           1  1 0.3217 0.4050 0.2733 
           2  1 0.3655 0.3613 0.2732 
           3  1 0.2669 0.3061 0.4271 
           4  1 0.2570 0.3964 0.3465 
           5  1 0.5025 0.2824 0.2151 
           6  1 0.3463 0.3533 0.3004 
           7  1 0.3396 0.2836 0.3768 
           8  1 0.3011 0.3227 0.3763 
           9  1 0.2462 0.4033 0.3505 
          10  1 0.1896 0.3541 0.4563 
          11  1 0.3802 0.2699 0.3500 
          12  1 0.2841 0.3010 0.4149 
          13  1 0.2627 0.3181 0.4193 
          14  1 0.3325 0.4067 0.2608 
          15  1 0.6114 0.2097 0.1790 
          16  1 0.3115 0.3354 0.3531 
          17  1 0.2834 0.3322 0.3844 
          18  1 0.3453 0.4494 0.2054 
          19  1 0.2812 0.4621 0.2568 
          20  1 0.2042 0.3506 0.4452 
          21  1 0.3089 0.3906 0.3005 
          22  1 0.2803 0.4356 0.2841 
          23  1 0.4571 0.2388 0.3041 
          24  1 0.2403 0.2786 0.4810 
          25  1 0.3379 0.4049 0.2572 
          26  1 0.3511 0.3524 0.2964 
          27  1 0.3088 0.3191 0.3721 
          28  1 0.4170 0.2514 0.3316 
          29  1 0.3262 0.4224 0.2515 
          30  1 0.2664 0.3630 0.3706 
          31  1 0.2547 0.3154 0.4299 
          32  1 0.5220 0.2598 0.2181 
          33  1 0.4437 0.2903 0.2660 
          34  1 0.3484 0.3653 0.2863 
          35  1 0.3530 0.3544 0.2926 
          36  1 0.4290 0.3269 0.2441 
          37  1 0.3924 0.3027 0.3049 
          38  1 0.3010 0.3692 0.3298 
          39  1 0.3407 0.3385 0.3208 
          40  1 0.3621 0.4072 0.2306 
          41  1 0.2317 0.3281 0.4403 
          42  1 0.4637 0.2297 0.3066 
          43  1 0.2355 0.4910 0.2735 
          44  1 0.2913 0.3464 0.3624 
          45  1 0.4635 0.2548 0.2817 
          46  1 0.3778 0.3313 0.2909 
          47  1 0.2239 0.4523 0.3238 
          48  1 0.6099 0.2187 0.1714 
          49  1 0.1630 0.3684 0.4685 
          50  1 0.3147 0.3586 0.3267 
          51  1 0.2509 0.4213 0.3277 
          52  1 0.2242 0.3015 0.4742 
          53  1 0.2836 0.4172 0.2992 
          54  1 0.3086 0.3447 0.3467 
          55  1 0.4943 0.3079 0.1978 
          56  1 0.5541 0.2305 0.2154 
          57  1 0.2641 0.3549 0.3810 
          58  1 0.6442 0.2162 0.1397 
          59  1 0.4445 0.2878 0.2677 
          60  1 0.2969 0.3395 0.3636 
          61  1 0.2544 0.3785 0.3671 
          62  1 0.3430 0.3197 0.3374 
          63  1 0.2787 0.2891 0.4322 
          64  1 0.2321 0.4193 0.3486 
          65  1 0.2930 0.3847 0.3223 
          66  1 0.2637 0.3500 0.3863 
          67  1 0.2160 0.2883 0.4956 
          68  1 0.3288 0.3060 0.3651 
          69  1 0.2681 0.3362 0.3957 
          70  1 0.3975 0.3131 0.2894 
          71  1 0.2919 0.3487 0.3595 
          72  1 0.2676 0.3022 0.4301 
          73  1 0.4136 0.3261 0.2603 
          74  1 0.2563 0.3867 0.3571 
          75  1 0.3076 0.2944 0.3980 
          76  1 0.2610 0.3747 0.3643 
          77  1 0.3968 0.2816 0.3216 
          78  1 0.2196 0.4222 0.3582 
          79  1 0.3911 0.2553 0.3536 
          80  1 0.2887 0.2890 0.4223 
          81  1 0.1804 0.3142 0.5054 
          82  1 0.4179 0.2839 0.2983 
          83  1 0.2147 0.2763 0.5090 
          84  1 0.3410 0.3197 0.3393 
          85  1 0.4056 0.2718 0.3226 
          86  1 0.4304 0.3144 0.2552 
          87  1 0.1933 0.3144 0.4923 
          88  1 0.4459 0.2990 0.2550 
          89  1 0.2564 0.4046 0.3391 
          90  1 0.3541 0.3559 0.2900 
          91  1 0.3470 0.3070 0.3460 
          92  1 0.4039 0.2895 0.3065 
          93  1 0.2284 0.2963 0.4753 
          94  1 0.2155 0.4835 0.3010 
          95  1 0.3791 0.3413 0.2796 
          96  1 0.3128 0.3260 0.3611 
          97  1 0.2588 0.2897 0.4515 
          98  1 0.2771 0.3026 0.4202 
          99  1 0.2368 0.3104 0.4528 
         100  1 0.3174 0.2869 0.3957 
         101  1 0.2633 0.3479 0.3888 
         102  1 0.4906 0.2729 0.2365 
         103  1 0.4586 0.3080 0.2334 
         104  1 0.3333 0.2879 0.3788 
         105  1 0.2901 0.3202 0.3896 
         106  1 0.2981 0.3501 0.3518 
         107  1 0.3471 0.3347 0.3182 
         108  1 0.3811 0.2590 0.3599 
         109  1 0.2880 0.3177 0.3944 
         110  1 0.2502 0.4150 0.3348 
         111  1 0.3520 0.3901 0.2579 
         112  1 0.3352 0.3845 0.2803 
         113  1 0.3885 0.3441 0.2674 
         114  1 0.2887 0.4076 0.3037 
         115  1 0.3351 0.3014 0.3634 
         116  1 0.3600 0.3439 0.2961 
         117  1 0.5641 0.2419 0.1940 
         118  1 0.2586 0.3475 0.3939 
         119  1 0.4965 0.2952 0.2084 
         120  1 0.5430 0.2624 0.1947 
         121  1 0.2688 0.3211 0.4100 
         122  1 0.1773 0.3186 0.5041 
         123  1 0.5059 0.2666 0.2276 
         124  1 0.2512 0.3521 0.3966 
         125  1 0.5254 0.2138 0.2608 
         126  1 0.2948 0.4430 0.2622 
         127  1 0.3666 0.3193 0.3142 
         128  1 0.4493 0.2836 0.2672 
         129  1 0.2734 0.3112 0.4154 
         130  1 0.2139 0.4273 0.3588 
         131  1 0.2564 0.3848 0.3588 
         132  1 0.5714 0.2565 0.1721 
         133  1 0.3844 0.3713 0.2443 
         134  1 0.3418 0.3738 0.2844 
         135  1 0.1844 0.4717 0.3439 
         136  1 0.3996 0.3174 0.2830 
         137  1 0.3032 0.4178 0.2790 
         138  1 0.4149 0.3541 0.2309 
         139  1 0.4311 0.3023 0.2666 
         140  1 0.2337 0.3350 0.4313 
         141  1 0.3336 0.3450 0.3214 
         142  1 0.5399 0.2502 0.2099 
         143  1 0.2549 0.3573 0.3878 
         144  1 0.3381 0.3220 0.3399 
         145  1 0.3870 0.3835 0.2295 
         146  1 0.2285 0.4082 0.3633 
         147  1 0.3323 0.3463 0.3214 
         148  1 0.2783 0.3208 0.4009 
         149  1 0.5066 0.2367 0.2568 
         150  1 0.1917 0.4081 0.4002 
         151  1 0.2185 0.3470 0.4345 
         152  1 0.2897 0.3742 0.3362 
         153  1 0.2813 0.2928 0.4259 
         154  1 0.3662 0.2990 0.3348 
         155  1 0.5699 0.2121 0.2180 
         156  1 0.2804 0.2986 0.4210 
         157  1 0.3641 0.3846 0.2513 
         158  1 0.3294 0.3924 0.2781 
         159  1 0.4588 0.2395 0.3016 
         160  1 0.4467 0.3126 0.2407 
         161  1 0.3713 0.4269 0.2018 
         162  1 0.3306 0.3411 0.3283 
         163  1 0.3028 0.3539 0.3433 
         164  1 0.5406 0.1993 0.2601 
         165  1 0.3140 0.3498 0.3362 
         166  1 0.3160 0.3644 0.3197 
         167  1 0.6095 0.2266 0.1639 
         168  1 0.3390 0.3021 0.3589 
         169  1 0.2720 0.3936 0.3343 
         170  1 0.1936 0.3493 0.4571 
         171  1 0.3943 0.2829 0.3228 
         172  1 0.2551 0.3557 0.3891 
         173  1 0.4507 0.3067 0.2426 
         174  1 0.3197 0.3392 0.3410 
         175  1 0.2249 0.4080 0.3671 
         176  1 0.2141 0.4047 0.3812 
         177  1 0.2219 0.2498 0.5282 
         178  1 0.3004 0.3500 0.3496 
         179  1 0.4031 0.3142 0.2827 
         180  1 0.2454 0.3293 0.4253 
         181  1 0.4942 0.2696 0.2362 
         182  1 0.2628 0.2130 0.5242 
         183  1 0.2851 0.4675 0.2474 
         184  1 0.2895 0.3493 0.3612 
         185  1 0.3710 0.3649 0.2641 
         186  1 0.3549 0.3328 0.3123 
         187  1 0.2697 0.4166 0.3137 
         188  1 0.4776 0.2856 0.2368 
         189  1 0.2537 0.3967 0.3496 
         190  1 0.2756 0.3081 0.4163 
         191  1 0.3438 0.4149 0.2414 
         192  1 0.3127 0.3693 0.3180 
         193  1 0.3153 0.3694 0.3152 
         194  1 0.4616 0.3012 0.2372 
         195  1 0.2564 0.3354 0.4083 
         196  1 0.2950 0.4205 0.2845 
         197  1 0.4797 0.2737 0.2466 
         198  1 0.3284 0.3821 0.2895 
         199  1 0.3063 0.2730 0.4207 
         200  1 0.4213 0.3172 0.2615 
         201  1 0.2221 0.2775 0.5004 
         202  1 0.3157 0.3456 0.3387 
         203  1 0.3289 0.2806 0.3904 
         204  1 0.2511 0.3142 0.4347 
         205  1 0.2836 0.3342 0.3822 
         206  1 0.2687 0.3284 0.4029 
         207  1 0.3870 0.3267 0.2864 
         208  1 0.2288 0.3631 0.4081 
         209  1 0.3472 0.3379 0.3148 
         210  1 0.2723 0.3588 0.3689 
         211  1 0.1877 0.3751 0.4372 
         212  1 0.3341 0.4215 0.2444 
         213  1 0.4134 0.3053 0.2813 
         214  1 0.2146 0.3975 0.3879 
         215  1 0.4170 0.3149 0.2681 
         216  1 0.3470 0.3007 0.3523 
         217  1 0.3601 0.4028 0.2372 
         218  1 0.5166 0.2644 0.2190 
         219  1 0.2693 0.3294 0.4014 
         220  1 0.3188 0.3590 0.3222 
         221  1 0.2833 0.2747 0.4420 
         222  1 0.3704 0.3640 0.2657 
         223  1 0.4292 0.3240 0.2468 
         224  1 0.2778 0.3186 0.4036 
         225  1 0.2175 0.3678 0.4147 
         226  1 0.3580 0.3431 0.2988 
         227  1 0.3277 0.2751 0.3971 
         228  1 0.3597 0.3105 0.3298 
         229  1 0.3141 0.3499 0.3361 
         230  1 0.2883 0.3997 0.3120 
         231  1 0.3036 0.3777 0.3187 
         232  1 0.3789 0.2891 0.3320 
         233  1 0.2466 0.4612 0.2922 
         234  1 0.3422 0.3636 0.2942 
         235  1 0.2708 0.3654 0.3638 
         236  1 0.4463 0.2924 0.2613 
         237  1 0.3284 0.3152 0.3564 
         238  1 0.2708 0.4279 0.3013 
         239  1 0.2544 0.3100 0.4356 
         240  1 0.3259 0.3364 0.3377 
         241  1 0.2661 0.3056 0.4283 
         242  1 0.3209 0.3120 0.3672 
         243  1 0.4291 0.2815 0.2894 
         244  1 0.2425 0.3583 0.3992 
         245  1 0.3459 0.2943 0.3598 
         246  1 0.4594 0.2591 0.2815 
         247  1 0.2661 0.3696 0.3643 
         248  1 0.2564 0.4611 0.2825 
         249  1 0.2659 0.3562 0.3779 
         250  1 0.5194 0.2562 0.2244 
         251  1 0.3840 0.3550 0.2610 
         252  1 0.2359 0.3481 0.4160 
         253  1 0.3659 0.2462 0.3879 
         254  1 0.3030 0.4179 0.2791 
         255  1 0.2933 0.2816 0.4251 
         256  1 0.4537 0.2945 0.2518 
         257  1 0.2876 0.3006 0.4118 
         258  1 0.3306 0.3113 0.3581 
         259  1 0.2378 0.3334 0.4288 
         260  1 0.3663 0.2320 0.4017 
         261  1 0.2622 0.3632 0.3746 
         262  1 0.3299 0.3187 0.3513 
         263  1 0.2255 0.4380 0.3366 
         264  1 0.3226 0.3205 0.3569 
         265  1 0.2328 0.4346 0.3326 
         266  1 0.3938 0.3197 0.2865 
         267  1 0.2551 0.3934 0.3515 
         268  1 0.2453 0.4656 0.2891 
         269  1 0.1976 0.3017 0.5007 
         270  1 0.2157 0.3873 0.3969 
         271  1 0.3320 0.3774 0.2906 
         272  1 0.2425 0.3514 0.4062 
         273  1 0.3196 0.3541 0.3263 
         274  1 0.2111 0.4377 0.3513 
         275  1 0.2225 0.3237 0.4538 
         276  1 0.4907 0.2389 0.2704 
         277  1 0.2332 0.2377 0.5291 
         278  1 0.1562 0.2708 0.5729 
         279  1 0.4533 0.2921 0.2546 
         280  1 0.4227 0.2895 0.2878 
         281  1 0.1959 0.4312 0.3730 
         282  1 0.2687 0.3171 0.4142 
         283  1 0.4300 0.2848 0.2852 
         284  1 0.3356 0.2600 0.4044 
         285  1 0.3386 0.3619 0.2995 
         286  1 0.2325 0.3763 0.3912 
         287  1 0.5121 0.2504 0.2375 
         288  1 0.2301 0.2649 0.5050 
         289  1 0.3443 0.3349 0.3208 
         290  1 0.2981 0.4231 0.2788 
         291  1 0.4071 0.3882 0.2047 
         292  1 0.3771 0.2960 0.3269 
         293  1 0.3100 0.3680 0.3220 
         294  1 0.2808 0.3148 0.4044 
         295  1 0.6688 0.1684 0.1628 
         296  1 0.3499 0.2564 0.3936 
         297  1 0.2791 0.3393 0.3816 
         298  1 0.4027 0.2878 0.3095 
         299  1 0.6209 0.1880 0.1910 
         300  1 0.3224 0.3220 0.3557 
         301  1 0.4068 0.2905 0.3027 
         302  1 0.5773 0.2581 0.1646 
         303  1 0.2411 0.4324 0.3265 
         304  1 0.3186 0.3057 0.3757 
         305  1 0.3705 0.3529 0.2766 
         306  1 0.4579 0.2278 0.3143 
         307  1 0.3234 0.3048 0.3718 
         308  1 0.3318 0.3371 0.3311 
         309  1 0.2250 0.3113 0.4637 
         310  1 0.2240 0.4049 0.3711 
         311  1 0.3560 0.2414 0.4026 
         312  1 0.2203 0.3349 0.4448 
         313  1 0.3395 0.3067 0.3538 
         314  1 0.3858 0.2924 0.3218 
         315  1 0.4092 0.2348 0.3560 
         316  1 0.3048 0.3348 0.3604 
         317  1 0.2223 0.3239 0.4538 
         318  1 0.1959 0.4211 0.3831 
         319  1 0.3859 0.3669 0.2472 
         320  1 0.5045 0.2068 0.2887 
         321  1 0.2982 0.4393 0.2625 
         322  1 0.2897 0.3897 0.3206 
         323  1 0.3501 0.2694 0.3805 
         324  1 0.2257 0.4236 0.3507 
         325  1 0.2867 0.3819 0.3313 
         326  1 0.2420 0.2661 0.4919 
         327  1 0.3274 0.3252 0.3474 
         328  1 0.3106 0.3618 0.3276 
         329  1 0.2945 0.2888 0.4167 
         330  1 0.2593 0.3480 0.3927 
         331  1 0.2792 0.3368 0.3840 
         332  1 0.2089 0.3396 0.4514 
         333  1 0.2703 0.2935 0.4362 
         334  1 0.2351 0.3584 0.4065 
         335  1 0.3417 0.2864 0.3720 
         336  1 0.3257 0.3088 0.3655 
         337  1 0.3127 0.3658 0.3215 
         338  1 0.2762 0.2640 0.4598 
         339  1 0.4224 0.2867 0.2909 
         340  1 0.2584 0.3944 0.3472 
         341  1 0.4881 0.2838 0.2281 
         342  1 0.2610 0.3032 0.4358 
         343  1 0.2268 0.2334 0.5398 
         344  1 0.2326 0.3352 0.4322 
         345  1 0.2530 0.2528 0.4942 
         346  1 0.3681 0.3380 0.2939 
         347  1 0.3437 0.3577 0.2985 
         348  1 0.4085 0.3028 0.2887 
         349  1 0.3174 0.3042 0.3783 
         350  1 0.3440 0.3697 0.2863 
         351  1 0.3749 0.3607 0.2644 
         352  1 0.3499 0.3141 0.3360 
         353  1 0.4806 0.2509 0.2685 
         354  1 0.2823 0.2621 0.4556 
         355  1 0.2538 0.3542 0.3919 
         356  1 0.3615 0.2852 0.3533 
         357  1 0.3405 0.3461 0.3134 
         358  1 0.3352 0.2914 0.3734 
         359  1 0.5347 0.2428 0.2225 
         360  1 0.3699 0.3700 0.2602 
         361  1 0.4439 0.2588 0.2973 
         362  1 0.2913 0.3756 0.3331 
         363  1 0.2308 0.4085 0.3607 
         364  1 0.2548 0.2882 0.4570 
         365  1 0.3719 0.3273 0.3008 
         366  1 0.4615 0.2590 0.2795 
         367  1 0.3500 0.3471 0.3029 
         368  1 0.3677 0.3786 0.2538 
         369  1 0.4494 0.2512 0.2994 
         370  1 0.4325 0.2752 0.2924 
         371  1 0.4217 0.2088 0.3695 
         372  1 0.4587 0.2839 0.2574 
         373  1 0.3850 0.3068 0.3082 
         374  1 0.3163 0.4113 0.2724 
         375  1 0.2739 0.3301 0.3960 
         376  1 0.3416 0.3767 0.2816 
         377  1 0.4063 0.4017 0.1920 
         378  1 0.3070 0.4418 0.2512 
         379  1 0.5483 0.2602 0.1914 
         380  1 0.4447 0.3534 0.2019 
         381  1 0.3481 0.3118 0.3401 
         382  1 0.3137 0.2965 0.3898 
         383  1 0.3594 0.2492 0.3914 
         384  1 0.3989 0.3552 0.2459 
         385  1 0.2000 0.3475 0.4525 
         386  1 0.6404 0.2051 0.1544 
         387  1 0.3215 0.3912 0.2873 
         388  1 0.4895 0.3025 0.2080 
         389  1 0.3152 0.2745 0.4103 
         390  1 0.2763 0.3245 0.3992 
         391  1 0.4903 0.2754 0.2343 
         392  1 0.3389 0.2473 0.4138 
         393  1 0.4394 0.3412 0.2195 
         394  1 0.1692 0.3469 0.4838 
         395  1 0.3079 0.3009 0.3911 
         396  1 0.2337 0.3604 0.4059 
         397  1 0.1977 0.3102 0.4922 
         398  1 0.3761 0.2980 0.3260 
         399  1 0.4131 0.3085 0.2784 
         400  1 0.4652 0.2552 0.2796 
         401  1 0.3354 0.3882 0.2764 
         402  1 0.3047 0.3547 0.3406 
         403  1 0.1744 0.3510 0.4747 
         404  1 0.3023 0.2822 0.4155 
         405  1 0.2437 0.3893 0.3670 
         406  1 0.3039 0.3324 0.3637 
         407  1 0.5132 0.2958 0.1909 
         408  1 0.3071 0.3983 0.2946 
         409  1 0.3326 0.3293 0.3380 
         410  1 0.3004 0.3247 0.3749 
         411  1 0.1904 0.3667 0.4429 
         412  1 0.3643 0.3893 0.2465 
         413  1 0.1815 0.3286 0.4899 
         414  1 0.3853 0.3877 0.2270 
         415  1 0.3862 0.3868 0.2269 
         416  1 0.2015 0.4856 0.3129 
         417  1 0.3446 0.3473 0.3081 
         418  1 0.3190 0.4047 0.2763 
         419  1 0.3199 0.3249 0.3552 
         420  1 0.2023 0.4656 0.3322 
         421  1 0.2363 0.3608 0.4030 
         422  1 0.2803 0.3375 0.3822 
         423  1 0.2526 0.4400 0.3074 
         424  1 0.2120 0.3781 0.4099 
         425  1 0.3566 0.3849 0.2584 
         426  1 0.4551 0.3117 0.2332 
         427  1 0.3974 0.3252 0.2773 
         428  1 0.3330 0.3698 0.2971 
         429  1 0.4852 0.2297 0.2851 
         430  1 0.3067 0.4149 0.2785 
         431  1 0.2226 0.3957 0.3817 
         432  1 0.4183 0.3336 0.2480 
         433  1 0.3660 0.3815 0.2524 
         434  1 0.2841 0.3708 0.3451 
         435  1 0.3154 0.3158 0.3688 
         436  1 0.3020 0.4262 0.2718 
         437  1 0.3914 0.3299 0.2787 
         438  1 0.5007 0.3014 0.1980 
         439  1 0.3006 0.3832 0.3163 
         440  1 0.2647 0.3038 0.4314 
         441  1 0.4188 0.3032 0.2780 
         442  1 0.2111 0.3648 0.4241 
         443  1 0.3292 0.3313 0.3395 
         444  1 0.4358 0.2640 0.3001 
         445  1 0.2919 0.3246 0.3834 
         446  1 0.2857 0.3340 0.3803 
         447  1 0.2744 0.3687 0.3569 
         448  1 0.4048 0.3101 0.2852 
         449  1 0.3526 0.3323 0.3151 
         450  1 0.2381 0.3448 0.4171 
         451  1 0.3808 0.2557 0.3635 
         452  1 0.2546 0.2241 0.5213 
         453  1 0.3299 0.3492 0.3209 
         454  1 0.1900 0.3617 0.4482 
         455  1 0.3057 0.3402 0.3540 
         456  1 0.4088 0.2717 0.3195 
         457  1 0.4211 0.3684 0.2105 
         458  1 0.3608 0.2392 0.3999 
         459  1 0.4575 0.2657 0.2768 
         460  1 0.2958 0.2936 0.4106 
         461  1 0.1935 0.4648 0.3417 
         462  1 0.1868 0.4095 0.4038 
         463  1 0.4404 0.3101 0.2495 
         464  1 0.3607 0.3039 0.3354 
         465  1 0.2983 0.3078 0.3939 
         466  1 0.4625 0.3312 0.2063 
         467  1 0.2757 0.3415 0.3827 
         468  1 0.3812 0.2763 0.3425 
         469  1 0.4191 0.3197 0.2612 
         470  1 0.4288 0.3289 0.2423 
         471  1 0.2425 0.2223 0.5352 
         472  1 0.4607 0.3116 0.2277 
         473  1 0.2835 0.4866 0.2300 
         474  1 0.2792 0.3112 0.4096 
         475  1 0.3221 0.3168 0.3611 
         476  1 0.3856 0.2540 0.3604 
         477  1 0.2949 0.3908 0.3143 
         478  1 0.2562 0.4473 0.2965 
         479  1 0.2464 0.3526 0.4010 
         480  1 0.3316 0.3999 0.2684 
         481  1 0.3041 0.3418 0.3540 
         482  1 0.4589 0.3201 0.2210 
         483  1 0.3496 0.2369 0.4135 
         484  1 0.1779 0.4637 0.3583 
         485  1 0.2319 0.3362 0.4319 
         486  1 0.3041 0.3456 0.3503 
         487  1 0.4120 0.3014 0.2866 
         488  1 0.3923 0.3153 0.2924 
         489  1 0.2812 0.3289 0.3899 
         490  1 0.4066 0.3411 0.2523 
         491  1 0.5386 0.2632 0.1983 
         492  1 0.3730 0.3012 0.3259 
         493  1 0.3285 0.3764 0.2951 
         494  1 0.4352 0.2728 0.2920 
         495  1 0.2214 0.2966 0.4819 
         496  1 0.2100 0.3254 0.4646 
         497  1 0.2383 0.4605 0.3012 
         498  1 0.2616 0.3928 0.3456 
         499  1 0.4261 0.3355 0.2383 
         500  1 0.4343 0.2734 0.2923 
         501  1 0.2633 0.3472 0.3895 
         502  1 0.3244 0.3213 0.3542 
         503  1 0.3026 0.3862 0.3113 
         504  1 0.2343 0.4265 0.3392 
         505  1 0.4372 0.2578 0.3050 
         506  1 0.2812 0.3675 0.3513 
         507  1 0.3493 0.2760 0.3747 
         508  1 0.1627 0.3669 0.4704 
         509  1 0.3198 0.2897 0.3905 
         510  1 0.2013 0.4390 0.3597 
         511  1 0.4698 0.2888 0.2414 
         512  1 0.1940 0.5233 0.2827 
         513  1 0.1717 0.4014 0.4269 
         514  1 0.2507 0.3755 0.3737 
         515  1 0.5936 0.2318 0.1746 
         516  1 0.3340 0.2732 0.3928 
         517  1 0.2832 0.2988 0.4179 
         518  1 0.2134 0.4030 0.3835 
         519  1 0.2457 0.4681 0.2862 
         520  1 0.4279 0.2993 0.2728 
         521  1 0.2981 0.3892 0.3127 
         522  1 0.2648 0.3847 0.3506 
         523  1 0.3764 0.3422 0.2814 
         524  1 0.2364 0.2909 0.4727 
         525  1 0.4107 0.3177 0.2716 
         526  1 0.3790 0.3107 0.3103 
         527  1 0.3033 0.3798 0.3169 
         528  1 0.5122 0.2714 0.2164 
         529  1 0.3223 0.3945 0.2832 
         530  1 0.4163 0.3385 0.2453 
         531  1 0.3956 0.2503 0.3541 
         532  1 0.1740 0.3093 0.5167 
         533  1 0.2265 0.4808 0.2927 
         534  1 0.4173 0.3078 0.2748 
         535  1 0.4013 0.3434 0.2553 
         536  1 0.2906 0.3738 0.3356 
         537  1 0.4354 0.3221 0.2424 
         538  1 0.3171 0.3059 0.3770 
         539  1 0.3744 0.3609 0.2647 
         540  1 0.4192 0.2529 0.3278 
         541  1 0.3441 0.3016 0.3543 
         542  1 0.5665 0.2305 0.2030 
         543  1 0.5795 0.2459 0.1745 
         544  1 0.4667 0.3013 0.2320 
         545  1 0.3462 0.3097 0.3441 
         546  1 0.5128 0.2455 0.2417 
         547  1 0.2907 0.3687 0.3406 
         548  1 0.3259 0.3300 0.3442 
         549  1 0.3242 0.3031 0.3727 
         550  1 0.3183 0.3522 0.3295 
         551  1 0.4988 0.2733 0.2279 
         552  1 0.3162 0.3567 0.3271 
         553  1 0.2659 0.3308 0.4033 
         554  1 0.5550 0.2926 0.1525 
         555  1 0.2773 0.3057 0.4170 
         556  1 0.1897 0.3972 0.4131 
         557  1 0.2858 0.4328 0.2815 
         558  1 0.4688 0.2040 0.3272 
         559  1 0.3171 0.3087 0.3743 
         560  1 0.5163 0.2723 0.2114 
         561  1 0.2966 0.2909 0.4125 
         562  1 0.4683 0.2756 0.2561 
         563  1 0.3299 0.3368 0.3332 
         564  1 0.3039 0.3186 0.3775 
         565  1 0.3549 0.3220 0.3231 
         566  1 0.2817 0.2758 0.4425 
         567  1 0.3894 0.2889 0.3217 
         568  1 0.3233 0.4419 0.2348 
         569  1 0.2416 0.3110 0.4474 
         570  1 0.3467 0.3150 0.3383 
         571  1 0.3455 0.3104 0.3441 
         572  1 0.2424 0.4422 0.3154 
         573  1 0.4011 0.2747 0.3242 
         574  1 0.2595 0.3291 0.4113 
         575  1 0.3513 0.2092 0.4395 
         576  1 0.3714 0.3223 0.3062 
         577  1 0.2657 0.3363 0.3980 
         578  1 0.3516 0.3227 0.3257 
         579  1 0.3384 0.2891 0.3725 
         580  1 0.2236 0.4057 0.3706 
         581  1 0.4553 0.2999 0.2448 
         582  1 0.2298 0.4059 0.3643 
         583  1 0.3954 0.3018 0.3027 
         584  1 0.3719 0.3566 0.2715 
         585  1 0.2891 0.3140 0.3969 
         586  1 0.3742 0.2458 0.3801 
         587  1 0.2116 0.4253 0.3631 
         588  1 0.2340 0.2736 0.4924 
         589  1 0.3977 0.3261 0.2762 
         590  1 0.2890 0.3035 0.4075 
         591  1 0.3776 0.3412 0.2812 
         592  1 0.2505 0.3812 0.3683 
         593  1 0.4152 0.3035 0.2813 
         594  1 0.4307 0.3398 0.2296 
         595  1 0.4119 0.3093 0.2788 
         596  1 0.2859 0.4515 0.2626 
         597  1 0.3582 0.3332 0.3085 
         598  1 0.4403 0.2403 0.3194 
         599  1 0.4664 0.2347 0.2989 
         600  1 0.3081 0.3760 0.3159 
         601  1 0.2683 0.3582 0.3736 
         602  1 0.2566 0.3565 0.3870 
         603  1 0.2754 0.4088 0.3158 
         604  1 0.3660 0.4112 0.2228 
         605  1 0.1822 0.4399 0.3779 
         606  1 0.4618 0.2730 0.2653 
         607  1 0.2499 0.3453 0.4048 
         608  1 0.2844 0.4456 0.2700 
         609  1 0.3599 0.3078 0.3323 
         610  1 0.2773 0.2328 0.4899 
         611  1 0.2836 0.3104 0.4059 
         612  1 0.3313 0.2816 0.3871 
         613  1 0.2650 0.3701 0.3649 
         614  1 0.4281 0.3090 0.2629 
         615  1 0.1685 0.4639 0.3676 
         616  1 0.2535 0.3117 0.4349 
         617  1 0.3247 0.4112 0.2641 
         618  1 0.1726 0.3016 0.5259 
         619  1 0.3203 0.3544 0.3253 
         620  1 0.5027 0.2577 0.2396 
         621  1 0.3569 0.3570 0.2860 
         622  1 0.2672 0.3347 0.3981 
         623  1 0.2505 0.3146 0.4349 
         624  1 0.2165 0.3223 0.4612 
         625  1 0.3868 0.2608 0.3524 
         626  1 0.2198 0.2698 0.5104 
         627  1 0.3790 0.3612 0.2598 
         628  1 0.2727 0.4334 0.2939 
         629  1 0.2829 0.3160 0.4011 
         630  1 0.3593 0.3232 0.3175 
         631  1 0.4175 0.3316 0.2509 
         632  1 0.5129 0.2546 0.2325 
         633  1 0.2903 0.3271 0.3826 
         634  1 0.2007 0.3416 0.4577 
         635  1 0.2518 0.3258 0.4225 
         636  1 0.3331 0.2987 0.3682 
         637  1 0.3529 0.3468 0.3003 
         638  1 0.1999 0.3125 0.4876 
         639  1 0.3050 0.4239 0.2711 
         640  1 0.3250 0.3131 0.3620 
         641  1 0.3090 0.3170 0.3740 
         642  1 0.2842 0.3474 0.3684 
         643  1 0.3004 0.4057 0.2939 
         644  1 0.1550 0.3104 0.5346 
         645  1 0.4753 0.2982 0.2266 
         646  1 0.3071 0.2831 0.4098 
         647  1 0.3781 0.3334 0.2885 
         648  1 0.2848 0.4534 0.2619 
         649  1 0.4697 0.2104 0.3199 
         650  1 0.3729 0.2752 0.3519 
         651  1 0.2302 0.6209 0.1490 
         652  1 0.5954 0.2272 0.1774 
         653  1 0.5600 0.2419 0.1982 
         654  1 0.3413 0.3554 0.3034 
         655  1 0.2496 0.4304 0.3200 
         656  1 0.1769 0.4511 0.3720 
         657  1 0.3041 0.3934 0.3025 
         658  1 0.4393 0.2711 0.2896 
         659  1 0.3769 0.3043 0.3188 
         660  1 0.3617 0.3869 0.2515 
         661  1 0.1948 0.4443 0.3609 
         662  1 0.2175 0.3064 0.4761 
         663  1 0.2683 0.3769 0.3548 
         664  1 0.4075 0.2928 0.2997 
         665  1 0.4307 0.3259 0.2435 
         666  1 0.3732 0.3972 0.2297 
         667  1 0.3643 0.2590 0.3767 
         668  1 0.2646 0.4269 0.3086 
         669  1 0.3999 0.3253 0.2748 
         670  1 0.3910 0.3064 0.3026 
         671  1 0.2252 0.4349 0.3399 
         672  1 0.5700 0.2407 0.1892 
         673  1 0.2809 0.3907 0.3284 
         674  1 0.2809 0.4046 0.3145 
         675  1 0.2538 0.4771 0.2691 
         676  1 0.2010 0.3612 0.4378 
         677  1 0.3015 0.2511 0.4475 
         678  1 0.3271 0.3208 0.3521 
         679  1 0.2871 0.3883 0.3247 
         680  1 0.2850 0.2983 0.4167 
         681  1 0.3592 0.3880 0.2528 
         682  1 0.1662 0.4416 0.3922 
         683  1 0.2486 0.3098 0.4415 
         684  1 0.4693 0.3492 0.1815 
         685  1 0.2933 0.3413 0.3654 
         686  1 0.3825 0.3457 0.2718 
         687  1 0.2635 0.4531 0.2834 
         688  1 0.3125 0.3663 0.3212 
         689  1 0.1602 0.4855 0.3543 
         690  1 0.3449 0.3774 0.2777 
         691  1 0.3660 0.4123 0.2217 
         692  1 0.3534 0.2673 0.3794 
         693  1 0.2295 0.3871 0.3834 
         694  1 0.4673 0.2714 0.2612 
         695  1 0.2236 0.4281 0.3483 
         696  1 0.3986 0.2939 0.3075 
         697  1 0.4544 0.2496 0.2961 
         698  1 0.2787 0.3687 0.3526 
         699  1 0.2323 0.4784 0.2893 
         700  1 0.2972 0.2538 0.4490 
         701  1 0.3020 0.3779 0.3201 
         702  1 0.4015 0.2892 0.3093 
         703  1 0.3332 0.3360 0.3308 
         704  1 0.2227 0.2612 0.5160 
         705  1 0.4870 0.2462 0.2668 
         706  1 0.3551 0.2747 0.3702 
         707  1 0.2786 0.3435 0.3779 
         708  1 0.4453 0.2685 0.2862 
         709  1 0.2710 0.3914 0.3376 
         710  1 0.4087 0.2954 0.2959 
         711  1 0.4176 0.3050 0.2774 
         712  1 0.2091 0.4844 0.3065 
         713  1 0.3533 0.2977 0.3490 
         714  1 0.3316 0.3130 0.3554 
         715  1 0.3295 0.3563 0.3143 
         716  1 0.2861 0.4071 0.3068 
         717  1 0.4349 0.3311 0.2340 
         718  1 0.3522 0.2482 0.3996 
         719  1 0.1857 0.3034 0.5109 
         720  1 0.4816 0.2590 0.2595 
         721  1 0.2441 0.3422 0.4138 
         722  1 0.3998 0.3220 0.2781 
         723  1 0.2850 0.2957 0.4193 
         724  1 0.3369 0.3730 0.2901 
         725  1 0.2538 0.3504 0.3957 
         726  1 0.3072 0.3334 0.3594 
         727  1 0.4085 0.3101 0.2814 
         728  1 0.3347 0.2967 0.3686 
         729  1 0.2379 0.4523 0.3098 
         730  1 0.5129 0.2365 0.2506 
         731  1 0.4250 0.3102 0.2648 
         732  1 0.4342 0.2710 0.2948 
         733  1 0.3201 0.3739 0.3060 
         734  1 0.3189 0.3834 0.2977 
         735  1 0.3463 0.2728 0.3808 
         736  1 0.3303 0.3270 0.3426 
         737  1 0.2471 0.4047 0.3482 
         738  1 0.3336 0.3227 0.3437 
         739  1 0.4484 0.3222 0.2295 
         740  1 0.4049 0.2951 0.3001 
         741  1 0.3346 0.3809 0.2845 
         742  1 0.2453 0.3525 0.4022 
         743  1 0.2183 0.5164 0.2653 
         744  1 0.2853 0.3951 0.3197 
         745  1 0.2980 0.2489 0.4531 
         746  1 0.2134 0.2464 0.5402 
         747  1 0.5056 0.2212 0.2732 
         748  1 0.3199 0.3188 0.3613 
         749  1 0.3451 0.3169 0.3381 
         750  1 0.3034 0.3346 0.3620 
         751  1 0.3973 0.3282 0.2745 
         752  1 0.2328 0.3632 0.4040 
         753  1 0.4121 0.2885 0.2994 
         754  1 0.4238 0.2326 0.3436 
         755  1 0.3751 0.3283 0.2966 
         756  1 0.3463 0.2355 0.4182 
         757  1 0.3590 0.3420 0.2990 
         758  1 0.5444 0.2237 0.2319 
         759  1 0.2702 0.3091 0.4208 
         760  1 0.1965 0.3738 0.4297 
         761  1 0.3172 0.3088 0.3740 
         762  1 0.6228 0.2171 0.1601 
         763  1 0.2491 0.3707 0.3801 
         764  1 0.3062 0.3042 0.3895 
         765  1 0.2411 0.2610 0.4978 
         766  1 0.4368 0.3190 0.2442 
         767  1 0.5233 0.2713 0.2054 
         768  1 0.4146 0.3222 0.2632 
         769  1 0.2968 0.2545 0.4488 
         770  1 0.1918 0.3262 0.4820 
         771  1 0.2410 0.3694 0.3896 
         772  1 0.2332 0.3531 0.4137 
         773  1 0.5261 0.2652 0.2087 
         774  1 0.4919 0.2427 0.2654 
         775  1 0.2650 0.2718 0.4632 
         776  1 0.2846 0.3719 0.3435 
         777  1 0.3358 0.3509 0.3133 
         778  1 0.2792 0.3949 0.3259 
         779  1 0.3048 0.3540 0.3412 
         780  1 0.2212 0.3421 0.4366 
         781  1 0.3836 0.3066 0.3098 
