           1  1 0.3266 0.2044 0.1159 0.1929 0.1602 
           2  1 0.2320 0.2332 0.1238 0.2348 0.1762 
           3  1 0.1798 0.2161 0.3167 0.1414 0.1460 
           4  1 0.2026 0.3292 0.1094 0.1201 0.2388 
           5  1 0.2201 0.1239 0.1656 0.3561 0.1343 
           6  1 0.2518 0.1541 0.1150 0.2006 0.2785 
           7  1 0.1482 0.1641 0.3530 0.2334 0.1013 
           8  1 0.2306 0.1308 0.2325 0.1604 0.2458 
           9  1 0.1484 0.4146 0.1774 0.1131 0.1464 
          10  1 0.2493 0.0806 0.1567 0.0779 0.4355 
          11  1 0.1785 0.1195 0.1981 0.1949 0.3090 
          12  1 0.1774 0.1601 0.1145 0.1524 0.3956 
          13  1 0.1593 0.1882 0.2272 0.1306 0.2948 
          14  1 0.1374 0.4427 0.1603 0.1707 0.0889 
          15  1 0.0973 0.1184 0.1340 0.5822 0.0681 
          16  1 0.2137 0.1147 0.3278 0.1749 0.1689 
          17  1 0.1505 0.3117 0.2213 0.1403 0.1762 
          18  1 0.2608 0.3423 0.0887 0.2114 0.0968 
          19  1 0.2632 0.3501 0.1410 0.1539 0.0919 
          20  1 0.1590 0.2799 0.2856 0.1016 0.1739 
          21  1 0.3545 0.0979 0.1242 0.1546 0.2688 
          22  1 0.2674 0.2975 0.2029 0.1324 0.0998 
          23  1 0.1578 0.1154 0.1231 0.3313 0.2724 
          24  1 0.1517 0.1457 0.1516 0.1179 0.4331 
          25  1 0.3467 0.1620 0.1978 0.1668 0.1268 
          26  1 0.2181 0.2252 0.1338 0.2449 0.1779 
          27  1 0.1616 0.2330 0.3136 0.1541 0.1377 
          28  1 0.1553 0.1007 0.1373 0.2538 0.3529 
          29  1 0.2445 0.3261 0.1393 0.1938 0.0962 
          30  1 0.2142 0.2826 0.1912 0.1509 0.1611 
          31  1 0.1890 0.1765 0.1921 0.1183 0.3241 
          32  1 0.1433 0.1315 0.1239 0.4662 0.1351 
          33  1 0.1558 0.2171 0.1471 0.3237 0.1563 
          34  1 0.2095 0.2652 0.1091 0.2105 0.2057 
          35  1 0.1840 0.3179 0.1355 0.2539 0.1087 
          36  1 0.1634 0.2449 0.2037 0.3020 0.0860 
          37  1 0.1742 0.2146 0.1572 0.2348 0.2192 
          38  1 0.2558 0.2192 0.2036 0.1701 0.1513 
          39  1 0.2439 0.1522 0.1295 0.2004 0.2740 
          40  1 0.3506 0.1192 0.2529 0.1991 0.0782 
          41  1 0.1900 0.1518 0.1493 0.1192 0.3897 
          42  1 0.1351 0.1020 0.2823 0.3440 0.1366 
          43  1 0.2826 0.3327 0.1244 0.1039 0.1564 
          44  1 0.1779 0.2420 0.2560 0.1379 0.1862 
          45  1 0.1865 0.1238 0.1219 0.2968 0.2710 
          46  1 0.2278 0.1381 0.2702 0.2381 0.1258 
          47  1 0.3202 0.2123 0.2173 0.1143 0.1359 
          48  1 0.1124 0.1335 0.1009 0.5740 0.0792 
          49  1 0.1580 0.3135 0.2445 0.0702 0.2138 
          50  1 0.1949 0.2740 0.2592 0.1645 0.1074 
          51  1 0.2755 0.2562 0.1186 0.1225 0.2272 
          52  1 0.1370 0.1011 0.2820 0.0946 0.3854 
          53  1 0.2820 0.2204 0.1956 0.1353 0.1666 
          54  1 0.1951 0.2729 0.1387 0.1612 0.2322 
          55  1 0.2362 0.1216 0.1551 0.3811 0.1060 
          56  1 0.1497 0.0885 0.1104 0.4884 0.1630 
          57  1 0.2064 0.1907 0.2102 0.1307 0.2621 
          58  1 0.1287 0.0847 0.0668 0.6346 0.0852 
          59  1 0.1871 0.1158 0.2970 0.2920 0.1080 
          60  1 0.1789 0.2311 0.2733 0.1569 0.1598 
          61  1 0.2253 0.1809 0.3404 0.1190 0.1343 
          62  1 0.2165 0.0791 0.1938 0.1982 0.3125 
          63  1 0.1792 0.1398 0.3227 0.1437 0.2146 
          64  1 0.2825 0.1634 0.1619 0.1184 0.2738 
          65  1 0.2708 0.1832 0.2539 0.1552 0.1368 
          66  1 0.2143 0.2315 0.2034 0.1390 0.2117 
          67  1 0.1366 0.1156 0.1248 0.0795 0.5433 
          68  1 0.1470 0.1997 0.3903 0.1454 0.1176 
          69  1 0.2540 0.0880 0.2375 0.1125 0.3080 
          70  1 0.1835 0.1737 0.1549 0.2826 0.2053 
          71  1 0.1820 0.1660 0.1238 0.1230 0.4051 
          72  1 0.1499 0.1320 0.1296 0.1194 0.4691 
          73  1 0.2014 0.2256 0.1498 0.2859 0.1373 
          74  1 0.1997 0.2252 0.2573 0.1234 0.1944 
          75  1 0.1551 0.2550 0.2024 0.1853 0.2022 
          76  1 0.2607 0.1750 0.2616 0.1213 0.1814 
          77  1 0.1885 0.1730 0.1843 0.2654 0.1887 
          78  1 0.3332 0.1859 0.1591 0.1031 0.2187 
          79  1 0.1209 0.1209 0.0949 0.2603 0.4030 
          80  1 0.1812 0.1556 0.2841 0.1520 0.2271 
          81  1 0.1751 0.1058 0.2660 0.0872 0.3658 
          82  1 0.2021 0.1048 0.1668 0.2990 0.2274 
          83  1 0.0836 0.0991 0.6661 0.0758 0.0754 
          84  1 0.1770 0.1640 0.3543 0.1652 0.1395 
          85  1 0.1847 0.1417 0.1907 0.2489 0.2341 
          86  1 0.2893 0.0962 0.1807 0.2921 0.1416 
          87  1 0.1907 0.1185 0.2225 0.0793 0.3890 
          88  1 0.2113 0.1838 0.1431 0.3098 0.1520 
          89  1 0.2189 0.2751 0.2814 0.1238 0.1008 
          90  1 0.2397 0.1182 0.2955 0.2147 0.1319 
          91  1 0.1981 0.1844 0.2127 0.2026 0.2021 
          92  1 0.1808 0.0958 0.1947 0.2711 0.2577 
          93  1 0.1688 0.1732 0.3235 0.1115 0.2230 
          94  1 0.2815 0.3006 0.1616 0.0966 0.1596 
          95  1 0.2455 0.1498 0.1495 0.2397 0.2155 
          96  1 0.1729 0.2735 0.1980 0.1919 0.1637 
          97  1 0.1631 0.1233 0.1813 0.1349 0.3974 
          98  1 0.1686 0.1915 0.2717 0.1491 0.2191 
          99  1 0.1725 0.1474 0.2194 0.1169 0.3438 
         100  1 0.1455 0.2229 0.1987 0.1622 0.2706 
         101  1 0.1850 0.2099 0.2570 0.1239 0.2242 
         102  1 0.1507 0.1546 0.1819 0.4145 0.0982 
         103  1 0.1318 0.3026 0.1448 0.3268 0.0939 
         104  1 0.2018 0.1418 0.2220 0.1942 0.2402 
         105  1 0.1493 0.2908 0.1702 0.1460 0.2437 
         106  1 0.2540 0.1925 0.2009 0.1755 0.1771 
         107  1 0.2885 0.0909 0.1872 0.2095 0.2238 
         108  1 0.1660 0.0896 0.1934 0.2143 0.3368 
         109  1 0.1475 0.2340 0.3367 0.1359 0.1459 
         110  1 0.1406 0.5068 0.0987 0.1204 0.1335 
         111  1 0.2777 0.1865 0.1967 0.2362 0.1029 
         112  1 0.1830 0.3440 0.1572 0.1911 0.1246 
         113  1 0.3082 0.1145 0.1339 0.2034 0.2400 
         114  1 0.1901 0.3360 0.2109 0.1456 0.1174 
         115  1 0.2048 0.1083 0.1813 0.1886 0.3171 
         116  1 0.2530 0.1323 0.2201 0.2309 0.1637 
         117  1 0.1596 0.1200 0.0941 0.4786 0.1477 
         118  1 0.1354 0.4026 0.1672 0.1277 0.1670 
         119  1 0.1847 0.2015 0.1482 0.3661 0.0994 
         120  1 0.1478 0.1943 0.0971 0.4490 0.1118 
         121  1 0.1771 0.2623 0.2621 0.1270 0.1714 
         122  1 0.1728 0.1401 0.2190 0.0819 0.3863 
         123  1 0.1562 0.1389 0.1129 0.4519 0.1401 
         124  1 0.2401 0.1220 0.2230 0.1148 0.3001 
         125  1 0.1453 0.0891 0.1724 0.4065 0.1867 
         126  1 0.3704 0.1593 0.1527 0.1629 0.1547 
         127  1 0.1903 0.1469 0.1076 0.2219 0.3333 
         128  1 0.2204 0.0854 0.1524 0.3558 0.1860 
         129  1 0.1591 0.0931 0.1712 0.1253 0.4514 
         130  1 0.2541 0.2393 0.1052 0.1040 0.2973 
         131  1 0.3038 0.1088 0.2482 0.1239 0.2152 
         132  1 0.1560 0.1125 0.0927 0.5403 0.0985 
         133  1 0.1769 0.3498 0.1012 0.2591 0.1130 
         134  1 0.2779 0.1618 0.2162 0.1826 0.1616 
         135  1 0.1712 0.5087 0.0800 0.0860 0.1542 
         136  1 0.1943 0.1628 0.2861 0.2319 0.1249 
         137  1 0.3233 0.1299 0.1986 0.1599 0.1883 
         138  1 0.2813 0.1718 0.1359 0.2434 0.1676 
         139  1 0.1757 0.2248 0.0876 0.2661 0.2459 
         140  1 0.1786 0.1152 0.3599 0.1111 0.2352 
         141  1 0.1696 0.3031 0.0982 0.1976 0.2315 
         142  1 0.1451 0.1107 0.1588 0.4909 0.0945 
         143  1 0.2758 0.1055 0.2687 0.1223 0.2277 
         144  1 0.1834 0.1991 0.3142 0.1826 0.1208 
         145  1 0.2092 0.3227 0.1374 0.2136 0.1172 
         146  1 0.2285 0.2705 0.1646 0.1062 0.2302 
         147  1 0.1910 0.2329 0.2818 0.1778 0.1165 
         148  1 0.1463 0.2723 0.2553 0.1294 0.1967 
         149  1 0.1547 0.1142 0.1437 0.3916 0.1958 
         150  1 0.1697 0.4040 0.1376 0.0878 0.2009 
         151  1 0.1567 0.3389 0.1702 0.1081 0.2261 
         152  1 0.2585 0.1904 0.2338 0.1314 0.1859 
         153  1 0.1574 0.2022 0.3385 0.1527 0.1492 
         154  1 0.1916 0.1750 0.2009 0.1987 0.2338 
         155  1 0.1346 0.1024 0.1620 0.4743 0.1268 
         156  1 0.1672 0.2100 0.1824 0.1405 0.2999 
         157  1 0.3189 0.1397 0.1712 0.1860 0.1843 
         158  1 0.3480 0.1015 0.1366 0.1654 0.2484 
         159  1 0.1428 0.1337 0.1616 0.3378 0.2241 
         160  1 0.2432 0.1469 0.1249 0.3007 0.1844 
         161  1 0.3138 0.2420 0.0898 0.2590 0.0954 
         162  1 0.1640 0.3328 0.1408 0.1872 0.1751 
         163  1 0.1815 0.3253 0.1475 0.1730 0.1727 
         164  1 0.1193 0.0705 0.2407 0.4577 0.1118 
         165  1 0.2371 0.1717 0.2335 0.1588 0.1990 
         166  1 0.2620 0.1415 0.1349 0.1526 0.3089 
         167  1 0.1229 0.1133 0.0717 0.5481 0.1439 
         168  1 0.1809 0.1995 0.1932 0.2025 0.2239 
         169  1 0.2672 0.1473 0.1351 0.1430 0.3074 
         170  1 0.1596 0.3640 0.1366 0.0868 0.2530 
         171  1 0.1749 0.1762 0.1834 0.2797 0.1858 
         172  1 0.1441 0.4040 0.1736 0.1107 0.1676 
         173  1 0.1931 0.1754 0.1098 0.2850 0.2368 
         174  1 0.2257 0.1508 0.3266 0.1554 0.1414 
         175  1 0.2419 0.2820 0.1670 0.1154 0.1937 
         176  1 0.1596 0.4333 0.1721 0.1023 0.1326 
         177  1 0.1319 0.0919 0.4661 0.0983 0.2117 
         178  1 0.2309 0.1848 0.1800 0.1417 0.2624 
         179  1 0.2158 0.1503 0.1733 0.2676 0.1930 
         180  1 0.1612 0.2418 0.2179 0.1155 0.2635 
         181  1 0.1557 0.1791 0.1172 0.3720 0.1760 
         182  1 0.0677 0.0565 0.7207 0.0749 0.0801 
         183  1 0.2861 0.3549 0.1036 0.1518 0.1035 
         184  1 0.1888 0.2449 0.2143 0.1438 0.2082 
         185  1 0.2490 0.2103 0.1681 0.2373 0.1353 
         186  1 0.1830 0.2712 0.2061 0.2168 0.1228 
         187  1 0.2095 0.3470 0.1170 0.1353 0.1912 
         188  1 0.1604 0.2044 0.1614 0.3612 0.1126 
         189  1 0.2354 0.2701 0.2262 0.1289 0.1394 
         190  1 0.1385 0.2551 0.1501 0.1298 0.3266 
         191  1 0.3103 0.2026 0.1234 0.2037 0.1601 
         192  1 0.2792 0.1009 0.2258 0.1467 0.2474 
         193  1 0.2258 0.2582 0.1679 0.1642 0.1839 
         194  1 0.2185 0.1377 0.1684 0.3681 0.1073 
         195  1 0.2271 0.1330 0.1671 0.1085 0.3643 
         196  1 0.2657 0.2553 0.1405 0.1685 0.1699 
         197  1 0.1388 0.1662 0.2211 0.3703 0.1035 
         198  1 0.1880 0.3139 0.0884 0.1965 0.2131 
         199  1 0.1623 0.0811 0.4578 0.1572 0.1416 
         200  1 0.1920 0.2238 0.1047 0.2824 0.1970 
         201  1 0.1510 0.1211 0.3983 0.0964 0.2333 
         202  1 0.1833 0.2385 0.2740 0.1690 0.1351 
         203  1 0.1842 0.1257 0.2881 0.1755 0.2264 
         204  1 0.1484 0.2484 0.2637 0.1088 0.2308 
         205  1 0.2240 0.1378 0.2883 0.1557 0.1941 
         206  1 0.2005 0.1210 0.1700 0.1233 0.3851 
         207  1 0.2789 0.1083 0.2470 0.2029 0.1629 
         208  1 0.1803 0.2968 0.2395 0.1049 0.1785 
         209  1 0.2948 0.1075 0.1371 0.2007 0.2599 
         210  1 0.2041 0.2527 0.1630 0.1502 0.2301 
         211  1 0.2972 0.1276 0.2699 0.0901 0.2152 
         212  1 0.1954 0.3663 0.1393 0.2169 0.0821 
         213  1 0.2012 0.1565 0.1431 0.2993 0.2000 
         214  1 0.2198 0.1179 0.1141 0.0856 0.4627 
         215  1 0.1797 0.2102 0.1731 0.2956 0.1415 
         216  1 0.1937 0.1568 0.1476 0.1869 0.3150 
         217  1 0.2579 0.2435 0.1182 0.2460 0.1344 
         218  1 0.1702 0.1326 0.0978 0.4284 0.1710 
         219  1 0.1412 0.3605 0.1950 0.1405 0.1627 
         220  1 0.2732 0.1242 0.2434 0.1414 0.2178 
         221  1 0.1159 0.0995 0.5275 0.1052 0.1519 
         222  1 0.2869 0.1864 0.1394 0.2377 0.1496 
         223  1 0.2649 0.1339 0.1416 0.2904 0.1692 
         224  1 0.2337 0.1477 0.2113 0.1376 0.2698 
         225  1 0.3061 0.1006 0.1752 0.0950 0.3231 
         226  1 0.1832 0.3045 0.1254 0.2263 0.1607 
         227  1 0.1799 0.1202 0.1646 0.1649 0.3703 
         228  1 0.1909 0.2177 0.1942 0.2310 0.1662 
         229  1 0.2125 0.1941 0.2631 0.1846 0.1456 
         230  1 0.1263 0.5350 0.1104 0.1403 0.0880 
         231  1 0.2821 0.2177 0.1664 0.1744 0.1594 
         232  1 0.1885 0.0840 0.3747 0.2090 0.1437 
         233  1 0.2240 0.4049 0.1080 0.1352 0.1279 
         234  1 0.2443 0.2144 0.1417 0.1932 0.2064 
         235  1 0.2229 0.2420 0.2399 0.1551 0.1401 
         236  1 0.1589 0.2013 0.2215 0.3172 0.1011 
         237  1 0.2422 0.1235 0.2939 0.1755 0.1649 
         238  1 0.3128 0.2438 0.1468 0.1394 0.1572 
         239  1 0.1335 0.3414 0.1758 0.1376 0.2117 
         240  1 0.1931 0.2232 0.2418 0.2116 0.1303 
         241  1 0.1993 0.1367 0.1766 0.1253 0.3622 
         242  1 0.1894 0.1272 0.2498 0.1768 0.2567 
         243  1 0.1679 0.1331 0.1638 0.3218 0.2135 
         244  1 0.2555 0.1236 0.3307 0.1117 0.1784 
         245  1 0.1424 0.2720 0.1614 0.2388 0.1854 
         246  1 0.1391 0.1963 0.1626 0.3207 0.1812 
         247  1 0.1977 0.2831 0.1566 0.1327 0.2299 
         248  1 0.2798 0.2807 0.1136 0.1234 0.2026 
         249  1 0.2283 0.2611 0.1376 0.1556 0.2174 
         250  1 0.1447 0.1667 0.1504 0.4366 0.1016 
         251  1 0.3066 0.1666 0.1260 0.2514 0.1495 
         252  1 0.2588 0.1172 0.1648 0.1199 0.3393 
         253  1 0.1487 0.1261 0.1789 0.2594 0.2870 
         254  1 0.1962 0.3899 0.0996 0.1649 0.1495 
         255  1 0.1268 0.1673 0.4391 0.1333 0.1335 
         256  1 0.2420 0.1176 0.1409 0.3085 0.1910 
         257  1 0.1301 0.1844 0.0827 0.1281 0.4748 
         258  1 0.1734 0.2073 0.2816 0.1797 0.1580 
         259  1 0.1558 0.1917 0.1281 0.0987 0.4257 
         260  1 0.1558 0.1223 0.2357 0.2086 0.2776 
         261  1 0.2012 0.2769 0.1166 0.1292 0.2761 
         262  1 0.1798 0.2110 0.2536 0.2069 0.1487 
         263  1 0.2620 0.2751 0.1638 0.1002 0.1990 
         264  1 0.2273 0.1649 0.2623 0.1902 0.1554 
         265  1 0.3148 0.1947 0.2440 0.0970 0.1494 
         266  1 0.2399 0.1545 0.1274 0.2786 0.1996 
         267  1 0.2522 0.1808 0.3346 0.1284 0.1040 
         268  1 0.1937 0.4282 0.0876 0.1280 0.1625 
         269  1 0.1330 0.2602 0.2880 0.0925 0.2262 
         270  1 0.2151 0.2519 0.2753 0.0967 0.1611 
         271  1 0.2491 0.1939 0.1937 0.1903 0.1730 
         272  1 0.1852 0.2221 0.1292 0.1101 0.3535 
         273  1 0.2264 0.1462 0.2778 0.1826 0.1669 
         274  1 0.1202 0.5604 0.1343 0.0877 0.0974 
         275  1 0.1438 0.2562 0.3649 0.1088 0.1263 
         276  1 0.1741 0.0854 0.1373 0.3405 0.2627 
         277  1 0.0886 0.1222 0.5915 0.0870 0.1107 
         278  1 0.1413 0.1874 0.3275 0.0709 0.2729 
         279  1 0.1737 0.1762 0.2460 0.2991 0.1050 
         280  1 0.1775 0.2129 0.1995 0.2556 0.1545 
         281  1 0.3120 0.2064 0.1566 0.0904 0.2346 
         282  1 0.1344 0.2520 0.0966 0.1179 0.3992 
         283  1 0.1601 0.1741 0.2668 0.2804 0.1186 
         284  1 0.1293 0.0930 0.5016 0.1723 0.1038 
         285  1 0.2447 0.1648 0.1163 0.1741 0.3000 
         286  1 0.2045 0.1816 0.2645 0.1043 0.2451 
         287  1 0.1373 0.1673 0.1719 0.4177 0.1059 
         288  1 0.0771 0.0686 0.7175 0.0695 0.0673 
         289  1 0.2066 0.2389 0.1860 0.2174 0.1511 
         290  1 0.3079 0.2325 0.1354 0.1640 0.1602 
         291  1 0.2691 0.2466 0.0890 0.2854 0.1100 
         292  1 0.1926 0.1189 0.2127 0.2291 0.2467 
         293  1 0.1340 0.4328 0.0986 0.1759 0.1587 
         294  1 0.1981 0.1833 0.2167 0.1366 0.2653 
         295  1 0.1029 0.0679 0.0647 0.6103 0.1542 
         296  1 0.1224 0.1539 0.4422 0.1690 0.1124 
         297  1 0.1686 0.2806 0.2431 0.1492 0.1585 
         298  1 0.1363 0.1560 0.0777 0.1802 0.4497 
         299  1 0.1108 0.0726 0.0899 0.5955 0.1312 
         300  1 0.1511 0.3075 0.1704 0.1730 0.1981 
         301  1 0.1674 0.1784 0.1839 0.2664 0.2039 
         302  1 0.1304 0.1242 0.0944 0.5797 0.0714 
         303  1 0.3037 0.2694 0.1342 0.1250 0.1676 
         304  1 0.1537 0.1762 0.1262 0.1587 0.3852 
         305  1 0.2476 0.2244 0.1855 0.2247 0.1178 
         306  1 0.1180 0.0835 0.4150 0.2833 0.1001 
         307  1 0.1842 0.1809 0.1773 0.1956 0.2621 
         308  1 0.2275 0.1570 0.2298 0.1695 0.2162 
         309  1 0.1720 0.2149 0.2446 0.1090 0.2596 
         310  1 0.2244 0.2256 0.3136 0.1101 0.1263 
         311  1 0.1457 0.1034 0.3348 0.2258 0.1902 
         312  1 0.1412 0.3112 0.2758 0.1049 0.1669 
         313  1 0.1694 0.1650 0.2432 0.2217 0.2007 
         314  1 0.2340 0.0958 0.2239 0.2108 0.2355 
         315  1 0.1614 0.1013 0.2763 0.2483 0.2127 
         316  1 0.2122 0.2086 0.1696 0.1699 0.2397 
         317  1 0.1281 0.3141 0.2990 0.0949 0.1639 
         318  1 0.1628 0.4819 0.1230 0.0976 0.1348 
         319  1 0.2500 0.2021 0.1419 0.2601 0.1459 
         320  1 0.1210 0.0981 0.2280 0.4044 0.1484 
         321  1 0.2466 0.3462 0.1167 0.1667 0.1237 
         322  1 0.2910 0.1844 0.1679 0.1401 0.2165 
         323  1 0.1266 0.1652 0.3821 0.1918 0.1344 
         324  1 0.3524 0.1591 0.1624 0.1134 0.2128 
         325  1 0.1644 0.3600 0.1472 0.1511 0.1773 
         326  1 0.1272 0.1284 0.4741 0.1024 0.1679 
         327  1 0.1788 0.2791 0.1458 0.2058 0.1906 
         328  1 0.2133 0.1944 0.1242 0.1391 0.3289 
         329  1 0.1882 0.1417 0.2356 0.1556 0.2789 
         330  1 0.2640 0.0954 0.1722 0.1122 0.3561 
         331  1 0.2245 0.1571 0.2914 0.1656 0.1614 
         332  1 0.2058 0.2674 0.1441 0.1144 0.2684 
         333  1 0.1671 0.1583 0.3468 0.1373 0.1905 
         334  1 0.1547 0.3472 0.1898 0.1007 0.2076 
         335  1 0.1766 0.1750 0.1992 0.2124 0.2367 
         336  1 0.1869 0.1482 0.2811 0.1638 0.2201 
         337  1 0.1632 0.3650 0.1733 0.1773 0.1213 
         338  1 0.1519 0.1084 0.2002 0.1285 0.4110 
         339  1 0.1858 0.1107 0.1107 0.2577 0.3351 
         340  1 0.2109 0.3457 0.1402 0.1177 0.1855 
         341  1 0.1926 0.1315 0.1989 0.3759 0.1012 
         342  1 0.1438 0.1302 0.1129 0.1173 0.4958 
         343  1 0.1102 0.1235 0.2400 0.0892 0.4371 
         344  1 0.1374 0.3626 0.1526 0.1036 0.2438 
         345  1 0.1457 0.1635 0.3029 0.1339 0.2539 
         346  1 0.2139 0.2141 0.1644 0.2247 0.1830 
         347  1 0.2643 0.1090 0.1198 0.1744 0.3325 
         348  1 0.1754 0.2226 0.1476 0.2565 0.1980 
         349  1 0.1369 0.1886 0.4270 0.1375 0.1101 
         350  1 0.2276 0.2329 0.1429 0.2095 0.1871 
         351  1 0.1962 0.2711 0.1799 0.2215 0.1313 
         352  1 0.1443 0.2443 0.2200 0.1990 0.1925 
         353  1 0.1757 0.1032 0.2649 0.3326 0.1235 
         354  1 0.1401 0.1188 0.1834 0.1215 0.4362 
         355  1 0.1987 0.2360 0.2168 0.1459 0.2026 
         356  1 0.1468 0.1924 0.1480 0.2261 0.2867 
         357  1 0.2384 0.1613 0.2013 0.2084 0.1906 
         358  1 0.1582 0.1564 0.3356 0.1850 0.1647 
         359  1 0.1615 0.1501 0.1245 0.3704 0.1935 
         360  1 0.2048 0.2875 0.1313 0.2502 0.1262 
         361  1 0.1491 0.1147 0.1455 0.2945 0.2963 
         362  1 0.1794 0.3001 0.1851 0.1589 0.1765 
         363  1 0.1868 0.3718 0.1689 0.1056 0.1670 
         364  1 0.1550 0.2860 0.2340 0.1407 0.1843 
         365  1 0.1750 0.2626 0.1450 0.2181 0.1993 
         366  1 0.1575 0.1778 0.1782 0.3157 0.1709 
         367  1 0.2019 0.2119 0.2050 0.2334 0.1478 
         368  1 0.3128 0.1274 0.0893 0.2287 0.2417 
         369  1 0.1958 0.1005 0.2783 0.2835 0.1419 
         370  1 0.1768 0.1073 0.2682 0.2786 0.1690 
         371  1 0.1215 0.1094 0.3181 0.2611 0.1899 
         372  1 0.1826 0.1462 0.1591 0.3746 0.1375 
         373  1 0.1896 0.1836 0.2109 0.2602 0.1557 
         374  1 0.2191 0.2225 0.2378 0.1802 0.1404 
         375  1 0.1890 0.1751 0.1873 0.1282 0.3204 
         376  1 0.2132 0.2719 0.2034 0.1670 0.1446 
         377  1 0.3801 0.1382 0.0982 0.2649 0.1186 
         378  1 0.3762 0.1746 0.1561 0.1643 0.1287 
         379  1 0.1315 0.1405 0.1065 0.5215 0.1001 
         380  1 0.3536 0.0992 0.1148 0.2883 0.1441 
         381  1 0.1907 0.1887 0.2400 0.2048 0.1758 
         382  1 0.1917 0.1630 0.2487 0.1957 0.2009 
         383  1 0.1574 0.1138 0.2684 0.2236 0.2368 
         384  1 0.1561 0.3283 0.0689 0.3175 0.1292 
         385  1 0.2195 0.2287 0.1603 0.0926 0.2988 
         386  1 0.1262 0.0771 0.0801 0.6173 0.0993 
         387  1 0.2910 0.1710 0.1227 0.1813 0.2340 
         388  1 0.1758 0.1790 0.0937 0.4207 0.1309 
         389  1 0.1299 0.1845 0.3975 0.1466 0.1415 
         390  1 0.2047 0.1063 0.1378 0.1475 0.4037 
         391  1 0.1840 0.1490 0.0871 0.3663 0.2135 
         392  1 0.1460 0.1089 0.2973 0.1968 0.2510 
         393  1 0.1460 0.3023 0.0762 0.3614 0.1141 
         394  1 0.1703 0.1047 0.2023 0.0691 0.4535 
         395  1 0.1554 0.2366 0.2576 0.1634 0.1870 
         396  1 0.1982 0.3293 0.1517 0.1194 0.2015 
         397  1 0.1295 0.3342 0.2983 0.0909 0.1471 
         398  1 0.1983 0.1526 0.1031 0.2126 0.3335 
         399  1 0.1832 0.1961 0.1187 0.2853 0.2166 
         400  1 0.1468 0.1206 0.3022 0.3194 0.1110 
         401  1 0.2501 0.2578 0.1067 0.2024 0.1830 
         402  1 0.2086 0.2480 0.2056 0.1753 0.1624 
         403  1 0.1728 0.2480 0.2904 0.0783 0.2106 
         404  1 0.1586 0.1232 0.1648 0.1244 0.4289 
         405  1 0.2105 0.2722 0.1471 0.1223 0.2479 
         406  1 0.2648 0.1137 0.1735 0.1692 0.2788 
         407  1 0.1438 0.2119 0.1234 0.4427 0.0782 
         408  1 0.2862 0.2308 0.1594 0.1576 0.1660 
         409  1 0.2067 0.2372 0.1332 0.1936 0.2293 
         410  1 0.2054 0.1833 0.2026 0.1594 0.2494 
         411  1 0.1830 0.2602 0.3052 0.0798 0.1718 
         412  1 0.2842 0.2022 0.0682 0.1822 0.2633 
         413  1 0.1591 0.2061 0.4074 0.0754 0.1520 
         414  1 0.3189 0.1753 0.1160 0.2378 0.1520 
         415  1 0.3613 0.0981 0.0904 0.2321 0.2180 
         416  1 0.1320 0.5756 0.1195 0.0913 0.0816 
         417  1 0.2175 0.1244 0.1028 0.1678 0.3874 
         418  1 0.2828 0.1935 0.1689 0.1740 0.1808 
         419  1 0.2495 0.1092 0.2239 0.1685 0.2489 
         420  1 0.2007 0.3910 0.1863 0.0935 0.1286 
         421  1 0.2613 0.1757 0.1846 0.1177 0.2606 
         422  1 0.2499 0.1464 0.2123 0.1273 0.2641 
         423  1 0.2843 0.2558 0.1989 0.1459 0.1150 
         424  1 0.1676 0.3599 0.2033 0.0992 0.1700 
         425  1 0.2610 0.1522 0.2863 0.1995 0.1010 
         426  1 0.2662 0.1073 0.1364 0.3019 0.1882 
         427  1 0.2099 0.1155 0.0941 0.2146 0.3658 
         428  1 0.2030 0.1912 0.1430 0.1985 0.2642 
         429  1 0.1161 0.1014 0.3535 0.3028 0.1262 
         430  1 0.3336 0.1419 0.1503 0.1597 0.2145 
         431  1 0.2411 0.2694 0.1803 0.1032 0.2060 
         432  1 0.1962 0.2228 0.1858 0.2890 0.1062 
         433  1 0.2581 0.2214 0.1206 0.2835 0.1164 
         434  1 0.1807 0.2840 0.1348 0.1335 0.2670 
         435  1 0.1650 0.2700 0.1691 0.1612 0.2347 
         436  1 0.3493 0.1300 0.2686 0.1515 0.1006 
         437  1 0.1806 0.2764 0.1184 0.2778 0.1468 
         438  1 0.2044 0.1348 0.0830 0.4384 0.1395 
         439  1 0.2986 0.1295 0.2113 0.1477 0.2129 
         440  1 0.1378 0.1367 0.4776 0.1137 0.1342 
         441  1 0.2086 0.1766 0.1979 0.2717 0.1452 
         442  1 0.1892 0.2780 0.1889 0.0990 0.2450 
         443  1 0.1577 0.2309 0.2725 0.2028 0.1361 
         444  1 0.1583 0.1682 0.1461 0.3379 0.1895 
         445  1 0.2167 0.0852 0.2666 0.1643 0.2672 
         446  1 0.1894 0.1535 0.1430 0.1298 0.3843 
         447  1 0.1530 0.3707 0.1100 0.1424 0.2240 
         448  1 0.1769 0.2137 0.1272 0.2439 0.2382 
         449  1 0.1294 0.2431 0.3650 0.1756 0.0869 
         450  1 0.1763 0.1771 0.4073 0.1030 0.1363 
         451  1 0.1459 0.1193 0.3606 0.2437 0.1305 
         452  1 0.1211 0.1179 0.3773 0.1331 0.2505 
         453  1 0.1831 0.2658 0.2160 0.2019 0.1333 
         454  1 0.1732 0.2776 0.3386 0.0853 0.1254 
         455  1 0.2746 0.1074 0.1165 0.1569 0.3447 
         456  1 0.1549 0.1047 0.1165 0.1696 0.4543 
         457  1 0.3248 0.1263 0.1545 0.2961 0.0984 
         458  1 0.1107 0.0685 0.5453 0.1845 0.0911 
         459  1 0.2094 0.1152 0.1473 0.3232 0.2049 
         460  1 0.1567 0.2264 0.1413 0.1634 0.3122 
         461  1 0.1054 0.6027 0.1097 0.0783 0.1039 
         462  1 0.2478 0.1377 0.1220 0.0786 0.4139 
         463  1 0.2638 0.1028 0.1701 0.3257 0.1376 
         464  1 0.2167 0.1412 0.1637 0.2579 0.2205 
         465  1 0.1924 0.1132 0.1869 0.1311 0.3764 
         466  1 0.2698 0.1631 0.1125 0.3264 0.1282 
         467  1 0.1974 0.1298 0.4314 0.1395 0.1018 
         468  1 0.1698 0.1765 0.2670 0.2442 0.1426 
         469  1 0.2221 0.1726 0.1883 0.2761 0.1410 
         470  1 0.2293 0.1810 0.1134 0.3240 0.1522 
         471  1 0.0876 0.0952 0.6213 0.0904 0.1055 
         472  1 0.1452 0.2565 0.0883 0.3842 0.1257 
         473  1 0.3838 0.2260 0.1167 0.1572 0.1163 
         474  1 0.1513 0.3118 0.1853 0.1217 0.2299 
         475  1 0.2544 0.1316 0.1790 0.1884 0.2466 
         476  1 0.1616 0.0923 0.1935 0.2213 0.3313 
         477  1 0.2802 0.1727 0.2351 0.1358 0.1762 
         478  1 0.1799 0.4606 0.1051 0.1247 0.1298 
         479  1 0.2351 0.1329 0.2298 0.1208 0.2814 
         480  1 0.1957 0.3964 0.1216 0.1913 0.0950 
         481  1 0.2553 0.1430 0.2761 0.1651 0.1604 
         482  1 0.1947 0.1941 0.1187 0.3652 0.1273 
         483  1 0.1439 0.1109 0.2368 0.1919 0.3165 
         484  1 0.2728 0.1623 0.0851 0.0724 0.4073 
         485  1 0.1889 0.1071 0.1334 0.0987 0.4719 
         486  1 0.1927 0.2510 0.2357 0.1717 0.1489 
         487  1 0.1793 0.1792 0.1606 0.2714 0.2096 
         488  1 0.2488 0.1014 0.1331 0.2367 0.2800 
         489  1 0.1878 0.2601 0.1600 0.1546 0.2375 
         490  1 0.2439 0.1917 0.1296 0.2811 0.1537 
         491  1 0.1493 0.1832 0.1026 0.4573 0.1076 
         492  1 0.2282 0.1210 0.2783 0.1786 0.1938 
         493  1 0.3147 0.1584 0.1403 0.1896 0.1970 
         494  1 0.2074 0.1150 0.1372 0.2913 0.2490 
         495  1 0.0975 0.1151 0.6423 0.0806 0.0644 
         496  1 0.1556 0.2690 0.1631 0.0906 0.3218 
         497  1 0.2564 0.3577 0.1673 0.1221 0.0965 
         498  1 0.1455 0.4294 0.1742 0.1215 0.1295 
         499  1 0.1749 0.2493 0.1066 0.3446 0.1246 
         500  1 0.1657 0.1162 0.3361 0.2881 0.0939 
         501  1 0.1950 0.2444 0.2120 0.1319 0.2168 
         502  1 0.2190 0.1581 0.2432 0.1617 0.2181 
         503  1 0.1923 0.3643 0.1396 0.1680 0.1358 
         504  1 0.2805 0.2848 0.1183 0.1096 0.2068 
         505  1 0.1795 0.1124 0.2359 0.3101 0.1621 
         506  1 0.2506 0.1710 0.2339 0.1442 0.2003 
         507  1 0.1415 0.1993 0.2009 0.2230 0.2354 
         508  1 0.1272 0.4603 0.1366 0.0716 0.2043 
         509  1 0.1883 0.1100 0.3251 0.1467 0.2299 
         510  1 0.2168 0.3381 0.1549 0.0871 0.2030 
         511  1 0.1785 0.1878 0.1395 0.3548 0.1395 
         512  1 0.1369 0.5962 0.0877 0.0799 0.0993 
         513  1 0.2351 0.2277 0.2937 0.0799 0.1637 
         514  1 0.1645 0.3714 0.1245 0.1329 0.2067 
         515  1 0.1080 0.1637 0.0881 0.5591 0.0811 
         516  1 0.1618 0.1063 0.2825 0.1691 0.2803 
         517  1 0.1921 0.0867 0.3319 0.1335 0.2558 
         518  1 0.1648 0.3839 0.1074 0.0970 0.2469 
         519  1 0.3691 0.1783 0.1598 0.1260 0.1668 
         520  1 0.1958 0.1565 0.2532 0.2647 0.1299 
         521  1 0.2746 0.2165 0.1159 0.1662 0.2268 
         522  1 0.2585 0.1774 0.1950 0.1208 0.2484 
         523  1 0.2487 0.1912 0.1865 0.2326 0.1411 
         524  1 0.1320 0.0719 0.5707 0.0995 0.1259 
         525  1 0.2197 0.1618 0.1521 0.2861 0.1802 
         526  1 0.1328 0.3446 0.1670 0.2050 0.1506 
         527  1 0.2171 0.2597 0.1759 0.1751 0.1722 
         528  1 0.1782 0.1240 0.0800 0.4284 0.1895 
         529  1 0.2690 0.1946 0.2197 0.1733 0.1434 
         530  1 0.2524 0.1542 0.1089 0.2487 0.2359 
         531  1 0.1584 0.0978 0.1456 0.2430 0.3552 
         532  1 0.1177 0.0956 0.6505 0.0616 0.0747 
         533  1 0.1140 0.5955 0.1106 0.1092 0.0707 
         534  1 0.2175 0.1447 0.1365 0.2781 0.2232 
         535  1 0.1769 0.2215 0.2585 0.2497 0.0934 
         536  1 0.1995 0.2742 0.2660 0.1449 0.1153 
         537  1 0.1938 0.1989 0.1123 0.3044 0.1906 
         538  1 0.1908 0.1408 0.2579 0.1621 0.2483 
         539  1 0.1829 0.2772 0.1680 0.2169 0.1549 
         540  1 0.1356 0.1544 0.2367 0.2545 0.2188 
         541  1 0.2396 0.1108 0.1948 0.2006 0.2542 
         542  1 0.1540 0.1246 0.1432 0.4513 0.1269 
         543  1 0.1979 0.0770 0.0954 0.4918 0.1379 
         544  1 0.2236 0.1147 0.1506 0.3954 0.1157 
         545  1 0.1740 0.2325 0.1565 0.2363 0.2007 
         546  1 0.1301 0.1627 0.1469 0.4354 0.1249 
         547  1 0.2503 0.1416 0.2261 0.1486 0.2334 
         548  1 0.1891 0.2176 0.1533 0.1794 0.2607 
         549  1 0.1953 0.1771 0.1830 0.1654 0.2792 
         550  1 0.1908 0.2931 0.1227 0.1755 0.2180 
         551  1 0.1638 0.1558 0.1439 0.3943 0.1422 
         552  1 0.1644 0.3518 0.1434 0.1734 0.1670 
         553  1 0.1874 0.2004 0.2466 0.1221 0.2435 
         554  1 0.1770 0.1591 0.0742 0.4931 0.0967 
         555  1 0.1796 0.1509 0.1872 0.1269 0.3554 
         556  1 0.1602 0.4052 0.2167 0.0922 0.1257 
         557  1 0.3237 0.1704 0.1406 0.1655 0.1998 
         558  1 0.1311 0.0852 0.2518 0.3351 0.1969 
         559  1 0.1729 0.1789 0.1437 0.1631 0.3414 
         560  1 0.1942 0.1319 0.0956 0.3919 0.1864 
         561  1 0.1759 0.1348 0.2549 0.1359 0.2985 
         562  1 0.1597 0.2009 0.1525 0.3662 0.1208 
         563  1 0.2905 0.1311 0.1844 0.1789 0.2151 
         564  1 0.1826 0.2375 0.1465 0.1584 0.2750 
         565  1 0.2394 0.1708 0.1934 0.1998 0.1966 
         566  1 0.1439 0.1790 0.1352 0.1248 0.4172 
         567  1 0.1891 0.1090 0.2999 0.2061 0.1959 
         568  1 0.2877 0.2765 0.1162 0.2057 0.1139 
         569  1 0.1446 0.2561 0.3422 0.1088 0.1484 
         570  1 0.1638 0.2146 0.2999 0.2217 0.1001 
         571  1 0.1970 0.1848 0.1864 0.1914 0.2403 
         572  1 0.1417 0.5104 0.1136 0.1220 0.1123 
         573  1 0.1689 0.1123 0.1873 0.2253 0.3062 
         574  1 0.2205 0.1486 0.2860 0.1210 0.2240 
         575  1 0.1186 0.1042 0.3408 0.2096 0.2268 
         576  1 0.2245 0.1311 0.1130 0.1937 0.3377 
         577  1 0.1559 0.2962 0.2085 0.1410 0.1984 
         578  1 0.2077 0.1002 0.3871 0.1865 0.1185 
         579  1 0.1614 0.1950 0.2490 0.1950 0.1996 
         580  1 0.2457 0.2390 0.1231 0.0957 0.2965 
         581  1 0.1892 0.1244 0.2774 0.3289 0.0801 
         582  1 0.3065 0.1670 0.2642 0.1139 0.1483 
         583  1 0.2192 0.1308 0.1598 0.2815 0.2087 
         584  1 0.3041 0.1526 0.1309 0.1937 0.2187 
         585  1 0.1587 0.1961 0.2383 0.1269 0.2799 
         586  1 0.1723 0.0997 0.2159 0.2289 0.2831 
         587  1 0.2066 0.2709 0.2802 0.0947 0.1475 
         588  1 0.1545 0.1504 0.2939 0.1140 0.2871 
         589  1 0.2480 0.1574 0.1631 0.2477 0.1838 
         590  1 0.1788 0.1895 0.2632 0.1561 0.2123 
         591  1 0.2871 0.1246 0.2014 0.2051 0.1819 
         592  1 0.1943 0.2998 0.2298 0.1095 0.1667 
         593  1 0.2286 0.1194 0.2286 0.2541 0.1693 
         594  1 0.2192 0.1842 0.1282 0.3373 0.1310 
         595  1 0.2019 0.2218 0.1781 0.2544 0.1438 
         596  1 0.2925 0.2762 0.1752 0.1599 0.0962 
         597  1 0.2173 0.2009 0.1712 0.2291 0.1815 
         598  1 0.1300 0.1489 0.1709 0.3361 0.2141 
         599  1 0.1562 0.0875 0.2822 0.3392 0.1349 
         600  1 0.2244 0.2270 0.2211 0.1835 0.1440 
         601  1 0.2006 0.1973 0.1511 0.1086 0.3424 
         602  1 0.1864 0.2545 0.3098 0.1170 0.1323 
         603  1 0.2624 0.2473 0.1148 0.1628 0.2127 
         604  1 0.2857 0.2499 0.1254 0.2226 0.1163 
         605  1 0.1845 0.3993 0.1105 0.0808 0.2249 
         606  1 0.1973 0.1050 0.1337 0.3501 0.2140 
         607  1 0.1681 0.1574 0.1146 0.0944 0.4655 
         608  1 0.3127 0.2489 0.1431 0.1706 0.1248 
         609  1 0.2142 0.1640 0.1137 0.2318 0.2762 
         610  1 0.1369 0.0857 0.3578 0.1258 0.2938 
         611  1 0.2397 0.1038 0.2349 0.1373 0.2844 
         612  1 0.1556 0.1593 0.2815 0.1785 0.2251 
         613  1 0.2273 0.2155 0.2372 0.1392 0.1807 
         614  1 0.2018 0.1964 0.1452 0.2553 0.2014 
         615  1 0.2050 0.4095 0.1162 0.0743 0.1949 
         616  1 0.2022 0.1388 0.1752 0.1146 0.3692 
         617  1 0.2897 0.2042 0.2077 0.1811 0.1173 
         618  1 0.1747 0.1724 0.3326 0.0808 0.2395 
         619  1 0.2824 0.0919 0.2261 0.1760 0.2237 
         620  1 0.1493 0.1104 0.0839 0.3329 0.3234 
         621  1 0.2288 0.2195 0.1781 0.2268 0.1468 
         622  1 0.1650 0.1630 0.1163 0.1015 0.4543 
         623  1 0.1975 0.1692 0.1780 0.1437 0.3116 
         624  1 0.1827 0.1893 0.3774 0.0951 0.1555 
         625  1 0.1409 0.1534 0.1082 0.2391 0.3584 
         626  1 0.1355 0.1465 0.4068 0.0947 0.2166 
         627  1 0.1757 0.3227 0.1014 0.2501 0.1501 
         628  1 0.2139 0.3629 0.1362 0.1425 0.1445 
         629  1 0.1866 0.1683 0.2551 0.1450 0.2451 
         630  1 0.1753 0.2728 0.1410 0.2108 0.2000 
         631  1 0.2079 0.2286 0.1537 0.2954 0.1144 
         632  1 0.1757 0.1230 0.1138 0.4214 0.1661 
         633  1 0.2066 0.2131 0.1511 0.1735 0.2557 
         634  1 0.1845 0.1646 0.4291 0.0928 0.1289 
         635  1 0.1304 0.2971 0.1132 0.1146 0.3447 
         636  1 0.1597 0.2124 0.2130 0.1886 0.2264 
         637  1 0.1970 0.2823 0.1809 0.2124 0.1274 
         638  1 0.1384 0.1938 0.4363 0.0940 0.1376 
         639  1 0.3255 0.2095 0.1288 0.1594 0.1768 
         640  1 0.1771 0.2132 0.1906 0.1792 0.2399 
         641  1 0.2291 0.1630 0.1809 0.1727 0.2543 
         642  1 0.1892 0.1258 0.4093 0.1359 0.1399 
         643  1 0.1812 0.4225 0.1179 0.1435 0.1349 
         644  1 0.1479 0.1084 0.3765 0.0660 0.3013 
         645  1 0.2000 0.1721 0.1679 0.3275 0.1325 
         646  1 0.1416 0.1940 0.3185 0.1635 0.1824 
         647  1 0.1358 0.3694 0.1168 0.2287 0.1493 
         648  1 0.3931 0.1437 0.0928 0.1281 0.2423 
         649  1 0.1352 0.0841 0.2660 0.2599 0.2547 
         650  1 0.1752 0.1017 0.2309 0.1808 0.3114 
         651  1 0.7439 0.0650 0.0498 0.0758 0.0655 
         652  1 0.1379 0.1133 0.0830 0.5324 0.1333 
         653  1 0.1400 0.1195 0.1717 0.4870 0.0818 
         654  1 0.2276 0.2167 0.1440 0.1943 0.2175 
         655  1 0.2060 0.1970 0.0858 0.1106 0.4006 
         656  1 0.0977 0.6127 0.0841 0.0646 0.1409 
         657  1 0.2996 0.1950 0.2135 0.1749 0.1170 
         658  1 0.1866 0.1065 0.1153 0.3052 0.2865 
         659  1 0.1907 0.1981 0.1386 0.2614 0.2112 
         660  1 0.2039 0.2636 0.2425 0.2123 0.0777 
         661  1 0.2411 0.1884 0.4052 0.0738 0.0915 
         662  1 0.1797 0.1433 0.3770 0.0934 0.2065 
         663  1 0.2477 0.2396 0.1564 0.1459 0.2104 
         664  1 0.1697 0.1840 0.1409 0.2206 0.2848 
         665  1 0.2087 0.2128 0.1179 0.3100 0.1505 
         666  1 0.3612 0.1592 0.1016 0.2371 0.1409 
         667  1 0.1780 0.0848 0.2607 0.2192 0.2572 
         668  1 0.3184 0.1564 0.1050 0.1116 0.3086 
         669  1 0.2649 0.1334 0.1330 0.2412 0.2274 
         670  1 0.1526 0.2394 0.2758 0.2127 0.1196 
         671  1 0.1079 0.5544 0.1416 0.0955 0.1007 
         672  1 0.1421 0.1200 0.1198 0.5094 0.1087 
         673  1 0.1867 0.2955 0.2551 0.1418 0.1210 
         674  1 0.2204 0.3188 0.1666 0.1442 0.1501 
         675  1 0.1996 0.4785 0.0863 0.1194 0.1162 
         676  1 0.2231 0.1344 0.3972 0.0807 0.1646 
         677  1 0.1437 0.1043 0.3556 0.1390 0.2573 
         678  1 0.1797 0.2072 0.2341 0.1979 0.1812 
         679  1 0.2186 0.3136 0.1800 0.1688 0.1190 
         680  1 0.2008 0.1275 0.3310 0.1479 0.1928 
         681  1 0.1994 0.3614 0.0995 0.1856 0.1541 
         682  1 0.2125 0.2573 0.1309 0.0689 0.3304 
         683  1 0.1633 0.2035 0.1599 0.1274 0.3460 
         684  1 0.2702 0.1819 0.0821 0.3291 0.1367 
         685  1 0.2071 0.2820 0.1562 0.1718 0.1829 
         686  1 0.2382 0.2286 0.1362 0.2094 0.1876 
         687  1 0.2635 0.3411 0.1260 0.1413 0.1279 
         688  1 0.2928 0.0973 0.1370 0.1625 0.3105 
         689  1 0.1198 0.6265 0.0758 0.0649 0.1131 
         690  1 0.2370 0.2125 0.1235 0.2175 0.2095 
         691  1 0.2222 0.3060 0.1281 0.2476 0.0961 
         692  1 0.1320 0.1146 0.4297 0.1847 0.1389 
         693  1 0.2830 0.1307 0.2397 0.1029 0.2437 
         694  1 0.1696 0.1521 0.1921 0.3062 0.1800 
         695  1 0.1628 0.4764 0.1208 0.0903 0.1497 
         696  1 0.1973 0.1184 0.2410 0.2399 0.2033 
         697  1 0.1565 0.1410 0.2176 0.2926 0.1923 
         698  1 0.1574 0.3529 0.0922 0.1284 0.2691 
         699  1 0.1950 0.4584 0.1130 0.1050 0.1285 
         700  1 0.1260 0.0865 0.1866 0.1558 0.4452 
         701  1 0.2369 0.2383 0.1385 0.1767 0.2097 
         702  1 0.1923 0.1663 0.1611 0.2445 0.2358 
         703  1 0.2766 0.0861 0.2844 0.2049 0.1480 
         704  1 0.1255 0.1347 0.2076 0.0965 0.4358 
         705  1 0.1709 0.1272 0.1605 0.3593 0.1821 
         706  1 0.1793 0.1395 0.1872 0.1754 0.3186 
         707  1 0.2016 0.1511 0.1425 0.1361 0.3687 
         708  1 0.1839 0.1284 0.2173 0.2884 0.1820 
         709  1 0.1835 0.2540 0.3249 0.1319 0.1057 
         710  1 0.1704 0.1533 0.2923 0.2579 0.1262 
         711  1 0.2112 0.1614 0.1865 0.2965 0.1444 
         712  1 0.2073 0.4613 0.1393 0.0875 0.1047 
         713  1 0.1698 0.1935 0.1209 0.1801 0.3357 
         714  1 0.2085 0.1276 0.1623 0.1938 0.3079 
         715  1 0.2405 0.1875 0.1509 0.2014 0.2197 
         716  1 0.1843 0.3970 0.1387 0.1253 0.1546 
         717  1 0.2642 0.1265 0.1196 0.3524 0.1373 
         718  1 0.1304 0.1496 0.2606 0.1985 0.2608 
         719  1 0.1513 0.1254 0.2156 0.0787 0.4290 
         720  1 0.1484 0.1337 0.1432 0.3934 0.1812 
         721  1 0.1507 0.3157 0.2513 0.1201 0.1622 
         722  1 0.2984 0.0805 0.2034 0.2816 0.1362 
         723  1 0.1756 0.1736 0.2478 0.1455 0.2575 
         724  1 0.1305 0.4978 0.0862 0.1600 0.1256 
         725  1 0.1772 0.2813 0.2595 0.1243 0.1578 
         726  1 0.1778 0.2083 0.2778 0.1596 0.1766 
         727  1 0.1679 0.2479 0.1965 0.2636 0.1241 
         728  1 0.1795 0.0898 0.0973 0.1847 0.4487 
         729  1 0.3058 0.2314 0.1368 0.1106 0.2154 
         730  1 0.1598 0.1032 0.1573 0.3988 0.1809 
         731  1 0.2188 0.1769 0.1290 0.3097 0.1655 
         732  1 0.1732 0.1295 0.1584 0.3421 0.1967 
         733  1 0.1648 0.3777 0.1140 0.1866 0.1568 
         734  1 0.2967 0.1604 0.1915 0.1686 0.1829 
         735  1 0.1761 0.1167 0.1653 0.1596 0.3822 
         736  1 0.2298 0.1240 0.1524 0.2205 0.2732 
         737  1 0.1151 0.5353 0.1203 0.1257 0.1036 
         738  1 0.1934 0.1415 0.2184 0.1891 0.2577 
         739  1 0.2700 0.1399 0.1264 0.3199 0.1438 
         740  1 0.2042 0.1784 0.1272 0.2655 0.2248 
         741  1 0.3088 0.1589 0.1433 0.2068 0.1823 
         742  1 0.2142 0.1210 0.1644 0.1115 0.3889 
         743  1 0.1540 0.5735 0.0934 0.1065 0.0727 
         744  1 0.1417 0.4387 0.1034 0.1512 0.1651 
         745  1 0.1342 0.1189 0.1819 0.1149 0.4501 
         746  1 0.1309 0.1212 0.2742 0.0899 0.3838 
         747  1 0.1190 0.1345 0.1832 0.4141 0.1491 
         748  1 0.1478 0.3113 0.1821 0.1904 0.1684 
         749  1 0.1493 0.2965 0.1157 0.2039 0.2346 
         750  1 0.2176 0.1767 0.2427 0.1817 0.1813 
         751  1 0.2162 0.1493 0.1560 0.2691 0.2094 
         752  1 0.1607 0.3462 0.1172 0.1035 0.2724 
         753  1 0.1429 0.2603 0.1467 0.3058 0.1443 
         754  1 0.1401 0.0951 0.3321 0.2821 0.1507 
         755  1 0.1869 0.2571 0.1930 0.2205 0.1425 
         756  1 0.1065 0.0715 0.0893 0.1609 0.5718 
         757  1 0.2826 0.1328 0.1875 0.2130 0.1841 
         758  1 0.1426 0.1022 0.1914 0.4592 0.1046 
         759  1 0.1660 0.2402 0.2179 0.1474 0.2285 
         760  1 0.1461 0.3856 0.2110 0.0869 0.1704 
         761  1 0.2011 0.1575 0.2597 0.1773 0.2045 
         762  1 0.1464 0.1151 0.1052 0.5314 0.1019 
         763  1 0.1900 0.2328 0.1967 0.1213 0.2592 
         764  1 0.2038 0.1324 0.1863 0.1435 0.3340 
         765  1 0.1471 0.1144 0.4343 0.1080 0.1963 
         766  1 0.2174 0.1618 0.1236 0.2967 0.2006 
         767  1 0.1445 0.1898 0.1106 0.4499 0.1052 
         768  1 0.2567 0.1406 0.1647 0.2653 0.1728 
         769  1 0.1540 0.1023 0.3368 0.1582 0.2486 
