           1  1 0.2984 0.0678 0.1047 0.1797 0.1248 0.1277 0.0968 
           2  1 0.1643 0.0688 0.1402 0.2349 0.1518 0.1324 0.1077 
           3  1 0.1191 0.2459 0.1034 0.1102 0.0781 0.1893 0.1539 
           4  1 0.1112 0.0542 0.1226 0.1061 0.0534 0.3198 0.2327 
           5  1 0.1637 0.1231 0.1113 0.1284 0.2801 0.0953 0.0981 
           6  1 0.2346 0.0710 0.1638 0.0987 0.1655 0.1047 0.1617 
           7  1 0.1005 0.3958 0.0613 0.0781 0.1959 0.0944 0.0741 
           8  1 0.1849 0.1484 0.1797 0.1396 0.1083 0.0992 0.1400 
           9  1 0.1047 0.1421 0.0869 0.1015 0.0742 0.2902 0.2003 
          10  1 0.1412 0.0607 0.3056 0.1666 0.0385 0.0774 0.2100 
          11  1 0.1237 0.0957 0.2112 0.1402 0.1152 0.1279 0.1861 
          12  1 0.1237 0.0561 0.2346 0.1814 0.0869 0.1136 0.2038 
          13  1 0.0960 0.1521 0.1923 0.0727 0.0668 0.1767 0.2433 
          14  1 0.1035 0.1097 0.0632 0.1038 0.1269 0.3012 0.1917 
          15  1 0.0537 0.0833 0.0417 0.0507 0.6503 0.0674 0.0530 
          16  1 0.1446 0.3179 0.1169 0.1183 0.1302 0.0763 0.0958 
          17  1 0.1023 0.1174 0.1535 0.1642 0.0746 0.2199 0.1681 
          18  1 0.1468 0.0429 0.0955 0.1378 0.1172 0.2752 0.1846 
          19  1 0.2470 0.0942 0.0712 0.1007 0.0974 0.2300 0.1595 
          20  1 0.1086 0.2137 0.1180 0.2303 0.0618 0.1664 0.1011 
          21  1 0.2541 0.0648 0.1923 0.1741 0.0976 0.0725 0.1445 
          22  1 0.2774 0.1738 0.0633 0.1033 0.0801 0.1870 0.1150 
          23  1 0.1152 0.0730 0.1787 0.1133 0.2795 0.0880 0.1523 
          24  1 0.1186 0.0934 0.2412 0.1349 0.0697 0.1227 0.2194 
          25  1 0.2515 0.1138 0.1334 0.1361 0.0843 0.1530 0.1279 
          26  1 0.1602 0.0838 0.1175 0.1226 0.1567 0.1988 0.1605 
          27  1 0.1216 0.2401 0.0916 0.0950 0.0937 0.2003 0.1577 
          28  1 0.1027 0.0829 0.2287 0.1261 0.1924 0.0771 0.1901 
          29  1 0.1667 0.0737 0.1193 0.2371 0.1202 0.1838 0.0992 
          30  1 0.1559 0.1124 0.1309 0.2043 0.0873 0.1875 0.1217 
          31  1 0.1299 0.1205 0.1983 0.1684 0.0632 0.1353 0.1844 
          32  1 0.0898 0.0742 0.0739 0.0722 0.5387 0.0777 0.0734 
          33  1 0.1079 0.0942 0.1016 0.1520 0.3387 0.1134 0.0923 
          34  1 0.1400 0.0595 0.1450 0.2395 0.1483 0.1471 0.1207 
          35  1 0.1171 0.0786 0.0913 0.2441 0.1929 0.1862 0.0898 
          36  1 0.1087 0.1621 0.0709 0.0964 0.2162 0.2030 0.1428 
          37  1 0.1443 0.0929 0.1499 0.1547 0.1663 0.1458 0.1460 
          38  1 0.2648 0.1429 0.0931 0.0947 0.1276 0.1501 0.1268 
          39  1 0.1073 0.0547 0.2367 0.2416 0.1057 0.1074 0.1467 
          40  1 0.3335 0.2070 0.0797 0.1002 0.1247 0.0848 0.0700 
          41  1 0.1122 0.0657 0.2629 0.1469 0.0697 0.1202 0.2223 
          42  1 0.0966 0.2136 0.1051 0.1083 0.3162 0.0770 0.0831 
          43  1 0.1551 0.0561 0.1840 0.2469 0.0487 0.1657 0.1435 
          44  1 0.1481 0.1860 0.1372 0.1586 0.0898 0.1463 0.1341 
          45  1 0.1380 0.0681 0.1751 0.1449 0.1928 0.1066 0.1743 
          46  1 0.1651 0.1886 0.1316 0.1724 0.1645 0.0915 0.0863 
          47  1 0.2014 0.1270 0.1350 0.2085 0.0583 0.1625 0.1074 
          48  1 0.0742 0.0583 0.0570 0.0703 0.5891 0.0822 0.0690 
          49  1 0.1248 0.2066 0.1192 0.1303 0.0390 0.2104 0.1698 
          50  1 0.1579 0.2211 0.0780 0.1147 0.1012 0.1910 0.1361 
          51  1 0.1454 0.0624 0.1486 0.2772 0.0639 0.1920 0.1105 
          52  1 0.0843 0.2181 0.2610 0.0598 0.0543 0.0827 0.2398 
          53  1 0.2428 0.1475 0.1196 0.1404 0.0765 0.1413 0.1320 
          54  1 0.1318 0.0864 0.1457 0.1500 0.1011 0.2066 0.1783 
          55  1 0.1502 0.0887 0.1128 0.1127 0.2447 0.1571 0.1339 
          56  1 0.0991 0.0727 0.0973 0.0774 0.4902 0.0734 0.0900 
          57  1 0.1775 0.1394 0.1787 0.1313 0.0893 0.1233 0.1605 
          58  1 0.0718 0.0342 0.0486 0.0465 0.6976 0.0503 0.0511 
          59  1 0.1338 0.2244 0.1293 0.1432 0.1922 0.0871 0.0899 
          60  1 0.1235 0.2016 0.1119 0.2095 0.1080 0.1516 0.0939 
          61  1 0.1798 0.2924 0.1002 0.1328 0.0655 0.1290 0.1003 
          62  1 0.1598 0.1223 0.2150 0.1021 0.1411 0.0693 0.1904 
          63  1 0.1294 0.2958 0.1333 0.1049 0.0884 0.1087 0.1394 
          64  1 0.1871 0.0956 0.2185 0.1571 0.0623 0.1020 0.1775 
          65  1 0.1735 0.1357 0.1548 0.1775 0.0812 0.1525 0.1248 
          66  1 0.1239 0.0973 0.1609 0.2314 0.0718 0.1768 0.1380 
          67  1 0.0855 0.0685 0.3232 0.1000 0.0395 0.0959 0.2875 
          68  1 0.0873 0.3109 0.0781 0.0690 0.0697 0.2209 0.1641 
          69  1 0.2159 0.1666 0.2043 0.0696 0.0633 0.0872 0.1932 
          70  1 0.1276 0.1119 0.1166 0.0611 0.2586 0.1562 0.1681 
          71  1 0.1248 0.0708 0.2380 0.1604 0.0825 0.1193 0.2041 
          72  1 0.1096 0.0748 0.2870 0.0970 0.0684 0.1073 0.2559 
          73  1 0.1243 0.0686 0.1600 0.2144 0.1784 0.1446 0.1097 
          74  1 0.1563 0.2336 0.1153 0.1331 0.0743 0.1564 0.1312 
          75  1 0.1134 0.1151 0.1503 0.1907 0.1161 0.1789 0.1354 
          76  1 0.1232 0.1286 0.2069 0.2382 0.0544 0.1133 0.1354 
          77  1 0.1201 0.0847 0.1806 0.1921 0.1497 0.1356 0.1373 
          78  1 0.1821 0.0766 0.2037 0.1744 0.0539 0.1453 0.1639 
          79  1 0.0837 0.0531 0.2302 0.0913 0.2417 0.0871 0.2130 
          80  1 0.1383 0.2283 0.1554 0.1258 0.1016 0.1143 0.1363 
          81  1 0.1273 0.1902 0.2391 0.1084 0.0493 0.0848 0.2008 
          82  1 0.1702 0.1085 0.1415 0.1129 0.2563 0.0833 0.1273 
          83  1 0.0442 0.7350 0.0426 0.0459 0.0417 0.0475 0.0430 
          84  1 0.1388 0.2959 0.1182 0.1411 0.1092 0.1033 0.0935 
          85  1 0.1474 0.1075 0.1720 0.1593 0.1551 0.1125 0.1463 
          86  1 0.1804 0.1147 0.1494 0.1661 0.2025 0.0834 0.1035 
          87  1 0.1224 0.1198 0.2729 0.1643 0.0416 0.0874 0.1916 
          88  1 0.1275 0.0695 0.1616 0.2032 0.1822 0.1283 0.1277 
          89  1 0.1829 0.2167 0.0912 0.1825 0.0846 0.1497 0.0923 
          90  1 0.1813 0.2578 0.1019 0.1038 0.1616 0.0993 0.0943 
          91  1 0.1256 0.1365 0.1592 0.1756 0.1340 0.1279 0.1412 
          92  1 0.1213 0.1593 0.1646 0.0764 0.2467 0.0763 0.1554 
          93  1 0.1127 0.1958 0.1883 0.2181 0.0614 0.0936 0.1301 
          94  1 0.1999 0.0822 0.1330 0.2248 0.0507 0.1808 0.1287 
          95  1 0.2029 0.0899 0.1587 0.0948 0.1716 0.1245 0.1576 
          96  1 0.1115 0.0976 0.1385 0.2639 0.1237 0.1601 0.1047 
          97  1 0.1218 0.1165 0.2400 0.0942 0.0830 0.1112 0.2333 
          98  1 0.1279 0.2094 0.1608 0.1215 0.0838 0.1420 0.1546 
          99  1 0.1348 0.1564 0.2099 0.1379 0.0730 0.1022 0.1858 
         100  1 0.1084 0.1323 0.1680 0.0963 0.1073 0.1829 0.2048 
         101  1 0.1362 0.2021 0.1517 0.1426 0.0759 0.1417 0.1499 
         102  1 0.0977 0.1499 0.0679 0.0803 0.3872 0.1213 0.0956 
         103  1 0.1087 0.0944 0.0866 0.1632 0.2667 0.1775 0.1028 
         104  1 0.1141 0.1002 0.2117 0.2244 0.0994 0.1104 0.1399 
         105  1 0.1204 0.1081 0.1571 0.1556 0.0891 0.1923 0.1774 
         106  1 0.2250 0.1406 0.1195 0.1304 0.1122 0.1418 0.1306 
         107  1 0.2422 0.1307 0.1611 0.0897 0.1650 0.0742 0.1370 
         108  1 0.1362 0.1383 0.2187 0.0773 0.1419 0.0833 0.2043 
         109  1 0.1110 0.2452 0.1156 0.1688 0.0804 0.1608 0.1182 
         110  1 0.0958 0.0553 0.0920 0.2081 0.0750 0.3033 0.1706 
         111  1 0.2337 0.1461 0.0809 0.0939 0.2028 0.1395 0.1032 
         112  1 0.1407 0.1004 0.1012 0.1574 0.1399 0.2194 0.1409 
         113  1 0.2281 0.0671 0.2040 0.1602 0.1189 0.0895 0.1320 
         114  1 0.0981 0.1367 0.0692 0.0635 0.0706 0.3377 0.2242 
         115  1 0.1503 0.1417 0.2017 0.0894 0.1306 0.0988 0.1874 
         116  1 0.1932 0.2036 0.1036 0.0855 0.1927 0.1037 0.1178 
         117  1 0.1131 0.0583 0.0994 0.0837 0.4383 0.0984 0.1088 
         118  1 0.0938 0.0981 0.1150 0.1731 0.0711 0.2677 0.1811 
         119  1 0.1128 0.0809 0.0813 0.0963 0.2466 0.2207 0.1615 
         120  1 0.1053 0.0529 0.0978 0.1253 0.3636 0.1422 0.1128 
         121  1 0.1375 0.2265 0.1062 0.1608 0.0691 0.1741 0.1259 
         122  1 0.1168 0.1384 0.2321 0.1861 0.0445 0.1043 0.1779 
         123  1 0.1043 0.0622 0.0908 0.0885 0.4794 0.0836 0.0912 
         124  1 0.1719 0.1428 0.2070 0.1532 0.0646 0.0955 0.1650 
         125  1 0.1157 0.1077 0.1234 0.0787 0.3914 0.0748 0.1084 
         126  1 0.2988 0.1090 0.1279 0.1204 0.1067 0.1230 0.1141 
         127  1 0.0952 0.0586 0.2295 0.1853 0.1685 0.0858 0.1771 
         128  1 0.1388 0.1014 0.1101 0.0963 0.3900 0.0646 0.0988 
         129  1 0.0987 0.1026 0.2908 0.0774 0.0748 0.0845 0.2711 
         130  1 0.1211 0.0461 0.1623 0.3082 0.0559 0.1949 0.1115 
         131  1 0.2222 0.1293 0.1777 0.1816 0.0693 0.0964 0.1235 
         132  1 0.0909 0.0529 0.0826 0.1008 0.5368 0.0682 0.0679 
         133  1 0.1297 0.0528 0.0992 0.1955 0.1839 0.2123 0.1265 
         134  1 0.1586 0.1355 0.1079 0.0749 0.0893 0.2356 0.1981 
         135  1 0.1095 0.0418 0.1058 0.3114 0.0503 0.2672 0.1140 
         136  1 0.1412 0.2410 0.0960 0.1179 0.1475 0.1401 0.1163 
         137  1 0.1233 0.1053 0.2258 0.2603 0.0939 0.0683 0.1231 
         138  1 0.1935 0.0778 0.1421 0.1629 0.1382 0.1378 0.1477 
         139  1 0.1366 0.0523 0.1473 0.1563 0.1882 0.1534 0.1657 
         140  1 0.1331 0.2799 0.1766 0.1280 0.0628 0.0804 0.1391 
         141  1 0.1098 0.0562 0.1178 0.1017 0.1228 0.2733 0.2184 
         142  1 0.0819 0.0980 0.0637 0.0729 0.5499 0.0697 0.0639 
         143  1 0.2624 0.1844 0.1727 0.0857 0.0679 0.0824 0.1445 
         144  1 0.1393 0.2441 0.1119 0.1446 0.1109 0.1466 0.1026 
         145  1 0.1460 0.0782 0.0950 0.1198 0.1074 0.2717 0.1818 
         146  1 0.1856 0.1195 0.1513 0.1667 0.0585 0.1685 0.1498 
         147  1 0.1409 0.2764 0.0793 0.0856 0.1064 0.1743 0.1372 
         148  1 0.1195 0.1946 0.1296 0.1766 0.0839 0.1668 0.1291 
         149  1 0.1199 0.0821 0.1363 0.1236 0.2886 0.1158 0.1337 
         150  1 0.1172 0.0689 0.1283 0.2453 0.0499 0.2458 0.1446 
         151  1 0.1243 0.1230 0.1400 0.1215 0.0739 0.2187 0.1985 
         152  1 0.2527 0.1661 0.1333 0.1294 0.0758 0.1189 0.1239 
         153  1 0.1143 0.2814 0.1077 0.1321 0.0897 0.1523 0.1224 
         154  1 0.1608 0.1507 0.1501 0.1490 0.1297 0.1124 0.1473 
         155  1 0.0962 0.1126 0.0795 0.0738 0.4455 0.0954 0.0968 
         156  1 0.1008 0.1037 0.1810 0.2012 0.0855 0.1634 0.1644 
         157  1 0.2500 0.1008 0.1656 0.1264 0.1018 0.1123 0.1430 
         158  1 0.1051 0.0577 0.2699 0.2943 0.0598 0.0599 0.1533 
         159  1 0.1121 0.0950 0.1484 0.1290 0.2858 0.1029 0.1268 
         160  1 0.1793 0.0804 0.1488 0.1719 0.2215 0.0883 0.1098 
         161  1 0.3074 0.0469 0.0720 0.1407 0.2158 0.1336 0.0835 
         162  1 0.1153 0.0760 0.1351 0.1708 0.1022 0.2284 0.1722 
         163  1 0.1432 0.0896 0.1162 0.1071 0.1117 0.2413 0.1909 
         164  1 0.0713 0.1642 0.0845 0.0981 0.4781 0.0441 0.0597 
         165  1 0.1601 0.1543 0.1651 0.1643 0.0867 0.1335 0.1359 
         166  1 0.2342 0.0897 0.1826 0.0827 0.1033 0.1174 0.1901 
         167  1 0.0695 0.0392 0.0791 0.0573 0.5992 0.0682 0.0875 
         168  1 0.1296 0.0972 0.1532 0.2043 0.1218 0.1589 0.1350 
         169  1 0.2054 0.0807 0.1620 0.0643 0.0995 0.1737 0.2144 
         170  1 0.1172 0.0803 0.1494 0.2258 0.0468 0.2131 0.1674 
         171  1 0.1286 0.1484 0.1321 0.1410 0.2044 0.1243 0.1212 
         172  1 0.1016 0.1101 0.1103 0.1446 0.0555 0.2806 0.1972 
         173  1 0.1284 0.0603 0.1682 0.0995 0.1772 0.1645 0.2019 
         174  1 0.1641 0.2275 0.1222 0.1206 0.0858 0.1453 0.1345 
         175  1 0.1740 0.0929 0.1549 0.2455 0.0605 0.1447 0.1275 
         176  1 0.0929 0.0857 0.1044 0.3203 0.0550 0.2393 0.1023 
         177  1 0.0799 0.3171 0.1886 0.1868 0.0535 0.0687 0.1054 
         178  1 0.1638 0.1040 0.1915 0.2005 0.0788 0.1087 0.1528 
         179  1 0.1406 0.0935 0.1682 0.1551 0.1585 0.1314 0.1528 
         180  1 0.1151 0.1413 0.1704 0.1662 0.0660 0.1711 0.1700 
         181  1 0.1283 0.0686 0.1211 0.1372 0.3070 0.1254 0.1122 
         182  1 0.0390 0.7661 0.0432 0.0367 0.0412 0.0339 0.0400 
         183  1 0.2672 0.0648 0.0725 0.1756 0.0945 0.2158 0.1097 
         184  1 0.1415 0.1540 0.1328 0.1676 0.0811 0.1777 0.1453 
         185  1 0.2014 0.0890 0.1128 0.1512 0.1604 0.1646 0.1207 
         186  1 0.1521 0.1482 0.0923 0.1670 0.1668 0.1686 0.1050 
         187  1 0.1282 0.0597 0.1440 0.2419 0.0789 0.2048 0.1425 
         188  1 0.1129 0.1146 0.0714 0.0720 0.3282 0.1697 0.1313 
         189  1 0.1814 0.1772 0.0907 0.0877 0.0823 0.2138 0.1668 
         190  1 0.0961 0.0900 0.2044 0.1030 0.0807 0.1964 0.2295 
         191  1 0.2121 0.0620 0.1412 0.1646 0.1222 0.1615 0.1364 
         192  1 0.1985 0.1864 0.1612 0.0734 0.0835 0.1141 0.1829 
         193  1 0.1417 0.0966 0.1136 0.1057 0.0835 0.2545 0.2045 
         194  1 0.1638 0.0876 0.1031 0.1623 0.2991 0.1051 0.0791 
         195  1 0.1392 0.0838 0.2508 0.1860 0.0563 0.0894 0.1945 
         196  1 0.1889 0.0828 0.1075 0.1281 0.1027 0.2265 0.1635 
         197  1 0.0989 0.1675 0.0723 0.0870 0.4042 0.0947 0.0754 
         198  1 0.1090 0.0504 0.0922 0.0589 0.0996 0.3343 0.2555 
         199  1 0.1080 0.4643 0.1026 0.0816 0.0924 0.0624 0.0886 
         200  1 0.1577 0.0586 0.1188 0.1146 0.2151 0.1765 0.1587 
         201  1 0.0982 0.2620 0.1815 0.1924 0.0541 0.0900 0.1218 
         202  1 0.1503 0.2067 0.1075 0.1719 0.1101 0.1436 0.1100 
         203  1 0.1476 0.1696 0.1772 0.1311 0.1088 0.1103 0.1554 
         204  1 0.1159 0.1977 0.1399 0.1623 0.0584 0.1748 0.1511 
         205  1 0.1738 0.2249 0.1314 0.1400 0.0988 0.1114 0.1197 
         206  1 0.1340 0.1045 0.2483 0.1341 0.0752 0.0966 0.2074 
         207  1 0.2245 0.1724 0.1199 0.0972 0.1094 0.1299 0.1466 
         208  1 0.1466 0.1685 0.1315 0.1975 0.0629 0.1696 0.1234 
         209  1 0.2009 0.0671 0.1991 0.1991 0.1128 0.0788 0.1421 
         210  1 0.1192 0.0827 0.1531 0.2714 0.0869 0.1713 0.1155 
         211  1 0.1558 0.1208 0.2325 0.2152 0.0465 0.0989 0.1304 
         212  1 0.1189 0.0767 0.0569 0.0756 0.1246 0.3363 0.2111 
         213  1 0.1424 0.0812 0.1423 0.1168 0.2194 0.1520 0.1460 
         214  1 0.1514 0.0895 0.2733 0.0756 0.0506 0.0930 0.2667 
         215  1 0.1583 0.1389 0.0992 0.1102 0.2284 0.1469 0.1182 
         216  1 0.1196 0.0666 0.2346 0.1681 0.0981 0.1273 0.1858 
         217  1 0.1610 0.0622 0.1171 0.1525 0.1555 0.2007 0.1509 
         218  1 0.1163 0.0562 0.1039 0.0684 0.4187 0.1076 0.1289 
         219  1 0.1072 0.1303 0.1219 0.2097 0.0860 0.2137 0.1312 
         220  1 0.2219 0.1324 0.1681 0.1423 0.0728 0.1194 0.1432 
         221  1 0.0705 0.5526 0.0949 0.0590 0.0577 0.0717 0.0936 
         222  1 0.1974 0.0635 0.1382 0.1523 0.1251 0.1670 0.1565 
         223  1 0.2068 0.1048 0.1359 0.1412 0.1959 0.1020 0.1133 
         224  1 0.1713 0.1664 0.1647 0.1545 0.0706 0.1108 0.1616 
         225  1 0.2117 0.0873 0.2409 0.1863 0.0477 0.0745 0.1516 
         226  1 0.1154 0.0628 0.1409 0.2822 0.1350 0.1553 0.1084 
         227  1 0.1186 0.0824 0.2448 0.1701 0.0944 0.0951 0.1945 
         228  1 0.1263 0.1087 0.1642 0.2222 0.1383 0.1136 0.1267 
         229  1 0.1569 0.2215 0.1088 0.1181 0.1349 0.1359 0.1239 
         230  1 0.0697 0.0603 0.0551 0.0898 0.0717 0.4012 0.2520 
         231  1 0.1539 0.0861 0.1791 0.2490 0.0943 0.1375 0.1001 
         232  1 0.1131 0.2814 0.1709 0.1650 0.1140 0.0648 0.0909 
         233  1 0.1172 0.0531 0.0985 0.1178 0.0653 0.3252 0.2229 
         234  1 0.1622 0.0721 0.1869 0.2286 0.1129 0.1118 0.1255 
         235  1 0.1603 0.1639 0.1063 0.2191 0.0966 0.1653 0.0886 
         236  1 0.0950 0.1476 0.0780 0.0833 0.2525 0.1992 0.1445 
         237  1 0.1464 0.2023 0.1542 0.1795 0.1107 0.0852 0.1217 
         238  1 0.3119 0.1004 0.1038 0.1257 0.0973 0.1477 0.1132 
         239  1 0.1041 0.1179 0.1325 0.1752 0.0897 0.2140 0.1667 
         240  1 0.1387 0.1527 0.1343 0.2010 0.1427 0.1316 0.0990 
         241  1 0.1325 0.1091 0.2367 0.1800 0.0614 0.0996 0.1807 
         242  1 0.1370 0.2293 0.1619 0.0663 0.1049 0.1210 0.1795 
         243  1 0.1091 0.1094 0.1541 0.0927 0.2879 0.0997 0.1470 
         244  1 0.1275 0.2420 0.1884 0.1944 0.0583 0.0788 0.1105 
         245  1 0.0962 0.0911 0.1256 0.2009 0.2113 0.1613 0.1137 
         246  1 0.1031 0.1071 0.1088 0.0854 0.2267 0.2019 0.1670 
         247  1 0.0966 0.0735 0.1908 0.1779 0.0596 0.2050 0.1966 
         248  1 0.1257 0.0570 0.1852 0.2273 0.0586 0.1747 0.1716 
         249  1 0.1811 0.0938 0.1297 0.1810 0.0989 0.1805 0.1350 
         250  1 0.1169 0.0956 0.0700 0.0834 0.4407 0.1079 0.0854 
         251  1 0.2566 0.0829 0.1107 0.1415 0.1621 0.1332 0.1130 
         252  1 0.1839 0.0902 0.2198 0.1740 0.0752 0.1010 0.1559 
         253  1 0.1095 0.1167 0.1737 0.0944 0.2551 0.0933 0.1573 
         254  1 0.1496 0.0560 0.0944 0.1311 0.1127 0.2689 0.1874 
         255  1 0.0877 0.4430 0.0895 0.1049 0.0845 0.1046 0.0859 
         256  1 0.1981 0.0926 0.1305 0.1116 0.2631 0.0925 0.1116 
         257  1 0.0772 0.0404 0.3030 0.1031 0.0718 0.1246 0.2799 
         258  1 0.1317 0.2185 0.1228 0.1611 0.1290 0.1326 0.1043 
         259  1 0.1025 0.0728 0.2501 0.0835 0.0548 0.1890 0.2473 
         260  1 0.1169 0.1670 0.1776 0.1372 0.1171 0.1106 0.1736 
         261  1 0.1294 0.0582 0.1886 0.2092 0.0710 0.1701 0.1735 
         262  1 0.1316 0.1727 0.1288 0.1829 0.1330 0.1463 0.1047 
         263  1 0.1880 0.0991 0.1530 0.1968 0.0572 0.1646 0.1414 
         264  1 0.1288 0.2420 0.1182 0.1006 0.1076 0.1549 0.1479 
         265  1 0.2676 0.1651 0.1298 0.1660 0.0533 0.1142 0.1040 
         266  1 0.1535 0.0628 0.1225 0.1705 0.2751 0.1195 0.0961 
         267  1 0.2305 0.3450 0.0736 0.0882 0.0729 0.1091 0.0807 
         268  1 0.1081 0.0504 0.0867 0.0742 0.0629 0.3614 0.2565 
         269  1 0.0882 0.1924 0.1439 0.2292 0.0578 0.1666 0.1220 
         270  1 0.1596 0.1903 0.1198 0.2076 0.0498 0.1587 0.1142 
         271  1 0.1981 0.1217 0.1387 0.1506 0.1360 0.1324 0.1225 
         272  1 0.1117 0.0689 0.2006 0.1096 0.0527 0.2157 0.2408 
         273  1 0.1558 0.2337 0.1466 0.1414 0.1155 0.0978 0.1092 
         274  1 0.0824 0.0805 0.0704 0.1421 0.0467 0.3697 0.2081 
         275  1 0.0955 0.2777 0.1102 0.1840 0.0646 0.1618 0.1062 
         276  1 0.1194 0.0872 0.1740 0.1221 0.2879 0.0657 0.1437 
         277  1 0.0520 0.6375 0.0589 0.0760 0.0479 0.0692 0.0586 
         278  1 0.0990 0.2811 0.1838 0.1251 0.0392 0.1186 0.1532 
         279  1 0.1355 0.1942 0.0983 0.1155 0.1952 0.1430 0.1183 
         280  1 0.1024 0.1178 0.1213 0.1299 0.1316 0.2186 0.1783 
         281  1 0.3173 0.1144 0.1314 0.1021 0.0544 0.1337 0.1468 
         282  1 0.0880 0.0547 0.2353 0.1725 0.0704 0.1628 0.2162 
         283  1 0.1187 0.2112 0.0981 0.1282 0.2381 0.1109 0.0948 
         284  1 0.0863 0.5096 0.0838 0.0779 0.1024 0.0701 0.0699 
         285  1 0.1456 0.0658 0.2119 0.1838 0.1026 0.1200 0.1705 
         286  1 0.1492 0.2488 0.1377 0.0641 0.0548 0.1667 0.1786 
         287  1 0.1039 0.1336 0.0731 0.0826 0.3816 0.1303 0.0948 
         288  1 0.0400 0.7696 0.0409 0.0421 0.0348 0.0369 0.0356 
         289  1 0.1330 0.1000 0.1382 0.2083 0.1381 0.1669 0.1155 
         290  1 0.1085 0.0527 0.1881 0.2010 0.0614 0.2054 0.1830 
         291  1 0.2260 0.0543 0.0795 0.1266 0.2589 0.1487 0.1061 
         292  1 0.1427 0.1440 0.1922 0.1100 0.1658 0.0843 0.1609 
         293  1 0.1006 0.0613 0.0983 0.1344 0.1163 0.2908 0.1984 
         294  1 0.1513 0.1380 0.1836 0.1819 0.0770 0.1207 0.1474 
         295  1 0.0659 0.0353 0.0799 0.0521 0.6275 0.0543 0.0850 
         296  1 0.0895 0.4584 0.0753 0.1019 0.1047 0.0915 0.0789 
         297  1 0.1184 0.1780 0.1300 0.2102 0.0860 0.1691 0.1083 
         298  1 0.0876 0.0393 0.2698 0.0800 0.1211 0.1306 0.2716 
         299  1 0.0664 0.0485 0.0801 0.0688 0.6156 0.0549 0.0657 
         300  1 0.1171 0.1317 0.1294 0.1688 0.1136 0.1876 0.1518 
         301  1 0.1244 0.1308 0.1469 0.1399 0.2051 0.1230 0.1300 
         302  1 0.0699 0.0483 0.0468 0.0517 0.6586 0.0687 0.0560 
         303  1 0.2457 0.0677 0.1193 0.1271 0.0630 0.2133 0.1638 
         304  1 0.0890 0.0698 0.2440 0.0613 0.0871 0.1743 0.2746 
         305  1 0.1577 0.0809 0.1785 0.2433 0.1052 0.1297 0.1047 
         306  1 0.0742 0.4013 0.0586 0.0596 0.2922 0.0559 0.0583 
         307  1 0.1544 0.1086 0.1798 0.1159 0.1348 0.1359 0.1707 
         308  1 0.1697 0.1398 0.1615 0.1165 0.0983 0.1479 0.1664 
         309  1 0.1310 0.2131 0.1683 0.1049 0.0651 0.1407 0.1769 
         310  1 0.1682 0.2860 0.0876 0.1412 0.0710 0.1493 0.0966 
         311  1 0.1104 0.2866 0.1213 0.1054 0.1946 0.0751 0.1067 
         312  1 0.1149 0.2114 0.1096 0.2045 0.0682 0.1780 0.1135 
         313  1 0.1221 0.1903 0.1382 0.1369 0.1945 0.1014 0.1167 
         314  1 0.1871 0.1915 0.1604 0.0862 0.1318 0.0912 0.1519 
         315  1 0.1243 0.1866 0.1649 0.1546 0.1656 0.0850 0.1190 
         316  1 0.1560 0.1127 0.1667 0.1134 0.1127 0.1615 0.1769 
         317  1 0.0964 0.1859 0.1295 0.2124 0.0522 0.1958 0.1278 
         318  1 0.1013 0.0636 0.1005 0.3302 0.0648 0.2406 0.0991 
         319  1 0.1912 0.0867 0.1198 0.1447 0.1758 0.1600 0.1217 
         320  1 0.0825 0.1627 0.1187 0.1021 0.3636 0.0730 0.0974 
         321  1 0.1678 0.0757 0.1320 0.2182 0.0880 0.1807 0.1376 
         322  1 0.1866 0.1044 0.1858 0.1666 0.0756 0.1298 0.1511 
         323  1 0.0920 0.3421 0.1028 0.1086 0.1522 0.1080 0.0942 
         324  1 0.1943 0.0689 0.1985 0.2445 0.0596 0.1153 0.1189 
         325  1 0.1134 0.0864 0.1060 0.1075 0.0850 0.2906 0.2112 
         326  1 0.0934 0.4475 0.1159 0.0851 0.0601 0.0909 0.1071 
         327  1 0.1208 0.0736 0.1542 0.2045 0.1197 0.1829 0.1442 
         328  1 0.1480 0.0670 0.2172 0.1798 0.0780 0.1372 0.1727 
         329  1 0.1129 0.1278 0.2148 0.2264 0.0886 0.0824 0.1470 
         330  1 0.0874 0.0638 0.2772 0.2854 0.0445 0.0597 0.1821 
         331  1 0.1782 0.1754 0.1310 0.1858 0.1046 0.1193 0.1058 
         332  1 0.1635 0.0800 0.1763 0.1686 0.0666 0.1782 0.1668 
         333  1 0.1087 0.2002 0.1618 0.2149 0.0796 0.1317 0.1030 
         334  1 0.1218 0.1310 0.1340 0.2124 0.0574 0.1986 0.1447 
         335  1 0.1281 0.1439 0.1362 0.0701 0.1136 0.1956 0.2126 
         336  1 0.1436 0.1948 0.1538 0.1191 0.1014 0.1364 0.1509 
         337  1 0.1335 0.1272 0.1033 0.1876 0.1234 0.1979 0.1272 
         338  1 0.1008 0.1191 0.2621 0.1205 0.0732 0.0922 0.2320 
         339  1 0.1241 0.0607 0.2261 0.0988 0.2086 0.0871 0.1946 
         340  1 0.1346 0.0850 0.1147 0.1264 0.0611 0.2795 0.1986 
         341  1 0.1677 0.1405 0.0741 0.0823 0.3239 0.1155 0.0959 
         342  1 0.0832 0.0539 0.3191 0.1001 0.0629 0.0992 0.2815 
         343  1 0.0713 0.1602 0.2813 0.0658 0.0471 0.1079 0.2665 
         344  1 0.0958 0.1011 0.1260 0.1435 0.0550 0.2669 0.2117 
         345  1 0.1108 0.2641 0.1570 0.1243 0.0810 0.1161 0.1467 
         346  1 0.1649 0.0843 0.1625 0.1784 0.1436 0.1391 0.1272 
         347  1 0.1451 0.0581 0.2358 0.2050 0.0952 0.0840 0.1768 
         348  1 0.1425 0.0912 0.1258 0.1013 0.1884 0.1759 0.1750 
         349  1 0.1078 0.3923 0.0835 0.1005 0.0839 0.1313 0.1007 
         350  1 0.1803 0.0854 0.1348 0.1574 0.1549 0.1495 0.1377 
         351  1 0.1407 0.1187 0.0870 0.1173 0.1500 0.2283 0.1579 
         352  1 0.1049 0.1644 0.1305 0.0826 0.1503 0.1841 0.1833 
         353  1 0.1169 0.1704 0.1394 0.1933 0.2274 0.0670 0.0857 
         354  1 0.0979 0.1128 0.2476 0.1570 0.0722 0.0875 0.2248 
         355  1 0.1543 0.1922 0.1203 0.1164 0.1092 0.1590 0.1486 
         356  1 0.1099 0.1000 0.1878 0.1034 0.1934 0.1258 0.1795 
         357  1 0.1693 0.1189 0.1276 0.1129 0.1219 0.1824 0.1670 
         358  1 0.1168 0.3093 0.1068 0.1005 0.1308 0.1155 0.1203 
         359  1 0.1219 0.0829 0.1227 0.1239 0.3026 0.1104 0.1356 
         360  1 0.1351 0.0914 0.0778 0.0837 0.1464 0.2696 0.1961 
         361  1 0.1056 0.0918 0.1899 0.0672 0.2486 0.0998 0.1970 
         362  1 0.1446 0.1352 0.1253 0.1886 0.1116 0.1627 0.1320 
         363  1 0.1359 0.0895 0.1180 0.1925 0.0629 0.2480 0.1532 
         364  1 0.1100 0.1798 0.1315 0.2019 0.0844 0.1660 0.1264 
         365  1 0.1412 0.0908 0.1318 0.1777 0.1645 0.1604 0.1335 
         366  1 0.1089 0.1145 0.1009 0.0775 0.2090 0.2054 0.1838 
         367  1 0.1678 0.1540 0.1179 0.1345 0.1868 0.1255 0.1135 
         368  1 0.0799 0.0406 0.2559 0.2981 0.1132 0.0694 0.1428 
         369  1 0.1506 0.1941 0.1282 0.1279 0.1687 0.1085 0.1220 
         370  1 0.1322 0.2177 0.1310 0.1433 0.2001 0.0772 0.0985 
         371  1 0.0928 0.2835 0.1168 0.0746 0.2130 0.0966 0.1227 
         372  1 0.1238 0.1013 0.0879 0.0926 0.3994 0.0977 0.0973 
         373  1 0.1624 0.1535 0.1079 0.1260 0.2054 0.1273 0.1173 
         374  1 0.1283 0.1967 0.1139 0.1062 0.1066 0.1881 0.1601 
         375  1 0.1278 0.1239 0.1893 0.0761 0.0723 0.1888 0.2218 
         376  1 0.1498 0.1294 0.1371 0.1495 0.0891 0.1992 0.1460 
         377  1 0.3135 0.0494 0.1298 0.1340 0.1728 0.1055 0.0950 
         378  1 0.3648 0.0947 0.1003 0.1371 0.1131 0.1023 0.0877 
         379  1 0.0772 0.0633 0.0562 0.0506 0.5770 0.0966 0.0791 
         380  1 0.2640 0.0684 0.1463 0.1258 0.1964 0.0854 0.1137 
         381  1 0.1430 0.1604 0.1461 0.1813 0.1428 0.1255 0.1008 
         382  1 0.1509 0.1713 0.1452 0.1346 0.1410 0.1220 0.1348 
         383  1 0.1109 0.2089 0.1652 0.1238 0.1627 0.0881 0.1403 
         384  1 0.1121 0.0407 0.0728 0.0902 0.3468 0.1937 0.1437 
         385  1 0.1438 0.0879 0.1774 0.2426 0.0493 0.1639 0.1351 
         386  1 0.0776 0.0458 0.0576 0.0563 0.6487 0.0530 0.0609 
         387  1 0.1449 0.0561 0.2059 0.2117 0.0895 0.1308 0.1611 
         388  1 0.1105 0.0521 0.0768 0.0588 0.3782 0.1772 0.1463 
         389  1 0.0943 0.4025 0.0864 0.1081 0.0840 0.1204 0.1044 
         390  1 0.1355 0.0715 0.2526 0.1438 0.0811 0.0804 0.2351 
         391  1 0.1300 0.0478 0.1282 0.1351 0.3396 0.1025 0.1168 
         392  1 0.1129 0.2270 0.1829 0.0831 0.1245 0.0972 0.1723 
         393  1 0.0844 0.0404 0.0653 0.0681 0.2756 0.2745 0.1916 
         394  1 0.1172 0.1169 0.2870 0.0996 0.0349 0.0887 0.2557 
         395  1 0.1196 0.2050 0.1231 0.1356 0.1064 0.1619 0.1485 
         396  1 0.1224 0.0850 0.1236 0.2783 0.0664 0.2107 0.1136 
         397  1 0.0851 0.2267 0.1090 0.2006 0.0487 0.2027 0.1272 
         398  1 0.1447 0.0526 0.2157 0.1238 0.1208 0.1402 0.2023 
         399  1 0.1516 0.0736 0.1265 0.1179 0.2146 0.1600 0.1557 
         400  1 0.1100 0.2475 0.0795 0.0944 0.3055 0.0879 0.0751 
         401  1 0.1440 0.0489 0.1594 0.2632 0.1464 0.1377 0.1004 
         402  1 0.1302 0.1224 0.1224 0.2677 0.1044 0.1638 0.0891 
         403  1 0.1169 0.2642 0.1262 0.1756 0.0463 0.1523 0.1186 
         404  1 0.1117 0.1022 0.2581 0.1159 0.0691 0.1109 0.2321 
         405  1 0.1246 0.0861 0.1320 0.0951 0.0573 0.2772 0.2277 
         406  1 0.2659 0.1371 0.1530 0.0817 0.1216 0.0886 0.1521 
         407  1 0.0901 0.0773 0.0512 0.0626 0.3674 0.2127 0.1387 
         408  1 0.2145 0.0777 0.1424 0.1823 0.0829 0.1673 0.1330 
         409  1 0.1678 0.0765 0.1674 0.1652 0.1191 0.1577 0.1462 
         410  1 0.1628 0.1260 0.1811 0.1212 0.0995 0.1525 0.1569 
         411  1 0.1139 0.1719 0.1703 0.2022 0.0408 0.1676 0.1333 
         412  1 0.2582 0.0363 0.1524 0.1308 0.1140 0.1442 0.1639 
         413  1 0.0924 0.2825 0.1092 0.2385 0.0398 0.1557 0.0820 
         414  1 0.2442 0.0683 0.1002 0.1116 0.1489 0.1820 0.1448 
         415  1 0.1559 0.0402 0.2394 0.2468 0.1353 0.0595 0.1228 
         416  1 0.0767 0.0668 0.0846 0.3361 0.0521 0.2758 0.1080 
         417  1 0.1520 0.0569 0.2544 0.1112 0.1044 0.1017 0.2193 
         418  1 0.1712 0.1006 0.1761 0.1927 0.0924 0.1254 0.1416 
         419  1 0.1503 0.1144 0.2300 0.1814 0.0841 0.0896 0.1502 
         420  1 0.1427 0.1279 0.0931 0.1190 0.0565 0.2759 0.1850 
         421  1 0.1274 0.0851 0.2465 0.2170 0.0572 0.1155 0.1512 
         422  1 0.1931 0.1238 0.1769 0.1564 0.0934 0.1083 0.1481 
         423  1 0.1998 0.1541 0.0884 0.1914 0.1105 0.1650 0.0908 
         424  1 0.1179 0.1287 0.1179 0.2185 0.0548 0.2135 0.1487 
         425  1 0.1332 0.1460 0.1962 0.2461 0.1090 0.0755 0.0939 
         426  1 0.1723 0.0762 0.1898 0.1564 0.2057 0.0805 0.1191 
         427  1 0.1434 0.0431 0.2331 0.1510 0.1204 0.1096 0.1995 
         428  1 0.1354 0.0897 0.2083 0.1183 0.1296 0.1267 0.1921 
         429  1 0.0797 0.3433 0.0771 0.0584 0.2822 0.0750 0.0844 
         430  1 0.2600 0.0886 0.1574 0.1228 0.1006 0.1121 0.1584 
         431  1 0.1652 0.1283 0.1374 0.2094 0.0507 0.1784 0.1305 
         432  1 0.1540 0.1220 0.0819 0.0833 0.2037 0.2100 0.1452 
         433  1 0.1986 0.0696 0.0875 0.1469 0.2744 0.1350 0.0880 
         434  1 0.1078 0.0713 0.1360 0.0831 0.0704 0.2865 0.2450 
         435  1 0.1072 0.0820 0.1792 0.1678 0.0844 0.2020 0.1774 
         436  1 0.3040 0.1990 0.0941 0.1511 0.0939 0.0945 0.0634 
         437  1 0.1300 0.0669 0.1113 0.1943 0.2163 0.1702 0.1110 
         438  1 0.1478 0.0450 0.0887 0.0874 0.4657 0.0807 0.0849 
         439  1 0.1340 0.1085 0.2254 0.2551 0.0791 0.0771 0.1208 
         440  1 0.0878 0.5179 0.0831 0.0838 0.0656 0.0811 0.0808 
         441  1 0.1465 0.0933 0.1713 0.2137 0.1556 0.1106 0.1091 
         442  1 0.1039 0.0860 0.1450 0.3196 0.0523 0.1938 0.0995 
         443  1 0.1272 0.2041 0.0981 0.1605 0.1618 0.1456 0.1027 
         444  1 0.1213 0.0908 0.1235 0.1133 0.3105 0.1134 0.1272 
         445  1 0.1554 0.2258 0.1792 0.1058 0.1100 0.0684 0.1554 
         446  1 0.1257 0.0804 0.2408 0.1343 0.0760 0.1314 0.2114 
         447  1 0.1041 0.0603 0.1278 0.1248 0.0809 0.2954 0.2068 
         448  1 0.1333 0.0709 0.1802 0.1369 0.1611 0.1505 0.1671 
         449  1 0.0868 0.3534 0.0653 0.0929 0.1232 0.1674 0.1111 
         450  1 0.1368 0.3415 0.1068 0.1128 0.0595 0.1267 0.1160 
         451  1 0.1231 0.3029 0.1045 0.1037 0.1709 0.0931 0.1018 
         452  1 0.0857 0.3369 0.1592 0.0995 0.0850 0.0860 0.1477 
         453  1 0.1335 0.1331 0.1286 0.1873 0.1261 0.1765 0.1149 
         454  1 0.1191 0.3017 0.0895 0.1853 0.0470 0.1604 0.0971 
         455  1 0.2338 0.0574 0.2025 0.1524 0.0953 0.0882 0.1705 
         456  1 0.1036 0.0662 0.2766 0.0965 0.0918 0.1013 0.2640 
         457  1 0.2505 0.0815 0.1259 0.1737 0.1791 0.1079 0.0815 
         458  1 0.0677 0.5828 0.0614 0.0564 0.1188 0.0541 0.0588 
         459  1 0.1438 0.0712 0.1816 0.1947 0.2018 0.0821 0.1248 
         460  1 0.1252 0.0866 0.2006 0.1372 0.1166 0.1437 0.1901 
         461  1 0.0613 0.0670 0.0610 0.0846 0.0424 0.4220 0.2617 
         462  1 0.1680 0.0707 0.2412 0.1258 0.0394 0.1369 0.2180 
         463  1 0.2399 0.1243 0.0888 0.0810 0.2631 0.1007 0.1023 
         464  1 0.1383 0.0854 0.1563 0.2278 0.1740 0.1258 0.0925 
         465  1 0.1342 0.1076 0.2403 0.1731 0.0732 0.0887 0.1829 
         466  1 0.2543 0.0632 0.0875 0.0922 0.2613 0.1319 0.1096 
         467  1 0.1535 0.4333 0.0688 0.0901 0.1028 0.0810 0.0706 
         468  1 0.1292 0.2020 0.1098 0.1179 0.1951 0.1264 0.1196 
         469  1 0.1098 0.0828 0.2065 0.2571 0.1300 0.0928 0.1211 
         470  1 0.1753 0.0614 0.1200 0.1451 0.2782 0.1209 0.0992 
         471  1 0.0521 0.6659 0.0597 0.0522 0.0535 0.0555 0.0611 
         472  1 0.0922 0.0490 0.0808 0.1559 0.3875 0.1432 0.0914 
         473  1 0.4173 0.0747 0.0663 0.1032 0.1054 0.1374 0.0956 
         474  1 0.1074 0.1103 0.1631 0.2027 0.0659 0.1796 0.1711 
         475  1 0.2018 0.0843 0.1719 0.1872 0.1148 0.1009 0.1391 
         476  1 0.1150 0.1382 0.2034 0.0964 0.1616 0.0881 0.1973 
         477  1 0.1981 0.1618 0.1394 0.1158 0.0634 0.1656 0.1557 
         478  1 0.1385 0.0571 0.1092 0.2145 0.0718 0.2528 0.1561 
         479  1 0.1632 0.1983 0.1760 0.1302 0.0690 0.1045 0.1587 
         480  1 0.1316 0.0627 0.0932 0.2533 0.1271 0.2261 0.1059 
         481  1 0.1591 0.1335 0.1709 0.2309 0.0927 0.1106 0.1022 
         482  1 0.1215 0.0641 0.1089 0.1727 0.3401 0.1065 0.0861 
         483  1 0.1037 0.1715 0.2130 0.0990 0.1338 0.0925 0.1864 
         484  1 0.1497 0.0415 0.2428 0.1683 0.0402 0.1370 0.2205 
         485  1 0.1125 0.0807 0.3018 0.0730 0.0534 0.0909 0.2877 
         486  1 0.1337 0.1377 0.1404 0.2018 0.0973 0.1609 0.1281 
         487  1 0.1501 0.0997 0.1361 0.1512 0.2086 0.1366 0.1177 
         488  1 0.1847 0.0893 0.1970 0.0815 0.1392 0.1088 0.1995 
         489  1 0.1336 0.0982 0.1488 0.1291 0.0994 0.2062 0.1847 
         490  1 0.1946 0.0808 0.1068 0.1231 0.2646 0.1231 0.1071 
         491  1 0.1070 0.0630 0.0740 0.0738 0.3799 0.1712 0.1311 
         492  1 0.1582 0.1907 0.1663 0.1751 0.0980 0.0896 0.1222 
         493  1 0.2661 0.0697 0.1437 0.1917 0.1091 0.1159 0.1038 
         494  1 0.1335 0.0706 0.1761 0.1400 0.2493 0.0959 0.1346 
         495  1 0.0564 0.7020 0.0424 0.0557 0.0448 0.0565 0.0421 
         496  1 0.0992 0.0836 0.2033 0.2534 0.0466 0.1446 0.1694 
         497  1 0.1359 0.1066 0.1464 0.2273 0.0729 0.1909 0.1199 
         498  1 0.0934 0.1118 0.0781 0.0854 0.0676 0.3405 0.2231 
         499  1 0.1147 0.0604 0.0839 0.1557 0.3652 0.1355 0.0847 
         500  1 0.1309 0.2617 0.1021 0.1239 0.2140 0.0846 0.0827 
         501  1 0.1517 0.1381 0.1498 0.1672 0.0792 0.1581 0.1559 
         502  1 0.1711 0.1497 0.1583 0.1555 0.0996 0.1222 0.1435 
         503  1 0.1236 0.0776 0.1230 0.1605 0.0995 0.2434 0.1723 
         504  1 0.1104 0.0635 0.2013 0.2611 0.0480 0.1598 0.1560 
         505  1 0.1440 0.1831 0.1222 0.1195 0.2301 0.0897 0.1114 
         506  1 0.1873 0.1203 0.1750 0.1849 0.0813 0.1207 0.1304 
         507  1 0.1034 0.1610 0.1374 0.1102 0.1939 0.1397 0.1544 
         508  1 0.0901 0.0835 0.1254 0.1840 0.0398 0.2828 0.1944 
         509  1 0.1333 0.2474 0.1852 0.1372 0.0825 0.0851 0.1293 
         510  1 0.1419 0.0970 0.1230 0.0767 0.0451 0.2823 0.2341 
         511  1 0.1352 0.0792 0.1028 0.1365 0.3069 0.1314 0.1080 
         512  1 0.0849 0.0472 0.0742 0.1046 0.0417 0.3974 0.2500 
         513  1 0.2054 0.2524 0.0987 0.1369 0.0580 0.1397 0.1088 
         514  1 0.0942 0.0682 0.1215 0.3084 0.0763 0.2260 0.1054 
         515  1 0.0651 0.0519 0.0478 0.0653 0.6265 0.0825 0.0608 
         516  1 0.1127 0.2447 0.1746 0.0746 0.0993 0.1073 0.1868 
         517  1 0.1452 0.2657 0.1710 0.1253 0.0853 0.0689 0.1387 
         518  1 0.1129 0.0515 0.1531 0.2686 0.0529 0.2157 0.1453 
         519  1 0.1988 0.1035 0.1816 0.2264 0.0717 0.0967 0.1212 
         520  1 0.1446 0.1763 0.1352 0.1650 0.1695 0.1064 0.1030 
         521  1 0.2451 0.0776 0.1272 0.1639 0.1108 0.1513 0.1241 
         522  1 0.1340 0.0893 0.2150 0.2639 0.0577 0.0930 0.1472 
         523  1 0.2004 0.1268 0.1132 0.1518 0.1731 0.1242 0.1105 
         524  1 0.0741 0.6154 0.0758 0.0591 0.0532 0.0519 0.0706 
         525  1 0.1678 0.0851 0.1381 0.1354 0.1787 0.1435 0.1514 
         526  1 0.0930 0.0998 0.0897 0.0848 0.1250 0.2952 0.2126 
         527  1 0.1530 0.1037 0.1324 0.2159 0.1172 0.1646 0.1131 
         528  1 0.1409 0.0479 0.1198 0.0729 0.3985 0.0963 0.1238 
         529  1 0.2227 0.1458 0.1259 0.1312 0.1135 0.1303 0.1306 
         530  1 0.2191 0.0734 0.1291 0.0804 0.2204 0.1202 0.1572 
         531  1 0.1159 0.0932 0.2183 0.0774 0.1879 0.0981 0.2091 
         532  1 0.0668 0.6989 0.0517 0.0594 0.0320 0.0479 0.0432 
         533  1 0.0712 0.0575 0.0666 0.1512 0.0594 0.3788 0.2153 
         534  1 0.1562 0.0682 0.1873 0.1405 0.2005 0.1001 0.1473 
         535  1 0.1426 0.1946 0.0828 0.1145 0.2170 0.1430 0.1053 
         536  1 0.1306 0.1659 0.1436 0.2205 0.0720 0.1535 0.1139 
         537  1 0.1574 0.0644 0.1564 0.1238 0.2030 0.1460 0.1490 
         538  1 0.1655 0.1761 0.1746 0.1292 0.0988 0.1118 0.1440 
         539  1 0.1553 0.1282 0.1048 0.1160 0.1631 0.1864 0.1462 
         540  1 0.1001 0.1778 0.1331 0.1050 0.2392 0.1127 0.1322 
         541  1 0.2344 0.1283 0.1573 0.1155 0.1522 0.0829 0.1296 
         542  1 0.1055 0.0810 0.1306 0.1552 0.3494 0.0905 0.0877 
         543  1 0.1459 0.0548 0.1107 0.1120 0.4176 0.0685 0.0905 
         544  1 0.1318 0.0769 0.1208 0.1268 0.3920 0.0779 0.0738 
         545  1 0.1329 0.0879 0.1376 0.1365 0.2221 0.1415 0.1414 
         546  1 0.0978 0.0913 0.0947 0.1065 0.4028 0.1099 0.0969 
         547  1 0.2037 0.2125 0.1393 0.0820 0.0985 0.1159 0.1481 
         548  1 0.1419 0.0985 0.1600 0.1799 0.1357 0.1414 0.1425 
         549  1 0.1457 0.1179 0.1719 0.1348 0.0835 0.1600 0.1863 
         550  1 0.1222 0.0608 0.1358 0.1066 0.0852 0.2601 0.2293 
         551  1 0.1130 0.0912 0.1095 0.1116 0.3321 0.1267 0.1158 
         552  1 0.1180 0.0882 0.1009 0.1028 0.1030 0.2792 0.2079 
         553  1 0.1372 0.1395 0.1836 0.1812 0.0716 0.1378 0.1491 
         554  1 0.1052 0.0435 0.0768 0.0851 0.5141 0.0916 0.0838 
         555  1 0.1328 0.1076 0.2288 0.1139 0.0674 0.1391 0.2104 
         556  1 0.1059 0.1068 0.1290 0.2686 0.0497 0.2247 0.1152 
         557  1 0.2390 0.0847 0.1550 0.1350 0.1122 0.1248 0.1493 
         558  1 0.0967 0.1622 0.1424 0.1011 0.2992 0.0762 0.1222 
         559  1 0.1388 0.0821 0.1996 0.1712 0.1077 0.1359 0.1647 
         560  1 0.1241 0.0495 0.1344 0.1143 0.2417 0.1610 0.1751 
         561  1 0.1295 0.1467 0.1943 0.2002 0.0822 0.0994 0.1477 
         562  1 0.1236 0.0990 0.0937 0.0976 0.2921 0.1645 0.1295 
         563  1 0.2242 0.1111 0.1578 0.1675 0.1053 0.0910 0.1432 
         564  1 0.1500 0.0847 0.1645 0.1341 0.0931 0.1869 0.1867 
         565  1 0.1807 0.1045 0.1410 0.1918 0.1365 0.1313 0.1142 
         566  1 0.1007 0.0822 0.2431 0.1319 0.0729 0.1362 0.2331 
         567  1 0.1500 0.2174 0.1628 0.1433 0.1295 0.0810 0.1159 
         568  1 0.2561 0.0638 0.0761 0.1042 0.1886 0.1861 0.1251 
         569  1 0.1057 0.2805 0.1132 0.1747 0.0613 0.1594 0.1052 
         570  1 0.1264 0.3140 0.0637 0.0813 0.1457 0.1575 0.1114 
         571  1 0.1320 0.1004 0.1783 0.1873 0.1020 0.1439 0.1561 
         572  1 0.0859 0.0585 0.0715 0.0888 0.0681 0.3813 0.2459 
         573  1 0.1345 0.1244 0.1957 0.0965 0.1571 0.1064 0.1855 
         574  1 0.1777 0.1822 0.1719 0.1415 0.0713 0.1140 0.1414 
         575  1 0.0867 0.2974 0.1496 0.0752 0.1673 0.0846 0.1392 
         576  1 0.1804 0.0555 0.2158 0.1286 0.1117 0.1142 0.1939 
         577  1 0.1005 0.1445 0.1220 0.1201 0.0808 0.2390 0.1931 
         578  1 0.1584 0.3679 0.0832 0.0703 0.1368 0.0912 0.0922 
         579  1 0.1240 0.1593 0.1534 0.1514 0.1341 0.1330 0.1448 
         580  1 0.1805 0.0706 0.1746 0.1312 0.0540 0.1881 0.2010 
         581  1 0.1492 0.2724 0.0577 0.0684 0.3066 0.0810 0.0648 
         582  1 0.2841 0.2343 0.0866 0.0824 0.0669 0.1298 0.1158 
         583  1 0.1718 0.0854 0.1547 0.1183 0.2157 0.1171 0.1370 
         584  1 0.2338 0.0692 0.1685 0.1666 0.1290 0.0933 0.1398 
         585  1 0.1230 0.1800 0.1741 0.1249 0.0734 0.1450 0.1797 
         586  1 0.1212 0.1456 0.1951 0.1487 0.1458 0.0884 0.1553 
         587  1 0.1108 0.1989 0.1634 0.2381 0.0535 0.1305 0.1047 
         588  1 0.1104 0.1839 0.2224 0.1552 0.0658 0.1121 0.1503 
         589  1 0.1905 0.1163 0.1388 0.1174 0.1662 0.1316 0.1393 
         590  1 0.1517 0.2213 0.1330 0.1232 0.0951 0.1361 0.1395 
         591  1 0.1802 0.1041 0.1883 0.1963 0.1057 0.0989 0.1266 
         592  1 0.1381 0.1776 0.1353 0.1635 0.0549 0.1836 0.1470 
         593  1 0.2133 0.1980 0.1085 0.0869 0.1693 0.0998 0.1242 
         594  1 0.1630 0.0617 0.1158 0.1396 0.2327 0.1576 0.1296 
         595  1 0.1574 0.0999 0.1181 0.1353 0.1748 0.1676 0.1470 
         596  1 0.2270 0.1224 0.0747 0.1449 0.0964 0.2046 0.1300 
         597  1 0.1764 0.0998 0.1316 0.1445 0.1573 0.1600 0.1305 
         598  1 0.0961 0.1144 0.1348 0.1059 0.3110 0.1059 0.1319 
         599  1 0.1225 0.2336 0.1001 0.0980 0.2824 0.0745 0.0890 
         600  1 0.1605 0.1454 0.1230 0.2059 0.1273 0.1437 0.0942 
         601  1 0.1331 0.0767 0.2185 0.2324 0.0564 0.1189 0.1640 
         602  1 0.1461 0.2450 0.1021 0.1309 0.0672 0.1818 0.1268 
         603  1 0.1848 0.0598 0.1462 0.1842 0.1170 0.1675 0.1405 
         604  1 0.2954 0.0772 0.0856 0.1231 0.1454 0.1555 0.1178 
         605  1 0.1154 0.0621 0.1292 0.1001 0.0446 0.3122 0.2362 
         606  1 0.1450 0.0794 0.1359 0.0754 0.3441 0.0868 0.1335 
