           1  1 0.3326 0.2645 0.1635 0.2393 
           2  1 0.2718 0.2724 0.1701 0.2857 
           3  1 0.2102 0.2593 0.3531 0.1774 
           4  1 0.2548 0.4160 0.1645 0.1647 
           5  1 0.2321 0.1614 0.1863 0.4203 
           6  1 0.2956 0.2277 0.1960 0.2806 
           7  1 0.1819 0.2303 0.3318 0.2561 
           8  1 0.2834 0.1811 0.3158 0.2196 
           9  1 0.1802 0.4546 0.2117 0.1536 
          10  1 0.4026 0.1279 0.3523 0.1172 
          11  1 0.2481 0.1775 0.2961 0.2783 
          12  1 0.3083 0.2393 0.2378 0.2146 
          13  1 0.2478 0.2358 0.3312 0.1851 
          14  1 0.1649 0.4619 0.1636 0.2096 
          15  1 0.1279 0.1665 0.1467 0.5589 
          16  1 0.2662 0.1551 0.3552 0.2235 
          17  1 0.1890 0.3776 0.2437 0.1897 
          18  1 0.2875 0.3336 0.1170 0.2619 
          19  1 0.2732 0.3722 0.1651 0.1894 
          20  1 0.2102 0.3418 0.3097 0.1383 
          21  1 0.4386 0.1451 0.2028 0.2135 
          22  1 0.2586 0.3358 0.2269 0.1786 
          23  1 0.2139 0.1689 0.2120 0.4052 
          24  1 0.2586 0.2709 0.2968 0.1737 
          25  1 0.3492 0.2262 0.2052 0.2194 
          26  1 0.2537 0.2689 0.1933 0.2841 
          27  1 0.1971 0.2740 0.3230 0.2059 
          28  1 0.2628 0.1585 0.2453 0.3334 
          29  1 0.2526 0.3523 0.1579 0.2373 
          30  1 0.2300 0.3431 0.2381 0.1888 
          31  1 0.2702 0.2442 0.3078 0.1778 
          32  1 0.1856 0.1805 0.1595 0.4743 
          33  1 0.1877 0.2648 0.1796 0.3679 
          34  1 0.2665 0.3108 0.1568 0.2659 
          35  1 0.2008 0.3538 0.1578 0.2877 
          36  1 0.2024 0.2531 0.1991 0.3454 
          37  1 0.2153 0.2639 0.2117 0.3090 
          38  1 0.2610 0.2599 0.2620 0.2171 
          39  1 0.3374 0.2172 0.2022 0.2432 
          40  1 0.3469 0.1477 0.2456 0.2598 
          41  1 0.3143 0.2135 0.3015 0.1707 
          42  1 0.1734 0.1453 0.2905 0.3909 
          43  1 0.3483 0.3402 0.1614 0.1501 
          44  1 0.2254 0.2919 0.2881 0.1946 
          45  1 0.2444 0.1515 0.2059 0.3982 
          46  1 0.2633 0.1761 0.2807 0.2799 
          47  1 0.3426 0.2665 0.2454 0.1454 
          48  1 0.1423 0.1623 0.1267 0.5687 
          49  1 0.1995 0.3828 0.3155 0.1022 
          50  1 0.2042 0.3213 0.2772 0.1973 
          51  1 0.3248 0.3215 0.1868 0.1668 
          52  1 0.2591 0.1629 0.4211 0.1569 
          53  1 0.3255 0.2536 0.2291 0.1918 
          54  1 0.2454 0.3515 0.1915 0.2116 
          55  1 0.2659 0.1525 0.1726 0.4091 
          56  1 0.2052 0.1264 0.1570 0.5114 
          57  1 0.2758 0.2514 0.2817 0.1912 
          58  1 0.1655 0.1178 0.0922 0.6245 
          59  1 0.2263 0.1555 0.2738 0.3444 
          60  1 0.2137 0.2837 0.2952 0.2074 
          61  1 0.2598 0.2311 0.3373 0.1718 
          62  1 0.3395 0.1173 0.2939 0.2493 
          63  1 0.2134 0.1871 0.4071 0.1924 
          64  1 0.3911 0.2071 0.2406 0.1612 
          65  1 0.2948 0.2336 0.2774 0.1942 
          66  1 0.2602 0.2883 0.2723 0.1792 
          67  1 0.3220 0.2079 0.3298 0.1404 
          68  1 0.1890 0.2299 0.3718 0.2094 
          69  1 0.3174 0.1333 0.3674 0.1819 
          70  1 0.2304 0.2286 0.2151 0.3259 
          71  1 0.3235 0.2340 0.2332 0.2092 
          72  1 0.2888 0.2371 0.2795 0.1946 
          73  1 0.2202 0.2712 0.1793 0.3293 
          74  1 0.2679 0.2732 0.2840 0.1750 
          75  1 0.1862 0.3249 0.2607 0.2282 
          76  1 0.3173 0.2201 0.2967 0.1660 
          77  1 0.2248 0.2344 0.2357 0.3052 
          78  1 0.3558 0.2394 0.2599 0.1449 
          79  1 0.2375 0.2055 0.2054 0.3516 
          80  1 0.2337 0.2126 0.3493 0.2045 
          81  1 0.3091 0.1536 0.4134 0.1240 
          82  1 0.2659 0.1554 0.2365 0.3422 
          83  1 0.1386 0.1520 0.5908 0.1186 
          84  1 0.2274 0.2037 0.3349 0.2340 
          85  1 0.2330 0.1932 0.2606 0.3132 
          86  1 0.3210 0.1367 0.2142 0.3281 
          87  1 0.3173 0.1766 0.3833 0.1228 
          88  1 0.2347 0.2279 0.1829 0.3544 
          89  1 0.2403 0.3199 0.2760 0.1638 
          90  1 0.2789 0.1535 0.3086 0.2589 
          91  1 0.2482 0.2324 0.2612 0.2581 
          92  1 0.2478 0.1354 0.2718 0.3451 
          93  1 0.2294 0.2111 0.4047 0.1548 
          94  1 0.3277 0.3425 0.1951 0.1347 
          95  1 0.2885 0.1977 0.2187 0.2951 
          96  1 0.2023 0.3150 0.2431 0.2397 
          97  1 0.2801 0.1909 0.3391 0.1899 
          98  1 0.2212 0.2629 0.3211 0.1948 
          99  1 0.2760 0.2047 0.3483 0.1711 
         100  1 0.2048 0.2946 0.2797 0.2209 
         101  1 0.2371 0.2615 0.3229 0.1785 
         102  1 0.1859 0.1843 0.1921 0.4378 
         103  1 0.1600 0.3236 0.1509 0.3655 
         104  1 0.2568 0.1946 0.3000 0.2486 
         105  1 0.1986 0.3431 0.2567 0.2016 
         106  1 0.2657 0.2515 0.2625 0.2204 
         107  1 0.3305 0.1409 0.2569 0.2717 
         108  1 0.2445 0.1431 0.3108 0.3015 
         109  1 0.1827 0.2962 0.3326 0.1885 
         110  1 0.1683 0.5396 0.1356 0.1565 
         111  1 0.2854 0.2266 0.2106 0.2773 
         112  1 0.2048 0.3902 0.1784 0.2265 
         113  1 0.3556 0.1649 0.1920 0.2875 
         114  1 0.2105 0.3770 0.2239 0.1886 
         115  1 0.2794 0.1695 0.2910 0.2600 
         116  1 0.2795 0.1720 0.2636 0.2850 
         117  1 0.1922 0.1539 0.1288 0.5251 
         118  1 0.1787 0.4514 0.2044 0.1656 
         119  1 0.2067 0.2289 0.1627 0.4017 
         120  1 0.1714 0.2382 0.1225 0.4679 
         121  1 0.2044 0.3010 0.3094 0.1852 
         122  1 0.3194 0.2094 0.3481 0.1230 
         123  1 0.2000 0.1740 0.1579 0.4682 
         124  1 0.3264 0.1764 0.3234 0.1739 
         125  1 0.1776 0.1286 0.2340 0.4598 
         126  1 0.3775 0.2169 0.1908 0.2149 
         127  1 0.3085 0.2035 0.1915 0.2966 
         128  1 0.2522 0.1253 0.2250 0.3975 
         129  1 0.3141 0.1376 0.3473 0.2010 
         130  1 0.3679 0.3146 0.1719 0.1457 
         131  1 0.3751 0.1546 0.3048 0.1655 
         132  1 0.1989 0.1492 0.1178 0.5340 
         133  1 0.2141 0.3486 0.1349 0.3024 
         134  1 0.3111 0.2091 0.2421 0.2377 
         135  1 0.2198 0.5421 0.1225 0.1156 
         136  1 0.2259 0.2126 0.2722 0.2894 
         137  1 0.4042 0.1659 0.2186 0.2112 
         138  1 0.3140 0.2105 0.1701 0.3054 
         139  1 0.2242 0.2959 0.1372 0.3427 
         140  1 0.2820 0.1624 0.3997 0.1559 
         141  1 0.2160 0.3643 0.1694 0.2503 
         142  1 0.1848 0.1521 0.1751 0.4881 
         143  1 0.3205 0.1507 0.3548 0.1740 
         144  1 0.2243 0.2509 0.2846 0.2402 
         145  1 0.2294 0.3238 0.1635 0.2833 
         146  1 0.2662 0.3595 0.2254 0.1489 
         147  1 0.2139 0.2984 0.2659 0.2219 
         148  1 0.1854 0.3321 0.2945 0.1881 
         149  1 0.2079 0.1583 0.1957 0.4381 
         150  1 0.2221 0.4597 0.1940 0.1242 
         151  1 0.2026 0.3756 0.2729 0.1489 
         152  1 0.2828 0.2448 0.2761 0.1963 
         153  1 0.1964 0.2508 0.3556 0.1972 
         154  1 0.2443 0.2207 0.2514 0.2835 
         155  1 0.1650 0.1341 0.1913 0.5096 
         156  1 0.2054 0.2828 0.3151 0.1967 
         157  1 0.3470 0.1764 0.2118 0.2648 
         158  1 0.4327 0.1376 0.2156 0.2141 
         159  1 0.1922 0.1882 0.2210 0.3987 
         160  1 0.2817 0.1930 0.1641 0.3612 
         161  1 0.3088 0.2836 0.1175 0.2901 
         162  1 0.1983 0.3915 0.1758 0.2344 
         163  1 0.2099 0.3650 0.2045 0.2207 
         164  1 0.1530 0.0994 0.2576 0.4901 
         165  1 0.2811 0.2422 0.2604 0.2163 
         166  1 0.3252 0.2028 0.2305 0.2415 
         167  1 0.1589 0.1507 0.1051 0.5854 
         168  1 0.2294 0.2744 0.2444 0.2519 
         169  1 0.3564 0.2187 0.2281 0.1968 
         170  1 0.2132 0.4534 0.2135 0.1199 
         171  1 0.2076 0.2283 0.2298 0.3343 
         172  1 0.1902 0.4354 0.2169 0.1575 
         173  1 0.2699 0.2187 0.1568 0.3547 
         174  1 0.2598 0.2019 0.3286 0.2098 
         175  1 0.2856 0.3186 0.2357 0.1601 
         176  1 0.1934 0.4647 0.2082 0.1337 
         177  1 0.2006 0.1418 0.5208 0.1368 
         178  1 0.2997 0.2285 0.2660 0.2058 
         179  1 0.2689 0.1838 0.2169 0.3305 
         180  1 0.2171 0.3004 0.3193 0.1632 
         181  1 0.1924 0.2279 0.1590 0.4207 
         182  1 0.1075 0.0923 0.6744 0.1258 
         183  1 0.2669 0.4002 0.1394 0.1935 
         184  1 0.2287 0.3064 0.2734 0.1914 
         185  1 0.2672 0.2494 0.1989 0.2845 
         186  1 0.2034 0.3102 0.2273 0.2591 
         187  1 0.2692 0.3709 0.1745 0.1854 
         188  1 0.1848 0.2309 0.1944 0.3899 
         189  1 0.2493 0.3139 0.2663 0.1706 
         190  1 0.2069 0.3488 0.2551 0.1892 
         191  1 0.3418 0.2387 0.1697 0.2498 
         192  1 0.3567 0.1483 0.2935 0.2015 
         193  1 0.2649 0.3030 0.2174 0.2148 
         194  1 0.2390 0.1821 0.1897 0.3892 
         195  1 0.3558 0.1791 0.2960 0.1691 
         196  1 0.2931 0.3183 0.1764 0.2122 
         197  1 0.1729 0.2051 0.2204 0.4016 
         198  1 0.2374 0.3726 0.1440 0.2459 
         199  1 0.2048 0.1187 0.4646 0.2119 
         200  1 0.2244 0.2719 0.1643 0.3394 
         201  1 0.2287 0.1797 0.4505 0.1412 
         202  1 0.2150 0.2765 0.2849 0.2236 
         203  1 0.2290 0.1717 0.3790 0.2202 
         204  1 0.2040 0.3227 0.3060 0.1673 
         205  1 0.2691 0.1855 0.3481 0.1974 
         206  1 0.3308 0.1827 0.3008 0.1857 
         207  1 0.3104 0.1483 0.2711 0.2701 
         208  1 0.2172 0.3351 0.2928 0.1548 
         209  1 0.3728 0.1463 0.2256 0.2553 
         210  1 0.2582 0.3046 0.2314 0.2059 
         211  1 0.3556 0.1731 0.3524 0.1189 
         212  1 0.2339 0.3620 0.1540 0.2501 
         213  1 0.2627 0.2076 0.1940 0.3357 
         214  1 0.4351 0.1898 0.2238 0.1513 
         215  1 0.2067 0.2473 0.1995 0.3465 
         216  1 0.2750 0.2065 0.2672 0.2514 
         217  1 0.2905 0.2776 0.1537 0.2781 
         218  1 0.2160 0.1700 0.1463 0.4677 
         219  1 0.1725 0.4272 0.2169 0.1833 
         220  1 0.3244 0.1704 0.2900 0.2153 
         221  1 0.1742 0.1377 0.5243 0.1638 
         222  1 0.3043 0.2261 0.1905 0.2791 
         223  1 0.2998 0.1768 0.1755 0.3479 
         224  1 0.3105 0.2009 0.2947 0.1939 
         225  1 0.4199 0.1651 0.2745 0.1405 
         226  1 0.2151 0.3522 0.1635 0.2691 
         227  1 0.2769 0.1808 0.2963 0.2460 
         228  1 0.2263 0.2487 0.2444 0.2806 
         229  1 0.2377 0.2348 0.3030 0.2246 
         230  1 0.1483 0.5395 0.1311 0.1811 
         231  1 0.3024 0.2822 0.1962 0.2192 
         232  1 0.2489 0.1204 0.3650 0.2657 
         233  1 0.2615 0.4223 0.1436 0.1725 
         234  1 0.2964 0.2598 0.1806 0.2633 
         235  1 0.2359 0.3143 0.2601 0.1897 
         236  1 0.1836 0.2229 0.2369 0.3566 
         237  1 0.2891 0.1572 0.3336 0.2200 
         238  1 0.3042 0.3063 0.1956 0.1939 
         239  1 0.1700 0.4025 0.2507 0.1768 
         240  1 0.2115 0.2779 0.2567 0.2538 
         241  1 0.3232 0.2062 0.2828 0.1878 
         242  1 0.2496 0.1789 0.3302 0.2413 
         243  1 0.2325 0.1868 0.2251 0.3556 
         244  1 0.3117 0.1712 0.3614 0.1557 
         245  1 0.1750 0.3293 0.2168 0.2789 
         246  1 0.1707 0.2509 0.1963 0.3820 
         247  1 0.2604 0.3307 0.2292 0.1798 
         248  1 0.3553 0.3197 0.1550 0.1700 
         249  1 0.2512 0.3350 0.2170 0.1969 
         250  1 0.1682 0.2053 0.1777 0.4489 
         251  1 0.3102 0.2373 0.1609 0.2916 
         252  1 0.3630 0.1733 0.2972 0.1664 
         253  1 0.2056 0.1903 0.2940 0.3101 
         254  1 0.2275 0.4189 0.1401 0.2136 
         255  1 0.1731 0.2242 0.4114 0.1913 
         256  1 0.2727 0.1595 0.1938 0.3741 
         257  1 0.2756 0.2927 0.2098 0.2218 
         258  1 0.2042 0.2726 0.2900 0.2332 
         259  1 0.2660 0.3193 0.2564 0.1583 
         260  1 0.2110 0.1724 0.3416 0.2750 
         261  1 0.2782 0.3464 0.1982 0.1772 
         262  1 0.2250 0.2673 0.2678 0.2400 
         263  1 0.3133 0.3217 0.2169 0.1481 
         264  1 0.2539 0.1902 0.3166 0.2393 
         265  1 0.3331 0.2498 0.2751 0.1419 
         266  1 0.2806 0.2013 0.1938 0.3243 
         267  1 0.2781 0.2134 0.3340 0.1746 
         268  1 0.2599 0.4349 0.1343 0.1709 
         269  1 0.1768 0.3178 0.3772 0.1282 
         270  1 0.2519 0.3121 0.3002 0.1359 
         271  1 0.2910 0.2364 0.2263 0.2464 
         272  1 0.2914 0.2953 0.2481 0.1652 
         273  1 0.2936 0.1862 0.2835 0.2367 
         274  1 0.1543 0.5643 0.1557 0.1256 
         275  1 0.1861 0.3226 0.3436 0.1477 
         276  1 0.2364 0.1276 0.2167 0.4193 
         277  1 0.1273 0.1747 0.5642 0.1338 
         278  1 0.2006 0.2723 0.4243 0.1029 
         279  1 0.1967 0.1997 0.2457 0.3579 
         280  1 0.2068 0.2338 0.2368 0.3227 
         281  1 0.3252 0.2787 0.2677 0.1284 
         282  1 0.2270 0.3779 0.1997 0.1954 
         283  1 0.1857 0.2199 0.2521 0.3423 
         284  1 0.1758 0.1349 0.4653 0.2241 
         285  1 0.3303 0.2170 0.2027 0.2500 
         286  1 0.2785 0.2433 0.3242 0.1540 
         287  1 0.1561 0.2268 0.1838 0.4333 
         288  1 0.1349 0.1135 0.6373 0.1144 
         289  1 0.2382 0.2778 0.2269 0.2571 
         290  1 0.3635 0.2621 0.1768 0.1976 
         291  1 0.2694 0.2801 0.1189 0.3316 
         292  1 0.2631 0.1593 0.2728 0.3048 
         293  1 0.1730 0.4622 0.1453 0.2194 
         294  1 0.2635 0.2436 0.2983 0.1946 
         295  1 0.1419 0.1001 0.1077 0.6502 
         296  1 0.1578 0.2018 0.4143 0.2261 
         297  1 0.2043 0.3627 0.2369 0.1960 
         298  1 0.2581 0.2562 0.1683 0.3175 
         299  1 0.1584 0.1138 0.1323 0.5955 
         300  1 0.1873 0.3659 0.2202 0.2267 
         301  1 0.2118 0.2346 0.2308 0.3229 
         302  1 0.1699 0.1599 0.1146 0.5556 
         303  1 0.3288 0.3208 0.1886 0.1617 
         304  1 0.2630 0.2486 0.2377 0.2507 
         305  1 0.2538 0.2613 0.2003 0.2846 
         306  1 0.1580 0.1291 0.3673 0.3456 
         307  1 0.2473 0.2410 0.2673 0.2444 
         308  1 0.2621 0.2020 0.3022 0.2336 
         309  1 0.2226 0.2828 0.3418 0.1527 
         310  1 0.2626 0.2796 0.3109 0.1470 
         311  1 0.1826 0.1448 0.4026 0.2700 
         312  1 0.1764 0.3751 0.3067 0.1419 
         313  1 0.2199 0.2202 0.2883 0.2716 
         314  1 0.2815 0.1388 0.2925 0.2872 
         315  1 0.2046 0.1454 0.3348 0.3153 
         316  1 0.2501 0.2607 0.2595 0.2298 
         317  1 0.1640 0.3777 0.3174 0.1409 
         318  1 0.2027 0.4864 0.1771 0.1338 
         319  1 0.2740 0.2591 0.1698 0.2971 
         320  1 0.1538 0.1411 0.2577 0.4474 
         321  1 0.2838 0.3614 0.1426 0.2122 
         322  1 0.3302 0.2371 0.2362 0.1965 
         323  1 0.1673 0.2259 0.3608 0.2460 
         324  1 0.3998 0.2070 0.2403 0.1529 
         325  1 0.2081 0.3811 0.2120 0.1988 
         326  1 0.1706 0.1805 0.4998 0.1490 
         327  1 0.2330 0.3242 0.1981 0.2447 
         328  1 0.3039 0.2827 0.1922 0.2211 
         329  1 0.2681 0.1772 0.3421 0.2126 
         330  1 0.3905 0.1320 0.3141 0.1635 
         331  1 0.2661 0.1954 0.3297 0.2089 
         332  1 0.2555 0.3560 0.2427 0.1458 
         333  1 0.2236 0.2120 0.3816 0.1828 
         334  1 0.2071 0.3991 0.2424 0.1514 
         335  1 0.2251 0.2289 0.2871 0.2589 
         336  1 0.2465 0.2013 0.3292 0.2229 
         337  1 0.1853 0.4031 0.1976 0.2140 
         338  1 0.2352 0.1697 0.4018 0.1934 
         339  1 0.2738 0.1727 0.2028 0.3506 
         340  1 0.2443 0.4111 0.1871 0.1575 
         341  1 0.2139 0.1652 0.2040 0.4169 
         342  1 0.3086 0.2110 0.2897 0.1908 
         343  1 0.1967 0.2111 0.4413 0.1509 
         344  1 0.1941 0.4342 0.2202 0.1515 
         345  1 0.1816 0.2243 0.4166 0.1776 
         346  1 0.2373 0.2778 0.2028 0.2821 
         347  1 0.4037 0.1525 0.2031 0.2406 
         348  1 0.2030 0.2815 0.1925 0.3230 
         349  1 0.1736 0.2540 0.3682 0.2042 
         350  1 0.2640 0.2757 0.1998 0.2604 
         351  1 0.2241 0.2884 0.2079 0.2796 
         352  1 0.1986 0.2822 0.2621 0.2572 
         353  1 0.2100 0.1365 0.2571 0.3963 
         354  1 0.2549 0.1894 0.3547 0.2010 
         355  1 0.2267 0.2891 0.3016 0.1826 
         356  1 0.2049 0.2726 0.2293 0.2932 
         357  1 0.2917 0.2173 0.2451 0.2459 
         358  1 0.2061 0.1960 0.3589 0.2390 
         359  1 0.1889 0.1856 0.1604 0.4651 
         360  1 0.2392 0.3161 0.1623 0.2825 
         361  1 0.2226 0.1678 0.2326 0.3770 
         362  1 0.2290 0.3310 0.2324 0.2077 
         363  1 0.2300 0.4081 0.2146 0.1473 
         364  1 0.1779 0.3392 0.3028 0.1801 
         365  1 0.2212 0.3130 0.1831 0.2827 
         366  1 0.1883 0.2179 0.2192 0.3746 
         367  1 0.2414 0.2596 0.2216 0.2774 
         368  1 0.4237 0.1668 0.1421 0.2674 
         369  1 0.2358 0.1422 0.2895 0.3325 
         370  1 0.2381 0.1479 0.2736 0.3404 
         371  1 0.1559 0.1552 0.3769 0.3120 
         372  1 0.2096 0.1907 0.2056 0.3941 
         373  1 0.2212 0.2210 0.2475 0.3103 
         374  1 0.2902 0.2433 0.2392 0.2272 
         375  1 0.2618 0.2455 0.3038 0.1889 
         376  1 0.2354 0.3179 0.2094 0.2373 
         377  1 0.3663 0.1864 0.1263 0.3211 
         378  1 0.3608 0.2206 0.1919 0.2266 
         379  1 0.1676 0.1875 0.1374 0.5075 
         380  1 0.3712 0.1413 0.1475 0.3400 
         381  1 0.2204 0.2589 0.2606 0.2601 
         382  1 0.2409 0.2163 0.3107 0.2321 
         383  1 0.2084 0.1576 0.3538 0.2802 
         384  1 0.1871 0.3686 0.1082 0.3362 
         385  1 0.3028 0.3188 0.2412 0.1371 
         386  1 0.1663 0.1038 0.1130 0.6169 
         387  1 0.3606 0.2251 0.1878 0.2265 
         388  1 0.2189 0.2205 0.1280 0.4326 
         389  1 0.1665 0.2437 0.3773 0.2125 
         390  1 0.3587 0.1491 0.2914 0.2009 
         391  1 0.2182 0.2040 0.1415 0.4363 
         392  1 0.2048 0.1515 0.3968 0.2469 
         393  1 0.1915 0.3347 0.1148 0.3590 
         394  1 0.3433 0.1563 0.3906 0.1097 
         395  1 0.1958 0.2956 0.2895 0.2192 
         396  1 0.2308 0.3944 0.2159 0.1589 
         397  1 0.1582 0.4047 0.3127 0.1244 
         398  1 0.2810 0.2332 0.1899 0.2959 
         399  1 0.2281 0.2519 0.1819 0.3382 
         400  1 0.1722 0.1685 0.2868 0.3725 
         401  1 0.2804 0.3012 0.1563 0.2621 
         402  1 0.2458 0.3026 0.2300 0.2216 
         403  1 0.2227 0.3113 0.3528 0.1132 
         404  1 0.2699 0.1963 0.3150 0.2188 
         405  1 0.2892 0.3171 0.2267 0.1670 
         406  1 0.3244 0.1705 0.2695 0.2356 
         407  1 0.1821 0.2443 0.1319 0.4416 
         408  1 0.2994 0.2831 0.2006 0.2169 
         409  1 0.2291 0.2998 0.2180 0.2531 
         410  1 0.2403 0.2846 0.2648 0.2104 
         411  1 0.2260 0.3402 0.3189 0.1149 
         412  1 0.3448 0.2634 0.1237 0.2682 
         413  1 0.2055 0.2597 0.4264 0.1084 
         414  1 0.3263 0.2330 0.1524 0.2883 
         415  1 0.4299 0.1367 0.1467 0.2867 
         416  1 0.1678 0.5691 0.1408 0.1223 
         417  1 0.3659 0.1995 0.1872 0.2474 
         418  1 0.3347 0.2336 0.2060 0.2257 
         419  1 0.3267 0.1513 0.3014 0.2206 
         420  1 0.2340 0.4193 0.2167 0.1301 
         421  1 0.3346 0.2333 0.2743 0.1578 
         422  1 0.2972 0.1968 0.3128 0.1933 
         423  1 0.3085 0.2952 0.2194 0.1768 
         424  1 0.2236 0.3830 0.2487 0.1447 
         425  1 0.2807 0.1993 0.2540 0.2660 
         426  1 0.3056 0.1485 0.1791 0.3667 
         427  1 0.3594 0.1795 0.1690 0.2921 
         428  1 0.2964 0.2384 0.2024 0.2628 
         429  1 0.1545 0.1423 0.3352 0.3680 
         430  1 0.3878 0.1914 0.2029 0.2180 
         431  1 0.2745 0.3479 0.2281 0.1495 
         432  1 0.2142 0.2588 0.1989 0.3281 
         433  1 0.2765 0.2621 0.1580 0.3035 
         434  1 0.2360 0.3640 0.2063 0.1938 
         435  1 0.2197 0.3407 0.2302 0.2095 
         436  1 0.3468 0.1883 0.2639 0.2010 
         437  1 0.2129 0.3263 0.1558 0.3050 
         438  1 0.2381 0.1694 0.1231 0.4695 
         439  1 0.3672 0.1836 0.2418 0.2075 
         440  1 0.1857 0.1861 0.4661 0.1621 
         441  1 0.2352 0.2275 0.2047 0.3327 
         442  1 0.2569 0.3585 0.2430 0.1417 
         443  1 0.1928 0.2728 0.2956 0.2388 
         444  1 0.2042 0.2156 0.2142 0.3660 
         445  1 0.3096 0.1230 0.3451 0.2224 
         446  1 0.2892 0.2250 0.2778 0.2079 
         447  1 0.1999 0.4486 0.1661 0.1854 
         448  1 0.2231 0.2679 0.1853 0.3237 
         449  1 0.1655 0.2956 0.3060 0.2329 
         450  1 0.2219 0.2360 0.3955 0.1466 
         451  1 0.1892 0.1635 0.3614 0.2859 
         452  1 0.1708 0.1647 0.4882 0.1762 
         453  1 0.2170 0.3385 0.2136 0.2308 
         454  1 0.2104 0.3173 0.3515 0.1208 
         455  1 0.3953 0.1670 0.2222 0.2154 
         456  1 0.2667 0.1679 0.2407 0.3247 
         457  1 0.3140 0.1842 0.1651 0.3367 
         458  1 0.1640 0.1056 0.4845 0.2459 
         459  1 0.2543 0.1555 0.1986 0.3916 
         460  1 0.2263 0.3075 0.2389 0.2272 
         461  1 0.1403 0.6095 0.1384 0.1119 
         462  1 0.4220 0.2064 0.2497 0.1219 
         463  1 0.2925 0.1400 0.2053 0.3623 
         464  1 0.2742 0.2089 0.2201 0.2967 
         465  1 0.3017 0.1698 0.3231 0.2054 
         466  1 0.2660 0.1965 0.1511 0.3865 
         467  1 0.2303 0.1752 0.4110 0.1835 
         468  1 0.1862 0.2044 0.3131 0.2964 
         469  1 0.2565 0.1984 0.2192 0.3259 
         470  1 0.2669 0.2374 0.1440 0.3516 
         471  1 0.1260 0.1495 0.5872 0.1373 
         472  1 0.1713 0.3065 0.1199 0.4023 
         473  1 0.3535 0.2890 0.1559 0.2016 
         474  1 0.1928 0.3741 0.2484 0.1847 
         475  1 0.3090 0.1683 0.2762 0.2465 
         476  1 0.2289 0.1354 0.3273 0.3084 
         477  1 0.3350 0.2217 0.2505 0.1929 
         478  1 0.2195 0.4679 0.1396 0.1731 
         479  1 0.3213 0.1794 0.3291 0.1702 
         480  1 0.2065 0.4241 0.1393 0.2302 
         481  1 0.2791 0.1952 0.3067 0.2191 
         482  1 0.2150 0.2466 0.1435 0.3950 
         483  1 0.2063 0.1702 0.3668 0.2568 
         484  1 0.4477 0.2523 0.1843 0.1157 
         485  1 0.3640 0.1713 0.2999 0.1648 
         486  1 0.2273 0.2907 0.2635 0.2185 
         487  1 0.2139 0.2564 0.1929 0.3368 
         488  1 0.3115 0.1417 0.2239 0.3229 
         489  1 0.2240 0.3344 0.2357 0.2059 
         490  1 0.2523 0.2397 0.1765 0.3315 
         491  1 0.1826 0.2155 0.1272 0.4746 
         492  1 0.2829 0.1745 0.2986 0.2441 
         493  1 0.3395 0.2201 0.1982 0.2422 
         494  1 0.2541 0.1674 0.2198 0.3588 
         495  1 0.1507 0.1702 0.5583 0.1208 
         496  1 0.2456 0.3418 0.2753 0.1373 
         497  1 0.2843 0.4071 0.1586 0.1499 
         498  1 0.1727 0.4413 0.2253 0.1608 
         499  1 0.2003 0.2923 0.1429 0.3645 
         500  1 0.2049 0.1578 0.2896 0.3477 
         501  1 0.2416 0.3119 0.2802 0.1663 
         502  1 0.2611 0.2071 0.3112 0.2206 
         503  1 0.2202 0.3899 0.1840 0.2059 
         504  1 0.3473 0.3306 0.1714 0.1506 
         505  1 0.2158 0.1547 0.2784 0.3512 
         506  1 0.2903 0.2198 0.2947 0.1953 
         507  1 0.1840 0.2613 0.2812 0.2734 
         508  1 0.1804 0.5132 0.2047 0.1017 
         509  1 0.2550 0.1574 0.3752 0.2124 
         510  1 0.2617 0.3856 0.2229 0.1298 
         511  1 0.2060 0.2143 0.1797 0.4001 
         512  1 0.1816 0.5919 0.1150 0.1115 
         513  1 0.2524 0.2873 0.3494 0.1109 
         514  1 0.1960 0.4498 0.1829 0.1712 
         515  1 0.1326 0.1976 0.1089 0.5610 
         516  1 0.2173 0.1520 0.3876 0.2431 
         517  1 0.2761 0.1310 0.4027 0.1902 
         518  1 0.2370 0.4415 0.1778 0.1437 
         519  1 0.4208 0.2183 0.1954 0.1655 
         520  1 0.2195 0.1936 0.2502 0.3368 
         521  1 0.3073 0.2956 0.1752 0.2220 
         522  1 0.3407 0.2146 0.2739 0.1708 
         523  1 0.2721 0.2252 0.2190 0.2837 
         524  1 0.1923 0.1113 0.5504 0.1460 
         525  1 0.2607 0.2084 0.1998 0.3312 
         526  1 0.1612 0.3810 0.2005 0.2573 
         527  1 0.2612 0.3141 0.2081 0.2166 
         528  1 0.2371 0.1739 0.1279 0.4611 
         529  1 0.3073 0.2342 0.2329 0.2255 
         530  1 0.3045 0.2019 0.1670 0.3266 
         531  1 0.2499 0.1585 0.2675 0.3240 
         532  1 0.1804 0.1506 0.5709 0.0980 
         533  1 0.1577 0.5735 0.1272 0.1416 
         534  1 0.2651 0.1964 0.1933 0.3451 
         535  1 0.2060 0.2573 0.2266 0.3100 
         536  1 0.2297 0.3132 0.2673 0.1898 
         537  1 0.2345 0.2560 0.1472 0.3623 
         538  1 0.2510 0.1979 0.3335 0.2176 
         539  1 0.2140 0.3184 0.1897 0.2780 
         540  1 0.1720 0.2158 0.2883 0.3240 
         541  1 0.2837 0.1656 0.2796 0.2711 
         542  1 0.1797 0.1643 0.1582 0.4979 
         543  1 0.2428 0.1090 0.1286 0.5196 
         544  1 0.2527 0.1611 0.1676 0.4186 
         545  1 0.2026 0.2874 0.2257 0.2843 
         546  1 0.1636 0.2016 0.1748 0.4600 
         547  1 0.2932 0.1993 0.2989 0.2087 
         548  1 0.2453 0.2782 0.2296 0.2469 
         549  1 0.2657 0.2554 0.2528 0.2261 
         550  1 0.2335 0.3601 0.1884 0.2180 
         551  1 0.2107 0.1924 0.1659 0.4310 
         552  1 0.1924 0.3850 0.1967 0.2258 
         553  1 0.2400 0.2519 0.3313 0.1769 
         554  1 0.2095 0.1866 0.0982 0.5057 
         555  1 0.2746 0.2290 0.3092 0.1873 
         556  1 0.1937 0.4536 0.2322 0.1205 
         557  1 0.3712 0.2121 0.2089 0.2078 
         558  1 0.1765 0.1236 0.3191 0.3808 
         559  1 0.2543 0.2606 0.2412 0.2440 
         560  1 0.2553 0.1849 0.1410 0.4187 
         561  1 0.2480 0.1885 0.3608 0.2027 
         562  1 0.1822 0.2513 0.1846 0.3819 
         563  1 0.3204 0.1701 0.2655 0.2440 
         564  1 0.2333 0.3260 0.2212 0.2195 
         565  1 0.2678 0.2239 0.2403 0.2680 
         566  1 0.2460 0.2870 0.2657 0.2013 
         567  1 0.2348 0.1550 0.3221 0.2881 
         568  1 0.2798 0.3316 0.1425 0.2461 
         569  1 0.1776 0.3148 0.3503 0.1573 
         570  1 0.1969 0.2765 0.2749 0.2517 
         571  1 0.2584 0.2452 0.2430 0.2534 
         572  1 0.1787 0.5075 0.1515 0.1623 
         573  1 0.2478 0.1708 0.2664 0.3150 
         574  1 0.2599 0.2020 0.3594 0.1787 
         575  1 0.1528 0.1456 0.4435 0.2582 
         576  1 0.3247 0.1929 0.1982 0.2842 
         577  1 0.2102 0.3345 0.2695 0.1858 
         578  1 0.2429 0.1453 0.3789 0.2328 
         579  1 0.1955 0.2560 0.3068 0.2417 
         580  1 0.3438 0.3151 0.1919 0.1491 
         581  1 0.2139 0.1628 0.2611 0.3621 
         582  1 0.3173 0.2250 0.3065 0.1512 
         583  1 0.2632 0.1881 0.2274 0.3213 
         584  1 0.3339 0.1863 0.2033 0.2766 
         585  1 0.2300 0.2622 0.3141 0.1937 
         586  1 0.2445 0.1465 0.3238 0.2852 
         587  1 0.2749 0.3087 0.2853 0.1311 
         588  1 0.2186 0.2396 0.3845 0.1572 
         589  1 0.2873 0.2006 0.2078 0.3044 
         590  1 0.2039 0.2379 0.3564 0.2019 
         591  1 0.3192 0.1730 0.2379 0.2698 
         592  1 0.2283 0.3609 0.2491 0.1617 
         593  1 0.2604 0.1583 0.2672 0.3141 
         594  1 0.2505 0.2337 0.1640 0.3518 
         595  1 0.2140 0.2710 0.2128 0.3022 
         596  1 0.2980 0.3093 0.1935 0.1992 
         597  1 0.2381 0.2718 0.2032 0.2869 
         598  1 0.1741 0.2106 0.2346 0.3807 
         599  1 0.1807 0.1177 0.3186 0.3830 
         600  1 0.2599 0.2701 0.2471 0.2229 
         601  1 0.2980 0.2685 0.2594 0.1741 
         602  1 0.2073 0.3211 0.3111 0.1606 
         603  1 0.3229 0.3015 0.1756 0.2000 
         604  1 0.2862 0.2790 0.1579 0.2769 
         605  1 0.2423 0.4775 0.1662 0.1140 
         606  1 0.2458 0.1548 0.2015 0.3979 
         607  1 0.3418 0.2443 0.2475 0.1665 
         608  1 0.3089 0.2878 0.1852 0.2181 
         609  1 0.2873 0.2240 0.2088 0.2799 
         610  1 0.1972 0.1374 0.4840 0.1813 
         611  1 0.2847 0.1657 0.3466 0.2030 
         612  1 0.2039 0.2107 0.3414 0.2439 
         613  1 0.2669 0.2754 0.2737 0.1840 
         614  1 0.2348 0.2474 0.1820 0.3357 
         615  1 0.2822 0.4358 0.1752 0.1068 
         616  1 0.3152 0.2002 0.3078 0.1768 
         617  1 0.2943 0.2531 0.2271 0.2254 
         618  1 0.2038 0.2186 0.4646 0.1131 
         619  1 0.3478 0.1340 0.2868 0.2314 
         620  1 0.2376 0.1646 0.1507 0.4470 
         621  1 0.2600 0.2824 0.1953 0.2623 
         622  1 0.3264 0.2620 0.2324 0.1792 
         623  1 0.2857 0.2276 0.2966 0.1902 
         624  1 0.2369 0.2425 0.3869 0.1337 
         625  1 0.2313 0.2414 0.2123 0.3150 
         626  1 0.1906 0.1877 0.4839 0.1379 
         627  1 0.2161 0.3576 0.1361 0.2902 
         628  1 0.2539 0.4049 0.1602 0.1810 
         629  1 0.2600 0.2113 0.3339 0.1948 
         630  1 0.2246 0.3155 0.1926 0.2673 
         631  1 0.2366 0.2742 0.1726 0.3166 
         632  1 0.2235 0.1704 0.1575 0.4486 
         633  1 0.2617 0.2750 0.2432 0.2201 
         634  1 0.2422 0.2196 0.4063 0.1319 
         635  1 0.2080 0.4215 0.2023 0.1681 
         636  1 0.2031 0.2818 0.2707 0.2444 
         637  1 0.2172 0.3174 0.2058 0.2596 
         638  1 0.1778 0.2314 0.4627 0.1281 
         639  1 0.3847 0.2357 0.1707 0.2089 
         640  1 0.2295 0.2939 0.2328 0.2438 
         641  1 0.3019 0.2131 0.2597 0.2253 
         642  1 0.2522 0.1693 0.3876 0.1909 
         643  1 0.2124 0.4474 0.1383 0.2019 
         644  1 0.2610 0.1573 0.4830 0.0986 
         645  1 0.2352 0.2059 0.1869 0.3720 
         646  1 0.1889 0.2481 0.3399 0.2231 
         647  1 0.1651 0.3995 0.1536 0.2817 
         648  1 0.4702 0.2019 0.1457 0.1822 
         649  1 0.1884 0.1206 0.3384 0.3526 
         650  1 0.2561 0.1581 0.3163 0.2695 
         651  1 0.6971 0.1017 0.0774 0.1238 
         652  1 0.1725 0.1570 0.1166 0.5539 
         653  1 0.1620 0.1600 0.1652 0.5128 
         654  1 0.2815 0.2606 0.2087 0.2492 
         655  1 0.3864 0.2708 0.1706 0.1722 
         656  1 0.1435 0.6291 0.1292 0.0982 
         657  1 0.3246 0.2347 0.2321 0.2087 
         658  1 0.2757 0.1614 0.1965 0.3663 
         659  1 0.2378 0.2632 0.2018 0.2972 
         660  1 0.2261 0.3028 0.2149 0.2562 
         661  1 0.2760 0.2399 0.3745 0.1096 
         662  1 0.2286 0.1950 0.4403 0.1361 
         663  1 0.2908 0.3200 0.1957 0.1935 
         664  1 0.2239 0.2422 0.2218 0.3121 
         665  1 0.2225 0.2560 0.1571 0.3644 
         666  1 0.3815 0.2063 0.1366 0.2756 
         667  1 0.2418 0.1214 0.3551 0.2817 
         668  1 0.4133 0.2316 0.1864 0.1687 
         669  1 0.2943 0.1860 0.2061 0.3136 
         670  1 0.1868 0.2779 0.2584 0.2769 
         671  1 0.1480 0.5582 0.1613 0.1325 
         672  1 0.1809 0.1526 0.1472 0.5193 
         673  1 0.2307 0.3381 0.2465 0.1848 
         674  1 0.2482 0.3701 0.1963 0.1855 
         675  1 0.2264 0.4964 0.1124 0.1648 
         676  1 0.2758 0.1991 0.4087 0.1164 
         677  1 0.2016 0.1512 0.4430 0.2042 
         678  1 0.2341 0.2477 0.2716 0.2467 
         679  1 0.2421 0.3439 0.1990 0.2151 
         680  1 0.2278 0.1770 0.4047 0.1904 
         681  1 0.2425 0.3597 0.1476 0.2502 
         682  1 0.3456 0.3070 0.2396 0.1077 
         683  1 0.2708 0.2485 0.2968 0.1840 
         684  1 0.2740 0.2163 0.1129 0.3968 
         685  1 0.2277 0.3389 0.2196 0.2138 
         686  1 0.2645 0.2780 0.1818 0.2757 
         687  1 0.2825 0.3840 0.1551 0.1785 
         688  1 0.4083 0.1376 0.2269 0.2272 
         689  1 0.1615 0.6346 0.1093 0.0946 
         690  1 0.3019 0.2449 0.1832 0.2699 
         691  1 0.2408 0.3405 0.1407 0.2781 
         692  1 0.1760 0.1639 0.4237 0.2364 
         693  1 0.3679 0.1820 0.3010 0.1492 
         694  1 0.2004 0.1988 0.2248 0.3759 
         695  1 0.2006 0.4966 0.1692 0.1336 
         696  1 0.2470 0.1644 0.2939 0.2947 
         697  1 0.1887 0.1871 0.2604 0.3638 
         698  1 0.2342 0.4234 0.1591 0.1833 
         699  1 0.2343 0.4807 0.1400 0.1450 
         700  1 0.2713 0.1332 0.3732 0.2224 
         701  1 0.2925 0.2664 0.2053 0.2359 
         702  1 0.2302 0.2334 0.2337 0.3027 
         703  1 0.3092 0.1172 0.3261 0.2476 
         704  1 0.2404 0.2108 0.3954 0.1534 
         705  1 0.1972 0.1690 0.2180 0.4158 
         706  1 0.2368 0.1969 0.3051 0.2612 
         707  1 0.3407 0.1979 0.2594 0.2019 
         708  1 0.2123 0.1794 0.2528 0.3555 
         709  1 0.2313 0.3039 0.2927 0.1721 
         710  1 0.1972 0.1922 0.2910 0.3196 
         711  1 0.2463 0.2015 0.2152 0.3370 
         712  1 0.2499 0.4672 0.1635 0.1195 
         713  1 0.2438 0.2784 0.2136 0.2642 
         714  1 0.2987 0.1761 0.2786 0.2467 
         715  1 0.3137 0.2243 0.2159 0.2461 
         716  1 0.2045 0.4446 0.1733 0.1776 
         717  1 0.3099 0.1719 0.1575 0.3607 
         718  1 0.1847 0.2182 0.3300 0.2671 
         719  1 0.2765 0.2130 0.3892 0.1212 
         720  1 0.1998 0.1886 0.1948 0.4168 
         721  1 0.1973 0.3635 0.2763 0.1629 
         722  1 0.3079 0.1184 0.2465 0.3272 
         723  1 0.2304 0.2314 0.3340 0.2042 
         724  1 0.1592 0.5175 0.1204 0.2029 
         725  1 0.2029 0.3315 0.3051 0.1605 
         726  1 0.2099 0.2700 0.2944 0.2256 
         727  1 0.1952 0.2815 0.2115 0.3117 
         728  1 0.3654 0.1645 0.2189 0.2512 
         729  1 0.3607 0.2920 0.1939 0.1534 
         730  1 0.1966 0.1350 0.2170 0.4514 
         731  1 0.2460 0.2292 0.1800 0.3449 
         732  1 0.2207 0.1748 0.2305 0.3740 
         733  1 0.2065 0.4011 0.1593 0.2331 
         734  1 0.3177 0.2087 0.2416 0.2320 
         735  1 0.2828 0.1717 0.2874 0.2581 
         736  1 0.3194 0.1804 0.2461 0.2541 
         737  1 0.1432 0.5451 0.1501 0.1616 
         738  1 0.2819 0.2056 0.2626 0.2498 
         739  1 0.2782 0.1862 0.1768 0.3588 
         740  1 0.2350 0.2391 0.1818 0.3441 
         741  1 0.3361 0.2148 0.1988 0.2504 
         742  1 0.3504 0.1621 0.3173 0.1702 
         743  1 0.1998 0.5537 0.1110 0.1355 
         744  1 0.1887 0.4749 0.1461 0.1902 
         745  1 0.2195 0.1929 0.3852 0.2025 
         746  1 0.2164 0.1589 0.4830 0.1417 
         747  1 0.1531 0.1762 0.2199 0.4508 
         748  1 0.1843 0.3457 0.2265 0.2436 
         749  1 0.1930 0.3739 0.1747 0.2584 
         750  1 0.2692 0.2251 0.2812 0.2245 
         751  1 0.2828 0.1966 0.1966 0.3240 
         752  1 0.2241 0.4105 0.2117 0.1537 
         753  1 0.1733 0.3096 0.1765 0.3405 
         754  1 0.1699 0.1265 0.3724 0.3312 
         755  1 0.2042 0.3261 0.1971 0.2726 
         756  1 0.2927 0.1350 0.2929 0.2794 
         757  1 0.3192 0.1761 0.2401 0.2646 
         758  1 0.1729 0.1350 0.2036 0.4884 
         759  1 0.2160 0.2865 0.3006 0.1969 
         760  1 0.1765 0.4430 0.2565 0.1240 
         761  1 0.2433 0.2108 0.3292 0.2167 
         762  1 0.1590 0.1449 0.1182 0.5779 
         763  1 0.2681 0.3237 0.2363 0.1719 
         764  1 0.2705 0.2020 0.3117 0.2158 
         765  1 0.1883 0.1627 0.4964 0.1526 
         766  1 0.2571 0.2132 0.1677 0.3620 
         767  1 0.1755 0.2336 0.1337 0.4572 
         768  1 0.2867 0.1908 0.2099 0.3126 
         769  1 0.2089 0.1453 0.4374 0.2084 
         770  1 0.2022 0.4322 0.2403 0.1253 
         771  1 0.2394 0.3507 0.2507 0.1592 
         772  1 0.2661 0.2179 0.3629 0.1532 
         773  1 0.2297 0.1372 0.1775 0.4556 
         774  1 0.1676 0.1924 0.2435 0.3966 
         775  1 0.2335 0.1576 0.4336 0.1753 
         776  1 0.2744 0.2367 0.3115 0.1774 
         777  1 0.2232 0.2600 0.2676 0.2493 
         778  1 0.3160 0.2226 0.2604 0.2010 
         779  1 0.2377 0.2760 0.2605 0.2258 
         780  1 0.1589 0.4382 0.2591 0.1438 
         781  1 0.2443 0.1620 0.3114 0.2823 
