           1  1 0.2035 0.2312 0.2560 0.3093 
           2  1 0.2029 0.2253 0.2812 0.2906 
           3  1 0.2869 0.2550 0.1860 0.2721 
           4  1 0.1967 0.2260 0.1574 0.4199 
           5  1 0.1995 0.2016 0.4419 0.1569 
           6  1 0.2321 0.2714 0.2662 0.2303 
           7  1 0.2720 0.2430 0.2746 0.2104 
           8  1 0.2984 0.2999 0.2200 0.1817 
           9  1 0.1962 0.1997 0.1417 0.4623 
          10  1 0.3755 0.4118 0.1062 0.1065 
          11  1 0.2912 0.2990 0.2525 0.1574 
          12  1 0.2859 0.3241 0.1902 0.1998 
          13  1 0.2971 0.3074 0.1703 0.2252 
          14  1 0.1531 0.1434 0.2052 0.4983 
          15  1 0.1341 0.1178 0.5984 0.1496 
          16  1 0.3238 0.3177 0.2107 0.1479 
          17  1 0.2508 0.2188 0.1760 0.3543 
          18  1 0.1455 0.1600 0.2641 0.4304 
          19  1 0.1718 0.1712 0.2092 0.4478 
          20  1 0.2759 0.2605 0.1253 0.3384 
          21  1 0.3071 0.3543 0.2072 0.1314 
          22  1 0.2164 0.2126 0.1822 0.3888 
          23  1 0.2182 0.2382 0.3969 0.1468 
          24  1 0.2912 0.3359 0.1545 0.2183 
          25  1 0.2608 0.2506 0.2503 0.2383 
          26  1 0.2040 0.2205 0.2960 0.2795 
          27  1 0.2710 0.2395 0.1983 0.2911 
          28  1 0.2709 0.2946 0.3057 0.1289 
          29  1 0.1777 0.1746 0.2557 0.3920 
          30  1 0.2379 0.2318 0.1865 0.3438 
          31  1 0.3022 0.3184 0.1601 0.2193 
          32  1 0.1693 0.1709 0.4938 0.1660 
          33  1 0.1845 0.1882 0.3653 0.2619 
          34  1 0.2015 0.2213 0.2550 0.3222 
          35  1 0.1656 0.1660 0.2924 0.3760 
          36  1 0.1902 0.1720 0.3430 0.2948 
          37  1 0.2135 0.2229 0.2961 0.2675 
          38  1 0.2438 0.2347 0.2224 0.2991 
          39  1 0.2756 0.2953 0.2396 0.1895 
          40  1 0.2733 0.2400 0.2989 0.1878 
          41  1 0.3053 0.3428 0.1573 0.1946 
          42  1 0.2572 0.2211 0.3885 0.1333 
          43  1 0.2199 0.2312 0.1419 0.4071 
          44  1 0.2669 0.2573 0.1816 0.2942 
          45  1 0.2252 0.2452 0.3726 0.1571 
          46  1 0.2673 0.2340 0.3135 0.1853 
          47  1 0.2848 0.2706 0.1599 0.2846 
          48  1 0.1191 0.1143 0.6018 0.1648 
          49  1 0.2636 0.2735 0.0902 0.3727 
          50  1 0.2427 0.2177 0.2010 0.3387 
          51  1 0.2297 0.2676 0.1703 0.3324 
          52  1 0.3604 0.3751 0.1287 0.1358 
          53  1 0.2591 0.2699 0.1870 0.2841 
          54  1 0.2240 0.2463 0.2097 0.3200 
          55  1 0.1890 0.1787 0.4644 0.1678 
          56  1 0.1691 0.1861 0.5293 0.1155 
          57  1 0.2847 0.2929 0.1755 0.2469 
          58  1 0.1057 0.1129 0.6714 0.1100 
          59  1 0.2811 0.2272 0.3476 0.1440 
          60  1 0.2628 0.2406 0.1908 0.3058 
          61  1 0.3026 0.2819 0.1596 0.2559 
          62  1 0.3125 0.3321 0.2499 0.1055 
          63  1 0.3352 0.3110 0.1795 0.1743 
          64  1 0.2910 0.3237 0.1753 0.2101 
          65  1 0.2845 0.2572 0.2029 0.2554 
          66  1 0.2704 0.2560 0.1855 0.2882 
          67  1 0.3372 0.3911 0.1166 0.1551 
          68  1 0.3011 0.2531 0.1972 0.2487 
          69  1 0.3447 0.3745 0.1614 0.1195 
          70  1 0.2106 0.2268 0.3416 0.2210 
          71  1 0.2850 0.3288 0.1765 0.2097 
          72  1 0.2896 0.3477 0.1695 0.1932 
          73  1 0.2037 0.1872 0.3314 0.2777 
          74  1 0.2686 0.2832 0.1602 0.2880 
          75  1 0.2344 0.2266 0.2264 0.3127 
          76  1 0.3285 0.2854 0.1717 0.2144 
          77  1 0.2443 0.2271 0.3173 0.2112 
          78  1 0.3008 0.3036 0.1499 0.2457 
          79  1 0.2351 0.2898 0.3056 0.1695 
          80  1 0.3137 0.2911 0.2027 0.1924 
          81  1 0.3614 0.3891 0.1111 0.1384 
          82  1 0.2479 0.2661 0.3482 0.1378 
          83  1 0.4261 0.3391 0.1023 0.1325 
          84  1 0.2982 0.2687 0.2267 0.2064 
          85  1 0.2489 0.2518 0.3098 0.1896 
          86  1 0.2536 0.2370 0.3793 0.1302 
          87  1 0.3741 0.3670 0.1109 0.1481 
          88  1 0.2093 0.2015 0.3777 0.2115 
          89  1 0.2572 0.2201 0.1653 0.3574 
          90  1 0.2940 0.2796 0.2745 0.1519 
          91  1 0.2677 0.2676 0.2396 0.2251 
          92  1 0.2637 0.2955 0.3180 0.1228 
          93  1 0.3474 0.3069 0.1385 0.2073 
          94  1 0.2453 0.2493 0.1250 0.3804 
          95  1 0.2278 0.2550 0.3208 0.1964 
          96  1 0.2255 0.2045 0.2320 0.3380 
          97  1 0.3183 0.3499 0.1689 0.1629 
          98  1 0.2950 0.2730 0.1917 0.2403 
          99  1 0.3163 0.3427 0.1507 0.1903 
         100  1 0.2549 0.2576 0.2060 0.2815 
         101  1 0.2970 0.2808 0.1643 0.2579 
         102  1 0.1842 0.1814 0.4455 0.1888 
         103  1 0.1523 0.1413 0.3663 0.3401 
         104  1 0.2985 0.2920 0.2273 0.1822 
         105  1 0.2341 0.2402 0.1847 0.3409 
         106  1 0.2625 0.2594 0.2267 0.2514 
         107  1 0.2825 0.2881 0.2975 0.1319 
         108  1 0.2888 0.3118 0.2764 0.1230 
         109  1 0.2873 0.2417 0.1740 0.2970 
         110  1 0.1407 0.1509 0.1563 0.5520 
         111  1 0.2135 0.2017 0.3267 0.2580 
         112  1 0.1857 0.1832 0.2224 0.4087 
         113  1 0.2639 0.2723 0.3129 0.1509 
         114  1 0.2214 0.1871 0.1839 0.4076 
         115  1 0.2861 0.3173 0.2512 0.1455 
         116  1 0.2543 0.2694 0.2954 0.1808 
         117  1 0.1480 0.1575 0.5496 0.1449 
         118  1 0.1941 0.1942 0.1601 0.4515 
         119  1 0.1667 0.1568 0.4330 0.2436 
         120  1 0.1392 0.1393 0.4951 0.2264 
         121  1 0.2613 0.2558 0.1695 0.3133 
         122  1 0.3478 0.3825 0.1046 0.1651 
         123  1 0.1572 0.1651 0.5002 0.1775 
         124  1 0.3382 0.3370 0.1608 0.1640 
         125  1 0.2126 0.2055 0.4651 0.1169 
         126  1 0.2554 0.2783 0.2375 0.2288 
         127  1 0.2597 0.3044 0.2622 0.1737 
         128  1 0.2203 0.2406 0.4233 0.1158 
         129  1 0.3287 0.3792 0.1679 0.1242 
         130  1 0.2622 0.3083 0.1406 0.2888 
         131  1 0.3556 0.3300 0.1701 0.1442 
         132  1 0.1393 0.1427 0.5789 0.1391 
         133  1 0.1532 0.1592 0.2977 0.3899 
         134  1 0.2603 0.2582 0.2592 0.2222 
         135  1 0.1455 0.1666 0.1145 0.5734 
         136  1 0.2659 0.2354 0.2858 0.2128 
         137  1 0.3256 0.3189 0.1967 0.1588 
         138  1 0.2194 0.2196 0.3245 0.2366 
         139  1 0.1830 0.2110 0.3317 0.2744 
         140  1 0.3779 0.3354 0.1413 0.1454 
         141  1 0.1850 0.2123 0.2385 0.3643 
         142  1 0.1678 0.1474 0.5400 0.1448 
         143  1 0.3406 0.3370 0.1764 0.1461 
         144  1 0.2769 0.2367 0.2345 0.2520 
         145  1 0.1690 0.1735 0.2680 0.3895 
         146  1 0.2418 0.2668 0.1470 0.3444 
         147  1 0.2506 0.2343 0.2309 0.2842 
         148  1 0.2632 0.2489 0.1665 0.3214 
         149  1 0.2047 0.2123 0.4366 0.1464 
         150  1 0.2014 0.2122 0.1113 0.4750 
         151  1 0.2242 0.2318 0.1443 0.3997 
         152  1 0.2752 0.2697 0.1959 0.2593 
         153  1 0.2937 0.2659 0.1869 0.2535 
         154  1 0.2510 0.2651 0.2721 0.2117 
         155  1 0.1759 0.1672 0.5249 0.1320 
         156  1 0.2666 0.2819 0.1855 0.2660 
         157  1 0.2685 0.2676 0.2771 0.1868 
         158  1 0.3248 0.3510 0.1997 0.1245 
         159  1 0.2179 0.2192 0.3906 0.1723 
         160  1 0.2143 0.2353 0.3679 0.1824 
         161  1 0.1521 0.1588 0.3624 0.3266 
         162  1 0.1966 0.1950 0.2282 0.3801 
         163  1 0.1962 0.1932 0.2221 0.3885 
         164  1 0.2212 0.1863 0.5012 0.0913 
         165  1 0.2887 0.2798 0.2111 0.2203 
         166  1 0.2527 0.2946 0.2391 0.2136 
         167  1 0.1200 0.1376 0.5967 0.1457 
         168  1 0.2452 0.2433 0.2501 0.2614 
         169  1 0.2570 0.3000 0.2189 0.2241 
         170  1 0.2131 0.2463 0.1134 0.4272 
         171  1 0.2214 0.2292 0.3314 0.2179 
         172  1 0.2089 0.2026 0.1468 0.4418 
         173  1 0.2018 0.2254 0.3691 0.2037 
         174  1 0.3040 0.2668 0.2117 0.2175 
         175  1 0.2469 0.2586 0.1466 0.3479 
         176  1 0.1888 0.1847 0.1269 0.4997 
         177  1 0.4138 0.3410 0.1230 0.1222 
         178  1 0.2913 0.3028 0.1830 0.2229 
         179  1 0.2425 0.2366 0.3307 0.1902 
         180  1 0.2810 0.2753 0.1509 0.2928 
         181  1 0.1691 0.1853 0.4152 0.2304 
         182  1 0.4665 0.3512 0.1030 0.0793 
         183  1 0.1475 0.1703 0.1999 0.4822 
         184  1 0.2579 0.2664 0.1845 0.2911 
         185  1 0.2119 0.2108 0.3085 0.2688 
         186  1 0.2176 0.1971 0.2636 0.3217 
         187  1 0.1996 0.2173 0.1795 0.4036 
         188  1 0.1811 0.1697 0.4042 0.2449 
         189  1 0.2492 0.2370 0.1739 0.3399 
         190  1 0.2464 0.2647 0.1751 0.3138 
         191  1 0.2183 0.2324 0.2787 0.2707 
         192  1 0.3189 0.3347 0.2132 0.1333 
         193  1 0.2213 0.2208 0.2265 0.3315 
         194  1 0.1911 0.1827 0.4222 0.2039 
         195  1 0.3335 0.3492 0.1532 0.1641 
         196  1 0.2017 0.2189 0.2235 0.3558 
         197  1 0.2053 0.1784 0.4136 0.2026 
         198  1 0.1615 0.1935 0.2575 0.3875 
         199  1 0.3719 0.3211 0.2011 0.1059 
         200  1 0.1800 0.2024 0.3440 0.2737 
         201  1 0.3935 0.3214 0.1275 0.1576 
         202  1 0.2507 0.2337 0.2133 0.3023 
         203  1 0.3204 0.2894 0.2298 0.1605 
         204  1 0.2782 0.2727 0.1477 0.3014 
         205  1 0.3137 0.3030 0.1982 0.1851 
         206  1 0.3178 0.3647 0.1642 0.1533 
         207  1 0.2826 0.2705 0.2983 0.1486 
         208  1 0.2639 0.2535 0.1403 0.3423 
         209  1 0.2893 0.3087 0.2628 0.1392 
         210  1 0.2421 0.2543 0.1945 0.3092 
         211  1 0.3677 0.3360 0.1278 0.1684 
         212  1 0.1552 0.1426 0.2709 0.4312 
         213  1 0.2247 0.2286 0.3512 0.1955 
         214  1 0.3077 0.4118 0.1240 0.1565 
         215  1 0.1964 0.1916 0.3492 0.2628 
         216  1 0.2756 0.2894 0.2405 0.1945 
         217  1 0.1901 0.2038 0.3008 0.3053 
         218  1 0.1693 0.1902 0.4676 0.1730 
         219  1 0.2107 0.1932 0.1741 0.4220 
         220  1 0.3075 0.3040 0.2080 0.1805 
         221  1 0.3948 0.3447 0.1382 0.1223 
         222  1 0.2341 0.2321 0.2945 0.2393 
         223  1 0.2263 0.2307 0.3621 0.1809 
         224  1 0.3051 0.3175 0.1881 0.1893 
         225  1 0.3607 0.3678 0.1347 0.1368 
         226  1 0.1869 0.1876 0.2657 0.3597 
         227  1 0.3059 0.3295 0.2116 0.1530 
         228  1 0.2419 0.2315 0.2649 0.2618 
         229  1 0.2782 0.2709 0.2217 0.2292 
         230  1 0.1248 0.1228 0.1730 0.5793 
         231  1 0.2532 0.2461 0.2308 0.2699 
         232  1 0.3383 0.2811 0.2722 0.1084 
         233  1 0.1715 0.1817 0.1690 0.4778 
         234  1 0.2446 0.2616 0.2466 0.2471 
         235  1 0.2532 0.2435 0.1971 0.3063 
         236  1 0.2114 0.1807 0.3594 0.2485 
         237  1 0.3313 0.2933 0.2216 0.1537 
         238  1 0.2192 0.2267 0.2071 0.3470 
         239  1 0.2204 0.2253 0.1655 0.3888 
         240  1 0.2507 0.2261 0.2441 0.2792 
         241  1 0.3182 0.3389 0.1639 0.1790 
         242  1 0.2892 0.3115 0.2271 0.1722 
         243  1 0.2232 0.2401 0.3594 0.1773 
         244  1 0.3683 0.3214 0.1509 0.1594 
         245  1 0.2063 0.2065 0.2686 0.3186 
         246  1 0.1918 0.1974 0.3651 0.2457 
         247  1 0.2593 0.2589 0.1686 0.3132 
         248  1 0.2419 0.2700 0.1666 0.3215 
         249  1 0.2188 0.2460 0.1987 0.3364 
         250  1 0.1635 0.1534 0.4731 0.2100 
         251  1 0.2054 0.2146 0.3416 0.2385 
         252  1 0.3249 0.3466 0.1701 0.1584 
         253  1 0.2537 0.2702 0.3114 0.1647 
         254  1 0.1623 0.1788 0.2123 0.4466 
         255  1 0.3360 0.2761 0.1726 0.2153 
         256  1 0.2133 0.2300 0.4013 0.1553 
         257  1 0.2506 0.3172 0.1885 0.2437 
         258  1 0.2707 0.2466 0.2186 0.2641 
         259  1 0.2753 0.3154 0.1393 0.2699 
         260  1 0.2966 0.2867 0.2602 0.1565 
         261  1 0.2455 0.2642 0.1622 0.3280 
         262  1 0.2567 0.2306 0.2525 0.2603 
         263  1 0.2517 0.2778 0.1341 0.3364 
         264  1 0.2783 0.2580 0.2497 0.2140 
         265  1 0.3105 0.2883 0.1383 0.2629 
         266  1 0.2102 0.2272 0.3593 0.2033 
         267  1 0.2963 0.2625 0.1901 0.2511 
         268  1 0.1566 0.1895 0.1714 0.4825 
         269  1 0.2980 0.2792 0.1202 0.3026 
         270  1 0.2856 0.2638 0.1284 0.3222 
         271  1 0.2549 0.2589 0.2383 0.2479 
         272  1 0.2703 0.3029 0.1475 0.2793 
         273  1 0.2953 0.2804 0.2428 0.1816 
         274  1 0.1466 0.1372 0.1130 0.6033 
         275  1 0.2977 0.2489 0.1371 0.3162 
         276  1 0.2324 0.2487 0.4074 0.1115 
         277  1 0.3997 0.3179 0.1169 0.1655 
         278  1 0.3435 0.3238 0.0942 0.2385 
         279  1 0.2233 0.2003 0.3555 0.2209 
         280  1 0.2255 0.2073 0.3070 0.2602 
         281  1 0.2514 0.2949 0.1299 0.3239 
         282  1 0.2218 0.2760 0.1668 0.3355 
         283  1 0.2424 0.2137 0.3307 0.2132 
         284  1 0.3643 0.2882 0.2253 0.1221 
         285  1 0.2635 0.2878 0.2374 0.2112 
         286  1 0.3043 0.3205 0.1446 0.2305 
         287  1 0.1775 0.1562 0.4459 0.2205 
         288  1 0.4559 0.3499 0.0966 0.0976 
         289  1 0.2310 0.2169 0.2638 0.2883 
         290  1 0.2504 0.2536 0.2212 0.2748 
         291  1 0.1381 0.1583 0.3896 0.3140 
         292  1 0.2670 0.2783 0.2947 0.1601 
         293  1 0.1461 0.1583 0.2090 0.4866 
         294  1 0.2911 0.3046 0.1771 0.2271 
         295  1 0.1161 0.1333 0.6614 0.0893 
         296  1 0.3278 0.2664 0.2132 0.1926 
         297  1 0.2444 0.2308 0.1843 0.3405 
         298  1 0.2270 0.2888 0.2698 0.2143 
         299  1 0.1359 0.1433 0.6236 0.0973 
         300  1 0.2085 0.2189 0.2194 0.3532 
         301  1 0.2277 0.2280 0.3194 0.2250 
         302  1 0.1145 0.1116 0.6152 0.1586 
         303  1 0.2266 0.2341 0.1728 0.3665 
         304  1 0.2503 0.2973 0.2244 0.2280 
         305  1 0.2337 0.2085 0.2985 0.2592 
         306  1 0.3004 0.2435 0.3379 0.1183 
         307  1 0.2620 0.2673 0.2432 0.2274 
         308  1 0.2912 0.2833 0.2210 0.2046 
         309  1 0.2882 0.3036 0.1437 0.2645 
         310  1 0.2901 0.2759 0.1385 0.2954 
         311  1 0.3184 0.2730 0.2689 0.1397 
         312  1 0.2575 0.2396 0.1311 0.3718 
         313  1 0.2659 0.2599 0.2649 0.2092 
         314  1 0.2758 0.2824 0.3083 0.1335 
         315  1 0.2937 0.2647 0.3076 0.1339 
         316  1 0.2452 0.2586 0.2319 0.2643 
         317  1 0.2691 0.2378 0.1262 0.3670 
         318  1 0.1639 0.1719 0.1311 0.5331 
         319  1 0.2045 0.2174 0.3156 0.2625 
         320  1 0.2335 0.2076 0.4323 0.1267 
         321  1 0.1825 0.1898 0.2065 0.4212 
         322  1 0.2657 0.2884 0.2006 0.2453 
         323  1 0.2985 0.2537 0.2407 0.2070 
         324  1 0.3035 0.3182 0.1555 0.2228 
         325  1 0.1957 0.2026 0.1875 0.4142 
         326  1 0.3805 0.3183 0.1339 0.1673 
         327  1 0.2176 0.2281 0.2358 0.3185 
         328  1 0.2593 0.2858 0.1999 0.2551 
         329  1 0.3216 0.3137 0.1918 0.1729 
         330  1 0.3571 0.3815 0.1432 0.1182 
         331  1 0.2991 0.2801 0.2009 0.2198 
         332  1 0.2477 0.2654 0.1555 0.3313 
         333  1 0.3306 0.2939 0.1721 0.2035 
         334  1 0.2275 0.2382 0.1351 0.3992 
         335  1 0.2560 0.2628 0.2696 0.2116 
         336  1 0.3109 0.2890 0.2123 0.1879 
         337  1 0.1902 0.1769 0.2146 0.4184 
         338  1 0.3380 0.3511 0.1679 0.1430 
         339  1 0.2404 0.2723 0.3420 0.1453 
         340  1 0.2033 0.2184 0.1590 0.4193 
         341  1 0.1958 0.1819 0.4444 0.1779 
         342  1 0.3060 0.3626 0.1618 0.1696 
         343  1 0.3477 0.3556 0.1246 0.1721 
         344  1 0.2125 0.2323 0.1392 0.4159 
         345  1 0.3157 0.3076 0.1672 0.2096 
         346  1 0.2265 0.2188 0.2877 0.2670 
         347  1 0.3050 0.3406 0.2248 0.1296 
         348  1 0.1936 0.2016 0.3268 0.2780 
         349  1 0.3142 0.2554 0.1831 0.2472 
         350  1 0.2192 0.2313 0.2621 0.2874 
         351  1 0.1955 0.1929 0.2779 0.3337 
         352  1 0.2353 0.2307 0.2429 0.2911 
         353  1 0.2554 0.2187 0.3917 0.1342 
         354  1 0.3262 0.3515 0.1660 0.1563 
         355  1 0.2617 0.2669 0.1782 0.2931 
         356  1 0.2292 0.2488 0.2738 0.2482 
         357  1 0.2616 0.2536 0.2723 0.2124 
         358  1 0.3016 0.2866 0.2218 0.1900 
         359  1 0.1726 0.1814 0.4611 0.1849 
         360  1 0.1664 0.1727 0.3068 0.3541 
         361  1 0.2308 0.2589 0.3548 0.1556 
         362  1 0.2263 0.2251 0.1968 0.3518 
         363  1 0.2080 0.2070 0.1298 0.4552 
         364  1 0.2530 0.2399 0.1799 0.3272 
         365  1 0.2077 0.2195 0.2641 0.3087 
         366  1 0.2072 0.2060 0.3784 0.2084 
         367  1 0.2256 0.2282 0.2858 0.2604 
         368  1 0.2796 0.3155 0.2590 0.1459 
         369  1 0.2793 0.2392 0.3538 0.1276 
         370  1 0.2792 0.2575 0.3241 0.1393 
         371  1 0.2963 0.2558 0.3044 0.1435 
         372  1 0.1918 0.1948 0.4238 0.1896 
         373  1 0.2298 0.2208 0.3069 0.2424 
         374  1 0.2529 0.2451 0.2213 0.2807 
         375  1 0.2838 0.3080 0.1783 0.2299 
         376  1 0.2259 0.2181 0.2203 0.3357 
         377  1 0.1964 0.2089 0.3822 0.2125 
         378  1 0.2472 0.2602 0.2506 0.2421 
         379  1 0.1341 0.1348 0.5467 0.1843 
         380  1 0.2259 0.2354 0.4053 0.1335 
         381  1 0.2677 0.2478 0.2490 0.2356 
         382  1 0.2857 0.2568 0.2487 0.2088 
         383  1 0.3055 0.2831 0.2652 0.1461 
         384  1 0.1110 0.1310 0.3563 0.4017 
         385  1 0.2769 0.3042 0.1286 0.2903 
         386  1 0.1119 0.1165 0.6693 0.1023 
         387  1 0.2651 0.2864 0.2336 0.2149 
         388  1 0.1414 0.1498 0.4812 0.2276 
         389  1 0.3064 0.2679 0.1948 0.2310 
         390  1 0.3126 0.3666 0.1842 0.1366 
         391  1 0.1737 0.2079 0.4311 0.1872 
         392  1 0.3187 0.3120 0.2314 0.1379 
         393  1 0.1193 0.1287 0.3992 0.3528 
         394  1 0.3620 0.4155 0.0922 0.1303 
         395  1 0.2621 0.2489 0.2014 0.2875 
         396  1 0.2019 0.2252 0.1560 0.4168 
         397  1 0.2578 0.2336 0.1150 0.3937 
         398  1 0.2348 0.2750 0.2863 0.2039 
         399  1 0.1847 0.2169 0.3335 0.2649 
         400  1 0.2646 0.2236 0.3590 0.1528 
         401  1 0.1999 0.2204 0.2718 0.3079 
         402  1 0.2480 0.2297 0.2206 0.3017 
         403  1 0.3048 0.3105 0.1017 0.2830 
         404  1 0.2984 0.3471 0.1846 0.1699 
         405  1 0.2352 0.2541 0.1609 0.3499 
         406  1 0.2827 0.3224 0.2350 0.1599 
         407  1 0.1347 0.1275 0.4745 0.2633 
         408  1 0.2325 0.2346 0.2171 0.3158 
         409  1 0.2222 0.2381 0.2499 0.2897 
         410  1 0.2706 0.2618 0.2072 0.2603 
         411  1 0.3140 0.2617 0.1073 0.3171 
         412  1 0.2076 0.2584 0.2672 0.2668 
         413  1 0.3457 0.2989 0.1004 0.2550 
         414  1 0.2036 0.2167 0.3251 0.2546 
         415  1 0.2524 0.2922 0.3208 0.1347 
         416  1 0.1316 0.1282 0.1167 0.6235 
         417  1 0.2750 0.3222 0.2385 0.1644 
         418  1 0.2742 0.2731 0.2274 0.2254 
         419  1 0.3213 0.3163 0.2230 0.1394 
         420  1 0.2132 0.2077 0.1203 0.4588 
         421  1 0.3171 0.3155 0.1548 0.2125 
         422  1 0.2984 0.3008 0.2052 0.1956 
         423  1 0.2291 0.2318 0.1969 0.3423 
         424  1 0.2330 0.2298 0.1345 0.4027 
         425  1 0.2830 0.2414 0.2643 0.2113 
         426  1 0.2303 0.2389 0.3949 0.1358 
         427  1 0.2650 0.3065 0.2826 0.1460 
         428  1 0.2392 0.2763 0.2512 0.2333 
         429  1 0.2822 0.2406 0.3448 0.1323 
         430  1 0.2815 0.3113 0.2086 0.1986 
         431  1 0.2431 0.2632 0.1426 0.3510 
         432  1 0.1971 0.1739 0.3542 0.2749 
         433  1 0.1644 0.1773 0.3699 0.2884 
         434  1 0.2225 0.2347 0.1810 0.3619 
         435  1 0.2393 0.2367 0.2006 0.3233 
         436  1 0.3043 0.2790 0.2275 0.1892 
         437  1 0.1761 0.1849 0.3189 0.3202 
         438  1 0.1395 0.1609 0.5280 0.1716 
         439  1 0.3237 0.3240 0.1887 0.1636 
         440  1 0.3655 0.3286 0.1395 0.1664 
         441  1 0.2345 0.2159 0.3332 0.2164 
         442  1 0.2623 0.2676 0.1297 0.3403 
         443  1 0.2512 0.2252 0.2339 0.2898 
         444  1 0.1940 0.1942 0.3959 0.2158 
         445  1 0.3305 0.3463 0.2107 0.1125 
         446  1 0.2805 0.3353 0.1781 0.2061 
         447  1 0.1846 0.2017 0.1730 0.4407 
         448  1 0.2106 0.2246 0.3079 0.2570 
         449  1 0.2671 0.2180 0.2149 0.3000 
         450  1 0.3461 0.2909 0.1381 0.2250 
         451  1 0.3109 0.2532 0.2847 0.1511 
         452  1 0.3524 0.3242 0.1678 0.1557 
         453  1 0.2287 0.2054 0.2416 0.3242 
         454  1 0.2853 0.2578 0.1124 0.3445 
         455  1 0.2963 0.3313 0.2183 0.1541 
         456  1 0.2713 0.3241 0.2616 0.1430 
         457  1 0.2126 0.1992 0.3994 0.1888 
         458  1 0.3684 0.3026 0.2334 0.0956 
         459  1 0.2361 0.2373 0.3776 0.1489 
         460  1 0.2295 0.2596 0.2113 0.2996 
         461  1 0.1274 0.1269 0.1007 0.6449 
         462  1 0.3202 0.3801 0.1056 0.1941 
         463  1 0.2250 0.2187 0.4043 0.1521 
         464  1 0.2513 0.2595 0.3034 0.1859 
         465  1 0.3303 0.3505 0.1735 0.1456 
         466  1 0.1683 0.1781 0.4322 0.2214 
         467  1 0.3371 0.2900 0.1844 0.1885 
         468  1 0.2532 0.2255 0.3014 0.2200 
         469  1 0.2424 0.2214 0.3264 0.2098 
         470  1 0.1865 0.2018 0.3811 0.2305 
         471  1 0.4132 0.3287 0.1253 0.1329 
         472  1 0.1323 0.1444 0.4142 0.3092 
         473  1 0.1739 0.2059 0.2231 0.3972 
         474  1 0.2414 0.2407 0.1645 0.3534 
         475  1 0.2826 0.2905 0.2395 0.1873 
         476  1 0.2917 0.3149 0.2744 0.1190 
         477  1 0.2943 0.2845 0.2017 0.2196 
         478  1 0.1593 0.1663 0.1609 0.5134 
         479  1 0.3273 0.3485 0.1579 0.1663 
         480  1 0.1482 0.1496 0.2320 0.4702 
         481  1 0.3151 0.2705 0.2135 0.2009 
         482  1 0.1696 0.1750 0.4140 0.2413 
         483  1 0.3045 0.3075 0.2416 0.1464 
         484  1 0.2883 0.3665 0.1055 0.2397 
         485  1 0.3216 0.3878 0.1432 0.1474 
         486  1 0.2534 0.2370 0.2096 0.3001 
         487  1 0.2127 0.2192 0.3250 0.2431 
         488  1 0.2438 0.2843 0.3288 0.1431 
         489  1 0.2336 0.2388 0.1971 0.3304 
         490  1 0.1875 0.2031 0.3619 0.2474 
         491  1 0.1329 0.1377 0.5126 0.2169 
         492  1 0.3187 0.2796 0.2467 0.1549 
         493  1 0.2507 0.2643 0.2709 0.2141 
         494  1 0.2241 0.2336 0.3900 0.1522 
         495  1 0.4069 0.3222 0.1109 0.1600 
         496  1 0.2770 0.3042 0.1157 0.3031 
         497  1 0.2165 0.2077 0.1636 0.4121 
         498  1 0.1904 0.1844 0.1487 0.4766 
         499  1 0.1390 0.1490 0.4049 0.3070 
         500  1 0.2797 0.2188 0.3467 0.1547 
         501  1 0.2756 0.2738 0.1694 0.2812 
         502  1 0.2925 0.2778 0.2298 0.2000 
         503  1 0.1889 0.1859 0.2093 0.4159 
         504  1 0.2482 0.2790 0.1427 0.3301 
         505  1 0.2536 0.2328 0.3658 0.1478 
         506  1 0.3124 0.2825 0.1862 0.2189 
         507  1 0.2397 0.2585 0.2555 0.2463 
         508  1 0.1945 0.2129 0.0949 0.4977 
         509  1 0.3410 0.3109 0.1985 0.1496 
         510  1 0.2255 0.2300 0.1209 0.4235 
         511  1 0.1804 0.1805 0.4082 0.2308 
         512  1 0.1228 0.1326 0.1013 0.6434 
         513  1 0.2968 0.2994 0.1135 0.2904 
         514  1 0.1879 0.2082 0.1657 0.4383 
         515  1 0.1106 0.1095 0.5852 0.1947 
         516  1 0.3180 0.3244 0.2218 0.1358 
         517  1 0.3655 0.3439 0.1726 0.1181 
         518  1 0.1988 0.2234 0.1296 0.4482 
         519  1 0.2998 0.3149 0.1696 0.2157 
         520  1 0.2549 0.2272 0.3254 0.1925 
         521  1 0.2134 0.2512 0.2235 0.3118 
         522  1 0.3088 0.3189 0.1578 0.2145 
         523  1 0.2311 0.2267 0.3065 0.2357 
         524  1 0.4263 0.3535 0.1246 0.0957 
         525  1 0.2138 0.2221 0.3536 0.2105 
         526  1 0.1905 0.1771 0.2495 0.3829 
         527  1 0.2250 0.2306 0.2237 0.3207 
         528  1 0.1531 0.1781 0.5060 0.1628 
         529  1 0.2685 0.2561 0.2347 0.2407 
         530  1 0.2055 0.2432 0.3522 0.1992 
         531  1 0.2587 0.2974 0.3079 0.1360 
         532  1 0.4338 0.3520 0.0866 0.1275 
         533  1 0.1187 0.1147 0.1323 0.6343 
         534  1 0.2265 0.2349 0.3510 0.1877 
         535  1 0.2271 0.1998 0.2956 0.2775 
         536  1 0.2543 0.2165 0.1995 0.3297 
         537  1 0.1859 0.2008 0.3678 0.2455 
         538  1 0.3044 0.2910 0.2129 0.1917 
         539  1 0.1959 0.2004 0.2717 0.3320 
         540  1 0.2556 0.2509 0.2919 0.2016 
         541  1 0.2813 0.2976 0.2669 0.1542 
         542  1 0.1721 0.1650 0.5060 0.1568 
         543  1 0.1630 0.1734 0.5602 0.1035 
         544  1 0.1972 0.1833 0.4682 0.1513 
         545  1 0.2150 0.2150 0.2882 0.2818 
         546  1 0.1680 0.1611 0.4779 0.1930 
         547  1 0.2885 0.3197 0.1942 0.1976 
         548  1 0.2351 0.2696 0.2286 0.2667 
         549  1 0.2708 0.2835 0.2223 0.2234 
         550  1 0.1952 0.2188 0.2287 0.3574 
         551  1 0.1878 0.1884 0.4405 0.1833 
         552  1 0.1834 0.1929 0.2228 0.4009 
         553  1 0.2996 0.2968 0.1599 0.2437 
         554  1 0.1120 0.1204 0.5776 0.1900 
         555  1 0.3040 0.3119 0.1726 0.2116 
         556  1 0.2225 0.1949 0.1167 0.4659 
         557  1 0.2485 0.2840 0.2276 0.2399 
         558  1 0.2673 0.2308 0.3877 0.1142 
         559  1 0.2550 0.2873 0.2158 0.2419 
         560  1 0.1858 0.1963 0.4535 0.1644 
         561  1 0.3274 0.3141 0.1854 0.1731 
         562  1 0.1835 0.1659 0.4128 0.2378 
         563  1 0.2892 0.2949 0.2430 0.1729 
         564  1 0.2291 0.2388 0.2166 0.3156 
         565  1 0.2470 0.2448 0.2651 0.2431 
         566  1 0.2651 0.3137 0.1764 0.2448 
         567  1 0.3078 0.2874 0.2642 0.1406 
         568  1 0.1602 0.1642 0.2949 0.3807 
         569  1 0.2894 0.2547 0.1415 0.3144 
         570  1 0.2406 0.2195 0.2727 0.2672 
         571  1 0.2653 0.2714 0.2339 0.2294 
         572  1 0.1435 0.1473 0.1492 0.5600 
         573  1 0.2749 0.2877 0.2859 0.1515 
         574  1 0.3349 0.3149 0.1603 0.1899 
         575  1 0.3249 0.2897 0.2514 0.1339 
         576  1 0.2605 0.2940 0.2636 0.1819 
         577  1 0.2374 0.2441 0.1685 0.3501 
         578  1 0.3357 0.2962 0.2343 0.1339 
         579  1 0.2622 0.2528 0.2409 0.2441 
         580  1 0.2483 0.3006 0.1420 0.3091 
         581  1 0.2368 0.2061 0.3907 0.1664 
         582  1 0.2853 0.2909 0.1694 0.2544 
         583  1 0.2413 0.2370 0.3409 0.1807 
         584  1 0.2460 0.2649 0.2886 0.2005 
         585  1 0.2897 0.2929 0.1697 0.2477 
         586  1 0.3009 0.2909 0.2783 0.1300 
         587  1 0.2991 0.2778 0.1234 0.2997 
         588  1 0.3419 0.3075 0.1459 0.2047 
         589  1 0.2331 0.2400 0.3243 0.2026 
         590  1 0.2994 0.2782 0.1908 0.2317 
         591  1 0.2859 0.2656 0.2807 0.1679 
         592  1 0.2475 0.2475 0.1534 0.3516 
         593  1 0.2530 0.2490 0.3372 0.1608 
         594  1 0.1789 0.1816 0.3947 0.2449 
         595  1 0.2094 0.1919 0.3152 0.2835 
         596  1 0.2026 0.1960 0.2087 0.3927 
         597  1 0.2165 0.2217 0.2822 0.2795 
         598  1 0.2209 0.2138 0.3728 0.1925 
         599  1 0.2646 0.2295 0.3898 0.1162 
         600  1 0.2470 0.2370 0.2193 0.2967 
         601  1 0.2961 0.3133 0.1475 0.2431 
         602  1 0.2703 0.2430 0.1545 0.3323 
         603  1 0.2243 0.2526 0.2226 0.3005 
         604  1 0.1779 0.1874 0.2973 0.3374 
         605  1 0.1984 0.2229 0.1042 0.4745 
         606  1 0.2090 0.2115 0.4391 0.1405 
         607  1 0.3148 0.3685 0.1313 0.1855 
         608  1 0.2011 0.2146 0.2416 0.3427 
         609  1 0.2394 0.2720 0.2854 0.2032 
         610  1 0.3694 0.3457 0.1652 0.1197 
         611  1 0.3224 0.3277 0.1998 0.1501 
         612  1 0.2942 0.2773 0.2233 0.2052 
         613  1 0.2922 0.2719 0.1788 0.2572 
         614  1 0.2102 0.2226 0.3278 0.2394 
         615  1 0.2020 0.2333 0.1016 0.4631 
         616  1 0.3224 0.3474 0.1569 0.1734 
         617  1 0.2510 0.2404 0.2358 0.2729 
         618  1 0.3416 0.3257 0.1099 0.2228 
         619  1 0.3091 0.3193 0.2441 0.1276 
         620  1 0.1846 0.2287 0.4405 0.1462 
         621  1 0.2169 0.2188 0.2805 0.2838 
         622  1 0.2980 0.3370 0.1470 0.2180 
         623  1 0.2909 0.3252 0.1774 0.2065 
         624  1 0.3535 0.2887 0.1275 0.2303 
         625  1 0.2280 0.2599 0.3002 0.2118 
         626  1 0.3606 0.3430 0.1228 0.1736 
         627  1 0.1590 0.1675 0.2929 0.3806 
         628  1 0.1995 0.2044 0.1774 0.4187 
         629  1 0.3036 0.3023 0.1814 0.2127 
         630  1 0.2066 0.2209 0.2612 0.3113 
         631  1 0.1851 0.1774 0.3616 0.2760 
         632  1 0.1783 0.1857 0.4792 0.1568 
         633  1 0.2564 0.2693 0.2107 0.2635 
         634  1 0.3490 0.3023 0.1270 0.2217 
         635  1 0.2227 0.2622 0.1468 0.3683 
         636  1 0.2523 0.2530 0.2307 0.2641 
         637  1 0.1938 0.1862 0.2655 0.3546 
         638  1 0.3426 0.2963 0.1199 0.2413 
         639  1 0.2571 0.2755 0.2099 0.2575 
         640  1 0.2562 0.2493 0.2282 0.2663 
         641  1 0.3033 0.2994 0.2037 0.1936 
         642  1 0.3492 0.3107 0.1791 0.1610 
         643  1 0.1622 0.1729 0.1980 0.4670 
         644  1 0.3813 0.3950 0.0871 0.1366 
         645  1 0.2009 0.1951 0.3943 0.2096 
         646  1 0.2880 0.2691 0.2049 0.2380 
         647  1 0.1582 0.1642 0.2642 0.4134 
         648  1 0.2967 0.3489 0.1753 0.1791 
         649  1 0.2920 0.2728 0.3273 0.1078 
         650  1 0.3089 0.3144 0.2417 0.1350 
         651  1 0.2749 0.3192 0.2340 0.1719 
         652  1 0.1262 0.1434 0.5870 0.1434 
         653  1 0.1624 0.1426 0.5398 0.1552 
         654  1 0.2392 0.2555 0.2369 0.2685 
         655  1 0.2494 0.3224 0.1596 0.2686 
         656  1 0.1248 0.1370 0.0865 0.6517 
         657  1 0.2606 0.2378 0.2505 0.2511 
         658  1 0.2322 0.2603 0.3679 0.1396 
         659  1 0.2090 0.2301 0.3160 0.2450 
         660  1 0.2251 0.2044 0.2538 0.3167 
         661  1 0.3484 0.2886 0.1113 0.2518 
         662  1 0.3585 0.3379 0.1263 0.1773 
         663  1 0.2547 0.2582 0.1934 0.2936 
         664  1 0.2247 0.2468 0.2897 0.2388 
         665  1 0.1755 0.1810 0.3754 0.2681 
         666  1 0.2245 0.2324 0.3403 0.2029 
         667  1 0.3113 0.2929 0.2803 0.1155 
         668  1 0.2785 0.3392 0.1695 0.2128 
         669  1 0.2394 0.2613 0.3176 0.1817 
         670  1 0.2451 0.2047 0.2632 0.2870 
         671  1 0.1483 0.1412 0.1202 0.5903 
         672  1 0.1509 0.1467 0.5558 0.1465 
         673  1 0.2318 0.2290 0.1810 0.3583 
         674  1 0.2126 0.2169 0.1984 0.3722 
         675  1 0.1343 0.1495 0.1553 0.5609 
         676  1 0.3886 0.3141 0.1124 0.1848 
         677  1 0.3607 0.3206 0.1833 0.1354 
         678  1 0.2768 0.2568 0.2353 0.2311 
         679  1 0.2087 0.1980 0.2181 0.3753 
         680  1 0.3302 0.3102 0.2001 0.1595 
         681  1 0.1639 0.1779 0.2410 0.4172 
         682  1 0.2823 0.3237 0.0934 0.3007 
         683  1 0.2656 0.3041 0.1711 0.2592 
         684  1 0.1505 0.1661 0.4390 0.2445 
         685  1 0.2016 0.2114 0.2200 0.3669 
         686  1 0.2098 0.2188 0.2946 0.2768 
         687  1 0.1948 0.1997 0.1971 0.4084 
         688  1 0.3193 0.3502 0.2094 0.1211 
         689  1 0.1156 0.1277 0.0852 0.6714 
         690  1 0.2267 0.2483 0.2641 0.2610 
         691  1 0.1570 0.1569 0.3025 0.3836 
         692  1 0.3418 0.2924 0.2193 0.1465 
         693  1 0.3624 0.3401 0.1360 0.1614 
         694  1 0.2232 0.2113 0.3689 0.1967 
         695  1 0.1786 0.1889 0.1189 0.5135 
         696  1 0.2784 0.2671 0.2965 0.1580 
         697  1 0.2467 0.2303 0.3483 0.1746 
         698  1 0.1959 0.2349 0.1682 0.4010 
         699  1 0.1522 0.1577 0.1464 0.5436 
         700  1 0.3275 0.3613 0.1986 0.1126 
         701  1 0.2161 0.2437 0.2352 0.3050 
         702  1 0.2287 0.2484 0.3062 0.2168 
         703  1 0.3115 0.2829 0.2871 0.1184 
         704  1 0.3485 0.3489 0.1276 0.1749 
         705  1 0.2104 0.2101 0.4243 0.1551 
         706  1 0.2829 0.2971 0.2339 0.1861 
         707  1 0.2993 0.3377 0.1758 0.1872 
         708  1 0.2368 0.2252 0.3647 0.1733 
         709  1 0.2749 0.2391 0.1665 0.3195 
         710  1 0.2630 0.2455 0.3042 0.1872 
         711  1 0.2319 0.2224 0.3466 0.1991 
         712  1 0.1843 0.1787 0.1182 0.5188 
         713  1 0.2376 0.2607 0.2537 0.2480 
         714  1 0.2944 0.3041 0.2376 0.1640 
         715  1 0.2517 0.2628 0.2506 0.2349 
         716  1 0.1788 0.1820 0.1646 0.4745 
         717  1 0.2104 0.2070 0.4197 0.1629 
         718  1 0.2813 0.2838 0.2463 0.1886 
         719  1 0.3463 0.3747 0.1062 0.1728 
         720  1 0.1935 0.2039 0.4329 0.1697 
         721  1 0.2520 0.2406 0.1502 0.3572 
         722  1 0.2515 0.2474 0.3903 0.1107 
         723  1 0.3095 0.2970 0.1818 0.2117 
         724  1 0.1294 0.1358 0.1982 0.5366 
         725  1 0.2699 0.2487 0.1568 0.3246 
         726  1 0.2774 0.2531 0.2013 0.2683 
         727  1 0.1980 0.1906 0.3217 0.2897 
         728  1 0.3002 0.3447 0.2302 0.1249 
         729  1 0.2708 0.2916 0.1524 0.2852 
         730  1 0.2079 0.2078 0.4540 0.1302 
         731  1 0.1893 0.1922 0.3847 0.2339 
         732  1 0.2205 0.2312 0.3777 0.1706 
         733  1 0.1719 0.1779 0.2246 0.4257 
         734  1 0.2692 0.2793 0.2258 0.2257 
         735  1 0.2991 0.3245 0.2260 0.1503 
         736  1 0.2673 0.2945 0.2739 0.1643 
         737  1 0.1375 0.1364 0.1491 0.5771 
         738  1 0.2905 0.2948 0.2343 0.1804 
         739  1 0.2021 0.2044 0.4104 0.1831 
         740  1 0.1963 0.2228 0.3518 0.2292 
         741  1 0.2387 0.2456 0.2918 0.2239 
         742  1 0.3316 0.3645 0.1495 0.1544 
         743  1 0.1230 0.1205 0.1362 0.6204 
         744  1 0.1499 0.1647 0.1929 0.4924 
         745  1 0.3286 0.3541 0.1600 0.1573 
         746  1 0.3634 0.3651 0.1211 0.1503 
         747  1 0.2010 0.1843 0.4460 0.1687 
         748  1 0.2132 0.2069 0.2232 0.3567 
         749  1 0.1866 0.2019 0.2534 0.3581 
         750  1 0.2857 0.2581 0.2282 0.2280 
         751  1 0.2166 0.2413 0.3521 0.1899 
         752  1 0.2000 0.2349 0.1385 0.4266 
         753  1 0.1749 0.1752 0.3424 0.3076 
         754  1 0.3005 0.2565 0.3203 0.1226 
         755  1 0.2149 0.1985 0.2759 0.3107 
         756  1 0.2910 0.3800 0.2286 0.1004 
         757  1 0.2964 0.2605 0.2778 0.1654 
         758  1 0.1938 0.1682 0.5090 0.1290 
         759  1 0.2604 0.2618 0.1812 0.2966 
         760  1 0.2232 0.2273 0.1125 0.4370 
         761  1 0.2814 0.2889 0.2327 0.1970 
         762  1 0.1322 0.1334 0.5958 0.1387 
         763  1 0.2763 0.2847 0.1549 0.2842 
         764  1 0.2973 0.3136 0.2033 0.1858 
         765  1 0.3679 0.3393 0.1439 0.1489 
         766  1 0.2044 0.2237 0.3664 0.2056 
         767  1 0.1375 0.1375 0.4956 0.2294 
         768  1 0.2321 0.2308 0.3471 0.1899 
         769  1 0.3480 0.3101 0.2098 0.1321 
         770  1 0.2214 0.2413 0.1147 0.4226 
         771  1 0.2565 0.2649 0.1490 0.3295 
         772  1 0.3187 0.3416 0.1426 0.1971 
         773  1 0.1977 0.1847 0.4888 0.1287 
         774  1 0.2236 0.1952 0.4032 0.1781 
         775  1 0.3725 0.3289 0.1546 0.1440 
         776  1 0.3107 0.3025 0.1673 0.2195 
         777  1 0.2529 0.2414 0.2539 0.2519 
         778  1 0.2802 0.2607 0.2020 0.2572 
         779  1 0.2768 0.2388 0.2128 0.2716 
         780  1 0.2203 0.2032 0.1339 0.4425 
         781  1 0.3010 0.2647 0.2801 0.1541 
