           1  1 0.0854 0.0837 0.0998 0.2109 0.0506 0.0865 0.2957 0.0874 
           2  1 0.1217 0.0937 0.1371 0.1921 0.0562 0.0827 0.1635 0.1531 
           3  1 0.0862 0.2209 0.0685 0.0761 0.2345 0.0841 0.1086 0.1211 
           4  1 0.0986 0.4243 0.0602 0.0928 0.0460 0.0924 0.0974 0.0883 
           5  1 0.1527 0.0758 0.2001 0.0905 0.0910 0.0755 0.1431 0.1714 
           6  1 0.1158 0.0744 0.1583 0.1069 0.0523 0.1823 0.2431 0.0669 
           7  1 0.0573 0.0649 0.1594 0.0804 0.4505 0.0666 0.0781 0.0427 
           8  1 0.1394 0.0763 0.1015 0.0937 0.1193 0.1621 0.1718 0.1359 
           9  1 0.0769 0.3944 0.0667 0.1069 0.1197 0.0635 0.0881 0.0839 
          10  1 0.2147 0.0318 0.0430 0.0582 0.0376 0.3487 0.0938 0.1722 
          11  1 0.1969 0.1070 0.1012 0.0833 0.0647 0.1878 0.1103 0.1488 
          12  1 0.1446 0.0697 0.0910 0.1789 0.0416 0.2385 0.1080 0.1278 
          13  1 0.1400 0.1737 0.0546 0.0552 0.1137 0.3142 0.0810 0.0676 
          14  1 0.0873 0.3873 0.1012 0.1282 0.0887 0.0593 0.0924 0.0555 
          15  1 0.0395 0.0469 0.5971 0.0434 0.0630 0.1416 0.0377 0.0306 
          16  1 0.1133 0.0472 0.1155 0.0792 0.3183 0.0773 0.1186 0.1306 
          17  1 0.1637 0.2229 0.0651 0.1259 0.0963 0.0795 0.0880 0.1587 
          18  1 0.0477 0.4722 0.1021 0.0478 0.0310 0.0408 0.1121 0.1464 
          19  1 0.0730 0.2873 0.0778 0.1041 0.0725 0.0578 0.2478 0.0799 
          20  1 0.0762 0.1143 0.0571 0.2459 0.2293 0.0963 0.0986 0.0823 
          21  1 0.0854 0.0440 0.1175 0.0606 0.0489 0.0944 0.2107 0.3384 
          22  1 0.1256 0.1664 0.0584 0.1399 0.1532 0.0451 0.2562 0.0551 
          23  1 0.1799 0.0497 0.1990 0.0960 0.0558 0.1884 0.1074 0.1238 
          24  1 0.1500 0.0749 0.0675 0.1313 0.0688 0.3279 0.1012 0.0785 
          25  1 0.1823 0.0905 0.0703 0.1073 0.0910 0.0578 0.1913 0.2094 
          26  1 0.1060 0.2819 0.1241 0.0840 0.0616 0.0971 0.1302 0.1153 
          27  1 0.0986 0.2018 0.0799 0.0974 0.2362 0.0812 0.1124 0.0924 
          28  1 0.1219 0.0455 0.1713 0.0664 0.0622 0.2447 0.0886 0.1993 
          29  1 0.1357 0.1811 0.0901 0.2292 0.0519 0.0566 0.1419 0.1136 
          30  1 0.1271 0.1257 0.0680 0.2344 0.0857 0.0936 0.1457 0.1198 
          31  1 0.1646 0.1028 0.0699 0.1244 0.0950 0.1538 0.1095 0.1801 
          32  1 0.0489 0.0521 0.5263 0.0649 0.0503 0.1562 0.0603 0.0410 
          33  1 0.0691 0.0798 0.3261 0.1347 0.0764 0.1177 0.0911 0.1050 
          34  1 0.1096 0.1043 0.1269 0.2204 0.0469 0.0836 0.1313 0.1770 
          35  1 0.0724 0.1509 0.1712 0.2896 0.0649 0.0752 0.0986 0.0772 
          36  1 0.0645 0.2685 0.1806 0.0750 0.1503 0.0746 0.0920 0.0946 
          37  1 0.1558 0.1224 0.1372 0.1374 0.0709 0.1332 0.1382 0.1049 
          38  1 0.0868 0.1968 0.1154 0.0850 0.1081 0.0827 0.2580 0.0671 
          39  1 0.1240 0.0607 0.1248 0.1076 0.0408 0.1121 0.0890 0.3411 
          40  1 0.0818 0.0710 0.0886 0.0701 0.2108 0.0410 0.3318 0.1049 
          41  1 0.1864 0.0521 0.0547 0.1216 0.0422 0.3874 0.0844 0.0712 
          42  1 0.1020 0.0420 0.2692 0.0928 0.1953 0.1113 0.0820 0.1054 
          43  1 0.1157 0.2275 0.0656 0.1120 0.0385 0.0601 0.1327 0.2480 
          44  1 0.1260 0.1229 0.0794 0.1516 0.1576 0.1350 0.1469 0.0807 
          45  1 0.2085 0.0969 0.1475 0.0796 0.0494 0.1392 0.1210 0.1579 
          46  1 0.1187 0.0533 0.1427 0.1069 0.1738 0.0710 0.1370 0.1966 
          47  1 0.1586 0.0735 0.0508 0.2139 0.1045 0.0674 0.1689 0.1624 
          48  1 0.0600 0.0731 0.5122 0.0665 0.0442 0.1341 0.0544 0.0556 
          49  1 0.0936 0.2782 0.0358 0.1463 0.1697 0.1266 0.1045 0.0452 
          50  1 0.1180 0.1815 0.0814 0.1328 0.2070 0.0551 0.1430 0.0812 
          51  1 0.1615 0.0640 0.0566 0.3927 0.0399 0.0782 0.1164 0.0907 
          52  1 0.1786 0.0474 0.0437 0.0523 0.1668 0.3915 0.0733 0.0465 
          53  1 0.1145 0.1260 0.0683 0.1201 0.1191 0.0874 0.2409 0.1237 
          54  1 0.0975 0.1994 0.1031 0.1354 0.0728 0.1097 0.1181 0.1640 
          55  1 0.1532 0.1247 0.1706 0.0813 0.0698 0.0700 0.1251 0.2053 
          56  1 0.0849 0.0546 0.4243 0.0649 0.0618 0.1424 0.0733 0.0938 
          57  1 0.1606 0.0828 0.0756 0.1196 0.1132 0.1969 0.1736 0.0777 
          58  1 0.0435 0.0327 0.6328 0.0375 0.0236 0.1457 0.0482 0.0361 
          59  1 0.1495 0.0652 0.1324 0.0895 0.2081 0.0607 0.1188 0.1757 
          60  1 0.1208 0.0836 0.0840 0.2879 0.1620 0.0847 0.1197 0.0571 
          61  1 0.1128 0.0904 0.0530 0.1301 0.3005 0.0678 0.1576 0.0877 
          62  1 0.1358 0.0402 0.1230 0.0532 0.0957 0.3047 0.1340 0.1135 
          63  1 0.1180 0.0906 0.0834 0.0773 0.2748 0.1317 0.1206 0.1037 
          64  1 0.1238 0.0832 0.0669 0.0816 0.0715 0.2044 0.1650 0.2036 
          65  1 0.1315 0.1417 0.0778 0.0931 0.1182 0.0694 0.1689 0.1994 
          66  1 0.1305 0.1211 0.0739 0.2110 0.0737 0.1008 0.1143 0.1748 
          67  1 0.1862 0.0446 0.0470 0.0898 0.0446 0.4343 0.0664 0.0871 
          68  1 0.0972 0.2466 0.0556 0.0721 0.2931 0.0730 0.0794 0.0831 
          69  1 0.2725 0.0362 0.0469 0.1179 0.1179 0.1744 0.1746 0.0596 
          70  1 0.0941 0.1515 0.2461 0.0712 0.0878 0.1912 0.1114 0.0466 
          71  1 0.1345 0.0529 0.0831 0.1475 0.0556 0.2821 0.1105 0.1338 
          72  1 0.1767 0.0589 0.0581 0.0961 0.0512 0.4068 0.0863 0.0659 
          73  1 0.1766 0.1011 0.1409 0.1664 0.0468 0.0873 0.1095 0.1714 
          74  1 0.1188 0.1057 0.0566 0.1765 0.2219 0.1087 0.1543 0.0575 
          75  1 0.1537 0.1251 0.0907 0.2366 0.0851 0.1322 0.1016 0.0750 
          76  1 0.1014 0.0760 0.0846 0.0741 0.1012 0.0534 0.0924 0.4170 
          77  1 0.2181 0.0698 0.1151 0.1468 0.0549 0.1089 0.0942 0.1922 
          78  1 0.1104 0.1234 0.0851 0.0695 0.0530 0.0871 0.1439 0.3275 
          79  1 0.1270 0.0559 0.2399 0.0769 0.0360 0.3233 0.0679 0.0733 
          80  1 0.1017 0.0833 0.0945 0.1080 0.2277 0.1553 0.1278 0.1015 
          81  1 0.1597 0.0527 0.0394 0.0608 0.1264 0.4222 0.0764 0.0624 
          82  1 0.1307 0.0469 0.2341 0.1049 0.0832 0.1392 0.1514 0.1097 
          83  1 0.0300 0.0311 0.0284 0.0350 0.7855 0.0328 0.0313 0.0259 
          84  1 0.1082 0.0864 0.0909 0.0999 0.2957 0.0926 0.1220 0.1043 
          85  1 0.1795 0.0746 0.1210 0.1263 0.0808 0.1222 0.1321 0.1634 
          86  1 0.0967 0.0437 0.1735 0.0860 0.1035 0.0661 0.1382 0.2925 
          87  1 0.1754 0.0437 0.0448 0.0873 0.0817 0.3009 0.0968 0.1693 
          88  1 0.1236 0.1119 0.1646 0.0986 0.0529 0.0654 0.1130 0.2700 
          89  1 0.0764 0.1500 0.0714 0.1957 0.1961 0.0529 0.1674 0.0901 
          90  1 0.2373 0.0399 0.1059 0.1584 0.2062 0.0701 0.1236 0.0586 
          91  1 0.1001 0.1181 0.1406 0.0816 0.1174 0.0912 0.1099 0.2412 
          92  1 0.1484 0.0413 0.2147 0.0657 0.1217 0.2407 0.1083 0.0594 
          93  1 0.1215 0.0906 0.0734 0.0955 0.1645 0.1248 0.1027 0.2271 
          94  1 0.1431 0.1091 0.0476 0.2312 0.0626 0.0765 0.1832 0.1468 
          95  1 0.3510 0.0580 0.0916 0.1687 0.0499 0.1158 0.1094 0.0557 
          96  1 0.1146 0.1300 0.1065 0.2551 0.0736 0.1024 0.1067 0.1112 
          97  1 0.1534 0.0751 0.0716 0.0628 0.0851 0.3634 0.0905 0.0980 
          98  1 0.1294 0.0973 0.0764 0.1142 0.2068 0.1621 0.1216 0.0921 
          99  1 0.1387 0.0616 0.0623 0.1048 0.1074 0.3232 0.1130 0.0890 
         100  1 0.1581 0.1789 0.0939 0.1176 0.1023 0.1727 0.0989 0.0776 
         101  1 0.1359 0.1176 0.0634 0.1596 0.1711 0.1096 0.1355 0.1073 
         102  1 0.0440 0.1504 0.3634 0.0492 0.1377 0.1071 0.0772 0.0710 
         103  1 0.1110 0.1751 0.2005 0.1764 0.0770 0.0767 0.0988 0.0845 
         104  1 0.1828 0.0715 0.0926 0.1080 0.0737 0.1225 0.0969 0.2520 
         105  1 0.1413 0.1814 0.0770 0.1432 0.0882 0.1484 0.1131 0.1074 
         106  1 0.1119 0.0942 0.0919 0.1461 0.1098 0.1393 0.2188 0.0880 
         107  1 0.1316 0.0474 0.1337 0.0644 0.1134 0.1743 0.2468 0.0883 
         108  1 0.2147 0.0500 0.1052 0.0745 0.1064 0.2553 0.1184 0.0755 
         109  1 0.1507 0.1199 0.0613 0.1672 0.1989 0.0844 0.1044 0.1132 
         110  1 0.0617 0.3840 0.0655 0.2388 0.0426 0.0685 0.0824 0.0566 
         111  1 0.0781 0.1661 0.1756 0.0810 0.1296 0.0763 0.2148 0.0785 
         112  1 0.0857 0.2667 0.1317 0.1426 0.0811 0.0673 0.1232 0.1018 
         113  1 0.1496 0.0505 0.1101 0.0800 0.0465 0.1260 0.1853 0.2520 
         114  1 0.0677 0.4427 0.0637 0.0652 0.1306 0.0506 0.0985 0.0809 
         115  1 0.2432 0.0563 0.0963 0.1096 0.1153 0.1671 0.1214 0.0908 
         116  1 0.1474 0.0767 0.1639 0.1063 0.1707 0.1032 0.1674 0.0644 
         117  1 0.1081 0.0715 0.3900 0.0728 0.0419 0.1421 0.0932 0.0804 
         118  1 0.0795 0.3669 0.0591 0.1705 0.0712 0.0980 0.0779 0.0769 
         119  1 0.1138 0.2340 0.1940 0.0932 0.0635 0.0728 0.0999 0.1289 
         120  1 0.1564 0.0902 0.2592 0.1442 0.0388 0.0921 0.0931 0.1259 
         121  1 0.1122 0.1387 0.0524 0.1922 0.2140 0.0980 0.1226 0.0701 
         122  1 0.1389 0.0542 0.0448 0.1331 0.1028 0.3374 0.0831 0.1057 
         123  1 0.0758 0.0640 0.4314 0.0850 0.0440 0.1674 0.0775 0.0549 
         124  1 0.1954 0.0728 0.0677 0.0927 0.1042 0.1473 0.1378 0.1822 
         125  1 0.1611 0.0418 0.2935 0.0803 0.0728 0.1740 0.1014 0.0749 
         126  1 0.1414 0.0667 0.0925 0.1381 0.0840 0.0850 0.2447 0.1477 
         127  1 0.1012 0.0535 0.1839 0.0823 0.0418 0.1634 0.0792 0.2948 
         128  1 0.0853 0.0348 0.3922 0.0737 0.0758 0.1404 0.1120 0.0858 
         129  1 0.1820 0.0509 0.0640 0.0518 0.0764 0.4108 0.0752 0.0888 
         130  1 0.1120 0.0649 0.0534 0.4179 0.0379 0.1214 0.1094 0.0831 
         131  1 0.1675 0.0499 0.0598 0.1094 0.1023 0.1376 0.2045 0.1690 
         132  1 0.0681 0.0449 0.4846 0.0615 0.0414 0.1265 0.0724 0.1006 
         133  1 0.0640 0.2890 0.1494 0.1792 0.0410 0.0601 0.1125 0.1046 
         134  1 0.1452 0.1823 0.0841 0.0898 0.1292 0.0959 0.1417 0.1317 
         135  1 0.0441 0.2557 0.0446 0.4248 0.0310 0.0690 0.0867 0.0442 
         136  1 0.1037 0.1023 0.1203 0.0981 0.2292 0.0672 0.1207 0.1585 
         137  1 0.0591 0.0441 0.1243 0.0525 0.0877 0.0543 0.0838 0.4941 
         138  1 0.0918 0.1410 0.1294 0.0722 0.0716 0.0750 0.1702 0.2489 
         139  1 0.1384 0.1216 0.1587 0.1308 0.0389 0.1025 0.1220 0.1871 
         140  1 0.1070 0.0552 0.0576 0.0652 0.2845 0.1808 0.1063 0.1434 
         141  1 0.0823 0.3612 0.1211 0.0805 0.0418 0.1070 0.0960 0.1101 
         142  1 0.0568 0.0510 0.4896 0.0666 0.0739 0.1327 0.0647 0.0647 
         143  1 0.1456 0.0529 0.0518 0.0570 0.1269 0.2602 0.2362 0.0693 
         144  1 0.0869 0.1190 0.0838 0.1186 0.2495 0.0614 0.1237 0.1571 
         145  1 0.1695 0.3306 0.0763 0.1048 0.0542 0.0509 0.1176 0.0960 
         146  1 0.1435 0.1087 0.0564 0.1911 0.1073 0.1150 0.1608 0.1172 
         147  1 0.0863 0.1548 0.0839 0.0988 0.3095 0.0618 0.1295 0.0753 
         148  1 0.1282 0.1336 0.0742 0.1790 0.1820 0.0908 0.1113 0.1009 
         149  1 0.1230 0.0804 0.2557 0.0778 0.0653 0.1176 0.1053 0.1749 
         150  1 0.0887 0.2442 0.0457 0.2744 0.0512 0.1169 0.1074 0.0714 
         151  1 0.0942 0.2282 0.0647 0.1461 0.0994 0.2056 0.1069 0.0549 
         152  1 0.1004 0.0976 0.0676 0.0893 0.1422 0.1024 0.2472 0.1532 
         153  1 0.1064 0.1266 0.0713 0.1467 0.2755 0.1014 0.0976 0.0745 
         154  1 0.1321 0.0899 0.1077 0.1142 0.1255 0.1307 0.1549 0.1449 
         155  1 0.0864 0.0888 0.3900 0.0611 0.0875 0.1368 0.0791 0.0703 
         156  1 0.1799 0.0586 0.0682 0.3060 0.0737 0.1634 0.0920 0.0581 
         157  1 0.1738 0.0880 0.0881 0.0742 0.0702 0.0972 0.2336 0.1749 
         158  1 0.0897 0.0413 0.1087 0.0423 0.0374 0.0555 0.0731 0.5519 
         159  1 0.1401 0.0759 0.2378 0.1245 0.0706 0.1587 0.1062 0.0862 
         160  1 0.1466 0.0505 0.1749 0.1054 0.0616 0.0887 0.1688 0.2035 
         161  1 0.0692 0.0942 0.1650 0.1680 0.0372 0.0676 0.3246 0.0741 
         162  1 0.1727 0.1881 0.0811 0.1841 0.0550 0.1001 0.1072 0.1117 
         163  1 0.1042 0.2876 0.0973 0.1159 0.0728 0.1107 0.1346 0.0769 
         164  1 0.0706 0.0280 0.4253 0.0598 0.1325 0.1309 0.0575 0.0953 
         165  1 0.1208 0.0891 0.0950 0.0935 0.1271 0.0774 0.1376 0.2594 
         166  1 0.1258 0.0850 0.0963 0.0892 0.0768 0.1967 0.2547 0.0755 
         167  1 0.0655 0.0450 0.5610 0.0515 0.0273 0.1612 0.0511 0.0374 
         168  1 0.1582 0.1022 0.0957 0.2077 0.0681 0.1520 0.1146 0.1014 
         169  1 0.1267 0.1937 0.0909 0.0518 0.0503 0.2374 0.1895 0.0596 
         170  1 0.0783 0.1964 0.0511 0.3056 0.0644 0.1514 0.0893 0.0634 
         171  1 0.1513 0.0735 0.1533 0.1735 0.1420 0.1169 0.1165 0.0731 
         172  1 0.0838 0.4320 0.0481 0.1143 0.0883 0.0673 0.0770 0.0892 
         173  1 0.1533 0.1275 0.1481 0.1095 0.0443 0.1697 0.1110 0.1366 
         174  1 0.1305 0.1441 0.0710 0.0818 0.1808 0.0863 0.1495 0.1560 
         175  1 0.0903 0.1117 0.0695 0.1981 0.0717 0.1120 0.1706 0.1762 
         176  1 0.0575 0.1829 0.0513 0.4301 0.0723 0.0563 0.0806 0.0691 
         177  1 0.1095 0.0318 0.0603 0.0972 0.3188 0.0981 0.0666 0.2177 
         178  1 0.1247 0.0891 0.0869 0.0884 0.0759 0.1271 0.1315 0.2764 
         179  1 0.1452 0.1286 0.1391 0.0657 0.0719 0.1158 0.1359 0.1977 
         180  1 0.1775 0.1069 0.0575 0.2016 0.1143 0.1458 0.1020 0.0945 
         181  1 0.1890 0.0787 0.2145 0.1538 0.0516 0.0946 0.1213 0.0964 
         182  1 0.0340 0.0216 0.0291 0.0257 0.8038 0.0308 0.0268 0.0283 
         183  1 0.1012 0.1499 0.0704 0.2723 0.0493 0.0501 0.2409 0.0659 
         184  1 0.1644 0.1176 0.0735 0.1901 0.1250 0.1094 0.1315 0.0885 
         185  1 0.1798 0.1194 0.1205 0.1587 0.0622 0.0988 0.1681 0.0925 
         186  1 0.1271 0.1342 0.1251 0.1897 0.1288 0.0828 0.1454 0.0669 
         187  1 0.0711 0.2350 0.0808 0.2067 0.0486 0.0774 0.1116 0.1688 
         188  1 0.0847 0.1805 0.2834 0.0848 0.0867 0.1075 0.0992 0.0733 
         189  1 0.1598 0.2164 0.0558 0.1451 0.1340 0.0694 0.1532 0.0663 
         190  1 0.1288 0.1951 0.0778 0.0885 0.0694 0.2619 0.0851 0.0935 
         191  1 0.1246 0.1084 0.1030 0.1489 0.0490 0.1029 0.2134 0.1498 
         192  1 0.1811 0.0660 0.0707 0.0847 0.1549 0.1944 0.1550 0.0933 
         193  1 0.1218 0.2446 0.0760 0.1233 0.0773 0.0933 0.1378 0.1258 
         194  1 0.1288 0.0650 0.2516 0.1467 0.0655 0.0986 0.1313 0.1124 
         195  1 0.1671 0.0664 0.0580 0.0550 0.0610 0.2730 0.1130 0.2065 
         196  1 0.0772 0.3164 0.0881 0.0830 0.0714 0.0713 0.1774 0.1153 
         197  1 0.0680 0.0678 0.3878 0.0814 0.1402 0.1255 0.0762 0.0532 
         198  1 0.0893 0.4539 0.0888 0.0829 0.0376 0.1021 0.0954 0.0500 
         199  1 0.1017 0.0345 0.0716 0.0581 0.4855 0.0707 0.0869 0.0911 
         200  1 0.1344 0.1641 0.1838 0.1408 0.0436 0.1207 0.1305 0.0820 
         201  1 0.1158 0.0464 0.0632 0.1052 0.2716 0.0991 0.0861 0.2127 
         202  1 0.1212 0.1081 0.0872 0.1776 0.1793 0.0816 0.1423 0.1028 
         203  1 0.2138 0.0574 0.0798 0.1338 0.0985 0.1883 0.1220 0.1065 
         204  1 0.1327 0.1765 0.0554 0.1433 0.1844 0.0936 0.1021 0.1120 
         205  1 0.0988 0.0929 0.0966 0.0858 0.1963 0.1144 0.1525 0.1628 
         206  1 0.1628 0.0543 0.0753 0.1180 0.0807 0.2183 0.1104 0.1802 
         207  1 0.1727 0.1012 0.0872 0.0887 0.1357 0.0975 0.1767 0.1403 
         208  1 0.1372 0.1398 0.0505 0.2109 0.1407 0.0771 0.1227 0.1210 
         209  1 0.1527 0.0442 0.1071 0.1029 0.0473 0.1282 0.1874 0.2303 
         210  1 0.1205 0.0844 0.0778 0.3247 0.0613 0.1356 0.1160 0.0797 
         211  1 0.1516 0.0558 0.0674 0.0832 0.0915 0.1342 0.1282 0.2881 
         212  1 0.0524 0.5364 0.0938 0.0605 0.0585 0.0501 0.0906 0.0577 
         213  1 0.1349 0.1268 0.1867 0.0854 0.0648 0.1307 0.1254 0.1452 
         214  1 0.1578 0.0585 0.0473 0.0751 0.0756 0.3774 0.1420 0.0663 
         215  1 0.1275 0.1679 0.1777 0.1086 0.1063 0.0919 0.1276 0.0925 
         216  1 0.1802 0.1177 0.0898 0.0710 0.0431 0.1743 0.1027 0.2213 
         217  1 0.0778 0.2206 0.1547 0.0789 0.0441 0.0699 0.1500 0.2041 
         218  1 0.1253 0.0919 0.3497 0.0852 0.0388 0.1567 0.0916 0.0610 
         219  1 0.1181 0.1869 0.0721 0.2522 0.1173 0.0866 0.0937 0.0731 
         220  1 0.1782 0.0767 0.0673 0.0987 0.0997 0.1148 0.1799 0.1846 
         221  1 0.0801 0.0483 0.0454 0.0490 0.5809 0.0883 0.0573 0.0508 
         222  1 0.1951 0.1205 0.0913 0.1410 0.0444 0.0867 0.1702 0.1509 
         223  1 0.1021 0.0907 0.1521 0.0845 0.0976 0.0873 0.1895 0.1962 
         224  1 0.1163 0.0721 0.0716 0.1309 0.1531 0.1466 0.1500 0.1594 
         225  1 0.1465 0.0385 0.0604 0.0932 0.0754 0.1719 0.1936 0.2205 
         226  1 0.0968 0.1226 0.1348 0.2510 0.0490 0.0720 0.1051 0.1687 
         227  1 0.1668 0.0697 0.0940 0.0705 0.0572 0.2374 0.1008 0.2036 
         228  1 0.1161 0.1201 0.1325 0.0991 0.0853 0.0876 0.1127 0.2466 
         229  1 0.1116 0.1172 0.1219 0.1164 0.2083 0.0791 0.1381 0.1073 
         230  1 0.0552 0.6190 0.0522 0.0819 0.0479 0.0384 0.0565 0.0488 
         231  1 0.1063 0.0636 0.1065 0.1891 0.0766 0.0629 0.1209 0.2741 
         232  1 0.1537 0.0358 0.0917 0.0658 0.2596 0.0590 0.0920 0.2423 
         233  1 0.0665 0.5019 0.0631 0.0589 0.0384 0.0583 0.0962 0.1168 
         234  1 0.1565 0.0923 0.1050 0.1095 0.0544 0.0958 0.1393 0.2473 
         235  1 0.1246 0.0844 0.0709 0.2977 0.1487 0.0641 0.1351 0.0745 
         236  1 0.0942 0.2894 0.2061 0.0639 0.1054 0.0817 0.0822 0.0770 
         237  1 0.0875 0.0589 0.1122 0.0808 0.1804 0.0841 0.1197 0.2764 
         238  1 0.1158 0.1294 0.0773 0.1504 0.0828 0.0702 0.3029 0.0712 
         239  1 0.1024 0.2609 0.0803 0.1450 0.0983 0.1267 0.0897 0.0967 
         240  1 0.1366 0.0920 0.1225 0.1655 0.1315 0.0878 0.1257 0.1384 
         241  1 0.1548 0.0822 0.0757 0.0956 0.0894 0.1990 0.1229 0.1804 
         242  1 0.1370 0.1010 0.0893 0.0783 0.2267 0.1807 0.1277 0.0594 
         243  1 0.1212 0.0625 0.2501 0.1069 0.0872 0.1987 0.1097 0.0637 
         244  1 0.1149 0.0541 0.0767 0.0727 0.2100 0.0597 0.0993 0.3126 
         245  1 0.0930 0.1236 0.1975 0.2141 0.0697 0.1369 0.0864 0.0789 
         246  1 0.1232 0.2395 0.1774 0.0819 0.0878 0.1244 0.0923 0.0735 
         247  1 0.1208 0.2327 0.0737 0.0762 0.0504 0.0897 0.0844 0.2721 
         248  1 0.0723 0.1417 0.0962 0.0766 0.0410 0.0521 0.0824 0.4378 
         249  1 0.1227 0.1192 0.0759 0.2631 0.0721 0.1107 0.1577 0.0786 
         250  1 0.1125 0.0998 0.3665 0.0976 0.0681 0.1104 0.0883 0.0567 
         251  1 0.1010 0.0829 0.1398 0.1474 0.0758 0.0756 0.2317 0.1457 
         252  1 0.1520 0.0360 0.0612 0.1505 0.0594 0.2969 0.1414 0.1026 
         253  1 0.1369 0.0562 0.2161 0.0983 0.0908 0.2268 0.0995 0.0754 
         254  1 0.0828 0.3687 0.0981 0.1433 0.0410 0.0689 0.1213 0.0759 
         255  1 0.0901 0.0717 0.0599 0.1006 0.4649 0.0677 0.0746 0.0706 
         256  1 0.1923 0.0534 0.1722 0.1174 0.0669 0.1025 0.1634 0.1319 
         257  1 0.1724 0.0844 0.0704 0.1225 0.0303 0.3895 0.0710 0.0595 
         258  1 0.2034 0.0801 0.0894 0.1921 0.1634 0.0722 0.1081 0.0912 
         259  1 0.1464 0.1897 0.0683 0.0839 0.0600 0.2546 0.0955 0.1016 
         260  1 0.1508 0.0760 0.1034 0.0904 0.1416 0.1606 0.0965 0.1808 
         261  1 0.1013 0.1515 0.0922 0.1332 0.0437 0.1116 0.1083 0.2583 
         262  1 0.1320 0.0859 0.0983 0.2021 0.1626 0.0745 0.1180 0.1265 
         263  1 0.2177 0.0974 0.0484 0.2345 0.0689 0.0712 0.1355 0.1264 
         264  1 0.0777 0.1754 0.0971 0.0546 0.2426 0.0750 0.1012 0.1763 
         265  1 0.1414 0.0683 0.0496 0.1477 0.1489 0.0571 0.2130 0.1740 
         266  1 0.1080 0.0419 0.2336 0.2135 0.0465 0.1125 0.1654 0.0786 
         267  1 0.0955 0.0883 0.0490 0.1044 0.3418 0.0594 0.2024 0.0591 
         268  1 0.0540 0.5786 0.0531 0.0506 0.0361 0.0871 0.0780 0.0626 
         269  1 0.1025 0.0993 0.0531 0.2624 0.1674 0.1561 0.0811 0.0782 
         270  1 0.1121 0.1301 0.0461 0.2048 0.1670 0.0787 0.1488 0.1124 
         271  1 0.1158 0.0961 0.1189 0.1165 0.1004 0.1113 0.1875 0.1534 
         272  1 0.1028 0.2727 0.0675 0.0615 0.0515 0.2061 0.0933 0.1447 
         273  1 0.0922 0.1120 0.1011 0.0707 0.2221 0.0818 0.1481 0.1719 
         274  1 0.0525 0.5494 0.0375 0.1372 0.0621 0.0405 0.0628 0.0580 
         275  1 0.0768 0.1359 0.0593 0.1789 0.2998 0.0619 0.0818 0.1057 
         276  1 0.1214 0.0429 0.2584 0.0617 0.0670 0.1625 0.1033 0.1828 
         277  1 0.0424 0.0450 0.0363 0.0736 0.6828 0.0461 0.0399 0.0340 
         278  1 0.1149 0.0865 0.0405 0.0982 0.2714 0.2226 0.0823 0.0836 
         279  1 0.1359 0.1240 0.1402 0.0904 0.1730 0.0712 0.1331 0.1323 
         280  1 0.1253 0.2739 0.1155 0.0719 0.0858 0.0722 0.0882 0.1671 
         281  1 0.0947 0.1106 0.0502 0.1349 0.0887 0.1401 0.3169 0.0640 
         282  1 0.1759 0.0994 0.0664 0.2586 0.0410 0.2279 0.0779 0.0528 
         283  1 0.1045 0.0784 0.1973 0.1123 0.1942 0.0904 0.1170 0.1059 
         284  1 0.0704 0.0485 0.0741 0.0472 0.5428 0.0491 0.0714 0.0965 
         285  1 0.0957 0.0971 0.1141 0.0693 0.0471 0.1099 0.1136 0.3532 
         286  1 0.1280 0.1673 0.0480 0.0832 0.2393 0.1371 0.1429 0.0543 
         287  1 0.1047 0.1053 0.3015 0.1125 0.1197 0.1087 0.0867 0.0609 
         288  1 0.0282 0.0244 0.0246 0.0256 0.8153 0.0236 0.0272 0.0311 
         289  1 0.1274 0.1483 0.1152 0.1860 0.0737 0.1038 0.1266 0.1191 
         290  1 0.1263 0.1948 0.0849 0.0613 0.0385 0.0520 0.0787 0.3634 
         291  1 0.0883 0.1393 0.2333 0.1382 0.0404 0.0858 0.2025 0.0721 
         292  1 0.1472 0.0488 0.1434 0.0959 0.1175 0.2152 0.1529 0.0790 
         293  1 0.0714 0.3940 0.0978 0.1470 0.0468 0.1056 0.0868 0.0506 
         294  1 0.1615 0.0837 0.0734 0.1488 0.1109 0.1313 0.1316 0.1590 
         295  1 0.0679 0.0334 0.5475 0.0574 0.0256 0.1654 0.0527 0.0501 
         296  1 0.0840 0.0664 0.0771 0.0813 0.4991 0.0479 0.0672 0.0770 
         297  1 0.0967 0.0963 0.0736 0.2267 0.1981 0.0753 0.1116 0.1216 
         298  1 0.1565 0.1051 0.1153 0.0669 0.0274 0.3656 0.0802 0.0830 
         299  1 0.0588 0.0353 0.5524 0.0494 0.0360 0.1565 0.0506 0.0610 
         300  1 0.1052 0.1525 0.0993 0.2381 0.1153 0.1059 0.1115 0.0723 
         301  1 0.1288 0.0676 0.1810 0.1747 0.1152 0.1367 0.1179 0.0780 
         302  1 0.0404 0.0493 0.6030 0.0454 0.0340 0.1438 0.0494 0.0347 
         303  1 0.0850 0.2533 0.0561 0.0847 0.0534 0.0798 0.2521 0.1356 
         304  1 0.1579 0.1543 0.0736 0.0686 0.0548 0.3421 0.0831 0.0655 
         305  1 0.2409 0.0831 0.0761 0.1469 0.0590 0.0535 0.1258 0.2147 
         306  1 0.0694 0.0369 0.2633 0.0596 0.3770 0.0893 0.0624 0.0422 
         307  1 0.1176 0.1231 0.1349 0.0830 0.0858 0.1961 0.1413 0.1183 
         308  1 0.2222 0.0944 0.0757 0.1170 0.0984 0.1220 0.1457 0.1245 
         309  1 0.1033 0.1254 0.0622 0.0889 0.2110 0.2064 0.1118 0.0911 
         310  1 0.0790 0.0874 0.0634 0.1827 0.2944 0.0601 0.1454 0.0878 
         311  1 0.1023 0.0410 0.1655 0.0934 0.2820 0.1440 0.1035 0.0682 
         312  1 0.0906 0.1599 0.0610 0.2374 0.1928 0.0862 0.1025 0.0696 
         313  1 0.0906 0.0911 0.1846 0.0942 0.1764 0.1198 0.1146 0.1287 
         314  1 0.1884 0.0602 0.0934 0.0794 0.1752 0.1189 0.1675 0.1169 
         315  1 0.2010 0.0350 0.1146 0.1244 0.1512 0.1001 0.1126 0.1613 
         316  1 0.2446 0.1160 0.0798 0.1690 0.0769 0.1285 0.1295 0.0557 
         317  1 0.1496 0.1567 0.0421 0.2471 0.1484 0.0818 0.0875 0.0868 
         318  1 0.0520 0.2219 0.0542 0.4234 0.0464 0.0660 0.0850 0.0511 
         319  1 0.1343 0.0972 0.1440 0.1476 0.0730 0.0885 0.1653 0.1500 
         320  1 0.1204 0.0517 0.3028 0.0688 0.1371 0.1302 0.0737 0.1152 
         321  1 0.0832 0.1936 0.0866 0.1284 0.0646 0.0433 0.1402 0.2603 
         322  1 0.1197 0.1222 0.0949 0.0734 0.0838 0.0943 0.1597 0.2520 
         323  1 0.1023 0.0651 0.1277 0.1149 0.3431 0.1005 0.0772 0.0693 
         324  1 0.1574 0.0580 0.0590 0.1727 0.0480 0.1123 0.1859 0.2068 
         325  1 0.0924 0.4454 0.0702 0.0819 0.0599 0.0817 0.0859 0.0826 
         326  1 0.1122 0.0723 0.0459 0.0751 0.4152 0.1340 0.0830 0.0623 
         327  1 0.1284 0.1931 0.1069 0.1666 0.0589 0.0935 0.1061 0.1465 
         328  1 0.2247 0.0496 0.0657 0.2153 0.0494 0.1653 0.1285 0.1015 
         329  1 0.1297 0.0578 0.0951 0.0930 0.0976 0.1607 0.1096 0.2565 
         330  1 0.1469 0.0366 0.0935 0.0612 0.0425 0.1112 0.0792 0.4289 
         331  1 0.1284 0.1026 0.0895 0.1673 0.1335 0.1366 0.1501 0.0920 
         332  1 0.1281 0.1376 0.0626 0.1890 0.0598 0.2161 0.1460 0.0606 
         333  1 0.1617 0.0571 0.0699 0.1908 0.1801 0.1263 0.0940 0.1201 
         334  1 0.1233 0.1720 0.0483 0.2690 0.1141 0.1039 0.1036 0.0659 
         335  1 0.1422 0.1508 0.1011 0.0870 0.1056 0.2134 0.1080 0.0920 
         336  1 0.1276 0.1028 0.0925 0.0936 0.1817 0.0960 0.1227 0.1832 
         337  1 0.0877 0.1996 0.1044 0.1954 0.1108 0.0743 0.1210 0.1069 
         338  1 0.1854 0.0572 0.0787 0.0837 0.0827 0.2632 0.0899 0.1592 
         339  1 0.1298 0.0500 0.1975 0.0662 0.0450 0.2366 0.1085 0.1664 
         340  1 0.1023 0.2976 0.0661 0.1209 0.0741 0.0750 0.1203 0.1437 
         341  1 0.1248 0.1091 0.2479 0.0802 0.1092 0.1013 0.1648 0.0627 
         342  1 0.1987 0.0434 0.0470 0.0749 0.0339 0.4702 0.0655 0.0666 
         343  1 0.2327 0.0770 0.0501 0.0814 0.1099 0.3430 0.0606 0.0454 
         344  1 0.0820 0.3411 0.0511 0.1763 0.0804 0.1189 0.0787 0.0715 
         345  1 0.1154 0.0829 0.0729 0.1306 0.2360 0.1840 0.0996 0.0785 
         346  1 0.2090 0.0776 0.1072 0.1493 0.0669 0.1029 0.1453 0.1418 
         347  1 0.1261 0.0597 0.1071 0.0646 0.0417 0.1264 0.1199 0.3544 
         348  1 0.1576 0.1400 0.1608 0.1220 0.0688 0.1263 0.1393 0.0852 
         349  1 0.0967 0.1191 0.0613 0.0872 0.4103 0.0667 0.0866 0.0719 
         350  1 0.1221 0.1074 0.1363 0.1410 0.0630 0.1524 0.1778 0.1000 
         351  1 0.1063 0.2644 0.1221 0.1299 0.0912 0.0755 0.1275 0.0831 
         352  1 0.1010 0.2203 0.1298 0.0822 0.1457 0.1564 0.0999 0.0648 
         353  1 0.1236 0.0431 0.1851 0.0857 0.1476 0.0706 0.1101 0.2343 
         354  1 0.1463 0.0526 0.0890 0.0793 0.0942 0.2393 0.0905 0.2087 
         355  1 0.0866 0.1348 0.1129 0.1285 0.1780 0.1240 0.1395 0.0957 
         356  1 0.1522 0.0960 0.1627 0.1220 0.0786 0.2102 0.1091 0.0692 
         357  1 0.1657 0.1098 0.1024 0.1315 0.0833 0.1434 0.1360 0.1280 
         358  1 0.0844 0.1382 0.1169 0.0641 0.2908 0.1212 0.0991 0.0853 
         359  1 0.1323 0.0813 0.2640 0.0979 0.0655 0.1104 0.1146 0.1340 
         360  1 0.1187 0.2856 0.1123 0.1292 0.0790 0.0767 0.1275 0.0711 
         361  1 0.1305 0.0688 0.2548 0.0689 0.0665 0.2589 0.0909 0.0607 
         362  1 0.0820 0.1270 0.1062 0.1811 0.1103 0.1071 0.1452 0.1412 
         363  1 0.1069 0.2742 0.0515 0.2181 0.0709 0.0756 0.1200 0.0829 
         364  1 0.1016 0.1291 0.0777 0.2288 0.1696 0.0885 0.0975 0.1072 
         365  1 0.1181 0.1348 0.1351 0.1711 0.0806 0.0919 0.1161 0.1523 
         366  1 0.1418 0.2064 0.1683 0.0961 0.0841 0.1226 0.0928 0.0879 
         367  1 0.1115 0.1002 0.1519 0.1188 0.1435 0.1099 0.1566 0.1076 
         368  1 0.0579 0.0443 0.1465 0.0574 0.0281 0.0600 0.0576 0.5483 
         369  1 0.1611 0.0688 0.1212 0.0941 0.1736 0.0740 0.1283 0.1788 
         370  1 0.1060 0.0504 0.1527 0.0806 0.2106 0.0847 0.1189 0.1960 
         371  1 0.1366 0.0776 0.1829 0.0729 0.2481 0.1305 0.0845 0.0669 
         372  1 0.0715 0.0896 0.4037 0.0668 0.0727 0.1344 0.0926 0.0689 
         373  1 0.0938 0.1253 0.1760 0.1230 0.1302 0.1140 0.1465 0.0912 
         374  1 0.0610 0.2664 0.0928 0.0451 0.1941 0.0878 0.1102 0.1426 
         375  1 0.1659 0.1827 0.0705 0.0905 0.0971 0.2041 0.1202 0.0689 
         376  1 0.1860 0.1794 0.0711 0.1267 0.1004 0.0589 0.1300 0.1476 
         377  1 0.1261 0.0901 0.1434 0.0769 0.0371 0.0609 0.2850 0.1804 
         378  1 0.1171 0.0689 0.0850 0.1276 0.0674 0.0819 0.3702 0.0819 
         379  1 0.0460 0.0736 0.5563 0.0418 0.0419 0.1486 0.0565 0.0353 
         380  1 0.1674 0.0428 0.1435 0.0977 0.0497 0.0840 0.2203 0.1946 
         381  1 0.1270 0.0717 0.1148 0.1669 0.1525 0.0798 0.1268 0.1606 
         382  1 0.1320 0.0843 0.1238 0.1292 0.1395 0.1525 0.1415 0.0971 
         383  1 0.1328 0.0592 0.1457 0.0899 0.1731 0.1625 0.1040 0.1328 
         384  1 0.0462 0.2402 0.3465 0.0860 0.0296 0.1298 0.0876 0.0342 
         385  1 0.0980 0.0940 0.0605 0.3215 0.0798 0.1295 0.1205 0.0963 
         386  1 0.0620 0.0363 0.5454 0.0702 0.0311 0.1487 0.0603 0.0460 
         387  1 0.1071 0.1176 0.1011 0.0624 0.0388 0.0704 0.1132 0.3894 
         388  1 0.0752 0.1930 0.3517 0.0620 0.0378 0.1426 0.0877 0.0500 
         389  1 0.0845 0.0915 0.0631 0.1008 0.4416 0.0721 0.0768 0.0696 
         390  1 0.1434 0.0551 0.0744 0.0483 0.0462 0.3663 0.1007 0.1657 
         391  1 0.1687 0.0702 0.2740 0.1319 0.0343 0.1099 0.0992 0.1117 
         392  1 0.1560 0.0618 0.0870 0.0769 0.1791 0.2631 0.0902 0.0860 
         393  1 0.0633 0.3313 0.2731 0.0686 0.0278 0.1120 0.0656 0.0583 
         394  1 0.1865 0.0495 0.0303 0.0492 0.0675 0.4738 0.0740 0.0692 
         395  1 0.1084 0.1817 0.0900 0.1120 0.1821 0.1025 0.1101 0.1134 
         396  1 0.0907 0.1378 0.0595 0.3707 0.0672 0.0922 0.1139 0.0680 
         397  1 0.0833 0.1692 0.0498 0.2444 0.2196 0.0726 0.0787 0.0825 
         398  1 0.1992 0.1046 0.1104 0.1134 0.0381 0.1771 0.1405 0.1166 
         399  1 0.1185 0.1561 0.1828 0.1280 0.0515 0.1313 0.1314 0.1005 
         400  1 0.1429 0.0559 0.2494 0.1224 0.1991 0.0782 0.0882 0.0639 
         401  1 0.1132 0.0962 0.1319 0.2209 0.0338 0.0772 0.1337 0.1932 
         402  1 0.0973 0.0730 0.0818 0.3359 0.1099 0.0794 0.1422 0.0805 
         403  1 0.1070 0.0814 0.0436 0.2336 0.2535 0.1165 0.1020 0.0625 
         404  1 0.2154 0.0506 0.0608 0.1597 0.0795 0.2379 0.1043 0.0920 
         405  1 0.0933 0.4272 0.0513 0.0555 0.0567 0.1492 0.0911 0.0758 
         406  1 0.1016 0.0635 0.1047 0.0797 0.1284 0.1894 0.2596 0.0730 
         407  1 0.0494 0.2905 0.3095 0.0575 0.0634 0.1037 0.0685 0.0574 
         408  1 0.2055 0.1227 0.0603 0.1584 0.0578 0.0865 0.1752 0.1336 
         409  1 0.2266 0.1033 0.0798 0.1641 0.0544 0.1069 0.1258 0.1390 
         410  1 0.1780 0.1186 0.0904 0.1164 0.1081 0.1473 0.1407 0.1004 
         411  1 0.1576 0.1165 0.0491 0.1488 0.1330 0.0960 0.0996 0.1995 
         412  1 0.0968 0.1718 0.1070 0.0691 0.0257 0.1087 0.2546 0.1663 
         413  1 0.1065 0.0570 0.0345 0.3114 0.2708 0.0712 0.0807 0.0680 
         414  1 0.1176 0.1154 0.1051 0.1494 0.0504 0.0660 0.2223 0.1739 
         415  1 0.0855 0.0388 0.1512 0.0481 0.0271 0.0785 0.1172 0.4536 
         416  1 0.0457 0.2837 0.0415 0.4286 0.0491 0.0401 0.0676 0.0437 
         417  1 0.1594 0.0542 0.0941 0.0967 0.0429 0.2949 0.1222 0.1355 
         418  1 0.1093 0.0831 0.0993 0.0802 0.0721 0.0787 0.1346 0.3427 
         419  1 0.1650 0.0593 0.0863 0.0749 0.0832 0.1456 0.1267 0.2590 
         420  1 0.0734 0.3361 0.0488 0.1175 0.1150 0.0641 0.1268 0.1183 
         421  1 0.1524 0.0739 0.0804 0.0796 0.0646 0.1388 0.1059 0.3043 
         422  1 0.1577 0.0608 0.0757 0.1476 0.0919 0.1602 0.1840 0.1221 
         423  1 0.0796 0.1247 0.1004 0.2371 0.1267 0.0824 0.1839 0.0651 
         424  1 0.0869 0.2575 0.0491 0.2034 0.1081 0.0866 0.1100 0.0984 
         425  1 0.1416 0.0701 0.1160 0.0785 0.1324 0.0430 0.1121 0.3063 
         426  1 0.1684 0.0520 0.1580 0.0619 0.0594 0.0952 0.1347 0.2703 
         427  1 0.1728 0.0496 0.1082 0.1414 0.0313 0.1969 0.1323 0.1674 
         428  1 0.2099 0.0725 0.0917 0.1351 0.0719 0.2220 0.1308 0.0662 
         429  1 0.0923 0.0531 0.2675 0.0661 0.3135 0.1034 0.0582 0.0460 
         430  1 0.2331 0.0635 0.0683 0.1553 0.0645 0.1132 0.2034 0.0987 
         431  1 0.1333 0.1061 0.0504 0.2652 0.1163 0.1062 0.1541 0.0683 
         432  1 0.1678 0.2361 0.1409 0.0956 0.0915 0.0670 0.1278 0.0734 
         433  1 0.0845 0.0980 0.2231 0.1792 0.0546 0.0881 0.1979 0.0745 
         434  1 0.1053 0.3350 0.0717 0.0808 0.0608 0.1359 0.1061 0.1044 
         435  1 0.1707 0.1982 0.0851 0.1282 0.0635 0.1055 0.0912 0.1576 
         436  1 0.1286 0.0411 0.0660 0.1759 0.1881 0.0410 0.2657 0.0935 
         437  1 0.0978 0.1228 0.1846 0.2347 0.0497 0.0962 0.1201 0.0941 
         438  1 0.0770 0.0552 0.4059 0.0849 0.0325 0.1716 0.1183 0.0545 
         439  1 0.0825 0.0429 0.1108 0.0750 0.0771 0.0562 0.0965 0.4589 
         440  1 0.0717 0.0630 0.0573 0.0633 0.5404 0.0666 0.0723 0.0655 
         441  1 0.2113 0.0710 0.1125 0.1228 0.0704 0.0804 0.1291 0.2024 
         442  1 0.1037 0.0814 0.0507 0.4131 0.0779 0.1023 0.0969 0.0741 
         443  1 0.1178 0.1218 0.1342 0.1896 0.1634 0.0825 0.1165 0.0743 
         444  1 0.1209 0.0682 0.2575 0.1327 0.0684 0.1700 0.1067 0.0757 
         445  1 0.1457 0.0344 0.0990 0.0781 0.1996 0.2045 0.1367 0.1020 
         446  1 0.3126 0.0423 0.0510 0.2215 0.0467 0.1793 0.0802 0.0663 
         447  1 0.1071 0.3768 0.0784 0.1320 0.0478 0.0929 0.0869 0.0782 
         448  1 0.2772 0.1059 0.1025 0.1318 0.0491 0.1146 0.0986 0.1202 
         449  1 0.0624 0.2017 0.1074 0.0826 0.3530 0.0539 0.0717 0.0674 
         450  1 0.1468 0.0885 0.0461 0.1139 0.2869 0.1150 0.1144 0.0884 
         451  1 0.1247 0.0630 0.1258 0.0868 0.2807 0.1036 0.1182 0.0971 
         452  1 0.1210 0.0601 0.0704 0.0904 0.3040 0.2256 0.0722 0.0562 
         453  1 0.1804 0.1023 0.0964 0.1928 0.1170 0.0806 0.1057 0.1247 
         454  1 0.0808 0.1390 0.0373 0.2106 0.3146 0.0595 0.1022 0.0559 
         455  1 0.1385 0.0489 0.0915 0.1253 0.0402 0.2236 0.2108 0.1213 
         456  1 0.3154 0.0509 0.0789 0.0973 0.0441 0.2271 0.0858 0.1005 
         457  1 0.2121 0.0486 0.1135 0.1523 0.0585 0.0620 0.1980 0.1548 
         458  1 0.0556 0.0433 0.0819 0.0366 0.6310 0.0459 0.0503 0.0553 
         459  1 0.2468 0.0558 0.1502 0.0880 0.0521 0.0906 0.1210 0.1954 
         460  1 0.1292 0.0992 0.1045 0.1722 0.0723 0.2489 0.1200 0.0537 
         461  1 0.0460 0.6975 0.0308 0.0655 0.0451 0.0368 0.0414 0.0369 
         462  1 0.1447 0.1122 0.0432 0.0830 0.0478 0.2911 0.1280 0.1501 
         463  1 0.0966 0.0757 0.2217 0.0999 0.1074 0.1110 0.2135 0.0742 
         464  1 0.0942 0.0444 0.1644 0.2425 0.0725 0.1161 0.1296 0.1364 
         465  1 0.1590 0.0515 0.0865 0.0816 0.0782 0.1409 0.1035 0.2988 
         466  1 0.1000 0.1203 0.2136 0.0897 0.0470 0.0879 0.2583 0.0832 
         467  1 0.0718 0.0795 0.0851 0.0784 0.4403 0.0593 0.1275 0.0580 
         468  1 0.1087 0.1342 0.1580 0.0873 0.1745 0.1032 0.1239 0.1103 
         469  1 0.1315 0.0898 0.1386 0.0761 0.0637 0.0598 0.0962 0.3444 
         470  1 0.0966 0.0891 0.2401 0.1255 0.0504 0.0973 0.1593 0.1417 
         471  1 0.0433 0.0357 0.0378 0.0394 0.7122 0.0550 0.0397 0.0369 
         472  1 0.0591 0.0961 0.3894 0.1697 0.0362 0.1162 0.0780 0.0552 
         473  1 0.0628 0.1180 0.0798 0.1371 0.0552 0.0564 0.4426 0.0481 
         474  1 0.1383 0.1783 0.0799 0.1320 0.0855 0.0814 0.0917 0.2129 
         475  1 0.1350 0.0691 0.1065 0.1001 0.0621 0.1825 0.1680 0.1766 
         476  1 0.2712 0.0420 0.1126 0.1114 0.0912 0.1777 0.0904 0.1036 
         477  1 0.1417 0.1419 0.0631 0.0793 0.1523 0.0856 0.1707 0.1654 
         478  1 0.0858 0.3616 0.0588 0.1896 0.0405 0.0573 0.1051 0.1013 
         479  1 0.1392 0.0900 0.0669 0.0616 0.1704 0.2013 0.1420 0.1286 
         480  1 0.1073 0.1953 0.1005 0.3022 0.0483 0.0518 0.1042 0.0905 
         481  1 0.1777 0.0506 0.0774 0.1536 0.1093 0.0791 0.1402 0.2122 
         482  1 0.0829 0.0584 0.3249 0.1356 0.0496 0.0983 0.1060 0.1444 
         483  1 0.1538 0.0564 0.1238 0.0877 0.1450 0.2413 0.0944 0.0976 
         484  1 0.1552 0.0510 0.0417 0.2482 0.0288 0.2579 0.1560 0.0612 
         485  1 0.1981 0.0502 0.0433 0.0829 0.0587 0.4129 0.0981 0.0559 
         486  1 0.1528 0.1240 0.0801 0.1661 0.1083 0.1021 0.1203 0.1462 
         487  1 0.1708 0.0798 0.1536 0.1721 0.0798 0.1128 0.1365 0.0945 
         488  1 0.3199 0.0490 0.0862 0.1327 0.0576 0.1603 0.1224 0.0719 
         489  1 0.1364 0.2068 0.0862 0.1556 0.0750 0.1351 0.1268 0.0781 
         490  1 0.1227 0.1025 0.2367 0.1232 0.0587 0.0986 0.1659 0.0916 
         491  1 0.0876 0.1715 0.3102 0.0876 0.0521 0.1095 0.0992 0.0823 
         492  1 0.1285 0.0490 0.0948 0.1056 0.1715 0.0781 0.1326 0.2398 
         493  1 0.1328 0.0515 0.0913 0.1905 0.0506 0.0913 0.2622 0.1298 
         494  1 0.2213 0.0411 0.1929 0.1344 0.0443 0.1143 0.1149 0.1368 
         495  1 0.0316 0.0360 0.0325 0.0460 0.7576 0.0249 0.0387 0.0328 
         496  1 0.1130 0.1344 0.0621 0.1719 0.0616 0.1621 0.0855 0.2094 
         497  1 0.0908 0.1435 0.0776 0.1739 0.1097 0.0375 0.1218 0.2452 
         498  1 0.1029 0.4500 0.0561 0.1084 0.0824 0.0551 0.0749 0.0702 
         499  1 0.0792 0.0806 0.3151 0.2008 0.0430 0.1265 0.1053 0.0495 
         500  1 0.1307 0.0667 0.1483 0.0785 0.2622 0.0685 0.1171 0.1281 
         501  1 0.1226 0.1100 0.0757 0.1421 0.1144 0.1023 0.1301 0.2028 
         502  1 0.1634 0.0705 0.0764 0.1543 0.1018 0.1445 0.1595 0.1297 
         503  1 0.0907 0.2902 0.0935 0.1169 0.0632 0.0640 0.1118 0.1697 
         504  1 0.0652 0.1522 0.0877 0.1350 0.0495 0.0565 0.0867 0.3672 
         505  1 0.1672 0.0551 0.1800 0.0998 0.1487 0.0919 0.1174 0.1399 
         506  1 0.1559 0.0894 0.0741 0.1143 0.0988 0.1090 0.1722 0.1864 
         507  1 0.0970 0.1138 0.2026 0.1243 0.1433 0.1621 0.0926 0.0643 
         508  1 0.0780 0.3352 0.0349 0.2088 0.0634 0.1368 0.0734 0.0694 
         509  1 0.1438 0.0589 0.0685 0.0677 0.2305 0.1510 0.1072 0.1724 
         510  1 0.1231 0.3771 0.0364 0.1199 0.0675 0.1068 0.1217 0.0474 
         511  1 0.1522 0.1109 0.2462 0.1234 0.0598 0.0916 0.1206 0.0952 
         512  1 0.0506 0.6033 0.0382 0.0842 0.0350 0.0378 0.0674 0.0835 
         513  1 0.0911 0.1480 0.0558 0.1509 0.2135 0.0920 0.1923 0.0564 
         514  1 0.1151 0.1116 0.0655 0.4449 0.0517 0.0876 0.0819 0.0418 
         515  1 0.0410 0.0632 0.5665 0.0614 0.0393 0.1405 0.0468 0.0412 
         516  1 0.2191 0.0623 0.0769 0.0929 0.2003 0.1760 0.1036 0.0688 
         517  1 0.1924 0.0420 0.0793 0.0876 0.2093 0.1301 0.1315 0.1278 
         518  1 0.1129 0.1867 0.0453 0.3329 0.0368 0.1202 0.1002 0.0649 
         519  1 0.0777 0.0631 0.0983 0.0913 0.0807 0.0695 0.1578 0.3617 
         520  1 0.2524 0.0871 0.1109 0.1066 0.1200 0.0601 0.1031 0.1598 
         521  1 0.0904 0.1044 0.0949 0.2096 0.0740 0.1088 0.2209 0.0972 
         522  1 0.1270 0.0664 0.0904 0.0916 0.0690 0.0901 0.1231 0.3424 
         523  1 0.0934 0.1055 0.1572 0.1070 0.1124 0.0888 0.1933 0.1424 
         524  1 0.0615 0.0311 0.0436 0.0350 0.6503 0.0632 0.0586 0.0567 
         525  1 0.1421 0.1056 0.1524 0.1000 0.0645 0.1158 0.1590 0.1607 
         526  1 0.1162 0.3695 0.1104 0.0939 0.0770 0.0856 0.0847 0.0626 
         527  1 0.1472 0.1116 0.0893 0.2336 0.0770 0.0943 0.1427 0.1043 
         528  1 0.1270 0.0634 0.3280 0.0879 0.0358 0.1661 0.1275 0.0644 
         529  1 0.1428 0.0978 0.0946 0.1216 0.1154 0.0854 0.2132 0.1292 
         530  1 0.1227 0.1005 0.1858 0.0739 0.0560 0.1817 0.1980 0.0815 
         531  1 0.1740 0.0781 0.1531 0.0650 0.0730 0.2635 0.1052 0.0881 
         532  1 0.0363 0.0278 0.0241 0.0414 0.7504 0.0315 0.0459 0.0426 
         533  1 0.0447 0.6186 0.0435 0.1288 0.0402 0.0304 0.0486 0.0450 
         534  1 0.1596 0.0637 0.1669 0.0960 0.0521 0.1701 0.1393 0.1523 
         535  1 0.0994 0.1523 0.1798 0.0935 0.1735 0.0778 0.1339 0.0899 
         536  1 0.1086 0.1301 0.0732 0.1714 0.1528 0.0457 0.1034 0.2149 
         537  1 0.2640 0.0951 0.1273 0.1260 0.0472 0.1184 0.1154 0.1065 
         538  1 0.1434 0.0815 0.0874 0.1021 0.1405 0.1607 0.1551 0.1293 
         539  1 0.1438 0.1603 0.1277 0.1479 0.1127 0.1033 0.1423 0.0619 
         540  1 0.1293 0.0763 0.2269 0.1151 0.1471 0.1349 0.0922 0.0782 
         541  1 0.0985 0.0497 0.1267 0.0976 0.1109 0.1718 0.2401 0.1048 
         542  1 0.1507 0.0521 0.2623 0.1093 0.0650 0.0936 0.0951 0.1719 
         543  1 0.1246 0.0408 0.3039 0.0760 0.0396 0.1023 0.1286 0.1842 
         544  1 0.0912 0.0379 0.3672 0.0714 0.0596 0.1113 0.0971 0.1645 
         545  1 0.1415 0.1182 0.1957 0.1323 0.0632 0.1498 0.1194 0.0799 
         546  1 0.1147 0.0766 0.3240 0.1121 0.0708 0.1294 0.0947 0.0777 
         547  1 0.1203 0.0903 0.0943 0.0848 0.1956 0.1404 0.1931 0.0813 
