           1  1 0.0893 0.0792 0.1082 0.1108 0.1031 0.2911 0.1663 0.0521 
           2  1 0.1507 0.1428 0.0932 0.1096 0.1292 0.1626 0.1563 0.0557 
           3  1 0.1031 0.0970 0.0962 0.1777 0.0617 0.1056 0.1222 0.2366 
           4  1 0.0992 0.0947 0.0975 0.3535 0.0430 0.1045 0.1600 0.0476 
           5  1 0.1682 0.1450 0.0767 0.0745 0.2284 0.1418 0.0765 0.0889 
           6  1 0.0788 0.1467 0.1621 0.0824 0.1637 0.2284 0.0827 0.0551 
           7  1 0.0526 0.0457 0.0524 0.0688 0.1871 0.0767 0.0804 0.4364 
           8  1 0.1312 0.1472 0.1617 0.0769 0.0915 0.1722 0.0941 0.1251 
           9  1 0.1018 0.0792 0.0703 0.3409 0.0638 0.0865 0.1457 0.1117 
          10  1 0.1738 0.2031 0.3194 0.0403 0.0282 0.1075 0.0871 0.0406 
          11  1 0.1590 0.1835 0.1908 0.0948 0.0917 0.1098 0.1030 0.0675 
          12  1 0.1295 0.1857 0.2258 0.0828 0.0683 0.1038 0.1584 0.0456 
          13  1 0.0740 0.1693 0.2556 0.1454 0.0549 0.0808 0.0967 0.1232 
          14  1 0.0792 0.0545 0.0627 0.3334 0.1152 0.0902 0.1750 0.0898 
          15  1 0.0419 0.0315 0.0339 0.0493 0.6889 0.0418 0.0463 0.0664 
          16  1 0.1324 0.1204 0.0796 0.0552 0.1190 0.1173 0.0650 0.3111 
          17  1 0.1568 0.1070 0.1267 0.2184 0.0525 0.0887 0.1562 0.0938 
          18  1 0.0969 0.1051 0.0525 0.3763 0.1023 0.1117 0.1225 0.0328 
          19  1 0.0778 0.0615 0.0828 0.2384 0.0808 0.2363 0.1453 0.0771 
          20  1 0.0837 0.0800 0.0966 0.1465 0.0536 0.1033 0.2243 0.2120 
          21  1 0.1950 0.1968 0.1187 0.0492 0.0832 0.2198 0.0855 0.0518 
          22  1 0.1184 0.0690 0.0730 0.1678 0.0619 0.2504 0.1198 0.1397 
          23  1 0.1250 0.1803 0.1641 0.0574 0.2369 0.1027 0.0752 0.0585 
          24  1 0.1074 0.1673 0.2668 0.0891 0.0564 0.1085 0.1314 0.0732 
          25  1 0.1887 0.0901 0.1544 0.0887 0.0551 0.1688 0.1637 0.0904 
          26  1 0.1111 0.1128 0.0938 0.2462 0.1386 0.1347 0.1043 0.0585 
          27  1 0.0949 0.0787 0.1047 0.1764 0.0777 0.1130 0.1345 0.2201 
          28  1 0.1370 0.1811 0.2247 0.0508 0.1686 0.0872 0.0811 0.0695 
          29  1 0.1208 0.0793 0.1091 0.1924 0.0936 0.1480 0.2032 0.0536 
          30  1 0.1312 0.0962 0.1189 0.1407 0.0631 0.1509 0.2098 0.0892 
          31  1 0.1637 0.2039 0.1491 0.1021 0.0483 0.1153 0.1162 0.1014 
          32  1 0.0501 0.0467 0.0670 0.0610 0.5884 0.0677 0.0637 0.0554 
          33  1 0.0936 0.0902 0.0751 0.0951 0.3577 0.0931 0.1185 0.0768 
          34  1 0.1595 0.1428 0.0903 0.1265 0.1229 0.1339 0.1746 0.0494 
          35  1 0.0776 0.0650 0.0741 0.1771 0.1875 0.1052 0.2460 0.0675 
          36  1 0.0809 0.0685 0.0660 0.2155 0.2063 0.0960 0.1217 0.1452 
          37  1 0.1222 0.1387 0.1396 0.1242 0.1318 0.1389 0.1291 0.0755 
          38  1 0.0842 0.0864 0.0912 0.1738 0.1253 0.2402 0.0894 0.1094 
          39  1 0.2315 0.1810 0.1443 0.0694 0.0812 0.0991 0.1486 0.0449 
          40  1 0.0943 0.0804 0.0743 0.0695 0.0968 0.3198 0.0697 0.1951 
          41  1 0.1007 0.1978 0.3200 0.0737 0.0568 0.0892 0.1144 0.0475 
          42  1 0.1048 0.0845 0.0899 0.0519 0.2869 0.0836 0.0887 0.2096 
          43  1 0.1832 0.1770 0.0959 0.2032 0.0359 0.1305 0.1336 0.0408 
          44  1 0.1216 0.1101 0.1293 0.1410 0.0756 0.1408 0.1345 0.1471 
          45  1 0.1691 0.2256 0.1321 0.0824 0.1451 0.1180 0.0753 0.0524 
          46  1 0.1553 0.1112 0.1131 0.0663 0.1261 0.1411 0.1093 0.1776 
          47  1 0.1695 0.0960 0.1210 0.1036 0.0418 0.1653 0.1983 0.1046 
          48  1 0.0619 0.0527 0.0459 0.0738 0.5987 0.0609 0.0597 0.0464 
          49  1 0.0857 0.0946 0.1144 0.2466 0.0334 0.1095 0.1508 0.1650 
          50  1 0.1210 0.0845 0.0763 0.1732 0.0845 0.1435 0.1270 0.1901 
          51  1 0.1645 0.1113 0.0993 0.1244 0.0465 0.1327 0.2738 0.0475 
          52  1 0.0705 0.2243 0.3027 0.0489 0.0436 0.0754 0.0563 0.1783 
          53  1 0.1268 0.1213 0.1057 0.1267 0.0622 0.2196 0.1163 0.1213 
          54  1 0.1281 0.1234 0.1206 0.1788 0.0887 0.1213 0.1653 0.0738 
          55  1 0.1592 0.1042 0.1203 0.1053 0.1782 0.1328 0.1267 0.0732 
          56  1 0.0855 0.0941 0.0745 0.0535 0.4914 0.0800 0.0541 0.0668 
          57  1 0.1093 0.1620 0.1801 0.0944 0.0729 0.1611 0.1059 0.1143 
          58  1 0.0431 0.0375 0.0409 0.0355 0.7254 0.0527 0.0391 0.0259 
          59  1 0.1740 0.1262 0.0977 0.0637 0.1357 0.1184 0.0933 0.1911 
          60  1 0.1182 0.0901 0.0869 0.1259 0.0915 0.1131 0.2056 0.1686 
          61  1 0.0956 0.0875 0.0938 0.1043 0.0488 0.1585 0.1221 0.2893 
          62  1 0.1020 0.1678 0.2477 0.0443 0.1266 0.1459 0.0675 0.0981 
          63  1 0.1101 0.1318 0.1245 0.0877 0.0739 0.1151 0.0813 0.2756 
          64  1 0.1383 0.2196 0.1909 0.0916 0.0442 0.1502 0.0853 0.0799 
          65  1 0.1550 0.1216 0.1176 0.1367 0.0659 0.1652 0.1239 0.1141 
          66  1 0.1590 0.1135 0.1336 0.1341 0.0552 0.1152 0.2097 0.0796 
          67  1 0.1189 0.2231 0.3522 0.0499 0.0285 0.0774 0.0945 0.0554 
          68  1 0.0917 0.0660 0.0947 0.1890 0.0533 0.0829 0.1349 0.2875 
          69  1 0.1627 0.2387 0.1646 0.0429 0.0459 0.1654 0.0519 0.1280 
          70  1 0.0708 0.0992 0.1253 0.1333 0.2807 0.1148 0.0867 0.0892 
          71  1 0.1044 0.1669 0.2549 0.0818 0.0663 0.1210 0.1438 0.0609 
          72  1 0.1001 0.2119 0.3214 0.0695 0.0547 0.0950 0.0896 0.0578 
          73  1 0.1802 0.1184 0.1358 0.1113 0.1363 0.1076 0.1607 0.0497 
          74  1 0.0911 0.0979 0.1122 0.1218 0.0578 0.1517 0.1531 0.2145 
          75  1 0.1223 0.1038 0.1407 0.1394 0.0911 0.1060 0.2006 0.0961 
          76  1 0.2521 0.2052 0.0872 0.0799 0.0371 0.0928 0.1318 0.1141 
          77  1 0.1993 0.1072 0.1797 0.0809 0.1053 0.0952 0.1738 0.0585 
          78  1 0.2054 0.1920 0.1267 0.1130 0.0445 0.1499 0.1104 0.0580 
          79  1 0.0758 0.1823 0.2446 0.0609 0.2533 0.0677 0.0760 0.0392 
          80  1 0.1087 0.1079 0.1459 0.0874 0.0901 0.1223 0.1141 0.2237 
          81  1 0.0861 0.1522 0.3279 0.0593 0.0394 0.0967 0.0742 0.1642 
          82  1 0.1166 0.1248 0.1275 0.0529 0.2474 0.1482 0.0907 0.0919 
          83  1 0.0298 0.0297 0.0326 0.0374 0.0313 0.0333 0.0357 0.7703 
          84  1 0.1142 0.0950 0.1085 0.0913 0.0873 0.1190 0.0972 0.2875 
          85  1 0.1744 0.1556 0.1387 0.0802 0.1125 0.1313 0.1211 0.0861 
          86  1 0.1934 0.1350 0.0978 0.0476 0.1554 0.1430 0.1165 0.1111 
          87  1 0.1648 0.1777 0.2725 0.0557 0.0306 0.0997 0.1049 0.0941 
          88  1 0.2054 0.1475 0.0989 0.1051 0.1511 0.1143 0.1262 0.0515 
          89  1 0.0962 0.0765 0.0676 0.1631 0.0757 0.1626 0.1613 0.1971 
          90  1 0.1742 0.1401 0.0847 0.0588 0.1225 0.1269 0.0724 0.2202 
          91  1 0.1675 0.1829 0.0975 0.1086 0.1184 0.1060 0.1020 0.1171 
          92  1 0.0862 0.1596 0.1777 0.0464 0.2406 0.1084 0.0567 0.1243 
          93  1 0.1795 0.1920 0.1258 0.0906 0.0507 0.0984 0.1025 0.1604 
          94  1 0.1539 0.1147 0.1235 0.1420 0.0355 0.1783 0.1913 0.0608 
          95  1 0.2108 0.2046 0.1208 0.0722 0.1181 0.1427 0.0707 0.0601 
          96  1 0.1257 0.1243 0.1103 0.1429 0.1028 0.1035 0.2047 0.0858 
          97  1 0.1003 0.1853 0.2975 0.0730 0.0682 0.1010 0.0793 0.0953 
          98  1 0.1112 0.1131 0.1557 0.1019 0.0647 0.1167 0.1327 0.2040 
          99  1 0.0929 0.1739 0.2558 0.0763 0.0586 0.1192 0.1001 0.1231 
         100  1 0.1119 0.1484 0.1605 0.1616 0.0976 0.0979 0.1190 0.1031 
         101  1 0.1240 0.1350 0.1185 0.1298 0.0584 0.1321 0.1247 0.1775 
         102  1 0.0596 0.0612 0.0490 0.1243 0.4269 0.0777 0.0680 0.1332 
         103  1 0.1055 0.0701 0.0742 0.1945 0.2241 0.0987 0.1519 0.0810 
         104  1 0.2015 0.1780 0.1627 0.0784 0.0785 0.0949 0.1263 0.0797 
         105  1 0.1311 0.1395 0.1449 0.1680 0.0739 0.1115 0.1450 0.0861 
         106  1 0.0993 0.0878 0.1461 0.1044 0.0900 0.2100 0.1482 0.1141 
         107  1 0.1029 0.1426 0.1543 0.0530 0.1486 0.2246 0.0569 0.1170 
         108  1 0.1230 0.2200 0.2085 0.0491 0.1120 0.1227 0.0571 0.1077 
         109  1 0.1360 0.0908 0.1162 0.1304 0.0595 0.1013 0.1729 0.1930 
         110  1 0.0718 0.0586 0.0692 0.3669 0.0661 0.0825 0.2433 0.0416 
         111  1 0.0892 0.0695 0.0755 0.1515 0.2003 0.2035 0.0801 0.1305 
         112  1 0.1126 0.0826 0.0775 0.2499 0.1343 0.1207 0.1470 0.0755 
         113  1 0.1941 0.1664 0.1641 0.0578 0.0841 0.1853 0.0997 0.0485 
         114  1 0.0789 0.0694 0.0637 0.3555 0.0576 0.0959 0.1532 0.1259 
         115  1 0.1544 0.2091 0.1623 0.0580 0.1045 0.1272 0.0612 0.1233 
         116  1 0.1183 0.1208 0.0970 0.0742 0.1808 0.1676 0.0753 0.1659 
         117  1 0.0942 0.0929 0.0893 0.0726 0.4391 0.0922 0.0753 0.0443 
         118  1 0.0842 0.0760 0.1029 0.3194 0.0580 0.0819 0.1988 0.0789 
         119  1 0.1215 0.0835 0.0776 0.1919 0.2099 0.1066 0.1427 0.0663 
         120  1 0.1404 0.0739 0.1136 0.0982 0.2763 0.0949 0.1592 0.0435 
         121  1 0.1048 0.0961 0.1058 0.1526 0.0531 0.1228 0.1605 0.2043 
         122  1 0.1088 0.1555 0.2689 0.0756 0.0338 0.1002 0.1293 0.1278 
         123  1 0.0682 0.0718 0.0870 0.0686 0.4944 0.0903 0.0713 0.0485 
         124  1 0.1742 0.2216 0.1408 0.0742 0.0495 0.1465 0.0794 0.1138 
         125  1 0.1162 0.1128 0.1331 0.0465 0.3384 0.1016 0.0733 0.0780 
         126  1 0.1587 0.1036 0.1297 0.0784 0.0828 0.2482 0.1158 0.0830 
         127  1 0.1725 0.2357 0.1516 0.0608 0.1561 0.0793 0.0979 0.0461 
         128  1 0.1033 0.1006 0.0893 0.0410 0.4338 0.1052 0.0543 0.0727 
         129  1 0.0918 0.2686 0.3155 0.0491 0.0618 0.0805 0.0514 0.0814 
         130  1 0.1247 0.0886 0.1318 0.1393 0.0441 0.1089 0.3225 0.0401 
         131  1 0.1663 0.1343 0.1684 0.0639 0.0530 0.2072 0.1121 0.0947 
         132  1 0.0808 0.0710 0.0596 0.0507 0.5485 0.0753 0.0698 0.0443 
         133  1 0.0852 0.0803 0.0675 0.2658 0.1590 0.1134 0.1858 0.0430 
         134  1 0.1218 0.0856 0.1441 0.1389 0.0756 0.1447 0.1636 0.1256 
         135  1 0.0506 0.0552 0.0735 0.3045 0.0440 0.0883 0.3482 0.0357 
         136  1 0.1331 0.0867 0.1002 0.0969 0.1152 0.1288 0.1311 0.2079 
         137  1 0.2625 0.2434 0.0831 0.0527 0.0716 0.0978 0.0982 0.0908 
         138  1 0.1667 0.1583 0.0865 0.1305 0.1175 0.1731 0.1026 0.0649 
         139  1 0.1658 0.1649 0.1013 0.1204 0.1514 0.1178 0.1386 0.0398 
         140  1 0.1105 0.1430 0.1616 0.0594 0.0475 0.1166 0.0754 0.2859 
         141  1 0.0942 0.1221 0.0994 0.2961 0.1121 0.0976 0.1359 0.0425 
         142  1 0.0622 0.0559 0.0492 0.0581 0.5696 0.0657 0.0619 0.0774 
         143  1 0.0900 0.1263 0.2189 0.0562 0.0533 0.2340 0.0743 0.1470 
         144  1 0.1229 0.0908 0.0817 0.1231 0.0861 0.1211 0.1242 0.2500 
         145  1 0.1447 0.1206 0.0743 0.2861 0.0809 0.1171 0.1197 0.0566 
         146  1 0.1415 0.1191 0.1274 0.1266 0.0463 0.1634 0.1731 0.1027 
         147  1 0.0968 0.0607 0.0829 0.1313 0.0852 0.1235 0.1348 0.2848 
         148  1 0.1429 0.1151 0.0969 0.1585 0.0672 0.1040 0.1462 0.1691 
         149  1 0.1402 0.1322 0.1160 0.0756 0.2618 0.1067 0.1025 0.0650 
         150  1 0.0806 0.0846 0.1256 0.2566 0.0423 0.1067 0.2508 0.0529 
         151  1 0.0626 0.0987 0.1755 0.2059 0.0648 0.1141 0.1712 0.1073 
         152  1 0.1250 0.1332 0.1164 0.1068 0.0586 0.2232 0.0936 0.1433 
         153  1 0.0905 0.0807 0.1150 0.1198 0.0709 0.1025 0.1526 0.2681 
         154  1 0.1306 0.1518 0.1321 0.0918 0.1037 0.1519 0.1136 0.1246 
         155  1 0.0805 0.0779 0.0741 0.0791 0.4517 0.0823 0.0640 0.0904 
         156  1 0.1727 0.1513 0.1501 0.1077 0.0706 0.0874 0.1853 0.0748 
         157  1 0.1666 0.1494 0.1438 0.0886 0.0739 0.2138 0.0918 0.0721 
         158  1 0.3073 0.3039 0.0941 0.0450 0.0432 0.0793 0.0892 0.0380 
         159  1 0.1146 0.1129 0.1335 0.0831 0.2593 0.1037 0.1140 0.0789 
         160  1 0.1792 0.1800 0.0921 0.0664 0.1800 0.1517 0.0880 0.0627 
         161  1 0.0798 0.0542 0.0777 0.1181 0.1849 0.3062 0.1422 0.0369 
         162  1 0.1425 0.1006 0.1329 0.1757 0.0731 0.1040 0.2141 0.0571 
         163  1 0.0953 0.0962 0.1178 0.2512 0.0966 0.1249 0.1426 0.0754 
         164  1 0.0843 0.0906 0.0598 0.0338 0.4854 0.0581 0.0471 0.1408 
         165  1 0.1914 0.1368 0.1085 0.0998 0.0681 0.1449 0.1264 0.1241 
         166  1 0.0894 0.1531 0.1856 0.0795 0.0935 0.2386 0.0850 0.0753 
         167  1 0.0566 0.0688 0.0629 0.0506 0.6377 0.0507 0.0455 0.0273 
         168  1 0.1384 0.0967 0.1767 0.1184 0.0908 0.1156 0.1937 0.0697 
         169  1 0.0815 0.1311 0.1980 0.1574 0.0897 0.1913 0.0974 0.0535 
         170  1 0.0792 0.0858 0.1442 0.2114 0.0373 0.0892 0.2853 0.0677 
         171  1 0.1077 0.1180 0.1108 0.0897 0.1685 0.1197 0.1375 0.1482 
         172  1 0.0959 0.0852 0.0779 0.3703 0.0434 0.0793 0.1545 0.0936 
         173  1 0.1436 0.1205 0.1848 0.1118 0.1418 0.1063 0.1446 0.0468 
         174  1 0.1415 0.0998 0.1258 0.1222 0.0655 0.1365 0.1265 0.1823 
         175  1 0.1304 0.1507 0.1184 0.1284 0.0485 0.1708 0.1782 0.0747 
         176  1 0.0697 0.0653 0.0693 0.2290 0.0435 0.0842 0.3606 0.0785 
         177  1 0.1743 0.1537 0.1051 0.0438 0.0433 0.0690 0.0953 0.3155 
         178  1 0.2055 0.2036 0.1328 0.0933 0.0592 0.1320 0.0984 0.0752 
         179  1 0.1548 0.1672 0.1292 0.1090 0.1321 0.1296 0.1027 0.0753 
         180  1 0.1429 0.1417 0.1478 0.1302 0.0508 0.0991 0.1627 0.1247 
         181  1 0.1384 0.1296 0.0996 0.0934 0.2398 0.1196 0.1243 0.0553 
         182  1 0.0339 0.0330 0.0342 0.0246 0.0334 0.0295 0.0278 0.7836 
         183  1 0.1167 0.0577 0.0802 0.1797 0.0751 0.2473 0.1953 0.0480 
         184  1 0.1380 0.1098 0.1270 0.1357 0.0654 0.1304 0.1747 0.1190 
         185  1 0.1364 0.0921 0.1381 0.1350 0.1280 0.1702 0.1366 0.0636 
         186  1 0.1080 0.0799 0.0956 0.1619 0.1434 0.1353 0.1491 0.1267 
         187  1 0.1180 0.1201 0.0915 0.2357 0.0689 0.1149 0.2008 0.0502 
         188  1 0.0945 0.0699 0.0712 0.1530 0.3286 0.1016 0.0975 0.0836 
         189  1 0.1309 0.1032 0.0879 0.1963 0.0613 0.1590 0.1255 0.1359 
         190  1 0.1009 0.1474 0.2146 0.1766 0.0698 0.0895 0.1292 0.0721 
         191  1 0.1427 0.1146 0.1285 0.1171 0.1000 0.1956 0.1515 0.0500 
         192  1 0.1418 0.1240 0.2032 0.0589 0.0607 0.1550 0.1150 0.1414 
         193  1 0.1260 0.0975 0.1240 0.1953 0.0655 0.1310 0.1819 0.0789 
         194  1 0.1148 0.0834 0.1116 0.0745 0.2680 0.1402 0.1401 0.0674 
         195  1 0.1812 0.2068 0.2423 0.0681 0.0410 0.1130 0.0829 0.0647 
         196  1 0.0998 0.0978 0.0844 0.2697 0.0871 0.1708 0.1205 0.0700 
         197  1 0.0686 0.0547 0.0682 0.0796 0.4245 0.0795 0.0815 0.1434 
         198  1 0.0788 0.0788 0.0956 0.3568 0.0881 0.1051 0.1567 0.0401 
         199  1 0.0960 0.0945 0.0797 0.0413 0.0752 0.0843 0.0567 0.4723 
         200  1 0.1384 0.1104 0.1151 0.1528 0.1929 0.1288 0.1178 0.0438 
         201  1 0.1712 0.1478 0.1121 0.0614 0.0418 0.0929 0.1096 0.2633 
         202  1 0.1125 0.1009 0.1051 0.1195 0.0816 0.1407 0.1645 0.1752 
         203  1 0.1765 0.1345 0.2013 0.0684 0.0772 0.1147 0.1230 0.1044 
         204  1 0.1335 0.1220 0.1055 0.1657 0.0446 0.1022 0.1432 0.1833 
         205  1 0.1299 0.1221 0.1230 0.0938 0.0872 0.1516 0.0978 0.1945 
         206  1 0.1583 0.2236 0.2035 0.0621 0.0622 0.1113 0.0946 0.0845 
         207  1 0.1505 0.0932 0.1551 0.0833 0.0733 0.1797 0.1284 0.1366 
         208  1 0.1509 0.1259 0.0931 0.1539 0.0455 0.1227 0.1715 0.1365 
         209  1 0.1905 0.1950 0.1474 0.0546 0.0863 0.1698 0.1077 0.0487 
         210  1 0.1006 0.1122 0.1333 0.1377 0.0728 0.1156 0.2653 0.0625 
         211  1 0.2098 0.1715 0.1566 0.0620 0.0360 0.1399 0.1204 0.1039 
         212  1 0.0615 0.0477 0.0553 0.4265 0.1103 0.0950 0.1403 0.0634 
         213  1 0.1266 0.1190 0.1285 0.1157 0.2038 0.1299 0.1063 0.0702 
         214  1 0.0761 0.2343 0.3116 0.0598 0.0423 0.1300 0.0665 0.0792 
         215  1 0.1091 0.1022 0.0832 0.1619 0.2014 0.1382 0.0986 0.1054 
         216  1 0.1896 0.1967 0.1853 0.1051 0.0687 0.1094 0.0977 0.0476 
         217  1 0.1307 0.1229 0.0858 0.1861 0.1428 0.1487 0.1369 0.0460 
         218  1 0.0907 0.1092 0.0955 0.0820 0.4137 0.0982 0.0671 0.0437 
         219  1 0.1093 0.0886 0.0965 0.2048 0.0689 0.0961 0.2165 0.1193 
         220  1 0.1585 0.1578 0.1514 0.0806 0.0501 0.1846 0.1189 0.0980 
         221  1 0.0755 0.0876 0.0860 0.0516 0.0465 0.0591 0.0486 0.5451 
         222  1 0.1772 0.1177 0.1335 0.1207 0.0898 0.1701 0.1449 0.0460 
         223  1 0.1404 0.1380 0.0980 0.0907 0.1486 0.1900 0.0934 0.1008 
         224  1 0.1398 0.1408 0.1616 0.0753 0.0492 0.1438 0.1335 0.1561 
         225  1 0.1882 0.1834 0.1842 0.0502 0.0361 0.1884 0.0941 0.0754 
         226  1 0.1435 0.1368 0.0804 0.1430 0.1148 0.1044 0.2219 0.0552 
         227  1 0.1781 0.2303 0.2068 0.0666 0.0761 0.1017 0.0809 0.0595 
         228  1 0.1903 0.2040 0.0886 0.1122 0.1058 0.1006 0.1120 0.0865 
         229  1 0.1415 0.1085 0.0844 0.1213 0.1279 0.1317 0.0950 0.1896 
         230  1 0.0578 0.0504 0.0457 0.5013 0.0547 0.0605 0.1800 0.0496 
         231  1 0.1871 0.1380 0.1089 0.0940 0.0743 0.1236 0.1963 0.0777 
         232  1 0.1854 0.1457 0.1119 0.0395 0.0747 0.0941 0.0792 0.2695 
         233  1 0.0916 0.0973 0.0693 0.4007 0.0538 0.0991 0.1498 0.0383 
         234  1 0.1994 0.2076 0.1173 0.0964 0.0829 0.1332 0.1080 0.0553 
         235  1 0.1341 0.0835 0.0860 0.1261 0.0751 0.1377 0.2159 0.1415 
         236  1 0.0877 0.0776 0.0647 0.2411 0.2426 0.0854 0.0995 0.1012 
         237  1 0.1840 0.1584 0.1004 0.0655 0.0870 0.1216 0.1076 0.1756 
         238  1 0.1012 0.0949 0.0980 0.1409 0.0820 0.2876 0.1137 0.0817 
         239  1 0.1075 0.1185 0.1095 0.2328 0.0760 0.0906 0.1618 0.1033 
         240  1 0.1372 0.1038 0.1122 0.1132 0.1253 0.1278 0.1507 0.1298 
         241  1 0.1643 0.1962 0.1797 0.0916 0.0455 0.1236 0.1000 0.0991 
         242  1 0.0867 0.1459 0.1703 0.0902 0.0887 0.1264 0.0773 0.2146 
         243  1 0.0948 0.1262 0.1538 0.0720 0.2757 0.0999 0.0868 0.0908 
         244  1 0.2029 0.1889 0.0901 0.0592 0.0439 0.1112 0.0860 0.2177 
         245  1 0.0911 0.1027 0.1095 0.1444 0.2173 0.0866 0.1777 0.0706 
         246  1 0.0967 0.1059 0.1076 0.1999 0.2029 0.0900 0.1088 0.0882 
         247  1 0.1781 0.1567 0.1200 0.2119 0.0459 0.0890 0.1421 0.0563 
         248  1 0.2368 0.2147 0.0816 0.1309 0.0445 0.0926 0.1542 0.0447 
         249  1 0.1211 0.0993 0.1209 0.1372 0.0775 0.1688 0.2004 0.0748 
         250  1 0.0855 0.0716 0.0647 0.1021 0.4349 0.0952 0.0748 0.0711 
         251  1 0.1436 0.0926 0.1014 0.0878 0.1228 0.2198 0.1545 0.0774 
         252  1 0.1192 0.1346 0.2575 0.0651 0.0598 0.1537 0.1389 0.0713 
         253  1 0.1034 0.1476 0.1717 0.0614 0.2428 0.1011 0.0759 0.0960 
         254  1 0.0970 0.0798 0.0730 0.3181 0.0999 0.1219 0.1695 0.0408 
         255  1 0.0920 0.0807 0.0684 0.0817 0.0662 0.0755 0.0847 0.4508 
         256  1 0.1577 0.1378 0.1042 0.0560 0.2118 0.1760 0.0834 0.0730 
         257  1 0.0704 0.2429 0.3321 0.0906 0.0602 0.0684 0.1024 0.0329 
         258  1 0.1622 0.1334 0.0894 0.1043 0.1002 0.1104 0.1297 0.1705 
         259  1 0.1121 0.1855 0.2214 0.1677 0.0477 0.0953 0.1058 0.0646 
         260  1 0.1615 0.1787 0.1513 0.0727 0.0887 0.0985 0.1032 0.1454 
         261  1 0.1758 0.1696 0.1244 0.1486 0.0591 0.1141 0.1617 0.0466 
         262  1 0.1318 0.1027 0.0973 0.1058 0.0971 0.1202 0.1754 0.1696 
         263  1 0.1873 0.1781 0.0937 0.1315 0.0432 0.1467 0.1460 0.0734 
         264  1 0.1109 0.1204 0.0967 0.1475 0.0808 0.1065 0.0889 0.2484 
         265  1 0.1928 0.1360 0.0894 0.0882 0.0399 0.2173 0.1011 0.1354 
         266  1 0.1119 0.0892 0.1005 0.0750 0.2539 0.1551 0.1629 0.0514 
         267  1 0.0777 0.0640 0.0783 0.0941 0.0505 0.2035 0.0899 0.3420 
         268  1 0.0569 0.0779 0.0837 0.4626 0.0572 0.0804 0.1420 0.0393 
         269  1 0.0994 0.1012 0.1331 0.1498 0.0470 0.0802 0.2129 0.1765 
         270  1 0.1379 0.1044 0.1023 0.1456 0.0369 0.1543 0.1677 0.1508 
         271  1 0.1220 0.1173 0.1297 0.1095 0.1179 0.1880 0.1180 0.0976 
         272  1 0.1092 0.1703 0.1849 0.2306 0.0418 0.0984 0.1120 0.0529 
         273  1 0.1303 0.1292 0.0901 0.1086 0.0938 0.1407 0.0801 0.2274 
         274  1 0.0639 0.0524 0.0526 0.4801 0.0369 0.0699 0.1818 0.0625 
         275  1 0.0968 0.0763 0.0731 0.1517 0.0536 0.0839 0.1784 0.2861 
         276  1 0.1424 0.1668 0.1369 0.0439 0.2687 0.1082 0.0645 0.0685 
         277  1 0.0441 0.0406 0.0488 0.0560 0.0383 0.0428 0.0671 0.6624 
         278  1 0.0943 0.1276 0.1927 0.0949 0.0307 0.0808 0.1042 0.2749 
         279  1 0.1278 0.1008 0.0969 0.1180 0.1415 0.1313 0.1062 0.1773 
         280  1 0.1357 0.1455 0.0825 0.2325 0.1048 0.0913 0.1186 0.0891 
         281  1 0.0889 0.0962 0.1500 0.1110 0.0457 0.3008 0.1224 0.0850 
         282  1 0.1120 0.1755 0.2069 0.1272 0.0563 0.0815 0.1949 0.0455 
         283  1 0.1208 0.0937 0.0816 0.0910 0.2085 0.1141 0.1030 0.1874 
         284  1 0.0818 0.0715 0.0647 0.0514 0.0747 0.0710 0.0557 0.5292 
         285  1 0.1972 0.2226 0.1364 0.0997 0.0714 0.1229 0.0988 0.0510 
         286  1 0.0873 0.1310 0.1340 0.1404 0.0453 0.1366 0.0938 0.2316 
         287  1 0.0972 0.0653 0.0700 0.1049 0.3576 0.0943 0.0976 0.1131 
         288  1 0.0322 0.0295 0.0274 0.0271 0.0265 0.0291 0.0286 0.7997 
         289  1 0.1241 0.0924 0.1184 0.1580 0.1171 0.1314 0.1779 0.0807 
         290  1 0.2042 0.1536 0.1175 0.1758 0.0449 0.0901 0.1688 0.0451 
         291  1 0.0870 0.0707 0.0740 0.1476 0.2621 0.1944 0.1205 0.0437 
         292  1 0.1035 0.1693 0.1816 0.0602 0.1477 0.1353 0.0748 0.1276 
         293  1 0.0658 0.0698 0.0929 0.3428 0.1068 0.0885 0.1848 0.0486 
         294  1 0.1691 0.1714 0.1401 0.0921 0.0556 0.1334 0.1227 0.1156 
         295  1 0.0610 0.0704 0.0733 0.0347 0.6283 0.0554 0.0492 0.0278 
         296  1 0.0939 0.0764 0.0545 0.0774 0.0803 0.0734 0.0769 0.4672 
         297  1 0.1149 0.0917 0.0967 0.1308 0.0636 0.1088 0.2100 0.1836 
         298  1 0.0922 0.2158 0.2955 0.0991 0.1107 0.0792 0.0790 0.0286 
         299  1 0.0633 0.0575 0.0613 0.0376 0.6347 0.0564 0.0496 0.0395 
         300  1 0.0980 0.0955 0.1110 0.1727 0.0970 0.1095 0.2032 0.1131 
         301  1 0.1099 0.1068 0.1284 0.0913 0.1930 0.1151 0.1389 0.1166 
         302  1 0.0428 0.0368 0.0401 0.0496 0.6943 0.0509 0.0479 0.0377 
         303  1 0.0967 0.1006 0.1047 0.2240 0.0480 0.2362 0.1330 0.0567 
         304  1 0.0725 0.2064 0.2852 0.1290 0.0702 0.0828 0.0932 0.0607 
         305  1 0.2305 0.1624 0.1367 0.1011 0.0592 0.1220 0.1311 0.0570 
         306  1 0.0643 0.0577 0.0522 0.0432 0.3085 0.0639 0.0452 0.3650 
         307  1 0.1154 0.1355 0.1758 0.1133 0.1224 0.1354 0.1089 0.0935 
         308  1 0.1686 0.1515 0.1566 0.0968 0.0742 0.1340 0.1179 0.1003 
         309  1 0.0820 0.1331 0.1889 0.1144 0.0559 0.1154 0.0977 0.2127 
         310  1 0.1022 0.0655 0.0813 0.1088 0.0623 0.1396 0.1618 0.2785 
         311  1 0.0921 0.0988 0.1227 0.0527 0.1838 0.1029 0.0751 0.2719 
         312  1 0.0850 0.0857 0.0917 0.1813 0.0566 0.0993 0.2145 0.1859 
         313  1 0.1108 0.1225 0.1034 0.0989 0.1934 0.1122 0.0874 0.1715 
         314  1 0.1228 0.1636 0.1345 0.0578 0.0870 0.1776 0.0698 0.1868 
         315  1 0.1761 0.1711 0.1176 0.0490 0.1074 0.1117 0.1049 0.1622 
         316  1 0.1574 0.1809 0.1285 0.1280 0.0875 0.1289 0.1044 0.0843 
         317  1 0.1331 0.1090 0.1027 0.1746 0.0383 0.0875 0.2128 0.1420 
         318  1 0.0604 0.0620 0.0680 0.2680 0.0581 0.0856 0.3444 0.0535 
         319  1 0.1301 0.0888 0.1241 0.1075 0.1443 0.1711 0.1660 0.0682 
         320  1 0.1115 0.1145 0.0980 0.0534 0.3338 0.0740 0.0710 0.1438 
         321  1 0.1682 0.1668 0.0670 0.1780 0.0595 0.1476 0.1470 0.0660 
         322  1 0.1791 0.1899 0.1152 0.1142 0.0644 0.1522 0.0982 0.0868 
         323  1 0.1017 0.0709 0.1076 0.0781 0.1323 0.0803 0.1170 0.3122 
         324  1 0.1811 0.1567 0.1542 0.0774 0.0468 0.1821 0.1472 0.0546 
         325  1 0.0882 0.0969 0.0843 0.3585 0.0708 0.0940 0.1388 0.0686 
         326  1 0.0952 0.0854 0.1297 0.0726 0.0444 0.0830 0.0860 0.4038 
         327  1 0.1442 0.1302 0.1044 0.1803 0.0963 0.1114 0.1683 0.0648 
         328  1 0.1741 0.1867 0.1621 0.0882 0.0573 0.1344 0.1459 0.0513 
         329  1 0.2001 0.2264 0.1462 0.0630 0.0668 0.1014 0.0943 0.1018 
         330  1 0.2789 0.3066 0.1262 0.0410 0.0335 0.0798 0.0872 0.0468 
         331  1 0.1165 0.0993 0.1420 0.1061 0.0898 0.1492 0.1632 0.1338 
         332  1 0.1013 0.1171 0.1907 0.1592 0.0553 0.1342 0.1795 0.0626 
         333  1 0.1401 0.1157 0.1481 0.0849 0.0615 0.0980 0.1744 0.1773 
         334  1 0.1147 0.1074 0.1050 0.2056 0.0469 0.1033 0.2101 0.1070 
         335  1 0.1091 0.1138 0.1942 0.1206 0.0927 0.1147 0.1456 0.1094 
         336  1 0.1576 0.1293 0.1128 0.0977 0.0802 0.1257 0.1090 0.1878 
         337  1 0.1072 0.0784 0.0786 0.2000 0.1042 0.1333 0.1848 0.1135 
         338  1 0.1493 0.2558 0.2330 0.0585 0.0575 0.0893 0.0710 0.0857 
         339  1 0.1179 0.1988 0.2183 0.0527 0.1859 0.1060 0.0710 0.0493 
         340  1 0.1200 0.0942 0.1019 0.2611 0.0504 0.1172 0.1801 0.0750 
         341  1 0.0985 0.0804 0.0838 0.0970 0.2938 0.1571 0.0850 0.1045 
         342  1 0.0907 0.2422 0.3718 0.0590 0.0472 0.0677 0.0827 0.0387 
         343  1 0.1105 0.2531 0.2681 0.0763 0.0381 0.0639 0.0694 0.1207 
         344  1 0.0828 0.0899 0.1192 0.2873 0.0435 0.0838 0.2097 0.0839 
         345  1 0.0997 0.1200 0.1579 0.0912 0.0690 0.1049 0.1116 0.2456 
         346  1 0.1616 0.1409 0.1314 0.0998 0.1110 0.1505 0.1356 0.0692 
         347  1 0.2191 0.2409 0.1383 0.0598 0.0732 0.1261 0.0952 0.0473 
         348  1 0.1146 0.1144 0.1249 0.1308 0.1673 0.1387 0.1393 0.0700 
         349  1 0.0833 0.0658 0.0820 0.1155 0.0647 0.0942 0.1018 0.3928 
         350  1 0.1091 0.1188 0.1363 0.1283 0.1435 0.1690 0.1343 0.0607 
         351  1 0.1152 0.0853 0.0797 0.2356 0.1285 0.1336 0.1287 0.0935 
         352  1 0.0756 0.1128 0.1340 0.1945 0.1365 0.0913 0.1037 0.1517 
         353  1 0.1772 0.1767 0.0807 0.0500 0.1672 0.1033 0.0961 0.1488 
         354  1 0.1673 0.2270 0.2256 0.0576 0.0567 0.0882 0.0844 0.0933 
         355  1 0.0898 0.1041 0.1242 0.1361 0.1132 0.1338 0.1258 0.1729 
         356  1 0.1005 0.1589 0.1791 0.0995 0.1852 0.1023 0.0963 0.0783 
         357  1 0.1427 0.0858 0.1842 0.1020 0.0905 0.1370 0.1716 0.0861 
         358  1 0.0883 0.1019 0.1023 0.1228 0.1257 0.1061 0.0799 0.2730 
         359  1 0.1279 0.1341 0.1038 0.0819 0.2747 0.1123 0.0976 0.0677 
         360  1 0.1021 0.0852 0.0859 0.2435 0.1244 0.1256 0.1544 0.0789 
         361  1 0.0804 0.1615 0.1938 0.0677 0.2627 0.0931 0.0709 0.0699 
         362  1 0.1085 0.1095 0.1069 0.1510 0.0966 0.1412 0.1673 0.1190 
         363  1 0.1031 0.0863 0.0961 0.2574 0.0497 0.1181 0.2180 0.0713 
         364  1 0.1197 0.1033 0.0964 0.1420 0.0690 0.1002 0.1960 0.1733 
         365  1 0.1514 0.1290 0.0911 0.1511 0.1364 0.1221 0.1399 0.0789 
         366  1 0.1139 0.0935 0.1235 0.1661 0.1812 0.0991 0.1318 0.0910 
         367  1 0.1029 0.1211 0.0956 0.1135 0.1697 0.1498 0.1069 0.1405 
         368  1 0.2859 0.2803 0.0837 0.0521 0.0910 0.0631 0.1128 0.0312 
         369  1 0.1729 0.1074 0.1284 0.0621 0.1144 0.1215 0.1287 0.1647 
         370  1 0.1437 0.1327 0.0904 0.0553 0.1441 0.1258 0.0877 0.2202 
         371  1 0.0989 0.1046 0.1125 0.0764 0.2062 0.0872 0.0735 0.2408 
         372  1 0.0758 0.0760 0.0790 0.0829 0.4396 0.0988 0.0710 0.0768 
         373  1 0.0957 0.0913 0.1086 0.1172 0.1827 0.1447 0.1249 0.1349 
         374  1 0.0868 0.1101 0.0848 0.2314 0.0873 0.1135 0.0950 0.1911 
         375  1 0.1049 0.1735 0.1739 0.1574 0.0642 0.1241 0.1007 0.1012 
         376  1 0.1680 0.1237 0.1056 0.1734 0.0629 0.1412 0.1260 0.0992 
         377  1 0.1577 0.1120 0.1038 0.0847 0.1435 0.2694 0.0910 0.0378 
         378  1 0.1224 0.0908 0.1052 0.0917 0.0951 0.3228 0.1047 0.0673 
         379  1 0.0437 0.0434 0.0485 0.0695 0.6394 0.0552 0.0546 0.0458 
         380  1 0.1860 0.0897 0.1639 0.0455 0.1335 0.1932 0.1388 0.0494 
         381  1 0.1583 0.1212 0.0984 0.0949 0.1138 0.1273 0.1390 0.1470 
         382  1 0.1224 0.1150 0.1415 0.0881 0.1257 0.1363 0.1267 0.1443 
         383  1 0.1228 0.1625 0.1362 0.0629 0.1411 0.1010 0.0891 0.1843 
         384  1 0.0408 0.0544 0.0724 0.2077 0.3958 0.0849 0.1131 0.0308 
         385  1 0.1078 0.1048 0.1439 0.1263 0.0388 0.1251 0.2722 0.0810 
         386  1 0.0573 0.0509 0.0548 0.0394 0.6448 0.0643 0.0526 0.0358 
         387  1 0.2288 0.1994 0.1084 0.1107 0.0657 0.1288 0.1171 0.0411 
         388  1 0.0627 0.0703 0.0736 0.1582 0.4111 0.0933 0.0897 0.0409 
         389  1 0.0839 0.0740 0.0786 0.0983 0.0622 0.0838 0.1074 0.4118 
         390  1 0.1333 0.2492 0.2856 0.0495 0.0599 0.1063 0.0667 0.0496 
         391  1 0.1490 0.1417 0.0848 0.0802 0.3172 0.1070 0.0840 0.0361 
         392  1 0.1029 0.1472 0.2199 0.0624 0.0951 0.0951 0.0828 0.1945 
         393  1 0.0618 0.0547 0.0721 0.2722 0.3007 0.0771 0.1317 0.0297 
         394  1 0.0950 0.2149 0.3718 0.0563 0.0264 0.0910 0.0700 0.0746 
         395  1 0.1081 0.1141 0.1104 0.1602 0.0862 0.1114 0.1229 0.1866 
         396  1 0.0997 0.0795 0.1045 0.1740 0.0535 0.1179 0.2987 0.0721 
         397  1 0.0919 0.0746 0.0842 0.1802 0.0381 0.0748 0.2373 0.2189 
         398  1 0.1565 0.1921 0.1647 0.1011 0.0934 0.1400 0.1111 0.0411 
         399  1 0.1174 0.1202 0.1136 0.1433 0.2038 0.1328 0.1119 0.0569 
         400  1 0.1344 0.0841 0.0715 0.0682 0.2939 0.0886 0.0736 0.1858 
         401  1 0.1586 0.1437 0.0878 0.1245 0.1337 0.1314 0.1839 0.0365 
         402  1 0.1054 0.0800 0.0982 0.1262 0.0793 0.1407 0.2613 0.1089 
         403  1 0.1002 0.1000 0.1133 0.1213 0.0397 0.0979 0.1808 0.2468 
         404  1 0.1473 0.2325 0.2107 0.0640 0.0561 0.1028 0.1018 0.0848 
         405  1 0.0812 0.1003 0.1345 0.3440 0.0468 0.1018 0.1264 0.0651 
         406  1 0.0682 0.1283 0.1819 0.0655 0.1101 0.2423 0.0746 0.1292 
         407  1 0.0583 0.0446 0.0479 0.2525 0.3592 0.0774 0.0991 0.0609 
         408  1 0.1572 0.1251 0.1484 0.1317 0.0575 0.1669 0.1577 0.0556 
         409  1 0.1889 0.1789 0.1206 0.1253 0.0801 0.1352 0.1162 0.0549 
         410  1 0.1429 0.1375 0.1607 0.1174 0.0795 0.1456 0.1137 0.1027 
         411  1 0.1823 0.1180 0.1343 0.1222 0.0306 0.0925 0.1856 0.1346 
         412  1 0.1270 0.1443 0.1168 0.1499 0.0917 0.2458 0.0973 0.0273 
         413  1 0.1355 0.0833 0.0795 0.1140 0.0307 0.0779 0.2147 0.2644 
         414  1 0.1567 0.0854 0.1121 0.1118 0.0989 0.2093 0.1751 0.0507 
         415  1 0.2605 0.2572 0.1082 0.0418 0.1026 0.1182 0.0820 0.0296 
         416  1 0.0598 0.0435 0.0468 0.3380 0.0441 0.0719 0.3434 0.0525 
         417  1 0.1374 0.1779 0.2611 0.0602 0.0800 0.1290 0.1085 0.0459 
         418  1 0.2061 0.1774 0.1134 0.0887 0.0657 0.1385 0.1339 0.0762 
         419  1 0.1918 0.1640 0.1913 0.0625 0.0608 0.1327 0.1015 0.0954 
         420  1 0.1019 0.0787 0.0848 0.2937 0.0479 0.1203 0.1613 0.1113 
         421  1 0.2120 0.1957 0.1704 0.0829 0.0433 0.1089 0.1162 0.0707 
         422  1 0.1412 0.1417 0.1645 0.0864 0.0725 0.1724 0.1183 0.1030 
         423  1 0.0736 0.0554 0.1032 0.1502 0.1084 0.1845 0.1997 0.1249 
         424  1 0.1074 0.0984 0.0986 0.2459 0.0422 0.1019 0.1976 0.1080 
         425  1 0.2404 0.1958 0.0780 0.0714 0.0894 0.1101 0.0907 0.1242 
         426  1 0.2003 0.1803 0.1493 0.0561 0.1350 0.1389 0.0810 0.0592 
         427  1 0.1721 0.1524 0.2084 0.0583 0.0860 0.1288 0.1598 0.0343 
         428  1 0.1194 0.2030 0.1953 0.0932 0.1037 0.1147 0.0952 0.0754 
         429  1 0.0768 0.0717 0.0690 0.0568 0.2927 0.0665 0.0568 0.3097 
         430  1 0.1883 0.1899 0.1208 0.0764 0.0725 0.2030 0.0809 0.0682 
         431  1 0.1039 0.0991 0.1265 0.1318 0.0399 0.1547 0.2315 0.1126 
         432  1 0.1183 0.0853 0.0794 0.2194 0.1671 0.1291 0.1018 0.0996 
         433  1 0.0830 0.0673 0.0780 0.1133 0.2578 0.1890 0.1551 0.0566 
         434  1 0.0979 0.1195 0.1344 0.2697 0.0594 0.1117 0.1478 0.0595 
         435  1 0.1688 0.1258 0.1336 0.1815 0.0641 0.0944 0.1652 0.0665 
         436  1 0.1625 0.0819 0.0885 0.0688 0.0712 0.2668 0.0968 0.1635 
         437  1 0.1037 0.0836 0.0933 0.1479 0.1928 0.1185 0.2059 0.0542 
         438  1 0.0670 0.0683 0.0986 0.0679 0.4697 0.1210 0.0728 0.0347 
         439  1 0.2602 0.2183 0.0944 0.0597 0.0647 0.1056 0.1082 0.0890 
         440  1 0.0792 0.0763 0.0695 0.0668 0.0569 0.0771 0.0651 0.5090 
         441  1 0.2012 0.1629 0.1470 0.0716 0.1037 0.1166 0.1294 0.0676 
         442  1 0.1201 0.0847 0.1131 0.1501 0.0405 0.0979 0.3181 0.0754 
         443  1 0.1183 0.0912 0.0806 0.1436 0.1501 0.1174 0.1347 0.1642 
         444  1 0.1030 0.0858 0.1490 0.0796 0.2706 0.1146 0.1217 0.0756 
         445  1 0.1039 0.1833 0.1669 0.0411 0.1030 0.1328 0.0639 0.2052 
         446  1 0.2089 0.2592 0.1660 0.0669 0.0547 0.0934 0.0976 0.0533 
         447  1 0.1032 0.0978 0.1001 0.3236 0.0658 0.0953 0.1617 0.0526 
         448  1 0.1778 0.2075 0.1267 0.1173 0.1149 0.1075 0.0930 0.0552 
         449  1 0.0815 0.0541 0.0509 0.1901 0.1175 0.0810 0.0974 0.3275 
         450  1 0.1232 0.0792 0.1519 0.0912 0.0462 0.1154 0.1367 0.2564 
         451  1 0.1114 0.0907 0.1237 0.0650 0.1302 0.1169 0.1016 0.2605 
         452  1 0.0789 0.1163 0.1873 0.0683 0.0727 0.0720 0.0846 0.3199 
         453  1 0.1524 0.0802 0.1420 0.1243 0.0938 0.1041 0.1879 0.1153 
         454  1 0.0832 0.0674 0.0741 0.1496 0.0363 0.1020 0.1734 0.3140 
         455  1 0.1299 0.1463 0.2193 0.0582 0.0751 0.2049 0.1237 0.0426 
         456  1 0.1775 0.2989 0.2051 0.0555 0.0667 0.0873 0.0598 0.0492 
         457  1 0.1774 0.0795 0.1521 0.0679 0.1159 0.1914 0.1568 0.0591 
         458  1 0.0552 0.0514 0.0480 0.0398 0.0959 0.0532 0.0403 0.6164 
         459  1 0.2077 0.2295 0.1086 0.0602 0.1411 0.1205 0.0796 0.0528 
         460  1 0.0797 0.1406 0.2201 0.1122 0.1044 0.1162 0.1519 0.0748 
         461  1 0.0478 0.0412 0.0439 0.5706 0.0308 0.0487 0.1679 0.0491 
         462  1 0.1337 0.1801 0.2576 0.1036 0.0289 0.1371 0.1040 0.0549 
         463  1 0.0957 0.0781 0.1025 0.0737 0.2409 0.2139 0.0924 0.1028 
         464  1 0.1111 0.1008 0.1211 0.0789 0.1641 0.1328 0.2108 0.0804 
         465  1 0.2184 0.2493 0.1533 0.0561 0.0587 0.1115 0.0768 0.0759 
         466  1 0.0980 0.0764 0.0931 0.1104 0.2374 0.2430 0.0930 0.0486 
         467  1 0.0795 0.0639 0.0652 0.0844 0.0973 0.1245 0.0650 0.4201 
         468  1 0.1070 0.1092 0.0931 0.1223 0.1798 0.1191 0.0910 0.1785 
         469  1 0.2499 0.2298 0.0847 0.0892 0.0999 0.0871 0.0971 0.0624 
         470  1 0.1221 0.1048 0.0941 0.0964 0.2508 0.1604 0.1187 0.0528 
         471  1 0.0437 0.0424 0.0516 0.0378 0.0402 0.0390 0.0441 0.7012 
         472  1 0.0634 0.0590 0.0631 0.1189 0.4289 0.0757 0.1536 0.0374 
         473  1 0.0654 0.0520 0.0871 0.1236 0.0853 0.4132 0.1207 0.0528 
         474  1 0.1800 0.1817 0.0909 0.1673 0.0515 0.0916 0.1454 0.0916 
         475  1 0.1462 0.1711 0.1734 0.0691 0.0930 0.1688 0.1112 0.0671 
         476  1 0.1677 0.2377 0.1624 0.0492 0.1201 0.0964 0.0600 0.1064 
         477  1 0.1505 0.1161 0.1256 0.1236 0.0469 0.1681 0.1165 0.1528 
         478  1 0.1014 0.0989 0.0718 0.3234 0.0560 0.1087 0.1958 0.0439 
         479  1 0.1231 0.1595 0.1738 0.0853 0.0569 0.1562 0.0772 0.1680 
         480  1 0.0944 0.0620 0.0890 0.2227 0.1024 0.1185 0.2611 0.0499 
         481  1 0.1795 0.1381 0.1420 0.0731 0.0708 0.1328 0.1534 0.1103 
         482  1 0.1193 0.1000 0.0726 0.0835 0.3294 0.1130 0.1296 0.0526 
         483  1 0.1251 0.1566 0.2088 0.0604 0.1194 0.0951 0.0879 0.1466 
         484  1 0.1176 0.1934 0.2253 0.0880 0.0340 0.1366 0.1742 0.0309 
         485  1 0.1005 0.2590 0.3220 0.0527 0.0430 0.0984 0.0592 0.0652 
         486  1 0.1363 0.1131 0.1331 0.1430 0.0731 0.1234 0.1695 0.1086 
         487  1 0.1365 0.1331 0.1121 0.0970 0.1633 0.1389 0.1370 0.0821 
         488  1 0.1706 0.2435 0.1651 0.0511 0.1004 0.1354 0.0596 0.0743 
         489  1 0.1095 0.1257 0.1320 0.1911 0.0838 0.1344 0.1491 0.0745 
         490  1 0.1190 0.1015 0.0870 0.1066 0.2655 0.1658 0.0951 0.0595 
         491  1 0.0894 0.0669 0.0736 0.1435 0.3598 0.1005 0.1119 0.0544 
         492  1 0.1935 0.1331 0.1241 0.0574 0.0695 0.1342 0.1254 0.1629 
         493  1 0.1303 0.1021 0.1266 0.0749 0.0860 0.2453 0.1820 0.0527 
         494  1 0.1812 0.1770 0.1295 0.0554 0.2061 0.1172 0.0849 0.0488 
         495  1 0.0369 0.0298 0.0291 0.0410 0.0351 0.0417 0.0460 0.7405 
         496  1 0.1676 0.1861 0.1535 0.1382 0.0371 0.0899 0.1645 0.0631 
         497  1 0.1642 0.1198 0.0760 0.1600 0.0510 0.1211 0.1998 0.1081 
         498  1 0.1153 0.0796 0.0685 0.3743 0.0554 0.0786 0.1514 0.0769 
         499  1 0.0785 0.0556 0.0776 0.1134 0.3697 0.1059 0.1528 0.0466 
         500  1 0.1312 0.1047 0.0877 0.0672 0.1622 0.1148 0.0879 0.2443 
         501  1 0.1639 0.1372 0.1232 0.1196 0.0614 0.1255 0.1556 0.1136 
         502  1 0.1576 0.1245 0.1659 0.0861 0.0710 0.1474 0.1400 0.1075 
         503  1 0.1293 0.1028 0.0879 0.2676 0.0784 0.1059 0.1619 0.0662 
         504  1 0.2058 0.2081 0.0813 0.1559 0.0356 0.0893 0.1706 0.0534 
         505  1 0.1378 0.1401 0.0928 0.0614 0.1927 0.1313 0.0844 0.1595 
         506  1 0.1927 0.1516 0.1329 0.0992 0.0627 0.1644 0.1073 0.0891 
         507  1 0.0793 0.1067 0.1371 0.1120 0.2104 0.0908 0.1250 0.1387 
         508  1 0.0699 0.0870 0.1319 0.3146 0.0314 0.0752 0.2226 0.0674 
         509  1 0.1522 0.1468 0.1491 0.0583 0.0614 0.1104 0.0812 0.2406 
         510  1 0.0874 0.1204 0.1076 0.3184 0.0355 0.1204 0.1397 0.0706 
         511  1 0.1266 0.1143 0.0781 0.1113 0.2853 0.1170 0.1076 0.0597 
         512  1 0.0706 0.0635 0.0495 0.4922 0.0328 0.0688 0.1838 0.0387 
         513  1 0.1086 0.0861 0.0904 0.1661 0.0552 0.1754 0.1199 0.1983 
         514  1 0.1227 0.0771 0.0831 0.1975 0.0667 0.0835 0.3159 0.0535 
         515  1 0.0449 0.0386 0.0391 0.0676 0.6593 0.0504 0.0590 0.0411 
         516  1 0.1369 0.1959 0.1532 0.0588 0.0781 0.1030 0.0775 0.1968 
         517  1 0.1510 0.1879 0.1275 0.0472 0.0731 0.1329 0.0660 0.2144 
         518  1 0.1021 0.0995 0.1256 0.2224 0.0405 0.1014 0.2690 0.0394 
         519  1 0.2009 0.2053 0.0907 0.0815 0.0561 0.1679 0.1172 0.0804 
         520  1 0.1876 0.1817 0.0848 0.0985 0.1134 0.1208 0.0841 0.1291 
         521  1 0.0947 0.0938 0.1241 0.1132 0.0884 0.2250 0.1871 0.0737 
         522  1 0.2146 0.2414 0.1179 0.0772 0.0433 0.1240 0.1081 0.0736 
         523  1 0.1210 0.1042 0.1008 0.1126 0.1625 0.1775 0.1149 0.1065 
         524  1 0.0615 0.0657 0.0697 0.0345 0.0419 0.0625 0.0420 0.6222 
         525  1 0.1498 0.1261 0.1413 0.0983 0.1417 0.1428 0.1325 0.0674 
         526  1 0.0930 0.0896 0.0850 0.3129 0.1112 0.0865 0.1440 0.0777 
         527  1 0.1330 0.1133 0.1199 0.1433 0.0870 0.1360 0.1914 0.0762 
         528  1 0.0898 0.1074 0.1196 0.0622 0.3785 0.1249 0.0792 0.0383 
         529  1 0.1307 0.1040 0.1149 0.1056 0.0873 0.2086 0.1272 0.1217 
         530  1 0.0932 0.1084 0.1601 0.0968 0.2007 0.1959 0.0896 0.0552 
         531  1 0.1048 0.1884 0.2196 0.0698 0.1687 0.1050 0.0676 0.0762 
         532  1 0.0422 0.0382 0.0402 0.0361 0.0241 0.0478 0.0427 0.7287 
         533  1 0.0554 0.0420 0.0420 0.5261 0.0473 0.0538 0.1886 0.0449 
         534  1 0.1433 0.1543 0.1717 0.0710 0.1685 0.1334 0.1026 0.0553 
         535  1 0.0983 0.0736 0.0837 0.1444 0.2001 0.1274 0.1122 0.1602 
         536  1 0.1673 0.1032 0.0917 0.1419 0.0524 0.1108 0.1747 0.1580 
         537  1 0.1604 0.1716 0.1313 0.1063 0.1483 0.1284 0.1041 0.0497 
         538  1 0.1351 0.1243 0.1671 0.0871 0.0755 0.1594 0.1061 0.1455 
         539  1 0.1150 0.0996 0.1045 0.1618 0.1424 0.1429 0.1290 0.1049 
         540  1 0.1183 0.1174 0.1178 0.0854 0.2388 0.0904 0.0959 0.1360 
         541  1 0.1007 0.1157 0.1634 0.0584 0.1275 0.2274 0.0927 0.1142 
         542  1 0.1595 0.1251 0.1036 0.0629 0.2725 0.0965 0.1132 0.0667 
         543  1 0.1458 0.1332 0.0853 0.0436 0.3388 0.1329 0.0764 0.0440 
         544  1 0.1314 0.0934 0.0897 0.0473 0.3857 0.1008 0.0893 0.0624 
         545  1 0.0995 0.1354 0.1271 0.1226 0.2191 0.1172 0.1161 0.0630 
         546  1 0.0961 0.0781 0.1043 0.0875 0.3602 0.0907 0.1075 0.0757 
         547  1 0.1031 0.1437 0.1457 0.0857 0.0923 0.1815 0.0777 0.1704 
