           1  1 0.1078 0.1793 0.3608 0.1558 0.1963 
           2  1 0.1211 0.2196 0.2481 0.1919 0.2192 
           3  1 0.2996 0.1321 0.1793 0.1454 0.2436 
           4  1 0.0981 0.1058 0.2001 0.2044 0.3917 
           5  1 0.1775 0.3729 0.2111 0.1248 0.1137 
           6  1 0.1223 0.1943 0.2944 0.2424 0.1466 
           7  1 0.3894 0.2279 0.1429 0.0859 0.1539 
           8  1 0.2132 0.1601 0.2325 0.2660 0.1281 
           9  1 0.1908 0.1079 0.1379 0.1320 0.4315 
          10  1 0.1282 0.0707 0.2139 0.5129 0.0743 
          11  1 0.1864 0.1920 0.1792 0.3192 0.1232 
          12  1 0.1007 0.1393 0.1632 0.4387 0.1582 
          13  1 0.2359 0.1220 0.1534 0.3045 0.1842 
          14  1 0.1595 0.1722 0.1411 0.0769 0.4503 
          15  1 0.1240 0.6256 0.0874 0.0585 0.1045 
          16  1 0.3731 0.1607 0.2023 0.1644 0.0995 
          17  1 0.2041 0.1317 0.1463 0.1666 0.3513 
          18  1 0.0740 0.1947 0.2489 0.0980 0.3845 
          19  1 0.1298 0.1416 0.2745 0.0862 0.3678 
          20  1 0.2794 0.0917 0.1585 0.1824 0.2881 
          21  1 0.1134 0.1474 0.3452 0.3066 0.0873 
          22  1 0.2419 0.1239 0.2920 0.0799 0.2622 
          23  1 0.1192 0.3416 0.1602 0.2749 0.1041 
          24  1 0.1500 0.1079 0.1587 0.4211 0.1623 
          25  1 0.1907 0.1691 0.3602 0.1273 0.1528 
          26  1 0.1333 0.2416 0.2167 0.1675 0.2409 
          27  1 0.3288 0.1443 0.1651 0.1245 0.2372 
          28  1 0.1266 0.2509 0.1385 0.3957 0.0883 
          29  1 0.1198 0.1928 0.2547 0.0973 0.3354 
          30  1 0.1952 0.1436 0.2129 0.1580 0.2903 
          31  1 0.1951 0.1095 0.1831 0.3344 0.1779 
          32  1 0.1167 0.5072 0.1347 0.1248 0.1166 
          33  1 0.1408 0.3521 0.1548 0.1525 0.1998 
          34  1 0.1061 0.2010 0.2147 0.2207 0.2575 
          35  1 0.1212 0.2397 0.1862 0.1040 0.3489 
          36  1 0.2018 0.3078 0.1496 0.0786 0.2621 
          37  1 0.1451 0.2434 0.1868 0.2168 0.2079 
          38  1 0.2066 0.1562 0.2808 0.1380 0.2185 
          39  1 0.1057 0.1936 0.2204 0.3273 0.1530 
          40  1 0.2474 0.1869 0.3794 0.0767 0.1096 
          41  1 0.1328 0.1077 0.1823 0.4337 0.1436 
          42  1 0.2632 0.3752 0.1299 0.1364 0.0953 
          43  1 0.1071 0.0939 0.2696 0.1709 0.3585 
          44  1 0.2741 0.1332 0.1831 0.1853 0.2244 
          45  1 0.1133 0.2949 0.1877 0.2800 0.1242 
          46  1 0.2697 0.2429 0.2309 0.1300 0.1265 
          47  1 0.2258 0.1108 0.3265 0.1362 0.2007 
          48  1 0.0905 0.6221 0.1018 0.0713 0.1143 
          49  1 0.2963 0.0609 0.1497 0.1686 0.3245 
          50  1 0.3025 0.1552 0.1916 0.0998 0.2509 
          51  1 0.1229 0.1132 0.2998 0.2189 0.2451 
          52  1 0.3078 0.0863 0.1411 0.3728 0.0919 
          53  1 0.1923 0.1282 0.2991 0.1657 0.2146 
          54  1 0.1373 0.1612 0.1910 0.2204 0.2901 
          55  1 0.1365 0.4093 0.2374 0.1011 0.1158 
          56  1 0.1060 0.5285 0.1420 0.1441 0.0793 
          57  1 0.2155 0.1266 0.2229 0.2563 0.1787 
          58  1 0.0587 0.6750 0.1185 0.0728 0.0749 
          59  1 0.2779 0.3053 0.1851 0.1207 0.1109 
          60  1 0.2781 0.1497 0.1893 0.1463 0.2366 
          61  1 0.3563 0.1066 0.2283 0.1227 0.1862 
          62  1 0.1765 0.1883 0.1993 0.3641 0.0718 
          63  1 0.3754 0.1353 0.1703 0.1903 0.1288 
          64  1 0.1497 0.1121 0.2800 0.3028 0.1554 
          65  1 0.2349 0.1485 0.2736 0.1497 0.1933 
          66  1 0.1854 0.1312 0.2184 0.2257 0.2393 
          67  1 0.1162 0.0733 0.1289 0.5777 0.1038 
          68  1 0.3896 0.1405 0.1429 0.1108 0.2162 
          69  1 0.2599 0.1034 0.2767 0.2810 0.0789 
          70  1 0.1649 0.3097 0.1815 0.1738 0.1701 
          71  1 0.1123 0.1211 0.1737 0.4445 0.1483 
          72  1 0.1306 0.1132 0.1525 0.4760 0.1277 
          73  1 0.1330 0.2891 0.1997 0.1429 0.2352 
          74  1 0.2909 0.1142 0.2126 0.1703 0.2121 
          75  1 0.1821 0.1808 0.1559 0.2009 0.2804 
          76  1 0.2387 0.1085 0.2546 0.2255 0.1727 
          77  1 0.1643 0.2744 0.1885 0.1951 0.1777 
          78  1 0.1677 0.0942 0.3302 0.2184 0.1895 
          79  1 0.0952 0.2527 0.1238 0.4067 0.1217 
          80  1 0.2966 0.1500 0.1816 0.2222 0.1496 
          81  1 0.2341 0.0762 0.1580 0.4339 0.0978 
          82  1 0.1564 0.3073 0.2099 0.2313 0.0951 
          83  1 0.7001 0.0686 0.0747 0.0708 0.0858 
          84  1 0.3253 0.1781 0.1810 0.1607 0.1548 
          85  1 0.1782 0.2488 0.1907 0.2449 0.1374 
          86  1 0.1679 0.2931 0.2880 0.1640 0.0869 
          87  1 0.1960 0.0702 0.1671 0.4615 0.1053 
          88  1 0.1353 0.3200 0.2061 0.1549 0.1837 
          89  1 0.2678 0.1185 0.2250 0.1036 0.2851 
          90  1 0.3339 0.2072 0.2390 0.1205 0.0994 
          91  1 0.2085 0.1913 0.1904 0.2249 0.1849 
          92  1 0.2221 0.2658 0.1805 0.2474 0.0841 
          93  1 0.2959 0.0999 0.1665 0.2642 0.1735 
          94  1 0.1557 0.0869 0.2885 0.1799 0.2891 
          95  1 0.1587 0.2395 0.2769 0.1910 0.1339 
          96  1 0.1737 0.1887 0.1650 0.1788 0.2938 
          97  1 0.1791 0.1274 0.1525 0.4252 0.1158 
          98  1 0.2800 0.1404 0.1775 0.2022 0.1999 
          99  1 0.2131 0.1048 0.1694 0.3735 0.1390 
         100  1 0.2003 0.1574 0.1485 0.2601 0.2337 
         101  1 0.2744 0.1136 0.1856 0.2207 0.2057 
         102  1 0.1767 0.4202 0.1513 0.0935 0.1583 
         103  1 0.1321 0.3516 0.1305 0.0850 0.3008 
         104  1 0.1955 0.1839 0.1955 0.2757 0.1494 
         105  1 0.1806 0.1414 0.1476 0.2471 0.2833 
         106  1 0.2133 0.1726 0.2656 0.1678 0.1807 
         107  1 0.1920 0.2070 0.2982 0.2196 0.0833 
         108  1 0.2147 0.2106 0.1790 0.3125 0.0832 
         109  1 0.3398 0.1301 0.1445 0.1422 0.2435 
         110  1 0.0992 0.1103 0.1392 0.1200 0.5313 
         111  1 0.1986 0.2413 0.2806 0.0953 0.1842 
         112  1 0.1660 0.1918 0.1838 0.1075 0.3510 
         113  1 0.1244 0.2202 0.3086 0.2384 0.1084 
         114  1 0.2267 0.1311 0.1847 0.0972 0.3602 
         115  1 0.2234 0.1784 0.2196 0.2782 0.1004 
         116  1 0.2775 0.2190 0.2560 0.1293 0.1181 
         117  1 0.0880 0.5297 0.1474 0.1284 0.1064 
         118  1 0.1438 0.1132 0.1251 0.1527 0.4652 
         119  1 0.1361 0.3862 0.1823 0.0939 0.2014 
         120  1 0.0859 0.4911 0.1365 0.1002 0.1863 
         121  1 0.2956 0.1214 0.1738 0.1639 0.2453 
         122  1 0.1747 0.0708 0.1502 0.4788 0.1254 
         123  1 0.0989 0.5060 0.1398 0.1321 0.1232 
         124  1 0.2085 0.1081 0.2320 0.3391 0.1124 
         125  1 0.1541 0.4468 0.1403 0.1804 0.0784 
         126  1 0.1727 0.1621 0.3866 0.1441 0.1346 
         127  1 0.1049 0.2079 0.1682 0.3815 0.1374 
         128  1 0.1679 0.3655 0.2246 0.1649 0.0772 
         129  1 0.1735 0.1173 0.1507 0.4738 0.0847 
         130  1 0.1027 0.0956 0.2624 0.3181 0.2213 
         131  1 0.2290 0.1182 0.2952 0.2598 0.0979 
         132  1 0.0839 0.5779 0.1442 0.0956 0.0985 
         133  1 0.0845 0.2519 0.1714 0.1175 0.3747 
         134  1 0.2311 0.1875 0.2863 0.1437 0.1514 
         135  1 0.0672 0.0777 0.1582 0.1426 0.5543 
         136  1 0.3063 0.2387 0.1853 0.1199 0.1499 
         137  1 0.1837 0.1449 0.2921 0.2623 0.1170 
         138  1 0.1382 0.2362 0.2806 0.1809 0.1642 
         139  1 0.0841 0.2755 0.1787 0.2325 0.2292 
         140  1 0.3350 0.1005 0.1726 0.2864 0.1054 
         141  1 0.1020 0.1894 0.1628 0.2079 0.3379 
         142  1 0.1521 0.5330 0.1296 0.0856 0.0997 
         143  1 0.2589 0.1123 0.3007 0.2326 0.0956 
         144  1 0.3059 0.1834 0.1791 0.1276 0.2039 
         145  1 0.1468 0.2065 0.2148 0.1043 0.3276 
         146  1 0.1942 0.1021 0.2432 0.2063 0.2542 
         147  1 0.3260 0.1761 0.1871 0.0999 0.2109 
         148  1 0.2851 0.1224 0.1474 0.1883 0.2569 
         149  1 0.1291 0.4274 0.1491 0.1859 0.1085 
         150  1 0.1196 0.0794 0.1661 0.1905 0.4446 
         151  1 0.1732 0.1016 0.1511 0.2255 0.3486 
         152  1 0.2314 0.1262 0.2856 0.1788 0.1779 
         153  1 0.3320 0.1523 0.1553 0.1364 0.2240 
         154  1 0.1920 0.2074 0.1935 0.2293 0.1778 
         155  1 0.1490 0.5170 0.1291 0.1105 0.0944 
         156  1 0.2247 0.1356 0.1747 0.2710 0.1940 
         157  1 0.1653 0.1879 0.3385 0.1774 0.1309 
         158  1 0.1227 0.1467 0.2949 0.3416 0.0941 
         159  1 0.1458 0.3619 0.1463 0.2156 0.1303 
         160  1 0.1315 0.3044 0.2470 0.1876 0.1295 
         161  1 0.0785 0.2589 0.3520 0.0907 0.2199 
         162  1 0.1225 0.1831 0.1619 0.1603 0.3722 
         163  1 0.1512 0.1725 0.1848 0.1469 0.3447 
         164  1 0.2170 0.5036 0.1040 0.1132 0.0623 
         165  1 0.2351 0.1537 0.2390 0.2009 0.1713 
         166  1 0.1388 0.1485 0.3035 0.2763 0.1330 
         167  1 0.0731 0.5893 0.1195 0.1186 0.0996 
         168  1 0.1811 0.2054 0.1845 0.2217 0.2072 
         169  1 0.1349 0.1398 0.2932 0.2797 0.1524 
         170  1 0.1221 0.0756 0.1506 0.2446 0.4071 
         171  1 0.1946 0.2803 0.1819 0.1621 0.1811 
         172  1 0.1599 0.1005 0.1333 0.1521 0.4542 
         173  1 0.0967 0.3159 0.1887 0.2219 0.1767 
         174  1 0.3025 0.1516 0.2317 0.1439 0.1703 
         175  1 0.1491 0.1017 0.2453 0.2270 0.2769 
         176  1 0.1537 0.0919 0.1511 0.1270 0.4764 
         177  1 0.4435 0.0856 0.1222 0.2633 0.0853 
         178  1 0.1723 0.1292 0.2082 0.3194 0.1710 
         179  1 0.1577 0.2697 0.2209 0.1948 0.1569 
         180  1 0.2548 0.1087 0.1625 0.2463 0.2277 
         181  1 0.1129 0.3886 0.1713 0.1600 0.1672 
         182  1 0.7604 0.0647 0.0599 0.0668 0.0482 
         183  1 0.1176 0.1423 0.3285 0.0897 0.3218 
         184  1 0.2580 0.1317 0.1923 0.1847 0.2333 
         185  1 0.1559 0.2425 0.2629 0.1272 0.2115 
         186  1 0.2287 0.2087 0.1863 0.1118 0.2645 
         187  1 0.1105 0.1228 0.2005 0.1961 0.3702 
         188  1 0.1799 0.3873 0.1521 0.0963 0.1845 
         189  1 0.2527 0.1171 0.2481 0.1248 0.2572 
         190  1 0.1555 0.1268 0.1385 0.3128 0.2664 
         191  1 0.1221 0.1956 0.3325 0.1591 0.1907 
         192  1 0.2608 0.1464 0.2723 0.2288 0.0916 
         193  1 0.1625 0.1563 0.2353 0.1684 0.2776 
         194  1 0.1468 0.3685 0.2273 0.1100 0.1475 
         195  1 0.1377 0.0983 0.1936 0.4460 0.1244 
         196  1 0.1302 0.1615 0.2730 0.1571 0.2781 
         197  1 0.2246 0.4011 0.1363 0.0938 0.1442 
         198  1 0.0850 0.1968 0.1970 0.1713 0.3499 
         199  1 0.5014 0.1465 0.1502 0.1297 0.0723 
         200  1 0.1108 0.3086 0.1934 0.1801 0.2072 
         201  1 0.3893 0.0864 0.1406 0.2660 0.1177 
         202  1 0.2747 0.1640 0.1928 0.1302 0.2383 
         203  1 0.2784 0.1869 0.1832 0.2342 0.1174 
         204  1 0.2608 0.1029 0.1514 0.2241 0.2608 
         205  1 0.3088 0.1422 0.2191 0.1943 0.1356 
         206  1 0.1744 0.1125 0.1820 0.4220 0.1090 
         207  1 0.2314 0.2119 0.2938 0.1570 0.1059 
         208  1 0.2461 0.0998 0.1758 0.1855 0.2927 
         209  1 0.1223 0.1887 0.2903 0.3017 0.0971 
         210  1 0.1585 0.1397 0.2208 0.2266 0.2543 
         211  1 0.2302 0.0827 0.2945 0.2635 0.1291 
         212  1 0.1221 0.2119 0.1764 0.0728 0.4169 
         213  1 0.1297 0.3095 0.2010 0.2027 0.1571 
         214  1 0.1230 0.0773 0.2274 0.4607 0.1116 
         215  1 0.1726 0.3052 0.1839 0.1276 0.2108 
         216  1 0.1230 0.1729 0.1805 0.3694 0.1543 
         217  1 0.1105 0.2520 0.2613 0.1387 0.2375 
         218  1 0.0926 0.4641 0.1618 0.1575 0.1240 
         219  1 0.1877 0.1303 0.1410 0.1479 0.3931 
         220  1 0.2325 0.1334 0.2955 0.2153 0.1233 
         221  1 0.5972 0.0912 0.0990 0.1287 0.0839 
         222  1 0.1288 0.2326 0.2909 0.1714 0.1764 
         223  1 0.1279 0.2923 0.2725 0.1739 0.1335 
         224  1 0.2069 0.1302 0.2304 0.2848 0.1477 
         225  1 0.1478 0.0844 0.2995 0.3748 0.0934 
         226  1 0.1090 0.2191 0.1827 0.1619 0.3273 
         227  1 0.1431 0.1562 0.1617 0.4266 0.1124 
         228  1 0.1785 0.2195 0.1871 0.1890 0.2259 
         229  1 0.3242 0.1747 0.1982 0.1386 0.1643 
         230  1 0.0938 0.1220 0.1128 0.0745 0.5970 
         231  1 0.1551 0.1679 0.2844 0.1683 0.2243 
         232  1 0.3540 0.2126 0.1901 0.1663 0.0769 
         233  1 0.0913 0.1215 0.2079 0.1193 0.4601 
         234  1 0.1264 0.1888 0.2377 0.2537 0.1935 
         235  1 0.2603 0.1471 0.2210 0.1262 0.2453 
         236  1 0.2105 0.3152 0.1564 0.0945 0.2234 
         237  1 0.2723 0.1671 0.2232 0.2240 0.1135 
         238  1 0.1548 0.1307 0.3389 0.1379 0.2377 
         239  1 0.1751 0.1262 0.1331 0.2081 0.3575 
         240  1 0.2466 0.1981 0.1962 0.1314 0.2277 
         241  1 0.1564 0.1102 0.1910 0.4007 0.1417 
         242  1 0.2966 0.1656 0.1950 0.2201 0.1227 
         243  1 0.1709 0.3282 0.1693 0.2122 0.1194 
         244  1 0.3247 0.0991 0.2492 0.2111 0.1158 
         245  1 0.1582 0.2391 0.1419 0.1869 0.2740 
         246  1 0.1582 0.3376 0.1350 0.1593 0.2099 
         247  1 0.1341 0.1214 0.1866 0.2580 0.2999 
         248  1 0.1054 0.1128 0.2604 0.2345 0.2869 
         249  1 0.1528 0.1388 0.2392 0.2054 0.2637 
         250  1 0.1422 0.4608 0.1469 0.0941 0.1560 
         251  1 0.1165 0.2557 0.3234 0.1342 0.1703 
         252  1 0.1465 0.1125 0.2386 0.3975 0.1050 
         253  1 0.1792 0.2744 0.1504 0.2801 0.1158 
         254  1 0.1034 0.1550 0.1950 0.1447 0.4020 
         255  1 0.4660 0.1250 0.1258 0.1317 0.1515 
         256  1 0.1357 0.3359 0.2429 0.1812 0.1043 
         257  1 0.0862 0.1224 0.1333 0.4671 0.1910 
         258  1 0.2975 0.1790 0.1763 0.1475 0.1997 
         259  1 0.1368 0.0940 0.1696 0.3812 0.2184 
         260  1 0.2298 0.1957 0.1547 0.2976 0.1222 
         261  1 0.1149 0.1188 0.2023 0.2753 0.2887 
         262  1 0.2592 0.2022 0.1864 0.1467 0.2056 
         263  1 0.1722 0.0916 0.2605 0.2137 0.2619 
         264  1 0.2609 0.1855 0.2207 0.1514 0.1816 
         265  1 0.2690 0.0866 0.3102 0.1681 0.1661 
         266  1 0.1178 0.2872 0.2647 0.1953 0.1350 
         267  1 0.3464 0.1171 0.2726 0.0950 0.1689 
         268  1 0.0823 0.1132 0.1743 0.1535 0.4768 
         269  1 0.3106 0.0843 0.1283 0.2277 0.2492 
         270  1 0.2788 0.0920 0.2202 0.1689 0.2400 
         271  1 0.1908 0.1846 0.2560 0.1909 0.1776 
         272  1 0.1282 0.0999 0.1834 0.3367 0.2517 
         273  1 0.2594 0.1784 0.2307 0.1794 0.1520 
         274  1 0.1195 0.0792 0.1097 0.0860 0.6056 
         275  1 0.3431 0.1014 0.1384 0.1290 0.2882 
         276  1 0.1361 0.3505 0.1709 0.2661 0.0764 
         277  1 0.6273 0.0764 0.0820 0.0992 0.1151 
         278  1 0.3436 0.0635 0.1355 0.2637 0.1937 
         279  1 0.2492 0.3095 0.1795 0.1010 0.1607 
         280  1 0.1825 0.2549 0.1735 0.1535 0.2356 
         281  1 0.1842 0.0793 0.3502 0.2007 0.1857 
         282  1 0.1012 0.1143 0.1467 0.3726 0.2652 
         283  1 0.2816 0.2903 0.1573 0.1156 0.1552 
         284  1 0.5353 0.1669 0.1209 0.0942 0.0827 
         285  1 0.1117 0.1748 0.2299 0.3193 0.1643 
         286  1 0.3043 0.0987 0.2193 0.1910 0.1867 
         287  1 0.1767 0.4474 0.1328 0.0885 0.1546 
         288  1 0.7515 0.0611 0.0666 0.0614 0.0594 
         289  1 0.1645 0.2137 0.2078 0.1652 0.2489 
         290  1 0.1128 0.1595 0.2945 0.1894 0.2438 
         291  1 0.0845 0.3024 0.2739 0.0963 0.2429 
         292  1 0.2066 0.2362 0.2013 0.2481 0.1078 
         293  1 0.1000 0.1639 0.1381 0.1460 0.4520 
         294  1 0.2053 0.1272 0.1922 0.3022 0.1731 
         295  1 0.0587 0.6582 0.0964 0.1267 0.0600 
         296  1 0.4777 0.1635 0.1136 0.1060 0.1393 
         297  1 0.2374 0.1498 0.1702 0.1578 0.2848 
         298  1 0.0777 0.1867 0.1308 0.4519 0.1530 
         299  1 0.0763 0.6358 0.1021 0.1199 0.0660 
         300  1 0.1903 0.1726 0.1551 0.1720 0.3100 
         301  1 0.1965 0.2652 0.1827 0.1884 0.1672 
         302  1 0.0823 0.6305 0.1173 0.0623 0.1076 
         303  1 0.1146 0.1131 0.3200 0.1645 0.2879 
         304  1 0.1292 0.1593 0.1669 0.3626 0.1821 
         305  1 0.1625 0.2382 0.2505 0.1296 0.2193 
         306  1 0.4271 0.2952 0.1151 0.0872 0.0755 
         307  1 0.1723 0.1947 0.1856 0.2641 0.1833 
         308  1 0.2590 0.1630 0.2413 0.1943 0.1424 
         309  1 0.2760 0.1024 0.1622 0.2579 0.2015 
         310  1 0.3513 0.1024 0.2175 0.1238 0.2050 
         311  1 0.3479 0.2202 0.1471 0.1934 0.0914 
         312  1 0.2754 0.0962 0.1427 0.1570 0.3286 
         313  1 0.2512 0.2259 0.1712 0.1906 0.1611 
         314  1 0.2295 0.2144 0.2571 0.2083 0.0907 
         315  1 0.2757 0.2440 0.1642 0.2285 0.0877 
         316  1 0.1981 0.1664 0.2320 0.1861 0.2173 
         317  1 0.2965 0.0898 0.1270 0.1582 0.3285 
         318  1 0.1092 0.0909 0.1598 0.1390 0.5011 
         319  1 0.1378 0.2705 0.2591 0.1405 0.1921 
         320  1 0.2226 0.4252 0.1148 0.1451 0.0922 
         321  1 0.1062 0.1520 0.2436 0.1407 0.3574 
         322  1 0.1653 0.1362 0.2863 0.2312 0.1810 
         323  1 0.4029 0.2055 0.1208 0.1208 0.1500 
         324  1 0.1371 0.1021 0.3530 0.2525 0.1553 
         325  1 0.1397 0.1357 0.1643 0.1567 0.4035 
         326  1 0.4883 0.0978 0.1252 0.1688 0.1199 
         327  1 0.1171 0.1988 0.1718 0.2019 0.3105 
         328  1 0.1296 0.1373 0.2366 0.3220 0.1745 
         329  1 0.2006 0.1403 0.1668 0.3647 0.1276 
         330  1 0.1350 0.0907 0.2167 0.4715 0.0861 
         331  1 0.2565 0.1606 0.2262 0.1837 0.1730 
         332  1 0.1433 0.1086 0.2159 0.2381 0.2941 
         333  1 0.3144 0.1308 0.1752 0.2178 0.1618 
         334  1 0.1895 0.0975 0.1590 0.1971 0.3569 
         335  1 0.2105 0.2270 0.1752 0.2170 0.1702 
         336  1 0.2727 0.1623 0.1895 0.2312 0.1443 
         337  1 0.1778 0.1744 0.1634 0.1141 0.3703 
         338  1 0.2203 0.1159 0.1465 0.4165 0.1010 
         339  1 0.1157 0.2774 0.1788 0.3285 0.0995 
         340  1 0.1373 0.1123 0.2065 0.1684 0.3756 
         341  1 0.1880 0.4117 0.1913 0.0875 0.1215 
         342  1 0.1089 0.1033 0.1321 0.5405 0.1152 
         343  1 0.2706 0.0838 0.1100 0.4055 0.1302 
         344  1 0.1458 0.0953 0.1327 0.2107 0.4155 
         345  1 0.3339 0.1189 0.1432 0.2486 0.1554 
         346  1 0.1594 0.2214 0.2272 0.1811 0.2110 
         347  1 0.1061 0.1599 0.2455 0.3911 0.0974 
         348  1 0.1439 0.2863 0.1828 0.1676 0.2195 
         349  1 0.4347 0.1329 0.1380 0.1033 0.1911 
         350  1 0.1529 0.2052 0.2347 0.1878 0.2194 
         351  1 0.1930 0.2196 0.2022 0.1136 0.2716 
         352  1 0.2147 0.1989 0.1510 0.1802 0.2553 
         353  1 0.2395 0.3416 0.1762 0.1438 0.0989 
         354  1 0.1767 0.1139 0.1308 0.4699 0.1086 
         355  1 0.2711 0.1366 0.1969 0.1776 0.2179 
         356  1 0.1639 0.2258 0.1574 0.2669 0.1861 
         357  1 0.1897 0.2302 0.2433 0.1757 0.1611 
         358  1 0.3629 0.1730 0.1512 0.1593 0.1536 
         359  1 0.1179 0.4091 0.1592 0.1753 0.1385 
         360  1 0.1344 0.2508 0.2107 0.1009 0.3033 
         361  1 0.1471 0.3160 0.1548 0.2717 0.1104 
         362  1 0.1943 0.1512 0.1837 0.1839 0.2869 
         363  1 0.1552 0.0934 0.1834 0.1557 0.4123 
         364  1 0.2423 0.1294 0.1520 0.1761 0.3002 
         365  1 0.1480 0.2236 0.1763 0.1941 0.2579 
         366  1 0.1741 0.3436 0.1535 0.1527 0.1761 
         367  1 0.2015 0.2344 0.2102 0.1487 0.2053 
         368  1 0.0750 0.2102 0.2582 0.3365 0.1202 
         369  1 0.2655 0.2941 0.1945 0.1506 0.0953 
         370  1 0.2531 0.2834 0.1744 0.1916 0.0975 
         371  1 0.3551 0.2531 0.1185 0.1667 0.1067 
         372  1 0.1520 0.3877 0.1870 0.1293 0.1439 
         373  1 0.2034 0.2605 0.1946 0.1532 0.1882 
         374  1 0.2303 0.1650 0.2227 0.1491 0.2329 
         375  1 0.2144 0.1253 0.2039 0.2718 0.1846 
         376  1 0.2020 0.1723 0.2130 0.1359 0.2769 
         377  1 0.0885 0.2634 0.4035 0.1147 0.1299 
         378  1 0.1582 0.1587 0.4049 0.1227 0.1555 
         379  1 0.1063 0.5599 0.1245 0.0828 0.1265 
         380  1 0.1041 0.3039 0.3579 0.1469 0.0872 
         381  1 0.2431 0.2066 0.1873 0.1780 0.1849 
         382  1 0.2445 0.2018 0.1972 0.1955 0.1610 
         383  1 0.2753 0.2136 0.1542 0.2460 0.1110 
         384  1 0.0684 0.3326 0.1562 0.1091 0.3337 
         385  1 0.1444 0.0837 0.2211 0.2950 0.2557 
         386  1 0.0697 0.6717 0.1091 0.0830 0.0664 
         387  1 0.1179 0.1724 0.2859 0.2657 0.1581 
         388  1 0.0884 0.4575 0.1716 0.1043 0.1782 
         389  1 0.4237 0.1439 0.1269 0.1320 0.1735 
         390  1 0.1237 0.1285 0.1753 0.4774 0.0950 
         391  1 0.0872 0.3875 0.1821 0.2044 0.1388 
         392  1 0.2954 0.1942 0.1450 0.2612 0.1043 
         393  1 0.0681 0.3865 0.1373 0.0946 0.3136 
         394  1 0.1856 0.0611 0.1511 0.5073 0.0948 
         395  1 0.2524 0.1529 0.1579 0.1819 0.2550 
         396  1 0.1463 0.1109 0.1954 0.1997 0.3476 
         397  1 0.2837 0.0805 0.1217 0.1345 0.3796 
         398  1 0.1003 0.2189 0.2147 0.3024 0.1637 
         399  1 0.1261 0.2866 0.1970 0.2000 0.1902 
         400  1 0.3228 0.3367 0.1360 0.0985 0.1060 
         401  1 0.0930 0.2101 0.2428 0.1932 0.2609 
         402  1 0.1919 0.1715 0.2272 0.1725 0.2369 
         403  1 0.3388 0.0685 0.1654 0.2049 0.2223 
         404  1 0.1848 0.1212 0.1784 0.4002 0.1154 
         405  1 0.1346 0.1114 0.1999 0.2363 0.3178 
         406  1 0.1849 0.1605 0.2927 0.2545 0.1074 
         407  1 0.1128 0.4674 0.1347 0.0666 0.2186 
         408  1 0.1531 0.1491 0.3008 0.1669 0.2300 
         409  1 0.1491 0.1829 0.2225 0.2187 0.2268 
         410  1 0.2099 0.1529 0.2203 0.2204 0.1965 
         411  1 0.3042 0.0745 0.1779 0.1688 0.2746 
         412  1 0.0598 0.1719 0.3010 0.2626 0.2047 
         413  1 0.4171 0.0682 0.1560 0.1708 0.1879 
         414  1 0.1126 0.2397 0.3367 0.1401 0.1708 
         415  1 0.0766 0.2354 0.3276 0.2700 0.0903 
         416  1 0.1096 0.0804 0.1306 0.0727 0.6067 
         417  1 0.0976 0.1741 0.2142 0.3985 0.1157 
         418  1 0.1672 0.1684 0.2735 0.2074 0.1836 
         419  1 0.1943 0.1611 0.2436 0.2988 0.1023 
         420  1 0.2033 0.0852 0.1989 0.1232 0.3894 
         421  1 0.1650 0.1057 0.2506 0.2985 0.1802 
         422  1 0.2110 0.1287 0.2475 0.2793 0.1335 
         423  1 0.1948 0.1439 0.2889 0.1133 0.2591 
         424  1 0.1900 0.0951 0.1577 0.1808 0.3763 
         425  1 0.2741 0.1977 0.2666 0.1154 0.1461 
         426  1 0.1257 0.3298 0.2558 0.1928 0.0959 
         427  1 0.0808 0.2193 0.2110 0.3821 0.1069 
         428  1 0.1477 0.1977 0.2276 0.2440 0.1829 
         429  1 0.3896 0.3085 0.1072 0.1049 0.0899 
         430  1 0.1478 0.1480 0.3455 0.2315 0.1272 
         431  1 0.2018 0.0945 0.2398 0.1662 0.2978 
         432  1 0.1864 0.2942 0.1910 0.0899 0.2385 
         433  1 0.1081 0.2979 0.2695 0.1086 0.2159 
         434  1 0.1426 0.1252 0.1882 0.2424 0.3016 
         435  1 0.1505 0.1554 0.1610 0.2381 0.2950 
         436  1 0.2991 0.1355 0.3594 0.0953 0.1107 
         437  1 0.1034 0.2863 0.1834 0.1458 0.2812 
         438  1 0.0701 0.4970 0.1812 0.1365 0.1153 
         439  1 0.2066 0.1376 0.2741 0.2650 0.1167 
         440  1 0.5436 0.0994 0.1203 0.1160 0.1206 
         441  1 0.1628 0.2933 0.2100 0.1574 0.1766 
         442  1 0.1944 0.0951 0.1931 0.2551 0.2623 
         443  1 0.2840 0.1946 0.1641 0.1274 0.2300 
         444  1 0.1352 0.3631 0.1620 0.1856 0.1541 
         445  1 0.2909 0.1478 0.2146 0.2699 0.0768 
         446  1 0.1762 0.1220 0.1998 0.3697 0.1323 
         447  1 0.1024 0.1295 0.1558 0.1958 0.4165 
         448  1 0.1284 0.2465 0.1938 0.2245 0.2068 
         449  1 0.4072 0.1670 0.1207 0.0782 0.2269 
         450  1 0.4195 0.1018 0.1715 0.1324 0.1749 
         451  1 0.3517 0.2514 0.1429 0.1383 0.1157 
         452  1 0.3835 0.1231 0.1197 0.2544 0.1192 
         453  1 0.2038 0.2040 0.1938 0.1230 0.2754 
         454  1 0.3700 0.0772 0.1693 0.1129 0.2706 
         455  1 0.1011 0.1454 0.2659 0.3853 0.1023 
         456  1 0.1308 0.1796 0.1725 0.4203 0.0968 
         457  1 0.1419 0.3094 0.3353 0.0965 0.1169 
         458  1 0.5622 0.1797 0.1077 0.0852 0.0653 
         459  1 0.1252 0.3200 0.2075 0.2363 0.1110 
         460  1 0.1400 0.1578 0.1651 0.3016 0.2355 
         461  1 0.0916 0.0672 0.0905 0.0830 0.6676 
         462  1 0.1159 0.0680 0.2216 0.4585 0.1360 
         463  1 0.1686 0.3451 0.2619 0.1227 0.1018 
         464  1 0.1469 0.2591 0.2230 0.2326 0.1385 
         465  1 0.1981 0.1224 0.1769 0.4017 0.1008 
         466  1 0.1034 0.3346 0.2973 0.1131 0.1516 
         467  1 0.4724 0.1252 0.1905 0.0974 0.1146 
         468  1 0.2680 0.2418 0.1612 0.1489 0.1800 
         469  1 0.1693 0.2750 0.2123 0.1726 0.1708 
         470  1 0.1018 0.3384 0.2352 0.1474 0.1772 
         471  1 0.6516 0.0851 0.0794 0.0994 0.0845 
         472  1 0.0842 0.4025 0.1452 0.1146 0.2535 
         473  1 0.1177 0.1383 0.4470 0.0927 0.2042 
         474  1 0.1714 0.1162 0.1435 0.2348 0.3340 
         475  1 0.1483 0.1687 0.2570 0.2928 0.1332 
         476  1 0.2209 0.2137 0.1667 0.3147 0.0841 
         477  1 0.2262 0.1324 0.2950 0.1771 0.1693 
         478  1 0.0936 0.1092 0.1618 0.1140 0.5215 
         479  1 0.2556 0.1078 0.2175 0.2932 0.1259 
         480  1 0.1085 0.1788 0.1951 0.0913 0.4262 
         481  1 0.2553 0.1562 0.2696 0.1788 0.1402 
         482  1 0.1100 0.3902 0.1906 0.1262 0.1829 
         483  1 0.2542 0.1902 0.1443 0.3055 0.1057 
         484  1 0.0871 0.0658 0.2832 0.4121 0.1519 
         485  1 0.1390 0.0927 0.1908 0.4788 0.0987 
         486  1 0.2199 0.1615 0.2000 0.1575 0.2611 
         487  1 0.1490 0.2829 0.1996 0.1900 0.1785 
         488  1 0.1538 0.2381 0.2809 0.2356 0.0916 
         489  1 0.1623 0.1496 0.1866 0.2175 0.2839 
         490  1 0.1370 0.2924 0.2471 0.1416 0.1819 
         491  1 0.0953 0.5009 0.1434 0.0934 0.1670 
         492  1 0.2735 0.1845 0.2262 0.2057 0.1101 
         493  1 0.1221 0.1806 0.3535 0.1962 0.1476 
         494  1 0.1360 0.3053 0.2192 0.2318 0.1077 
         495  1 0.6844 0.0703 0.0889 0.0563 0.1002 
         496  1 0.1375 0.0803 0.1404 0.3739 0.2678 
         497  1 0.1466 0.1181 0.2571 0.1091 0.3691 
         498  1 0.2010 0.1087 0.1393 0.1085 0.4424 
         499  1 0.1008 0.3905 0.1737 0.1128 0.2221 
         500  1 0.3043 0.3198 0.1625 0.0994 0.1139 
         501  1 0.2220 0.1283 0.1947 0.2233 0.2317 
         502  1 0.2422 0.1596 0.2256 0.2254 0.1472 
         503  1 0.1308 0.1586 0.1870 0.1395 0.3842 
         504  1 0.1027 0.0912 0.2419 0.2450 0.3192 
         505  1 0.2342 0.3119 0.1850 0.1649 0.1040 
         506  1 0.2359 0.1353 0.2454 0.2293 0.1542 
         507  1 0.2247 0.2226 0.1397 0.2193 0.1938 
         508  1 0.1271 0.0646 0.1159 0.1919 0.5004 
         509  1 0.3084 0.1387 0.1811 0.2672 0.1045 
         510  1 0.1566 0.0784 0.2181 0.1681 0.3788 
         511  1 0.1368 0.3572 0.1878 0.1337 0.1845 
         512  1 0.0795 0.0723 0.1295 0.0902 0.6285 
         513  1 0.3497 0.0716 0.2320 0.1309 0.2158 
         514  1 0.1412 0.1263 0.1793 0.1730 0.3803 
         515  1 0.0800 0.6151 0.0967 0.0715 0.1367 
         516  1 0.3466 0.1607 0.1600 0.2373 0.0954 
         517  1 0.3274 0.1239 0.1907 0.2789 0.0791 
         518  1 0.0954 0.0879 0.1638 0.2431 0.4097 
         519  1 0.1558 0.1147 0.3415 0.2231 0.1649 
         520  1 0.2461 0.2674 0.2007 0.1265 0.1593 
         521  1 0.1106 0.1624 0.2951 0.2178 0.2141 
         522  1 0.1623 0.1120 0.2389 0.3193 0.1674 
         523  1 0.1840 0.2419 0.2479 0.1480 0.1782 
         524  1 0.6457 0.0822 0.1091 0.1007 0.0623 
         525  1 0.1335 0.3134 0.2208 0.1804 0.1519 
         526  1 0.1708 0.2057 0.1317 0.1201 0.3717 
         527  1 0.1671 0.1729 0.2227 0.1737 0.2636 
         528  1 0.0782 0.4631 0.1853 0.1629 0.1105 
         529  1 0.2056 0.1728 0.2865 0.1454 0.1897 
         530  1 0.1117 0.2641 0.2448 0.2324 0.1469 
         531  1 0.1543 0.2462 0.1691 0.3331 0.0973 
         532  1 0.6823 0.0541 0.1070 0.0721 0.0844 
         533  1 0.0898 0.0929 0.0986 0.0641 0.6546 
         534  1 0.1266 0.2874 0.2193 0.2320 0.1347 
         535  1 0.2559 0.2659 0.1727 0.0877 0.2178 
         536  1 0.2439 0.1411 0.1955 0.1233 0.2962 
         537  1 0.1107 0.3138 0.2113 0.1732 0.1910 
         538  1 0.2442 0.1564 0.1920 0.2741 0.1332 
         539  1 0.1816 0.2350 0.1966 0.1293 0.2575 
         540  1 0.2616 0.2682 0.1316 0.1974 0.1412 
         541  1 0.1737 0.2023 0.2607 0.2618 0.1016 
         542  1 0.1263 0.4872 0.1505 0.1213 0.1146 
         543  1 0.0827 0.5158 0.1979 0.1370 0.0666 
         544  1 0.1396 0.4261 0.2199 0.1073 0.1072 
         545  1 0.1588 0.2419 0.1808 0.1780 0.2404 
         546  1 0.1341 0.4767 0.1277 0.1117 0.1499 
         547  1 0.3006 0.1367 0.2488 0.1849 0.1291 
         548  1 0.1721 0.1778 0.1911 0.2643 0.1946 
         549  1 0.1892 0.1608 0.2001 0.2624 0.1876 
         550  1 0.1141 0.1854 0.1971 0.2045 0.2989 
         551  1 0.1297 0.4297 0.1507 0.1418 0.1480 
         552  1 0.1562 0.1705 0.1627 0.1395 0.3711 
         553  1 0.2588 0.1110 0.1917 0.2483 0.1901 
         554  1 0.0682 0.5449 0.1636 0.0858 0.1374 
         555  1 0.1845 0.1219 0.1877 0.3492 0.1567 
         556  1 0.1961 0.0819 0.1479 0.1204 0.4538 
         557  1 0.1613 0.1495 0.3599 0.1841 0.1453 
         558  1 0.2328 0.3537 0.1250 0.2108 0.0777 
         559  1 0.1270 0.1552 0.1723 0.3695 0.1760 
         560  1 0.0833 0.4356 0.1777 0.1828 0.1205 
         561  1 0.2376 0.1290 0.1725 0.3338 0.1271 
         562  1 0.1532 0.3780 0.1631 0.1030 0.2027 
         563  1 0.1773 0.1617 0.2936 0.2527 0.1147 
         564  1 0.1416 0.1607 0.1951 0.2544 0.2483 
         565  1 0.1665 0.1960 0.2358 0.2167 0.1851 
         566  1 0.1353 0.1251 0.1518 0.3966 0.1913 
         567  1 0.2829 0.2125 0.1918 0.2135 0.0994 
         568  1 0.1061 0.2062 0.3074 0.1001 0.2802 
         569  1 0.3732 0.0997 0.1500 0.1383 0.2388 
         570  1 0.3179 0.2217 0.1673 0.0889 0.2042 
         571  1 0.1648 0.1869 0.1952 0.2622 0.1910 
         572  1 0.0996 0.1062 0.1289 0.0966 0.5687 
         573  1 0.1760 0.2436 0.1645 0.3099 0.1060 
         574  1 0.2903 0.1114 0.2226 0.2231 0.1527 
         575  1 0.3635 0.2080 0.1167 0.2109 0.1010 
         576  1 0.0998 0.1877 0.2295 0.3573 0.1257 
         577  1 0.1927 0.1283 0.1514 0.2053 0.3223 
         578  1 0.4241 0.1778 0.1992 0.1080 0.0909 
         579  1 0.2523 0.1945 0.1646 0.2061 0.1826 
         580  1 0.1176 0.0904 0.2540 0.2874 0.2506 
         581  1 0.3055 0.3294 0.1893 0.0708 0.1050 
         582  1 0.2829 0.1035 0.3296 0.1290 0.1550 
         583  1 0.1416 0.2824 0.2215 0.2199 0.1345 
         584  1 0.1158 0.1989 0.2802 0.2631 0.1420 
         585  1 0.2751 0.1214 0.1677 0.2481 0.1876 
         586  1 0.2158 0.2207 0.1677 0.3002 0.0957 
         587  1 0.2756 0.0865 0.1975 0.1679 0.2725 
         588  1 0.2917 0.1030 0.1512 0.2936 0.1605 
         589  1 0.1565 0.2639 0.2490 0.1807 0.1499 
         590  1 0.3255 0.1389 0.1733 0.1989 0.1634 
         591  1 0.1902 0.2052 0.2906 0.1974 0.1166 
         592  1 0.2356 0.1034 0.1909 0.1652 0.3048 
         593  1 0.2545 0.2598 0.2303 0.1476 0.1078 
         594  1 0.1142 0.3582 0.2170 0.1266 0.1839 
         595  1 0.1664 0.2558 0.2068 0.1398 0.2312 
         596  1 0.1842 0.1508 0.3025 0.0897 0.2729 
         597  1 0.1622 0.2209 0.2279 0.1616 0.2274 
         598  1 0.1651 0.3644 0.1280 0.2018 0.1408 
         599  1 0.2926 0.3431 0.1524 0.1294 0.0825 
         600  1 0.2175 0.1794 0.2382 0.1426 0.2222 
         601  1 0.1548 0.0987 0.1867 0.3819 0.1779 
         602  1 0.3109 0.1098 0.1893 0.1287 0.2614 
         603  1 0.1015 0.1648 0.2585 0.2172 0.2579 
         604  1 0.1215 0.2078 0.3204 0.1086 0.2417 
         605  1 0.1003 0.0723 0.1803 0.1981 0.4490 
         606  1 0.1354 0.3731 0.2162 0.1765 0.0988 
         607  1 0.1042 0.0810 0.1481 0.5351 0.1316 
         608  1 0.1479 0.1658 0.3407 0.1095 0.2361 
         609  1 0.1056 0.2277 0.2034 0.3040 0.1593 
         610  1 0.3704 0.1227 0.1368 0.2869 0.0832 
         611  1 0.2352 0.1335 0.2698 0.2611 0.1005 
         612  1 0.2995 0.1751 0.1572 0.2186 0.1497 
         613  1 0.2390 0.1344 0.2374 0.1838 0.2055 
         614  1 0.1450 0.2634 0.2078 0.1976 0.1862 
         615  1 0.1123 0.0667 0.2088 0.1945 0.4177 
         616  1 0.1608 0.1057 0.1874 0.4191 0.1271 
         617  1 0.2411 0.1829 0.2885 0.1062 0.1813 
         618  1 0.3752 0.0714 0.1627 0.2262 0.1646 
         619  1 0.2325 0.1662 0.3210 0.1951 0.0852 
         620  1 0.0761 0.3670 0.1454 0.3140 0.0975 
         621  1 0.1864 0.2264 0.2539 0.1318 0.2015 
         622  1 0.1013 0.0896 0.1665 0.4703 0.1724 
         623  1 0.1587 0.1376 0.1889 0.3539 0.1608 
         624  1 0.3527 0.0874 0.1738 0.1762 0.2100 
         625  1 0.1058 0.2363 0.1467 0.3463 0.1649 
         626  1 0.4082 0.0839 0.1307 0.2460 0.1313 
         627  1 0.0896 0.2553 0.1715 0.1456 0.3379 
         628  1 0.1247 0.1332 0.2053 0.1495 0.3872 
         629  1 0.2472 0.1358 0.1773 0.2793 0.1604 
         630  1 0.1308 0.2162 0.1731 0.1921 0.2877 
         631  1 0.1402 0.3323 0.1992 0.0990 0.2293 
         632  1 0.1051 0.4594 0.1684 0.1475 0.1196 
         633  1 0.1521 0.1673 0.2058 0.2625 0.2123 
         634  1 0.4052 0.0844 0.1955 0.1429 0.1720 
         635  1 0.1112 0.1030 0.1307 0.3085 0.3467 
         636  1 0.2055 0.1870 0.1584 0.2245 0.2245 
         637  1 0.1659 0.2090 0.2005 0.1166 0.3080 
         638  1 0.4640 0.0794 0.1317 0.1227 0.2022 
         639  1 0.1097 0.1441 0.2976 0.2300 0.2186 
         640  1 0.1771 0.1823 0.1761 0.2544 0.2100 
         641  1 0.1477 0.1522 0.2111 0.3285 0.1605 
         642  1 0.4204 0.1307 0.1938 0.1355 0.1196 
         643  1 0.1049 0.1384 0.1645 0.1287 0.4635 
         644  1 0.3657 0.0586 0.1341 0.3491 0.0924 
         645  1 0.1533 0.3510 0.1969 0.1334 0.1654 
         646  1 0.3173 0.1554 0.1481 0.1844 0.1947 
         647  1 0.1083 0.2283 0.1259 0.1327 0.4048 
         648  1 0.0792 0.1158 0.3437 0.3241 0.1371 
         649  1 0.2615 0.2778 0.1317 0.2503 0.0788 
         650  1 0.2474 0.1873 0.1892 0.2822 0.0939 
         651  1 0.0402 0.0614 0.7908 0.0556 0.0519 
         652  1 0.0778 0.5740 0.1340 0.1125 0.1017 
         653  1 0.1523 0.5477 0.1236 0.0730 0.1035 
         654  1 0.1252 0.1855 0.2105 0.2606 0.2181 
         655  1 0.0864 0.1086 0.2254 0.3836 0.1959 
         656  1 0.0712 0.0554 0.0891 0.1195 0.6648 
         657  1 0.1959 0.1695 0.2963 0.1230 0.2152 
         658  1 0.1086 0.3196 0.1734 0.3019 0.0964 
         659  1 0.1359 0.2820 0.1876 0.1914 0.2031 
         660  1 0.2719 0.2152 0.2040 0.0686 0.2403 
         661  1 0.4522 0.0669 0.2333 0.0874 0.1601 
         662  1 0.4063 0.0851 0.1680 0.2116 0.1290 
         663  1 0.1426 0.1484 0.2586 0.1961 0.2543 
         664  1 0.1620 0.2246 0.1872 0.2490 0.1772 
         665  1 0.1104 0.3271 0.2146 0.1430 0.2049 
         666  1 0.0914 0.2489 0.3690 0.1356 0.1551 
         667  1 0.2610 0.2203 0.1826 0.2559 0.0802 
         668  1 0.1016 0.1091 0.3046 0.3424 0.1423 
         669  1 0.1659 0.2358 0.2765 0.2014 0.1205 
         670  1 0.2595 0.2144 0.1507 0.1158 0.2596 
         671  1 0.1274 0.0855 0.0978 0.0847 0.6047 
         672  1 0.1079 0.5616 0.1313 0.0960 0.1032 
         673  1 0.2807 0.1292 0.1829 0.1044 0.3028 
         674  1 0.1832 0.1401 0.2200 0.1456 0.3111 
         675  1 0.0774 0.1143 0.1909 0.1068 0.5105 
         676  1 0.3983 0.0735 0.2267 0.1673 0.1341 
         677  1 0.3568 0.1291 0.1409 0.2686 0.1047 
         678  1 0.2229 0.1979 0.1732 0.1951 0.2109 
         679  1 0.1579 0.1650 0.2149 0.1281 0.3342 
         680  1 0.3671 0.1404 0.1911 0.1812 0.1202 
         681  1 0.0947 0.1801 0.2055 0.1455 0.3742 
         682  1 0.1295 0.0593 0.2015 0.3735 0.2362 
         683  1 0.1511 0.1137 0.1584 0.3816 0.1951 
         684  1 0.0751 0.3476 0.2817 0.1271 0.1685 
         685  1 0.1505 0.1597 0.2059 0.1662 0.3177 
         686  1 0.1392 0.2224 0.2533 0.1618 0.2233 
         687  1 0.1239 0.1385 0.2674 0.1270 0.3433 
         688  1 0.1290 0.1457 0.2574 0.3802 0.0877 
         689  1 0.0665 0.0574 0.1095 0.0996 0.6670 
         690  1 0.1154 0.2116 0.2198 0.2503 0.2029 
         691  1 0.1225 0.2708 0.2352 0.0840 0.2875 
         692  1 0.4959 0.1693 0.1223 0.1129 0.0997 
         693  1 0.2050 0.0922 0.2838 0.2904 0.1286 
         694  1 0.2029 0.3292 0.1720 0.1552 0.1406 
         695  1 0.1277 0.0813 0.1636 0.1512 0.4763 
         696  1 0.2274 0.2411 0.1965 0.2215 0.1135 
         697  1 0.2415 0.2987 0.1573 0.1711 0.1313 
         698  1 0.0850 0.1194 0.1543 0.2698 0.3716 
         699  1 0.1028 0.0956 0.1953 0.1112 0.4950 
         700  1 0.1762 0.1449 0.1154 0.4845 0.0790 
         701  1 0.1280 0.1709 0.2401 0.2026 0.2585 
         702  1 0.1611 0.2469 0.1943 0.2406 0.1571 
         703  1 0.2916 0.2076 0.2746 0.1511 0.0751 
         704  1 0.1895 0.0847 0.1151 0.4759 0.1347 
         705  1 0.1627 0.3675 0.1783 0.1728 0.1187 
         706  1 0.2005 0.1674 0.1792 0.3251 0.1277 
         707  1 0.1235 0.1201 0.2019 0.4126 0.1419 
         708  1 0.2134 0.3095 0.1862 0.1641 0.1269 
         709  1 0.3552 0.1207 0.1776 0.0970 0.2496 
         710  1 0.3242 0.2622 0.1640 0.1162 0.1334 
         711  1 0.1735 0.3004 0.2111 0.1580 0.1570 
         712  1 0.1256 0.0804 0.1963 0.1178 0.4800 
         713  1 0.1244 0.1932 0.1884 0.2986 0.1953 
         714  1 0.1634 0.1812 0.2075 0.3337 0.1142 
         715  1 0.1274 0.1902 0.2384 0.2446 0.1994 
         716  1 0.1551 0.1203 0.1953 0.1279 0.4015 
         717  1 0.1052 0.3621 0.2684 0.1474 0.1169 
         718  1 0.2852 0.2121 0.1284 0.2345 0.1399 
         719  1 0.2073 0.0709 0.1514 0.4458 0.1246 
         720  1 0.1362 0.4255 0.1420 0.1795 0.1168 
         721  1 0.2333 0.1086 0.1432 0.1623 0.3527 
         722  1 0.2030 0.2851 0.3153 0.1254 0.0712 
         723  1 0.2332 0.1397 0.1682 0.2896 0.1694 
         724  1 0.0784 0.1464 0.1228 0.1081 0.5443 
         725  1 0.3089 0.1157 0.1741 0.1469 0.2545 
         726  1 0.2687 0.1512 0.1818 0.1891 0.2091 
         727  1 0.1797 0.2890 0.1694 0.1085 0.2534 
         728  1 0.0844 0.1679 0.1721 0.4892 0.0863 
         729  1 0.1355 0.1008 0.2934 0.2437 0.2266 
         730  1 0.1625 0.4184 0.1613 0.1622 0.0956 
         731  1 0.1169 0.3266 0.2323 0.1559 0.1682 
         732  1 0.1493 0.3496 0.1766 0.1976 0.1267 
         733  1 0.0978 0.1780 0.1626 0.1535 0.4081 
         734  1 0.2237 0.1625 0.2857 0.1769 0.1511 
         735  1 0.1509 0.1514 0.1699 0.4275 0.1002 
         736  1 0.1415 0.2234 0.2322 0.2796 0.1233 
         737  1 0.1144 0.1087 0.1073 0.0931 0.5764 
         738  1 0.2065 0.1874 0.1973 0.2746 0.1342 
         739  1 0.1315 0.3444 0.2611 0.1378 0.1253 
         740  1 0.1249 0.2797 0.2197 0.1917 0.1840 
         741  1 0.1302 0.2222 0.3139 0.1839 0.1499 
         742  1 0.1440 0.0965 0.1907 0.4662 0.1025 
         743  1 0.0830 0.1018 0.1442 0.0724 0.5985 
         744  1 0.0921 0.1518 0.1296 0.1354 0.4911 
         745  1 0.2108 0.1030 0.1226 0.4545 0.1091 
         746  1 0.2468 0.0789 0.1128 0.4568 0.1046 
         747  1 0.1687 0.4443 0.1193 0.1356 0.1322 
         748  1 0.1717 0.1840 0.1512 0.1724 0.3207 
         749  1 0.1154 0.2094 0.1514 0.2097 0.3141 
         750  1 0.2266 0.1756 0.2215 0.1929 0.1835 
         751  1 0.1564 0.2854 0.2302 0.1832 0.1448 
         752  1 0.1089 0.0901 0.1569 0.2686 0.3755 
         753  1 0.1360 0.3110 0.1434 0.1331 0.2766 
         754  1 0.3431 0.2759 0.1401 0.1509 0.0900 
         755  1 0.1957 0.2293 0.1954 0.1291 0.2505 
         756  1 0.0910 0.1560 0.0939 0.5984 0.0608 
         757  1 0.1714 0.2000 0.2826 0.2193 0.1266 
         758  1 0.1745 0.4848 0.1437 0.1064 0.0907 
         759  1 0.2074 0.1420 0.1631 0.2484 0.2391 
         760  1 0.2420 0.0769 0.1402 0.1460 0.3949 
         761  1 0.2819 0.1766 0.2058 0.1848 0.1509 
         762  1 0.0953 0.5840 0.1323 0.0916 0.0968 
         763  1 0.1991 0.1103 0.1840 0.2878 0.2188 
         764  1 0.1956 0.1386 0.2093 0.3280 0.1285 
         765  1 0.4647 0.0999 0.1398 0.1893 0.1063 
         766  1 0.1190 0.3105 0.2170 0.2049 0.1487 
         767  1 0.1136 0.4923 0.1386 0.0801 0.1754 
         768  1 0.1498 0.2749 0.2661 0.1722 0.1370 
         769  1 0.3355 0.1617 0.1518 0.2556 0.0954 
