           1  1 0.0692 0.0902 0.0409 0.2835 0.0758 0.2215 0.0874 0.0851 0.0465 
           2  1 0.1202 0.0963 0.0508 0.1580 0.0707 0.1823 0.1166 0.0926 0.1125 
           3  1 0.1049 0.0918 0.2278 0.0923 0.1015 0.0762 0.0481 0.2038 0.0536 
           4  1 0.0619 0.0926 0.0351 0.0789 0.1307 0.0703 0.0293 0.4418 0.0595 
           5  1 0.1386 0.0964 0.0768 0.1329 0.0464 0.0622 0.1828 0.0623 0.2016 
           6  1 0.0804 0.0505 0.0447 0.2395 0.1212 0.0859 0.1744 0.0726 0.1308 
           7  1 0.0341 0.0523 0.4661 0.0710 0.0369 0.0643 0.1717 0.0521 0.0516 
           8  1 0.1449 0.1017 0.0965 0.1638 0.1608 0.0875 0.0830 0.0696 0.0922 
           9  1 0.0697 0.0514 0.1058 0.0757 0.0933 0.0744 0.0524 0.3703 0.1069 
          10  1 0.1866 0.1273 0.0276 0.0819 0.4081 0.0686 0.0220 0.0290 0.0489 
          11  1 0.1213 0.1545 0.0516 0.1014 0.1749 0.0674 0.0729 0.1111 0.1449 
          12  1 0.1609 0.0705 0.0321 0.0861 0.2128 0.1932 0.0527 0.0713 0.1203 
          13  1 0.1229 0.1087 0.0926 0.0755 0.3130 0.0379 0.0415 0.1435 0.0644 
          14  1 0.0359 0.1143 0.0743 0.0825 0.0841 0.0935 0.1040 0.3182 0.0931 
          15  1 0.0220 0.0385 0.0524 0.0301 0.0234 0.0294 0.7328 0.0362 0.0352 
          16  1 0.1109 0.0417 0.3273 0.1006 0.0510 0.0622 0.1042 0.0421 0.1601 
          17  1 0.0953 0.2282 0.0652 0.0784 0.1091 0.1153 0.0384 0.1995 0.0708 
          18  1 0.1100 0.0423 0.0240 0.0905 0.0810 0.0623 0.0762 0.4756 0.0381 
          19  1 0.0592 0.1286 0.0643 0.2368 0.0830 0.0916 0.0646 0.2244 0.0473 
          20  1 0.0744 0.0705 0.1963 0.0790 0.0866 0.3003 0.0444 0.1064 0.0420 
          21  1 0.3548 0.0689 0.0382 0.1868 0.0717 0.1045 0.0682 0.0378 0.0691 
          22  1 0.0352 0.0948 0.1343 0.2580 0.0469 0.0820 0.0483 0.1250 0.1755 
          23  1 0.1324 0.0619 0.0464 0.1054 0.1379 0.0751 0.1935 0.0461 0.2013 
          24  1 0.1375 0.0889 0.0559 0.0900 0.3183 0.1277 0.0449 0.0822 0.0546 
          25  1 0.0771 0.4383 0.0672 0.1306 0.0911 0.0613 0.0376 0.0564 0.0402 
          26  1 0.0945 0.0662 0.0466 0.1153 0.0969 0.0615 0.0964 0.3333 0.0893 
          27  1 0.0568 0.2064 0.1988 0.0986 0.0996 0.0629 0.0657 0.1582 0.0530 
          28  1 0.2324 0.1077 0.0563 0.0721 0.2155 0.0693 0.1527 0.0386 0.0553 
          29  1 0.0620 0.1907 0.0401 0.1138 0.0779 0.2637 0.0706 0.1335 0.0478 
          30  1 0.0894 0.1804 0.0691 0.1233 0.0955 0.2100 0.0463 0.1074 0.0785 
          31  1 0.1932 0.0745 0.0830 0.1018 0.1148 0.1151 0.0391 0.0887 0.1898 
          32  1 0.0368 0.0421 0.0395 0.0537 0.0536 0.0501 0.6428 0.0472 0.0342 
          33  1 0.0867 0.0644 0.0631 0.0773 0.0510 0.1261 0.4208 0.0641 0.0465 
          34  1 0.1695 0.0775 0.0415 0.1286 0.0659 0.1989 0.1009 0.0977 0.1195 
          35  1 0.0519 0.0897 0.0533 0.0785 0.0514 0.3460 0.1795 0.1160 0.0337 
          36  1 0.0631 0.1315 0.1346 0.0867 0.0736 0.0686 0.1825 0.2256 0.0339 
          37  1 0.0839 0.1341 0.0589 0.1279 0.1229 0.1130 0.1247 0.1151 0.1196 
          38  1 0.0630 0.0488 0.0902 0.2418 0.0808 0.0645 0.1100 0.1954 0.1054 
          39  1 0.2832 0.1674 0.0306 0.0753 0.1353 0.1541 0.0656 0.0541 0.0345 
          40  1 0.0757 0.0832 0.1898 0.3387 0.0390 0.0515 0.0760 0.0661 0.0800 
          41  1 0.1478 0.0790 0.0341 0.0701 0.3881 0.1068 0.0452 0.0458 0.0829 
          42  1 0.0838 0.1215 0.1775 0.0733 0.0721 0.0745 0.2917 0.0370 0.0687 
          43  1 0.1903 0.1194 0.0300 0.1228 0.0880 0.1477 0.0261 0.2096 0.0661 
          44  1 0.0780 0.1091 0.1395 0.1395 0.1256 0.1174 0.0636 0.1215 0.1058 
          45  1 0.1780 0.0791 0.0406 0.1173 0.0988 0.0643 0.1162 0.0845 0.2212 
          46  1 0.1232 0.1831 0.1865 0.1340 0.0773 0.0972 0.1141 0.0423 0.0423 
          47  1 0.0944 0.2156 0.0857 0.1322 0.0886 0.1843 0.0306 0.0575 0.1111 
          48  1 0.0432 0.0581 0.0361 0.0495 0.0333 0.0395 0.6285 0.0638 0.0480 
          49  1 0.0485 0.0668 0.1749 0.0960 0.1072 0.1210 0.0271 0.2734 0.0852 
          50  1 0.0597 0.1167 0.1942 0.1304 0.0594 0.0767 0.0665 0.1546 0.1418 
          51  1 0.0614 0.0737 0.0337 0.0924 0.0617 0.3323 0.0347 0.0805 0.2297 
          52  1 0.1259 0.0567 0.1585 0.0651 0.3473 0.0404 0.0340 0.0437 0.1285 
          53  1 0.1048 0.0898 0.1077 0.2173 0.0772 0.1119 0.0477 0.1066 0.1369 
          54  1 0.1593 0.0991 0.0621 0.1133 0.1092 0.1405 0.0748 0.1783 0.0633 
          55  1 0.1030 0.3182 0.0546 0.1059 0.0809 0.0518 0.1223 0.0934 0.0700 
          56  1 0.0801 0.0502 0.0528 0.0721 0.0553 0.0426 0.4744 0.0507 0.1219 
          57  1 0.0923 0.0785 0.0986 0.1746 0.1719 0.1115 0.0616 0.0664 0.1444 
          58  1 0.0251 0.0401 0.0182 0.0380 0.0267 0.0253 0.7653 0.0267 0.0347 
          59  1 0.1362 0.2095 0.1601 0.1044 0.0574 0.0599 0.0957 0.0518 0.1249 
          60  1 0.0437 0.0653 0.1370 0.0945 0.0578 0.2695 0.0743 0.0809 0.1769 
          61  1 0.0590 0.1011 0.2860 0.1496 0.0642 0.1228 0.0378 0.0804 0.0991 
          62  1 0.1564 0.0961 0.0783 0.1221 0.2817 0.0464 0.1183 0.0345 0.0661 
          63  1 0.1019 0.0755 0.2828 0.1047 0.1089 0.0621 0.0611 0.0901 0.1129 
          64  1 0.2399 0.0474 0.0651 0.1397 0.1971 0.1015 0.0349 0.0746 0.0999 
          65  1 0.1320 0.1682 0.0927 0.1412 0.1037 0.0999 0.0531 0.1474 0.0617 
          66  1 0.1227 0.1586 0.0597 0.1003 0.1282 0.2127 0.0444 0.1145 0.0590 
          67  1 0.1647 0.1023 0.0368 0.0574 0.4102 0.0666 0.0210 0.0385 0.1024 
          68  1 0.0449 0.2420 0.2433 0.0636 0.1044 0.0379 0.0377 0.1866 0.0396 
          69  1 0.0469 0.0451 0.0697 0.0919 0.0657 0.0283 0.0285 0.0270 0.5969 
          70  1 0.0543 0.0689 0.0776 0.1071 0.1272 0.0399 0.2851 0.1392 0.1006 
          71  1 0.1813 0.0757 0.0439 0.0988 0.2765 0.1577 0.0650 0.0487 0.0522 
          72  1 0.1392 0.0677 0.0426 0.0808 0.3604 0.0730 0.0446 0.0572 0.1345 
          73  1 0.1007 0.2150 0.0364 0.0999 0.1052 0.1687 0.1199 0.0866 0.0676 
          74  1 0.0593 0.0728 0.2080 0.1441 0.0983 0.1555 0.0457 0.0930 0.1234 
          75  1 0.0614 0.1442 0.0662 0.0893 0.1264 0.2059 0.0684 0.1147 0.1235 
          76  1 0.3728 0.1399 0.0810 0.0783 0.0630 0.1251 0.0251 0.0580 0.0568 
          77  1 0.0888 0.4080 0.0394 0.0672 0.1324 0.0937 0.0703 0.0516 0.0486 
          78  1 0.3019 0.0780 0.0441 0.1216 0.1123 0.1249 0.0334 0.1044 0.0794 
          79  1 0.1343 0.0437 0.0291 0.0615 0.2464 0.0712 0.2895 0.0488 0.0754 
          80  1 0.1089 0.1189 0.2186 0.1185 0.1434 0.0942 0.0746 0.0729 0.0500 
          81  1 0.1546 0.0407 0.1070 0.0546 0.4875 0.0508 0.0295 0.0483 0.0269 
          82  1 0.0989 0.0819 0.0692 0.1395 0.0877 0.0795 0.2391 0.0408 0.1633 
          83  1 0.0214 0.0232 0.8044 0.0240 0.0270 0.0263 0.0241 0.0252 0.0244 
          84  1 0.0894 0.1211 0.2674 0.1174 0.1017 0.0933 0.0742 0.0812 0.0542 
          85  1 0.1265 0.1751 0.0645 0.1195 0.1028 0.0861 0.0839 0.0631 0.1786 
          86  1 0.2390 0.1763 0.0932 0.1228 0.0568 0.0943 0.1269 0.0352 0.0556 
          87  1 0.1943 0.1260 0.0684 0.0779 0.3392 0.0841 0.0215 0.0380 0.0507 
          88  1 0.2213 0.1665 0.0404 0.0961 0.0710 0.1087 0.1199 0.0903 0.0857 
          89  1 0.0767 0.0743 0.1773 0.1557 0.0494 0.1869 0.0629 0.1266 0.0902 
          90  1 0.0384 0.0452 0.1397 0.0673 0.0332 0.0489 0.0834 0.0317 0.5123 
          91  1 0.2542 0.0670 0.0976 0.0980 0.0767 0.1031 0.1094 0.1056 0.0884 
          92  1 0.0821 0.0589 0.1175 0.1024 0.1685 0.0432 0.2587 0.0331 0.1357 
          93  1 0.2282 0.0790 0.1480 0.0898 0.1399 0.1227 0.0415 0.0812 0.0698 
          94  1 0.1045 0.1694 0.0488 0.1713 0.0898 0.1928 0.0266 0.0875 0.1093 
          95  1 0.0302 0.0368 0.0260 0.0478 0.0428 0.0266 0.0415 0.0341 0.7143 
          96  1 0.0983 0.0908 0.0577 0.0891 0.0937 0.2949 0.0949 0.1083 0.0723 
          97  1 0.1621 0.0721 0.0751 0.0806 0.3621 0.0473 0.0564 0.0635 0.0807 
          98  1 0.0871 0.1699 0.1719 0.1186 0.1548 0.0941 0.0512 0.0857 0.0667 
          99  1 0.1622 0.0607 0.0911 0.0980 0.3190 0.1019 0.0503 0.0524 0.0644 
         100  1 0.0838 0.0782 0.0736 0.0834 0.1464 0.0705 0.0816 0.1553 0.2273 
         101  1 0.1017 0.0617 0.1525 0.1228 0.0865 0.1172 0.0460 0.1136 0.1980 
         102  1 0.0554 0.0407 0.1238 0.0616 0.0535 0.0485 0.4361 0.1511 0.0293 
         103  1 0.0576 0.1327 0.0629 0.0956 0.0572 0.1505 0.1750 0.1494 0.1191 
         104  1 0.1943 0.1760 0.0604 0.0824 0.1648 0.1213 0.0625 0.0646 0.0735 
         105  1 0.1215 0.1101 0.0729 0.1079 0.1508 0.1210 0.0638 0.1473 0.1047 
         106  1 0.0761 0.1612 0.0909 0.2003 0.1268 0.1267 0.0708 0.0785 0.0688 
         107  1 0.1055 0.0669 0.1041 0.2354 0.1382 0.0445 0.1364 0.0454 0.1236 
         108  1 0.1045 0.1015 0.0938 0.1168 0.1806 0.0360 0.0809 0.0466 0.2394 
         109  1 0.0723 0.1999 0.1605 0.0848 0.0971 0.1494 0.0448 0.1007 0.0905 
         110  1 0.0480 0.0609 0.0335 0.0704 0.0865 0.2497 0.0588 0.3435 0.0487 
         111  1 0.0592 0.0553 0.1077 0.1911 0.0652 0.0588 0.1874 0.1827 0.0928 
         112  1 0.0812 0.0890 0.0668 0.1115 0.0710 0.1258 0.1272 0.2508 0.0767 
         113  1 0.1957 0.1551 0.0382 0.1875 0.1279 0.1046 0.0703 0.0491 0.0716 
         114  1 0.0560 0.0729 0.1070 0.0708 0.1066 0.0368 0.0408 0.4529 0.0561 
         115  1 0.0879 0.0537 0.1023 0.0971 0.0838 0.0465 0.0664 0.0483 0.4139 
         116  1 0.0509 0.0612 0.1634 0.1449 0.0501 0.0516 0.1642 0.0618 0.2519 
         117  1 0.0585 0.1002 0.0361 0.0852 0.0661 0.0435 0.4533 0.0648 0.0924 
         118  1 0.0687 0.0869 0.0630 0.0734 0.1224 0.1791 0.0459 0.3227 0.0379 
         119  1 0.0736 0.2246 0.0531 0.0855 0.0788 0.0433 0.1824 0.1886 0.0702 
         120  1 0.0590 0.3710 0.0305 0.0698 0.0758 0.0863 0.1887 0.0664 0.0524 
         121  1 0.0583 0.0865 0.2128 0.1160 0.0947 0.1492 0.0395 0.1260 0.1170 
         122  1 0.1694 0.0423 0.0857 0.0701 0.3870 0.1365 0.0250 0.0506 0.0334 
         123  1 0.0537 0.0674 0.0376 0.0691 0.0755 0.0555 0.5402 0.0550 0.0460 
         124  1 0.1755 0.0610 0.0831 0.1251 0.1094 0.0709 0.0379 0.0671 0.2700 
         125  1 0.0722 0.1283 0.0569 0.0929 0.1241 0.0444 0.2828 0.0356 0.1627 
         126  1 0.0991 0.1854 0.0708 0.2196 0.0782 0.0748 0.0653 0.0513 0.1555 
         127  1 0.3346 0.0385 0.0325 0.0653 0.1184 0.1247 0.1565 0.0467 0.0827 
         128  1 0.0784 0.0510 0.0726 0.0853 0.0521 0.0493 0.4929 0.0313 0.0872 
         129  1 0.1765 0.0423 0.0602 0.0686 0.3404 0.0400 0.0513 0.0444 0.1763 
         130  1 0.0798 0.0529 0.0284 0.0864 0.0999 0.4454 0.0359 0.0913 0.0800 
         131  1 0.1543 0.1466 0.0768 0.1853 0.1536 0.0983 0.0380 0.0444 0.1027 
         132  1 0.0766 0.0783 0.0336 0.0630 0.0417 0.0575 0.5636 0.0376 0.0482 
         133  1 0.0802 0.0645 0.0339 0.1087 0.0667 0.2157 0.1371 0.2537 0.0395 
         134  1 0.0641 0.3552 0.0931 0.1034 0.1182 0.0353 0.0557 0.1073 0.0677 
         135  1 0.0422 0.0349 0.0239 0.0696 0.0607 0.5249 0.0364 0.1784 0.0290 
         136  1 0.1009 0.2712 0.1948 0.0975 0.0750 0.0623 0.0810 0.0762 0.0412 
         137  1 0.4863 0.0581 0.0679 0.0726 0.0455 0.1359 0.0618 0.0340 0.0380 
         138  1 0.2319 0.0907 0.0614 0.1663 0.0672 0.0764 0.1048 0.1343 0.0670 
         139  1 0.1751 0.1108 0.0306 0.1065 0.0757 0.1095 0.1251 0.0990 0.1676 
         140  1 0.1743 0.0675 0.2589 0.1022 0.1775 0.0658 0.0361 0.0503 0.0675 
         141  1 0.1042 0.0593 0.0346 0.0809 0.1133 0.0683 0.0978 0.3664 0.0752 
         142  1 0.0555 0.0549 0.0593 0.0554 0.0367 0.0468 0.5965 0.0445 0.0506 
         143  1 0.1037 0.1003 0.1177 0.2341 0.2576 0.0425 0.0410 0.0492 0.0540 
         144  1 0.1222 0.1246 0.2222 0.1142 0.0720 0.1190 0.0628 0.1064 0.0566 
         145  1 0.0607 0.0965 0.0416 0.0927 0.0807 0.0473 0.0560 0.3089 0.2156 
         146  1 0.0983 0.1889 0.0938 0.1446 0.0968 0.1475 0.0356 0.0823 0.1122 
         147  1 0.0493 0.2180 0.2666 0.1095 0.0683 0.0572 0.0638 0.1064 0.0608 
         148  1 0.1028 0.0779 0.1766 0.0998 0.0837 0.1442 0.0587 0.1319 0.1243 
         149  1 0.1276 0.1724 0.0529 0.0960 0.0838 0.0655 0.2390 0.0682 0.0945 
         150  1 0.0694 0.0713 0.0391 0.0879 0.1181 0.3579 0.0321 0.1835 0.0405 
         151  1 0.0847 0.0752 0.0921 0.1031 0.2127 0.1692 0.0620 0.1620 0.0389 
         152  1 0.1392 0.1023 0.1244 0.2444 0.0869 0.0875 0.0427 0.0865 0.0862 
         153  1 0.0546 0.1761 0.2335 0.0837 0.1033 0.1468 0.0570 0.1007 0.0444 
         154  1 0.1344 0.1350 0.1081 0.1531 0.0958 0.1210 0.0885 0.0665 0.0976 
         155  1 0.0612 0.0921 0.0711 0.0700 0.0565 0.0344 0.4535 0.0788 0.0824 
         156  1 0.0681 0.0759 0.0600 0.0776 0.1086 0.1940 0.0594 0.0684 0.2878 
         157  1 0.1145 0.1769 0.0621 0.2093 0.0925 0.0581 0.0614 0.0828 0.1424 
         158  1 0.5257 0.0688 0.0285 0.0598 0.0502 0.1287 0.0295 0.0342 0.0746 
         159  1 0.0755 0.1072 0.0565 0.0957 0.1282 0.1062 0.2295 0.0784 0.1226 
         160  1 0.1909 0.0654 0.0523 0.1531 0.0521 0.0950 0.1426 0.0456 0.2031 
         161  1 0.0567 0.0838 0.0292 0.3079 0.0488 0.1712 0.1714 0.0755 0.0555 
         162  1 0.0720 0.2838 0.0364 0.0840 0.1052 0.1540 0.0520 0.1327 0.0798 
         163  1 0.0671 0.1201 0.0614 0.1249 0.1191 0.0915 0.0946 0.2440 0.0774 
         164  1 0.0938 0.0507 0.1237 0.0452 0.0411 0.0456 0.5343 0.0257 0.0399 
         165  1 0.2268 0.1236 0.1050 0.1249 0.0791 0.1125 0.0529 0.0819 0.0933 
         166  1 0.0921 0.0738 0.0617 0.2513 0.1624 0.0593 0.0896 0.0758 0.1341 
         167  1 0.0339 0.0346 0.0214 0.0439 0.0401 0.0314 0.6871 0.0381 0.0695 
         168  1 0.0736 0.2377 0.0534 0.0986 0.1545 0.1612 0.0691 0.0943 0.0575 
         169  1 0.0800 0.0882 0.0407 0.1736 0.2204 0.0342 0.0793 0.2162 0.0674 
         170  1 0.0806 0.0633 0.0543 0.0710 0.1463 0.3387 0.0298 0.1717 0.0443 
         171  1 0.0591 0.0980 0.1252 0.1050 0.0823 0.1496 0.1295 0.0720 0.1793 
         172  1 0.0736 0.0643 0.0752 0.0697 0.0988 0.1091 0.0310 0.4055 0.0728 
         173  1 0.0838 0.3900 0.0302 0.0807 0.1290 0.0511 0.0950 0.0754 0.0648 
         174  1 0.0906 0.3100 0.1297 0.1177 0.1050 0.0571 0.0430 0.1017 0.0452 
         175  1 0.1731 0.0701 0.0587 0.1541 0.1339 0.2361 0.0418 0.0871 0.0450 
         176  1 0.0457 0.0620 0.0530 0.0570 0.0437 0.5277 0.0333 0.1398 0.0378 
         177  1 0.2088 0.0705 0.2935 0.0588 0.1118 0.1092 0.0341 0.0312 0.0822 
         178  1 0.2820 0.0801 0.0606 0.1217 0.1324 0.1049 0.0483 0.0754 0.0946 
         179  1 0.1587 0.1493 0.0578 0.1397 0.1026 0.0771 0.1063 0.1119 0.0967 
         180  1 0.0938 0.1126 0.0986 0.0888 0.1251 0.1500 0.0392 0.0962 0.1958 
         181  1 0.0693 0.1153 0.0406 0.1053 0.0655 0.1028 0.1914 0.0708 0.2390 
         182  1 0.0231 0.0264 0.8129 0.0217 0.0232 0.0184 0.0240 0.0182 0.0323 
         183  1 0.0419 0.0989 0.0445 0.2422 0.0493 0.2154 0.0595 0.1342 0.1141 
         184  1 0.0627 0.1836 0.1103 0.1136 0.0958 0.1497 0.0495 0.1054 0.1294 
         185  1 0.0494 0.1874 0.0493 0.1618 0.1013 0.1083 0.1061 0.1071 0.1293 
         186  1 0.0509 0.1081 0.1036 0.1442 0.0747 0.1638 0.1225 0.1165 0.1158 
         187  1 0.1432 0.0558 0.0389 0.1054 0.0828 0.2404 0.0601 0.2175 0.0558 
         188  1 0.0581 0.1138 0.0797 0.0895 0.0680 0.0383 0.3336 0.1460 0.0732 
         189  1 0.0489 0.0651 0.1042 0.1124 0.0698 0.0562 0.0427 0.1855 0.3152 
         190  1 0.1259 0.0900 0.0569 0.0769 0.2427 0.0811 0.0609 0.1961 0.0696 
         191  1 0.1023 0.2094 0.0382 0.1828 0.0957 0.1196 0.0816 0.0850 0.0854 
         192  1 0.0670 0.3001 0.1231 0.1114 0.1554 0.0341 0.0422 0.0417 0.1250 
         193  1 0.0852 0.2389 0.0594 0.1104 0.1150 0.0843 0.0478 0.1763 0.0827 
         194  1 0.0610 0.1710 0.0544 0.1132 0.0832 0.1506 0.2693 0.0586 0.0387 
         195  1 0.2152 0.1176 0.0480 0.0940 0.3275 0.0677 0.0302 0.0559 0.0439 
         196  1 0.0874 0.0538 0.0610 0.1412 0.0957 0.0767 0.0658 0.3512 0.0671 
         197  1 0.0420 0.0724 0.1224 0.0684 0.0514 0.0663 0.4678 0.0546 0.0547 
         198  1 0.0408 0.1005 0.0303 0.0792 0.1328 0.0402 0.0617 0.4267 0.0877 
         199  1 0.0730 0.0754 0.4905 0.0692 0.0529 0.0429 0.0579 0.0279 0.1104 
         200  1 0.0689 0.1063 0.0332 0.1204 0.0876 0.0716 0.1667 0.1517 0.1936 
         201  1 0.2254 0.0971 0.2323 0.0761 0.1008 0.1223 0.0317 0.0448 0.0695 
         202  1 0.0682 0.1373 0.1532 0.1293 0.0837 0.1767 0.0710 0.0891 0.0916 
         203  1 0.0737 0.2912 0.0633 0.0909 0.1574 0.0650 0.0523 0.0453 0.1609 
         204  1 0.0924 0.1012 0.1688 0.0976 0.0829 0.1301 0.0313 0.1638 0.1320 
         205  1 0.1499 0.0873 0.1915 0.1387 0.1130 0.0907 0.0787 0.0932 0.0570 
         206  1 0.2017 0.0566 0.0626 0.0927 0.1646 0.0858 0.0498 0.0486 0.2377 
         207  1 0.0588 0.4166 0.0989 0.1239 0.1046 0.0384 0.0477 0.0594 0.0515 
         208  1 0.1024 0.0675 0.1233 0.1066 0.0715 0.2002 0.0364 0.1200 0.1720 
         209  1 0.2309 0.1101 0.0376 0.1499 0.1048 0.1149 0.0688 0.0420 0.1409 
         210  1 0.0691 0.0739 0.0445 0.0922 0.0982 0.4017 0.0555 0.0924 0.0725 
         211  1 0.2423 0.1172 0.0683 0.1083 0.1850 0.1393 0.0266 0.0469 0.0661 
         212  1 0.0372 0.0749 0.0452 0.0694 0.0999 0.0428 0.0804 0.5154 0.0349 
         213  1 0.1159 0.1398 0.0517 0.1143 0.1216 0.0679 0.1661 0.1221 0.1007 
         214  1 0.1456 0.0384 0.0682 0.1379 0.3153 0.0577 0.0390 0.0510 0.1470 
         215  1 0.0727 0.0835 0.0975 0.1303 0.0663 0.0779 0.1713 0.1594 0.1411 
         216  1 0.1926 0.1100 0.0332 0.0934 0.2078 0.0705 0.0507 0.1053 0.1366 
         217  1 0.1602 0.1122 0.0379 0.1405 0.0852 0.0907 0.1211 0.2035 0.0488 
         218  1 0.0526 0.0694 0.0312 0.0723 0.0718 0.0383 0.3905 0.0790 0.1948 
         219  1 0.0606 0.1014 0.0944 0.0807 0.0812 0.2595 0.0544 0.1643 0.1036 
         220  1 0.1329 0.2289 0.0726 0.1768 0.0961 0.0789 0.0391 0.0605 0.1143 
         221  1 0.0452 0.0500 0.5870 0.0492 0.0614 0.0315 0.0349 0.0443 0.0964 
         222  1 0.0799 0.2461 0.0333 0.1333 0.0998 0.0741 0.0620 0.0975 0.1741 
         223  1 0.1726 0.0899 0.0814 0.2000 0.0675 0.0823 0.1099 0.0942 0.1021 
         224  1 0.1554 0.1442 0.1390 0.1277 0.1452 0.1274 0.0356 0.0600 0.0655 
         225  1 0.2163 0.1091 0.0589 0.1823 0.1827 0.1127 0.0269 0.0375 0.0735 
         226  1 0.1360 0.0933 0.0408 0.0904 0.0580 0.3127 0.0954 0.1060 0.0674 
         227  1 0.2288 0.0935 0.0447 0.0902 0.2195 0.0784 0.0664 0.0626 0.1157 
         228  1 0.2397 0.0835 0.0706 0.1011 0.0772 0.1359 0.0986 0.0986 0.0948 
         229  1 0.0908 0.0811 0.2034 0.1311 0.0588 0.0645 0.1177 0.1025 0.1503 
         230  1 0.0319 0.0719 0.0397 0.0477 0.0993 0.0651 0.0409 0.5612 0.0424 
         231  1 0.2144 0.1274 0.0597 0.1098 0.0770 0.2501 0.0598 0.0596 0.0423 
         232  1 0.1632 0.1254 0.2596 0.0789 0.0772 0.0750 0.0549 0.0308 0.1349 
         233  1 0.0746 0.0646 0.0281 0.0759 0.1161 0.0694 0.0434 0.4990 0.0289 
         234  1 0.2341 0.0945 0.0472 0.1461 0.1012 0.1308 0.0721 0.0711 0.1029 
         235  1 0.0548 0.1005 0.1164 0.1275 0.0596 0.2385 0.0550 0.0896 0.1582 
         236  1 0.0515 0.0624 0.0815 0.0628 0.0851 0.0422 0.1960 0.3195 0.0990 
         237  1 0.2671 0.1206 0.1498 0.1029 0.0790 0.1042 0.0695 0.0506 0.0563 
         238  1 0.0613 0.0598 0.0660 0.2659 0.0640 0.1088 0.0708 0.1319 0.1716 
         239  1 0.0954 0.0766 0.0937 0.0846 0.1259 0.1404 0.0688 0.2387 0.0759 
         240  1 0.1028 0.1471 0.1112 0.1118 0.0988 0.1789 0.1072 0.0813 0.0610 
         241  1 0.1718 0.0849 0.0829 0.1087 0.2085 0.1035 0.0346 0.0956 0.1094 
         242  1 0.0614 0.0849 0.2302 0.1141 0.1304 0.0434 0.0724 0.1032 0.1601 
         243  1 0.0726 0.1089 0.0725 0.0919 0.1361 0.0565 0.2699 0.0585 0.1331 
         244  1 0.2811 0.0509 0.1786 0.0902 0.0601 0.1058 0.0328 0.0467 0.1538 
         245  1 0.0834 0.0641 0.0562 0.0745 0.1027 0.2225 0.2257 0.1027 0.0681 
         246  1 0.0614 0.1196 0.0680 0.0789 0.1106 0.0474 0.1622 0.2445 0.1074 
         247  1 0.2057 0.1160 0.0412 0.0731 0.1407 0.1080 0.0342 0.2251 0.0561 
         248  1 0.4237 0.1276 0.0321 0.0703 0.0586 0.1354 0.0322 0.0865 0.0336 
         249  1 0.0721 0.0867 0.0653 0.1478 0.0930 0.2050 0.0555 0.1135 0.1611 
         250  1 0.0428 0.0596 0.0534 0.0843 0.0492 0.0508 0.4150 0.0930 0.1518 
         251  1 0.1158 0.1902 0.0679 0.1993 0.0659 0.1204 0.0941 0.0773 0.0690 
         252  1 0.1476 0.0851 0.0497 0.1120 0.3226 0.1421 0.0521 0.0374 0.0515 
         253  1 0.0959 0.0625 0.0769 0.0886 0.1634 0.0636 0.2506 0.0505 0.1481 
         254  1 0.0658 0.0568 0.0321 0.1135 0.0841 0.1105 0.0901 0.3424 0.1048 
         255  1 0.0640 0.0550 0.4469 0.0644 0.0584 0.0700 0.0506 0.0625 0.1284 
         256  1 0.1071 0.1057 0.0505 0.1561 0.0654 0.0524 0.1467 0.0436 0.2726 
         257  1 0.1383 0.0533 0.0255 0.0666 0.3374 0.1089 0.0553 0.0752 0.1395 
         258  1 0.0684 0.0770 0.1228 0.0877 0.0511 0.1002 0.0758 0.0691 0.3480 
         259  1 0.1261 0.0710 0.0509 0.0921 0.2234 0.0620 0.0392 0.2196 0.1157 
         260  1 0.1820 0.1697 0.1309 0.0844 0.1353 0.0753 0.0650 0.0612 0.0962 
         261  1 0.2710 0.0812 0.0351 0.1002 0.1039 0.1808 0.0427 0.1236 0.0615 
         262  1 0.0913 0.1209 0.1360 0.1054 0.0713 0.1910 0.0729 0.0757 0.1356 
         263  1 0.0832 0.0468 0.0479 0.0900 0.0441 0.1228 0.0298 0.0800 0.4553 
         264  1 0.1387 0.0725 0.2576 0.0865 0.0917 0.0649 0.0649 0.1710 0.0523 
         265  1 0.1559 0.0736 0.1465 0.1955 0.0527 0.0924 0.0315 0.0546 0.1973 
         266  1 0.0682 0.0695 0.0386 0.1293 0.0720 0.1915 0.2600 0.0519 0.1190 
         267  1 0.0447 0.0698 0.3272 0.1976 0.0535 0.0819 0.0322 0.0711 0.1219 
         268  1 0.0663 0.0342 0.0286 0.0591 0.1359 0.0445 0.0430 0.5483 0.0401 
         269  1 0.0958 0.0654 0.1547 0.0697 0.1440 0.2748 0.0409 0.0976 0.0570 
         270  1 0.0984 0.1071 0.1482 0.1368 0.0794 0.1725 0.0268 0.1269 0.1038 
         271  1 0.1328 0.1059 0.0814 0.1872 0.1126 0.1133 0.1158 0.0785 0.0725 
         272  1 0.1451 0.0599 0.0416 0.0809 0.2084 0.0700 0.0308 0.3049 0.0585 
         273  1 0.1451 0.0636 0.2100 0.1350 0.0756 0.0832 0.0735 0.1231 0.0908 
         274  1 0.0433 0.0577 0.0503 0.0603 0.0903 0.1216 0.0284 0.5125 0.0356 
         275  1 0.0852 0.0814 0.2429 0.0761 0.0661 0.2287 0.0466 0.1198 0.0532 
         276  1 0.1934 0.0931 0.0585 0.0973 0.1150 0.0563 0.2522 0.0371 0.0971 
         277  1 0.0298 0.0372 0.6951 0.0323 0.0394 0.0634 0.0301 0.0381 0.0345 
         278  1 0.1036 0.0653 0.2550 0.0692 0.2506 0.0975 0.0250 0.0801 0.0537 
         279  1 0.0744 0.1999 0.1656 0.1172 0.0755 0.0570 0.1142 0.0959 0.1004 
         280  1 0.1221 0.0874 0.0675 0.0742 0.0954 0.0650 0.0778 0.2838 0.1267 
         281  1 0.0677 0.0858 0.0859 0.3101 0.1253 0.1132 0.0385 0.0990 0.0744 
         282  1 0.0799 0.0577 0.0338 0.0670 0.1648 0.2085 0.0455 0.1134 0.2294 
         283  1 0.0832 0.1102 0.1822 0.1060 0.0634 0.0878 0.1980 0.0683 0.1008 
         284  1 0.0705 0.0752 0.5601 0.0634 0.0442 0.0416 0.0544 0.0434 0.0473 
         285  1 0.3227 0.0746 0.0403 0.1013 0.1136 0.1196 0.0592 0.0920 0.0768 
         286  1 0.0582 0.0590 0.2088 0.1384 0.1124 0.0482 0.0346 0.1528 0.1875 
         287  1 0.0426 0.1442 0.1015 0.0898 0.0636 0.0520 0.3032 0.0985 0.1046 
         288  1 0.0226 0.0225 0.8348 0.0204 0.0197 0.0199 0.0180 0.0192 0.0229 
         289  1 0.0835 0.1251 0.0584 0.1112 0.1239 0.1945 0.0979 0.1473 0.0582 
         290  1 0.2396 0.2116 0.0314 0.0716 0.1140 0.0987 0.0295 0.1757 0.0279 
         291  1 0.0596 0.0662 0.0348 0.1825 0.0471 0.1164 0.2631 0.1142 0.1161 
         292  1 0.0967 0.0753 0.1115 0.1470 0.1656 0.0754 0.1410 0.0471 0.1404 
         293  1 0.0535 0.0616 0.0401 0.0823 0.1163 0.1339 0.0917 0.3680 0.0527 
         294  1 0.1434 0.0892 0.0952 0.1322 0.1262 0.1133 0.0435 0.0780 0.1790 
         295  1 0.0450 0.0873 0.0199 0.0449 0.0495 0.0280 0.6419 0.0271 0.0564 
         296  1 0.0596 0.0728 0.4886 0.0612 0.0411 0.0613 0.0617 0.0559 0.0979 
         297  1 0.1027 0.1279 0.1573 0.0947 0.0779 0.2464 0.0506 0.0918 0.0507 
         298  1 0.1535 0.0730 0.0222 0.0752 0.3275 0.0541 0.1025 0.0972 0.0949 
         299  1 0.0495 0.0437 0.0284 0.0433 0.0504 0.0370 0.6681 0.0322 0.0474 
         300  1 0.0601 0.1124 0.1017 0.1015 0.0836 0.2251 0.0800 0.1251 0.1105 
         301  1 0.0636 0.1130 0.1038 0.1118 0.0971 0.1359 0.1843 0.0665 0.1239 
         302  1 0.0255 0.0386 0.0273 0.0362 0.0292 0.0298 0.7479 0.0361 0.0295 
         303  1 0.0973 0.1031 0.0403 0.2535 0.1075 0.0852 0.0353 0.2309 0.0469 
         304  1 0.1149 0.1063 0.0454 0.0802 0.2932 0.0435 0.0590 0.1400 0.1175 
         305  1 0.1319 0.2503 0.0460 0.1161 0.0806 0.1193 0.0411 0.0718 0.1429 
         306  1 0.0350 0.0411 0.3484 0.0502 0.0364 0.0353 0.3185 0.0353 0.0999 
         307  1 0.1280 0.1004 0.0766 0.1291 0.1971 0.0868 0.1104 0.1168 0.0549 
         308  1 0.0782 0.2094 0.0791 0.1151 0.0950 0.0629 0.0552 0.0724 0.2328 
         309  1 0.1154 0.0692 0.2169 0.1048 0.2144 0.0766 0.0491 0.0963 0.0573 
         310  1 0.0644 0.0904 0.2977 0.1299 0.0599 0.1413 0.0568 0.0732 0.0864 
         311  1 0.0823 0.0602 0.2683 0.0933 0.1256 0.0724 0.1741 0.0384 0.0854 
         312  1 0.0625 0.0644 0.1635 0.0881 0.0804 0.2688 0.0467 0.1390 0.0866 
         313  1 0.1214 0.0580 0.1672 0.1034 0.0860 0.0902 0.2041 0.0936 0.0762 
         314  1 0.0876 0.0816 0.1732 0.1487 0.0746 0.0463 0.0645 0.0557 0.2678 
         315  1 0.1327 0.1296 0.1313 0.0973 0.0823 0.0958 0.0751 0.0350 0.2209 
         316  1 0.0419 0.0506 0.0587 0.0905 0.0636 0.0744 0.0513 0.1010 0.4680 
         317  1 0.0630 0.1200 0.1038 0.0754 0.0805 0.2446 0.0271 0.1220 0.1635 
         318  1 0.0496 0.0324 0.0337 0.0627 0.0531 0.5391 0.0425 0.1566 0.0302 
         319  1 0.0902 0.2111 0.0548 0.1546 0.0925 0.1337 0.1216 0.0774 0.0641 
         320  1 0.0982 0.1050 0.1209 0.0646 0.0790 0.0509 0.3391 0.0461 0.0961 
         321  1 0.2347 0.1092 0.0601 0.1370 0.0553 0.1502 0.0427 0.1520 0.0589 
         322  1 0.2222 0.0826 0.0783 0.1553 0.0847 0.0865 0.0510 0.1143 0.1251 
         323  1 0.0488 0.2142 0.2745 0.0689 0.0874 0.0882 0.1082 0.0526 0.0572 
         324  1 0.1509 0.1285 0.0388 0.1649 0.1393 0.1846 0.0360 0.0548 0.1021 
         325  1 0.0719 0.0501 0.0511 0.0743 0.1070 0.0698 0.0560 0.4184 0.1015 
         326  1 0.0681 0.1087 0.3741 0.0724 0.1499 0.0607 0.0351 0.0661 0.0649 
         327  1 0.1144 0.1322 0.0465 0.0905 0.1062 0.1723 0.0733 0.1733 0.0913 
         328  1 0.1066 0.1076 0.0375 0.1295 0.1323 0.1388 0.0423 0.0538 0.2514 
         329  1 0.2781 0.0688 0.0849 0.1031 0.1588 0.1094 0.0564 0.0536 0.0866 
         330  1 0.4067 0.0623 0.0340 0.0688 0.0882 0.1203 0.0247 0.0335 0.1615 
         331  1 0.0864 0.1401 0.1087 0.1355 0.1276 0.1941 0.0740 0.0895 0.0442 
         332  1 0.0703 0.1236 0.0480 0.1391 0.1974 0.1862 0.0427 0.1429 0.0498 
         333  1 0.0872 0.1617 0.1439 0.0853 0.1471 0.1982 0.0467 0.0582 0.0717 
         334  1 0.0665 0.0574 0.0963 0.0983 0.0797 0.2595 0.0363 0.1460 0.1598 
         335  1 0.0786 0.3096 0.0936 0.0826 0.1989 0.0417 0.0626 0.0904 0.0419 
         336  1 0.1446 0.1498 0.1517 0.1083 0.0903 0.0676 0.0615 0.0851 0.1411 
         337  1 0.0873 0.1352 0.1024 0.1205 0.0752 0.1831 0.0866 0.1596 0.0501 
         338  1 0.2061 0.0680 0.0732 0.0720 0.1966 0.0693 0.0480 0.0496 0.2172 
         339  1 0.1907 0.0849 0.0390 0.0978 0.1931 0.0668 0.1923 0.0468 0.0885 
         340  1 0.1077 0.1503 0.0664 0.1123 0.1041 0.0961 0.0401 0.2603 0.0628 
         341  1 0.0472 0.1342 0.0840 0.1583 0.0629 0.0446 0.2378 0.0965 0.1345 
         342  1 0.1669 0.0811 0.0258 0.0554 0.4440 0.0583 0.0351 0.0372 0.0963 
         343  1 0.0823 0.0569 0.0815 0.0494 0.2387 0.0413 0.0256 0.0711 0.3532 
         344  1 0.0756 0.0984 0.0697 0.0708 0.1151 0.2116 0.0338 0.2686 0.0563 
         345  1 0.0896 0.0740 0.2426 0.0864 0.1751 0.1062 0.0560 0.0816 0.0886 
         346  1 0.1053 0.1996 0.0529 0.1359 0.0917 0.1150 0.0841 0.0707 0.1449 
         347  1 0.3559 0.0662 0.0350 0.1086 0.1073 0.0986 0.0519 0.0516 0.1249 
         348  1 0.0650 0.1814 0.0525 0.1277 0.0920 0.0844 0.1481 0.1029 0.1461 
         349  1 0.0501 0.1462 0.3718 0.0862 0.0745 0.0699 0.0493 0.1051 0.0468 
         350  1 0.1010 0.1128 0.0528 0.1625 0.1419 0.1359 0.1290 0.0915 0.0726 
         351  1 0.0568 0.0853 0.0833 0.1176 0.0780 0.0746 0.1093 0.2613 0.1339 
         352  1 0.0756 0.0714 0.1322 0.0899 0.1410 0.0624 0.1249 0.2046 0.0979 
         353  1 0.2052 0.1072 0.1257 0.1084 0.0535 0.1137 0.1474 0.0408 0.0981 
         354  1 0.2727 0.0779 0.0860 0.0812 0.2008 0.0919 0.0519 0.0447 0.0928 
         355  1 0.0984 0.0596 0.1819 0.1281 0.1148 0.1037 0.1264 0.1133 0.0739 
         356  1 0.0939 0.0679 0.0662 0.0995 0.1575 0.0802 0.1652 0.0907 0.1790 
         357  1 0.0674 0.3928 0.0515 0.0936 0.1412 0.0714 0.0583 0.0660 0.0578 
         358  1 0.0874 0.0717 0.2796 0.0957 0.1062 0.0557 0.1119 0.1358 0.0561 
         359  1 0.0961 0.1444 0.0570 0.1040 0.0691 0.0718 0.2747 0.0655 0.1172 
         360  1 0.0439 0.1379 0.0632 0.1180 0.0862 0.0761 0.0879 0.2447 0.1422 
         361  1 0.0829 0.0829 0.0573 0.0878 0.1513 0.0449 0.2935 0.0579 0.1413 
         362  1 0.1364 0.0952 0.0996 0.1366 0.1045 0.1985 0.0947 0.0929 0.0417 
         363  1 0.0630 0.1041 0.0539 0.1036 0.0852 0.2486 0.0404 0.2157 0.0855 
         364  1 0.0887 0.0863 0.1471 0.0860 0.0853 0.2384 0.0523 0.1202 0.0958 
         365  1 0.1503 0.0716 0.0678 0.1113 0.0659 0.1466 0.1181 0.1254 0.1430 
         366  1 0.0522 0.2885 0.0637 0.0749 0.1130 0.0417 0.1298 0.1475 0.0887 
         367  1 0.1017 0.0641 0.1240 0.1610 0.0804 0.0983 0.1546 0.0921 0.1239 
         368  1 0.5295 0.0541 0.0220 0.0456 0.0504 0.1568 0.0656 0.0389 0.0371 
         369  1 0.0817 0.3838 0.1255 0.0978 0.0847 0.0502 0.0725 0.0462 0.0577 
         370  1 0.1665 0.1201 0.2060 0.1165 0.0700 0.0711 0.1196 0.0416 0.0885 
         371  1 0.0585 0.1083 0.2171 0.0800 0.0964 0.0459 0.1824 0.0745 0.1368 
         372  1 0.0538 0.0564 0.0641 0.0747 0.0586 0.0519 0.5066 0.0775 0.0565 
         373  1 0.0791 0.1234 0.1143 0.1450 0.0897 0.1162 0.1628 0.1030 0.0665 
         374  1 0.1069 0.0514 0.1784 0.0902 0.1045 0.0587 0.0648 0.3032 0.0420 
         375  1 0.0774 0.0992 0.0807 0.1133 0.1635 0.0509 0.0512 0.1767 0.1871 
         376  1 0.0869 0.1509 0.0802 0.1200 0.0783 0.0760 0.0475 0.1550 0.2052 
         377  1 0.1179 0.1361 0.0283 0.2717 0.0691 0.0734 0.1218 0.0820 0.0998 
         378  1 0.0626 0.0906 0.0552 0.3660 0.0598 0.0967 0.0809 0.0634 0.1248 
         379  1 0.0263 0.0377 0.0336 0.0426 0.0399 0.0287 0.6950 0.0567 0.0395 
         380  1 0.0856 0.4525 0.0363 0.1360 0.0905 0.0492 0.0785 0.0291 0.0424 
         381  1 0.1340 0.1098 0.1224 0.1268 0.0687 0.1405 0.0943 0.0681 0.1354 
         382  1 0.0866 0.1212 0.1105 0.1316 0.1311 0.1193 0.1031 0.0750 0.1215 
         383  1 0.1374 0.0776 0.1562 0.0987 0.1188 0.0833 0.1244 0.0537 0.1499 
         384  1 0.0367 0.0401 0.0256 0.0743 0.0777 0.0760 0.4573 0.1804 0.0319 
         385  1 0.0828 0.0875 0.0560 0.0934 0.1162 0.3749 0.0303 0.1010 0.0579 
         386  1 0.0392 0.0960 0.0260 0.0553 0.0393 0.0323 0.6379 0.0308 0.0432 
         387  1 0.3284 0.1225 0.0324 0.1044 0.0936 0.0997 0.0491 0.1046 0.0654 
         388  1 0.0424 0.0629 0.0318 0.0878 0.0763 0.0374 0.4017 0.1812 0.0785 
         389  1 0.0542 0.1163 0.4276 0.0694 0.0660 0.0851 0.0489 0.0739 0.0586 
         390  1 0.2623 0.0673 0.0365 0.0878 0.3475 0.0570 0.0492 0.0423 0.0500 
         391  1 0.0912 0.0530 0.0271 0.0918 0.0529 0.0695 0.2984 0.0619 0.2543 
         392  1 0.1023 0.1568 0.1444 0.0830 0.2380 0.0460 0.0698 0.0521 0.1077 
         393  1 0.0388 0.1118 0.0219 0.0594 0.0940 0.0465 0.2779 0.3109 0.0388 
         394  1 0.1681 0.0706 0.0572 0.0696 0.4710 0.0445 0.0192 0.0471 0.0527 
         395  1 0.1046 0.0900 0.1700 0.1004 0.1068 0.1054 0.0708 0.1642 0.0878 
         396  1 0.0637 0.0684 0.0533 0.0851 0.0882 0.3956 0.0413 0.1367 0.0677 
         397  1 0.0640 0.1099 0.1835 0.0647 0.0747 0.2866 0.0275 0.1412 0.0479 
         398  1 0.0982 0.1407 0.0281 0.1267 0.1338 0.0810 0.0661 0.1039 0.2216 
         399  1 0.0918 0.0807 0.0453 0.1283 0.0986 0.0794 0.1731 0.1478 0.1551 
         400  1 0.0466 0.0801 0.1507 0.0741 0.0404 0.0503 0.2583 0.0521 0.2473 
         401  1 0.1617 0.0686 0.0258 0.1124 0.0596 0.2735 0.1086 0.0851 0.1046 
         402  1 0.0607 0.1011 0.0872 0.1175 0.0630 0.3695 0.0584 0.0843 0.0583 
         403  1 0.0686 0.0432 0.2536 0.0929 0.0970 0.2015 0.0346 0.0775 0.1311 
         404  1 0.0998 0.0770 0.0708 0.0937 0.1430 0.0876 0.0427 0.0484 0.3370 
         405  1 0.0680 0.0509 0.0437 0.0694 0.1820 0.0489 0.0320 0.4602 0.0449 
         406  1 0.1049 0.0556 0.1167 0.2654 0.1562 0.0683 0.0982 0.0583 0.0763 
         407  1 0.0349 0.0717 0.0517 0.0614 0.0750 0.0377 0.2917 0.3395 0.0364 
         408  1 0.0783 0.2155 0.0434 0.1508 0.1077 0.1278 0.0428 0.1067 0.1270 
         409  1 0.1311 0.0829 0.0437 0.1125 0.0884 0.1014 0.0565 0.0896 0.2940 
         410  1 0.0805 0.1589 0.0771 0.1283 0.1491 0.0719 0.0654 0.1276 0.1412 
         411  1 0.1418 0.2053 0.0974 0.0834 0.1160 0.1832 0.0218 0.0940 0.0570 
         412  1 0.1582 0.0800 0.0213 0.2678 0.0923 0.0739 0.0790 0.1650 0.0624 
         413  1 0.0630 0.0601 0.2408 0.0682 0.0630 0.2566 0.0222 0.0700 0.1561 
         414  1 0.1159 0.3058 0.0405 0.1636 0.0740 0.0844 0.0635 0.0684 0.0839 
         415  1 0.4356 0.0739 0.0218 0.1127 0.0696 0.1208 0.0869 0.0330 0.0456 
         416  1 0.0286 0.0504 0.0398 0.0506 0.0378 0.5276 0.0348 0.1994 0.0309 
         417  1 0.1616 0.1674 0.0341 0.1120 0.2730 0.0699 0.0595 0.0465 0.0760 
         418  1 0.3130 0.1712 0.0574 0.1062 0.0766 0.1130 0.0470 0.0581 0.0575 
         419  1 0.1999 0.1714 0.0700 0.1230 0.1814 0.0822 0.0477 0.0520 0.0725 
         420  1 0.0939 0.0891 0.1055 0.1256 0.0996 0.0972 0.0416 0.2824 0.0651 
         421  1 0.2581 0.1109 0.0493 0.0875 0.1947 0.1380 0.0329 0.0696 0.0590 
         422  1 0.1256 0.1030 0.0825 0.1658 0.1376 0.1257 0.0617 0.0603 0.1379 
         423  1 0.0449 0.1255 0.1133 0.1505 0.0848 0.2485 0.1017 0.0969 0.0339 
         424  1 0.0977 0.0883 0.0977 0.0976 0.0965 0.2426 0.0350 0.1927 0.0518 
         425  1 0.2594 0.1043 0.1116 0.0947 0.0527 0.1079 0.0733 0.0608 0.1352 
         426  1 0.2182 0.1497 0.0530 0.1283 0.1039 0.0745 0.1263 0.0462 0.0999 
         427  1 0.1233 0.2876 0.0248 0.1031 0.1610 0.1030 0.0669 0.0414 0.0888 
         428  1 0.0799 0.0749 0.0550 0.1127 0.1429 0.0892 0.0726 0.0623 0.3104 
         429  1 0.0363 0.0613 0.2782 0.0528 0.0466 0.0340 0.3055 0.0428 0.1424 
         430  1 0.0728 0.0552 0.0459 0.1334 0.0532 0.0501 0.0514 0.0512 0.4868 
         431  1 0.0490 0.1337 0.0984 0.1216 0.0841 0.2982 0.0282 0.0970 0.0898 
         432  1 0.0404 0.1148 0.0669 0.1105 0.0720 0.0487 0.1225 0.2190 0.2053 
         433  1 0.0629 0.0804 0.0435 0.1871 0.0501 0.1698 0.2527 0.0837 0.0698 
         434  1 0.0994 0.0983 0.0497 0.0968 0.1503 0.0541 0.0484 0.3421 0.0610 
         435  1 0.1028 0.1969 0.0491 0.0791 0.1350 0.1056 0.0488 0.1861 0.0964 
         436  1 0.0701 0.0872 0.1493 0.2526 0.0428 0.0865 0.0542 0.0397 0.2176 
         437  1 0.0737 0.1084 0.0425 0.1017 0.0773 0.2327 0.1777 0.1136 0.0725 
         438  1 0.0545 0.0663 0.0262 0.1017 0.0845 0.0633 0.5133 0.0479 0.0423 
         439  1 0.4418 0.0717 0.0671 0.0798 0.0578 0.1389 0.0539 0.0355 0.0535 
         440  1 0.0515 0.0474 0.5589 0.0593 0.0535 0.0554 0.0464 0.0537 0.0739 
         441  1 0.1372 0.2946 0.0453 0.1055 0.0911 0.1065 0.0829 0.0542 0.0826 
         442  1 0.0688 0.0740 0.0584 0.0712 0.0768 0.4580 0.0307 0.1003 0.0619 
         443  1 0.0648 0.0544 0.1380 0.1022 0.0669 0.1522 0.1254 0.1147 0.1814 
         444  1 0.0695 0.1754 0.0551 0.0967 0.1397 0.0890 0.2592 0.0536 0.0618 
         445  1 0.1259 0.0436 0.1911 0.1251 0.1557 0.0668 0.0904 0.0312 0.1701 
         446  1 0.0481 0.0399 0.0308 0.0449 0.0587 0.0476 0.0319 0.0303 0.6678 
         447  1 0.0616 0.0820 0.0377 0.0664 0.1164 0.0952 0.0537 0.3906 0.0964 
         448  1 0.0946 0.0814 0.0361 0.0818 0.0714 0.0541 0.0748 0.0863 0.4194 
         449  1 0.0458 0.0616 0.3365 0.0636 0.0604 0.0615 0.0972 0.2146 0.0589 
         450  1 0.0599 0.2474 0.2218 0.0918 0.1266 0.0894 0.0345 0.0652 0.0634 
         451  1 0.0794 0.2185 0.2186 0.1067 0.1010 0.0608 0.0962 0.0512 0.0677 
         452  1 0.0863 0.0683 0.3052 0.0599 0.2211 0.0743 0.0582 0.0577 0.0689 
         453  1 0.0538 0.3127 0.0822 0.0832 0.1047 0.1488 0.0706 0.0792 0.0647 
         454  1 0.0462 0.0556 0.3252 0.0887 0.0592 0.2003 0.0275 0.1207 0.0767 
         455  1 0.1572 0.1033 0.0309 0.1818 0.1956 0.1436 0.0601 0.0535 0.0740 
         456  1 0.0914 0.0662 0.0334 0.0682 0.1172 0.0385 0.0440 0.0425 0.4987 
         457  1 0.0586 0.3961 0.0429 0.1443 0.0853 0.1010 0.0753 0.0376 0.0589 
         458  1 0.0425 0.0446 0.6298 0.0454 0.0400 0.0271 0.0739 0.0380 0.0586 
         459  1 0.1472 0.1042 0.0380 0.1107 0.0652 0.0747 0.1099 0.0522 0.2978 
         460  1 0.0961 0.0768 0.0579 0.1055 0.2450 0.1693 0.0927 0.0881 0.0686 
         461  1 0.0283 0.0389 0.0364 0.0334 0.1067 0.0526 0.0231 0.6468 0.0337 
         462  1 0.1832 0.0686 0.0398 0.1086 0.3042 0.0624 0.0219 0.1134 0.0979 
         463  1 0.0584 0.1393 0.0885 0.2100 0.0728 0.0613 0.2192 0.0613 0.0892 
         464  1 0.1081 0.0923 0.0580 0.1135 0.0947 0.2831 0.1431 0.0610 0.0462 
         465  1 0.3036 0.0827 0.0632 0.0917 0.1036 0.0819 0.0446 0.0423 0.1864 
         466  1 0.0569 0.1361 0.0387 0.2503 0.0690 0.0531 0.2126 0.1057 0.0775 
         467  1 0.0512 0.0480 0.4454 0.1076 0.0508 0.0512 0.0847 0.0832 0.0778 
         468  1 0.0942 0.0713 0.1675 0.1114 0.0910 0.0799 0.1657 0.1240 0.0949 
         469  1 0.3148 0.1173 0.0521 0.0831 0.0584 0.1085 0.0851 0.0838 0.0969 
         470  1 0.1154 0.0798 0.0395 0.1485 0.0720 0.1283 0.2404 0.0814 0.0949 
         471  1 0.0341 0.0491 0.7254 0.0314 0.0487 0.0284 0.0289 0.0280 0.0261 
         472  1 0.0426 0.0554 0.0282 0.0586 0.0457 0.1584 0.4874 0.0789 0.0450 
         473  1 0.0335 0.0741 0.0470 0.4535 0.0525 0.1115 0.0707 0.1027 0.0546 
         474  1 0.2018 0.1086 0.0744 0.0865 0.0755 0.1431 0.0418 0.1408 0.1275 
         475  1 0.1923 0.1272 0.0476 0.1494 0.1834 0.1168 0.0878 0.0538 0.0416 
         476  1 0.0919 0.0445 0.0626 0.0688 0.0886 0.0486 0.0759 0.0345 0.4845 
         477  1 0.1029 0.2116 0.1283 0.1540 0.0997 0.0582 0.0357 0.1091 0.1007 
         478  1 0.0832 0.0605 0.0327 0.0993 0.0699 0.2394 0.0437 0.2907 0.0806 
         479  1 0.1318 0.0820 0.1599 0.1484 0.2110 0.0585 0.0430 0.0822 0.0832 
         480  1 0.0449 0.1410 0.0387 0.0991 0.0619 0.3466 0.0920 0.1386 0.0372 
         481  1 0.1473 0.2089 0.0849 0.1100 0.1100 0.1674 0.0552 0.0459 0.0702 
         482  1 0.1170 0.0741 0.0396 0.0977 0.0424 0.1419 0.3742 0.0495 0.0635 
         483  1 0.1104 0.1613 0.1318 0.0860 0.2060 0.0553 0.1086 0.0475 0.0932 
         484  1 0.0984 0.0534 0.0225 0.1300 0.1888 0.1902 0.0278 0.0563 0.2325 
         485  1 0.1309 0.0564 0.0509 0.0806 0.3322 0.0435 0.0335 0.0420 0.2301 
         486  1 0.1064 0.1820 0.0940 0.1123 0.1205 0.1681 0.0584 0.1069 0.0514 
         487  1 0.0724 0.1143 0.0617 0.1223 0.0791 0.1296 0.1352 0.0776 0.2079 
         488  1 0.0495 0.0484 0.0377 0.0699 0.0548 0.0312 0.0501 0.0336 0.6249 
         489  1 0.0690 0.0848 0.0527 0.1019 0.1165 0.1151 0.0688 0.2197 0.1714 
         490  1 0.0826 0.0717 0.0495 0.1538 0.0590 0.0779 0.2665 0.0907 0.1483 
         491  1 0.0607 0.1586 0.0429 0.0892 0.0731 0.0448 0.3048 0.1490 0.0769 
         492  1 0.1785 0.2320 0.1414 0.1175 0.0769 0.0953 0.0516 0.0406 0.0663 
         493  1 0.0938 0.1517 0.0402 0.2435 0.0775 0.1881 0.0663 0.0551 0.0837 
         494  1 0.1016 0.0740 0.0381 0.0903 0.0688 0.0680 0.1830 0.0367 0.3395 
         495  1 0.0232 0.0286 0.7827 0.0301 0.0205 0.0350 0.0264 0.0271 0.0266 
         496  1 0.2174 0.0765 0.0501 0.0773 0.1668 0.2136 0.0278 0.1049 0.0655 
         497  1 0.2027 0.1330 0.0816 0.1064 0.0576 0.2234 0.0395 0.1052 0.0506 
         498  1 0.0506 0.0625 0.0683 0.0649 0.0974 0.0495 0.0425 0.4215 0.1429 
         499  1 0.0398 0.0897 0.0376 0.0904 0.0583 0.1708 0.3810 0.0734 0.0590 
         500  1 0.0949 0.1960 0.2057 0.1178 0.0575 0.0577 0.1400 0.0583 0.0722 
