           1  1 0.1553 0.3363 0.1113 0.1872 0.2099 
           2  1 0.1846 0.2416 0.1181 0.2295 0.2262 
           3  1 0.1426 0.1756 0.3117 0.1373 0.2328 
           4  1 0.2093 0.2082 0.1021 0.1084 0.3721 
           5  1 0.1300 0.2147 0.1651 0.3745 0.1157 
           6  1 0.2671 0.2663 0.1158 0.2035 0.1473 
           7  1 0.0909 0.1384 0.3796 0.2345 0.1566 
           8  1 0.2543 0.2311 0.2198 0.1649 0.1299 
           9  1 0.1353 0.1441 0.1828 0.1128 0.4251 
          10  1 0.4673 0.2490 0.1358 0.0723 0.0756 
          11  1 0.3178 0.1824 0.1941 0.1843 0.1214 
          12  1 0.4190 0.1808 0.1020 0.1413 0.1569 
          13  1 0.3062 0.1525 0.2289 0.1233 0.1891 
          14  1 0.0824 0.1383 0.1579 0.1832 0.4382 
          15  1 0.0621 0.0896 0.1250 0.6122 0.1110 
          16  1 0.1677 0.2040 0.3548 0.1675 0.1060 
          17  1 0.1716 0.1532 0.2133 0.1290 0.3329 
          18  1 0.0993 0.2576 0.0768 0.2021 0.3642 
          19  1 0.0900 0.2659 0.1351 0.1450 0.3641 
          20  1 0.1744 0.1610 0.2887 0.0977 0.2783 
          21  1 0.2867 0.3609 0.1143 0.1466 0.0914 
          22  1 0.0924 0.2641 0.2286 0.1303 0.2845 
          23  1 0.2712 0.1551 0.1228 0.3408 0.1101 
          24  1 0.4188 0.1616 0.1457 0.1125 0.1615 
          25  1 0.1255 0.3555 0.1955 0.1620 0.1614 
          26  1 0.1681 0.2109 0.1344 0.2413 0.2453 
          27  1 0.1345 0.1643 0.3203 0.1480 0.2330 
          28  1 0.3693 0.1591 0.1275 0.2518 0.0923 
          29  1 0.0948 0.2496 0.1262 0.1937 0.3357 
          30  1 0.1590 0.2103 0.2025 0.1422 0.2860 
          31  1 0.3329 0.1844 0.1864 0.1136 0.1826 
          32  1 0.1264 0.1353 0.1210 0.4973 0.1200 
          33  1 0.1528 0.1493 0.1405 0.3518 0.2057 
          34  1 0.2144 0.2179 0.1069 0.2036 0.2572 
          35  1 0.1064 0.1799 0.1277 0.2458 0.3402 
          36  1 0.0835 0.1603 0.2010 0.3028 0.2525 
          37  1 0.2186 0.1852 0.1495 0.2388 0.2079 
          38  1 0.1485 0.2612 0.2003 0.1647 0.2254 
          39  1 0.2995 0.2521 0.1142 0.1864 0.1478 
          40  1 0.0791 0.3526 0.2626 0.1919 0.1138 
          41  1 0.4143 0.1858 0.1416 0.1141 0.1442 
          42  1 0.1357 0.1382 0.2685 0.3584 0.0991 
          43  1 0.1649 0.2969 0.1133 0.0958 0.3292 
          44  1 0.1827 0.1793 0.2704 0.1381 0.2295 
          45  1 0.2789 0.1788 0.1145 0.3035 0.1244 
          46  1 0.1254 0.2428 0.2616 0.2384 0.1318 
          47  1 0.1353 0.3218 0.2353 0.1100 0.1976 
          48  1 0.0755 0.1078 0.0895 0.6056 0.1216 
          49  1 0.1934 0.1478 0.2725 0.0640 0.3222 
          50  1 0.1042 0.1774 0.2847 0.1617 0.2720 
          51  1 0.2283 0.2792 0.1190 0.1164 0.2571 
          52  1 0.3772 0.1380 0.3033 0.0883 0.0931 
          53  1 0.1688 0.2829 0.1963 0.1350 0.2170 
          54  1 0.2229 0.1925 0.1375 0.1585 0.2886 
          55  1 0.1051 0.2474 0.1427 0.3863 0.1185 
          56  1 0.1500 0.1450 0.1106 0.5110 0.0835 
          57  1 0.2659 0.2033 0.2145 0.1322 0.1841 
          58  1 0.0774 0.1156 0.0616 0.6691 0.0764 
          59  1 0.1135 0.1881 0.2962 0.2930 0.1092 
          60  1 0.1538 0.1877 0.2757 0.1520 0.2307 
          61  1 0.1272 0.2162 0.3639 0.1094 0.1832 
          62  1 0.3468 0.2005 0.1903 0.1881 0.0743 
          63  1 0.2052 0.1666 0.3567 0.1387 0.1328 
          64  1 0.2975 0.2744 0.1532 0.1127 0.1622 
          65  1 0.1480 0.2746 0.2483 0.1448 0.1842 
          66  1 0.2175 0.2218 0.1916 0.1314 0.2377 
          67  1 0.5511 0.1421 0.1216 0.0770 0.1082 
          68  1 0.1125 0.1426 0.3965 0.1396 0.2088 
          69  1 0.3069 0.2498 0.2550 0.1058 0.0826 
          70  1 0.1872 0.1767 0.1641 0.3033 0.1686 
          71  1 0.4210 0.1829 0.1152 0.1239 0.1570 
          72  1 0.4716 0.1577 0.1279 0.1133 0.1295 
          73  1 0.1421 0.2081 0.1417 0.2776 0.2305 
          74  1 0.1785 0.2125 0.2864 0.1189 0.2038 
          75  1 0.2002 0.1577 0.1928 0.1741 0.2751 
          76  1 0.2066 0.2701 0.2467 0.1111 0.1655 
          77  1 0.1922 0.2033 0.1727 0.2599 0.1719 
          78  1 0.2221 0.3319 0.1608 0.0968 0.1883 
          79  1 0.4010 0.1250 0.0936 0.2604 0.1201 
          80  1 0.2241 0.1789 0.2917 0.1518 0.1535 
          81  1 0.3969 0.1717 0.2527 0.0786 0.1001 
          82  1 0.2252 0.2084 0.1605 0.3044 0.1016 
          83  1 0.0686 0.0765 0.6961 0.0687 0.0901 
          84  1 0.1483 0.1866 0.3403 0.1695 0.1552 
          85  1 0.2366 0.1982 0.1800 0.2459 0.1393 
          86  1 0.1573 0.2926 0.1709 0.2874 0.0918 
          87  1 0.4181 0.1906 0.2093 0.0731 0.1089 
          88  1 0.1553 0.2180 0.1316 0.3131 0.1820 
          89  1 0.1043 0.2300 0.2707 0.1202 0.2748 
          90  1 0.1314 0.2241 0.3292 0.2093 0.1059 
          91  1 0.2193 0.1966 0.2059 0.1968 0.1814 
          92  1 0.2551 0.1733 0.2051 0.2806 0.0859 
          93  1 0.2530 0.1768 0.2955 0.1046 0.1700 
          94  1 0.1744 0.2896 0.1592 0.0910 0.2858 
          95  1 0.2078 0.2492 0.1594 0.2423 0.1413 
          96  1 0.1744 0.1744 0.1774 0.1859 0.2879 
          97  1 0.4113 0.1679 0.1736 0.1256 0.1216 
          98  1 0.2117 0.1636 0.2904 0.1413 0.1931 
          99  1 0.3604 0.1775 0.2158 0.1092 0.1372 
         100  1 0.2629 0.1482 0.2025 0.1596 0.2268 
         101  1 0.2199 0.1921 0.2667 0.1166 0.2047 
         102  1 0.0945 0.1403 0.1820 0.4286 0.1546 
         103  1 0.0892 0.1345 0.1376 0.3367 0.3021 
         104  1 0.2612 0.2071 0.2037 0.1824 0.1456 
         105  1 0.2449 0.1542 0.1710 0.1451 0.2848 
         106  1 0.1779 0.2562 0.2127 0.1670 0.1862 
         107  1 0.2285 0.2720 0.1937 0.2202 0.0856 
         108  1 0.3228 0.1733 0.2058 0.2128 0.0853 
         109  1 0.1422 0.1554 0.3421 0.1305 0.2298 
         110  1 0.1255 0.1401 0.0981 0.1158 0.5206 
         111  1 0.0985 0.2773 0.1972 0.2422 0.1848 
         112  1 0.1186 0.1824 0.1601 0.1864 0.3525 
         113  1 0.2424 0.3118 0.1280 0.2070 0.1108 
         114  1 0.1060 0.1796 0.2300 0.1346 0.3497 
         115  1 0.2901 0.2100 0.2065 0.1884 0.1050 
         116  1 0.1529 0.2373 0.2547 0.2297 0.1254 
         117  1 0.1395 0.1516 0.0914 0.5067 0.1108 
         118  1 0.1595 0.1331 0.1477 0.1179 0.4418 
         119  1 0.0976 0.1841 0.1385 0.3749 0.2048 
         120  1 0.1049 0.1477 0.0904 0.4686 0.1884 
         121  1 0.1687 0.1699 0.2796 0.1207 0.2612 
         122  1 0.4258 0.1707 0.1975 0.0740 0.1320 
         123  1 0.1364 0.1433 0.1025 0.4895 0.1283 
         124  1 0.3231 0.2376 0.2102 0.1094 0.1197 
         125  1 0.1807 0.1388 0.1692 0.4298 0.0814 
         126  1 0.1565 0.3708 0.1653 0.1590 0.1485 
         127  1 0.3548 0.1894 0.1022 0.2197 0.1340 
         128  1 0.1796 0.2088 0.1577 0.3749 0.0791 
         129  1 0.4680 0.1536 0.1701 0.1219 0.0864 
         130  1 0.3030 0.2579 0.1045 0.0997 0.2349 
         131  1 0.2347 0.3067 0.2419 0.1163 0.1004 
         132  1 0.0942 0.1494 0.0867 0.5675 0.1022 
         133  1 0.1177 0.1746 0.0913 0.2511 0.3652 
         134  1 0.1521 0.2788 0.2263 0.1833 0.1595 
         135  1 0.1440 0.1568 0.0741 0.0803 0.5448 
         136  1 0.1229 0.1930 0.3008 0.2323 0.1509 
         137  1 0.2349 0.3114 0.1881 0.1483 0.1173 
         138  1 0.1787 0.2751 0.1340 0.2432 0.1689 
         139  1 0.2333 0.1811 0.0854 0.2744 0.2259 
         140  1 0.2628 0.1809 0.3476 0.1017 0.1071 
         141  1 0.2211 0.1645 0.0974 0.1906 0.3262 
         142  1 0.0885 0.1350 0.1524 0.5214 0.1028 
         143  1 0.2391 0.2781 0.2677 0.1154 0.0997 
         144  1 0.1219 0.1856 0.3142 0.1765 0.2017 
         145  1 0.1110 0.2155 0.1438 0.2138 0.3158 
         146  1 0.2110 0.2465 0.1754 0.1026 0.2645 
         147  1 0.1070 0.1802 0.3170 0.1777 0.2181 
         148  1 0.1954 0.1498 0.2616 0.1260 0.2672 
         149  1 0.1887 0.1665 0.1296 0.4050 0.1102 
         150  1 0.1907 0.1695 0.1290 0.0831 0.4277 
         151  1 0.2176 0.1529 0.1738 0.1065 0.3492 
         152  1 0.1832 0.2690 0.2361 0.1285 0.1833 
         153  1 0.1392 0.1533 0.3436 0.1470 0.2170 
         154  1 0.2283 0.1914 0.1939 0.2108 0.1756 
         155  1 0.1179 0.1252 0.1517 0.5061 0.0991 
         156  1 0.2867 0.1639 0.2072 0.1391 0.2030 
         157  1 0.1863 0.3169 0.1720 0.1909 0.1338 
         158  1 0.3037 0.3380 0.1199 0.1449 0.0936 
         159  1 0.2185 0.1489 0.1493 0.3505 0.1328 
         160  1 0.1923 0.2411 0.1269 0.3038 0.1358 
         161  1 0.0925 0.3247 0.0861 0.2665 0.2302 
         162  1 0.1652 0.1682 0.1330 0.1822 0.3514 
         163  1 0.1632 0.1815 0.1464 0.1683 0.3407 
         164  1 0.1111 0.1169 0.2131 0.4934 0.0655 
         165  1 0.1966 0.2386 0.2348 0.1563 0.1737 
         166  1 0.2886 0.2810 0.1403 0.1554 0.1347 
         167  1 0.1297 0.1099 0.0709 0.5891 0.1004 
         168  1 0.2197 0.1947 0.1812 0.1971 0.2074 
         169  1 0.2950 0.2758 0.1374 0.1415 0.1502 
         170  1 0.2471 0.1565 0.1239 0.0793 0.3932 
         171  1 0.1715 0.1691 0.1946 0.2825 0.1823 
         172  1 0.1624 0.1366 0.1611 0.1012 0.4387 
         173  1 0.2253 0.1981 0.1013 0.2992 0.1761 
         174  1 0.1445 0.2364 0.3102 0.1491 0.1598 
         175  1 0.2150 0.2508 0.1535 0.1072 0.2736 
         176  1 0.1268 0.1536 0.1620 0.0936 0.4640 
         177  1 0.2350 0.1375 0.4473 0.0905 0.0897 
         178  1 0.2909 0.2270 0.1737 0.1347 0.1737 
         179  1 0.1997 0.2178 0.1626 0.2661 0.1539 
         180  1 0.2516 0.1664 0.2390 0.1118 0.2312 
         181  1 0.1647 0.1646 0.1149 0.3863 0.1695 
         182  1 0.0729 0.0614 0.7461 0.0680 0.0515 
         183  1 0.0966 0.2912 0.1099 0.1510 0.3514 
         184  1 0.1937 0.1891 0.2381 0.1400 0.2391 
         185  1 0.1305 0.2514 0.1625 0.2401 0.2155 
         186  1 0.1184 0.1767 0.2248 0.2148 0.2653 
         187  1 0.1926 0.2128 0.1109 0.1282 0.3554 
         188  1 0.1058 0.1558 0.1672 0.3789 0.1924 
         189  1 0.1340 0.2304 0.2466 0.1242 0.2649 
         190  1 0.3160 0.1426 0.1533 0.1286 0.2595 
         191  1 0.1703 0.3129 0.1236 0.1959 0.1973 
         192  1 0.2394 0.2642 0.2569 0.1427 0.0967 
         193  1 0.1768 0.2294 0.1652 0.1587 0.2698 
         194  1 0.1076 0.2230 0.1551 0.3695 0.1449 
         195  1 0.4013 0.2267 0.1471 0.0995 0.1253 
         196  1 0.1656 0.2622 0.1287 0.1651 0.2783 
         197  1 0.0971 0.1370 0.2236 0.3904 0.1518 
         198  1 0.1905 0.1904 0.0861 0.1919 0.3411 
         199  1 0.1342 0.1508 0.4919 0.1477 0.0754 
         200  1 0.1898 0.1918 0.1071 0.2999 0.2113 
         201  1 0.2538 0.1575 0.3821 0.0897 0.1170 
         202  1 0.1326 0.1880 0.2792 0.1646 0.2355 
         203  1 0.2285 0.1910 0.2825 0.1751 0.1230 
         204  1 0.2206 0.1508 0.2599 0.1058 0.2629 
         205  1 0.2004 0.2291 0.2885 0.1468 0.1352 
         206  1 0.4047 0.1970 0.1681 0.1178 0.1124 
         207  1 0.1611 0.2857 0.2419 0.2035 0.1079 
         208  1 0.1813 0.1789 0.2381 0.1015 0.3002 
         209  1 0.2840 0.3018 0.1245 0.1882 0.1015 
         210  1 0.2293 0.2112 0.1600 0.1462 0.2534 
         211  1 0.2399 0.3017 0.2500 0.0815 0.1269 
         212  1 0.0768 0.1834 0.1246 0.2087 0.4064 
         213  1 0.2023 0.2061 0.1343 0.3001 0.1572 
         214  1 0.4613 0.2174 0.1231 0.0809 0.1173 
         215  1 0.1333 0.1776 0.1695 0.3080 0.2116 
         216  1 0.3436 0.2026 0.1283 0.1732 0.1524 
         217  1 0.1410 0.2678 0.1114 0.2474 0.2325 
         218  1 0.1646 0.1618 0.0957 0.4482 0.1297 
         219  1 0.1532 0.1429 0.1896 0.1317 0.3825 
         220  1 0.2186 0.2816 0.2410 0.1343 0.1245 
         221  1 0.1417 0.1051 0.5688 0.0956 0.0888 
         222  1 0.1669 0.2849 0.1305 0.2324 0.1854 
         223  1 0.1722 0.2700 0.1364 0.2880 0.1334 
         224  1 0.2765 0.2259 0.2110 0.1320 0.1545 
         225  1 0.3503 0.3076 0.1583 0.0880 0.0959 
         226  1 0.1618 0.1930 0.1149 0.2152 0.3150 
         227  1 0.3984 0.1789 0.1464 0.1583 0.1181 
         228  1 0.1861 0.1922 0.1802 0.2240 0.2175 
         229  1 0.1529 0.1959 0.2893 0.1820 0.1799 
         230  1 0.0817 0.1129 0.0989 0.1273 0.5791 
         231  1 0.1630 0.2822 0.1577 0.1687 0.2285 
         232  1 0.1581 0.2019 0.3574 0.2046 0.0780 
         233  1 0.1266 0.2183 0.0975 0.1243 0.4333 
         234  1 0.2329 0.2485 0.1326 0.1874 0.1986 
         235  1 0.1302 0.2097 0.2560 0.1534 0.2507 
         236  1 0.1023 0.1509 0.2129 0.3233 0.2107 
         237  1 0.1927 0.2330 0.2848 0.1709 0.1186 
         238  1 0.1463 0.3147 0.1543 0.1403 0.2444 
         239  1 0.2071 0.1346 0.1689 0.1313 0.3581 
         240  1 0.1288 0.1998 0.2475 0.2044 0.2195 
         241  1 0.3819 0.2007 0.1620 0.1129 0.1425 
         242  1 0.2408 0.1892 0.2779 0.1680 0.1242 
         243  1 0.2218 0.1641 0.1692 0.3193 0.1256 
         244  1 0.1985 0.2488 0.3299 0.1019 0.1208 
         245  1 0.1874 0.1405 0.1548 0.2445 0.2727 
         246  1 0.1676 0.1358 0.1589 0.3294 0.2083 
         247  1 0.2446 0.2005 0.1398 0.1241 0.2911 
         248  1 0.2223 0.2768 0.1076 0.1165 0.2768 
         249  1 0.2114 0.2201 0.1486 0.1494 0.2705 
         250  1 0.0953 0.1436 0.1427 0.4591 0.1593 
         251  1 0.1390 0.3119 0.1226 0.2516 0.1749 
         252  1 0.3599 0.2586 0.1599 0.1126 0.1090 
         253  1 0.2785 0.1524 0.1772 0.2686 0.1232 
         254  1 0.1471 0.1932 0.0995 0.1628 0.3974 
         255  1 0.1304 0.1265 0.4614 0.1272 0.1544 
         256  1 0.1818 0.2334 0.1378 0.3380 0.1091 
         257  1 0.4721 0.1351 0.0819 0.1239 0.1870 
         258  1 0.1506 0.1684 0.2915 0.1795 0.2100 
         259  1 0.3982 0.1664 0.1320 0.0982 0.2051 
         260  1 0.2907 0.1552 0.2244 0.2031 0.1266 
         261  1 0.2736 0.2032 0.1143 0.1237 0.2853 
         262  1 0.1463 0.1894 0.2570 0.1986 0.2087 
         263  1 0.2151 0.2499 0.1650 0.0961 0.2739 
         264  1 0.1536 0.2225 0.2636 0.1854 0.1748 
         265  1 0.1645 0.3056 0.2568 0.0925 0.1805 
         266  1 0.1946 0.2527 0.1216 0.2893 0.1418 
         267  1 0.0979 0.2453 0.3604 0.1217 0.1746 
         268  1 0.1594 0.1757 0.0834 0.1213 0.4602 
         269  1 0.2265 0.1319 0.2923 0.0877 0.2615 
         270  1 0.1648 0.2157 0.2753 0.0954 0.2487 
         271  1 0.1844 0.2531 0.1922 0.1871 0.1832 
         272  1 0.3486 0.1874 0.1282 0.1015 0.2343 
         273  1 0.1726 0.2339 0.2680 0.1785 0.1470 
         274  1 0.0888 0.1112 0.1238 0.0824 0.5938 
         275  1 0.1244 0.1420 0.3536 0.1017 0.2784 
         276  1 0.2576 0.1702 0.1342 0.3585 0.0794 
         277  1 0.1030 0.0837 0.6127 0.0811 0.1196 
         278  1 0.2667 0.1418 0.3377 0.0648 0.1890 
         279  1 0.1053 0.1745 0.2502 0.3034 0.1665 
         280  1 0.1600 0.1775 0.1888 0.2506 0.2231 
         281  1 0.2235 0.3185 0.1721 0.0860 0.2000 
         282  1 0.3799 0.1411 0.0993 0.1171 0.2626 
         283  1 0.1183 0.1562 0.2757 0.2895 0.1603 
         284  1 0.0998 0.1281 0.5192 0.1661 0.0868 
         285  1 0.3111 0.2502 0.1119 0.1711 0.1557 
         286  1 0.2181 0.2087 0.2933 0.1007 0.1793 
         287  1 0.0929 0.1337 0.1793 0.4384 0.1558 
         288  1 0.0611 0.0695 0.7431 0.0627 0.0636 
         289  1 0.1592 0.2101 0.1750 0.2103 0.2454 
         290  1 0.1811 0.3175 0.1175 0.1509 0.2329 
         291  1 0.1011 0.2593 0.0866 0.3073 0.2456 
         292  1 0.2487 0.2004 0.2073 0.2315 0.1122 
         293  1 0.1492 0.1344 0.0980 0.1696 0.4489 
         294  1 0.2879 0.1975 0.2066 0.1295 0.1786 
         295  1 0.1353 0.0979 0.0610 0.6432 0.0626 
         296  1 0.1081 0.1173 0.4698 0.1642 0.1406 
         297  1 0.1517 0.1722 0.2488 0.1461 0.2813 
         298  1 0.4426 0.1367 0.0747 0.1881 0.1578 
         299  1 0.1251 0.1076 0.0821 0.6167 0.0686 
         300  1 0.1833 0.1492 0.1817 0.1781 0.3078 
         301  1 0.1996 0.1696 0.1899 0.2691 0.1718 
         302  1 0.0665 0.1173 0.0878 0.6163 0.1121 
         303  1 0.1686 0.3095 0.1233 0.1162 0.2824 
         304  1 0.3732 0.1602 0.1254 0.1586 0.1826 
         305  1 0.1286 0.2541 0.1671 0.2237 0.2266 
         306  1 0.0918 0.1135 0.4097 0.3045 0.0805 
         307  1 0.2594 0.1918 0.1762 0.1964 0.1761 
         308  1 0.2115 0.2281 0.2500 0.1634 0.1470 
         309  1 0.2617 0.1678 0.2603 0.1018 0.2084 
         310  1 0.1196 0.2165 0.3445 0.1080 0.2114 
         311  1 0.1959 0.1419 0.3412 0.2240 0.0969 
         312  1 0.1612 0.1392 0.2752 0.1018 0.3226 
         313  1 0.1942 0.1705 0.2361 0.2330 0.1662 
         314  1 0.2252 0.2323 0.2342 0.2146 0.0938 
         315  1 0.2183 0.1644 0.2749 0.2478 0.0946 
         316  1 0.2147 0.2102 0.1938 0.1697 0.2116 
         317  1 0.1591 0.1319 0.2945 0.0890 0.3255 
         318  1 0.1352 0.1572 0.1156 0.0970 0.4949 
         319  1 0.1443 0.2540 0.1430 0.2652 0.1935 
         320  1 0.1473 0.1196 0.2205 0.4191 0.0935 
         321  1 0.1335 0.2607 0.1093 0.1568 0.3397 
         322  1 0.2229 0.2934 0.1581 0.1388 0.1868 
         323  1 0.1254 0.1241 0.4022 0.1939 0.1544 
         324  1 0.2446 0.3496 0.1441 0.1032 0.1585 
         325  1 0.1618 0.1602 0.1445 0.1432 0.3903 
         326  1 0.1642 0.1235 0.4950 0.0966 0.1206 
         327  1 0.1943 0.1823 0.1308 0.1957 0.2969 
         328  1 0.3209 0.2328 0.1263 0.1370 0.1830 
         329  1 0.3223 0.1909 0.2107 0.1479 0.1283 
         330  1 0.4117 0.2580 0.1460 0.0967 0.0875 
         331  1 0.1745 0.2295 0.2699 0.1613 0.1649 
         332  1 0.2552 0.2145 0.1385 0.1098 0.2820 
         333  1 0.2001 0.1791 0.3318 0.1312 0.1578 
         334  1 0.2013 0.1525 0.1869 0.0988 0.3605 
         335  1 0.2353 0.1757 0.2041 0.2121 0.1727 
         336  1 0.2237 0.1988 0.2766 0.1578 0.1431 
         337  1 0.1156 0.1650 0.1770 0.1758 0.3666 
         338  1 0.4262 0.1497 0.2011 0.1208 0.1022 
         339  1 0.3313 0.1876 0.1134 0.2656 0.1021 
         340  1 0.1732 0.2075 0.1379 0.1152 0.3663 
         341  1 0.0942 0.1894 0.1959 0.3991 0.1214 
         342  1 0.5145 0.1448 0.1090 0.1094 0.1223 
         343  1 0.4110 0.1104 0.2644 0.0860 0.1281 
         344  1 0.2196 0.1343 0.1431 0.0984 0.4046 
         345  1 0.2488 0.1417 0.3201 0.1262 0.1631 
         346  1 0.1786 0.2227 0.1595 0.2300 0.2093 
         347  1 0.3620 0.2586 0.1134 0.1648 0.1012 
         348  1 0.1815 0.1737 0.1510 0.2766 0.2173 
         349  1 0.1056 0.1331 0.4380 0.1318 0.1914 
         350  1 0.1919 0.2239 0.1500 0.2142 0.2200 
         351  1 0.1276 0.1941 0.1840 0.2215 0.2727 
         352  1 0.1905 0.1447 0.2137 0.1987 0.2525 
         353  1 0.1376 0.1757 0.2514 0.3375 0.0978 
         354  1 0.4556 0.1400 0.1697 0.1206 0.1141 
         355  1 0.1924 0.1888 0.2468 0.1420 0.2300 
         356  1 0.2737 0.1508 0.1516 0.2387 0.1853 
         357  1 0.1821 0.2534 0.1948 0.2077 0.1620 
         358  1 0.1636 0.1540 0.3451 0.1798 0.1575 
         359  1 0.1832 0.1554 0.1191 0.3972 0.1451 
         360  1 0.1137 0.2035 0.1387 0.2447 0.2994 
         361  1 0.2889 0.1507 0.1404 0.3066 0.1134 
         362  1 0.1771 0.1874 0.1894 0.1542 0.2920 
         363  1 0.1565 0.1903 0.1586 0.0993 0.3952 
         364  1 0.1802 0.1461 0.2372 0.1368 0.2997 
         365  1 0.1922 0.1800 0.1465 0.2219 0.2595 
         366  1 0.1607 0.1517 0.1748 0.3290 0.1839 
         367  1 0.1487 0.2024 0.1995 0.2415 0.2079 
         368  1 0.2948 0.3002 0.0792 0.2080 0.1179 
         369  1 0.1482 0.1974 0.2697 0.2872 0.0974 
         370  1 0.1794 0.1846 0.2545 0.2811 0.1005 
         371  1 0.1755 0.1163 0.3393 0.2634 0.1055 
         372  1 0.1354 0.1714 0.1507 0.3989 0.1435 
         373  1 0.1540 0.1934 0.2109 0.2601 0.1816 
         374  1 0.1494 0.2195 0.2406 0.1692 0.2213 
         375  1 0.2992 0.1919 0.2045 0.1251 0.1793 
         376  1 0.1400 0.2124 0.2010 0.1636 0.2830 
         377  1 0.1203 0.3915 0.0908 0.2625 0.1350 
         378  1 0.1291 0.3747 0.1690 0.1642 0.1631 
         379  1 0.0892 0.1223 0.1040 0.5557 0.1288 
         380  1 0.1495 0.3588 0.1070 0.2930 0.0917 
         381  1 0.1755 0.1933 0.2394 0.2011 0.1907 
         382  1 0.1952 0.1983 0.2534 0.1947 0.1584 
         383  1 0.2407 0.1535 0.2735 0.2183 0.1140 
         384  1 0.1165 0.1468 0.0675 0.3380 0.3312 
         385  1 0.2948 0.2171 0.1488 0.0873 0.2521 
         386  1 0.0874 0.1140 0.0731 0.6548 0.0708 
         387  1 0.2541 0.2984 0.1155 0.1721 0.1599 
         388  1 0.1186 0.1690 0.0917 0.4451 0.1757 
         389  1 0.1341 0.1237 0.4186 0.1436 0.1799 
         390  1 0.4468 0.1927 0.1250 0.1362 0.0993 
         391  1 0.2018 0.1755 0.0860 0.3945 0.1421 
         392  1 0.2576 0.1446 0.3016 0.1886 0.1076 
         393  1 0.1056 0.1421 0.0695 0.3745 0.3082 
         394  1 0.4860 0.1612 0.1936 0.0624 0.0969 
         395  1 0.1812 0.1543 0.2499 0.1587 0.2560 
         396  1 0.2006 0.1853 0.1471 0.1126 0.3544 
         397  1 0.1364 0.1208 0.2951 0.0854 0.3623 
         398  1 0.3198 0.2069 0.0984 0.2121 0.1627 
         399  1 0.2085 0.1879 0.1208 0.2871 0.1957 
         400  1 0.1031 0.1377 0.3144 0.3329 0.1120 
         401  1 0.1828 0.2463 0.0947 0.2159 0.2603 
         402  1 0.1652 0.2155 0.2009 0.1737 0.2447 
         403  1 0.2131 0.1663 0.3152 0.0722 0.2331 
         404  1 0.4196 0.1663 0.1731 0.1217 0.1194 
         405  1 0.2413 0.2053 0.1418 0.1112 0.3005 
         406  1 0.2708 0.2706 0.1763 0.1720 0.1104 
         407  1 0.0715 0.1389 0.1181 0.4571 0.2144 
         408  1 0.1677 0.2964 0.1572 0.1498 0.2289 
         409  1 0.2305 0.2075 0.1395 0.1869 0.2356 
         410  1 0.2228 0.2174 0.2136 0.1533 0.1929 
         411  1 0.1652 0.1898 0.3063 0.0739 0.2647 
         412  1 0.2590 0.2879 0.0630 0.1872 0.2029 
         413  1 0.1670 0.1615 0.3993 0.0712 0.2009 
         414  1 0.1498 0.3200 0.1182 0.2363 0.1757 
         415  1 0.2481 0.3561 0.0795 0.2242 0.0921 
         416  1 0.0781 0.1340 0.1136 0.0859 0.5885 
         417  1 0.3867 0.2311 0.0998 0.1655 0.1169 
         418  1 0.1936 0.2868 0.1718 0.1673 0.1805 
         419  1 0.2759 0.2649 0.1992 0.1552 0.1049 
         420  1 0.1268 0.2012 0.1948 0.0901 0.3871 
         421  1 0.2840 0.2579 0.1733 0.1080 0.1768 
         422  1 0.2694 0.2485 0.2075 0.1334 0.1412 
         423  1 0.1140 0.2823 0.1965 0.1450 0.2621 
         424  1 0.1722 0.1684 0.1948 0.0940 0.3706 
         425  1 0.1093 0.2713 0.2732 0.1987 0.1475 
         426  1 0.1967 0.2730 0.1252 0.3070 0.0982 
         427  1 0.3732 0.2191 0.0840 0.2118 0.1119 
         428  1 0.2618 0.2079 0.1435 0.1999 0.1869 
         429  1 0.1157 0.1117 0.3766 0.3030 0.0930 
         430  1 0.2351 0.3288 0.1475 0.1547 0.1339 
         431  1 0.1808 0.2282 0.2049 0.0972 0.2888 
         432  1 0.0969 0.1909 0.1854 0.2925 0.2343 
         433  1 0.1121 0.2462 0.1130 0.3065 0.2222 
         434  1 0.2546 0.1868 0.1407 0.1278 0.2901 
         435  1 0.2332 0.1724 0.1596 0.1551 0.2797 
         436  1 0.0964 0.3440 0.2938 0.1447 0.1211 
         437  1 0.1471 0.1852 0.1107 0.2817 0.2753 
         438  1 0.1356 0.1868 0.0737 0.4782 0.1258 
         439  1 0.2415 0.2927 0.2026 0.1425 0.1206 
         440  1 0.1266 0.1264 0.5206 0.1013 0.1251 
         441  1 0.1563 0.2224 0.1749 0.2736 0.1728 
         442  1 0.2414 0.1945 0.1946 0.0954 0.2741 
         443  1 0.1342 0.1607 0.2787 0.1977 0.2287 
         444  1 0.1885 0.1590 0.1379 0.3529 0.1617 
         445  1 0.2738 0.2121 0.2809 0.1545 0.0787 
         446  1 0.3820 0.1907 0.1599 0.1244 0.1430 
         447  1 0.2000 0.1569 0.1064 0.1340 0.4028 
         448  1 0.2307 0.1824 0.1262 0.2541 0.2066 
         449  1 0.0824 0.1216 0.3916 0.1746 0.2298 
         450  1 0.1344 0.1747 0.4213 0.0989 0.1708 
         451  1 0.1380 0.1464 0.3630 0.2374 0.1152 
         452  1 0.2571 0.1179 0.3749 0.1278 0.1222 
         453  1 0.1278 0.1929 0.2151 0.1937 0.2705 
         454  1 0.1192 0.1679 0.3569 0.0791 0.2768 
         455  1 0.3628 0.2763 0.1054 0.1516 0.1039 
         456  1 0.4357 0.1626 0.1253 0.1759 0.1005 
         457  1 0.0943 0.3436 0.1472 0.2948 0.1201 
         458  1 0.0887 0.1034 0.5679 0.1728 0.0672 
         459  1 0.2244 0.2130 0.1326 0.3177 0.1123 
         460  1 0.3040 0.1632 0.1366 0.1625 0.2336 
         461  1 0.0871 0.0952 0.0955 0.0718 0.6504 
         462  1 0.4285 0.2424 0.1222 0.0710 0.1359 
         463  1 0.1301 0.2616 0.1767 0.3304 0.1013 
         464  1 0.2225 0.2317 0.1527 0.2536 0.1395 
         465  1 0.3915 0.1966 0.1829 0.1210 0.1080 
         466  1 0.1224 0.2767 0.1074 0.3379 0.1556 
         467  1 0.1025 0.1804 0.4509 0.1388 0.1275 
         468  1 0.1475 0.1615 0.2612 0.2501 0.1797 
         469  1 0.1617 0.2343 0.1691 0.2672 0.1677 
         470  1 0.1484 0.2362 0.1040 0.3340 0.1774 
         471  1 0.0991 0.0816 0.6447 0.0874 0.0871 
         472  1 0.1185 0.1400 0.0853 0.4051 0.2511 
         473  1 0.1058 0.4008 0.1174 0.1515 0.2245 
         474  1 0.2320 0.1459 0.1743 0.1186 0.3292 
         475  1 0.2691 0.2601 0.1611 0.1788 0.1308 
         476  1 0.3249 0.1591 0.2096 0.2203 0.0862 
         477  1 0.1786 0.2911 0.2311 0.1309 0.1683 
         478  1 0.1237 0.1726 0.1001 0.1144 0.4892 
         479  1 0.2947 0.2253 0.2422 0.1136 0.1242 
         480  1 0.0923 0.1894 0.1141 0.1817 0.4225 
         481  1 0.1700 0.2731 0.2595 0.1566 0.1408 
         482  1 0.1261 0.1922 0.1110 0.3855 0.1854 
         483  1 0.3139 0.1454 0.2405 0.1931 0.1071 
         484  1 0.4098 0.2782 0.0843 0.0691 0.1586 
         485  1 0.4788 0.1858 0.1387 0.0936 0.1031 
         486  1 0.1561 0.1991 0.2292 0.1660 0.2496 
         487  1 0.1942 0.1879 0.1564 0.2815 0.1800 
         488  1 0.2642 0.2531 0.1541 0.2321 0.0966 
         489  1 0.2199 0.1861 0.1638 0.1487 0.2815 
         490  1 0.1454 0.2317 0.1269 0.3113 0.1847 
         491  1 0.0992 0.1520 0.0949 0.4827 0.1712 
         492  1 0.2015 0.2260 0.2751 0.1794 0.1181 
         493  1 0.1932 0.3422 0.1315 0.1839 0.1493 
         494  1 0.2442 0.2124 0.1323 0.3019 0.1091 
         495  1 0.0575 0.0892 0.6751 0.0737 0.1046 
         496  1 0.3484 0.1567 0.1423 0.0831 0.2695 
         497  1 0.0994 0.2548 0.1630 0.1169 0.3659 
         498  1 0.1203 0.1475 0.1820 0.1147 0.4355 
         499  1 0.1172 0.1724 0.1014 0.3769 0.2322 
         500  1 0.0978 0.1605 0.3246 0.3028 0.1144 
         501  1 0.2162 0.2011 0.2157 0.1289 0.2381 
         502  1 0.2237 0.2179 0.2442 0.1602 0.1541 
         503  1 0.1407 0.1875 0.1334 0.1597 0.3787 
         504  1 0.2251 0.2652 0.1073 0.0974 0.3050 
         505  1 0.1683 0.1857 0.2343 0.3049 0.1069 
         506  1 0.2230 0.2535 0.2272 0.1378 0.1585 
         507  1 0.2280 0.1367 0.2122 0.2278 0.1953 
         508  1 0.1955 0.1208 0.1291 0.0661 0.4886 
         509  1 0.2433 0.1888 0.3221 0.1410 0.1048 
         510  1 0.1830 0.2146 0.1587 0.0809 0.3628 
         511  1 0.1383 0.1756 0.1369 0.3687 0.1806 
         512  1 0.0952 0.1392 0.0827 0.0760 0.6068 
         513  1 0.1542 0.2181 0.3266 0.0763 0.2248 
         514  1 0.1905 0.1710 0.1358 0.1307 0.3720 
         515  1 0.0757 0.0979 0.0837 0.5962 0.1464 
         516  1 0.2585 0.1539 0.3264 0.1647 0.0965 
         517  1 0.2733 0.1929 0.3261 0.1264 0.0813 
         518  1 0.2434 0.1695 0.0984 0.0917 0.3970 
         519  1 0.1989 0.3615 0.1562 0.1182 0.1652 
         520  1 0.1321 0.1975 0.2483 0.2659 0.1562 
         521  1 0.2183 0.2784 0.1143 0.1645 0.2246 
         522  1 0.2897 0.2603 0.1732 0.1102 0.1666 
         523  1 0.1449 0.2450 0.1825 0.2464 0.1812 
         524  1 0.1113 0.1152 0.6231 0.0859 0.0645 
         525  1 0.1823 0.2304 0.1418 0.2919 0.1537 
         526  1 0.1350 0.1313 0.1684 0.2037 0.3617 
         527  1 0.1703 0.2287 0.1731 0.1690 0.2589 
         528  1 0.1723 0.1816 0.0771 0.4560 0.1131 
         529  1 0.1479 0.2720 0.2162 0.1756 0.1883 
         530  1 0.2279 0.2432 0.1097 0.2714 0.1479 
         531  1 0.3482 0.1606 0.1481 0.2473 0.0957 
         532  1 0.0726 0.1070 0.6748 0.0569 0.0887 
         533  1 0.0659 0.1061 0.0986 0.0969 0.6326 
         534  1 0.2298 0.2216 0.1290 0.2838 0.1358 
         535  1 0.0908 0.1698 0.2669 0.2601 0.2123 
         536  1 0.1172 0.2000 0.2453 0.1416 0.2959 
         537  1 0.1783 0.2035 0.1091 0.3127 0.1964 
         538  1 0.2563 0.2038 0.2492 0.1552 0.1355 
         539  1 0.1395 0.1833 0.1762 0.2354 0.2656 
         540  1 0.2108 0.1354 0.2452 0.2637 0.1449 
         541  1 0.2546 0.2560 0.1777 0.2033 0.1084 
         542  1 0.1279 0.1551 0.1310 0.4680 0.1180 
         543  1 0.1381 0.1943 0.0855 0.5097 0.0723 
         544  1 0.1139 0.2236 0.1384 0.4120 0.1122 
         545  1 0.1951 0.1723 0.1550 0.2467 0.2310 
         546  1 0.1179 0.1333 0.1392 0.4532 0.1564 
         547  1 0.2165 0.2443 0.2628 0.1417 0.1347 
         548  1 0.2568 0.1939 0.1648 0.1847 0.1999 
         549  1 0.2705 0.1960 0.1813 0.1657 0.1865 
         550  1 0.2134 0.1946 0.1157 0.1767 0.2995 
         551  1 0.1425 0.1667 0.1389 0.4058 0.1461 
         552  1 0.1531 0.1577 0.1508 0.1703 0.3680 
         553  1 0.2530 0.1893 0.2493 0.1146 0.1938 
         554  1 0.0886 0.1674 0.0684 0.5308 0.1448 
         555  1 0.3529 0.1880 0.1860 0.1203 0.1529 
         556  1 0.1226 0.1561 0.2048 0.0852 0.4313 
         557  1 0.2073 0.3191 0.1561 0.1610 0.1565 
         558  1 0.2063 0.1383 0.2367 0.3375 0.0812 
         559  1 0.3514 0.1758 0.1350 0.1599 0.1779 
         560  1 0.1828 0.2064 0.0874 0.3975 0.1259 
         561  1 0.3152 0.1838 0.2386 0.1334 0.1290 
         562  1 0.1140 0.1567 0.1547 0.3774 0.1972 
         563  1 0.2418 0.2861 0.1772 0.1734 0.1214 
         564  1 0.2610 0.1915 0.1430 0.1558 0.2487 
         565  1 0.2041 0.2364 0.1802 0.1963 0.1829 
         566  1 0.4024 0.1485 0.1319 0.1255 0.1917 
         567  1 0.2081 0.1901 0.2901 0.2113 0.1004 
         568  1 0.1062 0.2957 0.1109 0.2135 0.2737 
         569  1 0.1451 0.1442 0.3593 0.1031 0.2483 
         570  1 0.0905 0.1580 0.3176 0.2264 0.2076 
         571  1 0.2520 0.2092 0.1716 0.1850 0.1821 
         572  1 0.1020 0.1309 0.1044 0.1130 0.5497 
         573  1 0.3036 0.1730 0.1831 0.2302 0.1101 
         574  1 0.2258 0.2177 0.2964 0.1136 0.1465 
         575  1 0.2187 0.1138 0.3535 0.2100 0.1041 
         576  1 0.3479 0.2327 0.1045 0.1863 0.1286 
         577  1 0.2044 0.1577 0.1948 0.1325 0.3107 
         578  1 0.1147 0.1876 0.4203 0.1838 0.0937 
         579  1 0.2007 0.1671 0.2492 0.1923 0.1907 
         580  1 0.2938 0.2495 0.1188 0.0926 0.2452 
         581  1 0.0754 0.1754 0.3012 0.3371 0.1110 
         582  1 0.1405 0.2986 0.2857 0.1075 0.1677 
         583  1 0.2117 0.2244 0.1533 0.2800 0.1307 
         584  1 0.2384 0.2957 0.1207 0.2011 0.1442 
         585  1 0.2637 0.1605 0.2634 0.1257 0.1866 
         586  1 0.2944 0.1731 0.2111 0.2245 0.0970 
         587  1 0.1564 0.2119 0.2807 0.0877 0.2633 
         588  1 0.2835 0.1615 0.2930 0.1047 0.1572 
         589  1 0.1822 0.2517 0.1578 0.2559 0.1525 
         590  1 0.2072 0.1740 0.2957 0.1482 0.1748 
         591  1 0.1980 0.2883 0.1948 0.1988 0.1201 
         592  1 0.1675 0.1931 0.2326 0.1053 0.3014 
         593  1 0.1617 0.2249 0.2402 0.2582 0.1151 
         594  1 0.1298 0.2270 0.1145 0.3447 0.1841 
         595  1 0.1463 0.1935 0.1710 0.2566 0.2326 
         596  1 0.0924 0.2894 0.1900 0.1519 0.2763 
         597  1 0.1678 0.2226 0.1641 0.2234 0.2221 
         598  1 0.2054 0.1331 0.1722 0.3422 0.1472 
         599  1 0.1322 0.1506 0.2860 0.3460 0.0851 
         600  1 0.1431 0.2371 0.2204 0.1751 0.2243 
         601  1 0.3633 0.2042 0.1451 0.1023 0.1852 
         602  1 0.1275 0.1812 0.3164 0.1103 0.2645 
         603  1 0.2117 0.2589 0.1085 0.1676 0.2533 
         604  1 0.1178 0.3022 0.1205 0.2191 0.2404 
         605  1 0.2090 0.1836 0.1024 0.0741 0.4310 
         606  1 0.1955 0.1996 0.1365 0.3700 0.0983 
         607  1 0.4925 0.1733 0.1074 0.0875 0.1394 
         608  1 0.1174 0.3062 0.1587 0.1719 0.2459 
         609  1 0.2955 0.2114 0.1064 0.2266 0.1602 
         610  1 0.2960 0.1339 0.3623 0.1237 0.0840 
         611  1 0.2846 0.2511 0.2290 0.1347 0.1006 
         612  1 0.2223 0.1604 0.2923 0.1747 0.1504 
         613  1 0.1827 0.2320 0.2444 0.1368 0.2040 
         614  1 0.2027 0.2105 0.1386 0.2584 0.1898 
         615  1 0.1908 0.2041 0.1152 0.0703 0.4197 
         616  1 0.4048 0.1939 0.1601 0.1068 0.1342 
         617  1 0.1118 0.2940 0.2290 0.1783 0.1869 
         618  1 0.2358 0.1589 0.3562 0.0763 0.1728 
         619  1 0.2129 0.2945 0.2371 0.1676 0.0880 
         620  1 0.3140 0.1471 0.0792 0.3568 0.1029 
         621  1 0.1398 0.2376 0.1880 0.2217 0.2130 
         622  1 0.4591 0.1738 0.1054 0.0924 0.1694 
         623  1 0.3383 0.1939 0.1582 0.1404 0.1693 
         624  1 0.1681 0.1816 0.3631 0.0886 0.1986 
         625  1 0.3543 0.1447 0.1018 0.2384 0.1608 
         626  1 0.2359 0.1322 0.3993 0.0888 0.1437 
         627  1 0.1457 0.1811 0.0931 0.2523 0.3279 
         628  1 0.1440 0.2210 0.1278 0.1339 0.3733 
         629  1 0.2695 0.1894 0.2405 0.1359 0.1647 
         630  1 0.1951 0.1759 0.1352 0.2080 0.2859 
         631  1 0.1082 0.2096 0.1521 0.3036 0.2266 
         632  1 0.1569 0.1662 0.1102 0.4466 0.1201 
         633  1 0.2620 0.2054 0.1492 0.1693 0.2142 
         634  1 0.1291 0.1836 0.4291 0.0883 0.1699 
         635  1 0.3209 0.1325 0.1136 0.1058 0.3272 
         636  1 0.2308 0.1632 0.2041 0.1855 0.2164 
         637  1 0.1185 0.1988 0.1723 0.2095 0.3009 
         638  1 0.1287 0.1307 0.4598 0.0851 0.1957 
         639  1 0.2108 0.3188 0.1144 0.1466 0.2093 
         640  1 0.2362 0.1887 0.1847 0.1771 0.2132 
         641  1 0.2910 0.2311 0.1568 0.1590 0.1621 
         642  1 0.1385 0.1796 0.4353 0.1271 0.1195 
         643  1 0.1290 0.1699 0.1088 0.1392 0.4531 
         644  1 0.3197 0.1409 0.3802 0.0601 0.0991 
         645  1 0.1332 0.2053 0.1584 0.3337 0.1693 
         646  1 0.1831 0.1467 0.3145 0.1615 0.1942 
         647  1 0.1412 0.1347 0.1102 0.2288 0.3852 
         648  1 0.2941 0.3743 0.0823 0.1151 0.1342 
         649  1 0.2488 0.1405 0.2584 0.2707 0.0815 
         650  1 0.2967 0.1778 0.2479 0.1807 0.0969 
         651  1 0.0625 0.7617 0.0438 0.0741 0.0579 
         652  1 0.1168 0.1314 0.0773 0.5708 0.1037 
         653  1 0.0768 0.1271 0.1664 0.5240 0.1057 
         654  1 0.2483 0.2168 0.1294 0.1894 0.2162 
         655  1 0.3891 0.2207 0.0843 0.1087 0.1971 
         656  1 0.1264 0.0913 0.0742 0.0592 0.6489 
         657  1 0.1199 0.3000 0.2057 0.1683 0.2061 
         658  1 0.2955 0.1816 0.1114 0.3128 0.0987 
         659  1 0.2029 0.1963 0.1378 0.2590 0.2040 
         660  1 0.0720 0.1995 0.2662 0.2137 0.2487 
         661  1 0.0913 0.2312 0.4424 0.0691 0.1660 
         662  1 0.2102 0.1704 0.3993 0.0863 0.1339 
         663  1 0.1984 0.2639 0.1438 0.1417 0.2522 
         664  1 0.2671 0.1739 0.1482 0.2316 0.1791 
         665  1 0.1444 0.2149 0.1130 0.3249 0.2027 
         666  1 0.1403 0.3765 0.0978 0.2276 0.1578 
         667  1 0.2536 0.1830 0.2629 0.2202 0.0803 
         668  1 0.3300 0.3115 0.1011 0.1107 0.1467 
         669  1 0.2174 0.2639 0.1500 0.2417 0.1271 
         670  1 0.1190 0.1479 0.2680 0.2132 0.2519 
         671  1 0.0913 0.1008 0.1340 0.0890 0.5849 
         672  1 0.1018 0.1435 0.1124 0.5315 0.1108 
         673  1 0.1095 0.1815 0.2742 0.1348 0.3000 
         674  1 0.1467 0.2127 0.1744 0.1462 0.3201 
         675  1 0.1085 0.2003 0.0790 0.1174 0.4948 
         676  1 0.1557 0.2425 0.3987 0.0731 0.1300 
         677  1 0.2667 0.1389 0.3592 0.1323 0.1029 
         678  1 0.1925 0.1843 0.2252 0.1942 0.2038 
         679  1 0.1260 0.2110 0.1674 0.1685 0.3271 
         680  1 0.1881 0.1924 0.3439 0.1498 0.1258 
         681  1 0.1520 0.2066 0.0945 0.1816 0.3652 
         682  1 0.3579 0.2116 0.1272 0.0622 0.2411 
         683  1 0.3652 0.1609 0.1525 0.1186 0.2029 
         684  1 0.1308 0.2749 0.0766 0.3411 0.1765 
         685  1 0.1756 0.2050 0.1502 0.1618 0.3074 
         686  1 0.1715 0.2468 0.1417 0.2129 0.2271 
         687  1 0.1264 0.2719 0.1253 0.1370 0.3396 
         688  1 0.3526 0.2745 0.1307 0.1516 0.0905 
         689  1 0.1033 0.1149 0.0696 0.0593 0.6529 
         690  1 0.2291 0.2369 0.1167 0.2179 0.1995 
         691  1 0.0877 0.2333 0.1306 0.2604 0.2880 
         692  1 0.1287 0.1252 0.4713 0.1719 0.1029 
         693  1 0.2685 0.3002 0.2124 0.0921 0.1268 
         694  1 0.1678 0.1685 0.1939 0.3242 0.1455 
         695  1 0.1551 0.1576 0.1213 0.0907 0.4752 
         696  1 0.2128 0.1957 0.2372 0.2386 0.1158 
         697  1 0.1825 0.1596 0.2288 0.2953 0.1338 
         698  1 0.2638 0.1605 0.0866 0.1209 0.3681 
         699  1 0.1140 0.2060 0.1038 0.0966 0.4795 
         700  1 0.4650 0.1217 0.1842 0.1473 0.0818 
         701  1 0.2093 0.2321 0.1337 0.1777 0.2473 
         702  1 0.2398 0.1937 0.1586 0.2436 0.1643 
         703  1 0.1516 0.2612 0.3005 0.2083 0.0783 
         704  1 0.4507 0.1321 0.1973 0.0891 0.1308 
         705  1 0.1766 0.1693 0.1622 0.3705 0.1214 
         706  1 0.3327 0.1800 0.1841 0.1712 0.1320 
         707  1 0.3953 0.2064 0.1296 0.1241 0.1445 
         708  1 0.1720 0.1793 0.2164 0.3046 0.1277 
         709  1 0.1012 0.1865 0.3486 0.1206 0.2431 
         710  1 0.1188 0.1588 0.3137 0.2674 0.1413 
         711  1 0.1508 0.2167 0.1762 0.2968 0.1594 
         712  1 0.1101 0.2060 0.1280 0.0832 0.4727 
         713  1 0.3179 0.1793 0.1231 0.1875 0.1922 
         714  1 0.3309 0.2047 0.1562 0.1879 0.1203 
         715  1 0.2371 0.2563 0.1340 0.1849 0.1877 
         716  1 0.1363 0.1885 0.1481 0.1231 0.4041 
         717  1 0.1471 0.2765 0.1123 0.3452 0.1188 
         718  1 0.2479 0.1301 0.2772 0.2045 0.1403 
         719  1 0.4318 0.1574 0.2115 0.0734 0.1259 
         720  1 0.1774 0.1493 0.1370 0.4132 0.1230 
         721  1 0.1610 0.1514 0.2386 0.1124 0.3366 
         722  1 0.1326 0.2973 0.2079 0.2888 0.0734 
         723  1 0.2724 0.1741 0.2415 0.1399 0.1720 
         724  1 0.1135 0.1199 0.0813 0.1506 0.5346 
         725  1 0.1561 0.1742 0.2829 0.1195 0.2673 
         726  1 0.1815 0.1783 0.2709 0.1613 0.2080 
         727  1 0.1158 0.1645 0.1847 0.2741 0.2608 
         728  1 0.4662 0.1836 0.0904 0.1707 0.0892 
         729  1 0.2332 0.2982 0.1332 0.1051 0.2303 
         730  1 0.1738 0.1593 0.1543 0.4151 0.0975 
         731  1 0.1605 0.2175 0.1204 0.3254 0.1762 
         732  1 0.1976 0.1748 0.1499 0.3495 0.1282 
         733  1 0.1539 0.1699 0.1056 0.1794 0.3913 
         734  1 0.1760 0.2881 0.2172 0.1675 0.1512 
         735  1 0.4049 0.1778 0.1532 0.1576 0.1065 
         736  1 0.2803 0.2359 0.1481 0.2144 0.1213 
         737  1 0.0977 0.1091 0.1147 0.1172 0.5613 
         738  1 0.2558 0.2089 0.2082 0.1892 0.1380 
         739  1 0.1457 0.2643 0.1244 0.3325 0.1331 
         740  1 0.2085 0.1997 0.1250 0.2849 0.1819 
         741  1 0.1823 0.3189 0.1339 0.2094 0.1555 
         742  1 0.4390 0.1970 0.1531 0.1038 0.1072 
         743  1 0.0730 0.1494 0.0898 0.1011 0.5868 
         744  1 0.1474 0.1349 0.0974 0.1473 0.4730 
         745  1 0.4647 0.1310 0.1839 0.1075 0.1130 
         746  1 0.4194 0.1229 0.2601 0.0866 0.1110 
         747  1 0.1397 0.1199 0.1754 0.4345 0.1305 
         748  1 0.1714 0.1525 0.1700 0.1902 0.3159 
         749  1 0.2193 0.1503 0.1158 0.2084 0.3062 
         750  1 0.1822 0.2244 0.2349 0.1761 0.1824 
         751  1 0.1966 0.2157 0.1633 0.2791 0.1452 
         752  1 0.2702 0.1569 0.1079 0.0966 0.3683 
         753  1 0.1395 0.1468 0.1412 0.3027 0.2697 
         754  1 0.1515 0.1388 0.3347 0.2855 0.0895 
         755  1 0.1311 0.2041 0.1942 0.2198 0.2508 
         756  1 0.5803 0.1033 0.0879 0.1634 0.0651 
         757  1 0.2035 0.2977 0.1715 0.2003 0.1270 
         758  1 0.1091 0.1403 0.1781 0.4789 0.0936 
         759  1 0.2444 0.1651 0.2022 0.1461 0.2422 
         760  1 0.1592 0.1397 0.2236 0.0814 0.3961 
         761  1 0.1955 0.2009 0.2708 0.1780 0.1548 
         762  1 0.0939 0.1334 0.0984 0.5719 0.1024 
         763  1 0.2660 0.1971 0.2013 0.1143 0.2213 
         764  1 0.3239 0.2123 0.1915 0.1415 0.1308 
         765  1 0.1955 0.1404 0.4499 0.1035 0.1107 
         766  1 0.1967 0.2137 0.1181 0.3186 0.1530 
         767  1 0.0924 0.1433 0.1138 0.4720 0.1785 
         768  1 0.1708 0.2689 0.1523 0.2684 0.1396 
         769  1 0.2458 0.1577 0.3425 0.1555 0.0985 
