           1  1 0.0405 0.1014 0.2191 0.0802 0.2752 0.0872 0.0568 0.0795 0.0601 
           2  1 0.0491 0.1283 0.1746 0.0709 0.1539 0.1200 0.1131 0.1196 0.0705 
           3  1 0.2149 0.0862 0.0719 0.0818 0.0983 0.0476 0.0553 0.1046 0.2394 
           4  1 0.0333 0.0684 0.0737 0.0677 0.0733 0.0314 0.0588 0.0689 0.5245 
           5  1 0.0786 0.1156 0.0482 0.0451 0.1330 0.1792 0.2144 0.1173 0.0687 
           6  1 0.0440 0.0683 0.0813 0.1475 0.2416 0.1757 0.1215 0.0484 0.0717 
           7  1 0.4646 0.0462 0.0707 0.0345 0.0704 0.1703 0.0554 0.0357 0.0523 
           8  1 0.0937 0.1058 0.0793 0.1741 0.1729 0.0774 0.1030 0.1249 0.0690 
           9  1 0.1047 0.0734 0.0709 0.0513 0.0752 0.0514 0.1015 0.0613 0.4102 
          10  1 0.0292 0.1293 0.0559 0.4282 0.0827 0.0224 0.0530 0.1701 0.0292 
          11  1 0.0504 0.1239 0.0648 0.1639 0.0987 0.0712 0.1469 0.1540 0.1262 
          12  1 0.0327 0.1043 0.1827 0.2756 0.0899 0.0538 0.1181 0.0963 0.0465 
          13  1 0.0935 0.0649 0.0492 0.3707 0.0703 0.0432 0.0662 0.0761 0.1658 
          14  1 0.0674 0.0857 0.1216 0.0328 0.0798 0.0940 0.0916 0.0753 0.3517 
          15  1 0.0528 0.0310 0.0321 0.0212 0.0325 0.7235 0.0346 0.0333 0.0392 
          16  1 0.3170 0.0809 0.0475 0.0596 0.1002 0.1006 0.1685 0.0832 0.0426 
          17  1 0.0703 0.1441 0.1298 0.0697 0.0758 0.0398 0.0748 0.1993 0.1964 
          18  1 0.0234 0.0794 0.0374 0.0261 0.0927 0.0747 0.0435 0.1011 0.5217 
          19  1 0.0617 0.0896 0.1103 0.0470 0.2509 0.0653 0.0563 0.0930 0.2258 
          20  1 0.1901 0.1175 0.2917 0.0938 0.0841 0.0440 0.0449 0.0647 0.0692 
          21  1 0.0400 0.2205 0.0495 0.0861 0.1939 0.0660 0.0768 0.2269 0.0403 
          22  1 0.1325 0.0724 0.0958 0.0321 0.2561 0.0477 0.1833 0.0552 0.1248 
          23  1 0.0459 0.0932 0.0618 0.1774 0.0982 0.1929 0.2064 0.0842 0.0402 
          24  1 0.0547 0.0796 0.1187 0.4040 0.0854 0.0445 0.0597 0.0752 0.0781 
          25  1 0.0674 0.1993 0.1282 0.0386 0.1301 0.0382 0.0522 0.2803 0.0657 
          26  1 0.0492 0.0759 0.0529 0.0607 0.1098 0.1010 0.1016 0.0792 0.3697 
          27  1 0.1902 0.1072 0.0999 0.0671 0.1032 0.0667 0.0566 0.1225 0.1866 
          28  1 0.0572 0.1351 0.0569 0.2781 0.0770 0.1638 0.0512 0.1434 0.0373 
          29  1 0.0389 0.1570 0.2209 0.0418 0.1341 0.0750 0.0527 0.1709 0.1088 
          30  1 0.0656 0.1520 0.2272 0.0784 0.1248 0.0444 0.0801 0.1416 0.0858 
          31  1 0.0824 0.1211 0.1067 0.1474 0.1096 0.0397 0.1919 0.1200 0.0812 
          32  1 0.0401 0.0414 0.0526 0.0558 0.0530 0.6386 0.0328 0.0393 0.0464 
          33  1 0.0618 0.0909 0.1158 0.0616 0.0777 0.4158 0.0494 0.0777 0.0493 
          34  1 0.0410 0.1500 0.2100 0.0773 0.1263 0.1004 0.1063 0.1239 0.0647 
          35  1 0.0546 0.1284 0.3251 0.0447 0.0837 0.1830 0.0372 0.0742 0.0691 
          36  1 0.1287 0.0867 0.0823 0.0360 0.0892 0.1803 0.0391 0.1063 0.2512 
          37  1 0.0600 0.1059 0.1142 0.1189 0.1270 0.1259 0.1273 0.1077 0.1132 
          38  1 0.0962 0.0616 0.0597 0.0691 0.2418 0.1076 0.1030 0.0518 0.2092 
          39  1 0.0336 0.2256 0.1113 0.1094 0.0747 0.0650 0.0352 0.2915 0.0537 
          40  1 0.1837 0.0725 0.0487 0.0287 0.3513 0.0756 0.0860 0.0870 0.0666 
          41  1 0.0335 0.0763 0.0976 0.4779 0.0716 0.0449 0.0808 0.0781 0.0394 
          42  1 0.1829 0.0930 0.0775 0.0684 0.0752 0.2957 0.0666 0.1064 0.0342 
          43  1 0.0302 0.1610 0.1170 0.0607 0.1309 0.0264 0.0748 0.2038 0.1952 
          44  1 0.1334 0.1020 0.1289 0.1293 0.1396 0.0651 0.1067 0.0820 0.1129 
          45  1 0.0397 0.1082 0.0456 0.1401 0.1177 0.1098 0.2391 0.1069 0.0928 
          46  1 0.1861 0.1411 0.1054 0.0597 0.1225 0.1239 0.0465 0.1770 0.0377 
          47  1 0.0865 0.1613 0.1890 0.0607 0.1329 0.0319 0.1143 0.1780 0.0453 
          48  1 0.0361 0.0492 0.0417 0.0268 0.0496 0.6265 0.0535 0.0518 0.0648 
          49  1 0.1631 0.0639 0.1385 0.0983 0.0961 0.0276 0.0870 0.0391 0.2863 
          50  1 0.2028 0.0875 0.0882 0.0433 0.1276 0.0670 0.1380 0.0804 0.1653 
          51  1 0.0334 0.1315 0.3697 0.0578 0.0897 0.0346 0.1804 0.0701 0.0328 
          52  1 0.1589 0.0473 0.0427 0.4300 0.0700 0.0354 0.1229 0.0461 0.0466 
          53  1 0.1024 0.1031 0.1058 0.0745 0.2188 0.0476 0.1476 0.0948 0.1054 
          54  1 0.0603 0.1402 0.1396 0.0983 0.1042 0.0745 0.0656 0.1306 0.1867 
          55  1 0.0582 0.1614 0.0905 0.0368 0.1056 0.1465 0.0785 0.2149 0.1077 
          56  1 0.0578 0.0679 0.0377 0.0556 0.0732 0.4520 0.1300 0.0705 0.0553 
          57  1 0.0963 0.0844 0.1055 0.2076 0.1646 0.0624 0.1500 0.0663 0.0629 
          58  1 0.0191 0.0327 0.0301 0.0255 0.0407 0.7541 0.0375 0.0327 0.0276 
          59  1 0.1699 0.1496 0.0645 0.0420 0.1040 0.0872 0.1335 0.1950 0.0543 
          60  1 0.1376 0.1110 0.2627 0.0601 0.1047 0.0755 0.1559 0.0507 0.0417 
          61  1 0.2837 0.0912 0.1157 0.0537 0.1425 0.0394 0.1030 0.0913 0.0794 
          62  1 0.0778 0.0776 0.0488 0.3611 0.1238 0.1140 0.0613 0.0999 0.0355 
          63  1 0.2863 0.0828 0.0576 0.1071 0.1076 0.0603 0.1128 0.0867 0.0988 
          64  1 0.0670 0.1311 0.0683 0.2321 0.1570 0.0378 0.1048 0.1360 0.0659 
          65  1 0.0918 0.1454 0.0896 0.0594 0.1456 0.0517 0.0658 0.1986 0.1520 
          66  1 0.0601 0.1622 0.2203 0.0924 0.1005 0.0449 0.0549 0.1707 0.0939 
          67  1 0.0378 0.0860 0.0770 0.5246 0.0542 0.0211 0.0922 0.0727 0.0344 
          68  1 0.2311 0.1093 0.0837 0.0626 0.0668 0.0399 0.0436 0.1454 0.2177 
          69  1 0.0737 0.0613 0.0317 0.0790 0.1020 0.0297 0.5523 0.0405 0.0297 
          70  1 0.0768 0.0511 0.0488 0.1237 0.1035 0.2748 0.1034 0.0459 0.1721 
          71  1 0.0462 0.1199 0.1489 0.3542 0.0919 0.0655 0.0516 0.0859 0.0359 
          72  1 0.0426 0.0643 0.0683 0.4621 0.0788 0.0429 0.1310 0.0560 0.0541 
          73  1 0.0365 0.1619 0.1615 0.0624 0.0978 0.1249 0.0666 0.2092 0.0791 
          74  1 0.1979 0.0889 0.1702 0.0936 0.1457 0.0446 0.1178 0.0554 0.0858 
          75  1 0.0665 0.1168 0.2138 0.1224 0.0875 0.0675 0.1186 0.1157 0.0911 
          76  1 0.0848 0.2671 0.0767 0.0644 0.0781 0.0263 0.0574 0.2886 0.0568 
          77  1 0.0401 0.1915 0.1500 0.0870 0.0729 0.0768 0.0548 0.2795 0.0472 
          78  1 0.0467 0.2065 0.0584 0.0761 0.1137 0.0338 0.0900 0.2540 0.1209 
          79  1 0.0304 0.0611 0.0591 0.3386 0.0604 0.2787 0.0694 0.0543 0.0479 
          80  1 0.2159 0.1020 0.0968 0.1650 0.1141 0.0762 0.0545 0.0957 0.0797 
          81  1 0.1011 0.0564 0.0459 0.5780 0.0633 0.0282 0.0282 0.0514 0.0474 
          82  1 0.0718 0.0876 0.0778 0.1047 0.1352 0.2387 0.1555 0.0892 0.0396 
          83  1 0.7974 0.0246 0.0283 0.0281 0.0253 0.0245 0.0235 0.0227 0.0255 
          84  1 0.2634 0.1067 0.0901 0.0932 0.1195 0.0726 0.0600 0.1201 0.0744 
          85  1 0.0642 0.1342 0.0930 0.1156 0.1176 0.0854 0.1734 0.1525 0.0642 
          86  1 0.0978 0.1920 0.0826 0.0498 0.1361 0.1288 0.0581 0.2215 0.0334 
          87  1 0.0709 0.1366 0.0802 0.3999 0.0717 0.0229 0.0528 0.1308 0.0343 
          88  1 0.0419 0.1962 0.0817 0.0496 0.0975 0.1186 0.0854 0.2333 0.0957 
          89  1 0.1747 0.1090 0.1952 0.0418 0.1534 0.0629 0.0833 0.0875 0.0922 
          90  1 0.1524 0.0655 0.0520 0.0318 0.0729 0.0817 0.4719 0.0431 0.0287 
          91  1 0.1017 0.1528 0.0643 0.0898 0.0999 0.1076 0.0920 0.1695 0.1224 
          92  1 0.1138 0.0522 0.0451 0.2050 0.0977 0.2601 0.1403 0.0499 0.0358 
          93  1 0.1471 0.1450 0.0878 0.1533 0.0986 0.0422 0.0735 0.1707 0.0818 
          94  1 0.0503 0.1692 0.1950 0.0716 0.1606 0.0272 0.1094 0.1453 0.0714 
          95  1 0.0263 0.0627 0.0293 0.0413 0.0496 0.0428 0.6806 0.0314 0.0358 
          96  1 0.0637 0.1342 0.2609 0.1043 0.0948 0.0963 0.0740 0.1023 0.0695 
          97  1 0.0737 0.0756 0.0459 0.4270 0.0840 0.0568 0.0772 0.0802 0.0797 
          98  1 0.1829 0.1040 0.1086 0.1504 0.1175 0.0516 0.0728 0.1236 0.0885 
          99  1 0.0888 0.0804 0.0881 0.4074 0.1043 0.0497 0.0686 0.0669 0.0458 
         100  1 0.0735 0.0790 0.0735 0.1575 0.0867 0.0819 0.2003 0.0676 0.1800 
         101  1 0.1575 0.0973 0.1147 0.0895 0.1259 0.0454 0.1832 0.0796 0.1069 
         102  1 0.1153 0.0472 0.0406 0.0402 0.0674 0.4258 0.0332 0.0548 0.1757 
         103  1 0.0686 0.1155 0.1653 0.0357 0.0913 0.1717 0.1168 0.1023 0.1328 
         104  1 0.0590 0.1868 0.0960 0.1240 0.0880 0.0629 0.0764 0.2428 0.0641 
         105  1 0.0733 0.1085 0.1306 0.1760 0.1024 0.0614 0.1039 0.0932 0.1506 
         106  1 0.0899 0.1120 0.1462 0.1278 0.1927 0.0707 0.0737 0.1131 0.0739 
         107  1 0.1094 0.0672 0.0406 0.1640 0.2415 0.1325 0.1287 0.0690 0.0471 
         108  1 0.0928 0.0745 0.0370 0.2247 0.1079 0.0796 0.2674 0.0688 0.0473 
         109  1 0.1479 0.1403 0.1727 0.0715 0.0860 0.0437 0.0860 0.1658 0.0860 
         110  1 0.0321 0.0996 0.2446 0.0576 0.0830 0.0590 0.0502 0.0498 0.3241 
         111  1 0.1128 0.0608 0.0520 0.0406 0.1889 0.1875 0.0996 0.0627 0.1952 
         112  1 0.0645 0.1004 0.1194 0.0403 0.1155 0.1227 0.0797 0.0871 0.2703 
         113  1 0.0373 0.1721 0.0832 0.1094 0.1843 0.0759 0.0794 0.2108 0.0474 
         114  1 0.1119 0.0603 0.0438 0.0321 0.0654 0.0413 0.0509 0.0646 0.5296 
         115  1 0.1020 0.0759 0.0429 0.0997 0.1007 0.0639 0.4047 0.0596 0.0507 
         116  1 0.1513 0.0580 0.0541 0.0510 0.1401 0.1685 0.2534 0.0536 0.0700 
         117  1 0.0356 0.0710 0.0506 0.0622 0.0862 0.4474 0.0962 0.0810 0.0698 
         118  1 0.0604 0.0886 0.1878 0.0902 0.0699 0.0474 0.0384 0.0850 0.3322 
         119  1 0.0555 0.1174 0.0796 0.0364 0.0929 0.1698 0.0793 0.1364 0.2327 
         120  1 0.0319 0.1646 0.1383 0.0399 0.0723 0.2143 0.0569 0.2129 0.0688 
         121  1 0.2095 0.0900 0.1645 0.1021 0.1140 0.0411 0.1132 0.0597 0.1059 
         122  1 0.0869 0.0956 0.1214 0.4641 0.0658 0.0250 0.0349 0.0672 0.0390 
         123  1 0.0374 0.0525 0.0580 0.0888 0.0706 0.5410 0.0489 0.0517 0.0511 
         124  1 0.0825 0.1169 0.0521 0.1318 0.1244 0.0347 0.2648 0.1228 0.0699 
         125  1 0.0540 0.0892 0.0590 0.1295 0.0969 0.2635 0.1716 0.0993 0.0370 
         126  1 0.0745 0.1315 0.0925 0.0659 0.2187 0.0706 0.1529 0.1412 0.0523 
         127  1 0.0353 0.1855 0.0651 0.1602 0.0689 0.1570 0.0852 0.2001 0.0428 
         128  1 0.0665 0.0619 0.0440 0.0635 0.0831 0.4965 0.0930 0.0612 0.0302 
         129  1 0.0646 0.0590 0.0334 0.4328 0.0721 0.0524 0.1703 0.0655 0.0498 
         130  1 0.0261 0.1489 0.4570 0.1004 0.0825 0.0349 0.0659 0.0571 0.0271 
         131  1 0.0759 0.1460 0.0883 0.1474 0.1922 0.0368 0.0976 0.1680 0.0479 
         132  1 0.0359 0.0763 0.0555 0.0360 0.0626 0.5621 0.0499 0.0866 0.0352 
         133  1 0.0350 0.1082 0.2020 0.0435 0.1139 0.1340 0.0441 0.0875 0.2319 
         134  1 0.0961 0.1446 0.1077 0.0708 0.1157 0.0609 0.0712 0.1894 0.1437 
         135  1 0.0243 0.1430 0.5434 0.0652 0.0616 0.0345 0.0291 0.0352 0.0638 
         136  1 0.1862 0.1580 0.1076 0.0440 0.0986 0.0879 0.0476 0.1868 0.0832 
         137  1 0.0765 0.2857 0.0430 0.0560 0.0736 0.0608 0.0419 0.3264 0.0361 
         138  1 0.0683 0.1498 0.0564 0.0727 0.1650 0.1030 0.0685 0.1671 0.1493 
         139  1 0.0315 0.1524 0.1066 0.0831 0.1080 0.1209 0.1585 0.1365 0.1027 
         140  1 0.2660 0.0959 0.0543 0.2251 0.1001 0.0347 0.0677 0.1061 0.0499 
         141  1 0.0337 0.0829 0.0614 0.0760 0.0802 0.0921 0.0665 0.0761 0.4312 
         142  1 0.0609 0.0573 0.0503 0.0331 0.0530 0.5982 0.0500 0.0569 0.0401 
         143  1 0.1085 0.0699 0.0516 0.3022 0.2134 0.0438 0.0645 0.0900 0.0562 
         144  1 0.2334 0.1302 0.1173 0.0527 0.1121 0.0619 0.0609 0.1353 0.0963 
         145  1 0.0401 0.0768 0.0513 0.0383 0.0988 0.0565 0.2225 0.0760 0.3398 
         146  1 0.0916 0.1357 0.1816 0.0993 0.1478 0.0375 0.1167 0.1209 0.0689 
         147  1 0.2778 0.1049 0.0993 0.0438 0.1038 0.0621 0.0670 0.1169 0.1246 
         148  1 0.1744 0.1094 0.1465 0.0914 0.1024 0.0597 0.1308 0.0758 0.1096 
         149  1 0.0527 0.1322 0.0694 0.0721 0.0989 0.2372 0.0961 0.1625 0.0789 
         150  1 0.0404 0.1365 0.3149 0.1214 0.0954 0.0336 0.0447 0.0679 0.1451 
         151  1 0.0878 0.0783 0.1687 0.2531 0.0960 0.0619 0.0423 0.0502 0.1617 
         152  1 0.1297 0.1187 0.0836 0.0933 0.2444 0.0447 0.0930 0.1106 0.0820 
         153  1 0.2339 0.1109 0.1438 0.0888 0.0888 0.0545 0.0494 0.1325 0.0974 
         154  1 0.1045 0.1268 0.1072 0.1338 0.1465 0.0939 0.1078 0.1214 0.0581 
         155  1 0.0698 0.0655 0.0385 0.0542 0.0710 0.4534 0.0832 0.0667 0.0977 
         156  1 0.0612 0.1024 0.2172 0.1363 0.0792 0.0623 0.2428 0.0524 0.0462 
         157  1 0.0601 0.1301 0.0674 0.0720 0.2066 0.0599 0.1597 0.1584 0.0858 
         158  1 0.0290 0.3076 0.0336 0.0531 0.0625 0.0331 0.0816 0.3621 0.0373 
         159  1 0.0598 0.0876 0.1072 0.1276 0.1001 0.2271 0.1204 0.0957 0.0746 
         160  1 0.0521 0.1419 0.0705 0.0677 0.1489 0.1444 0.2030 0.1324 0.0391 
         161  1 0.0290 0.0965 0.1834 0.0418 0.2970 0.1591 0.0633 0.0725 0.0574 
         162  1 0.0386 0.1567 0.1835 0.0750 0.0806 0.0499 0.0851 0.1972 0.1334 
         163  1 0.0624 0.0841 0.1054 0.1015 0.1281 0.0934 0.0838 0.0791 0.2623 
         164  1 0.1251 0.0619 0.0343 0.0477 0.0482 0.5378 0.0439 0.0771 0.0239 
         165  1 0.1044 0.1964 0.0821 0.0622 0.1163 0.0482 0.0933 0.2116 0.0856 
         166  1 0.0629 0.0681 0.0691 0.1883 0.2474 0.0944 0.1236 0.0640 0.0823 
         167  1 0.0217 0.0334 0.0341 0.0437 0.0411 0.6783 0.0773 0.0297 0.0405 
         168  1 0.0523 0.1409 0.1868 0.1376 0.1009 0.0741 0.0586 0.1657 0.0831 
         169  1 0.0417 0.0578 0.0444 0.2135 0.1532 0.0816 0.0743 0.0625 0.2710 
         170  1 0.0527 0.0958 0.3565 0.1642 0.0801 0.0300 0.0411 0.0595 0.1199 
         171  1 0.1215 0.0898 0.1559 0.0831 0.1058 0.1266 0.1915 0.0715 0.0541 
         172  1 0.0733 0.0827 0.1140 0.0625 0.0737 0.0310 0.0761 0.0695 0.4171 
         173  1 0.0350 0.1589 0.1167 0.1208 0.0890 0.1093 0.0717 0.2095 0.0891 
         174  1 0.1312 0.1603 0.0985 0.0712 0.1148 0.0473 0.0476 0.2221 0.1070 
         175  1 0.0593 0.1511 0.2058 0.1560 0.1462 0.0438 0.0481 0.1229 0.0668 
         176  1 0.0517 0.1509 0.5264 0.0416 0.0522 0.0328 0.0366 0.0530 0.0547 
         177  1 0.2935 0.1542 0.0798 0.1117 0.0600 0.0339 0.0772 0.1642 0.0256 
         178  1 0.0642 0.1813 0.0664 0.1548 0.1320 0.0467 0.0988 0.1797 0.0762 
         179  1 0.0598 0.1354 0.0600 0.1057 0.1386 0.1077 0.1034 0.1647 0.1247 
         180  1 0.0994 0.1086 0.1678 0.1347 0.0865 0.0382 0.1948 0.0868 0.0832 
         181  1 0.0394 0.1061 0.1149 0.0605 0.1028 0.1717 0.2419 0.0960 0.0668 
         182  1 0.8106 0.0237 0.0201 0.0249 0.0229 0.0240 0.0303 0.0250 0.0185 
         183  1 0.0443 0.1038 0.2219 0.0408 0.2408 0.0590 0.1121 0.0644 0.1129 
         184  1 0.1066 0.1246 0.1831 0.0796 0.1087 0.0479 0.1286 0.1247 0.0962 
         185  1 0.0485 0.1208 0.1127 0.0702 0.1668 0.1164 0.1345 0.1249 0.1052 
         186  1 0.1087 0.1025 0.1712 0.0643 0.1366 0.1255 0.1226 0.0691 0.0995 
         187  1 0.0411 0.1348 0.2293 0.0696 0.1050 0.0581 0.0522 0.1251 0.1849 
         188  1 0.0818 0.0761 0.0530 0.0427 0.0902 0.3406 0.0836 0.0722 0.1598 
         189  1 0.1055 0.0612 0.0682 0.0558 0.1199 0.0421 0.2927 0.0475 0.2069 
         190  1 0.0566 0.0901 0.0816 0.2681 0.0751 0.0635 0.0637 0.0827 0.2186 
         191  1 0.0373 0.1457 0.1497 0.0852 0.1909 0.0816 0.0834 0.1470 0.0791 
         192  1 0.1168 0.1297 0.0910 0.1604 0.1086 0.0444 0.1288 0.1673 0.0530 
         193  1 0.0581 0.1301 0.1369 0.0754 0.1112 0.0516 0.0873 0.1537 0.1958 
         194  1 0.0547 0.1182 0.1435 0.0507 0.1169 0.2649 0.0477 0.1560 0.0474 
         195  1 0.0472 0.1329 0.0526 0.3745 0.0937 0.0319 0.0518 0.1565 0.0588 
         196  1 0.0608 0.0798 0.0620 0.0544 0.1427 0.0681 0.0709 0.0766 0.3847 
         197  1 0.1176 0.0610 0.0677 0.0481 0.0704 0.4721 0.0545 0.0572 0.0514 
         198  1 0.0302 0.0582 0.0516 0.0655 0.0705 0.0556 0.0825 0.0544 0.5314 
         199  1 0.4875 0.0691 0.0434 0.0465 0.0725 0.0593 0.1195 0.0736 0.0285 
         200  1 0.0365 0.0848 0.0854 0.0770 0.1180 0.1631 0.1887 0.0780 0.1685 
         201  1 0.2370 0.1526 0.0981 0.1175 0.0810 0.0333 0.0720 0.1708 0.0378 
         202  1 0.1481 0.1232 0.1889 0.0668 0.1339 0.0707 0.0898 0.1089 0.0698 
         203  1 0.0653 0.1554 0.1031 0.1580 0.0897 0.0523 0.1378 0.1924 0.0460 
         204  1 0.1632 0.1007 0.1280 0.0893 0.0928 0.0314 0.1423 0.0853 0.1670 
         205  1 0.1880 0.1176 0.0786 0.1144 0.1391 0.0795 0.0629 0.1260 0.0939 
         206  1 0.0688 0.1235 0.0677 0.2147 0.1005 0.0498 0.2054 0.1240 0.0456 
         207  1 0.0999 0.1677 0.1078 0.0674 0.1320 0.0525 0.0665 0.2291 0.0771 
         208  1 0.1283 0.1117 0.1835 0.0797 0.1109 0.0341 0.1762 0.0850 0.0906 
         209  1 0.0389 0.1479 0.0935 0.1423 0.1637 0.0677 0.1466 0.1639 0.0355 
         210  1 0.0479 0.1405 0.3765 0.1097 0.0900 0.0580 0.0673 0.0691 0.0411 
         211  1 0.0749 0.1919 0.0850 0.1458 0.1057 0.0256 0.0689 0.2508 0.0514 
         212  1 0.0485 0.0529 0.0487 0.0302 0.0794 0.0825 0.0365 0.0561 0.5652 
         213  1 0.0538 0.1126 0.0739 0.0970 0.1164 0.1603 0.1102 0.1400 0.1359 
         214  1 0.0656 0.0516 0.0554 0.4147 0.1321 0.0398 0.1406 0.0448 0.0553 
         215  1 0.0969 0.0725 0.0714 0.0534 0.1310 0.1734 0.1586 0.0747 0.1681 
         216  1 0.0328 0.1611 0.0548 0.1997 0.0910 0.0499 0.1287 0.1626 0.1193 
         217  1 0.0360 0.1351 0.0724 0.0462 0.1357 0.1203 0.0538 0.1634 0.2372 
         218  1 0.0312 0.0573 0.0420 0.0659 0.0759 0.3848 0.2012 0.0522 0.0895 
         219  1 0.0986 0.1146 0.2603 0.0732 0.0809 0.0563 0.1018 0.0782 0.1361 
         220  1 0.0691 0.1551 0.0943 0.0879 0.1662 0.0388 0.1260 0.1965 0.0660 
         221  1 0.5788 0.0422 0.0350 0.0756 0.0512 0.0390 0.0890 0.0432 0.0459 
         222  1 0.0331 0.1294 0.1061 0.0633 0.1432 0.0657 0.1702 0.1806 0.1084 
         223  1 0.0908 0.1280 0.0658 0.0653 0.1862 0.1083 0.1200 0.1428 0.0927 
         224  1 0.1395 0.1314 0.1369 0.1805 0.1248 0.0379 0.0734 0.1273 0.0483 
         225  1 0.0640 0.1576 0.0822 0.2042 0.1992 0.0283 0.0734 0.1602 0.0308 
         226  1 0.0414 0.1686 0.2751 0.0509 0.0893 0.1011 0.0685 0.1334 0.0718 
         227  1 0.0456 0.1395 0.0504 0.2664 0.0874 0.0624 0.1172 0.1611 0.0701 
         228  1 0.0741 0.1628 0.0854 0.0925 0.1035 0.1019 0.0974 0.1857 0.0966 
         229  1 0.2034 0.0871 0.0631 0.0551 0.1309 0.1222 0.1499 0.0799 0.1084 
         230  1 0.0368 0.0518 0.0768 0.0275 0.0491 0.0379 0.0427 0.0491 0.6281 
         231  1 0.0580 0.1953 0.2203 0.0503 0.1012 0.0621 0.0441 0.2281 0.0407 
         232  1 0.2585 0.1564 0.0567 0.0504 0.0805 0.0590 0.1170 0.1899 0.0317 
         233  1 0.0275 0.0689 0.0497 0.0459 0.0772 0.0432 0.0329 0.0874 0.5673 
         234  1 0.0453 0.1763 0.0936 0.1141 0.1455 0.0795 0.1125 0.1718 0.0614 
         235  1 0.1186 0.1127 0.2627 0.0484 0.1175 0.0539 0.1476 0.0781 0.0605 
         236  1 0.0818 0.0581 0.0371 0.0370 0.0688 0.1850 0.0972 0.0705 0.3645 
         237  1 0.1538 0.1829 0.0767 0.0862 0.1110 0.0711 0.0559 0.2141 0.0483 
         238  1 0.0688 0.0758 0.1040 0.0550 0.2743 0.0690 0.1754 0.0568 0.1208 
         239  1 0.0906 0.0897 0.1213 0.1287 0.0819 0.0677 0.0739 0.0763 0.2701 
         240  1 0.1130 0.1421 0.1517 0.0707 0.1234 0.1104 0.0638 0.1567 0.0682 
         241  1 0.0828 0.1270 0.0817 0.2195 0.1080 0.0358 0.1202 0.1339 0.0910 
         242  1 0.2265 0.0586 0.0548 0.1369 0.1172 0.0749 0.1497 0.0601 0.1214 
         243  1 0.0748 0.0736 0.0738 0.1565 0.0974 0.2662 0.1252 0.0769 0.0556 
         244  1 0.1849 0.1898 0.0516 0.0565 0.0814 0.0308 0.1450 0.2140 0.0459 
         245  1 0.0552 0.1014 0.2139 0.1140 0.0805 0.2287 0.0701 0.0658 0.0705 
         246  1 0.0727 0.0774 0.0540 0.0842 0.0763 0.1514 0.1145 0.0830 0.2865 
         247  1 0.0429 0.1731 0.0758 0.0896 0.0734 0.0350 0.0610 0.2092 0.2399 
         248  1 0.0343 0.2760 0.0867 0.0580 0.0744 0.0324 0.0388 0.3038 0.0957 
         249  1 0.0648 0.0960 0.2265 0.1060 0.1472 0.0539 0.1526 0.0627 0.0901 
         250  1 0.0564 0.0567 0.0537 0.0421 0.0833 0.4070 0.1474 0.0517 0.1016 
         251  1 0.0655 0.1397 0.1477 0.0534 0.2065 0.0948 0.0743 0.1452 0.0730 
         252  1 0.0490 0.1083 0.1182 0.4041 0.1087 0.0500 0.0516 0.0839 0.0262 
         253  1 0.0776 0.0706 0.0583 0.2137 0.0883 0.2423 0.1396 0.0587 0.0510 
         254  1 0.0311 0.0808 0.1023 0.0515 0.1135 0.0905 0.0972 0.0579 0.3753 
         255  1 0.4636 0.0661 0.0722 0.0621 0.0646 0.0510 0.1067 0.0584 0.0553 
         256  1 0.0545 0.1026 0.0549 0.0814 0.1504 0.1418 0.2793 0.0932 0.0420 
         257  1 0.0255 0.0637 0.1174 0.4289 0.0692 0.0569 0.1187 0.0520 0.0678 
         258  1 0.1294 0.0995 0.1025 0.0508 0.0885 0.0737 0.3113 0.0771 0.0671 
         259  1 0.0513 0.0861 0.0553 0.2247 0.0893 0.0382 0.1032 0.0822 0.2697 
         260  1 0.1240 0.1404 0.0793 0.1745 0.0903 0.0705 0.1030 0.1539 0.0642 
         261  1 0.0356 0.1912 0.1383 0.1071 0.0945 0.0465 0.0652 0.1999 0.1217 
         262  1 0.1376 0.1259 0.1994 0.0560 0.1025 0.0706 0.1320 0.1147 0.0613 
         263  1 0.0494 0.1007 0.1227 0.0473 0.0933 0.0301 0.4155 0.0768 0.0642 
         264  1 0.2475 0.1086 0.0472 0.0708 0.0921 0.0693 0.0603 0.1176 0.1866 
         265  1 0.1494 0.1184 0.0872 0.0708 0.1970 0.0335 0.1904 0.1017 0.0516 
         266  1 0.0376 0.1004 0.1972 0.0736 0.1363 0.2545 0.1045 0.0678 0.0282 
         267  1 0.3326 0.0620 0.0904 0.0521 0.1772 0.0335 0.1389 0.0519 0.0615 
         268  1 0.0285 0.0411 0.0400 0.0815 0.0608 0.0418 0.0424 0.0434 0.6205 
         269  1 0.1507 0.1205 0.2706 0.1644 0.0693 0.0413 0.0537 0.0675 0.0620 
         270  1 0.1491 0.1151 0.1651 0.0785 0.1500 0.0284 0.1000 0.0968 0.1171 
         271  1 0.0863 0.1248 0.1024 0.1041 0.1714 0.1204 0.0787 0.1263 0.0857 
         272  1 0.0419 0.0900 0.0521 0.1942 0.0785 0.0316 0.0572 0.0946 0.3598 
         273  1 0.2150 0.1106 0.0552 0.0707 0.1358 0.0734 0.0939 0.1296 0.1157 
         274  1 0.0501 0.0660 0.1263 0.0376 0.0598 0.0291 0.0386 0.0515 0.5410 
         275  1 0.2439 0.1123 0.2169 0.0585 0.0717 0.0460 0.0513 0.0981 0.1012 
         276  1 0.0591 0.1195 0.0422 0.1494 0.0997 0.2582 0.1040 0.1275 0.0403 
         277  1 0.6875 0.0397 0.0678 0.0413 0.0340 0.0307 0.0328 0.0308 0.0354 
         278  1 0.2514 0.0793 0.0970 0.2827 0.0709 0.0250 0.0505 0.0728 0.0703 
         279  1 0.1619 0.1130 0.0781 0.0472 0.1234 0.1205 0.1151 0.1413 0.0995 
         280  1 0.0672 0.1060 0.0460 0.0561 0.0802 0.0742 0.1356 0.1194 0.3154 
         281  1 0.0894 0.0721 0.1159 0.1383 0.3158 0.0398 0.0763 0.0551 0.0972 
         282  1 0.0355 0.0796 0.2289 0.2100 0.0704 0.0465 0.1973 0.0481 0.0836 
         283  1 0.1806 0.1027 0.0938 0.0583 0.1035 0.1993 0.0987 0.0998 0.0634 
         284  1 0.5561 0.0689 0.0403 0.0362 0.0628 0.0566 0.0510 0.0797 0.0483 
         285  1 0.0410 0.2343 0.0601 0.0931 0.1045 0.0625 0.0747 0.2329 0.0969 
         286  1 0.2126 0.0580 0.0530 0.0970 0.1334 0.0342 0.1764 0.0492 0.1864 
         287  1 0.1110 0.0928 0.0765 0.0442 0.0887 0.2772 0.1096 0.0907 0.1092 
         288  1 0.8285 0.0237 0.0202 0.0191 0.0213 0.0195 0.0226 0.0253 0.0198 
         289  1 0.0605 0.1344 0.1911 0.0873 0.1207 0.0985 0.0616 0.1190 0.1269 
         290  1 0.0315 0.2238 0.0861 0.0502 0.0640 0.0327 0.0295 0.2949 0.1872 
         291  1 0.0344 0.0773 0.1180 0.0348 0.1848 0.2582 0.1247 0.0612 0.1066 
         292  1 0.1153 0.0702 0.0700 0.1906 0.1449 0.1540 0.1391 0.0770 0.0389 
         293  1 0.0417 0.0686 0.1425 0.0960 0.0882 0.0955 0.0498 0.0459 0.3719 
         294  1 0.0933 0.1209 0.1140 0.1453 0.1268 0.0442 0.1653 0.1165 0.0736 
         295  1 0.0213 0.0526 0.0370 0.0565 0.0483 0.6342 0.0633 0.0559 0.0310 
         296  1 0.4861 0.0706 0.0680 0.0395 0.0586 0.0607 0.0930 0.0680 0.0554 
         297  1 0.1601 0.1382 0.2430 0.0717 0.0943 0.0500 0.0533 0.1294 0.0600 
         298  1 0.0221 0.0763 0.0547 0.3983 0.0730 0.1056 0.0894 0.0706 0.1100 
         299  1 0.0305 0.0496 0.0376 0.0518 0.0451 0.6483 0.0450 0.0567 0.0354 
         300  1 0.1004 0.1076 0.2620 0.0815 0.0955 0.0783 0.1058 0.0742 0.0946 
         301  1 0.1013 0.0941 0.1500 0.0922 0.1199 0.1839 0.1221 0.0809 0.0557 
         302  1 0.0281 0.0325 0.0326 0.0241 0.0377 0.7411 0.0314 0.0344 0.0380 
         303  1 0.0443 0.1035 0.0891 0.0792 0.2333 0.0361 0.0549 0.1150 0.2446 
         304  1 0.0457 0.0645 0.0540 0.3406 0.0841 0.0642 0.1075 0.0698 0.1696 
         305  1 0.0450 0.1813 0.1131 0.0522 0.1210 0.0437 0.1543 0.2214 0.0680 
         306  1 0.3509 0.0409 0.0343 0.0398 0.0561 0.3143 0.0914 0.0370 0.0353 
         307  1 0.0784 0.1079 0.0754 0.1963 0.1406 0.1091 0.0583 0.1039 0.1302 
         308  1 0.0782 0.1314 0.0906 0.0786 0.1164 0.0556 0.2224 0.1475 0.0794 
         309  1 0.2249 0.0699 0.0777 0.2539 0.1018 0.0502 0.0535 0.0709 0.0971 
         310  1 0.2854 0.0960 0.1510 0.0572 0.1300 0.0568 0.0857 0.0752 0.0628 
         311  1 0.2710 0.0621 0.0682 0.1592 0.0930 0.1762 0.0801 0.0551 0.0349 
         312  1 0.1591 0.1031 0.2755 0.0771 0.0933 0.0461 0.0837 0.0567 0.1055 
         313  1 0.1639 0.0963 0.0717 0.0927 0.1002 0.2117 0.0772 0.0953 0.0910 
         314  1 0.1632 0.0847 0.0452 0.0803 0.1584 0.0636 0.2628 0.0790 0.0627 
         315  1 0.1372 0.1352 0.0936 0.1037 0.0955 0.0739 0.2105 0.1234 0.0270 
         316  1 0.0572 0.0717 0.0808 0.0600 0.0894 0.0502 0.4431 0.0428 0.1047 
         317  1 0.0995 0.1293 0.2606 0.0694 0.0772 0.0283 0.1513 0.0946 0.0899 
         318  1 0.0341 0.1522 0.5270 0.0684 0.0622 0.0452 0.0330 0.0361 0.0418 
         319  1 0.0548 0.1519 0.1422 0.0596 0.1452 0.1166 0.0674 0.1836 0.0788 
         320  1 0.1246 0.0876 0.0462 0.0797 0.0677 0.3351 0.1003 0.1097 0.0491 
         321  1 0.0617 0.1752 0.1390 0.0480 0.1428 0.0434 0.0703 0.1894 0.1300 
         322  1 0.0782 0.1603 0.0496 0.0880 0.1485 0.0521 0.1176 0.1792 0.1265 
         323  1 0.2802 0.1181 0.1161 0.0745 0.0615 0.1133 0.0552 0.1312 0.0499 
         324  1 0.0407 0.1640 0.1434 0.1312 0.1673 0.0368 0.0998 0.1776 0.0393 
         325  1 0.0515 0.0620 0.0680 0.0658 0.0742 0.0577 0.1042 0.0619 0.4547 
         326  1 0.3660 0.0810 0.0647 0.1541 0.0771 0.0354 0.0666 0.0874 0.0676 
         327  1 0.0477 0.1348 0.1632 0.0849 0.0961 0.0721 0.0921 0.1423 0.1668 
         328  1 0.0404 0.1201 0.1572 0.1575 0.1285 0.0446 0.2296 0.0839 0.0382 
         329  1 0.0821 0.1506 0.0780 0.2340 0.1001 0.0579 0.0804 0.1709 0.0461 
         330  1 0.0329 0.2549 0.0449 0.1235 0.0650 0.0254 0.1438 0.2782 0.0313 
         331  1 0.0996 0.1278 0.1705 0.1397 0.1390 0.0756 0.0485 0.1284 0.0710 
         332  1 0.0497 0.0970 0.2046 0.2123 0.1385 0.0443 0.0499 0.0795 0.1242 
         333  1 0.1406 0.1401 0.1846 0.1275 0.0872 0.0493 0.0724 0.1593 0.0390 
         334  1 0.0943 0.1046 0.2704 0.0929 0.0951 0.0376 0.1570 0.0505 0.0974 
         335  1 0.0849 0.1248 0.0922 0.2003 0.0919 0.0684 0.0486 0.1669 0.1221 
         336  1 0.1596 0.1407 0.0758 0.0898 0.1106 0.0583 0.1259 0.1504 0.0890 
         337  1 0.1000 0.1284 0.2154 0.0566 0.1190 0.0873 0.0527 0.1095 0.1311 
         338  1 0.0731 0.1188 0.0464 0.2556 0.0774 0.0486 0.2057 0.1215 0.0529 
         339  1 0.0388 0.1230 0.0563 0.2129 0.1017 0.2150 0.0793 0.1238 0.0493 
         340  1 0.0617 0.1207 0.1112 0.0662 0.1153 0.0400 0.0615 0.1276 0.2958 
         341  1 0.0816 0.0921 0.0610 0.0433 0.1494 0.2154 0.1365 0.1031 0.1177 
         342  1 0.0259 0.0618 0.0679 0.5623 0.0520 0.0345 0.0939 0.0681 0.0336 
         343  1 0.0790 0.0628 0.0466 0.2784 0.0525 0.0261 0.3264 0.0446 0.0835 
         344  1 0.0659 0.0952 0.2082 0.1082 0.0695 0.0316 0.0575 0.0768 0.2871 
         345  1 0.2310 0.0746 0.1048 0.2067 0.0955 0.0578 0.0851 0.0652 0.0793 
         346  1 0.0556 0.1380 0.1259 0.0875 0.1435 0.0872 0.1526 0.1484 0.0615 
         347  1 0.0348 0.2130 0.0467 0.1329 0.1005 0.0498 0.1334 0.2319 0.0570 
         348  1 0.0515 0.1116 0.0998 0.0817 0.1242 0.1422 0.1493 0.1224 0.1173 
         349  1 0.3585 0.0884 0.0824 0.0590 0.0894 0.0500 0.0504 0.1094 0.1125 
         350  1 0.0506 0.1126 0.1324 0.1395 0.1693 0.1292 0.0857 0.0964 0.0842 
         351  1 0.0823 0.0754 0.0874 0.0445 0.1201 0.1133 0.1262 0.0717 0.2792 
         352  1 0.1278 0.0632 0.0646 0.1424 0.0932 0.1257 0.0968 0.0612 0.2251 
         353  1 0.1261 0.1596 0.0766 0.0571 0.1090 0.1460 0.1025 0.1883 0.0349 
         354  1 0.0818 0.1387 0.0655 0.3050 0.0847 0.0549 0.0869 0.1410 0.0415 
         355  1 0.1843 0.0813 0.1084 0.1206 0.1279 0.1247 0.0723 0.0670 0.1135 
         356  1 0.0697 0.0718 0.0855 0.1885 0.1051 0.1632 0.1685 0.0590 0.0887 
         357  1 0.0568 0.1706 0.1385 0.1119 0.1031 0.0681 0.0574 0.2217 0.0719 
         358  1 0.2692 0.0724 0.0532 0.1051 0.1025 0.1132 0.0599 0.0744 0.1502 
         359  1 0.0562 0.1037 0.0794 0.0748 0.1010 0.2814 0.1291 0.1105 0.0640 
         360  1 0.0643 0.0903 0.1023 0.0422 0.1100 0.0835 0.1525 0.0823 0.2727 
         361  1 0.0554 0.0572 0.0518 0.1836 0.0836 0.3022 0.1421 0.0575 0.0666 
         362  1 0.0982 0.1435 0.1930 0.1110 0.1284 0.0932 0.0478 0.1108 0.0742 
         363  1 0.0540 0.1253 0.2231 0.0668 0.1121 0.0394 0.0883 0.0894 0.2017 
         364  1 0.1556 0.1114 0.2384 0.0826 0.0892 0.0514 0.0885 0.0909 0.0920 
         365  1 0.0695 0.1393 0.1424 0.0708 0.1114 0.1122 0.1361 0.1052 0.1132 
         366  1 0.0656 0.1183 0.0841 0.0835 0.0789 0.1346 0.1012 0.1453 0.1886 
         367  1 0.1253 0.0851 0.0986 0.0849 0.1563 0.1575 0.1249 0.0814 0.0861 
         368  1 0.0231 0.3062 0.0558 0.0619 0.0469 0.0673 0.0399 0.3629 0.0360 
         369  1 0.1365 0.1803 0.1007 0.0524 0.1032 0.0747 0.0672 0.2348 0.0503 
         370  1 0.2104 0.1311 0.0673 0.0761 0.1148 0.1179 0.0924 0.1486 0.0413 
         371  1 0.2191 0.0692 0.0525 0.1014 0.0793 0.1775 0.1434 0.0737 0.0840 
         372  1 0.0617 0.0537 0.0486 0.0540 0.0785 0.5066 0.0567 0.0585 0.0817 
         373  1 0.1123 0.1002 0.1150 0.0906 0.1444 0.1707 0.0659 0.0962 0.1047 
         374  1 0.1721 0.0743 0.0371 0.0759 0.0956 0.0689 0.0447 0.1031 0.3284 
         375  1 0.0837 0.0705 0.0643 0.1574 0.1099 0.0539 0.1789 0.0646 0.2168 
         376  1 0.0814 0.1166 0.0847 0.0438 0.1245 0.0479 0.1990 0.1408 0.1613 
         377  1 0.0293 0.1170 0.0649 0.0380 0.2865 0.1197 0.1081 0.1531 0.0833 
         378  1 0.0511 0.0896 0.0935 0.0594 0.3522 0.0837 0.1351 0.0799 0.0556 
         379  1 0.0354 0.0317 0.0319 0.0335 0.0436 0.6840 0.0409 0.0324 0.0665 
         380  1 0.0390 0.1953 0.1234 0.0608 0.1532 0.0872 0.0545 0.2546 0.0320 
         381  1 0.1279 0.1365 0.1356 0.0678 0.1257 0.0957 0.1273 0.1290 0.0545 
         382  1 0.1144 0.1135 0.1209 0.1306 0.1262 0.1009 0.1133 0.1065 0.0737 
         383  1 0.1558 0.0929 0.0666 0.1533 0.0998 0.1206 0.1579 0.1013 0.0518 
         384  1 0.0261 0.0410 0.0762 0.0677 0.0750 0.4568 0.0326 0.0299 0.1944 
         385  1 0.0540 0.1227 0.3848 0.1244 0.0954 0.0300 0.0620 0.0763 0.0505 
         386  1 0.0271 0.0561 0.0439 0.0375 0.0551 0.6451 0.0503 0.0553 0.0295 
         387  1 0.0313 0.2420 0.0589 0.0633 0.1057 0.0479 0.0710 0.2680 0.1119 
         388  1 0.0317 0.0538 0.0428 0.0534 0.0847 0.3869 0.0736 0.0492 0.2239 
         389  1 0.4269 0.0832 0.0984 0.0652 0.0719 0.0498 0.0573 0.0746 0.0728 
         390  1 0.0374 0.0905 0.0419 0.4862 0.0835 0.0500 0.0568 0.1082 0.0456 
         391  1 0.0281 0.0841 0.0641 0.0600 0.0903 0.2794 0.2551 0.0770 0.0620 
         392  1 0.1473 0.0857 0.0603 0.2727 0.0817 0.0704 0.1186 0.1065 0.0568 
         393  1 0.0222 0.0593 0.0659 0.0407 0.0612 0.2995 0.0385 0.0697 0.3430 
         394  1 0.0537 0.0605 0.0437 0.5792 0.0639 0.0195 0.0587 0.0697 0.0512 
         395  1 0.1702 0.0982 0.0974 0.0954 0.1037 0.0737 0.0905 0.0941 0.1768 
         396  1 0.0526 0.1266 0.4065 0.0885 0.0847 0.0405 0.0659 0.0583 0.0763 
         397  1 0.1747 0.1117 0.3066 0.0640 0.0642 0.0299 0.0514 0.0874 0.1101 
         398  1 0.0298 0.1119 0.0874 0.1256 0.1218 0.0662 0.2364 0.1055 0.1154 
         399  1 0.0447 0.0856 0.0864 0.0948 0.1336 0.1741 0.1413 0.0788 0.1607 
         400  1 0.1569 0.0765 0.0540 0.0369 0.0826 0.2517 0.2231 0.0670 0.0513 
         401  1 0.0271 0.1704 0.2225 0.0614 0.1126 0.1107 0.0985 0.1486 0.0481 
         402  1 0.0901 0.1412 0.3711 0.0635 0.1060 0.0562 0.0594 0.0762 0.0363 
         403  1 0.2519 0.0941 0.2049 0.1087 0.0976 0.0347 0.1147 0.0440 0.0494 
         404  1 0.0706 0.0867 0.1033 0.1734 0.1014 0.0434 0.3050 0.0690 0.0473 
         405  1 0.0427 0.0485 0.0459 0.1359 0.0615 0.0306 0.0475 0.0524 0.5351 
         406  1 0.1141 0.0621 0.0674 0.1934 0.2744 0.1003 0.0776 0.0544 0.0563 
         407  1 0.0511 0.0521 0.0444 0.0258 0.0584 0.2877 0.0391 0.0571 0.3843 
         408  1 0.0426 0.1372 0.1231 0.0803 0.1613 0.0444 0.1384 0.1696 0.1029 
         409  1 0.0469 0.1158 0.0901 0.0978 0.1171 0.0569 0.3006 0.0889 0.0858 
         410  1 0.0812 0.1117 0.0859 0.1192 0.1320 0.0638 0.1348 0.1268 0.1447 
         411  1 0.0984 0.1840 0.1609 0.0821 0.0770 0.0225 0.0572 0.2286 0.0893 
         412  1 0.0210 0.1041 0.0578 0.1023 0.2634 0.0762 0.0735 0.1147 0.1871 
         413  1 0.2408 0.1132 0.2685 0.0658 0.0713 0.0230 0.1290 0.0562 0.0321 
         414  1 0.0393 0.1909 0.1414 0.0516 0.1681 0.0623 0.0880 0.1847 0.0737 
         415  1 0.0229 0.2634 0.0430 0.0726 0.1126 0.0941 0.0484 0.3119 0.0311 
         416  1 0.0400 0.1551 0.5208 0.0258 0.0502 0.0337 0.0319 0.0390 0.1036 
         417  1 0.0357 0.1282 0.0938 0.3244 0.1110 0.0653 0.0697 0.1253 0.0466 
         418  1 0.0557 0.2341 0.0873 0.0732 0.1078 0.0485 0.0655 0.2674 0.0604 
         419  1 0.0716 0.1750 0.0754 0.1639 0.1155 0.0505 0.0714 0.2209 0.0557 
         420  1 0.1075 0.1019 0.1033 0.0663 0.1250 0.0411 0.0664 0.0869 0.3015 
         421  1 0.0561 0.1997 0.0890 0.1497 0.0899 0.0339 0.0601 0.2528 0.0690 
         422  1 0.0799 0.1159 0.1156 0.1719 0.1607 0.0594 0.1520 0.0976 0.0470 
         423  1 0.1080 0.1207 0.2400 0.0759 0.1535 0.1040 0.0380 0.0901 0.0698 
         424  1 0.0945 0.1201 0.2389 0.1059 0.1008 0.0355 0.0570 0.0836 0.1636 
         425  1 0.1073 0.1892 0.0478 0.0374 0.0876 0.0748 0.1392 0.2569 0.0599 
         426  1 0.0527 0.1799 0.0554 0.0761 0.1291 0.1373 0.1131 0.2077 0.0486 
         427  1 0.0247 0.1536 0.1481 0.1753 0.1046 0.0693 0.0955 0.1890 0.0398 
         428  1 0.0535 0.0772 0.0927 0.1735 0.1068 0.0754 0.3087 0.0605 0.0518 
         429  1 0.2815 0.0470 0.0422 0.0447 0.0533 0.3097 0.1262 0.0461 0.0493 
         430  1 0.0485 0.0771 0.0520 0.0588 0.1376 0.0491 0.4611 0.0587 0.0570 
         431  1 0.0960 0.1189 0.2883 0.0810 0.1214 0.0289 0.1023 0.0997 0.0634 
         432  1 0.0704 0.0759 0.0596 0.0317 0.1049 0.1311 0.2312 0.0773 0.2179 
         433  1 0.0428 0.0919 0.1954 0.0466 0.1752 0.2462 0.0720 0.0707 0.0593 
         434  1 0.0499 0.0804 0.0628 0.1062 0.0868 0.0485 0.0616 0.0813 0.4226 
         435  1 0.0531 0.1374 0.1227 0.0911 0.0809 0.0497 0.0917 0.1689 0.2045 
         436  1 0.1519 0.0936 0.0908 0.0314 0.2759 0.0529 0.1849 0.0840 0.0344 
         437  1 0.0410 0.1121 0.2458 0.0688 0.1011 0.1739 0.0739 0.0999 0.0835 
         438  1 0.0264 0.0547 0.0560 0.1070 0.0977 0.5172 0.0496 0.0486 0.0427 
         439  1 0.0704 0.2833 0.0557 0.0566 0.0826 0.0532 0.0566 0.3073 0.0343 
         440  1 0.5396 0.0553 0.0573 0.0566 0.0622 0.0471 0.0747 0.0535 0.0537 
         441  1 0.0512 0.1734 0.1103 0.0796 0.1057 0.0838 0.0932 0.2540 0.0487 
         442  1 0.0541 0.1507 0.4649 0.0877 0.0669 0.0302 0.0547 0.0574 0.0333 
         443  1 0.1367 0.0891 0.1596 0.0586 0.1021 0.1333 0.1718 0.0580 0.0906 
         444  1 0.0551 0.0941 0.1201 0.1462 0.0958 0.2762 0.0605 0.1060 0.0460 
         445  1 0.1914 0.0677 0.0547 0.2022 0.1299 0.0940 0.1635 0.0675 0.0291 
         446  1 0.0314 0.0728 0.0550 0.0728 0.0530 0.0312 0.6115 0.0420 0.0302 
         447  1 0.0376 0.0720 0.1024 0.0671 0.0724 0.0519 0.0970 0.0623 0.4373 
         448  1 0.0372 0.0912 0.0497 0.0791 0.0779 0.0722 0.4281 0.0787 0.0859 
         449  1 0.3395 0.0617 0.0610 0.0299 0.0639 0.0981 0.0612 0.0540 0.2308 
         450  1 0.2109 0.1386 0.1180 0.1059 0.0932 0.0341 0.0663 0.1741 0.0589 
         451  1 0.2252 0.1234 0.0856 0.0904 0.0996 0.0949 0.0666 0.1641 0.0503 
         452  1 0.2878 0.0587 0.0788 0.2724 0.0647 0.0603 0.0663 0.0563 0.0548 
         453  1 0.0824 0.1648 0.1977 0.0563 0.0840 0.0702 0.0700 0.2126 0.0621 
         454  1 0.3220 0.0796 0.2188 0.0537 0.0841 0.0278 0.0794 0.0474 0.0871 
         455  1 0.0323 0.0982 0.1312 0.2702 0.1877 0.0627 0.0754 0.1036 0.0389 
         456  1 0.0333 0.0799 0.0384 0.1465 0.0622 0.0435 0.4925 0.0598 0.0436 
         457  1 0.0430 0.1880 0.1333 0.0333 0.1466 0.0803 0.0684 0.2726 0.0346 
         458  1 0.6347 0.0426 0.0274 0.0349 0.0439 0.0692 0.0575 0.0480 0.0418 
         459  1 0.0390 0.1300 0.0488 0.0754 0.1001 0.1085 0.3132 0.1346 0.0502 
         460  1 0.0564 0.0786 0.1712 0.2976 0.1108 0.0946 0.0657 0.0552 0.0698 
         461  1 0.0355 0.0394 0.0544 0.0294 0.0351 0.0232 0.0351 0.0352 0.7127 
         462  1 0.0407 0.1056 0.0590 0.3386 0.1111 0.0213 0.0970 0.0993 0.1274 
         463  1 0.0918 0.0914 0.0751 0.0688 0.2141 0.2090 0.0909 0.0909 0.0679 
         464  1 0.0646 0.1394 0.2514 0.1022 0.1097 0.1403 0.0471 0.1138 0.0315 
         465  1 0.0703 0.1864 0.0506 0.1289 0.0881 0.0439 0.1865 0.1993 0.0461 
         466  1 0.0385 0.0801 0.0700 0.0507 0.2653 0.2113 0.0943 0.0843 0.1056 
         467  1 0.4490 0.0509 0.0476 0.0518 0.1068 0.0806 0.0779 0.0456 0.0898 
         468  1 0.1583 0.0827 0.0683 0.0998 0.1172 0.1700 0.0972 0.0858 0.1208 
         469  1 0.0499 0.2055 0.0551 0.0567 0.0888 0.0902 0.0962 0.2744 0.0832 
         470  1 0.0400 0.1179 0.1154 0.0630 0.1532 0.2269 0.0892 0.1173 0.0771 
         471  1 0.7223 0.0371 0.0335 0.0518 0.0310 0.0307 0.0267 0.0386 0.0283 
         472  1 0.0291 0.0761 0.1651 0.0429 0.0631 0.4695 0.0462 0.0466 0.0615 
         473  1 0.0457 0.0674 0.1158 0.0434 0.4435 0.0748 0.0628 0.0481 0.0984 
         474  1 0.0753 0.1662 0.1270 0.0883 0.0847 0.0419 0.1322 0.1562 0.1283 
         475  1 0.0476 0.1228 0.0978 0.2468 0.1611 0.0858 0.0482 0.1407 0.0492 
         476  1 0.0665 0.0801 0.0422 0.1221 0.0644 0.0773 0.4558 0.0574 0.0344 
         477  1 0.1284 0.1357 0.0723 0.0705 0.1564 0.0385 0.1031 0.1584 0.1368 
         478  1 0.0326 0.1182 0.2109 0.0454 0.1011 0.0449 0.0948 0.0795 0.2726 
         479  1 0.1580 0.0883 0.0520 0.2337 0.1346 0.0452 0.0962 0.1005 0.0916 
         480  1 0.0391 0.1445 0.3247 0.0365 0.1047 0.0943 0.0440 0.1191 0.0932 
         481  1 0.0932 0.1769 0.1258 0.0749 0.1339 0.0565 0.0691 0.2330 0.0367 
         482  1 0.0402 0.1274 0.1263 0.0402 0.0892 0.3552 0.0639 0.1166 0.0411 
         483  1 0.1271 0.0954 0.0792 0.2516 0.0844 0.1095 0.0993 0.1037 0.0499 
         484  1 0.0242 0.0957 0.1982 0.2401 0.1371 0.0285 0.1981 0.0465 0.0315 
         485  1 0.0497 0.0483 0.0492 0.4356 0.0821 0.0347 0.2163 0.0427 0.0414 
         486  1 0.0927 0.1445 0.1592 0.0994 0.1061 0.0639 0.0628 0.1736 0.0980 
         487  1 0.0624 0.1091 0.1303 0.0789 0.1206 0.1203 0.2144 0.0881 0.0759 
         488  1 0.0386 0.0661 0.0316 0.0542 0.0675 0.0480 0.6099 0.0482 0.0360 
         489  1 0.0518 0.0805 0.1148 0.1021 0.1085 0.0685 0.1544 0.0741 0.2453 
         490  1 0.0486 0.0830 0.0847 0.0543 0.1542 0.2492 0.1558 0.0762 0.0940 
         491  1 0.0463 0.0895 0.0637 0.0416 0.0937 0.3134 0.0862 0.1001 0.1655 
         492  1 0.1417 0.1937 0.1098 0.0702 0.1167 0.0539 0.0672 0.2085 0.0383 
         493  1 0.0399 0.1361 0.2052 0.0735 0.2263 0.0693 0.0845 0.1297 0.0356 
         494  1 0.0379 0.1108 0.0657 0.0678 0.1008 0.1933 0.2906 0.0977 0.0353 
         495  1 0.7759 0.0300 0.0370 0.0188 0.0319 0.0259 0.0282 0.0274 0.0250 
         496  1 0.0502 0.1632 0.1734 0.2067 0.0771 0.0289 0.0674 0.1504 0.0828 
         497  1 0.0792 0.1923 0.2017 0.0330 0.0988 0.0378 0.0529 0.2155 0.0888 
         498  1 0.0689 0.0595 0.0556 0.0444 0.0672 0.0444 0.1453 0.0550 0.4597 
         499  1 0.0370 0.0925 0.1831 0.0585 0.0866 0.3847 0.0570 0.0536 0.0470 
         500  1 0.2180 0.1231 0.0674 0.0499 0.1181 0.1305 0.0833 0.1583 0.0514 
