           1  1 0.1596 0.1269 0.1515 0.3447 0.0883 0.1290 
           2  1 0.1667 0.1235 0.1777 0.2048 0.0871 0.2401 
           3  1 0.2014 0.1085 0.1061 0.1452 0.2687 0.1700 
           4  1 0.3212 0.1686 0.0821 0.1725 0.0767 0.1789 
           5  1 0.0919 0.0932 0.3148 0.1886 0.1451 0.1665 
           6  1 0.1126 0.2987 0.1686 0.2477 0.0929 0.0796 
           7  1 0.1285 0.0798 0.2110 0.1209 0.3917 0.0680 
           8  1 0.0997 0.1929 0.1290 0.1978 0.1729 0.2076 
           9  1 0.4129 0.1079 0.0917 0.1232 0.1651 0.0992 
          10  1 0.0518 0.2831 0.0500 0.1639 0.0847 0.3665 
          11  1 0.0903 0.2460 0.1445 0.1454 0.1311 0.2426 
          12  1 0.1201 0.3516 0.1105 0.1477 0.0726 0.1974 
          13  1 0.1675 0.3092 0.0976 0.1263 0.1887 0.1107 
          14  1 0.4447 0.0697 0.1546 0.1160 0.1381 0.0768 
          15  1 0.0835 0.0507 0.6331 0.0699 0.1088 0.0540 
          16  1 0.0785 0.1143 0.1413 0.1771 0.3306 0.1582 
          17  1 0.2675 0.1134 0.0984 0.1175 0.1505 0.2527 
          18  1 0.3107 0.0557 0.1559 0.1856 0.0583 0.2338 
          19  1 0.3415 0.0671 0.1233 0.2543 0.1135 0.1003 
          20  1 0.2359 0.1353 0.0800 0.1406 0.2586 0.1497 
          21  1 0.0677 0.1796 0.1164 0.2967 0.0820 0.2576 
          22  1 0.2687 0.0830 0.1027 0.2647 0.2109 0.0700 
          23  1 0.0832 0.2592 0.2943 0.1322 0.0904 0.1407 
          24  1 0.1128 0.4176 0.0891 0.1305 0.1116 0.1382 
          25  1 0.1207 0.0800 0.1163 0.2887 0.1497 0.2446 
          26  1 0.2112 0.1231 0.2060 0.1829 0.1073 0.1695 
          27  1 0.2079 0.1200 0.1186 0.1504 0.2877 0.1154 
          28  1 0.0712 0.3159 0.2093 0.1174 0.0971 0.1891 
          29  1 0.2765 0.0633 0.1560 0.2114 0.0977 0.1950 
          30  1 0.2478 0.1237 0.1179 0.1932 0.1498 0.1676 
          31  1 0.1495 0.2641 0.0834 0.1518 0.1453 0.2059 
          32  1 0.0944 0.1082 0.5172 0.1082 0.0957 0.0764 
          33  1 0.1644 0.1202 0.3276 0.1325 0.1202 0.1352 
          34  1 0.1941 0.1615 0.1797 0.1751 0.0823 0.2073 
          35  1 0.2938 0.0829 0.2262 0.1553 0.1021 0.1398 
          36  1 0.2227 0.0591 0.2683 0.1287 0.1861 0.1352 
          37  1 0.1663 0.1965 0.1847 0.1618 0.1169 0.1738 
          38  1 0.2057 0.1247 0.1438 0.2634 0.1661 0.0963 
          39  1 0.0915 0.1558 0.1368 0.1231 0.0722 0.4206 
          40  1 0.0856 0.0535 0.1502 0.3529 0.2146 0.1432 
          41  1 0.1108 0.4002 0.0902 0.1493 0.0916 0.1579 
          42  1 0.0728 0.1070 0.3235 0.1108 0.2387 0.1472 
          43  1 0.2130 0.0779 0.0652 0.1657 0.0730 0.4052 
          44  1 0.1900 0.1667 0.1107 0.1699 0.2340 0.1287 
          45  1 0.0991 0.2255 0.2418 0.1609 0.0810 0.1917 
          46  1 0.1000 0.0890 0.1858 0.1898 0.2090 0.2264 
          47  1 0.1493 0.0934 0.0882 0.2591 0.1773 0.2327 
          48  1 0.1030 0.0560 0.5958 0.0836 0.0736 0.0880 
          49  1 0.3121 0.1990 0.0503 0.1345 0.2351 0.0690 
          50  1 0.2477 0.0853 0.1337 0.1794 0.2468 0.1070 
          51  1 0.1977 0.2105 0.0852 0.2359 0.0855 0.1851 
          52  1 0.0699 0.4367 0.0671 0.1029 0.2486 0.0748 
          53  1 0.1775 0.1370 0.1005 0.2645 0.1717 0.1487 
          54  1 0.2459 0.1873 0.1334 0.1528 0.1101 0.1704 
          55  1 0.0921 0.0771 0.3152 0.1969 0.1126 0.2061 
          56  1 0.0651 0.1188 0.4964 0.1171 0.0899 0.1128 
          57  1 0.1517 0.2432 0.1036 0.1946 0.1721 0.1349 
          58  1 0.0584 0.0606 0.6779 0.0924 0.0474 0.0633 
          59  1 0.0766 0.0666 0.2330 0.1395 0.2424 0.2420 
          60  1 0.1982 0.1444 0.1286 0.1689 0.2507 0.1091 
          61  1 0.1400 0.1109 0.0821 0.2004 0.3306 0.1360 
          62  1 0.0537 0.2706 0.1621 0.1889 0.1425 0.1823 
          63  1 0.1076 0.1892 0.1103 0.1480 0.3087 0.1362 
          64  1 0.1220 0.2503 0.0806 0.2168 0.1194 0.2109 
          65  1 0.1220 0.0803 0.1065 0.2001 0.1696 0.3215 
          66  1 0.1821 0.1583 0.0959 0.1646 0.1361 0.2631 
          67  1 0.0784 0.5274 0.0543 0.1030 0.0878 0.1491 
          68  1 0.1894 0.0949 0.1056 0.1217 0.3750 0.1133 
          69  1 0.0626 0.3241 0.0799 0.2354 0.2067 0.0913 
          70  1 0.1493 0.1970 0.3012 0.1464 0.1386 0.0676 
          71  1 0.1157 0.3724 0.0938 0.1670 0.0915 0.1595 
          72  1 0.0947 0.4894 0.0833 0.1218 0.0985 0.1123 
          73  1 0.1593 0.1053 0.2118 0.1520 0.0927 0.2789 
          74  1 0.1872 0.1753 0.0937 0.1823 0.2687 0.0928 
          75  1 0.2226 0.1831 0.1475 0.1394 0.1562 0.1513 
          76  1 0.1101 0.0899 0.0758 0.1523 0.1685 0.4033 
          77  1 0.1257 0.1347 0.1987 0.1449 0.1142 0.2817 
          78  1 0.1428 0.1613 0.0704 0.2203 0.1018 0.3033 
          79  1 0.0880 0.4173 0.2313 0.0951 0.0671 0.1013 
          80  1 0.1231 0.1937 0.1251 0.1626 0.2467 0.1488 
          81  1 0.0763 0.3127 0.0634 0.1471 0.2206 0.1800 
          82  1 0.0780 0.1821 0.2712 0.1957 0.1311 0.1419 
          83  1 0.0688 0.0537 0.0527 0.0583 0.7149 0.0516 
          84  1 0.1201 0.0955 0.1301 0.1521 0.3102 0.1919 
          85  1 0.1072 0.1834 0.1914 0.1628 0.1353 0.2199 
          86  1 0.0672 0.0919 0.2454 0.2102 0.1384 0.2470 
          87  1 0.0822 0.2650 0.0558 0.1497 0.1462 0.3010 
          88  1 0.1287 0.0872 0.2263 0.1486 0.0912 0.3180 
          89  1 0.2280 0.0755 0.1011 0.1987 0.2545 0.1422 
          90  1 0.0839 0.1281 0.1902 0.1987 0.2965 0.1027 
          91  1 0.1521 0.1565 0.1533 0.1401 0.1621 0.2359 
          92  1 0.0686 0.2570 0.2430 0.1490 0.1832 0.0991 
          93  1 0.1188 0.1191 0.0750 0.1245 0.2130 0.3495 
          94  1 0.2263 0.1146 0.0664 0.2519 0.1159 0.2249 
          95  1 0.1173 0.2178 0.2089 0.2252 0.1240 0.1067 
          96  1 0.2213 0.1298 0.1425 0.1428 0.1324 0.2313 
          97  1 0.0974 0.3722 0.1022 0.1351 0.1366 0.1565 
          98  1 0.1549 0.1970 0.1100 0.1520 0.2413 0.1449 
          99  1 0.1099 0.3180 0.0876 0.1532 0.1771 0.1541 
         100  1 0.1952 0.2735 0.1319 0.1221 0.1682 0.1091 
         101  1 0.1748 0.2079 0.0904 0.1600 0.2279 0.1390 
         102  1 0.1282 0.0687 0.4107 0.1157 0.1689 0.1078 
         103  1 0.2712 0.0712 0.3025 0.1212 0.1201 0.1137 
         104  1 0.0938 0.1263 0.1180 0.1302 0.1307 0.4009 
         105  1 0.2570 0.2177 0.1149 0.1300 0.1355 0.1448 
         106  1 0.1523 0.1687 0.1432 0.2593 0.1718 0.1047 
         107  1 0.0623 0.2012 0.1815 0.2609 0.1502 0.1438 
         108  1 0.0631 0.3401 0.1726 0.1473 0.1644 0.1125 
         109  1 0.1893 0.1203 0.1032 0.1279 0.2986 0.1607 
         110  1 0.5022 0.1097 0.0970 0.1197 0.0768 0.0945 
         111  1 0.1505 0.0776 0.2230 0.2594 0.1760 0.1136 
         112  1 0.3075 0.1001 0.1660 0.1578 0.1348 0.1337 
         113  1 0.0785 0.1800 0.1411 0.2411 0.0894 0.2698 
         114  1 0.3359 0.0982 0.1122 0.1644 0.1840 0.1053 
         115  1 0.0799 0.3137 0.1515 0.1789 0.1618 0.1141 
         116  1 0.1017 0.1663 0.2057 0.2102 0.2314 0.0846 
         117  1 0.0885 0.1304 0.4672 0.1282 0.0705 0.1152 
         118  1 0.4061 0.1373 0.0941 0.1070 0.1234 0.1322 
         119  1 0.1776 0.0659 0.3190 0.1525 0.1125 0.1725 
         120  1 0.1589 0.0814 0.4256 0.1174 0.0710 0.1457 
         121  1 0.2345 0.1608 0.0901 0.1593 0.2524 0.1029 
         122  1 0.1045 0.2959 0.0549 0.1400 0.1647 0.2400 
         123  1 0.1045 0.1152 0.4834 0.1212 0.0794 0.0963 
         124  1 0.0885 0.2355 0.0802 0.1808 0.1721 0.2428 
         125  1 0.0627 0.1553 0.4024 0.1342 0.1352 0.1102 
         126  1 0.1158 0.1393 0.1337 0.3362 0.1325 0.1426 
         127  1 0.0997 0.2886 0.1764 0.1173 0.0769 0.2412 
         128  1 0.0583 0.1603 0.3529 0.1894 0.1221 0.1170 
         129  1 0.0641 0.4770 0.0919 0.1201 0.1268 0.1202 
         130  1 0.1886 0.2605 0.0763 0.2102 0.0774 0.1870 
         131  1 0.0723 0.1254 0.0950 0.2466 0.1583 0.3023 
         132  1 0.0777 0.0664 0.5424 0.1154 0.0653 0.1329 
         133  1 0.3247 0.0769 0.2155 0.1481 0.0694 0.1655 
         134  1 0.1422 0.1422 0.1510 0.2338 0.2005 0.1303 
         135  1 0.5219 0.1253 0.0662 0.1390 0.0577 0.0899 
         136  1 0.1235 0.0857 0.1932 0.1693 0.2688 0.1595 
         137  1 0.0786 0.0906 0.1120 0.1662 0.1299 0.4226 
         138  1 0.1278 0.1155 0.1937 0.2412 0.0995 0.2223 
         139  1 0.1889 0.2031 0.2322 0.1534 0.0663 0.1561 
         140  1 0.0819 0.1895 0.0808 0.1506 0.2887 0.2084 
         141  1 0.2904 0.1940 0.1680 0.1361 0.0740 0.1376 
         142  1 0.0821 0.0689 0.5276 0.1090 0.1240 0.0883 
         143  1 0.0769 0.2174 0.0900 0.2747 0.2118 0.1292 
         144  1 0.1713 0.0820 0.1414 0.1554 0.2729 0.1770 
         145  1 0.2752 0.0907 0.1578 0.1871 0.1132 0.1760 
         146  1 0.2243 0.2128 0.0805 0.2008 0.1440 0.1376 
         147  1 0.1916 0.0940 0.1429 0.1598 0.3202 0.0916 
         148  1 0.2396 0.1733 0.0994 0.1326 0.2241 0.1309 
         149  1 0.0834 0.1408 0.3488 0.1303 0.1019 0.1947 
         150  1 0.4063 0.1658 0.0649 0.1394 0.0987 0.1249 
         151  1 0.3412 0.2127 0.0862 0.1365 0.1457 0.0777 
         152  1 0.1507 0.1476 0.0981 0.2505 0.1953 0.1578 
         153  1 0.1751 0.1284 0.1185 0.1372 0.3113 0.1294 
         154  1 0.1520 0.2043 0.1602 0.1786 0.1640 0.1410 
         155  1 0.0824 0.0973 0.4743 0.1079 0.1329 0.1053 
         156  1 0.1566 0.3481 0.1036 0.1434 0.1502 0.0980 
         157  1 0.1007 0.1488 0.1310 0.2820 0.1261 0.2115 
         158  1 0.0589 0.1033 0.0843 0.1404 0.0757 0.5373 
         159  1 0.1040 0.1995 0.2985 0.1269 0.1163 0.1548 
         160  1 0.0988 0.1340 0.2470 0.1978 0.1079 0.2144 
         161  1 0.2037 0.0700 0.2500 0.3232 0.0611 0.0921 
         162  1 0.3147 0.1289 0.1429 0.1321 0.1047 0.1767 
         163  1 0.3238 0.1588 0.1428 0.1572 0.1134 0.1040 
         164  1 0.0492 0.0768 0.4621 0.0892 0.1767 0.1459 
         165  1 0.1308 0.1293 0.1185 0.1821 0.1878 0.2516 
         166  1 0.1072 0.3132 0.1166 0.2613 0.1088 0.0929 
         167  1 0.0773 0.1419 0.5774 0.0910 0.0543 0.0582 
         168  1 0.1658 0.1950 0.1624 0.1567 0.1393 0.1806 
         169  1 0.1239 0.2807 0.1202 0.2584 0.1061 0.1107 
         170  1 0.3448 0.2529 0.0631 0.1364 0.1011 0.1016 
         171  1 0.1469 0.1723 0.2357 0.1564 0.1678 0.1209 
         172  1 0.4228 0.1229 0.0772 0.1080 0.1340 0.1351 
         173  1 0.1514 0.2257 0.2399 0.1576 0.0782 0.1472 
         174  1 0.1231 0.1056 0.1166 0.1892 0.2644 0.2011 
         175  1 0.1986 0.1220 0.0766 0.2104 0.1137 0.2788 
         176  1 0.4183 0.0999 0.0762 0.1382 0.1330 0.1344 
         177  1 0.0587 0.1290 0.0649 0.0947 0.3381 0.3146 
         178  1 0.1297 0.1746 0.0981 0.1787 0.1329 0.2860 
         179  1 0.1183 0.1432 0.2006 0.1666 0.1158 0.2555 
         180  1 0.1956 0.2433 0.0873 0.1402 0.1899 0.1437 
         181  1 0.1325 0.1417 0.3355 0.1455 0.0928 0.1519 
         182  1 0.0384 0.0593 0.0523 0.0487 0.7496 0.0516 
         183  1 0.3200 0.0881 0.1206 0.2965 0.0902 0.0846 
         184  1 0.2041 0.1779 0.1113 0.1647 0.2064 0.1357 
         185  1 0.1807 0.1107 0.1985 0.2363 0.1230 0.1508 
         186  1 0.2429 0.0985 0.1827 0.1737 0.1953 0.1068 
         187  1 0.2874 0.1399 0.1004 0.1529 0.0820 0.2374 
         188  1 0.1795 0.0899 0.3647 0.1334 0.1464 0.0861 
         189  1 0.2599 0.1250 0.1014 0.2172 0.2187 0.0778 
         190  1 0.2187 0.3233 0.1044 0.1116 0.1187 0.1233 
         191  1 0.1445 0.1477 0.1600 0.2661 0.0848 0.1968 
         192  1 0.0780 0.2151 0.1134 0.2419 0.2248 0.1269 
         193  1 0.2432 0.1588 0.1237 0.1952 0.1344 0.1446 
         194  1 0.1009 0.0755 0.3196 0.1866 0.1219 0.1955 
         195  1 0.0879 0.2001 0.0718 0.1539 0.1001 0.3860 
         196  1 0.2361 0.1156 0.1346 0.2427 0.1059 0.1650 
         197  1 0.1308 0.0815 0.3826 0.1139 0.2043 0.0869 
         198  1 0.3394 0.1958 0.1658 0.1559 0.0703 0.0729 
         199  1 0.0591 0.1155 0.1160 0.1288 0.4646 0.1160 
         200  1 0.1887 0.1893 0.2651 0.1759 0.0815 0.0995 
         201  1 0.0849 0.1464 0.0699 0.1170 0.2867 0.2952 
         202  1 0.1915 0.1064 0.1275 0.1765 0.2434 0.1548 
         203  1 0.0959 0.2125 0.1472 0.1573 0.2155 0.1716 
         204  1 0.2248 0.1861 0.0770 0.1282 0.2243 0.1596 
         205  1 0.1080 0.1368 0.1189 0.1882 0.2513 0.1968 
         206  1 0.0822 0.3698 0.0912 0.1459 0.1332 0.1777 
         207  1 0.0871 0.1130 0.1531 0.2598 0.2085 0.1784 
         208  1 0.2684 0.1351 0.0775 0.1583 0.1976 0.1631 
         209  1 0.0711 0.1938 0.1370 0.2255 0.0857 0.2870 
         210  1 0.1885 0.2190 0.1127 0.1899 0.1164 0.1734 
         211  1 0.0816 0.1196 0.0665 0.1758 0.1572 0.3993 
         212  1 0.4032 0.0561 0.1839 0.1539 0.1010 0.1019 
         213  1 0.1218 0.1456 0.2782 0.1594 0.1020 0.1930 
         214  1 0.0939 0.4933 0.0592 0.1668 0.1028 0.0840 
         215  1 0.1910 0.1075 0.2615 0.1583 0.1546 0.1270 
         216  1 0.1116 0.1976 0.1164 0.1417 0.0884 0.3443 
         217  1 0.1871 0.0842 0.2046 0.2056 0.0848 0.2336 
         218  1 0.1037 0.1520 0.4399 0.1386 0.0760 0.0898 
         219  1 0.3412 0.1441 0.1095 0.1211 0.1595 0.1246 
         220  1 0.0947 0.1719 0.0958 0.2395 0.1804 0.2178 
         221  1 0.0682 0.1423 0.0738 0.0836 0.5614 0.0707 
         222  1 0.1462 0.1185 0.1737 0.2585 0.0880 0.2151 
         223  1 0.0948 0.1131 0.2358 0.2237 0.1166 0.2160 
         224  1 0.1209 0.2197 0.1010 0.2076 0.1787 0.1720 
         225  1 0.0671 0.1973 0.0595 0.2381 0.1050 0.3330 
         226  1 0.2200 0.1143 0.1689 0.1467 0.0841 0.2661 
         227  1 0.0855 0.2545 0.1185 0.1373 0.1053 0.2989 
         228  1 0.1583 0.1191 0.1662 0.1362 0.1379 0.2822 
         229  1 0.1490 0.1349 0.1552 0.1891 0.2547 0.1172 
         230  1 0.5697 0.0631 0.1016 0.0949 0.0779 0.0929 
         231  1 0.1587 0.1040 0.1198 0.1909 0.1121 0.3145 
         232  1 0.0537 0.0860 0.1287 0.1311 0.2853 0.3152 
         233  1 0.3843 0.0677 0.0949 0.1605 0.0685 0.2240 
         234  1 0.1520 0.1283 0.1300 0.1780 0.0942 0.3175 
         235  1 0.2034 0.1066 0.1213 0.1952 0.2209 0.1525 
         236  1 0.1796 0.0675 0.2887 0.1241 0.1850 0.1550 
         237  1 0.0910 0.1043 0.1387 0.1876 0.2228 0.2555 
         238  1 0.2042 0.1346 0.1088 0.3251 0.1242 0.1031 
         239  1 0.3116 0.1694 0.1079 0.1138 0.1393 0.1581 
         240  1 0.1663 0.0967 0.1615 0.1612 0.1938 0.2205 
         241  1 0.0999 0.2416 0.0802 0.1546 0.1235 0.3001 
         242  1 0.0977 0.2891 0.1323 0.1560 0.2438 0.0811 
         243  1 0.0963 0.2337 0.3054 0.1330 0.1375 0.0941 
         244  1 0.0828 0.1023 0.0713 0.1492 0.2666 0.3277 
         245  1 0.2286 0.1739 0.2222 0.1193 0.1232 0.1329 
         246  1 0.1853 0.1632 0.2865 0.1184 0.1371 0.1096 
         247  1 0.2186 0.1204 0.0824 0.1231 0.0917 0.3638 
         248  1 0.2215 0.1192 0.0849 0.1619 0.0794 0.3332 
         249  1 0.2379 0.1970 0.1223 0.2119 0.1181 0.1129 
         250  1 0.1287 0.0754 0.4566 0.1263 0.1181 0.0949 
         251  1 0.1304 0.1155 0.2236 0.2844 0.0983 0.1477 
         252  1 0.0819 0.2683 0.0932 0.2236 0.1195 0.2135 
         253  1 0.0922 0.2733 0.2533 0.1268 0.1408 0.1135 
         254  1 0.3777 0.1315 0.1361 0.1754 0.0767 0.1026 
         255  1 0.1247 0.1040 0.1001 0.1063 0.4548 0.1101 
         256  1 0.0874 0.1380 0.2828 0.2232 0.1134 0.1552 
         257  1 0.1393 0.5440 0.0891 0.0888 0.0553 0.0835 
         258  1 0.1596 0.1321 0.1470 0.1448 0.2595 0.1570 
         259  1 0.1607 0.4218 0.0742 0.1236 0.0962 0.1235 
         260  1 0.0986 0.2370 0.1623 0.1327 0.1824 0.1870 
         261  1 0.2230 0.2045 0.0944 0.1554 0.0765 0.2463 
         262  1 0.1685 0.1124 0.1618 0.1566 0.2159 0.1849 
         263  1 0.2333 0.1717 0.0719 0.2220 0.1293 0.1718 
         264  1 0.1431 0.1176 0.1403 0.1827 0.2354 0.1810 
         265  1 0.1443 0.1107 0.0688 0.2914 0.2020 0.1828 
         266  1 0.1055 0.1817 0.2608 0.2352 0.0873 0.1295 
         267  1 0.1530 0.0764 0.0950 0.2414 0.3469 0.0873 
         268  1 0.4770 0.1307 0.0951 0.1396 0.0665 0.0911 
         269  1 0.2224 0.2151 0.0707 0.1136 0.2461 0.1322 
         270  1 0.2125 0.1200 0.0684 0.1881 0.2207 0.1903 
         271  1 0.1462 0.1328 0.1533 0.2267 0.1560 0.1849 
         272  1 0.1994 0.2981 0.0757 0.1419 0.0922 0.1927 
         273  1 0.1005 0.1101 0.1390 0.1712 0.2418 0.2374 
         274  1 0.5814 0.0716 0.0616 0.0935 0.0996 0.0924 
         275  1 0.2309 0.0929 0.0810 0.1157 0.3201 0.1594 
         276  1 0.0593 0.2046 0.3037 0.1340 0.1025 0.1959 
         277  1 0.0949 0.0897 0.0618 0.0673 0.6260 0.0602 
         278  1 0.1439 0.2310 0.0495 0.1113 0.3047 0.1596 
         279  1 0.1424 0.0781 0.2397 0.1555 0.2239 0.1604 
         280  1 0.1835 0.1026 0.1867 0.1389 0.1453 0.2430 
         281  1 0.1727 0.2212 0.0670 0.3111 0.1426 0.0853 
         282  1 0.1953 0.4596 0.0846 0.1056 0.0718 0.0832 
         283  1 0.1268 0.0993 0.2444 0.1428 0.2554 0.1314 
         284  1 0.0676 0.0765 0.1240 0.1014 0.5065 0.1240 
         285  1 0.1172 0.1972 0.1221 0.1684 0.0818 0.3133 
         286  1 0.1628 0.2348 0.0789 0.1658 0.2808 0.0769 
         287  1 0.1293 0.0871 0.4266 0.1160 0.1621 0.0789 
         288  1 0.0465 0.0443 0.0468 0.0528 0.7478 0.0619 
         289  1 0.1901 0.1092 0.1691 0.1713 0.1336 0.2267 
         290  1 0.1592 0.0682 0.0985 0.1556 0.0689 0.4496 
         291  1 0.2206 0.0868 0.2817 0.2515 0.0673 0.0921 
         292  1 0.0761 0.2759 0.1831 0.1642 0.1726 0.1282 
         293  1 0.4264 0.1572 0.1471 0.1152 0.0807 0.0735 
         294  1 0.1351 0.1878 0.0931 0.1638 0.1603 0.2599 
         295  1 0.0487 0.1307 0.6260 0.0798 0.0468 0.0680 
         296  1 0.1159 0.0815 0.1282 0.1021 0.4697 0.1026 
         297  1 0.2261 0.1230 0.1174 0.1448 0.2159 0.1729 
         298  1 0.1188 0.4739 0.1418 0.1054 0.0548 0.1052 
         299  1 0.0499 0.0960 0.6035 0.0846 0.0639 0.1020 
         300  1 0.2859 0.1953 0.1394 0.1297 0.1558 0.0939 
         301  1 0.1338 0.2146 0.2246 0.1499 0.1624 0.1147 
         302  1 0.0887 0.0520 0.6294 0.0957 0.0686 0.0658 
         303  1 0.2334 0.1073 0.0871 0.2812 0.0868 0.2041 
         304  1 0.1485 0.4360 0.1161 0.1181 0.0945 0.0868 
         305  1 0.1631 0.0739 0.1316 0.1696 0.1072 0.3545 
         306  1 0.0619 0.0763 0.2850 0.0917 0.4137 0.0713 
         307  1 0.1429 0.2315 0.1604 0.1640 0.1334 0.1678 
         308  1 0.1153 0.1944 0.1268 0.2026 0.1912 0.1697 
         309  1 0.1750 0.2669 0.0810 0.1378 0.2237 0.1156 
         310  1 0.1869 0.0915 0.0896 0.1970 0.3282 0.1067 
         311  1 0.0721 0.1808 0.2020 0.1317 0.3022 0.1112 
         312  1 0.2873 0.1431 0.0797 0.1254 0.2501 0.1145 
         313  1 0.1284 0.1585 0.2030 0.1379 0.2134 0.1587 
         314  1 0.0730 0.2268 0.1550 0.2206 0.1996 0.1250 
         315  1 0.0682 0.1756 0.1903 0.1413 0.2192 0.2054 
         316  1 0.1773 0.2491 0.1391 0.1854 0.1516 0.0974 
         317  1 0.2972 0.1306 0.0656 0.1058 0.2508 0.1500 
         318  1 0.4746 0.1016 0.0812 0.1425 0.0913 0.1088 
         319  1 0.1536 0.1157 0.2316 0.2168 0.1206 0.1616 
         320  1 0.0688 0.1193 0.3704 0.0968 0.1871 0.1577 
         321  1 0.2663 0.0636 0.1248 0.1846 0.0869 0.2738 
         322  1 0.1436 0.1755 0.1009 0.2059 0.1223 0.2517 
         323  1 0.1243 0.1148 0.1731 0.1033 0.3886 0.0958 
         324  1 0.1034 0.1410 0.0737 0.2474 0.0880 0.3465 
         325  1 0.3815 0.1445 0.1146 0.1313 0.1106 0.1175 
         326  1 0.0952 0.1386 0.0752 0.1031 0.4775 0.1104 
         327  1 0.2335 0.1064 0.1476 0.1410 0.0975 0.2739 
         328  1 0.1321 0.3228 0.0997 0.1868 0.0966 0.1621 
         329  1 0.0881 0.1755 0.1022 0.1278 0.1513 0.3551 
         330  1 0.0579 0.1738 0.0591 0.1251 0.0864 0.4976 
         331  1 0.1371 0.1176 0.1294 0.2061 0.2154 0.1944 
         332  1 0.2357 0.2625 0.0866 0.1879 0.1064 0.1210 
         333  1 0.1149 0.1405 0.0996 0.1395 0.2559 0.2498 
         334  1 0.3404 0.2053 0.0735 0.1293 0.1551 0.0965 
         335  1 0.1569 0.2349 0.1813 0.1542 0.1737 0.0991 
         336  1 0.1135 0.1705 0.1269 0.1686 0.2327 0.1877 
         337  1 0.3235 0.0975 0.1560 0.1379 0.1544 0.1307 
         338  1 0.0757 0.4087 0.0891 0.1148 0.1444 0.1672 
         339  1 0.0756 0.3422 0.2158 0.1429 0.0817 0.1418 
         340  1 0.3223 0.1308 0.0869 0.1758 0.1123 0.1719 
         341  1 0.0966 0.0768 0.3772 0.1720 0.1717 0.1056 
         342  1 0.0906 0.5229 0.0829 0.1047 0.0720 0.1268 
         343  1 0.0958 0.4641 0.0625 0.0860 0.2057 0.0859 
         344  1 0.3967 0.2086 0.0736 0.1064 0.1198 0.0949 
         345  1 0.1271 0.2416 0.0977 0.1267 0.2841 0.1228 
         346  1 0.1568 0.1473 0.1751 0.1853 0.1098 0.2258 
         347  1 0.0715 0.1956 0.1235 0.1861 0.0756 0.3477 
         348  1 0.1960 0.1883 0.2341 0.1555 0.1226 0.1035 
         349  1 0.1561 0.0865 0.1049 0.1209 0.4167 0.1150 
         350  1 0.1788 0.1676 0.1860 0.2089 0.1196 0.1392 
         351  1 0.2478 0.1201 0.1844 0.1818 0.1500 0.1159 
         352  1 0.2346 0.2004 0.1692 0.1205 0.1905 0.0849 
         353  1 0.0695 0.0810 0.2451 0.1358 0.2039 0.2647 
         354  1 0.0883 0.3816 0.0863 0.1178 0.1283 0.1977 
         355  1 0.2002 0.1834 0.1228 0.1723 0.2174 0.1038 
         356  1 0.1513 0.3046 0.1969 0.1231 0.1243 0.0998 
         357  1 0.1373 0.1722 0.1793 0.2146 0.1643 0.1323 
         358  1 0.1279 0.1318 0.1510 0.1286 0.3310 0.1298 
         359  1 0.1212 0.1730 0.3272 0.1435 0.0997 0.1355 
         360  1 0.2821 0.1146 0.2225 0.1768 0.1172 0.0868 
         361  1 0.0900 0.3317 0.2638 0.1186 0.1126 0.0833 
         362  1 0.2465 0.1450 0.1273 0.1662 0.1666 0.1483 
         363  1 0.3689 0.1274 0.0781 0.1578 0.1215 0.1462 
         364  1 0.2466 0.1441 0.1039 0.1334 0.1969 0.1751 
         365  1 0.2257 0.1612 0.1943 0.1595 0.1231 0.1363 
         366  1 0.1675 0.1549 0.2924 0.1353 0.1494 0.1005 
         367  1 0.1748 0.1263 0.2062 0.1697 0.1809 0.1421 
         368  1 0.0768 0.1069 0.1425 0.1092 0.0521 0.5125 
         369  1 0.0758 0.0908 0.2142 0.1697 0.2233 0.2262 
         370  1 0.0731 0.1047 0.2297 0.1515 0.2274 0.2136 
         371  1 0.0869 0.1638 0.2315 0.1057 0.3178 0.0943 
         372  1 0.1095 0.1123 0.3837 0.1576 0.1224 0.1144 
         373  1 0.1602 0.1308 0.2322 0.1756 0.1798 0.1213 
         374  1 0.1706 0.1047 0.1357 0.1649 0.2175 0.2065 
         375  1 0.1513 0.3217 0.0989 0.1595 0.1597 0.1088 
         376  1 0.2216 0.1019 0.1142 0.1656 0.1620 0.2347 
         377  1 0.0981 0.0771 0.1996 0.3227 0.0632 0.2392 
         378  1 0.1294 0.0995 0.1295 0.3923 0.1257 0.1236 
         379  1 0.1053 0.0791 0.5766 0.0970 0.0832 0.0588 
         380  1 0.0676 0.1060 0.2377 0.2930 0.0850 0.2108 
         381  1 0.1380 0.1230 0.1619 0.1605 0.1988 0.2178 
         382  1 0.1277 0.1748 0.1808 0.1687 0.2070 0.1410 
         383  1 0.0852 0.2088 0.1814 0.1259 0.2398 0.1589 
         384  1 0.3047 0.1246 0.3454 0.1225 0.0520 0.0507 
         385  1 0.1969 0.2579 0.0640 0.1859 0.1176 0.1777 
         386  1 0.0565 0.0718 0.6508 0.0943 0.0579 0.0687 
         387  1 0.1102 0.1039 0.1259 0.1730 0.0756 0.4114 
         388  1 0.1578 0.1125 0.4529 0.1335 0.0672 0.0761 
         389  1 0.1500 0.1175 0.1091 0.1091 0.4207 0.0935 
         390  1 0.0784 0.3428 0.1050 0.1609 0.0899 0.2230 
         391  1 0.1120 0.1669 0.3460 0.1552 0.0651 0.1548 
         392  1 0.0852 0.2364 0.1600 0.1266 0.2636 0.1283 
         393  1 0.2961 0.0922 0.3682 0.1115 0.0524 0.0796 
         394  1 0.0746 0.4245 0.0465 0.1387 0.1486 0.1671 
         395  1 0.2208 0.1545 0.1231 0.1319 0.2214 0.1484 
         396  1 0.3078 0.1790 0.0882 0.1773 0.1183 0.1294 
         397  1 0.3139 0.1137 0.0646 0.1040 0.2678 0.1361 
         398  1 0.1212 0.3031 0.1628 0.1657 0.0710 0.1762 
         399  1 0.1681 0.1950 0.2556 0.1667 0.0963 0.1181 
         400  1 0.0901 0.0872 0.3052 0.1249 0.2936 0.0989 
         401  1 0.1817 0.1123 0.1660 0.1846 0.0674 0.2880 
         402  1 0.1890 0.1301 0.1366 0.2089 0.1613 0.1741 
         403  1 0.1935 0.2298 0.0586 0.1461 0.2866 0.0854 
         404  1 0.0866 0.4659 0.0848 0.1316 0.1268 0.1044 
         405  1 0.2650 0.1828 0.0884 0.1748 0.1092 0.1798 
         406  1 0.0890 0.2789 0.1345 0.2559 0.1567 0.0850 
         407  1 0.1938 0.0563 0.4504 0.1146 0.0994 0.0854 
         408  1 0.1808 0.1226 0.1055 0.2475 0.1116 0.2320 
         409  1 0.1891 0.2004 0.1446 0.1847 0.1019 0.1793 
         410  1 0.1405 0.2300 0.1238 0.1745 0.1599 0.1713 
         411  1 0.1984 0.1288 0.0547 0.1298 0.2244 0.2639 
         412  1 0.1692 0.1873 0.1407 0.2699 0.0482 0.1847 
         413  1 0.1563 0.1330 0.0541 0.1452 0.3647 0.1467 
         414  1 0.1545 0.1196 0.2023 0.3092 0.0913 0.1231 
         415  1 0.0561 0.1287 0.1657 0.1811 0.0531 0.4152 
         416  1 0.5581 0.0621 0.0689 0.1135 0.0923 0.1052 
         417  1 0.0885 0.3639 0.1339 0.1698 0.0737 0.1702 
         418  1 0.1454 0.1238 0.1248 0.1988 0.1324 0.2748 
         419  1 0.0775 0.1722 0.1083 0.1725 0.1376 0.3320 
         420  1 0.3763 0.0914 0.0700 0.1733 0.1618 0.1271 
         421  1 0.1089 0.1524 0.0739 0.1474 0.1119 0.4056 
         422  1 0.1126 0.2159 0.1010 0.2300 0.1592 0.1811 
         423  1 0.2325 0.0837 0.1300 0.2729 0.1727 0.1081 
         424  1 0.3584 0.1183 0.0697 0.1364 0.1504 0.1667 
         425  1 0.0845 0.0575 0.1279 0.1514 0.1751 0.4037 
         426  1 0.0739 0.1329 0.2176 0.2023 0.0909 0.2824 
         427  1 0.0815 0.3149 0.1548 0.1720 0.0601 0.2166 
         428  1 0.1525 0.3036 0.1597 0.1584 0.1163 0.1095 
         429  1 0.0736 0.1176 0.2834 0.0889 0.3695 0.0670 
         430  1 0.1041 0.2168 0.1199 0.3094 0.1168 0.1330 
         431  1 0.2269 0.1948 0.0737 0.2065 0.1679 0.1301 
         432  1 0.2102 0.0784 0.2630 0.1748 0.1552 0.1185 
         433  1 0.1925 0.0868 0.2823 0.2326 0.0910 0.1149 
         434  1 0.2602 0.2565 0.0967 0.1565 0.1052 0.1249 
         435  1 0.2131 0.1447 0.1172 0.1271 0.1124 0.2855 
         436  1 0.0867 0.0742 0.1094 0.3305 0.2471 0.1522 
         437  1 0.2312 0.1218 0.2540 0.1619 0.0873 0.1438 
         438  1 0.1025 0.1118 0.4637 0.1692 0.0578 0.0949 
         439  1 0.0799 0.1061 0.0970 0.1711 0.1384 0.4075 
         440  1 0.1008 0.1011 0.0823 0.1027 0.5143 0.0988 
         441  1 0.1189 0.0845 0.1875 0.1539 0.1173 0.3379 
         442  1 0.2243 0.2143 0.0728 0.1657 0.1460 0.1768 
         443  1 0.1997 0.1127 0.1775 0.1451 0.2500 0.1150 
         444  1 0.1329 0.1731 0.3251 0.1470 0.1105 0.1114 
         445  1 0.0591 0.2565 0.1205 0.1790 0.2540 0.1309 
         446  1 0.1053 0.4188 0.0928 0.1547 0.1112 0.1172 
         447  1 0.3583 0.1733 0.1109 0.1334 0.0790 0.1450 
         448  1 0.1724 0.2115 0.1858 0.1463 0.0924 0.1915 
         449  1 0.2001 0.0635 0.1459 0.1041 0.3889 0.0976 
         450  1 0.1544 0.1108 0.0795 0.1501 0.3799 0.1253 
         451  1 0.0962 0.1029 0.2053 0.1343 0.3255 0.1359 
         452  1 0.0930 0.2498 0.1041 0.1044 0.3367 0.1120 
         453  1 0.2201 0.0978 0.1681 0.1559 0.1762 0.1819 
         454  1 0.2529 0.1061 0.0615 0.1521 0.3211 0.1064 
         455  1 0.0800 0.2841 0.1183 0.2614 0.0724 0.1838 
         456  1 0.0726 0.4745 0.1199 0.1236 0.0880 0.1215 
         457  1 0.0869 0.0670 0.2354 0.2848 0.1074 0.2185 
         458  1 0.0513 0.0672 0.1437 0.0849 0.5642 0.0886 
         459  1 0.0821 0.1244 0.2283 0.1652 0.0953 0.3046 
         460  1 0.1915 0.3457 0.1324 0.1355 0.1097 0.0851 
         461  1 0.6493 0.0747 0.0540 0.0729 0.0769 0.0723 
         462  1 0.1157 0.3076 0.0536 0.2022 0.0932 0.2278 
         463  1 0.0848 0.1197 0.3128 0.2570 0.1400 0.0857 
         464  1 0.0935 0.1658 0.2157 0.1802 0.1172 0.2276 
         465  1 0.0747 0.2832 0.0933 0.1467 0.1324 0.2697 
         466  1 0.1296 0.0994 0.2983 0.2723 0.0845 0.1158 
         467  1 0.0973 0.0789 0.1168 0.1722 0.4385 0.0962 
         468  1 0.1485 0.1185 0.2117 0.1511 0.2259 0.1443 
         469  1 0.1009 0.0857 0.1747 0.1288 0.1081 0.4019 
         470  1 0.1427 0.1116 0.2990 0.1928 0.0813 0.1726 
         471  1 0.0688 0.0807 0.0667 0.0645 0.6545 0.0649 
         472  1 0.2117 0.1070 0.4025 0.1232 0.0670 0.0886 
         473  1 0.1851 0.0982 0.1247 0.4315 0.0955 0.0651 
         474  1 0.2742 0.1677 0.0877 0.1167 0.1328 0.2209 
         475  1 0.0974 0.1692 0.1336 0.2139 0.1104 0.2754 
         476  1 0.0673 0.3240 0.1812 0.1422 0.1668 0.1185 
         477  1 0.1396 0.1278 0.0882 0.2290 0.1948 0.2206 
         478  1 0.4361 0.0895 0.0891 0.1412 0.0751 0.1690 
         479  1 0.0963 0.1745 0.0894 0.1878 0.2182 0.2338 
         480  1 0.3750 0.0699 0.1512 0.1679 0.0899 0.1461 
         481  1 0.0908 0.0981 0.1113 0.1967 0.1714 0.3317 
         482  1 0.1409 0.0946 0.3470 0.1582 0.0855 0.1738 
         483  1 0.0799 0.3156 0.1522 0.1184 0.1978 0.1360 
         484  1 0.1265 0.4593 0.0514 0.2120 0.0594 0.0914 
         485  1 0.0813 0.5267 0.0693 0.1403 0.0997 0.0826 
         486  1 0.2070 0.1045 0.1266 0.1536 0.1728 0.2356 
         487  1 0.1373 0.1882 0.2345 0.1703 0.1313 0.1383 
         488  1 0.0746 0.3151 0.1884 0.2115 0.1098 0.1006 
         489  1 0.2430 0.2184 0.1239 0.1607 0.1291 0.1250 
         490  1 0.1524 0.1293 0.2777 0.2127 0.1008 0.1270 
         491  1 0.1566 0.0824 0.4585 0.1258 0.0807 0.0961 
         492  1 0.0849 0.1279 0.1303 0.1846 0.2089 0.2634 
         493  1 0.1137 0.1527 0.1428 0.3010 0.0948 0.1950 
         494  1 0.0799 0.2231 0.2349 0.1758 0.0971 0.1892 
         495  1 0.0828 0.0437 0.0560 0.0729 0.6845 0.0602 
         496  1 0.2100 0.2042 0.0618 0.1131 0.1051 0.3058 
         497  1 0.3035 0.0512 0.0953 0.1523 0.1292 0.2685 
         498  1 0.4349 0.1033 0.0889 0.1158 0.1582 0.0989 
         499  1 0.2010 0.1113 0.3702 0.1564 0.0799 0.0813 
         500  1 0.0878 0.0611 0.2483 0.1430 0.2758 0.1840 
         501  1 0.2028 0.1588 0.1100 0.1639 0.1778 0.1866 
         502  1 0.1235 0.1881 0.1249 0.2060 0.1907 0.1668 
         503  1 0.3291 0.0865 0.1163 0.1467 0.0981 0.2232 
         504  1 0.2295 0.1131 0.0661 0.1390 0.0790 0.3734 
         505  1 0.0843 0.1334 0.2672 0.1579 0.2041 0.1531 
         506  1 0.1123 0.1378 0.1023 0.2023 0.1575 0.2878 
         507  1 0.1659 0.2396 0.2073 0.1147 0.1836 0.0889 
         508  1 0.4650 0.1738 0.0507 0.0999 0.1009 0.1096 
         509  1 0.0679 0.1523 0.1006 0.1421 0.2687 0.2684 
         510  1 0.3586 0.1979 0.0642 0.1752 0.1325 0.0716 
         511  1 0.1498 0.1084 0.3257 0.1542 0.1057 0.1562 
         512  1 0.5880 0.0665 0.0570 0.1012 0.0626 0.1246 
         513  1 0.1940 0.1361 0.0637 0.2270 0.2893 0.0900 
         514  1 0.3238 0.2177 0.1071 0.1566 0.1073 0.0875 
         515  1 0.1214 0.0608 0.6046 0.0819 0.0681 0.0632 
         516  1 0.0826 0.2723 0.1304 0.1333 0.2890 0.0926 
         517  1 0.0602 0.1978 0.0973 0.1555 0.2905 0.1987 
         518  1 0.3498 0.2137 0.0672 0.1424 0.0721 0.1548 
         519  1 0.1328 0.1159 0.0926 0.2349 0.1291 0.2947 
         520  1 0.1145 0.0851 0.1937 0.1561 0.2027 0.2479 
         521  1 0.1806 0.1914 0.1354 0.2674 0.0965 0.1287 
         522  1 0.1063 0.1090 0.0764 0.1601 0.1146 0.4336 
         523  1 0.1477 0.0971 0.1965 0.2259 0.1531 0.1797 
         524  1 0.0488 0.0982 0.0668 0.0958 0.5998 0.0906 
         525  1 0.1209 0.1390 0.2388 0.1908 0.1037 0.2069 
         526  1 0.3590 0.1335 0.1754 0.1083 0.1375 0.0863 
         527  1 0.2288 0.1441 0.1331 0.1926 0.1429 0.1586 
         528  1 0.0961 0.1835 0.4195 0.1523 0.0612 0.0873 
         529  1 0.1597 0.1225 0.1334 0.2489 0.1808 0.1546 
         530  1 0.1307 0.1978 0.2301 0.2457 0.0910 0.1047 
         531  1 0.0740 0.3501 0.2101 0.1303 0.1142 0.1213 
         532  1 0.0663 0.0529 0.0419 0.0827 0.6859 0.0703 
         533  1 0.6129 0.0504 0.0763 0.0814 0.0718 0.1073 
         534  1 0.1005 0.1970 0.2220 0.1683 0.0912 0.2210 
         535  1 0.1762 0.0647 0.2351 0.1613 0.2286 0.1342 
         536  1 0.2314 0.0724 0.0987 0.1504 0.1799 0.2672 
         537  1 0.1545 0.1824 0.2483 0.1698 0.0850 0.1600 
         538  1 0.0995 0.2029 0.1189 0.1754 0.2055 0.1978 
         539  1 0.2470 0.1487 0.1927 0.1694 0.1575 0.0847 
         540  1 0.1136 0.2036 0.2413 0.1106 0.2185 0.1125 
         541  1 0.0794 0.2307 0.1639 0.2399 0.1519 0.1342 
         542  1 0.0814 0.0959 0.3846 0.1173 0.1018 0.2191 
         543  1 0.0528 0.1010 0.4490 0.1654 0.0683 0.1635 
         544  1 0.0757 0.0900 0.3929 0.1599 0.0988 0.1828 
         545  1 0.1947 0.1930 0.2248 0.1449 0.1177 0.1249 
         546  1 0.1290 0.1040 0.4371 0.1103 0.1109 0.1086 
         547  1 0.1068 0.2317 0.1170 0.2072 0.2432 0.0941 
         548  1 0.1634 0.2328 0.1478 0.1651 0.1318 0.1591 
         549  1 0.1577 0.2200 0.1178 0.1652 0.1420 0.1973 
         550  1 0.2675 0.2055 0.1379 0.1652 0.0876 0.1363 
         551  1 0.1152 0.0958 0.3743 0.1223 0.1157 0.1768 
         552  1 0.3583 0.1648 0.1388 0.1430 0.1193 0.0758 
         553  1 0.1540 0.2051 0.0858 0.1587 0.1883 0.2081 
         554  1 0.1184 0.0689 0.5038 0.1357 0.0533 0.1199 
         555  1 0.1162 0.3468 0.0900 0.1509 0.1374 0.1586 
         556  1 0.3757 0.0834 0.0650 0.1202 0.1505 0.2052 
         557  1 0.1199 0.2294 0.1401 0.2843 0.1159 0.1105 
         558  1 0.0636 0.1607 0.3027 0.1120 0.2011 0.1599 
         559  1 0.1416 0.3057 0.1209 0.1554 0.1036 0.1729 
         560  1 0.1043 0.1460 0.3502 0.1521 0.0659 0.1815 
         561  1 0.0969 0.2328 0.0938 0.1458 0.1871 0.2436 
         562  1 0.1707 0.0931 0.3501 0.1371 0.1273 0.1218 
         563  1 0.0931 0.1718 0.1281 0.2691 0.1403 0.1976 
         564  1 0.2140 0.2586 0.1218 0.1671 0.1092 0.1294 
         565  1 0.1350 0.1421 0.1545 0.2009 0.1428 0.2247 
         566  1 0.1483 0.4634 0.0917 0.1175 0.1003 0.0789 
         567  1 0.0740 0.1325 0.1465 0.1519 0.2468 0.2483 
         568  1 0.2339 0.0840 0.1991 0.2902 0.0875 0.1052 
         569  1 0.2058 0.1393 0.0765 0.1310 0.3139 0.1336 
         570  1 0.1920 0.0770 0.1877 0.1365 0.3302 0.0765 
         571  1 0.1352 0.1394 0.1294 0.1504 0.1255 0.3200 
         572  1 0.5359 0.0847 0.0932 0.1067 0.0790 0.1006 
         573  1 0.0824 0.2763 0.1864 0.1474 0.1487 0.1588 
         574  1 0.1116 0.1965 0.0856 0.1859 0.2297 0.1907 
         575  1 0.0821 0.2240 0.1865 0.1001 0.3106 0.0967 
         576  1 0.0988 0.3136 0.1354 0.2040 0.0740 0.1743 
         577  1 0.2708 0.1365 0.1062 0.1243 0.1641 0.1981 
         578  1 0.0750 0.0894 0.1595 0.1769 0.3930 0.1062 
         579  1 0.1517 0.1826 0.1549 0.1410 0.2019 0.1680 
         580  1 0.2128 0.2613 0.0685 0.1970 0.0924 0.1679 
         581  1 0.0892 0.0622 0.3117 0.1699 0.2945 0.0726 
         582  1 0.1493 0.1206 0.0879 0.2992 0.2601 0.0829 
         583  1 0.0964 0.1597 0.2535 0.1941 0.1047 0.1915 
         584  1 0.1073 0.1344 0.1510 0.2558 0.0847 0.2669 
         585  1 0.1568 0.2754 0.0942 0.1328 0.2264 0.1144 
         586  1 0.0720 0.2216 0.1732 0.1384 0.1755 0.2193 
         587  1 0.1787 0.0827 0.0662 0.1361 0.2317 0.3046 
         588  1 0.1132 0.2196 0.0807 0.1251 0.2220 0.2394 
         589  1 0.1255 0.1402 0.2019 0.2091 0.1322 0.1911 
         590  1 0.1509 0.1779 0.1213 0.1595 0.2545 0.1359 
         591  1 0.0830 0.1227 0.1337 0.2018 0.1289 0.3298 
         592  1 0.2538 0.1278 0.0758 0.1586 0.1997 0.1842 
         593  1 0.0962 0.1537 0.2095 0.2155 0.2262 0.0990 
         594  1 0.1403 0.0960 0.3041 0.1749 0.0828 0.2018 
         595  1 0.1909 0.1119 0.2159 0.1869 0.1249 0.1696 
         596  1 0.2325 0.0745 0.1297 0.3025 0.1508 0.1101 
         597  1 0.1703 0.1577 0.1864 0.1953 0.1313 0.1590 
         598  1 0.1143 0.2047 0.3268 0.1099 0.1384 0.1059 
         599  1 0.0659 0.1044 0.2985 0.1418 0.2542 0.1352 
         600  1 0.1643 0.1200 0.1482 0.2056 0.1802 0.1816 
         601  1 0.1311 0.2243 0.0740 0.1626 0.1062 0.3018 
         602  1 0.2213 0.0977 0.0863 0.1674 0.2751 0.1522 
         603  1 0.2099 0.1473 0.1392 0.2180 0.0813 0.2044 
         604  1 0.2077 0.0912 0.1781 0.3077 0.0999 0.1154 
         605  1 0.4072 0.2038 0.0578 0.1450 0.0784 0.1079 
         606  1 0.0776 0.2081 0.3467 0.1676 0.1081 0.0919 
         607  1 0.0962 0.3641 0.0659 0.1117 0.0727 0.2894 
         608  1 0.2146 0.1045 0.1470 0.3196 0.1315 0.0828 
         609  1 0.1226 0.2052 0.1930 0.1665 0.0784 0.2342 
         610  1 0.0624 0.3024 0.0953 0.1162 0.3077 0.1160 
         611  1 0.0771 0.3068 0.0990 0.2301 0.1881 0.0989 
         612  1 0.1254 0.1986 0.1462 0.1366 0.2561 0.1370 
         613  1 0.1633 0.1332 0.1048 0.1835 0.1722 0.2430 
         614  1 0.1534 0.1688 0.1965 0.1706 0.1087 0.2021 
         615  1 0.4097 0.1710 0.0523 0.1737 0.0910 0.1022 
         616  1 0.1021 0.3134 0.0720 0.1496 0.1100 0.2530 
         617  1 0.1558 0.0810 0.1413 0.2688 0.1782 0.1749 
         618  1 0.1483 0.2422 0.0619 0.1434 0.3155 0.0887 
         619  1 0.0699 0.2225 0.1429 0.2665 0.2074 0.0909 
         620  1 0.0816 0.3473 0.3068 0.1220 0.0605 0.0819 
         621  1 0.1708 0.1271 0.1891 0.2057 0.1609 0.1464 
         622  1 0.1186 0.3270 0.0621 0.1265 0.0718 0.2940 
         623  1 0.1332 0.3061 0.1139 0.1661 0.1256 0.1552 
         624  1 0.1447 0.0893 0.0640 0.1330 0.2771 0.2918 
         625  1 0.1317 0.3576 0.2078 0.1160 0.0776 0.1093 
         626  1 0.1098 0.1989 0.0677 0.1172 0.3698 0.1366 
         627  1 0.2902 0.1111 0.2130 0.1540 0.0723 0.1594 
         628  1 0.2802 0.0778 0.0953 0.1440 0.0873 0.3154 
         629  1 0.1257 0.2270 0.1094 0.1603 0.1964 0.1812 
         630  1 0.2623 0.1488 0.1656 0.1518 0.1076 0.1639 
         631  1 0.2217 0.0872 0.2681 0.1752 0.1266 0.1211 
         632  1 0.0970 0.1185 0.4149 0.1404 0.0862 0.1430 
         633  1 0.1731 0.2123 0.1362 0.1629 0.1077 0.2077 
         634  1 0.1276 0.0928 0.0670 0.1622 0.4081 0.1423 
         635  1 0.2838 0.3116 0.0835 0.1017 0.0845 0.1350 
         636  1 0.1660 0.1768 0.1470 0.1339 0.1643 0.2120 
         637  1 0.2771 0.0997 0.1858 0.1827 0.1453 0.1094 
         638  1 0.1760 0.1169 0.0666 0.1073 0.4507 0.0825 
         639  1 0.1670 0.0944 0.0959 0.1888 0.0874 0.3665 
         640  1 0.1597 0.2005 0.1380 0.1564 0.1448 0.2006 
         641  1 0.1006 0.1117 0.0994 0.1276 0.0931 0.4676 
         642  1 0.0985 0.1091 0.0948 0.1572 0.4019 0.1384 
         643  1 0.4114 0.0965 0.1024 0.1373 0.0813 0.1710 
         644  1 0.0800 0.2561 0.0451 0.1216 0.3720 0.1252 
         645  1 0.1371 0.0872 0.2698 0.1647 0.1292 0.2121 
         646  1 0.1620 0.1516 0.1303 0.1287 0.2931 0.1343 
         647  1 0.3427 0.1196 0.1981 0.1065 0.0854 0.1478 
         648  1 0.0789 0.0917 0.0704 0.1285 0.0521 0.5785 
         649  1 0.0637 0.2197 0.2216 0.1125 0.2200 0.1625 
         650  1 0.0702 0.2899 0.1397 0.1504 0.2046 0.1451 
         651  1 0.0430 0.0436 0.0509 0.7820 0.0323 0.0481 
         652  1 0.0789 0.1054 0.5587 0.1107 0.0599 0.0863 
         653  1 0.0825 0.0605 0.5133 0.1135 0.1437 0.0864 
         654  1 0.1591 0.1300 0.1420 0.1653 0.0943 0.3093 
         655  1 0.1683 0.4506 0.0819 0.1576 0.0624 0.0791 
         656  1 0.6459 0.1231 0.0435 0.0709 0.0577 0.0589 
         657  1 0.1623 0.0737 0.1184 0.2145 0.1681 0.2630 
         658  1 0.0788 0.2645 0.2906 0.1575 0.0886 0.1200 
         659  1 0.1769 0.1930 0.2308 0.1584 0.1099 0.1311 
         660  1 0.2221 0.0615 0.1896 0.1926 0.2397 0.0945 
         661  1 0.1336 0.0670 0.0533 0.2180 0.4001 0.1280 
         662  1 0.1055 0.1795 0.0655 0.1593 0.3617 0.1284 
         663  1 0.1777 0.1457 0.1038 0.1960 0.0997 0.2771 
         664  1 0.1489 0.2951 0.1765 0.1466 0.1118 0.1210 
         665  1 0.1783 0.1233 0.2865 0.1913 0.0867 0.1339 
         666  1 0.1123 0.1031 0.1780 0.2578 0.0655 0.2833 
         667  1 0.0643 0.2175 0.1901 0.1539 0.2123 0.1620 
         668  1 0.1221 0.2556 0.0804 0.2754 0.0771 0.1894 
         669  1 0.0969 0.1921 0.1973 0.2521 0.1236 0.1381 
         670  1 0.2170 0.0834 0.1761 0.1213 0.2434 0.1588 
         671  1 0.5921 0.0758 0.0700 0.0791 0.1096 0.0733 
         672  1 0.0911 0.0881 0.5079 0.1126 0.0877 0.1127 
         673  1 0.2962 0.0895 0.1047 0.1528 0.2723 0.0846 
         674  1 0.2948 0.0983 0.1134 0.1927 0.1435 0.1573 
         675  1 0.4866 0.0871 0.0906 0.1647 0.0617 0.1092 
         676  1 0.0815 0.0931 0.0539 0.1356 0.2864 0.3496 
         677  1 0.0800 0.2124 0.1009 0.1213 0.3208 0.1645 
