           1  1 0.0954 0.0419 0.2363 0.0866 0.2737 0.0698 0.0828 0.0601 0.0533 
           2  1 0.1329 0.0483 0.1979 0.0913 0.1535 0.1313 0.0731 0.0723 0.0995 
           3  1 0.0459 0.2217 0.0650 0.0908 0.0951 0.1067 0.0889 0.2280 0.0579 
           4  1 0.0328 0.0344 0.0634 0.0797 0.0779 0.0680 0.0789 0.5096 0.0554 
           5  1 0.1685 0.0744 0.0450 0.0964 0.1236 0.1658 0.0536 0.0727 0.2000 
           6  1 0.1865 0.0443 0.0908 0.0681 0.2371 0.0600 0.1063 0.0715 0.1355 
           7  1 0.1742 0.4517 0.0777 0.0461 0.0678 0.0372 0.0401 0.0518 0.0533 
           8  1 0.0817 0.0980 0.0776 0.1180 0.1791 0.1262 0.1463 0.0667 0.1064 
           9  1 0.0555 0.1004 0.0779 0.0636 0.0751 0.0724 0.0519 0.4148 0.0883 
          10  1 0.0228 0.0287 0.0409 0.2048 0.0823 0.1396 0.3420 0.0305 0.1085 
          11  1 0.0735 0.0519 0.0483 0.1615 0.0988 0.1233 0.1664 0.1284 0.1479 
          12  1 0.0539 0.0330 0.2005 0.1246 0.0886 0.1026 0.1982 0.0466 0.1520 
          13  1 0.0439 0.0929 0.0356 0.1413 0.0714 0.0522 0.2763 0.1683 0.1181 
          14  1 0.0939 0.0735 0.1169 0.0956 0.0794 0.0476 0.0666 0.3489 0.0777 
          15  1 0.7218 0.0540 0.0308 0.0343 0.0318 0.0262 0.0292 0.0384 0.0334 
          16  1 0.1097 0.3054 0.0509 0.0678 0.1042 0.1200 0.0482 0.0421 0.1516 
          17  1 0.0386 0.0702 0.1073 0.1511 0.0767 0.1169 0.1418 0.2259 0.0715 
          18  1 0.0758 0.0250 0.0373 0.0541 0.0893 0.1264 0.0307 0.5257 0.0357 
          19  1 0.0690 0.0632 0.1059 0.0963 0.2424 0.0647 0.0812 0.2304 0.0469 
          20  1 0.0489 0.1907 0.3346 0.0695 0.0835 0.0685 0.0828 0.0720 0.0496 
          21  1 0.0693 0.0398 0.0443 0.1153 0.2001 0.3388 0.0796 0.0397 0.0730 
          22  1 0.0502 0.1318 0.1024 0.0784 0.2567 0.0510 0.0525 0.1256 0.1514 
          23  1 0.1855 0.0478 0.0669 0.0993 0.0968 0.1202 0.1155 0.0411 0.2269 
          24  1 0.0479 0.0559 0.1254 0.1476 0.0917 0.0632 0.2842 0.0758 0.1082 
          25  1 0.0411 0.0702 0.0434 0.2996 0.1206 0.1174 0.2002 0.0673 0.0402 
          26  1 0.1030 0.0482 0.0548 0.0692 0.1075 0.1044 0.0615 0.3585 0.0930 
          27  1 0.0706 0.1991 0.0731 0.1348 0.1052 0.0649 0.1153 0.1831 0.0539 
          28  1 0.1504 0.0593 0.0460 0.1402 0.0780 0.1775 0.2088 0.0420 0.0979 
          29  1 0.0761 0.0444 0.2527 0.1501 0.1251 0.0902 0.1058 0.1088 0.0468 
          30  1 0.0439 0.0685 0.2386 0.1543 0.1165 0.0928 0.1311 0.0815 0.0727 
          31  1 0.0408 0.0842 0.1089 0.1091 0.1038 0.1600 0.1086 0.0850 0.1998 
          32  1 0.6315 0.0405 0.0561 0.0459 0.0512 0.0334 0.0557 0.0479 0.0377 
          33  1 0.4171 0.0599 0.1314 0.0640 0.0798 0.0897 0.0555 0.0512 0.0514 
          34  1 0.1006 0.0390 0.2484 0.0942 0.1183 0.1572 0.0671 0.0676 0.1077 
          35  1 0.2008 0.0543 0.3751 0.0687 0.0852 0.0596 0.0556 0.0670 0.0337 
          36  1 0.1800 0.1324 0.0640 0.0943 0.0869 0.0800 0.0768 0.2513 0.0342 
          37  1 0.1267 0.0598 0.1159 0.1216 0.1308 0.0922 0.1164 0.1136 0.1230 
          38  1 0.1151 0.0951 0.0680 0.0585 0.2505 0.0607 0.0589 0.2015 0.0917 
          39  1 0.0644 0.0359 0.0853 0.1796 0.0763 0.3117 0.1470 0.0534 0.0463 
          40  1 0.0796 0.1949 0.0435 0.0639 0.3341 0.0964 0.0453 0.0729 0.0696 
          41  1 0.0458 0.0337 0.1017 0.1597 0.0772 0.0565 0.3407 0.0385 0.1462 
          42  1 0.2657 0.1896 0.0682 0.1041 0.0799 0.0923 0.1013 0.0355 0.0633 
          43  1 0.0294 0.0311 0.1276 0.1084 0.1209 0.2263 0.0781 0.2166 0.0616 
          44  1 0.0710 0.1337 0.1423 0.1025 0.1356 0.0739 0.1201 0.1150 0.1059 
          45  1 0.1132 0.0425 0.0444 0.1026 0.1194 0.1551 0.0934 0.0969 0.2326 
          46  1 0.1281 0.1814 0.0961 0.1355 0.1223 0.1496 0.1082 0.0364 0.0424 
          47  1 0.0305 0.0851 0.1941 0.1697 0.1354 0.1197 0.1284 0.0456 0.0915 
          48  1 0.6009 0.0398 0.0422 0.0526 0.0529 0.0529 0.0444 0.0680 0.0464 
          49  1 0.0292 0.1497 0.1612 0.0673 0.0994 0.0387 0.0869 0.2872 0.0804 
          50  1 0.0713 0.1994 0.0843 0.0930 0.1303 0.0670 0.0635 0.1739 0.1173 
          51  1 0.0361 0.0331 0.4255 0.0856 0.0851 0.0732 0.0573 0.0336 0.1704 
          52  1 0.0364 0.1581 0.0416 0.1254 0.0707 0.0423 0.2961 0.0478 0.1817 
          53  1 0.0527 0.1083 0.1109 0.0874 0.2130 0.1149 0.0746 0.1136 0.1245 
          54  1 0.0759 0.0603 0.1448 0.1035 0.1023 0.1656 0.0967 0.1791 0.0719 
          55  1 0.1329 0.0595 0.0300 0.2124 0.1061 0.1410 0.1522 0.0997 0.0663 
          56  1 0.4333 0.0549 0.0337 0.0675 0.0720 0.0914 0.0623 0.0558 0.1291 
          57  1 0.0681 0.0970 0.1210 0.0960 0.1635 0.0703 0.1480 0.0636 0.1724 
          58  1 0.7527 0.0190 0.0261 0.0362 0.0412 0.0285 0.0320 0.0289 0.0354 
          59  1 0.0813 0.1727 0.0402 0.1687 0.1044 0.1571 0.1096 0.0519 0.1141 
          60  1 0.0795 0.1431 0.2916 0.0733 0.0931 0.0554 0.0641 0.0438 0.1561 
          61  1 0.0431 0.2866 0.1241 0.0918 0.1386 0.0719 0.0670 0.0820 0.0948 
          62  1 0.1169 0.0839 0.0363 0.1456 0.1216 0.0854 0.2622 0.0376 0.1105 
          63  1 0.0660 0.2650 0.0552 0.0944 0.1064 0.1027 0.0987 0.0996 0.1120 
          64  1 0.0372 0.0692 0.0759 0.0973 0.1463 0.2092 0.1636 0.0670 0.1344 
          65  1 0.0537 0.1013 0.0639 0.1361 0.1519 0.1629 0.1149 0.1587 0.0567 
          66  1 0.0444 0.0632 0.2208 0.1351 0.1031 0.1427 0.1271 0.1050 0.0586 
          67  1 0.0222 0.0394 0.0666 0.1866 0.0555 0.0712 0.3603 0.0368 0.1614 
          68  1 0.0401 0.2460 0.0370 0.1631 0.0697 0.0579 0.1268 0.2174 0.0419 
          69  1 0.0299 0.0712 0.0295 0.0939 0.1108 0.0680 0.0621 0.0300 0.5045 
          70  1 0.2809 0.0733 0.0442 0.0784 0.1034 0.0414 0.1076 0.1669 0.1038 
          71  1 0.0679 0.0489 0.1660 0.1333 0.0999 0.1012 0.2396 0.0373 0.1058 
          72  1 0.0447 0.0432 0.0743 0.1490 0.0792 0.0569 0.3127 0.0557 0.1843 
          73  1 0.1295 0.0391 0.1450 0.1641 0.1043 0.1412 0.1296 0.0840 0.0633 
          74  1 0.0468 0.1911 0.2023 0.0790 0.1421 0.0504 0.0824 0.0890 0.1168 
          75  1 0.0674 0.0699 0.2188 0.1410 0.0913 0.0624 0.1406 0.0866 0.1220 
          76  1 0.0254 0.0867 0.0549 0.1512 0.0818 0.4051 0.0827 0.0555 0.0567 
          77  1 0.0710 0.0401 0.0827 0.2888 0.0645 0.1244 0.2293 0.0474 0.0518 
          78  1 0.0352 0.0506 0.0532 0.1002 0.1145 0.3527 0.0869 0.1263 0.0804 
          79  1 0.2917 0.0306 0.0661 0.1006 0.0567 0.0625 0.2173 0.0480 0.1267 
          80  1 0.0768 0.2145 0.0964 0.1129 0.1180 0.0903 0.1451 0.0768 0.0693 
          81  1 0.0308 0.0984 0.0478 0.1675 0.0599 0.0470 0.3951 0.0451 0.1085 
          82  1 0.2384 0.0726 0.0760 0.1059 0.1331 0.0932 0.0972 0.0387 0.1449 
          83  1 0.0254 0.7898 0.0312 0.0253 0.0270 0.0218 0.0274 0.0270 0.0252 
          84  1 0.0749 0.2656 0.0911 0.1110 0.1249 0.0902 0.1061 0.0747 0.0616 
          85  1 0.0817 0.0695 0.0709 0.1512 0.1232 0.1373 0.1353 0.0676 0.1632 
          86  1 0.1267 0.0931 0.0555 0.1449 0.1286 0.2605 0.1015 0.0346 0.0546 
          87  1 0.0228 0.0680 0.0728 0.1847 0.0731 0.1475 0.3003 0.0360 0.0947 
          88  1 0.1134 0.0414 0.0668 0.1366 0.1030 0.2682 0.0963 0.0976 0.0767 
          89  1 0.0628 0.1825 0.2055 0.0738 0.1656 0.0828 0.0551 0.0995 0.0724 
          90  1 0.0825 0.1477 0.0562 0.0894 0.0729 0.0679 0.0381 0.0299 0.4155 
          91  1 0.1089 0.1013 0.0664 0.0999 0.0962 0.2441 0.0695 0.1270 0.0867 
          92  1 0.2727 0.1063 0.0459 0.0913 0.0974 0.0500 0.1468 0.0339 0.1557 
          93  1 0.0453 0.1506 0.0910 0.1136 0.1013 0.2129 0.1249 0.0810 0.0794 
          94  1 0.0276 0.0493 0.2164 0.1499 0.1644 0.1147 0.1101 0.0793 0.0882 
          95  1 0.0441 0.0289 0.0291 0.1016 0.0514 0.0706 0.0420 0.0371 0.5953 
          96  1 0.1008 0.0645 0.2892 0.0897 0.1007 0.1064 0.0915 0.0749 0.0824 
          97  1 0.0580 0.0724 0.0375 0.1524 0.0800 0.0843 0.3084 0.0771 0.1298 
          98  1 0.0511 0.1847 0.0896 0.1499 0.1107 0.0816 0.1643 0.0910 0.0771 
          99  1 0.0529 0.0918 0.1048 0.1343 0.0998 0.0752 0.2755 0.0477 0.1180 
         100  1 0.0829 0.0780 0.0729 0.1022 0.0808 0.0730 0.1216 0.1864 0.2021 
         101  1 0.0463 0.1623 0.1295 0.0776 0.1241 0.0998 0.0727 0.1120 0.1757 
         102  1 0.4455 0.1162 0.0420 0.0419 0.0676 0.0582 0.0387 0.1586 0.0312 
         103  1 0.1585 0.0662 0.1753 0.1147 0.0899 0.0739 0.0832 0.1318 0.1065 
         104  1 0.0624 0.0635 0.0812 0.1772 0.0885 0.2196 0.1570 0.0658 0.0847 
         105  1 0.0637 0.0723 0.1419 0.1148 0.1130 0.0903 0.1361 0.1522 0.1157 
         106  1 0.0704 0.0888 0.1294 0.1427 0.1933 0.0713 0.1558 0.0706 0.0777 
         107  1 0.1328 0.1088 0.0385 0.0890 0.2463 0.0841 0.1217 0.0487 0.1301 
         108  1 0.0788 0.0975 0.0305 0.1161 0.1138 0.0776 0.1654 0.0519 0.2684 
         109  1 0.0446 0.1564 0.1522 0.1698 0.0806 0.0850 0.1338 0.0928 0.0848 
         110  1 0.0590 0.0341 0.3146 0.0559 0.0676 0.0481 0.0573 0.3157 0.0477 
         111  1 0.1881 0.1186 0.0568 0.0557 0.1868 0.0700 0.0428 0.1949 0.0863 
         112  1 0.1296 0.0643 0.1278 0.0766 0.1094 0.0941 0.0573 0.2738 0.0671 
         113  1 0.0766 0.0399 0.0635 0.1522 0.1820 0.2228 0.1331 0.0506 0.0793 
         114  1 0.0411 0.1166 0.0296 0.0615 0.0683 0.0594 0.0453 0.5329 0.0452 
         115  1 0.0688 0.1062 0.0430 0.0917 0.0905 0.0955 0.0738 0.0516 0.3789 
         116  1 0.1888 0.1467 0.0531 0.0696 0.1427 0.0626 0.0501 0.0685 0.2180 
         117  1 0.4323 0.0361 0.0416 0.0876 0.0897 0.0655 0.0786 0.0732 0.0954 
         118  1 0.0472 0.0632 0.1929 0.0880 0.0707 0.0687 0.0982 0.3250 0.0462 
         119  1 0.1703 0.0539 0.0344 0.1517 0.0970 0.0952 0.1027 0.2253 0.0695 
         120  1 0.1792 0.0314 0.0846 0.2458 0.0674 0.0895 0.1842 0.0683 0.0496 
         121  1 0.0416 0.2007 0.1967 0.0857 0.1189 0.0540 0.0883 0.1061 0.1081 
         122  1 0.0260 0.0848 0.1378 0.1493 0.0666 0.0778 0.3222 0.0369 0.0985 
         123  1 0.5217 0.0363 0.0597 0.0629 0.0790 0.0470 0.0855 0.0544 0.0534 
         124  1 0.0363 0.0917 0.0508 0.1048 0.1337 0.1723 0.1019 0.0694 0.2392 
         125  1 0.2426 0.0556 0.0395 0.1511 0.0914 0.0690 0.1430 0.0379 0.1700 
         126  1 0.0693 0.0701 0.0663 0.1560 0.2223 0.1175 0.1195 0.0573 0.1215 
         127  1 0.1550 0.0356 0.0795 0.1027 0.0702 0.3029 0.1067 0.0422 0.1052 
         128  1 0.5156 0.0607 0.0470 0.0549 0.0788 0.0788 0.0515 0.0291 0.0836 
         129  1 0.0553 0.0677 0.0328 0.1242 0.0717 0.0869 0.2844 0.0497 0.2272 
         130  1 0.0364 0.0272 0.5477 0.0671 0.0759 0.0677 0.0788 0.0277 0.0714 
         131  1 0.0375 0.0800 0.0804 0.1699 0.1823 0.1473 0.1652 0.0432 0.0944 
         132  1 0.5595 0.0338 0.0514 0.0684 0.0601 0.0909 0.0533 0.0350 0.0476 
         133  1 0.1364 0.0337 0.2320 0.0635 0.1207 0.0983 0.0506 0.2249 0.0398 
         134  1 0.0574 0.0903 0.0301 0.2358 0.1195 0.0801 0.1819 0.1338 0.0712 
         135  1 0.0355 0.0243 0.6441 0.0397 0.0679 0.0354 0.0552 0.0627 0.0353 
         136  1 0.0859 0.1864 0.0597 0.2012 0.0940 0.1070 0.1404 0.0845 0.0410 
         137  1 0.0648 0.0743 0.0394 0.1282 0.0689 0.5035 0.0487 0.0346 0.0376 
         138  1 0.1088 0.0674 0.0498 0.1041 0.1651 0.2202 0.0646 0.1553 0.0647 
         139  1 0.1231 0.0309 0.1019 0.1162 0.1014 0.1859 0.0830 0.0959 0.1616 
         140  1 0.0351 0.2787 0.0501 0.1068 0.1013 0.1232 0.1647 0.0511 0.0891 
         141  1 0.0960 0.0337 0.0598 0.0668 0.0777 0.0913 0.0702 0.4334 0.0712 
         142  1 0.5741 0.0652 0.0485 0.0520 0.0595 0.0592 0.0466 0.0438 0.0510 
         143  1 0.0455 0.1110 0.0423 0.1404 0.2193 0.0603 0.2397 0.0517 0.0899 
         144  1 0.0572 0.2264 0.1153 0.1069 0.1264 0.1374 0.0771 0.0961 0.0572 
         145  1 0.0563 0.0426 0.0438 0.0852 0.0857 0.0944 0.0472 0.3577 0.1871 
         146  1 0.0374 0.0876 0.1700 0.1537 0.1418 0.0994 0.1298 0.0708 0.1096 
         147  1 0.0647 0.2573 0.0616 0.1592 0.1068 0.0620 0.1094 0.1220 0.0570 
         148  1 0.0606 0.1683 0.1807 0.0808 0.1058 0.0910 0.0752 0.1166 0.1212 
         149  1 0.2326 0.0535 0.0436 0.1482 0.0954 0.1485 0.1153 0.0732 0.0898 
         150  1 0.0361 0.0408 0.3866 0.0795 0.0872 0.0611 0.1070 0.1449 0.0567 
         151  1 0.0627 0.0931 0.1864 0.1020 0.1031 0.0404 0.1866 0.1524 0.0733 
         152  1 0.0436 0.1217 0.0758 0.1048 0.2503 0.1395 0.0877 0.0836 0.0930 
         153  1 0.0516 0.2312 0.1351 0.1484 0.0920 0.0582 0.1358 0.0915 0.0560 
         154  1 0.0932 0.1146 0.1142 0.1201 0.1466 0.1267 0.1106 0.0578 0.1161 
         155  1 0.4243 0.0754 0.0283 0.0788 0.0771 0.0631 0.0697 0.0983 0.0849 
         156  1 0.0638 0.0598 0.2531 0.0991 0.0832 0.0557 0.1085 0.0448 0.2321 
         157  1 0.0636 0.0588 0.0420 0.1447 0.2100 0.1388 0.1096 0.0889 0.1436 
         158  1 0.0333 0.0308 0.0245 0.1407 0.0599 0.5429 0.0546 0.0406 0.0727 
         159  1 0.2130 0.0586 0.1069 0.1126 0.1004 0.0774 0.1248 0.0768 0.1297 
         160  1 0.1338 0.0498 0.0755 0.0957 0.1570 0.2060 0.0545 0.0406 0.1872 
         161  1 0.1636 0.0301 0.2025 0.0742 0.3042 0.0585 0.0602 0.0545 0.0521 
         162  1 0.0475 0.0389 0.1539 0.2210 0.0801 0.0810 0.1787 0.1180 0.0808 
         163  1 0.0964 0.0621 0.1007 0.0989 0.1293 0.0644 0.1024 0.2627 0.0831 
         164  1 0.5128 0.1298 0.0320 0.0578 0.0520 0.0929 0.0498 0.0250 0.0479 
         165  1 0.0501 0.1064 0.0690 0.1334 0.1226 0.2620 0.0857 0.0899 0.0809 
         166  1 0.0888 0.0609 0.0667 0.0992 0.2440 0.0661 0.1353 0.0872 0.1518 
         167  1 0.6842 0.0219 0.0368 0.0339 0.0421 0.0327 0.0351 0.0393 0.0739 
         168  1 0.0728 0.0540 0.1683 0.1848 0.0985 0.0780 0.1916 0.0829 0.0691 
         169  1 0.0818 0.0416 0.0308 0.1078 0.1578 0.0467 0.1735 0.2757 0.0844 
         170  1 0.0307 0.0570 0.3902 0.0881 0.0777 0.0527 0.1317 0.1090 0.0628 
         171  1 0.1247 0.1237 0.1682 0.0912 0.1035 0.0681 0.0853 0.0534 0.1820 
         172  1 0.0313 0.0766 0.1276 0.0653 0.0737 0.0785 0.0592 0.4115 0.0763 
         173  1 0.0985 0.0323 0.0538 0.2476 0.0826 0.0828 0.2307 0.0881 0.0835 
         174  1 0.0472 0.1338 0.0411 0.2139 0.1172 0.1140 0.1745 0.1081 0.0501 
         175  1 0.0454 0.0596 0.2375 0.0960 0.1512 0.1640 0.1210 0.0671 0.0582 
         176  1 0.0349 0.0541 0.6145 0.0480 0.0567 0.0521 0.0474 0.0551 0.0373 
         177  1 0.0343 0.2986 0.0816 0.1035 0.0559 0.2269 0.0936 0.0262 0.0793 
         178  1 0.0501 0.0648 0.0759 0.1306 0.1211 0.2544 0.1234 0.0807 0.0989 
         179  1 0.1131 0.0612 0.0444 0.1220 0.1270 0.1856 0.1141 0.1255 0.1072 
         180  1 0.0388 0.0958 0.1862 0.1134 0.0868 0.0865 0.1297 0.0836 0.1793 
         181  1 0.1698 0.0409 0.1140 0.1114 0.0972 0.0918 0.0771 0.0683 0.2296 
         182  1 0.0240 0.8084 0.0195 0.0258 0.0228 0.0242 0.0263 0.0191 0.0300 
         183  1 0.0614 0.0414 0.2604 0.0823 0.2352 0.0502 0.0602 0.1155 0.0934 
         184  1 0.0509 0.0999 0.1793 0.1520 0.1050 0.0729 0.1244 0.0988 0.1169 
         185  1 0.1215 0.0478 0.1189 0.1515 0.1612 0.0722 0.1127 0.1014 0.1127 
         186  1 0.1251 0.1043 0.2111 0.0834 0.1352 0.0611 0.0747 0.1029 0.1023 
         187  1 0.0598 0.0406 0.2577 0.0763 0.1022 0.1576 0.0614 0.1890 0.0554 
         188  1 0.3175 0.0791 0.0381 0.0897 0.0942 0.0678 0.0700 0.1731 0.0704 
         189  1 0.0440 0.1117 0.0661 0.0797 0.1234 0.0576 0.0537 0.2064 0.2574 
         190  1 0.0612 0.0582 0.0796 0.1183 0.0728 0.0823 0.2053 0.2229 0.0994 
         191  1 0.0819 0.0377 0.1279 0.1483 0.2004 0.1115 0.1267 0.0834 0.0821 
         192  1 0.0439 0.1122 0.0329 0.2417 0.1117 0.0606 0.2255 0.0500 0.1215 
         193  1 0.0515 0.0603 0.0918 0.1696 0.1186 0.0927 0.1396 0.1937 0.0820 
         194  1 0.2916 0.0545 0.1283 0.1356 0.1225 0.0782 0.1001 0.0478 0.0416 
         195  1 0.0322 0.0494 0.0446 0.1795 0.0963 0.1643 0.2847 0.0667 0.0822 
         196  1 0.0707 0.0646 0.0723 0.0616 0.1372 0.0944 0.0508 0.3841 0.0642 
         197  1 0.4635 0.1252 0.0732 0.0630 0.0687 0.0450 0.0584 0.0512 0.0517 
         198  1 0.0612 0.0304 0.0420 0.0893 0.0789 0.0363 0.0805 0.5015 0.0798 
         199  1 0.0575 0.4789 0.0359 0.0787 0.0707 0.0784 0.0607 0.0279 0.1114 
         200  1 0.1575 0.0347 0.0832 0.1113 0.1261 0.0695 0.0934 0.1586 0.1656 
         201  1 0.0335 0.2470 0.1000 0.1090 0.0786 0.2164 0.1029 0.0404 0.0720 
         202  1 0.0724 0.1549 0.2001 0.1116 0.1245 0.0859 0.0879 0.0787 0.0839 
         203  1 0.0534 0.0670 0.0679 0.2412 0.0861 0.0840 0.2281 0.0426 0.1297 
         204  1 0.0314 0.1611 0.1321 0.0992 0.0928 0.0941 0.0860 0.1652 0.1381 
         205  1 0.0862 0.1829 0.0785 0.1028 0.1375 0.1499 0.1062 0.0918 0.0642 
         206  1 0.0502 0.0638 0.0666 0.1185 0.1028 0.1694 0.1550 0.0448 0.2288 
         207  1 0.0487 0.0951 0.0334 0.2665 0.1340 0.0799 0.2054 0.0781 0.0590 
         208  1 0.0378 0.1243 0.2256 0.0811 0.1102 0.1028 0.0696 0.0903 0.1584 
         209  1 0.0724 0.0372 0.0863 0.1424 0.1580 0.2105 0.1261 0.0358 0.1314 
         210  1 0.0591 0.0462 0.4354 0.0819 0.0933 0.0669 0.0974 0.0416 0.0782 
         211  1 0.0261 0.0786 0.0751 0.1448 0.1056 0.2836 0.1645 0.0485 0.0732 
         212  1 0.0816 0.0501 0.0447 0.0560 0.0812 0.0465 0.0495 0.5581 0.0322 
         213  1 0.1529 0.0550 0.0540 0.1306 0.1175 0.1227 0.1270 0.1330 0.1072 
         214  1 0.0415 0.0670 0.0642 0.1142 0.1383 0.0581 0.2636 0.0534 0.1998 
         215  1 0.1720 0.0920 0.0718 0.0750 0.1320 0.0864 0.0574 0.1694 0.1441 
         216  1 0.0529 0.0352 0.0393 0.1518 0.0911 0.1882 0.1737 0.1278 0.1401 
         217  1 0.1249 0.0373 0.0626 0.1093 0.1382 0.1860 0.0734 0.2208 0.0476 
         218  1 0.3771 0.0314 0.0372 0.0757 0.0835 0.0578 0.0738 0.0871 0.1763 
         219  1 0.0545 0.0987 0.2870 0.0910 0.0829 0.0689 0.0863 0.1287 0.1020 
         220  1 0.0415 0.0737 0.0610 0.1874 0.1850 0.1472 0.1254 0.0630 0.1159 
         221  1 0.0403 0.5640 0.0324 0.0569 0.0523 0.0459 0.0650 0.0478 0.0954 
         222  1 0.0619 0.0344 0.0674 0.1999 0.1421 0.1052 0.1485 0.1016 0.1389 
         223  1 0.1042 0.0887 0.0605 0.1010 0.1916 0.1749 0.0758 0.0932 0.1100 
         224  1 0.0357 0.1375 0.1293 0.1531 0.1266 0.1314 0.1527 0.0467 0.0870 
         225  1 0.0272 0.0612 0.0744 0.1482 0.1903 0.2139 0.1624 0.0318 0.0907 
         226  1 0.1071 0.0436 0.2900 0.0855 0.0944 0.1730 0.0626 0.0756 0.0682 
         227  1 0.0647 0.0459 0.0451 0.1518 0.0929 0.2001 0.1999 0.0714 0.1281 
         228  1 0.1091 0.0725 0.0911 0.0982 0.1002 0.2661 0.0737 0.0995 0.0897 
         229  1 0.1259 0.1914 0.0724 0.0831 0.1274 0.0987 0.0594 0.1154 0.1263 
         230  1 0.0394 0.0401 0.0775 0.0540 0.0509 0.0402 0.0440 0.6135 0.0405 
         231  1 0.0619 0.0642 0.2270 0.1127 0.0991 0.2658 0.0854 0.0426 0.0413 
         232  1 0.0611 0.2624 0.0377 0.1244 0.0777 0.2125 0.0845 0.0322 0.1073 
         233  1 0.0430 0.0305 0.0446 0.0577 0.0799 0.0806 0.0578 0.5749 0.0310 
         234  1 0.0779 0.0464 0.1024 0.1217 0.1347 0.2420 0.0950 0.0639 0.1161 
         235  1 0.0555 0.1199 0.2965 0.0867 0.1216 0.0673 0.0673 0.0615 0.1237 
         236  1 0.1898 0.0831 0.0322 0.0614 0.0618 0.0677 0.0477 0.3656 0.0908 
         237  1 0.0743 0.1579 0.0626 0.1351 0.1113 0.2586 0.1000 0.0466 0.0535 
         238  1 0.0740 0.0742 0.1251 0.0653 0.2568 0.0701 0.0552 0.1300 0.1493 
         239  1 0.0782 0.0887 0.1399 0.0829 0.0796 0.0870 0.1046 0.2580 0.0812 
         240  1 0.1232 0.1154 0.1682 0.1204 0.1160 0.1224 0.0972 0.0741 0.0631 
         241  1 0.0341 0.0831 0.0807 0.1236 0.1076 0.1654 0.1742 0.0945 0.1367 
         242  1 0.0803 0.2188 0.0452 0.0922 0.1178 0.0506 0.1208 0.1213 0.1530 
         243  1 0.2587 0.0792 0.0660 0.1109 0.0971 0.0530 0.1428 0.0573 0.1349 
         244  1 0.0308 0.1948 0.0498 0.0927 0.0823 0.3151 0.0509 0.0476 0.1359 
         245  1 0.2335 0.0540 0.2503 0.0741 0.0787 0.0673 0.0946 0.0698 0.0775 
         246  1 0.1510 0.0729 0.0451 0.0976 0.0837 0.0647 0.0935 0.2793 0.1122 
         247  1 0.0352 0.0442 0.0602 0.1151 0.0720 0.2347 0.1123 0.2626 0.0637 
         248  1 0.0321 0.0323 0.0677 0.1573 0.0673 0.4376 0.0717 0.0942 0.0398 
         249  1 0.0581 0.0598 0.2470 0.0874 0.1495 0.0669 0.0951 0.0907 0.1454 
         250  1 0.4037 0.0598 0.0521 0.0651 0.0815 0.0543 0.0507 0.1005 0.1323 
         251  1 0.0906 0.0642 0.1270 0.1412 0.2013 0.1315 0.1084 0.0692 0.0666 
         252  1 0.0517 0.0482 0.1411 0.1584 0.1145 0.0782 0.2881 0.0269 0.0928 
         253  1 0.2350 0.0762 0.0589 0.0974 0.0905 0.0715 0.1571 0.0512 0.1622 
         254  1 0.1015 0.0322 0.1256 0.0588 0.1098 0.0611 0.0506 0.3731 0.0873 
         255  1 0.0506 0.4563 0.0751 0.0630 0.0660 0.0660 0.0561 0.0600 0.1069 
         256  1 0.1331 0.0549 0.0431 0.1161 0.1485 0.1203 0.0882 0.0424 0.2533 
         257  1 0.0585 0.0255 0.1327 0.1161 0.0687 0.0565 0.2786 0.0653 0.1980 
         258  1 0.0721 0.1327 0.1088 0.0930 0.0939 0.0941 0.0605 0.0703 0.2746 
         259  1 0.0403 0.0528 0.0536 0.1077 0.0849 0.0974 0.1652 0.2750 0.1231 
         260  1 0.0685 0.1306 0.0593 0.1606 0.0880 0.1653 0.1532 0.0633 0.1112 
         261  1 0.0464 0.0354 0.1550 0.1063 0.0931 0.2729 0.0941 0.1294 0.0674 
         262  1 0.0689 0.1392 0.1954 0.1032 0.1016 0.1142 0.0890 0.0621 0.1264 
         263  1 0.0321 0.0492 0.1369 0.0886 0.0994 0.1119 0.0440 0.0655 0.3724 
         264  1 0.0681 0.2534 0.0375 0.0734 0.0930 0.1548 0.0693 0.1918 0.0587 
         265  1 0.0340 0.1466 0.1008 0.0914 0.2037 0.1529 0.0544 0.0516 0.1646 
         266  1 0.2443 0.0409 0.2266 0.0777 0.1327 0.0676 0.0732 0.0305 0.1064 
         267  1 0.0317 0.3318 0.0958 0.0685 0.1823 0.0497 0.0585 0.0670 0.1147 
         268  1 0.0430 0.0292 0.0423 0.0472 0.0694 0.0525 0.0682 0.5992 0.0491 
         269  1 0.0421 0.1434 0.3320 0.0875 0.0696 0.0664 0.1273 0.0621 0.0696 
         270  1 0.0297 0.1532 0.1854 0.0972 0.1430 0.0946 0.0843 0.1232 0.0893 
         271  1 0.1293 0.0864 0.1112 0.1140 0.1716 0.1307 0.1013 0.0834 0.0721 
         272  1 0.0321 0.0405 0.0465 0.0969 0.0772 0.1089 0.1562 0.3586 0.0831 
         273  1 0.0726 0.2120 0.0535 0.0863 0.1355 0.1621 0.0653 0.1193 0.0934 
         274  1 0.0301 0.0525 0.1434 0.0481 0.0643 0.0493 0.0430 0.5339 0.0353 
         275  1 0.0491 0.2726 0.2234 0.0722 0.0723 0.0954 0.0691 0.0963 0.0495 
         276  1 0.2536 0.0595 0.0320 0.1053 0.0999 0.1745 0.1226 0.0411 0.1115 
         277  1 0.0311 0.6823 0.0761 0.0382 0.0350 0.0284 0.0399 0.0352 0.0337 
         278  1 0.0252 0.2526 0.0976 0.1103 0.0745 0.0760 0.2033 0.0753 0.0853 
         279  1 0.1193 0.1628 0.0534 0.1505 0.1166 0.0970 0.1026 0.0984 0.0994 
         280  1 0.0766 0.0711 0.0368 0.0893 0.0789 0.1391 0.0641 0.3283 0.1158 
         281  1 0.0417 0.0764 0.1258 0.0917 0.3202 0.0504 0.1189 0.0976 0.0773 
         282  1 0.0449 0.0357 0.2518 0.0901 0.0705 0.0523 0.1397 0.0816 0.2334 
         283  1 0.2033 0.1815 0.0955 0.0924 0.0960 0.0985 0.0703 0.0686 0.0938 
         284  1 0.0573 0.5556 0.0304 0.0646 0.0621 0.0811 0.0539 0.0474 0.0476 
         285  1 0.0598 0.0433 0.0555 0.1173 0.1067 0.3425 0.0870 0.1037 0.0843 
         286  1 0.0329 0.2039 0.0499 0.0786 0.1409 0.0542 0.0854 0.1835 0.1707 
         287  1 0.2653 0.1047 0.0622 0.1247 0.0836 0.0592 0.0968 0.1083 0.0952 
         288  1 0.0196 0.8271 0.0198 0.0223 0.0224 0.0260 0.0207 0.0203 0.0218 
         289  1 0.1019 0.0599 0.2036 0.1085 0.1224 0.0961 0.1128 0.1347 0.0601 
         290  1 0.0308 0.0335 0.0352 0.1695 0.0737 0.2995 0.1309 0.1951 0.0318 
         291  1 0.2820 0.0347 0.1395 0.0642 0.1707 0.0650 0.0426 0.1033 0.0980 
         292  1 0.1543 0.1100 0.0759 0.0872 0.1498 0.0743 0.1439 0.0410 0.1636 
         293  1 0.0997 0.0414 0.1631 0.0612 0.0790 0.0431 0.0804 0.3716 0.0607 
         294  1 0.0444 0.0980 0.1076 0.1170 0.1286 0.1426 0.1217 0.0738 0.1661 
         295  1 0.6202 0.0213 0.0280 0.0698 0.0480 0.0427 0.0735 0.0300 0.0664 
         296  1 0.0596 0.4827 0.0686 0.0684 0.0612 0.0698 0.0495 0.0557 0.0846 
         297  1 0.0480 0.1550 0.2557 0.1141 0.0946 0.1154 0.0999 0.0606 0.0567 
         298  1 0.1058 0.0224 0.0532 0.1294 0.0720 0.0785 0.2699 0.1137 0.1551 
         299  1 0.6268 0.0302 0.0342 0.0576 0.0487 0.0534 0.0580 0.0370 0.0542 
         300  1 0.0791 0.0976 0.2788 0.0955 0.0973 0.0578 0.0942 0.0920 0.1077 
         301  1 0.1827 0.1064 0.1587 0.0966 0.1118 0.0634 0.0994 0.0557 0.1253 
         302  1 0.7376 0.0281 0.0309 0.0338 0.0365 0.0290 0.0325 0.0412 0.0302 
         303  1 0.0362 0.0438 0.0789 0.0929 0.2541 0.1076 0.0907 0.2411 0.0547 
         304  1 0.0633 0.0446 0.0415 0.1266 0.0860 0.0525 0.2553 0.1653 0.1649 
         305  1 0.0437 0.0484 0.1092 0.1743 0.1097 0.1879 0.1290 0.0678 0.1299 
         306  1 0.3188 0.3565 0.0357 0.0447 0.0511 0.0385 0.0366 0.0367 0.0815 
         307  1 0.1120 0.0765 0.0695 0.1234 0.1323 0.1102 0.1657 0.1340 0.0765 
         308  1 0.0548 0.0728 0.0609 0.1775 0.1159 0.1001 0.1277 0.0804 0.2098 
         309  1 0.0524 0.2038 0.0808 0.1008 0.1043 0.0775 0.1881 0.0988 0.0935 
         310  1 0.0587 0.2762 0.1667 0.0878 0.1430 0.0659 0.0702 0.0628 0.0688 
         311  1 0.1857 0.2729 0.0738 0.0845 0.0902 0.0585 0.1109 0.0342 0.0892 
         312  1 0.0483 0.1716 0.3108 0.0645 0.0884 0.0581 0.0679 0.1045 0.0859 
         313  1 0.2159 0.1516 0.0825 0.0734 0.0999 0.1291 0.0750 0.0910 0.0817 
         314  1 0.0673 0.1785 0.0373 0.0878 0.1444 0.1032 0.0719 0.0640 0.2456 
         315  1 0.0701 0.1403 0.0927 0.1231 0.0917 0.1353 0.0983 0.0285 0.2198 
         316  1 0.0512 0.0560 0.0878 0.0814 0.0912 0.0723 0.0559 0.1078 0.3964 
         317  1 0.0282 0.1091 0.2822 0.1062 0.0763 0.0794 0.0853 0.0922 0.1413 
         318  1 0.0469 0.0353 0.6423 0.0402 0.0656 0.0434 0.0513 0.0387 0.0363 
         319  1 0.1184 0.0561 0.1238 0.1777 0.1384 0.1133 0.1352 0.0769 0.0602 
         320  1 0.3171 0.1296 0.0365 0.0988 0.0675 0.1076 0.0910 0.0485 0.1034 
         321  1 0.0419 0.0601 0.1450 0.1169 0.1330 0.2453 0.0566 0.1412 0.0599 
         322  1 0.0537 0.0775 0.0443 0.1078 0.1531 0.2504 0.0762 0.1235 0.1135 
         323  1 0.1071 0.2730 0.0928 0.1650 0.0643 0.0554 0.1386 0.0495 0.0542 
         324  1 0.0407 0.0400 0.1622 0.1397 0.1604 0.1768 0.1408 0.0406 0.0987 
         325  1 0.0613 0.0527 0.0712 0.0605 0.0744 0.0705 0.0568 0.4489 0.1036 
         326  1 0.0340 0.3623 0.0548 0.1251 0.0764 0.0607 0.1411 0.0687 0.0769 
         327  1 0.0715 0.0477 0.1707 0.1238 0.0990 0.1228 0.1137 0.1605 0.0902 
         328  1 0.0444 0.0402 0.1747 0.1160 0.1203 0.0944 0.1277 0.0415 0.2408 
         329  1 0.0593 0.0877 0.0836 0.1302 0.0948 0.2331 0.1543 0.0518 0.1050 
         330  1 0.0264 0.0351 0.0424 0.1407 0.0653 0.4195 0.0968 0.0309 0.1428 
         331  1 0.0755 0.1082 0.1682 0.1471 0.1428 0.0806 0.1486 0.0731 0.0559 
         332  1 0.0443 0.0506 0.2125 0.1234 0.1400 0.0464 0.1821 0.1283 0.0723 
         333  1 0.0510 0.1442 0.1980 0.1516 0.0863 0.1005 0.1477 0.0395 0.0812 
         334  1 0.0368 0.0944 0.3370 0.0650 0.0963 0.0566 0.0703 0.0965 0.1472 
         335  1 0.0644 0.0889 0.0407 0.2282 0.0860 0.0595 0.2515 0.1071 0.0737 
         336  1 0.0591 0.1612 0.0500 0.1398 0.1144 0.1474 0.1093 0.0914 0.1272 
         337  1 0.0864 0.0981 0.2245 0.1080 0.1149 0.0948 0.0910 0.1322 0.0501 
         338  1 0.0529 0.0757 0.0473 0.1210 0.0773 0.1694 0.1747 0.0537 0.2280 
         339  1 0.2029 0.0405 0.0476 0.1095 0.0922 0.1669 0.1727 0.0492 0.1184 
         340  1 0.0430 0.0645 0.0941 0.1220 0.1048 0.1184 0.0917 0.3007 0.0609 
         341  1 0.2077 0.0807 0.0410 0.1331 0.1432 0.0688 0.0945 0.1086 0.1224 
         342  1 0.0358 0.0277 0.0598 0.1683 0.0537 0.0542 0.3920 0.0350 0.1735 
         343  1 0.0263 0.0865 0.0442 0.1250 0.0521 0.0549 0.1843 0.0871 0.3396 
         344  1 0.0352 0.0687 0.2299 0.0954 0.0733 0.0661 0.1044 0.2580 0.0690 
         345  1 0.0613 0.2253 0.1162 0.0971 0.0929 0.0651 0.1613 0.0763 0.1045 
         346  1 0.0891 0.0578 0.1231 0.1413 0.1363 0.1232 0.1187 0.0635 0.1469 
         347  1 0.0523 0.0364 0.0387 0.1316 0.1094 0.3378 0.1036 0.0585 0.1316 
         348  1 0.1370 0.0521 0.0840 0.1611 0.1259 0.0766 0.1292 0.1020 0.1322 
         349  1 0.0506 0.3728 0.0744 0.1055 0.0867 0.0585 0.0876 0.1161 0.0477 
         350  1 0.1346 0.0490 0.1442 0.1177 0.1576 0.0879 0.1390 0.0852 0.0847 
         351  1 0.1195 0.0812 0.0847 0.0762 0.1180 0.0658 0.0604 0.2905 0.1037 
         352  1 0.1278 0.1348 0.0685 0.0806 0.0852 0.0581 0.1174 0.2182 0.1094 
         353  1 0.1450 0.1275 0.0717 0.1139 0.1030 0.2468 0.0649 0.0372 0.0901 
         354  1 0.0559 0.0892 0.0668 0.1375 0.0863 0.1931 0.1964 0.0449 0.1298 
         355  1 0.1359 0.1648 0.1148 0.0706 0.1371 0.0843 0.0983 0.1154 0.0789 
         356  1 0.1626 0.0667 0.0900 0.0879 0.1013 0.0696 0.1383 0.0904 0.1932 
         357  1 0.0607 0.0532 0.0707 0.2827 0.0898 0.0729 0.2408 0.0648 0.0643 
         358  1 0.1203 0.2598 0.0542 0.0774 0.1033 0.0813 0.0928 0.1420 0.0689 
         359  1 0.2766 0.0579 0.0728 0.1147 0.1044 0.0996 0.0858 0.0668 0.1214 
         360  1 0.0807 0.0649 0.0863 0.1193 0.1092 0.0619 0.0873 0.2663 0.1240 
         361  1 0.3065 0.0571 0.0459 0.0941 0.0833 0.0537 0.1365 0.0666 0.1564 
         362  1 0.0982 0.0965 0.2315 0.0958 0.1292 0.1252 0.0991 0.0721 0.0525 
         363  1 0.0425 0.0564 0.2501 0.0944 0.1087 0.0714 0.0810 0.2141 0.0814 
         364  1 0.0556 0.1535 0.2573 0.0787 0.0930 0.1012 0.0821 0.0892 0.0893 
         365  1 0.1116 0.0660 0.1650 0.0899 0.1155 0.1499 0.0643 0.1103 0.1276 
         366  1 0.1288 0.0634 0.0458 0.1948 0.0808 0.0591 0.1616 0.1759 0.0899 
         367  1 0.1549 0.1231 0.1100 0.0704 0.1557 0.1075 0.0708 0.0855 0.1221 
         368  1 0.0693 0.0241 0.0518 0.1328 0.0442 0.5465 0.0568 0.0345 0.0398 
         369  1 0.0699 0.1349 0.0385 0.2520 0.0944 0.1180 0.1810 0.0540 0.0572 
         370  1 0.1121 0.2072 0.0514 0.1285 0.1218 0.1486 0.0964 0.0460 0.0881 
         371  1 0.1914 0.2203 0.0443 0.0934 0.0746 0.0610 0.0980 0.0887 0.1283 
         372  1 0.5273 0.0592 0.0483 0.0516 0.0747 0.0557 0.0521 0.0767 0.0546 
         373  1 0.1687 0.1154 0.1038 0.1140 0.1450 0.0798 0.1027 0.1037 0.0669 
         374  1 0.0666 0.1761 0.0334 0.0594 0.0899 0.1113 0.0677 0.3452 0.0504 
         375  1 0.0542 0.0828 0.0534 0.1052 0.1153 0.0646 0.1368 0.2057 0.1819 
         376  1 0.0497 0.0856 0.0669 0.1250 0.1266 0.1289 0.0804 0.1766 0.1603 
         377  1 0.1300 0.0288 0.0474 0.1095 0.2629 0.1514 0.0768 0.0937 0.0996 
         378  1 0.0848 0.0505 0.1057 0.0896 0.3634 0.0755 0.0681 0.0536 0.1087 
         379  1 0.6862 0.0343 0.0297 0.0365 0.0399 0.0295 0.0373 0.0677 0.0388 
         380  1 0.0781 0.0368 0.0371 0.2954 0.1317 0.1173 0.2248 0.0335 0.0454 
         381  1 0.0924 0.1246 0.1468 0.1012 0.1236 0.1559 0.0779 0.0581 0.1195 
         382  1 0.1001 0.1137 0.1137 0.1373 0.1243 0.0882 0.1409 0.0742 0.1075 
         383  1 0.1276 0.1612 0.0694 0.0986 0.0939 0.1252 0.1160 0.0561 0.1519 
         384  1 0.4764 0.0262 0.0912 0.0399 0.0736 0.0292 0.0547 0.1703 0.0384 
         385  1 0.0314 0.0584 0.4197 0.0863 0.1042 0.0713 0.1065 0.0504 0.0719 
         386  1 0.6031 0.0272 0.0335 0.0770 0.0596 0.0433 0.0771 0.0317 0.0475 
         387  1 0.0505 0.0322 0.0379 0.1426 0.0939 0.3634 0.0851 0.1270 0.0674 
         388  1 0.3788 0.0314 0.0372 0.0636 0.0889 0.0458 0.0615 0.2161 0.0768 
         389  1 0.0468 0.4180 0.0962 0.0937 0.0755 0.0558 0.0789 0.0759 0.0592 
         390  1 0.0488 0.0390 0.0369 0.1582 0.0915 0.1386 0.3238 0.0468 0.1164 
         391  1 0.2856 0.0256 0.0695 0.0798 0.0904 0.1022 0.0509 0.0624 0.2336 
         392  1 0.0665 0.1518 0.0428 0.1749 0.0780 0.0686 0.2310 0.0549 0.1316 
         393  1 0.2935 0.0226 0.0486 0.0839 0.0597 0.0420 0.0764 0.3336 0.0398 
         394  1 0.0205 0.0518 0.0391 0.1828 0.0622 0.0544 0.4045 0.0509 0.1338 
         395  1 0.0750 0.1711 0.1069 0.0928 0.1056 0.1022 0.0917 0.1602 0.0945 
         396  1 0.0420 0.0539 0.4683 0.0736 0.0862 0.0548 0.0776 0.0767 0.0669 
         397  1 0.0301 0.1883 0.3118 0.0842 0.0682 0.0701 0.0844 0.1108 0.0521 
         398  1 0.0649 0.0283 0.0672 0.1390 0.1220 0.1080 0.1290 0.1175 0.2241 
         399  1 0.1716 0.0423 0.0849 0.0938 0.1298 0.0914 0.0855 0.1553 0.1452 
         400  1 0.2506 0.1611 0.0564 0.0892 0.0794 0.0688 0.0568 0.0516 0.1862 
         401  1 0.1177 0.0279 0.2550 0.0876 0.1169 0.1913 0.0602 0.0499 0.0936 
         402  1 0.0578 0.0938 0.4192 0.0833 0.1097 0.0660 0.0729 0.0381 0.0592 
         403  1 0.0357 0.2354 0.2506 0.0647 0.0977 0.0555 0.0870 0.0510 0.1224 
         404  1 0.0465 0.0708 0.1101 0.1126 0.1024 0.0829 0.1358 0.0478 0.2911 
         405  1 0.0311 0.0457 0.0454 0.0677 0.0637 0.0512 0.1061 0.5341 0.0551 
         406  1 0.1028 0.1119 0.0718 0.0751 0.2773 0.0695 0.1363 0.0542 0.1011 
         407  1 0.2705 0.0534 0.0358 0.0680 0.0634 0.0428 0.0541 0.3765 0.0355 
         408  1 0.0474 0.0434 0.1121 0.1800 0.1583 0.1017 0.1307 0.1082 0.1182 
         409  1 0.0548 0.0442 0.1060 0.1004 0.1091 0.1373 0.0744 0.0930 0.2807 
         410  1 0.0660 0.0870 0.0635 0.1440 0.1186 0.0883 0.1475 0.1561 0.1290 
         411  1 0.0228 0.1031 0.1476 0.1676 0.0857 0.1754 0.1476 0.0917 0.0586 
         412  1 0.0838 0.0215 0.0536 0.0918 0.2613 0.1459 0.0837 0.1838 0.0747 
         413  1 0.0234 0.2427 0.3165 0.0723 0.0680 0.0634 0.0620 0.0354 0.1166 
         414  1 0.0598 0.0384 0.0821 0.2255 0.1801 0.1247 0.1418 0.0761 0.0715 
         415  1 0.0885 0.0226 0.0317 0.1304 0.0992 0.4732 0.0724 0.0313 0.0507 
         416  1 0.0382 0.0407 0.6269 0.0390 0.0490 0.0368 0.0318 0.1075 0.0302 
         417  1 0.0581 0.0365 0.0668 0.1845 0.1133 0.1043 0.2707 0.0488 0.1170 
         418  1 0.0455 0.0575 0.0597 0.1798 0.1039 0.3251 0.1107 0.0570 0.0608 
         419  1 0.0473 0.0764 0.0504 0.1727 0.1114 0.2248 0.1794 0.0560 0.0816 
         420  1 0.0442 0.1025 0.1074 0.0849 0.1224 0.0955 0.0691 0.3165 0.0574 
         421  1 0.0354 0.0586 0.0810 0.1336 0.0917 0.3032 0.1495 0.0713 0.0757 
         422  1 0.0632 0.0821 0.1399 0.1187 0.1693 0.1013 0.1400 0.0505 0.1351 
         423  1 0.1101 0.1054 0.2705 0.1041 0.1619 0.0448 0.1008 0.0653 0.0371 
         424  1 0.0351 0.0943 0.2798 0.0895 0.0971 0.0868 0.0923 0.1651 0.0601 
         425  1 0.0780 0.1160 0.0451 0.0966 0.0960 0.3328 0.0434 0.0655 0.1267 
         426  1 0.1348 0.0566 0.0364 0.1428 0.1260 0.2450 0.1053 0.0515 0.1016 
         427  1 0.0674 0.0253 0.1038 0.2194 0.1070 0.1109 0.2132 0.0399 0.1130 
         428  1 0.0724 0.0539 0.1024 0.0952 0.1099 0.0700 0.1261 0.0559 0.3143 
         429  1 0.2990 0.2818 0.0387 0.0643 0.0538 0.0409 0.0569 0.0489 0.1157 
         430  1 0.0517 0.0510 0.0557 0.0933 0.1392 0.0883 0.0579 0.0572 0.4057 
         431  1 0.0299 0.0903 0.3236 0.1126 0.1307 0.0568 0.1005 0.0591 0.0966 
         432  1 0.1240 0.0689 0.0541 0.0918 0.1083 0.0693 0.0651 0.2283 0.1902 
         433  1 0.2420 0.0427 0.1939 0.0715 0.1968 0.0654 0.0624 0.0599 0.0655 
         434  1 0.0518 0.0492 0.0474 0.0886 0.0874 0.0811 0.1041 0.4233 0.0672 
         435  1 0.0505 0.0521 0.0997 0.1496 0.0838 0.1235 0.1376 0.2180 0.0853 
         436  1 0.0552 0.1593 0.1024 0.0869 0.2691 0.0886 0.0467 0.0357 0.1560 
         437  1 0.1670 0.0427 0.2560 0.0991 0.1078 0.0793 0.0961 0.0797 0.0724 
         438  1 0.4952 0.0256 0.0680 0.0690 0.1091 0.0447 0.0934 0.0431 0.0520 
         439  1 0.0549 0.0703 0.0539 0.1320 0.0808 0.4702 0.0564 0.0340 0.0475 
         440  1 0.0530 0.5171 0.0599 0.0582 0.0680 0.0576 0.0561 0.0532 0.0769 
         441  1 0.0816 0.0514 0.0848 0.2159 0.1050 0.1584 0.1631 0.0544 0.0855 
         442  1 0.0307 0.0530 0.5497 0.0686 0.0670 0.0574 0.0752 0.0372 0.0614 
         443  1 0.1295 0.1392 0.1771 0.0694 0.1047 0.0711 0.0566 0.0913 0.1611 
         444  1 0.2435 0.0551 0.1052 0.1470 0.0971 0.0557 0.1722 0.0472 0.0770 
         445  1 0.0983 0.1798 0.0601 0.0871 0.1353 0.0940 0.1333 0.0283 0.1838 
         446  1 0.0334 0.0315 0.0576 0.1036 0.0522 0.0753 0.0609 0.0324 0.5531 
         447  1 0.0544 0.0397 0.1045 0.0689 0.0684 0.0682 0.0672 0.4446 0.0842 
         448  1 0.0712 0.0387 0.0487 0.0995 0.0776 0.1162 0.0697 0.0876 0.3908 
         449  1 0.1051 0.3303 0.0651 0.0518 0.0645 0.0552 0.0408 0.2365 0.0507 
         450  1 0.0324 0.2124 0.0867 0.2132 0.0858 0.0645 0.1838 0.0606 0.0606 
         451  1 0.0864 0.2307 0.0583 0.1831 0.1012 0.0759 0.1494 0.0511 0.0639 
         452  1 0.0638 0.2919 0.0833 0.1008 0.0583 0.0463 0.2006 0.0552 0.0999 
         453  1 0.0634 0.0827 0.1633 0.2246 0.0787 0.0803 0.1793 0.0669 0.0610 
         454  1 0.0291 0.3075 0.2610 0.0547 0.0897 0.0470 0.0538 0.0871 0.0701 
         455  1 0.0663 0.0335 0.1253 0.1385 0.1869 0.1099 0.2017 0.0403 0.0977 
         456  1 0.0460 0.0327 0.0337 0.1017 0.0666 0.1004 0.0922 0.0464 0.4802 
         457  1 0.0703 0.0442 0.0833 0.2823 0.1201 0.1086 0.2056 0.0343 0.0513 
         458  1 0.0656 0.6279 0.0230 0.0466 0.0447 0.0480 0.0433 0.0427 0.0582 
         459  1 0.1089 0.0404 0.0467 0.1087 0.1018 0.1841 0.0708 0.0515 0.2871 
         460  1 0.0950 0.0585 0.1967 0.1124 0.1100 0.0459 0.2016 0.0713 0.1086 
         461  1 0.0232 0.0377 0.0619 0.0352 0.0350 0.0318 0.0342 0.7082 0.0327 
         462  1 0.0216 0.0409 0.0542 0.1578 0.1147 0.1205 0.2491 0.1262 0.1150 
         463  1 0.1986 0.0963 0.0612 0.1224 0.2188 0.0565 0.0981 0.0625 0.0855 
         464  1 0.1438 0.0630 0.2774 0.0947 0.1212 0.1138 0.1005 0.0325 0.0532 
         465  1 0.0463 0.0684 0.0461 0.1236 0.0954 0.2792 0.1046 0.0478 0.1887 
         466  1 0.2072 0.0380 0.0580 0.0981 0.2552 0.0694 0.0859 0.1109 0.0773 
         467  1 0.0889 0.4441 0.0553 0.0485 0.1127 0.0526 0.0442 0.0876 0.0662 
         468  1 0.1781 0.1600 0.0726 0.0777 0.1179 0.0965 0.0784 0.1251 0.0937 
         469  1 0.0847 0.0525 0.0457 0.1231 0.0828 0.3732 0.0658 0.0882 0.0840 
         470  1 0.2071 0.0417 0.1234 0.0908 0.1569 0.1352 0.0767 0.0747 0.0936 
         471  1 0.0299 0.7195 0.0303 0.0447 0.0323 0.0301 0.0532 0.0291 0.0309 
         472  1 0.4939 0.0282 0.1774 0.0498 0.0576 0.0410 0.0477 0.0605 0.0439 
         473  1 0.0796 0.0444 0.1410 0.0600 0.4322 0.0353 0.0526 0.1036 0.0514 
         474  1 0.0413 0.0762 0.1309 0.1148 0.0877 0.2087 0.0774 0.1343 0.1287 
         475  1 0.0955 0.0510 0.0990 0.1453 0.1678 0.1373 0.1833 0.0513 0.0694 
         476  1 0.0797 0.0647 0.0442 0.0960 0.0680 0.0986 0.0777 0.0341 0.4370 
         477  1 0.0387 0.1323 0.0393 0.1539 0.1684 0.1264 0.1169 0.1328 0.0913 
         478  1 0.0487 0.0339 0.2487 0.0604 0.0969 0.0984 0.0490 0.2839 0.0802 
         479  1 0.0463 0.1483 0.0482 0.1275 0.1421 0.1046 0.1819 0.0918 0.1093 
         480  1 0.1036 0.0400 0.3756 0.1176 0.1049 0.0597 0.0731 0.0874 0.0381 
         481  1 0.0595 0.0963 0.1285 0.1690 0.1247 0.1901 0.1295 0.0376 0.0650 
         482  1 0.3639 0.0411 0.1370 0.0775 0.0898 0.1354 0.0523 0.0413 0.0618 
         483  1 0.1082 0.1190 0.0506 0.1648 0.0872 0.0803 0.2143 0.0507 0.1250 
         484  1 0.0305 0.0236 0.2320 0.0989 0.1338 0.0542 0.1676 0.0323 0.2271 
         485  1 0.0351 0.0513 0.0487 0.1216 0.0844 0.0516 0.2928 0.0446 0.2699 
         486  1 0.0648 0.0913 0.1695 0.1545 0.1019 0.1199 0.1359 0.1016 0.0606 
         487  1 0.1296 0.0667 0.1392 0.1050 0.1129 0.0914 0.0844 0.0779 0.1928 
         488  1 0.0454 0.0413 0.0272 0.0942 0.0609 0.0851 0.0468 0.0365 0.5625 
         489  1 0.0755 0.0583 0.1258 0.0898 0.1004 0.0698 0.1010 0.2365 0.1429 
         490  1 0.2784 0.0505 0.0855 0.0726 0.1571 0.0875 0.0553 0.0883 0.1247 
         491  1 0.2805 0.0442 0.0432 0.1320 0.0989 0.0655 0.0955 0.1602 0.0799 
         492  1 0.0546 0.1419 0.0773 0.1791 0.1183 0.2065 0.1217 0.0387 0.0619 
         493  1 0.0711 0.0398 0.1989 0.1301 0.2294 0.1043 0.1101 0.0348 0.0815 
         494  1 0.1804 0.0368 0.0663 0.1008 0.1014 0.1292 0.0680 0.0365 0.2806 
         495  1 0.0284 0.7712 0.0423 0.0264 0.0319 0.0263 0.0219 0.0264 0.0254 
         496  1 0.0308 0.0491 0.1903 0.1242 0.0803 0.1954 0.1565 0.0840 0.0895 
         497  1 0.0357 0.0852 0.2081 0.1134 0.1061 0.2281 0.0816 0.0923 0.0494 
         498  1 0.0457 0.0676 0.0521 0.0676 0.0629 0.0603 0.0494 0.4733 0.1211 
         499  1 0.3642 0.0372 0.2022 0.0785 0.0983 0.0386 0.0760 0.0514 0.0536 
         500  1 0.1175 0.2277 0.0463 0.1467 0.1125 0.1066 0.1074 0.0566 0.0786 
