           1  1 0.3517 0.2991 0.3492 
           2  1 0.3329 0.2973 0.3698 
           3  1 0.3509 0.3818 0.2673 
           4  1 0.3937 0.3495 0.2568 
           5  1 0.2471 0.2407 0.5122 
           6  1 0.3281 0.3304 0.3416 
           7  1 0.3209 0.3334 0.3457 
           8  1 0.3186 0.3828 0.2986 
           9  1 0.4433 0.3414 0.2152 
          10  1 0.3149 0.4807 0.2044 
          11  1 0.2887 0.3594 0.3519 
          12  1 0.3208 0.3900 0.2893 
          13  1 0.3460 0.3965 0.2574 
          14  1 0.4395 0.2924 0.2681 
          15  1 0.2211 0.1896 0.5893 
          16  1 0.3127 0.3789 0.3083 
          17  1 0.3970 0.3397 0.2633 
          18  1 0.3721 0.2683 0.3596 
          19  1 0.4030 0.2956 0.3014 
          20  1 0.4171 0.3942 0.1887 
          21  1 0.2858 0.3524 0.3617 
          22  1 0.4133 0.3186 0.2681 
          23  1 0.2550 0.3041 0.4409 
          24  1 0.3451 0.4199 0.2350 
          25  1 0.3176 0.2895 0.3929 
          26  1 0.3214 0.3069 0.3717 
          27  1 0.3614 0.3392 0.2994 
          28  1 0.2595 0.3291 0.4114 
          29  1 0.3919 0.2854 0.3227 
          30  1 0.3906 0.3437 0.2658 
          31  1 0.3409 0.4035 0.2556 
          32  1 0.2554 0.2355 0.5091 
          33  1 0.3152 0.2749 0.4099 
          34  1 0.3616 0.2977 0.3407 
          35  1 0.3618 0.2810 0.3572 
          36  1 0.3100 0.2626 0.4274 
          37  1 0.3254 0.3077 0.3668 
          38  1 0.3549 0.3395 0.3056 
          39  1 0.3105 0.3349 0.3546 
          40  1 0.2821 0.2768 0.4411 
          41  1 0.3419 0.4211 0.2370 
          42  1 0.2533 0.2963 0.4504 
          43  1 0.4208 0.3308 0.2484 
          44  1 0.3860 0.3551 0.2589 
          45  1 0.2444 0.2915 0.4641 
          46  1 0.2893 0.2979 0.4128 
          47  1 0.3999 0.3549 0.2451 
          48  1 0.2150 0.1863 0.5988 
          49  1 0.4440 0.3996 0.1564 
          50  1 0.3854 0.3211 0.2935 
          51  1 0.3843 0.3477 0.2680 
          52  1 0.3353 0.4528 0.2119 
          53  1 0.3672 0.3374 0.2954 
          54  1 0.3662 0.3350 0.2988 
          55  1 0.2293 0.2244 0.5463 
          56  1 0.2060 0.2320 0.5620 
          57  1 0.3613 0.3796 0.2591 
          58  1 0.1735 0.1574 0.6691 
          59  1 0.2666 0.2788 0.4546 
          60  1 0.3807 0.3525 0.2667 
          61  1 0.3675 0.3755 0.2570 
          62  1 0.2654 0.3716 0.3630 
          63  1 0.3293 0.4090 0.2617 
          64  1 0.3393 0.3821 0.2786 
          65  1 0.3502 0.3411 0.3087 
          66  1 0.3587 0.3615 0.2798 
          67  1 0.3354 0.4533 0.2114 
          68  1 0.3393 0.3475 0.3132 
          69  1 0.3131 0.4300 0.2569 
          70  1 0.3071 0.3022 0.3907 
          71  1 0.3392 0.3738 0.2870 
          72  1 0.3324 0.4138 0.2538 
          73  1 0.3229 0.2754 0.4017 
          74  1 0.3823 0.3731 0.2446 
          75  1 0.3614 0.3484 0.2901 
          76  1 0.3460 0.3649 0.2891 
          77  1 0.2988 0.2995 0.4017 
          78  1 0.3634 0.3919 0.2447 
          79  1 0.2891 0.3382 0.3726 
          80  1 0.3291 0.3795 0.2915 
          81  1 0.3332 0.4820 0.1848 
          82  1 0.2599 0.3151 0.4251 
          83  1 0.3557 0.4561 0.1883 
          84  1 0.3389 0.3451 0.3159 
          85  1 0.2887 0.3222 0.3892 
          86  1 0.2399 0.2772 0.4828 
          87  1 0.3454 0.4568 0.1978 
          88  1 0.2828 0.2649 0.4523 
          89  1 0.4077 0.3407 0.2516 
          90  1 0.3049 0.3305 0.3646 
          91  1 0.3212 0.3438 0.3350 
          92  1 0.2692 0.3378 0.3931 
          93  1 0.3519 0.4342 0.2139 
          94  1 0.4382 0.3521 0.2097 
          95  1 0.3042 0.3113 0.3845 
          96  1 0.3690 0.3390 0.2919 
          97  1 0.3160 0.4327 0.2513 
          98  1 0.3473 0.3743 0.2784 
          99  1 0.3405 0.4313 0.2282 
         100  1 0.3534 0.3612 0.2854 
         101  1 0.3635 0.3826 0.2539 
         102  1 0.2539 0.2498 0.4964 
         103  1 0.3455 0.2470 0.4076 
         104  1 0.3060 0.3691 0.3249 
         105  1 0.3831 0.3544 0.2625 
         106  1 0.3455 0.3398 0.3147 
         107  1 0.2696 0.3401 0.3903 
         108  1 0.2715 0.3645 0.3639 
         109  1 0.3844 0.3536 0.2620 
         110  1 0.4634 0.3175 0.2190 
         111  1 0.3231 0.2864 0.3906 
         112  1 0.4089 0.3027 0.2883 
         113  1 0.2718 0.2947 0.4334 
         114  1 0.4024 0.3148 0.2828 
         115  1 0.2938 0.3742 0.3320 
         116  1 0.2945 0.3177 0.3879 
         117  1 0.2135 0.2066 0.5800 
         118  1 0.4152 0.3465 0.2383 
         119  1 0.2703 0.2298 0.4999 
         120  1 0.2580 0.2038 0.5382 
         121  1 0.3836 0.3578 0.2586 
         122  1 0.3488 0.4668 0.1844 
         123  1 0.2498 0.2402 0.5099 
         124  1 0.3288 0.4112 0.2600 
         125  1 0.2323 0.2673 0.5004 
         126  1 0.3437 0.3120 0.3443 
         127  1 0.3019 0.3349 0.3632 
         128  1 0.2346 0.2905 0.4749 
         129  1 0.3007 0.4411 0.2582 
         130  1 0.3924 0.3773 0.2303 
         131  1 0.3254 0.3911 0.2835 
         132  1 0.2050 0.1875 0.6075 
         133  1 0.3575 0.2711 0.3715 
         134  1 0.3133 0.3094 0.3773 
         135  1 0.4805 0.3356 0.1840 
         136  1 0.3098 0.2937 0.3965 
         137  1 0.3133 0.3444 0.3423 
         138  1 0.2933 0.2621 0.4446 
         139  1 0.3127 0.2715 0.4158 
         140  1 0.3346 0.4296 0.2358 
         141  1 0.3627 0.3177 0.3196 
         142  1 0.2244 0.2163 0.5593 
         143  1 0.3167 0.4015 0.2818 
         144  1 0.3434 0.3216 0.3349 
         145  1 0.3690 0.2738 0.3571 
         146  1 0.4075 0.3573 0.2351 
         147  1 0.3612 0.3112 0.3276 
         148  1 0.3973 0.3587 0.2440 
         149  1 0.2392 0.2721 0.4887 
         150  1 0.4512 0.3707 0.1781 
         151  1 0.4013 0.3812 0.2174 
         152  1 0.3574 0.3478 0.2948 
         153  1 0.3468 0.3761 0.2772 
         154  1 0.3110 0.3299 0.3590 
         155  1 0.2121 0.2282 0.5597 
         156  1 0.3635 0.3799 0.2566 
         157  1 0.2926 0.2998 0.4076 
         158  1 0.2817 0.3438 0.3744 
         159  1 0.2650 0.2984 0.4366 
         160  1 0.2730 0.2681 0.4589 
         161  1 0.3341 0.2451 0.4208 
         162  1 0.3791 0.3123 0.3086 
         163  1 0.3771 0.3186 0.3043 
         164  1 0.2058 0.2592 0.5350 
         165  1 0.3379 0.3370 0.3251 
         166  1 0.3187 0.3527 0.3286 
         167  1 0.2125 0.1896 0.5979 
         168  1 0.3414 0.3310 0.3276 
         169  1 0.3313 0.3586 0.3101 
         170  1 0.4289 0.3907 0.1803 
         171  1 0.2975 0.3121 0.3904 
         172  1 0.4178 0.3511 0.2311 
         173  1 0.2706 0.2545 0.4749 
         174  1 0.3297 0.3424 0.3279 
         175  1 0.3980 0.3718 0.2301 
         176  1 0.4493 0.3504 0.2003 
         177  1 0.3285 0.4667 0.2048 
         178  1 0.3478 0.3644 0.2878 
         179  1 0.2756 0.2932 0.4311 
         180  1 0.3862 0.3886 0.2252 
         181  1 0.2830 0.2563 0.4607 
         182  1 0.3221 0.4606 0.2174 
         183  1 0.4337 0.2891 0.2773 
         184  1 0.3777 0.3528 0.2695 
         185  1 0.3263 0.2911 0.3826 
         186  1 0.3655 0.2944 0.3401 
         187  1 0.3961 0.3290 0.2748 
         188  1 0.2887 0.2501 0.4611 
         189  1 0.3934 0.3511 0.2555 
         190  1 0.3774 0.3710 0.2516 
         191  1 0.3263 0.2890 0.3847 
         192  1 0.2901 0.3569 0.3530 
         193  1 0.3545 0.3174 0.3280 
         194  1 0.2661 0.2497 0.4841 
         195  1 0.3246 0.4048 0.2706 
         196  1 0.3698 0.3160 0.3142 
         197  1 0.2895 0.2555 0.4550 
         198  1 0.3576 0.2976 0.3448 
         199  1 0.2901 0.4062 0.3038 
         200  1 0.3193 0.2743 0.4064 
         201  1 0.3399 0.4486 0.2115 
         202  1 0.3603 0.3420 0.2978 
         203  1 0.3121 0.3722 0.3157 
         204  1 0.3841 0.3812 0.2347 
         205  1 0.3238 0.3766 0.2996 
         206  1 0.3224 0.4105 0.2671 
         207  1 0.2665 0.2996 0.4339 
         208  1 0.4036 0.3794 0.2169 
         209  1 0.2676 0.3330 0.3994 
         210  1 0.3735 0.3523 0.2741 
         211  1 0.3480 0.4408 0.2113 
         212  1 0.3699 0.2713 0.3588 
         213  1 0.2892 0.2971 0.4137 
         214  1 0.3352 0.4385 0.2263 
         215  1 0.3109 0.2844 0.4047 
         216  1 0.3053 0.3629 0.3318 
         217  1 0.3406 0.2802 0.3792 
         218  1 0.2445 0.2446 0.5109 
         219  1 0.4143 0.3412 0.2445 
         220  1 0.3131 0.3518 0.3350 
         221  1 0.3247 0.4269 0.2484 
         222  1 0.3092 0.2953 0.3955 
         223  1 0.2693 0.2721 0.4586 
         224  1 0.3162 0.3830 0.3009 
         225  1 0.3222 0.4261 0.2517 
         226  1 0.3643 0.2991 0.3366 
         227  1 0.3004 0.3839 0.3157 
         228  1 0.3328 0.3202 0.3470 
         229  1 0.3552 0.3398 0.3050 
         230  1 0.4496 0.2968 0.2536 
         231  1 0.3484 0.3218 0.3298 
         232  1 0.2606 0.3390 0.4004 
         233  1 0.4204 0.3165 0.2630 
         234  1 0.3362 0.3187 0.3451 
         235  1 0.3801 0.3432 0.2767 
         236  1 0.3007 0.2764 0.4228 
         237  1 0.2984 0.3507 0.3509 
         238  1 0.3794 0.3239 0.2967 
         239  1 0.4028 0.3695 0.2278 
         240  1 0.3565 0.3246 0.3189 
         241  1 0.3229 0.4061 0.2710 
         242  1 0.3034 0.3775 0.3190 
         243  1 0.2834 0.2982 0.4184 
         244  1 0.3318 0.4059 0.2623 
         245  1 0.3589 0.3207 0.3204 
         246  1 0.2973 0.2785 0.4242 
         247  1 0.3726 0.3576 0.2698 
         248  1 0.3850 0.3210 0.2941 
         249  1 0.3739 0.3532 0.2729 
         250  1 0.2705 0.2408 0.4888 
         251  1 0.2982 0.2743 0.4275 
         252  1 0.3263 0.4126 0.2611 
         253  1 0.2873 0.3579 0.3548 
         254  1 0.4125 0.2986 0.2889 
         255  1 0.3579 0.3738 0.2682 
         256  1 0.2519 0.2686 0.4796 
         257  1 0.3342 0.3861 0.2797 
         258  1 0.3645 0.3391 0.2964 
         259  1 0.3734 0.4078 0.2188 
         260  1 0.2814 0.3647 0.3539 
         261  1 0.3830 0.3592 0.2578 
         262  1 0.3442 0.3339 0.3218 
         263  1 0.4119 0.3662 0.2219 
         264  1 0.2969 0.3569 0.3461 
         265  1 0.3926 0.3629 0.2445 
         266  1 0.2902 0.2964 0.4135 
         267  1 0.3616 0.3590 0.2793 
         268  1 0.4107 0.3162 0.2731 
         269  1 0.4015 0.4157 0.1828 
         270  1 0.4046 0.3812 0.2142 
         271  1 0.3395 0.3223 0.3382 
         272  1 0.3594 0.3969 0.2437 
         273  1 0.3154 0.3454 0.3391 
         274  1 0.4881 0.3250 0.1869 
         275  1 0.4000 0.3845 0.2155 
         276  1 0.2271 0.2807 0.4921 
         277  1 0.3563 0.4301 0.2136 
         278  1 0.3793 0.4652 0.1555 
         279  1 0.2863 0.2755 0.4382 
         280  1 0.2994 0.2963 0.4043 
         281  1 0.3963 0.3939 0.2098 
         282  1 0.3820 0.3718 0.2462 
         283  1 0.3120 0.2833 0.4047 
         284  1 0.2964 0.3717 0.3318 
         285  1 0.3068 0.3377 0.3555 
         286  1 0.3622 0.4111 0.2267 
         287  1 0.2846 0.2403 0.4751 
         288  1 0.3376 0.4560 0.2064 
         289  1 0.3402 0.3177 0.3421 
         290  1 0.3375 0.3127 0.3498 
         291  1 0.3127 0.2376 0.4498 
         292  1 0.2923 0.3379 0.3697 
         293  1 0.4142 0.3013 0.2845 
         294  1 0.3449 0.3813 0.2738 
         295  1 0.1552 0.1720 0.6727 
         296  1 0.3373 0.3529 0.3098 
         297  1 0.3954 0.3419 0.2627 
         298  1 0.3046 0.3224 0.3730 
         299  1 0.1765 0.1988 0.6247 
         300  1 0.3794 0.3247 0.2959 
         301  1 0.3073 0.3056 0.3871 
         302  1 0.2212 0.1796 0.5992 
         303  1 0.3851 0.3400 0.2750 
         304  1 0.3183 0.3654 0.3164 
         305  1 0.3332 0.2783 0.3885 
         306  1 0.2643 0.3069 0.4287 
         307  1 0.3264 0.3583 0.3154 
         308  1 0.3305 0.3512 0.3184 
         309  1 0.3619 0.4115 0.2266 
         310  1 0.4044 0.3778 0.2178 
         311  1 0.2942 0.3707 0.3351 
         312  1 0.4212 0.3842 0.1946 
         313  1 0.3303 0.3417 0.3280 
         314  1 0.2599 0.3323 0.4078 
         315  1 0.2722 0.3410 0.3868 
         316  1 0.3458 0.3510 0.3033 
         317  1 0.4204 0.3805 0.1991 
         318  1 0.4633 0.3443 0.1923 
         319  1 0.3276 0.2839 0.3885 
         320  1 0.2388 0.2851 0.4761 
         321  1 0.3942 0.3015 0.3043 
         322  1 0.3478 0.3537 0.2985 
         323  1 0.3413 0.3352 0.3235 
         324  1 0.3579 0.3915 0.2505 
         325  1 0.3903 0.3360 0.2738 
         326  1 0.3562 0.4282 0.2156 
         327  1 0.3493 0.3293 0.3214 
         328  1 0.3597 0.3358 0.3044 
         329  1 0.3166 0.3940 0.2894 
         330  1 0.3016 0.4266 0.2717 
         331  1 0.3335 0.3771 0.2895 
         332  1 0.3861 0.3844 0.2295 
         333  1 0.3470 0.3978 0.2552 
         334  1 0.4297 0.3598 0.2105 
         335  1 0.3085 0.3417 0.3498 
         336  1 0.3243 0.3612 0.3145 
         337  1 0.4082 0.3111 0.2807 
         338  1 0.3112 0.4396 0.2493 
         339  1 0.2613 0.3078 0.4309 
         340  1 0.4081 0.3399 0.2520 
         341  1 0.2658 0.2486 0.4856 
         342  1 0.3260 0.4173 0.2567 
         343  1 0.3421 0.4669 0.1909 
         344  1 0.4079 0.3692 0.2229 
         345  1 0.3372 0.4215 0.2413 
         346  1 0.3388 0.2944 0.3668 
         347  1 0.2783 0.3417 0.3801 
         348  1 0.3222 0.2894 0.3883 
         349  1 0.3634 0.3459 0.2907 
         350  1 0.3508 0.3077 0.3415 
         351  1 0.3397 0.2872 0.3731 
         352  1 0.3495 0.3309 0.3196 
         353  1 0.2440 0.2724 0.4836 
         354  1 0.3167 0.4290 0.2544 
         355  1 0.3670 0.3816 0.2514 
         356  1 0.3314 0.3374 0.3312 
         357  1 0.3159 0.3184 0.3657 
         358  1 0.3254 0.3587 0.3159 
         359  1 0.2418 0.2380 0.5202 
         360  1 0.3426 0.2791 0.3783 
         361  1 0.2667 0.3115 0.4218 
         362  1 0.3891 0.3324 0.2785 
         363  1 0.4375 0.3524 0.2102 
         364  1 0.3739 0.3767 0.2495 
         365  1 0.3516 0.3060 0.3424 
         366  1 0.2707 0.2658 0.4635 
         367  1 0.3314 0.3095 0.3591 
         368  1 0.2710 0.3006 0.4284 
         369  1 0.2421 0.2877 0.4703 
         370  1 0.2687 0.3052 0.4261 
         371  1 0.2796 0.3358 0.3846 
         372  1 0.2722 0.2727 0.4552 
         373  1 0.3147 0.3076 0.3777 
         374  1 0.3517 0.3294 0.3189 
         375  1 0.3480 0.3833 0.2687 
         376  1 0.3715 0.3108 0.3177 
         377  1 0.2717 0.2377 0.4906 
         378  1 0.3441 0.3041 0.3518 
         379  1 0.2460 0.2086 0.5455 
         380  1 0.2319 0.2310 0.5371 
         381  1 0.3387 0.3277 0.3336 
         382  1 0.3262 0.3506 0.3232 
         383  1 0.2848 0.3663 0.3488 
         384  1 0.3538 0.2525 0.3937 
         385  1 0.3739 0.4092 0.2168 
         386  1 0.1609 0.1646 0.6745 
         387  1 0.3199 0.3266 0.3534 
         388  1 0.2667 0.2264 0.5069 
         389  1 0.3540 0.3555 0.2906 
         390  1 0.2935 0.4101 0.2964 
         391  1 0.2592 0.2554 0.4853 
         392  1 0.2920 0.3939 0.3142 
         393  1 0.3166 0.2341 0.4493 
         394  1 0.3392 0.4938 0.1671 
         395  1 0.3559 0.3584 0.2857 
         396  1 0.4069 0.3604 0.2327 
         397  1 0.4211 0.3973 0.1816 
         398  1 0.2960 0.3240 0.3800 
         399  1 0.3097 0.2895 0.4008 
         400  1 0.2851 0.2850 0.4298 
         401  1 0.3575 0.2954 0.3471 
         402  1 0.3650 0.3317 0.3032 
         403  1 0.4067 0.4251 0.1682 
         404  1 0.3113 0.4050 0.2836 
         405  1 0.3737 0.3691 0.2572 
         406  1 0.3027 0.3787 0.3187 
         407  1 0.2813 0.2141 0.5046 
         408  1 0.3635 0.3222 0.3143 
         409  1 0.3519 0.3296 0.3185 
         410  1 0.3557 0.3518 0.2925 
         411  1 0.4229 0.3970 0.1801 
         412  1 0.3235 0.2863 0.3903 
         413  1 0.4084 0.4240 0.1675 
         414  1 0.3152 0.2639 0.4209 
         415  1 0.2492 0.2736 0.4772 
         416  1 0.5005 0.3149 0.1846 
         417  1 0.2970 0.3312 0.3718 
         418  1 0.3328 0.3143 0.3529 
         419  1 0.2880 0.3708 0.3412 
         420  1 0.4540 0.3514 0.1946 
         421  1 0.3471 0.4095 0.2434 
         422  1 0.3279 0.3775 0.2946 
         423  1 0.3872 0.3324 0.2804 
         424  1 0.4111 0.3720 0.2169 
         425  1 0.3290 0.3013 0.3697 
         426  1 0.2404 0.2671 0.4925 
         427  1 0.2660 0.3041 0.4299 
         428  1 0.3388 0.3325 0.3288 
         429  1 0.2663 0.2918 0.4419 
         430  1 0.3391 0.3405 0.3204 
         431  1 0.3999 0.3744 0.2258 
         432  1 0.3149 0.2656 0.4195 
         433  1 0.3198 0.2637 0.4164 
         434  1 0.3840 0.3454 0.2706 
         435  1 0.3737 0.3445 0.2819 
         436  1 0.3401 0.3119 0.3479 
         437  1 0.3417 0.2854 0.3729 
         438  1 0.2376 0.2161 0.5463 
         439  1 0.3299 0.3595 0.3106 
         440  1 0.3522 0.4099 0.2379 
         441  1 0.2998 0.2806 0.4197 
         442  1 0.4178 0.3786 0.2036 
         443  1 0.3605 0.3328 0.3067 
         444  1 0.2758 0.2836 0.4406 
         445  1 0.2864 0.3984 0.3152 
         446  1 0.3514 0.3919 0.2568 
         447  1 0.4072 0.3406 0.2522 
         448  1 0.3235 0.2992 0.3773 
         449  1 0.3885 0.3103 0.3011 
         450  1 0.3771 0.3853 0.2376 
         451  1 0.2902 0.3336 0.3762 
         452  1 0.3198 0.4411 0.2391 
         453  1 0.3789 0.3000 0.3211 
         454  1 0.4130 0.3980 0.1890 
         455  1 0.2915 0.3562 0.3524 
         456  1 0.2811 0.3525 0.3664 
         457  1 0.2768 0.2381 0.4851 
         458  1 0.2769 0.3767 0.3465 
         459  1 0.2556 0.2836 0.4608 
         460  1 0.3571 0.3621 0.2808 
         461  1 0.5010 0.3283 0.1708 
         462  1 0.3587 0.4461 0.1952 
         463  1 0.2450 0.2683 0.4867 
         464  1 0.2998 0.3286 0.3715 
         465  1 0.3135 0.4044 0.2820 
         466  1 0.2719 0.2376 0.4905 
         467  1 0.3472 0.3722 0.2807 
         468  1 0.3055 0.3267 0.3677 
         469  1 0.2965 0.2832 0.4203 
         470  1 0.2930 0.2658 0.4412 
         471  1 0.3398 0.4347 0.2256 
         472  1 0.3149 0.2408 0.4442 
         473  1 0.3969 0.2941 0.3090 
         474  1 0.3890 0.3624 0.2486 
         475  1 0.2975 0.3592 0.3433 
         476  1 0.2742 0.3734 0.3523 
         477  1 0.3307 0.3344 0.3349 
         478  1 0.4417 0.3157 0.2426 
         479  1 0.3308 0.4166 0.2527 
         480  1 0.4033 0.2812 0.3155 
         481  1 0.3317 0.3541 0.3142 
         482  1 0.2974 0.2442 0.4584 
         483  1 0.2933 0.3896 0.3171 
         484  1 0.3930 0.4130 0.1940 
         485  1 0.3230 0.4385 0.2385 
         486  1 0.3630 0.3363 0.3007 
         487  1 0.3202 0.2935 0.3864 
         488  1 0.2681 0.3213 0.4105 
         489  1 0.3662 0.3498 0.2841 
         490  1 0.3158 0.2790 0.4052 
         491  1 0.2470 0.2113 0.5416 
         492  1 0.2917 0.3262 0.3821 
         493  1 0.3174 0.3081 0.3745 
         494  1 0.2584 0.3032 0.4384 
         495  1 0.3654 0.4285 0.2061 
         496  1 0.3900 0.4190 0.1910 
         497  1 0.4360 0.3239 0.2401 
         498  1 0.4298 0.3402 0.2300 
         499  1 0.3254 0.2481 0.4265 
         500  1 0.2732 0.2919 0.4349 
         501  1 0.3787 0.3698 0.2515 
         502  1 0.3257 0.3483 0.3260 
         503  1 0.3884 0.3136 0.2979 
         504  1 0.3760 0.3561 0.2679 
         505  1 0.2613 0.3063 0.4324 
         506  1 0.3532 0.3683 0.2786 
         507  1 0.3341 0.3520 0.3139 
         508  1 0.4534 0.3852 0.1614 
         509  1 0.3036 0.3850 0.3115 
         510  1 0.4242 0.3690 0.2067 
         511  1 0.2812 0.2580 0.4608 
         512  1 0.5090 0.3184 0.1725 
         513  1 0.4157 0.4049 0.1794 
         514  1 0.4282 0.3396 0.2322 
         515  1 0.2395 0.1844 0.5761 
         516  1 0.2971 0.3935 0.3094 
         517  1 0.3037 0.4257 0.2706 
         518  1 0.4304 0.3600 0.2096 
         519  1 0.3585 0.3492 0.2923 
         520  1 0.2978 0.2963 0.4060 
         521  1 0.3584 0.3324 0.3092 
         522  1 0.3459 0.3871 0.2670 
         523  1 0.3093 0.2911 0.3996 
         524  1 0.3195 0.4518 0.2287 
         525  1 0.2819 0.2828 0.4354 
         526  1 0.3758 0.2986 0.3256 
         527  1 0.3691 0.3229 0.3080 
         528  1 0.2304 0.2282 0.5414 
         529  1 0.3414 0.3091 0.3495 
         530  1 0.2776 0.2682 0.4542 
         531  1 0.2676 0.3580 0.3744 
         532  1 0.3617 0.4614 0.1769 
         533  1 0.4857 0.3033 0.2111 
         534  1 0.2821 0.2877 0.4302 
         535  1 0.3402 0.2769 0.3829 
         536  1 0.3736 0.3259 0.3004 
         537  1 0.3066 0.2605 0.4329 
         538  1 0.3256 0.3696 0.3047 
         539  1 0.3714 0.2872 0.3414 
         540  1 0.3136 0.3300 0.3564 
         541  1 0.2930 0.3601 0.3468 
         542  1 0.2332 0.2168 0.5500 
         543  1 0.1789 0.1942 0.6269 
         544  1 0.2521 0.2419 0.5060 
         545  1 0.3432 0.3246 0.3322 
         546  1 0.2595 0.2392 0.5014 
         547  1 0.3325 0.3745 0.2930 
         548  1 0.3541 0.3398 0.3061 
         549  1 0.3270 0.3453 0.3277 
         550  1 0.3692 0.3159 0.3149 
         551  1 0.2595 0.2415 0.4990 
         552  1 0.3834 0.3118 0.3048 
         553  1 0.3638 0.3914 0.2448 
         554  1 0.2234 0.1751 0.6015 
         555  1 0.3320 0.3932 0.2748 
         556  1 0.4576 0.3628 0.1796 
         557  1 0.3514 0.3430 0.3057 
         558  1 0.2446 0.3135 0.4418 
         559  1 0.3371 0.3594 0.3035 
         560  1 0.2293 0.2209 0.5497 
         561  1 0.3237 0.3955 0.2808 
         562  1 0.2955 0.2523 0.4522 
         563  1 0.3066 0.3545 0.3389 
         564  1 0.3604 0.3407 0.2989 
         565  1 0.3208 0.3231 0.3560 
         566  1 0.3432 0.3891 0.2677 
         567  1 0.2929 0.3409 0.3662 
         568  1 0.3752 0.2714 0.3533 
         569  1 0.3983 0.3772 0.2245 
         570  1 0.3394 0.3081 0.3525 
         571  1 0.3223 0.3438 0.3339 
         572  1 0.4529 0.3192 0.2279 
         573  1 0.2785 0.3330 0.3885 
         574  1 0.3475 0.4008 0.2517 
         575  1 0.2892 0.3935 0.3173 
         576  1 0.2875 0.3224 0.3901 
         577  1 0.3780 0.3711 0.2509 
         578  1 0.2987 0.3369 0.3644 
         579  1 0.3341 0.3498 0.3160 
         580  1 0.3805 0.3758 0.2437 
         581  1 0.2717 0.2552 0.4731 
         582  1 0.3630 0.3704 0.2666 
         583  1 0.2808 0.3045 0.4147 
         584  1 0.2920 0.3079 0.4002 
         585  1 0.3627 0.3832 0.2542 
         586  1 0.2645 0.3627 0.3728 
         587  1 0.4187 0.3690 0.2122 
         588  1 0.3544 0.4253 0.2202 
         589  1 0.2841 0.2987 0.4172 
         590  1 0.3581 0.3748 0.2670 
         591  1 0.2849 0.3021 0.4131 
         592  1 0.4022 0.3524 0.2454 
         593  1 0.2701 0.2973 0.4327 
         594  1 0.2952 0.2576 0.4472 
         595  1 0.3183 0.2843 0.3974 
         596  1 0.3884 0.3029 0.3087 
         597  1 0.3328 0.3067 0.3606 
         598  1 0.2856 0.3011 0.4133 
         599  1 0.2432 0.3034 0.4534 
         600  1 0.3653 0.3317 0.3030 
         601  1 0.3694 0.3746 0.2560 
         602  1 0.3913 0.3585 0.2502 
         603  1 0.3565 0.3330 0.3105 
         604  1 0.3435 0.2712 0.3854 
         605  1 0.4526 0.3698 0.1775 
         606  1 0.2466 0.2712 0.4822 
         607  1 0.3539 0.4000 0.2461 
         608  1 0.3747 0.3095 0.3158 
         609  1 0.3035 0.3382 0.3583 
         610  1 0.3109 0.4423 0.2468 
         611  1 0.3095 0.4102 0.2803 
         612  1 0.3345 0.3673 0.2982 
         613  1 0.3668 0.3591 0.2741 
         614  1 0.3073 0.2821 0.4106 
         615  1 0.4529 0.3634 0.1837 
         616  1 0.3232 0.4153 0.2615 
         617  1 0.3548 0.2992 0.3460 
         618  1 0.3644 0.4600 0.1756 
         619  1 0.2865 0.3614 0.3521 
         620  1 0.2373 0.2548 0.5079 
         621  1 0.3402 0.2975 0.3624 
         622  1 0.3487 0.3951 0.2562 
         623  1 0.3417 0.4114 0.2469 
         624  1 0.3669 0.4116 0.2216 
         625  1 0.2932 0.3244 0.3825 
         626  1 0.3516 0.4521 0.1963 
         627  1 0.3588 0.2759 0.3652 
         628  1 0.4122 0.3208 0.2670 
         629  1 0.3423 0.3942 0.2635 
         630  1 0.3339 0.3037 0.3623 
         631  1 0.3045 0.2546 0.4409 
         632  1 0.2302 0.2374 0.5324 
         633  1 0.3398 0.3652 0.2950 
         634  1 0.3714 0.4216 0.2070 
         635  1 0.3920 0.3833 0.2247 
         636  1 0.3415 0.3492 0.3093 
         637  1 0.3603 0.3020 0.3376 
         638  1 0.3753 0.4255 0.1993 
         639  1 0.3229 0.3124 0.3647 
         640  1 0.3500 0.3326 0.3175 
         641  1 0.3178 0.3590 0.3232 
         642  1 0.3278 0.3850 0.2873 
         643  1 0.4146 0.2996 0.2858 
         644  1 0.3502 0.5007 0.1491 
         645  1 0.2676 0.2429 0.4895 
         646  1 0.3469 0.3742 0.2789 
         647  1 0.3777 0.2947 0.3275 
         648  1 0.3230 0.3359 0.3411 
         649  1 0.2477 0.3296 0.4227 
         650  1 0.2876 0.3603 0.3521 
         651  1 0.2885 0.2537 0.4577 
         652  1 0.2187 0.2002 0.5811 
         653  1 0.2373 0.2031 0.5596 
         654  1 0.3457 0.3323 0.3220 
         655  1 0.3638 0.3694 0.2668 
         656  1 0.5014 0.3452 0.1534 
         657  1 0.3180 0.3140 0.3681 
         658  1 0.2591 0.3033 0.4376 
         659  1 0.3053 0.3038 0.3909 
         660  1 0.3857 0.2762 0.3381 
         661  1 0.4094 0.3848 0.2058 
         662  1 0.3509 0.4373 0.2118 
         663  1 0.3751 0.3478 0.2770 
         664  1 0.3110 0.3140 0.3750 
         665  1 0.3105 0.2624 0.4271 
         666  1 0.2849 0.2532 0.4619 
         667  1 0.2660 0.3753 0.3587 
         668  1 0.3447 0.3660 0.2893 
         669  1 0.2818 0.3049 0.4133 
         670  1 0.3443 0.2976 0.3581 
         671  1 0.4844 0.3247 0.1909 
         672  1 0.2124 0.1994 0.5882 
         673  1 0.3891 0.3337 0.2773 
         674  1 0.4010 0.3138 0.2852 
         675  1 0.4656 0.2998 0.2346 
         676  1 0.3695 0.4281 0.2024 
         677  1 0.3109 0.4164 0.2727 
         678  1 0.3346 0.3415 0.3239 
         679  1 0.3845 0.3130 0.3025 
         680  1 0.3206 0.3961 0.2832 
         681  1 0.3658 0.2838 0.3504 
         682  1 0.4169 0.4179 0.1651 
         683  1 0.3429 0.4061 0.2510 
         684  1 0.2686 0.2222 0.5092 
         685  1 0.3643 0.3328 0.3029 
         686  1 0.3213 0.2825 0.3962 
         687  1 0.4124 0.3108 0.2768 
         688  1 0.2814 0.3724 0.3461 
         689  1 0.5178 0.3336 0.1486 
         690  1 0.3379 0.3145 0.3477 
         691  1 0.3768 0.2653 0.3579 
         692  1 0.3135 0.3675 0.3189 
         693  1 0.3452 0.4218 0.2330 
         694  1 0.2917 0.2828 0.4255 
         695  1 0.4708 0.3382 0.1911 
         696  1 0.2871 0.3313 0.3816 
         697  1 0.2850 0.2946 0.4204 
         698  1 0.3997 0.3368 0.2635 
         699  1 0.4492 0.3129 0.2379 
         700  1 0.2863 0.4289 0.2848 
         701  1 0.3375 0.3367 0.3258 
         702  1 0.3116 0.3144 0.3740 
         703  1 0.2672 0.3500 0.3828 
         704  1 0.3412 0.4537 0.2052 
         705  1 0.2491 0.2739 0.4770 
         706  1 0.3085 0.3647 0.3268 
         707  1 0.3186 0.3931 0.2883 
         708  1 0.2747 0.2933 0.4320 
         709  1 0.3943 0.3394 0.2664 
         710  1 0.3090 0.3034 0.3876 
         711  1 0.2825 0.2855 0.4321 
         712  1 0.4616 0.3311 0.2073 
         713  1 0.3298 0.3353 0.3349 
         714  1 0.3035 0.3690 0.3275 
         715  1 0.3074 0.3317 0.3609 
         716  1 0.4344 0.3184 0.2472 
         717  1 0.2554 0.2567 0.4878 
         718  1 0.3185 0.3574 0.3241 
         719  1 0.3510 0.4735 0.1755 
         720  1 0.2669 0.2657 0.4674 
         721  1 0.3995 0.3661 0.2344 
         722  1 0.2413 0.3020 0.4567 
         723  1 0.3386 0.3963 0.2650 
         724  1 0.4225 0.2884 0.2891 
         725  1 0.4037 0.3599 0.2364 
         726  1 0.3679 0.3509 0.2813 
         727  1 0.3285 0.2809 0.3906 
         728  1 0.2713 0.3620 0.3667 
         729  1 0.3755 0.3628 0.2617 
         730  1 0.2239 0.2669 0.5093 
         731  1 0.2952 0.2773 0.4276 
         732  1 0.2703 0.3004 0.4293 
         733  1 0.3890 0.3069 0.3041 
         734  1 0.3387 0.3390 0.3223 
         735  1 0.2958 0.3729 0.3313 
         736  1 0.2935 0.3543 0.3522 
         737  1 0.4708 0.3162 0.2129 
         738  1 0.3178 0.3451 0.3371 
         739  1 0.2679 0.2466 0.4856 
         740  1 0.2894 0.2931 0.4175 
         741  1 0.3140 0.3058 0.3802 
         742  1 0.3200 0.4189 0.2611 
         743  1 0.4899 0.2970 0.2131 
         744  1 0.4128 0.3042 0.2830 
         745  1 0.3235 0.4299 0.2466 
         746  1 0.3342 0.4739 0.1919 
         747  1 0.2561 0.2667 0.4771 
         748  1 0.3817 0.3331 0.2852 
         749  1 0.3680 0.3120 0.3200 
         750  1 0.3320 0.3526 0.3153 
         751  1 0.2773 0.2958 0.4270 
         752  1 0.4068 0.3721 0.2212 
         753  1 0.3290 0.2806 0.3904 
         754  1 0.2645 0.3376 0.3979 
         755  1 0.3569 0.2846 0.3585 
         756  1 0.2672 0.4065 0.3263 
         757  1 0.2857 0.3176 0.3967 
         758  1 0.2213 0.2310 0.5476 
         759  1 0.3636 0.3847 0.2517 
         760  1 0.4522 0.3674 0.1805 
         761  1 0.3188 0.3517 0.3295 
         762  1 0.2093 0.1820 0.6087 
         763  1 0.3913 0.3650 0.2437 
         764  1 0.3175 0.3780 0.3045 
         765  1 0.3285 0.4461 0.2254 
         766  1 0.2920 0.2718 0.4362 
         767  1 0.2682 0.2112 0.5205 
         768  1 0.2797 0.2804 0.4398 
         769  1 0.3000 0.4096 0.2904 
         770  1 0.4185 0.3986 0.1829 
         771  1 0.3999 0.3765 0.2236 
         772  1 0.3555 0.4103 0.2341 
         773  1 0.2221 0.2214 0.5565 
         774  1 0.2769 0.2734 0.4496 
         775  1 0.3192 0.4369 0.2439 
         776  1 0.3576 0.3641 0.2783 
         777  1 0.3512 0.3205 0.3283 
         778  1 0.3513 0.3515 0.2972 
         779  1 0.3611 0.3364 0.3025 
         780  1 0.4412 0.3534 0.2053 
         781  1 0.2940 0.3210 0.3850 
