           1  1 0.2620 0.3474 0.3906 
           2  1 0.2614 0.3731 0.3655 
           3  1 0.3985 0.2697 0.3317 
           4  1 0.2786 0.2556 0.4658 
           5  1 0.2373 0.5109 0.2518 
           6  1 0.3336 0.3402 0.3262 
           7  1 0.3487 0.3445 0.3067 
           8  1 0.4273 0.2981 0.2746 
           9  1 0.2701 0.2113 0.5186 
          10  1 0.6033 0.2059 0.1907 
          11  1 0.4149 0.3519 0.2333 
          12  1 0.4157 0.2943 0.2901 
          13  1 0.4536 0.2574 0.2890 
          14  1 0.1883 0.2659 0.5458 
          15  1 0.1751 0.5892 0.2357 
          16  1 0.4379 0.3099 0.2522 
          17  1 0.2938 0.2630 0.4432 
          18  1 0.1769 0.3604 0.4628 
          19  1 0.2191 0.2973 0.4836 
          20  1 0.3710 0.1898 0.4392 
          21  1 0.3898 0.3639 0.2463 
          22  1 0.2645 0.2621 0.4734 
          23  1 0.3292 0.4422 0.2286 
          24  1 0.4464 0.2359 0.3176 
          25  1 0.2677 0.3985 0.3337 
          26  1 0.2920 0.3708 0.3372 
          27  1 0.3459 0.2980 0.3561 
          28  1 0.3714 0.4157 0.2129 
          29  1 0.2049 0.3247 0.4703 
          30  1 0.3144 0.2655 0.4201 
          31  1 0.4443 0.2543 0.3014 
          32  1 0.2297 0.5092 0.2611 
          33  1 0.2397 0.4117 0.3486 
          34  1 0.2365 0.3437 0.4198 
          35  1 0.2097 0.3581 0.4322 
          36  1 0.2269 0.4293 0.3438 
          37  1 0.2885 0.3716 0.3399 
          38  1 0.3409 0.2992 0.3599 
          39  1 0.3194 0.3690 0.3116 
          40  1 0.2796 0.4416 0.2788 
          41  1 0.4888 0.2356 0.2757 
          42  1 0.3199 0.4610 0.2191 
          43  1 0.2503 0.2481 0.5016 
          44  1 0.3459 0.2600 0.3941 
          45  1 0.3211 0.4659 0.2130 
          46  1 0.3068 0.4179 0.2753 
          47  1 0.3331 0.2457 0.4212 
          48  1 0.1642 0.6031 0.2327 
          49  1 0.3928 0.1525 0.4547 
          50  1 0.2935 0.2938 0.4127 
          51  1 0.3073 0.2642 0.4285 
          52  1 0.5675 0.2087 0.2237 
          53  1 0.3219 0.2933 0.3848 
          54  1 0.2908 0.3049 0.4043 
          55  1 0.2142 0.5573 0.2286 
          56  1 0.2478 0.5647 0.1875 
          57  1 0.4003 0.2564 0.3433 
          58  1 0.1476 0.6662 0.1862 
          59  1 0.2903 0.4589 0.2507 
          60  1 0.3455 0.2687 0.3858 
          61  1 0.3914 0.2586 0.3499 
          62  1 0.4476 0.3651 0.1874 
          63  1 0.4876 0.2577 0.2547 
          64  1 0.4165 0.2754 0.3080 
          65  1 0.3322 0.3120 0.3558 
          66  1 0.3421 0.2833 0.3746 
          67  1 0.5211 0.2122 0.2667 
          68  1 0.3695 0.3154 0.3152 
          69  1 0.5475 0.2490 0.2035 
          70  1 0.3171 0.3817 0.3012 
          71  1 0.3858 0.2880 0.3262 
          72  1 0.4580 0.2537 0.2884 
          73  1 0.2397 0.4060 0.3542 
          74  1 0.3823 0.2443 0.3733 
          75  1 0.3401 0.2906 0.3693 
          76  1 0.3638 0.2907 0.3455 
          77  1 0.3007 0.4037 0.2957 
          78  1 0.4015 0.2469 0.3516 
          79  1 0.3602 0.3772 0.2626 
          80  1 0.4178 0.2927 0.2894 
          81  1 0.5883 0.1845 0.2272 
          82  1 0.3612 0.4226 0.2162 
          83  1 0.5639 0.1899 0.2462 
          84  1 0.3534 0.3230 0.3235 
          85  1 0.3443 0.3916 0.2641 
          86  1 0.2870 0.4948 0.2182 
          87  1 0.5399 0.1963 0.2637 
          88  1 0.2382 0.4570 0.3048 
          89  1 0.3034 0.2502 0.4464 
          90  1 0.3870 0.3595 0.2535 
          91  1 0.3465 0.3415 0.3121 
          92  1 0.4105 0.3893 0.2002 
          93  1 0.4910 0.2145 0.2945 
          94  1 0.2994 0.2085 0.4920 
          95  1 0.3404 0.3794 0.2802 
          96  1 0.3058 0.2974 0.3968 
          97  1 0.5124 0.2483 0.2393 
          98  1 0.3977 0.2791 0.3231 
          99  1 0.4986 0.2280 0.2734 
         100  1 0.3675 0.2853 0.3472 
         101  1 0.4041 0.2496 0.3463 
         102  1 0.2444 0.5001 0.2555 
         103  1 0.1823 0.4127 0.4050 
         104  1 0.4103 0.3291 0.2606 
         105  1 0.3272 0.2648 0.4080 
         106  1 0.3473 0.3126 0.3401 
         107  1 0.3956 0.3828 0.2217 
         108  1 0.4416 0.3580 0.2004 
         109  1 0.3416 0.2646 0.3939 
         110  1 0.2045 0.2150 0.5804 
         111  1 0.2640 0.3870 0.3490 
         112  1 0.2236 0.2868 0.4896 
         113  1 0.3087 0.4404 0.2509 
         114  1 0.2594 0.2804 0.4602 
         115  1 0.4427 0.3228 0.2345 
         116  1 0.3528 0.3808 0.2664 
         117  1 0.1987 0.5795 0.2218 
         118  1 0.2770 0.2388 0.4842 
         119  1 0.1951 0.5066 0.2983 
         120  1 0.1631 0.5417 0.2952 
         121  1 0.3546 0.2573 0.3881 
         122  1 0.5240 0.1884 0.2877 
         123  1 0.2389 0.5079 0.2533 
         124  1 0.4720 0.2569 0.2710 
         125  1 0.3043 0.5020 0.1937 
         126  1 0.3003 0.3325 0.3672 
         127  1 0.3465 0.3651 0.2884 
         128  1 0.3359 0.4653 0.1987 
         129  1 0.5465 0.2547 0.1988 
         130  1 0.3402 0.2296 0.4302 
         131  1 0.4512 0.2800 0.2688 
         132  1 0.1773 0.6068 0.2158 
         133  1 0.1972 0.3780 0.4248 
         134  1 0.3186 0.3778 0.3036 
         135  1 0.2119 0.1807 0.6073 
         136  1 0.2869 0.4011 0.3120 
         137  1 0.3548 0.3421 0.3031 
         138  1 0.2327 0.4497 0.3176 
         139  1 0.2254 0.4212 0.3533 
         140  1 0.5093 0.2363 0.2544 
         141  1 0.2681 0.3193 0.4126 
         142  1 0.2131 0.5565 0.2303 
         143  1 0.4825 0.2802 0.2373 
         144  1 0.3031 0.3410 0.3559 
         145  1 0.2137 0.3550 0.4313 
         146  1 0.3140 0.2301 0.4558 
         147  1 0.2763 0.3293 0.3944 
         148  1 0.3402 0.2414 0.4184 
         149  1 0.2849 0.4942 0.2209 
         150  1 0.3017 0.1750 0.5232 
         151  1 0.3606 0.2111 0.4283 
         152  1 0.3439 0.2937 0.3624 
         153  1 0.3982 0.2740 0.3278 
         154  1 0.3461 0.3584 0.2955 
         155  1 0.2412 0.5617 0.1971 
         156  1 0.4028 0.2540 0.3432 
         157  1 0.3204 0.4079 0.2717 
         158  1 0.3693 0.3819 0.2489 
         159  1 0.3132 0.4395 0.2474 
         160  1 0.2595 0.4602 0.2803 
         161  1 0.1765 0.4177 0.4058 
         162  1 0.2509 0.3087 0.4404 
         163  1 0.2764 0.2973 0.4263 
         164  1 0.2990 0.5406 0.1604 
         165  1 0.3392 0.3237 0.3371 
         166  1 0.3708 0.3262 0.3029 
         167  1 0.1815 0.5926 0.2260 
         168  1 0.3154 0.3341 0.3506 
         169  1 0.3831 0.3101 0.3068 
         170  1 0.3379 0.1811 0.4810 
         171  1 0.3200 0.3903 0.2897 
         172  1 0.2840 0.2305 0.4855 
         173  1 0.2427 0.4701 0.2871 
         174  1 0.3531 0.3328 0.3141 
         175  1 0.3346 0.2319 0.4335 
         176  1 0.2674 0.1988 0.5338 
         177  1 0.5667 0.2111 0.2221 
         178  1 0.3699 0.2893 0.3408 
         179  1 0.3130 0.4297 0.2573 
         180  1 0.4023 0.2206 0.3772 
         181  1 0.2299 0.4661 0.3040 
         182  1 0.6035 0.2167 0.1798 
         183  1 0.1759 0.2734 0.5507 
         184  1 0.3551 0.2646 0.3803 
         185  1 0.2729 0.3797 0.3475 
         186  1 0.2631 0.3346 0.4023 
         187  1 0.2560 0.2716 0.4724 
         188  1 0.2277 0.4587 0.3136 
         189  1 0.3342 0.2535 0.4123 
         190  1 0.3640 0.2452 0.3908 
         191  1 0.2587 0.3887 0.3526 
         192  1 0.4259 0.3442 0.2300 
         193  1 0.2891 0.3277 0.3832 
         194  1 0.2410 0.4937 0.2653 
         195  1 0.4591 0.2694 0.2714 
         196  1 0.2671 0.3155 0.4174 
         197  1 0.2489 0.4528 0.2983 
         198  1 0.2480 0.3381 0.4139 
         199  1 0.5129 0.3032 0.1839 
         200  1 0.2483 0.4072 0.3446 
         201  1 0.5118 0.2138 0.2744 
         202  1 0.3287 0.3020 0.3693 
         203  1 0.4341 0.3170 0.2488 
         204  1 0.3746 0.2351 0.3903 
         205  1 0.4245 0.2985 0.2769 
         206  1 0.4681 0.2666 0.2653 
         207  1 0.3351 0.4406 0.2243 
         208  1 0.3568 0.2171 0.4261 
         209  1 0.3773 0.3977 0.2250 
         210  1 0.3421 0.2741 0.3837 
         211  1 0.5005 0.2101 0.2893 
         212  1 0.1853 0.3616 0.4531 
         213  1 0.2976 0.4152 0.2872 
         214  1 0.5040 0.2243 0.2717 
         215  1 0.2673 0.4024 0.3303 
         216  1 0.3869 0.3385 0.2746 
         217  1 0.2311 0.3844 0.3844 
         218  1 0.2479 0.5100 0.2421 
         219  1 0.2773 0.2462 0.4764 
         220  1 0.3957 0.3412 0.2631 
         221  1 0.5321 0.2500 0.2179 
         222  1 0.2914 0.4023 0.3062 
         223  1 0.2607 0.4590 0.2803 
         224  1 0.4182 0.3032 0.2786 
         225  1 0.4858 0.2535 0.2608 
         226  1 0.2354 0.3408 0.4238 
         227  1 0.4375 0.3228 0.2398 
         228  1 0.3102 0.3511 0.3387 
         229  1 0.3553 0.3026 0.3421 
         230  1 0.1794 0.2543 0.5664 
         231  1 0.2779 0.3372 0.3849 
         232  1 0.4011 0.4059 0.1930 
         233  1 0.2192 0.2633 0.5174 
         234  1 0.2943 0.3492 0.3565 
         235  1 0.3126 0.2768 0.4106 
         236  1 0.2673 0.4229 0.3098 
         237  1 0.4015 0.3548 0.2438 
         238  1 0.2864 0.2865 0.4270 
         239  1 0.3333 0.2269 0.4398 
         240  1 0.3092 0.3183 0.3725 
         241  1 0.4567 0.2766 0.2667 
         242  1 0.4425 0.3164 0.2411 
         243  1 0.3236 0.4143 0.2621 
         244  1 0.4597 0.2639 0.2764 
         245  1 0.2872 0.3221 0.3906 
         246  1 0.2673 0.4224 0.3103 
         247  1 0.3288 0.2721 0.3991 
         248  1 0.2510 0.2919 0.4571 
         249  1 0.3256 0.2696 0.4049 
         250  1 0.2224 0.4899 0.2877 
         251  1 0.2399 0.4290 0.3312 
         252  1 0.4688 0.2586 0.2726 
         253  1 0.3984 0.3541 0.2476 
         254  1 0.2171 0.2847 0.4982 
         255  1 0.3958 0.2744 0.3298 
         256  1 0.2840 0.4725 0.2435 
         257  1 0.4007 0.2816 0.3177 
         258  1 0.3266 0.2983 0.3751 
         259  1 0.4134 0.2155 0.3712 
         260  1 0.4177 0.3567 0.2256 
         261  1 0.3239 0.2555 0.4206 
         262  1 0.3202 0.3285 0.3513 
         263  1 0.3418 0.2235 0.4347 
         264  1 0.3955 0.3468 0.2577 
         265  1 0.3514 0.2491 0.3995 
         266  1 0.2936 0.4152 0.2913 
         267  1 0.3737 0.2733 0.3530 
         268  1 0.2405 0.2649 0.4946 
         269  1 0.4342 0.1795 0.3863 
         270  1 0.3573 0.2154 0.4274 
         271  1 0.3145 0.3440 0.3415 
         272  1 0.4089 0.2461 0.3450 
         273  1 0.3615 0.3352 0.3033 
         274  1 0.1991 0.1840 0.6169 
         275  1 0.3738 0.2180 0.4082 
         276  1 0.3208 0.4887 0.1906 
         277  1 0.5025 0.2148 0.2827 
         278  1 0.5207 0.1553 0.3240 
         279  1 0.2745 0.4442 0.2813 
         280  1 0.2926 0.4074 0.3000 
         281  1 0.3828 0.2093 0.4079 
         282  1 0.3407 0.2475 0.4117 
         283  1 0.2751 0.4064 0.3186 
         284  1 0.4491 0.3306 0.2203 
         285  1 0.3397 0.3610 0.2993 
         286  1 0.4636 0.2229 0.3134 
         287  1 0.2178 0.4734 0.3089 
         288  1 0.5823 0.2055 0.2122 
         289  1 0.2997 0.3425 0.3578 
         290  1 0.2733 0.3552 0.3715 
         291  1 0.1890 0.4375 0.3735 
         292  1 0.3841 0.3686 0.2474 
         293  1 0.2137 0.2847 0.5016 
         294  1 0.4020 0.2780 0.3200 
         295  1 0.1789 0.6753 0.1458 
         296  1 0.3918 0.3110 0.2972 
         297  1 0.2865 0.2648 0.4487 
         298  1 0.3218 0.3705 0.3078 
         299  1 0.2029 0.6290 0.1681 
         300  1 0.2851 0.2928 0.4220 
         301  1 0.3053 0.3844 0.3102 
         302  1 0.1569 0.5991 0.2440 
         303  1 0.2919 0.2799 0.4282 
         304  1 0.3922 0.3170 0.2908 
         305  1 0.2437 0.3941 0.3622 
         306  1 0.3537 0.4299 0.2164 
         307  1 0.3769 0.3147 0.3084 
         308  1 0.3953 0.3187 0.2860 
         309  1 0.4393 0.2245 0.3362 
         310  1 0.3637 0.2150 0.4213 
         311  1 0.4435 0.3328 0.2237 
         312  1 0.3606 0.1957 0.4437 
         313  1 0.3600 0.3286 0.3113 
         314  1 0.3929 0.4057 0.2014 
         315  1 0.3910 0.3940 0.2150 
         316  1 0.3687 0.2975 0.3338 
         317  1 0.3595 0.1986 0.4419 
         318  1 0.2541 0.1882 0.5577 
         319  1 0.2499 0.3908 0.3594 
         320  1 0.3179 0.4806 0.2016 
         321  1 0.2089 0.2990 0.4921 
         322  1 0.3546 0.2943 0.3511 
         323  1 0.3592 0.3204 0.3204 
         324  1 0.4028 0.2545 0.3427 
         325  1 0.2979 0.2693 0.4328 
         326  1 0.5088 0.2151 0.2760 
         327  1 0.2959 0.3255 0.3785 
         328  1 0.3126 0.2989 0.3885 
         329  1 0.4336 0.2978 0.2686 
         330  1 0.5240 0.2739 0.2021 
         331  1 0.4115 0.2914 0.2971 
         332  1 0.3763 0.2240 0.3998 
         333  1 0.4366 0.2606 0.3028 
         334  1 0.3207 0.2078 0.4714 
         335  1 0.3649 0.3550 0.2801 
         336  1 0.3903 0.3207 0.2891 
         337  1 0.2357 0.2735 0.4907 
         338  1 0.5307 0.2500 0.2193 
         339  1 0.3372 0.4321 0.2306 
         340  1 0.2745 0.2510 0.4746 
         341  1 0.2501 0.4879 0.2620 
         342  1 0.4799 0.2582 0.2618 
         343  1 0.5774 0.1877 0.2348 
         344  1 0.3190 0.2219 0.4591 
         345  1 0.4813 0.2371 0.2817 
         346  1 0.2736 0.3602 0.3662 
         347  1 0.3775 0.3813 0.2412 
         348  1 0.2680 0.3864 0.3456 
         349  1 0.3494 0.2973 0.3533 
         350  1 0.2942 0.3350 0.3708 
         351  1 0.2523 0.3700 0.3777 
         352  1 0.3240 0.3186 0.3574 
         353  1 0.2928 0.4908 0.2164 
         354  1 0.5025 0.2553 0.2422 
         355  1 0.3788 0.2474 0.3738 
         356  1 0.3403 0.3280 0.3317 
         357  1 0.3256 0.3709 0.3035 
         358  1 0.4014 0.3159 0.2827 
         359  1 0.2299 0.5227 0.2474 
         360  1 0.2314 0.3746 0.3941 
         361  1 0.3576 0.4146 0.2278 
         362  1 0.2962 0.2752 0.4286 
         363  1 0.2899 0.2072 0.5028 
         364  1 0.3680 0.2484 0.3836 
         365  1 0.2638 0.3406 0.3956 
         366  1 0.2738 0.4555 0.2707 
         367  1 0.2880 0.3611 0.3509 
         368  1 0.2812 0.4370 0.2817 
         369  1 0.3194 0.4749 0.2057 
         370  1 0.3361 0.4281 0.2358 
         371  1 0.4087 0.3752 0.2161 
         372  1 0.2832 0.4474 0.2694 
         373  1 0.3120 0.3788 0.3092 
         374  1 0.3137 0.3230 0.3633 
         375  1 0.4327 0.2614 0.3059 
         376  1 0.2651 0.3199 0.4150 
         377  1 0.2010 0.4930 0.3059 
         378  1 0.2993 0.3470 0.3537 
         379  1 0.1922 0.5416 0.2662 
         380  1 0.2170 0.5446 0.2385 
         381  1 0.3091 0.3367 0.3541 
         382  1 0.3895 0.3197 0.2909 
         383  1 0.4341 0.3442 0.2217 
         384  1 0.1773 0.3913 0.4313 
         385  1 0.3958 0.2214 0.3828 
         386  1 0.1691 0.6688 0.1622 
         387  1 0.3072 0.3593 0.3335 
         388  1 0.1983 0.5063 0.2953 
         389  1 0.3745 0.2953 0.3303 
         390  1 0.4915 0.2968 0.2118 
         391  1 0.2434 0.4763 0.2803 
         392  1 0.4834 0.3169 0.1997 
         393  1 0.1731 0.4482 0.3787 
         394  1 0.6141 0.1663 0.2196 
         395  1 0.3487 0.2891 0.3621 
         396  1 0.3059 0.2340 0.4601 
         397  1 0.3655 0.1825 0.4521 
         398  1 0.3301 0.3852 0.2846 
         399  1 0.2692 0.4011 0.3297 
         400  1 0.3023 0.4330 0.2647 
         401  1 0.2402 0.3416 0.4182 
         402  1 0.2999 0.3022 0.3978 
         403  1 0.4521 0.1654 0.3825 
         404  1 0.4698 0.2815 0.2488 
         405  1 0.3579 0.2540 0.3881 
         406  1 0.4289 0.3162 0.2549 
         407  1 0.1686 0.5064 0.3250 
         408  1 0.2902 0.3159 0.3940 
         409  1 0.3064 0.3196 0.3740 
         410  1 0.3442 0.2900 0.3658 
         411  1 0.3786 0.1809 0.4405 
         412  1 0.2446 0.3858 0.3696 
         413  1 0.4556 0.1691 0.3753 
         414  1 0.2303 0.4200 0.3497 
         415  1 0.2687 0.4844 0.2469 
         416  1 0.1820 0.1817 0.6363 
         417  1 0.3374 0.3739 0.2887 
         418  1 0.2977 0.3518 0.3505 
         419  1 0.4240 0.3467 0.2294 
         420  1 0.2798 0.1872 0.5330 
         421  1 0.4324 0.2488 0.3187 
         422  1 0.4219 0.2854 0.2927 
         423  1 0.2975 0.2717 0.4308 
         424  1 0.3303 0.2183 0.4513 
         425  1 0.2848 0.3757 0.3395 
         426  1 0.2857 0.4934 0.2210 
         427  1 0.3120 0.4352 0.2528 
         428  1 0.3442 0.3228 0.3330 
         429  1 0.3372 0.4391 0.2237 
         430  1 0.3648 0.3186 0.3166 
         431  1 0.3491 0.2271 0.4239 
         432  1 0.2435 0.4135 0.3430 
         433  1 0.2236 0.4115 0.3649 
         434  1 0.2995 0.2726 0.4279 
         435  1 0.3110 0.2851 0.4039 
         436  1 0.3009 0.3448 0.3543 
         437  1 0.2339 0.3771 0.3891 
         438  1 0.2064 0.5397 0.2539 
         439  1 0.3743 0.3133 0.3124 
         440  1 0.4872 0.2363 0.2765 
         441  1 0.2569 0.4279 0.3152 
         442  1 0.3404 0.2072 0.4523 
         443  1 0.3272 0.3075 0.3653 
         444  1 0.2787 0.4398 0.2815 
         445  1 0.4940 0.3133 0.1928 
         446  1 0.4443 0.2546 0.3011 
         447  1 0.2652 0.2534 0.4814 
         448  1 0.2844 0.3790 0.3367 
         449  1 0.2750 0.3007 0.4243 
         450  1 0.4173 0.2337 0.3491 
         451  1 0.3822 0.3786 0.2392 
         452  1 0.5338 0.2399 0.2263 
         453  1 0.2528 0.3177 0.4295 
         454  1 0.4008 0.1886 0.4106 
         455  1 0.4003 0.3549 0.2448 
         456  1 0.4093 0.3607 0.2300 
         457  1 0.2076 0.4864 0.3060 
         458  1 0.4665 0.3520 0.1815 
         459  1 0.3145 0.4657 0.2198 
         460  1 0.3537 0.2787 0.3676 
         461  1 0.1886 0.1654 0.6460 
         462  1 0.4958 0.1954 0.3088 
         463  1 0.2870 0.4863 0.2267 
         464  1 0.3182 0.3787 0.3031 
         465  1 0.4665 0.2837 0.2497 
         466  1 0.2137 0.4871 0.2992 
         467  1 0.4206 0.2800 0.2995 
         468  1 0.3503 0.3713 0.2784 
         469  1 0.2739 0.4259 0.3001 
         470  1 0.2292 0.4486 0.3222 
         471  1 0.5301 0.2240 0.2459 
         472  1 0.1865 0.4386 0.3748 
         473  1 0.2203 0.3071 0.4726 
         474  1 0.3230 0.2558 0.4211 
         475  1 0.3917 0.3492 0.2591 
         476  1 0.4620 0.3475 0.1905 
         477  1 0.3363 0.3415 0.3222 
         478  1 0.2143 0.2427 0.5430 
         479  1 0.4899 0.2467 0.2635 
         480  1 0.1894 0.3179 0.4927 
         481  1 0.3710 0.3170 0.3120 
         482  1 0.2072 0.4584 0.3344 
         483  1 0.4523 0.3223 0.2254 
         484  1 0.4216 0.1919 0.3865 
         485  1 0.5342 0.2353 0.2305 
         486  1 0.3217 0.3050 0.3733 
         487  1 0.2686 0.3898 0.3416 
         488  1 0.3795 0.4002 0.2203 
         489  1 0.3370 0.2823 0.3807 
         490  1 0.2562 0.3979 0.3460 
         491  1 0.1800 0.5411 0.2790 
         492  1 0.3517 0.3847 0.2635 
         493  1 0.2976 0.3820 0.3205 
         494  1 0.3312 0.4395 0.2293 
         495  1 0.5011 0.2079 0.2909 
         496  1 0.4077 0.1929 0.3994 
         497  1 0.2240 0.2441 0.5318 
         498  1 0.2680 0.2242 0.5078 
         499  1 0.1962 0.4196 0.3843 
         500  1 0.3156 0.4402 0.2442 
         501  1 0.3639 0.2481 0.3880 
         502  1 0.3777 0.3246 0.2978 
         503  1 0.2519 0.3001 0.4480 
         504  1 0.3016 0.2688 0.4296 
         505  1 0.3511 0.4327 0.2162 
         506  1 0.3865 0.2812 0.3322 
         507  1 0.3509 0.3185 0.3306 
         508  1 0.3106 0.1581 0.5313 
         509  1 0.4400 0.3133 0.2467 
         510  1 0.3413 0.2002 0.4585 
         511  1 0.2418 0.4601 0.2982 
         512  1 0.1676 0.1656 0.6667 
         513  1 0.4290 0.1748 0.3963 
         514  1 0.2742 0.2248 0.5010 
         515  1 0.1524 0.5752 0.2725 
         516  1 0.4910 0.3047 0.2043 
         517  1 0.5361 0.2676 0.1963 
         518  1 0.2884 0.2060 0.5056 
         519  1 0.3419 0.2916 0.3665 
         520  1 0.3033 0.4130 0.2837 
         521  1 0.2846 0.3097 0.4057 
         522  1 0.4189 0.2680 0.3131 
         523  1 0.2732 0.4010 0.3258 
         524  1 0.5773 0.2312 0.1915 
         525  1 0.2730 0.4407 0.2863 
         526  1 0.2561 0.3207 0.4231 
         527  1 0.2954 0.3077 0.3969 
         528  1 0.2282 0.5338 0.2379 
         529  1 0.2992 0.3536 0.3472 
         530  1 0.2681 0.4503 0.2816 
         531  1 0.4151 0.3751 0.2098 
         532  1 0.5602 0.1763 0.2636 
         533  1 0.1606 0.2106 0.6289 
         534  1 0.2960 0.4267 0.2773 
         535  1 0.2445 0.3855 0.3700 
         536  1 0.2882 0.3014 0.4104 
         537  1 0.2337 0.4277 0.3385 
         538  1 0.4104 0.3047 0.2849 
         539  1 0.2405 0.3386 0.4209 
         540  1 0.3412 0.3594 0.2994 
         541  1 0.3961 0.3511 0.2528 
         542  1 0.2010 0.5585 0.2405 
         543  1 0.1982 0.6299 0.1720 
         544  1 0.2323 0.5130 0.2547 
         545  1 0.3161 0.3293 0.3546 
         546  1 0.2261 0.5016 0.2722 
         547  1 0.4122 0.2907 0.2971 
         548  1 0.3304 0.3064 0.3632 
         549  1 0.3547 0.3232 0.3221 
         550  1 0.2701 0.3182 0.4117 
         551  1 0.2183 0.5029 0.2788 
         552  1 0.2683 0.2968 0.4349 
         553  1 0.4319 0.2451 0.3231 
         554  1 0.1414 0.5981 0.2605 
         555  1 0.4283 0.2769 0.2949 
         556  1 0.2922 0.1821 0.5257 
         557  1 0.3658 0.2979 0.3362 
         558  1 0.3666 0.4488 0.1846 
         559  1 0.3546 0.3091 0.3363 
         560  1 0.2023 0.5551 0.2426 
         561  1 0.4557 0.2798 0.2645 
         562  1 0.2396 0.4492 0.3113 
         563  1 0.4005 0.3405 0.2589 
         564  1 0.3174 0.2964 0.3862 
         565  1 0.3178 0.3637 0.3185 
         566  1 0.4094 0.2688 0.3218 
         567  1 0.3823 0.3709 0.2468 
         568  1 0.2039 0.3453 0.4508 
         569  1 0.3731 0.2222 0.4047 
         570  1 0.2867 0.3490 0.3643 
         571  1 0.3368 0.3439 0.3194 
         572  1 0.2208 0.2248 0.5544 
         573  1 0.3751 0.3881 0.2368 
         574  1 0.4658 0.2537 0.2805 
         575  1 0.4851 0.3174 0.1975 
         576  1 0.3452 0.3901 0.2647 
         577  1 0.3429 0.2536 0.4034 
         578  1 0.3911 0.3628 0.2461 
         579  1 0.3633 0.3162 0.3205 
         580  1 0.3417 0.2437 0.4146 
         581  1 0.2624 0.4670 0.2706 
         582  1 0.3839 0.2613 0.3548 
         583  1 0.3204 0.4133 0.2663 
         584  1 0.3147 0.3998 0.2855 
         585  1 0.4077 0.2518 0.3404 
         586  1 0.4271 0.3749 0.1980 
         587  1 0.3289 0.2091 0.4620 
         588  1 0.4772 0.2193 0.3035 
         589  1 0.3076 0.4140 0.2784 
         590  1 0.3978 0.2656 0.3367 
         591  1 0.3098 0.4197 0.2705 
         592  1 0.3044 0.2447 0.4509 
         593  1 0.3267 0.4288 0.2445 
         594  1 0.2273 0.4507 0.3221 
         595  1 0.2627 0.4018 0.3355 
         596  1 0.2448 0.3093 0.4459 
         597  1 0.2733 0.3624 0.3643 
         598  1 0.3132 0.4127 0.2741 
         599  1 0.3615 0.4523 0.1862 
         600  1 0.3124 0.3029 0.3846 
         601  1 0.3687 0.2599 0.3713 
         602  1 0.3450 0.2507 0.4043 
         603  1 0.3005 0.3039 0.3956 
         604  1 0.2218 0.3822 0.3960 
         605  1 0.2857 0.1741 0.5402 
         606  1 0.2955 0.4800 0.2245 
         607  1 0.4077 0.2489 0.3434 
         608  1 0.2708 0.3060 0.4232 
         609  1 0.3420 0.3634 0.2946 
         610  1 0.5561 0.2454 0.1986 
         611  1 0.4894 0.2797 0.2309 
         612  1 0.4001 0.2996 0.3003 
         613  1 0.3524 0.2736 0.3740 
         614  1 0.2552 0.4159 0.3289 
         615  1 0.3028 0.1797 0.5176 
         616  1 0.4927 0.2601 0.2472 
         617  1 0.2680 0.3461 0.3859 
         618  1 0.5361 0.1728 0.2912 
         619  1 0.4389 0.3448 0.2164 
         620  1 0.2625 0.5073 0.2302 
         621  1 0.2532 0.3675 0.3792 
         622  1 0.4122 0.2612 0.3265 
         623  1 0.4607 0.2483 0.2910 
         624  1 0.4367 0.2264 0.3369 
         625  1 0.3383 0.3840 0.2777 
         626  1 0.5371 0.1982 0.2648 
         627  1 0.2013 0.3661 0.4327 
         628  1 0.2309 0.2676 0.5015 
         629  1 0.4328 0.2708 0.2964 
         630  1 0.2722 0.3624 0.3654 
         631  1 0.2214 0.4384 0.3403 
         632  1 0.2379 0.5298 0.2323 
         633  1 0.3537 0.3003 0.3460 
         634  1 0.4608 0.2099 0.3294 
         635  1 0.3501 0.2221 0.4277 
         636  1 0.3432 0.3128 0.3441 
         637  1 0.2574 0.3379 0.4047 
         638  1 0.4778 0.1999 0.3223 
         639  1 0.2835 0.3670 0.3494 
         640  1 0.3033 0.3205 0.3762 
         641  1 0.3630 0.3333 0.3037 
         642  1 0.4484 0.2925 0.2591 
         643  1 0.2013 0.2841 0.5146 
         644  1 0.6227 0.1491 0.2282 
         645  1 0.2283 0.4907 0.2810 
         646  1 0.3868 0.2881 0.3252 
         647  1 0.2223 0.3271 0.4506 
         648  1 0.3018 0.3490 0.3492 
         649  1 0.3999 0.4248 0.1753 
         650  1 0.4238 0.3471 0.2291 
         651  1 0.2144 0.4535 0.3320 
         652  1 0.1817 0.5887 0.2297 
         653  1 0.1896 0.5612 0.2493 
         654  1 0.3282 0.3229 0.3489 
         655  1 0.3701 0.2600 0.3699 
         656  1 0.2138 0.1487 0.6375 
         657  1 0.3001 0.3722 0.3276 
         658  1 0.3297 0.4387 0.2315 
         659  1 0.2843 0.3965 0.3193 
         660  1 0.2220 0.3384 0.4396 
         661  1 0.3922 0.2071 0.4007 
         662  1 0.5144 0.2160 0.2696 
         663  1 0.3055 0.2749 0.4196 
         664  1 0.3092 0.3749 0.3159 
         665  1 0.2266 0.4246 0.3489 
         666  1 0.2204 0.4695 0.3102 
         667  1 0.4539 0.3613 0.1847 
         668  1 0.3731 0.2870 0.3399 
         669  1 0.3177 0.4125 0.2698 
         670  1 0.2701 0.3614 0.3685 
         671  1 0.2051 0.1887 0.6062 
         672  1 0.1960 0.5910 0.2129 
         673  1 0.2928 0.2748 0.4325 
         674  1 0.2528 0.2827 0.4645 
         675  1 0.1734 0.2289 0.5977 
         676  1 0.4613 0.2050 0.3337 
         677  1 0.5110 0.2749 0.2141 
         678  1 0.3448 0.3279 0.3272 
         679  1 0.2486 0.3001 0.4513 
         680  1 0.4591 0.2811 0.2598 
         681  1 0.2173 0.3535 0.4292 
         682  1 0.4235 0.1606 0.4159 
         683  1 0.4388 0.2518 0.3094 
         684  1 0.1777 0.5085 0.3138 
         685  1 0.2968 0.3026 0.4006 
         686  1 0.2484 0.3982 0.3534 
         687  1 0.2245 0.2729 0.5026 
         688  1 0.4465 0.3444 0.2091 
         689  1 0.1787 0.1440 0.6773 
         690  1 0.2906 0.3482 0.3613 
         691  1 0.1916 0.3542 0.4542 
         692  1 0.4348 0.3171 0.2482 
         693  1 0.4560 0.2378 0.3062 
         694  1 0.2904 0.4268 0.2828 
         695  1 0.2445 0.1921 0.5634 
         696  1 0.3779 0.3825 0.2395 
         697  1 0.3216 0.4186 0.2598 
         698  1 0.2671 0.2624 0.4705 
         699  1 0.2028 0.2374 0.5598 
         700  1 0.5418 0.2845 0.1737 
         701  1 0.3277 0.3193 0.3530 
         702  1 0.3104 0.3844 0.3052 
         703  1 0.4200 0.3819 0.1980 
         704  1 0.5216 0.2078 0.2706 
         705  1 0.2900 0.4801 0.2299 
         706  1 0.4060 0.3250 0.2690 
         707  1 0.4441 0.2910 0.2649 
         708  1 0.3176 0.4264 0.2561 
         709  1 0.3082 0.2701 0.4217 
         710  1 0.3207 0.3883 0.2909 
         711  1 0.2886 0.4352 0.2761 
         712  1 0.2275 0.2078 0.5647 
         713  1 0.3321 0.3364 0.3315 
         714  1 0.4339 0.3218 0.2443 
         715  1 0.3291 0.3642 0.3068 
         716  1 0.2326 0.2435 0.5239 
         717  1 0.2397 0.4956 0.2647 
         718  1 0.3949 0.3230 0.2821 
         719  1 0.5673 0.1728 0.2599 
         720  1 0.2708 0.4657 0.2636 
         721  1 0.3257 0.2385 0.4358 
         722  1 0.3537 0.4522 0.1941 
         723  1 0.4284 0.2696 0.3020 
         724  1 0.1811 0.2869 0.5320 
         725  1 0.3387 0.2370 0.4243 
         726  1 0.3375 0.2846 0.3778 
         727  1 0.2567 0.3888 0.3545 
         728  1 0.4074 0.3723 0.2203 
         729  1 0.3370 0.2593 0.4037 
         730  1 0.2986 0.5075 0.1939 
         731  1 0.2557 0.4305 0.3138 
         732  1 0.3191 0.4302 0.2507 
         733  1 0.2384 0.3020 0.4596 
         734  1 0.3517 0.3205 0.3278 
         735  1 0.4276 0.3320 0.2404 
         736  1 0.3950 0.3555 0.2495 
         737  1 0.1985 0.2091 0.5924 
         738  1 0.3550 0.3399 0.3051 
         739  1 0.2356 0.4888 0.2755 
         740  1 0.2902 0.4200 0.2898 
         741  1 0.2853 0.3837 0.3310 
         742  1 0.4964 0.2615 0.2421 
         743  1 0.1516 0.2085 0.6400 
         744  1 0.2177 0.2795 0.5028 
         745  1 0.5139 0.2467 0.2395 
         746  1 0.5916 0.1905 0.2179 
         747  1 0.2763 0.4748 0.2489 
         748  1 0.2888 0.2898 0.4214 
         749  1 0.2704 0.3158 0.4138 
         750  1 0.3676 0.3201 0.3122 
         751  1 0.3161 0.4234 0.2605 
         752  1 0.3296 0.2216 0.4488 
         753  1 0.2399 0.3934 0.3667 
         754  1 0.4091 0.3965 0.1944 
         755  1 0.2316 0.3573 0.4111 
         756  1 0.5088 0.3225 0.1687 
         757  1 0.3276 0.4042 0.2682 
         758  1 0.2415 0.5534 0.2051 
         759  1 0.3942 0.2546 0.3513 
         760  1 0.3080 0.1813 0.5107 
         761  1 0.3851 0.3301 0.2848 
         762  1 0.1680 0.6126 0.2194 
         763  1 0.3271 0.2417 0.4311 
         764  1 0.4183 0.3004 0.2812 
         765  1 0.5347 0.2283 0.2370 
         766  1 0.2484 0.4309 0.3206 
         767  1 0.1827 0.5154 0.3019 
         768  1 0.2711 0.4412 0.2877 
         769  1 0.5076 0.2894 0.2030 
         770  1 0.3631 0.1818 0.4550 
         771  1 0.3466 0.2235 0.4299 
         772  1 0.4595 0.2333 0.3072 
         773  1 0.2314 0.5565 0.2120 
         774  1 0.2806 0.4505 0.2689 
         775  1 0.5237 0.2503 0.2261 
         776  1 0.3747 0.2811 0.3442 
         777  1 0.3046 0.3329 0.3625 
         778  1 0.3421 0.3036 0.3543 
         779  1 0.3055 0.3123 0.3822 
         780  1 0.3098 0.2022 0.4880 
         781  1 0.3645 0.3892 0.2464 
