           1  1 0.1319 0.0723 0.0982 0.0974 0.1924 0.2673 0.0910 0.0493 
           2  1 0.1696 0.0769 0.1301 0.1675 0.1741 0.1541 0.0708 0.0568 
           3  1 0.1040 0.2353 0.0570 0.1047 0.0803 0.1071 0.0800 0.2315 
           4  1 0.1015 0.4515 0.0400 0.0842 0.0915 0.0968 0.0917 0.0428 
           5  1 0.1089 0.0791 0.2115 0.1997 0.1162 0.1433 0.0494 0.0918 
           6  1 0.0779 0.0685 0.1597 0.0848 0.1043 0.2439 0.2061 0.0547 
           7  1 0.0608 0.0671 0.1826 0.0572 0.0710 0.0808 0.0440 0.4365 
           8  1 0.1162 0.0697 0.0941 0.1235 0.1184 0.1801 0.1744 0.1237 
           9  1 0.0773 0.3843 0.0628 0.0925 0.1091 0.0888 0.0647 0.1205 
          10  1 0.1679 0.0369 0.0290 0.1273 0.1140 0.1094 0.3771 0.0383 
          11  1 0.1289 0.1204 0.0878 0.1578 0.1251 0.1126 0.1989 0.0685 
          12  1 0.1469 0.0590 0.0660 0.1447 0.1397 0.1005 0.3003 0.0431 
          13  1 0.0619 0.2046 0.0513 0.0633 0.0617 0.0762 0.3665 0.1145 
          14  1 0.0808 0.3944 0.1073 0.0764 0.1210 0.0897 0.0386 0.0918 
          15  1 0.0397 0.0509 0.7012 0.0360 0.0416 0.0398 0.0268 0.0640 
          16  1 0.0872 0.0496 0.1090 0.1484 0.0982 0.1217 0.0723 0.3136 
          17  1 0.1793 0.2367 0.0503 0.1197 0.1563 0.0882 0.0788 0.0906 
          18  1 0.0917 0.4481 0.0936 0.1122 0.0774 0.1154 0.0307 0.0310 
          19  1 0.0946 0.2671 0.0783 0.0796 0.1246 0.2296 0.0513 0.0750 
          20  1 0.1725 0.0829 0.0507 0.0923 0.2013 0.0953 0.0931 0.2118 
          21  1 0.1950 0.0502 0.0776 0.2183 0.0777 0.2270 0.1067 0.0476 
          22  1 0.0773 0.1553 0.0605 0.1100 0.1511 0.2588 0.0416 0.1455 
          23  1 0.0947 0.0496 0.2260 0.1579 0.1169 0.1103 0.1902 0.0544 
          24  1 0.1107 0.0766 0.0537 0.0857 0.1062 0.1009 0.3961 0.0701 
          25  1 0.1927 0.1357 0.0587 0.1409 0.1440 0.1910 0.0494 0.0875 
          26  1 0.0938 0.2863 0.1322 0.1140 0.1022 0.1327 0.0782 0.0606 
          27  1 0.0929 0.2430 0.0787 0.0830 0.0947 0.1112 0.0787 0.2178 
          28  1 0.1281 0.0517 0.1777 0.1359 0.0636 0.0912 0.2883 0.0635 
          29  1 0.1943 0.1183 0.0937 0.0918 0.2540 0.1515 0.0430 0.0535 
          30  1 0.1861 0.1221 0.0627 0.1255 0.1933 0.1407 0.0850 0.0847 
          31  1 0.1426 0.0999 0.0485 0.1955 0.1289 0.1162 0.1719 0.0964 
          32  1 0.0557 0.0553 0.6009 0.0446 0.0589 0.0620 0.0690 0.0536 
          33  1 0.1151 0.0651 0.3683 0.1022 0.1127 0.0947 0.0677 0.0742 
          34  1 0.1851 0.0791 0.1157 0.1823 0.1830 0.1262 0.0826 0.0461 
          35  1 0.1962 0.0914 0.1811 0.0826 0.2382 0.0992 0.0464 0.0650 
          36  1 0.0784 0.2818 0.2010 0.0809 0.0799 0.0961 0.0401 0.1418 
          37  1 0.1245 0.1199 0.1369 0.1221 0.1463 0.1422 0.1339 0.0742 
          38  1 0.0718 0.1806 0.1111 0.0884 0.1084 0.2514 0.0791 0.1092 
          39  1 0.2694 0.0703 0.0840 0.2025 0.1084 0.0995 0.1239 0.0420 
          40  1 0.0800 0.0789 0.0925 0.0991 0.0984 0.3270 0.0319 0.1921 
          41  1 0.1187 0.0496 0.0530 0.0688 0.1159 0.0876 0.4620 0.0443 
          42  1 0.1027 0.0503 0.3123 0.0917 0.0860 0.0838 0.0749 0.1982 
          43  1 0.2010 0.1874 0.0339 0.1959 0.1533 0.1338 0.0552 0.0395 
          44  1 0.1139 0.1103 0.0758 0.1095 0.1518 0.1433 0.1401 0.1554 
          45  1 0.1027 0.1010 0.1373 0.2191 0.1223 0.1256 0.1446 0.0474 
          46  1 0.1815 0.0568 0.1395 0.1237 0.1169 0.1442 0.0609 0.1766 
          47  1 0.1954 0.0912 0.0436 0.1389 0.2035 0.1635 0.0631 0.1008 
          48  1 0.0523 0.0732 0.6239 0.0599 0.0555 0.0590 0.0316 0.0446 
          49  1 0.0942 0.2432 0.0320 0.0756 0.1383 0.1077 0.1293 0.1797 
          50  1 0.0918 0.1904 0.0809 0.1184 0.1288 0.1346 0.0484 0.2067 
          51  1 0.2157 0.0533 0.0452 0.1683 0.2804 0.1111 0.0834 0.0427 
          52  1 0.0483 0.0511 0.0427 0.0607 0.0632 0.0733 0.4828 0.1778 
          53  1 0.1114 0.1245 0.0575 0.1376 0.1398 0.2199 0.0882 0.1211 
          54  1 0.1480 0.1969 0.0825 0.1349 0.1229 0.1257 0.1165 0.0727 
          55  1 0.1483 0.1787 0.1890 0.1366 0.0941 0.1384 0.0468 0.0682 
          56  1 0.0680 0.0606 0.4956 0.0990 0.0649 0.0805 0.0701 0.0612 
          57  1 0.0971 0.0782 0.0731 0.1048 0.1387 0.1649 0.2256 0.1175 
          58  1 0.0372 0.0367 0.7408 0.0396 0.0404 0.0495 0.0317 0.0241 
          59  1 0.1332 0.0772 0.1380 0.1732 0.1142 0.1181 0.0454 0.2008 
          60  1 0.1598 0.0623 0.0870 0.1161 0.2123 0.1154 0.0839 0.1632 
          61  1 0.1186 0.0916 0.0498 0.0857 0.1529 0.1486 0.0678 0.2850 
          62  1 0.0918 0.0468 0.1210 0.0888 0.0714 0.1374 0.3451 0.0977 
          63  1 0.0892 0.1027 0.0724 0.1170 0.0901 0.1177 0.1372 0.2737 
          64  1 0.1381 0.0733 0.0452 0.1442 0.0995 0.1707 0.2552 0.0737 
          65  1 0.1771 0.1495 0.0652 0.1368 0.1294 0.1677 0.0620 0.1122 
          66  1 0.2294 0.1146 0.0538 0.1319 0.1759 0.1149 0.1032 0.0764 
          67  1 0.0925 0.0516 0.0282 0.0885 0.0795 0.0694 0.5410 0.0492 
          68  1 0.0731 0.3127 0.0502 0.0745 0.0694 0.0764 0.0677 0.2760 
          69  1 0.0505 0.0441 0.0445 0.2017 0.1632 0.1736 0.2075 0.1148 
          70  1 0.0522 0.1717 0.2802 0.0679 0.0714 0.1149 0.1567 0.0851 
          71  1 0.1385 0.0513 0.0688 0.1004 0.1193 0.1099 0.3562 0.0556 
          72  1 0.0827 0.0660 0.0527 0.0856 0.0904 0.0888 0.4813 0.0526 
          73  1 0.2090 0.0914 0.1467 0.1245 0.1965 0.1137 0.0693 0.0490 
          74  1 0.1086 0.1045 0.0555 0.0927 0.1541 0.1509 0.1192 0.2144 
          75  1 0.1694 0.1100 0.0870 0.1064 0.1990 0.1030 0.1385 0.0867 
          76  1 0.2661 0.0954 0.0348 0.2694 0.0842 0.0944 0.0562 0.0994 
          77  1 0.2115 0.0891 0.1137 0.1505 0.1693 0.1055 0.1037 0.0568 
          78  1 0.2238 0.1331 0.0399 0.1943 0.1101 0.1473 0.0960 0.0556 
          79  1 0.0744 0.0506 0.2463 0.0773 0.0707 0.0694 0.3738 0.0375 
          80  1 0.1165 0.0872 0.0882 0.0976 0.0978 0.1261 0.1627 0.2240 
          81  1 0.0767 0.0509 0.0364 0.0585 0.0745 0.0874 0.4787 0.1369 
          82  1 0.1015 0.0522 0.2523 0.1313 0.1060 0.1474 0.1266 0.0826 
          83  1 0.0318 0.0315 0.0292 0.0280 0.0343 0.0316 0.0321 0.7815 
          84  1 0.1161 0.0779 0.0895 0.0949 0.1189 0.1223 0.0849 0.2954 
          85  1 0.1439 0.0879 0.1161 0.1748 0.1294 0.1370 0.1294 0.0815 
          86  1 0.2076 0.0580 0.1486 0.1852 0.0913 0.1509 0.0561 0.1023 
          87  1 0.1553 0.0508 0.0299 0.1414 0.0943 0.1006 0.3381 0.0896 
          88  1 0.2048 0.1180 0.1498 0.2076 0.1051 0.1144 0.0480 0.0524 
          89  1 0.1425 0.1036 0.0689 0.1083 0.1658 0.1590 0.0464 0.2055 
          90  1 0.0721 0.0462 0.1136 0.1993 0.1761 0.1267 0.0634 0.2025 
          91  1 0.1554 0.1185 0.1167 0.1978 0.0903 0.1101 0.0920 0.1192 
          92  1 0.0587 0.0450 0.2418 0.0846 0.0884 0.1141 0.2429 0.1244 
          93  1 0.1704 0.0763 0.0497 0.1969 0.1141 0.1075 0.1237 0.1613 
          94  1 0.1967 0.1063 0.0353 0.1306 0.2104 0.1790 0.0802 0.0615 
          95  1 0.0646 0.0693 0.1000 0.2629 0.2101 0.1276 0.1120 0.0535 
          96  1 0.1947 0.0839 0.1044 0.1293 0.2203 0.1020 0.0887 0.0767 
          97  1 0.0820 0.0886 0.0685 0.0868 0.0663 0.0959 0.4225 0.0893 
          98  1 0.1271 0.1171 0.0641 0.0902 0.1130 0.1195 0.1724 0.1964 
          99  1 0.1031 0.0605 0.0578 0.0934 0.0978 0.1148 0.3588 0.1139 
         100  1 0.0866 0.1955 0.0903 0.1184 0.1108 0.0945 0.2005 0.1035 
         101  1 0.1202 0.1104 0.0579 0.1330 0.1333 0.1358 0.1269 0.1825 
         102  1 0.0603 0.1576 0.4110 0.0607 0.0539 0.0774 0.0431 0.1361 
         103  1 0.1281 0.1493 0.2226 0.1052 0.1728 0.0980 0.0445 0.0795 
         104  1 0.2322 0.0779 0.0769 0.1681 0.1605 0.0982 0.1097 0.0765 
         105  1 0.1202 0.1796 0.0717 0.1273 0.1346 0.1108 0.1704 0.0853 
         106  1 0.1116 0.1031 0.0903 0.0974 0.1339 0.2093 0.1447 0.1097 
         107  1 0.0694 0.0524 0.1435 0.0997 0.0953 0.2371 0.1871 0.1155 
         108  1 0.0623 0.0593 0.1080 0.1398 0.1026 0.1182 0.2976 0.1121 
         109  1 0.1564 0.1227 0.0594 0.1061 0.1759 0.1019 0.0829 0.1947 
         110  1 0.1440 0.2969 0.0625 0.0824 0.2161 0.0865 0.0702 0.0413 
         111  1 0.0768 0.1599 0.1934 0.0838 0.1026 0.2136 0.0475 0.1225 
         112  1 0.1240 0.2360 0.1310 0.0993 0.1506 0.1254 0.0556 0.0780 
         113  1 0.2084 0.0583 0.0896 0.1501 0.1221 0.1954 0.1312 0.0448 
         114  1 0.0614 0.4925 0.0528 0.0729 0.0671 0.0856 0.0457 0.1220 
         115  1 0.0719 0.0645 0.0950 0.1909 0.1351 0.1247 0.1985 0.1193 
         116  1 0.0641 0.0808 0.1758 0.1347 0.1119 0.1627 0.0890 0.1810 
         117  1 0.0719 0.0873 0.4581 0.0865 0.0784 0.0953 0.0798 0.0427 
         118  1 0.1385 0.3016 0.0547 0.0811 0.1641 0.0815 0.1051 0.0735 
         119  1 0.0947 0.2985 0.2082 0.1168 0.0825 0.1031 0.0356 0.0605 
         120  1 0.1450 0.1166 0.3169 0.1111 0.1249 0.0940 0.0519 0.0397 
         121  1 0.1159 0.1276 0.0501 0.1065 0.1594 0.1204 0.1081 0.2120 
         122  1 0.1247 0.0450 0.0314 0.1007 0.1080 0.0938 0.3841 0.1124 
         123  1 0.0625 0.0634 0.5239 0.0626 0.0694 0.0863 0.0869 0.0450 
         124  1 0.1212 0.0696 0.0461 0.2222 0.1240 0.1464 0.1594 0.1110 
         125  1 0.0791 0.0534 0.3419 0.1083 0.1007 0.1002 0.1410 0.0753 
         126  1 0.1276 0.0886 0.0855 0.1373 0.1297 0.2566 0.0882 0.0865 
         127  1 0.1831 0.0502 0.1534 0.2076 0.0796 0.0823 0.2005 0.0432 
         128  1 0.0684 0.0356 0.4522 0.0972 0.0748 0.1041 0.0893 0.0784 
         129  1 0.0637 0.0563 0.0613 0.0930 0.0649 0.0822 0.5015 0.0770 
         130  1 0.2362 0.0454 0.0418 0.1245 0.2760 0.1037 0.1369 0.0354 
         131  1 0.1576 0.0615 0.0497 0.1588 0.1415 0.2020 0.1289 0.1001 
         132  1 0.0826 0.0491 0.5713 0.0776 0.0651 0.0717 0.0419 0.0407 
         133  1 0.1483 0.2161 0.1589 0.1008 0.1730 0.1167 0.0451 0.0412 
         134  1 0.1031 0.2730 0.0745 0.1083 0.0853 0.1411 0.1013 0.1134 
         135  1 0.2346 0.1132 0.0416 0.0959 0.3289 0.0790 0.0769 0.0299 
         136  1 0.1291 0.1404 0.1186 0.1230 0.0894 0.1223 0.0569 0.2203 
         137  1 0.2746 0.0482 0.0685 0.3022 0.0642 0.1003 0.0559 0.0862 
         138  1 0.1397 0.1628 0.1106 0.1852 0.0877 0.1824 0.0640 0.0676 
         139  1 0.1498 0.1207 0.1421 0.2032 0.1259 0.1178 0.1017 0.0389 
         140  1 0.1041 0.0561 0.0433 0.1115 0.0773 0.1106 0.2184 0.2787 
         141  1 0.0920 0.3738 0.1048 0.0980 0.0874 0.0974 0.1053 0.0413 
         142  1 0.0634 0.0561 0.5808 0.0619 0.0599 0.0648 0.0415 0.0715 
         143  1 0.0789 0.0607 0.0529 0.0655 0.0891 0.2300 0.2850 0.1380 
         144  1 0.1435 0.1282 0.0824 0.1211 0.1139 0.1191 0.0549 0.2370 
         145  1 0.0763 0.3465 0.0757 0.1485 0.1390 0.1157 0.0463 0.0520 
         146  1 0.1382 0.1143 0.0461 0.1417 0.1597 0.1637 0.1284 0.1078 
         147  1 0.0841 0.1772 0.0866 0.0868 0.0867 0.1178 0.0547 0.3061 
         148  1 0.1275 0.1250 0.0651 0.1402 0.1580 0.1064 0.1005 0.1772 
         149  1 0.1291 0.1113 0.2755 0.1370 0.0855 0.1066 0.0889 0.0662 
         150  1 0.1807 0.1681 0.0389 0.0860 0.2485 0.1027 0.1258 0.0492 
         151  1 0.0995 0.2007 0.0654 0.0632 0.1293 0.1080 0.2313 0.1027 
         152  1 0.1145 0.0964 0.0578 0.1291 0.1118 0.2363 0.1103 0.1437 
         153  1 0.1246 0.1298 0.0703 0.0756 0.1392 0.0973 0.0917 0.2716 
         154  1 0.1301 0.0805 0.0980 0.1549 0.1232 0.1605 0.1335 0.1191 
         155  1 0.0619 0.1046 0.4575 0.0847 0.0601 0.0847 0.0575 0.0889 
         156  1 0.1501 0.0613 0.0713 0.1480 0.2044 0.0903 0.1912 0.0834 
         157  1 0.1332 0.0995 0.0745 0.1570 0.1342 0.2308 0.0992 0.0716 
         158  1 0.2961 0.0509 0.0421 0.3636 0.0647 0.0832 0.0616 0.0377 
         159  1 0.1117 0.0783 0.2601 0.1086 0.1197 0.0994 0.1471 0.0751 
         160  1 0.1399 0.0501 0.1785 0.2004 0.1361 0.1532 0.0796 0.0623 
         161  1 0.1112 0.0823 0.1809 0.0884 0.1536 0.3046 0.0442 0.0349 
         162  1 0.1703 0.2023 0.0754 0.1187 0.1780 0.1058 0.0934 0.0561 
         163  1 0.0933 0.2991 0.0936 0.0802 0.1159 0.1310 0.1144 0.0727 
         164  1 0.0700 0.0311 0.5175 0.0841 0.0517 0.0580 0.0492 0.1385 
         165  1 0.1992 0.1084 0.0668 0.1731 0.1104 0.1395 0.0747 0.1279 
         166  1 0.0723 0.0900 0.0938 0.0883 0.1014 0.2462 0.2385 0.0695 
         167  1 0.0389 0.0479 0.6512 0.0555 0.0540 0.0543 0.0704 0.0278 
         168  1 0.1846 0.1070 0.0945 0.1010 0.1710 0.1174 0.1536 0.0709 
         169  1 0.0616 0.2183 0.0876 0.0669 0.0709 0.1829 0.2588 0.0530 
         170  1 0.1780 0.1238 0.0355 0.1053 0.2143 0.0815 0.1970 0.0648 
         171  1 0.1213 0.0714 0.1641 0.1213 0.1586 0.1204 0.1114 0.1315 
         172  1 0.1057 0.3728 0.0406 0.0981 0.1367 0.0858 0.0726 0.0877 
         173  1 0.1241 0.1659 0.1520 0.1154 0.0907 0.1254 0.1822 0.0443 
         174  1 0.1268 0.1764 0.0636 0.1190 0.0986 0.1530 0.0842 0.1784 
         175  1 0.1869 0.0877 0.0490 0.1459 0.1730 0.1610 0.1266 0.0700 
         176  1 0.2652 0.0885 0.0417 0.1072 0.3025 0.0724 0.0543 0.0683 
         177  1 0.1708 0.0331 0.0404 0.1729 0.0920 0.0662 0.1022 0.3224 
         178  1 0.1707 0.0848 0.0589 0.2138 0.1143 0.1373 0.1415 0.0788 
         179  1 0.1396 0.1421 0.1304 0.1649 0.0984 0.1408 0.1123 0.0715 
         180  1 0.1343 0.1129 0.0511 0.1426 0.1688 0.1067 0.1728 0.1108 
         181  1 0.1177 0.0897 0.2394 0.1524 0.1613 0.1097 0.0782 0.0516 
         182  1 0.0268 0.0240 0.0302 0.0313 0.0288 0.0277 0.0314 0.7998 
         183  1 0.1265 0.1577 0.0749 0.1129 0.2008 0.2300 0.0472 0.0501 
         184  1 0.1325 0.1314 0.0618 0.1286 0.1767 0.1327 0.1102 0.1261 
         185  1 0.1341 0.1215 0.1339 0.1051 0.1826 0.1790 0.0831 0.0608 
         186  1 0.1230 0.1231 0.1355 0.1065 0.1798 0.1395 0.0672 0.1254 
         187  1 0.1890 0.1881 0.0667 0.1390 0.1783 0.1103 0.0810 0.0476 
         188  1 0.0606 0.2069 0.3421 0.0826 0.0706 0.0954 0.0529 0.0888 
         189  1 0.0644 0.2458 0.0579 0.1357 0.1348 0.1464 0.0734 0.1415 
         190  1 0.0979 0.2056 0.0683 0.0852 0.0903 0.0878 0.2955 0.0693 
         191  1 0.1601 0.1243 0.1009 0.1192 0.1374 0.2012 0.1095 0.0475 
         192  1 0.0925 0.1055 0.0617 0.1122 0.1033 0.1667 0.2108 0.1471 
         193  1 0.1189 0.2960 0.0638 0.1069 0.1045 0.1367 0.0984 0.0747 
         194  1 0.1663 0.0582 0.2830 0.0759 0.1702 0.1290 0.0496 0.0677 
         195  1 0.1605 0.0783 0.0417 0.1594 0.0924 0.1155 0.2891 0.0631 
         196  1 0.0911 0.3155 0.0818 0.0975 0.1047 0.1784 0.0617 0.0694 
         197  1 0.0715 0.0639 0.4454 0.0577 0.0840 0.0787 0.0544 0.1446 
         198  1 0.0529 0.4956 0.0752 0.0718 0.0748 0.0955 0.0972 0.0369 
         199  1 0.0702 0.0447 0.0718 0.1031 0.0748 0.0901 0.0713 0.4742 
         200  1 0.0891 0.1842 0.1899 0.1268 0.1209 0.1359 0.1086 0.0448 
         201  1 0.1753 0.0500 0.0399 0.1666 0.1018 0.0868 0.1134 0.2663 
         202  1 0.1540 0.0935 0.0822 0.1077 0.1772 0.1375 0.0736 0.1744 
         203  1 0.1403 0.0803 0.0789 0.1363 0.1410 0.1259 0.1937 0.1038 
         204  1 0.1233 0.1669 0.0403 0.1418 0.1356 0.1054 0.1012 0.1854 
         205  1 0.1296 0.0959 0.0866 0.1235 0.0931 0.1565 0.1158 0.1990 
         206  1 0.1304 0.0543 0.0591 0.1748 0.1054 0.1136 0.2765 0.0858 
         207  1 0.1225 0.1556 0.0805 0.1245 0.1058 0.1917 0.0857 0.1338 
         208  1 0.1450 0.1050 0.0439 0.1658 0.1905 0.1298 0.0848 0.1352 
         209  1 0.1675 0.0497 0.0866 0.2195 0.1185 0.1739 0.1353 0.0490 
         210  1 0.2075 0.0580 0.0662 0.1155 0.2546 0.1068 0.1331 0.0583 
         211  1 0.2379 0.0622 0.0333 0.1820 0.1312 0.1352 0.1267 0.0915 
         212  1 0.0598 0.5233 0.1019 0.0518 0.0844 0.0867 0.0341 0.0579 
         213  1 0.1192 0.1538 0.1946 0.1195 0.1006 0.1333 0.1148 0.0640 
         214  1 0.0604 0.0595 0.0402 0.0764 0.0740 0.1292 0.4807 0.0795 
         215  1 0.0840 0.1583 0.2009 0.1189 0.1167 0.1435 0.0664 0.1114 
         216  1 0.1651 0.1330 0.0704 0.1769 0.1113 0.1080 0.1891 0.0462 
         217  1 0.1377 0.2444 0.1426 0.1408 0.0902 0.1456 0.0534 0.0453 
         218  1 0.0577 0.1012 0.4139 0.0985 0.0857 0.0979 0.1053 0.0398 
         219  1 0.1596 0.1556 0.0660 0.1045 0.2189 0.0935 0.0918 0.1101 
         220  1 0.1567 0.1003 0.0517 0.1499 0.1408 0.1912 0.1155 0.0938 
         221  1 0.0463 0.0538 0.0428 0.0633 0.0595 0.0568 0.1018 0.5756 
         222  1 0.1490 0.1592 0.0963 0.1512 0.1442 0.1751 0.0798 0.0452 
         223  1 0.1377 0.1003 0.1443 0.1613 0.1011 0.1865 0.0763 0.0926 
         224  1 0.1386 0.0767 0.0478 0.1508 0.1083 0.1488 0.1780 0.1510 
         225  1 0.1778 0.0393 0.0348 0.1648 0.1188 0.2041 0.1917 0.0687 
         226  1 0.2266 0.0832 0.1161 0.1586 0.2111 0.0966 0.0593 0.0486 
         227  1 0.1438 0.0799 0.0724 0.1977 0.0962 0.1068 0.2431 0.0601 
         228  1 0.1679 0.1009 0.1113 0.2173 0.1217 0.1158 0.0815 0.0836 
         229  1 0.0919 0.1212 0.1235 0.1278 0.1146 0.1334 0.0719 0.2157 
         230  1 0.0672 0.5924 0.0503 0.0601 0.0968 0.0557 0.0325 0.0450 
         231  1 0.2735 0.0570 0.0729 0.1636 0.1803 0.1254 0.0583 0.0691 
         232  1 0.1804 0.0447 0.0783 0.1661 0.0988 0.1008 0.0592 0.2717 
         233  1 0.0988 0.5051 0.0504 0.0846 0.0864 0.0912 0.0447 0.0388 
         234  1 0.1854 0.0741 0.0869 0.2070 0.1464 0.1493 0.0981 0.0529 
         235  1 0.1884 0.0718 0.0709 0.1248 0.2140 0.1304 0.0558 0.1440 
         236  1 0.0702 0.2994 0.2261 0.0884 0.0840 0.0775 0.0445 0.1098 
         237  1 0.1795 0.0694 0.0843 0.2028 0.0810 0.1267 0.0828 0.1736 
         238  1 0.0922 0.1149 0.0775 0.1170 0.1592 0.2811 0.0733 0.0847 
         239  1 0.1265 0.2228 0.0763 0.1155 0.1381 0.0915 0.1290 0.1003 
         240  1 0.1779 0.0771 0.1216 0.1069 0.1962 0.1211 0.0728 0.1265 
         241  1 0.1555 0.0843 0.0459 0.1723 0.1092 0.1233 0.2187 0.0909 
         242  1 0.0621 0.1179 0.0847 0.0893 0.0831 0.1282 0.2059 0.2289 
         243  1 0.0768 0.0725 0.2844 0.0826 0.0888 0.1011 0.2053 0.0884 
         244  1 0.1887 0.0536 0.0394 0.2352 0.1028 0.1071 0.0618 0.2115 
         245  1 0.1437 0.0865 0.2095 0.1055 0.1771 0.0867 0.1202 0.0708 
         246  1 0.0693 0.2746 0.1917 0.0918 0.0936 0.0874 0.1057 0.0859 
         247  1 0.1937 0.2590 0.0454 0.1657 0.1027 0.0867 0.0926 0.0542 
         248  1 0.2496 0.1580 0.0406 0.2752 0.0794 0.0919 0.0639 0.0414 
         249  1 0.1472 0.1164 0.0710 0.1338 0.1795 0.1545 0.1212 0.0764 
         250  1 0.0587 0.1029 0.4359 0.0961 0.0925 0.0926 0.0488 0.0724 
         251  1 0.1697 0.0933 0.1262 0.1301 0.1346 0.2122 0.0622 0.0718 
         252  1 0.1323 0.0396 0.0601 0.0947 0.1237 0.1524 0.3343 0.0629 
         253  1 0.0746 0.0611 0.2448 0.1078 0.0885 0.1035 0.2236 0.0962 
         254  1 0.1008 0.3375 0.0937 0.0940 0.1370 0.1277 0.0676 0.0417 
         255  1 0.0784 0.0713 0.0607 0.0924 0.0963 0.0725 0.0651 0.4633 
         256  1 0.0927 0.0639 0.2022 0.1851 0.1321 0.1678 0.0857 0.0705 
         257  1 0.0887 0.0720 0.0614 0.0711 0.0963 0.0694 0.5103 0.0309 
         258  1 0.1204 0.0815 0.0956 0.1844 0.1769 0.1076 0.0665 0.1671 
         259  1 0.0963 0.2087 0.0464 0.0936 0.0830 0.0981 0.3137 0.0602 
         260  1 0.1338 0.0961 0.0855 0.1767 0.0882 0.1033 0.1716 0.1448 
         261  1 0.2044 0.1454 0.0561 0.1858 0.1307 0.1096 0.1240 0.0439 
         262  1 0.1704 0.0821 0.0949 0.1387 0.1685 0.1163 0.0703 0.1588 
         263  1 0.1385 0.0846 0.0407 0.2363 0.2094 0.1382 0.0812 0.0710 
         264  1 0.1206 0.1933 0.0808 0.1095 0.0673 0.1164 0.0773 0.2348 
         265  1 0.1276 0.0692 0.0394 0.1917 0.1470 0.2090 0.0654 0.1507 
         266  1 0.1408 0.0405 0.2637 0.1126 0.1644 0.1389 0.0920 0.0472 
         267  1 0.0732 0.0846 0.0478 0.0936 0.1128 0.2015 0.0569 0.3296 
         268  1 0.0529 0.5519 0.0480 0.0599 0.0807 0.0769 0.0937 0.0359 
         269  1 0.1757 0.0780 0.0455 0.1023 0.1995 0.0743 0.1601 0.1647 
         270  1 0.1469 0.1160 0.0368 0.1391 0.1705 0.1489 0.0786 0.1631 
         271  1 0.1351 0.1002 0.1211 0.1185 0.1352 0.1797 0.1104 0.0997 
         272  1 0.1106 0.2989 0.0393 0.0938 0.0763 0.0949 0.2356 0.0504 
         273  1 0.1246 0.1035 0.0918 0.1401 0.0944 0.1443 0.0800 0.2213 
         274  1 0.1012 0.4777 0.0342 0.0642 0.1524 0.0667 0.0425 0.0611 
         275  1 0.1600 0.1143 0.0530 0.0965 0.1584 0.0827 0.0599 0.2751 
         276  1 0.1120 0.0522 0.2778 0.1507 0.0710 0.1046 0.1625 0.0692 
         277  1 0.0541 0.0424 0.0360 0.0432 0.0597 0.0405 0.0514 0.6727 
         278  1 0.1126 0.0776 0.0288 0.0774 0.0964 0.0813 0.2516 0.2744 
         279  1 0.1167 0.1397 0.1512 0.1196 0.1157 0.1319 0.0531 0.1722 
         280  1 0.1090 0.3152 0.0959 0.1516 0.0902 0.0918 0.0607 0.0855 
         281  1 0.0853 0.1071 0.0456 0.0819 0.1233 0.3021 0.1597 0.0950 
         282  1 0.1409 0.0854 0.0556 0.1288 0.1819 0.0787 0.2856 0.0429 
         283  1 0.1062 0.0863 0.2100 0.1078 0.1121 0.1115 0.0663 0.1998 
         284  1 0.0782 0.0566 0.0726 0.0746 0.0577 0.0742 0.0462 0.5399 
         285  1 0.2219 0.1080 0.0777 0.2004 0.0883 0.1270 0.1266 0.0500 
         286  1 0.0612 0.1861 0.0431 0.0879 0.0939 0.1357 0.1520 0.2403 
         287  1 0.0727 0.1277 0.3462 0.0894 0.0939 0.0962 0.0542 0.1196 
         288  1 0.0291 0.0260 0.0246 0.0305 0.0264 0.0280 0.0243 0.8112 
         289  1 0.1755 0.1314 0.1172 0.1101 0.1747 0.1296 0.0873 0.0743 
         290  1 0.2369 0.2518 0.0458 0.1954 0.0904 0.0866 0.0527 0.0404 
         291  1 0.0864 0.1258 0.2625 0.0981 0.1423 0.1971 0.0467 0.0410 
         292  1 0.0869 0.0464 0.1550 0.0963 0.1012 0.1487 0.2414 0.1241 
         293  1 0.0941 0.3461 0.0989 0.0728 0.1421 0.0848 0.1111 0.0501 
         294  1 0.1533 0.0851 0.0555 0.1815 0.1396 0.1339 0.1417 0.1094 
         295  1 0.0435 0.0456 0.6484 0.0611 0.0463 0.0535 0.0756 0.0260 
         296  1 0.0770 0.0678 0.0784 0.0948 0.0797 0.0711 0.0447 0.4865 
         297  1 0.1813 0.0870 0.0660 0.1180 0.1851 0.1104 0.0775 0.1746 
         298  1 0.0765 0.1101 0.1032 0.0799 0.0703 0.0753 0.4566 0.0281 
         299  1 0.0591 0.0402 0.6507 0.0577 0.0472 0.0506 0.0575 0.0370 
         300  1 0.1458 0.1289 0.0962 0.1058 0.1815 0.1114 0.1133 0.1171 
         301  1 0.1199 0.0683 0.1995 0.0986 0.1438 0.1114 0.1406 0.1179 
         302  1 0.0400 0.0551 0.7111 0.0361 0.0454 0.0477 0.0295 0.0350 
         303  1 0.1157 0.2665 0.0455 0.0960 0.1026 0.2399 0.0809 0.0529 
         304  1 0.0621 0.1879 0.0740 0.0695 0.0630 0.0814 0.4089 0.0533 
         305  1 0.2071 0.0863 0.0656 0.2020 0.1969 0.1384 0.0480 0.0557 
         306  1 0.0428 0.0429 0.3007 0.0611 0.0563 0.0615 0.0460 0.3888 
         307  1 0.1156 0.1272 0.1231 0.0982 0.0993 0.1410 0.2058 0.0898 
         308  1 0.1129 0.1272 0.0738 0.1644 0.1524 0.1516 0.1196 0.0981 
         309  1 0.0878 0.1156 0.0559 0.0837 0.0861 0.1065 0.2508 0.2136 
         310  1 0.1124 0.0997 0.0630 0.0941 0.1242 0.1448 0.0616 0.3003 
         311  1 0.0741 0.0415 0.1768 0.0866 0.0853 0.1038 0.1496 0.2823 
         312  1 0.1625 0.1136 0.0537 0.1036 0.1993 0.0935 0.0842 0.1897 
         313  1 0.1066 0.0845 0.1989 0.1129 0.0963 0.1159 0.1063 0.1787 
         314  1 0.0887 0.0731 0.0849 0.1564 0.1113 0.1802 0.1357 0.1699 
         315  1 0.1484 0.0434 0.1042 0.1925 0.1472 0.1137 0.1010 0.1496 
         316  1 0.0865 0.1265 0.0805 0.1810 0.1866 0.1263 0.1327 0.0799 
         317  1 0.1766 0.1203 0.0361 0.1270 0.2295 0.0844 0.0847 0.1415 
         318  1 0.2331 0.0875 0.0527 0.1029 0.3308 0.0787 0.0678 0.0465 
         319  1 0.1525 0.1180 0.1526 0.1075 0.1611 0.1672 0.0725 0.0687 
         320  1 0.0860 0.0593 0.3607 0.1082 0.0785 0.0774 0.0892 0.1407 
         321  1 0.1897 0.1661 0.0567 0.2130 0.1318 0.1404 0.0371 0.0653 
         322  1 0.1596 0.1277 0.0617 0.1993 0.0965 0.1635 0.1078 0.0838 
         323  1 0.1098 0.0781 0.1380 0.0749 0.1007 0.0783 0.0942 0.3260 
         324  1 0.2227 0.0510 0.0446 0.1535 0.1833 0.1824 0.1114 0.0510 
         325  1 0.0788 0.4071 0.0667 0.0984 0.1117 0.0928 0.0816 0.0629 
         326  1 0.0825 0.0781 0.0438 0.0694 0.0920 0.0829 0.1362 0.4152 
         327  1 0.1753 0.1805 0.0931 0.1435 0.1637 0.1039 0.0801 0.0598 
         328  1 0.1390 0.0537 0.0558 0.1612 0.1918 0.1380 0.2112 0.0494 
         329  1 0.1732 0.0546 0.0673 0.2246 0.0974 0.1066 0.1738 0.1024 
         330  1 0.2516 0.0371 0.0331 0.3398 0.0923 0.0858 0.1143 0.0462 
         331  1 0.1487 0.0833 0.0903 0.1013 0.1612 0.1549 0.1226 0.1376 
         332  1 0.1470 0.1255 0.0536 0.0832 0.1620 0.1358 0.2328 0.0602 
         333  1 0.1945 0.0540 0.0592 0.1081 0.1915 0.0988 0.1204 0.1735 
         334  1 0.1533 0.1258 0.0450 0.1282 0.2136 0.1050 0.1196 0.1096 
         335  1 0.0866 0.2067 0.1003 0.0876 0.0697 0.1117 0.2279 0.1095 
         336  1 0.1323 0.1300 0.0753 0.1532 0.0965 0.1280 0.1039 0.1808 
         337  1 0.1467 0.1507 0.1063 0.1169 0.1807 0.1233 0.0660 0.1095 
         338  1 0.1106 0.0605 0.0588 0.1736 0.0941 0.0934 0.3218 0.0872 
         339  1 0.1268 0.0578 0.2040 0.1059 0.0776 0.1025 0.2782 0.0473 
         340  1 0.1355 0.3180 0.0491 0.1071 0.1219 0.1168 0.0775 0.0739 
         341  1 0.0713 0.1257 0.2834 0.1025 0.1068 0.1517 0.0527 0.1059 
         342  1 0.0772 0.0490 0.0457 0.0732 0.0731 0.0662 0.5817 0.0339 
         343  1 0.0571 0.0873 0.0340 0.1219 0.1134 0.0590 0.4110 0.1164 
         344  1 0.1217 0.2973 0.0417 0.0965 0.1446 0.0803 0.1389 0.0790 
         345  1 0.0943 0.0790 0.0658 0.1022 0.1013 0.0958 0.2021 0.2594 
         346  1 0.1542 0.0857 0.1078 0.1550 0.1813 0.1485 0.1017 0.0658 
         347  1 0.1969 0.0695 0.0662 0.2709 0.0850 0.1261 0.1409 0.0445 
         348  1 0.0949 0.1697 0.1758 0.1164 0.1229 0.1342 0.1145 0.0716 
         349  1 0.0860 0.1311 0.0603 0.0714 0.1001 0.0901 0.0640 0.3970 
         350  1 0.1271 0.1016 0.1394 0.0994 0.1519 0.1677 0.1501 0.0628 
         351  1 0.0905 0.2839 0.1242 0.0999 0.1200 0.1219 0.0621 0.0975 
         352  1 0.0720 0.2233 0.1295 0.0724 0.0923 0.0948 0.1741 0.1416 
         353  1 0.1686 0.0458 0.1753 0.1947 0.1109 0.1115 0.0516 0.1414 
         354  1 0.1399 0.0519 0.0583 0.1749 0.0824 0.0956 0.3063 0.0907 
         355  1 0.0997 0.1277 0.1133 0.0887 0.1079 0.1362 0.1298 0.1968 
         356  1 0.0813 0.0921 0.1768 0.1100 0.1154 0.1015 0.2396 0.0834 
         357  1 0.1351 0.1710 0.1000 0.0996 0.1152 0.1498 0.1455 0.0838 
         358  1 0.0739 0.1320 0.1224 0.0881 0.0771 0.1031 0.1140 0.2895 
         359  1 0.0993 0.0883 0.2891 0.1415 0.1016 0.1186 0.0934 0.0682 
         360  1 0.0842 0.3364 0.1137 0.0992 0.1101 0.1207 0.0611 0.0746 
         361  1 0.0598 0.0786 0.2660 0.0851 0.0735 0.0916 0.2794 0.0660 
         362  1 0.1618 0.1047 0.0948 0.1167 0.1629 0.1326 0.1137 0.1127 
         363  1 0.1548 0.2261 0.0458 0.0972 0.2114 0.1234 0.0745 0.0669 
         364  1 0.1759 0.1026 0.0636 0.1352 0.1702 0.0969 0.0864 0.1692 
         365  1 0.1448 0.1203 0.1335 0.1584 0.1570 0.1156 0.0904 0.0800 
         366  1 0.0782 0.2761 0.1775 0.1005 0.0832 0.0927 0.1028 0.0891 
         367  1 0.1053 0.0928 0.1700 0.1167 0.1235 0.1605 0.0946 0.1366 
         368  1 0.3103 0.0473 0.0874 0.3372 0.0579 0.0625 0.0690 0.0284 
         369  1 0.1529 0.1038 0.1208 0.1522 0.1004 0.1374 0.0630 0.1695 
         370  1 0.1327 0.0617 0.1504 0.1570 0.0876 0.1228 0.0737 0.2140 
         371  1 0.0689 0.0944 0.1953 0.1023 0.0832 0.0844 0.1176 0.2538 
         372  1 0.0690 0.0858 0.4522 0.0750 0.0742 0.0995 0.0683 0.0760 
         373  1 0.1088 0.1149 0.1908 0.0946 0.1188 0.1499 0.0982 0.1241 
         374  1 0.0911 0.2739 0.0839 0.0951 0.0637 0.1122 0.0923 0.1877 
         375  1 0.0743 0.2133 0.0601 0.1050 0.0991 0.1240 0.2285 0.0957 
         376  1 0.1362 0.1886 0.0623 0.1546 0.1665 0.1347 0.0572 0.0999 
         377  1 0.1358 0.0932 0.1412 0.1419 0.1245 0.2835 0.0442 0.0359 
         378  1 0.1001 0.0664 0.0920 0.1114 0.1471 0.3508 0.0683 0.0638 
         379  1 0.0408 0.0834 0.6454 0.0400 0.0448 0.0548 0.0459 0.0449 
         380  1 0.1670 0.0754 0.1492 0.1439 0.1068 0.2285 0.0775 0.0517 
         381  1 0.1709 0.0676 0.1128 0.1465 0.1543 0.1274 0.0790 0.1415 
         382  1 0.1248 0.0941 0.1211 0.1065 0.1287 0.1421 0.1409 0.1418 
         383  1 0.1037 0.0632 0.1358 0.1405 0.1057 0.1094 0.1646 0.1772 
         384  1 0.0584 0.2094 0.3946 0.0465 0.0901 0.0887 0.0805 0.0317 
         385  1 0.2164 0.0641 0.0377 0.1205 0.2151 0.1224 0.1530 0.0709 
         386  1 0.0425 0.0465 0.6749 0.0536 0.0471 0.0589 0.0431 0.0335 
         387  1 0.2299 0.1396 0.0649 0.2435 0.0865 0.1267 0.0708 0.0381 
         388  1 0.0524 0.2232 0.3981 0.0605 0.0663 0.0917 0.0683 0.0394 
         389  1 0.0834 0.1002 0.0590 0.0812 0.0917 0.0844 0.0729 0.4272 
         390  1 0.1057 0.0597 0.0597 0.1401 0.0598 0.1027 0.4257 0.0466 
         391  1 0.0856 0.0672 0.3100 0.1861 0.1293 0.1056 0.0808 0.0353 
         392  1 0.0838 0.0857 0.0965 0.0926 0.0866 0.0972 0.2748 0.1830 
         393  1 0.0647 0.3554 0.2991 0.0556 0.0718 0.0700 0.0546 0.0288 
         394  1 0.0755 0.0566 0.0256 0.0658 0.0727 0.0787 0.5517 0.0735 
         395  1 0.1136 0.1766 0.0827 0.1142 0.1153 0.1167 0.1057 0.1753 
         396  1 0.2216 0.0944 0.0502 0.1184 0.2503 0.1065 0.0918 0.0668 
         397  1 0.1857 0.1446 0.0351 0.0987 0.1836 0.0743 0.0662 0.2119 
         398  1 0.1293 0.1282 0.0926 0.1581 0.1323 0.1362 0.1843 0.0390 
         399  1 0.0973 0.1574 0.1932 0.1240 0.1120 0.1376 0.1218 0.0566 
         400  1 0.0783 0.0594 0.2828 0.1288 0.1193 0.0878 0.0491 0.1946 
         401  1 0.1877 0.0626 0.1291 0.1786 0.2079 0.1356 0.0641 0.0345 
         402  1 0.2053 0.0558 0.0742 0.1164 0.2438 0.1226 0.0743 0.1077 
         403  1 0.1353 0.0643 0.0384 0.0977 0.1681 0.0997 0.1389 0.2576 
         404  1 0.1017 0.0607 0.0547 0.1572 0.1388 0.1106 0.2903 0.0858 
         405  1 0.0816 0.4365 0.0419 0.0647 0.0765 0.0890 0.1510 0.0588 
         406  1 0.0663 0.0629 0.1075 0.0750 0.0812 0.2610 0.2233 0.1228 
         407  1 0.0539 0.3198 0.3507 0.0530 0.0585 0.0726 0.0314 0.0601 
         408  1 0.1698 0.1303 0.0569 0.1275 0.2051 0.1776 0.0788 0.0540 
         409  1 0.1238 0.0998 0.0756 0.2143 0.1834 0.1300 0.1181 0.0550 
         410  1 0.1207 0.1373 0.0764 0.1193 0.1413 0.1409 0.1593 0.1049 
         411  1 0.2250 0.1184 0.0292 0.1300 0.1771 0.0992 0.0932 0.1278 
         412  1 0.1182 0.1616 0.0874 0.1440 0.0908 0.2544 0.1173 0.0263 
         413  1 0.1736 0.0441 0.0282 0.1269 0.2051 0.0792 0.0763 0.2665 
         414  1 0.1477 0.1674 0.1004 0.1559 0.1160 0.1996 0.0650 0.0480 
         415  1 0.2631 0.0419 0.1064 0.2775 0.0712 0.1288 0.0835 0.0276 
         416  1 0.2432 0.1414 0.0405 0.0931 0.3394 0.0631 0.0311 0.0482 
         417  1 0.1233 0.0694 0.0763 0.1087 0.0871 0.1232 0.3688 0.0432 
         418  1 0.2125 0.0994 0.0670 0.2286 0.1019 0.1359 0.0839 0.0709 
         419  1 0.1939 0.0713 0.0633 0.1670 0.1103 0.1412 0.1628 0.0902 
         420  1 0.1019 0.3446 0.0444 0.0911 0.1102 0.1245 0.0706 0.1127 
         421  1 0.2447 0.0759 0.0416 0.1771 0.1368 0.1114 0.1473 0.0652 
         422  1 0.1210 0.0602 0.0725 0.1335 0.1550 0.1889 0.1671 0.1019 
         423  1 0.1462 0.0959 0.1042 0.0699 0.1976 0.1832 0.0716 0.1312 
         424  1 0.1508 0.2064 0.0413 0.1135 0.1745 0.1126 0.0911 0.1097 
         425  1 0.2024 0.0636 0.0868 0.2469 0.1231 0.1159 0.0322 0.1289 
         426  1 0.1959 0.0648 0.1591 0.1707 0.1108 0.1483 0.0924 0.0581 
         427  1 0.1674 0.0712 0.0922 0.1401 0.1165 0.1408 0.2392 0.0325 
         428  1 0.0917 0.0686 0.0997 0.1315 0.1554 0.1220 0.2600 0.0710 
         429  1 0.0524 0.0597 0.2921 0.0714 0.0722 0.0639 0.0685 0.3198 
         430  1 0.0887 0.0691 0.0672 0.2143 0.1681 0.2014 0.1254 0.0658 
         431  1 0.1910 0.0829 0.0370 0.0925 0.2324 0.1386 0.1128 0.1129 
         432  1 0.0778 0.2389 0.1571 0.1266 0.1347 0.1322 0.0432 0.0896 
         433  1 0.1178 0.0823 0.2683 0.0954 0.1536 0.1775 0.0529 0.0521 
         434  1 0.0832 0.3803 0.0538 0.0871 0.0744 0.1066 0.1569 0.0576 
         435  1 0.1748 0.2137 0.0660 0.1349 0.1487 0.0983 0.1014 0.0621 
         436  1 0.1160 0.0427 0.0682 0.1376 0.1600 0.2563 0.0379 0.1812 
         437  1 0.1584 0.1029 0.2037 0.1086 0.1804 0.1133 0.0826 0.0500 
         438  1 0.0632 0.0554 0.4933 0.0578 0.0803 0.1254 0.0913 0.0334 
         439  1 0.2829 0.0487 0.0631 0.2763 0.0818 0.1013 0.0628 0.0830 
         440  1 0.0655 0.0600 0.0538 0.0722 0.0728 0.0727 0.0682 0.5349 
         441  1 0.2022 0.0758 0.1147 0.1729 0.1739 0.1286 0.0659 0.0660 
         442  1 0.2390 0.0543 0.0378 0.1196 0.2851 0.0833 0.1087 0.0722 
         443  1 0.1211 0.1009 0.1409 0.1207 0.1626 0.1101 0.0721 0.1717 
         444  1 0.1108 0.0757 0.2966 0.0815 0.1067 0.1096 0.1493 0.0698 
         445  1 0.0788 0.0357 0.0950 0.1226 0.0959 0.1351 0.2304 0.2065 
         446  1 0.0984 0.0468 0.0521 0.2530 0.1952 0.0913 0.2108 0.0524 
         447  1 0.1179 0.3747 0.0627 0.0964 0.1165 0.0945 0.0913 0.0461 
         448  1 0.0953 0.1187 0.1098 0.2249 0.1653 0.1073 0.1269 0.0518 
         449  1 0.0671 0.2049 0.1083 0.0672 0.0868 0.0739 0.0368 0.3551 
         450  1 0.1191 0.1121 0.0455 0.0852 0.1281 0.1201 0.1090 0.2810 
         451  1 0.1054 0.0850 0.1328 0.0986 0.0977 0.1211 0.0944 0.2651 
         452  1 0.0800 0.0653 0.0698 0.0688 0.0822 0.0717 0.2495 0.3127 
         453  1 0.1890 0.1129 0.0976 0.1037 0.2047 0.1046 0.0718 0.1156 
         454  1 0.1323 0.0984 0.0351 0.0889 0.1708 0.1059 0.0604 0.3082 
         455  1 0.1364 0.0511 0.0756 0.1343 0.1186 0.1918 0.2507 0.0415 
         456  1 0.0775 0.0632 0.0610 0.2258 0.1482 0.0872 0.2897 0.0475 
         457  1 0.1837 0.0684 0.1346 0.1175 0.1885 0.2059 0.0425 0.0589 
         458  1 0.0474 0.0473 0.0929 0.0558 0.0449 0.0539 0.0402 0.6176 
         459  1 0.1350 0.0584 0.1411 0.2751 0.1564 0.1108 0.0720 0.0513 
         460  1 0.1096 0.0872 0.1005 0.0794 0.1319 0.1097 0.3077 0.0740 
         461  1 0.0550 0.6366 0.0290 0.0449 0.1042 0.0452 0.0386 0.0466 
         462  1 0.1198 0.1323 0.0279 0.1166 0.0849 0.1410 0.3261 0.0516 
         463  1 0.0790 0.0928 0.2424 0.0889 0.0971 0.2123 0.0832 0.1042 
         464  1 0.1966 0.0414 0.1627 0.1171 0.1813 0.1216 0.1087 0.0705 
         465  1 0.1772 0.0572 0.0539 0.2403 0.1042 0.1130 0.1754 0.0788 
         466  1 0.0803 0.1317 0.2361 0.0865 0.1026 0.2581 0.0580 0.0468 
         467  1 0.0594 0.0772 0.0867 0.0799 0.0788 0.1185 0.0490 0.4505 
         468  1 0.0954 0.1245 0.1739 0.1116 0.1018 0.1258 0.0898 0.1773 
         469  1 0.2120 0.0909 0.1077 0.2731 0.1004 0.0998 0.0533 0.0629 
         470  1 0.1432 0.0868 0.2532 0.1191 0.1235 0.1581 0.0671 0.0491 
         471  1 0.0401 0.0392 0.0389 0.0391 0.0364 0.0388 0.0587 0.7086 
         472  1 0.1174 0.0782 0.4436 0.0645 0.1339 0.0704 0.0555 0.0365 
         473  1 0.0772 0.1094 0.0816 0.0578 0.1359 0.4299 0.0548 0.0534 
         474  1 0.1715 0.1597 0.0488 0.2175 0.1324 0.0949 0.0871 0.0880 
         475  1 0.1500 0.0715 0.0942 0.1398 0.1303 0.1714 0.1801 0.0627 
         476  1 0.0779 0.0486 0.1125 0.2137 0.1510 0.0973 0.2085 0.0905 
         477  1 0.1362 0.1776 0.0478 0.1348 0.1069 0.1719 0.0869 0.1379 
         478  1 0.1610 0.2563 0.0548 0.1170 0.2105 0.1079 0.0521 0.0404 
         479  1 0.1020 0.0992 0.0517 0.1222 0.0872 0.1499 0.2114 0.1764 
         480  1 0.2191 0.1194 0.1007 0.0768 0.2914 0.1078 0.0363 0.0486 
         481  1 0.2278 0.0521 0.0691 0.1430 0.1913 0.1396 0.0718 0.1053 
         482  1 0.1507 0.0559 0.3488 0.1220 0.1228 0.1030 0.0470 0.0498 
         483  1 0.0926 0.0683 0.1202 0.1046 0.0847 0.0939 0.2810 0.1547 
         484  1 0.1308 0.0426 0.0326 0.1113 0.1606 0.1459 0.3461 0.0301 
         485  1 0.0543 0.0548 0.0397 0.0935 0.0802 0.1008 0.5147 0.0620 
         486  1 0.1892 0.1200 0.0750 0.1102 0.1853 0.1233 0.0899 0.1071 
         487  1 0.1299 0.0868 0.1592 0.1459 0.1650 0.1361 0.0990 0.0781 
         488  1 0.0594 0.0613 0.0898 0.2333 0.1765 0.1312 0.1874 0.0612 
         489  1 0.1190 0.2191 0.0795 0.1111 0.1346 0.1245 0.1376 0.0747 
         490  1 0.0938 0.0915 0.2629 0.1340 0.1292 0.1576 0.0693 0.0617 
         491  1 0.0710 0.2062 0.3634 0.0887 0.0723 0.0959 0.0503 0.0521 
         492  1 0.1912 0.0642 0.0692 0.1878 0.1045 0.1389 0.0791 0.1651 
         493  1 0.1661 0.0545 0.0855 0.1254 0.1715 0.2584 0.0878 0.0508 
         494  1 0.1288 0.0460 0.2121 0.1808 0.1484 0.1171 0.1192 0.0477 
         495  1 0.0407 0.0342 0.0339 0.0355 0.0427 0.0396 0.0222 0.7513 
         496  1 0.1909 0.0931 0.0357 0.1855 0.1582 0.0883 0.1861 0.0622 
         497  1 0.2357 0.1323 0.0521 0.1680 0.1632 0.1177 0.0313 0.0997 
         498  1 0.0633 0.4658 0.0532 0.0957 0.1085 0.0733 0.0552 0.0849 
         499  1 0.1109 0.0696 0.3830 0.0746 0.1473 0.1021 0.0664 0.0463 
         500  1 0.1062 0.0781 0.1687 0.1245 0.1039 0.1275 0.0425 0.2485 
         501  1 0.1648 0.1229 0.0580 0.1725 0.1353 0.1275 0.1061 0.1129 
         502  1 0.1449 0.0813 0.0684 0.1488 0.1390 0.1613 0.1520 0.1043 
         503  1 0.1534 0.2724 0.0788 0.1224 0.1369 0.1130 0.0596 0.0636 
         504  1 0.2673 0.1358 0.0342 0.2495 0.1138 0.0867 0.0636 0.0490 
         505  1 0.1016 0.0670 0.1863 0.1759 0.1151 0.1246 0.0725 0.1570 
         506  1 0.1458 0.0930 0.0618 0.1775 0.1401 0.1709 0.1154 0.0955 
         507  1 0.0904 0.1128 0.2066 0.0802 0.1011 0.0866 0.1730 0.1493 
         508  1 0.1355 0.2637 0.0295 0.0871 0.1734 0.0778 0.1694 0.0636 
         509  1 0.1348 0.0624 0.0621 0.1310 0.1019 0.1174 0.1559 0.2345 
         510  1 0.0645 0.3748 0.0328 0.0958 0.1176 0.1259 0.1219 0.0668 
         511  1 0.0956 0.1075 0.2751 0.1439 0.1451 0.1146 0.0578 0.0604 
         512  1 0.0753 0.5678 0.0306 0.0765 0.1048 0.0701 0.0390 0.0359 
         513  1 0.0966 0.1228 0.0537 0.0900 0.1392 0.1818 0.0849 0.2310 
         514  1 0.2197 0.0743 0.0630 0.1187 0.3120 0.0740 0.0857 0.0526 
         515  1 0.0438 0.0640 0.6758 0.0425 0.0524 0.0493 0.0335 0.0387 
         516  1 0.0688 0.0825 0.0706 0.1588 0.1191 0.0967 0.1999 0.2038 
         517  1 0.0971 0.0441 0.0709 0.1853 0.1161 0.1330 0.1328 0.2208 
         518  1 0.2032 0.1206 0.0384 0.1141 0.2553 0.0932 0.1381 0.0371 
         519  1 0.2220 0.0584 0.0541 0.2450 0.1054 0.1586 0.0741 0.0824 
         520  1 0.1153 0.0837 0.1036 0.2499 0.1741 0.1090 0.0488 0.1155 
         521  1 0.1389 0.0952 0.0862 0.1124 0.1619 0.2215 0.1157 0.0682 
         522  1 0.2341 0.0707 0.0424 0.2513 0.1184 0.1254 0.0837 0.0739 
         523  1 0.1350 0.1060 0.1587 0.1208 0.1148 0.1854 0.0675 0.1117 
         524  1 0.0500 0.0367 0.0404 0.0586 0.0476 0.0590 0.0697 0.6380 
         525  1 0.1329 0.1405 0.1607 0.1384 0.1032 0.1570 0.1024 0.0649 
         526  1 0.0751 0.3828 0.1065 0.0941 0.1085 0.0809 0.0757 0.0764 
         527  1 0.1847 0.0825 0.0887 0.1143 0.2250 0.1403 0.0894 0.0751 
         528  1 0.0636 0.0774 0.3949 0.0936 0.0814 0.1213 0.1306 0.0371 
         529  1 0.1289 0.1043 0.0864 0.1249 0.1428 0.2149 0.0809 0.1169 
         530  1 0.0751 0.1218 0.2094 0.0851 0.0933 0.1923 0.1683 0.0547 
         531  1 0.0702 0.0910 0.1553 0.1178 0.0838 0.1088 0.2970 0.0762 
         532  1 0.0459 0.0278 0.0224 0.0379 0.0422 0.0480 0.0317 0.7441 
         533  1 0.1021 0.5188 0.0450 0.0558 0.1568 0.0524 0.0287 0.0403 
         534  1 0.1329 0.0684 0.1743 0.1341 0.1164 0.1355 0.1875 0.0509 
         535  1 0.1018 0.1570 0.2035 0.0837 0.1200 0.1228 0.0471 0.1641 
         536  1 0.2120 0.1050 0.0539 0.1534 0.1639 0.1195 0.0419 0.1504 
         537  1 0.1009 0.1151 0.1417 0.1765 0.1688 0.1298 0.1215 0.0457 
         538  1 0.1296 0.0875 0.0786 0.1140 0.1128 0.1613 0.1731 0.1429 
         539  1 0.0862 0.1647 0.1369 0.1198 0.1477 0.1368 0.1034 0.1044 
         540  1 0.0890 0.0848 0.2460 0.1048 0.1098 0.0892 0.1258 0.1506 
         541  1 0.1065 0.0509 0.1290 0.0910 0.0951 0.2392 0.1826 0.1057 
         542  1 0.1515 0.0644 0.3038 0.1439 0.1192 0.0987 0.0537 0.0647 
         543  1 0.1165 0.0539 0.3375 0.1709 0.0834 0.1310 0.0657 0.0412 
         544  1 0.1613 0.0422 0.3964 0.0931 0.0964 0.0975 0.0530 0.0601 
         545  1 0.1024 0.1014 0.2093 0.1163 0.1507 0.1226 0.1342 0.0632 
         546  1 0.0999 0.0888 0.3830 0.0800 0.1005 0.0951 0.0814 0.0712 
         547  1 0.0743 0.0933 0.0911 0.1024 0.1012 0.1773 0.1602 0.2002 
