           1  1 0.1093 0.0919 0.2780 0.0914 0.1715 0.1017 0.0536 0.1026 
           2  1 0.1347 0.1592 0.1603 0.0940 0.1619 0.1307 0.0564 0.1027 
           3  1 0.0704 0.1148 0.1086 0.0974 0.0983 0.0580 0.2333 0.2192 
           4  1 0.0802 0.0811 0.0912 0.0968 0.1437 0.0400 0.0434 0.4236 
           5  1 0.1366 0.1798 0.1369 0.0712 0.0864 0.2252 0.0888 0.0752 
           6  1 0.1627 0.0719 0.2415 0.1349 0.0900 0.1677 0.0544 0.0769 
           7  1 0.0646 0.0462 0.0809 0.0460 0.0683 0.1867 0.4361 0.0712 
           8  1 0.1231 0.1425 0.1698 0.1612 0.1002 0.0936 0.1329 0.0766 
           9  1 0.0966 0.0808 0.0846 0.0670 0.1390 0.0618 0.1135 0.3567 
          10  1 0.1572 0.1847 0.1027 0.3337 0.1142 0.0279 0.0394 0.0402 
          11  1 0.1591 0.1557 0.1129 0.1829 0.1167 0.0889 0.0686 0.1152 
          12  1 0.2002 0.1449 0.1083 0.2134 0.1407 0.0662 0.0435 0.0829 
          13  1 0.1765 0.0891 0.0827 0.2178 0.0791 0.0527 0.1222 0.1798 
          14  1 0.0831 0.0606 0.0913 0.0590 0.1611 0.1086 0.0879 0.3485 
          15  1 0.0377 0.0340 0.0413 0.0331 0.0450 0.6930 0.0643 0.0516 
          16  1 0.1305 0.1330 0.1265 0.0742 0.0762 0.1114 0.2952 0.0530 
          17  1 0.0935 0.1374 0.0914 0.1494 0.1758 0.0528 0.0904 0.2094 
          18  1 0.0429 0.1330 0.1028 0.0664 0.1124 0.0932 0.0314 0.4180 
          19  1 0.0684 0.0760 0.2459 0.0668 0.1290 0.0810 0.0759 0.2570 
          20  1 0.1288 0.0751 0.0984 0.0981 0.2041 0.0527 0.2163 0.1264 
          21  1 0.0894 0.3011 0.2194 0.1441 0.0646 0.0828 0.0497 0.0489 
          22  1 0.1302 0.0632 0.2593 0.0507 0.1441 0.0627 0.1441 0.1458 
          23  1 0.1746 0.1420 0.1014 0.1508 0.0829 0.2361 0.0579 0.0542 
          24  1 0.1957 0.0984 0.1004 0.2623 0.1251 0.0546 0.0724 0.0911 
          25  1 0.0531 0.1875 0.1866 0.1705 0.1505 0.0570 0.0891 0.1056 
          26  1 0.1035 0.1034 0.1293 0.0871 0.1202 0.1341 0.0665 0.2560 
          27  1 0.0804 0.0863 0.1151 0.0932 0.1196 0.0774 0.2272 0.2008 
          28  1 0.1279 0.2099 0.0891 0.2202 0.0631 0.1698 0.0692 0.0508 
          29  1 0.1006 0.0948 0.1451 0.1384 0.2202 0.0916 0.0531 0.1562 
          30  1 0.1251 0.1098 0.1436 0.1288 0.2113 0.0630 0.0859 0.1325 
          31  1 0.1912 0.1893 0.1107 0.1474 0.1153 0.0470 0.0957 0.1033 
          32  1 0.0597 0.0453 0.0654 0.0654 0.0621 0.5874 0.0535 0.0612 
          33  1 0.0902 0.1128 0.0900 0.0758 0.1073 0.3725 0.0727 0.0786 
          34  1 0.1432 0.1743 0.1343 0.0984 0.1722 0.1167 0.0487 0.1121 
          35  1 0.1142 0.0706 0.0903 0.0976 0.2342 0.1842 0.0632 0.1457 
          36  1 0.0489 0.0882 0.0923 0.0674 0.1047 0.1970 0.1410 0.2606 
          37  1 0.1385 0.1119 0.1421 0.1365 0.1322 0.1396 0.0749 0.1244 
          38  1 0.1018 0.0713 0.2588 0.0703 0.1000 0.1173 0.1099 0.1706 
          39  1 0.0761 0.2876 0.0897 0.2285 0.1187 0.0832 0.0422 0.0741 
          40  1 0.0603 0.1003 0.3377 0.0526 0.0723 0.0947 0.2034 0.0788 
          41  1 0.2263 0.0975 0.0899 0.2928 0.1252 0.0564 0.0464 0.0654 
          42  1 0.0756 0.1003 0.0864 0.0954 0.0856 0.3046 0.2027 0.0493 
          43  1 0.0795 0.2143 0.1334 0.1380 0.1471 0.0346 0.0396 0.2134 
          44  1 0.1497 0.0919 0.1406 0.1205 0.1500 0.0764 0.1511 0.1198 
          45  1 0.1624 0.2108 0.1222 0.1236 0.0761 0.1476 0.0530 0.1042 
          46  1 0.0659 0.1659 0.1410 0.1404 0.1213 0.1329 0.1767 0.0558 
          47  1 0.1207 0.1319 0.1634 0.1492 0.2004 0.0422 0.0940 0.0980 
          48  1 0.0475 0.0615 0.0568 0.0411 0.0604 0.6134 0.0447 0.0746 
          49  1 0.1511 0.0507 0.1081 0.1019 0.1755 0.0316 0.1755 0.2056 
          50  1 0.1154 0.0824 0.1405 0.0638 0.1297 0.0812 0.2124 0.1747 
          51  1 0.2221 0.0957 0.1118 0.0895 0.2882 0.0473 0.0427 0.1028 
          52  1 0.2593 0.0736 0.0801 0.2568 0.0596 0.0420 0.1772 0.0515 
          53  1 0.1245 0.1261 0.2271 0.0904 0.1248 0.0595 0.1149 0.1327 
          54  1 0.1088 0.1479 0.1165 0.1371 0.1374 0.0842 0.0709 0.1973 
          55  1 0.0683 0.1651 0.1299 0.1216 0.1144 0.1786 0.0787 0.1434 
          56  1 0.0873 0.0919 0.0831 0.0687 0.0605 0.4875 0.0637 0.0574 
          57  1 0.1981 0.0918 0.1707 0.1545 0.1151 0.0730 0.1117 0.0849 
          58  1 0.0398 0.0379 0.0525 0.0354 0.0386 0.7346 0.0247 0.0365 
          59  1 0.0872 0.1838 0.1135 0.0995 0.0990 0.1416 0.2073 0.0680 
          60  1 0.1757 0.0614 0.1086 0.0837 0.2224 0.0874 0.1609 0.0998 
          61  1 0.1017 0.0817 0.1563 0.1024 0.1280 0.0485 0.2833 0.0981 
          62  1 0.1689 0.1291 0.1441 0.2205 0.0678 0.1246 0.0995 0.0455 
          63  1 0.1260 0.1064 0.1179 0.1177 0.0920 0.0693 0.2746 0.0961 
          64  1 0.1701 0.1835 0.1673 0.1878 0.0875 0.0461 0.0780 0.0795 
          65  1 0.0722 0.1612 0.1653 0.1502 0.1283 0.0658 0.1168 0.1400 
          66  1 0.1230 0.1409 0.1071 0.1595 0.1998 0.0536 0.0768 0.1392 
          67  1 0.2483 0.1137 0.0703 0.3481 0.0832 0.0287 0.0536 0.0541 
          68  1 0.0560 0.0844 0.0755 0.0834 0.1061 0.0529 0.2885 0.2532 
          69  1 0.3206 0.0902 0.1709 0.1170 0.1067 0.0435 0.1102 0.0409 
          70  1 0.1267 0.0564 0.1186 0.1061 0.0806 0.2695 0.0895 0.1526 
          71  1 0.1830 0.1421 0.1073 0.2415 0.1264 0.0718 0.0583 0.0697 
          72  1 0.2574 0.0931 0.0906 0.2930 0.0907 0.0528 0.0536 0.0687 
          73  1 0.0923 0.1480 0.1083 0.1747 0.1758 0.1426 0.0501 0.1083 
          74  1 0.1478 0.0655 0.1558 0.0928 0.1574 0.0561 0.2095 0.1151 
          75  1 0.1563 0.0846 0.1030 0.1544 0.1907 0.0865 0.0896 0.1349 
          76  1 0.0673 0.3711 0.0984 0.1492 0.0910 0.0356 0.1058 0.0815 
          77  1 0.0878 0.1795 0.0954 0.2116 0.1797 0.1060 0.0575 0.0825 
          78  1 0.1003 0.2233 0.1478 0.1974 0.1072 0.0417 0.0581 0.1242 
          79  1 0.1750 0.0961 0.0698 0.2374 0.0732 0.2542 0.0390 0.0553 
          80  1 0.1081 0.1056 0.1268 0.1402 0.1077 0.0881 0.2328 0.0907 
          81  1 0.1826 0.0908 0.0914 0.3036 0.0764 0.0372 0.1582 0.0599 
          82  1 0.1433 0.1241 0.1474 0.1120 0.0899 0.2441 0.0830 0.0561 
          83  1 0.0350 0.0270 0.0330 0.0315 0.0349 0.0307 0.7741 0.0338 
          84  1 0.0799 0.1106 0.1206 0.1097 0.1028 0.0854 0.3071 0.0838 
          85  1 0.1447 0.1829 0.1317 0.1430 0.1219 0.1099 0.0843 0.0816 
          86  1 0.0627 0.2446 0.1431 0.1402 0.0935 0.1533 0.1102 0.0522 
          87  1 0.1509 0.2006 0.0977 0.2750 0.1073 0.0302 0.0885 0.0499 
          88  1 0.0824 0.2490 0.1147 0.1290 0.1147 0.1491 0.0531 0.1080 
          89  1 0.1111 0.0926 0.1638 0.0676 0.1592 0.0740 0.1938 0.1379 
          90  1 0.2426 0.0820 0.1227 0.0571 0.1387 0.1184 0.1932 0.0453 
          91  1 0.0959 0.2378 0.1077 0.1196 0.0835 0.1234 0.1204 0.1116 
          92  1 0.1874 0.0759 0.1071 0.1517 0.0695 0.2397 0.1252 0.0434 
          93  1 0.1043 0.2230 0.1078 0.1533 0.1097 0.0486 0.1675 0.0859 
          94  1 0.1337 0.1280 0.1778 0.1291 0.2099 0.0370 0.0613 0.1233 
          95  1 0.3476 0.1003 0.1125 0.0749 0.1536 0.1005 0.0484 0.0622 
          96  1 0.1294 0.1148 0.1042 0.1279 0.2087 0.1105 0.0779 0.1266 
          97  1 0.1896 0.1270 0.1024 0.2651 0.0738 0.0663 0.0897 0.0861 
          98  1 0.1183 0.1006 0.1201 0.1556 0.1229 0.0658 0.2098 0.1068 
          99  1 0.1910 0.1177 0.1153 0.2297 0.1011 0.0619 0.1152 0.0681 
         100  1 0.1785 0.0930 0.1014 0.1429 0.1188 0.0935 0.1010 0.1710 
         101  1 0.1651 0.1083 0.1389 0.1042 0.1342 0.0577 0.1729 0.1187 
         102  1 0.0466 0.0695 0.0715 0.0504 0.0665 0.4097 0.1357 0.1502 
         103  1 0.1105 0.0848 0.0999 0.0730 0.1624 0.2230 0.0817 0.1647 
         104  1 0.0921 0.2082 0.0967 0.2222 0.1483 0.0765 0.0773 0.0786 
         105  1 0.1496 0.1198 0.1115 0.1434 0.1450 0.0728 0.0876 0.1703 
         106  1 0.1198 0.0940 0.2093 0.1353 0.1339 0.0933 0.1088 0.1056 
         107  1 0.1433 0.1031 0.2526 0.1293 0.0648 0.1399 0.1139 0.0530 
         108  1 0.2461 0.1072 0.1159 0.1823 0.0714 0.1123 0.1141 0.0507 
         109  1 0.1061 0.0963 0.0957 0.1365 0.1808 0.0600 0.2017 0.1231 
         110  1 0.1279 0.0570 0.0806 0.0742 0.2312 0.0642 0.0425 0.3223 
         111  1 0.0792 0.0688 0.2145 0.0680 0.0922 0.1970 0.1216 0.1588 
         112  1 0.0990 0.0928 0.1317 0.0828 0.1553 0.1364 0.0783 0.2238 
         113  1 0.0982 0.2023 0.1844 0.1989 0.1218 0.0873 0.0492 0.0578 
         114  1 0.0526 0.0691 0.0834 0.0544 0.1257 0.0517 0.1314 0.4319 
         115  1 0.2725 0.1233 0.1186 0.1240 0.0940 0.0978 0.1128 0.0570 
         116  1 0.1785 0.0722 0.1621 0.0705 0.1004 0.1808 0.1618 0.0736 
         117  1 0.0847 0.0899 0.1011 0.0831 0.0741 0.4411 0.0441 0.0818 
         118  1 0.1050 0.0751 0.0786 0.1168 0.1836 0.0564 0.0772 0.3073 
         119  1 0.0637 0.1218 0.1023 0.0699 0.1168 0.2081 0.0642 0.2531 
         120  1 0.0707 0.1278 0.0904 0.1204 0.1399 0.3049 0.0415 0.1044 
         121  1 0.1471 0.0789 0.1194 0.0904 0.1645 0.0503 0.2128 0.1365 
         122  1 0.1806 0.1241 0.0963 0.2576 0.1166 0.0320 0.1222 0.0706 
         123  1 0.0754 0.0633 0.0843 0.0780 0.0728 0.5146 0.0456 0.0660 
         124  1 0.1777 0.2151 0.1502 0.1375 0.0892 0.0478 0.1103 0.0722 
         125  1 0.1292 0.0948 0.1030 0.1268 0.0842 0.3374 0.0785 0.0462 
         126  1 0.1184 0.1339 0.2480 0.1265 0.1268 0.0881 0.0846 0.0736 
         127  1 0.1311 0.2828 0.0767 0.1855 0.0696 0.1538 0.0443 0.0563 
         128  1 0.1127 0.0880 0.1020 0.0811 0.0705 0.4353 0.0745 0.0358 
         129  1 0.2749 0.1116 0.0812 0.2767 0.0567 0.0637 0.0782 0.0570 
         130  1 0.2091 0.0745 0.0949 0.1185 0.3134 0.0422 0.0343 0.1132 
         131  1 0.1133 0.1732 0.2091 0.1562 0.1315 0.0521 0.1040 0.0607 
         132  1 0.0578 0.0926 0.0752 0.0635 0.0665 0.5539 0.0420 0.0487 
         133  1 0.0970 0.0967 0.1165 0.0755 0.1692 0.1578 0.0435 0.2436 
         134  1 0.0898 0.1231 0.1377 0.1317 0.1236 0.0723 0.1183 0.2034 
         135  1 0.1751 0.0467 0.0882 0.0857 0.3236 0.0425 0.0318 0.2065 
         136  1 0.0631 0.1465 0.1235 0.1010 0.1135 0.1214 0.2204 0.1106 
         137  1 0.0539 0.4368 0.0902 0.1540 0.0605 0.0725 0.0867 0.0453 
         138  1 0.0778 0.2327 0.1699 0.0944 0.0843 0.1142 0.0731 0.1535 
         139  1 0.1409 0.2113 0.1186 0.1010 0.1117 0.1519 0.0394 0.1252 
         140  1 0.1186 0.1369 0.1163 0.1563 0.0711 0.0450 0.2968 0.0592 
         141  1 0.0950 0.1038 0.0917 0.0998 0.1227 0.1061 0.0419 0.3389 
         142  1 0.0540 0.0649 0.0643 0.0490 0.0582 0.5809 0.0759 0.0530 
         143  1 0.1410 0.0870 0.2448 0.1937 0.0814 0.0531 0.1410 0.0581 
         144  1 0.0782 0.1418 0.1237 0.0901 0.1203 0.0811 0.2475 0.1173 
         145  1 0.1210 0.1150 0.1086 0.0638 0.1387 0.0760 0.0545 0.3223 
         146  1 0.1510 0.1302 0.1748 0.1252 0.1609 0.0466 0.1014 0.1099 
         147  1 0.0724 0.0862 0.1281 0.0730 0.1014 0.0838 0.3017 0.1534 
         148  1 0.1559 0.1119 0.1056 0.0892 0.1693 0.0692 0.1780 0.1210 
         149  1 0.0887 0.1631 0.1062 0.1217 0.0898 0.2684 0.0663 0.0958 
         150  1 0.1478 0.0710 0.1016 0.1260 0.2441 0.0398 0.0515 0.2182 
         151  1 0.1383 0.0644 0.1087 0.1709 0.1447 0.0652 0.1077 0.2000 
         152  1 0.1034 0.1551 0.2383 0.1103 0.0978 0.0581 0.1388 0.0981 
         153  1 0.0936 0.0796 0.0934 0.1281 0.1356 0.0720 0.2694 0.1284 
         154  1 0.1369 0.1786 0.1477 0.1202 0.0985 0.1048 0.1280 0.0854 
         155  1 0.0662 0.0846 0.0827 0.0642 0.0583 0.4636 0.0876 0.0928 
         156  1 0.2566 0.0754 0.0854 0.1297 0.2242 0.0684 0.0746 0.0857 
         157  1 0.1280 0.1641 0.2290 0.1316 0.1072 0.0766 0.0716 0.0920 
         158  1 0.0710 0.4923 0.0758 0.1727 0.0648 0.0419 0.0381 0.0434 
         159  1 0.1371 0.0972 0.1054 0.1345 0.1134 0.2526 0.0746 0.0851 
         160  1 0.1413 0.2036 0.1547 0.1025 0.0952 0.1809 0.0634 0.0585 
         161  1 0.0893 0.0763 0.3031 0.0622 0.1423 0.1894 0.0371 0.1004 
         162  1 0.1160 0.1162 0.1051 0.1546 0.1872 0.0730 0.0575 0.1903 
         163  1 0.1061 0.0788 0.1330 0.1088 0.1411 0.1003 0.0741 0.2578 
         164  1 0.0521 0.1012 0.0584 0.0627 0.0436 0.5115 0.1402 0.0302 
         165  1 0.0902 0.2323 0.1363 0.1367 0.1109 0.0665 0.1243 0.1028 
         166  1 0.1638 0.0831 0.2487 0.1559 0.0847 0.0969 0.0770 0.0898 
         167  1 0.0845 0.0442 0.0532 0.0556 0.0474 0.6388 0.0275 0.0487 
         168  1 0.1272 0.1105 0.1198 0.1646 0.1959 0.0947 0.0711 0.1162 
         169  1 0.1433 0.0740 0.1784 0.1683 0.0925 0.0897 0.0548 0.1990 
         170  1 0.1738 0.0708 0.0889 0.1416 0.2236 0.0365 0.0666 0.1982 
         171  1 0.1580 0.0824 0.1149 0.1103 0.1426 0.1647 0.1364 0.0908 
         172  1 0.1033 0.0933 0.0836 0.0813 0.1577 0.0412 0.0917 0.3480 
         173  1 0.1267 0.1394 0.1177 0.1725 0.1156 0.1475 0.0460 0.1347 
         174  1 0.0670 0.1534 0.1410 0.1408 0.1084 0.0665 0.1839 0.1390 
         175  1 0.1246 0.1706 0.1583 0.1390 0.1691 0.0504 0.0733 0.1147 
         176  1 0.1670 0.0580 0.0732 0.0893 0.3267 0.0430 0.0679 0.1749 
         177  1 0.0981 0.2054 0.0678 0.1431 0.0920 0.0417 0.3109 0.0409 
         178  1 0.1170 0.2767 0.1306 0.1529 0.1016 0.0579 0.0800 0.0833 
         179  1 0.1028 0.1994 0.1389 0.1334 0.0884 0.1313 0.0722 0.1336 
         180  1 0.1960 0.1038 0.0966 0.1396 0.1806 0.0492 0.1156 0.1186 
         181  1 0.1522 0.1149 0.1110 0.0968 0.1318 0.2439 0.0547 0.0949 
         182  1 0.0335 0.0300 0.0285 0.0311 0.0278 0.0309 0.7948 0.0234 
         183  1 0.1393 0.0692 0.2362 0.0586 0.2261 0.0727 0.0497 0.1483 
         184  1 0.1606 0.1029 0.1289 0.1134 0.1739 0.0640 0.1215 0.1348 
         185  1 0.1273 0.0860 0.1836 0.1274 0.1598 0.1269 0.0644 0.1246 
         186  1 0.1275 0.0728 0.1423 0.0782 0.1830 0.1408 0.1266 0.1288 
         187  1 0.1141 0.1412 0.1084 0.1141 0.1924 0.0655 0.0473 0.2170 
         188  1 0.0742 0.0733 0.0945 0.0583 0.0923 0.3405 0.0927 0.1742 
         189  1 0.1691 0.0801 0.1493 0.0655 0.1376 0.0587 0.1328 0.2068 
         190  1 0.1557 0.1005 0.0869 0.2088 0.1070 0.0705 0.0724 0.1983 
         191  1 0.1146 0.1389 0.2072 0.1268 0.1477 0.0989 0.0480 0.1180 
         192  1 0.1542 0.1119 0.1591 0.1839 0.1112 0.0622 0.1424 0.0752 
         193  1 0.1027 0.1202 0.1328 0.1211 0.1461 0.0613 0.0771 0.2388 
         194  1 0.0682 0.0972 0.1305 0.1413 0.1478 0.2754 0.0664 0.0733 
         195  1 0.1257 0.2243 0.1138 0.2594 0.0966 0.0410 0.0650 0.0742 
         196  1 0.0799 0.1059 0.1670 0.0784 0.1227 0.0777 0.0736 0.2947 
         197  1 0.0642 0.0540 0.0803 0.0624 0.0820 0.4460 0.1428 0.0682 
         198  1 0.0933 0.0644 0.0857 0.0782 0.1282 0.0783 0.0387 0.4331 
         199  1 0.1041 0.0982 0.0847 0.0762 0.0644 0.0711 0.4624 0.0388 
         200  1 0.1556 0.0936 0.1377 0.0918 0.1328 0.1855 0.0435 0.1594 
         201  1 0.1012 0.1926 0.0916 0.1420 0.1075 0.0417 0.2672 0.0562 
         202  1 0.1173 0.0921 0.1462 0.1046 0.1654 0.0849 0.1763 0.1131 
         203  1 0.1546 0.1246 0.1165 0.1982 0.1565 0.0784 0.1051 0.0661 
         204  1 0.1403 0.1277 0.1073 0.0992 0.1443 0.0409 0.1753 0.1649 
         205  1 0.0963 0.1427 0.1475 0.1274 0.1058 0.0861 0.2058 0.0883 
         206  1 0.2150 0.1753 0.1105 0.1987 0.0989 0.0624 0.0791 0.0601 
         207  1 0.0769 0.1518 0.1976 0.1274 0.1091 0.0780 0.1419 0.1172 
         208  1 0.1743 0.1136 0.1196 0.0924 0.1893 0.0442 0.1407 0.1259 
         209  1 0.1388 0.2451 0.1842 0.1455 0.0954 0.0859 0.0495 0.0557 
         210  1 0.1767 0.0843 0.1052 0.1228 0.2697 0.0677 0.0599 0.1138 
         211  1 0.0891 0.2149 0.1300 0.2410 0.1324 0.0351 0.0927 0.0648 
         212  1 0.0457 0.0559 0.0884 0.0468 0.1327 0.1028 0.0613 0.4664 
         213  1 0.1073 0.1249 0.1292 0.1325 0.1129 0.1906 0.0652 0.1374 
         214  1 0.2688 0.0916 0.1321 0.2636 0.0662 0.0422 0.0743 0.0613 
         215  1 0.1127 0.1011 0.1420 0.0736 0.1046 0.2059 0.1090 0.1510 
         216  1 0.1254 0.2182 0.1032 0.2084 0.1063 0.0666 0.0489 0.1232 
         217  1 0.0641 0.1717 0.1473 0.1066 0.1108 0.1397 0.0440 0.2158 
         218  1 0.1259 0.0738 0.0940 0.0774 0.0812 0.4106 0.0409 0.0963 
         219  1 0.1449 0.0772 0.0921 0.1053 0.2154 0.0675 0.1152 0.1823 
         220  1 0.1208 0.1793 0.1955 0.1558 0.1162 0.0497 0.0956 0.0869 
         221  1 0.0975 0.0548 0.0571 0.0804 0.0571 0.0455 0.5548 0.0528 
         222  1 0.1323 0.1438 0.1750 0.1235 0.1498 0.0887 0.0447 0.1420 
         223  1 0.0896 0.1852 0.1949 0.1002 0.0866 0.1538 0.0987 0.0909 
         224  1 0.1268 0.1758 0.1493 0.1522 0.1091 0.0490 0.1561 0.0817 
         225  1 0.1117 0.2272 0.2021 0.1970 0.1032 0.0353 0.0772 0.0463 
         226  1 0.1160 0.1669 0.1047 0.1157 0.2024 0.1151 0.0497 0.1294 
         227  1 0.1511 0.2305 0.1030 0.2111 0.0915 0.0770 0.0598 0.0760 
         228  1 0.1022 0.2451 0.1188 0.1254 0.1014 0.1135 0.0859 0.1077 
         229  1 0.1395 0.0980 0.1364 0.0744 0.1159 0.1266 0.2005 0.1088 
         230  1 0.0553 0.0552 0.0554 0.0428 0.1474 0.0495 0.0455 0.5489 
         231  1 0.0935 0.1869 0.1209 0.1810 0.1893 0.0739 0.0723 0.0823 
         232  1 0.0804 0.1972 0.0976 0.1468 0.1032 0.0734 0.2608 0.0406 
         233  1 0.0466 0.0908 0.0949 0.0804 0.1380 0.0528 0.0402 0.4562 
         234  1 0.1115 0.2659 0.1499 0.1353 0.1104 0.0875 0.0574 0.0820 
         235  1 0.1627 0.0733 0.1327 0.0899 0.2231 0.0715 0.1378 0.1089 
         236  1 0.0701 0.0741 0.0774 0.0629 0.1054 0.2295 0.1064 0.2741 
         237  1 0.0766 0.2690 0.1222 0.1196 0.0811 0.0847 0.1789 0.0681 
         238  1 0.1392 0.0777 0.2958 0.0741 0.1262 0.0843 0.0812 0.1216 
         239  1 0.1228 0.1064 0.0894 0.1214 0.1498 0.0763 0.1024 0.2317 
         240  1 0.0932 0.1114 0.1259 0.1493 0.1704 0.1232 0.1293 0.0972 
         241  1 0.1515 0.1876 0.1249 0.1924 0.1068 0.0449 0.0953 0.0967 
         242  1 0.1709 0.0691 0.1270 0.1339 0.0851 0.0863 0.2184 0.1093 
         243  1 0.1514 0.0725 0.1034 0.1405 0.0949 0.2795 0.0900 0.0678 
         244  1 0.1073 0.2664 0.1061 0.1368 0.0782 0.0418 0.2088 0.0546 
         245  1 0.1413 0.0865 0.0850 0.1098 0.1778 0.2157 0.0689 0.1149 
         246  1 0.0967 0.0850 0.0908 0.0896 0.1059 0.1974 0.0886 0.2460 
         247  1 0.0786 0.2184 0.0827 0.1589 0.1247 0.0438 0.0547 0.2382 
         248  1 0.0616 0.3935 0.0931 0.1398 0.0901 0.0425 0.0429 0.1365 
         249  1 0.1754 0.0846 0.1528 0.1072 0.1971 0.0758 0.0762 0.1308 
         250  1 0.0930 0.0685 0.0956 0.0524 0.0825 0.4364 0.0713 0.1002 
         251  1 0.0847 0.1405 0.2321 0.1085 0.1332 0.1253 0.0757 0.1000 
         252  1 0.1668 0.1197 0.1455 0.2498 0.1365 0.0606 0.0626 0.0586 
         253  1 0.1599 0.0881 0.0999 0.1617 0.0853 0.2492 0.0947 0.0612 
         254  1 0.1130 0.0780 0.1215 0.0667 0.1615 0.0956 0.0410 0.3228 
         255  1 0.1028 0.0773 0.0753 0.0698 0.0880 0.0656 0.4509 0.0702 
         256  1 0.1525 0.1615 0.1773 0.0866 0.0885 0.2091 0.0683 0.0562 
         257  1 0.2791 0.0774 0.0681 0.3003 0.0987 0.0609 0.0310 0.0844 
         258  1 0.1876 0.1166 0.1114 0.0787 0.1561 0.0988 0.1645 0.0863 
         259  1 0.1772 0.1078 0.1015 0.2093 0.1034 0.0461 0.0623 0.1924 
         260  1 0.1280 0.2132 0.0947 0.1587 0.0854 0.0885 0.1465 0.0850 
         261  1 0.1143 0.2231 0.1129 0.1605 0.1425 0.0551 0.0445 0.1471 
         262  1 0.1293 0.1115 0.1184 0.1125 0.1801 0.0958 0.1558 0.0966 
         263  1 0.2538 0.1407 0.1329 0.0824 0.1839 0.0413 0.0666 0.0984 
         264  1 0.0663 0.1314 0.1023 0.1108 0.0839 0.0810 0.2418 0.1825 
         265  1 0.1493 0.1680 0.2170 0.0780 0.1280 0.0407 0.1511 0.0679 
         266  1 0.1470 0.0793 0.1444 0.0923 0.1662 0.2532 0.0495 0.0681 
         267  1 0.0930 0.0623 0.2063 0.0618 0.1005 0.0495 0.3374 0.0891 
         268  1 0.0708 0.0645 0.0777 0.0767 0.1226 0.0480 0.0367 0.5031 
         269  1 0.1649 0.0816 0.0753 0.1258 0.2269 0.0471 0.1671 0.1114 
         270  1 0.1343 0.1158 0.1460 0.0902 0.1844 0.0360 0.1673 0.1261 
         271  1 0.1016 0.1288 0.1894 0.1327 0.1258 0.1183 0.1018 0.1016 
         272  1 0.1319 0.1144 0.0905 0.1865 0.1116 0.0395 0.0515 0.2741 
         273  1 0.0873 0.1608 0.1461 0.1096 0.0795 0.0886 0.2196 0.1085 
         274  1 0.0779 0.0575 0.0691 0.0557 0.1844 0.0361 0.0627 0.4567 
         275  1 0.0965 0.0894 0.0828 0.0978 0.1672 0.0537 0.2771 0.1354 
         276  1 0.1103 0.1970 0.1070 0.1378 0.0588 0.2732 0.0685 0.0475 
         277  1 0.0555 0.0376 0.0432 0.0484 0.0639 0.0358 0.6676 0.0480 
         278  1 0.1367 0.0838 0.0799 0.2015 0.1144 0.0300 0.2683 0.0854 
         279  1 0.0877 0.1231 0.1338 0.0907 0.1117 0.1502 0.1760 0.1269 
         280  1 0.0890 0.1517 0.0834 0.0917 0.1103 0.0976 0.0886 0.2877 
         281  1 0.1356 0.0661 0.3048 0.1178 0.1322 0.0459 0.0916 0.1059 
         282  1 0.2552 0.0754 0.0791 0.1807 0.1944 0.0568 0.0446 0.1138 
         283  1 0.1035 0.1070 0.1088 0.0830 0.1062 0.2160 0.1901 0.0853 
         284  1 0.0509 0.0843 0.0725 0.0703 0.0602 0.0739 0.5358 0.0522 
         285  1 0.0962 0.2753 0.1252 0.1789 0.0935 0.0724 0.0490 0.1095 
         286  1 0.1613 0.0635 0.1334 0.1093 0.0934 0.0445 0.2329 0.1618 
         287  1 0.0868 0.0746 0.0903 0.0624 0.1060 0.3505 0.1210 0.1083 
         288  1 0.0271 0.0342 0.0290 0.0267 0.0278 0.0251 0.8029 0.0272 
         289  1 0.1098 0.1084 0.1267 0.1263 0.1849 0.1122 0.0787 0.1530 
         290  1 0.0433 0.2552 0.0879 0.1892 0.1229 0.0431 0.0414 0.2170 
         291  1 0.1063 0.0753 0.2057 0.0573 0.1161 0.2570 0.0393 0.1429 
         292  1 0.1835 0.0907 0.1478 0.1621 0.0848 0.1581 0.1223 0.0506 
         293  1 0.1108 0.0578 0.0877 0.0865 0.1669 0.1013 0.0489 0.3403 
         294  1 0.1601 0.1689 0.1408 0.1436 0.1309 0.0550 0.1087 0.0920 
         295  1 0.0651 0.0629 0.0551 0.0679 0.0425 0.6419 0.0272 0.0374 
         296  1 0.0849 0.0851 0.0711 0.0542 0.0779 0.0805 0.4767 0.0696 
         297  1 0.1116 0.1071 0.1075 0.1139 0.1934 0.0664 0.1873 0.1129 
         298  1 0.2191 0.1136 0.0777 0.2689 0.0743 0.1127 0.0280 0.1058 
         299  1 0.0544 0.0618 0.0534 0.0665 0.0509 0.6354 0.0371 0.0405 
         300  1 0.1513 0.0738 0.1045 0.1058 0.2067 0.0961 0.1129 0.1490 
         301  1 0.1498 0.0809 0.1126 0.1201 0.1474 0.1907 0.1159 0.0825 
         302  1 0.0372 0.0367 0.0503 0.0365 0.0457 0.7042 0.0356 0.0538 
         303  1 0.0742 0.1134 0.2412 0.1081 0.1247 0.0456 0.0557 0.2372 
         304  1 0.2132 0.0820 0.0824 0.2477 0.0793 0.0754 0.0565 0.1635 
         305  1 0.1228 0.1979 0.1342 0.1575 0.1712 0.0635 0.0583 0.0946 
         306  1 0.0695 0.0463 0.0663 0.0446 0.0541 0.3132 0.3634 0.0426 
         307  1 0.1184 0.1233 0.1374 0.1846 0.1000 0.1186 0.0916 0.1261 
         308  1 0.1825 0.1298 0.1405 0.1320 0.1336 0.0742 0.1004 0.1069 
         309  1 0.1374 0.0922 0.1129 0.1833 0.0892 0.0549 0.2125 0.1176 
         310  1 0.1056 0.0715 0.1516 0.0753 0.1573 0.0635 0.2790 0.0963 
         311  1 0.1223 0.0767 0.1019 0.1090 0.0857 0.1783 0.2792 0.0469 
         312  1 0.1468 0.0679 0.0972 0.0915 0.2061 0.0539 0.1862 0.1505 
         313  1 0.1057 0.1188 0.1102 0.1065 0.0959 0.1964 0.1794 0.0872 
         314  1 0.1811 0.1242 0.1751 0.1155 0.0848 0.0822 0.1701 0.0670 
         315  1 0.1622 0.1780 0.1115 0.1165 0.1160 0.1069 0.1639 0.0450 
         316  1 0.2649 0.0850 0.1243 0.1002 0.1459 0.0793 0.0770 0.1234 
         317  1 0.1656 0.0960 0.0850 0.1046 0.2372 0.0368 0.1333 0.1415 
         318  1 0.1762 0.0528 0.0784 0.0828 0.3287 0.0551 0.0471 0.1790 
         319  1 0.0912 0.1151 0.1567 0.1558 0.1531 0.1477 0.0664 0.1138 
         320  1 0.0887 0.1135 0.0728 0.1035 0.0701 0.3527 0.1434 0.0552 
         321  1 0.0748 0.2422 0.1497 0.0901 0.1249 0.0606 0.0662 0.1916 
         322  1 0.1007 0.2536 0.1557 0.1424 0.0800 0.0604 0.0851 0.1222 
         323  1 0.0837 0.0840 0.0770 0.1110 0.1186 0.1392 0.3104 0.0762 
         324  1 0.1247 0.1773 0.1715 0.1966 0.1660 0.0442 0.0501 0.0695 
         325  1 0.1056 0.0844 0.0954 0.0782 0.1314 0.0682 0.0643 0.3725 
         326  1 0.0878 0.0728 0.0823 0.1287 0.0872 0.0439 0.4230 0.0743 
         327  1 0.1128 0.1320 0.1101 0.1323 0.1685 0.0908 0.0594 0.1940 
         328  1 0.2315 0.1286 0.1376 0.1544 0.1685 0.0567 0.0506 0.0721 
         329  1 0.1193 0.2746 0.0999 0.1785 0.0923 0.0686 0.1047 0.0620 
         330  1 0.1216 0.4295 0.0752 0.1799 0.0760 0.0318 0.0456 0.0403 
         331  1 0.1033 0.1052 0.1649 0.1383 0.1542 0.0916 0.1385 0.1040 
         332  1 0.1553 0.0732 0.1389 0.1873 0.1898 0.0527 0.0608 0.1421 
         333  1 0.1160 0.1088 0.0937 0.1852 0.1847 0.0594 0.1709 0.0811 
         334  1 0.2023 0.0710 0.0994 0.0925 0.2296 0.0443 0.1092 0.1517 
         335  1 0.1252 0.1059 0.1093 0.1900 0.0964 0.0959 0.1147 0.1625 
         336  1 0.1127 0.1680 0.1301 0.1197 0.0973 0.0773 0.1813 0.1135 
         337  1 0.0972 0.1091 0.1287 0.0870 0.1776 0.1084 0.1137 0.1783 
         338  1 0.2346 0.1581 0.0849 0.2239 0.0921 0.0582 0.0911 0.0571 
         339  1 0.1524 0.1454 0.1105 0.2149 0.0770 0.1974 0.0453 0.0570 
         340  1 0.0813 0.1246 0.1247 0.1214 0.1368 0.0480 0.0720 0.2911 
         341  1 0.0897 0.0849 0.1646 0.0732 0.0890 0.2801 0.1091 0.1094 
         342  1 0.2713 0.1036 0.0675 0.3375 0.0833 0.0462 0.0364 0.0541 
         343  1 0.3007 0.0801 0.0603 0.2425 0.0911 0.0348 0.1105 0.0799 
         344  1 0.1250 0.0800 0.0799 0.1162 0.1835 0.0416 0.0817 0.2921 
         345  1 0.1445 0.0811 0.0969 0.1502 0.1152 0.0668 0.2509 0.0945 
         346  1 0.1393 0.1477 0.1674 0.1296 0.1536 0.1102 0.0674 0.0847 
         347  1 0.1218 0.3495 0.1222 0.1581 0.0707 0.0679 0.0456 0.0641 
         348  1 0.1376 0.1002 0.1384 0.1132 0.1212 0.1739 0.0733 0.1421 
         349  1 0.0661 0.0726 0.0907 0.0811 0.1041 0.0646 0.4022 0.1185 
         350  1 0.1321 0.1094 0.1666 0.1315 0.1419 0.1397 0.0652 0.1134 
         351  1 0.1108 0.0782 0.1195 0.0681 0.1439 0.1245 0.0938 0.2612 
         352  1 0.1226 0.0710 0.0987 0.1218 0.0985 0.1319 0.1506 0.2049 
         353  1 0.0813 0.2340 0.1133 0.1033 0.0837 0.1831 0.1529 0.0484 
         354  1 0.1630 0.2488 0.0858 0.2242 0.0693 0.0605 0.0924 0.0561 
         355  1 0.1194 0.0834 0.1404 0.1137 0.1239 0.1164 0.1747 0.1282 
         356  1 0.1948 0.0849 0.1046 0.1625 0.0980 0.1784 0.0803 0.0965 
         357  1 0.1023 0.1233 0.1366 0.1831 0.1413 0.0950 0.0875 0.1308 
         358  1 0.0876 0.0953 0.1056 0.0995 0.0785 0.1199 0.2871 0.1265 
         359  1 0.1148 0.1464 0.1143 0.0893 0.0936 0.2890 0.0668 0.0857 
         360  1 0.1057 0.0741 0.1163 0.0756 0.1453 0.1141 0.0744 0.2944 
         361  1 0.1812 0.0725 0.0939 0.1704 0.0730 0.2663 0.0691 0.0735 
         362  1 0.1175 0.1405 0.1312 0.1174 0.1641 0.0970 0.1162 0.1161 
         363  1 0.1222 0.0853 0.1143 0.1083 0.2110 0.0477 0.0672 0.2442 
         364  1 0.1315 0.1012 0.0940 0.1141 0.1899 0.0673 0.1652 0.1368 
         365  1 0.1494 0.1539 0.1155 0.0905 0.1517 0.1329 0.0760 0.1301 
         366  1 0.1043 0.1008 0.0938 0.1087 0.1095 0.1825 0.0876 0.2128 
         367  1 0.1200 0.1112 0.1636 0.0902 0.1052 0.1695 0.1360 0.1041 
         368  1 0.0535 0.4870 0.0584 0.1740 0.0601 0.0882 0.0298 0.0490 
         369  1 0.0735 0.1966 0.1358 0.1189 0.1027 0.1176 0.1765 0.0783 
         370  1 0.0876 0.1800 0.1227 0.0993 0.0793 0.1576 0.2188 0.0547 
         371  1 0.1255 0.0797 0.0825 0.0976 0.0810 0.2017 0.2512 0.0809 
         372  1 0.0759 0.0690 0.1029 0.0714 0.0743 0.4435 0.0774 0.0855 
         373  1 0.0937 0.1004 0.1496 0.0955 0.1164 0.1898 0.1366 0.1180 
         374  1 0.0615 0.1104 0.1139 0.0938 0.0902 0.0831 0.1807 0.2663 
         375  1 0.2048 0.0821 0.1185 0.1533 0.1070 0.0573 0.0922 0.1848 
         376  1 0.1144 0.1415 0.1326 0.1176 0.1523 0.0632 0.0947 0.1838 
         377  1 0.0727 0.1517 0.3010 0.1076 0.0966 0.1448 0.0359 0.0896 
         378  1 0.1268 0.0859 0.3546 0.0763 0.1228 0.0944 0.0659 0.0733 
         379  1 0.0483 0.0382 0.0552 0.0419 0.0497 0.6381 0.0456 0.0831 
         380  1 0.0634 0.1972 0.2294 0.1596 0.1131 0.1343 0.0515 0.0515 
         381  1 0.1244 0.1468 0.1328 0.1157 0.1401 0.1185 0.1423 0.0794 
         382  1 0.1280 0.1067 0.1406 0.1406 0.1311 0.1207 0.1407 0.0915 
         383  1 0.1492 0.1405 0.1072 0.1345 0.0847 0.1391 0.1779 0.0670 
         384  1 0.0800 0.0385 0.0872 0.0664 0.0959 0.4049 0.0325 0.1945 
         385  1 0.1623 0.0891 0.1218 0.1557 0.2370 0.0381 0.0713 0.1248 
         386  1 0.0495 0.0590 0.0630 0.0449 0.0484 0.6608 0.0344 0.0399 
         387  1 0.0788 0.3209 0.1181 0.1584 0.0960 0.0638 0.0407 0.1235 
         388  1 0.0729 0.0563 0.0930 0.0674 0.0864 0.3948 0.0395 0.1898 
         389  1 0.0822 0.0804 0.0807 0.0731 0.0934 0.0639 0.4295 0.0968 
         390  1 0.1840 0.2072 0.1099 0.2686 0.0595 0.0608 0.0530 0.0570 
         391  1 0.1595 0.1308 0.1061 0.0773 0.1009 0.3182 0.0346 0.0726 
         392  1 0.1638 0.1015 0.0924 0.1991 0.0856 0.0944 0.1948 0.0684 
         393  1 0.0558 0.0572 0.0694 0.0640 0.1136 0.2856 0.0291 0.3253 
         394  1 0.2362 0.1019 0.0856 0.3325 0.0788 0.0254 0.0822 0.0575 
         395  1 0.1081 0.1154 0.1094 0.1075 0.1212 0.0817 0.1881 0.1686 
         396  1 0.1735 0.0733 0.1058 0.0996 0.2696 0.0492 0.0691 0.1599 
         397  1 0.1096 0.0758 0.0753 0.1076 0.2101 0.0364 0.2057 0.1795 
         398  1 0.2027 0.1323 0.1407 0.1586 0.1214 0.0867 0.0386 0.1189 
         399  1 0.1433 0.1102 0.1293 0.1003 0.1193 0.1964 0.0554 0.1458 
         400  1 0.1347 0.0774 0.0882 0.0579 0.1021 0.2855 0.1916 0.0627 
         401  1 0.1293 0.1841 0.1319 0.1089 0.1791 0.1311 0.0347 0.1009 
         402  1 0.1453 0.0866 0.1277 0.0907 0.2531 0.0767 0.1127 0.1073 
         403  1 0.1827 0.0627 0.0948 0.0978 0.1899 0.0389 0.2396 0.0935 
         404  1 0.2784 0.1090 0.1075 0.1711 0.1358 0.0548 0.0827 0.0607 
         405  1 0.0881 0.0658 0.0887 0.1280 0.1294 0.0412 0.0606 0.3982 
         406  1 0.1326 0.0755 0.2585 0.1514 0.0743 0.1115 0.1307 0.0655 
         407  1 0.0413 0.0514 0.0704 0.0423 0.1000 0.3395 0.0634 0.2917 
         408  1 0.1219 0.1217 0.1825 0.1548 0.1727 0.0568 0.0572 0.1324 
         409  1 0.2150 0.1549 0.1286 0.1150 0.1477 0.0775 0.0596 0.1017 
         410  1 0.1407 0.1053 0.1437 0.1685 0.1368 0.0781 0.1009 0.1260 
         411  1 0.0901 0.1556 0.0923 0.1985 0.1857 0.0298 0.1324 0.1156 
         412  1 0.0904 0.1910 0.2392 0.1167 0.0840 0.0938 0.0268 0.1582 
         413  1 0.1760 0.0712 0.0755 0.0747 0.2291 0.0296 0.2544 0.0895 
         414  1 0.0954 0.1771 0.2115 0.0989 0.1308 0.1014 0.0523 0.1326 
         415  1 0.0594 0.4187 0.1154 0.1742 0.0586 0.1060 0.0286 0.0390 
         416  1 0.1685 0.0431 0.0586 0.0615 0.3486 0.0408 0.0499 0.2292 
         417  1 0.1704 0.1482 0.1280 0.2637 0.0999 0.0805 0.0458 0.0635 
         418  1 0.0818 0.3072 0.1407 0.1445 0.0959 0.0657 0.0766 0.0877 
         419  1 0.0993 0.2303 0.1300 0.2218 0.1019 0.0622 0.0902 0.0643 
         420  1 0.0853 0.0954 0.1290 0.0836 0.1501 0.0461 0.1145 0.2960 
         421  1 0.0951 0.2200 0.1055 0.2558 0.1341 0.0415 0.0677 0.0804 
         422  1 0.1634 0.1318 0.1888 0.1476 0.1292 0.0701 0.0979 0.0713 
         423  1 0.1115 0.0571 0.1748 0.0949 0.1961 0.1061 0.1271 0.1325 
         424  1 0.1235 0.1074 0.1085 0.0993 0.1945 0.0417 0.1113 0.2139 
         425  1 0.0897 0.2870 0.1144 0.1448 0.0907 0.0880 0.1203 0.0652 
         426  1 0.0945 0.2257 0.1374 0.1746 0.1071 0.1448 0.0608 0.0551 
         427  1 0.1614 0.1721 0.1281 0.2107 0.1386 0.0892 0.0329 0.0669 
         428  1 0.2628 0.0841 0.1288 0.1625 0.1237 0.0940 0.0711 0.0729 
         429  1 0.0905 0.0535 0.0668 0.0626 0.0694 0.2872 0.3116 0.0584 
         430  1 0.2647 0.1215 0.2001 0.0848 0.1276 0.0703 0.0610 0.0699 
         431  1 0.1559 0.0648 0.1433 0.1490 0.2114 0.0378 0.1090 0.1288 
         432  1 0.1245 0.0824 0.1298 0.0670 0.1294 0.1606 0.0853 0.2210 
         433  1 0.1000 0.0781 0.1958 0.0716 0.1381 0.2604 0.0524 0.1036 
         434  1 0.1031 0.0989 0.1032 0.1182 0.1224 0.0558 0.0624 0.3360 
         435  1 0.1002 0.1483 0.0938 0.1596 0.1664 0.0608 0.0637 0.2071 
         436  1 0.1277 0.0904 0.2738 0.0625 0.1472 0.0697 0.1776 0.0511 
         437  1 0.1199 0.0946 0.1160 0.1022 0.1833 0.1917 0.0524 0.1397 
         438  1 0.0775 0.0647 0.1190 0.0840 0.0705 0.4890 0.0345 0.0607 
         439  1 0.0650 0.3967 0.0978 0.1627 0.0831 0.0636 0.0850 0.0460 
         440  1 0.0860 0.0714 0.0736 0.0657 0.0698 0.0547 0.5147 0.0641 
         441  1 0.0941 0.1936 0.1225 0.1770 0.1553 0.1109 0.0707 0.0760 
         442  1 0.1876 0.0746 0.0872 0.1062 0.3132 0.0384 0.0674 0.1254 
         443  1 0.1538 0.0765 0.1117 0.0754 0.1646 0.1432 0.1616 0.1130 
         444  1 0.1118 0.0832 0.1072 0.1478 0.1121 0.2895 0.0725 0.0760 
         445  1 0.2023 0.1139 0.1361 0.1461 0.0696 0.0976 0.1945 0.0400 
         446  1 0.3740 0.1050 0.0799 0.1265 0.1680 0.0509 0.0449 0.0509 
         447  1 0.1061 0.0827 0.0898 0.0935 0.1571 0.0612 0.0474 0.3622 
         448  1 0.2425 0.1495 0.1122 0.1046 0.1161 0.1081 0.0507 0.1162 
         449  1 0.0640 0.0605 0.0741 0.0519 0.1003 0.1124 0.3418 0.1949 
         450  1 0.0932 0.0939 0.1110 0.1457 0.1378 0.0447 0.2827 0.0910 
         451  1 0.0849 0.1113 0.1114 0.1122 0.0996 0.1340 0.2777 0.0689 
         452  1 0.1361 0.0706 0.0732 0.1732 0.0882 0.0704 0.3175 0.0707 
         453  1 0.0933 0.1045 0.1034 0.1678 0.2191 0.0915 0.1108 0.1095 
         454  1 0.1238 0.0551 0.1024 0.0633 0.1854 0.0355 0.3103 0.1242 
         455  1 0.1544 0.1610 0.2057 0.1842 0.1107 0.0772 0.0438 0.0630 
         456  1 0.3523 0.1423 0.0802 0.1748 0.0910 0.0600 0.0447 0.0548 
         457  1 0.0764 0.1383 0.2076 0.1620 0.1672 0.1266 0.0588 0.0631 
         458  1 0.0449 0.0570 0.0564 0.0448 0.0426 0.0897 0.6190 0.0457 
         459  1 0.1600 0.2384 0.1356 0.1098 0.0948 0.1466 0.0534 0.0614 
         460  1 0.1824 0.0693 0.1135 0.2133 0.1388 0.0998 0.0739 0.1088 
         461  1 0.0521 0.0411 0.0478 0.0435 0.1510 0.0298 0.0491 0.5855 
         462  1 0.1673 0.1567 0.1401 0.2325 0.1033 0.0285 0.0494 0.1221 
         463  1 0.0881 0.0828 0.2175 0.0843 0.0910 0.2455 0.1080 0.0829 
         464  1 0.1184 0.1147 0.1276 0.1376 0.1897 0.1568 0.0753 0.0799 
         465  1 0.1777 0.2591 0.1069 0.1639 0.1012 0.0557 0.0806 0.0549 
         466  1 0.0760 0.0827 0.2613 0.0718 0.0970 0.2358 0.0470 0.1284 
         467  1 0.0755 0.0600 0.1293 0.0538 0.0751 0.0901 0.4383 0.0778 
         468  1 0.1012 0.1035 0.1201 0.0952 0.0940 0.1759 0.1792 0.1309 
         469  1 0.0777 0.3394 0.0990 0.1380 0.0874 0.1058 0.0627 0.0900 
         470  1 0.0951 0.1207 0.1614 0.1119 0.1153 0.2495 0.0497 0.0964 
         471  1 0.0426 0.0419 0.0397 0.0534 0.0394 0.0386 0.7069 0.0375 
         472  1 0.0951 0.0515 0.0751 0.0632 0.1455 0.4299 0.0367 0.1030 
         473  1 0.0864 0.0478 0.4248 0.0606 0.1263 0.0838 0.0569 0.1133 
         474  1 0.1336 0.2280 0.0965 0.1168 0.1250 0.0505 0.0900 0.1597 
         475  1 0.1012 0.1903 0.1763 0.1818 0.1074 0.0979 0.0661 0.0790 
         476  1 0.2940 0.1304 0.0887 0.1382 0.0939 0.1163 0.0929 0.0456 
         477  1 0.0857 0.1553 0.1780 0.1244 0.1124 0.0471 0.1478 0.1492 
         478  1 0.1194 0.0961 0.1096 0.0857 0.2016 0.0542 0.0405 0.2929 
         479  1 0.1413 0.1313 0.1525 0.1664 0.0905 0.0542 0.1723 0.0914 
         480  1 0.1096 0.0737 0.1090 0.1250 0.2604 0.1013 0.0473 0.1737 
         481  1 0.0919 0.1693 0.1359 0.1923 0.1641 0.0723 0.1088 0.0655 
         482  1 0.0892 0.1435 0.1025 0.0836 0.1149 0.3402 0.0513 0.0748 
         483  1 0.1620 0.1134 0.0958 0.2148 0.0840 0.1196 0.1480 0.0625 
         484  1 0.2789 0.0763 0.1323 0.1960 0.1814 0.0325 0.0296 0.0730 
         485  1 0.3082 0.0827 0.0975 0.2858 0.0671 0.0414 0.0638 0.0535 
         486  1 0.1024 0.1243 0.1184 0.1623 0.1759 0.0755 0.1116 0.1297 
         487  1 0.1647 0.1071 0.1378 0.1008 0.1436 0.1693 0.0788 0.0979 
         488  1 0.3533 0.1056 0.1194 0.1139 0.1140 0.0839 0.0581 0.0518 
         489  1 0.1529 0.0836 0.1215 0.1273 0.1538 0.0791 0.0735 0.2084 
         490  1 0.1298 0.0986 0.1718 0.0689 0.1087 0.2695 0.0585 0.0942 
         491  1 0.0705 0.0897 0.0997 0.0657 0.0913 0.3528 0.0515 0.1788 
         492  1 0.0846 0.2476 0.1370 0.1229 0.1113 0.0707 0.1679 0.0580 
         493  1 0.1177 0.1287 0.2573 0.1185 0.1625 0.0878 0.0510 0.0763 
         494  1 0.1896 0.1430 0.1181 0.1257 0.1235 0.2041 0.0474 0.0484 
         495  1 0.0355 0.0337 0.0421 0.0287 0.0442 0.0344 0.7445 0.0369 
         496  1 0.1408 0.2196 0.0914 0.1700 0.1515 0.0366 0.0650 0.1251 
         497  1 0.0832 0.1821 0.1176 0.1479 0.1698 0.0545 0.1047 0.1402 
         498  1 0.1086 0.0660 0.0737 0.0608 0.1600 0.0531 0.0801 0.3977 
         499  1 0.1085 0.0555 0.1001 0.0685 0.1503 0.3777 0.0464 0.0930 
         500  1 0.0665 0.1343 0.1223 0.0839 0.0886 0.1728 0.2684 0.0631 
         501  1 0.1174 0.2015 0.1221 0.1354 0.1336 0.0596 0.1152 0.1152 
         502  1 0.1518 0.1408 0.1563 0.1484 0.1481 0.0711 0.1069 0.0766 
         503  1 0.0824 0.1273 0.1101 0.1120 0.1495 0.0776 0.0648 0.2762 
         504  1 0.0826 0.3108 0.0885 0.1470 0.1245 0.0347 0.0488 0.1631 
         505  1 0.1462 0.1506 0.1215 0.0879 0.0931 0.1853 0.1520 0.0635 
         506  1 0.1277 0.1735 0.1754 0.1313 0.1342 0.0609 0.1033 0.0938 
         507  1 0.1335 0.0702 0.0860 0.1291 0.1209 0.2039 0.1399 0.1165 
         508  1 0.1386 0.0692 0.0745 0.1425 0.1998 0.0319 0.0669 0.2766 
         509  1 0.0932 0.1614 0.1137 0.1790 0.0954 0.0593 0.2342 0.0638 
         510  1 0.1558 0.0570 0.1180 0.0871 0.1371 0.0331 0.0666 0.3454 
         511  1 0.1298 0.1060 0.1168 0.0774 0.1210 0.2745 0.0606 0.1139 
         512  1 0.0543 0.0782 0.0698 0.0577 0.1579 0.0314 0.0376 0.5132 
         513  1 0.1485 0.0549 0.1704 0.0746 0.1633 0.0554 0.2148 0.1182 
         514  1 0.2103 0.0501 0.0740 0.0759 0.3363 0.0605 0.0503 0.1426 
         515  1 0.0436 0.0431 0.0502 0.0361 0.0522 0.6691 0.0399 0.0657 
         516  1 0.2570 0.0945 0.0959 0.1295 0.0969 0.0734 0.1868 0.0660 
         517  1 0.1945 0.1475 0.1301 0.1173 0.0919 0.0690 0.2016 0.0481 
         518  1 0.1879 0.0691 0.0936 0.1246 0.2810 0.0383 0.0386 0.1669 
         519  1 0.0895 0.3250 0.1638 0.1295 0.0915 0.0537 0.0810 0.0660 
         520  1 0.1776 0.1953 0.1175 0.0789 0.1064 0.1105 0.1226 0.0912 
         521  1 0.1239 0.0954 0.2200 0.1085 0.1690 0.0929 0.0707 0.1197 
         522  1 0.0976 0.3212 0.1253 0.1590 0.1097 0.0420 0.0711 0.0741 
         523  1 0.0801 0.1425 0.1774 0.0983 0.1059 0.1705 0.1137 0.1117 
         524  1 0.0627 0.0570 0.0607 0.0611 0.0473 0.0396 0.6367 0.0349 
         525  1 0.0955 0.1680 0.1524 0.1405 0.1104 0.1516 0.0674 0.1143 
         526  1 0.1056 0.0768 0.0826 0.0746 0.1345 0.1141 0.0780 0.3336 
         527  1 0.1588 0.0961 0.1392 0.1257 0.2025 0.0872 0.0749 0.1156 
         528  1 0.1250 0.0840 0.1339 0.0962 0.0699 0.3855 0.0378 0.0677 
         529  1 0.1109 0.1325 0.2172 0.0997 0.1261 0.0895 0.1204 0.1036 
         530  1 0.1120 0.0969 0.1843 0.1437 0.0821 0.2142 0.0586 0.1082 
         531  1 0.1947 0.1084 0.1131 0.1917 0.0706 0.1606 0.0786 0.0823 
         532  1 0.0358 0.0413 0.0480 0.0379 0.0434 0.0227 0.7396 0.0312 
         533  1 0.0685 0.0463 0.0537 0.0487 0.1830 0.0452 0.0420 0.5126 
         534  1 0.1313 0.1548 0.1406 0.1763 0.1049 0.1711 0.0528 0.0682 
         535  1 0.0693 0.0835 0.1290 0.0900 0.1202 0.1985 0.1652 0.1443 
         536  1 0.0847 0.1759 0.1077 0.1254 0.1712 0.0541 0.1545 0.1266 
         537  1 0.1992 0.1247 0.1393 0.1115 0.1239 0.1472 0.0490 0.1051 
         538  1 0.1152 0.1372 0.1613 0.1626 0.1096 0.0766 0.1483 0.0893 
         539  1 0.1520 0.0754 0.1412 0.0901 0.1450 0.1433 0.1036 0.1494 
         540  1 0.1368 0.0886 0.0893 0.1084 0.1103 0.2476 0.1362 0.0827 
         541  1 0.1148 0.1105 0.2353 0.1519 0.0854 0.1275 0.1150 0.0596 
         542  1 0.0795 0.1746 0.0965 0.1206 0.1049 0.2990 0.0654 0.0596 
         543  1 0.0933 0.1818 0.1359 0.0901 0.0682 0.3407 0.0437 0.0463 
         544  1 0.0545 0.1169 0.0941 0.1368 0.1020 0.3912 0.0610 0.0435 
         545  1 0.1487 0.0859 0.1189 0.1255 0.1284 0.2193 0.0626 0.1107 
         546  1 0.0835 0.0859 0.0903 0.1003 0.1095 0.3742 0.0750 0.0813 
         547  1 0.1657 0.0825 0.1743 0.1184 0.0930 0.0929 0.1882 0.0850 
