           1  1 0.1632 0.1575 0.1268 0.1237 0.0905 0.3382 
           2  1 0.1664 0.1805 0.2112 0.1540 0.0906 0.1973 
           3  1 0.1970 0.1052 0.1524 0.1286 0.2664 0.1504 
           4  1 0.3116 0.0833 0.1744 0.1807 0.0772 0.1729 
           5  1 0.0923 0.3179 0.1495 0.1083 0.1475 0.1845 
           6  1 0.1157 0.1811 0.1513 0.2195 0.0934 0.2390 
           7  1 0.1299 0.2080 0.0730 0.0776 0.3864 0.1251 
           8  1 0.0989 0.1297 0.1912 0.2070 0.1755 0.1976 
           9  1 0.4078 0.0951 0.1043 0.1064 0.1665 0.1199 
          10  1 0.0535 0.0497 0.3058 0.3392 0.0836 0.1682 
          11  1 0.0906 0.1441 0.2403 0.2482 0.1334 0.1434 
          12  1 0.1223 0.1107 0.2567 0.2913 0.0735 0.1456 
          13  1 0.1652 0.0985 0.1821 0.2393 0.1934 0.1215 
          14  1 0.4369 0.1597 0.0756 0.0725 0.1373 0.1180 
          15  1 0.0876 0.6261 0.0533 0.0534 0.1062 0.0735 
          16  1 0.0790 0.1475 0.1469 0.1218 0.3333 0.1716 
          17  1 0.2702 0.0972 0.1919 0.1679 0.1510 0.1218 
          18  1 0.3015 0.1603 0.1769 0.1124 0.0580 0.1910 
          19  1 0.3419 0.1285 0.0919 0.0771 0.1151 0.2455 
          20  1 0.2369 0.0809 0.1369 0.1450 0.2593 0.1410 
          21  1 0.0673 0.1183 0.2480 0.2005 0.0857 0.2802 
          22  1 0.2591 0.1076 0.0755 0.0762 0.2124 0.2692 
          23  1 0.0855 0.2916 0.1757 0.2178 0.0927 0.1368 
          24  1 0.1114 0.0882 0.2202 0.3305 0.1128 0.1369 
          25  1 0.1226 0.1157 0.1770 0.1367 0.1488 0.2992 
          26  1 0.2096 0.2006 0.1597 0.1388 0.1072 0.1841 
          27  1 0.2020 0.1212 0.1205 0.1137 0.2971 0.1455 
          28  1 0.0720 0.2063 0.2356 0.2702 0.0997 0.1163 
          29  1 0.2842 0.1502 0.1442 0.1148 0.0951 0.2115 
          30  1 0.2522 0.1194 0.1476 0.1409 0.1484 0.1914 
          31  1 0.1454 0.0833 0.2356 0.2332 0.1483 0.1542 
          32  1 0.0960 0.5219 0.0822 0.0981 0.0944 0.1073 
          33  1 0.1673 0.3218 0.1298 0.1220 0.1222 0.1369 
          34  1 0.1999 0.1779 0.1944 0.1645 0.0832 0.1801 
          35  1 0.2902 0.2201 0.1158 0.1107 0.1023 0.1608 
          36  1 0.2175 0.2695 0.1131 0.0826 0.1830 0.1343 
          37  1 0.1704 0.1818 0.1793 0.1886 0.1181 0.1619 
          38  1 0.2019 0.1462 0.1073 0.1116 0.1743 0.2587 
          39  1 0.0937 0.1404 0.3123 0.2537 0.0705 0.1293 
          40  1 0.0889 0.1457 0.1200 0.0803 0.2211 0.3440 
          41  1 0.1143 0.0896 0.2378 0.3272 0.0924 0.1387 
          42  1 0.0760 0.3236 0.1346 0.1277 0.2262 0.1119 
          43  1 0.2139 0.0663 0.3010 0.1847 0.0744 0.1597 
          44  1 0.1932 0.1114 0.1419 0.1515 0.2357 0.1663 
          45  1 0.0963 0.2278 0.2275 0.2029 0.0851 0.1604 
          46  1 0.1000 0.1833 0.1788 0.1323 0.2139 0.1917 
          47  1 0.1523 0.0864 0.1770 0.1454 0.1774 0.2616 
          48  1 0.1011 0.5860 0.0839 0.0678 0.0738 0.0874 
          49  1 0.3013 0.0512 0.1108 0.1569 0.2505 0.1293 
          50  1 0.2473 0.1347 0.1019 0.0890 0.2484 0.1787 
          51  1 0.1948 0.0882 0.1848 0.1957 0.0885 0.2480 
          52  1 0.0724 0.0708 0.1922 0.3109 0.2496 0.1042 
          53  1 0.1717 0.1019 0.1475 0.1358 0.1755 0.2676 
          54  1 0.2457 0.1319 0.1670 0.1813 0.1120 0.1621 
          55  1 0.0952 0.3050 0.1681 0.1169 0.1126 0.2023 
          56  1 0.0644 0.4961 0.1183 0.1148 0.0884 0.1180 
          57  1 0.1535 0.1023 0.1693 0.2059 0.1786 0.1905 
          58  1 0.0583 0.6723 0.0630 0.0626 0.0465 0.0974 
          59  1 0.0772 0.2294 0.1850 0.1239 0.2395 0.1451 
          60  1 0.2011 0.1326 0.1213 0.1284 0.2425 0.1740 
          61  1 0.1444 0.0845 0.1250 0.1211 0.3271 0.1979 
          62  1 0.0552 0.1657 0.2180 0.2401 0.1424 0.1787 
          63  1 0.1069 0.1110 0.1482 0.1648 0.3218 0.1472 
          64  1 0.1235 0.0830 0.2315 0.2292 0.1202 0.2126 
          65  1 0.1289 0.1070 0.2340 0.1639 0.1670 0.1992 
          66  1 0.1828 0.0952 0.2135 0.1993 0.1341 0.1751 
          67  1 0.0778 0.0537 0.2549 0.4177 0.0885 0.1074 
          68  1 0.1854 0.1083 0.1119 0.1009 0.3699 0.1237 
          69  1 0.0644 0.0818 0.1823 0.2282 0.2152 0.2281 
          70  1 0.1479 0.3014 0.1111 0.1524 0.1400 0.1471 
          71  1 0.1212 0.0950 0.2198 0.3115 0.0910 0.1615 
          72  1 0.0981 0.0880 0.2340 0.3648 0.0943 0.1207 
          73  1 0.1592 0.2117 0.2129 0.1768 0.0913 0.1481 
          74  1 0.1924 0.0967 0.1212 0.1466 0.2623 0.1807 
          75  1 0.2273 0.1504 0.1516 0.1824 0.1492 0.1391 
          76  1 0.1088 0.0766 0.2981 0.1911 0.1657 0.1596 
          77  1 0.1258 0.1930 0.2200 0.1992 0.1144 0.1476 
          78  1 0.1428 0.0719 0.2443 0.2132 0.1029 0.2249 
          79  1 0.0910 0.2443 0.2017 0.2981 0.0682 0.0967 
          80  1 0.1246 0.1226 0.1584 0.1841 0.2513 0.1590 
          81  1 0.0778 0.0653 0.2071 0.2873 0.2157 0.1468 
          82  1 0.0774 0.2764 0.1639 0.1657 0.1289 0.1877 
          83  1 0.0734 0.0543 0.0542 0.0554 0.7043 0.0585 
          84  1 0.1197 0.1289 0.1529 0.1372 0.3075 0.1539 
          85  1 0.1068 0.1903 0.2118 0.1940 0.1346 0.1625 
          86  1 0.0678 0.2393 0.1919 0.1468 0.1372 0.2170 
          87  1 0.0804 0.0548 0.2695 0.2927 0.1497 0.1529 
          88  1 0.1339 0.2201 0.2350 0.1579 0.0949 0.1581 
          89  1 0.2317 0.1027 0.1220 0.0957 0.2472 0.2007 
          90  1 0.0866 0.1881 0.1157 0.1063 0.2965 0.2068 
          91  1 0.1516 0.1526 0.2189 0.1725 0.1626 0.1418 
          92  1 0.0696 0.2510 0.1549 0.1942 0.1835 0.1468 
          93  1 0.1190 0.0748 0.2751 0.1933 0.2134 0.1244 
          94  1 0.2302 0.0675 0.1920 0.1522 0.1179 0.2400 
          95  1 0.1181 0.2115 0.1503 0.1683 0.1189 0.2330 
          96  1 0.2186 0.1430 0.1997 0.1658 0.1313 0.1416 
          97  1 0.0929 0.1014 0.2226 0.3124 0.1352 0.1355 
          98  1 0.1525 0.1107 0.1579 0.1967 0.2351 0.1471 
          99  1 0.1144 0.0902 0.2171 0.2547 0.1787 0.1449 
         100  1 0.1955 0.1346 0.1651 0.2183 0.1619 0.1245 
         101  1 0.1763 0.0938 0.1618 0.1798 0.2301 0.1581 
         102  1 0.1284 0.4130 0.0983 0.0787 0.1651 0.1164 
         103  1 0.2768 0.3016 0.0992 0.0871 0.1170 0.1184 
         104  1 0.0961 0.1170 0.2965 0.2292 0.1304 0.1309 
         105  1 0.2498 0.1138 0.1770 0.1904 0.1349 0.1341 
         106  1 0.1628 0.1461 0.1262 0.1483 0.1732 0.2435 
         107  1 0.0638 0.1784 0.1682 0.1797 0.1538 0.2560 
         108  1 0.0641 0.1776 0.1893 0.2539 0.1670 0.1480 
         109  1 0.2035 0.1048 0.1436 0.1363 0.2831 0.1287 
         110  1 0.5036 0.0976 0.0939 0.1078 0.0780 0.1190 
         111  1 0.1551 0.2294 0.1005 0.0908 0.1788 0.2454 
         112  1 0.3088 0.1708 0.1210 0.1121 0.1334 0.1539 
         113  1 0.0813 0.1455 0.2201 0.2169 0.0905 0.2458 
         114  1 0.3316 0.1148 0.1034 0.1021 0.1846 0.1635 
         115  1 0.0819 0.1546 0.1824 0.2335 0.1710 0.1766 
         116  1 0.1008 0.2099 0.1139 0.1274 0.2318 0.2163 
         117  1 0.0894 0.4597 0.1253 0.1243 0.0728 0.1285 
         118  1 0.3971 0.0944 0.1329 0.1397 0.1232 0.1128 
         119  1 0.1759 0.3141 0.1421 0.0985 0.1127 0.1567 
         120  1 0.1582 0.4005 0.1280 0.1106 0.0725 0.1302 
         121  1 0.2319 0.0918 0.1243 0.1360 0.2607 0.1553 
         122  1 0.1043 0.0578 0.2421 0.2934 0.1632 0.1393 
         123  1 0.1053 0.4702 0.1078 0.1118 0.0808 0.1242 
         124  1 0.0892 0.0829 0.2459 0.2296 0.1693 0.1832 
         125  1 0.0644 0.4020 0.1256 0.1520 0.1297 0.1263 
         126  1 0.1216 0.1367 0.1408 0.1472 0.1337 0.3200 
         127  1 0.0988 0.1823 0.2660 0.2584 0.0770 0.1176 
         128  1 0.0590 0.3602 0.1343 0.1375 0.1286 0.1803 
         129  1 0.0667 0.0923 0.2495 0.3426 0.1300 0.1189 
         130  1 0.1860 0.0771 0.1976 0.2481 0.0770 0.2142 
         131  1 0.0753 0.0934 0.2360 0.1912 0.1602 0.2439 
         132  1 0.0813 0.5253 0.1187 0.0902 0.0681 0.1163 
         133  1 0.3182 0.2116 0.1384 0.1096 0.0715 0.1507 
         134  1 0.1401 0.1466 0.1302 0.1386 0.2049 0.2396 
         135  1 0.5163 0.0692 0.0991 0.1170 0.0579 0.1406 
         136  1 0.1239 0.1930 0.1357 0.1066 0.2688 0.1721 
         137  1 0.0777 0.1167 0.3177 0.1921 0.1334 0.1625 
         138  1 0.1276 0.1886 0.2040 0.1367 0.1052 0.2379 
         139  1 0.1902 0.2322 0.1765 0.1781 0.0669 0.1561 
         140  1 0.0837 0.0841 0.2029 0.1929 0.2873 0.1492 
         141  1 0.2857 0.1700 0.1597 0.1734 0.0747 0.1364 
         142  1 0.0820 0.5263 0.0830 0.0746 0.1252 0.1090 
         143  1 0.0776 0.0912 0.1550 0.1909 0.2191 0.2662 
         144  1 0.1718 0.1414 0.1425 0.1151 0.2712 0.1580 
         145  1 0.2640 0.1623 0.1616 0.1160 0.1134 0.1826 
         146  1 0.2230 0.0787 0.1566 0.1835 0.1438 0.2144 
         147  1 0.1997 0.1394 0.0904 0.0951 0.3065 0.1688 
         148  1 0.2319 0.1013 0.1465 0.1550 0.2357 0.1296 
         149  1 0.0850 0.3410 0.1817 0.1597 0.1023 0.1303 
         150  1 0.3962 0.0652 0.1348 0.1604 0.0996 0.1438 
         151  1 0.3324 0.0870 0.1199 0.1831 0.1444 0.1331 
         152  1 0.1530 0.1010 0.1497 0.1499 0.1980 0.2484 
         153  1 0.1725 0.1197 0.1239 0.1369 0.3101 0.1369 
         154  1 0.1562 0.1537 0.1717 0.1704 0.1678 0.1802 
         155  1 0.0841 0.4587 0.1092 0.0995 0.1361 0.1123 
         156  1 0.1565 0.1099 0.1794 0.2565 0.1530 0.1448 
         157  1 0.1044 0.1348 0.1932 0.1668 0.1295 0.2712 
         158  1 0.0583 0.0843 0.4079 0.2290 0.0772 0.1432 
         159  1 0.1028 0.3014 0.1650 0.1886 0.1161 0.1260 
         160  1 0.0996 0.2478 0.1988 0.1553 0.1055 0.1929 
         161  1 0.2050 0.2412 0.0863 0.0800 0.0633 0.3242 
         162  1 0.3101 0.1376 0.1573 0.1593 0.0993 0.1365 
         163  1 0.3141 0.1428 0.1227 0.1451 0.1154 0.1600 
         164  1 0.0496 0.4436 0.1329 0.0997 0.1852 0.0890 
         165  1 0.1329 0.1155 0.1950 0.1743 0.1878 0.1945 
         166  1 0.1090 0.1228 0.1631 0.2359 0.1136 0.2555 
         167  1 0.0778 0.5849 0.0842 0.1058 0.0564 0.0909 
         168  1 0.1632 0.1606 0.1759 0.1994 0.1419 0.1590 
         169  1 0.1246 0.1234 0.1644 0.2281 0.1060 0.2535 
         170  1 0.3482 0.0637 0.1501 0.1989 0.1079 0.1313 
         171  1 0.1463 0.2338 0.1315 0.1590 0.1724 0.1570 
         172  1 0.4033 0.0789 0.1339 0.1303 0.1399 0.1137 
         173  1 0.1494 0.2363 0.1701 0.1977 0.0814 0.1651 
         174  1 0.1251 0.1148 0.1703 0.1383 0.2584 0.1931 
         175  1 0.2051 0.0773 0.2336 0.1704 0.1187 0.1947 
         176  1 0.4115 0.0784 0.1218 0.1155 0.1309 0.1420 
         177  1 0.0632 0.0676 0.2436 0.1951 0.3370 0.0935 
         178  1 0.1288 0.1005 0.2566 0.2066 0.1325 0.1750 
         179  1 0.1152 0.1892 0.2283 0.1862 0.1168 0.1643 
         180  1 0.1946 0.0906 0.1738 0.2089 0.1921 0.1400 
         181  1 0.1348 0.3288 0.1509 0.1441 0.0877 0.1536 
         182  1 0.0404 0.0545 0.0542 0.0600 0.7412 0.0498 
         183  1 0.3107 0.1205 0.0877 0.0871 0.0909 0.3032 
         184  1 0.2012 0.1108 0.1481 0.1612 0.2044 0.1742 
         185  1 0.1808 0.1907 0.1366 0.1268 0.1263 0.2388 
         186  1 0.2427 0.1862 0.1026 0.1032 0.1982 0.1672 
         187  1 0.2825 0.1012 0.1997 0.1767 0.0832 0.1568 
         188  1 0.1741 0.3566 0.0932 0.0901 0.1480 0.1381 
         189  1 0.2573 0.1030 0.0982 0.1079 0.2126 0.2210 
         190  1 0.2225 0.1042 0.1817 0.2664 0.1151 0.1100 
         191  1 0.1479 0.1637 0.1820 0.1584 0.0871 0.2609 
         192  1 0.0773 0.1115 0.1463 0.1920 0.2236 0.2493 
         193  1 0.2395 0.1263 0.1483 0.1488 0.1301 0.2070 
         194  1 0.1019 0.3138 0.1516 0.1213 0.1198 0.1916 
         195  1 0.0871 0.0714 0.3192 0.2730 0.0998 0.1495 
         196  1 0.2293 0.1362 0.1498 0.1352 0.1112 0.2383 
         197  1 0.1326 0.3899 0.0814 0.0851 0.1981 0.1128 
         198  1 0.3289 0.1647 0.1151 0.1541 0.0695 0.1678 
         199  1 0.0579 0.1148 0.1213 0.1115 0.4679 0.1267 
         200  1 0.1874 0.2664 0.1331 0.1484 0.0849 0.1798 
         201  1 0.0853 0.0711 0.2412 0.1961 0.2905 0.1157 
         202  1 0.1939 0.1320 0.1451 0.1220 0.2384 0.1687 
         203  1 0.0970 0.1411 0.1838 0.2007 0.2157 0.1617 
         204  1 0.2254 0.0770 0.1690 0.1771 0.2194 0.1322 
         205  1 0.1058 0.1199 0.1759 0.1557 0.2573 0.1854 
         206  1 0.0808 0.0937 0.2502 0.2845 0.1371 0.1536 
         207  1 0.0884 0.1449 0.1563 0.1350 0.2114 0.2640 
         208  1 0.2645 0.0771 0.1596 0.1395 0.1956 0.1637 
         209  1 0.0724 0.1342 0.2772 0.2111 0.0871 0.2180 
         210  1 0.1964 0.1176 0.1854 0.2016 0.1195 0.1795 
         211  1 0.0846 0.0660 0.2807 0.2296 0.1544 0.1846 
         212  1 0.3844 0.1855 0.0874 0.0730 0.1079 0.1618 
         213  1 0.1208 0.2792 0.1700 0.1643 0.1020 0.1637 
         214  1 0.0941 0.0613 0.2190 0.3489 0.1037 0.1729 
         215  1 0.1901 0.2535 0.1236 0.1146 0.1520 0.1662 
         216  1 0.1134 0.1159 0.2844 0.2573 0.0856 0.1434 
         217  1 0.1880 0.2083 0.1855 0.1326 0.0845 0.2011 
         218  1 0.1055 0.4430 0.1145 0.1239 0.0738 0.1394 
         219  1 0.3363 0.1104 0.1225 0.1433 0.1603 0.1271 
         220  1 0.0942 0.0923 0.2019 0.1829 0.1820 0.2467 
         221  1 0.0711 0.0743 0.0950 0.1144 0.5626 0.0826 
         222  1 0.1519 0.1711 0.1956 0.1422 0.0923 0.2470 
         223  1 0.0977 0.2361 0.1837 0.1458 0.1144 0.2223 
         224  1 0.1206 0.0989 0.1956 0.1970 0.1809 0.2069 
         225  1 0.0706 0.0602 0.2679 0.2583 0.1106 0.2324 
         226  1 0.2243 0.1680 0.2149 0.1692 0.0842 0.1394 
         227  1 0.0864 0.1111 0.2952 0.2689 0.1071 0.1314 
         228  1 0.1526 0.1659 0.2408 0.1668 0.1368 0.1371 
         229  1 0.1544 0.1553 0.1267 0.1170 0.2688 0.1778 
         230  1 0.5597 0.1024 0.0859 0.0744 0.0823 0.0953 
         231  1 0.1654 0.1182 0.2227 0.1863 0.1121 0.1952 
         232  1 0.0556 0.1320 0.2302 0.1671 0.2842 0.1309 
         233  1 0.3867 0.0938 0.1757 0.1235 0.0693 0.1510 
         234  1 0.1547 0.1277 0.2519 0.1931 0.0912 0.1813 
         235  1 0.2075 0.1193 0.1318 0.1291 0.2147 0.1977 
         236  1 0.1775 0.2920 0.1323 0.0945 0.1794 0.1243 
         237  1 0.0945 0.1389 0.2184 0.1430 0.2328 0.1724 
         238  1 0.2153 0.1136 0.1103 0.1212 0.1314 0.3083 
         239  1 0.3050 0.1069 0.1627 0.1708 0.1417 0.1130 
         240  1 0.1695 0.1600 0.1723 0.1460 0.1917 0.1605 
         241  1 0.1023 0.0815 0.2761 0.2601 0.1253 0.1547 
         242  1 0.0965 0.1389 0.1495 0.2058 0.2496 0.1597 
         243  1 0.0985 0.3085 0.1410 0.1818 0.1390 0.1312 
         244  1 0.0849 0.0727 0.2500 0.1766 0.2622 0.1536 
         245  1 0.2300 0.2253 0.1458 0.1563 0.1238 0.1188 
         246  1 0.1846 0.2794 0.1306 0.1460 0.1387 0.1207 
         247  1 0.2210 0.0832 0.2682 0.2069 0.0937 0.1271 
         248  1 0.2111 0.0880 0.2672 0.1808 0.0795 0.1735 
         249  1 0.2333 0.1263 0.1343 0.1716 0.1211 0.2134 
         250  1 0.1296 0.4473 0.0940 0.0808 0.1192 0.1292 
         251  1 0.1345 0.2135 0.1339 0.1316 0.0999 0.2866 
         252  1 0.0848 0.0884 0.2163 0.2677 0.1200 0.2227 
         253  1 0.0941 0.2474 0.1665 0.2271 0.1374 0.1274 
         254  1 0.3767 0.1439 0.1154 0.1163 0.0803 0.1674 
         255  1 0.1285 0.1055 0.1107 0.1059 0.4425 0.1070 
         256  1 0.0864 0.2831 0.1535 0.1437 0.1132 0.2200 
         257  1 0.1439 0.0909 0.2324 0.3791 0.0579 0.0958 
         258  1 0.1611 0.1461 0.1498 0.1397 0.2581 0.1452 
         259  1 0.1572 0.0774 0.2101 0.3342 0.0968 0.1244 
         260  1 0.0983 0.1552 0.2129 0.2069 0.1900 0.1369 
         261  1 0.2179 0.0933 0.2245 0.2206 0.0820 0.1618 
         262  1 0.1664 0.1647 0.1568 0.1441 0.2055 0.1625 
         263  1 0.2355 0.0728 0.1816 0.1525 0.1330 0.2246 
         264  1 0.1440 0.1384 0.1629 0.1388 0.2403 0.1756 
         265  1 0.1457 0.0684 0.1686 0.1258 0.2098 0.2817 
         266  1 0.1066 0.2690 0.1471 0.1646 0.0879 0.2249 
         267  1 0.1498 0.0958 0.0829 0.0817 0.3395 0.2502 
         268  1 0.4641 0.0973 0.1110 0.1178 0.0689 0.1409 
         269  1 0.2225 0.0714 0.1522 0.1950 0.2483 0.1107 
         270  1 0.2105 0.0670 0.1691 0.1379 0.2246 0.1909 
         271  1 0.1567 0.1509 0.1681 0.1564 0.1565 0.2113 
         272  1 0.1918 0.0772 0.2257 0.2636 0.0948 0.1469 
         273  1 0.1016 0.1416 0.1914 0.1483 0.2420 0.1751 
         274  1 0.5692 0.0640 0.0876 0.0815 0.1041 0.0935 
         275  1 0.2385 0.0835 0.1320 0.1239 0.3054 0.1167 
         276  1 0.0587 0.2953 0.2021 0.1967 0.1041 0.1431 
         277  1 0.0946 0.0640 0.0702 0.0825 0.6186 0.0700 
         278  1 0.1460 0.0500 0.1660 0.2203 0.3037 0.1139 
         279  1 0.1410 0.2388 0.1414 0.1030 0.2221 0.1536 
         280  1 0.1790 0.1879 0.2030 0.1454 0.1467 0.1380 
         281  1 0.1668 0.0709 0.1249 0.1772 0.1421 0.3182 
         282  1 0.1963 0.0867 0.2090 0.3284 0.0718 0.1078 
         283  1 0.1292 0.2432 0.1241 0.1105 0.2575 0.1355 
         284  1 0.0678 0.1305 0.1031 0.0946 0.4984 0.1055 
         285  1 0.1217 0.1256 0.2739 0.2290 0.0821 0.1679 
         286  1 0.1600 0.0763 0.1279 0.1893 0.2778 0.1686 
         287  1 0.1296 0.4285 0.0823 0.0862 0.1533 0.1201 
         288  1 0.0484 0.0481 0.0568 0.0520 0.7405 0.0542 
         289  1 0.1874 0.1735 0.1782 0.1587 0.1335 0.1687 
         290  1 0.1588 0.0973 0.3151 0.2009 0.0729 0.1550 
         291  1 0.2154 0.2745 0.0927 0.0899 0.0721 0.2554 
         292  1 0.0804 0.1848 0.1744 0.2193 0.1760 0.1650 
         293  1 0.4204 0.1530 0.0994 0.1282 0.0851 0.1139 
         294  1 0.1354 0.0928 0.2323 0.2126 0.1634 0.1635 
         295  1 0.0493 0.6198 0.0908 0.1104 0.0480 0.0817 
         296  1 0.1190 0.1324 0.1012 0.0867 0.4593 0.1014 
         297  1 0.2312 0.1190 0.1423 0.1477 0.2137 0.1461 
         298  1 0.1200 0.1424 0.2296 0.3479 0.0548 0.1053 
         299  1 0.0517 0.5968 0.1002 0.1023 0.0634 0.0856 
         300  1 0.2810 0.1472 0.1248 0.1630 0.1550 0.1290 
         301  1 0.1332 0.2332 0.1432 0.1785 0.1613 0.1506 
         302  1 0.0922 0.6233 0.0637 0.0580 0.0687 0.0940 
         303  1 0.2297 0.0886 0.1755 0.1459 0.0870 0.2733 
         304  1 0.1473 0.1182 0.2014 0.3132 0.0966 0.1233 
         305  1 0.1628 0.1236 0.2619 0.1765 0.1100 0.1652 
         306  1 0.0620 0.2792 0.0747 0.0765 0.4111 0.0966 
         307  1 0.1461 0.1619 0.1784 0.2236 0.1336 0.1564 
         308  1 0.1162 0.1300 0.1806 0.1792 0.1931 0.2009 
         309  1 0.1738 0.0816 0.1596 0.2111 0.2371 0.1369 
         310  1 0.1875 0.0937 0.1025 0.1019 0.3202 0.1943 
         311  1 0.0755 0.2044 0.1343 0.1522 0.3004 0.1332 
         312  1 0.2819 0.0817 0.1194 0.1370 0.2510 0.1289 
         313  1 0.1268 0.2021 0.1570 0.1584 0.2164 0.1394 
         314  1 0.0754 0.1595 0.1612 0.1841 0.2016 0.2182 
         315  1 0.0703 0.1877 0.1961 0.1856 0.2145 0.1458 
         316  1 0.1753 0.1368 0.1468 0.1981 0.1490 0.1941 
         317  1 0.2941 0.0669 0.1467 0.1402 0.2390 0.1131 
         318  1 0.4700 0.0811 0.1064 0.1068 0.0939 0.1418 
         319  1 0.1603 0.2223 0.1414 0.1390 0.1149 0.2220 
         320  1 0.0712 0.3636 0.1482 0.1363 0.1830 0.0978 
         321  1 0.2695 0.1236 0.2113 0.1311 0.0885 0.1761 
         322  1 0.1369 0.1010 0.2339 0.1941 0.1254 0.2087 
         323  1 0.1321 0.1752 0.0991 0.1171 0.3712 0.1053 
         324  1 0.1070 0.0759 0.2749 0.2117 0.0950 0.2355 
         325  1 0.3721 0.1168 0.1318 0.1285 0.1140 0.1369 
         326  1 0.0999 0.0785 0.1161 0.1467 0.4519 0.1069 
         327  1 0.2428 0.1510 0.2161 0.1585 0.0949 0.1367 
         328  1 0.1333 0.1012 0.2114 0.2688 0.0981 0.1873 
         329  1 0.0896 0.1018 0.3098 0.2226 0.1501 0.1261 
         330  1 0.0604 0.0593 0.4119 0.2609 0.0864 0.1211 
         331  1 0.1381 0.1258 0.1721 0.1502 0.2129 0.2008 
         332  1 0.2301 0.0890 0.1562 0.2367 0.1096 0.1785 
         333  1 0.1173 0.0985 0.1991 0.1866 0.2565 0.1420 
         334  1 0.3335 0.0740 0.1363 0.1639 0.1575 0.1349 
         335  1 0.1554 0.1801 0.1427 0.1909 0.1767 0.1543 
         336  1 0.1149 0.1323 0.1793 0.1746 0.2333 0.1656 
         337  1 0.3187 0.1527 0.1188 0.1111 0.1537 0.1451 
         338  1 0.0793 0.0919 0.2503 0.3110 0.1504 0.1172 
         339  1 0.0773 0.2184 0.2053 0.2751 0.0826 0.1414 
         340  1 0.3235 0.0880 0.1524 0.1472 0.1130 0.1760 
         341  1 0.0982 0.3709 0.0970 0.0883 0.1661 0.1795 
         342  1 0.0944 0.0826 0.2584 0.3884 0.0724 0.1038 
         343  1 0.0969 0.0642 0.2106 0.3362 0.2027 0.0895 
         344  1 0.3806 0.0740 0.1312 0.1773 0.1239 0.1130 
         345  1 0.1236 0.1016 0.1585 0.1976 0.2893 0.1295 
         346  1 0.1543 0.1704 0.2017 0.1756 0.1107 0.1874 
         347  1 0.0714 0.1261 0.3123 0.2305 0.0776 0.1821 
         348  1 0.1983 0.2237 0.1305 0.1622 0.1219 0.1635 
         349  1 0.1608 0.1067 0.1031 0.0990 0.4090 0.1215 
         350  1 0.1835 0.1890 0.1467 0.1597 0.1199 0.2013 
         351  1 0.2460 0.1862 0.1219 0.1124 0.1559 0.1776 
         352  1 0.2385 0.1734 0.1218 0.1573 0.1913 0.1177 
         353  1 0.0717 0.2465 0.2090 0.1397 0.1970 0.1361 
         354  1 0.0890 0.0863 0.2688 0.3067 0.1307 0.1186 
         355  1 0.1964 0.1254 0.1268 0.1613 0.2210 0.1692 
         356  1 0.1492 0.2015 0.1638 0.2366 0.1228 0.1262 
         357  1 0.1380 0.1756 0.1427 0.1639 0.1642 0.2154 
         358  1 0.1265 0.1513 0.1326 0.1275 0.3335 0.1284 
         359  1 0.1231 0.3247 0.1577 0.1541 0.1010 0.1394 
         360  1 0.2720 0.2213 0.1002 0.1047 0.1151 0.1866 
         361  1 0.0901 0.2709 0.1648 0.2419 0.1107 0.1216 
         362  1 0.2489 0.1353 0.1520 0.1423 0.1656 0.1558 
         363  1 0.3628 0.0801 0.1388 0.1365 0.1209 0.1610 
         364  1 0.2457 0.1035 0.1588 0.1575 0.2018 0.1327 
         365  1 0.2255 0.1936 0.1518 0.1482 0.1271 0.1538 
         366  1 0.1650 0.2799 0.1232 0.1378 0.1560 0.1381 
         367  1 0.1702 0.2029 0.1400 0.1286 0.1801 0.1781 
         368  1 0.0745 0.1424 0.3847 0.2298 0.0534 0.1151 
         369  1 0.0783 0.2114 0.1785 0.1389 0.2243 0.1685 
         370  1 0.0741 0.2342 0.1868 0.1358 0.2242 0.1449 
         371  1 0.0861 0.2398 0.1208 0.1405 0.3061 0.1067 
         372  1 0.1130 0.3950 0.1143 0.1075 0.1224 0.1478 
         373  1 0.1627 0.2374 0.1232 0.1261 0.1830 0.1677 
         374  1 0.1726 0.1389 0.1739 0.1351 0.2158 0.1636 
         375  1 0.1508 0.1035 0.1755 0.2418 0.1644 0.1640 
         376  1 0.2195 0.1146 0.1876 0.1498 0.1600 0.1686 
         377  1 0.1021 0.2006 0.1801 0.1346 0.0649 0.3177 
         378  1 0.1396 0.1317 0.1214 0.1064 0.1312 0.3697 
         379  1 0.1041 0.5728 0.0670 0.0729 0.0843 0.0989 
         380  1 0.0684 0.2291 0.1703 0.1456 0.0857 0.3009 
         381  1 0.1423 0.1629 0.1778 0.1647 0.1945 0.1578 
         382  1 0.1283 0.1779 0.1496 0.1735 0.2032 0.1676 
         383  1 0.0856 0.1827 0.1797 0.1902 0.2364 0.1254 
         384  1 0.3008 0.3432 0.0777 0.0994 0.0550 0.1238 
         385  1 0.1957 0.0648 0.1882 0.2467 0.1163 0.1883 
         386  1 0.0560 0.6452 0.0735 0.0719 0.0588 0.0946 
         387  1 0.1112 0.1264 0.3037 0.2053 0.0775 0.1759 
         388  1 0.1550 0.4430 0.0899 0.1017 0.0711 0.1394 
         389  1 0.1525 0.1074 0.1061 0.1119 0.4089 0.1132 
         390  1 0.0757 0.1051 0.2784 0.2996 0.0908 0.1503 
         391  1 0.1120 0.3506 0.1675 0.1557 0.0646 0.1496 
         392  1 0.0865 0.1562 0.1625 0.2041 0.2615 0.1291 
         393  1 0.2926 0.3612 0.0877 0.0880 0.0552 0.1153 
         394  1 0.0768 0.0484 0.2422 0.3468 0.1485 0.1373 
         395  1 0.2210 0.1257 0.1460 0.1500 0.2226 0.1347 
         396  1 0.3000 0.0911 0.1449 0.1641 0.1227 0.1772 
         397  1 0.3140 0.0652 0.1224 0.1317 0.2611 0.1057 
         398  1 0.1203 0.1596 0.2149 0.2654 0.0720 0.1678 
         399  1 0.1651 0.2580 0.1507 0.1600 0.0970 0.1692 
         400  1 0.0917 0.3165 0.0953 0.0891 0.2840 0.1234 
         401  1 0.1850 0.1658 0.2237 0.1667 0.0673 0.1915 
         402  1 0.1940 0.1391 0.1510 0.1494 0.1571 0.2094 
         403  1 0.2008 0.0591 0.1324 0.1719 0.2925 0.1434 
         404  1 0.0886 0.0902 0.2265 0.3324 0.1281 0.1341 
         405  1 0.2666 0.0902 0.1728 0.1844 0.1109 0.1750 
         406  1 0.0878 0.1401 0.1464 0.2174 0.1612 0.2470 
         407  1 0.1919 0.4497 0.0771 0.0662 0.1003 0.1148 
         408  1 0.1785 0.1054 0.2026 0.1647 0.1067 0.2422 
         409  1 0.1888 0.1431 0.1848 0.1895 0.1046 0.1892 
         410  1 0.1431 0.1237 0.1772 0.2228 0.1558 0.1774 
         411  1 0.2097 0.0570 0.1990 0.1876 0.2135 0.1332 
         412  1 0.1682 0.1440 0.1986 0.1835 0.0500 0.2556 
         413  1 0.1594 0.0552 0.1406 0.1292 0.3725 0.1431 
         414  1 0.1549 0.2035 0.1236 0.1216 0.0927 0.3037 
         415  1 0.0562 0.1641 0.3263 0.2137 0.0538 0.1858 
         416  1 0.5493 0.0700 0.0928 0.0793 0.0933 0.1153 
         417  1 0.0870 0.1320 0.2226 0.3066 0.0741 0.1779 
         418  1 0.1442 0.1280 0.2270 0.1693 0.1301 0.2014 
         419  1 0.0782 0.1066 0.2715 0.2308 0.1411 0.1717 
         420  1 0.3727 0.0728 0.1168 0.1113 0.1627 0.1638 
         421  1 0.1114 0.0737 0.2948 0.2555 0.1091 0.1554 
         422  1 0.1151 0.1024 0.1843 0.2085 0.1602 0.2296 
         423  1 0.2358 0.1330 0.0997 0.0943 0.1813 0.2559 
         424  1 0.3459 0.0696 0.1551 0.1387 0.1565 0.1342 
         425  1 0.0867 0.1240 0.2949 0.1744 0.1717 0.1484 
         426  1 0.0755 0.2201 0.2299 0.1872 0.0925 0.1948 
         427  1 0.0812 0.1529 0.2373 0.2947 0.0601 0.1738 
         428  1 0.1546 0.1618 0.1673 0.2334 0.1198 0.1632 
         429  1 0.0754 0.2951 0.0854 0.0971 0.3563 0.0908 
         430  1 0.1070 0.1230 0.1718 0.1714 0.1210 0.3058 
         431  1 0.2284 0.0723 0.1427 0.1786 0.1665 0.2114 
         432  1 0.2106 0.2620 0.1050 0.0884 0.1535 0.1804 
         433  1 0.1927 0.2769 0.1056 0.0985 0.0880 0.2383 
         434  1 0.2554 0.1016 0.1632 0.2172 0.1041 0.1585 
         435  1 0.2150 0.1168 0.2232 0.2019 0.1124 0.1307 
         436  1 0.0924 0.1104 0.1252 0.0998 0.2472 0.3250 
         437  1 0.2325 0.2492 0.1362 0.1330 0.0860 0.1632 
         438  1 0.1052 0.4487 0.1054 0.1099 0.0578 0.1731 
         439  1 0.0832 0.0984 0.3043 0.2090 0.1413 0.1639 
         440  1 0.1039 0.0811 0.0991 0.0972 0.5169 0.1017 
         441  1 0.1155 0.1743 0.2614 0.1837 0.1174 0.1477 
         442  1 0.2202 0.0729 0.1818 0.2113 0.1454 0.1684 
         443  1 0.1983 0.1866 0.1145 0.1100 0.2459 0.1446 
         444  1 0.1332 0.3240 0.1304 0.1558 0.1109 0.1457 
         445  1 0.0612 0.1278 0.1804 0.2050 0.2529 0.1727 
         446  1 0.1089 0.0983 0.2242 0.2896 0.1176 0.1614 
         447  1 0.3461 0.1108 0.1509 0.1757 0.0811 0.1354 
         448  1 0.1703 0.1820 0.2003 0.1966 0.0959 0.1549 
         449  1 0.2013 0.1573 0.0870 0.0744 0.3726 0.1075 
         450  1 0.1570 0.0783 0.1167 0.1234 0.3717 0.1530 
         451  1 0.0972 0.2082 0.1286 0.1179 0.3188 0.1293 
         452  1 0.0951 0.1066 0.1522 0.2022 0.3408 0.1031 
         453  1 0.2202 0.1675 0.1378 0.1421 0.1714 0.1609 
         454  1 0.2420 0.0623 0.1038 0.1007 0.3438 0.1474 
         455  1 0.0827 0.1189 0.2242 0.2469 0.0772 0.2502 
         456  1 0.0765 0.1226 0.2406 0.3300 0.0939 0.1364 
         457  1 0.0897 0.2237 0.1622 0.1264 0.1070 0.2909 
         458  1 0.0521 0.1506 0.0832 0.0749 0.5537 0.0855 
         459  1 0.0837 0.2244 0.2561 0.1790 0.0937 0.1631 
         460  1 0.1944 0.1328 0.1637 0.2638 0.1087 0.1366 
         461  1 0.6368 0.0552 0.0730 0.0767 0.0803 0.0781 
         462  1 0.1130 0.0557 0.2479 0.2928 0.0898 0.2008 
         463  1 0.0861 0.3090 0.1008 0.1110 0.1433 0.2497 
         464  1 0.0985 0.2227 0.1870 0.1952 0.1170 0.1796 
         465  1 0.0783 0.0944 0.2948 0.2610 0.1316 0.1399 
         466  1 0.1276 0.3044 0.1147 0.1050 0.0840 0.2643 
         467  1 0.0958 0.1191 0.0919 0.0805 0.4481 0.1646 
         468  1 0.1526 0.2110 0.1400 0.1208 0.2262 0.1494 
         469  1 0.1012 0.1622 0.3126 0.1842 0.1108 0.1288 
         470  1 0.1452 0.3039 0.1485 0.1335 0.0818 0.1871 
         471  1 0.0705 0.0670 0.0711 0.0782 0.6453 0.0680 
         472  1 0.2136 0.4025 0.0953 0.1006 0.0664 0.1216 
         473  1 0.1894 0.1295 0.0749 0.0864 0.0971 0.4227 
         474  1 0.2715 0.0860 0.2127 0.1761 0.1329 0.1209 
         475  1 0.0937 0.1349 0.2472 0.2061 0.1124 0.2057 
         476  1 0.0702 0.1809 0.1921 0.2374 0.1732 0.1461 
         477  1 0.1377 0.0899 0.1818 0.1665 0.1939 0.2303 
         478  1 0.4288 0.0915 0.1457 0.1150 0.0761 0.1430 
         479  1 0.0991 0.0923 0.2172 0.1965 0.2153 0.1795 
         480  1 0.3798 0.1515 0.1171 0.0955 0.0889 0.1673 
         481  1 0.0956 0.1093 0.2417 0.1827 0.1734 0.1972 
         482  1 0.1494 0.3339 0.1516 0.1214 0.0868 0.1569 
         483  1 0.0813 0.1564 0.1875 0.2529 0.2004 0.1214 
         484  1 0.1327 0.0532 0.2095 0.3255 0.0603 0.2187 
         485  1 0.0809 0.0704 0.2304 0.3685 0.1034 0.1463 
         486  1 0.2039 0.1213 0.1932 0.1520 0.1754 0.1540 
         487  1 0.1408 0.2367 0.1486 0.1757 0.1280 0.1702 
         488  1 0.0754 0.1991 0.1710 0.2216 0.1132 0.2197 
         489  1 0.2461 0.1236 0.1537 0.1901 0.1261 0.1604 
         490  1 0.1555 0.2729 0.1313 0.1233 0.1061 0.2110 
         491  1 0.1564 0.4460 0.0951 0.0871 0.0826 0.1327 
         492  1 0.0850 0.1279 0.2192 0.1733 0.2136 0.1810 
         493  1 0.1142 0.1390 0.1802 0.1723 0.0957 0.2987 
         494  1 0.0803 0.2500 0.2000 0.2129 0.0909 0.1660 
         495  1 0.0839 0.0594 0.0561 0.0501 0.6779 0.0726 
         496  1 0.2166 0.0618 0.2700 0.2305 0.1083 0.1128 
         497  1 0.3082 0.0946 0.1819 0.1333 0.1248 0.1572 
         498  1 0.4222 0.0920 0.1068 0.1027 0.1542 0.1221 
         499  1 0.1998 0.3681 0.0970 0.1055 0.0796 0.1500 
         500  1 0.0870 0.2387 0.1524 0.1093 0.2683 0.1442 
         501  1 0.2085 0.1062 0.1765 0.1701 0.1728 0.1659 
         502  1 0.1237 0.1253 0.1725 0.1813 0.1921 0.2052 
         503  1 0.3313 0.1196 0.1785 0.1322 0.0971 0.1413 
         504  1 0.2266 0.0665 0.2898 0.1914 0.0810 0.1447 
         505  1 0.0854 0.2647 0.1488 0.1315 0.2062 0.1634 
         506  1 0.1138 0.1022 0.2390 0.1862 0.1608 0.1980 
         507  1 0.1643 0.2100 0.1364 0.1888 0.1844 0.1161 
         508  1 0.4591 0.0514 0.1260 0.1601 0.1050 0.0984 
         509  1 0.0704 0.1016 0.2175 0.2058 0.2600 0.1447 
         510  1 0.3638 0.0651 0.1107 0.1571 0.1293 0.1740 
         511  1 0.1531 0.3161 0.1445 0.1220 0.1053 0.1590 
         512  1 0.5802 0.0599 0.1088 0.0852 0.0634 0.1024 
         513  1 0.1940 0.0645 0.1017 0.1161 0.3099 0.2138 
         514  1 0.3279 0.1105 0.1244 0.1737 0.1072 0.1563 
         515  1 0.1284 0.5946 0.0649 0.0611 0.0684 0.0825 
         516  1 0.0818 0.1347 0.1552 0.2042 0.2884 0.1358 
         517  1 0.0632 0.0965 0.2051 0.1898 0.2869 0.1586 
         518  1 0.3447 0.0672 0.1703 0.1994 0.0720 0.1464 
         519  1 0.1323 0.0936 0.2417 0.1655 0.1289 0.2380 
         520  1 0.1185 0.1926 0.2002 0.1346 0.1979 0.1561 
         521  1 0.1825 0.1374 0.1490 0.1725 0.0956 0.2630 
         522  1 0.1128 0.0768 0.3404 0.2049 0.1149 0.1501 
         523  1 0.1489 0.1975 0.1536 0.1241 0.1588 0.2172 
         524  1 0.0489 0.0701 0.0925 0.0936 0.6011 0.0937 
         525  1 0.1240 0.2232 0.1974 0.1626 0.1070 0.1858 
         526  1 0.3528 0.1703 0.1046 0.1185 0.1433 0.1104 
         527  1 0.2337 0.1358 0.1501 0.1486 0.1390 0.1927 
         528  1 0.0943 0.4068 0.1210 0.1523 0.0610 0.1645 
         529  1 0.1632 0.1345 0.1432 0.1309 0.1784 0.2498 
         530  1 0.1305 0.2288 0.1310 0.1709 0.0971 0.2417 
         531  1 0.0731 0.2137 0.1887 0.2671 0.1175 0.1398 
         532  1 0.0703 0.0420 0.0642 0.0607 0.6799 0.0829 
         533  1 0.6023 0.0788 0.0872 0.0711 0.0744 0.0862 
         534  1 0.1012 0.2151 0.2060 0.2149 0.0895 0.1732 
         535  1 0.1841 0.2365 0.1135 0.0894 0.2242 0.1524 
         536  1 0.2286 0.0964 0.1977 0.1352 0.1882 0.1539 
         537  1 0.1542 0.2399 0.1691 0.1771 0.0847 0.1751 
         538  1 0.1045 0.1225 0.1893 0.2101 0.1990 0.1746 
         539  1 0.2432 0.1953 0.1054 0.1243 0.1601 0.1718 
         540  1 0.1170 0.2436 0.1425 0.1716 0.2121 0.1132 
         541  1 0.0836 0.1670 0.1616 0.2001 0.1486 0.2390 
         542  1 0.0831 0.3716 0.1825 0.1424 0.0993 0.1212 
         543  1 0.0540 0.4384 0.1535 0.1209 0.0694 0.1639 
         544  1 0.0799 0.3850 0.1442 0.1305 0.0988 0.1615 
         545  1 0.1959 0.2265 0.1455 0.1675 0.1172 0.1473 
         546  1 0.1315 0.4198 0.1087 0.1115 0.1129 0.1156 
         547  1 0.1052 0.1167 0.1377 0.1747 0.2509 0.2148 
         548  1 0.1692 0.1499 0.1856 0.2007 0.1291 0.1655 
         549  1 0.1471 0.1169 0.2001 0.2120 0.1490 0.1749 
         550  1 0.2635 0.1344 0.1569 0.1874 0.0885 0.1692 
         551  1 0.1155 0.3708 0.1519 0.1241 0.1134 0.1243 
         552  1 0.3582 0.1380 0.1042 0.1316 0.1232 0.1447 
         553  1 0.1555 0.0873 0.2179 0.1907 0.1859 0.1627 
         554  1 0.1209 0.4969 0.1065 0.0853 0.0556 0.1347 
         555  1 0.1129 0.0906 0.2235 0.2815 0.1392 0.1523 
         556  1 0.3672 0.0669 0.1597 0.1351 0.1465 0.1246 
         557  1 0.1231 0.1418 0.1579 0.1674 0.1175 0.2923 
         558  1 0.0639 0.3040 0.1573 0.1663 0.1949 0.1135 
         559  1 0.1404 0.1224 0.2126 0.2661 0.1021 0.1565 
         560  1 0.1032 0.3343 0.1745 0.1617 0.0673 0.1590 
         561  1 0.0990 0.0940 0.2498 0.2313 0.1835 0.1423 
         562  1 0.1748 0.3387 0.1167 0.1061 0.1258 0.1378 
         563  1 0.0955 0.1309 0.2104 0.1608 0.1439 0.2586 
         564  1 0.2051 0.1235 0.1715 0.2204 0.1092 0.1703 
         565  1 0.1392 0.1543 0.1864 0.1782 0.1402 0.2017 
         566  1 0.1475 0.0973 0.2055 0.3313 0.1022 0.1161 
         567  1 0.0740 0.1416 0.2024 0.1818 0.2437 0.1565 
         568  1 0.2375 0.2012 0.1020 0.0936 0.0869 0.2788 
         569  1 0.2036 0.0804 0.1355 0.1411 0.3111 0.1283 
         570  1 0.1865 0.1869 0.0798 0.0797 0.3208 0.1462 
         571  1 0.1410 0.1255 0.2633 0.1996 0.1245 0.1460 
         572  1 0.5286 0.0927 0.0975 0.0880 0.0822 0.1109 
         573  1 0.0827 0.1898 0.1955 0.2391 0.1467 0.1461 
         574  1 0.1192 0.0874 0.1867 0.1937 0.2277 0.1853 
         575  1 0.0858 0.1832 0.1407 0.1759 0.3138 0.1006 
         576  1 0.0991 0.1361 0.2291 0.2608 0.0736 0.2014 
         577  1 0.2677 0.1063 0.1743 0.1591 0.1652 0.1274 
         578  1 0.0749 0.1582 0.1004 0.0982 0.3903 0.1779 
         579  1 0.1528 0.1558 0.1743 0.1775 0.2056 0.1341 
         580  1 0.2059 0.0696 0.1906 0.2360 0.0941 0.2039 
         581  1 0.0942 0.3111 0.0717 0.0655 0.2915 0.1659 
         582  1 0.1430 0.0880 0.0924 0.1137 0.2628 0.3001 
         583  1 0.0971 0.2492 0.1733 0.1831 0.1039 0.1933 
         584  1 0.1099 0.1488 0.2235 0.1783 0.0872 0.2523 
         585  1 0.1556 0.0965 0.1628 0.2121 0.2328 0.1403 
         586  1 0.0715 0.1773 0.2256 0.2174 0.1705 0.1377 
         587  1 0.1782 0.0672 0.2234 0.1569 0.2400 0.1343 
         588  1 0.1132 0.0818 0.2137 0.2418 0.2260 0.1236 
         589  1 0.1249 0.2034 0.1706 0.1605 0.1342 0.2065 
         590  1 0.1476 0.1243 0.1509 0.1548 0.2597 0.1627 
         591  1 0.0826 0.1340 0.2612 0.1873 0.1325 0.2025 
         592  1 0.2533 0.0760 0.1638 0.1440 0.2055 0.1574 
         593  1 0.0936 0.2084 0.1209 0.1270 0.2226 0.2275 
         594  1 0.1430 0.2918 0.1665 0.1327 0.0835 0.1825 
         595  1 0.1919 0.2156 0.1545 0.1265 0.1296 0.1819 
         596  1 0.2381 0.1353 0.1024 0.0845 0.1604 0.2793 
         597  1 0.1720 0.1883 0.1460 0.1691 0.1291 0.1955 
         598  1 0.1133 0.3300 0.1369 0.1739 0.1380 0.1080 
         599  1 0.0675 0.2971 0.1302 0.1130 0.2552 0.1370 
         600  1 0.1659 0.1538 0.1577 0.1409 0.1772 0.2045 
         601  1 0.1326 0.0755 0.2899 0.2369 0.1084 0.1567 
         602  1 0.2269 0.0856 0.1341 0.1179 0.2724 0.1633 
         603  1 0.2087 0.1348 0.1770 0.1720 0.0830 0.2245 
         604  1 0.2121 0.1901 0.1165 0.0946 0.1000 0.2868 
         605  1 0.3986 0.0590 0.1335 0.1793 0.0840 0.1456 
         606  1 0.0795 0.3394 0.1297 0.1695 0.1061 0.1758 
         607  1 0.0960 0.0671 0.3190 0.3268 0.0777 0.1134 
         608  1 0.2192 0.1491 0.0878 0.0996 0.1291 0.3153 
         609  1 0.1261 0.1886 0.2115 0.2216 0.0808 0.1715 
         610  1 0.0639 0.0974 0.1727 0.2466 0.3041 0.1153 
         611  1 0.0759 0.1032 0.1669 0.2502 0.1852 0.2185 
         612  1 0.1273 0.1547 0.1635 0.1723 0.2461 0.1362 
         613  1 0.1616 0.1034 0.1985 0.1804 0.1757 0.1805 
         614  1 0.1542 0.1977 0.1953 0.1724 0.1111 0.1694 
         615  1 0.3948 0.0538 0.1292 0.1535 0.0913 0.1775 
         616  1 0.1023 0.0713 0.2786 0.2824 0.1190 0.1464 
         617  1 0.1577 0.1429 0.1446 0.1103 0.1756 0.2689 
         618  1 0.1484 0.0634 0.1338 0.1913 0.3259 0.1373 
         619  1 0.0698 0.1418 0.1394 0.1702 0.2060 0.2726 
         620  1 0.0813 0.3083 0.1689 0.2601 0.0601 0.1213 
         621  1 0.1711 0.1915 0.1355 0.1332 0.1551 0.2137 
         622  1 0.1185 0.0626 0.2947 0.3233 0.0727 0.1282 
         623  1 0.1345 0.1106 0.2049 0.2537 0.1302 0.1661 
         624  1 0.1460 0.0621 0.2101 0.1670 0.2823 0.1326 
         625  1 0.1291 0.2062 0.1916 0.2776 0.0797 0.1159 
         626  1 0.1127 0.0671 0.1626 0.1672 0.3748 0.1155 
         627  1 0.2834 0.2121 0.1477 0.1297 0.0715 0.1557 
         628  1 0.2830 0.0946 0.2295 0.1617 0.0869 0.1442 
         629  1 0.1328 0.1131 0.2057 0.1955 0.1966 0.1563 
         630  1 0.2601 0.1607 0.1622 0.1558 0.1081 0.1531 
         631  1 0.2180 0.2617 0.1124 0.1037 0.1234 0.1808 
         632  1 0.0943 0.4110 0.1384 0.1314 0.0858 0.1391 
         633  1 0.1737 0.1406 0.1962 0.2164 0.1085 0.1646 
         634  1 0.1337 0.0679 0.1183 0.1135 0.3959 0.1708 
         635  1 0.2750 0.0865 0.1897 0.2538 0.0856 0.1093 
         636  1 0.1727 0.1522 0.1905 0.1910 0.1643 0.1293 
         637  1 0.2798 0.1816 0.1083 0.1041 0.1495 0.1767 
         638  1 0.1788 0.0691 0.0915 0.1078 0.4404 0.1124 
         639  1 0.1626 0.0971 0.2919 0.1716 0.0882 0.1887 
         640  1 0.1659 0.1391 0.1856 0.2086 0.1454 0.1553 
         641  1 0.1026 0.0983 0.3507 0.2273 0.0926 0.1284 
         642  1 0.1017 0.0966 0.1306 0.1206 0.3964 0.1543 
         643  1 0.4092 0.1024 0.1457 0.1198 0.0861 0.1369 
         644  1 0.0789 0.0472 0.1586 0.2251 0.3668 0.1234 
         645  1 0.1369 0.2696 0.1715 0.1249 0.1319 0.1651 
         646  1 0.1614 0.1294 0.1368 0.1469 0.2966 0.1289 
         647  1 0.3426 0.1955 0.1396 0.1282 0.0846 0.1095 
         648  1 0.0798 0.0694 0.4067 0.2494 0.0525 0.1422 
         649  1 0.0636 0.2138 0.1861 0.1976 0.2201 0.1188 
         650  1 0.0737 0.1404 0.1924 0.2379 0.1992 0.1563 
         651  1 0.0446 0.0532 0.0484 0.0478 0.0335 0.7724 
         652  1 0.0816 0.5526 0.0953 0.0965 0.0628 0.1111 
         653  1 0.0860 0.5037 0.0778 0.0723 0.1402 0.1199 
         654  1 0.1643 0.1463 0.2559 0.1814 0.0929 0.1591 
         655  1 0.1698 0.0840 0.1988 0.3243 0.0637 0.1593 
         656  1 0.6399 0.0459 0.0784 0.1031 0.0592 0.0734 
         657  1 0.1653 0.1194 0.1855 0.1406 0.1716 0.2177 
         658  1 0.0804 0.2869 0.1626 0.2210 0.0897 0.1594 
         659  1 0.1746 0.2296 0.1506 0.1741 0.1094 0.1616 
         660  1 0.2233 0.1887 0.0855 0.0731 0.2402 0.1893 
         661  1 0.1373 0.0555 0.1064 0.0852 0.4035 0.2122 
         662  1 0.1086 0.0663 0.1482 0.1584 0.3635 0.1551 
         663  1 0.1760 0.1027 0.2091 0.2121 0.0993 0.2008 
         664  1 0.1470 0.1818 0.1808 0.2225 0.1161 0.1518 
         665  1 0.1775 0.2852 0.1309 0.1273 0.0861 0.1931 
         666  1 0.1127 0.1776 0.2054 0.1728 0.0659 0.2656 
         667  1 0.0643 0.1894 0.1771 0.2020 0.2101 0.1570 
         668  1 0.1225 0.0819 0.2047 0.2445 0.0790 0.2674 
         669  1 0.0979 0.1998 0.1613 0.1665 0.1233 0.2511 
         670  1 0.2154 0.1750 0.1384 0.1096 0.2372 0.1244 
         671  1 0.5828 0.0717 0.0743 0.0753 0.1143 0.0816 
         672  1 0.0915 0.4938 0.1091 0.0972 0.0921 0.1162 
         673  1 0.2888 0.1087 0.0892 0.0895 0.2671 0.1566 
         674  1 0.2872 0.1125 0.1368 0.1153 0.1480 0.2003 
         675  1 0.4803 0.0900 0.1060 0.0950 0.0618 0.1668 
         676  1 0.0862 0.0549 0.2414 0.1930 0.2778 0.1468 
         677  1 0.0818 0.1013 0.1766 0.2001 0.3108 0.1293 
