  1:   0.0840  0.4930  0.4230  1
  2:   0.0210  0.5480  0.4310  1
  3:   0.0300  0.4440  0.5260  1
  4:   0.0140  0.4680  0.5180  1
  5:   0.0310  0.4655  0.5035  1
  6:   0.5020  0.2160  0.2820  1
  7:   0.0519  0.5115  0.4366  1
  8:   0.0170  0.5220  0.4610  1
  9:   0.4750  0.2910  0.2340  1
 10:   0.0340  0.4665  0.4995  1
 11:   0.4110  0.3260  0.2630  1
 12:   0.0530  0.5490  0.3980  1
 13:   0.5610  0.2030  0.2360  1
 14:   0.1300  0.4380  0.4320  1
 15:   0.0440  0.5510  0.4050  1
 16:   0.0630  0.5380  0.3990  1
 17:   0.0200  0.5430  0.4370  1
 18:   0.3946  0.2727  0.3327  1
 19:   0.0350  0.5586  0.4064  1
 20:   0.0510  0.5580  0.3910  1
 21:   0.1090  0.4300  0.4610  1
 22:   0.0320  0.5870  0.3810  1
 23:   0.0240  0.4770  0.4990  1
 24:   0.0980  0.4230  0.4790  1
 25:   0.0280  0.4690  0.5030  1
 26:   0.2230  0.4250  0.3520  1
 27:   0.0390  0.5600  0.4010  1
 28:   0.0589  0.4296  0.5115  1
 29:   0.0540  0.4400  0.5060  1
 30:   0.2530  0.3690  0.3780  1
 31:   0.0780  0.3770  0.5450  1
 32:   0.0400  0.4540  0.5060  1
 33:   0.0430  0.4130  0.5440  1
 34:   0.0559  0.4555  0.4885  1
 35:   0.0310  0.4160  0.5530  1
 36:   0.5055  0.2168  0.2777  1
 37:   0.0200  0.5870  0.3930  1
 38:   0.1030  0.4630  0.4340  1
 39:   0.1010  0.5160  0.3830  1
 40:   0.0360  0.3720  0.5920  1
 41:   0.6390  0.1710  0.1900  1
 42:   0.1310  0.3980  0.4710  1
 43:   0.0300  0.5415  0.4284  1
 44:   0.0390  0.4210  0.5400  1
 45:   0.0400  0.5460  0.4140  1
 46:   0.0430  0.4410  0.5160  1
 47:   0.0910  0.4310  0.4780  1
 48:   0.0470  0.5200  0.4330  1
 49:   0.0760  0.4650  0.4590  1
 50:   0.0560  0.5200  0.4240  1
 51:   0.1120  0.5090  0.3790  1
 52:   0.0260  0.5616  0.4124  1
 53:   0.0660  0.4940  0.4400  1
 54:   0.4170  0.3340  0.2490  1
 55:   0.0420  0.4194  0.5385  1
 56:   0.0610  0.5600  0.3790  1
 57:   0.0650  0.4220  0.5130  1
 58:   0.0290  0.4625  0.5085  1
 59:   0.1251  0.4124  0.4625  1
 60:   0.0180  0.3950  0.5870  1
 61:   0.2300  0.3500  0.4200  1
 62:   0.0410  0.5210  0.4380  1
 63:   0.0240  0.4940  0.4820  1
 64:   0.0340  0.5470  0.4190  1
 65:   0.1450  0.3530  0.5020  1
 66:   0.0380  0.4270  0.5350  1
 67:   0.8390  0.0800  0.0810  1
 68:   0.0560  0.4080  0.5360  1
 69:   0.0220  0.4060  0.5720  1
 70:   0.0340  0.4190  0.5470  1
 71:   0.0609  0.5594  0.3796  1
 72:   0.2873  0.4164  0.2963  1
 73:   0.0581  0.5435  0.3984  1
 74:   0.0240  0.5290  0.4470  1
 75:   0.1772  0.4815  0.3413  1
 76:   0.0350  0.4870  0.4780  1
 77:   0.0160  0.4820  0.5020  1
 78:   0.0300  0.5580  0.4120  1
 79:   0.0180  0.5694  0.4126  1
 80:   0.0250  0.5530  0.4220  1
 81:   0.1111  0.5015  0.3874  1
 82:   0.0570  0.5500  0.3930  1
 83:   0.0861  0.4735  0.4404  1
 84:   0.0460  0.5020  0.4520  1
 85:   0.0280  0.5490  0.4230  1
 86:   0.0490  0.5370  0.4140  1
 87:   0.1160  0.5020  0.3820  1
 88:   0.0300  0.5560  0.4140  1
 89:   0.0370  0.5720  0.3910  1
 90:   0.0460  0.4060  0.5480  1
 91:   0.0320  0.4975  0.4705  1
 92:   0.0350  0.3990  0.5660  1
 93:   0.0850  0.5390  0.3760  1
 94:   0.0250  0.5580  0.4170  1
 95:   0.0320  0.5690  0.3990  1
 96:   0.5210  0.2320  0.2470  1
 97:   0.0210  0.4630  0.5160  1
 98:   0.0500  0.4176  0.5325  1
 99:   0.0430  0.4040  0.5530  1
100:   0.0460  0.4520  0.5020  1
101:   0.0190  0.5600  0.4210  1
102:   0.0160  0.5570  0.4270  1
103:   0.0190  0.5816  0.3994  1
104:   0.0250  0.5560  0.4190  1
105:   0.3070  0.3190  0.3740  1
106:   0.0170  0.4940  0.4890  1
107:   0.2653  0.3413  0.3934  1
108:   0.0350  0.4446  0.5205  1
109:   0.0180  0.4950  0.4870  1
110:   0.0160  0.5680  0.4160  1
111:   0.0470  0.5450  0.4080  1
112:   0.0390  0.4770  0.4840  1
113:   0.0210  0.5910  0.3880  1
114:   0.2220  0.4580  0.3200  1
115:   0.0530  0.4530  0.4940  1
116:   0.0480  0.4160  0.5360  1
117:   0.0500  0.4530  0.4970  1
118:   0.0200  0.4980  0.4820  1
119:   0.2500  0.3880  0.3620  1
120:   0.0670  0.5500  0.3830  1
121:   0.0300  0.5310  0.4390  1
122:   0.1060  0.4810  0.4130  1
123:   0.2940  0.3740  0.3320  1
124:   0.0490  0.5165  0.4344  1
125:   0.0220  0.5540  0.4240  1
126:   0.1942  0.4645  0.3413  1
127:   0.0610  0.4890  0.4500  1
128:   0.0480  0.4010  0.5510  1
129:   0.1170  0.4640  0.4190  1
130:   0.8709  0.0631  0.0661  1
131:   0.0300  0.5420  0.4280  1
132:   0.0390  0.4880  0.4730  1
133:   0.1060  0.3820  0.5120  1
134:   0.0350  0.4780  0.4870  1
135:   0.0260  0.5730  0.4010  1
136:   0.0540  0.3760  0.5700  1
137:   0.0730  0.3740  0.5530  1
138:   0.1389  0.3726  0.4885  1
139:   0.0370  0.3834  0.5796  1
140:   0.3197  0.2857  0.3946  1
141:   0.9110  0.0460  0.0430  1
142:   0.0509  0.4486  0.5005  1
143:   0.7730  0.1180  0.1090  1
144:   0.0320  0.4800  0.4880  1
145:   0.0540  0.5150  0.4310  1
146:   0.0680  0.4070  0.5250  1
147:   0.2000  0.3330  0.4670  1
148:   0.0360  0.5100  0.4540  1
149:   0.1050  0.4910  0.4040  1
150:   0.0180  0.5180  0.4640  1
151:   0.0390  0.3796  0.5814  1
152:   0.0600  0.3950  0.5450  1
153:   0.2200  0.3320  0.4480  1
154:   0.0190  0.3854  0.5956  1
155:   0.0390  0.4710  0.4900  1
156:   0.1030  0.4320  0.4650  1
157:   0.0410  0.4920  0.4670  1
158:   0.0480  0.4210  0.5310  1
159:   0.0220  0.4220  0.5560  1
160:   0.0619  0.3886  0.5495  1
161:   0.0250  0.3930  0.5820  1
162:   0.0700  0.5090  0.4210  1
163:   0.0420  0.4070  0.5510  1
164:   0.0210  0.4555  0.5235  1
165:   0.0320  0.5620  0.4060  1
166:   0.1820  0.4430  0.3750  1
167:   0.0280  0.3994  0.5726  1
168:   0.0420  0.4660  0.4920  1
169:   0.1081  0.3924  0.4995  1
170:   0.2540  0.3290  0.4170  1
171:   0.0480  0.3980  0.5540  1
172:   0.2078  0.3407  0.4515  1
173:   0.0330  0.4340  0.5330  1
174:   0.0200  0.4555  0.5245  1
175:   0.1000  0.4200  0.4800  1
176:   0.1041  0.3714  0.5245  1
177:   0.9420  0.0290  0.0290  1
178:   0.8519  0.0811  0.0671  1
179:   0.8468  0.0721  0.0811  1
180:   0.0380  0.5700  0.3920  1
181:   0.9120  0.0430  0.0450  1
182:   0.9090  0.0470  0.0440  1
183:   0.7090  0.1350  0.1560  1
184:   0.7420  0.1310  0.1270  1
185:   0.8941  0.0509  0.0549  1
186:   0.8010  0.1140  0.0850  1
187:   0.4400  0.2500  0.3100  1
188:   0.5870  0.2320  0.1810  1
189:   0.9129  0.0400  0.0470  1
190:   0.1220  0.4120  0.4660  1
191:   0.6690  0.2010  0.1300  1
192:   0.9610  0.0190  0.0200  1
193:   0.9600  0.0190  0.0210  1
194:   0.9460  0.0280  0.0260  1
195:   0.9430  0.0270  0.0300  1
196:   0.9451  0.0270  0.0280  1
197:   0.9450  0.0260  0.0290  1
198:   0.5830  0.1790  0.2380  1
199:   0.9000  0.0550  0.0450  1
200:   0.7800  0.1070  0.1130  1
201:   0.5350  0.2390  0.2260  1
202:   0.8650  0.0580  0.0770  1
203:   0.7980  0.0890  0.1130  1
204:   0.9640  0.0180  0.0180  1
205:   0.8900  0.0530  0.0570  1
206:   0.8760  0.0560  0.0680  1
207:   0.8520  0.0820  0.0660  1
208:   0.9430  0.0270  0.0300  1
209:   0.7440  0.1320  0.1240  1
210:   0.9660  0.0170  0.0170  1
211:   0.7930  0.1060  0.1010  1
212:   0.8990  0.0520  0.0490  1
213:   0.9009  0.0521  0.0470  1
214:   0.9449  0.0280  0.0270  1
215:   0.9710  0.0140  0.0150  1
216:   0.9269  0.0370  0.0360  1
217:   0.9570  0.0210  0.0220  1
218:   0.9150  0.0390  0.0460  1
219:   0.9490  0.0270  0.0240  1
220:   0.8980  0.0540  0.0480  1
221:   0.3860  0.2820  0.3320  1
222:   0.9450  0.0240  0.0310  1
223:   0.9560  0.0210  0.0230  1
224:   0.1800  0.4530  0.3670  1
225:   0.6950  0.1620  0.1430  1
226:   0.9460  0.0260  0.0280  1
227:   0.7810  0.1180  0.1010  1
228:   0.8751  0.0659  0.0589  1
229:   0.9360  0.0330  0.0310  1
230:   0.8900  0.0550  0.0550  1
231:   0.9640  0.0190  0.0170  1
232:   0.9360  0.0280  0.0360  1
233:   0.8990  0.0550  0.0460  1
234:   0.0690  0.4120  0.5190  1
235:   0.7510  0.1290  0.1200  1
236:   0.8710  0.0750  0.0540  1
237:   0.9270  0.0380  0.0350  1
238:   0.9180  0.0390  0.0430  1
239:   0.7360  0.1190  0.1450  1
240:   0.8482  0.0839  0.0679  1
241:   0.1120  0.3750  0.5130  1
242:   0.8020  0.1000  0.0980  1
243:   0.8820  0.0670  0.0510  1
244:   0.4975  0.2152  0.2873  1
245:   0.9620  0.0180  0.0200  1
246:   0.8670  0.0690  0.0640  1
247:   0.8318  0.0791  0.0891  1
248:   0.8781  0.0619  0.0599  1
249:   0.6713  0.1858  0.1429  1
250:   0.4380  0.2540  0.3080  1
251:   0.9550  0.0200  0.0250  1
252:   0.9260  0.0380  0.0360  1
253:   0.9171  0.0380  0.0450  1
254:   0.7972  0.1169  0.0859  1
255:   0.9620  0.0190  0.0190  1
256:   0.9620  0.0180  0.0200  1
257:   0.9560  0.0230  0.0210  1
258:   0.8979  0.0521  0.0501  1
259:   0.8890  0.0500  0.0610  1

  1:   0.0930  0.4760  0.4310  1
  2:   0.0240  0.5710  0.4050  1
  3:   0.0300  0.4144  0.5556  1
  4:   0.0150  0.4750  0.5100  1
  5:   0.0320  0.4140  0.5540  1
  6:   0.5180  0.2050  0.2770  1
  7:   0.0520  0.5060  0.4420  1
  8:   0.0180  0.4690  0.5130  1
  9:   0.4750  0.3090  0.2160  1
 10:   0.0360  0.4070  0.5570  1
 11:   0.4180  0.3420  0.2400  1
 12:   0.0580  0.5490  0.3930  1
 13:   0.5600  0.2090  0.2310  1
 14:   0.1319  0.4356  0.4326  1
 15:   0.0470  0.5820  0.3710  1
 16:   0.0630  0.5870  0.3500  1
 17:   0.0210  0.5810  0.3980  1
 18:   0.3950  0.2660  0.3390  1
 19:   0.0360  0.5510  0.4130  1
 20:   0.0520  0.6170  0.3310  1
 21:   0.1050  0.4370  0.4580  1
 22:   0.0350  0.6547  0.3103  1
 23:   0.0260  0.4950  0.4790  1
 24:   0.0920  0.4260  0.4820  1
 25:   0.0280  0.4060  0.5660  1
 26:   0.2240  0.4170  0.3590  1
 27:   0.0400  0.5980  0.3620  1
 28:   0.0650  0.3850  0.5500  1
 29:   0.0569  0.4196  0.5235  1
 30:   0.2460  0.3960  0.3580  1
 31:   0.0931  0.3203  0.5866  1
 32:   0.0390  0.4685  0.4925  1
 33:   0.0470  0.3906  0.5624  1
 34:   0.0561  0.4515  0.4925  1
 35:   0.0330  0.3790  0.5880  1
 36:   0.5120  0.2100  0.2780  1
 37:   0.0210  0.6450  0.3340  1
 38:   0.1079  0.4775  0.4146  1
 39:   0.1030  0.5440  0.3530  1
 40:   0.0370  0.3300  0.6330  1
 41:   0.6394  0.1758  0.1848  1
 42:   0.1301  0.3694  0.5005  1
 43:   0.0310  0.5495  0.4194  1
 44:   0.0420  0.3850  0.5730  1
 45:   0.0430  0.5780  0.3790  1
 46:   0.0420  0.4330  0.5250  1
 47:   0.0899  0.4356  0.4745  1
 48:   0.0500  0.5610  0.3890  1
 49:   0.0839  0.4306  0.4855  1
 50:   0.0610  0.5770  0.3620  1
 51:   0.1120  0.5380  0.3500  1
 52:   0.0290  0.6190  0.3520  1
 53:   0.0669  0.5125  0.4206  1
 54:   0.4230  0.3480  0.2290  1
 55:   0.0450  0.3477  0.6074  1
 56:   0.0690  0.5920  0.3390  1
 57:   0.0720  0.3910  0.5370  1
 58:   0.0280  0.4300  0.5420  1
 59:   0.1370  0.3710  0.4920  1
 60:   0.0190  0.3247  0.6563  1
 61:   0.2208  0.3457  0.4336  1
 62:   0.0410  0.5365  0.4224  1
 63:   0.0230  0.4825  0.4945  1
 64:   0.0370  0.5760  0.3870  1
 65:   0.1490  0.3050  0.5460  1
 66:   0.0400  0.4140  0.5460  1
 67:   0.8420  0.0840  0.0740  1
 68:   0.0649  0.4096  0.5255  1
 69:   0.0260  0.3570  0.6170  1
 70:   0.0360  0.3880  0.5760  1
 71:   0.0640  0.5810  0.3550  1
 72:   0.3067  0.4256  0.2677  1
 73:   0.0650  0.5720  0.3630  1
 74:   0.0260  0.5860  0.3880  1
 75:   0.1918  0.4995  0.3087  1
 76:   0.0420  0.4760  0.4820  1
 77:   0.0160  0.4780  0.5060  1
 78:   0.0330  0.5536  0.4134  1
 79:   0.0190  0.6140  0.3670  1
 80:   0.0250  0.6080  0.3670  1
 81:   0.1190  0.5180  0.3630  1
 82:   0.0639  0.5974  0.3387  1
 83:   0.0859  0.5015  0.4126  1
 84:   0.0470  0.4660  0.4870  1
 85:   0.0290  0.5526  0.4184  1
 86:   0.0530  0.5360  0.4110  1
 87:   0.1299  0.5405  0.3297  1
 88:   0.0340  0.5890  0.3770  1
 89:   0.0410  0.6250  0.3340  1
 90:   0.0480  0.3490  0.6030  1
 91:   0.0340  0.4920  0.4740  1
 92:   0.0380  0.3467  0.6154  1
 93:   0.0909  0.5145  0.3946  1
 94:   0.0260  0.5870  0.3870  1
 95:   0.0330  0.5650  0.4020  1
 96:   0.5330  0.1960  0.2710  1
 97:   0.0220  0.4860  0.4920  1
 98:   0.0520  0.3660  0.5820  1
 99:   0.0450  0.3570  0.5980  1
100:   0.0460  0.3756  0.5784  1
101:   0.0220  0.5470  0.4310  1
102:   0.0180  0.5740  0.4080  1
103:   0.0220  0.6190  0.3590  1
104:   0.0250  0.5876  0.3874  1
105:   0.2880  0.3200  0.3920  1
106:   0.0190  0.4905  0.4905  1
107:   0.2590  0.3210  0.4200  1
108:   0.0390  0.4286  0.5325  1
109:   0.0190  0.5165  0.4645  1
110:   0.0170  0.6356  0.3473  1
111:   0.0470  0.5506  0.4024  1
112:   0.0400  0.4510  0.5090  1
113:   0.0230  0.5780  0.3990  1
114:   0.2350  0.4860  0.2790  1
115:   0.0540  0.4690  0.4770  1
116:   0.0500  0.3910  0.5590  1
117:   0.0520  0.4210  0.5270  1
118:   0.0210  0.5265  0.4525  1
119:   0.2470  0.3880  0.3650  1
120:   0.0711  0.6096  0.3193  1
121:   0.0310  0.5460  0.4230  1
122:   0.1120  0.5260  0.3620  1
123:   0.3010  0.3830  0.3160  1
124:   0.0480  0.5400  0.4120  1
125:   0.0210  0.5355  0.4434  1
126:   0.2052  0.4935  0.3013  1
127:   0.0680  0.4860  0.4460  1
128:   0.0490  0.3916  0.5594  1
129:   0.1120  0.4850  0.4030  1
130:   0.8780  0.0590  0.0630  1
131:   0.0310  0.5620  0.4070  1
132:   0.0380  0.4880  0.4740  1
133:   0.1090  0.3500  0.5410  1
134:   0.0360  0.4660  0.4980  1
135:   0.0270  0.5960  0.3770  1
136:   0.0590  0.3260  0.6150  1
137:   0.0780  0.3510  0.5710  1
138:   0.1522  0.3594  0.4885  1
139:   0.0360  0.3514  0.6126  1
140:   0.3410  0.2570  0.4020  1
141:   0.8970  0.0490  0.0540  1
142:   0.0510  0.4140  0.5350  1
143:   0.7390  0.1380  0.1230  1
144:   0.0330  0.4640  0.5030  1
145:   0.0560  0.5240  0.4200  1
146:   0.0761  0.3413  0.5826  1
147:   0.2130  0.3200  0.4670  1
148:   0.0340  0.5120  0.4540  1
149:   0.1010  0.5140  0.3850  1
150:   0.0180  0.4910  0.4910  1
151:   0.0440  0.3263  0.6296  1
152:   0.0590  0.3560  0.5850  1
153:   0.2170  0.2820  0.5010  1
154:   0.0210  0.3380  0.6410  1
155:   0.0430  0.4670  0.4900  1
156:   0.1100  0.4510  0.4390  1
157:   0.0430  0.4910  0.4660  1
158:   0.0490  0.4256  0.5255  1
159:   0.0230  0.3960  0.5810  1
160:   0.0640  0.3320  0.6040  1
161:   0.0300  0.3490  0.6210  1
162:   0.0720  0.5240  0.4040  1
163:   0.0460  0.3660  0.5880  1
164:   0.0230  0.4356  0.5415  1
165:   0.0350  0.5990  0.3660  1
166:   0.1900  0.4590  0.3510  1
167:   0.0310  0.3840  0.5850  1
168:   0.0430  0.4270  0.5300  1
169:   0.1180  0.3520  0.5300  1
170:   0.2630  0.3200  0.4170  1
171:   0.0509  0.3806  0.5684  1
172:   0.2060  0.3350  0.4590  1
173:   0.0330  0.4130  0.5540  1
174:   0.0220  0.4270  0.5510  1
175:   0.1030  0.3850  0.5120  1
176:   0.1100  0.3440  0.5460  1
177:   0.9380  0.0280  0.0340  1
178:   0.8480  0.0890  0.0630  1
179:   0.8420  0.0730  0.0850  1
180:   0.0400  0.6050  0.3550  1
181:   0.9050  0.0430  0.0520  1
182:   0.9050  0.0490  0.0460  1
183:   0.6993  0.1319  0.1688  1
184:   0.7480  0.1190  0.1330  1
185:   0.8881  0.0549  0.0569  1
186:   0.7810  0.1310  0.0880  1
187:   0.4270  0.2520  0.3210  1
188:   0.5830  0.2450  0.1720  1
189:   0.9140  0.0430  0.0430  1
190:   0.1270  0.3560  0.5170  1
191:   0.6850  0.2080  0.1070  1
192:   0.9590  0.0200  0.0210  1
193:   0.9600  0.0200  0.0200  1
194:   0.9450  0.0260  0.0290  1
195:   0.9371  0.0280  0.0350  1
196:   0.9420  0.0280  0.0300  1
197:   0.9379  0.0280  0.0340  1
198:   0.6150  0.1530  0.2320  1
199:   0.8890  0.0610  0.0500  1
200:   0.7908  0.1001  0.1091  1
201:   0.5295  0.2462  0.2242  1
202:   0.8571  0.0509  0.0919  1
203:   0.8060  0.0760  0.1180  1
204:   0.9600  0.0200  0.0200  1
205:   0.8860  0.0550  0.0590  1
206:   0.8820  0.0510  0.0670  1
207:   0.8620  0.0810  0.0570  1
208:   0.9360  0.0320  0.0320  1
209:   0.7443  0.1209  0.1349  1
210:   0.9650  0.0160  0.0190  1
211:   0.7662  0.1069  0.1269  1
212:   0.8920  0.0590  0.0490  1
213:   0.8850  0.0640  0.0510  1
214:   0.9411  0.0330  0.0260  1
215:   0.9710  0.0140  0.0150  1
216:   0.9259  0.0360  0.0380  1
217:   0.9520  0.0220  0.0260  1
218:   0.9090  0.0390  0.0520  1
219:   0.9460  0.0290  0.0250  1
220:   0.8790  0.0660  0.0550  1
221:   0.3910  0.2870  0.3220  1
222:   0.9470  0.0250  0.0280  1
223:   0.9520  0.0240  0.0240  1
224:   0.1890  0.4430  0.3680  1
225:   0.6847  0.1712  0.1441  1
226:   0.9420  0.0280  0.0300  1
227:   0.7900  0.1210  0.0890  1
228:   0.8730  0.0690  0.0580  1
229:   0.9290  0.0340  0.0370  1
230:   0.8860  0.0580  0.0560  1
231:   0.9610  0.0190  0.0200  1
232:   0.9380  0.0270  0.0350  1
233:   0.8979  0.0551  0.0470  1
234:   0.0730  0.3950  0.5320  1
235:   0.7380  0.1340  0.1280  1
236:   0.8660  0.0830  0.0510  1
237:   0.9190  0.0480  0.0330  1
238:   0.9180  0.0360  0.0460  1
239:   0.7310  0.1170  0.1520  1
240:   0.8458  0.0721  0.0821  1
241:   0.1140  0.3160  0.5700  1
242:   0.8022  0.1039  0.0939  1
243:   0.8731  0.0749  0.0519  1
244:   0.5050  0.2160  0.2790  1
245:   0.9630  0.0180  0.0190  1
246:   0.8580  0.0750  0.0670  1
247:   0.8358  0.0711  0.0931  1
248:   0.8749  0.0661  0.0591  1
249:   0.6400  0.2120  0.1480  1
250:   0.4500  0.2670  0.2830  1
251:   0.9520  0.0220  0.0260  1
252:   0.9190  0.0460  0.0350  1
253:   0.9140  0.0400  0.0460  1
254:   0.7990  0.1250  0.0760  1
255:   0.9610  0.0190  0.0200  1
256:   0.9580  0.0190  0.0230  1
257:   0.9530  0.0240  0.0230  1
258:   0.8910  0.0550  0.0540  1
259:   0.8869  0.0501  0.0631  1

  1:   0.0880  0.4760  0.4360  1
  2:   0.0240  0.5310  0.4450  1
  3:   0.0300  0.4204  0.5495  1
  4:   0.0150  0.4755  0.5095  1
  5:   0.0330  0.4390  0.5280  1
  6:   0.5170  0.2220  0.2610  1
  7:   0.0530  0.4870  0.4600  1
  8:   0.0180  0.4760  0.5060  1
  9:   0.4790  0.2740  0.2470  1
 10:   0.0350  0.4480  0.5170  1
 11:   0.4160  0.3140  0.2700  1
 12:   0.0560  0.4990  0.4450  1
 13:   0.5590  0.2060  0.2350  1
 14:   0.1310  0.4280  0.4410  1
 15:   0.0490  0.5150  0.4360  1
 16:   0.0630  0.5200  0.4170  1
 17:   0.0210  0.5380  0.4410  1
 18:   0.4010  0.2660  0.3330  1
 19:   0.0360  0.5300  0.4340  1
 20:   0.0541  0.5265  0.4194  1
 21:   0.1111  0.4394  0.4494  1
 22:   0.0330  0.5610  0.4060  1
 23:   0.0250  0.4680  0.5070  1
 24:   0.1001  0.4134  0.4865  1
 25:   0.0280  0.4480  0.5240  1
 26:   0.2220  0.4180  0.3600  1
 27:   0.0420  0.5185  0.4396  1
 28:   0.0561  0.4194  0.5245  1
 29:   0.0560  0.4380  0.5060  1
 30:   0.2450  0.3650  0.3900  1
 31:   0.0900  0.3930  0.5170  1
 32:   0.0410  0.4580  0.5010  1
 33:   0.0460  0.4164  0.5375  1
 34:   0.0530  0.4680  0.4790  1
 35:   0.0340  0.4270  0.5390  1
 36:   0.5020  0.2390  0.2590  1
 37:   0.0220  0.5676  0.4104  1
 38:   0.1061  0.4384  0.4555  1
 39:   0.0961  0.4905  0.4134  1
 40:   0.0370  0.3990  0.5640  1
 41:   0.6410  0.1850  0.1740  1
 42:   0.1289  0.3936  0.4775  1
 43:   0.0320  0.5190  0.4490  1
 44:   0.0440  0.4450  0.5110  1
 45:   0.0450  0.5235  0.4314  1
 46:   0.0430  0.4590  0.4980  1
 47:   0.0929  0.4426  0.4645  1
 48:   0.0490  0.5130  0.4380  1
 49:   0.0841  0.4565  0.4595  1
 50:   0.0570  0.5110  0.4320  1
 51:   0.1120  0.4970  0.3910  1
 52:   0.0300  0.5230  0.4470  1
 53:   0.0700  0.5010  0.4290  1
 54:   0.4140  0.3110  0.2750  1
 55:   0.0450  0.4060  0.5490  1
 56:   0.0710  0.5400  0.3890  1
 57:   0.0711  0.4525  0.4765  1
 58:   0.0300  0.4560  0.5140  1
 59:   0.1330  0.3890  0.4780  1
 60:   0.0190  0.4090  0.5720  1
 61:   0.2290  0.3560  0.4150  1
 62:   0.0400  0.5150  0.4450  1
 63:   0.0250  0.4980  0.4770  1
 64:   0.0370  0.5245  0.4386  1
 65:   0.1552  0.3654  0.4795  1
 66:   0.0440  0.4470  0.5090  1
 67:   0.8362  0.0839  0.0799  1
 68:   0.0641  0.4244  0.5115  1
 69:   0.0260  0.4130  0.5610  1
 70:   0.0330  0.4380  0.5290  1
 71:   0.0639  0.5315  0.4046  1
 72:   0.2990  0.4040  0.2970  1
 73:   0.0630  0.5300  0.4070  1
 74:   0.0230  0.5310  0.4460  1
 75:   0.1880  0.4610  0.3510  1
 76:   0.0390  0.4950  0.4660  1
 77:   0.0170  0.5020  0.4810  1
 78:   0.0310  0.5280  0.4410  1
 79:   0.0190  0.5470  0.4340  1
 80:   0.0250  0.5546  0.4204  1
 81:   0.1160  0.4960  0.3880  1
 82:   0.0670  0.5360  0.3970  1
 83:   0.0861  0.4575  0.4565  1
 84:   0.0440  0.4820  0.4740  1
 85:   0.0300  0.5160  0.4540  1
 86:   0.0480  0.5060  0.4460  1
 87:   0.1291  0.4885  0.3824  1
 88:   0.0330  0.5135  0.4535  1
 89:   0.0390  0.5560  0.4050  1
 90:   0.0460  0.4114  0.5425  1
 91:   0.0310  0.4825  0.4865  1
 92:   0.0370  0.4070  0.5560  1
 93:   0.0921  0.4905  0.4174  1
 94:   0.0250  0.5350  0.4400  1
 95:   0.0330  0.5380  0.4290  1
 96:   0.5445  0.2232  0.2322  1
 97:   0.0230  0.4780  0.4990  1
 98:   0.0530  0.4280  0.5190  1
 99:   0.0450  0.4180  0.5370  1
100:   0.0460  0.4350  0.5190  1
101:   0.0210  0.5130  0.4660  1
102:   0.0180  0.5610  0.4210  1
103:   0.0210  0.5480  0.4310  1
104:   0.0280  0.5370  0.4350  1
105:   0.3050  0.3260  0.3690  1
106:   0.0190  0.5010  0.4800  1
107:   0.2677  0.3377  0.3946  1
108:   0.0350  0.4390  0.5260  1
109:   0.0180  0.5020  0.4800  1
110:   0.0160  0.5596  0.4244  1
111:   0.0470  0.5180  0.4350  1
112:   0.0420  0.4595  0.4985  1
113:   0.0200  0.5290  0.4510  1
114:   0.2390  0.4340  0.3270  1
115:   0.0550  0.4670  0.4780  1
116:   0.0510  0.4090  0.5400  1
117:   0.0510  0.4640  0.4850  1
118:   0.0210  0.5105  0.4685  1
119:   0.2510  0.3850  0.3640  1
120:   0.0700  0.5400  0.3900  1
121:   0.0280  0.5480  0.4240  1
122:   0.1050  0.4680  0.4270  1
123:   0.2990  0.3680  0.3330  1
124:   0.0470  0.5050  0.4480  1
125:   0.0210  0.5370  0.4420  1
126:   0.1960  0.4620  0.3420  1
127:   0.0660  0.4930  0.4410  1
128:   0.0510  0.4430  0.5060  1
129:   0.1181  0.4424  0.4394  1
130:   0.8750  0.0610  0.0640  1
131:   0.0320  0.5290  0.4390  1
132:   0.0390  0.4895  0.4715  1
133:   0.1090  0.3880  0.5030  1
134:   0.0360  0.4530  0.5110  1
135:   0.0250  0.5560  0.4190  1
136:   0.0591  0.3954  0.5455  1
137:   0.0821  0.4044  0.5135  1
138:   0.1439  0.3786  0.4775  1
139:   0.0390  0.4210  0.5400  1
140:   0.3420  0.2880  0.3700  1
141:   0.8970  0.0510  0.0520  1
142:   0.0530  0.4450  0.5020  1
143:   0.7600  0.1230  0.1170  1
144:   0.0320  0.4790  0.4890  1
145:   0.0590  0.4960  0.4450  1
146:   0.0741  0.4024  0.5235  1
147:   0.1982  0.3624  0.4394  1
148:   0.0360  0.4905  0.4735  1
149:   0.1120  0.4540  0.4340  1
150:   0.0170  0.4940  0.4890  1
151:   0.0450  0.4086  0.5465  1
152:   0.0670  0.4170  0.5160  1
153:   0.2182  0.3383  0.4434  1
154:   0.0220  0.4060  0.5720  1
155:   0.0440  0.4790  0.4770  1
156:   0.1090  0.4340  0.4570  1
157:   0.0400  0.4730  0.4870  1
158:   0.0550  0.4280  0.5170  1
159:   0.0230  0.4240  0.5530  1
160:   0.0659  0.4186  0.5155  1
161:   0.0280  0.4170  0.5550  1
162:   0.0709  0.5065  0.4226  1
163:   0.0460  0.4390  0.5150  1
164:   0.0230  0.4870  0.4900  1
165:   0.0330  0.5395  0.4274  1
166:   0.1810  0.4350  0.3840  1
167:   0.0300  0.4330  0.5370  1
168:   0.0470  0.4645  0.4885  1
169:   0.1110  0.4010  0.4880  1
170:   0.2593  0.3333  0.4074  1
171:   0.0490  0.4186  0.5325  1
172:   0.2162  0.3554  0.4284  1
173:   0.0350  0.4750  0.4900  1
174:   0.0220  0.4865  0.4915  1
175:   0.1069  0.4136  0.4795  1
176:   0.1061  0.4034  0.4905  1
177:   0.9379  0.0310  0.0310  1
178:   0.8531  0.0799  0.0669  1
179:   0.8480  0.0730  0.0790  1
180:   0.0390  0.5650  0.3960  1
181:   0.9080  0.0440  0.0480  1
182:   0.9029  0.0521  0.0450  1
183:   0.7220  0.1270  0.1510  1
184:   0.7470  0.1250  0.1280  1
185:   0.8960  0.0520  0.0520  1
186:   0.7840  0.1220  0.0940  1
187:   0.4290  0.2850  0.2860  1
188:   0.5820  0.2320  0.1860  1
189:   0.9089  0.0450  0.0460  1
190:   0.1351  0.3954  0.4695  1
191:   0.6750  0.1950  0.1300  1
192:   0.9610  0.0180  0.0210  1
193:   0.9590  0.0200  0.0210  1
194:   0.9430  0.0280  0.0290  1
195:   0.9380  0.0290  0.0330  1
196:   0.9410  0.0280  0.0310  1
197:   0.9431  0.0280  0.0290  1
198:   0.5930  0.1820  0.2250  1
199:   0.8989  0.0551  0.0460  1
200:   0.7880  0.1000  0.1120  1
201:   0.5460  0.2380  0.2160  1
202:   0.8580  0.0620  0.0800  1
203:   0.8010  0.0880  0.1110  1
204:   0.9600  0.0200  0.0200  1
205:   0.8860  0.0540  0.0600  1
206:   0.8811  0.0509  0.0679  1
207:   0.8539  0.0821  0.0641  1
208:   0.9411  0.0310  0.0280  1
209:   0.7390  0.1250  0.1360  1
210:   0.9650  0.0170  0.0180  1
211:   0.7868  0.1051  0.1081  1
212:   0.8939  0.0531  0.0531  1
213:   0.8950  0.0550  0.0500  1
214:   0.9410  0.0300  0.0290  1
215:   0.9710  0.0150  0.0140  1
216:   0.9240  0.0370  0.0390  1
217:   0.9530  0.0220  0.0250  1
218:   0.9130  0.0410  0.0460  1
219:   0.9421  0.0290  0.0290  1
220:   0.8880  0.0550  0.0570  1
221:   0.4014  0.2793  0.3193  1
222:   0.9470  0.0260  0.0270  1
223:   0.9530  0.0240  0.0230  1
224:   0.1888  0.4306  0.3806  1
225:   0.6970  0.1520  0.1510  1
226:   0.9471  0.0270  0.0260  1
227:   0.7720  0.1270  0.1010  1
228:   0.8690  0.0700  0.0610  1
229:   0.9320  0.0350  0.0330  1
230:   0.8839  0.0601  0.0561  1
231:   0.9610  0.0200  0.0190  1
232:   0.9400  0.0260  0.0340  1
233:   0.8980  0.0500  0.0520  1
234:   0.0700  0.4450  0.4850  1
235:   0.7420  0.1280  0.1300  1
236:   0.8731  0.0739  0.0529  1
237:   0.9161  0.0440  0.0400  1
238:   0.9130  0.0420  0.0450  1
239:   0.7410  0.1190  0.1400  1
240:   0.8511  0.0689  0.0799  1
241:   0.1220  0.3650  0.5130  1
242:   0.7880  0.1050  0.1070  1
243:   0.8830  0.0630  0.0540  1
244:   0.4970  0.2350  0.2680  1
245:   0.9610  0.0190  0.0200  1
246:   0.8670  0.0690  0.0640  1
247:   0.8312  0.0769  0.0919  1
248:   0.8720  0.0650  0.0630  1
249:   0.6557  0.1822  0.1622  1
250:   0.4490  0.2710  0.2800  1
251:   0.9481  0.0240  0.0280  1
252:   0.9240  0.0410  0.0350  1
253:   0.9170  0.0400  0.0430  1
254:   0.7830  0.1250  0.0920  1
255:   0.9610  0.0200  0.0190  1
256:   0.9600  0.0190  0.0210  1
257:   0.9550  0.0220  0.0230  1
258:   0.8940  0.0520  0.0540  1
259:   0.8940  0.0520  0.0540  1

  1:   0.0880  0.4540  0.4580  1
  2:   0.0230  0.5560  0.4210  1
  3:   0.0310  0.5055  0.4635  1
  4:   0.0160  0.5440  0.4400  1
  5:   0.0310  0.4945  0.4745  1
  6:   0.5080  0.2480  0.2440  1
  7:   0.0540  0.5160  0.4300  1
  8:   0.0180  0.5514  0.4306  1
  9:   0.4870  0.2770  0.2360  1
 10:   0.0350  0.4755  0.4895  1
 11:   0.4334  0.3033  0.2633  1
 12:   0.0570  0.5300  0.4130  1
 13:   0.5570  0.2260  0.2170  1
 14:   0.1340  0.4300  0.4360  1
 15:   0.0500  0.5180  0.4320  1
 16:   0.0650  0.5320  0.4030  1
 17:   0.0220  0.4800  0.4980  1
 18:   0.4044  0.2893  0.3063  1
 19:   0.0390  0.4970  0.4640  1
 20:   0.0530  0.5190  0.4280  1
 21:   0.1160  0.4350  0.4490  1
 22:   0.0360  0.5460  0.4180  1
 23:   0.0250  0.5000  0.4750  1
 24:   0.1010  0.4500  0.4490  1
 25:   0.0270  0.5010  0.4720  1
 26:   0.2190  0.3890  0.3920  1
 27:   0.0430  0.5195  0.4376  1
 28:   0.0581  0.4565  0.4855  1
 29:   0.0569  0.4436  0.4995  1
 30:   0.2390  0.3830  0.3780  1
 31:   0.0919  0.3916  0.5165  1
 32:   0.0420  0.4790  0.4790  1
 33:   0.0480  0.4600  0.4920  1
 34:   0.0539  0.4745  0.4715  1
 35:   0.0320  0.4110  0.5570  1
 36:   0.4970  0.2470  0.2560  1
 37:   0.0210  0.5220  0.4570  1
 38:   0.1100  0.4400  0.4500  1
 39:   0.0990  0.4910  0.4100  1
 40:   0.0390  0.4060  0.5550  1
 41:   0.6400  0.1710  0.1890  1
 42:   0.1260  0.4190  0.4550  1
 43:   0.0320  0.4835  0.4845  1
 44:   0.0420  0.4470  0.5110  1
 45:   0.0460  0.4770  0.4770  1
 46:   0.0430  0.4570  0.5000  1
 47:   0.0920  0.4570  0.4510  1
 48:   0.0500  0.5205  0.4296  1
 49:   0.0780  0.4730  0.4490  1
 50:   0.0581  0.4985  0.4434  1
 51:   0.1210  0.4520  0.4270  1
 52:   0.0270  0.5440  0.4290  1
 53:   0.0680  0.4610  0.4710  1
 54:   0.4290  0.3000  0.2710  1
 55:   0.0430  0.4550  0.5020  1
 56:   0.0780  0.5190  0.4030  1
 57:   0.0689  0.4306  0.5005  1
 58:   0.0300  0.4680  0.5020  1
 59:   0.1220  0.4470  0.4310  1
 60:   0.0190  0.4180  0.5630  1
 61:   0.2260  0.3610  0.4130  1
 62:   0.0450  0.4740  0.4810  1
 63:   0.0240  0.4960  0.4800  1
 64:   0.0380  0.5350  0.4270  1
 65:   0.1590  0.3670  0.4740  1
 66:   0.0410  0.4525  0.5065  1
 67:   0.8390  0.0860  0.0750  1
 68:   0.0580  0.4500  0.4920  1
 69:   0.0240  0.4484  0.5275  1
 70:   0.0360  0.4250  0.5390  1
 71:   0.0680  0.4960  0.4360  1
 72:   0.3077  0.3836  0.3087  1
 73:   0.0621  0.4875  0.4505  1
 74:   0.0230  0.4970  0.4800  1
 75:   0.1960  0.4060  0.3980  1
 76:   0.0390  0.5130  0.4480  1
 77:   0.0170  0.4525  0.5305  1
 78:   0.0330  0.5420  0.4250  1
 79:   0.0190  0.5546  0.4264  1
 80:   0.0240  0.5040  0.4720  1
 81:   0.1220  0.4560  0.4220  1
 82:   0.0660  0.4970  0.4370  1
 83:   0.0861  0.4515  0.4625  1
 84:   0.0490  0.5110  0.4400  1
 85:   0.0270  0.5180  0.4550  1
 86:   0.0520  0.5150  0.4330  1
 87:   0.1350  0.4780  0.3870  1
 88:   0.0330  0.4935  0.4735  1
 89:   0.0410  0.5320  0.4270  1
 90:   0.0490  0.4130  0.5380  1
 91:   0.0300  0.4680  0.5020  1
 92:   0.0400  0.4310  0.5290  1
 93:   0.0870  0.5050  0.4080  1
 94:   0.0260  0.5230  0.4510  1
 95:   0.0310  0.4985  0.4705  1
 96:   0.4995  0.2442  0.2563  1
 97:   0.0240  0.5055  0.4705  1
 98:   0.0540  0.4480  0.4980  1
 99:   0.0450  0.4280  0.5270  1
100:   0.0470  0.4424  0.5105  1
101:   0.0220  0.5560  0.4220  1
102:   0.0180  0.5090  0.4730  1
103:   0.0210  0.5440  0.4350  1
104:   0.0260  0.5090  0.4650  1
105:   0.2920  0.3490  0.3590  1
106:   0.0180  0.4800  0.5020  1
107:   0.2713  0.3353  0.3934  1
108:   0.0380  0.4840  0.4780  1
109:   0.0190  0.4970  0.4840  1
110:   0.0170  0.5215  0.4615  1
111:   0.0460  0.5140  0.4400  1
112:   0.0400  0.4660  0.4940  1
113:   0.0210  0.5270  0.4520  1
114:   0.2340  0.4090  0.3570  1
115:   0.0560  0.4400  0.5040  1
116:   0.0470  0.4490  0.5040  1
117:   0.0530  0.4500  0.4970  1
118:   0.0210  0.4735  0.5055  1
119:   0.2410  0.3620  0.3970  1
120:   0.0700  0.5030  0.4270  1
121:   0.0300  0.4710  0.4990  1
122:   0.1090  0.4530  0.4380  1
123:   0.3000  0.3620  0.3380  1
124:   0.0470  0.4915  0.4615  1
125:   0.0220  0.5240  0.4540  1
126:   0.2070  0.4210  0.3720  1
127:   0.0670  0.4400  0.4930  1
128:   0.0520  0.4260  0.5220  1
129:   0.1080  0.4660  0.4260  1
130:   0.8750  0.0640  0.0610  1
131:   0.0310  0.4780  0.4910  1
132:   0.0380  0.4510  0.5110  1
133:   0.1160  0.4200  0.4640  1
134:   0.0370  0.5040  0.4590  1
135:   0.0290  0.5040  0.4670  1
136:   0.0590  0.3880  0.5530  1
137:   0.0860  0.4410  0.4730  1
138:   0.1380  0.4070  0.4550  1
139:   0.0420  0.4440  0.5140  1
140:   0.3290  0.3130  0.3580  1
141:   0.9000  0.0490  0.0510  1
142:   0.0521  0.4655  0.4825  1
143:   0.7500  0.1330  0.1170  1
144:   0.0310  0.4790  0.4900  1
145:   0.0561  0.4835  0.4605  1
146:   0.0661  0.4605  0.4735  1
147:   0.2040  0.3920  0.4040  1
148:   0.0360  0.4970  0.4670  1
149:   0.1090  0.4620  0.4290  1
150:   0.0170  0.4750  0.5080  1
151:   0.0440  0.4190  0.5370  1
152:   0.0640  0.4550  0.4810  1
153:   0.2320  0.3560  0.4120  1
154:   0.0210  0.4050  0.5740  1
155:   0.0400  0.4640  0.4960  1
156:   0.1050  0.4620  0.4330  1
157:   0.0440  0.5000  0.4560  1
158:   0.0530  0.4830  0.4640  1
159:   0.0230  0.4130  0.5640  1
160:   0.0640  0.4360  0.5000  1
161:   0.0300  0.4026  0.5674  1
162:   0.0690  0.4610  0.4700  1
163:   0.0470  0.4625  0.4905  1
164:   0.0230  0.5010  0.4760  1
165:   0.0330  0.5200  0.4470  1
166:   0.1882  0.4164  0.3954  1
167:   0.0310  0.4665  0.5025  1
168:   0.0440  0.4650  0.4910  1
169:   0.1100  0.4140  0.4760  1
170:   0.2570  0.3630  0.3800  1
171:   0.0480  0.4600  0.4920  1
172:   0.2140  0.3720  0.4140  1
173:   0.0330  0.4840  0.4830  1
174:   0.0230  0.4635  0.5135  1
175:   0.1030  0.4170  0.4800  1
176:   0.1061  0.3994  0.4945  1
177:   0.9340  0.0340  0.0320  1
178:   0.8482  0.0809  0.0709  1
179:   0.8480  0.0710  0.0810  1
180:   0.0410  0.5330  0.4260  1
181:   0.9060  0.0440  0.0500  1
182:   0.9020  0.0510  0.0470  1
183:   0.7100  0.1340  0.1560  1
184:   0.7437  0.1241  0.1321  1
185:   0.8919  0.0531  0.0551  1
186:   0.7970  0.1080  0.0950  1
187:   0.4350  0.2680  0.2970  1
188:   0.5840  0.2210  0.1950  1
189:   0.9139  0.0430  0.0430  1
190:   0.1161  0.4094  0.4745  1
191:   0.6980  0.1670  0.1350  1
192:   0.9590  0.0200  0.0210  1
193:   0.9580  0.0200  0.0220  1
194:   0.9420  0.0290  0.0290  1
195:   0.9360  0.0300  0.0340  1
196:   0.9430  0.0270  0.0300  1
197:   0.9371  0.0290  0.0340  1
198:   0.6006  0.1792  0.2202  1
199:   0.8940  0.0560  0.0500  1
200:   0.7712  0.1239  0.1049  1
201:   0.5330  0.2390  0.2280  1
202:   0.8540  0.0680  0.0780  1
203:   0.7970  0.0970  0.1060  1
204:   0.9580  0.0200  0.0220  1
205:   0.8830  0.0590  0.0580  1
206:   0.8809  0.0591  0.0601  1
207:   0.8620  0.0720  0.0660  1
208:   0.9400  0.0300  0.0300  1
209:   0.7457  0.1291  0.1251  1
210:   0.9660  0.0160  0.0180  1
211:   0.7780  0.1120  0.1100  1
212:   0.8970  0.0550  0.0480  1
213:   0.8910  0.0550  0.0540  1
214:   0.9431  0.0300  0.0270  1
215:   0.9700  0.0150  0.0150  1
216:   0.9230  0.0380  0.0390  1
217:   0.9560  0.0220  0.0220  1
218:   0.9079  0.0440  0.0480  1
219:   0.9419  0.0310  0.0270  1
220:   0.8939  0.0541  0.0521  1
221:   0.3996  0.2837  0.3167  1
222:   0.9440  0.0290  0.0270  1
223:   0.9540  0.0230  0.0230  1
224:   0.1880  0.4240  0.3880  1
225:   0.6840  0.1640  0.1520  1
226:   0.9449  0.0270  0.0280  1
227:   0.7780  0.1100  0.1120  1
228:   0.8690  0.0660  0.0650  1
229:   0.9290  0.0380  0.0330  1
230:   0.8870  0.0560  0.0570  1
231:   0.9580  0.0210  0.0210  1
232:   0.9340  0.0340  0.0320  1
233:   0.8999  0.0511  0.0490  1
234:   0.0730  0.4400  0.4870  1
235:   0.7470  0.1220  0.1310  1
236:   0.8740  0.0630  0.0630  1
237:   0.9190  0.0410  0.0400  1
238:   0.9151  0.0390  0.0460  1
239:   0.7170  0.1440  0.1390  1
240:   0.8220  0.0990  0.0790  1
241:   0.1160  0.4120  0.4720  1
242:   0.7930  0.1030  0.1040  1
243:   0.8780  0.0600  0.0620  1
244:   0.5015  0.2342  0.2643  1
245:   0.9620  0.0190  0.0190  1
246:   0.8560  0.0700  0.0740  1
247:   0.8230  0.0850  0.0920  1
248:   0.8850  0.0550  0.0600  1
249:   0.6690  0.1830  0.1480  1
250:   0.4450  0.2770  0.2780  1
251:   0.9530  0.0230  0.0240  1
252:   0.9190  0.0420  0.0390  1
253:   0.9110  0.0430  0.0460  1
254:   0.7950  0.1090  0.0960  1
255:   0.9620  0.0180  0.0200  1
256:   0.9600  0.0200  0.0200  1
257:   0.9560  0.0220  0.0220  1
258:   0.8930  0.0520  0.0550  1
259:   0.8970  0.0510  0.0520  1

  1:   0.0890  0.4300  0.4810  1
  2:   0.0210  0.5000  0.4790  1
  3:   0.0300  0.4520  0.5180  1
  4:   0.0140  0.5060  0.4800  1
  5:   0.0320  0.4550  0.5130  1
  6:   0.5150  0.2440  0.2410  1
  7:   0.0470  0.4770  0.4760  1
  8:   0.0160  0.4640  0.5200  1
  9:   0.4805  0.2657  0.2537  1
 10:   0.0330  0.4640  0.5030  1
 11:   0.4090  0.3050  0.2860  1
 12:   0.0550  0.4770  0.4680  1
 13:   0.5520  0.2250  0.2230  1
 14:   0.1310  0.4330  0.4360  1
 15:   0.0470  0.4940  0.4590  1
 16:   0.0610  0.4930  0.4460  1
 17:   0.0200  0.4900  0.4900  1
 18:   0.3946  0.2837  0.3217  1
 19:   0.0360  0.4935  0.4705  1
 20:   0.0500  0.5005  0.4496  1
 21:   0.1110  0.4450  0.4440  1
 22:   0.0320  0.5130  0.4550  1
 23:   0.0240  0.4810  0.4950  1
 24:   0.0989  0.4615  0.4396  1
 25:   0.0280  0.4450  0.5270  1
 26:   0.2230  0.3830  0.3940  1
 27:   0.0390  0.4800  0.4810  1
 28:   0.0580  0.4590  0.4830  1
 29:   0.0610  0.4400  0.4990  1
 30:   0.2470  0.3640  0.3890  1
 31:   0.0880  0.4370  0.4750  1
 32:   0.0420  0.4570  0.5010  1
 33:   0.0430  0.4450  0.5120  1
 34:   0.0541  0.4815  0.4645  1
 35:   0.0320  0.4610  0.5070  1
 36:   0.5060  0.2410  0.2530  1
 37:   0.0190  0.5090  0.4720  1
 38:   0.1080  0.4400  0.4520  1
 39:   0.0989  0.4815  0.4196  1
 40:   0.0350  0.4520  0.5130  1
 41:   0.6410  0.1830  0.1760  1
 42:   0.1329  0.4116  0.4555  1
 43:   0.0310  0.4920  0.4770  1
 44:   0.0400  0.4600  0.5000  1
 45:   0.0390  0.4890  0.4720  1
 46:   0.0440  0.4710  0.4850  1
 47:   0.0890  0.4500  0.4610  1
 48:   0.0480  0.5095  0.4426  1
 49:   0.0780  0.4580  0.4640  1
 50:   0.0540  0.4850  0.4610  1
 51:   0.1130  0.4690  0.4180  1
 52:   0.0270  0.4990  0.4740  1
 53:   0.0670  0.4540  0.4790  1
 54:   0.4260  0.2890  0.2850  1
 55:   0.0430  0.4620  0.4950  1
 56:   0.0660  0.4980  0.4360  1
 57:   0.0649  0.4645  0.4705  1
 58:   0.0300  0.4650  0.5050  1
 59:   0.1220  0.4360  0.4420  1
 60:   0.0170  0.4675  0.5155  1
 61:   0.2180  0.3790  0.4030  1
 62:   0.0400  0.4740  0.4860  1
 63:   0.0240  0.4930  0.4830  1
 64:   0.0350  0.4925  0.4725  1
 65:   0.1600  0.4080  0.4320  1
 66:   0.0370  0.4730  0.4900  1
 67:   0.8458  0.0801  0.0741  1
 68:   0.0550  0.4600  0.4850  1
 69:   0.0230  0.4765  0.5005  1
 70:   0.0350  0.4535  0.5115  1
 71:   0.0590  0.5110  0.4300  1
 72:   0.2887  0.3816  0.3297  1
 73:   0.0600  0.5050  0.4350  1
 74:   0.0220  0.5050  0.4730  1
 75:   0.1862  0.4104  0.4034  1
 76:   0.0390  0.5130  0.4480  1
 77:   0.0170  0.4890  0.4940  1
 78:   0.0310  0.5350  0.4340  1
 79:   0.0190  0.5140  0.4670  1
 80:   0.0250  0.4820  0.4930  1
 81:   0.1160  0.4590  0.4250  1
 82:   0.0580  0.5110  0.4310  1
 83:   0.0860  0.4610  0.4530  1
 84:   0.0430  0.5015  0.4555  1
 85:   0.0300  0.5120  0.4580  1
 86:   0.0470  0.5150  0.4380  1
 87:   0.1290  0.4530  0.4180  1
 88:   0.0310  0.4980  0.4710  1
 89:   0.0370  0.5150  0.4480  1
 90:   0.0430  0.4540  0.5030  1
 91:   0.0310  0.4610  0.5080  1
 92:   0.0350  0.4600  0.5050  1
 93:   0.0840  0.4740  0.4420  1
 94:   0.0250  0.5270  0.4480  1
 95:   0.0320  0.4845  0.4835  1
 96:   0.5440  0.2220  0.2340  1
 97:   0.0200  0.5040  0.4760  1
 98:   0.0460  0.4720  0.4820  1
 99:   0.0430  0.4725  0.4845  1
100:   0.0470  0.4334  0.5195  1
101:   0.0200  0.4790  0.5010  1
102:   0.0170  0.5065  0.4765  1
103:   0.0210  0.5160  0.4630  1
104:   0.0240  0.4950  0.4810  1
105:   0.3060  0.3680  0.3260  1
106:   0.0170  0.4690  0.5140  1
107:   0.2653  0.3624  0.3724  1
108:   0.0350  0.4500  0.5150  1
109:   0.0180  0.4735  0.5085  1
110:   0.0160  0.5075  0.4765  1
111:   0.0480  0.4810  0.4710  1
112:   0.0450  0.4590  0.4960  1
113:   0.0210  0.5120  0.4670  1
114:   0.2232  0.4074  0.3694  1
115:   0.0570  0.4610  0.4820  1
116:   0.0490  0.4280  0.5230  1
117:   0.0500  0.4690  0.4810  1
118:   0.0210  0.4860  0.4930  1
119:   0.2430  0.3850  0.3720  1
120:   0.0690  0.4980  0.4330  1
121:   0.0280  0.4920  0.4800  1
122:   0.1080  0.4600  0.4320  1
123:   0.3010  0.3430  0.3560  1
124:   0.0470  0.4645  0.4885  1
125:   0.0200  0.4920  0.4880  1
126:   0.2020  0.4230  0.3750  1
127:   0.0670  0.4610  0.4720  1
128:   0.0500  0.4820  0.4680  1
129:   0.1180  0.4460  0.4360  1
130:   0.8820  0.0560  0.0620  1
131:   0.0300  0.4750  0.4950  1
132:   0.0400  0.4685  0.4915  1
133:   0.1150  0.4130  0.4720  1
134:   0.0360  0.4725  0.4915  1
135:   0.0260  0.4850  0.4890  1
136:   0.0541  0.4434  0.5025  1
137:   0.0730  0.4640  0.4630  1
138:   0.1390  0.4270  0.4340  1
139:   0.0350  0.4845  0.4805  1
140:   0.3170  0.3420  0.3410  1
141:   0.9050  0.0460  0.0490  1
142:   0.0521  0.4384  0.5095  1
143:   0.7590  0.1240  0.1170  1
144:   0.0320  0.5060  0.4620  1
145:   0.0590  0.4720  0.4690  1
146:   0.0691  0.4795  0.4515  1
147:   0.1872  0.4084  0.4044  1
148:   0.0350  0.5010  0.4640  1
149:   0.1079  0.4386  0.4535  1
150:   0.0160  0.4870  0.4970  1
151:   0.0400  0.4590  0.5010  1
152:   0.0621  0.4715  0.4665  1
153:   0.2220  0.3740  0.4040  1
154:   0.0200  0.4610  0.5190  1
155:   0.0400  0.4720  0.4880  1
156:   0.1100  0.4460  0.4440  1
157:   0.0390  0.4960  0.4650  1
158:   0.0480  0.4605  0.4915  1
159:   0.0210  0.4690  0.5100  1
160:   0.0679  0.4555  0.4765  1
161:   0.0260  0.4650  0.5090  1
162:   0.0711  0.4725  0.4565  1
163:   0.0410  0.4830  0.4760  1
164:   0.0210  0.5075  0.4715  1
165:   0.0330  0.5015  0.4655  1
166:   0.1850  0.4150  0.4000  1
167:   0.0280  0.4790  0.4930  1
168:   0.0440  0.4770  0.4790  1
169:   0.1100  0.4360  0.4540  1
170:   0.2650  0.3560  0.3790  1
171:   0.0430  0.4790  0.4780  1
172:   0.2052  0.3964  0.3984  1
173:   0.0310  0.4980  0.4710  1
174:   0.0210  0.4910  0.4880  1
175:   0.1020  0.4310  0.4670  1
176:   0.1061  0.4444  0.4494  1
