  1:   0.4930  0.4230  0.0840  1
  2:   0.5480  0.4310  0.0210  1
  3:   0.4440  0.5260  0.0300  1
  4:   0.4680  0.5180  0.0140  1
  5:   0.4655  0.5035  0.0310  1
  6:   0.2160  0.2820  0.5020  1
  7:   0.5115  0.4366  0.0519  1
  8:   0.5220  0.4610  0.0170  1
  9:   0.2910  0.2340  0.4750  1
 10:   0.4665  0.4995  0.0340  1
 11:   0.3260  0.2630  0.4110  1
 12:   0.5490  0.3980  0.0530  1
 13:   0.2030  0.2360  0.5610  1
 14:   0.4380  0.4320  0.1300  1
 15:   0.5510  0.4050  0.0440  1
 16:   0.5380  0.3990  0.0630  1
 17:   0.5430  0.4370  0.0200  1
 18:   0.2727  0.3327  0.3946  1
 19:   0.5586  0.4064  0.0350  1
 20:   0.5580  0.3910  0.0510  1
 21:   0.4300  0.4610  0.1090  1
 22:   0.5870  0.3810  0.0320  1
 23:   0.4770  0.4990  0.0240  1
 24:   0.4230  0.4790  0.0980  1
 25:   0.4690  0.5030  0.0280  1
 26:   0.4250  0.3520  0.2230  1
 27:   0.5600  0.4010  0.0390  1
 28:   0.4296  0.5115  0.0589  1
 29:   0.4400  0.5060  0.0540  1
 30:   0.3690  0.3780  0.2530  1
 31:   0.3770  0.5450  0.0780  1
 32:   0.4540  0.5060  0.0400  1
 33:   0.4130  0.5440  0.0430  1
 34:   0.4555  0.4885  0.0559  1
 35:   0.4160  0.5530  0.0310  1
 36:   0.2168  0.2777  0.5055  1
 37:   0.5870  0.3930  0.0200  1
 38:   0.4630  0.4340  0.1030  1
 39:   0.5160  0.3830  0.1010  1
 40:   0.3720  0.5920  0.0360  1
 41:   0.1710  0.1900  0.6390  1
 42:   0.3980  0.4710  0.1310  1
 43:   0.5415  0.4284  0.0300  1
 44:   0.4210  0.5400  0.0390  1
 45:   0.5460  0.4140  0.0400  1
 46:   0.4410  0.5160  0.0430  1
 47:   0.4310  0.4780  0.0910  1
 48:   0.5200  0.4330  0.0470  1
 49:   0.4650  0.4590  0.0760  1
 50:   0.5200  0.4240  0.0560  1
 51:   0.5090  0.3790  0.1120  1
 52:   0.5616  0.4124  0.0260  1
 53:   0.4940  0.4400  0.0660  1
 54:   0.3340  0.2490  0.4170  1
 55:   0.4194  0.5385  0.0420  1
 56:   0.5600  0.3790  0.0610  1
 57:   0.4220  0.5130  0.0650  1
 58:   0.4625  0.5085  0.0290  1
 59:   0.4124  0.4625  0.1251  1
 60:   0.3950  0.5870  0.0180  1
 61:   0.3500  0.4200  0.2300  1
 62:   0.5210  0.4380  0.0410  1
 63:   0.4940  0.4820  0.0240  1
 64:   0.5470  0.4190  0.0340  1
 65:   0.3530  0.5020  0.1450  1
 66:   0.4270  0.5350  0.0380  1
 67:   0.0800  0.0810  0.8390  1
 68:   0.4080  0.5360  0.0560  1
 69:   0.4060  0.5720  0.0220  1
 70:   0.4190  0.5470  0.0340  1
 71:   0.5594  0.3796  0.0609  1
 72:   0.4164  0.2963  0.2873  1
 73:   0.5435  0.3984  0.0581  1
 74:   0.5290  0.4470  0.0240  1
 75:   0.4815  0.3413  0.1772  1
 76:   0.4870  0.4780  0.0350  1
 77:   0.4820  0.5020  0.0160  1
 78:   0.5580  0.4120  0.0300  1
 79:   0.5694  0.4126  0.0180  1
 80:   0.5530  0.4220  0.0250  1
 81:   0.5015  0.3874  0.1111  1
 82:   0.5500  0.3930  0.0570  1
 83:   0.4735  0.4404  0.0861  1
 84:   0.5020  0.4520  0.0460  1
 85:   0.5490  0.4230  0.0280  1
 86:   0.5370  0.4140  0.0490  1
 87:   0.5020  0.3820  0.1160  1
 88:   0.5560  0.4140  0.0300  1
 89:   0.5720  0.3910  0.0370  1
 90:   0.4060  0.5480  0.0460  1
 91:   0.4975  0.4705  0.0320  1
 92:   0.3990  0.5660  0.0350  1
 93:   0.5390  0.3760  0.0850  1
 94:   0.5580  0.4170  0.0250  1
 95:   0.5690  0.3990  0.0320  1
 96:   0.2320  0.2470  0.5210  1
 97:   0.4630  0.5160  0.0210  1
 98:   0.4176  0.5325  0.0500  1
 99:   0.4040  0.5530  0.0430  1
100:   0.4520  0.5020  0.0460  1
101:   0.5600  0.4210  0.0190  1
102:   0.5570  0.4270  0.0160  1
103:   0.5816  0.3994  0.0190  1
104:   0.5560  0.4190  0.0250  1
105:   0.3190  0.3740  0.3070  1
106:   0.4940  0.4890  0.0170  1
107:   0.3413  0.3934  0.2653  1
108:   0.4446  0.5205  0.0350  1
109:   0.4950  0.4870  0.0180  1
110:   0.5680  0.4160  0.0160  1
111:   0.5450  0.4080  0.0470  1
112:   0.4770  0.4840  0.0390  1
113:   0.5910  0.3880  0.0210  1
114:   0.4580  0.3200  0.2220  1
115:   0.4530  0.4940  0.0530  1
116:   0.4160  0.5360  0.0480  1
117:   0.4530  0.4970  0.0500  1
118:   0.4980  0.4820  0.0200  1
119:   0.3880  0.3620  0.2500  1
120:   0.5500  0.3830  0.0670  1
121:   0.5310  0.4390  0.0300  1
122:   0.4810  0.4130  0.1060  1
123:   0.3740  0.3320  0.2940  1
124:   0.5165  0.4344  0.0490  1
125:   0.5540  0.4240  0.0220  1
126:   0.4645  0.3413  0.1942  1
127:   0.4890  0.4500  0.0610  1
128:   0.4010  0.5510  0.0480  1
129:   0.4640  0.4190  0.1170  1
130:   0.0631  0.0661  0.8709  1
131:   0.5420  0.4280  0.0300  1
132:   0.4880  0.4730  0.0390  1
133:   0.3820  0.5120  0.1060  1
134:   0.4780  0.4870  0.0350  1
135:   0.5730  0.4010  0.0260  1
136:   0.3760  0.5700  0.0540  1
137:   0.3740  0.5530  0.0730  1
138:   0.3726  0.4885  0.1389  1
139:   0.3834  0.5796  0.0370  1
140:   0.2857  0.3946  0.3197  1
141:   0.0460  0.0430  0.9110  1
142:   0.4486  0.5005  0.0509  1
143:   0.1180  0.1090  0.7730  1
144:   0.4800  0.4880  0.0320  1
145:   0.5150  0.4310  0.0540  1
146:   0.4070  0.5250  0.0680  1
147:   0.3330  0.4670  0.2000  1
148:   0.5100  0.4540  0.0360  1
149:   0.4910  0.4040  0.1050  1
150:   0.5180  0.4640  0.0180  1
151:   0.3796  0.5814  0.0390  1
152:   0.3950  0.5450  0.0600  1
153:   0.3320  0.4480  0.2200  1
154:   0.3854  0.5956  0.0190  1
155:   0.4710  0.4900  0.0390  1
156:   0.4320  0.4650  0.1030  1
157:   0.4920  0.4670  0.0410  1
158:   0.4210  0.5310  0.0480  1
159:   0.4220  0.5560  0.0220  1
160:   0.3886  0.5495  0.0619  1
161:   0.3930  0.5820  0.0250  1
162:   0.5090  0.4210  0.0700  1
163:   0.4070  0.5510  0.0420  1
164:   0.4555  0.5235  0.0210  1
165:   0.5620  0.4060  0.0320  1
166:   0.4430  0.3750  0.1820  1
167:   0.3994  0.5726  0.0280  1
168:   0.4660  0.4920  0.0420  1
169:   0.3924  0.4995  0.1081  1
170:   0.3290  0.4170  0.2540  1
171:   0.3980  0.5540  0.0480  1
172:   0.3407  0.4515  0.2078  1
173:   0.4340  0.5330  0.0330  1
174:   0.4555  0.5245  0.0200  1
175:   0.4200  0.4800  0.1000  1
176:   0.3714  0.5245  0.1041  1
177:   0.0290  0.0290  0.9420  1
178:   0.0811  0.0671  0.8519  1
179:   0.0721  0.0811  0.8468  1
180:   0.5700  0.3920  0.0380  1
181:   0.0430  0.0450  0.9120  1
182:   0.0470  0.0440  0.9090  1
183:   0.1350  0.1560  0.7090  1
184:   0.1310  0.1270  0.7420  1
185:   0.0509  0.0549  0.8941  1
186:   0.1140  0.0850  0.8010  1
187:   0.2500  0.3100  0.4400  1
188:   0.2320  0.1810  0.5870  1
189:   0.0400  0.0470  0.9129  1
190:   0.4120  0.4660  0.1220  1
191:   0.2010  0.1300  0.6690  1
192:   0.0190  0.0200  0.9610  1
193:   0.0190  0.0210  0.9600  1
194:   0.0280  0.0260  0.9460  1
195:   0.0270  0.0300  0.9430  1
196:   0.0270  0.0280  0.9451  1
197:   0.0260  0.0290  0.9450  1
198:   0.1790  0.2380  0.5830  1
199:   0.0550  0.0450  0.9000  1
200:   0.1070  0.1130  0.7800  1
201:   0.2390  0.2260  0.5350  1
202:   0.0580  0.0770  0.8650  1
203:   0.0890  0.1130  0.7980  1
204:   0.0180  0.0180  0.9640  1
205:   0.0530  0.0570  0.8900  1
206:   0.0560  0.0680  0.8760  1
207:   0.0820  0.0660  0.8520  1
208:   0.0270  0.0300  0.9430  1
209:   0.1320  0.1240  0.7440  1
210:   0.0170  0.0170  0.9660  1
211:   0.1060  0.1010  0.7930  1
212:   0.0520  0.0490  0.8990  1
213:   0.0521  0.0470  0.9009  1
214:   0.0280  0.0270  0.9449  1
215:   0.0140  0.0150  0.9710  1
216:   0.0370  0.0360  0.9269  1
217:   0.0210  0.0220  0.9570  1
218:   0.0390  0.0460  0.9150  1
219:   0.0270  0.0240  0.9490  1
220:   0.0540  0.0480  0.8980  1
221:   0.2820  0.3320  0.3860  1
222:   0.0240  0.0310  0.9450  1
223:   0.0210  0.0230  0.9560  1
224:   0.4530  0.3670  0.1800  1
225:   0.1620  0.1430  0.6950  1
226:   0.0260  0.0280  0.9460  1
227:   0.1180  0.1010  0.7810  1
228:   0.0659  0.0589  0.8751  1
229:   0.0330  0.0310  0.9360  1
230:   0.0550  0.0550  0.8900  1
231:   0.0190  0.0170  0.9640  1
232:   0.0280  0.0360  0.9360  1
233:   0.0550  0.0460  0.8990  1
234:   0.4120  0.5190  0.0690  1
235:   0.1290  0.1200  0.7510  1
236:   0.0750  0.0540  0.8710  1
237:   0.0380  0.0350  0.9270  1
238:   0.0390  0.0430  0.9180  1
239:   0.1190  0.1450  0.7360  1
240:   0.0839  0.0679  0.8482  1
241:   0.3750  0.5130  0.1120  1
242:   0.1000  0.0980  0.8020  1
243:   0.0670  0.0510  0.8820  1
244:   0.2152  0.2873  0.4975  1
245:   0.0180  0.0200  0.9620  1
246:   0.0690  0.0640  0.8670  1
247:   0.0791  0.0891  0.8318  1
248:   0.0619  0.0599  0.8781  1
249:   0.1858  0.1429  0.6713  1
250:   0.2540  0.3080  0.4380  1
251:   0.0200  0.0250  0.9550  1
252:   0.0380  0.0360  0.9260  1
253:   0.0380  0.0450  0.9171  1
254:   0.1169  0.0859  0.7972  1
255:   0.0190  0.0190  0.9620  1
256:   0.0180  0.0200  0.9620  1
257:   0.0230  0.0210  0.9560  1
258:   0.0521  0.0501  0.8979  1
259:   0.0500  0.0610  0.8890  1

  1:   0.4760  0.4310  0.0930  1
  2:   0.5710  0.4050  0.0240  1
  3:   0.4144  0.5556  0.0300  1
  4:   0.4750  0.5100  0.0150  1
  5:   0.4140  0.5540  0.0320  1
  6:   0.2050  0.2770  0.5180  1
  7:   0.5060  0.4420  0.0520  1
  8:   0.4690  0.5130  0.0180  1
  9:   0.3090  0.2160  0.4750  1
 10:   0.4070  0.5570  0.0360  1
 11:   0.3420  0.2400  0.4180  1
 12:   0.5490  0.3930  0.0580  1
 13:   0.2090  0.2310  0.5600  1
 14:   0.4356  0.4326  0.1319  1
 15:   0.5820  0.3710  0.0470  1
 16:   0.5870  0.3500  0.0630  1
 17:   0.5810  0.3980  0.0210  1
 18:   0.2660  0.3390  0.3950  1
 19:   0.5510  0.4130  0.0360  1
 20:   0.6170  0.3310  0.0520  1
 21:   0.4370  0.4580  0.1050  1
 22:   0.6547  0.3103  0.0350  1
 23:   0.4950  0.4790  0.0260  1
 24:   0.4260  0.4820  0.0920  1
 25:   0.4060  0.5660  0.0280  1
 26:   0.4170  0.3590  0.2240  1
 27:   0.5980  0.3620  0.0400  1
 28:   0.3850  0.5500  0.0650  1
 29:   0.4196  0.5235  0.0569  1
 30:   0.3960  0.3580  0.2460  1
 31:   0.3203  0.5866  0.0931  1
 32:   0.4685  0.4925  0.0390  1
 33:   0.3906  0.5624  0.0470  1
 34:   0.4515  0.4925  0.0561  1
 35:   0.3790  0.5880  0.0330  1
 36:   0.2100  0.2780  0.5120  1
 37:   0.6450  0.3340  0.0210  1
 38:   0.4775  0.4146  0.1079  1
 39:   0.5440  0.3530  0.1030  1
 40:   0.3300  0.6330  0.0370  1
 41:   0.1758  0.1848  0.6394  1
 42:   0.3694  0.5005  0.1301  1
 43:   0.5495  0.4194  0.0310  1
 44:   0.3850  0.5730  0.0420  1
 45:   0.5780  0.3790  0.0430  1
 46:   0.4330  0.5250  0.0420  1
 47:   0.4356  0.4745  0.0899  1
 48:   0.5610  0.3890  0.0500  1
 49:   0.4306  0.4855  0.0839  1
 50:   0.5770  0.3620  0.0610  1
 51:   0.5380  0.3500  0.1120  1
 52:   0.6190  0.3520  0.0290  1
 53:   0.5125  0.4206  0.0669  1
 54:   0.3480  0.2290  0.4230  1
 55:   0.3477  0.6074  0.0450  1
 56:   0.5920  0.3390  0.0690  1
 57:   0.3910  0.5370  0.0720  1
 58:   0.4300  0.5420  0.0280  1
 59:   0.3710  0.4920  0.1370  1
 60:   0.3247  0.6563  0.0190  1
 61:   0.3457  0.4336  0.2208  1
 62:   0.5365  0.4224  0.0410  1
 63:   0.4825  0.4945  0.0230  1
 64:   0.5760  0.3870  0.0370  1
 65:   0.3050  0.5460  0.1490  1
 66:   0.4140  0.5460  0.0400  1
 67:   0.0840  0.0740  0.8420  1
 68:   0.4096  0.5255  0.0649  1
 69:   0.3570  0.6170  0.0260  1
 70:   0.3880  0.5760  0.0360  1
 71:   0.5810  0.3550  0.0640  1
 72:   0.4256  0.2677  0.3067  1
 73:   0.5720  0.3630  0.0650  1
 74:   0.5860  0.3880  0.0260  1
 75:   0.4995  0.3087  0.1918  1
 76:   0.4760  0.4820  0.0420  1
 77:   0.4780  0.5060  0.0160  1
 78:   0.5536  0.4134  0.0330  1
 79:   0.6140  0.3670  0.0190  1
 80:   0.6080  0.3670  0.0250  1
 81:   0.5180  0.3630  0.1190  1
 82:   0.5974  0.3387  0.0639  1
 83:   0.5015  0.4126  0.0859  1
 84:   0.4660  0.4870  0.0470  1
 85:   0.5526  0.4184  0.0290  1
 86:   0.5360  0.4110  0.0530  1
 87:   0.5405  0.3297  0.1299  1
 88:   0.5890  0.3770  0.0340  1
 89:   0.6250  0.3340  0.0410  1
 90:   0.3490  0.6030  0.0480  1
 91:   0.4920  0.4740  0.0340  1
 92:   0.3467  0.6154  0.0380  1
 93:   0.5145  0.3946  0.0909  1
 94:   0.5870  0.3870  0.0260  1
 95:   0.5650  0.4020  0.0330  1
 96:   0.1960  0.2710  0.5330  1
 97:   0.4860  0.4920  0.0220  1
 98:   0.3660  0.5820  0.0520  1
 99:   0.3570  0.5980  0.0450  1
100:   0.3756  0.5784  0.0460  1
101:   0.5470  0.4310  0.0220  1
102:   0.5740  0.4080  0.0180  1
103:   0.6190  0.3590  0.0220  1
104:   0.5876  0.3874  0.0250  1
105:   0.3200  0.3920  0.2880  1
106:   0.4905  0.4905  0.0190  1
107:   0.3210  0.4200  0.2590  1
108:   0.4286  0.5325  0.0390  1
109:   0.5165  0.4645  0.0190  1
110:   0.6356  0.3473  0.0170  1
111:   0.5506  0.4024  0.0470  1
112:   0.4510  0.5090  0.0400  1
113:   0.5780  0.3990  0.0230  1
114:   0.4860  0.2790  0.2350  1
115:   0.4690  0.4770  0.0540  1
116:   0.3910  0.5590  0.0500  1
117:   0.4210  0.5270  0.0520  1
118:   0.5265  0.4525  0.0210  1
119:   0.3880  0.3650  0.2470  1
120:   0.6096  0.3193  0.0711  1
121:   0.5460  0.4230  0.0310  1
122:   0.5260  0.3620  0.1120  1
123:   0.3830  0.3160  0.3010  1
124:   0.5400  0.4120  0.0480  1
125:   0.5355  0.4434  0.0210  1
126:   0.4935  0.3013  0.2052  1
127:   0.4860  0.4460  0.0680  1
128:   0.3916  0.5594  0.0490  1
129:   0.4850  0.4030  0.1120  1
130:   0.0590  0.0630  0.8780  1
131:   0.5620  0.4070  0.0310  1
132:   0.4880  0.4740  0.0380  1
133:   0.3500  0.5410  0.1090  1
134:   0.4660  0.4980  0.0360  1
135:   0.5960  0.3770  0.0270  1
136:   0.3260  0.6150  0.0590  1
137:   0.3510  0.5710  0.0780  1
138:   0.3594  0.4885  0.1522  1
139:   0.3514  0.6126  0.0360  1
140:   0.2570  0.4020  0.3410  1
141:   0.0490  0.0540  0.8970  1
142:   0.4140  0.5350  0.0510  1
143:   0.1380  0.1230  0.7390  1
144:   0.4640  0.5030  0.0330  1
145:   0.5240  0.4200  0.0560  1
146:   0.3413  0.5826  0.0761  1
147:   0.3200  0.4670  0.2130  1
148:   0.5120  0.4540  0.0340  1
149:   0.5140  0.3850  0.1010  1
150:   0.4910  0.4910  0.0180  1
151:   0.3263  0.6296  0.0440  1
152:   0.3560  0.5850  0.0590  1
153:   0.2820  0.5010  0.2170  1
154:   0.3380  0.6410  0.0210  1
155:   0.4670  0.4900  0.0430  1
156:   0.4510  0.4390  0.1100  1
157:   0.4910  0.4660  0.0430  1
158:   0.4256  0.5255  0.0490  1
159:   0.3960  0.5810  0.0230  1
160:   0.3320  0.6040  0.0640  1
161:   0.3490  0.6210  0.0300  1
162:   0.5240  0.4040  0.0720  1
163:   0.3660  0.5880  0.0460  1
164:   0.4356  0.5415  0.0230  1
165:   0.5990  0.3660  0.0350  1
166:   0.4590  0.3510  0.1900  1
167:   0.3840  0.5850  0.0310  1
168:   0.4270  0.5300  0.0430  1
169:   0.3520  0.5300  0.1180  1
170:   0.3200  0.4170  0.2630  1
171:   0.3806  0.5684  0.0509  1
172:   0.3350  0.4590  0.2060  1
173:   0.4130  0.5540  0.0330  1
174:   0.4270  0.5510  0.0220  1
175:   0.3850  0.5120  0.1030  1
176:   0.3440  0.5460  0.1100  1
177:   0.0280  0.0340  0.9380  1
178:   0.0890  0.0630  0.8480  1
179:   0.0730  0.0850  0.8420  1
180:   0.6050  0.3550  0.0400  1
181:   0.0430  0.0520  0.9050  1
182:   0.0490  0.0460  0.9050  1
183:   0.1319  0.1688  0.6993  1
184:   0.1190  0.1330  0.7480  1
185:   0.0549  0.0569  0.8881  1
186:   0.1310  0.0880  0.7810  1
187:   0.2520  0.3210  0.4270  1
188:   0.2450  0.1720  0.5830  1
189:   0.0430  0.0430  0.9140  1
190:   0.3560  0.5170  0.1270  1
191:   0.2080  0.1070  0.6850  1
192:   0.0200  0.0210  0.9590  1
193:   0.0200  0.0200  0.9600  1
194:   0.0260  0.0290  0.9450  1
195:   0.0280  0.0350  0.9371  1
196:   0.0280  0.0300  0.9420  1
197:   0.0280  0.0340  0.9379  1
198:   0.1530  0.2320  0.6150  1
199:   0.0610  0.0500  0.8890  1
200:   0.1001  0.1091  0.7908  1
201:   0.2462  0.2242  0.5295  1
202:   0.0509  0.0919  0.8571  1
203:   0.0760  0.1180  0.8060  1
204:   0.0200  0.0200  0.9600  1
205:   0.0550  0.0590  0.8860  1
206:   0.0510  0.0670  0.8820  1
207:   0.0810  0.0570  0.8620  1
208:   0.0320  0.0320  0.9360  1
209:   0.1209  0.1349  0.7443  1
210:   0.0160  0.0190  0.9650  1
211:   0.1069  0.1269  0.7662  1
212:   0.0590  0.0490  0.8920  1
213:   0.0640  0.0510  0.8850  1
214:   0.0330  0.0260  0.9411  1
215:   0.0140  0.0150  0.9710  1
216:   0.0360  0.0380  0.9259  1
217:   0.0220  0.0260  0.9520  1
218:   0.0390  0.0520  0.9090  1
219:   0.0290  0.0250  0.9460  1
220:   0.0660  0.0550  0.8790  1
221:   0.2870  0.3220  0.3910  1
222:   0.0250  0.0280  0.9470  1
223:   0.0240  0.0240  0.9520  1
224:   0.4430  0.3680  0.1890  1
225:   0.1712  0.1441  0.6847  1
226:   0.0280  0.0300  0.9420  1
227:   0.1210  0.0890  0.7900  1
228:   0.0690  0.0580  0.8730  1
229:   0.0340  0.0370  0.9290  1
230:   0.0580  0.0560  0.8860  1
231:   0.0190  0.0200  0.9610  1
232:   0.0270  0.0350  0.9380  1
233:   0.0551  0.0470  0.8979  1
234:   0.3950  0.5320  0.0730  1
235:   0.1340  0.1280  0.7380  1
236:   0.0830  0.0510  0.8660  1
237:   0.0480  0.0330  0.9190  1
238:   0.0360  0.0460  0.9180  1
239:   0.1170  0.1520  0.7310  1
240:   0.0721  0.0821  0.8458  1
241:   0.3160  0.5700  0.1140  1
242:   0.1039  0.0939  0.8022  1
243:   0.0749  0.0519  0.8731  1
244:   0.2160  0.2790  0.5050  1
245:   0.0180  0.0190  0.9630  1
246:   0.0750  0.0670  0.8580  1
247:   0.0711  0.0931  0.8358  1
248:   0.0661  0.0591  0.8749  1
249:   0.2120  0.1480  0.6400  1
250:   0.2670  0.2830  0.4500  1
251:   0.0220  0.0260  0.9520  1
252:   0.0460  0.0350  0.9190  1
253:   0.0400  0.0460  0.9140  1
254:   0.1250  0.0760  0.7990  1
255:   0.0190  0.0200  0.9610  1
256:   0.0190  0.0230  0.9580  1
257:   0.0240  0.0230  0.9530  1
258:   0.0550  0.0540  0.8910  1
259:   0.0501  0.0631  0.8869  1

  1:   0.4760  0.4360  0.0880  1
  2:   0.5310  0.4450  0.0240  1
  3:   0.4204  0.5495  0.0300  1
  4:   0.4755  0.5095  0.0150  1
  5:   0.4390  0.5280  0.0330  1
  6:   0.2220  0.2610  0.5170  1
  7:   0.4870  0.4600  0.0530  1
  8:   0.4760  0.5060  0.0180  1
  9:   0.2740  0.2470  0.4790  1
 10:   0.4480  0.5170  0.0350  1
 11:   0.3140  0.2700  0.4160  1
 12:   0.4990  0.4450  0.0560  1
 13:   0.2060  0.2350  0.5590  1
 14:   0.4280  0.4410  0.1310  1
 15:   0.5150  0.4360  0.0490  1
 16:   0.5200  0.4170  0.0630  1
 17:   0.5380  0.4410  0.0210  1
 18:   0.2660  0.3330  0.4010  1
 19:   0.5300  0.4340  0.0360  1
 20:   0.5265  0.4194  0.0541  1
 21:   0.4394  0.4494  0.1111  1
 22:   0.5610  0.4060  0.0330  1
 23:   0.4680  0.5070  0.0250  1
 24:   0.4134  0.4865  0.1001  1
 25:   0.4480  0.5240  0.0280  1
 26:   0.4180  0.3600  0.2220  1
 27:   0.5185  0.4396  0.0420  1
 28:   0.4194  0.5245  0.0561  1
 29:   0.4380  0.5060  0.0560  1
 30:   0.3650  0.3900  0.2450  1
 31:   0.3930  0.5170  0.0900  1
 32:   0.4580  0.5010  0.0410  1
 33:   0.4164  0.5375  0.0460  1
 34:   0.4680  0.4790  0.0530  1
 35:   0.4270  0.5390  0.0340  1
 36:   0.2390  0.2590  0.5020  1
 37:   0.5676  0.4104  0.0220  1
 38:   0.4384  0.4555  0.1061  1
 39:   0.4905  0.4134  0.0961  1
 40:   0.3990  0.5640  0.0370  1
 41:   0.1850  0.1740  0.6410  1
 42:   0.3936  0.4775  0.1289  1
 43:   0.5190  0.4490  0.0320  1
 44:   0.4450  0.5110  0.0440  1
 45:   0.5235  0.4314  0.0450  1
 46:   0.4590  0.4980  0.0430  1
 47:   0.4426  0.4645  0.0929  1
 48:   0.5130  0.4380  0.0490  1
 49:   0.4565  0.4595  0.0841  1
 50:   0.5110  0.4320  0.0570  1
 51:   0.4970  0.3910  0.1120  1
 52:   0.5230  0.4470  0.0300  1
 53:   0.5010  0.4290  0.0700  1
 54:   0.3110  0.2750  0.4140  1
 55:   0.4060  0.5490  0.0450  1
 56:   0.5400  0.3890  0.0710  1
 57:   0.4525  0.4765  0.0711  1
 58:   0.4560  0.5140  0.0300  1
 59:   0.3890  0.4780  0.1330  1
 60:   0.4090  0.5720  0.0190  1
 61:   0.3560  0.4150  0.2290  1
 62:   0.5150  0.4450  0.0400  1
 63:   0.4980  0.4770  0.0250  1
 64:   0.5245  0.4386  0.0370  1
 65:   0.3654  0.4795  0.1552  1
 66:   0.4470  0.5090  0.0440  1
 67:   0.0839  0.0799  0.8362  1
 68:   0.4244  0.5115  0.0641  1
 69:   0.4130  0.5610  0.0260  1
 70:   0.4380  0.5290  0.0330  1
 71:   0.5315  0.4046  0.0639  1
 72:   0.4040  0.2970  0.2990  1
 73:   0.5300  0.4070  0.0630  1
 74:   0.5310  0.4460  0.0230  1
 75:   0.4610  0.3510  0.1880  1
 76:   0.4950  0.4660  0.0390  1
 77:   0.5020  0.4810  0.0170  1
 78:   0.5280  0.4410  0.0310  1
 79:   0.5470  0.4340  0.0190  1
 80:   0.5546  0.4204  0.0250  1
 81:   0.4960  0.3880  0.1160  1
 82:   0.5360  0.3970  0.0670  1
 83:   0.4575  0.4565  0.0861  1
 84:   0.4820  0.4740  0.0440  1
 85:   0.5160  0.4540  0.0300  1
 86:   0.5060  0.4460  0.0480  1
 87:   0.4885  0.3824  0.1291  1
 88:   0.5135  0.4535  0.0330  1
 89:   0.5560  0.4050  0.0390  1
 90:   0.4114  0.5425  0.0460  1
 91:   0.4825  0.4865  0.0310  1
 92:   0.4070  0.5560  0.0370  1
 93:   0.4905  0.4174  0.0921  1
 94:   0.5350  0.4400  0.0250  1
 95:   0.5380  0.4290  0.0330  1
 96:   0.2232  0.2322  0.5445  1
 97:   0.4780  0.4990  0.0230  1
 98:   0.4280  0.5190  0.0530  1
 99:   0.4180  0.5370  0.0450  1
100:   0.4350  0.5190  0.0460  1
101:   0.5130  0.4660  0.0210  1
102:   0.5610  0.4210  0.0180  1
103:   0.5480  0.4310  0.0210  1
104:   0.5370  0.4350  0.0280  1
105:   0.3260  0.3690  0.3050  1
106:   0.5010  0.4800  0.0190  1
107:   0.3377  0.3946  0.2677  1
108:   0.4390  0.5260  0.0350  1
109:   0.5020  0.4800  0.0180  1
110:   0.5596  0.4244  0.0160  1
111:   0.5180  0.4350  0.0470  1
112:   0.4595  0.4985  0.0420  1
113:   0.5290  0.4510  0.0200  1
114:   0.4340  0.3270  0.2390  1
115:   0.4670  0.4780  0.0550  1
116:   0.4090  0.5400  0.0510  1
117:   0.4640  0.4850  0.0510  1
118:   0.5105  0.4685  0.0210  1
119:   0.3850  0.3640  0.2510  1
120:   0.5400  0.3900  0.0700  1
121:   0.5480  0.4240  0.0280  1
122:   0.4680  0.4270  0.1050  1
123:   0.3680  0.3330  0.2990  1
124:   0.5050  0.4480  0.0470  1
125:   0.5370  0.4420  0.0210  1
126:   0.4620  0.3420  0.1960  1
127:   0.4930  0.4410  0.0660  1
128:   0.4430  0.5060  0.0510  1
129:   0.4424  0.4394  0.1181  1
130:   0.0610  0.0640  0.8750  1
131:   0.5290  0.4390  0.0320  1
132:   0.4895  0.4715  0.0390  1
133:   0.3880  0.5030  0.1090  1
134:   0.4530  0.5110  0.0360  1
135:   0.5560  0.4190  0.0250  1
136:   0.3954  0.5455  0.0591  1
137:   0.4044  0.5135  0.0821  1
138:   0.3786  0.4775  0.1439  1
139:   0.4210  0.5400  0.0390  1
140:   0.2880  0.3700  0.3420  1
141:   0.0510  0.0520  0.8970  1
142:   0.4450  0.5020  0.0530  1
143:   0.1230  0.1170  0.7600  1
144:   0.4790  0.4890  0.0320  1
145:   0.4960  0.4450  0.0590  1
146:   0.4024  0.5235  0.0741  1
147:   0.3624  0.4394  0.1982  1
148:   0.4905  0.4735  0.0360  1
149:   0.4540  0.4340  0.1120  1
150:   0.4940  0.4890  0.0170  1
151:   0.4086  0.5465  0.0450  1
152:   0.4170  0.5160  0.0670  1
153:   0.3383  0.4434  0.2182  1
154:   0.4060  0.5720  0.0220  1
155:   0.4790  0.4770  0.0440  1
156:   0.4340  0.4570  0.1090  1
157:   0.4730  0.4870  0.0400  1
158:   0.4280  0.5170  0.0550  1
159:   0.4240  0.5530  0.0230  1
160:   0.4186  0.5155  0.0659  1
161:   0.4170  0.5550  0.0280  1
162:   0.5065  0.4226  0.0709  1
163:   0.4390  0.5150  0.0460  1
164:   0.4870  0.4900  0.0230  1
165:   0.5395  0.4274  0.0330  1
166:   0.4350  0.3840  0.1810  1
167:   0.4330  0.5370  0.0300  1
168:   0.4645  0.4885  0.0470  1
169:   0.4010  0.4880  0.1110  1
170:   0.3333  0.4074  0.2593  1
171:   0.4186  0.5325  0.0490  1
172:   0.3554  0.4284  0.2162  1
173:   0.4750  0.4900  0.0350  1
174:   0.4865  0.4915  0.0220  1
175:   0.4136  0.4795  0.1069  1
176:   0.4034  0.4905  0.1061  1
177:   0.0310  0.0310  0.9379  1
178:   0.0799  0.0669  0.8531  1
179:   0.0730  0.0790  0.8480  1
180:   0.5650  0.3960  0.0390  1
181:   0.0440  0.0480  0.9080  1
182:   0.0521  0.0450  0.9029  1
183:   0.1270  0.1510  0.7220  1
184:   0.1250  0.1280  0.7470  1
185:   0.0520  0.0520  0.8960  1
186:   0.1220  0.0940  0.7840  1
187:   0.2850  0.2860  0.4290  1
188:   0.2320  0.1860  0.5820  1
189:   0.0450  0.0460  0.9089  1
190:   0.3954  0.4695  0.1351  1
191:   0.1950  0.1300  0.6750  1
192:   0.0180  0.0210  0.9610  1
193:   0.0200  0.0210  0.9590  1
194:   0.0280  0.0290  0.9430  1
195:   0.0290  0.0330  0.9380  1
196:   0.0280  0.0310  0.9410  1
197:   0.0280  0.0290  0.9431  1
198:   0.1820  0.2250  0.5930  1
199:   0.0551  0.0460  0.8989  1
200:   0.1000  0.1120  0.7880  1
201:   0.2380  0.2160  0.5460  1
202:   0.0620  0.0800  0.8580  1
203:   0.0880  0.1110  0.8010  1
204:   0.0200  0.0200  0.9600  1
205:   0.0540  0.0600  0.8860  1
206:   0.0509  0.0679  0.8811  1
207:   0.0821  0.0641  0.8539  1
208:   0.0310  0.0280  0.9411  1
209:   0.1250  0.1360  0.7390  1
210:   0.0170  0.0180  0.9650  1
211:   0.1051  0.1081  0.7868  1
212:   0.0531  0.0531  0.8939  1
213:   0.0550  0.0500  0.8950  1
214:   0.0300  0.0290  0.9410  1
215:   0.0150  0.0140  0.9710  1
216:   0.0370  0.0390  0.9240  1
217:   0.0220  0.0250  0.9530  1
218:   0.0410  0.0460  0.9130  1
219:   0.0290  0.0290  0.9421  1
220:   0.0550  0.0570  0.8880  1
221:   0.2793  0.3193  0.4014  1
222:   0.0260  0.0270  0.9470  1
223:   0.0240  0.0230  0.9530  1
224:   0.4306  0.3806  0.1888  1
225:   0.1520  0.1510  0.6970  1
226:   0.0270  0.0260  0.9471  1
227:   0.1270  0.1010  0.7720  1
228:   0.0700  0.0610  0.8690  1
229:   0.0350  0.0330  0.9320  1
230:   0.0601  0.0561  0.8839  1
231:   0.0200  0.0190  0.9610  1
232:   0.0260  0.0340  0.9400  1
233:   0.0500  0.0520  0.8980  1
234:   0.4450  0.4850  0.0700  1
235:   0.1280  0.1300  0.7420  1
236:   0.0739  0.0529  0.8731  1
237:   0.0440  0.0400  0.9161  1
238:   0.0420  0.0450  0.9130  1
239:   0.1190  0.1400  0.7410  1
240:   0.0689  0.0799  0.8511  1
241:   0.3650  0.5130  0.1220  1
242:   0.1050  0.1070  0.7880  1
243:   0.0630  0.0540  0.8830  1
244:   0.2350  0.2680  0.4970  1
245:   0.0190  0.0200  0.9610  1
246:   0.0690  0.0640  0.8670  1
247:   0.0769  0.0919  0.8312  1
248:   0.0650  0.0630  0.8720  1
249:   0.1822  0.1622  0.6557  1
250:   0.2710  0.2800  0.4490  1
251:   0.0240  0.0280  0.9481  1
252:   0.0410  0.0350  0.9240  1
253:   0.0400  0.0430  0.9170  1
254:   0.1250  0.0920  0.7830  1
255:   0.0200  0.0190  0.9610  1
256:   0.0190  0.0210  0.9600  1
257:   0.0220  0.0230  0.9550  1
258:   0.0520  0.0540  0.8940  1
259:   0.0520  0.0540  0.8940  1

  1:   0.4540  0.4580  0.0880  1
  2:   0.5560  0.4210  0.0230  1
  3:   0.5055  0.4635  0.0310  1
  4:   0.5440  0.4400  0.0160  1
  5:   0.4945  0.4745  0.0310  1
  6:   0.2480  0.2440  0.5080  1
  7:   0.5160  0.4300  0.0540  1
  8:   0.5514  0.4306  0.0180  1
  9:   0.2770  0.2360  0.4870  1
 10:   0.4755  0.4895  0.0350  1
 11:   0.3033  0.2633  0.4334  1
 12:   0.5300  0.4130  0.0570  1
 13:   0.2260  0.2170  0.5570  1
 14:   0.4300  0.4360  0.1340  1
 15:   0.5180  0.4320  0.0500  1
 16:   0.5320  0.4030  0.0650  1
 17:   0.4800  0.4980  0.0220  1
 18:   0.2893  0.3063  0.4044  1
 19:   0.4970  0.4640  0.0390  1
 20:   0.5190  0.4280  0.0530  1
 21:   0.4350  0.4490  0.1160  1
 22:   0.5460  0.4180  0.0360  1
 23:   0.5000  0.4750  0.0250  1
 24:   0.4500  0.4490  0.1010  1
 25:   0.5010  0.4720  0.0270  1
 26:   0.3890  0.3920  0.2190  1
 27:   0.5195  0.4376  0.0430  1
 28:   0.4565  0.4855  0.0581  1
 29:   0.4436  0.4995  0.0569  1
 30:   0.3830  0.3780  0.2390  1
 31:   0.3916  0.5165  0.0919  1
 32:   0.4790  0.4790  0.0420  1
 33:   0.4600  0.4920  0.0480  1
 34:   0.4745  0.4715  0.0539  1
 35:   0.4110  0.5570  0.0320  1
 36:   0.2470  0.2560  0.4970  1
 37:   0.5220  0.4570  0.0210  1
 38:   0.4400  0.4500  0.1100  1
 39:   0.4910  0.4100  0.0990  1
 40:   0.4060  0.5550  0.0390  1
 41:   0.1710  0.1890  0.6400  1
 42:   0.4190  0.4550  0.1260  1
 43:   0.4835  0.4845  0.0320  1
 44:   0.4470  0.5110  0.0420  1
 45:   0.4770  0.4770  0.0460  1
 46:   0.4570  0.5000  0.0430  1
 47:   0.4570  0.4510  0.0920  1
 48:   0.5205  0.4296  0.0500  1
 49:   0.4730  0.4490  0.0780  1
 50:   0.4985  0.4434  0.0581  1
 51:   0.4520  0.4270  0.1210  1
 52:   0.5440  0.4290  0.0270  1
 53:   0.4610  0.4710  0.0680  1
 54:   0.3000  0.2710  0.4290  1
 55:   0.4550  0.5020  0.0430  1
 56:   0.5190  0.4030  0.0780  1
 57:   0.4306  0.5005  0.0689  1
 58:   0.4680  0.5020  0.0300  1
 59:   0.4470  0.4310  0.1220  1
 60:   0.4180  0.5630  0.0190  1
 61:   0.3610  0.4130  0.2260  1
 62:   0.4740  0.4810  0.0450  1
 63:   0.4960  0.4800  0.0240  1
 64:   0.5350  0.4270  0.0380  1
 65:   0.3670  0.4740  0.1590  1
 66:   0.4525  0.5065  0.0410  1
 67:   0.0860  0.0750  0.8390  1
 68:   0.4500  0.4920  0.0580  1
 69:   0.4484  0.5275  0.0240  1
 70:   0.4250  0.5390  0.0360  1
 71:   0.4960  0.4360  0.0680  1
 72:   0.3836  0.3087  0.3077  1
 73:   0.4875  0.4505  0.0621  1
 74:   0.4970  0.4800  0.0230  1
 75:   0.4060  0.3980  0.1960  1
 76:   0.5130  0.4480  0.0390  1
 77:   0.4525  0.5305  0.0170  1
 78:   0.5420  0.4250  0.0330  1
 79:   0.5546  0.4264  0.0190  1
 80:   0.5040  0.4720  0.0240  1
 81:   0.4560  0.4220  0.1220  1
 82:   0.4970  0.4370  0.0660  1
 83:   0.4515  0.4625  0.0861  1
 84:   0.5110  0.4400  0.0490  1
 85:   0.5180  0.4550  0.0270  1
 86:   0.5150  0.4330  0.0520  1
 87:   0.4780  0.3870  0.1350  1
 88:   0.4935  0.4735  0.0330  1
 89:   0.5320  0.4270  0.0410  1
 90:   0.4130  0.5380  0.0490  1
 91:   0.4680  0.5020  0.0300  1
 92:   0.4310  0.5290  0.0400  1
 93:   0.5050  0.4080  0.0870  1
 94:   0.5230  0.4510  0.0260  1
 95:   0.4985  0.4705  0.0310  1
 96:   0.2442  0.2563  0.4995  1
 97:   0.5055  0.4705  0.0240  1
 98:   0.4480  0.4980  0.0540  1
 99:   0.4280  0.5270  0.0450  1
100:   0.4424  0.5105  0.0470  1
101:   0.5560  0.4220  0.0220  1
102:   0.5090  0.4730  0.0180  1
103:   0.5440  0.4350  0.0210  1
104:   0.5090  0.4650  0.0260  1
105:   0.3490  0.3590  0.2920  1
106:   0.4800  0.5020  0.0180  1
107:   0.3353  0.3934  0.2713  1
108:   0.4840  0.4780  0.0380  1
109:   0.4970  0.4840  0.0190  1
110:   0.5215  0.4615  0.0170  1
111:   0.5140  0.4400  0.0460  1
112:   0.4660  0.4940  0.0400  1
113:   0.5270  0.4520  0.0210  1
114:   0.4090  0.3570  0.2340  1
115:   0.4400  0.5040  0.0560  1
116:   0.4490  0.5040  0.0470  1
117:   0.4500  0.4970  0.0530  1
118:   0.4735  0.5055  0.0210  1
119:   0.3620  0.3970  0.2410  1
120:   0.5030  0.4270  0.0700  1
121:   0.4710  0.4990  0.0300  1
122:   0.4530  0.4380  0.1090  1
123:   0.3620  0.3380  0.3000  1
124:   0.4915  0.4615  0.0470  1
125:   0.5240  0.4540  0.0220  1
126:   0.4210  0.3720  0.2070  1
127:   0.4400  0.4930  0.0670  1
128:   0.4260  0.5220  0.0520  1
129:   0.4660  0.4260  0.1080  1
130:   0.0640  0.0610  0.8750  1
131:   0.4780  0.4910  0.0310  1
132:   0.4510  0.5110  0.0380  1
133:   0.4200  0.4640  0.1160  1
134:   0.5040  0.4590  0.0370  1
135:   0.5040  0.4670  0.0290  1
136:   0.3880  0.5530  0.0590  1
137:   0.4410  0.4730  0.0860  1
138:   0.4070  0.4550  0.1380  1
139:   0.4440  0.5140  0.0420  1
140:   0.3130  0.3580  0.3290  1
141:   0.0490  0.0510  0.9000  1
142:   0.4655  0.4825  0.0521  1
143:   0.1330  0.1170  0.7500  1
144:   0.4790  0.4900  0.0310  1
145:   0.4835  0.4605  0.0561  1
146:   0.4605  0.4735  0.0661  1
147:   0.3920  0.4040  0.2040  1
148:   0.4970  0.4670  0.0360  1
149:   0.4620  0.4290  0.1090  1
150:   0.4750  0.5080  0.0170  1
151:   0.4190  0.5370  0.0440  1
152:   0.4550  0.4810  0.0640  1
153:   0.3560  0.4120  0.2320  1
154:   0.4050  0.5740  0.0210  1
155:   0.4640  0.4960  0.0400  1
156:   0.4620  0.4330  0.1050  1
157:   0.5000  0.4560  0.0440  1
158:   0.4830  0.4640  0.0530  1
159:   0.4130  0.5640  0.0230  1
160:   0.4360  0.5000  0.0640  1
161:   0.4026  0.5674  0.0300  1
162:   0.4610  0.4700  0.0690  1
163:   0.4625  0.4905  0.0470  1
164:   0.5010  0.4760  0.0230  1
165:   0.5200  0.4470  0.0330  1
166:   0.4164  0.3954  0.1882  1
167:   0.4665  0.5025  0.0310  1
168:   0.4650  0.4910  0.0440  1
169:   0.4140  0.4760  0.1100  1
170:   0.3630  0.3800  0.2570  1
171:   0.4600  0.4920  0.0480  1
172:   0.3720  0.4140  0.2140  1
173:   0.4840  0.4830  0.0330  1
174:   0.4635  0.5135  0.0230  1
175:   0.4170  0.4800  0.1030  1
176:   0.3994  0.4945  0.1061  1
177:   0.0340  0.0320  0.9340  1
178:   0.0809  0.0709  0.8482  1
179:   0.0710  0.0810  0.8480  1
180:   0.5330  0.4260  0.0410  1
181:   0.0440  0.0500  0.9060  1
182:   0.0510  0.0470  0.9020  1
183:   0.1340  0.1560  0.7100  1
184:   0.1241  0.1321  0.7437  1
185:   0.0531  0.0551  0.8919  1
186:   0.1080  0.0950  0.7970  1
187:   0.2680  0.2970  0.4350  1
188:   0.2210  0.1950  0.5840  1
189:   0.0430  0.0430  0.9139  1
190:   0.4094  0.4745  0.1161  1
191:   0.1670  0.1350  0.6980  1
192:   0.0200  0.0210  0.9590  1
193:   0.0200  0.0220  0.9580  1
194:   0.0290  0.0290  0.9420  1
195:   0.0300  0.0340  0.9360  1
196:   0.0270  0.0300  0.9430  1
197:   0.0290  0.0340  0.9371  1
198:   0.1792  0.2202  0.6006  1
199:   0.0560  0.0500  0.8940  1
200:   0.1239  0.1049  0.7712  1
201:   0.2390  0.2280  0.5330  1
202:   0.0680  0.0780  0.8540  1
203:   0.0970  0.1060  0.7970  1
204:   0.0200  0.0220  0.9580  1
205:   0.0590  0.0580  0.8830  1
206:   0.0591  0.0601  0.8809  1
207:   0.0720  0.0660  0.8620  1
208:   0.0300  0.0300  0.9400  1
209:   0.1291  0.1251  0.7457  1
210:   0.0160  0.0180  0.9660  1
211:   0.1120  0.1100  0.7780  1
212:   0.0550  0.0480  0.8970  1
213:   0.0550  0.0540  0.8910  1
214:   0.0300  0.0270  0.9431  1
215:   0.0150  0.0150  0.9700  1
216:   0.0380  0.0390  0.9230  1
217:   0.0220  0.0220  0.9560  1
218:   0.0440  0.0480  0.9079  1
219:   0.0310  0.0270  0.9419  1
220:   0.0541  0.0521  0.8939  1
221:   0.2837  0.3167  0.3996  1
222:   0.0290  0.0270  0.9440  1
223:   0.0230  0.0230  0.9540  1
224:   0.4240  0.3880  0.1880  1
225:   0.1640  0.1520  0.6840  1
226:   0.0270  0.0280  0.9449  1
227:   0.1100  0.1120  0.7780  1
228:   0.0660  0.0650  0.8690  1
229:   0.0380  0.0330  0.9290  1
230:   0.0560  0.0570  0.8870  1
231:   0.0210  0.0210  0.9580  1
232:   0.0340  0.0320  0.9340  1
233:   0.0511  0.0490  0.8999  1
234:   0.4400  0.4870  0.0730  1
235:   0.1220  0.1310  0.7470  1
236:   0.0630  0.0630  0.8740  1
237:   0.0410  0.0400  0.9190  1
238:   0.0390  0.0460  0.9151  1
239:   0.1440  0.1390  0.7170  1
240:   0.0990  0.0790  0.8220  1
241:   0.4120  0.4720  0.1160  1
242:   0.1030  0.1040  0.7930  1
243:   0.0600  0.0620  0.8780  1
244:   0.2342  0.2643  0.5015  1
245:   0.0190  0.0190  0.9620  1
246:   0.0700  0.0740  0.8560  1
247:   0.0850  0.0920  0.8230  1
248:   0.0550  0.0600  0.8850  1
249:   0.1830  0.1480  0.6690  1
250:   0.2770  0.2780  0.4450  1
251:   0.0230  0.0240  0.9530  1
252:   0.0420  0.0390  0.9190  1
253:   0.0430  0.0460  0.9110  1
254:   0.1090  0.0960  0.7950  1
255:   0.0180  0.0200  0.9620  1
256:   0.0200  0.0200  0.9600  1
257:   0.0220  0.0220  0.9560  1
258:   0.0520  0.0550  0.8930  1
259:   0.0510  0.0520  0.8970  1

  1:   0.4300  0.4810  0.0890  1
  2:   0.5000  0.4790  0.0210  1
  3:   0.4520  0.5180  0.0300  1
  4:   0.5060  0.4800  0.0140  1
  5:   0.4550  0.5130  0.0320  1
  6:   0.2440  0.2410  0.5150  1
  7:   0.4770  0.4760  0.0470  1
  8:   0.4640  0.5200  0.0160  1
  9:   0.2657  0.2537  0.4805  1
 10:   0.4640  0.5030  0.0330  1
 11:   0.3050  0.2860  0.4090  1
 12:   0.4770  0.4680  0.0550  1
 13:   0.2250  0.2230  0.5520  1
 14:   0.4330  0.4360  0.1310  1
 15:   0.4940  0.4590  0.0470  1
 16:   0.4930  0.4460  0.0610  1
 17:   0.4900  0.4900  0.0200  1
 18:   0.2837  0.3217  0.3946  1
 19:   0.4935  0.4705  0.0360  1
 20:   0.5005  0.4496  0.0500  1
 21:   0.4450  0.4440  0.1110  1
 22:   0.5130  0.4550  0.0320  1
 23:   0.4810  0.4950  0.0240  1
 24:   0.4615  0.4396  0.0989  1
 25:   0.4450  0.5270  0.0280  1
 26:   0.3830  0.3940  0.2230  1
 27:   0.4800  0.4810  0.0390  1
 28:   0.4590  0.4830  0.0580  1
 29:   0.4400  0.4990  0.0610  1
 30:   0.3640  0.3890  0.2470  1
 31:   0.4370  0.4750  0.0880  1
 32:   0.4570  0.5010  0.0420  1
 33:   0.4450  0.5120  0.0430  1
 34:   0.4815  0.4645  0.0541  1
 35:   0.4610  0.5070  0.0320  1
 36:   0.2410  0.2530  0.5060  1
 37:   0.5090  0.4720  0.0190  1
 38:   0.4400  0.4520  0.1080  1
 39:   0.4815  0.4196  0.0989  1
 40:   0.4520  0.5130  0.0350  1
 41:   0.1830  0.1760  0.6410  1
 42:   0.4116  0.4555  0.1329  1
 43:   0.4920  0.4770  0.0310  1
 44:   0.4600  0.5000  0.0400  1
 45:   0.4890  0.4720  0.0390  1
 46:   0.4710  0.4850  0.0440  1
 47:   0.4500  0.4610  0.0890  1
 48:   0.5095  0.4426  0.0480  1
 49:   0.4580  0.4640  0.0780  1
 50:   0.4850  0.4610  0.0540  1
 51:   0.4690  0.4180  0.1130  1
 52:   0.4990  0.4740  0.0270  1
 53:   0.4540  0.4790  0.0670  1
 54:   0.2890  0.2850  0.4260  1
 55:   0.4620  0.4950  0.0430  1
 56:   0.4980  0.4360  0.0660  1
 57:   0.4645  0.4705  0.0649  1
 58:   0.4650  0.5050  0.0300  1
 59:   0.4360  0.4420  0.1220  1
 60:   0.4675  0.5155  0.0170  1
 61:   0.3790  0.4030  0.2180  1
 62:   0.4740  0.4860  0.0400  1
 63:   0.4930  0.4830  0.0240  1
 64:   0.4925  0.4725  0.0350  1
 65:   0.4080  0.4320  0.1600  1
 66:   0.4730  0.4900  0.0370  1
 67:   0.0801  0.0741  0.8458  1
 68:   0.4600  0.4850  0.0550  1
 69:   0.4765  0.5005  0.0230  1
 70:   0.4535  0.5115  0.0350  1
 71:   0.5110  0.4300  0.0590  1
 72:   0.3816  0.3297  0.2887  1
 73:   0.5050  0.4350  0.0600  1
 74:   0.5050  0.4730  0.0220  1
 75:   0.4104  0.4034  0.1862  1
 76:   0.5130  0.4480  0.0390  1
 77:   0.4890  0.4940  0.0170  1
 78:   0.5350  0.4340  0.0310  1
 79:   0.5140  0.4670  0.0190  1
 80:   0.4820  0.4930  0.0250  1
 81:   0.4590  0.4250  0.1160  1
 82:   0.5110  0.4310  0.0580  1
 83:   0.4610  0.4530  0.0860  1
 84:   0.5015  0.4555  0.0430  1
 85:   0.5120  0.4580  0.0300  1
 86:   0.5150  0.4380  0.0470  1
 87:   0.4530  0.4180  0.1290  1
 88:   0.4980  0.4710  0.0310  1
 89:   0.5150  0.4480  0.0370  1
 90:   0.4540  0.5030  0.0430  1
 91:   0.4610  0.5080  0.0310  1
 92:   0.4600  0.5050  0.0350  1
 93:   0.4740  0.4420  0.0840  1
 94:   0.5270  0.4480  0.0250  1
 95:   0.4845  0.4835  0.0320  1
 96:   0.2220  0.2340  0.5440  1
 97:   0.5040  0.4760  0.0200  1
 98:   0.4720  0.4820  0.0460  1
 99:   0.4725  0.4845  0.0430  1
100:   0.4334  0.5195  0.0470  1
101:   0.4790  0.5010  0.0200  1
102:   0.5065  0.4765  0.0170  1
103:   0.5160  0.4630  0.0210  1
104:   0.4950  0.4810  0.0240  1
105:   0.3680  0.3260  0.3060  1
106:   0.4690  0.5140  0.0170  1
107:   0.3624  0.3724  0.2653  1
108:   0.4500  0.5150  0.0350  1
109:   0.4735  0.5085  0.0180  1
110:   0.5075  0.4765  0.0160  1
111:   0.4810  0.4710  0.0480  1
112:   0.4590  0.4960  0.0450  1
113:   0.5120  0.4670  0.0210  1
114:   0.4074  0.3694  0.2232  1
115:   0.4610  0.4820  0.0570  1
116:   0.4280  0.5230  0.0490  1
117:   0.4690  0.4810  0.0500  1
118:   0.4860  0.4930  0.0210  1
119:   0.3850  0.3720  0.2430  1
120:   0.4980  0.4330  0.0690  1
121:   0.4920  0.4800  0.0280  1
122:   0.4600  0.4320  0.1080  1
123:   0.3430  0.3560  0.3010  1
124:   0.4645  0.4885  0.0470  1
125:   0.4920  0.4880  0.0200  1
126:   0.4230  0.3750  0.2020  1
127:   0.4610  0.4720  0.0670  1
128:   0.4820  0.4680  0.0500  1
129:   0.4460  0.4360  0.1180  1
130:   0.0560  0.0620  0.8820  1
131:   0.4750  0.4950  0.0300  1
132:   0.4685  0.4915  0.0400  1
133:   0.4130  0.4720  0.1150  1
134:   0.4725  0.4915  0.0360  1
135:   0.4850  0.4890  0.0260  1
136:   0.4434  0.5025  0.0541  1
137:   0.4640  0.4630  0.0730  1
138:   0.4270  0.4340  0.1390  1
139:   0.4845  0.4805  0.0350  1
140:   0.3420  0.3410  0.3170  1
141:   0.0460  0.0490  0.9050  1
142:   0.4384  0.5095  0.0521  1
143:   0.1240  0.1170  0.7590  1
144:   0.5060  0.4620  0.0320  1
145:   0.4720  0.4690  0.0590  1
146:   0.4795  0.4515  0.0691  1
147:   0.4084  0.4044  0.1872  1
148:   0.5010  0.4640  0.0350  1
149:   0.4386  0.4535  0.1079  1
150:   0.4870  0.4970  0.0160  1
151:   0.4590  0.5010  0.0400  1
152:   0.4715  0.4665  0.0621  1
153:   0.3740  0.4040  0.2220  1
154:   0.4610  0.5190  0.0200  1
155:   0.4720  0.4880  0.0400  1
156:   0.4460  0.4440  0.1100  1
157:   0.4960  0.4650  0.0390  1
158:   0.4605  0.4915  0.0480  1
159:   0.4690  0.5100  0.0210  1
160:   0.4555  0.4765  0.0679  1
161:   0.4650  0.5090  0.0260  1
162:   0.4725  0.4565  0.0711  1
163:   0.4830  0.4760  0.0410  1
164:   0.5075  0.4715  0.0210  1
165:   0.5015  0.4655  0.0330  1
166:   0.4150  0.4000  0.1850  1
167:   0.4790  0.4930  0.0280  1
168:   0.4770  0.4790  0.0440  1
169:   0.4360  0.4540  0.1100  1
170:   0.3560  0.3790  0.2650  1
171:   0.4790  0.4780  0.0430  1
172:   0.3964  0.3984  0.2052  1
173:   0.4980  0.4710  0.0310  1
174:   0.4910  0.4880  0.0210  1
175:   0.4310  0.4670  0.1020  1
176:   0.4444  0.4494  0.1061  1
