1:    0.493 0.084 0.423 1    
2:    0.548 0.021 0.431 1    
3:    0.444 0.030 0.526 1    
4:    0.468 0.014 0.518 1    
5:    0.465 0.031 0.503 1    
6:    0.216 0.502 0.282 1    
7:    0.512 0.052 0.437 1    
8:    0.522 0.017 0.461 1    
9:    0.291 0.475 0.234 1    
10:   0.466 0.034 0.499 1    
11:   0.326 0.411 0.263 1    
12:   0.549 0.053 0.398 1    
13:   0.203 0.561 0.236 1    
14:   0.438 0.130 0.432 1    
15:   0.551 0.044 0.405 1    
16:   0.538 0.063 0.399 1    
17:   0.543 0.020 0.437 1    
18:   0.273 0.395 0.333 1    
19:   0.558 0.035 0.406 1    
20:   0.558 0.051 0.391 1    
21:   0.430 0.109 0.461 1    
22:   0.587 0.032 0.381 1    
23:   0.477 0.024 0.499 1    
24:   0.423 0.098 0.479 1    
25:   0.469 0.028 0.503 1    
26:   0.425 0.223 0.352 1    
27:   0.560 0.039 0.401 1    
28:   0.430 0.059 0.512 1    
29:   0.440 0.054 0.506 1    
30:   0.369 0.253 0.378 1    
31:   0.377 0.078 0.545 1    
32:   0.454 0.040 0.506 1    
33:   0.413 0.043 0.544 1    
34:   0.456 0.056 0.489 1    
35:   0.416 0.031 0.553 1    
36:   0.217 0.506 0.278 1    
37:   0.587 0.020 0.393 1    
38:   0.463 0.103 0.434 1    
39:   0.516 0.101 0.383 1    
40:   0.372 0.036 0.592 1    
41:   0.171 0.639 0.190 1    
42:   0.398 0.131 0.471 1    
43:   0.541 0.030 0.428 1    
44:   0.421 0.039 0.540 1    
45:   0.546 0.040 0.414 1    
46:   0.441 0.043 0.516 1    
47:   0.431 0.091 0.478 1    
48:   0.520 0.047 0.433 1    
49:   0.465 0.076 0.459 1    
50:   0.520 0.056 0.424 1    
51:   0.509 0.112 0.379 1    
52:   0.561 0.026 0.412 1    
53:   0.494 0.066 0.440 1    
54:   0.334 0.417 0.249 1    
55:   0.419 0.042 0.538 1    
56:   0.560 0.061 0.379 1    
57:   0.422 0.065 0.513 1    
58:   0.463 0.029 0.509 1    
59:   0.412 0.125 0.462 1    
60:   0.395 0.018 0.587 1    
61:   0.350 0.230 0.420 1    
62:   0.521 0.041 0.438 1    
63:   0.494 0.024 0.482 1    
64:   0.547 0.034 0.419 1    
65:   0.353 0.145 0.502 1    
66:   0.427 0.038 0.535 1    
67:   0.080 0.839 0.081 1    
68:   0.408 0.056 0.536 1    
69:   0.406 0.022 0.572 1    
70:   0.419 0.034 0.547 1    
71:   0.560 0.061 0.380 1    
72:   0.416 0.287 0.296 1    
73:   0.543 0.058 0.398 1    
74:   0.529 0.024 0.447 1    
75:   0.481 0.177 0.341 1    
76:   0.487 0.035 0.478 1    
77:   0.482 0.016 0.502 1    
78:   0.558 0.030 0.412 1    
79:   0.570 0.018 0.413 1    
80:   0.553 0.025 0.422 1    
81:   0.501 0.111 0.387 1    
82:   0.550 0.057 0.393 1    
83:   0.473 0.086 0.440 1    
84:   0.502 0.046 0.452 1    
85:   0.549 0.028 0.423 1    
86:   0.537 0.049 0.414 1    
87:   0.502 0.116 0.382 1    
88:   0.556 0.030 0.414 1    
89:   0.572 0.037 0.391 1    
90:   0.406 0.046 0.548 1    
91:   0.498 0.032 0.471 1    
92:   0.399 0.035 0.566 1    
93:   0.539 0.085 0.376 1    
94:   0.558 0.025 0.417 1    
95:   0.569 0.032 0.399 1    
96:   0.232 0.521 0.247 1    
97:   0.463 0.021 0.516 1    
98:   0.418 0.050 0.533 1    
99:   0.404 0.043 0.553 1    
100:  0.452 0.046 0.502 1    
101:  0.560 0.019 0.421 1    
102:  0.557 0.016 0.427 1    
103:  0.581 0.019 0.399 1    
104:  0.556 0.025 0.419 1    
105:  0.319 0.307 0.374 1    
106:  0.494 0.017 0.489 1    
107:  0.341 0.265 0.393 1    
108:  0.445 0.035 0.521 1    
109:  0.495 0.018 0.487 1    
110:  0.568 0.016 0.416 1    
111:  0.545 0.047 0.408 1    
112:  0.477 0.039 0.484 1    
113:  0.591 0.021 0.388 1    
114:  0.458 0.222 0.320 1    
115:  0.453 0.053 0.494 1    
116:  0.416 0.048 0.536 1    
117:  0.453 0.050 0.497 1    
118:  0.498 0.020 0.482 1    
119:  0.388 0.250 0.362 1    
120:  0.550 0.067 0.383 1    
121:  0.531 0.030 0.439 1    
122:  0.481 0.106 0.413 1    
123:  0.374 0.294 0.332 1    
124:  0.516 0.049 0.434 1    
125:  0.554 0.022 0.424 1    
126:  0.464 0.194 0.341 1    
127:  0.489 0.061 0.450 1    
128:  0.401 0.048 0.551 1    
129:  0.464 0.117 0.419 1    
130:  0.063 0.870 0.066 1    
131:  0.542 0.030 0.428 1    
132:  0.488 0.039 0.473 1    
133:  0.382 0.106 0.512 1    
134:  0.478 0.035 0.487 1    
135:  0.573 0.026 0.401 1    
136:  0.376 0.054 0.570 1    
137:  0.374 0.073 0.553 1    
138:  0.373 0.139 0.489 1    
139:  0.383 0.037 0.579 1    
140:  0.286 0.320 0.395 1    
141:  0.046 0.911 0.043 1    
142:  0.449 0.051 0.501 1    
143:  0.118 0.773 0.109 1    
144:  0.480 0.032 0.488 1    
145:  0.515 0.054 0.431 1    
146:  0.407 0.068 0.525 1    
147:  0.333 0.200 0.467 1    
148:  0.510 0.036 0.454 1    
149:  0.491 0.105 0.404 1    
150:  0.518 0.018 0.464 1    
151:  0.380 0.039 0.582 1    
152:  0.395 0.060 0.545 1    
153:  0.332 0.220 0.448 1    
154:  0.385 0.019 0.595 1    
155:  0.471 0.039 0.490 1    
156:  0.432 0.103 0.465 1    
157:  0.492 0.041 0.467 1    
158:  0.421 0.048 0.531 1    
159:  0.422 0.022 0.556 1    
160:  0.389 0.062 0.550 1    
161:  0.393 0.025 0.582 1    
162:  0.509 0.070 0.421 1    
163:  0.407 0.042 0.551 1    
164:  0.455 0.021 0.523 1    
165:  0.562 0.032 0.406 1    
166:  0.443 0.182 0.375 1    
167:  0.399 0.028 0.572 1    
168:  0.466 0.042 0.492 1    
169:  0.392 0.108 0.499 1    
170:  0.329 0.254 0.417 1    
171:  0.398 0.048 0.554 1    
172:  0.341 0.208 0.452 1    
173:  0.434 0.033 0.533 1    
174:  0.455 0.020 0.524 1    
175:  0.420 0.100 0.480 1    
176:  0.371 0.104 0.524 1    
177:  0.029 0.942 0.029 1    
178:  0.081 0.851 0.067 1    
179:  0.072 0.846 0.081 1    
180:  0.570 0.038 0.392 1    
181:  0.043 0.912 0.045 1    
182:  0.047 0.909 0.044 1    
183:  0.135 0.709 0.156 1    
184:  0.131 0.742 0.127 1    
185:  0.051 0.895 0.055 1    
186:  0.114 0.801 0.085 1    
187:  0.250 0.440 0.310 1    
188:  0.232 0.587 0.181 1    
189:  0.040 0.912 0.047 1    
190:  0.412 0.122 0.466 1    
191:  0.201 0.669 0.130 1    
192:  0.019 0.961 0.020 1    
193:  0.019 0.961 0.021 1    
194:  0.028 0.946 0.026 1    
195:  0.027 0.943 0.030 1    
196:  0.027 0.946 0.028 1    
197:  0.026 0.945 0.029 1    
198:  0.179 0.583 0.238 1    
199:  0.055 0.900 0.045 1    
200:  0.107 0.780 0.113 1    
201:  0.239 0.535 0.226 1    
202:  0.058 0.865 0.077 1    
203:  0.089 0.798 0.113 1    
204:  0.018 0.964 0.018 1    
205:  0.053 0.890 0.057 1    
206:  0.056 0.876 0.068 1    
207:  0.082 0.852 0.066 1    
208:  0.027 0.943 0.030 1    
209:  0.132 0.744 0.124 1    
210:  0.017 0.966 0.017 1    
211:  0.106 0.793 0.101 1    
212:  0.052 0.899 0.049 1    
213:  0.052 0.900 0.047 1    
214:  0.028 0.944 0.027 1    
215:  0.014 0.971 0.015 1    
216:  0.037 0.926 0.036 1    
217:  0.021 0.957 0.022 1    
218:  0.039 0.915 0.046 1    
219:  0.027 0.949 0.024 1    
220:  0.054 0.898 0.048 1    
221:  0.282 0.386 0.332 1    
222:  0.024 0.945 0.031 1    
223:  0.021 0.956 0.023 1    
224:  0.453 0.180 0.367 1    
225:  0.162 0.695 0.143 1    
226:  0.026 0.946 0.028 1    
227:  0.118 0.781 0.101 1    
228:  0.066 0.876 0.059 1    
229:  0.033 0.936 0.031 1    
230:  0.055 0.890 0.055 1    
231:  0.019 0.964 0.017 1    
232:  0.028 0.936 0.036 1    
233:  0.055 0.899 0.046 1    
234:  0.412 0.069 0.519 1    
235:  0.129 0.751 0.120 1    
236:  0.075 0.871 0.054 1    
237:  0.038 0.927 0.035 1    
238:  0.039 0.918 0.043 1    
239:  0.119 0.736 0.145 1    
240:  0.084 0.849 0.068 1    
241:  0.375 0.112 0.513 1    
242:  0.100 0.802 0.098 1    
243:  0.067 0.882 0.051 1    
244:  0.215 0.497 0.287 1    
245:  0.018 0.962 0.020 1    
246:  0.069 0.867 0.064 1    
247:  0.079 0.831 0.089 1    
248:  0.062 0.879 0.060 1    
249:  0.186 0.672 0.143 1    
250:  0.254 0.438 0.308 1    
251:  0.020 0.955 0.025 1    
252:  0.038 0.926 0.036 1    
253:  0.038 0.918 0.045 1    
254:  0.117 0.798 0.086 1    
255:  0.019 0.962 0.019 1    
256:  0.018 0.962 0.020 1    
257:  0.023 0.956 0.021 1    
258:  0.052 0.897 0.050 1    
259:  0.050 0.889 0.061 1    
              
              
1:    0.093 0.476 0.431 1    
2:    0.024 0.571 0.405 1    
3:    0.030 0.414 0.555 1    
4:    0.015 0.475 0.510 1    
5:    0.032 0.414 0.554 1    
6:    0.518 0.205 0.277 1    
7:    0.052 0.506 0.442 1    
8:    0.018 0.469 0.513 1    
9:    0.475 0.309 0.216 1    
10:   0.036 0.407 0.557 1    
11:   0.418 0.342 0.240 1    
12:   0.058 0.549 0.393 1    
13:   0.560 0.209 0.231 1    
14:   0.132 0.436 0.433 1    
15:   0.047 0.582 0.371 1    
16:   0.063 0.587 0.350 1    
17:   0.021 0.581 0.398 1    
18:   0.395 0.266 0.339 1    
19:   0.036 0.551 0.413 1    
20:   0.052 0.617 0.331 1    
21:   0.105 0.437 0.458 1    
22:   0.035 0.654 0.310 1    
23:   0.026 0.495 0.479 1    
24:   0.092 0.426 0.482 1    
25:   0.028 0.406 0.566 1    
26:   0.224 0.417 0.359 1    
27:   0.040 0.598 0.362 1    
28:   0.065 0.385 0.550 1    
29:   0.057 0.420 0.524 1    
30:   0.246 0.396 0.358 1    
31:   0.093 0.320 0.586 1    
32:   0.039 0.468 0.492 1    
33:   0.047 0.391 0.563 1    
34:   0.056 0.451 0.492 1    
35:   0.033 0.379 0.588 1    
36:   0.512 0.210 0.278 1    
37:   0.021 0.645 0.334 1    
38:   0.108 0.478 0.415 1    
39:   0.103 0.544 0.353 1    
40:   0.037 0.330 0.633 1    
41:   0.640 0.176 0.185 1    
42:   0.130 0.369 0.500 1    
43:   0.031 0.549 0.419 1    
44:   0.042 0.385 0.573 1    
45:   0.043 0.578 0.379 1    
46:   0.042 0.433 0.525 1    
47:   0.090 0.436 0.475 1    
48:   0.050 0.561 0.389 1    
49:   0.084 0.431 0.486 1    
50:   0.061 0.577 0.362 1    
51:   0.112 0.538 0.350 1    
52:   0.029 0.619 0.352 1    
53:   0.067 0.513 0.421 1    
54:   0.423 0.348 0.229 1    
55:   0.045 0.348 0.608 1    
56:   0.069 0.592 0.339 1    
57:   0.072 0.391 0.537 1    
58:   0.028 0.430 0.542 1    
59:   0.137 0.371 0.492 1    
60:   0.019 0.325 0.657 1    
61:   0.221 0.346 0.434 1    
62:   0.041 0.536 0.422 1    
63:   0.023 0.483 0.495 1    
64:   0.037 0.576 0.387 1    
65:   0.149 0.305 0.546 1    
66:   0.040 0.414 0.546 1    
67:   0.842 0.084 0.074 1    
68:   0.065 0.410 0.526 1    
69:   0.026 0.357 0.617 1    
70:   0.036 0.388 0.576 1    
71:   0.064 0.581 0.355 1    
72:   0.307 0.426 0.268 1    
73:   0.065 0.572 0.363 1    
74:   0.026 0.586 0.388 1    
75:   0.192 0.500 0.309 1    
76:   0.042 0.476 0.482 1    
77:   0.016 0.478 0.506 1    
78:   0.033 0.553 0.413 1    
79:   0.019 0.614 0.367 1    
80:   0.025 0.608 0.367 1    
81:   0.119 0.518 0.363 1    
82:   0.064 0.598 0.339 1    
83:   0.086 0.502 0.413 1    
84:   0.047 0.466 0.487 1    
85:   0.029 0.552 0.418 1    
86:   0.053 0.536 0.411 1    
87:   0.130 0.541 0.330 1    
88:   0.034 0.589 0.377 1    
89:   0.041 0.625 0.334 1    
90:   0.048 0.349 0.603 1    
91:   0.034 0.492 0.474 1    
92:   0.038 0.347 0.616 1    
93:   0.091 0.515 0.395 1    
94:   0.026 0.587 0.387 1    
95:   0.033 0.565 0.402 1    
96:   0.533 0.196 0.271 1    
97:   0.022 0.486 0.492 1    
98:   0.052 0.366 0.582 1    
99:   0.045 0.357 0.598 1    
100:  0.046 0.376 0.579 1    
101:  0.022 0.547 0.431 1    
102:  0.018 0.574 0.408 1    
103:  0.022 0.619 0.359 1    
104:  0.025 0.587 0.387 1    
105:  0.288 0.320 0.392 1    
106:  0.019 0.491 0.491 1    
107:  0.259 0.321 0.420 1    
108:  0.039 0.429 0.533 1    
109:  0.019 0.517 0.465 1    
110:  0.017 0.635 0.347 1    
111:  0.047 0.550 0.402 1    
112:  0.040 0.451 0.509 1    
113:  0.023 0.578 0.399 1    
114:  0.235 0.486 0.279 1    
115:  0.054 0.469 0.477 1    
116:  0.050 0.391 0.559 1    
117:  0.052 0.421 0.527 1    
118:  0.021 0.526 0.452 1    
119:  0.247 0.388 0.365 1    
120:  0.071 0.609 0.319 1    
121:  0.031 0.546 0.423 1    
122:  0.112 0.526 0.362 1    
123:  0.301 0.383 0.316 1    
124:  0.048 0.540 0.412 1    
125:  0.021 0.535 0.443 1    
126:  0.205 0.493 0.301 1    
127:  0.068 0.486 0.446 1    
128:  0.049 0.392 0.560 1    
129:  0.112 0.485 0.403 1    
130:  0.878 0.059 0.063 1    
131:  0.031 0.562 0.407 1    
132:  0.038 0.488 0.474 1    
133:  0.109 0.350 0.541 1    
134:  0.036 0.466 0.498 1    
135:  0.027 0.596 0.377 1    
136:  0.059 0.326 0.615 1    
137:  0.078 0.351 0.571 1    
138:  0.152 0.359 0.488 1    
139:  0.036 0.351 0.612 1    
140:  0.341 0.257 0.402 1    
141:  0.897 0.049 0.054 1    
142:  0.051 0.414 0.535 1    
143:  0.739 0.138 0.123 1    
144:  0.033 0.464 0.503 1    
145:  0.056 0.524 0.420 1    
146:  0.076 0.341 0.582 1    
147:  0.213 0.320 0.467 1    
148:  0.034 0.512 0.454 1    
149:  0.101 0.514 0.385 1    
150:  0.018 0.491 0.491 1    
151:  0.044 0.326 0.629 1    
152:  0.059 0.356 0.585 1    
153:  0.217 0.282 0.501 1    
154:  0.021 0.338 0.641 1    
155:  0.043 0.467 0.490 1    
156:  0.110 0.451 0.439 1    
157:  0.043 0.491 0.466 1    
158:  0.049 0.426 0.526 1    
159:  0.023 0.396 0.581 1    
160:  0.064 0.332 0.604 1    
161:  0.030 0.349 0.621 1    
162:  0.072 0.524 0.404 1    
163:  0.046 0.366 0.588 1    
164:  0.023 0.436 0.542 1    
165:  0.035 0.599 0.366 1    
166:  0.190 0.459 0.351 1    
167:  0.031 0.384 0.585 1    
168:  0.043 0.427 0.530 1    
169:  0.118 0.352 0.530 1    
170:  0.263 0.320 0.417 1    
171:  0.051 0.381 0.569 1    
172:  0.206 0.335 0.459 1    
173:  0.033 0.413 0.554 1    
174:  0.022 0.427 0.551 1    
175:  0.103 0.385 0.512 1    
176:  0.110 0.344 0.546 1    
177:  0.938 0.028 0.034 1    
178:  0.848 0.089 0.063 1    
179:  0.842 0.073 0.085 1    
180:  0.040 0.605 0.355 1    
181:  0.905 0.043 0.052 1    
182:  0.905 0.049 0.046 1    
183:  0.700 0.132 0.169 1    
184:  0.748 0.119 0.133 1    
185:  0.889 0.055 0.057 1    
186:  0.781 0.131 0.088 1    
187:  0.427 0.252 0.321 1    
188:  0.583 0.245 0.172 1    
189:  0.914 0.043 0.043 1    
190:  0.127 0.356 0.517 1    
191:  0.685 0.208 0.107 1    
192:  0.958 0.020 0.021 1    
193:  0.960 0.020 0.020 1    
194:  0.945 0.026 0.029 1    
195:  0.938 0.028 0.035 1    
196:  0.942 0.028 0.030 1    
197:  0.937 0.028 0.034 1    
198:  0.615 0.153 0.232 1    
199:  0.889 0.061 0.050 1    
200:  0.790 0.100 0.109 1    
201:  0.529 0.246 0.224 1    
202:  0.858 0.051 0.092 1    
203:  0.806 0.076 0.118 1    
204:  0.960 0.020 0.020 1    
205:  0.886 0.055 0.059 1    
206:  0.882 0.051 0.067 1    
207:  0.862 0.081 0.057 1    
208:  0.936 0.032 0.032 1    
209:  0.745 0.121 0.135 1    
210:  0.965 0.016 0.019 1    
211:  0.767 0.107 0.127 1    
212:  0.892 0.059 0.049 1    
213:  0.885 0.064 0.051 1    
214:  0.942 0.033 0.026 1    
215:  0.971 0.014 0.015 1    
216:  0.925 0.036 0.038 1    
217:  0.952 0.022 0.026 1    
218:  0.909 0.039 0.052 1    
219:  0.946 0.029 0.025 1    
220:  0.879 0.066 0.055 1    
221:  0.391 0.287 0.322 1    
222:  0.947 0.025 0.028 1    
223:  0.952 0.024 0.024 1    
224:  0.189 0.443 0.368 1    
225:  0.684 0.171 0.144 1    
226:  0.942 0.028 0.030 1    
227:  0.790 0.121 0.089 1    
228:  0.873 0.069 0.058 1    
229:  0.929 0.034 0.037 1    
230:  0.886 0.058 0.056 1    
231:  0.961 0.019 0.020 1    
232:  0.938 0.027 0.035 1    
233:  0.897 0.055 0.047 1    
234:  0.073 0.395 0.532 1    
235:  0.738 0.134 0.128 1    
236:  0.866 0.083 0.051 1    
237:  0.919 0.048 0.033 1    
238:  0.918 0.036 0.046 1    
239:  0.731 0.117 0.152 1    
240:  0.845 0.072 0.082 1    
241:  0.114 0.316 0.570 1    
242:  0.803 0.104 0.094 1    
243:  0.874 0.075 0.052 1    
244:  0.505 0.216 0.279 1    
245:  0.962 0.018 0.019 1    
246:  0.858 0.075 0.067 1    
247:  0.835 0.071 0.093 1    
248:  0.874 0.066 0.059 1    
249:  0.640 0.212 0.148 1    
250:  0.450 0.267 0.283 1    
251:  0.953 0.022 0.026 1    
252:  0.919 0.046 0.035 1    
253:  0.914 0.040 0.046 1    
254:  0.799 0.125 0.076 1    
255:  0.961 0.019 0.020 1    
256:  0.959 0.019 0.023 1    
257:  0.954 0.024 0.023 1    
258:  0.891 0.055 0.054 1    
259:  0.886 0.050 0.063 1    
              
              
1:    0.476 0.436 0.088 1    
2:    0.531 0.445 0.024 1    
3:    0.420 0.549 0.030 1    
4:    0.475 0.509 0.015 1    
5:    0.439 0.528 0.033 1    
6:    0.222 0.261 0.517 1    
7:    0.487 0.460 0.053 1    
8:    0.476 0.506 0.018 1    
9:    0.274 0.247 0.479 1    
10:   0.448 0.517 0.035 1    
11:   0.314 0.270 0.416 1    
12:   0.499 0.445 0.056 1    
13:   0.206 0.235 0.559 1    
14:   0.428 0.441 0.131 1    
15:   0.515 0.436 0.049 1    
16:   0.520 0.417 0.063 1    
17:   0.538 0.441 0.021 1    
18:   0.266 0.333 0.401 1    
19:   0.530 0.434 0.036 1    
20:   0.526 0.419 0.054 1    
21:   0.439 0.449 0.111 1    
22:   0.561 0.406 0.033 1    
23:   0.468 0.507 0.025 1    
24:   0.413 0.486 0.100 1    
25:   0.448 0.524 0.028 1    
26:   0.418 0.360 0.222 1    
27:   0.519 0.440 0.042 1    
28:   0.419 0.524 0.056 1    
29:   0.438 0.506 0.056 1    
30:   0.365 0.390 0.245 1    
31:   0.393 0.517 0.090 1    
32:   0.458 0.501 0.041 1    
33:   0.416 0.537 0.046 1    
34:   0.468 0.479 0.053 1    
35:   0.427 0.539 0.034 1    
36:   0.239 0.259 0.502 1    
37:   0.567 0.410 0.022 1    
38:   0.438 0.455 0.106 1    
39:   0.490 0.413 0.096 1    
40:   0.399 0.564 0.037 1    
41:   0.185 0.174 0.641 1    
42:   0.394 0.478 0.129 1    
43:   0.519 0.449 0.032 1    
44:   0.445 0.511 0.044 1    
45:   0.523 0.431 0.045 1    
46:   0.459 0.498 0.043 1    
47:   0.443 0.465 0.093 1    
48:   0.513 0.438 0.049 1    
49:   0.456 0.459 0.084 1    
50:   0.511 0.432 0.057 1    
51:   0.497 0.391 0.112 1    
52:   0.523 0.447 0.030 1    
53:   0.501 0.429 0.070 1    
54:   0.311 0.275 0.414 1    
55:   0.406 0.549 0.045 1    
56:   0.540 0.389 0.071 1    
57:   0.452 0.476 0.071 1    
58:   0.456 0.514 0.030 1    
59:   0.389 0.478 0.133 1    
60:   0.409 0.572 0.019 1    
61:   0.356 0.415 0.229 1    
62:   0.515 0.445 0.040 1    
63:   0.498 0.477 0.025 1    
64:   0.525 0.439 0.037 1    
65:   0.365 0.479 0.155 1    
66:   0.447 0.509 0.044 1    
67:   0.084 0.080 0.837 1    
68:   0.424 0.511 0.064 1    
69:   0.413 0.561 0.026 1    
70:   0.438 0.529 0.033 1    
71:   0.532 0.405 0.064 1    
72:   0.404 0.297 0.299 1    
73:   0.530 0.407 0.063 1    
74:   0.531 0.446 0.023 1    
75:   0.461 0.351 0.188 1    
76:   0.495 0.466 0.039 1    
77:   0.502 0.481 0.017 1    
78:   0.528 0.441 0.031 1    
79:   0.547 0.434 0.019 1    
80:   0.554 0.420 0.025 1    
81:   0.496 0.388 0.116 1    
82:   0.536 0.397 0.067 1    
83:   0.457 0.456 0.086 1    
84:   0.482 0.474 0.044 1    
85:   0.516 0.454 0.030 1    
86:   0.506 0.446 0.048 1    
87:   0.488 0.382 0.129 1    
88:   0.514 0.454 0.033 1    
89:   0.556 0.405 0.039 1    
90:   0.411 0.542 0.046 1    
91:   0.482 0.486 0.031 1    
92:   0.407 0.556 0.037 1    
93:   0.490 0.417 0.092 1    
94:   0.535 0.440 0.025 1    
95:   0.538 0.429 0.033 1    
96:   0.223 0.232 0.544 1    
97:   0.478 0.499 0.023 1    
98:   0.428 0.519 0.053 1    
99:   0.418 0.537 0.045 1    
100:  0.435 0.519 0.046 1    
101:  0.513 0.466 0.021 1    
102:  0.561 0.421 0.018 1    
103:  0.548 0.431 0.021 1    
104:  0.537 0.435 0.028 1    
105:  0.326 0.369 0.305 1    
106:  0.501 0.480 0.019 1    
107:  0.338 0.395 0.268 1    
108:  0.439 0.526 0.035 1    
109:  0.502 0.480 0.018 1    
110:  0.559 0.424 0.016 1    
111:  0.518 0.435 0.047 1    
112:  0.460 0.499 0.042 1    
113:  0.529 0.451 0.020 1    
114:  0.434 0.327 0.239 1    
115:  0.467 0.478 0.055 1    
116:  0.409 0.540 0.051 1    
117:  0.464 0.485 0.051 1    
118:  0.511 0.469 0.021 1    
119:  0.385 0.364 0.251 1    
120:  0.540 0.390 0.070 1    
121:  0.548 0.424 0.028 1    
122:  0.468 0.427 0.105 1    
123:  0.368 0.333 0.299 1    
124:  0.505 0.448 0.047 1    
125:  0.537 0.442 0.021 1    
126:  0.462 0.342 0.196 1    
127:  0.493 0.441 0.066 1    
128:  0.443 0.506 0.051 1    
129:  0.442 0.439 0.118 1    
130:  0.061 0.064 0.875 1    
131:  0.529 0.439 0.032 1    
132:  0.489 0.471 0.039 1    
133:  0.388 0.503 0.109 1    
134:  0.453 0.511 0.036 1    
135:  0.556 0.419 0.025 1    
136:  0.395 0.545 0.059 1    
137:  0.404 0.513 0.082 1    
138:  0.379 0.478 0.144 1    
139:  0.421 0.540 0.039 1    
140:  0.288 0.370 0.342 1    
141:  0.051 0.052 0.897 1    
142:  0.445 0.502 0.053 1    
143:  0.123 0.117 0.760 1    
144:  0.479 0.489 0.032 1    
145:  0.496 0.445 0.059 1    
146:  0.402 0.523 0.074 1    
147:  0.362 0.439 0.198 1    
148:  0.491 0.474 0.036 1    
149:  0.454 0.434 0.112 1    
150:  0.494 0.489 0.017 1    
151:  0.409 0.547 0.045 1    
152:  0.417 0.516 0.067 1    
153:  0.338 0.443 0.218 1    
154:  0.406 0.572 0.022 1    
155:  0.479 0.477 0.044 1    
156:  0.434 0.457 0.109 1    
157:  0.473 0.487 0.040 1    
158:  0.428 0.517 0.055 1    
159:  0.424 0.553 0.023 1    
160:  0.419 0.516 0.066 1    
161:  0.417 0.555 0.028 1    
162:  0.507 0.423 0.071 1    
163:  0.439 0.515 0.046 1    
164:  0.487 0.490 0.023 1    
165:  0.539 0.427 0.033 1    
166:  0.435 0.384 0.181 1    
167:  0.433 0.537 0.030 1    
168:  0.465 0.489 0.047 1    
169:  0.401 0.488 0.111 1    
170:  0.333 0.407 0.259 1    
171:  0.419 0.533 0.049 1    
172:  0.355 0.428 0.216 1    
173:  0.475 0.490 0.035 1    
174:  0.486 0.491 0.022 1    
175:  0.414 0.480 0.107 1    
176:  0.403 0.490 0.106 1    
177:  0.031 0.031 0.937 1    
178:  0.080 0.067 0.854 1    
179:  0.073 0.079 0.848 1    
180:  0.565 0.396 0.039 1    
181:  0.044 0.048 0.908 1    
182:  0.052 0.045 0.902 1    
183:  0.127 0.151 0.722 1    
184:  0.125 0.128 0.747 1    
185:  0.052 0.052 0.896 1    
186:  0.122 0.094 0.784 1    
187:  0.285 0.286 0.429 1    
188:  0.232 0.186 0.582 1    
189:  0.045 0.046 0.908 1    
190:  0.395 0.469 0.135 1    
191:  0.195 0.130 0.675 1    
192:  0.018 0.021 0.960 1    
193:  0.020 0.021 0.959 1    
194:  0.028 0.029 0.943 1    
195:  0.029 0.033 0.938 1    
196:  0.028 0.031 0.941 1    
197:  0.028 0.029 0.944 1    
198:  0.182 0.225 0.593 1    
199:  0.055 0.046 0.898 1    
200:  0.100 0.112 0.788 1    
201:  0.238 0.216 0.546 1    
202:  0.062 0.080 0.858 1    
203:  0.088 0.111 0.801 1    
204:  0.020 0.020 0.960 1    
205:  0.054 0.060 0.886 1    
206:  0.051 0.068 0.882 1    
207:  0.082 0.064 0.853 1    
208:  0.031 0.028 0.942 1    
209:  0.125 0.136 0.739 1    
210:  0.017 0.018 0.965 1    
211:  0.105 0.108 0.786 1    
212:  0.053 0.053 0.893 1    
213:  0.055 0.050 0.895 1    
214:  0.030 0.029 0.941 1    
215:  0.015 0.014 0.971 1    
216:  0.037 0.039 0.924 1    
217:  0.022 0.025 0.954 1    
218:  0.041 0.046 0.913 1    
219:  0.029 0.029 0.943 1    
220:  0.055 0.057 0.888 1    
221:  0.279 0.319 0.401 1    
222:  0.026 0.027 0.947 1    
223:  0.024 0.023 0.954 1    
224:  0.431 0.381 0.189 1    
225:  0.152 0.151 0.697 1    
226:  0.027 0.026 0.948 1    
227:  0.127 0.101 0.772 1    
228:  0.070 0.061 0.869 1    
229:  0.035 0.033 0.932 1    
230:  0.060 0.056 0.883 1    
231:  0.020 0.019 0.961 1    
232:  0.026 0.034 0.940 1    
233:  0.050 0.052 0.898 1    
234:  0.445 0.485 0.070 1    
235:  0.128 0.130 0.742 1    
236:  0.074 0.053 0.874 1    
237:  0.044 0.040 0.917 1    
238:  0.042 0.045 0.913 1    
239:  0.119 0.140 0.741 1    
240:  0.069 0.080 0.852 1    
241:  0.365 0.513 0.122 1    
242:  0.105 0.107 0.788 1    
243:  0.063 0.054 0.883 1    
244:  0.235 0.268 0.497 1    
245:  0.019 0.020 0.961 1    
246:  0.069 0.064 0.867 1    
247:  0.077 0.092 0.832 1    
248:  0.065 0.063 0.872 1    
249:  0.182 0.162 0.655 1    
250:  0.271 0.280 0.449 1    
251:  0.024 0.028 0.949 1    
252:  0.041 0.035 0.924 1    
253:  0.040 0.043 0.917 1    
254:  0.125 0.092 0.783 1    
255:  0.020 0.019 0.961 1    
256:  0.019 0.021 0.961 1    
257:  0.022 0.023 0.955 1    
258:  0.052 0.054 0.894 1    
259:  0.052 0.054 0.894 1    
              
              
1:    0.088 0.454 0.458 1    
2:    0.023 0.556 0.421 1    
3:    0.031 0.506 0.464 1    
4:    0.016 0.544 0.440 1    
5:    0.031 0.495 0.475 1    
6:    0.508 0.248 0.244 1    
7:    0.054 0.516 0.430 1    
8:    0.018 0.552 0.431 1    
9:    0.487 0.277 0.236 1    
10:   0.035 0.476 0.490 1    
11:   0.433 0.303 0.263 1    
12:   0.057 0.530 0.413 1    
13:   0.557 0.226 0.217 1    
14:   0.134 0.430 0.436 1    
15:   0.050 0.518 0.432 1    
16:   0.065 0.532 0.403 1    
17:   0.022 0.480 0.498 1    
18:   0.404 0.289 0.306 1    
19:   0.039 0.497 0.464 1    
20:   0.053 0.519 0.428 1    
21:   0.116 0.435 0.449 1    
22:   0.036 0.546 0.418 1    
23:   0.025 0.500 0.475 1    
24:   0.101 0.450 0.449 1    
25:   0.027 0.501 0.472 1    
26:   0.219 0.389 0.392 1    
27:   0.043 0.520 0.438 1    
28:   0.058 0.456 0.485 1    
29:   0.057 0.444 0.500 1    
30:   0.239 0.383 0.378 1    
31:   0.092 0.392 0.517 1    
32:   0.042 0.479 0.479 1    
33:   0.048 0.460 0.492 1    
34:   0.054 0.475 0.472 1    
35:   0.032 0.411 0.557 1    
36:   0.497 0.247 0.256 1    
37:   0.021 0.522 0.457 1    
38:   0.110 0.440 0.450 1    
39:   0.099 0.491 0.410 1    
40:   0.039 0.406 0.555 1    
41:   0.640 0.171 0.189 1    
42:   0.126 0.419 0.455 1    
43:   0.032 0.484 0.485 1    
44:   0.042 0.447 0.511 1    
45:   0.046 0.477 0.477 1    
46:   0.043 0.457 0.500 1    
47:   0.092 0.457 0.451 1    
48:   0.050 0.521 0.430 1    
49:   0.078 0.473 0.449 1    
50:   0.058 0.498 0.443 1    
51:   0.121 0.452 0.427 1    
52:   0.027 0.544 0.429 1    
53:   0.068 0.461 0.471 1    
54:   0.429 0.300 0.271 1    
55:   0.043 0.455 0.502 1    
56:   0.078 0.519 0.403 1    
57:   0.069 0.431 0.501 1    
58:   0.030 0.468 0.502 1    
59:   0.122 0.447 0.431 1    
60:   0.019 0.418 0.563 1    
61:   0.226 0.361 0.413 1    
62:   0.045 0.474 0.481 1    
63:   0.024 0.496 0.480 1    
64:   0.038 0.535 0.427 1    
65:   0.159 0.367 0.474 1    
66:   0.041 0.452 0.506 1    
67:   0.839 0.086 0.075 1    
68:   0.058 0.450 0.492 1    
69:   0.024 0.448 0.527 1    
70:   0.036 0.425 0.539 1    
71:   0.068 0.496 0.436 1    
72:   0.308 0.384 0.309 1    
73:   0.062 0.487 0.450 1    
74:   0.023 0.497 0.480 1    
75:   0.196 0.406 0.398 1    
76:   0.039 0.513 0.448 1    
77:   0.017 0.453 0.531 1    
78:   0.033 0.542 0.425 1    
79:   0.019 0.554 0.426 1    
80:   0.024 0.504 0.472 1    
81:   0.122 0.456 0.422 1    
82:   0.066 0.497 0.437 1    
83:   0.086 0.451 0.462 1    
84:   0.049 0.511 0.440 1    
85:   0.027 0.518 0.455 1    
86:   0.052 0.515 0.433 1    
87:   0.135 0.478 0.387 1    
88:   0.033 0.494 0.474 1    
89:   0.041 0.532 0.427 1    
90:   0.049 0.413 0.538 1    
91:   0.030 0.468 0.502 1    
92:   0.040 0.431 0.529 1    
93:   0.087 0.505 0.408 1    
94:   0.026 0.523 0.451 1    
95:   0.031 0.498 0.470 1    
96:   0.499 0.244 0.256 1    
97:   0.024 0.506 0.471 1    
98:   0.054 0.448 0.498 1    
99:   0.045 0.428 0.527 1    
100:  0.047 0.442 0.510 1    
101:  0.022 0.556 0.422 1    
102:  0.018 0.509 0.473 1    
103:  0.021 0.544 0.435 1    
104:  0.026 0.509 0.465 1    
105:  0.292 0.349 0.359 1    
106:  0.018 0.480 0.502 1    
107:  0.271 0.335 0.393 1    
108:  0.038 0.484 0.478 1    
109:  0.019 0.497 0.484 1    
110:  0.017 0.522 0.462 1    
111:  0.046 0.514 0.440 1    
112:  0.040 0.466 0.494 1    
113:  0.021 0.527 0.452 1    
114:  0.234 0.409 0.357 1    
115:  0.056 0.440 0.504 1    
116:  0.047 0.449 0.504 1    
117:  0.053 0.450 0.497 1    
118:  0.021 0.473 0.505 1    
119:  0.241 0.362 0.397 1    
120:  0.070 0.503 0.427 1    
121:  0.030 0.471 0.499 1    
122:  0.109 0.453 0.438 1    
123:  0.300 0.362 0.338 1    
124:  0.047 0.492 0.462 1    
125:  0.022 0.524 0.454 1    
126:  0.207 0.421 0.372 1    
127:  0.067 0.440 0.493 1    
128:  0.052 0.426 0.522 1    
129:  0.108 0.466 0.426 1    
130:  0.875 0.064 0.061 1    
131:  0.031 0.478 0.491 1    
132:  0.038 0.451 0.511 1    
133:  0.116 0.420 0.464 1    
134:  0.037 0.504 0.459 1    
135:  0.029 0.504 0.467 1    
136:  0.059 0.388 0.553 1    
137:  0.086 0.441 0.473 1    
138:  0.138 0.407 0.455 1    
139:  0.042 0.444 0.514 1    
140:  0.329 0.313 0.358 1    
141:  0.900 0.049 0.051 1    
142:  0.052 0.465 0.482 1    
143:  0.750 0.133 0.117 1    
144:  0.031 0.479 0.490 1    
145:  0.056 0.483 0.460 1    
146:  0.066 0.460 0.473 1    
147:  0.204 0.392 0.404 1    
148:  0.036 0.497 0.467 1    
149:  0.109 0.462 0.429 1    
150:  0.017 0.475 0.508 1    
151:  0.044 0.419 0.537 1    
152:  0.064 0.455 0.481 1    
153:  0.232 0.356 0.412 1    
154:  0.021 0.405 0.574 1    
155:  0.040 0.464 0.496 1    
156:  0.105 0.462 0.433 1    
157:  0.044 0.500 0.456 1    
158:  0.053 0.483 0.464 1    
159:  0.023 0.413 0.564 1    
160:  0.064 0.436 0.500 1    
161:  0.030 0.403 0.568 1    
162:  0.069 0.461 0.470 1    
163:  0.047 0.463 0.491 1    
164:  0.023 0.501 0.476 1    
165:  0.033 0.520 0.447 1    
166:  0.188 0.416 0.395 1    
167:  0.031 0.467 0.503 1    
168:  0.044 0.465 0.491 1    
169:  0.110 0.414 0.476 1    
170:  0.257 0.363 0.380 1    
171:  0.048 0.460 0.492 1    
172:  0.214 0.372 0.414 1    
173:  0.033 0.484 0.483 1    
174:  0.023 0.464 0.514 1    
175:  0.103 0.417 0.480 1    
176:  0.106 0.399 0.494 1    
177:  0.934 0.034 0.032 1    
178:  0.849 0.081 0.071 1    
179:  0.848 0.071 0.081 1    
180:  0.041 0.533 0.426 1    
181:  0.906 0.044 0.050 1    
182:  0.902 0.051 0.047 1    
183:  0.710 0.134 0.156 1    
184:  0.743 0.124 0.132 1    
185:  0.891 0.053 0.055 1    
186:  0.797 0.108 0.095 1    
187:  0.435 0.268 0.297 1    
188:  0.584 0.221 0.195 1    
189:  0.913 0.043 0.043 1    
190:  0.116 0.409 0.474 1    
191:  0.698 0.167 0.135 1    
192:  0.959 0.020 0.021 1    
193:  0.959 0.020 0.022 1    
194:  0.942 0.029 0.029 1    
195:  0.936 0.030 0.034 1    
196:  0.943 0.027 0.030 1    
197:  0.938 0.029 0.034 1    
198:  0.600 0.179 0.220 1    
199:  0.894 0.056 0.050 1    
200:  0.772 0.124 0.105 1    
201:  0.533 0.239 0.228 1    
202:  0.854 0.068 0.078 1    
203:  0.797 0.097 0.106 1    
204:  0.959 0.020 0.022 1    
205:  0.883 0.059 0.058 1    
206:  0.880 0.059 0.060 1    
207:  0.862 0.072 0.066 1    
208:  0.940 0.030 0.030 1    
209:  0.745 0.129 0.125 1    
210:  0.967 0.016 0.018 1    
211:  0.778 0.112 0.110 1    
212:  0.897 0.055 0.048 1    
213:  0.891 0.055 0.054 1    
214:  0.944 0.030 0.027 1    
215:  0.970 0.015 0.015 1    
216:  0.923 0.038 0.039 1    
217:  0.956 0.022 0.022 1    
218:  0.907 0.044 0.048 1    
219:  0.941 0.031 0.027 1    
220:  0.893 0.054 0.052 1    
221:  0.400 0.284 0.317 1    
222:  0.944 0.029 0.027 1    
223:  0.954 0.023 0.023 1    
224:  0.188 0.424 0.388 1    
225:  0.684 0.164 0.152 1    
226:  0.944 0.027 0.028 1    
227:  0.778 0.110 0.112 1    
228:  0.869 0.066 0.065 1    
229:  0.929 0.038 0.033 1    
230:  0.887 0.056 0.057 1    
231:  0.958 0.021 0.021 1    
232:  0.934 0.034 0.032 1    
233:  0.899 0.051 0.049 1    
234:  0.073 0.440 0.487 1    
235:  0.747 0.122 0.131 1    
236:  0.874 0.063 0.063 1    
237:  0.919 0.041 0.040 1    
238:  0.916 0.039 0.046 1    
239:  0.717 0.144 0.139 1    
240:  0.822 0.099 0.079 1    
241:  0.116 0.412 0.472 1    
242:  0.793 0.103 0.104 1    
243:  0.878 0.060 0.062 1    
244:  0.501 0.234 0.264 1    
245:  0.963 0.019 0.019 1    
246:  0.856 0.070 0.074 1    
247:  0.823 0.085 0.092 1    
248:  0.885 0.055 0.060 1    
249:  0.669 0.183 0.148 1    
250:  0.445 0.277 0.278 1    
251:  0.953 0.023 0.024 1    
252:  0.919 0.042 0.039 1    
253:  0.911 0.043 0.046 1    
254:  0.795 0.109 0.096 1    
255:  0.962 0.018 0.020 1    
256:  0.959 0.020 0.020 1    
257:  0.956 0.022 0.022 1    
258:  0.893 0.052 0.055 1    
259:  0.897 0.051 0.052 1    
              
              
1:    0.089 0.430 0.481 1    
2:    0.021 0.500 0.479 1    
3:    0.030 0.452 0.518 1    
4:    0.014 0.506 0.480 1    
5:    0.032 0.455 0.513 1    
6:    0.515 0.244 0.241 1    
7:    0.047 0.477 0.476 1    
8:    0.016 0.464 0.520 1    
9:    0.481 0.266 0.254 1    
10:   0.033 0.464 0.503 1    
11:   0.409 0.305 0.286 1    
12:   0.055 0.477 0.468 1    
13:   0.552 0.225 0.223 1    
14:   0.131 0.433 0.436 1    
15:   0.047 0.494 0.459 1    
16:   0.061 0.493 0.446 1    
17:   0.020 0.490 0.490 1    
18:   0.395 0.284 0.322 1    
19:   0.036 0.494 0.471 1    
20:   0.050 0.501 0.450 1    
21:   0.111 0.445 0.444 1    
22:   0.032 0.513 0.455 1    
23:   0.024 0.481 0.495 1    
24:   0.099 0.462 0.440 1    
25:   0.028 0.445 0.527 1    
26:   0.223 0.383 0.394 1    
27:   0.039 0.480 0.481 1    
28:   0.058 0.459 0.483 1    
29:   0.061 0.440 0.499 1    
30:   0.247 0.364 0.389 1    
31:   0.088 0.437 0.475 1    
32:   0.042 0.457 0.501 1    
33:   0.043 0.445 0.512 1    
34:   0.054 0.481 0.464 1    
35:   0.032 0.461 0.507 1    
36:   0.506 0.241 0.253 1    
37:   0.019 0.509 0.472 1    
38:   0.108 0.440 0.452 1    
39:   0.099 0.482 0.420 1    
40:   0.035 0.452 0.513 1    
41:   0.641 0.183 0.176 1    
42:   0.133 0.412 0.456 1    
43:   0.031 0.492 0.477 1    
44:   0.040 0.460 0.500 1    
45:   0.039 0.489 0.472 1    
46:   0.044 0.471 0.485 1    
47:   0.089 0.450 0.461 1    
48:   0.048 0.510 0.443 1    
49:   0.078 0.458 0.464 1    
50:   0.054 0.485 0.461 1    
51:   0.113 0.469 0.418 1    
52:   0.027 0.499 0.474 1    
53:   0.067 0.454 0.479 1    
54:   0.426 0.289 0.285 1    
55:   0.043 0.462 0.495 1    
56:   0.066 0.498 0.436 1    
57:   0.065 0.465 0.471 1    
58:   0.030 0.465 0.505 1    
59:   0.122 0.436 0.442 1    
60:   0.017 0.467 0.515 1    
61:   0.218 0.379 0.403 1    
62:   0.040 0.474 0.486 1    
63:   0.024 0.493 0.483 1    
64:   0.035 0.493 0.473 1    
65:   0.160 0.408 0.432 1    
66:   0.037 0.473 0.490 1    
67:   0.845 0.080 0.074 1    
68:   0.055 0.460 0.485 1    
69:   0.023 0.477 0.501 1    
70:   0.035 0.454 0.512 1    
71:   0.059 0.511 0.430 1    
72:   0.289 0.382 0.330 1    
73:   0.060 0.505 0.435 1    
74:   0.022 0.505 0.473 1    
75:   0.186 0.410 0.403 1    
76:   0.039 0.513 0.448 1    
77:   0.017 0.489 0.494 1    
78:   0.031 0.535 0.434 1    
79:   0.019 0.514 0.467 1    
80:   0.025 0.482 0.493 1    
81:   0.116 0.459 0.425 1    
82:   0.058 0.511 0.431 1    
83:   0.086 0.461 0.453 1    
84:   0.043 0.501 0.455 1    
85:   0.030 0.512 0.458 1    
86:   0.047 0.515 0.438 1    
87:   0.129 0.453 0.418 1    
88:   0.031 0.498 0.471 1    
89:   0.037 0.515 0.448 1    
90:   0.043 0.454 0.503 1    
91:   0.031 0.461 0.508 1    
92:   0.035 0.460 0.505 1    
93:   0.084 0.474 0.442 1    
94:   0.025 0.527 0.448 1    
95:   0.032 0.485 0.484 1    
96:   0.544 0.222 0.234 1    
97:   0.020 0.504 0.476 1    
98:   0.046 0.472 0.482 1    
99:   0.043 0.473 0.485 1    
100:  0.047 0.433 0.519 1    
101:  0.020 0.479 0.501 1    
102:  0.017 0.507 0.477 1    
103:  0.021 0.516 0.463 1    
104:  0.024 0.495 0.481 1    
105:  0.306 0.368 0.326 1    
106:  0.017 0.469 0.514 1    
107:  0.265 0.362 0.372 1    
108:  0.035 0.450 0.515 1    
109:  0.018 0.473 0.508 1    
110:  0.016 0.508 0.477 1    
111:  0.048 0.481 0.471 1    
112:  0.045 0.459 0.496 1    
113:  0.021 0.512 0.467 1    
114:  0.223 0.407 0.369 1    
115:  0.057 0.461 0.482 1    
116:  0.049 0.428 0.523 1    
117:  0.050 0.469 0.481 1    
118:  0.021 0.486 0.493 1    
119:  0.243 0.385 0.372 1    
120:  0.069 0.498 0.433 1    
121:  0.028 0.492 0.480 1    
122:  0.108 0.460 0.432 1    
123:  0.301 0.343 0.356 1    
124:  0.047 0.465 0.489 1    
125:  0.020 0.492 0.488 1    
126:  0.202 0.423 0.375 1    
127:  0.067 0.461 0.472 1    
128:  0.050 0.482 0.468 1    
129:  0.118 0.446 0.436 1    
130:  0.882 0.056 0.062 1    
131:  0.030 0.475 0.495 1    
132:  0.040 0.469 0.492 1    
133:  0.115 0.413 0.472 1    
134:  0.036 0.473 0.492 1    
135:  0.026 0.485 0.489 1    
136:  0.054 0.443 0.502 1    
137:  0.073 0.464 0.463 1    
138:  0.139 0.427 0.434 1    
139:  0.035 0.484 0.480 1    
140:  0.317 0.342 0.341 1    
141:  0.905 0.046 0.049 1    
142:  0.052 0.438 0.509 1    
143:  0.759 0.124 0.117 1    
144:  0.032 0.506 0.462 1    
145:  0.059 0.472 0.469 1    
146:  0.069 0.479 0.451 1    
147:  0.187 0.408 0.404 1    
148:  0.035 0.501 0.464 1    
149:  0.108 0.439 0.454 1    
150:  0.016 0.487 0.497 1    
151:  0.040 0.459 0.501 1    
152:  0.062 0.471 0.466 1    
153:  0.222 0.374 0.404 1    
154:  0.020 0.461 0.519 1    
155:  0.040 0.472 0.488 1    
156:  0.110 0.446 0.444 1    
157:  0.039 0.496 0.465 1    
158:  0.048 0.460 0.491 1    
159:  0.021 0.469 0.510 1    
160:  0.068 0.456 0.477 1    
161:  0.026 0.465 0.509 1    
162:  0.071 0.472 0.456 1    
163:  0.041 0.483 0.476 1    
164:  0.021 0.507 0.471 1    
165:  0.033 0.502 0.466 1    
166:  0.185 0.415 0.400 1    
167:  0.028 0.479 0.493 1    
168:  0.044 0.477 0.479 1    
169:  0.110 0.436 0.454 1    
170:  0.265 0.356 0.379 1    
171:  0.043 0.479 0.478 1    
172:  0.205 0.396 0.398 1    
173:  0.031 0.498 0.471 1    
174:  0.021 0.491 0.488 1    
175:  0.102 0.431 0.467 1    
176:  0.106 0.444 0.449 1    
177:  0.941 0.029 0.030 1    
178:  0.854 0.074 0.071 1    
179:  0.860 0.070 0.070 1    
180:  0.040 0.518 0.443 1    
181:  0.910 0.044 0.045 1    
182:  0.911 0.044 0.045 1    
183:  0.710 0.138 0.152 1    
184:  0.751 0.118 0.131 1    
185:  0.896 0.052 0.052 1    
186:  0.794 0.107 0.099 1    
187:  0.433 0.270 0.297 1    
188:  0.607 0.209 0.184 1    
189:  0.914 0.043 0.043 1    
190:  0.127 0.427 0.446 1    
191:  0.674 0.174 0.152 1    
192:  0.962 0.019 0.018 1    
193:  0.961 0.019 0.020 1    
194:  0.948 0.026 0.026 1    
195:  0.942 0.029 0.029 1    
196:  0.944 0.028 0.028 1    
197:  0.944 0.028 0.028 1    
198:  0.598 0.187 0.215 1    
199:  0.896 0.052 0.052 1    
200:  0.822 0.092 0.086 1    
201:  0.541 0.229 0.231 1    
202:  0.859 0.070 0.071 1    
203:  0.791 0.103 0.106 1    
204:  0.962 0.018 0.019 1    
205:  0.885 0.058 0.057 1    
206:  0.876 0.060 0.064 1    
207:  0.850 0.080 0.069 1    
208:  0.937 0.033 0.029 1    
209:  0.747 0.137 0.116 1    
210:  0.967 0.016 0.017 1    
211:  0.776 0.110 0.113 1    
212:  0.901 0.047 0.052 1    
213:  0.893 0.056 0.052 1    
214:  0.943 0.030 0.027 1    
215:  0.972 0.014 0.014 1    
216:  0.925 0.037 0.038 1    
217:  0.957 0.021 0.022 1    
218:  0.910 0.046 0.044 1    
219:  0.948 0.029 0.024 1    
220:  0.903 0.052 0.045 1    
221:  0.388 0.294 0.318 1    
222:  0.950 0.026 0.025 1    
223:  0.954 0.022 0.024 1    
224:  0.187 0.399 0.413 1    
225:  0.692 0.155 0.152 1    
226:  0.947 0.027 0.026 1    
227:  0.792 0.107 0.101 1    
228:  0.874 0.061 0.065 1    
229:  0.934 0.035 0.032 1    
230:  0.879 0.060 0.062 1    
231:  0.960 0.021 0.020 1    
232:  0.938 0.029 0.033 1    
233:  0.904 0.048 0.048 1    
234:  0.067 0.467 0.466 1    
235:  0.747 0.121 0.132 1    
236:  0.872 0.068 0.060 1    
237:  0.916 0.041 0.043 1    
238:  0.918 0.042 0.040 1    
239:  0.744 0.126 0.130 1    
240:  0.863 0.071 0.066 1    
241:  0.109 0.426 0.465 1    
242:  0.798 0.102 0.100 1    
243:  0.875 0.061 0.063 1    
244:  0.491 0.258 0.251 1    
245:  0.963 0.019 0.018 1    
246:  0.869 0.068 0.064 1    
247:  0.827 0.089 0.085 1    
248:  0.880 0.056 0.064 1    
249:  0.662 0.174 0.163 1    
250:  0.438 0.285 0.276 1    
251:  0.953 0.023 0.024 1    
252:  0.929 0.037 0.034 1    
253:  0.915 0.039 0.046 1    
254:  0.806 0.106 0.088 1    
255:  0.961 0.020 0.019 1    
256:  0.961 0.021 0.019 1    
257:  0.957 0.022 0.021 1    
258:  0.896 0.054 0.050 1    
259:  0.891 0.053 0.056 1    
