  1:   0.0392  0.1752  0.4766  0.1265  0.0480  0.1345  1
  2:   0.0690  0.1894  0.2801  0.3705  0.0604  0.0306  1
  3:   0.0632  0.0352  0.0780  0.0310  0.0232  0.7694  1
  4:   0.1551  0.2633  0.1969  0.2497  0.0410  0.0940  1
  5:   0.2271  0.1699  0.2887  0.1871  0.1042  0.0230  1
  6:   0.3673  0.0530  0.4218  0.0756  0.0192  0.0632  1
  7:   0.1025  0.2237  0.1461  0.2583  0.1921  0.0774  1
  8:   0.0412  0.1354  0.1348  0.0856  0.1610  0.4419  1
  9:   0.0342  0.0540  0.1911  0.0358  0.6561  0.0288  1
 10:   0.0676  0.1012  0.6575  0.0790  0.0642  0.0306  1
 11:   0.2720  0.1096  0.4222  0.0772  0.0158  0.1032  1
 12:   0.0760  0.0680  0.0616  0.1128  0.6350  0.0466  1
 13:   0.1302  0.3327  0.0358  0.3312  0.0258  0.1443  1
 14:   0.0356  0.0582  0.0390  0.0634  0.0352  0.7686  1
 15:   0.2510  0.3787  0.0278  0.2814  0.0192  0.0420  1
 16:   0.1718  0.0898  0.0250  0.1526  0.5085  0.0524  1
 17:   0.1430  0.1298  0.0216  0.1324  0.0298  0.5435  1
 18:   0.0820  0.0404  0.0464  0.0512  0.0310  0.7491  1
 19:   0.0416  0.0264  0.7467  0.0268  0.1384  0.0202  1
 20:   0.1118  0.0450  0.7091  0.0814  0.0258  0.0270  1
 21:   0.0236  0.0872  0.0228  0.1058  0.7315  0.0292  1
 22:   0.0947  0.0989  0.5814  0.1573  0.0308  0.0370  1
 23:   0.0928  0.0732  0.0672  0.1360  0.1018  0.5289  1
 24:   0.0212  0.0162  0.0148  0.0186  0.9142  0.0150  1
 25:   0.1722  0.1380  0.0266  0.2374  0.0362  0.3895  1
 26:   0.1595  0.1232  0.2749  0.1727  0.1349  0.1347  1
 27:   0.1186  0.0646  0.1467  0.0840  0.5268  0.0594  1
 28:   0.0722  0.3153  0.0462  0.4498  0.0272  0.0894  1
 29:   0.1154  0.3278  0.0650  0.2866  0.0236  0.1816  1
 30:   0.0424  0.3071  0.0408  0.3802  0.0424  0.1872  1
 31:   0.1809  0.1527  0.0926  0.2305  0.0914  0.2519  1
 32:   0.4755  0.1027  0.1131  0.2239  0.0426  0.0422  1
 33:   0.0368  0.0456  0.0230  0.0530  0.0292  0.8124  1
 34:   0.0226  0.0338  0.8214  0.0274  0.0294  0.0654  1
 35:   0.0172  0.0230  0.0196  0.0194  0.0132  0.9076  1
 36:   0.0188  0.1000  0.7440  0.0394  0.0480  0.0498  1
 37:   0.1134  0.1694  0.0878  0.2487  0.1564  0.2242  1
 38:   0.0482  0.1006  0.0332  0.0858  0.6693  0.0630  1
 39:   0.1816  0.3193  0.1380  0.2545  0.0600  0.0466  1
 40:   0.2461  0.0762  0.0388  0.1729  0.1827  0.2833  1
 41:   0.0436  0.0616  0.0276  0.0564  0.7812  0.0296  1
 42:   0.0946  0.1064  0.0666  0.1726  0.0240  0.5359  1
 43:   0.0222  0.0218  0.0214  0.0268  0.5116  0.3963  1
 44:   0.0380  0.0662  0.0914  0.0474  0.7428  0.0142  1
 45:   0.5589  0.0827  0.1131  0.1367  0.0614  0.0472  1
 46:   0.0370  0.0308  0.0328  0.0516  0.0336  0.8141  1
 47:   0.3582  0.1196  0.0602  0.1683  0.2089  0.0848  1
 48:   0.4387  0.1406  0.0596  0.1564  0.1852  0.0196  1
 49:   0.5301  0.1227  0.0276  0.1833  0.0420  0.0943  1
 50:   0.5032  0.2023  0.0360  0.1688  0.0706  0.0190  1
 51:   0.2659  0.3245  0.0164  0.3488  0.0180  0.0264  1
 52:   0.1718  0.3591  0.0290  0.2843  0.0480  0.1078  1
 53:   0.0612  0.3855  0.2050  0.2569  0.0184  0.0730  1
 54:   0.5368  0.1691  0.0182  0.2379  0.0172  0.0208  1
 55:   0.0804  0.2009  0.1166  0.3313  0.1434  0.1274  1
 56:   0.1870  0.2363  0.0230  0.3045  0.1892  0.0600  1
 57:   0.1148  0.2539  0.0298  0.4540  0.0370  0.1104  1
 58:   0.0694  0.2780  0.0602  0.4092  0.1149  0.0682  1
 59:   0.0916  0.3505  0.2537  0.2161  0.0424  0.0456  1
 60:   0.2477  0.1683  0.2363  0.2789  0.0500  0.0188  1
 61:   0.1200  0.0410  0.0692  0.0520  0.6815  0.0364  1
 62:   0.2170  0.3666  0.0364  0.2266  0.0440  0.1094  1
 63:   0.0422  0.0210  0.0324  0.0246  0.0236  0.8562  1
 64:   0.1886  0.2380  0.4586  0.0850  0.0154  0.0144  1
 65:   0.0312  0.3450  0.0180  0.4462  0.1282  0.0314  1
 66:   0.0236  0.0318  0.0348  0.0266  0.8448  0.0384  1
 67:   0.1683  0.1789  0.0310  0.4410  0.0318  0.1491  1
 68:   0.4798  0.1384  0.0182  0.2616  0.0706  0.0314  1
 69:   0.2304  0.2716  0.0474  0.2949  0.1178  0.0380  1
 70:   0.6994  0.0774  0.0370  0.1042  0.0298  0.0522  1
 71:   0.1834  0.3367  0.0354  0.2660  0.0586  0.1198  1
 72:   0.0436  0.0286  0.0246  0.0384  0.0222  0.8426  1
 73:   0.1766  0.2546  0.0496  0.2647  0.1330  0.1216  1
 74:   0.0740  0.1180  0.1746  0.0794  0.0210  0.5329  1
 75:   0.0560  0.1504  0.1298  0.1914  0.1674  0.3051  1
 76:   0.2564  0.3277  0.0292  0.3308  0.0270  0.0290  1
 77:   0.0670  0.4127  0.2114  0.1684  0.0396  0.1010  1
 78:   0.2190  0.0622  0.1647  0.1448  0.2054  0.2038  1
 79:   0.5776  0.0652  0.1856  0.0706  0.0390  0.0620  1
 80:   0.0326  0.0408  0.0318  0.0456  0.0230  0.8261  1
 81:   0.0320  0.3405  0.0636  0.3886  0.1548  0.0204  1
 82:   0.0884  0.0770  0.0694  0.1242  0.0274  0.6135  1
 83:   0.0294  0.0360  0.0166  0.0514  0.1796  0.6869  1
 84:   0.0490  0.1192  0.4110  0.1020  0.1512  0.1676  1
 85:   0.0992  0.3025  0.0232  0.4273  0.0380  0.1098  1
 86:   0.0540  0.3478  0.0288  0.4974  0.0380  0.0340  1
 87:   0.0654  0.1527  0.4078  0.1103  0.2159  0.0478  1
 88:   0.2407  0.1058  0.0364  0.1989  0.2353  0.1829  1
 89:   0.4598  0.1288  0.0652  0.2568  0.0458  0.0436  1
 90:   0.0202  0.0264  0.0208  0.0258  0.0214  0.8854  1
 91:   0.1880  0.1510  0.0656  0.2892  0.0926  0.2136  1
 92:   0.0372  0.3214  0.0236  0.5064  0.0266  0.0848  1
 93:   0.2060  0.2855  0.0658  0.3062  0.0960  0.0404  1
 94:   0.1095  0.2900  0.0346  0.4582  0.0360  0.0717  1
 95:   0.3123  0.0466  0.1085  0.0612  0.0506  0.4208  1
 96:   0.1857  0.2475  0.1024  0.1590  0.1196  0.1857  1
 97:   0.0672  0.1552  0.6238  0.1060  0.0140  0.0338  1
 98:   0.1913  0.2981  0.1300  0.1950  0.0436  0.1420  1
 99:   0.0460  0.4011  0.0168  0.4913  0.0200  0.0248  1
100:   0.1618  0.2503  0.0774  0.4061  0.0444  0.0600  1
101:   0.0418  0.0528  0.0546  0.0634  0.2531  0.5344  1
102:   0.0638  0.0412  0.0234  0.0432  0.0932  0.7352  1
103:   0.1597  0.0596  0.0562  0.1201  0.4038  0.2005  1
104:   0.3301  0.0486  0.3950  0.0566  0.0448  0.1249  1
105:   0.2148  0.2480  0.1020  0.1708  0.0958  0.1686  1
106:   0.0788  0.2591  0.0530  0.4849  0.0896  0.0346  1
107:   0.8006  0.0298  0.0922  0.0322  0.0202  0.0250  1
108:   0.1686  0.1214  0.0638  0.2311  0.1140  0.3011  1
109:   0.1698  0.1862  0.0606  0.3473  0.0866  0.1494  1
110:   0.3143  0.1506  0.0918  0.0896  0.0264  0.3273  1
111:   0.1102  0.0676  0.5938  0.1198  0.0698  0.0390  1
112:   0.1766  0.1282  0.4232  0.1406  0.0466  0.0848  1
113:   0.0588  0.0612  0.0336  0.0420  0.0572  0.7472  1
114:   0.8320  0.0412  0.0544  0.0410  0.0112  0.0202  1
115:   0.0996  0.0732  0.1290  0.1188  0.4701  0.1094  1
116:   0.0822  0.1838  0.0830  0.2487  0.2455  0.1568  1
117:   0.0802  0.1488  0.2838  0.1074  0.3555  0.0244  1
118:   0.3651  0.1869  0.1134  0.2056  0.0514  0.0776  1
119:   0.1664  0.0564  0.0586  0.0854  0.0364  0.5969  1
120:   0.0294  0.6301  0.0314  0.2387  0.0180  0.0524  1
121:   0.0528  0.0484  0.0174  0.0430  0.8109  0.0276  1
122:   0.0800  0.3361  0.1004  0.2367  0.0908  0.1559  1
123:   0.0218  0.2569  0.6176  0.0704  0.0144  0.0190  1
124:   0.0268  0.0766  0.0220  0.1448  0.0206  0.7091  1
125:   0.0794  0.1517  0.4772  0.1791  0.0426  0.0700  1
126:   0.1564  0.3850  0.2297  0.1430  0.0402  0.0458  1
127:   0.1736  0.2431  0.0324  0.4929  0.0170  0.0410  1
128:   0.2213  0.0334  0.2375  0.0464  0.1375  0.3239  1
129:   0.0616  0.4150  0.0264  0.3702  0.0362  0.0906  1
130:   0.1359  0.1929  0.1399  0.4115  0.0580  0.0618  1
131:   0.2602  0.1723  0.0979  0.1903  0.0634  0.2159  1
132:   0.0294  0.5178  0.1529  0.1721  0.0408  0.0869  1
133:   0.1555  0.1152  0.0190  0.2035  0.3886  0.1182  1
134:   0.0372  0.3006  0.0272  0.4855  0.0244  0.1250  1
135:   0.0572  0.2461  0.0294  0.5121  0.0240  0.1312  1
136:   0.1322  0.2126  0.0384  0.5656  0.0184  0.0328  1
137:   0.0476  0.6311  0.0474  0.2232  0.0216  0.0290  1
138:   0.0266  0.5604  0.0648  0.2746  0.0520  0.0216  1
139:   0.0394  0.5782  0.1067  0.2159  0.0344  0.0254  1
140:   0.0500  0.1578  0.6021  0.0894  0.0178  0.0830  1
141:   0.7485  0.0486  0.1064  0.0548  0.0274  0.0142  1
142:   0.7337  0.0294  0.1455  0.0370  0.0224  0.0320  1
143:   0.0760  0.6000  0.0532  0.2069  0.0440  0.0198  1
144:   0.1014  0.1487  0.0346  0.3241  0.0582  0.3331  1
145:   0.1578  0.3957  0.1436  0.1954  0.0734  0.0342  1
146:   0.1790  0.3160  0.0404  0.4101  0.0210  0.0336  1
147:   0.1974  0.1925  0.0410  0.3124  0.1442  0.1124  1
148:   0.3805  0.0936  0.0598  0.1678  0.1084  0.1898  1
149:   0.0692  0.0628  0.1350  0.1130  0.4217  0.1982  1
150:   0.5179  0.1416  0.0574  0.1990  0.0326  0.0516  1
151:   0.0178  0.0266  0.0252  0.0266  0.8766  0.0272  1
152:   0.1569  0.0582  0.0788  0.0980  0.0448  0.5634  1
153:   0.3376  0.1298  0.0414  0.1712  0.2902  0.0298  1
154:   0.0494  0.0386  0.0684  0.0442  0.6073  0.1922  1
155:   0.1848  0.1100  0.0448  0.1896  0.4421  0.0286  1
156:   0.2772  0.2513  0.1199  0.2752  0.0312  0.0452  1
157:   0.0332  0.4106  0.3528  0.1262  0.0262  0.0510  1
158:   0.6618  0.1280  0.0240  0.1228  0.0388  0.0246  1
159:   0.0314  0.0294  0.8502  0.0264  0.0152  0.0474  1
160:   0.2373  0.1967  0.0466  0.3054  0.0929  0.1211  1
161:   0.5010  0.0624  0.2537  0.0846  0.0464  0.0520  1
162:   0.2066  0.0940  0.0692  0.1686  0.2753  0.1862  1
163:   0.0700  0.3351  0.3664  0.1673  0.0272  0.0340  1
164:   0.2594  0.1792  0.2762  0.1108  0.0402  0.1342  1
165:   0.0342  0.0612  0.8199  0.0370  0.0166  0.0312  1
166:   0.3587  0.0668  0.1925  0.1245  0.1265  0.1309  1
167:   0.0432  0.0380  0.0216  0.0436  0.7918  0.0618  1
168:   0.1664  0.2974  0.0254  0.4254  0.0498  0.0356  1
169:   0.0250  0.0852  0.1326  0.1006  0.0522  0.6043  1
170:   0.0628  0.3612  0.0208  0.4968  0.0376  0.0208  1
171:   0.1132  0.2455  0.3345  0.1891  0.0638  0.0540  1
172:   0.1062  0.1199  0.1060  0.2143  0.3363  0.1172  1
173:   0.0984  0.0768  0.0954  0.0990  0.5881  0.0424  1
174:   0.2214  0.3071  0.1406  0.2466  0.0542  0.0300  1
175:   0.3591  0.1363  0.0518  0.2573  0.1365  0.0590  1
176:   0.3660  0.1745  0.0212  0.2754  0.1367  0.0262  1
177:   0.1375  0.1424  0.0212  0.2849  0.3686  0.0454  1
178:   0.0848  0.1754  0.0714  0.4042  0.0494  0.2148  1
179:   0.6962  0.0402  0.0864  0.0556  0.0528  0.0688  1
180:   0.5228  0.1716  0.1316  0.0856  0.0516  0.0368  1
181:   0.0266  0.0270  0.0170  0.0312  0.8616  0.0366  1
182:   0.1943  0.1025  0.0224  0.2303  0.0859  0.3646  1
183:   0.0330  0.5496  0.0728  0.3029  0.0188  0.0228  1
184:   0.2071  0.0678  0.0602  0.1296  0.1330  0.4023  1
185:   0.7556  0.0308  0.1314  0.0342  0.0144  0.0336  1
186:   0.0946  0.0696  0.5012  0.0988  0.2050  0.0308  1
187:   0.4121  0.0774  0.1573  0.1292  0.0736  0.1504  1
188:   0.5945  0.1168  0.0262  0.1610  0.0648  0.0368  1
189:   0.0500  0.6597  0.0340  0.2259  0.0136  0.0168  1
190:   0.0444  0.0488  0.0330  0.0488  0.7480  0.0768  1
191:   0.0276  0.0792  0.4883  0.0620  0.2851  0.0578  1
192:   0.5171  0.1218  0.0332  0.1918  0.0786  0.0574  1
193:   0.0216  0.2578  0.6169  0.0704  0.0146  0.0188  1
194:   0.0236  0.0476  0.8588  0.0356  0.0148  0.0196  1
195:   0.0920  0.4898  0.2144  0.1758  0.0126  0.0154  1
196:   0.1243  0.0268  0.7102  0.0378  0.0568  0.0440  1
197:   0.2883  0.1828  0.3079  0.1128  0.0672  0.0410  1
198:   0.5026  0.1600  0.1484  0.1296  0.0174  0.0420  1
199:   0.0274  0.0234  0.0274  0.0252  0.0198  0.8769  1
200:   0.0786  0.1141  0.5713  0.0953  0.0348  0.1059  1
201:   0.0316  0.0276  0.8552  0.0244  0.0262  0.0350  1
202:   0.2012  0.1900  0.0540  0.3599  0.0382  0.1566  1
203:   0.1334  0.2130  0.0378  0.5644  0.0182  0.0332  1
204:   0.0722  0.2110  0.0810  0.5468  0.0216  0.0674  1
205:   0.0662  0.0392  0.1496  0.0686  0.6303  0.0460  1
206:   0.5343  0.0764  0.1736  0.1230  0.0242  0.0686  1
207:   0.0406  0.0312  0.0170  0.0462  0.8406  0.0244  1
208:   0.3221  0.1213  0.2699  0.1460  0.0878  0.0530  1
209:   0.1150  0.0568  0.5736  0.0596  0.0802  0.1148  1
210:   0.5384  0.1527  0.1589  0.0822  0.0382  0.0296  1
211:   0.0380  0.0698  0.1118  0.0406  0.7012  0.0386  1
212:   0.0934  0.0604  0.0846  0.0584  0.6599  0.0434  1
213:   0.0432  0.3597  0.0264  0.5113  0.0302  0.0292  1
214:   0.1132  0.2236  0.4019  0.1050  0.0346  0.1216  1
215:   0.0322  0.5421  0.1304  0.1819  0.0860  0.0274  1
216:   0.1018  0.2550  0.1408  0.4385  0.0186  0.0452  1
217:   0.0504  0.6593  0.0340  0.2256  0.0138  0.0168  1
218:   0.1110  0.0664  0.1182  0.0546  0.6208  0.0290  1
219:   0.0318  0.0272  0.8557  0.0242  0.0266  0.0346  1
220:   0.0660  0.2894  0.0594  0.4898  0.0310  0.0644  1
221:   0.1068  0.0866  0.5756  0.0910  0.0522  0.0878  1
222:   0.1479  0.1984  0.0852  0.4126  0.0760  0.0800  1
223:   0.1610  0.1178  0.1910  0.2877  0.0646  0.1778  1
224:   0.0342  0.5451  0.0712  0.2405  0.0756  0.0334  1
225:   0.0238  0.0218  0.0154  0.0234  0.8898  0.0258  1
226:   0.0370  0.0222  0.0282  0.0258  0.8532  0.0336  1
227:   0.0378  0.0956  0.0252  0.0744  0.6991  0.0678  1
228:   0.1838  0.0742  0.4881  0.1156  0.0566  0.0818  1
229:   0.2736  0.1132  0.1180  0.1916  0.2240  0.0796  1
230:   0.2983  0.2649  0.0426  0.2279  0.0232  0.1431  1
231:   0.4021  0.1281  0.0434  0.1694  0.2253  0.0316  1
232:   0.5096  0.0694  0.1681  0.1166  0.0298  0.1066  1
233:   0.0686  0.2992  0.0358  0.4656  0.1046  0.0262  1
234:   0.3263  0.2581  0.0506  0.2964  0.0358  0.0328  1
235:   0.0258  0.0554  0.0328  0.0390  0.0370  0.8100  1
236:   0.0694  0.2892  0.1534  0.3766  0.0290  0.0824  1
237:   0.2059  0.1031  0.0202  0.1495  0.2700  0.2514  1
238:   0.0818  0.0464  0.0166  0.0516  0.7700  0.0336  1
239:   0.1873  0.1575  0.1433  0.3180  0.0296  0.1643  1
240:   0.1938  0.3059  0.1216  0.3070  0.0360  0.0358  1
241:   0.0338  0.0208  0.0778  0.0224  0.8140  0.0312  1
242:   0.4626  0.1600  0.1408  0.1474  0.0456  0.0436  1
243:   0.1622  0.2067  0.0204  0.3614  0.0388  0.2106  1
244:   0.0284  0.0224  0.0266  0.0236  0.0482  0.8509  1
245:   0.2928  0.2010  0.1934  0.1324  0.1094  0.0710  1
246:   0.1046  0.5781  0.0748  0.1855  0.0260  0.0310  1
247:   0.1322  0.2568  0.1272  0.3137  0.1112  0.0590  1
248:   0.3455  0.1364  0.0378  0.2113  0.2324  0.0366  1
249:   0.1332  0.2836  0.1468  0.2890  0.0492  0.0982  1
250:   0.1370  0.2881  0.0414  0.3107  0.1471  0.0758  1
251:   0.0960  0.1898  0.0352  0.3337  0.0486  0.2967  1
252:   0.4491  0.1850  0.0388  0.1931  0.0970  0.0370  1
253:   0.0986  0.0900  0.6657  0.0830  0.0236  0.0390  1
254:   0.4986  0.1114  0.0804  0.1166  0.0530  0.1400  1
255:   0.0314  0.0264  0.8245  0.0242  0.0160  0.0774  1
256:   0.0314  0.0260  0.8265  0.0240  0.0162  0.0758  1
257:   0.2156  0.1224  0.3876  0.1452  0.0560  0.0732  1
258:   0.7388  0.0338  0.1220  0.0524  0.0366  0.0164  1
259:   0.7686  0.0496  0.1084  0.0418  0.0152  0.0164  1
260:   0.2482  0.3548  0.0340  0.2604  0.0788  0.0238  1
