  1:   0.5025  0.1361  0.0480  0.0340  0.1321  0.1471  1
  2:   0.2633  0.0320  0.0651  0.0681  0.2883  0.2833  1
  3:   0.0760  0.7680  0.0230  0.0680  0.0370  0.0280  1
  4:   0.1978  0.0929  0.0400  0.1279  0.3407  0.2008  1
  5:   0.2940  0.0230  0.0990  0.1890  0.2750  0.1200  1
  6:   0.3680  0.0630  0.0190  0.4100  0.0920  0.0480  1
  7:   0.1510  0.0760  0.1870  0.0880  0.2900  0.2080  1
  8:   0.1430  0.4350  0.1620  0.0390  0.0900  0.1310  1
  9:   0.2038  0.0280  0.6523  0.0330  0.0450  0.0380  1
 10:   0.7060  0.0290  0.0630  0.0470  0.1010  0.0540  1
 11:   0.4210  0.0980  0.0160  0.2790  0.1020  0.0840  1
 12:   0.0570  0.0470  0.6340  0.0750  0.1070  0.0800  1
 13:   0.0350  0.1520  0.0260  0.1420  0.2790  0.3660  1
 14:   0.0380  0.7712  0.0350  0.0320  0.0609  0.0629  1
 15:   0.0280  0.0460  0.0190  0.2028  0.4705  0.2338  1
 16:   0.0230  0.0520  0.4990  0.1370  0.2010  0.0880  1
 17:   0.0210  0.5420  0.0300  0.1290  0.1760  0.1020  1
 18:   0.0450  0.7480  0.0300  0.0800  0.0560  0.0410  1
 19:   0.7487  0.0200  0.1371  0.0450  0.0270  0.0220  1
 20:   0.6760  0.0290  0.0270  0.1250  0.0960  0.0470  1
 21:   0.0240  0.0290  0.7293  0.0210  0.0859  0.1109  1
 22:   0.5706  0.0380  0.0300  0.0801  0.1932  0.0881  1
 23:   0.0611  0.5125  0.1011  0.0911  0.1451  0.0891  1
 24:   0.0150  0.0150  0.9120  0.0210  0.0200  0.0170  1
 25:   0.0210  0.3910  0.0360  0.1730  0.1880  0.1910  1
 26:   0.2703  0.1361  0.1301  0.1351  0.1972  0.1311  1
 27:   0.1530  0.0620  0.5110  0.0950  0.1200  0.0590  1
 28:   0.0430  0.1010  0.0280  0.0800  0.2480  0.5000  1
 29:   0.0689  0.1768  0.0240  0.0839  0.3776  0.2687  1
 30:   0.0380  0.1850  0.0410  0.0370  0.2240  0.4750  1
 31:   0.0900  0.2540  0.0900  0.1740  0.1900  0.2020  1
 32:   0.0840  0.0420  0.0420  0.4860  0.2260  0.1200  1
 33:   0.0220  0.8122  0.0290  0.0380  0.0490  0.0500  1
 34:   0.8290  0.0650  0.0280  0.0220  0.0260  0.0300  1
 35:   0.0200  0.9071  0.0130  0.0170  0.0220  0.0210  1
 36:   0.8232  0.0450  0.0450  0.0180  0.0340  0.0350  1
 37:   0.0770  0.2190  0.1490  0.0850  0.2930  0.1770  1
 38:   0.0330  0.0659  0.6653  0.0450  0.0979  0.0929  1
 39:   0.1470  0.0470  0.0590  0.1380  0.3910  0.2180  1
 40:   0.0290  0.2770  0.1730  0.2170  0.2110  0.0930  1
 41:   0.0280  0.0300  0.7770  0.0450  0.0530  0.0670  1
 42:   0.0620  0.5230  0.0240  0.0700  0.2150  0.1060  1
 43:   0.0210  0.3980  0.5110  0.0220  0.0240  0.0240  1
 44:   0.1011  0.0140  0.7437  0.0430  0.0440  0.0541  1
 45:   0.0911  0.0490  0.0611  0.5345  0.1752  0.0891  1
 46:   0.0330  0.8100  0.0330  0.0310  0.0590  0.0340  1
 47:   0.0560  0.0900  0.2100  0.3020  0.2500  0.0920  1
 48:   0.0619  0.0200  0.1898  0.3746  0.2278  0.1259  1
 49:   0.0250  0.0920  0.0400  0.4780  0.2630  0.1020  1
 50:   0.0350  0.0200  0.0720  0.4700  0.2420  0.1610  1
 51:   0.0140  0.0260  0.0170  0.2607  0.2098  0.4725  1
 52:   0.0280  0.1060  0.0460  0.2000  0.3210  0.2990  1
 53:   0.2150  0.0700  0.0180  0.0590  0.1980  0.4400  1
 54:   0.0170  0.0210  0.0170  0.4360  0.3840  0.1250  1
 55:   0.1150  0.1410  0.1460  0.0890  0.2030  0.3060  1
 56:   0.0220  0.0609  0.1856  0.1707  0.2784  0.2824  1
 57:   0.0280  0.1141  0.0360  0.0961  0.4394  0.2863  1
 58:   0.0541  0.0691  0.1111  0.0631  0.2733  0.4294  1
 59:   0.2720  0.0430  0.0400  0.0950  0.2880  0.2620  1
 60:   0.2228  0.0190  0.0490  0.2557  0.2617  0.1918  1
 61:   0.0650  0.0370  0.6770  0.1260  0.0530  0.0420  1
 62:   0.0330  0.1090  0.0410  0.1920  0.2470  0.3780  1
 63:   0.0310  0.8540  0.0230  0.0460  0.0240  0.0220  1
 64:   0.4970  0.0140  0.0150  0.2340  0.0890  0.1510  1
 65:   0.0180  0.0340  0.1320  0.0290  0.2580  0.5290  1
 66:   0.0360  0.0390  0.8438  0.0230  0.0280  0.0300  1
 67:   0.0290  0.1590  0.0320  0.1940  0.3470  0.2390  1
 68:   0.0160  0.0330  0.0720  0.5470  0.1920  0.1400  1
 69:   0.0470  0.0370  0.1089  0.1538  0.4685  0.1848  1
 70:   0.0330  0.0550  0.0290  0.6610  0.1550  0.0670  1
 71:   0.0330  0.1170  0.0580  0.1470  0.3980  0.2470  1
 72:   0.0240  0.8412  0.0220  0.0460  0.0370  0.0300  1
 73:   0.0490  0.1211  0.1261  0.1011  0.4144  0.1882  1
 74:   0.1944  0.5210  0.0200  0.0782  0.0862  0.1002  1
 75:   0.1291  0.3043  0.1652  0.0420  0.1832  0.1762  1
 76:   0.0270  0.0300  0.0280  0.2340  0.2480  0.4330  1
 77:   0.2730  0.1130  0.0420  0.0930  0.2320  0.2470  1
 78:   0.1400  0.2120  0.2040  0.2150  0.1540  0.0750  1
 79:   0.1440  0.0640  0.0380  0.6010  0.1070  0.0460  1
 80:   0.0300  0.8278  0.0230  0.0310  0.0470  0.0410  1
 81:   0.0630  0.0210  0.1580  0.0300  0.2280  0.5000  1
 82:   0.0691  0.6116  0.0270  0.0871  0.1281  0.0771  1
 83:   0.0160  0.6863  0.1768  0.0260  0.0519  0.0430  1
 84:   0.4390  0.1690  0.1430  0.0380  0.1150  0.0960  1
 85:   0.0210  0.1120  0.0390  0.1090  0.2360  0.4830  1
 86:   0.0280  0.0360  0.0410  0.0551  0.2683  0.5716  1
 87:   0.4240  0.0490  0.2190  0.0510  0.1440  0.1130  1
 88:   0.0290  0.1762  0.2292  0.2002  0.2613  0.1041  1
 89:   0.0520  0.0440  0.0460  0.4510  0.2570  0.1500  1
 90:   0.0210  0.8859  0.0210  0.0200  0.0250  0.0270  1
 91:   0.0561  0.2002  0.0831  0.1281  0.3864  0.1461  1
 92:   0.0230  0.1020  0.0280  0.0420  0.2820  0.5230  1
 93:   0.0599  0.0390  0.0869  0.1688  0.2657  0.3796  1
 94:   0.0320  0.0829  0.0410  0.1339  0.2418  0.4685  1
 95:   0.0670  0.4220  0.0500  0.3470  0.0740  0.0400  1
 96:   0.1111  0.1832  0.1181  0.1592  0.1972  0.2312  1
 97:   0.6673  0.0340  0.0140  0.0739  0.0899  0.1209  1
 98:   0.1502  0.1522  0.0440  0.1782  0.3113  0.1642  1
 99:   0.0160  0.0240  0.0190  0.0450  0.2650  0.6310  1
100:   0.0701  0.0601  0.0440  0.1562  0.3734  0.2963  1
101:   0.0559  0.5325  0.2458  0.0400  0.0739  0.0519  1
102:   0.0210  0.7323  0.0929  0.0639  0.0470  0.0430  1
103:   0.0511  0.2002  0.4034  0.1572  0.1161  0.0721  1
104:   0.3540  0.1320  0.0430  0.3600  0.0610  0.0500  1
105:   0.0889  0.1618  0.0909  0.2268  0.2118  0.2198  1
106:   0.0530  0.0360  0.0920  0.0830  0.3570  0.3790  1
107:   0.0230  0.0240  0.0190  0.8769  0.0310  0.0260  1
108:   0.0560  0.2950  0.1060  0.1250  0.3000  0.1180  1
109:   0.0570  0.1560  0.0870  0.1440  0.3220  0.2340  1
110:   0.0731  0.3193  0.0270  0.3694  0.1141  0.0971  1
111:   0.5850  0.0380  0.0650  0.0920  0.1580  0.0620  1
112:   0.3990  0.0830  0.0470  0.2010  0.1750  0.0950  1
113:   0.0300  0.7460  0.0560  0.0620  0.0480  0.0580  1
114:   0.0260  0.0200  0.0110  0.8630  0.0500  0.0300  1
115:   0.1289  0.1109  0.4565  0.0719  0.1608  0.0709  1
116:   0.0830  0.1480  0.2370  0.0610  0.2340  0.2370  1
117:   0.3180  0.0240  0.3490  0.0630  0.1550  0.0910  1
118:   0.0950  0.0790  0.0500  0.3110  0.3230  0.1420  1
119:   0.0509  0.5844  0.0360  0.1748  0.0969  0.0569  1
120:   0.0260  0.0520  0.0180  0.0290  0.2140  0.6610  1
121:   0.0170  0.0280  0.8062  0.0529  0.0460  0.0500  1
122:   0.1091  0.1542  0.0891  0.0731  0.2142  0.3604  1
123:   0.7602  0.0190  0.0140  0.0230  0.0679  0.1159  1
124:   0.0210  0.7097  0.0210  0.0240  0.1201  0.1041  1
125:   0.4865  0.0679  0.0410  0.0699  0.1938  0.1409  1
126:   0.2747  0.0470  0.0420  0.2038  0.1948  0.2378  1
127:   0.0290  0.0440  0.0180  0.2322  0.3243  0.3524  1
128:   0.2010  0.3230  0.1390  0.2490  0.0550  0.0330  1
129:   0.0240  0.0930  0.0340  0.0540  0.2300  0.5650  1
130:   0.1190  0.0570  0.0520  0.0940  0.4590  0.2190  1
131:   0.0889  0.2078  0.0609  0.2997  0.1578  0.1848  1
132:   0.1692  0.0911  0.0420  0.0310  0.2102  0.4565  1
133:   0.0190  0.1281  0.3834  0.1361  0.1802  0.1532  1
134:   0.0270  0.1310  0.0250  0.0320  0.3160  0.4690  1
135:   0.0290  0.1552  0.0240  0.0641  0.3453  0.3824  1
136:   0.0350  0.0360  0.0190  0.1550  0.4460  0.3090  1
137:   0.0480  0.0320  0.0220  0.0550  0.2620  0.5810  1
138:   0.0621  0.0200  0.0460  0.0230  0.2072  0.6416  1
139:   0.1111  0.0260  0.0360  0.0410  0.2302  0.5556  1
140:   0.6380  0.0850  0.0170  0.0440  0.1250  0.0910  1
141:   0.0450  0.0140  0.0270  0.8118  0.0561  0.0460  1
142:   0.0711  0.0310  0.0210  0.8148  0.0360  0.0260  1
143:   0.0601  0.0190  0.0430  0.1001  0.2643  0.5135  1
144:   0.0340  0.3430  0.0590  0.1090  0.2560  0.1990  1
145:   0.1580  0.0350  0.0700  0.1590  0.2300  0.3480  1
146:   0.0360  0.0340  0.0210  0.1700  0.2560  0.4830  1
147:   0.0380  0.1120  0.1320  0.1090  0.4560  0.1530  1
148:   0.0440  0.1932  0.1001  0.3514  0.2062  0.1051  1
149:   0.1350  0.1970  0.3930  0.0580  0.1520  0.0650  1
150:   0.0400  0.0510  0.0330  0.5360  0.1890  0.1510  1
151:   0.0270  0.0270  0.8750  0.0170  0.0270  0.0270  1
152:   0.0679  0.5534  0.0440  0.1518  0.1249  0.0579  1
153:   0.0360  0.0310  0.2937  0.2997  0.2058  0.1339  1
154:   0.0660  0.1900  0.6030  0.0470  0.0540  0.0400  1
155:   0.0370  0.0290  0.4424  0.1832  0.1672  0.1411  1
156:   0.1101  0.0440  0.0300  0.2032  0.4064  0.2062  1
157:   0.4296  0.0539  0.0280  0.0360  0.1389  0.3137  1
158:   0.0180  0.0250  0.0380  0.6610  0.1350  0.1230  1
159:   0.8490  0.0490  0.0150  0.0320  0.0290  0.0260  1
160:   0.0380  0.1150  0.0890  0.1980  0.3580  0.2020  1
161:   0.1948  0.0519  0.0460  0.5594  0.0819  0.0659  1
162:   0.0609  0.1828  0.2667  0.1608  0.2398  0.0889  1
163:   0.3884  0.0340  0.0280  0.0701  0.2072  0.2723  1
164:   0.2440  0.1360  0.0400  0.3030  0.1370  0.1400  1
165:   0.8372  0.0310  0.0160  0.0320  0.0470  0.0370  1
166:   0.1560  0.1390  0.1180  0.3240  0.1990  0.0640  1
167:   0.0220  0.0620  0.7890  0.0440  0.0420  0.0410  1
168:   0.0240  0.0350  0.0520  0.1400  0.3890  0.3600  1
169:   0.1411  0.5996  0.0531  0.0200  0.0881  0.0981  1
170:   0.0190  0.0210  0.0380  0.0581  0.3373  0.5265  1
171:   0.3407  0.0500  0.0609  0.0879  0.2867  0.1738  1
172:   0.1041  0.1181  0.3243  0.0621  0.2633  0.1281  1
173:   0.0889  0.0440  0.5784  0.0799  0.1399  0.0689  1
174:   0.1479  0.0300  0.0549  0.2797  0.2787  0.2088  1
175:   0.0430  0.0579  0.1329  0.3147  0.3107  0.1409  1
176:   0.0200  0.0270  0.1339  0.2827  0.3786  0.1578  1
177:   0.0200  0.0430  0.3526  0.0879  0.3267  0.1698  1
178:   0.0709  0.2388  0.0539  0.0889  0.3067  0.2408  1
179:   0.0310  0.0620  0.0530  0.7660  0.0470  0.0410  1
180:   0.1190  0.0350  0.0500  0.5970  0.0960  0.1030  1
181:   0.0160  0.0380  0.8600  0.0270  0.0310  0.0280  1
182:   0.0200  0.3914  0.0851  0.2062  0.1642  0.1331  1
183:   0.0770  0.0230  0.0190  0.0300  0.2630  0.5880  1
184:   0.0519  0.4116  0.1169  0.1738  0.1718  0.0739  1
185:   0.0531  0.0330  0.0140  0.8388  0.0310  0.0300  1
186:   0.4890  0.0320  0.2040  0.0810  0.1280  0.0660  1
187:   0.1159  0.1439  0.0769  0.3966  0.2018  0.0649  1
188:   0.0250  0.0380  0.0640  0.5370  0.2450  0.0910  1
189:   0.0370  0.0180  0.0140  0.0620  0.3220  0.5470  1
190:   0.0340  0.0760  0.7520  0.0390  0.0600  0.0390  1
191:   0.5215  0.0581  0.2783  0.0210  0.0651  0.0561  1
192:   0.0320  0.0580  0.0760  0.4570  0.2800  0.0970  1
193:   0.7620  0.0190  0.0140  0.0210  0.0690  0.1150  1
194:   0.8920  0.0180  0.0140  0.0200  0.0290  0.0270  1
195:   0.2350  0.0160  0.0130  0.0970  0.2020  0.4370  1
196:   0.6917  0.0460  0.0601  0.1301  0.0440  0.0280  1
197:   0.3037  0.0420  0.0699  0.3017  0.1568  0.1259  1
198:   0.1140  0.0430  0.0170  0.5400  0.1780  0.1080  1
199:   0.0270  0.8760  0.0200  0.0280  0.0250  0.0240  1
200:   0.5690  0.1050  0.0350  0.0740  0.1090  0.1080  1
201:   0.8490  0.0370  0.0270  0.0330  0.0240  0.0300  1
202:   0.0460  0.1570  0.0370  0.1500  0.4110  0.1990  1
203:   0.0350  0.0370  0.0190  0.1610  0.4360  0.3120  1
204:   0.0760  0.0760  0.0230  0.0800  0.4380  0.3070  1
205:   0.1350  0.0490  0.6320  0.0720  0.0600  0.0520  1
206:   0.1190  0.0650  0.0230  0.5280  0.1850  0.0800  1
207:   0.0170  0.0250  0.8380  0.0410  0.0460  0.0330  1
208:   0.2240  0.0550  0.0870  0.3630  0.1770  0.0940  1
209:   0.5634  0.1219  0.0789  0.1149  0.0789  0.0420  1
210:   0.1091  0.0280  0.0370  0.6176  0.0861  0.1221  1
211:   0.1270  0.0380  0.6980  0.0390  0.0500  0.0480  1
212:   0.0819  0.0440  0.6573  0.0899  0.0759  0.0509  1
213:   0.0260  0.0320  0.0300  0.0420  0.2920  0.5780  1
214:   0.4416  0.1159  0.0350  0.1129  0.1119  0.1828  1
215:   0.1390  0.0270  0.0850  0.0320  0.2000  0.5170  1
216:   0.1508  0.0509  0.0190  0.1199  0.2977  0.3616  1
217:   0.0380  0.0180  0.0140  0.0640  0.3210  0.5450  1
218:   0.1180  0.0280  0.6150  0.1240  0.0590  0.0560  1
219:   0.8490  0.0360  0.0280  0.0340  0.0250  0.0280  1
220:   0.0550  0.0660  0.0310  0.0530  0.4370  0.3580  1
221:   0.5610  0.0940  0.0510  0.1060  0.1170  0.0710  1
222:   0.0710  0.0720  0.0660  0.1050  0.4610  0.2250  1
223:   0.1663  0.1754  0.0661  0.1443  0.3126  0.1353  1
224:   0.0791  0.0330  0.0771  0.0310  0.2683  0.5115  1
225:   0.0150  0.0260  0.8890  0.0250  0.0250  0.0200  1
226:   0.0290  0.0350  0.8480  0.0370  0.0290  0.0220  1
227:   0.0260  0.0701  0.7007  0.0340  0.0761  0.0931  1
228:   0.4380  0.0840  0.0560  0.1870  0.1650  0.0700  1
229:   0.1100  0.0750  0.2150  0.2150  0.2790  0.1060  1
230:   0.0430  0.1401  0.0230  0.2803  0.3293  0.1842  1
231:   0.0320  0.0320  0.2080  0.4650  0.1210  0.1420  1
232:   0.1340  0.1110  0.0290  0.4840  0.1680  0.0740  1
233:   0.0340  0.0290  0.1180  0.0730  0.2860  0.4600  1
234:   0.0510  0.0320  0.0350  0.2370  0.4410  0.2040  1
235:   0.0350  0.8108  0.0370  0.0230  0.0420  0.0521  1
236:   0.1522  0.0821  0.0290  0.0511  0.2983  0.3874  1
237:   0.0190  0.2500  0.2670  0.1760  0.1930  0.0950  1
238:   0.0150  0.0340  0.7670  0.0810  0.0630  0.0400  1
239:   0.1199  0.1698  0.0290  0.1868  0.3247  0.1698  1
240:   0.1169  0.0350  0.0360  0.1668  0.3906  0.2547  1
241:   0.0770  0.0320  0.8100  0.0360  0.0250  0.0200  1
242:   0.1221  0.0420  0.0420  0.4655  0.2052  0.1231  1
243:   0.0200  0.2178  0.0390  0.1948  0.2338  0.2947  1
244:   0.0280  0.8492  0.0470  0.0290  0.0270  0.0200  1
245:   0.1940  0.0730  0.1140  0.2920  0.1990  0.1280  1
246:   0.0870  0.0340  0.0270  0.1530  0.2400  0.4590  1
247:   0.1250  0.0560  0.1080  0.1310  0.3160  0.2640  1
248:   0.0350  0.0350  0.2192  0.2923  0.2733  0.1451  1
249:   0.1460  0.1000  0.0480  0.1190  0.2840  0.3030  1
250:   0.0390  0.0719  0.1349  0.0939  0.3157  0.3447  1
251:   0.0330  0.3010  0.0480  0.0850  0.2930  0.2400  1
252:   0.0290  0.0360  0.0940  0.5130  0.1490  0.1790  1
253:   0.6510  0.0400  0.0230  0.1130  0.0860  0.0870  1
254:   0.0760  0.1390  0.0540  0.4980  0.1620  0.0710  1
255:   0.8320  0.0730  0.0160  0.0310  0.0240  0.0240  1
256:   0.8338  0.0731  0.0160  0.0300  0.0240  0.0230  1
257:   0.3610  0.0710  0.0590  0.1920  0.2330  0.0840  1
258:   0.0490  0.0160  0.0370  0.7928  0.0711  0.0340  1
259:   0.0370  0.0160  0.0150  0.8488  0.0390  0.0440  1
260:   0.0370  0.0250  0.0860  0.2010  0.4300  0.2210  1

  1:   0.4595  0.1331  0.0470  0.0400  0.1141  0.2062  1
  2:   0.2920  0.0300  0.0560  0.0680  0.4610  0.0930  1
  3:   0.0780  0.7720  0.0230  0.0600  0.0240  0.0430  1
  4:   0.2020  0.0950  0.0410  0.1730  0.1520  0.3370  1
  5:   0.2913  0.0220  0.1031  0.2482  0.1081  0.2272  1
  6:   0.4580  0.0640  0.0190  0.3390  0.0570  0.0630  1
  7:   0.1451  0.0771  0.1952  0.1131  0.2262  0.2432  1
  8:   0.1320  0.4490  0.1580  0.0430  0.0790  0.1390  1
  9:   0.1828  0.0290  0.6613  0.0350  0.0230  0.0689  1
 10:   0.6314  0.0310  0.0629  0.0779  0.0460  0.1508  1
 11:   0.4280  0.1050  0.0150  0.2660  0.0510  0.1350  1
 12:   0.0610  0.0450  0.6360  0.0760  0.1270  0.0550  1
 13:   0.0350  0.1420  0.0260  0.1290  0.3700  0.2980  1
 14:   0.0370  0.7770  0.0350  0.0360  0.0650  0.0500  1
 15:   0.0270  0.0390  0.0190  0.2907  0.0859  0.5385  1
 16:   0.0260  0.0510  0.5130  0.1850  0.1180  0.1070  1
 17:   0.0220  0.5465  0.0290  0.1578  0.0829  0.1618  1
 18:   0.0450  0.7570  0.0300  0.0800  0.0490  0.0390  1
 19:   0.7493  0.0200  0.1379  0.0400  0.0230  0.0300  1
 20:   0.7350  0.0260  0.0250  0.1040  0.0620  0.0480  1
 21:   0.0220  0.0290  0.7330  0.0260  0.1270  0.0630  1
 22:   0.5996  0.0360  0.0310  0.0971  0.1151  0.1211  1
 23:   0.0709  0.5385  0.1039  0.0889  0.1359  0.0619  1
 24:   0.0140  0.0150  0.9170  0.0210  0.0180  0.0150  1
 25:   0.0300  0.3950  0.0360  0.1670  0.2850  0.0870  1
 26:   0.2867  0.1309  0.1349  0.1688  0.1538  0.1249  1
 27:   0.1439  0.0569  0.5405  0.1239  0.0589  0.0759  1
 28:   0.0460  0.0829  0.0270  0.0639  0.6823  0.0979  1
 29:   0.0631  0.1802  0.0230  0.1361  0.1922  0.4054  1
 30:   0.0400  0.1830  0.0420  0.0450  0.5640  0.1260  1
 31:   0.0960  0.2490  0.0900  0.1760  0.2910  0.0980  1
 32:   0.1250  0.0430  0.0430  0.4740  0.2290  0.0860  1
 33:   0.0230  0.8178  0.0290  0.0350  0.0571  0.0380  1
 34:   0.8190  0.0640  0.0290  0.0230  0.0270  0.0380  1
 35:   0.0190  0.9101  0.0130  0.0170  0.0170  0.0240  1
 36:   0.7000  0.0530  0.0490  0.0190  0.0250  0.1540  1
 37:   0.0960  0.2290  0.1620  0.1210  0.2150  0.1770  1
 38:   0.0340  0.0620  0.6730  0.0500  0.0760  0.1050  1
 39:   0.1319  0.0460  0.0589  0.2028  0.1189  0.4416  1
 40:   0.0450  0.2950  0.1890  0.2400  0.1560  0.0750  1
 41:   0.0270  0.0290  0.7868  0.0420  0.0611  0.0541  1
 42:   0.0700  0.5460  0.0230  0.1080  0.1330  0.1200  1
 43:   0.0220  0.3936  0.5145  0.0220  0.0290  0.0190  1
 44:   0.0840  0.0140  0.7440  0.0340  0.0460  0.0780  1
 45:   0.1270  0.0470  0.0620  0.5720  0.1150  0.0770  1
 46:   0.0330  0.8170  0.0340  0.0410  0.0460  0.0290  1
 47:   0.0601  0.0811  0.2062  0.3824  0.1071  0.1632  1
 48:   0.0589  0.0190  0.1828  0.4835  0.0879  0.1678  1
 49:   0.0280  0.0900  0.0410  0.5620  0.1170  0.1620  1
 50:   0.0371  0.0180  0.0711  0.5240  0.0982  0.2515  1
 51:   0.0170  0.0260  0.0180  0.2670  0.5160  0.1560  1
 52:   0.0290  0.1111  0.0460  0.1762  0.2192  0.4184  1
 53:   0.1972  0.0741  0.0180  0.0631  0.3193  0.3283  1
 54:   0.0190  0.0210  0.0170  0.5910  0.1110  0.2410  1
 55:   0.1171  0.1231  0.1431  0.0771  0.4605  0.0791  1
 56:   0.0230  0.0610  0.1920  0.1890  0.3440  0.1910  1
 57:   0.0310  0.1049  0.0380  0.1219  0.4795  0.2248  1
 58:   0.0611  0.0651  0.1111  0.0721  0.5706  0.1201  1
 59:   0.2462  0.0460  0.0410  0.0931  0.1331  0.4404  1
 60:   0.2470  0.0180  0.0480  0.2510  0.2940  0.1420  1
 61:   0.0729  0.0360  0.6883  0.1129  0.0500  0.0400  1
 62:   0.0380  0.1110  0.0460  0.2370  0.2040  0.3640  1
 63:   0.0350  0.8580  0.0240  0.0380  0.0260  0.0190  1
 64:   0.4374  0.0140  0.0150  0.1712  0.0460  0.3163  1
 65:   0.0170  0.0300  0.1250  0.0340  0.6580  0.1360  1
 66:   0.0330  0.0360  0.8492  0.0240  0.0240  0.0340  1
 67:   0.0320  0.1439  0.0320  0.1598  0.5375  0.0949  1
 68:   0.0190  0.0310  0.0690  0.4360  0.3330  0.1120  1
 69:   0.0470  0.0380  0.1210  0.2770  0.1280  0.3890  1
 70:   0.0390  0.0500  0.0300  0.7160  0.0680  0.0970  1
 71:   0.0360  0.1190  0.0590  0.2040  0.1330  0.4490  1
 72:   0.0250  0.8450  0.0220  0.0410  0.0390  0.0280  1
 73:   0.0490  0.1149  0.1339  0.2258  0.1259  0.3506  1
 74:   0.1650  0.5420  0.0210  0.0720  0.0650  0.1350  1
 75:   0.1290  0.3050  0.1650  0.0630  0.2130  0.1250  1
 76:   0.0290  0.0280  0.0270  0.2460  0.4520  0.2180  1
 77:   0.1818  0.0949  0.0380  0.0609  0.0549  0.5694  1
 78:   0.1802  0.2022  0.2082  0.2142  0.1381  0.0571  1
 79:   0.2182  0.0601  0.0390  0.5556  0.0380  0.0891  1
 80:   0.0320  0.8300  0.0230  0.0320  0.0430  0.0400  1
 81:   0.0610  0.0200  0.1520  0.0310  0.5700  0.1660  1
 82:   0.0700  0.6190  0.0260  0.0930  0.1180  0.0740  1
 83:   0.0160  0.6884  0.1804  0.0301  0.0561  0.0291  1
 84:   0.3960  0.1650  0.1510  0.0570  0.0860  0.1450  1
 85:   0.0240  0.1040  0.0360  0.0880  0.6520  0.0960  1
 86:   0.0290  0.0320  0.0350  0.0530  0.7470  0.1040  1
 87:   0.3990  0.0450  0.2190  0.0710  0.0700  0.1960  1
 88:   0.0400  0.1880  0.2440  0.2560  0.1500  0.1220  1
 89:   0.0770  0.0420  0.0460  0.4540  0.2750  0.1060  1
 90:   0.0200  0.8880  0.0210  0.0200  0.0260  0.0250  1
 91:   0.0689  0.2228  0.0979  0.2208  0.2108  0.1788  1
 92:   0.0230  0.0740  0.0250  0.0340  0.7540  0.0900  1
 93:   0.0701  0.0420  0.0981  0.2242  0.3694  0.1962  1
 94:   0.0360  0.0649  0.0340  0.0879  0.7013  0.0759  1
 95:   0.1341  0.4194  0.0511  0.2913  0.0480  0.0561  1
 96:   0.0990  0.1830  0.1210  0.2040  0.1300  0.2630  1
 97:   0.5960  0.0340  0.0140  0.0650  0.1040  0.1870  1
 98:   0.1189  0.1369  0.0430  0.2018  0.0549  0.4446  1
 99:   0.0170  0.0250  0.0200  0.0430  0.7552  0.1399  1
100:   0.0810  0.0560  0.0440  0.1640  0.4380  0.2170  1
101:   0.0539  0.5325  0.2607  0.0430  0.0559  0.0539  1
102:   0.0240  0.7407  0.0931  0.0631  0.0380  0.0410  1
103:   0.0591  0.1942  0.4174  0.1471  0.1341  0.0480  1
104:   0.4176  0.1199  0.0460  0.3147  0.0529  0.0490  1
105:   0.1100  0.1670  0.0990  0.2100  0.1370  0.2770  1
106:   0.0520  0.0320  0.0860  0.0730  0.6240  0.1330  1
107:   0.1421  0.0260  0.0210  0.7457  0.0320  0.0330  1
108:   0.0660  0.3050  0.1150  0.1910  0.1800  0.1430  1
109:   0.0601  0.1431  0.0871  0.1822  0.3874  0.1401  1
110:   0.1030  0.3250  0.0260  0.2960  0.0500  0.2000  1
111:   0.6080  0.0380  0.0740  0.1160  0.0790  0.0850  1
112:   0.4480  0.0850  0.0460  0.1610  0.0940  0.1660  1
113:   0.0360  0.7490  0.0570  0.0570  0.0370  0.0640  1
114:   0.0721  0.0200  0.0110  0.8138  0.0310  0.0521  1
115:   0.1239  0.1069  0.4745  0.1179  0.0889  0.0879  1
116:   0.0810  0.1550  0.2480  0.0910  0.2960  0.1290  1
117:   0.2640  0.0240  0.3600  0.0890  0.0530  0.2100  1
118:   0.1171  0.0731  0.0521  0.4004  0.1041  0.2533  1
119:   0.0610  0.6080  0.0360  0.1610  0.0740  0.0600  1
120:   0.0300  0.0509  0.0180  0.0300  0.2567  0.6144  1
121:   0.0170  0.0270  0.8162  0.0519  0.0400  0.0480  1
122:   0.0969  0.1568  0.0879  0.0839  0.2667  0.3077  1
123:   0.5351  0.0180  0.0140  0.0210  0.0190  0.3928  1
124:   0.0220  0.7130  0.0200  0.0280  0.1710  0.0460  1
125:   0.4720  0.0690  0.0410  0.0850  0.1690  0.1640  1
126:   0.2000  0.0450  0.0380  0.1400  0.0570  0.5200  1
127:   0.0340  0.0380  0.0160  0.1490  0.6560  0.1070  1
128:   0.2610  0.3210  0.1350  0.2090  0.0380  0.0360  1
129:   0.0270  0.0880  0.0360  0.0610  0.5410  0.2470  1
130:   0.1572  0.0691  0.0581  0.1642  0.3714  0.1802  1
131:   0.1039  0.2228  0.0649  0.2368  0.2188  0.1528  1
132:   0.1391  0.0841  0.0390  0.0290  0.1201  0.5886  1
133:   0.0190  0.1159  0.3876  0.1628  0.2478  0.0669  1
134:   0.0270  0.1200  0.0240  0.0390  0.6720  0.1180  1
135:   0.0290  0.1169  0.0230  0.0539  0.6893  0.0879  1
136:   0.0400  0.0300  0.0180  0.1160  0.6930  0.1030  1
137:   0.0430  0.0270  0.0210  0.0450  0.1700  0.6940  1
138:   0.0590  0.0220  0.0530  0.0270  0.3490  0.4900  1
139:   0.0971  0.0240  0.0330  0.0380  0.1932  0.6146  1
140:   0.5800  0.0790  0.0180  0.0550  0.0440  0.2240  1
141:   0.1431  0.0140  0.0270  0.7187  0.0480  0.0490  1
142:   0.1978  0.0330  0.0230  0.6773  0.0370  0.0320  1
143:   0.0490  0.0190  0.0430  0.0671  0.1231  0.6987  1
144:   0.0350  0.3257  0.0569  0.0929  0.4066  0.0829  1
145:   0.1339  0.0340  0.0739  0.1608  0.1459  0.4515  1
146:   0.0420  0.0320  0.0210  0.1788  0.5824  0.1439  1
147:   0.0420  0.1090  0.1500  0.2500  0.1880  0.2610  1
148:   0.0701  0.1842  0.1091  0.3994  0.1542  0.0831  1
149:   0.1360  0.2020  0.4300  0.0750  0.0850  0.0720  1
150:   0.0660  0.0500  0.0320  0.5130  0.2130  0.1260  1
151:   0.0240  0.0270  0.8789  0.0180  0.0250  0.0270  1
152:   0.0849  0.5684  0.0440  0.1548  0.0789  0.0689  1
153:   0.0460  0.0300  0.2870  0.3440  0.1620  0.1310  1
154:   0.0670  0.1930  0.6120  0.0500  0.0400  0.0380  1
155:   0.0520  0.0270  0.4490  0.1730  0.2220  0.0770  1
156:   0.1230  0.0440  0.0310  0.3250  0.1550  0.3220  1
157:   0.3070  0.0490  0.0250  0.0320  0.0840  0.5030  1
158:   0.0280  0.0240  0.0390  0.6723  0.1129  0.1239  1
159:   0.8531  0.0460  0.0150  0.0300  0.0220  0.0340  1
160:   0.0511  0.1231  0.0971  0.2563  0.2683  0.2042  1
161:   0.2943  0.0501  0.0450  0.4665  0.0821  0.0621  1
162:   0.0731  0.1892  0.2783  0.2242  0.1171  0.1181  1
163:   0.3580  0.0340  0.0260  0.0710  0.1110  0.4000  1
164:   0.2940  0.1300  0.0400  0.2480  0.0770  0.2110  1
165:   0.8052  0.0320  0.0170  0.0360  0.0240  0.0859  1
166:   0.2140  0.1180  0.1260  0.3720  0.0820  0.0880  1
167:   0.0210  0.0580  0.7980  0.0420  0.0470  0.0340  1
168:   0.0260  0.0350  0.0470  0.1822  0.4845  0.2252  1
169:   0.1270  0.6140  0.0500  0.0270  0.1100  0.0720  1
170:   0.0210  0.0210  0.0360  0.0660  0.6690  0.1870  1
171:   0.3280  0.0550  0.0630  0.1280  0.0900  0.3360  1
172:   0.1051  0.1161  0.3423  0.1331  0.1752  0.1281  1
173:   0.0940  0.0420  0.5970  0.1100  0.0660  0.0910  1
174:   0.1410  0.0310  0.0530  0.2000  0.1770  0.3980  1
175:   0.0580  0.0580  0.1390  0.3700  0.2230  0.1520  1
176:   0.0210  0.0260  0.1339  0.4046  0.1988  0.2158  1
177:   0.0220  0.0480  0.3780  0.1670  0.2510  0.1340  1
178:   0.0710  0.2080  0.0470  0.0810  0.5050  0.0880  1
179:   0.1210  0.0740  0.0530  0.6520  0.0630  0.0370  1
180:   0.1300  0.0390  0.0520  0.4950  0.0530  0.2310  1
181:   0.0170  0.0360  0.8640  0.0260  0.0310  0.0260  1
182:   0.0240  0.3483  0.0861  0.1762  0.3113  0.0541  1
183:   0.0661  0.0230  0.0190  0.0350  0.3393  0.5175  1
184:   0.0651  0.3994  0.1381  0.2182  0.1081  0.0711  1
185:   0.1860  0.0340  0.0140  0.6970  0.0390  0.0300  1
186:   0.5075  0.0300  0.2038  0.1009  0.0779  0.0799  1
187:   0.1870  0.1500  0.0740  0.4140  0.0650  0.1100  1
188:   0.0260  0.0350  0.0660  0.6270  0.0930  0.1530  1
189:   0.0300  0.0160  0.0130  0.0510  0.1100  0.7800  1
190:   0.0320  0.0761  0.7518  0.0480  0.0350  0.0571  1
191:   0.4690  0.0590  0.2850  0.0310  0.0510  0.1050  1
192:   0.0340  0.0550  0.0850  0.5520  0.1150  0.1590  1
193:   0.5355  0.0180  0.0140  0.0210  0.0190  0.3924  1
194:   0.8362  0.0210  0.0150  0.0250  0.0350  0.0679  1
195:   0.1990  0.0150  0.0120  0.0910  0.1310  0.5520  1
196:   0.7247  0.0400  0.0551  0.1201  0.0320  0.0280  1
197:   0.3070  0.0410  0.0650  0.2820  0.0630  0.2420  1
198:   0.1670  0.0410  0.0170  0.4960  0.0690  0.2100  1
199:   0.0280  0.8781  0.0190  0.0270  0.0250  0.0230  1
200:   0.5734  0.1049  0.0340  0.0809  0.0809  0.1259  1
201:   0.8600  0.0340  0.0260  0.0290  0.0250  0.0260  1
202:   0.0600  0.1550  0.0380  0.2210  0.3200  0.2060  1
203:   0.0400  0.0320  0.0170  0.1140  0.6950  0.1020  1
204:   0.0889  0.0619  0.0210  0.0659  0.6484  0.1139  1
205:   0.1540  0.0450  0.6320  0.0630  0.0790  0.0270  1
206:   0.2128  0.0649  0.0240  0.5275  0.0739  0.0969  1
207:   0.0170  0.0240  0.8438  0.0420  0.0450  0.0280  1
208:   0.3017  0.0519  0.0869  0.3007  0.1059  0.1528  1
209:   0.5900  0.1060  0.0790  0.1110  0.0410  0.0730  1
210:   0.1912  0.0280  0.0370  0.4985  0.0681  0.1772  1
211:   0.1021  0.0380  0.7077  0.0370  0.0250  0.0901  1
212:   0.0840  0.0440  0.6670  0.0890  0.0450  0.0710  1
213:   0.0260  0.0270  0.0280  0.0430  0.7558  0.1201  1
214:   0.3790  0.1220  0.0350  0.1120  0.0900  0.2620  1
215:   0.1161  0.0270  0.0851  0.0320  0.1552  0.5846  1
216:   0.1300  0.0420  0.0180  0.0910  0.5840  0.1350  1
217:   0.0300  0.0160  0.0140  0.0490  0.1080  0.7830  1
218:   0.1181  0.0290  0.6276  0.1001  0.0470  0.0781  1
219:   0.8611  0.0320  0.0260  0.0300  0.0250  0.0260  1
220:   0.0630  0.0650  0.0310  0.0710  0.5470  0.2230  1
221:   0.5870  0.0820  0.0530  0.1050  0.0700  0.1030  1
222:   0.0949  0.0899  0.0799  0.1768  0.3716  0.1868  1
223:   0.2022  0.1812  0.0641  0.1742  0.2573  0.1211  1
224:   0.0630  0.0330  0.0720  0.0360  0.2080  0.5880  1
225:   0.0150  0.0250  0.8930  0.0230  0.0220  0.0220  1
226:   0.0260  0.0330  0.8600  0.0360  0.0220  0.0230  1
227:   0.0250  0.0669  0.7023  0.0400  0.0679  0.0979  1
228:   0.5110  0.0830  0.0560  0.1840  0.0770  0.0890  1
229:   0.1200  0.0770  0.2320  0.3000  0.1270  0.1440  1
230:   0.0430  0.1440  0.0230  0.3280  0.0990  0.3630  1
231:   0.0519  0.0300  0.2298  0.3726  0.2158  0.0999  1
232:   0.1848  0.1059  0.0300  0.5135  0.0829  0.0829  1
233:   0.0370  0.0250  0.0960  0.0640  0.6700  0.1080  1
234:   0.0490  0.0320  0.0350  0.3844  0.1652  0.3343  1
235:   0.0310  0.8150  0.0360  0.0270  0.0330  0.0580  1
236:   0.1500  0.0820  0.0290  0.0760  0.4680  0.1950  1
237:   0.0200  0.2513  0.2763  0.2232  0.1081  0.1211  1
238:   0.0170  0.0320  0.7750  0.0820  0.0420  0.0520  1
239:   0.1489  0.1718  0.0290  0.1968  0.3027  0.1508  1
240:   0.1240  0.0360  0.0350  0.2090  0.2100  0.3860  1
241:   0.0790  0.0290  0.8190  0.0310  0.0200  0.0220  1
242:   0.1608  0.0430  0.0470  0.4555  0.0879  0.2058  1
243:   0.0210  0.2068  0.0390  0.1379  0.5025  0.0929  1
244:   0.0260  0.8531  0.0480  0.0280  0.0200  0.0250  1
245:   0.1948  0.0699  0.1049  0.2937  0.0579  0.2787  1
246:   0.0689  0.0300  0.0250  0.0889  0.0899  0.6973  1
247:   0.1289  0.0609  0.1089  0.1339  0.3157  0.2517  1
248:   0.0400  0.0360  0.2410  0.3780  0.1520  0.1530  1
249:   0.1440  0.0990  0.0500  0.1390  0.2970  0.2710  1
250:   0.0420  0.0740  0.1470  0.1490  0.3530  0.2350  1
251:   0.0360  0.2950  0.0470  0.0990  0.3820  0.1410  1
252:   0.0440  0.0360  0.0969  0.4166  0.2198  0.1868  1
253:   0.6820  0.0370  0.0230  0.0920  0.0740  0.0920  1
254:   0.0880  0.1470  0.0530  0.4930  0.0640  0.1550  1
255:   0.8198  0.0811  0.0160  0.0310  0.0230  0.0290  1
256:   0.8230  0.0760  0.0160  0.0310  0.0240  0.0300  1
257:   0.4050  0.0720  0.0550  0.2270  0.0650  0.1760  1
258:   0.1750  0.0160  0.0370  0.6920  0.0390  0.0410  1
259:   0.1562  0.0160  0.0150  0.7197  0.0410  0.0521  1
260:   0.0310  0.0230  0.0731  0.2843  0.0861  0.5025  1

  1:   0.5355  0.1371  0.0501  0.0350  0.1011  0.1411  1
  2:   0.3180  0.0290  0.0550  0.0560  0.4950  0.0470  1
  3:   0.0700  0.7750  0.0230  0.0640  0.0220  0.0460  1
  4:   0.1928  0.0969  0.0430  0.1249  0.1419  0.4006  1
  5:   0.3050  0.0240  0.1150  0.2230  0.0980  0.2350  1
  6:   0.4006  0.0639  0.0200  0.3906  0.0559  0.0689  1
  7:   0.1490  0.0800  0.1970  0.0870  0.2380  0.2490  1
  8:   0.1401  0.4494  0.1652  0.0380  0.0721  0.1351  1
  9:   0.1900  0.0300  0.6560  0.0330  0.0220  0.0690  1
 10:   0.6927  0.0310  0.0671  0.0581  0.0440  0.1071  1
 11:   0.3756  0.1039  0.0170  0.3087  0.0440  0.1508  1
 12:   0.0640  0.0470  0.6390  0.0750  0.1260  0.0490  1
 13:   0.0350  0.1369  0.0270  0.1189  0.3736  0.3087  1
 14:   0.0410  0.7640  0.0360  0.0350  0.0710  0.0530  1
 15:   0.0280  0.0410  0.0200  0.1980  0.0420  0.6710  1
 16:   0.0250  0.0540  0.5400  0.1660  0.1120  0.1030  1
 17:   0.0210  0.5470  0.0310  0.1270  0.0730  0.2010  1
 18:   0.0470  0.7410  0.0330  0.0910  0.0500  0.0380  1
 19:   0.7483  0.0210  0.1349  0.0420  0.0250  0.0290  1
 20:   0.7160  0.0270  0.0260  0.1200  0.0690  0.0420  1
 21:   0.0240  0.0300  0.7343  0.0210  0.1329  0.0579  1
 22:   0.6096  0.0370  0.0310  0.0891  0.1211  0.1121  1
 23:   0.0720  0.5330  0.1060  0.0920  0.1480  0.0490  1
 24:   0.0150  0.0150  0.9151  0.0210  0.0180  0.0160  1
 25:   0.0240  0.3890  0.0370  0.1830  0.3040  0.0630  1
 26:   0.2967  0.1359  0.1429  0.1528  0.1648  0.1069  1
 27:   0.1431  0.0581  0.5506  0.1241  0.0511  0.0731  1
 28:   0.0450  0.0830  0.0280  0.0710  0.7200  0.0530  1
 29:   0.0630  0.1860  0.0240  0.0920  0.1730  0.4620  1
 30:   0.0450  0.1850  0.0430  0.0410  0.6010  0.0850  1
 31:   0.0860  0.2520  0.0950  0.1990  0.2830  0.0850  1
 32:   0.1051  0.0440  0.0450  0.4945  0.2382  0.0731  1
 33:   0.0230  0.8080  0.0300  0.0360  0.0610  0.0420  1
 34:   0.8272  0.0619  0.0300  0.0220  0.0280  0.0310  1
 35:   0.0200  0.9050  0.0130  0.0180  0.0170  0.0270  1
 36:   0.7900  0.0490  0.0460  0.0170  0.0250  0.0730  1
 37:   0.0920  0.2360  0.1690  0.1040  0.2250  0.1740  1
 38:   0.0340  0.0629  0.6623  0.0450  0.0699  0.1259  1
 39:   0.1301  0.0470  0.0621  0.1722  0.0951  0.4935  1
 40:   0.0350  0.2883  0.1882  0.2783  0.1532  0.0571  1
 41:   0.0280  0.0300  0.7832  0.0440  0.0629  0.0519  1
 42:   0.0710  0.5510  0.0250  0.0870  0.1340  0.1320  1
 43:   0.0210  0.3960  0.5110  0.0220  0.0310  0.0190  1
 44:   0.0919  0.0140  0.7433  0.0370  0.0430  0.0709  1
 45:   0.0981  0.0470  0.0621  0.5976  0.1161  0.0791  1
 46:   0.0340  0.8170  0.0350  0.0360  0.0500  0.0280  1
 47:   0.0600  0.0830  0.2150  0.3900  0.0870  0.1650  1
 48:   0.0590  0.0200  0.2000  0.4510  0.0810  0.1890  1
 49:   0.0269  0.0988  0.0449  0.5449  0.1138  0.1707  1
 50:   0.0330  0.0190  0.0691  0.5065  0.0731  0.2993  1
 51:   0.0160  0.0260  0.0190  0.2960  0.5050  0.1380  1
 52:   0.0260  0.1069  0.0500  0.1299  0.2058  0.4815  1
 53:   0.2220  0.0750  0.0190  0.0640  0.3260  0.2940  1
 54:   0.0180  0.0220  0.0180  0.5736  0.0941  0.2743  1
 55:   0.1149  0.1149  0.1389  0.0749  0.5045  0.0519  1
 56:   0.0230  0.0620  0.1920  0.1810  0.3520  0.1900  1
 57:   0.0300  0.1121  0.0380  0.0961  0.5055  0.2182  1
 58:   0.0690  0.0670  0.1220  0.0660  0.5960  0.0800  1
 59:   0.2660  0.0460  0.0440  0.0890  0.1190  0.4360  1
 60:   0.2520  0.0190  0.0520  0.2310  0.3190  0.1270  1
 61:   0.0650  0.0360  0.6800  0.1280  0.0530  0.0380  1
 62:   0.0350  0.1080  0.0480  0.2230  0.1650  0.4210  1
 63:   0.0290  0.8570  0.0240  0.0440  0.0260  0.0200  1
 64:   0.4166  0.0150  0.0160  0.1728  0.0410  0.3387  1
 65:   0.0190  0.0290  0.1290  0.0270  0.7030  0.0930  1
 66:   0.0350  0.0380  0.8448  0.0240  0.0240  0.0340  1
 67:   0.0300  0.1351  0.0320  0.1401  0.5966  0.0661  1
 68:   0.0180  0.0300  0.0690  0.4740  0.2970  0.1120  1
 69:   0.0510  0.0400  0.1420  0.1960  0.1000  0.4710  1
 70:   0.0320  0.0480  0.0310  0.7263  0.0629  0.0999  1
 71:   0.0340  0.1229  0.0599  0.1528  0.0969  0.5335  1
 72:   0.0240  0.8412  0.0230  0.0450  0.0400  0.0270  1
 73:   0.0530  0.1300  0.1480  0.1390  0.1060  0.4240  1
 74:   0.1708  0.5385  0.0210  0.0719  0.0609  0.1369  1
 75:   0.1470  0.3090  0.1710  0.0500  0.2160  0.1070  1
 76:   0.0300  0.0290  0.0270  0.2930  0.4110  0.2100  1
 77:   0.1710  0.0880  0.0370  0.0450  0.0380  0.6210  1
 78:   0.1490  0.2050  0.2110  0.2390  0.1540  0.0420  1
 79:   0.1410  0.0600  0.0390  0.6330  0.0280  0.0990  1
 80:   0.0330  0.8228  0.0230  0.0320  0.0470  0.0420  1
 81:   0.0730  0.0200  0.1530  0.0310  0.6050  0.1180  1
 82:   0.0709  0.6134  0.0280  0.0769  0.1269  0.0839  1
 83:   0.0170  0.6867  0.1842  0.0290  0.0571  0.0260  1
 84:   0.4236  0.1748  0.1558  0.0430  0.0849  0.1179  1
 85:   0.0230  0.1130  0.0370  0.1070  0.6730  0.0470  1
 86:   0.0290  0.0320  0.0360  0.0520  0.8040  0.0470  1
 87:   0.4500  0.0500  0.2250  0.0530  0.0530  0.1690  1
 88:   0.0360  0.1990  0.2500  0.2560  0.1410  0.1180  1
 89:   0.0570  0.0460  0.0470  0.5050  0.2530  0.0920  1
 90:   0.0210  0.8839  0.0210  0.0200  0.0270  0.0270  1
 91:   0.0740  0.2330  0.1060  0.1720  0.2280  0.1870  1
 92:   0.0240  0.0671  0.0250  0.0300  0.8208  0.0330  1
 93:   0.0641  0.0420  0.1051  0.2292  0.3664  0.1932  1
 94:   0.0330  0.0629  0.0340  0.1029  0.7413  0.0260  1
 95:   0.0879  0.4266  0.0519  0.3347  0.0420  0.0569  1
 96:   0.1002  0.1904  0.1253  0.1914  0.1032  0.2896  1
 97:   0.6316  0.0330  0.0140  0.0651  0.1141  0.1421  1
 98:   0.1140  0.1440  0.0470  0.1640  0.0240  0.5070  1
 99:   0.0170  0.0260  0.0220  0.0530  0.7930  0.0890  1
100:   0.0780  0.0610  0.0460  0.1510  0.4780  0.1860  1
101:   0.0569  0.5355  0.2577  0.0370  0.0569  0.0559  1
102:   0.0230  0.7330  0.0950  0.0650  0.0400  0.0440  1
103:   0.0550  0.2030  0.3930  0.1760  0.1330  0.0400  1
104:   0.3730  0.1210  0.0440  0.3630  0.0540  0.0450  1
105:   0.0900  0.1760  0.1000  0.2180  0.1270  0.2890  1
106:   0.0541  0.0330  0.0891  0.0701  0.6797  0.0741  1
107:   0.0240  0.0250  0.0200  0.8700  0.0280  0.0330  1
108:   0.0710  0.3160  0.1310  0.1650  0.1820  0.1350  1
109:   0.0690  0.1520  0.0910  0.1540  0.4160  0.1180  1
110:   0.0651  0.3363  0.0260  0.2993  0.0390  0.2342  1
111:   0.6148  0.0419  0.0778  0.1128  0.0788  0.0739  1
112:   0.4220  0.0890  0.0470  0.1720  0.0900  0.1800  1
113:   0.0320  0.7480  0.0590  0.0610  0.0330  0.0670  1
114:   0.0270  0.0200  0.0120  0.8511  0.0250  0.0649  1
115:   0.1399  0.1129  0.4905  0.0899  0.0909  0.0759  1
116:   0.0921  0.1622  0.2573  0.0801  0.3043  0.1041  1
117:   0.2780  0.0250  0.3610  0.0710  0.0450  0.2200  1
118:   0.1190  0.0830  0.0560  0.3640  0.0740  0.3040  1
119:   0.0580  0.6090  0.0370  0.1650  0.0730  0.0580  1
120:   0.0400  0.0551  0.0190  0.0300  0.2442  0.6116  1
121:   0.0170  0.0280  0.8082  0.0529  0.0390  0.0549  1
122:   0.1041  0.1652  0.0981  0.0891  0.2492  0.2943  1
123:   0.5750  0.0190  0.0150  0.0220  0.0180  0.3510  1
124:   0.0240  0.7003  0.0210  0.0240  0.1948  0.0360  1
125:   0.5035  0.0699  0.0450  0.0709  0.1638  0.1469  1
126:   0.1970  0.0450  0.0370  0.1220  0.0360  0.5630  1
127:   0.0290  0.0390  0.0160  0.1320  0.7180  0.0660  1
128:   0.2182  0.3363  0.1341  0.2392  0.0370  0.0350  1
129:   0.0280  0.0929  0.0400  0.0699  0.5365  0.2328  1
130:   0.1680  0.0610  0.0660  0.1160  0.4360  0.1530  1
131:   0.0909  0.2228  0.0629  0.2647  0.2158  0.1429  1
132:   0.1562  0.0851  0.0400  0.0260  0.0821  0.6106  1
133:   0.0190  0.1120  0.4040  0.1590  0.2500  0.0560  1
134:   0.0281  0.1182  0.0240  0.0311  0.7325  0.0661  1
135:   0.0290  0.1071  0.0230  0.0460  0.7558  0.0390  1
136:   0.0370  0.0280  0.0170  0.1041  0.7738  0.0400  1
137:   0.0511  0.0270  0.0210  0.0420  0.1221  0.7367  1
138:   0.0810  0.0230  0.0590  0.0290  0.3500  0.4580  1
139:   0.1211  0.0260  0.0350  0.0390  0.1632  0.6156  1
140:   0.6050  0.0780  0.0180  0.0410  0.0330  0.2250  1
141:   0.0501  0.0140  0.0260  0.8108  0.0420  0.0571  1
142:   0.0770  0.0320  0.0220  0.8010  0.0360  0.0320  1
143:   0.0480  0.0210  0.0450  0.0601  0.0781  0.7477  1
144:   0.0350  0.3260  0.0590  0.0950  0.4270  0.0580  1
145:   0.1449  0.0350  0.0749  0.1558  0.1399  0.4496  1
146:   0.0360  0.0340  0.0210  0.2000  0.6020  0.1070  1
147:   0.0450  0.1251  0.1812  0.1752  0.1982  0.2753  1
148:   0.0550  0.1950  0.1150  0.4010  0.1600  0.0740  1
149:   0.1522  0.2002  0.4364  0.0691  0.0831  0.0591  1
150:   0.0440  0.0500  0.0330  0.5425  0.1908  0.1399  1
151:   0.0250  0.0270  0.8789  0.0170  0.0260  0.0260  1
152:   0.0760  0.5760  0.0490  0.1670  0.0710  0.0610  1
153:   0.0370  0.0290  0.2950  0.3670  0.1350  0.1370  1
154:   0.0680  0.1900  0.6120  0.0500  0.0410  0.0390  1
155:   0.0450  0.0300  0.4505  0.2018  0.2118  0.0609  1
156:   0.1350  0.0490  0.0340  0.2630  0.1460  0.3730  1
157:   0.3433  0.0521  0.0260  0.0320  0.0651  0.4815  1
158:   0.0180  0.0250  0.0390  0.6797  0.0931  0.1451  1
159:   0.8550  0.0480  0.0150  0.0320  0.0230  0.0270  1
160:   0.0490  0.1251  0.1001  0.2382  0.2693  0.2182  1
161:   0.2038  0.0559  0.0480  0.5465  0.0889  0.0569  1
162:   0.0740  0.2040  0.2970  0.2150  0.0980  0.1120  1
163:   0.3854  0.0340  0.0280  0.0661  0.0991  0.3874  1
164:   0.2480  0.1400  0.0400  0.2490  0.0750  0.2480  1
165:   0.8292  0.0300  0.0170  0.0340  0.0200  0.0699  1
166:   0.1760  0.1380  0.1330  0.4060  0.0710  0.0760  1
167:   0.0210  0.0649  0.7902  0.0430  0.0450  0.0360  1
168:   0.0260  0.0350  0.0510  0.1480  0.5080  0.2320  1
169:   0.1490  0.5920  0.0540  0.0230  0.1230  0.0590  1
170:   0.0220  0.0210  0.0380  0.0590  0.7190  0.1410  1
171:   0.3600  0.0560  0.0670  0.1040  0.0650  0.3480  1
172:   0.1230  0.1210  0.3710  0.0860  0.1830  0.1160  1
173:   0.1060  0.0420  0.6020  0.0990  0.0540  0.0970  1
174:   0.1291  0.0290  0.0551  0.1812  0.1642  0.4414  1
175:   0.0480  0.0600  0.1460  0.3860  0.2260  0.1340  1
176:   0.0220  0.0260  0.1580  0.3910  0.1870  0.2160  1
177:   0.0230  0.0480  0.3874  0.1261  0.2963  0.1191  1
178:   0.0770  0.1910  0.0470  0.0730  0.5580  0.0540  1
179:   0.0350  0.0670  0.0520  0.7510  0.0590  0.0360  1
180:   0.1010  0.0360  0.0510  0.5220  0.0450  0.2450  1
181:   0.0170  0.0360  0.8610  0.0270  0.0330  0.0260  1
