1:    0.269 0.208 0.054 0.226 0.242 1    
2:    0.160 0.206 0.107 0.398 0.130 1    
3:    0.242 0.197 0.114 0.227 0.221 1    
4:    0.195 0.183 0.211 0.229 0.182 1    
5:    0.244 0.231 0.099 0.224 0.202 1    
6:    0.238 0.221 0.085 0.235 0.220 1    
7:    0.246 0.196 0.137 0.193 0.228 1    
8:    0.197 0.229 0.109 0.264 0.202 1    
9:    0.220 0.198 0.134 0.236 0.211 1    
10:   0.191 0.246 0.079 0.248 0.236 1    
11:   0.131 0.164 0.381 0.183 0.141 1    
12:   0.224 0.141 0.281 0.172 0.182 1    
13:   0.172 0.215 0.180 0.261 0.172 1    
14:   0.052 0.053 0.780 0.064 0.051 1    
15:   0.135 0.176 0.318 0.225 0.147 1    
16:   0.213 0.213 0.123 0.229 0.222 1    
17:   0.086 0.099 0.618 0.100 0.097 1    
18:   0.230 0.227 0.084 0.222 0.238 1    
19:   0.194 0.175 0.256 0.195 0.180 1    
20:   0.247 0.184 0.153 0.200 0.215 1    
21:   0.088 0.089 0.640 0.089 0.094 1    
22:   0.205 0.215 0.130 0.254 0.197 1    
23:   0.210 0.233 0.100 0.244 0.213 1    
24:   0.235 0.220 0.086 0.190 0.268 1    
25:   0.238 0.205 0.093 0.248 0.215 1    
26:   0.210 0.293 0.059 0.171 0.266 1    
27:   0.214 0.263 0.085 0.226 0.211 1    
28:   0.230 0.283 0.043 0.180 0.265 1    
29:   0.123 0.151 0.406 0.191 0.129 1    
30:   0.214 0.246 0.105 0.192 0.242 1    
31:   0.187 0.226 0.114 0.268 0.204 1    
32:   0.187 0.236 0.139 0.236 0.202 1    
33:   0.216 0.282 0.052 0.194 0.256 1    
34:   0.155 0.174 0.241 0.295 0.135 1    
35:   0.214 0.239 0.053 0.293 0.201 1    
36:   0.195 0.224 0.154 0.199 0.228 1    
37:   0.207 0.279 0.056 0.196 0.262 1    
38:   0.176 0.212 0.194 0.227 0.191 1    
39:   0.221 0.260 0.090 0.201 0.228 1    
40:   0.054 0.055 0.782 0.056 0.053 1    
41:   0.217 0.232 0.098 0.243 0.210 1    
42:   0.245 0.218 0.068 0.232 0.236 1    
43:   0.196 0.272 0.043 0.226 0.263 1    
44:   0.194 0.220 0.114 0.218 0.254 1    
45:   0.196 0.268 0.035 0.251 0.251 1    
46:   0.202 0.234 0.093 0.245 0.227 1    
47:   0.194 0.233 0.163 0.200 0.210 1    
48:   0.219 0.201 0.146 0.209 0.225 1    
49:   0.247 0.256 0.038 0.210 0.249 1    
50:   0.209 0.226 0.082 0.260 0.223 1    
51:   0.226 0.248 0.092 0.200 0.234 1    
52:   0.205 0.210 0.163 0.210 0.212 1    
53:   0.225 0.231 0.067 0.249 0.228 1    
54:   0.184 0.227 0.183 0.218 0.188 1    
55:   0.176 0.191 0.274 0.175 0.185 1    
56:   0.239 0.234 0.069 0.229 0.228 1    
57:   0.216 0.214 0.136 0.228 0.206 1    
58:   0.167 0.185 0.240 0.242 0.166 1    
59:   0.215 0.252 0.042 0.244 0.246 1    
60:   0.184 0.239 0.175 0.198 0.203 1    
61:   0.238 0.269 0.047 0.178 0.268 1    
62:   0.211 0.268 0.047 0.204 0.270 1    
63:   0.228 0.246 0.059 0.207 0.260 1    
64:   0.126 0.110 0.526 0.120 0.119 1    
65:   0.234 0.247 0.067 0.238 0.214 1    
66:   0.235 0.270 0.036 0.191 0.268 1    
67:   0.255 0.220 0.052 0.238 0.235 1    
68:   0.250 0.218 0.088 0.219 0.226 1    
69:   0.216 0.233 0.062 0.267 0.221 1    
70:   0.248 0.270 0.025 0.151 0.306 1    
71:   0.222 0.244 0.054 0.236 0.245 1    
72:   0.123 0.158 0.384 0.175 0.159 1    
73:   0.185 0.240 0.089 0.287 0.199 1    
74:   0.241 0.193 0.121 0.234 0.211 1    
75:   0.253 0.203 0.106 0.224 0.214 1    
76:   0.213 0.256 0.051 0.200 0.280 1    
77:   0.208 0.204 0.169 0.230 0.189 1    
78:   0.243 0.224 0.045 0.233 0.255 1    
79:   0.227 0.270 0.049 0.210 0.243 1    
80:   0.232 0.251 0.048 0.185 0.283 1    
81:   0.287 0.200 0.065 0.173 0.275 1    
82:   0.086 0.079 0.664 0.090 0.080 1    
83:   0.204 0.188 0.190 0.250 0.168 1    
84:   0.050 0.061 0.769 0.063 0.056 1    
85:   0.204 0.263 0.075 0.187 0.271 1    
86:   0.266 0.186 0.095 0.206 0.247 1    
87:   0.220 0.264 0.045 0.218 0.253 1    
88:   0.289 0.185 0.043 0.235 0.247 1    
89:   0.161 0.089 0.538 0.084 0.128 1    
90:   0.321 0.179 0.049 0.176 0.275 1    
91:   0.219 0.247 0.087 0.228 0.219 1    
92:   0.143 0.143 0.410 0.164 0.141 1    
93:   0.252 0.207 0.088 0.198 0.255 1    
94:   0.340 0.190 0.030 0.153 0.286 1    
95:   0.334 0.194 0.035 0.139 0.298 1    
96:   0.353 0.184 0.030 0.142 0.291 1    
97:   0.294 0.198 0.058 0.191 0.260 1    
98:   0.280 0.209 0.039 0.221 0.251 1    
99:   0.154 0.143 0.397 0.153 0.154 1    
100:  0.123 0.131 0.499 0.129 0.118 1    
101:  0.246 0.228 0.074 0.163 0.289 1    
102:  0.194 0.227 0.149 0.248 0.182 1    
103:  0.240 0.249 0.072 0.201 0.238 1    
104:  0.314 0.196 0.030 0.181 0.280 1    
105:  0.205 0.258 0.097 0.214 0.226 1    
106:  0.176 0.192 0.194 0.266 0.172 1    
107:  0.230 0.205 0.124 0.198 0.243 1    
108:  0.195 0.216 0.167 0.209 0.213 1    
109:  0.260 0.188 0.162 0.164 0.225 1    
110:  0.228 0.190 0.188 0.190 0.203 1    
111:  0.330 0.185 0.055 0.156 0.274 1    
112:  0.297 0.199 0.057 0.197 0.250 1    
113:  0.061 0.061 0.745 0.072 0.060 1    
114:  0.228 0.279 0.049 0.217 0.226 1    
115:  0.221 0.200 0.173 0.206 0.200 1    
116:  0.163 0.211 0.191 0.238 0.197 1    
117:  0.215 0.249 0.056 0.252 0.228 1    
118:  0.215 0.259 0.054 0.235 0.237 1    
119:  0.204 0.191 0.232 0.191 0.183 1    
120:  0.112 0.117 0.509 0.151 0.112 1    
121:  0.030 0.032 0.874 0.033 0.031 1    
122:  0.209 0.255 0.083 0.199 0.254 1    
123:  0.088 0.106 0.578 0.131 0.097 1    
124:  0.291 0.187 0.100 0.176 0.246 1    
125:  0.273 0.191 0.103 0.199 0.234 1    
126:  0.224 0.274 0.043 0.184 0.275 1    
127:  0.153 0.139 0.381 0.184 0.142 1    
128:  0.238 0.222 0.091 0.226 0.222 1    
129:  0.270 0.183 0.148 0.183 0.216 1    
130:  0.211 0.245 0.054 0.268 0.224 1    
131:  0.180 0.195 0.213 0.241 0.172 1    
132:  0.195 0.263 0.053 0.234 0.255 1    
133:  0.066 0.075 0.704 0.077 0.078 1    
134:  0.236 0.211 0.048 0.306 0.199 1    
135:  0.174 0.215 0.085 0.354 0.171 1    
136:  0.164 0.159 0.350 0.163 0.164 1    
137:  0.195 0.201 0.196 0.208 0.201 1    
138:  0.262 0.235 0.027 0.234 0.241 1    
139:  0.226 0.246 0.094 0.210 0.224 1    
140:  0.238 0.225 0.075 0.217 0.245 1    
141:  0.055 0.060 0.759 0.065 0.061 1    
142:  0.162 0.192 0.263 0.191 0.191 1    
143:  0.206 0.214 0.165 0.210 0.205 1    
144:  0.180 0.209 0.124 0.320 0.166 1    
145:  0.297 0.212 0.039 0.184 0.268 1    
146:  0.260 0.189 0.093 0.215 0.243 1    
147:  0.265 0.205 0.079 0.215 0.236 1    
148:  0.207 0.239 0.087 0.277 0.190 1    
149:  0.175 0.185 0.251 0.213 0.176 1    
150:  0.251 0.184 0.152 0.184 0.230 1    
151:  0.165 0.142 0.414 0.135 0.145 1    
152:  0.244 0.292 0.028 0.173 0.263 1    
153:  0.178 0.170 0.311 0.179 0.161 1    
154:  0.216 0.193 0.188 0.222 0.181 1    
155:  0.087 0.088 0.623 0.124 0.077 1    
156:  0.221 0.215 0.077 0.285 0.202 1    
157:  0.192 0.222 0.083 0.293 0.210 1    
158:  0.242 0.217 0.111 0.218 0.212 1    
159:  0.224 0.216 0.125 0.225 0.210 1    
160:  0.066 0.073 0.700 0.093 0.068 1    
161:  0.211 0.250 0.079 0.254 0.205 1    
162:  0.189 0.163 0.319 0.164 0.165 1    
163:  0.199 0.251 0.097 0.211 0.242 1    
164:  0.350 0.177 0.030 0.153 0.290 1    
165:  0.282 0.187 0.103 0.187 0.241 1    
166:  0.069 0.074 0.717 0.072 0.067 1    
167:  0.220 0.266 0.074 0.170 0.270 1    
168:  0.179 0.227 0.211 0.182 0.201 1    
169:  0.237 0.234 0.100 0.214 0.216 1    
170:  0.041 0.039 0.848 0.038 0.036 1    
171:  0.201 0.233 0.079 0.246 0.240 1    
172:  0.200 0.259 0.099 0.190 0.252 1    
173:  0.062 0.060 0.752 0.071 0.055 1    
174:  0.244 0.221 0.085 0.218 0.232 1    
175:  0.227 0.257 0.063 0.230 0.223 1    
176:  0.208 0.258 0.061 0.252 0.220 1    
177:  0.212 0.246 0.101 0.186 0.256 1    
178:  0.206 0.207 0.136 0.249 0.202 1    
179:  0.228 0.272 0.056 0.166 0.277 1    
180:  0.184 0.215 0.171 0.217 0.213 1    
181:  0.182 0.142 0.345 0.179 0.153 1    
182:  0.231 0.218 0.083 0.250 0.218 1    
183:  0.066 0.059 0.753 0.064 0.058 1    
184:  0.264 0.200 0.109 0.183 0.246 1    
185:  0.061 0.063 0.730 0.078 0.068 1    
186:  0.061 0.062 0.757 0.059 0.061 1    
187:  0.227 0.245 0.066 0.234 0.228 1    
188:  0.292 0.177 0.093 0.186 0.253 1    
189:  0.184 0.177 0.270 0.196 0.173 1    
190:  0.192 0.224 0.093 0.308 0.183 1    
191:  0.172 0.195 0.255 0.210 0.167 1    
192:  0.174 0.209 0.092 0.376 0.149 1    
193:  0.254 0.198 0.092 0.223 0.233 1    
194:  0.201 0.219 0.171 0.224 0.185 1    
195:  0.200 0.254 0.074 0.242 0.230 1    
196:  0.089 0.078 0.682 0.075 0.076 1    
197:  0.233 0.234 0.072 0.220 0.241 1    
198:  0.111 0.101 0.565 0.116 0.107 1    
199:  0.241 0.227 0.060 0.229 0.242 1    
200:  0.303 0.206 0.045 0.156 0.291 1    
201:  0.224 0.265 0.066 0.203 0.242 1    
202:  0.219 0.209 0.065 0.327 0.180 1    
203:  0.214 0.222 0.136 0.231 0.198 1    
204:  0.200 0.280 0.052 0.181 0.286 1    
205:  0.187 0.267 0.090 0.217 0.238 1    
206:  0.169 0.244 0.131 0.239 0.217 1    
207:  0.189 0.223 0.109 0.296 0.183 1    
208:  0.091 0.107 0.594 0.100 0.108 1    
209:  0.197 0.241 0.091 0.273 0.198 1    
210:  0.241 0.233 0.067 0.251 0.208 1    
211:  0.098 0.121 0.552 0.122 0.108 1    
212:  0.089 0.094 0.643 0.093 0.081 1    
213:  0.209 0.244 0.127 0.185 0.235 1    
214:  0.288 0.224 0.041 0.217 0.231 1    
215:  0.246 0.210 0.072 0.235 0.236 1    
216:  0.070 0.068 0.719 0.079 0.064 1    
217:  0.213 0.192 0.200 0.196 0.200 1    
218:  0.185 0.221 0.175 0.228 0.191 1    
219:  0.202 0.271 0.040 0.246 0.241 1    
220:  0.192 0.240 0.053 0.317 0.198 1    
221:  0.189 0.182 0.221 0.222 0.187 1    
222:  0.209 0.260 0.074 0.234 0.224 1    
223:  0.267 0.198 0.093 0.212 0.230 1    
224:  0.236 0.256 0.035 0.214 0.259 1    
                    
                    
1:    0.247 0.208 0.054 0.242 0.249 1    
2:    0.401 0.187 0.107 0.158 0.147 1    
3:    0.219 0.196 0.121 0.238 0.226 1    
4:    0.230 0.182 0.222 0.183 0.182 1    
5:    0.235 0.209 0.114 0.217 0.225 1    
6:    0.241 0.215 0.088 0.221 0.235 1    
7:    0.197 0.208 0.150 0.215 0.231 1    
8:    0.259 0.210 0.117 0.209 0.204 1    
9:    0.227 0.213 0.143 0.216 0.200 1    
10:   0.235 0.253 0.074 0.214 0.223 1    
11:   0.197 0.165 0.362 0.139 0.138 1    
12:   0.178 0.150 0.281 0.197 0.193 1    
13:   0.265 0.179 0.213 0.173 0.170 1    
14:   0.069 0.059 0.753 0.057 0.062 1    
15:   0.222 0.168 0.308 0.154 0.148 1    
16:   0.236 0.205 0.122 0.212 0.225 1    
17:   0.115 0.102 0.585 0.099 0.099 1    
18:   0.226 0.216 0.101 0.226 0.232 1    
19:   0.190 0.159 0.286 0.176 0.189 1    
20:   0.192 0.186 0.174 0.224 0.224 1    
21:   0.098 0.104 0.600 0.098 0.101 1    
22:   0.249 0.202 0.141 0.200 0.207 1    
23:   0.250 0.227 0.108 0.207 0.209 1    
24:   0.201 0.222 0.086 0.246 0.246 1    
25:   0.252 0.189 0.112 0.230 0.217 1    
26:   0.162 0.319 0.067 0.238 0.214 1    
27:   0.231 0.240 0.097 0.214 0.217 1    
28:   0.163 0.315 0.050 0.251 0.220 1    
29:   0.194 0.138 0.398 0.129 0.140 1    
30:   0.189 0.250 0.119 0.223 0.218 1    
31:   0.254 0.220 0.120 0.198 0.207 1    
32:   0.223 0.220 0.148 0.200 0.210 1    
33:   0.188 0.286 0.062 0.242 0.222 1    
34:   0.273 0.173 0.247 0.156 0.151 1    
35:   0.300 0.216 0.058 0.203 0.222 1    
36:   0.194 0.229 0.163 0.211 0.204 1    
37:   0.195 0.299 0.056 0.226 0.224 1    
38:   0.219 0.212 0.183 0.188 0.197 1    
39:   0.215 0.246 0.098 0.221 0.220 1    
40:   0.062 0.065 0.750 0.062 0.062 1    
41:   0.239 0.232 0.102 0.217 0.209 1    
42:   0.238 0.223 0.074 0.239 0.226 1    
43:   0.231 0.289 0.045 0.216 0.219 1    
44:   0.214 0.224 0.113 0.226 0.223 1    
45:   0.223 0.267 0.040 0.234 0.235 1    
46:   0.218 0.255 0.095 0.222 0.211 1    
47:   0.211 0.218 0.166 0.195 0.210 1    
48:   0.210 0.196 0.147 0.220 0.226 1    
49:   0.217 0.250 0.045 0.249 0.240 1    
50:   0.258 0.220 0.093 0.223 0.206 1    
51:   0.181 0.283 0.105 0.234 0.197 1    
52:   0.191 0.231 0.171 0.215 0.192 1    
53:   0.254 0.228 0.066 0.231 0.221 1    
54:   0.216 0.221 0.200 0.181 0.182 1    
55:   0.172 0.191 0.279 0.176 0.183 1    
56:   0.221 0.235 0.076 0.242 0.226 1    
57:   0.219 0.205 0.147 0.215 0.215 1    
58:   0.206 0.205 0.256 0.182 0.152 1    
59:   0.227 0.250 0.048 0.241 0.234 1    
60:   0.198 0.228 0.167 0.202 0.205 1    
61:   0.167 0.299 0.057 0.257 0.220 1    
62:   0.186 0.260 0.053 0.245 0.257 1    
63:   0.206 0.248 0.071 0.252 0.223 1    
64:   0.120 0.127 0.494 0.134 0.124 1    
65:   0.229 0.241 0.083 0.226 0.221 1    
66:   0.195 0.268 0.040 0.250 0.246 1    
67:   0.240 0.220 0.058 0.256 0.226 1    
68:   0.212 0.215 0.113 0.222 0.238 1    
69:   0.256 0.226 0.067 0.232 0.219 1    
70:   0.141 0.309 0.029 0.273 0.248 1    
71:   0.244 0.224 0.060 0.235 0.236 1    
72:   0.183 0.165 0.358 0.147 0.147 1    
73:   0.273 0.224 0.097 0.203 0.202 1    
74:   0.239 0.188 0.123 0.224 0.226 1    
75:   0.240 0.195 0.109 0.219 0.237 1    
76:   0.198 0.260 0.055 0.249 0.237 1    
77:   0.225 0.184 0.183 0.198 0.210 1    
78:   0.225 0.231 0.050 0.238 0.255 1    
79:   0.223 0.264 0.057 0.230 0.226 1    
80:   0.206 0.226 0.052 0.255 0.261 1    
81:   0.191 0.211 0.072 0.265 0.261 1    
82:   0.098 0.080 0.638 0.088 0.095 1    
83:   0.247 0.183 0.182 0.200 0.188 1    
84:   0.075 0.070 0.722 0.063 0.071 1    
85:   0.181 0.256 0.075 0.240 0.248 1    
86:   0.206 0.180 0.108 0.248 0.258 1    
87:   0.209 0.276 0.053 0.237 0.225 1    
88:   0.247 0.206 0.050 0.241 0.256 1    
89:   0.097 0.102 0.509 0.147 0.144 1    
90:   0.204 0.191 0.056 0.264 0.285 1    
91:   0.226 0.222 0.091 0.226 0.234 1    
92:   0.163 0.142 0.419 0.134 0.142 1    
93:   0.192 0.219 0.098 0.249 0.241 1    
94:   0.184 0.203 0.035 0.281 0.297 1    
95:   0.172 0.206 0.039 0.281 0.302 1    
96:   0.172 0.186 0.036 0.298 0.308 1    
97:   0.206 0.205 0.067 0.277 0.246 1    
98:   0.238 0.220 0.046 0.250 0.246 1    
99:   0.144 0.135 0.432 0.146 0.143 1    
100:  0.132 0.127 0.486 0.120 0.135 1    
101:  0.164 0.249 0.079 0.256 0.252 1    
102:  0.251 0.206 0.160 0.192 0.191 1    
103:  0.198 0.262 0.079 0.237 0.224 1    
104:  0.195 0.210 0.033 0.280 0.283 1    
105:  0.202 0.253 0.099 0.212 0.234 1    
106:  0.260 0.179 0.187 0.183 0.191 1    
107:  0.195 0.204 0.131 0.246 0.225 1    
108:  0.209 0.223 0.162 0.203 0.202 1    
109:  0.182 0.182 0.172 0.233 0.231 1    
110:  0.189 0.180 0.209 0.210 0.212 1    
111:  0.183 0.184 0.055 0.285 0.293 1    
112:  0.217 0.199 0.072 0.249 0.263 1    
113:  0.082 0.070 0.704 0.074 0.070 1    
114:  0.218 0.250 0.058 0.232 0.242 1    
115:  0.215 0.189 0.196 0.198 0.202 1    
116:  0.234 0.211 0.181 0.188 0.187 1    
117:  0.236 0.234 0.060 0.235 0.234 1    
118:  0.217 0.258 0.064 0.243 0.219 1    
119:  0.181 0.203 0.248 0.183 0.185 1    
120:  0.147 0.121 0.493 0.115 0.124 1    
121:  0.038 0.037 0.851 0.036 0.039 1    
122:  0.186 0.269 0.084 0.236 0.225 1    
123:  0.141 0.111 0.531 0.106 0.110 1    
124:  0.194 0.183 0.102 0.259 0.262 1    
125:  0.209 0.198 0.108 0.239 0.245 1    
126:  0.167 0.293 0.046 0.254 0.240 1    
127:  0.188 0.147 0.360 0.152 0.153 1    
128:  0.232 0.220 0.099 0.216 0.233 1    
129:  0.206 0.180 0.146 0.220 0.248 1    
130:  0.256 0.241 0.060 0.220 0.224 1    
131:  0.230 0.196 0.210 0.184 0.181 1    
132:  0.241 0.246 0.058 0.221 0.234 1    
133:  0.080 0.096 0.654 0.082 0.088 1    
134:  0.296 0.209 0.051 0.213 0.231 1    
135:  0.356 0.208 0.086 0.175 0.175 1    
136:  0.164 0.152 0.336 0.166 0.182 1    
137:  0.203 0.213 0.206 0.197 0.181 1    
138:  0.236 0.227 0.034 0.260 0.244 1    
139:  0.218 0.244 0.103 0.211 0.224 1    
140:  0.207 0.236 0.082 0.246 0.229 1    
141:  0.075 0.080 0.706 0.067 0.071 1    
142:  0.182 0.190 0.259 0.183 0.186 1    
143:  0.204 0.212 0.162 0.216 0.206 1    
144:  0.325 0.196 0.126 0.180 0.173 1    
145:  0.203 0.213 0.046 0.260 0.278 1    
146:  0.237 0.190 0.098 0.240 0.235 1    
147:  0.211 0.201 0.097 0.239 0.251 1    
148:  0.258 0.235 0.094 0.203 0.210 1    
149:  0.210 0.189 0.240 0.179 0.181 1    
150:  0.193 0.174 0.177 0.222 0.234 1    
151:  0.132 0.122 0.453 0.142 0.150 1    
152:  0.172 0.325 0.033 0.251 0.219 1    
153:  0.185 0.149 0.349 0.153 0.163 1    
154:  0.223 0.195 0.194 0.199 0.189 1    
155:  0.120 0.093 0.605 0.088 0.094 1    
156:  0.287 0.216 0.084 0.212 0.201 1    
157:  0.288 0.210 0.092 0.205 0.205 1    
158:  0.226 0.209 0.118 0.229 0.217 1    
159:  0.213 0.224 0.135 0.215 0.213 1    
160:  0.109 0.078 0.658 0.077 0.078 1    
161:  0.256 0.239 0.084 0.212 0.209 1    
162:  0.168 0.163 0.310 0.173 0.186 1    
163:  0.211 0.236 0.095 0.227 0.230 1    
164:  0.175 0.182 0.036 0.297 0.310 1    
165:  0.199 0.180 0.124 0.243 0.254 1    
166:  0.083 0.083 0.680 0.078 0.077 1    
167:  0.169 0.296 0.081 0.236 0.218 1    
168:  0.167 0.252 0.209 0.194 0.178 1    
169:  0.213 0.231 0.104 0.231 0.221 1    
170:  0.047 0.044 0.816 0.047 0.046 1    
171:  0.227 0.236 0.086 0.235 0.216 1    
172:  0.190 0.257 0.111 0.224 0.218 1    
173:  0.075 0.063 0.730 0.066 0.065 1    
174:  0.213 0.227 0.099 0.237 0.225 1    
175:  0.204 0.271 0.076 0.227 0.222 1    
176:  0.272 0.242 0.064 0.213 0.209 1    
177:  0.192 0.258 0.097 0.231 0.222 1    
178:  0.233 0.218 0.146 0.206 0.197 1    
179:  0.156 0.312 0.059 0.249 0.223 1    
180:  0.198 0.221 0.181 0.202 0.198 1    
181:  0.179 0.149 0.339 0.165 0.168 1    
182:  0.240 0.211 0.082 0.229 0.238 1    
183:  0.079 0.070 0.705 0.072 0.075 1    
184:  0.195 0.198 0.120 0.232 0.254 1    
185:  0.087 0.071 0.695 0.071 0.076 1    
186:  0.066 0.066 0.727 0.072 0.069 1    
187:  0.240 0.226 0.073 0.231 0.230 1    
188:  0.195 0.185 0.106 0.242 0.273 1    
189:  0.181 0.168 0.293 0.180 0.178 1    
190:  0.315 0.199 0.111 0.186 0.189 1    
191:  0.219 0.177 0.248 0.171 0.185 1    
192:  0.361 0.192 0.099 0.169 0.178 1    
193:  0.210 0.206 0.094 0.238 0.252 1    
194:  0.239 0.198 0.182 0.192 0.189 1    
195:  0.237 0.234 0.078 0.220 0.231 1    
196:  0.085 0.079 0.647 0.093 0.096 1    
197:  0.213 0.254 0.072 0.234 0.227 1    
198:  0.126 0.107 0.538 0.114 0.114 1    
199:  0.214 0.238 0.068 0.241 0.238 1    
200:  0.174 0.201 0.051 0.280 0.294 1    
201:  0.208 0.253 0.072 0.231 0.236 1    
202:  0.335 0.181 0.074 0.216 0.193 1    
203:  0.216 0.242 0.140 0.205 0.196 1    
204:  0.180 0.271 0.056 0.253 0.240 1    
205:  0.210 0.254 0.095 0.216 0.225 1    
206:  0.228 0.233 0.131 0.202 0.204 1    
207:  0.296 0.205 0.116 0.190 0.193 1    
208:  0.102 0.122 0.564 0.103 0.109 1    
209:  0.269 0.225 0.091 0.199 0.216 1    
210:  0.247 0.233 0.079 0.222 0.219 1    
211:  0.124 0.124 0.524 0.111 0.117 1    
212:  0.108 0.098 0.607 0.093 0.095 1    
213:  0.190 0.255 0.133 0.211 0.212 1    
214:  0.221 0.210 0.046 0.269 0.254 1    
215:  0.238 0.206 0.078 0.232 0.245 1    
216:  0.087 0.071 0.689 0.076 0.076 1    
217:  0.179 0.208 0.226 0.201 0.186 1    
218:  0.230 0.199 0.180 0.193 0.197 1    
219:  0.253 0.267 0.048 0.222 0.210 1    
220:  0.293 0.249 0.060 0.205 0.193 1    
221:  0.218 0.175 0.255 0.180 0.173 1    
222:  0.243 0.240 0.075 0.213 0.229 1    
223:  0.217 0.183 0.109 0.246 0.245 1    
224:  0.212 0.277 0.039 0.252 0.220 1    
                    
                    
1:    0.247 0.208 0.054 0.242 0.249 1    
2:    0.401 0.187 0.107 0.158 0.147 1    
3:    0.219 0.196 0.121 0.238 0.226 1    
4:    0.230 0.182 0.222 0.183 0.182 1    
5:    0.235 0.209 0.114 0.217 0.225 1    
6:    0.241 0.215 0.088 0.221 0.235 1    
7:    0.197 0.208 0.150 0.215 0.231 1    
8:    0.259 0.210 0.117 0.209 0.204 1    
9:    0.227 0.213 0.143 0.216 0.200 1    
10:   0.235 0.253 0.074 0.214 0.223 1    
11:   0.197 0.165 0.362 0.139 0.138 1    
12:   0.178 0.150 0.281 0.197 0.193 1    
13:   0.265 0.179 0.213 0.173 0.170 1    
14:   0.069 0.059 0.753 0.057 0.062 1    
15:   0.222 0.168 0.308 0.154 0.148 1    
16:   0.236 0.205 0.122 0.212 0.225 1    
17:   0.115 0.102 0.585 0.099 0.099 1    
18:   0.226 0.216 0.101 0.226 0.232 1    
19:   0.190 0.159 0.286 0.176 0.189 1    
20:   0.192 0.186 0.174 0.224 0.224 1    
21:   0.098 0.104 0.600 0.098 0.101 1    
22:   0.249 0.202 0.141 0.200 0.207 1    
23:   0.250 0.227 0.108 0.207 0.209 1    
24:   0.201 0.222 0.086 0.246 0.246 1    
25:   0.252 0.189 0.112 0.230 0.217 1    
26:   0.162 0.319 0.067 0.238 0.214 1    
27:   0.231 0.240 0.097 0.214 0.217 1    
28:   0.163 0.315 0.050 0.251 0.220 1    
29:   0.194 0.138 0.398 0.129 0.140 1    
30:   0.189 0.250 0.119 0.223 0.218 1    
31:   0.254 0.220 0.120 0.198 0.207 1    
32:   0.223 0.220 0.148 0.200 0.210 1    
33:   0.188 0.286 0.062 0.242 0.222 1    
34:   0.273 0.173 0.247 0.156 0.151 1    
35:   0.300 0.216 0.058 0.203 0.222 1    
36:   0.194 0.229 0.163 0.211 0.204 1    
37:   0.195 0.299 0.056 0.226 0.224 1    
38:   0.219 0.212 0.183 0.188 0.197 1    
39:   0.215 0.246 0.098 0.221 0.220 1    
40:   0.062 0.065 0.750 0.062 0.062 1    
41:   0.239 0.232 0.102 0.217 0.209 1    
42:   0.238 0.223 0.074 0.239 0.226 1    
43:   0.231 0.289 0.045 0.216 0.219 1    
44:   0.214 0.224 0.113 0.226 0.223 1    
45:   0.223 0.267 0.040 0.234 0.235 1    
46:   0.218 0.255 0.095 0.222 0.211 1    
47:   0.211 0.218 0.166 0.195 0.210 1    
48:   0.210 0.196 0.147 0.220 0.226 1    
49:   0.217 0.250 0.045 0.249 0.240 1    
50:   0.258 0.220 0.093 0.223 0.206 1    
51:   0.181 0.283 0.105 0.234 0.197 1    
52:   0.191 0.231 0.171 0.215 0.192 1    
53:   0.254 0.228 0.066 0.231 0.221 1    
54:   0.216 0.221 0.200 0.181 0.182 1    
55:   0.172 0.191 0.279 0.176 0.183 1    
56:   0.221 0.235 0.076 0.242 0.226 1    
57:   0.219 0.205 0.147 0.215 0.215 1    
58:   0.206 0.205 0.256 0.182 0.152 1    
59:   0.227 0.250 0.048 0.241 0.234 1    
60:   0.198 0.228 0.167 0.202 0.205 1    
61:   0.167 0.299 0.057 0.257 0.220 1    
62:   0.186 0.260 0.053 0.245 0.257 1    
63:   0.206 0.248 0.071 0.252 0.223 1    
64:   0.120 0.127 0.494 0.134 0.124 1    
65:   0.229 0.241 0.083 0.226 0.221 1    
66:   0.195 0.268 0.040 0.250 0.246 1    
67:   0.240 0.220 0.058 0.256 0.226 1    
68:   0.212 0.215 0.113 0.222 0.238 1    
69:   0.256 0.226 0.067 0.232 0.219 1    
70:   0.141 0.309 0.029 0.273 0.248 1    
71:   0.244 0.224 0.060 0.235 0.236 1    
72:   0.183 0.165 0.358 0.147 0.147 1    
73:   0.273 0.224 0.097 0.203 0.202 1    
74:   0.239 0.188 0.123 0.224 0.226 1    
75:   0.240 0.195 0.109 0.219 0.237 1    
76:   0.198 0.260 0.055 0.249 0.237 1    
77:   0.225 0.184 0.183 0.198 0.210 1    
78:   0.225 0.231 0.050 0.238 0.255 1    
79:   0.223 0.264 0.057 0.230 0.226 1    
80:   0.206 0.226 0.052 0.255 0.261 1    
81:   0.191 0.211 0.072 0.265 0.261 1    
82:   0.098 0.080 0.638 0.088 0.095 1    
83:   0.247 0.183 0.182 0.200 0.188 1    
84:   0.075 0.070 0.722 0.063 0.071 1    
85:   0.181 0.256 0.075 0.240 0.248 1    
86:   0.206 0.180 0.108 0.248 0.258 1    
87:   0.209 0.276 0.053 0.237 0.225 1    
88:   0.247 0.206 0.050 0.241 0.256 1    
89:   0.097 0.102 0.509 0.147 0.144 1    
90:   0.204 0.191 0.056 0.264 0.285 1    
91:   0.226 0.222 0.091 0.226 0.234 1    
92:   0.163 0.142 0.419 0.134 0.142 1    
93:   0.192 0.219 0.098 0.249 0.241 1    
94:   0.184 0.203 0.035 0.281 0.297 1    
95:   0.172 0.206 0.039 0.281 0.302 1    
96:   0.172 0.186 0.036 0.298 0.308 1    
97:   0.206 0.205 0.067 0.277 0.246 1    
98:   0.238 0.220 0.046 0.250 0.246 1    
99:   0.144 0.135 0.432 0.146 0.143 1    
100:  0.132 0.127 0.486 0.120 0.135 1    
101:  0.164 0.249 0.079 0.256 0.252 1    
102:  0.251 0.206 0.160 0.192 0.191 1    
103:  0.198 0.262 0.079 0.237 0.224 1    
104:  0.195 0.210 0.033 0.280 0.283 1    
105:  0.202 0.253 0.099 0.212 0.234 1    
106:  0.260 0.179 0.187 0.183 0.191 1    
107:  0.195 0.204 0.131 0.246 0.225 1    
108:  0.209 0.223 0.162 0.203 0.202 1    
109:  0.182 0.182 0.172 0.233 0.231 1    
110:  0.189 0.180 0.209 0.210 0.212 1    
111:  0.183 0.184 0.055 0.285 0.293 1    
112:  0.217 0.199 0.072 0.249 0.263 1    
113:  0.082 0.070 0.704 0.074 0.070 1    
114:  0.218 0.250 0.058 0.232 0.242 1    
115:  0.215 0.189 0.196 0.198 0.202 1    
116:  0.234 0.211 0.181 0.188 0.187 1    
117:  0.236 0.234 0.060 0.235 0.234 1    
118:  0.217 0.258 0.064 0.243 0.219 1    
119:  0.181 0.203 0.248 0.183 0.185 1    
120:  0.147 0.121 0.493 0.115 0.124 1    
121:  0.038 0.037 0.851 0.036 0.039 1    
122:  0.186 0.269 0.084 0.236 0.225 1    
123:  0.141 0.111 0.531 0.106 0.110 1    
124:  0.194 0.183 0.102 0.259 0.262 1    
125:  0.209 0.198 0.108 0.239 0.245 1    
126:  0.167 0.293 0.046 0.254 0.240 1    
127:  0.188 0.147 0.360 0.152 0.153 1    
128:  0.232 0.220 0.099 0.216 0.233 1    
129:  0.206 0.180 0.146 0.220 0.248 1    
130:  0.256 0.241 0.060 0.220 0.224 1    
131:  0.230 0.196 0.210 0.184 0.181 1    
132:  0.241 0.246 0.058 0.221 0.234 1    
133:  0.080 0.096 0.654 0.082 0.088 1    
134:  0.296 0.209 0.051 0.213 0.231 1    
135:  0.356 0.208 0.086 0.175 0.175 1    
136:  0.164 0.152 0.336 0.166 0.182 1    
137:  0.203 0.213 0.206 0.197 0.181 1    
138:  0.236 0.227 0.034 0.260 0.244 1    
139:  0.218 0.244 0.103 0.211 0.224 1    
140:  0.207 0.236 0.082 0.246 0.229 1    
141:  0.075 0.080 0.706 0.067 0.071 1    
142:  0.182 0.190 0.259 0.183 0.186 1    
143:  0.204 0.212 0.162 0.216 0.206 1    
144:  0.325 0.196 0.126 0.180 0.173 1    
145:  0.203 0.213 0.046 0.260 0.278 1    
146:  0.237 0.190 0.098 0.240 0.235 1    
147:  0.211 0.201 0.097 0.239 0.251 1    
148:  0.258 0.235 0.094 0.203 0.210 1    
149:  0.210 0.189 0.240 0.179 0.181 1    
150:  0.193 0.174 0.177 0.222 0.234 1    
151:  0.132 0.122 0.453 0.142 0.150 1    
152:  0.172 0.325 0.033 0.251 0.219 1    
153:  0.185 0.149 0.349 0.153 0.163 1    
154:  0.223 0.195 0.194 0.199 0.189 1    
155:  0.120 0.093 0.605 0.088 0.094 1    
156:  0.287 0.216 0.084 0.212 0.201 1    
157:  0.288 0.210 0.092 0.205 0.205 1    
158:  0.226 0.209 0.118 0.229 0.217 1    
159:  0.213 0.224 0.135 0.215 0.213 1    
160:  0.109 0.078 0.658 0.077 0.078 1    
161:  0.256 0.239 0.084 0.212 0.209 1    
162:  0.168 0.163 0.310 0.173 0.186 1    
163:  0.211 0.236 0.095 0.227 0.230 1    
164:  0.175 0.182 0.036 0.297 0.310 1    
165:  0.199 0.180 0.124 0.243 0.254 1    
166:  0.083 0.083 0.680 0.078 0.077 1    
167:  0.169 0.296 0.081 0.236 0.218 1    
168:  0.167 0.252 0.209 0.194 0.178 1    
169:  0.213 0.231 0.104 0.231 0.221 1    
170:  0.047 0.044 0.816 0.047 0.046 1    
171:  0.227 0.236 0.086 0.235 0.216 1    
172:  0.190 0.257 0.111 0.224 0.218 1    
173:  0.075 0.063 0.730 0.066 0.065 1    
174:  0.213 0.227 0.099 0.237 0.225 1    
175:  0.204 0.271 0.076 0.227 0.222 1    
176:  0.272 0.242 0.064 0.213 0.209 1    
177:  0.192 0.258 0.097 0.231 0.222 1    
178:  0.233 0.218 0.146 0.206 0.197 1    
179:  0.156 0.312 0.059 0.249 0.223 1    
180:  0.198 0.221 0.181 0.202 0.198 1    
181:  0.179 0.149 0.339 0.165 0.168 1    
182:  0.240 0.211 0.082 0.229 0.238 1    
183:  0.079 0.070 0.705 0.072 0.075 1    
184:  0.195 0.198 0.120 0.232 0.254 1    
185:  0.087 0.071 0.695 0.071 0.076 1    
186:  0.066 0.066 0.727 0.072 0.069 1    
187:  0.240 0.226 0.073 0.231 0.230 1    
188:  0.195 0.185 0.106 0.242 0.273 1    
189:  0.181 0.168 0.293 0.180 0.178 1    
190:  0.315 0.199 0.111 0.186 0.189 1    
191:  0.219 0.177 0.248 0.171 0.185 1    
192:  0.361 0.192 0.099 0.169 0.178 1    
193:  0.210 0.206 0.094 0.238 0.252 1    
194:  0.239 0.198 0.182 0.192 0.189 1    
195:  0.237 0.234 0.078 0.220 0.231 1    
196:  0.085 0.079 0.647 0.093 0.096 1    
197:  0.213 0.254 0.072 0.234 0.227 1    
198:  0.126 0.107 0.538 0.114 0.114 1    
199:  0.214 0.238 0.068 0.241 0.238 1    
200:  0.174 0.201 0.051 0.280 0.294 1    
201:  0.208 0.253 0.072 0.231 0.236 1    
202:  0.335 0.181 0.074 0.216 0.193 1    
203:  0.216 0.242 0.140 0.205 0.196 1    
204:  0.180 0.271 0.056 0.253 0.240 1    
205:  0.210 0.254 0.095 0.216 0.225 1    
206:  0.228 0.233 0.131 0.202 0.204 1    
207:  0.296 0.205 0.116 0.190 0.193 1    
208:  0.102 0.122 0.564 0.103 0.109 1    
209:  0.269 0.225 0.091 0.199 0.216 1    
210:  0.247 0.233 0.079 0.222 0.219 1    
211:  0.124 0.124 0.524 0.111 0.117 1    
212:  0.108 0.098 0.607 0.093 0.095 1    
213:  0.190 0.255 0.133 0.211 0.212 1    
214:  0.221 0.210 0.046 0.269 0.254 1    
215:  0.238 0.206 0.078 0.232 0.245 1    
216:  0.087 0.071 0.689 0.076 0.076 1    
217:  0.179 0.208 0.226 0.201 0.186 1    
218:  0.230 0.199 0.180 0.193 0.197 1    
219:  0.253 0.267 0.048 0.222 0.210 1    
220:  0.293 0.249 0.060 0.205 0.193 1    
221:  0.218 0.175 0.255 0.180 0.173 1    
222:  0.243 0.240 0.075 0.213 0.229 1    
223:  0.217 0.183 0.109 0.246 0.245 1    
224:  0.212 0.277 0.039 0.252 0.220 1    
                    
                    
1:    0.203 0.293 0.120 0.210 0.174 1    
2:    0.232 0.121 0.137 0.380 0.131 1    
3:    0.211 0.271 0.137 0.196 0.184 1    
4:    0.197 0.172 0.199 0.224 0.207 1    
5:    0.227 0.217 0.159 0.230 0.166 1    
6:    0.220 0.244 0.149 0.215 0.172 1    
7:    0.195 0.287 0.149 0.172 0.198 1    
8:    0.248 0.169 0.170 0.264 0.149 1    
9:    0.217 0.218 0.168 0.215 0.182 1    
10:   0.244 0.177 0.197 0.256 0.127 1    
11:   0.173 0.121 0.259 0.197 0.251 1    
12:   0.142 0.259 0.190 0.151 0.258 1    
13:   0.213 0.158 0.172 0.280 0.177 1    
14:   0.062 0.056 0.378 0.069 0.436 1    
15:   0.189 0.118 0.248 0.217 0.228 1    
16:   0.228 0.202 0.173 0.227 0.170 1    
17:   0.111 0.090 0.329 0.108 0.362 1    
18:   0.225 0.241 0.148 0.232 0.154 1    
19:   0.184 0.185 0.190 0.211 0.231 1    
20:   0.178 0.277 0.157 0.177 0.211 1    
21:   0.093 0.096 0.339 0.097 0.375 1    
22:   0.233 0.181 0.161 0.262 0.162 1    
23:   0.233 0.204 0.158 0.251 0.154 1    
24:   0.203 0.275 0.158 0.178 0.186 1    
25:   0.219 0.238 0.141 0.245 0.156 1    
26:   0.252 0.219 0.228 0.184 0.117 1    
27:   0.250 0.182 0.179 0.248 0.142 1    
28:   0.270 0.209 0.219 0.197 0.105 1    
29:   0.164 0.101 0.253 0.213 0.268 1    
30:   0.222 0.242 0.197 0.181 0.158 1    
31:   0.243 0.149 0.187 0.278 0.143 1    
32:   0.241 0.154 0.201 0.250 0.153 1    
33:   0.260 0.188 0.217 0.224 0.110 1    
34:   0.182 0.138 0.203 0.274 0.203 1    
35:   0.257 0.146 0.163 0.311 0.123 1    
36:   0.219 0.194 0.206 0.202 0.179 1    
37:   0.265 0.200 0.215 0.208 0.112 1    
38:   0.215 0.158 0.223 0.223 0.180 1    
39:   0.248 0.182 0.202 0.231 0.138 1    
40:   0.061 0.053 0.386 0.060 0.439 1    
41:   0.249 0.171 0.185 0.260 0.134 1    
42:   0.226 0.252 0.150 0.223 0.148 1    
43:   0.263 0.187 0.192 0.254 0.104 1    
44:   0.215 0.215 0.186 0.224 0.161 1    
45:   0.269 0.170 0.191 0.264 0.106 1    
46:   0.238 0.190 0.200 0.235 0.137 1    
47:   0.233 0.151 0.214 0.236 0.165 1    
48:   0.184 0.266 0.158 0.184 0.207 1    
49:   0.247 0.236 0.164 0.225 0.129 1    
50:   0.229 0.213 0.155 0.252 0.151 1    
51:   0.244 0.209 0.210 0.205 0.132 1    
52:   0.222 0.192 0.209 0.202 0.175 1    
53:   0.228 0.220 0.149 0.259 0.144 1    
54:   0.222 0.151 0.223 0.229 0.175 1    
55:   0.187 0.164 0.226 0.177 0.246 1    
56:   0.246 0.218 0.169 0.232 0.135 1    
57:   0.216 0.215 0.170 0.217 0.183 1    
58:   0.200 0.153 0.216 0.227 0.204 1    
59:   0.262 0.175 0.188 0.267 0.108 1    
60:   0.220 0.173 0.226 0.212 0.169 1    
61:   0.255 0.232 0.217 0.181 0.116 1    
62:   0.253 0.196 0.203 0.233 0.115 1    
63:   0.235 0.228 0.194 0.218 0.125 1    
64:   0.123 0.141 0.293 0.110 0.333 1    
65:   0.250 0.188 0.170 0.261 0.132 1    
66:   0.263 0.201 0.195 0.229 0.113 1    
67:   0.224 0.276 0.126 0.222 0.151 1    
68:   0.222 0.246 0.157 0.219 0.155 1    
69:   0.238 0.203 0.148 0.269 0.142 1    
70:   0.242 0.276 0.206 0.160 0.116 1    
71:   0.242 0.214 0.152 0.260 0.131 1    
72:   0.175 0.115 0.266 0.181 0.263 1    
73:   0.249 0.148 0.183 0.285 0.135 1    
74:   0.208 0.230 0.143 0.223 0.196 1    
75:   0.212 0.253 0.141 0.210 0.184 1    
76:   0.235 0.244 0.192 0.208 0.121 1    
77:   0.206 0.199 0.172 0.234 0.190 1    
78:   0.234 0.260 0.147 0.217 0.142 1    
79:   0.257 0.187 0.198 0.242 0.116 1    
80:   0.221 0.273 0.164 0.200 0.142 1    
81:   0.194 0.349 0.122 0.150 0.185 1    
82:   0.087 0.091 0.333 0.099 0.390 1    
83:   0.198 0.205 0.167 0.230 0.200 1    
84:   0.071 0.053 0.374 0.074 0.428 1    
85:   0.253 0.174 0.218 0.231 0.124 1    
86:   0.205 0.325 0.121 0.160 0.189 1    
87:   0.253 0.206 0.197 0.237 0.108 1    
88:   0.191 0.347 0.102 0.184 0.176 1    
89:   0.089 0.202 0.279 0.069 0.361 1    
90:   0.187 0.367 0.100 0.148 0.198 1    
91:   0.261 0.165 0.182 0.257 0.135 1    
92:   0.153 0.138 0.259 0.165 0.285 1    
93:   0.197 0.304 0.149 0.167 0.183 1    
94:   0.190 0.413 0.085 0.121 0.191 1    
95:   0.181 0.425 0.091 0.105 0.198 1    
96:   0.183 0.450 0.076 0.097 0.194 1    
97:   0.206 0.353 0.110 0.155 0.176 1    
98:   0.199 0.321 0.108 0.195 0.178 1    
99:   0.142 0.173 0.249 0.132 0.304 1    
100:  0.145 0.096 0.281 0.157 0.321 1    
101:  0.215 0.308 0.175 0.143 0.159 1    
102:  0.214 0.152 0.192 0.273 0.168 1    
103:  0.237 0.247 0.179 0.197 0.141 1    
104:  0.182 0.404 0.094 0.132 0.187 1    
105:  0.256 0.167 0.213 0.234 0.131 1    
106:  0.213 0.160 0.173 0.267 0.187 1    
107:  0.202 0.258 0.174 0.178 0.187 1    
108:  0.201 0.220 0.193 0.202 0.184 1    
109:  0.191 0.278 0.156 0.168 0.208 1    
110:  0.178 0.249 0.180 0.176 0.217 1    
111:  0.175 0.417 0.091 0.110 0.207 1    
112:  0.192 0.361 0.102 0.169 0.177 1    
113:  0.075 0.064 0.358 0.079 0.424 1    
114:  0.268 0.183 0.187 0.251 0.111 1    
115:  0.191 0.236 0.181 0.195 0.197 1    
116:  0.207 0.152 0.223 0.238 0.180 1    
117:  0.253 0.205 0.155 0.269 0.120 1    
118:  0.243 0.201 0.184 0.247 0.125 1    
119:  0.193 0.186 0.204 0.203 0.214 1    
120:  0.133 0.107 0.276 0.156 0.329 1    
121:  0.039 0.034 0.416 0.036 0.475 1    
122:  0.239 0.223 0.203 0.202 0.133 1    
123:  0.121 0.087 0.314 0.135 0.343 1    
124:  0.176 0.354 0.123 0.135 0.212 1    
125:  0.193 0.315 0.132 0.170 0.190 1    
126:  0.247 0.245 0.204 0.191 0.114 1    
127:  0.151 0.158 0.221 0.183 0.287 1    
128:  0.222 0.237 0.157 0.223 0.160 1    
129:  0.175 0.300 0.145 0.167 0.214 1    
130:  0.269 0.170 0.165 0.279 0.117 1    
131:  0.211 0.153 0.204 0.237 0.194 1    
132:  0.245 0.184 0.188 0.261 0.123 1    
133:  0.079 0.060 0.373 0.083 0.406 1    
134:  0.227 0.208 0.131 0.280 0.155 1    
135:  0.240 0.137 0.155 0.345 0.123 1    
136:  0.150 0.189 0.240 0.150 0.270 1    
137:  0.207 0.190 0.204 0.206 0.193 1    
138:  0.225 0.275 0.132 0.224 0.143 1    
139:  0.240 0.209 0.168 0.226 0.157 1    
140:  0.221 0.240 0.171 0.212 0.155 1    
141:  0.069 0.054 0.374 0.073 0.429 1    
142:  0.199 0.143 0.245 0.208 0.205 1    
143:  0.207 0.205 0.210 0.199 0.179 1    
144:  0.243 0.136 0.173 0.308 0.141 1    
145:  0.195 0.358 0.111 0.157 0.179 1    
146:  0.210 0.276 0.137 0.202 0.175 1    
147:  0.207 0.299 0.140 0.179 0.175 1    
148:  0.252 0.171 0.168 0.274 0.136 1    
149:  0.197 0.157 0.214 0.210 0.221 1    
150:  0.177 0.302 0.147 0.171 0.203 1    
151:  0.142 0.176 0.239 0.125 0.319 1    
152:  0.268 0.227 0.219 0.192 0.095 1    
153:  0.167 0.167 0.217 0.197 0.252 1    
154:  0.215 0.198 0.183 0.217 0.186 1    
155:  0.103 0.072 0.329 0.133 0.364 1    
156:  0.211 0.212 0.150 0.266 0.161 1    
157:  0.244 0.158 0.164 0.297 0.136 1    
158:  0.223 0.224 0.167 0.223 0.163 1    
159:  0.224 0.192 0.187 0.232 0.165 1    
160:  0.090 0.068 0.337 0.108 0.397 1    
161:  0.231 0.196 0.171 0.258 0.144 1    
162:  0.161 0.190 0.223 0.164 0.262 1    
163:  0.234 0.193 0.199 0.231 0.141 1    
164:  0.164 0.454 0.073 0.106 0.204 1    
165:  0.188 0.313 0.126 0.177 0.197 1    
166:  0.079 0.075 0.359 0.080 0.407 1    
167:  0.236 0.245 0.221 0.176 0.123 1    
168:  0.213 0.172 0.247 0.184 0.184 1    
169:  0.232 0.235 0.164 0.219 0.149 1    
170:  0.044 0.049 0.396 0.041 0.470 1    
171:  0.237 0.209 0.175 0.233 0.146 1    
172:  0.235 0.213 0.209 0.206 0.138 1    
173:  0.065 0.064 0.357 0.074 0.440 1    
174:  0.222 0.264 0.151 0.197 0.166 1    
175:  0.247 0.220 0.170 0.223 0.139 1    
176:  0.256 0.176 0.164 0.278 0.125 1    
177:  0.237 0.210 0.215 0.199 0.138 1    
178:  0.233 0.170 0.185 0.261 0.151 1    
179:  0.249 0.231 0.227 0.174 0.119 1    
180:  0.221 0.177 0.205 0.213 0.184 1    
181:  0.156 0.188 0.221 0.164 0.272 1    
182:  0.228 0.226 0.143 0.234 0.169 1    
183:  0.070 0.071 0.358 0.070 0.430 1    
184:  0.205 0.275 0.147 0.173 0.200 1    
185:  0.071 0.073 0.362 0.079 0.415 1    
186:  0.064 0.076 0.374 0.057 0.428 1    
187:  0.249 0.194 0.166 0.264 0.128 1    
188:  0.174 0.375 0.107 0.138 0.206 1    
189:  0.187 0.180 0.208 0.183 0.242 1    
190:  0.238 0.160 0.155 0.309 0.139 1    
191:  0.191 0.152 0.207 0.227 0.223 1    
192:  0.229 0.153 0.151 0.328 0.140 1    
193:  0.217 0.262 0.133 0.205 0.183 1    
194:  0.217 0.166 0.193 0.236 0.188 1    
195:  0.265 0.153 0.185 0.289 0.109 1    
196:  0.081 0.108 0.337 0.071 0.403 1    
197:  0.240 0.206 0.183 0.230 0.141 1    
198:  0.110 0.133 0.291 0.117 0.350 1    
199:  0.238 0.236 0.164 0.228 0.135 1    
200:  0.183 0.393 0.104 0.127 0.193 1    
201:  0.258 0.202 0.183 0.228 0.129 1    
202:  0.230 0.200 0.130 0.293 0.149 1    
203:  0.234 0.181 0.197 0.228 0.159 1    
204:  0.247 0.226 0.206 0.198 0.122 1    
205:  0.261 0.160 0.208 0.249 0.122 1    
206:  0.236 0.144 0.205 0.265 0.149 1    
207:  0.228 0.160 0.168 0.293 0.151 1    
208:  0.114 0.083 0.348 0.105 0.350 1    
209:  0.225 0.158 0.182 0.294 0.141 1    
210:  0.236 0.209 0.151 0.260 0.144 1    
211:  0.129 0.086 0.331 0.129 0.326 1    
212:  0.104 0.083 0.326 0.112 0.376 1    
213:  0.234 0.188 0.215 0.206 0.157 1    
214:  0.229 0.291 0.121 0.207 0.153 1    
215:  0.206 0.292 0.119 0.220 0.164 1    
216:  0.079 0.078 0.348 0.084 0.411 1    
217:  0.199 0.207 0.205 0.185 0.205 1    
218:  0.224 0.154 0.194 0.249 0.178 1    
219:  0.253 0.193 0.181 0.265 0.107 1    
220:  0.264 0.152 0.173 0.305 0.106 1    
221:  0.193 0.157 0.205 0.236 0.209 1    
222:  0.265 0.150 0.176 0.291 0.117 1    
223:  0.190 0.317 0.118 0.191 0.183 1    
224:  0.243 0.240 0.193 0.206 0.118 1    
                    
                    
1:    0.056 0.199 0.265 0.238 0.242 1    
2:    0.102 0.188 0.284 0.194 0.232 1    
3:    0.127 0.179 0.233 0.244 0.217 1    
4:    0.207 0.198 0.211 0.195 0.189 1    
5:    0.114 0.228 0.217 0.214 0.227 1    
6:    0.084 0.213 0.253 0.221 0.230 1    
7:    0.139 0.201 0.209 0.232 0.220 1    
8:    0.117 0.219 0.237 0.212 0.215 1    
9:    0.135 0.212 0.222 0.217 0.215 1    
10:   0.080 0.227 0.230 0.236 0.227 1    
11:   0.351 0.168 0.176 0.155 0.149 1    
12:   0.278 0.138 0.205 0.196 0.183 1    
13:   0.177 0.212 0.222 0.188 0.201 1    
14:   0.757 0.061 0.062 0.057 0.062 1    
15:   0.309 0.185 0.183 0.166 0.157 1    
16:   0.121 0.211 0.240 0.209 0.219 1    
17:   0.611 0.101 0.099 0.098 0.091 1    
18:   0.091 0.215 0.242 0.231 0.222 1    
19:   0.267 0.184 0.197 0.175 0.177 1    
20:   0.153 0.188 0.225 0.208 0.226 1    
21:   0.614 0.099 0.100 0.095 0.092 1    
22:   0.135 0.214 0.231 0.201 0.219 1    
23:   0.101 0.221 0.232 0.224 0.222 1    
24:   0.085 0.211 0.225 0.243 0.235 1    
25:   0.108 0.210 0.231 0.224 0.227 1    
26:   0.065 0.295 0.171 0.261 0.208 1    
27:   0.092 0.234 0.230 0.214 0.230 1    
28:   0.047 0.322 0.176 0.262 0.193 1    
29:   0.388 0.151 0.176 0.130 0.155 1    
30:   0.111 0.237 0.199 0.234 0.218 1    
31:   0.114 0.220 0.233 0.218 0.215 1    
32:   0.137 0.245 0.214 0.204 0.201 1    
33:   0.056 0.279 0.196 0.246 0.223 1    
34:   0.228 0.185 0.229 0.163 0.196 1    
35:   0.055 0.243 0.257 0.220 0.225 1    
36:   0.156 0.244 0.190 0.210 0.200 1    
37:   0.059 0.282 0.191 0.248 0.220 1    
38:   0.197 0.211 0.193 0.207 0.192 1    
39:   0.090 0.267 0.204 0.230 0.209 1    
40:   0.765 0.063 0.058 0.058 0.057 1    
41:   0.095 0.247 0.223 0.211 0.224 1    
42:   0.072 0.228 0.236 0.240 0.225 1    
43:   0.046 0.280 0.211 0.239 0.225 1    
44:   0.116 0.222 0.222 0.226 0.213 1    
45:   0.039 0.254 0.233 0.240 0.233 1    
46:   0.093 0.247 0.217 0.230 0.213 1    
47:   0.162 0.243 0.196 0.200 0.200 1    
48:   0.154 0.192 0.224 0.229 0.201 1    
49:   0.043 0.261 0.219 0.237 0.240 1    
50:   0.082 0.241 0.231 0.221 0.225 1    
51:   0.103 0.275 0.184 0.239 0.199 1    
52:   0.168 0.232 0.183 0.209 0.208 1    
