  1:   0.2390  0.1886  0.0784  0.2334  0.2605  1
  2:   0.3726  0.1809  0.1108  0.1743  0.1613  1
  3:   0.2188  0.1810  0.1334  0.2304  0.2364  1
  4:   0.2249  0.1889  0.2139  0.1881  0.1841  1
  5:   0.2282  0.2072  0.1214  0.2154  0.2276  1
  6:   0.2370  0.2026  0.1034  0.2206  0.2364  1
  7:   0.1934  0.1922  0.1547  0.2168  0.2428  1
  8:   0.2567  0.2076  0.1218  0.2160  0.1978  1
  9:   0.2255  0.2009  0.1475  0.2155  0.2107  1
 10:   0.2408  0.2353  0.0868  0.2288  0.2083  1
 11:   0.1899  0.1841  0.3413  0.1493  0.1354  1
 12:   0.1769  0.1539  0.2759  0.1829  0.2105  1
 13:   0.2586  0.1914  0.1920  0.1838  0.1742  1
 14:   0.0666  0.1219  0.6959  0.0568  0.0588  1
 15:   0.2138  0.1890  0.2941  0.1620  0.1412  1
 16:   0.2336  0.2014  0.1316  0.2166  0.2168  1
 17:   0.1074  0.1466  0.5522  0.1008  0.0930  1
 18:   0.2294  0.2042  0.1061  0.2290  0.2312  1
 19:   0.1966  0.1734  0.2652  0.1782  0.1868  1
 20:   0.1972  0.1802  0.1730  0.2098  0.2396  1
 21:   0.0964  0.1470  0.5656  0.0956  0.0956  1
 22:   0.2491  0.1989  0.1419  0.2063  0.2039  1
 23:   0.2453  0.2131  0.1142  0.2167  0.2107  1
 24:   0.1990  0.2066  0.1058  0.2412  0.2474  1
 25:   0.2457  0.1869  0.1162  0.2237  0.2275  1
 26:   0.1700  0.2909  0.0750  0.2511  0.2130  1
 27:   0.2333  0.2313  0.1026  0.2207  0.2121  1
 28:   0.1758  0.2909  0.0590  0.2598  0.2144  1
 29:   0.1937  0.1663  0.3718  0.1363  0.1319  1
 30:   0.1902  0.2362  0.1225  0.2290  0.2222  1
 31:   0.2576  0.2147  0.1223  0.2123  0.1931  1
 32:   0.2291  0.2243  0.1449  0.2093  0.1923  1
 33:   0.1980  0.2700  0.0684  0.2493  0.2142  1
 34:   0.2688  0.1816  0.2332  0.1584  0.1582  1
 35:   0.2923  0.2155  0.0694  0.2169  0.2059  1
 36:   0.1957  0.2263  0.1629  0.2157  0.1993  1
 37:   0.1970  0.2748  0.0678  0.2454  0.2150  1
 38:   0.2163  0.2141  0.1875  0.1979  0.1841  1
 39:   0.2132  0.2442  0.1028  0.2296  0.2104  1
 40:   0.0596  0.1268  0.6968  0.0592  0.0576  1
 41:   0.2409  0.2257  0.1063  0.2209  0.2061  1
 42:   0.2334  0.2084  0.0872  0.2360  0.2349  1
 43:   0.2306  0.2643  0.0566  0.2394  0.2092  1
 44:   0.2184  0.2152  0.1234  0.2294  0.2136  1
 45:   0.2389  0.2495  0.0520  0.2457  0.2139  1
 46:   0.2265  0.2381  0.1025  0.2277  0.2053  1
 47:   0.2108  0.2252  0.1644  0.2066  0.1930  1
 48:   0.2075  0.1887  0.1603  0.2157  0.2277  1
 49:   0.2175  0.2361  0.0600  0.2461  0.2405  1
 50:   0.2518  0.2124  0.1002  0.2238  0.2118  1
 51:   0.1902  0.2598  0.1074  0.2370  0.2056  1
 52:   0.1954  0.2226  0.1696  0.2146  0.1978  1
 53:   0.2528  0.2120  0.0822  0.2292  0.2238  1
 54:   0.2156  0.2236  0.1888  0.1942  0.1776  1
 55:   0.1721  0.1985  0.2734  0.1797  0.1763  1
 56:   0.2241  0.2203  0.0854  0.2411  0.2291  1
 57:   0.2221  0.1997  0.1515  0.2117  0.2151  1
 58:   0.2147  0.2033  0.2385  0.1815  0.1619  1
 59:   0.2396  0.2369  0.0584  0.2454  0.2196  1
 60:   0.2000  0.2292  0.1712  0.2064  0.1930  1
 61:   0.1722  0.2744  0.0662  0.2616  0.2256  1
 62:   0.2047  0.2487  0.0634  0.2529  0.2303  1
 63:   0.2088  0.2400  0.0776  0.2486  0.2250  1
 64:   0.1170  0.1546  0.4735  0.1270  0.1278  1
 65:   0.2362  0.2300  0.0890  0.2262  0.2186  1
 66:   0.2049  0.2533  0.0540  0.2557  0.2321  1
 67:   0.2371  0.2027  0.0746  0.2429  0.2427  1
 68:   0.2162  0.2065  0.1140  0.2224  0.2410  1
 69:   0.2578  0.2118  0.0806  0.2314  0.2184  1
 70:   0.1512  0.2762  0.0458  0.2770  0.2498  1
 71:   0.2449  0.2161  0.0726  0.2361  0.2303  1
 72:   0.1764  0.1826  0.3493  0.1552  0.1364  1
 73:   0.2718  0.2225  0.1023  0.2121  0.1913  1
 74:   0.2358  0.1812  0.1384  0.2160  0.2286  1
 75:   0.2294  0.1874  0.1230  0.2144  0.2458  1
 76:   0.2020  0.2427  0.0672  0.2552  0.2328  1
 77:   0.2242  0.1902  0.1810  0.1952  0.2096  1
 78:   0.2291  0.2117  0.0666  0.2425  0.2501  1
 79:   0.2208  0.2564  0.0662  0.2410  0.2156  1
 80:   0.2034  0.2209  0.0692  0.2547  0.2518  1
 81:   0.1892  0.1866  0.0924  0.2478  0.2839  1
 82:   0.0951  0.1308  0.5984  0.0855  0.0903  1
 83:   0.2414  0.1804  0.1872  0.1934  0.1978  1
 84:   0.0718  0.1280  0.6773  0.0620  0.0610  1
 85:   0.1976  0.2486  0.0852  0.2486  0.2202  1
 86:   0.2024  0.1726  0.1198  0.2352  0.2698  1
 87:   0.2181  0.2535  0.0624  0.2457  0.2203  1
 88:   0.2390  0.1762  0.0738  0.2322  0.2787  1
 89:   0.0916  0.1316  0.4929  0.1290  0.1548  1
 90:   0.2001  0.1680  0.0828  0.2458  0.3033  1
 91:   0.2329  0.2243  0.0998  0.2283  0.2147  1
 92:   0.1633  0.1661  0.3862  0.1413  0.1429  1
 93:   0.1952  0.1961  0.1130  0.2393  0.2564  1
 94:   0.1792  0.1724  0.0650  0.2581  0.3253  1
 95:   0.1672  0.1740  0.0696  0.2609  0.3283  1
 96:   0.1648  0.1602  0.0660  0.2690  0.3400  1
 97:   0.1989  0.1811  0.0862  0.2550  0.2788  1
 98:   0.2356  0.1888  0.0702  0.2346  0.2709  1
 99:   0.1456  0.1602  0.3960  0.1468  0.1514  1
100:   0.1352  0.1610  0.4581  0.1226  0.1230  1
101:   0.1642  0.2262  0.0940  0.2543  0.2614  1
102:   0.2481  0.2132  0.1580  0.1948  0.1858  1
103:   0.1987  0.2413  0.0900  0.2367  0.2333  1
104:   0.1949  0.1771  0.0628  0.2557  0.3095  1
105:   0.2120  0.2450  0.1052  0.2274  0.2104  1
106:   0.2566  0.1858  0.1890  0.1852  0.1834  1
107:   0.1970  0.1994  0.1410  0.2337  0.2290  1
108:   0.2083  0.2107  0.1693  0.2087  0.2031  1
109:   0.1820  0.1774  0.1750  0.2174  0.2483  1
110:   0.1886  0.1824  0.2048  0.2010  0.2230  1
111:   0.1772  0.1614  0.0858  0.2550  0.3206  1
112:   0.2118  0.1778  0.0880  0.2368  0.2856  1
113:   0.0780  0.1252  0.6606  0.0692  0.0670  1
114:   0.2252  0.2452  0.0660  0.2378  0.2258  1
115:   0.2110  0.1900  0.1882  0.1972  0.2136  1
116:   0.2315  0.2141  0.1839  0.1957  0.1747  1
117:   0.2470  0.2212  0.0706  0.2362  0.2250  1
118:   0.2259  0.2444  0.0730  0.2395  0.2173  1
119:   0.1872  0.2020  0.2336  0.1856  0.1918  1
120:   0.1481  0.1525  0.4650  0.1178  0.1166  1
121:   0.0364  0.1116  0.7813  0.0354  0.0354  1
122:   0.1934  0.2498  0.0936  0.2430  0.2202  1
123:   0.1349  0.1497  0.5055  0.1075  0.1025  1
124:   0.1870  0.1690  0.1252  0.2354  0.2834  1
125:   0.2079  0.1795  0.1228  0.2259  0.2639  1
126:   0.1796  0.2692  0.0594  0.2582  0.2338  1
127:   0.1851  0.1577  0.3509  0.1499  0.1565  1
128:   0.2285  0.2089  0.1091  0.2199  0.2337  1
129:   0.1960  0.1736  0.1614  0.2106  0.2585  1
130:   0.2608  0.2263  0.0700  0.2319  0.2111  1
131:   0.2299  0.1973  0.2089  0.1883  0.1755  1
132:   0.2427  0.2402  0.0696  0.2338  0.2138  1
133:   0.0796  0.1455  0.6208  0.0790  0.0752  1
134:   0.2905  0.1928  0.0706  0.2150  0.2312  1
135:   0.3353  0.1995  0.0916  0.1965  0.1771  1
136:   0.1638  0.1694  0.3283  0.1628  0.1756  1
137:   0.2028  0.2118  0.1984  0.2004  0.1868  1
138:   0.2348  0.2108  0.0540  0.2462  0.2542  1
139:   0.2172  0.2292  0.1124  0.2196  0.2216  1
140:   0.2130  0.2178  0.0948  0.2422  0.2320  1
141:   0.0706  0.1337  0.6680  0.0652  0.0624  1
142:   0.1918  0.2012  0.2483  0.1876  0.1710  1
143:   0.2038  0.2098  0.1692  0.2122  0.2050  1
144:   0.3080  0.1928  0.1280  0.1950  0.1762  1
145:   0.2000  0.1880  0.0706  0.2486  0.2928  1
146:   0.2244  0.1838  0.1118  0.2336  0.2462  1
147:   0.2075  0.1945  0.1070  0.2307  0.2603  1
148:   0.2619  0.2221  0.0998  0.2127  0.2035  1
149:   0.2072  0.1932  0.2416  0.1825  0.1755  1
150:   0.1904  0.1724  0.1748  0.2120  0.2505  1
151:   0.1332  0.1528  0.4116  0.1428  0.1596  1
152:   0.1752  0.2946  0.0444  0.2594  0.2264  1
153:   0.1829  0.1709  0.3201  0.1577  0.1683  1
154:   0.2206  0.1912  0.1874  0.1990  0.2018  1
155:   0.1216  0.1404  0.5607  0.0884  0.0890  1
156:   0.2766  0.2012  0.0960  0.2102  0.2160  1
157:   0.2822  0.2066  0.0994  0.2170  0.1948  1
158:   0.2211  0.2035  0.1248  0.2243  0.2263  1
159:   0.2218  0.2126  0.1380  0.2152  0.2124  1
160:   0.1016  0.1280  0.6184  0.0770  0.0750  1
161:   0.2557  0.2237  0.0942  0.2145  0.2119  1
162:   0.1664  0.1760  0.3046  0.1678  0.1852  1
163:   0.2142  0.2312  0.1067  0.2340  0.2140  1
164:   0.1750  0.1562  0.0680  0.2630  0.3379  1
165:   0.1997  0.1709  0.1323  0.2271  0.2699  1
166:   0.0778  0.1356  0.6375  0.0750  0.0742  1
167:   0.1695  0.2711  0.0894  0.2449  0.2251  1
168:   0.1732  0.2430  0.2050  0.2016  0.1772  1
169:   0.2152  0.2173  0.1118  0.2266  0.2292  1
170:   0.0430  0.1122  0.7564  0.0436  0.0448  1
171:   0.2310  0.2246  0.0970  0.2358  0.2114  1
172:   0.1954  0.2452  0.1132  0.2352  0.2112  1
173:   0.0724  0.1212  0.6800  0.0624  0.0638  1
174:   0.2139  0.2085  0.1086  0.2311  0.2379  1
175:   0.2137  0.2461  0.0848  0.2317  0.2237  1
176:   0.2635  0.2325  0.0756  0.2217  0.2067  1
177:   0.1928  0.2460  0.1066  0.2380  0.2164  1
178:   0.2388  0.2126  0.1432  0.2106  0.1946  1
179:   0.1645  0.2842  0.0704  0.2568  0.2240  1
180:   0.2068  0.2144  0.1766  0.2096  0.1926  1
181:   0.1747  0.1607  0.3291  0.1609  0.1745  1
182:   0.2442  0.1992  0.0990  0.2242  0.2334  1
183:   0.0720  0.1239  0.6656  0.0678  0.0708  1
184:   0.1951  0.1866  0.1332  0.2266  0.2584  1
185:   0.0822  0.1264  0.6513  0.0690  0.0710  1
186:   0.0624  0.1269  0.6766  0.0670  0.0670  1
187:   0.2416  0.2212  0.0816  0.2324  0.2232  1
188:   0.1929  0.1643  0.1224  0.2323  0.2881  1
189:   0.1832  0.1802  0.2763  0.1796  0.1808  1
190:   0.3027  0.1976  0.1112  0.1980  0.1906  1
191:   0.2180  0.1894  0.2427  0.1750  0.1748  1
192:   0.3432  0.1856  0.1028  0.1858  0.1826  1
193:   0.2158  0.1916  0.1126  0.2304  0.2496  1
194:   0.2326  0.2034  0.1790  0.1962  0.1888  1
195:   0.2479  0.2309  0.0836  0.2277  0.2099  1
196:   0.0802  0.1300  0.6080  0.0860  0.0958  1
197:   0.2186  0.2374  0.0858  0.2360  0.2222  1
198:   0.1198  0.1416  0.5103  0.1116  0.1166  1
199:   0.2227  0.2203  0.0790  0.2403  0.2377  1
200:   0.1725  0.1801  0.0780  0.2589  0.3105  1
201:   0.2112  0.2435  0.0822  0.2388  0.2242  1
202:   0.3117  0.1797  0.0868  0.2114  0.2104  1
203:   0.2201  0.2297  0.1393  0.2119  0.1991  1
204:   0.1880  0.2566  0.0684  0.2601  0.2268  1
205:   0.2194  0.2491  0.0974  0.2316  0.2024  1
206:   0.2360  0.2342  0.1343  0.2120  0.1834  1
207:   0.2850  0.2022  0.1202  0.2016  0.1910  1
208:   0.1020  0.1626  0.5302  0.1072  0.0980  1
209:   0.2692  0.2220  0.1008  0.2064  0.2018  1
210:   0.2476  0.2172  0.0882  0.2214  0.2256  1
211:   0.1230  0.1627  0.4941  0.1144  0.1058  1
212:   0.1040  0.1423  0.5706  0.0922  0.0910  1
213:   0.1917  0.2437  0.1365  0.2229  0.2051  1
214:   0.2209  0.1955  0.0660  0.2469  0.2707  1
215:   0.2360  0.1887  0.0930  0.2308  0.2514  1
216:   0.0829  0.1258  0.6420  0.0734  0.0758  1
217:   0.1833  0.2038  0.2146  0.2008  0.1974  1
218:   0.2313  0.2051  0.1785  0.1983  0.1867  1
219:   0.2465  0.2528  0.0572  0.2343  0.2092  1
220:   0.2927  0.2333  0.0666  0.2178  0.1896  1
221:   0.2167  0.1897  0.2337  0.1823  0.1777  1
222:   0.2488  0.2324  0.0834  0.2256  0.2098  1
223:   0.2136  0.1714  0.1208  0.2302  0.2639  1
224:   0.2082  0.2542  0.0544  0.2526  0.2306  1
