1:    0.177 0.095 0.163 0.169 0.180 0.216 1    
2:    0.180 0.083 0.157 0.202 0.192 0.187 1    
3:    0.198 0.093 0.155 0.195 0.181 0.178 1    
4:    0.151 0.215 0.176 0.178 0.145 0.134 1    
5:    0.183 0.110 0.147 0.230 0.186 0.144 1    
6:    0.161 0.087 0.176 0.123 0.182 0.271 1    
7:    0.173 0.170 0.171 0.155 0.158 0.173 1    
8:    0.192 0.092 0.139 0.233 0.200 0.143 1    
9:    0.184 0.136 0.163 0.172 0.168 0.178 1    
10:   0.191 0.090 0.147 0.214 0.187 0.171 1    
11:   0.196 0.100 0.153 0.172 0.189 0.189 1    
12:   0.174 0.092 0.169 0.172 0.170 0.224 1    
13:   0.190 0.101 0.147 0.221 0.183 0.158 1    
14:   0.161 0.181 0.166 0.166 0.166 0.160 1    
15:   0.193 0.102 0.148 0.215 0.179 0.164 1    
16:   0.184 0.140 0.159 0.174 0.172 0.171 1    
17:   0.175 0.148 0.162 0.186 0.177 0.152 1    
18:   0.194 0.137 0.160 0.185 0.167 0.157 1    
19:   0.184 0.112 0.158 0.175 0.169 0.202 1    
20:   0.195 0.116 0.162 0.170 0.176 0.181 1    
21:   0.126 0.323 0.190 0.126 0.122 0.113 1    
22:   0.193 0.105 0.162 0.161 0.179 0.200 1    
23:   0.178 0.117 0.157 0.167 0.184 0.197 1    
24:   0.061 0.522 0.217 0.064 0.062 0.074 1    
25:   0.148 0.212 0.170 0.150 0.151 0.169 1    
26:   0.146 0.146 0.196 0.139 0.160 0.213 1    
27:   0.165 0.111 0.179 0.149 0.163 0.232 1    
28:   0.197 0.123 0.170 0.139 0.176 0.195 1    
29:   0.168 0.113 0.179 0.158 0.181 0.201 1    
30:   0.191 0.146 0.179 0.148 0.158 0.178 1    
31:   0.188 0.134 0.150 0.204 0.175 0.149 1    
32:   0.203 0.104 0.170 0.161 0.176 0.186 1    
33:   0.178 0.156 0.162 0.186 0.167 0.152 1    
34:   0.192 0.127 0.157 0.179 0.171 0.174 1    
35:   0.184 0.108 0.156 0.181 0.183 0.188 1    
36:   0.154 0.115 0.193 0.118 0.157 0.262 1    
37:   0.194 0.076 0.137 0.234 0.196 0.163 1    
38:   0.182 0.086 0.161 0.192 0.184 0.195 1    
39:   0.084 0.463 0.207 0.080 0.086 0.080 1    
40:   0.183 0.089 0.160 0.171 0.182 0.214 1    
41:   0.188 0.124 0.165 0.142 0.183 0.198 1    
42:   0.181 0.149 0.164 0.186 0.174 0.147 1    
43:   0.157 0.188 0.172 0.175 0.156 0.153 1    
44:   0.177 0.125 0.164 0.184 0.169 0.180 1    
45:   0.177 0.183 0.181 0.133 0.153 0.173 1    
46:   0.181 0.131 0.151 0.181 0.183 0.174 1    
47:   0.157 0.193 0.163 0.163 0.162 0.161 1    
48:   0.165 0.115 0.165 0.147 0.184 0.224 1    
49:   0.179 0.119 0.161 0.175 0.185 0.181 1    
50:   0.176 0.131 0.147 0.190 0.184 0.172 1    
51:   0.082 0.469 0.215 0.078 0.077 0.079 1    
52:   0.143 0.268 0.171 0.153 0.133 0.131 1    
53:   0.164 0.151 0.154 0.180 0.178 0.172 1    
54:   0.186 0.146 0.160 0.190 0.165 0.153 1    
55:   0.165 0.107 0.159 0.178 0.198 0.192 1    
56:   0.151 0.217 0.174 0.180 0.150 0.129 1    
57:   0.157 0.243 0.186 0.141 0.137 0.136 1    
58:   0.056 0.567 0.216 0.052 0.054 0.055 1    
59:   0.191 0.097 0.153 0.171 0.188 0.199 1    
60:   0.192 0.104 0.153 0.185 0.182 0.184 1    
61:   0.177 0.128 0.154 0.202 0.180 0.159 1    
62:   0.130 0.304 0.185 0.129 0.123 0.129 1    
63:   0.074 0.469 0.222 0.074 0.080 0.082 1    
64:   0.172 0.132 0.162 0.179 0.185 0.170 1    
65:   0.187 0.140 0.153 0.189 0.175 0.156 1    
66:   0.152 0.219 0.176 0.152 0.142 0.158 1    
67:   0.189 0.141 0.150 0.197 0.174 0.149 1    
68:   0.185 0.094 0.160 0.176 0.190 0.195 1    
69:   0.181 0.086 0.166 0.162 0.202 0.204 1    
70:   0.184 0.124 0.156 0.179 0.185 0.172 1    
71:   0.179 0.115 0.161 0.174 0.191 0.180 1    
72:   0.206 0.093 0.148 0.195 0.187 0.171 1    
73:   0.166 0.135 0.165 0.163 0.189 0.182 1    
74:   0.120 0.351 0.192 0.118 0.113 0.106 1    
75:   0.179 0.093 0.159 0.196 0.179 0.193 1    
76:   0.196 0.114 0.147 0.190 0.189 0.165 1    
77:   0.170 0.083 0.172 0.145 0.188 0.242 1    
78:   0.189 0.112 0.136 0.221 0.185 0.157 1    
79:   0.172 0.126 0.152 0.194 0.188 0.168 1    
80:   0.199 0.104 0.168 0.175 0.181 0.173 1    
81:   0.155 0.200 0.168 0.165 0.163 0.148 1    
82:   0.176 0.104 0.171 0.163 0.173 0.213 1    
83:   0.163 0.199 0.168 0.172 0.155 0.143 1    
84:   0.158 0.160 0.165 0.174 0.165 0.179 1    
85:   0.160 0.196 0.168 0.148 0.165 0.164 1    
86:   0.155 0.178 0.186 0.149 0.149 0.183 1    
87:   0.187 0.127 0.143 0.200 0.177 0.166 1    
88:   0.182 0.147 0.154 0.183 0.173 0.160 1    
89:   0.187 0.111 0.163 0.177 0.177 0.184 1    
90:   0.180 0.092 0.160 0.192 0.187 0.190 1    
91:   0.141 0.171 0.195 0.137 0.156 0.199 1    
92:   0.176 0.162 0.168 0.150 0.164 0.179 1    
93:   0.184 0.108 0.147 0.190 0.188 0.183 1    
94:   0.183 0.109 0.162 0.152 0.186 0.208 1    
95:   0.175 0.113 0.156 0.192 0.183 0.182 1    
96:   0.172 0.144 0.173 0.156 0.164 0.190 1    
97:   0.189 0.109 0.166 0.153 0.170 0.212 1    
98:   0.181 0.085 0.160 0.195 0.194 0.185 1    
99:   0.189 0.089 0.146 0.209 0.192 0.174 1    
100:  0.195 0.106 0.138 0.217 0.186 0.158 1    
101:  0.136 0.313 0.173 0.139 0.127 0.111 1    
102:  0.157 0.116 0.172 0.164 0.173 0.218 1    
103:  0.127 0.310 0.186 0.139 0.128 0.111 1    
104:  0.150 0.223 0.164 0.160 0.152 0.151 1    
105:  0.157 0.197 0.167 0.169 0.159 0.151 1    
106:  0.124 0.313 0.170 0.161 0.131 0.102 1    
107:  0.163 0.103 0.173 0.168 0.188 0.205 1    
108:  0.196 0.121 0.151 0.191 0.177 0.164 1    
109:  0.179 0.120 0.161 0.186 0.179 0.174 1    
110:  0.155 0.205 0.161 0.178 0.153 0.148 1    
111:  0.168 0.165 0.161 0.174 0.171 0.160 1    
112:  0.179 0.111 0.145 0.225 0.193 0.147 1    
113:  0.189 0.128 0.164 0.144 0.174 0.201 1    
114:  0.177 0.101 0.175 0.168 0.178 0.201 1    
115:  0.182 0.149 0.169 0.151 0.162 0.186 1    
116:  0.196 0.103 0.163 0.173 0.180 0.185 1    
117:  0.178 0.112 0.168 0.165 0.190 0.188 1    
118:  0.178 0.113 0.157 0.177 0.185 0.190 1    
119:  0.178 0.122 0.164 0.181 0.170 0.185 1    
120:  0.116 0.351 0.182 0.114 0.119 0.117 1    
121:  0.170 0.133 0.156 0.199 0.180 0.162 1    
122:  0.189 0.101 0.162 0.182 0.182 0.184 1    
123:  0.180 0.139 0.161 0.183 0.171 0.166 1    
124:  0.184 0.104 0.154 0.177 0.191 0.191 1    
125:  0.154 0.260 0.154 0.158 0.150 0.123 1    
126:  0.191 0.096 0.151 0.199 0.188 0.175 1    
127:  0.174 0.138 0.161 0.153 0.187 0.188 1    
128:  0.198 0.074 0.150 0.214 0.180 0.183 1    
129:  0.188 0.159 0.154 0.202 0.169 0.130 1    
130:  0.173 0.130 0.160 0.172 0.172 0.193 1    
131:  0.177 0.113 0.164 0.194 0.182 0.170 1    
132:  0.184 0.084 0.157 0.193 0.203 0.179 1    
133:  0.160 0.183 0.168 0.172 0.164 0.153 1    
134:  0.168 0.146 0.159 0.190 0.176 0.161 1    
135:  0.153 0.239 0.158 0.178 0.151 0.122 1    
136:  0.165 0.136 0.157 0.206 0.185 0.150 1    
137:  0.191 0.147 0.163 0.161 0.173 0.166 1    
138:  0.179 0.156 0.148 0.190 0.186 0.141 1    
139:  0.156 0.158 0.169 0.169 0.183 0.166 1    
140:  0.183 0.094 0.163 0.167 0.183 0.210 1    
141:  0.204 0.102 0.140 0.240 0.184 0.130 1    
142:  0.177 0.091 0.159 0.201 0.183 0.189 1    
143:  0.166 0.102 0.180 0.165 0.174 0.213 1    
144:  0.177 0.121 0.160 0.185 0.178 0.179 1    
145:  0.179 0.165 0.152 0.194 0.167 0.143 1    
146:  0.176 0.094 0.161 0.161 0.209 0.199 1    
147:  0.167 0.159 0.157 0.189 0.168 0.160 1    
148:  0.177 0.168 0.158 0.183 0.168 0.146 1    
149:  0.195 0.104 0.143 0.210 0.193 0.155 1    
150:  0.153 0.144 0.181 0.155 0.164 0.203 1    
151:  0.177 0.112 0.168 0.160 0.174 0.209 1    
152:  0.182 0.104 0.161 0.207 0.180 0.166 1    
153:  0.191 0.109 0.159 0.174 0.176 0.192 1    
154:  0.186 0.131 0.147 0.192 0.182 0.162 1    
155:  0.179 0.130 0.161 0.172 0.169 0.190 1    
156:  0.146 0.267 0.164 0.140 0.145 0.138 1    
157:  0.164 0.178 0.175 0.142 0.147 0.194 1    
158:  0.190 0.089 0.146 0.208 0.197 0.171 1    
159:  0.194 0.088 0.144 0.213 0.199 0.162 1    
160:  0.175 0.155 0.160 0.193 0.165 0.152 1    
161:  0.180 0.117 0.148 0.209 0.182 0.164 1    
162:  0.173 0.116 0.164 0.184 0.190 0.174 1    
163:  0.140 0.273 0.165 0.145 0.154 0.124 1    
164:  0.187 0.105 0.146 0.201 0.185 0.177 1    
165:  0.172 0.155 0.160 0.190 0.172 0.151 1    
166:  0.191 0.094 0.145 0.220 0.192 0.159 1    
167:  0.149 0.259 0.171 0.137 0.144 0.140 1    
168:  0.205 0.084 0.150 0.195 0.191 0.176 1    
169:  0.190 0.141 0.150 0.197 0.166 0.157 1    
170:  0.173 0.124 0.161 0.200 0.181 0.162 1    
171:  0.153 0.067 0.174 0.121 0.232 0.253 1    
172:  0.183 0.118 0.174 0.167 0.169 0.189 1    
173:  0.183 0.122 0.138 0.210 0.199 0.148 1    
174:  0.184 0.094 0.157 0.165 0.183 0.215 1    
175:  0.185 0.105 0.157 0.193 0.187 0.173 1    
176:  0.165 0.128 0.159 0.201 0.184 0.163 1    
177:  0.164 0.153 0.166 0.174 0.175 0.167 1    
178:  0.170 0.187 0.161 0.182 0.159 0.142 1    
179:  0.150 0.065 0.175 0.121 0.234 0.255 1    
180:  0.155 0.139 0.173 0.179 0.175 0.179 1    
181:  0.196 0.119 0.156 0.185 0.177 0.167 1    
182:  0.164 0.112 0.171 0.153 0.194 0.206 1    
183:  0.159 0.155 0.164 0.168 0.167 0.188 1    
184:  0.152 0.158 0.171 0.168 0.179 0.172 1    
185:  0.193 0.106 0.151 0.205 0.177 0.168 1    
186:  0.151 0.219 0.166 0.153 0.161 0.151 1    
187:  0.159 0.260 0.152 0.164 0.147 0.119 1    
188:  0.176 0.108 0.165 0.164 0.204 0.183 1    
189:  0.191 0.161 0.169 0.121 0.162 0.196 1    
190:  0.180 0.157 0.163 0.165 0.172 0.164 1    
191:  0.175 0.123 0.171 0.155 0.185 0.191 1    
192:  0.171 0.140 0.172 0.171 0.170 0.175 1    
193:  0.187 0.099 0.151 0.184 0.184 0.195 1    
194:  0.185 0.117 0.159 0.184 0.178 0.177 1    
195:  0.197 0.091 0.134 0.237 0.185 0.156 1    
196:  0.189 0.109 0.153 0.187 0.188 0.175 1    
197:  0.167 0.136 0.167 0.176 0.174 0.181 1    
198:  0.165 0.090 0.185 0.144 0.168 0.248 1    
199:  0.174 0.144 0.164 0.168 0.176 0.174 1    
200:  0.183 0.109 0.170 0.159 0.174 0.204 1    
201:  0.172 0.137 0.168 0.164 0.170 0.187 1    
202:  0.155 0.197 0.179 0.165 0.149 0.156 1    
203:  0.160 0.081 0.181 0.141 0.186 0.251 1    
204:  0.191 0.110 0.144 0.226 0.182 0.148 1    
205:  0.038 0.652 0.213 0.032 0.030 0.035 1    
206:  0.171 0.086 0.163 0.200 0.193 0.187 1    
207:  0.201 0.096 0.145 0.220 0.188 0.151 1    
208:  0.037 0.649 0.214 0.031 0.031 0.037 1    
209:  0.189 0.132 0.153 0.174 0.190 0.162 1    
210:  0.150 0.210 0.164 0.149 0.168 0.159 1    
211:  0.169 0.119 0.158 0.210 0.185 0.159 1    
212:  0.191 0.120 0.152 0.195 0.177 0.164 1    
213:  0.197 0.120 0.148 0.172 0.185 0.178 1    
214:  0.154 0.222 0.175 0.154 0.152 0.143 1    
215:  0.184 0.109 0.157 0.193 0.181 0.177 1    
216:  0.146 0.251 0.170 0.155 0.143 0.134 1    
217:  0.092 0.449 0.195 0.094 0.087 0.083 1    
218:  0.197 0.125 0.173 0.129 0.173 0.203 1    
219:  0.192 0.109 0.150 0.199 0.176 0.174 1    
220:  0.151 0.210 0.160 0.176 0.167 0.136 1    
221:  0.167 0.207 0.159 0.169 0.160 0.138 1    
222:  0.181 0.108 0.156 0.199 0.181 0.175 1    
223:  0.158 0.194 0.176 0.161 0.157 0.155 1    
224:  0.199 0.112 0.157 0.172 0.178 0.181 1    
225:  0.196 0.139 0.175 0.125 0.169 0.195 1    
226:  0.177 0.173 0.159 0.176 0.170 0.144 1    
227:  0.183 0.106 0.169 0.157 0.197 0.188 1    
228:  0.160 0.197 0.164 0.168 0.151 0.161 1    
229:  0.192 0.133 0.174 0.131 0.167 0.202 1    
230:  0.163 0.208 0.172 0.160 0.147 0.150 1    
231:  0.192 0.138 0.165 0.159 0.174 0.172 1    
232:  0.124 0.309 0.174 0.127 0.129 0.137 1    
233:  0.196 0.133 0.152 0.192 0.172 0.154 1    
234:  0.191 0.122 0.149 0.197 0.180 0.161 1    
235:  0.162 0.137 0.173 0.159 0.173 0.196 1    
236:  0.168 0.132 0.151 0.187 0.178 0.184 1    
237:  0.164 0.086 0.163 0.184 0.203 0.200 1    
238:  0.171 0.148 0.157 0.175 0.185 0.165 1    
239:  0.182 0.103 0.159 0.144 0.200 0.212 1    
240:  0.159 0.180 0.169 0.167 0.164 0.161 1    
241:  0.170 0.212 0.170 0.153 0.144 0.151 1    
242:  0.102 0.391 0.200 0.097 0.101 0.109 1    
243:  0.113 0.384 0.192 0.105 0.104 0.103 1    
244:  0.164 0.097 0.163 0.167 0.205 0.204 1    
245:  0.171 0.144 0.155 0.178 0.177 0.176 1    
246:  0.164 0.183 0.164 0.161 0.164 0.165 1    
                       
                       
1:    0.161 0.156 0.111 0.175 0.183 0.214 1    
2:    0.175 0.127 0.114 0.187 0.213 0.183 1    
3:    0.188 0.144 0.124 0.206 0.182 0.156 1    
4:    0.185 0.178 0.196 0.145 0.160 0.136 1    
5:    0.224 0.136 0.130 0.172 0.188 0.150 1    
6:    0.115 0.189 0.093 0.143 0.192 0.268 1    
7:    0.146 0.179 0.188 0.172 0.158 0.158 1    
8:    0.240 0.118 0.121 0.180 0.194 0.147 1    
9:    0.156 0.160 0.154 0.173 0.185 0.172 1    
10:   0.214 0.128 0.113 0.180 0.193 0.172 1    
11:   0.164 0.154 0.123 0.193 0.174 0.191 1    
12:   0.155 0.163 0.106 0.166 0.179 0.231 1    
13:   0.211 0.131 0.126 0.181 0.185 0.166 1    
14:   0.167 0.174 0.184 0.163 0.167 0.145 1    
15:   0.201 0.142 0.142 0.202 0.177 0.136 1    
16:   0.192 0.152 0.170 0.186 0.157 0.143 1    
17:   0.201 0.149 0.140 0.166 0.175 0.168 1    
18:   0.192 0.139 0.149 0.175 0.192 0.152 1    
19:   0.158 0.165 0.136 0.184 0.172 0.185 1    
20:   0.171 0.171 0.132 0.167 0.167 0.192 1    
21:   0.135 0.211 0.263 0.125 0.135 0.131 1    
22:   0.168 0.170 0.145 0.199 0.160 0.158 1    
23:   0.179 0.153 0.116 0.177 0.177 0.199 1    
24:   0.081 0.269 0.397 0.084 0.081 0.088 1    
25:   0.141 0.170 0.199 0.151 0.158 0.181 1    
26:   0.139 0.182 0.148 0.157 0.172 0.202 1    
27:   0.144 0.163 0.110 0.168 0.181 0.235 1    
28:   0.138 0.206 0.175 0.186 0.150 0.144 1    
29:   0.156 0.159 0.126 0.163 0.197 0.199 1    
30:   0.156 0.180 0.179 0.191 0.159 0.136 1    
31:   0.212 0.140 0.142 0.171 0.190 0.146 1    
32:   0.168 0.167 0.144 0.191 0.172 0.158 1    
33:   0.185 0.148 0.163 0.180 0.175 0.148 1    
34:   0.187 0.160 0.146 0.184 0.169 0.154 1    
35:   0.178 0.149 0.138 0.198 0.177 0.161 1    
36:   0.110 0.205 0.123 0.139 0.172 0.253 1    
37:   0.236 0.124 0.109 0.180 0.183 0.168 1    
38:   0.180 0.134 0.101 0.181 0.192 0.212 1    
39:   0.102 0.250 0.350 0.098 0.099 0.101 1    
40:   0.167 0.145 0.107 0.183 0.185 0.213 1    
41:   0.163 0.171 0.145 0.201 0.160 0.161 1    
42:   0.195 0.156 0.161 0.186 0.170 0.132 1    
43:   0.171 0.164 0.183 0.160 0.165 0.157 1    
44:   0.187 0.145 0.138 0.190 0.176 0.165 1    
45:   0.149 0.191 0.208 0.182 0.144 0.124 1    
46:   0.185 0.167 0.142 0.170 0.168 0.167 1    
47:   0.156 0.162 0.184 0.170 0.164 0.163 1    
48:   0.137 0.173 0.115 0.158 0.183 0.234 1    
49:   0.164 0.158 0.130 0.184 0.176 0.188 1    
50:   0.185 0.137 0.133 0.180 0.185 0.180 1    
51:   0.099 0.252 0.361 0.093 0.100 0.096 1    
52:   0.144 0.188 0.245 0.145 0.149 0.128 1    
53:   0.167 0.161 0.147 0.166 0.183 0.175 1    
54:   0.198 0.155 0.156 0.180 0.170 0.141 1    
55:   0.164 0.141 0.101 0.170 0.188 0.237 1    
56:   0.180 0.171 0.183 0.153 0.166 0.146 1    
57:   0.155 0.191 0.224 0.172 0.136 0.121 1    
58:   0.071 0.285 0.429 0.074 0.069 0.070 1    
59:   0.179 0.150 0.115 0.179 0.184 0.192 1    
60:   0.160 0.136 0.112 0.192 0.182 0.217 1    
61:   0.194 0.140 0.140 0.178 0.172 0.177 1    
62:   0.136 0.202 0.265 0.140 0.129 0.127 1    
63:   0.085 0.260 0.361 0.092 0.097 0.104 1    
64:   0.174 0.149 0.136 0.167 0.181 0.193 1    
65:   0.185 0.149 0.150 0.176 0.180 0.160 1    
66:   0.159 0.179 0.201 0.151 0.156 0.154 1    
67:   0.191 0.152 0.163 0.184 0.166 0.144 1    
68:   0.173 0.155 0.132 0.198 0.178 0.165 1    
69:   0.158 0.152 0.106 0.171 0.186 0.227 1    
70:   0.180 0.151 0.134 0.188 0.178 0.170 1    
71:   0.187 0.151 0.130 0.165 0.190 0.176 1    
72:   0.213 0.140 0.117 0.181 0.180 0.168 1    
73:   0.157 0.154 0.136 0.157 0.180 0.217 1    
74:   0.134 0.208 0.296 0.135 0.118 0.110 1    
75:   0.199 0.150 0.125 0.176 0.185 0.165 1    
76:   0.199 0.139 0.132 0.197 0.178 0.154 1    
77:   0.141 0.171 0.108 0.173 0.176 0.232 1    
78:   0.221 0.136 0.137 0.178 0.172 0.155 1    
79:   0.166 0.128 0.128 0.172 0.187 0.219 1    
80:   0.187 0.144 0.141 0.199 0.177 0.153 1    
81:   0.170 0.170 0.187 0.151 0.162 0.161 1    
82:   0.157 0.157 0.117 0.171 0.188 0.210 1    
83:   0.172 0.171 0.183 0.166 0.162 0.146 1    
84:   0.169 0.154 0.156 0.168 0.183 0.170 1    
85:   0.145 0.187 0.195 0.157 0.150 0.167 1    
86:   0.151 0.180 0.200 0.188 0.149 0.132 1    
87:   0.194 0.155 0.145 0.187 0.167 0.152 1    
88:   0.189 0.153 0.154 0.178 0.169 0.158 1    
89:   0.171 0.166 0.150 0.180 0.171 0.162 1    
90:   0.174 0.138 0.110 0.165 0.203 0.210 1    
91:   0.144 0.183 0.164 0.142 0.175 0.191 1    
92:   0.150 0.180 0.190 0.199 0.142 0.139 1    
93:   0.188 0.144 0.125 0.187 0.180 0.175 1    
94:   0.151 0.179 0.148 0.195 0.165 0.162 1    
95:   0.175 0.144 0.140 0.185 0.172 0.184 1    
96:   0.167 0.172 0.166 0.173 0.168 0.155 1    
97:   0.161 0.170 0.145 0.190 0.164 0.169 1    
98:   0.177 0.133 0.104 0.190 0.189 0.206 1    
99:   0.198 0.125 0.108 0.183 0.196 0.189 1    
100:  0.209 0.127 0.123 0.180 0.183 0.179 1    
101:  0.147 0.192 0.250 0.145 0.140 0.126 1    
102:  0.168 0.162 0.138 0.174 0.181 0.177 1    
103:  0.149 0.208 0.261 0.140 0.131 0.112 1    
104:  0.170 0.180 0.193 0.157 0.157 0.143 1    
105:  0.164 0.161 0.179 0.154 0.168 0.174 1    
106:  0.177 0.192 0.267 0.136 0.127 0.103 1    
107:  0.144 0.155 0.120 0.176 0.192 0.213 1    
108:  0.197 0.143 0.131 0.189 0.183 0.158 1    
109:  0.181 0.149 0.137 0.195 0.179 0.159 1    
110:  0.172 0.175 0.200 0.154 0.159 0.139 1    
111:  0.171 0.160 0.172 0.174 0.167 0.155 1    
112:  0.223 0.123 0.135 0.175 0.188 0.157 1    
113:  0.154 0.179 0.165 0.196 0.158 0.148 1    
114:  0.171 0.151 0.125 0.186 0.184 0.184 1    
115:  0.167 0.177 0.172 0.180 0.160 0.144 1    
116:  0.175 0.150 0.128 0.201 0.178 0.168 1    
117:  0.164 0.160 0.127 0.167 0.181 0.202 1    
118:  0.167 0.141 0.124 0.166 0.172 0.230 1    
119:  0.170 0.148 0.129 0.175 0.180 0.197 1    
120:  0.131 0.208 0.276 0.134 0.127 0.124 1    
121:  0.192 0.145 0.134 0.179 0.188 0.163 1    
122:  0.185 0.149 0.134 0.193 0.179 0.160 1    
123:  0.176 0.152 0.149 0.170 0.177 0.177 1    
124:  0.180 0.154 0.123 0.177 0.179 0.187 1    
125:  0.168 0.178 0.223 0.153 0.148 0.129 1    
126:  0.211 0.138 0.120 0.199 0.178 0.155 1    
127:  0.165 0.158 0.126 0.180 0.175 0.196 1    
128:  0.197 0.138 0.107 0.178 0.194 0.186 1    
129:  0.225 0.148 0.163 0.176 0.162 0.126 1    
130:  0.163 0.161 0.147 0.167 0.185 0.177 1    
131:  0.187 0.142 0.145 0.196 0.181 0.149 1    
132:  0.191 0.127 0.106 0.191 0.191 0.193 1    
133:  0.166 0.167 0.183 0.179 0.159 0.146 1    
134:  0.184 0.137 0.139 0.167 0.186 0.186 1    
135:  0.174 0.179 0.213 0.149 0.156 0.128 1    
136:  0.206 0.136 0.144 0.175 0.183 0.155 1    
137:  0.171 0.174 0.181 0.193 0.152 0.129 1    
138:  0.202 0.149 0.157 0.183 0.165 0.144 1    
139:  0.172 0.155 0.138 0.164 0.177 0.196 1    
140:  0.168 0.161 0.110 0.172 0.184 0.205 1    
141:  0.261 0.122 0.130 0.187 0.166 0.133 1    
142:  0.191 0.140 0.118 0.175 0.191 0.184 1    
143:  0.154 0.166 0.111 0.175 0.178 0.216 1    
144:  0.172 0.155 0.130 0.183 0.181 0.179 1    
145:  0.211 0.154 0.170 0.175 0.160 0.129 1    
146:  0.155 0.146 0.102 0.159 0.193 0.245 1    
147:  0.177 0.154 0.168 0.171 0.173 0.157 1    
148:  0.203 0.148 0.159 0.169 0.167 0.154 1    
149:  0.208 0.133 0.115 0.177 0.193 0.173 1    
150:  0.157 0.168 0.136 0.166 0.172 0.201 1    
151:  0.148 0.182 0.117 0.169 0.172 0.212 1    
152:  0.190 0.130 0.125 0.180 0.200 0.175 1    
153:  0.178 0.160 0.143 0.186 0.168 0.165 1    
154:  0.178 0.158 0.157 0.188 0.173 0.145 1    
155:  0.172 0.162 0.140 0.189 0.168 0.169 1    
156:  0.148 0.195 0.242 0.151 0.140 0.124 1    
157:  0.139 0.181 0.206 0.152 0.167 0.155 1    
158:  0.203 0.133 0.112 0.181 0.188 0.183 1    
159:  0.203 0.123 0.110 0.190 0.193 0.181 1    
160:  0.213 0.147 0.157 0.163 0.170 0.150 1    
161:  0.184 0.136 0.127 0.182 0.193 0.177 1    
162:  0.177 0.153 0.131 0.175 0.182 0.182 1    
163:  0.154 0.184 0.222 0.139 0.153 0.149 1    
164:  0.187 0.140 0.131 0.196 0.176 0.170 1    
165:  0.198 0.159 0.164 0.186 0.160 0.134 1    
166:  0.210 0.136 0.117 0.181 0.187 0.169 1    
167:  0.146 0.208 0.233 0.151 0.137 0.124 1    
168:  0.208 0.138 0.110 0.189 0.174 0.180 1    
169:  0.205 0.147 0.152 0.165 0.182 0.148 1    
170:  0.195 0.135 0.128 0.171 0.201 0.169 1    
171:  0.110 0.177 0.069 0.118 0.207 0.319 1    
172:  0.163 0.163 0.144 0.166 0.179 0.185 1    
173:  0.219 0.142 0.134 0.162 0.180 0.163 1    
174:  0.173 0.153 0.118 0.176 0.191 0.189 1    
175:  0.192 0.138 0.128 0.186 0.183 0.172 1    
176:  0.188 0.139 0.137 0.186 0.174 0.175 1    
177:  0.165 0.163 0.164 0.161 0.168 0.180 1    
178:  0.180 0.161 0.194 0.168 0.159 0.137 1    
179:  0.110 0.176 0.069 0.119 0.206 0.320 1    
180:  0.167 0.156 0.137 0.167 0.177 0.196 1    
181:  0.210 0.147 0.142 0.185 0.175 0.141 1    
182:  0.143 0.166 0.115 0.159 0.185 0.232 1    
183:  0.155 0.168 0.163 0.156 0.180 0.178 1    
184:  0.160 0.165 0.148 0.148 0.171 0.208 1    
185:  0.202 0.142 0.137 0.186 0.192 0.141 1    
186:  0.162 0.170 0.190 0.151 0.162 0.166 1    
187:  0.187 0.173 0.211 0.156 0.147 0.127 1    
188:  0.168 0.149 0.116 0.152 0.195 0.220 1    
189:  0.126 0.213 0.211 0.187 0.135 0.129 1    
190:  0.165 0.158 0.161 0.162 0.180 0.173 1    
191:  0.158 0.166 0.126 0.159 0.190 0.200 1    
192:  0.169 0.161 0.142 0.163 0.181 0.184 1    
193:  0.174 0.147 0.122 0.190 0.173 0.194 1    
194:  0.194 0.141 0.134 0.193 0.180 0.159 1    
195:  0.242 0.128 0.119 0.187 0.183 0.141 1    
196:  0.174 0.146 0.121 0.179 0.182 0.198 1    
197:  0.179 0.156 0.145 0.180 0.173 0.167 1    
198:  0.140 0.174 0.104 0.172 0.181 0.229 1    
199:  0.165 0.152 0.142 0.163 0.184 0.194 1    
200:  0.148 0.164 0.119 0.186 0.180 0.203 1    
201:  0.166 0.161 0.142 0.169 0.179 0.183 1    
202:  0.165 0.179 0.172 0.150 0.170 0.164 1    
203:  0.133 0.164 0.085 0.149 0.184 0.285 1    
204:  0.235 0.130 0.133 0.177 0.179 0.147 1    
205:  0.050 0.310 0.495 0.052 0.049 0.045 1    
206:  0.194 0.134 0.099 0.165 0.194 0.213 1    
207:  0.217 0.128 0.116 0.189 0.179 0.171 1    
208:  0.048 0.309 0.496 0.052 0.048 0.046 1    
209:  0.184 0.158 0.140 0.173 0.177 0.169 1    
210:  0.148 0.187 0.178 0.153 0.160 0.174 1    
211:  0.224 0.124 0.140 0.172 0.194 0.146 1    
212:  0.183 0.160 0.133 0.174 0.178 0.172 1    
213:  0.176 0.161 0.136 0.185 0.166 0.176 1    
214:  0.156 0.175 0.196 0.152 0.162 0.160 1    
215:  0.169 0.150 0.118 0.180 0.182 0.201 1    
216:  0.163 0.184 0.213 0.154 0.147 0.139 1    
217:  0.105 0.244 0.347 0.106 0.098 0.100 1    
218:  0.141 0.199 0.169 0.196 0.151 0.144 1    
219:  0.190 0.139 0.139 0.192 0.178 0.162 1    
220:  0.164 0.169 0.192 0.161 0.160 0.154 1    
221:  0.188 0.168 0.182 0.167 0.159 0.137 1    
222:  0.192 0.131 0.121 0.184 0.197 0.175 1    
223:  0.163 0.172 0.184 0.161 0.160 0.160 1    
224:  0.174 0.156 0.153 0.204 0.164 0.150 1    
225:  0.136 0.202 0.194 0.192 0.141 0.134 1    
226:  0.174 0.169 0.172 0.176 0.164 0.145 1    
227:  0.160 0.165 0.125 0.164 0.185 0.200 1    
228:  0.167 0.168 0.194 0.155 0.173 0.143 1    
229:  0.139 0.199 0.173 0.195 0.149 0.145 1    
230:  0.165 0.171 0.192 0.170 0.155 0.147 1    
231:  0.166 0.174 0.161 0.179 0.165 0.154 1    
232:  0.130 0.198 0.268 0.141 0.137 0.126 1    
233:  0.203 0.142 0.136 0.175 0.179 0.166 1    
234:  0.211 0.149 0.146 0.188 0.164 0.143 1    
235:  0.163 0.168 0.142 0.156 0.178 0.192 1    
236:  0.170 0.156 0.136 0.163 0.178 0.197 1    
237:  0.167 0.129 0.101 0.177 0.193 0.234 1    
238:  0.180 0.157 0.152 0.169 0.182 0.160 1    
239:  0.141 0.168 0.120 0.162 0.180 0.228 1    
240:  0.153 0.154 0.172 0.171 0.171 0.180 1    
241:  0.158 0.180 0.216 0.164 0.151 0.132 1    
242:  0.104 0.229 0.341 0.110 0.110 0.105 1    
243:  0.116 0.222 0.311 0.121 0.118 0.113 1    
244:  0.163 0.157 0.106 0.157 0.203 0.215 1    
245:  0.171 0.152 0.141 0.173 0.179 0.184 1    
246:  0.160 0.169 0.198 0.169 0.158 0.146 1    
                       
                       
1:    0.175 0.173 0.172 0.190 0.191 0.099 1    
2:    0.189 0.185 0.191 0.186 0.176 0.072 1    
3:    0.184 0.186 0.198 0.178 0.173 0.081 1    
4:    0.175 0.162 0.172 0.146 0.136 0.210 1    
5:    0.200 0.192 0.187 0.163 0.145 0.112 1    
6:    0.142 0.163 0.147 0.190 0.246 0.112 1    
7:    0.156 0.158 0.161 0.165 0.173 0.187 1    
8:    0.209 0.195 0.199 0.169 0.140 0.087 1    
9:    0.167 0.173 0.169 0.170 0.173 0.148 1    
10:   0.197 0.193 0.194 0.175 0.155 0.085 1    
11:   0.176 0.178 0.183 0.182 0.176 0.105 1    
12:   0.170 0.176 0.172 0.178 0.206 0.099 1    
13:   0.195 0.198 0.187 0.176 0.154 0.090 1    
14:   0.168 0.166 0.164 0.160 0.155 0.186 1    
15:   0.188 0.189 0.200 0.166 0.155 0.103 1    
16:   0.189 0.178 0.184 0.161 0.154 0.135 1    
17:   0.183 0.181 0.179 0.167 0.156 0.134 1    
18:   0.180 0.177 0.191 0.171 0.152 0.129 1    
19:   0.170 0.164 0.173 0.182 0.188 0.124 1    
20:   0.171 0.173 0.170 0.179 0.181 0.126 1    
21:   0.138 0.142 0.143 0.136 0.131 0.309 1    
22:   0.176 0.172 0.176 0.177 0.183 0.115 1    
23:   0.172 0.174 0.171 0.178 0.192 0.113 1    
24:   0.090 0.094 0.091 0.095 0.103 0.527 1    
25:   0.157 0.154 0.159 0.156 0.159 0.215 1    
26:   0.151 0.161 0.152 0.184 0.199 0.153 1    
27:   0.164 0.168 0.159 0.190 0.203 0.116 1    
28:   0.155 0.158 0.159 0.172 0.205 0.151 1    
29:   0.162 0.169 0.163 0.178 0.210 0.119 1    
30:   0.171 0.167 0.172 0.165 0.174 0.152 1    
31:   0.195 0.184 0.187 0.171 0.145 0.119 1    
32:   0.179 0.172 0.177 0.185 0.186 0.102 1    
33:   0.179 0.174 0.175 0.159 0.160 0.153 1    
34:   0.179 0.177 0.183 0.165 0.168 0.127 1    
35:   0.190 0.180 0.185 0.171 0.179 0.095 1    
36:   0.137 0.154 0.139 0.175 0.249 0.147 1    
37:   0.208 0.199 0.196 0.173 0.157 0.067 1    
38:   0.182 0.185 0.178 0.191 0.182 0.082 1    
39:   0.113 0.109 0.113 0.113 0.115 0.437 1    
40:   0.174 0.176 0.178 0.192 0.196 0.084 1    
41:   0.173 0.173 0.168 0.180 0.190 0.115 1    
42:   0.187 0.171 0.185 0.169 0.150 0.138 1    
43:   0.170 0.164 0.168 0.155 0.154 0.188 1    
44:   0.179 0.174 0.180 0.176 0.169 0.123 1    
45:   0.158 0.161 0.163 0.152 0.162 0.204 1    
46:   0.171 0.170 0.177 0.175 0.178 0.129 1    
47:   0.158 0.158 0.160 0.165 0.156 0.203 1    
48:   0.154 0.172 0.159 0.189 0.206 0.120 1    
49:   0.165 0.170 0.170 0.178 0.194 0.122 1    
50:   0.179 0.178 0.178 0.175 0.163 0.127 1    
51:   0.112 0.110 0.110 0.109 0.108 0.452 1    
52:   0.151 0.153 0.151 0.146 0.138 0.261 1    
53:   0.167 0.176 0.172 0.163 0.177 0.144 1    
54:   0.185 0.175 0.187 0.167 0.150 0.135 1    
55:   0.165 0.171 0.167 0.201 0.191 0.105 1    
56:   0.171 0.160 0.167 0.164 0.139 0.200 1    
57:   0.153 0.156 0.152 0.138 0.151 0.250 1    
58:   0.084 0.084 0.086 0.086 0.088 0.572 1    
59:   0.178 0.179 0.170 0.188 0.195 0.089 1    
60:   0.172 0.181 0.178 0.189 0.185 0.096 1    
61:   0.180 0.185 0.179 0.173 0.154 0.130 1    
62:   0.135 0.137 0.139 0.140 0.137 0.312 1    
63:   0.104 0.105 0.107 0.108 0.117 0.459 1    
64:   0.166 0.165 0.167 0.179 0.185 0.139 1    
65:   0.174 0.177 0.173 0.170 0.169 0.137 1    
66:   0.154 0.161 0.156 0.149 0.158 0.221 1    
67:   0.183 0.183 0.180 0.161 0.149 0.144 1    
68:   0.172 0.176 0.181 0.182 0.197 0.091 1    
69:   0.169 0.174 0.165 0.198 0.205 0.089 1    
70:   0.179 0.179 0.174 0.173 0.178 0.116 1    
71:   0.182 0.175 0.173 0.180 0.175 0.115 1    
72:   0.193 0.188 0.183 0.169 0.175 0.092 1    
73:   0.158 0.168 0.159 0.180 0.189 0.146 1    
74:   0.137 0.132 0.139 0.125 0.117 0.350 1    
75:   0.186 0.185 0.196 0.176 0.169 0.088 1    
76:   0.184 0.188 0.186 0.174 0.171 0.097 1    
77:   0.158 0.165 0.158 0.201 0.222 0.096 1    
78:   0.200 0.191 0.191 0.161 0.143 0.114 1    
79:   0.178 0.179 0.173 0.181 0.167 0.122 1    
80:   0.184 0.181 0.181 0.174 0.180 0.100 1    
81:   0.168 0.162 0.163 0.159 0.158 0.191 1    
82:   0.166 0.172 0.162 0.182 0.208 0.111 1    
83:   0.171 0.167 0.167 0.150 0.148 0.196 1    
84:   0.169 0.172 0.170 0.176 0.159 0.154 1    
85:   0.156 0.154 0.152 0.162 0.172 0.203 1    
86:   0.159 0.168 0.160 0.159 0.170 0.185 1    
87:   0.175 0.176 0.183 0.170 0.168 0.128 1    
88:   0.180 0.176 0.176 0.170 0.160 0.137 1    
89:   0.173 0.180 0.173 0.175 0.183 0.116 1    
90:   0.174 0.185 0.179 0.193 0.177 0.092 1    
91:   0.155 0.156 0.160 0.170 0.183 0.175 1    
92:   0.165 0.160 0.160 0.166 0.171 0.177 1    
93:   0.184 0.184 0.181 0.178 0.168 0.105 1    
94:   0.168 0.169 0.171 0.181 0.199 0.112 1    
95:   0.171 0.183 0.176 0.175 0.174 0.121 1    
96:   0.169 0.172 0.168 0.168 0.175 0.148 1    
97:   0.166 0.164 0.170 0.182 0.193 0.125 1    
98:   0.179 0.185 0.181 0.186 0.190 0.078 1    
99:   0.187 0.187 0.183 0.190 0.170 0.082 1    
100:  0.195 0.186 0.194 0.169 0.154 0.101 1    
101:  0.150 0.144 0.149 0.140 0.134 0.282 1    
102:  0.165 0.175 0.162 0.189 0.191 0.118 1    
103:  0.148 0.142 0.143 0.132 0.126 0.309 1    
104:  0.165 0.165 0.163 0.157 0.152 0.199 1    
105:  0.167 0.167 0.168 0.165 0.154 0.180 1    
106:  0.157 0.147 0.154 0.129 0.108 0.304 1    
107:  0.164 0.173 0.159 0.187 0.207 0.110 1    
108:  0.184 0.187 0.185 0.168 0.163 0.113 1    
109:  0.179 0.182 0.176 0.173 0.172 0.119 1    
110:  0.162 0.168 0.159 0.152 0.143 0.215 1    
111:  0.174 0.170 0.170 0.167 0.160 0.159 1    
112:  0.193 0.194 0.185 0.172 0.147 0.109 1    
113:  0.164 0.165 0.170 0.166 0.194 0.142 1    
114:  0.171 0.172 0.175 0.188 0.195 0.098 1    
115:  0.172 0.163 0.169 0.169 0.175 0.153 1    
116:  0.180 0.180 0.183 0.187 0.184 0.088 1    
117:  0.165 0.175 0.168 0.180 0.202 0.109 1    
118:  0.169 0.169 0.177 0.176 0.193 0.116 1    
119:  0.173 0.171 0.170 0.182 0.178 0.125 1    
120:  0.142 0.140 0.141 0.128 0.132 0.318 1    
121:  0.186 0.184 0.176 0.170 0.158 0.127 1    
122:  0.182 0.171 0.181 0.178 0.185 0.104 1    
123:  0.173 0.168 0.179 0.166 0.172 0.142 1    
124:  0.181 0.181 0.172 0.185 0.185 0.096 1    
125:  0.156 0.156 0.162 0.148 0.136 0.242 1    
126:  0.199 0.190 0.194 0.175 0.163 0.079 1    
127:  0.163 0.173 0.169 0.176 0.189 0.130 1    
128:  0.187 0.188 0.191 0.179 0.177 0.077 1    
129:  0.197 0.181 0.187 0.152 0.131 0.152 1    
130:  0.168 0.171 0.172 0.181 0.179 0.130 1    
131:  0.184 0.184 0.186 0.174 0.161 0.112 1    
132:  0.186 0.190 0.186 0.183 0.180 0.075 1    
133:  0.163 0.167 0.166 0.158 0.161 0.185 1    
134:  0.178 0.181 0.175 0.168 0.165 0.134 1    
135:  0.165 0.160 0.167 0.142 0.135 0.231 1    
136:  0.191 0.182 0.186 0.168 0.143 0.130 1    
137:  0.173 0.169 0.170 0.163 0.164 0.161 1    
138:  0.187 0.178 0.187 0.160 0.146 0.141 1    
139:  0.169 0.167 0.166 0.175 0.174 0.149 1    
140:  0.169 0.176 0.170 0.189 0.199 0.096 1    
141:  0.210 0.193 0.203 0.162 0.130 0.102 1    
142:  0.181 0.185 0.188 0.184 0.176 0.086 1    
143:  0.167 0.172 0.171 0.176 0.203 0.111 1    
144:  0.175 0.175 0.178 0.180 0.176 0.116 1    
145:  0.186 0.180 0.180 0.152 0.138 0.165 1    
146:  0.168 0.174 0.173 0.192 0.193 0.100 1    
147:  0.170 0.179 0.171 0.164 0.158 0.159 1    
148:  0.179 0.172 0.182 0.168 0.148 0.151 1    
149:  0.200 0.185 0.191 0.174 0.157 0.094 1    
150:  0.168 0.172 0.167 0.176 0.179 0.140 1    
151:  0.161 0.166 0.157 0.183 0.210 0.122 1    
152:  0.185 0.185 0.190 0.179 0.159 0.102 1    
153:  0.174 0.170 0.177 0.179 0.189 0.111 1    
154:  0.183 0.176 0.181 0.174 0.158 0.128 1    
155:  0.168 0.172 0.169 0.174 0.183 0.133 1    
156:  0.154 0.149 0.150 0.138 0.142 0.267 1    
157:  0.143 0.162 0.154 0.169 0.169 0.203 1    
158:  0.188 0.191 0.186 0.179 0.169 0.087 1    
159:  0.204 0.188 0.199 0.176 0.151 0.081 1    
160:  0.177 0.172 0.176 0.168 0.152 0.155 1    
161:  0.184 0.187 0.185 0.174 0.155 0.114 1    
162:  0.177 0.175 0.180 0.180 0.175 0.113 1    
163:  0.146 0.152 0.152 0.151 0.147 0.252 1    
164:  0.179 0.184 0.188 0.180 0.162 0.108 1    
165:  0.182 0.179 0.175 0.157 0.152 0.156 1    
166:  0.194 0.189 0.189 0.175 0.165 0.088 1    
167:  0.144 0.143 0.149 0.144 0.153 0.267 1    
168:  0.189 0.187 0.193 0.177 0.173 0.081 1    
169:  0.184 0.178 0.183 0.167 0.152 0.136 1    
170:  0.183 0.189 0.187 0.166 0.163 0.111 1    
171:  0.130 0.158 0.132 0.214 0.271 0.095 1    
172:  0.169 0.171 0.171 0.174 0.185 0.131 1    
173:  0.192 0.189 0.183 0.166 0.144 0.126 1    
174:  0.173 0.176 0.176 0.186 0.199 0.089 1    
175:  0.188 0.183 0.184 0.179 0.165 0.100 1    
176:  0.176 0.178 0.176 0.174 0.166 0.130 1    
177:  0.161 0.161 0.164 0.181 0.165 0.168 1    
178:  0.171 0.163 0.171 0.151 0.143 0.200 1    
179:  0.134 0.155 0.136 0.211 0.270 0.094 1    
180:  0.169 0.171 0.167 0.176 0.177 0.140 1    
181:  0.186 0.181 0.189 0.172 0.156 0.117 1    
182:  0.155 0.168 0.158 0.183 0.219 0.117 1    
183:  0.159 0.167 0.171 0.172 0.172 0.159 1    
184:  0.161 0.167 0.163 0.175 0.177 0.157 1    
185:  0.192 0.180 0.193 0.178 0.157 0.100 1    
186:  0.156 0.160 0.157 0.160 0.164 0.203 1    
187:  0.164 0.157 0.165 0.141 0.136 0.238 1    
188:  0.165 0.171 0.168 0.189 0.198 0.110 1    
189:  0.152 0.149 0.151 0.162 0.180 0.205 1    
190:  0.167 0.169 0.168 0.172 0.164 0.159 1    
191:  0.170 0.168 0.168 0.170 0.199 0.125 1    
192:  0.166 0.168 0.174 0.174 0.177 0.141 1    
193:  0.175 0.178 0.177 0.178 0.179 0.112 1    
194:  0.183 0.179 0.184 0.177 0.172 0.105 1    
195:  0.213 0.195 0.205 0.163 0.140 0.084 1    
196:  0.179 0.180 0.177 0.179 0.172 0.113 1    
197:  0.177 0.177 0.174 0.172 0.162 0.140 1    
198:  0.155 0.165 0.161 0.193 0.227 0.099 1    
199:  0.164 0.172 0.162 0.177 0.186 0.138 1    
200:  0.163 0.176 0.167 0.186 0.203 0.105 1    
201:  0.166 0.172 0.171 0.174 0.174 0.143 1    
202:  0.161 0.165 0.158 0.154 0.169 0.194 1    
203:  0.152 0.172 0.158 0.198 0.230 0.089 1    
204:  0.198 0.192 0.200 0.160 0.148 0.103 1    
205:  0.063 0.065 0.064 0.063 0.070 0.675 1    
206:  0.176 0.185 0.178 0.182 0.190 0.089 1    
207:  0.198 0.190 0.197 0.176 0.153 0.085 1    
208:  0.065 0.065 0.066 0.062 0.070 0.673 1    
209:  0.176 0.177 0.177 0.168 0.171 0.131 1    
210:  0.157 0.153 0.157 0.156 0.173 0.204 1    
211:  0.196 0.188 0.191 0.172 0.145 0.108 1    
212:  0.178 0.175 0.178 0.179 0.168 0.122 1    
213:  0.172 0.174 0.181 0.176 0.183 0.114 1    
214:  0.156 0.162 0.159 0.163 0.149 0.211 1    
215:  0.178 0.177 0.172 0.178 0.190 0.104 1    
216:  0.158 0.157 0.159 0.150 0.143 0.234 1    
217:  0.114 0.111 0.111 0.108 0.100 0.456 1    
218:  0.164 0.166 0.167 0.171 0.192 0.140 1    
219:  0.194 0.188 0.181 0.178 0.159 0.101 1    
220:  0.163 0.163 0.162 0.151 0.153 0.209 1    
221:  0.168 0.171 0.173 0.155 0.145 0.189 1    
222:  0.186 0.177 0.185 0.176 0.180 0.096 1    
223:  0.162 0.163 0.162 0.162 0.159 0.192 1    
224:  0.177 0.173 0.179 0.183 0.177 0.111 1    
225:  0.159 0.156 0.160 0.166 0.187 0.172 1    
226:  0.176 0.167 0.170 0.163 0.150 0.174 1    
227:  0.164 0.168 0.161 0.184 0.207 0.116 1    
228:  0.164 0.165 0.166 0.154 0.147 0.204 1    
229:  0.163 0.164 0.160 0.167 0.197 0.149 1    
230:  0.164 0.162 0.159 0.159 0.153 0.202 1    
231:  0.172 0.170 0.176 0.166 0.175 0.141 1    
232:  0.135 0.137 0.139 0.135 0.141 0.313 1    
233:  0.183 0.179 0.187 0.177 0.155 0.119 1    
234:  0.192 0.184 0.191 0.168 0.151 0.115 1    
235:  0.159 0.167 0.155 0.179 0.191 0.149 1    
236:  0.171 0.176 0.171 0.182 0.171 0.129 1    
237:  0.169 0.179 0.174 0.198 0.192 0.088 1    
238:  0.176 0.170 0.168 0.173 0.171 0.143 1    
239:  0.151 0.161 0.154 0.191 0.222 0.121 1    
240:  0.164 0.165 0.161 0.172 0.159 0.178 1    
241:  0.153 0.160 0.160 0.146 0.143 0.237 1    
242:  0.113 0.115 0.113 0.116 0.124 0.420 1    
243:  0.126 0.124 0.127 0.119 0.124 0.380 1    
244:  0.169 0.171 0.165 0.192 0.202 0.101 1    
245:  0.177 0.170 0.169 0.174 0.173 0.137 1    
246:  0.170 0.161 0.171 0.157 0.156 0.185 1    
                       
                       
1:    0.184 0.174 0.155 0.179 0.171 0.136 1    
2:    0.202 0.192 0.162 0.135 0.192 0.116 1    
3:    0.193 0.192 0.176 0.134 0.189 0.117 1    
4:    0.119 0.185 0.151 0.151 0.192 0.203 1    
5:    0.153 0.231 0.138 0.117 0.236 0.124 1    
6:    0.190 0.130 0.148 0.248 0.116 0.169 1    
7:    0.172 0.144 0.188 0.172 0.145 0.180 1    
8:    0.166 0.239 0.139 0.112 0.236 0.108 1    
9:    0.182 0.165 0.174 0.156 0.170 0.152 1    
10:   0.186 0.214 0.156 0.123 0.213 0.108 1    
11:   0.206 0.165 0.176 0.163 0.166 0.124 1    
12:   0.174 0.170 0.161 0.198 0.155 0.142 1    
13:   0.170 0.215 0.152 0.123 0.221 0.118 1    
14:   0.162 0.161 0.169 0.168 0.162 0.179 1    
15:   0.184 0.201 0.163 0.129 0.198 0.125 1    
16:   0.177 0.182 0.174 0.142 0.182 0.144 1    
17:   0.153 0.196 0.157 0.151 0.191 0.152 1    
18:   0.188 0.184 0.175 0.125 0.193 0.135 1    
19:   0.194 0.160 0.182 0.162 0.161 0.141 1    
20:   0.178 0.174 0.155 0.172 0.170 0.151 1    
21:   0.123 0.129 0.176 0.186 0.130 0.257 1    
22:   0.201 0.153 0.182 0.164 0.150 0.149 1    
23:   0.177 0.182 0.151 0.168 0.178 0.144 1    
24:   0.072 0.070 0.204 0.223 0.068 0.364 1    
25:   0.162 0.145 0.172 0.189 0.139 0.193 1    
26:   0.167 0.156 0.162 0.203 0.144 0.169 1    
27:   0.179 0.152 0.156 0.218 0.143 0.151 1    
28:   0.191 0.125 0.213 0.180 0.130 0.161 1    
29:   0.185 0.155 0.156 0.190 0.157 0.157 1    
30:   0.193 0.140 0.194 0.172 0.137 0.164 1    
31:   0.162 0.210 0.155 0.129 0.212 0.133 1    
32:   0.185 0.169 0.184 0.166 0.166 0.130 1    
33:   0.164 0.183 0.171 0.136 0.198 0.147 1    
34:   0.168 0.188 0.176 0.140 0.191 0.137 1    
35:   0.180 0.181 0.180 0.151 0.186 0.122 1    
36:   0.174 0.124 0.160 0.247 0.107 0.188 1    
37:   0.159 0.232 0.130 0.140 0.230 0.110 1    
38:   0.189 0.196 0.142 0.170 0.183 0.120 1    
39:   0.091 0.097 0.193 0.204 0.091 0.324 1    
40:   0.200 0.177 0.163 0.169 0.170 0.120 1    
41:   0.191 0.152 0.178 0.177 0.158 0.144 1    
42:   0.164 0.190 0.180 0.135 0.189 0.141 1    
43:   0.148 0.177 0.169 0.148 0.180 0.178 1    
44:   0.183 0.185 0.166 0.157 0.179 0.131 1    
45:   0.173 0.135 0.188 0.178 0.138 0.189 1    
46:   0.164 0.188 0.156 0.153 0.184 0.154 1    
47:   0.167 0.166 0.182 0.166 0.158 0.161 1    
48:   0.193 0.147 0.145 0.230 0.140 0.145 1    
49:   0.176 0.173 0.161 0.166 0.180 0.144 1    
50:   0.175 0.190 0.154 0.162 0.186 0.132 1    
51:   0.083 0.100 0.193 0.197 0.100 0.326 1    
52:   0.143 0.143 0.186 0.165 0.146 0.217 1    
53:   0.176 0.170 0.161 0.158 0.171 0.163 1    
54:   0.170 0.195 0.164 0.131 0.199 0.141 1    
55:   0.187 0.169 0.148 0.193 0.161 0.141 1    
56:   0.150 0.173 0.168 0.159 0.172 0.178 1    
57:   0.152 0.143 0.185 0.169 0.143 0.208 1    
58:   0.060 0.061 0.212 0.222 0.062 0.382 1    
59:   0.187 0.182 0.155 0.170 0.181 0.124 1    
60:   0.193 0.173 0.161 0.177 0.164 0.132 1    
61:   0.169 0.196 0.158 0.145 0.194 0.137 1    
62:   0.136 0.134 0.192 0.173 0.133 0.232 1    
63:   0.087 0.085 0.192 0.212 0.083 0.340 1    
64:   0.175 0.173 0.154 0.161 0.173 0.164 1    
65:   0.175 0.180 0.165 0.146 0.188 0.147 1    
66:   0.149 0.153 0.176 0.169 0.150 0.202 1    
67:   0.170 0.189 0.171 0.134 0.195 0.141 1    
68:   0.194 0.174 0.173 0.157 0.177 0.125 1    
69:   0.185 0.174 0.156 0.181 0.164 0.140 1    
70:   0.183 0.179 0.166 0.152 0.179 0.140 1    
71:   0.164 0.188 0.161 0.165 0.186 0.137 1    
72:   0.158 0.202 0.146 0.157 0.209 0.128 1    
73:   0.163 0.168 0.150 0.192 0.163 0.163 1    
74:   0.120 0.133 0.194 0.168 0.128 0.258 1    
75:   0.171 0.200 0.161 0.147 0.192 0.128 1    
76:   0.179 0.192 0.174 0.139 0.196 0.120 1    
77:   0.196 0.145 0.152 0.217 0.141 0.148 1    
78:   0.163 0.214 0.143 0.133 0.222 0.124 1    
79:   0.186 0.181 0.168 0.148 0.175 0.143 1    
80:   0.196 0.175 0.186 0.137 0.181 0.125 1    
81:   0.146 0.170 0.157 0.165 0.174 0.188 1    
82:   0.190 0.158 0.170 0.185 0.150 0.147 1    
83:   0.151 0.177 0.164 0.152 0.179 0.177 1    
84:   0.177 0.167 0.162 0.168 0.168 0.158 1    
85:   0.161 0.148 0.180 0.174 0.149 0.187 1    
86:   0.183 0.142 0.191 0.168 0.143 0.173 1    
87:   0.159 0.198 0.164 0.138 0.206 0.135 1    
88:   0.190 0.170 0.163 0.151 0.176 0.149 1    
89:   0.183 0.160 0.191 0.161 0.164 0.141 1    
90:   0.203 0.173 0.145 0.169 0.172 0.138 1    
91:   0.146 0.160 0.157 0.193 0.151 0.194 1    
92:   0.181 0.146 0.194 0.168 0.145 0.165 1    
