  1:   0.0529  0.0390  0.8601  0.0140  0.0340  1
  2:   0.0470  0.0480  0.1391  0.7197  0.0460  1
  3:   0.1489  0.1538  0.1518  0.4006  0.1449  1
  4:   0.0350  0.0350  0.0390  0.8539  0.0370  1
  5:   0.0470  0.0410  0.1512  0.7217  0.0390  1
  6:   0.0380  0.0350  0.0480  0.8430  0.0360  1
  7:   0.0420  0.0420  0.0670  0.8060  0.0430  1
  8:   0.0550  0.0560  0.0810  0.7550  0.0530  1
  9:   0.0280  0.0300  0.0310  0.8819  0.0290  1
 10:   0.1968  0.2078  0.2198  0.1668  0.2088  1
 11:   0.0270  0.0260  0.0310  0.8900  0.0260  1
 12:   0.0830  0.0720  0.1370  0.6270  0.0810  1
 13:   0.0270  0.0260  0.0290  0.8930  0.0250  1
 14:   0.2068  0.2078  0.1688  0.2178  0.1988  1
 15:   0.0600  0.0670  0.0510  0.7650  0.0570  1
 16:   0.1958  0.2128  0.1928  0.2248  0.1738  1
 17:   0.0779  0.0789  0.0869  0.6913  0.0649  1
 18:   0.1670  0.1800  0.1030  0.4270  0.1230  1
 19:   0.1070  0.0980  0.1040  0.5890  0.1020  1
 20:   0.0641  0.0571  0.0941  0.7267  0.0581  1
 21:   0.0570  0.0570  0.1510  0.6760  0.0590  1
 22:   0.2010  0.2000  0.2000  0.1990  0.2000  1
 23:   0.0530  0.0460  0.1910  0.6640  0.0460  1
 24:   0.0501  0.0440  0.1221  0.7417  0.0420  1
 25:   0.1251  0.1031  0.3534  0.3003  0.1181  1
 26:   0.1010  0.0990  0.0960  0.6020  0.1020  1
 27:   0.0860  0.0820  0.1410  0.5970  0.0940  1
 28:   0.1992  0.1992  0.2222  0.1592  0.2202  1
 29:   0.0549  0.0529  0.0879  0.7502  0.0539  1
 30:   0.0410  0.0360  0.1220  0.7610  0.0400  1
 31:   0.0240  0.0230  0.0280  0.9020  0.0230  1
 32:   0.0850  0.0720  0.1440  0.6240  0.0750  1
 33:   0.0790  0.0780  0.1210  0.6430  0.0790  1
 34:   0.0679  0.0689  0.1059  0.6953  0.0619  1
 35:   0.1429  0.1379  0.1578  0.4266  0.1349  1
 36:   0.1750  0.1670  0.2150  0.2900  0.1530  1
 37:   0.2030  0.1820  0.2030  0.2040  0.2080  1
 38:   0.2420  0.2520  0.1760  0.0790  0.2510  1
 39:   0.0330  0.0340  0.0480  0.8531  0.0320  1
 40:   0.0430  0.0410  0.0709  0.8022  0.0430  1
 41:   0.1560  0.1450  0.1740  0.3780  0.1470  1
 42:   0.0561  0.0531  0.0721  0.7638  0.0551  1
 43:   0.1050  0.0900  0.5290  0.1800  0.0960  1
 44:   0.0690  0.0750  0.0820  0.6920  0.0820  1
 45:   0.0610  0.0530  0.2030  0.6320  0.0510  1
 46:   0.1548  0.1558  0.1968  0.3287  0.1638  1
 47:   0.1802  0.1772  0.1932  0.2452  0.2042  1
 48:   0.0731  0.0581  0.2773  0.5235  0.0681  1
 49:   0.2338  0.2438  0.1868  0.0879  0.2478  1
 50:   0.2220  0.2040  0.1990  0.1090  0.2660  1
 51:   0.2298  0.2767  0.1558  0.0440  0.2937  1
 52:   0.2370  0.1980  0.3070  0.0330  0.2250  1
 53:   0.2583  0.2773  0.1401  0.0651  0.2593  1
 54:   0.2420  0.3240  0.1180  0.0370  0.2790  1
 55:   0.2160  0.2250  0.1860  0.1480  0.2250  1
 56:   0.2633  0.2933  0.2052  0.0140  0.2242  1
 57:   0.2338  0.2657  0.1618  0.0410  0.2977  1
 58:   0.1960  0.1670  0.3140  0.1070  0.2160  1
 59:   0.2440  0.3150  0.1170  0.0850  0.2390  1
 60:   0.2410  0.2780  0.2050  0.0330  0.2430  1
 61:   0.2230  0.2110  0.2580  0.0460  0.2620  1
 62:   0.1982  0.1932  0.2623  0.1401  0.2062  1
 63:   0.1429  0.1389  0.4056  0.1499  0.1628  1
 64:   0.2610  0.2510  0.1960  0.0410  0.2510  1
 65:   0.2378  0.1898  0.2757  0.0410  0.2557  1
 66:   0.2388  0.2318  0.1838  0.1359  0.2098  1
 67:   0.2398  0.2358  0.2298  0.0460  0.2488  1
 68:   0.2470  0.2820  0.1740  0.0200  0.2770  1
 69:   0.2910  0.2720  0.1080  0.0250  0.3040  1
 70:   0.2520  0.2730  0.1550  0.0190  0.3010  1
 71:   0.2250  0.2540  0.1590  0.1540  0.2080  1
 72:   0.2840  0.2930  0.1120  0.0230  0.2880  1
 73:   0.2827  0.2258  0.1588  0.0250  0.3077  1
 74:   0.2520  0.2930  0.1650  0.0420  0.2480  1
 75:   0.2573  0.2472  0.2002  0.0460  0.2492  1
 76:   0.2583  0.2793  0.1391  0.0200  0.3033  1
 77:   0.2510  0.2380  0.2210  0.0370  0.2530  1
 78:   0.2360  0.2460  0.3090  0.0250  0.1840  1
 79:   0.2980  0.2440  0.1230  0.0300  0.3050  1
 80:   0.2380  0.2380  0.2670  0.0480  0.2090  1
 81:   0.2570  0.2220  0.2050  0.0400  0.2760  1
 82:   0.2090  0.2380  0.2500  0.1070  0.1960  1
 83:   0.2490  0.2380  0.2370  0.0270  0.2490  1
 84:   0.2390  0.2130  0.2460  0.0350  0.2670  1
 85:   0.1552  0.1491  0.1572  0.3974  0.1411  1
 86:   0.1562  0.1562  0.1592  0.3874  0.1411  1
 87:   0.2418  0.2787  0.1169  0.1718  0.1908  1
 88:   0.2700  0.3080  0.1180  0.0390  0.2650  1
 89:   0.2410  0.2690  0.1860  0.0430  0.2610  1
 90:   0.2740  0.2500  0.1440  0.0400  0.2920  1
 91:   0.2088  0.2348  0.2478  0.0839  0.2248  1
 92:   0.2132  0.1802  0.2442  0.1562  0.2062  1
 93:   0.2405  0.2585  0.1896  0.0359  0.2754  1
 94:   0.1838  0.1708  0.1538  0.3107  0.1808  1
 95:   0.2860  0.2500  0.1460  0.0340  0.2840  1
 96:   0.2903  0.3564  0.0731  0.0420  0.2382  1
 97:   0.1902  0.2503  0.1632  0.1762  0.2202  1
 98:   0.2250  0.2540  0.1540  0.1680  0.1990  1
 99:   0.2220  0.2050  0.2740  0.0900  0.2090  1
100:   0.1450  0.1320  0.1520  0.4330  0.1380  1
101:   0.2218  0.2028  0.2348  0.1029  0.2378  1
102:   0.2650  0.2920  0.1660  0.0320  0.2450  1
103:   0.2450  0.2580  0.1820  0.0680  0.2470  1
104:   0.2290  0.2150  0.2760  0.0320  0.2480  1
105:   0.2010  0.1810  0.2250  0.1720  0.2210  1
106:   0.1790  0.1520  0.2970  0.1860  0.1860  1
107:   0.1020  0.1150  0.1140  0.5580  0.1110  1
108:   0.2900  0.3440  0.1080  0.0300  0.2280  1
109:   0.1908  0.1968  0.2358  0.2068  0.1698  1
110:   0.2050  0.2380  0.3060  0.0250  0.2260  1
111:   0.2352  0.2342  0.2012  0.0571  0.2723  1
112:   0.2438  0.2288  0.2178  0.0509  0.2587  1
113:   0.2783  0.3413  0.0981  0.0490  0.2332  1
114:   0.1582  0.1512  0.2312  0.3053  0.1542  1
115:   0.2460  0.2130  0.2270  0.0500  0.2640  1
116:   0.2680  0.2550  0.1720  0.0340  0.2710  1
117:   0.2400  0.2480  0.1800  0.0630  0.2690  1
118:   0.2350  0.1980  0.2820  0.0970  0.1880  1
119:   0.2292  0.1972  0.2683  0.0671  0.2382  1
120:   0.2997  0.3526  0.0649  0.0170  0.2657  1
121:   0.2130  0.1880  0.3020  0.0690  0.2280  1
122:   0.2080  0.1640  0.3720  0.0280  0.2280  1
123:   0.2637  0.2098  0.1788  0.0689  0.2787  1
124:   0.1828  0.1618  0.3367  0.1489  0.1698  1
125:   0.2547  0.3047  0.1449  0.0519  0.2438  1
126:   0.2130  0.1980  0.1880  0.1720  0.2290  1
127:   0.2527  0.2927  0.1169  0.1279  0.2098  1
128:   0.2610  0.2970  0.1700  0.0300  0.2420  1
129:   0.2630  0.2290  0.2050  0.0310  0.2720  1
130:   0.2830  0.3330  0.1120  0.0310  0.2410  1
131:   0.1980  0.1700  0.3920  0.0370  0.2030  1
132:   0.1790  0.1980  0.3710  0.0820  0.1700  1
133:   0.2288  0.1858  0.2058  0.1489  0.2308  1
134:   0.2170  0.2120  0.2870  0.0600  0.2240  1
135:   0.2913  0.2943  0.1111  0.0460  0.2573  1
136:   0.2717  0.2278  0.1828  0.0549  0.2627  1
137:   0.2190  0.2290  0.2560  0.0690  0.2270  1
138:   0.2440  0.2140  0.1990  0.0880  0.2550  1
139:   0.2368  0.2348  0.2038  0.0609  0.2637  1
140:   0.2228  0.1968  0.2058  0.1469  0.2278  1
141:   0.2400  0.2250  0.1610  0.1460  0.2280  1
142:   0.1872  0.1542  0.4184  0.0571  0.1832  1
143:   0.2328  0.2168  0.2837  0.0180  0.2488  1
144:   0.2440  0.2110  0.2540  0.0290  0.2620  1
145:   0.2060  0.1980  0.1430  0.2640  0.1890  1
146:   0.2298  0.2438  0.1948  0.0999  0.2318  1
147:   0.2593  0.2452  0.2052  0.0721  0.2182  1
148:   0.2510  0.2260  0.2120  0.0350  0.2760  1
149:   0.2290  0.2550  0.1780  0.0850  0.2530  1
150:   0.2730  0.3180  0.1170  0.0440  0.2480  1
151:   0.2082  0.2603  0.1251  0.2232  0.1832  1
152:   0.2580  0.3130  0.1230  0.0570  0.2490  1
153:   0.1291  0.1111  0.1822  0.4565  0.1211  1
154:   0.2100  0.1970  0.3170  0.0560  0.2200  1
155:   0.2530  0.2180  0.1700  0.1150  0.2440  1
156:   0.2693  0.2573  0.1582  0.0290  0.2863  1
157:   0.2440  0.2510  0.2100  0.0200  0.2750  1
158:   0.2460  0.2550  0.1920  0.0880  0.2190  1
159:   0.2530  0.2640  0.2180  0.0520  0.2130  1
160:   0.2650  0.2570  0.1830  0.0270  0.2680  1
161:   0.2730  0.3340  0.1110  0.0240  0.2580  1
162:   0.2573  0.2593  0.1512  0.0771  0.2553  1
163:   0.2727  0.2378  0.1848  0.0260  0.2787  1
164:   0.2320  0.2140  0.2480  0.0550  0.2510  1
165:   0.2470  0.2210  0.2180  0.0320  0.2820  1
166:   0.2860  0.2330  0.1480  0.0270  0.3060  1
167:   0.2780  0.2530  0.1970  0.0280  0.2440  1
168:   0.2450  0.2400  0.2050  0.0320  0.2780  1
169:   0.2943  0.3353  0.0851  0.0260  0.2593  1
170:   0.2637  0.3177  0.1179  0.0460  0.2547  1
171:   0.2683  0.2633  0.1782  0.0270  0.2633  1
172:   0.2310  0.2450  0.2250  0.0370  0.2620  1
173:   0.2540  0.2290  0.2080  0.0350  0.2740  1
174:   0.2580  0.2500  0.1800  0.0350  0.2770  1
175:   0.2557  0.2707  0.1918  0.0250  0.2567  1
176:   0.2440  0.2520  0.2140  0.0320  0.2580  1
177:   0.2332  0.2803  0.1722  0.0601  0.2543  1
178:   0.2238  0.2438  0.3077  0.0420  0.1828  1
179:   0.2350  0.2260  0.2080  0.0630  0.2680  1
180:   0.2340  0.2760  0.1550  0.0340  0.3010  1
181:   0.2152  0.2232  0.2032  0.1051  0.2533  1
182:   0.2022  0.1842  0.1812  0.2382  0.1942  1
183:   0.2570  0.2740  0.1850  0.0380  0.2460  1
184:   0.2580  0.2800  0.1480  0.0620  0.2520  1
185:   0.2587  0.2907  0.1538  0.0380  0.2587  1
186:   0.2340  0.2180  0.2430  0.0950  0.2100  1
187:   0.2840  0.2410  0.1560  0.0210  0.2980  1
188:   0.2640  0.2720  0.1860  0.0490  0.2290  1
189:   0.2378  0.2517  0.1788  0.0929  0.2388  1
190:   0.2422  0.2312  0.1952  0.1011  0.2302  1
191:   0.2380  0.2480  0.1790  0.0350  0.3000  1
192:   0.2162  0.2753  0.1882  0.0691  0.2513  1
193:   0.2537  0.2408  0.1818  0.0809  0.2428  1
194:   0.1250  0.1330  0.1420  0.4480  0.1520  1
195:   0.1880  0.1670  0.4020  0.0430  0.2000  1
196:   0.2232  0.2833  0.1672  0.0831  0.2432  1
197:   0.2222  0.2252  0.1441  0.1992  0.2092  1
198:   0.2550  0.2390  0.1780  0.0770  0.2510  1
199:   0.2150  0.2690  0.1460  0.1350  0.2350  1
200:   0.2262  0.2412  0.1702  0.1582  0.2042  1
201:   0.2030  0.2210  0.2860  0.0340  0.2560  1
202:   0.2290  0.2310  0.2180  0.0890  0.2330  1
203:   0.2600  0.2420  0.1860  0.0460  0.2660  1
204:   0.1740  0.1480  0.4140  0.0940  0.1700  1
205:   0.2120  0.2240  0.2080  0.1160  0.2400  1
206:   0.2577  0.2458  0.1888  0.0400  0.2677  1
207:   0.2470  0.3010  0.1580  0.0690  0.2250  1
208:   0.2680  0.2360  0.1910  0.0240  0.2810  1
209:   0.2160  0.2600  0.1160  0.2170  0.1910  1
210:   0.2068  0.2038  0.2887  0.0989  0.2018  1
211:   0.2400  0.2120  0.2370  0.0400  0.2710  1
212:   0.2392  0.2623  0.1812  0.0410  0.2763  1
213:   0.1249  0.1209  0.1608  0.4735  0.1199  1
214:   0.2953  0.3393  0.0821  0.0370  0.2462  1
215:   0.2260  0.2240  0.1860  0.1320  0.2320  1
216:   0.2370  0.2220  0.2220  0.0800  0.2390  1
217:   0.1850  0.1520  0.3320  0.1750  0.1560  1
218:   0.1940  0.2000  0.1800  0.2220  0.2040  1
219:   0.1570  0.1720  0.1480  0.3590  0.1640  1
220:   0.2700  0.2990  0.1340  0.0340  0.2630  1
221:   0.2398  0.2178  0.2028  0.1079  0.2318  1
222:   0.2800  0.2870  0.1360  0.0370  0.2600  1
223:   0.2288  0.1848  0.2218  0.1259  0.2388  1
224:   0.2637  0.2637  0.1568  0.0470  0.2687  1
225:   0.1710  0.1620  0.1430  0.3560  0.1680  1
226:   0.1920  0.1490  0.4580  0.0320  0.1690  1

  1:   0.3734  0.0551  0.4294  0.0150  0.1271  1
  2:   0.0921  0.0480  0.0951  0.7097  0.0551  1
  3:   0.1480  0.1590  0.1460  0.3960  0.1510  1
  4:   0.0390  0.0390  0.0380  0.8438  0.0400  1
  5:   0.0949  0.0480  0.1029  0.6973  0.0569  1
  6:   0.0430  0.0380  0.0420  0.8348  0.0420  1
  7:   0.0570  0.0460  0.0610  0.7890  0.0470  1
  8:   0.0620  0.0580  0.0710  0.7500  0.0590  1
  9:   0.0350  0.0330  0.0320  0.8680  0.0320  1
 10:   0.2250  0.2050  0.2000  0.1680  0.2020  1
 11:   0.0310  0.0300  0.0310  0.8770  0.0310  1
 12:   0.1029  0.0779  0.1079  0.6204  0.0909  1
 13:   0.0310  0.0280  0.0320  0.8820  0.0270  1
 14:   0.1920  0.2160  0.1760  0.2180  0.1980  1
 15:   0.0660  0.0690  0.0550  0.7450  0.0650  1
 16:   0.1984  0.1974  0.1854  0.2184  0.2004  1
 17:   0.0870  0.0830  0.0770  0.6720  0.0810  1
 18:   0.1350  0.1760  0.1180  0.4260  0.1450  1
 19:   0.0959  0.1109  0.1059  0.5904  0.0969  1
 20:   0.0701  0.0631  0.0801  0.7167  0.0701  1
 21:   0.0930  0.0620  0.1020  0.6710  0.0720  1
 22:   0.1990  0.2000  0.1990  0.2000  0.2020  1
 23:   0.1381  0.0521  0.1211  0.6256  0.0631  1
 24:   0.0789  0.0490  0.0849  0.7333  0.0539  1
 25:   0.2170  0.1150  0.2390  0.2840  0.1450  1
 26:   0.1010  0.1060  0.0990  0.5920  0.1020  1
 27:   0.1040  0.0880  0.1180  0.6010  0.0890  1
 28:   0.2250  0.1990  0.2100  0.1550  0.2110  1
 29:   0.0831  0.0601  0.0751  0.7187  0.0631  1
 30:   0.0830  0.0450  0.0810  0.7410  0.0500  1
 31:   0.0280  0.0260  0.0280  0.8921  0.0260  1
 32:   0.1169  0.0769  0.1179  0.6034  0.0849  1
 33:   0.1070  0.0830  0.1040  0.6170  0.0890  1
 34:   0.0940  0.0720  0.0890  0.6700  0.0750  1
 35:   0.1439  0.1379  0.1508  0.4206  0.1469  1
 36:   0.1850  0.1700  0.1890  0.2840  0.1720  1
 37:   0.1918  0.1978  0.2058  0.2018  0.2028  1
 38:   0.2230  0.2360  0.2170  0.0820  0.2420  1
 39:   0.0440  0.0370  0.0400  0.8402  0.0390  1
 40:   0.0571  0.0450  0.0591  0.7918  0.0470  1
 41:   0.1560  0.1570  0.1470  0.3860  0.1540  1
 42:   0.0669  0.0549  0.0679  0.7502  0.0599  1
 43:   0.2750  0.1100  0.2940  0.1810  0.1400  1
 44:   0.0820  0.0790  0.0820  0.6820  0.0750  1
 45:   0.1339  0.0589  0.1389  0.5944  0.0739  1
 46:   0.1728  0.1648  0.1748  0.3247  0.1628  1
 47:   0.1782  0.1852  0.2002  0.2462  0.1902  1
 48:   0.1610  0.0670  0.1690  0.5180  0.0850  1
 49:   0.2172  0.2563  0.2182  0.0881  0.2202  1
 50:   0.1912  0.2332  0.2312  0.1131  0.2312  1
 51:   0.2152  0.2883  0.2002  0.0410  0.2553  1
 52:   0.2460  0.2020  0.2820  0.0380  0.2320  1
 53:   0.2070  0.2820  0.1950  0.0680  0.2480  1
 54:   0.2500  0.2740  0.1740  0.0410  0.2610  1
 55:   0.2040  0.2210  0.2040  0.1570  0.2140  1
 56:   0.2458  0.2468  0.2168  0.0160  0.2747  1
 57:   0.2208  0.2737  0.2088  0.0420  0.2547  1
 58:   0.2340  0.1920  0.2610  0.1090  0.2040  1
 59:   0.2260  0.2670  0.1560  0.0900  0.2610  1
 60:   0.2498  0.2617  0.1938  0.0390  0.2557  1
 61:   0.2458  0.2148  0.2577  0.0480  0.2338  1
 62:   0.2238  0.1938  0.2318  0.1309  0.2198  1
 63:   0.2530  0.1450  0.2620  0.1620  0.1780  1
 64:   0.2340  0.2500  0.2310  0.0430  0.2420  1
 65:   0.2350  0.2100  0.2660  0.0430  0.2460  1
 66:   0.2060  0.2390  0.2030  0.1350  0.2170  1
 67:   0.2478  0.2278  0.2408  0.0480  0.2358  1
 68:   0.2432  0.2543  0.2152  0.0210  0.2663  1
 69:   0.1890  0.3100  0.2090  0.0280  0.2640  1
 70:   0.2250  0.2700  0.2320  0.0200  0.2530  1
 71:   0.2000  0.2410  0.1720  0.1640  0.2230  1
 72:   0.2160  0.2950  0.1910  0.0240  0.2740  1
 73:   0.1930  0.2540  0.2670  0.0260  0.2600  1
 74:   0.2567  0.2438  0.1878  0.0470  0.2647  1
 75:   0.2350  0.2360  0.2360  0.0490  0.2440  1
 76:   0.2112  0.2853  0.2232  0.0220  0.2583  1
 77:   0.2458  0.2268  0.2418  0.0390  0.2468  1
 78:   0.2570  0.2310  0.2360  0.0280  0.2480  1
 79:   0.1930  0.2770  0.2420  0.0330  0.2550  1
 80:   0.2382  0.2232  0.2513  0.0490  0.2382  1
 81:   0.2090  0.2620  0.2500  0.0430  0.2360  1
 82:   0.2232  0.2322  0.2222  0.1131  0.2092  1
 83:   0.2448  0.2338  0.2557  0.0310  0.2348  1
 84:   0.2240  0.2300  0.2690  0.0380  0.2390  1
 85:   0.1532  0.1522  0.1522  0.3974  0.1451  1
 86:   0.1469  0.1638  0.1538  0.3796  0.1558  1
 87:   0.1980  0.2510  0.1490  0.1710  0.2310  1
 88:   0.2360  0.2770  0.1740  0.0420  0.2710  1
 89:   0.2478  0.2468  0.1958  0.0450  0.2647  1
 90:   0.1952  0.2833  0.2212  0.0440  0.2563  1
 91:   0.2560  0.2270  0.2110  0.0880  0.2180  1
 92:   0.1898  0.2098  0.2338  0.1588  0.2078  1
 93:   0.2418  0.2517  0.2238  0.0380  0.2448  1
 94:   0.1500  0.1900  0.1830  0.3070  0.1700  1
 95:   0.1940  0.2920  0.2380  0.0380  0.2380  1
 96:   0.2290  0.3000  0.1510  0.0440  0.2760  1
 97:   0.2208  0.2268  0.1668  0.1788  0.2068  1
 98:   0.1978  0.2408  0.1738  0.1658  0.2218  1
 99:   0.2372  0.2082  0.2322  0.0951  0.2272  1
100:   0.1319  0.1369  0.1429  0.4505  0.1379  1
101:   0.2270  0.2100  0.2260  0.1090  0.2280  1
102:   0.2230  0.2800  0.2020  0.0340  0.2610  1
103:   0.2392  0.2372  0.2082  0.0691  0.2462  1
104:   0.2190  0.2460  0.2690  0.0340  0.2320  1
105:   0.1830  0.1990  0.2400  0.1740  0.2040  1
106:   0.2158  0.1618  0.2448  0.1878  0.1898  1
107:   0.1160  0.1240  0.1050  0.5420  0.1130  1
108:   0.2250  0.2980  0.1790  0.0300  0.2680  1
109:   0.2130  0.1900  0.2050  0.1980  0.1940  1
110:   0.2690  0.2310  0.2290  0.0270  0.2440  1
111:   0.2378  0.2308  0.2308  0.0599  0.2408  1
112:   0.2170  0.2620  0.2380  0.0510  0.2320  1
113:   0.2158  0.2967  0.1678  0.0539  0.2657  1
114:   0.1880  0.1510  0.1980  0.2970  0.1660  1
115:   0.2480  0.1980  0.2610  0.0490  0.2440  1
116:   0.2142  0.2783  0.2132  0.0370  0.2573  1
117:   0.2348  0.2378  0.2278  0.0689  0.2308  1
118:   0.2320  0.2280  0.2260  0.1020  0.2120  1
119:   0.2510  0.1990  0.2550  0.0740  0.2210  1
120:   0.2320  0.3080  0.1590  0.0180  0.2830  1
121:   0.2200  0.2040  0.2790  0.0700  0.2270  1
122:   0.2530  0.1880  0.3100  0.0310  0.2180  1
123:   0.1888  0.2428  0.2517  0.0719  0.2448  1
124:   0.2360  0.1700  0.2500  0.1510  0.1930  1
125:   0.2402  0.2683  0.1762  0.0541  0.2613  1
126:   0.1900  0.2150  0.2040  0.1770  0.2140  1
127:   0.2140  0.2590  0.1600  0.1260  0.2410  1
128:   0.2368  0.2587  0.1968  0.0330  0.2747  1
129:   0.2230  0.2710  0.2420  0.0330  0.2310  1
130:   0.2370  0.2900  0.1810  0.0330  0.2590  1
131:   0.2590  0.1880  0.2900  0.0390  0.2240  1
132:   0.2720  0.1820  0.2630  0.0850  0.1980  1
133:   0.1990  0.2030  0.2430  0.1450  0.2100  1
134:   0.2138  0.2458  0.2527  0.0619  0.2258  1
135:   0.2162  0.3003  0.1872  0.0501  0.2462  1
136:   0.2178  0.2388  0.2428  0.0599  0.2408  1
137:   0.2252  0.2302  0.2302  0.0741  0.2402  1
138:   0.1980  0.2430  0.2340  0.0870  0.2380  1
139:   0.2200  0.2440  0.2400  0.0640  0.2320  1
140:   0.2100  0.1990  0.2400  0.1420  0.2090  1
141:   0.1932  0.2412  0.1992  0.1481  0.2182  1
142:   0.2737  0.1838  0.2877  0.0559  0.1988  1
143:   0.2570  0.2040  0.2820  0.0200  0.2370  1
144:   0.2438  0.2048  0.2807  0.0310  0.2398  1
145:   0.1510  0.2170  0.1740  0.2630  0.1950  1
146:   0.2092  0.2272  0.2232  0.1041  0.2362  1
147:   0.2050  0.2720  0.2090  0.0750  0.2390  1
148:   0.2250  0.2410  0.2540  0.0360  0.2440  1
149:   0.2428  0.2308  0.1878  0.0929  0.2458  1
150:   0.2230  0.2770  0.1810  0.0470  0.2720  1
151:   0.1900  0.2250  0.1390  0.2390  0.2070  1
152:   0.2390  0.2800  0.1600  0.0600  0.2610  1
153:   0.1500  0.1210  0.1650  0.4360  0.1280  1
154:   0.2713  0.1982  0.2613  0.0561  0.2132  1
155:   0.1928  0.2438  0.2268  0.1169  0.2198  1
156:   0.2060  0.2890  0.2260  0.0330  0.2460  1
157:   0.2440  0.2350  0.2340  0.0220  0.2650  1
158:   0.2118  0.2517  0.2078  0.0919  0.2368  1
159:   0.2200  0.2550  0.2160  0.0540  0.2550  1
160:   0.2360  0.2520  0.2420  0.0300  0.2400  1
161:   0.2342  0.2843  0.1832  0.0260  0.2723  1
162:   0.2052  0.2663  0.2112  0.0841  0.2332  1
163:   0.2298  0.2388  0.2627  0.0300  0.2388  1
164:   0.2630  0.1930  0.2530  0.0570  0.2340  1
165:   0.2410  0.2330  0.2500  0.0330  0.2430  1
166:   0.1888  0.2797  0.2527  0.0300  0.2488  1
167:   0.2210  0.2830  0.2200  0.0310  0.2450  1
168:   0.2507  0.2268  0.2398  0.0340  0.2488  1
169:   0.2128  0.3127  0.1748  0.0270  0.2727  1
170:   0.2348  0.2787  0.1818  0.0490  0.2557  1
171:   0.2420  0.2570  0.2250  0.0290  0.2470  1
172:   0.2630  0.2100  0.2350  0.0410  0.2510  1
173:   0.2470  0.2190  0.2520  0.0380  0.2440  1
174:   0.1950  0.2700  0.2360  0.0390  0.2600  1
175:   0.2460  0.2450  0.2310  0.0280  0.2500  1
176:   0.2458  0.2388  0.2268  0.0350  0.2537  1
177:   0.2420  0.2580  0.1950  0.0640  0.2410  1
178:   0.2470  0.2210  0.2460  0.0470  0.2390  1
179:   0.2262  0.2372  0.2442  0.0651  0.2272  1
180:   0.2092  0.2843  0.2012  0.0360  0.2693  1
181:   0.2318  0.2278  0.2028  0.1089  0.2288  1
182:   0.1788  0.1908  0.1948  0.2458  0.1898  1
183:   0.2290  0.2550  0.2120  0.0400  0.2640  1
184:   0.2190  0.2770  0.1860  0.0680  0.2500  1
185:   0.2310  0.2540  0.2080  0.0400  0.2670  1
186:   0.2170  0.2390  0.2230  0.1030  0.2180  1
187:   0.2180  0.2480  0.2580  0.0220  0.2540  1
188:   0.2220  0.2540  0.2140  0.0560  0.2540  1
189:   0.2330  0.2330  0.2010  0.0930  0.2400  1
190:   0.2150  0.2330  0.2060  0.1070  0.2390  1
191:   0.2228  0.2677  0.2308  0.0370  0.2418  1
192:   0.2422  0.2492  0.1972  0.0741  0.2372  1
193:   0.1962  0.2703  0.2182  0.0851  0.2302  1
194:   0.1510  0.1380  0.1290  0.4490  0.1330  1
195:   0.2680  0.1780  0.3010  0.0440  0.2090  1
196:   0.2260  0.2600  0.1860  0.0890  0.2390  1
197:   0.1800  0.2290  0.1850  0.2010  0.2050  1
198:   0.2200  0.2430  0.2160  0.0810  0.2400  1
199:   0.2252  0.2372  0.1692  0.1381  0.2302  1
200:   0.2140  0.2200  0.1780  0.1660  0.2220  1
201:   0.2710  0.2070  0.2390  0.0360  0.2470  1
202:   0.2140  0.2420  0.2230  0.0970  0.2240  1
203:   0.2020  0.2780  0.2250  0.0500  0.2450  1
204:   0.2600  0.1550  0.2910  0.1010  0.1930  1
205:   0.2192  0.2262  0.2242  0.1141  0.2162  1
206:   0.2040  0.2670  0.2450  0.0420  0.2420  1
207:   0.2380  0.2530  0.1840  0.0770  0.2480  1
208:   0.2160  0.2400  0.2610  0.0270  0.2560  1
209:   0.2020  0.2240  0.1360  0.2290  0.2090  1
210:   0.2390  0.2010  0.2360  0.1080  0.2160  1
211:   0.2140  0.2370  0.2760  0.0410  0.2320  1
212:   0.2250  0.2660  0.2260  0.0420  0.2410  1
213:   0.1380  0.1250  0.1460  0.4600  0.1310  1
214:   0.2270  0.3030  0.1610  0.0390  0.2700  1
215:   0.2248  0.2178  0.2098  0.1339  0.2138  1
216:   0.2320  0.2230  0.2340  0.0810  0.2300  1
217:   0.2150  0.1680  0.2590  0.1760  0.1820  1
218:   0.1992  0.2002  0.1952  0.2092  0.1962  1
219:   0.1640  0.1730  0.1550  0.3490  0.1590  1
220:   0.2290  0.2800  0.1940  0.0350  0.2620  1
221:   0.2010  0.2420  0.2260  0.1130  0.2180  1
222:   0.2190  0.2920  0.2030  0.0410  0.2450  1
223:   0.2080  0.2020  0.2420  0.1290  0.2190  1
224:   0.2032  0.2703  0.2202  0.0490  0.2573  1
225:   0.1441  0.1732  0.1632  0.3584  0.1612  1
226:   0.2923  0.1602  0.3233  0.0330  0.1912  1

  1:   0.2790  0.0400  0.4360  0.0130  0.2320  1
  2:   0.0601  0.0470  0.0881  0.7397  0.0651  1
  3:   0.1480  0.1550  0.1500  0.4010  0.1460  1
  4:   0.0360  0.0360  0.0370  0.8539  0.0370  1
  5:   0.0650  0.0420  0.1060  0.7250  0.0620  1
  6:   0.0350  0.0380  0.0430  0.8440  0.0400  1
  7:   0.0490  0.0430  0.0570  0.8020  0.0490  1
  8:   0.0591  0.0561  0.0651  0.7628  0.0571  1
  9:   0.0290  0.0310  0.0290  0.8819  0.0290  1
 10:   0.2000  0.2210  0.1910  0.1680  0.2200  1
 11:   0.0270  0.0270  0.0290  0.8890  0.0280  1
 12:   0.0890  0.0810  0.1030  0.6350  0.0920  1
 13:   0.0270  0.0260  0.0270  0.8929  0.0270  1
 14:   0.1950  0.2150  0.1790  0.2150  0.1960  1
 15:   0.0610  0.0630  0.0590  0.7590  0.0580  1
 16:   0.1990  0.1860  0.2120  0.2190  0.1840  1
 17:   0.0830  0.0700  0.0790  0.6940  0.0740  1
 18:   0.1491  0.1421  0.1361  0.4364  0.1361  1
 19:   0.1021  0.0961  0.1021  0.5946  0.1051  1
 20:   0.0690  0.0650  0.0740  0.7240  0.0680  1
 21:   0.0751  0.0581  0.0991  0.6907  0.0771  1
 22:   0.2000  0.2000  0.2020  0.2000  0.1980  1
 23:   0.0720  0.0460  0.1130  0.6940  0.0750  1
 24:   0.0610  0.0440  0.0820  0.7530  0.0600  1
 25:   0.1680  0.1160  0.2280  0.3210  0.1670  1
 26:   0.1030  0.1030  0.0990  0.5950  0.1000  1
 27:   0.0949  0.0919  0.1129  0.6004  0.0999  1
 28:   0.2002  0.2032  0.2142  0.1632  0.2192  1
 29:   0.0659  0.0559  0.0749  0.7403  0.0629  1
 30:   0.0600  0.0390  0.0800  0.7640  0.0570  1
 31:   0.0250  0.0230  0.0260  0.9000  0.0260  1
 32:   0.0841  0.0751  0.1041  0.6446  0.0921  1
 33:   0.0891  0.0791  0.0991  0.6446  0.0881  1
 34:   0.0719  0.0619  0.0869  0.7013  0.0779  1
 35:   0.1380  0.1330  0.1520  0.4310  0.1460  1
 36:   0.1810  0.1650  0.2010  0.2880  0.1650  1
 37:   0.1968  0.1998  0.1998  0.2008  0.2028  1
 38:   0.2322  0.2352  0.2202  0.0801  0.2322  1
 39:   0.0350  0.0340  0.0400  0.8580  0.0330  1
 40:   0.0500  0.0430  0.0570  0.7990  0.0510  1
 41:   0.1580  0.1480  0.1600  0.3780  0.1560  1
 42:   0.0590  0.0550  0.0680  0.7560  0.0620  1
 43:   0.2100  0.1040  0.3020  0.2010  0.1830  1
 44:   0.0750  0.0790  0.0700  0.6980  0.0780  1
 45:   0.0910  0.0560  0.1380  0.6290  0.0860  1
 46:   0.1620  0.1780  0.1630  0.3310  0.1660  1
 47:   0.1730  0.2040  0.1800  0.2470  0.1960  1
 48:   0.1270  0.0700  0.1770  0.5270  0.0990  1
 49:   0.2262  0.2633  0.1962  0.0841  0.2302  1
 50:   0.2092  0.2332  0.2022  0.1141  0.2412  1
 51:   0.2420  0.2960  0.1820  0.0410  0.2390  1
 52:   0.2428  0.2298  0.2507  0.0340  0.2428  1
 53:   0.2398  0.2527  0.2118  0.0689  0.2268  1
 54:   0.2570  0.2670  0.2160  0.0370  0.2230  1
 55:   0.1948  0.2238  0.2088  0.1508  0.2218  1
 56:   0.2690  0.2430  0.2670  0.0140  0.2070  1
 57:   0.2350  0.2960  0.1890  0.0380  0.2420  1
 58:   0.2140  0.2000  0.2500  0.1190  0.2170  1
 59:   0.2362  0.2442  0.2082  0.0871  0.2242  1
 60:   0.2400  0.2590  0.2210  0.0350  0.2450  1
 61:   0.2180  0.2360  0.2490  0.0470  0.2500  1
 62:   0.2082  0.2122  0.2242  0.1411  0.2142  1
 63:   0.2008  0.1708  0.2687  0.1588  0.2008  1
 64:   0.2310  0.2470  0.2340  0.0400  0.2480  1
 65:   0.2380  0.2270  0.2490  0.0420  0.2440  1
 66:   0.2152  0.2262  0.2052  0.1361  0.2172  1
 67:   0.2180  0.2620  0.2240  0.0500  0.2460  1
 68:   0.2320  0.2830  0.2100  0.0200  0.2550  1
 69:   0.2627  0.2797  0.1788  0.0240  0.2547  1
 70:   0.2182  0.3033  0.2012  0.0180  0.2593  1
 71:   0.2010  0.2390  0.1950  0.1490  0.2160  1
 72:   0.2490  0.2920  0.1870  0.0220  0.2500  1
 73:   0.2130  0.2540  0.2170  0.0260  0.2900  1
 74:   0.2492  0.2673  0.2172  0.0430  0.2232  1
 75:   0.2398  0.2488  0.2208  0.0460  0.2448  1
 76:   0.2500  0.2830  0.2010  0.0190  0.2470  1
 77:   0.2320  0.2400  0.2370  0.0370  0.2540  1
 78:   0.2580  0.2190  0.2850  0.0270  0.2110  1
 79:   0.2320  0.2700  0.2050  0.0290  0.2640  1
 80:   0.2488  0.2268  0.2587  0.0470  0.2188  1
 81:   0.2260  0.2590  0.2190  0.0390  0.2570  1
 82:   0.2142  0.2282  0.2302  0.1021  0.2252  1
 83:   0.2470  0.2460  0.2470  0.0270  0.2330  1
 84:   0.2228  0.2378  0.2468  0.0370  0.2557  1
 85:   0.1410  0.1450  0.1570  0.4030  0.1540  1
 86:   0.1580  0.1510  0.1470  0.3960  0.1480  1
 87:   0.2130  0.2050  0.2080  0.1880  0.1860  1
 88:   0.2380  0.2620  0.2430  0.0390  0.2180  1
 89:   0.2540  0.2680  0.2120  0.0430  0.2230  1
 90:   0.2368  0.2597  0.1958  0.0420  0.2657  1
 91:   0.2368  0.2258  0.2298  0.0819  0.2258  1
 92:   0.2118  0.2098  0.2258  0.1508  0.2018  1
 93:   0.2310  0.2720  0.2120  0.0350  0.2500  1
 94:   0.1740  0.1810  0.1630  0.2960  0.1860  1
 95:   0.2462  0.2523  0.2092  0.0330  0.2593  1
 96:   0.2680  0.2700  0.2160  0.0430  0.2030  1
 97:   0.2252  0.2372  0.1732  0.1702  0.1942  1
 98:   0.2212  0.2202  0.1852  0.1722  0.2012  1
 99:   0.2272  0.2212  0.2312  0.0951  0.2252  1
100:   0.1411  0.1421  0.1391  0.4284  0.1491  1
101:   0.2058  0.2378  0.2248  0.1049  0.2268  1
102:   0.2408  0.2557  0.2408  0.0310  0.2318  1
103:   0.2342  0.2633  0.2082  0.0681  0.2262  1
104:   0.2268  0.2428  0.2517  0.0320  0.2468  1
105:   0.1920  0.1970  0.2290  0.1660  0.2160  1
106:   0.1968  0.1818  0.2388  0.1818  0.2008  1
107:   0.1100  0.1170  0.1110  0.5510  0.1110  1
108:   0.2540  0.2520  0.2310  0.0310  0.2320  1
109:   0.2050  0.1910  0.2090  0.2050  0.1900  1
110:   0.2537  0.2408  0.2428  0.0260  0.2368  1
111:   0.2160  0.2660  0.2070  0.0580  0.2530  1
112:   0.2462  0.2402  0.2072  0.0501  0.2563  1
113:   0.2503  0.2573  0.2222  0.0531  0.2172  1
114:   0.1678  0.1528  0.1888  0.3197  0.1708  1
115:   0.2028  0.2408  0.2458  0.0480  0.2627  1
116:   0.2480  0.2630  0.2140  0.0350  0.2400  1
117:   0.2310  0.2580  0.2100  0.0600  0.2410  1
118:   0.2282  0.2072  0.2362  0.0911  0.2372  1
119:   0.2260  0.2370  0.2350  0.0630  0.2390  1
120:   0.2703  0.2803  0.2132  0.0170  0.2192  1
121:   0.2448  0.2028  0.2507  0.0649  0.2368  1
122:   0.2300  0.1920  0.2820  0.0280  0.2680  1
123:   0.2108  0.2468  0.2088  0.0699  0.2637  1
124:   0.2110  0.1780  0.2480  0.1620  0.2010  1
125:   0.2530  0.2500  0.2180  0.0540  0.2250  1
126:   0.2078  0.2268  0.1838  0.1738  0.2078  1
127:   0.2290  0.2310  0.2040  0.1320  0.2040  1
128:   0.2603  0.2462  0.2482  0.0310  0.2142  1
129:   0.2448  0.2358  0.2368  0.0300  0.2527  1
130:   0.2440  0.2710  0.2200  0.0310  0.2340  1
131:   0.2390  0.1880  0.2820  0.0360  0.2550  1
132:   0.2370  0.1910  0.2590  0.0890  0.2240  1
133:   0.1912  0.2212  0.2092  0.1471  0.2312  1
134:   0.2318  0.2098  0.2527  0.0579  0.2478  1
135:   0.2390  0.2650  0.2070  0.0470  0.2420  1
136:   0.2040  0.2680  0.2100  0.0560  0.2620  1
137:   0.2428  0.2358  0.2268  0.0689  0.2258  1
138:   0.2400  0.2390  0.2030  0.0850  0.2330  1
139:   0.2130  0.2510  0.2200  0.0630  0.2530  1
140:   0.1920  0.2170  0.2070  0.1490  0.2350  1
141:   0.2080  0.2420  0.1860  0.1490  0.2150  1
142:   0.2370  0.1890  0.2800  0.0580  0.2360  1
143:   0.2460  0.2380  0.2590  0.0170  0.2400  1
144:   0.2100  0.2420  0.2540  0.0300  0.2640  1
145:   0.1870  0.1920  0.1710  0.2550  0.1950  1
146:   0.2082  0.2162  0.2492  0.1011  0.2252  1
147:   0.2430  0.2520  0.2020  0.0690  0.2340  1
148:   0.2320  0.2490  0.2360  0.0330  0.2500  1
149:   0.2200  0.2450  0.2180  0.0800  0.2370  1
150:   0.2533  0.2663  0.2122  0.0450  0.2232  1
151:   0.1880  0.1900  0.2010  0.2470  0.1740  1
152:   0.2520  0.2700  0.2180  0.0570  0.2030  1
153:   0.1310  0.1320  0.1560  0.4470  0.1340  1
154:   0.2270  0.2200  0.2560  0.0570  0.2400  1
155:   0.2242  0.2262  0.2012  0.1101  0.2382  1
156:   0.2580  0.2630  0.2000  0.0300  0.2490  1
157:   0.2490  0.2590  0.2270  0.0200  0.2450  1
158:   0.2358  0.2298  0.2358  0.0849  0.2138  1
159:   0.2320  0.2340  0.2610  0.0500  0.2230  1
160:   0.2258  0.2687  0.2248  0.0270  0.2537  1
161:   0.2657  0.2767  0.2098  0.0230  0.2248  1
162:   0.2460  0.2620  0.1890  0.0770  0.2260  1
163:   0.2062  0.2683  0.2302  0.0260  0.2693  1
164:   0.2210  0.2330  0.2430  0.0560  0.2470  1
165:   0.2242  0.2603  0.2302  0.0300  0.2553  1
166:   0.2310  0.2650  0.2080  0.0290  0.2670  1
167:   0.2540  0.2510  0.2200  0.0280  0.2470  1
168:   0.2270  0.2740  0.2170  0.0310  0.2510  1
169:   0.2747  0.2797  0.1988  0.0250  0.2218  1
170:   0.2740  0.2700  0.1920  0.0460  0.2180  1
171:   0.2350  0.2600  0.2210  0.0270  0.2570  1
172:   0.2360  0.2450  0.2440  0.0380  0.2370  1
173:   0.2110  0.2610  0.2300  0.0340  0.2640  1
174:   0.2290  0.2480  0.2320  0.0350  0.2560  1
175:   0.2390  0.2490  0.2440  0.0260  0.2420  1
176:   0.2458  0.2448  0.2238  0.0330  0.2527  1
177:   0.2520  0.2690  0.1960  0.0620  0.2210  1
178:   0.2567  0.2128  0.2767  0.0450  0.2088  1
179:   0.2252  0.2623  0.2072  0.0651  0.2402  1
180:   0.2400  0.2890  0.1950  0.0320  0.2440  1
181:   0.2200  0.2520  0.2060  0.1040  0.2180  1
182:   0.1842  0.1942  0.1862  0.2432  0.1922  1
183:   0.2503  0.2482  0.2322  0.0370  0.2322  1
184:   0.2590  0.2730  0.1960  0.0640  0.2080  1
185:   0.2380  0.2500  0.2470  0.0380  0.2270  1
186:   0.2340  0.2210  0.2220  0.1020  0.2210  1
187:   0.2000  0.2720  0.2150  0.0210  0.2920  1
188:   0.2492  0.2462  0.2202  0.0521  0.2322  1
189:   0.2308  0.2398  0.2128  0.0949  0.2218  1
190:   0.2330  0.2440  0.2010  0.0980  0.2240  1
191:   0.2302  0.2903  0.1972  0.0350  0.2472  1
192:   0.2300  0.2700  0.2060  0.0690  0.2250  1
193:   0.2420  0.2400  0.2030  0.0820  0.2330  1
194:   0.1381  0.1532  0.1321  0.4364  0.1401  1
195:   0.2472  0.1952  0.2823  0.0400  0.2352  1
196:   0.2260  0.2600  0.2110  0.0800  0.2230  1
197:   0.2168  0.2118  0.1808  0.1868  0.2038  1
198:   0.2152  0.2492  0.2162  0.0751  0.2442  1
199:   0.2320  0.2360  0.1960  0.1390  0.1970  1
200:   0.2170  0.2160  0.2010  0.1590  0.2070  1
201:   0.2498  0.2507  0.2328  0.0330  0.2338  1
202:   0.2350  0.2290  0.2120  0.0940  0.2300  1
203:   0.2420  0.2440  0.2280  0.0470  0.2390  1
204:   0.2250  0.1630  0.2930  0.0920  0.2270  1
205:   0.2190  0.2240  0.2200  0.1160  0.2210  1
206:   0.2432  0.2482  0.2162  0.0410  0.2513  1
207:   0.2410  0.2370  0.2240  0.0760  0.2220  1
208:   0.2228  0.2488  0.2408  0.0240  0.2637  1
209:   0.2028  0.2028  0.1848  0.2288  0.1808  1
210:   0.2402  0.2072  0.2292  0.1031  0.2202  1
211:   0.2240  0.2340  0.2460  0.0400  0.2560  1
212:   0.2450  0.2610  0.2050  0.0390  0.2500  1
213:   0.1249  0.1159  0.1508  0.4735  0.1349  1
214:   0.2647  0.2727  0.2128  0.0390  0.2108  1
215:   0.2202  0.2382  0.1942  0.1351  0.2122  1
216:   0.2240  0.2410  0.2250  0.0790  0.2310  1
217:   0.2090  0.1790  0.2270  0.1790  0.2060  1
218:   0.2000  0.2120  0.1800  0.2220  0.1860  1
219:   0.1680  0.1690  0.1530  0.3530  0.1570  1
220:   0.2570  0.2750  0.2110  0.0330  0.2240  1
221:   0.2160  0.2320  0.2090  0.1090  0.2340  1
222:   0.2570  0.2600  0.2130  0.0370  0.2330  1
223:   0.1960  0.2110  0.2230  0.1250  0.2450  1
224:   0.2372  0.2683  0.2102  0.0460  0.2382  1
225:   0.1618  0.1668  0.1528  0.3526  0.1658  1
226:   0.2258  0.1718  0.3307  0.0340  0.2378  1

  1:   0.2783  0.0551  0.5596  0.0120  0.0951  1
  2:   0.0660  0.0350  0.0930  0.7560  0.0500  1
  3:   0.1530  0.1510  0.1570  0.3970  0.1420  1
  4:   0.0300  0.0280  0.0330  0.8790  0.0300  1
  5:   0.0659  0.0400  0.0929  0.7602  0.0410  1
  6:   0.0360  0.0290  0.0370  0.8650  0.0330  1
  7:   0.0470  0.0350  0.0561  0.8238  0.0380  1
  8:   0.0570  0.0480  0.0610  0.7870  0.0470  1
  9:   0.0250  0.0260  0.0250  0.8999  0.0240  1
 10:   0.2212  0.1782  0.2242  0.1502  0.2262  1
 11:   0.0250  0.0240  0.0240  0.9042  0.0230  1
 12:   0.1020  0.0730  0.1180  0.6310  0.0760  1
 13:   0.0220  0.0220  0.0230  0.9120  0.0210  1
 14:   0.1940  0.2130  0.1880  0.2100  0.1950  1
 15:   0.0520  0.0610  0.0550  0.7830  0.0490  1
 16:   0.1740  0.2360  0.1950  0.2120  0.1830  1
 17:   0.0680  0.0770  0.0830  0.7080  0.0640  1
 18:   0.1260  0.1890  0.1190  0.4380  0.1280  1
 19:   0.0960  0.0920  0.0960  0.6180  0.0980  1
 20:   0.0740  0.0510  0.0790  0.7400  0.0560  1
 21:   0.0780  0.0510  0.1000  0.7160  0.0550  1
 22:   0.1998  0.1998  0.1988  0.2008  0.2008  1
 23:   0.0739  0.0450  0.1329  0.7003  0.0480  1
 24:   0.0590  0.0440  0.0820  0.7700  0.0450  1
 25:   0.1730  0.0980  0.2630  0.3440  0.1220  1
 26:   0.0980  0.0950  0.0960  0.6150  0.0960  1
 27:   0.0961  0.0731  0.1271  0.6116  0.0921  1
 28:   0.2212  0.1872  0.2192  0.1522  0.2202  1
 29:   0.0569  0.0500  0.0699  0.7722  0.0509  1
 30:   0.0490  0.0350  0.0731  0.8078  0.0350  1
 31:   0.0220  0.0200  0.0220  0.9160  0.0200  1
 32:   0.0969  0.0679  0.1209  0.6474  0.0669  1
 33:   0.0850  0.0690  0.1000  0.6750  0.0710  1
 34:   0.0701  0.0651  0.0891  0.7197  0.0561  1
 35:   0.1430  0.1400  0.1460  0.4370  0.1340  1
 36:   0.1750  0.1840  0.1890  0.2940  0.1580  1
 37:   0.2158  0.1828  0.1928  0.2018  0.2068  1
 38:   0.2180  0.2580  0.2090  0.0770  0.2380  1
 39:   0.0320  0.0270  0.0350  0.8760  0.0300  1
 40:   0.0470  0.0380  0.0490  0.8272  0.0390  1
 41:   0.1560  0.1580  0.1590  0.3900  0.1370  1
 42:   0.0561  0.0450  0.0621  0.7848  0.0521  1
 43:   0.2100  0.0970  0.3730  0.2050  0.1150  1
 44:   0.0819  0.0649  0.0769  0.7033  0.0729  1
 45:   0.0900  0.0530  0.1310  0.6690  0.0570  1
 46:   0.1840  0.1500  0.1850  0.3220  0.1590  1
 47:   0.2180  0.1490  0.1920  0.2440  0.1970  1
 48:   0.1159  0.0729  0.1918  0.5554  0.0639  1
 49:   0.2610  0.2110  0.2220  0.0730  0.2330  1
 50:   0.2680  0.1930  0.2060  0.1100  0.2230  1
 51:   0.2723  0.2382  0.2002  0.0320  0.2573  1
 52:   0.2422  0.2152  0.2573  0.0300  0.2553  1
 53:   0.2070  0.3220  0.1820  0.0570  0.2320  1
 54:   0.2020  0.2910  0.2040  0.0320  0.2710  1
 55:   0.2260  0.2140  0.2050  0.1340  0.2210  1
 56:   0.1770  0.3370  0.2180  0.0120  0.2560  1
 57:   0.2660  0.2260  0.2190  0.0330  0.2560  1
 58:   0.2557  0.1548  0.2707  0.1009  0.2178  1
 59:   0.1770  0.3230  0.1910  0.0750  0.2340  1
 60:   0.2288  0.2767  0.2348  0.0290  0.2308  1
 61:   0.2677  0.1868  0.2527  0.0410  0.2517  1
 62:   0.2260  0.1720  0.2430  0.1310  0.2280  1
 63:   0.2300  0.1250  0.3260  0.1490  0.1700  1
 64:   0.2478  0.2398  0.1998  0.0350  0.2777  1
 65:   0.2727  0.1998  0.2408  0.0360  0.2507  1
 66:   0.2232  0.2402  0.1922  0.1211  0.2232  1
 67:   0.2500  0.1800  0.2340  0.0370  0.2990  1
 68:   0.2280  0.2610  0.2260  0.0160  0.2690  1
 69:   0.2783  0.2633  0.1562  0.0200  0.2823  1
 70:   0.2670  0.2250  0.2030  0.0160  0.2890  1
 71:   0.1950  0.2680  0.1870  0.1390  0.2110  1
 72:   0.2382  0.2913  0.1742  0.0180  0.2783  1
 73:   0.2893  0.2142  0.1832  0.0210  0.2923  1
 74:   0.2088  0.2997  0.2228  0.0370  0.2318  1
 75:   0.2270  0.2620  0.2240  0.0390  0.2480  1
 76:   0.2730  0.2530  0.1990  0.0160  0.2590  1
 77:   0.2280  0.2650  0.2350  0.0310  0.2410  1
 78:   0.2070  0.2950  0.2680  0.0220  0.2080  1
 79:   0.2650  0.2410  0.1620  0.0260  0.3060  1
 80:   0.2138  0.2637  0.2537  0.0410  0.2278  1
 81:   0.2717  0.2368  0.2208  0.0330  0.2378  1
 82:   0.2180  0.2410  0.2320  0.1010  0.2080  1
 83:   0.2580  0.2420  0.2310  0.0230  0.2460  1
 84:   0.2587  0.2348  0.2348  0.0320  0.2398  1
 85:   0.1489  0.1459  0.1499  0.4136  0.1419  1
 86:   0.1460  0.1720  0.1530  0.3860  0.1430  1
 87:   0.1572  0.3153  0.1612  0.1582  0.2082  1
 88:   0.1920  0.3430  0.1770  0.0340  0.2540  1
 89:   0.2250  0.2530  0.2490  0.0360  0.2370  1
 90:   0.2670  0.2540  0.1640  0.0360  0.2790  1
 91:   0.2240  0.2480  0.2480  0.0700  0.2100  1
 92:   0.2390  0.2050  0.2240  0.1450  0.1870  1
 93:   0.2370  0.2120  0.2220  0.0290  0.3000  1
 94:   0.1770  0.1680  0.1600  0.3150  0.1800  1
 95:   0.2640  0.2480  0.1710  0.0300  0.2870  1
 96:   0.1668  0.3756  0.1638  0.0340  0.2597  1
 97:   0.2110  0.2220  0.1900  0.1610  0.2160  1
 98:   0.1820  0.2900  0.1780  0.1670  0.1830  1
 99:   0.2318  0.2138  0.2687  0.0809  0.2048  1
100:   0.1430  0.1330  0.1400  0.4560  0.1280  1
101:   0.2308  0.2028  0.2378  0.0959  0.2328  1
102:   0.2060  0.3320  0.2040  0.0260  0.2320  1
103:   0.2420  0.2310  0.2280  0.0590  0.2400  1
104:   0.2600  0.2150  0.2590  0.0270  0.2390  1
105:   0.2278  0.1898  0.2068  0.1618  0.2138  1
106:   0.2282  0.1592  0.2482  0.1872  0.1772  1
107:   0.1050  0.1070  0.1230  0.5630  0.1020  1
108:   0.1850  0.3710  0.1800  0.0250  0.2390  1
109:   0.1972  0.1912  0.2162  0.2082  0.1872  1
110:   0.2360  0.2080  0.2860  0.0210  0.2490  1
111:   0.2580  0.1910  0.2210  0.0500  0.2800  1
112:   0.2460  0.2490  0.2260  0.0450  0.2340  1
113:   0.1792  0.3433  0.1802  0.0430  0.2543  1
114:   0.1730  0.1580  0.2150  0.3010  0.1530  1
115:   0.2710  0.1770  0.2140  0.0410  0.2970  1
116:   0.2750  0.2380  0.1920  0.0300  0.2650  1
117:   0.2430  0.2270  0.2100  0.0560  0.2640  1
118:   0.2330  0.2330  0.2510  0.0860  0.1970  1
119:   0.2340  0.2140  0.2570  0.0620  0.2330  1
120:   0.1698  0.3886  0.1648  0.0140  0.2627  1
121:   0.2458  0.2098  0.2647  0.0629  0.2168  1
122:   0.2730  0.1540  0.3190  0.0230  0.2310  1
123:   0.2687  0.2168  0.1958  0.0629  0.2557  1
124:   0.2250  0.1490  0.2880  0.1490  0.1890  1
125:   0.1922  0.3283  0.1942  0.0430  0.2422  1
126:   0.2292  0.1862  0.2052  0.1722  0.2072  1
127:   0.1720  0.3190  0.1680  0.1200  0.2210  1
128:   0.1780  0.3340  0.2190  0.0260  0.2430  1
129:   0.2627  0.2448  0.2098  0.0260  0.2567  1
130:   0.1990  0.3520  0.1750  0.0250  0.2490  1
131:   0.2610  0.1680  0.3170  0.0330  0.2210  1
132:   0.2260  0.1930  0.3250  0.0820  0.1740  1
133:   0.2328  0.1858  0.1978  0.1469  0.2368  1
134:   0.2448  0.2318  0.2577  0.0539  0.2118  1
135:   0.2168  0.3167  0.1688  0.0420  0.2557  1
136:   0.2670  0.2010  0.2030  0.0460  0.2830  1
137:   0.2410  0.2260  0.2400  0.0630  0.2300  1
138:   0.2620  0.2090  0.2050  0.0780  0.2460  1
