1:    0.053 0.039 0.861 0.014 0.034 1    
2:    0.047 0.048 0.139 0.719 0.046 1    
3:    0.149 0.154 0.152 0.401 0.145 1    
4:    0.035 0.035 0.039 0.853 0.037 1    
5:    0.047 0.041 0.151 0.721 0.039 1    
6:    0.038 0.035 0.048 0.843 0.036 1    
7:    0.042 0.042 0.067 0.806 0.043 1    
8:    0.055 0.056 0.081 0.755 0.053 1    
9:    0.028 0.030 0.031 0.881 0.029 1    
10:   0.197 0.208 0.220 0.167 0.209 1    
11:   0.027 0.026 0.031 0.890 0.026 1    
12:   0.083 0.072 0.137 0.627 0.081 1    
13:   0.027 0.026 0.029 0.893 0.025 1    
14:   0.207 0.208 0.169 0.218 0.199 1    
15:   0.060 0.067 0.051 0.765 0.057 1    
16:   0.196 0.213 0.193 0.225 0.174 1    
17:   0.078 0.079 0.087 0.692 0.065 1    
18:   0.167 0.180 0.103 0.427 0.123 1    
19:   0.107 0.098 0.104 0.589 0.102 1    
20:   0.064 0.057 0.094 0.726 0.058 1    
21:   0.057 0.057 0.151 0.676 0.059 1    
22:   0.201 0.200 0.200 0.199 0.200 1    
23:   0.053 0.046 0.191 0.664 0.046 1    
24:   0.050 0.044 0.122 0.741 0.042 1    
25:   0.125 0.103 0.353 0.300 0.118 1    
26:   0.101 0.099 0.096 0.602 0.102 1    
27:   0.086 0.082 0.141 0.597 0.094 1    
28:   0.199 0.199 0.222 0.159 0.220 1    
29:   0.055 0.053 0.088 0.751 0.054 1    
30:   0.041 0.036 0.122 0.761 0.040 1    
31:   0.024 0.023 0.028 0.902 0.023 1    
32:   0.085 0.072 0.144 0.624 0.075 1    
33:   0.079 0.078 0.121 0.643 0.079 1    
34:   0.068 0.069 0.106 0.696 0.062 1    
35:   0.143 0.138 0.158 0.427 0.135 1    
36:   0.175 0.167 0.215 0.290 0.153 1    
37:   0.203 0.182 0.203 0.204 0.208 1    
38:   0.242 0.252 0.176 0.079 0.251 1    
39:   0.033 0.034 0.048 0.854 0.032 1    
40:   0.043 0.041 0.071 0.803 0.043 1    
41:   0.156 0.145 0.174 0.378 0.147 1    
42:   0.056 0.053 0.072 0.763 0.055 1    
43:   0.105 0.090 0.529 0.180 0.096 1    
44:   0.069 0.075 0.082 0.692 0.082 1    
45:   0.061 0.053 0.203 0.632 0.051 1    
46:   0.155 0.156 0.197 0.329 0.164 1    
47:   0.180 0.177 0.193 0.245 0.204 1    
48:   0.073 0.058 0.277 0.523 0.068 1    
49:   0.234 0.244 0.187 0.088 0.248 1    
50:   0.222 0.204 0.199 0.109 0.266 1    
51:   0.230 0.277 0.156 0.044 0.294 1    
52:   0.237 0.198 0.307 0.033 0.225 1    
53:   0.258 0.277 0.140 0.065 0.259 1    
54:   0.242 0.324 0.118 0.037 0.279 1    
55:   0.216 0.225 0.186 0.148 0.225 1    
56:   0.263 0.293 0.205 0.014 0.224 1    
57:   0.234 0.266 0.162 0.041 0.298 1    
58:   0.196 0.167 0.314 0.107 0.216 1    
59:   0.244 0.315 0.117 0.085 0.239 1    
60:   0.241 0.278 0.205 0.033 0.243 1    
61:   0.223 0.211 0.258 0.046 0.262 1    
62:   0.198 0.193 0.262 0.140 0.206 1    
63:   0.143 0.139 0.406 0.150 0.163 1    
64:   0.261 0.251 0.196 0.041 0.251 1    
65:   0.238 0.190 0.276 0.041 0.256 1    
66:   0.239 0.232 0.184 0.136 0.210 1    
67:   0.240 0.236 0.230 0.046 0.249 1    
68:   0.247 0.282 0.174 0.020 0.277 1    
69:   0.291 0.272 0.108 0.025 0.304 1    
70:   0.252 0.273 0.155 0.019 0.301 1    
71:   0.225 0.254 0.159 0.154 0.208 1    
72:   0.284 0.293 0.112 0.023 0.288 1    
73:   0.283 0.226 0.159 0.025 0.308 1    
74:   0.252 0.293 0.165 0.042 0.248 1    
75:   0.257 0.247 0.200 0.046 0.249 1    
76:   0.258 0.279 0.139 0.020 0.303 1    
77:   0.251 0.238 0.221 0.037 0.253 1    
78:   0.236 0.246 0.309 0.025 0.184 1    
79:   0.298 0.244 0.123 0.030 0.305 1    
80:   0.238 0.238 0.267 0.048 0.209 1    
81:   0.257 0.222 0.205 0.040 0.276 1    
82:   0.209 0.238 0.250 0.107 0.196 1    
83:   0.249 0.238 0.237 0.027 0.249 1    
84:   0.239 0.213 0.246 0.035 0.267 1    
85:   0.155 0.149 0.157 0.397 0.141 1    
86:   0.156 0.156 0.159 0.387 0.141 1    
87:   0.242 0.279 0.117 0.172 0.191 1    
88:   0.270 0.308 0.118 0.039 0.265 1    
89:   0.241 0.269 0.186 0.043 0.261 1    
90:   0.274 0.250 0.144 0.040 0.292 1    
91:   0.209 0.235 0.248 0.084 0.225 1    
92:   0.213 0.180 0.244 0.156 0.206 1    
93:   0.241 0.259 0.190 0.036 0.276 1    
94:   0.184 0.171 0.154 0.311 0.181 1    
95:   0.286 0.250 0.146 0.034 0.284 1    
96:   0.290 0.356 0.073 0.042 0.238 1    
97:   0.190 0.250 0.163 0.176 0.220 1    
98:   0.225 0.254 0.154 0.168 0.199 1    
99:   0.222 0.205 0.274 0.090 0.209 1    
100:  0.145 0.132 0.152 0.433 0.138 1    
101:  0.222 0.203 0.235 0.103 0.238 1    
102:  0.265 0.292 0.166 0.032 0.245 1    
103:  0.245 0.258 0.182 0.068 0.247 1    
104:  0.229 0.215 0.276 0.032 0.248 1    
105:  0.201 0.181 0.225 0.172 0.221 1    
106:  0.179 0.152 0.297 0.186 0.186 1    
107:  0.102 0.115 0.114 0.558 0.111 1    
108:  0.290 0.344 0.108 0.030 0.228 1    
109:  0.191 0.197 0.236 0.207 0.170 1    
110:  0.205 0.238 0.306 0.025 0.226 1    
111:  0.235 0.234 0.201 0.057 0.272 1    
112:  0.244 0.229 0.218 0.051 0.259 1    
113:  0.278 0.341 0.098 0.049 0.233 1    
114:  0.158 0.151 0.231 0.305 0.154 1    
115:  0.246 0.213 0.227 0.050 0.264 1    
116:  0.268 0.255 0.172 0.034 0.271 1    
117:  0.240 0.248 0.180 0.063 0.269 1    
118:  0.235 0.198 0.282 0.097 0.188 1    
119:  0.229 0.197 0.268 0.067 0.238 1    
120:  0.300 0.353 0.065 0.017 0.266 1    
121:  0.213 0.188 0.302 0.069 0.228 1    
122:  0.208 0.164 0.372 0.028 0.228 1    
123:  0.264 0.210 0.179 0.069 0.279 1    
124:  0.183 0.162 0.337 0.149 0.170 1    
125:  0.255 0.305 0.145 0.052 0.244 1    
126:  0.213 0.198 0.188 0.172 0.229 1    
127:  0.253 0.293 0.117 0.128 0.210 1    
128:  0.261 0.297 0.170 0.030 0.242 1    
129:  0.263 0.229 0.205 0.031 0.272 1    
130:  0.283 0.333 0.112 0.031 0.241 1    
131:  0.198 0.170 0.392 0.037 0.203 1    
132:  0.179 0.198 0.371 0.082 0.170 1    
133:  0.229 0.186 0.206 0.149 0.231 1    
134:  0.217 0.212 0.287 0.060 0.224 1    
135:  0.291 0.294 0.111 0.046 0.257 1    
136:  0.272 0.228 0.183 0.055 0.263 1    
137:  0.219 0.229 0.256 0.069 0.227 1    
138:  0.244 0.214 0.199 0.088 0.255 1    
139:  0.237 0.235 0.204 0.061 0.264 1    
140:  0.223 0.197 0.206 0.147 0.228 1    
141:  0.240 0.225 0.161 0.146 0.228 1    
142:  0.187 0.154 0.418 0.057 0.183 1    
143:  0.233 0.217 0.284 0.018 0.249 1    
144:  0.244 0.211 0.254 0.029 0.262 1    
145:  0.206 0.198 0.143 0.264 0.189 1    
146:  0.230 0.244 0.195 0.100 0.232 1    
147:  0.259 0.245 0.205 0.072 0.218 1    
148:  0.251 0.226 0.212 0.035 0.276 1    
149:  0.229 0.255 0.178 0.085 0.253 1    
150:  0.273 0.318 0.117 0.044 0.248 1    
151:  0.208 0.260 0.125 0.223 0.183 1    
152:  0.258 0.313 0.123 0.057 0.249 1    
153:  0.129 0.111 0.182 0.456 0.121 1    
154:  0.210 0.197 0.317 0.056 0.220 1    
155:  0.253 0.218 0.170 0.115 0.244 1    
156:  0.269 0.257 0.158 0.029 0.286 1    
157:  0.244 0.251 0.210 0.020 0.275 1    
158:  0.246 0.255 0.192 0.088 0.219 1    
159:  0.253 0.264 0.218 0.052 0.213 1    
160:  0.265 0.257 0.183 0.027 0.268 1    
161:  0.273 0.334 0.111 0.024 0.258 1    
162:  0.257 0.259 0.151 0.077 0.255 1    
163:  0.273 0.238 0.185 0.026 0.279 1    
164:  0.232 0.214 0.248 0.055 0.251 1    
165:  0.247 0.221 0.218 0.032 0.282 1    
166:  0.286 0.233 0.148 0.027 0.306 1    
167:  0.278 0.253 0.197 0.028 0.244 1    
168:  0.245 0.240 0.205 0.032 0.278 1    
169:  0.294 0.335 0.085 0.026 0.259 1    
170:  0.264 0.318 0.118 0.046 0.255 1    
171:  0.268 0.263 0.178 0.027 0.263 1    
172:  0.231 0.245 0.225 0.037 0.262 1    
173:  0.254 0.229 0.208 0.035 0.274 1    
174:  0.258 0.250 0.180 0.035 0.277 1    
175:  0.256 0.271 0.192 0.025 0.257 1    
176:  0.244 0.252 0.214 0.032 0.258 1    
177:  0.233 0.280 0.172 0.060 0.254 1    
178:  0.224 0.244 0.308 0.042 0.183 1    
179:  0.235 0.226 0.208 0.063 0.268 1    
180:  0.234 0.276 0.155 0.034 0.301 1    
181:  0.215 0.223 0.203 0.105 0.253 1    
182:  0.202 0.184 0.181 0.238 0.194 1    
183:  0.257 0.274 0.185 0.038 0.246 1    
184:  0.258 0.280 0.148 0.062 0.252 1    
185:  0.259 0.291 0.154 0.038 0.259 1    
186:  0.234 0.218 0.243 0.095 0.210 1    
187:  0.284 0.241 0.156 0.021 0.298 1    
188:  0.264 0.272 0.186 0.049 0.229 1    
189:  0.238 0.252 0.179 0.093 0.239 1    
190:  0.242 0.231 0.195 0.101 0.230 1    
191:  0.238 0.248 0.179 0.035 0.300 1    
192:  0.216 0.275 0.188 0.069 0.251 1    
193:  0.254 0.241 0.182 0.081 0.243 1    
194:  0.125 0.133 0.142 0.448 0.152 1    
195:  0.188 0.167 0.402 0.043 0.200 1    
196:  0.223 0.283 0.167 0.083 0.243 1    
197:  0.222 0.225 0.144 0.199 0.209 1    
198:  0.255 0.239 0.178 0.077 0.251 1    
199:  0.215 0.269 0.146 0.135 0.235 1    
200:  0.226 0.241 0.170 0.158 0.204 1    
201:  0.203 0.221 0.286 0.034 0.256 1    
202:  0.229 0.231 0.218 0.089 0.233 1    
203:  0.260 0.242 0.186 0.046 0.266 1    
204:  0.174 0.148 0.414 0.094 0.170 1    
205:  0.212 0.224 0.208 0.116 0.240 1    
206:  0.258 0.246 0.189 0.040 0.268 1    
207:  0.247 0.301 0.158 0.069 0.225 1    
208:  0.268 0.236 0.191 0.024 0.281 1    
209:  0.216 0.260 0.116 0.217 0.191 1    
210:  0.207 0.204 0.289 0.099 0.202 1    
211:  0.240 0.212 0.237 0.040 0.271 1    
212:  0.239 0.262 0.181 0.041 0.276 1    
213:  0.125 0.121 0.161 0.474 0.120 1    
214:  0.295 0.339 0.082 0.037 0.246 1    
215:  0.226 0.224 0.186 0.132 0.232 1    
216:  0.237 0.222 0.222 0.080 0.239 1    
217:  0.185 0.152 0.332 0.175 0.156 1    
218:  0.194 0.200 0.180 0.222 0.204 1    
219:  0.157 0.172 0.148 0.359 0.164 1    
220:  0.270 0.299 0.134 0.034 0.263 1    
221:  0.240 0.218 0.203 0.108 0.232 1    
222:  0.280 0.287 0.136 0.037 0.260 1    
223:  0.229 0.185 0.222 0.126 0.239 1    
224:  0.264 0.264 0.157 0.047 0.269 1    
225:  0.171 0.162 0.143 0.356 0.168 1    
226:  0.192 0.149 0.458 0.032 0.169 1    
                    
                    
1:    0.429 0.015 0.055 0.373 0.127 1    
2:    0.095 0.709 0.048 0.092 0.055 1    
3:    0.146 0.396 0.159 0.148 0.151 1    
4:    0.038 0.843 0.039 0.039 0.040 1    
5:    0.103 0.698 0.048 0.095 0.057 1    
6:    0.042 0.834 0.038 0.043 0.042 1    
7:    0.061 0.789 0.046 0.057 0.047 1    
8:    0.071 0.750 0.058 0.062 0.059 1    
9:    0.032 0.868 0.033 0.035 0.032 1    
10:   0.200 0.168 0.205 0.225 0.202 1    
11:   0.031 0.877 0.030 0.031 0.031 1    
12:   0.108 0.621 0.078 0.103 0.091 1    
13:   0.032 0.882 0.028 0.031 0.027 1    
14:   0.176 0.218 0.216 0.192 0.198 1    
15:   0.055 0.745 0.069 0.066 0.065 1    
16:   0.185 0.218 0.197 0.198 0.200 1    
17:   0.077 0.672 0.083 0.087 0.081 1    
18:   0.118 0.426 0.176 0.135 0.145 1    
19:   0.106 0.591 0.111 0.096 0.097 1    
20:   0.080 0.716 0.063 0.070 0.070 1    
21:   0.102 0.671 0.062 0.093 0.072 1    
22:   0.199 0.200 0.200 0.199 0.202 1    
23:   0.121 0.625 0.052 0.138 0.063 1    
24:   0.085 0.734 0.049 0.079 0.054 1    
25:   0.239 0.284 0.115 0.217 0.145 1    
26:   0.099 0.592 0.106 0.101 0.102 1    
27:   0.118 0.601 0.088 0.104 0.089 1    
28:   0.210 0.155 0.199 0.225 0.211 1    
29:   0.075 0.718 0.060 0.083 0.063 1    
30:   0.081 0.741 0.045 0.083 0.050 1    
31:   0.028 0.893 0.026 0.028 0.026 1    
32:   0.118 0.604 0.077 0.117 0.085 1    
33:   0.104 0.617 0.083 0.107 0.089 1    
34:   0.089 0.670 0.072 0.094 0.075 1    
35:   0.151 0.421 0.138 0.144 0.147 1    
36:   0.189 0.284 0.170 0.185 0.172 1    
37:   0.206 0.202 0.198 0.192 0.203 1    
38:   0.217 0.082 0.236 0.223 0.242 1    
39:   0.040 0.841 0.037 0.044 0.039 1    
40:   0.059 0.791 0.045 0.057 0.047 1    
41:   0.147 0.386 0.157 0.156 0.154 1    
42:   0.068 0.751 0.055 0.067 0.060 1    
43:   0.294 0.181 0.110 0.275 0.140 1    
44:   0.082 0.682 0.079 0.082 0.075 1    
45:   0.139 0.595 0.059 0.134 0.074 1    
46:   0.175 0.325 0.165 0.173 0.163 1    
47:   0.200 0.246 0.185 0.178 0.190 1    
48:   0.169 0.518 0.067 0.161 0.085 1    
49:   0.218 0.088 0.256 0.217 0.220 1    
50:   0.231 0.113 0.233 0.191 0.231 1    
51:   0.200 0.041 0.288 0.215 0.255 1    
52:   0.282 0.038 0.202 0.246 0.232 1    
53:   0.195 0.068 0.282 0.207 0.248 1    
54:   0.174 0.041 0.274 0.250 0.261 1    
55:   0.204 0.157 0.221 0.204 0.214 1    
56:   0.217 0.016 0.247 0.246 0.275 1    
57:   0.209 0.042 0.274 0.221 0.255 1    
58:   0.261 0.109 0.192 0.234 0.204 1    
59:   0.156 0.090 0.267 0.226 0.261 1    
60:   0.194 0.039 0.262 0.250 0.256 1    
61:   0.258 0.048 0.215 0.246 0.234 1    
62:   0.232 0.131 0.194 0.224 0.220 1    
63:   0.262 0.162 0.145 0.253 0.178 1    
64:   0.231 0.043 0.250 0.234 0.242 1    
65:   0.266 0.043 0.210 0.235 0.246 1    
66:   0.203 0.135 0.239 0.206 0.217 1    
67:   0.241 0.048 0.228 0.248 0.236 1    
68:   0.215 0.021 0.254 0.243 0.266 1    
69:   0.209 0.028 0.310 0.189 0.264 1    
70:   0.232 0.020 0.270 0.225 0.253 1    
71:   0.172 0.164 0.241 0.200 0.223 1    
72:   0.191 0.024 0.295 0.216 0.274 1    
73:   0.267 0.026 0.254 0.193 0.260 1    
74:   0.188 0.047 0.244 0.257 0.265 1    
75:   0.236 0.049 0.236 0.235 0.244 1    
76:   0.223 0.022 0.285 0.211 0.258 1    
77:   0.242 0.039 0.227 0.246 0.247 1    
78:   0.236 0.028 0.231 0.257 0.248 1    
79:   0.242 0.033 0.277 0.193 0.255 1    
80:   0.251 0.049 0.223 0.238 0.238 1    
81:   0.250 0.043 0.262 0.209 0.236 1    
82:   0.222 0.113 0.232 0.223 0.209 1    
83:   0.256 0.031 0.234 0.245 0.235 1    
84:   0.269 0.038 0.230 0.224 0.239 1    
85:   0.152 0.397 0.152 0.153 0.145 1    
86:   0.154 0.380 0.164 0.147 0.156 1    
87:   0.149 0.171 0.251 0.198 0.231 1    
88:   0.174 0.042 0.277 0.236 0.271 1    
89:   0.196 0.045 0.247 0.248 0.265 1    
90:   0.221 0.044 0.283 0.195 0.256 1    
91:   0.211 0.088 0.227 0.256 0.218 1    
92:   0.234 0.159 0.210 0.190 0.208 1    
93:   0.224 0.038 0.252 0.242 0.245 1    
94:   0.183 0.307 0.190 0.150 0.170 1    
95:   0.238 0.038 0.292 0.194 0.238 1    
96:   0.151 0.044 0.300 0.229 0.276 1    
97:   0.167 0.179 0.227 0.221 0.207 1    
98:   0.174 0.166 0.241 0.198 0.222 1    
99:   0.232 0.095 0.208 0.237 0.227 1    
100:  0.143 0.451 0.137 0.132 0.138 1    
101:  0.226 0.109 0.210 0.227 0.228 1    
102:  0.202 0.034 0.280 0.223 0.261 1    
103:  0.208 0.069 0.237 0.239 0.246 1    
104:  0.269 0.034 0.246 0.219 0.232 1    
105:  0.240 0.174 0.199 0.183 0.204 1    
106:  0.245 0.188 0.162 0.216 0.190 1    
107:  0.105 0.542 0.124 0.116 0.113 1    
108:  0.179 0.030 0.298 0.225 0.268 1    
109:  0.205 0.198 0.190 0.213 0.194 1    
110:  0.229 0.027 0.231 0.269 0.244 1    
111:  0.231 0.060 0.231 0.238 0.241 1    
112:  0.238 0.051 0.262 0.217 0.232 1    
113:  0.168 0.054 0.297 0.216 0.266 1    
114:  0.198 0.297 0.151 0.188 0.166 1    
115:  0.261 0.049 0.198 0.248 0.244 1    
116:  0.213 0.037 0.278 0.214 0.257 1    
117:  0.228 0.069 0.238 0.235 0.231 1    
118:  0.226 0.102 0.228 0.232 0.212 1    
119:  0.255 0.074 0.199 0.251 0.221 1    
120:  0.159 0.018 0.308 0.232 0.283 1    
121:  0.279 0.070 0.204 0.220 0.227 1    
122:  0.310 0.031 0.188 0.253 0.218 1    
123:  0.252 0.072 0.243 0.189 0.245 1    
124:  0.250 0.151 0.170 0.236 0.193 1    
125:  0.176 0.054 0.268 0.240 0.261 1    
126:  0.204 0.177 0.215 0.190 0.214 1    
127:  0.160 0.126 0.259 0.214 0.241 1    
128:  0.197 0.033 0.259 0.237 0.275 1    
129:  0.242 0.033 0.271 0.223 0.231 1    
130:  0.181 0.033 0.290 0.237 0.259 1    
131:  0.290 0.039 0.188 0.259 0.224 1    
132:  0.263 0.085 0.182 0.272 0.198 1    
133:  0.243 0.145 0.203 0.199 0.210 1    
134:  0.253 0.062 0.246 0.214 0.226 1    
135:  0.187 0.050 0.300 0.216 0.246 1    
136:  0.243 0.060 0.239 0.218 0.241 1    
137:  0.230 0.074 0.230 0.225 0.240 1    
138:  0.234 0.087 0.243 0.198 0.238 1    
139:  0.240 0.064 0.244 0.220 0.232 1    
140:  0.240 0.142 0.199 0.210 0.209 1    
141:  0.199 0.148 0.241 0.193 0.218 1    
142:  0.288 0.056 0.184 0.274 0.199 1    
143:  0.282 0.020 0.204 0.257 0.237 1    
144:  0.281 0.031 0.205 0.244 0.240 1    
145:  0.174 0.263 0.217 0.151 0.195 1    
146:  0.223 0.104 0.227 0.209 0.236 1    
147:  0.209 0.075 0.272 0.205 0.239 1    
148:  0.254 0.036 0.241 0.225 0.244 1    
149:  0.188 0.093 0.231 0.243 0.246 1    
150:  0.181 0.047 0.277 0.223 0.272 1    
151:  0.139 0.239 0.225 0.190 0.207 1    
152:  0.160 0.060 0.280 0.239 0.261 1    
153:  0.165 0.436 0.121 0.150 0.128 1    
154:  0.261 0.056 0.198 0.271 0.213 1    
155:  0.227 0.117 0.244 0.193 0.220 1    
156:  0.226 0.033 0.289 0.206 0.246 1    
157:  0.234 0.022 0.235 0.244 0.265 1    
158:  0.208 0.092 0.252 0.212 0.237 1    
159:  0.216 0.054 0.255 0.220 0.255 1    
160:  0.242 0.030 0.252 0.236 0.240 1    
161:  0.183 0.026 0.284 0.234 0.272 1    
162:  0.211 0.084 0.266 0.205 0.233 1    
163:  0.263 0.030 0.239 0.230 0.239 1    
164:  0.253 0.057 0.193 0.263 0.234 1    
165:  0.250 0.033 0.233 0.241 0.243 1    
166:  0.253 0.030 0.280 0.189 0.249 1    
167:  0.220 0.031 0.283 0.221 0.245 1    
168:  0.240 0.034 0.227 0.251 0.249 1    
169:  0.175 0.027 0.313 0.213 0.273 1    
170:  0.182 0.049 0.279 0.235 0.256 1    
171:  0.225 0.029 0.257 0.242 0.247 1    
172:  0.235 0.041 0.210 0.263 0.251 1    
173:  0.252 0.038 0.219 0.247 0.244 1    
174:  0.236 0.039 0.270 0.195 0.260 1    
175:  0.231 0.028 0.245 0.246 0.250 1    
176:  0.227 0.035 0.239 0.246 0.254 1    
177:  0.195 0.064 0.258 0.242 0.241 1    
178:  0.246 0.047 0.221 0.247 0.239 1    
179:  0.244 0.065 0.237 0.226 0.227 1    
180:  0.201 0.036 0.284 0.209 0.269 1    
181:  0.203 0.109 0.228 0.232 0.229 1    
182:  0.195 0.246 0.191 0.179 0.190 1    
183:  0.212 0.040 0.255 0.229 0.264 1    
184:  0.186 0.068 0.277 0.219 0.250 1    
185:  0.208 0.040 0.254 0.231 0.267 1    
186:  0.223 0.103 0.239 0.217 0.218 1    
187:  0.258 0.022 0.248 0.218 0.254 1    
188:  0.214 0.056 0.254 0.222 0.254 1    
189:  0.201 0.093 0.233 0.233 0.240 1    
190:  0.206 0.107 0.233 0.215 0.239 1    
191:  0.231 0.037 0.268 0.223 0.242 1    
192:  0.197 0.074 0.249 0.242 0.237 1    
193:  0.218 0.085 0.270 0.196 0.230 1    
194:  0.129 0.449 0.138 0.151 0.133 1    
195:  0.301 0.044 0.178 0.268 0.209 1    
196:  0.186 0.089 0.260 0.226 0.239 1    
197:  0.185 0.201 0.229 0.180 0.205 1    
198:  0.216 0.081 0.243 0.220 0.240 1    
199:  0.169 0.138 0.237 0.225 0.230 1    
200:  0.178 0.166 0.220 0.214 0.222 1    
201:  0.239 0.036 0.207 0.271 0.247 1    
202:  0.223 0.097 0.242 0.214 0.224 1    
203:  0.225 0.050 0.278 0.202 0.245 1    
204:  0.291 0.101 0.155 0.260 0.193 1    
205:  0.224 0.114 0.226 0.219 0.216 1    
206:  0.245 0.042 0.267 0.204 0.242 1    
207:  0.184 0.077 0.253 0.238 0.248 1    
208:  0.261 0.027 0.240 0.216 0.256 1    
209:  0.136 0.229 0.224 0.202 0.209 1    
210:  0.236 0.108 0.201 0.239 0.216 1    
211:  0.276 0.041 0.237 0.214 0.232 1    
212:  0.226 0.042 0.266 0.225 0.241 1    
213:  0.146 0.460 0.125 0.138 0.131 1    
214:  0.161 0.039 0.303 0.227 0.270 1    
215:  0.210 0.134 0.218 0.225 0.214 1    
216:  0.234 0.081 0.223 0.232 0.230 1    
217:  0.259 0.176 0.168 0.215 0.182 1    
218:  0.195 0.209 0.200 0.199 0.196 1    
219:  0.155 0.349 0.173 0.164 0.159 1    
220:  0.194 0.035 0.280 0.229 0.262 1    
221:  0.226 0.113 0.242 0.201 0.218 1    
222:  0.203 0.041 0.292 0.219 0.245 1    
223:  0.242 0.129 0.202 0.208 0.219 1    
224:  0.220 0.049 0.270 0.203 0.257 1    
225:  0.163 0.358 0.173 0.144 0.161 1    
226:  0.323 0.033 0.160 0.292 0.191 1    
                    
                    
1:    0.040 0.436 0.279 0.232 0.013 1    
2:    0.047 0.088 0.060 0.065 0.739 1    
3:    0.155 0.150 0.148 0.146 0.401 1    
4:    0.036 0.037 0.036 0.037 0.853 1    
5:    0.042 0.106 0.065 0.062 0.725 1    
6:    0.038 0.043 0.035 0.040 0.844 1    
7:    0.043 0.057 0.049 0.049 0.802 1    
8:    0.056 0.065 0.059 0.057 0.762 1    
9:    0.031 0.029 0.029 0.029 0.881 1    
10:   0.221 0.191 0.200 0.220 0.168 1    
11:   0.027 0.029 0.027 0.028 0.889 1    
12:   0.081 0.103 0.089 0.092 0.635 1    
13:   0.026 0.027 0.027 0.027 0.892 1    
14:   0.215 0.179 0.195 0.196 0.215 1    
15:   0.063 0.059 0.061 0.058 0.759 1    
16:   0.186 0.212 0.199 0.184 0.219 1    
17:   0.070 0.079 0.083 0.074 0.694 1    
18:   0.142 0.136 0.149 0.136 0.436 1    
19:   0.096 0.102 0.102 0.105 0.594 1    
20:   0.065 0.074 0.069 0.068 0.724 1    
21:   0.058 0.099 0.075 0.077 0.690 1    
22:   0.200 0.202 0.200 0.198 0.200 1    
23:   0.046 0.113 0.072 0.075 0.694 1    
24:   0.044 0.082 0.061 0.060 0.753 1    
25:   0.116 0.228 0.168 0.167 0.321 1    
26:   0.103 0.099 0.103 0.100 0.595 1    
27:   0.092 0.113 0.095 0.100 0.601 1    
28:   0.203 0.214 0.200 0.219 0.163 1    
29:   0.056 0.075 0.066 0.063 0.741 1    
30:   0.039 0.080 0.060 0.057 0.764 1    
31:   0.023 0.026 0.025 0.026 0.900 1    
32:   0.075 0.104 0.084 0.092 0.644 1    
33:   0.079 0.099 0.089 0.088 0.644 1    
34:   0.062 0.087 0.072 0.078 0.702 1    
35:   0.133 0.152 0.138 0.146 0.431 1    
36:   0.165 0.201 0.181 0.165 0.288 1    
37:   0.200 0.200 0.197 0.203 0.201 1    
38:   0.235 0.220 0.232 0.232 0.080 1    
39:   0.034 0.040 0.035 0.033 0.858 1    
40:   0.043 0.057 0.050 0.051 0.799 1    
41:   0.148 0.160 0.158 0.156 0.378 1    
42:   0.055 0.068 0.059 0.062 0.756 1    
43:   0.104 0.302 0.210 0.183 0.201 1    
44:   0.079 0.070 0.075 0.078 0.698 1    
45:   0.056 0.138 0.091 0.086 0.629 1    
46:   0.178 0.163 0.162 0.166 0.331 1    
47:   0.204 0.180 0.173 0.196 0.247 1    
48:   0.070 0.177 0.127 0.099 0.527 1    
49:   0.263 0.196 0.226 0.230 0.084 1    
50:   0.233 0.202 0.209 0.241 0.114 1    
51:   0.296 0.182 0.242 0.239 0.041 1    
52:   0.230 0.251 0.243 0.243 0.034 1    
53:   0.253 0.212 0.240 0.227 0.069 1    
54:   0.267 0.216 0.257 0.223 0.037 1    
55:   0.224 0.209 0.195 0.222 0.151 1    
56:   0.243 0.267 0.269 0.207 0.014 1    
57:   0.296 0.189 0.235 0.242 0.038 1    
58:   0.200 0.250 0.214 0.217 0.119 1    
59:   0.244 0.208 0.236 0.224 0.087 1    
60:   0.259 0.221 0.240 0.245 0.035 1    
61:   0.236 0.249 0.218 0.250 0.047 1    
62:   0.212 0.224 0.208 0.214 0.141 1    
63:   0.171 0.269 0.201 0.201 0.159 1    
64:   0.247 0.234 0.231 0.248 0.040 1    
65:   0.227 0.249 0.238 0.244 0.042 1    
66:   0.226 0.205 0.215 0.217 0.136 1    
67:   0.262 0.224 0.218 0.246 0.050 1    
68:   0.283 0.210 0.232 0.255 0.020 1    
69:   0.280 0.179 0.263 0.255 0.024 1    
70:   0.303 0.201 0.218 0.259 0.018 1    
71:   0.239 0.195 0.201 0.216 0.149 1    
72:   0.292 0.187 0.249 0.250 0.022 1    
73:   0.254 0.217 0.213 0.290 0.026 1    
74:   0.267 0.217 0.249 0.223 0.043 1    
75:   0.249 0.221 0.240 0.245 0.046 1    
76:   0.283 0.201 0.250 0.247 0.019 1    
77:   0.240 0.237 0.232 0.254 0.037 1    
78:   0.219 0.285 0.258 0.211 0.027 1    
79:   0.270 0.205 0.232 0.264 0.029 1    
80:   0.227 0.259 0.249 0.219 0.047 1    
81:   0.259 0.219 0.226 0.257 0.039 1    
82:   0.228 0.230 0.214 0.225 0.102 1    
83:   0.246 0.247 0.247 0.233 0.027 1    
84:   0.238 0.247 0.223 0.256 0.037 1    
85:   0.145 0.157 0.141 0.154 0.403 1    
86:   0.151 0.147 0.158 0.148 0.396 1    
87:   0.205 0.208 0.213 0.186 0.188 1    
88:   0.262 0.243 0.238 0.218 0.039 1    
89:   0.268 0.212 0.254 0.223 0.043 1    
90:   0.260 0.196 0.237 0.266 0.042 1    
91:   0.226 0.230 0.237 0.226 0.082 1    
92:   0.210 0.226 0.212 0.202 0.151 1    
93:   0.272 0.212 0.231 0.250 0.035 1    
94:   0.181 0.163 0.174 0.186 0.296 1    
95:   0.252 0.209 0.246 0.259 0.033 1    
96:   0.270 0.216 0.268 0.203 0.043 1    
97:   0.237 0.173 0.225 0.194 0.170 1    
98:   0.220 0.185 0.221 0.201 0.172 1    
99:   0.221 0.231 0.227 0.225 0.095 1    
100:  0.142 0.139 0.141 0.149 0.428 1    
101:  0.238 0.225 0.206 0.227 0.105 1    
102:  0.256 0.241 0.241 0.232 0.031 1    
103:  0.263 0.208 0.234 0.226 0.068 1    
104:  0.243 0.252 0.227 0.247 0.032 1    
105:  0.197 0.229 0.192 0.216 0.166 1    
106:  0.182 0.239 0.197 0.201 0.182 1    
107:  0.117 0.111 0.110 0.111 0.551 1    
108:  0.252 0.231 0.254 0.232 0.031 1    
109:  0.191 0.209 0.205 0.190 0.205 1    
110:  0.241 0.243 0.254 0.237 0.026 1    
111:  0.266 0.207 0.216 0.253 0.058 1    
112:  0.240 0.207 0.246 0.256 0.050 1    
113:  0.257 0.222 0.250 0.217 0.053 1    
114:  0.153 0.189 0.168 0.171 0.320 1    
115:  0.241 0.246 0.203 0.263 0.048 1    
116:  0.263 0.214 0.248 0.240 0.035 1    
117:  0.258 0.210 0.231 0.241 0.060 1    
118:  0.207 0.236 0.228 0.237 0.091 1    
119:  0.237 0.235 0.226 0.239 0.063 1    
120:  0.280 0.213 0.270 0.219 0.017 1    
121:  0.203 0.251 0.245 0.237 0.065 1    
122:  0.192 0.282 0.230 0.268 0.028 1    
123:  0.247 0.209 0.211 0.264 0.070 1    
124:  0.178 0.248 0.211 0.201 0.162 1    
125:  0.250 0.218 0.253 0.225 0.054 1    
126:  0.227 0.184 0.208 0.208 0.174 1    
127:  0.231 0.204 0.229 0.204 0.132 1    
128:  0.246 0.248 0.260 0.214 0.031 1    
129:  0.236 0.237 0.245 0.253 0.030 1    
130:  0.271 0.220 0.244 0.234 0.031 1    
131:  0.188 0.282 0.239 0.255 0.036 1    
132:  0.191 0.259 0.237 0.224 0.089 1    
133:  0.221 0.209 0.191 0.231 0.147 1    
134:  0.210 0.253 0.232 0.248 0.058 1    
135:  0.265 0.207 0.239 0.242 0.047 1    
136:  0.268 0.210 0.204 0.262 0.056 1    
137:  0.236 0.227 0.243 0.226 0.069 1    
138:  0.239 0.203 0.240 0.233 0.085 1    
139:  0.251 0.220 0.213 0.253 0.063 1    
140:  0.217 0.207 0.192 0.235 0.149 1    
141:  0.242 0.186 0.208 0.215 0.149 1    
142:  0.189 0.280 0.237 0.236 0.058 1    
143:  0.238 0.259 0.246 0.240 0.017 1    
144:  0.242 0.254 0.210 0.264 0.030 1    
145:  0.192 0.171 0.187 0.195 0.255 1    
146:  0.216 0.249 0.208 0.225 0.101 1    
147:  0.252 0.202 0.243 0.234 0.069 1    
148:  0.249 0.236 0.232 0.250 0.033 1    
149:  0.245 0.218 0.220 0.237 0.080 1    
150:  0.266 0.212 0.253 0.223 0.045 1    
151:  0.190 0.201 0.188 0.174 0.247 1    
152:  0.270 0.218 0.252 0.203 0.057 1    
153:  0.132 0.156 0.131 0.134 0.447 1    
154:  0.220 0.256 0.227 0.240 0.057 1    
155:  0.226 0.201 0.224 0.238 0.110 1    
156:  0.263 0.200 0.258 0.249 0.030 1    
157:  0.259 0.227 0.249 0.245 0.020 1    
158:  0.230 0.236 0.236 0.214 0.085 1    
159:  0.234 0.261 0.232 0.223 0.050 1    
160:  0.269 0.225 0.226 0.254 0.027 1    
161:  0.277 0.210 0.266 0.225 0.023 1    
162:  0.262 0.189 0.246 0.226 0.077 1    
163:  0.268 0.230 0.206 0.269 0.026 1    
164:  0.233 0.243 0.221 0.247 0.056 1    
165:  0.260 0.230 0.224 0.255 0.030 1    
166:  0.265 0.208 0.231 0.267 0.029 1    
167:  0.251 0.220 0.254 0.247 0.028 1    
168:  0.274 0.217 0.227 0.251 0.031 1    
169:  0.280 0.199 0.275 0.222 0.025 1    
170:  0.270 0.192 0.274 0.218 0.046 1    
171:  0.260 0.221 0.235 0.257 0.027 1    
172:  0.245 0.244 0.236 0.237 0.038 1    
173:  0.261 0.230 0.211 0.264 0.034 1    
174:  0.248 0.232 0.229 0.256 0.035 1    
175:  0.249 0.244 0.239 0.242 0.026 1    
176:  0.245 0.224 0.246 0.253 0.033 1    
177:  0.269 0.196 0.252 0.221 0.062 1    
178:  0.213 0.277 0.257 0.209 0.045 1    
179:  0.262 0.207 0.225 0.240 0.065 1    
180:  0.289 0.195 0.240 0.244 0.032 1    
181:  0.252 0.206 0.220 0.218 0.104 1    
182:  0.194 0.186 0.184 0.192 0.243 1    
183:  0.248 0.232 0.250 0.232 0.037 1    
184:  0.273 0.196 0.259 0.208 0.064 1    
185:  0.250 0.247 0.238 0.227 0.038 1    
186:  0.221 0.222 0.234 0.221 0.102 1    
187:  0.272 0.215 0.200 0.292 0.021 1    
188:  0.246 0.220 0.249 0.232 0.052 1    
189:  0.240 0.213 0.231 0.222 0.095 1    
190:  0.244 0.201 0.233 0.224 0.098 1    
191:  0.290 0.197 0.230 0.247 0.035 1    
192:  0.270 0.206 0.230 0.225 0.069 1    
193:  0.240 0.203 0.242 0.233 0.082 1    
194:  0.153 0.132 0.138 0.140 0.436 1    
195:  0.195 0.282 0.247 0.235 0.040 1    
196:  0.260 0.211 0.226 0.223 0.080 1    
197:  0.212 0.181 0.217 0.204 0.187 1    
198:  0.249 0.216 0.215 0.244 0.075 1    
199:  0.236 0.196 0.232 0.197 0.139 1    
200:  0.216 0.201 0.217 0.207 0.159 1    
201:  0.251 0.233 0.250 0.234 0.033 1    
202:  0.229 0.212 0.235 0.230 0.094 1    
203:  0.244 0.228 0.242 0.239 0.047 1    
204:  0.163 0.293 0.225 0.227 0.092 1    
205:  0.224 0.220 0.219 0.221 0.116 1    
206:  0.248 0.216 0.243 0.251 0.041 1    
207:  0.237 0.224 0.241 0.222 0.076 1    
208:  0.249 0.241 0.223 0.264 0.024 1    
209:  0.203 0.185 0.203 0.181 0.229 1    
210:  0.207 0.229 0.240 0.220 0.103 1    
211:  0.234 0.246 0.224 0.256 0.040 1    
212:  0.261 0.205 0.245 0.250 0.039 1    
213:  0.116 0.151 0.125 0.135 0.474 1    
214:  0.273 0.213 0.265 0.211 0.039 1    
215:  0.238 0.194 0.220 0.212 0.135 1    
216:  0.241 0.225 0.224 0.231 0.079 1    
217:  0.179 0.227 0.209 0.206 0.179 1    
218:  0.212 0.180 0.200 0.186 0.222 1    
219:  0.169 0.153 0.168 0.157 0.353 1    
220:  0.275 0.211 0.257 0.224 0.033 1    
221:  0.232 0.209 0.216 0.234 0.109 1    
222:  0.260 0.213 0.257 0.233 0.037 1    
223:  0.211 0.223 0.196 0.245 0.125 1    
224:  0.268 0.210 0.237 0.238 0.046 1    
225:  0.167 0.153 0.162 0.166 0.353 1    
226:  0.172 0.331 0.226 0.238 0.034 1    
                    
                    
1:    0.278 0.012 0.559 0.055 0.095 1    
2:    0.066 0.756 0.093 0.035 0.050 1    
3:    0.153 0.397 0.157 0.151 0.142 1    
4:    0.030 0.879 0.033 0.028 0.030 1    
5:    0.066 0.761 0.093 0.040 0.041 1    
6:    0.036 0.865 0.037 0.029 0.033 1    
7:    0.047 0.823 0.056 0.035 0.038 1    
8:    0.057 0.787 0.061 0.048 0.047 1    
9:    0.025 0.899 0.025 0.026 0.024 1    
10:   0.221 0.150 0.224 0.178 0.226 1    
11:   0.025 0.906 0.024 0.024 0.023 1    
12:   0.102 0.631 0.118 0.073 0.076 1    
13:   0.022 0.912 0.023 0.022 0.021 1    
14:   0.194 0.210 0.188 0.213 0.195 1    
15:   0.052 0.783 0.055 0.061 0.049 1    
16:   0.174 0.212 0.195 0.236 0.183 1    
17:   0.068 0.708 0.083 0.077 0.064 1    
18:   0.126 0.438 0.119 0.189 0.128 1    
19:   0.096 0.618 0.096 0.092 0.098 1    
20:   0.074 0.740 0.079 0.051 0.056 1    
21:   0.078 0.716 0.100 0.051 0.055 1    
22:   0.200 0.201 0.199 0.200 0.201 1    
23:   0.074 0.701 0.133 0.045 0.048 1    
24:   0.059 0.770 0.082 0.044 0.045 1    
25:   0.173 0.344 0.263 0.098 0.122 1    
26:   0.098 0.615 0.096 0.095 0.096 1    
27:   0.096 0.611 0.127 0.073 0.092 1    
28:   0.221 0.152 0.219 0.187 0.220 1    
29:   0.057 0.773 0.070 0.050 0.051 1    
30:   0.049 0.807 0.073 0.035 0.035 1    
31:   0.022 0.916 0.022 0.020 0.020 1    
32:   0.097 0.648 0.121 0.068 0.067 1    
33:   0.085 0.675 0.100 0.069 0.071 1    
34:   0.070 0.719 0.089 0.065 0.056 1    
35:   0.143 0.437 0.146 0.140 0.134 1    
36:   0.175 0.294 0.189 0.184 0.158 1    
37:   0.216 0.202 0.193 0.183 0.207 1    
38:   0.218 0.077 0.209 0.258 0.238 1    
39:   0.032 0.876 0.035 0.027 0.030 1    
40:   0.047 0.828 0.049 0.038 0.039 1    
41:   0.156 0.390 0.159 0.158 0.137 1    
42:   0.056 0.784 0.062 0.045 0.052 1    
43:   0.210 0.205 0.373 0.097 0.115 1    
44:   0.082 0.704 0.077 0.065 0.073 1    
45:   0.090 0.669 0.131 0.053 0.057 1    
46:   0.184 0.322 0.185 0.150 0.159 1    
47:   0.218 0.244 0.192 0.149 0.197 1    
48:   0.116 0.556 0.192 0.073 0.064 1    
49:   0.261 0.073 0.222 0.211 0.233 1    
50:   0.268 0.110 0.206 0.193 0.223 1    
51:   0.272 0.032 0.200 0.238 0.257 1    
52:   0.242 0.030 0.257 0.215 0.255 1    
53:   0.207 0.057 0.182 0.322 0.232 1    
54:   0.202 0.032 0.204 0.291 0.271 1    
55:   0.226 0.134 0.205 0.214 0.221 1    
56:   0.177 0.012 0.218 0.337 0.256 1    
57:   0.266 0.033 0.219 0.226 0.256 1    
58:   0.256 0.101 0.271 0.155 0.218 1    
59:   0.177 0.075 0.191 0.323 0.234 1    
60:   0.229 0.029 0.235 0.277 0.231 1    
61:   0.268 0.041 0.253 0.187 0.252 1    
62:   0.226 0.131 0.243 0.172 0.228 1    
63:   0.230 0.149 0.326 0.125 0.170 1    
64:   0.248 0.035 0.200 0.240 0.278 1    
65:   0.273 0.036 0.241 0.200 0.251 1    
66:   0.223 0.121 0.192 0.240 0.223 1    
67:   0.250 0.037 0.234 0.180 0.299 1    
68:   0.228 0.016 0.226 0.261 0.269 1    
69:   0.278 0.020 0.156 0.263 0.282 1    
70:   0.267 0.016 0.203 0.225 0.289 1    
71:   0.195 0.139 0.187 0.268 0.211 1    
72:   0.238 0.018 0.174 0.291 0.278 1    
73:   0.289 0.021 0.183 0.214 0.292 1    
74:   0.209 0.037 0.223 0.300 0.232 1    
75:   0.227 0.039 0.224 0.262 0.248 1    
76:   0.273 0.016 0.199 0.253 0.259 1    
77:   0.228 0.031 0.235 0.265 0.241 1    
78:   0.207 0.022 0.268 0.295 0.208 1    
79:   0.265 0.026 0.162 0.241 0.306 1    
80:   0.214 0.041 0.254 0.264 0.228 1    
81:   0.272 0.033 0.221 0.237 0.238 1    
82:   0.218 0.101 0.232 0.241 0.208 1    
83:   0.258 0.023 0.231 0.242 0.246 1    
84:   0.259 0.032 0.235 0.235 0.240 1    
85:   0.149 0.414 0.150 0.146 0.142 1    
86:   0.146 0.386 0.153 0.172 0.143 1    
87:   0.157 0.158 0.161 0.315 0.208 1    
88:   0.192 0.034 0.177 0.343 0.254 1    
89:   0.225 0.036 0.249 0.253 0.237 1    
90:   0.267 0.036 0.164 0.254 0.279 1    
91:   0.224 0.070 0.248 0.248 0.210 1    
92:   0.239 0.145 0.224 0.205 0.187 1    
93:   0.237 0.029 0.222 0.212 0.300 1    
94:   0.177 0.315 0.160 0.168 0.180 1    
95:   0.264 0.030 0.171 0.248 0.287 1    
96:   0.167 0.034 0.164 0.376 0.260 1    
97:   0.211 0.161 0.190 0.222 0.216 1    
98:   0.182 0.167 0.178 0.290 0.183 1    
99:   0.232 0.081 0.269 0.214 0.205 1    
100:  0.143 0.456 0.140 0.133 0.128 1    
101:  0.231 0.096 0.238 0.203 0.233 1    
102:  0.206 0.026 0.204 0.332 0.232 1    
103:  0.242 0.059 0.228 0.231 0.240 1    
104:  0.260 0.027 0.259 0.215 0.239 1    
105:  0.228 0.162 0.207 0.190 0.214 1    
106:  0.228 0.187 0.248 0.159 0.177 1    
107:  0.105 0.563 0.123 0.107 0.102 1    
108:  0.185 0.025 0.180 0.371 0.239 1    
109:  0.197 0.208 0.216 0.191 0.187 1    
110:  0.236 0.021 0.286 0.208 0.249 1    
111:  0.258 0.050 0.221 0.191 0.280 1    
112:  0.246 0.045 0.226 0.249 0.234 1    
113:  0.179 0.043 0.180 0.343 0.254 1    
114:  0.173 0.301 0.215 0.158 0.153 1    
115:  0.271 0.041 0.214 0.177 0.297 1    
116:  0.275 0.030 0.192 0.238 0.265 1    
117:  0.243 0.056 0.210 0.227 0.264 1    
118:  0.233 0.086 0.251 0.233 0.197 1    
119:  0.234 0.062 0.257 0.214 0.233 1    
120:  0.170 0.014 0.165 0.389 0.263 1    
121:  0.246 0.063 0.265 0.210 0.217 1    
122:  0.273 0.023 0.319 0.154 0.231 1    
123:  0.269 0.063 0.196 0.217 0.256 1    
124:  0.225 0.149 0.288 0.149 0.189 1    
125:  0.192 0.043 0.194 0.328 0.242 1    
126:  0.229 0.172 0.205 0.186 0.207 1    
127:  0.172 0.120 0.168 0.319 0.221 1    
128:  0.178 0.026 0.219 0.334 0.243 1    
129:  0.263 0.026 0.210 0.245 0.257 1    
130:  0.199 0.025 0.175 0.352 0.249 1    
131:  0.261 0.033 0.317 0.168 0.221 1    
132:  0.226 0.082 0.325 0.193 0.174 1    
133:  0.233 0.147 0.198 0.186 0.237 1    
134:  0.245 0.054 0.258 0.232 0.212 1    
135:  0.217 0.042 0.169 0.317 0.256 1    
136:  0.267 0.046 0.203 0.201 0.283 1    
137:  0.241 0.063 0.240 0.226 0.230 1    
138:  0.262 0.078 0.205 0.209 0.246 1    
139:  0.268 0.057 0.207 0.181 0.288 1    
140:  0.245 0.134 0.195 0.163 0.263 1    
141:  0.228 0.134 0.187 0.227 0.224 1    
142:  0.264 0.047 0.341 0.174 0.174 1    
143:  0.263 0.015 0.251 0.222 0.250 1    
144:  0.271 0.025 0.235 0.186 0.283 1    
145:  0.176 0.258 0.161 0.225 0.181 1    
146:  0.207 0.094 0.206 0.269 0.224 1    
147:  0.223 0.067 0.216 0.278 0.215 1    
148:  0.260 0.029 0.204 0.240 0.266 1    
149:  0.212 0.078 0.212 0.257 0.241 1    
150:  0.191 0.037 0.177 0.338 0.257 1    
151:  0.154 0.210 0.164 0.281 0.190 1    
152:  0.189 0.049 0.193 0.322 0.247 1    
153:  0.150 0.462 0.155 0.115 0.119 1    
154:  0.248 0.049 0.281 0.192 0.230 1    
155:  0.237 0.106 0.185 0.235 0.237 1    
156:  0.257 0.026 0.203 0.241 0.273 1    
157:  0.232 0.017 0.217 0.244 0.291 1    
158:  0.213 0.085 0.201 0.272 0.228 1    
159:  0.217 0.041 0.223 0.290 0.228 1    
160:  0.248 0.024 0.203 0.225 0.299 1    
161:  0.220 0.021 0.182 0.295 0.282 1    
162:  0.246 0.071 0.189 0.258 0.236 1    
163:  0.276 0.021 0.193 0.188 0.321 1    
164:  0.239 0.048 0.236 0.208 0.269 1    
165:  0.273 0.025 0.239 0.214 0.249 1    
166:  0.269 0.024 0.174 0.249 0.283 1    
167:  0.236 0.024 0.221 0.278 0.242 1    
168:  0.236 0.027 0.242 0.209 0.286 1    
169:  0.200 0.021 0.163 0.362 0.254 1    
170:  0.218 0.040 0.189 0.299 0.255 1    
171:  0.259 0.023 0.198 0.214 0.306 1    
172:  0.220 0.033 0.218 0.267 0.263 1    
173:  0.264 0.030 0.226 0.182 0.298 1    
174:  0.238 0.029 0.207 0.285 0.241 1    
175:  0.218 0.022 0.205 0.292 0.263 1    
176:  0.223 0.027 0.217 0.278 0.255 1    
177:  0.220 0.052 0.215 0.261 0.251 1    
178:  0.198 0.040 0.279 0.271 0.212 1    
179:  0.267 0.058 0.230 0.188 0.257 1    
180:  0.279 0.028 0.206 0.216 0.270 1    
181:  0.241 0.097 0.232 0.208 0.221 1    
182:  0.208 0.246 0.186 0.183 0.178 1    
183:  0.215 0.033 0.215 0.289 0.249 1    
184:  0.217 0.058 0.202 0.290 0.232 1    
185:  0.205 0.033 0.184 0.315 0.262 1    
186:  0.230 0.087 0.231 0.250 0.202 1    
187:  0.287 0.017 0.183 0.197 0.316 1    
188:  0.210 0.043 0.214 0.298 0.234 1    
189:  0.208 0.087 0.232 0.231 0.241 1    
190:  0.231 0.093 0.217 0.232 0.228 1    
191:  0.264 0.030 0.224 0.224 0.258 1    
192:  0.241 0.060 0.212 0.230 0.257 1    
193:  0.242 0.078 0.197 0.241 0.242 1    
194:  0.144 0.450 0.147 0.115 0.143 1    
195:  0.274 0.035 0.342 0.161 0.189 1    
196:  0.223 0.073 0.210 0.258 0.235 1    
197:  0.204 0.193 0.171 0.222 0.211 1    
198:  0.235 0.067 0.188 0.255 0.254 1    
199:  0.189 0.129 0.203 0.249 0.230 1    
200:  0.192 0.153 0.189 0.257 0.209 1    
201:  0.236 0.029 0.283 0.212 0.241 1    
202:  0.228 0.088 0.236 0.231 0.217 1    
203:  0.254 0.042 0.227 0.247 0.229 1    
204:  0.241 0.086 0.340 0.165 0.168 1    
205:  0.236 0.118 0.223 0.196 0.227 1    
206:  0.258 0.038 0.194 0.241 0.270 1    
207:  0.197 0.065 0.193 0.319 0.225 1    
208:  0.264 0.021 0.211 0.216 0.287 1    
209:  0.150 0.212 0.165 0.279 0.195 1    
210:  0.236 0.094 0.257 0.200 0.213 1    
211:  0.264 0.039 0.223 0.222 0.252 1    
212:  0.269 0.035 0.205 0.230 0.262 1    
213:  0.133 0.486 0.140 0.123 0.118 1    
214:  0.173 0.032 0.169 0.379 0.247 1    
215:  0.224 0.119 0.211 0.209 0.238 1    
216:  0.232 0.070 0.218 0.244 0.236 1    
217:  0.210 0.168 0.258 0.180 0.183 1    
218:  0.194 0.219 0.186 0.198 0.204 1    
219:  0.154 0.370 0.153 0.163 0.160 1    
220:  0.226 0.029 0.197 0.300 0.248 1    
221:  0.222 0.103 0.199 0.258 0.217 1    
222:  0.243 0.032 0.191 0.275 0.260 1    
223:  0.242 0.115 0.216 0.192 0.235 1    
224:  0.236 0.041 0.203 0.270 0.250 1    
225:  0.161 0.363 0.147 0.172 0.158 1    
226:  0.269 0.028 0.337 0.136 0.230 1    
                    
                    
1:    0.159 0.026 0.401 0.402 0.012 1    
2:    0.058 0.042 0.082 0.078 0.740 1    
3:    0.146 0.151 0.153 0.150 0.399 1    
4:    0.034 0.032 0.033 0.032 0.870 1    
5:    0.057 0.037 0.090 0.081 0.735 1    
6:    0.037 0.029 0.038 0.038 0.859 1    
7:    0.043 0.036 0.049 0.046 0.825 1    
8:    0.050 0.048 0.062 0.060 0.780 1    
9:    0.026 0.026 0.026 0.026 0.895 1    
10:   0.232 0.202 0.207 0.203 0.156 1    
11:   0.024 0.024 0.026 0.024 0.902 1    
12:   0.092 0.070 0.092 0.092 0.655 1    
13:   0.023 0.023 0.023 0.025 0.907 1    
14:   0.197 0.218 0.184 0.190 0.211 1    
15:   0.051 0.056 0.058 0.062 0.773 1    
16:   0.174 0.209 0.195 0.210 0.212 1    
17:   0.061 0.071 0.074 0.085 0.708 1    
18:   0.117 0.158 0.114 0.156 0.456 1    
19:   0.100 0.084 0.107 0.102 0.607 1    
20:   0.065 0.053 0.069 0.061 0.751 1    
21:   0.068 0.051 0.091 0.089 0.701 1    
22:   0.199 0.202 0.199 0.200 0.200 1    
23:   0.067 0.042 0.104 0.102 0.685 1    
24:   0.050 0.043 0.073 0.077 0.758 1    
25:   0.156 0.105 0.214 0.204 0.321 1    
26:   0.093 0.086 0.104 0.097 0.621 1    
27:   0.096 0.080 0.107 0.100 0.617 1    
28:   0.221 0.187 0.219 0.209 0.165 1    
29:   0.058 0.049 0.069 0.064 0.761 1    
30:   0.047 0.034 0.065 0.068 0.785 1    
31:   0.021 0.021 0.022 0.023 0.913 1    
32:   0.086 0.068 0.109 0.092 0.644 1    
33:   0.083 0.075 0.099 0.095 0.649 1    
34:   0.063 0.065 0.076 0.084 0.712 1    
35:   0.140 0.134 0.151 0.147 0.429 1    
36:   0.168 0.165 0.175 0.202 0.288 1    
37:   0.210 0.191 0.202 0.193 0.204 1    
38:   0.234 0.260 0.211 0.221 0.074 1    
39:   0.032 0.028 0.034 0.032 0.874 1    
40:   0.044 0.036 0.051 0.048 0.821 1    
41:   0.151 0.146 0.158 0.150 0.395 1    
42:   0.059 0.045 0.056 0.057 0.783 1    
43:   0.154 0.082 0.294 0.284 0.186 1    
44:   0.083 0.079 0.079 0.071 0.689 1    
