  1:   0.0890  0.6413  0.0730  0.1968  1
  2:   0.1599  0.4188  0.2791  0.1423  1
  3:   0.0348  0.1596  0.0426  0.7630  1
  4:   0.0650  0.3034  0.4184  0.2132  1
  5:   0.2028  0.5650  0.1750  0.0572  1
  6:   0.0334  0.7164  0.1146  0.1356  1
  7:   0.3004  0.2200  0.2998  0.1798  1
  8:   0.2428  0.1620  0.0826  0.5126  1
  9:   0.7597  0.1611  0.0372  0.0420  1
 10:   0.0912  0.7898  0.0704  0.0486  1
 11:   0.0252  0.7363  0.1026  0.1359  1
 12:   0.7305  0.0672  0.0958  0.1066  1
 13:   0.0384  0.0945  0.5315  0.3356  1
 14:   0.0480  0.0388  0.0706  0.8426  1
 15:   0.0352  0.1256  0.7176  0.1216  1
 16:   0.7072  0.0410  0.1370  0.1148  1
 17:   0.0424  0.0366  0.2770  0.6440  1
 18:   0.0614  0.0840  0.0758  0.7789  1
 19:   0.1660  0.7680  0.0318  0.0342  1
 20:   0.0370  0.8278  0.0800  0.0552  1
 21:   0.7962  0.0294  0.1196  0.0548  1
 22:   0.0580  0.6728  0.1650  0.1042  1
 23:   0.1272  0.0806  0.0546  0.7375  1
 24:   0.9362  0.0190  0.0222  0.0226  1
 25:   0.0558  0.0558  0.2286  0.6597  1
 26:   0.2319  0.3818  0.1725  0.2139  1
 27:   0.7244  0.1319  0.0552  0.0885  1
 28:   0.0568  0.1086  0.4712  0.3634  1
 29:   0.0426  0.1287  0.5212  0.3075  1
 30:   0.0710  0.0690  0.4306  0.4294  1
 31:   0.1592  0.1806  0.2375  0.4227  1
 32:   0.1168  0.2841  0.3243  0.2747  1
 33:   0.0430  0.0366  0.0538  0.8666  1
 34:   0.0430  0.8422  0.0270  0.0878  1
 35:   0.0230  0.0398  0.0288  0.9084  1
 36:   0.0902  0.7882  0.0412  0.0804  1
 37:   0.2451  0.1073  0.2351  0.4126  1
 38:   0.7484  0.0558  0.1050  0.0908  1
 39:   0.1476  0.3923  0.3547  0.1054  1
 40:   0.2621  0.0654  0.1124  0.5600  1
 41:   0.8604  0.0388  0.0544  0.0464  1
 42:   0.0378  0.0846  0.1266  0.7510  1
 43:   0.5473  0.0300  0.0298  0.3929  1
 44:   0.8122  0.1126  0.0486  0.0266  1
 45:   0.0994  0.2995  0.5137  0.0874  1
 46:   0.0526  0.0328  0.0352  0.8794  1
 47:   0.3060  0.0966  0.3904  0.2070  1
 48:   0.3237  0.1018  0.5369  0.0376  1
 49:   0.0780  0.0586  0.5667  0.2967  1
 50:   0.1360  0.0738  0.7498  0.0404  1
 51:   0.0240  0.0326  0.8904  0.0530  1
 52:   0.0668  0.0862  0.6195  0.2276  1
 53:   0.0306  0.4484  0.3808  0.1403  1
 54:   0.0340  0.0390  0.8686  0.0584  1
 55:   0.2144  0.1772  0.2743  0.3341  1
 56:   0.2824  0.0516  0.5016  0.1644  1
 57:   0.0560  0.0538  0.5948  0.2954  1
 58:   0.2140  0.1064  0.3562  0.3234  1
 59:   0.0740  0.5521  0.2786  0.0952  1
 60:   0.0968  0.4028  0.4456  0.0548  1
 61:   0.7826  0.0930  0.0710  0.0534  1
 62:   0.0540  0.0652  0.7485  0.1322  1
 63:   0.0370  0.0598  0.0328  0.8704  1
 64:   0.0218  0.9030  0.0532  0.0220  1
 65:   0.1836  0.0352  0.6803  0.1010  1
 66:   0.8890  0.0386  0.0308  0.0416  1
 67:   0.0602  0.0660  0.4007  0.4731  1
 68:   0.1483  0.0436  0.6629  0.1451  1
 69:   0.2078  0.0748  0.6445  0.0730  1
 70:   0.0926  0.1294  0.5482  0.2298  1
 71:   0.0902  0.0936  0.6069  0.2092  1
 72:   0.0300  0.0382  0.0446  0.8873  1
 73:   0.2276  0.0774  0.4208  0.2742  1
 74:   0.0348  0.2362  0.1486  0.5804  1
 75:   0.2683  0.1246  0.1194  0.4877  1
 76:   0.0494  0.0598  0.8192  0.0716  1
 77:   0.0652  0.5866  0.1950  0.1532  1
 78:   0.2710  0.2386  0.0914  0.3990  1
 79:   0.0734  0.6853  0.1110  0.1302  1
 80:   0.0348  0.0444  0.0418  0.8790  1
 81:   0.2807  0.1078  0.5443  0.0672  1
 82:   0.0362  0.0714  0.0818  0.8106  1
 83:   0.1812  0.0244  0.0410  0.7534  1
 84:   0.2424  0.4587  0.0774  0.2214  1
 85:   0.0650  0.0428  0.6385  0.2538  1
 86:   0.0824  0.0500  0.7438  0.1238  1
 87:   0.3063  0.5421  0.0758  0.0758  1
 88:   0.3059  0.0848  0.1216  0.4877  1
 89:   0.1118  0.1942  0.5563  0.1376  1
 90:   0.0330  0.0324  0.0370  0.8976  1
 91:   0.1766  0.0870  0.1848  0.5515  1
 92:   0.0534  0.0396  0.4473  0.4597  1
 93:   0.1482  0.1030  0.6673  0.0814  1
 94:   0.0890  0.0758  0.4706  0.3646  1
 95:   0.0826  0.2685  0.1082  0.5407  1
 96:   0.2407  0.2247  0.2371  0.2975  1
 97:   0.0204  0.7928  0.1354  0.0514  1
 98:   0.0944  0.5229  0.1758  0.2068  1
 99:   0.0356  0.0366  0.8248  0.1030  1
100:   0.0790  0.1576  0.5831  0.1804  1
101:   0.2951  0.0614  0.0534  0.5901  1
102:   0.1158  0.0430  0.0610  0.7802  1
103:   0.5167  0.0752  0.0772  0.3309  1
104:   0.0826  0.6105  0.1066  0.2004  1
105:   0.1614  0.2849  0.2857  0.2679  1
106:   0.1365  0.0886  0.6647  0.1102  1
107:   0.0456  0.5661  0.2956  0.0926  1
108:   0.1712  0.0698  0.1610  0.5980  1
109:   0.1772  0.0788  0.3629  0.3811  1
110:   0.0412  0.3355  0.2805  0.3429  1
111:   0.0999  0.7414  0.0728  0.0859  1
112:   0.0682  0.6015  0.1254  0.2050  1
113:   0.0792  0.0576  0.0680  0.7952  1
114:   0.0204  0.1893  0.7139  0.0764  1
115:   0.6367  0.1088  0.1418  0.1128  1
116:   0.3600  0.0945  0.2592  0.2862  1
117:   0.4558  0.3786  0.1176  0.0480  1
118:   0.1086  0.3034  0.3926  0.1954  1
119:   0.0486  0.0676  0.0816  0.8022  1
120:   0.0340  0.1568  0.6848  0.1244  1
121:   0.8572  0.0280  0.0776  0.0372  1
122:   0.1988  0.2408  0.2715  0.2889  1
123:   0.0250  0.9151  0.0334  0.0266  1
124:   0.0284  0.0282  0.0728  0.8706  1
125:   0.0770  0.6436  0.1566  0.1228  1
126:   0.0654  0.5929  0.2655  0.0762  1
127:   0.0332  0.0896  0.6556  0.2216  1
128:   0.1996  0.4301  0.0608  0.3095  1
129:   0.0680  0.0680  0.6382  0.2258  1
130:   0.1228  0.2674  0.3512  0.2586  1
131:   0.1003  0.2373  0.3048  0.3576  1
132:   0.0778  0.3430  0.4520  0.1272  1
133:   0.4859  0.0274  0.2827  0.2040  1
134:   0.0414  0.0374  0.5878  0.3333  1
135:   0.0430  0.0454  0.4150  0.4966  1
136:   0.0348  0.0782  0.6867  0.2002  1
137:   0.0374  0.1996  0.7033  0.0596  1
138:   0.0780  0.2104  0.6621  0.0496  1
139:   0.0686  0.2917  0.5887  0.0510  1
140:   0.0294  0.7219  0.1343  0.1144  1
141:   0.0552  0.4535  0.4609  0.0304  1
142:   0.0492  0.6787  0.1674  0.1048  1
143:   0.0670  0.2348  0.6552  0.0430  1
144:   0.0962  0.0552  0.1872  0.6614  1
145:   0.1084  0.4570  0.3726  0.0620  1
146:   0.0314  0.0512  0.8539  0.0636  1
147:   0.3133  0.0632  0.3835  0.2400  1
148:   0.2480  0.1558  0.1978  0.3985  1
149:   0.5297  0.1584  0.0512  0.2607  1
150:   0.0608  0.1452  0.6395  0.1546  1
151:   0.9104  0.0270  0.0278  0.0348  1
152:   0.0626  0.1134  0.0750  0.7490  1
153:   0.4186  0.0836  0.4414  0.0564  1
154:   0.7185  0.0704  0.0402  0.1709  1
155:   0.6099  0.1328  0.1684  0.0888  1
156:   0.0670  0.1789  0.6260  0.1281  1
157:   0.0520  0.7103  0.1379  0.0998  1
158:   0.0632  0.0660  0.8200  0.0508  1
159:   0.0242  0.8796  0.0294  0.0668  1
160:   0.1852  0.0936  0.4079  0.3133  1
161:   0.0814  0.6807  0.1449  0.0930  1
162:   0.3961  0.1042  0.2044  0.2953  1
163:   0.0460  0.6926  0.1914  0.0700  1
164:   0.0586  0.6455  0.1382  0.1578  1
165:   0.0242  0.8898  0.0408  0.0452  1
166:   0.2498  0.4287  0.1274  0.1942  1
167:   0.8354  0.0308  0.0582  0.0756  1
168:   0.0810  0.0418  0.7884  0.0888  1
169:   0.0762  0.0848  0.0822  0.7569  1
170:   0.0556  0.0326  0.8640  0.0478  1
171:   0.1314  0.5322  0.2280  0.1084  1
172:   0.5161  0.0928  0.1710  0.2202  1
173:   0.7088  0.1164  0.1114  0.0634  1
174:   0.0898  0.4035  0.4083  0.0984  1
175:   0.2592  0.1072  0.4876  0.1460  1
176:   0.2423  0.0310  0.6665  0.0602  1
177:   0.5245  0.0414  0.2723  0.1618  1
178:   0.0884  0.0842  0.1918  0.6356  1
179:   0.0998  0.3541  0.3279  0.2183  1
180:   0.0808  0.5537  0.2939  0.0716  1
181:   0.8944  0.0244  0.0312  0.0500  1
182:   0.1434  0.0356  0.1480  0.6730  1
183:   0.0352  0.1978  0.7134  0.0536  1
184:   0.2471  0.0868  0.0782  0.5878  1
185:   0.0272  0.7108  0.1570  0.1050  1
186:   0.3367  0.5269  0.0752  0.0612  1
187:   0.1372  0.3941  0.1326  0.3361  1
188:   0.1496  0.0542  0.7220  0.0742  1
189:   0.0228  0.1256  0.8228  0.0288  1
190:   0.8052  0.0394  0.0504  0.1050  1
191:   0.3596  0.4772  0.0688  0.0944  1
192:   0.1690  0.0604  0.5613  0.2092  1
193:   0.0252  0.9154  0.0326  0.0268  1
194:   0.0252  0.8843  0.0472  0.0432  1
195:   0.0202  0.4857  0.4675  0.0266  1
196:   0.0814  0.8054  0.0500  0.0632  1
197:   0.1082  0.7511  0.0834  0.0574  1
198:   0.0312  0.6157  0.2441  0.1090  1
199:   0.0304  0.0416  0.0304  0.8976  1
200:   0.0536  0.7152  0.1038  0.1274  1
201:   0.0336  0.8932  0.0288  0.0444  1
202:   0.0732  0.0888  0.3973  0.4407  1
203:   0.0350  0.0782  0.6857  0.2011  1
204:   0.0406  0.1118  0.5824  0.2652  1
205:   0.7001  0.1450  0.0594  0.0954  1
206:   0.0486  0.5863  0.1418  0.2234  1
207:   0.8826  0.0246  0.0528  0.0400  1
208:   0.1364  0.6057  0.1412  0.1166  1
209:   0.1212  0.7177  0.0520  0.1092  1
210:   0.0668  0.7115  0.1717  0.0500  1
211:   0.7818  0.1266  0.0422  0.0494  1
212:   0.7692  0.1080  0.0604  0.0624  1
213:   0.0458  0.0336  0.8460  0.0746  1
214:   0.0522  0.6695  0.1138  0.1645  1
215:   0.1300  0.2865  0.5365  0.0470  1
216:   0.0322  0.2228  0.6293  0.1156  1
217:   0.0228  0.1258  0.8230  0.0284  1
218:   0.7220  0.1658  0.0628  0.0494  1
219:   0.0336  0.8928  0.0284  0.0452  1
220:   0.0534  0.1134  0.5491  0.2841  1
221:   0.0860  0.7468  0.0732  0.0940  1
222:   0.1518  0.1746  0.3529  0.3207  1
223:   0.0950  0.2390  0.2154  0.4505  1
224:   0.1938  0.2114  0.5038  0.0910  1
225:   0.9150  0.0230  0.0270  0.0350  1
226:   0.8988  0.0320  0.0298  0.0394  1
227:   0.7972  0.0384  0.0724  0.0920  1
228:   0.0798  0.7007  0.0710  0.1485  1
229:   0.4449  0.1870  0.1140  0.2541  1
230:   0.0334  0.0842  0.5701  0.3123  1
231:   0.4341  0.2078  0.2575  0.1006  1
232:   0.0678  0.3795  0.2368  0.3159  1
233:   0.2075  0.0680  0.5852  0.1393  1
234:   0.0922  0.1720  0.6576  0.0782  1
235:   0.0488  0.0498  0.0536  0.8478  1
236:   0.0454  0.1757  0.5576  0.2212  1
237:   0.3709  0.0484  0.1526  0.4281  1
238:   0.8506  0.0298  0.0688  0.0508  1
239:   0.0470  0.2976  0.1990  0.4564  1
240:   0.0598  0.2148  0.6429  0.0824  1
241:   0.8730  0.0626  0.0270  0.0374  1
242:   0.1092  0.6147  0.1836  0.0926  1
243:   0.0688  0.0488  0.2990  0.5834  1
244:   0.0716  0.0516  0.0240  0.8527  1
245:   0.1884  0.5847  0.1294  0.0974  1
246:   0.0432  0.3758  0.5288  0.0522  1
247:   0.2128  0.2520  0.2756  0.2596  1
248:   0.4019  0.0846  0.4287  0.0848  1
249:   0.0826  0.2328  0.4999  0.1846  1
250:   0.2971  0.0716  0.4607  0.1706  1
251:   0.0820  0.0528  0.2550  0.6101  1
252:   0.1263  0.1449  0.6605  0.0682  1
253:   0.0354  0.8246  0.0786  0.0614  1
254:   0.1052  0.1914  0.2927  0.4107  1
255:   0.0262  0.8435  0.0358  0.0945  1
256:   0.0252  0.8444  0.0358  0.0946  1
257:   0.1030  0.6613  0.1270  0.1086  1
258:   0.0952  0.6453  0.1884  0.0712  1
259:   0.0280  0.6230  0.3052  0.0438  1
260:   0.1732  0.1012  0.6586  0.0670  1
