  1:   0.1331  0.2503  0.0681  0.2503  0.1321  0.1662  1
  2:   0.3060  0.2120  0.0760  0.2100  0.0450  0.1510  1
  3:   0.3017  0.2118  0.0779  0.2098  0.0470  0.1518  1
  4:   0.0601  0.1161  0.2092  0.1131  0.2973  0.2042  1
  5:   0.3570  0.0540  0.0990  0.0420  0.1880  0.2600  1
  6:   0.2240  0.2980  0.0440  0.3200  0.0450  0.0690  1
  7:   0.0779  0.0699  0.5514  0.0729  0.0959  0.1319  1
  8:   0.2030  0.2710  0.0630  0.2980  0.0780  0.0870  1
  9:   0.1510  0.1090  0.0540  0.0820  0.4340  0.1700  1
 10:   0.4040  0.1950  0.0530  0.1210  0.1140  0.1130  1
 11:   0.3664  0.0631  0.1051  0.0410  0.2002  0.2242  1
 12:   0.0641  0.3574  0.0420  0.4134  0.0551  0.0681  1
 13:   0.0430  0.3333  0.0651  0.3734  0.0951  0.0901  1
 14:   0.2750  0.2250  0.0580  0.2360  0.0880  0.1180  1
 15:   0.0719  0.0589  0.0539  0.0529  0.5180  0.2445  1
 16:   0.1562  0.1792  0.1211  0.1752  0.1562  0.2122  1
 17:   0.0500  0.0870  0.6290  0.0950  0.0360  0.1030  1
 18:   0.0700  0.3160  0.0620  0.3310  0.1170  0.1040  1
 19:   0.1020  0.2580  0.0710  0.2810  0.1590  0.1290  1
 20:   0.0600  0.0650  0.5260  0.0650  0.1090  0.1750  1
 21:   0.0550  0.1540  0.3450  0.1690  0.1210  0.1560  1
 22:   0.1359  0.2328  0.1279  0.2348  0.0899  0.1788  1
 23:   0.0801  0.1171  0.0651  0.1001  0.4134  0.2242  1
 24:   0.0700  0.2310  0.1710  0.2790  0.1010  0.1480  1
 25:   0.5534  0.1139  0.0460  0.0629  0.0819  0.1419  1
 26:   0.3057  0.0949  0.0829  0.0629  0.2767  0.1768  1
 27:   0.3860  0.1460  0.1240  0.1110  0.1000  0.1330  1
 28:   0.1868  0.1269  0.1109  0.1239  0.2018  0.2498  1
 29:   0.3350  0.2000  0.0720  0.1350  0.1160  0.1420  1
 30:   0.3684  0.1902  0.0621  0.1522  0.0921  0.1351  1
 31:   0.0790  0.1720  0.3070  0.1960  0.0820  0.1640  1
 32:   0.0960  0.2850  0.0520  0.3240  0.0830  0.1600  1
 33:   0.1910  0.0760  0.4130  0.0590  0.1220  0.1390  1
 34:   0.3530  0.1210  0.0980  0.1010  0.1450  0.1820  1
 35:   0.0800  0.2560  0.0900  0.3330  0.0510  0.1900  1
 36:   0.1179  0.1479  0.0899  0.1419  0.3007  0.2018  1
 37:   0.1290  0.2770  0.1220  0.2550  0.0910  0.1260  1
 38:   0.4670  0.1410  0.0980  0.0740  0.0870  0.1330  1
 39:   0.0860  0.1200  0.0750  0.1030  0.3460  0.2700  1
 40:   0.3820  0.1810  0.0660  0.1420  0.1050  0.1240  1
 41:   0.0460  0.3790  0.0430  0.4250  0.0630  0.0440  1
 42:   0.1040  0.2590  0.0840  0.2670  0.1170  0.1690  1
 43:   0.3130  0.1150  0.2030  0.0910  0.1050  0.1730  1
 44:   0.1259  0.2078  0.1568  0.2527  0.0809  0.1758  1
 45:   0.1490  0.1550  0.3700  0.1550  0.0430  0.1280  1
 46:   0.3183  0.1091  0.1251  0.1021  0.1291  0.2162  1
 47:   0.0710  0.3290  0.1300  0.3090  0.0620  0.0990  1
 48:   0.3624  0.2142  0.0721  0.1421  0.0891  0.1201  1
 49:   0.3450  0.1160  0.0800  0.0960  0.1860  0.1770  1
 50:   0.3800  0.0720  0.0820  0.0450  0.1980  0.2230  1
 51:   0.0370  0.1439  0.5315  0.1419  0.0490  0.0969  1
 52:   0.0750  0.0800  0.0670  0.0700  0.4800  0.2280  1
 53:   0.0770  0.2800  0.1460  0.3140  0.0550  0.1280  1
 54:   0.2430  0.2050  0.0580  0.2090  0.1140  0.1710  1
 55:   0.3170  0.0800  0.1030  0.0590  0.2280  0.2130  1
 56:   0.3260  0.1060  0.0940  0.0750  0.1650  0.2340  1
 57:   0.4374  0.1441  0.1011  0.1391  0.0300  0.1481  1
 58:   0.2170  0.1480  0.3190  0.1070  0.0850  0.1240  1
 59:   0.0879  0.1199  0.0799  0.1179  0.3417  0.2527  1
 60:   0.2887  0.1958  0.0779  0.1848  0.0949  0.1578  1
 61:   0.0891  0.2663  0.1031  0.2963  0.1111  0.1341  1
 62:   0.3430  0.0670  0.0980  0.0410  0.2160  0.2350  1
 63:   0.0650  0.2800  0.0430  0.3420  0.0640  0.2060  1
 64:   0.1249  0.1319  0.0879  0.1279  0.2478  0.2797  1
 65:   0.2375  0.2186  0.1248  0.2265  0.0888  0.1038  1
 66:   0.0449  0.1477  0.0619  0.1517  0.4351  0.1587  1
 67:   0.0600  0.1520  0.1150  0.1500  0.3530  0.1700  1
 68:   0.0870  0.1220  0.1930  0.1160  0.2770  0.2050  1
 69:   0.0600  0.1070  0.4690  0.1110  0.0990  0.1540  1
 70:   0.1250  0.0830  0.0780  0.0820  0.3300  0.3020  1
 71:   0.3337  0.1998  0.0669  0.1239  0.1409  0.1349  1
 72:   0.1848  0.0869  0.0809  0.0759  0.2947  0.2767  1
 73:   0.4770  0.0890  0.1370  0.0420  0.1220  0.1330  1
 74:   0.1259  0.1918  0.2378  0.1998  0.0879  0.1568  1
 75:   0.4386  0.0579  0.0529  0.0549  0.1538  0.2418  1
 76:   0.0759  0.0460  0.5864  0.0410  0.1149  0.1359  1
 77:   0.0551  0.0831  0.4705  0.0791  0.1592  0.1532  1
 78:   0.5210  0.0640  0.0520  0.0570  0.0930  0.2130  1
 79:   0.6136  0.0741  0.0400  0.0430  0.0771  0.1522  1
 80:   0.0949  0.0609  0.0899  0.0539  0.3796  0.3207  1
 81:   0.0779  0.3217  0.0490  0.3427  0.0849  0.1239  1
 82:   0.3297  0.0929  0.0999  0.0689  0.2088  0.1998  1
 83:   0.3240  0.0450  0.0570  0.0400  0.2940  0.2400  1
 84:   0.2733  0.2462  0.0581  0.1852  0.1101  0.1271  1
 85:   0.0620  0.3550  0.0440  0.3930  0.0820  0.0640  1
 86:   0.1280  0.2240  0.2860  0.2310  0.0480  0.0830  1
 87:   0.1270  0.0610  0.1010  0.0570  0.3630  0.2910  1
 88:   0.3310  0.1860  0.0610  0.1640  0.1050  0.1530  1
 89:   0.0569  0.2797  0.2008  0.3307  0.0599  0.0719  1
 90:   0.4650  0.1720  0.0330  0.1470  0.0630  0.1200  1
 91:   0.0560  0.3500  0.0320  0.4140  0.0510  0.0970  1
 92:   0.2740  0.1420  0.2110  0.1280  0.0850  0.1600  1
 93:   0.1381  0.1782  0.2543  0.2102  0.0691  0.1502  1
 94:   0.0600  0.2720  0.0810  0.3580  0.0410  0.1880  1
 95:   0.1491  0.1391  0.0941  0.1281  0.2372  0.2523  1
 96:   0.0541  0.2212  0.0741  0.2302  0.2553  0.1652  1
 97:   0.0350  0.0690  0.0400  0.0610  0.5810  0.2140  1
 98:   0.1952  0.1782  0.0731  0.1552  0.2152  0.1832  1
 99:   0.0719  0.1159  0.3956  0.1229  0.1389  0.1548  1
100:   0.1980  0.0750  0.2450  0.0620  0.2320  0.1880  1
101:   0.0850  0.1380  0.0790  0.1420  0.3490  0.2070  1
102:   0.0710  0.2160  0.0720  0.2550  0.2180  0.1680  1
103:   0.0870  0.1470  0.0590  0.1440  0.3560  0.2070  1
104:   0.0570  0.1200  0.2230  0.1430  0.2560  0.2010  1
105:   0.3300  0.1200  0.0670  0.1060  0.1310  0.2460  1
106:   0.3200  0.0490  0.0580  0.0400  0.3010  0.2320  1
107:   0.0509  0.0549  0.0519  0.0500  0.5564  0.2358  1
108:   0.0719  0.2338  0.0989  0.2657  0.1818  0.1479  1
109:   0.2583  0.0841  0.3133  0.0531  0.1151  0.1762  1
110:   0.0511  0.1952  0.3193  0.2112  0.0991  0.1241  1
111:   0.0629  0.3746  0.0340  0.4236  0.0370  0.0679  1
112:   0.1610  0.3250  0.0440  0.3380  0.0650  0.0670  1
113:   0.0650  0.2140  0.2260  0.2220  0.1100  0.1630  1
114:   0.3130  0.2360  0.0490  0.1930  0.0770  0.1320  1
115:   0.0581  0.2803  0.0821  0.2953  0.1522  0.1321  1
116:   0.2322  0.2482  0.1161  0.1882  0.0971  0.1181  1
117:   0.0730  0.2570  0.1540  0.3040  0.0440  0.1680  1
118:   0.3550  0.0900  0.0700  0.0620  0.2300  0.1930  1
119:   0.0531  0.1682  0.2593  0.1992  0.1652  0.1552  1
120:   0.1140  0.1640  0.2470  0.1560  0.1390  0.1800  1
121:   0.1920  0.1570  0.2820  0.1410  0.0770  0.1510  1
122:   0.0910  0.1470  0.2220  0.1440  0.2240  0.1720  1
123:   0.2132  0.0731  0.0711  0.0621  0.3804  0.2002  1
124:   0.0530  0.2070  0.2100  0.2340  0.1360  0.1600  1
125:   0.0620  0.0990  0.0660  0.0830  0.4570  0.2330  1
126:   0.0779  0.1489  0.4316  0.1528  0.0749  0.1139  1
127:   0.0832  0.0531  0.6112  0.0591  0.0681  0.1253  1
128:   0.1070  0.0870  0.0500  0.0760  0.4850  0.1950  1
129:   0.3310  0.0650  0.3940  0.0400  0.0470  0.1230  1
130:   0.1270  0.2550  0.0720  0.2800  0.1240  0.1420  1
131:   0.0989  0.0490  0.6184  0.0559  0.0549  0.1229  1
132:   0.1259  0.2468  0.0869  0.2278  0.1538  0.1588  1
133:   0.0740  0.1940  0.2900  0.1750  0.1430  0.1240  1
134:   0.0860  0.2040  0.0640  0.1900  0.2990  0.1570  1
135:   0.0899  0.3117  0.1339  0.3237  0.0619  0.0789  1
136:   0.2072  0.2683  0.0681  0.3053  0.0611  0.0901  1
137:   0.0511  0.1151  0.0981  0.1031  0.4184  0.2142  1
138:   0.0670  0.1800  0.1600  0.2070  0.1970  0.1890  1
139:   0.0380  0.0881  0.0541  0.0831  0.5365  0.2002  1
140:   0.0601  0.0891  0.0541  0.0811  0.5155  0.2002  1
141:   0.0500  0.1990  0.1900  0.2380  0.1530  0.1700  1
142:   0.0540  0.3120  0.0410  0.3390  0.1500  0.1040  1
143:   0.1151  0.1271  0.1121  0.0791  0.3654  0.2012  1
144:   0.3594  0.1051  0.2132  0.0941  0.0751  0.1532  1
145:   0.1009  0.1189  0.1489  0.1079  0.3227  0.2008  1
146:   0.3107  0.0579  0.0999  0.0460  0.1828  0.3027  1
147:   0.0670  0.0960  0.0660  0.0970  0.4080  0.2660  1
148:   0.1070  0.3240  0.0420  0.3380  0.0910  0.0980  1
149:   0.0869  0.1459  0.2567  0.1808  0.1479  0.1818  1
150:   0.0470  0.2620  0.0770  0.3580  0.0520  0.2040  1
151:   0.0830  0.0820  0.0690  0.0670  0.5080  0.1910  1
152:   0.1099  0.1479  0.0919  0.1508  0.2807  0.2188  1
153:   0.6356  0.0631  0.0330  0.0330  0.0901  0.1451  1
154:   0.0440  0.3253  0.0881  0.3964  0.0571  0.0891  1
155:   0.5684  0.0889  0.0619  0.0450  0.0949  0.1409  1
156:   0.1201  0.1381  0.0781  0.1251  0.2763  0.2623  1
157:   0.0690  0.1120  0.2990  0.1020  0.2540  0.1640  1
158:   0.3590  0.1490  0.0600  0.1010  0.1900  0.1410  1
159:   0.0800  0.2980  0.1170  0.3390  0.0840  0.0820  1
160:   0.3190  0.2330  0.0650  0.1870  0.1040  0.0920  1
161:   0.2740  0.0760  0.3370  0.0740  0.0820  0.1570  1
162:   0.2480  0.2040  0.0760  0.2110  0.1030  0.1580  1
163:   0.1858  0.1499  0.1159  0.1279  0.1998  0.2208  1
164:   0.0740  0.2620  0.1160  0.3260  0.0500  0.1720  1
165:   0.1660  0.2030  0.1740  0.2000  0.1000  0.1570  1
166:   0.3353  0.2002  0.0561  0.1892  0.0911  0.1281  1
167:   0.3340  0.1620  0.0600  0.1430  0.1100  0.1910  1
168:   0.0560  0.3440  0.0330  0.4110  0.0470  0.1090  1
169:   0.0480  0.3760  0.0570  0.4190  0.0490  0.0510  1
170:   0.0480  0.2300  0.1670  0.3030  0.0850  0.1670  1
171:   0.1179  0.3546  0.0529  0.3776  0.0450  0.0519  1
172:   0.0909  0.1169  0.5175  0.1239  0.0370  0.1139  1
173:   0.0480  0.2577  0.1838  0.2897  0.1009  0.1199  1
174:   0.0730  0.0490  0.0520  0.0460  0.5110  0.2690  1
175:   0.1460  0.2090  0.1380  0.2330  0.1090  0.1650  1
176:   0.0830  0.0690  0.0840  0.0650  0.4960  0.2030  1
177:   0.1351  0.1702  0.2482  0.2112  0.0681  0.1672  1
178:   0.2617  0.2308  0.0849  0.1878  0.0889  0.1459  1
179:   0.0890  0.3110  0.0450  0.3170  0.1150  0.1230  1
180:   0.3247  0.0749  0.0989  0.0549  0.2068  0.2398  1
181:   0.1200  0.1550  0.1080  0.1360  0.2660  0.2150  1
182:   0.1000  0.1320  0.3830  0.1430  0.0930  0.1490  1
183:   0.0290  0.0640  0.6410  0.0710  0.0830  0.1120  1
184:   0.1139  0.2378  0.1479  0.1998  0.1459  0.1548  1
185:   0.2042  0.2122  0.0691  0.2302  0.1041  0.1802  1
186:   0.1281  0.2983  0.0741  0.2813  0.0771  0.1411  1
187:   0.4875  0.0919  0.1309  0.0729  0.0709  0.1459  1
188:   0.0551  0.1992  0.3514  0.2252  0.0561  0.1131  1
189:   0.0490  0.3740  0.0390  0.4110  0.0680  0.0590  1
190:   0.0890  0.0690  0.3950  0.0610  0.1720  0.2140  1
191:   0.1191  0.1351  0.2102  0.1201  0.2282  0.1872  1
192:   0.1532  0.2162  0.2172  0.2452  0.0561  0.1121  1
193:   0.1321  0.0671  0.0841  0.0701  0.3353  0.3113  1
194:   0.1010  0.0470  0.1670  0.0360  0.4040  0.2450  1
195:   0.4384  0.0901  0.0851  0.0581  0.1682  0.1602  1
196:   0.0691  0.1822  0.2853  0.2222  0.0821  0.1592  1
197:   0.1439  0.0500  0.5325  0.0450  0.0939  0.1349  1
198:   0.0430  0.2460  0.1560  0.3360  0.0490  0.1700  1
199:   0.0931  0.2573  0.0460  0.3203  0.0861  0.1972  1
200:   0.0430  0.3880  0.0470  0.4430  0.0380  0.0410  1
201:   0.4034  0.0951  0.0811  0.0771  0.1081  0.2352  1
202:   0.0770  0.2490  0.2140  0.2780  0.0610  0.1210  1
203:   0.1310  0.1520  0.1480  0.1520  0.1750  0.2420  1
204:   0.1690  0.2920  0.0880  0.2770  0.0870  0.0870  1
205:   0.0811  0.2673  0.0711  0.2753  0.1592  0.1461  1
206:   0.0609  0.0470  0.0859  0.0400  0.5065  0.2597  1
207:   0.0450  0.0651  0.0490  0.0631  0.5696  0.2082  1
208:   0.1560  0.0880  0.1160  0.0660  0.3100  0.2640  1
209:   0.0530  0.0710  0.4350  0.0680  0.1980  0.1750  1
210:   0.1088  0.0479  0.2754  0.0489  0.2844  0.2345  1
211:   0.3197  0.0539  0.0929  0.0490  0.1778  0.3067  1
212:   0.1280  0.1650  0.1150  0.1810  0.1800  0.2310  1
213:   0.0530  0.0340  0.7020  0.0330  0.0620  0.1160  1
214:   0.0590  0.0660  0.0530  0.0660  0.5130  0.2430  1
215:   0.0470  0.1360  0.1270  0.1630  0.3120  0.2150  1
216:   0.1980  0.2300  0.1120  0.2370  0.0670  0.1560  1
217:   0.2000  0.2390  0.1270  0.2590  0.0670  0.1080  1
218:   0.2690  0.2220  0.0500  0.2080  0.0840  0.1670  1
219:   0.1411  0.0971  0.3684  0.0951  0.1031  0.1952  1
220:   0.0770  0.1250  0.0630  0.1140  0.4170  0.2040  1
221:   0.1439  0.1239  0.4296  0.1129  0.0679  0.1219  1
222:   0.1420  0.0410  0.0770  0.0370  0.3640  0.3390  1
223:   0.0710  0.1660  0.2480  0.2010  0.1090  0.2050  1
224:   0.2428  0.0869  0.2767  0.0789  0.1009  0.2138  1
225:   0.3830  0.0540  0.0770  0.0470  0.1850  0.2540  1
226:   0.0960  0.1790  0.2890  0.1950  0.0950  0.1460  1
227:   0.0590  0.2490  0.1470  0.2870  0.0970  0.1610  1
228:   0.0760  0.0720  0.5690  0.0710  0.0860  0.1260  1
229:   0.3417  0.1988  0.0949  0.1638  0.0809  0.1199  1
230:   0.2570  0.2010  0.0850  0.1960  0.1230  0.1380  1
231:   0.0821  0.2292  0.1652  0.2523  0.1201  0.1512  1
232:   0.1982  0.2072  0.0841  0.1832  0.1401  0.1872  1
233:   0.4580  0.1240  0.1600  0.0810  0.0510  0.1260  1
234:   0.0581  0.1131  0.5305  0.1021  0.0781  0.1181  1
235:   0.0760  0.1130  0.4340  0.1050  0.1410  0.1310  1
236:   0.0869  0.1019  0.4605  0.1039  0.1119  0.1349  1
237:   0.0460  0.0539  0.2557  0.0490  0.3966  0.1988  1
238:   0.0580  0.2500  0.0970  0.3260  0.0930  0.1760  1
239:   0.0691  0.3233  0.0380  0.3644  0.0711  0.1341  1
240:   0.3530  0.1980  0.0690  0.1590  0.0840  0.1370  1
241:   0.0760  0.2850  0.0580  0.3510  0.0480  0.1820  1
242:   0.1500  0.2190  0.1630  0.2480  0.0710  0.1490  1
243:   0.0570  0.0650  0.2610  0.0650  0.3420  0.2100  1
244:   0.1100  0.2810  0.1290  0.2830  0.0590  0.1380  1
245:   0.3133  0.0691  0.3814  0.0581  0.0480  0.1301  1
246:   0.4715  0.1291  0.0851  0.1301  0.0601  0.1241  1
247:   0.0540  0.3680  0.0510  0.4110  0.0530  0.0630  1
248:   0.0270  0.1290  0.4780  0.1740  0.0660  0.1260  1
249:   0.3383  0.0761  0.1411  0.0501  0.2142  0.1802  1
250:   0.0940  0.1700  0.0470  0.1470  0.3620  0.1800  1
251:   0.1429  0.2228  0.1079  0.2777  0.0629  0.1858  1
252:   0.2110  0.0710  0.0680  0.0550  0.3870  0.2080  1
253:   0.0770  0.2370  0.1850  0.2510  0.1110  0.1390  1
254:   0.0670  0.0730  0.0840  0.0650  0.4280  0.2830  1
255:   0.3580  0.0610  0.1230  0.0520  0.1730  0.2330  1
256:   0.0300  0.0470  0.6850  0.0490  0.0710  0.1180  1
257:   0.1602  0.0871  0.1251  0.0661  0.2593  0.3023  1
258:   0.0539  0.0809  0.4026  0.0749  0.2278  0.1598  1
259:   0.0440  0.1271  0.0490  0.1461  0.4204  0.2132  1
260:   0.0690  0.0620  0.0680  0.0610  0.4830  0.2570  1

  1:   0.2310  0.3180  0.0570  0.1110  0.1040  0.1790  1
  2:   0.2018  0.5335  0.0759  0.0539  0.0410  0.0939  1
  3:   0.1998  0.5385  0.0749  0.0539  0.0430  0.0899  1
  4:   0.1010  0.1490  0.2040  0.0370  0.3070  0.2020  1
  5:   0.2897  0.0729  0.0829  0.0450  0.1978  0.3117  1
  6:   0.1500  0.1190  0.0400  0.5650  0.0390  0.0870  1
  7:   0.0690  0.0980  0.6200  0.0470  0.0810  0.0850  1
  8:   0.1390  0.1430  0.0560  0.4850  0.0640  0.1130  1
  9:   0.1219  0.1039  0.0430  0.0829  0.4036  0.2448  1
 10:   0.2600  0.2720  0.0440  0.1500  0.0860  0.1880  1
 11:   0.3040  0.0820  0.0820  0.0440  0.2010  0.2870  1
 12:   0.0731  0.0981  0.0370  0.6817  0.0440  0.0661  1
 13:   0.0591  0.0360  0.0661  0.6757  0.1021  0.0611  1
 14:   0.2050  0.1440  0.0460  0.3740  0.0700  0.1610  1
 15:   0.0791  0.0511  0.0440  0.0470  0.6146  0.1642  1
 16:   0.2162  0.1682  0.1151  0.1381  0.1742  0.1882  1
 17:   0.0589  0.1099  0.6873  0.0609  0.0250  0.0579  1
 18:   0.1040  0.1150  0.0480  0.4930  0.1070  0.1330  1
 19:   0.1069  0.1289  0.0589  0.4176  0.1419  0.1459  1
 20:   0.0860  0.0730  0.5770  0.0380  0.1050  0.1210  1
 21:   0.1080  0.1220  0.3670  0.1540  0.1140  0.1350  1
 22:   0.1360  0.4480  0.1280  0.0780  0.0670  0.1430  1
 23:   0.0950  0.0730  0.0460  0.1190  0.4790  0.1880  1
 24:   0.1690  0.2810  0.1570  0.1860  0.0720  0.1350  1
 25:   0.3890  0.2290  0.0380  0.0300  0.0980  0.2160  1
 26:   0.2060  0.0840  0.0600  0.0600  0.1880  0.4020  1
 27:   0.2703  0.1031  0.1261  0.1612  0.0941  0.2452  1
 28:   0.1872  0.0901  0.0941  0.1532  0.2152  0.2603  1
 29:   0.2620  0.2210  0.0530  0.0980  0.0720  0.2940  1
 30:   0.2392  0.3954  0.0521  0.0891  0.0781  0.1461  1
 31:   0.1390  0.1700  0.3250  0.1670  0.0760  0.1230  1
 32:   0.2280  0.3540  0.0390  0.1830  0.0630  0.1330  1
 33:   0.1480  0.0900  0.4640  0.0730  0.1290  0.0960  1
 34:   0.2530  0.1530  0.0840  0.1420  0.1210  0.2470  1
 35:   0.2192  0.5225  0.0781  0.0651  0.0350  0.0801  1
 36:   0.1310  0.1060  0.0720  0.1540  0.3280  0.2090  1
 37:   0.0930  0.3960  0.1010  0.1550  0.0300  0.2250  1
 38:   0.3490  0.1330  0.0880  0.0860  0.0900  0.2540  1
 39:   0.0968  0.0599  0.0629  0.1497  0.4541  0.1766  1
 40:   0.2687  0.1938  0.0589  0.2058  0.0999  0.1728  1
 41:   0.0490  0.0460  0.0380  0.7440  0.0420  0.0810  1
 42:   0.2220  0.1830  0.0590  0.2480  0.0820  0.2060  1
 43:   0.2242  0.2683  0.2132  0.0300  0.1161  0.1481  1
 44:   0.1950  0.4450  0.1420  0.0690  0.0630  0.0860  1
 45:   0.1179  0.2987  0.4076  0.0659  0.0400  0.0699  1
 46:   0.2667  0.0829  0.1189  0.1459  0.1359  0.2498  1
 47:   0.0580  0.2250  0.1310  0.4730  0.0490  0.0640  1
 48:   0.2340  0.3130  0.0580  0.1250  0.0530  0.2170  1
 49:   0.2290  0.0940  0.0560  0.1020  0.1280  0.3910  1
 50:   0.2900  0.0710  0.0500  0.0390  0.1170  0.4330  1
 51:   0.0450  0.0610  0.5990  0.2070  0.0430  0.0450  1
 52:   0.0859  0.0649  0.0490  0.0659  0.5265  0.2078  1
 53:   0.1251  0.2553  0.1532  0.3514  0.0490  0.0661  1
 54:   0.2402  0.4314  0.0490  0.0571  0.0891  0.1331  1
 55:   0.2490  0.1080  0.0880  0.0530  0.2640  0.2380  1
 56:   0.2780  0.1220  0.0720  0.0650  0.1320  0.3310  1
 57:   0.2850  0.4290  0.0960  0.0500  0.0410  0.0990  1
 58:   0.1470  0.2290  0.3210  0.0940  0.0590  0.1500  1
 59:   0.1309  0.0999  0.0529  0.0959  0.4356  0.1848  1
 60:   0.2660  0.2510  0.0660  0.1500  0.0790  0.1880  1
 61:   0.1520  0.1670  0.0860  0.3470  0.0880  0.1600  1
 62:   0.2970  0.0850  0.0750  0.0280  0.2360  0.2790  1
 63:   0.2600  0.5120  0.0300  0.0560  0.0430  0.0990  1
 64:   0.1760  0.1050  0.0600  0.1210  0.3040  0.2340  1
 65:   0.1750  0.0960  0.1260  0.3750  0.0870  0.1410  1
 66:   0.0561  0.0601  0.0581  0.2382  0.4484  0.1391  1
 67:   0.0800  0.0550  0.0970  0.2060  0.3190  0.2430  1
 68:   0.1140  0.0550  0.1910  0.1510  0.3110  0.1780  1
 69:   0.0670  0.0620  0.5450  0.1400  0.1100  0.0760  1
 70:   0.1309  0.0639  0.0519  0.0909  0.4835  0.1788  1
 71:   0.2228  0.2587  0.0500  0.0639  0.0699  0.3347  1
 72:   0.1852  0.0761  0.0601  0.0821  0.3734  0.2232  1
 73:   0.2990  0.0990  0.1250  0.0380  0.0940  0.3450  1
 74:   0.1840  0.2540  0.2360  0.0980  0.0620  0.1660  1
 75:   0.3590  0.1230  0.0370  0.0430  0.1910  0.2470  1
 76:   0.0649  0.0420  0.6583  0.0380  0.1139  0.0829  1
 77:   0.0840  0.0620  0.4340  0.0490  0.1010  0.2700  1
 78:   0.3910  0.1120  0.0470  0.0730  0.1340  0.2430  1
 79:   0.4470  0.1430  0.0330  0.0360  0.1140  0.2270  1
 80:   0.1331  0.0410  0.0611  0.0641  0.5155  0.1852  1
 81:   0.1778  0.1658  0.0410  0.4336  0.0749  0.1069  1
 82:   0.2432  0.1311  0.0921  0.0521  0.2362  0.2452  1
 83:   0.2680  0.0790  0.0500  0.0350  0.3430  0.2250  1
 84:   0.1820  0.2850  0.0470  0.2270  0.0760  0.1830  1
 85:   0.0671  0.0931  0.0380  0.6577  0.0581  0.0861  1
 86:   0.0890  0.1010  0.3010  0.3590  0.0310  0.1190  1
 87:   0.1399  0.0450  0.0779  0.0689  0.4665  0.2018  1
 88:   0.2693  0.3844  0.0490  0.0591  0.0881  0.1502  1
 89:   0.0590  0.0730  0.1990  0.5120  0.0330  0.1240  1
 90:   0.2970  0.2990  0.0270  0.1790  0.0670  0.1310  1
 91:   0.1330  0.1690  0.0260  0.5650  0.0480  0.0590  1
 92:   0.1830  0.3400  0.2180  0.0450  0.0800  0.1340  1
 93:   0.1730  0.2980  0.2690  0.1120  0.0510  0.0970  1
 94:   0.2340  0.5150  0.0700  0.0840  0.0320  0.0650  1
 95:   0.2320  0.1280  0.0660  0.0620  0.2810  0.2310  1
 96:   0.1071  0.0871  0.0641  0.3043  0.2963  0.1411  1
 97:   0.0480  0.0520  0.0350  0.0620  0.6590  0.1440  1
 98:   0.2330  0.1960  0.0540  0.0710  0.2120  0.2340  1
 99:   0.1140  0.1330  0.4330  0.0690  0.1530  0.0980  1
100:   0.1742  0.0601  0.2653  0.0741  0.2492  0.1772  1
101:   0.1321  0.1031  0.0551  0.1251  0.3874  0.1972  1
102:   0.1230  0.1320  0.0590  0.3050  0.2280  0.1530  1
103:   0.1060  0.1240  0.0450  0.1370  0.4130  0.1750  1
104:   0.1120  0.1310  0.2330  0.0910  0.3180  0.1150  1
105:   0.2800  0.0850  0.0530  0.2170  0.1410  0.2240  1
106:   0.2620  0.0800  0.0530  0.0340  0.3430  0.2280  1
107:   0.0539  0.0300  0.0460  0.0619  0.6553  0.1528  1
108:   0.1081  0.0751  0.0891  0.4024  0.2052  0.1201  1
109:   0.2052  0.1532  0.3443  0.0360  0.1101  0.1512  1
110:   0.0900  0.1290  0.3640  0.2430  0.0950  0.0790  1
111:   0.0970  0.1310  0.0260  0.6570  0.0290  0.0600  1
112:   0.1170  0.0960  0.0370  0.6090  0.0560  0.0850  1
113:   0.0890  0.1180  0.2460  0.3120  0.0940  0.1410  1
114:   0.2090  0.3680  0.0400  0.1790  0.0630  0.1410  1
115:   0.0940  0.0580  0.0750  0.4890  0.1830  0.1010  1
116:   0.2120  0.2350  0.1000  0.1730  0.0540  0.2260  1
117:   0.2098  0.4406  0.1479  0.0929  0.0300  0.0789  1
118:   0.2677  0.1209  0.0629  0.0689  0.2647  0.2148  1
119:   0.1381  0.2553  0.2843  0.0581  0.1381  0.1261  1
120:   0.1880  0.2070  0.2380  0.0290  0.1120  0.2260  1
121:   0.2080  0.2190  0.2820  0.0390  0.0500  0.2020  1
122:   0.1098  0.2086  0.2255  0.0798  0.2056  0.1707  1
123:   0.1758  0.0789  0.0709  0.0879  0.4056  0.1808  1
124:   0.1090  0.1510  0.2260  0.2500  0.1410  0.1230  1
125:   0.0901  0.0681  0.0380  0.0711  0.5165  0.2162  1
126:   0.0859  0.0989  0.4595  0.1858  0.0559  0.1139  1
127:   0.0700  0.0900  0.6810  0.0270  0.0680  0.0640  1
128:   0.1050  0.1010  0.0430  0.0590  0.5010  0.1910  1
129:   0.2310  0.1060  0.4210  0.0260  0.0600  0.1560  1
130:   0.1339  0.0480  0.0709  0.4895  0.1379  0.1199  1
131:   0.0879  0.0839  0.6783  0.0270  0.0599  0.0629  1
132:   0.1852  0.2783  0.0611  0.1001  0.0881  0.2873  1
133:   0.1251  0.1902  0.2533  0.0771  0.0711  0.2833  1
134:   0.0880  0.0950  0.0540  0.2760  0.3280  0.1590  1
135:   0.0730  0.1720  0.1360  0.5000  0.0490  0.0700  1
136:   0.1479  0.0999  0.0609  0.5235  0.0589  0.1089  1
137:   0.0790  0.0580  0.0660  0.1050  0.4460  0.2460  1
138:   0.1330  0.3050  0.1730  0.0620  0.2120  0.1150  1
139:   0.0491  0.0471  0.0501  0.1092  0.6022  0.1423  1
140:   0.0710  0.0630  0.0490  0.1050  0.5480  0.1640  1
141:   0.1500  0.2770  0.1990  0.0910  0.1590  0.1240  1
142:   0.0830  0.1350  0.0370  0.4890  0.1570  0.0990  1
143:   0.1199  0.0979  0.0659  0.0360  0.2707  0.4096  1
144:   0.2867  0.2198  0.2138  0.0290  0.0769  0.1738  1
145:   0.1310  0.0950  0.1500  0.0660  0.3670  0.1910  1
146:   0.2860  0.0690  0.0750  0.0580  0.2430  0.2690  1
147:   0.1259  0.1159  0.0480  0.0360  0.5195  0.1548  1
148:   0.1120  0.1950  0.0370  0.4930  0.0810  0.0820  1
149:   0.1550  0.2260  0.2610  0.0670  0.1590  0.1320  1
150:   0.2470  0.5380  0.0660  0.0430  0.0470  0.0590  1
151:   0.0890  0.0670  0.0480  0.0550  0.4910  0.2500  1
152:   0.1522  0.1692  0.0711  0.0761  0.3403  0.1912  1
153:   0.4470  0.1300  0.0290  0.0290  0.1090  0.2560  1
154:   0.0981  0.1792  0.0761  0.4975  0.0310  0.1181  1
155:   0.3950  0.1810  0.0620  0.0350  0.1240  0.2030  1
156:   0.1558  0.1309  0.0480  0.0909  0.3367  0.2378  1
157:   0.0741  0.1231  0.3443  0.0711  0.2623  0.1251  1
158:   0.2430  0.2290  0.0540  0.0860  0.1640  0.2240  1
159:   0.0750  0.0420  0.1120  0.5850  0.0760  0.1100  1
160:   0.1988  0.1898  0.0589  0.3017  0.0809  0.1698  1
161:   0.2040  0.1220  0.3510  0.0490  0.0740  0.2000  1
162:   0.2633  0.2222  0.0691  0.1792  0.0971  0.1692  1
163:   0.2250  0.1030  0.0890  0.1110  0.2030  0.2690  1
164:   0.1680  0.4540  0.1170  0.1470  0.0400  0.0740  1
165:   0.1540  0.3340  0.1800  0.1080  0.0790  0.1450  1
166:   0.2330  0.2400  0.0460  0.2360  0.0680  0.1770  1
167:   0.2680  0.3350  0.0450  0.0520  0.0850  0.2150  1
168:   0.1662  0.2252  0.0260  0.4875  0.0370  0.0581  1
169:   0.0610  0.0450  0.0450  0.7330  0.0380  0.0780  1
170:   0.2030  0.4030  0.1710  0.0840  0.0700  0.0690  1
171:   0.0879  0.0869  0.0490  0.6753  0.0320  0.0689  1
172:   0.0880  0.1070  0.5550  0.1310  0.0250  0.0940  1
173:   0.0750  0.0280  0.1850  0.5020  0.0990  0.1110  1
174:   0.0860  0.0610  0.0400  0.0260  0.6200  0.1670  1
175:   0.1760  0.4180  0.1300  0.0470  0.0690  0.1600  1
176:   0.0789  0.0549  0.0879  0.0849  0.5265  0.1668  1
177:   0.1850  0.3550  0.2490  0.0500  0.0510  0.1100  1
178:   0.2583  0.2302  0.0761  0.1722  0.0591  0.2042  1
179:   0.1049  0.2907  0.0370  0.3876  0.0859  0.0939  1
180:   0.2770  0.0810  0.0760  0.0490  0.2260  0.2910  1
181:   0.1289  0.0769  0.0839  0.1728  0.2897  0.2478  1
182:   0.1241  0.1431  0.4104  0.1091  0.0891  0.1241  1
183:   0.0440  0.0590  0.7020  0.0560  0.0770  0.0620  1
184:   0.1918  0.1229  0.1199  0.1728  0.0759  0.3167  1
185:   0.2850  0.3580  0.0590  0.0830  0.0930  0.1220  1
186:   0.2278  0.2138  0.0609  0.2857  0.0659  0.1459  1
187:   0.3290  0.1190  0.1300  0.1070  0.0730  0.2420  1
188:   0.1049  0.1429  0.4006  0.2378  0.0440  0.0699  1
189:   0.0690  0.0420  0.0330  0.7070  0.0530  0.0960  1
190:   0.0921  0.0480  0.4434  0.0761  0.2282  0.1121  1
191:   0.1340  0.0630  0.2000  0.1500  0.2100  0.2430  1
192:   0.1360  0.1830  0.2140  0.3120  0.0460  0.1090  1
193:   0.1680  0.0660  0.0630  0.0460  0.4490  0.2080  1
194:   0.1009  0.0390  0.1528  0.0300  0.4875  0.1898  1
195:   0.3203  0.1542  0.0841  0.0631  0.1812  0.1972  1
196:   0.1850  0.3170  0.2960  0.0390  0.0780  0.0850  1
197:   0.1129  0.0689  0.5894  0.0380  0.0969  0.0939  1
198:   0.2178  0.4515  0.1339  0.0759  0.0360  0.0849  1
199:   0.2030  0.5100  0.0350  0.0760  0.0650  0.1110  1
200:   0.0470  0.0500  0.0400  0.7880  0.0260  0.0490  1
201:   0.3240  0.1750  0.0760  0.0760  0.1090  0.2400  1
202:   0.1319  0.1908  0.2018  0.2917  0.0330  0.1508  1
203:   0.1958  0.1199  0.1329  0.1329  0.1748  0.2438  1
204:   0.1320  0.1240  0.0730  0.4770  0.0550  0.1390  1
205:   0.1650  0.1920  0.0660  0.2730  0.1800  0.1240  1
206:   0.0640  0.0260  0.0860  0.0490  0.6350  0.1400  1
207:   0.0609  0.0689  0.0440  0.0450  0.6364  0.1449  1
208:   0.1449  0.0819  0.1059  0.0659  0.3856  0.2158  1
209:   0.0721  0.0761  0.4805  0.0350  0.2242  0.1121  1
210:   0.1260  0.0560  0.3000  0.0280  0.3380  0.1520  1
211:   0.2910  0.0690  0.0710  0.0670  0.2430  0.2590  1
212:   0.1439  0.0330  0.1189  0.3147  0.2298  0.1598  1
213:   0.0420  0.0360  0.7810  0.0270  0.0640  0.0500  1
214:   0.0820  0.0680  0.0440  0.0390  0.6070  0.1600  1
215:   0.1230  0.2090  0.1110  0.0450  0.3760  0.1360  1
216:   0.1439  0.5305  0.1069  0.0509  0.0330  0.1349  1
217:   0.1580  0.0960  0.1240  0.4150  0.0600  0.1470  1
218:   0.3100  0.3180  0.0360  0.0860  0.0700  0.1800  1
219:   0.1512  0.1522  0.3984  0.0390  0.0921  0.1672  1
220:   0.0989  0.1169  0.0460  0.0789  0.4655  0.1938  1
221:   0.1320  0.1410  0.4440  0.0720  0.0510  0.1600  1
222:   0.1550  0.0420  0.0460  0.0340  0.5170  0.2060  1
223:   0.1918  0.2338  0.2597  0.0639  0.1329  0.1179  1
224:   0.2130  0.1310  0.3130  0.0700  0.1090  0.1640  1
225:   0.3173  0.0801  0.0651  0.0521  0.2322  0.2533  1
226:   0.1469  0.2537  0.3027  0.0979  0.0689  0.1299  1
227:   0.1888  0.3207  0.1409  0.1439  0.0809  0.1249  1
228:   0.0761  0.0651  0.6186  0.0681  0.0801  0.0921  1
229:   0.2452  0.0991  0.0911  0.2693  0.0711  0.2242  1
230:   0.1952  0.1722  0.0751  0.2492  0.0941  0.2142  1
231:   0.1590  0.2690  0.1640  0.1290  0.0810  0.1980  1
232:   0.2360  0.1640  0.0500  0.1250  0.0930  0.3320  1
233:   0.3090  0.2910  0.1570  0.0530  0.0670  0.1230  1
234:   0.0501  0.1151  0.6076  0.0841  0.0611  0.0821  1
235:   0.0820  0.1240  0.4730  0.0760  0.1250  0.1200  1
236:   0.0990  0.1540  0.4830  0.0320  0.0980  0.1340  1
237:   0.0510  0.0620  0.2910  0.0290  0.4580  0.1090  1
238:   0.2160  0.4370  0.0850  0.1010  0.0830  0.0780  1
239:   0.1818  0.2428  0.0310  0.4076  0.0659  0.0709  1
240:   0.2410  0.2860  0.0550  0.1650  0.0580  0.1950  1
241:   0.2270  0.5730  0.0490  0.0570  0.0370  0.0570  1
242:   0.1668  0.3487  0.1568  0.1449  0.0490  0.1339  1
243:   0.0750  0.0860  0.2930  0.0310  0.3970  0.1180  1
244:   0.1079  0.4505  0.1209  0.1878  0.0410  0.0919  1
245:   0.2210  0.1310  0.4050  0.0490  0.0570  0.1370  1
246:   0.3240  0.1210  0.0880  0.1980  0.0830  0.1860  1
247:   0.0950  0.0900  0.0470  0.6560  0.0440  0.0680  1
248:   0.0850  0.1800  0.5500  0.0670  0.0670  0.0510  1
249:   0.2610  0.0760  0.1260  0.0610  0.1950  0.2810  1
250:   0.1000  0.0890  0.0380  0.2010  0.4190  0.1530  1
251:   0.2018  0.5275  0.0999  0.0460  0.0519  0.0729  1
252:   0.1802  0.1131  0.0571  0.0230  0.4334  0.1932  1
253:   0.1050  0.2420  0.1970  0.2630  0.1010  0.0920  1
254:   0.0810  0.0440  0.0780  0.0850  0.5680  0.1440  1
255:   0.2960  0.0850  0.1220  0.0610  0.2180  0.2180  1
256:   0.0400  0.0400  0.7497  0.0380  0.0661  0.0661  1
257:   0.1668  0.0410  0.1079  0.1089  0.2957  0.2797  1
258:   0.0651  0.0681  0.4374  0.0651  0.2422  0.1221  1
259:   0.1229  0.1568  0.0360  0.0709  0.4815  0.1319  1
260:   0.0799  0.0400  0.0589  0.0809  0.5884  0.1518  1

  1:   0.1140  0.2640  0.1770  0.1160  0.1110  0.2180  1
  2:   0.3043  0.2593  0.2352  0.0641  0.0390  0.0981  1
  3:   0.3093  0.2603  0.2302  0.0621  0.0390  0.0991  1
  4:   0.0480  0.1840  0.1840  0.0440  0.3000  0.2400  1
  5:   0.3686  0.0599  0.0889  0.0500  0.2188  0.2138  1
  6:   0.2587  0.0639  0.0609  0.4985  0.0350  0.0829  1
  7:   0.0780  0.2800  0.3890  0.0560  0.1020  0.0950  1
  8:   0.2140  0.0860  0.0780  0.4290  0.0660  0.1270  1
  9:   0.1450  0.0870  0.0710  0.0980  0.3420  0.2570  1
 10:   0.4040  0.0950  0.0900  0.1520  0.0890  0.1700  1
 11:   0.3780  0.0630  0.0910  0.0540  0.2220  0.1920  1
 12:   0.0701  0.0941  0.0651  0.6396  0.0470  0.0841  1
 13:   0.0440  0.0569  0.0719  0.6454  0.1169  0.0649  1
 14:   0.3020  0.0700  0.0670  0.3050  0.0680  0.1880  1
 15:   0.0730  0.0600  0.0550  0.0620  0.6550  0.0950  1
 16:   0.1588  0.1868  0.1578  0.1518  0.1828  0.1618  1
 17:   0.0540  0.3550  0.4160  0.0730  0.0290  0.0730  1
 18:   0.0610  0.1260  0.0860  0.4730  0.0970  0.1570  1
 19:   0.0950  0.1050  0.0910  0.3670  0.1540  0.1880  1
 20:   0.0551  0.2753  0.3694  0.0460  0.1211  0.1331  1
 21:   0.0521  0.2342  0.2482  0.1542  0.1341  0.1772  1
 22:   0.1150  0.2870  0.2460  0.0900  0.0730  0.1890  1
 23:   0.0780  0.0850  0.0720  0.1460  0.4430  0.1760  1
 24:   0.0620  0.2780  0.2030  0.1940  0.0760  0.1870  1
 25:   0.5950  0.0880  0.0740  0.0360  0.0760  0.1310  1
 26:   0.2072  0.0651  0.0701  0.0621  0.1892  0.4064  1
 27:   0.4076  0.0809  0.1139  0.1558  0.0769  0.1648  1
 28:   0.1742  0.0931  0.1031  0.1481  0.2162  0.2653  1
 29:   0.2680  0.1290  0.1030  0.1030  0.0590  0.3380  1
 30:   0.3586  0.1908  0.1558  0.1039  0.0719  0.1189  1
 31:   0.0780  0.2700  0.2730  0.1670  0.0820  0.1300  1
 32:   0.0770  0.2990  0.1900  0.1890  0.0670  0.1780  1
 33:   0.2458  0.1888  0.3067  0.0729  0.1269  0.0589  1
 34:   0.3420  0.0810  0.0970  0.1140  0.1230  0.2430  1
 35:   0.0641  0.4184  0.2793  0.0771  0.0410  0.1201  1
 36:   0.1050  0.1120  0.0950  0.1770  0.3400  0.1710  1
 37:   0.0719  0.2048  0.1848  0.1658  0.0310  0.3417  1
 38:   0.4935  0.0859  0.0919  0.0999  0.0589  0.1698  1
 39:   0.0700  0.0690  0.0820  0.1780  0.4480  0.1530  1
 40:   0.4184  0.0891  0.0861  0.1942  0.0801  0.1321  1
 41:   0.0530  0.0510  0.0500  0.6740  0.0460  0.1260  1
 42:   0.0771  0.1862  0.1271  0.2472  0.0821  0.2803  1
 43:   0.3243  0.1772  0.2182  0.0340  0.1161  0.1301  1
 44:   0.1129  0.3596  0.2697  0.0819  0.0699  0.1059  1
 45:   0.1480  0.2930  0.3580  0.0760  0.0400  0.0850  1
 46:   0.3410  0.0870  0.1200  0.1630  0.1370  0.1520  1
 47:   0.0470  0.1648  0.1718  0.4745  0.0539  0.0879  1
 48:   0.3167  0.1409  0.1309  0.1259  0.0460  0.2398  1
 49:   0.2470  0.0660  0.0640  0.0980  0.1180  0.4070  1
 50:   0.2440  0.0510  0.0570  0.0450  0.1000  0.5030  1
 51:   0.0390  0.2610  0.3750  0.2190  0.0480  0.0580  1
 52:   0.0639  0.0779  0.0669  0.0789  0.5295  0.1828  1
 53:   0.0790  0.2420  0.1980  0.3340  0.0540  0.0930  1
 54:   0.2122  0.2743  0.1942  0.0681  0.0971  0.1542  1
 55:   0.3200  0.0830  0.0940  0.0590  0.2600  0.1840  1
 56:   0.3023  0.0761  0.0871  0.0741  0.1231  0.3373  1
 57:   0.4970  0.1840  0.1780  0.0540  0.0240  0.0630  1
 58:   0.2110  0.1960  0.2670  0.0970  0.0600  0.1690  1
 59:   0.0759  0.1159  0.0929  0.1189  0.3896  0.2068  1
 60:   0.2817  0.1808  0.1279  0.1459  0.0709  0.1928  1
 61:   0.0720  0.1660  0.1340  0.3170  0.0930  0.2180  1
 62:   0.3734  0.0711  0.0851  0.0360  0.2833  0.1512  1
 63:   0.0420  0.4180  0.2370  0.0630  0.0430  0.1970  1
 64:   0.1060  0.1270  0.1010  0.1350  0.2810  0.2500  1
 65:   0.2770  0.0900  0.1140  0.3310  0.0830  0.1050  1
 66:   0.0501  0.0841  0.0761  0.2723  0.4154  0.1021  1
 67:   0.0559  0.0839  0.0969  0.1768  0.2837  0.3027  1
 68:   0.0789  0.1249  0.1668  0.1668  0.3107  0.1518  1
 69:   0.0599  0.2378  0.3367  0.1558  0.1259  0.0839  1
 70:   0.1190  0.0730  0.0720  0.1010  0.5070  0.1280  1
 71:   0.2368  0.1069  0.0869  0.0609  0.0559  0.4525  1
 72:   0.1700  0.0740  0.0750  0.0910  0.4560  0.1340  1
 73:   0.4480  0.0690  0.0990  0.0410  0.0560  0.2870  1
 74:   0.1180  0.2640  0.2430  0.1110  0.0540  0.2100  1
 75:   0.5020  0.0650  0.0640  0.0520  0.2250  0.0920  1
 76:   0.0830  0.2570  0.3960  0.0440  0.1320  0.0880  1
 77:   0.0390  0.1780  0.2400  0.0500  0.0970  0.3960  1
 78:   0.6330  0.0470  0.0590  0.0840  0.1110  0.0660  1
 79:   0.7297  0.0490  0.0460  0.0420  0.0751  0.0581  1
 80:   0.0609  0.0609  0.0659  0.0799  0.6324  0.0999  1
 81:   0.0730  0.1680  0.1090  0.4170  0.0850  0.1480  1
 82:   0.3534  0.0931  0.1061  0.0601  0.2432  0.1441  1
 83:   0.3420  0.0490  0.0560  0.0390  0.4290  0.0850  1
 84:   0.2410  0.1160  0.1060  0.2420  0.0670  0.2280  1
 85:   0.0610  0.0830  0.0650  0.5920  0.0640  0.1350  1
 86:   0.1391  0.1542  0.2182  0.3193  0.0270  0.1421  1
 87:   0.1191  0.0591  0.0811  0.0881  0.5536  0.0991  1
 88:   0.3110  0.2200  0.1560  0.0710  0.0830  0.1590  1
 89:   0.0599  0.1359  0.1648  0.4276  0.0360  0.1758  1
 90:   0.5010  0.0880  0.0870  0.1800  0.0550  0.0890  1
 91:   0.0591  0.1792  0.0961  0.5285  0.0581  0.0791  1
 92:   0.2740  0.2210  0.2310  0.0500  0.0790  0.1450  1
 93:   0.1391  0.2973  0.2643  0.1231  0.0551  0.1211  1
 94:   0.0551  0.4354  0.2763  0.1021  0.0330  0.0981  1
 95:   0.1300  0.1560  0.1080  0.0730  0.3080  0.2250  1
 96:   0.0490  0.1180  0.0910  0.3070  0.2880  0.1470  1
 97:   0.0410  0.0640  0.0560  0.0890  0.6660  0.0840  1
 98:   0.1958  0.1648  0.1179  0.0859  0.2128  0.2228  1
 99:   0.0710  0.2700  0.3020  0.0820  0.1690  0.1060  1
100:   0.2112  0.1361  0.2112  0.0851  0.2472  0.1091  1
101:   0.0750  0.1210  0.0890  0.1420  0.3430  0.2300  1
102:   0.0650  0.1340  0.0980  0.2890  0.2440  0.1700  1
103:   0.0830  0.1030  0.0820  0.1740  0.3920  0.1660  1
104:   0.0551  0.2102  0.1882  0.1021  0.3343  0.1101  1
105:   0.3680  0.0430  0.0650  0.2100  0.1480  0.1660  1
106:   0.3437  0.0480  0.0559  0.0420  0.4256  0.0849  1
107:   0.0650  0.0400  0.0480  0.0800  0.6830  0.0840  1
108:   0.0640  0.1090  0.0990  0.3900  0.2250  0.1130  1
109:   0.2890  0.1740  0.2770  0.0430  0.1090  0.1080  1
110:   0.0510  0.2500  0.2510  0.2470  0.1060  0.0950  1
111:   0.0670  0.1190  0.0790  0.6320  0.0310  0.0720  1
112:   0.1880  0.0550  0.0530  0.5540  0.0600  0.0900  1
113:   0.0610  0.1620  0.2000  0.3100  0.0940  0.1730  1
114:   0.2900  0.1810  0.1350  0.1740  0.0620  0.1580  1
115:   0.0579  0.0909  0.0889  0.4835  0.1728  0.1059  1
116:   0.1838  0.1588  0.1499  0.1608  0.0490  0.2977  1
117:   0.0619  0.4016  0.2997  0.1039  0.0310  0.1019  1
118:   0.4046  0.0589  0.0679  0.0779  0.2747  0.1159  1
119:   0.0430  0.3283  0.2593  0.0661  0.1572  0.1461  1
120:   0.0881  0.2513  0.2232  0.0320  0.1211  0.2843  1
121:   0.1722  0.2342  0.2543  0.0420  0.0400  0.2573  1
122:   0.0781  0.2102  0.2142  0.0931  0.1972  0.2072  1
123:   0.2452  0.0591  0.0731  0.0911  0.4525  0.0791  1
124:   0.0460  0.2142  0.1942  0.2472  0.1451  0.1532  1
125:   0.0500  0.0860  0.0670  0.0910  0.4860  0.2200  1
126:   0.0790  0.2280  0.2800  0.1990  0.0600  0.1540  1
127:   0.0970  0.2970  0.4250  0.0320  0.0850  0.0640  1
128:   0.1230  0.0930  0.0720  0.0760  0.5020  0.1340  1
129:   0.3880  0.1780  0.2840  0.0300  0.0330  0.0870  1
130:   0.1420  0.0590  0.0790  0.4630  0.1670  0.0900  1
131:   0.1271  0.3003  0.4254  0.0300  0.0661  0.0511  1
132:   0.0761  0.1992  0.1421  0.1031  0.0801  0.3994  1
133:   0.0460  0.1998  0.2018  0.0799  0.0699  0.4026  1
134:   0.0809  0.0819  0.0799  0.2947  0.2987  0.1638  1
135:   0.0851  0.1431  0.1512  0.4805  0.0511  0.0891  1
136:   0.2440  0.0690  0.0730  0.4570  0.0550  0.1020  1
137:   0.0370  0.0820  0.0820  0.1280  0.4010  0.2700  1
138:   0.0500  0.2877  0.2328  0.0749  0.2308  0.1239  1
139:   0.0410  0.0720  0.0670  0.1430  0.5890  0.0880  1
140:   0.0699  0.0739  0.0659  0.1339  0.5395  0.1169  1
141:   0.0410  0.3050  0.2320  0.1070  0.1580  0.1570  1
142:   0.0520  0.1280  0.0850  0.4730  0.1340  0.1280  1
143:   0.0660  0.0800  0.0750  0.0390  0.1940  0.5460  1
144:   0.3916  0.1918  0.1918  0.0330  0.0589  0.1329  1
145:   0.0860  0.1420  0.1410  0.0750  0.3570  0.1990  1
146:   0.3373  0.0641  0.0851  0.0701  0.2973  0.1461  1
147:   0.0531  0.1261  0.0881  0.0410  0.5546  0.1371  1
148:   0.0979  0.1279  0.1019  0.4885  0.0849  0.0989  1
149:   0.0840  0.2770  0.2520  0.0740  0.1720  0.1410  1
150:   0.0390  0.4670  0.2810  0.0530  0.0570  0.1030  1
151:   0.0759  0.0779  0.0649  0.0679  0.4196  0.2937  1
152:   0.0930  0.1750  0.1190  0.0910  0.3250  0.1970  1
153:   0.7120  0.0360  0.0360  0.0360  0.0780  0.1020  1
154:   0.0410  0.1800  0.1390  0.4020  0.0360  0.2020  1
155:   0.6374  0.0589  0.0749  0.0380  0.1039  0.0869  1
156:   0.1040  0.1180  0.0930  0.1040  0.2730  0.3080  1
157:   0.0610  0.2060  0.2400  0.0800  0.2700  0.1430  1
158:   0.3604  0.1141  0.0961  0.0891  0.1451  0.1952  1
159:   0.0899  0.0709  0.1049  0.5225  0.0829  0.1289  1
160:   0.3160  0.0790  0.0810  0.2920  0.0730  0.1590  1
161:   0.2823  0.1602  0.2392  0.0521  0.0531  0.2132  1
162:   0.2430  0.1820  0.1360  0.1830  0.0950  0.1610  1
163:   0.1760  0.1190  0.1160  0.1250  0.2120  0.2520  1
164:   0.0621  0.3514  0.2703  0.1692  0.0420  0.1051  1
165:   0.1470  0.2310  0.2200  0.1200  0.0820  0.2000  1
166:   0.3180  0.1170  0.0940  0.1950  0.0670  0.2090  1
167:   0.3113  0.1692  0.1231  0.0551  0.0771  0.2643  1
168:   0.0530  0.2050  0.1260  0.4890  0.0410  0.0860  1
169:   0.0539  0.0589  0.0579  0.6803  0.0430  0.1059  1
170:   0.0430  0.3934  0.2773  0.0951  0.0881  0.1031  1
171:   0.1380  0.0590  0.0630  0.6230  0.0350  0.0820  1
172:   0.1039  0.2717  0.3676  0.1329  0.0220  0.1019  1
173:   0.0520  0.0980  0.1520  0.4770  0.1040  0.1170  1
174:   0.0651  0.0681  0.0581  0.0300  0.6817  0.0971  1
175:   0.1170  0.2950  0.2330  0.0540  0.0720  0.2290  1
176:   0.0999  0.0729  0.0889  0.0989  0.5445  0.0949  1
177:   0.1260  0.3380  0.2790  0.0570  0.0560  0.1440  1
178:   0.2260  0.1800  0.1340  0.1640  0.0540  0.2420  1
179:   0.0720  0.1840  0.1280  0.4080  0.0870  0.1210  1
180:   0.3100  0.0790  0.0940  0.0580  0.2510  0.2080  1
181:   0.1049  0.0849  0.0899  0.1768  0.2627  0.2807  1
