  1:   0.2012  0.6116  0.1872  1
  2:   0.5109  0.4207  0.0684  1
  3:   0.5117  0.4195  0.0688  1
  4:   0.5071  0.1426  0.3503  1
  5:   0.2286  0.0928  0.6786  1
  6:   0.2372  0.6938  0.0690  1
  7:   0.6908  0.1544  0.1548  1
  8:   0.2269  0.6595  0.1136  1
  9:   0.1520  0.2121  0.6359  1
 10:   0.2656  0.5810  0.1534  1
 11:   0.2236  0.0864  0.6900  1
 12:   0.1405  0.7865  0.0730  1
 13:   0.2030  0.4430  0.3540  1
 14:   0.2458  0.6275  0.1267  1
 15:   0.0748  0.0616  0.8636  1
 16:   0.2224  0.2744  0.5032  1
 17:   0.6968  0.2494  0.0538  1
 18:   0.1242  0.7076  0.1682  1
 19:   0.1861  0.4390  0.3749  1
 20:   0.6039  0.1382  0.2578  1
 21:   0.5701  0.2391  0.1908  1
 22:   0.5849  0.2889  0.1262  1
 23:   0.1064  0.1536  0.7400  1
 24:   0.4022  0.4857  0.1121  1
 25:   0.3318  0.3147  0.3535  1
 26:   0.2247  0.1886  0.5867  1
 27:   0.3007  0.3870  0.3122  1
 28:   0.1926  0.2008  0.6065  1
 29:   0.2684  0.5673  0.1644  1
 30:   0.2911  0.5650  0.1439  1
 31:   0.5786  0.2647  0.1567  1
 32:   0.1388  0.7672  0.0940  1
 33:   0.6267  0.1102  0.2631  1
 34:   0.3012  0.3680  0.3308  1
 35:   0.4559  0.4795  0.0646  1
 36:   0.1416  0.2198  0.6385  1
 37:   0.3915  0.5603  0.0482  1
 38:   0.3282  0.4859  0.1860  1
 39:   0.1038  0.1128  0.7835  1
 40:   0.2673  0.4850  0.2477  1
 41:   0.1226  0.7872  0.0902  1
 42:   0.1793  0.6594  0.1613  1
 43:   0.6822  0.1192  0.1986  1
 44:   0.5024  0.3996  0.0980  1
 45:   0.6976  0.2446  0.0578  1
 46:   0.2756  0.1790  0.5455  1
 47:   0.3397  0.5827  0.0776  1
 48:   0.2995  0.6271  0.0734  1
 49:   0.2280  0.2158  0.5562  1
 50:   0.2454  0.1454  0.6092  1
 51:   0.6090  0.2613  0.1297  1
 52:   0.1018  0.1128  0.7854  1
 53:   0.3819  0.5393  0.0788  1
 54:   0.2741  0.5195  0.2064  1
 55:   0.2028  0.1166  0.6806  1
 56:   0.2805  0.1936  0.5259  1
 57:   0.5724  0.3812  0.0464  1
 58:   0.6807  0.2253  0.0940  1
 59:   0.1104  0.1393  0.7503  1
 60:   0.2752  0.5728  0.1520  1
 61:   0.1904  0.6441  0.1656  1
 62:   0.1900  0.0724  0.7376  1
 63:   0.1706  0.7331  0.0962  1
 64:   0.1336  0.1788  0.6876  1
 65:   0.3078  0.4984  0.1938  1
 66:   0.1040  0.3166  0.5794  1
 67:   0.1461  0.2365  0.6174  1
 68:   0.1622  0.1300  0.7077  1
 69:   0.5652  0.1882  0.2466  1
 70:   0.0980  0.1030  0.7990  1
 71:   0.3305  0.4889  0.1806  1
 72:   0.1238  0.1024  0.7738  1
 73:   0.4129  0.2876  0.2994  1
 74:   0.5112  0.3786  0.1102  1
 75:   0.2238  0.1024  0.6738  1
 76:   0.6208  0.1030  0.2762  1
 77:   0.5762  0.1685  0.2553  1
 78:   0.2662  0.1548  0.5789  1
 79:   0.3083  0.2234  0.4683  1
 80:   0.0638  0.0666  0.8696  1
 81:   0.1308  0.7491  0.1202  1
 82:   0.2336  0.1162  0.6501  1
 83:   0.1708  0.0742  0.7549  1
 84:   0.2546  0.6072  0.1382  1
 85:   0.1306  0.7663  0.1030  1
 86:   0.5195  0.4209  0.0596  1
 87:   0.0824  0.0662  0.8515  1
 88:   0.2881  0.4929  0.2190  1
 89:   0.3649  0.5555  0.0796  1
 90:   0.2754  0.5808  0.1438  1
 91:   0.1054  0.8160  0.0786  1
 92:   0.6619  0.2253  0.1128  1
 93:   0.5210  0.4024  0.0766  1
 94:   0.4366  0.5034  0.0600  1
 95:   0.1466  0.1594  0.6939  1
 96:   0.1215  0.3382  0.5403  1
 97:   0.0790  0.1206  0.8003  1
 98:   0.2218  0.2827  0.4955  1
 99:   0.5680  0.1780  0.2540  1
100:   0.2022  0.0864  0.7113  1
101:   0.1090  0.1770  0.7140  1
102:   0.1541  0.3786  0.4673  1
103:   0.1550  0.2052  0.6398  1
104:   0.4634  0.1779  0.3587  1
105:   0.2303  0.1747  0.5950  1
106:   0.1724  0.0734  0.7542  1
107:   0.0644  0.0626  0.8729  1
108:   0.2180  0.2815  0.5005  1
109:   0.6524  0.1000  0.2476  1
110:   0.5380  0.2862  0.1758  1
111:   0.1239  0.8231  0.0530  1
112:   0.2038  0.6771  0.1192  1
113:   0.5510  0.2708  0.1782  1
114:   0.2315  0.6859  0.0826  1
115:   0.1447  0.3301  0.5252  1
116:   0.2534  0.6726  0.0740  1
117:   0.4610  0.4830  0.0560  1
118:   0.2144  0.1176  0.6681  1
119:   0.5574  0.2262  0.2164  1
120:   0.5531  0.1976  0.2494  1
121:   0.6994  0.2264  0.0742  1
122:   0.5214  0.2242  0.2544  1
123:   0.1633  0.0898  0.7469  1
124:   0.4997  0.2827  0.2176  1
125:   0.0866  0.1212  0.7922  1
126:   0.6000  0.2744  0.1256  1
127:   0.7122  0.1382  0.1496  1
128:   0.1302  0.1482  0.7216  1
129:   0.7902  0.1374  0.0724  1
130:   0.1728  0.3265  0.5007  1
131:   0.7213  0.1425  0.1363  1
132:   0.2204  0.5846  0.1950  1
133:   0.5438  0.3386  0.1176  1
134:   0.1444  0.3481  0.5075  1
135:   0.3898  0.5230  0.0872  1
136:   0.2415  0.6369  0.1216  1
137:   0.1182  0.1570  0.7248  1
138:   0.5205  0.2300  0.2495  1
139:   0.0736  0.1104  0.8160  1
140:   0.0948  0.1350  0.7701  1
141:   0.4428  0.4040  0.1532  1
142:   0.1086  0.7101  0.1813  1
143:   0.1830  0.1478  0.6691  1
144:   0.6796  0.2014  0.1190  1
145:   0.1930  0.1544  0.6526  1
146:   0.1766  0.0836  0.7398  1
147:   0.1088  0.1184  0.7728  1
148:   0.1392  0.7563  0.1046  1
149:   0.5641  0.2046  0.2313  1
150:   0.4154  0.4970  0.0876  1
151:   0.1156  0.1200  0.7644  1
152:   0.1870  0.2204  0.5926  1
153:   0.2992  0.1702  0.5306  1
154:   0.2194  0.7246  0.0560  1
155:   0.3513  0.2288  0.4199  1
156:   0.1768  0.1872  0.6360  1
157:   0.5303  0.1750  0.2947  1
158:   0.2534  0.3563  0.3903  1
159:   0.2182  0.4800  0.3018  1
160:   0.2571  0.6323  0.1106  1
161:   0.7234  0.1558  0.1208  1
162:   0.2362  0.5870  0.1768  1
163:   0.1634  0.1866  0.6500  1
164:   0.4280  0.5050  0.0670  1
165:   0.5293  0.3559  0.1148  1
166:   0.2576  0.6266  0.1158  1
167:   0.3272  0.3915  0.2813  1
168:   0.1066  0.8290  0.0644  1
169:   0.1536  0.7584  0.0880  1
170:   0.4777  0.4171  0.1052  1
171:   0.2235  0.7055  0.0710  1
172:   0.6990  0.2618  0.0392  1
173:   0.2504  0.3238  0.4258  1
174:   0.0720  0.0574  0.8706  1
175:   0.5428  0.3454  0.1119  1
176:   0.1136  0.0956  0.7907  1
177:   0.6019  0.3109  0.0872  1
178:   0.2526  0.6511  0.0962  1
179:   0.1388  0.7570  0.1042  1
180:   0.1789  0.0934  0.7277  1
181:   0.1552  0.2416  0.6033  1
182:   0.6314  0.2108  0.1578  1
183:   0.6084  0.2198  0.1718  1
184:   0.2354  0.6103  0.1542  1
185:   0.2319  0.5641  0.2040  1
186:   0.1720  0.7146  0.1134  1
187:   0.4114  0.4634  0.1252  1
188:   0.5480  0.3606  0.0914  1
189:   0.1234  0.7218  0.1548  1
190:   0.4801  0.0972  0.4227  1
191:   0.1950  0.1817  0.6233  1
192:   0.5342  0.3950  0.0708  1
193:   0.0924  0.0772  0.8305  1
194:   0.1092  0.0584  0.8324  1
195:   0.2887  0.1638  0.5475  1
196:   0.6188  0.2281  0.1531  1
197:   0.6392  0.1068  0.2540  1
198:   0.4296  0.5038  0.0666  1
199:   0.1974  0.6698  0.1328  1
200:   0.1504  0.7918  0.0578  1
201:   0.3484  0.2354  0.4161  1
202:   0.4222  0.5208  0.0570  1
203:   0.3416  0.2436  0.4148  1
204:   0.2382  0.6420  0.1198  1
205:   0.1392  0.6294  0.2314  1
206:   0.0766  0.0550  0.8684  1
207:   0.0914  0.1068  0.8019  1
208:   0.1626  0.1018  0.7356  1
209:   0.5407  0.1283  0.3310  1
210:   0.3932  0.0808  0.5260  1
211:   0.1686  0.0824  0.7489  1
212:   0.1368  0.1186  0.7446  1
213:   0.6851  0.1314  0.1835  1
214:   0.0784  0.0740  0.8476  1
215:   0.3755  0.1854  0.4391  1
216:   0.5560  0.3830  0.0610  1
217:   0.2951  0.5490  0.1559  1
218:   0.2382  0.6180  0.1438  1
219:   0.6738  0.1418  0.1844  1
220:   0.1358  0.1840  0.6802  1
221:   0.6689  0.2471  0.0840  1
222:   0.0728  0.0562  0.8710  1
223:   0.5580  0.2118  0.2302  1
224:   0.6275  0.1444  0.2282  1
225:   0.1852  0.0842  0.7306  1
226:   0.5079  0.4049  0.0872  1
227:   0.4016  0.4844  0.1140  1
228:   0.6420  0.1434  0.2146  1
229:   0.3023  0.4997  0.1980  1
230:   0.2599  0.5413  0.1988  1
231:   0.4761  0.3801  0.1438  1
232:   0.2302  0.5302  0.2396  1
233:   0.6597  0.2511  0.0892  1
234:   0.6278  0.2189  0.1533  1
235:   0.6004  0.2107  0.1889  1
236:   0.6672  0.1558  0.1770  1
237:   0.4172  0.0954  0.4874  1
238:   0.3762  0.5224  0.1014  1
239:   0.1183  0.7819  0.0998  1
240:   0.2774  0.6344  0.0882  1
241:   0.4122  0.5124  0.0754  1
242:   0.4872  0.4368  0.0760  1
243:   0.4422  0.1018  0.4560  1
244:   0.4089  0.5299  0.0612  1
245:   0.7617  0.1547  0.0836  1
246:   0.3529  0.4689  0.1782  1
247:   0.1454  0.7594  0.0952  1
248:   0.6025  0.2709  0.1266  1
249:   0.2313  0.1146  0.6541  1
250:   0.1240  0.1977  0.6783  1
251:   0.4914  0.4262  0.0824  1
252:   0.1670  0.0702  0.7628  1
253:   0.4846  0.3549  0.1605  1
254:   0.0938  0.0854  0.8208  1
255:   0.2320  0.0974  0.6706  1
256:   0.6110  0.1688  0.2202  1
257:   0.1414  0.0926  0.7659  1
258:   0.5266  0.1416  0.3318  1
259:   0.1250  0.1642  0.7109  1
260:   0.0678  0.0756  0.8566  1
