 1:   0.1010  0.0160  0.0820  0.0200  0.7190  0.0620  1
 2:   0.5250  0.0310  0.0100  0.0150  0.1920  0.2270  1
 3:   0.0200  0.1350  0.0170  0.0090  0.0240  0.7950  1
 4:   0.8800  0.0080  0.0930  0.0060  0.0080  0.0050  1
 5:   0.2210  0.0400  0.0060  0.0860  0.4470  0.2000  1
 6:   0.3233  0.0511  0.0190  0.0841  0.0260  0.4965  1
 7:   0.0090  0.0070  0.0030  0.9670  0.0070  0.0070  1
 8:   0.0660  0.0090  0.1430  0.0080  0.7690  0.0050  1
 9:   0.1119  0.0160  0.0280  0.0220  0.8112  0.0110  1
10:   0.2770  0.0620  0.0130  0.1130  0.4430  0.0920  1
11:   0.5100  0.0280  0.4040  0.0120  0.0360  0.0100  1
12:   0.0230  0.0320  0.8851  0.0110  0.0360  0.0130  1
13:   0.0651  0.6987  0.0090  0.0150  0.2062  0.0060  1
14:   0.1680  0.0130  0.1340  0.6520  0.0250  0.0080  1
15:   0.0130  0.0080  0.0060  0.9560  0.0110  0.0060  1
16:   0.0300  0.0110  0.0030  0.7443  0.0440  0.1678  1
17:   0.2860  0.0590  0.0040  0.5950  0.0280  0.0280  1
18:   0.0150  0.0090  0.0060  0.0290  0.8981  0.0430  1
19:   0.8670  0.0150  0.0050  0.0190  0.0610  0.0330  1
20:   0.8262  0.0090  0.0050  0.0539  0.0979  0.0080  1
21:   0.1471  0.0761  0.5776  0.0911  0.0801  0.0280  1
22:   0.0030  0.0030  0.9860  0.0030  0.0030  0.0020  1
23:   0.0390  0.0070  0.6170  0.0070  0.3180  0.0120  1
24:   0.0080  0.0100  0.6280  0.3450  0.0050  0.0040  1
25:   0.0589  0.0370  0.8541  0.0150  0.0130  0.0220  1
26:   0.0110  0.6367  0.0040  0.3293  0.0080  0.0110  1
27:   0.2663  0.0040  0.6787  0.0380  0.0080  0.0050  1
28:   0.0490  0.0810  0.6970  0.0050  0.1610  0.0070  1
29:   0.0360  0.0630  0.7810  0.0290  0.0860  0.0050  1
30:   0.1121  0.0170  0.5666  0.0220  0.2753  0.0070  1
31:   0.3614  0.0160  0.5536  0.0320  0.0250  0.0120  1
32:   0.0639  0.6503  0.0050  0.0160  0.2587  0.0060  1
33:   0.0290  0.0380  0.6650  0.2170  0.0310  0.0200  1
34:   0.2152  0.6527  0.0080  0.0831  0.0190  0.0220  1
35:   0.0260  0.0250  0.8950  0.0210  0.0120  0.0210  1
36:   0.0110  0.0150  0.0050  0.0831  0.0120  0.8739  1
37:   0.6967  0.0661  0.0100  0.0170  0.1942  0.0160  1
38:   0.8320  0.0830  0.0040  0.0560  0.0150  0.0100  1
39:   0.0160  0.0120  0.9370  0.0080  0.0190  0.0080  1
40:   0.0260  0.0120  0.5734  0.3566  0.0180  0.0140  1
41:   0.8689  0.0250  0.0100  0.0480  0.0400  0.0080  1
42:   0.0110  0.0050  0.6316  0.3343  0.0150  0.0030  1
43:   0.0980  0.0370  0.5720  0.0180  0.2680  0.0070  1
44:   0.0360  0.0270  0.6330  0.0260  0.2690  0.0090  1
45:   0.2940  0.0130  0.6510  0.0160  0.0170  0.0090  1
46:   0.0570  0.0200  0.0050  0.8930  0.0190  0.0060  1
47:   0.0210  0.8819  0.0300  0.0170  0.0090  0.0410  1
48:   0.0070  0.0040  0.9650  0.0050  0.0120  0.0070  1
49:   0.0340  0.0190  0.0060  0.0740  0.1700  0.6970  1
50:   0.0080  0.0150  0.0050  0.4190  0.0070  0.5460  1
51:   0.0140  0.0800  0.0040  0.0730  0.0130  0.8160  1
52:   0.5890  0.0840  0.0230  0.0290  0.2590  0.0160  1
53:   0.0859  0.1359  0.0050  0.0330  0.0180  0.7223  1
54:   0.0070  0.0200  0.0110  0.0050  0.0060  0.9510  1
55:   0.0170  0.0130  0.0140  0.0050  0.0080  0.9430  1
56:   0.0500  0.0070  0.0090  0.0060  0.1370  0.7910  1
57:   0.0670  0.0090  0.0200  0.0060  0.8870  0.0110  1
58:   0.1120  0.0190  0.0050  0.0200  0.0310  0.8130  1
59:   0.0609  0.0300  0.7952  0.0609  0.0290  0.0240  1
60:   0.0160  0.0180  0.5676  0.3754  0.0140  0.0090  1
61:   0.2122  0.0260  0.5485  0.0200  0.1812  0.0120  1
62:   0.4950  0.0110  0.0730  0.3520  0.0210  0.0480  1
63:   0.0110  0.0070  0.0070  0.0120  0.9490  0.0140  1
64:   0.0270  0.0110  0.0040  0.0190  0.0689  0.8701  1
65:   0.0611  0.0300  0.0280  0.0160  0.2643  0.6006  1
66:   0.0260  0.0180  0.0420  0.0100  0.1420  0.7620  1
67:   0.0340  0.0080  0.0240  0.4640  0.4510  0.0190  1
68:   0.0130  0.0190  0.0130  0.0080  0.0120  0.9350  1
69:   0.1419  0.8102  0.0060  0.0170  0.0140  0.0110  1
70:   0.0270  0.0521  0.0090  0.8859  0.0100  0.0160  1
71:   0.1790  0.0450  0.2560  0.0440  0.0100  0.4660  1
72:   0.0210  0.0100  0.0741  0.0060  0.8849  0.0040  1
73:   0.6933  0.0869  0.0619  0.0240  0.0879  0.0460  1
74:   0.7280  0.0050  0.0230  0.1730  0.0650  0.0060  1
75:   0.0060  0.5000  0.4800  0.0050  0.0050  0.0040  1
76:   0.0510  0.8780  0.0050  0.0250  0.0190  0.0220  1
77:   0.1980  0.7080  0.0210  0.0360  0.0290  0.0080  1
78:   0.0501  0.0250  0.0841  0.0260  0.8088  0.0060  1
79:   0.0848  0.3293  0.0379  0.2066  0.0160  0.3253  1
80:   0.7560  0.0440  0.0040  0.0150  0.0320  0.1490  1
81:   0.0790  0.0420  0.0150  0.0180  0.7440  0.1020  1
82:   0.0930  0.0350  0.0110  0.5700  0.2810  0.0100  1
83:   0.1560  0.0990  0.0220  0.0700  0.6430  0.0100  1
84:   0.2400  0.0170  0.0460  0.0120  0.6740  0.0110  1
85:   0.6530  0.1220  0.1710  0.0210  0.0210  0.0120  1
86:   0.0210  0.0060  0.1399  0.0060  0.8152  0.0120  1
87:   0.1271  0.0130  0.0070  0.8288  0.0170  0.0070  1
88:   0.2382  0.0160  0.0310  0.0250  0.6296  0.0601  1

 1:   0.1310  0.0170  0.0840  0.0200  0.6880  0.0600  1
 2:   0.5550  0.0300  0.0100  0.0150  0.1620  0.2280  1
 3:   0.0200  0.1350  0.0180  0.0090  0.0230  0.7950  1
 4:   0.8710  0.0080  0.1030  0.0050  0.0080  0.0050  1
 5:   0.2913  0.0360  0.0060  0.0781  0.3934  0.1952  1
 6:   0.3393  0.0480  0.0190  0.0811  0.0250  0.4875  1
 7:   0.0090  0.0070  0.0040  0.9680  0.0060  0.0060  1
 8:   0.0941  0.0080  0.1441  0.0090  0.7397  0.0050  1
 9:   0.1329  0.0170  0.0290  0.0230  0.7892  0.0090  1
10:   0.3413  0.0571  0.0120  0.1061  0.3964  0.0871  1
11:   0.5110  0.0290  0.4010  0.0130  0.0370  0.0090  1
12:   0.0230  0.0300  0.8889  0.0110  0.0360  0.0110  1
13:   0.0850  0.7000  0.0090  0.0130  0.1870  0.0060  1
14:   0.1620  0.0130  0.1390  0.6530  0.0240  0.0090  1
15:   0.0110  0.0070  0.0060  0.9600  0.0100  0.0060  1
16:   0.0350  0.0110  0.0030  0.7510  0.0400  0.1600  1
17:   0.2860  0.0610  0.0040  0.5970  0.0240  0.0280  1
18:   0.0170  0.0090  0.0060  0.0310  0.8931  0.0440  1
19:   0.8680  0.0160  0.0050  0.0210  0.0550  0.0350  1
20:   0.8540  0.0090  0.0050  0.0520  0.0720  0.0080  1
21:   0.1339  0.0749  0.5804  0.0979  0.0849  0.0280  1
22:   0.0030  0.0030  0.9860  0.0030  0.0030  0.0020  1
23:   0.0470  0.0060  0.6170  0.0070  0.3120  0.0110  1
24:   0.0080  0.0100  0.6310  0.3420  0.0050  0.0040  1
25:   0.0490  0.0400  0.8639  0.0140  0.0130  0.0200  1
26:   0.0110  0.6346  0.0030  0.3343  0.0070  0.0100  1
27:   0.2590  0.0040  0.6830  0.0400  0.0090  0.0050  1
28:   0.0420  0.0791  0.6977  0.0050  0.1692  0.0070  1
29:   0.0400  0.0630  0.7820  0.0270  0.0830  0.0050  1
30:   0.1180  0.0180  0.5720  0.0240  0.2610  0.0070  1
31:   0.3526  0.0170  0.5564  0.0320  0.0290  0.0130  1
32:   0.0639  0.6533  0.0050  0.0160  0.2557  0.0060  1
33:   0.0300  0.0360  0.6680  0.2130  0.0310  0.0220  1
34:   0.2078  0.6573  0.0080  0.0829  0.0210  0.0230  1
35:   0.0210  0.0240  0.9010  0.0220  0.0110  0.0210  1
36:   0.0120  0.0150  0.0040  0.0821  0.0120  0.8749  1
37:   0.7480  0.0530  0.0100  0.0170  0.1560  0.0160  1
38:   0.8230  0.0860  0.0040  0.0630  0.0140  0.0100  1
39:   0.0150  0.0120  0.9380  0.0070  0.0200  0.0080  1
40:   0.0290  0.0100  0.5730  0.3550  0.0200  0.0130  1
41:   0.8801  0.0230  0.0100  0.0450  0.0340  0.0080  1
42:   0.0110  0.0050  0.6320  0.3360  0.0130  0.0030  1
43:   0.0910  0.0420  0.5730  0.0170  0.2700  0.0070  1
44:   0.0430  0.0280  0.6410  0.0260  0.2520  0.0100  1
45:   0.2983  0.0130  0.6507  0.0140  0.0160  0.0080  1
46:   0.0580  0.0180  0.0050  0.8950  0.0180  0.0060  1
47:   0.0210  0.8830  0.0290  0.0170  0.0100  0.0400  1
48:   0.0060  0.0040  0.9670  0.0050  0.0120  0.0060  1
49:   0.0360  0.0210  0.0060  0.0789  0.1618  0.6963  1
50:   0.0080  0.0140  0.0050  0.4190  0.0060  0.5480  1
51:   0.0140  0.0720  0.0040  0.0780  0.0130  0.8190  1
52:   0.6424  0.0799  0.0190  0.0290  0.2148  0.0150  1
53:   0.0860  0.1330  0.0050  0.0330  0.0160  0.7270  1
54:   0.0070  0.0210  0.0110  0.0050  0.0060  0.9500  1
55:   0.0170  0.0120  0.0130  0.0050  0.0080  0.9450  1
56:   0.0490  0.0070  0.0090  0.0060  0.1311  0.7978  1
57:   0.1130  0.0100  0.0210  0.0060  0.8400  0.0100  1
58:   0.1181  0.0180  0.0050  0.0190  0.0270  0.8128  1
59:   0.0531  0.0320  0.8008  0.0591  0.0290  0.0260  1
60:   0.0150  0.0190  0.5710  0.3720  0.0130  0.0100  1
61:   0.2124  0.0220  0.5531  0.0180  0.1824  0.0120  1
62:   0.4860  0.0110  0.0710  0.3610  0.0220  0.0490  1
63:   0.0110  0.0070  0.0070  0.0120  0.9500  0.0130  1
64:   0.0290  0.0110  0.0040  0.0180  0.0680  0.8700  1
65:   0.0579  0.0290  0.0290  0.0170  0.2647  0.6024  1
66:   0.0280  0.0200  0.0420  0.0090  0.1380  0.7630  1
67:   0.0641  0.0080  0.0250  0.4675  0.4144  0.0210  1
68:   0.0120  0.0180  0.0130  0.0080  0.0130  0.9360  1
69:   0.1540  0.8010  0.0060  0.0170  0.0120  0.0100  1
70:   0.0280  0.0501  0.0090  0.8869  0.0100  0.0160  1
71:   0.1582  0.0501  0.2613  0.0460  0.0100  0.4745  1
72:   0.0160  0.0100  0.0700  0.0060  0.8940  0.0040  1
73:   0.6943  0.0889  0.0589  0.0270  0.0829  0.0480  1
74:   0.7210  0.0050  0.0230  0.1810  0.0640  0.0060  1
75:   0.0060  0.4990  0.4820  0.0050  0.0040  0.0040  1
76:   0.0560  0.8740  0.0040  0.0250  0.0190  0.0220  1
77:   0.1900  0.7130  0.0210  0.0360  0.0320  0.0080  1
78:   0.0340  0.0250  0.0830  0.0240  0.8280  0.0060  1
79:   0.0800  0.3320  0.0370  0.2090  0.0150  0.3270  1
80:   0.7570  0.0430  0.0040  0.0150  0.0310  0.1500  1
81:   0.0610  0.0390  0.0150  0.0190  0.7630  0.1030  1
82:   0.1380  0.0340  0.0120  0.5650  0.2420  0.0090  1
83:   0.1101  0.0941  0.0230  0.0771  0.6857  0.0100  1
84:   0.1822  0.0150  0.0450  0.0110  0.7357  0.0110  1
85:   0.6507  0.1201  0.1722  0.0220  0.0230  0.0120  1
86:   0.0230  0.0050  0.1390  0.0070  0.8150  0.0110  1
87:   0.1230  0.0120  0.0070  0.8360  0.0140  0.0080  1
88:   0.2220  0.0150  0.0320  0.0290  0.6390  0.0630  1

 1:   0.2600  0.0150  0.1080  0.0240  0.5280  0.0650  1
 2:   0.6540  0.0250  0.0090  0.0130  0.0870  0.2120  1
 3:   0.0190  0.1369  0.0160  0.0090  0.0200  0.7992  1
 4:   0.8478  0.0090  0.1241  0.0060  0.0080  0.0050  1
 5:   0.4830  0.0330  0.0060  0.0700  0.2400  0.1680  1
 6:   0.3470  0.0470  0.0190  0.0810  0.0180  0.4880  1
 7:   0.0080  0.0070  0.0030  0.9690  0.0070  0.0060  1
 8:   0.1710  0.0080  0.1720  0.0090  0.6350  0.0050  1
 9:   0.2248  0.0160  0.0280  0.0230  0.6983  0.0100  1
10:   0.4950  0.0550  0.0130  0.0880  0.2760  0.0730  1
11:   0.4144  0.0340  0.4234  0.0150  0.1021  0.0110  1
12:   0.0210  0.0300  0.8950  0.0120  0.0300  0.0120  1
13:   0.1410  0.7200  0.0090  0.0130  0.1110  0.0060  1
14:   0.1161  0.0130  0.1512  0.6867  0.0240  0.0090  1
15:   0.0110  0.0070  0.0060  0.9600  0.0100  0.0060  1
16:   0.0280  0.0110  0.0030  0.7600  0.0340  0.1640  1
17:   0.2520  0.0640  0.0040  0.6220  0.0320  0.0260  1
18:   0.0200  0.0080  0.0060  0.0340  0.8889  0.0430  1
19:   0.8699  0.0160  0.0050  0.0200  0.0551  0.0340  1
20:   0.8780  0.0080  0.0050  0.0490  0.0530  0.0070  1
21:   0.1029  0.0789  0.5874  0.0889  0.1149  0.0270  1
22:   0.0030  0.0030  0.9860  0.0030  0.0030  0.0020  1
23:   0.0571  0.0060  0.6196  0.0070  0.2993  0.0110  1
24:   0.0080  0.0100  0.6350  0.3380  0.0050  0.0040  1
25:   0.0519  0.0390  0.8621  0.0150  0.0130  0.0190  1
26:   0.0120  0.6533  0.0030  0.3137  0.0070  0.0110  1
27:   0.2230  0.0040  0.6940  0.0640  0.0100  0.0050  1
28:   0.0290  0.0649  0.6903  0.0050  0.2038  0.0070  1
29:   0.0270  0.0540  0.7790  0.0240  0.1110  0.0050  1
30:   0.1592  0.0170  0.5766  0.0240  0.2162  0.0070  1
31:   0.3133  0.0200  0.5686  0.0460  0.0380  0.0140  1
32:   0.0420  0.6270  0.0040  0.0140  0.3070  0.0060  1
33:   0.0250  0.0390  0.6700  0.2050  0.0400  0.0210  1
34:   0.1620  0.6720  0.0080  0.0920  0.0410  0.0250  1
35:   0.0220  0.0230  0.9030  0.0210  0.0120  0.0190  1
36:   0.0120  0.0160  0.0040  0.0790  0.0100  0.8790  1
37:   0.8168  0.0490  0.0090  0.0140  0.0971  0.0140  1
38:   0.8110  0.0960  0.0040  0.0670  0.0130  0.0090  1
39:   0.0150  0.0100  0.9399  0.0070  0.0210  0.0070  1
40:   0.0270  0.0100  0.5756  0.3584  0.0160  0.0130  1
41:   0.8921  0.0250  0.0100  0.0410  0.0240  0.0080  1
42:   0.0100  0.0050  0.6356  0.3333  0.0130  0.0030  1
43:   0.0940  0.0380  0.5720  0.0170  0.2720  0.0070  1
44:   0.0460  0.0310  0.6510  0.0300  0.2320  0.0100  1
45:   0.2813  0.0140  0.6597  0.0180  0.0180  0.0090  1
46:   0.0450  0.0180  0.0050  0.9070  0.0190  0.0060  1
47:   0.0190  0.8880  0.0300  0.0160  0.0090  0.0380  1
48:   0.0060  0.0040  0.9690  0.0050  0.0100  0.0060  1
49:   0.0500  0.0260  0.0060  0.0919  0.1159  0.7103  1
50:   0.0070  0.0140  0.0050  0.4194  0.0060  0.5485  1
51:   0.0130  0.0820  0.0040  0.0660  0.0150  0.8200  1
52:   0.4625  0.0711  0.0230  0.0290  0.3974  0.0170  1
53:   0.0870  0.1410  0.0050  0.0290  0.0120  0.7260  1
54:   0.0070  0.0200  0.0100  0.0050  0.0060  0.9520  1
55:   0.0180  0.0130  0.0130  0.0050  0.0080  0.9430  1
56:   0.0470  0.0060  0.0090  0.0060  0.1260  0.8060  1
57:   0.3430  0.0090  0.0200  0.0060  0.6120  0.0100  1
58:   0.1050  0.0200  0.0060  0.0210  0.0240  0.8240  1
59:   0.0609  0.0319  0.7964  0.0569  0.0299  0.0240  1
60:   0.0150  0.0200  0.5750  0.3650  0.0150  0.0100  1
61:   0.2597  0.0240  0.5495  0.0160  0.1389  0.0120  1
62:   0.3906  0.0120  0.0839  0.4326  0.0230  0.0579  1
63:   0.0120  0.0070  0.0070  0.0120  0.9469  0.0150  1
64:   0.0290  0.0110  0.0040  0.0230  0.0570  0.8760  1
65:   0.0551  0.0310  0.0290  0.0160  0.2693  0.5996  1
66:   0.0250  0.0170  0.0360  0.0090  0.1580  0.7550  1
67:   0.1982  0.0090  0.0270  0.4454  0.3003  0.0200  1
68:   0.0130  0.0190  0.0120  0.0080  0.0150  0.9330  1
69:   0.1241  0.8298  0.0050  0.0170  0.0140  0.0100  1
70:   0.0280  0.0490  0.0090  0.8880  0.0100  0.0160  1
71:   0.1622  0.0470  0.2623  0.0460  0.0110  0.4715  1
72:   0.0180  0.0100  0.0739  0.0060  0.8881  0.0040  1
73:   0.6717  0.0971  0.0661  0.0260  0.0921  0.0470  1
74:   0.7147  0.0050  0.0240  0.1912  0.0591  0.0060  1
75:   0.0060  0.4970  0.4840  0.0050  0.0040  0.0040  1
76:   0.0390  0.8910  0.0040  0.0210  0.0210  0.0240  1
77:   0.1630  0.7400  0.0250  0.0370  0.0270  0.0080  1
78:   0.0240  0.0210  0.0860  0.0220  0.8410  0.0060  1
79:   0.0741  0.3393  0.0330  0.2052  0.0140  0.3343  1
80:   0.7120  0.0490  0.0040  0.0180  0.0570  0.1600  1
81:   0.0490  0.0390  0.0150  0.0180  0.7690  0.1100  1
82:   0.2500  0.0330  0.0110  0.5470  0.1500  0.0090  1
83:   0.0651  0.1021  0.0230  0.0691  0.7307  0.0100  1
84:   0.1180  0.0150  0.0450  0.0120  0.7990  0.0110  1
85:   0.6390  0.1290  0.1740  0.0220  0.0240  0.0120  1
86:   0.0360  0.0060  0.1490  0.0070  0.7910  0.0110  1
87:   0.1010  0.0120  0.0070  0.8580  0.0150  0.0070  1
88:   0.2603  0.0150  0.0340  0.0270  0.5966  0.0671  1

 1:   0.1361  0.0150  0.0821  0.0190  0.6937  0.0541  1
 2:   0.3457  0.0370  0.0100  0.0140  0.3576  0.2358  1
 3:   0.0180  0.1320  0.0170  0.0090  0.0250  0.7990  1
 4:   0.8750  0.0090  0.0960  0.0050  0.0100  0.0050  1
 5:   0.2150  0.0270  0.0060  0.0600  0.4940  0.1980  1
 6:   0.2610  0.0490  0.0210  0.0850  0.0720  0.5120  1
 7:   0.0090  0.0070  0.0030  0.9670  0.0070  0.0070  1
 8:   0.0870  0.0080  0.1680  0.0080  0.7250  0.0040  1
 9:   0.1908  0.0170  0.0320  0.0210  0.7283  0.0110  1
10:   0.2312  0.0561  0.0130  0.0991  0.5065  0.0941  1
11:   0.5180  0.0300  0.3920  0.0130  0.0380  0.0090  1
12:   0.0190  0.0300  0.8890  0.0110  0.0390  0.0120  1
13:   0.0621  0.6627  0.0080  0.0100  0.2513  0.0060  1
14:   0.1540  0.0120  0.1430  0.6610  0.0210  0.0090  1
15:   0.0110  0.0080  0.0060  0.9590  0.0100  0.0060  1
16:   0.0280  0.0110  0.0030  0.7450  0.0440  0.1690  1
17:   0.2006  0.0788  0.0040  0.6277  0.0589  0.0299  1
18:   0.0240  0.0090  0.0060  0.0330  0.8850  0.0430  1
19:   0.8280  0.0170  0.0050  0.0220  0.0920  0.0360  1
20:   0.6236  0.0150  0.0050  0.0861  0.2623  0.0080  1
21:   0.1700  0.0690  0.5840  0.0840  0.0620  0.0310  1
22:   0.0030  0.0030  0.9860  0.0030  0.0030  0.0020  1
23:   0.0550  0.0070  0.6260  0.0080  0.2930  0.0110  1
24:   0.0070  0.0100  0.6280  0.3460  0.0050  0.0040  1
25:   0.0561  0.0390  0.8559  0.0140  0.0140  0.0210  1
26:   0.0110  0.6320  0.0030  0.3340  0.0090  0.0110  1
27:   0.2510  0.0040  0.6820  0.0490  0.0090  0.0050  1
28:   0.0480  0.0990  0.7050  0.0060  0.1350  0.0070  1
29:   0.0560  0.0680  0.7780  0.0300  0.0630  0.0050  1
30:   0.0960  0.0160  0.5690  0.0210  0.2900  0.0080  1
31:   0.3470  0.0190  0.5560  0.0370  0.0280  0.0130  1
32:   0.0779  0.6593  0.0050  0.0150  0.2358  0.0070  1
33:   0.0310  0.0380  0.6673  0.2138  0.0270  0.0230  1
34:   0.1828  0.6693  0.0090  0.0919  0.0220  0.0250  1
35:   0.0240  0.0250  0.8970  0.0210  0.0110  0.0220  1
36:   0.0120  0.0150  0.0050  0.0709  0.0140  0.8832  1
37:   0.4420  0.0870  0.0110  0.0170  0.4250  0.0180  1
38:   0.6340  0.1300  0.0040  0.1120  0.1090  0.0110  1
39:   0.0170  0.0120  0.9339  0.0080  0.0200  0.0090  1
40:   0.0270  0.0110  0.5716  0.3574  0.0200  0.0130  1
41:   0.7305  0.0311  0.0100  0.0581  0.1623  0.0080  1
42:   0.0110  0.0050  0.6346  0.3313  0.0150  0.0030  1
43:   0.0910  0.0470  0.5740  0.0170  0.2650  0.0060  1
44:   0.0370  0.0270  0.6364  0.0260  0.2637  0.0100  1
45:   0.2987  0.0140  0.6484  0.0150  0.0150  0.0090  1
46:   0.0650  0.0180  0.0050  0.8920  0.0140  0.0060  1
47:   0.0200  0.8760  0.0320  0.0180  0.0100  0.0440  1
48:   0.0060  0.0040  0.9660  0.0050  0.0120  0.0070  1
49:   0.0320  0.0190  0.0060  0.0680  0.1770  0.6980  1
50:   0.0080  0.0160  0.0050  0.4156  0.0060  0.5495  1
51:   0.0150  0.0790  0.0040  0.0630  0.0110  0.8280  1
52:   0.5315  0.1101  0.0210  0.0270  0.2933  0.0170  1
53:   0.0780  0.1260  0.0050  0.0340  0.0290  0.7280  1
54:   0.0070  0.0200  0.0110  0.0050  0.0070  0.9500  1
55:   0.0170  0.0130  0.0130  0.0050  0.0110  0.9410  1
56:   0.0430  0.0070  0.0090  0.0060  0.1419  0.7932  1
57:   0.1040  0.0080  0.0190  0.0060  0.8530  0.0100  1
58:   0.0951  0.0210  0.0050  0.0200  0.0410  0.8178  1
59:   0.0550  0.0350  0.7880  0.0610  0.0390  0.0220  1
60:   0.0150  0.0190  0.5726  0.3714  0.0130  0.0090  1
61:   0.1918  0.0270  0.5465  0.0180  0.2048  0.0120  1
62:   0.5090  0.0110  0.0720  0.3420  0.0180  0.0480  1
63:   0.0170  0.0070  0.0080  0.0140  0.9391  0.0150  1
64:   0.0270  0.0110  0.0040  0.0180  0.0650  0.8750  1
65:   0.0790  0.0290  0.0280  0.0180  0.2410  0.6050  1
66:   0.0270  0.0200  0.0380  0.0100  0.1410  0.7640  1
67:   0.0590  0.0080  0.0220  0.4210  0.4730  0.0170  1
68:   0.0130  0.0190  0.0120  0.0080  0.0120  0.9361  1
69:   0.1280  0.8230  0.0050  0.0170  0.0160  0.0110  1
70:   0.0260  0.0521  0.0090  0.8809  0.0150  0.0170  1
71:   0.1518  0.0470  0.2617  0.0470  0.0120  0.4805  1
72:   0.4150  0.0100  0.0600  0.0060  0.5050  0.0040  1
73:   0.5806  0.1011  0.0751  0.0290  0.1552  0.0591  1
74:   0.7220  0.0050  0.0210  0.1750  0.0710  0.0060  1
75:   0.0060  0.4980  0.4820  0.0050  0.0050  0.0040  1
76:   0.0591  0.8769  0.0040  0.0210  0.0160  0.0230  1
77:   0.2068  0.6953  0.0230  0.0370  0.0300  0.0080  1
78:   0.4396  0.0190  0.0599  0.0230  0.4525  0.0060  1
79:   0.0700  0.3320  0.0360  0.2110  0.0170  0.3340  1
80:   0.7187  0.0521  0.0040  0.0150  0.0511  0.1592  1
81:   0.4330  0.0290  0.0170  0.0170  0.4200  0.0840  1
82:   0.0810  0.0270  0.0120  0.5000  0.3710  0.0090  1
83:   0.4845  0.0731  0.0210  0.0480  0.3634  0.0100  1
84:   0.5430  0.0140  0.0350  0.0110  0.3870  0.0100  1
85:   0.6520  0.1210  0.1710  0.0200  0.0230  0.0130  1
86:   0.0331  0.0060  0.1433  0.0070  0.7996  0.0110  1
87:   0.1140  0.0130  0.0070  0.8360  0.0220  0.0080  1
88:   0.5390  0.0120  0.0300  0.0200  0.3460  0.0530  1

 1:   0.1900  0.0150  0.0930  0.0220  0.6200  0.0600  1
 2:   0.6480  0.0270  0.0090  0.0140  0.0940  0.2080  1
 3:   0.0170  0.1400  0.0170  0.0090  0.0200  0.7970  1
 4:   0.8560  0.0080  0.1160  0.0060  0.0090  0.0050  1
 5:   0.4364  0.0390  0.0060  0.0651  0.2773  0.1762  1
 6:   0.3506  0.0529  0.0180  0.0659  0.0210  0.4915  1
 7:   0.0080  0.0070  0.0030  0.9700  0.0060  0.0060  1
 8:   0.1200  0.0080  0.1480  0.0090  0.7100  0.0050  1
 9:   0.1640  0.0150  0.0270  0.0220  0.7630  0.0090  1
10:   0.3746  0.0589  0.0130  0.0939  0.3786  0.0809  1
11:   0.4390  0.0340  0.4260  0.0180  0.0720  0.0110  1
12:   0.0200  0.0290  0.8930  0.0120  0.0350  0.0110  1
13:   0.1240  0.7230  0.0090  0.0120  0.1260  0.0060  1
14:   0.1229  0.0130  0.1449  0.6843  0.0260  0.0090  1
15:   0.0110  0.0080  0.0060  0.9590  0.0100  0.0060  1
16:   0.0280  0.0100  0.0030  0.7628  0.0360  0.1602  1
17:   0.2840  0.0570  0.0040  0.6020  0.0260  0.0270  1
18:   0.0180  0.0090  0.0050  0.0310  0.8951  0.0420  1
19:   0.8571  0.0180  0.0050  0.0210  0.0649  0.0340  1
20:   0.8870  0.0090  0.0050  0.0450  0.0470  0.0070  1
21:   0.1211  0.0861  0.5906  0.0841  0.0911  0.0270  1
22:   0.0030  0.0030  0.9860  0.0030  0.0030  0.0020  1
23:   0.0460  0.0060  0.6196  0.0070  0.3103  0.0110  1
24:   0.0080  0.0100  0.6340  0.3390  0.0050  0.0040  1
25:   0.0511  0.0370  0.8659  0.0150  0.0120  0.0190  1
26:   0.0110  0.6510  0.0030  0.3180  0.0070  0.0100  1
27:   0.2348  0.0040  0.6903  0.0559  0.0100  0.0050  1
28:   0.0380  0.0720  0.6970  0.0050  0.1810  0.0070  1
29:   0.0320  0.0601  0.7918  0.0260  0.0851  0.0050  1
30:   0.1410  0.0160  0.5750  0.0240  0.2370  0.0070  1
31:   0.3407  0.0190  0.5654  0.0350  0.0280  0.0120  1
32:   0.0599  0.6523  0.0050  0.0150  0.2617  0.0060  1
33:   0.0300  0.0400  0.6710  0.2070  0.0320  0.0200  1
34:   0.1702  0.6737  0.0080  0.0941  0.0320  0.0220  1
35:   0.0220  0.0230  0.9030  0.0210  0.0120  0.0190  1
36:   0.0120  0.0160  0.0050  0.0699  0.0110  0.8861  1
37:   0.8070  0.0510  0.0090  0.0140  0.1050  0.0140  1
38:   0.8320  0.0890  0.0040  0.0550  0.0110  0.0090  1
39:   0.0150  0.0100  0.9430  0.0070  0.0180  0.0070  1
40:   0.0280  0.0100  0.5764  0.3556  0.0170  0.0130  1
41:   0.8919  0.0240  0.0090  0.0420  0.0260  0.0070  1
42:   0.0110  0.0050  0.6360  0.3320  0.0130  0.0030  1
43:   0.0939  0.0420  0.5724  0.0170  0.2687  0.0060  1
44:   0.0400  0.0260  0.6440  0.0260  0.2550  0.0090  1
45:   0.2840  0.0140  0.6590  0.0170  0.0170  0.0090  1
46:   0.0470  0.0180  0.0050  0.9050  0.0190  0.0060  1
47:   0.0200  0.8930  0.0280  0.0150  0.0090  0.0350  1
48:   0.0070  0.0040  0.9680  0.0050  0.0100  0.0060  1
49:   0.0460  0.0230  0.0050  0.0840  0.1340  0.7080  1
50:   0.0070  0.0130  0.0050  0.4186  0.0060  0.5504  1
51:   0.0130  0.0840  0.0040  0.0570  0.0140  0.8280  1
52:   0.5544  0.0799  0.0220  0.0280  0.2987  0.0170  1
53:   0.0810  0.1410  0.0050  0.0320  0.0140  0.7270  1
54:   0.0070  0.0210  0.0100  0.0050  0.0060  0.9510  1
55:   0.0170  0.0130  0.0130  0.0050  0.0080  0.9439  1
56:   0.0460  0.0070  0.0090  0.0060  0.1310  0.8010  1
57:   0.2090  0.0090  0.0190  0.0060  0.7470  0.0100  1
58:   0.1089  0.0190  0.0050  0.0210  0.0260  0.8202  1
59:   0.0550  0.0300  0.8070  0.0580  0.0290  0.0210  1
60:   0.0170  0.0200  0.5764  0.3616  0.0150  0.0100  1
61:   0.2422  0.0240  0.5516  0.0170  0.1532  0.0120  1
62:   0.4410  0.0110  0.0820  0.3880  0.0230  0.0550  1
63:   0.0120  0.0070  0.0070  0.0110  0.9490  0.0140  1
64:   0.0269  0.0110  0.0040  0.0200  0.0649  0.8733  1
65:   0.0490  0.0270  0.0280  0.0140  0.2783  0.6036  1
66:   0.0230  0.0180  0.0390  0.0100  0.1489  0.7612  1
67:   0.1261  0.0090  0.0250  0.4595  0.3604  0.0200  1
68:   0.0130  0.0190  0.0120  0.0070  0.0130  0.9359  1
69:   0.1139  0.8382  0.0060  0.0180  0.0140  0.0100  1
70:   0.0300  0.0530  0.0090  0.8830  0.0100  0.0150  1
71:   0.1718  0.0460  0.2587  0.0440  0.0100  0.4695  1
72:   0.0160  0.0100  0.0670  0.0060  0.8970  0.0040  1
73:   0.7020  0.0840  0.0630  0.0250  0.0820  0.0440  1
74:   0.6950  0.0050  0.0230  0.1870  0.0840  0.0060  1
75:   0.0050  0.4995  0.4825  0.0050  0.0040  0.0040  1
76:   0.0390  0.8971  0.0040  0.0200  0.0190  0.0210  1
77:   0.1748  0.7303  0.0220  0.0350  0.0300  0.0080  1
78:   0.0270  0.0220  0.0840  0.0230  0.8380  0.0060  1
79:   0.0940  0.3350  0.0330  0.1980  0.0150  0.3250  1
80:   0.7340  0.0520  0.0040  0.0160  0.0380  0.1560  1
81:   0.0501  0.0400  0.0150  0.0160  0.7688  0.1101  1
82:   0.1860  0.0420  0.0110  0.5630  0.1890  0.0090  1
83:   0.1110  0.1050  0.0210  0.0640  0.6890  0.0100  1
84:   0.1670  0.0160  0.0440  0.0110  0.7520  0.0100  1
85:   0.6450  0.1270  0.1740  0.0220  0.0200  0.0120  1
86:   0.0270  0.0060  0.1391  0.0060  0.8108  0.0110  1
87:   0.1060  0.0110  0.0070  0.8540  0.0140  0.0080  1
88:   0.2587  0.0170  0.0320  0.0250  0.6044  0.0629  1

