 1:   0.1636  0.0156  0.0898  0.0210  0.6497  0.0602  1
 2:   0.5455  0.0300  0.0096  0.0142  0.1785  0.2222  1
 3:   0.0188  0.1358  0.0170  0.0090  0.0224  0.7970  1
 4:   0.8660  0.0084  0.1064  0.0056  0.0086  0.0050  1
 5:   0.3293  0.0350  0.0060  0.0718  0.3703  0.1875  1
 6:   0.3243  0.0496  0.0192  0.0794  0.0324  0.4951  1
 7:   0.0086  0.0070  0.0032  0.9682  0.0066  0.0064  1
 8:   0.1076  0.0082  0.1550  0.0086  0.7157  0.0048  1
 9:   0.1649  0.0162  0.0288  0.0222  0.7580  0.0100  1
10:   0.3438  0.0578  0.0128  0.1000  0.4001  0.0854  1
11:   0.4785  0.0310  0.4093  0.0142  0.0570  0.0100  1
12:   0.0212  0.0302  0.8902  0.0114  0.0352  0.0118  1
13:   0.0954  0.7009  0.0088  0.0126  0.1763  0.0060  1
14:   0.1446  0.0128  0.1424  0.6674  0.0240  0.0088  1
15:   0.0114  0.0076  0.0060  0.9588  0.0102  0.0060  1
16:   0.0298  0.0108  0.0030  0.7526  0.0396  0.1642  1
17:   0.2617  0.0640  0.0040  0.6087  0.0338  0.0278  1
18:   0.0188  0.0088  0.0058  0.0316  0.8920  0.0430  1
19:   0.8580  0.0164  0.0050  0.0206  0.0656  0.0344  1
20:   0.8138  0.0100  0.0050  0.0572  0.1064  0.0076  1
21:   0.1350  0.0770  0.5840  0.0892  0.0866  0.0282  1
22:   0.0030  0.0030  0.9860  0.0030  0.0030  0.0020  1
23:   0.0488  0.0064  0.6198  0.0072  0.3065  0.0112  1
24:   0.0078  0.0100  0.6312  0.3420  0.0050  0.0040  1
25:   0.0534  0.0384  0.8604  0.0146  0.0130  0.0202  1
26:   0.0112  0.6415  0.0032  0.3259  0.0076  0.0106  1
27:   0.2468  0.0040  0.6856  0.0494  0.0092  0.0050  1
28:   0.0412  0.0792  0.6974  0.0052  0.1700  0.0070  1
29:   0.0382  0.0616  0.7824  0.0272  0.0856  0.0050  1
30:   0.1253  0.0168  0.5718  0.0230  0.2559  0.0072  1
31:   0.3430  0.0182  0.5600  0.0364  0.0296  0.0128  1
32:   0.0615  0.6485  0.0048  0.0152  0.2638  0.0062  1
33:   0.0290  0.0382  0.6683  0.2112  0.0322  0.0212  1
34:   0.1876  0.6650  0.0082  0.0888  0.0270  0.0234  1
35:   0.0230  0.0240  0.8998  0.0212  0.0116  0.0204  1
36:   0.0118  0.0154  0.0046  0.0770  0.0118  0.8794  1
37:   0.7021  0.0612  0.0098  0.0158  0.1955  0.0156  1
38:   0.7864  0.0968  0.0040  0.0706  0.0324  0.0098  1
39:   0.0156  0.0112  0.9384  0.0074  0.0196  0.0078  1
40:   0.0274  0.0106  0.5740  0.3566  0.0182  0.0132  1
41:   0.8527  0.0256  0.0098  0.0468  0.0573  0.0078  1
42:   0.0108  0.0050  0.6340  0.3334  0.0138  0.0030  1
43:   0.0936  0.0412  0.5727  0.0172  0.2687  0.0066  1
44:   0.0404  0.0278  0.6411  0.0268  0.2543  0.0096  1
45:   0.2913  0.0136  0.6537  0.0160  0.0166  0.0088  1
46:   0.0544  0.0184  0.0050  0.8984  0.0178  0.0060  1
47:   0.0202  0.8844  0.0298  0.0166  0.0094  0.0396  1
48:   0.0064  0.0040  0.9670  0.0050  0.0112  0.0064  1
49:   0.0396  0.0216  0.0058  0.0794  0.1517  0.7019  1
50:   0.0076  0.0144  0.0050  0.4183  0.0062  0.5485  1
51:   0.0138  0.0794  0.0040  0.0674  0.0132  0.8222  1
52:   0.5560  0.0850  0.0216  0.0284  0.2926  0.0164  1
53:   0.0836  0.1354  0.0050  0.0322  0.0178  0.7261  1
54:   0.0070  0.0204  0.0106  0.0050  0.0062  0.9508  1
55:   0.0172  0.0128  0.0132  0.0050  0.0086  0.9432  1
56:   0.0470  0.0068  0.0090  0.0060  0.1334  0.7978  1
57:   0.1672  0.0090  0.0198  0.0060  0.7878  0.0102  1
58:   0.1078  0.0194  0.0052  0.0202  0.0298  0.8176  1
59:   0.0570  0.0318  0.7975  0.0592  0.0312  0.0234  1
60:   0.0156  0.0192  0.5725  0.3691  0.0140  0.0096  1
61:   0.2237  0.0246  0.5498  0.0178  0.1721  0.0120  1
62:   0.4643  0.0112  0.0764  0.3751  0.0214  0.0516  1
63:   0.0126  0.0070  0.0072  0.0122  0.9468  0.0142  1
64:   0.0278  0.0110  0.0040  0.0196  0.0648  0.8729  1
65:   0.0604  0.0292  0.0284  0.0162  0.2635  0.6022  1
66:   0.0258  0.0186  0.0394  0.0096  0.1456  0.7610  1
67:   0.0963  0.0084  0.0246  0.4515  0.3998  0.0194  1
68:   0.0128  0.0188  0.0124  0.0078  0.0130  0.9352  1
69:   0.1324  0.8204  0.0056  0.0172  0.0140  0.0104  1
70:   0.0278  0.0512  0.0090  0.8849  0.0110  0.0160  1
71:   0.1646  0.0470  0.2600  0.0454  0.0106  0.4724  1
72:   0.0972  0.0100  0.0690  0.0060  0.8138  0.0040  1
73:   0.6684  0.0916  0.0650  0.0262  0.1000  0.0488  1
74:   0.7161  0.0050  0.0228  0.1814  0.0686  0.0060  1
75:   0.0058  0.4987  0.4821  0.0050  0.0044  0.0040  1
76:   0.0488  0.8834  0.0042  0.0224  0.0188  0.0224  1
77:   0.1865  0.7173  0.0224  0.0362  0.0296  0.0080  1
78:   0.1149  0.0224  0.0794  0.0236  0.7537  0.0060  1
79:   0.0806  0.3335  0.0354  0.2060  0.0154  0.3291  1
80:   0.7355  0.0480  0.0040  0.0158  0.0418  0.1548  1
81:   0.1344  0.0378  0.0154  0.0176  0.6930  0.1018  1
82:   0.1496  0.0342  0.0114  0.5490  0.2466  0.0092  1
83:   0.1853  0.0947  0.0220  0.0656  0.6224  0.0100  1
84:   0.2500  0.0154  0.0430  0.0114  0.6695  0.0106  1
85:   0.6479  0.1238  0.1724  0.0214  0.0222  0.0122  1
86:   0.0280  0.0058  0.1421  0.0066  0.8063  0.0112  1
87:   0.1142  0.0122  0.0070  0.8426  0.0164  0.0076  1
88:   0.3036  0.0150  0.0318  0.0252  0.5631  0.0612  1
