1:    0.101 0.016 0.082 0.020 0.719 0.062 1    
2:    0.525 0.031 0.010 0.015 0.192 0.227 1    
3:    0.020 0.135 0.017 0.009 0.024 0.795 1    
4:    0.880 0.008 0.093 0.006 0.008 0.005 1    
5:    0.221 0.040 0.006 0.086 0.447 0.200 1    
6:    0.323 0.051 0.019 0.084 0.026 0.496 1    
7:    0.009 0.007 0.003 0.967 0.007 0.007 1    
8:    0.066 0.009 0.143 0.008 0.769 0.005 1    
9:    0.112 0.016 0.028 0.022 0.812 0.011 1    
10:   0.277 0.062 0.013 0.113 0.443 0.092 1    
11:   0.510 0.028 0.404 0.012 0.036 0.010 1    
12:   0.023 0.032 0.886 0.011 0.036 0.013 1    
13:   0.065 0.698 0.009 0.015 0.206 0.006 1    
14:   0.168 0.013 0.134 0.652 0.025 0.008 1    
15:   0.013 0.008 0.006 0.957 0.011 0.006 1    
16:   0.030 0.011 0.003 0.745 0.044 0.168 1    
17:   0.286 0.059 0.004 0.595 0.028 0.028 1    
18:   0.015 0.009 0.006 0.029 0.899 0.043 1    
19:   0.867 0.015 0.005 0.019 0.061 0.033 1    
20:   0.827 0.009 0.005 0.054 0.098 0.008 1    
21:   0.147 0.076 0.577 0.091 0.080 0.028 1    
22:   0.003 0.003 0.986 0.003 0.003 0.002 1    
23:   0.039 0.007 0.617 0.007 0.318 0.012 1    
24:   0.008 0.010 0.628 0.345 0.005 0.004 1    
25:   0.059 0.037 0.855 0.015 0.013 0.022 1    
26:   0.011 0.638 0.004 0.330 0.008 0.011 1    
27:   0.266 0.004 0.678 0.038 0.008 0.005 1    
28:   0.049 0.081 0.697 0.005 0.161 0.007 1    
29:   0.036 0.063 0.781 0.029 0.086 0.005 1    
30:   0.112 0.017 0.566 0.022 0.275 0.007 1    
31:   0.361 0.016 0.553 0.032 0.025 0.012 1    
32:   0.064 0.651 0.005 0.016 0.259 0.006 1    
33:   0.029 0.038 0.665 0.217 0.031 0.020 1    
34:   0.215 0.652 0.008 0.083 0.019 0.022 1    
35:   0.026 0.025 0.895 0.021 0.012 0.021 1    
36:   0.011 0.015 0.005 0.083 0.012 0.873 1    
37:   0.696 0.066 0.010 0.017 0.194 0.016 1    
38:   0.832 0.083 0.004 0.056 0.015 0.010 1    
39:   0.016 0.012 0.937 0.008 0.019 0.008 1    
40:   0.026 0.012 0.574 0.357 0.018 0.014 1    
41:   0.868 0.025 0.010 0.048 0.040 0.008 1    
42:   0.011 0.005 0.631 0.334 0.015 0.003 1    
43:   0.098 0.037 0.572 0.018 0.268 0.007 1    
44:   0.036 0.027 0.633 0.026 0.269 0.009 1    
45:   0.294 0.013 0.651 0.016 0.017 0.009 1    
46:   0.057 0.020 0.005 0.893 0.019 0.006 1    
47:   0.021 0.881 0.030 0.017 0.009 0.041 1    
48:   0.007 0.004 0.964 0.005 0.012 0.007 1    
49:   0.034 0.019 0.006 0.074 0.170 0.697 1    
50:   0.008 0.015 0.005 0.419 0.007 0.546 1    
51:   0.014 0.080 0.004 0.073 0.013 0.816 1    
52:   0.589 0.084 0.023 0.029 0.259 0.016 1    
53:   0.086 0.136 0.005 0.033 0.018 0.723 1    
54:   0.007 0.020 0.011 0.005 0.006 0.950 1    
55:   0.017 0.013 0.014 0.005 0.008 0.943 1    
56:   0.050 0.007 0.009 0.006 0.137 0.791 1    
57:   0.067 0.009 0.020 0.006 0.887 0.011 1    
58:   0.112 0.019 0.005 0.020 0.031 0.813 1    
59:   0.061 0.030 0.796 0.061 0.029 0.024 1    
60:   0.016 0.018 0.567 0.375 0.014 0.009 1    
61:   0.212 0.026 0.548 0.020 0.181 0.012 1    
62:   0.495 0.011 0.073 0.352 0.021 0.048 1    
63:   0.011 0.007 0.007 0.012 0.949 0.014 1    
64:   0.027 0.011 0.004 0.019 0.069 0.871 1    
65:   0.061 0.030 0.028 0.016 0.264 0.600 1    
66:   0.026 0.018 0.042 0.010 0.142 0.762 1    
67:   0.034 0.008 0.024 0.464 0.451 0.019 1    
68:   0.013 0.019 0.013 0.008 0.012 0.935 1    
69:   0.142 0.811 0.006 0.017 0.014 0.011 1    
70:   0.027 0.052 0.009 0.885 0.010 0.016 1    
71:   0.179 0.045 0.256 0.044 0.010 0.466 1    
72:   0.021 0.010 0.074 0.006 0.884 0.004 1    
73:   0.694 0.087 0.062 0.024 0.088 0.046 1    
74:   0.728 0.005 0.023 0.173 0.065 0.006 1    
75:   0.006 0.500 0.480 0.005 0.005 0.004 1    
76:   0.051 0.878 0.005 0.025 0.019 0.022 1    
77:   0.198 0.708 0.021 0.036 0.029 0.008 1    
78:   0.050 0.025 0.084 0.026 0.808 0.006 1    
79:   0.085 0.330 0.038 0.207 0.016 0.326 1    
80:   0.756 0.044 0.004 0.015 0.032 0.149 1    
81:   0.079 0.042 0.015 0.018 0.744 0.102 1    
82:   0.093 0.035 0.011 0.570 0.281 0.010 1    
83:   0.156 0.099 0.022 0.070 0.643 0.010 1    
84:   0.240 0.017 0.046 0.012 0.674 0.011 1    
85:   0.653 0.122 0.171 0.021 0.021 0.012 1    
86:   0.021 0.006 0.140 0.006 0.816 0.012 1    
87:   0.127 0.013 0.007 0.828 0.017 0.007 1    
88:   0.238 0.016 0.031 0.025 0.629 0.060 1    
                       
                       
1:    0.020 0.131 0.060 0.084 0.017 0.688 1    
2:    0.015 0.555 0.228 0.010 0.030 0.162 1    
3:    0.009 0.020 0.795 0.018 0.135 0.023 1    
4:    0.005 0.871 0.005 0.103 0.008 0.008 1    
5:    0.078 0.291 0.195 0.006 0.036 0.393 1    
6:    0.081 0.339 0.487 0.019 0.048 0.025 1    
7:    0.968 0.009 0.006 0.004 0.007 0.006 1    
8:    0.009 0.094 0.005 0.144 0.008 0.739 1    
9:    0.023 0.133 0.009 0.029 0.017 0.790 1    
10:   0.106 0.341 0.087 0.012 0.057 0.396 1    
11:   0.013 0.511 0.009 0.401 0.029 0.037 1    
12:   0.011 0.023 0.011 0.888 0.030 0.036 1    
13:   0.013 0.085 0.006 0.009 0.700 0.187 1    
14:   0.653 0.162 0.009 0.139 0.013 0.024 1    
15:   0.959 0.011 0.006 0.006 0.007 0.010 1    
16:   0.751 0.035 0.160 0.003 0.011 0.040 1    
17:   0.597 0.286 0.028 0.004 0.061 0.024 1    
18:   0.031 0.017 0.044 0.006 0.009 0.894 1    
19:   0.021 0.868 0.035 0.005 0.016 0.055 1    
20:   0.052 0.854 0.008 0.005 0.009 0.072 1    
21:   0.098 0.134 0.028 0.581 0.075 0.085 1    
22:   0.003 0.003 0.002 0.986 0.003 0.003 1    
23:   0.007 0.047 0.011 0.617 0.006 0.312 1    
24:   0.342 0.008 0.004 0.631 0.010 0.005 1    
25:   0.014 0.049 0.020 0.863 0.040 0.013 1    
26:   0.334 0.011 0.010 0.003 0.634 0.007 1    
27:   0.040 0.259 0.005 0.683 0.004 0.009 1    
28:   0.005 0.042 0.007 0.697 0.079 0.169 1    
29:   0.027 0.040 0.005 0.782 0.063 0.083 1    
30:   0.024 0.118 0.007 0.572 0.018 0.261 1    
31:   0.032 0.353 0.013 0.557 0.017 0.029 1    
32:   0.016 0.064 0.006 0.005 0.654 0.256 1    
33:   0.213 0.030 0.022 0.668 0.036 0.031 1    
34:   0.083 0.208 0.023 0.008 0.658 0.021 1    
35:   0.022 0.021 0.021 0.901 0.024 0.011 1    
36:   0.082 0.012 0.874 0.004 0.015 0.012 1    
37:   0.017 0.748 0.016 0.010 0.053 0.156 1    
38:   0.063 0.823 0.010 0.004 0.086 0.014 1    
39:   0.007 0.015 0.008 0.938 0.012 0.020 1    
40:   0.355 0.029 0.013 0.573 0.010 0.020 1    
41:   0.045 0.881 0.008 0.010 0.023 0.034 1    
42:   0.336 0.011 0.003 0.632 0.005 0.013 1    
43:   0.017 0.091 0.007 0.573 0.042 0.270 1    
44:   0.026 0.043 0.010 0.641 0.028 0.252 1    
45:   0.014 0.298 0.008 0.650 0.013 0.016 1    
46:   0.895 0.058 0.006 0.005 0.018 0.018 1    
47:   0.017 0.021 0.040 0.029 0.883 0.010 1    
48:   0.005 0.006 0.006 0.966 0.004 0.012 1    
49:   0.079 0.036 0.697 0.006 0.021 0.162 1    
50:   0.419 0.008 0.548 0.005 0.014 0.006 1    
51:   0.078 0.014 0.819 0.004 0.072 0.013 1    
52:   0.029 0.643 0.015 0.019 0.080 0.215 1    
53:   0.033 0.086 0.727 0.005 0.133 0.016 1    
54:   0.005 0.007 0.950 0.011 0.021 0.006 1    
55:   0.005 0.017 0.945 0.013 0.012 0.008 1    
56:   0.006 0.049 0.797 0.009 0.007 0.131 1    
57:   0.006 0.113 0.010 0.021 0.010 0.840 1    
58:   0.019 0.118 0.812 0.005 0.018 0.027 1    
59:   0.059 0.053 0.026 0.800 0.032 0.029 1    
60:   0.372 0.015 0.010 0.571 0.019 0.013 1    
61:   0.018 0.212 0.012 0.552 0.022 0.182 1    
62:   0.361 0.486 0.049 0.071 0.011 0.022 1    
63:   0.012 0.011 0.013 0.007 0.007 0.950 1    
64:   0.018 0.029 0.870 0.004 0.011 0.068 1    
65:   0.017 0.058 0.603 0.029 0.029 0.265 1    
66:   0.009 0.028 0.763 0.042 0.020 0.138 1    
67:   0.467 0.064 0.021 0.025 0.008 0.414 1    
68:   0.008 0.012 0.936 0.013 0.018 0.013 1    
69:   0.017 0.154 0.010 0.006 0.801 0.012 1    
70:   0.886 0.028 0.016 0.009 0.050 0.010 1    
71:   0.046 0.158 0.474 0.261 0.050 0.010 1    
72:   0.006 0.016 0.004 0.070 0.010 0.894 1    
73:   0.027 0.695 0.048 0.059 0.089 0.083 1    
74:   0.181 0.721 0.006 0.023 0.005 0.064 1    
75:   0.005 0.006 0.004 0.482 0.499 0.004 1    
76:   0.025 0.056 0.022 0.004 0.874 0.019 1    
77:   0.036 0.190 0.008 0.021 0.713 0.032 1    
78:   0.024 0.034 0.006 0.083 0.025 0.828 1    
79:   0.209 0.080 0.327 0.037 0.332 0.015 1    
80:   0.015 0.757 0.150 0.004 0.043 0.031 1    
81:   0.019 0.061 0.103 0.015 0.039 0.763 1    
82:   0.565 0.138 0.009 0.012 0.034 0.242 1    
83:   0.077 0.110 0.010 0.023 0.094 0.685 1    
84:   0.011 0.182 0.011 0.045 0.015 0.735 1    
85:   0.022 0.650 0.012 0.172 0.120 0.023 1    
86:   0.007 0.023 0.011 0.139 0.005 0.815 1    
87:   0.836 0.123 0.008 0.007 0.012 0.014 1    
88:   0.029 0.222 0.063 0.032 0.015 0.639 1    
                       
                       
1:    0.065 0.015 0.024 0.108 0.528 0.260 1    
2:    0.212 0.025 0.013 0.009 0.087 0.654 1    
3:    0.800 0.137 0.009 0.016 0.020 0.019 1    
4:    0.005 0.009 0.006 0.124 0.008 0.847 1    
5:    0.168 0.033 0.070 0.006 0.240 0.483 1    
6:    0.488 0.047 0.081 0.019 0.018 0.347 1    
7:    0.006 0.007 0.968 0.003 0.007 0.008 1    
8:    0.005 0.008 0.009 0.172 0.635 0.171 1    
9:    0.010 0.016 0.023 0.028 0.699 0.225 1    
10:   0.073 0.055 0.088 0.013 0.276 0.495 1    
11:   0.011 0.034 0.015 0.423 0.102 0.414 1    
12:   0.012 0.030 0.012 0.895 0.030 0.021 1    
13:   0.006 0.720 0.013 0.009 0.111 0.141 1    
14:   0.009 0.013 0.686 0.151 0.024 0.116 1    
15:   0.006 0.007 0.960 0.006 0.010 0.011 1    
16:   0.164 0.011 0.760 0.003 0.034 0.028 1    
17:   0.026 0.064 0.622 0.004 0.032 0.252 1    
18:   0.043 0.008 0.034 0.006 0.888 0.020 1    
19:   0.034 0.016 0.020 0.005 0.055 0.869 1    
20:   0.007 0.008 0.049 0.005 0.053 0.878 1    
21:   0.027 0.079 0.089 0.588 0.115 0.103 1    
22:   0.002 0.003 0.003 0.986 0.003 0.003 1    
23:   0.011 0.006 0.007 0.619 0.299 0.057 1    
24:   0.004 0.010 0.338 0.635 0.005 0.008 1    
25:   0.019 0.039 0.015 0.863 0.013 0.052 1    
26:   0.011 0.654 0.314 0.003 0.007 0.012 1    
27:   0.005 0.004 0.064 0.694 0.010 0.223 1    
28:   0.007 0.065 0.005 0.691 0.204 0.029 1    
29:   0.005 0.054 0.024 0.779 0.111 0.027 1    
30:   0.007 0.017 0.024 0.576 0.216 0.159 1    
31:   0.014 0.020 0.046 0.568 0.038 0.313 1    
32:   0.006 0.627 0.014 0.004 0.307 0.042 1    
33:   0.021 0.039 0.205 0.670 0.040 0.025 1    
34:   0.025 0.672 0.092 0.008 0.041 0.162 1    
35:   0.019 0.023 0.021 0.903 0.012 0.022 1    
36:   0.879 0.016 0.079 0.004 0.010 0.012 1    
37:   0.014 0.049 0.014 0.009 0.097 0.816 1    
38:   0.009 0.096 0.067 0.004 0.013 0.811 1    
39:   0.007 0.010 0.007 0.939 0.021 0.015 1    
40:   0.013 0.010 0.358 0.575 0.016 0.027 1    
41:   0.008 0.025 0.041 0.010 0.024 0.893 1    
42:   0.003 0.005 0.333 0.635 0.013 0.010 1    
43:   0.007 0.038 0.017 0.572 0.272 0.094 1    
44:   0.010 0.031 0.030 0.651 0.232 0.046 1    
45:   0.009 0.014 0.018 0.659 0.018 0.281 1    
46:   0.006 0.018 0.907 0.005 0.019 0.045 1    
47:   0.038 0.888 0.016 0.030 0.009 0.019 1    
48:   0.006 0.004 0.005 0.968 0.010 0.006 1    
49:   0.711 0.026 0.092 0.006 0.116 0.050 1    
50:   0.548 0.014 0.419 0.005 0.006 0.007 1    
51:   0.820 0.082 0.066 0.004 0.015 0.013 1    
52:   0.017 0.071 0.029 0.023 0.397 0.462 1    
53:   0.726 0.141 0.029 0.005 0.012 0.087 1    
54:   0.951 0.020 0.005 0.010 0.006 0.007 1    
55:   0.943 0.013 0.005 0.013 0.008 0.018 1    
56:   0.806 0.006 0.006 0.009 0.126 0.047 1    
57:   0.010 0.009 0.006 0.020 0.612 0.343 1    
58:   0.824 0.020 0.021 0.006 0.024 0.105 1    
59:   0.024 0.032 0.057 0.798 0.030 0.061 1    
60:   0.010 0.020 0.365 0.575 0.015 0.015 1    
61:   0.012 0.024 0.016 0.550 0.139 0.260 1    
62:   0.058 0.012 0.433 0.084 0.023 0.391 1    
63:   0.015 0.007 0.012 0.007 0.946 0.012 1    
64:   0.876 0.011 0.023 0.004 0.057 0.029 1    
65:   0.599 0.031 0.016 0.029 0.269 0.055 1    
66:   0.755 0.017 0.009 0.036 0.158 0.025 1    
67:   0.020 0.009 0.445 0.027 0.300 0.198 1    
68:   0.933 0.019 0.008 0.012 0.015 0.013 1    
69:   0.010 0.829 0.017 0.005 0.014 0.124 1    
70:   0.016 0.049 0.888 0.009 0.010 0.028 1    
71:   0.471 0.047 0.046 0.262 0.011 0.162 1    
72:   0.004 0.010 0.006 0.074 0.889 0.018 1    
73:   0.047 0.097 0.026 0.066 0.092 0.671 1    
74:   0.006 0.005 0.191 0.024 0.059 0.714 1    
75:   0.004 0.497 0.005 0.484 0.004 0.006 1    
76:   0.024 0.891 0.021 0.004 0.021 0.039 1    
77:   0.008 0.740 0.037 0.025 0.027 0.163 1    
78:   0.006 0.021 0.022 0.086 0.841 0.024 1    
79:   0.334 0.339 0.205 0.033 0.014 0.074 1    
80:   0.160 0.049 0.018 0.004 0.057 0.712 1    
81:   0.110 0.039 0.018 0.015 0.769 0.049 1    
82:   0.009 0.033 0.547 0.011 0.150 0.250 1    
83:   0.010 0.102 0.069 0.023 0.730 0.065 1    
84:   0.011 0.015 0.012 0.045 0.799 0.118 1    
85:   0.012 0.129 0.022 0.174 0.024 0.639 1    
86:   0.011 0.006 0.007 0.149 0.791 0.036 1    
87:   0.007 0.012 0.858 0.007 0.015 0.101 1    
88:   0.067 0.015 0.027 0.034 0.596 0.260 1    
                       
                       
1:    0.693 0.015 0.136 0.082 0.019 0.054 1    
2:    0.358 0.037 0.346 0.010 0.014 0.236 1    
3:    0.025 0.132 0.018 0.017 0.009 0.799 1    
4:    0.010 0.009 0.875 0.096 0.005 0.005 1    
5:    0.494 0.027 0.215 0.006 0.060 0.198 1    
6:    0.072 0.049 0.261 0.021 0.085 0.512 1    
7:    0.007 0.007 0.009 0.003 0.967 0.007 1    
8:    0.725 0.008 0.087 0.168 0.008 0.004 1    
9:    0.729 0.017 0.191 0.032 0.021 0.011 1    
10:   0.506 0.056 0.231 0.013 0.099 0.094 1    
11:   0.038 0.030 0.518 0.392 0.013 0.009 1    
12:   0.039 0.030 0.019 0.889 0.011 0.012 1    
13:   0.251 0.662 0.062 0.008 0.010 0.006 1    
14:   0.021 0.012 0.154 0.143 0.661 0.009 1    
15:   0.010 0.008 0.011 0.006 0.959 0.006 1    
16:   0.044 0.011 0.028 0.003 0.745 0.169 1    
17:   0.059 0.079 0.201 0.004 0.629 0.030 1    
18:   0.885 0.009 0.024 0.006 0.033 0.043 1    
19:   0.092 0.017 0.828 0.005 0.022 0.036 1    
20:   0.262 0.015 0.623 0.005 0.086 0.008 1    
21:   0.062 0.069 0.170 0.584 0.084 0.031 1    
22:   0.003 0.003 0.003 0.986 0.003 0.002 1    
23:   0.293 0.007 0.055 0.626 0.008 0.011 1    
24:   0.005 0.010 0.007 0.628 0.346 0.004 1    
25:   0.014 0.039 0.056 0.855 0.014 0.021 1    
26:   0.009 0.632 0.011 0.003 0.334 0.011 1    
27:   0.009 0.004 0.251 0.682 0.049 0.005 1    
28:   0.135 0.099 0.048 0.705 0.006 0.007 1    
29:   0.063 0.068 0.056 0.778 0.030 0.005 1    
30:   0.290 0.016 0.096 0.569 0.021 0.008 1    
31:   0.028 0.019 0.347 0.556 0.037 0.013 1    
32:   0.236 0.660 0.078 0.005 0.015 0.007 1    
33:   0.027 0.038 0.031 0.668 0.214 0.023 1    
34:   0.022 0.670 0.183 0.009 0.092 0.025 1    
35:   0.011 0.025 0.024 0.897 0.021 0.022 1    
36:   0.014 0.015 0.012 0.005 0.071 0.885 1    
37:   0.425 0.087 0.442 0.011 0.017 0.018 1    
38:   0.109 0.130 0.634 0.004 0.112 0.011 1    
39:   0.020 0.012 0.017 0.933 0.008 0.009 1    
40:   0.020 0.011 0.027 0.571 0.357 0.013 1    
41:   0.162 0.031 0.729 0.010 0.058 0.008 1    
42:   0.015 0.005 0.011 0.634 0.331 0.003 1    
43:   0.265 0.047 0.091 0.574 0.017 0.006 1    
44:   0.264 0.027 0.037 0.637 0.026 0.010 1    
45:   0.015 0.014 0.299 0.649 0.015 0.009 1    
46:   0.014 0.018 0.065 0.005 0.892 0.006 1    
47:   0.010 0.876 0.020 0.032 0.018 0.044 1    
48:   0.012 0.004 0.006 0.966 0.005 0.007 1    
49:   0.177 0.019 0.032 0.006 0.068 0.698 1    
50:   0.006 0.016 0.008 0.005 0.416 0.550 1    
51:   0.011 0.079 0.015 0.004 0.063 0.828 1    
52:   0.293 0.110 0.531 0.021 0.027 0.017 1    
53:   0.029 0.126 0.078 0.005 0.034 0.728 1    
54:   0.007 0.020 0.007 0.011 0.005 0.950 1    
55:   0.011 0.013 0.017 0.013 0.005 0.941 1    
56:   0.142 0.007 0.043 0.009 0.006 0.794 1    
57:   0.853 0.008 0.104 0.019 0.006 0.010 1    
58:   0.041 0.021 0.095 0.005 0.020 0.817 1    
59:   0.039 0.035 0.055 0.788 0.061 0.022 1    
60:   0.013 0.019 0.015 0.572 0.371 0.009 1    
61:   0.205 0.027 0.192 0.547 0.018 0.012 1    
62:   0.018 0.011 0.509 0.072 0.342 0.048 1    
63:   0.940 0.007 0.017 0.008 0.014 0.015 1    
64:   0.065 0.011 0.027 0.004 0.018 0.875 1    
65:   0.241 0.029 0.079 0.028 0.018 0.605 1    
66:   0.141 0.020 0.027 0.038 0.010 0.764 1    
67:   0.473 0.008 0.059 0.022 0.421 0.017 1    
68:   0.012 0.019 0.013 0.012 0.008 0.937 1    
69:   0.016 0.823 0.128 0.005 0.017 0.011 1    
70:   0.015 0.052 0.026 0.009 0.880 0.017 1    
71:   0.012 0.047 0.152 0.262 0.047 0.481 1    
72:   0.505 0.010 0.415 0.060 0.006 0.004 1    
73:   0.155 0.101 0.580 0.075 0.029 0.059 1    
74:   0.071 0.005 0.722 0.021 0.175 0.006 1    
75:   0.005 0.498 0.006 0.482 0.005 0.004 1    
76:   0.016 0.876 0.059 0.004 0.021 0.023 1    
77:   0.030 0.696 0.207 0.023 0.037 0.008 1    
78:   0.453 0.019 0.440 0.060 0.023 0.006 1    
79:   0.017 0.332 0.070 0.036 0.211 0.334 1    
80:   0.051 0.052 0.718 0.004 0.015 0.159 1    
81:   0.420 0.029 0.433 0.017 0.017 0.084 1    
82:   0.371 0.027 0.081 0.012 0.500 0.009 1    
83:   0.363 0.073 0.484 0.021 0.048 0.010 1    
84:   0.387 0.014 0.543 0.035 0.011 0.010 1    
85:   0.023 0.121 0.652 0.171 0.020 0.013 1    
86:   0.798 0.006 0.033 0.143 0.007 0.011 1    
87:   0.022 0.013 0.114 0.007 0.836 0.008 1    
88:   0.346 0.012 0.539 0.030 0.020 0.053 1    
                       
                       
1:    0.620 0.015 0.022 0.190 0.093 0.060 1    
2:    0.094 0.027 0.014 0.648 0.009 0.208 1    
3:    0.020 0.140 0.009 0.017 0.017 0.797 1    
4:    0.009 0.008 0.006 0.856 0.116 0.005 1    
5:    0.277 0.039 0.065 0.436 0.006 0.176 1    
6:    0.021 0.053 0.066 0.351 0.018 0.492 1    
7:    0.006 0.007 0.969 0.008 0.003 0.006 1    
8:    0.710 0.008 0.009 0.120 0.148 0.005 1    
9:    0.763 0.015 0.022 0.164 0.027 0.009 1    
10:   0.379 0.059 0.094 0.375 0.013 0.081 1    
11:   0.072 0.034 0.018 0.439 0.426 0.011 1    
12:   0.035 0.029 0.012 0.020 0.893 0.011 1    
13:   0.126 0.723 0.012 0.124 0.009 0.006 1    
14:   0.026 0.013 0.685 0.123 0.145 0.009 1    
15:   0.010 0.008 0.960 0.011 0.006 0.006 1    
16:   0.036 0.010 0.762 0.028 0.003 0.160 1    
17:   0.026 0.057 0.602 0.284 0.004 0.027 1    
18:   0.896 0.009 0.031 0.018 0.005 0.042 1    
19:   0.065 0.018 0.021 0.858 0.005 0.034 1    
20:   0.047 0.009 0.045 0.887 0.005 0.007 1    
21:   0.091 0.086 0.084 0.121 0.590 0.027 1    
22:   0.003 0.003 0.003 0.003 0.986 0.002 1    
23:   0.310 0.006 0.007 0.046 0.619 0.011 1    
24:   0.005 0.010 0.339 0.008 0.634 0.004 1    
25:   0.012 0.037 0.015 0.051 0.865 0.019 1    
26:   0.007 0.651 0.318 0.011 0.003 0.010 1    
27:   0.010 0.004 0.056 0.235 0.691 0.005 1    
28:   0.181 0.072 0.005 0.038 0.697 0.007 1    
29:   0.085 0.060 0.026 0.032 0.791 0.005 1    
30:   0.237 0.016 0.024 0.141 0.575 0.007 1    
31:   0.028 0.019 0.035 0.341 0.566 0.012 1    
32:   0.262 0.653 0.015 0.060 0.005 0.006 1    
33:   0.032 0.040 0.207 0.030 0.671 0.020 1    
34:   0.032 0.673 0.094 0.170 0.008 0.022 1    
35:   0.012 0.023 0.021 0.022 0.903 0.019 1    
36:   0.011 0.016 0.070 0.012 0.005 0.887 1    
37:   0.105 0.051 0.014 0.807 0.009 0.014 1    
38:   0.011 0.089 0.055 0.832 0.004 0.009 1    
39:   0.018 0.010 0.007 0.015 0.943 0.007 1    
40:   0.017 0.010 0.356 0.028 0.577 0.013 1    
41:   0.026 0.024 0.042 0.891 0.009 0.007 1    
42:   0.013 0.005 0.332 0.011 0.636 0.003 1    
43:   0.269 0.042 0.017 0.094 0.573 0.006 1    
44:   0.255 0.026 0.026 0.040 0.644 0.009 1    
45:   0.017 0.014 0.017 0.284 0.659 0.009 1    
46:   0.019 0.018 0.905 0.047 0.005 0.006 1    
47:   0.009 0.893 0.015 0.020 0.028 0.035 1    
48:   0.010 0.004 0.005 0.007 0.968 0.006 1    
49:   0.134 0.023 0.084 0.046 0.005 0.708 1    
50:   0.006 0.013 0.419 0.007 0.005 0.551 1    
51:   0.014 0.084 0.057 0.013 0.004 0.828 1    
52:   0.299 0.080 0.028 0.555 0.022 0.017 1    
53:   0.014 0.141 0.032 0.081 0.005 0.727 1    
54:   0.006 0.021 0.005 0.007 0.010 0.951 1    
55:   0.008 0.013 0.005 0.017 0.013 0.943 1    
56:   0.131 0.007 0.006 0.046 0.009 0.801 1    
57:   0.747 0.009 0.006 0.209 0.019 0.010 1    
58:   0.026 0.019 0.021 0.109 0.005 0.821 1    
59:   0.029 0.030 0.058 0.055 0.807 0.021 1    
60:   0.015 0.020 0.362 0.017 0.577 0.010 1    
61:   0.153 0.024 0.017 0.242 0.551 0.012 1    
62:   0.023 0.011 0.388 0.441 0.082 0.055 1    
63:   0.949 0.007 0.011 0.012 0.007 0.014 1    
64:   0.065 0.011 0.020 0.027 0.004 0.875 1    
65:   0.278 0.027 0.014 0.049 0.028 0.603 1    
66:   0.149 0.018 0.010 0.023 0.039 0.762 1    
67:   0.360 0.009 0.459 0.126 0.025 0.020 1    
68:   0.013 0.019 0.007 0.013 0.012 0.935 1    
69:   0.014 0.839 0.018 0.114 0.006 0.010 1    
70:   0.010 0.053 0.883 0.030 0.009 0.015 1    
71:   0.010 0.046 0.044 0.172 0.259 0.470 1    
72:   0.897 0.010 0.006 0.016 0.067 0.004 1    
73:   0.082 0.084 0.025 0.702 0.063 0.044 1    
74:   0.084 0.005 0.187 0.695 0.023 0.006 1    
75:   0.004 0.499 0.005 0.005 0.482 0.004 1    
76:   0.019 0.898 0.020 0.039 0.004 0.021 1    
77:   0.030 0.731 0.035 0.175 0.022 0.008 1    
78:   0.838 0.022 0.023 0.027 0.084 0.006 1    
79:   0.015 0.335 0.198 0.094 0.033 0.325 1    
80:   0.038 0.052 0.016 0.734 0.004 0.156 1    
81:   0.768 0.040 0.016 0.050 0.015 0.110 1    
82:   0.189 0.042 0.563 0.186 0.011 0.009 1    
83:   0.689 0.105 0.064 0.111 0.021 0.010 1    
84:   0.752 0.016 0.011 0.167 0.044 0.010 1    
85:   0.020 0.127 0.022 0.645 0.174 0.012 1    
86:   0.810 0.006 0.006 0.027 0.139 0.011 1    
87:   0.014 0.011 0.854 0.106 0.007 0.008 1    
88:   0.605 0.017 0.025 0.259 0.032 0.063 1    
