  1:   0.1662  0.1712  0.1532  0.1652  0.1762  0.1682  1
  2:   0.1632  0.1782  0.1471  0.1602  0.1682  0.1832  1
  3:   0.1668  0.1678  0.1648  0.1648  0.1688  0.1668  1
  4:   0.1592  0.1612  0.1902  0.1762  0.1562  0.1572  1
  5:   0.1680  0.1630  0.1630  0.1660  0.1700  0.1700  1
  6:   0.1650  0.1710  0.1620  0.1680  0.1680  0.1660  1
  7:   0.1648  0.1688  0.1588  0.1678  0.1648  0.1748  1
  8:   0.1652  0.1732  0.1572  0.1632  0.1642  0.1772  1
  9:   0.1678  0.1558  0.1868  0.1708  0.1618  0.1568  1
 10:   0.1660  0.1580  0.1730  0.1720  0.1660  0.1650  1
 11:   0.1678  0.1698  0.1479  0.1648  0.1778  0.1718  1
 12:   0.1700  0.1590  0.1860  0.1670  0.1560  0.1620  1
 13:   0.1670  0.1510  0.2000  0.1700  0.1580  0.1540  1
 14:   0.1700  0.1570  0.1850  0.1700  0.1610  0.1570  1
 15:   0.1678  0.1658  0.1658  0.1608  0.1718  0.1678  1
 16:   0.1682  0.1682  0.1662  0.1662  0.1622  0.1692  1
 17:   0.1658  0.1618  0.1758  0.1708  0.1668  0.1588  1
 18:   0.1642  0.1682  0.1632  0.1722  0.1672  0.1652  1
 19:   0.1680  0.1650  0.1680  0.1690  0.1660  0.1640  1
 20:   0.1670  0.1640  0.1730  0.1690  0.1660  0.1610  1
 21:   0.1670  0.1710  0.1540  0.1640  0.1710  0.1730  1
 22:   0.1668  0.1618  0.1778  0.1678  0.1638  0.1618  1
 23:   0.1610  0.1780  0.1540  0.1690  0.1660  0.1720  1
 24:   0.1620  0.1670  0.1680  0.1700  0.1660  0.1670  1
 25:   0.1678  0.1658  0.1688  0.1658  0.1658  0.1658  1
 26:   0.1680  0.1660  0.1670  0.1660  0.1670  0.1660  1
 27:   0.1640  0.1640  0.1710  0.1710  0.1630  0.1670  1
 28:   0.1668  0.1678  0.1668  0.1638  0.1628  0.1718  1
 29:   0.1648  0.1638  0.1658  0.1668  0.1748  0.1638  1
 30:   0.1670  0.1670  0.1720  0.1640  0.1640  0.1660  1
 31:   0.1738  0.1808  0.1459  0.1558  0.1638  0.1798  1
 32:   0.1660  0.1620  0.1690  0.1690  0.1700  0.1640  1
 33:   0.1782  0.1652  0.1662  0.1622  0.1632  0.1652  1
 34:   0.1670  0.1690  0.1660  0.1660  0.1640  0.1680  1
 35:   0.1648  0.1628  0.1828  0.1718  0.1578  0.1598  1
 36:   0.1692  0.1702  0.1552  0.1632  0.1712  0.1712  1
 37:   0.1722  0.1862  0.1461  0.1532  0.1622  0.1802  1
 38:   0.1660  0.1690  0.1670  0.1660  0.1610  0.1710  1
 39:   0.1682  0.1652  0.1702  0.1652  0.1652  0.1662  1
 40:   0.1668  0.1718  0.1588  0.1678  0.1718  0.1628  1
 41:   0.1650  0.1670  0.1620  0.1680  0.1700  0.1680  1
 42:   0.1678  0.1578  0.1848  0.1708  0.1618  0.1568  1
 43:   0.1670  0.1620  0.1770  0.1670  0.1640  0.1630  1
 44:   0.1660  0.1670  0.1580  0.1670  0.1690  0.1730  1
 45:   0.1670  0.1670  0.1590  0.1670  0.1710  0.1690  1
 46:   0.1660  0.1630  0.1720  0.1670  0.1650  0.1670  1
 47:   0.1620  0.1760  0.1510  0.1640  0.1760  0.1710  1
 48:   0.1712  0.1692  0.1632  0.1622  0.1662  0.1682  1
 49:   0.1688  0.1588  0.1778  0.1688  0.1618  0.1638  1
 50:   0.1630  0.1670  0.1510  0.1670  0.1780  0.1740  1
 51:   0.1680  0.1540  0.2000  0.1680  0.1550  0.1550  1
 52:   0.1660  0.1660  0.1680  0.1640  0.1680  0.1680  1
 53:   0.1590  0.1740  0.1620  0.1740  0.1650  0.1660  1
 54:   0.1632  0.1752  0.1572  0.1672  0.1672  0.1702  1
 55:   0.1650  0.1700  0.1660  0.1660  0.1630  0.1700  1
 56:   0.1650  0.1730  0.1620  0.1690  0.1620  0.1690  1
 57:   0.1632  0.1742  0.1542  0.1652  0.1762  0.1672  1
 58:   0.1620  0.1710  0.1630  0.1710  0.1660  0.1670  1
 59:   0.1660  0.1680  0.1580  0.1650  0.1720  0.1710  1
 60:   0.1660  0.1690  0.1550  0.1660  0.1710  0.1730  1
 61:   0.1680  0.1650  0.1710  0.1680  0.1660  0.1620  1
 62:   0.1682  0.1652  0.1692  0.1662  0.1652  0.1662  1
 63:   0.1682  0.1692  0.1662  0.1632  0.1632  0.1702  1
 64:   0.1648  0.1688  0.1449  0.1648  0.1778  0.1788  1
 65:   0.1660  0.1660  0.1670  0.1640  0.1690  0.1680  1
 66:   0.1692  0.1672  0.1652  0.1642  0.1622  0.1722  1
 67:   0.1680  0.1570  0.1740  0.1690  0.1660  0.1660  1
 68:   0.1642  0.1692  0.1622  0.1672  0.1702  0.1672  1
 69:   0.1688  0.1698  0.1688  0.1638  0.1588  0.1698  1
 70:   0.1653  0.1703  0.1603  0.1653  0.1713  0.1673  1
 71:   0.1690  0.1710  0.1580  0.1630  0.1700  0.1690  1
 72:   0.1700  0.1640  0.1730  0.1660  0.1630  0.1640  1
 73:   0.1640  0.1710  0.1570  0.1670  0.1740  0.1670  1
 74:   0.1710  0.1710  0.1630  0.1580  0.1660  0.1710  1
 75:   0.1650  0.1660  0.1650  0.1730  0.1680  0.1630  1
 76:   0.1648  0.1738  0.1538  0.1688  0.1708  0.1678  1
 77:   0.1680  0.1750  0.1610  0.1620  0.1600  0.1740  1
 78:   0.1640  0.1740  0.1510  0.1630  0.1720  0.1760  1
 79:   0.1658  0.1618  0.1678  0.1698  0.1698  0.1648  1
 80:   0.1672  0.1532  0.2002  0.1682  0.1552  0.1562  1
 81:   0.1670  0.1680  0.1580  0.1690  0.1700  0.1680  1
 82:   0.1700  0.1740  0.1500  0.1590  0.1710  0.1760  1
 83:   0.1650  0.1680  0.1580  0.1660  0.1740  0.1690  1
 84:   0.1658  0.1628  0.1688  0.1718  0.1668  0.1638  1
 85:   0.1640  0.1780  0.1530  0.1610  0.1670  0.1770  1
 86:   0.1690  0.1640  0.1620  0.1670  0.1730  0.1650  1
 87:   0.1668  0.1638  0.1628  0.1678  0.1738  0.1648  1
 88:   0.1658  0.1628  0.1718  0.1708  0.1688  0.1598  1
 89:   0.1688  0.1628  0.1748  0.1678  0.1688  0.1568  1
 90:   0.1670  0.1640  0.1720  0.1670  0.1650  0.1650  1
 91:   0.1670  0.1730  0.1550  0.1650  0.1700  0.1700  1
 92:   0.1668  0.1738  0.1638  0.1638  0.1648  0.1668  1
 93:   0.1712  0.1632  0.1652  0.1642  0.1712  0.1652  1
 94:   0.1712  0.1682  0.1552  0.1642  0.1742  0.1672  1
 95:   0.1650  0.1760  0.1580  0.1630  0.1670  0.1710  1
 96:   0.1650  0.1630  0.1790  0.1680  0.1600  0.1650  1
 97:   0.1660  0.1610  0.1730  0.1700  0.1670  0.1630  1
 98:   0.1650  0.1630  0.1750  0.1710  0.1650  0.1610  1
 99:   0.1667  0.1657  0.1697  0.1677  0.1657  0.1647  1
100:   0.1638  0.1648  0.1618  0.1708  0.1728  0.1658  1
101:   0.1650  0.1720  0.1600  0.1680  0.1690  0.1660  1
102:   0.1682  0.1732  0.1562  0.1632  0.1672  0.1722  1
103:   0.1618  0.1598  0.1908  0.1648  0.1608  0.1618  1
104:   0.1650  0.1700  0.1610  0.1640  0.1680  0.1720  1
105:   0.1662  0.1742  0.1471  0.1622  0.1732  0.1772  1
106:   0.1622  0.1722  0.1692  0.1682  0.1632  0.1652  1
107:   0.1638  0.1598  0.1818  0.1668  0.1668  0.1608  1
108:   0.1650  0.1680  0.1640  0.1670  0.1640  0.1720  1
109:   0.1668  0.1568  0.1828  0.1688  0.1628  0.1618  1
110:   0.1660  0.1640  0.1650  0.1670  0.1720  0.1660  1
111:   0.1652  0.1682  0.1702  0.1622  0.1692  0.1652  1
112:   0.1662  0.1672  0.1702  0.1672  0.1662  0.1632  1
113:   0.1628  0.1538  0.2068  0.1638  0.1558  0.1568  1
114:   0.1650  0.1710  0.1700  0.1620  0.1620  0.1700  1
115:   0.1640  0.1600  0.1810  0.1690  0.1650  0.1610  1
116:   0.1630  0.1690  0.1680  0.1700  0.1670  0.1630  1
117:   0.1690  0.1750  0.1600  0.1610  0.1640  0.1710  1
118:   0.1658  0.1688  0.1568  0.1618  0.1758  0.1708  1
119:   0.1630  0.1760  0.1540  0.1670  0.1700  0.1700  1
120:   0.1640  0.1700  0.1660  0.1740  0.1640  0.1620  1
121:   0.1678  0.1618  0.1788  0.1678  0.1618  0.1618  1
122:   0.1648  0.1728  0.1628  0.1668  0.1618  0.1708  1
123:   0.1660  0.1690  0.1600  0.1700  0.1700  0.1650  1
124:   0.1700  0.1660  0.1730  0.1590  0.1640  0.1680  1
125:   0.1622  0.1782  0.1542  0.1672  0.1692  0.1692  1
126:   0.1670  0.1700  0.1630  0.1660  0.1670  0.1670  1
127:   0.1660  0.1640  0.1650  0.1660  0.1710  0.1680  1
128:   0.1632  0.1622  0.1822  0.1722  0.1592  0.1612  1
129:   0.1660  0.1660  0.1790  0.1670  0.1580  0.1640  1
130:   0.1692  0.1672  0.1642  0.1672  0.1692  0.1632  1
131:   0.1672  0.1772  0.1512  0.1632  0.1662  0.1752  1
132:   0.1690  0.1680  0.1600  0.1640  0.1690  0.1700  1
133:   0.1700  0.1700  0.1540  0.1630  0.1710  0.1720  1
134:   0.1712  0.1702  0.1612  0.1622  0.1662  0.1692  1
135:   0.1608  0.1748  0.1698  0.1648  0.1648  0.1648  1
136:   0.1660  0.1720  0.1630  0.1690  0.1640  0.1660  1
137:   0.1700  0.1640  0.1640  0.1680  0.1660  0.1680  1
138:   0.1652  0.1592  0.1842  0.1702  0.1582  0.1632  1
139:   0.1662  0.1752  0.1592  0.1642  0.1662  0.1692  1
140:   0.1638  0.1708  0.1558  0.1648  0.1738  0.1708  1
141:   0.1670  0.1660  0.1660  0.1670  0.1650  0.1690  1
142:   0.1650  0.1780  0.1560  0.1640  0.1640  0.1730  1
143:   0.1660  0.1590  0.1800  0.1720  0.1610  0.1620  1
144:   0.1660  0.1710  0.1590  0.1610  0.1700  0.1730  1
145:   0.1648  0.1638  0.1798  0.1658  0.1598  0.1658  1
146:   0.1600  0.1750  0.1600  0.1730  0.1640  0.1680  1
147:   0.1640  0.1670  0.1650  0.1680  0.1680  0.1680  1
148:   0.1642  0.1592  0.1832  0.1672  0.1662  0.1602  1
149:   0.1672  0.1652  0.1662  0.1692  0.1662  0.1662  1
150:   0.1700  0.1670  0.1650  0.1640  0.1690  0.1650  1
151:   0.1682  0.1642  0.1622  0.1662  0.1692  0.1702  1
152:   0.1640  0.1680  0.1600  0.1650  0.1740  0.1690  1
153:   0.1620  0.1730  0.1600  0.1700  0.1680  0.1670  1
154:   0.1660  0.1650  0.1720  0.1680  0.1690  0.1600  1
155:   0.1672  0.1602  0.1772  0.1692  0.1672  0.1592  1
156:   0.1700  0.1760  0.1500  0.1600  0.1700  0.1740  1
157:   0.1670  0.1700  0.1520  0.1650  0.1730  0.1730  1
158:   0.1638  0.1668  0.1608  0.1668  0.1718  0.1698  1
159:   0.1672  0.1702  0.1622  0.1662  0.1662  0.1682  1
160:   0.1702  0.1742  0.1602  0.1652  0.1612  0.1692  1
161:   0.1640  0.1610  0.1780  0.1740  0.1650  0.1580  1
162:   0.1489  0.1199  0.3207  0.1618  0.1249  0.1239  1
163:   0.1690  0.1760  0.1470  0.1570  0.1710  0.1800  1
164:   0.1650  0.1670  0.1640  0.1700  0.1730  0.1610  1
165:   0.1672  0.1712  0.1532  0.1632  0.1712  0.1742  1
166:   0.1690  0.1660  0.1650  0.1670  0.1680  0.1650  1
167:   0.1642  0.1582  0.1972  0.1682  0.1542  0.1582  1
168:   0.1658  0.1618  0.1698  0.1688  0.1708  0.1628  1
169:   0.1670  0.1710  0.1550  0.1660  0.1690  0.1720  1
170:   0.1630  0.1650  0.1760  0.1690  0.1630  0.1640  1
171:   0.1764  0.1713  0.1583  0.1593  0.1633  0.1713  1
172:   0.1680  0.1700  0.1650  0.1670  0.1650  0.1650  1
173:   0.1702  0.1732  0.1582  0.1622  0.1652  0.1712  1
174:   0.1658  0.1618  0.1778  0.1708  0.1628  0.1608  1
175:   0.1668  0.1608  0.1808  0.1698  0.1598  0.1618  1
176:   0.1672  0.1682  0.1522  0.1672  0.1752  0.1702  1
177:   0.1652  0.1772  0.1451  0.1602  0.1702  0.1822  1
178:   0.1698  0.1738  0.1518  0.1598  0.1708  0.1738  1
179:   0.1670  0.1670  0.1680  0.1680  0.1670  0.1630  1
180:   0.1680  0.1580  0.1720  0.1710  0.1690  0.1620  1
181:   0.1680  0.1700  0.1570  0.1660  0.1700  0.1690  1
182:   0.1618  0.1648  0.1718  0.1708  0.1628  0.1678  1
183:   0.1690  0.1680  0.1590  0.1690  0.1690  0.1660  1
184:   0.1670  0.1690  0.1650  0.1640  0.1680  0.1670  1
185:   0.1732  0.1682  0.1592  0.1632  0.1682  0.1682  1
186:   0.1640  0.1680  0.1630  0.1640  0.1710  0.1700  1
187:   0.1680  0.1710  0.1580  0.1620  0.1680  0.1730  1
188:   0.1730  0.1780  0.1530  0.1580  0.1640  0.1740  1
189:   0.1670  0.1620  0.1670  0.1690  0.1730  0.1620  1
190:   0.1610  0.1670  0.1670  0.1710  0.1710  0.1630  1
191:   0.1658  0.1658  0.1658  0.1718  0.1718  0.1588  1
192:   0.1690  0.1640  0.1680  0.1660  0.1670  0.1660  1
193:   0.1682  0.1592  0.1662  0.1692  0.1732  0.1642  1
194:   0.1658  0.1608  0.1758  0.1688  0.1648  0.1638  1
195:   0.1588  0.1688  0.1648  0.1798  0.1628  0.1648  1
196:   0.1690  0.1590  0.1880  0.1700  0.1580  0.1560  1
197:   0.1650  0.1620  0.1610  0.1700  0.1750  0.1670  1
198:   0.1670  0.1630  0.1670  0.1690  0.1690  0.1650  1
199:   0.1660  0.1680  0.1580  0.1670  0.1720  0.1690  1
200:   0.1670  0.1730  0.1550  0.1620  0.1680  0.1750  1
201:   0.1660  0.1580  0.1850  0.1670  0.1630  0.1610  1
202:   0.1680  0.1730  0.1590  0.1610  0.1670  0.1720  1
203:   0.1620  0.1730  0.1620  0.1730  0.1640  0.1660  1
204:   0.1670  0.1650  0.1620  0.1690  0.1710  0.1660  1
205:   0.1670  0.1600  0.1680  0.1700  0.1720  0.1630  1
206:   0.1672  0.1692  0.1632  0.1672  0.1652  0.1682  1
207:   0.1658  0.1628  0.1658  0.1708  0.1708  0.1638  1
208:   0.1642  0.1682  0.1612  0.1672  0.1702  0.1692  1
209:   0.1680  0.1660  0.1760  0.1650  0.1600  0.1650  1
210:   0.1670  0.1670  0.1590  0.1660  0.1720  0.1690  1
211:   0.1658  0.1738  0.1578  0.1628  0.1668  0.1728  1
212:   0.1630  0.1620  0.1810  0.1740  0.1610  0.1590  1
213:   0.1660  0.1660  0.1610  0.1660  0.1730  0.1680  1
214:   0.1660  0.1720  0.1650  0.1620  0.1630  0.1720  1
215:   0.1770  0.1650  0.1640  0.1620  0.1630  0.1690  1
216:   0.1652  0.1582  0.1852  0.1712  0.1602  0.1602  1
217:   0.1642  0.1742  0.1522  0.1662  0.1712  0.1722  1
218:   0.1680  0.1710  0.1620  0.1670  0.1660  0.1660  1
219:   0.1630  0.1530  0.2110  0.1630  0.1570  0.1530  1
220:   0.1668  0.1658  0.1698  0.1708  0.1638  0.1628  1
221:   0.1700  0.1640  0.1720  0.1680  0.1640  0.1620  1
222:   0.1680  0.1620  0.1640  0.1690  0.1720  0.1650  1
223:   0.1630  0.1750  0.1550  0.1640  0.1680  0.1750  1
224:   0.1648  0.1688  0.1598  0.1658  0.1668  0.1738  1
225:   0.1660  0.1600  0.1740  0.1700  0.1680  0.1620  1
226:   0.1682  0.1542  0.1902  0.1692  0.1602  0.1582  1
227:   0.1660  0.1670  0.1650  0.1650  0.1660  0.1710  1
228:   0.1662  0.1682  0.1562  0.1662  0.1722  0.1712  1
229:   0.1682  0.1662  0.1552  0.1662  0.1772  0.1672  1
230:   0.1700  0.1620  0.1730  0.1650  0.1610  0.1690  1
231:   0.1690  0.1600  0.1790  0.1670  0.1620  0.1630  1
232:   0.1720  0.1740  0.1530  0.1610  0.1650  0.1750  1
233:   0.1598  0.1688  0.1678  0.1768  0.1648  0.1618  1
234:   0.1630  0.1700  0.1540  0.1650  0.1710  0.1770  1
235:   0.1650  0.1680  0.1490  0.1680  0.1810  0.1690  1
236:   0.1678  0.1548  0.1838  0.1728  0.1598  0.1608  1
237:   0.1662  0.1752  0.1461  0.1652  0.1742  0.1732  1
238:   0.1660  0.1720  0.1540  0.1610  0.1690  0.1780  1
239:   0.1668  0.1708  0.1528  0.1648  0.1738  0.1708  1
240:   0.1640  0.1600  0.1880  0.1720  0.1580  0.1580  1
241:   0.1658  0.1578  0.1798  0.1708  0.1638  0.1618  1
242:   0.1670  0.1730  0.1480  0.1670  0.1740  0.1710  1
243:   0.1640  0.1700  0.1500  0.1640  0.1740  0.1780  1
244:   0.1670  0.1700  0.1620  0.1680  0.1660  0.1670  1
245:   0.1720  0.1640  0.1680  0.1650  0.1630  0.1680  1
246:   0.1702  0.1622  0.1762  0.1682  0.1632  0.1602  1
247:   0.1670  0.1600  0.1880  0.1650  0.1600  0.1600  1
248:   0.1662  0.1612  0.1632  0.1672  0.1732  0.1692  1
249:   0.1672  0.1612  0.1752  0.1672  0.1652  0.1642  1
250:   0.1678  0.1618  0.1768  0.1658  0.1628  0.1648  1
251:   0.1690  0.1640  0.1730  0.1660  0.1660  0.1620  1
252:   0.1668  0.1678  0.1668  0.1648  0.1628  0.1708  1
253:   0.1620  0.1720  0.1590  0.1650  0.1730  0.1690  1
254:   0.1690  0.1710  0.1620  0.1670  0.1670  0.1640  1
255:   0.1748  0.1618  0.1728  0.1648  0.1628  0.1628  1
256:   0.1700  0.1590  0.1840  0.1680  0.1620  0.1570  1
257:   0.1642  0.1772  0.1602  0.1662  0.1632  0.1692  1
258:   0.1710  0.1610  0.1810  0.1670  0.1590  0.1610  1
259:   0.1702  0.1662  0.1612  0.1652  0.1672  0.1702  1
260:   0.1630  0.1590  0.1730  0.1710  0.1710  0.1630  1
261:   0.1678  0.1588  0.1648  0.1698  0.1728  0.1658  1
262:   0.1770  0.1750  0.1620  0.1550  0.1600  0.1710  1
263:   0.1680  0.1710  0.1590  0.1630  0.1680  0.1710  1
264:   0.1642  0.1682  0.1572  0.1632  0.1762  0.1712  1
265:   0.1652  0.1682  0.1642  0.1692  0.1662  0.1672  1
266:   0.1660  0.1650  0.1660  0.1680  0.1660  0.1690  1
267:   0.1630  0.1690  0.1630  0.1660  0.1710  0.1680  1
268:   0.1700  0.1570  0.1830  0.1680  0.1610  0.1610  1
269:   0.1672  0.1532  0.1902  0.1722  0.1592  0.1582  1
270:   0.1680  0.1620  0.1720  0.1670  0.1670  0.1640  1
271:   0.1640  0.1670  0.1700  0.1700  0.1640  0.1650  1
272:   0.1622  0.1532  0.1922  0.1742  0.1612  0.1572  1
273:   0.1740  0.1800  0.1460  0.1560  0.1660  0.1780  1
274:   0.1658  0.1718  0.1469  0.1648  0.1788  0.1718  1
275:   0.1690  0.1720  0.1560  0.1650  0.1680  0.1700  1
276:   0.1643  0.1703  0.1543  0.1653  0.1764  0.1693  1
277:   0.1670  0.1750  0.1540  0.1620  0.1690  0.1730  1
278:   0.1640  0.1810  0.1480  0.1660  0.1720  0.1690  1
279:   0.1730  0.1640  0.1570  0.1640  0.1700  0.1720  1
280:   0.1750  0.1580  0.1800  0.1650  0.1610  0.1610  1
281:   0.1658  0.1668  0.1568  0.1648  0.1728  0.1728  1
282:   0.1688  0.1638  0.1718  0.1648  0.1668  0.1638  1
283:   0.1670  0.1780  0.1490  0.1630  0.1700  0.1730  1
284:   0.1710  0.1700  0.1660  0.1640  0.1630  0.1660  1
285:   0.1690  0.1520  0.1990  0.1690  0.1560  0.1550  1
286:   0.1652  0.1672  0.1632  0.1682  0.1692  0.1672  1
287:   0.1638  0.1598  0.1788  0.1698  0.1648  0.1628  1
288:   0.1630  0.1590  0.1780  0.1740  0.1660  0.1600  1
289:   0.1660  0.1710  0.1670  0.1650  0.1630  0.1680  1
290:   0.1632  0.1812  0.1522  0.1652  0.1642  0.1742  1
291:   0.1620  0.1790  0.1530  0.1630  0.1700  0.1730  1
292:   0.1668  0.1658  0.1598  0.1668  0.1748  0.1658  1
293:   0.1648  0.1558  0.1808  0.1718  0.1648  0.1618  1
294:   0.1700  0.1700  0.1540  0.1620  0.1680  0.1760  1
295:   0.1632  0.1682  0.1682  0.1682  0.1672  0.1652  1
296:   0.1678  0.1578  0.1808  0.1668  0.1638  0.1628  1
297:   0.1652  0.1562  0.1852  0.1692  0.1622  0.1622  1
298:   0.1680  0.1540  0.1930  0.1690  0.1600  0.1560  1
299:   0.1660  0.1770  0.1530  0.1600  0.1670  0.1770  1
300:   0.1690  0.1760  0.1540  0.1590  0.1680  0.1740  1

  1:   0.1700  0.1760  0.1440  0.1520  0.1760  0.1820  1
  2:   0.1768  0.1828  0.1399  0.1489  0.1708  0.1808  1
  3:   0.1592  0.1632  0.1692  0.1682  0.1672  0.1732  1
  4:   0.1642  0.1411  0.2022  0.1862  0.1612  0.1451  1
  5:   0.1730  0.1680  0.1600  0.1640  0.1680  0.1670  1
  6:   0.1738  0.1648  0.1558  0.1628  0.1718  0.1708  1
  7:   0.1730  0.1690  0.1590  0.1650  0.1650  0.1690  1
  8:   0.1688  0.1728  0.1578  0.1628  0.1668  0.1708  1
  9:   0.1489  0.1518  0.1958  0.1878  0.1618  0.1538  1
 10:   0.1638  0.1588  0.1798  0.1768  0.1648  0.1558  1
 11:   0.1690  0.1780  0.1410  0.1490  0.1740  0.1890  1
 12:   0.1461  0.1642  0.1952  0.1832  0.1552  0.1562  1
 13:   0.1421  0.1431  0.2172  0.1972  0.1582  0.1421  1
 14:   0.1568  0.1508  0.1918  0.1838  0.1618  0.1548  1
 15:   0.1638  0.1738  0.1628  0.1618  0.1638  0.1738  1
 16:   0.1610  0.1690  0.1670  0.1670  0.1640  0.1720  1
 17:   0.1678  0.1538  0.1848  0.1778  0.1668  0.1489  1
 18:   0.1688  0.1618  0.1618  0.1658  0.1738  0.1678  1
 19:   0.1700  0.1630  0.1670  0.1700  0.1670  0.1630  1
 20:   0.1610  0.1650  0.1730  0.1740  0.1660  0.1610  1
 21:   0.1780  0.1770  0.1490  0.1550  0.1720  0.1690  1
 22:   0.1610  0.1580  0.1830  0.1750  0.1640  0.1590  1
 23:   0.1880  0.1630  0.1510  0.1580  0.1710  0.1690  1
 24:   0.1748  0.1608  0.1668  0.1658  0.1698  0.1618  1
 25:   0.1680  0.1610  0.1680  0.1700  0.1680  0.1650  1
 26:   0.1662  0.1722  0.1672  0.1662  0.1632  0.1652  1
 27:   0.1648  0.1578  0.1758  0.1738  0.1678  0.1598  1
 28:   0.1738  0.1718  0.1658  0.1648  0.1638  0.1598  1
 29:   0.1620  0.1710  0.1630  0.1640  0.1710  0.1690  1
 30:   0.1620  0.1690  0.1700  0.1650  0.1640  0.1700  1
 31:   0.1712  0.1942  0.1371  0.1481  0.1642  0.1852  1
 32:   0.1630  0.1640  0.1670  0.1690  0.1740  0.1630  1
 33:   0.1608  0.1738  0.1658  0.1678  0.1558  0.1758  1
 34:   0.1698  0.1668  0.1648  0.1658  0.1678  0.1648  1
 35:   0.1610  0.1500  0.1910  0.1840  0.1630  0.1510  1
 36:   0.1690  0.1760  0.1490  0.1540  0.1700  0.1820  1
 37:   0.1770  0.2030  0.1290  0.1400  0.1600  0.1910  1
 38:   0.1718  0.1678  0.1688  0.1658  0.1618  0.1638  1
 39:   0.1592  0.1692  0.1712  0.1692  0.1632  0.1682  1
 40:   0.1730  0.1670  0.1580  0.1620  0.1730  0.1670  1
 41:   0.1760  0.1710  0.1580  0.1620  0.1680  0.1650  1
 42:   0.1522  0.1481  0.1942  0.1852  0.1642  0.1562  1
 43:   0.1630  0.1580  0.1830  0.1760  0.1630  0.1570  1
 44:   0.1632  0.1732  0.1552  0.1592  0.1722  0.1772  1
 45:   0.1610  0.1660  0.1560  0.1580  0.1790  0.1800  1
 46:   0.1617  0.1657  0.1766  0.1727  0.1627  0.1607  1
 47:   0.1840  0.1860  0.1390  0.1480  0.1710  0.1720  1
 48:   0.1670  0.1790  0.1560  0.1580  0.1650  0.1750  1
 49:   0.1542  0.1592  0.1842  0.1802  0.1632  0.1592  1
 50:   0.1662  0.1782  0.1431  0.1502  0.1772  0.1852  1
 51:   0.1450  0.1520  0.2140  0.1920  0.1520  0.1450  1
 52:   0.1700  0.1640  0.1670  0.1640  0.1660  0.1690  1
 53:   0.1812  0.1532  0.1642  0.1672  0.1722  0.1622  1
 54:   0.1802  0.1702  0.1532  0.1572  0.1722  0.1672  1
 55:   0.1680  0.1680  0.1660  0.1650  0.1670  0.1660  1
 56:   0.1752  0.1622  0.1602  0.1642  0.1692  0.1692  1
 57:   0.1820  0.1740  0.1480  0.1570  0.1710  0.1680  1
 58:   0.1710  0.1600  0.1630  0.1670  0.1700  0.1690  1
 59:   0.1678  0.1778  0.1508  0.1538  0.1718  0.1778  1
 60:   0.1670  0.1770  0.1480  0.1540  0.1740  0.1800  1
 61:   0.1710  0.1580  0.1800  0.1750  0.1630  0.1530  1
 62:   0.1590  0.1710  0.1680  0.1670  0.1640  0.1710  1
 63:   0.1680  0.1730  0.1660  0.1650  0.1630  0.1650  1
 64:   0.1662  0.1762  0.1341  0.1451  0.1842  0.1942  1
 65:   0.1640  0.1710  0.1670  0.1630  0.1670  0.1680  1
 66:   0.1650  0.1710  0.1670  0.1680  0.1640  0.1650  1
 67:   0.1578  0.1618  0.1798  0.1788  0.1658  0.1558  1
 68:   0.1640  0.1680  0.1620  0.1660  0.1700  0.1700  1
 69:   0.1632  0.1732  0.1702  0.1682  0.1602  0.1652  1
 70:   0.1740  0.1700  0.1580  0.1590  0.1670  0.1720  1
 71:   0.1752  0.1752  0.1522  0.1562  0.1682  0.1732  1
 72:   0.1590  0.1620  0.1790  0.1750  0.1630  0.1620  1
 73:   0.1818  0.1748  0.1499  0.1558  0.1708  0.1668  1
 74:   0.1700  0.1740  0.1610  0.1610  0.1610  0.1730  1
 75:   0.1648  0.1558  0.1638  0.1708  0.1738  0.1708  1
 76:   0.1742  0.1732  0.1471  0.1542  0.1752  0.1762  1
 77:   0.1710  0.1800  0.1570  0.1570  0.1620  0.1730  1
 78:   0.1732  0.1852  0.1431  0.1512  0.1692  0.1782  1
 79:   0.1610  0.1630  0.1700  0.1710  0.1700  0.1650  1
 80:   0.1500  0.1480  0.2090  0.1900  0.1570  0.1460  1
 81:   0.1720  0.1650  0.1560  0.1600  0.1760  0.1710  1
 82:   0.1752  0.1902  0.1391  0.1491  0.1672  0.1792  1
 83:   0.1712  0.1672  0.1532  0.1592  0.1762  0.1732  1
 84:   0.1692  0.1572  0.1722  0.1712  0.1692  0.1612  1
 85:   0.1812  0.1792  0.1461  0.1532  0.1672  0.1732  1
 86:   0.1638  0.1708  0.1578  0.1618  0.1728  0.1728  1
 87:   0.1628  0.1688  0.1588  0.1628  0.1758  0.1708  1
 88:   0.1630  0.1620  0.1780  0.1760  0.1650  0.1560  1
 89:   0.1560  0.1580  0.1810  0.1750  0.1630  0.1670  1
 90:   0.1632  0.1622  0.1762  0.1722  0.1652  0.1612  1
 91:   0.1730  0.1700  0.1490  0.1560  0.1740  0.1780  1
 92:   0.1738  0.1708  0.1608  0.1618  0.1648  0.1678  1
 93:   0.1662  0.1682  0.1632  0.1642  0.1672  0.1712  1
 94:   0.1690  0.1740  0.1480  0.1550  0.1720  0.1820  1
 95:   0.1780  0.1750  0.1530  0.1570  0.1670  0.1700  1
 96:   0.1600  0.1590  0.1840  0.1770  0.1650  0.1550  1
 97:   0.1630  0.1600  0.1760  0.1730  0.1680  0.1600  1
 98:   0.1740  0.1570  0.1800  0.1750  0.1620  0.1520  1
 99:   0.1688  0.1598  0.1708  0.1718  0.1638  0.1648  1
100:   0.1710  0.1680  0.1580  0.1610  0.1750  0.1670  1
101:   0.1712  0.1652  0.1602  0.1662  0.1712  0.1662  1
102:   0.1730  0.1790  0.1470  0.1540  0.1670  0.1800  1
103:   0.1532  0.1662  0.1922  0.1772  0.1572  0.1542  1
104:   0.1728  0.1708  0.1608  0.1628  0.1668  0.1658  1
105:   0.1762  0.1882  0.1391  0.1461  0.1692  0.1812  1
106:   0.1722  0.1612  0.1712  0.1702  0.1642  0.1612  1
107:   0.1590  0.1580  0.1840  0.1760  0.1650  0.1580  1
108:   0.1680  0.1680  0.1650  0.1670  0.1680  0.1640  1
109:   0.1580  0.1560  0.1910  0.1810  0.1610  0.1530  1
110:   0.1630  0.1670  0.1640  0.1660  0.1690  0.1710  1
111:   0.1670  0.1710  0.1670  0.1640  0.1680  0.1630  1
112:   0.1700  0.1610  0.1740  0.1700  0.1680  0.1570  1
113:   0.1512  0.1502  0.2142  0.1902  0.1522  0.1421  1
114:   0.1710  0.1690  0.1720  0.1660  0.1590  0.1630  1
115:   0.1560  0.1540  0.1880  0.1800  0.1650  0.1570  1
116:   0.1740  0.1570  0.1720  0.1710  0.1660  0.1600  1
117:   0.1713  0.1794  0.1543  0.1573  0.1663  0.1713  1
118:   0.1720  0.1770  0.1510  0.1530  0.1690  0.1780  1
119:   0.1852  0.1632  0.1471  0.1552  0.1742  0.1752  1
120:   0.1758  0.1548  0.1698  0.1688  0.1698  0.1608  1
121:   0.1590  0.1550  0.1880  0.1830  0.1610  0.1540  1
122:   0.1710  0.1670  0.1660  0.1680  0.1630  0.1650  1
123:   0.1652  0.1682  0.1552  0.1602  0.1742  0.1772  1
124:   0.1642  0.1722  0.1692  0.1662  0.1602  0.1682  1
125:   0.1830  0.1700  0.1490  0.1560  0.1710  0.1710  1
126:   0.1690  0.1630  0.1630  0.1660  0.1690  0.1700  1
127:   0.1690  0.1720  0.1620  0.1630  0.1690  0.1650  1
128:   0.1658  0.1548  0.1868  0.1788  0.1618  0.1518  1
129:   0.1617  0.1647  0.1836  0.1737  0.1597  0.1567  1
130:   0.1662  0.1622  0.1652  0.1662  0.1692  0.1712  1
131:   0.1738  0.1768  0.1479  0.1548  0.1678  0.1788  1
132:   0.1740  0.1770  0.1560  0.1610  0.1650  0.1670  1
133:   0.1738  0.1748  0.1479  0.1528  0.1698  0.1808  1
134:   0.1698  0.1758  0.1568  0.1618  0.1638  0.1718  1
135:   0.1778  0.1698  0.1658  0.1628  0.1628  0.1608  1
136:   0.1800  0.1660  0.1640  0.1660  0.1620  0.1620  1
137:   0.1580  0.1650  0.1650  0.1690  0.1660  0.1770  1
138:   0.1540  0.1520  0.1990  0.1860  0.1600  0.1490  1
139:   0.1848  0.1718  0.1588  0.1598  0.1608  0.1638  1
140:   0.1710  0.1720  0.1520  0.1600  0.1710  0.1740  1
141:   0.1698  0.1628  0.1668  0.1648  0.1698  0.1658  1
142:   0.1778  0.1778  0.1499  0.1528  0.1658  0.1758  1
143:   0.1642  0.1461  0.1862  0.1812  0.1652  0.1572  1
144:   0.1660  0.1830  0.1530  0.1560  0.1620  0.1800  1
145:   0.1578  0.1568  0.1848  0.1768  0.1638  0.1598  1
146:   0.1820  0.1620  0.1570  0.1630  0.1740  0.1620  1
147:   0.1720  0.1650  0.1640  0.1660  0.1690  0.1640  1
148:   0.1558  0.1608  0.1908  0.1788  0.1618  0.1518  1
149:   0.1690  0.1660  0.1670  0.1710  0.1650  0.1620  1
150:   0.1642  0.1712  0.1622  0.1652  0.1652  0.1722  1
151:   0.1610  0.1680  0.1630  0.1640  0.1690  0.1750  1
152:   0.1760  0.1720  0.1500  0.1560  0.1750  0.1710  1
153:   0.1788  0.1628  0.1578  0.1628  0.1728  0.1648  1
154:   0.1640  0.1570  0.1770  0.1740  0.1680  0.1600  1
155:   0.1558  0.1668  0.1768  0.1738  0.1648  0.1618  1
156:   0.1738  0.1898  0.1399  0.1489  0.1638  0.1838  1
157:   0.1640  0.1800  0.1440  0.1520  0.1740  0.1860  1
158:   0.1700  0.1650  0.1580  0.1610  0.1740  0.1720  1
159:   0.1722  0.1672  0.1602  0.1622  0.1692  0.1692  1
160:   0.1730  0.1740  0.1560  0.1580  0.1630  0.1760  1
161:   0.1610  0.1510  0.1850  0.1790  0.1690  0.1550  1
162:   0.1011  0.1011  0.3473  0.2372  0.1161  0.0971  1
163:   0.1800  0.1950  0.1350  0.1440  0.1640  0.1820  1
164:   0.1680  0.1620  0.1660  0.1690  0.1720  0.1630  1
165:   0.1688  0.1788  0.1459  0.1568  0.1718  0.1778  1
166:   0.1592  0.1732  0.1622  0.1642  0.1672  0.1742  1
167:   0.1590  0.1420  0.2080  0.1890  0.1560  0.1460  1
168:   0.1660  0.1610  0.1730  0.1740  0.1690  0.1570  1
169:   0.1702  0.1672  0.1512  0.1612  0.1692  0.1812  1
170:   0.1690  0.1580  0.1780  0.1760  0.1600  0.1590  1
171:   0.1590  0.1870  0.1520  0.1540  0.1620  0.1860  1
172:   0.1700  0.1650  0.1610  0.1650  0.1660  0.1730  1
173:   0.1770  0.1720  0.1540  0.1590  0.1660  0.1720  1
174:   0.1588  0.1518  0.1858  0.1828  0.1658  0.1548  1
175:   0.1530  0.1590  0.1880  0.1820  0.1620  0.1560  1
176:   0.1618  0.1698  0.1479  0.1548  0.1788  0.1868  1
177:   0.1742  0.1862  0.1371  0.1461  0.1712  0.1852  1
178:   0.1790  0.1880  0.1420  0.1510  0.1630  0.1770  1
179:   0.1650  0.1560  0.1750  0.1750  0.1680  0.1610  1
180:   0.1610  0.1580  0.1770  0.1740  0.1690  0.1610  1
181:   0.1700  0.1690  0.1520  0.1590  0.1750  0.1750  1
182:   0.1628  0.1618  0.1778  0.1708  0.1678  0.1588  1
183:   0.1660  0.1650  0.1600  0.1620  0.1730  0.1740  1
184:   0.1722  0.1832  0.1582  0.1582  0.1642  0.1642  1
185:   0.1640  0.1740  0.1550  0.1610  0.1650  0.1810  1
186:   0.1672  0.1762  0.1602  0.1612  0.1662  0.1692  1
187:   0.1680  0.1720  0.1530  0.1590  0.1680  0.1800  1
188:   0.1722  0.1892  0.1481  0.1532  0.1602  0.1772  1
189:   0.1612  0.1642  0.1642  0.1682  0.1692  0.1732  1
190:   0.1730  0.1580  0.1680  0.1670  0.1720  0.1620  1
191:   0.1662  0.1632  0.1672  0.1682  0.1692  0.1662  1
192:   0.1642  0.1652  0.1692  0.1692  0.1642  0.1682  1
193:   0.1512  0.1612  0.1662  0.1692  0.1742  0.1782  1
194:   0.1620  0.1570  0.1830  0.1770  0.1620  0.1590  1
195:   0.1790  0.1510  0.1650  0.1680  0.1730  0.1640  1
196:   0.1560  0.1510  0.2000  0.1870  0.1570  0.1490  1
197:   0.1648  0.1738  0.1558  0.1568  0.1768  0.1718  1
198:   0.1560  0.1610  0.1690  0.1680  0.1750  0.1710  1
199:   0.1720  0.1670  0.1510  0.1590  0.1760  0.1750  1
200:   0.1862  0.1692  0.1491  0.1552  0.1672  0.1732  1
201:   0.1552  0.1632  0.1872  0.1812  0.1582  0.1552  1
202:   0.1680  0.1720  0.1560  0.1610  0.1660  0.1770  1
203:   0.1770  0.1640  0.1610  0.1640  0.1680  0.1660  1
204:   0.1660  0.1670  0.1600  0.1620  0.1730  0.1720  1
205:   0.1582  0.1582  0.1692  0.1702  0.1782  0.1662  1
206:   0.1780  0.1650  0.1610  0.1640  0.1700  0.1620  1
207:   0.1610  0.1670  0.1650  0.1660  0.1710  0.1700  1
208:   0.1720  0.1710  0.1590  0.1620  0.1680  0.1680  1
209:   0.1620  0.1660  0.1820  0.1770  0.1600  0.1530  1
210:   0.1673  0.1723  0.1523  0.1593  0.1713  0.1774  1
211:   0.1728  0.1768  0.1499  0.1568  0.1678  0.1758  1
212:   0.1680  0.1450  0.1920  0.1850  0.1630  0.1470  1
213:   0.1658  0.1698  0.1568  0.1608  0.1698  0.1768  1
214:   0.1672  0.1742  0.1662  0.1672  0.1622  0.1632  1
215:   0.1630  0.1750  0.1600  0.1620  0.1610  0.1790  1
216:   0.1600  0.1520  0.1960  0.1830  0.1600  0.1490  1
217:   0.1720  0.1730  0.1460  0.1540  0.1730  0.1820  1
218:   0.1710  0.1710  0.1600  0.1620  0.1680  0.1680  1
219:   0.1510  0.1490  0.2190  0.1890  0.1520  0.1400  1
220:   0.1702  0.1582  0.1712  0.1702  0.1632  0.1672  1
221:   0.1660  0.1660  0.1750  0.1710  0.1610  0.1610  1
222:   0.1640  0.1650  0.1640  0.1660  0.1720  0.1690  1
223:   0.1790  0.1780  0.1480  0.1540  0.1710  0.1700  1
224:   0.1680  0.1700  0.1590  0.1600  0.1700  0.1730  1
225:   0.1660  0.1590  0.1780  0.1740  0.1660  0.1570  1
226:   0.1469  0.1508  0.2038  0.1878  0.1608  0.1499  1
227:   0.1670  0.1680  0.1650  0.1680  0.1690  0.1630  1
228:   0.1638  0.1648  0.1518  0.1588  0.1748  0.1858  1
229:   0.1717  0.1747  0.1487  0.1557  0.1737  0.1756  1
230:   0.1570  0.1630  0.1780  0.1750  0.1650  0.1620  1
231:   0.1592  0.1552  0.1842  0.1802  0.1622  0.1592  1
232:   0.1750  0.1780  0.1500  0.1550  0.1660  0.1760  1
233:   0.1720  0.1520  0.1730  0.1720  0.1720  0.1590  1
234:   0.1730  0.1800  0.1490  0.1570  0.1680  0.1730  1
235:   0.1628  0.1788  0.1429  0.1489  0.1818  0.1848  1
236:   0.1560  0.1470  0.1970  0.1840  0.1630  0.1530  1
237:   0.1760  0.1760  0.1370  0.1490  0.1760  0.1860  1
238:   0.1710  0.1840  0.1470  0.1540  0.1680  0.1760  1
239:   0.1670  0.1750  0.1450  0.1520  0.1750  0.1860  1
240:   0.1620  0.1500  0.1970  0.1880  0.1570  0.1460  1
241:   0.1568  0.1588  0.1848  0.1798  0.1638  0.1558  1
242:   0.1742  0.1712  0.1421  0.1532  0.1772  0.1822  1
243:   0.1782  0.1692  0.1421  0.1502  0.1772  0.1832  1
244:   0.1750  0.1670  0.1600  0.1620  0.1670  0.1690  1
245:   0.1532  0.1742  0.1682  0.1672  0.1662  0.1712  1
246:   0.1572  0.1562  0.1792  0.1802  0.1632  0.1642  1
247:   0.1540  0.1600  0.1920  0.1760  0.1590  0.1590  1
248:   0.1558  0.1668  0.1638  0.1658  0.1718  0.1758  1
249:   0.1660  0.1620  0.1810  0.1760  0.1610  0.1540  1
250:   0.1568  0.1618  0.1878  0.1788  0.1558  0.1588  1
251:   0.1602  0.1612  0.1742  0.1712  0.1662  0.1672  1
252:   0.1668  0.1648  0.1698  0.1688  0.1658  0.1638  1
253:   0.1750  0.1790  0.1520  0.1570  0.1690  0.1680  1
254:   0.1750  0.1680  0.1600  0.1630  0.1680  0.1660  1
255:   0.1622  0.1682  0.1732  0.1702  0.1602  0.1662  1
256:   0.1590  0.1550  0.1940  0.1820  0.1600  0.1500  1
257:   0.1770  0.1790  0.1560  0.1560  0.1630  0.1690  1
258:   0.1570  0.1610  0.1900  0.1810  0.1580  0.1530  1
259:   0.1640  0.1670  0.1610  0.1670  0.1690  0.1720  1
260:   0.1560  0.1580  0.1780  0.1740  0.1690  0.1650  1
261:   0.1560  0.1620  0.1670  0.1690  0.1720  0.1740  1
262:   0.1690  0.1880  0.1520  0.1530  0.1540  0.1840  1
263:   0.1680  0.1740  0.1550  0.1590  0.1660  0.1780  1
264:   0.1660  0.1750  0.1550  0.1580  0.1730  0.1730  1
265:   0.1678  0.1588  0.1658  0.1698  0.1698  0.1678  1
266:   0.1588  0.1608  0.1708  0.1718  0.1688  0.1688  1
267:   0.1730  0.1640  0.1640  0.1670  0.1720  0.1600  1
268:   0.1470  0.1560  0.1940  0.1850  0.1600  0.1580  1
269:   0.1500  0.1510  0.2040  0.1890  0.1580  0.1480  1
270:   0.1660  0.1670  0.1730  0.1710  0.1650  0.1580  1
271:   0.1682  0.1552  0.1752  0.1742  0.1652  0.1622  1
272:   0.1481  0.1451  0.2072  0.1962  0.1612  0.1421  1
273:   0.1760  0.1880  0.1370  0.1470  0.1650  0.1870  1
274:   0.1688  0.1798  0.1399  0.1489  0.1748  0.1878  1
275:   0.1700  0.1790  0.1490  0.1540  0.1720  0.1760  1
276:   0.1720  0.1800  0.1460  0.1530  0.1740  0.1750  1
277:   0.1842  0.1762  0.1481  0.1552  0.1662  0.1702  1
278:   0.1850  0.1730  0.1410  0.1510  0.1730  0.1770  1
279:   0.1630  0.1740  0.1550  0.1590  0.1680  0.1810  1
280:   0.1510  0.1570  0.1880  0.1790  0.1570  0.1680  1
281:   0.1750  0.1730  0.1520  0.1550  0.1710  0.1740  1
282:   0.1610  0.1630  0.1750  0.1760  0.1620  0.1630  1
283:   0.1810  0.1740  0.1440  0.1520  0.1710  0.1780  1
284:   0.1770  0.1710  0.1630  0.1640  0.1630  0.1620  1
285:   0.1580  0.1430  0.2090  0.1950  0.1530  0.1420  1
286:   0.1672  0.1662  0.1612  0.1632  0.1692  0.1732  1
287:   0.1550  0.1550  0.1860  0.1780  0.1690  0.1570  1
288:   0.1552  0.1532  0.1872  0.1802  0.1692  0.1552  1
289:   0.1690  0.1670  0.1720  0.1680  0.1620  0.1620  1
290:   0.1806  0.1776  0.1457  0.1537  0.1687  0.1737  1
291:   0.1848  0.1748  0.1449  0.1508  0.1678  0.1768  1
292:   0.1640  0.1710  0.1560  0.1590  0.1750  0.1750  1
293:   0.1520  0.1560  0.1880  0.1780  0.1680  0.1580  1
294:   0.1740  0.1820  0.1460  0.1540  0.1660  0.1780  1
295:   0.1700  0.1670  0.1690  0.1670  0.1660  0.1610  1
296:   0.1580  0.1590  0.1860  0.1800  0.1600  0.1570  1
297:   0.1552  0.1552  0.1942  0.1812  0.1622  0.1522  1
298:   0.1480  0.1510  0.2070  0.1900  0.1570  0.1470  1
299:   0.1770  0.1900  0.1440  0.1500  0.1640  0.1750  1
300:   0.1750  0.1900  0.1450  0.1480  0.1650  0.1770  1

  1:   0.1658  0.1728  0.1558  0.1678  0.1668  0.1708  1
  2:   0.1728  0.1758  0.1469  0.1678  0.1668  0.1698  1
  3:   0.1630  0.1690  0.1650  0.1660  0.1670  0.1700  1
  4:   0.1690  0.1590  0.1930  0.1660  0.1550  0.1580  1
  5:   0.1670  0.1700  0.1600  0.1670  0.1680  0.1680  1
  6:   0.1660  0.1670  0.1600  0.1690  0.1670  0.1710  1
  7:   0.1710  0.1700  0.1620  0.1690  0.1620  0.1660  1
  8:   0.1740  0.1680  0.1580  0.1700  0.1620  0.1680  1
  9:   0.1610  0.1620  0.1890  0.1660  0.1600  0.1620  1
 10:   0.1650  0.1680  0.1740  0.1640  0.1650  0.1640  1
 11:   0.1600  0.1730  0.1490  0.1650  0.1790  0.1740  1
 12:   0.1670  0.1580  0.1880  0.1660  0.1590  0.1620  1
 13:   0.1568  0.1558  0.2018  0.1638  0.1608  0.1608  1
 14:   0.1642  0.1552  0.1842  0.1712  0.1602  0.1652  1
 15:   0.1670  0.1650  0.1640  0.1660  0.1670  0.1710  1
 16:   0.1660  0.1670  0.1680  0.1660  0.1660  0.1670  1
 17:   0.1652  0.1622  0.1772  0.1642  0.1672  0.1642  1
 18:   0.1633  0.1733  0.1663  0.1663  0.1653  0.1653  1
 19:   0.1640  0.1690  0.1660  0.1680  0.1680  0.1650  1
 20:   0.1660  0.1630  0.1730  0.1700  0.1630  0.1650  1
 21:   0.1680  0.1730  0.1540  0.1630  0.1730  0.1690  1
 22:   0.1660  0.1670  0.1760  0.1650  0.1620  0.1640  1
 23:   0.1748  0.1718  0.1538  0.1638  0.1688  0.1668  1
 24:   0.1692  0.1662  0.1682  0.1692  0.1642  0.1632  1
 25:   0.1670  0.1680  0.1670  0.1690  0.1630  0.1660  1
 26:   0.1690  0.1630  0.1670  0.1670  0.1680  0.1660  1
 27:   0.1698  0.1668  0.1718  0.1658  0.1618  0.1638  1
 28:   0.1692  0.1672  0.1642  0.1632  0.1712  0.1652  1
 29:   0.1652  0.1672  0.1652  0.1662  0.1672  0.1692  1
 30:   0.1670  0.1630  0.1700  0.1670  0.1690  0.1640  1
 31:   0.1762  0.1702  0.1461  0.1742  0.1622  0.1712  1
 32:   0.1620  0.1680  0.1680  0.1660  0.1700  0.1660  1
 33:   0.1608  0.1618  0.1688  0.1728  0.1648  0.1708  1
 34:   0.1680  0.1640  0.1670  0.1680  0.1690  0.1640  1
 35:   0.1680  0.1610  0.1830  0.1670  0.1600  0.1610  1
 36:   0.1652  0.1722  0.1552  0.1662  0.1702  0.1712  1
 37:   0.1780  0.1670  0.1430  0.1690  0.1710  0.1720  1
 38:   0.1702  0.1622  0.1682  0.1652  0.1692  0.1652  1
 39:   0.1650  0.1640  0.1690  0.1690  0.1660  0.1670  1
 40:   0.1632  0.1722  0.1582  0.1662  0.1702  0.1702  1
 41:   0.1642  0.1632  0.1642  0.1682  0.1732  0.1672  1
 42:   0.1593  0.1623  0.1854  0.1673  0.1643  0.1613  1
 43:   0.1670  0.1630  0.1770  0.1640  0.1680  0.1610  1
 44:   0.1660  0.1700  0.1580  0.1640  0.1730  0.1690  1
 45:   0.1632  0.1692  0.1602  0.1652  0.1722  0.1702  1
 46:   0.1680  0.1630  0.1750  0.1670  0.1650  0.1620  1
 47:   0.1712  0.1732  0.1491  0.1632  0.1722  0.1712  1
 48:   0.1638  0.1688  0.1598  0.1668  0.1728  0.1678  1
 49:   0.1640  0.1610  0.1800  0.1690  0.1640  0.1620  1
 50:   0.1620  0.1760  0.1500  0.1660  0.1730  0.1730  1
 51:   0.1628  0.1538  0.2008  0.1648  0.1588  0.1588  1
 52:   0.1650  0.1720  0.1650  0.1640  0.1670  0.1670  1
 53:   0.1720  0.1720  0.1660  0.1680  0.1600  0.1620  1
 54:   0.1710  0.1710  0.1540  0.1630  0.1730  0.1680  1
 55:   0.1702  0.1642  0.1692  0.1692  0.1642  0.1632  1
 56:   0.1732  0.1682  0.1622  0.1672  0.1622  0.1672  1
 57:   0.1670  0.1730  0.1520  0.1670  0.1700  0.1710  1
 58:   0.1692  0.1662  0.1652  0.1722  0.1592  0.1682  1
 59:   0.1720  0.1670  0.1590  0.1670  0.1670  0.1680  1
 60:   0.1670  0.1720  0.1550  0.1650  0.1720  0.1690  1
 61:   0.1698  0.1648  0.1728  0.1648  0.1628  0.1648  1
 62:   0.1662  0.1632  0.1702  0.1682  0.1662  0.1662  1
 63:   0.1680  0.1630  0.1650  0.1660  0.1720  0.1660  1
 64:   0.1630  0.1760  0.1440  0.1660  0.1770  0.1740  1
 65:   0.1700  0.1690  0.1670  0.1620  0.1650  0.1670  1
 66:   0.1700  0.1680  0.1650  0.1680  0.1650  0.1640  1
 67:   0.1660  0.1640  0.1750  0.1680  0.1640  0.1630  1
 68:   0.1632  0.1702  0.1632  0.1642  0.1692  0.1702  1
 69:   0.1718  0.1618  0.1698  0.1678  0.1648  0.1638  1
 70:   0.1678  0.1718  0.1578  0.1678  0.1648  0.1698  1
 71:   0.1690  0.1680  0.1550  0.1670  0.1690  0.1720  1
 72:   0.1642  0.1642  0.1742  0.1672  0.1642  0.1662  1
 73:   0.1662  0.1722  0.1562  0.1662  0.1692  0.1702  1
 74:   0.1662  0.1702  0.1592  0.1672  0.1662  0.1712  1
 75:   0.1600  0.1700  0.1670  0.1670  0.1680  0.1680  1
 76:   0.1660  0.1750  0.1530  0.1680  0.1700  0.1680  1
 77:   0.1718  0.1658  0.1598  0.1668  0.1718  0.1638  1
 78:   0.1708  0.1718  0.1499  0.1668  0.1728  0.1678  1
 79:   0.1628  0.1678  0.1678  0.1658  0.1678  0.1678  1
 80:   0.1643  0.1543  0.1964  0.1653  0.1613  0.1583  1
 81:   0.1642  0.1712  0.1602  0.1672  0.1722  0.1652  1
 82:   0.1670  0.1740  0.1480  0.1680  0.1710  0.1720  1
 83:   0.1638  0.1708  0.1568  0.1688  0.1698  0.1698  1
 84:   0.1658  0.1648  0.1728  0.1668  0.1658  0.1638  1
 85:   0.1710  0.1710  0.1500  0.1650  0.1710  0.1720  1
 86:   0.1630  0.1680  0.1610  0.1680  0.1730  0.1670  1
 87:   0.1620  0.1690  0.1600  0.1640  0.1740  0.1710  1
 88:   0.1672  0.1672  0.1742  0.1652  0.1632  0.1632  1
 89:   0.1600  0.1630  0.1750  0.1680  0.1650  0.1690  1
 90:   0.1660  0.1620  0.1720  0.1640  0.1710  0.1650  1
 91:   0.1668  0.1738  0.1558  0.1638  0.1718  0.1678  1
 92:   0.1660  0.1690  0.1610  0.1630  0.1720  0.1690  1
 93:   0.1600  0.1670  0.1640  0.1680  0.1710  0.1700  1
 94:   0.1610  0.1700  0.1550  0.1700  0.1710  0.1730  1
 95:   0.1690  0.1700  0.1590  0.1640  0.1690  0.1690  1
 96:   0.1670  0.1640  0.1790  0.1630  0.1660  0.1610  1
 97:   0.1658  0.1648  0.1748  0.1628  0.1678  0.1638  1
 98:   0.1690  0.1630  0.1730  0.1640  0.1670  0.1640  1
 99:   0.1658  0.1668  0.1678  0.1688  0.1658  0.1648  1
100:   0.1680  0.1720  0.1610  0.1660  0.1670  0.1660  1
101:   0.1650  0.1710  0.1630  0.1670  0.1660  0.1680  1
