  1:   0.1662  0.1754  0.1514  0.1614  0.1726  0.1730  1
  2:   0.1685  0.1783  0.1457  0.1605  0.1695  0.1773  1
  3:   0.1640  0.1670  0.1652  0.1656  0.1682  0.1702  1
  4:   0.1652  0.1526  0.1958  0.1754  0.1580  0.1528  1
  5:   0.1694  0.1680  0.1610  0.1658  0.1684  0.1676  1
  6:   0.1678  0.1674  0.1604  0.1670  0.1690  0.1686  1
  7:   0.1688  0.1696  0.1598  0.1684  0.1644  0.1692  1
  8:   0.1680  0.1724  0.1570  0.1654  0.1652  0.1722  1
  9:   0.1623  0.1569  0.1893  0.1731  0.1611  0.1571  1
 10:   0.1666  0.1616  0.1752  0.1700  0.1660  0.1608  1
 11:   0.1650  0.1730  0.1462  0.1604  0.1762  0.1790  1
 12:   0.1616  0.1608  0.1882  0.1710  0.1570  0.1612  1
 13:   0.1592  0.1510  0.2040  0.1744  0.1584  0.1528  1
 14:   0.1652  0.1550  0.1860  0.1740  0.1608  0.1588  1
 15:   0.1647  0.1697  0.1645  0.1629  0.1673  0.1707  1
 16:   0.1640  0.1682  0.1670  0.1656  0.1654  0.1698  1
 17:   0.1674  0.1600  0.1786  0.1696  0.1664  0.1582  1
 18:   0.1659  0.1671  0.1645  0.1683  0.1687  0.1655  1
 19:   0.1680  0.1652  0.1672  0.1686  0.1672  0.1638  1
 20:   0.1646  0.1638  0.1732  0.1698  0.1656  0.1630  1
 21:   0.1702  0.1726  0.1534  0.1626  0.1718  0.1696  1
 22:   0.1656  0.1620  0.1788  0.1694  0.1632  0.1610  1
 23:   0.1730  0.1694  0.1540  0.1658  0.1694  0.1686  1
 24:   0.1686  0.1644  0.1686  0.1686  0.1662  0.1636  1
 25:   0.1679  0.1655  0.1671  0.1685  0.1649  0.1659  1
 26:   0.1680  0.1668  0.1674  0.1658  0.1662  0.1656  1
 27:   0.1668  0.1626  0.1728  0.1708  0.1640  0.1630  1
 28:   0.1695  0.1683  0.1659  0.1649  0.1661  0.1651  1
 29:   0.1643  0.1685  0.1647  0.1651  0.1705  0.1667  1
 30:   0.1654  0.1658  0.1706  0.1662  0.1646  0.1676  1
 31:   0.1687  0.1839  0.1429  0.1613  0.1639  0.1795  1
 32:   0.1668  0.1636  0.1672  0.1678  0.1700  0.1646  1
 33:   0.1650  0.1696  0.1670  0.1664  0.1604  0.1718  1
 34:   0.1681  0.1659  0.1657  0.1665  0.1669  0.1667  1
 35:   0.1658  0.1578  0.1852  0.1728  0.1602  0.1580  1
 36:   0.1674  0.1726  0.1532  0.1628  0.1698  0.1740  1
 37:   0.1698  0.1854  0.1396  0.1576  0.1660  0.1814  1
 38:   0.1692  0.1658  0.1676  0.1668  0.1646  0.1662  1
 39:   0.1639  0.1665  0.1709  0.1669  0.1647  0.1671  1
 40:   0.1684  0.1690  0.1590  0.1652  0.1712  0.1670  1
 41:   0.1692  0.1668  0.1622  0.1646  0.1702  0.1668  1
 42:   0.1625  0.1567  0.1869  0.1731  0.1621  0.1589  1
 43:   0.1676  0.1602  0.1782  0.1698  0.1644  0.1600  1
 44:   0.1663  0.1695  0.1571  0.1641  0.1709  0.1723  1
 45:   0.1648  0.1672  0.1576  0.1646  0.1726  0.1730  1
 46:   0.1661  0.1633  0.1739  0.1683  0.1649  0.1633  1
 47:   0.1708  0.1770  0.1488  0.1594  0.1732  0.1706  1
 48:   0.1660  0.1724  0.1594  0.1628  0.1678  0.1716  1
 49:   0.1656  0.1596  0.1794  0.1714  0.1626  0.1614  1
 50:   0.1642  0.1730  0.1488  0.1616  0.1760  0.1762  1
 51:   0.1598  0.1532  0.2048  0.1734  0.1556  0.1534  1
 52:   0.1670  0.1674  0.1668  0.1652  0.1670  0.1668  1
 53:   0.1698  0.1650  0.1660  0.1706  0.1662  0.1626  1
 54:   0.1709  0.1701  0.1563  0.1641  0.1713  0.1675  1
 55:   0.1670  0.1666  0.1678  0.1672  0.1650  0.1664  1
 56:   0.1695  0.1677  0.1613  0.1685  0.1657  0.1675  1
 57:   0.1696  0.1736  0.1534  0.1626  0.1728  0.1680  1
 58:   0.1670  0.1650  0.1648  0.1700  0.1658  0.1672  1
 59:   0.1674  0.1714  0.1566  0.1624  0.1708  0.1716  1
 60:   0.1658  0.1716  0.1532  0.1628  0.1726  0.1742  1
 61:   0.1692  0.1632  0.1746  0.1690  0.1636  0.1606  1
 62:   0.1647  0.1669  0.1683  0.1665  0.1653  0.1683  1
 63:   0.1673  0.1671  0.1659  0.1651  0.1667  0.1681  1
 64:   0.1658  0.1734  0.1414  0.1606  0.1780  0.1810  1
 65:   0.1656  0.1690  0.1670  0.1638  0.1674  0.1674  1
 66:   0.1672  0.1690  0.1650  0.1666  0.1640  0.1682  1
 67:   0.1663  0.1607  0.1749  0.1711  0.1649  0.1619  1
 68:   0.1649  0.1687  0.1625  0.1653  0.1701  0.1687  1
 69:   0.1666  0.1688  0.1686  0.1664  0.1622  0.1676  1
 70:   0.1676  0.1698  0.1596  0.1652  0.1686  0.1692  1
 71:   0.1692  0.1716  0.1552  0.1630  0.1698  0.1714  1
 72:   0.1644  0.1646  0.1740  0.1686  0.1632  0.1650  1
 73:   0.1696  0.1718  0.1562  0.1628  0.1712  0.1682  1
 74:   0.1666  0.1726  0.1608  0.1632  0.1646  0.1722  1
 75:   0.1656  0.1636  0.1652  0.1694  0.1694  0.1668  1
 76:   0.1674  0.1728  0.1524  0.1646  0.1718  0.1710  1
 77:   0.1693  0.1717  0.1593  0.1639  0.1653  0.1703  1
 78:   0.1680  0.1752  0.1500  0.1614  0.1712  0.1742  1
 79:   0.1651  0.1639  0.1681  0.1683  0.1687  0.1657  1
 80:   0.1621  0.1515  0.2008  0.1735  0.1581  0.1539  1
 81:   0.1692  0.1674  0.1576  0.1658  0.1714  0.1686  1
 82:   0.1686  0.1788  0.1472  0.1602  0.1692  0.1758  1
 83:   0.1668  0.1694  0.1562  0.1640  0.1728  0.1708  1
 84:   0.1689  0.1609  0.1717  0.1701  0.1665  0.1619  1
 85:   0.1700  0.1746  0.1510  0.1612  0.1698  0.1732  1
 86:   0.1664  0.1668  0.1606  0.1654  0.1718  0.1692  1
 87:   0.1648  0.1676  0.1606  0.1650  0.1734  0.1686  1
 88:   0.1670  0.1626  0.1750  0.1704  0.1650  0.1602  1
 89:   0.1626  0.1620  0.1760  0.1698  0.1646  0.1650  1
 90:   0.1666  0.1628  0.1722  0.1678  0.1664  0.1640  1
 91:   0.1690  0.1712  0.1534  0.1636  0.1714  0.1716  1
 92:   0.1684  0.1706  0.1618  0.1640  0.1674  0.1680  1
 93:   0.1667  0.1669  0.1633  0.1651  0.1687  0.1695  1
 94:   0.1662  0.1730  0.1526  0.1620  0.1714  0.1746  1
 95:   0.1692  0.1728  0.1564  0.1632  0.1684  0.1702  1
 96:   0.1656  0.1604  0.1800  0.1694  0.1640  0.1604  1
 97:   0.1664  0.1616  0.1748  0.1688  0.1672  0.1614  1
 98:   0.1696  0.1612  0.1764  0.1692  0.1646  0.1590  1
 99:   0.1677  0.1637  0.1691  0.1689  0.1655  0.1651  1
100:   0.1685  0.1689  0.1609  0.1651  0.1713  0.1651  1
101:   0.1666  0.1688  0.1616  0.1674  0.1686  0.1668  1
102:   0.1683  0.1731  0.1533  0.1635  0.1679  0.1741  1
103:   0.1617  0.1607  0.1905  0.1691  0.1591  0.1589  1
104:   0.1684  0.1692  0.1610  0.1642  0.1688  0.1682  1
105:   0.1690  0.1784  0.1446  0.1594  0.1722  0.1762  1
106:   0.1675  0.1655  0.1707  0.1681  0.1645  0.1637  1
107:   0.1625  0.1609  0.1807  0.1681  0.1657  0.1619  1
108:   0.1684  0.1662  0.1644  0.1674  0.1670  0.1664  1
109:   0.1655  0.1591  0.1835  0.1695  0.1637  0.1585  1
110:   0.1657  0.1661  0.1635  0.1659  0.1697  0.1693  1
111:   0.1651  0.1691  0.1691  0.1633  0.1685  0.1651  1
112:   0.1682  0.1642  0.1714  0.1678  0.1664  0.1620  1
113:   0.1596  0.1530  0.2078  0.1712  0.1560  0.1524  1
114:   0.1680  0.1682  0.1698  0.1648  0.1636  0.1656  1
115:   0.1628  0.1584  0.1830  0.1708  0.1650  0.1600  1
116:   0.1684  0.1638  0.1704  0.1684  0.1668  0.1620  1
117:   0.1685  0.1737  0.1575  0.1631  0.1667  0.1705  1
118:   0.1663  0.1731  0.1545  0.1609  0.1725  0.1725  1
119:   0.1724  0.1706  0.1528  0.1654  0.1696  0.1692  1
120:   0.1688  0.1638  0.1688  0.1704  0.1660  0.1620  1
121:   0.1659  0.1591  0.1819  0.1717  0.1615  0.1597  1
122:   0.1673  0.1703  0.1639  0.1691  0.1617  0.1675  1
123:   0.1660  0.1684  0.1582  0.1654  0.1708  0.1710  1
124:   0.1653  0.1685  0.1699  0.1647  0.1629  0.1689  1
125:   0.1699  0.1723  0.1539  0.1647  0.1695  0.1699  1
126:   0.1668  0.1668  0.1624  0.1672  0.1680  0.1688  1
127:   0.1674  0.1682  0.1648  0.1638  0.1692  0.1666  1
128:   0.1662  0.1578  0.1848  0.1724  0.1610  0.1578  1
129:   0.1652  0.1634  0.1800  0.1688  0.1602  0.1626  1
130:   0.1655  0.1667  0.1643  0.1673  0.1677  0.1687  1
131:   0.1702  0.1752  0.1512  0.1630  0.1680  0.1726  1
132:   0.1684  0.1726  0.1584  0.1644  0.1672  0.1690  1
133:   0.1685  0.1723  0.1519  0.1625  0.1695  0.1751  1
134:   0.1682  0.1714  0.1596  0.1640  0.1664  0.1706  1
135:   0.1684  0.1694  0.1684  0.1654  0.1650  0.1636  1
136:   0.1701  0.1673  0.1647  0.1679  0.1645  0.1655  1
137:   0.1640  0.1666  0.1642  0.1670  0.1670  0.1712  1
138:   0.1638  0.1574  0.1884  0.1720  0.1604  0.1580  1
139:   0.1719  0.1707  0.1591  0.1633  0.1671  0.1677  1
140:   0.1673  0.1723  0.1553  0.1643  0.1701  0.1705  1
141:   0.1690  0.1640  0.1650  0.1666  0.1680  0.1676  1
142:   0.1702  0.1728  0.1542  0.1632  0.1682  0.1714  1
143:   0.1664  0.1574  0.1810  0.1720  0.1630  0.1602  1
144:   0.1661  0.1751  0.1567  0.1623  0.1659  0.1737  1
145:   0.1631  0.1615  0.1805  0.1703  0.1615  0.1633  1
146:   0.1704  0.1668  0.1614  0.1684  0.1682  0.1648  1
147:   0.1682  0.1666  0.1646  0.1668  0.1682  0.1656  1
148:   0.1621  0.1605  0.1869  0.1687  0.1637  0.1583  1
149:   0.1669  0.1669  0.1677  0.1693  0.1647  0.1647  1
150:   0.1656  0.1692  0.1638  0.1652  0.1668  0.1692  1
151:   0.1652  0.1674  0.1626  0.1664  0.1678  0.1708  1
152:   0.1693  0.1695  0.1567  0.1633  0.1723  0.1691  1
153:   0.1694  0.1680  0.1600  0.1656  0.1704  0.1664  1
154:   0.1649  0.1631  0.1731  0.1687  0.1679  0.1623  1
155:   0.1634  0.1636  0.1770  0.1678  0.1650  0.1632  1
156:   0.1684  0.1786  0.1470  0.1610  0.1682  0.1766  1
157:   0.1648  0.1740  0.1496  0.1620  0.1730  0.1766  1
158:   0.1677  0.1675  0.1603  0.1647  0.1715  0.1681  1
159:   0.1686  0.1670  0.1608  0.1658  0.1684  0.1696  1
160:   0.1690  0.1706  0.1596  0.1654  0.1642  0.1714  1
161:   0.1653  0.1599  0.1809  0.1723  0.1639  0.1575  1
162:   0.1344  0.1128  0.3265  0.1837  0.1243  0.1182  1
163:   0.1708  0.1812  0.1428  0.1580  0.1700  0.1774  1
164:   0.1664  0.1674  0.1662  0.1668  0.1698  0.1636  1
165:   0.1677  0.1743  0.1513  0.1629  0.1707  0.1729  1
166:   0.1640  0.1680  0.1642  0.1664  0.1676  0.1696  1
167:   0.1644  0.1522  0.1990  0.1728  0.1576  0.1538  1
168:   0.1671  0.1629  0.1717  0.1695  0.1675  0.1611  1
169:   0.1669  0.1713  0.1541  0.1669  0.1673  0.1737  1
170:   0.1670  0.1616  0.1766  0.1706  0.1628  0.1616  1
171:   0.1653  0.1759  0.1553  0.1625  0.1639  0.1773  1
172:   0.1684  0.1686  0.1636  0.1670  0.1644  0.1682  1
173:   0.1710  0.1720  0.1564  0.1636  0.1658  0.1712  1
174:   0.1647  0.1589  0.1785  0.1721  0.1641  0.1615  1
175:   0.1630  0.1604  0.1840  0.1716  0.1600  0.1610  1
176:   0.1622  0.1712  0.1512  0.1628  0.1748  0.1778  1
177:   0.1687  0.1775  0.1437  0.1595  0.1723  0.1783  1
178:   0.1696  0.1782  0.1482  0.1614  0.1676  0.1750  1
179:   0.1660  0.1640  0.1700  0.1678  0.1678  0.1644  1
180:   0.1664  0.1612  0.1738  0.1686  0.1676  0.1622  1
181:   0.1674  0.1696  0.1556  0.1654  0.1702  0.1718  1
182:   0.1667  0.1609  0.1739  0.1689  0.1663  0.1631  1
183:   0.1664  0.1674  0.1606  0.1662  0.1706  0.1690  1
184:   0.1685  0.1711  0.1639  0.1645  0.1659  0.1663  1
185:   0.1664  0.1720  0.1588  0.1654  0.1646  0.1726  1
186:   0.1665  0.1709  0.1623  0.1645  0.1677  0.1683  1
187:   0.1664  0.1716  0.1550  0.1632  0.1688  0.1748  1
188:   0.1677  0.1799  0.1525  0.1625  0.1627  0.1747  1
189:   0.1654  0.1658  0.1650  0.1678  0.1684  0.1674  1
190:   0.1668  0.1646  0.1700  0.1678  0.1682  0.1626  1
191:   0.1660  0.1662  0.1684  0.1686  0.1672  0.1634  1
192:   0.1674  0.1656  0.1672  0.1670  0.1658  0.1668  1
193:   0.1620  0.1640  0.1644  0.1680  0.1710  0.1706  1
194:   0.1661  0.1603  0.1773  0.1687  0.1651  0.1623  1
195:   0.1692  0.1614  0.1676  0.1726  0.1662  0.1628  1
196:   0.1646  0.1556  0.1918  0.1740  0.1582  0.1556  1
197:   0.1667  0.1663  0.1605  0.1653  0.1729  0.1685  1
198:   0.1626  0.1646  0.1672  0.1666  0.1712  0.1678  1
199:   0.1696  0.1684  0.1558  0.1654  0.1720  0.1686  1
200:   0.1722  0.1712  0.1530  0.1632  0.1680  0.1722  1
201:   0.1636  0.1596  0.1852  0.1698  0.1618  0.1598  1
202:   0.1654  0.1728  0.1572  0.1630  0.1670  0.1746  1
203:   0.1682  0.1670  0.1622  0.1696  0.1670  0.1658  1
204:   0.1678  0.1666  0.1622  0.1660  0.1698  0.1674  1
205:   0.1662  0.1620  0.1694  0.1680  0.1702  0.1640  1
206:   0.1717  0.1661  0.1627  0.1669  0.1685  0.1643  1
207:   0.1635  0.1671  0.1659  0.1665  0.1699  0.1669  1
208:   0.1674  0.1704  0.1610  0.1654  0.1688  0.1668  1
209:   0.1665  0.1637  0.1783  0.1685  0.1625  0.1607  1
210:   0.1661  0.1707  0.1569  0.1637  0.1711  0.1717  1
211:   0.1675  0.1731  0.1551  0.1637  0.1675  0.1731  1
212:   0.1680  0.1562  0.1852  0.1734  0.1626  0.1548  1
213:   0.1664  0.1686  0.1594  0.1650  0.1698  0.1710  1
214:   0.1662  0.1712  0.1654  0.1648  0.1648  0.1678  1
215:   0.1672  0.1686  0.1622  0.1652  0.1636  0.1732  1
216:   0.1655  0.1563  0.1883  0.1719  0.1617  0.1561  1
217:   0.1668  0.1722  0.1498  0.1634  0.1722  0.1754  1
218:   0.1678  0.1696  0.1608  0.1664  0.1674  0.1680  1
219:   0.1586  0.1530  0.2118  0.1700  0.1568  0.1500  1
220:   0.1688  0.1626  0.1700  0.1698  0.1642  0.1648  1
221:   0.1674  0.1648  0.1724  0.1686  0.1630  0.1638  1
222:   0.1656  0.1664  0.1636  0.1666  0.1706  0.1672  1
223:   0.1701  0.1729  0.1531  0.1623  0.1709  0.1705  1
224:   0.1669  0.1681  0.1605  0.1643  0.1695  0.1705  1
225:   0.1677  0.1615  0.1755  0.1693  0.1653  0.1607  1
226:   0.1625  0.1545  0.1943  0.1723  0.1601  0.1565  1
227:   0.1680  0.1670  0.1652  0.1666  0.1670  0.1662  1
228:   0.1657  0.1685  0.1537  0.1661  0.1707  0.1751  1
229:   0.1680  0.1714  0.1540  0.1624  0.1734  0.1708  1
230:   0.1650  0.1640  0.1744  0.1678  0.1636  0.1650  1
231:   0.1652  0.1614  0.1792  0.1698  0.1626  0.1618  1
232:   0.1692  0.1754  0.1522  0.1630  0.1662  0.1740  1
233:   0.1675  0.1613  0.1713  0.1719  0.1675  0.1603  1
234:   0.1672  0.1728  0.1534  0.1628  0.1714  0.1726  1
235:   0.1626  0.1734  0.1486  0.1612  0.1780  0.1764  1
236:   0.1656  0.1540  0.1880  0.1730  0.1624  0.1572  1
237:   0.1686  0.1744  0.1444  0.1616  0.1744  0.1764  1
238:   0.1662  0.1746  0.1520  0.1604  0.1712  0.1754  1
239:   0.1654  0.1726  0.1500  0.1616  0.1742  0.1764  1
240:   0.1664  0.1550  0.1912  0.1728  0.1602  0.1544  1
241:   0.1639  0.1605  0.1809  0.1709  0.1635  0.1603  1
242:   0.1673  0.1741  0.1469  0.1635  0.1737  0.1747  1
243:   0.1698  0.1728  0.1474  0.1616  0.1746  0.1740  1
244:   0.1686  0.1682  0.1618  0.1666  0.1670  0.1676  1
245:   0.1640  0.1676  0.1684  0.1678  0.1630  0.1694  1
246:   0.1633  0.1611  0.1765  0.1711  0.1635  0.1643  1
247:   0.1622  0.1602  0.1866  0.1684  0.1614  0.1614  1
248:   0.1625  0.1675  0.1639  0.1667  0.1689  0.1707  1
249:   0.1676  0.1638  0.1754  0.1686  0.1638  0.1610  1
250:   0.1640  0.1618  0.1804  0.1702  0.1606  0.1632  1
251:   0.1651  0.1631  0.1717  0.1681  0.1663  0.1659  1
252:   0.1667  0.1675  0.1671  0.1673  0.1647  0.1669  1
253:   0.1694  0.1734  0.1576  0.1632  0.1692  0.1674  1
254:   0.1694  0.1688  0.1612  0.1658  0.1680  0.1670  1
255:   0.1664  0.1660  0.1738  0.1680  0.1608  0.1652  1
256:   0.1643  0.1593  0.1871  0.1703  0.1613  0.1579  1
257:   0.1694  0.1718  0.1592  0.1656  0.1652  0.1690  1
258:   0.1644  0.1612  0.1830  0.1712  0.1594  0.1606  1
259:   0.1671  0.1681  0.1607  0.1667  0.1675  0.1701  1
260:   0.1622  0.1616  0.1742  0.1696  0.1678  0.1648  1
261:   0.1639  0.1637  0.1643  0.1681  0.1701  0.1697  1
262:   0.1666  0.1790  0.1570  0.1626  0.1588  0.1760  1
263:   0.1670  0.1720  0.1562  0.1644  0.1672  0.1730  1
264:   0.1650  0.1726  0.1564  0.1618  0.1724  0.1716  1
265:   0.1668  0.1652  0.1650  0.1692  0.1674  0.1666  1
266:   0.1646  0.1654  0.1680  0.1688  0.1656  0.1678  1
267:   0.1689  0.1687  0.1633  0.1655  0.1701  0.1637  1
268:   0.1618  0.1586  0.1856  0.1716  0.1610  0.1614  1
269:   0.1643  0.1529  0.1937  0.1739  0.1609  0.1545  1
270:   0.1674  0.1640  0.1720  0.1662  0.1678  0.1626  1
271:   0.1670  0.1632  0.1710  0.1704  0.1646  0.1640  1
272:   0.1616  0.1512  0.1984  0.1756  0.1606  0.1524  1
273:   0.1696  0.1830  0.1422  0.1604  0.1658  0.1792  1
274:   0.1652  0.1762  0.1460  0.1608  0.1752  0.1766  1
275:   0.1674  0.1736  0.1538  0.1632  0.1696  0.1724  1
276:   0.1665  0.1761  0.1523  0.1617  0.1723  0.1711  1
277:   0.1716  0.1746  0.1516  0.1620  0.1698  0.1704  1
278:   0.1707  0.1769  0.1467  0.1627  0.1717  0.1715  1
279:   0.1660  0.1706  0.1572  0.1642  0.1676  0.1744  1
280:   0.1612  0.1604  0.1820  0.1688  0.1610  0.1666  1
281:   0.1692  0.1696  0.1546  0.1626  0.1718  0.1722  1
282:   0.1651  0.1651  0.1713  0.1681  0.1651  0.1651  1
283:   0.1710  0.1756  0.1482  0.1632  0.1684  0.1734  1
284:   0.1710  0.1682  0.1652  0.1670  0.1628  0.1658  1
285:   0.1653  0.1505  0.2009  0.1751  0.1561  0.1523  1
286:   0.1667  0.1671  0.1615  0.1661  0.1693  0.1693  1
287:   0.1632  0.1588  0.1806  0.1698  0.1666  0.1610  1
288:   0.1626  0.1580  0.1826  0.1714  0.1664  0.1590  1
289:   0.1680  0.1662  0.1690  0.1666  0.1648  0.1654  1
290:   0.1698  0.1766  0.1518  0.1634  0.1670  0.1716  1
291:   0.1716  0.1742  0.1502  0.1620  0.1692  0.1730  1
292:   0.1658  0.1688  0.1590  0.1642  0.1720  0.1702  1
293:   0.1630  0.1564  0.1840  0.1722  0.1642  0.1604  1
294:   0.1702  0.1740  0.1512  0.1616  0.1696  0.1732  1
295:   0.1676  0.1664  0.1696  0.1672  0.1660  0.1632  1
296:   0.1650  0.1598  0.1816  0.1712  0.1614  0.1610  1
297:   0.1637  0.1573  0.1875  0.1705  0.1619  0.1591  1
298:   0.1630  0.1526  0.1988  0.1728  0.1584  0.1542  1
299:   0.1691  0.1767  0.1497  0.1603  0.1695  0.1749  1
300:   0.1694  0.1760  0.1508  0.1600  0.1692  0.1746  1
