1:    0.439 0.088 0.308 0.165 1    
2:    0.365 0.126 0.269 0.240 1    
3:    0.008 0.039 0.811 0.141 1    
4:    0.032 0.052 0.829 0.087 1    
5:    0.062 0.038 0.844 0.056 1    
6:    0.042 0.091 0.850 0.017 1    
7:    0.017 0.059 0.860 0.064 1    
8:    0.009 0.053 0.916 0.022 1    
9:    0.186 0.026 0.636 0.152 1    
10:   0.020 0.111 0.813 0.057 1    
11:   0.068 0.056 0.773 0.103 1    
12:   0.039 0.024 0.554 0.382 1    
13:   0.192 0.044 0.660 0.103 1    
14:   0.012 0.281 0.584 0.123 1    
15:   0.026 0.048 0.641 0.284 1    
16:   0.976 0.008 0.008 0.008 1    
17:   0.007 0.011 0.013 0.969 1    
18:   0.985 0.005 0.006 0.005 1    
19:   0.009 0.015 0.023 0.953 1    
20:   0.980 0.008 0.008 0.005 1    
21:   0.954 0.019 0.010 0.017 1    
22:   0.020 0.523 0.397 0.060 1    
23:   0.012 0.033 0.019 0.935 1    
24:   0.032 0.081 0.062 0.825 1    
25:   0.206 0.097 0.420 0.277 1    
26:   0.019 0.099 0.080 0.802 1    
27:   0.009 0.157 0.062 0.772 1    
28:   0.968 0.010 0.011 0.010 1    
29:   0.009 0.053 0.012 0.926 1    
30:   0.968 0.008 0.011 0.012 1    
31:   0.039 0.343 0.281 0.336 1    
32:   0.951 0.017 0.021 0.010 1    
33:   0.009 0.135 0.462 0.394 1    
34:   0.005 0.039 0.014 0.942 1    
35:   0.030 0.219 0.714 0.037 1    
36:   0.008 0.249 0.033 0.711 1    
37:   0.961 0.011 0.016 0.012 1    
38:   0.009 0.746 0.212 0.033 1    
39:   0.004 0.015 0.017 0.964 1    
40:   0.012 0.101 0.091 0.796 1    
41:   0.013 0.312 0.544 0.131 1    
42:   0.982 0.007 0.006 0.005 1    
43:   0.119 0.252 0.133 0.496 1    
44:   0.008 0.109 0.160 0.724 1    
45:   0.006 0.105 0.790 0.099 1    
46:   0.008 0.013 0.013 0.966 1    
47:   0.013 0.591 0.272 0.123 1    
48:   0.962 0.015 0.013 0.010 1    
49:   0.005 0.012 0.012 0.971 1    
50:   0.006 0.024 0.043 0.927 1    
51:   0.007 0.016 0.077 0.900 1    
52:   0.011 0.016 0.011 0.962 1    
53:   0.558 0.124 0.209 0.109 1    
54:   0.015 0.016 0.059 0.910 1    
55:   0.011 0.148 0.793 0.048 1    
56:   0.007 0.210 0.759 0.024 1    
57:   0.011 0.645 0.267 0.078 1    
58:   0.981 0.007 0.006 0.006 1    
59:   0.923 0.054 0.010 0.012 1    
60:   0.010 0.022 0.041 0.928 1    
61:   0.005 0.013 0.024 0.959 1    
62:   0.010 0.212 0.460 0.318 1    
63:   0.005 0.679 0.232 0.084 1    
64:   0.026 0.018 0.216 0.740 1    
65:   0.971 0.010 0.012 0.006 1    
66:   0.950 0.021 0.016 0.013 1    
67:   0.910 0.015 0.020 0.055 1    
68:   0.021 0.055 0.277 0.647 1    
69:   0.008 0.422 0.428 0.142 1    
70:   0.006 0.315 0.098 0.580 1    
71:   0.012 0.311 0.619 0.058 1    
72:   0.028 0.426 0.398 0.148 1    
73:   0.971 0.008 0.011 0.010 1    
74:   0.037 0.389 0.491 0.083 1    
75:   0.005 0.050 0.020 0.926 1    
76:   0.980 0.007 0.006 0.008 1    
77:   0.974 0.009 0.008 0.008 1    
78:   0.014 0.013 0.016 0.957 1    
79:   0.962 0.011 0.009 0.018 1    
80:   0.041 0.012 0.077 0.869 1    
81:   0.005 0.702 0.233 0.059 1    
82:   0.004 0.029 0.050 0.917 1    
83:   0.014 0.013 0.101 0.872 1    
84:   0.977 0.008 0.009 0.007 1    
85:   0.279 0.370 0.228 0.123 1    
86:   0.017 0.468 0.083 0.432 1    
87:   0.007 0.926 0.036 0.031 1    
88:   0.024 0.266 0.135 0.575 1    
89:   0.017 0.444 0.393 0.146 1    
90:   0.010 0.124 0.759 0.106 1    
91:   0.016 0.764 0.144 0.076 1    
92:   0.010 0.245 0.017 0.728 1    
93:   0.008 0.424 0.536 0.032 1    
94:   0.006 0.024 0.957 0.013 1    
95:   0.023 0.712 0.121 0.144 1    
96:   0.037 0.022 0.011 0.929 1    
97:   0.013 0.051 0.038 0.898 1    
98:   0.942 0.022 0.016 0.019 1    
99:   0.051 0.133 0.707 0.109 1    
100:  0.056 0.183 0.706 0.055 1    
101:  0.018 0.321 0.647 0.014 1    
102:  0.005 0.044 0.053 0.898 1    
103:  0.042 0.076 0.698 0.184 1    
104:  0.070 0.183 0.701 0.046 1    
105:  0.012 0.411 0.548 0.029 1    
106:  0.945 0.012 0.026 0.017 1    
107:  0.065 0.030 0.078 0.827 1    
108:  0.008 0.084 0.884 0.025 1    
109:  0.016 0.049 0.032 0.903 1    
110:  0.010 0.683 0.045 0.262 1    
111:  0.511 0.227 0.088 0.174 1    
112:  0.007 0.409 0.438 0.146 1    
113:  0.018 0.752 0.173 0.057 1    
114:  0.069 0.130 0.122 0.679 1    
115:  0.008 0.507 0.436 0.050 1    
116:  0.008 0.707 0.248 0.036 1    
117:  0.005 0.213 0.759 0.024 1    
118:  0.013 0.066 0.903 0.018 1    
119:  0.007 0.723 0.253 0.017 1    
120:  0.028 0.540 0.418 0.014 1    
121:  0.011 0.478 0.486 0.025 1    
122:  0.010 0.722 0.169 0.099 1    
123:  0.009 0.828 0.072 0.091 1    
124:  0.032 0.665 0.285 0.018 1    
125:  0.008 0.430 0.542 0.020 1    
126:  0.007 0.249 0.734 0.009 1    
127:  0.005 0.172 0.807 0.017 1    
128:  0.016 0.558 0.245 0.181 1    
129:  0.010 0.697 0.114 0.179 1    
130:  0.012 0.311 0.548 0.129 1    
131:  0.007 0.303 0.566 0.123 1    
132:  0.018 0.032 0.908 0.042 1    
133:  0.010 0.506 0.470 0.014 1    
134:  0.022 0.500 0.446 0.032 1    
135:  0.006 0.803 0.096 0.094 1    
136:  0.008 0.507 0.405 0.080 1    
137:  0.011 0.941 0.032 0.016 1    
138:  0.009 0.220 0.162 0.609 1    
139:  0.007 0.334 0.644 0.016 1    
140:  0.007 0.725 0.182 0.087 1    
141:  0.009 0.573 0.375 0.043 1    
142:  0.009 0.523 0.432 0.036 1    
143:  0.027 0.295 0.602 0.076 1    
144:  0.005 0.333 0.601 0.061 1    
145:  0.006 0.336 0.637 0.021 1    
146:  0.007 0.301 0.061 0.631 1    
147:  0.008 0.799 0.166 0.027 1    
148:  0.011 0.750 0.172 0.067 1    
149:  0.005 0.284 0.693 0.018 1    
150:  0.015 0.309 0.450 0.227 1    
151:  0.013 0.710 0.157 0.120 1    
152:  0.005 0.772 0.156 0.068 1    
153:  0.017 0.804 0.056 0.124 1    
154:  0.015 0.908 0.050 0.028 1    
155:  0.139 0.519 0.306 0.036 1    
156:  0.009 0.781 0.181 0.029 1    
157:  0.011 0.524 0.450 0.015 1    
158:  0.110 0.261 0.539 0.090 1    
159:  0.148 0.444 0.039 0.369 1    
160:  0.044 0.489 0.065 0.402 1    
161:  0.009 0.946 0.017 0.029 1    
162:  0.007 0.963 0.015 0.016 1    
163:  0.008 0.969 0.013 0.010 1    
164:  0.024 0.277 0.220 0.479 1    
165:  0.034 0.504 0.061 0.401 1    
166:  0.006 0.248 0.480 0.267 1    
167:  0.012 0.792 0.155 0.041 1    
168:  0.006 0.946 0.032 0.016 1    
169:  0.055 0.460 0.021 0.463 1    
170:  0.006 0.499 0.132 0.362 1    
171:  0.005 0.962 0.020 0.013 1    
172:  0.012 0.741 0.179 0.069 1    
                 
                 
1:    0.285 0.169 0.099 0.447 1    
2:    0.247 0.239 0.142 0.373 1    
3:    0.855 0.115 0.021 0.008 1    
4:    0.876 0.062 0.030 0.032 1    
5:    0.887 0.033 0.020 0.060 1    
6:    0.885 0.011 0.065 0.039 1    
7:    0.906 0.039 0.039 0.016 1    
8:    0.921 0.022 0.050 0.008 1    
9:    0.632 0.143 0.026 0.199 1    
10:   0.824 0.049 0.107 0.020 1    
11:   0.765 0.111 0.058 0.066 1    
12:   0.534 0.402 0.025 0.039 1    
13:   0.655 0.104 0.040 0.201 1    
14:   0.621 0.112 0.257 0.011 1    
15:   0.676 0.262 0.038 0.024 1    
16:   0.008 0.008 0.008 0.976 1    
17:   0.012 0.970 0.011 0.007 1    
18:   0.006 0.004 0.005 0.984 1    
19:   0.025 0.952 0.015 0.009 1    
20:   0.008 0.005 0.008 0.979 1    
21:   0.010 0.017 0.019 0.954 1    
22:   0.333 0.053 0.595 0.019 1    
23:   0.021 0.934 0.033 0.013 1    
24:   0.060 0.823 0.084 0.033 1    
25:   0.431 0.266 0.095 0.209 1    
26:   0.083 0.799 0.100 0.019 1    
27:   0.051 0.772 0.169 0.008 1    
28:   0.009 0.010 0.010 0.970 1    
29:   0.010 0.921 0.061 0.008 1    
30:   0.011 0.012 0.008 0.969 1    
31:   0.262 0.337 0.360 0.041 1    
32:   0.021 0.010 0.018 0.951 1    
33:   0.441 0.401 0.149 0.009 1    
34:   0.015 0.939 0.041 0.005 1    
35:   0.762 0.027 0.180 0.031 1    
36:   0.031 0.680 0.280 0.008 1    
37:   0.015 0.012 0.010 0.963 1    
38:   0.212 0.026 0.754 0.008 1    
39:   0.017 0.966 0.013 0.004 1    
40:   0.087 0.791 0.111 0.012 1    
41:   0.585 0.128 0.274 0.013 1    
42:   0.005 0.006 0.006 0.983 1    
43:   0.124 0.497 0.267 0.112 1    
44:   0.158 0.728 0.106 0.008 1    
45:   0.807 0.089 0.098 0.005 1    
46:   0.014 0.965 0.012 0.008 1    
47:   0.232 0.131 0.625 0.012 1    
48:   0.013 0.010 0.017 0.960 1    
49:   0.011 0.974 0.011 0.005 1    
50:   0.049 0.922 0.023 0.006 1    
51:   0.072 0.907 0.015 0.006 1    
52:   0.009 0.961 0.019 0.011 1    
53:   0.218 0.108 0.121 0.554 1    
54:   0.046 0.923 0.018 0.013 1    
55:   0.808 0.040 0.141 0.011 1    
56:   0.791 0.024 0.178 0.007 1    
57:   0.278 0.080 0.631 0.011 1    
58:   0.006 0.006 0.007 0.981 1    
59:   0.012 0.012 0.052 0.924 1    
60:   0.042 0.925 0.023 0.009 1    
61:   0.022 0.961 0.013 0.005 1    
62:   0.507 0.299 0.184 0.010 1    
63:   0.227 0.082 0.686 0.005 1    
64:   0.189 0.763 0.022 0.026 1    
65:   0.010 0.006 0.009 0.975 1    
66:   0.017 0.012 0.021 0.950 1    
67:   0.020 0.052 0.015 0.913 1    
68:   0.261 0.670 0.047 0.022 1    
69:   0.435 0.135 0.422 0.008 1    
70:   0.093 0.565 0.336 0.006 1    
71:   0.676 0.047 0.265 0.012 1    
72:   0.385 0.152 0.437 0.027 1    
73:   0.010 0.010 0.009 0.972 1    
74:   0.453 0.091 0.419 0.038 1    
75:   0.019 0.927 0.048 0.005 1    
76:   0.006 0.007 0.007 0.980 1    
77:   0.009 0.007 0.009 0.975 1    
78:   0.017 0.955 0.013 0.014 1    
79:   0.008 0.018 0.012 0.961 1    
80:   0.074 0.874 0.012 0.040 1    
81:   0.228 0.052 0.716 0.005 1    
82:   0.043 0.925 0.028 0.005 1    
83:   0.090 0.882 0.015 0.014 1    
84:   0.008 0.006 0.008 0.977 1    
85:   0.223 0.110 0.386 0.281 1    
86:   0.086 0.404 0.493 0.017 1    
87:   0.031 0.021 0.941 0.007 1    
88:   0.124 0.546 0.304 0.026 1    
89:   0.413 0.137 0.432 0.018 1    
90:   0.784 0.090 0.118 0.009 1    
91:   0.139 0.065 0.780 0.015 1    
92:   0.014 0.738 0.237 0.011 1    
93:   0.557 0.036 0.399 0.008 1    
94:   0.955 0.014 0.026 0.006 1    
95:   0.126 0.152 0.700 0.022 1    
96:   0.013 0.929 0.021 0.036 1    
97:   0.034 0.898 0.055 0.013 1    
98:   0.016 0.020 0.020 0.944 1    
99:   0.655 0.131 0.155 0.059 1    
100:  0.740 0.049 0.157 0.055 1    
101:  0.661 0.015 0.307 0.017 1    
102:  0.047 0.907 0.041 0.005 1    
103:  0.739 0.164 0.059 0.038 1    
104:  0.759 0.032 0.142 0.066 1    
105:  0.551 0.028 0.409 0.012 1    
106:  0.025 0.016 0.011 0.948 1    
107:  0.077 0.825 0.030 0.068 1    
108:  0.901 0.025 0.067 0.008 1    
109:  0.037 0.898 0.050 0.015 1    
110:  0.044 0.236 0.710 0.010 1    
111:  0.091 0.178 0.218 0.513 1    
112:  0.397 0.146 0.449 0.008 1    
113:  0.155 0.055 0.774 0.016 1    
114:  0.118 0.694 0.120 0.068 1    
115:  0.427 0.045 0.520 0.008 1    
116:  0.226 0.038 0.728 0.008 1    
117:  0.789 0.025 0.181 0.004 1    
118:  0.919 0.017 0.052 0.012 1    
119:  0.292 0.016 0.685 0.007 1    
120:  0.440 0.015 0.517 0.028 1    
121:  0.483 0.022 0.484 0.011 1    
122:  0.148 0.080 0.763 0.009 1    
123:  0.069 0.090 0.831 0.009 1    
124:  0.291 0.018 0.660 0.031 1    
125:  0.552 0.021 0.418 0.008 1    
126:  0.741 0.010 0.242 0.007 1    
127:  0.835 0.015 0.146 0.004 1    
128:  0.263 0.163 0.559 0.015 1    
129:  0.103 0.147 0.740 0.010 1    
130:  0.552 0.140 0.296 0.013 1    
131:  0.609 0.134 0.250 0.007 1    
132:  0.908 0.041 0.032 0.019 1    
133:  0.532 0.016 0.442 0.009 1    
134:  0.502 0.031 0.447 0.020 1    
135:  0.095 0.087 0.812 0.006 1    
136:  0.436 0.079 0.478 0.008 1    
137:  0.026 0.012 0.951 0.011 1    
138:  0.171 0.597 0.223 0.009 1    
139:  0.665 0.016 0.312 0.007 1    
140:  0.189 0.086 0.719 0.006 1    
141:  0.367 0.042 0.581 0.010 1    
142:  0.432 0.036 0.524 0.008 1    
143:  0.585 0.077 0.311 0.027 1    
144:  0.633 0.061 0.301 0.005 1    
145:  0.687 0.020 0.286 0.006 1    
146:  0.063 0.606 0.324 0.007 1    
147:  0.135 0.024 0.834 0.007 1    
148:  0.149 0.067 0.774 0.010 1    
149:  0.751 0.019 0.226 0.005 1    
150:  0.475 0.222 0.289 0.014 1    
151:  0.150 0.115 0.723 0.012 1    
152:  0.143 0.064 0.789 0.005 1    
153:  0.043 0.110 0.832 0.015 1    
154:  0.050 0.024 0.913 0.013 1    
155:  0.338 0.038 0.482 0.142 1    
156:  0.163 0.026 0.802 0.009 1    
157:  0.486 0.014 0.488 0.012 1    
158:  0.538 0.099 0.248 0.116 1    
159:  0.038 0.328 0.487 0.147 1    
160:  0.057 0.360 0.540 0.043 1    
161:  0.017 0.025 0.951 0.008 1    
162:  0.015 0.014 0.965 0.007 1    
163:  0.013 0.009 0.970 0.008 1    
164:  0.234 0.454 0.287 0.025 1    
165:  0.049 0.382 0.535 0.034 1    
166:  0.491 0.254 0.250 0.005 1    
167:  0.149 0.037 0.801 0.013 1    
168:  0.025 0.014 0.955 0.005 1    
169:  0.020 0.406 0.506 0.068 1    
170:  0.125 0.334 0.534 0.006 1    
171:  0.013 0.010 0.972 0.005 1    
172:  0.160 0.053 0.777 0.010 1    
                 
                 
1:    0.445 0.297 0.098 0.159 1    
2:    0.369 0.288 0.126 0.217 1    
3:    0.008 0.860 0.026 0.105 1    
4:    0.034 0.867 0.037 0.062 1    
5:    0.058 0.876 0.032 0.034 1    
6:    0.040 0.862 0.086 0.013 1    
7:    0.016 0.889 0.055 0.040 1    
8:    0.007 0.942 0.033 0.017 1    
9:    0.177 0.664 0.023 0.136 1    
10:   0.020 0.839 0.095 0.047 1    
11:   0.065 0.794 0.051 0.090 1    
12:   0.035 0.584 0.023 0.358 1    
13:   0.190 0.671 0.037 0.102 1    
14:   0.011 0.621 0.253 0.116 1    
15:   0.025 0.675 0.042 0.258 1    
16:   0.977 0.008 0.007 0.008 1    
17:   0.008 0.014 0.011 0.967 1    
18:   0.985 0.006 0.005 0.004 1    
19:   0.009 0.023 0.017 0.951 1    
20:   0.978 0.008 0.009 0.005 1    
21:   0.955 0.009 0.019 0.016 1    
22:   0.019 0.406 0.517 0.057 1    
23:   0.012 0.020 0.030 0.938 1    
24:   0.031 0.054 0.079 0.836 1    
25:   0.221 0.389 0.103 0.287 1    
26:   0.021 0.077 0.085 0.818 1    
27:   0.009 0.051 0.172 0.768 1    
28:   0.970 0.010 0.010 0.010 1    
29:   0.008 0.011 0.052 0.929 1    
30:   0.969 0.011 0.008 0.012 1    
31:   0.039 0.302 0.317 0.342 1    
32:   0.953 0.021 0.017 0.009 1    
33:   0.009 0.492 0.133 0.367 1    
34:   0.005 0.013 0.040 0.942 1    
35:   0.031 0.792 0.147 0.031 1    
36:   0.008 0.028 0.266 0.698 1    
37:   0.965 0.015 0.010 0.011 1    
38:   0.010 0.269 0.687 0.034 1    
39:   0.004 0.017 0.016 0.963 1    
40:   0.012 0.092 0.117 0.779 1    
41:   0.012 0.557 0.300 0.131 1    
42:   0.983 0.005 0.006 0.006 1    
43:   0.116 0.122 0.252 0.510 1    
44:   0.008 0.156 0.103 0.733 1    
45:   0.005 0.814 0.085 0.096 1    
46:   0.009 0.013 0.011 0.967 1    
47:   0.013 0.285 0.562 0.141 1    
48:   0.962 0.013 0.015 0.010 1    
49:   0.005 0.011 0.013 0.972 1    
50:   0.006 0.048 0.023 0.922 1    
51:   0.006 0.073 0.015 0.905 1    
52:   0.010 0.009 0.017 0.964 1    
53:   0.568 0.187 0.140 0.105 1    
54:   0.014 0.051 0.019 0.916 1    
55:   0.012 0.825 0.116 0.047 1    
56:   0.006 0.857 0.117 0.020 1    
57:   0.011 0.285 0.613 0.092 1    
58:   0.982 0.006 0.006 0.006 1    
59:   0.927 0.010 0.052 0.011 1    
60:   0.009 0.042 0.019 0.929 1    
61:   0.005 0.023 0.013 0.958 1    
62:   0.010 0.502 0.178 0.310 1    
63:   0.005 0.212 0.707 0.075 1    
64:   0.027 0.237 0.019 0.717 1    
65:   0.975 0.008 0.011 0.006 1    
66:   0.951 0.016 0.020 0.013 1    
67:   0.910 0.022 0.014 0.054 1    
68:   0.023 0.294 0.052 0.631 1    
69:   0.008 0.479 0.364 0.149 1    
70:   0.006 0.097 0.292 0.604 1    
71:   0.013 0.657 0.274 0.056 1    
72:   0.030 0.452 0.350 0.168 1    
73:   0.971 0.010 0.008 0.010 1    
74:   0.037 0.495 0.388 0.080 1    
75:   0.005 0.018 0.049 0.929 1    
76:   0.981 0.005 0.007 0.007 1    
77:   0.975 0.008 0.009 0.008 1    
78:   0.014 0.017 0.014 0.954 1    
79:   0.963 0.008 0.011 0.017 1    
80:   0.040 0.090 0.013 0.857 1    
81:   0.005 0.278 0.661 0.056 1    
82:   0.004 0.041 0.029 0.926 1    
83:   0.014 0.101 0.014 0.872 1    
84:   0.977 0.009 0.008 0.006 1    
85:   0.293 0.189 0.409 0.109 1    
86:   0.017 0.096 0.455 0.432 1    
87:   0.007 0.040 0.928 0.026 1    
88:   0.025 0.122 0.296 0.558 1    
89:   0.017 0.423 0.414 0.146 1    
90:   0.009 0.775 0.127 0.089 1    
91:   0.015 0.141 0.773 0.071 1    
92:   0.010 0.016 0.201 0.773 1    
93:   0.007 0.654 0.304 0.035 1    
94:   0.006 0.960 0.021 0.013 1    
95:   0.022 0.093 0.737 0.147 1    
96:   0.032 0.013 0.020 0.934 1    
97:   0.013 0.035 0.040 0.912 1    
98:   0.943 0.015 0.022 0.019 1    
99:   0.054 0.701 0.133 0.111 1    
100:  0.063 0.698 0.188 0.051 1    
101:  0.016 0.749 0.222 0.013 1    
102:  0.005 0.047 0.041 0.908 1    
103:  0.041 0.708 0.065 0.186 1    
104:  0.059 0.786 0.117 0.038 1    
105:  0.012 0.574 0.387 0.027 1    
106:  0.947 0.027 0.011 0.014 1    
107:  0.059 0.094 0.026 0.821 1    
108:  0.007 0.914 0.057 0.021 1    
109:  0.016 0.032 0.050 0.902 1    
110:  0.010 0.050 0.641 0.299 1    
111:  0.516 0.081 0.201 0.201 1    
112:  0.008 0.489 0.354 0.148 1    
113:  0.018 0.156 0.768 0.059 1    
114:  0.070 0.118 0.118 0.694 1    
115:  0.008 0.417 0.528 0.047 1    
116:  0.008 0.155 0.807 0.030 1    
117:  0.004 0.751 0.223 0.022 1    
118:  0.013 0.883 0.086 0.019 1    
119:  0.007 0.244 0.734 0.015 1    
120:  0.030 0.333 0.623 0.015 1    
121:  0.011 0.496 0.469 0.024 1    
122:  0.009 0.155 0.747 0.089 1    
123:  0.009 0.057 0.840 0.094 1    
124:  0.031 0.224 0.727 0.017 1    
125:  0.009 0.535 0.435 0.022 1    
126:  0.007 0.754 0.229 0.010 1    
127:  0.005 0.815 0.166 0.014 1    
128:  0.016 0.203 0.628 0.153 1    
129:  0.010 0.115 0.687 0.188 1    
130:  0.012 0.524 0.335 0.128 1    
131:  0.007 0.529 0.323 0.141 1    
132:  0.018 0.912 0.033 0.038 1    
133:  0.011 0.403 0.571 0.015 1    
134:  0.023 0.376 0.569 0.032 1    
135:  0.006 0.084 0.810 0.099 1    
136:  0.008 0.355 0.563 0.075 1    
137:  0.011 0.019 0.957 0.013 1    
138:  0.008 0.154 0.243 0.594 1    
139:  0.007 0.633 0.343 0.017 1    
140:  0.006 0.115 0.809 0.070 1    
141:  0.009 0.317 0.633 0.040 1    
142:  0.008 0.452 0.511 0.029 1    
143:  0.027 0.631 0.269 0.073 1    
144:  0.005 0.569 0.366 0.060 1    
145:  0.006 0.612 0.360 0.021 1    
146:  0.007 0.061 0.292 0.640 1    
147:  0.008 0.134 0.832 0.026 1    
148:  0.010 0.139 0.790 0.062 1    
149:  0.004 0.672 0.305 0.018 1    
150:  0.015 0.429 0.336 0.221 1    
151:  0.013 0.116 0.760 0.112 1    
152:  0.005 0.163 0.762 0.070 1    
153:  0.015 0.048 0.801 0.136 1    
154:  0.013 0.044 0.914 0.029 1    
155:  0.147 0.219 0.599 0.035 1    
156:  0.008 0.114 0.852 0.026 1    
157:  0.013 0.422 0.553 0.012 1    
158:  0.114 0.497 0.290 0.099 1    
159:  0.151 0.037 0.436 0.377 1    
160:  0.043 0.066 0.480 0.411 1    
161:  0.008 0.016 0.943 0.032 1    
162:  0.007 0.014 0.965 0.015 1    
163:  0.008 0.012 0.970 0.010 1    
164:  0.026 0.192 0.305 0.477 1    
165:  0.032 0.044 0.524 0.399 1    
166:  0.005 0.455 0.256 0.284 1    
167:  0.013 0.118 0.830 0.039 1    
168:  0.006 0.026 0.952 0.016 1    
169:  0.055 0.015 0.463 0.468 1    
170:  0.006 0.119 0.527 0.347 1    
171:  0.005 0.016 0.966 0.012 1    
172:  0.010 0.146 0.782 0.063 1    
                 
                 
1:    0.178 0.449 0.274 0.099 1    
2:    0.235 0.370 0.255 0.139 1    
3:    0.112 0.009 0.857 0.022 1    
4:    0.065 0.031 0.880 0.024 1    
5:    0.039 0.056 0.890 0.015 1    
6:    0.012 0.035 0.903 0.050 1    
7:    0.045 0.016 0.903 0.036 1    
8:    0.021 0.008 0.918 0.053 1    
9:    0.150 0.182 0.643 0.025 1    
10:   0.043 0.019 0.845 0.092 1    
11:   0.113 0.069 0.759 0.059 1    
12:   0.425 0.037 0.507 0.030 1    
13:   0.109 0.198 0.645 0.047 1    
14:   0.114 0.011 0.609 0.266 1    
15:   0.256 0.022 0.682 0.039 1    
16:   0.008 0.976 0.008 0.007 1    
17:   0.969 0.008 0.013 0.010 1    
18:   0.004 0.984 0.006 0.005 1    
19:   0.952 0.008 0.024 0.016 1    
20:   0.005 0.979 0.008 0.008 1    
21:   0.018 0.955 0.009 0.018 1    
22:   0.049 0.019 0.355 0.577 1    
23:   0.935 0.013 0.019 0.033 1    
24:   0.819 0.033 0.064 0.084 1    
25:   0.270 0.208 0.410 0.112 1    
26:   0.815 0.019 0.077 0.089 1    
27:   0.748 0.009 0.049 0.194 1    
28:   0.011 0.970 0.009 0.010 1    
29:   0.922 0.008 0.011 0.059 1    
30:   0.012 0.968 0.011 0.009 1    
31:   0.325 0.038 0.302 0.335 1    
32:   0.009 0.952 0.022 0.017 1    
33:   0.399 0.009 0.441 0.151 1    
34:   0.937 0.005 0.015 0.043 1    
35:   0.026 0.029 0.828 0.117 1    
36:   0.699 0.008 0.030 0.263 1    
37:   0.011 0.965 0.014 0.010 1    
38:   0.030 0.008 0.223 0.739 1    
39:   0.968 0.004 0.016 0.012 1    
40:   0.772 0.011 0.094 0.122 1    
41:   0.130 0.012 0.557 0.301 1    
42:   0.005 0.983 0.005 0.007 1    
43:   0.509 0.116 0.124 0.251 1    
44:   0.715 0.008 0.164 0.113 1    
45:   0.098 0.006 0.808 0.088 1    
46:   0.965 0.008 0.014 0.013 1    
47:   0.126 0.014 0.260 0.600 1    
48:   0.010 0.960 0.013 0.017 1    
49:   0.974 0.005 0.010 0.012 1    
50:   0.922 0.006 0.049 0.023 1    
51:   0.900 0.006 0.079 0.015 1    
52:   0.963 0.011 0.009 0.018 1    
53:   0.105 0.560 0.181 0.155 1    
54:   0.916 0.015 0.051 0.018 1    
55:   0.044 0.012 0.792 0.152 1    
56:   0.023 0.007 0.812 0.158 1    
57:   0.088 0.011 0.283 0.617 1    
58:   0.006 0.982 0.006 0.006 1    
59:   0.010 0.922 0.011 0.056 1    
60:   0.922 0.009 0.046 0.023 1    
61:   0.963 0.005 0.018 0.013 1    
62:   0.284 0.009 0.546 0.162 1    
63:   0.081 0.005 0.242 0.672 1    
64:   0.754 0.024 0.201 0.021 1    
65:   0.006 0.974 0.010 0.010 1    
66:   0.012 0.953 0.015 0.020 1    
67:   0.053 0.912 0.021 0.014 1    
68:   0.670 0.022 0.256 0.052 1    
69:   0.135 0.007 0.447 0.411 1    
70:   0.566 0.006 0.086 0.342 1    
71:   0.052 0.012 0.723 0.212 1    
72:   0.161 0.029 0.394 0.417 1    
73:   0.010 0.971 0.011 0.008 1    
74:   0.085 0.037 0.440 0.438 1    
75:   0.928 0.005 0.021 0.047 1    
76:   0.007 0.980 0.006 0.007 1    
77:   0.007 0.975 0.008 0.009 1    
78:   0.955 0.014 0.018 0.013 1    
79:   0.017 0.963 0.009 0.011 1    
80:   0.858 0.041 0.089 0.013 1    
81:   0.054 0.005 0.229 0.712 1    
82:   0.921 0.005 0.043 0.031 1    
83:   0.860 0.013 0.114 0.013 1    
84:   0.006 0.977 0.009 0.008 1    
85:   0.119 0.300 0.197 0.384 1    
86:   0.401 0.017 0.103 0.479 1    
87:   0.023 0.007 0.035 0.935 1    
88:   0.551 0.023 0.124 0.301 1    
89:   0.139 0.017 0.454 0.390 1    
90:   0.100 0.010 0.753 0.136 1    
91:   0.069 0.014 0.111 0.806 1    
92:   0.730 0.010 0.018 0.243 1    
93:   0.034 0.008 0.612 0.346 1    
94:   0.014 0.006 0.947 0.033 1    
95:   0.157 0.022 0.100 0.721 1    
96:   0.934 0.033 0.011 0.021 1    
97:   0.897 0.012 0.039 0.052 1    
98:   0.020 0.942 0.017 0.021 1    
99:   0.121 0.054 0.657 0.169 1    
100:  0.047 0.055 0.750 0.148 1    
101:  0.013 0.016 0.703 0.268 1    
102:  0.900 0.005 0.051 0.045 1    
103:  0.153 0.038 0.758 0.051 1    
104:  0.029 0.056 0.826 0.089 1    
105:  0.028 0.012 0.575 0.384 1    
106:  0.016 0.947 0.025 0.012 1    
107:  0.825 0.068 0.080 0.027 1    
108:  0.025 0.008 0.873 0.094 1    
109:  0.900 0.017 0.033 0.050 1    
110:  0.233 0.010 0.054 0.703 1    
111:  0.170 0.510 0.086 0.234 1    
112:  0.145 0.008 0.437 0.410 1    
113:  0.057 0.017 0.144 0.782 1    
114:  0.679 0.073 0.133 0.115 1    
115:  0.044 0.007 0.410 0.539 1    
116:  0.034 0.008 0.203 0.755 1    
117:  0.026 0.005 0.729 0.240 1    
118:  0.015 0.012 0.919 0.053 1    
119:  0.016 0.007 0.247 0.730 1    
120:  0.015 0.029 0.399 0.558 1    
121:  0.025 0.011 0.476 0.488 1    
122:  0.101 0.010 0.168 0.720 1    
123:  0.087 0.009 0.070 0.834 1    
124:  0.020 0.032 0.271 0.678 1    
125:  0.021 0.008 0.500 0.472 1    
126:  0.011 0.007 0.715 0.267 1    
127:  0.017 0.005 0.799 0.180 1    
128:  0.156 0.015 0.225 0.605 1    
129:  0.179 0.009 0.131 0.681 1    
130:  0.146 0.013 0.516 0.326 1    
131:  0.129 0.007 0.545 0.319 1    
132:  0.041 0.018 0.901 0.040 1    
133:  0.015 0.010 0.485 0.490 1    
134:  0.030 0.021 0.475 0.475 1    
135:  0.097 0.006 0.095 0.802 1    
136:  0.075 0.007 0.378 0.540 1    
137:  0.012 0.011 0.023 0.954 1    
138:  0.595 0.009 0.154 0.243 1    
139:  0.018 0.007 0.620 0.354 1    
140:  0.087 0.006 0.136 0.770 1    
141:  0.046 0.009 0.328 0.617 1    
142:  0.033 0.009 0.426 0.532 1    
143:  0.084 0.028 0.598 0.290 1    
144:  0.067 0.005 0.601 0.327 1    
145:  0.020 0.006 0.644 0.330 1    
146:  0.626 0.006 0.059 0.309 1    
147:  0.023 0.008 0.153 0.817 1    
148:  0.068 0.010 0.126 0.796 1    
149:  0.021 0.004 0.665 0.310 1    
150:  0.223 0.015 0.448 0.315 1    
151:  0.115 0.013 0.131 0.742 1    
152:  0.056 0.004 0.140 0.799 1    
153:  0.118 0.016 0.054 0.812 1    
154:  0.029 0.013 0.047 0.911 1    
155:  0.038 0.131 0.302 0.529 1    
156:  0.029 0.009 0.135 0.828 1    
157:  0.015 0.013 0.432 0.539 1    
158:  0.096 0.113 0.542 0.249 1    
159:  0.351 0.140 0.037 0.473 1    
160:  0.400 0.044 0.065 0.490 1    
161:  0.030 0.008 0.015 0.947 1    
162:  0.017 0.006 0.016 0.961 1    
163:  0.011 0.008 0.013 0.968 1    
164:  0.471 0.025 0.230 0.274 1    
165:  0.407 0.032 0.054 0.506 1    
166:  0.251 0.005 0.506 0.239 1    
167:  0.038 0.014 0.163 0.785 1    
168:  0.016 0.005 0.025 0.954 1    
169:  0.451 0.060 0.019 0.470 1    
170:  0.341 0.006 0.128 0.525 1    
171:  0.012 0.006 0.016 0.967 1    
172:  0.074 0.011 0.160 0.756 1    
                 
                 
1:    0.438 0.078 0.170 0.314 1    
2:    0.362 0.135 0.231 0.271 1    
3:    0.008 0.028 0.107 0.858 1    
4:    0.032 0.036 0.064 0.868 1    
5:    0.055 0.025 0.035 0.886 1    
6:    0.036 0.066 0.011 0.887 1    
7:    0.016 0.045 0.040 0.899 1    
8:    0.008 0.051 0.020 0.921 1    
9:    0.180 0.020 0.130 0.670 1    
10:   0.019 0.103 0.045 0.834 1    
11:   0.064 0.051 0.092 0.792 1    
12:   0.032 0.021 0.377 0.570 1    
13:   0.193 0.038 0.110 0.659 1    
14:   0.011 0.266 0.118 0.604 1    
15:   0.022 0.041 0.257 0.680 1    
16:   0.977 0.007 0.008 0.008 1    
17:   0.007 0.011 0.970 0.012 1    
18:   0.985 0.005 0.005 0.006 1    
19:   0.009 0.016 0.955 0.021 1    
20:   0.979 0.008 0.005 0.008 1    
21:   0.955 0.017 0.018 0.009 1    
22:   0.021 0.578 0.045 0.357 1    
23:   0.011 0.027 0.943 0.019 1    
24:   0.029 0.079 0.836 0.056 1    
25:   0.192 0.095 0.269 0.444 1    
26:   0.018 0.081 0.818 0.083 1    
27:   0.008 0.164 0.777 0.052 1    
28:   0.971 0.010 0.010 0.010 1    
29:   0.007 0.052 0.929 0.012 1    
30:   0.969 0.008 0.012 0.011 1    
31:   0.038 0.356 0.323 0.284 1    
32:   0.954 0.016 0.009 0.021 1    
33:   0.008 0.163 0.378 0.450 1    
34:   0.005 0.032 0.948 0.015 1    
35:   0.032 0.174 0.030 0.764 1    
36:   0.008 0.244 0.715 0.033 1    
37:   0.965 0.010 0.010 0.015 1    
38:   0.009 0.780 0.029 0.182 1    
39:   0.004 0.014 0.965 0.017 1    
40:   0.012 0.117 0.775 0.096 1    
41:   0.012 0.314 0.121 0.552 1    
42:   0.983 0.006 0.006 0.005 1    
43:   0.114 0.236 0.522 0.129 1    
44:   0.007 0.110 0.704 0.179 1    
45:   0.005 0.104 0.090 0.801 1    
46:   0.008 0.013 0.964 0.015 1    
47:   0.013 0.627 0.122 0.239 1    
48:   0.959 0.017 0.009 0.014 1    
49:   0.005 0.012 0.973 0.010 1    
50:   0.006 0.023 0.923 0.048 1    
51:   0.006 0.015 0.903 0.076 1    
52:   0.009 0.015 0.966 0.010 1    
53:   0.553 0.140 0.107 0.200 1    
54:   0.014 0.016 0.910 0.060 1    
55:   0.010 0.133 0.038 0.819 1    
56:   0.007 0.188 0.024 0.782 1    
57:   0.011 0.658 0.080 0.252 1    
58:   0.982 0.006 0.006 0.006 1    
59:   0.930 0.050 0.010 0.010 1    
60:   0.009 0.025 0.919 0.047 1    
61:   0.005 0.012 0.965 0.018 1    
62:   0.010 0.180 0.316 0.494 1    
63:   0.004 0.711 0.079 0.206 1    
64:   0.027 0.021 0.735 0.218 1    
65:   0.974 0.010 0.005 0.010 1    
66:   0.952 0.019 0.013 0.016 1    
67:   0.910 0.014 0.054 0.022 1    
68:   0.022 0.049 0.631 0.298 1    
69:   0.008 0.421 0.152 0.420 1    
70:   0.006 0.334 0.566 0.094 1    
71:   0.012 0.261 0.051 0.675 1    
72:   0.028 0.428 0.155 0.388 1    
73:   0.972 0.008 0.010 0.010 1    
74:   0.037 0.409 0.088 0.465 1    
75:   0.005 0.041 0.936 0.018 1    
76:   0.980 0.007 0.008 0.006 1    
77:   0.977 0.008 0.007 0.008 1    
78:   0.013 0.013 0.957 0.016 1    
79:   0.964 0.010 0.017 0.008 1    
80:   0.041 0.013 0.866 0.080 1    
81:   0.004 0.735 0.050 0.210 1    
82:   0.005 0.026 0.928 0.042 1    
83:   0.013 0.013 0.874 0.101 1    
84:   0.978 0.008 0.006 0.008 1    
85:   0.281 0.378 0.108 0.233 1    
86:   0.017 0.464 0.429 0.090 1    
87:   0.007 0.934 0.024 0.035 1    
88:   0.023 0.270 0.581 0.126 1    
89:   0.016 0.409 0.139 0.436 1    
90:   0.009 0.126 0.101 0.765 1    
91:   0.015 0.787 0.071 0.127 1    
92:   0.009 0.232 0.744 0.015 1    
93:   0.007 0.401 0.036 0.556 1    
94:   0.006 0.025 0.014 0.955 1    
95:   0.023 0.720 0.149 0.109 1    
96:   0.032 0.019 0.936 0.013 1    
97:   0.012 0.055 0.898 0.035 1    
98:   0.944 0.020 0.020 0.017 1    
99:   0.053 0.150 0.107 0.690 1    
100:  0.055 0.159 0.051 0.734 1    
101:  0.017 0.315 0.014 0.654 1    
102:  0.005 0.042 0.903 0.050 1    
103:  0.035 0.052 0.165 0.748 1    
104:  0.060 0.131 0.036 0.773 1    
105:  0.012 0.406 0.029 0.553 1    
106:  0.945 0.012 0.018 0.025 1    
107:  0.064 0.033 0.827 0.075 1    
108:  0.007 0.072 0.021 0.900 1    
109:  0.015 0.049 0.895 0.041 1    
110:  0.010 0.705 0.237 0.048 1    
111:  0.510 0.229 0.168 0.093 1    
112:  0.007 0.435 0.134 0.424 1    
113:  0.015 0.772 0.058 0.156 1    
114:  0.068 0.108 0.684 0.140 1    
115:  0.007 0.523 0.048 0.423 1    
116:  0.008 0.755 0.038 0.199 1    
117:  0.004 0.235 0.027 0.733 1    
118:  0.011 0.053 0.015 0.922 1    
119:  0.007 0.739 0.016 0.238 1    
120:  0.028 0.542 0.012 0.418 1    
121:  0.011 0.505 0.021 0.463 1    
122:  0.009 0.734 0.093 0.164 1    
123:  0.009 0.827 0.093 0.071 1    
124:  0.033 0.667 0.019 0.280 1    
125:  0.008 0.468 0.020 0.505 1    
126:  0.007 0.282 0.010 0.701 1    
127:  0.005 0.179 0.015 0.802 1    
128:  0.015 0.558 0.177 0.250 1    
129:  0.010 0.699 0.173 0.118 1    
130:  0.012 0.301 0.140 0.547 1    
131:  0.006 0.316 0.123 0.555 1    
132:  0.017 0.026 0.035 0.922 1    
133:  0.010 0.480 0.016 0.494 1    
134:  0.021 0.473 0.034 0.472 1    
135:  0.006 0.810 0.093 0.090 1    
136:  0.007 0.503 0.071 0.420 1    
137:  0.011 0.955 0.013 0.021 1    
138:  0.008 0.247 0.586 0.159 1    
139:  0.007 0.348 0.016 0.629 1    
140:  0.006 0.744 0.088 0.161 1    
141:  0.009 0.602 0.039 0.351 1    
142:  0.008 0.542 0.033 0.417 1    
143:  0.025 0.287 0.078 0.611 1    
144:  0.005 0.338 0.064 0.594 1    
145:  0.005 0.315 0.020 0.660 1    
146:  0.007 0.318 0.610 0.065 1    
147:  0.008 0.833 0.025 0.134 1    
148:  0.010 0.768 0.074 0.147 1    
149:  0.004 0.316 0.021 0.660 1    
150:  0.014 0.302 0.220 0.464 1    
151:  0.013 0.714 0.124 0.150 1    
152:  0.004 0.793 0.062 0.140 1    
153:  0.015 0.810 0.120 0.054 1    
154:  0.013 0.909 0.028 0.050 1    
155:  0.148 0.511 0.038 0.303 1    
156:  0.009 0.818 0.031 0.142 1    
157:  0.012 0.538 0.013 0.438 1    
158:  0.112 0.251 0.091 0.547 1    
159:  0.156 0.444 0.365 0.036 1    
160:  0.041 0.488 0.406 0.065 1    
161:  0.008 0.950 0.025 0.016 1    
162:  0.006 0.964 0.016 0.014 1    
163:  0.008 0.969 0.010 0.013 1    
164:  0.026 0.281 0.482 0.211 1    
165:  0.031 0.495 0.421 0.053 1    
166:  0.005 0.256 0.246 0.493 1    
167:  0.011 0.801 0.044 0.143 1    
168:  0.005 0.951 0.016 0.027 1    
169:  0.052 0.452 0.478 0.018 1    
170:  0.006 0.521 0.343 0.130 1    
171:  0.006 0.969 0.011 0.015 1    
172:  0.010 0.780 0.067 0.143 1    
