  1:   0.2957  0.1682  0.0924  0.4437  1
  2:   0.2661  0.2324  0.1336  0.3679  1
  3:   0.8485  0.1161  0.0272  0.0082  1
  4:   0.8640  0.0680  0.0358  0.0322  1
  5:   0.8764  0.0394  0.0260  0.0582  1
  6:   0.8772  0.0128  0.0716  0.0384  1
  7:   0.8914  0.0456  0.0468  0.0162  1
  8:   0.9236  0.0204  0.0480  0.0080  1
  9:   0.6490  0.1422  0.0240  0.1848  1
 10:   0.8307  0.0482  0.1016  0.0196  1
 11:   0.7768  0.1018  0.0550  0.0664  1
 12:   0.5500  0.3890  0.0246  0.0364  1
 13:   0.6583  0.1056  0.0412  0.1949  1
 14:   0.6077  0.1166  0.2646  0.0112  1
 15:   0.6711  0.2635  0.0416  0.0238  1
 16:   0.0080  0.0080  0.0074  0.9766  1
 17:   0.0128  0.9690  0.0108  0.0074  1
 18:   0.0060  0.0044  0.0050  0.9846  1
 19:   0.0232  0.9522  0.0158  0.0088  1
 20:   0.0080  0.0050  0.0082  0.9788  1
 21:   0.0094  0.0172  0.0184  0.9550  1
 22:   0.3696  0.0528  0.5580  0.0196  1
 23:   0.0196  0.9370  0.0312  0.0122  1
 24:   0.0592  0.8278  0.0814  0.0316  1
 25:   0.4187  0.2737  0.1004  0.2072  1
 26:   0.0800  0.8101  0.0908  0.0192  1
 27:   0.0530  0.7672  0.1712  0.0086  1
 28:   0.0098  0.0102  0.0100  0.9700  1
 29:   0.0112  0.9254  0.0554  0.0080  1
 30:   0.0110  0.0120  0.0082  0.9688  1
 31:   0.2862  0.3326  0.3422  0.0390  1
 32:   0.0212  0.0094  0.0170  0.9524  1
 33:   0.4572  0.3878  0.1462  0.0088  1
 34:   0.0144  0.9416  0.0390  0.0050  1
 35:   0.7718  0.0302  0.1674  0.0306  1
 36:   0.0310  0.7006  0.2604  0.0080  1
 37:   0.0150  0.0112  0.0102  0.9636  1
 38:   0.2196  0.0304  0.7412  0.0088  1
 39:   0.0168  0.9652  0.0140  0.0040  1
 40:   0.0920  0.7826  0.1136  0.0118  1
 41:   0.5591  0.1282  0.3003  0.0124  1
 42:   0.0052  0.0056  0.0064  0.9828  1
 43:   0.1264  0.5067  0.2516  0.1154  1
 44:   0.1634  0.7207  0.1082  0.0078  1
 45:   0.8042  0.0944  0.0960  0.0054  1
 46:   0.0138  0.9656  0.0124  0.0082  1
 47:   0.2575  0.1286  0.6009  0.0130  1
 48:   0.0132  0.0098  0.0162  0.9608  1
 49:   0.0108  0.9722  0.0120  0.0050  1
 50:   0.0474  0.9234  0.0232  0.0060  1
 51:   0.0754  0.9032  0.0152  0.0062  1
 52:   0.0096  0.9630  0.0170  0.0104  1
 53:   0.1989  0.1068  0.1359  0.5584  1
 54:   0.0534  0.9150  0.0174  0.0142  1
 55:   0.8074  0.0434  0.1380  0.0112  1
 56:   0.8000  0.0230  0.1702  0.0068  1
 57:   0.2729  0.0836  0.6325  0.0110  1
 58:   0.0060  0.0060  0.0064  0.9816  1
 59:   0.0106  0.0110  0.0528  0.9256  1
 60:   0.0436  0.9248  0.0224  0.0092  1
 61:   0.0210  0.9612  0.0128  0.0050  1
 62:   0.5017  0.3053  0.1832  0.0098  1
 63:   0.2238  0.0802  0.6911  0.0048  1
 64:   0.2122  0.7417  0.0202  0.0260  1
 65:   0.0100  0.0058  0.0100  0.9742  1
 66:   0.0160  0.0126  0.0202  0.9512  1
 67:   0.0210  0.0536  0.0144  0.9110  1
 68:   0.2772  0.6498  0.0510  0.0220  1
 69:   0.4417  0.1426  0.4079  0.0078  1
 70:   0.0936  0.5764  0.3239  0.0060  1
 71:   0.6703  0.0528  0.2647  0.0122  1
 72:   0.4033  0.1568  0.4115  0.0284  1
 73:   0.0104  0.0100  0.0082  0.9714  1
 74:   0.4688  0.0854  0.4086  0.0372  1
 75:   0.0192  0.9288  0.0470  0.0050  1
 76:   0.0058  0.0074  0.0070  0.9798  1
 77:   0.0082  0.0074  0.0088  0.9756  1
 78:   0.0168  0.9562  0.0132  0.0138  1
 79:   0.0084  0.0174  0.0110  0.9632  1
 80:   0.0820  0.8648  0.0126  0.0406  1
 81:   0.2356  0.0542  0.7053  0.0048  1
 82:   0.0438  0.9230  0.0286  0.0046  1
 83:   0.1013  0.8715  0.0136  0.0136  1
 84:   0.0086  0.0062  0.0080  0.9772  1
 85:   0.2140  0.1138  0.3854  0.2868  1
 86:   0.0916  0.4196  0.4718  0.0170  1
 87:   0.0354  0.0250  0.9326  0.0070  1
 88:   0.1262  0.5622  0.2874  0.0242  1
 89:   0.4238  0.1414  0.4178  0.0170  1
 90:   0.7672  0.0972  0.1262  0.0094  1
 91:   0.1324  0.0704  0.7822  0.0150  1
 92:   0.0160  0.7425  0.2316  0.0100  1
 93:   0.5830  0.0346  0.3748  0.0076  1
 94:   0.9546  0.0136  0.0258  0.0060  1
 95:   0.1098  0.1498  0.7180  0.0224  1
 96:   0.0122  0.9331  0.0206  0.0340  1
 97:   0.0362  0.9006  0.0506  0.0126  1
 98:   0.0162  0.0196  0.0210  0.9432  1
 99:   0.6820  0.1158  0.1480  0.0542  1
100:   0.7256  0.0506  0.1670  0.0568  1
101:   0.6828  0.0138  0.2866  0.0168  1
102:   0.0496  0.9028  0.0426  0.0050  1
103:   0.7302  0.1704  0.0606  0.0388  1
104:   0.7692  0.0362  0.1324  0.0622  1
105:   0.5603  0.0282  0.3995  0.0120  1
106:   0.0256  0.0162  0.0116  0.9466  1
107:   0.0808  0.8252  0.0292  0.0648  1
108:   0.8942  0.0234  0.0748  0.0076  1
109:   0.0350  0.8996  0.0496  0.0158  1
110:   0.0482  0.2534  0.6884  0.0100  1
111:   0.0878  0.1782  0.2218  0.5121  1
112:   0.4371  0.1438  0.4115  0.0076  1
113:   0.1567  0.0572  0.7693  0.0168  1
114:   0.1262  0.6860  0.1182  0.0696  1
115:   0.4224  0.0468  0.5232  0.0076  1
116:   0.2062  0.0352  0.7505  0.0080  1
117:   0.7524  0.0248  0.2184  0.0044  1
118:   0.9090  0.0168  0.0620  0.0122  1
119:   0.2548  0.0160  0.7222  0.0070  1
120:   0.4015  0.0142  0.5558  0.0286  1
121:   0.4808  0.0234  0.4848  0.0110  1
122:   0.1608  0.0924  0.7373  0.0094  1
123:   0.0678  0.0910  0.8322  0.0090  1
124:   0.2702  0.0184  0.6795  0.0318  1
125:   0.5266  0.0208  0.4444  0.0082  1
126:   0.7291  0.0100  0.2538  0.0070  1
127:   0.8111  0.0156  0.1685  0.0048  1
128:   0.2372  0.1660  0.5815  0.0154  1
129:   0.1162  0.1732  0.7008  0.0098  1
130:   0.5373  0.1366  0.3137  0.0124  1
131:   0.5609  0.1300  0.3023  0.0068  1
132:   0.9100  0.0394  0.0326  0.0180  1
133:   0.4769  0.0152  0.4979  0.0100  1
134:   0.4541  0.0318  0.4927  0.0214  1
135:   0.0921  0.0941  0.8079  0.0060  1
136:   0.3986  0.0760  0.5179  0.0076  1
137:   0.0242  0.0132  0.9516  0.0110  1
138:   0.1600  0.5962  0.2352  0.0086  1
139:   0.6382  0.0166  0.3382  0.0070  1
140:   0.1566  0.0836  0.7536  0.0062  1
141:   0.3476  0.0420  0.6012  0.0092  1
142:   0.4318  0.0334  0.5264  0.0084  1
143:   0.6053  0.0776  0.2903  0.0268  1
144:   0.5995  0.0626  0.3329  0.0050  1
145:   0.6483  0.0204  0.3255  0.0058  1
146:   0.0618  0.6226  0.3088  0.0068  1
147:   0.1444  0.0250  0.8228  0.0078  1
148:   0.1466  0.0676  0.7756  0.0102  1
149:   0.6881  0.0194  0.2882  0.0044  1
150:   0.4529  0.2225  0.3100  0.0146  1
151:   0.1407  0.1171  0.7294  0.0128  1
152:   0.1484  0.0640  0.7830  0.0046  1
153:   0.0510  0.1216  0.8118  0.0156  1
154:   0.0482  0.0276  0.9108  0.0134  1
155:   0.2936  0.0370  0.5280  0.1414  1
156:   0.1470  0.0282  0.8160  0.0088  1
157:   0.4456  0.0138  0.5284  0.0122  1
158:   0.5324  0.0950  0.2597  0.1130  1
159:   0.0374  0.3578  0.4565  0.1483  1
160:   0.0636  0.3959  0.4975  0.0430  1
161:   0.0162  0.0282  0.9474  0.0082  1
162:   0.0148  0.0156  0.9630  0.0066  1
163:   0.0128  0.0100  0.9692  0.0080  1
164:   0.2174  0.4726  0.2848  0.0252  1
165:   0.0522  0.4022  0.5130  0.0326  1
166:   0.4848  0.2603  0.2497  0.0052  1
167:   0.1456  0.0398  0.8020  0.0126  1
168:   0.0270  0.0156  0.9520  0.0054  1
169:   0.0186  0.4532  0.4702  0.0580  1
170:   0.1269  0.3456  0.5215  0.0060  1
171:   0.0160  0.0116  0.9670  0.0054  1
172:   0.1575  0.0652  0.7667  0.0106  1
