           1  1 0.0544 0.0849 0.0982 0.1000 0.0818 0.0592 0.0439 0.0498 0.3866 0.0411 
           2  1 0.0904 0.0389 0.1063 0.1124 0.1085 0.0867 0.0591 0.0727 0.2556 0.0694 
           3  1 0.0822 0.0633 0.2055 0.1990 0.1315 0.1248 0.0256 0.0285 0.0057 0.1339 
           4  1 0.0802 0.0281 0.2295 0.1992 0.1332 0.1321 0.0230 0.0211 0.0143 0.1394 
           5  1 0.0831 0.0269 0.2306 0.2037 0.1345 0.1234 0.0196 0.0234 0.0277 0.1271 
           6  1 0.1136 0.0138 0.2018 0.1797 0.1102 0.1215 0.0438 0.0503 0.0394 0.1261 
           7  1 0.0813 0.0218 0.2217 0.2091 0.1259 0.1302 0.0256 0.0279 0.0098 0.1467 
           8  1 0.0419 0.0612 0.1469 0.3248 0.1677 0.0479 0.0952 0.0617 0.0067 0.0462 
           9  1 0.0850 0.0607 0.1801 0.1975 0.1263 0.1099 0.0356 0.0418 0.0773 0.0859 
          10  1 0.1389 0.0279 0.1510 0.1282 0.1261 0.1292 0.0622 0.0901 0.0180 0.1284 
          11  1 0.0478 0.0727 0.1233 0.3186 0.1687 0.0473 0.0725 0.0708 0.0384 0.0399 
          12  1 0.0375 0.1193 0.1160 0.3225 0.1580 0.0487 0.0815 0.0667 0.0276 0.0220 
          13  1 0.0743 0.0651 0.1299 0.1927 0.1398 0.0746 0.0551 0.0604 0.1607 0.0474 
          14  1 0.1333 0.0902 0.1362 0.0796 0.1144 0.1223 0.0804 0.0855 0.0101 0.1479 
          15  1 0.0667 0.2289 0.1477 0.1618 0.1179 0.0913 0.0521 0.0500 0.0202 0.0635 
          16  1 0.0086 0.0072 0.0077 0.0082 0.0083 0.0074 0.0066 0.0076 0.9309 0.0075 
          17  1 0.0208 0.7449 0.0174 0.0336 0.0184 0.1107 0.0153 0.0156 0.0092 0.0141 
          18  1 0.0046 0.0038 0.0053 0.0057 0.0048 0.0053 0.0046 0.0048 0.9557 0.0052 
          19  1 0.0420 0.5331 0.0457 0.0814 0.0724 0.1096 0.0315 0.0383 0.0096 0.0364 
          20  1 0.0068 0.0049 0.0072 0.0063 0.0066 0.0067 0.0077 0.0072 0.9392 0.0073 
          21  1 0.0144 0.0115 0.0128 0.0114 0.0131 0.0147 0.0160 0.0167 0.8752 0.0142 
          22  1 0.1552 0.0264 0.1122 0.1438 0.1180 0.1080 0.0909 0.1082 0.0144 0.1229 
          23  1 0.1049 0.2722 0.0590 0.1089 0.0910 0.1613 0.0698 0.0611 0.0104 0.0612 
          24  1 0.1026 0.2466 0.0805 0.0834 0.0935 0.1369 0.0646 0.0815 0.0276 0.0828 
          25  1 0.1357 0.0638 0.1033 0.1446 0.1293 0.0786 0.0762 0.0890 0.1132 0.0664 
          26  1 0.0885 0.2745 0.0841 0.0679 0.0857 0.1295 0.0595 0.0811 0.0211 0.1082 
          27  1 0.1284 0.1607 0.0867 0.0750 0.1135 0.1142 0.1022 0.1153 0.0069 0.0971 
          28  1 0.0118 0.0083 0.0105 0.0100 0.0103 0.0105 0.0104 0.0101 0.9067 0.0113 
          29  1 0.0857 0.1865 0.0815 0.0974 0.1192 0.1876 0.0692 0.0785 0.0077 0.0866 
          30  1 0.0108 0.0121 0.0116 0.0095 0.0108 0.0109 0.0071 0.0089 0.9077 0.0106 
          31  1 0.1630 0.0318 0.1148 0.1081 0.1284 0.1269 0.0847 0.1125 0.0206 0.1092 
          32  1 0.0173 0.0075 0.0184 0.0215 0.0172 0.0161 0.0162 0.0169 0.8530 0.0158 
          33  1 0.0854 0.0757 0.1336 0.1859 0.1358 0.1111 0.0826 0.0912 0.0072 0.0917 
          34  1 0.0593 0.4495 0.0278 0.0757 0.0704 0.1426 0.0740 0.0451 0.0049 0.0507 
          35  1 0.1223 0.0222 0.2475 0.1443 0.1208 0.1153 0.0324 0.0286 0.0152 0.1515 
          36  1 0.0951 0.1482 0.0809 0.0856 0.0983 0.1545 0.1109 0.1207 0.0066 0.0992 
          37  1 0.0113 0.0094 0.0128 0.0148 0.0121 0.0117 0.0097 0.0104 0.8969 0.0110 
          38  1 0.1872 0.0118 0.1364 0.0223 0.1145 0.1351 0.0880 0.1083 0.0062 0.1902 
          39  1 0.0125 0.7933 0.0107 0.0257 0.0144 0.1094 0.0098 0.0101 0.0034 0.0108 
          40  1 0.1355 0.0868 0.1038 0.0956 0.1399 0.1896 0.0422 0.0870 0.0088 0.1109 
          41  1 0.1417 0.0619 0.1218 0.0859 0.1225 0.1129 0.1038 0.1012 0.0093 0.1390 
          42  1 0.0052 0.0046 0.0059 0.0051 0.0052 0.0052 0.0057 0.0056 0.9519 0.0057 
          43  1 0.1291 0.0795 0.0815 0.1004 0.1147 0.1333 0.1047 0.1081 0.0562 0.0923 
          44  1 0.0450 0.5268 0.0495 0.0609 0.0489 0.1129 0.0393 0.0491 0.0066 0.0610 
          45  1 0.0988 0.1176 0.1484 0.1365 0.1217 0.1017 0.0848 0.0780 0.0049 0.1075 
          46  1 0.0323 0.7068 0.0206 0.0411 0.0281 0.0973 0.0149 0.0220 0.0062 0.0306 
          47  1 0.1966 0.0189 0.1060 0.0837 0.1187 0.1299 0.0825 0.1227 0.0083 0.1327 
          48  1 0.0132 0.0078 0.0135 0.0146 0.0135 0.0112 0.0124 0.0162 0.8841 0.0136 
          49  1 0.0468 0.5551 0.0135 0.0753 0.0590 0.1438 0.0540 0.0175 0.0041 0.0309 
          50  1 0.0421 0.5628 0.0526 0.0685 0.0451 0.1228 0.0314 0.0281 0.0057 0.0408 
          51  1 0.0299 0.6905 0.0256 0.0505 0.0294 0.1022 0.0172 0.0241 0.0055 0.0251 
          52  1 0.0561 0.4791 0.0208 0.0860 0.0655 0.1479 0.0621 0.0315 0.0109 0.0401 
          53  1 0.0577 0.0323 0.0573 0.0791 0.0708 0.0459 0.0620 0.0678 0.4801 0.0471 
          54  1 0.0352 0.6013 0.0433 0.0678 0.0317 0.1293 0.0254 0.0269 0.0116 0.0274 
          55  1 0.1706 0.0310 0.1431 0.0933 0.1338 0.1268 0.0684 0.1016 0.0087 0.1226 
          56  1 0.1755 0.0244 0.1633 0.0769 0.1124 0.1269 0.0613 0.0830 0.0051 0.1710 
          57  1 0.1466 0.0371 0.1172 0.0547 0.1091 0.1304 0.1044 0.0978 0.0089 0.1939 
          58  1 0.0064 0.0048 0.0056 0.0054 0.0055 0.0058 0.0060 0.0055 0.9494 0.0056 
          59  1 0.0158 0.0092 0.0125 0.0113 0.0154 0.0156 0.0387 0.0426 0.8153 0.0236 
          60  1 0.0552 0.5119 0.0613 0.0672 0.0621 0.1078 0.0334 0.0439 0.0104 0.0468 
          61  1 0.0112 0.7805 0.0155 0.0315 0.0142 0.1046 0.0113 0.0123 0.0044 0.0146 
          62  1 0.1253 0.0902 0.1591 0.1000 0.1147 0.1300 0.0723 0.0876 0.0079 0.1128 
          63  1 0.1191 0.0526 0.1155 0.0549 0.1014 0.1158 0.1601 0.1193 0.0041 0.1571 
          64  1 0.0436 0.1303 0.1101 0.2883 0.1588 0.0627 0.0758 0.0702 0.0199 0.0403 
          65  1 0.0142 0.0056 0.0123 0.0093 0.0138 0.0109 0.0094 0.0122 0.9007 0.0117 
          66  1 0.0167 0.0096 0.0165 0.0134 0.0156 0.0147 0.0170 0.0164 0.8635 0.0165 
          67  1 0.0304 0.0468 0.0245 0.0217 0.0235 0.0279 0.0125 0.0198 0.7721 0.0207 
          68  1 0.0886 0.2837 0.0920 0.1220 0.0999 0.1158 0.0493 0.0650 0.0168 0.0669 
          69  1 0.1709 0.0269 0.1333 0.0363 0.1203 0.1325 0.0737 0.1114 0.0056 0.1892 
          70  1 0.1339 0.0589 0.1105 0.0955 0.1269 0.1320 0.1051 0.1281 0.0046 0.1046 
          71  1 0.1120 0.0301 0.2303 0.1363 0.1318 0.1181 0.0417 0.0443 0.0068 0.1486 
          72  1 0.1574 0.0383 0.1268 0.0595 0.1196 0.1142 0.0822 0.1138 0.0178 0.1704 
          73  1 0.0094 0.0104 0.0104 0.0087 0.0102 0.0091 0.0064 0.0080 0.9186 0.0088 
          74  1 0.0889 0.0527 0.1188 0.2007 0.1380 0.0904 0.1001 0.1100 0.0271 0.0733 
          75  1 0.0770 0.4273 0.0504 0.0647 0.0734 0.1374 0.0512 0.0546 0.0039 0.0600 
          76  1 0.0068 0.0073 0.0059 0.0057 0.0061 0.0058 0.0065 0.0066 0.9431 0.0061 
          77  1 0.0088 0.0063 0.0085 0.0076 0.0086 0.0085 0.0078 0.0085 0.9267 0.0087 
          78  1 0.0376 0.6737 0.0224 0.0388 0.0267 0.1236 0.0205 0.0191 0.0145 0.0231 
          79  1 0.0122 0.0166 0.0090 0.0095 0.0102 0.0131 0.0105 0.0107 0.8975 0.0107 
          80  1 0.0670 0.2042 0.0783 0.2079 0.1363 0.1115 0.0812 0.0470 0.0297 0.0370 
          81  1 0.1765 0.0210 0.1236 0.0218 0.1152 0.1227 0.0909 0.1240 0.0039 0.2004 
          82  1 0.0573 0.4908 0.0399 0.0646 0.0655 0.1317 0.0582 0.0421 0.0044 0.0456 
          83  1 0.0546 0.5006 0.0614 0.0827 0.0606 0.1265 0.0304 0.0338 0.0123 0.0372 
          84  1 0.0073 0.0047 0.0077 0.0078 0.0077 0.0073 0.0071 0.0072 0.9352 0.0081 
          85  1 0.1390 0.0339 0.0914 0.0736 0.1012 0.0929 0.0887 0.1266 0.1474 0.1053 
          86  1 0.1674 0.0478 0.1063 0.0744 0.1179 0.1474 0.0748 0.1326 0.0100 0.1214 
          87  1 0.1170 0.0166 0.0775 0.0356 0.0829 0.0981 0.1902 0.1926 0.0070 0.1826 
          88  1 0.1307 0.0645 0.0784 0.1146 0.1091 0.1276 0.1326 0.1286 0.0140 0.0999 
          89  1 0.1131 0.0242 0.1545 0.0910 0.1069 0.1199 0.1139 0.1044 0.0130 0.1591 
          90  1 0.0949 0.0975 0.1295 0.1919 0.1355 0.0899 0.0863 0.0855 0.0080 0.0812 
          91  1 0.1367 0.0337 0.1035 0.0550 0.1121 0.1167 0.1324 0.1577 0.0117 0.1404 
          92  1 0.1305 0.1438 0.0713 0.0472 0.1079 0.1260 0.1058 0.1356 0.0079 0.1239 
          93  1 0.1891 0.0081 0.1556 0.0478 0.1193 0.1276 0.0574 0.0898 0.0053 0.1999 
          94  1 0.0255 0.0805 0.1212 0.3690 0.1844 0.0209 0.1082 0.0627 0.0063 0.0214 
          95  1 0.1799 0.0293 0.0890 0.0733 0.1116 0.1229 0.1228 0.1469 0.0129 0.1114 
          96  1 0.0498 0.5555 0.0236 0.0518 0.0405 0.1219 0.0454 0.0288 0.0477 0.0350 
          97  1 0.1015 0.2243 0.0833 0.1056 0.1096 0.1577 0.0618 0.0682 0.0110 0.0770 
          98  1 0.0206 0.0135 0.0176 0.0174 0.0195 0.0175 0.0183 0.0177 0.8394 0.0184 
          99  1 0.0653 0.0623 0.1155 0.2999 0.1732 0.0572 0.0767 0.0859 0.0253 0.0389 
         100  1 0.1187 0.0310 0.1872 0.1117 0.1297 0.1179 0.0717 0.0769 0.0361 0.1192 
         101  1 0.1790 0.0112 0.1666 0.0736 0.1089 0.1307 0.0571 0.0831 0.0097 0.1801 
         102  1 0.0465 0.5914 0.0366 0.0438 0.0387 0.1100 0.0367 0.0420 0.0048 0.0494 
         103  1 0.1548 0.0594 0.1462 0.1055 0.1256 0.1235 0.0518 0.1043 0.0264 0.1025 
         104  1 0.1189 0.0235 0.2498 0.1517 0.1209 0.1186 0.0270 0.0221 0.0242 0.1433 
         105  1 0.1360 0.0265 0.1368 0.0890 0.1198 0.1315 0.0983 0.0939 0.0113 0.1570 
         106  1 0.0168 0.0131 0.0194 0.0220 0.0187 0.0167 0.0121 0.0142 0.8526 0.0144 
         107  1 0.1127 0.1035 0.1074 0.1299 0.1290 0.1526 0.0663 0.0692 0.0530 0.0763 
         108  1 0.0959 0.0615 0.1206 0.2453 0.1688 0.0655 0.0848 0.0954 0.0066 0.0556 
         109  1 0.0938 0.3163 0.0508 0.0931 0.0941 0.1376 0.0812 0.0634 0.0133 0.0564 
         110  1 0.1525 0.0197 0.0972 0.0229 0.1055 0.1041 0.1513 0.1785 0.0067 0.1617 
         111  1 0.0845 0.0245 0.0633 0.0427 0.0713 0.0593 0.0741 0.0938 0.4126 0.0737 
         112  1 0.1620 0.0278 0.1224 0.0685 0.1157 0.1425 0.0790 0.0880 0.0060 0.1882 
         113  1 0.1399 0.0189 0.0934 0.0774 0.0915 0.0962 0.1681 0.1746 0.0133 0.1265 
         114  1 0.0940 0.2556 0.0840 0.0827 0.0827 0.1140 0.0675 0.0775 0.0565 0.0854 
         115  1 0.1158 0.0328 0.1179 0.1051 0.1199 0.1119 0.1335 0.1062 0.0064 0.1504 
         116  1 0.0808 0.0172 0.0903 0.0457 0.0821 0.0755 0.2748 0.1635 0.0057 0.1645 
         117  1 0.0571 0.0681 0.1212 0.2571 0.1581 0.0688 0.1166 0.0769 0.0037 0.0726 
         118  1 0.2318 0.0197 0.1165 0.1173 0.1358 0.1109 0.0488 0.1185 0.0105 0.0901 
         119  1 0.1107 0.0173 0.1184 0.0569 0.0859 0.0979 0.1895 0.1501 0.0059 0.1673 
         120  1 0.0953 0.0133 0.1069 0.0671 0.1035 0.0723 0.2482 0.1407 0.0218 0.1308 
         121  1 0.1252 0.0341 0.1333 0.1206 0.1130 0.1111 0.1134 0.1037 0.0090 0.1365 
         122  1 0.1008 0.0260 0.0970 0.0662 0.1039 0.1081 0.1806 0.1426 0.0080 0.1668 
         123  1 0.0944 0.0406 0.0836 0.0504 0.0860 0.1056 0.1927 0.1609 0.0081 0.1777 
         124  1 0.1111 0.0163 0.0943 0.0649 0.0844 0.0687 0.2100 0.1976 0.0214 0.1313 
         125  1 0.0952 0.0505 0.1194 0.1990 0.1390 0.0955 0.1129 0.0954 0.0059 0.0872 
         126  1 0.1304 0.0332 0.1596 0.1350 0.1244 0.1089 0.0928 0.0713 0.0064 0.1379 
         127  1 0.0360 0.0719 0.1243 0.3471 0.1618 0.0296 0.1335 0.0614 0.0035 0.0309 
         128  1 0.1661 0.0266 0.1174 0.0717 0.1451 0.1664 0.0709 0.1112 0.0093 0.1154 
         129  1 0.1098 0.0413 0.0900 0.0486 0.0924 0.1088 0.1482 0.1792 0.0076 0.1741 
         130  1 0.0977 0.0802 0.1165 0.1656 0.1358 0.0902 0.1190 0.0987 0.0094 0.0869 
         131  1 0.0943 0.1702 0.0986 0.1154 0.1091 0.1060 0.1128 0.1067 0.0061 0.0808 
         132  1 0.0470 0.0801 0.1193 0.3258 0.1923 0.0352 0.0833 0.0751 0.0133 0.0285 
         133  1 0.1387 0.0167 0.1203 0.0624 0.0984 0.0888 0.1922 0.1432 0.0081 0.1311 
         134  1 0.1148 0.0234 0.1253 0.0641 0.1143 0.0860 0.2022 0.1408 0.0123 0.1166 
         135  1 0.0954 0.0331 0.0903 0.0557 0.0879 0.1104 0.1864 0.1620 0.0054 0.1735 
         136  1 0.1029 0.0482 0.1131 0.0805 0.1160 0.0982 0.2007 0.1221 0.0062 0.1122 
         137  1 0.0378 0.0087 0.0277 0.0206 0.0235 0.0378 0.3382 0.3335 0.0085 0.1637 
         138  1 0.1230 0.1387 0.0992 0.0886 0.1141 0.1375 0.0934 0.1054 0.0075 0.0925 
         139  1 0.0492 0.0624 0.1235 0.2913 0.1447 0.0501 0.1477 0.0731 0.0056 0.0523 
         140  1 0.0916 0.0227 0.0675 0.0557 0.0852 0.1144 0.2259 0.1712 0.0048 0.1609 
         141  1 0.1076 0.0362 0.1011 0.1202 0.1219 0.1032 0.1627 0.1173 0.0074 0.1223 
         142  1 0.1426 0.0254 0.1292 0.0903 0.1076 0.1243 0.1165 0.0907 0.0074 0.1660 
         143  1 0.1275 0.0341 0.1529 0.1107 0.1205 0.1160 0.0846 0.0974 0.0196 0.1367 
         144  1 0.0923 0.0520 0.1360 0.1741 0.1268 0.0824 0.1623 0.0915 0.0043 0.0783 
         145  1 0.1171 0.0361 0.1286 0.1110 0.1318 0.0923 0.1711 0.1031 0.0054 0.1036 
         146  1 0.1061 0.1457 0.0906 0.0719 0.1047 0.1422 0.0905 0.1120 0.0057 0.1307 
         147  1 0.1186 0.0184 0.1078 0.0518 0.0941 0.1202 0.1852 0.1188 0.0062 0.1789 
         148  1 0.1003 0.0260 0.0946 0.0763 0.1002 0.1173 0.1890 0.1344 0.0090 0.1529 
         149  1 0.0497 0.0664 0.1186 0.2934 0.1525 0.0476 0.1401 0.0788 0.0035 0.0494 
         150  1 0.0953 0.1079 0.1205 0.1051 0.1149 0.0984 0.1482 0.1089 0.0122 0.0886 
         151  1 0.1003 0.0662 0.0895 0.0595 0.0965 0.0914 0.1920 0.1566 0.0112 0.1369 
         152  1 0.1369 0.0408 0.0886 0.0519 0.1016 0.1072 0.1441 0.1590 0.0038 0.1662 
         153  1 0.0821 0.0373 0.0700 0.0521 0.0792 0.0859 0.1981 0.2344 0.0126 0.1484 
         154  1 0.0895 0.0145 0.0498 0.0362 0.0698 0.0800 0.2400 0.2539 0.0111 0.1553 
         155  1 0.1543 0.0171 0.1073 0.0577 0.1284 0.0705 0.1652 0.1472 0.0486 0.1036 
         156  1 0.0801 0.0157 0.0771 0.0546 0.0827 0.0783 0.2812 0.1605 0.0072 0.1625 
         157  1 0.0926 0.0247 0.1198 0.0974 0.1089 0.0868 0.2213 0.1231 0.0103 0.1149 
         158  1 0.1749 0.0377 0.1119 0.0949 0.1111 0.1150 0.0769 0.1121 0.0636 0.1017 
         159  1 0.1099 0.0188 0.1090 0.0786 0.1169 0.1715 0.0896 0.1259 0.0641 0.1157 
         160  1 0.1229 0.0232 0.1116 0.0743 0.1184 0.1732 0.0960 0.1276 0.0244 0.1285 
         161  1 0.0389 0.0143 0.0184 0.0184 0.0190 0.0356 0.3419 0.3472 0.0066 0.1596 
         162  1 0.0515 0.0166 0.0341 0.0207 0.0362 0.0494 0.3160 0.3229 0.0055 0.1471 
         163  1 0.0332 0.0076 0.0177 0.0119 0.0192 0.0308 0.3505 0.3622 0.0072 0.1597 
         164  1 0.1005 0.0828 0.1081 0.0922 0.1142 0.1291 0.1328 0.0927 0.0193 0.1283 
         165  1 0.1016 0.0496 0.0769 0.0758 0.0978 0.1203 0.1778 0.1397 0.0189 0.1415 
         166  1 0.1441 0.0905 0.1112 0.0869 0.1126 0.1101 0.0906 0.1275 0.0045 0.1220 
         167  1 0.0921 0.0144 0.1084 0.0574 0.0924 0.1063 0.2227 0.1231 0.0091 0.1742 
         168  1 0.0470 0.0138 0.0419 0.0281 0.0420 0.0454 0.2999 0.3154 0.0052 0.1614 
         169  1 0.0726 0.1218 0.0446 0.0526 0.0541 0.0853 0.2065 0.2181 0.0348 0.1097 
         170  1 0.1049 0.0485 0.1082 0.0711 0.1126 0.1322 0.1579 0.1189 0.0049 0.1409 
         171  1 0.0350 0.0079 0.0224 0.0202 0.0261 0.0389 0.3343 0.3485 0.0050 0.1617 
         172  1 0.1097 0.0198 0.1047 0.0561 0.1020 0.1126 0.1966 0.1245 0.0082 0.1658 
