           1  1 0.4383 0.0780 0.1698 0.3138 
           2  1 0.3624 0.1354 0.2311 0.2711 
           3  1 0.0077 0.0276 0.1069 0.8578 
           4  1 0.0318 0.0358 0.0642 0.8682 
           5  1 0.0546 0.0247 0.0352 0.8855 
           6  1 0.0360 0.0658 0.0114 0.8867 
           7  1 0.0162 0.0451 0.0400 0.8988 
           8  1 0.0078 0.0513 0.0202 0.9207 
           9  1 0.1804 0.0200 0.1299 0.6696 
          10  1 0.0186 0.1026 0.0452 0.8335 
          11  1 0.0640 0.0512 0.0924 0.7924 
          12  1 0.0320 0.0211 0.3770 0.5698 
          13  1 0.1926 0.0385 0.1098 0.6591 
          14  1 0.0107 0.2665 0.1183 0.6045 
          15  1 0.0215 0.0411 0.2574 0.6801 
          16  1 0.9773 0.0069 0.0079 0.0079 
          17  1 0.0068 0.0113 0.9699 0.0120 
          18  1 0.9852 0.0047 0.0045 0.0056 
          19  1 0.0085 0.0155 0.9546 0.0214 
          20  1 0.9788 0.0082 0.0053 0.0077 
          21  1 0.9552 0.0174 0.0181 0.0093 
          22  1 0.0205 0.5780 0.0448 0.3567 
          23  1 0.0113 0.0267 0.9431 0.0189 
          24  1 0.0292 0.0792 0.8356 0.0559 
          25  1 0.1925 0.0946 0.2693 0.4437 
          26  1 0.0184 0.0815 0.8177 0.0825 
          27  1 0.0077 0.1640 0.7766 0.0517 
          28  1 0.9705 0.0096 0.0101 0.0098 
          29  1 0.0074 0.0516 0.9292 0.0119 
          30  1 0.9686 0.0081 0.0120 0.0113 
          31  1 0.0376 0.3556 0.3231 0.2837 
          32  1 0.9540 0.0161 0.0093 0.0206 
          33  1 0.0084 0.1631 0.3782 0.4503 
          34  1 0.0051 0.0317 0.9480 0.0153 
          35  1 0.0320 0.1735 0.0303 0.7642 
          36  1 0.0077 0.2444 0.7145 0.0334 
          37  1 0.9645 0.0099 0.0103 0.0153 
          38  1 0.0089 0.7800 0.0292 0.1819 
          39  1 0.0038 0.0144 0.9649 0.0169 
          40  1 0.0117 0.1172 0.7753 0.0959 
          41  1 0.0120 0.3144 0.1215 0.5521 
          42  1 0.9830 0.0061 0.0057 0.0052 
          43  1 0.1137 0.2357 0.5220 0.1285 
          44  1 0.0072 0.1096 0.7043 0.1790 
          45  1 0.0051 0.1045 0.0896 0.8008 
          46  1 0.0081 0.0126 0.9639 0.0154 
          47  1 0.0127 0.6267 0.1219 0.2387 
          48  1 0.9592 0.0172 0.0094 0.0142 
          49  1 0.0053 0.0116 0.9733 0.0098 
          50  1 0.0058 0.0227 0.9232 0.0483 
          51  1 0.0062 0.0147 0.9030 0.0761 
          52  1 0.0092 0.0154 0.9658 0.0095 
          53  1 0.5533 0.1398 0.1071 0.1998 
          54  1 0.0142 0.0164 0.9096 0.0598 
          55  1 0.0101 0.1329 0.0379 0.8191 
          56  1 0.0068 0.1876 0.0236 0.7820 
          57  1 0.0105 0.6575 0.0799 0.2520 
          58  1 0.9822 0.0059 0.0057 0.0062 
          59  1 0.9295 0.0500 0.0102 0.0102 
          60  1 0.0093 0.0247 0.9188 0.0471 
          61  1 0.0050 0.0120 0.9649 0.0181 
          62  1 0.0100 0.1801 0.3158 0.4941 
          63  1 0.0045 0.7111 0.0787 0.2057 
          64  1 0.0267 0.0208 0.7348 0.2177 
          65  1 0.9742 0.0101 0.0055 0.0103 
          66  1 0.9521 0.0190 0.0127 0.0162 
          67  1 0.9104 0.0136 0.0544 0.0216 
          68  1 0.0216 0.0493 0.6313 0.2979 
          69  1 0.0075 0.4212 0.1518 0.4195 
          70  1 0.0060 0.3343 0.5655 0.0942 
          71  1 0.0122 0.2614 0.0512 0.6752 
          72  1 0.0285 0.4284 0.1555 0.3876 
          73  1 0.9724 0.0077 0.0096 0.0102 
          74  1 0.0374 0.4091 0.0881 0.4654 
          75  1 0.0046 0.0409 0.9362 0.0183 
          76  1 0.9798 0.0068 0.0075 0.0059 
          77  1 0.9768 0.0081 0.0074 0.0077 
          78  1 0.0133 0.0134 0.9571 0.0162 
          79  1 0.9640 0.0102 0.0175 0.0083 
          80  1 0.0411 0.0127 0.8664 0.0797 
          81  1 0.0044 0.7353 0.0502 0.2100 
          82  1 0.0046 0.0258 0.9280 0.0416 
          83  1 0.0127 0.0127 0.8741 0.1005 
          84  1 0.9784 0.0076 0.0056 0.0084 
          85  1 0.2808 0.3785 0.1081 0.2327 
          86  1 0.0166 0.4639 0.4293 0.0902 
          87  1 0.0067 0.9343 0.0241 0.0348 
          88  1 0.0233 0.2701 0.5807 0.1259 
          89  1 0.0161 0.4095 0.1386 0.4358 
          90  1 0.0092 0.1255 0.1005 0.7647 
          91  1 0.0152 0.7870 0.0706 0.1273 
          92  1 0.0094 0.2315 0.7440 0.0151 
          93  1 0.0073 0.4013 0.0357 0.5557 
          94  1 0.0062 0.0252 0.0139 0.9548 
          95  1 0.0226 0.7200 0.1487 0.1087 
          96  1 0.0320 0.0185 0.9364 0.0130 
          97  1 0.0120 0.0552 0.8976 0.0351 
          98  1 0.9441 0.0195 0.0195 0.0169 
          99  1 0.0530 0.1500 0.1066 0.6903 
         100  1 0.0555 0.1590 0.0512 0.7343 
         101  1 0.0172 0.3148 0.0141 0.6539 
         102  1 0.0048 0.0420 0.9030 0.0502 
         103  1 0.0355 0.0522 0.1646 0.7477 
         104  1 0.0600 0.1313 0.0356 0.7731 
         105  1 0.0118 0.4060 0.0295 0.5527 
         106  1 0.9455 0.0118 0.0176 0.0251 
         107  1 0.0645 0.0332 0.8269 0.0754 
         108  1 0.0075 0.0715 0.0209 0.9001 
         109  1 0.0153 0.0488 0.8949 0.0410 
         110  1 0.0096 0.7053 0.2371 0.0480 
         111  1 0.5100 0.2288 0.1678 0.0934 
         112  1 0.0070 0.4355 0.1335 0.4240 
         113  1 0.0151 0.7716 0.0575 0.1557 
         114  1 0.0682 0.1083 0.6837 0.1399 
         115  1 0.0071 0.5228 0.0475 0.4226 
         116  1 0.0079 0.7547 0.0379 0.1995 
         117  1 0.0044 0.2354 0.0270 0.7332 
         118  1 0.0105 0.0530 0.0149 0.9217 
         119  1 0.0065 0.7392 0.0159 0.2384 
         120  1 0.0278 0.5418 0.0121 0.4183 
         121  1 0.0112 0.5050 0.0212 0.4626 
         122  1 0.0093 0.7337 0.0928 0.1642 
         123  1 0.0093 0.8275 0.0925 0.0707 
         124  1 0.0328 0.6675 0.0193 0.2804 
         125  1 0.0075 0.4680 0.0198 0.5047 
         126  1 0.0073 0.2817 0.0097 0.7013 
         127  1 0.0045 0.1785 0.0152 0.8018 
         128  1 0.0151 0.5577 0.1770 0.2502 
         129  1 0.0100 0.6991 0.1726 0.1183 
         130  1 0.0118 0.3010 0.1403 0.5469 
         131  1 0.0064 0.3157 0.1226 0.5553 
         132  1 0.0169 0.0257 0.0351 0.9223 
         133  1 0.0098 0.4801 0.0158 0.4943 
         134  1 0.0207 0.4733 0.0337 0.4722 
         135  1 0.0062 0.8101 0.0934 0.0903 
         136  1 0.0073 0.5026 0.0705 0.4195 
         137  1 0.0106 0.9554 0.0130 0.0211 
         138  1 0.0078 0.2470 0.5865 0.1586 
         139  1 0.0066 0.3485 0.0155 0.6293 
         140  1 0.0064 0.7441 0.0883 0.1611 
         141  1 0.0086 0.6017 0.0391 0.3506 
         142  1 0.0080 0.5419 0.0329 0.4172 
         143  1 0.0248 0.2866 0.0777 0.6109 
         144  1 0.0046 0.3376 0.0636 0.5942 
         145  1 0.0054 0.3147 0.0199 0.6601 
         146  1 0.0068 0.3180 0.6101 0.0650 
         147  1 0.0078 0.8331 0.0254 0.1337 
         148  1 0.0105 0.7684 0.0738 0.1474 
         149  1 0.0044 0.3155 0.0205 0.6595 
         150  1 0.0143 0.3018 0.2203 0.4636 
         151  1 0.0125 0.7135 0.1238 0.1502 
         152  1 0.0045 0.7933 0.0619 0.1403 
         153  1 0.0152 0.8103 0.1205 0.0541 
         154  1 0.0127 0.9092 0.0277 0.0504 
         155  1 0.1483 0.5106 0.0381 0.3030 
         156  1 0.0089 0.8176 0.0311 0.1424 
         157  1 0.0116 0.5380 0.0126 0.4378 
         158  1 0.1118 0.2510 0.0907 0.5465 
         159  1 0.1558 0.4436 0.3647 0.0359 
         160  1 0.0415 0.4879 0.4055 0.0650 
         161  1 0.0078 0.9505 0.0252 0.0165 
         162  1 0.0064 0.9641 0.0158 0.0137 
         163  1 0.0076 0.9690 0.0101 0.0133 
         164  1 0.0256 0.2809 0.4825 0.2111 
         165  1 0.0310 0.4954 0.4210 0.0527 
         166  1 0.0052 0.2556 0.2463 0.4929 
         167  1 0.0114 0.8014 0.0443 0.1429 
         168  1 0.0055 0.9512 0.0160 0.0273 
         169  1 0.0519 0.4516 0.4785 0.0180 
         170  1 0.0061 0.5207 0.3434 0.1298 
         171  1 0.0055 0.9692 0.0106 0.0147 
         172  1 0.0102 0.7797 0.0669 0.1432 
