           1  1 0.1250 0.1888 0.1277 0.4346 0.1239 
           2  1 0.1747 0.2187 0.1381 0.3410 0.1275 
           3  1 0.4367 0.1708 0.0700 0.0072 0.3153 
           4  1 0.4667 0.1448 0.0293 0.0229 0.3364 
           5  1 0.4452 0.1547 0.0222 0.0490 0.3289 
           6  1 0.4647 0.1332 0.0089 0.0376 0.3555 
           7  1 0.4682 0.1498 0.0233 0.0125 0.3461 
           8  1 0.2153 0.5437 0.0155 0.0077 0.2177 
           9  1 0.2921 0.2223 0.1012 0.1566 0.2277 
          10  1 0.4292 0.1982 0.0355 0.0183 0.3188 
          11  1 0.2187 0.4789 0.0498 0.0509 0.2018 
          12  1 0.1610 0.4240 0.2304 0.0344 0.1502 
          13  1 0.2059 0.3377 0.0742 0.1988 0.1834 
          14  1 0.3786 0.2352 0.0817 0.0104 0.2941 
          15  1 0.2857 0.2549 0.2002 0.0239 0.2354 
          16  1 0.0083 0.0068 0.0075 0.9697 0.0077 
          17  1 0.0118 0.0135 0.9577 0.0065 0.0105 
          18  1 0.0055 0.0057 0.0042 0.9795 0.0052 
          19  1 0.0226 0.0494 0.8984 0.0088 0.0209 
          20  1 0.0074 0.0079 0.0052 0.9715 0.0080 
          21  1 0.0139 0.0118 0.0171 0.9412 0.0162 
          22  1 0.2942 0.4078 0.0271 0.0180 0.2529 
          23  1 0.0391 0.0251 0.8902 0.0124 0.0332 
          24  1 0.1108 0.0511 0.7091 0.0373 0.0916 
          25  1 0.1658 0.2847 0.1833 0.1895 0.1768 
          26  1 0.1489 0.0824 0.6492 0.0223 0.0973 
          27  1 0.1191 0.1427 0.5929 0.0091 0.1361 
          28  1 0.0105 0.0107 0.0103 0.9586 0.0100 
          29  1 0.0334 0.0359 0.8773 0.0085 0.0448 
          30  1 0.0116 0.0078 0.0129 0.9572 0.0105 
          31  1 0.3346 0.1627 0.2042 0.0353 0.2631 
          32  1 0.0187 0.0186 0.0081 0.9364 0.0182 
          33  1 0.1993 0.3905 0.2259 0.0076 0.1766 
          34  1 0.0256 0.0224 0.9152 0.0045 0.0323 
          35  1 0.5091 0.1060 0.0139 0.0191 0.3520 
          36  1 0.1531 0.0773 0.6158 0.0084 0.1453 
          37  1 0.0135 0.0125 0.0103 0.9521 0.0116 
          38  1 0.4319 0.2006 0.0187 0.0087 0.3401 
          39  1 0.0147 0.0149 0.9535 0.0039 0.0130 
          40  1 0.1209 0.1569 0.6168 0.0121 0.0934 
          41  1 0.3120 0.3068 0.0969 0.0119 0.2725 
          42  1 0.0058 0.0054 0.0051 0.9776 0.0062 
          43  1 0.1890 0.1387 0.3490 0.1111 0.2123 
          44  1 0.1181 0.0975 0.6836 0.0080 0.0927 
          45  1 0.2533 0.4020 0.0992 0.0055 0.2399 
          46  1 0.0142 0.0135 0.9515 0.0078 0.0131 
          47  1 0.3410 0.2964 0.0685 0.0126 0.2815 
          48  1 0.0153 0.0152 0.0093 0.9455 0.0148 
          49  1 0.0106 0.0111 0.9621 0.0049 0.0113 
          50  1 0.0519 0.0223 0.8756 0.0058 0.0444 
          51  1 0.0447 0.0326 0.8837 0.0059 0.0331 
          52  1 0.0135 0.0114 0.9508 0.0102 0.0141 
          53  1 0.0900 0.1906 0.0712 0.5334 0.1149 
          54  1 0.0475 0.0284 0.8763 0.0144 0.0334 
          55  1 0.3704 0.2830 0.0297 0.0104 0.3065 
          56  1 0.4024 0.2488 0.0206 0.0063 0.3219 
          57  1 0.3789 0.2515 0.0544 0.0107 0.3045 
          58  1 0.0062 0.0056 0.0057 0.9755 0.0070 
          59  1 0.0277 0.0175 0.0112 0.9066 0.0370 
          60  1 0.0332 0.0459 0.8877 0.0092 0.0241 
          61  1 0.0178 0.0145 0.9479 0.0049 0.0149 
          62  1 0.3875 0.1335 0.1872 0.0081 0.2838 
          63  1 0.2917 0.3020 0.0676 0.0047 0.3340 
          64  1 0.1091 0.3074 0.4638 0.0238 0.0959 
          65  1 0.0106 0.0091 0.0057 0.9645 0.0101 
          66  1 0.0167 0.0174 0.0113 0.9373 0.0174 
          67  1 0.0217 0.0167 0.0537 0.8868 0.0210 
          68  1 0.1667 0.1841 0.5112 0.0225 0.1155 
          69  1 0.4135 0.2128 0.0676 0.0069 0.2992 
          70  1 0.1934 0.2437 0.3584 0.0055 0.1991 
          71  1 0.4862 0.1166 0.0232 0.0095 0.3644 
          72  1 0.4162 0.2019 0.0759 0.0255 0.2804 
          73  1 0.0110 0.0084 0.0096 0.9607 0.0103 
          74  1 0.2059 0.5125 0.0394 0.0330 0.2092 
          75  1 0.0297 0.0210 0.9105 0.0047 0.0342 
          76  1 0.0060 0.0057 0.0069 0.9749 0.0065 
          77  1 0.0087 0.0083 0.0067 0.9667 0.0097 
          78  1 0.0195 0.0152 0.9354 0.0137 0.0162 
          79  1 0.0097 0.0087 0.0182 0.9526 0.0108 
          80  1 0.0645 0.1439 0.7019 0.0433 0.0464 
          81  1 0.4308 0.2267 0.0336 0.0047 0.3043 
          82  1 0.0241 0.0329 0.9083 0.0044 0.0302 
          83  1 0.0883 0.0403 0.7945 0.0137 0.0633 
          84  1 0.0082 0.0077 0.0057 0.9695 0.0089 
          85  1 0.2329 0.1570 0.0797 0.2652 0.2652 
          86  1 0.3442 0.1374 0.2554 0.0157 0.2472 
          87  1 0.4022 0.1785 0.0222 0.0067 0.3904 
          88  1 0.1897 0.1413 0.3977 0.0246 0.2467 
          89  1 0.3893 0.1618 0.0801 0.0151 0.3536 
          90  1 0.1985 0.5082 0.0769 0.0091 0.2073 
          91  1 0.2907 0.3049 0.0538 0.0145 0.3361 
          92  1 0.2031 0.0683 0.5621 0.0099 0.1566 
          93  1 0.4748 0.1585 0.0166 0.0063 0.3438 
          94  1 0.1654 0.6335 0.0130 0.0069 0.1813 
          95  1 0.2813 0.2199 0.1128 0.0197 0.3663 
          96  1 0.0216 0.0139 0.9118 0.0339 0.0188 
          97  1 0.0622 0.0400 0.8282 0.0125 0.0571 
          98  1 0.0169 0.0181 0.0185 0.9252 0.0214 
          99  1 0.1841 0.5474 0.0443 0.0373 0.1869 
         100  1 0.4079 0.1841 0.0333 0.0485 0.3262 
         101  1 0.4536 0.1856 0.0095 0.0146 0.3366 
         102  1 0.0503 0.0374 0.8712 0.0048 0.0363 
         103  1 0.3753 0.1639 0.1469 0.0364 0.2774 
         104  1 0.4980 0.1056 0.0132 0.0356 0.3477 
         105  1 0.3818 0.2697 0.0215 0.0107 0.3162 
         106  1 0.0199 0.0192 0.0165 0.9281 0.0163 
         107  1 0.1067 0.1000 0.6360 0.0778 0.0795 
         108  1 0.1722 0.6191 0.0155 0.0070 0.1862 
         109  1 0.0508 0.0372 0.8358 0.0178 0.0584 
         110  1 0.3850 0.1357 0.1639 0.0085 0.3068 
         111  1 0.1674 0.0885 0.1065 0.4941 0.1435 
         112  1 0.3877 0.2518 0.0736 0.0062 0.2807 
         113  1 0.3402 0.2055 0.0407 0.0168 0.3969 
         114  1 0.1581 0.0926 0.5523 0.0738 0.1232 
         115  1 0.2867 0.3863 0.0345 0.0082 0.2843 
         116  1 0.2187 0.3267 0.0274 0.0068 0.4204 
         117  1 0.1175 0.6960 0.0147 0.0042 0.1676 
         118  1 0.3695 0.2814 0.0155 0.0146 0.3190 
         119  1 0.3043 0.2958 0.0160 0.0068 0.3770 
         120  1 0.2112 0.3538 0.0116 0.0283 0.3951 
         121  1 0.2835 0.4337 0.0159 0.0104 0.2566 
         122  1 0.3107 0.2636 0.0619 0.0094 0.3544 
         123  1 0.3454 0.2019 0.0696 0.0086 0.3746 
         124  1 0.2768 0.2647 0.0155 0.0286 0.4143 
         125  1 0.1775 0.5790 0.0150 0.0072 0.2213 
         126  1 0.2582 0.4689 0.0087 0.0071 0.2572 
         127  1 0.1077 0.7098 0.0098 0.0042 0.1685 
         128  1 0.2266 0.3725 0.0975 0.0139 0.2896 
         129  1 0.4161 0.1498 0.1097 0.0097 0.3147 
         130  1 0.1630 0.5229 0.0791 0.0110 0.2240 
         131  1 0.1295 0.4975 0.1464 0.0076 0.2190 
         132  1 0.2033 0.5525 0.0269 0.0158 0.2015 
         133  1 0.2649 0.3297 0.0127 0.0101 0.3825 
         134  1 0.2698 0.2969 0.0255 0.0196 0.3883 
         135  1 0.3318 0.2032 0.0707 0.0061 0.3882 
         136  1 0.1830 0.4469 0.0533 0.0075 0.3092 
         137  1 0.3310 0.1638 0.0115 0.0111 0.4827 
         138  1 0.1248 0.2041 0.4929 0.0083 0.1700 
         139  1 0.1238 0.6754 0.0113 0.0062 0.1833 
         140  1 0.2294 0.3118 0.0581 0.0056 0.3951 
         141  1 0.1816 0.4866 0.0308 0.0085 0.2925 
         142  1 0.3261 0.3608 0.0227 0.0082 0.2822 
         143  1 0.3757 0.2611 0.0441 0.0263 0.2927 
         144  1 0.1505 0.5640 0.0471 0.0044 0.2339 
         145  1 0.2053 0.4890 0.0205 0.0061 0.2791 
         146  1 0.2136 0.1218 0.4830 0.0068 0.1748 
         147  1 0.2958 0.3214 0.0252 0.0078 0.3498 
         148  1 0.2507 0.3566 0.0418 0.0107 0.3402 
         149  1 0.1040 0.7032 0.0111 0.0040 0.1776 
         150  1 0.1971 0.3424 0.1709 0.0149 0.2746 
         151  1 0.2327 0.2794 0.1042 0.0135 0.3702 
         152  1 0.3478 0.2856 0.0510 0.0048 0.3107 
         153  1 0.3779 0.1473 0.0763 0.0153 0.3833 
         154  1 0.3718 0.1679 0.0200 0.0127 0.4276 
         155  1 0.2193 0.2638 0.0264 0.1189 0.3716 
         156  1 0.2197 0.3400 0.0170 0.0083 0.4150 
         157  1 0.1647 0.5144 0.0112 0.0116 0.2980 
         158  1 0.2905 0.2387 0.0740 0.1066 0.2903 
         159  1 0.2734 0.1322 0.2151 0.1322 0.2471 
         160  1 0.2773 0.1765 0.2362 0.0445 0.2655 
         161  1 0.3424 0.1398 0.0267 0.0078 0.4832 
         162  1 0.3515 0.1460 0.0149 0.0062 0.4814 
         163  1 0.3522 0.1386 0.0093 0.0079 0.4920 
         164  1 0.2074 0.1823 0.3377 0.0263 0.2463 
         165  1 0.2172 0.1665 0.2596 0.0307 0.3259 
         166  1 0.3350 0.1840 0.1969 0.0051 0.2791 
         167  1 0.3165 0.2514 0.0281 0.0124 0.3916 
         168  1 0.3367 0.1615 0.0143 0.0053 0.4823 
         169  1 0.2136 0.0907 0.3308 0.0509 0.3141 
         170  1 0.2284 0.2053 0.2781 0.0062 0.2820 
         171  1 0.3484 0.1449 0.0111 0.0053 0.4902 
         172  1 0.2674 0.2935 0.0476 0.0111 0.3804 
