           1  1 0.4451 0.2975 0.0982 0.1593 
           2  1 0.3689 0.2877 0.1264 0.2170 
           3  1 0.0084 0.8603 0.0259 0.1054 
           4  1 0.0341 0.8673 0.0366 0.0620 
           5  1 0.0577 0.8764 0.0324 0.0335 
           6  1 0.0399 0.8617 0.0858 0.0126 
           7  1 0.0162 0.8892 0.0549 0.0397 
           8  1 0.0074 0.9420 0.0332 0.0173 
           9  1 0.1774 0.6635 0.0227 0.1363 
          10  1 0.0195 0.8393 0.0945 0.0466 
          11  1 0.0650 0.7939 0.0509 0.0903 
          12  1 0.0351 0.5841 0.0230 0.3578 
          13  1 0.1904 0.6707 0.0371 0.1018 
          14  1 0.0110 0.6206 0.2526 0.1159 
          15  1 0.0250 0.6755 0.0416 0.2579 
          16  1 0.9769 0.0079 0.0070 0.0081 
          17  1 0.0078 0.0140 0.0108 0.9674 
          18  1 0.9852 0.0058 0.0049 0.0041 
          19  1 0.0090 0.0227 0.0168 0.9515 
          20  1 0.9782 0.0077 0.0086 0.0054 
          21  1 0.9554 0.0093 0.0189 0.0164 
          22  1 0.0194 0.4062 0.5173 0.0571 
          23  1 0.0122 0.0197 0.0297 0.9384 
          24  1 0.0311 0.0539 0.0792 0.8358 
          25  1 0.2206 0.3895 0.1027 0.2872 
          26  1 0.0205 0.0770 0.0848 0.8177 
          27  1 0.0086 0.0513 0.1719 0.7682 
          28  1 0.9697 0.0098 0.0101 0.0105 
          29  1 0.0079 0.0113 0.0515 0.9293 
          30  1 0.9686 0.0109 0.0083 0.0122 
          31  1 0.0390 0.3021 0.3173 0.3416 
          32  1 0.9526 0.0207 0.0174 0.0092 
          33  1 0.0086 0.4919 0.1327 0.3667 
          34  1 0.0052 0.0129 0.0403 0.9415 
          35  1 0.0307 0.7917 0.1466 0.0311 
          36  1 0.0083 0.0279 0.2655 0.6983 
          37  1 0.9646 0.0152 0.0097 0.0105 
          38  1 0.0095 0.2692 0.6869 0.0344 
          39  1 0.0043 0.0167 0.0156 0.9634 
          40  1 0.0119 0.0924 0.1167 0.7790 
          41  1 0.0122 0.5570 0.2997 0.1311 
          42  1 0.9829 0.0054 0.0061 0.0056 
          43  1 0.1161 0.1217 0.2522 0.5100 
          44  1 0.0082 0.1555 0.1031 0.7332 
          45  1 0.0053 0.8141 0.0851 0.0956 
          46  1 0.0087 0.0131 0.0115 0.9667 
          47  1 0.0131 0.2845 0.5616 0.1408 
          48  1 0.9620 0.0135 0.0146 0.0099 
          49  1 0.0050 0.0107 0.0126 0.9716 
          50  1 0.0060 0.0483 0.0232 0.9225 
          51  1 0.0063 0.0733 0.0152 0.9053 
          52  1 0.0099 0.0090 0.0173 0.9638 
          53  1 0.5682 0.1868 0.1401 0.1049 
          54  1 0.0139 0.0515 0.0187 0.9159 
          55  1 0.0117 0.8252 0.1164 0.0467 
          56  1 0.0062 0.8566 0.1174 0.0198 
          57  1 0.0107 0.2851 0.6125 0.0917 
          58  1 0.9819 0.0061 0.0063 0.0057 
          59  1 0.9271 0.0100 0.0520 0.0108 
          60  1 0.0093 0.0422 0.0191 0.9294 
          61  1 0.0054 0.0233 0.0134 0.9578 
          62  1 0.0099 0.5018 0.1780 0.3103 
          63  1 0.0050 0.2125 0.7071 0.0754 
          64  1 0.0269 0.2370 0.0189 0.7172 
          65  1 0.9746 0.0085 0.0108 0.0062 
          66  1 0.9511 0.0161 0.0202 0.0126 
          67  1 0.9102 0.0219 0.0136 0.0543 
          68  1 0.0230 0.2940 0.0518 0.6312 
          69  1 0.0079 0.4791 0.3640 0.1490 
          70  1 0.0063 0.0975 0.2922 0.6041 
          71  1 0.0134 0.6570 0.2740 0.0556 
          72  1 0.0301 0.4519 0.3504 0.1676 
          73  1 0.9710 0.0105 0.0083 0.0102 
          74  1 0.0371 0.4946 0.3884 0.0800 
          75  1 0.0046 0.0177 0.0491 0.9286 
          76  1 0.9808 0.0051 0.0068 0.0073 
          77  1 0.9746 0.0082 0.0089 0.0083 
          78  1 0.0144 0.0174 0.0144 0.9538 
          79  1 0.9633 0.0080 0.0113 0.0175 
          80  1 0.0400 0.0895 0.0133 0.8572 
          81  1 0.0051 0.2783 0.6608 0.0558 
          82  1 0.0045 0.0409 0.0288 0.9257 
          83  1 0.0136 0.1008 0.0136 0.8720 
          84  1 0.9774 0.0089 0.0076 0.0061 
          85  1 0.2927 0.1892 0.4090 0.1092 
          86  1 0.0171 0.0957 0.4555 0.4317 
          87  1 0.0066 0.0400 0.9277 0.0258 
          88  1 0.0248 0.1216 0.2959 0.5577 
          89  1 0.0167 0.4233 0.4136 0.1464 
          90  1 0.0091 0.7750 0.1272 0.0887 
          91  1 0.0153 0.1408 0.7733 0.0705 
          92  1 0.0098 0.0159 0.2014 0.7729 
          93  1 0.0070 0.6543 0.3038 0.0348 
          94  1 0.0060 0.9603 0.0208 0.0129 
          95  1 0.0219 0.0934 0.7375 0.1472 
          96  1 0.0325 0.0127 0.0205 0.9343 
          97  1 0.0132 0.0354 0.0399 0.9115 
          98  1 0.9428 0.0153 0.0224 0.0195 
          99  1 0.0543 0.7013 0.1332 0.1112 
         100  1 0.0630 0.6975 0.1883 0.0512 
         101  1 0.0160 0.7486 0.2221 0.0134 
         102  1 0.0048 0.0467 0.0410 0.9075 
         103  1 0.0412 0.7077 0.0652 0.1859 
         104  1 0.0590 0.7862 0.1171 0.0377 
         105  1 0.0119 0.5740 0.3871 0.0270 
         106  1 0.9475 0.0268 0.0112 0.0145 
         107  1 0.0586 0.0938 0.0264 0.8212 
         108  1 0.0072 0.9139 0.0574 0.0214 
         109  1 0.0156 0.0321 0.0505 0.9018 
         110  1 0.0096 0.0504 0.6408 0.2992 
         111  1 0.5163 0.0814 0.2015 0.2007 
         112  1 0.0080 0.4894 0.3544 0.1483 
         113  1 0.0176 0.1558 0.7676 0.0590 
         114  1 0.0699 0.1183 0.1176 0.6942 
         115  1 0.0084 0.4169 0.5277 0.0470 
         116  1 0.0080 0.1551 0.8070 0.0300 
         117  1 0.0044 0.7507 0.2226 0.0224 
         118  1 0.0125 0.8831 0.0857 0.0186 
         119  1 0.0068 0.2437 0.7340 0.0154 
         120  1 0.0299 0.3326 0.6228 0.0147 
         121  1 0.0111 0.4959 0.4694 0.0235 
         122  1 0.0093 0.1551 0.7468 0.0887 
         123  1 0.0095 0.0568 0.8400 0.0937 
         124  1 0.0309 0.2244 0.7273 0.0174 
         125  1 0.0086 0.5350 0.4346 0.0218 
         126  1 0.0071 0.7538 0.2292 0.0099 
         127  1 0.0045 0.8153 0.1661 0.0141 
         128  1 0.0164 0.2031 0.6276 0.1528 
         129  1 0.0103 0.1147 0.6871 0.1879 
         130  1 0.0125 0.5236 0.3355 0.1285 
         131  1 0.0069 0.5290 0.3229 0.1412 
         132  1 0.0175 0.9118 0.0326 0.0380 
         133  1 0.0110 0.4033 0.5706 0.0152 
         134  1 0.0232 0.3757 0.5694 0.0317 
         135  1 0.0063 0.0843 0.8102 0.0992 
         136  1 0.0078 0.3547 0.5629 0.0746 
         137  1 0.0110 0.0186 0.9571 0.0133 
         138  1 0.0085 0.1543 0.2434 0.5938 
         139  1 0.0070 0.6328 0.3430 0.0172 
         140  1 0.0059 0.1150 0.8088 0.0703 
         141  1 0.0092 0.3173 0.6334 0.0401 
         142  1 0.0081 0.4519 0.5110 0.0289 
         143  1 0.0271 0.6310 0.2687 0.0732 
         144  1 0.0053 0.5691 0.3655 0.0601 
         145  1 0.0063 0.6120 0.3603 0.0214 
         146  1 0.0070 0.0615 0.2917 0.6398 
         147  1 0.0078 0.1338 0.8323 0.0260 
         148  1 0.0099 0.1389 0.7896 0.0616 
         149  1 0.0044 0.6721 0.3051 0.0184 
         150  1 0.0149 0.4288 0.3357 0.2206 
         151  1 0.0125 0.1157 0.7596 0.1121 
         152  1 0.0045 0.1629 0.7624 0.0702 
         153  1 0.0153 0.0478 0.8009 0.1360 
         154  1 0.0132 0.0438 0.9137 0.0292 
         155  1 0.1474 0.2187 0.5991 0.0348 
         156  1 0.0083 0.1141 0.8518 0.0258 
         157  1 0.0129 0.4222 0.5529 0.0119 
         158  1 0.1137 0.4967 0.2901 0.0994 
         159  1 0.1512 0.0366 0.4356 0.3766 
         160  1 0.0427 0.0663 0.4802 0.4108 
         161  1 0.0082 0.0164 0.9433 0.0321 
         162  1 0.0065 0.0135 0.9650 0.0150 
         163  1 0.0081 0.0124 0.9699 0.0096 
         164  1 0.0256 0.1915 0.3054 0.4775 
         165  1 0.0325 0.0444 0.5240 0.3992 
         166  1 0.0053 0.4547 0.2559 0.2840 
         167  1 0.0125 0.1181 0.8301 0.0393 
         168  1 0.0058 0.0260 0.9521 0.0161 
         169  1 0.0546 0.0151 0.4627 0.4676 
         170  1 0.0059 0.1193 0.5274 0.3475 
         171  1 0.0052 0.0164 0.9664 0.0119 
         172  1 0.0103 0.1456 0.7816 0.0625 
