           1  1 0.0749 0.0817 0.0692 0.1054 0.4047 0.0592 0.0741 0.0821 0.0485 
           2  1 0.0885 0.1130 0.1210 0.0800 0.2848 0.0791 0.0829 0.0944 0.0563 
           3  1 0.0570 0.0716 0.2328 0.1234 0.0060 0.0823 0.0802 0.3224 0.0243 
           4  1 0.0363 0.0473 0.2673 0.0977 0.0141 0.0835 0.0802 0.3533 0.0203 
           5  1 0.0305 0.0496 0.2628 0.0985 0.0277 0.0842 0.0799 0.3497 0.0170 
           6  1 0.0512 0.0694 0.2612 0.0601 0.0370 0.0975 0.0882 0.2964 0.0391 
           7  1 0.0332 0.0612 0.2673 0.0847 0.0095 0.0923 0.0846 0.3461 0.0210 
           8  1 0.2895 0.3129 0.0407 0.1590 0.0067 0.0279 0.0734 0.0410 0.0488 
           9  1 0.0724 0.0863 0.1995 0.1370 0.0800 0.0771 0.0834 0.2429 0.0214 
          10  1 0.1257 0.1317 0.2040 0.0663 0.0176 0.1022 0.1029 0.1784 0.0712 
          11  1 0.2381 0.2845 0.0693 0.1610 0.0378 0.0334 0.0670 0.0505 0.0585 
          12  1 0.2231 0.2770 0.0529 0.2054 0.0299 0.0334 0.0772 0.0543 0.0468 
          13  1 0.1429 0.1489 0.1263 0.1284 0.1709 0.0676 0.0651 0.1037 0.0463 
          14  1 0.2028 0.1005 0.1435 0.0842 0.0100 0.0978 0.1227 0.1351 0.1033 
          15  1 0.0959 0.0958 0.1357 0.2048 0.0220 0.0812 0.1145 0.1947 0.0553 
          16  1 0.0079 0.0071 0.0082 0.0072 0.9396 0.0079 0.0075 0.0078 0.0068 
          17  1 0.0148 0.0172 0.0248 0.5513 0.0087 0.0224 0.1628 0.1870 0.0110 
          18  1 0.0052 0.0053 0.0052 0.0044 0.9614 0.0047 0.0047 0.0046 0.0044 
          19  1 0.0342 0.0544 0.0390 0.4564 0.0087 0.0456 0.1685 0.1615 0.0319 
          20  1 0.0068 0.0068 0.0073 0.0055 0.9455 0.0070 0.0071 0.0066 0.0074 
          21  1 0.0105 0.0112 0.0151 0.0113 0.8918 0.0160 0.0137 0.0134 0.0172 
          22  1 0.1942 0.1747 0.1393 0.0631 0.0148 0.1105 0.1122 0.0728 0.1184 
          23  1 0.0349 0.0662 0.0946 0.3003 0.0111 0.1347 0.1717 0.1334 0.0533 
          24  1 0.0573 0.0709 0.1115 0.2273 0.0323 0.1035 0.1546 0.1630 0.0794 
          25  1 0.1063 0.1596 0.1578 0.1090 0.1157 0.0869 0.1111 0.0915 0.0621 
          26  1 0.0883 0.0710 0.1142 0.2374 0.0205 0.1104 0.1268 0.1491 0.0824 
          27  1 0.1033 0.1011 0.1211 0.1761 0.0073 0.1391 0.1403 0.1005 0.1111 
          28  1 0.0126 0.0099 0.0109 0.0093 0.9165 0.0105 0.0099 0.0094 0.0111 
          29  1 0.0359 0.0839 0.0825 0.2404 0.0072 0.1612 0.1555 0.1484 0.0850 
          30  1 0.0089 0.0082 0.0117 0.0121 0.9188 0.0093 0.0106 0.0125 0.0080 
          31  1 0.0716 0.1002 0.2099 0.0607 0.0209 0.1627 0.1369 0.1412 0.0958 
          32  1 0.0183 0.0203 0.0160 0.0124 0.8700 0.0164 0.0152 0.0148 0.0167 
          33  1 0.1721 0.1828 0.1209 0.1271 0.0073 0.0995 0.1150 0.0993 0.0759 
          34  1 0.0248 0.0416 0.0534 0.3934 0.0048 0.1171 0.1522 0.1594 0.0534 
          35  1 0.0665 0.0502 0.2547 0.0553 0.0161 0.1135 0.1002 0.3095 0.0340 
          36  1 0.0593 0.0812 0.1020 0.1511 0.0065 0.1874 0.1434 0.1314 0.1378 
          37  1 0.0130 0.0117 0.0125 0.0112 0.9085 0.0105 0.0111 0.0114 0.0101 
          38  1 0.3159 0.0898 0.0906 0.0134 0.0063 0.0882 0.1057 0.0670 0.2232 
          39  1 0.0095 0.0105 0.0178 0.5737 0.0035 0.0162 0.1645 0.1940 0.0104 
          40  1 0.0679 0.1053 0.1706 0.1165 0.0091 0.1376 0.1760 0.1300 0.0870 
          41  1 0.1727 0.1395 0.1505 0.0777 0.0095 0.0960 0.1370 0.0966 0.1204 
          42  1 0.0048 0.0048 0.0054 0.0048 0.9568 0.0060 0.0056 0.0053 0.0063 
          43  1 0.0726 0.0865 0.1415 0.1098 0.0668 0.1529 0.1483 0.1123 0.1094 
          44  1 0.0500 0.0502 0.0658 0.4028 0.0069 0.0449 0.1582 0.1757 0.0456 
          45  1 0.1857 0.1847 0.1048 0.1378 0.0050 0.0704 0.1238 0.1026 0.0853 
          46  1 0.0185 0.0183 0.0358 0.5222 0.0063 0.0317 0.1569 0.1920 0.0183 
          47  1 0.1236 0.1175 0.2209 0.0376 0.0088 0.1478 0.1367 0.0903 0.1169 
          48  1 0.0156 0.0148 0.0146 0.0097 0.8965 0.0132 0.0112 0.0106 0.0139 
          49  1 0.0097 0.0254 0.0290 0.4917 0.0044 0.0911 0.1578 0.1659 0.0249 
          50  1 0.0246 0.0326 0.0600 0.4659 0.0055 0.0422 0.1503 0.1941 0.0247 
          51  1 0.0213 0.0245 0.0407 0.5163 0.0052 0.0223 0.1604 0.1953 0.0140 
          52  1 0.0145 0.0329 0.0411 0.4404 0.0106 0.1057 0.1626 0.1543 0.0379 
          53  1 0.0659 0.1014 0.0649 0.0574 0.4859 0.0593 0.0624 0.0499 0.0530 
          54  1 0.0208 0.0268 0.0439 0.4825 0.0111 0.0326 0.1543 0.2097 0.0184 
          55  1 0.1824 0.1155 0.2193 0.0615 0.0092 0.0969 0.1325 0.1069 0.0758 
          56  1 0.3073 0.1451 0.1088 0.0530 0.0050 0.0700 0.1081 0.0809 0.1218 
          57  1 0.2298 0.0898 0.1321 0.0405 0.0090 0.1288 0.1175 0.0934 0.1590 
          58  1 0.0054 0.0056 0.0066 0.0052 0.9535 0.0060 0.0056 0.0062 0.0058 
          59  1 0.0123 0.0107 0.0189 0.0091 0.8310 0.0328 0.0217 0.0212 0.0422 
          60  1 0.0373 0.0485 0.0492 0.4253 0.0091 0.0480 0.1665 0.1784 0.0377 
          61  1 0.0111 0.0103 0.0209 0.5648 0.0042 0.0154 0.1625 0.2007 0.0101 
          62  1 0.0924 0.1067 0.1869 0.1029 0.0073 0.1117 0.1256 0.1827 0.0839 
          63  1 0.1437 0.1317 0.1082 0.0498 0.0040 0.1535 0.1277 0.0906 0.1908 
          64  1 0.2153 0.2462 0.0507 0.2182 0.0205 0.0408 0.0923 0.0654 0.0506 
          65  1 0.0085 0.0096 0.0148 0.0063 0.9158 0.0116 0.0118 0.0094 0.0120 
          66  1 0.0159 0.0148 0.0172 0.0107 0.8784 0.0169 0.0143 0.0137 0.0181 
          67  1 0.0173 0.0161 0.0382 0.0405 0.7924 0.0204 0.0273 0.0335 0.0143 
          68  1 0.1180 0.0884 0.1174 0.2731 0.0183 0.0671 0.1249 0.1366 0.0562 
          69  1 0.2980 0.0937 0.1161 0.0345 0.0054 0.0860 0.1048 0.0721 0.1893 
          70  1 0.1345 0.1262 0.1243 0.0886 0.0046 0.1480 0.1472 0.0846 0.1420 
          71  1 0.0539 0.0523 0.2488 0.0647 0.0071 0.1228 0.0986 0.3016 0.0501 
          72  1 0.2218 0.0997 0.1578 0.0398 0.0196 0.1106 0.0961 0.0922 0.1623 
          73  1 0.0080 0.0074 0.0109 0.0090 0.9272 0.0084 0.0090 0.0122 0.0077 
          74  1 0.2066 0.2421 0.0863 0.1078 0.0293 0.0808 0.0895 0.0612 0.0963 
          75  1 0.0299 0.0444 0.0786 0.3773 0.0046 0.1014 0.1664 0.1471 0.0502 
          76  1 0.0059 0.0052 0.0058 0.0064 0.9508 0.0073 0.0065 0.0057 0.0064 
          77  1 0.0074 0.0075 0.0093 0.0068 0.9367 0.0074 0.0084 0.0077 0.0088 
          78  1 0.0172 0.0199 0.0330 0.5303 0.0150 0.0300 0.1636 0.1762 0.0147 
          79  1 0.0086 0.0093 0.0108 0.0137 0.9111 0.0114 0.0118 0.0125 0.0108 
          80  1 0.1047 0.1361 0.0702 0.2851 0.0327 0.0909 0.1297 0.1083 0.0423 
          81  1 0.3178 0.0857 0.1082 0.0186 0.0041 0.0893 0.1024 0.0687 0.2053 
          82  1 0.0266 0.0417 0.0516 0.4524 0.0043 0.0719 0.1671 0.1528 0.0316 
          83  1 0.0340 0.0471 0.0616 0.4425 0.0131 0.0423 0.1550 0.1852 0.0191 
          84  1 0.0079 0.0081 0.0077 0.0057 0.9399 0.0071 0.0080 0.0076 0.0081 
          85  1 0.0772 0.0934 0.1768 0.0459 0.1767 0.1189 0.1094 0.0939 0.1077 
          86  1 0.1015 0.1123 0.1688 0.0459 0.0116 0.1663 0.1363 0.1037 0.1534 
          87  1 0.1459 0.0783 0.1057 0.0200 0.0060 0.1763 0.1026 0.1037 0.2615 
          88  1 0.0531 0.0926 0.1376 0.1130 0.0143 0.1845 0.1538 0.1241 0.1271 
          89  1 0.1245 0.0990 0.1345 0.0435 0.0123 0.1501 0.1367 0.1718 0.1276 
          90  1 0.1927 0.2304 0.0905 0.1507 0.0083 0.0668 0.1068 0.0725 0.0814 
          91  1 0.1945 0.1029 0.1110 0.0361 0.0132 0.1458 0.1278 0.0752 0.1935 
          92  1 0.1361 0.0709 0.0758 0.1246 0.0072 0.1570 0.1192 0.0987 0.2105 
          93  1 0.3133 0.1078 0.1161 0.0235 0.0047 0.0721 0.1174 0.0819 0.1632 
          94  1 0.2775 0.3755 0.0236 0.1850 0.0063 0.0177 0.0497 0.0246 0.0399 
          95  1 0.0813 0.1047 0.1959 0.0307 0.0118 0.1737 0.1444 0.0923 0.1652 
          96  1 0.0253 0.0269 0.0423 0.4646 0.0526 0.0597 0.1441 0.1556 0.0288 
          97  1 0.0496 0.0668 0.1114 0.2295 0.0119 0.1358 0.1626 0.1621 0.0703 
          98  1 0.0152 0.0183 0.0210 0.0145 0.8509 0.0224 0.0178 0.0185 0.0213 
          99  1 0.2463 0.3160 0.0630 0.1470 0.0249 0.0408 0.0670 0.0384 0.0566 
         100  1 0.0771 0.0912 0.2326 0.0637 0.0378 0.0977 0.1109 0.2193 0.0696 
         101  1 0.2830 0.1202 0.1245 0.0302 0.0103 0.0754 0.1179 0.1014 0.1371 
         102  1 0.0454 0.0438 0.0493 0.4540 0.0047 0.0511 0.1444 0.1675 0.0397 
         103  1 0.0958 0.1412 0.2115 0.0999 0.0319 0.0960 0.1144 0.1579 0.0513 
         104  1 0.0535 0.0446 0.2577 0.0597 0.0254 0.1108 0.0962 0.3231 0.0290 
         105  1 0.1590 0.1019 0.1796 0.0475 0.0116 0.1254 0.1147 0.1412 0.1192 
         106  1 0.0178 0.0189 0.0186 0.0169 0.8711 0.0127 0.0155 0.0160 0.0124 
         107  1 0.0926 0.1103 0.1246 0.1472 0.0542 0.1370 0.1516 0.1142 0.0684 
         108  1 0.2462 0.3264 0.0825 0.1300 0.0061 0.0461 0.0823 0.0341 0.0463 
         109  1 0.0407 0.0617 0.0795 0.3348 0.0145 0.1129 0.1590 0.1429 0.0538 
         110  1 0.2200 0.0798 0.0774 0.0206 0.0063 0.1533 0.0865 0.0808 0.2752 
         111  1 0.0777 0.0510 0.0911 0.0366 0.4154 0.0907 0.0659 0.0610 0.1108 
         112  1 0.2305 0.1135 0.1452 0.0462 0.0056 0.1188 0.1103 0.0878 0.1421 
         113  1 0.0999 0.0887 0.1338 0.0373 0.0146 0.1984 0.1343 0.1042 0.1889 
         114  1 0.0641 0.0686 0.1218 0.2157 0.0606 0.1115 0.1275 0.1577 0.0724 
         115  1 0.1705 0.1317 0.1340 0.0617 0.0067 0.1296 0.1086 0.1170 0.1404 
         116  1 0.0878 0.1436 0.0656 0.0192 0.0058 0.2072 0.1608 0.0411 0.2689 
         117  1 0.2704 0.3519 0.0543 0.1478 0.0039 0.0437 0.0579 0.0235 0.0466 
         118  1 0.1013 0.1829 0.2814 0.0568 0.0112 0.1084 0.1277 0.0855 0.0449 
         119  1 0.1560 0.1298 0.1003 0.0293 0.0062 0.1691 0.1262 0.0773 0.2057 
         120  1 0.1010 0.1430 0.0851 0.0174 0.0196 0.1833 0.1596 0.0500 0.2410 
         121  1 0.2237 0.1945 0.1103 0.0664 0.0093 0.0945 0.1010 0.0815 0.1188 
         122  1 0.0977 0.1234 0.1208 0.0376 0.0085 0.1733 0.1250 0.1282 0.1854 
         123  1 0.1063 0.0918 0.1244 0.0392 0.0080 0.2023 0.1137 0.1178 0.1965 
         124  1 0.0756 0.0888 0.1394 0.0312 0.0211 0.2045 0.1103 0.0960 0.2330 
         125  1 0.2270 0.2750 0.0822 0.1198 0.0058 0.0747 0.0798 0.0492 0.0864 
         126  1 0.2760 0.2315 0.0883 0.0780 0.0060 0.0635 0.1076 0.0667 0.0824 
         127  1 0.2802 0.3891 0.0176 0.1691 0.0037 0.0275 0.0580 0.0115 0.0433 
         128  1 0.0888 0.1292 0.2012 0.0313 0.0096 0.1445 0.1678 0.1082 0.1194 
         129  1 0.1318 0.0709 0.1221 0.0385 0.0077 0.1835 0.0963 0.1458 0.2033 
         130  1 0.1801 0.2214 0.0927 0.1160 0.0099 0.0912 0.1112 0.0685 0.1091 
         131  1 0.1492 0.1934 0.0997 0.1573 0.0066 0.0950 0.1292 0.0726 0.0970 
         132  1 0.2500 0.3326 0.0651 0.1579 0.0142 0.0318 0.0651 0.0334 0.0499 
         133  1 0.1013 0.1477 0.1416 0.0251 0.0081 0.1744 0.1555 0.0545 0.1917 
         134  1 0.0988 0.1651 0.1220 0.0218 0.0133 0.1544 0.1655 0.0607 0.1983 
         135  1 0.0938 0.1122 0.1138 0.0354 0.0056 0.1809 0.1139 0.1277 0.2167 
         136  1 0.1315 0.1745 0.0829 0.0453 0.0060 0.1514 0.1493 0.0512 0.2080 
         137  1 0.0486 0.0338 0.0328 0.0112 0.0101 0.2667 0.1020 0.1261 0.3688 
         138  1 0.0847 0.1190 0.1273 0.1672 0.0075 0.1275 0.1531 0.1080 0.1057 
         139  1 0.2539 0.3538 0.0237 0.1464 0.0056 0.0541 0.0638 0.0227 0.0758 
         140  1 0.0746 0.1282 0.0859 0.0427 0.0049 0.2002 0.1456 0.0906 0.2273 
         141  1 0.1451 0.1971 0.1003 0.0670 0.0077 0.1382 0.1198 0.0659 0.1590 
         142  1 0.2080 0.1349 0.1303 0.0498 0.0075 0.1211 0.1128 0.0967 0.1388 
         143  1 0.1748 0.1146 0.1658 0.0688 0.0214 0.1082 0.1015 0.1353 0.1095 
         144  1 0.1689 0.2780 0.0768 0.1020 0.0044 0.0961 0.1121 0.0535 0.1083 
         145  1 0.1565 0.2277 0.0982 0.0639 0.0053 0.1108 0.1391 0.0534 0.1451 
         146  1 0.0960 0.0965 0.1088 0.1245 0.0056 0.1565 0.1313 0.1358 0.1450 
         147  1 0.1447 0.1249 0.1049 0.0251 0.0060 0.1715 0.1257 0.0845 0.2126 
         148  1 0.1268 0.1401 0.1040 0.0449 0.0090 0.1791 0.1214 0.0810 0.1937 
         149  1 0.2693 0.3840 0.0223 0.1476 0.0034 0.0406 0.0618 0.0153 0.0558 
         150  1 0.1013 0.1375 0.1217 0.1046 0.0118 0.1297 0.1347 0.1049 0.1539 
         151  1 0.0957 0.1240 0.1118 0.0588 0.0113 0.1742 0.1403 0.0725 0.2114 
         152  1 0.2092 0.1147 0.1156 0.0416 0.0042 0.1211 0.1073 0.0813 0.2050 
         153  1 0.0862 0.0646 0.0954 0.0345 0.0118 0.2194 0.1012 0.1341 0.2529 
         154  1 0.0871 0.0572 0.0801 0.0183 0.0107 0.2274 0.1083 0.1073 0.3035 
         155  1 0.0821 0.1337 0.1773 0.0170 0.0595 0.1437 0.1498 0.0513 0.1856 
         156  1 0.0968 0.1534 0.0724 0.0186 0.0070 0.2093 0.1354 0.0534 0.2537 
         157  1 0.1724 0.1907 0.0782 0.0513 0.0111 0.1275 0.1257 0.0450 0.1982 
         158  1 0.0807 0.1086 0.2109 0.0602 0.0688 0.1263 0.1332 0.1302 0.0811 
         159  1 0.0688 0.0939 0.1075 0.0247 0.0641 0.1925 0.1293 0.1228 0.1965 
         160  1 0.0787 0.1058 0.1288 0.0332 0.0264 0.1845 0.1339 0.1287 0.1799 
         161  1 0.0467 0.0206 0.0310 0.0161 0.0066 0.2560 0.0994 0.1392 0.3844 
         162  1 0.0635 0.0301 0.0483 0.0133 0.0053 0.2422 0.0951 0.1375 0.3646 
         163  1 0.0469 0.0166 0.0260 0.0076 0.0064 0.2575 0.0982 0.1392 0.4017 
         164  1 0.0872 0.1154 0.1154 0.0878 0.0207 0.1586 0.1344 0.1388 0.1417 
         165  1 0.0755 0.1137 0.0943 0.0658 0.0207 0.1842 0.1419 0.1017 0.2023 
         166  1 0.1052 0.0968 0.1779 0.0997 0.0045 0.1308 0.1309 0.1440 0.1102 
         167  1 0.0994 0.1265 0.1022 0.0179 0.0095 0.1922 0.1303 0.1034 0.2187 
         168  1 0.0718 0.0484 0.0431 0.0175 0.0049 0.2374 0.1062 0.1122 0.3586 
         169  1 0.0418 0.0487 0.0766 0.1123 0.0345 0.2003 0.1254 0.1391 0.2214 
         170  1 0.0859 0.1203 0.1311 0.0642 0.0048 0.1703 0.1416 0.1110 0.1710 
         171  1 0.0483 0.0226 0.0290 0.0090 0.0050 0.2644 0.1007 0.1312 0.3899 
         172  1 0.1320 0.1257 0.1054 0.0218 0.0082 0.1844 0.1279 0.0645 0.2301 
