           1  1 0.4248 0.0707 0.1339 0.1882 0.1823 
           2  1 0.3302 0.0863 0.1338 0.2228 0.2270 
           3  1 0.0071 0.0806 0.0712 0.0935 0.7476 
           4  1 0.0201 0.0845 0.0297 0.0610 0.8046 
           5  1 0.0424 0.0804 0.0195 0.0807 0.7770 
           6  1 0.0357 0.1072 0.0093 0.0666 0.7811 
           7  1 0.0136 0.0934 0.0238 0.0680 0.8011 
           8  1 0.0082 0.0454 0.0152 0.6418 0.2894 
           9  1 0.1543 0.0726 0.0957 0.1697 0.5077 
          10  1 0.0169 0.1097 0.0323 0.1914 0.6496 
          11  1 0.0569 0.0704 0.0507 0.5176 0.3044 
          12  1 0.0377 0.0512 0.2242 0.4504 0.2366 
          13  1 0.1840 0.0696 0.0645 0.3412 0.3407 
          14  1 0.0103 0.1262 0.0814 0.2641 0.5178 
          15  1 0.0220 0.0696 0.1877 0.2566 0.4641 
          16  1 0.9689 0.0073 0.0079 0.0070 0.0089 
          17  1 0.0071 0.0098 0.9586 0.0140 0.0106 
          18  1 0.9796 0.0049 0.0044 0.0057 0.0054 
          19  1 0.0087 0.0151 0.9174 0.0374 0.0215 
          20  1 0.9711 0.0076 0.0054 0.0080 0.0080 
          21  1 0.9430 0.0191 0.0158 0.0113 0.0107 
          22  1 0.0166 0.3378 0.0258 0.4081 0.2117 
          23  1 0.0117 0.0390 0.9020 0.0171 0.0301 
          24  1 0.0319 0.0861 0.7297 0.0399 0.1123 
          25  1 0.1844 0.1089 0.1819 0.2781 0.2467 
          26  1 0.0194 0.1144 0.6633 0.0660 0.1369 
          27  1 0.0083 0.1847 0.6130 0.1376 0.0565 
          28  1 0.9593 0.0105 0.0093 0.0106 0.0103 
          29  1 0.0084 0.0634 0.8943 0.0183 0.0156 
          30  1 0.9574 0.0085 0.0121 0.0078 0.0142 
          31  1 0.0336 0.2761 0.1901 0.1043 0.3959 
          32  1 0.9353 0.0174 0.0086 0.0191 0.0196 
          33  1 0.0081 0.0792 0.2272 0.4197 0.2659 
          34  1 0.0052 0.0404 0.9190 0.0173 0.0182 
          35  1 0.0181 0.1047 0.0109 0.0342 0.8322 
          36  1 0.0081 0.2704 0.6115 0.0354 0.0746 
          37  1 0.9522 0.0096 0.0101 0.0130 0.0152 
          38  1 0.0085 0.4838 0.0174 0.1771 0.3131 
          39  1 0.0040 0.0130 0.9498 0.0154 0.0178 
          40  1 0.0119 0.0863 0.6360 0.1484 0.1175 
          41  1 0.0113 0.1547 0.0962 0.3803 0.3575 
          42  1 0.9780 0.0060 0.0048 0.0053 0.0058 
          43  1 0.1169 0.2490 0.3555 0.1202 0.1583 
          44  1 0.0080 0.0932 0.6601 0.0959 0.1428 
          45  1 0.0050 0.0655 0.0880 0.4894 0.3521 
          46  1 0.0078 0.0144 0.9442 0.0116 0.0221 
          47  1 0.0126 0.4120 0.0720 0.2598 0.2436 
          48  1 0.9489 0.0157 0.0086 0.0144 0.0124 
          49  1 0.0046 0.0122 0.9633 0.0091 0.0107 
          50  1 0.0062 0.0243 0.8698 0.0211 0.0786 
          51  1 0.0062 0.0190 0.8626 0.0334 0.0789 
          52  1 0.0109 0.0206 0.9457 0.0109 0.0118 
          53  1 0.5257 0.0906 0.0765 0.2011 0.1060 
          54  1 0.0144 0.0216 0.8545 0.0223 0.0872 
          55  1 0.0104 0.1000 0.0307 0.3028 0.5560 
          56  1 0.0060 0.1218 0.0200 0.3069 0.5452 
          57  1 0.0099 0.3047 0.0583 0.2826 0.3445 
          58  1 0.9763 0.0062 0.0054 0.0055 0.0066 
          59  1 0.9031 0.0600 0.0104 0.0110 0.0155 
          60  1 0.0095 0.0204 0.8939 0.0426 0.0335 
          61  1 0.0049 0.0135 0.9392 0.0169 0.0255 
          62  1 0.0082 0.1412 0.1893 0.1225 0.5388 
          63  1 0.0045 0.3628 0.0740 0.3607 0.1980 
          64  1 0.0255 0.0225 0.5209 0.3158 0.1154 
          65  1 0.9621 0.0115 0.0055 0.0095 0.0114 
          66  1 0.9373 0.0191 0.0122 0.0149 0.0165 
          67  1 0.8806 0.0158 0.0573 0.0139 0.0324 
          68  1 0.0218 0.0614 0.5113 0.1732 0.2323 
          69  1 0.0065 0.2778 0.0570 0.2145 0.4442 
          70  1 0.0057 0.2715 0.4063 0.2346 0.0820 
          71  1 0.0092 0.1337 0.0256 0.0452 0.7862 
          72  1 0.0240 0.3524 0.0703 0.1586 0.3947 
          73  1 0.9623 0.0081 0.0098 0.0076 0.0121 
          74  1 0.0344 0.2143 0.0445 0.5427 0.1642 
          75  1 0.0047 0.0414 0.9160 0.0170 0.0210 
          76  1 0.9754 0.0067 0.0067 0.0055 0.0057 
          77  1 0.9672 0.0091 0.0069 0.0077 0.0092 
          78  1 0.0129 0.0124 0.9446 0.0120 0.0181 
          79  1 0.9526 0.0101 0.0198 0.0083 0.0092 
          80  1 0.0418 0.0184 0.7306 0.1295 0.0798 
          81  1 0.0047 0.4371 0.0279 0.2075 0.3228 
          82  1 0.0046 0.0250 0.9077 0.0374 0.0253 
          83  1 0.0127 0.0266 0.7959 0.0312 0.1336 
          84  1 0.9686 0.0081 0.0060 0.0083 0.0090 
          85  1 0.2677 0.3086 0.0806 0.1297 0.2134 
          86  1 0.0159 0.4247 0.2778 0.0572 0.2244 
          87  1 0.0065 0.7561 0.0202 0.0785 0.1387 
          88  1 0.0226 0.3131 0.4250 0.0995 0.1397 
          89  1 0.0158 0.2584 0.0763 0.1383 0.5112 
          90  1 0.0093 0.0751 0.0735 0.6166 0.2255 
          91  1 0.0148 0.5231 0.0522 0.3062 0.1038 
          92  1 0.0097 0.3496 0.5395 0.0220 0.0792 
          93  1 0.0066 0.2370 0.0182 0.1544 0.5838 
          94  1 0.0067 0.0460 0.0141 0.7122 0.2209 
          95  1 0.0206 0.5694 0.1091 0.1688 0.1320 
          96  1 0.0343 0.0251 0.9115 0.0115 0.0177 
          97  1 0.0134 0.0558 0.8229 0.0294 0.0785 
          98  1 0.9274 0.0206 0.0183 0.0183 0.0154 
          99  1 0.0407 0.0742 0.0549 0.6102 0.2199 
         100  1 0.0440 0.1181 0.0276 0.1447 0.6655 
         101  1 0.0148 0.1656 0.0093 0.2021 0.6082 
         102  1 0.0047 0.0473 0.8593 0.0400 0.0488 
         103  1 0.0353 0.0829 0.1404 0.1655 0.5759 
         104  1 0.0364 0.0941 0.0118 0.0255 0.8322 
         105  1 0.0114 0.2045 0.0200 0.2856 0.4785 
         106  1 0.9301 0.0117 0.0139 0.0175 0.0268 
         107  1 0.0768 0.0474 0.6750 0.0722 0.1285 
         108  1 0.0079 0.0535 0.0176 0.7171 0.2039 
         109  1 0.0156 0.0575 0.8458 0.0354 0.0457 
         110  1 0.0079 0.6204 0.1401 0.0525 0.1791 
         111  1 0.4865 0.2268 0.1037 0.0572 0.1259 
         112  1 0.0072 0.2651 0.0720 0.2572 0.3985 
         113  1 0.0162 0.5983 0.0415 0.1491 0.1950 
         114  1 0.0712 0.1127 0.5579 0.0825 0.1757 
         115  1 0.0079 0.2443 0.0321 0.4429 0.2728 
         116  1 0.0072 0.4824 0.0268 0.4167 0.0669 
         117  1 0.0043 0.0405 0.0160 0.8677 0.0714 
         118  1 0.0129 0.1094 0.0148 0.3371 0.5258 
         119  1 0.0067 0.4041 0.0154 0.3572 0.2166 
         120  1 0.0273 0.3771 0.0128 0.4437 0.1391 
         121  1 0.0112 0.2389 0.0162 0.4837 0.2500 
         122  1 0.0095 0.5311 0.0564 0.2309 0.1722 
         123  1 0.0091 0.6512 0.0721 0.1237 0.1439 
         124  1 0.0301 0.5445 0.0151 0.2201 0.1902 
         125  1 0.0071 0.1494 0.0154 0.6944 0.1337 
         126  1 0.0068 0.0843 0.0087 0.5883 0.3120 
         127  1 0.0040 0.0352 0.0102 0.8803 0.0703 
         128  1 0.0144 0.3171 0.1185 0.3526 0.1974 
         129  1 0.0092 0.5651 0.0975 0.0696 0.2585 
         130  1 0.0105 0.1174 0.0716 0.6674 0.1331 
         131  1 0.0069 0.1193 0.1066 0.6686 0.0985 
         132  1 0.0160 0.0610 0.0247 0.6080 0.2904 
         133  1 0.0090 0.3403 0.0134 0.4743 0.1628 
         134  1 0.0195 0.3010 0.0248 0.4053 0.2494 
         135  1 0.0062 0.6290 0.0631 0.1600 0.1417 
         136  1 0.0071 0.2690 0.0597 0.5725 0.0917 
         137  1 0.0112 0.8373 0.0124 0.0530 0.0860 
         138  1 0.0085 0.1733 0.4975 0.2292 0.0915 
         139  1 0.0061 0.0717 0.0099 0.8562 0.0562 
         140  1 0.0059 0.5224 0.0610 0.3207 0.0901 
         141  1 0.0085 0.2712 0.0315 0.5817 0.1071 
         142  1 0.0087 0.2207 0.0235 0.4073 0.3399 
         143  1 0.0254 0.1865 0.0467 0.2825 0.4589 
         144  1 0.0045 0.1369 0.0501 0.7114 0.0972 
         145  1 0.0055 0.1570 0.0199 0.6433 0.1743 
         146  1 0.0067 0.3090 0.4899 0.0824 0.1120 
         147  1 0.0079 0.4474 0.0229 0.3640 0.1577 
         148  1 0.0105 0.4722 0.0438 0.3730 0.1006 
         149  1 0.0039 0.0450 0.0113 0.8985 0.0412 
         150  1 0.0153 0.2154 0.1576 0.4045 0.2072 
         151  1 0.0114 0.4978 0.0874 0.3064 0.0970 
         152  1 0.0045 0.5268 0.0469 0.2495 0.1723 
         153  1 0.0135 0.7302 0.0668 0.0423 0.1472 
         154  1 0.0123 0.7903 0.0190 0.0534 0.1250 
         155  1 0.1186 0.3827 0.0257 0.2866 0.1864 
         156  1 0.0090 0.5253 0.0196 0.3887 0.0575 
         157  1 0.0113 0.2290 0.0110 0.6575 0.0913 
         158  1 0.1049 0.2087 0.0676 0.2370 0.3817 
         159  1 0.1293 0.5187 0.2094 0.0477 0.0949 
         160  1 0.0407 0.5057 0.2592 0.0930 0.1014 
         161  1 0.0077 0.8577 0.0252 0.0149 0.0945 
         162  1 0.0064 0.8632 0.0143 0.0216 0.0945 
         163  1 0.0068 0.8820 0.0091 0.0152 0.0869 
         164  1 0.0259 0.2353 0.3381 0.1861 0.2146 
         165  1 0.0321 0.4791 0.2915 0.1225 0.0747 
         166  1 0.0050 0.2230 0.1815 0.1942 0.3963 
         167  1 0.0129 0.4982 0.0270 0.2427 0.2192 
         168  1 0.0054 0.8361 0.0146 0.0546 0.0894 
         169  1 0.0482 0.5285 0.3411 0.0141 0.0681 
         170  1 0.0063 0.3621 0.2935 0.1855 0.1525 
         171  1 0.0053 0.8666 0.0095 0.0201 0.0986 
         172  1 0.0115 0.4631 0.0459 0.3121 0.1674 
