           1  1 0.1012 0.0648 0.0674 0.0851 0.4059 0.0620 0.1302 0.0834 
           2  1 0.1229 0.0865 0.0983 0.0428 0.2955 0.1012 0.1405 0.1123 
           3  1 0.1421 0.1148 0.1765 0.0521 0.0057 0.0897 0.1428 0.2764 
           4  1 0.1292 0.1162 0.1748 0.0195 0.0158 0.0973 0.1392 0.3080 
           5  1 0.1356 0.1112 0.1678 0.0156 0.0279 0.0899 0.1434 0.3086 
           6  1 0.1435 0.1201 0.1588 0.0132 0.0336 0.1294 0.1230 0.2784 
           7  1 0.1326 0.1110 0.1771 0.0176 0.0097 0.1097 0.1410 0.3013 
           8  1 0.2911 0.0615 0.1064 0.0114 0.0063 0.0913 0.3224 0.1097 
           9  1 0.1595 0.0926 0.1406 0.0487 0.0894 0.0696 0.1655 0.2341 
          10  1 0.1548 0.1170 0.1652 0.0338 0.0191 0.1474 0.1271 0.2357 
          11  1 0.2719 0.0788 0.0812 0.0158 0.0319 0.0903 0.3222 0.1080 
          12  1 0.2818 0.0804 0.0737 0.0580 0.0273 0.0777 0.3101 0.0910 
          13  1 0.2005 0.0745 0.0835 0.0420 0.1766 0.0754 0.2100 0.1375 
          14  1 0.1525 0.1097 0.1793 0.0709 0.0089 0.1510 0.1153 0.2123 
          15  1 0.1574 0.1128 0.1141 0.1476 0.0224 0.0867 0.1759 0.1832 
          16  1 0.0066 0.0074 0.0072 0.0066 0.9494 0.0080 0.0071 0.0077 
          17  1 0.0160 0.1730 0.0105 0.7533 0.0072 0.0164 0.0138 0.0098 
          18  1 0.0056 0.0047 0.0046 0.0040 0.9660 0.0046 0.0054 0.0050 
          19  1 0.0462 0.1650 0.0275 0.6284 0.0094 0.0487 0.0470 0.0277 
          20  1 0.0072 0.0064 0.0068 0.0049 0.9534 0.0073 0.0069 0.0071 
          21  1 0.0114 0.0161 0.0154 0.0146 0.9019 0.0157 0.0124 0.0125 
          22  1 0.1679 0.1439 0.1580 0.0276 0.0158 0.1393 0.1993 0.1482 
          23  1 0.0500 0.1623 0.0522 0.4995 0.0133 0.1218 0.0429 0.0582 
          24  1 0.0693 0.1579 0.0874 0.3531 0.0338 0.1248 0.0717 0.1020 
          25  1 0.1497 0.1049 0.1050 0.0802 0.1321 0.1339 0.1719 0.1222 
          26  1 0.0991 0.1561 0.1044 0.2992 0.0235 0.1054 0.0897 0.1226 
          27  1 0.1121 0.1652 0.0984 0.2762 0.0078 0.1391 0.1046 0.0966 
          28  1 0.0098 0.0102 0.0104 0.0085 0.9305 0.0106 0.0100 0.0101 
          29  1 0.0531 0.1675 0.0679 0.4297 0.0076 0.1530 0.0533 0.0681 
          30  1 0.0093 0.0095 0.0107 0.0100 0.9301 0.0098 0.0085 0.0121 
          31  1 0.1257 0.1698 0.1447 0.0767 0.0232 0.1773 0.1118 0.1708 
          32  1 0.0191 0.0177 0.0177 0.0084 0.8843 0.0169 0.0186 0.0174 
          33  1 0.1967 0.1175 0.1187 0.0785 0.0077 0.1336 0.2165 0.1307 
          34  1 0.0262 0.1653 0.0362 0.6314 0.0051 0.0773 0.0248 0.0337 
          35  1 0.0991 0.1087 0.1952 0.0141 0.0160 0.1131 0.0968 0.3570 
          36  1 0.0722 0.1890 0.1141 0.2930 0.0073 0.1662 0.0720 0.0863 
          37  1 0.0129 0.0098 0.0124 0.0093 0.9169 0.0105 0.0142 0.0140 
          38  1 0.1594 0.1547 0.2417 0.0460 0.0065 0.1152 0.0852 0.1912 
          39  1 0.0113 0.1737 0.0114 0.7626 0.0036 0.0142 0.0116 0.0115 
          40  1 0.1069 0.1597 0.1038 0.1935 0.0094 0.1865 0.1276 0.1126 
          41  1 0.1633 0.1080 0.1644 0.0682 0.0107 0.1762 0.1432 0.1660 
          42  1 0.0050 0.0055 0.0052 0.0049 0.9632 0.0054 0.0054 0.0054 
          43  1 0.1011 0.1469 0.1301 0.1400 0.0856 0.1787 0.1036 0.1142 
          44  1 0.0764 0.1696 0.0672 0.4838 0.0075 0.0641 0.0595 0.0718 
          45  1 0.1936 0.0962 0.1378 0.0902 0.0051 0.1282 0.1796 0.1694 
          46  1 0.0195 0.1709 0.0155 0.7234 0.0062 0.0259 0.0161 0.0224 
          47  1 0.1335 0.1939 0.1464 0.0287 0.0089 0.1973 0.1299 0.1614 
          48  1 0.0146 0.0123 0.0149 0.0077 0.9079 0.0145 0.0139 0.0141 
          49  1 0.0107 0.1698 0.0135 0.7128 0.0043 0.0567 0.0126 0.0197 
          50  1 0.0392 0.1568 0.0450 0.6219 0.0058 0.0380 0.0382 0.0551 
          51  1 0.0306 0.1631 0.0271 0.6847 0.0054 0.0292 0.0339 0.0260 
          52  1 0.0188 0.1664 0.0217 0.6622 0.0106 0.0773 0.0148 0.0282 
          53  1 0.0936 0.0627 0.0629 0.0458 0.5031 0.0654 0.1081 0.0584 
          54  1 0.0366 0.1576 0.0398 0.6260 0.0133 0.0294 0.0422 0.0552 
          55  1 0.1792 0.1035 0.1785 0.0304 0.0107 0.1750 0.1273 0.1954 
          56  1 0.1820 0.0936 0.2191 0.0345 0.0054 0.1234 0.1175 0.2246 
          57  1 0.1514 0.1018 0.2105 0.0460 0.0088 0.1630 0.1223 0.1962 
          58  1 0.0056 0.0056 0.0060 0.0052 0.9599 0.0060 0.0057 0.0060 
          59  1 0.0173 0.0376 0.0263 0.0227 0.8492 0.0228 0.0119 0.0121 
          60  1 0.0446 0.1641 0.0355 0.6019 0.0099 0.0547 0.0485 0.0409 
          61  1 0.0165 0.1705 0.0142 0.7464 0.0044 0.0161 0.0162 0.0157 
          62  1 0.1268 0.1171 0.1632 0.1018 0.0079 0.1619 0.0937 0.2274 
          63  1 0.1561 0.1010 0.1649 0.0643 0.0043 0.1704 0.1593 0.1798 
          64  1 0.2624 0.0973 0.0767 0.1043 0.0206 0.0820 0.2730 0.0838 
          65  1 0.0121 0.0092 0.0105 0.0062 0.9250 0.0133 0.0120 0.0117 
          66  1 0.0143 0.0157 0.0157 0.0116 0.8937 0.0177 0.0152 0.0161 
          67  1 0.0223 0.0239 0.0221 0.0501 0.8156 0.0234 0.0179 0.0247 
          68  1 0.1442 0.1398 0.1005 0.2739 0.0196 0.0855 0.1181 0.1182 
          69  1 0.1591 0.1283 0.2416 0.0523 0.0057 0.1253 0.0823 0.2053 
          70  1 0.1428 0.1781 0.1218 0.1164 0.0046 0.1767 0.1337 0.1257 
          71  1 0.1047 0.1128 0.1905 0.0208 0.0074 0.1139 0.1104 0.3394 
          72  1 0.1440 0.1473 0.2068 0.0567 0.0201 0.1255 0.1007 0.1988 
          73  1 0.0087 0.0084 0.0098 0.0095 0.9355 0.0093 0.0084 0.0104 
          74  1 0.2272 0.0994 0.1139 0.0255 0.0287 0.1267 0.2599 0.1188 
          75  1 0.0280 0.1658 0.0387 0.6103 0.0044 0.0761 0.0377 0.0390 
          76  1 0.0053 0.0060 0.0061 0.0072 0.9581 0.0063 0.0054 0.0055 
          77  1 0.0080 0.0081 0.0090 0.0065 0.9445 0.0081 0.0078 0.0080 
          78  1 0.0198 0.1732 0.0185 0.7108 0.0146 0.0236 0.0169 0.0226 
          79  1 0.0098 0.0115 0.0096 0.0153 0.9229 0.0117 0.0093 0.0099 
          80  1 0.1701 0.1139 0.0581 0.3046 0.0360 0.0965 0.1553 0.0655 
          81  1 0.1520 0.1424 0.2375 0.0497 0.0043 0.1273 0.0852 0.2016 
          82  1 0.0329 0.1686 0.0271 0.6575 0.0042 0.0477 0.0312 0.0308 
          83  1 0.0541 0.1498 0.0566 0.5440 0.0139 0.0545 0.0546 0.0724 
          84  1 0.0081 0.0067 0.0076 0.0051 0.9495 0.0075 0.0075 0.0080 
          85  1 0.1074 0.1329 0.1165 0.0657 0.1977 0.1592 0.0993 0.1212 
          86  1 0.1318 0.1787 0.1507 0.0794 0.0127 0.2116 0.0983 0.1368 
          87  1 0.1210 0.2007 0.2106 0.0672 0.0062 0.1480 0.0899 0.1564 
          88  1 0.1043 0.1610 0.1344 0.1665 0.0163 0.2111 0.0956 0.1107 
          89  1 0.1450 0.1279 0.1728 0.0564 0.0146 0.1480 0.1022 0.2330 
          90  1 0.2128 0.1006 0.1170 0.0674 0.0093 0.1225 0.2404 0.1300 
          91  1 0.1511 0.1572 0.1726 0.0637 0.0126 0.1655 0.1295 0.1478 
          92  1 0.1047 0.2183 0.1438 0.2286 0.0076 0.1367 0.0555 0.1047 
          93  1 0.1765 0.0989 0.2463 0.0382 0.0051 0.1175 0.0698 0.2477 
          94  1 0.2931 0.0554 0.0911 0.0111 0.0054 0.0793 0.3732 0.0914 
          95  1 0.1131 0.1882 0.1501 0.0738 0.0136 0.2220 0.1198 0.1194 
          96  1 0.0206 0.1623 0.0237 0.6531 0.0431 0.0498 0.0206 0.0268 
          97  1 0.0577 0.1582 0.0902 0.4016 0.0135 0.1196 0.0727 0.0864 
          98  1 0.0179 0.0189 0.0177 0.0160 0.8750 0.0200 0.0182 0.0164 
          99  1 0.2753 0.0841 0.0841 0.0162 0.0218 0.0958 0.3241 0.0985 
         100  1 0.1378 0.0950 0.1687 0.0266 0.0379 0.1528 0.1420 0.2391 
         101  1 0.1794 0.0915 0.2309 0.0309 0.0105 0.1138 0.0857 0.2574 
         102  1 0.0395 0.1589 0.0423 0.6381 0.0046 0.0424 0.0313 0.0428 
         103  1 0.1534 0.1146 0.1430 0.0694 0.0298 0.1642 0.1133 0.2123 
         104  1 0.0979 0.1118 0.1897 0.0125 0.0256 0.1070 0.0989 0.3567 
         105  1 0.1434 0.1202 0.1896 0.0299 0.0114 0.1360 0.1436 0.2259 
         106  1 0.0201 0.0151 0.0158 0.0125 0.8851 0.0161 0.0186 0.0168 
         107  1 0.1333 0.1404 0.0937 0.1836 0.0689 0.1507 0.1145 0.1149 
         108  1 0.2878 0.0777 0.0879 0.0166 0.0062 0.1024 0.3159 0.1054 
         109  1 0.0579 0.1520 0.0615 0.4741 0.0172 0.1269 0.0510 0.0595 
         110  1 0.1451 0.2220 0.2267 0.0887 0.0072 0.1179 0.0535 0.1390 
         111  1 0.0791 0.1134 0.1033 0.0541 0.4364 0.0818 0.0539 0.0780 
         112  1 0.1587 0.1322 0.1868 0.0483 0.0058 0.1293 0.1256 0.2133 
         113  1 0.1252 0.1875 0.1887 0.0670 0.0146 0.1774 0.0995 0.1399 
         114  1 0.0907 0.1498 0.0917 0.2821 0.0646 0.1106 0.0878 0.1226 
         115  1 0.1545 0.1234 0.1661 0.0341 0.0067 0.1470 0.1791 0.1892 
         116  1 0.1422 0.0853 0.1664 0.0572 0.0056 0.2080 0.2002 0.1350 
         117  1 0.2298 0.0705 0.1072 0.0179 0.0038 0.1152 0.3484 0.1071 
         118  1 0.1499 0.1237 0.1236 0.0277 0.0115 0.2129 0.1514 0.1994 
         119  1 0.1626 0.1117 0.1933 0.0529 0.0059 0.1710 0.1477 0.1550 
         120  1 0.1567 0.0625 0.1764 0.0349 0.0186 0.2039 0.2109 0.1362 
         121  1 0.1821 0.1186 0.1688 0.0300 0.0093 0.1390 0.1870 0.1652 
         122  1 0.1227 0.1656 0.1913 0.0590 0.0087 0.1700 0.1360 0.1468 
         123  1 0.1123 0.1935 0.1849 0.0762 0.0079 0.1628 0.1164 0.1459 
         124  1 0.1325 0.1901 0.1780 0.0783 0.0241 0.1519 0.1314 0.1138 
         125  1 0.2210 0.0893 0.1263 0.0268 0.0063 0.1261 0.2838 0.1204 
         126  1 0.2013 0.0766 0.1855 0.0200 0.0065 0.1204 0.2040 0.1857 
         127  1 0.2866 0.0537 0.1004 0.0086 0.0040 0.0918 0.3618 0.0930 
         128  1 0.1167 0.1585 0.1493 0.0505 0.0101 0.2438 0.1459 0.1252 
         129  1 0.1132 0.1961 0.2082 0.0823 0.0078 0.1571 0.0704 0.1648 
         130  1 0.1923 0.0877 0.1240 0.0655 0.0101 0.1388 0.2435 0.1382 
         131  1 0.1522 0.1101 0.1036 0.1426 0.0069 0.1559 0.2265 0.1022 
         132  1 0.2664 0.0692 0.0821 0.0158 0.0121 0.0962 0.3519 0.1062 
         133  1 0.1358 0.1154 0.1547 0.0550 0.0081 0.2093 0.1751 0.1466 
         134  1 0.1566 0.0629 0.1741 0.0365 0.0135 0.2215 0.1869 0.1479 
         135  1 0.1212 0.1805 0.1813 0.0808 0.0054 0.1748 0.1158 0.1402 
         136  1 0.1662 0.0688 0.1519 0.0482 0.0063 0.1953 0.2285 0.1348 
         137  1 0.0961 0.3149 0.2109 0.1315 0.0099 0.1556 0.0361 0.0450 
         138  1 0.1071 0.1453 0.1067 0.2412 0.0081 0.1653 0.1183 0.1079 
         139  1 0.2681 0.0609 0.1070 0.0117 0.0060 0.1104 0.3346 0.1013 
         140  1 0.1107 0.1463 0.1746 0.0870 0.0052 0.2096 0.1546 0.1120 
         141  1 0.1612 0.0966 0.1579 0.0413 0.0071 0.1796 0.2298 0.1265 
         142  1 0.1495 0.1131 0.1807 0.0311 0.0071 0.1427 0.1652 0.2107 
         143  1 0.1538 0.1242 0.1828 0.0395 0.0220 0.1460 0.1466 0.1851 
         144  1 0.2118 0.0771 0.1310 0.0392 0.0043 0.1516 0.2564 0.1287 
         145  1 0.1820 0.0745 0.1542 0.0296 0.0052 0.1880 0.2168 0.1497 
         146  1 0.0969 0.1652 0.1209 0.2113 0.0059 0.1592 0.1005 0.1403 
         147  1 0.1532 0.1135 0.1684 0.0349 0.0061 0.1759 0.1709 0.1772 
         148  1 0.1441 0.1307 0.1734 0.0444 0.0088 0.1713 0.1833 0.1440 
         149  1 0.2649 0.0619 0.0992 0.0126 0.0036 0.0994 0.3631 0.0952 
         150  1 0.1578 0.0959 0.1442 0.0908 0.0120 0.1654 0.2042 0.1298 
         151  1 0.1302 0.1219 0.1649 0.0893 0.0105 0.1936 0.1691 0.1204 
         152  1 0.1460 0.1838 0.1867 0.0716 0.0041 0.1367 0.1158 0.1553 
         153  1 0.0944 0.2509 0.1983 0.1061 0.0123 0.1716 0.0572 0.1091 
         154  1 0.1192 0.2580 0.2037 0.1047 0.0116 0.1437 0.0618 0.0972 
         155  1 0.1466 0.0704 0.1594 0.0325 0.0640 0.2041 0.1874 0.1356 
         156  1 0.1467 0.1014 0.1714 0.0521 0.0072 0.2070 0.1868 0.1275 
         157  1 0.1724 0.0715 0.1687 0.0371 0.0101 0.1777 0.2221 0.1405 
         158  1 0.1189 0.1392 0.1298 0.0526 0.0844 0.1922 0.1392 0.1438 
         159  1 0.1118 0.1999 0.1463 0.0583 0.0764 0.1965 0.0898 0.1211 
         160  1 0.1201 0.1908 0.1495 0.0560 0.0272 0.2107 0.1128 0.1329 
         161  1 0.0903 0.3403 0.2145 0.1482 0.0070 0.1435 0.0174 0.0390 
         162  1 0.0941 0.3298 0.2164 0.1372 0.0059 0.1391 0.0298 0.0477 
         163  1 0.0933 0.3480 0.2195 0.1464 0.0066 0.1383 0.0168 0.0310 
         164  1 0.1296 0.1215 0.1342 0.1149 0.0228 0.1742 0.1579 0.1449 
         165  1 0.1054 0.1632 0.1436 0.1074 0.0241 0.1963 0.1349 0.1251 
         166  1 0.1281 0.1580 0.1511 0.1222 0.0045 0.1617 0.1089 0.1655 
         167  1 0.1455 0.1239 0.1754 0.0476 0.0101 0.1783 0.1516 0.1677 
         168  1 0.1115 0.2969 0.2130 0.1237 0.0052 0.1376 0.0462 0.0661 
         169  1 0.0793 0.2545 0.1431 0.2499 0.0352 0.1541 0.0362 0.0477 
         170  1 0.1249 0.1461 0.1533 0.1095 0.0047 0.1748 0.1519 0.1348 
         171  1 0.0934 0.3392 0.2163 0.1424 0.0054 0.1444 0.0217 0.0371 
         172  1 0.1576 0.0900 0.1719 0.0382 0.0086 0.1849 0.1856 0.1633 
