           1  1 0.0560 0.1736 0.0825 0.1105 0.1501 0.4274 
           2  1 0.0659 0.2199 0.0994 0.0782 0.2128 0.3240 
           3  1 0.0180 0.2793 0.3929 0.0626 0.2409 0.0063 
           4  1 0.0188 0.2707 0.4456 0.0269 0.2195 0.0185 
           5  1 0.0145 0.2733 0.4270 0.0194 0.2261 0.0396 
           6  1 0.0464 0.2294 0.4878 0.0076 0.1952 0.0336 
           7  1 0.0264 0.2725 0.4439 0.0189 0.2270 0.0113 
           8  1 0.0293 0.4174 0.1421 0.0095 0.3943 0.0074 
           9  1 0.0207 0.3012 0.2401 0.0654 0.2496 0.1231 
          10  1 0.0682 0.2266 0.4535 0.0275 0.2071 0.0172 
          11  1 0.0394 0.4378 0.0554 0.0243 0.4076 0.0354 
          12  1 0.0299 0.4326 0.0289 0.0923 0.3885 0.0278 
          13  1 0.0325 0.3499 0.1040 0.0480 0.2842 0.1814 
          14  1 0.0955 0.1823 0.4384 0.0802 0.1937 0.0098 
          15  1 0.0458 0.2972 0.2599 0.1689 0.2040 0.0242 
          16  1 0.0068 0.0071 0.0087 0.0073 0.0075 0.9627 
          17  1 0.0099 0.0136 0.0091 0.9491 0.0118 0.0065 
          18  1 0.0048 0.0056 0.0051 0.0041 0.0052 0.9751 
          19  1 0.0186 0.0461 0.0156 0.8782 0.0325 0.0090 
          20  1 0.0074 0.0080 0.0075 0.0049 0.0071 0.9651 
          21  1 0.0171 0.0114 0.0121 0.0147 0.0120 0.9326 
          22  1 0.2348 0.2503 0.1443 0.0160 0.3387 0.0158 
          23  1 0.0525 0.0301 0.0357 0.8312 0.0359 0.0146 
          24  1 0.0957 0.0729 0.1197 0.5991 0.0715 0.0411 
          25  1 0.0851 0.2568 0.1185 0.1163 0.2455 0.1777 
          26  1 0.1448 0.0768 0.1391 0.5094 0.1083 0.0216 
          27  1 0.2015 0.1100 0.0771 0.4826 0.1205 0.0083 
          28  1 0.0104 0.0104 0.0106 0.0097 0.0109 0.9480 
          29  1 0.0884 0.0275 0.0352 0.8117 0.0288 0.0084 
          30  1 0.0078 0.0092 0.0139 0.0112 0.0092 0.9487 
          31  1 0.2420 0.1558 0.2500 0.1236 0.1957 0.0329 
          32  1 0.0168 0.0191 0.0173 0.0079 0.0205 0.9184 
          33  1 0.0605 0.3418 0.1276 0.1431 0.3188 0.0081 
          34  1 0.0464 0.0170 0.0223 0.8897 0.0195 0.0051 
          35  1 0.0382 0.1814 0.5888 0.0099 0.1648 0.0170 
          36  1 0.2710 0.0450 0.0921 0.5055 0.0784 0.0080 
          37  1 0.0091 0.0121 0.0145 0.0098 0.0146 0.9399 
          38  1 0.4407 0.0491 0.2998 0.0124 0.1903 0.0078 
          39  1 0.0111 0.0124 0.0145 0.9469 0.0114 0.0036 
          40  1 0.1189 0.1085 0.0976 0.5125 0.1506 0.0118 
          41  1 0.1436 0.2041 0.3195 0.0895 0.2319 0.0114 
          42  1 0.0060 0.0051 0.0055 0.0049 0.0052 0.9733 
          43  1 0.2040 0.1521 0.1377 0.2572 0.1276 0.1214 
          44  1 0.0722 0.0839 0.0975 0.6604 0.0784 0.0077 
          45  1 0.0595 0.2821 0.3007 0.1032 0.2490 0.0054 
          46  1 0.0138 0.0126 0.0145 0.9386 0.0131 0.0074 
          47  1 0.3484 0.1478 0.1978 0.0337 0.2621 0.0102 
          48  1 0.0156 0.0135 0.0125 0.0079 0.0159 0.9346 
          49  1 0.0099 0.0101 0.0098 0.9560 0.0093 0.0048 
          50  1 0.0241 0.0394 0.0534 0.8458 0.0316 0.0057 
          51  1 0.0152 0.0323 0.0390 0.8808 0.0274 0.0054 
          52  1 0.0203 0.0116 0.0137 0.9300 0.0137 0.0107 
          53  1 0.0767 0.1402 0.0613 0.0585 0.1374 0.5259 
          54  1 0.0176 0.0506 0.0491 0.8398 0.0301 0.0129 
          55  1 0.0732 0.1982 0.4298 0.0264 0.2627 0.0098 
          56  1 0.0792 0.1848 0.4577 0.0187 0.2539 0.0057 
          57  1 0.2335 0.1434 0.3798 0.0422 0.1917 0.0094 
          58  1 0.0059 0.0067 0.0062 0.0057 0.0059 0.9696 
          59  1 0.0523 0.0116 0.0175 0.0108 0.0152 0.8926 
          60  1 0.0235 0.0382 0.0259 0.8681 0.0350 0.0093 
          61  1 0.0107 0.0169 0.0170 0.9371 0.0137 0.0045 
          62  1 0.0925 0.1665 0.4283 0.1267 0.1782 0.0078 
          63  1 0.2548 0.2313 0.2598 0.0581 0.1917 0.0043 
          64  1 0.0322 0.3667 0.0295 0.2119 0.3384 0.0212 
          65  1 0.0102 0.0123 0.0115 0.0058 0.0104 0.9499 
          66  1 0.0193 0.0155 0.0166 0.0108 0.0159 0.9219 
          67  1 0.0150 0.0178 0.0270 0.0546 0.0202 0.8655 
          68  1 0.0547 0.1894 0.1416 0.3997 0.1937 0.0208 
          69  1 0.2844 0.0985 0.3696 0.0362 0.2049 0.0065 
          70  1 0.3129 0.1439 0.1103 0.2329 0.1947 0.0051 
          71  1 0.0763 0.1886 0.5518 0.0173 0.1577 0.0083 
          72  1 0.3296 0.1131 0.3009 0.0409 0.1969 0.0186 
          73  1 0.0078 0.0087 0.0121 0.0104 0.0080 0.9530 
          74  1 0.1553 0.3391 0.0940 0.0234 0.3585 0.0296 
          75  1 0.0375 0.0213 0.0291 0.8839 0.0236 0.0046 
          76  1 0.0075 0.0060 0.0061 0.0067 0.0059 0.9678 
          77  1 0.0083 0.0076 0.0094 0.0063 0.0080 0.9604 
          78  1 0.0122 0.0153 0.0207 0.9239 0.0149 0.0129 
          79  1 0.0115 0.0093 0.0100 0.0195 0.0082 0.9415 
          80  1 0.0198 0.2034 0.0266 0.5194 0.1927 0.0381 
          81  1 0.4208 0.0572 0.3071 0.0181 0.1924 0.0044 
          82  1 0.0188 0.0296 0.0209 0.9000 0.0263 0.0044 
          83  1 0.0190 0.0781 0.1064 0.7329 0.0499 0.0136 
          84  1 0.0078 0.0073 0.0084 0.0049 0.0084 0.9632 
          85  1 0.2097 0.1523 0.1896 0.0607 0.1357 0.2521 
          86  1 0.4445 0.0535 0.1910 0.1357 0.1606 0.0147 
          87  1 0.5821 0.0570 0.1871 0.0174 0.1504 0.0060 
          88  1 0.2416 0.1553 0.1370 0.3102 0.1335 0.0224 
          89  1 0.1680 0.1625 0.4467 0.0445 0.1646 0.0138 
          90  1 0.0626 0.3729 0.1588 0.0762 0.3199 0.0097 
          91  1 0.4346 0.1472 0.1791 0.0421 0.1839 0.0130 
          92  1 0.4316 0.0137 0.1176 0.3242 0.1043 0.0086 
          93  1 0.1774 0.1051 0.4934 0.0113 0.2069 0.0060 
          94  1 0.0300 0.4752 0.0460 0.0106 0.4320 0.0061 
          95  1 0.4346 0.1392 0.1691 0.0719 0.1697 0.0156 
          96  1 0.0293 0.0129 0.0196 0.8818 0.0163 0.0402 
          97  1 0.0599 0.0530 0.0716 0.7520 0.0503 0.0131 
          98  1 0.0203 0.0181 0.0159 0.0154 0.0172 0.9130 
          99  1 0.0471 0.4433 0.0399 0.0199 0.4260 0.0239 
         100  1 0.0617 0.2165 0.4583 0.0237 0.1988 0.0409 
         101  1 0.1052 0.1489 0.4972 0.0079 0.2301 0.0107 
         102  1 0.0478 0.0349 0.0459 0.8262 0.0404 0.0049 
         103  1 0.0441 0.2088 0.4335 0.0974 0.1846 0.0316 
         104  1 0.0359 0.1880 0.5810 0.0111 0.1512 0.0328 
         105  1 0.1604 0.1872 0.3921 0.0190 0.2296 0.0117 
         106  1 0.0102 0.0207 0.0231 0.0132 0.0211 0.9118 
         107  1 0.0527 0.1472 0.1066 0.4493 0.1596 0.0845 
         108  1 0.0504 0.4239 0.0727 0.0145 0.4317 0.0070 
         109  1 0.0584 0.0626 0.0521 0.7672 0.0430 0.0167 
         110  1 0.5760 0.0161 0.1946 0.0550 0.1518 0.0065 
         111  1 0.2237 0.0558 0.0925 0.0498 0.1069 0.4713 
         112  1 0.2479 0.1289 0.3059 0.0501 0.2608 0.0064 
         113  1 0.4086 0.1609 0.2020 0.0269 0.1840 0.0176 
         114  1 0.1164 0.1019 0.1495 0.4562 0.1002 0.0757 
         115  1 0.1861 0.2659 0.2739 0.0277 0.2392 0.0072 
         116  1 0.3281 0.2995 0.1621 0.0199 0.1842 0.0061 
         117  1 0.0609 0.4180 0.0756 0.0140 0.4277 0.0039 
         118  1 0.0676 0.2793 0.3750 0.0173 0.2476 0.0132 
         119  1 0.2928 0.2285 0.2624 0.0150 0.1949 0.0064 
         120  1 0.2860 0.3133 0.1792 0.0096 0.1922 0.0198 
         121  1 0.1847 0.2526 0.2187 0.0148 0.3187 0.0106 
         122  1 0.3482 0.1970 0.2272 0.0463 0.1711 0.0103 
         123  1 0.4452 0.1320 0.2050 0.0580 0.1508 0.0090 
         124  1 0.3858 0.2102 0.1840 0.0131 0.1776 0.0292 
         125  1 0.1243 0.3631 0.1189 0.0129 0.3742 0.0067 
         126  1 0.0694 0.2815 0.3167 0.0081 0.3173 0.0070 
         127  1 0.0527 0.4676 0.0416 0.0096 0.4244 0.0041 
         128  1 0.2786 0.2053 0.1844 0.0850 0.2329 0.0137 
         129  1 0.4862 0.0583 0.2462 0.0596 0.1415 0.0083 
         130  1 0.1212 0.3549 0.1386 0.0699 0.3046 0.0108 
         131  1 0.1399 0.3061 0.1349 0.1646 0.2475 0.0070 
         132  1 0.0364 0.4517 0.0623 0.0176 0.4199 0.0121 
         133  1 0.2855 0.2859 0.2087 0.0110 0.2003 0.0087 
         134  1 0.2257 0.2921 0.2398 0.0237 0.2014 0.0173 
         135  1 0.4433 0.1413 0.1909 0.0520 0.1666 0.0059 
         136  1 0.2308 0.3188 0.1680 0.0474 0.2284 0.0065 
         137  1 0.6758 0.0677 0.1329 0.0106 0.1016 0.0114 
         138  1 0.1744 0.1561 0.1135 0.4132 0.1341 0.0086 
         139  1 0.0761 0.4516 0.0754 0.0098 0.3815 0.0055 
         140  1 0.3445 0.2502 0.1613 0.0480 0.1910 0.0050 
         141  1 0.2067 0.3409 0.1587 0.0239 0.2621 0.0077 
         142  1 0.1659 0.2188 0.3223 0.0212 0.2642 0.0076 
         143  1 0.1294 0.2214 0.3315 0.0342 0.2595 0.0241 
         144  1 0.1506 0.3938 0.1110 0.0468 0.2933 0.0045 
         145  1 0.1632 0.3500 0.2030 0.0206 0.2576 0.0057 
         146  1 0.3544 0.0592 0.1322 0.3218 0.1262 0.0062 
         147  1 0.3043 0.2299 0.2455 0.0177 0.1958 0.0067 
         148  1 0.3298 0.2529 0.1560 0.0315 0.2197 0.0102 
         149  1 0.0738 0.4440 0.0490 0.0089 0.4205 0.0038 
         150  1 0.1934 0.3093 0.1667 0.1195 0.1966 0.0145 
         151  1 0.3213 0.2504 0.1632 0.0788 0.1754 0.0109 
         152  1 0.4609 0.0928 0.2123 0.0341 0.1958 0.0041 
         153  1 0.5670 0.0591 0.1700 0.0577 0.1328 0.0134 
         154  1 0.6161 0.0690 0.1562 0.0147 0.1321 0.0119 
         155  1 0.2689 0.2568 0.1822 0.0176 0.1901 0.0844 
         156  1 0.3372 0.2892 0.1614 0.0136 0.1911 0.0076 
         157  1 0.2255 0.3437 0.1667 0.0091 0.2444 0.0105 
         158  1 0.1674 0.2067 0.2677 0.0617 0.2013 0.0953 
         159  1 0.4904 0.0450 0.1477 0.0983 0.1242 0.0943 
         160  1 0.4644 0.0822 0.1544 0.1225 0.1383 0.0383 
         161  1 0.7335 0.0181 0.1281 0.0210 0.0918 0.0075 
         162  1 0.7305 0.0185 0.1321 0.0148 0.0976 0.0065 
         163  1 0.7552 0.0186 0.1228 0.0085 0.0883 0.0065 
         164  1 0.1771 0.2183 0.1998 0.2293 0.1491 0.0265 
         165  1 0.3521 0.1723 0.1389 0.1753 0.1286 0.0328 
         166  1 0.2221 0.1490 0.3106 0.1519 0.1617 0.0048 
         167  1 0.3095 0.2236 0.2831 0.0169 0.1558 0.0112 
         168  1 0.6895 0.0501 0.1317 0.0149 0.1085 0.0053 
         169  1 0.4603 0.0325 0.0942 0.2945 0.0668 0.0517 
         170  1 0.2626 0.1869 0.1876 0.2083 0.1488 0.0057 
         171  1 0.7257 0.0305 0.1359 0.0086 0.0940 0.0053 
         172  1 0.2941 0.2552 0.2230 0.0282 0.1904 0.0090 
