           1  1 0.1487 0.0820 0.0600 0.0812 0.1187 0.0992 0.4101 
           2  1 0.1910 0.1100 0.0886 0.0771 0.1558 0.0661 0.3113 
           3  1 0.4226 0.1739 0.0513 0.1114 0.1758 0.0584 0.0065 
           4  1 0.4580 0.1745 0.0402 0.1242 0.1663 0.0217 0.0151 
           5  1 0.4526 0.1781 0.0324 0.1171 0.1673 0.0170 0.0354 
           6  1 0.4359 0.1800 0.0427 0.1303 0.1765 0.0068 0.0278 
           7  1 0.4444 0.1788 0.0449 0.1215 0.1838 0.0158 0.0108 
           8  1 0.2925 0.1559 0.1861 0.0642 0.2839 0.0104 0.0071 
           9  1 0.3394 0.1550 0.0592 0.0932 0.1777 0.0616 0.1139 
          10  1 0.3339 0.2161 0.1006 0.1147 0.1942 0.0243 0.0161 
          11  1 0.2944 0.1414 0.1450 0.0574 0.2971 0.0291 0.0357 
          12  1 0.2884 0.1274 0.1249 0.0506 0.2758 0.1053 0.0276 
          13  1 0.2727 0.1084 0.0952 0.0764 0.2085 0.0531 0.1856 
          14  1 0.1781 0.2261 0.2238 0.1496 0.1303 0.0823 0.0099 
          15  1 0.2810 0.1357 0.0752 0.1161 0.1707 0.1995 0.0217 
          16  1 0.0087 0.0076 0.0081 0.0068 0.0076 0.0068 0.9543 
          17  1 0.0132 0.0139 0.0119 0.0095 0.0182 0.9259 0.0075 
          18  1 0.0058 0.0049 0.0049 0.0050 0.0053 0.0039 0.9702 
          19  1 0.0434 0.0356 0.0302 0.0229 0.0532 0.8056 0.0090 
          20  1 0.0073 0.0068 0.0067 0.0081 0.0068 0.0046 0.9597 
          21  1 0.0097 0.0138 0.0133 0.0182 0.0141 0.0130 0.9179 
          22  1 0.1478 0.1977 0.2943 0.1035 0.2272 0.0137 0.0158 
          23  1 0.0276 0.0853 0.0753 0.0512 0.0588 0.6877 0.0140 
          24  1 0.0850 0.1125 0.1071 0.0848 0.0866 0.4878 0.0361 
          25  1 0.1957 0.1442 0.1180 0.0989 0.1793 0.1026 0.1614 
          26  1 0.0765 0.1278 0.1667 0.0788 0.1063 0.4211 0.0228 
          27  1 0.0704 0.1344 0.1661 0.1354 0.1090 0.3765 0.0082 
          28  1 0.0096 0.0118 0.0117 0.0093 0.0107 0.0087 0.9382 
          29  1 0.0247 0.1095 0.1063 0.0725 0.1014 0.5782 0.0075 
          30  1 0.0137 0.0111 0.0092 0.0082 0.0086 0.0112 0.9381 
          31  1 0.1929 0.1758 0.1614 0.1733 0.1934 0.0759 0.0273 
          32  1 0.0195 0.0180 0.0196 0.0160 0.0181 0.0067 0.9021 
          33  1 0.2385 0.1631 0.1653 0.0750 0.2353 0.1141 0.0087 
          34  1 0.0144 0.0514 0.0553 0.0365 0.0372 0.8002 0.0050 
          35  1 0.4599 0.1801 0.0362 0.1205 0.1785 0.0091 0.0158 
          36  1 0.0498 0.1217 0.1388 0.1712 0.1251 0.3863 0.0071 
          37  1 0.0156 0.0117 0.0116 0.0103 0.0134 0.0091 0.9284 
          38  1 0.0599 0.2561 0.3941 0.1609 0.1125 0.0099 0.0065 
          39  1 0.0109 0.0118 0.0135 0.0110 0.0119 0.9374 0.0035 
          40  1 0.0692 0.1917 0.1593 0.0940 0.1914 0.2845 0.0099 
          41  1 0.1476 0.2281 0.2234 0.1434 0.1602 0.0856 0.0117 
          42  1 0.0051 0.0054 0.0052 0.0062 0.0052 0.0047 0.9682 
          43  1 0.1001 0.1591 0.1503 0.1794 0.1278 0.1866 0.0968 
          44  1 0.0622 0.0751 0.0844 0.0581 0.0699 0.6428 0.0075 
          45  1 0.2141 0.2041 0.1668 0.1131 0.1886 0.1082 0.0052 
          46  1 0.0136 0.0267 0.0253 0.0122 0.0170 0.8979 0.0073 
          47  1 0.0816 0.2323 0.3017 0.1364 0.2190 0.0198 0.0092 
          48  1 0.0131 0.0127 0.0162 0.0137 0.0162 0.0073 0.9208 
          49  1 0.0105 0.0359 0.0319 0.0127 0.0120 0.8925 0.0045 
          50  1 0.0656 0.0402 0.0330 0.0275 0.0324 0.7952 0.0060 
          51  1 0.0463 0.0345 0.0214 0.0177 0.0349 0.8399 0.0054 
          52  1 0.0128 0.0459 0.0406 0.0198 0.0188 0.8519 0.0102 
          53  1 0.1027 0.0828 0.0610 0.0841 0.1114 0.0464 0.5117 
          54  1 0.0562 0.0364 0.0226 0.0266 0.0357 0.8094 0.0131 
          55  1 0.1985 0.2378 0.2054 0.1229 0.1988 0.0266 0.0098 
          56  1 0.1865 0.2535 0.2795 0.0947 0.1633 0.0168 0.0057 
          57  1 0.1057 0.2393 0.3001 0.1836 0.1215 0.0401 0.0098 
          58  1 0.0063 0.0058 0.0057 0.0061 0.0057 0.0051 0.9651 
          59  1 0.0159 0.0184 0.0219 0.0470 0.0233 0.0099 0.8636 
          60  1 0.0327 0.0432 0.0458 0.0288 0.0466 0.7940 0.0088 
          61  1 0.0158 0.0148 0.0116 0.0110 0.0142 0.9284 0.0043 
          62  1 0.2751 0.2059 0.1041 0.1366 0.1492 0.1213 0.0079 
          63  1 0.1204 0.2106 0.2012 0.2560 0.1507 0.0567 0.0043 
          64  1 0.2452 0.1094 0.1365 0.0385 0.2686 0.1817 0.0201 
          65  1 0.0113 0.0110 0.0086 0.0146 0.0117 0.0056 0.9371 
          66  1 0.0138 0.0167 0.0171 0.0182 0.0166 0.0101 0.9075 
          67  1 0.0279 0.0214 0.0170 0.0157 0.0202 0.0529 0.8449 
          68  1 0.1363 0.1208 0.1287 0.0678 0.1432 0.3805 0.0227 
          69  1 0.0836 0.2503 0.3776 0.1500 0.1045 0.0281 0.0059 
          70  1 0.0824 0.1925 0.2487 0.1437 0.1645 0.1635 0.0048 
          71  1 0.4339 0.1795 0.0359 0.1434 0.1833 0.0166 0.0074 
          72  1 0.0943 0.2318 0.3639 0.1459 0.1136 0.0309 0.0196 
          73  1 0.0111 0.0098 0.0084 0.0085 0.0087 0.0094 0.9441 
          74  1 0.2274 0.1700 0.2032 0.0960 0.2552 0.0206 0.0276 
          75  1 0.0226 0.0539 0.0500 0.0391 0.0556 0.7743 0.0045 
          76  1 0.0049 0.0065 0.0062 0.0065 0.0055 0.0068 0.9636 
          77  1 0.0092 0.0081 0.0075 0.0088 0.0085 0.0068 0.9511 
          78  1 0.0231 0.0249 0.0271 0.0161 0.0171 0.8779 0.0138 
          79  1 0.0091 0.0117 0.0115 0.0105 0.0094 0.0186 0.9292 
          80  1 0.1459 0.0873 0.0857 0.0274 0.1607 0.4547 0.0384 
          81  1 0.0527 0.2587 0.4215 0.1617 0.0861 0.0152 0.0041 
          82  1 0.0288 0.0349 0.0319 0.0298 0.0376 0.8332 0.0039 
          83  1 0.1017 0.0587 0.0411 0.0332 0.0586 0.6929 0.0137 
          84  1 0.0081 0.0079 0.0079 0.0066 0.0080 0.0047 0.9568 
          85  1 0.1289 0.1423 0.1206 0.1816 0.1508 0.0486 0.2271 
          86  1 0.0630 0.2102 0.2644 0.1789 0.1845 0.0854 0.0135 
          87  1 0.0573 0.2018 0.3192 0.2730 0.1287 0.0139 0.0061 
          88  1 0.1130 0.1642 0.1363 0.2236 0.1483 0.1966 0.0181 
          89  1 0.2640 0.1969 0.1237 0.2034 0.1640 0.0339 0.0141 
          90  1 0.2245 0.1881 0.1756 0.0973 0.2298 0.0757 0.0090 
          91  1 0.0732 0.2101 0.2890 0.2335 0.1388 0.0413 0.0141 
          92  1 0.0203 0.1565 0.3098 0.1437 0.0961 0.2659 0.0076 
          93  1 0.1447 0.2691 0.3088 0.1367 0.1240 0.0112 0.0055 
          94  1 0.2980 0.1639 0.1662 0.0501 0.3024 0.0133 0.0060 
          95  1 0.0796 0.1972 0.1612 0.2687 0.2211 0.0560 0.0162 
          96  1 0.0124 0.0346 0.0409 0.0209 0.0177 0.8319 0.0416 
          97  1 0.0713 0.0976 0.0949 0.0615 0.0745 0.5876 0.0126 
          98  1 0.0154 0.0195 0.0183 0.0206 0.0194 0.0155 0.8912 
          99  1 0.2799 0.1479 0.1594 0.0500 0.3187 0.0211 0.0230 
         100  1 0.3590 0.1914 0.0635 0.1576 0.1671 0.0217 0.0397 
         101  1 0.1855 0.2682 0.2689 0.1135 0.1462 0.0071 0.0106 
         102  1 0.0277 0.0469 0.0615 0.0335 0.0428 0.7828 0.0048 
         103  1 0.3226 0.2082 0.0748 0.1011 0.1808 0.0830 0.0295 
         104  1 0.4738 0.1724 0.0216 0.1198 0.1776 0.0096 0.0251 
         105  1 0.2082 0.2247 0.2171 0.1542 0.1640 0.0195 0.0123 
         106  1 0.0231 0.0169 0.0144 0.0126 0.0188 0.0141 0.9002 
         107  1 0.1116 0.1448 0.1470 0.0562 0.1449 0.3118 0.0836 
         108  1 0.2730 0.1569 0.1735 0.0724 0.3031 0.0137 0.0072 
         109  1 0.0444 0.0804 0.0640 0.0851 0.0528 0.6557 0.0175 
         110  1 0.0365 0.2050 0.4043 0.2020 0.1143 0.0317 0.0064 
         111  1 0.0609 0.0921 0.1408 0.1141 0.0902 0.0460 0.4558 
         112  1 0.0972 0.2548 0.3769 0.1115 0.1195 0.0340 0.0061 
         113  1 0.1084 0.1754 0.1971 0.3170 0.1632 0.0239 0.0150 
         114  1 0.1048 0.1056 0.1102 0.0900 0.1076 0.4018 0.0800 
         115  1 0.1977 0.2181 0.2103 0.1635 0.1793 0.0239 0.0073 
         116  1 0.1329 0.1620 0.1633 0.3992 0.1202 0.0166 0.0060 
         117  1 0.2565 0.1801 0.2107 0.0733 0.2615 0.0141 0.0039 
         118  1 0.2830 0.2503 0.1087 0.0874 0.2422 0.0166 0.0117 
         119  1 0.1345 0.2057 0.2170 0.2753 0.1480 0.0134 0.0061 
         120  1 0.1396 0.1753 0.1500 0.3733 0.1322 0.0087 0.0210 
         121  1 0.1699 0.2208 0.2803 0.1296 0.1766 0.0132 0.0096 
         122  1 0.1462 0.1678 0.1767 0.2941 0.1715 0.0339 0.0097 
         123  1 0.1015 0.1824 0.2254 0.2864 0.1524 0.0434 0.0084 
         124  1 0.1485 0.1522 0.1329 0.3870 0.1425 0.0117 0.0253 
         125  1 0.2194 0.1717 0.2185 0.1147 0.2584 0.0107 0.0066 
         126  1 0.2202 0.2154 0.2460 0.1096 0.1948 0.0072 0.0068 
         127  1 0.2696 0.1705 0.1847 0.0765 0.2861 0.0088 0.0039 
         128  1 0.0832 0.2299 0.1912 0.2000 0.2442 0.0393 0.0123 
         129  1 0.0931 0.1831 0.2917 0.2219 0.1575 0.0450 0.0077 
         130  1 0.1771 0.1993 0.1843 0.1454 0.2204 0.0619 0.0115 
         131  1 0.1423 0.1848 0.1467 0.1712 0.1843 0.1634 0.0073 
         132  1 0.3047 0.1596 0.1575 0.0473 0.2947 0.0243 0.0119 
         133  1 0.1219 0.2029 0.1647 0.3118 0.1787 0.0114 0.0087 
         134  1 0.1414 0.2034 0.1287 0.3039 0.1887 0.0186 0.0152 
         135  1 0.1095 0.1910 0.2149 0.2775 0.1597 0.0415 0.0059 
         136  1 0.1220 0.2063 0.1721 0.2873 0.1577 0.0479 0.0067 
         137  1 0.0815 0.1177 0.1486 0.4886 0.1437 0.0099 0.0100 
         138  1 0.0936 0.1502 0.1299 0.1409 0.1576 0.3197 0.0081 
         139  1 0.2474 0.1645 0.1888 0.1091 0.2769 0.0072 0.0060 
         140  1 0.1115 0.1581 0.1539 0.3905 0.1436 0.0374 0.0051 
         141  1 0.1518 0.1898 0.1740 0.2440 0.2086 0.0244 0.0074 
         142  1 0.1685 0.2324 0.2719 0.1409 0.1624 0.0162 0.0077 
         143  1 0.2094 0.2098 0.2272 0.1230 0.1757 0.0327 0.0223 
         144  1 0.1740 0.2109 0.1796 0.1781 0.2170 0.0359 0.0045 
         145  1 0.1485 0.2337 0.1763 0.2166 0.1968 0.0224 0.0056 
         146  1 0.0522 0.1692 0.2277 0.1364 0.1300 0.2787 0.0058 
         147  1 0.1246 0.2182 0.2184 0.2620 0.1519 0.0178 0.0070 
         148  1 0.1308 0.1837 0.2030 0.2596 0.1871 0.0264 0.0094 
         149  1 0.2562 0.1724 0.1990 0.0980 0.2626 0.0081 0.0037 
         150  1 0.1626 0.1690 0.1413 0.2390 0.1506 0.1244 0.0131 
         151  1 0.1173 0.1718 0.1654 0.3156 0.1407 0.0784 0.0108 
         152  1 0.0717 0.2158 0.3579 0.1865 0.1339 0.0301 0.0041 
         153  1 0.0827 0.1612 0.2264 0.3143 0.1577 0.0448 0.0130 
         154  1 0.0804 0.1591 0.2416 0.3521 0.1424 0.0140 0.0103 
         155  1 0.1249 0.1695 0.1341 0.3330 0.1580 0.0157 0.0648 
         156  1 0.1349 0.1620 0.1551 0.3985 0.1299 0.0128 0.0067 
         157  1 0.1346 0.2029 0.1990 0.2801 0.1631 0.0092 0.0111 
         158  1 0.2011 0.1950 0.1165 0.1426 0.2137 0.0464 0.0847 
         159  1 0.0405 0.2139 0.2431 0.2014 0.1812 0.0452 0.0747 
         160  1 0.0520 0.2284 0.2387 0.1953 0.1983 0.0596 0.0277 
         161  1 0.0705 0.1071 0.1578 0.4942 0.1447 0.0186 0.0072 
         162  1 0.0648 0.1231 0.1743 0.4585 0.1582 0.0156 0.0055 
         163  1 0.0732 0.1080 0.1525 0.5080 0.1435 0.0077 0.0070 
         164  1 0.1701 0.1464 0.1223 0.2187 0.1456 0.1759 0.0211 
         165  1 0.1028 0.1742 0.1497 0.2899 0.1453 0.1141 0.0240 
         166  1 0.2181 0.1984 0.1342 0.1557 0.1685 0.1201 0.0048 
         167  1 0.1563 0.1661 0.1740 0.3367 0.1412 0.0154 0.0103 
         168  1 0.0812 0.1257 0.1868 0.4482 0.1396 0.0134 0.0051 
         169  1 0.0596 0.1066 0.1213 0.3223 0.1140 0.2370 0.0392 
         170  1 0.1266 0.1808 0.1496 0.2524 0.1574 0.1280 0.0052 
         171  1 0.0664 0.1232 0.1635 0.4790 0.1529 0.0095 0.0056 
         172  1 0.1369 0.1985 0.1921 0.2994 0.1387 0.0254 0.0091 
