           1  1 0.1713 0.1998 0.1436 0.0597 0.4256 
           2  1 0.1713 0.2729 0.1417 0.0833 0.3308 
           3  1 0.0632 0.8519 0.0618 0.0162 0.0070 
           4  1 0.0348 0.9043 0.0244 0.0178 0.0187 
           5  1 0.0406 0.8846 0.0184 0.0163 0.0401 
           6  1 0.0582 0.8520 0.0094 0.0496 0.0308 
           7  1 0.0407 0.9027 0.0191 0.0258 0.0117 
           8  1 0.5714 0.3603 0.0163 0.0444 0.0075 
           9  1 0.1181 0.6313 0.0925 0.0227 0.1354 
          10  1 0.1788 0.6947 0.0364 0.0728 0.0173 
          11  1 0.4322 0.4005 0.0558 0.0549 0.0567 
          12  1 0.3567 0.2876 0.2848 0.0341 0.0368 
          13  1 0.2889 0.4231 0.0647 0.0436 0.1797 
          14  1 0.2608 0.5367 0.0814 0.1103 0.0107 
          15  1 0.2242 0.5070 0.2039 0.0426 0.0223 
          16  1 0.0068 0.0086 0.0082 0.0071 0.9693 
          17  1 0.0133 0.0117 0.9584 0.0097 0.0070 
          18  1 0.0054 0.0063 0.0040 0.0048 0.9795 
          19  1 0.0352 0.0181 0.9239 0.0145 0.0084 
          20  1 0.0073 0.0075 0.0051 0.0072 0.9729 
          21  1 0.0105 0.0101 0.0152 0.0190 0.9453 
          22  1 0.3834 0.1929 0.0280 0.3789 0.0168 
          23  1 0.0205 0.0264 0.8952 0.0438 0.0140 
          24  1 0.0447 0.1111 0.7169 0.0946 0.0328 
          25  1 0.2797 0.2682 0.1852 0.0815 0.1855 
          26  1 0.0746 0.1442 0.6488 0.1122 0.0202 
          27  1 0.1442 0.0394 0.6138 0.1939 0.0087 
          28  1 0.0097 0.0108 0.0084 0.0099 0.9612 
          29  1 0.0246 0.0120 0.8892 0.0657 0.0084 
          30  1 0.0074 0.0153 0.0118 0.0079 0.9577 
          31  1 0.1114 0.4041 0.1994 0.2543 0.0307 
          32  1 0.0194 0.0224 0.0083 0.0160 0.9338 
          33  1 0.3558 0.2939 0.2518 0.0901 0.0084 
          34  1 0.0185 0.0142 0.9196 0.0427 0.0049 
          35  1 0.0365 0.9011 0.0131 0.0327 0.0166 
          36  1 0.0601 0.0485 0.5975 0.2862 0.0077 
          37  1 0.0129 0.0155 0.0099 0.0096 0.9521 
          38  1 0.2209 0.2033 0.0180 0.5503 0.0075 
          39  1 0.0156 0.0188 0.9499 0.0122 0.0036 
          40  1 0.1147 0.1169 0.6594 0.0978 0.0112 
          41  1 0.4030 0.3388 0.0952 0.1521 0.0109 
          42  1 0.0049 0.0056 0.0049 0.0063 0.9784 
          43  1 0.1315 0.1514 0.3717 0.2323 0.1131 
          44  1 0.1039 0.1345 0.6636 0.0901 0.0080 
          45  1 0.4825 0.3598 0.0872 0.0658 0.0048 
          46  1 0.0112 0.0214 0.9477 0.0119 0.0077 
          47  1 0.2456 0.2392 0.0613 0.4424 0.0114 
          48  1 0.0146 0.0129 0.0088 0.0155 0.9483 
          49  1 0.0094 0.0116 0.9636 0.0109 0.0046 
          50  1 0.0197 0.0906 0.8644 0.0195 0.0059 
          51  1 0.0291 0.0857 0.8657 0.0132 0.0063 
          52  1 0.0111 0.0105 0.9496 0.0192 0.0096 
          53  1 0.1954 0.1033 0.0810 0.0882 0.5321 
          54  1 0.0245 0.0875 0.8601 0.0135 0.0144 
          55  1 0.2830 0.5937 0.0299 0.0835 0.0098 
          56  1 0.3248 0.5471 0.0216 0.1001 0.0064 
          57  1 0.2892 0.2816 0.0578 0.3618 0.0096 
          58  1 0.0055 0.0059 0.0056 0.0061 0.9769 
          59  1 0.0128 0.0120 0.0114 0.0559 0.9078 
          60  1 0.0449 0.0376 0.8886 0.0201 0.0089 
          61  1 0.0138 0.0255 0.9434 0.0126 0.0046 
          62  1 0.1146 0.6041 0.1654 0.1080 0.0079 
          63  1 0.3816 0.1570 0.0728 0.3841 0.0045 
          64  1 0.2522 0.1543 0.5410 0.0257 0.0267 
          65  1 0.0098 0.0122 0.0058 0.0110 0.9612 
          66  1 0.0171 0.0161 0.0108 0.0206 0.9354 
          67  1 0.0130 0.0333 0.0566 0.0143 0.8828 
          68  1 0.1613 0.2514 0.5189 0.0480 0.0204 
          69  1 0.2546 0.3641 0.0627 0.3119 0.0068 
          70  1 0.2451 0.0469 0.3976 0.3049 0.0054 
          71  1 0.0570 0.8342 0.0244 0.0758 0.0087 
          72  1 0.1837 0.3664 0.0697 0.3565 0.0236 
          73  1 0.0074 0.0133 0.0101 0.0074 0.9617 
          74  1 0.5113 0.1672 0.0426 0.2466 0.0324 
          75  1 0.0221 0.0177 0.9083 0.0474 0.0046 
          76  1 0.0057 0.0058 0.0069 0.0073 0.9743 
          77  1 0.0084 0.0092 0.0071 0.0079 0.9674 
          78  1 0.0125 0.0303 0.9306 0.0134 0.0132 
          79  1 0.0083 0.0089 0.0174 0.0117 0.9536 
          80  1 0.0956 0.0949 0.7530 0.0157 0.0408 
          81  1 0.2515 0.2173 0.0302 0.4964 0.0046 
          82  1 0.0326 0.0305 0.9106 0.0220 0.0043 
          83  1 0.0270 0.1683 0.7754 0.0144 0.0150 
          84  1 0.0074 0.0086 0.0057 0.0076 0.9707 
          85  1 0.1561 0.2030 0.0798 0.3020 0.2593 
          86  1 0.0990 0.1748 0.2443 0.4664 0.0155 
          87  1 0.1236 0.0642 0.0208 0.7850 0.0064 
          88  1 0.1357 0.1445 0.4141 0.2810 0.0247 
          89  1 0.1483 0.5068 0.0879 0.2420 0.0151 
          90  1 0.5903 0.2431 0.0764 0.0813 0.0089 
          91  1 0.3146 0.0580 0.0465 0.5673 0.0136 
          92  1 0.0538 0.0307 0.5275 0.3790 0.0090 
          93  1 0.1945 0.5401 0.0168 0.2420 0.0065 
          94  1 0.6678 0.2698 0.0131 0.0419 0.0075 
          95  1 0.2348 0.0742 0.1002 0.5740 0.0168 
          96  1 0.0126 0.0153 0.9068 0.0255 0.0398 
          97  1 0.0294 0.0774 0.8352 0.0445 0.0135 
          98  1 0.0182 0.0164 0.0175 0.0194 0.9285 
          99  1 0.5398 0.2812 0.0588 0.0780 0.0422 
         100  1 0.1258 0.7312 0.0295 0.0732 0.0403 
         101  1 0.2365 0.5748 0.0095 0.1652 0.0140 
         102  1 0.0379 0.0563 0.8562 0.0448 0.0048 
         103  1 0.1381 0.6590 0.1205 0.0526 0.0298 
         104  1 0.0307 0.9051 0.0131 0.0194 0.0317 
         105  1 0.2942 0.4582 0.0233 0.2128 0.0116 
         106  1 0.0183 0.0264 0.0148 0.0100 0.9305 
         107  1 0.0691 0.1638 0.6579 0.0372 0.0720 
         108  1 0.6658 0.2381 0.0194 0.0690 0.0077 
         109  1 0.0400 0.0413 0.8430 0.0579 0.0177 
         110  1 0.1061 0.0916 0.1275 0.6671 0.0077 
         111  1 0.0740 0.1157 0.0969 0.2283 0.4851 
         112  1 0.2624 0.3566 0.0768 0.2973 0.0068 
         113  1 0.1845 0.1656 0.0396 0.5946 0.0156 
         114  1 0.0765 0.1840 0.5683 0.1059 0.0653 
         115  1 0.4465 0.2582 0.0300 0.2579 0.0074 
         116  1 0.4341 0.0415 0.0270 0.4906 0.0068 
         117  1 0.8180 0.0740 0.0173 0.0865 0.0041 
         118  1 0.3039 0.6014 0.0170 0.0640 0.0137 
         119  1 0.3851 0.1720 0.0158 0.4209 0.0063 
         120  1 0.4776 0.1087 0.0117 0.3763 0.0258 
         121  1 0.5010 0.2271 0.0175 0.2437 0.0107 
         122  1 0.2807 0.1552 0.0635 0.4910 0.0096 
         123  1 0.1649 0.0959 0.0719 0.6586 0.0088 
         124  1 0.2784 0.1459 0.0147 0.5303 0.0307 
         125  1 0.6594 0.1336 0.0155 0.1843 0.0072 
         126  1 0.5593 0.3263 0.0081 0.0994 0.0069 
         127  1 0.8384 0.0735 0.0115 0.0727 0.0039 
         128  1 0.3357 0.1821 0.1009 0.3660 0.0152 
         129  1 0.0961 0.2225 0.0950 0.5767 0.0097 
         130  1 0.6562 0.1303 0.0770 0.1263 0.0103 
         131  1 0.6578 0.0783 0.1102 0.1471 0.0067 
         132  1 0.5202 0.3883 0.0311 0.0444 0.0160 
         133  1 0.4973 0.1470 0.0134 0.3332 0.0091 
         134  1 0.4077 0.2435 0.0243 0.3069 0.0177 
         135  1 0.1971 0.1083 0.0702 0.6182 0.0062 
         136  1 0.5843 0.0751 0.0575 0.2755 0.0076 
         137  1 0.1012 0.0166 0.0123 0.8590 0.0109 
         138  1 0.2251 0.0894 0.4980 0.1792 0.0083 
         139  1 0.8168 0.0563 0.0096 0.1115 0.0057 
         140  1 0.3848 0.0531 0.0618 0.4946 0.0057 
         141  1 0.5915 0.0845 0.0295 0.2863 0.0081 
         142  1 0.4077 0.3111 0.0228 0.2503 0.0081 
         143  1 0.2619 0.4697 0.0491 0.1923 0.0270 
         144  1 0.6822 0.0974 0.0512 0.1648 0.0044 
         145  1 0.6527 0.1534 0.0193 0.1690 0.0056 
         146  1 0.1121 0.0692 0.4780 0.3343 0.0064 
         147  1 0.3709 0.1214 0.0219 0.4785 0.0073 
         148  1 0.4041 0.0700 0.0449 0.4702 0.0107 
         149  1 0.8656 0.0337 0.0107 0.0863 0.0038 
         150  1 0.4041 0.1985 0.1729 0.2097 0.0147 
         151  1 0.3379 0.0657 0.0901 0.4945 0.0119 
         152  1 0.2787 0.1012 0.0502 0.5654 0.0044 
         153  1 0.0866 0.0936 0.0691 0.7372 0.0134 
         154  1 0.1069 0.0593 0.0195 0.8029 0.0114 
         155  1 0.3402 0.1434 0.0264 0.3654 0.1245 
         156  1 0.4358 0.0294 0.0190 0.5073 0.0085 
         157  1 0.6761 0.0597 0.0107 0.2427 0.0108 
         158  1 0.2350 0.4343 0.0672 0.1637 0.0999 
         159  1 0.0956 0.0470 0.2060 0.5260 0.1254 
         160  1 0.1435 0.0679 0.2476 0.4955 0.0455 
         161  1 0.0682 0.0186 0.0225 0.8841 0.0067 
         162  1 0.0740 0.0216 0.0154 0.8827 0.0063 
         163  1 0.0688 0.0122 0.0088 0.9029 0.0073 
         164  1 0.1992 0.2168 0.3437 0.2149 0.0254 
         165  1 0.1643 0.0505 0.2977 0.4529 0.0346 
         166  1 0.2007 0.4182 0.1810 0.1952 0.0049 
         167  1 0.2744 0.1791 0.0279 0.5064 0.0122 
         168  1 0.1027 0.0191 0.0149 0.8581 0.0052 
         169  1 0.0515 0.0309 0.3399 0.5257 0.0520 
         170  1 0.2080 0.1459 0.2836 0.3564 0.0061 
         171  1 0.0776 0.0178 0.0092 0.8904 0.0051 
         172  1 0.3448 0.1291 0.0407 0.4752 0.0102 
