           1  1 0.0974 0.1046 0.1077 0.1038 0.4082 0.0937 0.0847 
           2  1 0.1208 0.1432 0.1386 0.1167 0.2999 0.0623 0.1185 
           3  1 0.1811 0.1846 0.1782 0.3309 0.0064 0.0641 0.0547 
           4  1 0.1881 0.1831 0.1699 0.3698 0.0177 0.0244 0.0470 
           5  1 0.1832 0.1950 0.1675 0.3510 0.0342 0.0186 0.0505 
           6  1 0.1891 0.1988 0.1562 0.3533 0.0317 0.0074 0.0635 
           7  1 0.1846 0.1979 0.1708 0.3541 0.0113 0.0171 0.0642 
           8  1 0.2637 0.1193 0.2860 0.1693 0.0067 0.0115 0.1435 
           9  1 0.1549 0.1883 0.1587 0.2309 0.1108 0.0710 0.0854 
          10  1 0.1945 0.1690 0.2003 0.3014 0.0190 0.0297 0.0860 
          11  1 0.2202 0.1554 0.2738 0.1231 0.0346 0.0200 0.1728 
          12  1 0.2062 0.1487 0.2442 0.1192 0.0244 0.0985 0.1588 
          13  1 0.1695 0.1491 0.1772 0.1517 0.1792 0.0439 0.1294 
          14  1 0.2396 0.1511 0.1745 0.2502 0.0101 0.0851 0.0893 
          15  1 0.1865 0.1426 0.1557 0.2369 0.0209 0.1674 0.0900 
          16  1 0.0067 0.0074 0.0074 0.0078 0.9568 0.0070 0.0069 
          17  1 0.0111 0.0171 0.0137 0.0120 0.0073 0.9268 0.0118 
          18  1 0.0053 0.0051 0.0056 0.0051 0.9701 0.0037 0.0051 
          19  1 0.0298 0.0585 0.0310 0.0261 0.0102 0.8118 0.0326 
          20  1 0.0076 0.0073 0.0069 0.0072 0.9584 0.0047 0.0079 
          21  1 0.0124 0.0138 0.0132 0.0112 0.9194 0.0127 0.0172 
          22  1 0.1830 0.2074 0.2553 0.1502 0.0151 0.0146 0.1744 
          23  1 0.0327 0.0969 0.0384 0.0530 0.0130 0.6956 0.0704 
          24  1 0.0740 0.1295 0.0856 0.1081 0.0397 0.4627 0.1004 
          25  1 0.1416 0.1693 0.1628 0.1265 0.1454 0.0958 0.1587 
          26  1 0.0946 0.1424 0.1262 0.1101 0.0218 0.4133 0.0916 
          27  1 0.1131 0.1617 0.1184 0.0874 0.0084 0.3618 0.1492 
          28  1 0.0103 0.0110 0.0106 0.0093 0.9406 0.0082 0.0100 
          29  1 0.0463 0.1336 0.0331 0.0614 0.0076 0.6184 0.0996 
          30  1 0.0103 0.0105 0.0099 0.0122 0.9377 0.0115 0.0080 
          31  1 0.1341 0.2157 0.1585 0.1948 0.0234 0.0800 0.1936 
          32  1 0.0164 0.0184 0.0165 0.0193 0.9067 0.0068 0.0159 
          33  1 0.2002 0.1538 0.2239 0.1620 0.0079 0.1035 0.1488 
          34  1 0.0256 0.0611 0.0219 0.0292 0.0046 0.8164 0.0411 
          35  1 0.2249 0.1347 0.1933 0.3783 0.0168 0.0097 0.0422 
          36  1 0.0873 0.1497 0.0909 0.0970 0.0070 0.3920 0.1761 
          37  1 0.0128 0.0119 0.0127 0.0118 0.9320 0.0086 0.0102 
          38  1 0.1744 0.1758 0.2644 0.2084 0.0070 0.0113 0.1587 
          39  1 0.0109 0.0146 0.0126 0.0141 0.0035 0.9338 0.0106 
          40  1 0.0818 0.2305 0.0984 0.1192 0.0100 0.3034 0.1567 
          41  1 0.2198 0.1934 0.1721 0.1967 0.0102 0.0758 0.1320 
          42  1 0.0052 0.0057 0.0054 0.0053 0.9678 0.0051 0.0055 
          43  1 0.1232 0.1794 0.1216 0.1300 0.1030 0.1746 0.1682 
          44  1 0.0698 0.0895 0.0737 0.0804 0.0077 0.6125 0.0664 
          45  1 0.2403 0.1401 0.1825 0.2301 0.0049 0.0989 0.1032 
          46  1 0.0113 0.0311 0.0168 0.0170 0.0064 0.9028 0.0146 
          47  1 0.1343 0.2984 0.1762 0.1768 0.0104 0.0196 0.1844 
          48  1 0.0129 0.0144 0.0151 0.0136 0.9219 0.0069 0.0151 
          49  1 0.0116 0.0425 0.0101 0.0143 0.0045 0.9057 0.0113 
          50  1 0.0328 0.0435 0.0336 0.0472 0.0056 0.8121 0.0252 
          51  1 0.0292 0.0369 0.0259 0.0353 0.0056 0.8409 0.0262 
          52  1 0.0152 0.0567 0.0144 0.0189 0.0109 0.8590 0.0249 
          53  1 0.0903 0.1002 0.0899 0.0684 0.5049 0.0450 0.1014 
          54  1 0.0304 0.0456 0.0344 0.0473 0.0136 0.8031 0.0256 
          55  1 0.2461 0.1701 0.1704 0.2627 0.0098 0.0259 0.1151 
          56  1 0.2388 0.1387 0.2540 0.2792 0.0055 0.0172 0.0666 
          57  1 0.2182 0.1791 0.2031 0.2134 0.0094 0.0394 0.1373 
          58  1 0.0057 0.0056 0.0056 0.0065 0.9654 0.0050 0.0062 
          59  1 0.0198 0.0179 0.0216 0.0188 0.8662 0.0097 0.0460 
          60  1 0.0328 0.0566 0.0319 0.0369 0.0096 0.7960 0.0364 
          61  1 0.0182 0.0179 0.0154 0.0196 0.0049 0.9114 0.0126 
          62  1 0.1872 0.1701 0.1663 0.2573 0.0071 0.1214 0.0906 
          63  1 0.2158 0.1888 0.1678 0.1723 0.0045 0.0623 0.1885 
          64  1 0.1760 0.1380 0.2261 0.0935 0.0190 0.1948 0.1526 
          65  1 0.0122 0.0127 0.0102 0.0111 0.9352 0.0054 0.0132 
          66  1 0.0163 0.0157 0.0158 0.0150 0.9091 0.0104 0.0177 
          67  1 0.0191 0.0275 0.0186 0.0263 0.8349 0.0538 0.0197 
          68  1 0.1258 0.1273 0.1380 0.1269 0.0219 0.3726 0.0876 
          69  1 0.2058 0.1668 0.2540 0.2255 0.0059 0.0304 0.1116 
          70  1 0.1377 0.1994 0.1770 0.1333 0.0049 0.1536 0.1940 
          71  1 0.2121 0.1389 0.1756 0.3737 0.0079 0.0187 0.0730 
          72  1 0.1758 0.1952 0.2341 0.1996 0.0197 0.0339 0.1417 
          73  1 0.0092 0.0095 0.0092 0.0106 0.9440 0.0095 0.0080 
          74  1 0.2241 0.1602 0.2522 0.1326 0.0324 0.0180 0.1805 
          75  1 0.0242 0.0660 0.0278 0.0416 0.0046 0.7872 0.0487 
          76  1 0.0060 0.0063 0.0062 0.0060 0.9623 0.0070 0.0062 
          77  1 0.0078 0.0081 0.0090 0.0082 0.9516 0.0062 0.0090 
          78  1 0.0183 0.0246 0.0159 0.0204 0.0147 0.8895 0.0166 
          79  1 0.0094 0.0098 0.0083 0.0097 0.9347 0.0184 0.0097 
          80  1 0.0929 0.1291 0.1378 0.0740 0.0368 0.4337 0.0958 
          81  1 0.1876 0.1793 0.2648 0.2026 0.0046 0.0191 0.1421 
          82  1 0.0338 0.0513 0.0274 0.0287 0.0040 0.8241 0.0307 
          83  1 0.0608 0.0693 0.0499 0.0798 0.0146 0.6901 0.0357 
          84  1 0.0077 0.0080 0.0080 0.0086 0.9554 0.0046 0.0076 
          85  1 0.1265 0.1641 0.1203 0.1486 0.2176 0.0519 0.1709 
          86  1 0.1126 0.2541 0.1707 0.1408 0.0140 0.0923 0.2156 
          87  1 0.1582 0.1749 0.2031 0.1813 0.0062 0.0155 0.2608 
          88  1 0.1114 0.1795 0.1301 0.1262 0.0185 0.1935 0.2407 
          89  1 0.1954 0.1623 0.1756 0.2771 0.0145 0.0351 0.1401 
          90  1 0.2448 0.1561 0.2116 0.1530 0.0089 0.0745 0.1512 
          91  1 0.1811 0.1944 0.1888 0.1734 0.0134 0.0324 0.2164 
          92  1 0.0966 0.1567 0.1704 0.1179 0.0082 0.2571 0.1930 
          93  1 0.2096 0.1420 0.2740 0.2832 0.0058 0.0123 0.0731 
          94  1 0.2711 0.1335 0.2826 0.1371 0.0057 0.0104 0.1597 
          95  1 0.1389 0.2371 0.1467 0.1237 0.0148 0.0537 0.2852 
          96  1 0.0201 0.0323 0.0212 0.0240 0.0440 0.8273 0.0311 
          97  1 0.0559 0.1296 0.0601 0.0953 0.0148 0.5739 0.0705 
          98  1 0.0178 0.0202 0.0183 0.0168 0.8932 0.0149 0.0189 
          99  1 0.2245 0.1530 0.2770 0.1157 0.0246 0.0188 0.1863 
         100  1 0.2183 0.1712 0.1448 0.3106 0.0407 0.0224 0.0920 
         101  1 0.2145 0.1454 0.2716 0.2933 0.0103 0.0073 0.0576 
         102  1 0.0356 0.0451 0.0526 0.0496 0.0047 0.7754 0.0371 
         103  1 0.1792 0.1863 0.1619 0.2621 0.0298 0.0872 0.0935 
         104  1 0.2210 0.1315 0.1880 0.3921 0.0263 0.0100 0.0311 
         105  1 0.2213 0.1747 0.1878 0.2644 0.0112 0.0187 0.1219 
         106  1 0.0189 0.0174 0.0175 0.0184 0.9014 0.0129 0.0135 
         107  1 0.0894 0.1896 0.1275 0.1168 0.0736 0.2922 0.1109 
         108  1 0.2462 0.1440 0.2739 0.1471 0.0069 0.0124 0.1696 
         109  1 0.0521 0.0942 0.0524 0.0495 0.0180 0.6602 0.0737 
         110  1 0.1510 0.1791 0.2279 0.1607 0.0059 0.0279 0.2474 
         111  1 0.0725 0.1116 0.1059 0.1012 0.4395 0.0350 0.1342 
         112  1 0.1640 0.2248 0.2459 0.2125 0.0060 0.0381 0.1087 
         113  1 0.1681 0.1756 0.1910 0.1518 0.0171 0.0231 0.2733 
         114  1 0.1080 0.1307 0.1102 0.1196 0.0650 0.3604 0.1061 
         115  1 0.2287 0.1742 0.1971 0.2148 0.0078 0.0220 0.1553 
         116  1 0.2487 0.1941 0.1409 0.1142 0.0055 0.0176 0.2790 
         117  1 0.2720 0.1381 0.2479 0.1589 0.0039 0.0134 0.1658 
         118  1 0.1932 0.2349 0.1638 0.2378 0.0123 0.0162 0.1418 
         119  1 0.2451 0.1704 0.1874 0.1701 0.0061 0.0128 0.2081 
         120  1 0.2516 0.2134 0.1383 0.1335 0.0191 0.0086 0.2355 
         121  1 0.2121 0.1855 0.2301 0.2031 0.0096 0.0138 0.1458 
         122  1 0.1760 0.2015 0.1705 0.1679 0.0083 0.0378 0.2380 
         123  1 0.1752 0.1805 0.1630 0.1738 0.0088 0.0467 0.2520 
         124  1 0.1818 0.1720 0.1819 0.1330 0.0255 0.0115 0.2943 
         125  1 0.2211 0.1492 0.2549 0.1736 0.0067 0.0131 0.1814 
         126  1 0.2470 0.1266 0.2680 0.2346 0.0061 0.0079 0.1097 
         127  1 0.3166 0.1329 0.2523 0.1278 0.0036 0.0088 0.1581 
         128  1 0.1429 0.2735 0.1387 0.1693 0.0110 0.0455 0.2192 
         129  1 0.1556 0.1779 0.1893 0.1900 0.0088 0.0476 0.2309 
         130  1 0.2567 0.1721 0.1728 0.1510 0.0107 0.0687 0.1680 
         131  1 0.2152 0.1761 0.1453 0.1449 0.0067 0.1523 0.1596 
         132  1 0.2233 0.1738 0.2683 0.1267 0.0124 0.0194 0.1762 
         133  1 0.2310 0.2151 0.1446 0.1513 0.0082 0.0104 0.2393 
         134  1 0.2589 0.2257 0.1231 0.1630 0.0149 0.0211 0.1932 
         135  1 0.1665 0.2059 0.1664 0.1488 0.0059 0.0431 0.2635 
         136  1 0.2805 0.2074 0.1227 0.1423 0.0063 0.0410 0.1998 
         137  1 0.1497 0.0850 0.1969 0.1255 0.0105 0.0096 0.4229 
         138  1 0.1195 0.1587 0.1096 0.1033 0.0080 0.3523 0.1487 
         139  1 0.3144 0.1368 0.2293 0.1363 0.0064 0.0086 0.1683 
         140  1 0.1962 0.2065 0.1608 0.1049 0.0051 0.0382 0.2882 
         141  1 0.2403 0.2005 0.1737 0.1504 0.0071 0.0233 0.2047 
         142  1 0.2168 0.1689 0.2150 0.2312 0.0078 0.0205 0.1397 
         143  1 0.2082 0.1704 0.2015 0.2460 0.0229 0.0281 0.1229 
         144  1 0.2726 0.1765 0.1954 0.1413 0.0042 0.0403 0.1696 
         145  1 0.2930 0.1914 0.1504 0.1720 0.0057 0.0206 0.1668 
         146  1 0.1043 0.1979 0.1362 0.1208 0.0061 0.2733 0.1615 
         147  1 0.2223 0.1983 0.1592 0.1753 0.0075 0.0136 0.2238 
         148  1 0.2069 0.1992 0.1643 0.1422 0.0101 0.0273 0.2500 
         149  1 0.3106 0.1334 0.2423 0.1307 0.0037 0.0093 0.1699 
         150  1 0.2054 0.1925 0.1334 0.1595 0.0127 0.1119 0.1846 
         151  1 0.2132 0.1908 0.1428 0.1378 0.0108 0.0720 0.2326 
         152  1 0.1707 0.1972 0.2257 0.1776 0.0041 0.0311 0.1937 
         153  1 0.1486 0.1482 0.1773 0.1511 0.0129 0.0525 0.3095 
         154  1 0.1580 0.1372 0.1997 0.1437 0.0118 0.0135 0.3360 
         155  1 0.2171 0.2157 0.1321 0.1327 0.0641 0.0148 0.2235 
         156  1 0.2441 0.1897 0.1506 0.1118 0.0077 0.0120 0.2842 
         157  1 0.2777 0.2053 0.1538 0.1392 0.0107 0.0096 0.2036 
         158  1 0.1460 0.2211 0.1339 0.1820 0.0811 0.0528 0.1832 
         159  1 0.1007 0.2529 0.1305 0.1226 0.0807 0.0525 0.2602 
         160  1 0.1135 0.2634 0.1354 0.1320 0.0318 0.0672 0.2567 
         161  1 0.1455 0.0631 0.1971 0.1353 0.0076 0.0185 0.4329 
         162  1 0.1496 0.0846 0.1927 0.1345 0.0061 0.0153 0.4171 
         163  1 0.1419 0.0667 0.1931 0.1342 0.0068 0.0075 0.4498 
         164  1 0.1703 0.1812 0.1181 0.1592 0.0241 0.1693 0.1779 
         165  1 0.1544 0.1968 0.1339 0.1099 0.0275 0.1140 0.2635 
         166  1 0.1652 0.1714 0.1614 0.2069 0.0045 0.1301 0.1605 
         167  1 0.2060 0.1874 0.1554 0.1667 0.0099 0.0147 0.2598 
         168  1 0.1520 0.0915 0.2020 0.1305 0.0050 0.0120 0.4070 
         169  1 0.1137 0.0968 0.1253 0.0965 0.0435 0.2221 0.3021 
         170  1 0.1605 0.1981 0.1297 0.1543 0.0056 0.1308 0.2211 
         171  1 0.1471 0.0717 0.1931 0.1354 0.0057 0.0090 0.4381 
         172  1 0.2218 0.2124 0.1502 0.1560 0.0093 0.0236 0.2267 
