           1  1 0.1779 0.4490 0.2743 0.0988 
           2  1 0.2354 0.3704 0.2548 0.1394 
           3  1 0.1119 0.0086 0.8571 0.0224 
           4  1 0.0653 0.0315 0.8795 0.0237 
           5  1 0.0392 0.0560 0.8900 0.0148 
           6  1 0.0121 0.0350 0.9027 0.0502 
           7  1 0.0450 0.0161 0.9025 0.0364 
           8  1 0.0206 0.0082 0.9180 0.0532 
           9  1 0.1505 0.1819 0.6430 0.0247 
          10  1 0.0435 0.0194 0.8450 0.0921 
          11  1 0.1133 0.0687 0.7586 0.0594 
          12  1 0.4251 0.0375 0.5072 0.0301 
          13  1 0.1093 0.1984 0.6454 0.0469 
          14  1 0.1142 0.0107 0.6089 0.2662 
          15  1 0.2565 0.0225 0.6823 0.0388 
          16  1 0.0083 0.9762 0.0081 0.0073 
          17  1 0.9695 0.0076 0.0130 0.0099 
          18  1 0.0042 0.9845 0.0064 0.0049 
          19  1 0.9518 0.0084 0.0236 0.0162 
          20  1 0.0055 0.9785 0.0080 0.0080 
          21  1 0.0185 0.9550 0.0089 0.0176 
          22  1 0.0487 0.0195 0.3549 0.5769 
          23  1 0.9348 0.0133 0.0191 0.0329 
          24  1 0.8186 0.0331 0.0642 0.0841 
          25  1 0.2698 0.2080 0.4104 0.1117 
          26  1 0.8152 0.0191 0.0769 0.0888 
          27  1 0.7479 0.0090 0.0495 0.1936 
          28  1 0.0106 0.9705 0.0095 0.0095 
          29  1 0.9221 0.0078 0.0115 0.0586 
          30  1 0.0118 0.9684 0.0112 0.0085 
          31  1 0.3249 0.0384 0.3017 0.3350 
          32  1 0.0089 0.9522 0.0218 0.0172 
          33  1 0.3986 0.0087 0.4412 0.1514 
          34  1 0.9367 0.0051 0.0152 0.0431 
          35  1 0.0262 0.0288 0.8281 0.1169 
          36  1 0.6990 0.0078 0.0304 0.2627 
          37  1 0.0113 0.9649 0.0139 0.0100 
          38  1 0.0299 0.0084 0.2232 0.7385 
          39  1 0.9680 0.0042 0.0157 0.0122 
          40  1 0.7724 0.0114 0.0943 0.1218 
          41  1 0.1300 0.0122 0.5566 0.3012 
          42  1 0.0051 0.9832 0.0051 0.0066 
          43  1 0.5092 0.1159 0.1237 0.2512 
          44  1 0.7147 0.0077 0.1644 0.1132 
          45  1 0.0978 0.0055 0.8084 0.0883 
          46  1 0.9648 0.0084 0.0137 0.0131 
          47  1 0.1262 0.0138 0.2596 0.6005 
          48  1 0.0100 0.9597 0.0129 0.0175 
          49  1 0.9738 0.0047 0.0097 0.0117 
          50  1 0.9224 0.0060 0.0486 0.0230 
          51  1 0.9002 0.0063 0.0790 0.0145 
          52  1 0.9625 0.0111 0.0089 0.0175 
          53  1 0.1046 0.5595 0.1809 0.1550 
          54  1 0.9163 0.0149 0.0511 0.0176 
          55  1 0.0442 0.0120 0.7922 0.1515 
          56  1 0.0232 0.0065 0.8123 0.1580 
          57  1 0.0883 0.0113 0.2835 0.6170 
          58  1 0.0061 0.9816 0.0059 0.0063 
          59  1 0.0105 0.9221 0.0114 0.0561 
          60  1 0.9223 0.0087 0.0460 0.0230 
          61  1 0.9631 0.0053 0.0183 0.0133 
          62  1 0.2835 0.0089 0.5459 0.1616 
          63  1 0.0812 0.0049 0.2423 0.6716 
          64  1 0.7540 0.0245 0.2010 0.0206 
          65  1 0.0061 0.9739 0.0099 0.0102 
          66  1 0.0121 0.9527 0.0155 0.0197 
          67  1 0.0532 0.9119 0.0212 0.0136 
          68  1 0.6701 0.0216 0.2560 0.0524 
          69  1 0.1346 0.0075 0.4473 0.4106 
          70  1 0.5661 0.0058 0.0862 0.3419 
          71  1 0.0522 0.0122 0.7234 0.2123 
          72  1 0.1606 0.0290 0.3938 0.4166 
          73  1 0.0102 0.9714 0.0107 0.0077 
          74  1 0.0847 0.0375 0.4396 0.4383 
          75  1 0.9283 0.0046 0.0205 0.0466 
          76  1 0.0071 0.9805 0.0057 0.0067 
          77  1 0.0072 0.9752 0.0085 0.0092 
          78  1 0.9553 0.0136 0.0176 0.0135 
          79  1 0.0172 0.9628 0.0085 0.0115 
          80  1 0.8577 0.0409 0.0888 0.0126 
          81  1 0.0539 0.0053 0.2286 0.7123 
          82  1 0.9212 0.0045 0.0434 0.0309 
          83  1 0.8599 0.0127 0.1144 0.0131 
          84  1 0.0057 0.9775 0.0093 0.0076 
          85  1 0.1189 0.3004 0.1972 0.3836 
          86  1 0.4012 0.0172 0.1026 0.4790 
          87  1 0.0235 0.0067 0.0345 0.9353 
          88  1 0.5512 0.0235 0.1239 0.3015 
          89  1 0.1387 0.0171 0.4538 0.3904 
          90  1 0.1003 0.0102 0.7531 0.1365 
          91  1 0.0695 0.0138 0.1105 0.8062 
          92  1 0.7297 0.0097 0.0178 0.2428 
          93  1 0.0344 0.0079 0.6120 0.3457 
          94  1 0.0139 0.0062 0.9472 0.0328 
          95  1 0.1574 0.0215 0.1004 0.7206 
          96  1 0.9342 0.0332 0.0114 0.0212 
          97  1 0.8974 0.0118 0.0392 0.0516 
          98  1 0.0196 0.9416 0.0175 0.0214 
          99  1 0.1210 0.0537 0.6565 0.1688 
         100  1 0.0469 0.0550 0.7501 0.1480 
         101  1 0.0132 0.0158 0.7033 0.2677 
         102  1 0.8998 0.0047 0.0506 0.0449 
         103  1 0.1533 0.0377 0.7582 0.0508 
         104  1 0.0289 0.0562 0.8257 0.0892 
         105  1 0.0283 0.0125 0.5752 0.3840 
         106  1 0.0162 0.9468 0.0250 0.0119 
         107  1 0.8253 0.0680 0.0800 0.0267 
         108  1 0.0252 0.0079 0.8728 0.0942 
         109  1 0.9000 0.0174 0.0326 0.0500 
         110  1 0.2328 0.0096 0.0543 0.7034 
         111  1 0.1701 0.5099 0.0857 0.2343 
         112  1 0.1451 0.0076 0.4374 0.4099 
         113  1 0.0575 0.0167 0.1439 0.7819 
         114  1 0.6786 0.0732 0.1331 0.1151 
         115  1 0.0444 0.0072 0.4096 0.5388 
         116  1 0.0344 0.0075 0.2028 0.7553 
         117  1 0.0261 0.0046 0.7289 0.2403 
         118  1 0.0152 0.0121 0.9195 0.0532 
         119  1 0.0157 0.0070 0.2470 0.7303 
         120  1 0.0147 0.0285 0.3989 0.5580 
         121  1 0.0250 0.0110 0.4763 0.4877 
         122  1 0.1015 0.0099 0.1684 0.7203 
         123  1 0.0869 0.0090 0.0704 0.8338 
         124  1 0.0195 0.0316 0.2711 0.6778 
         125  1 0.0205 0.0076 0.4996 0.4722 
         126  1 0.0108 0.0074 0.7151 0.2666 
         127  1 0.0166 0.0046 0.7986 0.1802 
         128  1 0.1558 0.0150 0.2246 0.6046 
         129  1 0.1785 0.0092 0.1309 0.6813 
         130  1 0.1458 0.0127 0.5159 0.3257 
         131  1 0.1291 0.0065 0.5449 0.3195 
         132  1 0.0414 0.0177 0.9006 0.0403 
         133  1 0.0149 0.0097 0.4854 0.4900 
         134  1 0.0298 0.0211 0.4746 0.4745 
         135  1 0.0972 0.0059 0.0949 0.8020 
         136  1 0.0755 0.0072 0.3777 0.5396 
         137  1 0.0123 0.0109 0.0226 0.9542 
         138  1 0.5946 0.0086 0.1541 0.2427 
         139  1 0.0182 0.0071 0.6204 0.3544 
         140  1 0.0872 0.0063 0.1365 0.7701 
         141  1 0.0457 0.0092 0.3282 0.6169 
         142  1 0.0334 0.0089 0.4259 0.5318 
         143  1 0.0844 0.0279 0.5980 0.2897 
         144  1 0.0671 0.0049 0.6014 0.3265 
         145  1 0.0203 0.0063 0.6438 0.3296 
         146  1 0.6260 0.0064 0.0588 0.3088 
         147  1 0.0230 0.0076 0.1527 0.8167 
         148  1 0.0681 0.0099 0.1260 0.7960 
         149  1 0.0210 0.0042 0.6653 0.3095 
         150  1 0.2226 0.0150 0.4478 0.3146 
         151  1 0.1147 0.0125 0.1305 0.7422 
         152  1 0.0564 0.0045 0.1405 0.7986 
         153  1 0.1177 0.0156 0.0543 0.8124 
         154  1 0.0288 0.0133 0.0465 0.9114 
         155  1 0.0381 0.1313 0.3020 0.5287 
         156  1 0.0287 0.0085 0.1349 0.8279 
         157  1 0.0153 0.0133 0.4324 0.5391 
         158  1 0.0961 0.1133 0.5417 0.2489 
         159  1 0.3510 0.1397 0.0365 0.4728 
         160  1 0.4004 0.0438 0.0653 0.4905 
         161  1 0.0299 0.0081 0.0146 0.9474 
         162  1 0.0167 0.0063 0.0156 0.9615 
         163  1 0.0108 0.0084 0.0130 0.9678 
         164  1 0.4705 0.0255 0.2301 0.2739 
         165  1 0.4070 0.0325 0.0544 0.5061 
         166  1 0.2507 0.0051 0.5055 0.2387 
         167  1 0.0381 0.0135 0.1632 0.7852 
         168  1 0.0158 0.0054 0.0252 0.9536 
         169  1 0.4509 0.0602 0.0187 0.4701 
         170  1 0.3412 0.0059 0.1280 0.5249 
         171  1 0.0121 0.0057 0.0157 0.9665 
         172  1 0.0739 0.0109 0.1595 0.7557 
