           1  1 0.1756 0.3731 0.4513 
           2  1 0.1567 0.5002 0.3432 
           3  1 0.1269 0.8638 0.0093 
           4  1 0.1496 0.8135 0.0369 
           5  1 0.1596 0.7241 0.1163 
           6  1 0.5882 0.2980 0.1138 
           7  1 0.2430 0.7300 0.0270 
           8  1 0.8001 0.1879 0.0120 
           9  1 0.0892 0.7245 0.1862 
          10  1 0.7050 0.2623 0.0327 
          11  1 0.2774 0.6352 0.0875 
          12  1 0.0795 0.8940 0.0265 
          13  1 0.2134 0.5326 0.2540 
          14  1 0.6822 0.3054 0.0124 
          15  1 0.1429 0.8341 0.0230 
          16  1 0.0075 0.0093 0.9832 
          17  1 0.0136 0.9772 0.0093 
          18  1 0.0057 0.0053 0.9891 
          19  1 0.0209 0.9688 0.0103 
          20  1 0.0079 0.0061 0.9859 
          21  1 0.0139 0.0169 0.9692 
          22  1 0.7808 0.1969 0.0223 
          23  1 0.0244 0.9622 0.0134 
          24  1 0.0776 0.8890 0.0334 
          25  1 0.2253 0.5637 0.2110 
          26  1 0.0942 0.8860 0.0197 
          27  1 0.2328 0.7573 0.0099 
          28  1 0.0113 0.0119 0.9769 
          29  1 0.0480 0.9420 0.0099 
          30  1 0.0089 0.0131 0.9780 
          31  1 0.2346 0.7376 0.0278 
          32  1 0.0206 0.0126 0.9668 
          33  1 0.2774 0.7138 0.0089 
          34  1 0.0495 0.9449 0.0056 
          35  1 0.4314 0.5183 0.0503 
          36  1 0.2347 0.7571 0.0081 
          37  1 0.0113 0.0126 0.9761 
          38  1 0.9537 0.0377 0.0086 
          39  1 0.0194 0.9760 0.0047 
          40  1 0.1105 0.8772 0.0123 
          41  1 0.7284 0.2585 0.0131 
          42  1 0.0064 0.0058 0.9878 
          43  1 0.1737 0.7139 0.1123 
          44  1 0.1518 0.8406 0.0076 
          45  1 0.6329 0.3608 0.0063 
          46  1 0.0163 0.9739 0.0098 
          47  1 0.6480 0.3366 0.0154 
          48  1 0.0153 0.0114 0.9734 
          49  1 0.0127 0.9812 0.0061 
          50  1 0.0256 0.9677 0.0066 
          51  1 0.0287 0.9646 0.0067 
          52  1 0.0143 0.9729 0.0129 
          53  1 0.2419 0.1774 0.5808 
          54  1 0.0156 0.9729 0.0116 
          55  1 0.7514 0.2339 0.0147 
          56  1 0.9258 0.0667 0.0075 
          57  1 0.8760 0.1131 0.0109 
          58  1 0.0065 0.0066 0.9869 
          59  1 0.0317 0.0129 0.9554 
          60  1 0.0397 0.9493 0.0110 
          61  1 0.0154 0.9788 0.0058 
          62  1 0.4394 0.5501 0.0105 
          63  1 0.8914 0.1035 0.0052 
          64  1 0.0414 0.9353 0.0233 
          65  1 0.0089 0.0072 0.9839 
          66  1 0.0189 0.0143 0.9668 
          67  1 0.0135 0.0512 0.9353 
          68  1 0.0674 0.9144 0.0181 
          69  1 0.7522 0.2397 0.0081 
          70  1 0.4220 0.5717 0.0063 
          71  1 0.4385 0.5470 0.0144 
          72  1 0.5396 0.4309 0.0295 
          73  1 0.0083 0.0109 0.9808 
          74  1 0.7452 0.2176 0.0372 
          75  1 0.0451 0.9499 0.0051 
          76  1 0.0067 0.0072 0.9860 
          77  1 0.0090 0.0091 0.9819 
          78  1 0.0149 0.9699 0.0151 
          79  1 0.0105 0.0158 0.9737 
          80  1 0.0146 0.9641 0.0213 
          81  1 0.9187 0.0755 0.0059 
          82  1 0.0395 0.9553 0.0052 
          83  1 0.0234 0.9645 0.0121 
          84  1 0.0082 0.0071 0.9846 
          85  1 0.4788 0.2224 0.2988 
          86  1 0.4853 0.4986 0.0161 
          87  1 0.9182 0.0735 0.0083 
          88  1 0.1669 0.8103 0.0228 
          89  1 0.7040 0.2782 0.0178 
          90  1 0.6222 0.3669 0.0108 
          91  1 0.8986 0.0840 0.0174 
          92  1 0.2370 0.7514 0.0116 
          93  1 0.9204 0.0705 0.0091 
          94  1 0.7352 0.2528 0.0120 
          95  1 0.7307 0.2442 0.0251 
          96  1 0.0215 0.9324 0.0461 
          97  1 0.0375 0.9501 0.0125 
          98  1 0.0214 0.0237 0.9550 
          99  1 0.4496 0.4718 0.0786 
         100  1 0.5564 0.3596 0.0840 
         101  1 0.9491 0.0315 0.0195 
         102  1 0.0646 0.9303 0.0051 
         103  1 0.4325 0.5102 0.0572 
         104  1 0.3322 0.5613 0.1064 
         105  1 0.8810 0.1041 0.0149 
         106  1 0.0166 0.0208 0.9626 
         107  1 0.0295 0.9190 0.0515 
         108  1 0.8395 0.1491 0.0114 
         109  1 0.0418 0.9407 0.0175 
         110  1 0.7306 0.2592 0.0102 
         111  1 0.2018 0.2910 0.5072 
         112  1 0.6777 0.3140 0.0083 
         113  1 0.7968 0.1838 0.0194 
         114  1 0.0993 0.8559 0.0447 
         115  1 0.8712 0.1200 0.0088 
         116  1 0.9346 0.0567 0.0087 
         117  1 0.9558 0.0393 0.0049 
         118  1 0.7911 0.1845 0.0244 
         119  1 0.9685 0.0246 0.0069 
         120  1 0.9304 0.0370 0.0326 
         121  1 0.9437 0.0463 0.0100 
         122  1 0.8132 0.1768 0.0100 
         123  1 0.7710 0.2175 0.0114 
         124  1 0.8995 0.0621 0.0384 
         125  1 0.9628 0.0295 0.0078 
         126  1 0.9764 0.0150 0.0086 
         127  1 0.9346 0.0599 0.0054 
         128  1 0.6890 0.2934 0.0177 
         129  1 0.6547 0.3345 0.0108 
         130  1 0.7286 0.2615 0.0099 
         131  1 0.8566 0.1367 0.0067 
         132  1 0.4549 0.5131 0.0320 
         133  1 0.9640 0.0263 0.0098 
         134  1 0.9107 0.0649 0.0244 
         135  1 0.8238 0.1691 0.0071 
         136  1 0.8697 0.1222 0.0081 
         137  1 0.9421 0.0451 0.0129 
         138  1 0.3446 0.6462 0.0092 
         139  1 0.9624 0.0306 0.0070 
         140  1 0.8175 0.1757 0.0068 
         141  1 0.9125 0.0784 0.0091 
         142  1 0.9326 0.0581 0.0093 
         143  1 0.6408 0.3255 0.0337 
         144  1 0.8810 0.1137 0.0053 
         145  1 0.9577 0.0368 0.0056 
         146  1 0.3341 0.6584 0.0074 
         147  1 0.9437 0.0475 0.0088 
         148  1 0.8787 0.1100 0.0113 
         149  1 0.9712 0.0241 0.0047 
         150  1 0.4577 0.5274 0.0149 
         151  1 0.8230 0.1638 0.0132 
         152  1 0.9142 0.0811 0.0048 
         153  1 0.6368 0.3415 0.0217 
         154  1 0.8837 0.0980 0.0182 
         155  1 0.7285 0.1058 0.1657 
         156  1 0.9374 0.0534 0.0092 
         157  1 0.9653 0.0223 0.0124 
         158  1 0.5046 0.3914 0.1040 
         159  1 0.3713 0.4179 0.2108 
         160  1 0.4453 0.5022 0.0525 
         161  1 0.9091 0.0800 0.0109 
         162  1 0.9331 0.0584 0.0086 
         163  1 0.9400 0.0506 0.0094 
         164  1 0.2595 0.7145 0.0260 
         165  1 0.3401 0.6184 0.0416 
         166  1 0.5629 0.4314 0.0057 
         167  1 0.8774 0.1086 0.0140 
         168  1 0.9469 0.0471 0.0060 
         169  1 0.3055 0.6151 0.0793 
         170  1 0.4685 0.5250 0.0065 
         171  1 0.9498 0.0439 0.0063 
         172  1 0.8523 0.1358 0.0119 
