           1  1 0.1071 0.0980 0.4159 0.1254 0.0559 0.1094 0.0883 
           2  1 0.1237 0.0779 0.2964 0.1424 0.0721 0.1349 0.1525 
           3  1 0.0889 0.0622 0.0062 0.4888 0.0468 0.1359 0.1712 
           4  1 0.0729 0.0320 0.0166 0.5507 0.0511 0.1081 0.1687 
           5  1 0.0599 0.0322 0.0399 0.5376 0.0413 0.1147 0.1744 
           6  1 0.0683 0.0424 0.0320 0.4932 0.0752 0.1071 0.1819 
           7  1 0.0644 0.0365 0.0108 0.5322 0.0620 0.1110 0.1831 
           8  1 0.2147 0.0148 0.0065 0.0748 0.0526 0.4551 0.1815 
           9  1 0.0932 0.0881 0.1069 0.3581 0.0316 0.1582 0.1639 
          10  1 0.1223 0.0669 0.0173 0.3507 0.0959 0.1498 0.1972 
          11  1 0.2037 0.0364 0.0338 0.0754 0.0578 0.4075 0.1854 
          12  1 0.2149 0.0722 0.0272 0.0677 0.0445 0.4072 0.1661 
          13  1 0.1361 0.0654 0.1798 0.1619 0.0487 0.2472 0.1610 
          14  1 0.1999 0.0771 0.0094 0.2621 0.1587 0.1099 0.1830 
          15  1 0.1501 0.1331 0.0199 0.3180 0.0557 0.1736 0.1495 
          16  1 0.0070 0.0072 0.9571 0.0078 0.0067 0.0070 0.0072 
          17  1 0.2670 0.6794 0.0069 0.0089 0.0117 0.0144 0.0116 
          18  1 0.0046 0.0039 0.9716 0.0052 0.0047 0.0054 0.0047 
          19  1 0.2714 0.6066 0.0081 0.0186 0.0240 0.0399 0.0313 
          20  1 0.0057 0.0056 0.9595 0.0081 0.0070 0.0069 0.0072 
          21  1 0.0125 0.0147 0.9188 0.0121 0.0157 0.0117 0.0146 
          22  1 0.1821 0.0802 0.0148 0.0818 0.1653 0.2351 0.2406 
          23  1 0.2461 0.5466 0.0131 0.0419 0.0449 0.0333 0.0741 
          24  1 0.2024 0.4042 0.0324 0.1046 0.0837 0.0644 0.1084 
          25  1 0.1215 0.1543 0.1409 0.1273 0.0843 0.1866 0.1852 
          26  1 0.2311 0.3355 0.0231 0.0976 0.1190 0.0652 0.1285 
          27  1 0.2172 0.3123 0.0083 0.0612 0.1638 0.1078 0.1293 
          28  1 0.0104 0.0087 0.9411 0.0091 0.0094 0.0101 0.0113 
          29  1 0.2615 0.4875 0.0078 0.0371 0.0677 0.0518 0.0866 
          30  1 0.0098 0.0113 0.9396 0.0127 0.0084 0.0080 0.0103 
          31  1 0.1281 0.1460 0.0234 0.2283 0.1434 0.1022 0.2286 
          32  1 0.0148 0.0123 0.9028 0.0166 0.0149 0.0198 0.0187 
          33  1 0.2016 0.1048 0.0079 0.1206 0.0917 0.2836 0.1898 
          34  1 0.2719 0.6121 0.0048 0.0179 0.0372 0.0244 0.0317 
          35  1 0.0949 0.0140 0.0150 0.5711 0.0349 0.0827 0.1874 
          36  1 0.2082 0.3473 0.0077 0.0844 0.1562 0.0811 0.1151 
          37  1 0.0109 0.0097 0.9312 0.0131 0.0097 0.0127 0.0126 
          38  1 0.2317 0.0297 0.0072 0.0979 0.2952 0.1049 0.2334 
          39  1 0.2651 0.6839 0.0036 0.0125 0.0100 0.0119 0.0130 
          40  1 0.1750 0.3335 0.0092 0.0969 0.0862 0.0913 0.2079 
          41  1 0.1851 0.1107 0.0104 0.1906 0.1822 0.1331 0.1879 
          42  1 0.0049 0.0052 0.9674 0.0059 0.0057 0.0054 0.0056 
          43  1 0.1265 0.2206 0.0968 0.1338 0.1557 0.1035 0.1631 
          44  1 0.2176 0.4581 0.0073 0.0924 0.0883 0.0579 0.0785 
          45  1 0.1841 0.0976 0.0051 0.2203 0.1158 0.2076 0.1694 
          46  1 0.2620 0.6563 0.0075 0.0205 0.0150 0.0114 0.0274 
          47  1 0.1453 0.1443 0.0092 0.1087 0.1845 0.1103 0.2976 
          48  1 0.0134 0.0096 0.9207 0.0121 0.0143 0.0153 0.0144 
          49  1 0.2862 0.6614 0.0045 0.0134 0.0113 0.0101 0.0131 
          50  1 0.2314 0.5992 0.0057 0.0820 0.0265 0.0255 0.0297 
          51  1 0.2520 0.6229 0.0052 0.0447 0.0173 0.0254 0.0326 
          52  1 0.2803 0.6394 0.0101 0.0151 0.0179 0.0155 0.0216 
          53  1 0.0703 0.0660 0.4983 0.0801 0.0643 0.1202 0.1008 
          54  1 0.2319 0.5994 0.0133 0.0720 0.0225 0.0287 0.0322 
          55  1 0.1380 0.1107 0.0107 0.2487 0.1168 0.1250 0.2502 
          56  1 0.2087 0.0388 0.0056 0.2339 0.1215 0.1645 0.2271 
          57  1 0.2153 0.0467 0.0092 0.1788 0.2521 0.1077 0.1903 
          58  1 0.0061 0.0055 0.9654 0.0061 0.0058 0.0052 0.0060 
          59  1 0.0143 0.0160 0.8675 0.0147 0.0409 0.0234 0.0232 
          60  1 0.2677 0.5825 0.0092 0.0288 0.0354 0.0342 0.0422 
          61  1 0.2607 0.6734 0.0047 0.0238 0.0129 0.0114 0.0132 
          62  1 0.1322 0.1319 0.0077 0.3430 0.1212 0.0990 0.1650 
          63  1 0.1687 0.0673 0.0040 0.1887 0.2766 0.1450 0.1498 
          64  1 0.2448 0.1348 0.0182 0.0297 0.0554 0.3661 0.1509 
          65  1 0.0077 0.0089 0.9366 0.0130 0.0120 0.0095 0.0123 
          66  1 0.0138 0.0118 0.9084 0.0150 0.0188 0.0148 0.0174 
          67  1 0.0226 0.0529 0.8362 0.0298 0.0143 0.0133 0.0309 
          68  1 0.2130 0.3057 0.0195 0.1315 0.0673 0.1249 0.1380 
          69  1 0.2332 0.0398 0.0062 0.1328 0.2436 0.1130 0.2315 
          70  1 0.1954 0.1851 0.0049 0.0677 0.1940 0.1676 0.1853 
          71  1 0.0932 0.0280 0.0080 0.5499 0.0574 0.0808 0.1827 
          72  1 0.2004 0.0601 0.0183 0.1343 0.2393 0.1193 0.2283 
          73  1 0.0087 0.0095 0.9459 0.0119 0.0078 0.0073 0.0090 
          74  1 0.1957 0.0466 0.0282 0.0670 0.1087 0.3495 0.2044 
          75  1 0.2539 0.5905 0.0045 0.0307 0.0370 0.0330 0.0505 
          76  1 0.0065 0.0063 0.9637 0.0054 0.0069 0.0057 0.0056 
          77  1 0.0072 0.0069 0.9519 0.0091 0.0089 0.0077 0.0082 
          78  1 0.2639 0.6573 0.0136 0.0193 0.0149 0.0121 0.0189 
          79  1 0.0123 0.0161 0.9328 0.0096 0.0111 0.0083 0.0098 
          80  1 0.2387 0.3462 0.0369 0.0434 0.0395 0.1944 0.1009 
          81  1 0.2458 0.0251 0.0045 0.0874 0.3034 0.1093 0.2245 
          82  1 0.2632 0.6186 0.0042 0.0252 0.0302 0.0318 0.0268 
          83  1 0.2126 0.5339 0.0147 0.1130 0.0275 0.0362 0.0622 
          84  1 0.0068 0.0055 0.9566 0.0086 0.0070 0.0079 0.0076 
          85  1 0.0822 0.1282 0.1992 0.1417 0.1657 0.1008 0.1823 
          86  1 0.1524 0.1801 0.0128 0.1087 0.2138 0.0874 0.2448 
          87  1 0.1819 0.0270 0.0059 0.0887 0.3601 0.1228 0.2137 
          88  1 0.1225 0.2577 0.0174 0.1398 0.1699 0.1256 0.1671 
          89  1 0.1231 0.0524 0.0131 0.3536 0.1499 0.1300 0.1780 
          90  1 0.1929 0.0866 0.0087 0.1188 0.1013 0.3001 0.1917 
          91  1 0.1768 0.0691 0.0136 0.0868 0.3098 0.1490 0.1950 
          92  1 0.2374 0.2640 0.0091 0.0410 0.2226 0.0724 0.1536 
          93  1 0.2190 0.0228 0.0059 0.2463 0.1790 0.1060 0.2209 
          94  1 0.2283 0.0114 0.0059 0.0427 0.0366 0.4947 0.1803 
          95  1 0.0842 0.1926 0.0150 0.1124 0.2177 0.1215 0.2566 
          96  1 0.2582 0.6090 0.0438 0.0239 0.0256 0.0146 0.0248 
          97  1 0.2381 0.4482 0.0127 0.0903 0.0664 0.0462 0.0980 
          98  1 0.0160 0.0187 0.8951 0.0165 0.0188 0.0165 0.0183 
          99  1 0.2086 0.0410 0.0235 0.0356 0.0569 0.4423 0.1922 
         100  1 0.0817 0.0553 0.0374 0.4485 0.1010 0.0979 0.1784 
         101  1 0.1991 0.0333 0.0102 0.2735 0.1283 0.1266 0.2291 
         102  1 0.2584 0.5776 0.0048 0.0376 0.0438 0.0338 0.0441 
         103  1 0.0971 0.1520 0.0298 0.3186 0.0927 0.1188 0.1911 
         104  1 0.0857 0.0159 0.0270 0.5841 0.0261 0.0801 0.1812 
         105  1 0.1670 0.0435 0.0125 0.2603 0.1663 0.1394 0.2110 
         106  1 0.0176 0.0160 0.8982 0.0203 0.0118 0.0182 0.0180 
         107  1 0.1889 0.2874 0.0682 0.0968 0.0671 0.1198 0.1718 
         108  1 0.2013 0.0579 0.0064 0.0608 0.0633 0.4208 0.1895 
         109  1 0.2317 0.5213 0.0157 0.0651 0.0666 0.0409 0.0587 
         110  1 0.2116 0.0664 0.0070 0.0593 0.3407 0.1074 0.2077 
         111  1 0.0854 0.0743 0.4338 0.0829 0.1315 0.0696 0.1226 
         112  1 0.2138 0.0651 0.0064 0.1416 0.2134 0.1218 0.2378 
         113  1 0.1128 0.0766 0.0149 0.1588 0.2936 0.1623 0.1810 
         114  1 0.1778 0.3063 0.0685 0.1471 0.1064 0.0685 0.1253 
         115  1 0.1646 0.0372 0.0073 0.2028 0.1968 0.1967 0.1945 
         116  1 0.0873 0.0227 0.0057 0.1766 0.4061 0.2166 0.0849 
         117  1 0.2204 0.0295 0.0039 0.0489 0.0596 0.4388 0.1989 
         118  1 0.0724 0.1750 0.0104 0.2264 0.1035 0.1585 0.2539 
         119  1 0.1402 0.0298 0.0062 0.1727 0.3288 0.1826 0.1397 
         120  1 0.0889 0.0245 0.0183 0.2072 0.3679 0.1917 0.1015 
         121  1 0.1912 0.0383 0.0095 0.1442 0.1773 0.2210 0.2186 
         122  1 0.1262 0.0513 0.0084 0.1882 0.2771 0.1779 0.1708 
         123  1 0.1502 0.0524 0.0084 0.1472 0.3323 0.1340 0.1755 
         124  1 0.0790 0.0569 0.0251 0.1587 0.3455 0.1705 0.1644 
         125  1 0.1942 0.0428 0.0069 0.0891 0.1199 0.3583 0.1888 
         126  1 0.2178 0.0208 0.0064 0.1751 0.1106 0.2754 0.1939 
         127  1 0.2119 0.0128 0.0038 0.0418 0.0579 0.4971 0.1748 
         128  1 0.1108 0.2171 0.0100 0.1310 0.1324 0.1298 0.2689 
         129  1 0.1752 0.0627 0.0087 0.1409 0.2918 0.1128 0.2079 
         130  1 0.1734 0.0791 0.0104 0.1315 0.1458 0.2806 0.1793 
         131  1 0.1548 0.1828 0.0069 0.1288 0.1465 0.2282 0.1520 
         132  1 0.2074 0.0392 0.0118 0.0582 0.0462 0.4568 0.1805 
         133  1 0.0904 0.0618 0.0085 0.1853 0.3157 0.1855 0.1527 
         134  1 0.0957 0.0713 0.0151 0.2253 0.2980 0.1492 0.1455 
         135  1 0.1395 0.0587 0.0059 0.1549 0.3215 0.1497 0.1699 
         136  1 0.1330 0.0572 0.0061 0.1872 0.2958 0.2081 0.1126 
         137  1 0.0699 0.0238 0.0103 0.0738 0.4689 0.2097 0.1436 
         138  1 0.1922 0.3067 0.0078 0.0960 0.1421 0.1198 0.1354 
         139  1 0.2037 0.0130 0.0056 0.0665 0.1006 0.4394 0.1713 
         140  1 0.0856 0.0670 0.0047 0.1571 0.3570 0.2028 0.1258 
         141  1 0.1328 0.0506 0.0075 0.1520 0.2458 0.2630 0.1484 
         142  1 0.2094 0.0319 0.0075 0.1767 0.1834 0.1699 0.2212 
         143  1 0.1674 0.0535 0.0220 0.2352 0.1471 0.1609 0.2138 
         144  1 0.1479 0.0646 0.0041 0.1352 0.1534 0.3391 0.1557 
         145  1 0.1332 0.0602 0.0056 0.1804 0.2332 0.2338 0.1536 
         146  1 0.2133 0.2411 0.0057 0.0834 0.2019 0.0901 0.1645 
         147  1 0.1709 0.0272 0.0065 0.1952 0.2996 0.1527 0.1478 
         148  1 0.1367 0.0451 0.0102 0.1503 0.2923 0.2157 0.1498 
         149  1 0.2118 0.0153 0.0039 0.0409 0.0610 0.4917 0.1753 
         150  1 0.1370 0.1195 0.0133 0.2160 0.2297 0.1579 0.1266 
         151  1 0.1104 0.0933 0.0104 0.1666 0.3384 0.1688 0.1121 
         152  1 0.2125 0.0465 0.0042 0.0809 0.3080 0.1441 0.2038 
         153  1 0.1484 0.0731 0.0127 0.1172 0.3452 0.1280 0.1753 
         154  1 0.1195 0.0396 0.0121 0.0998 0.4009 0.1590 0.1691 
         155  1 0.0656 0.0758 0.0627 0.1832 0.3003 0.1465 0.1658 
         156  1 0.0822 0.0214 0.0065 0.1840 0.3999 0.2199 0.0861 
         157  1 0.1469 0.0254 0.0113 0.1604 0.2843 0.2442 0.1276 
         158  1 0.0842 0.1642 0.0847 0.2139 0.1346 0.1125 0.2060 
         159  1 0.1400 0.1677 0.0946 0.0738 0.2095 0.1018 0.2126 
         160  1 0.1524 0.1741 0.0341 0.0954 0.2044 0.1173 0.2224 
         161  1 0.0815 0.0328 0.0073 0.0651 0.4705 0.2017 0.1411 
         162  1 0.1087 0.0344 0.0061 0.0748 0.4422 0.1795 0.1542 
         163  1 0.0816 0.0236 0.0079 0.0627 0.4741 0.2076 0.1425 
         164  1 0.1423 0.1486 0.0256 0.2182 0.2042 0.1325 0.1287 
         165  1 0.1268 0.1285 0.0259 0.1476 0.2907 0.1612 0.1193 
         166  1 0.1310 0.1806 0.0046 0.2325 0.1591 0.1199 0.1723 
         167  1 0.1188 0.0234 0.0101 0.2198 0.3265 0.1724 0.1289 
         168  1 0.0852 0.0201 0.0052 0.0680 0.4702 0.2130 0.1382 
         169  1 0.1280 0.2081 0.0473 0.0675 0.2889 0.1403 0.1197 
         170  1 0.1568 0.1361 0.0055 0.1887 0.2364 0.1317 0.1449 
         171  1 0.0830 0.0250 0.0053 0.0643 0.4801 0.1985 0.1439 
         172  1 0.1403 0.0320 0.0087 0.2066 0.3267 0.1629 0.1227 
