           1  1 0.1019 0.0645 0.0841 0.3997 0.0726 0.0807 0.0525 0.0859 0.0581 
           2  1 0.0905 0.0725 0.0988 0.2937 0.0954 0.1241 0.0684 0.0799 0.0765 
           3  1 0.1173 0.1428 0.1516 0.0059 0.1697 0.0618 0.0260 0.2781 0.0467 
           4  1 0.1066 0.1501 0.1443 0.0133 0.1693 0.0427 0.0210 0.3029 0.0499 
           5  1 0.1103 0.1375 0.1365 0.0281 0.1664 0.0597 0.0191 0.2962 0.0461 
           6  1 0.1059 0.1457 0.1113 0.0340 0.1406 0.0880 0.0441 0.2697 0.0609 
           7  1 0.1117 0.1416 0.1377 0.0098 0.1711 0.0597 0.0267 0.2907 0.0511 
           8  1 0.1224 0.0466 0.2152 0.0068 0.1573 0.1923 0.1124 0.0369 0.1102 
           9  1 0.1286 0.1078 0.1339 0.0822 0.1537 0.0930 0.0313 0.2175 0.0520 
          10  1 0.1068 0.1202 0.1485 0.0185 0.1345 0.1287 0.0734 0.1798 0.0896 
          11  1 0.1448 0.0408 0.2019 0.0341 0.1249 0.2145 0.0940 0.0346 0.1105 
          12  1 0.1691 0.0455 0.2013 0.0244 0.1180 0.2048 0.0857 0.0562 0.0951 
          13  1 0.1268 0.0633 0.1516 0.1739 0.0890 0.1593 0.0608 0.1002 0.0751 
          14  1 0.0855 0.1442 0.2055 0.0100 0.0960 0.1129 0.1038 0.1516 0.0905 
          15  1 0.1523 0.1378 0.1380 0.0223 0.1067 0.1043 0.0631 0.2046 0.0709 
          16  1 0.0071 0.0078 0.0079 0.9420 0.0076 0.0069 0.0062 0.0077 0.0067 
          17  1 0.2863 0.1984 0.0157 0.0084 0.1333 0.0210 0.0351 0.2889 0.0128 
          18  1 0.0047 0.0046 0.0049 0.9610 0.0050 0.0053 0.0051 0.0047 0.0048 
          19  1 0.2841 0.1595 0.0411 0.0090 0.1416 0.0503 0.0483 0.2358 0.0303 
          20  1 0.0065 0.0067 0.0067 0.9447 0.0071 0.0073 0.0077 0.0065 0.0069 
          21  1 0.0139 0.0151 0.0112 0.8889 0.0142 0.0137 0.0151 0.0121 0.0158 
          22  1 0.1291 0.0945 0.1674 0.0155 0.1179 0.1697 0.1200 0.0610 0.1249 
          23  1 0.1981 0.2108 0.0444 0.0112 0.2283 0.0715 0.0644 0.1197 0.0515 
          24  1 0.1673 0.1924 0.0701 0.0306 0.1456 0.0937 0.0833 0.1458 0.0712 
          25  1 0.1282 0.0926 0.1014 0.1223 0.1137 0.1974 0.0832 0.0698 0.0915 
          26  1 0.1828 0.1743 0.0925 0.0214 0.1225 0.0891 0.0722 0.1760 0.0692 
          27  1 0.1679 0.1368 0.1011 0.0076 0.1202 0.1299 0.1228 0.1132 0.1005 
          28  1 0.0092 0.0101 0.0113 0.9208 0.0104 0.0101 0.0092 0.0092 0.0096 
          29  1 0.2107 0.1668 0.0473 0.0080 0.2114 0.0767 0.0842 0.1173 0.0777 
          30  1 0.0100 0.0116 0.0109 0.9172 0.0105 0.0096 0.0079 0.0136 0.0087 
          31  1 0.1201 0.1257 0.1023 0.0238 0.1330 0.1575 0.0948 0.1168 0.1259 
          32  1 0.0147 0.0142 0.0182 0.8668 0.0178 0.0182 0.0166 0.0156 0.0179 
          33  1 0.1415 0.1018 0.1641 0.0078 0.1449 0.1553 0.0985 0.0828 0.1034 
          34  1 0.2200 0.2221 0.0317 0.0047 0.2083 0.0479 0.0660 0.1557 0.0434 
          35  1 0.0856 0.1661 0.1514 0.0160 0.1435 0.0349 0.0262 0.3061 0.0702 
          36  1 0.1463 0.1649 0.0562 0.0069 0.1694 0.1078 0.1109 0.1050 0.1327 
          37  1 0.0110 0.0110 0.0132 0.9090 0.0110 0.0126 0.0097 0.0118 0.0107 
          38  1 0.0588 0.1037 0.2970 0.0066 0.0617 0.0973 0.1374 0.1235 0.1140 
          39  1 0.2959 0.2075 0.0122 0.0035 0.1198 0.0117 0.0350 0.3049 0.0095 
          40  1 0.1753 0.1579 0.0860 0.0093 0.1691 0.1611 0.0773 0.0783 0.0857 
          41  1 0.0964 0.1228 0.1879 0.0099 0.1064 0.1321 0.1324 0.1017 0.1103 
          42  1 0.0053 0.0052 0.0051 0.9567 0.0052 0.0052 0.0059 0.0060 0.0054 
          43  1 0.1329 0.1531 0.0811 0.0606 0.1626 0.1147 0.1115 0.0738 0.1096 
          44  1 0.2329 0.1841 0.0597 0.0065 0.1189 0.0554 0.0477 0.2524 0.0423 
          45  1 0.1177 0.1142 0.1704 0.0048 0.1335 0.1216 0.1205 0.1129 0.1042 
          46  1 0.2737 0.2048 0.0197 0.0059 0.1268 0.0354 0.0397 0.2749 0.0191 
          47  1 0.1145 0.1124 0.1349 0.0092 0.1196 0.2132 0.1039 0.0742 0.1182 
          48  1 0.0123 0.0112 0.0141 0.8969 0.0127 0.0143 0.0132 0.0110 0.0142 
          49  1 0.2445 0.2450 0.0144 0.0045 0.2258 0.0266 0.0437 0.1805 0.0149 
          50  1 0.2188 0.2048 0.0415 0.0061 0.1571 0.0374 0.0440 0.2637 0.0266 
          51  1 0.2721 0.1923 0.0258 0.0051 0.1332 0.0304 0.0379 0.2838 0.0194 
          52  1 0.2230 0.2394 0.0195 0.0102 0.2339 0.0409 0.0502 0.1567 0.0262 
          53  1 0.0584 0.0506 0.0586 0.4895 0.0617 0.1001 0.0682 0.0423 0.0707 
          54  1 0.2201 0.1990 0.0352 0.0123 0.1648 0.0355 0.0407 0.2714 0.0210 
          55  1 0.0756 0.1001 0.1957 0.0094 0.1023 0.1831 0.0986 0.1294 0.1058 
          56  1 0.0658 0.1055 0.2761 0.0051 0.0982 0.1127 0.0992 0.1375 0.0999 
          57  1 0.0869 0.1400 0.2392 0.0084 0.0734 0.1092 0.1229 0.1028 0.1172 
          58  1 0.0057 0.0059 0.0057 0.9539 0.0057 0.0059 0.0058 0.0055 0.0058 
          59  1 0.0121 0.0139 0.0130 0.8336 0.0151 0.0176 0.0367 0.0189 0.0391 
          60  1 0.2786 0.1595 0.0498 0.0094 0.1328 0.0536 0.0435 0.2421 0.0307 
          61  1 0.2865 0.2044 0.0143 0.0044 0.1275 0.0120 0.0307 0.3091 0.0110 
          62  1 0.1160 0.1480 0.1432 0.0074 0.1346 0.1144 0.0710 0.1743 0.0912 
          63  1 0.0959 0.1357 0.1422 0.0040 0.0879 0.1310 0.1745 0.0776 0.1512 
          64  1 0.1685 0.0691 0.1792 0.0181 0.1307 0.1894 0.1012 0.0618 0.0820 
          65  1 0.0087 0.0093 0.0107 0.9162 0.0097 0.0133 0.0112 0.0083 0.0126 
          66  1 0.0132 0.0145 0.0157 0.8815 0.0144 0.0170 0.0147 0.0133 0.0156 
          67  1 0.0305 0.0316 0.0189 0.8032 0.0233 0.0268 0.0143 0.0335 0.0179 
          68  1 0.1641 0.1398 0.1267 0.0175 0.1249 0.1162 0.0622 0.1900 0.0586 
          69  1 0.0706 0.1112 0.3004 0.0054 0.0743 0.0913 0.1063 0.1494 0.0911 
          70  1 0.1256 0.1310 0.1339 0.0051 0.1410 0.1386 0.1264 0.0872 0.1112 
          71  1 0.0893 0.1578 0.1342 0.0071 0.1510 0.0526 0.0337 0.2983 0.0760 
          72  1 0.0836 0.1018 0.2306 0.0194 0.1000 0.1248 0.1025 0.1334 0.1040 
          73  1 0.0094 0.0099 0.0099 0.9253 0.0090 0.0085 0.0077 0.0121 0.0083 
          74  1 0.1192 0.0679 0.1640 0.0295 0.1317 0.1885 0.1207 0.0467 0.1318 
          75  1 0.2467 0.1733 0.0306 0.0043 0.1629 0.0687 0.0684 0.1917 0.0533 
          76  1 0.0067 0.0064 0.0056 0.9506 0.0058 0.0061 0.0065 0.0064 0.0059 
          77  1 0.0072 0.0080 0.0077 0.9358 0.0082 0.0087 0.0082 0.0078 0.0084 
          78  1 0.2442 0.2184 0.0202 0.0154 0.1553 0.0304 0.0413 0.2585 0.0163 
          79  1 0.0127 0.0133 0.0098 0.9094 0.0109 0.0099 0.0107 0.0127 0.0105 
          80  1 0.1975 0.1442 0.0905 0.0318 0.1789 0.1310 0.0708 0.0958 0.0595 
          81  1 0.0691 0.1049 0.3011 0.0038 0.0678 0.0984 0.1243 0.1301 0.1005 
          82  1 0.2498 0.1806 0.0346 0.0043 0.1644 0.0464 0.0630 0.2198 0.0372 
          83  1 0.2086 0.1862 0.0456 0.0123 0.1720 0.0609 0.0447 0.2420 0.0276 
          84  1 0.0069 0.0072 0.0074 0.9417 0.0073 0.0074 0.0075 0.0069 0.0077 
          85  1 0.0842 0.0949 0.0812 0.1852 0.0772 0.1488 0.1187 0.0737 0.1361 
          86  1 0.1109 0.1365 0.1106 0.0109 0.1218 0.1670 0.1068 0.0863 0.1490 
          87  1 0.0830 0.0931 0.1421 0.0063 0.0835 0.1119 0.1629 0.1155 0.2017 
          88  1 0.1157 0.1514 0.0653 0.0141 0.1751 0.1162 0.1383 0.0889 0.1349 
          89  1 0.0882 0.1430 0.1472 0.0129 0.1198 0.0978 0.1098 0.1476 0.1336 
          90  1 0.1179 0.0999 0.1782 0.0088 0.1277 0.1668 0.1139 0.0780 0.1088 
          91  1 0.0806 0.1166 0.1822 0.0138 0.0743 0.1369 0.1552 0.0852 0.1552 
          92  1 0.1119 0.1558 0.1372 0.0072 0.1229 0.0796 0.1201 0.1316 0.1338 
          93  1 0.0574 0.1202 0.3200 0.0047 0.0723 0.0800 0.1050 0.1587 0.0817 
          94  1 0.1322 0.0363 0.2029 0.0061 0.1550 0.2122 0.1093 0.0250 0.1209 
          95  1 0.0910 0.0972 0.0737 0.0125 0.0937 0.1997 0.1772 0.0619 0.1930 
          96  1 0.2151 0.2347 0.0252 0.0466 0.1723 0.0373 0.0462 0.1960 0.0266 
          97  1 0.1909 0.1844 0.0637 0.0113 0.1999 0.0874 0.0645 0.1418 0.0561 
          98  1 0.0157 0.0198 0.0159 0.8526 0.0216 0.0188 0.0202 0.0148 0.0207 
          99  1 0.1390 0.0470 0.2007 0.0220 0.1313 0.2129 0.1068 0.0215 0.1188 
         100  1 0.1000 0.1258 0.1221 0.0362 0.1371 0.1103 0.0710 0.2043 0.0931 
         101  1 0.0600 0.1218 0.2816 0.0100 0.0877 0.0933 0.1027 0.1499 0.0930 
         102  1 0.2461 0.1964 0.0420 0.0048 0.1306 0.0433 0.0543 0.2503 0.0322 
         103  1 0.1216 0.1257 0.1199 0.0287 0.1430 0.1438 0.0700 0.1554 0.0919 
         104  1 0.0871 0.1646 0.1409 0.0228 0.1459 0.0306 0.0177 0.3228 0.0675 
         105  1 0.1017 0.1449 0.1642 0.0112 0.1121 0.1195 0.1123 0.1291 0.1050 
         106  1 0.0168 0.0156 0.0186 0.8685 0.0196 0.0175 0.0124 0.0160 0.0150 
         107  1 0.1589 0.1570 0.0845 0.0537 0.1768 0.1376 0.0766 0.0867 0.0682 
         108  1 0.1261 0.0608 0.1902 0.0064 0.1480 0.2142 0.1034 0.0286 0.1223 
         109  1 0.1734 0.2024 0.0456 0.0138 0.2133 0.0881 0.0746 0.1350 0.0538 
         110  1 0.0577 0.1003 0.2029 0.0063 0.0684 0.0831 0.1559 0.1438 0.1816 
         111  1 0.0530 0.0590 0.0668 0.4251 0.0514 0.0953 0.0788 0.0629 0.1077 
         112  1 0.1086 0.1203 0.2247 0.0054 0.1179 0.1167 0.1034 0.1160 0.0870 
         113  1 0.0894 0.0946 0.1024 0.0150 0.0953 0.1378 0.1899 0.0774 0.1982 
         114  1 0.1781 0.1610 0.0772 0.0628 0.1078 0.0907 0.0796 0.1602 0.0826 
         115  1 0.1131 0.1211 0.1456 0.0066 0.1325 0.1161 0.1364 0.0951 0.1335 
         116  1 0.0642 0.0956 0.0922 0.0053 0.0674 0.1215 0.3085 0.0382 0.2071 
         117  1 0.1439 0.0772 0.1575 0.0038 0.1515 0.1564 0.1464 0.0288 0.1344 
         118  1 0.1133 0.0919 0.1206 0.0118 0.1142 0.2140 0.1029 0.1197 0.1115 
         119  1 0.0709 0.0945 0.1479 0.0062 0.0848 0.1157 0.2251 0.0717 0.1832 
         120  1 0.0729 0.0996 0.1135 0.0181 0.0680 0.1289 0.2858 0.0307 0.1824 
         121  1 0.1044 0.1050 0.1725 0.0095 0.1198 0.1463 0.1326 0.0884 0.1214 
         122  1 0.1068 0.1162 0.0918 0.0077 0.1184 0.1146 0.1682 0.0959 0.1806 
         123  1 0.1001 0.1250 0.0928 0.0081 0.1013 0.1109 0.1813 0.0945 0.1862 
         124  1 0.0658 0.0656 0.0929 0.0211 0.0714 0.1204 0.2500 0.0806 0.2321 
         125  1 0.1198 0.0793 0.1586 0.0059 0.1446 0.1857 0.1294 0.0444 0.1322 
         126  1 0.0924 0.0917 0.2158 0.0061 0.1417 0.1208 0.1314 0.0789 0.1212 
         127  1 0.1369 0.0445 0.1816 0.0036 0.1573 0.1932 0.1419 0.0124 0.1286 
         128  1 0.1229 0.1494 0.0917 0.0104 0.1341 0.2210 0.0939 0.0382 0.1384 
         129  1 0.0947 0.1162 0.1312 0.0080 0.1090 0.0995 0.1376 0.1346 0.1693 
         130  1 0.1251 0.1068 0.1510 0.0095 0.1192 0.1702 0.1362 0.0644 0.1176 
         131  1 0.1498 0.1260 0.0890 0.0065 0.1147 0.1330 0.1577 0.0926 0.1307 
         132  1 0.1474 0.0424 0.1997 0.0124 0.1323 0.2173 0.1033 0.0291 0.1161 
         133  1 0.0782 0.0848 0.0945 0.0079 0.0798 0.1728 0.2531 0.0490 0.1801 
         134  1 0.0768 0.1180 0.1198 0.0124 0.0726 0.1389 0.2633 0.0356 0.1626 
         135  1 0.1031 0.1162 0.0905 0.0053 0.1131 0.1060 0.1789 0.1004 0.1864 
         136  1 0.0858 0.1104 0.1353 0.0056 0.0816 0.1330 0.2477 0.0402 0.1603 
         137  1 0.0202 0.0293 0.0520 0.0092 0.0585 0.0593 0.3038 0.1164 0.3514 
         138  1 0.1394 0.1428 0.0876 0.0076 0.1438 0.1531 0.1082 0.0977 0.1197 
         139  1 0.1256 0.0596 0.1664 0.0057 0.1456 0.1889 0.1486 0.0187 0.1408 
         140  1 0.0825 0.1000 0.0786 0.0049 0.1010 0.1225 0.2303 0.0590 0.2211 
         141  1 0.1045 0.1206 0.1057 0.0079 0.1178 0.1570 0.1831 0.0478 0.1555 
         142  1 0.1033 0.1294 0.1878 0.0074 0.1079 0.1096 0.1324 0.0900 0.1322 
         143  1 0.0999 0.1005 0.1798 0.0216 0.1183 0.1345 0.1040 0.1359 0.1055 
         144  1 0.1090 0.0951 0.1257 0.0043 0.1323 0.1637 0.1886 0.0357 0.1457 
         145  1 0.0939 0.1033 0.1416 0.0051 0.0976 0.1465 0.2259 0.0483 0.1378 
         146  1 0.1438 0.1570 0.0928 0.0057 0.1455 0.1156 0.1068 0.1173 0.1155 
         147  1 0.0905 0.1467 0.1226 0.0063 0.0831 0.1176 0.1931 0.0671 0.1732 
         148  1 0.1117 0.1257 0.0941 0.0086 0.1127 0.1133 0.1976 0.0599 0.1764 
         149  1 0.1428 0.0574 0.1567 0.0034 0.1518 0.1679 0.1638 0.0138 0.1424 
         150  1 0.1201 0.1171 0.1122 0.0122 0.0898 0.1483 0.1686 0.0963 0.1353 
         151  1 0.0926 0.1139 0.0938 0.0114 0.0844 0.1307 0.2318 0.0681 0.1732 
         152  1 0.0901 0.0982 0.1881 0.0040 0.0926 0.1194 0.1336 0.1129 0.1609 
         153  1 0.0791 0.0889 0.0907 0.0123 0.1029 0.1078 0.1730 0.1135 0.2318 
         154  1 0.0535 0.0573 0.1055 0.0110 0.0774 0.0974 0.2395 0.0944 0.2640 
         155  1 0.0721 0.0858 0.1087 0.0577 0.0677 0.1765 0.2405 0.0324 0.1586 
         156  1 0.0753 0.0975 0.0954 0.0074 0.0762 0.1133 0.3014 0.0356 0.1979 
         157  1 0.0778 0.0994 0.1467 0.0103 0.1010 0.1388 0.2331 0.0346 0.1582 
         158  1 0.1042 0.1014 0.0976 0.0757 0.0964 0.1975 0.1010 0.1020 0.1242 
         159  1 0.1075 0.1337 0.0646 0.0601 0.1708 0.1212 0.1262 0.0690 0.1468 
         160  1 0.1212 0.1385 0.0728 0.0254 0.1664 0.1363 0.1230 0.0743 0.1422 
         161  1 0.0163 0.0291 0.0473 0.0068 0.0581 0.0479 0.2930 0.1269 0.3746 
         162  1 0.0322 0.0441 0.0583 0.0058 0.0589 0.0518 0.2659 0.1343 0.3487 
         163  1 0.0151 0.0257 0.0446 0.0074 0.0562 0.0405 0.2968 0.1298 0.3839 
         164  1 0.1367 0.1513 0.0885 0.0201 0.1162 0.1090 0.1402 0.1111 0.1269 
         165  1 0.1124 0.1393 0.0719 0.0225 0.1261 0.1029 0.1757 0.0766 0.1726 
         166  1 0.1142 0.1238 0.1066 0.0045 0.1153 0.1544 0.1086 0.1440 0.1285 
         167  1 0.0969 0.1272 0.1099 0.0099 0.0851 0.1073 0.1942 0.0872 0.1822 
         168  1 0.0312 0.0455 0.0650 0.0050 0.0635 0.0711 0.2783 0.1151 0.3254 
         169  1 0.0842 0.1037 0.0450 0.0318 0.1216 0.0643 0.2014 0.1194 0.2286 
         170  1 0.1234 0.1444 0.0910 0.0050 0.1340 0.1143 0.1540 0.0842 0.1498 
         171  1 0.0180 0.0297 0.0486 0.0054 0.0536 0.0481 0.2964 0.1317 0.3686 
         172  1 0.1023 0.1496 0.1147 0.0079 0.0751 0.1150 0.2170 0.0537 0.1648 
