           1  1 0.0517 0.0873 0.1237 0.0541 0.4084 0.1120 0.0759 0.0870 
           2  1 0.0568 0.1274 0.1359 0.0787 0.3056 0.1090 0.0872 0.0995 
           3  1 0.0330 0.0512 0.3202 0.1483 0.0061 0.0669 0.2879 0.0864 
           4  1 0.0224 0.0362 0.3589 0.1565 0.0171 0.0226 0.3135 0.0729 
           5  1 0.0168 0.0360 0.3580 0.1557 0.0297 0.0236 0.3090 0.0712 
           6  1 0.0426 0.0389 0.3327 0.1783 0.0322 0.0102 0.2979 0.0671 
           7  1 0.0235 0.0316 0.3579 0.1621 0.0102 0.0162 0.3215 0.0770 
           8  1 0.0603 0.1881 0.3033 0.0610 0.0070 0.2923 0.0412 0.0467 
           9  1 0.0297 0.0987 0.2626 0.1143 0.0988 0.1032 0.2101 0.0825 
          10  1 0.0908 0.1044 0.2672 0.1718 0.0168 0.0476 0.2221 0.0793 
          11  1 0.0491 0.2195 0.2589 0.0421 0.0347 0.2855 0.0438 0.0665 
          12  1 0.0424 0.2200 0.2547 0.0271 0.0275 0.3153 0.0295 0.0835 
          13  1 0.0511 0.1554 0.1921 0.0606 0.1883 0.1938 0.0886 0.0701 
          14  1 0.2023 0.1147 0.1836 0.1953 0.0098 0.0618 0.1486 0.0839 
          15  1 0.0748 0.1017 0.2119 0.0846 0.0232 0.1963 0.1498 0.1576 
          16  1 0.0073 0.0077 0.0077 0.0081 0.9473 0.0071 0.0081 0.0068 
          17  1 0.0135 0.0161 0.0111 0.0159 0.0081 0.5877 0.0147 0.3329 
          18  1 0.0052 0.0051 0.0059 0.0049 0.9647 0.0046 0.0051 0.0046 
          19  1 0.0289 0.0586 0.0322 0.0329 0.0094 0.4994 0.0244 0.3141 
          20  1 0.0078 0.0071 0.0067 0.0071 0.9521 0.0053 0.0071 0.0068 
          21  1 0.0151 0.0175 0.0113 0.0144 0.9012 0.0109 0.0149 0.0147 
          22  1 0.1509 0.1666 0.1648 0.1377 0.0157 0.1232 0.1155 0.1255 
          23  1 0.0566 0.1345 0.0269 0.1225 0.0127 0.3587 0.0830 0.2051 
          24  1 0.0844 0.1051 0.0749 0.1289 0.0349 0.2656 0.1134 0.1929 
          25  1 0.0762 0.1781 0.1510 0.1153 0.1381 0.1316 0.1111 0.0985 
          26  1 0.1181 0.1032 0.0738 0.1075 0.0204 0.2424 0.1139 0.2208 
          27  1 0.1412 0.1528 0.0613 0.1481 0.0080 0.2062 0.1102 0.1721 
          28  1 0.0103 0.0110 0.0108 0.0113 0.9284 0.0094 0.0100 0.0087 
          29  1 0.1096 0.1430 0.0150 0.1342 0.0077 0.2809 0.0759 0.2337 
          30  1 0.0093 0.0088 0.0118 0.0111 0.9275 0.0098 0.0114 0.0103 
          31  1 0.1176 0.1572 0.1334 0.1827 0.0235 0.0545 0.1966 0.1345 
          32  1 0.0152 0.0176 0.0207 0.0181 0.8839 0.0119 0.0187 0.0138 
          33  1 0.1000 0.1699 0.2081 0.0986 0.0077 0.1987 0.0999 0.1170 
          34  1 0.0460 0.0916 0.0194 0.0885 0.0046 0.4588 0.0677 0.2234 
          35  1 0.0573 0.0283 0.3613 0.1834 0.0170 0.0105 0.2956 0.0466 
          36  1 0.1350 0.1483 0.0350 0.1594 0.0071 0.1895 0.1319 0.1938 
          37  1 0.0111 0.0118 0.0136 0.0117 0.9180 0.0121 0.0110 0.0108 
          38  1 0.2599 0.1394 0.1604 0.2385 0.0063 0.0126 0.1193 0.0637 
          39  1 0.0123 0.0110 0.0103 0.0121 0.0036 0.5927 0.0111 0.3469 
          40  1 0.1237 0.1804 0.0562 0.1311 0.0092 0.1477 0.1264 0.2254 
          41  1 0.1984 0.1377 0.1596 0.1743 0.0105 0.0742 0.1369 0.1085 
          42  1 0.0057 0.0050 0.0049 0.0058 0.9624 0.0048 0.0058 0.0057 
          43  1 0.1330 0.1672 0.0798 0.1609 0.0816 0.1015 0.1362 0.1399 
          44  1 0.0767 0.0525 0.0473 0.0667 0.0074 0.3977 0.0643 0.2873 
          45  1 0.1482 0.1335 0.1952 0.1400 0.0051 0.1505 0.1156 0.1119 
          46  1 0.0214 0.0260 0.0129 0.0279 0.0061 0.5605 0.0210 0.3243 
          47  1 0.1702 0.1703 0.1043 0.1738 0.0086 0.0336 0.1663 0.1728 
          48  1 0.0125 0.0160 0.0137 0.0136 0.9078 0.0118 0.0141 0.0106 
          49  1 0.0135 0.0801 0.0113 0.0728 0.0049 0.5321 0.0493 0.2359 
          50  1 0.0259 0.0324 0.0642 0.0374 0.0062 0.4840 0.0592 0.2906 
          51  1 0.0206 0.0253 0.0257 0.0225 0.0052 0.5400 0.0324 0.3284 
          52  1 0.0220 0.0934 0.0121 0.0928 0.0114 0.4771 0.0594 0.2317 
          53  1 0.0545 0.0986 0.0809 0.0690 0.4992 0.0839 0.0601 0.0538 
          54  1 0.0176 0.0364 0.0443 0.0373 0.0139 0.4933 0.0545 0.3026 
          55  1 0.1670 0.1567 0.1842 0.2250 0.0095 0.0469 0.1470 0.0637 
          56  1 0.1878 0.1440 0.2167 0.2193 0.0057 0.0473 0.1315 0.0476 
          57  1 0.2604 0.1426 0.1553 0.1876 0.0088 0.0286 0.1207 0.0960 
          58  1 0.0056 0.0060 0.0061 0.0062 0.9579 0.0053 0.0068 0.0062 
          59  1 0.0266 0.0289 0.0107 0.0265 0.8488 0.0088 0.0265 0.0233 
          60  1 0.0423 0.0497 0.0307 0.0449 0.0097 0.4807 0.0285 0.3134 
          61  1 0.0126 0.0129 0.0161 0.0124 0.0046 0.5871 0.0171 0.3371 
          62  1 0.1081 0.0945 0.2189 0.1657 0.0077 0.0732 0.2104 0.1215 
          63  1 0.2464 0.1419 0.1203 0.1533 0.0042 0.0516 0.1506 0.1316 
          64  1 0.0427 0.2078 0.2281 0.0351 0.0189 0.3299 0.0323 0.1052 
          65  1 0.0142 0.0104 0.0096 0.0128 0.9258 0.0059 0.0115 0.0098 
          66  1 0.0174 0.0159 0.0149 0.0175 0.8920 0.0115 0.0161 0.0148 
          67  1 0.0159 0.0203 0.0255 0.0275 0.8171 0.0335 0.0257 0.0345 
          68  1 0.0871 0.1226 0.1112 0.0865 0.0190 0.2874 0.0794 0.2067 
          69  1 0.2531 0.1383 0.1576 0.2470 0.0056 0.0202 0.1288 0.0494 
          70  1 0.1650 0.1763 0.0902 0.1879 0.0050 0.1120 0.1131 0.1505 
          71  1 0.0641 0.0337 0.3515 0.1699 0.0073 0.0150 0.3021 0.0565 
          72  1 0.2214 0.1397 0.1363 0.1939 0.0209 0.0392 0.1564 0.0921 
          73  1 0.0089 0.0074 0.0099 0.0101 0.9345 0.0084 0.0113 0.0094 
          74  1 0.1039 0.1852 0.1960 0.0920 0.0294 0.2138 0.0803 0.0993 
          75  1 0.0645 0.0706 0.0206 0.0743 0.0044 0.4352 0.0593 0.2710 
          76  1 0.0067 0.0059 0.0055 0.0064 0.9572 0.0059 0.0058 0.0065 
          77  1 0.0077 0.0085 0.0081 0.0091 0.9435 0.0067 0.0085 0.0079 
          78  1 0.0180 0.0287 0.0177 0.0385 0.0160 0.5463 0.0283 0.3065 
          79  1 0.0114 0.0100 0.0094 0.0101 0.9201 0.0142 0.0116 0.0131 
          80  1 0.0297 0.1967 0.1234 0.0727 0.0354 0.3369 0.0593 0.1459 
          81  1 0.2709 0.1443 0.1584 0.2224 0.0041 0.0157 0.1212 0.0630 
          82  1 0.0396 0.0600 0.0295 0.0557 0.0042 0.5044 0.0420 0.2646 
          83  1 0.0291 0.0590 0.0605 0.0612 0.0130 0.4360 0.0715 0.2697 
          84  1 0.0070 0.0076 0.0078 0.0079 0.9499 0.0058 0.0074 0.0066 
          85  1 0.1359 0.1342 0.0927 0.1412 0.2053 0.0340 0.1463 0.1103 
          86  1 0.1821 0.1858 0.0647 0.1869 0.0113 0.0452 0.1512 0.1728 
          87  1 0.2440 0.1655 0.0903 0.1495 0.0064 0.0155 0.1819 0.1469 
          88  1 0.1369 0.1780 0.0725 0.1761 0.0159 0.1005 0.1637 0.1565 
          89  1 0.1656 0.1030 0.2230 0.1869 0.0145 0.0264 0.1953 0.0853 
          90  1 0.1359 0.1563 0.1990 0.1007 0.0084 0.2060 0.0889 0.1049 
          91  1 0.2348 0.1654 0.1075 0.1889 0.0144 0.0427 0.1294 0.1169 
          92  1 0.1566 0.1676 0.0493 0.2161 0.0072 0.1386 0.1265 0.1380 
          93  1 0.2075 0.1320 0.2206 0.2387 0.0055 0.0105 0.1447 0.0405 
          94  1 0.0542 0.2137 0.2926 0.0238 0.0059 0.3295 0.0314 0.0489 
          95  1 0.1763 0.1742 0.0576 0.1796 0.0156 0.0372 0.1833 0.1762 
          96  1 0.0273 0.0544 0.0153 0.0576 0.0450 0.4941 0.0408 0.2655 
          97  1 0.0811 0.1183 0.0646 0.1120 0.0123 0.2872 0.1078 0.2166 
          98  1 0.0193 0.0188 0.0170 0.0178 0.8722 0.0148 0.0211 0.0189 
          99  1 0.0570 0.2201 0.2472 0.0371 0.0233 0.2997 0.0389 0.0768 
         100  1 0.0928 0.0808 0.2775 0.1784 0.0369 0.0244 0.2363 0.0729 
         101  1 0.1869 0.1369 0.2229 0.2371 0.0101 0.0210 0.1460 0.0392 
         102  1 0.0476 0.0462 0.0379 0.0480 0.0048 0.4855 0.0452 0.2848 
         103  1 0.0674 0.1235 0.2356 0.1740 0.0297 0.0807 0.1974 0.0917 
         104  1 0.0397 0.0198 0.3726 0.1866 0.0256 0.0088 0.3032 0.0437 
         105  1 0.1714 0.1186 0.2125 0.1604 0.0121 0.0479 0.1671 0.1099 
         106  1 0.0142 0.0157 0.0203 0.0173 0.8833 0.0176 0.0166 0.0151 
         107  1 0.0773 0.1919 0.0826 0.1337 0.0603 0.1819 0.1105 0.1617 
         108  1 0.0842 0.2068 0.2696 0.0603 0.0063 0.2634 0.0551 0.0543 
         109  1 0.0626 0.1025 0.0374 0.1226 0.0153 0.3696 0.0831 0.2069 
         110  1 0.2292 0.1575 0.0959 0.2460 0.0069 0.0193 0.1430 0.1023 
         111  1 0.0946 0.1085 0.0599 0.0982 0.4354 0.0359 0.0953 0.0722 
         112  1 0.2275 0.1323 0.1519 0.1742 0.0060 0.0465 0.1446 0.1170 
         113  1 0.2066 0.1779 0.0818 0.1808 0.0147 0.0249 0.1841 0.1293 
         114  1 0.0947 0.0949 0.0881 0.1013 0.0683 0.2330 0.1127 0.2069 
         115  1 0.1939 0.1422 0.1888 0.1441 0.0069 0.0660 0.1517 0.1063 
         116  1 0.3010 0.1403 0.0791 0.1389 0.0059 0.0187 0.1876 0.1285 
         117  1 0.0865 0.2005 0.2613 0.0557 0.0038 0.2667 0.0621 0.0635 
         118  1 0.0921 0.1675 0.1958 0.1945 0.0125 0.0647 0.1901 0.0827 
         119  1 0.2573 0.1405 0.1346 0.1776 0.0059 0.0208 0.1686 0.0946 
         120  1 0.2920 0.1249 0.0928 0.1433 0.0213 0.0170 0.1876 0.1212 
         121  1 0.1797 0.1360 0.1974 0.1514 0.0095 0.0920 0.1424 0.0915 
         122  1 0.2334 0.1516 0.0973 0.1380 0.0083 0.0342 0.1879 0.1494 
         123  1 0.2384 0.1521 0.0943 0.1317 0.0084 0.0298 0.1957 0.1496 
         124  1 0.2253 0.1491 0.0903 0.1627 0.0246 0.0223 0.2117 0.1139 
         125  1 0.1175 0.1778 0.2332 0.0881 0.0067 0.1992 0.0834 0.0941 
         126  1 0.1676 0.1460 0.2350 0.1620 0.0062 0.1165 0.1035 0.0631 
         127  1 0.0765 0.1959 0.2921 0.0221 0.0038 0.3149 0.0375 0.0573 
         128  1 0.1719 0.2256 0.0751 0.1573 0.0103 0.0398 0.1364 0.1836 
         129  1 0.2066 0.1421 0.1190 0.1593 0.0079 0.0333 0.1858 0.1460 
         130  1 0.1564 0.1608 0.1730 0.1083 0.0107 0.1710 0.1027 0.1173 
         131  1 0.1490 0.1385 0.1453 0.1055 0.0069 0.1805 0.1113 0.1631 
         132  1 0.0521 0.2176 0.2651 0.0298 0.0127 0.3184 0.0415 0.0628 
         133  1 0.2488 0.1392 0.1129 0.1769 0.0084 0.0303 0.1855 0.0982 
         134  1 0.2516 0.1247 0.1121 0.1734 0.0135 0.0186 0.1857 0.1203 
         135  1 0.2279 0.1559 0.0851 0.1436 0.0053 0.0319 0.1955 0.1547 
         136  1 0.2515 0.1279 0.1332 0.1360 0.0066 0.0651 0.1512 0.1284 
         137  1 0.2478 0.1889 0.0240 0.1850 0.0104 0.0119 0.2037 0.1282 
         138  1 0.1372 0.1529 0.0805 0.1381 0.0087 0.2052 0.1047 0.1726 
         139  1 0.1025 0.1760 0.2580 0.0524 0.0061 0.2767 0.0575 0.0709 
         140  1 0.2408 0.1508 0.0637 0.1730 0.0054 0.0401 0.1862 0.1401 
         141  1 0.1919 0.1605 0.1419 0.1349 0.0079 0.0911 0.1412 0.1306 
         142  1 0.1989 0.1502 0.1907 0.1565 0.0074 0.0611 0.1345 0.1006 
         143  1 0.1597 0.1319 0.1828 0.1759 0.0231 0.0723 0.1698 0.0845 
         144  1 0.1431 0.1540 0.1871 0.1157 0.0045 0.1734 0.1117 0.1105 
         145  1 0.2071 0.1478 0.1505 0.1441 0.0056 0.0840 0.1508 0.1102 
         146  1 0.1723 0.1367 0.0641 0.1406 0.0060 0.1410 0.1440 0.1954 
         147  1 0.2559 0.1578 0.1263 0.1463 0.0070 0.0271 0.1457 0.1338 
         148  1 0.2166 0.1590 0.1071 0.1296 0.0094 0.0568 0.1658 0.1559 
         149  1 0.0912 0.1911 0.2755 0.0441 0.0035 0.2860 0.0538 0.0547 
         150  1 0.1969 0.1238 0.1351 0.1239 0.0127 0.1127 0.1508 0.1441 
         151  1 0.2612 0.1327 0.0798 0.1317 0.0109 0.0590 0.1666 0.1582 
         152  1 0.2328 0.1498 0.1326 0.1746 0.0042 0.0482 0.1353 0.1225 
         153  1 0.2122 0.1584 0.0697 0.1509 0.0131 0.0305 0.2034 0.1617 
         154  1 0.2482 0.1562 0.0617 0.1708 0.0123 0.0143 0.2010 0.1355 
         155  1 0.2523 0.1340 0.0826 0.1620 0.0653 0.0168 0.1640 0.1228 
         156  1 0.2881 0.1453 0.0806 0.1301 0.0077 0.0202 0.1851 0.1430 
         157  1 0.2606 0.1342 0.1469 0.1367 0.0110 0.0774 0.1407 0.0925 
         158  1 0.1157 0.1526 0.1332 0.1551 0.0805 0.0527 0.1743 0.1358 
         159  1 0.1693 0.1905 0.0286 0.1970 0.0685 0.0232 0.1221 0.2008 
         160  1 0.1732 0.1966 0.0382 0.2024 0.0250 0.0340 0.1350 0.1957 
         161  1 0.2355 0.2040 0.0157 0.1923 0.0069 0.0138 0.1979 0.1339 
         162  1 0.2181 0.2081 0.0317 0.1749 0.0055 0.0147 0.2086 0.1384 
         163  1 0.2422 0.2078 0.0126 0.1913 0.0070 0.0077 0.2046 0.1268 
         164  1 0.1734 0.1423 0.1291 0.1233 0.0221 0.0974 0.1526 0.1599 
         165  1 0.2209 0.1580 0.0562 0.1427 0.0246 0.0642 0.1606 0.1727 
         166  1 0.1280 0.1359 0.1438 0.1801 0.0047 0.0935 0.1723 0.1418 
         167  1 0.2763 0.1428 0.1186 0.1402 0.0111 0.0137 0.1724 0.1250 
         168  1 0.2474 0.1813 0.0384 0.1714 0.0053 0.0174 0.2040 0.1348 
         169  1 0.1768 0.1673 0.0245 0.1614 0.0386 0.1288 0.1471 0.1554 
         170  1 0.2062 0.1544 0.0873 0.1300 0.0049 0.0714 0.1679 0.1779 
         171  1 0.2404 0.1810 0.0230 0.1899 0.0051 0.0091 0.2196 0.1318 
         172  1 0.2842 0.1424 0.1140 0.1393 0.0087 0.0214 0.1625 0.1274 
