           1  1 0.1160 0.0913 0.1035 0.4208 0.0456 0.0984 0.1244 
           2  1 0.1459 0.1146 0.1523 0.3097 0.0679 0.0549 0.1548 
           3  1 0.2225 0.3686 0.2844 0.0065 0.0199 0.0517 0.0465 
           4  1 0.2284 0.3762 0.3111 0.0169 0.0165 0.0236 0.0272 
           5  1 0.2255 0.3559 0.3183 0.0365 0.0114 0.0168 0.0357 
           6  1 0.2185 0.3488 0.3195 0.0310 0.0321 0.0073 0.0428 
           7  1 0.2274 0.3694 0.3264 0.0108 0.0207 0.0170 0.0282 
           8  1 0.2527 0.2078 0.0626 0.0068 0.0236 0.0099 0.4366 
           9  1 0.1855 0.2390 0.2381 0.1129 0.0195 0.0634 0.1417 
          10  1 0.1986 0.2944 0.2879 0.0174 0.0752 0.0238 0.1028 
          11  1 0.2325 0.1772 0.0927 0.0322 0.0234 0.0161 0.4259 
          12  1 0.2276 0.1719 0.0806 0.0250 0.0145 0.0707 0.4097 
          13  1 0.1890 0.1556 0.1362 0.1802 0.0233 0.0436 0.2720 
          14  1 0.1717 0.3230 0.1656 0.0099 0.0905 0.0744 0.1649 
          15  1 0.2184 0.2299 0.1865 0.0210 0.0266 0.1620 0.1555 
          16  1 0.0075 0.0075 0.0075 0.9558 0.0074 0.0071 0.0073 
          17  1 0.0126 0.0108 0.0150 0.0072 0.0121 0.9283 0.0139 
          18  1 0.0053 0.0049 0.0052 0.9711 0.0040 0.0042 0.0053 
          19  1 0.0384 0.0268 0.0265 0.0097 0.0229 0.8313 0.0445 
          20  1 0.0084 0.0067 0.0080 0.9590 0.0068 0.0046 0.0065 
          21  1 0.0133 0.0111 0.0146 0.9201 0.0162 0.0135 0.0112 
          22  1 0.1830 0.1684 0.1635 0.0155 0.1949 0.0157 0.2591 
          23  1 0.0409 0.0379 0.0850 0.0128 0.0619 0.7355 0.0261 
          24  1 0.0866 0.0927 0.1093 0.0382 0.1031 0.5173 0.0529 
          25  1 0.1401 0.1155 0.2331 0.1524 0.0730 0.0960 0.1900 
          26  1 0.0928 0.1203 0.1029 0.0220 0.1519 0.4336 0.0765 
          27  1 0.1013 0.0985 0.1202 0.0079 0.1804 0.3774 0.1144 
          28  1 0.0097 0.0110 0.0102 0.9394 0.0115 0.0083 0.0099 
          29  1 0.0701 0.0465 0.0638 0.0079 0.1540 0.6329 0.0248 
          30  1 0.0095 0.0128 0.0124 0.9377 0.0082 0.0116 0.0078 
          31  1 0.1517 0.1700 0.2683 0.0266 0.2086 0.0798 0.0950 
          32  1 0.0186 0.0183 0.0181 0.9014 0.0164 0.0069 0.0202 
          33  1 0.2168 0.1726 0.1328 0.0078 0.0716 0.1031 0.2953 
          34  1 0.0293 0.0234 0.0335 0.0049 0.0634 0.8220 0.0235 
          35  1 0.2375 0.4202 0.2301 0.0145 0.0237 0.0088 0.0652 
          36  1 0.1076 0.0810 0.0926 0.0077 0.2550 0.3968 0.0594 
          37  1 0.0139 0.0142 0.0126 0.9278 0.0091 0.0094 0.0130 
          38  1 0.1092 0.2339 0.0862 0.0077 0.3934 0.0108 0.1588 
          39  1 0.0139 0.0114 0.0131 0.0035 0.0118 0.9334 0.0128 
          40  1 0.1058 0.0774 0.2096 0.0104 0.1926 0.3163 0.0878 
          41  1 0.1664 0.2156 0.2051 0.0114 0.1293 0.0774 0.1948 
          42  1 0.0058 0.0051 0.0059 0.9680 0.0056 0.0046 0.0050 
          43  1 0.1338 0.1081 0.2164 0.1038 0.1457 0.1981 0.0940 
          44  1 0.0748 0.0840 0.0756 0.0075 0.0657 0.6283 0.0641 
          45  1 0.1912 0.2445 0.1599 0.0053 0.0499 0.1093 0.2399 
          46  1 0.0179 0.0120 0.0262 0.0081 0.0223 0.8950 0.0185 
          47  1 0.1404 0.1504 0.2621 0.0102 0.2742 0.0230 0.1396 
          48  1 0.0135 0.0152 0.0137 0.9174 0.0174 0.0064 0.0163 
          49  1 0.0112 0.0104 0.0160 0.0049 0.0152 0.9328 0.0095 
          50  1 0.0399 0.0420 0.0591 0.0060 0.0259 0.8014 0.0257 
          51  1 0.0304 0.0271 0.0404 0.0053 0.0169 0.8528 0.0272 
          52  1 0.0146 0.0166 0.0207 0.0103 0.0320 0.8944 0.0114 
          53  1 0.0835 0.0692 0.1009 0.5083 0.0673 0.0521 0.1188 
          54  1 0.0396 0.0392 0.0491 0.0128 0.0171 0.8157 0.0265 
          55  1 0.1411 0.2820 0.2571 0.0089 0.0885 0.0259 0.1965 
          56  1 0.1847 0.3526 0.1255 0.0057 0.0890 0.0162 0.2263 
          57  1 0.1625 0.2469 0.1627 0.0094 0.1935 0.0373 0.1878 
          58  1 0.0062 0.0057 0.0065 0.9651 0.0057 0.0052 0.0056 
          59  1 0.0212 0.0187 0.0168 0.8642 0.0580 0.0105 0.0105 
          60  1 0.0430 0.0309 0.0398 0.0103 0.0347 0.7955 0.0458 
          61  1 0.0160 0.0128 0.0162 0.0044 0.0113 0.9246 0.0146 
          62  1 0.1721 0.2778 0.2420 0.0076 0.1024 0.1132 0.0849 
          63  1 0.2187 0.1359 0.1993 0.0044 0.1696 0.0596 0.2125 
          64  1 0.1885 0.1499 0.0744 0.0193 0.0234 0.1702 0.3743 
          65  1 0.0118 0.0098 0.0147 0.9400 0.0083 0.0054 0.0101 
          66  1 0.0154 0.0151 0.0179 0.9076 0.0184 0.0093 0.0162 
          67  1 0.0211 0.0217 0.0368 0.8307 0.0169 0.0567 0.0160 
          68  1 0.1284 0.1483 0.1123 0.0191 0.0576 0.3773 0.1571 
          69  1 0.1214 0.3072 0.0952 0.0058 0.2696 0.0318 0.1690 
          70  1 0.1312 0.1172 0.1436 0.0050 0.2860 0.1663 0.1507 
          71  1 0.2365 0.3860 0.2319 0.0078 0.0453 0.0171 0.0754 
          72  1 0.1311 0.2503 0.1301 0.0197 0.2905 0.0312 0.1471 
          73  1 0.0091 0.0109 0.0104 0.9451 0.0076 0.0096 0.0073 
          74  1 0.2059 0.1656 0.1056 0.0289 0.1355 0.0200 0.3386 
          75  1 0.0363 0.0291 0.0448 0.0046 0.0663 0.7999 0.0190 
          76  1 0.0056 0.0059 0.0061 0.9628 0.0067 0.0069 0.0060 
          77  1 0.0090 0.0084 0.0089 0.9521 0.0078 0.0065 0.0072 
          78  1 0.0146 0.0223 0.0233 0.0151 0.0136 0.8976 0.0135 
          79  1 0.0100 0.0088 0.0108 0.9332 0.0108 0.0184 0.0081 
          80  1 0.1158 0.0910 0.0867 0.0384 0.0160 0.4614 0.1906 
          81  1 0.0993 0.2584 0.0800 0.0046 0.3849 0.0164 0.1563 
          82  1 0.0277 0.0239 0.0377 0.0041 0.0214 0.8547 0.0305 
          83  1 0.0481 0.0794 0.0981 0.0145 0.0166 0.7077 0.0356 
          84  1 0.0077 0.0089 0.0078 0.9549 0.0077 0.0050 0.0081 
          85  1 0.1571 0.0987 0.2404 0.2111 0.1499 0.0519 0.0910 
          86  1 0.1141 0.1216 0.1843 0.0119 0.3950 0.0911 0.0821 
          87  1 0.1532 0.1662 0.1029 0.0062 0.4432 0.0164 0.1118 
          88  1 0.1419 0.1077 0.2172 0.0206 0.2088 0.2264 0.0774 
          89  1 0.2285 0.2960 0.1938 0.0137 0.1191 0.0388 0.1101 
          90  1 0.2050 0.2091 0.1294 0.0082 0.0647 0.0724 0.3112 
          91  1 0.1491 0.1444 0.1450 0.0126 0.3702 0.0304 0.1485 
          92  1 0.0701 0.1177 0.0473 0.0076 0.4470 0.2497 0.0606 
          93  1 0.1620 0.3673 0.1143 0.0059 0.1772 0.0112 0.1622 
          94  1 0.2457 0.1914 0.0421 0.0056 0.0181 0.0102 0.4869 
          95  1 0.1679 0.1021 0.2442 0.0146 0.3224 0.0517 0.0972 
          96  1 0.0161 0.0185 0.0250 0.0381 0.0270 0.8591 0.0161 
          97  1 0.0684 0.0694 0.0991 0.0136 0.0833 0.6278 0.0383 
          98  1 0.0183 0.0160 0.0241 0.8906 0.0185 0.0163 0.0162 
          99  1 0.2288 0.1758 0.0933 0.0208 0.0367 0.0148 0.4298 
         100  1 0.2093 0.2872 0.2818 0.0403 0.0532 0.0222 0.1059 
         101  1 0.1763 0.3618 0.1381 0.0107 0.1179 0.0069 0.1883 
         102  1 0.0381 0.0428 0.0390 0.0049 0.0482 0.7838 0.0432 
         103  1 0.1772 0.2252 0.3304 0.0310 0.0521 0.0919 0.0922 
         104  1 0.2343 0.4177 0.2340 0.0262 0.0182 0.0089 0.0607 
         105  1 0.1964 0.2906 0.1701 0.0106 0.1478 0.0184 0.1661 
         106  1 0.0177 0.0214 0.0187 0.8996 0.0108 0.0138 0.0181 
         107  1 0.1089 0.1055 0.1772 0.0808 0.0788 0.3206 0.1282 
         108  1 0.1902 0.2034 0.1109 0.0066 0.0379 0.0128 0.4383 
         109  1 0.0488 0.0456 0.0891 0.0159 0.0522 0.7062 0.0422 
         110  1 0.0771 0.1888 0.0483 0.0066 0.5445 0.0298 0.1050 
         111  1 0.0640 0.0860 0.1028 0.4396 0.1970 0.0382 0.0724 
         112  1 0.1539 0.2514 0.1475 0.0058 0.2348 0.0362 0.1705 
         113  1 0.1843 0.1485 0.2049 0.0165 0.2936 0.0250 0.1273 
         114  1 0.1155 0.1125 0.1310 0.0720 0.1103 0.3775 0.0812 
         115  1 0.2096 0.2153 0.1775 0.0069 0.1506 0.0216 0.2186 
         116  1 0.2862 0.0713 0.2420 0.0057 0.1516 0.0147 0.2286 
         117  1 0.2124 0.1687 0.0566 0.0038 0.0556 0.0164 0.4865 
         118  1 0.1643 0.2018 0.4007 0.0111 0.0759 0.0153 0.1309 
         119  1 0.2221 0.1720 0.1811 0.0060 0.1999 0.0137 0.2052 
         120  1 0.2818 0.0737 0.2576 0.0183 0.1319 0.0080 0.2287 
         121  1 0.1906 0.2142 0.1452 0.0097 0.1679 0.0139 0.2584 
         122  1 0.2286 0.1570 0.1931 0.0091 0.2203 0.0333 0.1585 
         123  1 0.1889 0.1452 0.1669 0.0088 0.3177 0.0456 0.1270 
         124  1 0.2372 0.1262 0.2206 0.0271 0.2364 0.0116 0.1408 
         125  1 0.2104 0.1550 0.1055 0.0063 0.1160 0.0122 0.3946 
         126  1 0.2146 0.2705 0.1120 0.0067 0.0746 0.0077 0.3139 
         127  1 0.2227 0.1709 0.0410 0.0038 0.0401 0.0086 0.5130 
         128  1 0.1460 0.1090 0.2853 0.0118 0.2820 0.0333 0.1325 
         129  1 0.1367 0.1965 0.1138 0.0087 0.4035 0.0457 0.0951 
         130  1 0.2263 0.1539 0.1571 0.0107 0.0899 0.0641 0.2980 
         131  1 0.1773 0.1134 0.1632 0.0066 0.1034 0.1647 0.2713 
         132  1 0.2232 0.1877 0.0973 0.0121 0.0239 0.0166 0.4391 
         133  1 0.2476 0.1009 0.2801 0.0085 0.1485 0.0109 0.2035 
         134  1 0.2468 0.0972 0.2847 0.0144 0.1244 0.0188 0.2137 
         135  1 0.2084 0.1371 0.1683 0.0057 0.2901 0.0433 0.1471 
         136  1 0.2339 0.0918 0.2429 0.0060 0.1188 0.0404 0.2662 
         137  1 0.1745 0.1451 0.0624 0.0102 0.5383 0.0110 0.0586 
         138  1 0.1298 0.1002 0.1450 0.0084 0.1435 0.3479 0.1253 
         139  1 0.2257 0.1650 0.0757 0.0058 0.0705 0.0085 0.4489 
         140  1 0.2309 0.0981 0.1925 0.0051 0.2387 0.0397 0.1949 
         141  1 0.2356 0.1180 0.1912 0.0076 0.1459 0.0223 0.2793 
         142  1 0.2107 0.2402 0.1379 0.0074 0.1591 0.0179 0.2266 
         143  1 0.2041 0.2662 0.1662 0.0236 0.1289 0.0288 0.1822 
         144  1 0.2499 0.1293 0.1484 0.0045 0.1101 0.0400 0.3178 
         145  1 0.2225 0.1160 0.2303 0.0054 0.1118 0.0224 0.2916 
         146  1 0.1142 0.0925 0.1147 0.0058 0.3021 0.2873 0.0833 
         147  1 0.2326 0.1320 0.2038 0.0063 0.1994 0.0157 0.2101 
         148  1 0.2298 0.1210 0.2056 0.0095 0.1946 0.0255 0.2140 
         149  1 0.2237 0.1635 0.0434 0.0039 0.0566 0.0082 0.5007 
         150  1 0.2233 0.1188 0.2280 0.0137 0.1077 0.0983 0.2103 
         151  1 0.2375 0.0855 0.2317 0.0106 0.1791 0.0689 0.1867 
         152  1 0.1347 0.1737 0.0943 0.0041 0.4027 0.0308 0.1596 
         153  1 0.1534 0.1638 0.1041 0.0132 0.4327 0.0507 0.0821 
         154  1 0.1790 0.1632 0.1023 0.0134 0.4434 0.0141 0.0846 
         155  1 0.2379 0.0737 0.3028 0.0670 0.1390 0.0141 0.1655 
         156  1 0.2929 0.0658 0.2492 0.0071 0.1554 0.0125 0.2173 
         157  1 0.2456 0.1305 0.2033 0.0114 0.1230 0.0088 0.2773 
         158  1 0.1645 0.1491 0.3019 0.0832 0.1484 0.0482 0.1046 
         159  1 0.1402 0.1006 0.1310 0.0692 0.4540 0.0464 0.0586 
         160  1 0.1538 0.1013 0.1527 0.0314 0.4159 0.0605 0.0844 
         161  1 0.1406 0.1508 0.0278 0.0073 0.6222 0.0197 0.0316 
         162  1 0.1377 0.1461 0.0356 0.0060 0.6175 0.0166 0.0406 
         163  1 0.1430 0.1498 0.0224 0.0060 0.6416 0.0070 0.0302 
         164  1 0.2118 0.1231 0.2165 0.0242 0.1074 0.1722 0.1448 
         165  1 0.2138 0.0799 0.2071 0.0269 0.2021 0.1270 0.1431 
         166  1 0.1514 0.1933 0.2382 0.0049 0.1772 0.1338 0.1012 
         167  1 0.2714 0.1337 0.2383 0.0104 0.1483 0.0154 0.1824 
         168  1 0.1781 0.1562 0.0525 0.0050 0.5341 0.0123 0.0618 
         169  1 0.1157 0.1025 0.0762 0.0430 0.3602 0.2696 0.0328 
         170  1 0.2118 0.1063 0.2189 0.0056 0.1687 0.1360 0.1527 
         171  1 0.1640 0.1517 0.0330 0.0057 0.6027 0.0087 0.0342 
         172  1 0.2439 0.1231 0.2353 0.0083 0.1497 0.0222 0.2176 
