           1  1 0.1745 0.1530 0.0999 0.1427 0.4299 
           2  1 0.1878 0.1648 0.1307 0.1650 0.3517 
           3  1 0.2623 0.6034 0.0464 0.0811 0.0068 
           4  1 0.2636 0.6443 0.0387 0.0319 0.0216 
           5  1 0.2587 0.6333 0.0412 0.0200 0.0468 
           6  1 0.2703 0.6351 0.0522 0.0094 0.0330 
           7  1 0.2752 0.6465 0.0437 0.0216 0.0130 
           8  1 0.5231 0.2476 0.2042 0.0174 0.0078 
           9  1 0.2271 0.4387 0.0860 0.0981 0.1502 
          10  1 0.2895 0.5381 0.1149 0.0391 0.0183 
          11  1 0.4213 0.2576 0.2013 0.0619 0.0578 
          12  1 0.3539 0.1613 0.1803 0.2644 0.0400 
          13  1 0.3193 0.2578 0.1443 0.0785 0.2002 
          14  1 0.3321 0.4653 0.1140 0.0782 0.0104 
          15  1 0.3030 0.3772 0.0906 0.2069 0.0223 
          16  1 0.0073 0.0084 0.0075 0.0088 0.9680 
          17  1 0.0137 0.0098 0.0113 0.9579 0.0073 
          18  1 0.0062 0.0058 0.0051 0.0042 0.9787 
          19  1 0.0266 0.0176 0.0238 0.9233 0.0087 
          20  1 0.0074 0.0081 0.0073 0.0049 0.9722 
          21  1 0.0103 0.0124 0.0171 0.0167 0.9435 
          22  1 0.3099 0.1960 0.4498 0.0265 0.0178 
          23  1 0.0219 0.0307 0.0388 0.8958 0.0127 
          24  1 0.0553 0.1053 0.0888 0.7147 0.0359 
          25  1 0.2840 0.2267 0.1389 0.1701 0.1803 
          26  1 0.0729 0.1063 0.1028 0.6978 0.0203 
          27  1 0.1115 0.0755 0.1806 0.6247 0.0077 
          28  1 0.0104 0.0109 0.0099 0.0095 0.9592 
          29  1 0.0200 0.0251 0.0511 0.8957 0.0081 
          30  1 0.0095 0.0139 0.0085 0.0117 0.9564 
          31  1 0.1688 0.3262 0.2561 0.2162 0.0328 
          32  1 0.0198 0.0189 0.0202 0.0086 0.9326 
          33  1 0.3437 0.2053 0.1922 0.2501 0.0087 
          34  1 0.0174 0.0217 0.0373 0.9182 0.0054 
          35  1 0.2499 0.6737 0.0459 0.0131 0.0175 
          36  1 0.0455 0.1028 0.2299 0.6140 0.0078 
          37  1 0.0126 0.0149 0.0101 0.0105 0.9520 
          38  1 0.1860 0.2920 0.4973 0.0168 0.0080 
          39  1 0.0148 0.0143 0.0118 0.9549 0.0042 
          40  1 0.0982 0.0978 0.1117 0.6809 0.0114 
          41  1 0.3822 0.3350 0.1713 0.0996 0.0119 
          42  1 0.0054 0.0056 0.0058 0.0052 0.9779 
          43  1 0.1312 0.1840 0.2003 0.3666 0.1178 
          44  1 0.1066 0.1469 0.0896 0.6489 0.0080 
          45  1 0.4537 0.3068 0.1390 0.0954 0.0051 
          46  1 0.0167 0.0192 0.0144 0.9413 0.0083 
          47  1 0.2177 0.2408 0.4531 0.0762 0.0121 
          48  1 0.0140 0.0141 0.0160 0.0086 0.9473 
          49  1 0.0103 0.0121 0.0105 0.9620 0.0051 
          50  1 0.0292 0.0701 0.0232 0.8714 0.0060 
          51  1 0.0463 0.0704 0.0194 0.8580 0.0059 
          52  1 0.0112 0.0137 0.0177 0.9473 0.0100 
          53  1 0.1980 0.0875 0.1133 0.0711 0.5301 
          54  1 0.0313 0.0621 0.0228 0.8695 0.0142 
          55  1 0.3531 0.4968 0.1073 0.0325 0.0103 
          56  1 0.3559 0.4746 0.1435 0.0199 0.0061 
          57  1 0.2886 0.3476 0.2991 0.0546 0.0100 
          58  1 0.0060 0.0066 0.0062 0.0057 0.9756 
          59  1 0.0102 0.0265 0.0492 0.0109 0.9032 
          60  1 0.0336 0.0249 0.0252 0.9070 0.0092 
          61  1 0.0182 0.0286 0.0125 0.9357 0.0051 
          62  1 0.2203 0.4810 0.1107 0.1797 0.0083 
          63  1 0.3463 0.2631 0.3200 0.0658 0.0047 
          64  1 0.2133 0.0851 0.1423 0.5331 0.0263 
          65  1 0.0106 0.0144 0.0094 0.0059 0.9596 
          66  1 0.0162 0.0181 0.0187 0.0113 0.9357 
          67  1 0.0191 0.0308 0.0158 0.0539 0.8804 
          68  1 0.1611 0.1888 0.0971 0.5300 0.0231 
          69  1 0.2546 0.3571 0.3143 0.0678 0.0062 
          70  1 0.1752 0.1057 0.3207 0.3924 0.0061 
          71  1 0.2450 0.6400 0.0793 0.0266 0.0092 
          72  1 0.1966 0.3362 0.3639 0.0782 0.0251 
          73  1 0.0088 0.0123 0.0081 0.0091 0.9617 
          74  1 0.4242 0.1393 0.3563 0.0457 0.0345 
          75  1 0.0177 0.0255 0.0410 0.9111 0.0048 
          76  1 0.0056 0.0058 0.0068 0.0075 0.9743 
          77  1 0.0088 0.0095 0.0085 0.0075 0.9657 
          78  1 0.0140 0.0247 0.0135 0.9334 0.0143 
          79  1 0.0084 0.0098 0.0106 0.0195 0.9517 
          80  1 0.0939 0.0510 0.0625 0.7502 0.0425 
          81  1 0.2067 0.2892 0.4649 0.0341 0.0051 
          82  1 0.0371 0.0340 0.0267 0.8976 0.0046 
          83  1 0.0611 0.1430 0.0198 0.7623 0.0138 
          84  1 0.0083 0.0086 0.0079 0.0058 0.9694 
          85  1 0.1515 0.2707 0.2522 0.0721 0.2535 
          86  1 0.0920 0.2334 0.4072 0.2516 0.0158 
          87  1 0.0652 0.2586 0.6513 0.0186 0.0062 
          88  1 0.1249 0.1958 0.2388 0.4165 0.0240 
          89  1 0.2424 0.4659 0.1930 0.0838 0.0148 
          90  1 0.4935 0.2144 0.2076 0.0753 0.0092 
          91  1 0.2355 0.1986 0.5030 0.0498 0.0131 
          92  1 0.0232 0.0978 0.3375 0.5310 0.0105 
          93  1 0.2661 0.4694 0.2417 0.0162 0.0065 
          94  1 0.5980 0.1577 0.2239 0.0136 0.0068 
          95  1 0.1848 0.2225 0.4603 0.1129 0.0195 
          96  1 0.0134 0.0206 0.0229 0.9058 0.0374 
          97  1 0.0379 0.0660 0.0482 0.8348 0.0131 
          98  1 0.0193 0.0180 0.0198 0.0175 0.9254 
          99  1 0.4905 0.1700 0.2438 0.0554 0.0403 
         100  1 0.2943 0.5694 0.0694 0.0289 0.0381 
         101  1 0.2966 0.4908 0.1898 0.0103 0.0125 
         102  1 0.0378 0.0432 0.0440 0.8702 0.0049 
         103  1 0.2543 0.5095 0.0745 0.1276 0.0340 
         104  1 0.2421 0.6739 0.0391 0.0138 0.0312 
         105  1 0.3541 0.3909 0.2226 0.0219 0.0105 
         106  1 0.0212 0.0221 0.0134 0.0149 0.9284 
         107  1 0.0711 0.0971 0.0590 0.6893 0.0836 
         108  1 0.5801 0.1633 0.2308 0.0189 0.0070 
         109  1 0.0422 0.0588 0.0504 0.8315 0.0170 
         110  1 0.0636 0.2412 0.5593 0.1276 0.0083 
         111  1 0.0701 0.1317 0.2236 0.0889 0.4857 
         112  1 0.2577 0.3132 0.3321 0.0904 0.0066 
         113  1 0.1510 0.3018 0.4947 0.0366 0.0160 
         114  1 0.0904 0.1515 0.1027 0.5830 0.0724 
         115  1 0.4283 0.2523 0.2761 0.0353 0.0079 
         116  1 0.3756 0.2298 0.3600 0.0270 0.0075 
         117  1 0.6589 0.0597 0.2577 0.0193 0.0043 
         118  1 0.3759 0.4641 0.1286 0.0179 0.0136 
         119  1 0.3368 0.3025 0.3380 0.0154 0.0073 
         120  1 0.4284 0.2482 0.2852 0.0123 0.0258 
         121  1 0.4518 0.2325 0.2865 0.0190 0.0102 
         122  1 0.2451 0.2600 0.4171 0.0683 0.0096 
         123  1 0.1217 0.2598 0.5368 0.0724 0.0093 
         124  1 0.2367 0.3025 0.4163 0.0160 0.0285 
         125  1 0.5808 0.1140 0.2828 0.0155 0.0068 
         126  1 0.5452 0.2482 0.1907 0.0092 0.0067 
         127  1 0.7103 0.0363 0.2385 0.0107 0.0041 
         128  1 0.3179 0.2306 0.3285 0.1089 0.0141 
         129  1 0.1074 0.2753 0.5084 0.0995 0.0094 
         130  1 0.5509 0.1369 0.2242 0.0777 0.0103 
         131  1 0.5401 0.1044 0.2128 0.1360 0.0068 
         132  1 0.5196 0.2219 0.2118 0.0304 0.0163 
         133  1 0.4281 0.2732 0.2739 0.0146 0.0102 
         134  1 0.3770 0.3565 0.2205 0.0259 0.0200 
         135  1 0.1526 0.2572 0.5060 0.0782 0.0060 
         136  1 0.5073 0.1761 0.2495 0.0599 0.0072 
         137  1 0.0521 0.2475 0.6761 0.0127 0.0117 
         138  1 0.2062 0.1207 0.1669 0.4975 0.0087 
         139  1 0.6815 0.0514 0.2504 0.0105 0.0062 
         140  1 0.3410 0.2244 0.3627 0.0661 0.0057 
         141  1 0.5151 0.1589 0.2880 0.0299 0.0081 
         142  1 0.3962 0.2973 0.2719 0.0265 0.0082 
         143  1 0.3040 0.3947 0.2305 0.0459 0.0248 
         144  1 0.6069 0.0968 0.2356 0.0564 0.0044 
         145  1 0.5840 0.1959 0.1962 0.0180 0.0059 
         146  1 0.0819 0.1193 0.2932 0.4988 0.0069 
         147  1 0.3339 0.2626 0.3726 0.0232 0.0076 
         148  1 0.3295 0.2129 0.4017 0.0447 0.0112 
         149  1 0.7063 0.0368 0.2417 0.0112 0.0040 
         150  1 0.3919 0.2069 0.2060 0.1798 0.0154 
         151  1 0.2665 0.2379 0.3872 0.0962 0.0121 
         152  1 0.2061 0.2181 0.5184 0.0526 0.0048 
         153  1 0.0469 0.2592 0.6127 0.0674 0.0137 
         154  1 0.0485 0.2716 0.6492 0.0184 0.0122 
         155  1 0.2940 0.2912 0.2673 0.0283 0.1192 
         156  1 0.3635 0.2240 0.3809 0.0231 0.0085 
         157  1 0.5788 0.1436 0.2550 0.0110 0.0115 
         158  1 0.2894 0.3500 0.1931 0.0669 0.1006 
         159  1 0.0553 0.1354 0.4486 0.2244 0.1363 
         160  1 0.0995 0.1615 0.4382 0.2572 0.0435 
         161  1 0.0163 0.2486 0.7055 0.0223 0.0073 
         162  1 0.0186 0.2492 0.7105 0.0159 0.0059 
         163  1 0.0148 0.2461 0.7221 0.0092 0.0078 
         164  1 0.2242 0.2395 0.1739 0.3350 0.0274 
         165  1 0.1253 0.1917 0.3509 0.2961 0.0361 
         166  1 0.2575 0.3646 0.1963 0.1765 0.0051 
         167  1 0.2474 0.3199 0.3928 0.0275 0.0124 
         168  1 0.0499 0.2473 0.6850 0.0127 0.0051 
         169  1 0.0212 0.1739 0.4223 0.3276 0.0550 
         170  1 0.1907 0.2066 0.2964 0.3005 0.0058 
         171  1 0.0215 0.2511 0.7118 0.0098 0.0058 
         172  1 0.3016 0.2801 0.3622 0.0453 0.0108 
