           1  1 0.1029 0.4336 0.1067 0.1740 0.0547 0.1281 
           2  1 0.0890 0.3256 0.1456 0.1779 0.0737 0.1883 
           3  1 0.0588 0.0066 0.1333 0.0785 0.0202 0.7025 
           4  1 0.0336 0.0174 0.1213 0.0338 0.0215 0.7723 
           5  1 0.0278 0.0401 0.1199 0.0370 0.0114 0.7639 
           6  1 0.0366 0.0270 0.1194 0.0135 0.0250 0.7785 
           7  1 0.0381 0.0117 0.1253 0.0264 0.0211 0.7773 
           8  1 0.0362 0.0070 0.2601 0.4742 0.0179 0.2046 
           9  1 0.0583 0.1361 0.1296 0.1659 0.0183 0.4918 
          10  1 0.0530 0.0159 0.1784 0.0775 0.0718 0.6034 
          11  1 0.0317 0.0379 0.2553 0.4741 0.0244 0.1766 
          12  1 0.0830 0.0291 0.2388 0.4960 0.0126 0.1404 
          13  1 0.0477 0.1941 0.1849 0.3120 0.0237 0.2376 
          14  1 0.1479 0.0100 0.2095 0.0904 0.1386 0.4037 
          15  1 0.1577 0.0241 0.1559 0.2391 0.0352 0.3879 
          16  1 0.0072 0.9625 0.0069 0.0077 0.0073 0.0084 
          17  1 0.5704 0.0068 0.0114 0.3918 0.0094 0.0102 
          18  1 0.0047 0.9749 0.0050 0.0050 0.0049 0.0054 
          19  1 0.5293 0.0091 0.0303 0.3921 0.0180 0.0211 
          20  1 0.0061 0.9654 0.0076 0.0059 0.0073 0.0077 
          21  1 0.0148 0.9298 0.0148 0.0120 0.0184 0.0102 
          22  1 0.0701 0.0158 0.2935 0.2382 0.2436 0.1388 
          23  1 0.5146 0.0145 0.0311 0.3573 0.0472 0.0353 
          24  1 0.3755 0.0375 0.0828 0.2710 0.0988 0.1344 
          25  1 0.1328 0.1668 0.1643 0.2485 0.0695 0.2181 
          26  1 0.3248 0.0207 0.1218 0.2567 0.1627 0.1133 
          27  1 0.3525 0.0085 0.1441 0.2626 0.1892 0.0431 
          28  1 0.0086 0.9501 0.0113 0.0093 0.0101 0.0104 
          29  1 0.5060 0.0083 0.0395 0.3571 0.0734 0.0157 
          30  1 0.0109 0.9482 0.0086 0.0088 0.0081 0.0155 
          31  1 0.1188 0.0294 0.1794 0.1121 0.2162 0.3440 
          32  1 0.0107 0.9173 0.0190 0.0157 0.0167 0.0206 
          33  1 0.1308 0.0077 0.2223 0.3705 0.0751 0.1936 
          34  1 0.5338 0.0047 0.0252 0.3795 0.0425 0.0143 
          35  1 0.0351 0.0162 0.1134 0.0133 0.0513 0.7706 
          36  1 0.3501 0.0076 0.1101 0.2225 0.2537 0.0560 
          37  1 0.0094 0.9400 0.0130 0.0125 0.0089 0.0163 
          38  1 0.1099 0.0076 0.2469 0.0330 0.4922 0.1103 
          39  1 0.5631 0.0037 0.0135 0.3907 0.0141 0.0150 
          40  1 0.3284 0.0108 0.1357 0.2594 0.1414 0.1242 
          41  1 0.1648 0.0110 0.2382 0.1370 0.1636 0.2855 
          42  1 0.0055 0.9721 0.0061 0.0044 0.0063 0.0056 
          43  1 0.2205 0.1050 0.1828 0.1537 0.1980 0.1399 
          44  1 0.4231 0.0082 0.0886 0.2993 0.0906 0.0903 
          45  1 0.1412 0.0054 0.2165 0.2530 0.0687 0.3153 
          46  1 0.5543 0.0072 0.0180 0.3851 0.0174 0.0179 
          47  1 0.1000 0.0095 0.2628 0.1005 0.3626 0.1646 
          48  1 0.0097 0.9339 0.0150 0.0127 0.0153 0.0134 
          49  1 0.5618 0.0045 0.0109 0.3999 0.0118 0.0111 
          50  1 0.4998 0.0059 0.0302 0.3539 0.0226 0.0877 
          51  1 0.5288 0.0059 0.0286 0.3627 0.0154 0.0585 
          52  1 0.5480 0.0105 0.0158 0.3944 0.0189 0.0124 
          53  1 0.0733 0.5199 0.1184 0.1394 0.0635 0.0854 
          54  1 0.5069 0.0151 0.0289 0.3594 0.0194 0.0704 
          55  1 0.0934 0.0104 0.2158 0.1209 0.0934 0.4662 
          56  1 0.0760 0.0060 0.2273 0.1318 0.1203 0.4387 
          57  1 0.1890 0.0100 0.2528 0.0532 0.3341 0.1608 
          58  1 0.0058 0.9711 0.0054 0.0055 0.0056 0.0066 
          59  1 0.0133 0.8861 0.0259 0.0104 0.0513 0.0130 
          60  1 0.5284 0.0086 0.0362 0.3713 0.0295 0.0260 
          61  1 0.5575 0.0046 0.0154 0.3860 0.0133 0.0232 
          62  1 0.1281 0.0076 0.1477 0.0787 0.1080 0.5300 
          63  1 0.2480 0.0045 0.2606 0.0713 0.3010 0.1147 
          64  1 0.1652 0.0215 0.2039 0.4789 0.0196 0.1108 
          65  1 0.0091 0.9524 0.0103 0.0061 0.0096 0.0125 
          66  1 0.0135 0.9236 0.0167 0.0123 0.0185 0.0155 
          67  1 0.0358 0.8642 0.0178 0.0283 0.0138 0.0400 
          68  1 0.2609 0.0206 0.1394 0.3187 0.0746 0.1858 
          69  1 0.1039 0.0065 0.2500 0.0567 0.3595 0.2234 
          70  1 0.2293 0.0053 0.1902 0.2198 0.2926 0.0629 
          71  1 0.0588 0.0084 0.1208 0.0166 0.0747 0.7208 
          72  1 0.0915 0.0204 0.2474 0.0657 0.3795 0.1956 
          73  1 0.0081 0.9547 0.0083 0.0076 0.0085 0.0128 
          74  1 0.0616 0.0286 0.2699 0.3845 0.1342 0.1212 
          75  1 0.5239 0.0049 0.0285 0.3734 0.0444 0.0249 
          76  1 0.0069 0.9691 0.0061 0.0058 0.0066 0.0054 
          77  1 0.0074 0.9588 0.0087 0.0070 0.0089 0.0092 
          78  1 0.5523 0.0142 0.0163 0.3775 0.0147 0.0250 
          79  1 0.0153 0.9425 0.0097 0.0120 0.0119 0.0086 
          80  1 0.3639 0.0397 0.1045 0.3986 0.0117 0.0816 
          81  1 0.1152 0.0044 0.2629 0.0350 0.4853 0.0971 
          82  1 0.5392 0.0042 0.0301 0.3752 0.0244 0.0269 
          83  1 0.4496 0.0138 0.0401 0.3185 0.0175 0.1605 
          84  1 0.0064 0.9632 0.0084 0.0070 0.0070 0.0080 
          85  1 0.1329 0.2498 0.1682 0.0506 0.2086 0.1898 
          86  1 0.1556 0.0155 0.1988 0.0771 0.4171 0.1359 
          87  1 0.1023 0.0062 0.2532 0.0162 0.5859 0.0362 
          88  1 0.2623 0.0218 0.1837 0.1633 0.2428 0.1260 
          89  1 0.1147 0.0142 0.1740 0.0491 0.1953 0.4527 
          90  1 0.1006 0.0082 0.2504 0.3991 0.0672 0.1745 
          91  1 0.1617 0.0126 0.2245 0.0915 0.4612 0.0486 
          92  1 0.2594 0.0088 0.1547 0.1313 0.4118 0.0340 
          93  1 0.0825 0.0060 0.2286 0.0343 0.2402 0.4085 
          94  1 0.0329 0.0061 0.2832 0.5348 0.0100 0.1330 
          95  1 0.1596 0.0173 0.2252 0.0841 0.4008 0.1131 
          96  1 0.5298 0.0382 0.0247 0.3632 0.0286 0.0154 
          97  1 0.4636 0.0132 0.0538 0.3272 0.0642 0.0781 
          98  1 0.0170 0.9126 0.0201 0.0157 0.0192 0.0154 
          99  1 0.0367 0.0250 0.2769 0.5022 0.0298 0.1295 
         100  1 0.0746 0.0384 0.1464 0.0468 0.0735 0.6202 
         101  1 0.0708 0.0132 0.2225 0.0711 0.1504 0.4719 
         102  1 0.5016 0.0045 0.0416 0.3554 0.0558 0.0411 
         103  1 0.0961 0.0285 0.1392 0.0964 0.0412 0.5986 
         104  1 0.0324 0.0274 0.1051 0.0105 0.0388 0.7859 
         105  1 0.1092 0.0111 0.2302 0.0883 0.2163 0.3448 
         106  1 0.0145 0.9120 0.0175 0.0180 0.0106 0.0274 
         107  1 0.2949 0.0731 0.1171 0.2982 0.0612 0.1556 
         108  1 0.0390 0.0067 0.2860 0.4872 0.0304 0.1506 
         109  1 0.4778 0.0179 0.0704 0.3288 0.0566 0.0484 
         110  1 0.1136 0.0072 0.2312 0.0210 0.5735 0.0535 
         111  1 0.0629 0.4652 0.1101 0.0587 0.2142 0.0887 
         112  1 0.1050 0.0062 0.2734 0.0872 0.3254 0.2027 
         113  1 0.1458 0.0156 0.2585 0.0544 0.3860 0.1397 
         114  1 0.3117 0.0686 0.1142 0.2263 0.1189 0.1602 
         115  1 0.1517 0.0081 0.2620 0.1496 0.2077 0.2209 
         116  1 0.2760 0.0061 0.3207 0.0338 0.3361 0.0274 
         117  1 0.0667 0.0040 0.2886 0.4893 0.0458 0.1055 
         118  1 0.0535 0.0122 0.1991 0.1317 0.0539 0.5495 
         119  1 0.2073 0.0064 0.2899 0.0514 0.3154 0.1296 
         120  1 0.2659 0.0195 0.3144 0.0486 0.2766 0.0750 
         121  1 0.0997 0.0096 0.2815 0.2032 0.2079 0.1980 
         122  1 0.1752 0.0095 0.2724 0.0647 0.3556 0.1225 
         123  1 0.1539 0.0086 0.2529 0.0401 0.4645 0.0799 
         124  1 0.1689 0.0272 0.2638 0.0504 0.3844 0.1052 
         125  1 0.0944 0.0068 0.2639 0.4018 0.1021 0.1310 
         126  1 0.0906 0.0067 0.2675 0.2745 0.0937 0.2670 
         127  1 0.0715 0.0039 0.2783 0.5315 0.0192 0.0957 
         128  1 0.1842 0.0126 0.2229 0.1439 0.2522 0.1842 
         129  1 0.1013 0.0083 0.2449 0.0372 0.4833 0.1250 
         130  1 0.1632 0.0107 0.2578 0.3298 0.1086 0.1299 
         131  1 0.2180 0.0076 0.2322 0.3033 0.1188 0.1200 
         132  1 0.0311 0.0122 0.2735 0.5007 0.0133 0.1692 
         133  1 0.2272 0.0091 0.2942 0.0741 0.2615 0.1338 
         134  1 0.2262 0.0194 0.2792 0.0400 0.2332 0.2021 
         135  1 0.1521 0.0063 0.2575 0.0463 0.4513 0.0865 
         136  1 0.2691 0.0069 0.2883 0.1500 0.2248 0.0609 
         137  1 0.0823 0.0105 0.2427 0.0154 0.6349 0.0141 
         138  1 0.3487 0.0086 0.1403 0.2643 0.1529 0.0852 
         139  1 0.1067 0.0061 0.2701 0.4729 0.0569 0.0873 
         140  1 0.2266 0.0051 0.2976 0.0602 0.3664 0.0441 
         141  1 0.1958 0.0077 0.2884 0.2033 0.2001 0.1046 
         142  1 0.1259 0.0085 0.2579 0.1480 0.2298 0.2300 
         143  1 0.0810 0.0237 0.2231 0.1420 0.1659 0.3643 
         144  1 0.1586 0.0047 0.2844 0.3412 0.1031 0.1081 
         145  1 0.1904 0.0057 0.2696 0.2105 0.1421 0.1817 
         146  1 0.2566 0.0065 0.1729 0.1755 0.3266 0.0619 
         147  1 0.2297 0.0067 0.2972 0.0475 0.3390 0.0800 
         148  1 0.2042 0.0092 0.2838 0.1031 0.3377 0.0620 
         149  1 0.0804 0.0040 0.2955 0.4992 0.0386 0.0822 
         150  1 0.2557 0.0137 0.2343 0.1845 0.1738 0.1380 
         151  1 0.2543 0.0105 0.2785 0.0669 0.3385 0.0513 
         152  1 0.1064 0.0041 0.2644 0.0644 0.4986 0.0622 
         153  1 0.0956 0.0139 0.2366 0.0350 0.5472 0.0717 
         154  1 0.0981 0.0118 0.2629 0.0164 0.5619 0.0489 
         155  1 0.2186 0.0937 0.2827 0.0365 0.2453 0.1233 
         156  1 0.2643 0.0070 0.3293 0.0339 0.3393 0.0262 
         157  1 0.2202 0.0117 0.3001 0.1920 0.2194 0.0565 
         158  1 0.1132 0.1031 0.1983 0.1061 0.1534 0.3259 
         159  1 0.1324 0.0994 0.1947 0.0726 0.4439 0.0570 
         160  1 0.1647 0.0364 0.1985 0.0965 0.4266 0.0772 
         161  1 0.0551 0.0074 0.2229 0.0163 0.6787 0.0197 
         162  1 0.0614 0.0058 0.2164 0.0136 0.6736 0.0292 
         163  1 0.0510 0.0077 0.2241 0.0095 0.6945 0.0132 
         164  1 0.2725 0.0221 0.2111 0.1411 0.1869 0.1664 
         165  1 0.2631 0.0288 0.2485 0.0973 0.3219 0.0404 
         166  1 0.1487 0.0047 0.1929 0.1135 0.2051 0.3351 
         167  1 0.2215 0.0109 0.2711 0.0235 0.3506 0.1224 
         168  1 0.0705 0.0052 0.2370 0.0209 0.6465 0.0199 
         169  1 0.1950 0.0490 0.1706 0.1203 0.4349 0.0302 
         170  1 0.2703 0.0057 0.2462 0.1222 0.2347 0.1209 
         171  1 0.0592 0.0054 0.2358 0.0110 0.6687 0.0199 
         172  1 0.2560 0.0087 0.2941 0.0386 0.3249 0.0777 
