           1  1 0.0675 0.0598 0.0690 0.0632 0.3835 0.0701 0.0508 0.0600 0.0873 0.0888 
           2  1 0.0849 0.0792 0.0846 0.0728 0.2591 0.0726 0.0854 0.0543 0.1101 0.0969 
           3  1 0.1601 0.0717 0.1471 0.0888 0.0059 0.1109 0.0868 0.0807 0.0596 0.1884 
           4  1 0.1780 0.0579 0.1561 0.0886 0.0140 0.1217 0.0869 0.0682 0.0398 0.1888 
           5  1 0.1730 0.0601 0.1523 0.0865 0.0285 0.1086 0.0891 0.0613 0.0395 0.2011 
           6  1 0.1713 0.0856 0.1253 0.0939 0.0374 0.1114 0.1180 0.0544 0.0352 0.1675 
           7  1 0.1838 0.0674 0.1496 0.0940 0.0089 0.1111 0.0979 0.0681 0.0355 0.1837 
           8  1 0.0355 0.0370 0.0904 0.1202 0.0065 0.0355 0.0372 0.0249 0.4679 0.1450 
           9  1 0.1348 0.0568 0.1236 0.0774 0.0846 0.0801 0.0843 0.0804 0.0857 0.1924 
          10  1 0.1380 0.1131 0.1228 0.0991 0.0189 0.1017 0.1554 0.0690 0.0706 0.1115 
          11  1 0.0525 0.0435 0.0814 0.1163 0.0361 0.0529 0.0570 0.0359 0.3883 0.1361 
          12  1 0.0383 0.0406 0.0772 0.1126 0.0299 0.0535 0.0353 0.0603 0.3977 0.1545 
          13  1 0.0813 0.0579 0.0829 0.0908 0.1713 0.0770 0.0671 0.0453 0.1949 0.1315 
          14  1 0.1275 0.1323 0.1512 0.0735 0.0087 0.1464 0.1244 0.0872 0.0515 0.0972 
          15  1 0.1012 0.0748 0.1205 0.0806 0.0203 0.1208 0.0670 0.1100 0.1059 0.1989 
          16  1 0.0078 0.0072 0.0070 0.0072 0.9329 0.0072 0.0080 0.0082 0.0067 0.0079 
          17  1 0.0175 0.0137 0.1357 0.0151 0.0089 0.1244 0.0161 0.4092 0.0175 0.2421 
          18  1 0.0049 0.0047 0.0048 0.0047 0.9563 0.0046 0.0051 0.0043 0.0057 0.0050 
          19  1 0.0387 0.0295 0.1211 0.0370 0.0091 0.1150 0.0373 0.3215 0.0753 0.2156 
          20  1 0.0072 0.0071 0.0067 0.0068 0.9403 0.0063 0.0072 0.0055 0.0060 0.0069 
          21  1 0.0143 0.0161 0.0136 0.0155 0.8744 0.0136 0.0129 0.0152 0.0122 0.0122 
          22  1 0.1134 0.1143 0.1142 0.1166 0.0134 0.0973 0.1442 0.0578 0.1449 0.0839 
          23  1 0.1108 0.0510 0.1047 0.0531 0.0097 0.0567 0.0807 0.3455 0.0726 0.1152 
          24  1 0.1054 0.0735 0.1203 0.0734 0.0303 0.0887 0.1013 0.2237 0.0600 0.1235 
          25  1 0.1078 0.0866 0.0814 0.0763 0.1029 0.0632 0.1292 0.0994 0.1482 0.1048 
          26  1 0.0855 0.0938 0.1203 0.0828 0.0194 0.1348 0.0998 0.1784 0.0497 0.1355 
          27  1 0.1173 0.1122 0.0985 0.0834 0.0070 0.0956 0.1223 0.1727 0.0896 0.1014 
          28  1 0.0100 0.0104 0.0109 0.0098 0.9089 0.0096 0.0111 0.0100 0.0100 0.0093 
          29  1 0.0926 0.0688 0.1185 0.0771 0.0079 0.0869 0.0820 0.2920 0.0685 0.1056 
          30  1 0.0105 0.0093 0.0113 0.0087 0.9109 0.0107 0.0099 0.0105 0.0066 0.0117 
          31  1 0.1412 0.1105 0.1068 0.1040 0.0206 0.1064 0.1637 0.0964 0.0545 0.0959 
          32  1 0.0174 0.0186 0.0158 0.0169 0.8538 0.0145 0.0171 0.0104 0.0201 0.0154 
          33  1 0.0872 0.0847 0.1130 0.1015 0.0073 0.0844 0.1029 0.0850 0.2205 0.1135 
          34  1 0.0826 0.0368 0.1263 0.0514 0.0047 0.0827 0.0444 0.3849 0.0504 0.1358 
          35  1 0.1604 0.0631 0.1669 0.0954 0.0145 0.1269 0.1154 0.0404 0.0332 0.1839 
          36  1 0.1118 0.0943 0.1038 0.1200 0.0069 0.1166 0.1068 0.1933 0.0596 0.0870 
          37  1 0.0113 0.0104 0.0127 0.0109 0.8981 0.0110 0.0116 0.0098 0.0129 0.0113 
          38  1 0.1420 0.1562 0.1665 0.0795 0.0065 0.1580 0.1360 0.0448 0.0498 0.0608 
          39  1 0.0144 0.0104 0.1440 0.0105 0.0033 0.1378 0.0122 0.4104 0.0088 0.2483 
          40  1 0.0994 0.1073 0.1160 0.0763 0.0081 0.1148 0.1528 0.1532 0.0725 0.0995 
          41  1 0.1275 0.1418 0.1213 0.0868 0.0097 0.1144 0.1429 0.0948 0.0759 0.0849 
          42  1 0.0054 0.0060 0.0054 0.0057 0.9519 0.0055 0.0055 0.0050 0.0046 0.0051 
          43  1 0.1196 0.0993 0.0918 0.0911 0.0538 0.0892 0.1169 0.1645 0.0775 0.0965 
          44  1 0.0484 0.0494 0.1276 0.0403 0.0069 0.1420 0.0609 0.2889 0.0304 0.2052 
          45  1 0.0971 0.0968 0.1374 0.0895 0.0049 0.1043 0.0969 0.1020 0.1511 0.1201 
          46  1 0.0293 0.0312 0.1430 0.0242 0.0058 0.1362 0.0410 0.3667 0.0147 0.2079 
          47  1 0.1358 0.1387 0.0968 0.1149 0.0093 0.1011 0.1932 0.0706 0.0576 0.0818 
          48  1 0.0143 0.0122 0.0120 0.0133 0.8856 0.0127 0.0133 0.0109 0.0142 0.0114 
          49  1 0.0643 0.0139 0.1297 0.0272 0.0044 0.0666 0.0213 0.4686 0.0541 0.1499 
          50  1 0.0434 0.0357 0.1329 0.0415 0.0058 0.1222 0.0431 0.3248 0.0269 0.2236 
          51  1 0.0241 0.0308 0.1320 0.0258 0.0052 0.1371 0.0305 0.3582 0.0210 0.2353 
          52  1 0.0724 0.0220 0.1266 0.0358 0.0102 0.0622 0.0322 0.4366 0.0604 0.1417 
          53  1 0.0534 0.0698 0.0430 0.0618 0.4732 0.0428 0.0714 0.0502 0.0846 0.0498 
          54  1 0.0399 0.0292 0.1443 0.0282 0.0124 0.1150 0.0370 0.3416 0.0281 0.2244 
          55  1 0.1534 0.1259 0.1204 0.0739 0.0084 0.1114 0.1933 0.0669 0.0628 0.0835 
          56  1 0.1243 0.1379 0.1922 0.0673 0.0049 0.1447 0.1281 0.0445 0.0860 0.0701 
          57  1 0.1144 0.1477 0.1402 0.1018 0.0084 0.1653 0.1383 0.0624 0.0446 0.0770 
          58  1 0.0061 0.0057 0.0056 0.0059 0.9486 0.0061 0.0058 0.0051 0.0056 0.0054 
          59  1 0.0235 0.0255 0.0125 0.0365 0.8155 0.0269 0.0193 0.0130 0.0163 0.0109 
          60  1 0.0406 0.0471 0.1209 0.0345 0.0100 0.1255 0.0511 0.3062 0.0462 0.2177 
          61  1 0.0130 0.0162 0.1432 0.0121 0.0044 0.1356 0.0144 0.3936 0.0144 0.2532 
          62  1 0.1377 0.1203 0.1129 0.0900 0.0069 0.1172 0.1428 0.1029 0.0396 0.1296 
          63  1 0.1092 0.1497 0.1186 0.1152 0.0042 0.1418 0.1292 0.0794 0.0740 0.0786 
          64  1 0.0495 0.0319 0.0952 0.0990 0.0191 0.0522 0.0414 0.1003 0.3655 0.1459 
          65  1 0.0142 0.0139 0.0090 0.0110 0.9020 0.0104 0.0147 0.0084 0.0074 0.0088 
          66  1 0.0150 0.0155 0.0139 0.0157 0.8700 0.0148 0.0164 0.0124 0.0133 0.0130 
          67  1 0.0256 0.0252 0.0246 0.0190 0.7755 0.0225 0.0323 0.0330 0.0122 0.0301 
          68  1 0.0714 0.0820 0.1323 0.0620 0.0160 0.1155 0.0981 0.1787 0.0854 0.1586 
          69  1 0.1334 0.1614 0.1681 0.0776 0.0053 0.1553 0.1299 0.0510 0.0482 0.0698 
          70  1 0.1212 0.1027 0.0945 0.1005 0.0046 0.0957 0.1387 0.1374 0.1237 0.0810 
          71  1 0.1545 0.0802 0.1522 0.1083 0.0072 0.1256 0.0999 0.0496 0.0361 0.1862 
          72  1 0.1293 0.1461 0.1330 0.0988 0.0182 0.1344 0.1411 0.0664 0.0516 0.0811 
          73  1 0.0089 0.0083 0.0101 0.0078 0.9195 0.0103 0.0090 0.0088 0.0064 0.0109 
          74  1 0.0727 0.0836 0.0875 0.1183 0.0290 0.0666 0.0831 0.0474 0.3077 0.1042 
          75  1 0.0740 0.0558 0.1199 0.0515 0.0041 0.1006 0.0768 0.3297 0.0378 0.1499 
          76  1 0.0063 0.0063 0.0058 0.0056 0.9453 0.0061 0.0066 0.0073 0.0052 0.0056 
          77  1 0.0083 0.0083 0.0082 0.0082 0.9288 0.0079 0.0076 0.0074 0.0074 0.0077 
          78  1 0.0319 0.0208 0.1340 0.0187 0.0161 0.1067 0.0295 0.4141 0.0222 0.2060 
          79  1 0.0106 0.0118 0.0118 0.0086 0.8994 0.0111 0.0110 0.0161 0.0078 0.0117 
          80  1 0.0784 0.0354 0.1023 0.0658 0.0302 0.0501 0.0433 0.2388 0.2169 0.1387 
          81  1 0.1336 0.1551 0.1629 0.0899 0.0041 0.1547 0.1341 0.0570 0.0470 0.0616 
          82  1 0.0547 0.0398 0.1102 0.0343 0.0040 0.1069 0.0478 0.3678 0.0454 0.1889 
          83  1 0.0579 0.0350 0.1168 0.0319 0.0120 0.1154 0.0514 0.3296 0.0394 0.2106 
          84  1 0.0077 0.0077 0.0081 0.0074 0.9342 0.0071 0.0074 0.0056 0.0079 0.0069 
          85  1 0.1289 0.1354 0.0709 0.0955 0.1505 0.0859 0.1504 0.0718 0.0410 0.0699 
          86  1 0.1432 0.1304 0.0985 0.0963 0.0106 0.1177 0.1720 0.1034 0.0473 0.0806 
          87  1 0.1138 0.1417 0.0978 0.1795 0.0060 0.1643 0.1177 0.0557 0.0606 0.0629 
          88  1 0.1315 0.0901 0.0919 0.1141 0.0142 0.0898 0.1248 0.1631 0.0797 0.1009 
          89  1 0.1228 0.1208 0.1426 0.1269 0.0128 0.1348 0.1176 0.0608 0.0609 0.1000 
          90  1 0.0885 0.1012 0.1024 0.0931 0.0082 0.0824 0.1010 0.0898 0.2212 0.1121 
          91  1 0.1240 0.1557 0.1153 0.1159 0.0133 0.1222 0.1411 0.0649 0.0799 0.0676 
          92  1 0.1207 0.1269 0.1195 0.0893 0.0073 0.1224 0.0882 0.1758 0.0697 0.0802 
          93  1 0.1357 0.1550 0.1951 0.0648 0.0050 0.1729 0.1324 0.0415 0.0403 0.0573 
          94  1 0.0224 0.0264 0.0670 0.1307 0.0063 0.0201 0.0163 0.0216 0.5387 0.1505 
          95  1 0.1354 0.1368 0.0731 0.1380 0.0119 0.1204 0.1875 0.0754 0.0549 0.0666 
          96  1 0.0531 0.0286 0.1255 0.0320 0.0439 0.0894 0.0296 0.3898 0.0411 0.1670 
          97  1 0.1143 0.0694 0.1107 0.0764 0.0112 0.0936 0.1075 0.2420 0.0568 0.1180 
          98  1 0.0200 0.0188 0.0163 0.0184 0.8370 0.0178 0.0203 0.0173 0.0170 0.0171 
          99  1 0.0520 0.0496 0.0748 0.1101 0.0247 0.0461 0.0614 0.0367 0.4260 0.1186 
         100  1 0.1429 0.1259 0.1160 0.0936 0.0393 0.0936 0.1420 0.0604 0.0487 0.1376 
         101  1 0.1422 0.1376 0.1992 0.0593 0.0098 0.1573 0.1331 0.0349 0.0602 0.0664 
         102  1 0.0416 0.0517 0.1347 0.0435 0.0047 0.1310 0.0411 0.3215 0.0301 0.2001 
         103  1 0.1450 0.1134 0.1098 0.0761 0.0254 0.0837 0.1750 0.0892 0.0525 0.1298 
         104  1 0.1708 0.0621 0.1667 0.0856 0.0263 0.1241 0.1028 0.0353 0.0323 0.1939 
         105  1 0.1240 0.1075 0.1214 0.1158 0.0119 0.1333 0.1409 0.0661 0.0691 0.1099 
         106  1 0.0150 0.0151 0.0171 0.0140 0.8526 0.0136 0.0191 0.0148 0.0206 0.0181 
         107  1 0.1231 0.0611 0.1148 0.0700 0.0461 0.0648 0.1133 0.1941 0.1069 0.1058 
         108  1 0.0574 0.0773 0.0820 0.1187 0.0065 0.0447 0.0886 0.0367 0.3867 0.1014 
         109  1 0.0909 0.0543 0.1074 0.0463 0.0133 0.0848 0.0574 0.3511 0.0693 0.1252 
         110  1 0.1288 0.1736 0.1195 0.1061 0.0059 0.1638 0.1011 0.0663 0.0731 0.0618 
         111  1 0.0831 0.0762 0.0623 0.0663 0.4020 0.0760 0.0941 0.0449 0.0437 0.0515 
         112  1 0.1255 0.1180 0.1413 0.0994 0.0057 0.1359 0.1478 0.0792 0.0657 0.0815 
         113  1 0.1206 0.1547 0.1005 0.1439 0.0136 0.1267 0.1378 0.0682 0.0653 0.0687 
         114  1 0.0947 0.0949 0.1086 0.0741 0.0611 0.1156 0.1077 0.1540 0.0518 0.1373 
         115  1 0.1149 0.1127 0.1248 0.1182 0.0065 0.1261 0.1230 0.0649 0.1101 0.0988 
         116  1 0.1120 0.2209 0.0934 0.1696 0.0057 0.1031 0.1015 0.0489 0.0952 0.0496 
         117  1 0.0529 0.0660 0.0788 0.1132 0.0038 0.0400 0.0756 0.0569 0.4105 0.1021 
         118  1 0.1419 0.1252 0.0829 0.1019 0.0100 0.0861 0.2091 0.0606 0.0770 0.1053 
         119  1 0.1293 0.1816 0.1156 0.1183 0.0061 0.1263 0.1306 0.0487 0.0778 0.0657 
         120  1 0.1293 0.2212 0.0882 0.1319 0.0217 0.0995 0.1173 0.0483 0.0884 0.0542 
         121  1 0.1069 0.1088 0.1124 0.1094 0.0090 0.1023 0.1198 0.0532 0.1798 0.0983 
         122  1 0.1204 0.1244 0.1088 0.1517 0.0081 0.1382 0.1183 0.0591 0.0843 0.0867 
         123  1 0.1182 0.1313 0.0991 0.1646 0.0079 0.1513 0.1114 0.0685 0.0661 0.0816 
         124  1 0.1346 0.1729 0.0707 0.1827 0.0225 0.1176 0.1371 0.0390 0.0669 0.0560 
         125  1 0.0744 0.0818 0.1052 0.1162 0.0059 0.0650 0.0964 0.0474 0.3063 0.1015 
         126  1 0.0849 0.1032 0.1515 0.0905 0.0063 0.1206 0.1072 0.0393 0.2118 0.0847 
         127  1 0.0188 0.0435 0.0734 0.1211 0.0036 0.0178 0.0135 0.0232 0.5566 0.1284 
         128  1 0.1076 0.1471 0.1109 0.0952 0.0093 0.1049 0.1896 0.0744 0.0768 0.0841 
         129  1 0.1177 0.1355 0.1021 0.1560 0.0078 0.1529 0.1134 0.0727 0.0577 0.0841 
         130  1 0.0849 0.1218 0.0934 0.1069 0.0095 0.0767 0.1015 0.0705 0.2236 0.1112 
         131  1 0.0954 0.1096 0.0954 0.0834 0.0064 0.0912 0.1192 0.1393 0.1544 0.1057 
         132  1 0.0401 0.0448 0.0687 0.1294 0.0129 0.0391 0.0467 0.0244 0.4632 0.1307 
         133  1 0.1428 0.1775 0.0882 0.1430 0.0075 0.0932 0.1615 0.0527 0.0716 0.0620 
         134  1 0.1603 0.2133 0.0813 0.1117 0.0122 0.0768 0.1535 0.0715 0.0641 0.0552 
         135  1 0.1184 0.1238 0.0999 0.1759 0.0054 0.1457 0.1136 0.0673 0.0736 0.0764 
         136  1 0.1201 0.2002 0.1028 0.0930 0.0064 0.0813 0.1143 0.0809 0.1269 0.0741 
         137  1 0.1168 0.1576 0.0588 0.2964 0.0089 0.1699 0.0499 0.0268 0.0925 0.0225 
         138  1 0.1020 0.1150 0.1024 0.1037 0.0074 0.1046 0.1211 0.1508 0.0853 0.1077 
         139  1 0.0337 0.0670 0.0765 0.1123 0.0055 0.0375 0.0425 0.0355 0.4672 0.1224 
         140  1 0.0998 0.1769 0.1040 0.1647 0.0052 0.1172 0.0929 0.0806 0.0980 0.0607 
         141  1 0.0999 0.1463 0.1045 0.1164 0.0070 0.0918 0.1077 0.0778 0.1659 0.0827 
         142  1 0.1145 0.1086 0.1426 0.1188 0.0071 0.1336 0.1366 0.0584 0.0940 0.0857 
         143  1 0.1320 0.1057 0.1379 0.0990 0.0204 0.1162 0.1353 0.0631 0.0890 0.1015 
         144  1 0.0760 0.1110 0.0849 0.1091 0.0041 0.0563 0.0912 0.0631 0.3001 0.1042 
         145  1 0.1245 0.1593 0.1014 0.1008 0.0052 0.0781 0.1196 0.0674 0.1633 0.0804 
         146  1 0.1035 0.1122 0.1113 0.1119 0.0053 0.1231 0.1215 0.1561 0.0610 0.0942 
         147  1 0.1092 0.1632 0.1126 0.1300 0.0061 0.1410 0.1116 0.0701 0.0757 0.0805 
         148  1 0.1118 0.1429 0.1017 0.1436 0.0084 0.1225 0.1043 0.0668 0.1171 0.0809 
         149  1 0.0386 0.0577 0.0719 0.1153 0.0035 0.0238 0.0448 0.0412 0.4859 0.1173 
         150  1 0.1236 0.1526 0.1079 0.0945 0.0114 0.0978 0.1231 0.0871 0.0954 0.1066 
         151  1 0.1309 0.1772 0.0925 0.1206 0.0106 0.1123 0.1334 0.0880 0.0707 0.0639 
         152  1 0.1196 0.1213 0.1180 0.1532 0.0040 0.1294 0.1232 0.0693 0.0855 0.0765 
         153  1 0.1206 0.1417 0.0866 0.2030 0.0123 0.1537 0.1014 0.0608 0.0577 0.0621 
         154  1 0.1281 0.1465 0.0816 0.2420 0.0103 0.1475 0.0889 0.0421 0.0681 0.0448 
         155  1 0.1617 0.1849 0.0676 0.1010 0.0505 0.0814 0.1710 0.0544 0.0609 0.0667 
         156  1 0.1085 0.2079 0.1072 0.1637 0.0072 0.1130 0.0826 0.0518 0.1063 0.0517 
         157  1 0.1148 0.1798 0.0997 0.1059 0.0100 0.0809 0.1074 0.0514 0.1792 0.0710 
         158  1 0.1374 0.1242 0.0903 0.1064 0.0625 0.0906 0.1756 0.0672 0.0574 0.0884 
         159  1 0.1319 0.1101 0.1062 0.1213 0.0652 0.1049 0.1088 0.1160 0.0605 0.0751 
         160  1 0.1209 0.1045 0.1224 0.1274 0.0268 0.1137 0.1321 0.1088 0.0679 0.0755 
         161  1 0.1254 0.1572 0.0555 0.3050 0.0070 0.1751 0.0422 0.0245 0.0872 0.0209 
         162  1 0.1284 0.1472 0.0572 0.2881 0.0052 0.1742 0.0591 0.0263 0.0887 0.0255 
         163  1 0.1235 0.1591 0.0565 0.3241 0.0065 0.1778 0.0355 0.0119 0.0906 0.0143 
         164  1 0.1047 0.1158 0.1127 0.1129 0.0197 0.1275 0.1148 0.1017 0.0841 0.1062 
         165  1 0.1122 0.1362 0.0984 0.1557 0.0203 0.1115 0.1001 0.1063 0.0859 0.0733 
         166  1 0.1204 0.1250 0.0955 0.1199 0.0045 0.1317 0.1504 0.0897 0.0563 0.1065 
         167  1 0.1144 0.1572 0.1167 0.1425 0.0096 0.1436 0.1056 0.0513 0.0829 0.0763 
         168  1 0.1191 0.1486 0.0675 0.2776 0.0048 0.1647 0.0657 0.0282 0.0952 0.0287 
         169  1 0.1171 0.1121 0.0773 0.1937 0.0354 0.1306 0.0719 0.1293 0.0737 0.0590 
         170  1 0.1178 0.1292 0.1219 0.1330 0.0044 0.1213 0.1179 0.0989 0.0727 0.0829 
         171  1 0.1223 0.1495 0.0552 0.2995 0.0053 0.1855 0.0522 0.0220 0.0895 0.0189 
         172  1 0.1237 0.1769 0.1140 0.1196 0.0073 0.1323 0.1090 0.0662 0.0749 0.0762 
