           1  1 0.0521 0.3952 0.0932 0.0940 0.0474 0.0709 0.0975 0.0583 0.0913 
           2  1 0.0886 0.2746 0.0749 0.0792 0.0801 0.0913 0.1097 0.0851 0.1164 
           3  1 0.0823 0.0058 0.1522 0.0967 0.0322 0.2945 0.1048 0.0798 0.1517 
           4  1 0.0785 0.0158 0.1348 0.0614 0.0296 0.3210 0.1038 0.0797 0.1753 
           5  1 0.0752 0.0353 0.1372 0.0569 0.0254 0.3120 0.1009 0.0829 0.1742 
           6  1 0.0798 0.0330 0.1121 0.0469 0.0453 0.3076 0.0940 0.0993 0.1821 
           7  1 0.0792 0.0095 0.1337 0.0536 0.0378 0.3291 0.0999 0.0907 0.1664 
           8  1 0.0846 0.0067 0.1980 0.2427 0.0316 0.0874 0.2440 0.0447 0.0604 
           9  1 0.0866 0.0951 0.1370 0.1103 0.0324 0.1974 0.1143 0.0831 0.1438 
          10  1 0.1063 0.0183 0.0986 0.0733 0.0958 0.2097 0.1135 0.1227 0.1618 
          11  1 0.0998 0.0369 0.1564 0.2220 0.0316 0.0657 0.2537 0.0473 0.0867 
          12  1 0.0978 0.0285 0.1828 0.2545 0.0240 0.0560 0.2462 0.0437 0.0664 
          13  1 0.0723 0.1768 0.1211 0.1673 0.0370 0.0949 0.1534 0.0708 0.1066 
          14  1 0.1219 0.0095 0.0842 0.1314 0.1302 0.1717 0.1240 0.1121 0.1149 
          15  1 0.0809 0.0228 0.1666 0.2234 0.0574 0.1361 0.1247 0.0614 0.1266 
          16  1 0.0074 0.9396 0.0076 0.0076 0.0074 0.0072 0.0076 0.0078 0.0078 
          17  1 0.0352 0.0082 0.4564 0.3633 0.0715 0.0163 0.0145 0.0170 0.0176 
          18  1 0.0048 0.9614 0.0048 0.0046 0.0045 0.0052 0.0050 0.0047 0.0050 
          19  1 0.0743 0.0095 0.3663 0.3103 0.0802 0.0359 0.0467 0.0365 0.0402 
          20  1 0.0063 0.9465 0.0056 0.0053 0.0069 0.0073 0.0069 0.0070 0.0082 
          21  1 0.0163 0.8848 0.0117 0.0114 0.0167 0.0144 0.0132 0.0169 0.0146 
          22  1 0.1288 0.0148 0.0853 0.1209 0.1212 0.1191 0.1568 0.1336 0.1194 
          23  1 0.1612 0.0114 0.2546 0.1234 0.1169 0.0696 0.0339 0.1359 0.0932 
          24  1 0.1284 0.0291 0.1960 0.1429 0.1106 0.0943 0.0649 0.1269 0.1068 
          25  1 0.1181 0.1107 0.0955 0.0806 0.0721 0.1056 0.1225 0.1356 0.1591 
          26  1 0.0962 0.0205 0.2127 0.2267 0.1102 0.0723 0.0751 0.0993 0.0870 
          27  1 0.1461 0.0072 0.1391 0.1211 0.1350 0.0854 0.0959 0.1417 0.1286 
          28  1 0.0104 0.9205 0.0079 0.0096 0.0096 0.0106 0.0105 0.0110 0.0098 
          29  1 0.1710 0.0069 0.2249 0.0967 0.1868 0.0747 0.0520 0.1028 0.0843 
          30  1 0.0091 0.9189 0.0114 0.0110 0.0090 0.0113 0.0089 0.0107 0.0098 
          31  1 0.1336 0.0215 0.0776 0.0559 0.1169 0.1566 0.0987 0.1682 0.1710 
          32  1 0.0152 0.8732 0.0140 0.0143 0.0130 0.0183 0.0197 0.0156 0.0168 
          33  1 0.1252 0.0077 0.1243 0.1568 0.0939 0.1056 0.1707 0.0976 0.1181 
          34  1 0.1109 0.0047 0.3421 0.1873 0.1314 0.0534 0.0291 0.0889 0.0522 
          35  1 0.0746 0.0157 0.1012 0.0398 0.0676 0.3165 0.1420 0.0799 0.1625 
          36  1 0.1610 0.0069 0.1371 0.0835 0.1779 0.0912 0.0872 0.1503 0.1049 
          37  1 0.0113 0.9083 0.0109 0.0115 0.0097 0.0130 0.0130 0.0109 0.0114 
          38  1 0.1665 0.0068 0.0311 0.1136 0.1797 0.1599 0.1358 0.1300 0.0766 
          39  1 0.0149 0.0036 0.4763 0.3950 0.0640 0.0115 0.0108 0.0116 0.0124 
          40  1 0.1565 0.0082 0.1129 0.0877 0.1769 0.0848 0.0928 0.1282 0.1520 
          41  1 0.1282 0.0097 0.0856 0.0970 0.1341 0.1481 0.1196 0.1299 0.1477 
          42  1 0.0054 0.9577 0.0047 0.0045 0.0056 0.0056 0.0055 0.0055 0.0055 
          43  1 0.1556 0.0596 0.0840 0.0738 0.1243 0.1028 0.0935 0.1687 0.1376 
          44  1 0.0531 0.0065 0.3112 0.3220 0.0753 0.0559 0.0529 0.0596 0.0636 
          45  1 0.1161 0.0051 0.1467 0.1697 0.0899 0.1378 0.1317 0.0862 0.1168 
          46  1 0.0354 0.0058 0.4379 0.3590 0.0713 0.0182 0.0174 0.0261 0.0290 
          47  1 0.1409 0.0081 0.0604 0.0632 0.1531 0.1199 0.1252 0.1658 0.1633 
          48  1 0.0145 0.8992 0.0098 0.0115 0.0127 0.0131 0.0146 0.0124 0.0122 
          49  1 0.1140 0.0046 0.4024 0.2146 0.0974 0.0484 0.0126 0.0732 0.0326 
          50  1 0.0491 0.0058 0.4026 0.3085 0.0652 0.0556 0.0343 0.0371 0.0418 
          51  1 0.0264 0.0050 0.4230 0.3782 0.0546 0.0254 0.0221 0.0261 0.0392 
          52  1 0.1214 0.0102 0.3665 0.1893 0.1071 0.0548 0.0199 0.0897 0.0412 
          53  1 0.0586 0.4814 0.0573 0.0473 0.0539 0.0628 0.0788 0.0762 0.0837 
          54  1 0.0487 0.0127 0.4104 0.3250 0.0559 0.0411 0.0280 0.0393 0.0390 
          55  1 0.1269 0.0090 0.0715 0.0814 0.1148 0.1499 0.1321 0.1499 0.1643 
          56  1 0.1338 0.0052 0.0644 0.1382 0.1272 0.1914 0.1569 0.0925 0.0903 
          57  1 0.1385 0.0100 0.0396 0.1071 0.1919 0.1509 0.1342 0.1235 0.1043 
          58  1 0.0055 0.9557 0.0054 0.0047 0.0053 0.0060 0.0056 0.0061 0.0057 
          59  1 0.0279 0.8380 0.0090 0.0095 0.0253 0.0174 0.0213 0.0321 0.0194 
          60  1 0.0689 0.0096 0.3495 0.3058 0.0893 0.0392 0.0450 0.0474 0.0454 
          61  1 0.0137 0.0045 0.4725 0.4050 0.0522 0.0118 0.0137 0.0118 0.0147 
          62  1 0.0989 0.0072 0.1233 0.1101 0.1101 0.1777 0.1024 0.1248 0.1456 
          63  1 0.1366 0.0040 0.0558 0.0975 0.1941 0.1346 0.1172 0.1325 0.1277 
          64  1 0.1290 0.0195 0.1876 0.2386 0.0396 0.0511 0.2145 0.0512 0.0689 
          65  1 0.0110 0.9144 0.0079 0.0065 0.0108 0.0125 0.0099 0.0114 0.0156 
          66  1 0.0141 0.8832 0.0118 0.0124 0.0153 0.0147 0.0165 0.0144 0.0175 
          67  1 0.0212 0.7903 0.0360 0.0339 0.0176 0.0256 0.0199 0.0274 0.0280 
          68  1 0.0891 0.0185 0.2062 0.2368 0.0765 0.0843 0.1021 0.0851 0.1013 
          69  1 0.1572 0.0055 0.0470 0.1325 0.1587 0.1651 0.1328 0.1214 0.0798 
          70  1 0.1664 0.0046 0.0955 0.0785 0.1485 0.1069 0.1055 0.1577 0.1366 
          71  1 0.0887 0.0081 0.1057 0.0416 0.0824 0.2917 0.1317 0.0837 0.1664 
          72  1 0.1315 0.0201 0.0661 0.1205 0.1471 0.1424 0.1221 0.1513 0.0988 
          73  1 0.0079 0.9298 0.0102 0.0086 0.0079 0.0103 0.0075 0.0085 0.0094 
          74  1 0.1165 0.0290 0.1371 0.1667 0.0690 0.0909 0.2071 0.0998 0.0840 
          75  1 0.0987 0.0043 0.3320 0.1936 0.1356 0.0592 0.0404 0.0668 0.0695 
          76  1 0.0062 0.9519 0.0060 0.0057 0.0061 0.0059 0.0058 0.0063 0.0060 
          77  1 0.0080 0.9362 0.0067 0.0068 0.0082 0.0079 0.0084 0.0085 0.0093 
          78  1 0.0431 0.0144 0.4318 0.3274 0.0686 0.0288 0.0186 0.0402 0.0271 
          79  1 0.0113 0.9093 0.0149 0.0114 0.0112 0.0103 0.0088 0.0116 0.0113 
          80  1 0.1596 0.0295 0.2157 0.1649 0.0740 0.0629 0.1320 0.0821 0.0792 
          81  1 0.1733 0.0041 0.0383 0.1226 0.1832 0.1611 0.1303 0.1226 0.0646 
          82  1 0.0832 0.0041 0.3699 0.2603 0.0961 0.0392 0.0312 0.0644 0.0515 
          83  1 0.0658 0.0126 0.3703 0.2951 0.0532 0.0481 0.0354 0.0589 0.0606 
          84  1 0.0071 0.9411 0.0065 0.0062 0.0078 0.0077 0.0079 0.0077 0.0079 
          85  1 0.1065 0.1648 0.0509 0.0512 0.1168 0.1182 0.0959 0.1404 0.1555 
          86  1 0.1408 0.0107 0.0568 0.0745 0.1845 0.1131 0.1042 0.1760 0.1394 
          87  1 0.1832 0.0067 0.0295 0.0728 0.2002 0.1237 0.1465 0.1562 0.0813 
          88  1 0.1695 0.0130 0.0991 0.0567 0.1479 0.1138 0.0878 0.1733 0.1389 
          89  1 0.1235 0.0123 0.0618 0.0554 0.1591 0.1945 0.1435 0.1114 0.1385 
          90  1 0.1138 0.0091 0.1432 0.1763 0.0810 0.1069 0.1678 0.0917 0.1102 
          91  1 0.1571 0.0135 0.0466 0.0882 0.1734 0.1287 0.1249 0.1547 0.1130 
          92  1 0.1518 0.0073 0.1332 0.1102 0.1510 0.0942 0.0872 0.1819 0.0833 
          93  1 0.1444 0.0053 0.0356 0.1146 0.1557 0.1974 0.1580 0.1044 0.0846 
          94  1 0.0748 0.0062 0.2081 0.2688 0.0118 0.0640 0.2834 0.0364 0.0464 
          95  1 0.1581 0.0134 0.0520 0.0482 0.1551 0.0976 0.1119 0.1838 0.1798 
          96  1 0.0696 0.0433 0.3785 0.2724 0.0756 0.0406 0.0238 0.0647 0.0315 
          97  1 0.1503 0.0117 0.2089 0.1325 0.1356 0.0884 0.0611 0.1103 0.1013 
          98  1 0.0193 0.8526 0.0176 0.0157 0.0193 0.0169 0.0173 0.0212 0.0201 
          99  1 0.1049 0.0251 0.1579 0.2088 0.0421 0.0660 0.2569 0.0654 0.0728 
         100  1 0.0972 0.0380 0.0867 0.0541 0.0829 0.2232 0.1102 0.1134 0.1944 
         101  1 0.1196 0.0104 0.0474 0.1148 0.1344 0.2220 0.1574 0.0944 0.0996 
         102  1 0.0564 0.0049 0.3789 0.3305 0.0727 0.0341 0.0341 0.0503 0.0382 
         103  1 0.0964 0.0294 0.1111 0.0844 0.0891 0.1706 0.0946 0.1375 0.1869 
         104  1 0.0729 0.0269 0.1061 0.0393 0.0662 0.3164 0.1321 0.0724 0.1677 
         105  1 0.1229 0.0112 0.0672 0.0868 0.1375 0.1827 0.1358 0.1262 0.1296 
         106  1 0.0150 0.8686 0.0175 0.0176 0.0131 0.0185 0.0164 0.0146 0.0187 
         107  1 0.1804 0.0527 0.1300 0.0899 0.1003 0.1002 0.0964 0.1218 0.1282 
         108  1 0.0877 0.0062 0.1781 0.1870 0.0409 0.0891 0.2353 0.0890 0.0867 
         109  1 0.1387 0.0137 0.2579 0.1572 0.1076 0.0686 0.0391 0.1285 0.0887 
         110  1 0.1629 0.0062 0.0432 0.0951 0.1762 0.1259 0.1249 0.1979 0.0676 
         111  1 0.0850 0.4218 0.0419 0.0456 0.0845 0.0651 0.0718 0.1076 0.0766 
         112  1 0.1410 0.0056 0.0666 0.1203 0.1522 0.1534 0.1253 0.1270 0.1086 
         113  1 0.1560 0.0141 0.0393 0.0471 0.1651 0.1345 0.1252 0.1774 0.1413 
         114  1 0.0849 0.0619 0.1814 0.1801 0.1004 0.0970 0.0792 0.1042 0.1109 
         115  1 0.1202 0.0070 0.0734 0.1000 0.1458 0.1477 0.1541 0.1373 0.1144 
         116  1 0.1386 0.0055 0.0193 0.0472 0.2287 0.1411 0.1091 0.1249 0.1855 
         117  1 0.0928 0.0036 0.1807 0.2020 0.0562 0.0882 0.2362 0.0732 0.0671 
         118  1 0.1132 0.0108 0.0933 0.0515 0.0741 0.1694 0.1154 0.1537 0.2186 
         119  1 0.1459 0.0060 0.0396 0.0748 0.1832 0.1532 0.1266 0.1362 0.1346 
         120  1 0.1231 0.0194 0.0203 0.0424 0.2021 0.1434 0.0967 0.1333 0.2192 
         121  1 0.1347 0.0091 0.1115 0.1285 0.1059 0.1478 0.1445 0.1126 0.1056 
         122  1 0.1383 0.0085 0.0527 0.0648 0.1825 0.1305 0.1384 0.1525 0.1319 
         123  1 0.1579 0.0076 0.0493 0.0729 0.1867 0.1304 0.1337 0.1601 0.1014 
         124  1 0.1522 0.0223 0.0314 0.0331 0.1577 0.1270 0.1206 0.1819 0.1738 
         125  1 0.0998 0.0061 0.1398 0.1721 0.0888 0.1062 0.1948 0.0979 0.0944 
         126  1 0.1208 0.0061 0.1097 0.1613 0.1046 0.1534 0.1677 0.0858 0.0906 
         127  1 0.0736 0.0035 0.2105 0.2558 0.0234 0.0674 0.2719 0.0369 0.0569 
         128  1 0.1385 0.0094 0.0448 0.0431 0.1932 0.1022 0.1195 0.1670 0.1825 
         129  1 0.1519 0.0082 0.0606 0.0925 0.1701 0.1462 0.1231 0.1588 0.0886 
         130  1 0.1159 0.0093 0.1321 0.1439 0.1075 0.1041 0.1613 0.1029 0.1229 
         131  1 0.0923 0.0062 0.1441 0.1715 0.1091 0.0979 0.1179 0.1157 0.1454 
         132  1 0.0936 0.0130 0.1744 0.2358 0.0247 0.0617 0.2596 0.0544 0.0828 
         133  1 0.1324 0.0073 0.0362 0.0457 0.1555 0.1297 0.1154 0.1563 0.2214 
         134  1 0.1273 0.0122 0.0302 0.0466 0.1758 0.1386 0.0931 0.1510 0.2251 
         135  1 0.1422 0.0056 0.0491 0.0672 0.2054 0.1259 0.1346 0.1564 0.1136 
         136  1 0.1198 0.0062 0.0558 0.0916 0.1823 0.1301 0.1119 0.1170 0.1853 
         137  1 0.2021 0.0096 0.0131 0.0182 0.1903 0.0986 0.1577 0.2282 0.0822 
         138  1 0.1337 0.0076 0.1382 0.1205 0.1419 0.0953 0.1040 0.1260 0.1329 
         139  1 0.0836 0.0052 0.1919 0.2202 0.0559 0.0853 0.2389 0.0506 0.0684 
         140  1 0.1486 0.0049 0.0381 0.0473 0.2210 0.1259 0.1210 0.1436 0.1497 
         141  1 0.1225 0.0072 0.0802 0.0885 0.1492 0.1233 0.1373 0.1328 0.1591 
         142  1 0.1318 0.0075 0.0682 0.1086 0.1643 0.1506 0.1439 0.1175 0.1077 
         143  1 0.1255 0.0218 0.0834 0.1074 0.1139 0.1613 0.1295 0.1224 0.1348 
         144  1 0.1056 0.0040 0.1377 0.1432 0.1036 0.1070 0.1832 0.0905 0.1253 
         145  1 0.1250 0.0051 0.0877 0.0969 0.1336 0.1369 0.1224 0.1112 0.1811 
         146  1 0.1379 0.0060 0.1381 0.1316 0.1631 0.1051 0.0909 0.1288 0.0985 
         147  1 0.1304 0.0062 0.0364 0.0784 0.2299 0.1298 0.1412 0.1190 0.1286 
         148  1 0.1358 0.0090 0.0549 0.0794 0.1923 0.1160 0.1452 0.1392 0.1281 
         149  1 0.0834 0.0036 0.1922 0.2145 0.0469 0.0776 0.2578 0.0567 0.0673 
         150  1 0.1079 0.0117 0.0885 0.1270 0.1372 0.1289 0.1013 0.1249 0.1726 
         151  1 0.1260 0.0105 0.0599 0.0744 0.1818 0.1139 0.0996 0.1564 0.1774 
         152  1 0.1599 0.0040 0.0536 0.0995 0.1687 0.1441 0.1294 0.1491 0.0918 
         153  1 0.1673 0.0124 0.0448 0.0699 0.1719 0.1122 0.1295 0.1875 0.1044 
         154  1 0.1876 0.0106 0.0224 0.0503 0.1709 0.1172 0.1294 0.2087 0.1030 
         155  1 0.1303 0.0531 0.0248 0.0305 0.1537 0.1198 0.0966 0.1499 0.2413 
         156  1 0.1369 0.0074 0.0197 0.0463 0.2315 0.1337 0.1192 0.1282 0.1772 
         157  1 0.1158 0.0103 0.0587 0.0918 0.1682 0.1391 0.1244 0.1126 0.1791 
         158  1 0.1033 0.0719 0.0750 0.0673 0.1147 0.1159 0.1043 0.1581 0.1894 
         159  1 0.1913 0.0647 0.0525 0.0380 0.2003 0.0957 0.1070 0.1426 0.1078 
         160  1 0.1928 0.0246 0.0593 0.0445 0.2021 0.1084 0.1016 0.1367 0.1299 
         161  1 0.2120 0.0068 0.0143 0.0181 0.1842 0.1007 0.1598 0.2323 0.0716 
         162  1 0.2066 0.0054 0.0188 0.0250 0.1829 0.1001 0.1578 0.2224 0.0809 
         163  1 0.2220 0.0067 0.0089 0.0158 0.1924 0.0968 0.1664 0.2230 0.0681 
         164  1 0.1252 0.0189 0.0925 0.0937 0.1658 0.1347 0.1059 0.1157 0.1476 
         165  1 0.1577 0.0193 0.0625 0.0589 0.1966 0.1095 0.1198 0.1484 0.1274 
         166  1 0.1195 0.0045 0.0985 0.1125 0.1103 0.1504 0.0947 0.1548 0.1547 
         167  1 0.1344 0.0098 0.0306 0.0478 0.2178 0.1508 0.1345 0.1185 0.1558 
         168  1 0.1996 0.0050 0.0195 0.0302 0.2002 0.0982 0.1667 0.1996 0.0811 
         169  1 0.1819 0.0352 0.0878 0.0725 0.1478 0.0817 0.1240 0.1776 0.0915 
         170  1 0.1466 0.0048 0.0660 0.0723 0.2025 0.1288 0.1067 0.1280 0.1444 
         171  1 0.2150 0.0053 0.0115 0.0181 0.1860 0.1043 0.1582 0.2269 0.0747 
         172  1 0.1269 0.0080 0.0311 0.0673 0.2352 0.1257 0.1136 0.1259 0.1662 
