           1  1 0.2847 0.1694 0.0988 0.4471 
           2  1 0.2466 0.2388 0.1420 0.3726 
           3  1 0.8551 0.1151 0.0214 0.0083 
           4  1 0.8759 0.0615 0.0305 0.0321 
           5  1 0.8867 0.0331 0.0201 0.0601 
           6  1 0.8853 0.0111 0.0650 0.0386 
           7  1 0.9061 0.0389 0.0388 0.0161 
           8  1 0.9210 0.0215 0.0496 0.0079 
           9  1 0.6317 0.1432 0.0257 0.1993 
          10  1 0.8241 0.0495 0.1069 0.0196 
          11  1 0.7650 0.1108 0.0584 0.0658 
          12  1 0.5336 0.4022 0.0249 0.0393 
          13  1 0.6553 0.1044 0.0395 0.2008 
          14  1 0.6208 0.1118 0.2565 0.0109 
          15  1 0.6759 0.2623 0.0379 0.0239 
          16  1 0.0080 0.0082 0.0077 0.9760 
          17  1 0.0121 0.9695 0.0111 0.0073 
          18  1 0.0063 0.0044 0.0048 0.9845 
          19  1 0.0248 0.9515 0.0150 0.0086 
          20  1 0.0079 0.0053 0.0081 0.9786 
          21  1 0.0097 0.0167 0.0191 0.9545 
          22  1 0.3327 0.0532 0.5950 0.0191 
          23  1 0.0206 0.9335 0.0333 0.0126 
          24  1 0.0595 0.8230 0.0840 0.0335 
          25  1 0.4306 0.2656 0.0947 0.2092 
          26  1 0.0825 0.7986 0.1000 0.0189 
          27  1 0.0507 0.7721 0.1691 0.0081 
          28  1 0.0094 0.0105 0.0100 0.9701 
          29  1 0.0105 0.9206 0.0610 0.0079 
          30  1 0.0110 0.0122 0.0083 0.9686 
          31  1 0.2622 0.3373 0.3597 0.0408 
          32  1 0.0213 0.0099 0.0177 0.9511 
          33  1 0.4408 0.4013 0.1489 0.0090 
          34  1 0.0154 0.9387 0.0409 0.0050 
          35  1 0.7620 0.0268 0.1799 0.0313 
          36  1 0.0315 0.6805 0.2799 0.0082 
          37  1 0.0150 0.0117 0.0101 0.9632 
          38  1 0.2118 0.0257 0.7543 0.0082 
          39  1 0.0169 0.9657 0.0133 0.0041 
          40  1 0.0867 0.7910 0.1105 0.0118 
          41  1 0.5849 0.1284 0.2742 0.0125 
          42  1 0.0051 0.0056 0.0064 0.9829 
          43  1 0.1237 0.4969 0.2670 0.1124 
          44  1 0.1584 0.7280 0.1056 0.0080 
          45  1 0.8075 0.0890 0.0984 0.0051 
          46  1 0.0144 0.9652 0.0119 0.0085 
          47  1 0.2323 0.1308 0.6245 0.0125 
          48  1 0.0133 0.0095 0.0172 0.9599 
          49  1 0.0107 0.9735 0.0109 0.0048 
          50  1 0.0486 0.9224 0.0232 0.0058 
          51  1 0.0719 0.9071 0.0149 0.0062 
          52  1 0.0092 0.9608 0.0189 0.0110 
          53  1 0.2175 0.1075 0.1206 0.5543 
          54  1 0.0461 0.9234 0.0175 0.0130 
          55  1 0.8077 0.0401 0.1414 0.0108 
          56  1 0.7911 0.0241 0.1783 0.0066 
          57  1 0.2784 0.0797 0.6311 0.0108 
          58  1 0.0059 0.0061 0.0066 0.9814 
          59  1 0.0118 0.0117 0.0521 0.9243 
          60  1 0.0424 0.9254 0.0230 0.0091 
          61  1 0.0215 0.9611 0.0125 0.0049 
          62  1 0.5067 0.2992 0.1842 0.0099 
          63  1 0.2272 0.0817 0.6864 0.0047 
          64  1 0.1890 0.7630 0.0216 0.0264 
          65  1 0.0105 0.0061 0.0089 0.9745 
          66  1 0.0168 0.0124 0.0210 0.9498 
          67  1 0.0200 0.0517 0.0151 0.9131 
          68  1 0.2608 0.6702 0.0469 0.0221 
          69  1 0.4350 0.1353 0.4220 0.0077 
          70  1 0.0931 0.5651 0.3357 0.0062 
          71  1 0.6764 0.0465 0.2651 0.0119 
          72  1 0.3845 0.1521 0.4368 0.0265 
          73  1 0.0099 0.0098 0.0085 0.9718 
          74  1 0.4525 0.0910 0.4187 0.0378 
          75  1 0.0193 0.9275 0.0483 0.0049 
          76  1 0.0057 0.0066 0.0074 0.9802 
          77  1 0.0089 0.0072 0.0090 0.9748 
          78  1 0.0173 0.9552 0.0131 0.0144 
          79  1 0.0084 0.0184 0.0117 0.9615 
          80  1 0.0741 0.8739 0.0124 0.0396 
          81  1 0.2279 0.0516 0.7157 0.0048 
          82  1 0.0430 0.9247 0.0276 0.0047 
          83  1 0.0898 0.8816 0.0147 0.0139 
          84  1 0.0082 0.0062 0.0083 0.9773 
          85  1 0.2229 0.1103 0.3858 0.2809 
          86  1 0.0863 0.4039 0.4928 0.0170 
          87  1 0.0310 0.0213 0.9409 0.0068 
          88  1 0.1244 0.5461 0.3039 0.0256 
          89  1 0.4133 0.1371 0.4321 0.0176 
          90  1 0.7838 0.0899 0.1175 0.0088 
          91  1 0.1393 0.0652 0.7802 0.0153 
          92  1 0.0143 0.7375 0.2374 0.0107 
          93  1 0.5571 0.0356 0.3991 0.0082 
          94  1 0.9548 0.0137 0.0256 0.0060 
          95  1 0.1255 0.1524 0.7000 0.0220 
          96  1 0.0134 0.9292 0.0212 0.0363 
          97  1 0.0343 0.8976 0.0553 0.0128 
          98  1 0.0163 0.0201 0.0195 0.9441 
          99  1 0.6554 0.1306 0.1555 0.0585 
         100  1 0.7395 0.0489 0.1568 0.0548 
         101  1 0.6612 0.0146 0.3069 0.0174 
         102  1 0.0471 0.9074 0.0406 0.0048 
         103  1 0.7386 0.1643 0.0593 0.0377 
         104  1 0.7587 0.0324 0.1424 0.0664 
         105  1 0.5506 0.0284 0.4086 0.0124 
         106  1 0.0248 0.0162 0.0109 0.9481 
         107  1 0.0771 0.8247 0.0305 0.0676 
         108  1 0.9006 0.0251 0.0667 0.0075 
         109  1 0.0367 0.8977 0.0503 0.0154 
         110  1 0.0443 0.2361 0.7098 0.0098 
         111  1 0.0912 0.1778 0.2178 0.5132 
         112  1 0.3975 0.1457 0.4491 0.0077 
         113  1 0.1552 0.0547 0.7742 0.0159 
         114  1 0.1178 0.6936 0.1201 0.0685 
         115  1 0.4270 0.0451 0.5202 0.0077 
         116  1 0.2263 0.0378 0.7279 0.0080 
         117  1 0.7891 0.0252 0.1812 0.0045 
         118  1 0.9191 0.0168 0.0524 0.0118 
         119  1 0.2919 0.0160 0.6852 0.0068 
         120  1 0.4395 0.0153 0.5172 0.0280 
         121  1 0.4829 0.0222 0.4839 0.0110 
         122  1 0.1482 0.0804 0.7626 0.0088 
         123  1 0.0694 0.0903 0.8313 0.0089 
         124  1 0.2908 0.0181 0.6603 0.0308 
         125  1 0.5523 0.0211 0.4185 0.0082 
         126  1 0.7411 0.0097 0.2419 0.0073 
         127  1 0.8352 0.0146 0.1457 0.0045 
         128  1 0.2633 0.1632 0.5589 0.0146 
         129  1 0.1028 0.1472 0.7405 0.0095 
         130  1 0.5516 0.1398 0.2955 0.0130 
         131  1 0.6088 0.1340 0.2500 0.0072 
         132  1 0.9082 0.0414 0.0317 0.0188 
         133  1 0.5323 0.0162 0.4421 0.0094 
         134  1 0.5021 0.0311 0.4468 0.0200 
         135  1 0.0950 0.0873 0.8115 0.0061 
         136  1 0.4358 0.0789 0.4777 0.0076 
         137  1 0.0255 0.0122 0.9509 0.0114 
         138  1 0.1707 0.5972 0.2234 0.0087 
         139  1 0.6647 0.0161 0.3125 0.0068 
         140  1 0.1890 0.0856 0.7191 0.0062 
         141  1 0.3674 0.0420 0.5808 0.0097 
         142  1 0.4325 0.0356 0.5235 0.0084 
         143  1 0.5853 0.0765 0.3111 0.0270 
         144  1 0.6328 0.0613 0.3008 0.0051 
         145  1 0.6873 0.0204 0.2860 0.0062 
         146  1 0.0631 0.6061 0.3235 0.0072 
         147  1 0.1347 0.0236 0.8342 0.0075 
         148  1 0.1493 0.0667 0.7736 0.0104 
         149  1 0.7510 0.0189 0.2256 0.0045 
         150  1 0.4747 0.2221 0.2893 0.0138 
         151  1 0.1500 0.1151 0.7229 0.0121 
         152  1 0.1433 0.0635 0.7886 0.0046 
         153  1 0.0427 0.1102 0.8320 0.0151 
         154  1 0.0504 0.0236 0.9127 0.0133 
         155  1 0.3380 0.0380 0.4819 0.1420 
         156  1 0.1631 0.0259 0.8022 0.0088 
         157  1 0.4856 0.0142 0.4877 0.0125 
         158  1 0.5378 0.0988 0.2476 0.1159 
         159  1 0.0377 0.3278 0.4873 0.1472 
         160  1 0.0574 0.3597 0.5402 0.0428 
         161  1 0.0166 0.0250 0.9505 0.0079 
         162  1 0.0148 0.0135 0.9651 0.0066 
         163  1 0.0126 0.0094 0.9703 0.0077 
         164  1 0.2341 0.4535 0.2871 0.0253 
         165  1 0.0494 0.3815 0.5355 0.0336 
         166  1 0.4907 0.2541 0.2499 0.0052 
         167  1 0.1494 0.0372 0.8006 0.0128 
         168  1 0.0251 0.0144 0.9554 0.0050 
         169  1 0.0200 0.4064 0.5057 0.0679 
         170  1 0.1254 0.3340 0.5342 0.0063 
         171  1 0.0126 0.0104 0.9717 0.0053 
         172  1 0.1598 0.0531 0.7767 0.0104 
