           1  1 0.2077 0.3368 0.4556 
           2  1 0.1827 0.4554 0.3619 
           3  1 0.2118 0.7786 0.0095 
           4  1 0.2450 0.7179 0.0371 
           5  1 0.2668 0.6141 0.1191 
           6  1 0.6634 0.2376 0.0990 
           7  1 0.3532 0.6226 0.0242 
           8  1 0.8141 0.1750 0.0109 
           9  1 0.1336 0.6560 0.2104 
          10  1 0.7301 0.2375 0.0324 
          11  1 0.3599 0.5493 0.0908 
          12  1 0.1388 0.8311 0.0301 
          13  1 0.2625 0.4850 0.2526 
          14  1 0.7120 0.2765 0.0115 
          15  1 0.2304 0.7445 0.0251 
          16  1 0.0085 0.0084 0.9831 
          17  1 0.0149 0.9763 0.0088 
          18  1 0.0057 0.0051 0.9892 
          19  1 0.0252 0.9642 0.0106 
          20  1 0.0080 0.0065 0.9855 
          21  1 0.0147 0.0173 0.9681 
          22  1 0.7796 0.1966 0.0237 
          23  1 0.0257 0.9625 0.0118 
          24  1 0.0797 0.8904 0.0299 
          25  1 0.2548 0.5272 0.2179 
          26  1 0.0978 0.8838 0.0184 
          27  1 0.1733 0.8177 0.0090 
          28  1 0.0106 0.0120 0.9774 
          29  1 0.0415 0.9498 0.0087 
          30  1 0.0093 0.0129 0.9778 
          31  1 0.2882 0.6807 0.0311 
          32  1 0.0188 0.0130 0.9682 
          33  1 0.3182 0.6727 0.0091 
          34  1 0.0412 0.9532 0.0056 
          35  1 0.5650 0.3864 0.0486 
          36  1 0.2057 0.7864 0.0079 
          37  1 0.0113 0.0138 0.9750 
          38  1 0.9189 0.0715 0.0096 
          39  1 0.0183 0.9770 0.0048 
          40  1 0.1038 0.8841 0.0121 
          41  1 0.7314 0.2551 0.0136 
          42  1 0.0055 0.0062 0.9883 
          43  1 0.1807 0.7133 0.1059 
          44  1 0.1697 0.8229 0.0074 
          45  1 0.6654 0.3285 0.0061 
          46  1 0.0162 0.9741 0.0097 
          47  1 0.5932 0.3912 0.0155 
          48  1 0.0164 0.0121 0.9715 
          49  1 0.0121 0.9817 0.0062 
          50  1 0.0292 0.9646 0.0062 
          51  1 0.0464 0.9466 0.0070 
          52  1 0.0142 0.9731 0.0127 
          53  1 0.2417 0.1799 0.5784 
          54  1 0.0224 0.9657 0.0118 
          55  1 0.7752 0.2104 0.0145 
          56  1 0.9322 0.0601 0.0077 
          57  1 0.8598 0.1288 0.0113 
          58  1 0.0063 0.0069 0.9868 
          59  1 0.0324 0.0143 0.9533 
          60  1 0.0399 0.9503 0.0098 
          61  1 0.0188 0.9754 0.0058 
          62  1 0.4624 0.5278 0.0098 
          63  1 0.8812 0.1137 0.0050 
          64  1 0.0646 0.9112 0.0243 
          65  1 0.0097 0.0072 0.9831 
          66  1 0.0200 0.0149 0.9651 
          67  1 0.0154 0.0556 0.9290 
          68  1 0.1013 0.8820 0.0166 
          69  1 0.7468 0.2455 0.0078 
          70  1 0.3439 0.6499 0.0062 
          71  1 0.5760 0.4096 0.0144 
          72  1 0.5480 0.4241 0.0279 
          73  1 0.0089 0.0108 0.9803 
          74  1 0.7370 0.2226 0.0404 
          75  1 0.0419 0.9530 0.0051 
          76  1 0.0067 0.0074 0.9859 
          77  1 0.0089 0.0089 0.9821 
          78  1 0.0156 0.9677 0.0167 
          79  1 0.0104 0.0164 0.9732 
          80  1 0.0225 0.9507 0.0268 
          81  1 0.8990 0.0956 0.0054 
          82  1 0.0461 0.9489 0.0050 
          83  1 0.0348 0.9529 0.0123 
          84  1 0.0089 0.0071 0.9841 
          85  1 0.4725 0.2355 0.2921 
          86  1 0.4488 0.5360 0.0152 
          87  1 0.8605 0.1306 0.0089 
          88  1 0.1539 0.8239 0.0222 
          89  1 0.7197 0.2619 0.0184 
          90  1 0.6479 0.3404 0.0116 
          91  1 0.8689 0.1139 0.0172 
          92  1 0.2070 0.7818 0.0112 
          93  1 0.9058 0.0861 0.0081 
          94  1 0.7531 0.2347 0.0122 
          95  1 0.6710 0.3018 0.0272 
          96  1 0.0220 0.9308 0.0472 
          97  1 0.0357 0.9526 0.0117 
          98  1 0.0210 0.0205 0.9585 
          99  1 0.4852 0.4383 0.0765 
         100  1 0.6250 0.2930 0.0821 
         101  1 0.9469 0.0330 0.0201 
         102  1 0.0609 0.9338 0.0053 
         103  1 0.4847 0.4583 0.0570 
         104  1 0.4690 0.4209 0.1101 
         105  1 0.8928 0.0935 0.0137 
         106  1 0.0178 0.0171 0.9652 
         107  1 0.0367 0.9085 0.0548 
         108  1 0.8157 0.1742 0.0101 
         109  1 0.0418 0.9394 0.0188 
         110  1 0.6740 0.3153 0.0107 
         111  1 0.2034 0.2839 0.5128 
         112  1 0.6639 0.3283 0.0078 
         113  1 0.7887 0.1911 0.0202 
         114  1 0.0997 0.8551 0.0452 
         115  1 0.8759 0.1156 0.0086 
         116  1 0.9214 0.0702 0.0084 
         117  1 0.9351 0.0601 0.0048 
         118  1 0.8137 0.1631 0.0232 
         119  1 0.9633 0.0298 0.0070 
         120  1 0.9357 0.0319 0.0324 
         121  1 0.9409 0.0495 0.0097 
         122  1 0.7803 0.2100 0.0097 
         123  1 0.7236 0.2647 0.0116 
         124  1 0.8994 0.0625 0.0381 
         125  1 0.9631 0.0292 0.0076 
         126  1 0.9707 0.0211 0.0082 
         127  1 0.9347 0.0599 0.0054 
         128  1 0.6469 0.3351 0.0180 
         129  1 0.6130 0.3754 0.0117 
         130  1 0.7376 0.2522 0.0102 
         131  1 0.8459 0.1480 0.0061 
         132  1 0.5270 0.4414 0.0316 
         133  1 0.9604 0.0294 0.0102 
         134  1 0.9163 0.0624 0.0213 
         135  1 0.7792 0.2137 0.0072 
         136  1 0.8601 0.1310 0.0088 
         137  1 0.8751 0.1110 0.0139 
         138  1 0.3421 0.6488 0.0091 
         139  1 0.9538 0.0388 0.0075 
         140  1 0.8063 0.1871 0.0067 
         141  1 0.9022 0.0889 0.0089 
         142  1 0.9224 0.0692 0.0084 
         143  1 0.6879 0.2768 0.0353 
         144  1 0.8732 0.1213 0.0055 
         145  1 0.9463 0.0477 0.0061 
         146  1 0.2748 0.7184 0.0068 
         147  1 0.9300 0.0615 0.0085 
         148  1 0.8350 0.1539 0.0110 
         149  1 0.9537 0.0416 0.0048 
         150  1 0.5081 0.4774 0.0145 
         151  1 0.7803 0.2052 0.0146 
         152  1 0.8623 0.1323 0.0053 
         153  1 0.5857 0.3928 0.0215 
         154  1 0.8505 0.1313 0.0182 
         155  1 0.7529 0.0849 0.1622 
         156  1 0.9137 0.0760 0.0103 
         157  1 0.9657 0.0229 0.0114 
         158  1 0.5707 0.3254 0.1039 
         159  1 0.3338 0.4742 0.1920 
         160  1 0.3974 0.5518 0.0508 
         161  1 0.8241 0.1657 0.0102 
         162  1 0.8546 0.1365 0.0089 
         163  1 0.8625 0.1278 0.0097 
         164  1 0.2795 0.6937 0.0268 
         165  1 0.2945 0.6653 0.0402 
         166  1 0.5853 0.4093 0.0055 
         167  1 0.8682 0.1181 0.0137 
         168  1 0.8792 0.1145 0.0063 
         169  1 0.2824 0.6437 0.0739 
         170  1 0.4578 0.5355 0.0067 
         171  1 0.8804 0.1130 0.0066 
         172  1 0.8538 0.1340 0.0122 
