           1  1 0.0587 0.3987 0.1099 0.0866 0.0746 0.0802 0.1112 0.0802 
           2  1 0.1138 0.2751 0.1522 0.0922 0.0830 0.0465 0.1463 0.0907 
           3  1 0.0966 0.0057 0.2104 0.1584 0.2068 0.0442 0.1227 0.1553 
           4  1 0.0862 0.0161 0.2110 0.1766 0.2215 0.0176 0.1080 0.1631 
           5  1 0.0820 0.0296 0.2063 0.1763 0.2195 0.0131 0.1062 0.1670 
           6  1 0.1076 0.0336 0.1765 0.1554 0.2385 0.0073 0.1113 0.1697 
           7  1 0.1044 0.0092 0.1976 0.1678 0.2257 0.0158 0.1066 0.1728 
           8  1 0.0866 0.0069 0.2289 0.0980 0.0643 0.0100 0.4607 0.0446 
           9  1 0.0724 0.0873 0.2164 0.1427 0.1450 0.0500 0.1424 0.1438 
          10  1 0.1716 0.0176 0.1599 0.1353 0.1882 0.0234 0.1610 0.1430 
          11  1 0.0693 0.0331 0.2764 0.0881 0.0487 0.0177 0.4050 0.0616 
          12  1 0.0510 0.0270 0.2721 0.0789 0.0380 0.0792 0.4056 0.0484 
          13  1 0.0635 0.1639 0.2118 0.1125 0.0822 0.0367 0.2358 0.0936 
          14  1 0.2168 0.0088 0.1093 0.1887 0.1369 0.0741 0.1176 0.1478 
          15  1 0.0791 0.0207 0.1976 0.1401 0.1319 0.1591 0.1712 0.1001 
          16  1 0.0078 0.9480 0.0076 0.0073 0.0077 0.0069 0.0074 0.0073 
          17  1 0.0110 0.0078 0.0133 0.0097 0.0101 0.9200 0.0164 0.0116 
          18  1 0.0045 0.9658 0.0054 0.0055 0.0050 0.0038 0.0052 0.0048 
          19  1 0.0346 0.0091 0.0642 0.0194 0.0226 0.7677 0.0606 0.0217 
          20  1 0.0066 0.9535 0.0069 0.0066 0.0075 0.0045 0.0066 0.0077 
          21  1 0.0151 0.9041 0.0127 0.0146 0.0142 0.0130 0.0106 0.0157 
          22  1 0.2306 0.0138 0.1618 0.1263 0.0883 0.0138 0.2210 0.1444 
          23  1 0.0781 0.0121 0.0547 0.0471 0.0553 0.6315 0.0601 0.0611 
          24  1 0.0930 0.0348 0.0894 0.0880 0.0926 0.4356 0.0808 0.0858 
          25  1 0.1000 0.1270 0.1636 0.1049 0.1402 0.0726 0.1575 0.1341 
          26  1 0.1585 0.0194 0.0976 0.0888 0.0754 0.3462 0.1049 0.1091 
          27  1 0.1277 0.0081 0.0999 0.1153 0.1171 0.3085 0.1032 0.1202 
          28  1 0.0113 0.9304 0.0104 0.0099 0.0103 0.0080 0.0100 0.0097 
          29  1 0.1098 0.0081 0.0674 0.0547 0.0866 0.5328 0.0876 0.0532 
          30  1 0.0093 0.9303 0.0096 0.0097 0.0107 0.0123 0.0086 0.0096 
          31  1 0.1737 0.0206 0.1349 0.1483 0.1639 0.0587 0.1231 0.1768 
          32  1 0.0204 0.8850 0.0178 0.0168 0.0162 0.0066 0.0215 0.0157 
          33  1 0.1386 0.0075 0.2101 0.1075 0.0833 0.0876 0.2733 0.0921 
          34  1 0.0312 0.0049 0.0336 0.0292 0.0423 0.7876 0.0414 0.0298 
          35  1 0.0709 0.0149 0.1977 0.1884 0.2303 0.0098 0.1417 0.1464 
          36  1 0.1114 0.0064 0.0981 0.1009 0.1562 0.3373 0.0763 0.1134 
          37  1 0.0109 0.9208 0.0129 0.0110 0.0106 0.0080 0.0138 0.0120 
          38  1 0.2892 0.0063 0.0671 0.2065 0.1227 0.0083 0.0900 0.2098 
          39  1 0.0127 0.0036 0.0100 0.0105 0.0112 0.9288 0.0130 0.0101 
          40  1 0.1939 0.0092 0.1014 0.0801 0.1178 0.2435 0.1634 0.0907 
          41  1 0.2223 0.0109 0.1258 0.1650 0.1363 0.0628 0.1226 0.1544 
          42  1 0.0054 0.9629 0.0052 0.0055 0.0061 0.0045 0.0047 0.0057 
          43  1 0.1522 0.0915 0.1197 0.1323 0.1295 0.1385 0.0792 0.1570 
          44  1 0.0826 0.0072 0.0767 0.0733 0.0617 0.5735 0.0556 0.0694 
          45  1 0.1573 0.0051 0.1445 0.1589 0.1268 0.0939 0.2153 0.0983 
          46  1 0.0262 0.0067 0.0183 0.0195 0.0190 0.8686 0.0196 0.0222 
          47  1 0.2492 0.0084 0.1216 0.1471 0.1193 0.0167 0.1513 0.1863 
          48  1 0.0147 0.9094 0.0141 0.0134 0.0129 0.0072 0.0148 0.0136 
          49  1 0.0200 0.0042 0.0202 0.0130 0.0135 0.8892 0.0266 0.0132 
          50  1 0.0407 0.0055 0.0537 0.0371 0.0463 0.7448 0.0328 0.0391 
          51  1 0.0300 0.0053 0.0366 0.0285 0.0282 0.8190 0.0279 0.0245 
          52  1 0.0231 0.0104 0.0258 0.0216 0.0257 0.8380 0.0336 0.0218 
          53  1 0.0592 0.4927 0.0857 0.0785 0.0740 0.0384 0.0972 0.0742 
          54  1 0.0270 0.0137 0.0629 0.0352 0.0432 0.7553 0.0286 0.0340 
          55  1 0.2007 0.0093 0.1246 0.1699 0.1667 0.0214 0.1506 0.1567 
          56  1 0.2636 0.0053 0.0997 0.2000 0.1306 0.0163 0.1691 0.1153 
          57  1 0.2539 0.0091 0.1184 0.1862 0.1206 0.0300 0.1098 0.1720 
          58  1 0.0057 0.9594 0.0061 0.0059 0.0062 0.0055 0.0054 0.0059 
          59  1 0.0149 0.8504 0.0201 0.0255 0.0356 0.0091 0.0112 0.0332 
          60  1 0.0530 0.0094 0.0534 0.0313 0.0302 0.7356 0.0556 0.0313 
          61  1 0.0147 0.0048 0.0172 0.0139 0.0136 0.9134 0.0114 0.0110 
          62  1 0.1584 0.0074 0.1532 0.1517 0.1804 0.0950 0.1106 0.1434 
          63  1 0.1970 0.0041 0.1496 0.2061 0.1342 0.0495 0.0811 0.1784 
          64  1 0.0739 0.0189 0.2477 0.0682 0.0339 0.1483 0.3704 0.0387 
          65  1 0.0115 0.9244 0.0114 0.0124 0.0137 0.0055 0.0078 0.0134 
          66  1 0.0171 0.8947 0.0167 0.0159 0.0160 0.0088 0.0142 0.0166 
          67  1 0.0261 0.8104 0.0235 0.0205 0.0278 0.0496 0.0171 0.0250 
          68  1 0.1189 0.0193 0.1496 0.0973 0.0807 0.3136 0.1382 0.0823 
          69  1 0.3100 0.0057 0.0668 0.1964 0.1043 0.0192 0.1117 0.1859 
          70  1 0.1607 0.0047 0.1162 0.1424 0.1385 0.1311 0.1660 0.1403 
          71  1 0.0727 0.0060 0.2095 0.1786 0.2307 0.0174 0.1319 0.1532 
          72  1 0.2838 0.0188 0.1036 0.1578 0.0968 0.0261 0.1062 0.2069 
          73  1 0.0085 0.9357 0.0087 0.0101 0.0100 0.0096 0.0081 0.0093 
          74  1 0.1415 0.0297 0.1981 0.1079 0.0755 0.0145 0.3469 0.0860 
          75  1 0.0460 0.0042 0.0317 0.0361 0.0445 0.7572 0.0444 0.0360 
          76  1 0.0057 0.9572 0.0060 0.0063 0.0060 0.0070 0.0054 0.0063 
          77  1 0.0087 0.9449 0.0084 0.0079 0.0085 0.0058 0.0076 0.0083 
          78  1 0.0187 0.0140 0.0208 0.0182 0.0188 0.8744 0.0147 0.0204 
          79  1 0.0105 0.9219 0.0097 0.0101 0.0104 0.0195 0.0075 0.0104 
          80  1 0.0604 0.0342 0.1706 0.0495 0.0346 0.3942 0.2174 0.0391 
          81  1 0.3198 0.0041 0.0638 0.2041 0.0931 0.0139 0.0923 0.2090 
          82  1 0.0372 0.0041 0.0392 0.0286 0.0311 0.7964 0.0330 0.0304 
          83  1 0.0421 0.0133 0.0882 0.0463 0.0615 0.6450 0.0483 0.0552 
          84  1 0.0079 0.9487 0.0074 0.0080 0.0080 0.0049 0.0079 0.0071 
          85  1 0.1430 0.1956 0.0959 0.1300 0.1565 0.0397 0.0697 0.1695 
          86  1 0.2250 0.0108 0.0980 0.1139 0.1809 0.0652 0.1214 0.1848 
          87  1 0.2242 0.0062 0.1280 0.1824 0.1504 0.0154 0.0761 0.2172 
          88  1 0.1343 0.0169 0.1272 0.1513 0.1866 0.1464 0.0806 0.1568 
          89  1 0.1287 0.0125 0.1730 0.1832 0.2085 0.0273 0.1095 0.1574 
          90  1 0.1293 0.0089 0.2059 0.1260 0.0866 0.0720 0.2702 0.1010 
          91  1 0.2206 0.0129 0.1146 0.1768 0.1609 0.0307 0.0949 0.1886 
          92  1 0.1557 0.0082 0.0653 0.1429 0.1510 0.2284 0.0805 0.1681 
          93  1 0.2893 0.0052 0.0868 0.1973 0.1255 0.0094 0.1073 0.1792 
          94  1 0.0625 0.0062 0.2406 0.0918 0.0441 0.0101 0.5047 0.0399 
          95  1 0.1819 0.0139 0.1254 0.1325 0.2087 0.0474 0.0933 0.1969 
          96  1 0.0326 0.0435 0.0221 0.0279 0.0240 0.8025 0.0222 0.0253 
          97  1 0.1071 0.0124 0.0783 0.0570 0.0813 0.5062 0.0862 0.0717 
          98  1 0.0203 0.8740 0.0182 0.0175 0.0201 0.0150 0.0155 0.0193 
          99  1 0.0887 0.0208 0.2677 0.0753 0.0486 0.0151 0.4237 0.0600 
         100  1 0.1113 0.0373 0.1792 0.1696 0.2045 0.0202 0.1255 0.1525 
         101  1 0.2592 0.0105 0.1011 0.2041 0.1420 0.0069 0.1422 0.1340 
         102  1 0.0663 0.0045 0.0339 0.0413 0.0337 0.7389 0.0377 0.0437 
         103  1 0.1404 0.0312 0.1600 0.1246 0.2016 0.0712 0.1265 0.1444 
         104  1 0.0633 0.0262 0.2096 0.1878 0.2251 0.0105 0.1400 0.1376 
         105  1 0.2115 0.0126 0.1539 0.1615 0.1348 0.0157 0.1499 0.1602 
         106  1 0.0173 0.8897 0.0162 0.0154 0.0153 0.0129 0.0189 0.0142 
         107  1 0.1344 0.0612 0.1350 0.0788 0.1032 0.2428 0.1606 0.0840 
         108  1 0.1106 0.0056 0.2258 0.1010 0.0719 0.0131 0.4042 0.0677 
         109  1 0.0727 0.0153 0.0613 0.0779 0.0672 0.5856 0.0454 0.0744 
         110  1 0.2235 0.0061 0.0675 0.1965 0.1607 0.0314 0.0762 0.2381 
         111  1 0.0968 0.4213 0.0718 0.0874 0.0978 0.0325 0.0644 0.1280 
         112  1 0.3079 0.0058 0.0950 0.1585 0.0808 0.0289 0.1500 0.1731 
         113  1 0.1586 0.0139 0.1362 0.1856 0.1927 0.0194 0.0789 0.2148 
         114  1 0.1087 0.0652 0.1093 0.0924 0.1039 0.3143 0.0988 0.1075 
         115  1 0.2011 0.0069 0.1705 0.1674 0.1210 0.0187 0.1598 0.1545 
         116  1 0.1346 0.0060 0.1453 0.2312 0.2048 0.0151 0.0466 0.2163 
         117  1 0.1295 0.0038 0.1939 0.0999 0.0600 0.0128 0.4330 0.0670 
         118  1 0.1805 0.0122 0.1401 0.1224 0.2046 0.0152 0.1503 0.1747 
         119  1 0.1910 0.0056 0.1258 0.2139 0.1677 0.0118 0.0785 0.2057 
         120  1 0.1389 0.0198 0.1468 0.2208 0.1838 0.0078 0.0585 0.2236 
         121  1 0.2256 0.0096 0.1388 0.1635 0.1114 0.0133 0.1997 0.1381 
         122  1 0.1741 0.0079 0.1697 0.1686 0.1772 0.0249 0.1051 0.1722 
         123  1 0.1873 0.0086 0.1612 0.1756 0.1609 0.0370 0.0801 0.1894 
         124  1 0.1036 0.0234 0.1389 0.2052 0.2358 0.0099 0.0658 0.2173 
         125  1 0.1510 0.0059 0.1689 0.1322 0.0974 0.0109 0.3313 0.1025 
         126  1 0.2107 0.0067 0.1387 0.1569 0.1093 0.0072 0.2781 0.0924 
         127  1 0.0742 0.0037 0.2343 0.0973 0.0421 0.0075 0.4915 0.0495 
         128  1 0.2560 0.0107 0.1091 0.1398 0.1858 0.0272 0.1490 0.1224 
         129  1 0.2323 0.0072 0.1189 0.1448 0.1407 0.0422 0.0977 0.2162 
         130  1 0.1388 0.0100 0.1712 0.1481 0.1103 0.0560 0.2517 0.1139 
         131  1 0.1287 0.0066 0.1440 0.1481 0.1190 0.1448 0.1774 0.1314 
         132  1 0.0739 0.0144 0.2627 0.0864 0.0503 0.0162 0.4358 0.0602 
         133  1 0.1447 0.0081 0.1290 0.2039 0.2114 0.0104 0.0756 0.2168 
         134  1 0.1655 0.0130 0.1277 0.1962 0.1850 0.0205 0.0634 0.2287 
         135  1 0.1894 0.0056 0.1504 0.1820 0.1684 0.0353 0.0866 0.1823 
         136  1 0.1667 0.0060 0.1550 0.2097 0.1358 0.0407 0.1020 0.1841 
         137  1 0.0332 0.0107 0.1354 0.1987 0.3529 0.0090 0.0242 0.2358 
         138  1 0.1410 0.0077 0.1237 0.1069 0.1228 0.2650 0.1175 0.1155 
         139  1 0.0941 0.0055 0.2281 0.1056 0.0548 0.0078 0.4289 0.0751 
         140  1 0.1404 0.0047 0.1327 0.2024 0.2174 0.0308 0.0714 0.2003 
         141  1 0.1643 0.0078 0.1599 0.1689 0.1382 0.0219 0.1741 0.1649 
         142  1 0.2383 0.0076 0.1480 0.1651 0.1172 0.0153 0.1680 0.1405 
         143  1 0.2040 0.0243 0.1569 0.1617 0.1277 0.0228 0.1546 0.1480 
         144  1 0.1396 0.0043 0.1655 0.1349 0.1067 0.0353 0.2907 0.1229 
         145  1 0.1858 0.0052 0.1411 0.1913 0.1449 0.0203 0.1594 0.1521 
         146  1 0.1790 0.0059 0.1023 0.1039 0.1146 0.2440 0.1226 0.1277 
         147  1 0.2186 0.0068 0.1580 0.2130 0.1261 0.0137 0.0880 0.1757 
         148  1 0.1915 0.0080 0.1688 0.1744 0.1519 0.0203 0.1148 0.1703 
         149  1 0.0880 0.0037 0.2140 0.1055 0.0537 0.0085 0.4667 0.0600 
         150  1 0.1326 0.0120 0.1598 0.1826 0.1343 0.0971 0.1105 0.1710 
         151  1 0.1421 0.0099 0.1424 0.1999 0.1755 0.0689 0.0655 0.1958 
         152  1 0.2772 0.0038 0.0944 0.1721 0.1151 0.0278 0.1224 0.1872 
         153  1 0.1673 0.0140 0.1348 0.1553 0.1874 0.0435 0.0714 0.2263 
         154  1 0.1511 0.0120 0.1171 0.1913 0.2247 0.0133 0.0554 0.2350 
         155  1 0.1622 0.0578 0.1161 0.1951 0.1847 0.0125 0.0475 0.2242 
         156  1 0.1433 0.0069 0.1377 0.2417 0.2008 0.0122 0.0558 0.2017 
         157  1 0.1574 0.0102 0.1479 0.1894 0.1437 0.0084 0.1647 0.1783 
         158  1 0.1635 0.0723 0.1289 0.1204 0.1806 0.0409 0.1180 0.1754 
         159  1 0.1566 0.0683 0.1269 0.1138 0.2112 0.0421 0.1337 0.1472 
         160  1 0.1827 0.0280 0.1387 0.1289 0.1857 0.0539 0.1381 0.1439 
         161  1 0.0270 0.0074 0.1331 0.1917 0.3682 0.0181 0.0168 0.2377 
         162  1 0.0572 0.0055 0.1325 0.1841 0.3370 0.0148 0.0237 0.2452 
         163  1 0.0203 0.0067 0.1381 0.1934 0.3733 0.0073 0.0157 0.2452 
         164  1 0.1404 0.0222 0.1661 0.1771 0.1347 0.1183 0.0889 0.1522 
         165  1 0.1459 0.0233 0.1478 0.1843 0.1760 0.0880 0.0673 0.1674 
         166  1 0.1572 0.0047 0.1281 0.1538 0.1847 0.1042 0.1019 0.1654 
         167  1 0.1618 0.0096 0.1599 0.2086 0.1822 0.0149 0.0703 0.1928 
         168  1 0.0616 0.0053 0.1413 0.1905 0.3236 0.0125 0.0382 0.2269 
         169  1 0.0500 0.0418 0.1007 0.1492 0.2432 0.2114 0.0259 0.1777 
         170  1 0.1694 0.0050 0.1481 0.1771 0.1479 0.0973 0.0943 0.1610 
         171  1 0.0471 0.0056 0.1304 0.1993 0.3442 0.0083 0.0163 0.2487 
         172  1 0.1747 0.0081 0.1468 0.2244 0.1492 0.0204 0.0678 0.2084 
