           1  1 0.3923 0.0494 0.0915 0.0858 0.0823 0.0572 0.0628 0.0639 0.1148 
           2  1 0.2705 0.0834 0.0841 0.1010 0.0885 0.1188 0.0770 0.0597 0.1170 
           3  1 0.0061 0.0480 0.0847 0.1722 0.0905 0.0607 0.1049 0.0620 0.3710 
           4  1 0.0151 0.0460 0.0608 0.1832 0.0844 0.0654 0.0995 0.0439 0.4019 
           5  1 0.0319 0.0420 0.0568 0.1736 0.0805 0.0706 0.1026 0.0374 0.4047 
           6  1 0.0352 0.0684 0.0405 0.1640 0.0816 0.1255 0.1017 0.0532 0.3299 
           7  1 0.0095 0.0534 0.0532 0.1808 0.0830 0.0656 0.1093 0.0481 0.3972 
           8  1 0.0065 0.0491 0.1607 0.1452 0.2500 0.0310 0.0991 0.0159 0.2424 
           9  1 0.0891 0.0437 0.0986 0.1259 0.1000 0.0760 0.1004 0.0621 0.3042 
          10  1 0.0192 0.0858 0.0746 0.1617 0.1024 0.1593 0.1211 0.0566 0.2191 
          11  1 0.0368 0.0476 0.1682 0.1128 0.2137 0.0627 0.0979 0.0253 0.2350 
          12  1 0.0296 0.0360 0.1916 0.1183 0.2072 0.0392 0.0881 0.0537 0.2362 
          13  1 0.1675 0.0469 0.1340 0.1192 0.1319 0.0854 0.0737 0.0398 0.2016 
          14  1 0.0093 0.0908 0.0887 0.1810 0.1357 0.1116 0.1469 0.1035 0.1324 
          15  1 0.0239 0.0491 0.1535 0.1409 0.1246 0.0615 0.0949 0.1392 0.2124 
          16  1 0.9402 0.0072 0.0072 0.0078 0.0073 0.0079 0.0074 0.0072 0.0078 
          17  1 0.0083 0.0119 0.3622 0.0126 0.0167 0.0146 0.0149 0.5063 0.0525 
          18  1 0.9621 0.0049 0.0043 0.0049 0.0049 0.0049 0.0046 0.0040 0.0054 
          19  1 0.0091 0.0336 0.3142 0.0343 0.0504 0.0308 0.0344 0.4106 0.0825 
          20  1 0.9470 0.0073 0.0056 0.0068 0.0074 0.0074 0.0067 0.0053 0.0064 
          21  1 0.8930 0.0171 0.0121 0.0120 0.0129 0.0140 0.0146 0.0140 0.0104 
          22  1 0.0133 0.1294 0.0950 0.1457 0.1503 0.1736 0.1172 0.0543 0.1212 
          23  1 0.0121 0.0517 0.2493 0.0477 0.1092 0.0771 0.0523 0.3285 0.0721 
          24  1 0.0299 0.0789 0.1897 0.0894 0.0923 0.1284 0.0692 0.2328 0.0894 
          25  1 0.1139 0.0844 0.1017 0.0844 0.1028 0.2126 0.0958 0.0783 0.1261 
          26  1 0.0199 0.0867 0.1710 0.1235 0.1030 0.1090 0.0867 0.2112 0.0891 
          27  1 0.0077 0.1188 0.1731 0.0908 0.1167 0.1406 0.0988 0.1838 0.0696 
          28  1 0.9173 0.0103 0.0097 0.0113 0.0104 0.0112 0.0106 0.0096 0.0096 
          29  1 0.0073 0.1163 0.2437 0.0602 0.1158 0.0532 0.0796 0.2655 0.0583 
          30  1 0.9206 0.0084 0.0101 0.0097 0.0086 0.0110 0.0093 0.0104 0.0119 
          31  1 0.0202 0.1270 0.0895 0.1147 0.1102 0.2191 0.1102 0.0795 0.1297 
          32  1 0.8718 0.0160 0.0127 0.0183 0.0183 0.0178 0.0159 0.0094 0.0198 
          33  1 0.0069 0.0880 0.1326 0.1301 0.1544 0.0930 0.1033 0.0952 0.1965 
          34  1 0.0048 0.0488 0.3006 0.0281 0.0817 0.0391 0.0477 0.3916 0.0576 
          35  1 0.0147 0.0358 0.0314 0.2020 0.1266 0.0992 0.1148 0.0363 0.3391 
          36  1 0.0063 0.1635 0.1847 0.0806 0.1064 0.1052 0.1111 0.1773 0.0650 
          37  1 0.9072 0.0101 0.0119 0.0133 0.0120 0.0121 0.0112 0.0092 0.0131 
          38  1 0.0065 0.1222 0.0842 0.1962 0.1434 0.1275 0.1794 0.0594 0.0812 
          39  1 0.0033 0.0100 0.3647 0.0099 0.0124 0.0096 0.0105 0.5288 0.0510 
          40  1 0.0086 0.1341 0.1473 0.0888 0.1191 0.1733 0.0802 0.1623 0.0864 
          41  1 0.0097 0.1062 0.0982 0.1656 0.1224 0.1504 0.1336 0.1037 0.1103 
          42  1 0.9570 0.0061 0.0045 0.0055 0.0054 0.0055 0.0054 0.0051 0.0054 
          43  1 0.0665 0.1040 0.1076 0.0945 0.1161 0.1743 0.1103 0.1422 0.0846 
          44  1 0.0069 0.0560 0.2540 0.0722 0.0554 0.0570 0.0614 0.3592 0.0780 
          45  1 0.0049 0.0812 0.1291 0.1551 0.1421 0.0838 0.1272 0.1008 0.1758 
          46  1 0.0066 0.0229 0.3374 0.0231 0.0232 0.0342 0.0227 0.4774 0.0525 
          47  1 0.0085 0.1288 0.0879 0.1342 0.0985 0.3135 0.1107 0.0524 0.0655 
          48  1 0.8990 0.0133 0.0112 0.0137 0.0129 0.0141 0.0135 0.0093 0.0131 
          49  1 0.0043 0.0166 0.3168 0.0135 0.0745 0.0199 0.0196 0.4793 0.0556 
          50  1 0.0058 0.0325 0.2930 0.0340 0.0448 0.0366 0.0532 0.4012 0.0989 
          51  1 0.0052 0.0202 0.3301 0.0299 0.0245 0.0357 0.0293 0.4653 0.0598 
          52  1 0.0104 0.0256 0.2974 0.0194 0.0827 0.0289 0.0246 0.4548 0.0561 
          53  1 0.4759 0.0618 0.0554 0.0650 0.0712 0.0949 0.0666 0.0440 0.0651 
          54  1 0.0126 0.0223 0.2853 0.0296 0.0446 0.0335 0.0487 0.4342 0.0891 
          55  1 0.0084 0.1055 0.0697 0.1560 0.1051 0.2406 0.1237 0.0546 0.1363 
          56  1 0.0053 0.0768 0.0657 0.2130 0.1531 0.1231 0.1583 0.0437 0.1609 
          57  1 0.0088 0.1225 0.0859 0.1691 0.1420 0.1367 0.1685 0.0884 0.0781 
          58  1 0.9544 0.0060 0.0053 0.0059 0.0053 0.0059 0.0059 0.0054 0.0058 
          59  1 0.8267 0.0474 0.0130 0.0109 0.0159 0.0321 0.0334 0.0107 0.0099 
          60  1 0.0097 0.0378 0.2810 0.0458 0.0526 0.0503 0.0449 0.4007 0.0772 
          61  1 0.0044 0.0117 0.3532 0.0169 0.0169 0.0122 0.0148 0.5170 0.0530 
          62  1 0.0072 0.0834 0.0930 0.1484 0.1102 0.1424 0.1160 0.1034 0.1960 
          63  1 0.0042 0.1584 0.0963 0.1535 0.1300 0.1028 0.1623 0.1232 0.0694 
          64  1 0.0198 0.0494 0.1868 0.1000 0.1875 0.0512 0.0774 0.1160 0.2119 
          65  1 0.9134 0.0115 0.0090 0.0109 0.0101 0.0157 0.0109 0.0083 0.0100 
          66  1 0.8769 0.0178 0.0132 0.0153 0.0162 0.0183 0.0168 0.0117 0.0138 
          67  1 0.7889 0.0176 0.0344 0.0230 0.0192 0.0384 0.0178 0.0350 0.0258 
          68  1 0.0195 0.0603 0.1793 0.1070 0.0963 0.1072 0.0817 0.2123 0.1364 
          69  1 0.0058 0.1012 0.0781 0.2077 0.1522 0.1067 0.1763 0.0722 0.0998 
          70  1 0.0046 0.1481 0.1259 0.1150 0.1356 0.1482 0.1223 0.1134 0.0869 
          71  1 0.0076 0.0564 0.0376 0.1999 0.1235 0.0863 0.1031 0.0516 0.3340 
          72  1 0.0184 0.1075 0.1010 0.1916 0.1306 0.1371 0.1430 0.0725 0.0981 
          73  1 0.9268 0.0080 0.0085 0.0100 0.0078 0.0097 0.0089 0.0091 0.0111 
          74  1 0.0271 0.0885 0.1337 0.1456 0.1915 0.1072 0.1118 0.0422 0.1524 
          75  1 0.0044 0.0657 0.2990 0.0349 0.0632 0.0566 0.0513 0.3673 0.0576 
          76  1 0.9509 0.0064 0.0061 0.0062 0.0057 0.0069 0.0059 0.0067 0.0053 
          77  1 0.9361 0.0076 0.0071 0.0084 0.0086 0.0088 0.0086 0.0071 0.0078 
          78  1 0.0142 0.0158 0.3284 0.0207 0.0296 0.0284 0.0222 0.4847 0.0559 
          79  1 0.9102 0.0110 0.0125 0.0100 0.0106 0.0116 0.0098 0.0152 0.0090 
          80  1 0.0322 0.0327 0.2112 0.0751 0.1404 0.0635 0.0539 0.2352 0.1558 
          81  1 0.0041 0.1212 0.0827 0.2043 0.1483 0.1133 0.1861 0.0672 0.0728 
          82  1 0.0039 0.0316 0.3087 0.0357 0.0618 0.0373 0.0342 0.4158 0.0709 
          83  1 0.0132 0.0316 0.2477 0.0357 0.0544 0.0605 0.0516 0.3854 0.1199 
          84  1 0.9402 0.0072 0.0070 0.0084 0.0076 0.0082 0.0073 0.0057 0.0084 
          85  1 0.1663 0.1226 0.0788 0.1030 0.0804 0.2083 0.1024 0.0748 0.0633 
          86  1 0.0108 0.1710 0.1133 0.1072 0.1159 0.2092 0.1203 0.0804 0.0719 
          87  1 0.0061 0.2287 0.0851 0.1425 0.1206 0.1196 0.1880 0.0650 0.0445 
          88  1 0.0154 0.1380 0.1110 0.0888 0.1297 0.1676 0.1268 0.1514 0.0712 
          89  1 0.0129 0.1367 0.0637 0.1514 0.1372 0.1156 0.1540 0.0658 0.1626 
          90  1 0.0088 0.0881 0.1435 0.1393 0.1614 0.0934 0.1141 0.0887 0.1627 
          91  1 0.0126 0.1627 0.0949 0.1417 0.1205 0.1706 0.1588 0.0794 0.0587 
          92  1 0.0075 0.1324 0.1790 0.1173 0.1250 0.1150 0.1277 0.1532 0.0429 
          93  1 0.0051 0.0748 0.0601 0.2237 0.1544 0.1147 0.1887 0.0417 0.1369 
          94  1 0.0059 0.0402 0.1803 0.1357 0.2596 0.0173 0.0932 0.0121 0.2557 
          95  1 0.0124 0.1906 0.0850 0.1007 0.0848 0.2727 0.1265 0.0733 0.0540 
          96  1 0.0426 0.0301 0.2997 0.0251 0.0534 0.0370 0.0311 0.4305 0.0505 
          97  1 0.0111 0.0794 0.1972 0.0775 0.0952 0.0935 0.0660 0.2831 0.0971 
          98  1 0.8533 0.0198 0.0164 0.0182 0.0190 0.0222 0.0172 0.0175 0.0163 
          99  1 0.0257 0.0552 0.1610 0.1189 0.2204 0.0780 0.0932 0.0264 0.2211 
         100  1 0.0345 0.0872 0.0546 0.1653 0.1082 0.1357 0.1104 0.0679 0.2362 
         101  1 0.0093 0.0766 0.0563 0.2070 0.1402 0.1350 0.1647 0.0371 0.1738 
         102  1 0.0048 0.0382 0.2987 0.0508 0.0472 0.0393 0.0467 0.4086 0.0658 
         103  1 0.0287 0.0882 0.0865 0.1209 0.0870 0.2129 0.1147 0.0866 0.1744 
         104  1 0.0262 0.0295 0.0312 0.2001 0.1242 0.0855 0.1057 0.0340 0.3635 
         105  1 0.0102 0.1050 0.0758 0.1817 0.1257 0.1361 0.1422 0.0682 0.1552 
         106  1 0.8716 0.0128 0.0134 0.0177 0.0162 0.0174 0.0150 0.0146 0.0213 
         107  1 0.0591 0.0763 0.1493 0.0921 0.1318 0.1408 0.0690 0.1632 0.1184 
         108  1 0.0062 0.0621 0.1375 0.1412 0.2091 0.1138 0.0976 0.0268 0.2057 
         109  1 0.0144 0.0587 0.2259 0.0588 0.0940 0.0766 0.0632 0.3404 0.0680 
         110  1 0.0063 0.1481 0.1015 0.1696 0.1287 0.1197 0.2042 0.0701 0.0518 
         111  1 0.4088 0.1042 0.0592 0.0791 0.0610 0.1259 0.0762 0.0387 0.0467 
         112  1 0.0059 0.1146 0.0929 0.1919 0.1462 0.1399 0.1409 0.0651 0.1026 
         113  1 0.0144 0.2176 0.0686 0.1036 0.1022 0.1841 0.1610 0.0733 0.0753 
         114  1 0.0573 0.0873 0.1592 0.1093 0.0848 0.1278 0.0784 0.1933 0.1025 
         115  1 0.0066 0.1357 0.0835 0.1741 0.1495 0.0921 0.1476 0.0752 0.1356 
         116  1 0.0056 0.2292 0.0856 0.1077 0.1413 0.0689 0.2036 0.1263 0.0317 
         117  1 0.0037 0.0504 0.1615 0.1339 0.2272 0.0706 0.1220 0.0267 0.2040 
         118  1 0.0110 0.0943 0.0671 0.1220 0.0746 0.3379 0.0944 0.0528 0.1459 
         119  1 0.0059 0.2010 0.0671 0.1389 0.1287 0.1016 0.1918 0.0852 0.0798 
         120  1 0.0200 0.1913 0.0795 0.1387 0.1312 0.0881 0.1716 0.1334 0.0461 
         121  1 0.0084 0.1154 0.0858 0.1889 0.1525 0.1162 0.1375 0.0552 0.1401 
         122  1 0.0075 0.1857 0.0746 0.1476 0.1265 0.1172 0.1742 0.0855 0.0812 
         123  1 0.0079 0.2156 0.0793 0.1411 0.1235 0.1049 0.1625 0.1036 0.0615 
         124  1 0.0241 0.2507 0.0634 0.0971 0.0967 0.1565 0.1728 0.0659 0.0727 
         125  1 0.0063 0.0910 0.1228 0.1496 0.1985 0.1060 0.1186 0.0401 0.1671 
         126  1 0.0064 0.0914 0.0782 0.1863 0.1785 0.0949 0.1517 0.0341 0.1784 
         127  1 0.0035 0.0405 0.1790 0.1419 0.2672 0.0146 0.1096 0.0201 0.2236 
         128  1 0.0094 0.1683 0.0817 0.0873 0.1192 0.2889 0.1052 0.0742 0.0658 
         129  1 0.0075 0.1777 0.0904 0.1598 0.1231 0.1123 0.1612 0.0804 0.0876 
         130  1 0.0099 0.1073 0.1237 0.1434 0.1710 0.1105 0.1223 0.0806 0.1315 
         131  1 0.0061 0.0914 0.1563 0.1111 0.1364 0.1334 0.1119 0.1596 0.0939 
         132  1 0.0130 0.0479 0.1687 0.1221 0.2361 0.0614 0.0937 0.0218 0.2353 
         133  1 0.0078 0.1933 0.0714 0.0971 0.1140 0.2069 0.1580 0.0983 0.0531 
         134  1 0.0117 0.1612 0.0733 0.1367 0.1231 0.1420 0.1525 0.1377 0.0617 
         135  1 0.0056 0.2080 0.0790 0.1361 0.1245 0.1102 0.1809 0.0897 0.0659 
         136  1 0.0061 0.1585 0.1043 0.1462 0.1445 0.0823 0.1567 0.1411 0.0603 
         137  1 0.0105 0.4099 0.0523 0.0224 0.0901 0.1167 0.2626 0.0218 0.0137 
         138  1 0.0075 0.1216 0.1569 0.0971 0.1156 0.1413 0.1074 0.1697 0.0829 
         139  1 0.0058 0.0624 0.1516 0.1510 0.2460 0.0332 0.1232 0.0281 0.1989 
         140  1 0.0053 0.2572 0.0736 0.0909 0.1248 0.0969 0.2025 0.1103 0.0385 
         141  1 0.0075 0.1597 0.0909 0.1325 0.1584 0.1132 0.1456 0.0910 0.1011 
         142  1 0.0076 0.1323 0.0792 0.1811 0.1473 0.1097 0.1542 0.0627 0.1259 
         143  1 0.0229 0.1075 0.0727 0.1555 0.1271 0.1345 0.1383 0.0599 0.1816 
         144  1 0.0043 0.1093 0.1210 0.1407 0.1940 0.0798 0.1274 0.0807 0.1428 
         145  1 0.0049 0.1283 0.0987 0.1656 0.1461 0.1014 0.1426 0.1020 0.1104 
         146  1 0.0057 0.1427 0.1659 0.1363 0.1088 0.0985 0.1077 0.1604 0.0739 
         147  1 0.0067 0.1850 0.0807 0.1596 0.1340 0.0937 0.1840 0.0947 0.0617 
         148  1 0.0099 0.1933 0.0792 0.1437 0.1505 0.0935 0.1665 0.0942 0.0692 
         149  1 0.0035 0.0516 0.1654 0.1463 0.2329 0.0324 0.1239 0.0271 0.2169 
         150  1 0.0122 0.1259 0.1221 0.1400 0.1174 0.1031 0.1391 0.1378 0.1024 
         151  1 0.0103 0.1771 0.0908 0.1211 0.1216 0.1221 0.1673 0.1376 0.0521 
         152  1 0.0043 0.1689 0.0920 0.1593 0.1435 0.1226 0.1669 0.0687 0.0736 
         153  1 0.0119 0.2557 0.0805 0.1069 0.1023 0.1265 0.1819 0.0701 0.0642 
         154  1 0.0119 0.2975 0.0715 0.0871 0.1105 0.1334 0.1898 0.0509 0.0473 
         155  1 0.0450 0.1618 0.0689 0.1102 0.1129 0.2221 0.1336 0.0946 0.0509 
         156  1 0.0069 0.2425 0.0766 0.1182 0.1358 0.0660 0.2018 0.1238 0.0285 
         157  1 0.0109 0.1642 0.0959 0.1471 0.1477 0.0831 0.1693 0.0952 0.0866 
         158  1 0.0638 0.1329 0.0862 0.1119 0.0888 0.2477 0.0967 0.0714 0.1006 
         159  1 0.0600 0.1830 0.1080 0.1223 0.1189 0.1486 0.1113 0.0882 0.0598 
         160  1 0.0249 0.1902 0.1179 0.1282 0.1150 0.1509 0.1188 0.0933 0.0608 
         161  1 0.0068 0.4195 0.0584 0.0181 0.0810 0.1186 0.2655 0.0169 0.0153 
         162  1 0.0058 0.3821 0.0690 0.0389 0.0842 0.1258 0.2472 0.0258 0.0212 
         163  1 0.0070 0.4284 0.0546 0.0166 0.0875 0.1111 0.2716 0.0122 0.0111 
         164  1 0.0210 0.1376 0.1134 0.1286 0.1225 0.0949 0.1345 0.1514 0.0960 
         165  1 0.0214 0.1941 0.0912 0.1138 0.1298 0.1138 0.1604 0.1317 0.0438 
         166  1 0.0047 0.1542 0.1020 0.1162 0.0938 0.1732 0.1291 0.1108 0.1161 
         167  1 0.0103 0.2053 0.0801 0.1400 0.1324 0.0812 0.1881 0.1036 0.0590 
         168  1 0.0056 0.3597 0.0619 0.0431 0.1011 0.1309 0.2422 0.0288 0.0266 
         169  1 0.0380 0.2390 0.1257 0.0439 0.0908 0.1428 0.1664 0.1196 0.0337 
         170  1 0.0049 0.1674 0.1011 0.1233 0.1342 0.0933 0.1629 0.1379 0.0751 
         171  1 0.0051 0.4073 0.0604 0.0274 0.0875 0.1155 0.2613 0.0192 0.0163 
         172  1 0.0084 0.1794 0.0890 0.1386 0.1393 0.0828 0.1799 0.1260 0.0566 
