           1  1 0.1992 0.0851 0.4326 0.1158 0.0676 0.0997 
           2  1 0.2617 0.0908 0.3304 0.0843 0.0848 0.1480 
           3  1 0.0850 0.2920 0.0065 0.0636 0.0511 0.5018 
           4  1 0.0351 0.3215 0.0185 0.0226 0.0567 0.5456 
           5  1 0.0483 0.3078 0.0433 0.0174 0.0487 0.5344 
           6  1 0.0218 0.3418 0.0261 0.0071 0.0598 0.5434 
           7  1 0.0312 0.3252 0.0105 0.0164 0.0566 0.5602 
           8  1 0.8130 0.0522 0.0067 0.0118 0.0307 0.0857 
           9  1 0.2115 0.1801 0.1354 0.0734 0.0425 0.3571 
          10  1 0.1233 0.2894 0.0158 0.0275 0.0833 0.4607 
          11  1 0.7990 0.0411 0.0390 0.0216 0.0270 0.0723 
          12  1 0.7808 0.0254 0.0274 0.0983 0.0170 0.0510 
          13  1 0.5136 0.0759 0.1950 0.0494 0.0437 0.1225 
          14  1 0.0971 0.2636 0.0098 0.0723 0.2097 0.3475 
          15  1 0.3144 0.1803 0.0233 0.1718 0.0612 0.2491 
          16  1 0.0069 0.0079 0.9621 0.0077 0.0070 0.0083 
          17  1 0.0176 0.0098 0.0071 0.9453 0.0101 0.0101 
          18  1 0.0062 0.0050 0.9745 0.0039 0.0048 0.0055 
          19  1 0.0635 0.0151 0.0085 0.8773 0.0174 0.0181 
          20  1 0.0066 0.0076 0.9653 0.0052 0.0076 0.0077 
          21  1 0.0085 0.0168 0.9301 0.0157 0.0182 0.0109 
          22  1 0.3726 0.1096 0.0153 0.0161 0.2425 0.2439 
          23  1 0.0204 0.0327 0.0127 0.8540 0.0428 0.0373 
          24  1 0.0283 0.1040 0.0361 0.6184 0.0909 0.1224 
          25  1 0.3099 0.1396 0.1791 0.1339 0.0826 0.1549 
          26  1 0.0560 0.0855 0.0206 0.4862 0.1674 0.1843 
          27  1 0.1160 0.1149 0.0086 0.4892 0.1754 0.0959 
          28  1 0.0103 0.0096 0.9489 0.0091 0.0109 0.0113 
          29  1 0.0225 0.0412 0.0085 0.8168 0.0676 0.0433 
          30  1 0.0069 0.0115 0.9467 0.0120 0.0098 0.0130 
          31  1 0.0767 0.2038 0.0305 0.1297 0.2223 0.3370 
          32  1 0.0204 0.0172 0.9189 0.0082 0.0164 0.0188 
          33  1 0.5484 0.0865 0.0079 0.1315 0.0805 0.1451 
          34  1 0.0129 0.0290 0.0047 0.9030 0.0318 0.0186 
          35  1 0.0149 0.3455 0.0162 0.0109 0.1059 0.5067 
          36  1 0.0174 0.1247 0.0070 0.5431 0.1985 0.1093 
          37  1 0.0134 0.0121 0.9413 0.0100 0.0099 0.0133 
          38  1 0.0408 0.1657 0.0075 0.0122 0.4466 0.3273 
          39  1 0.0123 0.0121 0.0038 0.9434 0.0125 0.0158 
          40  1 0.1143 0.0577 0.0106 0.4512 0.1522 0.2140 
          41  1 0.1709 0.2266 0.0113 0.0778 0.2087 0.3046 
          42  1 0.0045 0.0064 0.9727 0.0047 0.0064 0.0054 
          43  1 0.0655 0.1995 0.1128 0.2798 0.1987 0.1437 
          44  1 0.0705 0.0883 0.0081 0.6183 0.0987 0.1161 
          45  1 0.3991 0.1769 0.0052 0.0978 0.0842 0.2367 
          46  1 0.0104 0.0127 0.0075 0.9178 0.0238 0.0278 
          47  1 0.1147 0.1699 0.0103 0.0321 0.3473 0.3257 
          48  1 0.0176 0.0129 0.9312 0.0074 0.0158 0.0150 
          49  1 0.0087 0.0119 0.0044 0.9533 0.0102 0.0116 
          50  1 0.0176 0.0445 0.0061 0.8240 0.0272 0.0806 
          51  1 0.0288 0.0294 0.0052 0.8655 0.0162 0.0548 
          52  1 0.0084 0.0172 0.0108 0.9334 0.0177 0.0126 
          53  1 0.2041 0.0778 0.5282 0.0564 0.0684 0.0651 
          54  1 0.0308 0.0390 0.0141 0.8365 0.0184 0.0611 
          55  1 0.1779 0.2474 0.0106 0.0272 0.1528 0.3841 
          56  1 0.2185 0.2149 0.0057 0.0195 0.1844 0.3570 
          57  1 0.0611 0.2404 0.0092 0.0459 0.3556 0.2879 
          58  1 0.0053 0.0070 0.9703 0.0054 0.0063 0.0058 
          59  1 0.0088 0.0385 0.8844 0.0108 0.0455 0.0120 
          60  1 0.0460 0.0198 0.0090 0.8553 0.0265 0.0435 
          61  1 0.0128 0.0153 0.0049 0.9360 0.0129 0.0181 
          62  1 0.0418 0.2657 0.0074 0.1283 0.1376 0.4193 
          63  1 0.0846 0.3295 0.0044 0.0680 0.3347 0.1788 
          64  1 0.6853 0.0190 0.0234 0.2154 0.0191 0.0378 
          65  1 0.0067 0.0137 0.9529 0.0055 0.0101 0.0112 
          66  1 0.0151 0.0173 0.9249 0.0098 0.0180 0.0149 
          67  1 0.0110 0.0213 0.8659 0.0520 0.0169 0.0329 
          68  1 0.2579 0.0829 0.0210 0.3929 0.0981 0.1472 
          69  1 0.0681 0.1781 0.0062 0.0351 0.3753 0.3372 
          70  1 0.1893 0.1097 0.0051 0.2632 0.2515 0.1812 
          71  1 0.0131 0.3521 0.0080 0.0198 0.1233 0.4836 
          72  1 0.0694 0.1419 0.0191 0.0355 0.3810 0.3532 
          73  1 0.0069 0.0095 0.9536 0.0093 0.0082 0.0125 
          74  1 0.6223 0.0785 0.0299 0.0251 0.1286 0.1156 
          75  1 0.0147 0.0257 0.0047 0.8822 0.0428 0.0298 
          76  1 0.0049 0.0065 0.9688 0.0071 0.0068 0.0058 
          77  1 0.0069 0.0086 0.9606 0.0063 0.0082 0.0094 
          78  1 0.0106 0.0181 0.0139 0.9165 0.0160 0.0249 
          79  1 0.0071 0.0107 0.9437 0.0177 0.0110 0.0098 
          80  1 0.2963 0.0188 0.0448 0.5854 0.0127 0.0420 
          81  1 0.0485 0.1352 0.0044 0.0181 0.4397 0.3541 
          82  1 0.0259 0.0255 0.0041 0.8995 0.0237 0.0213 
          83  1 0.0308 0.0763 0.0133 0.7120 0.0234 0.1443 
          84  1 0.0080 0.0078 0.9636 0.0053 0.0076 0.0077 
          85  1 0.0456 0.2454 0.2465 0.0603 0.2006 0.2017 
          86  1 0.0177 0.1181 0.0134 0.1415 0.3714 0.3379 
          87  1 0.0155 0.2007 0.0062 0.0160 0.4994 0.2622 
          88  1 0.0530 0.2652 0.0206 0.3068 0.2280 0.1264 
          89  1 0.0385 0.3440 0.0147 0.0538 0.2140 0.3349 
          90  1 0.6460 0.0940 0.0084 0.0622 0.0762 0.1133 
          91  1 0.1095 0.1963 0.0135 0.0431 0.4208 0.2168 
          92  1 0.0097 0.0813 0.0094 0.3808 0.3212 0.1975 
          93  1 0.0512 0.2401 0.0058 0.0123 0.2923 0.3983 
          94  1 0.9193 0.0218 0.0059 0.0112 0.0135 0.0283 
          95  1 0.0587 0.2956 0.0159 0.0932 0.3726 0.1640 
          96  1 0.0099 0.0215 0.0384 0.8777 0.0259 0.0265 
          97  1 0.0215 0.0538 0.0141 0.7394 0.0642 0.1069 
          98  1 0.0161 0.0190 0.9127 0.0172 0.0184 0.0167 
          99  1 0.8543 0.0283 0.0250 0.0215 0.0264 0.0445 
         100  1 0.0462 0.3322 0.0371 0.0222 0.0999 0.4625 
         101  1 0.1088 0.2482 0.0116 0.0077 0.2173 0.4064 
         102  1 0.0331 0.0365 0.0048 0.8061 0.0592 0.0602 
         103  1 0.0905 0.2789 0.0295 0.0968 0.0551 0.4492 
         104  1 0.0115 0.3469 0.0270 0.0098 0.0931 0.5117 
         105  1 0.1379 0.2403 0.0123 0.0199 0.2432 0.3464 
         106  1 0.0203 0.0179 0.9142 0.0144 0.0108 0.0225 
         107  1 0.1323 0.0679 0.0822 0.4996 0.0722 0.1458 
         108  1 0.8403 0.0530 0.0068 0.0153 0.0300 0.0546 
         109  1 0.0232 0.0821 0.0172 0.7664 0.0645 0.0467 
         110  1 0.0118 0.1291 0.0075 0.0697 0.4904 0.2915 
         111  1 0.0465 0.0911 0.4732 0.0652 0.1757 0.1482 
         112  1 0.0979 0.1201 0.0062 0.0356 0.3599 0.3803 
         113  1 0.0602 0.3414 0.0174 0.0312 0.3851 0.1647 
         114  1 0.0574 0.1237 0.0690 0.4383 0.1373 0.1744 
         115  1 0.2645 0.2605 0.0078 0.0233 0.2287 0.2153 
         116  1 0.0474 0.4882 0.0057 0.0203 0.4074 0.0310 
         117  1 0.8663 0.0379 0.0040 0.0136 0.0357 0.0425 
         118  1 0.1987 0.2717 0.0120 0.0167 0.0595 0.4414 
         119  1 0.0789 0.3784 0.0067 0.0140 0.3457 0.1764 
         120  1 0.0669 0.4788 0.0222 0.0100 0.3614 0.0607 
         121  1 0.3199 0.1691 0.0102 0.0149 0.2355 0.2505 
         122  1 0.0791 0.3446 0.0090 0.0419 0.3578 0.1677 
         123  1 0.0238 0.3028 0.0087 0.0539 0.4199 0.1909 
         124  1 0.0683 0.4250 0.0264 0.0117 0.3797 0.0888 
         125  1 0.6774 0.0905 0.0068 0.0142 0.1157 0.0955 
         126  1 0.4633 0.1781 0.0071 0.0086 0.1202 0.2227 
         127  1 0.9256 0.0339 0.0039 0.0078 0.0163 0.0124 
         128  1 0.1629 0.2047 0.0128 0.0679 0.2817 0.2700 
         129  1 0.0179 0.1808 0.0084 0.0621 0.4181 0.3127 
         130  1 0.5347 0.1530 0.0103 0.0727 0.1271 0.1022 
         131  1 0.4361 0.1696 0.0081 0.1634 0.1256 0.0971 
         132  1 0.8361 0.0430 0.0129 0.0188 0.0184 0.0708 
         133  1 0.1113 0.4274 0.0084 0.0126 0.3214 0.1189 
         134  1 0.0589 0.4393 0.0165 0.0223 0.2777 0.1851 
         135  1 0.0372 0.3039 0.0059 0.0570 0.4105 0.1854 
         136  1 0.2328 0.3415 0.0077 0.0604 0.2764 0.0813 
         137  1 0.0153 0.4326 0.0098 0.0112 0.5148 0.0163 
         138  1 0.1655 0.1426 0.0082 0.4382 0.1453 0.1003 
         139  1 0.8214 0.0789 0.0065 0.0091 0.0532 0.0308 
         140  1 0.0476 0.4624 0.0050 0.0354 0.4058 0.0439 
         141  1 0.3259 0.2995 0.0081 0.0262 0.2388 0.1016 
         142  1 0.2268 0.2174 0.0076 0.0192 0.2496 0.2794 
         143  1 0.2190 0.2160 0.0245 0.0319 0.2142 0.2945 
         144  1 0.5588 0.1780 0.0044 0.0555 0.1250 0.0783 
         145  1 0.3570 0.2739 0.0064 0.0246 0.1698 0.1683 
         146  1 0.0352 0.0903 0.0063 0.3558 0.2762 0.2363 
         147  1 0.0785 0.3489 0.0069 0.0180 0.3635 0.1841 
         148  1 0.1511 0.3368 0.0096 0.0335 0.3374 0.1316 
         149  1 0.8883 0.0457 0.0038 0.0095 0.0332 0.0195 
         150  1 0.2317 0.2942 0.0134 0.1307 0.2036 0.1265 
         151  1 0.0619 0.3942 0.0109 0.0793 0.3645 0.0893 
         152  1 0.0952 0.1407 0.0042 0.0315 0.4377 0.2906 
         153  1 0.0119 0.2398 0.0147 0.0661 0.4605 0.2070 
         154  1 0.0186 0.3119 0.0142 0.0163 0.4868 0.1522 
         155  1 0.0453 0.4335 0.0850 0.0167 0.3112 0.1082 
         156  1 0.0423 0.4896 0.0066 0.0135 0.4217 0.0264 
         157  1 0.3307 0.3147 0.0134 0.0102 0.2613 0.0698 
         158  1 0.1274 0.2401 0.0949 0.0602 0.1644 0.3130 
         159  1 0.0265 0.1570 0.1021 0.1336 0.3596 0.2212 
         160  1 0.0482 0.1826 0.0388 0.1617 0.3422 0.2265 
         161  1 0.0115 0.3972 0.0073 0.0215 0.5389 0.0236 
         162  1 0.0141 0.3556 0.0061 0.0161 0.5542 0.0540 
         163  1 0.0094 0.4040 0.0088 0.0094 0.5502 0.0182 
         164  1 0.0633 0.3002 0.0251 0.2242 0.2119 0.1754 
         165  1 0.0269 0.3660 0.0269 0.1735 0.3405 0.0661 
         166  1 0.0846 0.2334 0.0049 0.1418 0.2091 0.3262 
         167  1 0.0262 0.4370 0.0105 0.0177 0.3733 0.1354 
         168  1 0.0306 0.3994 0.0053 0.0127 0.5129 0.0391 
         169  1 0.0083 0.2873 0.0469 0.2760 0.3455 0.0360 
         170  1 0.0581 0.2865 0.0055 0.2078 0.2886 0.1536 
         171  1 0.0100 0.3920 0.0057 0.0112 0.5468 0.0342 
         172  1 0.0488 0.4048 0.0088 0.0279 0.3632 0.1465 
