           1  1 0.0902 0.1173 0.1074 0.4273 0.1241 0.1337 
           2  1 0.1240 0.1876 0.0848 0.3238 0.1348 0.1450 
           3  1 0.1594 0.3297 0.0588 0.0073 0.0865 0.3583 
           4  1 0.1578 0.3294 0.0241 0.0173 0.0894 0.3819 
           5  1 0.1529 0.3196 0.0167 0.0395 0.0961 0.3752 
           6  1 0.1607 0.3278 0.0080 0.0285 0.1147 0.3605 
           7  1 0.1578 0.3274 0.0191 0.0111 0.0999 0.3847 
           8  1 0.1810 0.3255 0.0114 0.0067 0.2752 0.2001 
           9  1 0.1286 0.2444 0.0758 0.1286 0.1370 0.2857 
          10  1 0.2060 0.3187 0.0277 0.0178 0.1194 0.3104 
          11  1 0.1682 0.3109 0.0259 0.0379 0.2688 0.1883 
          12  1 0.1412 0.2739 0.1215 0.0297 0.2483 0.1854 
          13  1 0.1403 0.2322 0.0410 0.1843 0.2002 0.2021 
          14  1 0.2699 0.3186 0.0737 0.0095 0.1012 0.2270 
          15  1 0.1584 0.2595 0.1819 0.0233 0.1409 0.2360 
          16  1 0.0076 0.0081 0.0072 0.9630 0.0067 0.0075 
          17  1 0.0119 0.0111 0.9477 0.0070 0.0121 0.0102 
          18  1 0.0046 0.0051 0.0039 0.9762 0.0052 0.0050 
          19  1 0.0254 0.0366 0.8724 0.0088 0.0326 0.0243 
          20  1 0.0069 0.0066 0.0049 0.9664 0.0079 0.0073 
          21  1 0.0142 0.0110 0.0145 0.9300 0.0165 0.0138 
          22  1 0.3129 0.3203 0.0189 0.0159 0.1651 0.1670 
          23  1 0.0418 0.0293 0.8516 0.0127 0.0300 0.0344 
          24  1 0.1043 0.0822 0.6086 0.0330 0.0747 0.0972 
          25  1 0.1177 0.1854 0.1333 0.1644 0.2047 0.1945 
          26  1 0.2030 0.1499 0.4712 0.0209 0.0522 0.1029 
          27  1 0.1810 0.1162 0.4513 0.0084 0.1350 0.1080 
          28  1 0.0113 0.0105 0.0085 0.9506 0.0088 0.0103 
          29  1 0.0466 0.0255 0.8297 0.0081 0.0397 0.0505 
          30  1 0.0108 0.0104 0.0115 0.9488 0.0075 0.0109 
          31  1 0.2305 0.2324 0.1398 0.0324 0.1360 0.2289 
          32  1 0.0198 0.0187 0.0075 0.9184 0.0162 0.0195 
          33  1 0.1841 0.2972 0.1479 0.0076 0.1909 0.1724 
          34  1 0.0289 0.0167 0.8882 0.0048 0.0280 0.0335 
          35  1 0.1764 0.3697 0.0095 0.0172 0.0781 0.3491 
          36  1 0.1444 0.0700 0.5182 0.0072 0.1336 0.1266 
          37  1 0.0120 0.0139 0.0095 0.9406 0.0105 0.0135 
          38  1 0.4743 0.2978 0.0105 0.0068 0.0547 0.1559 
          39  1 0.0122 0.0135 0.9456 0.0037 0.0115 0.0135 
          40  1 0.2197 0.1363 0.4624 0.0110 0.0709 0.0998 
          41  1 0.2780 0.2666 0.0870 0.0124 0.1474 0.2086 
          42  1 0.0052 0.0049 0.0047 0.9738 0.0059 0.0055 
          43  1 0.1494 0.1213 0.2739 0.1147 0.1775 0.1631 
          44  1 0.1270 0.0891 0.6244 0.0080 0.0616 0.0899 
          45  1 0.1997 0.2945 0.0994 0.0049 0.1761 0.2255 
          46  1 0.0232 0.0241 0.9136 0.0072 0.0165 0.0153 
          47  1 0.4102 0.2689 0.0270 0.0101 0.1305 0.1533 
          48  1 0.0161 0.0148 0.0076 0.9359 0.0131 0.0124 
          49  1 0.0103 0.0089 0.9539 0.0047 0.0110 0.0112 
          50  1 0.0383 0.0496 0.8258 0.0055 0.0228 0.0580 
          51  1 0.0326 0.0390 0.8625 0.0054 0.0253 0.0352 
          52  1 0.0157 0.0126 0.9291 0.0100 0.0143 0.0183 
          53  1 0.0798 0.0872 0.0556 0.5219 0.1339 0.1217 
          54  1 0.0329 0.0380 0.8370 0.0140 0.0218 0.0564 
          55  1 0.2572 0.3219 0.0285 0.0098 0.1221 0.2605 
          56  1 0.2960 0.3642 0.0203 0.0063 0.0855 0.2277 
          57  1 0.3355 0.2828 0.0417 0.0105 0.1364 0.1932 
          58  1 0.0055 0.0056 0.0052 0.9710 0.0059 0.0067 
          59  1 0.0199 0.0095 0.0109 0.8845 0.0442 0.0311 
          60  1 0.0427 0.0438 0.8468 0.0091 0.0279 0.0297 
          61  1 0.0150 0.0170 0.9323 0.0046 0.0125 0.0185 
          62  1 0.2368 0.2910 0.1287 0.0081 0.0868 0.2485 
          63  1 0.2375 0.1713 0.0686 0.0044 0.2994 0.2189 
          64  1 0.1289 0.2460 0.2795 0.0209 0.1970 0.1277 
          65  1 0.0100 0.0090 0.0056 0.9512 0.0131 0.0112 
          66  1 0.0179 0.0160 0.0105 0.9225 0.0154 0.0176 
          67  1 0.0196 0.0217 0.0566 0.8626 0.0130 0.0265 
          68  1 0.1509 0.1805 0.4084 0.0215 0.1063 0.1325 
          69  1 0.4293 0.3026 0.0282 0.0062 0.0585 0.1753 
          70  1 0.2975 0.1863 0.2328 0.0050 0.1345 0.1440 
          71  1 0.1855 0.3428 0.0191 0.0081 0.1083 0.3361 
          72  1 0.4129 0.2928 0.0355 0.0186 0.0596 0.1806 
          73  1 0.0096 0.0101 0.0093 0.9532 0.0074 0.0104 
          74  1 0.2272 0.3065 0.0248 0.0321 0.2437 0.1658 
          75  1 0.0357 0.0239 0.8763 0.0045 0.0274 0.0323 
          76  1 0.0060 0.0055 0.0067 0.9701 0.0061 0.0056 
          77  1 0.0082 0.0085 0.0066 0.9600 0.0085 0.0082 
          78  1 0.0189 0.0193 0.9170 0.0142 0.0126 0.0180 
          79  1 0.0089 0.0090 0.0184 0.9446 0.0098 0.0093 
          80  1 0.0586 0.1110 0.6096 0.0379 0.0971 0.0858 
          81  1 0.4853 0.3025 0.0152 0.0045 0.0445 0.1480 
          82  1 0.0256 0.0256 0.8865 0.0040 0.0294 0.0289 
          83  1 0.0567 0.0741 0.7492 0.0143 0.0304 0.0753 
          84  1 0.0079 0.0079 0.0047 0.9636 0.0078 0.0082 
          85  1 0.1690 0.1380 0.0619 0.2388 0.1988 0.1936 
          86  1 0.3987 0.1972 0.1388 0.0134 0.0796 0.1723 
          87  1 0.3870 0.2225 0.0165 0.0064 0.1786 0.1890 
          88  1 0.1187 0.0725 0.3069 0.0215 0.2595 0.2210 
          89  1 0.1926 0.2586 0.0496 0.0135 0.2032 0.2826 
          90  1 0.1875 0.2809 0.0720 0.0087 0.2586 0.1923 
          91  1 0.3731 0.2046 0.0387 0.0125 0.1770 0.1943 
          92  1 0.3451 0.1503 0.3100 0.0081 0.0581 0.1284 
          93  1 0.3622 0.3495 0.0121 0.0058 0.0388 0.2316 
          94  1 0.1573 0.3260 0.0106 0.0060 0.3037 0.1963 
          95  1 0.2462 0.1150 0.0887 0.0161 0.3108 0.2232 
          96  1 0.0281 0.0187 0.8788 0.0414 0.0154 0.0176 
          97  1 0.0878 0.0692 0.7196 0.0136 0.0404 0.0694 
          98  1 0.0189 0.0170 0.0160 0.9105 0.0196 0.0179 
          99  1 0.1773 0.3083 0.0254 0.0256 0.2867 0.1767 
         100  1 0.2066 0.3131 0.0229 0.0348 0.1294 0.2933 
         101  1 0.3155 0.3522 0.0079 0.0118 0.0663 0.2463 
         102  1 0.0760 0.0531 0.7924 0.0049 0.0295 0.0441 
         103  1 0.1748 0.2862 0.1025 0.0268 0.1210 0.2887 
         104  1 0.1738 0.3573 0.0115 0.0297 0.0792 0.3485 
         105  1 0.2808 0.3169 0.0206 0.0127 0.1346 0.2345 
         106  1 0.0153 0.0219 0.0154 0.9132 0.0151 0.0191 
         107  1 0.1278 0.1296 0.4862 0.0815 0.0742 0.1007 
         108  1 0.1817 0.2996 0.0133 0.0068 0.3110 0.1877 
         109  1 0.0481 0.0345 0.7767 0.0168 0.0646 0.0593 
         110  1 0.4745 0.2364 0.0375 0.0069 0.0777 0.1670 
         111  1 0.1785 0.1069 0.0583 0.4590 0.0732 0.1242 
         112  1 0.4224 0.3261 0.0354 0.0062 0.0516 0.1583 
         113  1 0.2237 0.1334 0.0275 0.0154 0.3423 0.2576 
         114  1 0.1451 0.1356 0.4403 0.0706 0.0862 0.1221 
         115  1 0.2474 0.2692 0.0270 0.0079 0.2314 0.2171 
         116  1 0.1201 0.0398 0.0205 0.0062 0.5503 0.2631 
         117  1 0.2034 0.3107 0.0139 0.0038 0.3011 0.1670 
         118  1 0.1921 0.3041 0.0140 0.0115 0.1726 0.3056 
         119  1 0.2029 0.1600 0.0130 0.0067 0.3605 0.2570 
         120  1 0.1305 0.0664 0.0097 0.0228 0.5092 0.2615 
         121  1 0.2876 0.3140 0.0139 0.0098 0.1864 0.1884 
         122  1 0.2202 0.1512 0.0429 0.0095 0.3466 0.2296 
         123  1 0.2672 0.1690 0.0502 0.0082 0.2853 0.2202 
         124  1 0.1502 0.0811 0.0123 0.0263 0.4628 0.2673 
         125  1 0.2234 0.2841 0.0134 0.0065 0.2703 0.2023 
         126  1 0.2325 0.3473 0.0082 0.0068 0.2011 0.2041 
         127  1 0.1589 0.3158 0.0081 0.0040 0.3427 0.1705 
         128  1 0.3030 0.1852 0.0759 0.0136 0.2051 0.2172 
         129  1 0.3614 0.2660 0.0605 0.0084 0.1065 0.1972 
         130  1 0.1927 0.2720 0.0713 0.0115 0.2742 0.1782 
         131  1 0.1777 0.1901 0.1661 0.0077 0.2883 0.1702 
         132  1 0.1653 0.3151 0.0190 0.0128 0.2877 0.2002 
         133  1 0.1549 0.1059 0.0122 0.0087 0.4612 0.2570 
         134  1 0.1708 0.1480 0.0220 0.0177 0.3836 0.2579 
         135  1 0.2525 0.1723 0.0523 0.0059 0.3006 0.2163 
         136  1 0.1601 0.1202 0.0590 0.0066 0.4186 0.2356 
         137  1 0.1452 0.0183 0.0096 0.0097 0.5183 0.2989 
         138  1 0.1517 0.1092 0.4329 0.0078 0.1668 0.1317 
         139  1 0.1628 0.2888 0.0083 0.0064 0.3487 0.1850 
         140  1 0.1270 0.0416 0.0404 0.0048 0.5105 0.2757 
         141  1 0.1773 0.1674 0.0251 0.0083 0.4095 0.2125 
         142  1 0.3032 0.3139 0.0175 0.0085 0.1563 0.2005 
         143  1 0.2592 0.3023 0.0372 0.0245 0.1450 0.2318 
         144  1 0.1610 0.2270 0.0500 0.0046 0.3568 0.2006 
         145  1 0.1914 0.2216 0.0227 0.0060 0.3307 0.2276 
         146  1 0.3068 0.1601 0.3169 0.0061 0.0773 0.1328 
         147  1 0.2497 0.1733 0.0187 0.0076 0.3375 0.2133 
         148  1 0.2176 0.1468 0.0335 0.0102 0.3805 0.2113 
         149  1 0.1740 0.3034 0.0094 0.0039 0.3318 0.1775 
         150  1 0.1588 0.1625 0.1390 0.0144 0.3012 0.2241 
         151  1 0.1679 0.0911 0.0943 0.0105 0.4012 0.2350 
         152  1 0.4340 0.2788 0.0290 0.0040 0.1032 0.1509 
         153  1 0.3020 0.1750 0.0605 0.0140 0.2484 0.2001 
         154  1 0.2635 0.1316 0.0149 0.0130 0.3496 0.2274 
         155  1 0.1239 0.0790 0.0205 0.0912 0.4460 0.2395 
         156  1 0.1209 0.0383 0.0128 0.0065 0.5455 0.2761 
         157  1 0.1628 0.1539 0.0108 0.0118 0.4263 0.2343 
         158  1 0.2170 0.2314 0.0577 0.0981 0.1859 0.2099 
         159  1 0.3657 0.1305 0.1014 0.0994 0.1379 0.1651 
         160  1 0.3599 0.1454 0.1301 0.0356 0.1471 0.1820 
         161  1 0.1668 0.0217 0.0177 0.0078 0.4930 0.2931 
         162  1 0.1942 0.0472 0.0166 0.0060 0.4547 0.2812 
         163  1 0.1635 0.0174 0.0072 0.0087 0.5036 0.2997 
         164  1 0.1423 0.1313 0.2319 0.0236 0.2576 0.2132 
         165  1 0.1424 0.0514 0.1576 0.0261 0.3944 0.2282 
         166  1 0.2301 0.2352 0.1497 0.0049 0.1550 0.2252 
         167  1 0.1566 0.1250 0.0183 0.0113 0.4244 0.2644 
         168  1 0.1735 0.0342 0.0105 0.0051 0.4880 0.2888 
         169  1 0.1137 0.0229 0.2763 0.0466 0.3369 0.2036 
         170  1 0.1733 0.1193 0.2101 0.0054 0.2863 0.2056 
         171  1 0.1703 0.0307 0.0104 0.0054 0.4860 0.2972 
         172  1 0.1944 0.1282 0.0282 0.0092 0.3939 0.2460 
