           1  1 0.1799 0.4465 0.3736 
           2  1 0.1429 0.3485 0.5087 
           3  1 0.1155 0.0083 0.8762 
           4  1 0.1363 0.0342 0.8294 
           5  1 0.1439 0.1088 0.7473 
           6  1 0.5807 0.1086 0.3107 
           7  1 0.2288 0.0235 0.7477 
           8  1 0.7856 0.0118 0.2026 
           9  1 0.0759 0.1718 0.7523 
          10  1 0.6872 0.0319 0.2809 
          11  1 0.2688 0.0868 0.6444 
          12  1 0.0795 0.0248 0.8957 
          13  1 0.2023 0.2461 0.5517 
          14  1 0.6608 0.0116 0.3276 
          15  1 0.1396 0.0224 0.8380 
          16  1 0.0073 0.9836 0.0091 
          17  1 0.0142 0.0085 0.9773 
          18  1 0.0054 0.9895 0.0051 
          19  1 0.0248 0.0104 0.9648 
          20  1 0.0082 0.9854 0.0065 
          21  1 0.0131 0.9710 0.0158 
          22  1 0.8195 0.0200 0.1605 
          23  1 0.0263 0.0124 0.9613 
          24  1 0.0785 0.0340 0.8875 
          25  1 0.2100 0.2027 0.5873 
          26  1 0.0897 0.0185 0.8918 
          27  1 0.2190 0.0093 0.7717 
          28  1 0.0109 0.9770 0.0120 
          29  1 0.0610 0.0086 0.9304 
          30  1 0.0084 0.9791 0.0126 
          31  1 0.2535 0.0265 0.7200 
          32  1 0.0192 0.9683 0.0125 
          33  1 0.3030 0.0089 0.6881 
          34  1 0.0531 0.0058 0.9411 
          35  1 0.4377 0.0523 0.5100 
          36  1 0.2519 0.0079 0.7402 
          37  1 0.0122 0.9747 0.0132 
          38  1 0.9523 0.0092 0.0385 
          39  1 0.0165 0.0046 0.9789 
          40  1 0.1185 0.0115 0.8701 
          41  1 0.7102 0.0121 0.2777 
          42  1 0.0058 0.9886 0.0056 
          43  1 0.1801 0.1077 0.7122 
          44  1 0.1464 0.0068 0.8468 
          45  1 0.6248 0.0062 0.3690 
          46  1 0.0146 0.0095 0.9759 
          47  1 0.6632 0.0147 0.3221 
          48  1 0.0149 0.9733 0.0118 
          49  1 0.0126 0.0058 0.9816 
          50  1 0.0231 0.0064 0.9705 
          51  1 0.0256 0.0063 0.9682 
          52  1 0.0131 0.0131 0.9739 
          53  1 0.2425 0.5710 0.1865 
          54  1 0.0160 0.0112 0.9728 
          55  1 0.7268 0.0147 0.2586 
          56  1 0.9307 0.0077 0.0616 
          57  1 0.8869 0.0121 0.1011 
          58  1 0.0059 0.9880 0.0061 
          59  1 0.0316 0.9550 0.0134 
          60  1 0.0437 0.0102 0.9461 
          61  1 0.0167 0.0058 0.9775 
          62  1 0.4262 0.0099 0.5639 
          63  1 0.9072 0.0053 0.0875 
          64  1 0.0431 0.0213 0.9357 
          65  1 0.0086 0.9840 0.0073 
          66  1 0.0188 0.9674 0.0138 
          67  1 0.0149 0.9347 0.0504 
          68  1 0.0811 0.0167 0.9022 
          69  1 0.7613 0.0077 0.2310 
          70  1 0.4515 0.0060 0.5426 
          71  1 0.4475 0.0145 0.5380 
          72  1 0.5409 0.0272 0.4319 
          73  1 0.0087 0.9795 0.0118 
          74  1 0.7609 0.0366 0.2025 
          75  1 0.0513 0.0049 0.9438 
          76  1 0.0062 0.9870 0.0068 
          77  1 0.0089 0.9825 0.0086 
          78  1 0.0144 0.0145 0.9711 
          79  1 0.0100 0.9749 0.0151 
          80  1 0.0140 0.0214 0.9646 
          81  1 0.9384 0.0051 0.0565 
          82  1 0.0413 0.0050 0.9538 
          83  1 0.0207 0.0117 0.9675 
          84  1 0.0082 0.9852 0.0066 
          85  1 0.4645 0.2983 0.2372 
          86  1 0.5108 0.0161 0.4731 
          87  1 0.9327 0.0085 0.0588 
          88  1 0.1653 0.0215 0.8132 
          89  1 0.7083 0.0180 0.2737 
          90  1 0.6046 0.0108 0.3845 
          91  1 0.9049 0.0153 0.0798 
          92  1 0.2597 0.0115 0.7289 
          93  1 0.9291 0.0080 0.0629 
          94  1 0.7227 0.0123 0.2650 
          95  1 0.7556 0.0219 0.2225 
          96  1 0.0216 0.0473 0.9311 
          97  1 0.0385 0.0126 0.9489 
          98  1 0.0212 0.9577 0.0211 
          99  1 0.4578 0.0726 0.4697 
         100  1 0.5494 0.0845 0.3660 
         101  1 0.9515 0.0205 0.0279 
         102  1 0.0667 0.0052 0.9281 
         103  1 0.4128 0.0568 0.5303 
         104  1 0.3287 0.1117 0.5596 
         105  1 0.8863 0.0153 0.0984 
         106  1 0.0160 0.9641 0.0199 
         107  1 0.0284 0.0534 0.9182 
         108  1 0.8197 0.0095 0.1709 
         109  1 0.0379 0.0188 0.9433 
         110  1 0.7418 0.0104 0.2477 
         111  1 0.2103 0.4906 0.2991 
         112  1 0.7114 0.0078 0.2808 
         113  1 0.8084 0.0188 0.1728 
         114  1 0.0898 0.0403 0.8699 
         115  1 0.8790 0.0081 0.1130 
         116  1 0.9382 0.0080 0.0538 
         117  1 0.9519 0.0050 0.0431 
         118  1 0.7749 0.0245 0.2006 
         119  1 0.9684 0.0072 0.0244 
         120  1 0.9297 0.0324 0.0379 
         121  1 0.9427 0.0091 0.0482 
         122  1 0.8196 0.0095 0.1709 
         123  1 0.7865 0.0111 0.2025 
         124  1 0.9021 0.0365 0.0615 
         125  1 0.9643 0.0080 0.0276 
         126  1 0.9763 0.0077 0.0160 
         127  1 0.9318 0.0052 0.0630 
         128  1 0.6826 0.0187 0.2987 
         129  1 0.6666 0.0115 0.3220 
         130  1 0.7253 0.0102 0.2645 
         131  1 0.8533 0.0065 0.1402 
         132  1 0.4421 0.0304 0.5275 
         133  1 0.9658 0.0096 0.0245 
         134  1 0.9054 0.0250 0.0696 
         135  1 0.8345 0.0068 0.1587 
         136  1 0.8655 0.0079 0.1266 
         137  1 0.9485 0.0118 0.0397 
         138  1 0.3687 0.0090 0.6223 
         139  1 0.9590 0.0064 0.0346 
         140  1 0.8309 0.0062 0.1630 
         141  1 0.9094 0.0092 0.0815 
         142  1 0.9403 0.0088 0.0509 
         143  1 0.6596 0.0344 0.3059 
         144  1 0.8709 0.0053 0.1238 
         145  1 0.9570 0.0060 0.0370 
         146  1 0.3500 0.0069 0.6432 
         147  1 0.9515 0.0086 0.0399 
         148  1 0.8823 0.0109 0.1068 
         149  1 0.9690 0.0047 0.0263 
         150  1 0.4551 0.0149 0.5300 
         151  1 0.8309 0.0132 0.1558 
         152  1 0.9187 0.0048 0.0766 
         153  1 0.6514 0.0213 0.3273 
         154  1 0.8924 0.0184 0.0892 
         155  1 0.7490 0.1597 0.0913 
         156  1 0.9367 0.0093 0.0539 
         157  1 0.9680 0.0113 0.0208 
         158  1 0.5038 0.1099 0.3863 
         159  1 0.4087 0.1940 0.3974 
         160  1 0.4904 0.0503 0.4594 
         161  1 0.9150 0.0100 0.0751 
         162  1 0.9367 0.0084 0.0549 
         163  1 0.9487 0.0094 0.0419 
         164  1 0.2640 0.0274 0.7086 
         165  1 0.3525 0.0444 0.6031 
         166  1 0.5701 0.0056 0.4243 
         167  1 0.8940 0.0131 0.0929 
         168  1 0.9524 0.0060 0.0416 
         169  1 0.3047 0.0832 0.6121 
         170  1 0.5000 0.0065 0.4935 
         171  1 0.9577 0.0064 0.0359 
         172  1 0.8726 0.0116 0.1158 
