           1  1 0.1636 0.4426 0.3938 
           2  1 0.1382 0.3467 0.5151 
           3  1 0.1068 0.0085 0.8847 
           4  1 0.1308 0.0358 0.8333 
           5  1 0.1371 0.1154 0.7475 
           6  1 0.5883 0.1082 0.3036 
           7  1 0.2185 0.0261 0.7555 
           8  1 0.7825 0.0117 0.2058 
           9  1 0.0681 0.1805 0.7514 
          10  1 0.6925 0.0340 0.2735 
          11  1 0.2701 0.0858 0.6441 
          12  1 0.0692 0.0245 0.9063 
          13  1 0.1901 0.2531 0.5568 
          14  1 0.6638 0.0117 0.3244 
          15  1 0.1331 0.0218 0.8451 
          16  1 0.0083 0.9828 0.0090 
          17  1 0.0149 0.0091 0.9760 
          18  1 0.0058 0.9889 0.0054 
          19  1 0.0205 0.0097 0.9699 
          20  1 0.0084 0.9852 0.0064 
          21  1 0.0146 0.9697 0.0157 
          22  1 0.7980 0.0214 0.1806 
          23  1 0.0240 0.0121 0.9639 
          24  1 0.0711 0.0352 0.8937 
          25  1 0.2200 0.2131 0.5669 
          26  1 0.0951 0.0173 0.8876 
          27  1 0.2154 0.0099 0.7748 
          28  1 0.0113 0.9765 0.0122 
          29  1 0.0520 0.0093 0.9387 
          30  1 0.0086 0.9778 0.0135 
          31  1 0.2504 0.0282 0.7215 
          32  1 0.0192 0.9678 0.0130 
          33  1 0.2854 0.0089 0.7057 
          34  1 0.0435 0.0056 0.9509 
          35  1 0.4517 0.0512 0.4971 
          36  1 0.2420 0.0086 0.7494 
          37  1 0.0111 0.9750 0.0139 
          38  1 0.9525 0.0091 0.0384 
          39  1 0.0173 0.0044 0.9783 
          40  1 0.1305 0.0112 0.8583 
          41  1 0.7210 0.0132 0.2659 
          42  1 0.0061 0.9881 0.0059 
          43  1 0.1679 0.1061 0.7261 
          44  1 0.1444 0.0072 0.8484 
          45  1 0.6325 0.0058 0.3617 
          46  1 0.0146 0.0089 0.9765 
          47  1 0.6596 0.0165 0.3239 
          48  1 0.0157 0.9731 0.0112 
          49  1 0.0127 0.0057 0.9816 
          50  1 0.0228 0.0066 0.9707 
          51  1 0.0290 0.0066 0.9643 
          52  1 0.0165 0.0136 0.9699 
          53  1 0.2213 0.5773 0.2013 
          54  1 0.0169 0.0108 0.9723 
          55  1 0.7240 0.0158 0.2602 
          56  1 0.9299 0.0073 0.0629 
          57  1 0.8750 0.0121 0.1129 
          58  1 0.0066 0.9870 0.0065 
          59  1 0.0333 0.9542 0.0125 
          60  1 0.0373 0.0105 0.9523 
          61  1 0.0152 0.0055 0.9793 
          62  1 0.4210 0.0093 0.5697 
          63  1 0.9015 0.0053 0.0932 
          64  1 0.0410 0.0219 0.9372 
          65  1 0.0106 0.9818 0.0076 
          66  1 0.0191 0.9656 0.0153 
          67  1 0.0149 0.9284 0.0567 
          68  1 0.0684 0.0168 0.9148 
          69  1 0.7489 0.0080 0.2431 
          70  1 0.4216 0.0060 0.5724 
          71  1 0.4600 0.0144 0.5256 
          72  1 0.5315 0.0280 0.4405 
          73  1 0.0082 0.9802 0.0115 
          74  1 0.7472 0.0360 0.2168 
          75  1 0.0523 0.0050 0.9427 
          76  1 0.0062 0.9866 0.0072 
          77  1 0.0095 0.9819 0.0086 
          78  1 0.0157 0.0145 0.9697 
          79  1 0.0104 0.9734 0.0162 
          80  1 0.0134 0.0201 0.9666 
          81  1 0.9339 0.0051 0.0610 
          82  1 0.0419 0.0050 0.9532 
          83  1 0.0185 0.0125 0.9690 
          84  1 0.0087 0.9844 0.0069 
          85  1 0.4760 0.2990 0.2249 
          86  1 0.5237 0.0167 0.4596 
          87  1 0.9301 0.0087 0.0613 
          88  1 0.1486 0.0228 0.8286 
          89  1 0.7226 0.0166 0.2608 
          90  1 0.6017 0.0118 0.3865 
          91  1 0.9079 0.0159 0.0763 
          92  1 0.2341 0.0115 0.7544 
          93  1 0.9277 0.0092 0.0631 
          94  1 0.7198 0.0122 0.2681 
          95  1 0.7649 0.0226 0.2125 
          96  1 0.0214 0.0490 0.9295 
          97  1 0.0339 0.0115 0.9546 
          98  1 0.0211 0.9559 0.0230 
          99  1 0.4553 0.0755 0.4693 
         100  1 0.5547 0.0845 0.3608 
         101  1 0.9514 0.0205 0.0281 
         102  1 0.0681 0.0049 0.9270 
         103  1 0.4222 0.0585 0.5193 
         104  1 0.3400 0.1053 0.5548 
         105  1 0.8962 0.0134 0.0905 
         106  1 0.0166 0.9631 0.0203 
         107  1 0.0299 0.0524 0.9177 
         108  1 0.8330 0.0106 0.1564 
         109  1 0.0384 0.0193 0.9423 
         110  1 0.7354 0.0111 0.2535 
         111  1 0.2095 0.4918 0.2987 
         112  1 0.7025 0.0080 0.2894 
         113  1 0.7957 0.0202 0.1841 
         114  1 0.0919 0.0409 0.8672 
         115  1 0.8845 0.0086 0.1069 
         116  1 0.9365 0.0083 0.0552 
         117  1 0.9568 0.0048 0.0384 
         118  1 0.7899 0.0251 0.1850 
         119  1 0.9624 0.0076 0.0300 
         120  1 0.9292 0.0335 0.0373 
         121  1 0.9439 0.0100 0.0461 
         122  1 0.8284 0.0101 0.1614 
         123  1 0.7795 0.0116 0.2089 
         124  1 0.8969 0.0417 0.0614 
         125  1 0.9604 0.0077 0.0319 
         126  1 0.9764 0.0080 0.0156 
         127  1 0.9335 0.0052 0.0613 
         128  1 0.7063 0.0174 0.2763 
         129  1 0.6837 0.0110 0.3053 
         130  1 0.7386 0.0102 0.2512 
         131  1 0.8626 0.0063 0.1311 
         132  1 0.4642 0.0307 0.5050 
         133  1 0.9660 0.0102 0.0238 
         134  1 0.9092 0.0235 0.0674 
         135  1 0.8425 0.0073 0.1502 
         136  1 0.8799 0.0081 0.1120 
         137  1 0.9610 0.0134 0.0256 
         138  1 0.3622 0.0088 0.6291 
         139  1 0.9525 0.0076 0.0399 
         140  1 0.8244 0.0065 0.1691 
         141  1 0.9157 0.0090 0.0752 
         142  1 0.9331 0.0094 0.0575 
         143  1 0.6390 0.0343 0.3267 
         144  1 0.8875 0.0052 0.1073 
         145  1 0.9559 0.0056 0.0385 
         146  1 0.3437 0.0074 0.6489 
         147  1 0.9496 0.0081 0.0424 
         148  1 0.8833 0.0108 0.1060 
         149  1 0.9657 0.0047 0.0296 
         150  1 0.4426 0.0139 0.5435 
         151  1 0.8354 0.0136 0.1511 
         152  1 0.9229 0.0047 0.0724 
         153  1 0.6545 0.0221 0.3234 
         154  1 0.8971 0.0184 0.0844 
         155  1 0.7450 0.1626 0.0924 
         156  1 0.9420 0.0101 0.0480 
         157  1 0.9645 0.0124 0.0231 
         158  1 0.5201 0.1080 0.3720 
         159  1 0.3942 0.2087 0.3971 
         160  1 0.4914 0.0493 0.4594 
         161  1 0.9249 0.0098 0.0653 
         162  1 0.9539 0.0084 0.0377 
         163  1 0.9611 0.0088 0.0302 
         164  1 0.2602 0.0255 0.7143 
         165  1 0.3425 0.0446 0.6130 
         166  1 0.5561 0.0055 0.4384 
         167  1 0.8962 0.0147 0.0891 
         168  1 0.9593 0.0065 0.0342 
         169  1 0.3046 0.0807 0.6148 
         170  1 0.4872 0.0067 0.5061 
         171  1 0.9675 0.0067 0.0258 
         172  1 0.8663 0.0124 0.1213 
