           1  1 0.1065 0.1130 0.1085 0.1038 0.1142 0.1173 0.1096 0.1110 0.1160 
           2  1 0.1104 0.1099 0.1016 0.1142 0.1125 0.1120 0.1105 0.1156 0.1133 
           3  1 0.1155 0.1111 0.1042 0.1187 0.1130 0.1162 0.1081 0.1038 0.1094 
           4  1 0.1138 0.1119 0.1025 0.1066 0.1218 0.1160 0.1117 0.1065 0.1091 
           5  1 0.1102 0.1182 0.1160 0.1113 0.1079 0.1076 0.1080 0.1138 0.1070 
           6  1 0.1113 0.1088 0.1141 0.1070 0.1092 0.1122 0.1046 0.1186 0.1142 
           7  1 0.1071 0.1081 0.1087 0.1080 0.1136 0.1082 0.1150 0.1115 0.1199 
           8  1 0.1103 0.1145 0.1089 0.1095 0.1160 0.1104 0.1106 0.1094 0.1106 
           9  1 0.1150 0.1103 0.1063 0.1234 0.1071 0.1079 0.1131 0.1112 0.1056 
          10  1 0.1107 0.1093 0.1170 0.1063 0.1139 0.1095 0.1156 0.1090 0.1087 
          11  1 0.1137 0.1102 0.1230 0.1137 0.1061 0.1043 0.1070 0.1119 0.1100 
          12  1 0.1143 0.1086 0.1096 0.1205 0.1094 0.1100 0.1093 0.1126 0.1057 
          13  1 0.1171 0.1105 0.1185 0.1089 0.1078 0.1106 0.1051 0.1128 0.1087 
          14  1 0.1226 0.1096 0.1058 0.1120 0.1165 0.1110 0.1058 0.1061 0.1106 
          15  1 0.1078 0.1127 0.1113 0.1053 0.1171 0.1103 0.1078 0.1136 0.1140 
          16  1 0.1149 0.1166 0.1181 0.1084 0.1064 0.1103 0.1065 0.1126 0.1063 
          17  1 0.1118 0.1129 0.1149 0.1139 0.1084 0.1123 0.1106 0.1085 0.1065 
          18  1 0.1106 0.1071 0.1077 0.1199 0.1092 0.1101 0.1122 0.1134 0.1098 
          19  1 0.1127 0.1089 0.1101 0.1128 0.1168 0.1093 0.1076 0.1102 0.1118 
          20  1 0.1056 0.1049 0.1198 0.1101 0.1019 0.1071 0.1070 0.1258 0.1178 
          21  1 0.1152 0.1099 0.1100 0.1120 0.1110 0.1124 0.1117 0.1093 0.1086 
          22  1 0.1145 0.1095 0.1122 0.1149 0.1087 0.1125 0.1072 0.1120 0.1085 
          23  1 0.1073 0.1124 0.1108 0.1112 0.1113 0.1087 0.1113 0.1149 0.1120 
          24  1 0.1083 0.1107 0.1020 0.1041 0.1231 0.1100 0.1236 0.1098 0.1083 
          25  1 0.1177 0.1165 0.1064 0.1104 0.1151 0.1078 0.1136 0.1054 0.1070 
          26  1 0.1050 0.1078 0.1128 0.1097 0.1086 0.1103 0.1136 0.1163 0.1161 
          27  1 0.1098 0.1116 0.1066 0.1167 0.1148 0.1150 0.1101 0.1075 0.1078 
          28  1 0.1176 0.1151 0.1119 0.1048 0.1145 0.1092 0.1096 0.1079 0.1093 
          29  1 0.1144 0.1147 0.1126 0.1112 0.1127 0.1103 0.1083 0.1104 0.1054 
          30  1 0.1186 0.1139 0.1079 0.1116 0.1126 0.1067 0.1163 0.1057 0.1067 
          31  1 0.1128 0.1096 0.1149 0.1096 0.1082 0.1179 0.1064 0.1101 0.1105 
          32  1 0.1143 0.1170 0.1109 0.1170 0.1117 0.1083 0.1095 0.1073 0.1040 
          33  1 0.1119 0.1119 0.1033 0.1182 0.1116 0.1180 0.1114 0.1068 0.1069 
          34  1 0.1097 0.1100 0.1146 0.1054 0.1083 0.1121 0.1085 0.1181 0.1133 
          35  1 0.1108 0.1136 0.1085 0.1125 0.1135 0.1138 0.1107 0.1095 0.1071 
          36  1 0.1132 0.1112 0.1055 0.1129 0.1141 0.1138 0.1106 0.1112 0.1075 
          37  1 0.1071 0.1112 0.1107 0.1171 0.1067 0.1135 0.1130 0.1079 0.1129 
          38  1 0.1135 0.1093 0.1100 0.1173 0.1118 0.1066 0.1140 0.1093 0.1082 
          39  1 0.1193 0.1129 0.1126 0.1061 0.1181 0.1201 0.1029 0.1027 0.1053 
          40  1 0.1064 0.1078 0.1138 0.1108 0.1067 0.1130 0.1106 0.1144 0.1165 
          41  1 0.1080 0.1104 0.1113 0.1129 0.1053 0.1111 0.1154 0.1132 0.1125 
          42  1 0.1145 0.1134 0.1112 0.1182 0.1072 0.1055 0.1099 0.1126 0.1076 
          43  1 0.1098 0.1151 0.1095 0.1096 0.1123 0.1128 0.1135 0.1067 0.1107 
          44  1 0.1053 0.1058 0.1194 0.1097 0.1099 0.1089 0.1095 0.1214 0.1101 
          45  1 0.1115 0.1034 0.1184 0.1047 0.1071 0.1118 0.1081 0.1171 0.1178 
          46  1 0.1110 0.1152 0.1013 0.1136 0.1157 0.1177 0.1097 0.1036 0.1122 
          47  1 0.1124 0.1154 0.1064 0.1114 0.1119 0.1133 0.1108 0.1095 0.1090 
          48  1 0.1118 0.1141 0.1099 0.1085 0.1159 0.1142 0.1104 0.1048 0.1105 
          49  1 0.1148 0.1090 0.1146 0.1177 0.1088 0.1046 0.1106 0.1149 0.1051 
          50  1 0.1211 0.1102 0.1129 0.1115 0.1068 0.1093 0.1016 0.1102 0.1166 
          51  1 0.1029 0.1045 0.1179 0.1135 0.1032 0.1132 0.1173 0.1120 0.1155 
          52  1 0.1090 0.1057 0.1135 0.1125 0.1042 0.1132 0.1111 0.1154 0.1153 
          53  1 0.1109 0.1030 0.1161 0.1077 0.1035 0.1151 0.1160 0.1087 0.1191 
          54  1 0.1112 0.1133 0.1188 0.1133 0.1021 0.1079 0.1135 0.1110 0.1089 
          55  1 0.1142 0.1106 0.1074 0.1180 0.1057 0.1156 0.1098 0.1130 0.1057 
          56  1 0.1184 0.1134 0.1122 0.1066 0.1083 0.1113 0.1056 0.1081 0.1160 
          57  1 0.1074 0.1094 0.1130 0.1219 0.1054 0.1143 0.1103 0.1108 0.1074 
          58  1 0.1014 0.1026 0.1153 0.1114 0.1028 0.1124 0.1155 0.1142 0.1243 
          59  1 0.1058 0.1024 0.1150 0.1116 0.1048 0.1045 0.1180 0.1099 0.1278 
          60  1 0.1094 0.1104 0.1089 0.1065 0.1107 0.1102 0.1092 0.1125 0.1221 
          61  1 0.1128 0.1122 0.1100 0.1067 0.1197 0.1153 0.1103 0.1028 0.1102 
          62  1 0.1163 0.1082 0.1087 0.1149 0.1063 0.1177 0.1114 0.1070 0.1094 
          63  1 0.1124 0.1140 0.1082 0.1131 0.1112 0.1147 0.1047 0.1098 0.1120 
          64  1 0.1187 0.1104 0.1208 0.1150 0.1055 0.1084 0.1041 0.1106 0.1065 
          65  1 0.1101 0.1126 0.1102 0.1193 0.1109 0.1076 0.1106 0.1073 0.1114 
          66  1 0.1119 0.1212 0.1046 0.1065 0.1266 0.1090 0.1090 0.1059 0.1053 
          67  1 0.1066 0.1109 0.1135 0.1092 0.1107 0.1131 0.1088 0.1164 0.1109 
          68  1 0.1095 0.1118 0.1092 0.1121 0.1120 0.1132 0.1077 0.1149 0.1097 
          69  1 0.1148 0.1116 0.1121 0.1138 0.1132 0.1075 0.1074 0.1069 0.1126 
          70  1 0.1095 0.1042 0.1206 0.1070 0.1063 0.1116 0.1122 0.1151 0.1134 
          71  1 0.1065 0.1094 0.1160 0.1083 0.1010 0.1074 0.1152 0.1202 0.1159 
          72  1 0.1095 0.1112 0.1167 0.1104 0.1097 0.1145 0.1089 0.1109 0.1081 
          73  1 0.1119 0.1139 0.1161 0.1129 0.1153 0.1100 0.1069 0.1053 0.1078 
          74  1 0.0981 0.1046 0.1147 0.1098 0.1028 0.1146 0.1127 0.1145 0.1282 
          75  1 0.1121 0.1158 0.1043 0.1172 0.1199 0.1105 0.1058 0.1080 0.1064 
          76  1 0.1165 0.1111 0.1039 0.1140 0.1152 0.1159 0.1085 0.1116 0.1034 
          77  1 0.1201 0.1128 0.1137 0.1138 0.1086 0.1067 0.1097 0.1094 0.1053 
          78  1 0.1237 0.1145 0.1143 0.1132 0.1086 0.1023 0.1140 0.1060 0.1034 
          79  1 0.1140 0.1136 0.1106 0.1066 0.1153 0.1119 0.1057 0.1117 0.1107 
          80  1 0.1077 0.1064 0.1062 0.1102 0.1077 0.1174 0.1161 0.1150 0.1134 
          81  1 0.1095 0.1164 0.1048 0.1186 0.1068 0.1125 0.1097 0.1127 0.1089 
          82  1 0.1104 0.1081 0.1084 0.1116 0.1125 0.1090 0.1122 0.1116 0.1162 
          83  1 0.1125 0.1100 0.1096 0.1134 0.1104 0.1072 0.1151 0.1126 0.1092 
          84  1 0.1125 0.1143 0.1071 0.1101 0.1157 0.1097 0.1085 0.1091 0.1131 
          85  1 0.1078 0.1124 0.1048 0.1070 0.1163 0.1087 0.1224 0.1042 0.1164 
          86  1 0.1093 0.1105 0.1198 0.1129 0.1122 0.1055 0.1082 0.1095 0.1121 
          87  1 0.1123 0.1089 0.1084 0.1169 0.1111 0.1139 0.1124 0.1066 0.1096 
          88  1 0.1075 0.1084 0.1137 0.1065 0.1102 0.1116 0.1192 0.1125 0.1103 
          89  1 0.1062 0.1121 0.1126 0.1114 0.1075 0.1141 0.1148 0.1106 0.1108 
          90  1 0.1077 0.1095 0.1090 0.1111 0.1133 0.1115 0.1159 0.1100 0.1120 
          91  1 0.1077 0.1123 0.1096 0.1214 0.1100 0.1088 0.1102 0.1108 0.1091 
          92  1 0.1142 0.1152 0.1048 0.1131 0.1145 0.1165 0.1117 0.1034 0.1066 
          93  1 0.1088 0.1102 0.1112 0.1171 0.1060 0.1130 0.1117 0.1129 0.1090 
          94  1 0.1048 0.1007 0.1207 0.1037 0.0989 0.1108 0.1107 0.1230 0.1267 
          95  1 0.1101 0.1129 0.1178 0.1034 0.1048 0.1118 0.1164 0.1115 0.1114 
          96  1 0.1086 0.1127 0.1089 0.1130 0.1136 0.1116 0.1078 0.1101 0.1137 
          97  1 0.1134 0.1120 0.1082 0.1212 0.1075 0.1157 0.1075 0.1082 0.1063 
          98  1 0.1141 0.1092 0.1126 0.1227 0.1071 0.1087 0.1102 0.1090 0.1064 
          99  1 0.1152 0.1130 0.1096 0.1185 0.1163 0.1074 0.1064 0.1055 0.1080 
         100  1 0.1108 0.1089 0.1057 0.1163 0.1095 0.1125 0.1208 0.1100 0.1056 
         101  1 0.1178 0.1115 0.1156 0.1122 0.1072 0.1113 0.1055 0.1136 0.1052 
         102  1 0.1093 0.1128 0.1088 0.1113 0.1116 0.1148 0.1131 0.1115 0.1068 
         103  1 0.1117 0.1108 0.1110 0.1183 0.1100 0.1125 0.1087 0.1092 0.1078 
         104  1 0.1144 0.1134 0.1130 0.1159 0.1066 0.1104 0.1074 0.1082 0.1107 
         105  1 0.1064 0.1113 0.1102 0.1082 0.1077 0.1172 0.1106 0.1121 0.1163 
         106  1 0.1112 0.1067 0.1072 0.1097 0.1144 0.1095 0.1166 0.1129 0.1117 
         107  1 0.0972 0.1014 0.1144 0.1052 0.1054 0.1070 0.1151 0.1235 0.1308 
         108  1 0.1122 0.1150 0.1130 0.1125 0.1034 0.1062 0.1206 0.1085 0.1085 
         109  1 0.1123 0.1130 0.0977 0.1014 0.1267 0.1104 0.1198 0.1090 0.1096 
         110  1 0.1099 0.1085 0.1071 0.1088 0.1091 0.1154 0.1051 0.1195 0.1165 
         111  1 0.1130 0.1099 0.1115 0.0999 0.1128 0.1139 0.1097 0.1145 0.1149 
         112  1 0.1153 0.1164 0.1074 0.1109 0.1171 0.1114 0.1094 0.1050 0.1072 
         113  1 0.1084 0.1139 0.1136 0.1071 0.1131 0.1091 0.1111 0.1124 0.1114 
         114  1 0.1124 0.1120 0.1109 0.1077 0.1106 0.1123 0.1129 0.1131 0.1080 
         115  1 0.1067 0.1111 0.1129 0.1043 0.1153 0.1155 0.1080 0.1174 0.1087 
         116  1 0.1152 0.1102 0.1114 0.1161 0.1098 0.1108 0.1110 0.1101 0.1054 
         117  1 0.1096 0.1111 0.1125 0.1155 0.1052 0.1095 0.1078 0.1147 0.1141 
         118  1 0.1156 0.1134 0.1098 0.1144 0.1121 0.1100 0.1117 0.1083 0.1047 
         119  1 0.1139 0.1026 0.1127 0.1137 0.1077 0.1082 0.1122 0.1179 0.1111 
         120  1 0.1130 0.1128 0.1145 0.1038 0.1103 0.1119 0.1088 0.1113 0.1137 
         121  1 0.1146 0.1092 0.1111 0.1106 0.1135 0.1119 0.1102 0.1104 0.1086 
         122  1 0.1117 0.1141 0.1096 0.1121 0.1123 0.1079 0.1148 0.1115 0.1061 
         123  1 0.1124 0.1208 0.1070 0.1130 0.1151 0.1097 0.1126 0.1033 0.1060 
         124  1 0.1020 0.0975 0.1259 0.1057 0.0955 0.1056 0.1101 0.1313 0.1264 
         125  1 0.1095 0.1084 0.1103 0.1076 0.1185 0.1133 0.1123 0.1078 0.1123 
         126  1 0.1127 0.1128 0.1170 0.1059 0.1091 0.1127 0.1024 0.1111 0.1163 
         127  1 0.1088 0.1106 0.1136 0.1066 0.1080 0.1119 0.1084 0.1150 0.1171 
         128  1 0.1104 0.1098 0.1131 0.1143 0.1067 0.1131 0.1130 0.1118 0.1078 
         129  1 0.1153 0.1136 0.1136 0.1109 0.1091 0.1123 0.1086 0.1113 0.1054 
         130  1 0.1111 0.1159 0.1116 0.1127 0.1111 0.1084 0.1118 0.1072 0.1102 
         131  1 0.1109 0.1098 0.1015 0.1141 0.1105 0.1090 0.1219 0.1091 0.1133 
         132  1 0.1077 0.1019 0.1161 0.1029 0.1088 0.1088 0.1125 0.1207 0.1205 
         133  1 0.1131 0.1148 0.1041 0.1153 0.1144 0.1150 0.1158 0.1049 0.1024 
         134  1 0.1112 0.1169 0.1062 0.1132 0.1277 0.1156 0.1048 0.0971 0.1072 
         135  1 0.1089 0.1106 0.1116 0.1091 0.1126 0.1186 0.1071 0.1145 0.1071 
         136  1 0.1082 0.1098 0.1114 0.1077 0.1092 0.1184 0.1141 0.1124 0.1088 
         137  1 0.1187 0.1202 0.1159 0.1065 0.1105 0.1070 0.1123 0.1048 0.1040 
         138  1 0.1149 0.1147 0.1105 0.1152 0.1131 0.1076 0.1121 0.1054 0.1066 
         139  1 0.1136 0.1101 0.1146 0.1095 0.1052 0.1088 0.1099 0.1148 0.1136 
         140  1 0.1099 0.1105 0.1140 0.1160 0.1065 0.1121 0.1080 0.1156 0.1074 
         141  1 0.1126 0.1091 0.1104 0.1097 0.1167 0.1104 0.1086 0.1075 0.1151 
         142  1 0.1209 0.1180 0.1139 0.1147 0.1118 0.1107 0.1018 0.1057 0.1025 
         143  1 0.1181 0.1114 0.1165 0.1066 0.1124 0.1079 0.1042 0.1091 0.1137 
         144  1 0.1112 0.1187 0.1112 0.1146 0.1128 0.1119 0.1081 0.1070 0.1044 
         145  1 0.1099 0.1131 0.1060 0.1206 0.1097 0.1123 0.1105 0.1114 0.1063 
         146  1 0.1172 0.1143 0.1147 0.1095 0.1118 0.1070 0.1078 0.1102 0.1076 
         147  1 0.1128 0.1099 0.1102 0.1105 0.1138 0.1132 0.1083 0.1095 0.1118 
         148  1 0.1173 0.1107 0.1119 0.1116 0.1157 0.1088 0.1087 0.1081 0.1072 
         149  1 0.1162 0.1104 0.1046 0.1101 0.1197 0.1124 0.1050 0.1073 0.1144 
         150  1 0.1136 0.1140 0.1092 0.1139 0.1136 0.1092 0.1108 0.1075 0.1081 
         151  1 0.1114 0.1130 0.1111 0.1163 0.1081 0.1118 0.1122 0.1104 0.1058 
         152  1 0.1082 0.1095 0.1082 0.1091 0.1143 0.1080 0.1113 0.1124 0.1191 
         153  1 0.1091 0.1101 0.1088 0.1200 0.1102 0.1052 0.1145 0.1130 0.1090 
         154  1 0.1185 0.1186 0.1025 0.1103 0.1209 0.1167 0.1063 0.1035 0.1026 
         155  1 0.1120 0.1119 0.1080 0.1094 0.1037 0.1202 0.1171 0.1104 0.1073 
         156  1 0.1165 0.1112 0.1113 0.1153 0.1077 0.1067 0.1122 0.1112 0.1079 
         157  1 0.1081 0.1129 0.1009 0.1013 0.1168 0.1122 0.1192 0.1138 0.1149 
         158  1 0.1179 0.1123 0.1040 0.1119 0.1204 0.1109 0.1082 0.1080 0.1063 
         159  1 0.1109 0.1118 0.1110 0.1064 0.1164 0.1143 0.1084 0.1076 0.1132 
         160  1 0.1119 0.1111 0.1103 0.1120 0.1107 0.1113 0.1084 0.1128 0.1115 
         161  1 0.1116 0.1134 0.1067 0.1145 0.1147 0.1134 0.1132 0.1061 0.1065 
         162  1 0.1104 0.1073 0.1110 0.1127 0.1101 0.1174 0.1130 0.1105 0.1075 
         163  1 0.1080 0.1106 0.1198 0.1060 0.1109 0.1128 0.1085 0.1125 0.1108 
         164  1 0.1072 0.1109 0.1094 0.1087 0.1087 0.1139 0.1124 0.1120 0.1169 
         165  1 0.1071 0.1069 0.1143 0.1080 0.1115 0.1128 0.1077 0.1176 0.1141 
         166  1 0.1080 0.1098 0.1133 0.1143 0.1050 0.1107 0.1092 0.1169 0.1127 
         167  1 0.1098 0.1135 0.1088 0.1103 0.1145 0.1141 0.1053 0.1115 0.1122 
         168  1 0.1048 0.1099 0.1102 0.1130 0.1108 0.1110 0.1168 0.1108 0.1126 
         169  1 0.1103 0.1104 0.1183 0.1081 0.1056 0.1129 0.1125 0.1142 0.1077 
         170  1 0.1150 0.1086 0.1123 0.1158 0.1098 0.1105 0.1102 0.1110 0.1068 
         171  1 0.1192 0.1137 0.1129 0.1027 0.1123 0.1144 0.1037 0.1080 0.1131 
         172  1 0.1127 0.1102 0.1191 0.1082 0.1013 0.1058 0.1144 0.1120 0.1163 
         173  1 0.1128 0.1155 0.1099 0.1085 0.1160 0.1133 0.1077 0.1089 0.1075 
         174  1 0.1070 0.1117 0.1099 0.1088 0.1177 0.1075 0.1089 0.1120 0.1164 
         175  1 0.1082 0.1091 0.1124 0.1096 0.1085 0.1093 0.1139 0.1132 0.1157 
         176  1 0.1082 0.1091 0.1159 0.1047 0.1078 0.1125 0.1116 0.1143 0.1160 
         177  1 0.1072 0.1123 0.1028 0.1145 0.1167 0.1115 0.1150 0.1078 0.1122 
         178  1 0.1118 0.1098 0.1118 0.1139 0.1076 0.1136 0.1079 0.1130 0.1107 
         179  1 0.1130 0.1129 0.1072 0.1100 0.1194 0.1168 0.1099 0.1071 0.1038 
         180  1 0.1154 0.1076 0.1149 0.1075 0.1049 0.1061 0.1085 0.1179 0.1173 
         181  1 0.1148 0.1081 0.1104 0.1240 0.1078 0.1120 0.1059 0.1117 0.1053 
         182  1 0.1066 0.1087 0.1127 0.1171 0.1082 0.1104 0.1140 0.1120 0.1105 
         183  1 0.1146 0.1079 0.1096 0.1118 0.1089 0.1061 0.1171 0.1095 0.1145 
         184  1 0.1127 0.1126 0.1139 0.1087 0.1098 0.1114 0.1081 0.1129 0.1099 
         185  1 0.1164 0.1093 0.1121 0.1170 0.1111 0.1120 0.1111 0.1072 0.1038 
         186  1 0.1091 0.1046 0.1128 0.1081 0.1082 0.1114 0.1118 0.1148 0.1191 
         187  1 0.1152 0.1047 0.1109 0.1072 0.1035 0.1122 0.1109 0.1187 0.1167 
         188  1 0.1144 0.1109 0.1084 0.1212 0.1071 0.1072 0.1118 0.1128 0.1062 
         189  1 0.1117 0.1102 0.1071 0.1131 0.1133 0.1089 0.1142 0.1110 0.1106 
         190  1 0.1166 0.1114 0.1117 0.1156 0.1083 0.1100 0.1074 0.1080 0.1111 
         191  1 0.1174 0.1081 0.1114 0.1127 0.1101 0.1096 0.1033 0.1159 0.1116 
         192  1 0.1149 0.1205 0.1108 0.1087 0.1138 0.1130 0.1058 0.1062 0.1064 
         193  1 0.1051 0.1116 0.1020 0.1159 0.1151 0.1151 0.1197 0.1064 0.1091 
         194  1 0.1160 0.1131 0.1113 0.1087 0.1162 0.1129 0.1057 0.1107 0.1056 
         195  1 0.1117 0.1126 0.1085 0.1077 0.1180 0.1143 0.1073 0.1108 0.1091 
         196  1 0.1138 0.1112 0.1093 0.1161 0.1103 0.1114 0.1107 0.1107 0.1064 
         197  1 0.1141 0.1136 0.1141 0.1125 0.1161 0.1123 0.1061 0.1056 0.1056 
         198  1 0.1100 0.1085 0.1113 0.1096 0.1067 0.1119 0.1112 0.1151 0.1157 
         199  1 0.1142 0.1098 0.1067 0.1127 0.1138 0.1143 0.1122 0.1044 0.1118 
         200  1 0.1126 0.1185 0.1147 0.1113 0.1166 0.1109 0.1059 0.1028 0.1067 
         201  1 0.1151 0.1065 0.1071 0.1219 0.1059 0.1093 0.1137 0.1131 0.1074 
         202  1 0.1037 0.1073 0.1112 0.1116 0.1091 0.1097 0.1200 0.1106 0.1167 
         203  1 0.1171 0.1130 0.1125 0.1120 0.1099 0.1121 0.1038 0.1128 0.1068 
         204  1 0.1063 0.1102 0.1114 0.1060 0.1120 0.1083 0.1120 0.1115 0.1221 
         205  1 0.1148 0.1077 0.1095 0.1137 0.1113 0.1099 0.1111 0.1122 0.1099 
         206  1 0.1101 0.1093 0.1070 0.1101 0.1116 0.1071 0.1159 0.1153 0.1136 
         207  1 0.1041 0.1018 0.1196 0.1073 0.1040 0.1074 0.1140 0.1232 0.1187 
         208  1 0.1062 0.1099 0.1086 0.1067 0.1180 0.1151 0.1122 0.1130 0.1103 
         209  1 0.1088 0.1175 0.1096 0.1135 0.1112 0.1100 0.1091 0.1097 0.1106 
         210  1 0.1189 0.1128 0.1114 0.1043 0.1110 0.1174 0.1064 0.1042 0.1137 
         211  1 0.1074 0.1160 0.1028 0.1079 0.1444 0.1110 0.1053 0.1008 0.1045 
         212  1 0.1051 0.1125 0.1125 0.1204 0.1086 0.1169 0.1081 0.1077 0.1083 
         213  1 0.1142 0.1136 0.1088 0.1116 0.1116 0.1076 0.1112 0.1074 0.1140 
         214  1 0.1142 0.1171 0.1107 0.1010 0.1150 0.1168 0.1109 0.1076 0.1065 
         215  1 0.1096 0.1192 0.1144 0.1064 0.1096 0.1130 0.1070 0.1082 0.1126 
         216  1 0.1176 0.1148 0.1100 0.1114 0.1070 0.1112 0.1059 0.1129 0.1091 
         217  1 0.1174 0.1156 0.1135 0.1119 0.1139 0.1009 0.1077 0.1060 0.1130 
         218  1 0.1072 0.1081 0.1124 0.1063 0.1046 0.1149 0.1111 0.1170 0.1184 
         219  1 0.1131 0.1137 0.1029 0.1117 0.1100 0.1104 0.1160 0.1096 0.1127 
         220  1 0.1082 0.1096 0.1023 0.1100 0.1180 0.1080 0.1194 0.1091 0.1154 
         221  1 0.1070 0.1100 0.1101 0.1101 0.1167 0.1142 0.1098 0.1119 0.1102 
         222  1 0.1035 0.1046 0.1166 0.1074 0.1062 0.1092 0.1151 0.1169 0.1205 
         223  1 0.1063 0.1029 0.1129 0.1093 0.1018 0.1113 0.1129 0.1115 0.1311 
         224  1 0.1112 0.1071 0.1188 0.1009 0.1004 0.1073 0.1106 0.1185 0.1251 
         225  1 0.1080 0.1075 0.1180 0.1091 0.1079 0.1094 0.1097 0.1158 0.1146 
         226  1 0.1119 0.1098 0.1132 0.1090 0.1124 0.1116 0.1108 0.1108 0.1105 
         227  1 0.1090 0.1078 0.1180 0.1054 0.1026 0.1153 0.1089 0.1161 0.1169 
         228  1 0.1078 0.1137 0.1048 0.1126 0.1178 0.1117 0.1145 0.1073 0.1097 
         229  1 0.1094 0.1119 0.1127 0.1142 0.1108 0.1139 0.1087 0.1096 0.1088 
         230  1 0.1115 0.1125 0.1092 0.1133 0.1117 0.1119 0.1097 0.1109 0.1091 
         231  1 0.1175 0.1103 0.1148 0.1198 0.1073 0.1066 0.1104 0.1093 0.1039 
         232  1 0.1201 0.1122 0.1134 0.1106 0.1087 0.1082 0.1110 0.1109 0.1049 
         233  1 0.1050 0.1145 0.1151 0.1094 0.1144 0.1096 0.1081 0.1098 0.1142 
         234  1 0.1139 0.1147 0.1123 0.1154 0.1121 0.1096 0.1066 0.1106 0.1048 
         235  1 0.1179 0.1110 0.1165 0.1193 0.1051 0.1091 0.1095 0.1085 0.1030 
         236  1 0.1155 0.1148 0.1038 0.1112 0.1171 0.1109 0.1110 0.1092 0.1065 
         237  1 0.1110 0.1095 0.1139 0.1249 0.1084 0.1089 0.1068 0.1116 0.1052 
         238  1 0.1141 0.1126 0.1103 0.1098 0.1108 0.1155 0.1114 0.1089 0.1066 
         239  1 0.1121 0.1103 0.1133 0.1128 0.1061 0.1109 0.1173 0.1125 0.1047 
         240  1 0.1050 0.1089 0.1108 0.1101 0.1131 0.1070 0.1128 0.1159 0.1165 
         241  1 0.1210 0.1105 0.1166 0.1140 0.1081 0.1061 0.1100 0.1107 0.1031 
         242  1 0.1146 0.1118 0.1133 0.1035 0.1070 0.1168 0.1115 0.1142 0.1074 
         243  1 0.1103 0.1150 0.1081 0.1060 0.1149 0.1148 0.1109 0.1093 0.1106 
         244  1 0.1091 0.1120 0.1114 0.1142 0.1146 0.1092 0.1149 0.1073 0.1073 
         245  1 0.1145 0.1096 0.1160 0.1085 0.1106 0.1109 0.1075 0.1111 0.1114 
         246  1 0.1096 0.1112 0.1082 0.1133 0.1089 0.1086 0.1153 0.1112 0.1136 
         247  1 0.1093 0.1086 0.1090 0.1091 0.1115 0.1133 0.1067 0.1174 0.1150 
         248  1 0.1164 0.1103 0.1103 0.1156 0.1086 0.1187 0.1103 0.1040 0.1059 
         249  1 0.1093 0.1090 0.1060 0.1095 0.1148 0.1068 0.1244 0.1113 0.1088 
         250  1 0.1145 0.1113 0.1178 0.1151 0.1058 0.1070 0.1054 0.1152 0.1079 
         251  1 0.1109 0.1089 0.1110 0.1204 0.1029 0.1103 0.1146 0.1097 0.1114 
         252  1 0.1084 0.1201 0.1116 0.1069 0.1192 0.1112 0.1052 0.1100 0.1074 
         253  1 0.1084 0.1109 0.1024 0.1130 0.1178 0.1212 0.1116 0.1093 0.1054 
         254  1 0.1119 0.1120 0.1072 0.1099 0.1092 0.1094 0.1123 0.1148 0.1133 
         255  1 0.1133 0.1098 0.1046 0.1067 0.1246 0.1146 0.1129 0.1050 0.1085 
         256  1 0.1124 0.1161 0.1057 0.1082 0.1153 0.1138 0.1086 0.1065 0.1134 
         257  1 0.1104 0.1159 0.1058 0.1119 0.1230 0.1115 0.1086 0.1065 0.1066 
         258  1 0.1136 0.1122 0.1059 0.1058 0.1180 0.1141 0.1140 0.1056 0.1109 
         259  1 0.1149 0.1140 0.1056 0.1084 0.1247 0.1155 0.1078 0.1030 0.1061 
         260  1 0.1139 0.1144 0.1096 0.1118 0.1217 0.1091 0.1083 0.1068 0.1043 
         261  1 0.1044 0.1004 0.1163 0.1068 0.0968 0.1044 0.1197 0.1154 0.1358 
         262  1 0.1088 0.1107 0.1122 0.1097 0.1194 0.1112 0.1083 0.1098 0.1098 
         263  1 0.1152 0.1103 0.1109 0.1208 0.1050 0.1077 0.1137 0.1084 0.1081 
         264  1 0.1144 0.1134 0.1108 0.1085 0.1155 0.1067 0.1075 0.1094 0.1139 
         265  1 0.1126 0.1159 0.1124 0.1155 0.1146 0.1072 0.1113 0.1073 0.1033 
         266  1 0.1112 0.1100 0.1139 0.1155 0.1048 0.1119 0.1086 0.1129 0.1112 
         267  1 0.1101 0.1179 0.1128 0.1090 0.1182 0.1118 0.1076 0.1012 0.1115 
         268  1 0.1021 0.1035 0.1081 0.1067 0.1063 0.1091 0.1196 0.1170 0.1277 
         269  1 0.1069 0.1148 0.1030 0.1107 0.1317 0.1110 0.1107 0.1057 0.1054 
         270  1 0.1102 0.1107 0.1122 0.1164 0.1104 0.1050 0.1104 0.1102 0.1145 
         271  1 0.1134 0.1088 0.1113 0.1137 0.1014 0.1148 0.1086 0.1182 0.1097 
         272  1 0.1144 0.1164 0.1112 0.1079 0.1138 0.1090 0.1101 0.1053 0.1121 
         273  1 0.1127 0.1086 0.1089 0.1188 0.1068 0.1158 0.1096 0.1100 0.1089 
         274  1 0.1186 0.1120 0.1059 0.1146 0.1194 0.1064 0.1098 0.1062 0.1069 
         275  1 0.1093 0.1160 0.1045 0.1122 0.1259 0.1108 0.1110 0.1009 0.1094 
         276  1 0.1033 0.1023 0.1097 0.1096 0.1056 0.1078 0.1152 0.1251 0.1214 
         277  1 0.1076 0.1060 0.1182 0.1081 0.1104 0.1104 0.1070 0.1166 0.1157 
         278  1 0.1066 0.1027 0.1110 0.1043 0.1113 0.1063 0.1255 0.1121 0.1203 
         279  1 0.1135 0.1070 0.1150 0.1117 0.1122 0.1061 0.1046 0.1157 0.1143 
         280  1 0.1069 0.1085 0.1067 0.1056 0.1123 0.1133 0.1163 0.1089 0.1215 
         281  1 0.1119 0.1089 0.1118 0.1259 0.1064 0.1090 0.1090 0.1102 0.1069 
         282  1 0.1122 0.1063 0.1132 0.1136 0.1071 0.1093 0.1163 0.1099 0.1120 
         283  1 0.1126 0.1110 0.1180 0.1064 0.1059 0.1115 0.1085 0.1107 0.1155 
         284  1 0.1197 0.1094 0.1115 0.1132 0.1036 0.1054 0.1084 0.1107 0.1180 
         285  1 0.1089 0.1123 0.1078 0.1219 0.1085 0.1119 0.1122 0.1104 0.1061 
         286  1 0.1112 0.1107 0.1050 0.1028 0.1171 0.1127 0.1136 0.1127 0.1142 
         287  1 0.1119 0.1136 0.1104 0.1111 0.1049 0.1133 0.1142 0.1103 0.1102 
         288  1 0.1089 0.1152 0.1084 0.1148 0.1102 0.1108 0.1082 0.1130 0.1105 
         289  1 0.1107 0.1134 0.1201 0.1185 0.1024 0.1106 0.1070 0.1116 0.1057 
         290  1 0.1139 0.1075 0.1132 0.1138 0.0991 0.1067 0.1086 0.1153 0.1220 
         291  1 0.1109 0.1109 0.1114 0.1085 0.1163 0.1097 0.1091 0.1082 0.1150 
         292  1 0.1119 0.1096 0.1136 0.1204 0.1083 0.1120 0.1091 0.1080 0.1071 
         293  1 0.1165 0.1124 0.1149 0.1185 0.1075 0.1052 0.1108 0.1098 0.1044 
         294  1 0.1101 0.1130 0.1133 0.1092 0.1061 0.1142 0.1139 0.1127 0.1076 
         295  1 0.1254 0.1179 0.1098 0.1083 0.1168 0.1077 0.1045 0.1042 0.1055 
         296  1 0.1046 0.1068 0.1141 0.1021 0.1050 0.1119 0.1138 0.1111 0.1305 
         297  1 0.1098 0.1123 0.1143 0.1118 0.1101 0.1089 0.1132 0.1115 0.1082 
         298  1 0.1185 0.1140 0.1103 0.1106 0.1146 0.1098 0.1058 0.1119 0.1045 
         299  1 0.1115 0.1110 0.1180 0.1113 0.1046 0.1092 0.1117 0.1118 0.1110 
         300  1 0.1065 0.1101 0.1079 0.1057 0.1190 0.1118 0.1087 0.1137 0.1166 
         301  1 0.1132 0.1091 0.1106 0.1154 0.1090 0.1103 0.1126 0.1091 0.1107 
         302  1 0.1085 0.1125 0.1098 0.1113 0.1122 0.1139 0.1104 0.1092 0.1121 
         303  1 0.1115 0.1171 0.1108 0.1114 0.1133 0.1109 0.1091 0.1101 0.1056 
         304  1 0.1113 0.1132 0.1129 0.1054 0.1087 0.1121 0.1040 0.1186 0.1137 
         305  1 0.1111 0.1147 0.1108 0.1062 0.1085 0.1127 0.1054 0.1147 0.1159 
         306  1 0.1150 0.1121 0.1057 0.1099 0.1155 0.1126 0.1099 0.1097 0.1096 
         307  1 0.1074 0.1160 0.1127 0.1144 0.1150 0.1148 0.1099 0.1041 0.1058 
         308  1 0.1107 0.1134 0.1108 0.1152 0.1142 0.1098 0.1069 0.1074 0.1116 
         309  1 0.1135 0.1080 0.1036 0.1260 0.1084 0.1121 0.1136 0.1056 0.1091 
         310  1 0.1125 0.1121 0.1097 0.1090 0.1128 0.1173 0.1117 0.1057 0.1091 
         311  1 0.1080 0.1100 0.1096 0.1080 0.1107 0.1133 0.1157 0.1132 0.1116 
         312  1 0.1144 0.1106 0.1129 0.1053 0.1053 0.1107 0.1087 0.1144 0.1177 
         313  1 0.1074 0.1139 0.1056 0.1149 0.1203 0.1099 0.1099 0.1087 0.1096 
         314  1 0.1234 0.1186 0.1225 0.1005 0.1052 0.1051 0.1118 0.1084 0.1046 
         315  1 0.1160 0.1151 0.1153 0.1044 0.1144 0.1099 0.1084 0.1074 0.1091 
         316  1 0.1213 0.1144 0.1135 0.1077 0.1153 0.1022 0.1089 0.1120 0.1047 
         317  1 0.1156 0.1097 0.1153 0.1071 0.1036 0.1053 0.1100 0.1172 0.1161 
         318  1 0.1142 0.1175 0.1050 0.1258 0.1123 0.1075 0.1092 0.1039 0.1046 
         319  1 0.1140 0.1184 0.1021 0.1051 0.1225 0.1058 0.1191 0.1019 0.1112 
         320  1 0.1153 0.1127 0.1121 0.1060 0.1108 0.1108 0.1103 0.1133 0.1087 
         321  1 0.1115 0.1118 0.1100 0.1102 0.1154 0.1120 0.1120 0.1087 0.1083 
         322  1 0.1155 0.1106 0.1127 0.1156 0.1034 0.1091 0.1091 0.1131 0.1109 
         323  1 0.1157 0.1113 0.1161 0.0968 0.1017 0.1140 0.1099 0.1219 0.1127 
         324  1 0.1103 0.1120 0.1058 0.1048 0.1246 0.1136 0.1114 0.1049 0.1124 
         325  1 0.1251 0.1141 0.1106 0.1124 0.1038 0.1104 0.1089 0.1074 0.1072 
         326  1 0.1127 0.1185 0.1003 0.1150 0.1228 0.1127 0.1095 0.1045 0.1040 
         327  1 0.1085 0.1105 0.1138 0.1117 0.1096 0.1105 0.1096 0.1145 0.1115 
         328  1 0.1107 0.1173 0.1076 0.1123 0.1159 0.1185 0.1081 0.1063 0.1033 
         329  1 0.1210 0.1125 0.1076 0.1199 0.1091 0.1111 0.1065 0.1060 0.1064 
         330  1 0.1085 0.1120 0.1133 0.1102 0.1107 0.1125 0.1085 0.1132 0.1112 
         331  1 0.1073 0.1089 0.1061 0.1084 0.1146 0.1108 0.1162 0.1064 0.1213 
         332  1 0.1123 0.1123 0.1067 0.1117 0.1152 0.1104 0.1092 0.1085 0.1137 
         333  1 0.1107 0.1102 0.1156 0.1080 0.1081 0.1084 0.1134 0.1156 0.1100 
         334  1 0.1173 0.1082 0.1171 0.1040 0.1079 0.1097 0.1104 0.1100 0.1154 
         335  1 0.1081 0.1076 0.1122 0.1234 0.1022 0.1060 0.1158 0.1160 0.1088 
         336  1 0.1020 0.0986 0.1150 0.1086 0.0992 0.1120 0.1209 0.1181 0.1257 
         337  1 0.1110 0.1143 0.1084 0.1107 0.1162 0.1162 0.1095 0.1063 0.1073 
         338  1 0.1096 0.1140 0.1061 0.1102 0.1132 0.1146 0.1181 0.1078 0.1063 
         339  1 0.1150 0.1161 0.1125 0.1123 0.1088 0.1091 0.0998 0.1156 0.1109 
         340  1 0.1123 0.1104 0.1069 0.1100 0.1182 0.1071 0.1131 0.1121 0.1100 
         341  1 0.1079 0.1106 0.1057 0.1079 0.1179 0.1118 0.1182 0.1087 0.1113 
         342  1 0.1089 0.1132 0.1123 0.1176 0.1121 0.1096 0.1075 0.1126 0.1062 
         343  1 0.1082 0.1098 0.1102 0.1187 0.1098 0.1129 0.1104 0.1099 0.1101 
         344  1 0.1148 0.1206 0.1057 0.1157 0.1162 0.1091 0.1089 0.1067 0.1023 
         345  1 0.1146 0.1140 0.1078 0.1109 0.1113 0.1152 0.1108 0.1082 0.1073 
         346  1 0.1065 0.1077 0.1134 0.1075 0.1084 0.1095 0.1088 0.1203 0.1181 
         347  1 0.1085 0.1124 0.1107 0.1081 0.1114 0.1102 0.1105 0.1122 0.1161 
         348  1 0.1140 0.1120 0.1061 0.1100 0.1146 0.1136 0.1082 0.1109 0.1106 
         349  1 0.1076 0.1116 0.1102 0.1147 0.1065 0.1106 0.1143 0.1113 0.1134 
         350  1 0.1062 0.1003 0.1118 0.1040 0.1019 0.1099 0.1137 0.1225 0.1298 
         351  1 0.1076 0.1129 0.1115 0.1063 0.1156 0.1125 0.1148 0.1090 0.1098 
         352  1 0.1034 0.1036 0.1195 0.1124 0.0982 0.1159 0.1094 0.1209 0.1166 
         353  1 0.1117 0.1125 0.1113 0.1129 0.1116 0.1114 0.1090 0.1126 0.1071 
         354  1 0.1132 0.1123 0.1065 0.1167 0.1115 0.1135 0.1048 0.1129 0.1087 
         355  1 0.1127 0.1091 0.1143 0.1183 0.1035 0.1091 0.1106 0.1138 0.1085 
         356  1 0.1085 0.1094 0.1141 0.1114 0.1115 0.1093 0.1124 0.1109 0.1125 
         357  1 0.1137 0.1107 0.1105 0.1087 0.1150 0.1159 0.1055 0.1063 0.1137 
         358  1 0.1110 0.1070 0.1050 0.1138 0.1129 0.1113 0.1090 0.1126 0.1174 
         359  1 0.1122 0.1166 0.1030 0.1011 0.1218 0.1105 0.1171 0.1049 0.1127 
         360  1 0.1136 0.1114 0.1064 0.1195 0.1110 0.1108 0.1086 0.1122 0.1065 
         361  1 0.1184 0.1145 0.0983 0.1204 0.1520 0.0988 0.1047 0.0979 0.0950 
         362  1 0.1153 0.1122 0.1135 0.1057 0.1188 0.1118 0.1037 0.1069 0.1121 
         363  1 0.1121 0.1091 0.1151 0.1131 0.1067 0.1118 0.1060 0.1167 0.1094 
         364  1 0.1119 0.1117 0.1101 0.1153 0.1088 0.1090 0.1147 0.1093 0.1094 
         365  1 0.1152 0.1163 0.1084 0.1148 0.1144 0.1082 0.1118 0.1020 0.1088 
         366  1 0.1035 0.1100 0.1165 0.1088 0.1091 0.1078 0.1119 0.1158 0.1167 
         367  1 0.1052 0.1072 0.1130 0.1141 0.1079 0.1084 0.1103 0.1161 0.1179 
         368  1 0.1152 0.1076 0.1172 0.1085 0.1038 0.1154 0.1122 0.1155 0.1045 
         369  1 0.1048 0.1050 0.1135 0.1051 0.1074 0.1155 0.1157 0.1176 0.1155 
         370  1 0.1073 0.1060 0.1117 0.1131 0.1055 0.1137 0.1129 0.1146 0.1152 
         371  1 0.1073 0.1126 0.1120 0.1092 0.1135 0.1087 0.1142 0.1096 0.1128 
         372  1 0.1148 0.1129 0.1149 0.1111 0.1090 0.1119 0.1001 0.1152 0.1101 
         373  1 0.1091 0.1087 0.1179 0.1086 0.1084 0.1122 0.1083 0.1166 0.1100 
         374  1 0.1093 0.1094 0.1061 0.1128 0.1209 0.1162 0.1156 0.1047 0.1049 
         375  1 0.1119 0.1205 0.1118 0.1065 0.1131 0.1078 0.1152 0.1042 0.1090 
         376  1 0.1097 0.1120 0.1131 0.1158 0.1056 0.1082 0.1126 0.1121 0.1108 
         377  1 0.1127 0.1179 0.1083 0.1098 0.1165 0.1099 0.1094 0.1096 0.1059 
         378  1 0.1159 0.1048 0.1158 0.1099 0.1055 0.1123 0.1051 0.1169 0.1137 
         379  1 0.1104 0.1099 0.1136 0.1175 0.1105 0.1130 0.1101 0.1076 0.1074 
         380  1 0.1141 0.1092 0.1109 0.1199 0.1017 0.1118 0.1136 0.1150 0.1038 
         381  1 0.1047 0.1086 0.1142 0.1068 0.1169 0.1105 0.1081 0.1159 0.1144 
         382  1 0.1079 0.1154 0.1114 0.1143 0.1078 0.1072 0.1183 0.1093 0.1084 
         383  1 0.1122 0.1076 0.1105 0.1039 0.1083 0.1148 0.1081 0.1146 0.1200 
         384  1 0.1091 0.1133 0.1134 0.1141 0.1173 0.1116 0.1096 0.1045 0.1070 
         385  1 0.1077 0.1131 0.1091 0.1061 0.1116 0.1058 0.1260 0.1092 0.1114 
         386  1 0.1067 0.1114 0.1208 0.1072 0.1038 0.1116 0.1087 0.1170 0.1129 
         387  1 0.1143 0.1114 0.1115 0.1073 0.1125 0.1132 0.1096 0.1096 0.1105 
         388  1 0.1098 0.1109 0.1075 0.1187 0.1030 0.1135 0.1134 0.1110 0.1122 
         389  1 0.1132 0.1147 0.1117 0.1114 0.1084 0.1118 0.1108 0.1088 0.1091 
         390  1 0.1133 0.1162 0.1105 0.1052 0.1176 0.1106 0.1097 0.1077 0.1093 
         391  1 0.1070 0.1068 0.1114 0.1124 0.1146 0.1136 0.1132 0.1086 0.1123 
         392  1 0.1092 0.1091 0.1059 0.1113 0.1165 0.1127 0.1101 0.1141 0.1110 
         393  1 0.1139 0.1111 0.1121 0.1135 0.1076 0.1119 0.1130 0.1138 0.1032 
         394  1 0.1086 0.1090 0.1121 0.1049 0.1132 0.1097 0.1158 0.1124 0.1142 
         395  1 0.1111 0.1089 0.1086 0.1171 0.1135 0.1083 0.1107 0.1083 0.1135 
         396  1 0.1107 0.1092 0.1074 0.1109 0.1116 0.1090 0.1166 0.1089 0.1157 
         397  1 0.1090 0.1100 0.1116 0.1112 0.1115 0.1113 0.1092 0.1101 0.1162 
         398  1 0.1109 0.1154 0.1041 0.1117 0.1144 0.1067 0.1121 0.1124 0.1123 
         399  1 0.1129 0.1136 0.1166 0.1096 0.1042 0.1094 0.1058 0.1162 0.1116 
         400  1 0.1125 0.1089 0.1147 0.1110 0.1093 0.1116 0.1100 0.1133 0.1087 
         401  1 0.1133 0.1098 0.1005 0.1082 0.1160 0.1112 0.1219 0.1107 0.1084 
         402  1 0.1143 0.1112 0.1093 0.1141 0.1133 0.1080 0.1139 0.1066 0.1093 
         403  1 0.1153 0.1109 0.1161 0.1115 0.1054 0.1076 0.1069 0.1142 0.1121 
         404  1 0.1028 0.1047 0.1127 0.1070 0.1059 0.1101 0.1158 0.1177 0.1234 
         405  1 0.1042 0.1066 0.1130 0.1076 0.1109 0.1138 0.1103 0.1175 0.1161 
         406  1 0.1020 0.1019 0.1117 0.1012 0.0997 0.1050 0.1240 0.1214 0.1331 
         407  1 0.1119 0.1183 0.1039 0.1045 0.1162 0.1128 0.1129 0.1077 0.1118 
         408  1 0.1110 0.1106 0.1131 0.1154 0.1031 0.1080 0.1128 0.1113 0.1146 
         409  1 0.1127 0.1110 0.1085 0.1087 0.1103 0.1102 0.1144 0.1104 0.1138 
         410  1 0.1068 0.1086 0.1193 0.1095 0.1120 0.1092 0.1099 0.1111 0.1137 
         411  1 0.1170 0.1105 0.1016 0.1078 0.1090 0.1089 0.1151 0.1129 0.1173 
         412  1 0.1056 0.1050 0.1124 0.1030 0.1056 0.1090 0.1173 0.1161 0.1261 
         413  1 0.1120 0.1141 0.1056 0.1144 0.1082 0.1118 0.1129 0.1128 0.1082 
         414  1 0.1096 0.1065 0.1113 0.1283 0.0992 0.1081 0.1182 0.1093 0.1094 
         415  1 0.1090 0.1052 0.1155 0.1100 0.1100 0.1091 0.1139 0.1138 0.1135 
         416  1 0.1104 0.1073 0.1187 0.1067 0.1052 0.1121 0.1116 0.1150 0.1130 
         417  1 0.1092 0.1101 0.1111 0.1067 0.1152 0.1087 0.1173 0.1094 0.1123 
         418  1 0.1184 0.1085 0.1103 0.1079 0.1035 0.1107 0.1078 0.1139 0.1191 
         419  1 0.1109 0.1155 0.1086 0.1149 0.1135 0.1117 0.1109 0.1060 0.1079 
         420  1 0.1149 0.1115 0.1118 0.1057 0.1094 0.1007 0.1111 0.1148 0.1200 
         421  1 0.1177 0.1133 0.1063 0.1127 0.1171 0.1131 0.1058 0.1027 0.1114 
         422  1 0.1164 0.1130 0.1121 0.1081 0.1102 0.1139 0.1007 0.1102 0.1153 
         423  1 0.1163 0.1161 0.1124 0.1030 0.1196 0.1105 0.1075 0.1064 0.1082 
         424  1 0.1034 0.1022 0.1140 0.1114 0.0972 0.1103 0.1224 0.1146 0.1246 
         425  1 0.1119 0.1093 0.1103 0.1153 0.1094 0.1144 0.1170 0.1093 0.1031 
         426  1 0.1142 0.1178 0.1034 0.1086 0.1134 0.1134 0.1165 0.1046 0.1081 
         427  1 0.1083 0.1099 0.1175 0.1114 0.1068 0.1094 0.1037 0.1181 0.1150 
         428  1 0.1102 0.1117 0.1064 0.1140 0.1133 0.1119 0.1146 0.1086 0.1093 
         429  1 0.1108 0.1111 0.1125 0.1106 0.1045 0.1097 0.1142 0.1128 0.1137 
         430  1 0.1173 0.1089 0.1102 0.1105 0.1065 0.1070 0.1106 0.1157 0.1133 
         431  1 0.1084 0.1150 0.1041 0.1148 0.1128 0.1106 0.1152 0.1086 0.1105 
         432  1 0.1144 0.1127 0.1139 0.1109 0.1123 0.1123 0.1080 0.1092 0.1062 
         433  1 0.1119 0.1099 0.1133 0.1216 0.1106 0.1076 0.1076 0.1102 0.1072 
         434  1 0.1102 0.1116 0.1121 0.1136 0.1109 0.1082 0.1080 0.1105 0.1149 
         435  1 0.1081 0.1108 0.1129 0.1158 0.1051 0.1020 0.1158 0.1137 0.1159 
         436  1 0.1070 0.1100 0.1125 0.1072 0.1071 0.1131 0.1070 0.1208 0.1154 
         437  1 0.1175 0.1129 0.1063 0.1150 0.1138 0.1109 0.1037 0.1086 0.1113 
         438  1 0.1084 0.1096 0.1114 0.1120 0.1102 0.1111 0.1072 0.1163 0.1139 
         439  1 0.1123 0.1146 0.1073 0.1097 0.1141 0.1136 0.1119 0.1068 0.1096 
         440  1 0.1125 0.1082 0.1119 0.1173 0.1087 0.1115 0.1081 0.1139 0.1078 
         441  1 0.1126 0.1148 0.1134 0.1083 0.1123 0.1102 0.1104 0.1094 0.1086 
         442  1 0.1125 0.1146 0.1081 0.1104 0.1128 0.1132 0.1144 0.1094 0.1046 
         443  1 0.1098 0.1128 0.1135 0.1086 0.1057 0.1056 0.1102 0.1156 0.1182 
         444  1 0.1098 0.1129 0.1062 0.1122 0.1205 0.1121 0.1112 0.1125 0.1027 
         445  1 0.1071 0.1092 0.1097 0.1155 0.1107 0.1146 0.1087 0.1112 0.1133 
         446  1 0.1084 0.1120 0.1118 0.1131 0.1092 0.1094 0.1133 0.1097 0.1131 
         447  1 0.1096 0.1127 0.1082 0.1155 0.1125 0.1129 0.1116 0.1114 0.1055 
         448  1 0.1094 0.1147 0.1111 0.1139 0.1153 0.1082 0.1092 0.1123 0.1059 
         449  1 0.1139 0.1147 0.1063 0.1100 0.1159 0.1098 0.1105 0.1084 0.1105 
         450  1 0.1155 0.1130 0.1040 0.1124 0.1108 0.1126 0.1148 0.1129 0.1040 
         451  1 0.1113 0.1100 0.1094 0.1144 0.1099 0.1122 0.1155 0.1055 0.1118 
         452  1 0.1149 0.1078 0.1206 0.1061 0.1004 0.1078 0.1085 0.1175 0.1164 
         453  1 0.1037 0.1019 0.1116 0.1035 0.1042 0.1097 0.1140 0.1150 0.1365 
         454  1 0.1114 0.1118 0.1092 0.1130 0.1069 0.1152 0.1065 0.1151 0.1110 
         455  1 0.1084 0.1104 0.1114 0.1142 0.1057 0.1127 0.1123 0.1109 0.1139 
         456  1 0.1135 0.1111 0.1107 0.1158 0.1087 0.1115 0.1074 0.1123 0.1091 
         457  1 0.1013 0.1003 0.1145 0.1019 0.1041 0.1154 0.1178 0.1166 0.1281 
         458  1 0.1063 0.1088 0.1107 0.1134 0.1069 0.1157 0.1106 0.1143 0.1132 
         459  1 0.1145 0.1115 0.1140 0.1191 0.1051 0.1087 0.1075 0.1123 0.1073 
         460  1 0.1063 0.1084 0.1115 0.1151 0.1135 0.1108 0.1141 0.1109 0.1093 
         461  1 0.1127 0.1050 0.1172 0.1156 0.1096 0.1047 0.1042 0.1175 0.1135 
         462  1 0.1110 0.1128 0.1176 0.1014 0.1045 0.1134 0.1137 0.1139 0.1116 
         463  1 0.1085 0.1138 0.1146 0.1066 0.1101 0.1095 0.1125 0.1119 0.1126 
         464  1 0.1051 0.1087 0.1166 0.1084 0.1115 0.1086 0.1139 0.1108 0.1163 
         465  1 0.1104 0.1137 0.1087 0.1111 0.1193 0.1082 0.1141 0.1048 0.1097 
         466  1 0.1060 0.1100 0.1118 0.1096 0.1077 0.1116 0.1119 0.1151 0.1162 
         467  1 0.1072 0.1137 0.1061 0.1159 0.1108 0.1144 0.1110 0.1109 0.1100 
         468  1 0.1086 0.1110 0.1094 0.1130 0.1100 0.1145 0.1104 0.1143 0.1088 
         469  1 0.1167 0.1202 0.1157 0.1129 0.1048 0.1003 0.1165 0.1110 0.1019 
         470  1 0.1135 0.1093 0.1097 0.1158 0.1064 0.1191 0.1069 0.1096 0.1097 
         471  1 0.1203 0.1091 0.1121 0.1102 0.1046 0.1118 0.1072 0.1135 0.1113 
         472  1 0.1086 0.1125 0.1112 0.1072 0.1146 0.1139 0.1110 0.1094 0.1116 
         473  1 0.1110 0.1208 0.1062 0.1053 0.1157 0.1090 0.1146 0.1077 0.1098 
         474  1 0.1095 0.1103 0.1105 0.1146 0.1105 0.1099 0.1101 0.1127 0.1118 
         475  1 0.1095 0.1123 0.1091 0.1097 0.1104 0.1128 0.1117 0.1101 0.1144 
         476  1 0.1126 0.1190 0.1126 0.1090 0.1113 0.1068 0.1110 0.1080 0.1095 
         477  1 0.1033 0.1007 0.1256 0.1011 0.0943 0.1060 0.1118 0.1266 0.1304 
         478  1 0.1159 0.1110 0.1082 0.1161 0.1094 0.1097 0.1103 0.1084 0.1110 
         479  1 0.1156 0.1092 0.1130 0.1146 0.1136 0.1112 0.1033 0.1115 0.1079 
         480  1 0.1098 0.1087 0.1180 0.1113 0.1128 0.1101 0.1070 0.1121 0.1102 
         481  1 0.1153 0.1125 0.1081 0.1107 0.1139 0.1072 0.1120 0.1140 0.1064 
         482  1 0.1089 0.1077 0.1173 0.1124 0.1004 0.1090 0.1151 0.1133 0.1160 
         483  1 0.1056 0.1080 0.1110 0.1056 0.1136 0.1153 0.1109 0.1122 0.1176 
         484  1 0.1109 0.1078 0.1131 0.1069 0.1129 0.1110 0.1116 0.1120 0.1138 
         485  1 0.1129 0.1112 0.1129 0.1041 0.1111 0.1123 0.1077 0.1179 0.1098 
         486  1 0.1054 0.1065 0.1153 0.1054 0.1028 0.1082 0.1123 0.1233 0.1209 
         487  1 0.1036 0.1072 0.1120 0.0987 0.1173 0.1099 0.1126 0.1164 0.1222 
         488  1 0.1092 0.1128 0.1084 0.1080 0.1156 0.1145 0.1062 0.1119 0.1134 
         489  1 0.1097 0.1157 0.1073 0.1120 0.1226 0.1039 0.1191 0.1047 0.1049 
         490  1 0.1122 0.1146 0.1118 0.1101 0.1115 0.1059 0.1119 0.1114 0.1107 
         491  1 0.1111 0.1093 0.1161 0.1084 0.1071 0.1122 0.1141 0.1123 0.1095 
         492  1 0.1096 0.1098 0.1091 0.1200 0.1125 0.1120 0.1057 0.1137 0.1076 
         493  1 0.1059 0.1074 0.1063 0.1156 0.1118 0.1111 0.1127 0.1160 0.1132 
         494  1 0.1081 0.1092 0.1100 0.1165 0.1132 0.1127 0.1057 0.1154 0.1091 
         495  1 0.1159 0.1132 0.1074 0.1079 0.1205 0.1162 0.1029 0.1052 0.1108 
         496  1 0.1148 0.1143 0.1191 0.1023 0.1059 0.1110 0.1116 0.1102 0.1108 
         497  1 0.1095 0.1129 0.1076 0.1118 0.1174 0.1170 0.1076 0.1082 0.1079 
         498  1 0.1079 0.1117 0.1081 0.1133 0.1113 0.1083 0.1133 0.1120 0.1141 
         499  1 0.1103 0.1074 0.1124 0.1066 0.1127 0.1118 0.1095 0.1134 0.1159 
         500  1 0.1120 0.1078 0.1133 0.1154 0.1095 0.1110 0.1066 0.1151 0.1092 
