           1  1 0.1449 0.1427 0.1442 0.1437 0.1363 0.1435 0.1448 
           2  1 0.1434 0.1449 0.1391 0.1414 0.1482 0.1399 0.1430 
           3  1 0.1478 0.1409 0.1442 0.1447 0.1370 0.1418 0.1436 
           4  1 0.1484 0.1427 0.1417 0.1429 0.1368 0.1428 0.1448 
           5  1 0.1452 0.1384 0.1454 0.1411 0.1443 0.1406 0.1450 
           6  1 0.1406 0.1438 0.1415 0.1396 0.1462 0.1399 0.1483 
           7  1 0.1457 0.1417 0.1435 0.1454 0.1380 0.1417 0.1440 
           8  1 0.1459 0.1457 0.1428 0.1452 0.1363 0.1406 0.1436 
           9  1 0.1442 0.1396 0.1444 0.1414 0.1473 0.1437 0.1393 
          10  1 0.1402 0.1454 0.1471 0.1394 0.1438 0.1431 0.1410 
          11  1 0.1396 0.1401 0.1425 0.1453 0.1451 0.1485 0.1388 
          12  1 0.1404 0.1424 0.1420 0.1436 0.1478 0.1471 0.1368 
          13  1 0.1413 0.1444 0.1428 0.1423 0.1448 0.1392 0.1453 
          14  1 0.1480 0.1449 0.1415 0.1427 0.1358 0.1399 0.1472 
          15  1 0.1452 0.1462 0.1402 0.1420 0.1399 0.1404 0.1462 
          16  1 0.1397 0.1370 0.1439 0.1484 0.1398 0.1465 0.1447 
          17  1 0.1387 0.1405 0.1418 0.1451 0.1471 0.1463 0.1404 
          18  1 0.1391 0.1401 0.1441 0.1414 0.1521 0.1420 0.1411 
          19  1 0.1456 0.1431 0.1438 0.1401 0.1459 0.1376 0.1439 
          20  1 0.1415 0.1398 0.1448 0.1406 0.1447 0.1414 0.1472 
          21  1 0.1473 0.1402 0.1437 0.1436 0.1429 0.1400 0.1423 
          22  1 0.1405 0.1400 0.1440 0.1436 0.1482 0.1427 0.1411 
          23  1 0.1441 0.1405 0.1411 0.1417 0.1450 0.1410 0.1465 
          24  1 0.1491 0.1402 0.1431 0.1467 0.1285 0.1426 0.1498 
          25  1 0.1468 0.1413 0.1395 0.1467 0.1393 0.1449 0.1415 
          26  1 0.1396 0.1441 0.1420 0.1444 0.1439 0.1442 0.1418 
          27  1 0.1465 0.1452 0.1423 0.1419 0.1414 0.1382 0.1445 
          28  1 0.1469 0.1419 0.1397 0.1452 0.1414 0.1442 0.1407 
          29  1 0.1421 0.1405 0.1411 0.1476 0.1422 0.1453 0.1412 
          30  1 0.1467 0.1423 0.1410 0.1470 0.1373 0.1454 0.1404 
          31  1 0.1442 0.1420 0.1471 0.1431 0.1410 0.1412 0.1414 
          32  1 0.1429 0.1379 0.1393 0.1503 0.1428 0.1475 0.1393 
          33  1 0.1437 0.1394 0.1457 0.1424 0.1462 0.1405 0.1421 
          34  1 0.1411 0.1417 0.1424 0.1447 0.1426 0.1452 0.1422 
          35  1 0.1438 0.1451 0.1430 0.1425 0.1397 0.1432 0.1427 
          36  1 0.1454 0.1433 0.1420 0.1431 0.1431 0.1435 0.1396 
          37  1 0.1384 0.1468 0.1439 0.1395 0.1468 0.1446 0.1400 
          38  1 0.1441 0.1421 0.1381 0.1435 0.1481 0.1465 0.1377 
          39  1 0.1469 0.1451 0.1391 0.1443 0.1389 0.1419 0.1439 
          40  1 0.1406 0.1441 0.1435 0.1428 0.1445 0.1404 0.1441 
          41  1 0.1387 0.1410 0.1455 0.1437 0.1453 0.1430 0.1429 
          42  1 0.1428 0.1407 0.1427 0.1437 0.1459 0.1459 0.1382 
          43  1 0.1454 0.1423 0.1439 0.1462 0.1398 0.1416 0.1408 
          44  1 0.1433 0.1401 0.1449 0.1416 0.1433 0.1431 0.1438 
          45  1 0.1407 0.1400 0.1464 0.1422 0.1419 0.1415 0.1473 
          46  1 0.1454 0.1420 0.1438 0.1429 0.1407 0.1400 0.1453 
          47  1 0.1444 0.1438 0.1402 0.1405 0.1420 0.1439 0.1452 
          48  1 0.1421 0.1469 0.1433 0.1419 0.1419 0.1429 0.1409 
          49  1 0.1414 0.1413 0.1393 0.1456 0.1463 0.1463 0.1398 
          50  1 0.1444 0.1423 0.1444 0.1417 0.1433 0.1419 0.1419 
          51  1 0.1368 0.1448 0.1488 0.1370 0.1463 0.1431 0.1433 
          52  1 0.1370 0.1477 0.1462 0.1400 0.1453 0.1415 0.1424 
          53  1 0.1357 0.1467 0.1477 0.1393 0.1434 0.1454 0.1418 
          54  1 0.1375 0.1418 0.1416 0.1420 0.1528 0.1450 0.1393 
          55  1 0.1415 0.1395 0.1427 0.1447 0.1461 0.1464 0.1391 
          56  1 0.1425 0.1436 0.1445 0.1436 0.1408 0.1426 0.1424 
          57  1 0.1376 0.1373 0.1434 0.1452 0.1493 0.1488 0.1384 
          58  1 0.1350 0.1482 0.1472 0.1350 0.1492 0.1420 0.1435 
          59  1 0.1393 0.1453 0.1417 0.1416 0.1457 0.1411 0.1452 
          60  1 0.1416 0.1437 0.1444 0.1404 0.1415 0.1431 0.1453 
          61  1 0.1462 0.1467 0.1410 0.1424 0.1347 0.1431 0.1459 
          62  1 0.1420 0.1416 0.1481 0.1427 0.1421 0.1416 0.1420 
          63  1 0.1469 0.1445 0.1430 0.1397 0.1420 0.1421 0.1417 
          64  1 0.1420 0.1397 0.1401 0.1472 0.1470 0.1476 0.1364 
          65  1 0.1409 0.1423 0.1426 0.1412 0.1451 0.1429 0.1451 
          66  1 0.1540 0.1432 0.1409 0.1434 0.1365 0.1384 0.1436 
          67  1 0.1443 0.1439 0.1444 0.1364 0.1484 0.1415 0.1412 
          68  1 0.1420 0.1444 0.1422 0.1419 0.1428 0.1421 0.1446 
          69  1 0.1445 0.1414 0.1407 0.1450 0.1430 0.1459 0.1395 
          70  1 0.1408 0.1472 0.1445 0.1383 0.1464 0.1416 0.1412 
          71  1 0.1407 0.1417 0.1433 0.1378 0.1508 0.1416 0.1441 
          72  1 0.1422 0.1423 0.1430 0.1403 0.1466 0.1435 0.1420 
          73  1 0.1460 0.1420 0.1384 0.1473 0.1393 0.1469 0.1400 
          74  1 0.1361 0.1496 0.1447 0.1350 0.1484 0.1399 0.1462 
          75  1 0.1479 0.1426 0.1442 0.1436 0.1424 0.1397 0.1395 
          76  1 0.1446 0.1415 0.1444 0.1409 0.1447 0.1430 0.1408 
          77  1 0.1444 0.1426 0.1431 0.1405 0.1459 0.1439 0.1394 
          78  1 0.1435 0.1395 0.1379 0.1487 0.1440 0.1465 0.1398 
          79  1 0.1431 0.1451 0.1430 0.1418 0.1410 0.1383 0.1477 
          80  1 0.1476 0.1440 0.1485 0.1407 0.1407 0.1335 0.1451 
          81  1 0.1418 0.1380 0.1450 0.1417 0.1492 0.1468 0.1375 
          82  1 0.1442 0.1396 0.1443 0.1406 0.1431 0.1401 0.1480 
          83  1 0.1419 0.1402 0.1400 0.1442 0.1475 0.1451 0.1412 
          84  1 0.1474 0.1421 0.1428 0.1441 0.1392 0.1418 0.1427 
          85  1 0.1470 0.1451 0.1444 0.1438 0.1353 0.1396 0.1448 
          86  1 0.1396 0.1422 0.1415 0.1422 0.1440 0.1447 0.1457 
          87  1 0.1389 0.1443 0.1456 0.1370 0.1500 0.1393 0.1448 
          88  1 0.1408 0.1434 0.1438 0.1432 0.1426 0.1436 0.1425 
          89  1 0.1391 0.1455 0.1473 0.1427 0.1443 0.1400 0.1412 
          90  1 0.1424 0.1445 0.1433 0.1402 0.1419 0.1424 0.1452 
          91  1 0.1397 0.1390 0.1417 0.1437 0.1466 0.1473 0.1419 
          92  1 0.1487 0.1440 0.1419 0.1432 0.1403 0.1403 0.1417 
          93  1 0.1400 0.1425 0.1409 0.1419 0.1485 0.1436 0.1426 
          94  1 0.1365 0.1421 0.1437 0.1480 0.1394 0.1465 0.1438 
          95  1 0.1396 0.1409 0.1412 0.1497 0.1404 0.1463 0.1419 
          96  1 0.1437 0.1451 0.1410 0.1401 0.1447 0.1414 0.1440 
          97  1 0.1405 0.1393 0.1434 0.1410 0.1488 0.1466 0.1402 
          98  1 0.1379 0.1405 0.1427 0.1416 0.1484 0.1470 0.1419 
          99  1 0.1417 0.1401 0.1419 0.1448 0.1418 0.1479 0.1418 
         100  1 0.1427 0.1408 0.1441 0.1451 0.1410 0.1441 0.1423 
         101  1 0.1433 0.1434 0.1428 0.1398 0.1464 0.1439 0.1404 
         102  1 0.1425 0.1446 0.1434 0.1440 0.1431 0.1415 0.1410 
         103  1 0.1374 0.1432 0.1436 0.1427 0.1451 0.1452 0.1428 
         104  1 0.1393 0.1423 0.1413 0.1432 0.1477 0.1460 0.1402 
         105  1 0.1392 0.1462 0.1441 0.1407 0.1469 0.1431 0.1398 
         106  1 0.1396 0.1429 0.1448 0.1449 0.1380 0.1434 0.1464 
         107  1 0.1413 0.1424 0.1437 0.1374 0.1412 0.1429 0.1510 
         108  1 0.1411 0.1415 0.1394 0.1483 0.1453 0.1453 0.1391 
         109  1 0.1528 0.1432 0.1376 0.1481 0.1345 0.1393 0.1444 
         110  1 0.1420 0.1467 0.1417 0.1385 0.1467 0.1382 0.1461 
         111  1 0.1458 0.1454 0.1400 0.1410 0.1404 0.1432 0.1442 
         112  1 0.1493 0.1408 0.1421 0.1446 0.1383 0.1430 0.1418 
         113  1 0.1426 0.1448 0.1423 0.1401 0.1433 0.1422 0.1446 
         114  1 0.1425 0.1425 0.1446 0.1436 0.1432 0.1427 0.1408 
         115  1 0.1401 0.1407 0.1451 0.1397 0.1466 0.1428 0.1450 
         116  1 0.1430 0.1424 0.1410 0.1428 0.1454 0.1464 0.1391 
         117  1 0.1377 0.1423 0.1429 0.1388 0.1501 0.1431 0.1451 
         118  1 0.1467 0.1416 0.1393 0.1460 0.1417 0.1458 0.1390 
         119  1 0.1417 0.1409 0.1418 0.1440 0.1458 0.1412 0.1447 
         120  1 0.1458 0.1424 0.1419 0.1441 0.1401 0.1383 0.1474 
         121  1 0.1468 0.1411 0.1431 0.1417 0.1394 0.1410 0.1470 
         122  1 0.1422 0.1392 0.1434 0.1463 0.1413 0.1454 0.1423 
         123  1 0.1442 0.1394 0.1381 0.1491 0.1411 0.1468 0.1413 
         124  1 0.1380 0.1398 0.1464 0.1398 0.1428 0.1437 0.1497 
         125  1 0.1521 0.1454 0.1402 0.1411 0.1384 0.1366 0.1463 
         126  1 0.1432 0.1416 0.1435 0.1443 0.1397 0.1413 0.1465 
         127  1 0.1446 0.1421 0.1417 0.1409 0.1443 0.1397 0.1468 
         128  1 0.1386 0.1440 0.1445 0.1441 0.1433 0.1436 0.1419 
         129  1 0.1417 0.1414 0.1405 0.1477 0.1421 0.1449 0.1417 
         130  1 0.1419 0.1444 0.1396 0.1418 0.1485 0.1427 0.1411 
         131  1 0.1400 0.1440 0.1425 0.1418 0.1387 0.1464 0.1468 
         132  1 0.1438 0.1413 0.1472 0.1369 0.1442 0.1378 0.1488 
         133  1 0.1473 0.1412 0.1430 0.1429 0.1398 0.1408 0.1449 
         134  1 0.1522 0.1490 0.1386 0.1445 0.1333 0.1375 0.1449 
         135  1 0.1426 0.1444 0.1431 0.1425 0.1408 0.1438 0.1429 
         136  1 0.1439 0.1432 0.1422 0.1432 0.1410 0.1431 0.1433 
         137  1 0.1414 0.1380 0.1385 0.1524 0.1401 0.1490 0.1406 
         138  1 0.1452 0.1417 0.1416 0.1436 0.1418 0.1449 0.1413 
         139  1 0.1412 0.1413 0.1414 0.1426 0.1449 0.1443 0.1444 
         140  1 0.1405 0.1434 0.1425 0.1401 0.1481 0.1428 0.1426 
         141  1 0.1439 0.1488 0.1426 0.1389 0.1432 0.1375 0.1452 
         142  1 0.1436 0.1355 0.1412 0.1509 0.1446 0.1483 0.1359 
         143  1 0.1463 0.1390 0.1432 0.1426 0.1420 0.1404 0.1465 
         144  1 0.1465 0.1386 0.1376 0.1474 0.1440 0.1465 0.1395 
         145  1 0.1389 0.1402 0.1436 0.1430 0.1466 0.1453 0.1424 
         146  1 0.1468 0.1391 0.1416 0.1427 0.1439 0.1453 0.1405 
         147  1 0.1419 0.1438 0.1434 0.1452 0.1409 0.1435 0.1412 
         148  1 0.1477 0.1429 0.1405 0.1427 0.1395 0.1416 0.1450 
         149  1 0.1468 0.1434 0.1423 0.1431 0.1385 0.1416 0.1443 
         150  1 0.1468 0.1411 0.1414 0.1423 0.1416 0.1431 0.1438 
         151  1 0.1387 0.1423 0.1406 0.1418 0.1520 0.1458 0.1388 
         152  1 0.1413 0.1469 0.1410 0.1431 0.1400 0.1438 0.1439 
         153  1 0.1421 0.1397 0.1413 0.1434 0.1455 0.1452 0.1429 
         154  1 0.1470 0.1461 0.1380 0.1423 0.1407 0.1423 0.1436 
         155  1 0.1412 0.1416 0.1436 0.1416 0.1484 0.1460 0.1376 
         156  1 0.1415 0.1408 0.1412 0.1444 0.1447 0.1483 0.1391 
         157  1 0.1435 0.1483 0.1433 0.1448 0.1326 0.1413 0.1461 
         158  1 0.1478 0.1422 0.1418 0.1444 0.1399 0.1431 0.1408 
         159  1 0.1489 0.1446 0.1403 0.1431 0.1377 0.1396 0.1457 
         160  1 0.1432 0.1430 0.1431 0.1408 0.1436 0.1434 0.1428 
         161  1 0.1449 0.1420 0.1464 0.1424 0.1400 0.1425 0.1420 
         162  1 0.1416 0.1402 0.1454 0.1454 0.1398 0.1425 0.1451 
         163  1 0.1440 0.1465 0.1415 0.1422 0.1406 0.1430 0.1422 
         164  1 0.1390 0.1474 0.1445 0.1410 0.1436 0.1402 0.1443 
         165  1 0.1415 0.1410 0.1431 0.1392 0.1466 0.1434 0.1453 
         166  1 0.1424 0.1413 0.1434 0.1432 0.1419 0.1472 0.1407 
         167  1 0.1430 0.1439 0.1426 0.1406 0.1432 0.1417 0.1452 
         168  1 0.1430 0.1407 0.1409 0.1460 0.1394 0.1454 0.1446 
         169  1 0.1383 0.1407 0.1446 0.1465 0.1403 0.1471 0.1424 
         170  1 0.1409 0.1429 0.1449 0.1422 0.1451 0.1432 0.1408 
         171  1 0.1448 0.1439 0.1439 0.1467 0.1394 0.1399 0.1414 
         172  1 0.1368 0.1406 0.1403 0.1464 0.1465 0.1446 0.1449 
         173  1 0.1449 0.1443 0.1420 0.1429 0.1402 0.1418 0.1439 
         174  1 0.1464 0.1434 0.1444 0.1384 0.1402 0.1418 0.1455 
         175  1 0.1396 0.1424 0.1426 0.1432 0.1454 0.1447 0.1421 
         176  1 0.1419 0.1436 0.1447 0.1435 0.1417 0.1437 0.1410 
         177  1 0.1443 0.1402 0.1428 0.1425 0.1432 0.1426 0.1444 
         178  1 0.1436 0.1401 0.1424 0.1438 0.1438 0.1443 0.1421 
         179  1 0.1500 0.1432 0.1416 0.1442 0.1375 0.1395 0.1440 
         180  1 0.1423 0.1395 0.1474 0.1377 0.1487 0.1403 0.1442 
         181  1 0.1425 0.1388 0.1424 0.1443 0.1469 0.1464 0.1388 
         182  1 0.1388 0.1405 0.1420 0.1409 0.1509 0.1469 0.1401 
         183  1 0.1434 0.1412 0.1415 0.1440 0.1467 0.1453 0.1380 
         184  1 0.1423 0.1421 0.1436 0.1440 0.1444 0.1427 0.1410 
         185  1 0.1408 0.1405 0.1421 0.1457 0.1457 0.1464 0.1388 
         186  1 0.1413 0.1443 0.1434 0.1427 0.1435 0.1404 0.1444 
         187  1 0.1420 0.1440 0.1463 0.1418 0.1411 0.1416 0.1432 
         188  1 0.1403 0.1453 0.1430 0.1421 0.1463 0.1460 0.1370 
         189  1 0.1423 0.1441 0.1430 0.1420 0.1433 0.1428 0.1424 
         190  1 0.1394 0.1413 0.1431 0.1435 0.1444 0.1464 0.1419 
         191  1 0.1453 0.1443 0.1458 0.1385 0.1453 0.1389 0.1419 
         192  1 0.1464 0.1434 0.1402 0.1475 0.1373 0.1436 0.1416 
         193  1 0.1427 0.1427 0.1455 0.1429 0.1406 0.1403 0.1452 
         194  1 0.1472 0.1424 0.1393 0.1435 0.1422 0.1425 0.1429 
         195  1 0.1462 0.1387 0.1420 0.1444 0.1395 0.1438 0.1454 
         196  1 0.1417 0.1412 0.1441 0.1423 0.1451 0.1439 0.1416 
         197  1 0.1457 0.1424 0.1405 0.1457 0.1401 0.1449 0.1407 
         198  1 0.1411 0.1436 0.1457 0.1362 0.1475 0.1384 0.1475 
         199  1 0.1466 0.1441 0.1444 0.1421 0.1407 0.1396 0.1424 
         200  1 0.1466 0.1415 0.1365 0.1470 0.1432 0.1456 0.1395 
         201  1 0.1377 0.1412 0.1420 0.1479 0.1444 0.1478 0.1391 
         202  1 0.1377 0.1440 0.1437 0.1405 0.1438 0.1443 0.1460 
         203  1 0.1419 0.1426 0.1400 0.1443 0.1473 0.1461 0.1378 
         204  1 0.1437 0.1447 0.1426 0.1423 0.1394 0.1419 0.1453 
         205  1 0.1437 0.1427 0.1424 0.1404 0.1423 0.1402 0.1483 
         206  1 0.1435 0.1400 0.1423 0.1422 0.1426 0.1456 0.1437 
         207  1 0.1421 0.1443 0.1442 0.1412 0.1401 0.1409 0.1472 
         208  1 0.1452 0.1434 0.1423 0.1427 0.1397 0.1435 0.1432 
         209  1 0.1391 0.1406 0.1424 0.1414 0.1460 0.1447 0.1458 
         210  1 0.1471 0.1421 0.1412 0.1464 0.1365 0.1419 0.1449 
         211  1 0.1595 0.1483 0.1382 0.1411 0.1315 0.1343 0.1471 
         212  1 0.1390 0.1405 0.1432 0.1442 0.1464 0.1469 0.1398 
         213  1 0.1421 0.1459 0.1418 0.1427 0.1445 0.1411 0.1419 
         214  1 0.1482 0.1440 0.1402 0.1474 0.1349 0.1451 0.1401 
         215  1 0.1432 0.1399 0.1431 0.1467 0.1391 0.1460 0.1420 
         216  1 0.1412 0.1426 0.1430 0.1431 0.1490 0.1434 0.1377 
         217  1 0.1493 0.1403 0.1393 0.1465 0.1416 0.1438 0.1393 
         218  1 0.1400 0.1464 0.1429 0.1364 0.1521 0.1382 0.1440 
         219  1 0.1419 0.1457 0.1432 0.1411 0.1421 0.1409 0.1453 
         220  1 0.1462 0.1451 0.1408 0.1398 0.1417 0.1421 0.1443 
         221  1 0.1472 0.1435 0.1431 0.1402 0.1441 0.1392 0.1427 
         222  1 0.1409 0.1441 0.1432 0.1401 0.1469 0.1395 0.1453 
         223  1 0.1363 0.1470 0.1454 0.1337 0.1471 0.1411 0.1493 
         224  1 0.1390 0.1419 0.1438 0.1453 0.1421 0.1449 0.1429 
         225  1 0.1395 0.1440 0.1427 0.1428 0.1464 0.1402 0.1445 
         226  1 0.1432 0.1429 0.1453 0.1419 0.1434 0.1417 0.1417 
         227  1 0.1381 0.1474 0.1485 0.1362 0.1452 0.1408 0.1439 
         228  1 0.1409 0.1424 0.1447 0.1432 0.1393 0.1441 0.1454 
         229  1 0.1388 0.1430 0.1465 0.1434 0.1451 0.1429 0.1403 
         230  1 0.1452 0.1413 0.1413 0.1439 0.1430 0.1442 0.1410 
         231  1 0.1404 0.1370 0.1383 0.1481 0.1482 0.1510 0.1370 
         232  1 0.1391 0.1409 0.1434 0.1442 0.1451 0.1473 0.1400 
         233  1 0.1409 0.1414 0.1428 0.1430 0.1444 0.1433 0.1442 
         234  1 0.1425 0.1437 0.1435 0.1417 0.1449 0.1431 0.1407 
         235  1 0.1394 0.1382 0.1397 0.1495 0.1475 0.1513 0.1344 
         236  1 0.1456 0.1470 0.1424 0.1422 0.1369 0.1421 0.1438 
         237  1 0.1380 0.1386 0.1434 0.1429 0.1495 0.1474 0.1402 
         238  1 0.1427 0.1409 0.1436 0.1483 0.1394 0.1431 0.1420 
         239  1 0.1368 0.1418 0.1487 0.1443 0.1421 0.1455 0.1408 
         240  1 0.1428 0.1449 0.1404 0.1382 0.1480 0.1405 0.1453 
         241  1 0.1409 0.1417 0.1416 0.1457 0.1462 0.1452 0.1388 
         242  1 0.1444 0.1437 0.1412 0.1470 0.1407 0.1433 0.1398 
         243  1 0.1452 0.1454 0.1396 0.1421 0.1404 0.1413 0.1460 
         244  1 0.1406 0.1448 0.1432 0.1416 0.1445 0.1422 0.1431 
         245  1 0.1413 0.1461 0.1448 0.1397 0.1423 0.1422 0.1436 
         246  1 0.1430 0.1445 0.1454 0.1414 0.1452 0.1379 0.1427 
         247  1 0.1393 0.1428 0.1435 0.1393 0.1493 0.1407 0.1452 
         248  1 0.1422 0.1427 0.1440 0.1461 0.1397 0.1430 0.1424 
         249  1 0.1431 0.1458 0.1438 0.1426 0.1396 0.1452 0.1399 
         250  1 0.1436 0.1426 0.1436 0.1407 0.1459 0.1427 0.1408 
         251  1 0.1370 0.1419 0.1464 0.1432 0.1481 0.1446 0.1388 
         252  1 0.1474 0.1461 0.1405 0.1447 0.1408 0.1409 0.1397 
         253  1 0.1489 0.1423 0.1432 0.1432 0.1392 0.1387 0.1446 
         254  1 0.1433 0.1431 0.1440 0.1393 0.1474 0.1413 0.1417 
         255  1 0.1429 0.1467 0.1455 0.1421 0.1373 0.1384 0.1471 
         256  1 0.1438 0.1479 0.1424 0.1421 0.1390 0.1438 0.1409 
         257  1 0.1520 0.1446 0.1389 0.1421 0.1401 0.1407 0.1417 
         258  1 0.1464 0.1445 0.1429 0.1432 0.1341 0.1430 0.1460 
         259  1 0.1513 0.1447 0.1386 0.1446 0.1400 0.1388 0.1420 
         260  1 0.1441 0.1422 0.1443 0.1444 0.1417 0.1372 0.1461 
         261  1 0.1337 0.1457 0.1454 0.1394 0.1428 0.1464 0.1467 
         262  1 0.1478 0.1431 0.1430 0.1435 0.1393 0.1384 0.1449 
         263  1 0.1390 0.1425 0.1421 0.1454 0.1478 0.1445 0.1389 
         264  1 0.1429 0.1444 0.1411 0.1415 0.1430 0.1438 0.1433 
         265  1 0.1446 0.1409 0.1394 0.1456 0.1436 0.1444 0.1415 
         266  1 0.1385 0.1426 0.1428 0.1427 0.1462 0.1444 0.1427 
         267  1 0.1446 0.1427 0.1404 0.1444 0.1397 0.1436 0.1446 
         268  1 0.1408 0.1445 0.1431 0.1428 0.1383 0.1441 0.1464 
         269  1 0.1533 0.1427 0.1402 0.1432 0.1334 0.1428 0.1444 
         270  1 0.1405 0.1424 0.1379 0.1415 0.1470 0.1443 0.1465 
         271  1 0.1415 0.1401 0.1445 0.1469 0.1448 0.1439 0.1382 
         272  1 0.1469 0.1418 0.1412 0.1427 0.1443 0.1408 0.1422 
         273  1 0.1399 0.1393 0.1450 0.1438 0.1483 0.1451 0.1384 
         274  1 0.1466 0.1431 0.1391 0.1435 0.1442 0.1416 0.1419 
         275  1 0.1513 0.1476 0.1377 0.1405 0.1354 0.1415 0.1461 
         276  1 0.1414 0.1436 0.1452 0.1362 0.1511 0.1388 0.1438 
         277  1 0.1411 0.1436 0.1416 0.1428 0.1429 0.1430 0.1451 
         278  1 0.1425 0.1421 0.1447 0.1473 0.1329 0.1439 0.1467 
         279  1 0.1439 0.1415 0.1452 0.1373 0.1461 0.1388 0.1472 
         280  1 0.1431 0.1462 0.1443 0.1423 0.1362 0.1416 0.1462 
         281  1 0.1396 0.1403 0.1416 0.1433 0.1494 0.1489 0.1369 
         282  1 0.1401 0.1430 0.1451 0.1438 0.1417 0.1436 0.1427 
         283  1 0.1455 0.1435 0.1428 0.1398 0.1432 0.1405 0.1446 
         284  1 0.1411 0.1406 0.1441 0.1417 0.1468 0.1453 0.1404 
         285  1 0.1406 0.1403 0.1431 0.1437 0.1457 0.1459 0.1407 
         286  1 0.1451 0.1451 0.1412 0.1409 0.1396 0.1420 0.1460 
         287  1 0.1420 0.1440 0.1394 0.1432 0.1451 0.1477 0.1385 
         288  1 0.1408 0.1404 0.1439 0.1443 0.1470 0.1446 0.1390 
         289  1 0.1385 0.1381 0.1405 0.1454 0.1505 0.1486 0.1385 
         290  1 0.1364 0.1430 0.1424 0.1398 0.1481 0.1455 0.1449 
         291  1 0.1495 0.1433 0.1424 0.1408 0.1374 0.1406 0.1459 
         292  1 0.1413 0.1415 0.1410 0.1409 0.1494 0.1459 0.1400 
         293  1 0.1427 0.1413 0.1398 0.1441 0.1440 0.1492 0.1390 
         294  1 0.1387 0.1444 0.1460 0.1432 0.1436 0.1450 0.1391 
         295  1 0.1465 0.1413 0.1414 0.1453 0.1401 0.1431 0.1422 
         296  1 0.1401 0.1492 0.1425 0.1387 0.1418 0.1429 0.1448 
         297  1 0.1403 0.1447 0.1465 0.1395 0.1480 0.1419 0.1392 
         298  1 0.1443 0.1416 0.1380 0.1453 0.1436 0.1480 0.1391 
         299  1 0.1386 0.1451 0.1455 0.1383 0.1536 0.1388 0.1402 
         300  1 0.1521 0.1420 0.1419 0.1423 0.1352 0.1378 0.1487 
         301  1 0.1404 0.1396 0.1440 0.1430 0.1472 0.1446 0.1411 
         302  1 0.1433 0.1446 0.1436 0.1414 0.1431 0.1416 0.1424 
         303  1 0.1447 0.1446 0.1436 0.1402 0.1438 0.1378 0.1453 
         304  1 0.1426 0.1456 0.1414 0.1364 0.1480 0.1395 0.1466 
         305  1 0.1430 0.1415 0.1462 0.1398 0.1468 0.1392 0.1434 
         306  1 0.1453 0.1416 0.1419 0.1460 0.1400 0.1420 0.1432 
         307  1 0.1434 0.1417 0.1400 0.1487 0.1405 0.1447 0.1410 
         308  1 0.1461 0.1424 0.1399 0.1424 0.1448 0.1431 0.1412 
         309  1 0.1402 0.1375 0.1433 0.1455 0.1444 0.1463 0.1426 
         310  1 0.1431 0.1431 0.1433 0.1449 0.1391 0.1434 0.1431 
         311  1 0.1431 0.1437 0.1427 0.1422 0.1429 0.1422 0.1434 
         312  1 0.1420 0.1409 0.1448 0.1401 0.1467 0.1423 0.1431 
         313  1 0.1427 0.1411 0.1440 0.1441 0.1449 0.1419 0.1413 
         314  1 0.1425 0.1378 0.1405 0.1466 0.1442 0.1500 0.1386 
         315  1 0.1493 0.1408 0.1392 0.1432 0.1435 0.1419 0.1420 
         316  1 0.1461 0.1393 0.1428 0.1455 0.1409 0.1463 0.1392 
         317  1 0.1417 0.1392 0.1406 0.1446 0.1457 0.1475 0.1406 
         318  1 0.1412 0.1376 0.1425 0.1443 0.1494 0.1461 0.1389 
         319  1 0.1469 0.1466 0.1386 0.1498 0.1346 0.1427 0.1409 
         320  1 0.1431 0.1403 0.1416 0.1493 0.1441 0.1417 0.1399 
         321  1 0.1437 0.1446 0.1452 0.1401 0.1416 0.1417 0.1430 
         322  1 0.1366 0.1424 0.1434 0.1417 0.1533 0.1464 0.1362 
         323  1 0.1421 0.1430 0.1439 0.1475 0.1377 0.1456 0.1401 
         324  1 0.1491 0.1457 0.1389 0.1457 0.1351 0.1437 0.1417 
         325  1 0.1437 0.1387 0.1410 0.1449 0.1515 0.1449 0.1353 
         326  1 0.1480 0.1433 0.1424 0.1438 0.1393 0.1411 0.1423 
         327  1 0.1396 0.1441 0.1446 0.1400 0.1432 0.1440 0.1445 
         328  1 0.1438 0.1408 0.1407 0.1450 0.1433 0.1462 0.1403 
         329  1 0.1483 0.1388 0.1426 0.1463 0.1440 0.1414 0.1386 
         330  1 0.1425 0.1413 0.1432 0.1455 0.1447 0.1416 0.1412 
         331  1 0.1413 0.1470 0.1433 0.1404 0.1371 0.1457 0.1451 
         332  1 0.1457 0.1421 0.1408 0.1438 0.1424 0.1437 0.1414 
         333  1 0.1406 0.1430 0.1452 0.1453 0.1401 0.1408 0.1450 
         334  1 0.1423 0.1377 0.1445 0.1501 0.1379 0.1434 0.1441 
         335  1 0.1387 0.1405 0.1403 0.1467 0.1457 0.1488 0.1393 
         336  1 0.1330 0.1459 0.1505 0.1428 0.1427 0.1410 0.1440 
         337  1 0.1458 0.1431 0.1407 0.1475 0.1401 0.1425 0.1403 
         338  1 0.1429 0.1431 0.1404 0.1451 0.1393 0.1459 0.1434 
         339  1 0.1418 0.1403 0.1432 0.1415 0.1480 0.1418 0.1434 
         340  1 0.1445 0.1436 0.1417 0.1427 0.1441 0.1410 0.1424 
         341  1 0.1463 0.1432 0.1427 0.1425 0.1399 0.1412 0.1441 
         342  1 0.1441 0.1430 0.1432 0.1382 0.1494 0.1412 0.1409 
         343  1 0.1389 0.1398 0.1450 0.1428 0.1458 0.1447 0.1429 
         344  1 0.1448 0.1401 0.1408 0.1453 0.1400 0.1456 0.1434 
         345  1 0.1434 0.1428 0.1441 0.1460 0.1406 0.1432 0.1398 
         346  1 0.1434 0.1472 0.1432 0.1391 0.1401 0.1405 0.1465 
         347  1 0.1476 0.1426 0.1442 0.1411 0.1395 0.1398 0.1450 
         348  1 0.1478 0.1416 0.1410 0.1436 0.1424 0.1396 0.1440 
         349  1 0.1386 0.1450 0.1424 0.1401 0.1474 0.1424 0.1441 
         350  1 0.1374 0.1478 0.1460 0.1394 0.1407 0.1408 0.1480 
         351  1 0.1461 0.1432 0.1427 0.1417 0.1411 0.1406 0.1448 
         352  1 0.1344 0.1419 0.1449 0.1459 0.1445 0.1459 0.1424 
         353  1 0.1437 0.1457 0.1432 0.1411 0.1456 0.1392 0.1414 
         354  1 0.1441 0.1425 0.1450 0.1431 0.1452 0.1414 0.1387 
         355  1 0.1403 0.1422 0.1397 0.1415 0.1486 0.1470 0.1407 
         356  1 0.1440 0.1428 0.1413 0.1436 0.1408 0.1426 0.1448 
         357  1 0.1501 0.1461 0.1383 0.1467 0.1352 0.1376 0.1460 
         358  1 0.1442 0.1431 0.1432 0.1388 0.1456 0.1392 0.1460 
         359  1 0.1492 0.1454 0.1385 0.1455 0.1354 0.1419 0.1441 
         360  1 0.1408 0.1407 0.1443 0.1418 0.1482 0.1436 0.1407 
         361  1 0.1624 0.1430 0.1336 0.1446 0.1364 0.1417 0.1383 
         362  1 0.1480 0.1454 0.1381 0.1417 0.1400 0.1413 0.1456 
         363  1 0.1414 0.1416 0.1419 0.1416 0.1459 0.1428 0.1448 
         364  1 0.1406 0.1417 0.1440 0.1423 0.1474 0.1417 0.1423 
         365  1 0.1455 0.1402 0.1379 0.1483 0.1413 0.1461 0.1407 
         366  1 0.1403 0.1424 0.1429 0.1444 0.1419 0.1450 0.1430 
         367  1 0.1395 0.1422 0.1427 0.1429 0.1427 0.1461 0.1438 
         368  1 0.1394 0.1398 0.1429 0.1467 0.1465 0.1473 0.1375 
         369  1 0.1383 0.1452 0.1481 0.1384 0.1433 0.1417 0.1450 
         370  1 0.1381 0.1456 0.1464 0.1420 0.1452 0.1396 0.1430 
         371  1 0.1419 0.1439 0.1444 0.1399 0.1428 0.1410 0.1462 
         372  1 0.1420 0.1427 0.1419 0.1456 0.1443 0.1423 0.1411 
         373  1 0.1411 0.1411 0.1427 0.1440 0.1428 0.1428 0.1457 
         374  1 0.1475 0.1440 0.1435 0.1449 0.1339 0.1408 0.1454 
         375  1 0.1409 0.1396 0.1412 0.1477 0.1409 0.1467 0.1430 
         376  1 0.1386 0.1441 0.1400 0.1440 0.1466 0.1442 0.1425 
         377  1 0.1460 0.1426 0.1393 0.1440 0.1410 0.1449 0.1422 
         378  1 0.1446 0.1423 0.1449 0.1409 0.1421 0.1390 0.1463 
         379  1 0.1401 0.1450 0.1428 0.1390 0.1467 0.1424 0.1440 
         380  1 0.1400 0.1428 0.1426 0.1430 0.1478 0.1481 0.1358 
         381  1 0.1465 0.1402 0.1445 0.1397 0.1439 0.1417 0.1435 
         382  1 0.1410 0.1421 0.1399 0.1497 0.1436 0.1427 0.1409 
         383  1 0.1419 0.1445 0.1486 0.1377 0.1452 0.1381 0.1440 
         384  1 0.1459 0.1436 0.1423 0.1422 0.1389 0.1423 0.1447 
         385  1 0.1428 0.1432 0.1414 0.1430 0.1410 0.1447 0.1438 
         386  1 0.1382 0.1451 0.1485 0.1356 0.1476 0.1413 0.1438 
         387  1 0.1467 0.1407 0.1399 0.1448 0.1385 0.1431 0.1464 
         388  1 0.1392 0.1437 0.1431 0.1411 0.1494 0.1431 0.1404 
         389  1 0.1412 0.1416 0.1412 0.1411 0.1461 0.1479 0.1409 
         390  1 0.1478 0.1439 0.1407 0.1472 0.1361 0.1433 0.1410 
         391  1 0.1423 0.1421 0.1438 0.1402 0.1421 0.1438 0.1458 
         392  1 0.1465 0.1440 0.1417 0.1443 0.1408 0.1413 0.1415 
         393  1 0.1420 0.1433 0.1472 0.1436 0.1404 0.1446 0.1389 
         394  1 0.1474 0.1425 0.1411 0.1427 0.1407 0.1404 0.1450 
         395  1 0.1444 0.1418 0.1422 0.1405 0.1434 0.1435 0.1442 
         396  1 0.1408 0.1452 0.1432 0.1451 0.1428 0.1422 0.1407 
         397  1 0.1439 0.1425 0.1424 0.1431 0.1396 0.1421 0.1464 
         398  1 0.1436 0.1427 0.1403 0.1477 0.1420 0.1440 0.1396 
         399  1 0.1426 0.1447 0.1419 0.1425 0.1458 0.1452 0.1373 
         400  1 0.1471 0.1397 0.1427 0.1409 0.1446 0.1422 0.1428 
         401  1 0.1450 0.1431 0.1422 0.1461 0.1343 0.1444 0.1448 
         402  1 0.1440 0.1400 0.1428 0.1467 0.1440 0.1458 0.1367 
         403  1 0.1420 0.1424 0.1442 0.1413 0.1465 0.1415 0.1422 
         404  1 0.1393 0.1451 0.1462 0.1405 0.1463 0.1400 0.1426 
         405  1 0.1400 0.1459 0.1460 0.1410 0.1402 0.1403 0.1465 
         406  1 0.1387 0.1419 0.1459 0.1419 0.1398 0.1439 0.1478 
         407  1 0.1468 0.1430 0.1401 0.1447 0.1413 0.1403 0.1437 
         408  1 0.1429 0.1408 0.1396 0.1413 0.1495 0.1429 0.1429 
         409  1 0.1415 0.1435 0.1424 0.1422 0.1432 0.1416 0.1457 
         410  1 0.1474 0.1436 0.1423 0.1408 0.1415 0.1406 0.1439 
         411  1 0.1466 0.1472 0.1417 0.1414 0.1424 0.1401 0.1405 
         412  1 0.1407 0.1463 0.1452 0.1404 0.1392 0.1441 0.1440 
         413  1 0.1407 0.1428 0.1442 0.1399 0.1490 0.1414 0.1421 
         414  1 0.1355 0.1376 0.1439 0.1423 0.1540 0.1478 0.1389 
         415  1 0.1438 0.1432 0.1467 0.1378 0.1453 0.1397 0.1434 
         416  1 0.1418 0.1427 0.1464 0.1401 0.1439 0.1437 0.1414 
         417  1 0.1423 0.1450 0.1412 0.1423 0.1452 0.1418 0.1421 
         418  1 0.1445 0.1419 0.1423 0.1438 0.1441 0.1398 0.1437 
         419  1 0.1432 0.1400 0.1425 0.1444 0.1420 0.1425 0.1454 
         420  1 0.1418 0.1437 0.1435 0.1399 0.1462 0.1422 0.1428 
         421  1 0.1463 0.1442 0.1408 0.1467 0.1350 0.1411 0.1460 
         422  1 0.1426 0.1422 0.1411 0.1443 0.1455 0.1433 0.1410 
         423  1 0.1472 0.1437 0.1394 0.1448 0.1401 0.1419 0.1429 
         424  1 0.1335 0.1465 0.1497 0.1382 0.1470 0.1407 0.1444 
         425  1 0.1433 0.1398 0.1460 0.1423 0.1435 0.1411 0.1440 
         426  1 0.1433 0.1478 0.1421 0.1436 0.1383 0.1417 0.1431 
         427  1 0.1422 0.1418 0.1436 0.1394 0.1457 0.1431 0.1441 
         428  1 0.1394 0.1446 0.1437 0.1403 0.1422 0.1433 0.1466 
         429  1 0.1396 0.1437 0.1434 0.1436 0.1454 0.1439 0.1405 
         430  1 0.1408 0.1413 0.1442 0.1404 0.1455 0.1432 0.1445 
         431  1 0.1386 0.1427 0.1430 0.1410 0.1429 0.1468 0.1450 
         432  1 0.1412 0.1409 0.1417 0.1434 0.1460 0.1467 0.1401 
         433  1 0.1373 0.1401 0.1431 0.1439 0.1463 0.1508 0.1386 
         434  1 0.1415 0.1413 0.1446 0.1409 0.1456 0.1416 0.1444 
         435  1 0.1407 0.1412 0.1426 0.1427 0.1441 0.1443 0.1443 
         436  1 0.1432 0.1407 0.1466 0.1384 0.1490 0.1378 0.1445 
         437  1 0.1477 0.1451 0.1417 0.1408 0.1422 0.1389 0.1437 
         438  1 0.1409 0.1435 0.1442 0.1363 0.1465 0.1447 0.1439 
         439  1 0.1450 0.1413 0.1422 0.1424 0.1421 0.1434 0.1436 
         440  1 0.1400 0.1419 0.1460 0.1407 0.1458 0.1445 0.1410 
         441  1 0.1420 0.1432 0.1427 0.1498 0.1408 0.1437 0.1378 
         442  1 0.1438 0.1433 0.1447 0.1423 0.1436 0.1417 0.1407 
         443  1 0.1401 0.1424 0.1414 0.1387 0.1439 0.1439 0.1495 
         444  1 0.1485 0.1440 0.1412 0.1431 0.1385 0.1421 0.1426 
         445  1 0.1443 0.1444 0.1420 0.1424 0.1432 0.1390 0.1446 
         446  1 0.1360 0.1432 0.1443 0.1401 0.1455 0.1446 0.1462 
         447  1 0.1430 0.1411 0.1440 0.1425 0.1457 0.1431 0.1406 
         448  1 0.1412 0.1422 0.1436 0.1418 0.1439 0.1450 0.1423 
         449  1 0.1424 0.1436 0.1401 0.1450 0.1428 0.1423 0.1439 
         450  1 0.1439 0.1405 0.1425 0.1471 0.1417 0.1435 0.1408 
         451  1 0.1393 0.1449 0.1464 0.1409 0.1456 0.1434 0.1395 
         452  1 0.1389 0.1430 0.1425 0.1436 0.1421 0.1455 0.1443 
         453  1 0.1378 0.1491 0.1436 0.1379 0.1430 0.1416 0.1470 
         454  1 0.1412 0.1423 0.1433 0.1374 0.1477 0.1432 0.1448 
         455  1 0.1408 0.1477 0.1433 0.1398 0.1473 0.1433 0.1378 
         456  1 0.1393 0.1406 0.1462 0.1428 0.1443 0.1442 0.1425 
         457  1 0.1373 0.1463 0.1456 0.1422 0.1372 0.1442 0.1472 
         458  1 0.1375 0.1460 0.1416 0.1410 0.1461 0.1435 0.1443 
         459  1 0.1384 0.1409 0.1429 0.1416 0.1488 0.1468 0.1406 
         460  1 0.1450 0.1420 0.1420 0.1413 0.1436 0.1408 0.1453 
         461  1 0.1402 0.1396 0.1403 0.1385 0.1541 0.1477 0.1396 
         462  1 0.1390 0.1431 0.1440 0.1457 0.1412 0.1444 0.1426 
         463  1 0.1384 0.1450 0.1454 0.1415 0.1433 0.1438 0.1426 
         464  1 0.1417 0.1451 0.1427 0.1441 0.1393 0.1410 0.1461 
         465  1 0.1462 0.1448 0.1441 0.1427 0.1353 0.1428 0.1441 
         466  1 0.1412 0.1457 0.1436 0.1409 0.1418 0.1410 0.1459 
         467  1 0.1409 0.1425 0.1422 0.1432 0.1416 0.1437 0.1458 
         468  1 0.1375 0.1429 0.1448 0.1424 0.1457 0.1426 0.1441 
         469  1 0.1391 0.1341 0.1366 0.1502 0.1484 0.1531 0.1385 
         470  1 0.1412 0.1426 0.1449 0.1437 0.1425 0.1459 0.1391 
         471  1 0.1439 0.1410 0.1451 0.1415 0.1450 0.1409 0.1427 
         472  1 0.1410 0.1451 0.1425 0.1423 0.1411 0.1466 0.1415 
         473  1 0.1429 0.1437 0.1403 0.1475 0.1383 0.1429 0.1445 
         474  1 0.1406 0.1472 0.1403 0.1399 0.1471 0.1411 0.1438 
         475  1 0.1422 0.1479 0.1422 0.1423 0.1420 0.1404 0.1430 
         476  1 0.1465 0.1433 0.1384 0.1449 0.1400 0.1452 0.1417 
         477  1 0.1361 0.1431 0.1444 0.1401 0.1429 0.1455 0.1478 
         478  1 0.1421 0.1430 0.1431 0.1432 0.1446 0.1436 0.1405 
         479  1 0.1430 0.1404 0.1399 0.1457 0.1475 0.1464 0.1370 
         480  1 0.1435 0.1416 0.1449 0.1419 0.1426 0.1392 0.1463 
         481  1 0.1459 0.1446 0.1386 0.1460 0.1437 0.1432 0.1380 
         482  1 0.1380 0.1402 0.1437 0.1456 0.1446 0.1465 0.1414 
         483  1 0.1426 0.1474 0.1444 0.1397 0.1399 0.1405 0.1454 
         484  1 0.1453 0.1470 0.1422 0.1404 0.1388 0.1427 0.1436 
         485  1 0.1387 0.1433 0.1427 0.1449 0.1442 0.1437 0.1425 
         486  1 0.1454 0.1431 0.1417 0.1411 0.1405 0.1433 0.1449 
         487  1 0.1487 0.1467 0.1394 0.1406 0.1367 0.1382 0.1496 
         488  1 0.1442 0.1427 0.1454 0.1438 0.1407 0.1405 0.1427 
         489  1 0.1481 0.1426 0.1399 0.1480 0.1345 0.1434 0.1434 
         490  1 0.1426 0.1432 0.1406 0.1427 0.1421 0.1455 0.1432 
         491  1 0.1399 0.1438 0.1465 0.1406 0.1466 0.1427 0.1400 
         492  1 0.1403 0.1426 0.1405 0.1410 0.1476 0.1472 0.1408 
         493  1 0.1398 0.1426 0.1461 0.1403 0.1468 0.1389 0.1456 
         494  1 0.1403 0.1421 0.1425 0.1380 0.1504 0.1440 0.1427 
         495  1 0.1480 0.1439 0.1391 0.1466 0.1366 0.1406 0.1452 
         496  1 0.1431 0.1408 0.1411 0.1465 0.1416 0.1471 0.1398 
         497  1 0.1453 0.1426 0.1416 0.1447 0.1427 0.1425 0.1405 
         498  1 0.1434 0.1416 0.1450 0.1424 0.1416 0.1425 0.1434 
         499  1 0.1438 0.1454 0.1454 0.1377 0.1428 0.1396 0.1454 
         500  1 0.1398 0.1431 0.1448 0.1397 0.1472 0.1432 0.1421 
         501  1 0.1605 0.1470 0.1353 0.1398 0.1292 0.1371 0.1510 
         502  1 0.1424 0.1443 0.1476 0.1383 0.1419 0.1390 0.1465 
         503  1 0.1518 0.1453 0.1427 0.1430 0.1365 0.1394 0.1414 
         504  1 0.1382 0.1405 0.1436 0.1427 0.1428 0.1466 0.1456 
         505  1 0.1471 0.1440 0.1423 0.1464 0.1374 0.1402 0.1426 
         506  1 0.1463 0.1433 0.1405 0.1402 0.1435 0.1409 0.1452 
         507  1 0.1406 0.1465 0.1465 0.1376 0.1465 0.1387 0.1434 
         508  1 0.1414 0.1418 0.1393 0.1434 0.1445 0.1443 0.1454 
         509  1 0.1463 0.1418 0.1418 0.1456 0.1385 0.1436 0.1424 
         510  1 0.1385 0.1391 0.1435 0.1466 0.1447 0.1489 0.1386 
         511  1 0.1417 0.1420 0.1419 0.1449 0.1432 0.1447 0.1416 
         512  1 0.1442 0.1462 0.1427 0.1401 0.1410 0.1393 0.1464 
         513  1 0.1429 0.1402 0.1427 0.1459 0.1410 0.1440 0.1434 
         514  1 0.1376 0.1404 0.1448 0.1450 0.1459 0.1440 0.1423 
         515  1 0.1460 0.1388 0.1431 0.1423 0.1464 0.1431 0.1404 
         516  1 0.1383 0.1431 0.1450 0.1435 0.1471 0.1426 0.1404 
         517  1 0.1415 0.1405 0.1433 0.1435 0.1457 0.1444 0.1411 
         518  1 0.1458 0.1408 0.1407 0.1423 0.1443 0.1426 0.1435 
         519  1 0.1435 0.1430 0.1419 0.1424 0.1428 0.1410 0.1453 
         520  1 0.1504 0.1408 0.1388 0.1454 0.1428 0.1421 0.1398 
         521  1 0.1461 0.1469 0.1425 0.1415 0.1361 0.1397 0.1471 
         522  1 0.1392 0.1437 0.1428 0.1395 0.1427 0.1418 0.1502 
         523  1 0.1409 0.1445 0.1459 0.1412 0.1458 0.1434 0.1383 
         524  1 0.1458 0.1407 0.1421 0.1437 0.1409 0.1416 0.1452 
         525  1 0.1460 0.1423 0.1424 0.1408 0.1451 0.1411 0.1424 
         526  1 0.1449 0.1426 0.1431 0.1427 0.1394 0.1426 0.1447 
         527  1 0.1446 0.1430 0.1433 0.1444 0.1399 0.1438 0.1411 
         528  1 0.1383 0.1412 0.1394 0.1463 0.1433 0.1472 0.1445 
         529  1 0.1422 0.1431 0.1414 0.1408 0.1434 0.1451 0.1440 
         530  1 0.1427 0.1398 0.1422 0.1463 0.1449 0.1464 0.1378 
         531  1 0.1408 0.1413 0.1439 0.1463 0.1416 0.1453 0.1407 
         532  1 0.1465 0.1410 0.1414 0.1423 0.1431 0.1424 0.1433 
         533  1 0.1448 0.1386 0.1370 0.1484 0.1462 0.1491 0.1361 
         534  1 0.1416 0.1436 0.1427 0.1406 0.1452 0.1444 0.1418 
         535  1 0.1485 0.1398 0.1444 0.1422 0.1407 0.1386 0.1457 
         536  1 0.1391 0.1380 0.1435 0.1457 0.1471 0.1471 0.1397 
         537  1 0.1461 0.1434 0.1407 0.1435 0.1410 0.1424 0.1430 
         538  1 0.1440 0.1411 0.1455 0.1382 0.1454 0.1404 0.1454 
         539  1 0.1435 0.1416 0.1438 0.1448 0.1438 0.1418 0.1406 
         540  1 0.1410 0.1466 0.1458 0.1406 0.1445 0.1381 0.1434 
         541  1 0.1404 0.1370 0.1422 0.1495 0.1425 0.1464 0.1420 
         542  1 0.1452 0.1407 0.1431 0.1443 0.1403 0.1424 0.1440 
         543  1 0.1483 0.1455 0.1404 0.1458 0.1367 0.1404 0.1430 
         544  1 0.1422 0.1449 0.1428 0.1454 0.1391 0.1394 0.1463 
         545  1 0.1460 0.1460 0.1421 0.1434 0.1417 0.1395 0.1414 
         546  1 0.1422 0.1438 0.1435 0.1420 0.1420 0.1416 0.1450 
         547  1 0.1419 0.1458 0.1442 0.1423 0.1401 0.1426 0.1430 
         548  1 0.1392 0.1432 0.1440 0.1418 0.1442 0.1427 0.1450 
         549  1 0.1452 0.1436 0.1427 0.1431 0.1407 0.1390 0.1458 
         550  1 0.1394 0.1442 0.1436 0.1403 0.1455 0.1445 0.1424 
         551  1 0.1518 0.1409 0.1391 0.1450 0.1339 0.1408 0.1486 
         552  1 0.1467 0.1450 0.1388 0.1459 0.1396 0.1425 0.1414 
         553  1 0.1522 0.1420 0.1405 0.1435 0.1367 0.1401 0.1450 
         554  1 0.1402 0.1375 0.1424 0.1432 0.1494 0.1461 0.1411 
         555  1 0.1457 0.1428 0.1406 0.1424 0.1400 0.1435 0.1450 
         556  1 0.1424 0.1426 0.1418 0.1472 0.1390 0.1458 0.1412 
         557  1 0.1422 0.1474 0.1411 0.1398 0.1451 0.1399 0.1445 
         558  1 0.1387 0.1449 0.1409 0.1431 0.1430 0.1448 0.1446 
         559  1 0.1450 0.1422 0.1400 0.1445 0.1427 0.1463 0.1393 
         560  1 0.1440 0.1388 0.1439 0.1446 0.1415 0.1415 0.1457 
         561  1 0.1422 0.1410 0.1437 0.1422 0.1438 0.1448 0.1424 
         562  1 0.1384 0.1421 0.1442 0.1388 0.1515 0.1393 0.1458 
         563  1 0.1342 0.1427 0.1470 0.1440 0.1441 0.1442 0.1440 
         564  1 0.1387 0.1451 0.1436 0.1399 0.1440 0.1455 0.1432 
         565  1 0.1386 0.1413 0.1431 0.1455 0.1399 0.1475 0.1441 
         566  1 0.1347 0.1410 0.1474 0.1382 0.1514 0.1461 0.1411 
         567  1 0.1425 0.1430 0.1434 0.1427 0.1446 0.1443 0.1395 
         568  1 0.1493 0.1455 0.1404 0.1422 0.1381 0.1385 0.1459 
         569  1 0.1392 0.1418 0.1425 0.1452 0.1446 0.1478 0.1391 
         570  1 0.1583 0.1486 0.1359 0.1425 0.1334 0.1364 0.1449 
         571  1 0.1357 0.1403 0.1410 0.1440 0.1516 0.1473 0.1401 
         572  1 0.1396 0.1421 0.1412 0.1434 0.1469 0.1433 0.1434 
         573  1 0.1441 0.1424 0.1395 0.1443 0.1411 0.1447 0.1438 
         574  1 0.1446 0.1437 0.1444 0.1405 0.1425 0.1413 0.1429 
         575  1 0.1454 0.1438 0.1397 0.1414 0.1436 0.1451 0.1411 
         576  1 0.1408 0.1458 0.1440 0.1412 0.1450 0.1404 0.1428 
         577  1 0.1391 0.1474 0.1443 0.1364 0.1465 0.1396 0.1469 
         578  1 0.1423 0.1459 0.1398 0.1420 0.1422 0.1446 0.1432 
         579  1 0.1439 0.1417 0.1426 0.1451 0.1395 0.1410 0.1461 
         580  1 0.1388 0.1393 0.1471 0.1432 0.1460 0.1446 0.1410 
         581  1 0.1415 0.1432 0.1436 0.1376 0.1460 0.1437 0.1444 
         582  1 0.1424 0.1419 0.1418 0.1441 0.1451 0.1404 0.1442 
         583  1 0.1416 0.1385 0.1416 0.1442 0.1465 0.1473 0.1404 
         584  1 0.1454 0.1440 0.1412 0.1464 0.1347 0.1425 0.1458 
         585  1 0.1376 0.1394 0.1417 0.1462 0.1473 0.1491 0.1386 
         586  1 0.1447 0.1429 0.1404 0.1469 0.1425 0.1400 0.1427 
         587  1 0.1392 0.1397 0.1399 0.1452 0.1500 0.1496 0.1363 
         588  1 0.1428 0.1452 0.1415 0.1423 0.1425 0.1409 0.1448 
         589  1 0.1427 0.1431 0.1431 0.1460 0.1449 0.1415 0.1387 
         590  1 0.1461 0.1405 0.1462 0.1440 0.1434 0.1393 0.1404 
         591  1 0.1387 0.1419 0.1441 0.1412 0.1435 0.1430 0.1476 
         592  1 0.1395 0.1393 0.1437 0.1443 0.1432 0.1483 0.1418 
         593  1 0.1421 0.1430 0.1437 0.1432 0.1421 0.1428 0.1431 
         594  1 0.1421 0.1417 0.1456 0.1451 0.1420 0.1394 0.1441 
         595  1 0.1409 0.1447 0.1440 0.1393 0.1479 0.1404 0.1429 
         596  1 0.1455 0.1457 0.1423 0.1467 0.1356 0.1437 0.1405 
         597  1 0.1447 0.1449 0.1431 0.1420 0.1410 0.1399 0.1443 
         598  1 0.1341 0.1390 0.1437 0.1423 0.1548 0.1502 0.1358 
         599  1 0.1484 0.1419 0.1377 0.1459 0.1391 0.1454 0.1416 
         600  1 0.1385 0.1476 0.1448 0.1383 0.1458 0.1429 0.1421 
         601  1 0.1396 0.1437 0.1443 0.1422 0.1393 0.1432 0.1476 
         602  1 0.1417 0.1445 0.1444 0.1427 0.1442 0.1416 0.1408 
         603  1 0.1412 0.1415 0.1406 0.1425 0.1449 0.1456 0.1436 
         604  1 0.1458 0.1440 0.1425 0.1425 0.1386 0.1419 0.1447 
         605  1 0.1495 0.1462 0.1417 0.1425 0.1366 0.1378 0.1457 
         606  1 0.1415 0.1418 0.1443 0.1439 0.1419 0.1445 0.1421 
