           1  1 0.1621 0.1613 0.1711 0.1710 0.1686 0.1660 
           2  1 0.1682 0.1628 0.1724 0.1705 0.1620 0.1642 
           3  1 0.1640 0.1583 0.1726 0.1754 0.1595 0.1702 
           4  1 0.1550 0.1630 0.1715 0.1797 0.1627 0.1680 
           5  1 0.1691 0.1616 0.1712 0.1686 0.1669 0.1626 
           6  1 0.1693 0.1526 0.1715 0.1689 0.1754 0.1624 
           7  1 0.1596 0.1625 0.1755 0.1787 0.1613 0.1624 
           8  1 0.1616 0.1582 0.1733 0.1729 0.1693 0.1646 
           9  1 0.1713 0.1726 0.1601 0.1617 0.1650 0.1694 
          10  1 0.1644 0.1736 0.1578 0.1653 0.1706 0.1683 
          11  1 0.1782 0.1761 0.1608 0.1546 0.1660 0.1644 
          12  1 0.1755 0.1753 0.1542 0.1583 0.1662 0.1705 
          13  1 0.1634 0.1586 0.1759 0.1680 0.1702 0.1639 
          14  1 0.1697 0.1539 0.1743 0.1773 0.1635 0.1613 
          15  1 0.1678 0.1599 0.1703 0.1730 0.1646 0.1644 
          16  1 0.1735 0.1606 0.1651 0.1695 0.1692 0.1622 
          17  1 0.1692 0.1710 0.1626 0.1620 0.1692 0.1660 
          18  1 0.1725 0.1708 0.1599 0.1575 0.1701 0.1692 
          19  1 0.1705 0.1631 0.1649 0.1724 0.1664 0.1628 
          20  1 0.1760 0.1637 0.1674 0.1632 0.1679 0.1618 
          21  1 0.1639 0.1628 0.1733 0.1727 0.1607 0.1666 
          22  1 0.1694 0.1643 0.1666 0.1641 0.1666 0.1690 
          23  1 0.1688 0.1602 0.1693 0.1715 0.1693 0.1610 
          24  1 0.1607 0.1639 0.1750 0.1827 0.1550 0.1627 
          25  1 0.1673 0.1715 0.1653 0.1693 0.1519 0.1747 
          26  1 0.1660 0.1711 0.1630 0.1609 0.1708 0.1682 
          27  1 0.1532 0.1623 0.1772 0.1732 0.1690 0.1651 
          28  1 0.1679 0.1745 0.1666 0.1651 0.1584 0.1676 
          29  1 0.1695 0.1638 0.1689 0.1668 0.1677 0.1632 
          30  1 0.1624 0.1686 0.1675 0.1712 0.1649 0.1653 
          31  1 0.1742 0.1669 0.1669 0.1647 0.1647 0.1626 
          32  1 0.1699 0.1707 0.1605 0.1656 0.1637 0.1695 
          33  1 0.1629 0.1769 0.1619 0.1586 0.1664 0.1732 
          34  1 0.1692 0.1642 0.1638 0.1663 0.1697 0.1668 
          35  1 0.1643 0.1697 0.1690 0.1658 0.1660 0.1652 
          36  1 0.1588 0.1667 0.1719 0.1730 0.1584 0.1712 
          37  1 0.1677 0.1777 0.1583 0.1586 0.1715 0.1663 
          38  1 0.1601 0.1699 0.1663 0.1669 0.1671 0.1696 
          39  1 0.1637 0.1679 0.1682 0.1683 0.1605 0.1713 
          40  1 0.1673 0.1632 0.1665 0.1639 0.1734 0.1658 
          41  1 0.1687 0.1661 0.1667 0.1618 0.1750 0.1617 
          42  1 0.1615 0.1748 0.1613 0.1628 0.1656 0.1739 
          43  1 0.1556 0.1708 0.1720 0.1718 0.1661 0.1637 
          44  1 0.1718 0.1619 0.1684 0.1681 0.1674 0.1625 
          45  1 0.1746 0.1583 0.1674 0.1669 0.1710 0.1618 
          46  1 0.1562 0.1592 0.1733 0.1786 0.1621 0.1707 
          47  1 0.1627 0.1637 0.1695 0.1671 0.1687 0.1682 
          48  1 0.1648 0.1652 0.1699 0.1656 0.1628 0.1716 
          49  1 0.1664 0.1727 0.1622 0.1625 0.1687 0.1675 
          50  1 0.1754 0.1588 0.1675 0.1717 0.1650 0.1616 
          51  1 0.1612 0.1770 0.1589 0.1551 0.1749 0.1729 
          52  1 0.1755 0.1811 0.1593 0.1549 0.1673 0.1619 
          53  1 0.1751 0.1860 0.1596 0.1529 0.1660 0.1604 
          54  1 0.1623 0.1771 0.1541 0.1601 0.1777 0.1686 
          55  1 0.1818 0.1725 0.1572 0.1535 0.1628 0.1721 
          56  1 0.1664 0.1571 0.1718 0.1685 0.1736 0.1626 
          57  1 0.1681 0.1793 0.1580 0.1542 0.1637 0.1767 
          58  1 0.1598 0.1799 0.1567 0.1545 0.1777 0.1714 
          59  1 0.1682 0.1639 0.1686 0.1682 0.1725 0.1587 
          60  1 0.1713 0.1644 0.1660 0.1685 0.1624 0.1673 
          61  1 0.1615 0.1605 0.1741 0.1784 0.1616 0.1640 
          62  1 0.1586 0.1659 0.1707 0.1656 0.1701 0.1691 
          63  1 0.1655 0.1599 0.1725 0.1675 0.1704 0.1642 
          64  1 0.1700 0.1854 0.1563 0.1526 0.1644 0.1713 
          65  1 0.1729 0.1610 0.1645 0.1675 0.1653 0.1688 
          66  1 0.1621 0.1619 0.1707 0.1811 0.1529 0.1714 
          67  1 0.1649 0.1856 0.1601 0.1574 0.1622 0.1697 
          68  1 0.1676 0.1691 0.1679 0.1633 0.1668 0.1653 
          69  1 0.1691 0.1686 0.1656 0.1651 0.1632 0.1684 
          70  1 0.1719 0.1797 0.1558 0.1533 0.1723 0.1670 
          71  1 0.1788 0.1665 0.1592 0.1621 0.1745 0.1589 
          72  1 0.1638 0.1763 0.1561 0.1622 0.1751 0.1665 
          73  1 0.1702 0.1679 0.1627 0.1689 0.1624 0.1679 
          74  1 0.1629 0.1669 0.1628 0.1617 0.1833 0.1623 
          75  1 0.1524 0.1637 0.1713 0.1804 0.1648 0.1674 
          76  1 0.1675 0.1619 0.1720 0.1692 0.1672 0.1622 
          77  1 0.1659 0.1723 0.1657 0.1661 0.1646 0.1653 
          78  1 0.1578 0.1705 0.1699 0.1708 0.1661 0.1650 
          79  1 0.1695 0.1538 0.1712 0.1714 0.1662 0.1680 
          80  1 0.1562 0.1663 0.1745 0.1741 0.1592 0.1697 
          81  1 0.1767 0.1731 0.1562 0.1585 0.1639 0.1716 
          82  1 0.1690 0.1582 0.1709 0.1696 0.1698 0.1625 
          83  1 0.1722 0.1710 0.1570 0.1611 0.1677 0.1710 
          84  1 0.1562 0.1639 0.1691 0.1721 0.1709 0.1677 
          85  1 0.1594 0.1628 0.1743 0.1770 0.1614 0.1652 
          86  1 0.1681 0.1705 0.1639 0.1656 0.1654 0.1664 
          87  1 0.1572 0.1698 0.1649 0.1615 0.1780 0.1685 
          88  1 0.1728 0.1643 0.1664 0.1670 0.1684 0.1612 
          89  1 0.1578 0.1723 0.1646 0.1645 0.1710 0.1699 
          90  1 0.1625 0.1707 0.1647 0.1669 0.1622 0.1731 
          91  1 0.1771 0.1754 0.1552 0.1547 0.1635 0.1741 
          92  1 0.1626 0.1644 0.1711 0.1715 0.1605 0.1699 
          93  1 0.1696 0.1696 0.1631 0.1610 0.1671 0.1695 
          94  1 0.1750 0.1745 0.1621 0.1538 0.1778 0.1568 
          95  1 0.1687 0.1705 0.1642 0.1652 0.1715 0.1599 
          96  1 0.1652 0.1646 0.1712 0.1659 0.1627 0.1704 
          97  1 0.1709 0.1771 0.1562 0.1554 0.1642 0.1761 
          98  1 0.1729 0.1759 0.1555 0.1586 0.1615 0.1756 
          99  1 0.1582 0.1609 0.1658 0.1679 0.1710 0.1762 
         100  1 0.1623 0.1683 0.1646 0.1659 0.1641 0.1748 
         101  1 0.1694 0.1829 0.1604 0.1567 0.1602 0.1705 
         102  1 0.1615 0.1714 0.1707 0.1626 0.1635 0.1702 
         103  1 0.1721 0.1754 0.1592 0.1582 0.1681 0.1671 
         104  1 0.1605 0.1713 0.1598 0.1657 0.1639 0.1788 
         105  1 0.1647 0.1700 0.1685 0.1616 0.1710 0.1642 
         106  1 0.1615 0.1720 0.1648 0.1685 0.1663 0.1670 
         107  1 0.1703 0.1574 0.1714 0.1676 0.1723 0.1610 
         108  1 0.1556 0.1680 0.1680 0.1612 0.1806 0.1666 
         109  1 0.1600 0.1582 0.1830 0.1833 0.1503 0.1652 
         110  1 0.1677 0.1589 0.1759 0.1698 0.1640 0.1636 
         111  1 0.1743 0.1629 0.1728 0.1662 0.1634 0.1604 
         112  1 0.1664 0.1641 0.1691 0.1699 0.1565 0.1741 
         113  1 0.1709 0.1599 0.1693 0.1686 0.1656 0.1658 
         114  1 0.1734 0.1647 0.1665 0.1619 0.1674 0.1661 
         115  1 0.1675 0.1622 0.1690 0.1687 0.1706 0.1619 
         116  1 0.1670 0.1712 0.1633 0.1611 0.1657 0.1718 
         117  1 0.1822 0.1705 0.1563 0.1560 0.1651 0.1699 
         118  1 0.1669 0.1679 0.1654 0.1677 0.1607 0.1714 
         119  1 0.1770 0.1709 0.1602 0.1613 0.1592 0.1714 
         120  1 0.1653 0.1555 0.1738 0.1735 0.1681 0.1637 
         121  1 0.1667 0.1632 0.1704 0.1741 0.1601 0.1654 
         122  1 0.1640 0.1669 0.1675 0.1668 0.1698 0.1650 
         123  1 0.1696 0.1663 0.1637 0.1667 0.1608 0.1728 
         124  1 0.1779 0.1585 0.1647 0.1634 0.1786 0.1570 
         125  1 0.1541 0.1582 0.1787 0.1793 0.1633 0.1664 
         126  1 0.1677 0.1569 0.1712 0.1696 0.1717 0.1629 
         127  1 0.1634 0.1603 0.1729 0.1712 0.1647 0.1675 
         128  1 0.1569 0.1738 0.1665 0.1610 0.1728 0.1691 
         129  1 0.1728 0.1644 0.1642 0.1683 0.1713 0.1589 
         130  1 0.1602 0.1748 0.1631 0.1651 0.1704 0.1664 
         131  1 0.1763 0.1676 0.1626 0.1659 0.1586 0.1690 
         132  1 0.1751 0.1571 0.1687 0.1718 0.1665 0.1609 
         133  1 0.1557 0.1630 0.1755 0.1723 0.1617 0.1718 
         134  1 0.1482 0.1546 0.1828 0.1866 0.1586 0.1692 
         135  1 0.1613 0.1823 0.1630 0.1630 0.1659 0.1645 
         136  1 0.1632 0.1693 0.1664 0.1643 0.1702 0.1665 
         137  1 0.1737 0.1679 0.1632 0.1659 0.1696 0.1597 
         138  1 0.1626 0.1701 0.1656 0.1689 0.1674 0.1653 
         139  1 0.1709 0.1658 0.1665 0.1655 0.1707 0.1605 
         140  1 0.1670 0.1733 0.1597 0.1627 0.1693 0.1681 
         141  1 0.1608 0.1633 0.1680 0.1734 0.1691 0.1654 
         142  1 0.1772 0.1683 0.1591 0.1681 0.1635 0.1637 
         143  1 0.1754 0.1646 0.1675 0.1682 0.1605 0.1638 
         144  1 0.1751 0.1669 0.1632 0.1673 0.1585 0.1691 
         145  1 0.1715 0.1707 0.1607 0.1553 0.1662 0.1756 
         146  1 0.1656 0.1689 0.1658 0.1700 0.1651 0.1645 
         147  1 0.1606 0.1613 0.1730 0.1707 0.1706 0.1638 
         148  1 0.1652 0.1660 0.1694 0.1700 0.1607 0.1686 
         149  1 0.1691 0.1579 0.1727 0.1763 0.1622 0.1619 
         150  1 0.1636 0.1681 0.1682 0.1669 0.1650 0.1683 
         151  1 0.1625 0.1775 0.1586 0.1606 0.1666 0.1742 
         152  1 0.1605 0.1648 0.1756 0.1666 0.1753 0.1573 
         153  1 0.1582 0.1691 0.1647 0.1684 0.1646 0.1749 
         154  1 0.1581 0.1689 0.1692 0.1775 0.1588 0.1676 
         155  1 0.1665 0.1777 0.1590 0.1584 0.1692 0.1691 
         156  1 0.1685 0.1752 0.1640 0.1595 0.1639 0.1689 
         157  1 0.1592 0.1619 0.1772 0.1797 0.1590 0.1629 
         158  1 0.1573 0.1705 0.1718 0.1748 0.1607 0.1649 
         159  1 0.1673 0.1586 0.1710 0.1792 0.1632 0.1606 
         160  1 0.1625 0.1638 0.1704 0.1678 0.1695 0.1660 
         161  1 0.1627 0.1644 0.1680 0.1737 0.1622 0.1689 
         162  1 0.1653 0.1620 0.1681 0.1669 0.1707 0.1670 
         163  1 0.1610 0.1717 0.1651 0.1668 0.1708 0.1645 
         164  1 0.1662 0.1641 0.1703 0.1635 0.1743 0.1616 
         165  1 0.1697 0.1636 0.1661 0.1682 0.1677 0.1647 
         166  1 0.1724 0.1739 0.1622 0.1606 0.1664 0.1645 
         167  1 0.1652 0.1613 0.1727 0.1710 0.1668 0.1630 
         168  1 0.1709 0.1671 0.1625 0.1652 0.1651 0.1692 
         169  1 0.1700 0.1730 0.1608 0.1597 0.1732 0.1633 
         170  1 0.1675 0.1655 0.1640 0.1635 0.1699 0.1696 
         171  1 0.1605 0.1593 0.1696 0.1701 0.1722 0.1683 
         172  1 0.1641 0.1588 0.1690 0.1680 0.1810 0.1591 
         173  1 0.1667 0.1620 0.1713 0.1690 0.1679 0.1632 
         174  1 0.1632 0.1640 0.1726 0.1763 0.1615 0.1625 
         175  1 0.1722 0.1695 0.1645 0.1626 0.1686 0.1626 
         176  1 0.1689 0.1673 0.1667 0.1630 0.1704 0.1636 
         177  1 0.1605 0.1656 0.1671 0.1673 0.1714 0.1680 
         178  1 0.1681 0.1677 0.1639 0.1617 0.1695 0.1692 
         179  1 0.1616 0.1637 0.1753 0.1722 0.1551 0.1722 
         180  1 0.1745 0.1609 0.1667 0.1668 0.1721 0.1590 
         181  1 0.1681 0.1703 0.1617 0.1619 0.1626 0.1754 
         182  1 0.1761 0.1668 0.1630 0.1576 0.1688 0.1678 
         183  1 0.1721 0.1636 0.1672 0.1665 0.1661 0.1645 
         184  1 0.1692 0.1633 0.1671 0.1675 0.1694 0.1635 
         185  1 0.1637 0.1710 0.1630 0.1637 0.1673 0.1713 
         186  1 0.1667 0.1669 0.1653 0.1657 0.1700 0.1654 
         187  1 0.1688 0.1636 0.1658 0.1673 0.1689 0.1655 
         188  1 0.1684 0.1766 0.1599 0.1585 0.1658 0.1709 
         189  1 0.1628 0.1645 0.1664 0.1675 0.1719 0.1669 
         190  1 0.1740 0.1675 0.1624 0.1633 0.1671 0.1658 
         191  1 0.1719 0.1617 0.1682 0.1694 0.1629 0.1659 
         192  1 0.1676 0.1624 0.1673 0.1723 0.1648 0.1657 
         193  1 0.1638 0.1681 0.1677 0.1635 0.1612 0.1757 
         194  1 0.1662 0.1622 0.1692 0.1709 0.1628 0.1688 
         195  1 0.1683 0.1658 0.1669 0.1715 0.1603 0.1673 
         196  1 0.1683 0.1661 0.1637 0.1624 0.1673 0.1722 
         197  1 0.1672 0.1747 0.1599 0.1641 0.1642 0.1699 
         198  1 0.1704 0.1620 0.1655 0.1653 0.1691 0.1677 
         199  1 0.1675 0.1674 0.1690 0.1675 0.1600 0.1686 
         200  1 0.1585 0.1678 0.1692 0.1716 0.1652 0.1678 
         201  1 0.1678 0.1767 0.1554 0.1602 0.1663 0.1736 
         202  1 0.1691 0.1640 0.1679 0.1631 0.1725 0.1634 
         203  1 0.1692 0.1692 0.1646 0.1639 0.1651 0.1679 
         204  1 0.1685 0.1591 0.1690 0.1678 0.1679 0.1677 
         205  1 0.1606 0.1662 0.1689 0.1659 0.1678 0.1707 
         206  1 0.1668 0.1650 0.1718 0.1706 0.1620 0.1638 
         207  1 0.1646 0.1652 0.1704 0.1677 0.1706 0.1615 
         208  1 0.1609 0.1716 0.1680 0.1715 0.1600 0.1680 
         209  1 0.1728 0.1715 0.1578 0.1624 0.1681 0.1675 
         210  1 0.1550 0.1604 0.1779 0.1702 0.1667 0.1698 
         211  1 0.1509 0.1522 0.1782 0.1979 0.1543 0.1666 
         212  1 0.1685 0.1735 0.1571 0.1572 0.1693 0.1745 
         213  1 0.1613 0.1673 0.1735 0.1697 0.1685 0.1598 
         214  1 0.1668 0.1743 0.1673 0.1691 0.1570 0.1656 
         215  1 0.1687 0.1640 0.1698 0.1689 0.1666 0.1620 
         216  1 0.1765 0.1742 0.1582 0.1598 0.1617 0.1696 
         217  1 0.1612 0.1557 0.1737 0.1772 0.1667 0.1656 
         218  1 0.1700 0.1579 0.1700 0.1674 0.1777 0.1570 
         219  1 0.1594 0.1685 0.1706 0.1693 0.1673 0.1649 
         220  1 0.1676 0.1646 0.1690 0.1773 0.1562 0.1653 
         221  1 0.1625 0.1746 0.1641 0.1677 0.1626 0.1686 
         222  1 0.1625 0.1631 0.1663 0.1642 0.1801 0.1637 
         223  1 0.1673 0.1681 0.1590 0.1601 0.1741 0.1713 
         224  1 0.1740 0.1714 0.1640 0.1622 0.1680 0.1605 
         225  1 0.1683 0.1613 0.1661 0.1674 0.1712 0.1657 
         226  1 0.1646 0.1625 0.1687 0.1682 0.1663 0.1697 
         227  1 0.1687 0.1786 0.1604 0.1576 0.1695 0.1652 
         228  1 0.1698 0.1625 0.1664 0.1697 0.1633 0.1684 
         229  1 0.1684 0.1744 0.1620 0.1579 0.1686 0.1687 
         230  1 0.1566 0.1689 0.1678 0.1655 0.1623 0.1788 
         231  1 0.1660 0.1779 0.1575 0.1578 0.1650 0.1758 
         232  1 0.1780 0.1724 0.1579 0.1617 0.1626 0.1674 
         233  1 0.1652 0.1662 0.1662 0.1649 0.1692 0.1683 
         234  1 0.1716 0.1711 0.1630 0.1627 0.1641 0.1675 
         235  1 0.1732 0.1740 0.1607 0.1578 0.1648 0.1695 
         236  1 0.1557 0.1620 0.1726 0.1682 0.1750 0.1665 
         237  1 0.1829 0.1696 0.1561 0.1540 0.1638 0.1736 
         238  1 0.1621 0.1703 0.1658 0.1635 0.1712 0.1671 
         239  1 0.1714 0.1651 0.1662 0.1647 0.1732 0.1594 
         240  1 0.1671 0.1611 0.1698 0.1676 0.1695 0.1649 
         241  1 0.1770 0.1821 0.1536 0.1568 0.1628 0.1677 
         242  1 0.1765 0.1749 0.1581 0.1598 0.1632 0.1675 
         243  1 0.1703 0.1606 0.1712 0.1681 0.1654 0.1644 
         244  1 0.1611 0.1670 0.1716 0.1654 0.1710 0.1639 
         245  1 0.1771 0.1679 0.1648 0.1605 0.1673 0.1624 
         246  1 0.1594 0.1634 0.1685 0.1671 0.1732 0.1683 
         247  1 0.1617 0.1635 0.1676 0.1646 0.1773 0.1653 
         248  1 0.1659 0.1690 0.1695 0.1611 0.1649 0.1697 
         249  1 0.1666 0.1700 0.1633 0.1687 0.1637 0.1677 
         250  1 0.1645 0.1701 0.1671 0.1644 0.1684 0.1655 
         251  1 0.1584 0.1697 0.1643 0.1604 0.1763 0.1709 
         252  1 0.1665 0.1594 0.1697 0.1746 0.1657 0.1643 
         253  1 0.1640 0.1651 0.1723 0.1711 0.1567 0.1707 
         254  1 0.1726 0.1632 0.1642 0.1659 0.1667 0.1674 
         255  1 0.1619 0.1582 0.1725 0.1792 0.1633 0.1648 
         256  1 0.1697 0.1671 0.1659 0.1623 0.1670 0.1680 
         257  1 0.1515 0.1556 0.1796 0.1813 0.1641 0.1679 
         258  1 0.1571 0.1628 0.1746 0.1760 0.1628 0.1667 
         259  1 0.1583 0.1611 0.1734 0.1797 0.1576 0.1699 
         260  1 0.1606 0.1608 0.1708 0.1717 0.1666 0.1694 
         261  1 0.1822 0.1687 0.1601 0.1558 0.1748 0.1584 
         262  1 0.1659 0.1586 0.1731 0.1767 0.1630 0.1626 
         263  1 0.1692 0.1783 0.1620 0.1572 0.1587 0.1746 
         264  1 0.1666 0.1641 0.1713 0.1724 0.1582 0.1674 
         265  1 0.1697 0.1705 0.1653 0.1665 0.1579 0.1700 
         266  1 0.1626 0.1634 0.1674 0.1668 0.1735 0.1663 
         267  1 0.1641 0.1618 0.1709 0.1740 0.1582 0.1710 
         268  1 0.1660 0.1724 0.1652 0.1654 0.1696 0.1614 
         269  1 0.1587 0.1587 0.1733 0.1845 0.1568 0.1680 
         270  1 0.1709 0.1629 0.1664 0.1672 0.1675 0.1651 
         271  1 0.1664 0.1787 0.1649 0.1587 0.1688 0.1625 
         272  1 0.1584 0.1652 0.1730 0.1729 0.1612 0.1694 
         273  1 0.1687 0.1742 0.1599 0.1567 0.1671 0.1734 
         274  1 0.1673 0.1680 0.1675 0.1686 0.1571 0.1715 
         275  1 0.1511 0.1593 0.1784 0.1805 0.1610 0.1698 
         276  1 0.1726 0.1584 0.1716 0.1631 0.1728 0.1614 
         277  1 0.1692 0.1657 0.1698 0.1667 0.1628 0.1658 
         278  1 0.1640 0.1698 0.1663 0.1738 0.1650 0.1611 
         279  1 0.1702 0.1625 0.1623 0.1696 0.1666 0.1687 
         280  1 0.1665 0.1638 0.1714 0.1695 0.1597 0.1692 
         281  1 0.1721 0.1766 0.1534 0.1537 0.1643 0.1800 
         282  1 0.1685 0.1677 0.1623 0.1640 0.1687 0.1688 
         283  1 0.1773 0.1624 0.1670 0.1645 0.1675 0.1613 
         284  1 0.1844 0.1742 0.1573 0.1542 0.1667 0.1632 
         285  1 0.1686 0.1765 0.1546 0.1616 0.1639 0.1748 
         286  1 0.1666 0.1576 0.1732 0.1735 0.1658 0.1632 
         287  1 0.1692 0.1678 0.1627 0.1610 0.1685 0.1707 
         288  1 0.1660 0.1678 0.1656 0.1633 0.1671 0.1702 
         289  1 0.1740 0.1791 0.1544 0.1556 0.1643 0.1726 
         290  1 0.1876 0.1709 0.1553 0.1543 0.1647 0.1672 
         291  1 0.1689 0.1585 0.1699 0.1760 0.1621 0.1646 
         292  1 0.1655 0.1727 0.1626 0.1616 0.1656 0.1719 
         293  1 0.1734 0.1733 0.1589 0.1607 0.1638 0.1698 
         294  1 0.1662 0.1822 0.1568 0.1580 0.1699 0.1669 
         295  1 0.1670 0.1699 0.1652 0.1693 0.1576 0.1711 
         296  1 0.1676 0.1825 0.1605 0.1610 0.1677 0.1608 
         297  1 0.1634 0.1781 0.1606 0.1590 0.1706 0.1684 
         298  1 0.1705 0.1761 0.1613 0.1667 0.1570 0.1684 
         299  1 0.1577 0.1853 0.1562 0.1555 0.1743 0.1711 
         300  1 0.1567 0.1496 0.1798 0.1826 0.1615 0.1697 
         301  1 0.1639 0.1658 0.1670 0.1667 0.1697 0.1670 
         302  1 0.1576 0.1677 0.1667 0.1702 0.1729 0.1649 
         303  1 0.1644 0.1586 0.1732 0.1746 0.1645 0.1647 
         304  1 0.1814 0.1574 0.1682 0.1657 0.1678 0.1595 
         305  1 0.1749 0.1597 0.1679 0.1702 0.1654 0.1619 
         306  1 0.1649 0.1615 0.1709 0.1750 0.1609 0.1668 
         307  1 0.1688 0.1656 0.1669 0.1692 0.1618 0.1678 
         308  1 0.1679 0.1743 0.1615 0.1659 0.1604 0.1701 
         309  1 0.1658 0.1701 0.1643 0.1628 0.1621 0.1749 
         310  1 0.1667 0.1650 0.1687 0.1685 0.1632 0.1679 
         311  1 0.1668 0.1608 0.1692 0.1709 0.1700 0.1622 
         312  1 0.1864 0.1602 0.1657 0.1640 0.1620 0.1616 
         313  1 0.1574 0.1641 0.1731 0.1728 0.1646 0.1680 
         314  1 0.1797 0.1809 0.1577 0.1624 0.1594 0.1600 
         315  1 0.1701 0.1646 0.1687 0.1697 0.1616 0.1654 
         316  1 0.1682 0.1672 0.1664 0.1672 0.1643 0.1666 
         317  1 0.1815 0.1771 0.1572 0.1558 0.1632 0.1650 
         318  1 0.1710 0.1717 0.1621 0.1631 0.1598 0.1723 
         319  1 0.1720 0.1552 0.1721 0.1812 0.1575 0.1621 
         320  1 0.1745 0.1717 0.1634 0.1631 0.1622 0.1651 
         321  1 0.1646 0.1599 0.1700 0.1736 0.1666 0.1654 
         322  1 0.1649 0.1779 0.1579 0.1549 0.1704 0.1739 
         323  1 0.1752 0.1729 0.1613 0.1637 0.1663 0.1606 
         324  1 0.1567 0.1737 0.1748 0.1733 0.1591 0.1624 
         325  1 0.1812 0.1799 0.1575 0.1572 0.1530 0.1712 
         326  1 0.1609 0.1597 0.1743 0.1789 0.1584 0.1678 
         327  1 0.1736 0.1652 0.1646 0.1638 0.1727 0.1601 
         328  1 0.1711 0.1713 0.1627 0.1643 0.1596 0.1710 
         329  1 0.1704 0.1682 0.1660 0.1650 0.1594 0.1709 
         330  1 0.1617 0.1621 0.1718 0.1683 0.1722 0.1639 
         331  1 0.1685 0.1691 0.1667 0.1645 0.1638 0.1673 
         332  1 0.1630 0.1596 0.1685 0.1703 0.1671 0.1714 
         333  1 0.1714 0.1575 0.1699 0.1714 0.1690 0.1609 
         334  1 0.1695 0.1675 0.1639 0.1648 0.1717 0.1627 
         335  1 0.1704 0.1727 0.1614 0.1555 0.1668 0.1732 
         336  1 0.1647 0.1740 0.1603 0.1605 0.1854 0.1551 
         337  1 0.1608 0.1691 0.1694 0.1691 0.1614 0.1701 
         338  1 0.1627 0.1719 0.1694 0.1671 0.1598 0.1691 
         339  1 0.1801 0.1658 0.1632 0.1652 0.1624 0.1633 
         340  1 0.1649 0.1632 0.1690 0.1740 0.1630 0.1659 
         341  1 0.1626 0.1619 0.1730 0.1723 0.1620 0.1682 
         342  1 0.1623 0.1690 0.1691 0.1655 0.1678 0.1664 
         343  1 0.1691 0.1612 0.1669 0.1659 0.1686 0.1683 
         344  1 0.1631 0.1636 0.1734 0.1701 0.1601 0.1697 
         345  1 0.1632 0.1709 0.1649 0.1671 0.1636 0.1704 
         346  1 0.1678 0.1576 0.1714 0.1703 0.1709 0.1621 
         347  1 0.1609 0.1598 0.1740 0.1714 0.1684 0.1655 
         348  1 0.1759 0.1670 0.1653 0.1632 0.1564 0.1720 
         349  1 0.1629 0.1615 0.1710 0.1650 0.1767 0.1629 
         350  1 0.1728 0.1657 0.1625 0.1614 0.1720 0.1656 
         351  1 0.1619 0.1601 0.1709 0.1733 0.1663 0.1675 
         352  1 0.1766 0.1769 0.1566 0.1543 0.1688 0.1667 
         353  1 0.1806 0.1705 0.1633 0.1619 0.1582 0.1655 
         354  1 0.1672 0.1632 0.1706 0.1668 0.1624 0.1698 
         355  1 0.1645 0.1725 0.1631 0.1655 0.1689 0.1655 
         356  1 0.1669 0.1680 0.1666 0.1656 0.1698 0.1631 
         357  1 0.1630 0.1553 0.1789 0.1764 0.1621 0.1643 
         358  1 0.1686 0.1596 0.1697 0.1690 0.1700 0.1632 
         359  1 0.1653 0.1544 0.1803 0.1818 0.1602 0.1581 
         360  1 0.1710 0.1689 0.1626 0.1592 0.1618 0.1766 
         361  1 0.1539 0.1702 0.1706 0.1907 0.1483 0.1663 
         362  1 0.1565 0.1612 0.1765 0.1691 0.1658 0.1708 
         363  1 0.1747 0.1625 0.1671 0.1615 0.1709 0.1633 
         364  1 0.1673 0.1661 0.1696 0.1644 0.1668 0.1657 
         365  1 0.1581 0.1543 0.1757 0.1788 0.1650 0.1681 
         366  1 0.1705 0.1621 0.1640 0.1655 0.1719 0.1661 
         367  1 0.1750 0.1653 0.1652 0.1637 0.1667 0.1641 
         368  1 0.1765 0.1814 0.1553 0.1550 0.1631 0.1687 
         369  1 0.1600 0.1740 0.1618 0.1582 0.1787 0.1674 
         370  1 0.1597 0.1630 0.1672 0.1650 0.1779 0.1673 
         371  1 0.1622 0.1618 0.1673 0.1707 0.1688 0.1692 
         372  1 0.1675 0.1687 0.1618 0.1701 0.1644 0.1674 
         373  1 0.1718 0.1689 0.1617 0.1606 0.1732 0.1639 
         374  1 0.1597 0.1651 0.1709 0.1730 0.1585 0.1728 
         375  1 0.1793 0.1645 0.1646 0.1646 0.1590 0.1681 
         376  1 0.1678 0.1681 0.1631 0.1643 0.1733 0.1635 
         377  1 0.1692 0.1627 0.1711 0.1691 0.1610 0.1670 
         378  1 0.1677 0.1656 0.1690 0.1668 0.1685 0.1624 
         379  1 0.1655 0.1688 0.1650 0.1626 0.1662 0.1719 
         380  1 0.1626 0.1870 0.1575 0.1561 0.1640 0.1727 
         381  1 0.1663 0.1634 0.1698 0.1708 0.1622 0.1677 
         382  1 0.1584 0.1641 0.1678 0.1659 0.1812 0.1626 
         383  1 0.1652 0.1638 0.1699 0.1661 0.1701 0.1648 
         384  1 0.1643 0.1662 0.1686 0.1685 0.1637 0.1686 
         385  1 0.1591 0.1634 0.1687 0.1712 0.1719 0.1657 
         386  1 0.1617 0.1713 0.1609 0.1621 0.1798 0.1642 
         387  1 0.1562 0.1577 0.1740 0.1729 0.1715 0.1677 
         388  1 0.1656 0.1667 0.1641 0.1633 0.1751 0.1652 
         389  1 0.1629 0.1642 0.1694 0.1665 0.1732 0.1638 
         390  1 0.1501 0.1655 0.1712 0.1751 0.1745 0.1637 
         391  1 0.1560 0.1630 0.1712 0.1690 0.1742 0.1666 
         392  1 0.1610 0.1696 0.1660 0.1625 0.1692 0.1717 
         393  1 0.1665 0.1728 0.1624 0.1632 0.1701 0.1649 
         394  1 0.1677 0.1635 0.1728 0.1677 0.1614 0.1669 
         395  1 0.1718 0.1597 0.1671 0.1690 0.1625 0.1699 
         396  1 0.1571 0.1761 0.1677 0.1656 0.1698 0.1637 
         397  1 0.1706 0.1583 0.1679 0.1722 0.1643 0.1667 
         398  1 0.1655 0.1736 0.1661 0.1707 0.1608 0.1632 
         399  1 0.1747 0.1922 0.1505 0.1506 0.1656 0.1664 
         400  1 0.1669 0.1686 0.1673 0.1660 0.1628 0.1684 
         401  1 0.1706 0.1684 0.1669 0.1699 0.1562 0.1680 
         402  1 0.1635 0.1817 0.1602 0.1656 0.1565 0.1725 
         403  1 0.1830 0.1668 0.1592 0.1601 0.1653 0.1656 
         404  1 0.1749 0.1559 0.1675 0.1642 0.1787 0.1589 
         405  1 0.1617 0.1639 0.1728 0.1649 0.1734 0.1632 
         406  1 0.1809 0.1593 0.1682 0.1603 0.1710 0.1603 
         407  1 0.1711 0.1599 0.1729 0.1673 0.1661 0.1627 
         408  1 0.1683 0.1663 0.1668 0.1628 0.1718 0.1641 
         409  1 0.1598 0.1610 0.1714 0.1699 0.1744 0.1635 
         410  1 0.1680 0.1647 0.1723 0.1694 0.1638 0.1617 
         411  1 0.1632 0.1721 0.1706 0.1677 0.1611 0.1654 
         412  1 0.1671 0.1675 0.1636 0.1624 0.1758 0.1637 
         413  1 0.1575 0.1696 0.1643 0.1660 0.1702 0.1724 
         414  1 0.1708 0.1800 0.1498 0.1541 0.1736 0.1718 
         415  1 0.1735 0.1625 0.1658 0.1681 0.1686 0.1614 
         416  1 0.1767 0.1671 0.1622 0.1637 0.1709 0.1594 
         417  1 0.1712 0.1633 0.1685 0.1679 0.1658 0.1633 
         418  1 0.1799 0.1644 0.1630 0.1649 0.1623 0.1655 
         419  1 0.1658 0.1594 0.1699 0.1682 0.1631 0.1735 
         420  1 0.1827 0.1679 0.1612 0.1637 0.1642 0.1603 
         421  1 0.1668 0.1587 0.1761 0.1725 0.1607 0.1651 
         422  1 0.1721 0.1663 0.1645 0.1673 0.1620 0.1678 
         423  1 0.1619 0.1643 0.1721 0.1727 0.1569 0.1721 
         424  1 0.1602 0.1803 0.1563 0.1525 0.1873 0.1633 
         425  1 0.1606 0.1686 0.1639 0.1655 0.1685 0.1730 
         426  1 0.1697 0.1645 0.1719 0.1672 0.1613 0.1654 
         427  1 0.1761 0.1631 0.1628 0.1651 0.1702 0.1626 
         428  1 0.1667 0.1701 0.1642 0.1628 0.1643 0.1718 
         429  1 0.1716 0.1612 0.1677 0.1634 0.1740 0.1622 
         430  1 0.1780 0.1650 0.1599 0.1580 0.1646 0.1745 
         431  1 0.1679 0.1608 0.1699 0.1663 0.1655 0.1696 
         432  1 0.1688 0.1673 0.1678 0.1596 0.1672 0.1694 
         433  1 0.1683 0.1683 0.1623 0.1652 0.1669 0.1690 
         434  1 0.1529 0.1621 0.1653 0.1715 0.1814 0.1668 
         435  1 0.1771 0.1678 0.1607 0.1634 0.1629 0.1682 
         436  1 0.1714 0.1622 0.1684 0.1665 0.1711 0.1605 
         437  1 0.1637 0.1627 0.1709 0.1715 0.1643 0.1669 
         438  1 0.1630 0.1709 0.1617 0.1663 0.1711 0.1671 
         439  1 0.1741 0.1629 0.1648 0.1699 0.1649 0.1634 
         440  1 0.1663 0.1698 0.1623 0.1665 0.1675 0.1676 
         441  1 0.1604 0.1668 0.1675 0.1718 0.1665 0.1671 
         442  1 0.1554 0.1654 0.1709 0.1684 0.1706 0.1694 
         443  1 0.1839 0.1586 0.1622 0.1645 0.1700 0.1608 
         444  1 0.1670 0.1709 0.1669 0.1700 0.1550 0.1703 
         445  1 0.1615 0.1672 0.1708 0.1672 0.1642 0.1690 
         446  1 0.1763 0.1627 0.1634 0.1621 0.1653 0.1702 
         447  1 0.1696 0.1672 0.1666 0.1627 0.1661 0.1677 
         448  1 0.1689 0.1676 0.1634 0.1682 0.1668 0.1652 
         449  1 0.1746 0.1634 0.1682 0.1694 0.1585 0.1658 
         450  1 0.1676 0.1661 0.1640 0.1702 0.1632 0.1687 
         451  1 0.1594 0.1691 0.1661 0.1622 0.1717 0.1714 
         452  1 0.1763 0.1673 0.1628 0.1657 0.1698 0.1580 
         453  1 0.1676 0.1650 0.1676 0.1679 0.1724 0.1596 
         454  1 0.1704 0.1692 0.1656 0.1616 0.1652 0.1679 
         455  1 0.1652 0.1742 0.1664 0.1579 0.1696 0.1668 
         456  1 0.1665 0.1669 0.1622 0.1649 0.1729 0.1667 
         457  1 0.1636 0.1725 0.1644 0.1689 0.1681 0.1624 
         458  1 0.1702 0.1660 0.1667 0.1565 0.1727 0.1678 
         459  1 0.1733 0.1772 0.1568 0.1551 0.1615 0.1761 
         460  1 0.1642 0.1648 0.1682 0.1671 0.1642 0.1714 
         461  1 0.1767 0.1843 0.1512 0.1533 0.1662 0.1682 
         462  1 0.1675 0.1653 0.1660 0.1684 0.1684 0.1644 
         463  1 0.1677 0.1731 0.1609 0.1630 0.1739 0.1614 
         464  1 0.1602 0.1629 0.1727 0.1663 0.1739 0.1641 
         465  1 0.1623 0.1666 0.1654 0.1748 0.1638 0.1671 
         466  1 0.1649 0.1639 0.1685 0.1651 0.1704 0.1672 
         467  1 0.1713 0.1700 0.1647 0.1647 0.1575 0.1718 
         468  1 0.1653 0.1660 0.1674 0.1647 0.1712 0.1655 
         469  1 0.1612 0.1762 0.1604 0.1685 0.1755 0.1582 
         470  1 0.1637 0.1678 0.1640 0.1668 0.1693 0.1684 
         471  1 0.1690 0.1628 0.1709 0.1697 0.1666 0.1610 
         472  1 0.1674 0.1711 0.1650 0.1626 0.1664 0.1675 
         473  1 0.1664 0.1559 0.1727 0.1752 0.1666 0.1632 
         474  1 0.1631 0.1638 0.1672 0.1649 0.1754 0.1655 
         475  1 0.1676 0.1658 0.1735 0.1675 0.1648 0.1608 
         476  1 0.1670 0.1678 0.1682 0.1695 0.1629 0.1646 
         477  1 0.1792 0.1657 0.1622 0.1576 0.1794 0.1561 
         478  1 0.1733 0.1710 0.1664 0.1603 0.1615 0.1675 
         479  1 0.1662 0.1721 0.1651 0.1590 0.1659 0.1718 
         480  1 0.1644 0.1586 0.1707 0.1705 0.1695 0.1663 
         481  1 0.1610 0.1727 0.1700 0.1682 0.1601 0.1681 
         482  1 0.1751 0.1713 0.1622 0.1598 0.1737 0.1579 
         483  1 0.1670 0.1626 0.1680 0.1695 0.1685 0.1645 
         484  1 0.1718 0.1668 0.1673 0.1695 0.1661 0.1584 
         485  1 0.1620 0.1684 0.1686 0.1602 0.1747 0.1661 
         486  1 0.1686 0.1657 0.1659 0.1652 0.1714 0.1630 
         487  1 0.1551 0.1545 0.1787 0.1795 0.1656 0.1666 
         488  1 0.1600 0.1561 0.1730 0.1741 0.1682 0.1686 
         489  1 0.1634 0.1627 0.1702 0.1794 0.1564 0.1677 
         490  1 0.1734 0.1730 0.1655 0.1623 0.1625 0.1633 
         491  1 0.1627 0.1720 0.1660 0.1623 0.1697 0.1673 
         492  1 0.1608 0.1669 0.1638 0.1616 0.1733 0.1736 
         493  1 0.1602 0.1589 0.1736 0.1717 0.1710 0.1646 
         494  1 0.1694 0.1757 0.1615 0.1545 0.1673 0.1716 
         495  1 0.1631 0.1582 0.1739 0.1759 0.1618 0.1671 
         496  1 0.1695 0.1708 0.1633 0.1635 0.1707 0.1622 
         497  1 0.1655 0.1630 0.1688 0.1701 0.1630 0.1696 
         498  1 0.1588 0.1596 0.1718 0.1678 0.1719 0.1702 
         499  1 0.1572 0.1686 0.1685 0.1660 0.1707 0.1689 
         500  1 0.1643 0.1767 0.1593 0.1599 0.1686 0.1712 
         501  1 0.1570 0.1503 0.1795 0.1957 0.1538 0.1637 
         502  1 0.1675 0.1640 0.1676 0.1651 0.1627 0.1732 
         503  1 0.1519 0.1634 0.1752 0.1778 0.1587 0.1730 
         504  1 0.1724 0.1630 0.1658 0.1670 0.1674 0.1644 
         505  1 0.1661 0.1572 0.1747 0.1775 0.1625 0.1620 
         506  1 0.1542 0.1760 0.1641 0.1655 0.1714 0.1689 
         507  1 0.1578 0.1653 0.1695 0.1649 0.1747 0.1678 
         508  1 0.1723 0.1632 0.1658 0.1661 0.1668 0.1658 
         509  1 0.1594 0.1636 0.1729 0.1708 0.1621 0.1711 
         510  1 0.1789 0.1678 0.1611 0.1590 0.1677 0.1656 
         511  1 0.1668 0.1719 0.1612 0.1633 0.1709 0.1660 
         512  1 0.1561 0.1529 0.1751 0.1736 0.1720 0.1703 
         513  1 0.1681 0.1651 0.1679 0.1668 0.1683 0.1638 
         514  1 0.1697 0.1625 0.1647 0.1625 0.1722 0.1684 
         515  1 0.1592 0.1676 0.1692 0.1693 0.1649 0.1698 
         516  1 0.1591 0.1654 0.1673 0.1677 0.1733 0.1671 
         517  1 0.1610 0.1648 0.1714 0.1654 0.1739 0.1635 
         518  1 0.1749 0.1639 0.1650 0.1676 0.1613 0.1673 
         519  1 0.1570 0.1625 0.1715 0.1729 0.1695 0.1666 
         520  1 0.1604 0.1663 0.1696 0.1686 0.1659 0.1692 
         521  1 0.1677 0.1628 0.1718 0.1738 0.1615 0.1623 
         522  1 0.1732 0.1630 0.1625 0.1643 0.1652 0.1718 
         523  1 0.1627 0.1720 0.1654 0.1639 0.1695 0.1664 
         524  1 0.1588 0.1582 0.1725 0.1766 0.1700 0.1639 
         525  1 0.1628 0.1766 0.1587 0.1658 0.1639 0.1722 
         526  1 0.1691 0.1586 0.1729 0.1734 0.1631 0.1629 
         527  1 0.1663 0.1682 0.1651 0.1651 0.1735 0.1617 
         528  1 0.1765 0.1603 0.1664 0.1658 0.1691 0.1618 
         529  1 0.1706 0.1659 0.1675 0.1681 0.1642 0.1636 
         530  1 0.1739 0.1758 0.1601 0.1605 0.1615 0.1681 
         531  1 0.1627 0.1715 0.1619 0.1596 0.1731 0.1712 
         532  1 0.1718 0.1662 0.1633 0.1646 0.1620 0.1721 
         533  1 0.1658 0.1701 0.1641 0.1673 0.1625 0.1701 
         534  1 0.1692 0.1717 0.1621 0.1600 0.1659 0.1710 
         535  1 0.1667 0.1619 0.1724 0.1729 0.1593 0.1668 
         536  1 0.1743 0.1696 0.1569 0.1598 0.1644 0.1749 
         537  1 0.1575 0.1601 0.1726 0.1773 0.1669 0.1656 
         538  1 0.1721 0.1613 0.1672 0.1664 0.1680 0.1649 
         539  1 0.1652 0.1596 0.1671 0.1674 0.1664 0.1744 
         540  1 0.1504 0.1642 0.1730 0.1676 0.1749 0.1699 
         541  1 0.1765 0.1669 0.1592 0.1625 0.1653 0.1696 
         542  1 0.1736 0.1714 0.1637 0.1678 0.1523 0.1712 
         543  1 0.1619 0.1747 0.1687 0.1689 0.1550 0.1708 
         544  1 0.1522 0.1540 0.1763 0.1745 0.1732 0.1699 
         545  1 0.1654 0.1648 0.1628 0.1689 0.1632 0.1749 
         546  1 0.1666 0.1566 0.1685 0.1722 0.1704 0.1657 
         547  1 0.1720 0.1657 0.1716 0.1646 0.1635 0.1625 
         548  1 0.1667 0.1692 0.1677 0.1621 0.1718 0.1625 
         549  1 0.1607 0.1620 0.1709 0.1729 0.1660 0.1675 
         550  1 0.1686 0.1621 0.1677 0.1633 0.1744 0.1639 
         551  1 0.1560 0.1645 0.1738 0.1865 0.1512 0.1679 
         552  1 0.1760 0.1647 0.1685 0.1675 0.1596 0.1637 
         553  1 0.1469 0.1588 0.1784 0.1804 0.1632 0.1722 
         554  1 0.1787 0.1720 0.1557 0.1601 0.1647 0.1688 
         555  1 0.1622 0.1622 0.1702 0.1709 0.1667 0.1679 
         556  1 0.1591 0.1640 0.1733 0.1676 0.1691 0.1670 
         557  1 0.1687 0.1573 0.1709 0.1677 0.1727 0.1627 
         558  1 0.1699 0.1606 0.1658 0.1696 0.1721 0.1620 
         559  1 0.1625 0.1721 0.1642 0.1720 0.1609 0.1683 
         560  1 0.1628 0.1609 0.1724 0.1708 0.1670 0.1661 
         561  1 0.1636 0.1698 0.1648 0.1609 0.1677 0.1732 
         562  1 0.1658 0.1593 0.1733 0.1646 0.1776 0.1595 
         563  1 0.1684 0.1575 0.1682 0.1648 0.1764 0.1646 
         564  1 0.1847 0.1692 0.1607 0.1569 0.1662 0.1623 
         565  1 0.1634 0.1581 0.1716 0.1687 0.1710 0.1673 
         566  1 0.1650 0.1842 0.1489 0.1502 0.1755 0.1762 
         567  1 0.1727 0.1774 0.1603 0.1600 0.1613 0.1682 
         568  1 0.1709 0.1637 0.1690 0.1705 0.1572 0.1686 
         569  1 0.1632 0.1676 0.1690 0.1645 0.1659 0.1699 
         570  1 0.1512 0.1561 0.1781 0.1890 0.1585 0.1671 
         571  1 0.1747 0.1764 0.1502 0.1560 0.1690 0.1736 
         572  1 0.1740 0.1654 0.1622 0.1646 0.1664 0.1674 
         573  1 0.1606 0.1630 0.1705 0.1700 0.1746 0.1613 
         574  1 0.1611 0.1641 0.1690 0.1687 0.1670 0.1702 
         575  1 0.1654 0.1715 0.1682 0.1665 0.1631 0.1654 
         576  1 0.1600 0.1688 0.1670 0.1635 0.1724 0.1682 
         577  1 0.1668 0.1649 0.1686 0.1585 0.1816 0.1596 
         578  1 0.1702 0.1725 0.1661 0.1632 0.1619 0.1661 
         579  1 0.1660 0.1661 0.1686 0.1688 0.1635 0.1671 
         580  1 0.1675 0.1732 0.1602 0.1535 0.1699 0.1758 
         581  1 0.1711 0.1610 0.1710 0.1690 0.1637 0.1642 
         582  1 0.1630 0.1659 0.1685 0.1669 0.1670 0.1688 
         583  1 0.1718 0.1799 0.1564 0.1585 0.1686 0.1648 
         584  1 0.1639 0.1693 0.1700 0.1713 0.1615 0.1639 
         585  1 0.1743 0.1745 0.1556 0.1572 0.1642 0.1743 
         586  1 0.1624 0.1571 0.1749 0.1714 0.1703 0.1639 
         587  1 0.1774 0.1789 0.1523 0.1565 0.1623 0.1726 
         588  1 0.1645 0.1600 0.1702 0.1680 0.1680 0.1693 
         589  1 0.1747 0.1745 0.1594 0.1611 0.1586 0.1718 
         590  1 0.1794 0.1628 0.1667 0.1633 0.1647 0.1632 
         591  1 0.1767 0.1614 0.1636 0.1642 0.1641 0.1700 
         592  1 0.1745 0.1683 0.1599 0.1608 0.1708 0.1656 
         593  1 0.1703 0.1650 0.1702 0.1645 0.1649 0.1651 
         594  1 0.1583 0.1604 0.1697 0.1705 0.1719 0.1693 
         595  1 0.1640 0.1702 0.1669 0.1603 0.1699 0.1688 
         596  1 0.1648 0.1582 0.1779 0.1761 0.1635 0.1595 
         597  1 0.1608 0.1679 0.1683 0.1697 0.1659 0.1674 
         598  1 0.1658 0.1825 0.1507 0.1481 0.1745 0.1785 
         599  1 0.1697 0.1759 0.1633 0.1630 0.1637 0.1645 
         600  1 0.1619 0.1727 0.1624 0.1607 0.1747 0.1677 
         601  1 0.1748 0.1641 0.1667 0.1677 0.1698 0.1570 
         602  1 0.1630 0.1705 0.1647 0.1636 0.1656 0.1726 
         603  1 0.1692 0.1682 0.1660 0.1616 0.1679 0.1671 
         604  1 0.1650 0.1644 0.1691 0.1735 0.1623 0.1657 
         605  1 0.1612 0.1646 0.1728 0.1774 0.1598 0.1643 
         606  1 0.1668 0.1667 0.1649 0.1672 0.1646 0.1698 
         607  1 0.1568 0.1558 0.1768 0.1824 0.1644 0.1638 
         608  1 0.1655 0.1658 0.1727 0.1719 0.1614 0.1627 
         609  1 0.1669 0.1719 0.1619 0.1685 0.1637 0.1671 
         610  1 0.1619 0.1591 0.1768 0.1728 0.1608 0.1685 
         611  1 0.1643 0.1572 0.1734 0.1727 0.1638 0.1685 
         612  1 0.1661 0.1715 0.1655 0.1648 0.1689 0.1631 
         613  1 0.1746 0.1634 0.1640 0.1658 0.1643 0.1680 
         614  1 0.1630 0.1719 0.1664 0.1644 0.1703 0.1641 
         615  1 0.1739 0.1676 0.1640 0.1612 0.1682 0.1651 
         616  1 0.1780 0.1653 0.1648 0.1618 0.1692 0.1609 
         617  1 0.1665 0.1636 0.1679 0.1690 0.1696 0.1633 
         618  1 0.1600 0.1751 0.1689 0.1670 0.1662 0.1628 
         619  1 0.1645 0.1611 0.1758 0.1766 0.1533 0.1686 
         620  1 0.1622 0.1612 0.1747 0.1762 0.1576 0.1680 
         621  1 0.1528 0.1592 0.1713 0.1735 0.1691 0.1740 
         622  1 0.1536 0.1596 0.1699 0.1816 0.1602 0.1750 
         623  1 0.1675 0.1746 0.1662 0.1611 0.1668 0.1639 
         624  1 0.1546 0.1628 0.1723 0.1705 0.1724 0.1675 
         625  1 0.1833 0.1790 0.1535 0.1540 0.1584 0.1718 
         626  1 0.1665 0.1852 0.1514 0.1572 0.1588 0.1810 
         627  1 0.1656 0.1637 0.1741 0.1731 0.1626 0.1609 
         628  1 0.1687 0.1591 0.1701 0.1706 0.1670 0.1644 
         629  1 0.1570 0.1708 0.1663 0.1642 0.1734 0.1683 
         630  1 0.1712 0.1577 0.1727 0.1734 0.1640 0.1610 
         631  1 0.1589 0.1586 0.1724 0.1790 0.1578 0.1732 
         632  1 0.1695 0.1723 0.1598 0.1603 0.1689 0.1692 
         633  1 0.1740 0.1578 0.1675 0.1631 0.1803 0.1572 
         634  1 0.1708 0.1710 0.1616 0.1639 0.1714 0.1613 
         635  1 0.1546 0.1588 0.1780 0.1790 0.1608 0.1688 
         636  1 0.1585 0.1667 0.1715 0.1667 0.1692 0.1674 
         637  1 0.1729 0.1684 0.1612 0.1617 0.1664 0.1693 
         638  1 0.1579 0.1671 0.1711 0.1657 0.1706 0.1677 
         639  1 0.1655 0.1659 0.1687 0.1648 0.1689 0.1662 
         640  1 0.1696 0.1638 0.1646 0.1714 0.1600 0.1705 
         641  1 0.1593 0.1665 0.1695 0.1716 0.1617 0.1714 
         642  1 0.1644 0.1716 0.1630 0.1649 0.1655 0.1705 
         643  1 0.1729 0.1706 0.1626 0.1567 0.1675 0.1696 
         644  1 0.1766 0.1675 0.1695 0.1633 0.1595 0.1637 
         645  1 0.1628 0.1603 0.1743 0.1720 0.1647 0.1659 
         646  1 0.1591 0.1596 0.1737 0.1749 0.1628 0.1700 
         647  1 0.1742 0.1723 0.1597 0.1622 0.1667 0.1648 
         648  1 0.1709 0.1665 0.1609 0.1617 0.1697 0.1703 
         649  1 0.1701 0.1712 0.1621 0.1678 0.1608 0.1680 
         650  1 0.1695 0.1569 0.1704 0.1667 0.1698 0.1667 
         651  1 0.1609 0.1643 0.1645 0.1691 0.1733 0.1678 
         652  1 0.1728 0.1633 0.1668 0.1632 0.1719 0.1619 
         653  1 0.1615 0.1614 0.1747 0.1707 0.1687 0.1629 
         654  1 0.1744 0.1673 0.1636 0.1631 0.1634 0.1681 
         655  1 0.1691 0.1714 0.1635 0.1620 0.1641 0.1699 
         656  1 0.1644 0.1680 0.1648 0.1644 0.1758 0.1627 
         657  1 0.1758 0.1708 0.1663 0.1628 0.1581 0.1661 
         658  1 0.1649 0.1642 0.1684 0.1679 0.1646 0.1700 
         659  1 0.1692 0.1693 0.1631 0.1653 0.1652 0.1680 
         660  1 0.1636 0.1639 0.1698 0.1669 0.1702 0.1657 
         661  1 0.1683 0.1667 0.1653 0.1660 0.1699 0.1637 
         662  1 0.1605 0.1627 0.1713 0.1713 0.1664 0.1679 
         663  1 0.1617 0.1663 0.1660 0.1671 0.1705 0.1684 
         664  1 0.1669 0.1630 0.1651 0.1652 0.1683 0.1714 
         665  1 0.1755 0.1646 0.1620 0.1620 0.1635 0.1723 
         666  1 0.1802 0.1631 0.1594 0.1676 0.1659 0.1638 
         667  1 0.1679 0.1668 0.1660 0.1659 0.1675 0.1658 
         668  1 0.1695 0.1700 0.1694 0.1679 0.1638 0.1593 
         669  1 0.1724 0.1585 0.1687 0.1689 0.1698 0.1617 
         670  1 0.1667 0.1602 0.1692 0.1683 0.1674 0.1681 
         671  1 0.1596 0.1704 0.1680 0.1694 0.1674 0.1652 
         672  1 0.1709 0.1613 0.1653 0.1638 0.1698 0.1690 
         673  1 0.1571 0.1647 0.1715 0.1731 0.1676 0.1659 
         674  1 0.1659 0.1734 0.1634 0.1634 0.1627 0.1713 
         675  1 0.1549 0.1657 0.1722 0.1806 0.1596 0.1671 
         676  1 0.1630 0.1716 0.1641 0.1639 0.1711 0.1663 
         677  1 0.1779 0.1682 0.1631 0.1612 0.1628 0.1668 
