           1  1 0.2586 0.2568 0.2550 0.2296 
           2  1 0.2675 0.2472 0.2511 0.2343 
           3  1 0.2558 0.2472 0.2467 0.2503 
           4  1 0.2764 0.2415 0.2429 0.2391 
           5  1 0.2449 0.2587 0.2546 0.2417 
           6  1 0.2500 0.2649 0.2580 0.2271 
           7  1 0.2671 0.2483 0.2482 0.2364 
           8  1 0.2620 0.2485 0.2470 0.2425 
           9  1 0.2383 0.2460 0.2521 0.2637 
          10  1 0.2667 0.2489 0.2459 0.2384 
          11  1 0.2344 0.2507 0.2588 0.2561 
          12  1 0.2307 0.2518 0.2543 0.2633 
          13  1 0.2426 0.2644 0.2574 0.2356 
          14  1 0.2659 0.2626 0.2520 0.2195 
          15  1 0.2609 0.2597 0.2520 0.2274 
          16  1 0.2481 0.2640 0.2546 0.2333 
          17  1 0.2388 0.2483 0.2485 0.2644 
          18  1 0.2274 0.2518 0.2507 0.2700 
          19  1 0.2541 0.2546 0.2495 0.2418 
          20  1 0.2331 0.2635 0.2544 0.2490 
          21  1 0.2476 0.2585 0.2460 0.2480 
          22  1 0.2320 0.2545 0.2586 0.2548 
          23  1 0.2547 0.2611 0.2566 0.2276 
          24  1 0.2843 0.2449 0.2451 0.2257 
          25  1 0.2643 0.2450 0.2480 0.2427 
          26  1 0.2373 0.2516 0.2568 0.2543 
          27  1 0.2574 0.2463 0.2498 0.2465 
          28  1 0.2524 0.2427 0.2482 0.2567 
          29  1 0.2562 0.2460 0.2534 0.2444 
          30  1 0.2599 0.2426 0.2567 0.2408 
          31  1 0.2338 0.2597 0.2550 0.2515 
          32  1 0.2469 0.2407 0.2458 0.2665 
          33  1 0.2314 0.2468 0.2449 0.2769 
          34  1 0.2426 0.2548 0.2475 0.2551 
          35  1 0.2473 0.2459 0.2481 0.2587 
          36  1 0.2452 0.2467 0.2489 0.2592 
          37  1 0.2428 0.2427 0.2489 0.2656 
          38  1 0.2459 0.2454 0.2539 0.2547 
          39  1 0.2525 0.2416 0.2458 0.2600 
          40  1 0.2491 0.2571 0.2508 0.2430 
          41  1 0.2370 0.2518 0.2516 0.2596 
          42  1 0.2429 0.2390 0.2551 0.2630 
          43  1 0.2583 0.2458 0.2421 0.2538 
          44  1 0.2390 0.2606 0.2535 0.2469 
          45  1 0.2346 0.2698 0.2597 0.2359 
          46  1 0.2554 0.2463 0.2462 0.2521 
          47  1 0.2514 0.2530 0.2535 0.2421 
          48  1 0.2533 0.2538 0.2469 0.2460 
          49  1 0.2324 0.2441 0.2583 0.2652 
          50  1 0.2490 0.2655 0.2593 0.2262 
          51  1 0.2492 0.2402 0.2483 0.2623 
          52  1 0.2497 0.2524 0.2521 0.2458 
          53  1 0.2511 0.2511 0.2516 0.2462 
          54  1 0.2490 0.2485 0.2502 0.2523 
          55  1 0.2295 0.2448 0.2472 0.2785 
          56  1 0.2522 0.2556 0.2548 0.2374 
          57  1 0.2214 0.2444 0.2468 0.2874 
          58  1 0.2525 0.2377 0.2506 0.2592 
          59  1 0.2632 0.2471 0.2541 0.2356 
          60  1 0.2537 0.2575 0.2516 0.2373 
          61  1 0.2672 0.2518 0.2481 0.2328 
          62  1 0.2376 0.2499 0.2468 0.2657 
          63  1 0.2442 0.2548 0.2518 0.2492 
          64  1 0.2402 0.2413 0.2579 0.2606 
          65  1 0.2380 0.2569 0.2498 0.2554 
          66  1 0.2824 0.2386 0.2381 0.2410 
          67  1 0.2635 0.2349 0.2444 0.2572 
          68  1 0.2350 0.2514 0.2464 0.2672 
          69  1 0.2397 0.2498 0.2531 0.2574 
          70  1 0.2528 0.2454 0.2507 0.2511 
          71  1 0.2353 0.2634 0.2581 0.2433 
          72  1 0.2482 0.2405 0.2477 0.2636 
          73  1 0.2545 0.2388 0.2457 0.2610 
          74  1 0.2557 0.2550 0.2490 0.2403 
          75  1 0.2673 0.2372 0.2427 0.2527 
          76  1 0.2478 0.2490 0.2504 0.2528 
          77  1 0.2409 0.2522 0.2613 0.2456 
          78  1 0.2631 0.2395 0.2552 0.2422 
          79  1 0.2515 0.2638 0.2530 0.2317 
          80  1 0.2593 0.2492 0.2433 0.2482 
          81  1 0.2242 0.2497 0.2504 0.2757 
          82  1 0.2487 0.2496 0.2489 0.2528 
          83  1 0.2376 0.2495 0.2587 0.2542 
          84  1 0.2627 0.2499 0.2452 0.2422 
          85  1 0.2727 0.2443 0.2492 0.2338 
          86  1 0.2617 0.2476 0.2465 0.2442 
          87  1 0.2487 0.2471 0.2457 0.2584 
          88  1 0.2415 0.2598 0.2550 0.2437 
          89  1 0.2516 0.2446 0.2433 0.2604 
          90  1 0.2587 0.2414 0.2495 0.2504 
          91  1 0.2317 0.2422 0.2523 0.2738 
          92  1 0.2576 0.2403 0.2434 0.2587 
          93  1 0.2384 0.2518 0.2482 0.2616 
          94  1 0.2474 0.2519 0.2541 0.2466 
          95  1 0.2629 0.2518 0.2518 0.2335 
          96  1 0.2482 0.2515 0.2464 0.2539 
          97  1 0.2342 0.2432 0.2451 0.2775 
          98  1 0.2261 0.2490 0.2541 0.2709 
          99  1 0.2581 0.2379 0.2479 0.2561 
         100  1 0.2439 0.2369 0.2476 0.2716 
         101  1 0.2371 0.2548 0.2480 0.2601 
         102  1 0.2436 0.2508 0.2487 0.2570 
         103  1 0.2334 0.2469 0.2475 0.2722 
         104  1 0.2482 0.2408 0.2566 0.2545 
         105  1 0.2427 0.2498 0.2479 0.2596 
         106  1 0.2500 0.2504 0.2454 0.2543 
         107  1 0.2532 0.2518 0.2500 0.2450 
         108  1 0.2585 0.2435 0.2531 0.2448 
         109  1 0.2989 0.2423 0.2393 0.2195 
         110  1 0.2672 0.2577 0.2475 0.2276 
         111  1 0.2665 0.2539 0.2536 0.2260 
         112  1 0.2542 0.2449 0.2526 0.2482 
         113  1 0.2516 0.2576 0.2552 0.2357 
         114  1 0.2427 0.2576 0.2501 0.2496 
         115  1 0.2411 0.2563 0.2511 0.2516 
         116  1 0.2399 0.2490 0.2515 0.2597 
         117  1 0.2342 0.2516 0.2534 0.2609 
         118  1 0.2444 0.2442 0.2497 0.2618 
         119  1 0.2331 0.2593 0.2521 0.2555 
         120  1 0.2602 0.2533 0.2558 0.2308 
         121  1 0.2519 0.2580 0.2510 0.2391 
         122  1 0.2521 0.2476 0.2481 0.2522 
         123  1 0.2632 0.2455 0.2411 0.2502 
         124  1 0.2446 0.2664 0.2557 0.2334 
         125  1 0.2661 0.2489 0.2471 0.2379 
         126  1 0.2583 0.2554 0.2538 0.2325 
         127  1 0.2516 0.2569 0.2562 0.2353 
         128  1 0.2386 0.2499 0.2426 0.2689 
         129  1 0.2541 0.2497 0.2530 0.2432 
         130  1 0.2591 0.2454 0.2480 0.2475 
         131  1 0.2455 0.2516 0.2497 0.2532 
         132  1 0.2504 0.2661 0.2548 0.2286 
         133  1 0.2612 0.2395 0.2480 0.2513 
         134  1 0.2850 0.2407 0.2409 0.2334 
         135  1 0.2537 0.2382 0.2471 0.2611 
         136  1 0.2372 0.2505 0.2521 0.2601 
         137  1 0.2597 0.2469 0.2496 0.2438 
         138  1 0.2574 0.2484 0.2511 0.2431 
         139  1 0.2449 0.2588 0.2520 0.2442 
         140  1 0.2338 0.2551 0.2506 0.2605 
         141  1 0.2754 0.2518 0.2460 0.2267 
         142  1 0.2505 0.2452 0.2494 0.2549 
         143  1 0.2511 0.2661 0.2521 0.2307 
         144  1 0.2570 0.2400 0.2429 0.2601 
         145  1 0.2265 0.2404 0.2472 0.2858 
         146  1 0.2464 0.2486 0.2537 0.2513 
         147  1 0.2452 0.2537 0.2502 0.2509 
         148  1 0.2573 0.2521 0.2538 0.2368 
         149  1 0.2648 0.2564 0.2508 0.2280 
         150  1 0.2575 0.2487 0.2556 0.2383 
         151  1 0.2312 0.2417 0.2512 0.2759 
         152  1 0.2776 0.2429 0.2481 0.2314 
         153  1 0.2474 0.2420 0.2510 0.2596 
         154  1 0.2599 0.2439 0.2457 0.2504 
         155  1 0.2343 0.2483 0.2474 0.2700 
         156  1 0.2270 0.2478 0.2580 0.2672 
         157  1 0.2745 0.2486 0.2473 0.2296 
         158  1 0.2611 0.2458 0.2469 0.2462 
         159  1 0.2674 0.2517 0.2472 0.2337 
         160  1 0.2434 0.2552 0.2517 0.2497 
         161  1 0.2492 0.2459 0.2468 0.2581 
         162  1 0.2400 0.2511 0.2481 0.2608 
         163  1 0.2558 0.2457 0.2481 0.2505 
         164  1 0.2540 0.2563 0.2517 0.2380 
         165  1 0.2421 0.2638 0.2514 0.2426 
         166  1 0.2341 0.2552 0.2512 0.2596 
         167  1 0.2503 0.2532 0.2510 0.2454 
         168  1 0.2455 0.2430 0.2505 0.2611 
         169  1 0.2388 0.2609 0.2496 0.2507 
         170  1 0.2306 0.2591 0.2567 0.2536 
         171  1 0.2532 0.2513 0.2510 0.2445 
         172  1 0.2544 0.2590 0.2532 0.2333 
         173  1 0.2639 0.2499 0.2437 0.2424 
         174  1 0.2559 0.2566 0.2494 0.2381 
         175  1 0.2443 0.2534 0.2538 0.2486 
         176  1 0.2471 0.2536 0.2514 0.2478 
         177  1 0.2497 0.2470 0.2501 0.2532 
         178  1 0.2392 0.2463 0.2523 0.2623 
         179  1 0.2595 0.2445 0.2448 0.2512 
         180  1 0.2368 0.2701 0.2592 0.2339 
         181  1 0.2280 0.2479 0.2499 0.2742 
         182  1 0.2305 0.2493 0.2534 0.2668 
         183  1 0.2536 0.2536 0.2568 0.2360 
         184  1 0.2388 0.2544 0.2563 0.2505 
         185  1 0.2402 0.2392 0.2482 0.2725 
         186  1 0.2464 0.2501 0.2586 0.2449 
         187  1 0.2393 0.2602 0.2532 0.2473 
         188  1 0.2361 0.2459 0.2494 0.2686 
         189  1 0.2457 0.2492 0.2481 0.2570 
         190  1 0.2417 0.2573 0.2557 0.2453 
         191  1 0.2462 0.2652 0.2530 0.2355 
         192  1 0.2624 0.2551 0.2447 0.2378 
         193  1 0.2460 0.2420 0.2418 0.2701 
         194  1 0.2496 0.2507 0.2539 0.2458 
         195  1 0.2557 0.2518 0.2474 0.2451 
         196  1 0.2328 0.2576 0.2513 0.2583 
         197  1 0.2472 0.2501 0.2457 0.2570 
         198  1 0.2380 0.2634 0.2470 0.2515 
         199  1 0.2611 0.2444 0.2463 0.2482 
         200  1 0.2645 0.2433 0.2505 0.2417 
         201  1 0.2365 0.2397 0.2467 0.2771 
         202  1 0.2474 0.2536 0.2525 0.2465 
         203  1 0.2457 0.2528 0.2549 0.2467 
         204  1 0.2602 0.2602 0.2512 0.2284 
         205  1 0.2414 0.2497 0.2518 0.2571 
         206  1 0.2460 0.2579 0.2562 0.2400 
         207  1 0.2470 0.2561 0.2507 0.2462 
         208  1 0.2612 0.2497 0.2422 0.2469 
         209  1 0.2507 0.2534 0.2520 0.2439 
         210  1 0.2632 0.2515 0.2521 0.2332 
         211  1 0.3062 0.2389 0.2337 0.2212 
         212  1 0.2292 0.2423 0.2480 0.2805 
         213  1 0.2632 0.2459 0.2562 0.2347 
         214  1 0.2755 0.2384 0.2397 0.2464 
         215  1 0.2604 0.2524 0.2517 0.2356 
         216  1 0.2301 0.2539 0.2581 0.2579 
         217  1 0.2641 0.2442 0.2526 0.2390 
         218  1 0.2493 0.2683 0.2554 0.2270 
         219  1 0.2659 0.2414 0.2466 0.2460 
         220  1 0.2736 0.2472 0.2457 0.2335 
         221  1 0.2615 0.2417 0.2445 0.2522 
         222  1 0.2488 0.2475 0.2517 0.2520 
         223  1 0.2538 0.2491 0.2519 0.2452 
         224  1 0.2483 0.2632 0.2535 0.2350 
         225  1 0.2452 0.2607 0.2549 0.2391 
         226  1 0.2462 0.2550 0.2513 0.2475 
         227  1 0.2660 0.2462 0.2472 0.2406 
         228  1 0.2488 0.2488 0.2483 0.2541 
         229  1 0.2338 0.2507 0.2486 0.2669 
         230  1 0.2465 0.2368 0.2508 0.2659 
         231  1 0.2330 0.2408 0.2542 0.2720 
         232  1 0.2407 0.2523 0.2595 0.2476 
         233  1 0.2480 0.2450 0.2503 0.2567 
         234  1 0.2346 0.2531 0.2508 0.2614 
         235  1 0.2275 0.2407 0.2565 0.2753 
         236  1 0.2673 0.2456 0.2438 0.2433 
         237  1 0.2301 0.2482 0.2506 0.2711 
         238  1 0.2535 0.2425 0.2441 0.2598 
         239  1 0.2445 0.2566 0.2474 0.2515 
         240  1 0.2482 0.2599 0.2491 0.2428 
         241  1 0.2338 0.2546 0.2518 0.2597 
         242  1 0.2437 0.2527 0.2521 0.2515 
         243  1 0.2508 0.2534 0.2576 0.2382 
         244  1 0.2527 0.2423 0.2494 0.2557 
         245  1 0.2466 0.2616 0.2550 0.2369 
         246  1 0.2504 0.2524 0.2460 0.2512 
         247  1 0.2571 0.2512 0.2469 0.2448 
         248  1 0.2358 0.2425 0.2440 0.2777 
         249  1 0.2596 0.2479 0.2520 0.2404 
         250  1 0.2292 0.2621 0.2583 0.2503 
         251  1 0.2326 0.2433 0.2490 0.2750 
         252  1 0.2503 0.2513 0.2493 0.2491 
         253  1 0.2569 0.2478 0.2468 0.2486 
         254  1 0.2427 0.2536 0.2514 0.2522 
         255  1 0.2623 0.2495 0.2525 0.2357 
         256  1 0.2500 0.2498 0.2503 0.2499 
         257  1 0.2741 0.2381 0.2407 0.2470 
         258  1 0.2646 0.2515 0.2492 0.2347 
         259  1 0.2637 0.2421 0.2472 0.2470 
         260  1 0.2618 0.2460 0.2439 0.2482 
         261  1 0.2452 0.2611 0.2576 0.2361 
         262  1 0.2644 0.2551 0.2463 0.2342 
         263  1 0.2300 0.2437 0.2492 0.2771 
         264  1 0.2541 0.2480 0.2517 0.2461 
         265  1 0.2480 0.2500 0.2503 0.2517 
         266  1 0.2368 0.2523 0.2572 0.2537 
         267  1 0.2573 0.2424 0.2450 0.2553 
         268  1 0.2640 0.2501 0.2484 0.2375 
         269  1 0.2881 0.2403 0.2391 0.2324 
         270  1 0.2528 0.2532 0.2510 0.2431 
         271  1 0.2325 0.2553 0.2503 0.2620 
         272  1 0.2488 0.2461 0.2472 0.2579 
         273  1 0.2291 0.2446 0.2508 0.2754 
         274  1 0.2461 0.2531 0.2514 0.2495 
         275  1 0.2773 0.2453 0.2397 0.2377 
         276  1 0.2522 0.2566 0.2516 0.2396 
         277  1 0.2426 0.2554 0.2556 0.2464 
         278  1 0.2721 0.2493 0.2442 0.2344 
         279  1 0.2429 0.2647 0.2532 0.2392 
         280  1 0.2507 0.2553 0.2517 0.2422 
         281  1 0.2213 0.2425 0.2531 0.2831 
         282  1 0.2332 0.2529 0.2514 0.2625 
         283  1 0.2453 0.2599 0.2553 0.2395 
         284  1 0.2389 0.2581 0.2599 0.2431 
         285  1 0.2364 0.2370 0.2485 0.2780 
         286  1 0.2595 0.2585 0.2488 0.2331 
         287  1 0.2286 0.2526 0.2524 0.2664 
         288  1 0.2346 0.2532 0.2530 0.2592 
         289  1 0.2321 0.2438 0.2522 0.2719 
         290  1 0.2330 0.2602 0.2594 0.2474 
         291  1 0.2578 0.2481 0.2482 0.2460 
         292  1 0.2388 0.2496 0.2504 0.2612 
         293  1 0.2391 0.2437 0.2559 0.2613 
         294  1 0.2334 0.2493 0.2456 0.2717 
         295  1 0.2598 0.2423 0.2462 0.2516 
         296  1 0.2589 0.2481 0.2507 0.2423 
         297  1 0.2473 0.2486 0.2495 0.2546 
         298  1 0.2515 0.2469 0.2487 0.2529 
         299  1 0.2537 0.2386 0.2461 0.2616 
         300  1 0.2771 0.2510 0.2405 0.2315 
         301  1 0.2432 0.2516 0.2515 0.2536 
         302  1 0.2499 0.2520 0.2433 0.2548 
         303  1 0.2545 0.2568 0.2514 0.2374 
         304  1 0.2478 0.2674 0.2553 0.2294 
         305  1 0.2419 0.2660 0.2507 0.2414 
         306  1 0.2470 0.2548 0.2499 0.2483 
         307  1 0.2503 0.2425 0.2489 0.2583 
         308  1 0.2499 0.2431 0.2506 0.2563 
         309  1 0.2294 0.2447 0.2498 0.2761 
         310  1 0.2511 0.2480 0.2501 0.2508 
         311  1 0.2541 0.2545 0.2529 0.2386 
         312  1 0.2361 0.2684 0.2580 0.2375 
         313  1 0.2543 0.2470 0.2458 0.2529 
         314  1 0.2557 0.2501 0.2509 0.2433 
         315  1 0.2570 0.2560 0.2526 0.2345 
         316  1 0.2601 0.2462 0.2555 0.2382 
         317  1 0.2471 0.2537 0.2546 0.2446 
         318  1 0.2355 0.2430 0.2475 0.2740 
         319  1 0.2791 0.2435 0.2498 0.2276 
         320  1 0.2473 0.2574 0.2504 0.2450 
         321  1 0.2562 0.2485 0.2492 0.2461 
         322  1 0.2234 0.2428 0.2541 0.2797 
         323  1 0.2567 0.2532 0.2563 0.2338 
         324  1 0.2751 0.2427 0.2459 0.2362 
         325  1 0.2414 0.2496 0.2498 0.2592 
         326  1 0.2592 0.2431 0.2434 0.2542 
         327  1 0.2413 0.2565 0.2567 0.2455 
         328  1 0.2493 0.2473 0.2457 0.2577 
         329  1 0.2447 0.2546 0.2441 0.2565 
         330  1 0.2369 0.2600 0.2523 0.2508 
         331  1 0.2500 0.2496 0.2481 0.2524 
         332  1 0.2534 0.2478 0.2528 0.2460 
         333  1 0.2532 0.2610 0.2544 0.2315 
         334  1 0.2567 0.2450 0.2512 0.2471 
         335  1 0.2271 0.2425 0.2596 0.2708 
         336  1 0.2534 0.2537 0.2528 0.2401 
         337  1 0.2514 0.2453 0.2451 0.2582 
         338  1 0.2475 0.2441 0.2434 0.2650 
         339  1 0.2418 0.2664 0.2546 0.2373 
         340  1 0.2577 0.2536 0.2496 0.2391 
         341  1 0.2552 0.2514 0.2512 0.2421 
         342  1 0.2459 0.2494 0.2499 0.2548 
         343  1 0.2294 0.2539 0.2530 0.2637 
         344  1 0.2519 0.2428 0.2434 0.2619 
         345  1 0.2556 0.2391 0.2449 0.2604 
         346  1 0.2525 0.2553 0.2555 0.2367 
         347  1 0.2550 0.2535 0.2533 0.2382 
         348  1 0.2459 0.2538 0.2495 0.2508 
         349  1 0.2450 0.2556 0.2511 0.2482 
         350  1 0.2538 0.2559 0.2522 0.2382 
         351  1 0.2523 0.2471 0.2505 0.2501 
         352  1 0.2356 0.2452 0.2515 0.2677 
         353  1 0.2402 0.2559 0.2534 0.2505 
         354  1 0.2396 0.2551 0.2546 0.2507 
         355  1 0.2317 0.2534 0.2568 0.2581 
         356  1 0.2442 0.2522 0.2521 0.2516 
         357  1 0.2687 0.2511 0.2484 0.2318 
         358  1 0.2483 0.2557 0.2492 0.2468 
         359  1 0.2850 0.2487 0.2458 0.2205 
         360  1 0.2328 0.2486 0.2511 0.2675 
         361  1 0.2968 0.2235 0.2408 0.2389 
         362  1 0.2591 0.2493 0.2506 0.2410 
         363  1 0.2344 0.2618 0.2555 0.2484 
         364  1 0.2375 0.2551 0.2504 0.2569 
         365  1 0.2646 0.2340 0.2473 0.2542 
         366  1 0.2449 0.2553 0.2568 0.2429 
         367  1 0.2406 0.2553 0.2520 0.2521 
         368  1 0.2302 0.2457 0.2486 0.2755 
         369  1 0.2535 0.2457 0.2451 0.2557 
         370  1 0.2408 0.2552 0.2477 0.2563 
         371  1 0.2496 0.2544 0.2511 0.2449 
         372  1 0.2439 0.2594 0.2524 0.2442 
         373  1 0.2433 0.2580 0.2532 0.2455 
         374  1 0.2634 0.2452 0.2458 0.2456 
         375  1 0.2591 0.2478 0.2507 0.2423 
         376  1 0.2351 0.2509 0.2520 0.2620 
         377  1 0.2540 0.2515 0.2503 0.2441 
         378  1 0.2402 0.2728 0.2548 0.2322 
         379  1 0.2348 0.2447 0.2503 0.2702 
         380  1 0.2256 0.2410 0.2512 0.2822 
         381  1 0.2533 0.2500 0.2469 0.2498 
         382  1 0.2599 0.2448 0.2476 0.2477 
         383  1 0.2537 0.2573 0.2515 0.2375 
         384  1 0.2454 0.2477 0.2474 0.2595 
         385  1 0.2696 0.2478 0.2499 0.2326 
         386  1 0.2585 0.2586 0.2473 0.2356 
         387  1 0.2583 0.2530 0.2512 0.2374 
         388  1 0.2280 0.2488 0.2541 0.2691 
         389  1 0.2462 0.2466 0.2561 0.2511 
         390  1 0.2893 0.2365 0.2456 0.2286 
         391  1 0.2588 0.2439 0.2477 0.2496 
         392  1 0.2496 0.2404 0.2484 0.2616 
         393  1 0.2394 0.2540 0.2521 0.2545 
         394  1 0.2522 0.2509 0.2502 0.2466 
         395  1 0.2492 0.2521 0.2505 0.2482 
         396  1 0.2495 0.2423 0.2501 0.2581 
         397  1 0.2557 0.2526 0.2491 0.2426 
         398  1 0.2543 0.2417 0.2532 0.2508 
         399  1 0.2354 0.2457 0.2564 0.2625 
         400  1 0.2411 0.2534 0.2507 0.2549 
         401  1 0.2653 0.2438 0.2504 0.2405 
         402  1 0.2419 0.2444 0.2521 0.2616 
         403  1 0.2295 0.2624 0.2582 0.2498 
         404  1 0.2422 0.2625 0.2556 0.2398 
         405  1 0.2467 0.2470 0.2508 0.2555 
         406  1 0.2588 0.2579 0.2547 0.2286 
         407  1 0.2563 0.2495 0.2483 0.2459 
         408  1 0.2468 0.2506 0.2526 0.2500 
         409  1 0.2551 0.2522 0.2525 0.2402 
         410  1 0.2514 0.2511 0.2530 0.2445 
         411  1 0.2803 0.2417 0.2440 0.2340 
         412  1 0.2514 0.2539 0.2534 0.2412 
         413  1 0.2451 0.2486 0.2509 0.2554 
         414  1 0.2255 0.2389 0.2521 0.2835 
         415  1 0.2405 0.2562 0.2571 0.2461 
         416  1 0.2372 0.2652 0.2530 0.2446 
         417  1 0.2475 0.2588 0.2556 0.2381 
         418  1 0.2422 0.2644 0.2601 0.2333 
         419  1 0.2357 0.2531 0.2530 0.2582 
         420  1 0.2435 0.2574 0.2559 0.2433 
         421  1 0.2705 0.2515 0.2498 0.2282 
         422  1 0.2515 0.2587 0.2513 0.2385 
         423  1 0.2585 0.2435 0.2453 0.2527 
         424  1 0.2473 0.2460 0.2533 0.2534 
         425  1 0.2292 0.2449 0.2446 0.2814 
         426  1 0.2517 0.2480 0.2496 0.2507 
         427  1 0.2374 0.2617 0.2555 0.2455 
         428  1 0.2430 0.2482 0.2478 0.2611 
         429  1 0.2384 0.2577 0.2570 0.2469 
         430  1 0.2314 0.2572 0.2515 0.2599 
         431  1 0.2455 0.2472 0.2507 0.2565 
         432  1 0.2347 0.2475 0.2531 0.2647 
         433  1 0.2282 0.2464 0.2508 0.2746 
         434  1 0.2625 0.2433 0.2471 0.2471 
         435  1 0.2415 0.2479 0.2519 0.2587 
         436  1 0.2485 0.2678 0.2531 0.2306 
         437  1 0.2521 0.2535 0.2514 0.2430 
         438  1 0.2555 0.2476 0.2449 0.2521 
         439  1 0.2474 0.2515 0.2526 0.2485 
         440  1 0.2357 0.2557 0.2524 0.2563 
         441  1 0.2493 0.2464 0.2477 0.2567 
         442  1 0.2604 0.2419 0.2474 0.2504 
         443  1 0.2440 0.2729 0.2575 0.2257 
         444  1 0.2535 0.2451 0.2472 0.2543 
         445  1 0.2482 0.2462 0.2443 0.2613 
         446  1 0.2412 0.2561 0.2475 0.2552 
         447  1 0.2365 0.2485 0.2513 0.2637 
         448  1 0.2384 0.2541 0.2544 0.2531 
         449  1 0.2490 0.2581 0.2490 0.2439 
         450  1 0.2387 0.2457 0.2525 0.2631 
         451  1 0.2359 0.2490 0.2475 0.2676 
         452  1 0.2535 0.2625 0.2505 0.2335 
         453  1 0.2630 0.2453 0.2486 0.2431 
         454  1 0.2353 0.2595 0.2484 0.2567 
         455  1 0.2393 0.2517 0.2479 0.2612 
         456  1 0.2303 0.2563 0.2544 0.2590 
         457  1 0.2554 0.2547 0.2525 0.2374 
         458  1 0.2461 0.2576 0.2500 0.2462 
         459  1 0.2261 0.2465 0.2535 0.2740 
         460  1 0.2437 0.2415 0.2497 0.2652 
         461  1 0.2412 0.2458 0.2537 0.2593 
         462  1 0.2550 0.2600 0.2500 0.2351 
         463  1 0.2528 0.2493 0.2528 0.2450 
         464  1 0.2589 0.2529 0.2494 0.2388 
         465  1 0.2833 0.2401 0.2469 0.2298 
         466  1 0.2501 0.2475 0.2532 0.2491 
         467  1 0.2443 0.2445 0.2478 0.2635 
         468  1 0.2354 0.2563 0.2517 0.2566 
         469  1 0.2715 0.2321 0.2512 0.2452 
         470  1 0.2383 0.2502 0.2451 0.2664 
         471  1 0.2321 0.2609 0.2627 0.2443 
         472  1 0.2420 0.2468 0.2494 0.2618 
         473  1 0.2691 0.2454 0.2513 0.2341 
         474  1 0.2436 0.2563 0.2522 0.2479 
         475  1 0.2522 0.2504 0.2545 0.2430 
         476  1 0.2687 0.2428 0.2474 0.2412 
         477  1 0.2458 0.2659 0.2550 0.2333 
         478  1 0.2371 0.2530 0.2523 0.2577 
         479  1 0.2355 0.2438 0.2513 0.2694 
         480  1 0.2507 0.2569 0.2521 0.2404 
         481  1 0.2570 0.2464 0.2494 0.2473 
         482  1 0.2391 0.2582 0.2552 0.2475 
         483  1 0.2661 0.2472 0.2475 0.2392 
         484  1 0.2581 0.2545 0.2522 0.2352 
         485  1 0.2481 0.2466 0.2491 0.2562 
         486  1 0.2447 0.2523 0.2548 0.2482 
         487  1 0.2810 0.2486 0.2452 0.2252 
         488  1 0.2515 0.2522 0.2503 0.2460 
         489  1 0.2774 0.2345 0.2403 0.2477 
         490  1 0.2482 0.2537 0.2503 0.2478 
         491  1 0.2422 0.2539 0.2505 0.2533 
         492  1 0.2374 0.2426 0.2541 0.2659 
         493  1 0.2408 0.2547 0.2472 0.2574 
         494  1 0.2468 0.2457 0.2490 0.2584 
         495  1 0.2702 0.2458 0.2495 0.2345 
         496  1 0.2571 0.2517 0.2512 0.2400 
         497  1 0.2482 0.2424 0.2508 0.2587 
         498  1 0.2472 0.2469 0.2511 0.2548 
         499  1 0.2594 0.2530 0.2488 0.2388 
         500  1 0.2338 0.2553 0.2520 0.2588 
         501  1 0.3048 0.2424 0.2354 0.2173 
         502  1 0.2555 0.2469 0.2468 0.2508 
         503  1 0.2829 0.2356 0.2391 0.2424 
         504  1 0.2422 0.2669 0.2510 0.2399 
         505  1 0.2632 0.2509 0.2467 0.2392 
         506  1 0.2656 0.2401 0.2396 0.2547 
         507  1 0.2604 0.2489 0.2507 0.2400 
         508  1 0.2477 0.2569 0.2558 0.2396 
         509  1 0.2616 0.2452 0.2481 0.2451 
         510  1 0.2375 0.2491 0.2488 0.2647 
         511  1 0.2563 0.2457 0.2502 0.2478 
         512  1 0.2634 0.2552 0.2485 0.2329 
         513  1 0.2460 0.2509 0.2555 0.2475 
         514  1 0.2310 0.2518 0.2500 0.2672 
         515  1 0.2530 0.2473 0.2486 0.2511 
         516  1 0.2470 0.2501 0.2513 0.2515 
         517  1 0.2435 0.2502 0.2541 0.2522 
         518  1 0.2537 0.2586 0.2501 0.2376 
         519  1 0.2556 0.2480 0.2492 0.2472 
         520  1 0.2574 0.2479 0.2509 0.2438 
         521  1 0.2777 0.2446 0.2481 0.2295 
         522  1 0.2525 0.2495 0.2537 0.2443 
         523  1 0.2546 0.2470 0.2475 0.2509 
         524  1 0.2691 0.2541 0.2469 0.2299 
         525  1 0.2603 0.2377 0.2469 0.2551 
         526  1 0.2614 0.2543 0.2510 0.2333 
         527  1 0.2612 0.2461 0.2468 0.2460 
         528  1 0.2519 0.2557 0.2556 0.2368 
         529  1 0.2467 0.2566 0.2537 0.2430 
         530  1 0.2427 0.2469 0.2517 0.2588 
         531  1 0.2352 0.2457 0.2484 0.2707 
         532  1 0.2480 0.2485 0.2516 0.2519 
         533  1 0.2598 0.2408 0.2540 0.2454 
         534  1 0.2396 0.2466 0.2501 0.2637 
         535  1 0.2495 0.2488 0.2454 0.2563 
         536  1 0.2325 0.2431 0.2502 0.2742 
         537  1 0.2604 0.2424 0.2530 0.2442 
         538  1 0.2395 0.2592 0.2556 0.2457 
         539  1 0.2432 0.2472 0.2476 0.2620 
         540  1 0.2633 0.2448 0.2442 0.2477 
         541  1 0.2364 0.2488 0.2488 0.2659 
         542  1 0.2475 0.2538 0.2431 0.2555 
         543  1 0.2690 0.2411 0.2408 0.2491 
         544  1 0.2549 0.2521 0.2501 0.2429 
         545  1 0.2515 0.2517 0.2487 0.2481 
         546  1 0.2535 0.2544 0.2488 0.2434 
         547  1 0.2597 0.2494 0.2517 0.2391 
         548  1 0.2422 0.2536 0.2512 0.2530 
         549  1 0.2464 0.2498 0.2518 0.2520 
         550  1 0.2415 0.2477 0.2501 0.2607 
         551  1 0.2764 0.2371 0.2419 0.2446 
         552  1 0.2571 0.2509 0.2523 0.2397 
         553  1 0.2700 0.2435 0.2431 0.2434 
         554  1 0.2339 0.2562 0.2558 0.2541 
         555  1 0.2461 0.2485 0.2509 0.2545 
         556  1 0.2476 0.2462 0.2521 0.2541 
         557  1 0.2511 0.2571 0.2557 0.2361 
         558  1 0.2588 0.2531 0.2545 0.2336 
         559  1 0.2557 0.2396 0.2534 0.2513 
         560  1 0.2514 0.2529 0.2551 0.2407 
         561  1 0.2390 0.2450 0.2447 0.2714 
         562  1 0.2372 0.2655 0.2575 0.2398 
         563  1 0.2415 0.2659 0.2535 0.2391 
         564  1 0.2424 0.2645 0.2583 0.2348 
         565  1 0.2463 0.2410 0.2541 0.2586 
         566  1 0.2265 0.2369 0.2503 0.2863 
         567  1 0.2332 0.2519 0.2581 0.2568 
         568  1 0.2718 0.2455 0.2462 0.2364 
         569  1 0.2367 0.2484 0.2547 0.2602 
         570  1 0.2906 0.2369 0.2376 0.2349 
         571  1 0.2240 0.2474 0.2473 0.2813 
         572  1 0.2383 0.2548 0.2529 0.2541 
         573  1 0.2618 0.2453 0.2480 0.2450 
         574  1 0.2502 0.2403 0.2508 0.2588 
         575  1 0.2488 0.2476 0.2501 0.2535 
         576  1 0.2569 0.2473 0.2437 0.2520 
         577  1 0.2571 0.2538 0.2538 0.2353 
         578  1 0.2522 0.2444 0.2525 0.2509 
         579  1 0.2625 0.2391 0.2454 0.2530 
         580  1 0.2278 0.2419 0.2482 0.2822 
         581  1 0.2527 0.2532 0.2487 0.2453 
         582  1 0.2350 0.2503 0.2506 0.2641 
         583  1 0.2291 0.2485 0.2497 0.2726 
         584  1 0.2631 0.2424 0.2477 0.2468 
         585  1 0.2203 0.2436 0.2534 0.2827 
         586  1 0.2516 0.2597 0.2539 0.2348 
         587  1 0.2298 0.2465 0.2571 0.2666 
         588  1 0.2500 0.2469 0.2511 0.2520 
         589  1 0.2388 0.2442 0.2420 0.2750 
         590  1 0.2358 0.2618 0.2526 0.2497 
         591  1 0.2354 0.2556 0.2508 0.2583 
         592  1 0.2298 0.2460 0.2537 0.2706 
         593  1 0.2469 0.2523 0.2454 0.2554 
         594  1 0.2471 0.2547 0.2462 0.2519 
         595  1 0.2454 0.2521 0.2489 0.2536 
         596  1 0.2674 0.2420 0.2474 0.2432 
         597  1 0.2573 0.2503 0.2455 0.2470 
         598  1 0.2122 0.2330 0.2500 0.3048 
         599  1 0.2619 0.2409 0.2470 0.2502 
         600  1 0.2416 0.2463 0.2501 0.2620 
         601  1 0.2561 0.2597 0.2552 0.2290 
         602  1 0.2565 0.2370 0.2414 0.2651 
         603  1 0.2410 0.2510 0.2500 0.2580 
         604  1 0.2606 0.2484 0.2473 0.2437 
         605  1 0.2665 0.2448 0.2561 0.2325 
         606  1 0.2420 0.2511 0.2471 0.2598 
         607  1 0.2678 0.2554 0.2513 0.2255 
         608  1 0.2635 0.2515 0.2470 0.2381 
         609  1 0.2515 0.2500 0.2516 0.2469 
         610  1 0.2511 0.2504 0.2548 0.2437 
         611  1 0.2639 0.2493 0.2490 0.2377 
         612  1 0.2423 0.2526 0.2500 0.2551 
         613  1 0.2341 0.2563 0.2538 0.2558 
         614  1 0.2487 0.2509 0.2490 0.2514 
         615  1 0.2356 0.2555 0.2501 0.2588 
         616  1 0.2390 0.2602 0.2566 0.2443 
         617  1 0.2486 0.2494 0.2515 0.2505 
         618  1 0.2560 0.2474 0.2453 0.2513 
         619  1 0.2682 0.2408 0.2447 0.2463 
         620  1 0.2566 0.2466 0.2507 0.2460 
         621  1 0.2541 0.2427 0.2510 0.2521 
         622  1 0.2705 0.2368 0.2413 0.2514 
         623  1 0.2422 0.2457 0.2463 0.2657 
         624  1 0.2618 0.2525 0.2473 0.2384 
         625  1 0.2339 0.2456 0.2507 0.2699 
         626  1 0.2340 0.2300 0.2574 0.2787 
         627  1 0.2585 0.2462 0.2538 0.2415 
         628  1 0.2548 0.2510 0.2532 0.2410 
         629  1 0.2585 0.2425 0.2480 0.2510 
         630  1 0.2522 0.2529 0.2530 0.2419 
         631  1 0.2641 0.2451 0.2429 0.2480 
         632  1 0.2254 0.2442 0.2543 0.2762 
         633  1 0.2316 0.2695 0.2593 0.2397 
         634  1 0.2499 0.2464 0.2506 0.2531 
         635  1 0.2791 0.2459 0.2434 0.2316 
         636  1 0.2549 0.2444 0.2530 0.2477 
         637  1 0.2339 0.2510 0.2543 0.2609 
         638  1 0.2429 0.2514 0.2493 0.2563 
         639  1 0.2467 0.2544 0.2508 0.2481 
         640  1 0.2472 0.2455 0.2493 0.2580 
         641  1 0.2558 0.2413 0.2400 0.2629 
         642  1 0.2528 0.2499 0.2443 0.2531 
         643  1 0.2353 0.2510 0.2522 0.2615 
         644  1 0.2502 0.2528 0.2506 0.2464 
         645  1 0.2608 0.2525 0.2495 0.2372 
         646  1 0.2590 0.2436 0.2452 0.2522 
         647  1 0.2555 0.2459 0.2456 0.2530 
         648  1 0.2469 0.2525 0.2494 0.2512 
         649  1 0.2567 0.2526 0.2483 0.2424 
         650  1 0.2493 0.2620 0.2515 0.2372 
         651  1 0.2419 0.2416 0.2511 0.2653 
         652  1 0.2459 0.2607 0.2537 0.2397 
         653  1 0.2515 0.2458 0.2484 0.2544 
         654  1 0.2417 0.2551 0.2489 0.2543 
         655  1 0.2395 0.2460 0.2440 0.2704 
         656  1 0.2597 0.2526 0.2512 0.2365 
         657  1 0.2540 0.2443 0.2495 0.2522 
         658  1 0.2500 0.2499 0.2531 0.2469 
         659  1 0.2441 0.2466 0.2491 0.2602 
         660  1 0.2478 0.2508 0.2515 0.2499 
         661  1 0.2474 0.2497 0.2486 0.2544 
         662  1 0.2604 0.2475 0.2433 0.2488 
         663  1 0.2506 0.2383 0.2531 0.2580 
         664  1 0.2276 0.2535 0.2554 0.2636 
         665  1 0.2375 0.2537 0.2520 0.2568 
         666  1 0.2567 0.2647 0.2503 0.2283 
         667  1 0.2495 0.2505 0.2501 0.2498 
         668  1 0.2570 0.2492 0.2468 0.2470 
         669  1 0.2401 0.2647 0.2586 0.2366 
         670  1 0.2508 0.2537 0.2509 0.2446 
         671  1 0.2740 0.2401 0.2491 0.2368 
         672  1 0.2411 0.2501 0.2536 0.2552 
         673  1 0.2536 0.2419 0.2487 0.2558 
         674  1 0.2346 0.2542 0.2568 0.2543 
         675  1 0.2773 0.2344 0.2384 0.2499 
         676  1 0.2483 0.2509 0.2487 0.2520 
         677  1 0.2409 0.2472 0.2528 0.2591 
         678  1 0.2333 0.2601 0.2533 0.2532 
         679  1 0.2590 0.2463 0.2498 0.2449 
         680  1 0.2537 0.2596 0.2555 0.2313 
         681  1 0.2428 0.2534 0.2471 0.2568 
         682  1 0.2409 0.2594 0.2540 0.2457 
         683  1 0.2373 0.2539 0.2508 0.2580 
         684  1 0.2473 0.2602 0.2524 0.2401 
         685  1 0.2301 0.2472 0.2509 0.2717 
         686  1 0.2405 0.2506 0.2510 0.2578 
         687  1 0.2415 0.2437 0.2498 0.2649 
         688  1 0.2276 0.2406 0.2476 0.2842 
         689  1 0.2359 0.2597 0.2586 0.2458 
         690  1 0.2563 0.2402 0.2482 0.2553 
         691  1 0.2373 0.2580 0.2512 0.2535 
         692  1 0.2505 0.2551 0.2521 0.2424 
         693  1 0.2416 0.2625 0.2546 0.2413 
         694  1 0.2497 0.2552 0.2496 0.2455 
         695  1 0.2822 0.2416 0.2431 0.2331 
         696  1 0.2581 0.2449 0.2449 0.2521 
         697  1 0.2871 0.2377 0.2415 0.2336 
         698  1 0.2477 0.2544 0.2548 0.2430 
         699  1 0.2667 0.2411 0.2489 0.2433 
         700  1 0.2520 0.2508 0.2522 0.2450 
         701  1 0.2581 0.2412 0.2497 0.2510 
         702  1 0.2647 0.2551 0.2423 0.2380 
         703  1 0.2541 0.2507 0.2522 0.2430 
         704  1 0.2377 0.2412 0.2435 0.2776 
         705  1 0.2396 0.2450 0.2475 0.2678 
         706  1 0.2421 0.2508 0.2461 0.2610 
         707  1 0.2317 0.2602 0.2560 0.2520 
         708  1 0.2574 0.2428 0.2526 0.2471 
         709  1 0.2700 0.2482 0.2456 0.2361 
         710  1 0.2416 0.2566 0.2499 0.2519 
         711  1 0.2458 0.2591 0.2538 0.2413 
         712  1 0.2429 0.2631 0.2539 0.2402 
         713  1 0.2454 0.2562 0.2476 0.2509 
         714  1 0.2642 0.2439 0.2453 0.2465 
         715  1 0.2375 0.2509 0.2486 0.2630 
         716  1 0.2383 0.2605 0.2539 0.2473 
         717  1 0.2617 0.2512 0.2474 0.2398 
         718  1 0.2744 0.2438 0.2440 0.2379 
         719  1 0.2367 0.2552 0.2554 0.2527 
         720  1 0.2360 0.2479 0.2467 0.2693 
         721  1 0.2877 0.2396 0.2433 0.2294 
         722  1 0.2440 0.2622 0.2530 0.2409 
         723  1 0.2736 0.2459 0.2462 0.2343 
         724  1 0.2616 0.2500 0.2512 0.2372 
         725  1 0.2684 0.2507 0.2491 0.2317 
         726  1 0.2416 0.2483 0.2510 0.2592 
         727  1 0.2517 0.2505 0.2492 0.2486 
         728  1 0.2448 0.2655 0.2574 0.2322 
         729  1 0.2401 0.2463 0.2505 0.2631 
         730  1 0.2466 0.2364 0.2543 0.2627 
         731  1 0.2691 0.2402 0.2446 0.2461 
         732  1 0.2364 0.2535 0.2525 0.2576 
         733  1 0.2376 0.2566 0.2499 0.2559 
         734  1 0.2340 0.2474 0.2477 0.2709 
         735  1 0.2505 0.2509 0.2560 0.2426 
         736  1 0.2452 0.2527 0.2478 0.2543 
         737  1 0.2461 0.2493 0.2528 0.2518 
         738  1 0.2742 0.2444 0.2453 0.2361 
         739  1 0.2467 0.2509 0.2550 0.2473 
         740  1 0.2625 0.2572 0.2543 0.2260 
         741  1 0.2646 0.2533 0.2497 0.2324 
         742  1 0.2560 0.2475 0.2492 0.2472 
         743  1 0.2456 0.2566 0.2516 0.2463 
         744  1 0.2462 0.2470 0.2498 0.2570 
         745  1 0.2448 0.2599 0.2535 0.2418 
         746  1 0.2387 0.2504 0.2474 0.2635 
         747  1 0.2326 0.2446 0.2488 0.2740 
         748  1 0.2514 0.2515 0.2485 0.2486 
         749  1 0.2626 0.2386 0.2430 0.2558 
         750  1 0.2459 0.2462 0.2488 0.2592 
         751  1 0.2705 0.2437 0.2492 0.2365 
         752  1 0.2484 0.2662 0.2526 0.2328 
         753  1 0.2524 0.2510 0.2487 0.2479 
         754  1 0.2818 0.2336 0.2455 0.2392 
         755  1 0.2500 0.2535 0.2522 0.2442 
         756  1 0.2432 0.2550 0.2470 0.2548 
         757  1 0.2506 0.2459 0.2503 0.2532 
         758  1 0.2371 0.2524 0.2507 0.2598 
         759  1 0.2443 0.2500 0.2453 0.2604 
         760  1 0.2412 0.2495 0.2492 0.2600 
         761  1 0.2363 0.2482 0.2500 0.2655 
         762  1 0.2589 0.2407 0.2509 0.2495 
         763  1 0.2436 0.2498 0.2537 0.2529 
         764  1 0.2399 0.2579 0.2494 0.2528 
         765  1 0.2664 0.2431 0.2472 0.2432 
         766  1 0.2507 0.2495 0.2521 0.2477 
         767  1 0.2495 0.2539 0.2537 0.2429 
         768  1 0.2541 0.2403 0.2472 0.2584 
         769  1 0.2610 0.2600 0.2558 0.2233 
         770  1 0.2355 0.2573 0.2526 0.2546 
         771  1 0.2433 0.2613 0.2573 0.2380 
         772  1 0.2256 0.2433 0.2510 0.2801 
         773  1 0.2581 0.2379 0.2424 0.2616 
         774  1 0.2461 0.2460 0.2416 0.2663 
         775  1 0.2349 0.2577 0.2518 0.2556 
         776  1 0.2693 0.2460 0.2466 0.2382 
         777  1 0.2369 0.2461 0.2520 0.2650 
         778  1 0.2354 0.2418 0.2558 0.2670 
         779  1 0.2342 0.2585 0.2550 0.2523 
         780  1 0.2675 0.2339 0.2469 0.2517 
         781  1 0.2280 0.2419 0.2528 0.2773 
         782  1 0.2422 0.2573 0.2533 0.2472 
         783  1 0.2578 0.2459 0.2459 0.2503 
         784  1 0.2557 0.2464 0.2469 0.2511 
         785  1 0.2345 0.2507 0.2561 0.2586 
         786  1 0.2500 0.2502 0.2510 0.2488 
         787  1 0.2405 0.2581 0.2473 0.2540 
         788  1 0.2892 0.2341 0.2358 0.2409 
         789  1 0.2582 0.2450 0.2451 0.2517 
         790  1 0.2577 0.2584 0.2512 0.2328 
         791  1 0.2449 0.2660 0.2549 0.2342 
         792  1 0.2506 0.2507 0.2508 0.2479 
         793  1 0.2550 0.2563 0.2539 0.2347 
         794  1 0.2358 0.2453 0.2523 0.2666 
         795  1 0.2478 0.2643 0.2567 0.2313 
         796  1 0.2300 0.2571 0.2570 0.2559 
         797  1 0.2694 0.2452 0.2465 0.2390 
         798  1 0.2639 0.2450 0.2443 0.2468 
         799  1 0.2686 0.2519 0.2454 0.2342 
         800  1 0.2408 0.2516 0.2544 0.2533 
         801  1 0.2386 0.2478 0.2480 0.2656 
         802  1 0.2584 0.2539 0.2508 0.2370 
         803  1 0.2362 0.2528 0.2513 0.2597 
         804  1 0.2402 0.2426 0.2543 0.2629 
         805  1 0.2762 0.2424 0.2461 0.2353 
         806  1 0.2566 0.2517 0.2529 0.2387 
         807  1 0.2409 0.2491 0.2561 0.2539 
         808  1 0.2480 0.2624 0.2489 0.2407 
         809  1 0.2473 0.2403 0.2472 0.2652 
         810  1 0.2340 0.2642 0.2563 0.2455 
         811  1 0.2389 0.2491 0.2540 0.2579 
         812  1 0.2410 0.2534 0.2449 0.2606 
         813  1 0.2252 0.2582 0.2526 0.2641 
         814  1 0.2346 0.2443 0.2466 0.2745 
         815  1 0.2554 0.2368 0.2473 0.2605 
         816  1 0.2460 0.2513 0.2528 0.2499 
         817  1 0.2545 0.2489 0.2511 0.2455 
         818  1 0.2625 0.2490 0.2562 0.2323 
         819  1 0.2640 0.2518 0.2417 0.2425 
         820  1 0.2356 0.2419 0.2475 0.2750 
         821  1 0.2509 0.2628 0.2516 0.2347 
         822  1 0.2476 0.2537 0.2464 0.2522 
         823  1 0.2390 0.2551 0.2499 0.2560 
         824  1 0.2514 0.2476 0.2465 0.2545 
         825  1 0.2465 0.2557 0.2548 0.2429 
         826  1 0.2736 0.2455 0.2391 0.2418 
         827  1 0.2397 0.2564 0.2516 0.2523 
         828  1 0.2715 0.2374 0.2436 0.2474 
         829  1 0.2377 0.2478 0.2524 0.2621 
         830  1 0.2625 0.2439 0.2463 0.2473 
         831  1 0.2458 0.2462 0.2512 0.2568 
         832  1 0.2464 0.2507 0.2551 0.2478 
         833  1 0.2558 0.2449 0.2542 0.2450 
         834  1 0.2291 0.2502 0.2576 0.2631 
         835  1 0.2542 0.2493 0.2487 0.2478 
         836  1 0.2382 0.2464 0.2586 0.2567 
         837  1 0.2404 0.2504 0.2481 0.2612 
         838  1 0.2344 0.2484 0.2531 0.2641 
         839  1 0.2493 0.2521 0.2482 0.2504 
         840  1 0.2444 0.2530 0.2524 0.2502 
         841  1 0.2374 0.2597 0.2512 0.2516 
         842  1 0.2673 0.2435 0.2356 0.2535 
         843  1 0.2316 0.2516 0.2586 0.2582 
         844  1 0.2511 0.2410 0.2474 0.2604 
         845  1 0.2336 0.2481 0.2483 0.2699 
         846  1 0.2505 0.2496 0.2517 0.2483 
         847  1 0.2541 0.2585 0.2529 0.2345 
         848  1 0.2683 0.2376 0.2518 0.2423 
         849  1 0.2689 0.2522 0.2526 0.2262 
         850  1 0.2347 0.2449 0.2550 0.2655 
         851  1 0.2509 0.2480 0.2485 0.2526 
         852  1 0.2660 0.2492 0.2513 0.2336 
         853  1 0.2555 0.2655 0.2511 0.2279 
         854  1 0.2559 0.2523 0.2501 0.2417 
         855  1 0.2527 0.2505 0.2447 0.2522 
         856  1 0.2458 0.2493 0.2488 0.2562 
         857  1 0.2461 0.2481 0.2483 0.2575 
         858  1 0.2560 0.2501 0.2493 0.2445 
         859  1 0.2530 0.2556 0.2550 0.2364 
         860  1 0.2580 0.2580 0.2485 0.2355 
         861  1 0.2436 0.2574 0.2524 0.2466 
         862  1 0.2978 0.2301 0.2387 0.2335 
         863  1 0.2389 0.2544 0.2516 0.2551 
         864  1 0.2500 0.2526 0.2574 0.2401 
         865  1 0.2263 0.2484 0.2537 0.2716 
         866  1 0.2757 0.2430 0.2429 0.2384 
         867  1 0.2542 0.2458 0.2506 0.2494 
         868  1 0.2438 0.2434 0.2477 0.2651 
         869  1 0.2447 0.2598 0.2512 0.2442 
         870  1 0.2492 0.2489 0.2450 0.2569 
         871  1 0.2486 0.2553 0.2507 0.2454 
         872  1 0.2564 0.2529 0.2486 0.2421 
         873  1 0.2411 0.2537 0.2552 0.2501 
         874  1 0.2583 0.2452 0.2516 0.2449 
         875  1 0.2688 0.2383 0.2446 0.2482 
         876  1 0.2518 0.2562 0.2497 0.2422 
         877  1 0.2516 0.2463 0.2566 0.2456 
         878  1 0.2485 0.2497 0.2578 0.2441 
         879  1 0.2617 0.2420 0.2486 0.2476 
         880  1 0.2379 0.2607 0.2546 0.2468 
         881  1 0.2432 0.2597 0.2513 0.2457 
         882  1 0.2684 0.2567 0.2519 0.2230 
         883  1 0.2488 0.2413 0.2387 0.2712 
         884  1 0.2549 0.2629 0.2524 0.2298 
         885  1 0.2380 0.2662 0.2557 0.2401 
         886  1 0.2836 0.2450 0.2477 0.2236 
         887  1 0.2591 0.2490 0.2503 0.2417 
         888  1 0.2392 0.2617 0.2563 0.2428 
