           1  1 0.3467 0.3265 0.3268 
           2  1 0.3402 0.3370 0.3228 
           3  1 0.3296 0.3471 0.3232 
           4  1 0.3319 0.3357 0.3323 
           5  1 0.3451 0.3253 0.3296 
           6  1 0.3495 0.3298 0.3207 
           7  1 0.3437 0.3327 0.3236 
           8  1 0.3378 0.3385 0.3236 
           9  1 0.3213 0.3374 0.3413 
          10  1 0.3290 0.3336 0.3374 
          11  1 0.3256 0.3263 0.3481 
          12  1 0.3255 0.3266 0.3479 
          13  1 0.3447 0.3306 0.3247 
          14  1 0.3438 0.3411 0.3151 
          15  1 0.3422 0.3309 0.3269 
          16  1 0.3438 0.3195 0.3367 
          17  1 0.3279 0.3305 0.3416 
          18  1 0.3226 0.3322 0.3452 
          19  1 0.3306 0.3361 0.3333 
          20  1 0.3402 0.3229 0.3368 
          21  1 0.3343 0.3404 0.3253 
          22  1 0.3320 0.3321 0.3358 
          23  1 0.3438 0.3326 0.3236 
          24  1 0.3418 0.3434 0.3148 
          25  1 0.3295 0.3324 0.3382 
          26  1 0.3345 0.3238 0.3417 
          27  1 0.3367 0.3443 0.3190 
          28  1 0.3275 0.3358 0.3367 
          29  1 0.3347 0.3271 0.3382 
          30  1 0.3361 0.3304 0.3334 
          31  1 0.3302 0.3339 0.3359 
          32  1 0.3270 0.3317 0.3413 
          33  1 0.3187 0.3452 0.3361 
          34  1 0.3373 0.3271 0.3356 
          35  1 0.3313 0.3364 0.3323 
          36  1 0.3291 0.3343 0.3366 
          37  1 0.3268 0.3287 0.3446 
          38  1 0.3269 0.3341 0.3391 
          39  1 0.3293 0.3390 0.3317 
          40  1 0.3362 0.3364 0.3274 
          41  1 0.3293 0.3380 0.3326 
          42  1 0.3255 0.3352 0.3394 
          43  1 0.3343 0.3391 0.3266 
          44  1 0.3399 0.3294 0.3306 
          45  1 0.3452 0.3267 0.3280 
          46  1 0.3306 0.3414 0.3280 
          47  1 0.3366 0.3358 0.3276 
          48  1 0.3253 0.3385 0.3363 
          49  1 0.3264 0.3267 0.3469 
          50  1 0.3405 0.3349 0.3247 
          51  1 0.3257 0.3338 0.3404 
          52  1 0.3330 0.3322 0.3348 
          53  1 0.3323 0.3288 0.3389 
          54  1 0.3190 0.3368 0.3443 
          55  1 0.3176 0.3333 0.3492 
          56  1 0.3447 0.3335 0.3217 
          57  1 0.3184 0.3342 0.3475 
          58  1 0.3257 0.3391 0.3351 
          59  1 0.3384 0.3312 0.3304 
          60  1 0.3409 0.3280 0.3311 
          61  1 0.3376 0.3343 0.3281 
          62  1 0.3283 0.3378 0.3338 
          63  1 0.3382 0.3373 0.3244 
          64  1 0.3201 0.3322 0.3477 
          65  1 0.3301 0.3289 0.3410 
          66  1 0.3356 0.3393 0.3251 
          67  1 0.3219 0.3379 0.3401 
          68  1 0.3254 0.3417 0.3329 
          69  1 0.3297 0.3349 0.3354 
          70  1 0.3327 0.3307 0.3366 
          71  1 0.3455 0.3261 0.3284 
          72  1 0.3252 0.3368 0.3379 
          73  1 0.3284 0.3342 0.3374 
          74  1 0.3387 0.3367 0.3246 
          75  1 0.3260 0.3456 0.3284 
          76  1 0.3354 0.3366 0.3281 
          77  1 0.3347 0.3280 0.3373 
          78  1 0.3290 0.3365 0.3345 
          79  1 0.3383 0.3348 0.3269 
          80  1 0.3279 0.3535 0.3186 
          81  1 0.3217 0.3329 0.3454 
          82  1 0.3429 0.3279 0.3292 
          83  1 0.3271 0.3247 0.3482 
          84  1 0.3341 0.3413 0.3246 
          85  1 0.3436 0.3377 0.3187 
          86  1 0.3328 0.3313 0.3359 
          87  1 0.3284 0.3376 0.3340 
          88  1 0.3375 0.3291 0.3335 
          89  1 0.3263 0.3432 0.3305 
          90  1 0.3307 0.3316 0.3377 
          91  1 0.3180 0.3293 0.3527 
          92  1 0.3256 0.3450 0.3294 
          93  1 0.3239 0.3368 0.3393 
          94  1 0.3388 0.3239 0.3373 
          95  1 0.3389 0.3291 0.3320 
          96  1 0.3345 0.3366 0.3290 
          97  1 0.3175 0.3355 0.3470 
          98  1 0.3187 0.3230 0.3584 
          99  1 0.3277 0.3319 0.3404 
         100  1 0.3212 0.3432 0.3356 
         101  1 0.3191 0.3333 0.3476 
         102  1 0.3316 0.3346 0.3338 
         103  1 0.3209 0.3359 0.3432 
         104  1 0.3251 0.3293 0.3457 
         105  1 0.3305 0.3338 0.3358 
         106  1 0.3322 0.3310 0.3368 
         107  1 0.3460 0.3305 0.3235 
         108  1 0.3323 0.3349 0.3329 
         109  1 0.3448 0.3445 0.3107 
         110  1 0.3397 0.3432 0.3171 
         111  1 0.3544 0.3209 0.3248 
         112  1 0.3336 0.3322 0.3342 
         113  1 0.3368 0.3325 0.3307 
         114  1 0.3294 0.3335 0.3371 
         115  1 0.3354 0.3357 0.3289 
         116  1 0.3294 0.3311 0.3395 
         117  1 0.3176 0.3325 0.3499 
         118  1 0.3299 0.3269 0.3432 
         119  1 0.3365 0.3246 0.3389 
         120  1 0.3458 0.3296 0.3246 
         121  1 0.3409 0.3311 0.3280 
         122  1 0.3295 0.3303 0.3402 
         123  1 0.3276 0.3298 0.3426 
         124  1 0.3486 0.3252 0.3261 
         125  1 0.3507 0.3348 0.3145 
         126  1 0.3487 0.3262 0.3251 
         127  1 0.3379 0.3369 0.3252 
         128  1 0.3269 0.3385 0.3346 
         129  1 0.3302 0.3273 0.3425 
         130  1 0.3320 0.3362 0.3318 
         131  1 0.3284 0.3309 0.3406 
         132  1 0.3525 0.3235 0.3240 
         133  1 0.3286 0.3453 0.3261 
         134  1 0.3371 0.3557 0.3071 
         135  1 0.3296 0.3398 0.3306 
         136  1 0.3360 0.3253 0.3387 
         137  1 0.3287 0.3303 0.3410 
         138  1 0.3316 0.3349 0.3335 
         139  1 0.3369 0.3305 0.3326 
         140  1 0.3295 0.3350 0.3355 
         141  1 0.3393 0.3425 0.3182 
         142  1 0.3272 0.3235 0.3493 
         143  1 0.3446 0.3258 0.3297 
         144  1 0.3328 0.3315 0.3356 
         145  1 0.3180 0.3383 0.3438 
         146  1 0.3255 0.3340 0.3405 
         147  1 0.3347 0.3337 0.3316 
         148  1 0.3381 0.3275 0.3344 
         149  1 0.3393 0.3371 0.3236 
         150  1 0.3357 0.3363 0.3280 
         151  1 0.3193 0.3335 0.3473 
         152  1 0.3441 0.3356 0.3204 
         153  1 0.3296 0.3361 0.3343 
         154  1 0.3320 0.3336 0.3344 
         155  1 0.3264 0.3290 0.3446 
         156  1 0.3280 0.3234 0.3485 
         157  1 0.3457 0.3369 0.3174 
         158  1 0.3297 0.3404 0.3299 
         159  1 0.3431 0.3361 0.3208 
         160  1 0.3347 0.3328 0.3324 
         161  1 0.3284 0.3364 0.3352 
         162  1 0.3344 0.3305 0.3351 
         163  1 0.3309 0.3395 0.3297 
         164  1 0.3396 0.3393 0.3211 
         165  1 0.3334 0.3349 0.3317 
         166  1 0.3366 0.3230 0.3404 
         167  1 0.3374 0.3317 0.3309 
         168  1 0.3277 0.3379 0.3344 
         169  1 0.3328 0.3305 0.3367 
         170  1 0.3305 0.3278 0.3418 
         171  1 0.3377 0.3422 0.3200 
         172  1 0.3444 0.3300 0.3256 
         173  1 0.3394 0.3369 0.3237 
         174  1 0.3407 0.3376 0.3217 
         175  1 0.3360 0.3293 0.3347 
         176  1 0.3385 0.3281 0.3334 
         177  1 0.3288 0.3446 0.3266 
         178  1 0.3312 0.3302 0.3387 
         179  1 0.3327 0.3433 0.3240 
         180  1 0.3490 0.3246 0.3264 
         181  1 0.3251 0.3299 0.3450 
         182  1 0.3248 0.3295 0.3457 
         183  1 0.3393 0.3327 0.3280 
         184  1 0.3367 0.3300 0.3334 
         185  1 0.3198 0.3351 0.3451 
         186  1 0.3413 0.3257 0.3330 
         187  1 0.3380 0.3251 0.3368 
         188  1 0.3218 0.3367 0.3415 
         189  1 0.3347 0.3343 0.3310 
         190  1 0.3302 0.3252 0.3446 
         191  1 0.3406 0.3383 0.3211 
         192  1 0.3395 0.3278 0.3326 
         193  1 0.3278 0.3446 0.3276 
         194  1 0.3302 0.3340 0.3357 
         195  1 0.3349 0.3341 0.3310 
         196  1 0.3302 0.3301 0.3398 
         197  1 0.3234 0.3329 0.3437 
         198  1 0.3396 0.3295 0.3310 
         199  1 0.3296 0.3434 0.3270 
         200  1 0.3293 0.3359 0.3348 
         201  1 0.3231 0.3319 0.3450 
         202  1 0.3365 0.3301 0.3334 
         203  1 0.3326 0.3320 0.3354 
         204  1 0.3449 0.3265 0.3287 
         205  1 0.3339 0.3330 0.3330 
         206  1 0.3442 0.3272 0.3286 
         207  1 0.3432 0.3312 0.3256 
         208  1 0.3309 0.3309 0.3382 
         209  1 0.3261 0.3308 0.3431 
         210  1 0.3431 0.3369 0.3201 
         211  1 0.3373 0.3515 0.3111 
         212  1 0.3240 0.3335 0.3425 
         213  1 0.3367 0.3377 0.3256 
         214  1 0.3332 0.3327 0.3341 
         215  1 0.3408 0.3306 0.3286 
         216  1 0.3288 0.3306 0.3406 
         217  1 0.3331 0.3320 0.3349 
         218  1 0.3506 0.3371 0.3123 
         219  1 0.3282 0.3453 0.3265 
         220  1 0.3477 0.3343 0.3180 
         221  1 0.3321 0.3355 0.3324 
         222  1 0.3412 0.3328 0.3260 
         223  1 0.3291 0.3321 0.3388 
         224  1 0.3407 0.3244 0.3349 
         225  1 0.3431 0.3286 0.3282 
         226  1 0.3335 0.3373 0.3292 
         227  1 0.3337 0.3387 0.3276 
         228  1 0.3311 0.3382 0.3307 
         229  1 0.3264 0.3314 0.3422 
         230  1 0.3272 0.3355 0.3373 
         231  1 0.3181 0.3279 0.3539 
         232  1 0.3289 0.3236 0.3475 
         233  1 0.3397 0.3275 0.3327 
         234  1 0.3301 0.3320 0.3379 
         235  1 0.3171 0.3258 0.3572 
         236  1 0.3332 0.3421 0.3248 
         237  1 0.3256 0.3255 0.3489 
         238  1 0.3302 0.3359 0.3339 
         239  1 0.3305 0.3329 0.3366 
         240  1 0.3460 0.3315 0.3225 
         241  1 0.3201 0.3236 0.3563 
         242  1 0.3275 0.3237 0.3488 
         243  1 0.3420 0.3323 0.3257 
         244  1 0.3329 0.3363 0.3308 
         245  1 0.3366 0.3290 0.3344 
         246  1 0.3314 0.3409 0.3277 
         247  1 0.3338 0.3402 0.3260 
         248  1 0.3242 0.3357 0.3402 
         249  1 0.3334 0.3356 0.3310 
         250  1 0.3378 0.3261 0.3361 
         251  1 0.3188 0.3397 0.3415 
         252  1 0.3346 0.3392 0.3262 
         253  1 0.3370 0.3373 0.3257 
         254  1 0.3332 0.3327 0.3342 
         255  1 0.3363 0.3406 0.3231 
         256  1 0.3292 0.3337 0.3371 
         257  1 0.3348 0.3455 0.3197 
         258  1 0.3401 0.3369 0.3230 
         259  1 0.3273 0.3493 0.3234 
         260  1 0.3288 0.3413 0.3299 
         261  1 0.3395 0.3248 0.3357 
         262  1 0.3420 0.3300 0.3281 
         263  1 0.3208 0.3289 0.3502 
         264  1 0.3314 0.3392 0.3294 
         265  1 0.3264 0.3341 0.3396 
         266  1 0.3291 0.3353 0.3356 
         267  1 0.3322 0.3355 0.3323 
         268  1 0.3412 0.3312 0.3277 
         269  1 0.3417 0.3376 0.3206 
         270  1 0.3374 0.3329 0.3297 
         271  1 0.3303 0.3348 0.3349 
         272  1 0.3244 0.3372 0.3384 
         273  1 0.3208 0.3330 0.3462 
         274  1 0.3292 0.3344 0.3364 
         275  1 0.3383 0.3492 0.3124 
         276  1 0.3528 0.3284 0.3188 
         277  1 0.3371 0.3298 0.3330 
         278  1 0.3372 0.3353 0.3275 
         279  1 0.3391 0.3313 0.3296 
         280  1 0.3372 0.3310 0.3318 
         281  1 0.3181 0.3280 0.3539 
         282  1 0.3267 0.3263 0.3470 
         283  1 0.3475 0.3262 0.3263 
         284  1 0.3341 0.3243 0.3416 
         285  1 0.3175 0.3321 0.3504 
         286  1 0.3450 0.3332 0.3219 
         287  1 0.3266 0.3326 0.3408 
         288  1 0.3296 0.3299 0.3405 
         289  1 0.3168 0.3290 0.3542 
         290  1 0.3276 0.3165 0.3558 
         291  1 0.3410 0.3297 0.3293 
         292  1 0.3238 0.3351 0.3411 
         293  1 0.3229 0.3295 0.3476 
         294  1 0.3222 0.3324 0.3454 
         295  1 0.3227 0.3321 0.3452 
         296  1 0.3326 0.3295 0.3379 
         297  1 0.3254 0.3392 0.3353 
         298  1 0.3249 0.3254 0.3497 
         299  1 0.3197 0.3401 0.3402 
         300  1 0.3487 0.3386 0.3126 
         301  1 0.3303 0.3343 0.3354 
         302  1 0.3335 0.3419 0.3245 
         303  1 0.3406 0.3350 0.3244 
         304  1 0.3496 0.3318 0.3186 
         305  1 0.3447 0.3288 0.3265 
         306  1 0.3292 0.3372 0.3336 
         307  1 0.3293 0.3229 0.3478 
         308  1 0.3315 0.3288 0.3397 
         309  1 0.3235 0.3332 0.3433 
         310  1 0.3295 0.3326 0.3379 
         311  1 0.3442 0.3332 0.3226 
         312  1 0.3466 0.3250 0.3284 
         313  1 0.3338 0.3342 0.3321 
         314  1 0.3292 0.3276 0.3432 
         315  1 0.3416 0.3323 0.3261 
         316  1 0.3280 0.3306 0.3414 
         317  1 0.3318 0.3235 0.3447 
         318  1 0.3231 0.3294 0.3476 
         319  1 0.3403 0.3388 0.3210 
         320  1 0.3355 0.3271 0.3374 
         321  1 0.3395 0.3363 0.3243 
         322  1 0.3157 0.3383 0.3460 
         323  1 0.3431 0.3216 0.3353 
         324  1 0.3337 0.3380 0.3283 
         325  1 0.3210 0.3293 0.3497 
         326  1 0.3306 0.3420 0.3274 
         327  1 0.3351 0.3364 0.3285 
         328  1 0.3289 0.3344 0.3367 
         329  1 0.3252 0.3347 0.3401 
         330  1 0.3359 0.3313 0.3328 
         331  1 0.3359 0.3290 0.3351 
         332  1 0.3323 0.3333 0.3344 
         333  1 0.3470 0.3228 0.3302 
         334  1 0.3344 0.3300 0.3356 
         335  1 0.3240 0.3230 0.3530 
         336  1 0.3361 0.3328 0.3312 
         337  1 0.3306 0.3336 0.3359 
         338  1 0.3244 0.3396 0.3359 
         339  1 0.3327 0.3327 0.3346 
         340  1 0.3372 0.3331 0.3297 
         341  1 0.3452 0.3290 0.3258 
         342  1 0.3306 0.3375 0.3318 
         343  1 0.3315 0.3283 0.3402 
         344  1 0.3290 0.3320 0.3390 
         345  1 0.3243 0.3388 0.3369 
         346  1 0.3475 0.3292 0.3234 
         347  1 0.3393 0.3320 0.3287 
         348  1 0.3273 0.3410 0.3316 
         349  1 0.3368 0.3367 0.3265 
         350  1 0.3415 0.3216 0.3370 
         351  1 0.3354 0.3377 0.3270 
         352  1 0.3309 0.3252 0.3440 
         353  1 0.3355 0.3290 0.3354 
         354  1 0.3311 0.3341 0.3348 
         355  1 0.3241 0.3313 0.3445 
         356  1 0.3366 0.3326 0.3308 
         357  1 0.3400 0.3387 0.3213 
         358  1 0.3342 0.3385 0.3273 
         359  1 0.3490 0.3345 0.3165 
         360  1 0.3241 0.3279 0.3480 
         361  1 0.3228 0.3477 0.3295 
         362  1 0.3415 0.3360 0.3225 
         363  1 0.3366 0.3308 0.3326 
         364  1 0.3341 0.3315 0.3344 
         365  1 0.3273 0.3391 0.3336 
         366  1 0.3372 0.3286 0.3342 
         367  1 0.3358 0.3271 0.3371 
         368  1 0.3202 0.3287 0.3512 
         369  1 0.3320 0.3279 0.3401 
         370  1 0.3326 0.3409 0.3265 
         371  1 0.3364 0.3317 0.3318 
         372  1 0.3363 0.3312 0.3325 
         373  1 0.3379 0.3206 0.3415 
         374  1 0.3350 0.3346 0.3303 
         375  1 0.3308 0.3221 0.3471 
         376  1 0.3240 0.3324 0.3436 
         377  1 0.3304 0.3361 0.3334 
         378  1 0.3436 0.3276 0.3287 
         379  1 0.3224 0.3373 0.3403 
         380  1 0.3185 0.3313 0.3502 
         381  1 0.3470 0.3303 0.3228 
         382  1 0.3334 0.3349 0.3317 
         383  1 0.3388 0.3359 0.3253 
         384  1 0.3355 0.3336 0.3310 
         385  1 0.3458 0.3355 0.3187 
         386  1 0.3359 0.3369 0.3272 
         387  1 0.3381 0.3377 0.3243 
         388  1 0.3256 0.3345 0.3400 
         389  1 0.3287 0.3351 0.3362 
         390  1 0.3407 0.3392 0.3201 
         391  1 0.3365 0.3346 0.3289 
         392  1 0.3313 0.3363 0.3324 
         393  1 0.3261 0.3284 0.3455 
         394  1 0.3475 0.3316 0.3209 
         395  1 0.3387 0.3283 0.3329 
         396  1 0.3298 0.3325 0.3377 
         397  1 0.3436 0.3315 0.3249 
         398  1 0.3342 0.3278 0.3381 
         399  1 0.3276 0.3260 0.3464 
         400  1 0.3398 0.3286 0.3316 
         401  1 0.3340 0.3323 0.3337 
         402  1 0.3258 0.3271 0.3471 
         403  1 0.3405 0.3222 0.3373 
         404  1 0.3430 0.3265 0.3306 
         405  1 0.3379 0.3296 0.3325 
         406  1 0.3549 0.3201 0.3250 
         407  1 0.3400 0.3390 0.3210 
         408  1 0.3303 0.3345 0.3352 
         409  1 0.3376 0.3362 0.3262 
         410  1 0.3448 0.3298 0.3254 
         411  1 0.3265 0.3435 0.3299 
         412  1 0.3345 0.3309 0.3346 
         413  1 0.3248 0.3371 0.3381 
         414  1 0.3135 0.3371 0.3494 
         415  1 0.3429 0.3310 0.3262 
         416  1 0.3422 0.3224 0.3353 
         417  1 0.3379 0.3271 0.3350 
         418  1 0.3344 0.3291 0.3365 
         419  1 0.3332 0.3285 0.3383 
         420  1 0.3369 0.3279 0.3352 
         421  1 0.3389 0.3415 0.3196 
         422  1 0.3318 0.3320 0.3362 
         423  1 0.3271 0.3420 0.3309 
         424  1 0.3304 0.3328 0.3368 
         425  1 0.3222 0.3387 0.3390 
         426  1 0.3377 0.3330 0.3292 
         427  1 0.3356 0.3271 0.3373 
         428  1 0.3263 0.3354 0.3383 
         429  1 0.3367 0.3327 0.3306 
         430  1 0.3295 0.3285 0.3421 
         431  1 0.3307 0.3325 0.3368 
         432  1 0.3258 0.3297 0.3445 
         433  1 0.3260 0.3264 0.3476 
         434  1 0.3341 0.3414 0.3245 
         435  1 0.3323 0.3253 0.3424 
         436  1 0.3446 0.3339 0.3215 
         437  1 0.3340 0.3384 0.3276 
         438  1 0.3306 0.3374 0.3320 
         439  1 0.3307 0.3308 0.3384 
         440  1 0.3277 0.3350 0.3372 
         441  1 0.3253 0.3345 0.3402 
         442  1 0.3267 0.3364 0.3369 
         443  1 0.3418 0.3249 0.3333 
         444  1 0.3203 0.3391 0.3406 
         445  1 0.3373 0.3359 0.3268 
         446  1 0.3320 0.3252 0.3428 
         447  1 0.3335 0.3300 0.3365 
         448  1 0.3332 0.3304 0.3364 
         449  1 0.3370 0.3282 0.3348 
         450  1 0.3301 0.3291 0.3408 
         451  1 0.3220 0.3408 0.3372 
         452  1 0.3410 0.3271 0.3319 
         453  1 0.3436 0.3290 0.3274 
         454  1 0.3289 0.3317 0.3394 
         455  1 0.3270 0.3394 0.3336 
         456  1 0.3313 0.3320 0.3368 
         457  1 0.3439 0.3222 0.3338 
         458  1 0.3360 0.3307 0.3333 
         459  1 0.3199 0.3262 0.3539 
         460  1 0.3324 0.3332 0.3343 
         461  1 0.3175 0.3345 0.3480 
         462  1 0.3422 0.3322 0.3255 
         463  1 0.3325 0.3305 0.3371 
         464  1 0.3387 0.3316 0.3297 
         465  1 0.3335 0.3391 0.3274 
         466  1 0.3409 0.3290 0.3301 
         467  1 0.3293 0.3344 0.3363 
         468  1 0.3355 0.3287 0.3359 
         469  1 0.3276 0.3374 0.3351 
         470  1 0.3281 0.3366 0.3353 
         471  1 0.3397 0.3292 0.3311 
         472  1 0.3263 0.3300 0.3438 
         473  1 0.3384 0.3377 0.3239 
         474  1 0.3383 0.3368 0.3249 
         475  1 0.3408 0.3401 0.3191 
         476  1 0.3341 0.3377 0.3282 
         477  1 0.3430 0.3265 0.3305 
         478  1 0.3297 0.3304 0.3399 
         479  1 0.3217 0.3384 0.3399 
         480  1 0.3430 0.3306 0.3264 
         481  1 0.3237 0.3384 0.3379 
         482  1 0.3365 0.3246 0.3389 
         483  1 0.3364 0.3400 0.3237 
         484  1 0.3401 0.3327 0.3272 
         485  1 0.3263 0.3364 0.3373 
         486  1 0.3404 0.3219 0.3377 
         487  1 0.3542 0.3380 0.3078 
         488  1 0.3383 0.3400 0.3217 
         489  1 0.3325 0.3374 0.3301 
         490  1 0.3350 0.3329 0.3321 
         491  1 0.3282 0.3353 0.3365 
         492  1 0.3272 0.3311 0.3416 
         493  1 0.3402 0.3326 0.3272 
         494  1 0.3232 0.3318 0.3450 
         495  1 0.3400 0.3421 0.3179 
         496  1 0.3300 0.3306 0.3395 
         497  1 0.3253 0.3462 0.3284 
         498  1 0.3354 0.3348 0.3298 
         499  1 0.3441 0.3325 0.3233 
         500  1 0.3254 0.3333 0.3413 
         501  1 0.3431 0.3388 0.3181 
         502  1 0.3272 0.3386 0.3342 
         503  1 0.3249 0.3462 0.3289 
         504  1 0.3343 0.3273 0.3384 
         505  1 0.3399 0.3383 0.3218 
         506  1 0.3252 0.3464 0.3283 
         507  1 0.3312 0.3362 0.3326 
         508  1 0.3308 0.3320 0.3372 
         509  1 0.3389 0.3315 0.3295 
         510  1 0.3281 0.3300 0.3420 
         511  1 0.3311 0.3313 0.3376 
         512  1 0.3399 0.3455 0.3146 
         513  1 0.3344 0.3327 0.3330 
         514  1 0.3283 0.3333 0.3384 
         515  1 0.3340 0.3377 0.3284 
         516  1 0.3302 0.3362 0.3336 
         517  1 0.3343 0.3315 0.3341 
         518  1 0.3355 0.3351 0.3294 
         519  1 0.3306 0.3395 0.3298 
         520  1 0.3370 0.3345 0.3285 
         521  1 0.3445 0.3384 0.3171 
         522  1 0.3345 0.3257 0.3398 
         523  1 0.3251 0.3315 0.3434 
         524  1 0.3437 0.3297 0.3266 
         525  1 0.3257 0.3347 0.3396 
         526  1 0.3402 0.3352 0.3246 
         527  1 0.3322 0.3363 0.3315 
         528  1 0.3379 0.3230 0.3392 
         529  1 0.3367 0.3279 0.3354 
         530  1 0.3304 0.3248 0.3448 
         531  1 0.3286 0.3353 0.3361 
         532  1 0.3279 0.3324 0.3398 
         533  1 0.3301 0.3309 0.3390 
         534  1 0.3261 0.3361 0.3378 
         535  1 0.3340 0.3401 0.3259 
         536  1 0.3224 0.3304 0.3471 
         537  1 0.3352 0.3424 0.3225 
         538  1 0.3418 0.3274 0.3308 
         539  1 0.3290 0.3392 0.3318 
         540  1 0.3283 0.3472 0.3245 
         541  1 0.3241 0.3257 0.3502 
         542  1 0.3258 0.3311 0.3432 
         543  1 0.3342 0.3261 0.3397 
         544  1 0.3450 0.3320 0.3230 
         545  1 0.3295 0.3375 0.3330 
         546  1 0.3345 0.3333 0.3322 
         547  1 0.3421 0.3346 0.3234 
         548  1 0.3410 0.3266 0.3324 
         549  1 0.3345 0.3368 0.3287 
         550  1 0.3347 0.3337 0.3317 
         551  1 0.3291 0.3534 0.3175 
         552  1 0.3342 0.3344 0.3315 
         553  1 0.3363 0.3458 0.3179 
         554  1 0.3225 0.3253 0.3522 
         555  1 0.3300 0.3350 0.3350 
         556  1 0.3358 0.3325 0.3317 
         557  1 0.3430 0.3319 0.3251 
         558  1 0.3404 0.3297 0.3299 
         559  1 0.3233 0.3312 0.3455 
         560  1 0.3410 0.3363 0.3227 
         561  1 0.3212 0.3417 0.3371 
         562  1 0.3426 0.3358 0.3216 
         563  1 0.3345 0.3338 0.3318 
         564  1 0.3412 0.3247 0.3341 
         565  1 0.3333 0.3342 0.3325 
         566  1 0.3173 0.3336 0.3491 
         567  1 0.3251 0.3296 0.3453 
         568  1 0.3351 0.3484 0.3165 
         569  1 0.3289 0.3313 0.3397 
         570  1 0.3335 0.3484 0.3181 
         571  1 0.3202 0.3286 0.3513 
         572  1 0.3287 0.3277 0.3436 
         573  1 0.3339 0.3360 0.3301 
         574  1 0.3375 0.3316 0.3309 
         575  1 0.3328 0.3338 0.3334 
         576  1 0.3280 0.3392 0.3328 
         577  1 0.3486 0.3310 0.3204 
         578  1 0.3303 0.3318 0.3379 
         579  1 0.3287 0.3387 0.3327 
         580  1 0.3195 0.3403 0.3402 
         581  1 0.3445 0.3310 0.3245 
         582  1 0.3335 0.3374 0.3290 
         583  1 0.3216 0.3360 0.3425 
         584  1 0.3398 0.3333 0.3269 
         585  1 0.3200 0.3273 0.3528 
         586  1 0.3427 0.3303 0.3271 
         587  1 0.3154 0.3297 0.3549 
         588  1 0.3362 0.3273 0.3365 
         589  1 0.3187 0.3357 0.3456 
         590  1 0.3387 0.3291 0.3322 
         591  1 0.3335 0.3271 0.3395 
         592  1 0.3260 0.3299 0.3441 
         593  1 0.3356 0.3376 0.3268 
         594  1 0.3330 0.3397 0.3272 
         595  1 0.3346 0.3326 0.3328 
         596  1 0.3380 0.3395 0.3225 
         597  1 0.3362 0.3379 0.3260 
         598  1 0.3083 0.3359 0.3558 
         599  1 0.3264 0.3393 0.3343 
         600  1 0.3287 0.3343 0.3370 
         601  1 0.3478 0.3283 0.3239 
         602  1 0.3217 0.3444 0.3339 
         603  1 0.3318 0.3270 0.3412 
         604  1 0.3410 0.3319 0.3271 
         605  1 0.3443 0.3355 0.3202 
         606  1 0.3288 0.3349 0.3362 
         607  1 0.3458 0.3422 0.3121 
         608  1 0.3421 0.3322 0.3257 
         609  1 0.3315 0.3316 0.3370 
         610  1 0.3387 0.3291 0.3322 
         611  1 0.3325 0.3450 0.3226 
         612  1 0.3284 0.3357 0.3359 
         613  1 0.3310 0.3320 0.3370 
         614  1 0.3382 0.3321 0.3297 
         615  1 0.3288 0.3283 0.3429 
         616  1 0.3369 0.3241 0.3390 
         617  1 0.3357 0.3314 0.3329 
         618  1 0.3338 0.3343 0.3319 
         619  1 0.3315 0.3371 0.3314 
         620  1 0.3413 0.3364 0.3224 
         621  1 0.3340 0.3366 0.3294 
         622  1 0.3276 0.3472 0.3252 
         623  1 0.3298 0.3343 0.3359 
         624  1 0.3413 0.3354 0.3233 
         625  1 0.3202 0.3280 0.3517 
         626  1 0.3114 0.3358 0.3528 
         627  1 0.3411 0.3316 0.3273 
         628  1 0.3452 0.3283 0.3265 
         629  1 0.3256 0.3348 0.3396 
         630  1 0.3399 0.3329 0.3272 
         631  1 0.3343 0.3363 0.3293 
         632  1 0.3249 0.3269 0.3482 
         633  1 0.3468 0.3285 0.3247 
         634  1 0.3272 0.3330 0.3398 
         635  1 0.3421 0.3387 0.3193 
         636  1 0.3319 0.3371 0.3310 
         637  1 0.3270 0.3276 0.3454 
         638  1 0.3309 0.3352 0.3339 
         639  1 0.3338 0.3299 0.3363 
         640  1 0.3272 0.3247 0.3481 
         641  1 0.3271 0.3356 0.3373 
         642  1 0.3322 0.3292 0.3386 
         643  1 0.3292 0.3256 0.3452 
         644  1 0.3358 0.3330 0.3312 
         645  1 0.3418 0.3346 0.3236 
         646  1 0.3352 0.3404 0.3244 
         647  1 0.3312 0.3361 0.3327 
         648  1 0.3299 0.3336 0.3365 
         649  1 0.3307 0.3298 0.3394 
         650  1 0.3436 0.3300 0.3264 
         651  1 0.3259 0.3371 0.3369 
         652  1 0.3452 0.3227 0.3322 
         653  1 0.3375 0.3369 0.3255 
         654  1 0.3249 0.3363 0.3388 
         655  1 0.3247 0.3418 0.3335 
         656  1 0.3371 0.3368 0.3261 
         657  1 0.3317 0.3395 0.3288 
         658  1 0.3315 0.3304 0.3381 
         659  1 0.3250 0.3336 0.3414 
         660  1 0.3396 0.3263 0.3341 
         661  1 0.3309 0.3343 0.3348 
         662  1 0.3348 0.3321 0.3331 
         663  1 0.3267 0.3320 0.3413 
         664  1 0.3282 0.3274 0.3444 
         665  1 0.3309 0.3278 0.3413 
         666  1 0.3388 0.3283 0.3329 
         667  1 0.3331 0.3334 0.3335 
         668  1 0.3335 0.3349 0.3316 
         669  1 0.3386 0.3290 0.3323 
         670  1 0.3329 0.3345 0.3326 
         671  1 0.3394 0.3365 0.3241 
         672  1 0.3287 0.3295 0.3418 
         673  1 0.3321 0.3339 0.3340 
         674  1 0.3305 0.3286 0.3409 
         675  1 0.3277 0.3503 0.3220 
         676  1 0.3344 0.3361 0.3296 
         677  1 0.3225 0.3362 0.3412 
         678  1 0.3293 0.3299 0.3408 
         679  1 0.3311 0.3340 0.3349 
         680  1 0.3492 0.3193 0.3314 
         681  1 0.3310 0.3268 0.3422 
         682  1 0.3416 0.3367 0.3217 
         683  1 0.3349 0.3292 0.3360 
         684  1 0.3364 0.3337 0.3299 
         685  1 0.3203 0.3335 0.3462 
         686  1 0.3289 0.3343 0.3368 
         687  1 0.3267 0.3369 0.3364 
         688  1 0.3232 0.3382 0.3386 
         689  1 0.3328 0.3327 0.3344 
         690  1 0.3276 0.3389 0.3335 
         691  1 0.3340 0.3295 0.3365 
         692  1 0.3380 0.3329 0.3291 
         693  1 0.3451 0.3253 0.3296 
         694  1 0.3339 0.3401 0.3260 
         695  1 0.3386 0.3458 0.3156 
         696  1 0.3304 0.3427 0.3269 
         697  1 0.3408 0.3455 0.3137 
         698  1 0.3388 0.3333 0.3279 
         699  1 0.3350 0.3331 0.3319 
         700  1 0.3336 0.3320 0.3344 
         701  1 0.3316 0.3395 0.3289 
         702  1 0.3428 0.3388 0.3184 
         703  1 0.3442 0.3365 0.3193 
         704  1 0.3203 0.3332 0.3465 
         705  1 0.3260 0.3336 0.3405 
         706  1 0.3265 0.3305 0.3429 
         707  1 0.3323 0.3319 0.3358 
         708  1 0.3386 0.3300 0.3314 
         709  1 0.3353 0.3401 0.3246 
         710  1 0.3321 0.3338 0.3341 
         711  1 0.3333 0.3341 0.3326 
         712  1 0.3329 0.3372 0.3299 
         713  1 0.3322 0.3363 0.3315 
         714  1 0.3328 0.3503 0.3170 
         715  1 0.3296 0.3289 0.3415 
         716  1 0.3347 0.3293 0.3360 
         717  1 0.3311 0.3372 0.3317 
         718  1 0.3330 0.3449 0.3221 
         719  1 0.3318 0.3228 0.3454 
         720  1 0.3275 0.3330 0.3396 
         721  1 0.3430 0.3418 0.3152 
         722  1 0.3425 0.3362 0.3213 
         723  1 0.3421 0.3309 0.3269 
         724  1 0.3380 0.3352 0.3269 
         725  1 0.3345 0.3387 0.3268 
         726  1 0.3262 0.3325 0.3413 
         727  1 0.3334 0.3331 0.3335 
         728  1 0.3532 0.3232 0.3236 
         729  1 0.3314 0.3347 0.3339 
         730  1 0.3195 0.3326 0.3479 
         731  1 0.3407 0.3331 0.3262 
         732  1 0.3294 0.3337 0.3369 
         733  1 0.3273 0.3386 0.3341 
         734  1 0.3240 0.3334 0.3425 
         735  1 0.3438 0.3328 0.3233 
         736  1 0.3313 0.3308 0.3380 
         737  1 0.3290 0.3309 0.3401 
         738  1 0.3427 0.3414 0.3159 
         739  1 0.3382 0.3321 0.3297 
         740  1 0.3497 0.3234 0.3269 
         741  1 0.3329 0.3378 0.3293 
         742  1 0.3388 0.3422 0.3190 
         743  1 0.3289 0.3315 0.3396 
         744  1 0.3253 0.3358 0.3389 
         745  1 0.3396 0.3316 0.3288 
         746  1 0.3294 0.3394 0.3312 
         747  1 0.3193 0.3417 0.3390 
         748  1 0.3408 0.3387 0.3205 
         749  1 0.3293 0.3421 0.3286 
         750  1 0.3292 0.3370 0.3338 
         751  1 0.3362 0.3352 0.3286 
         752  1 0.3482 0.3261 0.3257 
         753  1 0.3370 0.3370 0.3260 
         754  1 0.3356 0.3429 0.3214 
         755  1 0.3360 0.3292 0.3348 
         756  1 0.3339 0.3317 0.3344 
         757  1 0.3310 0.3350 0.3341 
         758  1 0.3289 0.3286 0.3426 
         759  1 0.3288 0.3394 0.3317 
         760  1 0.3273 0.3332 0.3394 
         761  1 0.3309 0.3279 0.3412 
         762  1 0.3295 0.3322 0.3383 
         763  1 0.3298 0.3253 0.3449 
         764  1 0.3355 0.3282 0.3362 
         765  1 0.3350 0.3426 0.3224 
         766  1 0.3247 0.3309 0.3444 
         767  1 0.3329 0.3401 0.3270 
         768  1 0.3275 0.3315 0.3410 
         769  1 0.3508 0.3331 0.3161 
         770  1 0.3325 0.3310 0.3365 
         771  1 0.3468 0.3237 0.3295 
         772  1 0.3154 0.3311 0.3535 
         773  1 0.3246 0.3405 0.3350 
         774  1 0.3251 0.3300 0.3449 
         775  1 0.3389 0.3320 0.3291 
         776  1 0.3424 0.3323 0.3253 
         777  1 0.3266 0.3279 0.3455 
         778  1 0.3179 0.3306 0.3515 
         779  1 0.3309 0.3241 0.3450 
         780  1 0.3280 0.3341 0.3378 
         781  1 0.3203 0.3336 0.3461 
         782  1 0.3357 0.3322 0.3321 
         783  1 0.3290 0.3384 0.3326 
         784  1 0.3291 0.3402 0.3307 
         785  1 0.3304 0.3271 0.3425 
         786  1 0.3301 0.3357 0.3342 
         787  1 0.3343 0.3312 0.3345 
         788  1 0.3388 0.3454 0.3159 
         789  1 0.3281 0.3422 0.3297 
         790  1 0.3434 0.3346 0.3220 
         791  1 0.3391 0.3370 0.3239 
         792  1 0.3363 0.3335 0.3302 
         793  1 0.3385 0.3282 0.3333 
         794  1 0.3259 0.3253 0.3488 
         795  1 0.3494 0.3218 0.3288 
         796  1 0.3305 0.3213 0.3482 
         797  1 0.3437 0.3310 0.3253 
         798  1 0.3330 0.3336 0.3334 
         799  1 0.3309 0.3442 0.3249 
         800  1 0.3285 0.3250 0.3465 
         801  1 0.3323 0.3336 0.3341 
         802  1 0.3464 0.3307 0.3229 
         803  1 0.3271 0.3347 0.3382 
         804  1 0.3219 0.3353 0.3429 
         805  1 0.3335 0.3462 0.3203 
         806  1 0.3405 0.3341 0.3254 
         807  1 0.3181 0.3265 0.3554 
         808  1 0.3403 0.3266 0.3331 
         809  1 0.3243 0.3342 0.3414 
         810  1 0.3367 0.3268 0.3365 
         811  1 0.3318 0.3345 0.3337 
         812  1 0.3327 0.3315 0.3359 
         813  1 0.3305 0.3290 0.3405 
         814  1 0.3233 0.3340 0.3426 
         815  1 0.3208 0.3331 0.3460 
         816  1 0.3359 0.3308 0.3333 
         817  1 0.3378 0.3342 0.3280 
         818  1 0.3431 0.3301 0.3268 
         819  1 0.3328 0.3334 0.3338 
         820  1 0.3216 0.3317 0.3467 
         821  1 0.3415 0.3358 0.3227 
         822  1 0.3338 0.3355 0.3306 
         823  1 0.3319 0.3267 0.3415 
         824  1 0.3306 0.3348 0.3346 
         825  1 0.3385 0.3243 0.3372 
         826  1 0.3340 0.3389 0.3271 
         827  1 0.3433 0.3227 0.3340 
         828  1 0.3348 0.3352 0.3300 
         829  1 0.3259 0.3276 0.3465 
         830  1 0.3453 0.3321 0.3226 
         831  1 0.3254 0.3355 0.3391 
         832  1 0.3443 0.3279 0.3278 
         833  1 0.3298 0.3323 0.3379 
         834  1 0.3279 0.3278 0.3443 
         835  1 0.3315 0.3445 0.3240 
         836  1 0.3280 0.3293 0.3427 
         837  1 0.3233 0.3394 0.3373 
         838  1 0.3249 0.3281 0.3470 
         839  1 0.3317 0.3356 0.3327 
         840  1 0.3350 0.3362 0.3288 
         841  1 0.3330 0.3250 0.3420 
         842  1 0.3341 0.3481 0.3178 
         843  1 0.3210 0.3265 0.3525 
         844  1 0.3274 0.3383 0.3343 
         845  1 0.3240 0.3326 0.3434 
         846  1 0.3319 0.3393 0.3288 
         847  1 0.3414 0.3434 0.3152 
         848  1 0.3366 0.3340 0.3294 
         849  1 0.3401 0.3364 0.3236 
         850  1 0.3243 0.3281 0.3476 
         851  1 0.3291 0.3358 0.3350 
         852  1 0.3430 0.3408 0.3163 
         853  1 0.3544 0.3233 0.3223 
         854  1 0.3395 0.3355 0.3250 
         855  1 0.3370 0.3475 0.3155 
         856  1 0.3330 0.3362 0.3308 
         857  1 0.3358 0.3315 0.3327 
         858  1 0.3386 0.3336 0.3278 
         859  1 0.3373 0.3386 0.3241 
         860  1 0.3315 0.3267 0.3418 
         861  1 0.3399 0.3355 0.3245 
         862  1 0.3364 0.3500 0.3135 
         863  1 0.3373 0.3287 0.3339 
         864  1 0.3420 0.3320 0.3260 
         865  1 0.3227 0.3329 0.3444 
         866  1 0.3371 0.3399 0.3230 
         867  1 0.3336 0.3282 0.3382 
         868  1 0.3265 0.3330 0.3405 
         869  1 0.3368 0.3392 0.3241 
         870  1 0.3233 0.3366 0.3400 
         871  1 0.3309 0.3344 0.3348 
         872  1 0.3317 0.3422 0.3261 
         873  1 0.3340 0.3314 0.3346 
         874  1 0.3282 0.3301 0.3417 
         875  1 0.3314 0.3358 0.3328 
         876  1 0.3272 0.3305 0.3422 
         877  1 0.3323 0.3286 0.3391 
         878  1 0.3264 0.3306 0.3430 
         879  1 0.3344 0.3276 0.3379 
         880  1 0.3315 0.3318 0.3367 
         881  1 0.3366 0.3299 0.3335 
         882  1 0.3471 0.3274 0.3255 
         883  1 0.3203 0.3384 0.3413 
         884  1 0.3438 0.3376 0.3186 
         885  1 0.3392 0.3274 0.3334 
         886  1 0.3385 0.3295 0.3321 
         887  1 0.3393 0.3410 0.3197 
         888  1 0.3371 0.3362 0.3267 
         889  1 0.3426 0.3338 0.3236 
         890  1 0.3220 0.3433 0.3347 
         891  1 0.3221 0.3323 0.3456 
         892  1 0.3382 0.3279 0.3339 
         893  1 0.3256 0.3320 0.3424 
         894  1 0.3306 0.3445 0.3249 
         895  1 0.3294 0.3346 0.3360 
         896  1 0.3264 0.3344 0.3392 
         897  1 0.3412 0.3331 0.3257 
         898  1 0.3459 0.3261 0.3280 
         899  1 0.3322 0.3283 0.3395 
         900  1 0.3243 0.3314 0.3443 
         901  1 0.3203 0.3348 0.3449 
         902  1 0.3373 0.3377 0.3250 
         903  1 0.3410 0.3390 0.3200 
         904  1 0.3335 0.3296 0.3369 
         905  1 0.3490 0.3230 0.3280 
         906  1 0.3381 0.3353 0.3266 
         907  1 0.3382 0.3301 0.3318 
         908  1 0.3292 0.3300 0.3409 
         909  1 0.3179 0.3252 0.3570 
         910  1 0.3381 0.3277 0.3342 
         911  1 0.3321 0.3330 0.3348 
         912  1 0.3354 0.3375 0.3270 
         913  1 0.3374 0.3465 0.3161 
         914  1 0.3428 0.3304 0.3269 
         915  1 0.3297 0.3340 0.3362 
         916  1 0.3207 0.3319 0.3474 
         917  1 0.3363 0.3316 0.3321 
         918  1 0.3369 0.3330 0.3301 
         919  1 0.3545 0.3330 0.3125 
         920  1 0.3287 0.3292 0.3421 
         921  1 0.3336 0.3375 0.3288 
         922  1 0.3341 0.3359 0.3300 
         923  1 0.3347 0.3370 0.3283 
         924  1 0.3280 0.3346 0.3374 
         925  1 0.3363 0.3413 0.3224 
         926  1 0.3378 0.3343 0.3278 
         927  1 0.3243 0.3420 0.3337 
         928  1 0.3278 0.3317 0.3405 
         929  1 0.3381 0.3424 0.3195 
         930  1 0.3322 0.3294 0.3384 
         931  1 0.3308 0.3327 0.3365 
         932  1 0.3352 0.3321 0.3327 
         933  1 0.3374 0.3343 0.3283 
         934  1 0.3331 0.3259 0.3410 
         935  1 0.3257 0.3353 0.3390 
         936  1 0.3378 0.3346 0.3276 
         937  1 0.3442 0.3315 0.3243 
         938  1 0.3274 0.3382 0.3344 
         939  1 0.3350 0.3250 0.3400 
         940  1 0.3473 0.3345 0.3182 
         941  1 0.3413 0.3300 0.3287 
         942  1 0.3390 0.3300 0.3311 
         943  1 0.3381 0.3385 0.3235 
         944  1 0.3344 0.3403 0.3252 
         945  1 0.3315 0.3289 0.3396 
         946  1 0.3343 0.3463 0.3194 
         947  1 0.3325 0.3409 0.3265 
         948  1 0.3368 0.3364 0.3268 
         949  1 0.3346 0.3248 0.3406 
         950  1 0.3466 0.3371 0.3163 
         951  1 0.3268 0.3337 0.3395 
         952  1 0.3278 0.3380 0.3341 
         953  1 0.3346 0.3319 0.3335 
         954  1 0.3264 0.3292 0.3444 
         955  1 0.3302 0.3346 0.3352 
         956  1 0.3392 0.3243 0.3365 
         957  1 0.3253 0.3341 0.3405 
         958  1 0.3446 0.3303 0.3251 
         959  1 0.3582 0.3276 0.3142 
         960  1 0.3255 0.3356 0.3388 
         961  1 0.3379 0.3394 0.3227 
         962  1 0.3402 0.3239 0.3359 
         963  1 0.3485 0.3269 0.3246 
         964  1 0.3502 0.3253 0.3245 
         965  1 0.3394 0.3394 0.3212 
         966  1 0.3303 0.3342 0.3355 
         967  1 0.3374 0.3356 0.3270 
         968  1 0.3313 0.3322 0.3365 
         969  1 0.3499 0.3331 0.3170 
         970  1 0.3295 0.3401 0.3304 
         971  1 0.3383 0.3321 0.3296 
         972  1 0.3331 0.3356 0.3313 
         973  1 0.3270 0.3309 0.3421 
         974  1 0.3376 0.3372 0.3252 
         975  1 0.3386 0.3290 0.3324 
         976  1 0.3315 0.3280 0.3405 
         977  1 0.3208 0.3354 0.3438 
         978  1 0.3465 0.3229 0.3306 
         979  1 0.3191 0.3431 0.3378 
         980  1 0.3269 0.3380 0.3351 
         981  1 0.3400 0.3320 0.3280 
         982  1 0.3099 0.3422 0.3479 
         983  1 0.3290 0.3393 0.3317 
         984  1 0.3266 0.3250 0.3484 
         985  1 0.3376 0.3284 0.3341 
         986  1 0.3341 0.3281 0.3378 
         987  1 0.3259 0.3316 0.3424 
         988  1 0.3328 0.3366 0.3305 
         989  1 0.3394 0.3299 0.3306 
         990  1 0.3402 0.3283 0.3315 
         991  1 0.3327 0.3319 0.3353 
         992  1 0.3226 0.3340 0.3434 
         993  1 0.3295 0.3326 0.3379 
         994  1 0.3301 0.3301 0.3397 
         995  1 0.3475 0.3291 0.3234 
         996  1 0.3319 0.3385 0.3296 
         997  1 0.3294 0.3307 0.3399 
         998  1 0.3313 0.3386 0.3301 
         999  1 0.3454 0.3258 0.3287 
        1000  1 0.3434 0.3294 0.3272 
        1001  1 0.3330 0.3286 0.3385 
        1002  1 0.3490 0.3243 0.3267 
        1003  1 0.3328 0.3313 0.3358 
        1004  1 0.3430 0.3269 0.3301 
        1005  1 0.3415 0.3266 0.3318 
        1006  1 0.3418 0.3393 0.3189 
        1007  1 0.3322 0.3278 0.3400 
        1008  1 0.3141 0.3314 0.3544 
        1009  1 0.3349 0.3437 0.3215 
        1010  1 0.3320 0.3206 0.3474 
        1011  1 0.3333 0.3232 0.3435 
        1012  1 0.3419 0.3300 0.3282 
        1013  1 0.3361 0.3437 0.3202 
        1014  1 0.3278 0.3372 0.3350 
        1015  1 0.3415 0.3377 0.3208 
        1016  1 0.3116 0.3300 0.3585 
        1017  1 0.3372 0.3350 0.3278 
        1018  1 0.3266 0.3422 0.3312 
        1019  1 0.3249 0.3295 0.3456 
        1020  1 0.3225 0.3361 0.3414 
        1021  1 0.3347 0.3268 0.3385 
        1022  1 0.3236 0.3384 0.3380 
        1023  1 0.3438 0.3272 0.3291 
        1024  1 0.3506 0.3212 0.3282 
        1025  1 0.3283 0.3299 0.3418 
        1026  1 0.3290 0.3303 0.3407 
        1027  1 0.3321 0.3353 0.3327 
        1028  1 0.3272 0.3326 0.3401 
        1029  1 0.3268 0.3354 0.3378 
        1030  1 0.3295 0.3269 0.3436 
        1031  1 0.3415 0.3320 0.3266 
        1032  1 0.3383 0.3253 0.3364 
        1033  1 0.3433 0.3250 0.3317 
        1034  1 0.3439 0.3424 0.3137 
        1035  1 0.3355 0.3298 0.3348 
        1036  1 0.3261 0.3323 0.3416 
        1037  1 0.3332 0.3384 0.3284 
        1038  1 0.3358 0.3338 0.3305 
        1039  1 0.3359 0.3324 0.3317 
        1040  1 0.3518 0.3265 0.3217 
        1041  1 0.3428 0.3375 0.3198 
        1042  1 0.3387 0.3315 0.3297 
        1043  1 0.3315 0.3482 0.3202 
        1044  1 0.3388 0.3235 0.3376 
        1045  1 0.3438 0.3280 0.3281 
        1046  1 0.3428 0.3424 0.3148 
        1047  1 0.3384 0.3367 0.3249 
        1048  1 0.3266 0.3442 0.3292 
        1049  1 0.3155 0.3355 0.3490 
        1050  1 0.3350 0.3350 0.3300 
        1051  1 0.3289 0.3292 0.3419 
        1052  1 0.3275 0.3290 0.3435 
