           1  1 0.1125 0.1085 0.1123 0.1114 0.1132 0.1108 0.1124 0.1094 0.1097 
           2  1 0.1112 0.1095 0.1078 0.1117 0.1142 0.1138 0.1123 0.1111 0.1083 
           3  1 0.1130 0.1055 0.1130 0.1142 0.1091 0.1140 0.1123 0.1084 0.1104 
           4  1 0.1153 0.1062 0.1114 0.1142 0.1075 0.1127 0.1151 0.1071 0.1105 
           5  1 0.1095 0.1085 0.1086 0.1112 0.1178 0.1127 0.1103 0.1105 0.1109 
           6  1 0.1065 0.1125 0.1089 0.1094 0.1169 0.1133 0.1116 0.1126 0.1081 
           7  1 0.1136 0.1060 0.1118 0.1101 0.1123 0.1131 0.1133 0.1088 0.1111 
           8  1 0.1116 0.1077 0.1122 0.1114 0.1090 0.1130 0.1145 0.1096 0.1111 
           9  1 0.1082 0.1159 0.1104 0.1103 0.1096 0.1096 0.1092 0.1147 0.1122 
          10  1 0.1116 0.1124 0.1119 0.1118 0.1078 0.1140 0.1111 0.1090 0.1104 
          11  1 0.1101 0.1175 0.1112 0.1083 0.1114 0.1098 0.1075 0.1130 0.1113 
          12  1 0.1089 0.1159 0.1098 0.1132 0.1121 0.1095 0.1085 0.1105 0.1116 
          13  1 0.1079 0.1121 0.1104 0.1091 0.1145 0.1138 0.1095 0.1115 0.1112 
          14  1 0.1119 0.1094 0.1081 0.1108 0.1138 0.1155 0.1155 0.1061 0.1088 
          15  1 0.1145 0.1122 0.1068 0.1094 0.1137 0.1118 0.1141 0.1086 0.1089 
          16  1 0.1094 0.1147 0.1101 0.1088 0.1140 0.1109 0.1117 0.1083 0.1122 
          17  1 0.1119 0.1121 0.1116 0.1103 0.1117 0.1091 0.1103 0.1115 0.1116 
          18  1 0.1090 0.1111 0.1106 0.1130 0.1150 0.1077 0.1073 0.1165 0.1099 
          19  1 0.1112 0.1120 0.1097 0.1128 0.1118 0.1114 0.1119 0.1092 0.1101 
          20  1 0.1053 0.1136 0.1102 0.1090 0.1194 0.1110 0.1078 0.1127 0.1110 
          21  1 0.1108 0.1096 0.1118 0.1117 0.1120 0.1129 0.1098 0.1104 0.1109 
          22  1 0.1092 0.1122 0.1097 0.1090 0.1165 0.1130 0.1087 0.1129 0.1089 
          23  1 0.1080 0.1103 0.1072 0.1128 0.1165 0.1134 0.1131 0.1109 0.1079 
          24  1 0.1138 0.1027 0.1099 0.1121 0.1130 0.1146 0.1150 0.1079 0.1109 
          25  1 0.1158 0.1085 0.1107 0.1098 0.1058 0.1136 0.1127 0.1104 0.1127 
          26  1 0.1105 0.1138 0.1097 0.1095 0.1140 0.1090 0.1079 0.1123 0.1133 
          27  1 0.1102 0.1108 0.1115 0.1128 0.1071 0.1120 0.1128 0.1137 0.1093 
          28  1 0.1122 0.1119 0.1122 0.1109 0.1084 0.1122 0.1113 0.1110 0.1099 
          29  1 0.1146 0.1090 0.1118 0.1092 0.1108 0.1115 0.1119 0.1099 0.1111 
          30  1 0.1140 0.1083 0.1112 0.1106 0.1061 0.1104 0.1151 0.1117 0.1126 
          31  1 0.1072 0.1146 0.1116 0.1099 0.1151 0.1118 0.1081 0.1108 0.1110 
          32  1 0.1142 0.1088 0.1136 0.1106 0.1075 0.1095 0.1115 0.1109 0.1134 
          33  1 0.1052 0.1110 0.1143 0.1137 0.1103 0.1095 0.1096 0.1165 0.1099 
          34  1 0.1095 0.1145 0.1138 0.1088 0.1139 0.1094 0.1089 0.1076 0.1136 
          35  1 0.1122 0.1093 0.1125 0.1115 0.1086 0.1121 0.1115 0.1122 0.1102 
          36  1 0.1129 0.1097 0.1092 0.1103 0.1114 0.1139 0.1111 0.1092 0.1121 
          37  1 0.1098 0.1160 0.1119 0.1080 0.1093 0.1107 0.1078 0.1148 0.1117 
          38  1 0.1116 0.1113 0.1110 0.1099 0.1056 0.1136 0.1124 0.1130 0.1117 
          39  1 0.1166 0.1076 0.1135 0.1143 0.1071 0.1099 0.1104 0.1089 0.1116 
          40  1 0.1071 0.1145 0.1115 0.1117 0.1116 0.1100 0.1097 0.1148 0.1092 
          41  1 0.1073 0.1109 0.1127 0.1096 0.1137 0.1090 0.1113 0.1155 0.1100 
          42  1 0.1113 0.1122 0.1124 0.1117 0.1069 0.1118 0.1093 0.1132 0.1112 
          43  1 0.1114 0.1062 0.1119 0.1128 0.1097 0.1122 0.1143 0.1100 0.1114 
          44  1 0.1060 0.1141 0.1098 0.1100 0.1154 0.1114 0.1097 0.1123 0.1113 
          45  1 0.1072 0.1128 0.1077 0.1116 0.1213 0.1115 0.1097 0.1104 0.1077 
          46  1 0.1121 0.1053 0.1124 0.1131 0.1105 0.1121 0.1142 0.1104 0.1098 
          47  1 0.1102 0.1089 0.1118 0.1097 0.1115 0.1138 0.1138 0.1114 0.1088 
          48  1 0.1133 0.1095 0.1091 0.1127 0.1101 0.1122 0.1135 0.1107 0.1089 
          49  1 0.1100 0.1149 0.1116 0.1103 0.1091 0.1110 0.1091 0.1116 0.1125 
          50  1 0.1108 0.1156 0.1093 0.1111 0.1138 0.1132 0.1118 0.1048 0.1095 
          51  1 0.1071 0.1083 0.1124 0.1130 0.1130 0.1094 0.1107 0.1147 0.1114 
          52  1 0.1067 0.1185 0.1125 0.1086 0.1103 0.1113 0.1083 0.1132 0.1106 
          53  1 0.1063 0.1186 0.1135 0.1082 0.1116 0.1094 0.1084 0.1128 0.1112 
          54  1 0.1077 0.1136 0.1115 0.1138 0.1115 0.1107 0.1123 0.1103 0.1086 
          55  1 0.1116 0.1122 0.1158 0.1109 0.1141 0.1064 0.1052 0.1106 0.1132 
          56  1 0.1127 0.1107 0.1113 0.1098 0.1108 0.1112 0.1121 0.1098 0.1115 
          57  1 0.1081 0.1113 0.1128 0.1130 0.1126 0.1070 0.1067 0.1138 0.1146 
          58  1 0.1051 0.1113 0.1129 0.1121 0.1112 0.1091 0.1090 0.1161 0.1131 
          59  1 0.1098 0.1165 0.1091 0.1097 0.1063 0.1114 0.1150 0.1121 0.1100 
          60  1 0.1111 0.1129 0.1107 0.1103 0.1132 0.1109 0.1107 0.1106 0.1097 
          61  1 0.1130 0.1121 0.1117 0.1094 0.1097 0.1118 0.1140 0.1069 0.1113 
          62  1 0.1093 0.1088 0.1120 0.1109 0.1096 0.1115 0.1121 0.1141 0.1117 
          63  1 0.1112 0.1115 0.1101 0.1131 0.1097 0.1133 0.1106 0.1108 0.1096 
          64  1 0.1109 0.1192 0.1098 0.1092 0.1065 0.1090 0.1086 0.1106 0.1161 
          65  1 0.1114 0.1099 0.1115 0.1119 0.1136 0.1092 0.1116 0.1111 0.1098 
          66  1 0.1194 0.1013 0.1099 0.1140 0.1065 0.1168 0.1156 0.1051 0.1115 
          67  1 0.1102 0.1072 0.1149 0.1143 0.1088 0.1098 0.1101 0.1096 0.1151 
          68  1 0.1082 0.1114 0.1132 0.1125 0.1120 0.1091 0.1104 0.1139 0.1093 
          69  1 0.1148 0.1116 0.1111 0.1100 0.1098 0.1127 0.1089 0.1098 0.1112 
          70  1 0.1119 0.1087 0.1139 0.1125 0.1103 0.1098 0.1105 0.1098 0.1128 
          71  1 0.1072 0.1154 0.1072 0.1104 0.1206 0.1089 0.1095 0.1120 0.1088 
          72  1 0.1125 0.1086 0.1151 0.1127 0.1083 0.1099 0.1111 0.1095 0.1122 
          73  1 0.1150 0.1095 0.1129 0.1103 0.1091 0.1086 0.1129 0.1091 0.1125 
          74  1 0.1069 0.1112 0.1133 0.1099 0.1145 0.1106 0.1095 0.1136 0.1106 
          75  1 0.1128 0.1059 0.1105 0.1156 0.1051 0.1152 0.1137 0.1097 0.1115 
          76  1 0.1098 0.1083 0.1111 0.1122 0.1138 0.1130 0.1105 0.1110 0.1103 
          77  1 0.1112 0.1168 0.1089 0.1097 0.1091 0.1124 0.1103 0.1111 0.1106 
          78  1 0.1127 0.1107 0.1099 0.1118 0.1036 0.1146 0.1156 0.1111 0.1102 
          79  1 0.1105 0.1106 0.1072 0.1112 0.1130 0.1124 0.1131 0.1126 0.1093 
          80  1 0.1107 0.1034 0.1133 0.1131 0.1112 0.1134 0.1128 0.1122 0.1098 
          81  1 0.1085 0.1119 0.1105 0.1125 0.1150 0.1096 0.1073 0.1127 0.1119 
          82  1 0.1096 0.1080 0.1105 0.1105 0.1132 0.1108 0.1143 0.1142 0.1088 
          83  1 0.1096 0.1180 0.1086 0.1095 0.1124 0.1101 0.1078 0.1120 0.1120 
          84  1 0.1123 0.1076 0.1130 0.1129 0.1071 0.1138 0.1137 0.1091 0.1105 
          85  1 0.1151 0.1040 0.1108 0.1082 0.1132 0.1123 0.1148 0.1112 0.1104 
          86  1 0.1122 0.1108 0.1111 0.1114 0.1105 0.1120 0.1114 0.1092 0.1115 
          87  1 0.1096 0.1094 0.1122 0.1129 0.1100 0.1122 0.1112 0.1138 0.1087 
          88  1 0.1098 0.1132 0.1112 0.1091 0.1162 0.1084 0.1091 0.1125 0.1104 
          89  1 0.1088 0.1098 0.1137 0.1131 0.1070 0.1104 0.1105 0.1161 0.1106 
          90  1 0.1124 0.1088 0.1134 0.1131 0.1104 0.1109 0.1115 0.1082 0.1114 
          91  1 0.1122 0.1115 0.1120 0.1111 0.1097 0.1075 0.1080 0.1156 0.1125 
          92  1 0.1152 0.1090 0.1119 0.1159 0.1054 0.1109 0.1121 0.1095 0.1099 
          93  1 0.1101 0.1111 0.1093 0.1155 0.1123 0.1093 0.1100 0.1131 0.1094 
          94  1 0.1088 0.1133 0.1107 0.1084 0.1163 0.1080 0.1089 0.1126 0.1131 
          95  1 0.1114 0.1108 0.1113 0.1091 0.1122 0.1127 0.1133 0.1083 0.1109 
          96  1 0.1120 0.1117 0.1092 0.1110 0.1110 0.1130 0.1110 0.1122 0.1089 
          97  1 0.1100 0.1104 0.1138 0.1146 0.1082 0.1102 0.1079 0.1120 0.1128 
          98  1 0.1102 0.1178 0.1120 0.1105 0.1115 0.1073 0.1078 0.1094 0.1135 
          99  1 0.1155 0.1053 0.1120 0.1148 0.1053 0.1110 0.1137 0.1100 0.1122 
         100  1 0.1103 0.1062 0.1142 0.1135 0.1076 0.1100 0.1117 0.1156 0.1110 
         101  1 0.1074 0.1184 0.1109 0.1142 0.1102 0.1101 0.1086 0.1089 0.1114 
         102  1 0.1096 0.1123 0.1110 0.1123 0.1074 0.1126 0.1094 0.1135 0.1120 
         103  1 0.1113 0.1112 0.1106 0.1104 0.1102 0.1088 0.1100 0.1139 0.1136 
         104  1 0.1121 0.1119 0.1126 0.1136 0.1081 0.1107 0.1109 0.1078 0.1124 
         105  1 0.1106 0.1119 0.1125 0.1116 0.1108 0.1105 0.1100 0.1116 0.1105 
         106  1 0.1116 0.1105 0.1111 0.1096 0.1118 0.1126 0.1095 0.1108 0.1127 
         107  1 0.1088 0.1130 0.1116 0.1091 0.1163 0.1071 0.1094 0.1126 0.1122 
         108  1 0.1102 0.1061 0.1102 0.1107 0.1094 0.1159 0.1157 0.1122 0.1097 
         109  1 0.1182 0.0976 0.1097 0.1132 0.1073 0.1133 0.1215 0.1070 0.1122 
         110  1 0.1094 0.1077 0.1076 0.1135 0.1149 0.1134 0.1126 0.1116 0.1094 
         111  1 0.1143 0.1102 0.1110 0.1090 0.1121 0.1113 0.1109 0.1096 0.1116 
         112  1 0.1138 0.1108 0.1113 0.1104 0.1082 0.1133 0.1098 0.1093 0.1131 
         113  1 0.1102 0.1129 0.1083 0.1101 0.1142 0.1139 0.1104 0.1109 0.1090 
         114  1 0.1110 0.1116 0.1112 0.1107 0.1129 0.1120 0.1110 0.1100 0.1097 
         115  1 0.1073 0.1082 0.1094 0.1110 0.1162 0.1138 0.1118 0.1103 0.1119 
         116  1 0.1109 0.1131 0.1109 0.1109 0.1097 0.1090 0.1119 0.1130 0.1107 
         117  1 0.1089 0.1168 0.1094 0.1128 0.1160 0.1083 0.1066 0.1087 0.1125 
         118  1 0.1142 0.1124 0.1123 0.1114 0.1074 0.1123 0.1094 0.1082 0.1124 
         119  1 0.1108 0.1132 0.1115 0.1129 0.1154 0.1103 0.1080 0.1096 0.1084 
         120  1 0.1135 0.1131 0.1101 0.1079 0.1106 0.1112 0.1117 0.1100 0.1120 
         121  1 0.1121 0.1099 0.1101 0.1112 0.1118 0.1139 0.1121 0.1085 0.1104 
         122  1 0.1126 0.1093 0.1112 0.1106 0.1111 0.1111 0.1124 0.1109 0.1109 
         123  1 0.1158 0.1062 0.1098 0.1122 0.1092 0.1102 0.1160 0.1087 0.1119 
         124  1 0.1043 0.1177 0.1097 0.1063 0.1189 0.1088 0.1081 0.1146 0.1116 
         125  1 0.1150 0.1036 0.1101 0.1121 0.1081 0.1146 0.1159 0.1100 0.1106 
         126  1 0.1119 0.1115 0.1099 0.1097 0.1134 0.1103 0.1108 0.1096 0.1129 
         127  1 0.1110 0.1113 0.1077 0.1107 0.1153 0.1134 0.1100 0.1101 0.1105 
         128  1 0.1082 0.1119 0.1116 0.1161 0.1072 0.1124 0.1099 0.1109 0.1117 
         129  1 0.1119 0.1137 0.1096 0.1094 0.1092 0.1125 0.1109 0.1113 0.1114 
         130  1 0.1104 0.1089 0.1101 0.1125 0.1082 0.1142 0.1145 0.1108 0.1105 
         131  1 0.1106 0.1150 0.1094 0.1098 0.1119 0.1078 0.1108 0.1106 0.1140 
         132  1 0.1081 0.1137 0.1072 0.1109 0.1159 0.1117 0.1137 0.1106 0.1083 
         133  1 0.1128 0.1053 0.1130 0.1128 0.1059 0.1149 0.1120 0.1125 0.1108 
         134  1 0.1201 0.1042 0.1115 0.1135 0.1073 0.1139 0.1169 0.1022 0.1105 
         135  1 0.1109 0.1100 0.1135 0.1132 0.1089 0.1083 0.1105 0.1097 0.1150 
         136  1 0.1085 0.1125 0.1124 0.1128 0.1121 0.1110 0.1094 0.1090 0.1123 
         137  1 0.1128 0.1107 0.1103 0.1081 0.1087 0.1119 0.1137 0.1107 0.1133 
         138  1 0.1118 0.1116 0.1099 0.1114 0.1081 0.1133 0.1134 0.1097 0.1109 
         139  1 0.1095 0.1146 0.1089 0.1097 0.1132 0.1111 0.1108 0.1110 0.1112 
         140  1 0.1094 0.1140 0.1110 0.1126 0.1133 0.1107 0.1093 0.1094 0.1103 
         141  1 0.1100 0.1094 0.1128 0.1131 0.1107 0.1142 0.1124 0.1080 0.1095 
         142  1 0.1156 0.1125 0.1105 0.1086 0.1082 0.1108 0.1094 0.1108 0.1137 
         143  1 0.1133 0.1099 0.1061 0.1110 0.1151 0.1137 0.1125 0.1075 0.1108 
         144  1 0.1141 0.1096 0.1119 0.1102 0.1074 0.1079 0.1121 0.1105 0.1163 
         145  1 0.1106 0.1092 0.1131 0.1145 0.1116 0.1084 0.1091 0.1133 0.1102 
         146  1 0.1139 0.1145 0.1106 0.1086 0.1091 0.1106 0.1106 0.1108 0.1113 
         147  1 0.1100 0.1109 0.1118 0.1123 0.1114 0.1132 0.1129 0.1081 0.1095 
         148  1 0.1123 0.1108 0.1118 0.1111 0.1091 0.1122 0.1127 0.1068 0.1133 
         149  1 0.1118 0.1089 0.1101 0.1114 0.1134 0.1127 0.1137 0.1075 0.1106 
         150  1 0.1131 0.1101 0.1109 0.1112 0.1081 0.1121 0.1131 0.1128 0.1086 
         151  1 0.1116 0.1147 0.1103 0.1121 0.1098 0.1099 0.1081 0.1118 0.1117 
         152  1 0.1118 0.1099 0.1110 0.1102 0.1079 0.1122 0.1152 0.1101 0.1117 
         153  1 0.1101 0.1086 0.1117 0.1134 0.1088 0.1128 0.1092 0.1117 0.1136 
         154  1 0.1131 0.1109 0.1124 0.1144 0.1065 0.1129 0.1127 0.1053 0.1117 
         155  1 0.1098 0.1112 0.1135 0.1125 0.1092 0.1095 0.1076 0.1124 0.1144 
         156  1 0.1120 0.1159 0.1132 0.1095 0.1104 0.1095 0.1077 0.1086 0.1130 
         157  1 0.1134 0.1086 0.1097 0.1086 0.1108 0.1118 0.1166 0.1085 0.1120 
         158  1 0.1123 0.1072 0.1135 0.1110 0.1082 0.1138 0.1145 0.1094 0.1102 
         159  1 0.1148 0.1070 0.1105 0.1128 0.1110 0.1114 0.1140 0.1080 0.1106 
         160  1 0.1093 0.1114 0.1112 0.1105 0.1125 0.1138 0.1100 0.1112 0.1099 
         161  1 0.1136 0.1095 0.1128 0.1099 0.1079 0.1119 0.1128 0.1114 0.1101 
         162  1 0.1094 0.1115 0.1119 0.1114 0.1141 0.1103 0.1097 0.1123 0.1094 
         163  1 0.1103 0.1132 0.1118 0.1108 0.1101 0.1081 0.1112 0.1128 0.1117 
         164  1 0.1069 0.1121 0.1108 0.1094 0.1125 0.1133 0.1099 0.1154 0.1097 
         165  1 0.1103 0.1093 0.1081 0.1115 0.1172 0.1108 0.1129 0.1105 0.1093 
         166  1 0.1112 0.1153 0.1109 0.1106 0.1137 0.1082 0.1089 0.1101 0.1112 
         167  1 0.1110 0.1110 0.1096 0.1095 0.1127 0.1133 0.1100 0.1123 0.1106 
         168  1 0.1135 0.1064 0.1140 0.1091 0.1121 0.1070 0.1115 0.1159 0.1105 
         169  1 0.1080 0.1154 0.1128 0.1101 0.1123 0.1109 0.1083 0.1094 0.1129 
         170  1 0.1078 0.1109 0.1108 0.1111 0.1141 0.1105 0.1105 0.1139 0.1104 
         171  1 0.1110 0.1111 0.1115 0.1127 0.1089 0.1118 0.1142 0.1069 0.1119 
         172  1 0.1084 0.1108 0.1096 0.1090 0.1111 0.1136 0.1145 0.1128 0.1102 
         173  1 0.1135 0.1102 0.1109 0.1124 0.1084 0.1145 0.1108 0.1086 0.1107 
         174  1 0.1120 0.1084 0.1076 0.1121 0.1143 0.1124 0.1126 0.1102 0.1104 
         175  1 0.1106 0.1122 0.1108 0.1105 0.1128 0.1082 0.1101 0.1122 0.1128 
         176  1 0.1097 0.1124 0.1114 0.1094 0.1132 0.1115 0.1100 0.1110 0.1114 
         177  1 0.1092 0.1067 0.1120 0.1106 0.1097 0.1139 0.1140 0.1148 0.1090 
         178  1 0.1123 0.1116 0.1118 0.1114 0.1117 0.1098 0.1089 0.1114 0.1111 
         179  1 0.1124 0.1078 0.1120 0.1139 0.1056 0.1158 0.1121 0.1108 0.1097 
         180  1 0.1056 0.1150 0.1078 0.1093 0.1196 0.1121 0.1100 0.1137 0.1069 
         181  1 0.1110 0.1109 0.1134 0.1132 0.1123 0.1100 0.1088 0.1097 0.1108 
         182  1 0.1101 0.1128 0.1118 0.1101 0.1132 0.1094 0.1077 0.1134 0.1116 
         183  1 0.1094 0.1137 0.1081 0.1085 0.1095 0.1120 0.1121 0.1154 0.1114 
         184  1 0.1104 0.1114 0.1099 0.1101 0.1150 0.1120 0.1099 0.1125 0.1088 
         185  1 0.1088 0.1113 0.1124 0.1125 0.1073 0.1118 0.1103 0.1139 0.1117 
         186  1 0.1103 0.1130 0.1117 0.1084 0.1134 0.1105 0.1107 0.1112 0.1107 
         187  1 0.1052 0.1164 0.1113 0.1094 0.1129 0.1123 0.1092 0.1115 0.1117 
         188  1 0.1080 0.1143 0.1114 0.1126 0.1091 0.1119 0.1069 0.1132 0.1126 
         189  1 0.1111 0.1119 0.1101 0.1109 0.1071 0.1091 0.1131 0.1158 0.1109 
         190  1 0.1080 0.1177 0.1076 0.1118 0.1100 0.1100 0.1111 0.1129 0.1110 
         191  1 0.1079 0.1155 0.1072 0.1120 0.1174 0.1136 0.1096 0.1107 0.1060 
         192  1 0.1154 0.1099 0.1124 0.1101 0.1094 0.1112 0.1125 0.1075 0.1116 
         193  1 0.1104 0.1073 0.1129 0.1149 0.1070 0.1090 0.1094 0.1164 0.1128 
         194  1 0.1112 0.1088 0.1114 0.1120 0.1109 0.1133 0.1129 0.1086 0.1108 
         195  1 0.1164 0.1076 0.1083 0.1105 0.1103 0.1108 0.1137 0.1123 0.1100 
         196  1 0.1092 0.1114 0.1106 0.1111 0.1148 0.1113 0.1097 0.1110 0.1110 
         197  1 0.1135 0.1116 0.1139 0.1133 0.1107 0.1095 0.1090 0.1059 0.1127 
         198  1 0.1060 0.1130 0.1084 0.1119 0.1209 0.1105 0.1074 0.1135 0.1084 
         199  1 0.1108 0.1074 0.1114 0.1148 0.1096 0.1149 0.1131 0.1077 0.1103 
         200  1 0.1169 0.1086 0.1125 0.1105 0.1059 0.1131 0.1143 0.1087 0.1094 
         201  1 0.1115 0.1074 0.1155 0.1119 0.1110 0.1083 0.1084 0.1117 0.1144 
         202  1 0.1097 0.1114 0.1126 0.1083 0.1141 0.1087 0.1101 0.1149 0.1103 
         203  1 0.1124 0.1137 0.1099 0.1112 0.1099 0.1133 0.1102 0.1090 0.1104 
         204  1 0.1117 0.1115 0.1102 0.1100 0.1118 0.1113 0.1129 0.1089 0.1118 
         205  1 0.1105 0.1096 0.1105 0.1106 0.1088 0.1131 0.1115 0.1148 0.1106 
         206  1 0.1118 0.1128 0.1071 0.1101 0.1122 0.1146 0.1128 0.1088 0.1098 
         207  1 0.1086 0.1135 0.1123 0.1100 0.1122 0.1098 0.1090 0.1122 0.1124 
         208  1 0.1134 0.1056 0.1104 0.1115 0.1114 0.1110 0.1152 0.1081 0.1133 
         209  1 0.1116 0.1142 0.1089 0.1111 0.1111 0.1091 0.1114 0.1115 0.1109 
         210  1 0.1151 0.1077 0.1134 0.1103 0.1078 0.1114 0.1145 0.1073 0.1126 
         211  1 0.1234 0.1042 0.1133 0.1133 0.1066 0.1133 0.1165 0.1022 0.1071 
         212  1 0.1089 0.1104 0.1139 0.1152 0.1103 0.1067 0.1075 0.1155 0.1115 
         213  1 0.1109 0.1121 0.1111 0.1091 0.1075 0.1126 0.1118 0.1135 0.1114 
         214  1 0.1167 0.1061 0.1166 0.1117 0.1048 0.1087 0.1133 0.1052 0.1167 
         215  1 0.1125 0.1107 0.1119 0.1085 0.1105 0.1111 0.1123 0.1091 0.1134 
         216  1 0.1093 0.1164 0.1102 0.1128 0.1127 0.1099 0.1065 0.1107 0.1115 
         217  1 0.1162 0.1128 0.1053 0.1105 0.1055 0.1132 0.1136 0.1113 0.1116 
         218  1 0.1068 0.1102 0.1079 0.1105 0.1182 0.1140 0.1102 0.1160 0.1062 
         219  1 0.1117 0.1060 0.1112 0.1119 0.1083 0.1109 0.1161 0.1129 0.1110 
         220  1 0.1108 0.1086 0.1089 0.1139 0.1080 0.1127 0.1145 0.1118 0.1107 
         221  1 0.1135 0.1080 0.1113 0.1138 0.1095 0.1104 0.1114 0.1096 0.1125 
         222  1 0.1086 0.1106 0.1120 0.1091 0.1139 0.1096 0.1102 0.1123 0.1137 
         223  1 0.1067 0.1146 0.1117 0.1091 0.1152 0.1095 0.1095 0.1123 0.1114 
         224  1 0.1090 0.1175 0.1113 0.1073 0.1131 0.1103 0.1113 0.1098 0.1105 
         225  1 0.1087 0.1115 0.1098 0.1107 0.1150 0.1113 0.1117 0.1105 0.1108 
         226  1 0.1099 0.1117 0.1121 0.1122 0.1094 0.1116 0.1114 0.1119 0.1097 
         227  1 0.1079 0.1078 0.1139 0.1129 0.1102 0.1118 0.1123 0.1111 0.1122 
         228  1 0.1121 0.1085 0.1121 0.1101 0.1129 0.1105 0.1096 0.1132 0.1111 
         229  1 0.1097 0.1120 0.1135 0.1091 0.1123 0.1086 0.1088 0.1103 0.1158 
         230  1 0.1137 0.1089 0.1129 0.1132 0.1084 0.1115 0.1096 0.1112 0.1106 
         231  1 0.1112 0.1150 0.1118 0.1104 0.1084 0.1081 0.1076 0.1128 0.1147 
         232  1 0.1101 0.1200 0.1091 0.1080 0.1113 0.1080 0.1101 0.1092 0.1142 
         233  1 0.1116 0.1087 0.1115 0.1121 0.1131 0.1094 0.1070 0.1132 0.1134 
         234  1 0.1101 0.1139 0.1103 0.1110 0.1112 0.1115 0.1102 0.1109 0.1109 
         235  1 0.1144 0.1131 0.1126 0.1108 0.1097 0.1089 0.1072 0.1112 0.1121 
         236  1 0.1143 0.1065 0.1144 0.1130 0.1072 0.1123 0.1142 0.1083 0.1100 
         237  1 0.1112 0.1113 0.1119 0.1104 0.1169 0.1075 0.1072 0.1125 0.1111 
         238  1 0.1134 0.1088 0.1139 0.1116 0.1080 0.1114 0.1113 0.1096 0.1121 
         239  1 0.1079 0.1163 0.1126 0.1068 0.1097 0.1098 0.1108 0.1147 0.1114 
         240  1 0.1094 0.1129 0.1091 0.1118 0.1122 0.1107 0.1139 0.1117 0.1083 
         241  1 0.1107 0.1195 0.1109 0.1079 0.1101 0.1099 0.1085 0.1110 0.1116 
         242  1 0.1087 0.1191 0.1108 0.1075 0.1129 0.1095 0.1116 0.1072 0.1128 
         243  1 0.1107 0.1098 0.1108 0.1133 0.1104 0.1107 0.1109 0.1121 0.1113 
         244  1 0.1112 0.1103 0.1120 0.1116 0.1073 0.1126 0.1117 0.1135 0.1099 
         245  1 0.1072 0.1196 0.1087 0.1090 0.1112 0.1110 0.1109 0.1125 0.1098 
         246  1 0.1090 0.1105 0.1108 0.1117 0.1064 0.1099 0.1115 0.1186 0.1116 
         247  1 0.1116 0.1050 0.1101 0.1139 0.1115 0.1127 0.1133 0.1109 0.1110 
         248  1 0.1105 0.1096 0.1135 0.1130 0.1083 0.1125 0.1102 0.1115 0.1110 
         249  1 0.1105 0.1112 0.1094 0.1098 0.1126 0.1091 0.1136 0.1134 0.1103 
         250  1 0.1084 0.1149 0.1096 0.1109 0.1163 0.1133 0.1091 0.1107 0.1069 
         251  1 0.1069 0.1093 0.1134 0.1127 0.1095 0.1113 0.1125 0.1142 0.1102 
         252  1 0.1137 0.1091 0.1093 0.1119 0.1117 0.1135 0.1123 0.1081 0.1105 
         253  1 0.1120 0.1077 0.1109 0.1122 0.1082 0.1131 0.1107 0.1128 0.1124 
         254  1 0.1088 0.1117 0.1098 0.1110 0.1163 0.1113 0.1092 0.1119 0.1101 
         255  1 0.1121 0.1083 0.1117 0.1086 0.1106 0.1122 0.1149 0.1123 0.1094 
         256  1 0.1094 0.1153 0.1116 0.1115 0.1111 0.1107 0.1093 0.1107 0.1104 
         257  1 0.1167 0.1076 0.1102 0.1127 0.1041 0.1129 0.1155 0.1112 0.1092 
         258  1 0.1145 0.1060 0.1134 0.1119 0.1081 0.1127 0.1132 0.1083 0.1117 
         259  1 0.1150 0.1070 0.1129 0.1128 0.1067 0.1156 0.1123 0.1080 0.1098 
         260  1 0.1115 0.1059 0.1120 0.1112 0.1079 0.1133 0.1143 0.1151 0.1089 
         261  1 0.1067 0.1271 0.1071 0.1063 0.1133 0.1065 0.1077 0.1153 0.1099 
         262  1 0.1148 0.1083 0.1091 0.1129 0.1132 0.1122 0.1137 0.1053 0.1104 
         263  1 0.1110 0.1154 0.1108 0.1126 0.1051 0.1099 0.1084 0.1138 0.1131 
         264  1 0.1121 0.1127 0.1093 0.1105 0.1110 0.1142 0.1109 0.1094 0.1098 
         265  1 0.1143 0.1106 0.1111 0.1092 0.1069 0.1115 0.1130 0.1129 0.1105 
         266  1 0.1082 0.1108 0.1104 0.1105 0.1104 0.1153 0.1109 0.1139 0.1095 
         267  1 0.1135 0.1092 0.1112 0.1106 0.1106 0.1105 0.1127 0.1108 0.1109 
         268  1 0.1113 0.1109 0.1094 0.1109 0.1123 0.1110 0.1126 0.1101 0.1116 
         269  1 0.1180 0.1124 0.1094 0.1088 0.1062 0.1122 0.1139 0.1063 0.1129 
         270  1 0.1093 0.1145 0.1072 0.1093 0.1136 0.1124 0.1114 0.1131 0.1092 
         271  1 0.1081 0.1141 0.1126 0.1124 0.1125 0.1125 0.1083 0.1114 0.1081 
         272  1 0.1152 0.1086 0.1101 0.1106 0.1093 0.1154 0.1128 0.1080 0.1101 
         273  1 0.1104 0.1100 0.1137 0.1119 0.1106 0.1073 0.1095 0.1147 0.1120 
         274  1 0.1133 0.1149 0.1078 0.1121 0.1081 0.1101 0.1122 0.1092 0.1123 
         275  1 0.1182 0.1055 0.1120 0.1111 0.1039 0.1145 0.1166 0.1079 0.1103 
         276  1 0.1066 0.1128 0.1082 0.1111 0.1141 0.1134 0.1088 0.1164 0.1086 
         277  1 0.1114 0.1107 0.1113 0.1110 0.1131 0.1111 0.1094 0.1104 0.1116 
         278  1 0.1137 0.1078 0.1110 0.1070 0.1096 0.1130 0.1160 0.1097 0.1122 
         279  1 0.1095 0.1100 0.1106 0.1127 0.1169 0.1104 0.1118 0.1079 0.1102 
         280  1 0.1110 0.1086 0.1124 0.1079 0.1152 0.1099 0.1116 0.1107 0.1127 
         281  1 0.1096 0.1126 0.1129 0.1126 0.1105 0.1072 0.1078 0.1135 0.1132 
         282  1 0.1090 0.1158 0.1133 0.1076 0.1115 0.1118 0.1094 0.1111 0.1106 
         283  1 0.1089 0.1144 0.1112 0.1101 0.1152 0.1116 0.1103 0.1118 0.1065 
         284  1 0.1083 0.1244 0.1072 0.1078 0.1081 0.1077 0.1105 0.1139 0.1123 
         285  1 0.1089 0.1123 0.1134 0.1093 0.1100 0.1069 0.1101 0.1157 0.1133 
         286  1 0.1122 0.1079 0.1103 0.1104 0.1137 0.1133 0.1145 0.1096 0.1081 
         287  1 0.1090 0.1133 0.1117 0.1108 0.1120 0.1092 0.1085 0.1144 0.1111 
         288  1 0.1103 0.1124 0.1119 0.1132 0.1095 0.1112 0.1096 0.1122 0.1098 
         289  1 0.1112 0.1129 0.1130 0.1099 0.1116 0.1073 0.1083 0.1091 0.1166 
         290  1 0.1084 0.1252 0.1081 0.1103 0.1141 0.1034 0.1074 0.1118 0.1113 
         291  1 0.1151 0.1104 0.1071 0.1102 0.1100 0.1101 0.1132 0.1109 0.1127 
         292  1 0.1116 0.1117 0.1100 0.1145 0.1091 0.1096 0.1095 0.1143 0.1097 
         293  1 0.1113 0.1138 0.1112 0.1104 0.1084 0.1083 0.1090 0.1145 0.1131 
         294  1 0.1078 0.1136 0.1131 0.1100 0.1122 0.1097 0.1095 0.1106 0.1135 
         295  1 0.1163 0.1099 0.1103 0.1105 0.1069 0.1106 0.1125 0.1099 0.1131 
         296  1 0.1103 0.1138 0.1119 0.1091 0.1136 0.1103 0.1098 0.1072 0.1141 
         297  1 0.1064 0.1141 0.1116 0.1135 0.1078 0.1113 0.1093 0.1152 0.1107 
         298  1 0.1138 0.1159 0.1109 0.1096 0.1086 0.1108 0.1106 0.1054 0.1145 
         299  1 0.1058 0.1127 0.1130 0.1157 0.1052 0.1122 0.1098 0.1164 0.1091 
         300  1 0.1139 0.1038 0.1099 0.1142 0.1090 0.1136 0.1170 0.1078 0.1107 
         301  1 0.1076 0.1114 0.1101 0.1105 0.1097 0.1130 0.1114 0.1140 0.1123 
         302  1 0.1114 0.1102 0.1129 0.1120 0.1085 0.1124 0.1110 0.1126 0.1091 
         303  1 0.1101 0.1129 0.1094 0.1113 0.1098 0.1153 0.1108 0.1125 0.1080 
         304  1 0.1083 0.1124 0.1073 0.1103 0.1188 0.1113 0.1129 0.1113 0.1073 
         305  1 0.1103 0.1111 0.1081 0.1105 0.1180 0.1121 0.1104 0.1104 0.1091 
         306  1 0.1118 0.1068 0.1104 0.1123 0.1105 0.1134 0.1134 0.1109 0.1105 
         307  1 0.1127 0.1072 0.1127 0.1128 0.1104 0.1095 0.1111 0.1101 0.1135 
         308  1 0.1154 0.1111 0.1138 0.1124 0.1090 0.1073 0.1100 0.1065 0.1144 
         309  1 0.1137 0.1094 0.1141 0.1097 0.1110 0.1093 0.1083 0.1140 0.1104 
         310  1 0.1111 0.1107 0.1123 0.1096 0.1130 0.1107 0.1122 0.1094 0.1110 
         311  1 0.1127 0.1088 0.1122 0.1104 0.1120 0.1098 0.1121 0.1127 0.1093 
         312  1 0.1091 0.1153 0.1083 0.1118 0.1171 0.1109 0.1089 0.1114 0.1071 
         313  1 0.1105 0.1070 0.1112 0.1128 0.1083 0.1116 0.1120 0.1149 0.1117 
         314  1 0.1111 0.1151 0.1101 0.1091 0.1062 0.1101 0.1122 0.1111 0.1150 
         315  1 0.1135 0.1088 0.1102 0.1111 0.1100 0.1128 0.1131 0.1096 0.1109 
         316  1 0.1113 0.1169 0.1087 0.1081 0.1073 0.1124 0.1117 0.1096 0.1140 
         317  1 0.1097 0.1191 0.1092 0.1084 0.1117 0.1064 0.1105 0.1119 0.1132 
         318  1 0.1115 0.1139 0.1096 0.1111 0.1069 0.1096 0.1103 0.1153 0.1118 
         319  1 0.1154 0.1055 0.1104 0.1105 0.1096 0.1116 0.1182 0.1087 0.1102 
         320  1 0.1120 0.1121 0.1112 0.1090 0.1112 0.1107 0.1099 0.1108 0.1131 
         321  1 0.1107 0.1074 0.1121 0.1107 0.1119 0.1114 0.1119 0.1129 0.1109 
         322  1 0.1097 0.1132 0.1124 0.1137 0.1099 0.1119 0.1061 0.1119 0.1114 
         323  1 0.1080 0.1177 0.1129 0.1072 0.1132 0.1091 0.1113 0.1096 0.1110 
         324  1 0.1146 0.1063 0.1099 0.1099 0.1077 0.1121 0.1162 0.1098 0.1135 
         325  1 0.1105 0.1163 0.1093 0.1086 0.1078 0.1101 0.1101 0.1139 0.1132 
         326  1 0.1163 0.1047 0.1100 0.1148 0.1091 0.1112 0.1142 0.1090 0.1108 
         327  1 0.1087 0.1135 0.1105 0.1088 0.1135 0.1116 0.1100 0.1123 0.1112 
         328  1 0.1127 0.1098 0.1123 0.1109 0.1101 0.1090 0.1102 0.1103 0.1147 
         329  1 0.1126 0.1150 0.1094 0.1123 0.1115 0.1122 0.1102 0.1068 0.1101 
         330  1 0.1095 0.1122 0.1103 0.1102 0.1129 0.1138 0.1116 0.1111 0.1084 
         331  1 0.1110 0.1107 0.1116 0.1099 0.1138 0.1095 0.1114 0.1107 0.1115 
         332  1 0.1136 0.1089 0.1120 0.1109 0.1089 0.1096 0.1124 0.1115 0.1123 
         333  1 0.1090 0.1124 0.1105 0.1074 0.1147 0.1114 0.1113 0.1111 0.1123 
         334  1 0.1157 0.1100 0.1126 0.1100 0.1092 0.1100 0.1099 0.1096 0.1131 
         335  1 0.1092 0.1147 0.1116 0.1092 0.1133 0.1076 0.1069 0.1147 0.1127 
         336  1 0.1046 0.1162 0.1123 0.1080 0.1159 0.1099 0.1101 0.1134 0.1096 
         337  1 0.1120 0.1077 0.1131 0.1130 0.1099 0.1104 0.1117 0.1096 0.1126 
         338  1 0.1117 0.1090 0.1120 0.1128 0.1085 0.1096 0.1122 0.1137 0.1104 
         339  1 0.1104 0.1152 0.1067 0.1102 0.1159 0.1117 0.1116 0.1087 0.1096 
         340  1 0.1122 0.1080 0.1104 0.1140 0.1122 0.1104 0.1145 0.1096 0.1086 
         341  1 0.1133 0.1093 0.1097 0.1108 0.1118 0.1119 0.1117 0.1128 0.1088 
         342  1 0.1086 0.1115 0.1091 0.1146 0.1117 0.1145 0.1083 0.1129 0.1087 
         343  1 0.1105 0.1090 0.1108 0.1105 0.1156 0.1119 0.1081 0.1133 0.1103 
         344  1 0.1138 0.1073 0.1125 0.1129 0.1085 0.1112 0.1144 0.1105 0.1090 
         345  1 0.1129 0.1084 0.1143 0.1134 0.1087 0.1094 0.1098 0.1118 0.1113 
         346  1 0.1106 0.1122 0.1107 0.1094 0.1134 0.1117 0.1092 0.1109 0.1119 
         347  1 0.1094 0.1106 0.1111 0.1114 0.1100 0.1114 0.1124 0.1133 0.1103 
         348  1 0.1121 0.1102 0.1097 0.1161 0.1129 0.1106 0.1108 0.1076 0.1101 
         349  1 0.1106 0.1096 0.1109 0.1124 0.1086 0.1097 0.1128 0.1169 0.1083 
         350  1 0.1077 0.1189 0.1106 0.1083 0.1161 0.1083 0.1093 0.1081 0.1127 
         351  1 0.1126 0.1054 0.1123 0.1108 0.1112 0.1117 0.1118 0.1135 0.1108 
         352  1 0.1070 0.1113 0.1131 0.1102 0.1162 0.1062 0.1063 0.1135 0.1162 
         353  1 0.1094 0.1126 0.1101 0.1154 0.1136 0.1092 0.1093 0.1099 0.1105 
         354  1 0.1076 0.1156 0.1106 0.1097 0.1118 0.1142 0.1081 0.1120 0.1103 
         355  1 0.1098 0.1160 0.1105 0.1101 0.1119 0.1109 0.1081 0.1127 0.1100 
         356  1 0.1119 0.1125 0.1123 0.1096 0.1130 0.1115 0.1086 0.1094 0.1112 
         357  1 0.1142 0.1073 0.1078 0.1114 0.1098 0.1151 0.1150 0.1078 0.1116 
         358  1 0.1098 0.1108 0.1095 0.1132 0.1146 0.1115 0.1099 0.1119 0.1088 
         359  1 0.1151 0.1065 0.1105 0.1116 0.1072 0.1125 0.1179 0.1074 0.1114 
         360  1 0.1096 0.1137 0.1121 0.1104 0.1126 0.1091 0.1081 0.1129 0.1115 
         361  1 0.1279 0.1081 0.1082 0.1118 0.0986 0.1124 0.1165 0.1053 0.1111 
         362  1 0.1146 0.1088 0.1094 0.1110 0.1080 0.1147 0.1120 0.1104 0.1111 
         363  1 0.1085 0.1121 0.1089 0.1108 0.1176 0.1128 0.1094 0.1118 0.1080 
         364  1 0.1097 0.1122 0.1080 0.1116 0.1098 0.1121 0.1110 0.1155 0.1099 
         365  1 0.1137 0.1056 0.1106 0.1127 0.1054 0.1134 0.1144 0.1116 0.1126 
         366  1 0.1102 0.1118 0.1108 0.1090 0.1146 0.1097 0.1110 0.1112 0.1116 
         367  1 0.1117 0.1150 0.1102 0.1096 0.1111 0.1082 0.1095 0.1124 0.1122 
         368  1 0.1115 0.1119 0.1164 0.1100 0.1126 0.1074 0.1066 0.1095 0.1140 
         369  1 0.1099 0.1113 0.1151 0.1122 0.1124 0.1103 0.1091 0.1103 0.1095 
         370  1 0.1073 0.1103 0.1127 0.1103 0.1134 0.1117 0.1086 0.1156 0.1102 
         371  1 0.1103 0.1112 0.1108 0.1111 0.1101 0.1096 0.1103 0.1146 0.1122 
         372  1 0.1086 0.1142 0.1117 0.1122 0.1127 0.1114 0.1098 0.1080 0.1114 
         373  1 0.1089 0.1174 0.1096 0.1100 0.1127 0.1098 0.1088 0.1083 0.1145 
         374  1 0.1147 0.1095 0.1112 0.1094 0.1065 0.1115 0.1120 0.1121 0.1131 
         375  1 0.1136 0.1129 0.1092 0.1089 0.1122 0.1100 0.1110 0.1092 0.1130 
         376  1 0.1116 0.1136 0.1108 0.1108 0.1099 0.1096 0.1107 0.1137 0.1092 
         377  1 0.1128 0.1082 0.1119 0.1123 0.1099 0.1119 0.1125 0.1101 0.1104 
         378  1 0.1080 0.1130 0.1088 0.1097 0.1195 0.1131 0.1111 0.1082 0.1087 
         379  1 0.1083 0.1129 0.1097 0.1142 0.1094 0.1086 0.1100 0.1186 0.1082 
         380  1 0.1064 0.1142 0.1121 0.1122 0.1119 0.1101 0.1064 0.1130 0.1138 
         381  1 0.1145 0.1059 0.1101 0.1131 0.1134 0.1110 0.1131 0.1082 0.1107 
         382  1 0.1094 0.1102 0.1116 0.1091 0.1064 0.1145 0.1143 0.1131 0.1115 
         383  1 0.1079 0.1113 0.1104 0.1109 0.1155 0.1123 0.1109 0.1132 0.1076 
         384  1 0.1121 0.1076 0.1107 0.1119 0.1119 0.1125 0.1112 0.1110 0.1111 
         385  1 0.1107 0.1069 0.1099 0.1107 0.1083 0.1126 0.1195 0.1119 0.1095 
         386  1 0.1055 0.1114 0.1131 0.1101 0.1131 0.1123 0.1118 0.1125 0.1102 
         387  1 0.1130 0.1063 0.1110 0.1113 0.1098 0.1123 0.1151 0.1105 0.1107 
         388  1 0.1074 0.1127 0.1109 0.1110 0.1117 0.1131 0.1085 0.1164 0.1083 
         389  1 0.1106 0.1105 0.1117 0.1123 0.1085 0.1145 0.1121 0.1114 0.1084 
         390  1 0.1143 0.1060 0.1124 0.1120 0.1065 0.1150 0.1182 0.1055 0.1100 
         391  1 0.1150 0.1054 0.1144 0.1110 0.1085 0.1115 0.1130 0.1103 0.1109 
         392  1 0.1107 0.1092 0.1142 0.1132 0.1099 0.1073 0.1110 0.1106 0.1138 
         393  1 0.1077 0.1152 0.1106 0.1097 0.1115 0.1102 0.1103 0.1135 0.1112 
         394  1 0.1108 0.1077 0.1075 0.1129 0.1137 0.1147 0.1115 0.1119 0.1093 
         395  1 0.1129 0.1112 0.1095 0.1121 0.1122 0.1100 0.1103 0.1110 0.1109 
         396  1 0.1104 0.1101 0.1108 0.1107 0.1098 0.1108 0.1110 0.1149 0.1115 
         397  1 0.1142 0.1070 0.1102 0.1108 0.1097 0.1121 0.1142 0.1106 0.1111 
         398  1 0.1143 0.1112 0.1121 0.1080 0.1111 0.1107 0.1103 0.1101 0.1123 
         399  1 0.1066 0.1197 0.1115 0.1116 0.1099 0.1090 0.1082 0.1114 0.1120 
         400  1 0.1119 0.1081 0.1111 0.1139 0.1130 0.1128 0.1110 0.1108 0.1074 
         401  1 0.1147 0.1130 0.1079 0.1104 0.1127 0.1089 0.1129 0.1074 0.1120 
         402  1 0.1137 0.1133 0.1114 0.1113 0.1103 0.1104 0.1081 0.1086 0.1128 
         403  1 0.1101 0.1163 0.1094 0.1104 0.1188 0.1089 0.1093 0.1085 0.1083 
         404  1 0.1064 0.1146 0.1100 0.1078 0.1164 0.1095 0.1101 0.1136 0.1115 
         405  1 0.1087 0.1112 0.1118 0.1120 0.1108 0.1092 0.1086 0.1153 0.1122 
         406  1 0.1095 0.1185 0.1082 0.1107 0.1124 0.1088 0.1125 0.1109 0.1086 
         407  1 0.1152 0.1059 0.1131 0.1121 0.1111 0.1104 0.1131 0.1092 0.1099 
         408  1 0.1095 0.1125 0.1084 0.1125 0.1074 0.1104 0.1105 0.1190 0.1098 
         409  1 0.1101 0.1101 0.1107 0.1121 0.1124 0.1114 0.1140 0.1118 0.1074 
         410  1 0.1132 0.1101 0.1072 0.1115 0.1126 0.1118 0.1119 0.1116 0.1101 
         411  1 0.1134 0.1093 0.1085 0.1122 0.1082 0.1090 0.1161 0.1089 0.1145 
         412  1 0.1088 0.1148 0.1137 0.1089 0.1143 0.1096 0.1116 0.1095 0.1090 
         413  1 0.1080 0.1107 0.1118 0.1172 0.1075 0.1112 0.1106 0.1127 0.1102 
         414  1 0.1091 0.1120 0.1116 0.1099 0.1097 0.1047 0.1078 0.1230 0.1122 
         415  1 0.1088 0.1114 0.1090 0.1102 0.1157 0.1126 0.1085 0.1127 0.1109 
         416  1 0.1088 0.1163 0.1106 0.1103 0.1178 0.1112 0.1080 0.1072 0.1098 
         417  1 0.1092 0.1118 0.1086 0.1125 0.1133 0.1109 0.1125 0.1115 0.1097 
         418  1 0.1100 0.1188 0.1080 0.1117 0.1137 0.1105 0.1108 0.1079 0.1088 
         419  1 0.1106 0.1116 0.1114 0.1114 0.1108 0.1100 0.1114 0.1139 0.1089 
         420  1 0.1081 0.1199 0.1073 0.1099 0.1137 0.1106 0.1078 0.1113 0.1116 
         421  1 0.1145 0.1073 0.1099 0.1116 0.1068 0.1146 0.1134 0.1092 0.1128 
         422  1 0.1134 0.1179 0.1075 0.1128 0.1103 0.1109 0.1110 0.1058 0.1104 
         423  1 0.1135 0.1083 0.1103 0.1121 0.1104 0.1146 0.1124 0.1074 0.1110 
         424  1 0.1046 0.1114 0.1141 0.1096 0.1148 0.1098 0.1080 0.1173 0.1104 
         425  1 0.1110 0.1109 0.1129 0.1113 0.1094 0.1080 0.1095 0.1156 0.1113 
         426  1 0.1133 0.1105 0.1105 0.1116 0.1105 0.1095 0.1129 0.1124 0.1087 
         427  1 0.1110 0.1138 0.1095 0.1111 0.1177 0.1092 0.1098 0.1085 0.1093 
         428  1 0.1079 0.1100 0.1154 0.1086 0.1131 0.1081 0.1106 0.1130 0.1133 
         429  1 0.1096 0.1120 0.1088 0.1109 0.1133 0.1112 0.1102 0.1138 0.1102 
         430  1 0.1107 0.1157 0.1108 0.1113 0.1146 0.1077 0.1068 0.1112 0.1113 
         431  1 0.1105 0.1114 0.1118 0.1110 0.1118 0.1086 0.1105 0.1129 0.1116 
         432  1 0.1121 0.1122 0.1134 0.1114 0.1108 0.1100 0.1070 0.1112 0.1120 
         433  1 0.1125 0.1127 0.1119 0.1093 0.1124 0.1097 0.1077 0.1124 0.1114 
         434  1 0.1078 0.1068 0.1112 0.1143 0.1041 0.1159 0.1128 0.1160 0.1111 
         435  1 0.1123 0.1149 0.1098 0.1109 0.1116 0.1069 0.1086 0.1137 0.1113 
         436  1 0.1109 0.1108 0.1086 0.1130 0.1180 0.1118 0.1102 0.1103 0.1063 
         437  1 0.1122 0.1102 0.1085 0.1130 0.1109 0.1141 0.1129 0.1095 0.1088 
         438  1 0.1113 0.1070 0.1112 0.1149 0.1112 0.1122 0.1121 0.1116 0.1084 
         439  1 0.1127 0.1126 0.1110 0.1106 0.1142 0.1100 0.1122 0.1080 0.1088 
         440  1 0.1097 0.1120 0.1110 0.1143 0.1106 0.1105 0.1112 0.1106 0.1100 
         441  1 0.1138 0.1114 0.1131 0.1098 0.1082 0.1120 0.1111 0.1087 0.1118 
         442  1 0.1124 0.1081 0.1126 0.1106 0.1110 0.1128 0.1116 0.1105 0.1104 
         443  1 0.1077 0.1214 0.1058 0.1108 0.1167 0.1091 0.1101 0.1104 0.1080 
         444  1 0.1144 0.1069 0.1122 0.1134 0.1094 0.1093 0.1125 0.1068 0.1150 
         445  1 0.1093 0.1105 0.1139 0.1137 0.1087 0.1093 0.1097 0.1147 0.1102 
         446  1 0.1106 0.1130 0.1113 0.1117 0.1170 0.1079 0.1087 0.1083 0.1115 
         447  1 0.1108 0.1101 0.1113 0.1092 0.1130 0.1107 0.1094 0.1141 0.1113 
         448  1 0.1095 0.1124 0.1091 0.1118 0.1125 0.1127 0.1106 0.1109 0.1104 
         449  1 0.1115 0.1095 0.1096 0.1137 0.1111 0.1108 0.1132 0.1098 0.1108 
         450  1 0.1102 0.1099 0.1106 0.1108 0.1129 0.1122 0.1089 0.1134 0.1112 
         451  1 0.1086 0.1108 0.1121 0.1122 0.1077 0.1107 0.1098 0.1165 0.1116 
         452  1 0.1099 0.1167 0.1083 0.1089 0.1133 0.1106 0.1108 0.1104 0.1112 
         453  1 0.1082 0.1152 0.1091 0.1092 0.1126 0.1105 0.1103 0.1129 0.1119 
         454  1 0.1074 0.1122 0.1092 0.1129 0.1156 0.1109 0.1101 0.1126 0.1092 
         455  1 0.1086 0.1144 0.1097 0.1127 0.1113 0.1111 0.1077 0.1119 0.1126 
         456  1 0.1084 0.1098 0.1116 0.1109 0.1141 0.1121 0.1106 0.1121 0.1104 
         457  1 0.1107 0.1132 0.1126 0.1059 0.1171 0.1089 0.1102 0.1102 0.1113 
         458  1 0.1080 0.1140 0.1101 0.1126 0.1124 0.1114 0.1094 0.1115 0.1107 
         459  1 0.1099 0.1146 0.1139 0.1108 0.1138 0.1077 0.1058 0.1096 0.1139 
         460  1 0.1123 0.1120 0.1105 0.1119 0.1085 0.1103 0.1106 0.1124 0.1113 
         461  1 0.1104 0.1136 0.1073 0.1122 0.1103 0.1074 0.1112 0.1102 0.1175 
         462  1 0.1091 0.1135 0.1113 0.1086 0.1101 0.1119 0.1111 0.1103 0.1140 
         463  1 0.1098 0.1123 0.1121 0.1102 0.1111 0.1110 0.1119 0.1113 0.1103 
         464  1 0.1093 0.1116 0.1118 0.1085 0.1121 0.1109 0.1130 0.1106 0.1122 
         465  1 0.1142 0.1133 0.1100 0.1099 0.1043 0.1128 0.1159 0.1092 0.1104 
         466  1 0.1098 0.1123 0.1124 0.1114 0.1108 0.1086 0.1087 0.1135 0.1126 
         467  1 0.1116 0.1076 0.1126 0.1096 0.1114 0.1080 0.1109 0.1155 0.1128 
         468  1 0.1103 0.1141 0.1116 0.1099 0.1131 0.1108 0.1086 0.1121 0.1093 
         469  1 0.1108 0.1062 0.1107 0.1113 0.1049 0.1145 0.1194 0.1106 0.1115 
         470  1 0.1123 0.1092 0.1140 0.1112 0.1120 0.1097 0.1113 0.1105 0.1099 
         471  1 0.1094 0.1129 0.1092 0.1112 0.1162 0.1140 0.1097 0.1106 0.1068 
         472  1 0.1093 0.1137 0.1110 0.1112 0.1131 0.1103 0.1081 0.1112 0.1122 
         473  1 0.1131 0.1075 0.1103 0.1084 0.1094 0.1139 0.1164 0.1102 0.1108 
         474  1 0.1083 0.1139 0.1090 0.1131 0.1091 0.1125 0.1101 0.1151 0.1088 
         475  1 0.1108 0.1115 0.1116 0.1114 0.1093 0.1133 0.1111 0.1115 0.1094 
         476  1 0.1133 0.1108 0.1113 0.1120 0.1063 0.1119 0.1131 0.1107 0.1107 
         477  1 0.1066 0.1211 0.1100 0.1055 0.1136 0.1094 0.1081 0.1128 0.1127 
         478  1 0.1087 0.1150 0.1106 0.1110 0.1078 0.1120 0.1106 0.1122 0.1121 
         479  1 0.1118 0.1086 0.1122 0.1119 0.1126 0.1107 0.1118 0.1095 0.1110 
         480  1 0.1097 0.1092 0.1102 0.1111 0.1138 0.1132 0.1137 0.1079 0.1112 
         481  1 0.1142 0.1109 0.1087 0.1111 0.1060 0.1130 0.1133 0.1085 0.1144 
         482  1 0.1086 0.1150 0.1101 0.1093 0.1139 0.1105 0.1088 0.1142 0.1095 
         483  1 0.1100 0.1100 0.1113 0.1105 0.1097 0.1104 0.1140 0.1116 0.1125 
         484  1 0.1115 0.1140 0.1111 0.1109 0.1117 0.1110 0.1119 0.1070 0.1108 
         485  1 0.1120 0.1103 0.1131 0.1123 0.1138 0.1105 0.1097 0.1070 0.1114 
         486  1 0.1091 0.1142 0.1123 0.1077 0.1141 0.1088 0.1089 0.1107 0.1141 
         487  1 0.1129 0.1080 0.1116 0.1134 0.1084 0.1125 0.1170 0.1049 0.1114 
         488  1 0.1134 0.1083 0.1092 0.1105 0.1102 0.1134 0.1123 0.1122 0.1105 
         489  1 0.1196 0.1040 0.1124 0.1103 0.1056 0.1121 0.1150 0.1080 0.1131 
         490  1 0.1116 0.1108 0.1110 0.1110 0.1104 0.1079 0.1119 0.1125 0.1130 
         491  1 0.1069 0.1155 0.1107 0.1123 0.1116 0.1107 0.1081 0.1126 0.1115 
         492  1 0.1138 0.1106 0.1110 0.1128 0.1109 0.1101 0.1108 0.1100 0.1100 
         493  1 0.1078 0.1119 0.1102 0.1118 0.1114 0.1100 0.1137 0.1159 0.1073 
         494  1 0.1109 0.1105 0.1097 0.1121 0.1157 0.1083 0.1098 0.1120 0.1110 
         495  1 0.1169 0.1050 0.1095 0.1120 0.1098 0.1140 0.1140 0.1075 0.1112 
         496  1 0.1116 0.1129 0.1111 0.1105 0.1107 0.1119 0.1108 0.1082 0.1123 
         497  1 0.1137 0.1071 0.1107 0.1131 0.1090 0.1118 0.1137 0.1096 0.1113 
         498  1 0.1111 0.1060 0.1120 0.1105 0.1106 0.1117 0.1123 0.1140 0.1119 
         499  1 0.1087 0.1079 0.1137 0.1125 0.1134 0.1127 0.1113 0.1111 0.1088 
         500  1 0.1103 0.1112 0.1112 0.1142 0.1150 0.1133 0.1086 0.1077 0.1085 
