           1  1 0.3167 0.3448 0.3386 
           2  1 0.3270 0.3421 0.3309 
           3  1 0.3326 0.3327 0.3347 
           4  1 0.3138 0.3487 0.3375 
           5  1 0.3329 0.3314 0.3357 
           6  1 0.3263 0.3432 0.3305 
           7  1 0.3236 0.3432 0.3332 
           8  1 0.3289 0.3415 0.3296 
           9  1 0.3368 0.3271 0.3361 
          10  1 0.3236 0.3364 0.3400 
          11  1 0.3433 0.3215 0.3352 
          12  1 0.3496 0.3174 0.3331 
          13  1 0.3395 0.3284 0.3320 
          14  1 0.3110 0.3518 0.3372 
          15  1 0.3225 0.3409 0.3365 
          16  1 0.3248 0.3398 0.3354 
          17  1 0.3439 0.3237 0.3324 
          18  1 0.3534 0.3170 0.3296 
          19  1 0.3308 0.3330 0.3361 
          20  1 0.3408 0.3253 0.3339 
          21  1 0.3362 0.3293 0.3345 
          22  1 0.3481 0.3218 0.3302 
          23  1 0.3332 0.3354 0.3315 
          24  1 0.3127 0.3498 0.3375 
          25  1 0.3149 0.3457 0.3394 
          26  1 0.3393 0.3275 0.3332 
          27  1 0.3313 0.3348 0.3339 
          28  1 0.3334 0.3293 0.3374 
          29  1 0.3308 0.3374 0.3317 
          30  1 0.3233 0.3397 0.3370 
          31  1 0.3411 0.3277 0.3312 
          32  1 0.3337 0.3283 0.3380 
          33  1 0.3535 0.3171 0.3294 
          34  1 0.3375 0.3252 0.3373 
          35  1 0.3377 0.3266 0.3358 
          36  1 0.3442 0.3252 0.3306 
          37  1 0.3376 0.3262 0.3362 
          38  1 0.3359 0.3317 0.3324 
          39  1 0.3277 0.3352 0.3372 
          40  1 0.3324 0.3341 0.3335 
          41  1 0.3500 0.3225 0.3275 
          42  1 0.3359 0.3282 0.3359 
          43  1 0.3342 0.3321 0.3336 
          44  1 0.3385 0.3288 0.3327 
          45  1 0.3371 0.3292 0.3337 
          46  1 0.3293 0.3395 0.3312 
          47  1 0.3331 0.3345 0.3324 
          48  1 0.3268 0.3397 0.3335 
          49  1 0.3476 0.3262 0.3262 
          50  1 0.3219 0.3441 0.3339 
          51  1 0.3376 0.3295 0.3329 
          52  1 0.3313 0.3297 0.3390 
          53  1 0.3304 0.3300 0.3397 
          54  1 0.3421 0.3285 0.3293 
          55  1 0.3457 0.3172 0.3370 
          56  1 0.3268 0.3428 0.3303 
          57  1 0.3526 0.3171 0.3303 
          58  1 0.3301 0.3345 0.3354 
          59  1 0.3213 0.3411 0.3376 
          60  1 0.3239 0.3350 0.3411 
          61  1 0.3219 0.3457 0.3324 
          62  1 0.3439 0.3273 0.3287 
          63  1 0.3347 0.3328 0.3325 
          64  1 0.3343 0.3254 0.3402 
          65  1 0.3383 0.3299 0.3318 
          66  1 0.3222 0.3441 0.3337 
          67  1 0.3341 0.3299 0.3359 
          68  1 0.3508 0.3197 0.3295 
          69  1 0.3424 0.3264 0.3312 
          70  1 0.3273 0.3347 0.3380 
          71  1 0.3330 0.3361 0.3309 
          72  1 0.3397 0.3312 0.3291 
          73  1 0.3285 0.3372 0.3343 
          74  1 0.3291 0.3388 0.3321 
          75  1 0.3278 0.3431 0.3291 
          76  1 0.3443 0.3241 0.3316 
          77  1 0.3415 0.3229 0.3356 
          78  1 0.3304 0.3358 0.3338 
          79  1 0.3267 0.3389 0.3345 
          80  1 0.3374 0.3285 0.3342 
          81  1 0.3528 0.3153 0.3319 
          82  1 0.3378 0.3326 0.3296 
          83  1 0.3397 0.3274 0.3329 
          84  1 0.3243 0.3432 0.3325 
          85  1 0.3190 0.3460 0.3351 
          86  1 0.3294 0.3378 0.3328 
          87  1 0.3400 0.3307 0.3293 
          88  1 0.3347 0.3305 0.3347 
          89  1 0.3345 0.3319 0.3335 
          90  1 0.3226 0.3385 0.3390 
          91  1 0.3497 0.3185 0.3318 
          92  1 0.3333 0.3336 0.3331 
          93  1 0.3432 0.3249 0.3319 
          94  1 0.3309 0.3362 0.3329 
          95  1 0.3269 0.3378 0.3352 
          96  1 0.3379 0.3297 0.3324 
          97  1 0.3462 0.3203 0.3335 
          98  1 0.3478 0.3167 0.3354 
          99  1 0.3297 0.3394 0.3309 
         100  1 0.3420 0.3258 0.3322 
         101  1 0.3403 0.3226 0.3372 
         102  1 0.3352 0.3276 0.3373 
         103  1 0.3477 0.3184 0.3338 
         104  1 0.3308 0.3334 0.3358 
         105  1 0.3442 0.3238 0.3321 
         106  1 0.3353 0.3311 0.3335 
         107  1 0.3227 0.3402 0.3372 
         108  1 0.3323 0.3358 0.3319 
         109  1 0.3080 0.3558 0.3362 
         110  1 0.3295 0.3365 0.3340 
         111  1 0.3146 0.3453 0.3401 
         112  1 0.3316 0.3302 0.3382 
         113  1 0.3352 0.3297 0.3351 
         114  1 0.3390 0.3291 0.3319 
         115  1 0.3472 0.3259 0.3268 
         116  1 0.3468 0.3211 0.3321 
         117  1 0.3388 0.3231 0.3380 
         118  1 0.3336 0.3301 0.3362 
         119  1 0.3412 0.3255 0.3333 
         120  1 0.3207 0.3422 0.3371 
         121  1 0.3269 0.3385 0.3346 
         122  1 0.3334 0.3345 0.3321 
         123  1 0.3220 0.3402 0.3379 
         124  1 0.3259 0.3388 0.3352 
         125  1 0.3188 0.3490 0.3322 
         126  1 0.3103 0.3523 0.3373 
         127  1 0.3296 0.3379 0.3325 
         128  1 0.3482 0.3261 0.3258 
         129  1 0.3311 0.3342 0.3346 
         130  1 0.3293 0.3387 0.3320 
         131  1 0.3288 0.3339 0.3374 
         132  1 0.3216 0.3449 0.3335 
         133  1 0.3312 0.3336 0.3353 
         134  1 0.3234 0.3476 0.3291 
         135  1 0.3251 0.3368 0.3382 
         136  1 0.3434 0.3253 0.3313 
         137  1 0.3277 0.3358 0.3365 
         138  1 0.3290 0.3369 0.3341 
         139  1 0.3354 0.3328 0.3318 
         140  1 0.3473 0.3261 0.3266 
         141  1 0.3184 0.3510 0.3306 
         142  1 0.3301 0.3309 0.3390 
         143  1 0.3202 0.3441 0.3357 
         144  1 0.3252 0.3377 0.3371 
         145  1 0.3475 0.3205 0.3320 
         146  1 0.3346 0.3307 0.3347 
         147  1 0.3442 0.3278 0.3280 
         148  1 0.3249 0.3383 0.3367 
         149  1 0.3201 0.3454 0.3345 
         150  1 0.3295 0.3314 0.3390 
         151  1 0.3465 0.3243 0.3292 
         152  1 0.3194 0.3472 0.3334 
         153  1 0.3368 0.3327 0.3305 
         154  1 0.3262 0.3345 0.3393 
         155  1 0.3489 0.3223 0.3288 
         156  1 0.3450 0.3215 0.3335 
         157  1 0.3180 0.3510 0.3310 
         158  1 0.3293 0.3366 0.3341 
         159  1 0.3200 0.3493 0.3307 
         160  1 0.3384 0.3311 0.3305 
         161  1 0.3388 0.3295 0.3317 
         162  1 0.3474 0.3224 0.3302 
         163  1 0.3317 0.3367 0.3316 
         164  1 0.3325 0.3369 0.3306 
         165  1 0.3399 0.3309 0.3291 
         166  1 0.3444 0.3199 0.3357 
         167  1 0.3367 0.3319 0.3314 
         168  1 0.3367 0.3276 0.3357 
         169  1 0.3379 0.3301 0.3320 
         170  1 0.3477 0.3229 0.3293 
         171  1 0.3280 0.3433 0.3287 
         172  1 0.3310 0.3388 0.3301 
         173  1 0.3251 0.3376 0.3372 
         174  1 0.3265 0.3453 0.3282 
         175  1 0.3389 0.3298 0.3313 
         176  1 0.3316 0.3315 0.3369 
         177  1 0.3402 0.3319 0.3279 
         178  1 0.3408 0.3268 0.3323 
         179  1 0.3305 0.3330 0.3364 
         180  1 0.3339 0.3352 0.3309 
         181  1 0.3482 0.3209 0.3309 
         182  1 0.3532 0.3186 0.3283 
         183  1 0.3314 0.3347 0.3339 
         184  1 0.3444 0.3252 0.3305 
         185  1 0.3472 0.3208 0.3320 
         186  1 0.3354 0.3327 0.3319 
         187  1 0.3336 0.3327 0.3337 
         188  1 0.3478 0.3232 0.3290 
         189  1 0.3387 0.3295 0.3318 
         190  1 0.3369 0.3279 0.3352 
         191  1 0.3270 0.3404 0.3325 
         192  1 0.3187 0.3442 0.3370 
         193  1 0.3346 0.3286 0.3368 
         194  1 0.3377 0.3281 0.3343 
         195  1 0.3294 0.3360 0.3346 
         196  1 0.3502 0.3203 0.3295 
         197  1 0.3297 0.3362 0.3340 
         198  1 0.3387 0.3281 0.3332 
         199  1 0.3275 0.3371 0.3354 
         200  1 0.3254 0.3429 0.3317 
         201  1 0.3396 0.3252 0.3352 
         202  1 0.3370 0.3302 0.3329 
         203  1 0.3329 0.3338 0.3333 
         204  1 0.3206 0.3443 0.3351 
         205  1 0.3456 0.3262 0.3283 
         206  1 0.3356 0.3317 0.3327 
         207  1 0.3299 0.3363 0.3338 
         208  1 0.3281 0.3352 0.3367 
         209  1 0.3298 0.3337 0.3365 
         210  1 0.3148 0.3481 0.3371 
         211  1 0.3176 0.3533 0.3291 
         212  1 0.3533 0.3161 0.3306 
         213  1 0.3251 0.3412 0.3336 
         214  1 0.3118 0.3511 0.3371 
         215  1 0.3199 0.3473 0.3328 
         216  1 0.3425 0.3189 0.3386 
         217  1 0.3210 0.3460 0.3331 
         218  1 0.3246 0.3434 0.3319 
         219  1 0.3305 0.3347 0.3348 
         220  1 0.3134 0.3486 0.3380 
         221  1 0.3307 0.3340 0.3353 
         222  1 0.3383 0.3339 0.3278 
         223  1 0.3212 0.3440 0.3349 
         224  1 0.3280 0.3346 0.3374 
         225  1 0.3337 0.3357 0.3305 
         226  1 0.3328 0.3318 0.3354 
         227  1 0.3217 0.3381 0.3402 
         228  1 0.3344 0.3293 0.3364 
         229  1 0.3478 0.3209 0.3314 
         230  1 0.3361 0.3314 0.3324 
         231  1 0.3453 0.3258 0.3289 
         232  1 0.3326 0.3300 0.3375 
         233  1 0.3341 0.3294 0.3365 
         234  1 0.3440 0.3238 0.3322 
         235  1 0.3521 0.3206 0.3273 
         236  1 0.3234 0.3473 0.3293 
         237  1 0.3448 0.3219 0.3333 
         238  1 0.3306 0.3348 0.3346 
         239  1 0.3400 0.3278 0.3322 
         240  1 0.3361 0.3358 0.3281 
         241  1 0.3429 0.3213 0.3358 
         242  1 0.3267 0.3343 0.3390 
         243  1 0.3288 0.3356 0.3356 
         244  1 0.3430 0.3309 0.3261 
         245  1 0.3307 0.3315 0.3378 
         246  1 0.3327 0.3368 0.3305 
         247  1 0.3366 0.3358 0.3276 
         248  1 0.3455 0.3206 0.3339 
         249  1 0.3330 0.3343 0.3327 
         250  1 0.3440 0.3251 0.3309 
         251  1 0.3498 0.3257 0.3245 
         252  1 0.3364 0.3348 0.3288 
         253  1 0.3239 0.3351 0.3410 
         254  1 0.3375 0.3305 0.3320 
         255  1 0.3252 0.3405 0.3343 
         256  1 0.3314 0.3293 0.3392 
         257  1 0.3392 0.3341 0.3267 
         258  1 0.3246 0.3358 0.3396 
         259  1 0.3293 0.3353 0.3354 
         260  1 0.3285 0.3389 0.3325 
         261  1 0.3275 0.3326 0.3399 
         262  1 0.3204 0.3477 0.3319 
         263  1 0.3423 0.3243 0.3334 
         264  1 0.3315 0.3355 0.3329 
         265  1 0.3321 0.3317 0.3362 
         266  1 0.3408 0.3295 0.3298 
         267  1 0.3250 0.3387 0.3364 
         268  1 0.3238 0.3444 0.3317 
         269  1 0.3183 0.3487 0.3329 
         270  1 0.3352 0.3359 0.3289 
         271  1 0.3489 0.3198 0.3313 
         272  1 0.3407 0.3311 0.3282 
         273  1 0.3507 0.3179 0.3314 
         274  1 0.3359 0.3273 0.3367 
         275  1 0.3281 0.3407 0.3312 
         276  1 0.3320 0.3416 0.3264 
         277  1 0.3371 0.3285 0.3344 
         278  1 0.3193 0.3460 0.3348 
         279  1 0.3329 0.3344 0.3327 
         280  1 0.3249 0.3366 0.3385 
         281  1 0.3585 0.3112 0.3303 
         282  1 0.3429 0.3226 0.3346 
         283  1 0.3267 0.3384 0.3349 
         284  1 0.3363 0.3258 0.3379 
         285  1 0.3422 0.3237 0.3341 
         286  1 0.3228 0.3415 0.3357 
         287  1 0.3531 0.3210 0.3259 
         288  1 0.3478 0.3235 0.3287 
         289  1 0.3385 0.3292 0.3323 
         290  1 0.3354 0.3241 0.3405 
         291  1 0.3216 0.3416 0.3368 
         292  1 0.3412 0.3282 0.3306 
         293  1 0.3421 0.3239 0.3340 
         294  1 0.3414 0.3268 0.3318 
         295  1 0.3231 0.3378 0.3391 
         296  1 0.3236 0.3373 0.3390 
         297  1 0.3407 0.3260 0.3332 
         298  1 0.3261 0.3335 0.3404 
         299  1 0.3426 0.3288 0.3286 
         300  1 0.3250 0.3492 0.3258 
         301  1 0.3438 0.3267 0.3295 
         302  1 0.3337 0.3329 0.3334 
         303  1 0.3275 0.3360 0.3366 
         304  1 0.3255 0.3389 0.3356 
         305  1 0.3326 0.3343 0.3331 
         306  1 0.3296 0.3395 0.3309 
         307  1 0.3333 0.3320 0.3347 
         308  1 0.3282 0.3343 0.3376 
         309  1 0.3549 0.3169 0.3282 
         310  1 0.3357 0.3331 0.3312 
         311  1 0.3298 0.3411 0.3291 
         312  1 0.3277 0.3341 0.3382 
         313  1 0.3363 0.3323 0.3314 
         314  1 0.3238 0.3344 0.3418 
         315  1 0.3233 0.3412 0.3355 
         316  1 0.3270 0.3389 0.3341 
         317  1 0.3253 0.3339 0.3407 
         318  1 0.3443 0.3208 0.3349 
         319  1 0.3186 0.3502 0.3312 
         320  1 0.3307 0.3330 0.3363 
         321  1 0.3326 0.3358 0.3316 
         322  1 0.3575 0.3172 0.3253 
         323  1 0.3180 0.3389 0.3431 
         324  1 0.3200 0.3460 0.3339 
         325  1 0.3381 0.3238 0.3381 
         326  1 0.3248 0.3440 0.3312 
         327  1 0.3382 0.3286 0.3331 
         328  1 0.3375 0.3275 0.3350 
         329  1 0.3356 0.3293 0.3352 
         330  1 0.3461 0.3257 0.3282 
         331  1 0.3294 0.3317 0.3389 
         332  1 0.3272 0.3403 0.3325 
         333  1 0.3302 0.3407 0.3291 
         334  1 0.3260 0.3404 0.3336 
         335  1 0.3428 0.3224 0.3348 
         336  1 0.3280 0.3400 0.3320 
         337  1 0.3308 0.3358 0.3334 
         338  1 0.3355 0.3306 0.3339 
         339  1 0.3365 0.3309 0.3326 
         340  1 0.3258 0.3407 0.3335 
         341  1 0.3344 0.3366 0.3290 
         342  1 0.3379 0.3294 0.3327 
         343  1 0.3487 0.3222 0.3291 
         344  1 0.3322 0.3310 0.3368 
         345  1 0.3285 0.3317 0.3398 
         346  1 0.3306 0.3362 0.3332 
         347  1 0.3286 0.3384 0.3330 
         348  1 0.3342 0.3301 0.3357 
         349  1 0.3334 0.3370 0.3296 
         350  1 0.3179 0.3420 0.3401 
         351  1 0.3392 0.3304 0.3305 
         352  1 0.3353 0.3279 0.3368 
         353  1 0.3361 0.3256 0.3383 
         354  1 0.3382 0.3285 0.3333 
         355  1 0.3428 0.3284 0.3288 
         356  1 0.3320 0.3344 0.3336 
         357  1 0.3106 0.3557 0.3337 
         358  1 0.3293 0.3391 0.3316 
         359  1 0.3093 0.3603 0.3304 
         360  1 0.3482 0.3186 0.3332 
         361  1 0.3254 0.3445 0.3301 
         362  1 0.3245 0.3434 0.3321 
         363  1 0.3442 0.3285 0.3274 
         364  1 0.3436 0.3240 0.3324 
         365  1 0.3296 0.3421 0.3283 
         366  1 0.3333 0.3314 0.3353 
         367  1 0.3334 0.3293 0.3373 
         368  1 0.3449 0.3203 0.3349 
         369  1 0.3353 0.3319 0.3327 
         370  1 0.3400 0.3298 0.3302 
         371  1 0.3331 0.3336 0.3333 
         372  1 0.3314 0.3322 0.3364 
         373  1 0.3296 0.3344 0.3359 
         374  1 0.3238 0.3381 0.3381 
         375  1 0.3192 0.3431 0.3377 
         376  1 0.3417 0.3258 0.3325 
         377  1 0.3338 0.3288 0.3374 
         378  1 0.3330 0.3349 0.3321 
         379  1 0.3443 0.3261 0.3296 
         380  1 0.3482 0.3200 0.3319 
         381  1 0.3336 0.3349 0.3314 
         382  1 0.3294 0.3393 0.3314 
         383  1 0.3266 0.3384 0.3350 
         384  1 0.3397 0.3279 0.3324 
         385  1 0.3264 0.3461 0.3275 
         386  1 0.3294 0.3404 0.3301 
         387  1 0.3236 0.3461 0.3302 
         388  1 0.3557 0.3179 0.3263 
         389  1 0.3366 0.3315 0.3318 
         390  1 0.3072 0.3589 0.3339 
         391  1 0.3312 0.3399 0.3289 
         392  1 0.3316 0.3339 0.3345 
         393  1 0.3424 0.3252 0.3324 
         394  1 0.3322 0.3376 0.3302 
         395  1 0.3295 0.3355 0.3351 
         396  1 0.3417 0.3275 0.3307 
         397  1 0.3295 0.3374 0.3330 
         398  1 0.3328 0.3346 0.3326 
         399  1 0.3365 0.3261 0.3373 
         400  1 0.3389 0.3301 0.3310 
         401  1 0.3159 0.3427 0.3414 
         402  1 0.3366 0.3279 0.3355 
         403  1 0.3380 0.3259 0.3361 
         404  1 0.3337 0.3363 0.3300 
         405  1 0.3288 0.3310 0.3402 
         406  1 0.3185 0.3463 0.3352 
         407  1 0.3274 0.3392 0.3334 
         408  1 0.3370 0.3317 0.3313 
         409  1 0.3325 0.3374 0.3301 
         410  1 0.3313 0.3369 0.3318 
         411  1 0.3239 0.3405 0.3355 
         412  1 0.3285 0.3361 0.3354 
         413  1 0.3384 0.3301 0.3314 
         414  1 0.3528 0.3183 0.3289 
         415  1 0.3356 0.3315 0.3328 
         416  1 0.3327 0.3337 0.3336 
         417  1 0.3335 0.3332 0.3334 
         418  1 0.3292 0.3304 0.3404 
         419  1 0.3392 0.3260 0.3347 
         420  1 0.3268 0.3343 0.3389 
         421  1 0.3140 0.3460 0.3400 
         422  1 0.3268 0.3393 0.3339 
         423  1 0.3330 0.3321 0.3349 
         424  1 0.3371 0.3306 0.3323 
         425  1 0.3552 0.3154 0.3294 
         426  1 0.3293 0.3336 0.3371 
         427  1 0.3384 0.3286 0.3330 
         428  1 0.3347 0.3305 0.3348 
         429  1 0.3450 0.3262 0.3289 
         430  1 0.3424 0.3222 0.3353 
         431  1 0.3366 0.3294 0.3340 
         432  1 0.3453 0.3236 0.3311 
         433  1 0.3507 0.3221 0.3272 
         434  1 0.3279 0.3423 0.3298 
         435  1 0.3367 0.3271 0.3363 
         436  1 0.3295 0.3403 0.3302 
         437  1 0.3291 0.3370 0.3339 
         438  1 0.3305 0.3361 0.3334 
         439  1 0.3348 0.3310 0.3342 
         440  1 0.3425 0.3239 0.3335 
         441  1 0.3402 0.3320 0.3278 
         442  1 0.3346 0.3340 0.3313 
         443  1 0.3258 0.3404 0.3338 
         444  1 0.3365 0.3274 0.3362 
         445  1 0.3373 0.3320 0.3307 
         446  1 0.3306 0.3340 0.3354 
         447  1 0.3460 0.3236 0.3304 
         448  1 0.3379 0.3280 0.3341 
         449  1 0.3346 0.3301 0.3354 
         450  1 0.3466 0.3211 0.3322 
         451  1 0.3486 0.3252 0.3263 
         452  1 0.3267 0.3418 0.3315 
         453  1 0.3192 0.3418 0.3390 
         454  1 0.3406 0.3263 0.3331 
         455  1 0.3467 0.3244 0.3290 
         456  1 0.3566 0.3170 0.3264 
         457  1 0.3268 0.3395 0.3337 
         458  1 0.3385 0.3290 0.3325 
         459  1 0.3480 0.3173 0.3347 
         460  1 0.3435 0.3277 0.3288 
         461  1 0.3417 0.3265 0.3318 
         462  1 0.3232 0.3429 0.3339 
         463  1 0.3308 0.3345 0.3346 
         464  1 0.3272 0.3421 0.3307 
         465  1 0.3209 0.3468 0.3323 
         466  1 0.3283 0.3343 0.3374 
         467  1 0.3321 0.3321 0.3358 
         468  1 0.3440 0.3250 0.3310 
         469  1 0.3231 0.3449 0.3319 
         470  1 0.3484 0.3201 0.3315 
         471  1 0.3433 0.3259 0.3309 
         472  1 0.3390 0.3250 0.3360 
         473  1 0.3241 0.3446 0.3313 
         474  1 0.3341 0.3349 0.3310 
         475  1 0.3322 0.3305 0.3373 
         476  1 0.3216 0.3414 0.3369 
         477  1 0.3252 0.3364 0.3385 
         478  1 0.3428 0.3209 0.3363 
         479  1 0.3454 0.3225 0.3321 
         480  1 0.3253 0.3392 0.3355 
         481  1 0.3374 0.3295 0.3331 
         482  1 0.3430 0.3261 0.3309 
         483  1 0.3179 0.3419 0.3401 
         484  1 0.3219 0.3408 0.3373 
         485  1 0.3384 0.3329 0.3287 
         486  1 0.3323 0.3325 0.3352 
         487  1 0.3060 0.3641 0.3299 
         488  1 0.3288 0.3437 0.3274 
         489  1 0.3160 0.3524 0.3317 
         490  1 0.3348 0.3296 0.3356 
         491  1 0.3415 0.3290 0.3296 
         492  1 0.3444 0.3275 0.3282 
         493  1 0.3422 0.3329 0.3249 
         494  1 0.3389 0.3257 0.3353 
         495  1 0.3132 0.3486 0.3383 
         496  1 0.3260 0.3401 0.3339 
         497  1 0.3411 0.3302 0.3287 
         498  1 0.3400 0.3343 0.3257 
         499  1 0.3282 0.3407 0.3311 
         500  1 0.3498 0.3212 0.3290 
         501  1 0.3151 0.3519 0.3330 
         502  1 0.3242 0.3379 0.3379 
         503  1 0.3266 0.3402 0.3332 
         504  1 0.3326 0.3342 0.3332 
         505  1 0.3233 0.3464 0.3303 
         506  1 0.3235 0.3438 0.3327 
         507  1 0.3305 0.3414 0.3280 
         508  1 0.3337 0.3323 0.3340 
         509  1 0.3276 0.3390 0.3334 
         510  1 0.3466 0.3204 0.3330 
         511  1 0.3307 0.3350 0.3344 
         512  1 0.3243 0.3405 0.3352 
         513  1 0.3422 0.3270 0.3308 
         514  1 0.3513 0.3202 0.3285 
         515  1 0.3349 0.3340 0.3311 
         516  1 0.3369 0.3317 0.3313 
         517  1 0.3486 0.3232 0.3282 
         518  1 0.3293 0.3361 0.3347 
         519  1 0.3332 0.3361 0.3307 
         520  1 0.3228 0.3456 0.3317 
         521  1 0.3107 0.3513 0.3380 
         522  1 0.3251 0.3373 0.3375 
         523  1 0.3360 0.3293 0.3348 
         524  1 0.3243 0.3450 0.3307 
         525  1 0.3255 0.3395 0.3350 
         526  1 0.3225 0.3413 0.3362 
         527  1 0.3258 0.3397 0.3346 
         528  1 0.3314 0.3359 0.3327 
         529  1 0.3318 0.3329 0.3353 
         530  1 0.3352 0.3266 0.3382 
         531  1 0.3462 0.3285 0.3253 
         532  1 0.3340 0.3286 0.3374 
         533  1 0.3287 0.3372 0.3341 
         534  1 0.3391 0.3251 0.3358 
         535  1 0.3359 0.3294 0.3347 
         536  1 0.3398 0.3229 0.3373 
         537  1 0.3343 0.3365 0.3292 
         538  1 0.3346 0.3330 0.3325 
         539  1 0.3370 0.3311 0.3319 
         540  1 0.3229 0.3416 0.3355 
         541  1 0.3429 0.3245 0.3325 
         542  1 0.3254 0.3361 0.3386 
         543  1 0.3104 0.3430 0.3466 
         544  1 0.3275 0.3409 0.3316 
         545  1 0.3235 0.3419 0.3346 
         546  1 0.3296 0.3363 0.3341 
         547  1 0.3266 0.3370 0.3363 
         548  1 0.3396 0.3281 0.3323 
         549  1 0.3361 0.3322 0.3317 
         550  1 0.3419 0.3277 0.3305 
         551  1 0.3241 0.3381 0.3378 
         552  1 0.3286 0.3372 0.3341 
         553  1 0.3269 0.3458 0.3273 
         554  1 0.3438 0.3221 0.3342 
         555  1 0.3356 0.3296 0.3348 
         556  1 0.3443 0.3285 0.3272 
         557  1 0.3350 0.3343 0.3306 
         558  1 0.3232 0.3407 0.3360 
         559  1 0.3276 0.3337 0.3386 
         560  1 0.3305 0.3342 0.3353 
         561  1 0.3468 0.3245 0.3287 
         562  1 0.3403 0.3306 0.3291 
         563  1 0.3380 0.3326 0.3295 
         564  1 0.3326 0.3281 0.3394 
         565  1 0.3343 0.3337 0.3320 
         566  1 0.3539 0.3170 0.3291 
         567  1 0.3403 0.3218 0.3379 
         568  1 0.3208 0.3417 0.3375 
         569  1 0.3470 0.3255 0.3275 
         570  1 0.3217 0.3507 0.3276 
         571  1 0.3514 0.3154 0.3332 
         572  1 0.3435 0.3226 0.3339 
         573  1 0.3279 0.3382 0.3339 
         574  1 0.3322 0.3350 0.3328 
         575  1 0.3380 0.3307 0.3313 
         576  1 0.3313 0.3348 0.3338 
         577  1 0.3346 0.3381 0.3273 
         578  1 0.3322 0.3303 0.3375 
         579  1 0.3263 0.3381 0.3356 
         580  1 0.3551 0.3167 0.3282 
         581  1 0.3318 0.3372 0.3310 
         582  1 0.3460 0.3291 0.3249 
         583  1 0.3525 0.3184 0.3291 
         584  1 0.3316 0.3366 0.3318 
         585  1 0.3543 0.3146 0.3311 
         586  1 0.3332 0.3346 0.3322 
         587  1 0.3450 0.3232 0.3317 
         588  1 0.3286 0.3378 0.3336 
         589  1 0.3405 0.3239 0.3356 
         590  1 0.3395 0.3274 0.3331 
         591  1 0.3365 0.3253 0.3382 
         592  1 0.3540 0.3190 0.3269 
         593  1 0.3355 0.3295 0.3350 
         594  1 0.3315 0.3349 0.3336 
         595  1 0.3419 0.3259 0.3322 
         596  1 0.3282 0.3465 0.3253 
         597  1 0.3273 0.3393 0.3334 
         598  1 0.3635 0.3121 0.3244 
         599  1 0.3204 0.3387 0.3409 
         600  1 0.3390 0.3287 0.3323 
         601  1 0.3247 0.3401 0.3353 
         602  1 0.3336 0.3319 0.3346 
         603  1 0.3396 0.3298 0.3306 
         604  1 0.3246 0.3377 0.3377 
         605  1 0.3206 0.3386 0.3408 
         606  1 0.3434 0.3268 0.3298 
         607  1 0.3174 0.3503 0.3323 
         608  1 0.3262 0.3358 0.3379 
         609  1 0.3316 0.3337 0.3347 
         610  1 0.3348 0.3333 0.3319 
         611  1 0.3271 0.3429 0.3300 
         612  1 0.3380 0.3296 0.3324 
         613  1 0.3445 0.3220 0.3335 
         614  1 0.3288 0.3354 0.3358 
         615  1 0.3456 0.3243 0.3301 
         616  1 0.3419 0.3288 0.3293 
         617  1 0.3336 0.3332 0.3332 
         618  1 0.3317 0.3342 0.3340 
         619  1 0.3228 0.3391 0.3380 
         620  1 0.3266 0.3331 0.3403 
         621  1 0.3240 0.3410 0.3350 
         622  1 0.3291 0.3389 0.3320 
         623  1 0.3432 0.3238 0.3330 
         624  1 0.3211 0.3425 0.3365 
         625  1 0.3383 0.3226 0.3391 
         626  1 0.3383 0.3278 0.3339 
         627  1 0.3302 0.3375 0.3323 
         628  1 0.3228 0.3397 0.3375 
         629  1 0.3316 0.3382 0.3302 
         630  1 0.3330 0.3395 0.3274 
         631  1 0.3378 0.3361 0.3262 
         632  1 0.3523 0.3189 0.3288 
         633  1 0.3420 0.3288 0.3292 
         634  1 0.3337 0.3332 0.3331 
         635  1 0.3223 0.3477 0.3300 
         636  1 0.3323 0.3341 0.3336 
         637  1 0.3473 0.3216 0.3311 
         638  1 0.3440 0.3284 0.3277 
         639  1 0.3392 0.3304 0.3304 
         640  1 0.3312 0.3349 0.3339 
         641  1 0.3287 0.3319 0.3394 
         642  1 0.3321 0.3332 0.3346 
         643  1 0.3464 0.3212 0.3323 
         644  1 0.3300 0.3343 0.3357 
         645  1 0.3249 0.3416 0.3335 
         646  1 0.3296 0.3422 0.3283 
         647  1 0.3239 0.3347 0.3413 
         648  1 0.3351 0.3303 0.3346 
         649  1 0.3260 0.3380 0.3360 
         650  1 0.3305 0.3359 0.3336 
         651  1 0.3418 0.3278 0.3304 
         652  1 0.3259 0.3342 0.3399 
         653  1 0.3321 0.3359 0.3319 
         654  1 0.3384 0.3291 0.3325 
         655  1 0.3436 0.3238 0.3326 
         656  1 0.3317 0.3370 0.3314 
         657  1 0.3271 0.3326 0.3403 
         658  1 0.3342 0.3344 0.3314 
         659  1 0.3392 0.3270 0.3338 
         660  1 0.3342 0.3328 0.3330 
         661  1 0.3378 0.3256 0.3365 
         662  1 0.3253 0.3371 0.3376 
         663  1 0.3357 0.3351 0.3293 
         664  1 0.3488 0.3236 0.3276 
         665  1 0.3357 0.3304 0.3339 
         666  1 0.3154 0.3452 0.3394 
         667  1 0.3348 0.3328 0.3324 
         668  1 0.3329 0.3338 0.3332 
         669  1 0.3296 0.3378 0.3326 
         670  1 0.3353 0.3326 0.3321 
         671  1 0.3153 0.3498 0.3349 
         672  1 0.3367 0.3288 0.3345 
         673  1 0.3403 0.3310 0.3287 
         674  1 0.3393 0.3243 0.3363 
         675  1 0.3270 0.3390 0.3341 
         676  1 0.3367 0.3324 0.3309 
         677  1 0.3429 0.3242 0.3329 
         678  1 0.3404 0.3273 0.3323 
         679  1 0.3297 0.3347 0.3356 
         680  1 0.3184 0.3455 0.3361 
         681  1 0.3316 0.3313 0.3372 
         682  1 0.3378 0.3342 0.3280 
         683  1 0.3418 0.3232 0.3350 
         684  1 0.3376 0.3310 0.3313 
         685  1 0.3432 0.3216 0.3351 
         686  1 0.3438 0.3225 0.3337 
         687  1 0.3374 0.3296 0.3329 
         688  1 0.3498 0.3201 0.3301 
         689  1 0.3410 0.3283 0.3306 
         690  1 0.3367 0.3339 0.3293 
         691  1 0.3427 0.3249 0.3324 
         692  1 0.3293 0.3321 0.3386 
         693  1 0.3299 0.3360 0.3341 
         694  1 0.3382 0.3282 0.3336 
         695  1 0.3186 0.3436 0.3378 
         696  1 0.3369 0.3313 0.3318 
         697  1 0.3185 0.3475 0.3340 
         698  1 0.3287 0.3352 0.3361 
         699  1 0.3190 0.3439 0.3371 
         700  1 0.3365 0.3274 0.3362 
         701  1 0.3330 0.3352 0.3318 
         702  1 0.3204 0.3473 0.3323 
         703  1 0.3328 0.3358 0.3314 
         704  1 0.3412 0.3219 0.3369 
         705  1 0.3473 0.3198 0.3329 
         706  1 0.3393 0.3252 0.3355 
         707  1 0.3488 0.3223 0.3289 
         708  1 0.3259 0.3371 0.3370 
         709  1 0.3298 0.3386 0.3317 
         710  1 0.3349 0.3320 0.3331 
         711  1 0.3354 0.3296 0.3350 
         712  1 0.3336 0.3352 0.3312 
         713  1 0.3399 0.3304 0.3297 
         714  1 0.3261 0.3451 0.3288 
         715  1 0.3404 0.3252 0.3344 
         716  1 0.3414 0.3269 0.3317 
         717  1 0.3233 0.3401 0.3366 
         718  1 0.3217 0.3455 0.3328 
         719  1 0.3422 0.3232 0.3346 
         720  1 0.3446 0.3228 0.3326 
         721  1 0.3078 0.3598 0.3324 
         722  1 0.3332 0.3351 0.3317 
         723  1 0.3174 0.3455 0.3371 
         724  1 0.3213 0.3382 0.3404 
         725  1 0.3186 0.3461 0.3353 
         726  1 0.3433 0.3210 0.3357 
         727  1 0.3318 0.3336 0.3346 
         728  1 0.3294 0.3391 0.3316 
         729  1 0.3448 0.3243 0.3309 
         730  1 0.3399 0.3317 0.3285 
         731  1 0.3256 0.3402 0.3342 
         732  1 0.3435 0.3281 0.3285 
         733  1 0.3458 0.3295 0.3247 
         734  1 0.3511 0.3218 0.3271 
         735  1 0.3370 0.3332 0.3298 
         736  1 0.3377 0.3268 0.3355 
         737  1 0.3419 0.3297 0.3284 
         738  1 0.3245 0.3466 0.3290 
         739  1 0.3399 0.3290 0.3311 
         740  1 0.3133 0.3488 0.3379 
         741  1 0.3270 0.3397 0.3333 
         742  1 0.3288 0.3350 0.3361 
         743  1 0.3324 0.3303 0.3373 
         744  1 0.3372 0.3311 0.3317 
         745  1 0.3358 0.3356 0.3286 
         746  1 0.3399 0.3285 0.3317 
         747  1 0.3520 0.3212 0.3268 
         748  1 0.3335 0.3336 0.3329 
         749  1 0.3244 0.3379 0.3377 
         750  1 0.3401 0.3254 0.3345 
         751  1 0.3196 0.3439 0.3365 
         752  1 0.3307 0.3368 0.3324 
         753  1 0.3217 0.3409 0.3375 
         754  1 0.3219 0.3484 0.3297 
         755  1 0.3254 0.3358 0.3388 
         756  1 0.3350 0.3311 0.3338 
         757  1 0.3432 0.3271 0.3297 
         758  1 0.3399 0.3240 0.3361 
         759  1 0.3345 0.3331 0.3324 
         760  1 0.3405 0.3271 0.3323 
         761  1 0.3447 0.3241 0.3312 
         762  1 0.3238 0.3416 0.3345 
         763  1 0.3297 0.3323 0.3380 
         764  1 0.3407 0.3293 0.3301 
         765  1 0.3315 0.3396 0.3288 
         766  1 0.3353 0.3273 0.3373 
         767  1 0.3297 0.3396 0.3307 
         768  1 0.3364 0.3317 0.3319 
         769  1 0.3186 0.3489 0.3325 
         770  1 0.3430 0.3241 0.3330 
         771  1 0.3291 0.3365 0.3344 
         772  1 0.3480 0.3161 0.3359 
         773  1 0.3348 0.3308 0.3344 
         774  1 0.3293 0.3320 0.3387 
         775  1 0.3486 0.3252 0.3262 
         776  1 0.3205 0.3449 0.3346 
         777  1 0.3378 0.3273 0.3349 
         778  1 0.3420 0.3222 0.3357 
         779  1 0.3416 0.3229 0.3355 
         780  1 0.3229 0.3410 0.3362 
         781  1 0.3468 0.3233 0.3299 
         782  1 0.3334 0.3302 0.3364 
         783  1 0.3346 0.3344 0.3311 
         784  1 0.3338 0.3338 0.3324 
         785  1 0.3444 0.3215 0.3342 
         786  1 0.3358 0.3337 0.3305 
         787  1 0.3423 0.3285 0.3292 
         788  1 0.3167 0.3480 0.3353 
         789  1 0.3278 0.3365 0.3357 
         790  1 0.3234 0.3429 0.3338 
         791  1 0.3368 0.3312 0.3320 
         792  1 0.3358 0.3325 0.3318 
         793  1 0.3297 0.3343 0.3360 
         794  1 0.3415 0.3211 0.3375 
         795  1 0.3238 0.3377 0.3385 
         796  1 0.3397 0.3266 0.3337 
         797  1 0.3205 0.3457 0.3337 
         798  1 0.3202 0.3440 0.3358 
         799  1 0.3226 0.3434 0.3340 
         800  1 0.3411 0.3283 0.3306 
         801  1 0.3438 0.3199 0.3363 
         802  1 0.3246 0.3373 0.3381 
         803  1 0.3462 0.3238 0.3300 
         804  1 0.3420 0.3238 0.3343 
         805  1 0.3218 0.3400 0.3382 
         806  1 0.3293 0.3362 0.3345 
         807  1 0.3299 0.3297 0.3404 
         808  1 0.3338 0.3368 0.3294 
         809  1 0.3339 0.3314 0.3347 
         810  1 0.3376 0.3282 0.3341 
         811  1 0.3488 0.3242 0.3270 
         812  1 0.3416 0.3238 0.3347 
         813  1 0.3526 0.3165 0.3309 
         814  1 0.3504 0.3182 0.3315 
         815  1 0.3303 0.3313 0.3384 
         816  1 0.3352 0.3310 0.3338 
         817  1 0.3281 0.3371 0.3348 
         818  1 0.3219 0.3353 0.3427 
         819  1 0.3160 0.3427 0.3412 
         820  1 0.3429 0.3242 0.3329 
         821  1 0.3337 0.3323 0.3339 
         822  1 0.3358 0.3312 0.3329 
         823  1 0.3446 0.3199 0.3355 
         824  1 0.3330 0.3338 0.3332 
         825  1 0.3319 0.3306 0.3376 
         826  1 0.3135 0.3496 0.3369 
         827  1 0.3401 0.3237 0.3362 
         828  1 0.3257 0.3366 0.3376 
         829  1 0.3465 0.3221 0.3314 
         830  1 0.3225 0.3379 0.3396 
         831  1 0.3461 0.3249 0.3290 
         832  1 0.3375 0.3304 0.3321 
         833  1 0.3367 0.3313 0.3320 
         834  1 0.3481 0.3218 0.3301 
         835  1 0.3328 0.3368 0.3304 
         836  1 0.3502 0.3207 0.3291 
         837  1 0.3442 0.3260 0.3298 
         838  1 0.3436 0.3255 0.3309 
         839  1 0.3322 0.3324 0.3354 
         840  1 0.3405 0.3290 0.3306 
         841  1 0.3466 0.3219 0.3316 
         842  1 0.3373 0.3378 0.3249 
         843  1 0.3462 0.3206 0.3332 
         844  1 0.3345 0.3317 0.3338 
         845  1 0.3493 0.3200 0.3308 
         846  1 0.3352 0.3311 0.3337 
         847  1 0.3247 0.3463 0.3290 
         848  1 0.3191 0.3435 0.3374 
         849  1 0.3175 0.3515 0.3309 
         850  1 0.3394 0.3285 0.3321 
         851  1 0.3382 0.3295 0.3323 
         852  1 0.3239 0.3440 0.3321 
         853  1 0.3194 0.3437 0.3369 
         854  1 0.3261 0.3393 0.3346 
         855  1 0.3326 0.3373 0.3302 
         856  1 0.3410 0.3276 0.3314 
         857  1 0.3370 0.3296 0.3335 
         858  1 0.3297 0.3352 0.3351 
         859  1 0.3349 0.3361 0.3290 
         860  1 0.3210 0.3414 0.3376 
         861  1 0.3370 0.3314 0.3316 
         862  1 0.3046 0.3615 0.3339 
         863  1 0.3399 0.3279 0.3322 
         864  1 0.3338 0.3350 0.3311 
         865  1 0.3528 0.3183 0.3289 
         866  1 0.3269 0.3413 0.3318 
         867  1 0.3293 0.3323 0.3385 
         868  1 0.3379 0.3277 0.3343 
         869  1 0.3357 0.3331 0.3313 
         870  1 0.3415 0.3267 0.3318 
         871  1 0.3381 0.3345 0.3274 
         872  1 0.3303 0.3369 0.3328 
         873  1 0.3384 0.3252 0.3364 
         874  1 0.3218 0.3409 0.3373 
         875  1 0.3260 0.3376 0.3364 
         876  1 0.3313 0.3337 0.3350 
         877  1 0.3336 0.3362 0.3301 
         878  1 0.3327 0.3329 0.3344 
         879  1 0.3228 0.3376 0.3396 
         880  1 0.3370 0.3289 0.3341 
         881  1 0.3337 0.3306 0.3356 
         882  1 0.3202 0.3439 0.3358 
         883  1 0.3303 0.3305 0.3392 
         884  1 0.3291 0.3373 0.3336 
         885  1 0.3400 0.3274 0.3326 
         886  1 0.3013 0.3576 0.3411 
         887  1 0.3232 0.3404 0.3364 
         888  1 0.3402 0.3298 0.3300 
         889  1 0.3253 0.3388 0.3360 
         890  1 0.3474 0.3229 0.3297 
         891  1 0.3479 0.3214 0.3307 
         892  1 0.3355 0.3303 0.3342 
         893  1 0.3373 0.3277 0.3351 
         894  1 0.3129 0.3523 0.3349 
         895  1 0.3397 0.3266 0.3337 
         896  1 0.3534 0.3197 0.3269 
         897  1 0.3331 0.3383 0.3286 
         898  1 0.3231 0.3411 0.3358 
         899  1 0.3359 0.3293 0.3348 
         900  1 0.3473 0.3218 0.3309 
         901  1 0.3537 0.3173 0.3290 
         902  1 0.3172 0.3493 0.3335 
         903  1 0.3222 0.3456 0.3322 
         904  1 0.3430 0.3282 0.3287 
         905  1 0.3178 0.3404 0.3417 
         906  1 0.3275 0.3381 0.3343 
         907  1 0.3235 0.3372 0.3394 
         908  1 0.3363 0.3301 0.3336 
         909  1 0.3332 0.3290 0.3378 
         910  1 0.3350 0.3373 0.3277 
         911  1 0.3278 0.3330 0.3392 
         912  1 0.3310 0.3383 0.3306 
         913  1 0.3286 0.3426 0.3288 
         914  1 0.3215 0.3413 0.3372 
         915  1 0.3358 0.3338 0.3304 
         916  1 0.3499 0.3183 0.3318 
         917  1 0.3370 0.3303 0.3326 
         918  1 0.3266 0.3384 0.3350 
         919  1 0.3088 0.3546 0.3366 
         920  1 0.3406 0.3266 0.3328 
         921  1 0.3240 0.3372 0.3387 
         922  1 0.3336 0.3357 0.3307 
         923  1 0.3382 0.3293 0.3325 
         924  1 0.3465 0.3241 0.3294 
         925  1 0.3186 0.3489 0.3325 
         926  1 0.3281 0.3380 0.3339 
         927  1 0.3412 0.3270 0.3318 
         928  1 0.3346 0.3278 0.3376 
         929  1 0.3289 0.3364 0.3347 
         930  1 0.3502 0.3202 0.3296 
         931  1 0.3411 0.3226 0.3363 
         932  1 0.3481 0.3249 0.3270 
         933  1 0.3275 0.3355 0.3369 
         934  1 0.3296 0.3334 0.3369 
         935  1 0.3402 0.3220 0.3378 
         936  1 0.3277 0.3385 0.3338 
         937  1 0.3182 0.3448 0.3371 
         938  1 0.3272 0.3354 0.3375 
         939  1 0.3399 0.3240 0.3361 
         940  1 0.3226 0.3452 0.3321 
         941  1 0.3395 0.3322 0.3283 
         942  1 0.3340 0.3321 0.3339 
         943  1 0.3355 0.3345 0.3300 
         944  1 0.3325 0.3360 0.3315 
         945  1 0.3477 0.3208 0.3315 
         946  1 0.3171 0.3453 0.3376 
         947  1 0.3281 0.3408 0.3310 
         948  1 0.3409 0.3324 0.3267 
         949  1 0.3345 0.3287 0.3368 
         950  1 0.3261 0.3456 0.3284 
         951  1 0.3352 0.3347 0.3302 
         952  1 0.3380 0.3289 0.3331 
         953  1 0.3302 0.3343 0.3355 
         954  1 0.3498 0.3185 0.3317 
         955  1 0.3337 0.3326 0.3337 
         956  1 0.3347 0.3317 0.3337 
         957  1 0.3547 0.3208 0.3245 
         958  1 0.3433 0.3283 0.3284 
         959  1 0.3103 0.3554 0.3343 
         960  1 0.3331 0.3329 0.3341 
         961  1 0.3165 0.3439 0.3396 
         962  1 0.3313 0.3342 0.3345 
         963  1 0.3211 0.3449 0.3340 
         964  1 0.3237 0.3407 0.3356 
         965  1 0.3293 0.3375 0.3332 
         966  1 0.3344 0.3339 0.3317 
         967  1 0.3230 0.3421 0.3350 
         968  1 0.3331 0.3327 0.3342 
         969  1 0.3114 0.3525 0.3362 
         970  1 0.3479 0.3228 0.3294 
         971  1 0.3425 0.3262 0.3313 
         972  1 0.3329 0.3338 0.3332 
         973  1 0.3409 0.3226 0.3365 
         974  1 0.3263 0.3423 0.3314 
         975  1 0.3117 0.3494 0.3389 
         976  1 0.3376 0.3261 0.3364 
         977  1 0.3448 0.3233 0.3320 
         978  1 0.3244 0.3367 0.3389 
         979  1 0.3434 0.3263 0.3303 
         980  1 0.3285 0.3338 0.3377 
         981  1 0.3228 0.3412 0.3360 
         982  1 0.3433 0.3232 0.3335 
         983  1 0.3345 0.3304 0.3352 
         984  1 0.3408 0.3227 0.3365 
         985  1 0.3289 0.3405 0.3306 
         986  1 0.3446 0.3208 0.3346 
         987  1 0.3466 0.3264 0.3270 
         988  1 0.3226 0.3391 0.3382 
         989  1 0.3424 0.3307 0.3269 
         990  1 0.3307 0.3322 0.3371 
         991  1 0.3373 0.3296 0.3331 
         992  1 0.3425 0.3248 0.3327 
         993  1 0.3325 0.3363 0.3312 
         994  1 0.3368 0.3283 0.3349 
         995  1 0.3277 0.3393 0.3330 
         996  1 0.3365 0.3300 0.3335 
         997  1 0.3427 0.3224 0.3349 
         998  1 0.3350 0.3384 0.3267 
         999  1 0.3247 0.3417 0.3335 
        1000  1 0.3277 0.3418 0.3306 
        1001  1 0.3391 0.3299 0.3310 
        1002  1 0.3332 0.3333 0.3334 
        1003  1 0.3430 0.3272 0.3298 
        1004  1 0.3325 0.3328 0.3347 
        1005  1 0.3301 0.3367 0.3332 
        1006  1 0.3222 0.3455 0.3324 
        1007  1 0.3447 0.3229 0.3323 
        1008  1 0.3449 0.3198 0.3354 
        1009  1 0.3294 0.3369 0.3336 
        1010  1 0.3403 0.3230 0.3367 
        1011  1 0.3241 0.3333 0.3426 
        1012  1 0.3270 0.3381 0.3348 
        1013  1 0.3303 0.3403 0.3294 
        1014  1 0.3357 0.3357 0.3286 
        1015  1 0.3158 0.3491 0.3352 
        1016  1 0.3375 0.3284 0.3341 
        1017  1 0.3248 0.3395 0.3357 
        1018  1 0.3506 0.3192 0.3303 
        1019  1 0.3545 0.3189 0.3266 
        1020  1 0.3356 0.3290 0.3355 
        1021  1 0.3439 0.3253 0.3308 
        1022  1 0.3460 0.3238 0.3302 
        1023  1 0.3259 0.3409 0.3333 
        1024  1 0.3220 0.3422 0.3358 
        1025  1 0.3290 0.3307 0.3403 
        1026  1 0.3489 0.3257 0.3254 
        1027  1 0.3389 0.3246 0.3365 
        1028  1 0.3466 0.3209 0.3325 
        1029  1 0.3392 0.3279 0.3329 
        1030  1 0.3404 0.3287 0.3309 
        1031  1 0.3252 0.3400 0.3348 
        1032  1 0.3275 0.3372 0.3353 
        1033  1 0.3290 0.3347 0.3363 
        1034  1 0.3168 0.3474 0.3358 
        1035  1 0.3166 0.3451 0.3384 
        1036  1 0.3465 0.3223 0.3311 
        1037  1 0.3312 0.3371 0.3317 
        1038  1 0.3433 0.3285 0.3282 
        1039  1 0.3350 0.3342 0.3307 
        1040  1 0.3107 0.3524 0.3369 
        1041  1 0.3223 0.3445 0.3332 
        1042  1 0.3248 0.3386 0.3366 
        1043  1 0.3379 0.3300 0.3321 
        1044  1 0.3467 0.3225 0.3309 
        1045  1 0.3313 0.3344 0.3343 
        1046  1 0.3150 0.3519 0.3331 
        1047  1 0.3319 0.3332 0.3349 
        1048  1 0.3173 0.3422 0.3405 
        1049  1 0.3513 0.3168 0.3319 
        1050  1 0.3350 0.3325 0.3325 
        1051  1 0.3426 0.3251 0.3323 
        1052  1 0.3323 0.3345 0.3332 
