           1  1 0.1246 0.1266 0.1209 0.1238 0.1265 0.1251 0.1275 0.1250 
           2  1 0.1210 0.1308 0.1251 0.1265 0.1191 0.1345 0.1131 0.1299 
           3  1 0.1257 0.1329 0.1267 0.1186 0.1255 0.1210 0.1236 0.1261 
           4  1 0.1276 0.1365 0.1223 0.1206 0.1231 0.1181 0.1240 0.1278 
           5  1 0.1289 0.1291 0.1203 0.1227 0.1246 0.1253 0.1209 0.1281 
           6  1 0.1258 0.1274 0.1140 0.1239 0.1237 0.1327 0.1267 0.1257 
           7  1 0.1298 0.1275 0.1191 0.1206 0.1216 0.1233 0.1327 0.1254 
           8  1 0.1246 0.1257 0.1208 0.1214 0.1271 0.1202 0.1346 0.1257 
           9  1 0.1213 0.1238 0.1286 0.1275 0.1249 0.1254 0.1231 0.1255 
          10  1 0.1306 0.1238 0.1197 0.1248 0.1248 0.1224 0.1248 0.1292 
          11  1 0.1207 0.1137 0.1304 0.1323 0.1303 0.1235 0.1283 0.1208 
          12  1 0.1211 0.1186 0.1302 0.1266 0.1262 0.1272 0.1261 0.1240 
          13  1 0.1250 0.1220 0.1262 0.1220 0.1258 0.1292 0.1273 0.1226 
          14  1 0.1192 0.1316 0.1229 0.1269 0.1312 0.1248 0.1197 0.1236 
          15  1 0.1286 0.1298 0.1221 0.1198 0.1262 0.1292 0.1217 0.1227 
          16  1 0.1254 0.1180 0.1277 0.1318 0.1267 0.1255 0.1303 0.1147 
          17  1 0.1254 0.1211 0.1281 0.1241 0.1265 0.1299 0.1240 0.1208 
          18  1 0.1224 0.1169 0.1276 0.1250 0.1310 0.1244 0.1282 0.1245 
          19  1 0.1274 0.1290 0.1248 0.1212 0.1241 0.1254 0.1195 0.1285 
          20  1 0.1272 0.1218 0.1149 0.1295 0.1344 0.1251 0.1262 0.1208 
          21  1 0.1221 0.1275 0.1262 0.1221 0.1234 0.1234 0.1262 0.1291 
          22  1 0.1180 0.1230 0.1237 0.1293 0.1261 0.1303 0.1268 0.1230 
          23  1 0.1199 0.1301 0.1231 0.1216 0.1269 0.1326 0.1211 0.1245 
          24  1 0.1338 0.1344 0.1166 0.1191 0.1266 0.1264 0.1216 0.1214 
          25  1 0.1250 0.1285 0.1307 0.1231 0.1259 0.1223 0.1177 0.1268 
          26  1 0.1289 0.1161 0.1251 0.1248 0.1268 0.1265 0.1294 0.1224 
          27  1 0.1249 0.1341 0.1205 0.1215 0.1200 0.1209 0.1269 0.1312 
          28  1 0.1221 0.1300 0.1315 0.1240 0.1250 0.1235 0.1171 0.1268 
          29  1 0.1237 0.1263 0.1283 0.1212 0.1262 0.1257 0.1242 0.1244 
          30  1 0.1236 0.1263 0.1270 0.1235 0.1234 0.1227 0.1270 0.1266 
          31  1 0.1213 0.1227 0.1265 0.1255 0.1257 0.1264 0.1289 0.1231 
          32  1 0.1269 0.1254 0.1245 0.1281 0.1245 0.1193 0.1258 0.1256 
          33  1 0.1252 0.1197 0.1252 0.1277 0.1259 0.1232 0.1272 0.1259 
          34  1 0.1269 0.1174 0.1237 0.1305 0.1305 0.1220 0.1267 0.1221 
          35  1 0.1254 0.1314 0.1226 0.1243 0.1196 0.1224 0.1260 0.1282 
          36  1 0.1264 0.1330 0.1240 0.1219 0.1213 0.1268 0.1188 0.1279 
          37  1 0.1297 0.1266 0.1318 0.1232 0.1248 0.1202 0.1190 0.1248 
          38  1 0.1199 0.1216 0.1324 0.1315 0.1201 0.1247 0.1230 0.1269 
          39  1 0.1271 0.1331 0.1313 0.1255 0.1216 0.1143 0.1212 0.1258 
          40  1 0.1225 0.1259 0.1211 0.1223 0.1182 0.1301 0.1336 0.1263 
          41  1 0.1271 0.1140 0.1257 0.1277 0.1265 0.1279 0.1259 0.1252 
          42  1 0.1197 0.1223 0.1295 0.1313 0.1230 0.1215 0.1279 0.1247 
          43  1 0.1303 0.1327 0.1209 0.1225 0.1234 0.1236 0.1234 0.1232 
          44  1 0.1262 0.1234 0.1193 0.1220 0.1262 0.1273 0.1318 0.1237 
          45  1 0.1182 0.1168 0.1222 0.1298 0.1310 0.1307 0.1298 0.1214 
          46  1 0.1218 0.1307 0.1235 0.1231 0.1251 0.1214 0.1252 0.1293 
          47  1 0.1286 0.1265 0.1242 0.1155 0.1248 0.1228 0.1285 0.1292 
          48  1 0.1275 0.1308 0.1282 0.1204 0.1226 0.1261 0.1205 0.1240 
          49  1 0.1234 0.1204 0.1280 0.1271 0.1277 0.1240 0.1275 0.1221 
          50  1 0.1140 0.1208 0.1227 0.1268 0.1305 0.1359 0.1233 0.1260 
          51  1 0.1333 0.1148 0.1243 0.1277 0.1253 0.1234 0.1236 0.1275 
          52  1 0.1283 0.1170 0.1246 0.1314 0.1253 0.1253 0.1218 0.1262 
          53  1 0.1337 0.1172 0.1225 0.1253 0.1255 0.1303 0.1223 0.1231 
          54  1 0.1270 0.1191 0.1297 0.1314 0.1297 0.1248 0.1190 0.1193 
          55  1 0.1204 0.1132 0.1334 0.1286 0.1270 0.1184 0.1322 0.1267 
          56  1 0.1203 0.1212 0.1304 0.1312 0.1250 0.1266 0.1329 0.1125 
          57  1 0.1276 0.1170 0.1304 0.1304 0.1234 0.1209 0.1271 0.1232 
          58  1 0.1350 0.1190 0.1241 0.1260 0.1280 0.1206 0.1225 0.1248 
          59  1 0.1241 0.1179 0.1204 0.1278 0.1294 0.1335 0.1266 0.1203 
          60  1 0.1202 0.1238 0.1293 0.1224 0.1318 0.1236 0.1248 0.1242 
          61  1 0.1216 0.1320 0.1219 0.1200 0.1285 0.1204 0.1253 0.1303 
          62  1 0.1289 0.1238 0.1304 0.1277 0.1196 0.1180 0.1306 0.1210 
          63  1 0.1222 0.1296 0.1280 0.1226 0.1175 0.1241 0.1261 0.1299 
          64  1 0.1281 0.1150 0.1334 0.1296 0.1244 0.1222 0.1250 0.1223 
          65  1 0.1205 0.1239 0.1253 0.1221 0.1335 0.1259 0.1228 0.1260 
          66  1 0.1282 0.1533 0.1184 0.1158 0.1146 0.1215 0.1170 0.1311 
          67  1 0.1246 0.1263 0.1261 0.1278 0.1253 0.1255 0.1167 0.1277 
          68  1 0.1228 0.1234 0.1308 0.1217 0.1242 0.1270 0.1254 0.1246 
          69  1 0.1175 0.1246 0.1276 0.1282 0.1210 0.1299 0.1264 0.1249 
          70  1 0.1348 0.1173 0.1300 0.1239 0.1291 0.1196 0.1205 0.1247 
          71  1 0.1182 0.1171 0.1219 0.1259 0.1278 0.1421 0.1203 0.1266 
          72  1 0.1311 0.1235 0.1205 0.1248 0.1251 0.1236 0.1243 0.1271 
          73  1 0.1243 0.1263 0.1269 0.1268 0.1242 0.1187 0.1251 0.1278 
          74  1 0.1325 0.1198 0.1179 0.1187 0.1271 0.1279 0.1340 0.1222 
          75  1 0.1189 0.1298 0.1257 0.1266 0.1200 0.1201 0.1293 0.1295 
          76  1 0.1220 0.1304 0.1248 0.1232 0.1196 0.1256 0.1250 0.1295 
          77  1 0.1198 0.1234 0.1282 0.1260 0.1250 0.1242 0.1236 0.1298 
          78  1 0.1209 0.1262 0.1268 0.1359 0.1244 0.1189 0.1232 0.1237 
          79  1 0.1222 0.1282 0.1230 0.1223 0.1297 0.1283 0.1217 0.1244 
          80  1 0.1276 0.1294 0.1241 0.1252 0.1186 0.1278 0.1189 0.1283 
          81  1 0.1221 0.1196 0.1306 0.1313 0.1216 0.1239 0.1263 0.1245 
          82  1 0.1224 0.1253 0.1215 0.1234 0.1215 0.1309 0.1303 0.1247 
          83  1 0.1209 0.1201 0.1292 0.1253 0.1266 0.1273 0.1276 0.1231 
          84  1 0.1202 0.1249 0.1276 0.1317 0.1234 0.1162 0.1257 0.1302 
          85  1 0.1293 0.1304 0.1201 0.1208 0.1225 0.1249 0.1276 0.1244 
          86  1 0.1316 0.1215 0.1283 0.1175 0.1252 0.1297 0.1188 0.1273 
          87  1 0.1297 0.1226 0.1231 0.1235 0.1240 0.1243 0.1251 0.1276 
          88  1 0.1245 0.1183 0.1254 0.1226 0.1276 0.1266 0.1294 0.1255 
          89  1 0.1260 0.1272 0.1228 0.1242 0.1230 0.1197 0.1278 0.1292 
          90  1 0.1306 0.1307 0.1221 0.1216 0.1263 0.1243 0.1202 0.1242 
          91  1 0.1230 0.1168 0.1354 0.1310 0.1298 0.1221 0.1191 0.1228 
          92  1 0.1225 0.1321 0.1260 0.1205 0.1235 0.1210 0.1259 0.1285 
          93  1 0.1243 0.1239 0.1285 0.1223 0.1286 0.1275 0.1174 0.1275 
          94  1 0.1378 0.1094 0.1167 0.1319 0.1314 0.1261 0.1399 0.1068 
          95  1 0.1333 0.1169 0.1240 0.1293 0.1285 0.1241 0.1295 0.1145 
          96  1 0.1249 0.1295 0.1246 0.1198 0.1210 0.1294 0.1189 0.1320 
          97  1 0.1252 0.1205 0.1338 0.1280 0.1263 0.1240 0.1220 0.1202 
          98  1 0.1212 0.1172 0.1312 0.1314 0.1260 0.1212 0.1299 0.1218 
          99  1 0.1228 0.1291 0.1276 0.1278 0.1284 0.1188 0.1190 0.1264 
         100  1 0.1260 0.1225 0.1253 0.1290 0.1199 0.1202 0.1258 0.1313 
         101  1 0.1227 0.1218 0.1309 0.1230 0.1260 0.1236 0.1224 0.1297 
         102  1 0.1281 0.1258 0.1261 0.1189 0.1218 0.1256 0.1260 0.1277 
         103  1 0.1268 0.1203 0.1304 0.1303 0.1255 0.1219 0.1203 0.1246 
         104  1 0.1229 0.1207 0.1277 0.1314 0.1234 0.1221 0.1266 0.1251 
         105  1 0.1281 0.1201 0.1270 0.1225 0.1215 0.1222 0.1296 0.1289 
         106  1 0.1362 0.1206 0.1193 0.1269 0.1243 0.1233 0.1311 0.1183 
         107  1 0.1308 0.1205 0.1129 0.1211 0.1304 0.1270 0.1378 0.1195 
         108  1 0.1214 0.1183 0.1278 0.1390 0.1225 0.1275 0.1236 0.1199 
         109  1 0.1222 0.1414 0.1236 0.1230 0.1192 0.1273 0.1151 0.1283 
         110  1 0.1230 0.1284 0.1226 0.1253 0.1223 0.1332 0.1194 0.1257 
         111  1 0.1271 0.1308 0.1216 0.1225 0.1273 0.1243 0.1197 0.1267 
         112  1 0.1260 0.1327 0.1225 0.1213 0.1229 0.1196 0.1212 0.1338 
         113  1 0.1217 0.1273 0.1252 0.1224 0.1223 0.1320 0.1247 0.1244 
         114  1 0.1237 0.1255 0.1239 0.1242 0.1292 0.1221 0.1253 0.1259 
         115  1 0.1254 0.1206 0.1242 0.1245 0.1257 0.1308 0.1279 0.1209 
         116  1 0.1223 0.1211 0.1326 0.1280 0.1219 0.1249 0.1218 0.1275 
         117  1 0.1208 0.1160 0.1328 0.1309 0.1292 0.1246 0.1195 0.1261 
         118  1 0.1259 0.1232 0.1312 0.1201 0.1228 0.1220 0.1265 0.1283 
         119  1 0.1211 0.1189 0.1251 0.1318 0.1337 0.1237 0.1201 0.1256 
         120  1 0.1258 0.1274 0.1204 0.1254 0.1249 0.1273 0.1238 0.1250 
         121  1 0.1247 0.1273 0.1252 0.1223 0.1281 0.1240 0.1204 0.1280 
         122  1 0.1231 0.1264 0.1277 0.1288 0.1254 0.1234 0.1242 0.1211 
         123  1 0.1272 0.1265 0.1278 0.1277 0.1286 0.1217 0.1193 0.1214 
         124  1 0.1346 0.1073 0.1075 0.1337 0.1361 0.1335 0.1386 0.1086 
         125  1 0.1276 0.1433 0.1171 0.1169 0.1190 0.1218 0.1211 0.1330 
         126  1 0.1257 0.1240 0.1259 0.1230 0.1260 0.1256 0.1301 0.1197 
         127  1 0.1262 0.1303 0.1217 0.1188 0.1220 0.1312 0.1195 0.1304 
         128  1 0.1217 0.1194 0.1299 0.1275 0.1215 0.1235 0.1292 0.1273 
         129  1 0.1201 0.1198 0.1362 0.1253 0.1262 0.1238 0.1258 0.1228 
         130  1 0.1247 0.1283 0.1284 0.1270 0.1211 0.1297 0.1197 0.1212 
         131  1 0.1222 0.1212 0.1259 0.1230 0.1317 0.1244 0.1249 0.1267 
         132  1 0.1200 0.1231 0.1210 0.1212 0.1292 0.1344 0.1264 0.1248 
         133  1 0.1277 0.1252 0.1220 0.1242 0.1246 0.1202 0.1273 0.1288 
         134  1 0.1284 0.1569 0.1181 0.1147 0.1117 0.1150 0.1171 0.1381 
         135  1 0.1324 0.1276 0.1225 0.1293 0.1204 0.1190 0.1252 0.1235 
         136  1 0.1276 0.1218 0.1255 0.1248 0.1222 0.1247 0.1303 0.1230 
         137  1 0.1229 0.1201 0.1320 0.1320 0.1246 0.1238 0.1249 0.1197 
         138  1 0.1249 0.1242 0.1255 0.1248 0.1285 0.1238 0.1230 0.1253 
         139  1 0.1255 0.1208 0.1200 0.1283 0.1327 0.1284 0.1276 0.1168 
         140  1 0.1223 0.1250 0.1249 0.1246 0.1246 0.1324 0.1223 0.1238 
         141  1 0.1278 0.1315 0.1197 0.1141 0.1211 0.1261 0.1254 0.1343 
         142  1 0.1223 0.1244 0.1295 0.1304 0.1276 0.1220 0.1227 0.1211 
         143  1 0.1266 0.1272 0.1233 0.1274 0.1258 0.1291 0.1186 0.1219 
         144  1 0.1268 0.1240 0.1280 0.1266 0.1245 0.1215 0.1236 0.1250 
         145  1 0.1208 0.1196 0.1309 0.1278 0.1226 0.1216 0.1263 0.1303 
         146  1 0.1199 0.1256 0.1262 0.1291 0.1250 0.1217 0.1223 0.1303 
         147  1 0.1239 0.1298 0.1293 0.1225 0.1224 0.1217 0.1262 0.1241 
         148  1 0.1260 0.1299 0.1272 0.1205 0.1233 0.1242 0.1238 0.1251 
         149  1 0.1230 0.1318 0.1219 0.1226 0.1277 0.1223 0.1245 0.1261 
         150  1 0.1241 0.1252 0.1253 0.1239 0.1250 0.1279 0.1230 0.1255 
         151  1 0.1243 0.1222 0.1298 0.1264 0.1255 0.1260 0.1206 0.1253 
         152  1 0.1306 0.1267 0.1221 0.1240 0.1217 0.1287 0.1211 0.1252 
         153  1 0.1210 0.1231 0.1229 0.1315 0.1244 0.1236 0.1267 0.1268 
         154  1 0.1282 0.1407 0.1276 0.1184 0.1191 0.1196 0.1189 0.1275 
         155  1 0.1263 0.1165 0.1324 0.1264 0.1241 0.1278 0.1250 0.1217 
         156  1 0.1211 0.1192 0.1297 0.1221 0.1271 0.1249 0.1329 0.1229 
         157  1 0.1259 0.1241 0.1267 0.1215 0.1292 0.1231 0.1276 0.1219 
         158  1 0.1258 0.1361 0.1235 0.1217 0.1255 0.1187 0.1176 0.1310 
         159  1 0.1221 0.1351 0.1181 0.1174 0.1285 0.1216 0.1292 0.1281 
         160  1 0.1214 0.1246 0.1256 0.1275 0.1215 0.1295 0.1236 0.1263 
         161  1 0.1278 0.1280 0.1272 0.1245 0.1208 0.1233 0.1215 0.1270 
         162  1 0.1294 0.1225 0.1281 0.1212 0.1254 0.1217 0.1272 0.1245 
         163  1 0.1352 0.1239 0.1151 0.1246 0.1239 0.1261 0.1261 0.1250 
         164  1 0.1267 0.1217 0.1224 0.1221 0.1201 0.1349 0.1250 0.1272 
         165  1 0.1219 0.1234 0.1220 0.1253 0.1334 0.1311 0.1221 0.1209 
         166  1 0.1234 0.1195 0.1288 0.1244 0.1307 0.1235 0.1277 0.1220 
         167  1 0.1203 0.1299 0.1265 0.1261 0.1229 0.1311 0.1192 0.1240 
         168  1 0.1262 0.1203 0.1280 0.1295 0.1241 0.1194 0.1264 0.1260 
         169  1 0.1271 0.1134 0.1322 0.1271 0.1321 0.1251 0.1237 0.1193 
         170  1 0.1181 0.1221 0.1284 0.1261 0.1307 0.1247 0.1233 0.1266 
         171  1 0.1209 0.1247 0.1302 0.1275 0.1200 0.1183 0.1367 0.1218 
         172  1 0.1263 0.1143 0.1260 0.1292 0.1257 0.1332 0.1312 0.1141 
         173  1 0.1208 0.1339 0.1254 0.1250 0.1220 0.1264 0.1192 0.1273 
         174  1 0.1309 0.1357 0.1171 0.1174 0.1226 0.1319 0.1154 0.1292 
         175  1 0.1231 0.1211 0.1230 0.1241 0.1305 0.1305 0.1244 0.1234 
         176  1 0.1287 0.1200 0.1216 0.1264 0.1257 0.1256 0.1297 0.1222 
         177  1 0.1238 0.1251 0.1214 0.1270 0.1234 0.1263 0.1228 0.1302 
         178  1 0.1227 0.1215 0.1272 0.1283 0.1265 0.1218 0.1280 0.1241 
         179  1 0.1232 0.1400 0.1253 0.1200 0.1160 0.1223 0.1186 0.1346 
         180  1 0.1170 0.1243 0.1236 0.1299 0.1331 0.1290 0.1220 0.1211 
         181  1 0.1205 0.1224 0.1318 0.1260 0.1304 0.1230 0.1207 0.1252 
         182  1 0.1215 0.1170 0.1275 0.1256 0.1295 0.1313 0.1237 0.1240 
         183  1 0.1238 0.1196 0.1292 0.1263 0.1282 0.1293 0.1193 0.1243 
         184  1 0.1232 0.1240 0.1243 0.1236 0.1259 0.1281 0.1266 0.1243 
         185  1 0.1241 0.1197 0.1239 0.1294 0.1227 0.1263 0.1261 0.1278 
         186  1 0.1239 0.1214 0.1227 0.1290 0.1310 0.1258 0.1245 0.1218 
         187  1 0.1274 0.1193 0.1188 0.1257 0.1257 0.1289 0.1362 0.1180 
         188  1 0.1195 0.1199 0.1330 0.1242 0.1249 0.1295 0.1264 0.1226 
         189  1 0.1258 0.1214 0.1238 0.1272 0.1220 0.1249 0.1273 0.1275 
         190  1 0.1190 0.1183 0.1310 0.1257 0.1290 0.1282 0.1214 0.1275 
         191  1 0.1197 0.1267 0.1263 0.1245 0.1257 0.1346 0.1172 0.1252 
         192  1 0.1254 0.1296 0.1330 0.1237 0.1259 0.1193 0.1201 0.1231 
         193  1 0.1267 0.1230 0.1247 0.1248 0.1192 0.1243 0.1263 0.1311 
         194  1 0.1225 0.1303 0.1239 0.1240 0.1227 0.1214 0.1275 0.1276 
         195  1 0.1226 0.1310 0.1272 0.1232 0.1267 0.1251 0.1199 0.1243 
         196  1 0.1228 0.1209 0.1254 0.1262 0.1248 0.1257 0.1269 0.1273 
         197  1 0.1239 0.1315 0.1317 0.1198 0.1262 0.1183 0.1188 0.1298 
         198  1 0.1247 0.1246 0.1261 0.1193 0.1280 0.1283 0.1205 0.1286 
         199  1 0.1211 0.1332 0.1310 0.1206 0.1205 0.1232 0.1229 0.1276 
         200  1 0.1236 0.1312 0.1254 0.1290 0.1211 0.1237 0.1224 0.1236 
         201  1 0.1250 0.1179 0.1266 0.1310 0.1243 0.1194 0.1303 0.1256 
         202  1 0.1251 0.1171 0.1239 0.1269 0.1286 0.1296 0.1268 0.1219 
         203  1 0.1202 0.1222 0.1269 0.1307 0.1279 0.1241 0.1233 0.1248 
         204  1 0.1270 0.1269 0.1187 0.1232 0.1299 0.1276 0.1260 0.1207 
         205  1 0.1252 0.1282 0.1258 0.1246 0.1205 0.1244 0.1239 0.1274 
         206  1 0.1184 0.1221 0.1216 0.1224 0.1331 0.1305 0.1264 0.1254 
         207  1 0.1343 0.1202 0.1147 0.1300 0.1265 0.1189 0.1348 0.1207 
         208  1 0.1315 0.1337 0.1219 0.1192 0.1233 0.1243 0.1194 0.1267 
         209  1 0.1270 0.1199 0.1321 0.1229 0.1277 0.1288 0.1201 0.1217 
         210  1 0.1195 0.1343 0.1294 0.1236 0.1230 0.1147 0.1325 0.1230 
         211  1 0.1317 0.1723 0.1131 0.1107 0.1073 0.1151 0.1086 0.1411 
         212  1 0.1238 0.1167 0.1319 0.1309 0.1226 0.1212 0.1242 0.1288 
         213  1 0.1253 0.1295 0.1237 0.1288 0.1222 0.1294 0.1214 0.1196 
         214  1 0.1315 0.1284 0.1240 0.1216 0.1274 0.1183 0.1206 0.1283 
         215  1 0.1267 0.1240 0.1246 0.1278 0.1286 0.1233 0.1230 0.1218 
         216  1 0.1152 0.1229 0.1326 0.1241 0.1262 0.1256 0.1276 0.1259 
         217  1 0.1191 0.1291 0.1298 0.1269 0.1229 0.1278 0.1176 0.1268 
         218  1 0.1176 0.1210 0.1227 0.1252 0.1169 0.1435 0.1271 0.1261 
         219  1 0.1261 0.1278 0.1201 0.1311 0.1217 0.1277 0.1189 0.1266 
         220  1 0.1199 0.1283 0.1242 0.1163 0.1261 0.1286 0.1229 0.1336 
         221  1 0.1314 0.1339 0.1229 0.1171 0.1201 0.1245 0.1206 0.1296 
         222  1 0.1307 0.1197 0.1139 0.1323 0.1248 0.1219 0.1361 0.1205 
         223  1 0.1354 0.1177 0.1119 0.1271 0.1320 0.1266 0.1289 0.1205 
         224  1 0.1342 0.1138 0.1180 0.1293 0.1338 0.1263 0.1313 0.1133 
         225  1 0.1257 0.1203 0.1190 0.1281 0.1260 0.1264 0.1304 0.1241 
         226  1 0.1237 0.1261 0.1249 0.1207 0.1265 0.1266 0.1260 0.1254 
         227  1 0.1368 0.1212 0.1257 0.1243 0.1221 0.1259 0.1179 0.1260 
         228  1 0.1230 0.1315 0.1256 0.1220 0.1242 0.1236 0.1224 0.1276 
         229  1 0.1282 0.1154 0.1308 0.1237 0.1277 0.1262 0.1259 0.1221 
         230  1 0.1210 0.1278 0.1313 0.1260 0.1198 0.1150 0.1295 0.1296 
         231  1 0.1197 0.1149 0.1337 0.1326 0.1270 0.1255 0.1292 0.1175 
         232  1 0.1223 0.1189 0.1273 0.1242 0.1283 0.1276 0.1299 0.1216 
         233  1 0.1282 0.1258 0.1237 0.1237 0.1252 0.1271 0.1203 0.1261 
         234  1 0.1232 0.1220 0.1293 0.1186 0.1273 0.1258 0.1271 0.1266 
         235  1 0.1195 0.1168 0.1358 0.1301 0.1303 0.1185 0.1284 0.1206 
         236  1 0.1182 0.1260 0.1375 0.1248 0.1212 0.1231 0.1286 0.1207 
         237  1 0.1239 0.1215 0.1305 0.1246 0.1305 0.1241 0.1227 0.1223 
         238  1 0.1340 0.1233 0.1289 0.1261 0.1212 0.1194 0.1244 0.1227 
         239  1 0.1240 0.1218 0.1254 0.1282 0.1277 0.1238 0.1286 0.1205 
         240  1 0.1238 0.1271 0.1226 0.1236 0.1239 0.1327 0.1201 0.1262 
         241  1 0.1238 0.1172 0.1302 0.1332 0.1280 0.1228 0.1265 0.1184 
         242  1 0.1291 0.1192 0.1220 0.1294 0.1217 0.1255 0.1316 0.1215 
         243  1 0.1216 0.1310 0.1205 0.1216 0.1244 0.1299 0.1237 0.1272 
         244  1 0.1292 0.1231 0.1284 0.1196 0.1306 0.1249 0.1158 0.1285 
         245  1 0.1212 0.1247 0.1261 0.1266 0.1283 0.1277 0.1222 0.1232 
         246  1 0.1235 0.1253 0.1234 0.1185 0.1246 0.1245 0.1313 0.1290 
         247  1 0.1186 0.1250 0.1302 0.1274 0.1237 0.1276 0.1226 0.1249 
         248  1 0.1253 0.1223 0.1340 0.1293 0.1187 0.1162 0.1274 0.1268 
         249  1 0.1252 0.1241 0.1219 0.1226 0.1306 0.1234 0.1249 0.1273 
         250  1 0.1182 0.1213 0.1272 0.1286 0.1281 0.1303 0.1225 0.1237 
         251  1 0.1262 0.1141 0.1254 0.1341 0.1251 0.1234 0.1264 0.1253 
         252  1 0.1202 0.1280 0.1270 0.1243 0.1250 0.1202 0.1314 0.1238 
         253  1 0.1313 0.1333 0.1161 0.1287 0.1238 0.1211 0.1177 0.1281 
         254  1 0.1194 0.1264 0.1223 0.1294 0.1241 0.1272 0.1246 0.1266 
         255  1 0.1286 0.1284 0.1226 0.1171 0.1185 0.1289 0.1271 0.1288 
         256  1 0.1179 0.1214 0.1318 0.1233 0.1246 0.1262 0.1258 0.1290 
         257  1 0.1195 0.1405 0.1246 0.1239 0.1138 0.1252 0.1205 0.1320 
         258  1 0.1272 0.1315 0.1245 0.1191 0.1216 0.1213 0.1269 0.1279 
         259  1 0.1275 0.1359 0.1259 0.1207 0.1169 0.1272 0.1132 0.1327 
         260  1 0.1188 0.1332 0.1254 0.1261 0.1188 0.1217 0.1236 0.1325 
         261  1 0.1310 0.1025 0.1221 0.1290 0.1413 0.1292 0.1292 0.1157 
         262  1 0.1237 0.1352 0.1194 0.1253 0.1224 0.1253 0.1219 0.1268 
         263  1 0.1233 0.1169 0.1294 0.1291 0.1226 0.1239 0.1325 0.1222 
         264  1 0.1214 0.1307 0.1272 0.1187 0.1243 0.1296 0.1171 0.1311 
         265  1 0.1278 0.1275 0.1281 0.1214 0.1255 0.1255 0.1194 0.1247 
         266  1 0.1180 0.1184 0.1305 0.1335 0.1225 0.1257 0.1294 0.1220 
         267  1 0.1256 0.1315 0.1281 0.1178 0.1248 0.1219 0.1196 0.1307 
         268  1 0.1394 0.1184 0.1146 0.1264 0.1286 0.1249 0.1336 0.1141 
         269  1 0.1281 0.1453 0.1192 0.1175 0.1246 0.1204 0.1212 0.1237 
         270  1 0.1250 0.1203 0.1305 0.1211 0.1272 0.1363 0.1147 0.1249 
         271  1 0.1243 0.1176 0.1309 0.1251 0.1293 0.1206 0.1245 0.1276 
         272  1 0.1201 0.1381 0.1275 0.1194 0.1196 0.1255 0.1191 0.1306 
         273  1 0.1198 0.1153 0.1294 0.1374 0.1230 0.1220 0.1268 0.1263 
         274  1 0.1219 0.1318 0.1259 0.1194 0.1248 0.1242 0.1194 0.1326 
         275  1 0.1265 0.1466 0.1208 0.1176 0.1153 0.1217 0.1177 0.1336 
         276  1 0.1225 0.1188 0.1247 0.1274 0.1251 0.1388 0.1198 0.1229 
         277  1 0.1260 0.1250 0.1236 0.1236 0.1264 0.1276 0.1217 0.1262 
         278  1 0.1394 0.1196 0.1114 0.1280 0.1261 0.1233 0.1308 0.1214 
         279  1 0.1225 0.1307 0.1220 0.1233 0.1249 0.1256 0.1204 0.1305 
         280  1 0.1279 0.1199 0.1205 0.1219 0.1269 0.1250 0.1323 0.1255 
         281  1 0.1188 0.1204 0.1331 0.1268 0.1273 0.1252 0.1286 0.1196 
         282  1 0.1264 0.1184 0.1247 0.1312 0.1274 0.1179 0.1331 0.1209 
         283  1 0.1259 0.1276 0.1200 0.1275 0.1262 0.1262 0.1235 0.1231 
         284  1 0.1191 0.1132 0.1276 0.1256 0.1358 0.1268 0.1260 0.1259 
         285  1 0.1220 0.1230 0.1278 0.1284 0.1249 0.1227 0.1262 0.1249 
         286  1 0.1205 0.1293 0.1205 0.1212 0.1242 0.1296 0.1277 0.1269 
         287  1 0.1225 0.1194 0.1308 0.1239 0.1244 0.1260 0.1263 0.1266 
         288  1 0.1202 0.1217 0.1321 0.1253 0.1228 0.1260 0.1260 0.1259 
         289  1 0.1287 0.1177 0.1332 0.1251 0.1327 0.1203 0.1275 0.1148 
         290  1 0.1190 0.1071 0.1291 0.1254 0.1404 0.1252 0.1307 0.1230 
         291  1 0.1272 0.1328 0.1234 0.1181 0.1180 0.1255 0.1272 0.1278 
         292  1 0.1216 0.1259 0.1288 0.1215 0.1213 0.1314 0.1233 0.1262 
         293  1 0.1236 0.1235 0.1300 0.1230 0.1289 0.1204 0.1229 0.1276 
         294  1 0.1318 0.1147 0.1279 0.1272 0.1230 0.1245 0.1277 0.1231 
         295  1 0.1220 0.1326 0.1287 0.1237 0.1227 0.1229 0.1210 0.1264 
         296  1 0.1357 0.1181 0.1221 0.1231 0.1255 0.1257 0.1256 0.1242 
         297  1 0.1298 0.1228 0.1237 0.1264 0.1235 0.1277 0.1201 0.1260 
         298  1 0.1260 0.1224 0.1341 0.1315 0.1262 0.1174 0.1229 0.1195 
         299  1 0.1252 0.1201 0.1294 0.1311 0.1238 0.1273 0.1204 0.1227 
         300  1 0.1267 0.1410 0.1162 0.1188 0.1200 0.1266 0.1228 0.1280 
         301  1 0.1201 0.1203 0.1267 0.1312 0.1282 0.1282 0.1234 0.1219 
         302  1 0.1274 0.1274 0.1220 0.1231 0.1206 0.1242 0.1271 0.1282 
         303  1 0.1222 0.1299 0.1225 0.1203 0.1205 0.1281 0.1288 0.1277 
         304  1 0.1192 0.1226 0.1217 0.1279 0.1243 0.1404 0.1201 0.1237 
         305  1 0.1190 0.1225 0.1191 0.1310 0.1246 0.1346 0.1282 0.1211 
         306  1 0.1224 0.1299 0.1246 0.1278 0.1204 0.1210 0.1272 0.1267 
         307  1 0.1297 0.1266 0.1278 0.1243 0.1237 0.1204 0.1199 0.1276 
         308  1 0.1221 0.1299 0.1287 0.1211 0.1263 0.1168 0.1258 0.1293 
         309  1 0.1231 0.1216 0.1267 0.1314 0.1239 0.1235 0.1265 0.1233 
         310  1 0.1235 0.1244 0.1227 0.1233 0.1245 0.1234 0.1302 0.1280 
         311  1 0.1226 0.1190 0.1253 0.1235 0.1286 0.1315 0.1262 0.1233 
         312  1 0.1166 0.1184 0.1220 0.1269 0.1315 0.1324 0.1307 0.1216 
         313  1 0.1280 0.1351 0.1226 0.1205 0.1218 0.1238 0.1213 0.1270 
         314  1 0.1279 0.1129 0.1298 0.1399 0.1299 0.1269 0.1214 0.1114 
         315  1 0.1293 0.1341 0.1200 0.1218 0.1228 0.1266 0.1188 0.1266 
         316  1 0.1204 0.1231 0.1198 0.1269 0.1357 0.1268 0.1241 0.1231 
         317  1 0.1291 0.1144 0.1233 0.1301 0.1339 0.1295 0.1259 0.1138 
         318  1 0.1221 0.1218 0.1306 0.1268 0.1279 0.1231 0.1228 0.1249 
         319  1 0.1194 0.1332 0.1243 0.1197 0.1255 0.1288 0.1236 0.1253 
         320  1 0.1262 0.1184 0.1297 0.1210 0.1271 0.1274 0.1273 0.1229 
         321  1 0.1322 0.1335 0.1198 0.1164 0.1248 0.1220 0.1214 0.1299 
         322  1 0.1219 0.1173 0.1344 0.1329 0.1245 0.1259 0.1224 0.1207 
         323  1 0.1331 0.1145 0.1202 0.1265 0.1297 0.1245 0.1352 0.1163 
         324  1 0.1312 0.1376 0.1218 0.1184 0.1221 0.1238 0.1172 0.1279 
         325  1 0.1241 0.1111 0.1362 0.1322 0.1304 0.1270 0.1199 0.1191 
         326  1 0.1233 0.1354 0.1266 0.1186 0.1236 0.1219 0.1210 0.1295 
         327  1 0.1280 0.1259 0.1189 0.1270 0.1284 0.1250 0.1250 0.1218 
         328  1 0.1247 0.1269 0.1303 0.1205 0.1237 0.1181 0.1220 0.1338 
         329  1 0.1153 0.1255 0.1360 0.1267 0.1300 0.1204 0.1203 0.1259 
         330  1 0.1194 0.1234 0.1243 0.1239 0.1262 0.1286 0.1304 0.1238 
         331  1 0.1285 0.1262 0.1248 0.1203 0.1280 0.1228 0.1289 0.1207 
         332  1 0.1249 0.1277 0.1177 0.1283 0.1247 0.1264 0.1268 0.1236 
         333  1 0.1232 0.1210 0.1186 0.1285 0.1272 0.1316 0.1324 0.1176 
         334  1 0.1237 0.1188 0.1333 0.1283 0.1259 0.1222 0.1294 0.1183 
         335  1 0.1252 0.1138 0.1275 0.1294 0.1288 0.1217 0.1320 0.1216 
         336  1 0.1354 0.1077 0.1192 0.1341 0.1252 0.1332 0.1308 0.1144 
         337  1 0.1301 0.1370 0.1234 0.1239 0.1170 0.1206 0.1199 0.1281 
         338  1 0.1260 0.1276 0.1286 0.1230 0.1216 0.1210 0.1243 0.1280 
         339  1 0.1180 0.1243 0.1246 0.1273 0.1315 0.1308 0.1181 0.1254 
         340  1 0.1178 0.1367 0.1240 0.1229 0.1177 0.1277 0.1210 0.1321 
         341  1 0.1240 0.1283 0.1218 0.1193 0.1260 0.1264 0.1310 0.1232 
         342  1 0.1295 0.1327 0.1249 0.1238 0.1180 0.1271 0.1148 0.1293 
         343  1 0.1236 0.1176 0.1277 0.1240 0.1279 0.1253 0.1267 0.1272 
         344  1 0.1235 0.1327 0.1260 0.1257 0.1229 0.1209 0.1213 0.1269 
         345  1 0.1224 0.1256 0.1281 0.1248 0.1207 0.1212 0.1265 0.1306 
         346  1 0.1281 0.1255 0.1199 0.1247 0.1231 0.1306 0.1270 0.1211 
         347  1 0.1275 0.1279 0.1229 0.1246 0.1204 0.1265 0.1253 0.1249 
         348  1 0.1214 0.1303 0.1271 0.1236 0.1242 0.1254 0.1216 0.1263 
         349  1 0.1231 0.1179 0.1239 0.1292 0.1214 0.1307 0.1280 0.1258 
         350  1 0.1346 0.1183 0.1142 0.1192 0.1307 0.1279 0.1362 0.1188 
         351  1 0.1259 0.1299 0.1282 0.1187 0.1213 0.1199 0.1268 0.1293 
         352  1 0.1396 0.1096 0.1251 0.1276 0.1352 0.1192 0.1253 0.1184 
         353  1 0.1222 0.1224 0.1320 0.1240 0.1255 0.1284 0.1178 0.1277 
         354  1 0.1186 0.1221 0.1302 0.1293 0.1260 0.1294 0.1197 0.1247 
         355  1 0.1199 0.1188 0.1237 0.1301 0.1306 0.1301 0.1231 0.1237 
         356  1 0.1304 0.1251 0.1258 0.1246 0.1206 0.1230 0.1268 0.1236 
         357  1 0.1171 0.1299 0.1278 0.1263 0.1243 0.1199 0.1366 0.1181 
         358  1 0.1196 0.1258 0.1222 0.1255 0.1224 0.1337 0.1238 0.1269 
         359  1 0.1241 0.1346 0.1181 0.1210 0.1251 0.1276 0.1231 0.1264 
         360  1 0.1189 0.1191 0.1405 0.1233 0.1279 0.1259 0.1197 0.1247 
         361  1 0.1237 0.1793 0.1101 0.1159 0.1139 0.1093 0.1073 0.1406 
         362  1 0.1249 0.1349 0.1248 0.1189 0.1191 0.1231 0.1252 0.1292 
         363  1 0.1223 0.1200 0.1232 0.1265 0.1285 0.1345 0.1226 0.1223 
         364  1 0.1243 0.1225 0.1233 0.1218 0.1209 0.1281 0.1336 0.1255 
         365  1 0.1216 0.1328 0.1280 0.1230 0.1220 0.1238 0.1188 0.1300 
         366  1 0.1283 0.1218 0.1189 0.1240 0.1281 0.1280 0.1308 0.1199 
         367  1 0.1287 0.1172 0.1150 0.1306 0.1365 0.1229 0.1273 0.1217 
         368  1 0.1283 0.1149 0.1336 0.1316 0.1232 0.1211 0.1281 0.1192 
         369  1 0.1330 0.1238 0.1215 0.1194 0.1242 0.1277 0.1290 0.1215 
         370  1 0.1274 0.1190 0.1196 0.1291 0.1267 0.1253 0.1310 0.1218 
         371  1 0.1232 0.1276 0.1202 0.1204 0.1300 0.1217 0.1296 0.1274 
         372  1 0.1243 0.1218 0.1270 0.1284 0.1282 0.1242 0.1240 0.1221 
         373  1 0.1323 0.1196 0.1229 0.1219 0.1271 0.1280 0.1272 0.1210 
         374  1 0.1304 0.1377 0.1218 0.1157 0.1208 0.1196 0.1223 0.1318 
         375  1 0.1219 0.1233 0.1336 0.1200 0.1352 0.1236 0.1178 0.1246 
         376  1 0.1272 0.1212 0.1288 0.1232 0.1259 0.1278 0.1244 0.1214 
         377  1 0.1254 0.1269 0.1247 0.1217 0.1277 0.1278 0.1211 0.1246 
         378  1 0.1218 0.1248 0.1230 0.1241 0.1290 0.1287 0.1235 0.1252 
         379  1 0.1205 0.1191 0.1303 0.1238 0.1268 0.1308 0.1214 0.1273 
         380  1 0.1237 0.1154 0.1358 0.1245 0.1252 0.1277 0.1236 0.1241 
         381  1 0.1282 0.1355 0.1218 0.1188 0.1170 0.1260 0.1232 0.1295 
         382  1 0.1249 0.1174 0.1273 0.1324 0.1206 0.1291 0.1267 0.1215 
         383  1 0.1223 0.1262 0.1230 0.1246 0.1204 0.1307 0.1279 0.1249 
         384  1 0.1247 0.1291 0.1236 0.1203 0.1204 0.1217 0.1276 0.1326 
         385  1 0.1236 0.1206 0.1245 0.1258 0.1294 0.1294 0.1232 0.1234 
         386  1 0.1323 0.1206 0.1207 0.1252 0.1213 0.1312 0.1268 0.1219 
         387  1 0.1245 0.1219 0.1298 0.1248 0.1263 0.1218 0.1266 0.1243 
         388  1 0.1178 0.1165 0.1321 0.1323 0.1223 0.1310 0.1261 0.1218 
         389  1 0.1189 0.1226 0.1283 0.1290 0.1218 0.1255 0.1268 0.1270 
         390  1 0.1242 0.1345 0.1268 0.1257 0.1178 0.1182 0.1289 0.1240 
         391  1 0.1278 0.1303 0.1198 0.1250 0.1243 0.1237 0.1214 0.1278 
         392  1 0.1228 0.1285 0.1226 0.1261 0.1233 0.1166 0.1304 0.1297 
         393  1 0.1228 0.1203 0.1300 0.1264 0.1280 0.1206 0.1270 0.1249 
         394  1 0.1265 0.1283 0.1230 0.1205 0.1229 0.1280 0.1192 0.1314 
         395  1 0.1227 0.1238 0.1260 0.1202 0.1267 0.1270 0.1235 0.1301 
         396  1 0.1346 0.1228 0.1235 0.1250 0.1228 0.1220 0.1247 0.1246 
         397  1 0.1271 0.1284 0.1226 0.1182 0.1296 0.1255 0.1219 0.1268 
         398  1 0.1217 0.1241 0.1294 0.1226 0.1270 0.1246 0.1242 0.1263 
         399  1 0.1256 0.1166 0.1320 0.1299 0.1243 0.1235 0.1289 0.1194 
         400  1 0.1229 0.1298 0.1251 0.1242 0.1245 0.1255 0.1211 0.1269 
         401  1 0.1206 0.1312 0.1197 0.1197 0.1301 0.1264 0.1280 0.1244 
         402  1 0.1225 0.1188 0.1317 0.1237 0.1264 0.1253 0.1259 0.1257 
         403  1 0.1201 0.1175 0.1257 0.1274 0.1341 0.1281 0.1260 0.1210 
         404  1 0.1266 0.1144 0.1157 0.1301 0.1256 0.1332 0.1358 0.1186 
         405  1 0.1328 0.1235 0.1205 0.1214 0.1238 0.1239 0.1285 0.1256 
         406  1 0.1272 0.1176 0.1159 0.1242 0.1341 0.1353 0.1324 0.1133 
         407  1 0.1230 0.1272 0.1266 0.1232 0.1209 0.1242 0.1288 0.1260 
         408  1 0.1246 0.1181 0.1289 0.1251 0.1261 0.1308 0.1252 0.1211 
         409  1 0.1247 0.1244 0.1226 0.1254 0.1205 0.1325 0.1259 0.1240 
         410  1 0.1291 0.1307 0.1190 0.1224 0.1240 0.1260 0.1194 0.1295 
         411  1 0.1250 0.1310 0.1252 0.1271 0.1272 0.1261 0.1164 0.1221 
         412  1 0.1296 0.1201 0.1151 0.1237 0.1270 0.1267 0.1350 0.1228 
         413  1 0.1197 0.1248 0.1255 0.1232 0.1247 0.1249 0.1301 0.1271 
         414  1 0.1223 0.1088 0.1287 0.1406 0.1332 0.1199 0.1228 0.1238 
         415  1 0.1229 0.1263 0.1193 0.1281 0.1231 0.1292 0.1233 0.1279 
         416  1 0.1258 0.1201 0.1220 0.1259 0.1253 0.1311 0.1283 0.1215 
         417  1 0.1243 0.1259 0.1235 0.1219 0.1274 0.1254 0.1262 0.1254 
         418  1 0.1213 0.1197 0.1260 0.1266 0.1336 0.1277 0.1224 0.1228 
         419  1 0.1185 0.1270 0.1274 0.1219 0.1255 0.1239 0.1273 0.1284 
         420  1 0.1231 0.1243 0.1171 0.1249 0.1304 0.1294 0.1249 0.1258 
         421  1 0.1218 0.1389 0.1220 0.1146 0.1273 0.1210 0.1249 0.1294 
         422  1 0.1163 0.1258 0.1225 0.1264 0.1279 0.1300 0.1224 0.1287 
         423  1 0.1238 0.1343 0.1285 0.1201 0.1209 0.1237 0.1163 0.1324 
         424  1 0.1327 0.1132 0.1226 0.1303 0.1262 0.1260 0.1300 0.1190 
         425  1 0.1263 0.1208 0.1316 0.1229 0.1246 0.1158 0.1308 0.1273 
         426  1 0.1260 0.1255 0.1269 0.1212 0.1234 0.1236 0.1291 0.1244 
         427  1 0.1222 0.1228 0.1195 0.1252 0.1274 0.1305 0.1271 0.1253 
         428  1 0.1246 0.1196 0.1255 0.1289 0.1254 0.1205 0.1286 0.1268 
         429  1 0.1228 0.1151 0.1259 0.1295 0.1271 0.1304 0.1295 0.1197 
         430  1 0.1179 0.1195 0.1293 0.1271 0.1345 0.1233 0.1228 0.1256 
         431  1 0.1234 0.1200 0.1268 0.1276 0.1261 0.1207 0.1247 0.1309 
         432  1 0.1238 0.1251 0.1306 0.1255 0.1233 0.1222 0.1238 0.1256 
         433  1 0.1246 0.1182 0.1294 0.1301 0.1281 0.1221 0.1244 0.1231 
         434  1 0.1261 0.1236 0.1287 0.1284 0.1181 0.1216 0.1326 0.1209 
         435  1 0.1272 0.1169 0.1221 0.1228 0.1304 0.1273 0.1290 0.1243 
         436  1 0.1184 0.1255 0.1226 0.1286 0.1214 0.1346 0.1224 0.1264 
         437  1 0.1197 0.1341 0.1239 0.1210 0.1250 0.1262 0.1203 0.1299 
         438  1 0.1251 0.1298 0.1236 0.1255 0.1254 0.1266 0.1161 0.1278 
         439  1 0.1204 0.1270 0.1286 0.1214 0.1304 0.1243 0.1210 0.1269 
         440  1 0.1202 0.1218 0.1269 0.1213 0.1340 0.1250 0.1247 0.1261 
         441  1 0.1281 0.1267 0.1281 0.1252 0.1214 0.1198 0.1277 0.1229 
         442  1 0.1250 0.1331 0.1257 0.1196 0.1230 0.1187 0.1240 0.1308 
         443  1 0.1211 0.1162 0.1212 0.1252 0.1366 0.1348 0.1242 0.1206 
         444  1 0.1222 0.1325 0.1314 0.1239 0.1187 0.1193 0.1196 0.1323 
         445  1 0.1262 0.1281 0.1273 0.1221 0.1175 0.1252 0.1262 0.1274 
         446  1 0.1275 0.1178 0.1304 0.1263 0.1271 0.1223 0.1247 0.1238 
         447  1 0.1255 0.1267 0.1266 0.1217 0.1244 0.1263 0.1218 0.1269 
         448  1 0.1233 0.1255 0.1252 0.1273 0.1273 0.1222 0.1223 0.1270 
         449  1 0.1236 0.1221 0.1270 0.1255 0.1203 0.1264 0.1251 0.1301 
         450  1 0.1196 0.1281 0.1228 0.1259 0.1238 0.1208 0.1299 0.1290 
         451  1 0.1257 0.1201 0.1278 0.1278 0.1216 0.1243 0.1252 0.1276 
         452  1 0.1279 0.1158 0.1214 0.1257 0.1348 0.1304 0.1280 0.1160 
         453  1 0.1372 0.1204 0.1193 0.1222 0.1228 0.1285 0.1254 0.1242 
         454  1 0.1240 0.1214 0.1234 0.1271 0.1290 0.1317 0.1197 0.1236 
         455  1 0.1298 0.1207 0.1247 0.1218 0.1219 0.1297 0.1288 0.1226 
         456  1 0.1190 0.1193 0.1305 0.1259 0.1255 0.1295 0.1277 0.1225 
         457  1 0.1409 0.1139 0.1163 0.1292 0.1245 0.1247 0.1368 0.1136 
         458  1 0.1228 0.1193 0.1261 0.1243 0.1291 0.1341 0.1177 0.1266 
         459  1 0.1210 0.1154 0.1388 0.1285 0.1287 0.1189 0.1250 0.1238 
         460  1 0.1253 0.1308 0.1238 0.1211 0.1233 0.1249 0.1265 0.1243 
         461  1 0.1204 0.1162 0.1348 0.1317 0.1334 0.1272 0.1155 0.1207 
         462  1 0.1303 0.1186 0.1248 0.1243 0.1298 0.1264 0.1275 0.1185 
         463  1 0.1315 0.1234 0.1227 0.1222 0.1234 0.1294 0.1235 0.1239 
         464  1 0.1303 0.1214 0.1191 0.1265 0.1263 0.1243 0.1315 0.1205 
         465  1 0.1254 0.1359 0.1218 0.1290 0.1164 0.1239 0.1218 0.1259 
         466  1 0.1310 0.1277 0.1183 0.1206 0.1249 0.1206 0.1300 0.1269 
         467  1 0.1333 0.1268 0.1190 0.1268 0.1284 0.1244 0.1176 0.1237 
         468  1 0.1281 0.1204 0.1269 0.1233 0.1224 0.1261 0.1312 0.1215 
         469  1 0.1229 0.1154 0.1261 0.1474 0.1265 0.1229 0.1223 0.1166 
         470  1 0.1241 0.1255 0.1315 0.1227 0.1270 0.1236 0.1191 0.1266 
         471  1 0.1160 0.1208 0.1291 0.1299 0.1263 0.1292 0.1240 0.1247 
         472  1 0.1224 0.1223 0.1285 0.1254 0.1236 0.1253 0.1237 0.1289 
         473  1 0.1170 0.1312 0.1250 0.1246 0.1223 0.1294 0.1246 0.1261 
         474  1 0.1262 0.1223 0.1223 0.1219 0.1221 0.1338 0.1266 0.1246 
         475  1 0.1216 0.1222 0.1260 0.1217 0.1227 0.1310 0.1267 0.1281 
         476  1 0.1262 0.1300 0.1281 0.1212 0.1205 0.1263 0.1178 0.1299 
         477  1 0.1363 0.1082 0.1125 0.1353 0.1397 0.1235 0.1355 0.1089 
         478  1 0.1217 0.1201 0.1269 0.1273 0.1261 0.1274 0.1234 0.1270 
         479  1 0.1216 0.1224 0.1320 0.1296 0.1252 0.1216 0.1247 0.1228 
         480  1 0.1262 0.1264 0.1226 0.1249 0.1236 0.1222 0.1285 0.1255 
         481  1 0.1261 0.1301 0.1257 0.1249 0.1207 0.1237 0.1207 0.1281 
         482  1 0.1253 0.1136 0.1234 0.1319 0.1305 0.1273 0.1283 0.1197 
         483  1 0.1263 0.1330 0.1175 0.1188 0.1270 0.1224 0.1257 0.1292 
         484  1 0.1283 0.1258 0.1193 0.1229 0.1256 0.1252 0.1271 0.1258 
         485  1 0.1234 0.1231 0.1307 0.1293 0.1221 0.1226 0.1243 0.1244 
         486  1 0.1307 0.1185 0.1141 0.1322 0.1294 0.1233 0.1335 0.1182 
         487  1 0.1343 0.1353 0.1159 0.1219 0.1206 0.1216 0.1215 0.1288 
         488  1 0.1218 0.1330 0.1211 0.1262 0.1208 0.1264 0.1213 0.1296 
         489  1 0.1243 0.1337 0.1255 0.1220 0.1280 0.1171 0.1214 0.1280 
         490  1 0.1209 0.1273 0.1285 0.1220 0.1237 0.1275 0.1238 0.1262 
         491  1 0.1280 0.1241 0.1272 0.1203 0.1271 0.1230 0.1284 0.1218 
         492  1 0.1178 0.1237 0.1274 0.1279 0.1280 0.1264 0.1246 0.1243 
         493  1 0.1199 0.1228 0.1217 0.1257 0.1241 0.1305 0.1305 0.1249 
         494  1 0.1226 0.1225 0.1330 0.1220 0.1272 0.1260 0.1180 0.1287 
         495  1 0.1207 0.1415 0.1267 0.1188 0.1205 0.1195 0.1221 0.1302 
         496  1 0.1251 0.1204 0.1285 0.1325 0.1276 0.1238 0.1242 0.1179 
         497  1 0.1231 0.1307 0.1258 0.1208 0.1228 0.1208 0.1257 0.1303 
         498  1 0.1204 0.1200 0.1311 0.1268 0.1210 0.1219 0.1283 0.1305 
         499  1 0.1308 0.1311 0.1209 0.1200 0.1187 0.1262 0.1248 0.1275 
         500  1 0.1206 0.1235 0.1269 0.1239 0.1290 0.1309 0.1200 0.1251 
         501  1 0.1306 0.1695 0.1079 0.1112 0.1144 0.1189 0.1116 0.1360 
         502  1 0.1323 0.1239 0.1214 0.1189 0.1253 0.1234 0.1221 0.1328 
         503  1 0.1288 0.1462 0.1167 0.1210 0.1186 0.1198 0.1209 0.1280 
         504  1 0.1247 0.1193 0.1215 0.1242 0.1348 0.1267 0.1266 0.1222 
         505  1 0.1236 0.1325 0.1216 0.1207 0.1268 0.1231 0.1285 0.1232 
         506  1 0.1262 0.1260 0.1241 0.1222 0.1214 0.1263 0.1232 0.1306 
         507  1 0.1225 0.1298 0.1229 0.1243 0.1185 0.1276 0.1273 0.1271 
         508  1 0.1213 0.1227 0.1262 0.1225 0.1302 0.1326 0.1191 0.1254 
         509  1 0.1255 0.1355 0.1225 0.1190 0.1206 0.1256 0.1226 0.1286 
         510  1 0.1269 0.1195 0.1261 0.1281 0.1309 0.1218 0.1246 0.1222 
         511  1 0.1290 0.1220 0.1280 0.1266 0.1220 0.1229 0.1274 0.1221 
         512  1 0.1280 0.1335 0.1146 0.1256 0.1208 0.1219 0.1326 0.1230 
         513  1 0.1255 0.1249 0.1261 0.1253 0.1277 0.1268 0.1224 0.1214 
         514  1 0.1246 0.1191 0.1334 0.1273 0.1252 0.1239 0.1257 0.1208 
         515  1 0.1256 0.1300 0.1230 0.1242 0.1199 0.1266 0.1219 0.1288 
         516  1 0.1222 0.1240 0.1247 0.1297 0.1224 0.1190 0.1349 0.1231 
         517  1 0.1231 0.1218 0.1267 0.1292 0.1248 0.1264 0.1261 0.1219 
         518  1 0.1158 0.1271 0.1295 0.1224 0.1300 0.1279 0.1232 0.1242 
         519  1 0.1342 0.1336 0.1181 0.1232 0.1228 0.1200 0.1194 0.1286 
         520  1 0.1214 0.1308 0.1295 0.1265 0.1223 0.1179 0.1247 0.1267 
         521  1 0.1231 0.1331 0.1275 0.1149 0.1210 0.1262 0.1267 0.1275 
         522  1 0.1260 0.1186 0.1199 0.1161 0.1323 0.1271 0.1316 0.1285 
         523  1 0.1211 0.1228 0.1280 0.1278 0.1259 0.1255 0.1239 0.1249 
         524  1 0.1216 0.1341 0.1246 0.1272 0.1216 0.1297 0.1176 0.1236 
         525  1 0.1301 0.1310 0.1239 0.1247 0.1242 0.1206 0.1202 0.1253 
         526  1 0.1247 0.1313 0.1201 0.1175 0.1255 0.1306 0.1213 0.1290 
         527  1 0.1252 0.1227 0.1316 0.1223 0.1229 0.1241 0.1268 0.1244 
         528  1 0.1251 0.1157 0.1247 0.1308 0.1325 0.1281 0.1225 0.1208 
         529  1 0.1243 0.1271 0.1231 0.1224 0.1291 0.1302 0.1195 0.1244 
         530  1 0.1248 0.1194 0.1312 0.1282 0.1263 0.1205 0.1264 0.1231 
         531  1 0.1271 0.1168 0.1353 0.1329 0.1218 0.1203 0.1265 0.1193 
         532  1 0.1235 0.1288 0.1265 0.1240 0.1275 0.1217 0.1208 0.1272 
         533  1 0.1248 0.1244 0.1278 0.1329 0.1264 0.1217 0.1173 0.1248 
         534  1 0.1242 0.1243 0.1257 0.1249 0.1240 0.1232 0.1243 0.1294 
         535  1 0.1275 0.1307 0.1223 0.1246 0.1244 0.1207 0.1234 0.1265 
         536  1 0.1289 0.1208 0.1287 0.1254 0.1257 0.1217 0.1243 0.1245 
         537  1 0.1244 0.1331 0.1227 0.1240 0.1270 0.1239 0.1196 0.1253 
         538  1 0.1225 0.1275 0.1224 0.1257 0.1240 0.1291 0.1220 0.1267 
         539  1 0.1208 0.1293 0.1291 0.1255 0.1247 0.1190 0.1267 0.1247 
         540  1 0.1205 0.1264 0.1185 0.1266 0.1180 0.1241 0.1357 0.1303 
         541  1 0.1259 0.1165 0.1314 0.1310 0.1289 0.1202 0.1272 0.1189 
         542  1 0.1240 0.1268 0.1246 0.1269 0.1303 0.1195 0.1231 0.1247 
         543  1 0.1240 0.1294 0.1266 0.1203 0.1236 0.1199 0.1217 0.1345 
         544  1 0.1232 0.1289 0.1275 0.1240 0.1215 0.1212 0.1301 0.1235 
         545  1 0.1191 0.1274 0.1311 0.1235 0.1225 0.1213 0.1249 0.1301 
         546  1 0.1242 0.1286 0.1253 0.1234 0.1212 0.1298 0.1242 0.1233 
         547  1 0.1228 0.1262 0.1237 0.1220 0.1251 0.1250 0.1258 0.1294 
