           1  1 0.1283 0.1237 0.1290 0.1215 0.1210 0.1250 0.1224 0.1290 
           2  1 0.1268 0.1231 0.1312 0.1235 0.1239 0.1241 0.1208 0.1265 
           3  1 0.1202 0.1202 0.1321 0.1245 0.1283 0.1200 0.1251 0.1295 
           4  1 0.1250 0.1205 0.1338 0.1250 0.1203 0.1262 0.1238 0.1253 
           5  1 0.1259 0.1251 0.1250 0.1259 0.1220 0.1244 0.1241 0.1276 
           6  1 0.1272 0.1250 0.1219 0.1215 0.1258 0.1266 0.1236 0.1283 
           7  1 0.1293 0.1236 0.1266 0.1238 0.1207 0.1269 0.1228 0.1264 
           8  1 0.1232 0.1223 0.1277 0.1241 0.1268 0.1251 0.1245 0.1263 
           9  1 0.1262 0.1234 0.1238 0.1307 0.1267 0.1242 0.1242 0.1208 
          10  1 0.1253 0.1288 0.1228 0.1226 0.1231 0.1262 0.1285 0.1227 
          11  1 0.1232 0.1297 0.1187 0.1228 0.1260 0.1294 0.1275 0.1227 
          12  1 0.1248 0.1259 0.1210 0.1280 0.1255 0.1264 0.1265 0.1219 
          13  1 0.1258 0.1257 0.1212 0.1241 0.1300 0.1223 0.1225 0.1284 
          14  1 0.1239 0.1241 0.1287 0.1266 0.1251 0.1212 0.1195 0.1309 
          15  1 0.1295 0.1249 0.1299 0.1222 0.1213 0.1265 0.1210 0.1246 
          16  1 0.1259 0.1278 0.1223 0.1208 0.1214 0.1266 0.1260 0.1293 
          17  1 0.1270 0.1264 0.1224 0.1254 0.1239 0.1261 0.1266 0.1223 
          18  1 0.1237 0.1247 0.1196 0.1320 0.1253 0.1259 0.1264 0.1224 
          19  1 0.1263 0.1227 0.1264 0.1273 0.1235 0.1231 0.1241 0.1266 
          20  1 0.1284 0.1298 0.1167 0.1238 0.1219 0.1305 0.1245 0.1244 
          21  1 0.1228 0.1253 0.1228 0.1235 0.1292 0.1190 0.1248 0.1326 
          22  1 0.1262 0.1256 0.1194 0.1242 0.1315 0.1258 0.1217 0.1256 
          23  1 0.1268 0.1285 0.1245 0.1245 0.1250 0.1252 0.1171 0.1283 
          24  1 0.1242 0.1248 0.1338 0.1240 0.1183 0.1248 0.1194 0.1306 
          25  1 0.1294 0.1224 0.1323 0.1206 0.1240 0.1246 0.1223 0.1244 
          26  1 0.1279 0.1277 0.1214 0.1250 0.1230 0.1279 0.1259 0.1212 
          27  1 0.1220 0.1233 0.1262 0.1252 0.1326 0.1207 0.1234 0.1265 
          28  1 0.1241 0.1244 0.1279 0.1228 0.1243 0.1249 0.1248 0.1268 
          29  1 0.1269 0.1239 0.1305 0.1246 0.1194 0.1247 0.1235 0.1264 
          30  1 0.1249 0.1246 0.1284 0.1242 0.1243 0.1259 0.1240 0.1238 
          31  1 0.1245 0.1268 0.1184 0.1236 0.1328 0.1234 0.1224 0.1281 
          32  1 0.1240 0.1253 0.1266 0.1261 0.1215 0.1248 0.1249 0.1268 
          33  1 0.1195 0.1231 0.1198 0.1269 0.1323 0.1234 0.1325 0.1225 
          34  1 0.1266 0.1295 0.1210 0.1235 0.1201 0.1262 0.1270 0.1261 
          35  1 0.1261 0.1249 0.1260 0.1226 0.1261 0.1244 0.1254 0.1246 
          36  1 0.1253 0.1226 0.1264 0.1253 0.1265 0.1234 0.1255 0.1249 
          37  1 0.1272 0.1216 0.1202 0.1249 0.1228 0.1272 0.1353 0.1209 
          38  1 0.1234 0.1223 0.1245 0.1228 0.1315 0.1275 0.1263 0.1217 
          39  1 0.1231 0.1224 0.1323 0.1278 0.1199 0.1208 0.1263 0.1274 
          40  1 0.1243 0.1267 0.1208 0.1252 0.1328 0.1237 0.1231 0.1233 
          41  1 0.1205 0.1246 0.1190 0.1260 0.1305 0.1285 0.1270 0.1239 
          42  1 0.1218 0.1255 0.1233 0.1246 0.1275 0.1286 0.1273 0.1214 
          43  1 0.1234 0.1261 0.1266 0.1258 0.1253 0.1225 0.1250 0.1252 
          44  1 0.1242 0.1282 0.1220 0.1238 0.1240 0.1271 0.1217 0.1289 
          45  1 0.1289 0.1270 0.1174 0.1247 0.1244 0.1274 0.1209 0.1292 
          46  1 0.1237 0.1220 0.1250 0.1270 0.1224 0.1284 0.1239 0.1276 
          47  1 0.1228 0.1234 0.1246 0.1270 0.1267 0.1252 0.1245 0.1259 
          48  1 0.1240 0.1235 0.1297 0.1239 0.1263 0.1219 0.1258 0.1250 
          49  1 0.1240 0.1268 0.1239 0.1240 0.1280 0.1246 0.1276 0.1212 
          50  1 0.1238 0.1288 0.1243 0.1230 0.1265 0.1204 0.1216 0.1315 
          51  1 0.1221 0.1208 0.1184 0.1306 0.1212 0.1334 0.1343 0.1192 
          52  1 0.1268 0.1298 0.1189 0.1188 0.1232 0.1270 0.1342 0.1212 
          53  1 0.1268 0.1298 0.1181 0.1206 0.1230 0.1269 0.1354 0.1195 
          54  1 0.1229 0.1273 0.1219 0.1251 0.1265 0.1291 0.1280 0.1191 
          55  1 0.1247 0.1310 0.1202 0.1278 0.1234 0.1279 0.1239 0.1210 
          56  1 0.1208 0.1244 0.1279 0.1219 0.1291 0.1224 0.1243 0.1293 
          57  1 0.1218 0.1267 0.1184 0.1281 0.1250 0.1294 0.1291 0.1215 
          58  1 0.1227 0.1220 0.1201 0.1266 0.1197 0.1299 0.1388 0.1202 
          59  1 0.1243 0.1295 0.1227 0.1217 0.1263 0.1298 0.1253 0.1204 
          60  1 0.1301 0.1241 0.1246 0.1252 0.1222 0.1262 0.1206 0.1270 
          61  1 0.1274 0.1255 0.1298 0.1236 0.1202 0.1222 0.1238 0.1275 
          62  1 0.1225 0.1206 0.1233 0.1291 0.1283 0.1231 0.1291 0.1240 
          63  1 0.1251 0.1246 0.1274 0.1237 0.1298 0.1212 0.1222 0.1259 
          64  1 0.1236 0.1278 0.1236 0.1242 0.1228 0.1281 0.1285 0.1214 
          65  1 0.1274 0.1232 0.1250 0.1265 0.1222 0.1250 0.1240 0.1266 
          66  1 0.1247 0.1192 0.1399 0.1281 0.1182 0.1213 0.1229 0.1257 
          67  1 0.1226 0.1217 0.1268 0.1256 0.1225 0.1284 0.1350 0.1174 
          68  1 0.1233 0.1238 0.1200 0.1272 0.1273 0.1241 0.1272 0.1270 
          69  1 0.1269 0.1250 0.1253 0.1272 0.1250 0.1253 0.1218 0.1235 
          70  1 0.1228 0.1218 0.1216 0.1278 0.1200 0.1315 0.1338 0.1205 
          71  1 0.1291 0.1287 0.1169 0.1299 0.1260 0.1240 0.1175 0.1279 
          72  1 0.1208 0.1225 0.1263 0.1239 0.1241 0.1272 0.1339 0.1213 
          73  1 0.1191 0.1229 0.1341 0.1253 0.1214 0.1247 0.1277 0.1248 
          74  1 0.1252 0.1251 0.1178 0.1256 0.1250 0.1266 0.1314 0.1233 
          75  1 0.1196 0.1201 0.1304 0.1276 0.1270 0.1239 0.1270 0.1244 
          76  1 0.1242 0.1254 0.1236 0.1241 0.1270 0.1227 0.1267 0.1262 
          77  1 0.1260 0.1251 0.1254 0.1235 0.1292 0.1221 0.1239 0.1248 
          78  1 0.1223 0.1242 0.1277 0.1246 0.1276 0.1261 0.1243 0.1232 
          79  1 0.1266 0.1246 0.1257 0.1228 0.1275 0.1240 0.1214 0.1274 
          80  1 0.1209 0.1211 0.1270 0.1254 0.1313 0.1181 0.1264 0.1298 
          81  1 0.1239 0.1271 0.1191 0.1296 0.1256 0.1251 0.1246 0.1250 
          82  1 0.1244 0.1226 0.1251 0.1269 0.1291 0.1248 0.1232 0.1238 
          83  1 0.1275 0.1295 0.1206 0.1277 0.1246 0.1278 0.1219 0.1204 
          84  1 0.1195 0.1263 0.1292 0.1241 0.1275 0.1218 0.1255 0.1261 
          85  1 0.1281 0.1224 0.1285 0.1229 0.1240 0.1245 0.1205 0.1290 
          86  1 0.1233 0.1243 0.1274 0.1230 0.1230 0.1262 0.1281 0.1247 
          87  1 0.1217 0.1235 0.1201 0.1278 0.1264 0.1260 0.1327 0.1218 
          88  1 0.1271 0.1273 0.1222 0.1237 0.1252 0.1267 0.1217 0.1260 
          89  1 0.1213 0.1251 0.1188 0.1250 0.1313 0.1242 0.1307 0.1236 
          90  1 0.1265 0.1209 0.1290 0.1266 0.1215 0.1263 0.1267 0.1226 
          91  1 0.1256 0.1237 0.1225 0.1288 0.1216 0.1276 0.1276 0.1227 
          92  1 0.1225 0.1239 0.1279 0.1234 0.1299 0.1197 0.1257 0.1269 
          93  1 0.1239 0.1241 0.1217 0.1264 0.1325 0.1223 0.1235 0.1257 
          94  1 0.1265 0.1321 0.1171 0.1221 0.1228 0.1325 0.1257 0.1210 
          95  1 0.1271 0.1290 0.1261 0.1197 0.1246 0.1264 0.1220 0.1250 
          96  1 0.1248 0.1243 0.1283 0.1225 0.1252 0.1250 0.1232 0.1267 
          97  1 0.1212 0.1264 0.1249 0.1247 0.1267 0.1250 0.1297 0.1213 
          98  1 0.1275 0.1287 0.1212 0.1270 0.1233 0.1273 0.1250 0.1199 
          99  1 0.1214 0.1189 0.1297 0.1306 0.1227 0.1269 0.1273 0.1226 
         100  1 0.1184 0.1233 0.1241 0.1279 0.1272 0.1295 0.1281 0.1215 
         101  1 0.1254 0.1304 0.1204 0.1219 0.1321 0.1237 0.1254 0.1208 
         102  1 0.1262 0.1262 0.1217 0.1245 0.1308 0.1207 0.1265 0.1234 
         103  1 0.1224 0.1262 0.1223 0.1254 0.1241 0.1288 0.1288 0.1220 
         104  1 0.1246 0.1224 0.1260 0.1280 0.1219 0.1255 0.1287 0.1229 
         105  1 0.1224 0.1268 0.1191 0.1228 0.1276 0.1260 0.1290 0.1261 
         106  1 0.1281 0.1273 0.1231 0.1230 0.1237 0.1272 0.1247 0.1229 
         107  1 0.1305 0.1307 0.1234 0.1262 0.1163 0.1295 0.1188 0.1247 
         108  1 0.1220 0.1246 0.1236 0.1244 0.1292 0.1284 0.1234 0.1243 
         109  1 0.1245 0.1164 0.1428 0.1246 0.1201 0.1217 0.1192 0.1306 
         110  1 0.1252 0.1211 0.1277 0.1226 0.1305 0.1237 0.1227 0.1265 
         111  1 0.1321 0.1245 0.1284 0.1227 0.1196 0.1239 0.1209 0.1279 
         112  1 0.1268 0.1267 0.1299 0.1226 0.1219 0.1216 0.1232 0.1273 
         113  1 0.1286 0.1272 0.1245 0.1218 0.1262 0.1236 0.1222 0.1259 
         114  1 0.1241 0.1249 0.1230 0.1239 0.1276 0.1251 0.1250 0.1263 
         115  1 0.1239 0.1234 0.1217 0.1234 0.1241 0.1264 0.1281 0.1290 
         116  1 0.1216 0.1258 0.1235 0.1257 0.1282 0.1282 0.1251 0.1218 
         117  1 0.1269 0.1283 0.1198 0.1276 0.1219 0.1255 0.1244 0.1257 
         118  1 0.1243 0.1240 0.1249 0.1260 0.1255 0.1249 0.1245 0.1259 
         119  1 0.1277 0.1258 0.1218 0.1275 0.1215 0.1268 0.1238 0.1251 
         120  1 0.1257 0.1246 0.1282 0.1259 0.1219 0.1256 0.1241 0.1240 
         121  1 0.1246 0.1262 0.1258 0.1230 0.1244 0.1221 0.1245 0.1295 
         122  1 0.1250 0.1245 0.1261 0.1236 0.1248 0.1253 0.1253 0.1254 
         123  1 0.1255 0.1237 0.1316 0.1264 0.1203 0.1231 0.1241 0.1253 
         124  1 0.1271 0.1328 0.1145 0.1249 0.1207 0.1314 0.1240 0.1244 
         125  1 0.1278 0.1218 0.1319 0.1261 0.1236 0.1209 0.1217 0.1263 
         126  1 0.1259 0.1276 0.1284 0.1212 0.1229 0.1245 0.1223 0.1271 
         127  1 0.1268 0.1268 0.1258 0.1225 0.1228 0.1270 0.1220 0.1263 
         128  1 0.1193 0.1235 0.1213 0.1269 0.1329 0.1217 0.1323 0.1220 
         129  1 0.1279 0.1264 0.1233 0.1232 0.1236 0.1256 0.1248 0.1252 
         130  1 0.1224 0.1253 0.1267 0.1221 0.1285 0.1224 0.1278 0.1248 
         131  1 0.1299 0.1272 0.1259 0.1262 0.1187 0.1289 0.1193 0.1239 
         132  1 0.1284 0.1274 0.1236 0.1263 0.1239 0.1228 0.1208 0.1267 
         133  1 0.1219 0.1243 0.1291 0.1230 0.1287 0.1232 0.1258 0.1240 
         134  1 0.1232 0.1176 0.1388 0.1240 0.1235 0.1202 0.1253 0.1274 
         135  1 0.1231 0.1238 0.1259 0.1248 0.1205 0.1289 0.1295 0.1236 
         136  1 0.1270 0.1241 0.1216 0.1239 0.1263 0.1255 0.1284 0.1231 
         137  1 0.1230 0.1283 0.1283 0.1225 0.1233 0.1230 0.1246 0.1270 
         138  1 0.1247 0.1265 0.1276 0.1228 0.1281 0.1224 0.1242 0.1236 
         139  1 0.1244 0.1301 0.1210 0.1243 0.1239 0.1273 0.1253 0.1238 
         140  1 0.1235 0.1267 0.1198 0.1256 0.1286 0.1248 0.1270 0.1240 
         141  1 0.1228 0.1236 0.1252 0.1225 0.1233 0.1239 0.1310 0.1278 
         142  1 0.1249 0.1274 0.1264 0.1251 0.1183 0.1237 0.1257 0.1285 
         143  1 0.1254 0.1266 0.1295 0.1244 0.1220 0.1204 0.1218 0.1299 
         144  1 0.1272 0.1248 0.1267 0.1230 0.1216 0.1261 0.1250 0.1255 
         145  1 0.1216 0.1240 0.1242 0.1324 0.1242 0.1269 0.1251 0.1216 
         146  1 0.1259 0.1258 0.1268 0.1257 0.1225 0.1255 0.1236 0.1241 
         147  1 0.1264 0.1257 0.1228 0.1239 0.1278 0.1239 0.1248 0.1249 
         148  1 0.1277 0.1251 0.1274 0.1233 0.1258 0.1212 0.1229 0.1265 
         149  1 0.1272 0.1243 0.1295 0.1233 0.1195 0.1228 0.1233 0.1300 
         150  1 0.1246 0.1252 0.1283 0.1210 0.1256 0.1227 0.1251 0.1274 
         151  1 0.1244 0.1239 0.1211 0.1263 0.1306 0.1247 0.1282 0.1208 
         152  1 0.1253 0.1241 0.1272 0.1256 0.1242 0.1254 0.1245 0.1236 
         153  1 0.1265 0.1240 0.1236 0.1267 0.1246 0.1292 0.1265 0.1190 
         154  1 0.1261 0.1238 0.1351 0.1229 0.1235 0.1180 0.1259 0.1247 
         155  1 0.1245 0.1229 0.1214 0.1229 0.1299 0.1256 0.1292 0.1234 
         156  1 0.1277 0.1263 0.1205 0.1268 0.1247 0.1252 0.1267 0.1221 
         157  1 0.1240 0.1246 0.1282 0.1255 0.1218 0.1234 0.1237 0.1290 
         158  1 0.1215 0.1222 0.1300 0.1246 0.1257 0.1241 0.1257 0.1262 
         159  1 0.1233 0.1217 0.1326 0.1231 0.1219 0.1228 0.1232 0.1314 
         160  1 0.1255 0.1235 0.1237 0.1226 0.1295 0.1237 0.1247 0.1268 
         161  1 0.1259 0.1239 0.1283 0.1260 0.1219 0.1236 0.1259 0.1246 
         162  1 0.1246 0.1251 0.1234 0.1271 0.1257 0.1278 0.1238 0.1225 
         163  1 0.1217 0.1273 0.1269 0.1216 0.1217 0.1289 0.1278 0.1241 
         164  1 0.1257 0.1243 0.1204 0.1217 0.1275 0.1259 0.1303 0.1242 
         165  1 0.1251 0.1255 0.1229 0.1267 0.1251 0.1269 0.1229 0.1250 
         166  1 0.1284 0.1245 0.1193 0.1262 0.1239 0.1274 0.1262 0.1241 
         167  1 0.1273 0.1239 0.1247 0.1266 0.1224 0.1256 0.1216 0.1279 
         168  1 0.1253 0.1230 0.1257 0.1269 0.1210 0.1289 0.1252 0.1241 
         169  1 0.1235 0.1287 0.1194 0.1210 0.1292 0.1254 0.1271 0.1256 
         170  1 0.1242 0.1281 0.1223 0.1255 0.1262 0.1248 0.1237 0.1253 
         171  1 0.1204 0.1224 0.1279 0.1247 0.1295 0.1210 0.1253 0.1288 
         172  1 0.1216 0.1264 0.1219 0.1203 0.1284 0.1279 0.1260 0.1274 
         173  1 0.1248 0.1217 0.1295 0.1247 0.1263 0.1216 0.1238 0.1277 
         174  1 0.1259 0.1241 0.1297 0.1253 0.1236 0.1230 0.1198 0.1286 
         175  1 0.1267 0.1249 0.1219 0.1237 0.1269 0.1267 0.1260 0.1232 
         176  1 0.1271 0.1257 0.1245 0.1245 0.1238 0.1256 0.1238 0.1251 
         177  1 0.1206 0.1211 0.1253 0.1268 0.1291 0.1254 0.1258 0.1259 
         178  1 0.1252 0.1240 0.1242 0.1260 0.1250 0.1264 0.1250 0.1243 
         179  1 0.1257 0.1229 0.1318 0.1222 0.1294 0.1198 0.1224 0.1259 
         180  1 0.1264 0.1271 0.1211 0.1237 0.1256 0.1252 0.1217 0.1292 
         181  1 0.1229 0.1230 0.1211 0.1281 0.1258 0.1258 0.1283 0.1251 
         182  1 0.1255 0.1260 0.1190 0.1287 0.1253 0.1288 0.1228 0.1240 
         183  1 0.1239 0.1234 0.1221 0.1227 0.1304 0.1283 0.1234 0.1257 
         184  1 0.1254 0.1240 0.1225 0.1252 0.1271 0.1260 0.1222 0.1275 
         185  1 0.1191 0.1246 0.1224 0.1262 0.1287 0.1290 0.1283 0.1218 
         186  1 0.1269 0.1255 0.1202 0.1249 0.1209 0.1280 0.1285 0.1252 
         187  1 0.1283 0.1284 0.1203 0.1223 0.1268 0.1256 0.1252 0.1232 
         188  1 0.1247 0.1266 0.1203 0.1245 0.1322 0.1243 0.1278 0.1196 
         189  1 0.1224 0.1242 0.1226 0.1256 0.1320 0.1244 0.1260 0.1229 
         190  1 0.1266 0.1259 0.1196 0.1242 0.1273 0.1254 0.1269 0.1240 
         191  1 0.1245 0.1261 0.1223 0.1220 0.1314 0.1231 0.1201 0.1305 
         192  1 0.1233 0.1275 0.1293 0.1244 0.1210 0.1213 0.1233 0.1299 
         193  1 0.1250 0.1227 0.1228 0.1280 0.1328 0.1209 0.1220 0.1258 
         194  1 0.1232 0.1261 0.1284 0.1277 0.1230 0.1247 0.1226 0.1242 
         195  1 0.1241 0.1200 0.1299 0.1268 0.1206 0.1261 0.1237 0.1290 
         196  1 0.1250 0.1277 0.1208 0.1245 0.1264 0.1290 0.1217 0.1249 
         197  1 0.1254 0.1270 0.1287 0.1249 0.1218 0.1207 0.1264 0.1251 
         198  1 0.1301 0.1267 0.1193 0.1266 0.1235 0.1246 0.1209 0.1283 
         199  1 0.1248 0.1258 0.1264 0.1225 0.1278 0.1208 0.1270 0.1249 
         200  1 0.1245 0.1226 0.1322 0.1236 0.1242 0.1253 0.1239 0.1237 
         201  1 0.1237 0.1237 0.1253 0.1292 0.1213 0.1300 0.1269 0.1198 
         202  1 0.1275 0.1247 0.1229 0.1257 0.1240 0.1288 0.1228 0.1236 
         203  1 0.1227 0.1268 0.1261 0.1229 0.1276 0.1224 0.1257 0.1258 
         204  1 0.1299 0.1249 0.1246 0.1221 0.1200 0.1284 0.1243 0.1257 
         205  1 0.1263 0.1206 0.1241 0.1248 0.1304 0.1247 0.1236 0.1256 
         206  1 0.1283 0.1240 0.1227 0.1274 0.1227 0.1249 0.1216 0.1283 
         207  1 0.1279 0.1262 0.1196 0.1255 0.1253 0.1259 0.1254 0.1243 
         208  1 0.1247 0.1212 0.1320 0.1259 0.1194 0.1246 0.1264 0.1259 
         209  1 0.1226 0.1271 0.1263 0.1234 0.1245 0.1248 0.1252 0.1263 
         210  1 0.1228 0.1241 0.1309 0.1242 0.1278 0.1177 0.1233 0.1292 
         211  1 0.1219 0.1162 0.1562 0.1245 0.1146 0.1207 0.1214 0.1245 
         212  1 0.1234 0.1232 0.1205 0.1302 0.1278 0.1241 0.1277 0.1232 
         213  1 0.1275 0.1240 0.1233 0.1266 0.1253 0.1245 0.1256 0.1232 
         214  1 0.1221 0.1227 0.1361 0.1208 0.1217 0.1227 0.1255 0.1283 
         215  1 0.1221 0.1273 0.1284 0.1208 0.1226 0.1250 0.1255 0.1283 
         216  1 0.1285 0.1262 0.1205 0.1229 0.1300 0.1239 0.1221 0.1259 
         217  1 0.1229 0.1217 0.1312 0.1225 0.1261 0.1242 0.1256 0.1259 
         218  1 0.1256 0.1248 0.1169 0.1268 0.1302 0.1235 0.1208 0.1315 
         219  1 0.1223 0.1214 0.1264 0.1291 0.1250 0.1269 0.1260 0.1228 
         220  1 0.1256 0.1236 0.1298 0.1266 0.1266 0.1216 0.1187 0.1277 
         221  1 0.1251 0.1214 0.1285 0.1266 0.1196 0.1244 0.1304 0.1239 
         222  1 0.1261 0.1279 0.1185 0.1260 0.1220 0.1287 0.1270 0.1236 
         223  1 0.1302 0.1271 0.1211 0.1284 0.1163 0.1275 0.1283 0.1210 
         224  1 0.1271 0.1297 0.1225 0.1222 0.1222 0.1282 0.1240 0.1241 
         225  1 0.1243 0.1265 0.1210 0.1278 0.1258 0.1224 0.1271 0.1251 
         226  1 0.1265 0.1245 0.1244 0.1247 0.1286 0.1209 0.1224 0.1280 
         227  1 0.1241 0.1213 0.1234 0.1230 0.1214 0.1286 0.1372 0.1209 
         228  1 0.1274 0.1243 0.1271 0.1247 0.1246 0.1247 0.1215 0.1257 
         229  1 0.1267 0.1289 0.1210 0.1253 0.1266 0.1240 0.1261 0.1213 
         230  1 0.1234 0.1239 0.1250 0.1266 0.1243 0.1233 0.1286 0.1249 
         231  1 0.1214 0.1269 0.1230 0.1260 0.1267 0.1287 0.1279 0.1194 
         232  1 0.1294 0.1301 0.1241 0.1248 0.1234 0.1231 0.1229 0.1222 
         233  1 0.1274 0.1240 0.1248 0.1283 0.1186 0.1274 0.1253 0.1240 
         234  1 0.1257 0.1275 0.1221 0.1257 0.1262 0.1213 0.1251 0.1263 
         235  1 0.1259 0.1263 0.1198 0.1269 0.1237 0.1286 0.1277 0.1211 
         236  1 0.1191 0.1255 0.1312 0.1304 0.1242 0.1196 0.1256 0.1244 
         237  1 0.1254 0.1257 0.1211 0.1311 0.1207 0.1271 0.1267 0.1221 
         238  1 0.1193 0.1209 0.1283 0.1260 0.1325 0.1217 0.1278 0.1236 
         239  1 0.1236 0.1295 0.1204 0.1225 0.1298 0.1247 0.1259 0.1237 
         240  1 0.1251 0.1224 0.1256 0.1234 0.1297 0.1249 0.1221 0.1267 
         241  1 0.1238 0.1302 0.1221 0.1238 0.1244 0.1275 0.1266 0.1216 
         242  1 0.1272 0.1289 0.1250 0.1211 0.1199 0.1272 0.1276 0.1231 
         243  1 0.1278 0.1236 0.1243 0.1252 0.1215 0.1262 0.1234 0.1279 
         244  1 0.1218 0.1218 0.1227 0.1268 0.1273 0.1279 0.1285 0.1231 
         245  1 0.1285 0.1313 0.1204 0.1227 0.1247 0.1239 0.1241 0.1244 
         246  1 0.1192 0.1229 0.1196 0.1267 0.1375 0.1218 0.1278 0.1245 
         247  1 0.1228 0.1200 0.1259 0.1269 0.1272 0.1252 0.1256 0.1264 
         248  1 0.1214 0.1228 0.1231 0.1273 0.1275 0.1228 0.1312 0.1240 
         249  1 0.1241 0.1235 0.1264 0.1256 0.1255 0.1264 0.1225 0.1261 
         250  1 0.1262 0.1267 0.1194 0.1234 0.1268 0.1248 0.1267 0.1260 
         251  1 0.1164 0.1214 0.1180 0.1285 0.1342 0.1283 0.1332 0.1200 
         252  1 0.1227 0.1257 0.1299 0.1262 0.1237 0.1224 0.1211 0.1283 
         253  1 0.1252 0.1247 0.1291 0.1222 0.1244 0.1232 0.1233 0.1277 
         254  1 0.1247 0.1277 0.1238 0.1268 0.1266 0.1238 0.1221 0.1245 
         255  1 0.1254 0.1241 0.1288 0.1245 0.1237 0.1229 0.1205 0.1301 
         256  1 0.1267 0.1284 0.1244 0.1233 0.1234 0.1256 0.1245 0.1238 
         257  1 0.1225 0.1181 0.1362 0.1259 0.1242 0.1252 0.1242 0.1238 
         258  1 0.1258 0.1230 0.1328 0.1262 0.1201 0.1224 0.1228 0.1268 
         259  1 0.1237 0.1242 0.1357 0.1211 0.1242 0.1211 0.1225 0.1275 
         260  1 0.1243 0.1236 0.1258 0.1286 0.1282 0.1230 0.1219 0.1247 
         261  1 0.1294 0.1351 0.1158 0.1237 0.1224 0.1312 0.1212 0.1213 
         262  1 0.1228 0.1238 0.1346 0.1276 0.1206 0.1207 0.1217 0.1282 
         263  1 0.1247 0.1264 0.1199 0.1277 0.1289 0.1221 0.1283 0.1220 
         264  1 0.1269 0.1229 0.1267 0.1225 0.1243 0.1257 0.1258 0.1252 
         265  1 0.1236 0.1232 0.1261 0.1245 0.1277 0.1246 0.1245 0.1259 
         266  1 0.1232 0.1234 0.1205 0.1237 0.1316 0.1282 0.1271 0.1223 
         267  1 0.1236 0.1274 0.1292 0.1228 0.1226 0.1238 0.1217 0.1289 
         268  1 0.1287 0.1257 0.1258 0.1275 0.1202 0.1265 0.1203 0.1254 
         269  1 0.1283 0.1241 0.1384 0.1245 0.1150 0.1234 0.1192 0.1271 
         270  1 0.1238 0.1256 0.1237 0.1218 0.1285 0.1265 0.1231 0.1271 
         271  1 0.1243 0.1253 0.1201 0.1223 0.1321 0.1220 0.1279 0.1260 
         272  1 0.1225 0.1232 0.1270 0.1236 0.1263 0.1243 0.1273 0.1258 
         273  1 0.1230 0.1261 0.1192 0.1280 0.1254 0.1298 0.1275 0.1210 
         274  1 0.1246 0.1290 0.1263 0.1254 0.1271 0.1212 0.1229 0.1235 
         275  1 0.1240 0.1197 0.1372 0.1243 0.1234 0.1209 0.1244 0.1263 
         276  1 0.1268 0.1263 0.1178 0.1234 0.1331 0.1274 0.1223 0.1229 
         277  1 0.1271 0.1246 0.1218 0.1231 0.1234 0.1269 0.1256 0.1276 
         278  1 0.1271 0.1273 0.1280 0.1225 0.1210 0.1281 0.1219 0.1241 
         279  1 0.1282 0.1261 0.1252 0.1262 0.1206 0.1218 0.1243 0.1277 
         280  1 0.1305 0.1254 0.1258 0.1237 0.1202 0.1284 0.1204 0.1257 
         281  1 0.1238 0.1258 0.1191 0.1300 0.1258 0.1267 0.1276 0.1211 
         282  1 0.1283 0.1274 0.1173 0.1250 0.1250 0.1280 0.1247 0.1243 
         283  1 0.1271 0.1241 0.1239 0.1246 0.1232 0.1243 0.1232 0.1296 
         284  1 0.1292 0.1277 0.1201 0.1265 0.1236 0.1272 0.1217 0.1240 
         285  1 0.1249 0.1236 0.1232 0.1269 0.1238 0.1264 0.1302 0.1211 
         286  1 0.1293 0.1230 0.1293 0.1257 0.1210 0.1233 0.1189 0.1294 
         287  1 0.1220 0.1246 0.1192 0.1250 0.1327 0.1280 0.1254 0.1232 
         288  1 0.1252 0.1240 0.1225 0.1241 0.1296 0.1251 0.1257 0.1237 
         289  1 0.1233 0.1261 0.1240 0.1268 0.1227 0.1279 0.1279 0.1213 
         290  1 0.1354 0.1343 0.1170 0.1240 0.1182 0.1276 0.1198 0.1236 
         291  1 0.1268 0.1241 0.1319 0.1251 0.1204 0.1257 0.1219 0.1241 
         292  1 0.1213 0.1227 0.1250 0.1247 0.1345 0.1211 0.1265 0.1242 
         293  1 0.1231 0.1251 0.1249 0.1252 0.1239 0.1278 0.1261 0.1239 
         294  1 0.1236 0.1265 0.1212 0.1265 0.1269 0.1258 0.1299 0.1196 
         295  1 0.1248 0.1254 0.1294 0.1244 0.1233 0.1257 0.1228 0.1242 
         296  1 0.1306 0.1281 0.1241 0.1230 0.1191 0.1259 0.1278 0.1214 
         297  1 0.1227 0.1250 0.1205 0.1234 0.1295 0.1252 0.1320 0.1217 
         298  1 0.1284 0.1295 0.1273 0.1215 0.1188 0.1235 0.1247 0.1263 
         299  1 0.1191 0.1216 0.1187 0.1238 0.1295 0.1280 0.1397 0.1195 
         300  1 0.1236 0.1221 0.1366 0.1246 0.1174 0.1263 0.1222 0.1271 
         301  1 0.1229 0.1232 0.1205 0.1242 0.1312 0.1293 0.1255 0.1232 
         302  1 0.1221 0.1219 0.1255 0.1237 0.1309 0.1218 0.1281 0.1259 
         303  1 0.1265 0.1242 0.1259 0.1239 0.1315 0.1212 0.1183 0.1284 
         304  1 0.1287 0.1263 0.1220 0.1288 0.1253 0.1217 0.1187 0.1286 
         305  1 0.1271 0.1257 0.1215 0.1296 0.1259 0.1233 0.1187 0.1282 
         306  1 0.1215 0.1236 0.1259 0.1258 0.1262 0.1280 0.1227 0.1263 
         307  1 0.1277 0.1251 0.1290 0.1252 0.1181 0.1255 0.1245 0.1250 
         308  1 0.1281 0.1235 0.1283 0.1245 0.1199 0.1245 0.1266 0.1245 
         309  1 0.1216 0.1232 0.1227 0.1270 0.1298 0.1276 0.1259 0.1222 
         310  1 0.1242 0.1248 0.1254 0.1230 0.1225 0.1269 0.1250 0.1283 
         311  1 0.1250 0.1266 0.1252 0.1248 0.1257 0.1247 0.1205 0.1276 
         312  1 0.1291 0.1279 0.1180 0.1272 0.1287 0.1195 0.1185 0.1313 
         313  1 0.1257 0.1203 0.1258 0.1284 0.1239 0.1234 0.1263 0.1262 
         314  1 0.1236 0.1311 0.1259 0.1200 0.1237 0.1254 0.1267 0.1237 
         315  1 0.1235 0.1252 0.1318 0.1214 0.1249 0.1238 0.1226 0.1268 
         316  1 0.1270 0.1301 0.1271 0.1233 0.1214 0.1280 0.1214 0.1217 
         317  1 0.1291 0.1309 0.1224 0.1230 0.1228 0.1266 0.1216 0.1237 
         318  1 0.1257 0.1245 0.1230 0.1296 0.1263 0.1237 0.1237 0.1237 
         319  1 0.1238 0.1205 0.1324 0.1272 0.1224 0.1234 0.1188 0.1314 
         320  1 0.1260 0.1251 0.1269 0.1194 0.1269 0.1268 0.1253 0.1235 
         321  1 0.1245 0.1207 0.1283 0.1249 0.1214 0.1271 0.1276 0.1254 
         322  1 0.1223 0.1270 0.1196 0.1260 0.1317 0.1236 0.1290 0.1208 
         323  1 0.1273 0.1300 0.1234 0.1189 0.1253 0.1267 0.1228 0.1256 
         324  1 0.1273 0.1228 0.1336 0.1256 0.1184 0.1228 0.1251 0.1244 
         325  1 0.1236 0.1272 0.1233 0.1214 0.1283 0.1276 0.1263 0.1223 
         326  1 0.1250 0.1209 0.1307 0.1269 0.1250 0.1182 0.1235 0.1298 
         327  1 0.1239 0.1271 0.1209 0.1253 0.1232 0.1293 0.1261 0.1242 
         328  1 0.1256 0.1231 0.1274 0.1249 0.1248 0.1225 0.1267 0.1250 
         329  1 0.1248 0.1257 0.1240 0.1237 0.1257 0.1228 0.1256 0.1277 
         330  1 0.1230 0.1249 0.1222 0.1260 0.1253 0.1262 0.1238 0.1285 
         331  1 0.1305 0.1259 0.1265 0.1252 0.1205 0.1261 0.1203 0.1250 
         332  1 0.1270 0.1224 0.1266 0.1302 0.1188 0.1261 0.1238 0.1250 
         333  1 0.1258 0.1269 0.1212 0.1237 0.1251 0.1242 0.1255 0.1277 
         334  1 0.1217 0.1240 0.1251 0.1247 0.1269 0.1258 0.1264 0.1255 
         335  1 0.1248 0.1258 0.1185 0.1287 0.1241 0.1336 0.1271 0.1173 
         336  1 0.1244 0.1296 0.1151 0.1221 0.1290 0.1320 0.1281 0.1196 
         337  1 0.1238 0.1219 0.1313 0.1264 0.1233 0.1250 0.1259 0.1223 
         338  1 0.1201 0.1257 0.1255 0.1277 0.1304 0.1201 0.1236 0.1269 
         339  1 0.1274 0.1282 0.1234 0.1219 0.1277 0.1244 0.1227 0.1243 
         340  1 0.1265 0.1247 0.1283 0.1285 0.1208 0.1246 0.1225 0.1242 
         341  1 0.1267 0.1246 0.1240 0.1247 0.1266 0.1265 0.1199 0.1270 
         342  1 0.1226 0.1220 0.1271 0.1256 0.1295 0.1223 0.1275 0.1234 
         343  1 0.1247 0.1221 0.1204 0.1278 0.1245 0.1271 0.1266 0.1268 
         344  1 0.1232 0.1227 0.1317 0.1258 0.1236 0.1250 0.1227 0.1252 
         345  1 0.1244 0.1224 0.1247 0.1270 0.1238 0.1286 0.1256 0.1235 
         346  1 0.1300 0.1248 0.1214 0.1230 0.1248 0.1261 0.1264 0.1235 
         347  1 0.1266 0.1218 0.1252 0.1267 0.1281 0.1202 0.1251 0.1264 
         348  1 0.1229 0.1259 0.1273 0.1243 0.1263 0.1197 0.1231 0.1305 
         349  1 0.1216 0.1238 0.1195 0.1258 0.1339 0.1261 0.1232 0.1261 
         350  1 0.1337 0.1303 0.1238 0.1243 0.1165 0.1279 0.1196 0.1239 
         351  1 0.1252 0.1236 0.1242 0.1248 0.1255 0.1263 0.1246 0.1257 
         352  1 0.1277 0.1227 0.1192 0.1292 0.1196 0.1308 0.1281 0.1227 
         353  1 0.1279 0.1254 0.1231 0.1250 0.1252 0.1252 0.1207 0.1276 
         354  1 0.1251 0.1264 0.1233 0.1208 0.1302 0.1263 0.1233 0.1245 
         355  1 0.1238 0.1281 0.1193 0.1242 0.1284 0.1274 0.1269 0.1220 
         356  1 0.1261 0.1245 0.1238 0.1259 0.1250 0.1250 0.1266 0.1232 
         357  1 0.1231 0.1208 0.1366 0.1241 0.1259 0.1214 0.1200 0.1281 
         358  1 0.1277 0.1241 0.1237 0.1277 0.1240 0.1235 0.1222 0.1271 
         359  1 0.1276 0.1221 0.1373 0.1240 0.1193 0.1223 0.1190 0.1284 
         360  1 0.1280 0.1246 0.1203 0.1258 0.1255 0.1256 0.1262 0.1240 
         361  1 0.1186 0.1164 0.1622 0.1226 0.1133 0.1223 0.1230 0.1217 
         362  1 0.1214 0.1232 0.1311 0.1241 0.1292 0.1202 0.1241 0.1267 
         363  1 0.1218 0.1246 0.1221 0.1263 0.1286 0.1249 0.1241 0.1278 
         364  1 0.1254 0.1247 0.1205 0.1251 0.1313 0.1238 0.1246 0.1243 
         365  1 0.1211 0.1203 0.1317 0.1236 0.1264 0.1290 0.1252 0.1227 
         366  1 0.1267 0.1291 0.1211 0.1240 0.1218 0.1294 0.1237 0.1243 
         367  1 0.1261 0.1277 0.1235 0.1297 0.1192 0.1261 0.1230 0.1248 
         368  1 0.1253 0.1288 0.1214 0.1242 0.1219 0.1293 0.1301 0.1189 
         369  1 0.1252 0.1241 0.1216 0.1252 0.1235 0.1283 0.1300 0.1220 
         370  1 0.1226 0.1257 0.1198 0.1271 0.1291 0.1253 0.1261 0.1242 
         371  1 0.1262 0.1233 0.1226 0.1238 0.1294 0.1255 0.1242 0.1250 
         372  1 0.1255 0.1273 0.1226 0.1231 0.1270 0.1235 0.1239 0.1270 
         373  1 0.1270 0.1288 0.1239 0.1226 0.1212 0.1260 0.1250 0.1254 
         374  1 0.1248 0.1272 0.1270 0.1216 0.1265 0.1209 0.1256 0.1265 
         375  1 0.1303 0.1277 0.1249 0.1225 0.1204 0.1244 0.1215 0.1284 
         376  1 0.1227 0.1259 0.1223 0.1241 0.1328 0.1245 0.1253 0.1223 
         377  1 0.1267 0.1260 0.1269 0.1229 0.1264 0.1218 0.1222 0.1271 
         378  1 0.1258 0.1271 0.1218 0.1253 0.1265 0.1251 0.1214 0.1271 
         379  1 0.1246 0.1209 0.1191 0.1265 0.1363 0.1236 0.1274 0.1215 
         380  1 0.1247 0.1262 0.1166 0.1244 0.1303 0.1283 0.1315 0.1180 
         381  1 0.1248 0.1214 0.1314 0.1241 0.1223 0.1226 0.1275 0.1259 
         382  1 0.1236 0.1244 0.1219 0.1235 0.1306 0.1275 0.1240 0.1243 
         383  1 0.1247 0.1258 0.1216 0.1263 0.1275 0.1238 0.1242 0.1260 
         384  1 0.1236 0.1252 0.1254 0.1268 0.1231 0.1253 0.1247 0.1260 
         385  1 0.1223 0.1237 0.1241 0.1262 0.1277 0.1272 0.1223 0.1264 
         386  1 0.1193 0.1273 0.1206 0.1250 0.1233 0.1270 0.1356 0.1219 
         387  1 0.1203 0.1223 0.1309 0.1237 0.1258 0.1238 0.1259 0.1273 
         388  1 0.1204 0.1244 0.1186 0.1273 0.1348 0.1274 0.1259 0.1212 
         389  1 0.1236 0.1245 0.1224 0.1230 0.1328 0.1264 0.1242 0.1230 
         390  1 0.1217 0.1243 0.1378 0.1223 0.1227 0.1239 0.1231 0.1244 
         391  1 0.1221 0.1204 0.1271 0.1294 0.1203 0.1278 0.1304 0.1225 
         392  1 0.1246 0.1246 0.1261 0.1246 0.1242 0.1274 0.1257 0.1227 
         393  1 0.1249 0.1275 0.1212 0.1222 0.1262 0.1279 0.1257 0.1244 
         394  1 0.1273 0.1234 0.1257 0.1268 0.1257 0.1222 0.1234 0.1255 
         395  1 0.1323 0.1230 0.1235 0.1277 0.1213 0.1239 0.1215 0.1267 
         396  1 0.1230 0.1255 0.1234 0.1260 0.1262 0.1268 0.1270 0.1221 
         397  1 0.1256 0.1226 0.1255 0.1263 0.1202 0.1273 0.1259 0.1267 
         398  1 0.1279 0.1254 0.1272 0.1245 0.1210 0.1262 0.1248 0.1230 
         399  1 0.1266 0.1295 0.1196 0.1231 0.1262 0.1261 0.1281 0.1210 
         400  1 0.1240 0.1238 0.1257 0.1282 0.1242 0.1235 0.1242 0.1264 
         401  1 0.1302 0.1262 0.1338 0.1257 0.1173 0.1241 0.1183 0.1244 
         402  1 0.1265 0.1275 0.1246 0.1234 0.1244 0.1251 0.1252 0.1233 
         403  1 0.1250 0.1285 0.1184 0.1284 0.1248 0.1223 0.1233 0.1293 
         404  1 0.1258 0.1279 0.1164 0.1254 0.1268 0.1279 0.1236 0.1263 
         405  1 0.1279 0.1263 0.1226 0.1238 0.1250 0.1252 0.1271 0.1223 
         406  1 0.1294 0.1277 0.1240 0.1205 0.1250 0.1273 0.1196 0.1266 
         407  1 0.1231 0.1224 0.1281 0.1300 0.1236 0.1219 0.1210 0.1297 
         408  1 0.1218 0.1240 0.1212 0.1254 0.1346 0.1250 0.1246 0.1233 
         409  1 0.1229 0.1264 0.1247 0.1238 0.1243 0.1269 0.1242 0.1268 
         410  1 0.1245 0.1241 0.1260 0.1263 0.1226 0.1263 0.1245 0.1258 
         411  1 0.1230 0.1221 0.1321 0.1262 0.1197 0.1264 0.1251 0.1254 
         412  1 0.1285 0.1273 0.1209 0.1243 0.1195 0.1280 0.1279 0.1236 
         413  1 0.1233 0.1235 0.1219 0.1245 0.1304 0.1248 0.1273 0.1242 
         414  1 0.1205 0.1222 0.1176 0.1343 0.1225 0.1328 0.1341 0.1159 
         415  1 0.1309 0.1257 0.1217 0.1277 0.1238 0.1264 0.1201 0.1237 
         416  1 0.1270 0.1293 0.1217 0.1245 0.1225 0.1243 0.1249 0.1259 
         417  1 0.1248 0.1267 0.1220 0.1273 0.1250 0.1252 0.1229 0.1261 
         418  1 0.1276 0.1285 0.1233 0.1222 0.1241 0.1236 0.1208 0.1300 
         419  1 0.1268 0.1226 0.1245 0.1238 0.1250 0.1247 0.1246 0.1279 
         420  1 0.1297 0.1284 0.1236 0.1264 0.1224 0.1240 0.1194 0.1262 
         421  1 0.1243 0.1223 0.1302 0.1225 0.1278 0.1181 0.1218 0.1330 
         422  1 0.1268 0.1304 0.1291 0.1256 0.1188 0.1231 0.1203 0.1259 
         423  1 0.1227 0.1241 0.1287 0.1233 0.1273 0.1240 0.1229 0.1269 
         424  1 0.1230 0.1221 0.1130 0.1244 0.1293 0.1334 0.1368 0.1180 
         425  1 0.1204 0.1237 0.1222 0.1304 0.1300 0.1236 0.1258 0.1238 
         426  1 0.1256 0.1241 0.1242 0.1277 0.1256 0.1233 0.1193 0.1302 
         427  1 0.1282 0.1282 0.1227 0.1255 0.1215 0.1255 0.1212 0.1272 
         428  1 0.1269 0.1271 0.1205 0.1263 0.1217 0.1317 0.1241 0.1216 
         429  1 0.1249 0.1258 0.1207 0.1258 0.1317 0.1278 0.1210 0.1224 
         430  1 0.1309 0.1258 0.1198 0.1282 0.1216 0.1269 0.1205 0.1265 
         431  1 0.1284 0.1230 0.1255 0.1259 0.1228 0.1292 0.1212 0.1240 
         432  1 0.1246 0.1263 0.1222 0.1249 0.1266 0.1260 0.1249 0.1246 
         433  1 0.1228 0.1245 0.1249 0.1263 0.1248 0.1269 0.1274 0.1223 
         434  1 0.1170 0.1197 0.1218 0.1272 0.1317 0.1272 0.1309 0.1245 
         435  1 0.1266 0.1286 0.1219 0.1271 0.1218 0.1270 0.1246 0.1224 
         436  1 0.1258 0.1255 0.1212 0.1268 0.1308 0.1220 0.1196 0.1282 
         437  1 0.1245 0.1238 0.1289 0.1248 0.1284 0.1189 0.1232 0.1274 
         438  1 0.1213 0.1223 0.1246 0.1284 0.1205 0.1284 0.1303 0.1241 
         439  1 0.1253 0.1270 0.1267 0.1251 0.1219 0.1247 0.1206 0.1285 
         440  1 0.1265 0.1250 0.1211 0.1260 0.1269 0.1237 0.1265 0.1242 
         441  1 0.1246 0.1259 0.1250 0.1248 0.1240 0.1223 0.1291 0.1243 
         442  1 0.1215 0.1256 0.1270 0.1268 0.1219 0.1256 0.1274 0.1242 
         443  1 0.1335 0.1305 0.1199 0.1222 0.1216 0.1260 0.1187 0.1275 
         444  1 0.1253 0.1228 0.1302 0.1270 0.1245 0.1226 0.1250 0.1226 
         445  1 0.1224 0.1208 0.1246 0.1247 0.1334 0.1222 0.1258 0.1260 
         446  1 0.1316 0.1267 0.1235 0.1252 0.1180 0.1256 0.1224 0.1271 
         447  1 0.1256 0.1230 0.1239 0.1279 0.1256 0.1252 0.1258 0.1230 
         448  1 0.1252 0.1233 0.1248 0.1268 0.1246 0.1237 0.1248 0.1268 
         449  1 0.1288 0.1245 0.1252 0.1226 0.1252 0.1243 0.1215 0.1278 
         450  1 0.1243 0.1263 0.1238 0.1264 0.1256 0.1277 0.1235 0.1224 
         451  1 0.1199 0.1236 0.1196 0.1274 0.1343 0.1245 0.1303 0.1204 
         452  1 0.1256 0.1280 0.1238 0.1206 0.1271 0.1278 0.1233 0.1237 
         453  1 0.1283 0.1264 0.1242 0.1235 0.1228 0.1262 0.1236 0.1249 
         454  1 0.1286 0.1265 0.1200 0.1236 0.1296 0.1221 0.1239 0.1257 
         455  1 0.1231 0.1260 0.1195 0.1231 0.1280 0.1242 0.1320 0.1241 
         456  1 0.1248 0.1264 0.1204 0.1249 0.1283 0.1227 0.1269 0.1255 
         457  1 0.1288 0.1314 0.1221 0.1216 0.1219 0.1276 0.1221 0.1245 
         458  1 0.1257 0.1276 0.1221 0.1268 0.1270 0.1241 0.1230 0.1237 
         459  1 0.1283 0.1263 0.1193 0.1267 0.1260 0.1281 0.1245 0.1207 
         460  1 0.1245 0.1227 0.1250 0.1273 0.1265 0.1224 0.1270 0.1245 
         461  1 0.1227 0.1235 0.1234 0.1226 0.1259 0.1284 0.1320 0.1215 
         462  1 0.1234 0.1290 0.1231 0.1202 0.1302 0.1242 0.1246 0.1254 
         463  1 0.1253 0.1263 0.1221 0.1242 0.1234 0.1276 0.1277 0.1234 
         464  1 0.1251 0.1274 0.1226 0.1239 0.1234 0.1294 0.1264 0.1218 
         465  1 0.1247 0.1270 0.1342 0.1215 0.1190 0.1231 0.1272 0.1234 
         466  1 0.1273 0.1275 0.1228 0.1241 0.1225 0.1248 0.1254 0.1257 
         467  1 0.1270 0.1248 0.1250 0.1275 0.1191 0.1283 0.1228 0.1256 
         468  1 0.1249 0.1251 0.1210 0.1250 0.1294 0.1255 0.1243 0.1247 
         469  1 0.1190 0.1270 0.1300 0.1275 0.1236 0.1269 0.1230 0.1230 
         470  1 0.1222 0.1248 0.1219 0.1262 0.1271 0.1248 0.1296 0.1233 
         471  1 0.1264 0.1241 0.1184 0.1257 0.1328 0.1212 0.1241 0.1272 
         472  1 0.1254 0.1276 0.1237 0.1254 0.1236 0.1242 0.1255 0.1246 
         473  1 0.1260 0.1222 0.1286 0.1270 0.1238 0.1234 0.1202 0.1287 
         474  1 0.1235 0.1253 0.1232 0.1222 0.1331 0.1218 0.1229 0.1279 
         475  1 0.1249 0.1243 0.1251 0.1217 0.1299 0.1238 0.1256 0.1248 
         476  1 0.1244 0.1250 0.1305 0.1220 0.1265 0.1234 0.1206 0.1275 
         477  1 0.1268 0.1339 0.1182 0.1208 0.1214 0.1312 0.1246 0.1231 
         478  1 0.1271 0.1237 0.1222 0.1265 0.1280 0.1259 0.1219 0.1245 
         479  1 0.1243 0.1223 0.1264 0.1257 0.1263 0.1253 0.1276 0.1222 
         480  1 0.1250 0.1246 0.1246 0.1248 0.1225 0.1251 0.1264 0.1270 
         481  1 0.1248 0.1235 0.1302 0.1226 0.1272 0.1245 0.1262 0.1210 
         482  1 0.1251 0.1267 0.1188 0.1238 0.1284 0.1284 0.1245 0.1243 
         483  1 0.1292 0.1255 0.1274 0.1229 0.1235 0.1227 0.1220 0.1269 
         484  1 0.1294 0.1234 0.1253 0.1226 0.1248 0.1240 0.1274 0.1231 
         485  1 0.1223 0.1256 0.1223 0.1246 0.1283 0.1257 0.1260 0.1252 
         486  1 0.1285 0.1302 0.1225 0.1253 0.1187 0.1307 0.1229 0.1212 
         487  1 0.1276 0.1220 0.1328 0.1237 0.1202 0.1214 0.1229 0.1294 
         488  1 0.1254 0.1213 0.1252 0.1268 0.1230 0.1263 0.1248 0.1271 
         489  1 0.1229 0.1209 0.1373 0.1268 0.1196 0.1214 0.1234 0.1277 
         490  1 0.1263 0.1257 0.1247 0.1273 0.1258 0.1234 0.1220 0.1249 
         491  1 0.1216 0.1271 0.1199 0.1244 0.1320 0.1212 0.1299 0.1239 
         492  1 0.1236 0.1209 0.1232 0.1291 0.1268 0.1282 0.1259 0.1223 
         493  1 0.1222 0.1214 0.1214 0.1257 0.1360 0.1232 0.1233 0.1269 
         494  1 0.1245 0.1244 0.1223 0.1284 0.1229 0.1284 0.1268 0.1223 
         495  1 0.1249 0.1208 0.1357 0.1243 0.1223 0.1213 0.1213 0.1292 
         496  1 0.1215 0.1282 0.1266 0.1214 0.1251 0.1241 0.1269 0.1261 
         497  1 0.1220 0.1235 0.1261 0.1265 0.1269 0.1237 0.1261 0.1251 
         498  1 0.1220 0.1209 0.1240 0.1282 0.1282 0.1259 0.1255 0.1253 
         499  1 0.1246 0.1217 0.1244 0.1268 0.1239 0.1245 0.1296 0.1245 
         500  1 0.1239 0.1241 0.1197 0.1273 0.1269 0.1265 0.1286 0.1231 
         501  1 0.1256 0.1179 0.1547 0.1251 0.1116 0.1199 0.1170 0.1283 
         502  1 0.1270 0.1211 0.1244 0.1277 0.1225 0.1258 0.1255 0.1261 
         503  1 0.1219 0.1191 0.1374 0.1282 0.1184 0.1230 0.1267 0.1253 
         504  1 0.1295 0.1311 0.1231 0.1215 0.1197 0.1255 0.1243 0.1254 
         505  1 0.1220 0.1231 0.1320 0.1234 0.1251 0.1215 0.1233 0.1296 
         506  1 0.1216 0.1230 0.1261 0.1275 0.1331 0.1177 0.1263 0.1248 
         507  1 0.1245 0.1212 0.1226 0.1244 0.1271 0.1263 0.1304 0.1235 
         508  1 0.1258 0.1276 0.1244 0.1226 0.1246 0.1286 0.1223 0.1240 
         509  1 0.1262 0.1223 0.1301 0.1270 0.1195 0.1251 0.1253 0.1246 
         510  1 0.1232 0.1251 0.1219 0.1285 0.1246 0.1257 0.1264 0.1246 
         511  1 0.1210 0.1251 0.1262 0.1221 0.1269 0.1260 0.1281 0.1246 
         512  1 0.1239 0.1248 0.1230 0.1258 0.1277 0.1207 0.1260 0.1281 
         513  1 0.1225 0.1252 0.1253 0.1231 0.1269 0.1263 0.1269 0.1238 
         514  1 0.1213 0.1249 0.1178 0.1273 0.1301 0.1280 0.1258 0.1247 
         515  1 0.1232 0.1229 0.1271 0.1254 0.1276 0.1228 0.1251 0.1259 
         516  1 0.1201 0.1243 0.1227 0.1252 0.1288 0.1251 0.1301 0.1237 
         517  1 0.1240 0.1239 0.1218 0.1255 0.1295 0.1263 0.1262 0.1227 
         518  1 0.1233 0.1258 0.1275 0.1214 0.1272 0.1222 0.1233 0.1293 
         519  1 0.1230 0.1235 0.1302 0.1259 0.1216 0.1236 0.1252 0.1268 
         520  1 0.1225 0.1237 0.1313 0.1238 0.1253 0.1214 0.1247 0.1272 
         521  1 0.1270 0.1223 0.1301 0.1273 0.1213 0.1222 0.1211 0.1286 
         522  1 0.1313 0.1256 0.1227 0.1262 0.1189 0.1278 0.1204 0.1270 
         523  1 0.1230 0.1257 0.1248 0.1237 0.1280 0.1239 0.1300 0.1210 
         524  1 0.1263 0.1232 0.1288 0.1264 0.1246 0.1224 0.1212 0.1272 
         525  1 0.1223 0.1225 0.1310 0.1253 0.1177 0.1274 0.1318 0.1220 
         526  1 0.1269 0.1257 0.1282 0.1223 0.1240 0.1244 0.1205 0.1280 
         527  1 0.1243 0.1251 0.1304 0.1245 0.1201 0.1273 0.1258 0.1226 
         528  1 0.1310 0.1256 0.1244 0.1243 0.1226 0.1256 0.1198 0.1267 
         529  1 0.1282 0.1278 0.1214 0.1233 0.1235 0.1257 0.1223 0.1278 
         530  1 0.1268 0.1256 0.1235 0.1248 0.1255 0.1277 0.1238 0.1223 
         531  1 0.1176 0.1274 0.1233 0.1277 0.1294 0.1237 0.1277 0.1232 
         532  1 0.1252 0.1252 0.1289 0.1271 0.1220 0.1237 0.1236 0.1243 
         533  1 0.1231 0.1249 0.1316 0.1228 0.1239 0.1246 0.1252 0.1239 
         534  1 0.1270 0.1277 0.1215 0.1285 0.1232 0.1254 0.1243 0.1224 
         535  1 0.1254 0.1244 0.1267 0.1273 0.1202 0.1251 0.1216 0.1294 
         536  1 0.1214 0.1238 0.1225 0.1303 0.1204 0.1269 0.1293 0.1253 
         537  1 0.1212 0.1220 0.1293 0.1224 0.1270 0.1275 0.1250 0.1257 
         538  1 0.1284 0.1242 0.1212 0.1256 0.1284 0.1253 0.1214 0.1255 
         539  1 0.1241 0.1244 0.1265 0.1264 0.1257 0.1243 0.1236 0.1251 
         540  1 0.1218 0.1244 0.1229 0.1246 0.1359 0.1203 0.1274 0.1227 
         541  1 0.1245 0.1256 0.1265 0.1247 0.1219 0.1234 0.1278 0.1255 
         542  1 0.1247 0.1286 0.1247 0.1234 0.1249 0.1222 0.1227 0.1287 
         543  1 0.1288 0.1244 0.1298 0.1233 0.1227 0.1223 0.1225 0.1262 
         544  1 0.1231 0.1247 0.1274 0.1256 0.1254 0.1204 0.1254 0.1281 
         545  1 0.1246 0.1274 0.1273 0.1226 0.1270 0.1221 0.1231 0.1259 
         546  1 0.1273 0.1259 0.1256 0.1219 0.1254 0.1242 0.1241 0.1254 
         547  1 0.1251 0.1245 0.1231 0.1255 0.1256 0.1260 0.1210 0.1291 
