           1  1 0.1709 0.1568 0.1705 0.1695 0.1665 0.1658 
           2  1 0.1675 0.1638 0.1680 0.1633 0.1666 0.1708 
           3  1 0.1646 0.1658 0.1692 0.1705 0.1648 0.1652 
           4  1 0.1739 0.1555 0.1728 0.1684 0.1671 0.1623 
           5  1 0.1689 0.1650 0.1650 0.1669 0.1655 0.1687 
           6  1 0.1672 0.1695 0.1644 0.1626 0.1667 0.1696 
           7  1 0.1698 0.1612 0.1701 0.1668 0.1652 0.1670 
           8  1 0.1662 0.1673 0.1675 0.1667 0.1668 0.1656 
           9  1 0.1659 0.1698 0.1640 0.1645 0.1671 0.1687 
          10  1 0.1671 0.1620 0.1702 0.1678 0.1671 0.1659 
          11  1 0.1653 0.1737 0.1615 0.1637 0.1660 0.1698 
          12  1 0.1645 0.1703 0.1625 0.1646 0.1701 0.1679 
          13  1 0.1653 0.1683 0.1634 0.1656 0.1676 0.1697 
          14  1 0.1700 0.1576 0.1713 0.1699 0.1665 0.1647 
          15  1 0.1703 0.1596 0.1691 0.1662 0.1689 0.1660 
          16  1 0.1692 0.1647 0.1658 0.1671 0.1650 0.1683 
          17  1 0.1659 0.1764 0.1636 0.1633 0.1660 0.1649 
          18  1 0.1634 0.1779 0.1595 0.1638 0.1671 0.1683 
          19  1 0.1665 0.1637 0.1669 0.1676 0.1663 0.1690 
          20  1 0.1688 0.1645 0.1649 0.1664 0.1652 0.1702 
          21  1 0.1640 0.1661 0.1664 0.1706 0.1652 0.1676 
          22  1 0.1639 0.1734 0.1614 0.1648 0.1669 0.1695 
          23  1 0.1648 0.1651 0.1656 0.1646 0.1677 0.1722 
          24  1 0.1705 0.1561 0.1739 0.1712 0.1638 0.1645 
          25  1 0.1715 0.1583 0.1724 0.1678 0.1667 0.1633 
          26  1 0.1682 0.1699 0.1637 0.1638 0.1660 0.1685 
          27  1 0.1649 0.1637 0.1682 0.1713 0.1664 0.1654 
          28  1 0.1672 0.1611 0.1679 0.1708 0.1666 0.1665 
          29  1 0.1670 0.1675 0.1665 0.1662 0.1661 0.1667 
          30  1 0.1678 0.1649 0.1684 0.1658 0.1683 0.1647 
          31  1 0.1645 0.1685 0.1631 0.1682 0.1670 0.1687 
          32  1 0.1636 0.1752 0.1661 0.1647 0.1628 0.1674 
          33  1 0.1617 0.1738 0.1627 0.1681 0.1661 0.1675 
          34  1 0.1692 0.1657 0.1642 0.1695 0.1638 0.1675 
          35  1 0.1646 0.1675 0.1678 0.1676 0.1651 0.1674 
          36  1 0.1663 0.1703 0.1667 0.1655 0.1648 0.1664 
          37  1 0.1660 0.1728 0.1644 0.1645 0.1654 0.1669 
          38  1 0.1659 0.1706 0.1658 0.1665 0.1669 0.1642 
          39  1 0.1678 0.1612 0.1710 0.1690 0.1676 0.1634 
          40  1 0.1665 0.1660 0.1652 0.1682 0.1669 0.1672 
          41  1 0.1610 0.1844 0.1607 0.1619 0.1653 0.1667 
          42  1 0.1645 0.1685 0.1656 0.1684 0.1676 0.1654 
          43  1 0.1670 0.1617 0.1677 0.1709 0.1668 0.1660 
          44  1 0.1664 0.1701 0.1639 0.1653 0.1646 0.1697 
          45  1 0.1690 0.1664 0.1643 0.1645 0.1659 0.1698 
          46  1 0.1650 0.1663 0.1684 0.1698 0.1668 0.1638 
          47  1 0.1651 0.1719 0.1662 0.1642 0.1656 0.1670 
          48  1 0.1675 0.1670 0.1686 0.1669 0.1663 0.1638 
          49  1 0.1639 0.1748 0.1628 0.1636 0.1684 0.1665 
          50  1 0.1671 0.1634 0.1671 0.1681 0.1657 0.1686 
          51  1 0.1657 0.1685 0.1656 0.1660 0.1687 0.1656 
          52  1 0.1684 0.1640 0.1659 0.1666 0.1676 0.1676 
          53  1 0.1681 0.1640 0.1658 0.1660 0.1670 0.1691 
          54  1 0.1654 0.1671 0.1651 0.1647 0.1707 0.1670 
          55  1 0.1630 0.1752 0.1637 0.1642 0.1666 0.1673 
          56  1 0.1645 0.1669 0.1681 0.1661 0.1689 0.1656 
          57  1 0.1638 0.1740 0.1635 0.1661 0.1672 0.1653 
          58  1 0.1690 0.1626 0.1687 0.1668 0.1681 0.1647 
          59  1 0.1679 0.1622 0.1649 0.1649 0.1701 0.1699 
          60  1 0.1705 0.1572 0.1691 0.1667 0.1676 0.1690 
          61  1 0.1703 0.1615 0.1701 0.1693 0.1643 0.1645 
          62  1 0.1635 0.1730 0.1643 0.1673 0.1671 0.1648 
          63  1 0.1655 0.1664 0.1673 0.1665 0.1680 0.1663 
          64  1 0.1677 0.1649 0.1657 0.1662 0.1655 0.1700 
          65  1 0.1678 0.1699 0.1641 0.1640 0.1655 0.1687 
          66  1 0.1677 0.1591 0.1745 0.1694 0.1637 0.1656 
          67  1 0.1670 0.1594 0.1719 0.1692 0.1683 0.1643 
          68  1 0.1643 0.1722 0.1626 0.1659 0.1660 0.1689 
          69  1 0.1646 0.1682 0.1643 0.1666 0.1674 0.1689 
          70  1 0.1675 0.1606 0.1697 0.1673 0.1695 0.1654 
          71  1 0.1648 0.1693 0.1619 0.1608 0.1686 0.1746 
          72  1 0.1641 0.1718 0.1667 0.1665 0.1678 0.1632 
          73  1 0.1671 0.1666 0.1700 0.1673 0.1636 0.1653 
          74  1 0.1672 0.1660 0.1669 0.1664 0.1676 0.1660 
          75  1 0.1664 0.1626 0.1698 0.1727 0.1657 0.1629 
          76  1 0.1641 0.1702 0.1655 0.1657 0.1671 0.1674 
          77  1 0.1668 0.1654 0.1641 0.1657 0.1681 0.1700 
          78  1 0.1674 0.1604 0.1667 0.1696 0.1705 0.1655 
          79  1 0.1673 0.1661 0.1692 0.1650 0.1672 0.1652 
          80  1 0.1651 0.1600 0.1693 0.1750 0.1661 0.1646 
          81  1 0.1620 0.1749 0.1620 0.1642 0.1687 0.1682 
          82  1 0.1634 0.1759 0.1616 0.1611 0.1672 0.1708 
          83  1 0.1663 0.1720 0.1618 0.1616 0.1705 0.1678 
          84  1 0.1670 0.1610 0.1701 0.1720 0.1690 0.1609 
          85  1 0.1699 0.1604 0.1699 0.1669 0.1667 0.1662 
          86  1 0.1664 0.1657 0.1673 0.1683 0.1662 0.1661 
          87  1 0.1639 0.1737 0.1644 0.1649 0.1676 0.1655 
          88  1 0.1655 0.1722 0.1650 0.1634 0.1648 0.1692 
          89  1 0.1645 0.1703 0.1657 0.1694 0.1653 0.1647 
          90  1 0.1711 0.1593 0.1712 0.1661 0.1672 0.1651 
          91  1 0.1641 0.1746 0.1650 0.1630 0.1653 0.1679 
          92  1 0.1632 0.1661 0.1691 0.1733 0.1661 0.1622 
          93  1 0.1618 0.1737 0.1641 0.1672 0.1677 0.1655 
          94  1 0.1707 0.1695 0.1628 0.1631 0.1657 0.1683 
          95  1 0.1687 0.1626 0.1682 0.1664 0.1659 0.1682 
          96  1 0.1649 0.1656 0.1663 0.1689 0.1674 0.1668 
          97  1 0.1628 0.1681 0.1675 0.1683 0.1662 0.1670 
          98  1 0.1650 0.1745 0.1627 0.1630 0.1684 0.1663 
          99  1 0.1706 0.1613 0.1690 0.1685 0.1657 0.1649 
         100  1 0.1644 0.1703 0.1674 0.1675 0.1673 0.1632 
         101  1 0.1644 0.1634 0.1661 0.1718 0.1674 0.1669 
         102  1 0.1640 0.1646 0.1665 0.1727 0.1671 0.1651 
         103  1 0.1637 0.1747 0.1642 0.1632 0.1668 0.1675 
         104  1 0.1695 0.1631 0.1687 0.1672 0.1663 0.1652 
         105  1 0.1648 0.1677 0.1636 0.1674 0.1672 0.1693 
         106  1 0.1675 0.1683 0.1674 0.1663 0.1643 0.1662 
         107  1 0.1705 0.1611 0.1669 0.1647 0.1650 0.1719 
         108  1 0.1648 0.1700 0.1647 0.1650 0.1679 0.1676 
         109  1 0.1720 0.1492 0.1795 0.1714 0.1652 0.1626 
         110  1 0.1661 0.1649 0.1686 0.1669 0.1672 0.1663 
         111  1 0.1741 0.1536 0.1698 0.1672 0.1676 0.1678 
         112  1 0.1678 0.1615 0.1691 0.1677 0.1649 0.1690 
         113  1 0.1671 0.1669 0.1651 0.1646 0.1679 0.1683 
         114  1 0.1640 0.1736 0.1631 0.1642 0.1672 0.1680 
         115  1 0.1655 0.1730 0.1647 0.1648 0.1657 0.1662 
         116  1 0.1639 0.1709 0.1647 0.1651 0.1678 0.1675 
         117  1 0.1667 0.1668 0.1660 0.1631 0.1682 0.1691 
         118  1 0.1648 0.1671 0.1675 0.1688 0.1656 0.1662 
         119  1 0.1668 0.1653 0.1645 0.1666 0.1682 0.1686 
         120  1 0.1707 0.1612 0.1663 0.1693 0.1673 0.1653 
         121  1 0.1674 0.1594 0.1702 0.1705 0.1658 0.1667 
         122  1 0.1663 0.1676 0.1667 0.1659 0.1667 0.1667 
         123  1 0.1688 0.1637 0.1709 0.1674 0.1635 0.1658 
         124  1 0.1713 0.1656 0.1626 0.1651 0.1637 0.1717 
         125  1 0.1696 0.1581 0.1711 0.1683 0.1667 0.1662 
         126  1 0.1708 0.1600 0.1710 0.1677 0.1653 0.1651 
         127  1 0.1696 0.1645 0.1674 0.1661 0.1663 0.1662 
         128  1 0.1642 0.1666 0.1658 0.1699 0.1685 0.1650 
         129  1 0.1684 0.1671 0.1668 0.1629 0.1682 0.1667 
         130  1 0.1669 0.1625 0.1691 0.1690 0.1677 0.1648 
         131  1 0.1680 0.1643 0.1696 0.1634 0.1677 0.1670 
         132  1 0.1698 0.1593 0.1647 0.1634 0.1683 0.1745 
         133  1 0.1650 0.1627 0.1702 0.1713 0.1678 0.1629 
         134  1 0.1688 0.1611 0.1727 0.1732 0.1641 0.1600 
         135  1 0.1677 0.1580 0.1703 0.1723 0.1647 0.1670 
         136  1 0.1666 0.1713 0.1649 0.1649 0.1667 0.1657 
         137  1 0.1662 0.1676 0.1673 0.1644 0.1663 0.1683 
         138  1 0.1667 0.1648 0.1676 0.1680 0.1667 0.1663 
         139  1 0.1674 0.1687 0.1637 0.1643 0.1665 0.1694 
         140  1 0.1625 0.1720 0.1645 0.1654 0.1685 0.1672 
         141  1 0.1673 0.1643 0.1695 0.1684 0.1677 0.1628 
         142  1 0.1672 0.1666 0.1664 0.1676 0.1646 0.1676 
         143  1 0.1694 0.1580 0.1705 0.1670 0.1676 0.1674 
         144  1 0.1656 0.1677 0.1674 0.1674 0.1639 0.1680 
         145  1 0.1619 0.1792 0.1649 0.1623 0.1657 0.1660 
         146  1 0.1683 0.1637 0.1669 0.1668 0.1665 0.1679 
         147  1 0.1660 0.1723 0.1643 0.1659 0.1658 0.1658 
         148  1 0.1694 0.1628 0.1670 0.1677 0.1665 0.1667 
         149  1 0.1695 0.1610 0.1705 0.1666 0.1665 0.1659 
         150  1 0.1674 0.1633 0.1697 0.1675 0.1655 0.1666 
         151  1 0.1643 0.1735 0.1637 0.1654 0.1676 0.1656 
         152  1 0.1709 0.1587 0.1706 0.1664 0.1670 0.1663 
         153  1 0.1676 0.1644 0.1651 0.1685 0.1688 0.1656 
         154  1 0.1690 0.1609 0.1699 0.1722 0.1648 0.1633 
         155  1 0.1625 0.1746 0.1642 0.1662 0.1680 0.1645 
         156  1 0.1658 0.1709 0.1637 0.1652 0.1680 0.1664 
         157  1 0.1702 0.1572 0.1722 0.1684 0.1678 0.1643 
         158  1 0.1680 0.1591 0.1700 0.1714 0.1658 0.1656 
         159  1 0.1682 0.1620 0.1703 0.1687 0.1663 0.1644 
         160  1 0.1647 0.1690 0.1655 0.1659 0.1664 0.1685 
         161  1 0.1653 0.1662 0.1671 0.1689 0.1668 0.1657 
         162  1 0.1636 0.1758 0.1640 0.1636 0.1678 0.1652 
         163  1 0.1669 0.1683 0.1661 0.1677 0.1653 0.1658 
         164  1 0.1664 0.1690 0.1652 0.1644 0.1675 0.1675 
         165  1 0.1670 0.1682 0.1656 0.1647 0.1670 0.1675 
         166  1 0.1665 0.1688 0.1634 0.1651 0.1662 0.1700 
         167  1 0.1689 0.1651 0.1686 0.1657 0.1661 0.1655 
         168  1 0.1642 0.1750 0.1655 0.1634 0.1643 0.1676 
         169  1 0.1645 0.1708 0.1635 0.1690 0.1650 0.1672 
         170  1 0.1630 0.1721 0.1643 0.1664 0.1676 0.1666 
         171  1 0.1663 0.1620 0.1687 0.1703 0.1697 0.1630 
         172  1 0.1638 0.1738 0.1627 0.1620 0.1680 0.1697 
         173  1 0.1671 0.1647 0.1692 0.1691 0.1648 0.1650 
         174  1 0.1679 0.1637 0.1660 0.1660 0.1668 0.1697 
         175  1 0.1648 0.1723 0.1632 0.1644 0.1657 0.1696 
         176  1 0.1681 0.1659 0.1673 0.1673 0.1648 0.1665 
         177  1 0.1646 0.1740 0.1649 0.1641 0.1670 0.1654 
         178  1 0.1654 0.1719 0.1649 0.1639 0.1676 0.1663 
         179  1 0.1664 0.1622 0.1703 0.1715 0.1652 0.1643 
         180  1 0.1678 0.1634 0.1645 0.1638 0.1667 0.1739 
         181  1 0.1653 0.1704 0.1645 0.1673 0.1659 0.1666 
         182  1 0.1621 0.1812 0.1598 0.1596 0.1684 0.1689 
         183  1 0.1672 0.1657 0.1652 0.1646 0.1681 0.1693 
         184  1 0.1643 0.1728 0.1630 0.1636 0.1662 0.1700 
         185  1 0.1624 0.1724 0.1634 0.1674 0.1691 0.1653 
         186  1 0.1689 0.1653 0.1638 0.1665 0.1648 0.1706 
         187  1 0.1688 0.1660 0.1654 0.1657 0.1678 0.1664 
         188  1 0.1634 0.1723 0.1636 0.1671 0.1678 0.1657 
         189  1 0.1638 0.1713 0.1657 0.1664 0.1661 0.1666 
         190  1 0.1667 0.1714 0.1629 0.1649 0.1669 0.1673 
         191  1 0.1661 0.1611 0.1664 0.1691 0.1678 0.1694 
         192  1 0.1700 0.1587 0.1703 0.1696 0.1653 0.1660 
         193  1 0.1625 0.1678 0.1684 0.1702 0.1671 0.1641 
         194  1 0.1669 0.1672 0.1665 0.1673 0.1667 0.1654 
         195  1 0.1685 0.1632 0.1691 0.1674 0.1657 0.1660 
         196  1 0.1625 0.1747 0.1625 0.1647 0.1681 0.1674 
         197  1 0.1665 0.1628 0.1696 0.1702 0.1656 0.1652 
         198  1 0.1679 0.1671 0.1648 0.1642 0.1667 0.1695 
         199  1 0.1673 0.1603 0.1709 0.1726 0.1652 0.1637 
         200  1 0.1714 0.1641 0.1695 0.1662 0.1666 0.1621 
         201  1 0.1637 0.1724 0.1670 0.1651 0.1667 0.1650 
         202  1 0.1670 0.1743 0.1634 0.1613 0.1663 0.1678 
         203  1 0.1665 0.1685 0.1661 0.1658 0.1668 0.1663 
         204  1 0.1722 0.1583 0.1691 0.1679 0.1662 0.1663 
         205  1 0.1651 0.1716 0.1642 0.1659 0.1668 0.1665 
         206  1 0.1692 0.1642 0.1655 0.1652 0.1676 0.1683 
         207  1 0.1689 0.1606 0.1669 0.1704 0.1655 0.1677 
         208  1 0.1694 0.1618 0.1718 0.1691 0.1653 0.1626 
         209  1 0.1683 0.1689 0.1661 0.1637 0.1668 0.1662 
         210  1 0.1700 0.1546 0.1733 0.1721 0.1670 0.1631 
         211  1 0.1696 0.1575 0.1772 0.1696 0.1641 0.1619 
         212  1 0.1625 0.1735 0.1638 0.1668 0.1659 0.1676 
         213  1 0.1686 0.1632 0.1672 0.1686 0.1662 0.1663 
         214  1 0.1709 0.1572 0.1747 0.1713 0.1653 0.1607 
         215  1 0.1682 0.1654 0.1691 0.1665 0.1653 0.1655 
         216  1 0.1655 0.1658 0.1632 0.1677 0.1682 0.1696 
         217  1 0.1679 0.1646 0.1696 0.1661 0.1674 0.1644 
         218  1 0.1657 0.1661 0.1632 0.1634 0.1678 0.1738 
         219  1 0.1664 0.1663 0.1694 0.1662 0.1660 0.1658 
         220  1 0.1676 0.1547 0.1693 0.1712 0.1687 0.1685 
         221  1 0.1680 0.1585 0.1713 0.1695 0.1670 0.1657 
         222  1 0.1683 0.1693 0.1642 0.1664 0.1665 0.1654 
         223  1 0.1723 0.1610 0.1689 0.1646 0.1677 0.1655 
         224  1 0.1703 0.1601 0.1668 0.1666 0.1665 0.1697 
         225  1 0.1668 0.1648 0.1649 0.1657 0.1703 0.1675 
         226  1 0.1663 0.1651 0.1664 0.1691 0.1665 0.1667 
         227  1 0.1682 0.1604 0.1710 0.1687 0.1661 0.1657 
         228  1 0.1659 0.1703 0.1677 0.1652 0.1647 0.1662 
         229  1 0.1646 0.1749 0.1633 0.1654 0.1659 0.1659 
         230  1 0.1649 0.1671 0.1670 0.1681 0.1672 0.1657 
         231  1 0.1638 0.1773 0.1638 0.1626 0.1688 0.1637 
         232  1 0.1678 0.1669 0.1669 0.1637 0.1685 0.1662 
         233  1 0.1695 0.1612 0.1680 0.1675 0.1664 0.1675 
         234  1 0.1645 0.1689 0.1654 0.1680 0.1657 0.1676 
         235  1 0.1623 0.1772 0.1625 0.1626 0.1686 0.1669 
         236  1 0.1652 0.1639 0.1720 0.1704 0.1682 0.1602 
         237  1 0.1646 0.1739 0.1635 0.1615 0.1662 0.1703 
         238  1 0.1674 0.1652 0.1684 0.1722 0.1648 0.1620 
         239  1 0.1638 0.1773 0.1616 0.1643 0.1657 0.1673 
         240  1 0.1642 0.1664 0.1639 0.1658 0.1684 0.1713 
         241  1 0.1663 0.1705 0.1643 0.1627 0.1676 0.1686 
         242  1 0.1667 0.1663 0.1692 0.1664 0.1659 0.1655 
         243  1 0.1680 0.1649 0.1660 0.1657 0.1671 0.1683 
         244  1 0.1659 0.1710 0.1674 0.1647 0.1671 0.1639 
         245  1 0.1701 0.1622 0.1651 0.1670 0.1667 0.1689 
         246  1 0.1633 0.1688 0.1662 0.1706 0.1668 0.1643 
         247  1 0.1648 0.1679 0.1679 0.1658 0.1696 0.1639 
         248  1 0.1650 0.1688 0.1643 0.1697 0.1674 0.1649 
         249  1 0.1681 0.1657 0.1669 0.1648 0.1674 0.1669 
         250  1 0.1663 0.1680 0.1631 0.1659 0.1670 0.1696 
         251  1 0.1610 0.1758 0.1635 0.1667 0.1684 0.1646 
         252  1 0.1642 0.1684 0.1687 0.1673 0.1673 0.1641 
         253  1 0.1691 0.1587 0.1709 0.1711 0.1642 0.1660 
         254  1 0.1637 0.1710 0.1654 0.1616 0.1681 0.1701 
         255  1 0.1681 0.1643 0.1681 0.1658 0.1670 0.1668 
         256  1 0.1689 0.1669 0.1663 0.1651 0.1651 0.1677 
         257  1 0.1679 0.1684 0.1693 0.1675 0.1648 0.1621 
         258  1 0.1699 0.1589 0.1697 0.1697 0.1665 0.1653 
         259  1 0.1677 0.1590 0.1720 0.1724 0.1655 0.1634 
         260  1 0.1660 0.1681 0.1660 0.1666 0.1666 0.1668 
         261  1 0.1702 0.1641 0.1637 0.1614 0.1702 0.1705 
         262  1 0.1693 0.1588 0.1707 0.1664 0.1670 0.1677 
         263  1 0.1629 0.1710 0.1651 0.1700 0.1669 0.1642 
         264  1 0.1689 0.1661 0.1678 0.1659 0.1644 0.1670 
         265  1 0.1665 0.1663 0.1681 0.1686 0.1660 0.1645 
         266  1 0.1652 0.1722 0.1631 0.1631 0.1694 0.1669 
         267  1 0.1656 0.1657 0.1719 0.1687 0.1650 0.1631 
         268  1 0.1701 0.1593 0.1678 0.1667 0.1675 0.1685 
         269  1 0.1712 0.1594 0.1722 0.1678 0.1642 0.1652 
         270  1 0.1656 0.1736 0.1629 0.1620 0.1675 0.1685 
         271  1 0.1644 0.1674 0.1638 0.1710 0.1658 0.1676 
         272  1 0.1662 0.1616 0.1686 0.1705 0.1688 0.1643 
         273  1 0.1629 0.1776 0.1615 0.1628 0.1672 0.1680 
         274  1 0.1677 0.1624 0.1673 0.1692 0.1671 0.1663 
         275  1 0.1693 0.1613 0.1717 0.1698 0.1650 0.1628 
         276  1 0.1636 0.1697 0.1626 0.1619 0.1684 0.1737 
         277  1 0.1679 0.1623 0.1666 0.1676 0.1670 0.1687 
         278  1 0.1695 0.1616 0.1707 0.1660 0.1656 0.1666 
         279  1 0.1686 0.1586 0.1686 0.1676 0.1681 0.1686 
         280  1 0.1693 0.1612 0.1679 0.1659 0.1668 0.1688 
         281  1 0.1622 0.1802 0.1612 0.1622 0.1696 0.1646 
         282  1 0.1657 0.1707 0.1644 0.1645 0.1669 0.1677 
         283  1 0.1696 0.1629 0.1644 0.1661 0.1660 0.1711 
         284  1 0.1682 0.1623 0.1650 0.1643 0.1690 0.1711 
         285  1 0.1631 0.1740 0.1638 0.1653 0.1691 0.1648 
         286  1 0.1697 0.1584 0.1704 0.1663 0.1674 0.1678 
         287  1 0.1613 0.1761 0.1628 0.1648 0.1688 0.1661 
         288  1 0.1637 0.1703 0.1633 0.1670 0.1693 0.1665 
         289  1 0.1647 0.1744 0.1660 0.1621 0.1652 0.1675 
         290  1 0.1698 0.1627 0.1646 0.1617 0.1696 0.1716 
         291  1 0.1677 0.1606 0.1690 0.1671 0.1674 0.1682 
         292  1 0.1622 0.1720 0.1638 0.1674 0.1672 0.1673 
         293  1 0.1646 0.1720 0.1645 0.1629 0.1671 0.1690 
         294  1 0.1633 0.1741 0.1654 0.1658 0.1656 0.1658 
         295  1 0.1698 0.1592 0.1701 0.1693 0.1684 0.1632 
         296  1 0.1710 0.1593 0.1692 0.1648 0.1674 0.1683 
         297  1 0.1643 0.1674 0.1639 0.1697 0.1678 0.1669 
         298  1 0.1701 0.1603 0.1680 0.1700 0.1645 0.1672 
         299  1 0.1641 0.1628 0.1674 0.1732 0.1689 0.1637 
         300  1 0.1680 0.1626 0.1695 0.1661 0.1661 0.1677 
         301  1 0.1645 0.1742 0.1611 0.1655 0.1676 0.1672 
         302  1 0.1656 0.1672 0.1668 0.1688 0.1643 0.1674 
         303  1 0.1658 0.1677 0.1665 0.1676 0.1661 0.1663 
         304  1 0.1676 0.1628 0.1647 0.1636 0.1686 0.1727 
         305  1 0.1677 0.1643 0.1642 0.1655 0.1674 0.1709 
         306  1 0.1664 0.1645 0.1679 0.1671 0.1704 0.1637 
         307  1 0.1681 0.1641 0.1688 0.1663 0.1663 0.1663 
         308  1 0.1700 0.1604 0.1687 0.1671 0.1678 0.1660 
         309  1 0.1613 0.1783 0.1631 0.1631 0.1670 0.1672 
         310  1 0.1642 0.1719 0.1659 0.1673 0.1664 0.1644 
         311  1 0.1664 0.1687 0.1649 0.1628 0.1669 0.1703 
         312  1 0.1667 0.1634 0.1635 0.1668 0.1667 0.1730 
         313  1 0.1672 0.1646 0.1669 0.1699 0.1659 0.1655 
         314  1 0.1679 0.1634 0.1698 0.1679 0.1638 0.1671 
         315  1 0.1687 0.1621 0.1692 0.1662 0.1648 0.1690 
         316  1 0.1721 0.1605 0.1694 0.1675 0.1662 0.1642 
         317  1 0.1709 0.1639 0.1662 0.1648 0.1649 0.1693 
         318  1 0.1618 0.1752 0.1657 0.1655 0.1639 0.1678 
         319  1 0.1669 0.1618 0.1702 0.1681 0.1654 0.1675 
         320  1 0.1691 0.1643 0.1671 0.1680 0.1645 0.1671 
         321  1 0.1656 0.1730 0.1666 0.1649 0.1632 0.1667 
         322  1 0.1611 0.1742 0.1627 0.1674 0.1686 0.1660 
         323  1 0.1722 0.1582 0.1697 0.1669 0.1655 0.1674 
         324  1 0.1730 0.1552 0.1720 0.1694 0.1661 0.1643 
         325  1 0.1660 0.1649 0.1661 0.1689 0.1673 0.1669 
         326  1 0.1668 0.1684 0.1691 0.1678 0.1632 0.1647 
         327  1 0.1648 0.1724 0.1638 0.1649 0.1648 0.1693 
         328  1 0.1657 0.1714 0.1665 0.1674 0.1633 0.1655 
         329  1 0.1660 0.1619 0.1673 0.1715 0.1659 0.1674 
         330  1 0.1649 0.1713 0.1632 0.1665 0.1681 0.1661 
         331  1 0.1678 0.1640 0.1671 0.1655 0.1674 0.1681 
         332  1 0.1692 0.1646 0.1670 0.1657 0.1676 0.1659 
         333  1 0.1676 0.1685 0.1647 0.1650 0.1664 0.1678 
         334  1 0.1679 0.1665 0.1673 0.1673 0.1675 0.1636 
         335  1 0.1668 0.1749 0.1640 0.1605 0.1664 0.1673 
         336  1 0.1682 0.1702 0.1645 0.1653 0.1658 0.1659 
         337  1 0.1685 0.1639 0.1701 0.1686 0.1663 0.1626 
         338  1 0.1638 0.1681 0.1668 0.1691 0.1662 0.1660 
         339  1 0.1675 0.1662 0.1645 0.1668 0.1687 0.1664 
         340  1 0.1697 0.1588 0.1675 0.1661 0.1694 0.1685 
         341  1 0.1667 0.1679 0.1666 0.1658 0.1667 0.1663 
         342  1 0.1638 0.1668 0.1661 0.1680 0.1670 0.1682 
         343  1 0.1633 0.1771 0.1620 0.1641 0.1668 0.1667 
         344  1 0.1663 0.1709 0.1664 0.1671 0.1636 0.1656 
         345  1 0.1657 0.1610 0.1696 0.1722 0.1662 0.1653 
         346  1 0.1680 0.1637 0.1665 0.1654 0.1671 0.1693 
         347  1 0.1693 0.1604 0.1662 0.1682 0.1680 0.1680 
         348  1 0.1646 0.1627 0.1680 0.1709 0.1659 0.1678 
         349  1 0.1626 0.1739 0.1638 0.1663 0.1666 0.1668 
         350  1 0.1733 0.1587 0.1694 0.1639 0.1689 0.1659 
         351  1 0.1663 0.1690 0.1652 0.1670 0.1642 0.1682 
         352  1 0.1678 0.1696 0.1664 0.1658 0.1639 0.1665 
         353  1 0.1680 0.1584 0.1646 0.1694 0.1680 0.1716 
         354  1 0.1663 0.1688 0.1648 0.1663 0.1673 0.1666 
         355  1 0.1655 0.1725 0.1629 0.1652 0.1672 0.1668 
         356  1 0.1666 0.1681 0.1661 0.1647 0.1683 0.1662 
         357  1 0.1696 0.1574 0.1729 0.1696 0.1685 0.1619 
         358  1 0.1651 0.1691 0.1657 0.1644 0.1666 0.1689 
         359  1 0.1699 0.1545 0.1723 0.1679 0.1688 0.1667 
         360  1 0.1641 0.1729 0.1633 0.1655 0.1668 0.1675 
         361  1 0.1691 0.1616 0.1769 0.1668 0.1630 0.1626 
         362  1 0.1674 0.1627 0.1698 0.1709 0.1663 0.1629 
         363  1 0.1648 0.1750 0.1617 0.1636 0.1668 0.1681 
         364  1 0.1639 0.1731 0.1633 0.1650 0.1685 0.1662 
         365  1 0.1651 0.1658 0.1705 0.1669 0.1681 0.1636 
         366  1 0.1666 0.1729 0.1654 0.1623 0.1659 0.1669 
         367  1 0.1705 0.1652 0.1662 0.1632 0.1661 0.1688 
         368  1 0.1640 0.1729 0.1656 0.1658 0.1668 0.1650 
         369  1 0.1670 0.1655 0.1684 0.1673 0.1688 0.1630 
         370  1 0.1643 0.1752 0.1637 0.1634 0.1659 0.1674 
         371  1 0.1675 0.1656 0.1652 0.1680 0.1666 0.1672 
         372  1 0.1666 0.1616 0.1667 0.1702 0.1671 0.1678 
         373  1 0.1695 0.1644 0.1670 0.1650 0.1675 0.1665 
         374  1 0.1663 0.1638 0.1699 0.1701 0.1665 0.1635 
         375  1 0.1699 0.1608 0.1714 0.1651 0.1677 0.1651 
         376  1 0.1631 0.1767 0.1618 0.1641 0.1687 0.1656 
         377  1 0.1658 0.1685 0.1653 0.1670 0.1656 0.1679 
         378  1 0.1667 0.1634 0.1644 0.1677 0.1672 0.1706 
         379  1 0.1625 0.1751 0.1637 0.1669 0.1658 0.1660 
         380  1 0.1625 0.1763 0.1634 0.1671 0.1660 0.1647 
         381  1 0.1671 0.1630 0.1669 0.1671 0.1660 0.1699 
         382  1 0.1633 0.1730 0.1656 0.1645 0.1677 0.1660 
         383  1 0.1662 0.1649 0.1660 0.1655 0.1676 0.1698 
         384  1 0.1649 0.1697 0.1671 0.1665 0.1656 0.1662 
         385  1 0.1686 0.1618 0.1682 0.1652 0.1689 0.1673 
         386  1 0.1664 0.1660 0.1680 0.1660 0.1671 0.1667 
         387  1 0.1665 0.1676 0.1677 0.1660 0.1676 0.1647 
         388  1 0.1608 0.1848 0.1585 0.1617 0.1672 0.1671 
         389  1 0.1651 0.1697 0.1646 0.1672 0.1680 0.1654 
         390  1 0.1716 0.1551 0.1728 0.1704 0.1683 0.1618 
         391  1 0.1663 0.1680 0.1688 0.1660 0.1657 0.1653 
         392  1 0.1659 0.1675 0.1669 0.1663 0.1679 0.1654 
         393  1 0.1634 0.1739 0.1627 0.1667 0.1667 0.1666 
         394  1 0.1671 0.1642 0.1672 0.1675 0.1662 0.1678 
         395  1 0.1701 0.1614 0.1696 0.1652 0.1659 0.1677 
         396  1 0.1651 0.1705 0.1661 0.1651 0.1668 0.1663 
         397  1 0.1694 0.1638 0.1681 0.1662 0.1641 0.1683 
         398  1 0.1684 0.1672 0.1674 0.1641 0.1642 0.1687 
         399  1 0.1663 0.1638 0.1668 0.1687 0.1677 0.1667 
         400  1 0.1654 0.1657 0.1663 0.1663 0.1670 0.1692 
         401  1 0.1714 0.1575 0.1717 0.1662 0.1680 0.1651 
         402  1 0.1682 0.1655 0.1655 0.1682 0.1657 0.1669 
         403  1 0.1654 0.1669 0.1645 0.1655 0.1669 0.1707 
         404  1 0.1666 0.1716 0.1624 0.1626 0.1667 0.1700 
         405  1 0.1685 0.1653 0.1675 0.1701 0.1651 0.1634 
         406  1 0.1694 0.1599 0.1655 0.1658 0.1670 0.1725 
         407  1 0.1658 0.1646 0.1681 0.1665 0.1656 0.1693 
         408  1 0.1619 0.1736 0.1631 0.1653 0.1680 0.1682 
         409  1 0.1675 0.1683 0.1653 0.1651 0.1656 0.1682 
         410  1 0.1667 0.1642 0.1672 0.1675 0.1655 0.1690 
         411  1 0.1697 0.1578 0.1733 0.1702 0.1650 0.1641 
         412  1 0.1714 0.1628 0.1663 0.1648 0.1678 0.1669 
         413  1 0.1638 0.1648 0.1656 0.1702 0.1690 0.1666 
         414  1 0.1615 0.1841 0.1608 0.1596 0.1683 0.1657 
         415  1 0.1673 0.1659 0.1646 0.1631 0.1685 0.1706 
         416  1 0.1684 0.1630 0.1661 0.1646 0.1671 0.1707 
         417  1 0.1656 0.1661 0.1643 0.1647 0.1694 0.1699 
         418  1 0.1684 0.1570 0.1678 0.1679 0.1691 0.1698 
         419  1 0.1647 0.1703 0.1647 0.1672 0.1662 0.1669 
         420  1 0.1694 0.1644 0.1640 0.1623 0.1672 0.1726 
         421  1 0.1697 0.1557 0.1721 0.1725 0.1656 0.1644 
         422  1 0.1693 0.1603 0.1685 0.1664 0.1676 0.1679 
         423  1 0.1678 0.1613 0.1692 0.1707 0.1661 0.1648 
         424  1 0.1643 0.1736 0.1637 0.1632 0.1682 0.1670 
         425  1 0.1596 0.1797 0.1627 0.1669 0.1664 0.1647 
         426  1 0.1657 0.1647 0.1662 0.1673 0.1663 0.1698 
         427  1 0.1682 0.1652 0.1642 0.1658 0.1667 0.1698 
         428  1 0.1674 0.1703 0.1653 0.1633 0.1670 0.1667 
         429  1 0.1627 0.1763 0.1617 0.1618 0.1687 0.1689 
         430  1 0.1664 0.1672 0.1646 0.1643 0.1679 0.1696 
         431  1 0.1675 0.1691 0.1668 0.1641 0.1663 0.1662 
         432  1 0.1636 0.1735 0.1632 0.1642 0.1675 0.1681 
         433  1 0.1647 0.1799 0.1626 0.1614 0.1650 0.1665 
         434  1 0.1642 0.1668 0.1679 0.1693 0.1683 0.1634 
         435  1 0.1656 0.1686 0.1631 0.1635 0.1682 0.1709 
         436  1 0.1662 0.1663 0.1649 0.1650 0.1665 0.1711 
         437  1 0.1653 0.1643 0.1684 0.1697 0.1677 0.1646 
         438  1 0.1670 0.1671 0.1679 0.1657 0.1670 0.1652 
         439  1 0.1637 0.1691 0.1676 0.1671 0.1653 0.1672 
         440  1 0.1656 0.1665 0.1641 0.1688 0.1656 0.1694 
         441  1 0.1653 0.1678 0.1667 0.1678 0.1681 0.1644 
         442  1 0.1653 0.1701 0.1673 0.1665 0.1679 0.1630 
         443  1 0.1676 0.1654 0.1658 0.1624 0.1687 0.1701 
         444  1 0.1681 0.1628 0.1709 0.1685 0.1657 0.1639 
         445  1 0.1632 0.1693 0.1654 0.1692 0.1641 0.1688 
         446  1 0.1694 0.1642 0.1697 0.1649 0.1661 0.1658 
         447  1 0.1647 0.1743 0.1632 0.1629 0.1677 0.1672 
         448  1 0.1656 0.1694 0.1659 0.1632 0.1666 0.1692 
         449  1 0.1663 0.1627 0.1667 0.1662 0.1681 0.1701 
         450  1 0.1634 0.1759 0.1636 0.1616 0.1681 0.1674 
         451  1 0.1632 0.1730 0.1637 0.1687 0.1680 0.1634 
         452  1 0.1694 0.1641 0.1667 0.1655 0.1676 0.1667 
         453  1 0.1702 0.1588 0.1689 0.1660 0.1669 0.1691 
         454  1 0.1653 0.1690 0.1648 0.1671 0.1666 0.1672 
         455  1 0.1624 0.1705 0.1643 0.1682 0.1681 0.1664 
         456  1 0.1634 0.1741 0.1625 0.1648 0.1672 0.1680 
         457  1 0.1717 0.1619 0.1684 0.1663 0.1646 0.1670 
         458  1 0.1670 0.1696 0.1636 0.1640 0.1681 0.1677 
         459  1 0.1668 0.1720 0.1635 0.1636 0.1664 0.1677 
         460  1 0.1631 0.1710 0.1642 0.1678 0.1671 0.1669 
         461  1 0.1654 0.1655 0.1665 0.1661 0.1690 0.1675 
         462  1 0.1662 0.1679 0.1672 0.1695 0.1652 0.1639 
         463  1 0.1671 0.1722 0.1650 0.1640 0.1653 0.1665 
         464  1 0.1687 0.1687 0.1667 0.1643 0.1661 0.1655 
         465  1 0.1717 0.1628 0.1703 0.1664 0.1641 0.1647 
         466  1 0.1704 0.1638 0.1669 0.1676 0.1646 0.1666 
         467  1 0.1680 0.1685 0.1675 0.1648 0.1644 0.1667 
         468  1 0.1651 0.1730 0.1632 0.1639 0.1669 0.1679 
         469  1 0.1664 0.1606 0.1723 0.1677 0.1679 0.1651 
         470  1 0.1629 0.1726 0.1660 0.1679 0.1662 0.1643 
         471  1 0.1641 0.1716 0.1621 0.1672 0.1648 0.1703 
         472  1 0.1653 0.1702 0.1664 0.1655 0.1665 0.1661 
         473  1 0.1684 0.1650 0.1683 0.1656 0.1660 0.1667 
         474  1 0.1645 0.1688 0.1658 0.1676 0.1670 0.1663 
         475  1 0.1670 0.1639 0.1656 0.1674 0.1663 0.1698 
         476  1 0.1673 0.1576 0.1694 0.1711 0.1674 0.1672 
         477  1 0.1711 0.1643 0.1645 0.1636 0.1658 0.1707 
         478  1 0.1653 0.1704 0.1632 0.1647 0.1666 0.1698 
         479  1 0.1630 0.1720 0.1664 0.1646 0.1678 0.1661 
         480  1 0.1696 0.1603 0.1691 0.1678 0.1673 0.1660 
         481  1 0.1688 0.1643 0.1678 0.1680 0.1659 0.1651 
         482  1 0.1638 0.1747 0.1610 0.1624 0.1673 0.1708 
         483  1 0.1712 0.1580 0.1717 0.1689 0.1665 0.1637 
         484  1 0.1694 0.1584 0.1692 0.1666 0.1676 0.1688 
         485  1 0.1665 0.1686 0.1654 0.1677 0.1662 0.1656 
         486  1 0.1716 0.1630 0.1656 0.1661 0.1667 0.1670 
         487  1 0.1702 0.1522 0.1735 0.1709 0.1668 0.1664 
         488  1 0.1671 0.1685 0.1660 0.1663 0.1671 0.1650 
         489  1 0.1677 0.1633 0.1740 0.1691 0.1636 0.1623 
         490  1 0.1656 0.1666 0.1654 0.1657 0.1668 0.1698 
         491  1 0.1637 0.1709 0.1646 0.1690 0.1675 0.1644 
         492  1 0.1663 0.1726 0.1634 0.1641 0.1678 0.1658 
         493  1 0.1606 0.1779 0.1625 0.1650 0.1669 0.1671 
         494  1 0.1654 0.1697 0.1669 0.1642 0.1679 0.1658 
         495  1 0.1690 0.1596 0.1722 0.1689 0.1670 0.1633 
         496  1 0.1681 0.1650 0.1696 0.1669 0.1664 0.1640 
         497  1 0.1629 0.1702 0.1674 0.1696 0.1669 0.1629 
         498  1 0.1627 0.1743 0.1642 0.1643 0.1687 0.1658 
         499  1 0.1685 0.1617 0.1682 0.1686 0.1665 0.1665 
         500  1 0.1640 0.1688 0.1642 0.1679 0.1678 0.1673 
         501  1 0.1722 0.1559 0.1785 0.1680 0.1642 0.1612 
         502  1 0.1680 0.1655 0.1686 0.1667 0.1661 0.1652 
         503  1 0.1693 0.1594 0.1741 0.1704 0.1658 0.1609 
         504  1 0.1692 0.1672 0.1653 0.1650 0.1669 0.1665 
         505  1 0.1677 0.1665 0.1685 0.1678 0.1643 0.1653 
         506  1 0.1650 0.1612 0.1694 0.1741 0.1676 0.1627 
         507  1 0.1657 0.1687 0.1662 0.1685 0.1679 0.1630 
         508  1 0.1674 0.1679 0.1645 0.1640 0.1687 0.1675 
         509  1 0.1696 0.1623 0.1691 0.1694 0.1658 0.1639 
         510  1 0.1633 0.1738 0.1637 0.1653 0.1654 0.1685 
         511  1 0.1668 0.1674 0.1665 0.1681 0.1656 0.1656 
         512  1 0.1690 0.1618 0.1674 0.1722 0.1663 0.1634 
         513  1 0.1663 0.1685 0.1650 0.1668 0.1682 0.1652 
         514  1 0.1605 0.1839 0.1597 0.1636 0.1666 0.1657 
         515  1 0.1651 0.1639 0.1663 0.1687 0.1666 0.1695 
         516  1 0.1654 0.1650 0.1666 0.1691 0.1693 0.1646 
         517  1 0.1639 0.1717 0.1620 0.1657 0.1697 0.1670 
         518  1 0.1666 0.1609 0.1683 0.1702 0.1675 0.1665 
         519  1 0.1670 0.1659 0.1682 0.1672 0.1666 0.1651 
         520  1 0.1690 0.1589 0.1722 0.1685 0.1684 0.1630 
         521  1 0.1703 0.1571 0.1729 0.1678 0.1674 0.1645 
         522  1 0.1698 0.1656 0.1678 0.1632 0.1678 0.1658 
         523  1 0.1655 0.1647 0.1667 0.1702 0.1677 0.1652 
         524  1 0.1692 0.1611 0.1696 0.1676 0.1675 0.1650 
         525  1 0.1685 0.1645 0.1705 0.1676 0.1660 0.1630 
         526  1 0.1686 0.1627 0.1688 0.1664 0.1641 0.1694 
         527  1 0.1699 0.1622 0.1706 0.1685 0.1662 0.1627 
         528  1 0.1680 0.1666 0.1649 0.1635 0.1694 0.1675 
         529  1 0.1687 0.1649 0.1668 0.1664 0.1652 0.1680 
         530  1 0.1678 0.1664 0.1664 0.1666 0.1669 0.1660 
         531  1 0.1615 0.1760 0.1634 0.1670 0.1675 0.1646 
         532  1 0.1683 0.1645 0.1665 0.1660 0.1662 0.1686 
         533  1 0.1680 0.1653 0.1693 0.1657 0.1663 0.1655 
         534  1 0.1662 0.1721 0.1657 0.1623 0.1668 0.1670 
         535  1 0.1662 0.1649 0.1684 0.1673 0.1658 0.1674 
         536  1 0.1651 0.1715 0.1656 0.1651 0.1653 0.1674 
         537  1 0.1654 0.1726 0.1663 0.1660 0.1656 0.1641 
         538  1 0.1662 0.1709 0.1621 0.1619 0.1666 0.1722 
         539  1 0.1671 0.1651 0.1681 0.1668 0.1668 0.1661 
         540  1 0.1656 0.1601 0.1691 0.1753 0.1686 0.1613 
         541  1 0.1639 0.1753 0.1644 0.1672 0.1633 0.1660 
         542  1 0.1670 0.1607 0.1694 0.1720 0.1654 0.1655 
         543  1 0.1717 0.1556 0.1705 0.1722 0.1650 0.1649 
         544  1 0.1680 0.1631 0.1682 0.1680 0.1673 0.1654 
         545  1 0.1665 0.1628 0.1676 0.1682 0.1692 0.1657 
         546  1 0.1682 0.1683 0.1659 0.1651 0.1665 0.1660 
         547  1 0.1682 0.1627 0.1685 0.1661 0.1657 0.1689 
         548  1 0.1683 0.1679 0.1648 0.1651 0.1655 0.1683 
         549  1 0.1656 0.1716 0.1659 0.1670 0.1644 0.1655 
         550  1 0.1633 0.1787 0.1645 0.1620 0.1646 0.1669 
         551  1 0.1708 0.1574 0.1769 0.1692 0.1623 0.1634 
         552  1 0.1661 0.1649 0.1683 0.1661 0.1694 0.1652 
         553  1 0.1680 0.1593 0.1700 0.1709 0.1686 0.1632 
         554  1 0.1679 0.1672 0.1640 0.1643 0.1682 0.1683 
         555  1 0.1675 0.1688 0.1667 0.1648 0.1668 0.1654 
         556  1 0.1652 0.1724 0.1632 0.1655 0.1677 0.1660 
         557  1 0.1663 0.1741 0.1640 0.1613 0.1671 0.1673 
         558  1 0.1703 0.1613 0.1677 0.1650 0.1678 0.1679 
         559  1 0.1677 0.1594 0.1692 0.1700 0.1681 0.1656 
         560  1 0.1688 0.1608 0.1688 0.1694 0.1666 0.1657 
         561  1 0.1649 0.1697 0.1652 0.1676 0.1659 0.1668 
         562  1 0.1628 0.1756 0.1607 0.1635 0.1679 0.1695 
         563  1 0.1636 0.1748 0.1619 0.1649 0.1667 0.1679 
         564  1 0.1715 0.1610 0.1640 0.1638 0.1675 0.1723 
         565  1 0.1662 0.1682 0.1687 0.1652 0.1656 0.1660 
         566  1 0.1619 0.1806 0.1615 0.1629 0.1682 0.1648 
         567  1 0.1666 0.1655 0.1654 0.1653 0.1667 0.1705 
         568  1 0.1711 0.1535 0.1739 0.1703 0.1666 0.1647 
         569  1 0.1653 0.1674 0.1658 0.1660 0.1692 0.1662 
         570  1 0.1696 0.1589 0.1749 0.1695 0.1666 0.1604 
         571  1 0.1620 0.1753 0.1640 0.1636 0.1672 0.1678 
         572  1 0.1660 0.1694 0.1644 0.1629 0.1695 0.1679 
         573  1 0.1665 0.1684 0.1672 0.1663 0.1655 0.1662 
         574  1 0.1683 0.1636 0.1681 0.1688 0.1658 0.1653 
         575  1 0.1663 0.1660 0.1686 0.1663 0.1683 0.1644 
         576  1 0.1644 0.1625 0.1683 0.1705 0.1675 0.1669 
         577  1 0.1679 0.1676 0.1643 0.1646 0.1690 0.1667 
         578  1 0.1690 0.1679 0.1661 0.1636 0.1653 0.1681 
         579  1 0.1675 0.1648 0.1707 0.1664 0.1649 0.1658 
         580  1 0.1608 0.1768 0.1619 0.1655 0.1672 0.1678 
         581  1 0.1676 0.1670 0.1664 0.1631 0.1673 0.1686 
         582  1 0.1626 0.1736 0.1652 0.1656 0.1671 0.1659 
         583  1 0.1637 0.1737 0.1618 0.1667 0.1662 0.1679 
         584  1 0.1675 0.1640 0.1682 0.1691 0.1644 0.1667 
         585  1 0.1613 0.1807 0.1618 0.1633 0.1648 0.1681 
         586  1 0.1657 0.1664 0.1647 0.1659 0.1682 0.1691 
         587  1 0.1649 0.1771 0.1617 0.1620 0.1666 0.1678 
         588  1 0.1690 0.1681 0.1673 0.1645 0.1656 0.1655 
         589  1 0.1627 0.1687 0.1659 0.1706 0.1672 0.1649 
         590  1 0.1627 0.1666 0.1643 0.1703 0.1669 0.1691 
         591  1 0.1648 0.1700 0.1666 0.1628 0.1656 0.1702 
         592  1 0.1602 0.1857 0.1609 0.1583 0.1668 0.1680 
         593  1 0.1633 0.1715 0.1647 0.1689 0.1646 0.1671 
         594  1 0.1651 0.1701 0.1647 0.1692 0.1660 0.1649 
         595  1 0.1652 0.1685 0.1646 0.1679 0.1680 0.1658 
         596  1 0.1660 0.1698 0.1675 0.1651 0.1674 0.1642 
         597  1 0.1665 0.1651 0.1672 0.1691 0.1659 0.1663 
         598  1 0.1588 0.1885 0.1588 0.1608 0.1698 0.1632 
         599  1 0.1697 0.1601 0.1727 0.1690 0.1647 0.1639 
         600  1 0.1647 0.1708 0.1645 0.1666 0.1677 0.1657 
         601  1 0.1706 0.1626 0.1657 0.1641 0.1668 0.1702 
         602  1 0.1643 0.1641 0.1671 0.1716 0.1678 0.1651 
         603  1 0.1650 0.1742 0.1647 0.1632 0.1656 0.1673 
         604  1 0.1689 0.1623 0.1687 0.1672 0.1663 0.1667 
         605  1 0.1708 0.1546 0.1726 0.1699 0.1659 0.1662 
         606  1 0.1632 0.1738 0.1646 0.1650 0.1660 0.1675 
         607  1 0.1673 0.1620 0.1689 0.1678 0.1684 0.1656 
         608  1 0.1716 0.1569 0.1709 0.1689 0.1661 0.1656 
         609  1 0.1678 0.1643 0.1672 0.1638 0.1681 0.1688 
         610  1 0.1691 0.1627 0.1686 0.1680 0.1658 0.1658 
         611  1 0.1665 0.1642 0.1703 0.1656 0.1677 0.1658 
         612  1 0.1671 0.1707 0.1644 0.1646 0.1663 0.1670 
         613  1 0.1668 0.1704 0.1636 0.1639 0.1668 0.1686 
         614  1 0.1684 0.1623 0.1690 0.1688 0.1638 0.1677 
         615  1 0.1645 0.1774 0.1613 0.1616 0.1665 0.1686 
         616  1 0.1642 0.1755 0.1619 0.1598 0.1689 0.1696 
         617  1 0.1674 0.1689 0.1654 0.1647 0.1660 0.1676 
         618  1 0.1679 0.1645 0.1678 0.1678 0.1666 0.1653 
         619  1 0.1680 0.1586 0.1720 0.1690 0.1660 0.1664 
         620  1 0.1668 0.1604 0.1697 0.1721 0.1657 0.1652 
         621  1 0.1663 0.1646 0.1679 0.1684 0.1684 0.1643 
         622  1 0.1672 0.1653 0.1698 0.1680 0.1667 0.1629 
         623  1 0.1640 0.1710 0.1681 0.1655 0.1660 0.1653 
         624  1 0.1688 0.1566 0.1700 0.1724 0.1693 0.1629 
         625  1 0.1675 0.1666 0.1672 0.1657 0.1673 0.1657 
         626  1 0.1647 0.1685 0.1649 0.1676 0.1700 0.1642 
         627  1 0.1694 0.1636 0.1679 0.1667 0.1672 0.1652 
         628  1 0.1697 0.1591 0.1680 0.1670 0.1656 0.1705 
         629  1 0.1654 0.1671 0.1670 0.1686 0.1669 0.1651 
         630  1 0.1653 0.1685 0.1653 0.1644 0.1670 0.1694 
         631  1 0.1666 0.1669 0.1691 0.1666 0.1675 0.1634 
         632  1 0.1632 0.1826 0.1609 0.1614 0.1658 0.1662 
         633  1 0.1691 0.1690 0.1622 0.1658 0.1642 0.1696 
         634  1 0.1644 0.1739 0.1651 0.1648 0.1653 0.1665 
         635  1 0.1702 0.1572 0.1716 0.1691 0.1663 0.1656 
         636  1 0.1653 0.1652 0.1660 0.1683 0.1703 0.1648 
         637  1 0.1632 0.1738 0.1638 0.1631 0.1669 0.1693 
         638  1 0.1629 0.1734 0.1630 0.1678 0.1668 0.1661 
         639  1 0.1651 0.1703 0.1660 0.1665 0.1659 0.1661 
         640  1 0.1663 0.1668 0.1677 0.1653 0.1675 0.1665 
         641  1 0.1659 0.1670 0.1686 0.1701 0.1651 0.1633 
         642  1 0.1675 0.1634 0.1693 0.1698 0.1647 0.1653 
         643  1 0.1647 0.1723 0.1642 0.1645 0.1662 0.1681 
         644  1 0.1682 0.1656 0.1667 0.1654 0.1675 0.1665 
         645  1 0.1684 0.1619 0.1688 0.1654 0.1674 0.1680 
         646  1 0.1662 0.1664 0.1694 0.1687 0.1678 0.1615 
         647  1 0.1701 0.1617 0.1720 0.1676 0.1644 0.1641 
         648  1 0.1678 0.1658 0.1666 0.1642 0.1682 0.1673 
         649  1 0.1684 0.1611 0.1687 0.1679 0.1671 0.1668 
         650  1 0.1683 0.1637 0.1671 0.1678 0.1664 0.1668 
         651  1 0.1624 0.1719 0.1659 0.1661 0.1682 0.1654 
         652  1 0.1728 0.1599 0.1690 0.1655 0.1641 0.1686 
         653  1 0.1677 0.1641 0.1668 0.1676 0.1664 0.1673 
         654  1 0.1654 0.1650 0.1662 0.1690 0.1683 0.1662 
         655  1 0.1636 0.1721 0.1659 0.1661 0.1657 0.1666 
         656  1 0.1693 0.1639 0.1670 0.1660 0.1670 0.1668 
         657  1 0.1674 0.1624 0.1696 0.1684 0.1669 0.1652 
         658  1 0.1677 0.1689 0.1673 0.1626 0.1673 0.1662 
         659  1 0.1653 0.1716 0.1653 0.1635 0.1665 0.1678 
         660  1 0.1677 0.1699 0.1661 0.1649 0.1658 0.1657 
         661  1 0.1657 0.1711 0.1668 0.1647 0.1655 0.1662 
         662  1 0.1701 0.1625 0.1707 0.1699 0.1645 0.1624 
         663  1 0.1649 0.1665 0.1666 0.1674 0.1700 0.1645 
         664  1 0.1639 0.1744 0.1630 0.1634 0.1662 0.1691 
         665  1 0.1669 0.1681 0.1664 0.1640 0.1659 0.1687 
         666  1 0.1713 0.1579 0.1698 0.1655 0.1687 0.1668 
         667  1 0.1655 0.1695 0.1656 0.1661 0.1660 0.1674 
         668  1 0.1678 0.1626 0.1710 0.1663 0.1663 0.1660 
         669  1 0.1661 0.1703 0.1650 0.1633 0.1668 0.1684 
         670  1 0.1681 0.1665 0.1667 0.1657 0.1668 0.1663 
         671  1 0.1700 0.1605 0.1695 0.1700 0.1653 0.1646 
         672  1 0.1687 0.1668 0.1645 0.1650 0.1663 0.1687 
         673  1 0.1659 0.1726 0.1655 0.1633 0.1667 0.1660 
         674  1 0.1667 0.1669 0.1635 0.1684 0.1661 0.1684 
         675  1 0.1675 0.1626 0.1712 0.1712 0.1639 0.1637 
         676  1 0.1676 0.1638 0.1663 0.1683 0.1671 0.1670 
         677  1 0.1673 0.1676 0.1650 0.1644 0.1670 0.1686 
