           1  1 0.2550 0.2482 0.2464 0.2504 
           2  1 0.2505 0.2509 0.2464 0.2523 
           3  1 0.2510 0.2486 0.2521 0.2483 
           4  1 0.2603 0.2407 0.2539 0.2451 
           5  1 0.2436 0.2526 0.2511 0.2527 
           6  1 0.2402 0.2579 0.2464 0.2555 
           7  1 0.2582 0.2422 0.2446 0.2550 
           8  1 0.2511 0.2495 0.2553 0.2442 
           9  1 0.2486 0.2509 0.2495 0.2510 
          10  1 0.2563 0.2469 0.2541 0.2427 
          11  1 0.2455 0.2509 0.2522 0.2514 
          12  1 0.2470 0.2504 0.2474 0.2552 
          13  1 0.2367 0.2598 0.2524 0.2511 
          14  1 0.2431 0.2543 0.2525 0.2501 
          15  1 0.2508 0.2496 0.2471 0.2525 
          16  1 0.2429 0.2506 0.2533 0.2533 
          17  1 0.2482 0.2475 0.2510 0.2533 
          18  1 0.2471 0.2517 0.2464 0.2548 
          19  1 0.2456 0.2533 0.2502 0.2509 
          20  1 0.2439 0.2549 0.2464 0.2548 
          21  1 0.2441 0.2503 0.2544 0.2511 
          22  1 0.2385 0.2551 0.2515 0.2549 
          23  1 0.2472 0.2527 0.2455 0.2546 
          24  1 0.2702 0.2372 0.2492 0.2435 
          25  1 0.2587 0.2433 0.2503 0.2477 
          26  1 0.2502 0.2498 0.2455 0.2545 
          27  1 0.2480 0.2534 0.2521 0.2465 
          28  1 0.2519 0.2485 0.2512 0.2484 
          29  1 0.2482 0.2472 0.2537 0.2510 
          30  1 0.2569 0.2454 0.2509 0.2469 
          31  1 0.2409 0.2580 0.2488 0.2523 
          32  1 0.2515 0.2455 0.2515 0.2515 
          33  1 0.2510 0.2508 0.2525 0.2457 
          34  1 0.2452 0.2522 0.2541 0.2485 
          35  1 0.2485 0.2516 0.2517 0.2482 
          36  1 0.2514 0.2515 0.2471 0.2500 
          37  1 0.2507 0.2486 0.2507 0.2500 
          38  1 0.2510 0.2504 0.2502 0.2484 
          39  1 0.2501 0.2493 0.2575 0.2432 
          40  1 0.2435 0.2574 0.2494 0.2497 
          41  1 0.2476 0.2527 0.2505 0.2493 
          42  1 0.2523 0.2464 0.2535 0.2478 
          43  1 0.2568 0.2465 0.2494 0.2473 
          44  1 0.2440 0.2528 0.2491 0.2541 
          45  1 0.2413 0.2540 0.2436 0.2612 
          46  1 0.2545 0.2473 0.2516 0.2466 
          47  1 0.2500 0.2541 0.2489 0.2470 
          48  1 0.2502 0.2516 0.2498 0.2484 
          49  1 0.2470 0.2497 0.2522 0.2511 
          50  1 0.2413 0.2532 0.2544 0.2511 
          51  1 0.2609 0.2440 0.2481 0.2471 
          52  1 0.2518 0.2516 0.2501 0.2464 
          53  1 0.2524 0.2524 0.2489 0.2462 
          54  1 0.2493 0.2519 0.2504 0.2483 
          55  1 0.2506 0.2475 0.2474 0.2545 
          56  1 0.2455 0.2528 0.2547 0.2469 
          57  1 0.2496 0.2477 0.2514 0.2513 
          58  1 0.2583 0.2450 0.2553 0.2414 
          59  1 0.2529 0.2500 0.2462 0.2509 
          60  1 0.2499 0.2486 0.2455 0.2560 
          61  1 0.2516 0.2524 0.2496 0.2464 
          62  1 0.2451 0.2546 0.2532 0.2470 
          63  1 0.2426 0.2542 0.2520 0.2512 
          64  1 0.2522 0.2443 0.2552 0.2483 
          65  1 0.2493 0.2465 0.2487 0.2555 
          66  1 0.2591 0.2427 0.2562 0.2420 
          67  1 0.2623 0.2414 0.2549 0.2414 
          68  1 0.2462 0.2529 0.2505 0.2503 
          69  1 0.2461 0.2490 0.2529 0.2520 
          70  1 0.2547 0.2435 0.2563 0.2455 
          71  1 0.2428 0.2536 0.2439 0.2597 
          72  1 0.2513 0.2481 0.2555 0.2451 
          73  1 0.2545 0.2427 0.2570 0.2458 
          74  1 0.2524 0.2517 0.2490 0.2469 
          75  1 0.2493 0.2484 0.2582 0.2442 
          76  1 0.2461 0.2510 0.2518 0.2511 
          77  1 0.2419 0.2533 0.2527 0.2520 
          78  1 0.2513 0.2525 0.2551 0.2411 
          79  1 0.2443 0.2541 0.2486 0.2530 
          80  1 0.2536 0.2514 0.2508 0.2442 
          81  1 0.2454 0.2509 0.2521 0.2517 
          82  1 0.2485 0.2516 0.2470 0.2530 
          83  1 0.2487 0.2489 0.2481 0.2542 
          84  1 0.2515 0.2498 0.2563 0.2424 
          85  1 0.2623 0.2466 0.2478 0.2433 
          86  1 0.2504 0.2473 0.2556 0.2466 
          87  1 0.2524 0.2485 0.2519 0.2473 
          88  1 0.2492 0.2526 0.2442 0.2540 
          89  1 0.2528 0.2506 0.2533 0.2434 
          90  1 0.2591 0.2426 0.2491 0.2493 
          91  1 0.2526 0.2463 0.2493 0.2518 
          92  1 0.2519 0.2487 0.2550 0.2444 
          93  1 0.2466 0.2512 0.2494 0.2528 
          94  1 0.2516 0.2489 0.2455 0.2540 
          95  1 0.2491 0.2516 0.2492 0.2502 
          96  1 0.2454 0.2560 0.2488 0.2499 
          97  1 0.2544 0.2454 0.2532 0.2470 
          98  1 0.2477 0.2468 0.2528 0.2527 
          99  1 0.2514 0.2465 0.2553 0.2468 
         100  1 0.2569 0.2449 0.2513 0.2469 
         101  1 0.2459 0.2522 0.2513 0.2507 
         102  1 0.2487 0.2539 0.2498 0.2476 
         103  1 0.2498 0.2490 0.2507 0.2505 
         104  1 0.2541 0.2413 0.2587 0.2460 
         105  1 0.2467 0.2530 0.2507 0.2495 
         106  1 0.2551 0.2474 0.2483 0.2492 
         107  1 0.2550 0.2479 0.2402 0.2569 
         108  1 0.2560 0.2487 0.2486 0.2468 
         109  1 0.2677 0.2436 0.2496 0.2391 
         110  1 0.2468 0.2545 0.2480 0.2508 
         111  1 0.2518 0.2514 0.2427 0.2540 
         112  1 0.2550 0.2469 0.2505 0.2476 
         113  1 0.2462 0.2495 0.2502 0.2542 
         114  1 0.2468 0.2548 0.2465 0.2519 
         115  1 0.2439 0.2559 0.2487 0.2515 
         116  1 0.2508 0.2509 0.2477 0.2506 
         117  1 0.2510 0.2457 0.2495 0.2538 
         118  1 0.2484 0.2486 0.2534 0.2495 
         119  1 0.2461 0.2499 0.2454 0.2586 
         120  1 0.2450 0.2546 0.2501 0.2502 
         121  1 0.2468 0.2497 0.2512 0.2524 
         122  1 0.2528 0.2493 0.2488 0.2491 
         123  1 0.2554 0.2465 0.2507 0.2474 
         124  1 0.2435 0.2557 0.2453 0.2555 
         125  1 0.2547 0.2481 0.2470 0.2501 
         126  1 0.2486 0.2532 0.2511 0.2472 
         127  1 0.2436 0.2534 0.2484 0.2546 
         128  1 0.2455 0.2542 0.2520 0.2483 
         129  1 0.2454 0.2507 0.2520 0.2520 
         130  1 0.2510 0.2502 0.2507 0.2480 
         131  1 0.2624 0.2439 0.2453 0.2484 
         132  1 0.2435 0.2538 0.2443 0.2584 
         133  1 0.2530 0.2488 0.2538 0.2444 
         134  1 0.2519 0.2503 0.2540 0.2437 
         135  1 0.2579 0.2439 0.2544 0.2438 
         136  1 0.2470 0.2523 0.2470 0.2538 
         137  1 0.2531 0.2493 0.2492 0.2483 
         138  1 0.2468 0.2508 0.2533 0.2492 
         139  1 0.2444 0.2527 0.2499 0.2531 
         140  1 0.2416 0.2536 0.2507 0.2540 
         141  1 0.2519 0.2486 0.2541 0.2454 
         142  1 0.2483 0.2448 0.2560 0.2509 
         143  1 0.2438 0.2505 0.2544 0.2513 
         144  1 0.2583 0.2420 0.2521 0.2476 
         145  1 0.2538 0.2458 0.2486 0.2519 
         146  1 0.2481 0.2477 0.2513 0.2529 
         147  1 0.2465 0.2536 0.2503 0.2495 
         148  1 0.2456 0.2534 0.2511 0.2499 
         149  1 0.2515 0.2488 0.2506 0.2491 
         150  1 0.2526 0.2494 0.2484 0.2496 
         151  1 0.2494 0.2506 0.2509 0.2490 
         152  1 0.2541 0.2514 0.2470 0.2474 
         153  1 0.2512 0.2475 0.2524 0.2489 
         154  1 0.2469 0.2495 0.2587 0.2449 
         155  1 0.2484 0.2521 0.2486 0.2509 
         156  1 0.2497 0.2477 0.2507 0.2519 
         157  1 0.2594 0.2474 0.2525 0.2407 
         158  1 0.2546 0.2468 0.2538 0.2448 
         159  1 0.2484 0.2498 0.2538 0.2481 
         160  1 0.2421 0.2545 0.2504 0.2530 
         161  1 0.2523 0.2493 0.2507 0.2477 
         162  1 0.2474 0.2531 0.2488 0.2506 
         163  1 0.2495 0.2524 0.2532 0.2450 
         164  1 0.2487 0.2539 0.2476 0.2498 
         165  1 0.2438 0.2526 0.2468 0.2568 
         166  1 0.2485 0.2509 0.2460 0.2545 
         167  1 0.2464 0.2505 0.2476 0.2554 
         168  1 0.2607 0.2424 0.2480 0.2489 
         169  1 0.2432 0.2559 0.2500 0.2508 
         170  1 0.2404 0.2561 0.2491 0.2544 
         171  1 0.2444 0.2550 0.2546 0.2460 
         172  1 0.2474 0.2525 0.2501 0.2501 
         173  1 0.2469 0.2522 0.2512 0.2497 
         174  1 0.2507 0.2507 0.2452 0.2534 
         175  1 0.2469 0.2500 0.2483 0.2547 
         176  1 0.2496 0.2512 0.2487 0.2505 
         177  1 0.2544 0.2482 0.2491 0.2483 
         178  1 0.2505 0.2473 0.2483 0.2540 
         179  1 0.2549 0.2491 0.2515 0.2445 
         180  1 0.2366 0.2573 0.2462 0.2599 
         181  1 0.2448 0.2487 0.2534 0.2531 
         182  1 0.2490 0.2506 0.2449 0.2555 
         183  1 0.2530 0.2510 0.2442 0.2518 
         184  1 0.2445 0.2529 0.2479 0.2546 
         185  1 0.2525 0.2489 0.2519 0.2467 
         186  1 0.2479 0.2485 0.2507 0.2530 
         187  1 0.2456 0.2553 0.2488 0.2503 
         188  1 0.2444 0.2533 0.2513 0.2509 
         189  1 0.2462 0.2530 0.2511 0.2497 
         190  1 0.2431 0.2524 0.2501 0.2544 
         191  1 0.2400 0.2561 0.2507 0.2532 
         192  1 0.2490 0.2493 0.2512 0.2505 
         193  1 0.2585 0.2465 0.2484 0.2466 
         194  1 0.2499 0.2496 0.2532 0.2474 
         195  1 0.2505 0.2511 0.2462 0.2521 
         196  1 0.2435 0.2516 0.2499 0.2550 
         197  1 0.2492 0.2469 0.2562 0.2478 
         198  1 0.2459 0.2502 0.2456 0.2583 
         199  1 0.2541 0.2485 0.2531 0.2443 
         200  1 0.2510 0.2497 0.2552 0.2441 
         201  1 0.2563 0.2435 0.2508 0.2493 
         202  1 0.2551 0.2471 0.2451 0.2527 
         203  1 0.2433 0.2536 0.2528 0.2503 
         204  1 0.2491 0.2505 0.2462 0.2542 
         205  1 0.2458 0.2530 0.2469 0.2543 
         206  1 0.2471 0.2530 0.2452 0.2547 
         207  1 0.2456 0.2568 0.2450 0.2526 
         208  1 0.2578 0.2460 0.2467 0.2495 
         209  1 0.2505 0.2501 0.2478 0.2517 
         210  1 0.2480 0.2527 0.2558 0.2435 
         211  1 0.2579 0.2418 0.2503 0.2500 
         212  1 0.2473 0.2499 0.2510 0.2517 
         213  1 0.2510 0.2529 0.2473 0.2489 
         214  1 0.2603 0.2416 0.2507 0.2474 
         215  1 0.2501 0.2517 0.2502 0.2480 
         216  1 0.2408 0.2504 0.2546 0.2542 
         217  1 0.2508 0.2473 0.2520 0.2499 
         218  1 0.2446 0.2574 0.2434 0.2547 
         219  1 0.2571 0.2479 0.2498 0.2452 
         220  1 0.2579 0.2470 0.2473 0.2478 
         221  1 0.2539 0.2473 0.2511 0.2477 
         222  1 0.2490 0.2568 0.2485 0.2457 
         223  1 0.2610 0.2421 0.2507 0.2462 
         224  1 0.2472 0.2540 0.2461 0.2527 
         225  1 0.2416 0.2571 0.2484 0.2529 
         226  1 0.2430 0.2552 0.2521 0.2496 
         227  1 0.2568 0.2449 0.2568 0.2415 
         228  1 0.2549 0.2498 0.2458 0.2495 
         229  1 0.2477 0.2529 0.2484 0.2509 
         230  1 0.2537 0.2488 0.2534 0.2441 
         231  1 0.2519 0.2447 0.2514 0.2520 
         232  1 0.2482 0.2477 0.2521 0.2520 
         233  1 0.2510 0.2491 0.2489 0.2511 
         234  1 0.2431 0.2545 0.2510 0.2514 
         235  1 0.2465 0.2501 0.2520 0.2515 
         236  1 0.2509 0.2512 0.2549 0.2430 
         237  1 0.2516 0.2461 0.2489 0.2534 
         238  1 0.2510 0.2506 0.2518 0.2466 
         239  1 0.2452 0.2569 0.2488 0.2492 
         240  1 0.2456 0.2530 0.2467 0.2546 
         241  1 0.2502 0.2485 0.2509 0.2503 
         242  1 0.2509 0.2476 0.2507 0.2508 
         243  1 0.2479 0.2509 0.2476 0.2536 
         244  1 0.2553 0.2501 0.2498 0.2447 
         245  1 0.2432 0.2538 0.2507 0.2523 
         246  1 0.2486 0.2530 0.2522 0.2462 
         247  1 0.2476 0.2541 0.2484 0.2500 
         248  1 0.2489 0.2508 0.2501 0.2502 
         249  1 0.2592 0.2473 0.2477 0.2458 
         250  1 0.2373 0.2563 0.2517 0.2547 
         251  1 0.2482 0.2507 0.2524 0.2487 
         252  1 0.2460 0.2528 0.2535 0.2476 
         253  1 0.2562 0.2496 0.2490 0.2453 
         254  1 0.2447 0.2524 0.2481 0.2549 
         255  1 0.2565 0.2484 0.2488 0.2462 
         256  1 0.2492 0.2493 0.2526 0.2488 
         257  1 0.2502 0.2511 0.2496 0.2491 
         258  1 0.2526 0.2499 0.2504 0.2472 
         259  1 0.2523 0.2466 0.2576 0.2435 
         260  1 0.2522 0.2491 0.2527 0.2460 
         261  1 0.2510 0.2510 0.2410 0.2570 
         262  1 0.2485 0.2471 0.2538 0.2507 
         263  1 0.2473 0.2507 0.2536 0.2485 
         264  1 0.2462 0.2501 0.2509 0.2529 
         265  1 0.2494 0.2506 0.2482 0.2518 
         266  1 0.2418 0.2532 0.2541 0.2509 
         267  1 0.2552 0.2443 0.2531 0.2474 
         268  1 0.2580 0.2459 0.2445 0.2516 
         269  1 0.2578 0.2478 0.2459 0.2485 
         270  1 0.2463 0.2508 0.2463 0.2565 
         271  1 0.2391 0.2553 0.2513 0.2543 
         272  1 0.2464 0.2515 0.2531 0.2489 
         273  1 0.2493 0.2471 0.2525 0.2512 
         274  1 0.2454 0.2515 0.2555 0.2476 
         275  1 0.2534 0.2521 0.2484 0.2462 
         276  1 0.2435 0.2538 0.2441 0.2585 
         277  1 0.2477 0.2513 0.2450 0.2560 
         278  1 0.2620 0.2443 0.2450 0.2487 
         279  1 0.2468 0.2503 0.2489 0.2540 
         280  1 0.2576 0.2452 0.2453 0.2519 
         281  1 0.2488 0.2460 0.2508 0.2544 
         282  1 0.2486 0.2528 0.2498 0.2488 
         283  1 0.2387 0.2545 0.2482 0.2585 
         284  1 0.2445 0.2526 0.2467 0.2562 
         285  1 0.2528 0.2440 0.2513 0.2520 
         286  1 0.2503 0.2498 0.2465 0.2533 
         287  1 0.2483 0.2515 0.2481 0.2520 
         288  1 0.2472 0.2541 0.2451 0.2536 
         289  1 0.2512 0.2431 0.2559 0.2498 
         290  1 0.2488 0.2466 0.2462 0.2584 
         291  1 0.2523 0.2453 0.2501 0.2522 
         292  1 0.2445 0.2521 0.2518 0.2516 
         293  1 0.2527 0.2458 0.2510 0.2504 
         294  1 0.2493 0.2513 0.2483 0.2510 
         295  1 0.2550 0.2469 0.2511 0.2470 
         296  1 0.2561 0.2443 0.2526 0.2470 
         297  1 0.2459 0.2533 0.2524 0.2483 
         298  1 0.2520 0.2447 0.2588 0.2445 
         299  1 0.2529 0.2486 0.2566 0.2419 
         300  1 0.2524 0.2499 0.2492 0.2486 
         301  1 0.2474 0.2540 0.2497 0.2488 
         302  1 0.2455 0.2518 0.2529 0.2498 
         303  1 0.2434 0.2568 0.2508 0.2490 
         304  1 0.2408 0.2537 0.2452 0.2604 
         305  1 0.2421 0.2543 0.2461 0.2575 
         306  1 0.2502 0.2510 0.2530 0.2458 
         307  1 0.2539 0.2447 0.2523 0.2490 
         308  1 0.2517 0.2437 0.2544 0.2502 
         309  1 0.2515 0.2484 0.2467 0.2535 
         310  1 0.2520 0.2503 0.2513 0.2464 
         311  1 0.2496 0.2510 0.2499 0.2496 
         312  1 0.2390 0.2570 0.2460 0.2580 
         313  1 0.2507 0.2512 0.2505 0.2476 
         314  1 0.2567 0.2437 0.2533 0.2463 
         315  1 0.2521 0.2498 0.2483 0.2498 
         316  1 0.2536 0.2485 0.2524 0.2456 
         317  1 0.2501 0.2484 0.2479 0.2536 
         318  1 0.2494 0.2474 0.2506 0.2526 
         319  1 0.2608 0.2441 0.2502 0.2449 
         320  1 0.2506 0.2499 0.2450 0.2544 
         321  1 0.2530 0.2480 0.2501 0.2489 
         322  1 0.2409 0.2534 0.2532 0.2525 
         323  1 0.2513 0.2478 0.2494 0.2514 
         324  1 0.2601 0.2442 0.2496 0.2461 
         325  1 0.2518 0.2481 0.2487 0.2514 
         326  1 0.2522 0.2466 0.2546 0.2467 
         327  1 0.2444 0.2534 0.2519 0.2503 
         328  1 0.2512 0.2486 0.2502 0.2501 
         329  1 0.2468 0.2494 0.2533 0.2505 
         330  1 0.2429 0.2546 0.2488 0.2537 
         331  1 0.2576 0.2457 0.2454 0.2513 
         332  1 0.2539 0.2471 0.2498 0.2492 
         333  1 0.2431 0.2547 0.2497 0.2525 
         334  1 0.2499 0.2488 0.2533 0.2480 
         335  1 0.2528 0.2451 0.2467 0.2554 
         336  1 0.2507 0.2534 0.2472 0.2486 
         337  1 0.2518 0.2495 0.2479 0.2508 
         338  1 0.2545 0.2495 0.2523 0.2436 
         339  1 0.2420 0.2542 0.2500 0.2537 
         340  1 0.2521 0.2490 0.2495 0.2495 
         341  1 0.2547 0.2479 0.2461 0.2513 
         342  1 0.2451 0.2527 0.2544 0.2478 
         343  1 0.2448 0.2500 0.2490 0.2561 
         344  1 0.2557 0.2442 0.2510 0.2491 
         345  1 0.2563 0.2452 0.2522 0.2462 
         346  1 0.2453 0.2560 0.2454 0.2533 
         347  1 0.2480 0.2520 0.2500 0.2501 
         348  1 0.2473 0.2474 0.2508 0.2544 
         349  1 0.2468 0.2532 0.2504 0.2495 
         350  1 0.2553 0.2479 0.2450 0.2518 
         351  1 0.2543 0.2500 0.2479 0.2478 
         352  1 0.2555 0.2432 0.2476 0.2537 
         353  1 0.2445 0.2502 0.2496 0.2558 
         354  1 0.2442 0.2530 0.2506 0.2521 
         355  1 0.2435 0.2543 0.2514 0.2507 
         356  1 0.2469 0.2539 0.2460 0.2532 
         357  1 0.2520 0.2508 0.2549 0.2422 
         358  1 0.2463 0.2524 0.2502 0.2511 
         359  1 0.2565 0.2475 0.2478 0.2482 
         360  1 0.2474 0.2488 0.2475 0.2563 
         361  1 0.2642 0.2348 0.2520 0.2490 
         362  1 0.2439 0.2528 0.2573 0.2460 
         363  1 0.2400 0.2549 0.2503 0.2549 
         364  1 0.2432 0.2562 0.2494 0.2513 
         365  1 0.2538 0.2432 0.2530 0.2500 
         366  1 0.2502 0.2503 0.2472 0.2523 
         367  1 0.2502 0.2515 0.2476 0.2507 
         368  1 0.2509 0.2475 0.2521 0.2495 
         369  1 0.2557 0.2477 0.2502 0.2464 
         370  1 0.2472 0.2562 0.2477 0.2490 
         371  1 0.2479 0.2521 0.2495 0.2504 
         372  1 0.2430 0.2548 0.2505 0.2517 
         373  1 0.2461 0.2504 0.2484 0.2551 
         374  1 0.2593 0.2452 0.2479 0.2476 
         375  1 0.2549 0.2486 0.2457 0.2507 
         376  1 0.2452 0.2531 0.2510 0.2507 
         377  1 0.2522 0.2473 0.2514 0.2491 
         378  1 0.2369 0.2573 0.2485 0.2572 
         379  1 0.2437 0.2544 0.2484 0.2536 
         380  1 0.2473 0.2506 0.2514 0.2507 
         381  1 0.2488 0.2497 0.2475 0.2540 
         382  1 0.2536 0.2510 0.2479 0.2474 
         383  1 0.2471 0.2539 0.2480 0.2510 
         384  1 0.2529 0.2480 0.2503 0.2489 
         385  1 0.2623 0.2460 0.2443 0.2473 
         386  1 0.2528 0.2516 0.2532 0.2423 
         387  1 0.2510 0.2529 0.2532 0.2429 
         388  1 0.2434 0.2562 0.2452 0.2552 
         389  1 0.2445 0.2513 0.2560 0.2482 
         390  1 0.2606 0.2453 0.2543 0.2398 
         391  1 0.2533 0.2493 0.2531 0.2444 
         392  1 0.2570 0.2466 0.2530 0.2434 
         393  1 0.2480 0.2537 0.2502 0.2480 
         394  1 0.2555 0.2459 0.2456 0.2529 
         395  1 0.2542 0.2437 0.2460 0.2561 
         396  1 0.2559 0.2486 0.2477 0.2478 
         397  1 0.2525 0.2477 0.2483 0.2514 
         398  1 0.2531 0.2449 0.2494 0.2527 
         399  1 0.2500 0.2493 0.2484 0.2524 
         400  1 0.2494 0.2485 0.2483 0.2539 
         401  1 0.2634 0.2417 0.2468 0.2481 
         402  1 0.2529 0.2453 0.2512 0.2506 
         403  1 0.2413 0.2512 0.2510 0.2566 
         404  1 0.2454 0.2542 0.2475 0.2529 
         405  1 0.2514 0.2534 0.2457 0.2495 
         406  1 0.2494 0.2488 0.2420 0.2597 
         407  1 0.2518 0.2503 0.2505 0.2474 
         408  1 0.2475 0.2508 0.2489 0.2528 
         409  1 0.2509 0.2513 0.2474 0.2504 
         410  1 0.2496 0.2517 0.2460 0.2528 
         411  1 0.2643 0.2420 0.2518 0.2418 
         412  1 0.2531 0.2483 0.2478 0.2508 
         413  1 0.2462 0.2473 0.2547 0.2517 
         414  1 0.2592 0.2433 0.2455 0.2521 
         415  1 0.2467 0.2536 0.2453 0.2544 
         416  1 0.2426 0.2533 0.2476 0.2565 
         417  1 0.2485 0.2527 0.2478 0.2510 
         418  1 0.2454 0.2507 0.2498 0.2541 
         419  1 0.2464 0.2518 0.2488 0.2529 
         420  1 0.2479 0.2528 0.2489 0.2504 
         421  1 0.2507 0.2487 0.2567 0.2440 
         422  1 0.2473 0.2477 0.2523 0.2527 
         423  1 0.2527 0.2475 0.2512 0.2486 
         424  1 0.2547 0.2484 0.2494 0.2474 
         425  1 0.2452 0.2534 0.2519 0.2494 
         426  1 0.2523 0.2527 0.2462 0.2488 
         427  1 0.2433 0.2545 0.2471 0.2550 
         428  1 0.2583 0.2439 0.2484 0.2494 
         429  1 0.2427 0.2570 0.2444 0.2559 
         430  1 0.2480 0.2471 0.2478 0.2571 
         431  1 0.2553 0.2467 0.2474 0.2506 
         432  1 0.2471 0.2473 0.2524 0.2531 
         433  1 0.2487 0.2483 0.2523 0.2507 
         434  1 0.2526 0.2498 0.2586 0.2390 
         435  1 0.2522 0.2476 0.2464 0.2539 
         436  1 0.2403 0.2551 0.2481 0.2566 
         437  1 0.2427 0.2541 0.2539 0.2493 
         438  1 0.2519 0.2494 0.2545 0.2442 
         439  1 0.2477 0.2524 0.2506 0.2493 
         440  1 0.2430 0.2502 0.2522 0.2546 
         441  1 0.2498 0.2503 0.2520 0.2479 
         442  1 0.2541 0.2478 0.2555 0.2425 
         443  1 0.2427 0.2521 0.2458 0.2594 
         444  1 0.2560 0.2480 0.2512 0.2448 
         445  1 0.2461 0.2517 0.2495 0.2527 
         446  1 0.2529 0.2459 0.2477 0.2534 
         447  1 0.2483 0.2515 0.2463 0.2539 
         448  1 0.2449 0.2538 0.2504 0.2509 
         449  1 0.2465 0.2523 0.2478 0.2534 
         450  1 0.2507 0.2489 0.2517 0.2487 
         451  1 0.2497 0.2520 0.2516 0.2467 
         452  1 0.2466 0.2523 0.2478 0.2533 
         453  1 0.2538 0.2491 0.2418 0.2553 
         454  1 0.2386 0.2558 0.2507 0.2549 
         455  1 0.2420 0.2554 0.2511 0.2516 
         456  1 0.2388 0.2569 0.2482 0.2561 
         457  1 0.2550 0.2483 0.2443 0.2524 
         458  1 0.2449 0.2540 0.2444 0.2567 
         459  1 0.2498 0.2442 0.2509 0.2551 
         460  1 0.2465 0.2511 0.2504 0.2520 
         461  1 0.2515 0.2431 0.2523 0.2531 
         462  1 0.2459 0.2546 0.2488 0.2507 
         463  1 0.2497 0.2516 0.2501 0.2486 
         464  1 0.2528 0.2516 0.2479 0.2477 
         465  1 0.2583 0.2457 0.2501 0.2459 
         466  1 0.2515 0.2526 0.2474 0.2486 
         467  1 0.2531 0.2490 0.2469 0.2511 
         468  1 0.2428 0.2585 0.2456 0.2531 
         469  1 0.2627 0.2422 0.2541 0.2411 
         470  1 0.2479 0.2544 0.2464 0.2512 
         471  1 0.2341 0.2603 0.2513 0.2543 
         472  1 0.2490 0.2518 0.2491 0.2501 
         473  1 0.2552 0.2449 0.2512 0.2487 
         474  1 0.2414 0.2575 0.2498 0.2513 
         475  1 0.2456 0.2538 0.2503 0.2503 
         476  1 0.2528 0.2482 0.2496 0.2494 
         477  1 0.2455 0.2554 0.2464 0.2527 
         478  1 0.2452 0.2527 0.2487 0.2534 
         479  1 0.2467 0.2525 0.2493 0.2515 
         480  1 0.2464 0.2533 0.2517 0.2487 
         481  1 0.2553 0.2462 0.2483 0.2502 
         482  1 0.2449 0.2530 0.2456 0.2565 
         483  1 0.2561 0.2485 0.2490 0.2464 
         484  1 0.2480 0.2505 0.2497 0.2518 
         485  1 0.2455 0.2514 0.2533 0.2498 
         486  1 0.2492 0.2547 0.2469 0.2492 
         487  1 0.2517 0.2509 0.2494 0.2480 
         488  1 0.2476 0.2539 0.2504 0.2481 
         489  1 0.2678 0.2367 0.2543 0.2413 
         490  1 0.2493 0.2498 0.2507 0.2502 
         491  1 0.2409 0.2576 0.2516 0.2499 
         492  1 0.2473 0.2474 0.2527 0.2526 
         493  1 0.2408 0.2572 0.2491 0.2530 
         494  1 0.2517 0.2471 0.2510 0.2503 
         495  1 0.2527 0.2497 0.2549 0.2426 
         496  1 0.2493 0.2515 0.2520 0.2472 
         497  1 0.2518 0.2499 0.2508 0.2474 
         498  1 0.2527 0.2475 0.2484 0.2514 
         499  1 0.2528 0.2485 0.2506 0.2481 
         500  1 0.2418 0.2542 0.2527 0.2513 
         501  1 0.2581 0.2399 0.2457 0.2562 
         502  1 0.2597 0.2462 0.2472 0.2469 
         503  1 0.2617 0.2457 0.2522 0.2404 
         504  1 0.2449 0.2522 0.2495 0.2534 
         505  1 0.2468 0.2498 0.2575 0.2459 
         506  1 0.2517 0.2486 0.2569 0.2429 
         507  1 0.2481 0.2508 0.2550 0.2461 
         508  1 0.2460 0.2517 0.2469 0.2554 
         509  1 0.2510 0.2471 0.2510 0.2509 
         510  1 0.2471 0.2504 0.2509 0.2515 
         511  1 0.2501 0.2515 0.2506 0.2478 
         512  1 0.2476 0.2541 0.2533 0.2450 
         513  1 0.2491 0.2529 0.2481 0.2500 
         514  1 0.2477 0.2537 0.2472 0.2515 
         515  1 0.2527 0.2500 0.2493 0.2480 
         516  1 0.2474 0.2509 0.2558 0.2459 
         517  1 0.2432 0.2541 0.2498 0.2529 
         518  1 0.2468 0.2525 0.2502 0.2505 
         519  1 0.2550 0.2478 0.2516 0.2457 
         520  1 0.2487 0.2488 0.2549 0.2476 
         521  1 0.2563 0.2471 0.2495 0.2472 
         522  1 0.2607 0.2439 0.2420 0.2533 
         523  1 0.2508 0.2512 0.2509 0.2471 
         524  1 0.2455 0.2527 0.2506 0.2512 
         525  1 0.2636 0.2404 0.2534 0.2426 
         526  1 0.2489 0.2501 0.2485 0.2526 
         527  1 0.2540 0.2484 0.2517 0.2458 
         528  1 0.2486 0.2476 0.2466 0.2572 
         529  1 0.2474 0.2527 0.2457 0.2542 
         530  1 0.2507 0.2485 0.2464 0.2543 
         531  1 0.2462 0.2537 0.2507 0.2494 
         532  1 0.2506 0.2507 0.2523 0.2464 
         533  1 0.2579 0.2441 0.2504 0.2476 
         534  1 0.2525 0.2482 0.2482 0.2511 
         535  1 0.2571 0.2447 0.2511 0.2471 
         536  1 0.2497 0.2450 0.2532 0.2521 
         537  1 0.2551 0.2481 0.2498 0.2470 
         538  1 0.2430 0.2564 0.2440 0.2566 
         539  1 0.2474 0.2485 0.2524 0.2516 
         540  1 0.2501 0.2514 0.2571 0.2414 
         541  1 0.2498 0.2484 0.2501 0.2517 
         542  1 0.2502 0.2489 0.2529 0.2480 
         543  1 0.2647 0.2404 0.2523 0.2425 
         544  1 0.2436 0.2553 0.2539 0.2471 
         545  1 0.2483 0.2498 0.2505 0.2515 
         546  1 0.2478 0.2526 0.2487 0.2510 
         547  1 0.2549 0.2491 0.2458 0.2502 
         548  1 0.2479 0.2542 0.2446 0.2533 
         549  1 0.2481 0.2517 0.2499 0.2504 
         550  1 0.2465 0.2522 0.2502 0.2512 
         551  1 0.2643 0.2428 0.2506 0.2423 
         552  1 0.2530 0.2517 0.2462 0.2492 
         553  1 0.2495 0.2480 0.2591 0.2434 
         554  1 0.2458 0.2491 0.2482 0.2569 
         555  1 0.2548 0.2479 0.2465 0.2509 
         556  1 0.2517 0.2510 0.2464 0.2509 
         557  1 0.2407 0.2566 0.2486 0.2541 
         558  1 0.2509 0.2511 0.2492 0.2488 
         559  1 0.2497 0.2487 0.2551 0.2465 
         560  1 0.2429 0.2547 0.2558 0.2466 
         561  1 0.2504 0.2503 0.2505 0.2488 
         562  1 0.2346 0.2630 0.2453 0.2572 
         563  1 0.2410 0.2556 0.2501 0.2532 
         564  1 0.2440 0.2545 0.2439 0.2576 
         565  1 0.2532 0.2487 0.2492 0.2490 
         566  1 0.2564 0.2434 0.2541 0.2462 
         567  1 0.2443 0.2511 0.2522 0.2524 
         568  1 0.2609 0.2429 0.2513 0.2448 
         569  1 0.2460 0.2506 0.2526 0.2509 
         570  1 0.2526 0.2456 0.2543 0.2476 
         571  1 0.2469 0.2484 0.2555 0.2492 
         572  1 0.2460 0.2533 0.2453 0.2554 
         573  1 0.2531 0.2487 0.2512 0.2470 
         574  1 0.2540 0.2520 0.2491 0.2449 
         575  1 0.2502 0.2514 0.2522 0.2461 
         576  1 0.2497 0.2510 0.2564 0.2429 
         577  1 0.2453 0.2554 0.2455 0.2538 
         578  1 0.2526 0.2509 0.2459 0.2506 
         579  1 0.2580 0.2456 0.2497 0.2467 
         580  1 0.2496 0.2487 0.2508 0.2509 
         581  1 0.2538 0.2490 0.2442 0.2530 
         582  1 0.2432 0.2545 0.2507 0.2516 
         583  1 0.2450 0.2521 0.2546 0.2482 
         584  1 0.2588 0.2435 0.2498 0.2479 
         585  1 0.2473 0.2481 0.2502 0.2545 
         586  1 0.2383 0.2593 0.2496 0.2529 
         587  1 0.2501 0.2484 0.2461 0.2553 
         588  1 0.2531 0.2478 0.2489 0.2502 
         589  1 0.2514 0.2512 0.2501 0.2473 
         590  1 0.2431 0.2542 0.2504 0.2523 
         591  1 0.2512 0.2481 0.2432 0.2575 
         592  1 0.2519 0.2497 0.2474 0.2510 
         593  1 0.2490 0.2529 0.2527 0.2454 
         594  1 0.2452 0.2549 0.2534 0.2466 
         595  1 0.2463 0.2527 0.2507 0.2502 
         596  1 0.2574 0.2457 0.2491 0.2479 
         597  1 0.2483 0.2522 0.2534 0.2461 
         598  1 0.2534 0.2450 0.2520 0.2496 
         599  1 0.2616 0.2420 0.2491 0.2473 
         600  1 0.2508 0.2522 0.2502 0.2468 
         601  1 0.2493 0.2483 0.2447 0.2577 
         602  1 0.2564 0.2458 0.2557 0.2421 
         603  1 0.2468 0.2522 0.2510 0.2500 
         604  1 0.2540 0.2503 0.2475 0.2482 
         605  1 0.2520 0.2501 0.2518 0.2461 
         606  1 0.2494 0.2525 0.2467 0.2514 
         607  1 0.2497 0.2528 0.2494 0.2482 
         608  1 0.2525 0.2505 0.2484 0.2486 
         609  1 0.2531 0.2450 0.2490 0.2530 
         610  1 0.2520 0.2491 0.2487 0.2502 
         611  1 0.2483 0.2492 0.2513 0.2512 
         612  1 0.2522 0.2505 0.2486 0.2487 
         613  1 0.2461 0.2515 0.2479 0.2544 
         614  1 0.2450 0.2522 0.2522 0.2507 
         615  1 0.2421 0.2531 0.2504 0.2544 
         616  1 0.2444 0.2561 0.2453 0.2542 
         617  1 0.2498 0.2528 0.2487 0.2487 
         618  1 0.2588 0.2468 0.2492 0.2451 
         619  1 0.2578 0.2477 0.2510 0.2435 
         620  1 0.2508 0.2497 0.2518 0.2477 
         621  1 0.2474 0.2533 0.2557 0.2436 
         622  1 0.2582 0.2448 0.2540 0.2430 
         623  1 0.2486 0.2517 0.2494 0.2503 
         624  1 0.2502 0.2511 0.2559 0.2429 
         625  1 0.2549 0.2443 0.2491 0.2517 
         626  1 0.2538 0.2402 0.2595 0.2464 
         627  1 0.2558 0.2489 0.2475 0.2478 
         628  1 0.2521 0.2477 0.2502 0.2500 
         629  1 0.2518 0.2500 0.2521 0.2461 
         630  1 0.2449 0.2543 0.2476 0.2532 
         631  1 0.2547 0.2470 0.2512 0.2471 
         632  1 0.2467 0.2516 0.2484 0.2534 
         633  1 0.2366 0.2591 0.2496 0.2548 
         634  1 0.2519 0.2487 0.2500 0.2494 
         635  1 0.2533 0.2475 0.2492 0.2500 
         636  1 0.2506 0.2516 0.2507 0.2471 
         637  1 0.2475 0.2506 0.2476 0.2544 
         638  1 0.2454 0.2565 0.2539 0.2442 
         639  1 0.2483 0.2527 0.2514 0.2475 
         640  1 0.2535 0.2426 0.2524 0.2515 
         641  1 0.2507 0.2520 0.2552 0.2421 
         642  1 0.2532 0.2471 0.2519 0.2478 
         643  1 0.2465 0.2508 0.2482 0.2545 
         644  1 0.2494 0.2520 0.2454 0.2531 
         645  1 0.2497 0.2536 0.2487 0.2480 
         646  1 0.2492 0.2492 0.2551 0.2465 
         647  1 0.2586 0.2451 0.2490 0.2472 
         648  1 0.2524 0.2485 0.2492 0.2499 
         649  1 0.2474 0.2492 0.2558 0.2477 
         650  1 0.2454 0.2541 0.2454 0.2551 
         651  1 0.2516 0.2494 0.2515 0.2475 
         652  1 0.2521 0.2502 0.2424 0.2552 
         653  1 0.2524 0.2495 0.2477 0.2504 
         654  1 0.2462 0.2509 0.2533 0.2496 
         655  1 0.2498 0.2504 0.2498 0.2500 
         656  1 0.2517 0.2506 0.2496 0.2480 
         657  1 0.2531 0.2479 0.2511 0.2479 
         658  1 0.2481 0.2521 0.2462 0.2536 
         659  1 0.2528 0.2469 0.2496 0.2507 
         660  1 0.2475 0.2556 0.2486 0.2483 
         661  1 0.2498 0.2541 0.2465 0.2496 
         662  1 0.2517 0.2531 0.2489 0.2462 
         663  1 0.2526 0.2445 0.2537 0.2492 
         664  1 0.2393 0.2522 0.2559 0.2526 
         665  1 0.2489 0.2478 0.2477 0.2556 
         666  1 0.2493 0.2512 0.2460 0.2535 
         667  1 0.2488 0.2506 0.2511 0.2495 
         668  1 0.2572 0.2463 0.2478 0.2487 
         669  1 0.2402 0.2551 0.2528 0.2519 
         670  1 0.2492 0.2503 0.2499 0.2506 
         671  1 0.2645 0.2423 0.2486 0.2445 
         672  1 0.2507 0.2501 0.2492 0.2499 
         673  1 0.2575 0.2455 0.2462 0.2508 
         674  1 0.2427 0.2528 0.2524 0.2522 
         675  1 0.2572 0.2480 0.2533 0.2416 
         676  1 0.2468 0.2545 0.2523 0.2464 
         677  1 0.2507 0.2466 0.2491 0.2536 
         678  1 0.2393 0.2526 0.2534 0.2548 
         679  1 0.2525 0.2471 0.2521 0.2484 
         680  1 0.2525 0.2497 0.2452 0.2526 
         681  1 0.2523 0.2488 0.2499 0.2490 
         682  1 0.2377 0.2622 0.2479 0.2522 
         683  1 0.2453 0.2534 0.2478 0.2536 
         684  1 0.2433 0.2527 0.2525 0.2515 
         685  1 0.2462 0.2500 0.2529 0.2509 
         686  1 0.2488 0.2510 0.2493 0.2510 
         687  1 0.2478 0.2488 0.2562 0.2472 
         688  1 0.2536 0.2479 0.2525 0.2461 
         689  1 0.2429 0.2562 0.2482 0.2527 
         690  1 0.2510 0.2477 0.2554 0.2459 
         691  1 0.2396 0.2557 0.2524 0.2522 
         692  1 0.2423 0.2564 0.2512 0.2501 
         693  1 0.2428 0.2576 0.2435 0.2561 
         694  1 0.2465 0.2526 0.2514 0.2495 
         695  1 0.2578 0.2490 0.2488 0.2444 
         696  1 0.2516 0.2519 0.2544 0.2422 
         697  1 0.2591 0.2461 0.2516 0.2432 
         698  1 0.2433 0.2565 0.2497 0.2505 
         699  1 0.2532 0.2477 0.2532 0.2459 
         700  1 0.2505 0.2497 0.2491 0.2507 
         701  1 0.2610 0.2445 0.2477 0.2468 
         702  1 0.2479 0.2531 0.2518 0.2473 
         703  1 0.2499 0.2519 0.2455 0.2527 
         704  1 0.2570 0.2437 0.2533 0.2460 
         705  1 0.2517 0.2509 0.2453 0.2520 
         706  1 0.2502 0.2520 0.2506 0.2472 
         707  1 0.2382 0.2572 0.2477 0.2569 
         708  1 0.2542 0.2458 0.2493 0.2508 
         709  1 0.2562 0.2465 0.2491 0.2482 
         710  1 0.2493 0.2531 0.2453 0.2523 
         711  1 0.2425 0.2524 0.2521 0.2530 
         712  1 0.2418 0.2533 0.2514 0.2535 
         713  1 0.2480 0.2542 0.2474 0.2503 
         714  1 0.2532 0.2541 0.2533 0.2394 
         715  1 0.2491 0.2506 0.2497 0.2506 
         716  1 0.2413 0.2536 0.2497 0.2554 
         717  1 0.2537 0.2468 0.2535 0.2461 
         718  1 0.2564 0.2450 0.2513 0.2473 
         719  1 0.2499 0.2503 0.2470 0.2528 
         720  1 0.2510 0.2518 0.2488 0.2483 
         721  1 0.2543 0.2457 0.2569 0.2431 
         722  1 0.2412 0.2559 0.2475 0.2555 
         723  1 0.2649 0.2395 0.2488 0.2468 
         724  1 0.2502 0.2498 0.2500 0.2500 
         725  1 0.2497 0.2515 0.2550 0.2438 
         726  1 0.2503 0.2487 0.2524 0.2486 
         727  1 0.2540 0.2492 0.2504 0.2464 
         728  1 0.2406 0.2571 0.2450 0.2573 
         729  1 0.2510 0.2493 0.2487 0.2510 
         730  1 0.2545 0.2419 0.2567 0.2469 
         731  1 0.2574 0.2451 0.2490 0.2485 
         732  1 0.2429 0.2515 0.2515 0.2541 
         733  1 0.2479 0.2521 0.2502 0.2498 
         734  1 0.2472 0.2547 0.2521 0.2459 
         735  1 0.2472 0.2563 0.2443 0.2522 
         736  1 0.2455 0.2533 0.2472 0.2539 
         737  1 0.2469 0.2530 0.2510 0.2490 
         738  1 0.2683 0.2391 0.2457 0.2468 
         739  1 0.2464 0.2529 0.2476 0.2531 
         740  1 0.2529 0.2450 0.2420 0.2601 
         741  1 0.2513 0.2488 0.2528 0.2471 
         742  1 0.2474 0.2546 0.2518 0.2462 
         743  1 0.2437 0.2515 0.2530 0.2518 
         744  1 0.2545 0.2502 0.2504 0.2448 
         745  1 0.2457 0.2530 0.2513 0.2499 
         746  1 0.2434 0.2587 0.2499 0.2479 
         747  1 0.2495 0.2506 0.2503 0.2496 
         748  1 0.2452 0.2525 0.2539 0.2485 
         749  1 0.2641 0.2424 0.2509 0.2425 
         750  1 0.2508 0.2491 0.2538 0.2462 
         751  1 0.2586 0.2446 0.2497 0.2471 
         752  1 0.2459 0.2544 0.2445 0.2552 
         753  1 0.2538 0.2456 0.2516 0.2491 
         754  1 0.2609 0.2455 0.2503 0.2434 
         755  1 0.2502 0.2482 0.2503 0.2513 
         756  1 0.2460 0.2542 0.2509 0.2489 
         757  1 0.2493 0.2515 0.2501 0.2490 
         758  1 0.2466 0.2506 0.2496 0.2532 
         759  1 0.2453 0.2538 0.2525 0.2485 
         760  1 0.2487 0.2526 0.2477 0.2510 
         761  1 0.2481 0.2511 0.2479 0.2529 
         762  1 0.2573 0.2402 0.2523 0.2502 
         763  1 0.2521 0.2459 0.2488 0.2532 
         764  1 0.2457 0.2572 0.2474 0.2497 
         765  1 0.2584 0.2494 0.2470 0.2452 
         766  1 0.2495 0.2505 0.2507 0.2493 
         767  1 0.2423 0.2553 0.2511 0.2514 
         768  1 0.2556 0.2465 0.2510 0.2469 
         769  1 0.2441 0.2570 0.2451 0.2539 
         770  1 0.2411 0.2543 0.2478 0.2568 
         771  1 0.2423 0.2566 0.2464 0.2547 
         772  1 0.2519 0.2462 0.2514 0.2504 
         773  1 0.2538 0.2493 0.2513 0.2456 
         774  1 0.2508 0.2460 0.2538 0.2494 
         775  1 0.2435 0.2564 0.2500 0.2501 
         776  1 0.2609 0.2431 0.2499 0.2462 
         777  1 0.2483 0.2506 0.2481 0.2530 
         778  1 0.2529 0.2453 0.2514 0.2504 
         779  1 0.2425 0.2541 0.2513 0.2521 
         780  1 0.2592 0.2442 0.2510 0.2455 
         781  1 0.2513 0.2438 0.2504 0.2545 
         782  1 0.2450 0.2520 0.2488 0.2541 
         783  1 0.2526 0.2477 0.2513 0.2484 
         784  1 0.2507 0.2475 0.2517 0.2501 
         785  1 0.2476 0.2483 0.2533 0.2507 
         786  1 0.2452 0.2531 0.2522 0.2496 
         787  1 0.2444 0.2532 0.2479 0.2546 
         788  1 0.2603 0.2481 0.2508 0.2407 
         789  1 0.2560 0.2481 0.2466 0.2493 
         790  1 0.2488 0.2532 0.2502 0.2477 
         791  1 0.2442 0.2545 0.2476 0.2538 
         792  1 0.2457 0.2522 0.2516 0.2505 
         793  1 0.2486 0.2493 0.2460 0.2562 
         794  1 0.2503 0.2462 0.2510 0.2524 
         795  1 0.2469 0.2522 0.2459 0.2550 
         796  1 0.2433 0.2517 0.2508 0.2542 
         797  1 0.2623 0.2393 0.2439 0.2545 
         798  1 0.2546 0.2473 0.2585 0.2396 
         799  1 0.2527 0.2484 0.2511 0.2477 
         800  1 0.2457 0.2498 0.2495 0.2551 
         801  1 0.2443 0.2551 0.2481 0.2525 
         802  1 0.2484 0.2521 0.2489 0.2506 
         803  1 0.2471 0.2514 0.2494 0.2521 
         804  1 0.2575 0.2444 0.2495 0.2486 
         805  1 0.2557 0.2486 0.2563 0.2394 
         806  1 0.2573 0.2468 0.2456 0.2503 
         807  1 0.2524 0.2454 0.2486 0.2536 
         808  1 0.2513 0.2516 0.2445 0.2526 
         809  1 0.2515 0.2494 0.2519 0.2472 
         810  1 0.2395 0.2541 0.2473 0.2591 
         811  1 0.2489 0.2549 0.2452 0.2510 
         812  1 0.2476 0.2506 0.2520 0.2498 
         813  1 0.2398 0.2579 0.2484 0.2539 
         814  1 0.2457 0.2524 0.2509 0.2510 
         815  1 0.2577 0.2429 0.2522 0.2472 
         816  1 0.2554 0.2476 0.2438 0.2533 
         817  1 0.2542 0.2506 0.2513 0.2439 
         818  1 0.2542 0.2480 0.2455 0.2523 
         819  1 0.2521 0.2472 0.2529 0.2478 
         820  1 0.2583 0.2440 0.2465 0.2512 
         821  1 0.2414 0.2570 0.2500 0.2515 
         822  1 0.2463 0.2536 0.2523 0.2478 
         823  1 0.2437 0.2567 0.2476 0.2519 
         824  1 0.2483 0.2498 0.2512 0.2507 
         825  1 0.2499 0.2506 0.2475 0.2520 
         826  1 0.2504 0.2511 0.2536 0.2449 
         827  1 0.2479 0.2521 0.2462 0.2538 
         828  1 0.2614 0.2455 0.2461 0.2469 
         829  1 0.2487 0.2498 0.2494 0.2521 
         830  1 0.2573 0.2461 0.2484 0.2482 
         831  1 0.2532 0.2478 0.2529 0.2461 
         832  1 0.2445 0.2571 0.2450 0.2534 
         833  1 0.2553 0.2464 0.2493 0.2489 
         834  1 0.2471 0.2486 0.2491 0.2551 
         835  1 0.2462 0.2524 0.2548 0.2465 
         836  1 0.2444 0.2522 0.2506 0.2528 
         837  1 0.2467 0.2566 0.2518 0.2449 
         838  1 0.2439 0.2508 0.2546 0.2507 
         839  1 0.2475 0.2561 0.2503 0.2460 
         840  1 0.2475 0.2521 0.2505 0.2499 
         841  1 0.2441 0.2541 0.2497 0.2521 
         842  1 0.2537 0.2488 0.2523 0.2451 
         843  1 0.2471 0.2502 0.2521 0.2506 
         844  1 0.2499 0.2472 0.2531 0.2498 
         845  1 0.2496 0.2490 0.2498 0.2516 
         846  1 0.2507 0.2482 0.2487 0.2524 
         847  1 0.2443 0.2553 0.2523 0.2481 
         848  1 0.2570 0.2462 0.2491 0.2476 
         849  1 0.2504 0.2492 0.2512 0.2491 
         850  1 0.2490 0.2483 0.2541 0.2487 
         851  1 0.2474 0.2492 0.2505 0.2530 
         852  1 0.2530 0.2512 0.2526 0.2433 
         853  1 0.2482 0.2535 0.2454 0.2528 
         854  1 0.2480 0.2534 0.2501 0.2486 
         855  1 0.2483 0.2533 0.2505 0.2479 
         856  1 0.2489 0.2528 0.2496 0.2487 
         857  1 0.2485 0.2512 0.2491 0.2512 
         858  1 0.2586 0.2493 0.2466 0.2455 
         859  1 0.2478 0.2526 0.2478 0.2518 
         860  1 0.2530 0.2471 0.2486 0.2513 
         861  1 0.2430 0.2578 0.2481 0.2510 
         862  1 0.2708 0.2358 0.2516 0.2419 
         863  1 0.2479 0.2512 0.2487 0.2522 
         864  1 0.2467 0.2533 0.2457 0.2542 
         865  1 0.2464 0.2498 0.2511 0.2527 
         866  1 0.2617 0.2456 0.2479 0.2448 
         867  1 0.2565 0.2460 0.2503 0.2472 
         868  1 0.2533 0.2471 0.2516 0.2479 
         869  1 0.2460 0.2531 0.2499 0.2510 
         870  1 0.2530 0.2481 0.2513 0.2476 
         871  1 0.2452 0.2547 0.2493 0.2508 
         872  1 0.2495 0.2536 0.2491 0.2478 
         873  1 0.2454 0.2520 0.2515 0.2512 
         874  1 0.2512 0.2499 0.2539 0.2450 
         875  1 0.2622 0.2416 0.2504 0.2458 
         876  1 0.2492 0.2509 0.2497 0.2501 
         877  1 0.2462 0.2509 0.2540 0.2488 
         878  1 0.2470 0.2519 0.2525 0.2486 
         879  1 0.2574 0.2481 0.2518 0.2427 
         880  1 0.2469 0.2528 0.2452 0.2551 
         881  1 0.2463 0.2505 0.2493 0.2539 
         882  1 0.2550 0.2513 0.2441 0.2496 
         883  1 0.2538 0.2476 0.2530 0.2457 
         884  1 0.2420 0.2517 0.2521 0.2542 
         885  1 0.2381 0.2588 0.2484 0.2547 
         886  1 0.2675 0.2400 0.2474 0.2452 
         887  1 0.2528 0.2513 0.2519 0.2440 
         888  1 0.2375 0.2580 0.2508 0.2537 
