           1  1 0.3530 0.3222 0.3247 
           2  1 0.3389 0.3157 0.3454 
           3  1 0.3300 0.3314 0.3386 
           4  1 0.3446 0.3208 0.3346 
           5  1 0.3400 0.3296 0.3303 
           6  1 0.3538 0.3281 0.3182 
           7  1 0.3450 0.3255 0.3295 
           8  1 0.3518 0.3257 0.3225 
           9  1 0.3173 0.3401 0.3425 
          10  1 0.3355 0.3257 0.3388 
          11  1 0.3309 0.3309 0.3382 
          12  1 0.3123 0.3456 0.3421 
          13  1 0.3392 0.3405 0.3202 
          14  1 0.3530 0.3173 0.3297 
          15  1 0.3416 0.3200 0.3384 
          16  1 0.3481 0.3216 0.3303 
          17  1 0.3240 0.3393 0.3366 
          18  1 0.3146 0.3457 0.3397 
          19  1 0.3294 0.3408 0.3298 
          20  1 0.3370 0.3386 0.3244 
          21  1 0.3398 0.3329 0.3272 
          22  1 0.3311 0.3379 0.3310 
          23  1 0.3394 0.3179 0.3427 
          24  1 0.3495 0.3011 0.3494 
          25  1 0.3380 0.3053 0.3567 
          26  1 0.3282 0.3354 0.3365 
          27  1 0.3374 0.3318 0.3308 
          28  1 0.3182 0.3399 0.3420 
          29  1 0.3398 0.3291 0.3311 
          30  1 0.3303 0.3259 0.3438 
          31  1 0.3297 0.3445 0.3257 
          32  1 0.3202 0.3310 0.3488 
          33  1 0.3124 0.3472 0.3403 
          34  1 0.3415 0.3323 0.3262 
          35  1 0.3237 0.3382 0.3381 
          36  1 0.3242 0.3397 0.3361 
          37  1 0.3240 0.3407 0.3354 
          38  1 0.3279 0.3273 0.3448 
          39  1 0.3329 0.3349 0.3321 
          40  1 0.3363 0.3425 0.3211 
          41  1 0.3186 0.3508 0.3305 
          42  1 0.3274 0.3366 0.3361 
          43  1 0.3320 0.3324 0.3355 
          44  1 0.3295 0.3387 0.3318 
          45  1 0.3407 0.3316 0.3276 
          46  1 0.3351 0.3312 0.3338 
          47  1 0.3266 0.3377 0.3357 
          48  1 0.3407 0.3295 0.3298 
          49  1 0.3271 0.3398 0.3331 
          50  1 0.3413 0.3311 0.3276 
          51  1 0.3261 0.3527 0.3212 
          52  1 0.3365 0.3329 0.3306 
          53  1 0.3316 0.3409 0.3275 
          54  1 0.3212 0.3359 0.3429 
          55  1 0.3131 0.3466 0.3403 
          56  1 0.3461 0.3296 0.3243 
          57  1 0.3136 0.3541 0.3323 
          58  1 0.3361 0.3408 0.3231 
          59  1 0.3376 0.3221 0.3403 
          60  1 0.3471 0.3281 0.3248 
          61  1 0.3556 0.3171 0.3273 
          62  1 0.3290 0.3509 0.3201 
          63  1 0.3375 0.3405 0.3220 
          64  1 0.3178 0.3374 0.3447 
          65  1 0.3371 0.3349 0.3279 
          66  1 0.3442 0.3065 0.3493 
          67  1 0.3158 0.3452 0.3391 
          68  1 0.3217 0.3488 0.3295 
          69  1 0.3192 0.3446 0.3362 
          70  1 0.3235 0.3423 0.3342 
          71  1 0.3255 0.3440 0.3304 
          72  1 0.3208 0.3481 0.3312 
          73  1 0.3285 0.3233 0.3482 
          74  1 0.3416 0.3417 0.3167 
          75  1 0.3433 0.3255 0.3312 
          76  1 0.3247 0.3386 0.3367 
          77  1 0.3329 0.3296 0.3375 
          78  1 0.3282 0.3255 0.3463 
          79  1 0.3460 0.3298 0.3242 
          80  1 0.3327 0.3384 0.3289 
          81  1 0.3133 0.3473 0.3394 
          82  1 0.3255 0.3334 0.3411 
          83  1 0.3241 0.3375 0.3385 
          84  1 0.3451 0.3280 0.3269 
          85  1 0.3455 0.3191 0.3354 
          86  1 0.3265 0.3383 0.3352 
          87  1 0.3259 0.3428 0.3313 
          88  1 0.3329 0.3303 0.3368 
          89  1 0.3249 0.3456 0.3295 
          90  1 0.3367 0.3306 0.3327 
          91  1 0.3177 0.3430 0.3393 
          92  1 0.3323 0.3322 0.3355 
          93  1 0.3228 0.3401 0.3371 
          94  1 0.3279 0.3448 0.3274 
          95  1 0.3408 0.3224 0.3368 
          96  1 0.3267 0.3401 0.3332 
          97  1 0.3131 0.3479 0.3390 
          98  1 0.3169 0.3427 0.3403 
          99  1 0.3326 0.3322 0.3351 
         100  1 0.3097 0.3452 0.3451 
         101  1 0.3241 0.3407 0.3352 
         102  1 0.3365 0.3343 0.3291 
         103  1 0.3107 0.3499 0.3394 
         104  1 0.3314 0.3368 0.3319 
         105  1 0.3344 0.3396 0.3259 
         106  1 0.3449 0.3281 0.3270 
         107  1 0.3397 0.3242 0.3361 
         108  1 0.3297 0.3278 0.3425 
         109  1 0.3564 0.2988 0.3448 
         110  1 0.3414 0.3222 0.3364 
         111  1 0.3581 0.3141 0.3277 
         112  1 0.3298 0.3236 0.3466 
         113  1 0.3363 0.3267 0.3370 
         114  1 0.3320 0.3361 0.3319 
         115  1 0.3356 0.3439 0.3205 
         116  1 0.3175 0.3464 0.3361 
         117  1 0.3231 0.3385 0.3384 
         118  1 0.3225 0.3329 0.3447 
         119  1 0.3321 0.3378 0.3300 
         120  1 0.3506 0.3221 0.3273 
         121  1 0.3485 0.3209 0.3306 
         122  1 0.3290 0.3361 0.3349 
         123  1 0.3356 0.3139 0.3505 
         124  1 0.3445 0.3302 0.3253 
         125  1 0.3521 0.3206 0.3273 
         126  1 0.3428 0.3232 0.3340 
         127  1 0.3433 0.3289 0.3278 
         128  1 0.3194 0.3603 0.3203 
         129  1 0.3472 0.3228 0.3300 
         130  1 0.3358 0.3298 0.3344 
         131  1 0.3401 0.3208 0.3390 
         132  1 0.3446 0.3278 0.3276 
         133  1 0.3404 0.3232 0.3363 
         134  1 0.3476 0.3162 0.3362 
         135  1 0.3331 0.3348 0.3321 
         136  1 0.3257 0.3490 0.3254 
         137  1 0.3313 0.3214 0.3474 
         138  1 0.3296 0.3315 0.3388 
         139  1 0.3324 0.3373 0.3304 
         140  1 0.3298 0.3403 0.3299 
         141  1 0.3425 0.3333 0.3241 
         142  1 0.3330 0.3247 0.3423 
         143  1 0.3429 0.3270 0.3301 
         144  1 0.3242 0.3308 0.3450 
         145  1 0.3080 0.3509 0.3411 
         146  1 0.3346 0.3233 0.3422 
         147  1 0.3324 0.3379 0.3297 
         148  1 0.3455 0.3188 0.3357 
         149  1 0.3504 0.3216 0.3280 
         150  1 0.3348 0.3192 0.3460 
         151  1 0.3228 0.3377 0.3395 
         152  1 0.3471 0.3210 0.3319 
         153  1 0.3264 0.3384 0.3352 
         154  1 0.3435 0.3267 0.3297 
         155  1 0.3126 0.3501 0.3372 
         156  1 0.3249 0.3397 0.3353 
         157  1 0.3625 0.3081 0.3294 
         158  1 0.3349 0.3256 0.3395 
         159  1 0.3525 0.3179 0.3296 
         160  1 0.3311 0.3414 0.3275 
         161  1 0.3339 0.3310 0.3351 
         162  1 0.3224 0.3481 0.3295 
         163  1 0.3316 0.3405 0.3279 
         164  1 0.3458 0.3312 0.3230 
         165  1 0.3353 0.3354 0.3293 
         166  1 0.3241 0.3470 0.3289 
         167  1 0.3460 0.3296 0.3244 
         168  1 0.3251 0.3391 0.3358 
         169  1 0.3346 0.3356 0.3298 
         170  1 0.3307 0.3371 0.3321 
         171  1 0.3398 0.3430 0.3172 
         172  1 0.3364 0.3328 0.3308 
         173  1 0.3336 0.3365 0.3299 
         174  1 0.3434 0.3288 0.3278 
         175  1 0.3269 0.3407 0.3324 
         176  1 0.3381 0.3344 0.3275 
         177  1 0.3250 0.3367 0.3383 
         178  1 0.3207 0.3398 0.3395 
         179  1 0.3228 0.3346 0.3427 
         180  1 0.3347 0.3411 0.3242 
         181  1 0.3196 0.3469 0.3335 
         182  1 0.3188 0.3383 0.3429 
         183  1 0.3274 0.3268 0.3458 
         184  1 0.3315 0.3366 0.3319 
         185  1 0.3122 0.3467 0.3410 
         186  1 0.3405 0.3335 0.3260 
         187  1 0.3324 0.3403 0.3273 
         188  1 0.3165 0.3470 0.3365 
         189  1 0.3262 0.3344 0.3394 
         190  1 0.3221 0.3410 0.3369 
         191  1 0.3358 0.3400 0.3242 
         192  1 0.3441 0.3189 0.3370 
         193  1 0.3242 0.3309 0.3449 
         194  1 0.3310 0.3293 0.3396 
         195  1 0.3330 0.3332 0.3338 
         196  1 0.3280 0.3335 0.3385 
         197  1 0.3350 0.3327 0.3323 
         198  1 0.3340 0.3388 0.3272 
         199  1 0.3355 0.3303 0.3342 
         200  1 0.3343 0.3315 0.3343 
         201  1 0.3115 0.3465 0.3420 
         202  1 0.3309 0.3378 0.3314 
         203  1 0.3309 0.3290 0.3402 
         204  1 0.3506 0.3225 0.3269 
         205  1 0.3255 0.3427 0.3318 
         206  1 0.3446 0.3231 0.3323 
         207  1 0.3394 0.3418 0.3188 
         208  1 0.3365 0.3254 0.3381 
         209  1 0.3357 0.3227 0.3416 
         210  1 0.3525 0.3291 0.3185 
         211  1 0.3495 0.2875 0.3630 
         212  1 0.3118 0.3538 0.3344 
         213  1 0.3486 0.3220 0.3293 
         214  1 0.3395 0.3160 0.3445 
         215  1 0.3496 0.3146 0.3358 
         216  1 0.3155 0.3459 0.3386 
         217  1 0.3415 0.3215 0.3371 
         218  1 0.3378 0.3376 0.3245 
         219  1 0.3348 0.3224 0.3428 
         220  1 0.3424 0.3160 0.3417 
         221  1 0.3303 0.3366 0.3331 
         222  1 0.3384 0.3412 0.3204 
         223  1 0.3486 0.3298 0.3216 
         224  1 0.3375 0.3347 0.3278 
         225  1 0.3394 0.3372 0.3234 
         226  1 0.3393 0.3332 0.3275 
         227  1 0.3345 0.3449 0.3205 
         228  1 0.3310 0.3268 0.3423 
         229  1 0.3297 0.3365 0.3338 
         230  1 0.3307 0.3403 0.3291 
         231  1 0.3144 0.3368 0.3488 
         232  1 0.3271 0.3330 0.3399 
         233  1 0.3338 0.3361 0.3301 
         234  1 0.3279 0.3414 0.3307 
         235  1 0.3179 0.3393 0.3428 
         236  1 0.3440 0.3315 0.3245 
         237  1 0.3146 0.3407 0.3447 
         238  1 0.3309 0.3322 0.3369 
         239  1 0.3317 0.3374 0.3309 
         240  1 0.3344 0.3337 0.3319 
         241  1 0.3180 0.3356 0.3464 
         242  1 0.3285 0.3349 0.3366 
         243  1 0.3499 0.3243 0.3258 
         244  1 0.3241 0.3350 0.3409 
         245  1 0.3410 0.3293 0.3297 
         246  1 0.3373 0.3371 0.3256 
         247  1 0.3317 0.3490 0.3193 
         248  1 0.3134 0.3565 0.3301 
         249  1 0.3292 0.3313 0.3395 
         250  1 0.3315 0.3380 0.3305 
         251  1 0.3169 0.3537 0.3293 
         252  1 0.3418 0.3272 0.3310 
         253  1 0.3398 0.3188 0.3414 
         254  1 0.3246 0.3384 0.3370 
         255  1 0.3429 0.3212 0.3359 
         256  1 0.3340 0.3333 0.3327 
         257  1 0.3330 0.3151 0.3519 
         258  1 0.3453 0.3271 0.3276 
         259  1 0.3353 0.3232 0.3415 
         260  1 0.3347 0.3270 0.3383 
         261  1 0.3325 0.3367 0.3308 
         262  1 0.3476 0.3134 0.3391 
         263  1 0.3229 0.3389 0.3382 
         264  1 0.3399 0.3297 0.3304 
         265  1 0.3327 0.3273 0.3400 
         266  1 0.3269 0.3371 0.3360 
         267  1 0.3364 0.3228 0.3409 
         268  1 0.3424 0.3315 0.3261 
         269  1 0.3477 0.2938 0.3585 
         270  1 0.3339 0.3290 0.3372 
         271  1 0.3202 0.3553 0.3245 
         272  1 0.3372 0.3347 0.3281 
         273  1 0.3129 0.3547 0.3325 
         274  1 0.3363 0.3329 0.3308 
         275  1 0.3459 0.3153 0.3388 
         276  1 0.3367 0.3308 0.3326 
         277  1 0.3398 0.3359 0.3242 
         278  1 0.3462 0.3186 0.3351 
         279  1 0.3428 0.3299 0.3272 
         280  1 0.3494 0.3248 0.3258 
         281  1 0.3082 0.3463 0.3455 
         282  1 0.3281 0.3412 0.3307 
         283  1 0.3433 0.3296 0.3271 
         284  1 0.3235 0.3391 0.3374 
         285  1 0.3249 0.3347 0.3405 
         286  1 0.3432 0.3266 0.3301 
         287  1 0.3149 0.3494 0.3357 
         288  1 0.3220 0.3518 0.3262 
         289  1 0.3189 0.3400 0.3410 
         290  1 0.3311 0.3353 0.3336 
         291  1 0.3354 0.3255 0.3390 
         292  1 0.3215 0.3418 0.3367 
         293  1 0.3277 0.3300 0.3423 
         294  1 0.3180 0.3507 0.3313 
         295  1 0.3264 0.3263 0.3474 
         296  1 0.3523 0.3305 0.3172 
         297  1 0.3199 0.3464 0.3338 
         298  1 0.3366 0.3234 0.3400 
         299  1 0.3202 0.3494 0.3305 
         300  1 0.3485 0.3083 0.3432 
         301  1 0.3240 0.3361 0.3398 
         302  1 0.3292 0.3431 0.3277 
         303  1 0.3389 0.3370 0.3240 
         304  1 0.3395 0.3328 0.3276 
         305  1 0.3235 0.3440 0.3325 
         306  1 0.3359 0.3310 0.3331 
         307  1 0.3362 0.3270 0.3368 
         308  1 0.3369 0.3292 0.3339 
         309  1 0.3065 0.3441 0.3495 
         310  1 0.3330 0.3318 0.3351 
         311  1 0.3335 0.3397 0.3268 
         312  1 0.3372 0.3381 0.3247 
         313  1 0.3396 0.3337 0.3266 
         314  1 0.3310 0.3199 0.3491 
         315  1 0.3361 0.3264 0.3375 
         316  1 0.3422 0.3182 0.3396 
         317  1 0.3295 0.3293 0.3412 
         318  1 0.3154 0.3388 0.3457 
         319  1 0.3413 0.3158 0.3429 
         320  1 0.3286 0.3378 0.3336 
         321  1 0.3396 0.3252 0.3352 
         322  1 0.3167 0.3570 0.3263 
         323  1 0.3282 0.3315 0.3403 
         324  1 0.3512 0.3202 0.3286 
         325  1 0.3238 0.3293 0.3468 
         326  1 0.3296 0.3231 0.3473 
         327  1 0.3385 0.3337 0.3277 
         328  1 0.3210 0.3380 0.3410 
         329  1 0.3248 0.3345 0.3408 
         330  1 0.3329 0.3382 0.3288 
         331  1 0.3398 0.3274 0.3328 
         332  1 0.3373 0.3268 0.3359 
         333  1 0.3476 0.3212 0.3313 
         334  1 0.3474 0.3288 0.3238 
         335  1 0.3193 0.3398 0.3409 
         336  1 0.3280 0.3459 0.3261 
         337  1 0.3357 0.3245 0.3398 
         338  1 0.3350 0.3210 0.3440 
         339  1 0.3322 0.3338 0.3339 
         340  1 0.3376 0.3255 0.3369 
         341  1 0.3399 0.3232 0.3369 
         342  1 0.3206 0.3396 0.3397 
         343  1 0.3292 0.3368 0.3340 
         344  1 0.3192 0.3363 0.3445 
         345  1 0.3194 0.3395 0.3411 
         346  1 0.3524 0.3254 0.3222 
         347  1 0.3385 0.3358 0.3257 
         348  1 0.3295 0.3326 0.3379 
         349  1 0.3287 0.3431 0.3282 
         350  1 0.3525 0.3234 0.3241 
         351  1 0.3318 0.3393 0.3289 
         352  1 0.3234 0.3483 0.3283 
         353  1 0.3380 0.3375 0.3246 
         354  1 0.3313 0.3352 0.3335 
         355  1 0.3297 0.3371 0.3332 
         356  1 0.3331 0.3388 0.3281 
         357  1 0.3578 0.3197 0.3225 
         358  1 0.3377 0.3330 0.3293 
         359  1 0.3599 0.2980 0.3421 
         360  1 0.3232 0.3366 0.3402 
         361  1 0.3415 0.2853 0.3732 
         362  1 0.3441 0.3260 0.3299 
         363  1 0.3323 0.3380 0.3296 
         364  1 0.3223 0.3460 0.3317 
         365  1 0.3351 0.3214 0.3435 
         366  1 0.3301 0.3364 0.3335 
         367  1 0.3256 0.3352 0.3391 
         368  1 0.3112 0.3545 0.3343 
         369  1 0.3328 0.3485 0.3187 
         370  1 0.3309 0.3500 0.3191 
         371  1 0.3416 0.3297 0.3287 
         372  1 0.3352 0.3341 0.3307 
         373  1 0.3365 0.3391 0.3244 
         374  1 0.3464 0.3136 0.3400 
         375  1 0.3391 0.3104 0.3505 
         376  1 0.3267 0.3367 0.3365 
         377  1 0.3327 0.3245 0.3429 
         378  1 0.3386 0.3381 0.3233 
         379  1 0.3239 0.3407 0.3354 
         380  1 0.3071 0.3528 0.3401 
         381  1 0.3386 0.3328 0.3285 
         382  1 0.3352 0.3325 0.3323 
         383  1 0.3338 0.3379 0.3283 
         384  1 0.3269 0.3410 0.3321 
         385  1 0.3442 0.3130 0.3428 
         386  1 0.3362 0.3417 0.3222 
         387  1 0.3417 0.3325 0.3258 
         388  1 0.3075 0.3593 0.3332 
         389  1 0.3282 0.3332 0.3387 
         390  1 0.3511 0.3226 0.3262 
         391  1 0.3402 0.3347 0.3251 
         392  1 0.3233 0.3436 0.3330 
         393  1 0.3326 0.3273 0.3401 
         394  1 0.3348 0.3381 0.3271 
         395  1 0.3432 0.3265 0.3303 
         396  1 0.3357 0.3348 0.3295 
         397  1 0.3363 0.3349 0.3287 
         398  1 0.3466 0.3163 0.3371 
         399  1 0.3178 0.3439 0.3382 
         400  1 0.3227 0.3443 0.3330 
         401  1 0.3380 0.3127 0.3493 
         402  1 0.3309 0.3268 0.3423 
         403  1 0.3271 0.3402 0.3327 
         404  1 0.3338 0.3346 0.3316 
         405  1 0.3354 0.3375 0.3272 
         406  1 0.3434 0.3248 0.3318 
         407  1 0.3343 0.3363 0.3294 
         408  1 0.3219 0.3360 0.3421 
         409  1 0.3404 0.3273 0.3323 
         410  1 0.3348 0.3330 0.3321 
         411  1 0.3374 0.3183 0.3443 
         412  1 0.3380 0.3368 0.3252 
         413  1 0.3246 0.3438 0.3316 
         414  1 0.3113 0.3460 0.3427 
         415  1 0.3359 0.3355 0.3286 
         416  1 0.3360 0.3390 0.3250 
         417  1 0.3398 0.3295 0.3307 
         418  1 0.3440 0.3294 0.3267 
         419  1 0.3404 0.3288 0.3307 
         420  1 0.3274 0.3345 0.3381 
         421  1 0.3540 0.3219 0.3241 
         422  1 0.3355 0.3349 0.3296 
         423  1 0.3318 0.3326 0.3355 
         424  1 0.3238 0.3529 0.3233 
         425  1 0.3151 0.3539 0.3310 
         426  1 0.3309 0.3333 0.3358 
         427  1 0.3338 0.3357 0.3305 
         428  1 0.3282 0.3339 0.3379 
         429  1 0.3213 0.3502 0.3285 
         430  1 0.3261 0.3381 0.3358 
         431  1 0.3341 0.3244 0.3414 
         432  1 0.3294 0.3349 0.3357 
         433  1 0.3230 0.3397 0.3373 
         434  1 0.3381 0.3391 0.3228 
         435  1 0.3270 0.3308 0.3423 
         436  1 0.3350 0.3404 0.3246 
         437  1 0.3339 0.3363 0.3298 
         438  1 0.3317 0.3447 0.3236 
         439  1 0.3285 0.3333 0.3382 
         440  1 0.3266 0.3429 0.3305 
         441  1 0.3348 0.3333 0.3319 
         442  1 0.3333 0.3325 0.3342 
         443  1 0.3444 0.3215 0.3341 
         444  1 0.3337 0.3308 0.3355 
         445  1 0.3271 0.3409 0.3319 
         446  1 0.3385 0.3262 0.3353 
         447  1 0.3307 0.3330 0.3363 
         448  1 0.3238 0.3383 0.3379 
         449  1 0.3312 0.3321 0.3367 
         450  1 0.3118 0.3449 0.3433 
         451  1 0.3149 0.3550 0.3301 
         452  1 0.3354 0.3344 0.3302 
         453  1 0.3506 0.3256 0.3238 
         454  1 0.3267 0.3421 0.3312 
         455  1 0.3213 0.3543 0.3243 
         456  1 0.3255 0.3473 0.3272 
         457  1 0.3601 0.3240 0.3159 
         458  1 0.3282 0.3430 0.3288 
         459  1 0.3241 0.3399 0.3361 
         460  1 0.3274 0.3364 0.3361 
         461  1 0.3233 0.3393 0.3374 
         462  1 0.3536 0.3190 0.3274 
         463  1 0.3355 0.3274 0.3371 
         464  1 0.3401 0.3290 0.3309 
         465  1 0.3567 0.2942 0.3491 
         466  1 0.3471 0.3282 0.3248 
         467  1 0.3317 0.3278 0.3404 
         468  1 0.3309 0.3435 0.3256 
         469  1 0.3319 0.3167 0.3514 
         470  1 0.3210 0.3519 0.3271 
         471  1 0.3332 0.3404 0.3264 
         472  1 0.3299 0.3349 0.3353 
         473  1 0.3439 0.3169 0.3392 
         474  1 0.3337 0.3438 0.3225 
         475  1 0.3386 0.3395 0.3219 
         476  1 0.3340 0.3214 0.3446 
         477  1 0.3414 0.3297 0.3289 
         478  1 0.3222 0.3442 0.3336 
         479  1 0.3149 0.3457 0.3394 
         480  1 0.3480 0.3268 0.3252 
         481  1 0.3225 0.3297 0.3478 
         482  1 0.3193 0.3413 0.3395 
         483  1 0.3486 0.3240 0.3273 
         484  1 0.3373 0.3350 0.3277 
         485  1 0.3253 0.3497 0.3250 
         486  1 0.3354 0.3336 0.3310 
         487  1 0.3561 0.3251 0.3187 
         488  1 0.3376 0.3329 0.3294 
         489  1 0.3478 0.3062 0.3460 
         490  1 0.3291 0.3334 0.3375 
         491  1 0.3392 0.3382 0.3226 
         492  1 0.3253 0.3417 0.3331 
         493  1 0.3312 0.3413 0.3275 
         494  1 0.3241 0.3393 0.3366 
         495  1 0.3534 0.3210 0.3256 
         496  1 0.3368 0.3249 0.3383 
         497  1 0.3236 0.3410 0.3354 
         498  1 0.3277 0.3449 0.3275 
         499  1 0.3335 0.3409 0.3256 
         500  1 0.3210 0.3509 0.3281 
         501  1 0.3596 0.2792 0.3612 
         502  1 0.3367 0.3272 0.3361 
         503  1 0.3447 0.3178 0.3375 
         504  1 0.3435 0.3288 0.3277 
         505  1 0.3493 0.3188 0.3319 
         506  1 0.3388 0.3357 0.3254 
         507  1 0.3357 0.3412 0.3232 
         508  1 0.3317 0.3329 0.3354 
         509  1 0.3455 0.3229 0.3317 
         510  1 0.3196 0.3454 0.3350 
         511  1 0.3255 0.3397 0.3348 
         512  1 0.3516 0.3304 0.3180 
         513  1 0.3348 0.3341 0.3312 
         514  1 0.3155 0.3447 0.3398 
         515  1 0.3304 0.3291 0.3405 
         516  1 0.3340 0.3383 0.3276 
         517  1 0.3254 0.3433 0.3313 
         518  1 0.3334 0.3350 0.3316 
         519  1 0.3400 0.3318 0.3282 
         520  1 0.3521 0.3265 0.3214 
         521  1 0.3520 0.3078 0.3402 
         522  1 0.3444 0.3208 0.3347 
         523  1 0.3307 0.3361 0.3333 
         524  1 0.3445 0.3321 0.3234 
         525  1 0.3218 0.3418 0.3363 
         526  1 0.3339 0.3317 0.3344 
         527  1 0.3364 0.3358 0.3278 
         528  1 0.3374 0.3230 0.3396 
         529  1 0.3444 0.3187 0.3369 
         530  1 0.3209 0.3357 0.3434 
         531  1 0.3218 0.3518 0.3264 
         532  1 0.3283 0.3329 0.3387 
         533  1 0.3239 0.3236 0.3524 
         534  1 0.3192 0.3387 0.3421 
         535  1 0.3327 0.3306 0.3367 
         536  1 0.3210 0.3422 0.3367 
         537  1 0.3364 0.3237 0.3399 
         538  1 0.3358 0.3359 0.3283 
         539  1 0.3322 0.3408 0.3270 
         540  1 0.3424 0.3311 0.3265 
         541  1 0.3247 0.3344 0.3408 
         542  1 0.3371 0.3257 0.3372 
         543  1 0.3489 0.3153 0.3358 
         544  1 0.3464 0.3321 0.3216 
         545  1 0.3347 0.3360 0.3293 
         546  1 0.3408 0.3331 0.3261 
         547  1 0.3382 0.3242 0.3376 
         548  1 0.3330 0.3390 0.3280 
         549  1 0.3287 0.3348 0.3365 
         550  1 0.3246 0.3447 0.3307 
         551  1 0.3325 0.3181 0.3494 
         552  1 0.3317 0.3227 0.3456 
         553  1 0.3465 0.3231 0.3304 
         554  1 0.3244 0.3328 0.3428 
         555  1 0.3299 0.3279 0.3422 
         556  1 0.3314 0.3346 0.3340 
         557  1 0.3385 0.3335 0.3281 
         558  1 0.3426 0.3276 0.3299 
         559  1 0.3251 0.3304 0.3445 
         560  1 0.3443 0.3293 0.3263 
         561  1 0.3259 0.3488 0.3253 
         562  1 0.3346 0.3425 0.3229 
         563  1 0.3419 0.3316 0.3265 
         564  1 0.3409 0.3327 0.3265 
         565  1 0.3423 0.3283 0.3294 
         566  1 0.3046 0.3579 0.3375 
         567  1 0.3300 0.3365 0.3336 
         568  1 0.3414 0.3213 0.3373 
         569  1 0.3254 0.3378 0.3368 
         570  1 0.3506 0.2980 0.3514 
         571  1 0.3212 0.3442 0.3346 
         572  1 0.3330 0.3343 0.3327 
         573  1 0.3268 0.3273 0.3459 
         574  1 0.3353 0.3323 0.3324 
         575  1 0.3280 0.3422 0.3298 
         576  1 0.3301 0.3435 0.3264 
         577  1 0.3357 0.3375 0.3268 
         578  1 0.3369 0.3294 0.3337 
         579  1 0.3480 0.3159 0.3361 
         580  1 0.3044 0.3546 0.3410 
         581  1 0.3384 0.3246 0.3371 
         582  1 0.3271 0.3443 0.3287 
         583  1 0.3113 0.3532 0.3355 
         584  1 0.3407 0.3269 0.3325 
         585  1 0.3110 0.3480 0.3410 
         586  1 0.3392 0.3322 0.3286 
         587  1 0.3169 0.3304 0.3527 
         588  1 0.3390 0.3256 0.3354 
         589  1 0.3136 0.3455 0.3409 
         590  1 0.3252 0.3447 0.3300 
         591  1 0.3327 0.3301 0.3372 
         592  1 0.3131 0.3466 0.3403 
         593  1 0.3211 0.3448 0.3341 
         594  1 0.3330 0.3410 0.3261 
         595  1 0.3260 0.3433 0.3306 
         596  1 0.3501 0.3088 0.3411 
         597  1 0.3368 0.3363 0.3269 
         598  1 0.3005 0.3566 0.3429 
         599  1 0.3393 0.3284 0.3323 
         600  1 0.3298 0.3430 0.3272 
         601  1 0.3369 0.3322 0.3309 
         602  1 0.3105 0.3487 0.3409 
         603  1 0.3230 0.3389 0.3382 
         604  1 0.3345 0.3322 0.3333 
         605  1 0.3404 0.3164 0.3432 
         606  1 0.3243 0.3349 0.3408 
         607  1 0.3441 0.3235 0.3325 
         608  1 0.3408 0.3293 0.3299 
         609  1 0.3298 0.3273 0.3428 
         610  1 0.3390 0.3204 0.3406 
         611  1 0.3375 0.3312 0.3313 
         612  1 0.3235 0.3375 0.3390 
         613  1 0.3287 0.3347 0.3366 
         614  1 0.3394 0.3368 0.3239 
         615  1 0.3274 0.3362 0.3364 
         616  1 0.3227 0.3366 0.3407 
         617  1 0.3373 0.3336 0.3291 
         618  1 0.3392 0.3318 0.3290 
         619  1 0.3444 0.3166 0.3390 
         620  1 0.3372 0.3315 0.3312 
         621  1 0.3398 0.3320 0.3282 
         622  1 0.3365 0.3131 0.3503 
         623  1 0.3224 0.3471 0.3305 
         624  1 0.3472 0.3346 0.3182 
         625  1 0.3226 0.3412 0.3362 
         626  1 0.3101 0.3402 0.3498 
         627  1 0.3386 0.3261 0.3353 
         628  1 0.3445 0.3236 0.3319 
         629  1 0.3382 0.3240 0.3379 
         630  1 0.3419 0.3292 0.3289 
         631  1 0.3475 0.3098 0.3427 
         632  1 0.3201 0.3432 0.3367 
         633  1 0.3411 0.3385 0.3204 
         634  1 0.3328 0.3291 0.3381 
         635  1 0.3546 0.3085 0.3369 
         636  1 0.3369 0.3334 0.3297 
         637  1 0.3259 0.3401 0.3341 
         638  1 0.3281 0.3469 0.3249 
         639  1 0.3381 0.3335 0.3284 
         640  1 0.3283 0.3331 0.3386 
         641  1 0.3282 0.3294 0.3424 
         642  1 0.3363 0.3292 0.3344 
         643  1 0.3294 0.3358 0.3349 
         644  1 0.3448 0.3224 0.3328 
         645  1 0.3359 0.3265 0.3376 
         646  1 0.3411 0.3279 0.3309 
         647  1 0.3381 0.3337 0.3282 
         648  1 0.3329 0.3321 0.3350 
         649  1 0.3384 0.3287 0.3330 
         650  1 0.3411 0.3298 0.3292 
         651  1 0.3231 0.3409 0.3361 
         652  1 0.3458 0.3317 0.3225 
         653  1 0.3374 0.3331 0.3295 
         654  1 0.3198 0.3443 0.3360 
         655  1 0.3129 0.3506 0.3364 
         656  1 0.3388 0.3303 0.3309 
         657  1 0.3246 0.3416 0.3338 
         658  1 0.3318 0.3282 0.3400 
         659  1 0.3254 0.3372 0.3374 
         660  1 0.3415 0.3343 0.3242 
         661  1 0.3304 0.3270 0.3426 
         662  1 0.3416 0.3251 0.3334 
         663  1 0.3336 0.3303 0.3361 
         664  1 0.3246 0.3449 0.3305 
         665  1 0.3264 0.3405 0.3331 
         666  1 0.3428 0.3165 0.3407 
         667  1 0.3330 0.3319 0.3351 
         668  1 0.3326 0.3313 0.3361 
         669  1 0.3397 0.3326 0.3277 
         670  1 0.3322 0.3306 0.3371 
         671  1 0.3486 0.3284 0.3229 
         672  1 0.3403 0.3353 0.3243 
         673  1 0.3274 0.3326 0.3400 
         674  1 0.3298 0.3378 0.3324 
         675  1 0.3432 0.3104 0.3463 
         676  1 0.3304 0.3503 0.3193 
         677  1 0.3252 0.3354 0.3394 
         678  1 0.3368 0.3359 0.3273 
         679  1 0.3376 0.3132 0.3491 
         680  1 0.3417 0.3298 0.3284 
         681  1 0.3331 0.3306 0.3363 
         682  1 0.3356 0.3389 0.3255 
         683  1 0.3343 0.3369 0.3288 
         684  1 0.3292 0.3396 0.3312 
         685  1 0.3159 0.3467 0.3374 
         686  1 0.3249 0.3370 0.3381 
         687  1 0.3358 0.3443 0.3199 
         688  1 0.3191 0.3492 0.3317 
         689  1 0.3319 0.3355 0.3327 
         690  1 0.3340 0.3366 0.3295 
         691  1 0.3323 0.3347 0.3330 
         692  1 0.3426 0.3303 0.3271 
         693  1 0.3469 0.3362 0.3169 
         694  1 0.3271 0.3397 0.3332 
         695  1 0.3426 0.3170 0.3404 
         696  1 0.3214 0.3446 0.3340 
         697  1 0.3593 0.3033 0.3374 
         698  1 0.3430 0.3307 0.3263 
         699  1 0.3510 0.3131 0.3359 
         700  1 0.3284 0.3307 0.3409 
         701  1 0.3289 0.3276 0.3435 
         702  1 0.3379 0.3364 0.3257 
         703  1 0.3458 0.3291 0.3252 
         704  1 0.3232 0.3383 0.3385 
         705  1 0.3203 0.3465 0.3332 
         706  1 0.3350 0.3316 0.3333 
         707  1 0.3320 0.3395 0.3285 
         708  1 0.3300 0.3350 0.3350 
         709  1 0.3398 0.3167 0.3436 
         710  1 0.3256 0.3409 0.3335 
         711  1 0.3402 0.3295 0.3304 
         712  1 0.3354 0.3345 0.3301 
         713  1 0.3342 0.3389 0.3269 
         714  1 0.3385 0.3391 0.3225 
         715  1 0.3359 0.3352 0.3290 
         716  1 0.3353 0.3325 0.3322 
         717  1 0.3382 0.3200 0.3418 
         718  1 0.3420 0.3169 0.3411 
         719  1 0.3333 0.3262 0.3405 
         720  1 0.3162 0.3538 0.3301 
         721  1 0.3667 0.3143 0.3191 
         722  1 0.3395 0.3414 0.3190 
         723  1 0.3496 0.3228 0.3277 
         724  1 0.3383 0.3299 0.3319 
         725  1 0.3507 0.3176 0.3317 
         726  1 0.3198 0.3392 0.3409 
         727  1 0.3299 0.3355 0.3346 
         728  1 0.3428 0.3392 0.3180 
         729  1 0.3279 0.3488 0.3233 
         730  1 0.3215 0.3432 0.3352 
         731  1 0.3446 0.3196 0.3358 
         732  1 0.3269 0.3494 0.3237 
         733  1 0.3260 0.3439 0.3301 
         734  1 0.3147 0.3556 0.3297 
         735  1 0.3368 0.3347 0.3285 
         736  1 0.3227 0.3408 0.3366 
         737  1 0.3276 0.3435 0.3289 
         738  1 0.3493 0.3070 0.3437 
         739  1 0.3379 0.3328 0.3294 
         740  1 0.3532 0.3091 0.3377 
         741  1 0.3342 0.3250 0.3408 
         742  1 0.3382 0.3348 0.3269 
         743  1 0.3314 0.3347 0.3339 
         744  1 0.3358 0.3374 0.3268 
         745  1 0.3284 0.3451 0.3264 
         746  1 0.3267 0.3536 0.3197 
         747  1 0.3073 0.3607 0.3320 
         748  1 0.3408 0.3418 0.3175 
         749  1 0.3335 0.3305 0.3360 
         750  1 0.3337 0.3379 0.3284 
         751  1 0.3288 0.3196 0.3517 
         752  1 0.3366 0.3352 0.3281 
         753  1 0.3382 0.3269 0.3349 
         754  1 0.3397 0.3262 0.3342 
         755  1 0.3291 0.3327 0.3381 
         756  1 0.3291 0.3470 0.3239 
         757  1 0.3273 0.3401 0.3326 
         758  1 0.3317 0.3353 0.3330 
         759  1 0.3286 0.3405 0.3309 
         760  1 0.3296 0.3310 0.3394 
         761  1 0.3217 0.3398 0.3385 
         762  1 0.3434 0.3237 0.3328 
         763  1 0.3390 0.3240 0.3370 
         764  1 0.3229 0.3442 0.3330 
         765  1 0.3351 0.3255 0.3393 
         766  1 0.3366 0.3202 0.3433 
         767  1 0.3371 0.3334 0.3295 
         768  1 0.3356 0.3285 0.3359 
         769  1 0.3487 0.3263 0.3251 
         770  1 0.3220 0.3475 0.3305 
         771  1 0.3398 0.3285 0.3317 
         772  1 0.3082 0.3452 0.3466 
         773  1 0.3203 0.3270 0.3527 
         774  1 0.3256 0.3304 0.3440 
         775  1 0.3379 0.3406 0.3216 
         776  1 0.3502 0.3240 0.3258 
         777  1 0.3265 0.3414 0.3321 
         778  1 0.3125 0.3433 0.3442 
         779  1 0.3388 0.3296 0.3316 
         780  1 0.3303 0.3298 0.3399 
         781  1 0.3198 0.3365 0.3437 
         782  1 0.3259 0.3459 0.3282 
         783  1 0.3258 0.3408 0.3334 
         784  1 0.3410 0.3281 0.3309 
         785  1 0.3195 0.3464 0.3342 
         786  1 0.3206 0.3494 0.3299 
         787  1 0.3265 0.3500 0.3234 
         788  1 0.3518 0.2982 0.3500 
         789  1 0.3270 0.3360 0.3370 
         790  1 0.3417 0.3326 0.3257 
         791  1 0.3442 0.3271 0.3287 
         792  1 0.3286 0.3299 0.3415 
         793  1 0.3382 0.3301 0.3317 
         794  1 0.3218 0.3392 0.3390 
         795  1 0.3489 0.3221 0.3290 
         796  1 0.3318 0.3368 0.3315 
         797  1 0.3495 0.3219 0.3286 
         798  1 0.3495 0.3170 0.3335 
         799  1 0.3408 0.3209 0.3383 
         800  1 0.3337 0.3339 0.3324 
         801  1 0.3213 0.3441 0.3346 
         802  1 0.3415 0.3248 0.3337 
         803  1 0.3221 0.3583 0.3195 
         804  1 0.3168 0.3461 0.3372 
         805  1 0.3463 0.3230 0.3307 
         806  1 0.3344 0.3241 0.3415 
         807  1 0.3237 0.3334 0.3429 
         808  1 0.3369 0.3349 0.3282 
         809  1 0.3339 0.3330 0.3331 
         810  1 0.3265 0.3396 0.3339 
         811  1 0.3269 0.3432 0.3300 
         812  1 0.3335 0.3425 0.3240 
         813  1 0.3263 0.3516 0.3221 
         814  1 0.3242 0.3425 0.3333 
         815  1 0.3320 0.3290 0.3389 
         816  1 0.3272 0.3325 0.3403 
         817  1 0.3345 0.3238 0.3417 
         818  1 0.3444 0.3240 0.3316 
         819  1 0.3468 0.3208 0.3324 
         820  1 0.3247 0.3394 0.3359 
         821  1 0.3322 0.3434 0.3244 
         822  1 0.3274 0.3520 0.3206 
         823  1 0.3340 0.3412 0.3248 
         824  1 0.3337 0.3372 0.3291 
         825  1 0.3343 0.3372 0.3285 
         826  1 0.3514 0.3140 0.3345 
         827  1 0.3310 0.3473 0.3217 
         828  1 0.3454 0.3176 0.3369 
         829  1 0.3144 0.3483 0.3374 
         830  1 0.3381 0.3321 0.3298 
         831  1 0.3200 0.3534 0.3266 
         832  1 0.3422 0.3393 0.3184 
         833  1 0.3205 0.3281 0.3514 
         834  1 0.3201 0.3374 0.3426 
         835  1 0.3272 0.3497 0.3231 
         836  1 0.3191 0.3420 0.3389 
         837  1 0.3207 0.3474 0.3318 
         838  1 0.3293 0.3354 0.3353 
         839  1 0.3428 0.3299 0.3273 
         840  1 0.3295 0.3383 0.3322 
         841  1 0.3334 0.3412 0.3255 
         842  1 0.3391 0.3216 0.3394 
         843  1 0.3204 0.3378 0.3419 
         844  1 0.3357 0.3327 0.3316 
         845  1 0.3193 0.3435 0.3372 
         846  1 0.3307 0.3361 0.3332 
         847  1 0.3477 0.3405 0.3119 
         848  1 0.3546 0.3118 0.3337 
         849  1 0.3454 0.3200 0.3346 
         850  1 0.3276 0.3398 0.3326 
         851  1 0.3348 0.3295 0.3357 
         852  1 0.3444 0.3247 0.3308 
         853  1 0.3456 0.3257 0.3287 
         854  1 0.3401 0.3273 0.3326 
         855  1 0.3369 0.3474 0.3157 
         856  1 0.3288 0.3401 0.3311 
         857  1 0.3295 0.3316 0.3389 
         858  1 0.3388 0.3207 0.3405 
         859  1 0.3326 0.3363 0.3311 
         860  1 0.3449 0.3115 0.3436 
         861  1 0.3240 0.3462 0.3298 
         862  1 0.3537 0.3043 0.3420 
         863  1 0.3330 0.3343 0.3326 
         864  1 0.3460 0.3205 0.3335 
         865  1 0.3150 0.3443 0.3406 
         866  1 0.3545 0.3188 0.3268 
         867  1 0.3311 0.3431 0.3258 
         868  1 0.3183 0.3433 0.3383 
         869  1 0.3306 0.3427 0.3267 
         870  1 0.3229 0.3377 0.3393 
         871  1 0.3338 0.3400 0.3262 
         872  1 0.3329 0.3299 0.3372 
         873  1 0.3312 0.3377 0.3312 
         874  1 0.3351 0.3218 0.3431 
         875  1 0.3376 0.3188 0.3436 
         876  1 0.3237 0.3319 0.3444 
         877  1 0.3289 0.3372 0.3339 
         878  1 0.3393 0.3232 0.3375 
         879  1 0.3419 0.3245 0.3337 
         880  1 0.3303 0.3357 0.3340 
         881  1 0.3371 0.3276 0.3353 
         882  1 0.3459 0.3148 0.3393 
         883  1 0.3172 0.3361 0.3467 
         884  1 0.3369 0.3332 0.3299 
         885  1 0.3370 0.3437 0.3193 
         886  1 0.3677 0.2961 0.3362 
         887  1 0.3425 0.3231 0.3344 
         888  1 0.3350 0.3396 0.3255 
         889  1 0.3338 0.3352 0.3310 
         890  1 0.3141 0.3564 0.3294 
         891  1 0.3144 0.3430 0.3426 
         892  1 0.3292 0.3346 0.3363 
         893  1 0.3190 0.3446 0.3365 
         894  1 0.3424 0.3121 0.3455 
         895  1 0.3335 0.3385 0.3280 
         896  1 0.3248 0.3578 0.3174 
         897  1 0.3435 0.3356 0.3209 
         898  1 0.3444 0.3224 0.3332 
         899  1 0.3295 0.3369 0.3336 
         900  1 0.3151 0.3541 0.3308 
         901  1 0.3105 0.3568 0.3327 
         902  1 0.3550 0.3167 0.3284 
         903  1 0.3484 0.3210 0.3305 
         904  1 0.3292 0.3398 0.3310 
         905  1 0.3567 0.3189 0.3243 
         906  1 0.3436 0.3210 0.3354 
         907  1 0.3418 0.3184 0.3398 
         908  1 0.3345 0.3399 0.3256 
         909  1 0.3234 0.3337 0.3429 
         910  1 0.3360 0.3311 0.3329 
         911  1 0.3311 0.3319 0.3370 
         912  1 0.3388 0.3392 0.3220 
         913  1 0.3494 0.3066 0.3441 
         914  1 0.3405 0.3298 0.3297 
         915  1 0.3293 0.3404 0.3303 
         916  1 0.3136 0.3489 0.3375 
         917  1 0.3292 0.3444 0.3264 
         918  1 0.3365 0.3359 0.3276 
         919  1 0.3607 0.3150 0.3243 
         920  1 0.3275 0.3371 0.3354 
         921  1 0.3419 0.3200 0.3380 
         922  1 0.3450 0.3367 0.3183 
         923  1 0.3312 0.3343 0.3345 
         924  1 0.3203 0.3485 0.3311 
         925  1 0.3464 0.3270 0.3266 
         926  1 0.3417 0.3287 0.3296 
         927  1 0.3261 0.3370 0.3369 
         928  1 0.3241 0.3307 0.3452 
         929  1 0.3359 0.3370 0.3271 
         930  1 0.3220 0.3421 0.3359 
         931  1 0.3224 0.3418 0.3358 
         932  1 0.3278 0.3477 0.3245 
         933  1 0.3375 0.3360 0.3265 
         934  1 0.3442 0.3207 0.3351 
         935  1 0.3188 0.3469 0.3343 
         936  1 0.3332 0.3354 0.3314 
         937  1 0.3471 0.3298 0.3231 
         938  1 0.3274 0.3318 0.3408 
         939  1 0.3154 0.3478 0.3368 
         940  1 0.3392 0.3280 0.3329 
         941  1 0.3363 0.3364 0.3273 
         942  1 0.3315 0.3391 0.3294 
         943  1 0.3293 0.3349 0.3358 
         944  1 0.3449 0.3064 0.3487 
         945  1 0.3310 0.3441 0.3249 
         946  1 0.3380 0.3126 0.3494 
         947  1 0.3403 0.3340 0.3257 
         948  1 0.3375 0.3393 0.3231 
         949  1 0.3368 0.3343 0.3289 
         950  1 0.3516 0.3327 0.3157 
         951  1 0.3389 0.3416 0.3195 
         952  1 0.3410 0.3211 0.3379 
         953  1 0.3456 0.3184 0.3360 
         954  1 0.3288 0.3430 0.3282 
         955  1 0.3403 0.3281 0.3316 
         956  1 0.3229 0.3370 0.3400 
         957  1 0.3188 0.3455 0.3357 
         958  1 0.3303 0.3436 0.3262 
         959  1 0.3356 0.3236 0.3408 
         960  1 0.3244 0.3381 0.3375 
         961  1 0.3423 0.3276 0.3301 
         962  1 0.3363 0.3342 0.3295 
         963  1 0.3424 0.3249 0.3326 
         964  1 0.3371 0.3339 0.3290 
         965  1 0.3451 0.3277 0.3272 
         966  1 0.3382 0.3402 0.3215 
         967  1 0.3394 0.3313 0.3293 
         968  1 0.3294 0.3387 0.3319 
         969  1 0.3563 0.3047 0.3390 
         970  1 0.3200 0.3473 0.3327 
         971  1 0.3362 0.3422 0.3216 
         972  1 0.3225 0.3371 0.3404 
         973  1 0.3279 0.3433 0.3288 
         974  1 0.3375 0.3331 0.3294 
         975  1 0.3436 0.3217 0.3347 
         976  1 0.3278 0.3367 0.3355 
         977  1 0.3171 0.3424 0.3406 
         978  1 0.3443 0.3257 0.3300 
         979  1 0.3202 0.3416 0.3382 
         980  1 0.3278 0.3251 0.3470 
         981  1 0.3353 0.3293 0.3354 
         982  1 0.3095 0.3447 0.3458 
         983  1 0.3358 0.3381 0.3261 
         984  1 0.3259 0.3340 0.3400 
         985  1 0.3425 0.3277 0.3297 
         986  1 0.3253 0.3400 0.3347 
         987  1 0.3219 0.3449 0.3331 
         988  1 0.3344 0.3266 0.3390 
         989  1 0.3312 0.3376 0.3312 
         990  1 0.3408 0.3356 0.3236 
         991  1 0.3336 0.3364 0.3300 
         992  1 0.3213 0.3349 0.3438 
         993  1 0.3443 0.3233 0.3325 
         994  1 0.3270 0.3410 0.3321 
         995  1 0.3368 0.3292 0.3340 
         996  1 0.3307 0.3386 0.3307 
         997  1 0.3357 0.3330 0.3313 
         998  1 0.3399 0.3259 0.3342 
         999  1 0.3396 0.3169 0.3435 
        1000  1 0.3420 0.3305 0.3275 
        1001  1 0.3211 0.3364 0.3425 
        1002  1 0.3445 0.3329 0.3226 
        1003  1 0.3228 0.3549 0.3222 
        1004  1 0.3367 0.3337 0.3296 
        1005  1 0.3428 0.3169 0.3403 
        1006  1 0.3468 0.3179 0.3353 
        1007  1 0.3232 0.3403 0.3365 
        1008  1 0.3160 0.3394 0.3446 
        1009  1 0.3394 0.3233 0.3373 
        1010  1 0.3290 0.3338 0.3372 
        1011  1 0.3389 0.3130 0.3481 
        1012  1 0.3376 0.3386 0.3237 
        1013  1 0.3469 0.3105 0.3426 
        1014  1 0.3255 0.3294 0.3451 
        1015  1 0.3435 0.3157 0.3408 
        1016  1 0.3258 0.3289 0.3453 
        1017  1 0.3428 0.3259 0.3314 
        1018  1 0.3187 0.3517 0.3296 
        1019  1 0.3281 0.3442 0.3277 
        1020  1 0.3324 0.3337 0.3338 
        1021  1 0.3169 0.3507 0.3325 
        1022  1 0.3152 0.3568 0.3280 
        1023  1 0.3331 0.3381 0.3288 
        1024  1 0.3461 0.3270 0.3269 
        1025  1 0.3350 0.3307 0.3343 
        1026  1 0.3297 0.3434 0.3269 
        1027  1 0.3351 0.3355 0.3294 
        1028  1 0.3249 0.3418 0.3332 
        1029  1 0.3287 0.3461 0.3252 
        1030  1 0.3352 0.3321 0.3327 
        1031  1 0.3386 0.3451 0.3163 
        1032  1 0.3447 0.3296 0.3256 
        1033  1 0.3358 0.3354 0.3288 
        1034  1 0.3480 0.2994 0.3526 
        1035  1 0.3504 0.3216 0.3280 
        1036  1 0.3193 0.3351 0.3457 
        1037  1 0.3359 0.3155 0.3485 
        1038  1 0.3212 0.3517 0.3272 
        1039  1 0.3390 0.3343 0.3267 
        1040  1 0.3643 0.3193 0.3164 
        1041  1 0.3422 0.3354 0.3224 
        1042  1 0.3397 0.3260 0.3343 
        1043  1 0.3306 0.3157 0.3537 
        1044  1 0.3298 0.3426 0.3276 
        1045  1 0.3358 0.3401 0.3241 
        1046  1 0.3481 0.3197 0.3322 
        1047  1 0.3327 0.3277 0.3396 
        1048  1 0.3496 0.2981 0.3524 
        1049  1 0.3107 0.3446 0.3447 
        1050  1 0.3267 0.3486 0.3247 
        1051  1 0.3242 0.3464 0.3294 
        1052  1 0.3332 0.3284 0.3384 
