           1  1 0.1990 0.1927 0.2017 0.2024 0.2041 
           2  1 0.1953 0.1980 0.2108 0.1986 0.1973 
           3  1 0.2029 0.2016 0.2006 0.2000 0.1949 
           4  1 0.1981 0.1961 0.2119 0.1983 0.1955 
           5  1 0.1983 0.2011 0.1986 0.2020 0.2001 
           6  1 0.1949 0.1925 0.2011 0.2065 0.2049 
           7  1 0.1993 0.1950 0.2060 0.1975 0.2022 
           8  1 0.2044 0.1930 0.2051 0.1989 0.1985 
           9  1 0.2048 0.2048 0.1934 0.1968 0.2001 
          10  1 0.1995 0.1939 0.2053 0.2025 0.1988 
          11  1 0.1963 0.2080 0.1922 0.2027 0.2008 
          12  1 0.2007 0.2071 0.1939 0.1975 0.2009 
          13  1 0.1990 0.1993 0.1937 0.2033 0.2047 
          14  1 0.1978 0.1973 0.2038 0.2035 0.1976 
          15  1 0.1969 0.1956 0.2045 0.2042 0.1988 
          16  1 0.1983 0.1998 0.1919 0.2071 0.2029 
          17  1 0.1952 0.2051 0.1974 0.2013 0.2010 
          18  1 0.2016 0.2070 0.1897 0.1972 0.2046 
          19  1 0.1996 0.1979 0.2041 0.2016 0.1968 
          20  1 0.2026 0.1982 0.1942 0.2021 0.2029 
          21  1 0.2049 0.1994 0.1979 0.2001 0.1977 
          22  1 0.2018 0.2030 0.1919 0.2011 0.2022 
          23  1 0.2021 0.1980 0.1982 0.1977 0.2040 
          24  1 0.2082 0.1921 0.2127 0.1954 0.1916 
          25  1 0.2011 0.2026 0.2052 0.2006 0.1905 
          26  1 0.1967 0.2050 0.1970 0.2008 0.2006 
          27  1 0.2052 0.1939 0.2025 0.2016 0.1968 
          28  1 0.1987 0.2054 0.1975 0.2001 0.1984 
          29  1 0.1976 0.2004 0.2000 0.2032 0.1988 
          30  1 0.1986 0.2025 0.2026 0.1995 0.1967 
          31  1 0.2004 0.1989 0.1924 0.2034 0.2050 
          32  1 0.1988 0.2069 0.1990 0.1945 0.2008 
          33  1 0.2107 0.2021 0.1909 0.1962 0.2001 
          34  1 0.2009 0.2027 0.1973 0.1975 0.2016 
          35  1 0.2012 0.1992 0.2015 0.1971 0.2010 
          36  1 0.1984 0.2040 0.2005 0.1986 0.1986 
          37  1 0.2004 0.2062 0.1977 0.1954 0.2003 
          38  1 0.2042 0.2023 0.1969 0.1958 0.2008 
          39  1 0.1964 0.2069 0.1983 0.1999 0.1985 
          40  1 0.2019 0.1960 0.1969 0.2036 0.2017 
          41  1 0.1980 0.2042 0.1966 0.2000 0.2012 
          42  1 0.2055 0.2036 0.1951 0.1951 0.2007 
          43  1 0.2043 0.1961 0.2067 0.1936 0.1992 
          44  1 0.2000 0.1958 0.1957 0.2020 0.2065 
          45  1 0.2026 0.1963 0.1911 0.2015 0.2085 
          46  1 0.2047 0.1957 0.2046 0.1955 0.1995 
          47  1 0.1977 0.2009 0.2021 0.1995 0.1998 
          48  1 0.2015 0.1957 0.2037 0.1998 0.1992 
          49  1 0.1971 0.2047 0.1948 0.2025 0.2009 
          50  1 0.1970 0.1955 0.2005 0.2089 0.1982 
          51  1 0.2088 0.1999 0.1964 0.1936 0.2013 
          52  1 0.2008 0.2027 0.1971 0.2022 0.1972 
          53  1 0.2023 0.1984 0.2003 0.2013 0.1977 
          54  1 0.1963 0.2005 0.1999 0.1990 0.2044 
          55  1 0.1989 0.2121 0.1897 0.1989 0.2005 
          56  1 0.1980 0.2006 0.1991 0.2071 0.1953 
          57  1 0.2015 0.2131 0.1892 0.1953 0.2009 
          58  1 0.2076 0.1971 0.2011 0.1970 0.1973 
          59  1 0.1948 0.1959 0.2016 0.2027 0.2049 
          60  1 0.2008 0.1984 0.2016 0.1997 0.1995 
          61  1 0.1992 0.1963 0.2068 0.2018 0.1959 
          62  1 0.2040 0.1997 0.1967 0.1990 0.2006 
          63  1 0.1966 0.1998 0.2014 0.2011 0.2011 
          64  1 0.2012 0.2089 0.1921 0.2033 0.1944 
          65  1 0.2015 0.2002 0.1976 0.1999 0.2007 
          66  1 0.1999 0.1910 0.2180 0.1942 0.1968 
          67  1 0.1986 0.2036 0.2052 0.1964 0.1961 
          68  1 0.2038 0.2033 0.1951 0.1961 0.2017 
          69  1 0.2003 0.2031 0.1970 0.2003 0.1993 
          70  1 0.2003 0.2027 0.1998 0.1967 0.2004 
          71  1 0.1947 0.2058 0.1932 0.2003 0.2060 
          72  1 0.1959 0.2069 0.2009 0.1998 0.1965 
          73  1 0.1970 0.2086 0.2033 0.1981 0.1929 
          74  1 0.1985 0.1919 0.2039 0.2010 0.2047 
          75  1 0.2069 0.1942 0.2081 0.1947 0.1961 
          76  1 0.1979 0.1996 0.2014 0.2007 0.2004 
          77  1 0.2004 0.2030 0.1939 0.2012 0.2015 
          78  1 0.2026 0.1969 0.2041 0.1990 0.1974 
          79  1 0.1980 0.1951 0.2010 0.2042 0.2016 
          80  1 0.2115 0.1951 0.2062 0.1934 0.1939 
          81  1 0.2015 0.2084 0.1909 0.1967 0.2025 
          82  1 0.1943 0.2012 0.1970 0.2012 0.2063 
          83  1 0.1983 0.2060 0.1957 0.1986 0.2014 
          84  1 0.2045 0.1943 0.2035 0.2023 0.1954 
          85  1 0.2058 0.1905 0.2113 0.1986 0.1938 
          86  1 0.1983 0.1968 0.2040 0.2027 0.1981 
          87  1 0.2047 0.1999 0.1968 0.1952 0.2034 
          88  1 0.1992 0.2002 0.1951 0.2043 0.2012 
          89  1 0.2085 0.1970 0.1949 0.1987 0.2009 
          90  1 0.1979 0.1993 0.2090 0.1981 0.1958 
          91  1 0.2028 0.2111 0.1928 0.1942 0.1992 
          92  1 0.2032 0.1986 0.2017 0.2021 0.1944 
          93  1 0.1997 0.2025 0.1954 0.2015 0.2008 
          94  1 0.1991 0.2003 0.1941 0.2045 0.2020 
          95  1 0.1998 0.1951 0.2053 0.2002 0.1996 
          96  1 0.2003 0.1992 0.2016 0.1991 0.1999 
          97  1 0.2053 0.2111 0.1938 0.1927 0.1972 
          98  1 0.2015 0.2090 0.1896 0.1992 0.2007 
          99  1 0.2056 0.2004 0.2034 0.1983 0.1922 
         100  1 0.2103 0.2051 0.1956 0.1910 0.1980 
         101  1 0.2020 0.2064 0.1933 0.2010 0.1974 
         102  1 0.2001 0.2018 0.1983 0.2025 0.1973 
         103  1 0.1985 0.2083 0.1954 0.1966 0.2013 
         104  1 0.2051 0.2028 0.2002 0.1961 0.1957 
         105  1 0.2037 0.2004 0.1957 0.1986 0.2016 
         106  1 0.1999 0.1973 0.1998 0.1984 0.2047 
         107  1 0.2014 0.1957 0.2029 0.1965 0.2035 
         108  1 0.1995 0.2017 0.1995 0.1960 0.2032 
         109  1 0.2031 0.1899 0.2261 0.1943 0.1866 
         110  1 0.1932 0.1952 0.2118 0.2023 0.1976 
         111  1 0.2020 0.1979 0.1998 0.2043 0.1960 
         112  1 0.2045 0.2007 0.1963 0.1991 0.1993 
         113  1 0.1971 0.1953 0.2014 0.2032 0.2031 
         114  1 0.1985 0.2039 0.1968 0.2011 0.1997 
         115  1 0.1991 0.1978 0.1965 0.2051 0.2015 
         116  1 0.2011 0.2032 0.1948 0.1984 0.2026 
         117  1 0.2013 0.2006 0.1950 0.1979 0.2052 
         118  1 0.1991 0.2058 0.1958 0.1993 0.2000 
         119  1 0.2006 0.2068 0.1921 0.2006 0.1999 
         120  1 0.1961 0.1957 0.2056 0.2031 0.1995 
         121  1 0.2026 0.1970 0.1995 0.1993 0.2017 
         122  1 0.1987 0.2004 0.2001 0.1980 0.2028 
         123  1 0.1984 0.2035 0.2047 0.1982 0.1953 
         124  1 0.1987 0.1942 0.1951 0.2038 0.2082 
         125  1 0.2024 0.1956 0.2057 0.1983 0.1980 
         126  1 0.1971 0.1962 0.2049 0.2008 0.2011 
         127  1 0.1933 0.1968 0.2010 0.2038 0.2051 
         128  1 0.2017 0.2024 0.1978 0.1988 0.1993 
         129  1 0.1984 0.1968 0.1986 0.2037 0.2025 
         130  1 0.2019 0.1954 0.2052 0.1955 0.2020 
         131  1 0.2016 0.1983 0.2029 0.1983 0.1990 
         132  1 0.1991 0.1998 0.1945 0.2010 0.2057 
         133  1 0.2067 0.1948 0.2040 0.1970 0.1976 
         134  1 0.1964 0.1937 0.2194 0.2006 0.1898 
         135  1 0.2017 0.1994 0.2068 0.1974 0.1947 
         136  1 0.1966 0.2027 0.1979 0.1998 0.2031 
         137  1 0.2012 0.2009 0.1998 0.1989 0.1992 
         138  1 0.2006 0.1971 0.2014 0.2026 0.1983 
         139  1 0.1943 0.1986 0.1998 0.2047 0.2026 
         140  1 0.1957 0.2049 0.1944 0.2031 0.2020 
         141  1 0.1992 0.1948 0.2076 0.2018 0.1965 
         142  1 0.1963 0.2066 0.1995 0.1994 0.1982 
         143  1 0.1958 0.2057 0.1982 0.2008 0.1995 
         144  1 0.1966 0.2093 0.1990 0.1993 0.1958 
         145  1 0.1985 0.2103 0.1942 0.1946 0.2025 
         146  1 0.1999 0.2038 0.1973 0.2014 0.1976 
         147  1 0.1998 0.1990 0.1966 0.2054 0.1993 
         148  1 0.1971 0.1997 0.1989 0.2077 0.1966 
         149  1 0.1985 0.1976 0.2053 0.2029 0.1957 
         150  1 0.2010 0.1994 0.2003 0.1995 0.1998 
         151  1 0.2028 0.2089 0.1911 0.1973 0.1999 
         152  1 0.1991 0.1925 0.2118 0.2006 0.1959 
         153  1 0.2051 0.2021 0.1963 0.1962 0.2003 
         154  1 0.1997 0.1993 0.2032 0.1994 0.1985 
         155  1 0.1969 0.2093 0.1929 0.2015 0.1994 
         156  1 0.2001 0.2091 0.1909 0.1986 0.2013 
         157  1 0.2091 0.1898 0.2118 0.1968 0.1925 
         158  1 0.2005 0.1984 0.2057 0.2001 0.1954 
         159  1 0.1992 0.1930 0.2110 0.2000 0.1968 
         160  1 0.1995 0.1992 0.1962 0.2021 0.2030 
         161  1 0.2015 0.2020 0.1983 0.1995 0.1986 
         162  1 0.1942 0.2010 0.1937 0.2037 0.2073 
         163  1 0.1940 0.1987 0.2038 0.2064 0.1971 
         164  1 0.2015 0.1937 0.2016 0.2029 0.2003 
         165  1 0.1986 0.1991 0.1964 0.2063 0.1997 
         166  1 0.2000 0.2088 0.1910 0.2002 0.2000 
         167  1 0.1967 0.1982 0.2023 0.2014 0.2015 
         168  1 0.2021 0.2072 0.1967 0.1916 0.2025 
         169  1 0.1980 0.2041 0.1927 0.2043 0.2010 
         170  1 0.1970 0.2040 0.1922 0.2038 0.2030 
         171  1 0.1970 0.1949 0.2028 0.2067 0.1986 
         172  1 0.1960 0.1992 0.1970 0.2026 0.2052 
         173  1 0.1979 0.1976 0.2068 0.2022 0.1955 
         174  1 0.1947 0.1953 0.2104 0.1990 0.2005 
         175  1 0.1987 0.2058 0.1942 0.1980 0.2033 
         176  1 0.1982 0.1990 0.1990 0.2030 0.2008 
         177  1 0.2036 0.1989 0.2008 0.1954 0.2013 
         178  1 0.1992 0.2055 0.1952 0.2004 0.1996 
         179  1 0.2059 0.1953 0.2036 0.1991 0.1961 
         180  1 0.1991 0.1998 0.1916 0.2045 0.2049 
         181  1 0.2040 0.2097 0.1916 0.1987 0.1960 
         182  1 0.1945 0.2090 0.1934 0.1984 0.2046 
         183  1 0.1990 0.1988 0.2011 0.1999 0.2012 
         184  1 0.1988 0.2043 0.1927 0.2012 0.2030 
         185  1 0.2065 0.2030 0.1949 0.1964 0.1992 
         186  1 0.2044 0.1982 0.1959 0.2022 0.1992 
         187  1 0.1991 0.2010 0.1923 0.2027 0.2049 
         188  1 0.1995 0.2084 0.1910 0.2012 0.1999 
         189  1 0.2036 0.1972 0.1988 0.1981 0.2023 
         190  1 0.1973 0.2007 0.1938 0.2051 0.2031 
         191  1 0.2000 0.2012 0.1963 0.2035 0.1991 
         192  1 0.2013 0.1975 0.2008 0.2017 0.1987 
         193  1 0.2084 0.2018 0.1993 0.1934 0.1972 
         194  1 0.1996 0.2025 0.1984 0.1998 0.1997 
         195  1 0.1956 0.2017 0.2075 0.1976 0.1976 
         196  1 0.1990 0.2060 0.1943 0.2005 0.2003 
         197  1 0.1979 0.2042 0.1982 0.2030 0.1967 
         198  1 0.2004 0.1964 0.1952 0.2014 0.2066 
         199  1 0.2064 0.1990 0.2013 0.1961 0.1971 
         200  1 0.1958 0.1998 0.2071 0.2013 0.1960 
         201  1 0.2068 0.2088 0.1927 0.1917 0.2001 
         202  1 0.1991 0.2030 0.1963 0.1970 0.2046 
         203  1 0.1975 0.2035 0.1978 0.2026 0.1985 
         204  1 0.2012 0.1966 0.2035 0.2017 0.1969 
         205  1 0.2032 0.1986 0.1959 0.1979 0.2045 
         206  1 0.2025 0.1972 0.1976 0.2013 0.2014 
         207  1 0.2019 0.1963 0.1970 0.2036 0.2013 
         208  1 0.1976 0.2020 0.2091 0.1942 0.1971 
         209  1 0.1954 0.2034 0.1999 0.2009 0.2003 
         210  1 0.2008 0.1931 0.2051 0.2022 0.1989 
         211  1 0.1893 0.1893 0.2381 0.1931 0.1901 
         212  1 0.2052 0.2094 0.1919 0.1963 0.1973 
         213  1 0.1974 0.1971 0.2080 0.2022 0.1954 
         214  1 0.1981 0.2030 0.2077 0.2006 0.1905 
         215  1 0.1962 0.1993 0.2032 0.2041 0.1971 
         216  1 0.2036 0.2060 0.1911 0.1996 0.1997 
         217  1 0.1903 0.2005 0.2061 0.2044 0.1986 
         218  1 0.1962 0.1973 0.1990 0.2047 0.2029 
         219  1 0.2023 0.1957 0.2128 0.1927 0.1965 
         220  1 0.2054 0.1926 0.2093 0.1967 0.1960 
         221  1 0.2007 0.2006 0.2070 0.1975 0.1942 
         222  1 0.2004 0.1971 0.1981 0.2001 0.2043 
         223  1 0.2052 0.1966 0.1989 0.1967 0.2026 
         224  1 0.1982 0.1980 0.1981 0.2030 0.2027 
         225  1 0.1984 0.1985 0.1964 0.2024 0.2042 
         226  1 0.2016 0.1974 0.2017 0.1995 0.1998 
         227  1 0.2009 0.1979 0.2043 0.1981 0.1988 
         228  1 0.2040 0.2007 0.1997 0.1961 0.1994 
         229  1 0.1996 0.2069 0.1919 0.2017 0.1999 
         230  1 0.2057 0.2037 0.1930 0.1963 0.2014 
         231  1 0.1951 0.2156 0.1912 0.1999 0.1982 
         232  1 0.1959 0.2066 0.1934 0.2008 0.2032 
         233  1 0.2019 0.2028 0.1995 0.1994 0.1964 
         234  1 0.2001 0.2045 0.1931 0.2005 0.2018 
         235  1 0.1977 0.2115 0.1877 0.2004 0.2027 
         236  1 0.1979 0.1992 0.2034 0.2053 0.1942 
         237  1 0.2011 0.2131 0.1887 0.1971 0.1999 
         238  1 0.1983 0.2043 0.2024 0.1990 0.1960 
         239  1 0.2000 0.2014 0.1936 0.2031 0.2019 
         240  1 0.1952 0.1987 0.1996 0.2023 0.2042 
         241  1 0.1943 0.2084 0.1899 0.2045 0.2029 
         242  1 0.1949 0.2036 0.1954 0.2046 0.2014 
         243  1 0.2013 0.1941 0.1988 0.2038 0.2020 
         244  1 0.1999 0.1998 0.2012 0.1993 0.1998 
         245  1 0.1999 0.1995 0.1967 0.2008 0.2031 
         246  1 0.2062 0.1968 0.1960 0.2026 0.1985 
         247  1 0.1948 0.1979 0.2031 0.2033 0.2009 
         248  1 0.2044 0.2083 0.1926 0.1960 0.1987 
         249  1 0.2020 0.1968 0.2040 0.1955 0.2018 
         250  1 0.1966 0.2028 0.1932 0.2037 0.2037 
         251  1 0.2024 0.2022 0.1941 0.1984 0.2030 
         252  1 0.1973 0.1960 0.2038 0.2028 0.2001 
         253  1 0.2062 0.1988 0.2030 0.1971 0.1949 
         254  1 0.1976 0.2041 0.1942 0.2018 0.2023 
         255  1 0.2083 0.1934 0.2005 0.1970 0.2008 
         256  1 0.2022 0.1986 0.1990 0.1972 0.2029 
         257  1 0.1941 0.1946 0.2179 0.1941 0.1992 
         258  1 0.2071 0.1928 0.2030 0.1973 0.1998 
         259  1 0.2003 0.1959 0.2068 0.2017 0.1952 
         260  1 0.2031 0.1933 0.2053 0.1960 0.2023 
         261  1 0.1962 0.2001 0.1974 0.2057 0.2005 
         262  1 0.1972 0.1980 0.2063 0.2012 0.1973 
         263  1 0.2020 0.2090 0.1888 0.2009 0.1993 
         264  1 0.1935 0.2029 0.2015 0.2008 0.2012 
         265  1 0.1991 0.2038 0.1972 0.1994 0.2005 
         266  1 0.2026 0.2008 0.1950 0.1988 0.2027 
         267  1 0.1968 0.1998 0.2033 0.2013 0.1989 
         268  1 0.2039 0.1943 0.2068 0.1988 0.1963 
         269  1 0.1946 0.1941 0.2187 0.1980 0.1945 
         270  1 0.1945 0.2009 0.2004 0.2002 0.2040 
         271  1 0.1998 0.2076 0.1933 0.1983 0.2009 
         272  1 0.1974 0.2001 0.2011 0.2029 0.1986 
         273  1 0.2035 0.2057 0.1926 0.1931 0.2051 
         274  1 0.2039 0.2009 0.1968 0.1993 0.1990 
         275  1 0.1993 0.1970 0.2157 0.1933 0.1947 
         276  1 0.1943 0.1963 0.1988 0.2021 0.2085 
         277  1 0.2031 0.2007 0.1946 0.2006 0.2010 
         278  1 0.2013 0.1941 0.2073 0.1979 0.1994 
         279  1 0.2025 0.1994 0.1947 0.1989 0.2045 
         280  1 0.2018 0.1959 0.2029 0.1959 0.2036 
         281  1 0.1963 0.2146 0.1892 0.1962 0.2037 
         282  1 0.2040 0.2011 0.1905 0.1996 0.2049 
         283  1 0.2006 0.2011 0.1963 0.2018 0.2002 
         284  1 0.2015 0.2052 0.1902 0.2040 0.1991 
         285  1 0.2041 0.2072 0.1911 0.1938 0.2038 
         286  1 0.2012 0.1970 0.2048 0.2008 0.1962 
         287  1 0.1958 0.2083 0.1924 0.2013 0.2022 
         288  1 0.2013 0.2056 0.1910 0.2023 0.1999 
         289  1 0.1937 0.2146 0.1908 0.2026 0.1984 
         290  1 0.1997 0.2006 0.1935 0.2038 0.2024 
         291  1 0.1951 0.1987 0.2048 0.2001 0.2013 
         292  1 0.1983 0.2071 0.1932 0.1990 0.2025 
         293  1 0.2000 0.2069 0.1930 0.1998 0.2003 
         294  1 0.1957 0.2039 0.1956 0.2004 0.2043 
         295  1 0.1949 0.2027 0.2096 0.2001 0.1927 
         296  1 0.1987 0.1949 0.2092 0.1998 0.1973 
         297  1 0.2017 0.2002 0.1984 0.2000 0.1996 
         298  1 0.2007 0.2074 0.1991 0.1995 0.1933 
         299  1 0.2033 0.1994 0.1988 0.1987 0.1997 
         300  1 0.1962 0.1936 0.2139 0.1963 0.2000 
         301  1 0.2013 0.1984 0.1995 0.2003 0.2005 
         302  1 0.1993 0.1979 0.2036 0.2020 0.1971 
         303  1 0.2001 0.1949 0.2020 0.2015 0.2015 
         304  1 0.1983 0.1987 0.1983 0.2026 0.2021 
         305  1 0.1981 0.1999 0.1968 0.2010 0.2042 
         306  1 0.2033 0.1963 0.2012 0.1971 0.2021 
         307  1 0.2041 0.2001 0.1986 0.1972 0.2000 
         308  1 0.2019 0.2048 0.1957 0.1997 0.1980 
         309  1 0.2004 0.2111 0.1899 0.1962 0.2024 
         310  1 0.2030 0.2007 0.1964 0.2018 0.1980 
         311  1 0.2023 0.1970 0.1966 0.2008 0.2034 
         312  1 0.2044 0.2023 0.1893 0.2004 0.2035 
         313  1 0.2035 0.1947 0.2045 0.2016 0.1958 
         314  1 0.2000 0.2040 0.1958 0.2039 0.1963 
         315  1 0.1984 0.2029 0.2007 0.2002 0.1978 
         316  1 0.1973 0.1955 0.2058 0.2051 0.1963 
         317  1 0.1977 0.2002 0.1991 0.2029 0.2001 
         318  1 0.2015 0.2120 0.1923 0.1976 0.1967 
         319  1 0.2047 0.1924 0.2105 0.2029 0.1894 
         320  1 0.1971 0.2031 0.1991 0.2038 0.1969 
         321  1 0.2007 0.1990 0.2027 0.1988 0.1988 
         322  1 0.2002 0.2096 0.1896 0.1996 0.2010 
         323  1 0.1987 0.1974 0.1973 0.2053 0.2013 
         324  1 0.1998 0.1931 0.2150 0.2037 0.1884 
         325  1 0.2002 0.2029 0.1971 0.2017 0.1981 
         326  1 0.2016 0.1980 0.2094 0.2009 0.1900 
         327  1 0.1988 0.1994 0.1969 0.2011 0.2037 
         328  1 0.1973 0.2080 0.2010 0.1993 0.1944 
         329  1 0.2030 0.2054 0.1960 0.2016 0.1939 
         330  1 0.1981 0.1988 0.1968 0.2037 0.2026 
         331  1 0.2025 0.1947 0.2072 0.1967 0.1990 
         332  1 0.2010 0.1982 0.2017 0.1990 0.2000 
         333  1 0.1986 0.1960 0.1953 0.2077 0.2025 
         334  1 0.1969 0.2068 0.1975 0.2018 0.1970 
         335  1 0.2001 0.2125 0.1875 0.1978 0.2021 
         336  1 0.1997 0.1966 0.1963 0.1997 0.2077 
         337  1 0.1985 0.2030 0.2050 0.1975 0.1959 
         338  1 0.2091 0.1981 0.2013 0.1953 0.1962 
         339  1 0.1952 0.2012 0.1971 0.2050 0.2015 
         340  1 0.2042 0.1992 0.2008 0.1970 0.1988 
         341  1 0.1973 0.1973 0.2058 0.1987 0.2010 
         342  1 0.1963 0.2019 0.1999 0.1994 0.2026 
         343  1 0.2007 0.2027 0.1935 0.1993 0.2039 
         344  1 0.2007 0.2046 0.2030 0.1946 0.1972 
         345  1 0.2063 0.1995 0.2035 0.1938 0.1970 
         346  1 0.1988 0.1974 0.2010 0.2016 0.2012 
         347  1 0.1996 0.1964 0.2023 0.2010 0.2007 
         348  1 0.2052 0.1992 0.1963 0.1994 0.1999 
         349  1 0.2006 0.1990 0.2000 0.1977 0.2028 
         350  1 0.1969 0.1962 0.2003 0.2044 0.2021 
         351  1 0.2016 0.1956 0.2016 0.1977 0.2034 
         352  1 0.2024 0.2070 0.1917 0.1993 0.1995 
         353  1 0.2050 0.2000 0.1953 0.2035 0.1962 
         354  1 0.2003 0.1994 0.1967 0.2032 0.2003 
         355  1 0.1977 0.2035 0.1936 0.2009 0.2043 
         356  1 0.1987 0.1997 0.1994 0.1993 0.2029 
         357  1 0.2003 0.1936 0.2130 0.1995 0.1937 
         358  1 0.2009 0.1993 0.1992 0.2004 0.2002 
         359  1 0.2011 0.1912 0.2130 0.1998 0.1948 
         360  1 0.2034 0.2076 0.1894 0.1980 0.2015 
         361  1 0.1928 0.1991 0.2325 0.1903 0.1853 
         362  1 0.1944 0.1974 0.2065 0.2054 0.1963 
         363  1 0.1967 0.2009 0.1957 0.2031 0.2036 
         364  1 0.1998 0.2023 0.1941 0.2011 0.2027 
         365  1 0.2017 0.2012 0.2039 0.1987 0.1945 
         366  1 0.1968 0.1979 0.1983 0.2041 0.2028 
         367  1 0.2012 0.2007 0.1960 0.2002 0.2019 
         368  1 0.2009 0.2139 0.1882 0.1971 0.1998 
         369  1 0.1975 0.1988 0.2020 0.1993 0.2023 
         370  1 0.2037 0.1972 0.1978 0.1998 0.2015 
         371  1 0.2019 0.1962 0.2015 0.2005 0.1998 
         372  1 0.1958 0.2001 0.1983 0.2037 0.2021 
         373  1 0.1938 0.2008 0.1995 0.2025 0.2034 
         374  1 0.2053 0.1987 0.1997 0.1975 0.1989 
         375  1 0.1985 0.2007 0.1992 0.2030 0.1986 
         376  1 0.1966 0.2065 0.1933 0.2020 0.2015 
         377  1 0.1990 0.2003 0.2030 0.2032 0.1945 
         378  1 0.1943 0.1986 0.1942 0.2065 0.2063 
         379  1 0.2022 0.2048 0.1949 0.1997 0.1984 
         380  1 0.2017 0.2132 0.1877 0.1947 0.2027 
         381  1 0.1946 0.2017 0.2035 0.1983 0.2018 
         382  1 0.2020 0.1928 0.1982 0.1976 0.2093 
         383  1 0.2023 0.1946 0.1992 0.1980 0.2060 
         384  1 0.1979 0.1980 0.1992 0.2003 0.2046 
         385  1 0.2053 0.1936 0.2094 0.1933 0.1985 
         386  1 0.1974 0.1981 0.2015 0.2009 0.2021 
         387  1 0.1979 0.1967 0.2020 0.2032 0.2002 
         388  1 0.1995 0.2084 0.1908 0.1970 0.2043 
         389  1 0.2039 0.1983 0.1951 0.1981 0.2047 
         390  1 0.1983 0.1909 0.2133 0.1999 0.1976 
         391  1 0.1965 0.2009 0.2024 0.2011 0.1991 
         392  1 0.2062 0.2025 0.1976 0.1941 0.1996 
         393  1 0.1986 0.2035 0.1912 0.2063 0.2004 
         394  1 0.2035 0.1987 0.2002 0.1969 0.2007 
         395  1 0.2020 0.2019 0.2006 0.1945 0.2011 
         396  1 0.2015 0.1989 0.1995 0.1970 0.2031 
         397  1 0.2017 0.1978 0.2001 0.2009 0.1996 
         398  1 0.1994 0.1993 0.2043 0.2002 0.1968 
         399  1 0.2009 0.2071 0.1931 0.1982 0.2007 
         400  1 0.2000 0.2065 0.1937 0.1955 0.2043 
         401  1 0.2060 0.1968 0.2048 0.1977 0.1947 
         402  1 0.2010 0.2051 0.1977 0.1988 0.1973 
         403  1 0.1979 0.2034 0.1909 0.2030 0.2048 
         404  1 0.1988 0.1967 0.1947 0.2027 0.2071 
         405  1 0.2018 0.1941 0.2015 0.1993 0.2033 
         406  1 0.1931 0.1960 0.1985 0.2076 0.2049 
         407  1 0.2039 0.1963 0.2029 0.2012 0.1957 
         408  1 0.2008 0.2012 0.1965 0.2003 0.2011 
         409  1 0.1996 0.1956 0.2021 0.1992 0.2036 
         410  1 0.1971 0.2006 0.2021 0.2013 0.1989 
         411  1 0.1973 0.1947 0.2181 0.1986 0.1913 
         412  1 0.2007 0.1982 0.1987 0.1993 0.2031 
         413  1 0.2094 0.1963 0.1967 0.1947 0.2030 
         414  1 0.2073 0.2138 0.1864 0.1903 0.2021 
         415  1 0.1999 0.2031 0.1925 0.1996 0.2049 
         416  1 0.1962 0.2051 0.1932 0.2010 0.2046 
         417  1 0.2025 0.2002 0.1956 0.1989 0.2027 
         418  1 0.2056 0.2030 0.1913 0.2014 0.1987 
         419  1 0.2043 0.2024 0.1934 0.2008 0.1991 
         420  1 0.2007 0.1989 0.1948 0.2024 0.2032 
         421  1 0.2009 0.1971 0.2043 0.2041 0.1936 
         422  1 0.1972 0.1968 0.2026 0.2064 0.1971 
         423  1 0.1986 0.1973 0.2058 0.1986 0.1997 
         424  1 0.1994 0.2022 0.1934 0.1973 0.2077 
         425  1 0.2026 0.2072 0.1898 0.1979 0.2026 
         426  1 0.2083 0.1958 0.2010 0.1978 0.1971 
         427  1 0.2010 0.1984 0.1931 0.2024 0.2052 
         428  1 0.2053 0.1977 0.1986 0.1953 0.2031 
         429  1 0.1968 0.2019 0.1952 0.2005 0.2056 
         430  1 0.2029 0.2069 0.1915 0.1983 0.2004 
         431  1 0.2024 0.2001 0.2006 0.1938 0.2031 
         432  1 0.1972 0.2050 0.1935 0.1976 0.2067 
         433  1 0.1989 0.2108 0.1934 0.1964 0.2005 
         434  1 0.2049 0.1940 0.2049 0.1970 0.1991 
         435  1 0.1959 0.2044 0.1971 0.1986 0.2040 
         436  1 0.1950 0.1969 0.2018 0.2055 0.2008 
         437  1 0.1983 0.1974 0.2040 0.2019 0.1984 
         438  1 0.1991 0.1986 0.2056 0.1960 0.2006 
         439  1 0.1992 0.2020 0.1934 0.2043 0.2011 
         440  1 0.2027 0.2020 0.1940 0.2024 0.1988 
         441  1 0.1939 0.2040 0.2002 0.2015 0.2003 
         442  1 0.1986 0.1976 0.2044 0.2007 0.1988 
         443  1 0.1987 0.1970 0.1940 0.2030 0.2073 
         444  1 0.2010 0.2013 0.2031 0.1982 0.1965 
         445  1 0.1975 0.2006 0.1995 0.1999 0.2024 
         446  1 0.2006 0.2016 0.1973 0.1956 0.2050 
         447  1 0.1997 0.2068 0.1947 0.1998 0.1990 
         448  1 0.1975 0.2021 0.1951 0.2005 0.2049 
         449  1 0.2027 0.1984 0.1990 0.2019 0.1981 
         450  1 0.2006 0.2035 0.1942 0.1982 0.2035 
         451  1 0.2037 0.2017 0.1942 0.1985 0.2020 
         452  1 0.1937 0.2010 0.2000 0.2046 0.2006 
         453  1 0.1981 0.1938 0.2093 0.2014 0.1974 
         454  1 0.1990 0.2012 0.1967 0.2016 0.2014 
         455  1 0.1998 0.2013 0.1994 0.1984 0.2010 
         456  1 0.1981 0.2016 0.1928 0.2025 0.2050 
         457  1 0.1990 0.1937 0.2010 0.2026 0.2035 
         458  1 0.1989 0.1976 0.1978 0.2036 0.2021 
         459  1 0.2021 0.2117 0.1902 0.1953 0.2007 
         460  1 0.2007 0.2017 0.1947 0.2013 0.2016 
         461  1 0.1970 0.2048 0.1960 0.2017 0.2004 
         462  1 0.1960 0.1957 0.2008 0.2064 0.2011 
         463  1 0.1945 0.1998 0.2027 0.2031 0.1999 
         464  1 0.2022 0.1957 0.2011 0.2031 0.1979 
         465  1 0.2026 0.1932 0.2121 0.1978 0.1943 
         466  1 0.2027 0.1962 0.2019 0.2009 0.1982 
         467  1 0.2019 0.2026 0.1993 0.1989 0.1972 
         468  1 0.1990 0.2028 0.1930 0.1986 0.2066 
         469  1 0.2055 0.1991 0.2015 0.1927 0.2012 
         470  1 0.1961 0.2074 0.1937 0.2036 0.1992 
         471  1 0.2006 0.2014 0.1900 0.2064 0.2015 
         472  1 0.2005 0.2015 0.1986 0.1981 0.2012 
         473  1 0.1996 0.1900 0.2117 0.2012 0.1975 
         474  1 0.1982 0.1964 0.2008 0.2019 0.2027 
         475  1 0.2028 0.1972 0.2026 0.2001 0.1973 
         476  1 0.1993 0.1966 0.2066 0.1995 0.1980 
         477  1 0.1933 0.1991 0.1987 0.2069 0.2021 
         478  1 0.2012 0.2044 0.1937 0.2000 0.2008 
         479  1 0.1971 0.2072 0.1946 0.1996 0.2014 
         480  1 0.2006 0.1960 0.1998 0.2040 0.1996 
         481  1 0.1971 0.2017 0.2047 0.1996 0.1968 
         482  1 0.1970 0.2041 0.1923 0.2009 0.2057 
         483  1 0.2014 0.1924 0.2062 0.2014 0.1986 
         484  1 0.1969 0.1980 0.2029 0.2018 0.2004 
         485  1 0.1976 0.2014 0.1983 0.2037 0.1991 
         486  1 0.2030 0.1975 0.1948 0.1994 0.2053 
         487  1 0.1952 0.1901 0.2141 0.2031 0.1975 
         488  1 0.1965 0.1948 0.2050 0.2042 0.1994 
         489  1 0.2016 0.1993 0.2116 0.1928 0.1947 
         490  1 0.2021 0.2018 0.1986 0.2009 0.1966 
         491  1 0.1979 0.1981 0.1960 0.2035 0.2045 
         492  1 0.1978 0.2028 0.1976 0.2018 0.1999 
         493  1 0.1985 0.1995 0.1979 0.2014 0.2027 
         494  1 0.1973 0.2018 0.2004 0.1969 0.2036 
         495  1 0.1963 0.1957 0.2094 0.2027 0.1960 
         496  1 0.1939 0.2040 0.2017 0.2041 0.1964 
         497  1 0.1954 0.2034 0.2021 0.2015 0.1976 
         498  1 0.2037 0.2008 0.1976 0.1982 0.1998 
         499  1 0.2004 0.1975 0.2013 0.1976 0.2032 
         500  1 0.2012 0.2015 0.1958 0.2000 0.2015 
         501  1 0.1889 0.1905 0.2340 0.1938 0.1928 
         502  1 0.2077 0.1937 0.2035 0.1949 0.2002 
         503  1 0.1953 0.1944 0.2203 0.1976 0.1923 
         504  1 0.1967 0.1994 0.1948 0.2049 0.2043 
         505  1 0.1989 0.1967 0.2031 0.2051 0.1963 
         506  1 0.2032 0.1986 0.2019 0.2047 0.1917 
         507  1 0.1978 0.1935 0.2079 0.2008 0.2001 
         508  1 0.1920 0.1987 0.2016 0.2056 0.2020 
         509  1 0.1959 0.1986 0.2062 0.2005 0.1987 
         510  1 0.2016 0.2093 0.1933 0.1991 0.1968 
         511  1 0.1954 0.2013 0.2018 0.2032 0.1983 
         512  1 0.1988 0.1932 0.2041 0.2018 0.2021 
         513  1 0.2022 0.2004 0.1977 0.1998 0.2000 
         514  1 0.1944 0.2080 0.1920 0.2007 0.2049 
         515  1 0.2028 0.1998 0.2010 0.1957 0.2006 
         516  1 0.2062 0.1965 0.1970 0.1975 0.2028 
         517  1 0.1958 0.2014 0.1969 0.2034 0.2024 
         518  1 0.1972 0.2006 0.2008 0.2023 0.1991 
         519  1 0.2051 0.2014 0.2016 0.1955 0.1964 
         520  1 0.1956 0.2011 0.2024 0.2029 0.1980 
         521  1 0.2030 0.1937 0.2155 0.1967 0.1911 
         522  1 0.2038 0.1974 0.1987 0.1958 0.2043 
         523  1 0.2030 0.2018 0.1981 0.1987 0.1985 
         524  1 0.1959 0.1952 0.2067 0.2041 0.1981 
         525  1 0.2008 0.2049 0.2046 0.1941 0.1956 
         526  1 0.1970 0.1969 0.2049 0.2019 0.1993 
         527  1 0.1950 0.1967 0.2062 0.2056 0.1965 
         528  1 0.1951 0.1952 0.1968 0.2076 0.2052 
         529  1 0.1995 0.1994 0.2004 0.2018 0.1989 
         530  1 0.1974 0.2075 0.1947 0.2014 0.1990 
         531  1 0.1940 0.2057 0.1940 0.2024 0.2039 
         532  1 0.2003 0.1985 0.2027 0.1988 0.1996 
         533  1 0.2023 0.2029 0.2002 0.1979 0.1967 
         534  1 0.2008 0.2007 0.1957 0.1979 0.2050 
         535  1 0.2052 0.1947 0.2030 0.1951 0.2020 
         536  1 0.2008 0.2113 0.1912 0.1998 0.1969 
         537  1 0.2033 0.1971 0.2032 0.1946 0.2018 
         538  1 0.2002 0.2030 0.1933 0.2012 0.2023 
         539  1 0.2032 0.1997 0.1968 0.1999 0.2003 
         540  1 0.2108 0.1923 0.2047 0.1966 0.1955 
         541  1 0.1969 0.2134 0.1917 0.1977 0.2003 
         542  1 0.2015 0.2029 0.1985 0.1995 0.1976 
         543  1 0.2083 0.1978 0.2069 0.1957 0.1914 
         544  1 0.1991 0.1949 0.2017 0.2025 0.2017 
         545  1 0.2009 0.1977 0.1998 0.2021 0.1995 
         546  1 0.1993 0.1931 0.2024 0.2020 0.2032 
         547  1 0.2035 0.1935 0.2062 0.1998 0.1970 
         548  1 0.1985 0.1966 0.1980 0.2021 0.2049 
         549  1 0.2011 0.1997 0.1967 0.2034 0.1991 
         550  1 0.1989 0.2009 0.1995 0.1992 0.2014 
         551  1 0.2022 0.1935 0.2151 0.1950 0.1941 
         552  1 0.1998 0.2018 0.2011 0.2029 0.1945 
         553  1 0.2021 0.1895 0.2121 0.2008 0.1954 
         554  1 0.1973 0.2031 0.1948 0.2008 0.2040 
         555  1 0.2014 0.1992 0.1991 0.2007 0.1997 
         556  1 0.1995 0.1992 0.1984 0.1982 0.2047 
         557  1 0.1955 0.1950 0.2032 0.2012 0.2052 
         558  1 0.1985 0.1948 0.2035 0.2032 0.2000 
         559  1 0.2026 0.1983 0.2004 0.1966 0.2021 
         560  1 0.2017 0.2002 0.2007 0.2028 0.1947 
         561  1 0.2061 0.1999 0.1980 0.1998 0.1962 
         562  1 0.2008 0.1950 0.1945 0.2045 0.2052 
         563  1 0.1973 0.1959 0.1946 0.2083 0.2039 
         564  1 0.1983 0.1995 0.1952 0.2027 0.2042 
         565  1 0.2061 0.1991 0.2039 0.1977 0.1932 
         566  1 0.2042 0.2094 0.1875 0.1926 0.2062 
         567  1 0.2027 0.2007 0.1920 0.2012 0.2033 
         568  1 0.2057 0.1957 0.2121 0.1945 0.1920 
         569  1 0.2018 0.2050 0.1947 0.1974 0.2011 
         570  1 0.1924 0.1915 0.2248 0.1964 0.1949 
         571  1 0.1986 0.2106 0.1885 0.1980 0.2043 
         572  1 0.2010 0.1960 0.1942 0.2059 0.2029 
         573  1 0.1972 0.1972 0.2065 0.1958 0.2033 
         574  1 0.2039 0.2013 0.2009 0.1972 0.1968 
         575  1 0.1933 0.2043 0.2040 0.1994 0.1991 
         576  1 0.2017 0.1969 0.2044 0.1989 0.1981 
         577  1 0.1968 0.1952 0.2046 0.2022 0.2012 
         578  1 0.1991 0.1985 0.2062 0.2004 0.1958 
         579  1 0.2077 0.1994 0.2056 0.1932 0.1940 
         580  1 0.2089 0.2111 0.1871 0.1951 0.1979 
         581  1 0.2026 0.1981 0.2052 0.1966 0.1975 
         582  1 0.2017 0.1998 0.1958 0.2005 0.2022 
         583  1 0.1986 0.2078 0.1919 0.1991 0.2026 
         584  1 0.1967 0.1980 0.2072 0.1970 0.2011 
         585  1 0.2008 0.2131 0.1879 0.1959 0.2023 
         586  1 0.1993 0.1988 0.1957 0.2036 0.2026 
         587  1 0.1926 0.2132 0.1910 0.2015 0.2017 
         588  1 0.1994 0.2001 0.2001 0.2004 0.2001 
         589  1 0.2045 0.2068 0.1928 0.2010 0.1950 
         590  1 0.2068 0.1986 0.1892 0.2053 0.2000 
         591  1 0.2051 0.1993 0.1973 0.1958 0.2024 
         592  1 0.1958 0.2114 0.1924 0.1964 0.2040 
         593  1 0.2030 0.2006 0.1979 0.1989 0.1997 
         594  1 0.2031 0.1973 0.2001 0.1984 0.2010 
         595  1 0.2025 0.1992 0.1969 0.2004 0.2011 
         596  1 0.1990 0.2000 0.2077 0.1978 0.1955 
         597  1 0.2002 0.1983 0.2042 0.2014 0.1959 
         598  1 0.2033 0.2169 0.1837 0.1913 0.2048 
         599  1 0.1978 0.2015 0.2043 0.2029 0.1935 
         600  1 0.2016 0.1982 0.1997 0.1964 0.2042 
         601  1 0.1947 0.1950 0.2056 0.2042 0.2006 
         602  1 0.2082 0.2004 0.2021 0.1923 0.1970 
         603  1 0.1948 0.2031 0.1971 0.2011 0.2038 
         604  1 0.1937 0.1965 0.2063 0.2012 0.2022 
         605  1 0.2016 0.1958 0.2073 0.1982 0.1970 
         606  1 0.1983 0.1997 0.1999 0.1979 0.2041 
         607  1 0.2011 0.1923 0.2064 0.1998 0.2003 
         608  1 0.1975 0.1972 0.2068 0.1989 0.1997 
         609  1 0.1969 0.2006 0.2002 0.1990 0.2033 
         610  1 0.2014 0.2039 0.1963 0.1977 0.2007 
         611  1 0.1924 0.1953 0.2068 0.2051 0.2004 
         612  1 0.2005 0.2020 0.1974 0.1980 0.2022 
         613  1 0.2001 0.2011 0.1940 0.2001 0.2046 
         614  1 0.1944 0.2009 0.2010 0.2006 0.2032 
         615  1 0.1973 0.2004 0.1976 0.2001 0.2046 
         616  1 0.1961 0.2033 0.1920 0.2023 0.2064 
         617  1 0.2016 0.1984 0.1990 0.1995 0.2015 
         618  1 0.2003 0.1973 0.2041 0.1977 0.2006 
         619  1 0.2029 0.1965 0.2087 0.1971 0.1948 
         620  1 0.1996 0.1989 0.2029 0.2000 0.1986 
         621  1 0.2042 0.1968 0.1986 0.2023 0.1981 
         622  1 0.2023 0.1945 0.2136 0.1927 0.1969 
         623  1 0.1934 0.2063 0.1990 0.2003 0.2010 
         624  1 0.2064 0.1968 0.2022 0.1950 0.1997 
         625  1 0.1988 0.2095 0.1964 0.1972 0.1981 
         626  1 0.2077 0.2098 0.1909 0.1933 0.1982 
         627  1 0.2071 0.1967 0.2069 0.1977 0.1916 
         628  1 0.1952 0.1983 0.2029 0.2000 0.2036 
         629  1 0.2029 0.2019 0.1992 0.1981 0.1979 
         630  1 0.1995 0.1988 0.2000 0.2031 0.1987 
         631  1 0.1986 0.1942 0.2092 0.1974 0.2006 
         632  1 0.2018 0.2069 0.1920 0.1945 0.2048 
         633  1 0.2004 0.1981 0.1901 0.2056 0.2058 
         634  1 0.1988 0.2051 0.1968 0.2014 0.1980 
         635  1 0.1966 0.1944 0.2162 0.1982 0.1947 
         636  1 0.2070 0.1952 0.1979 0.1966 0.2032 
         637  1 0.1985 0.2068 0.1946 0.1978 0.2023 
         638  1 0.1989 0.2024 0.1975 0.1995 0.2017 
         639  1 0.2006 0.1983 0.1970 0.2039 0.2002 
         640  1 0.2051 0.2052 0.1963 0.1962 0.1974 
         641  1 0.2018 0.2016 0.2033 0.1973 0.1959 
         642  1 0.2015 0.2008 0.2014 0.1976 0.1986 
         643  1 0.2011 0.2046 0.1955 0.1984 0.2004 
         644  1 0.2061 0.1968 0.2004 0.1999 0.1967 
         645  1 0.1995 0.1987 0.2030 0.1982 0.2006 
         646  1 0.1979 0.2015 0.2030 0.2018 0.1959 
         647  1 0.2000 0.1979 0.2073 0.1990 0.1958 
         648  1 0.2028 0.1946 0.1985 0.1981 0.2059 
         649  1 0.2012 0.2003 0.1958 0.2051 0.1975 
         650  1 0.1997 0.1953 0.1999 0.2035 0.2015 
         651  1 0.2058 0.2002 0.1967 0.1933 0.2040 
         652  1 0.1988 0.1977 0.1989 0.2023 0.2022 
         653  1 0.2017 0.2004 0.2004 0.1963 0.2011 
         654  1 0.2025 0.2054 0.1950 0.1972 0.1999 
         655  1 0.1955 0.2061 0.1978 0.1984 0.2022 
         656  1 0.1991 0.1971 0.2052 0.1969 0.2017 
         657  1 0.2006 0.1972 0.2028 0.2005 0.1989 
         658  1 0.1959 0.2013 0.2025 0.2029 0.1974 
         659  1 0.1973 0.2058 0.1974 0.1995 0.2000 
         660  1 0.1966 0.1987 0.2008 0.2006 0.2034 
         661  1 0.1979 0.1994 0.1992 0.2028 0.2007 
         662  1 0.1972 0.1943 0.2085 0.2022 0.1978 
         663  1 0.2048 0.2019 0.2000 0.1912 0.2022 
         664  1 0.1987 0.2063 0.1913 0.2023 0.2014 
         665  1 0.2007 0.2058 0.1964 0.1958 0.2012 
         666  1 0.1952 0.1979 0.2009 0.2041 0.2020 
         667  1 0.1993 0.2028 0.1988 0.1999 0.1992 
         668  1 0.1994 0.1995 0.2084 0.1958 0.1970 
         669  1 0.1962 0.1982 0.1948 0.2047 0.2061 
         670  1 0.1969 0.1972 0.2016 0.2041 0.2002 
         671  1 0.2001 0.1880 0.2139 0.2005 0.1975 
         672  1 0.2086 0.1975 0.1940 0.1961 0.2038 
         673  1 0.2016 0.1955 0.2038 0.1948 0.2043 
         674  1 0.2022 0.2058 0.1916 0.2022 0.1982 
         675  1 0.1969 0.1976 0.2176 0.1938 0.1941 
         676  1 0.2027 0.1967 0.2015 0.1994 0.1996 
         677  1 0.2019 0.2049 0.1947 0.2019 0.1966 
         678  1 0.2048 0.2024 0.1868 0.2061 0.2000 
         679  1 0.1979 0.1989 0.2081 0.1970 0.1981 
         680  1 0.1951 0.1925 0.2019 0.2052 0.2054 
         681  1 0.1996 0.2005 0.1986 0.1993 0.2019 
         682  1 0.1974 0.1929 0.1969 0.2076 0.2052 
         683  1 0.1992 0.2023 0.1959 0.2004 0.2022 
         684  1 0.1991 0.1995 0.1984 0.2008 0.2022 
         685  1 0.2042 0.2071 0.1923 0.1990 0.1974 
         686  1 0.2004 0.2031 0.1959 0.1993 0.2013 
         687  1 0.2028 0.2031 0.1972 0.1984 0.1984 
         688  1 0.2079 0.2085 0.1916 0.1928 0.1993 
         689  1 0.1985 0.2012 0.1911 0.2034 0.2058 
         690  1 0.2074 0.1938 0.2001 0.1978 0.2010 
         691  1 0.1990 0.2045 0.1957 0.2012 0.1996 
         692  1 0.2021 0.2008 0.1963 0.2028 0.1980 
         693  1 0.1971 0.1923 0.2025 0.2052 0.2029 
         694  1 0.1980 0.1995 0.2007 0.2001 0.2017 
         695  1 0.2073 0.1944 0.2107 0.1974 0.1902 
         696  1 0.2048 0.1979 0.2021 0.1956 0.1996 
         697  1 0.2012 0.1885 0.2186 0.1925 0.1991 
         698  1 0.1983 0.1971 0.1994 0.2015 0.2036 
         699  1 0.2033 0.1994 0.2062 0.1983 0.1929 
         700  1 0.1997 0.1995 0.2011 0.1961 0.2036 
         701  1 0.2099 0.1975 0.1988 0.1946 0.1991 
         702  1 0.1967 0.1990 0.2074 0.1997 0.1972 
         703  1 0.1990 0.1914 0.2073 0.2020 0.2004 
         704  1 0.2033 0.2074 0.1957 0.1946 0.1990 
         705  1 0.2000 0.2042 0.1963 0.1994 0.2001 
         706  1 0.2011 0.2034 0.1958 0.2015 0.1982 
         707  1 0.1963 0.2008 0.1925 0.2043 0.2061 
         708  1 0.1968 0.2021 0.2046 0.2002 0.1963 
         709  1 0.2000 0.1935 0.2134 0.1993 0.1939 
         710  1 0.2006 0.2012 0.1985 0.1986 0.2011 
         711  1 0.1969 0.1991 0.1992 0.2055 0.1993 
         712  1 0.2036 0.1977 0.1987 0.1982 0.2018 
         713  1 0.2019 0.1967 0.2001 0.1982 0.2031 
         714  1 0.2042 0.1908 0.2067 0.1982 0.2001 
         715  1 0.2019 0.2008 0.1955 0.2012 0.2007 
         716  1 0.1999 0.2029 0.1952 0.1988 0.2032 
         717  1 0.1993 0.1981 0.2055 0.1996 0.1975 
         718  1 0.1998 0.1948 0.2133 0.1961 0.1959 
         719  1 0.2015 0.2024 0.1901 0.2010 0.2050 
         720  1 0.2031 0.2028 0.1938 0.1976 0.2027 
         721  1 0.1997 0.1892 0.2121 0.2052 0.1939 
         722  1 0.2005 0.1975 0.1984 0.2023 0.2013 
         723  1 0.1999 0.1900 0.2107 0.1991 0.2003 
         724  1 0.2061 0.1950 0.2034 0.2004 0.1950 
         725  1 0.1951 0.1956 0.2086 0.2027 0.1979 
         726  1 0.2008 0.2050 0.1965 0.1983 0.1994 
         727  1 0.2044 0.1956 0.2018 0.1980 0.2002 
         728  1 0.1951 0.1992 0.1973 0.2052 0.2033 
         729  1 0.2036 0.2021 0.1953 0.1963 0.2027 
         730  1 0.2007 0.2067 0.1954 0.1981 0.1990 
         731  1 0.2001 0.1923 0.2119 0.2001 0.1957 
         732  1 0.1961 0.2027 0.1958 0.2020 0.2034 
         733  1 0.1967 0.2031 0.1978 0.2006 0.2017 
         734  1 0.2010 0.2012 0.1944 0.1990 0.2044 
         735  1 0.1940 0.1959 0.2013 0.2012 0.2076 
         736  1 0.1977 0.2050 0.1979 0.2012 0.1982 
         737  1 0.1922 0.2031 0.1952 0.2056 0.2039 
         738  1 0.2096 0.1907 0.2154 0.1955 0.1887 
         739  1 0.1975 0.1991 0.2004 0.2028 0.2002 
         740  1 0.1941 0.1946 0.2034 0.2017 0.2061 
         741  1 0.1966 0.1982 0.2078 0.2003 0.1971 
         742  1 0.2031 0.1974 0.2017 0.2004 0.1973 
         743  1 0.2009 0.2006 0.1974 0.2016 0.1995 
         744  1 0.2077 0.1982 0.1957 0.1925 0.2059 
         745  1 0.2004 0.1980 0.1975 0.2029 0.2012 
         746  1 0.1968 0.2039 0.1939 0.2046 0.2008 
         747  1 0.2006 0.2070 0.1926 0.1965 0.2034 
         748  1 0.2022 0.1965 0.2036 0.2022 0.1955 
         749  1 0.2057 0.1977 0.2064 0.1957 0.1944 
         750  1 0.2068 0.2067 0.1965 0.1962 0.1939 
         751  1 0.1988 0.1953 0.2077 0.1950 0.2032 
         752  1 0.1916 0.1943 0.2004 0.2068 0.2069 
         753  1 0.2064 0.1945 0.2012 0.1985 0.1995 
         754  1 0.2057 0.1928 0.2129 0.1896 0.1991 
         755  1 0.1992 0.2005 0.2001 0.1995 0.2008 
         756  1 0.1939 0.2053 0.1985 0.2010 0.2014 
         757  1 0.2032 0.1997 0.1981 0.1954 0.2036 
         758  1 0.2018 0.1993 0.1964 0.2010 0.2015 
         759  1 0.1997 0.2024 0.1997 0.1975 0.2007 
         760  1 0.1998 0.2033 0.1970 0.1996 0.2002 
         761  1 0.1978 0.2075 0.1931 0.1975 0.2042 
         762  1 0.2015 0.2002 0.2041 0.1966 0.1975 
         763  1 0.2021 0.2000 0.1988 0.2030 0.1961 
         764  1 0.2005 0.2012 0.1928 0.2019 0.2036 
         765  1 0.2027 0.1972 0.2046 0.1936 0.2019 
         766  1 0.1981 0.2040 0.2006 0.1998 0.1975 
         767  1 0.1965 0.1982 0.2008 0.2008 0.2038 
         768  1 0.1982 0.2029 0.2007 0.2009 0.1972 
         769  1 0.1976 0.1952 0.2042 0.2047 0.1984 
