           1  1 0.3161 0.3355 0.3484 
           2  1 0.2964 0.3613 0.3423 
           3  1 0.3195 0.3282 0.3523 
           4  1 0.3148 0.3500 0.3352 
           5  1 0.3222 0.3332 0.3446 
           6  1 0.3150 0.3322 0.3527 
           7  1 0.3104 0.3435 0.3461 
           8  1 0.3323 0.3161 0.3516 
           9  1 0.3425 0.3353 0.3222 
          10  1 0.3183 0.3454 0.3363 
          11  1 0.3634 0.3246 0.3119 
          12  1 0.3582 0.3247 0.3171 
          13  1 0.3264 0.3210 0.3526 
          14  1 0.3048 0.3231 0.3721 
          15  1 0.3078 0.3476 0.3446 
          16  1 0.3305 0.3354 0.3341 
          17  1 0.3528 0.3308 0.3164 
          18  1 0.3579 0.3249 0.3172 
          19  1 0.3225 0.3440 0.3335 
          20  1 0.3386 0.3294 0.3320 
          21  1 0.3350 0.3187 0.3464 
          22  1 0.3404 0.3268 0.3328 
          23  1 0.3088 0.3460 0.3451 
          24  1 0.2993 0.3475 0.3532 
          25  1 0.3237 0.3419 0.3345 
          26  1 0.3476 0.3362 0.3162 
          27  1 0.3264 0.3289 0.3447 
          28  1 0.3464 0.3324 0.3212 
          29  1 0.3377 0.3327 0.3295 
          30  1 0.3271 0.3388 0.3341 
          31  1 0.3473 0.3146 0.3381 
          32  1 0.3404 0.3355 0.3241 
          33  1 0.3576 0.3213 0.3211 
          34  1 0.3432 0.3324 0.3244 
          35  1 0.3390 0.3348 0.3262 
          36  1 0.3392 0.3373 0.3235 
          37  1 0.3395 0.3336 0.3269 
          38  1 0.3313 0.3437 0.3249 
          39  1 0.3494 0.3164 0.3342 
          40  1 0.3325 0.3344 0.3331 
          41  1 0.3447 0.3325 0.3227 
          42  1 0.3468 0.3299 0.3233 
          43  1 0.3239 0.3464 0.3297 
          44  1 0.3390 0.3300 0.3311 
          45  1 0.3252 0.3310 0.3438 
          46  1 0.3291 0.3296 0.3413 
          47  1 0.3275 0.3334 0.3392 
          48  1 0.3286 0.3367 0.3347 
          49  1 0.3558 0.3297 0.3145 
          50  1 0.3140 0.3245 0.3615 
          51  1 0.3408 0.3394 0.3198 
          52  1 0.3284 0.3460 0.3256 
          53  1 0.3311 0.3434 0.3255 
          54  1 0.3422 0.3420 0.3157 
          55  1 0.3670 0.3227 0.3103 
          56  1 0.3355 0.3136 0.3509 
          57  1 0.3811 0.3150 0.3040 
          58  1 0.3439 0.3375 0.3186 
          59  1 0.3166 0.3486 0.3348 
          60  1 0.3153 0.3426 0.3421 
          61  1 0.3203 0.3303 0.3494 
          62  1 0.3402 0.3182 0.3415 
          63  1 0.3349 0.3165 0.3485 
          64  1 0.3544 0.3345 0.3111 
          65  1 0.3297 0.3364 0.3340 
          66  1 0.3023 0.3501 0.3476 
          67  1 0.3371 0.3370 0.3258 
          68  1 0.3513 0.3245 0.3242 
          69  1 0.3470 0.3282 0.3248 
          70  1 0.3356 0.3334 0.3310 
          71  1 0.3245 0.3351 0.3403 
          72  1 0.3539 0.3290 0.3171 
          73  1 0.3487 0.3262 0.3251 
          74  1 0.3171 0.3475 0.3354 
          75  1 0.3255 0.3193 0.3552 
          76  1 0.3287 0.3392 0.3321 
          77  1 0.3362 0.3296 0.3342 
          78  1 0.3271 0.3424 0.3305 
          79  1 0.3142 0.3383 0.3474 
          80  1 0.3128 0.3354 0.3518 
          81  1 0.3574 0.3148 0.3278 
          82  1 0.3300 0.3413 0.3287 
          83  1 0.3565 0.3280 0.3156 
          84  1 0.3316 0.3239 0.3444 
          85  1 0.3078 0.3379 0.3543 
          86  1 0.3316 0.3395 0.3289 
          87  1 0.3356 0.3353 0.3292 
          88  1 0.3362 0.3399 0.3238 
          89  1 0.3416 0.3257 0.3327 
          90  1 0.3267 0.3456 0.3277 
          91  1 0.3587 0.3276 0.3137 
          92  1 0.3357 0.3177 0.3466 
          93  1 0.3442 0.3322 0.3237 
          94  1 0.3424 0.3411 0.3165 
          95  1 0.3234 0.3527 0.3239 
          96  1 0.3322 0.3333 0.3345 
          97  1 0.3562 0.3313 0.3125 
          98  1 0.3644 0.3234 0.3121 
          99  1 0.3183 0.3447 0.3370 
         100  1 0.3474 0.3294 0.3232 
         101  1 0.3483 0.3290 0.3227 
         102  1 0.3352 0.3244 0.3405 
         103  1 0.3605 0.3262 0.3133 
         104  1 0.3455 0.3266 0.3279 
         105  1 0.3447 0.3308 0.3245 
         106  1 0.3328 0.3380 0.3292 
         107  1 0.3102 0.3511 0.3387 
         108  1 0.3304 0.3465 0.3231 
         109  1 0.2799 0.3515 0.3686 
         110  1 0.2932 0.3526 0.3542 
         111  1 0.3046 0.3428 0.3526 
         112  1 0.3325 0.3314 0.3361 
         113  1 0.3250 0.3417 0.3333 
         114  1 0.3444 0.3244 0.3312 
         115  1 0.3382 0.3351 0.3267 
         116  1 0.3481 0.3296 0.3224 
         117  1 0.3495 0.3378 0.3127 
         118  1 0.3486 0.3237 0.3277 
         119  1 0.3466 0.3253 0.3281 
         120  1 0.3288 0.3292 0.3420 
         121  1 0.3192 0.3318 0.3490 
         122  1 0.3340 0.3391 0.3269 
         123  1 0.3236 0.3496 0.3268 
         124  1 0.3269 0.3421 0.3310 
         125  1 0.3029 0.3413 0.3557 
         126  1 0.3339 0.3223 0.3438 
         127  1 0.3274 0.3310 0.3417 
         128  1 0.3455 0.3274 0.3271 
         129  1 0.3370 0.3379 0.3251 
         130  1 0.3283 0.3422 0.3296 
         131  1 0.3360 0.3295 0.3345 
         132  1 0.3040 0.3433 0.3527 
         133  1 0.3284 0.3311 0.3405 
         134  1 0.3052 0.3266 0.3682 
         135  1 0.3396 0.3355 0.3250 
         136  1 0.3476 0.3310 0.3214 
         137  1 0.3353 0.3432 0.3215 
         138  1 0.3253 0.3414 0.3333 
         139  1 0.3371 0.3367 0.3262 
         140  1 0.3575 0.3185 0.3239 
         141  1 0.2997 0.3487 0.3516 
         142  1 0.3529 0.3321 0.3151 
         143  1 0.3249 0.3279 0.3473 
         144  1 0.3295 0.3364 0.3341 
         145  1 0.3582 0.3259 0.3159 
         146  1 0.3389 0.3362 0.3250 
         147  1 0.3428 0.3210 0.3361 
         148  1 0.3371 0.3301 0.3329 
         149  1 0.3019 0.3394 0.3587 
         150  1 0.3227 0.3448 0.3325 
         151  1 0.3552 0.3323 0.3125 
         152  1 0.2981 0.3555 0.3464 
         153  1 0.3401 0.3344 0.3255 
         154  1 0.3243 0.3299 0.3457 
         155  1 0.3563 0.3254 0.3183 
         156  1 0.3695 0.3179 0.3126 
         157  1 0.3030 0.3360 0.3610 
         158  1 0.3261 0.3393 0.3346 
         159  1 0.3226 0.3227 0.3546 
         160  1 0.3382 0.3286 0.3332 
         161  1 0.3335 0.3310 0.3355 
         162  1 0.3454 0.3316 0.3231 
         163  1 0.3412 0.3316 0.3272 
         164  1 0.3185 0.3413 0.3402 
         165  1 0.3295 0.3347 0.3359 
         166  1 0.3488 0.3339 0.3173 
         167  1 0.3143 0.3449 0.3407 
         168  1 0.3529 0.3241 0.3230 
         169  1 0.3447 0.3315 0.3238 
         170  1 0.3492 0.3176 0.3332 
         171  1 0.3379 0.3078 0.3542 
         172  1 0.3305 0.3397 0.3298 
         173  1 0.3201 0.3351 0.3448 
         174  1 0.3123 0.3430 0.3447 
         175  1 0.3341 0.3404 0.3256 
         176  1 0.3336 0.3394 0.3270 
         177  1 0.3292 0.3290 0.3418 
         178  1 0.3503 0.3223 0.3274 
         179  1 0.3251 0.3354 0.3395 
         180  1 0.3186 0.3327 0.3486 
         181  1 0.3544 0.3179 0.3277 
         182  1 0.3507 0.3326 0.3166 
         183  1 0.3223 0.3476 0.3302 
         184  1 0.3348 0.3276 0.3375 
         185  1 0.3555 0.3288 0.3157 
         186  1 0.3431 0.3298 0.3272 
         187  1 0.3372 0.3307 0.3322 
         188  1 0.3521 0.3247 0.3232 
         189  1 0.3373 0.3316 0.3311 
         190  1 0.3342 0.3317 0.3341 
         191  1 0.3127 0.3268 0.3605 
         192  1 0.3231 0.3370 0.3399 
         193  1 0.3381 0.3295 0.3324 
         194  1 0.3317 0.3325 0.3358 
         195  1 0.3306 0.3354 0.3340 
         196  1 0.3544 0.3218 0.3239 
         197  1 0.3498 0.3274 0.3229 
         198  1 0.3164 0.3415 0.3421 
         199  1 0.3142 0.3373 0.3485 
         200  1 0.3433 0.3285 0.3282 
         201  1 0.3559 0.3350 0.3091 
         202  1 0.3325 0.3329 0.3346 
         203  1 0.3439 0.3300 0.3261 
         204  1 0.3138 0.3442 0.3419 
         205  1 0.3358 0.3225 0.3417 
         206  1 0.3231 0.3317 0.3452 
         207  1 0.3256 0.3376 0.3368 
         208  1 0.3176 0.3509 0.3315 
         209  1 0.3427 0.3403 0.3170 
         210  1 0.3329 0.3116 0.3555 
         211  1 0.2882 0.3541 0.3577 
         212  1 0.3651 0.3251 0.3098 
         213  1 0.3104 0.3421 0.3475 
         214  1 0.3255 0.3395 0.3350 
         215  1 0.3335 0.3347 0.3317 
         216  1 0.3474 0.3214 0.3312 
         217  1 0.3321 0.3288 0.3391 
         218  1 0.2971 0.3346 0.3684 
         219  1 0.3164 0.3439 0.3397 
         220  1 0.2952 0.3446 0.3602 
         221  1 0.3254 0.3422 0.3323 
         222  1 0.3362 0.3330 0.3308 
         223  1 0.3218 0.3544 0.3238 
         224  1 0.3268 0.3399 0.3333 
         225  1 0.3327 0.3260 0.3413 
         226  1 0.3312 0.3259 0.3429 
         227  1 0.3161 0.3497 0.3343 
         228  1 0.3276 0.3361 0.3363 
         229  1 0.3512 0.3279 0.3208 
         230  1 0.3589 0.3137 0.3275 
         231  1 0.3730 0.3183 0.3087 
         232  1 0.3537 0.3260 0.3202 
         233  1 0.3343 0.3322 0.3334 
         234  1 0.3532 0.3158 0.3309 
         235  1 0.3721 0.3239 0.3040 
         236  1 0.3172 0.3321 0.3507 
         237  1 0.3542 0.3248 0.3210 
         238  1 0.3379 0.3306 0.3314 
         239  1 0.3439 0.3276 0.3285 
         240  1 0.3161 0.3439 0.3400 
         241  1 0.3666 0.3279 0.3054 
         242  1 0.3528 0.3252 0.3220 
         243  1 0.3181 0.3341 0.3478 
         244  1 0.3286 0.3338 0.3377 
         245  1 0.3246 0.3376 0.3378 
         246  1 0.3349 0.3226 0.3425 
         247  1 0.3186 0.3415 0.3399 
         248  1 0.3599 0.3210 0.3191 
         249  1 0.3259 0.3411 0.3330 
         250  1 0.3493 0.3196 0.3311 
         251  1 0.3553 0.3200 0.3247 
         252  1 0.3328 0.3178 0.3494 
         253  1 0.3161 0.3472 0.3367 
         254  1 0.3315 0.3362 0.3323 
         255  1 0.3184 0.3338 0.3478 
         256  1 0.3388 0.3307 0.3306 
         257  1 0.3125 0.3333 0.3543 
         258  1 0.3211 0.3330 0.3459 
         259  1 0.3199 0.3417 0.3385 
         260  1 0.3276 0.3319 0.3405 
         261  1 0.3300 0.3471 0.3228 
         262  1 0.3114 0.3334 0.3552 
         263  1 0.3680 0.3140 0.3180 
         264  1 0.3298 0.3416 0.3286 
         265  1 0.3435 0.3332 0.3233 
         266  1 0.3491 0.3223 0.3285 
         267  1 0.3392 0.3290 0.3317 
         268  1 0.3180 0.3487 0.3333 
         269  1 0.3041 0.3508 0.3451 
         270  1 0.3259 0.3443 0.3298 
         271  1 0.3495 0.3235 0.3271 
         272  1 0.3427 0.3208 0.3365 
         273  1 0.3619 0.3153 0.3228 
         274  1 0.3341 0.3267 0.3392 
         275  1 0.3083 0.3443 0.3475 
         276  1 0.3032 0.3470 0.3498 
         277  1 0.3282 0.3389 0.3330 
         278  1 0.3183 0.3483 0.3335 
         279  1 0.3253 0.3241 0.3506 
         280  1 0.3255 0.3369 0.3376 
         281  1 0.3767 0.3127 0.3107 
         282  1 0.3569 0.3160 0.3272 
         283  1 0.3195 0.3290 0.3515 
         284  1 0.3315 0.3440 0.3245 
         285  1 0.3606 0.3230 0.3164 
         286  1 0.3019 0.3445 0.3537 
         287  1 0.3602 0.3146 0.3252 
         288  1 0.3521 0.3155 0.3325 
         289  1 0.3675 0.3241 0.3083 
         290  1 0.3434 0.3285 0.3281 
         291  1 0.3196 0.3317 0.3486 
         292  1 0.3568 0.3209 0.3223 
         293  1 0.3562 0.3244 0.3194 
         294  1 0.3552 0.3237 0.3210 
         295  1 0.3419 0.3326 0.3254 
         296  1 0.3251 0.3461 0.3288 
         297  1 0.3376 0.3373 0.3251 
         298  1 0.3413 0.3387 0.3200 
         299  1 0.3490 0.3315 0.3194 
         300  1 0.2962 0.3561 0.3478 
         301  1 0.3351 0.3369 0.3280 
         302  1 0.3368 0.3279 0.3353 
         303  1 0.3111 0.3352 0.3537 
         304  1 0.3075 0.3390 0.3535 
         305  1 0.3208 0.3337 0.3455 
         306  1 0.3244 0.3280 0.3476 
         307  1 0.3339 0.3478 0.3183 
         308  1 0.3472 0.3191 0.3338 
         309  1 0.3629 0.3192 0.3179 
         310  1 0.3377 0.3233 0.3390 
         311  1 0.3302 0.3257 0.3441 
         312  1 0.3211 0.3260 0.3529 
         313  1 0.3330 0.3278 0.3391 
         314  1 0.3411 0.3437 0.3152 
         315  1 0.3207 0.3388 0.3405 
         316  1 0.3307 0.3437 0.3256 
         317  1 0.3263 0.3519 0.3218 
         318  1 0.3483 0.3276 0.3241 
         319  1 0.2974 0.3396 0.3630 
         320  1 0.3283 0.3409 0.3308 
         321  1 0.3248 0.3365 0.3386 
         322  1 0.3609 0.3145 0.3246 
         323  1 0.3279 0.3501 0.3220 
         324  1 0.3028 0.3561 0.3410 
         325  1 0.3411 0.3460 0.3129 
         326  1 0.3138 0.3272 0.3590 
         327  1 0.3363 0.3345 0.3291 
         328  1 0.3341 0.3320 0.3339 
         329  1 0.3294 0.3299 0.3407 
         330  1 0.3481 0.3166 0.3354 
         331  1 0.3225 0.3457 0.3319 
         332  1 0.3300 0.3299 0.3401 
         333  1 0.3283 0.3289 0.3428 
         334  1 0.3422 0.3259 0.3320 
         335  1 0.3676 0.3249 0.3075 
         336  1 0.3371 0.3414 0.3214 
         337  1 0.3415 0.3325 0.3260 
         338  1 0.3442 0.3220 0.3338 
         339  1 0.3278 0.3336 0.3385 
         340  1 0.3120 0.3417 0.3463 
         341  1 0.3222 0.3352 0.3426 
         342  1 0.3305 0.3384 0.3312 
         343  1 0.3466 0.3230 0.3304 
         344  1 0.3395 0.3368 0.3238 
         345  1 0.3488 0.3277 0.3235 
         346  1 0.3154 0.3360 0.3486 
         347  1 0.3254 0.3263 0.3483 
         348  1 0.3232 0.3282 0.3486 
         349  1 0.3336 0.3258 0.3407 
         350  1 0.3204 0.3511 0.3285 
         351  1 0.3332 0.3334 0.3334 
         352  1 0.3554 0.3368 0.3079 
         353  1 0.3323 0.3272 0.3405 
         354  1 0.3372 0.3324 0.3305 
         355  1 0.3577 0.3300 0.3123 
         356  1 0.3414 0.3229 0.3357 
         357  1 0.3145 0.3177 0.3678 
         358  1 0.3159 0.3360 0.3481 
         359  1 0.2948 0.3372 0.3680 
         360  1 0.3455 0.3307 0.3238 
         361  1 0.3096 0.3518 0.3386 
         362  1 0.3338 0.3255 0.3407 
         363  1 0.3449 0.3295 0.3255 
         364  1 0.3325 0.3339 0.3336 
         365  1 0.3340 0.3362 0.3298 
         366  1 0.3393 0.3361 0.3246 
         367  1 0.3386 0.3349 0.3265 
         368  1 0.3793 0.3176 0.3031 
         369  1 0.3361 0.3441 0.3199 
         370  1 0.3355 0.3325 0.3321 
         371  1 0.3277 0.3349 0.3374 
         372  1 0.3415 0.3250 0.3335 
         373  1 0.3355 0.3302 0.3344 
         374  1 0.3140 0.3422 0.3438 
         375  1 0.3180 0.3463 0.3357 
         376  1 0.3527 0.3232 0.3240 
         377  1 0.3320 0.3421 0.3259 
         378  1 0.3260 0.3235 0.3504 
         379  1 0.3516 0.3244 0.3241 
         380  1 0.3696 0.3226 0.3078 
         381  1 0.3213 0.3437 0.3350 
         382  1 0.3276 0.3421 0.3303 
         383  1 0.3150 0.3369 0.3481 
         384  1 0.3400 0.3208 0.3392 
         385  1 0.3144 0.3436 0.3420 
         386  1 0.3161 0.3450 0.3389 
         387  1 0.3381 0.3165 0.3454 
         388  1 0.3596 0.3195 0.3209 
         389  1 0.3433 0.3224 0.3343 
         390  1 0.3132 0.3528 0.3340 
         391  1 0.3396 0.3325 0.3279 
         392  1 0.3475 0.3277 0.3248 
         393  1 0.3407 0.3321 0.3272 
         394  1 0.3143 0.3349 0.3508 
         395  1 0.3176 0.3337 0.3487 
         396  1 0.3412 0.3343 0.3246 
         397  1 0.3204 0.3383 0.3413 
         398  1 0.3269 0.3493 0.3239 
         399  1 0.3564 0.3308 0.3128 
         400  1 0.3378 0.3243 0.3379 
         401  1 0.3217 0.3415 0.3369 
         402  1 0.3409 0.3335 0.3255 
         403  1 0.3449 0.3148 0.3403 
         404  1 0.3339 0.3312 0.3349 
         405  1 0.3345 0.3395 0.3260 
         406  1 0.3109 0.3501 0.3389 
         407  1 0.3281 0.3227 0.3493 
         408  1 0.3394 0.3376 0.3230 
         409  1 0.3237 0.3410 0.3353 
         410  1 0.3251 0.3294 0.3455 
         411  1 0.3081 0.3599 0.3320 
         412  1 0.3389 0.3350 0.3261 
         413  1 0.3338 0.3330 0.3332 
         414  1 0.3694 0.3203 0.3104 
         415  1 0.3252 0.3306 0.3442 
         416  1 0.3390 0.3305 0.3305 
         417  1 0.3339 0.3284 0.3377 
         418  1 0.3201 0.3341 0.3458 
         419  1 0.3382 0.3275 0.3344 
         420  1 0.3209 0.3389 0.3401 
         421  1 0.3131 0.3205 0.3664 
         422  1 0.3355 0.3295 0.3349 
         423  1 0.3361 0.3277 0.3363 
         424  1 0.3403 0.3455 0.3142 
         425  1 0.3692 0.3086 0.3222 
         426  1 0.3258 0.3294 0.3448 
         427  1 0.3429 0.3279 0.3292 
         428  1 0.3452 0.3290 0.3258 
         429  1 0.3384 0.3333 0.3283 
         430  1 0.3451 0.3307 0.3241 
         431  1 0.3314 0.3373 0.3313 
         432  1 0.3550 0.3224 0.3226 
         433  1 0.3641 0.3273 0.3086 
         434  1 0.3247 0.3320 0.3432 
         435  1 0.3434 0.3347 0.3219 
         436  1 0.3173 0.3354 0.3474 
         437  1 0.3231 0.3207 0.3561 
         438  1 0.3282 0.3364 0.3354 
         439  1 0.3381 0.3244 0.3375 
         440  1 0.3466 0.3250 0.3284 
         441  1 0.3465 0.3318 0.3217 
         442  1 0.3328 0.3382 0.3290 
         443  1 0.3210 0.3406 0.3384 
         444  1 0.3418 0.3283 0.3299 
         445  1 0.3328 0.3354 0.3318 
         446  1 0.3357 0.3347 0.3296 
         447  1 0.3359 0.3346 0.3295 
         448  1 0.3456 0.3288 0.3257 
         449  1 0.3229 0.3361 0.3410 
         450  1 0.3487 0.3340 0.3172 
         451  1 0.3508 0.3227 0.3264 
         452  1 0.3315 0.3368 0.3317 
         453  1 0.3156 0.3559 0.3284 
         454  1 0.3390 0.3305 0.3305 
         455  1 0.3459 0.3247 0.3294 
         456  1 0.3452 0.3192 0.3356 
         457  1 0.3239 0.3412 0.3350 
         458  1 0.3295 0.3436 0.3268 
         459  1 0.3577 0.3320 0.3103 
         460  1 0.3464 0.3285 0.3251 
         461  1 0.3506 0.3357 0.3137 
         462  1 0.3342 0.3333 0.3325 
         463  1 0.3316 0.3364 0.3320 
         464  1 0.3249 0.3440 0.3312 
         465  1 0.3063 0.3527 0.3410 
         466  1 0.3234 0.3418 0.3348 
         467  1 0.3374 0.3382 0.3244 
         468  1 0.3454 0.3267 0.3279 
         469  1 0.3245 0.3534 0.3221 
         470  1 0.3485 0.3185 0.3330 
         471  1 0.3421 0.3144 0.3436 
         472  1 0.3510 0.3300 0.3190 
         473  1 0.3091 0.3390 0.3519 
         474  1 0.3388 0.3277 0.3335 
         475  1 0.3279 0.3282 0.3439 
         476  1 0.3260 0.3520 0.3220 
         477  1 0.3336 0.3477 0.3187 
         478  1 0.3465 0.3219 0.3316 
         479  1 0.3553 0.3254 0.3193 
         480  1 0.3264 0.3282 0.3454 
         481  1 0.3290 0.3477 0.3233 
         482  1 0.3505 0.3370 0.3124 
         483  1 0.3077 0.3539 0.3385 
         484  1 0.3282 0.3370 0.3348 
         485  1 0.3475 0.3293 0.3231 
         486  1 0.3397 0.3287 0.3315 
         487  1 0.3016 0.3360 0.3624 
         488  1 0.3207 0.3289 0.3504 
         489  1 0.3142 0.3352 0.3506 
         490  1 0.3340 0.3344 0.3316 
         491  1 0.3436 0.3198 0.3367 
         492  1 0.3496 0.3319 0.3185 
         493  1 0.3274 0.3310 0.3416 
         494  1 0.3361 0.3360 0.3279 
         495  1 0.3162 0.3358 0.3480 
         496  1 0.3379 0.3360 0.3261 
         497  1 0.3322 0.3235 0.3443 
         498  1 0.3345 0.3217 0.3439 
         499  1 0.3110 0.3385 0.3505 
         500  1 0.3502 0.3240 0.3257 
         501  1 0.2840 0.3555 0.3605 
         502  1 0.3200 0.3427 0.3373 
         503  1 0.3148 0.3514 0.3338 
         504  1 0.3397 0.3289 0.3315 
         505  1 0.3236 0.3240 0.3525 
         506  1 0.3341 0.3296 0.3363 
         507  1 0.3222 0.3335 0.3443 
         508  1 0.3439 0.3394 0.3167 
         509  1 0.3411 0.3291 0.3297 
         510  1 0.3518 0.3245 0.3237 
         511  1 0.3402 0.3333 0.3265 
         512  1 0.3199 0.3277 0.3524 
         513  1 0.3407 0.3293 0.3300 
         514  1 0.3579 0.3258 0.3163 
         515  1 0.3236 0.3399 0.3365 
         516  1 0.3368 0.3286 0.3346 
         517  1 0.3431 0.3245 0.3324 
         518  1 0.3199 0.3367 0.3433 
         519  1 0.3320 0.3388 0.3292 
         520  1 0.3399 0.3103 0.3498 
         521  1 0.2971 0.3395 0.3634 
         522  1 0.3223 0.3395 0.3381 
         523  1 0.3387 0.3375 0.3238 
         524  1 0.3159 0.3432 0.3409 
         525  1 0.3437 0.3369 0.3194 
         526  1 0.3182 0.3387 0.3431 
         527  1 0.3239 0.3520 0.3241 
         528  1 0.3232 0.3454 0.3314 
         529  1 0.3295 0.3374 0.3331 
         530  1 0.3490 0.3335 0.3175 
         531  1 0.3580 0.3169 0.3251 
         532  1 0.3397 0.3378 0.3225 
         533  1 0.3375 0.3476 0.3149 
         534  1 0.3418 0.3433 0.3149 
         535  1 0.3291 0.3372 0.3337 
         536  1 0.3631 0.3174 0.3195 
         537  1 0.3230 0.3384 0.3386 
         538  1 0.3272 0.3286 0.3442 
         539  1 0.3330 0.3187 0.3483 
         540  1 0.3195 0.3339 0.3466 
         541  1 0.3533 0.3244 0.3223 
         542  1 0.3406 0.3264 0.3330 
         543  1 0.3226 0.3383 0.3390 
         544  1 0.3257 0.3208 0.3535 
         545  1 0.3321 0.3245 0.3435 
         546  1 0.3229 0.3439 0.3332 
         547  1 0.3147 0.3403 0.3450 
         548  1 0.3360 0.3329 0.3311 
         549  1 0.3348 0.3314 0.3338 
         550  1 0.3431 0.3340 0.3229 
         551  1 0.3124 0.3455 0.3422 
         552  1 0.3296 0.3330 0.3374 
         553  1 0.3140 0.3322 0.3538 
         554  1 0.3416 0.3352 0.3232 
         555  1 0.3386 0.3304 0.3310 
         556  1 0.3363 0.3379 0.3259 
         557  1 0.3193 0.3450 0.3357 
         558  1 0.3145 0.3476 0.3380 
         559  1 0.3359 0.3366 0.3275 
         560  1 0.3376 0.3208 0.3417 
         561  1 0.3481 0.3296 0.3223 
         562  1 0.3308 0.3231 0.3462 
         563  1 0.3371 0.3265 0.3364 
         564  1 0.3260 0.3332 0.3408 
         565  1 0.3325 0.3370 0.3305 
         566  1 0.3713 0.3228 0.3059 
         567  1 0.3561 0.3239 0.3200 
         568  1 0.3029 0.3442 0.3529 
         569  1 0.3468 0.3279 0.3253 
         570  1 0.3118 0.3378 0.3504 
         571  1 0.3737 0.3161 0.3103 
         572  1 0.3300 0.3364 0.3336 
         573  1 0.3247 0.3465 0.3288 
         574  1 0.3345 0.3362 0.3292 
         575  1 0.3373 0.3294 0.3333 
         576  1 0.3303 0.3391 0.3306 
         577  1 0.3114 0.3466 0.3420 
         578  1 0.3322 0.3364 0.3313 
         579  1 0.3225 0.3455 0.3319 
         580  1 0.3617 0.3238 0.3145 
         581  1 0.3077 0.3374 0.3550 
         582  1 0.3460 0.3230 0.3310 
         583  1 0.3710 0.3126 0.3164 
         584  1 0.3278 0.3405 0.3317 
         585  1 0.3732 0.3147 0.3121 
         586  1 0.3187 0.3318 0.3495 
         587  1 0.3616 0.3317 0.3067 
         588  1 0.3256 0.3411 0.3334 
         589  1 0.3440 0.3260 0.3300 
         590  1 0.3354 0.3198 0.3448 
         591  1 0.3342 0.3295 0.3363 
         592  1 0.3578 0.3204 0.3219 
         593  1 0.3352 0.3315 0.3333 
         594  1 0.3412 0.3160 0.3428 
         595  1 0.3375 0.3319 0.3306 
         596  1 0.3148 0.3281 0.3571 
         597  1 0.3366 0.3260 0.3374 
         598  1 0.3833 0.3154 0.3013 
         599  1 0.3401 0.3385 0.3214 
         600  1 0.3419 0.3350 0.3231 
         601  1 0.3190 0.3505 0.3305 
         602  1 0.3351 0.3270 0.3378 
         603  1 0.3514 0.3313 0.3172 
         604  1 0.3140 0.3536 0.3325 
         605  1 0.3154 0.3353 0.3493 
         606  1 0.3439 0.3285 0.3276 
         607  1 0.3029 0.3323 0.3648 
         608  1 0.3136 0.3545 0.3319 
         609  1 0.3262 0.3381 0.3357 
         610  1 0.3351 0.3282 0.3366 
         611  1 0.3144 0.3383 0.3473 
         612  1 0.3525 0.3391 0.3083 
         613  1 0.3420 0.3313 0.3267 
         614  1 0.3409 0.3245 0.3346 
         615  1 0.3510 0.3281 0.3209 
         616  1 0.3386 0.3301 0.3313 
         617  1 0.3380 0.3318 0.3303 
         618  1 0.3326 0.3457 0.3217 
         619  1 0.3295 0.3245 0.3460 
         620  1 0.3238 0.3211 0.3551 
         621  1 0.3349 0.3161 0.3489 
         622  1 0.3239 0.3412 0.3348 
         623  1 0.3454 0.3347 0.3199 
         624  1 0.3217 0.3228 0.3555 
         625  1 0.3536 0.3289 0.3175 
         626  1 0.3655 0.3290 0.3055 
         627  1 0.3218 0.3290 0.3492 
         628  1 0.3170 0.3409 0.3421 
         629  1 0.3358 0.3384 0.3258 
         630  1 0.3243 0.3210 0.3547 
         631  1 0.3227 0.3408 0.3365 
         632  1 0.3624 0.3268 0.3108 
         633  1 0.3345 0.3326 0.3328 
         634  1 0.3520 0.3282 0.3198 
         635  1 0.3098 0.3456 0.3446 
         636  1 0.3291 0.3353 0.3356 
         637  1 0.3506 0.3295 0.3199 
         638  1 0.3426 0.3253 0.3321 
         639  1 0.3433 0.3280 0.3287 
         640  1 0.3431 0.3308 0.3260 
         641  1 0.3379 0.3257 0.3365 
         642  1 0.3323 0.3355 0.3323 
         643  1 0.3402 0.3287 0.3311 
         644  1 0.3192 0.3393 0.3415 
         645  1 0.3228 0.3326 0.3446 
         646  1 0.3480 0.3041 0.3479 
         647  1 0.3225 0.3475 0.3300 
         648  1 0.3304 0.3364 0.3332 
         649  1 0.3368 0.3364 0.3268 
         650  1 0.3170 0.3356 0.3474 
         651  1 0.3411 0.3278 0.3311 
         652  1 0.3284 0.3482 0.3234 
         653  1 0.3298 0.3240 0.3462 
         654  1 0.3437 0.3227 0.3336 
         655  1 0.3540 0.3346 0.3114 
         656  1 0.3200 0.3528 0.3272 
         657  1 0.3319 0.3372 0.3309 
         658  1 0.3237 0.3403 0.3360 
         659  1 0.3417 0.3317 0.3266 
         660  1 0.3377 0.3324 0.3300 
         661  1 0.3367 0.3385 0.3248 
         662  1 0.3219 0.3476 0.3306 
         663  1 0.3370 0.3306 0.3324 
         664  1 0.3503 0.3178 0.3319 
         665  1 0.3508 0.3225 0.3267 
         666  1 0.3146 0.3532 0.3322 
         667  1 0.3390 0.3307 0.3303 
         668  1 0.3192 0.3408 0.3401 
         669  1 0.3162 0.3301 0.3537 
         670  1 0.3339 0.3291 0.3371 
         671  1 0.3130 0.3526 0.3344 
         672  1 0.3281 0.3398 0.3320 
         673  1 0.3267 0.3450 0.3283 
         674  1 0.3504 0.3258 0.3238 
         675  1 0.3346 0.3306 0.3348 
         676  1 0.3368 0.3233 0.3399 
         677  1 0.3431 0.3321 0.3247 
         678  1 0.3470 0.3176 0.3354 
         679  1 0.3223 0.3486 0.3291 
         680  1 0.3235 0.3446 0.3319 
         681  1 0.3459 0.3351 0.3190 
         682  1 0.3278 0.3279 0.3443 
         683  1 0.3495 0.3286 0.3218 
         684  1 0.3277 0.3380 0.3343 
         685  1 0.3572 0.3201 0.3228 
         686  1 0.3472 0.3236 0.3292 
         687  1 0.3559 0.3071 0.3370 
         688  1 0.3608 0.3225 0.3167 
         689  1 0.3383 0.3355 0.3263 
         690  1 0.3341 0.3315 0.3344 
         691  1 0.3388 0.3237 0.3376 
         692  1 0.3302 0.3158 0.3540 
         693  1 0.3269 0.3409 0.3322 
         694  1 0.3336 0.3275 0.3388 
         695  1 0.3025 0.3442 0.3532 
         696  1 0.3352 0.3330 0.3318 
         697  1 0.2946 0.3545 0.3509 
         698  1 0.3219 0.3422 0.3359 
         699  1 0.3204 0.3399 0.3398 
         700  1 0.3304 0.3482 0.3214 
         701  1 0.3286 0.3381 0.3333 
         702  1 0.3164 0.3299 0.3536 
         703  1 0.3127 0.3483 0.3390 
         704  1 0.3616 0.3260 0.3124 
         705  1 0.3352 0.3368 0.3280 
         706  1 0.3372 0.3378 0.3250 
         707  1 0.3440 0.3230 0.3330 
         708  1 0.3294 0.3446 0.3260 
         709  1 0.3062 0.3393 0.3545 
         710  1 0.3379 0.3333 0.3288 
         711  1 0.3417 0.3291 0.3292 
         712  1 0.3206 0.3346 0.3448 
         713  1 0.3296 0.3366 0.3337 
         714  1 0.3177 0.3346 0.3478 
         715  1 0.3446 0.3324 0.3230 
         716  1 0.3442 0.3215 0.3344 
         717  1 0.3099 0.3379 0.3521 
         718  1 0.3051 0.3506 0.3443 
         719  1 0.3447 0.3379 0.3173 
         720  1 0.3582 0.3276 0.3142 
         721  1 0.3063 0.3261 0.3676 
         722  1 0.3254 0.3272 0.3474 
         723  1 0.3118 0.3543 0.3340 
         724  1 0.3115 0.3283 0.3602 
         725  1 0.3313 0.3223 0.3464 
         726  1 0.3518 0.3291 0.3191 
         727  1 0.3353 0.3398 0.3249 
         728  1 0.3218 0.3386 0.3397 
         729  1 0.3436 0.3379 0.3185 
         730  1 0.3497 0.3347 0.3155 
         731  1 0.3096 0.3576 0.3328 
         732  1 0.3496 0.3171 0.3333 
         733  1 0.3460 0.3269 0.3271 
         734  1 0.3530 0.3226 0.3244 
         735  1 0.3236 0.3419 0.3345 
         736  1 0.3496 0.3306 0.3198 
         737  1 0.3486 0.3308 0.3207 
         738  1 0.2958 0.3554 0.3488 
         739  1 0.3372 0.3284 0.3344 
         740  1 0.3033 0.3508 0.3459 
         741  1 0.3163 0.3414 0.3423 
         742  1 0.3273 0.3308 0.3420 
         743  1 0.3376 0.3251 0.3373 
         744  1 0.3442 0.3301 0.3257 
         745  1 0.3361 0.3346 0.3292 
         746  1 0.3468 0.3130 0.3403 
         747  1 0.3616 0.3201 0.3183 
         748  1 0.3275 0.3221 0.3504 
         749  1 0.3283 0.3434 0.3283 
         750  1 0.3402 0.3291 0.3307 
         751  1 0.3231 0.3473 0.3296 
         752  1 0.3221 0.3458 0.3321 
         753  1 0.3085 0.3385 0.3530 
         754  1 0.3016 0.3603 0.3381 
         755  1 0.3338 0.3395 0.3268 
         756  1 0.3484 0.3262 0.3254 
         757  1 0.3333 0.3345 0.3322 
         758  1 0.3419 0.3361 0.3219 
         759  1 0.3398 0.3157 0.3445 
         760  1 0.3428 0.3286 0.3285 
         761  1 0.3524 0.3261 0.3215 
         762  1 0.3341 0.3366 0.3292 
         763  1 0.3363 0.3339 0.3298 
         764  1 0.3387 0.3271 0.3342 
         765  1 0.3186 0.3465 0.3349 
         766  1 0.3424 0.3312 0.3263 
         767  1 0.3188 0.3345 0.3468 
         768  1 0.3431 0.3291 0.3278 
         769  1 0.3088 0.3373 0.3539 
         770  1 0.3403 0.3235 0.3363 
         771  1 0.3324 0.3400 0.3277 
         772  1 0.3702 0.3242 0.3056 
         773  1 0.3350 0.3409 0.3241 
         774  1 0.3390 0.3320 0.3290 
         775  1 0.3476 0.3221 0.3304 
         776  1 0.3045 0.3640 0.3316 
         777  1 0.3522 0.3321 0.3157 
         778  1 0.3609 0.3308 0.3084 
         779  1 0.3495 0.3198 0.3306 
         780  1 0.3292 0.3394 0.3314 
         781  1 0.3506 0.3221 0.3273 
         782  1 0.3470 0.3186 0.3345 
         783  1 0.3196 0.3427 0.3377 
         784  1 0.3327 0.3317 0.3356 
         785  1 0.3533 0.3256 0.3210 
         786  1 0.3305 0.3329 0.3366 
         787  1 0.3395 0.3268 0.3337 
         788  1 0.3116 0.3358 0.3526 
         789  1 0.3216 0.3481 0.3303 
         790  1 0.3203 0.3200 0.3597 
         791  1 0.3216 0.3298 0.3487 
         792  1 0.3293 0.3411 0.3296 
         793  1 0.3120 0.3492 0.3387 
         794  1 0.3530 0.3291 0.3179 
         795  1 0.3156 0.3356 0.3488 
         796  1 0.3572 0.3227 0.3201 
         797  1 0.3071 0.3541 0.3388 
         798  1 0.3394 0.3193 0.3413 
         799  1 0.3070 0.3432 0.3497 
         800  1 0.3491 0.3258 0.3251 
         801  1 0.3389 0.3329 0.3282 
         802  1 0.3179 0.3346 0.3475 
         803  1 0.3616 0.3196 0.3188 
         804  1 0.3572 0.3269 0.3159 
         805  1 0.3114 0.3361 0.3525 
         806  1 0.3213 0.3355 0.3431 
         807  1 0.3519 0.3283 0.3197 
         808  1 0.3317 0.3473 0.3210 
         809  1 0.3474 0.3298 0.3228 
         810  1 0.3447 0.3227 0.3326 
         811  1 0.3305 0.3405 0.3290 
         812  1 0.3427 0.3276 0.3296 
         813  1 0.3614 0.3176 0.3210 
         814  1 0.3553 0.3264 0.3183 
         815  1 0.3457 0.3327 0.3216 
         816  1 0.3303 0.3310 0.3387 
         817  1 0.3305 0.3296 0.3399 
         818  1 0.3164 0.3457 0.3379 
         819  1 0.3254 0.3353 0.3392 
         820  1 0.3522 0.3297 0.3181 
         821  1 0.3229 0.3309 0.3462 
         822  1 0.3323 0.3317 0.3360 
         823  1 0.3396 0.3326 0.3278 
         824  1 0.3311 0.3292 0.3398 
         825  1 0.3406 0.3331 0.3263 
         826  1 0.3206 0.3308 0.3486 
         827  1 0.3391 0.3326 0.3283 
         828  1 0.3192 0.3516 0.3292 
         829  1 0.3625 0.3332 0.3042 
         830  1 0.3143 0.3423 0.3434 
         831  1 0.3475 0.3282 0.3243 
         832  1 0.3264 0.3379 0.3358 
         833  1 0.3333 0.3466 0.3201 
         834  1 0.3514 0.3292 0.3194 
         835  1 0.3345 0.3284 0.3370 
         836  1 0.3496 0.3333 0.3171 
         837  1 0.3478 0.3273 0.3249 
         838  1 0.3601 0.3231 0.3169 
         839  1 0.3354 0.3320 0.3326 
         840  1 0.3421 0.3256 0.3323 
         841  1 0.3338 0.3356 0.3306 
         842  1 0.3226 0.3389 0.3385 
         843  1 0.3612 0.3287 0.3101 
         844  1 0.3386 0.3319 0.3295 
         845  1 0.3514 0.3295 0.3191 
         846  1 0.3312 0.3352 0.3335 
         847  1 0.3210 0.3219 0.3572 
         848  1 0.3229 0.3408 0.3362 
         849  1 0.3073 0.3337 0.3590 
         850  1 0.3557 0.3203 0.3241 
         851  1 0.3361 0.3281 0.3358 
         852  1 0.3135 0.3236 0.3629 
         853  1 0.3111 0.3503 0.3386 
         854  1 0.3181 0.3481 0.3339 
         855  1 0.3239 0.3281 0.3480 
         856  1 0.3436 0.3253 0.3312 
         857  1 0.3334 0.3363 0.3304 
         858  1 0.3239 0.3305 0.3457 
         859  1 0.3289 0.3295 0.3416 
         860  1 0.3191 0.3496 0.3313 
         861  1 0.3323 0.3391 0.3286 
         862  1 0.2894 0.3511 0.3595 
         863  1 0.3455 0.3221 0.3324 
         864  1 0.3181 0.3319 0.3499 
         865  1 0.3568 0.3232 0.3199 
         866  1 0.3109 0.3586 0.3305 
         867  1 0.3316 0.3392 0.3292 
         868  1 0.3517 0.3239 0.3244 
         869  1 0.3343 0.3294 0.3363 
         870  1 0.3385 0.3333 0.3282 
         871  1 0.3345 0.3331 0.3324 
         872  1 0.3261 0.3332 0.3408 
         873  1 0.3416 0.3268 0.3316 
         874  1 0.3328 0.3282 0.3390 
         875  1 0.3277 0.3367 0.3356 
         876  1 0.3361 0.3376 0.3263 
         877  1 0.3372 0.3365 0.3262 
         878  1 0.3321 0.3355 0.3324 
         879  1 0.3274 0.3331 0.3394 
         880  1 0.3306 0.3440 0.3254 
         881  1 0.3245 0.3355 0.3400 
         882  1 0.3058 0.3479 0.3463 
         883  1 0.3359 0.3231 0.3410 
         884  1 0.3116 0.3376 0.3509 
         885  1 0.3325 0.3253 0.3422 
         886  1 0.2907 0.3566 0.3527 
         887  1 0.3191 0.3384 0.3425 
         888  1 0.3292 0.3227 0.3482 
         889  1 0.3185 0.3400 0.3415 
         890  1 0.3437 0.3240 0.3323 
         891  1 0.3503 0.3322 0.3175 
         892  1 0.3315 0.3330 0.3355 
         893  1 0.3464 0.3230 0.3306 
         894  1 0.3187 0.3216 0.3597 
         895  1 0.3500 0.3197 0.3303 
         896  1 0.3468 0.3302 0.3230 
         897  1 0.3324 0.3251 0.3425 
         898  1 0.3202 0.3494 0.3305 
         899  1 0.3358 0.3292 0.3350 
         900  1 0.3537 0.3286 0.3177 
         901  1 0.3561 0.3269 0.3170 
         902  1 0.3167 0.3250 0.3583 
         903  1 0.3175 0.3281 0.3544 
         904  1 0.3452 0.3282 0.3266 
         905  1 0.3091 0.3408 0.3501 
         906  1 0.3216 0.3368 0.3417 
         907  1 0.3164 0.3356 0.3480 
         908  1 0.3429 0.3292 0.3279 
         909  1 0.3544 0.3373 0.3083 
         910  1 0.3207 0.3389 0.3404 
         911  1 0.3340 0.3412 0.3249 
         912  1 0.3184 0.3316 0.3500 
         913  1 0.3110 0.3361 0.3528 
         914  1 0.3207 0.3239 0.3554 
         915  1 0.3329 0.3275 0.3396 
         916  1 0.3599 0.3182 0.3219 
         917  1 0.3390 0.3294 0.3316 
         918  1 0.3282 0.3351 0.3367 
         919  1 0.2859 0.3550 0.3591 
         920  1 0.3425 0.3353 0.3222 
         921  1 0.3257 0.3397 0.3345 
         922  1 0.3352 0.3176 0.3472 
         923  1 0.3343 0.3304 0.3353 
         924  1 0.3530 0.3230 0.3241 
         925  1 0.3238 0.3150 0.3612 
         926  1 0.3222 0.3356 0.3422 
         927  1 0.3408 0.3281 0.3311 
         928  1 0.3412 0.3389 0.3199 
         929  1 0.3236 0.3329 0.3435 
         930  1 0.3496 0.3247 0.3257 
         931  1 0.3449 0.3215 0.3336 
         932  1 0.3431 0.3268 0.3300 
         933  1 0.3464 0.3201 0.3335 
         934  1 0.3252 0.3485 0.3263 
         935  1 0.3565 0.3282 0.3153 
         936  1 0.3258 0.3332 0.3410 
         937  1 0.3050 0.3510 0.3440 
         938  1 0.3360 0.3322 0.3317 
         939  1 0.3484 0.3248 0.3268 
         940  1 0.3041 0.3495 0.3465 
         941  1 0.3327 0.3311 0.3362 
         942  1 0.3411 0.3247 0.3342 
         943  1 0.3185 0.3258 0.3557 
         944  1 0.3160 0.3462 0.3378 
         945  1 0.3554 0.3160 0.3285 
         946  1 0.3084 0.3381 0.3535 
         947  1 0.3332 0.3260 0.3407 
         948  1 0.3391 0.3286 0.3323 
         949  1 0.3316 0.3382 0.3302 
         950  1 0.3201 0.3390 0.3408 
         951  1 0.3388 0.3406 0.3206 
         952  1 0.3310 0.3386 0.3304 
         953  1 0.3223 0.3435 0.3342 
         954  1 0.3497 0.3178 0.3325 
         955  1 0.3318 0.3323 0.3359 
         956  1 0.3420 0.3320 0.3261 
         957  1 0.3522 0.3220 0.3258 
         958  1 0.3266 0.3272 0.3462 
         959  1 0.2939 0.3515 0.3546 
         960  1 0.3448 0.3150 0.3401 
         961  1 0.3188 0.3262 0.3549 
         962  1 0.3275 0.3497 0.3228 
         963  1 0.3020 0.3493 0.3486 
         964  1 0.3186 0.3255 0.3559 
         965  1 0.3200 0.3291 0.3509 
         966  1 0.3309 0.3446 0.3245 
         967  1 0.3292 0.3330 0.3378 
         968  1 0.3388 0.3196 0.3415 
         969  1 0.2913 0.3523 0.3564 
         970  1 0.3543 0.3192 0.3266 
         971  1 0.3293 0.3282 0.3425 
         972  1 0.3387 0.3270 0.3343 
         973  1 0.3512 0.3191 0.3297 
         974  1 0.3294 0.3293 0.3413 
         975  1 0.3108 0.3580 0.3312 
         976  1 0.3520 0.3243 0.3236 
         977  1 0.3468 0.3325 0.3207 
         978  1 0.3087 0.3433 0.3480 
         979  1 0.3545 0.3183 0.3272 
         980  1 0.3312 0.3341 0.3347 
         981  1 0.3220 0.3418 0.3362 
         982  1 0.3639 0.3264 0.3096 
         983  1 0.3443 0.3169 0.3388 
         984  1 0.3528 0.3345 0.3128 
         985  1 0.3191 0.3357 0.3453 
         986  1 0.3394 0.3330 0.3276 
         987  1 0.3505 0.3281 0.3214 
         988  1 0.3181 0.3399 0.3421 
         989  1 0.3374 0.3196 0.3430 
         990  1 0.3262 0.3243 0.3495 
         991  1 0.3414 0.3315 0.3271 
         992  1 0.3489 0.3322 0.3189 
         993  1 0.3236 0.3478 0.3286 
         994  1 0.3389 0.3308 0.3303 
         995  1 0.3190 0.3395 0.3415 
         996  1 0.3462 0.3293 0.3245 
         997  1 0.3494 0.3278 0.3228 
         998  1 0.3315 0.3242 0.3443 
         999  1 0.3193 0.3529 0.3277 
        1000  1 0.3315 0.3307 0.3377 
        1001  1 0.3427 0.3374 0.3199 
        1002  1 0.3212 0.3408 0.3380 
        1003  1 0.3467 0.3233 0.3300 
        1004  1 0.3193 0.3345 0.3462 
        1005  1 0.3253 0.3412 0.3336 
        1006  1 0.3040 0.3547 0.3413 
        1007  1 0.3543 0.3316 0.3141 
        1008  1 0.3736 0.3212 0.3051 
        1009  1 0.3169 0.3517 0.3314 
        1010  1 0.3545 0.3246 0.3209 
        1011  1 0.3225 0.3398 0.3376 
        1012  1 0.3211 0.3427 0.3362 
        1013  1 0.3192 0.3300 0.3508 
        1014  1 0.3391 0.3317 0.3292 
        1015  1 0.2967 0.3506 0.3527 
        1016  1 0.3592 0.3382 0.3026 
        1017  1 0.3204 0.3354 0.3442 
        1018  1 0.3495 0.3175 0.3330 
        1019  1 0.3557 0.3244 0.3199 
        1020  1 0.3435 0.3319 0.3246 
        1021  1 0.3466 0.3218 0.3316 
        1022  1 0.3451 0.3300 0.3249 
        1023  1 0.3162 0.3443 0.3395 
        1024  1 0.3272 0.3459 0.3269 
        1025  1 0.3327 0.3299 0.3374 
        1026  1 0.3526 0.3208 0.3266 
        1027  1 0.3385 0.3279 0.3336 
        1028  1 0.3579 0.3228 0.3193 
        1029  1 0.3393 0.3444 0.3163 
        1030  1 0.3419 0.3310 0.3272 
        1031  1 0.3309 0.3416 0.3275 
        1032  1 0.3416 0.3181 0.3403 
        1033  1 0.3314 0.3212 0.3474 
        1034  1 0.2811 0.3539 0.3651 
        1035  1 0.3363 0.3387 0.3250 
        1036  1 0.3415 0.3286 0.3298 
        1037  1 0.3039 0.3522 0.3439 
        1038  1 0.3471 0.3172 0.3357 
        1039  1 0.3347 0.3328 0.3326 
        1040  1 0.2975 0.3628 0.3397 
        1041  1 0.3348 0.3142 0.3510 
        1042  1 0.3286 0.3469 0.3245 
        1043  1 0.3220 0.3380 0.3400 
        1044  1 0.3556 0.3166 0.3278 
        1045  1 0.3251 0.3467 0.3282 
        1046  1 0.3018 0.3238 0.3744 
        1047  1 0.3275 0.3329 0.3396 
        1048  1 0.3190 0.3326 0.3484 
        1049  1 0.3673 0.3258 0.3070 
        1050  1 0.3323 0.3305 0.3372 
        1051  1 0.3489 0.3323 0.3188 
        1052  1 0.3380 0.3377 0.3243 
