           1  1 0.1025 0.1000 0.1010 0.0977 0.0970 0.1029 0.1026 0.0969 0.0980 0.1015 
           2  1 0.0983 0.1060 0.1050 0.1009 0.0979 0.0967 0.0987 0.1017 0.0973 0.0974 
           3  1 0.1001 0.0999 0.1008 0.0983 0.0987 0.1000 0.1036 0.0998 0.0992 0.0996 
           4  1 0.1006 0.0983 0.0996 0.0969 0.1012 0.1039 0.1041 0.1025 0.0953 0.0975 
           5  1 0.1001 0.1003 0.0999 0.0984 0.1021 0.0994 0.1003 0.1009 0.0989 0.0997 
           6  1 0.1032 0.1061 0.1007 0.1026 0.0988 0.0963 0.0983 0.0982 0.0967 0.0989 
           7  1 0.1005 0.0998 0.0987 0.0987 0.0973 0.1021 0.1016 0.1052 0.0943 0.1017 
           8  1 0.1024 0.0990 0.0998 0.1005 0.0992 0.1021 0.1031 0.0970 0.0979 0.0992 
           9  1 0.0992 0.0996 0.0986 0.1008 0.1029 0.1004 0.0987 0.1005 0.0994 0.0999 
          10  1 0.0973 0.1018 0.1010 0.1008 0.0953 0.1039 0.0987 0.0995 0.1017 0.1001 
          11  1 0.0958 0.0981 0.1003 0.1023 0.1035 0.0972 0.1002 0.0991 0.1039 0.0996 
          12  1 0.0986 0.1010 0.0994 0.1017 0.1026 0.0970 0.0994 0.1004 0.1018 0.0982 
          13  1 0.1027 0.1016 0.1009 0.1018 0.0987 0.0992 0.0973 0.0968 0.1011 0.0999 
          14  1 0.1021 0.1044 0.1005 0.0972 0.1022 0.1022 0.1009 0.0954 0.0944 0.1005 
          15  1 0.0991 0.1015 0.1005 0.1001 0.0963 0.1028 0.1012 0.1019 0.0962 0.1003 
          16  1 0.0997 0.1005 0.1016 0.0999 0.1016 0.1008 0.0978 0.0962 0.1025 0.0994 
          17  1 0.0982 0.0984 0.0994 0.0998 0.1011 0.0993 0.1010 0.1013 0.1035 0.0980 
          18  1 0.0969 0.0981 0.0998 0.0999 0.1054 0.0992 0.0973 0.1026 0.1001 0.1007 
          19  1 0.1017 0.1003 0.1011 0.0994 0.0981 0.1021 0.0991 0.1010 0.0986 0.0984 
          20  1 0.0966 0.1026 0.0988 0.1002 0.1036 0.0991 0.0972 0.1022 0.0964 0.1034 
          21  1 0.0996 0.1000 0.1019 0.0978 0.1002 0.1019 0.1009 0.0979 0.1015 0.0983 
          22  1 0.0997 0.1004 0.1017 0.0999 0.1026 0.0984 0.0968 0.1003 0.0999 0.1002 
          23  1 0.0979 0.1043 0.1032 0.1014 0.0979 0.1005 0.0982 0.1000 0.0944 0.1021 
          24  1 0.1007 0.0988 0.0987 0.0956 0.0983 0.1050 0.1030 0.1010 0.0964 0.1027 
          25  1 0.0981 0.0975 0.1016 0.0952 0.0992 0.1010 0.1039 0.1019 0.1020 0.0995 
          26  1 0.0966 0.1020 0.0993 0.0984 0.0992 0.0980 0.0995 0.1050 0.1010 0.1009 
          27  1 0.1019 0.0976 0.1000 0.1041 0.0968 0.1009 0.1020 0.0974 0.1006 0.0989 
          28  1 0.1017 0.0987 0.0990 0.0991 0.0987 0.0995 0.1013 0.0980 0.1045 0.0994 
          29  1 0.1008 0.0985 0.0991 0.0970 0.1025 0.1001 0.1031 0.1001 0.0997 0.0991 
          30  1 0.1007 0.0967 0.0991 0.0954 0.1016 0.1007 0.1044 0.0997 0.0996 0.1021 
          31  1 0.0979 0.1043 0.0964 0.1002 0.1025 0.1004 0.0985 0.0984 0.1016 0.0999 
          32  1 0.0999 0.0993 0.1010 0.0951 0.1015 0.1000 0.1020 0.1006 0.1020 0.0986 
          33  1 0.0982 0.0963 0.0981 0.0990 0.1057 0.1003 0.0993 0.1002 0.1035 0.0993 
          34  1 0.0974 0.1003 0.1007 0.1024 0.1016 0.0998 0.0986 0.0978 0.1008 0.1006 
          35  1 0.1012 0.0983 0.1016 0.1017 0.0985 0.1015 0.0978 0.0992 0.1017 0.0985 
          36  1 0.1006 0.0983 0.1005 0.1003 0.1011 0.0990 0.0994 0.1006 0.0997 0.1004 
          37  1 0.0974 0.1014 0.1016 0.1000 0.0967 0.1002 0.0992 0.1009 0.1012 0.1014 
          38  1 0.1009 0.0996 0.0991 0.1021 0.0992 0.0975 0.1000 0.1019 0.0999 0.1000 
          39  1 0.1047 0.0948 0.0994 0.0952 0.1022 0.1004 0.1036 0.0995 0.1001 0.1001 
          40  1 0.0970 0.1019 0.0984 0.1056 0.0975 0.1022 0.0974 0.0995 0.0988 0.1016 
          41  1 0.1008 0.0983 0.0996 0.1010 0.0990 0.0985 0.1014 0.1000 0.1021 0.0993 
          42  1 0.0983 0.0988 0.0980 0.1011 0.1018 0.0983 0.1004 0.1030 0.1004 0.0998 
          43  1 0.0992 0.0990 0.1012 0.1010 0.0976 0.1025 0.0987 0.1004 0.1003 0.1001 
          44  1 0.0992 0.1032 0.0983 0.1000 0.1000 0.1009 0.0982 0.0984 0.1006 0.1012 
          45  1 0.0979 0.1060 0.0989 0.1004 0.1006 0.0987 0.0977 0.0997 0.0974 0.1027 
          46  1 0.1025 0.0977 0.0984 0.0979 0.1024 0.1017 0.1019 0.1009 0.0973 0.0993 
          47  1 0.1031 0.0994 0.1006 0.0976 0.0983 0.1022 0.1014 0.0980 0.0980 0.1014 
          48  1 0.0993 0.0995 0.1014 0.1011 0.0989 0.1011 0.1004 0.1019 0.0967 0.0997 
          49  1 0.0984 0.1009 0.0981 0.1017 0.0999 0.0978 0.0995 0.1009 0.1037 0.0992 
          50  1 0.1039 0.1056 0.0993 0.0977 0.0971 0.1013 0.1001 0.0985 0.0965 0.1000 
          51  1 0.0984 0.0982 0.0978 0.0976 0.1015 0.0997 0.1006 0.1054 0.0967 0.1039 
          52  1 0.0963 0.1045 0.0985 0.1013 0.0967 0.1003 0.0932 0.1040 0.1052 0.1000 
          53  1 0.0953 0.1025 0.0968 0.1023 0.0973 0.0999 0.0942 0.1032 0.1066 0.1020 
          54  1 0.0974 0.1006 0.1001 0.1007 0.0987 0.1006 0.0993 0.0987 0.1020 0.1019 
          55  1 0.0971 0.0988 0.0972 0.0978 0.1059 0.0982 0.0990 0.1002 0.1062 0.0996 
          56  1 0.1037 0.0982 0.0987 0.1005 0.1008 0.0990 0.1021 0.0942 0.0997 0.1031 
          57  1 0.0962 0.0987 0.0968 0.0977 0.1074 0.0979 0.0984 0.1039 0.1028 0.1002 
          58  1 0.0957 0.1000 0.0976 0.1015 0.0985 0.1017 0.0980 0.1060 0.0965 0.1045 
          59  1 0.0970 0.1036 0.1015 0.1044 0.0969 0.0965 0.0966 0.1059 0.0979 0.0996 
          60  1 0.0974 0.1026 0.1021 0.0998 0.0979 0.0994 0.0983 0.1047 0.0963 0.1015 
          61  1 0.1007 0.1025 0.0980 0.0991 0.0975 0.1048 0.1025 0.0993 0.0976 0.0980 
          62  1 0.1000 0.0975 0.0984 0.0997 0.0999 0.1010 0.1008 0.0985 0.1036 0.1006 
          63  1 0.1030 0.0994 0.1033 0.0988 0.0970 0.1004 0.1008 0.0988 0.0997 0.0987 
          64  1 0.0967 0.0990 0.0987 0.0987 0.0986 0.0978 0.1020 0.1035 0.1055 0.0994 
          65  1 0.1008 0.0984 0.1028 0.0989 0.0998 0.1009 0.1003 0.0994 0.0987 0.0999 
          66  1 0.1036 0.0999 0.0981 0.0956 0.1011 0.1020 0.1069 0.0995 0.0937 0.0997 
          67  1 0.0986 0.0976 0.0997 0.0961 0.0996 0.1035 0.1021 0.1031 0.0958 0.1039 
          68  1 0.1002 0.0974 0.0992 0.1020 0.1030 0.1001 0.0988 0.0996 0.1020 0.0978 
          69  1 0.1003 0.1005 0.1000 0.0998 0.1014 0.0980 0.1008 0.1007 0.0999 0.0986 
          70  1 0.0987 0.0989 0.1012 0.0947 0.0999 0.1011 0.0990 0.1029 0.0996 0.1040 
          71  1 0.1007 0.1054 0.0982 0.1005 0.1007 0.0964 0.0953 0.1004 0.1005 0.1019 
          72  1 0.1030 0.0980 0.0976 0.0956 0.0994 0.1014 0.1035 0.1006 0.1004 0.1005 
          73  1 0.1005 0.0949 0.1013 0.0954 0.1019 0.0997 0.1051 0.1023 0.0992 0.0996 
          74  1 0.0974 0.1039 0.1008 0.1029 0.0983 0.0999 0.0951 0.1032 0.0957 0.1028 
          75  1 0.1022 0.0980 0.0978 0.1001 0.1020 0.1012 0.1017 0.1007 0.0978 0.0985 
          76  1 0.1030 0.0986 0.1020 0.1001 0.0998 0.1007 0.0996 0.0985 0.0996 0.0982 
          77  1 0.0962 0.1009 0.1031 0.1032 0.1019 0.0973 0.0971 0.1016 0.1000 0.0986 
          78  1 0.0998 0.0990 0.0994 0.1004 0.1019 0.0983 0.1005 0.1012 0.1003 0.0993 
          79  1 0.1021 0.1006 0.1018 0.1023 0.0994 0.1003 0.0987 0.0995 0.0945 0.1007 
          80  1 0.0990 0.0963 0.0999 0.0983 0.1036 0.1022 0.1016 0.0990 0.1014 0.0987 
          81  1 0.0993 0.1002 0.0990 0.0988 0.1050 0.0999 0.0979 0.1002 0.1010 0.0988 
          82  1 0.1042 0.1003 0.1007 0.0999 0.0999 0.0994 0.0976 0.0985 0.0993 0.1004 
          83  1 0.0993 0.1012 0.0997 0.1003 0.1023 0.0982 0.0996 0.1009 0.0986 0.0999 
          84  1 0.1018 0.0988 0.1004 0.0992 0.0990 0.1004 0.1019 0.0984 0.0989 0.1011 
          85  1 0.1002 0.0981 0.1017 0.0983 0.0973 0.1023 0.0989 0.1051 0.0960 0.1021 
          86  1 0.1006 0.0987 0.1009 0.0960 0.0979 0.1026 0.1001 0.1008 0.1023 0.1000 
          87  1 0.1001 0.0969 0.1010 0.1016 0.1011 0.1008 0.0984 0.1001 0.0979 0.1022 
          88  1 0.0982 0.1017 0.1001 0.0983 0.0977 0.1011 0.0976 0.1031 0.1031 0.0992 
          89  1 0.0993 0.0974 0.0985 0.1027 0.0998 0.1013 0.0994 0.1001 0.1017 0.0999 
          90  1 0.1004 0.0995 0.1015 0.0975 0.0978 0.1005 0.1042 0.1023 0.0954 0.1008 
          91  1 0.0962 0.0975 0.1003 0.0997 0.1039 0.0972 0.1016 0.1019 0.1022 0.0994 
          92  1 0.1042 0.0978 0.0987 0.1011 0.0977 0.1042 0.1006 0.0979 0.1031 0.0947 
          93  1 0.1009 0.0986 0.0995 0.1017 0.0991 0.1000 0.0978 0.0988 0.1022 0.1013 
          94  1 0.0973 0.1022 0.1005 0.0984 0.0984 0.0956 0.0978 0.1027 0.1030 0.1041 
          95  1 0.0953 0.1038 0.1019 0.1015 0.0970 0.0995 0.0982 0.0990 0.1018 0.1020 
          96  1 0.1016 0.0994 0.1003 0.1003 0.0996 0.0995 0.1009 0.1009 0.0992 0.0984 
          97  1 0.0982 0.0963 0.1020 0.0979 0.1022 0.0995 0.1009 0.1010 0.1043 0.0976 
          98  1 0.0983 0.0993 0.0982 0.0995 0.1035 0.0982 0.0981 0.1028 0.1044 0.0976 
          99  1 0.0993 0.0980 0.1000 0.0965 0.1045 0.0989 0.1063 0.1019 0.0967 0.0979 
         100  1 0.1013 0.0950 0.0970 0.0969 0.1054 0.1003 0.1005 0.1029 0.0999 0.1008 
         101  1 0.1004 0.1001 0.0971 0.1027 0.0994 0.1017 0.0971 0.0985 0.1044 0.0985 
         102  1 0.1017 0.0997 0.0983 0.1024 0.0979 0.1023 0.0976 0.0988 0.1031 0.0982 
         103  1 0.0989 0.0963 0.1012 0.0990 0.1054 0.0958 0.1017 0.1005 0.1031 0.0982 
         104  1 0.0979 0.1005 0.0978 0.0986 0.1038 0.0996 0.1022 0.1016 0.0978 0.1002 
         105  1 0.0996 0.1010 0.0991 0.0994 0.0988 0.1006 0.0976 0.1010 0.1017 0.1011 
         106  1 0.0989 0.0992 0.0975 0.0998 0.0979 0.1014 0.1006 0.0991 0.1059 0.0997 
         107  1 0.0978 0.1057 0.1027 0.1006 0.0991 0.1008 0.0955 0.1011 0.0968 0.0999 
         108  1 0.0975 0.1030 0.1007 0.1020 0.0973 0.1000 0.0980 0.1023 0.0981 0.1011 
         109  1 0.1015 0.0998 0.1022 0.0943 0.0978 0.1028 0.1023 0.1047 0.0922 0.1022 
         110  1 0.1004 0.0998 0.1039 0.1028 0.0977 0.0982 0.0980 0.1024 0.0961 0.1006 
         111  1 0.0974 0.1030 0.1020 0.0992 0.1001 0.0994 0.1010 0.1011 0.0968 0.1001 
         112  1 0.0966 0.0991 0.0989 0.0976 0.0993 0.1019 0.1027 0.1029 0.1003 0.1007 
         113  1 0.1012 0.1039 0.1025 0.0999 0.0967 0.1004 0.0983 0.0997 0.0978 0.0997 
         114  1 0.1017 0.0993 0.0995 0.1013 0.0990 0.0986 0.0968 0.0994 0.1026 0.1017 
         115  1 0.0985 0.0980 0.0998 0.1029 0.1017 0.0982 0.0991 0.1037 0.0996 0.0986 
         116  1 0.1004 0.1003 0.1016 0.1021 0.0979 0.0968 0.0986 0.1014 0.1018 0.0992 
         117  1 0.0971 0.0986 0.1004 0.0990 0.1022 0.1003 0.1005 0.1001 0.1000 0.1018 
         118  1 0.1013 0.0985 0.1016 0.1006 0.0971 0.0991 0.1022 0.1009 0.1011 0.0978 
         119  1 0.0984 0.1019 0.1005 0.0990 0.1021 0.0978 0.0972 0.1006 0.1007 0.1017 
         120  1 0.1004 0.1024 0.0998 0.1004 0.1011 0.0989 0.1012 0.0979 0.0977 0.1004 
         121  1 0.1028 0.1004 0.1009 0.0990 0.0997 0.1016 0.1003 0.0983 0.0988 0.0983 
         122  1 0.0996 0.1004 0.0986 0.0980 0.1005 0.1011 0.0997 0.1007 0.1018 0.0996 
         123  1 0.0999 0.0977 0.1022 0.0965 0.0989 0.1021 0.1035 0.0992 0.1006 0.0994 
         124  1 0.0950 0.1058 0.0980 0.1040 0.1055 0.0970 0.0945 0.0987 0.0985 0.1030 
         125  1 0.1030 0.0999 0.0998 0.0971 0.0990 0.1024 0.1032 0.0973 0.0954 0.1028 
         126  1 0.1021 0.1018 0.0997 0.0990 0.0982 0.0986 0.1017 0.0983 0.0970 0.1037 
         127  1 0.1018 0.1029 0.1013 0.0996 0.1001 0.0988 0.1002 0.0996 0.0976 0.0981 
         128  1 0.0992 0.0982 0.0991 0.1052 0.1011 0.0989 0.0975 0.0992 0.1036 0.0980 
         129  1 0.0965 0.0995 0.1013 0.1009 0.1006 0.0974 0.1001 0.0994 0.1016 0.1026 
         130  1 0.0995 0.1017 0.1053 0.1021 0.0965 0.1014 0.0986 0.0976 0.0964 0.1010 
         131  1 0.0987 0.0978 0.0994 0.1002 0.0983 0.1024 0.1003 0.1018 0.1001 0.1009 
         132  1 0.1008 0.1076 0.1006 0.1006 0.0975 0.0990 0.0972 0.0998 0.0947 0.1022 
         133  1 0.1031 0.0974 0.0991 0.0998 0.1021 0.1032 0.1004 0.0983 0.1014 0.0950 
         134  1 0.1050 0.0997 0.0993 0.0975 0.0986 0.1039 0.1049 0.0983 0.0950 0.0978 
         135  1 0.1009 0.0994 0.0975 0.0977 0.1011 0.0991 0.1011 0.1036 0.1001 0.0995 
         136  1 0.0995 0.1004 0.0977 0.0999 0.1007 0.0998 0.0997 0.0988 0.1050 0.0985 
         137  1 0.0961 0.0987 0.1011 0.0978 0.1008 0.0985 0.1022 0.0995 0.1031 0.1022 
         138  1 0.0992 0.1005 0.1002 0.1008 0.0987 0.1016 0.0997 0.1001 0.1012 0.0979 
         139  1 0.0973 0.1009 0.1014 0.1022 0.0993 0.0979 0.0997 0.1000 0.1014 0.0999 
         140  1 0.1015 0.0979 0.0995 0.1012 0.1009 0.0977 0.0983 0.1015 0.1025 0.0992 
         141  1 0.1034 0.1019 0.1004 0.1012 0.0936 0.1028 0.1005 0.1001 0.0956 0.1005 
         142  1 0.0988 0.0976 0.1011 0.0961 0.1029 0.0983 0.1012 0.1010 0.1059 0.0972 
         143  1 0.1027 0.1011 0.1000 0.0961 0.1013 0.0994 0.1019 0.0984 0.0971 0.1019 
         144  1 0.1013 0.0998 0.1031 0.0958 0.0968 0.0991 0.1018 0.1003 0.1027 0.0993 
         145  1 0.0983 0.0970 0.0980 0.0968 0.1078 0.0982 0.1025 0.1005 0.1018 0.0990 
         146  1 0.0974 0.1008 0.1007 0.0998 0.1017 0.1004 0.1002 0.0995 0.1013 0.0982 
         147  1 0.1019 0.1013 0.0999 0.0995 0.0984 0.1020 0.0983 0.0974 0.1017 0.0996 
         148  1 0.1000 0.1011 0.1018 0.0997 0.0981 0.1007 0.1017 0.0989 0.0988 0.0992 
         149  1 0.1024 0.0997 0.1001 0.0970 0.0989 0.1020 0.1029 0.0994 0.0964 0.1011 
         150  1 0.0990 0.0980 0.1035 0.1022 0.0981 0.1009 0.1043 0.0964 0.0998 0.0979 
         151  1 0.0993 0.0976 0.1009 0.1027 0.1015 0.0974 0.0990 0.1002 0.1024 0.0990 
         152  1 0.0986 0.1056 0.1014 0.1025 0.0958 0.0975 0.1014 0.1019 0.0945 0.1007 
         153  1 0.0997 0.1001 0.0984 0.0991 0.1033 0.0964 0.0990 0.1035 0.0987 0.1018 
         154  1 0.1023 0.0979 0.1028 0.0988 0.0986 0.1030 0.1014 0.0981 0.0984 0.0985 
         155  1 0.0990 0.0956 0.1016 0.1002 0.1000 0.0985 0.0987 0.1016 0.1055 0.0993 
         156  1 0.0966 0.1002 0.0978 0.1006 0.1034 0.0985 0.1003 0.1008 0.1024 0.0994 
         157  1 0.0998 0.1017 0.1005 0.0978 0.0959 0.1027 0.1015 0.1006 0.0968 0.1027 
         158  1 0.1007 0.0988 0.1001 0.0982 0.1001 0.1006 0.1038 0.1001 0.0998 0.0979 
         159  1 0.1053 0.1006 0.1010 0.0971 0.0993 0.1017 0.1025 0.0985 0.0959 0.0982 
         160  1 0.1008 0.1004 0.1015 0.1019 0.0985 0.0994 0.0998 0.0981 0.0986 0.1010 
         161  1 0.0999 0.0990 0.1002 0.1012 0.0986 0.0996 0.1007 0.1003 0.1023 0.0981 
         162  1 0.1015 0.0980 0.0986 0.0978 0.1018 0.1008 0.0980 0.0999 0.1040 0.0996 
         163  1 0.1015 0.0995 0.0986 0.1001 0.0999 0.1028 0.0992 0.0998 0.1010 0.0977 
         164  1 0.0984 0.1020 0.1019 0.1032 0.0999 0.0997 0.0952 0.1038 0.0966 0.0992 
         165  1 0.1005 0.1010 0.0999 0.1013 0.1025 0.0970 0.0992 0.1003 0.0982 0.1001 
         166  1 0.0976 0.1015 0.0979 0.0988 0.1027 0.0971 0.1005 0.1024 0.1014 0.1000 
         167  1 0.0992 0.1021 0.1024 0.1010 0.0975 0.0981 0.1021 0.0997 0.0990 0.0989 
         168  1 0.1001 0.0990 0.0970 0.0958 0.1065 0.0993 0.1040 0.1014 0.0981 0.0988 
         169  1 0.0987 0.0990 0.0985 0.1017 0.1011 0.1008 0.0991 0.0966 0.1058 0.0988 
         170  1 0.1008 0.1005 0.1000 0.1005 0.0984 0.1006 0.0985 0.0982 0.1010 0.1016 
         171  1 0.1047 0.0995 0.0985 0.0983 0.0977 0.1022 0.1025 0.0958 0.0991 0.1017 
         172  1 0.0998 0.1010 0.1008 0.1043 0.0959 0.0990 0.0988 0.0988 0.1001 0.1016 
         173  1 0.1015 0.0993 0.1041 0.0991 0.0982 0.1012 0.1019 0.0974 0.0998 0.0974 
         174  1 0.1026 0.1024 0.0999 0.0998 0.0984 0.1004 0.1010 0.0993 0.0960 0.1003 
         175  1 0.0997 0.1005 0.1005 0.0992 0.0978 0.0979 0.0994 0.1019 0.1025 0.1006 
         176  1 0.0982 0.1001 0.0990 0.0996 0.0989 0.1008 0.0994 0.1014 0.1028 0.0998 
         177  1 0.1020 0.0981 0.0992 0.1009 0.0996 0.1010 0.1024 0.1000 0.0978 0.0989 
         178  1 0.0997 0.0984 0.1006 0.1003 0.1017 0.0977 0.1014 0.1000 0.1012 0.0991 
         179  1 0.1037 0.1001 0.1018 0.0977 0.0992 0.1026 0.1010 0.0975 0.1000 0.0965 
         180  1 0.0987 0.1035 0.0995 0.1030 0.1027 0.0972 0.0969 0.0995 0.0964 0.1026 
         181  1 0.0982 0.0989 0.1005 0.0987 0.1045 0.0976 0.1009 0.0999 0.1012 0.0996 
         182  1 0.0978 0.1010 0.0994 0.1004 0.1003 0.0975 0.0981 0.1012 0.1034 0.1008 
         183  1 0.0981 0.1026 0.1010 0.1030 0.0968 0.0983 0.0977 0.1021 0.0988 0.1015 
         184  1 0.1015 0.1000 0.0993 0.1001 0.0994 0.1009 0.0996 0.0975 0.0997 0.1019 
         185  1 0.0999 0.0980 0.0961 0.0994 0.1069 0.0976 0.1002 0.1027 0.1015 0.0977 
         186  1 0.0973 0.1010 0.0992 0.1030 0.1001 0.0996 0.0993 0.1019 0.0967 0.1019 
         187  1 0.1002 0.1026 0.0977 0.1026 0.1001 0.1013 0.0962 0.0978 0.1008 0.1008 
         188  1 0.1006 0.0999 0.1006 0.1009 0.0991 0.0989 0.0969 0.0992 0.1066 0.0973 
         189  1 0.1021 0.0978 0.1001 0.1062 0.0985 0.1003 0.0989 0.0980 0.0996 0.0985 
         190  1 0.0987 0.1016 0.0999 0.1024 0.1015 0.0981 0.0977 0.0985 0.1011 0.1005 
         191  1 0.0998 0.1075 0.1010 0.1013 0.0985 0.0980 0.0955 0.0982 0.0978 0.1025 
         192  1 0.1019 0.1000 0.1026 0.0969 0.0978 0.1017 0.1029 0.0972 0.1002 0.0988 
         193  1 0.1000 0.0948 0.0987 0.1007 0.1027 0.1029 0.0993 0.1001 0.1020 0.0987 
         194  1 0.0991 0.0979 0.1004 0.0972 0.1025 0.1013 0.1008 0.1003 0.0989 0.1017 
         195  1 0.1014 0.0970 0.1020 0.0975 0.1014 0.1001 0.1033 0.1007 0.0969 0.0998 
         196  1 0.0994 0.1000 0.0998 0.1000 0.1011 0.0989 0.0999 0.0992 0.1029 0.0989 
         197  1 0.0999 0.0997 0.1001 0.0989 0.1015 0.1002 0.1010 0.0997 0.1004 0.0986 
         198  1 0.0999 0.1023 0.1016 0.1002 0.1006 0.0991 0.0970 0.1021 0.0972 0.0999 
         199  1 0.1006 0.0989 0.1017 0.0983 0.0987 0.1015 0.1020 0.1019 0.0997 0.0967 
         200  1 0.1029 0.0971 0.1016 0.0998 0.0980 0.1002 0.1051 0.0992 0.0986 0.0974 
         201  1 0.0976 0.0981 0.0958 0.0974 0.1085 0.0971 0.1027 0.1028 0.1002 0.0997 
         202  1 0.0995 0.0999 0.0987 0.1021 0.0980 0.0998 0.0995 0.1023 0.1002 0.0999 
         203  1 0.0995 0.1003 0.1039 0.1012 0.0993 0.0987 0.1007 0.0969 0.1001 0.0993 
         204  1 0.0997 0.1032 0.1009 0.0992 0.0989 0.0998 0.0994 0.1018 0.0964 0.1009 
         205  1 0.1012 0.0995 0.1022 0.1021 0.0980 0.0996 0.0998 0.0978 0.0984 0.1014 
         206  1 0.0980 0.1039 0.0980 0.1037 0.0998 0.0986 0.0984 0.1015 0.0988 0.0992 
         207  1 0.0958 0.1041 0.0989 0.1021 0.1014 0.0972 0.0956 0.1010 0.1003 0.1036 
         208  1 0.0990 0.0971 0.1013 0.0975 0.0981 0.1010 0.1025 0.1026 0.1004 0.1004 
         209  1 0.0993 0.0993 0.1025 0.0998 0.1005 0.1003 0.0996 0.1004 0.1004 0.0979 
         210  1 0.1059 0.0983 0.0989 0.0994 0.0979 0.1009 0.1009 0.0968 0.0994 0.1016 
         211  1 0.1069 0.0996 0.1002 0.0941 0.0972 0.1072 0.1085 0.0974 0.0902 0.0988 
         212  1 0.0965 0.0980 0.0987 0.0993 0.1036 0.0987 0.1012 0.0992 0.1029 0.1020 
         213  1 0.0984 0.1040 0.1017 0.1041 0.0957 0.0968 0.0971 0.1033 0.0978 0.1011 
         214  1 0.1020 0.0980 0.0991 0.0947 0.0971 0.1043 0.1006 0.1002 0.1019 0.1021 
         215  1 0.0996 0.0983 0.1014 0.0993 0.1001 0.0994 0.1029 0.0975 0.0998 0.1017 
         216  1 0.0972 0.1040 0.0996 0.1000 0.1015 0.0979 0.0975 0.1006 0.1035 0.0982 
         217  1 0.1017 0.0992 0.1015 0.0980 0.0975 0.1001 0.1050 0.0970 0.1010 0.0991 
         218  1 0.1007 0.1071 0.1017 0.1040 0.0962 0.0975 0.0942 0.0995 0.0975 0.1015 
         219  1 0.1007 0.0969 0.0990 0.1021 0.1029 0.0978 0.1034 0.1003 0.0990 0.0978 
         220  1 0.0999 0.1038 0.0984 0.1021 0.0957 0.1010 0.0986 0.1030 0.0956 0.1018 
         221  1 0.1004 0.0987 0.0995 0.0969 0.0987 0.1015 0.1012 0.1053 0.0968 0.1010 
         222  1 0.0988 0.1015 0.0985 0.1009 0.0993 0.0990 0.0990 0.0999 0.1001 0.1030 
         223  1 0.0960 0.1028 0.0988 0.1004 0.0985 0.1021 0.0998 0.1060 0.0923 0.1033 
         224  1 0.0968 0.1011 0.1016 0.1036 0.0971 0.0984 0.0963 0.1006 0.1023 0.1023 
         225  1 0.0972 0.1029 0.1003 0.1033 0.0980 0.0993 0.0982 0.0992 0.0991 0.1026 
         226  1 0.1019 0.1001 0.0984 0.1029 0.0974 0.1010 0.0999 0.0976 0.1020 0.0989 
         227  1 0.0984 0.1008 0.0999 0.0957 0.0986 0.1021 0.0990 0.1042 0.0965 0.1047 
         228  1 0.1010 0.0974 0.1028 0.0970 0.0980 0.1013 0.1026 0.1008 0.1017 0.0975 
         229  1 0.1010 0.0971 0.0999 0.0994 0.1009 0.0976 0.0981 0.0993 0.1065 0.1002 
         230  1 0.1009 0.0991 0.0984 0.0983 0.1038 0.0983 0.1026 0.0981 0.0989 0.1015 
         231  1 0.0992 0.0952 0.0977 0.0955 0.1045 0.0980 0.1013 0.1003 0.1081 0.1002 
         232  1 0.0986 0.0994 0.0999 0.0984 0.1004 0.0994 0.0997 0.0993 0.1039 0.1010 
         233  1 0.0958 0.1020 0.0999 0.0987 0.1012 0.0957 0.1019 0.1033 0.0999 0.1015 
         234  1 0.0998 0.1000 0.1000 0.1011 0.1009 0.0985 0.0989 0.1009 0.1027 0.0974 
         235  1 0.0997 0.0968 0.0967 0.0997 0.1068 0.0950 0.0979 0.1021 0.1043 0.1010 
         236  1 0.1020 0.1011 0.1005 0.1003 0.0993 0.1023 0.1016 0.0957 0.1000 0.0971 
         237  1 0.0977 0.0987 0.0995 0.0970 0.1061 0.0960 0.1008 0.1010 0.1015 0.1016 
         238  1 0.1018 0.0957 0.0987 0.1004 0.0990 0.1030 0.1015 0.0970 0.1040 0.0988 
         239  1 0.1004 0.0976 0.0993 0.1008 0.0987 0.1001 0.0974 0.0986 0.1085 0.0987 
         240  1 0.1024 0.1022 0.1027 0.1040 0.0967 0.0994 0.0960 0.0983 0.0974 0.1010 
         241  1 0.0968 0.0977 0.0988 0.1015 0.1017 0.0994 0.0990 0.0998 0.1079 0.0974 
         242  1 0.0980 0.0992 0.0976 0.0988 0.0994 0.1015 0.0997 0.0988 0.1071 0.0998 
         243  1 0.1003 0.1032 0.1002 0.1000 0.0998 0.0993 0.1010 0.1006 0.0969 0.0986 
         244  1 0.1007 0.0995 0.1001 0.1015 0.0972 0.1005 0.0998 0.1010 0.0976 0.1022 
         245  1 0.0974 0.1034 0.1014 0.1028 0.0981 0.0994 0.0973 0.0995 0.1011 0.0996 
         246  1 0.1023 0.0998 0.0973 0.1060 0.0979 0.1031 0.0968 0.0951 0.1032 0.0986 
         247  1 0.0999 0.0975 0.1019 0.1006 0.1006 0.0986 0.1011 0.1010 0.0978 0.1009 
         248  1 0.0987 0.0979 0.0989 0.1001 0.1041 0.0983 0.1008 0.0984 0.1039 0.0990 
         249  1 0.0976 0.1001 0.0966 0.1034 0.0970 0.1007 0.1000 0.1037 0.0991 0.1016 
         250  1 0.1002 0.1014 0.1014 0.1042 0.1002 0.0970 0.0990 0.0977 0.0977 0.1011 
         251  1 0.1003 0.0969 0.0981 0.1012 0.1062 0.0961 0.0978 0.1009 0.1013 0.1011 
         252  1 0.1049 0.0974 0.1002 0.0983 0.1005 0.1021 0.1010 0.0984 0.0982 0.0991 
         253  1 0.1007 0.0965 0.0999 0.0997 0.0991 0.1031 0.1010 0.1008 0.1000 0.0993 
         254  1 0.1017 0.0994 0.0994 0.0992 0.1010 0.1002 0.0999 0.1011 0.0991 0.0992 
         255  1 0.1013 0.1002 0.1006 0.0995 0.0986 0.1019 0.1010 0.0995 0.0976 0.0998 
         256  1 0.1002 0.0998 0.1011 0.0996 0.0988 0.1013 0.1014 0.0980 0.1019 0.0980 
         257  1 0.1018 0.0971 0.1033 0.1028 0.0954 0.1008 0.1033 0.0985 0.0972 0.0997 
         258  1 0.1005 0.0982 0.1000 0.0982 0.1015 0.1014 0.1031 0.0993 0.0983 0.0997 
         259  1 0.1013 0.0965 0.1025 0.0984 0.1011 0.1017 0.1037 0.0995 0.0996 0.0958 
         260  1 0.1011 0.1000 0.1012 0.0991 0.1019 0.1009 0.1019 0.0972 0.0982 0.0986 
         261  1 0.0936 0.1047 0.0987 0.1042 0.1014 0.0964 0.0940 0.1038 0.1011 0.1022 
         262  1 0.1023 0.1009 0.1005 0.0990 0.1008 0.1010 0.1032 0.0978 0.0945 0.1002 
         263  1 0.0994 0.0986 0.0967 0.1014 0.1031 0.0989 0.0978 0.0994 0.1072 0.0975 
         264  1 0.0981 0.1024 0.1016 0.1002 0.0992 0.0987 0.1021 0.1009 0.0994 0.0975 
         265  1 0.1039 0.0975 0.1020 0.0988 0.0995 0.0991 0.1016 0.0983 0.1020 0.0973 
         266  1 0.1019 0.1004 0.1018 0.1058 0.1026 0.0949 0.0967 0.0996 0.0969 0.0993 
         267  1 0.1023 0.0962 0.1011 0.0968 0.0987 0.1038 0.1035 0.0986 0.1012 0.0978 
         268  1 0.0971 0.1026 0.0991 0.1019 0.0970 0.0994 0.1003 0.1042 0.0970 0.1013 
         269  1 0.1025 0.1026 0.1020 0.0989 0.0955 0.1046 0.1042 0.0979 0.0953 0.0965 
         270  1 0.0995 0.1017 0.1046 0.1022 0.0986 0.0987 0.0971 0.1023 0.0980 0.0972 
         271  1 0.0990 0.1023 0.0978 0.1026 0.1019 0.0975 0.0972 0.0997 0.1037 0.0985 
         272  1 0.1018 0.0987 0.0999 0.0980 0.0995 0.1012 0.1040 0.0971 0.1029 0.0970 
         273  1 0.0986 0.0967 0.0973 0.0983 0.1071 0.0981 0.1016 0.1005 0.1037 0.0981 
         274  1 0.0997 0.0976 0.0992 0.1007 0.0988 0.1031 0.1025 0.0980 0.1023 0.0980 
         275  1 0.1025 0.0979 0.1016 0.1002 0.0976 0.1031 0.1044 0.0999 0.0957 0.0971 
         276  1 0.1023 0.1071 0.1067 0.1058 0.0914 0.0940 0.0923 0.1033 0.0974 0.0997 
         277  1 0.0981 0.1020 0.1018 0.1010 0.1004 0.0993 0.0998 0.1017 0.0967 0.0991 
         278  1 0.0982 0.0997 0.0989 0.0993 0.0957 0.1021 0.1024 0.1020 0.1003 0.1014 
         279  1 0.0989 0.1021 0.0995 0.0985 0.1037 0.1001 0.1015 0.0988 0.0969 0.0999 
         280  1 0.1006 0.1020 0.0983 0.0979 0.0983 0.1016 0.1002 0.0999 0.1007 0.1004 
         281  1 0.0982 0.0956 0.0993 0.0990 0.1054 0.0949 0.0992 0.0995 0.1048 0.1040 
         282  1 0.0980 0.1009 0.0982 0.1002 0.1021 0.1005 0.0992 0.0978 0.1055 0.0977 
         283  1 0.0993 0.1032 0.1018 0.0998 0.1028 0.0968 0.0994 0.0992 0.0983 0.0994 
         284  1 0.0942 0.1034 0.0993 0.1055 0.0997 0.0970 0.0979 0.0996 0.1047 0.0985 
         285  1 0.0967 0.0987 0.0955 0.1013 0.1042 0.0993 0.0995 0.1026 0.1016 0.1006 
         286  1 0.1003 0.1035 0.0995 0.0994 0.1004 0.1035 0.0990 0.0986 0.0963 0.0995 
         287  1 0.1017 0.0993 0.0976 0.1023 0.0985 0.1008 0.0986 0.0993 0.1028 0.0991 
         288  1 0.1023 0.0992 0.1012 0.1017 0.0992 0.0993 0.0988 0.0975 0.1014 0.0994 
         289  1 0.0990 0.0956 0.0977 0.0955 0.1039 0.0983 0.1032 0.0995 0.1064 0.1010 
         290  1 0.0960 0.1032 0.1022 0.1023 0.0996 0.0995 0.0971 0.0999 0.0999 0.1002 
         291  1 0.1021 0.1007 0.1020 0.0957 0.0974 0.1014 0.1046 0.0996 0.0955 0.1009 
         292  1 0.1013 0.0992 0.1028 0.1030 0.0980 0.0998 0.0992 0.0974 0.1010 0.0983 
         293  1 0.0969 0.0971 0.0984 0.0971 0.1026 0.0980 0.1017 0.1014 0.1051 0.1019 
         294  1 0.0998 0.0979 0.0993 0.0983 0.1040 0.0992 0.0994 0.0981 0.1055 0.0984 
         295  1 0.1010 0.0969 0.1003 0.0962 0.1001 0.1019 0.1038 0.0991 0.1004 0.1005 
         296  1 0.0975 0.1029 0.1018 0.0993 0.0952 0.1012 0.0979 0.1029 0.0992 0.1021 
         297  1 0.0975 0.0993 0.1002 0.1045 0.0966 0.1021 0.0963 0.0992 0.1044 0.0999 
         298  1 0.0981 0.0981 0.0997 0.0976 0.0993 0.1012 0.1031 0.0995 0.1062 0.0971 
         299  1 0.0977 0.0980 0.0975 0.1024 0.0995 0.1024 0.0993 0.1007 0.1023 0.1003 
         300  1 0.1014 0.1025 0.1017 0.0973 0.0992 0.1021 0.1037 0.0990 0.0936 0.0994 
         301  1 0.1010 0.0982 0.1013 0.1014 0.1014 0.0996 0.0973 0.1000 0.1003 0.0995 
         302  1 0.1017 0.0995 0.1002 0.1015 0.0981 0.1019 0.0988 0.0984 0.1005 0.0993 
         303  1 0.1020 0.1029 0.1017 0.1032 0.0966 0.1031 0.0975 0.0971 0.0982 0.0976 
         304  1 0.0976 0.1053 0.1030 0.1026 0.0999 0.0958 0.0974 0.1006 0.0961 0.1017 
         305  1 0.1002 0.1040 0.0995 0.0999 0.1009 0.0972 0.0983 0.1000 0.0992 0.1008 
         306  1 0.1021 0.0995 0.1011 0.0986 0.1013 0.1007 0.0999 0.0993 0.0985 0.0991 
         307  1 0.0994 0.1003 0.0993 0.0957 0.1007 0.1000 0.1020 0.1021 0.0988 0.1016 
         308  1 0.0995 0.0979 0.0991 0.0970 0.0999 0.1004 0.1023 0.1018 0.1009 0.1012 
         309  1 0.0996 0.0974 0.1003 0.0994 0.1062 0.0967 0.1021 0.1000 0.1014 0.0969 
         310  1 0.1007 0.0992 0.0966 0.1000 0.0979 0.1030 0.1006 0.1003 0.1008 0.1010 
         311  1 0.0988 0.1047 0.0983 0.0999 0.0988 0.0987 0.1016 0.0999 0.0979 0.1014 
         312  1 0.1002 0.1069 0.0970 0.1017 0.1018 0.0993 0.0953 0.0983 0.0990 0.1005 
         313  1 0.0999 0.0975 0.1000 0.1003 0.0992 0.1011 0.1008 0.1013 0.0995 0.1002 
         314  1 0.0961 0.0967 0.1015 0.0960 0.0994 0.1010 0.1020 0.0978 0.1110 0.0984 
         315  1 0.1002 0.0996 0.0993 0.0999 0.0987 0.1007 0.1015 0.0994 0.0998 0.1008 
         316  1 0.0986 0.0986 0.0987 0.1024 0.0992 0.1008 0.0999 0.1009 0.1049 0.0960 
         317  1 0.0956 0.1008 0.1003 0.0996 0.0997 0.0974 0.0986 0.1024 0.1045 0.1011 
         318  1 0.0984 0.0976 0.0994 0.1007 0.1025 0.0987 0.1018 0.1008 0.1022 0.0979 
         319  1 0.1023 0.1000 0.0994 0.0973 0.0968 0.1028 0.1012 0.1021 0.0958 0.1022 
         320  1 0.0994 0.1011 0.0997 0.0983 0.0983 0.0987 0.0981 0.1017 0.1033 0.1014 
         321  1 0.1023 0.0994 0.0989 0.0949 0.1000 0.1021 0.1015 0.1002 0.0995 0.1011 
         322  1 0.0987 0.0967 0.0997 0.1000 0.1027 0.0980 0.0982 0.1021 0.1038 0.1001 
         323  1 0.0979 0.0994 0.0969 0.0996 0.0979 0.0997 0.0998 0.1006 0.1057 0.1023 
         324  1 0.1007 0.0994 0.1001 0.0982 0.0958 0.1022 0.1037 0.1026 0.0977 0.0996 
         325  1 0.0958 0.0969 0.0999 0.0996 0.1014 0.0969 0.0964 0.1040 0.1101 0.0989 
         326  1 0.1036 0.0990 0.1005 0.0983 0.0960 0.1033 0.1045 0.1001 0.0949 0.0999 
         327  1 0.0984 0.1007 0.0987 0.1014 0.1024 0.1009 0.0989 0.0989 0.1012 0.0985 
         328  1 0.1005 0.0978 0.1017 0.0967 0.0992 0.0999 0.1007 0.1023 0.1029 0.0982 
         329  1 0.1007 0.1003 0.0996 0.0980 0.0990 0.1003 0.1000 0.0995 0.1013 0.1013 
         330  1 0.1003 0.0988 0.0992 0.1019 0.1011 0.0989 0.1011 0.0977 0.1018 0.0992 
         331  1 0.1000 0.0999 0.0988 0.0992 0.0984 0.1004 0.1002 0.1000 0.1001 0.1029 
         332  1 0.1009 0.1001 0.0983 0.1002 0.1016 0.0996 0.1020 0.0981 0.0986 0.1005 
         333  1 0.0990 0.1022 0.1005 0.1024 0.0993 0.0989 0.0980 0.0985 0.0990 0.1021 
         334  1 0.1014 0.0971 0.0991 0.0979 0.1004 0.0982 0.1032 0.0982 0.1043 0.1003 
         335  1 0.0954 0.0995 0.0965 0.0982 0.1033 0.0965 0.1015 0.1046 0.1037 0.1008 
         336  1 0.0969 0.1004 0.0976 0.1036 0.0983 0.0987 0.0959 0.1019 0.1035 0.1032 
         337  1 0.1016 0.0979 0.1010 0.0967 0.1002 0.1006 0.1052 0.1016 0.0989 0.0963 
         338  1 0.1008 0.0970 0.0985 0.1015 0.0986 0.1017 0.1007 0.0985 0.1025 0.1002 
         339  1 0.1010 0.1017 0.1028 0.0998 0.0998 0.0985 0.0971 0.0984 0.1012 0.0998 
         340  1 0.0999 0.1016 0.0967 0.0998 0.1033 0.0992 0.1033 0.1014 0.0952 0.0995 
         341  1 0.1017 0.1013 0.0986 0.1004 0.0979 0.1016 0.1005 0.0999 0.0977 0.1003 
         342  1 0.1005 0.0986 0.1009 0.1017 0.0993 0.1021 0.0982 0.0995 0.0979 0.1013 
         343  1 0.0984 0.1020 0.0997 0.1011 0.1035 0.0978 0.0986 0.0985 0.0997 0.1008 
         344  1 0.1004 0.0969 0.1037 0.0976 0.1008 0.1004 0.1044 0.0988 0.0985 0.0986 
         345  1 0.1002 0.0979 0.0981 0.0971 0.1038 0.0996 0.1007 0.1006 0.1017 0.1001 
         346  1 0.1003 0.1040 0.1038 0.1029 0.0950 0.1000 0.0973 0.0993 0.0979 0.0994 
         347  1 0.1012 0.1030 0.0996 0.1022 0.0980 0.0985 0.0998 0.0994 0.0976 0.1008 
         348  1 0.0989 0.1021 0.0994 0.0972 0.1001 0.1022 0.0999 0.1006 0.0984 0.1012 
         349  1 0.1032 0.0996 0.1023 0.1066 0.0982 0.0994 0.0982 0.0965 0.0968 0.0991 
         350  1 0.0980 0.1035 0.0986 0.1004 0.1000 0.1035 0.0960 0.1006 0.0988 0.1006 
         351  1 0.1027 0.0978 0.0997 0.0980 0.0975 0.1040 0.1013 0.1009 0.0984 0.0999 
         352  1 0.0952 0.0982 0.0997 0.0982 0.1044 0.0968 0.0995 0.1039 0.1011 0.1029 
         353  1 0.0962 0.1036 0.1004 0.0996 0.1010 0.0979 0.0982 0.1032 0.0995 0.1002 
         354  1 0.1013 0.1013 0.1057 0.0990 0.0968 0.0992 0.0968 0.0996 0.1022 0.0980 
         355  1 0.0989 0.0984 0.1017 0.1043 0.1007 0.0959 0.0977 0.1014 0.0997 0.1015 
         356  1 0.0992 0.0991 0.1027 0.1001 0.1012 0.0990 0.0991 0.0995 0.1001 0.0998 
         357  1 0.1074 0.0985 0.1015 0.0972 0.0996 0.1010 0.1040 0.0958 0.0948 0.1003 
         358  1 0.1029 0.1031 0.0998 0.0993 0.1022 0.0974 0.0980 0.0991 0.0963 0.1019 
         359  1 0.1028 0.1029 0.0997 0.0987 0.0981 0.1027 0.1017 0.1000 0.0918 0.1016 
         360  1 0.0986 0.0986 0.1015 0.0993 0.1008 0.0991 0.0993 0.1002 0.1029 0.0999 
         361  1 0.0998 0.0958 0.0980 0.0981 0.1022 0.1054 0.1079 0.0981 0.0954 0.0992 
         362  1 0.1042 0.0987 0.1022 0.1023 0.0965 0.1016 0.1003 0.0965 0.0980 0.0998 
         363  1 0.0999 0.0989 0.1012 0.1038 0.0991 0.0993 0.1019 0.0988 0.0974 0.1000 
         364  1 0.1004 0.1006 0.0992 0.1040 0.0980 0.1009 0.0971 0.0990 0.1017 0.0990 
         365  1 0.1053 0.0965 0.0979 0.0967 0.1019 0.0997 0.1037 0.1025 0.0972 0.0985 
         366  1 0.1003 0.0988 0.0997 0.0987 0.0986 0.1018 0.0990 0.1011 0.1005 0.1015 
         367  1 0.0966 0.1017 0.0980 0.1025 0.1019 0.0981 0.1017 0.0997 0.0993 0.1006 
         368  1 0.0975 0.0990 0.0977 0.0962 0.1046 0.0985 0.0982 0.0995 0.1097 0.0991 
         369  1 0.0974 0.0997 0.0976 0.1000 0.1009 0.1025 0.1000 0.1005 0.0984 0.1030 
         370  1 0.1007 0.1001 0.0994 0.1015 0.1009 0.0990 0.0972 0.0984 0.1011 0.1017 
         371  1 0.1013 0.1001 0.1004 0.1022 0.0964 0.1032 0.0992 0.0989 0.0988 0.0995 
         372  1 0.1003 0.1019 0.1006 0.0991 0.0993 0.0996 0.0989 0.0986 0.0997 0.1020 
         373  1 0.0989 0.1016 0.1006 0.0976 0.0990 0.0994 0.1005 0.1011 0.1017 0.0996 
         374  1 0.1036 0.0992 0.0992 0.0981 0.0968 0.1026 0.1022 0.0989 0.1026 0.0969 
         375  1 0.0997 0.1009 0.1016 0.0965 0.0974 0.0990 0.1017 0.1023 0.1011 0.0999 
         376  1 0.1028 0.0977 0.1003 0.1047 0.0982 0.0973 0.0977 0.0983 0.1038 0.0993 
         377  1 0.0992 0.0989 0.0999 0.0992 0.1006 0.1021 0.1009 0.1002 0.1002 0.0988 
         378  1 0.0996 0.1042 0.1010 0.1004 0.1012 0.0996 0.0977 0.0984 0.0954 0.1026 
         379  1 0.1009 0.0997 0.1017 0.1072 0.1004 0.0979 0.0969 0.0982 0.0995 0.0975 
         380  1 0.0993 0.0973 0.0996 0.1001 0.1027 0.0966 0.0977 0.1017 0.1065 0.0987 
         381  1 0.1028 0.0999 0.1013 0.0970 0.0987 0.0989 0.1001 0.1028 0.0986 0.0999 
         382  1 0.1011 0.1021 0.1013 0.1066 0.0960 0.0989 0.0962 0.0998 0.0972 0.1008 
         383  1 0.1008 0.1035 0.1004 0.0985 0.0981 0.1020 0.0976 0.1010 0.0983 0.0997 
         384  1 0.1029 0.0983 0.0992 0.0960 0.1003 0.1008 0.1033 0.0988 0.1003 0.1000 
         385  1 0.0988 0.1016 0.0991 0.1027 0.0958 0.1019 0.1014 0.1025 0.0941 0.1020 
         386  1 0.1000 0.1000 0.0984 0.0991 0.0977 0.1019 0.0979 0.1024 0.0986 0.1040 
         387  1 0.1031 0.0984 0.0997 0.1002 0.0988 0.0997 0.1026 0.0965 0.0974 0.1035 
         388  1 0.1024 0.0990 0.0972 0.1032 0.1005 0.0977 0.0962 0.0979 0.1035 0.1023 
         389  1 0.1013 0.0997 0.1016 0.1037 0.1006 0.0979 0.0973 0.1009 0.0992 0.0979 
         390  1 0.1012 0.0992 0.0999 0.0991 0.0970 0.1044 0.1029 0.0979 0.0961 0.1022 
         391  1 0.1017 0.0993 0.1017 0.0987 0.1018 0.1002 0.1012 0.0985 0.0961 0.1008 
         392  1 0.0992 0.0989 0.0970 0.0997 0.1023 0.1015 0.1008 0.0994 0.0993 0.1020 
         393  1 0.0987 0.0992 0.1001 0.1024 0.0992 0.1003 0.0975 0.0980 0.1049 0.0998 
         394  1 0.1019 0.1007 0.0997 0.0967 0.0991 0.1018 0.1012 0.1000 0.0965 0.1024 
         395  1 0.1005 0.1022 0.0996 0.0972 0.0990 0.0999 0.1023 0.1017 0.0961 0.1016 
         396  1 0.0983 0.0994 0.0994 0.1024 0.0986 0.0997 0.0986 0.1010 0.1015 0.1011 
         397  1 0.0990 0.1012 0.1014 0.0985 0.1007 0.1012 0.1025 0.1005 0.0952 0.0998 
         398  1 0.0983 0.1026 0.1029 0.1011 0.0980 0.0958 0.0990 0.1017 0.0991 0.1014 
         399  1 0.0951 0.1006 0.0997 0.1018 0.1008 0.0984 0.0968 0.1019 0.1058 0.0992 
         400  1 0.1002 0.1002 0.0985 0.1009 0.1029 0.0981 0.1016 0.0991 0.0979 0.1006 
         401  1 0.0967 0.0998 0.0999 0.1001 0.0977 0.1041 0.1023 0.1012 0.0981 0.1002 
         402  1 0.0989 0.1003 0.0979 0.0990 0.1025 0.0983 0.1004 0.1007 0.1019 0.1001 
         403  1 0.0988 0.1026 0.1002 0.1010 0.1042 0.0997 0.0972 0.0986 0.0982 0.0994 
         404  1 0.0984 0.1031 0.0989 0.1036 0.1006 0.1002 0.0951 0.0993 0.0990 0.1017 
         405  1 0.0994 0.1013 0.0993 0.1023 0.0967 0.1011 0.0983 0.1008 0.1008 0.1001 
         406  1 0.0966 0.1075 0.0988 0.1018 0.0962 0.0992 0.0967 0.1029 0.0987 0.1016 
         407  1 0.1012 0.1025 0.0991 0.0961 0.1010 0.0995 0.1008 0.0997 0.0995 0.1005 
         408  1 0.0971 0.0990 0.0992 0.1069 0.0972 0.1002 0.0984 0.1011 0.1010 0.1000 
         409  1 0.0993 0.1017 0.1033 0.1016 0.0980 0.1026 0.0992 0.0981 0.0947 0.1013 
         410  1 0.1000 0.1013 0.0979 0.0977 0.1017 0.1008 0.1024 0.1009 0.0964 0.1010 
         411  1 0.0978 0.0965 0.1018 0.0993 0.0979 0.1023 0.1001 0.1027 0.0999 0.1016 
         412  1 0.0976 0.1033 0.0973 0.1024 0.0981 0.1005 0.0975 0.1024 0.0984 0.1025 
         413  1 0.0995 0.0999 0.0976 0.1026 0.1014 0.1014 0.0985 0.0979 0.0999 0.1013 
         414  1 0.0948 0.0962 0.0972 0.1008 0.1084 0.0945 0.1007 0.1025 0.1028 0.1020 
         415  1 0.0998 0.1029 0.0980 0.0970 0.1020 0.0979 0.0980 0.1035 0.0991 0.1018 
         416  1 0.0973 0.1022 0.1000 0.0984 0.1017 0.0984 0.0967 0.1008 0.1014 0.1030 
         417  1 0.0996 0.1012 0.0986 0.1004 0.1000 0.1005 0.1005 0.0986 0.0981 0.1024 
         418  1 0.0977 0.1046 0.0985 0.1019 0.1011 0.1016 0.0986 0.0983 0.0989 0.0987 
         419  1 0.1010 0.0991 0.1008 0.1010 0.1004 0.1013 0.1003 0.0987 0.1004 0.0971 
         420  1 0.1003 0.1029 0.0992 0.1007 0.0991 0.0998 0.0987 0.1000 0.0986 0.1006 
         421  1 0.1029 0.0991 0.0993 0.0979 0.0970 0.1032 0.1056 0.0983 0.0998 0.0969 
         422  1 0.1017 0.1022 0.1011 0.0987 0.0980 0.0994 0.1014 0.0987 0.1003 0.0985 
         423  1 0.1005 0.0978 0.1001 0.0964 0.0993 0.1043 0.1038 0.1003 0.0991 0.0984 
         424  1 0.0978 0.0993 0.1001 0.1005 0.1005 0.0983 0.0938 0.1060 0.0981 0.1056 
         425  1 0.1018 0.0954 0.0986 0.1001 0.1034 0.1012 0.0968 0.0963 0.1066 0.0998 
         426  1 0.1003 0.1008 0.0984 0.0997 0.1003 0.1020 0.1017 0.0993 0.0986 0.0988 
         427  1 0.1008 0.1029 0.0995 0.1005 0.1010 0.0991 0.0998 0.0979 0.0975 0.1010 
         428  1 0.1011 0.0975 0.0968 0.0985 0.1042 0.0995 0.1029 0.1012 0.0996 0.0988 
         429  1 0.0996 0.1024 0.1010 0.1019 0.0986 0.0966 0.0983 0.1013 0.1000 0.1004 
         430  1 0.0986 0.1022 0.1007 0.0983 0.1012 0.0993 0.0991 0.1009 0.1003 0.0995 
         431  1 0.1008 0.0995 0.0971 0.1002 0.1016 0.0997 0.1007 0.1005 0.0988 0.1009 
         432  1 0.0997 0.0988 0.1023 0.1000 0.1025 0.0983 0.0992 0.0999 0.1004 0.0988 
         433  1 0.0985 0.0992 0.0996 0.0975 0.1031 0.0972 0.1023 0.0997 0.1019 0.1009 
         434  1 0.1031 0.0976 0.0992 0.1029 0.1005 0.0999 0.0998 0.0980 0.0983 0.1007 
         435  1 0.0965 0.1008 0.1014 0.1015 0.1013 0.0983 0.0984 0.1012 0.0999 0.1008 
         436  1 0.1026 0.1060 0.1028 0.1034 0.0989 0.0985 0.0942 0.0972 0.0952 0.1011 
         437  1 0.1030 0.1012 0.1019 0.0998 0.0992 0.1016 0.1002 0.0986 0.0962 0.0985 
         438  1 0.1013 0.0973 0.1015 0.0985 0.1004 0.1009 0.1002 0.1007 0.0959 0.1032 
         439  1 0.1006 0.1016 0.0995 0.0978 0.0995 0.1020 0.1022 0.0989 0.1000 0.0981 
         440  1 0.0986 0.0993 0.0993 0.1010 0.1022 0.0999 0.0981 0.1006 0.1008 0.1002 
         441  1 0.1002 0.0987 0.0994 0.0992 0.0997 0.0994 0.1025 0.0988 0.1041 0.0980 
         442  1 0.1021 0.0962 0.1010 0.0992 0.0996 0.1004 0.1025 0.0998 0.1010 0.0981 
         443  1 0.1001 0.1053 0.1021 0.1015 0.0987 0.0987 0.0975 0.0986 0.0968 0.1008 
         444  1 0.1011 0.0991 0.0997 0.0991 0.1014 0.1025 0.1016 0.0978 0.0999 0.0977 
         445  1 0.1016 0.0985 0.1015 0.1028 0.0978 0.1016 0.0977 0.0979 0.1006 0.0999 
         446  1 0.0990 0.0988 0.1010 0.0991 0.0987 0.1005 0.1030 0.0993 0.1008 0.0999 
         447  1 0.1003 0.1004 0.0997 0.0982 0.1019 0.0988 0.0989 0.1024 0.1010 0.0985 
         448  1 0.0997 0.0998 0.1013 0.1020 0.0999 0.0992 0.1020 0.0969 0.1005 0.0988 
         449  1 0.1002 0.1007 0.1000 0.1001 0.1004 0.1010 0.0985 0.1016 0.0980 0.0995 
         450  1 0.1003 0.0984 0.0973 0.0979 0.1036 0.1017 0.1007 0.1009 0.1008 0.0984 
         451  1 0.1029 0.0974 0.0983 0.1025 0.1001 0.0996 0.0972 0.0992 0.1026 0.1002 
         452  1 0.1014 0.0977 0.1004 0.0993 0.0994 0.0977 0.1005 0.0982 0.1032 0.1021 
         453  1 0.0974 0.1047 0.1037 0.1018 0.0953 0.0973 0.0976 0.1045 0.0979 0.0998 
         454  1 0.0982 0.1003 0.1025 0.1021 0.1018 0.0995 0.0961 0.0993 0.1000 0.1001 
         455  1 0.1011 0.1011 0.0996 0.1038 0.0982 0.1012 0.0965 0.0981 0.1029 0.0975 
         456  1 0.1001 0.0993 0.1003 0.0999 0.1005 0.0963 0.0997 0.0990 0.1024 0.1025 
         457  1 0.0976 0.1023 0.0977 0.1003 0.0969 0.1004 0.0987 0.1008 0.1026 0.1027 
         458  1 0.1005 0.1027 0.1023 0.1033 0.0981 0.0973 0.0992 0.0994 0.0993 0.0979 
         459  1 0.0961 0.0985 0.0995 0.0989 0.1027 0.0978 0.0999 0.1017 0.1047 0.1001 
