           1  1 0.1465 0.1447 0.1425 0.1428 0.1471 0.1374 0.1392 
           2  1 0.1299 0.1475 0.1441 0.1448 0.1423 0.1433 0.1481 
           3  1 0.1371 0.1480 0.1463 0.1466 0.1402 0.1366 0.1451 
           4  1 0.1429 0.1490 0.1481 0.1512 0.1407 0.1348 0.1333 
           5  1 0.1421 0.1404 0.1411 0.1449 0.1459 0.1411 0.1445 
           6  1 0.1424 0.1387 0.1360 0.1421 0.1532 0.1395 0.1480 
           7  1 0.1480 0.1448 0.1401 0.1452 0.1445 0.1401 0.1372 
           8  1 0.1410 0.1477 0.1431 0.1425 0.1431 0.1348 0.1477 
           9  1 0.1418 0.1434 0.1447 0.1460 0.1380 0.1439 0.1422 
          10  1 0.1460 0.1446 0.1415 0.1427 0.1407 0.1442 0.1402 
          11  1 0.1423 0.1393 0.1415 0.1404 0.1436 0.1486 0.1444 
          12  1 0.1434 0.1417 0.1435 0.1399 0.1410 0.1457 0.1447 
          13  1 0.1411 0.1407 0.1346 0.1361 0.1537 0.1430 0.1509 
          14  1 0.1350 0.1429 0.1382 0.1402 0.1502 0.1371 0.1564 
          15  1 0.1418 0.1470 0.1398 0.1427 0.1470 0.1405 0.1413 
          16  1 0.1458 0.1369 0.1424 0.1404 0.1485 0.1386 0.1473 
          17  1 0.1485 0.1418 0.1416 0.1422 0.1414 0.1459 0.1386 
          18  1 0.1440 0.1417 0.1420 0.1412 0.1399 0.1438 0.1475 
          19  1 0.1416 0.1465 0.1403 0.1441 0.1460 0.1398 0.1416 
          20  1 0.1560 0.1377 0.1390 0.1396 0.1453 0.1421 0.1403 
          21  1 0.1421 0.1433 0.1411 0.1427 0.1438 0.1433 0.1436 
          22  1 0.1349 0.1412 0.1413 0.1383 0.1462 0.1482 0.1499 
          23  1 0.1346 0.1434 0.1407 0.1389 0.1496 0.1457 0.1471 
          24  1 0.1517 0.1446 0.1415 0.1509 0.1360 0.1340 0.1414 
          25  1 0.1378 0.1465 0.1524 0.1474 0.1345 0.1428 0.1387 
          26  1 0.1544 0.1385 0.1397 0.1393 0.1437 0.1463 0.1381 
          27  1 0.1364 0.1438 0.1420 0.1458 0.1452 0.1442 0.1425 
          28  1 0.1396 0.1453 0.1480 0.1432 0.1368 0.1466 0.1404 
          29  1 0.1392 0.1448 0.1463 0.1420 0.1435 0.1411 0.1431 
          30  1 0.1362 0.1462 0.1508 0.1462 0.1388 0.1417 0.1401 
          31  1 0.1391 0.1397 0.1406 0.1387 0.1450 0.1465 0.1504 
          32  1 0.1397 0.1425 0.1522 0.1461 0.1349 0.1465 0.1381 
          33  1 0.1445 0.1416 0.1432 0.1399 0.1409 0.1480 0.1418 
          34  1 0.1534 0.1402 0.1406 0.1409 0.1434 0.1404 0.1411 
          35  1 0.1379 0.1447 0.1428 0.1456 0.1397 0.1457 0.1435 
          36  1 0.1410 0.1434 0.1460 0.1427 0.1403 0.1402 0.1464 
          37  1 0.1480 0.1404 0.1394 0.1422 0.1389 0.1495 0.1416 
          38  1 0.1342 0.1438 0.1453 0.1414 0.1437 0.1489 0.1426 
          39  1 0.1370 0.1464 0.1480 0.1467 0.1396 0.1403 0.1419 
          40  1 0.1411 0.1401 0.1365 0.1413 0.1525 0.1419 0.1466 
          41  1 0.1449 0.1410 0.1398 0.1384 0.1460 0.1454 0.1445 
          42  1 0.1395 0.1413 0.1500 0.1419 0.1388 0.1465 0.1420 
          43  1 0.1441 0.1446 0.1397 0.1407 0.1449 0.1466 0.1395 
          44  1 0.1461 0.1396 0.1386 0.1401 0.1467 0.1445 0.1443 
          45  1 0.1427 0.1357 0.1353 0.1380 0.1518 0.1413 0.1551 
          46  1 0.1419 0.1497 0.1436 0.1452 0.1420 0.1376 0.1401 
          47  1 0.1406 0.1455 0.1423 0.1410 0.1414 0.1460 0.1433 
          48  1 0.1386 0.1452 0.1415 0.1454 0.1443 0.1430 0.1420 
          49  1 0.1415 0.1411 0.1453 0.1386 0.1439 0.1485 0.1411 
          50  1 0.1357 0.1356 0.1412 0.1405 0.1508 0.1387 0.1574 
          51  1 0.1547 0.1375 0.1439 0.1410 0.1391 0.1486 0.1354 
          52  1 0.1489 0.1388 0.1364 0.1364 0.1451 0.1530 0.1413 
          53  1 0.1509 0.1390 0.1350 0.1367 0.1446 0.1526 0.1412 
          54  1 0.1408 0.1422 0.1412 0.1435 0.1405 0.1530 0.1388 
          55  1 0.1482 0.1411 0.1464 0.1419 0.1327 0.1485 0.1412 
          56  1 0.1334 0.1387 0.1434 0.1400 0.1490 0.1387 0.1566 
          57  1 0.1515 0.1381 0.1436 0.1425 0.1363 0.1490 0.1390 
          58  1 0.1578 0.1389 0.1396 0.1372 0.1418 0.1471 0.1376 
          59  1 0.1388 0.1411 0.1376 0.1419 0.1486 0.1482 0.1438 
          60  1 0.1483 0.1402 0.1390 0.1416 0.1457 0.1405 0.1446 
          61  1 0.1445 0.1450 0.1415 0.1461 0.1449 0.1378 0.1403 
          62  1 0.1421 0.1429 0.1417 0.1397 0.1438 0.1423 0.1474 
          63  1 0.1352 0.1431 0.1435 0.1396 0.1451 0.1421 0.1514 
          64  1 0.1485 0.1381 0.1476 0.1428 0.1354 0.1476 0.1400 
          65  1 0.1469 0.1428 0.1422 0.1414 0.1403 0.1429 0.1435 
          66  1 0.1341 0.1506 0.1534 0.1551 0.1324 0.1367 0.1377 
          67  1 0.1422 0.1417 0.1524 0.1417 0.1337 0.1485 0.1398 
          68  1 0.1435 0.1406 0.1421 0.1403 0.1428 0.1448 0.1459 
          69  1 0.1409 0.1441 0.1469 0.1439 0.1383 0.1442 0.1417 
          70  1 0.1451 0.1420 0.1437 0.1396 0.1431 0.1439 0.1425 
          71  1 0.1355 0.1391 0.1400 0.1383 0.1494 0.1437 0.1539 
          72  1 0.1420 0.1416 0.1459 0.1471 0.1381 0.1466 0.1386 
          73  1 0.1398 0.1477 0.1493 0.1490 0.1334 0.1410 0.1398 
          74  1 0.1540 0.1383 0.1353 0.1384 0.1490 0.1407 0.1444 
          75  1 0.1357 0.1479 0.1455 0.1473 0.1425 0.1383 0.1428 
          76  1 0.1368 0.1444 0.1433 0.1435 0.1427 0.1433 0.1459 
          77  1 0.1362 0.1425 0.1426 0.1394 0.1439 0.1441 0.1512 
          78  1 0.1348 0.1442 0.1477 0.1426 0.1449 0.1471 0.1387 
          79  1 0.1376 0.1411 0.1401 0.1442 0.1475 0.1404 0.1492 
          80  1 0.1366 0.1427 0.1439 0.1484 0.1422 0.1410 0.1451 
          81  1 0.1398 0.1409 0.1451 0.1414 0.1382 0.1459 0.1486 
          82  1 0.1417 0.1400 0.1395 0.1425 0.1459 0.1458 0.1446 
          83  1 0.1422 0.1417 0.1445 0.1410 0.1435 0.1453 0.1418 
          84  1 0.1348 0.1445 0.1467 0.1456 0.1444 0.1418 0.1422 
          85  1 0.1450 0.1441 0.1413 0.1427 0.1470 0.1393 0.1405 
          86  1 0.1465 0.1448 0.1427 0.1383 0.1419 0.1467 0.1391 
          87  1 0.1429 0.1442 0.1417 0.1424 0.1429 0.1431 0.1427 
          88  1 0.1470 0.1396 0.1404 0.1381 0.1452 0.1442 0.1455 
          89  1 0.1443 0.1409 0.1414 0.1411 0.1425 0.1449 0.1448 
          90  1 0.1482 0.1453 0.1460 0.1457 0.1395 0.1419 0.1334 
          91  1 0.1457 0.1406 0.1476 0.1429 0.1345 0.1486 0.1401 
          92  1 0.1379 0.1484 0.1442 0.1471 0.1378 0.1412 0.1434 
          93  1 0.1404 0.1430 0.1431 0.1417 0.1419 0.1443 0.1456 
          94  1 0.1641 0.1335 0.1346 0.1363 0.1501 0.1443 0.1372 
          95  1 0.1501 0.1385 0.1400 0.1383 0.1474 0.1449 0.1407 
          96  1 0.1376 0.1451 0.1427 0.1432 0.1439 0.1440 0.1434 
          97  1 0.1431 0.1415 0.1473 0.1457 0.1336 0.1497 0.1392 
          98  1 0.1502 0.1395 0.1468 0.1418 0.1373 0.1446 0.1398 
          99  1 0.1410 0.1488 0.1474 0.1475 0.1392 0.1403 0.1357 
         100  1 0.1417 0.1455 0.1477 0.1444 0.1386 0.1441 0.1381 
         101  1 0.1401 0.1414 0.1455 0.1448 0.1397 0.1504 0.1381 
         102  1 0.1407 0.1429 0.1425 0.1420 0.1436 0.1436 0.1447 
         103  1 0.1451 0.1402 0.1447 0.1413 0.1381 0.1478 0.1428 
         104  1 0.1427 0.1432 0.1482 0.1406 0.1396 0.1435 0.1420 
         105  1 0.1493 0.1409 0.1394 0.1386 0.1421 0.1443 0.1454 
         106  1 0.1598 0.1436 0.1398 0.1385 0.1397 0.1445 0.1341 
         107  1 0.1639 0.1376 0.1323 0.1427 0.1437 0.1401 0.1396 
         108  1 0.1369 0.1391 0.1449 0.1354 0.1521 0.1517 0.1399 
         109  1 0.1297 0.1515 0.1507 0.1548 0.1334 0.1342 0.1456 
         110  1 0.1323 0.1434 0.1421 0.1427 0.1466 0.1416 0.1513 
         111  1 0.1430 0.1416 0.1416 0.1474 0.1467 0.1378 0.1420 
         112  1 0.1460 0.1475 0.1447 0.1469 0.1340 0.1414 0.1395 
         113  1 0.1419 0.1414 0.1403 0.1421 0.1464 0.1403 0.1475 
         114  1 0.1406 0.1403 0.1423 0.1398 0.1434 0.1450 0.1485 
         115  1 0.1445 0.1424 0.1379 0.1396 0.1460 0.1405 0.1490 
         116  1 0.1379 0.1414 0.1433 0.1403 0.1432 0.1479 0.1460 
         117  1 0.1489 0.1409 0.1406 0.1406 0.1381 0.1477 0.1432 
         118  1 0.1396 0.1461 0.1494 0.1435 0.1378 0.1435 0.1400 
         119  1 0.1426 0.1424 0.1434 0.1419 0.1439 0.1441 0.1417 
         120  1 0.1439 0.1422 0.1389 0.1427 0.1482 0.1391 0.1450 
         121  1 0.1416 0.1415 0.1446 0.1438 0.1436 0.1400 0.1449 
         122  1 0.1410 0.1450 0.1443 0.1432 0.1443 0.1422 0.1400 
         123  1 0.1375 0.1464 0.1525 0.1466 0.1371 0.1421 0.1379 
         124  1 0.1648 0.1307 0.1321 0.1361 0.1516 0.1406 0.1441 
         125  1 0.1400 0.1492 0.1445 0.1449 0.1460 0.1332 0.1421 
         126  1 0.1415 0.1385 0.1436 0.1413 0.1455 0.1399 0.1498 
         127  1 0.1398 0.1441 0.1416 0.1427 0.1455 0.1422 0.1441 
         128  1 0.1407 0.1438 0.1399 0.1420 0.1458 0.1454 0.1424 
         129  1 0.1420 0.1396 0.1465 0.1397 0.1469 0.1434 0.1419 
         130  1 0.1358 0.1415 0.1474 0.1396 0.1453 0.1482 0.1422 
         131  1 0.1499 0.1432 0.1424 0.1472 0.1344 0.1411 0.1418 
         132  1 0.1390 0.1420 0.1352 0.1409 0.1530 0.1418 0.1481 
         133  1 0.1364 0.1473 0.1459 0.1468 0.1401 0.1432 0.1403 
         134  1 0.1346 0.1532 0.1493 0.1533 0.1365 0.1327 0.1405 
         135  1 0.1505 0.1424 0.1479 0.1465 0.1360 0.1436 0.1331 
         136  1 0.1507 0.1409 0.1418 0.1418 0.1422 0.1454 0.1372 
         137  1 0.1347 0.1434 0.1459 0.1424 0.1418 0.1483 0.1435 
         138  1 0.1385 0.1430 0.1458 0.1445 0.1453 0.1430 0.1400 
         139  1 0.1456 0.1412 0.1391 0.1417 0.1463 0.1405 0.1456 
         140  1 0.1387 0.1417 0.1402 0.1420 0.1457 0.1468 0.1450 
         141  1 0.1374 0.1496 0.1409 0.1444 0.1464 0.1400 0.1414 
         142  1 0.1437 0.1429 0.1509 0.1468 0.1358 0.1415 0.1385 
         143  1 0.1355 0.1435 0.1450 0.1396 0.1462 0.1408 0.1495 
         144  1 0.1427 0.1452 0.1535 0.1456 0.1349 0.1421 0.1360 
         145  1 0.1412 0.1479 0.1467 0.1446 0.1310 0.1475 0.1411 
         146  1 0.1416 0.1426 0.1451 0.1449 0.1388 0.1443 0.1426 
         147  1 0.1456 0.1422 0.1394 0.1443 0.1445 0.1409 0.1430 
         148  1 0.1398 0.1455 0.1475 0.1448 0.1424 0.1393 0.1408 
         149  1 0.1393 0.1495 0.1421 0.1429 0.1428 0.1372 0.1462 
         150  1 0.1369 0.1445 0.1426 0.1456 0.1421 0.1448 0.1435 
         151  1 0.1415 0.1406 0.1478 0.1398 0.1390 0.1490 0.1423 
         152  1 0.1427 0.1421 0.1394 0.1417 0.1468 0.1458 0.1416 
         153  1 0.1427 0.1425 0.1459 0.1454 0.1417 0.1436 0.1382 
         154  1 0.1414 0.1506 0.1460 0.1461 0.1379 0.1394 0.1385 
         155  1 0.1395 0.1421 0.1437 0.1408 0.1419 0.1504 0.1417 
         156  1 0.1441 0.1389 0.1482 0.1423 0.1408 0.1444 0.1412 
         157  1 0.1443 0.1454 0.1442 0.1449 0.1400 0.1345 0.1466 
         158  1 0.1351 0.1470 0.1457 0.1497 0.1430 0.1414 0.1382 
         159  1 0.1362 0.1446 0.1441 0.1478 0.1461 0.1331 0.1481 
         160  1 0.1375 0.1420 0.1425 0.1403 0.1498 0.1418 0.1461 
         161  1 0.1399 0.1467 0.1440 0.1467 0.1442 0.1399 0.1386 
         162  1 0.1472 0.1419 0.1406 0.1407 0.1462 0.1440 0.1394 
         163  1 0.1513 0.1413 0.1435 0.1450 0.1392 0.1405 0.1393 
         164  1 0.1426 0.1395 0.1361 0.1380 0.1534 0.1434 0.1470 
         165  1 0.1397 0.1427 0.1377 0.1430 0.1454 0.1442 0.1472 
         166  1 0.1498 0.1385 0.1394 0.1413 0.1435 0.1450 0.1424 
         167  1 0.1406 0.1448 0.1416 0.1422 0.1433 0.1430 0.1444 
         168  1 0.1481 0.1445 0.1471 0.1425 0.1343 0.1427 0.1408 
         169  1 0.1435 0.1368 0.1422 0.1398 0.1475 0.1442 0.1460 
         170  1 0.1390 0.1415 0.1403 0.1381 0.1490 0.1446 0.1475 
         171  1 0.1353 0.1396 0.1449 0.1417 0.1504 0.1375 0.1508 
         172  1 0.1386 0.1385 0.1385 0.1368 0.1553 0.1461 0.1462 
         173  1 0.1378 0.1441 0.1428 0.1455 0.1452 0.1401 0.1446 
         174  1 0.1375 0.1453 0.1431 0.1436 0.1472 0.1391 0.1442 
         175  1 0.1435 0.1415 0.1421 0.1391 0.1442 0.1428 0.1468 
         176  1 0.1548 0.1406 0.1403 0.1407 0.1441 0.1406 0.1388 
         177  1 0.1389 0.1471 0.1424 0.1418 0.1440 0.1415 0.1443 
         178  1 0.1418 0.1438 0.1441 0.1410 0.1412 0.1452 0.1428 
         179  1 0.1350 0.1478 0.1452 0.1471 0.1380 0.1415 0.1454 
         180  1 0.1356 0.1385 0.1376 0.1364 0.1527 0.1409 0.1584 
         181  1 0.1401 0.1423 0.1463 0.1424 0.1364 0.1477 0.1450 
         182  1 0.1417 0.1421 0.1437 0.1408 0.1398 0.1481 0.1438 
         183  1 0.1388 0.1432 0.1422 0.1392 0.1479 0.1473 0.1413 
         184  1 0.1403 0.1393 0.1403 0.1385 0.1478 0.1422 0.1516 
         185  1 0.1417 0.1423 0.1468 0.1403 0.1389 0.1474 0.1426 
         186  1 0.1540 0.1373 0.1390 0.1387 0.1477 0.1423 0.1410 
         187  1 0.1508 0.1385 0.1380 0.1397 0.1472 0.1439 0.1419 
         188  1 0.1390 0.1418 0.1428 0.1414 0.1429 0.1505 0.1417 
         189  1 0.1407 0.1428 0.1397 0.1407 0.1436 0.1459 0.1465 
         190  1 0.1381 0.1386 0.1444 0.1391 0.1495 0.1443 0.1460 
         191  1 0.1301 0.1413 0.1401 0.1401 0.1542 0.1440 0.1502 
         192  1 0.1369 0.1498 0.1478 0.1460 0.1380 0.1392 0.1422 
         193  1 0.1419 0.1454 0.1443 0.1452 0.1352 0.1463 0.1417 
         194  1 0.1351 0.1456 0.1447 0.1416 0.1412 0.1435 0.1483 
         195  1 0.1366 0.1491 0.1444 0.1481 0.1390 0.1392 0.1436 
         196  1 0.1404 0.1433 0.1392 0.1407 0.1458 0.1445 0.1460 
         197  1 0.1414 0.1426 0.1508 0.1451 0.1415 0.1409 0.1376 
         198  1 0.1442 0.1388 0.1390 0.1375 0.1488 0.1429 0.1489 
         199  1 0.1390 0.1484 0.1414 0.1454 0.1391 0.1433 0.1434 
         200  1 0.1337 0.1501 0.1479 0.1475 0.1418 0.1434 0.1355 
         201  1 0.1459 0.1435 0.1498 0.1433 0.1352 0.1452 0.1371 
         202  1 0.1527 0.1372 0.1381 0.1401 0.1429 0.1458 0.1432 
         203  1 0.1346 0.1415 0.1431 0.1407 0.1451 0.1469 0.1481 
         204  1 0.1506 0.1398 0.1381 0.1448 0.1482 0.1389 0.1397 
         205  1 0.1381 0.1442 0.1403 0.1428 0.1459 0.1426 0.1459 
         206  1 0.1430 0.1409 0.1401 0.1420 0.1450 0.1394 0.1496 
         207  1 0.1583 0.1366 0.1361 0.1383 0.1504 0.1406 0.1397 
         208  1 0.1453 0.1499 0.1445 0.1465 0.1370 0.1377 0.1391 
         209  1 0.1440 0.1391 0.1419 0.1454 0.1417 0.1460 0.1419 
         210  1 0.1349 0.1445 0.1481 0.1436 0.1468 0.1342 0.1479 
         211  1 0.1303 0.1656 0.1474 0.1639 0.1304 0.1305 0.1319 
         212  1 0.1459 0.1411 0.1456 0.1394 0.1389 0.1476 0.1416 
         213  1 0.1381 0.1413 0.1393 0.1461 0.1487 0.1451 0.1414 
         214  1 0.1404 0.1480 0.1523 0.1527 0.1359 0.1374 0.1333 
         215  1 0.1414 0.1403 0.1444 0.1424 0.1471 0.1411 0.1432 
         216  1 0.1403 0.1403 0.1459 0.1405 0.1418 0.1450 0.1461 
         217  1 0.1303 0.1468 0.1479 0.1469 0.1431 0.1426 0.1423 
         218  1 0.1293 0.1402 0.1355 0.1371 0.1538 0.1444 0.1597 
         219  1 0.1358 0.1440 0.1465 0.1463 0.1382 0.1431 0.1461 
         220  1 0.1356 0.1439 0.1423 0.1450 0.1442 0.1410 0.1479 
         221  1 0.1463 0.1476 0.1460 0.1447 0.1380 0.1405 0.1370 
         222  1 0.1567 0.1382 0.1364 0.1378 0.1453 0.1448 0.1409 
         223  1 0.1628 0.1390 0.1365 0.1401 0.1415 0.1431 0.1371 
         224  1 0.1581 0.1378 0.1354 0.1381 0.1487 0.1416 0.1404 
         225  1 0.1437 0.1410 0.1360 0.1411 0.1504 0.1425 0.1453 
         226  1 0.1409 0.1422 0.1397 0.1410 0.1472 0.1417 0.1473 
         227  1 0.1486 0.1413 0.1413 0.1386 0.1427 0.1471 0.1404 
         228  1 0.1444 0.1433 0.1434 0.1473 0.1352 0.1441 0.1424 
         229  1 0.1446 0.1409 0.1441 0.1415 0.1414 0.1437 0.1439 
         230  1 0.1465 0.1424 0.1522 0.1426 0.1398 0.1403 0.1362 
         231  1 0.1397 0.1398 0.1496 0.1437 0.1369 0.1542 0.1362 
         232  1 0.1472 0.1399 0.1443 0.1420 0.1387 0.1467 0.1412 
         233  1 0.1532 0.1403 0.1428 0.1425 0.1403 0.1431 0.1378 
         234  1 0.1398 0.1422 0.1424 0.1387 0.1429 0.1458 0.1481 
         235  1 0.1431 0.1418 0.1502 0.1437 0.1374 0.1453 0.1386 
         236  1 0.1355 0.1475 0.1428 0.1432 0.1491 0.1405 0.1415 
         237  1 0.1437 0.1410 0.1498 0.1450 0.1341 0.1444 0.1420 
         238  1 0.1387 0.1458 0.1462 0.1451 0.1439 0.1405 0.1398 
         239  1 0.1438 0.1425 0.1382 0.1411 0.1429 0.1449 0.1467 
         240  1 0.1369 0.1409 0.1397 0.1382 0.1524 0.1462 0.1457 
         241  1 0.1426 0.1436 0.1439 0.1421 0.1383 0.1476 0.1419 
         242  1 0.1497 0.1385 0.1413 0.1441 0.1414 0.1453 0.1397 
         243  1 0.1435 0.1407 0.1398 0.1447 0.1460 0.1378 0.1474 
         244  1 0.1383 0.1446 0.1443 0.1419 0.1418 0.1424 0.1466 
         245  1 0.1451 0.1400 0.1366 0.1398 0.1476 0.1441 0.1468 
         246  1 0.1373 0.1431 0.1416 0.1413 0.1489 0.1383 0.1496 
         247  1 0.1370 0.1468 0.1425 0.1407 0.1452 0.1414 0.1463 
         248  1 0.1437 0.1454 0.1461 0.1394 0.1379 0.1475 0.1399 
         249  1 0.1411 0.1433 0.1427 0.1464 0.1432 0.1400 0.1433 
         250  1 0.1371 0.1404 0.1414 0.1372 0.1477 0.1479 0.1483 
         251  1 0.1376 0.1385 0.1469 0.1415 0.1450 0.1480 0.1425 
         252  1 0.1372 0.1423 0.1434 0.1412 0.1449 0.1378 0.1532 
         253  1 0.1456 0.1454 0.1436 0.1461 0.1370 0.1423 0.1400 
         254  1 0.1403 0.1425 0.1418 0.1434 0.1406 0.1423 0.1491 
         255  1 0.1374 0.1455 0.1422 0.1463 0.1454 0.1379 0.1454 
         256  1 0.1441 0.1403 0.1433 0.1455 0.1386 0.1439 0.1443 
         257  1 0.1301 0.1552 0.1480 0.1479 0.1426 0.1399 0.1362 
         258  1 0.1425 0.1463 0.1436 0.1471 0.1425 0.1379 0.1401 
         259  1 0.1333 0.1516 0.1458 0.1483 0.1364 0.1458 0.1389 
         260  1 0.1359 0.1432 0.1469 0.1473 0.1404 0.1412 0.1450 
         261  1 0.1609 0.1333 0.1320 0.1384 0.1503 0.1456 0.1395 
         262  1 0.1363 0.1469 0.1456 0.1440 0.1453 0.1361 0.1458 
         263  1 0.1436 0.1393 0.1488 0.1425 0.1378 0.1430 0.1450 
         264  1 0.1370 0.1450 0.1438 0.1413 0.1429 0.1443 0.1457 
         265  1 0.1370 0.1466 0.1444 0.1448 0.1401 0.1458 0.1413 
         266  1 0.1298 0.1420 0.1426 0.1379 0.1498 0.1506 0.1472 
         267  1 0.1401 0.1456 0.1456 0.1472 0.1344 0.1425 0.1445 
         268  1 0.1581 0.1420 0.1372 0.1386 0.1480 0.1410 0.1350 
         269  1 0.1454 0.1537 0.1464 0.1525 0.1330 0.1368 0.1321 
         270  1 0.1365 0.1393 0.1414 0.1385 0.1461 0.1520 0.1463 
         271  1 0.1411 0.1384 0.1419 0.1367 0.1477 0.1478 0.1463 
         272  1 0.1354 0.1457 0.1471 0.1476 0.1400 0.1452 0.1388 
         273  1 0.1427 0.1427 0.1477 0.1407 0.1372 0.1454 0.1436 
         274  1 0.1378 0.1438 0.1444 0.1451 0.1418 0.1405 0.1468 
         275  1 0.1349 0.1522 0.1459 0.1529 0.1363 0.1378 0.1398 
         276  1 0.1339 0.1406 0.1348 0.1364 0.1534 0.1505 0.1504 
         277  1 0.1443 0.1403 0.1400 0.1403 0.1452 0.1464 0.1434 
         278  1 0.1563 0.1431 0.1400 0.1423 0.1434 0.1425 0.1323 
         279  1 0.1406 0.1445 0.1408 0.1425 0.1467 0.1391 0.1459 
         280  1 0.1531 0.1425 0.1385 0.1420 0.1400 0.1421 0.1418 
         281  1 0.1414 0.1424 0.1488 0.1407 0.1338 0.1516 0.1412 
         282  1 0.1508 0.1418 0.1432 0.1375 0.1427 0.1426 0.1415 
         283  1 0.1417 0.1389 0.1400 0.1396 0.1497 0.1404 0.1498 
         284  1 0.1438 0.1352 0.1364 0.1399 0.1480 0.1468 0.1497 
         285  1 0.1459 0.1413 0.1478 0.1423 0.1381 0.1431 0.1416 
         286  1 0.1426 0.1450 0.1408 0.1423 0.1432 0.1381 0.1481 
         287  1 0.1428 0.1378 0.1436 0.1403 0.1453 0.1457 0.1447 
         288  1 0.1384 0.1427 0.1417 0.1402 0.1481 0.1454 0.1435 
         289  1 0.1450 0.1411 0.1458 0.1432 0.1325 0.1506 0.1417 
         290  1 0.1569 0.1372 0.1378 0.1387 0.1413 0.1435 0.1446 
         291  1 0.1447 0.1423 0.1457 0.1445 0.1424 0.1387 0.1417 
         292  1 0.1364 0.1409 0.1408 0.1428 0.1456 0.1473 0.1463 
         293  1 0.1406 0.1399 0.1454 0.1423 0.1383 0.1489 0.1444 
         294  1 0.1487 0.1419 0.1422 0.1408 0.1397 0.1464 0.1401 
         295  1 0.1402 0.1440 0.1480 0.1467 0.1366 0.1466 0.1379 
         296  1 0.1567 0.1379 0.1378 0.1398 0.1427 0.1472 0.1379 
         297  1 0.1394 0.1420 0.1414 0.1437 0.1436 0.1494 0.1404 
         298  1 0.1510 0.1415 0.1480 0.1434 0.1337 0.1477 0.1348 
         299  1 0.1431 0.1418 0.1419 0.1436 0.1403 0.1505 0.1388 
         300  1 0.1393 0.1505 0.1438 0.1460 0.1446 0.1359 0.1400 
         301  1 0.1355 0.1409 0.1432 0.1432 0.1480 0.1477 0.1416 
         302  1 0.1373 0.1467 0.1419 0.1442 0.1441 0.1422 0.1436 
         303  1 0.1355 0.1428 0.1373 0.1400 0.1491 0.1429 0.1524 
         304  1 0.1343 0.1369 0.1379 0.1388 0.1509 0.1441 0.1570 
         305  1 0.1409 0.1415 0.1358 0.1417 0.1477 0.1392 0.1532 
         306  1 0.1330 0.1469 0.1493 0.1417 0.1402 0.1422 0.1468 
         307  1 0.1482 0.1441 0.1453 0.1432 0.1375 0.1445 0.1372 
         308  1 0.1452 0.1416 0.1499 0.1485 0.1379 0.1382 0.1386 
         309  1 0.1426 0.1414 0.1461 0.1427 0.1398 0.1461 0.1412 
         310  1 0.1461 0.1439 0.1418 0.1426 0.1425 0.1403 0.1428 
         311  1 0.1419 0.1414 0.1404 0.1411 0.1475 0.1392 0.1484 
         312  1 0.1377 0.1391 0.1357 0.1401 0.1491 0.1415 0.1567 
         313  1 0.1419 0.1455 0.1416 0.1461 0.1418 0.1419 0.1411 
         314  1 0.1446 0.1392 0.1456 0.1425 0.1379 0.1494 0.1408 
         315  1 0.1336 0.1465 0.1440 0.1486 0.1454 0.1377 0.1443 
         316  1 0.1456 0.1425 0.1456 0.1492 0.1380 0.1452 0.1339 
         317  1 0.1487 0.1377 0.1391 0.1460 0.1435 0.1468 0.1382 
         318  1 0.1434 0.1439 0.1465 0.1431 0.1344 0.1458 0.1429 
         319  1 0.1370 0.1445 0.1463 0.1488 0.1398 0.1314 0.1522 
         320  1 0.1432 0.1387 0.1449 0.1413 0.1484 0.1417 0.1418 
         321  1 0.1420 0.1441 0.1432 0.1444 0.1426 0.1382 0.1455 
         322  1 0.1388 0.1410 0.1473 0.1377 0.1411 0.1477 0.1465 
         323  1 0.1578 0.1360 0.1423 0.1402 0.1478 0.1428 0.1332 
         324  1 0.1433 0.1512 0.1428 0.1474 0.1392 0.1405 0.1356 
         325  1 0.1376 0.1422 0.1450 0.1408 0.1383 0.1524 0.1437 
         326  1 0.1311 0.1488 0.1498 0.1505 0.1375 0.1367 0.1456 
         327  1 0.1511 0.1378 0.1367 0.1386 0.1449 0.1473 0.1436 
         328  1 0.1416 0.1447 0.1474 0.1458 0.1350 0.1431 0.1425 
         329  1 0.1379 0.1437 0.1469 0.1421 0.1415 0.1451 0.1428 
         330  1 0.1431 0.1401 0.1392 0.1406 0.1495 0.1411 0.1463 
         331  1 0.1552 0.1416 0.1390 0.1398 0.1402 0.1438 0.1403 
         332  1 0.1434 0.1433 0.1441 0.1473 0.1433 0.1404 0.1382 
         333  1 0.1442 0.1378 0.1373 0.1425 0.1506 0.1430 0.1445 
         334  1 0.1430 0.1399 0.1436 0.1408 0.1466 0.1441 0.1420 
         335  1 0.1510 0.1386 0.1470 0.1424 0.1379 0.1498 0.1333 
         336  1 0.1593 0.1343 0.1336 0.1357 0.1522 0.1449 0.1400 
         337  1 0.1423 0.1445 0.1473 0.1483 0.1380 0.1428 0.1368 
         338  1 0.1380 0.1443 0.1427 0.1473 0.1379 0.1425 0.1474 
         339  1 0.1365 0.1403 0.1418 0.1400 0.1443 0.1461 0.1510 
         340  1 0.1340 0.1480 0.1471 0.1444 0.1391 0.1408 0.1466 
         341  1 0.1444 0.1468 0.1396 0.1441 0.1435 0.1397 0.1420 
         342  1 0.1352 0.1461 0.1437 0.1428 0.1458 0.1450 0.1413 
         343  1 0.1453 0.1412 0.1405 0.1405 0.1441 0.1404 0.1480 
         344  1 0.1357 0.1492 0.1500 0.1477 0.1335 0.1455 0.1383 
         345  1 0.1412 0.1468 0.1485 0.1458 0.1372 0.1409 0.1396 
         346  1 0.1486 0.1413 0.1358 0.1392 0.1490 0.1423 0.1436 
         347  1 0.1403 0.1449 0.1400 0.1426 0.1478 0.1417 0.1427 
         348  1 0.1387 0.1414 0.1449 0.1453 0.1391 0.1418 0.1488 
         349  1 0.1328 0.1421 0.1395 0.1389 0.1490 0.1466 0.1511 
         350  1 0.1636 0.1387 0.1354 0.1415 0.1431 0.1409 0.1367 
         351  1 0.1454 0.1436 0.1418 0.1452 0.1399 0.1375 0.1467 
         352  1 0.1604 0.1349 0.1420 0.1402 0.1385 0.1502 0.1339 
         353  1 0.1433 0.1391 0.1425 0.1429 0.1450 0.1409 0.1462 
         354  1 0.1353 0.1427 0.1382 0.1399 0.1456 0.1496 0.1487 
         355  1 0.1402 0.1382 0.1418 0.1414 0.1472 0.1475 0.1436 
         356  1 0.1456 0.1441 0.1417 0.1397 0.1447 0.1427 0.1415 
         357  1 0.1323 0.1444 0.1499 0.1429 0.1445 0.1349 0.1511 
         358  1 0.1358 0.1423 0.1412 0.1420 0.1469 0.1404 0.1512 
         359  1 0.1374 0.1467 0.1464 0.1483 0.1441 0.1353 0.1419 
         360  1 0.1382 0.1440 0.1476 0.1392 0.1411 0.1454 0.1444 
         361  1 0.1312 0.1687 0.1521 0.1653 0.1218 0.1323 0.1286 
         362  1 0.1364 0.1451 0.1444 0.1432 0.1448 0.1394 0.1467 
         363  1 0.1361 0.1395 0.1423 0.1374 0.1494 0.1442 0.1510 
         364  1 0.1410 0.1413 0.1383 0.1389 0.1489 0.1445 0.1473 
         365  1 0.1331 0.1457 0.1509 0.1466 0.1394 0.1459 0.1384 
         366  1 0.1558 0.1394 0.1375 0.1422 0.1417 0.1442 0.1392 
         367  1 0.1539 0.1410 0.1404 0.1426 0.1417 0.1401 0.1403 
         368  1 0.1504 0.1417 0.1464 0.1396 0.1380 0.1475 0.1364 
         369  1 0.1564 0.1404 0.1403 0.1397 0.1435 0.1450 0.1346 
         370  1 0.1448 0.1440 0.1375 0.1391 0.1467 0.1438 0.1441 
         371  1 0.1433 0.1433 0.1376 0.1428 0.1456 0.1412 0.1462 
         372  1 0.1416 0.1400 0.1487 0.1389 0.1441 0.1450 0.1417 
         373  1 0.1537 0.1392 0.1391 0.1403 0.1460 0.1431 0.1386 
         374  1 0.1419 0.1470 0.1437 0.1489 0.1386 0.1400 0.1400 
         375  1 0.1394 0.1464 0.1452 0.1439 0.1367 0.1466 0.1418 
         376  1 0.1378 0.1422 0.1427 0.1404 0.1464 0.1464 0.1441 
         377  1 0.1398 0.1430 0.1458 0.1453 0.1401 0.1417 0.1443 
         378  1 0.1399 0.1411 0.1384 0.1355 0.1541 0.1408 0.1503 
         379  1 0.1376 0.1386 0.1441 0.1402 0.1461 0.1465 0.1468 
         380  1 0.1437 0.1377 0.1469 0.1413 0.1419 0.1498 0.1388 
         381  1 0.1407 0.1463 0.1405 0.1463 0.1451 0.1390 0.1420 
         382  1 0.1346 0.1407 0.1436 0.1393 0.1522 0.1473 0.1423 
         383  1 0.1401 0.1412 0.1383 0.1401 0.1459 0.1429 0.1515 
         384  1 0.1432 0.1444 0.1455 0.1455 0.1384 0.1390 0.1439 
         385  1 0.1356 0.1483 0.1425 0.1431 0.1464 0.1403 0.1438 
         386  1 0.1448 0.1416 0.1375 0.1377 0.1459 0.1483 0.1443 
         387  1 0.1366 0.1437 0.1431 0.1411 0.1480 0.1406 0.1468 
         388  1 0.1381 0.1366 0.1399 0.1385 0.1492 0.1501 0.1477 
         389  1 0.1331 0.1404 0.1454 0.1388 0.1480 0.1468 0.1473 
         390  1 0.1368 0.1495 0.1493 0.1461 0.1476 0.1360 0.1348 
         391  1 0.1428 0.1468 0.1431 0.1465 0.1430 0.1403 0.1376 
         392  1 0.1447 0.1422 0.1484 0.1485 0.1369 0.1411 0.1382 
         393  1 0.1405 0.1402 0.1420 0.1426 0.1409 0.1499 0.1438 
         394  1 0.1382 0.1475 0.1408 0.1440 0.1417 0.1379 0.1500 
         395  1 0.1416 0.1438 0.1442 0.1429 0.1418 0.1383 0.1473 
         396  1 0.1486 0.1405 0.1380 0.1396 0.1450 0.1474 0.1408 
         397  1 0.1498 0.1420 0.1418 0.1440 0.1401 0.1380 0.1444 
         398  1 0.1412 0.1417 0.1458 0.1438 0.1392 0.1477 0.1405 
         399  1 0.1482 0.1386 0.1465 0.1421 0.1399 0.1483 0.1364 
         400  1 0.1355 0.1471 0.1423 0.1450 0.1420 0.1383 0.1498 
         401  1 0.1517 0.1451 0.1419 0.1499 0.1344 0.1359 0.1411 
         402  1 0.1438 0.1425 0.1489 0.1427 0.1387 0.1449 0.1386 
         403  1 0.1409 0.1388 0.1409 0.1397 0.1422 0.1454 0.1521 
         404  1 0.1537 0.1355 0.1336 0.1385 0.1512 0.1415 0.1460 
         405  1 0.1548 0.1421 0.1393 0.1382 0.1453 0.1415 0.1388 
         406  1 0.1516 0.1365 0.1332 0.1398 0.1537 0.1414 0.1438 
         407  1 0.1377 0.1427 0.1459 0.1443 0.1389 0.1381 0.1524 
         408  1 0.1393 0.1391 0.1397 0.1400 0.1475 0.1459 0.1485 
         409  1 0.1390 0.1412 0.1397 0.1400 0.1479 0.1454 0.1468 
         410  1 0.1440 0.1445 0.1403 0.1430 0.1431 0.1385 0.1465 
         411  1 0.1395 0.1452 0.1463 0.1486 0.1287 0.1452 0.1466 
         412  1 0.1595 0.1392 0.1355 0.1392 0.1464 0.1434 0.1368 
         413  1 0.1353 0.1440 0.1464 0.1422 0.1467 0.1429 0.1427 
         414  1 0.1470 0.1393 0.1468 0.1396 0.1358 0.1516 0.1399 
         415  1 0.1414 0.1422 0.1425 0.1442 0.1427 0.1405 0.1466 
         416  1 0.1447 0.1391 0.1391 0.1389 0.1492 0.1419 0.1472 
         417  1 0.1436 0.1439 0.1415 0.1396 0.1454 0.1402 0.1458 
         418  1 0.1441 0.1368 0.1395 0.1426 0.1470 0.1414 0.1486 
         419  1 0.1386 0.1413 0.1445 0.1420 0.1479 0.1392 0.1465 
         420  1 0.1435 0.1426 0.1386 0.1442 0.1446 0.1411 0.1454 
         421  1 0.1392 0.1431 0.1431 0.1423 0.1491 0.1342 0.1489 
         422  1 0.1409 0.1440 0.1439 0.1449 0.1403 0.1391 0.1470 
         423  1 0.1378 0.1489 0.1469 0.1442 0.1380 0.1434 0.1408 
         424  1 0.1521 0.1360 0.1364 0.1361 0.1526 0.1479 0.1388 
         425  1 0.1446 0.1459 0.1416 0.1400 0.1422 0.1425 0.1431 
         426  1 0.1412 0.1451 0.1426 0.1453 0.1361 0.1418 0.1479 
         427  1 0.1455 0.1404 0.1381 0.1419 0.1453 0.1415 0.1473 
         428  1 0.1508 0.1443 0.1435 0.1455 0.1361 0.1401 0.1397 
         429  1 0.1421 0.1407 0.1405 0.1378 0.1462 0.1452 0.1476 
         430  1 0.1463 0.1419 0.1414 0.1399 0.1390 0.1459 0.1457 
         431  1 0.1434 0.1453 0.1442 0.1459 0.1372 0.1406 0.1434 
         432  1 0.1406 0.1454 0.1425 0.1389 0.1420 0.1451 0.1454 
         433  1 0.1421 0.1427 0.1434 0.1409 0.1392 0.1484 0.1434 
         434  1 0.1351 0.1416 0.1439 0.1409 0.1466 0.1460 0.1459 
         435  1 0.1503 0.1429 0.1401 0.1435 0.1446 0.1399 0.1386 
         436  1 0.1360 0.1407 0.1354 0.1366 0.1545 0.1429 0.1539 
         437  1 0.1336 0.1451 0.1436 0.1393 0.1490 0.1379 0.1516 
         438  1 0.1382 0.1438 0.1432 0.1461 0.1389 0.1443 0.1455 
         439  1 0.1394 0.1460 0.1436 0.1437 0.1412 0.1401 0.1460 
         440  1 0.1426 0.1415 0.1437 0.1425 0.1419 0.1418 0.1459 
         441  1 0.1437 0.1410 0.1450 0.1454 0.1418 0.1418 0.1414 
         442  1 0.1387 0.1494 0.1449 0.1452 0.1432 0.1395 0.1391 
         443  1 0.1426 0.1358 0.1363 0.1397 0.1496 0.1430 0.1529 
         444  1 0.1384 0.1470 0.1515 0.1463 0.1335 0.1398 0.1435 
         445  1 0.1380 0.1459 0.1411 0.1426 0.1485 0.1412 0.1427 
         446  1 0.1488 0.1432 0.1435 0.1398 0.1398 0.1423 0.1426 
         447  1 0.1433 0.1445 0.1433 0.1427 0.1411 0.1426 0.1425 
         448  1 0.1413 0.1445 0.1405 0.1411 0.1422 0.1441 0.1464 
         449  1 0.1374 0.1445 0.1443 0.1432 0.1403 0.1402 0.1501 
         450  1 0.1415 0.1477 0.1461 0.1429 0.1368 0.1434 0.1415 
         451  1 0.1428 0.1427 0.1389 0.1404 0.1451 0.1457 0.1444 
         452  1 0.1482 0.1401 0.1386 0.1392 0.1475 0.1413 0.1451 
         453  1 0.1577 0.1371 0.1339 0.1419 0.1483 0.1427 0.1383 
         454  1 0.1386 0.1398 0.1421 0.1418 0.1452 0.1480 0.1445 
         455  1 0.1436 0.1402 0.1386 0.1394 0.1438 0.1485 0.1458 
         456  1 0.1380 0.1425 0.1403 0.1385 0.1459 0.1466 0.1482 
         457  1 0.1660 0.1355 0.1356 0.1378 0.1438 0.1465 0.1347 
         458  1 0.1461 0.1393 0.1377 0.1393 0.1459 0.1467 0.1450 
         459  1 0.1487 0.1404 0.1439 0.1381 0.1362 0.1511 0.1416 
         460  1 0.1429 0.1438 0.1445 0.1450 0.1442 0.1376 0.1420 
         461  1 0.1411 0.1422 0.1451 0.1434 0.1344 0.1512 0.1427 
         462  1 0.1443 0.1363 0.1404 0.1412 0.1492 0.1443 0.1443 
         463  1 0.1449 0.1431 0.1404 0.1394 0.1439 0.1468 0.1416 
         464  1 0.1540 0.1390 0.1379 0.1419 0.1460 0.1415 0.1397 
         465  1 0.1393 0.1452 0.1472 0.1467 0.1410 0.1424 0.1383 
         466  1 0.1541 0.1399 0.1383 0.1425 0.1430 0.1408 0.1414 
         467  1 0.1464 0.1466 0.1431 0.1467 0.1334 0.1412 0.1425 
         468  1 0.1434 0.1406 0.1400 0.1373 0.1473 0.1462 0.1452 
         469  1 0.1341 0.1430 0.1513 0.1418 0.1421 0.1528 0.1349 
         470  1 0.1450 0.1439 0.1398 0.1410 0.1423 0.1464 0.1417 
         471  1 0.1351 0.1383 0.1377 0.1348 0.1565 0.1433 0.1543 
         472  1 0.1449 0.1431 0.1415 0.1425 0.1421 0.1447 0.1411 
         473  1 0.1333 0.1452 0.1446 0.1491 0.1392 0.1402 0.1484 
         474  1 0.1375 0.1415 0.1402 0.1370 0.1509 0.1450 0.1479 
         475  1 0.1379 0.1417 0.1408 0.1388 0.1462 0.1443 0.1502 
         476  1 0.1386 0.1457 0.1453 0.1456 0.1416 0.1447 0.1386 
         477  1 0.1634 0.1320 0.1323 0.1334 0.1543 0.1424 0.1422 
         478  1 0.1410 0.1414 0.1408 0.1437 0.1411 0.1458 0.1462 
         479  1 0.1361 0.1458 0.1451 0.1422 0.1385 0.1467 0.1456 
         480  1 0.1460 0.1421 0.1424 0.1404 0.1467 0.1389 0.1436 
         481  1 0.1385 0.1473 0.1482 0.1453 0.1351 0.1424 0.1432 
         482  1 0.1452 0.1374 0.1386 0.1402 0.1482 0.1447 0.1457 
         483  1 0.1491 0.1453 0.1379 0.1453 0.1418 0.1410 0.1394 
         484  1 0.1472 0.1411 0.1409 0.1419 0.1498 0.1388 0.1403 
         485  1 0.1405 0.1427 0.1429 0.1419 0.1482 0.1424 0.1415 
         486  1 0.1615 0.1367 0.1394 0.1423 0.1433 0.1392 0.1376 
         487  1 0.1412 0.1440 0.1436 0.1477 0.1474 0.1357 0.1403 
         488  1 0.1371 0.1451 0.1411 0.1455 0.1444 0.1409 0.1458 
         489  1 0.1388 0.1528 0.1531 0.1479 0.1319 0.1374 0.1381 
         490  1 0.1428 0.1407 0.1461 0.1395 0.1408 0.1433 0.1469 
         491  1 0.1400 0.1406 0.1431 0.1399 0.1456 0.1439 0.1469 
         492  1 0.1388 0.1447 0.1453 0.1418 0.1447 0.1439 0.1408 
         493  1 0.1361 0.1433 0.1390 0.1390 0.1511 0.1418 0.1498 
         494  1 0.1442 0.1432 0.1456 0.1415 0.1385 0.1462 0.1407 
         495  1 0.1351 0.1502 0.1453 0.1452 0.1404 0.1351 0.1486 
         496  1 0.1403 0.1393 0.1445 0.1417 0.1458 0.1461 0.1422 
         497  1 0.1360 0.1489 0.1447 0.1461 0.1385 0.1399 0.1458 
         498  1 0.1367 0.1438 0.1466 0.1395 0.1490 0.1415 0.1430 
         499  1 0.1421 0.1447 0.1419 0.1463 0.1456 0.1355 0.1439 
         500  1 0.1420 0.1405 0.1425 0.1434 0.1439 0.1442 0.1436 
         501  1 0.1358 0.1608 0.1444 0.1661 0.1334 0.1300 0.1296 
         502  1 0.1434 0.1476 0.1412 0.1445 0.1393 0.1408 0.1432 
         503  1 0.1414 0.1541 0.1466 0.1534 0.1305 0.1384 0.1356 
         504  1 0.1532 0.1422 0.1359 0.1410 0.1410 0.1446 0.1421 
         505  1 0.1380 0.1462 0.1441 0.1420 0.1440 0.1365 0.1492 
         506  1 0.1397 0.1460 0.1443 0.1466 0.1426 0.1395 0.1413 
         507  1 0.1383 0.1400 0.1421 0.1436 0.1490 0.1431 0.1438 
         508  1 0.1424 0.1436 0.1425 0.1404 0.1449 0.1447 0.1416 
         509  1 0.1483 0.1467 0.1446 0.1486 0.1380 0.1401 0.1336 
         510  1 0.1470 0.1378 0.1448 0.1412 0.1377 0.1430 0.1484 
         511  1 0.1458 0.1389 0.1413 0.1425 0.1470 0.1449 0.1396 
         512  1 0.1432 0.1426 0.1367 0.1430 0.1502 0.1403 0.1440 
         513  1 0.1395 0.1451 0.1434 0.1442 0.1445 0.1421 0.1411 
         514  1 0.1416 0.1394 0.1420 0.1404 0.1442 0.1466 0.1457 
         515  1 0.1340 0.1455 0.1454 0.1435 0.1429 0.1433 0.1455 
         516  1 0.1415 0.1431 0.1396 0.1401 0.1469 0.1439 0.1449 
         517  1 0.1376 0.1443 0.1403 0.1387 0.1469 0.1464 0.1457 
         518  1 0.1371 0.1411 0.1415 0.1439 0.1464 0.1420 0.1481 
         519  1 0.1452 0.1501 0.1428 0.1460 0.1407 0.1388 0.1364 
         520  1 0.1303 0.1470 0.1510 0.1429 0.1460 0.1370 0.1457 
         521  1 0.1385 0.1447 0.1373 0.1464 0.1433 0.1393 0.1505 
         522  1 0.1527 0.1435 0.1403 0.1463 0.1374 0.1396 0.1402 
         523  1 0.1428 0.1473 0.1398 0.1432 0.1405 0.1455 0.1408 
         524  1 0.1374 0.1436 0.1421 0.1439 0.1476 0.1399 0.1455 
         525  1 0.1448 0.1495 0.1486 0.1457 0.1351 0.1444 0.1319 
         526  1 0.1384 0.1480 0.1421 0.1425 0.1444 0.1380 0.1467 
         527  1 0.1450 0.1464 0.1428 0.1458 0.1400 0.1427 0.1372 
         528  1 0.1423 0.1426 0.1399 0.1428 0.1459 0.1453 0.1411 
         529  1 0.1453 0.1444 0.1403 0.1398 0.1447 0.1401 0.1454 
         530  1 0.1442 0.1433 0.1456 0.1433 0.1377 0.1449 0.1411 
         531  1 0.1400 0.1417 0.1449 0.1402 0.1488 0.1434 0.1410 
         532  1 0.1428 0.1463 0.1433 0.1473 0.1360 0.1424 0.1418 
         533  1 0.1375 0.1420 0.1479 0.1425 0.1393 0.1501 0.1407 
         534  1 0.1430 0.1450 0.1443 0.1453 0.1343 0.1460 0.1421 
         535  1 0.1449 0.1496 0.1411 0.1463 0.1348 0.1414 0.1420 
         536  1 0.1489 0.1412 0.1465 0.1423 0.1359 0.1451 0.1401 
         537  1 0.1360 0.1449 0.1464 0.1431 0.1435 0.1440 0.1421 
         538  1 0.1411 0.1428 0.1407 0.1395 0.1472 0.1416 0.1472 
         539  1 0.1363 0.1441 0.1496 0.1421 0.1418 0.1404 0.1458 
         540  1 0.1371 0.1427 0.1425 0.1413 0.1484 0.1444 0.1436 
         541  1 0.1426 0.1414 0.1491 0.1397 0.1397 0.1467 0.1408 
         542  1 0.1392 0.1449 0.1450 0.1454 0.1370 0.1431 0.1453 
         543  1 0.1481 0.1439 0.1465 0.1460 0.1350 0.1408 0.1397 
         544  1 0.1452 0.1431 0.1426 0.1411 0.1466 0.1394 0.1421 
         545  1 0.1382 0.1439 0.1445 0.1427 0.1443 0.1417 0.1449 
         546  1 0.1432 0.1457 0.1434 0.1445 0.1428 0.1397 0.1408 
         547  1 0.1423 0.1415 0.1407 0.1448 0.1424 0.1403 0.1480 
         548  1 0.1596 0.1383 0.1352 0.1421 0.1468 0.1421 0.1360 
         549  1 0.1415 0.1430 0.1423 0.1460 0.1458 0.1425 0.1389 
         550  1 0.1424 0.1424 0.1412 0.1410 0.1441 0.1435 0.1454 
         551  1 0.1376 0.1536 0.1507 0.1557 0.1273 0.1360 0.1391 
         552  1 0.1407 0.1453 0.1435 0.1432 0.1429 0.1400 0.1443 
         553  1 0.1291 0.1484 0.1507 0.1463 0.1443 0.1406 0.1406 
         554  1 0.1440 0.1421 0.1415 0.1395 0.1394 0.1487 0.1448 
         555  1 0.1486 0.1446 0.1404 0.1477 0.1353 0.1419 0.1415 
         556  1 0.1414 0.1428 0.1445 0.1408 0.1446 0.1464 0.1395 
         557  1 0.1344 0.1420 0.1384 0.1401 0.1486 0.1473 0.1493 
         558  1 0.1499 0.1395 0.1372 0.1405 0.1479 0.1420 0.1431 
         559  1 0.1407 0.1415 0.1484 0.1471 0.1404 0.1430 0.1389 
         560  1 0.1424 0.1396 0.1414 0.1440 0.1455 0.1379 0.1492 
         561  1 0.1443 0.1428 0.1436 0.1452 0.1378 0.1462 0.1401 
         562  1 0.1333 0.1371 0.1379 0.1304 0.1605 0.1456 0.1551 
         563  1 0.1417 0.1377 0.1374 0.1382 0.1532 0.1423 0.1495 
         564  1 0.1526 0.1366 0.1327 0.1355 0.1507 0.1436 0.1483 
         565  1 0.1440 0.1413 0.1439 0.1450 0.1404 0.1470 0.1384 
         566  1 0.1459 0.1424 0.1466 0.1379 0.1362 0.1523 0.1387 
         567  1 0.1462 0.1392 0.1460 0.1397 0.1399 0.1441 0.1448 
         568  1 0.1423 0.1448 0.1438 0.1505 0.1362 0.1361 0.1463 
         569  1 0.1383 0.1426 0.1492 0.1404 0.1416 0.1451 0.1430 
         570  1 0.1338 0.1573 0.1526 0.1568 0.1337 0.1317 0.1340 
         571  1 0.1416 0.1392 0.1452 0.1421 0.1388 0.1517 0.1413 
         572  1 0.1410 0.1402 0.1455 0.1403 0.1455 0.1419 0.1455 
         573  1 0.1385 0.1453 0.1434 0.1411 0.1458 0.1449 0.1409 
         574  1 0.1494 0.1445 0.1425 0.1467 0.1406 0.1388 0.1375 
         575  1 0.1326 0.1466 0.1448 0.1421 0.1431 0.1450 0.1459 
         576  1 0.1400 0.1473 0.1431 0.1418 0.1426 0.1394 0.1459 
         577  1 0.1451 0.1380 0.1387 0.1391 0.1526 0.1433 0.1433 
         578  1 0.1433 0.1428 0.1444 0.1424 0.1398 0.1448 0.1423 
         579  1 0.1444 0.1464 0.1455 0.1468 0.1365 0.1389 0.1416 
         580  1 0.1471 0.1412 0.1467 0.1402 0.1371 0.1478 0.1399 
         581  1 0.1406 0.1416 0.1384 0.1460 0.1433 0.1406 0.1496 
         582  1 0.1395 0.1431 0.1392 0.1457 0.1430 0.1437 0.1459 
         583  1 0.1433 0.1407 0.1450 0.1422 0.1399 0.1473 0.1417 
         584  1 0.1600 0.1407 0.1395 0.1430 0.1433 0.1389 0.1346 
         585  1 0.1479 0.1379 0.1463 0.1409 0.1379 0.1482 0.1410 
         586  1 0.1356 0.1415 0.1423 0.1389 0.1496 0.1437 0.1485 
         587  1 0.1393 0.1417 0.1457 0.1410 0.1369 0.1525 0.1430 
         588  1 0.1467 0.1429 0.1419 0.1450 0.1448 0.1387 0.1400 
         589  1 0.1397 0.1429 0.1457 0.1443 0.1371 0.1451 0.1452 
         590  1 0.1349 0.1394 0.1426 0.1367 0.1472 0.1443 0.1549 
         591  1 0.1466 0.1411 0.1427 0.1461 0.1346 0.1434 0.1454 
         592  1 0.1407 0.1415 0.1432 0.1424 0.1398 0.1489 0.1435 
         593  1 0.1387 0.1421 0.1427 0.1416 0.1414 0.1431 0.1503 
         594  1 0.1423 0.1439 0.1402 0.1381 0.1474 0.1418 0.1464 
         595  1 0.1406 0.1412 0.1421 0.1418 0.1460 0.1435 0.1448 
         596  1 0.1353 0.1457 0.1461 0.1464 0.1444 0.1376 0.1445 
         597  1 0.1404 0.1443 0.1429 0.1449 0.1453 0.1399 0.1423 
         598  1 0.1443 0.1374 0.1494 0.1376 0.1356 0.1574 0.1382 
         599  1 0.1450 0.1435 0.1492 0.1491 0.1345 0.1404 0.1382 
         600  1 0.1487 0.1389 0.1405 0.1401 0.1471 0.1451 0.1396 
         601  1 0.1567 0.1386 0.1344 0.1371 0.1491 0.1454 0.1387 
         602  1 0.1347 0.1451 0.1488 0.1458 0.1372 0.1458 0.1427 
         603  1 0.1452 0.1438 0.1425 0.1447 0.1408 0.1435 0.1395 
         604  1 0.1477 0.1461 0.1402 0.1466 0.1420 0.1391 0.1383 
         605  1 0.1385 0.1496 0.1435 0.1496 0.1400 0.1371 0.1416 
         606  1 0.1413 0.1440 0.1427 0.1447 0.1431 0.1434 0.1409 
