           1  1 0.1417 0.1439 0.1394 0.1418 0.1459 0.1445 0.1428 
           2  1 0.1445 0.1447 0.1422 0.1381 0.1418 0.1446 0.1441 
           3  1 0.1470 0.1414 0.1414 0.1417 0.1416 0.1433 0.1436 
           4  1 0.1462 0.1357 0.1429 0.1430 0.1443 0.1428 0.1451 
           5  1 0.1413 0.1432 0.1390 0.1396 0.1473 0.1462 0.1434 
           6  1 0.1423 0.1466 0.1394 0.1397 0.1454 0.1462 0.1403 
           7  1 0.1438 0.1427 0.1386 0.1506 0.1426 0.1418 0.1398 
           8  1 0.1471 0.1425 0.1406 0.1419 0.1409 0.1437 0.1431 
           9  1 0.1406 0.1428 0.1425 0.1454 0.1445 0.1424 0.1419 
          10  1 0.1447 0.1426 0.1404 0.1450 0.1434 0.1413 0.1427 
          11  1 0.1358 0.1466 0.1503 0.1393 0.1444 0.1440 0.1397 
          12  1 0.1406 0.1437 0.1462 0.1426 0.1417 0.1416 0.1436 
          13  1 0.1421 0.1484 0.1408 0.1398 0.1431 0.1448 0.1410 
          14  1 0.1439 0.1448 0.1421 0.1340 0.1458 0.1477 0.1417 
          15  1 0.1450 0.1410 0.1384 0.1424 0.1465 0.1425 0.1443 
          16  1 0.1417 0.1426 0.1464 0.1394 0.1425 0.1478 0.1396 
          17  1 0.1395 0.1462 0.1453 0.1403 0.1447 0.1412 0.1426 
          18  1 0.1406 0.1478 0.1428 0.1444 0.1420 0.1416 0.1408 
          19  1 0.1451 0.1431 0.1402 0.1409 0.1425 0.1442 0.1440 
          20  1 0.1376 0.1452 0.1380 0.1459 0.1496 0.1432 0.1406 
          21  1 0.1453 0.1390 0.1411 0.1430 0.1429 0.1454 0.1433 
          22  1 0.1418 0.1474 0.1437 0.1405 0.1435 0.1426 0.1405 
          23  1 0.1415 0.1436 0.1401 0.1421 0.1443 0.1457 0.1427 
          24  1 0.1436 0.1376 0.1339 0.1501 0.1478 0.1422 0.1448 
          25  1 0.1446 0.1390 0.1460 0.1384 0.1419 0.1440 0.1462 
          26  1 0.1383 0.1473 0.1423 0.1491 0.1455 0.1396 0.1378 
          27  1 0.1461 0.1430 0.1394 0.1426 0.1424 0.1433 0.1431 
          28  1 0.1430 0.1372 0.1468 0.1425 0.1423 0.1418 0.1464 
          29  1 0.1446 0.1413 0.1469 0.1392 0.1403 0.1445 0.1433 
          30  1 0.1432 0.1400 0.1459 0.1388 0.1462 0.1416 0.1443 
          31  1 0.1415 0.1420 0.1439 0.1416 0.1412 0.1479 0.1419 
          32  1 0.1419 0.1399 0.1479 0.1419 0.1401 0.1458 0.1425 
          33  1 0.1419 0.1437 0.1414 0.1489 0.1382 0.1435 0.1424 
          34  1 0.1392 0.1415 0.1426 0.1423 0.1486 0.1473 0.1385 
          35  1 0.1423 0.1420 0.1467 0.1412 0.1419 0.1436 0.1424 
          36  1 0.1465 0.1403 0.1407 0.1391 0.1445 0.1429 0.1461 
          37  1 0.1402 0.1476 0.1464 0.1402 0.1423 0.1423 0.1409 
          38  1 0.1452 0.1433 0.1504 0.1405 0.1390 0.1383 0.1434 
          39  1 0.1431 0.1396 0.1449 0.1372 0.1411 0.1465 0.1477 
          40  1 0.1402 0.1468 0.1394 0.1431 0.1435 0.1449 0.1420 
          41  1 0.1420 0.1460 0.1475 0.1433 0.1410 0.1396 0.1406 
          42  1 0.1455 0.1429 0.1477 0.1419 0.1412 0.1395 0.1413 
          43  1 0.1435 0.1433 0.1411 0.1451 0.1378 0.1439 0.1453 
          44  1 0.1369 0.1434 0.1408 0.1425 0.1481 0.1468 0.1416 
          45  1 0.1389 0.1516 0.1377 0.1440 0.1466 0.1443 0.1370 
          46  1 0.1445 0.1416 0.1402 0.1434 0.1428 0.1431 0.1444 
          47  1 0.1447 0.1448 0.1439 0.1390 0.1423 0.1438 0.1415 
          48  1 0.1464 0.1393 0.1462 0.1400 0.1393 0.1428 0.1461 
          49  1 0.1408 0.1442 0.1471 0.1386 0.1442 0.1436 0.1415 
          50  1 0.1428 0.1437 0.1448 0.1370 0.1447 0.1469 0.1402 
          51  1 0.1420 0.1457 0.1413 0.1476 0.1405 0.1395 0.1434 
          52  1 0.1376 0.1476 0.1419 0.1473 0.1428 0.1421 0.1407 
          53  1 0.1406 0.1483 0.1422 0.1476 0.1410 0.1410 0.1394 
          54  1 0.1414 0.1468 0.1450 0.1405 0.1418 0.1386 0.1459 
          55  1 0.1400 0.1404 0.1475 0.1450 0.1421 0.1432 0.1419 
          56  1 0.1432 0.1438 0.1491 0.1341 0.1414 0.1467 0.1415 
          57  1 0.1393 0.1416 0.1471 0.1422 0.1441 0.1434 0.1423 
          58  1 0.1412 0.1471 0.1397 0.1483 0.1424 0.1412 0.1401 
          59  1 0.1405 0.1469 0.1461 0.1478 0.1433 0.1371 0.1384 
          60  1 0.1401 0.1432 0.1397 0.1455 0.1449 0.1449 0.1416 
          61  1 0.1441 0.1399 0.1402 0.1387 0.1457 0.1480 0.1435 
          62  1 0.1469 0.1462 0.1419 0.1430 0.1390 0.1424 0.1406 
          63  1 0.1423 0.1441 0.1455 0.1378 0.1433 0.1446 0.1424 
          64  1 0.1362 0.1443 0.1506 0.1423 0.1443 0.1402 0.1421 
          65  1 0.1418 0.1467 0.1423 0.1417 0.1427 0.1428 0.1420 
          66  1 0.1510 0.1354 0.1375 0.1415 0.1435 0.1441 0.1471 
          67  1 0.1460 0.1386 0.1435 0.1418 0.1401 0.1444 0.1457 
          68  1 0.1442 0.1439 0.1421 0.1421 0.1405 0.1429 0.1442 
          69  1 0.1418 0.1414 0.1497 0.1391 0.1416 0.1425 0.1439 
          70  1 0.1442 0.1433 0.1457 0.1412 0.1410 0.1414 0.1432 
          71  1 0.1398 0.1455 0.1426 0.1441 0.1446 0.1436 0.1399 
          72  1 0.1454 0.1412 0.1443 0.1397 0.1406 0.1437 0.1451 
          73  1 0.1426 0.1379 0.1483 0.1377 0.1420 0.1441 0.1474 
          74  1 0.1406 0.1495 0.1388 0.1474 0.1426 0.1410 0.1402 
          75  1 0.1473 0.1376 0.1450 0.1390 0.1410 0.1424 0.1478 
          76  1 0.1445 0.1422 0.1438 0.1412 0.1403 0.1443 0.1438 
          77  1 0.1400 0.1467 0.1459 0.1373 0.1456 0.1416 0.1430 
          78  1 0.1431 0.1421 0.1495 0.1374 0.1411 0.1407 0.1461 
          79  1 0.1447 0.1413 0.1395 0.1391 0.1456 0.1435 0.1462 
          80  1 0.1476 0.1354 0.1352 0.1452 0.1412 0.1482 0.1473 
          81  1 0.1409 0.1429 0.1456 0.1412 0.1399 0.1441 0.1453 
          82  1 0.1429 0.1451 0.1427 0.1467 0.1426 0.1399 0.1401 
          83  1 0.1381 0.1452 0.1448 0.1428 0.1440 0.1421 0.1429 
          84  1 0.1453 0.1405 0.1500 0.1376 0.1411 0.1427 0.1428 
          85  1 0.1436 0.1410 0.1370 0.1478 0.1427 0.1439 0.1440 
          86  1 0.1448 0.1407 0.1448 0.1395 0.1421 0.1410 0.1471 
          87  1 0.1459 0.1440 0.1399 0.1457 0.1420 0.1406 0.1419 
          88  1 0.1394 0.1433 0.1425 0.1449 0.1444 0.1433 0.1422 
          89  1 0.1454 0.1440 0.1403 0.1433 0.1408 0.1423 0.1439 
          90  1 0.1440 0.1422 0.1388 0.1462 0.1445 0.1397 0.1445 
          91  1 0.1389 0.1444 0.1512 0.1446 0.1418 0.1396 0.1395 
          92  1 0.1435 0.1395 0.1421 0.1392 0.1423 0.1442 0.1493 
          93  1 0.1422 0.1446 0.1436 0.1428 0.1413 0.1418 0.1437 
          94  1 0.1345 0.1482 0.1405 0.1523 0.1492 0.1395 0.1358 
          95  1 0.1386 0.1409 0.1430 0.1476 0.1414 0.1457 0.1428 
          96  1 0.1450 0.1410 0.1432 0.1395 0.1422 0.1450 0.1441 
          97  1 0.1403 0.1408 0.1499 0.1433 0.1415 0.1416 0.1426 
          98  1 0.1417 0.1453 0.1437 0.1442 0.1450 0.1410 0.1392 
          99  1 0.1497 0.1439 0.1479 0.1391 0.1380 0.1410 0.1404 
         100  1 0.1441 0.1400 0.1423 0.1444 0.1431 0.1416 0.1445 
         101  1 0.1416 0.1404 0.1475 0.1405 0.1438 0.1431 0.1431 
         102  1 0.1438 0.1408 0.1408 0.1428 0.1420 0.1439 0.1460 
         103  1 0.1403 0.1442 0.1479 0.1440 0.1407 0.1408 0.1422 
         104  1 0.1447 0.1436 0.1470 0.1404 0.1414 0.1424 0.1405 
         105  1 0.1404 0.1435 0.1453 0.1453 0.1414 0.1440 0.1400 
         106  1 0.1406 0.1447 0.1382 0.1516 0.1422 0.1417 0.1411 
         107  1 0.1385 0.1454 0.1329 0.1580 0.1479 0.1380 0.1393 
         108  1 0.1430 0.1449 0.1449 0.1436 0.1385 0.1407 0.1444 
         109  1 0.1530 0.1327 0.1381 0.1389 0.1392 0.1481 0.1499 
         110  1 0.1455 0.1414 0.1374 0.1373 0.1445 0.1458 0.1481 
         111  1 0.1435 0.1445 0.1363 0.1428 0.1454 0.1444 0.1431 
         112  1 0.1450 0.1374 0.1387 0.1448 0.1458 0.1428 0.1456 
         113  1 0.1426 0.1452 0.1409 0.1418 0.1439 0.1452 0.1404 
         114  1 0.1418 0.1428 0.1466 0.1399 0.1418 0.1448 0.1424 
         115  1 0.1432 0.1457 0.1425 0.1400 0.1420 0.1444 0.1423 
         116  1 0.1422 0.1424 0.1492 0.1396 0.1424 0.1412 0.1430 
         117  1 0.1396 0.1456 0.1411 0.1456 0.1463 0.1400 0.1418 
         118  1 0.1438 0.1417 0.1431 0.1404 0.1430 0.1461 0.1418 
         119  1 0.1416 0.1443 0.1440 0.1426 0.1437 0.1407 0.1430 
         120  1 0.1414 0.1428 0.1416 0.1412 0.1458 0.1458 0.1415 
         121  1 0.1433 0.1404 0.1405 0.1406 0.1457 0.1455 0.1438 
         122  1 0.1431 0.1421 0.1421 0.1428 0.1408 0.1447 0.1445 
         123  1 0.1432 0.1357 0.1482 0.1399 0.1388 0.1482 0.1460 
         124  1 0.1352 0.1493 0.1375 0.1470 0.1519 0.1437 0.1354 
         125  1 0.1469 0.1415 0.1365 0.1422 0.1455 0.1418 0.1456 
         126  1 0.1401 0.1435 0.1430 0.1379 0.1455 0.1478 0.1422 
         127  1 0.1446 0.1422 0.1406 0.1394 0.1474 0.1443 0.1414 
         128  1 0.1453 0.1424 0.1419 0.1431 0.1403 0.1434 0.1436 
         129  1 0.1405 0.1438 0.1449 0.1444 0.1405 0.1423 0.1434 
         130  1 0.1445 0.1411 0.1469 0.1413 0.1394 0.1414 0.1455 
         131  1 0.1390 0.1459 0.1371 0.1499 0.1463 0.1391 0.1428 
         132  1 0.1432 0.1450 0.1392 0.1462 0.1416 0.1438 0.1411 
         133  1 0.1439 0.1372 0.1419 0.1447 0.1413 0.1431 0.1478 
         134  1 0.1532 0.1362 0.1375 0.1370 0.1443 0.1459 0.1459 
         135  1 0.1413 0.1378 0.1448 0.1408 0.1442 0.1425 0.1486 
         136  1 0.1416 0.1451 0.1396 0.1458 0.1437 0.1427 0.1414 
         137  1 0.1416 0.1410 0.1497 0.1435 0.1376 0.1409 0.1456 
         138  1 0.1448 0.1431 0.1436 0.1409 0.1404 0.1447 0.1424 
         139  1 0.1403 0.1450 0.1446 0.1428 0.1431 0.1427 0.1416 
         140  1 0.1413 0.1435 0.1482 0.1415 0.1446 0.1412 0.1397 
         141  1 0.1493 0.1437 0.1381 0.1381 0.1408 0.1448 0.1452 
         142  1 0.1403 0.1400 0.1504 0.1368 0.1403 0.1475 0.1447 
         143  1 0.1427 0.1427 0.1437 0.1356 0.1445 0.1467 0.1441 
         144  1 0.1435 0.1381 0.1490 0.1419 0.1383 0.1458 0.1435 
         145  1 0.1429 0.1429 0.1481 0.1454 0.1391 0.1408 0.1408 
         146  1 0.1415 0.1435 0.1465 0.1392 0.1444 0.1410 0.1440 
         147  1 0.1444 0.1424 0.1430 0.1446 0.1443 0.1438 0.1375 
         148  1 0.1446 0.1410 0.1431 0.1370 0.1458 0.1434 0.1451 
         149  1 0.1446 0.1409 0.1392 0.1412 0.1422 0.1467 0.1452 
         150  1 0.1423 0.1412 0.1429 0.1423 0.1441 0.1422 0.1450 
         151  1 0.1412 0.1469 0.1467 0.1424 0.1414 0.1396 0.1418 
         152  1 0.1437 0.1433 0.1427 0.1459 0.1406 0.1442 0.1395 
         153  1 0.1450 0.1441 0.1428 0.1424 0.1414 0.1412 0.1431 
         154  1 0.1462 0.1368 0.1389 0.1410 0.1439 0.1474 0.1459 
         155  1 0.1414 0.1456 0.1509 0.1416 0.1392 0.1410 0.1403 
         156  1 0.1413 0.1422 0.1450 0.1415 0.1449 0.1430 0.1420 
         157  1 0.1466 0.1393 0.1419 0.1444 0.1424 0.1438 0.1416 
         158  1 0.1469 0.1388 0.1445 0.1381 0.1412 0.1447 0.1457 
         159  1 0.1490 0.1367 0.1402 0.1361 0.1425 0.1492 0.1464 
         160  1 0.1415 0.1436 0.1461 0.1400 0.1419 0.1441 0.1427 
         161  1 0.1459 0.1404 0.1404 0.1426 0.1426 0.1433 0.1448 
         162  1 0.1427 0.1441 0.1424 0.1446 0.1440 0.1410 0.1412 
         163  1 0.1398 0.1409 0.1449 0.1399 0.1457 0.1434 0.1453 
         164  1 0.1425 0.1438 0.1431 0.1413 0.1449 0.1413 0.1431 
         165  1 0.1443 0.1453 0.1429 0.1375 0.1445 0.1422 0.1432 
         166  1 0.1395 0.1437 0.1421 0.1476 0.1449 0.1415 0.1407 
         167  1 0.1423 0.1437 0.1422 0.1428 0.1441 0.1422 0.1427 
         168  1 0.1410 0.1385 0.1427 0.1475 0.1442 0.1407 0.1454 
         169  1 0.1415 0.1454 0.1455 0.1391 0.1464 0.1419 0.1402 
         170  1 0.1414 0.1450 0.1446 0.1401 0.1456 0.1446 0.1386 
         171  1 0.1472 0.1420 0.1452 0.1385 0.1399 0.1440 0.1432 
         172  1 0.1404 0.1452 0.1431 0.1444 0.1431 0.1442 0.1396 
         173  1 0.1468 0.1396 0.1428 0.1384 0.1397 0.1467 0.1461 
         174  1 0.1450 0.1446 0.1390 0.1419 0.1434 0.1428 0.1432 
         175  1 0.1383 0.1449 0.1450 0.1443 0.1433 0.1427 0.1415 
         176  1 0.1399 0.1435 0.1398 0.1471 0.1445 0.1434 0.1419 
         177  1 0.1443 0.1431 0.1418 0.1442 0.1428 0.1421 0.1419 
         178  1 0.1417 0.1432 0.1443 0.1438 0.1424 0.1419 0.1427 
         179  1 0.1447 0.1385 0.1407 0.1444 0.1393 0.1431 0.1494 
         180  1 0.1391 0.1467 0.1396 0.1399 0.1481 0.1453 0.1413 
         181  1 0.1428 0.1470 0.1462 0.1396 0.1409 0.1405 0.1430 
         182  1 0.1417 0.1464 0.1454 0.1428 0.1436 0.1385 0.1415 
         183  1 0.1406 0.1465 0.1474 0.1433 0.1406 0.1399 0.1418 
         184  1 0.1396 0.1453 0.1440 0.1429 0.1446 0.1427 0.1409 
         185  1 0.1444 0.1431 0.1463 0.1418 0.1400 0.1412 0.1433 
         186  1 0.1398 0.1469 0.1419 0.1454 0.1451 0.1424 0.1385 
         187  1 0.1410 0.1450 0.1375 0.1474 0.1446 0.1447 0.1398 
         188  1 0.1427 0.1436 0.1467 0.1420 0.1399 0.1409 0.1441 
         189  1 0.1424 0.1465 0.1460 0.1429 0.1400 0.1403 0.1419 
         190  1 0.1404 0.1444 0.1483 0.1415 0.1430 0.1400 0.1423 
         191  1 0.1442 0.1439 0.1405 0.1385 0.1409 0.1446 0.1474 
         192  1 0.1465 0.1355 0.1440 0.1423 0.1386 0.1490 0.1441 
         193  1 0.1421 0.1414 0.1365 0.1476 0.1430 0.1418 0.1475 
         194  1 0.1437 0.1414 0.1465 0.1366 0.1423 0.1457 0.1438 
         195  1 0.1445 0.1393 0.1425 0.1427 0.1406 0.1447 0.1458 
         196  1 0.1432 0.1423 0.1442 0.1406 0.1455 0.1448 0.1394 
         197  1 0.1445 0.1372 0.1494 0.1365 0.1411 0.1467 0.1446 
         198  1 0.1408 0.1469 0.1360 0.1454 0.1481 0.1416 0.1413 
         199  1 0.1463 0.1392 0.1382 0.1461 0.1400 0.1460 0.1442 
         200  1 0.1428 0.1392 0.1508 0.1358 0.1415 0.1438 0.1460 
         201  1 0.1424 0.1416 0.1486 0.1455 0.1408 0.1406 0.1404 
         202  1 0.1390 0.1467 0.1408 0.1504 0.1418 0.1416 0.1397 
         203  1 0.1411 0.1428 0.1507 0.1366 0.1398 0.1460 0.1430 
         204  1 0.1432 0.1420 0.1400 0.1473 0.1442 0.1440 0.1393 
         205  1 0.1443 0.1456 0.1407 0.1429 0.1414 0.1433 0.1418 
         206  1 0.1421 0.1435 0.1407 0.1438 0.1457 0.1435 0.1408 
         207  1 0.1384 0.1484 0.1356 0.1461 0.1480 0.1437 0.1399 
         208  1 0.1438 0.1392 0.1384 0.1420 0.1457 0.1438 0.1472 
         209  1 0.1416 0.1427 0.1488 0.1393 0.1444 0.1389 0.1443 
         210  1 0.1468 0.1412 0.1445 0.1381 0.1394 0.1466 0.1432 
         211  1 0.1543 0.1316 0.1373 0.1385 0.1455 0.1424 0.1505 
         212  1 0.1391 0.1450 0.1461 0.1437 0.1403 0.1431 0.1427 
         213  1 0.1453 0.1436 0.1432 0.1438 0.1419 0.1407 0.1416 
         214  1 0.1455 0.1344 0.1443 0.1377 0.1451 0.1447 0.1484 
         215  1 0.1415 0.1389 0.1511 0.1366 0.1433 0.1456 0.1429 
         216  1 0.1379 0.1434 0.1440 0.1423 0.1443 0.1484 0.1397 
         217  1 0.1440 0.1399 0.1511 0.1338 0.1421 0.1429 0.1462 
         218  1 0.1446 0.1498 0.1394 0.1394 0.1402 0.1451 0.1414 
         219  1 0.1450 0.1416 0.1412 0.1444 0.1398 0.1438 0.1441 
         220  1 0.1473 0.1411 0.1376 0.1443 0.1419 0.1409 0.1469 
         221  1 0.1473 0.1403 0.1397 0.1430 0.1416 0.1441 0.1441 
         222  1 0.1447 0.1438 0.1392 0.1480 0.1449 0.1411 0.1383 
         223  1 0.1402 0.1475 0.1349 0.1531 0.1472 0.1378 0.1394 
         224  1 0.1383 0.1461 0.1412 0.1479 0.1443 0.1437 0.1384 
         225  1 0.1427 0.1479 0.1405 0.1415 0.1434 0.1461 0.1380 
         226  1 0.1443 0.1435 0.1423 0.1402 0.1434 0.1440 0.1423 
         227  1 0.1429 0.1474 0.1410 0.1436 0.1392 0.1418 0.1442 
         228  1 0.1418 0.1431 0.1388 0.1469 0.1430 0.1439 0.1424 
         229  1 0.1427 0.1439 0.1463 0.1434 0.1404 0.1420 0.1413 
         230  1 0.1444 0.1395 0.1455 0.1431 0.1420 0.1425 0.1430 
         231  1 0.1386 0.1423 0.1523 0.1398 0.1418 0.1404 0.1449 
         232  1 0.1401 0.1429 0.1419 0.1432 0.1465 0.1439 0.1415 
         233  1 0.1393 0.1433 0.1393 0.1433 0.1468 0.1442 0.1438 
         234  1 0.1432 0.1417 0.1433 0.1394 0.1435 0.1459 0.1430 
         235  1 0.1406 0.1455 0.1518 0.1407 0.1425 0.1390 0.1398 
         236  1 0.1483 0.1402 0.1444 0.1388 0.1367 0.1454 0.1461 
         237  1 0.1391 0.1456 0.1467 0.1401 0.1432 0.1429 0.1425 
         238  1 0.1448 0.1427 0.1421 0.1405 0.1413 0.1414 0.1472 
         239  1 0.1410 0.1460 0.1471 0.1424 0.1410 0.1405 0.1420 
         240  1 0.1443 0.1460 0.1406 0.1422 0.1454 0.1403 0.1413 
         241  1 0.1388 0.1435 0.1492 0.1414 0.1437 0.1403 0.1430 
         242  1 0.1419 0.1408 0.1410 0.1455 0.1420 0.1460 0.1428 
         243  1 0.1445 0.1427 0.1406 0.1398 0.1450 0.1449 0.1425 
         244  1 0.1432 0.1452 0.1443 0.1440 0.1409 0.1400 0.1424 
         245  1 0.1379 0.1447 0.1429 0.1429 0.1465 0.1443 0.1407 
         246  1 0.1450 0.1447 0.1403 0.1438 0.1435 0.1397 0.1431 
         247  1 0.1454 0.1466 0.1441 0.1405 0.1369 0.1412 0.1453 
         248  1 0.1423 0.1419 0.1435 0.1446 0.1400 0.1434 0.1442 
         249  1 0.1437 0.1439 0.1396 0.1460 0.1429 0.1391 0.1448 
         250  1 0.1397 0.1470 0.1454 0.1360 0.1463 0.1458 0.1398 
         251  1 0.1473 0.1465 0.1461 0.1437 0.1383 0.1380 0.1402 
         252  1 0.1466 0.1394 0.1404 0.1393 0.1415 0.1466 0.1463 
         253  1 0.1422 0.1383 0.1372 0.1426 0.1480 0.1444 0.1474 
         254  1 0.1415 0.1428 0.1397 0.1434 0.1436 0.1460 0.1431 
         255  1 0.1495 0.1385 0.1407 0.1444 0.1405 0.1451 0.1412 
         256  1 0.1426 0.1408 0.1407 0.1431 0.1432 0.1472 0.1424 
         257  1 0.1476 0.1383 0.1478 0.1362 0.1415 0.1426 0.1460 
         258  1 0.1456 0.1372 0.1370 0.1429 0.1476 0.1456 0.1442 
         259  1 0.1491 0.1336 0.1412 0.1395 0.1427 0.1447 0.1491 
         260  1 0.1439 0.1388 0.1411 0.1413 0.1404 0.1424 0.1522 
         261  1 0.1329 0.1523 0.1412 0.1543 0.1482 0.1367 0.1345 
         262  1 0.1477 0.1394 0.1409 0.1370 0.1450 0.1456 0.1445 
         263  1 0.1428 0.1434 0.1422 0.1454 0.1413 0.1420 0.1431 
         264  1 0.1419 0.1430 0.1453 0.1381 0.1456 0.1439 0.1422 
         265  1 0.1421 0.1397 0.1491 0.1399 0.1403 0.1414 0.1475 
         266  1 0.1417 0.1469 0.1506 0.1377 0.1419 0.1397 0.1415 
         267  1 0.1445 0.1379 0.1414 0.1434 0.1416 0.1422 0.1491 
         268  1 0.1410 0.1464 0.1389 0.1561 0.1414 0.1379 0.1384 
         269  1 0.1491 0.1368 0.1380 0.1386 0.1481 0.1439 0.1456 
         270  1 0.1418 0.1448 0.1474 0.1375 0.1437 0.1410 0.1438 
         271  1 0.1407 0.1412 0.1498 0.1394 0.1428 0.1454 0.1407 
         272  1 0.1467 0.1381 0.1455 0.1399 0.1421 0.1435 0.1442 
         273  1 0.1426 0.1402 0.1464 0.1464 0.1399 0.1427 0.1418 
         274  1 0.1426 0.1424 0.1444 0.1414 0.1429 0.1407 0.1457 
         275  1 0.1495 0.1355 0.1403 0.1414 0.1435 0.1430 0.1468 
         276  1 0.1442 0.1472 0.1449 0.1448 0.1398 0.1384 0.1407 
         277  1 0.1402 0.1454 0.1427 0.1446 0.1438 0.1436 0.1397 
         278  1 0.1407 0.1444 0.1381 0.1534 0.1441 0.1384 0.1409 
         279  1 0.1423 0.1427 0.1389 0.1416 0.1463 0.1464 0.1419 
         280  1 0.1397 0.1434 0.1353 0.1578 0.1427 0.1416 0.1394 
         281  1 0.1407 0.1438 0.1449 0.1411 0.1441 0.1392 0.1462 
         282  1 0.1402 0.1421 0.1409 0.1501 0.1447 0.1430 0.1389 
         283  1 0.1418 0.1457 0.1379 0.1424 0.1427 0.1464 0.1432 
         284  1 0.1370 0.1488 0.1427 0.1455 0.1471 0.1400 0.1389 
         285  1 0.1433 0.1415 0.1435 0.1472 0.1403 0.1401 0.1441 
         286  1 0.1495 0.1401 0.1353 0.1432 0.1437 0.1446 0.1437 
         287  1 0.1429 0.1428 0.1467 0.1434 0.1405 0.1434 0.1402 
         288  1 0.1432 0.1443 0.1424 0.1448 0.1415 0.1423 0.1416 
         289  1 0.1409 0.1423 0.1527 0.1404 0.1414 0.1420 0.1403 
         290  1 0.1362 0.1489 0.1395 0.1522 0.1479 0.1372 0.1380 
         291  1 0.1470 0.1405 0.1403 0.1433 0.1410 0.1449 0.1429 
         292  1 0.1398 0.1469 0.1474 0.1374 0.1422 0.1410 0.1453 
         293  1 0.1401 0.1419 0.1494 0.1376 0.1435 0.1432 0.1442 
         294  1 0.1430 0.1432 0.1444 0.1435 0.1429 0.1427 0.1403 
         295  1 0.1420 0.1382 0.1499 0.1373 0.1400 0.1435 0.1491 
         296  1 0.1391 0.1478 0.1387 0.1503 0.1418 0.1414 0.1410 
         297  1 0.1438 0.1432 0.1433 0.1412 0.1425 0.1411 0.1449 
         298  1 0.1409 0.1373 0.1455 0.1418 0.1444 0.1450 0.1451 
         299  1 0.1412 0.1434 0.1486 0.1388 0.1396 0.1406 0.1478 
         300  1 0.1496 0.1395 0.1385 0.1441 0.1422 0.1415 0.1446 
         301  1 0.1426 0.1468 0.1475 0.1398 0.1404 0.1403 0.1426 
         302  1 0.1450 0.1418 0.1424 0.1399 0.1412 0.1447 0.1450 
         303  1 0.1456 0.1428 0.1365 0.1417 0.1423 0.1462 0.1450 
         304  1 0.1420 0.1456 0.1407 0.1397 0.1445 0.1446 0.1430 
         305  1 0.1426 0.1470 0.1404 0.1402 0.1437 0.1444 0.1416 
         306  1 0.1460 0.1421 0.1473 0.1401 0.1403 0.1436 0.1406 
         307  1 0.1430 0.1408 0.1416 0.1443 0.1412 0.1450 0.1442 
         308  1 0.1429 0.1383 0.1439 0.1427 0.1445 0.1429 0.1449 
         309  1 0.1407 0.1435 0.1452 0.1466 0.1396 0.1421 0.1423 
         310  1 0.1423 0.1425 0.1421 0.1442 0.1421 0.1432 0.1435 
         311  1 0.1442 0.1440 0.1442 0.1429 0.1412 0.1430 0.1406 
         312  1 0.1410 0.1489 0.1378 0.1416 0.1448 0.1431 0.1428 
         313  1 0.1452 0.1413 0.1426 0.1408 0.1441 0.1420 0.1441 
         314  1 0.1368 0.1375 0.1547 0.1429 0.1409 0.1410 0.1462 
         315  1 0.1432 0.1420 0.1444 0.1401 0.1408 0.1445 0.1450 
         316  1 0.1395 0.1432 0.1423 0.1394 0.1497 0.1407 0.1451 
         317  1 0.1360 0.1476 0.1465 0.1434 0.1451 0.1383 0.1432 
         318  1 0.1420 0.1455 0.1479 0.1423 0.1408 0.1394 0.1420 
         319  1 0.1500 0.1372 0.1400 0.1398 0.1407 0.1467 0.1456 
         320  1 0.1403 0.1433 0.1452 0.1433 0.1400 0.1451 0.1427 
         321  1 0.1422 0.1431 0.1411 0.1444 0.1435 0.1432 0.1425 
         322  1 0.1435 0.1420 0.1488 0.1423 0.1416 0.1418 0.1399 
         323  1 0.1394 0.1410 0.1418 0.1471 0.1438 0.1458 0.1411 
         324  1 0.1466 0.1414 0.1379 0.1414 0.1425 0.1436 0.1467 
         325  1 0.1374 0.1421 0.1549 0.1401 0.1386 0.1409 0.1460 
         326  1 0.1487 0.1404 0.1441 0.1367 0.1390 0.1455 0.1457 
         327  1 0.1371 0.1464 0.1443 0.1422 0.1465 0.1430 0.1405 
         328  1 0.1439 0.1410 0.1471 0.1423 0.1372 0.1458 0.1426 
         329  1 0.1420 0.1410 0.1487 0.1377 0.1397 0.1471 0.1437 
         330  1 0.1383 0.1457 0.1441 0.1412 0.1454 0.1445 0.1408 
         331  1 0.1403 0.1442 0.1356 0.1542 0.1437 0.1420 0.1400 
         332  1 0.1441 0.1391 0.1419 0.1440 0.1454 0.1423 0.1432 
         333  1 0.1428 0.1440 0.1439 0.1448 0.1422 0.1438 0.1385 
         334  1 0.1439 0.1407 0.1460 0.1384 0.1433 0.1451 0.1426 
         335  1 0.1393 0.1464 0.1451 0.1492 0.1460 0.1381 0.1360 
         336  1 0.1364 0.1487 0.1409 0.1507 0.1474 0.1380 0.1379 
         337  1 0.1453 0.1386 0.1437 0.1425 0.1415 0.1424 0.1460 
         338  1 0.1447 0.1400 0.1434 0.1451 0.1388 0.1424 0.1457 
         339  1 0.1418 0.1446 0.1479 0.1359 0.1443 0.1446 0.1408 
         340  1 0.1470 0.1404 0.1398 0.1395 0.1436 0.1464 0.1433 
         341  1 0.1436 0.1462 0.1395 0.1472 0.1395 0.1415 0.1425 
         342  1 0.1424 0.1432 0.1425 0.1402 0.1422 0.1417 0.1477 
         343  1 0.1402 0.1493 0.1441 0.1408 0.1428 0.1425 0.1403 
         344  1 0.1423 0.1388 0.1473 0.1389 0.1430 0.1457 0.1439 
         345  1 0.1421 0.1366 0.1467 0.1459 0.1398 0.1457 0.1432 
         346  1 0.1433 0.1461 0.1400 0.1427 0.1442 0.1440 0.1397 
         347  1 0.1450 0.1399 0.1404 0.1409 0.1447 0.1467 0.1424 
         348  1 0.1435 0.1402 0.1415 0.1392 0.1442 0.1453 0.1461 
         349  1 0.1423 0.1472 0.1444 0.1407 0.1421 0.1393 0.1440 
         350  1 0.1392 0.1455 0.1330 0.1538 0.1515 0.1392 0.1379 
         351  1 0.1457 0.1398 0.1370 0.1481 0.1417 0.1431 0.1446 
         352  1 0.1358 0.1477 0.1418 0.1526 0.1454 0.1377 0.1390 
         353  1 0.1432 0.1417 0.1409 0.1400 0.1436 0.1474 0.1432 
         354  1 0.1420 0.1448 0.1451 0.1406 0.1401 0.1436 0.1438 
         355  1 0.1392 0.1479 0.1492 0.1359 0.1472 0.1399 0.1406 
         356  1 0.1433 0.1448 0.1423 0.1424 0.1426 0.1424 0.1421 
         357  1 0.1497 0.1395 0.1400 0.1393 0.1392 0.1477 0.1445 
         358  1 0.1456 0.1435 0.1455 0.1403 0.1418 0.1414 0.1420 
         359  1 0.1498 0.1383 0.1367 0.1435 0.1412 0.1469 0.1437 
         360  1 0.1426 0.1446 0.1439 0.1422 0.1404 0.1430 0.1432 
         361  1 0.1479 0.1317 0.1449 0.1365 0.1508 0.1369 0.1513 
         362  1 0.1449 0.1406 0.1408 0.1395 0.1414 0.1467 0.1463 
         363  1 0.1406 0.1467 0.1490 0.1373 0.1427 0.1428 0.1408 
         364  1 0.1421 0.1439 0.1416 0.1460 0.1408 0.1439 0.1417 
         365  1 0.1441 0.1405 0.1504 0.1392 0.1411 0.1403 0.1444 
         366  1 0.1395 0.1457 0.1407 0.1493 0.1440 0.1406 0.1403 
         367  1 0.1392 0.1443 0.1409 0.1505 0.1459 0.1414 0.1379 
         368  1 0.1378 0.1397 0.1463 0.1442 0.1435 0.1458 0.1427 
         369  1 0.1435 0.1468 0.1374 0.1459 0.1439 0.1394 0.1431 
         370  1 0.1416 0.1465 0.1416 0.1476 0.1417 0.1419 0.1391 
         371  1 0.1437 0.1436 0.1377 0.1440 0.1455 0.1414 0.1440 
         372  1 0.1413 0.1407 0.1451 0.1379 0.1446 0.1489 0.1414 
         373  1 0.1415 0.1448 0.1420 0.1428 0.1434 0.1446 0.1409 
         374  1 0.1480 0.1376 0.1376 0.1452 0.1431 0.1424 0.1461 
         375  1 0.1442 0.1406 0.1442 0.1462 0.1420 0.1403 0.1424 
         376  1 0.1420 0.1474 0.1450 0.1415 0.1420 0.1390 0.1432 
         377  1 0.1417 0.1416 0.1453 0.1378 0.1416 0.1454 0.1466 
         378  1 0.1413 0.1468 0.1443 0.1364 0.1462 0.1437 0.1414 
         379  1 0.1419 0.1503 0.1427 0.1383 0.1408 0.1407 0.1453 
         380  1 0.1410 0.1434 0.1481 0.1404 0.1431 0.1413 0.1427 
         381  1 0.1469 0.1426 0.1390 0.1443 0.1399 0.1414 0.1459 
         382  1 0.1471 0.1449 0.1447 0.1431 0.1382 0.1412 0.1410 
         383  1 0.1446 0.1435 0.1394 0.1429 0.1436 0.1433 0.1428 
         384  1 0.1424 0.1421 0.1398 0.1461 0.1425 0.1435 0.1436 
         385  1 0.1445 0.1429 0.1405 0.1473 0.1408 0.1432 0.1407 
         386  1 0.1459 0.1451 0.1416 0.1412 0.1415 0.1427 0.1420 
         387  1 0.1445 0.1423 0.1468 0.1365 0.1429 0.1432 0.1438 
         388  1 0.1413 0.1481 0.1497 0.1431 0.1379 0.1393 0.1405 
         389  1 0.1449 0.1432 0.1507 0.1383 0.1402 0.1422 0.1404 
         390  1 0.1488 0.1374 0.1404 0.1392 0.1413 0.1457 0.1472 
         391  1 0.1469 0.1458 0.1428 0.1412 0.1408 0.1415 0.1410 
         392  1 0.1450 0.1406 0.1429 0.1421 0.1424 0.1427 0.1442 
         393  1 0.1406 0.1447 0.1462 0.1412 0.1446 0.1419 0.1408 
         394  1 0.1466 0.1399 0.1366 0.1435 0.1425 0.1440 0.1468 
         395  1 0.1424 0.1421 0.1390 0.1478 0.1448 0.1429 0.1409 
         396  1 0.1388 0.1471 0.1421 0.1495 0.1417 0.1395 0.1413 
         397  1 0.1420 0.1400 0.1423 0.1462 0.1418 0.1442 0.1435 
         398  1 0.1413 0.1460 0.1424 0.1461 0.1420 0.1382 0.1440 
         399  1 0.1372 0.1417 0.1474 0.1441 0.1453 0.1438 0.1405 
         400  1 0.1429 0.1443 0.1396 0.1394 0.1440 0.1466 0.1431 
         401  1 0.1427 0.1390 0.1330 0.1510 0.1480 0.1412 0.1451 
         402  1 0.1395 0.1445 0.1454 0.1440 0.1439 0.1412 0.1416 
         403  1 0.1402 0.1439 0.1420 0.1411 0.1448 0.1464 0.1415 
         404  1 0.1388 0.1448 0.1400 0.1476 0.1467 0.1425 0.1398 
         405  1 0.1422 0.1446 0.1369 0.1462 0.1468 0.1410 0.1423 
         406  1 0.1380 0.1453 0.1400 0.1560 0.1419 0.1405 0.1383 
         407  1 0.1481 0.1411 0.1448 0.1431 0.1376 0.1440 0.1414 
         408  1 0.1403 0.1473 0.1487 0.1395 0.1411 0.1392 0.1438 
         409  1 0.1408 0.1439 0.1421 0.1432 0.1427 0.1431 0.1441 
         410  1 0.1427 0.1437 0.1398 0.1438 0.1441 0.1425 0.1434 
         411  1 0.1443 0.1387 0.1399 0.1439 0.1418 0.1449 0.1464 
         412  1 0.1404 0.1420 0.1394 0.1509 0.1453 0.1424 0.1396 
         413  1 0.1441 0.1425 0.1451 0.1438 0.1414 0.1413 0.1418 
         414  1 0.1392 0.1495 0.1476 0.1477 0.1406 0.1359 0.1395 
         415  1 0.1427 0.1431 0.1392 0.1463 0.1415 0.1437 0.1436 
         416  1 0.1387 0.1430 0.1418 0.1430 0.1472 0.1468 0.1394 
         417  1 0.1453 0.1423 0.1393 0.1436 0.1431 0.1454 0.1410 
         418  1 0.1414 0.1426 0.1383 0.1462 0.1434 0.1472 0.1409 
         419  1 0.1425 0.1462 0.1407 0.1398 0.1449 0.1405 0.1455 
         420  1 0.1410 0.1453 0.1362 0.1447 0.1486 0.1425 0.1416 
         421  1 0.1482 0.1387 0.1392 0.1400 0.1403 0.1470 0.1466 
         422  1 0.1404 0.1402 0.1434 0.1406 0.1461 0.1447 0.1446 
         423  1 0.1461 0.1344 0.1450 0.1417 0.1397 0.1474 0.1457 
         424  1 0.1419 0.1503 0.1431 0.1466 0.1411 0.1374 0.1396 
         425  1 0.1431 0.1432 0.1431 0.1437 0.1448 0.1384 0.1437 
         426  1 0.1459 0.1397 0.1387 0.1456 0.1409 0.1439 0.1452 
         427  1 0.1408 0.1437 0.1413 0.1430 0.1460 0.1447 0.1405 
         428  1 0.1410 0.1429 0.1400 0.1487 0.1450 0.1410 0.1415 
         429  1 0.1413 0.1431 0.1445 0.1474 0.1434 0.1419 0.1384 
         430  1 0.1411 0.1451 0.1389 0.1456 0.1433 0.1443 0.1418 
         431  1 0.1417 0.1446 0.1420 0.1487 0.1425 0.1400 0.1405 
         432  1 0.1398 0.1455 0.1479 0.1406 0.1405 0.1430 0.1427 
         433  1 0.1408 0.1463 0.1518 0.1389 0.1438 0.1377 0.1406 
         434  1 0.1489 0.1447 0.1455 0.1386 0.1388 0.1416 0.1420 
         435  1 0.1401 0.1433 0.1433 0.1497 0.1444 0.1392 0.1401 
         436  1 0.1467 0.1462 0.1400 0.1397 0.1438 0.1417 0.1418 
         437  1 0.1429 0.1435 0.1417 0.1375 0.1458 0.1433 0.1452 
         438  1 0.1438 0.1458 0.1436 0.1378 0.1421 0.1414 0.1455 
         439  1 0.1436 0.1392 0.1423 0.1422 0.1437 0.1443 0.1448 
         440  1 0.1426 0.1446 0.1436 0.1404 0.1433 0.1434 0.1421 
         441  1 0.1428 0.1397 0.1461 0.1440 0.1411 0.1427 0.1436 
         442  1 0.1458 0.1399 0.1418 0.1441 0.1419 0.1431 0.1433 
         443  1 0.1383 0.1465 0.1403 0.1449 0.1460 0.1443 0.1397 
         444  1 0.1440 0.1366 0.1412 0.1391 0.1436 0.1495 0.1461 
         445  1 0.1452 0.1452 0.1389 0.1434 0.1400 0.1412 0.1461 
         446  1 0.1404 0.1452 0.1408 0.1494 0.1430 0.1419 0.1393 
         447  1 0.1427 0.1461 0.1416 0.1418 0.1434 0.1422 0.1423 
         448  1 0.1420 0.1442 0.1472 0.1398 0.1424 0.1421 0.1423 
         449  1 0.1438 0.1389 0.1426 0.1440 0.1421 0.1444 0.1443 
         450  1 0.1400 0.1415 0.1418 0.1431 0.1447 0.1438 0.1449 
         451  1 0.1453 0.1452 0.1420 0.1455 0.1384 0.1406 0.1430 
         452  1 0.1387 0.1438 0.1466 0.1421 0.1461 0.1425 0.1401 
         453  1 0.1407 0.1484 0.1392 0.1507 0.1424 0.1399 0.1388 
         454  1 0.1425 0.1423 0.1446 0.1382 0.1439 0.1426 0.1458 
         455  1 0.1436 0.1453 0.1448 0.1411 0.1397 0.1429 0.1425 
         456  1 0.1422 0.1462 0.1442 0.1417 0.1428 0.1424 0.1405 
         457  1 0.1385 0.1465 0.1368 0.1572 0.1444 0.1391 0.1374 
         458  1 0.1422 0.1472 0.1425 0.1417 0.1420 0.1414 0.1429 
         459  1 0.1387 0.1430 0.1460 0.1436 0.1435 0.1411 0.1441 
         460  1 0.1444 0.1443 0.1422 0.1458 0.1417 0.1380 0.1435 
         461  1 0.1397 0.1446 0.1545 0.1383 0.1404 0.1372 0.1453 
         462  1 0.1400 0.1436 0.1457 0.1415 0.1429 0.1442 0.1421 
         463  1 0.1426 0.1453 0.1446 0.1406 0.1424 0.1419 0.1425 
         464  1 0.1430 0.1437 0.1396 0.1448 0.1467 0.1411 0.1411 
         465  1 0.1466 0.1404 0.1411 0.1437 0.1435 0.1410 0.1436 
         466  1 0.1409 0.1463 0.1374 0.1460 0.1463 0.1417 0.1415 
         467  1 0.1378 0.1462 0.1433 0.1448 0.1463 0.1389 0.1428 
         468  1 0.1423 0.1468 0.1429 0.1451 0.1419 0.1419 0.1391 
         469  1 0.1421 0.1398 0.1525 0.1409 0.1375 0.1426 0.1446 
         470  1 0.1432 0.1426 0.1433 0.1443 0.1441 0.1427 0.1399 
         471  1 0.1412 0.1520 0.1450 0.1353 0.1447 0.1429 0.1389 
         472  1 0.1404 0.1428 0.1436 0.1451 0.1441 0.1424 0.1417 
         473  1 0.1469 0.1405 0.1489 0.1436 0.1376 0.1409 0.1416 
         474  1 0.1440 0.1470 0.1437 0.1390 0.1436 0.1394 0.1432 
         475  1 0.1447 0.1438 0.1422 0.1414 0.1401 0.1458 0.1420 
         476  1 0.1441 0.1397 0.1424 0.1410 0.1439 0.1432 0.1458 
         477  1 0.1340 0.1493 0.1401 0.1500 0.1509 0.1398 0.1359 
         478  1 0.1411 0.1458 0.1425 0.1447 0.1417 0.1429 0.1413 
         479  1 0.1419 0.1450 0.1477 0.1414 0.1390 0.1409 0.1441 
         480  1 0.1430 0.1450 0.1420 0.1389 0.1442 0.1472 0.1398 
         481  1 0.1477 0.1396 0.1428 0.1397 0.1433 0.1432 0.1437 
         482  1 0.1364 0.1476 0.1446 0.1501 0.1434 0.1402 0.1377 
         483  1 0.1402 0.1439 0.1355 0.1489 0.1440 0.1425 0.1450 
         484  1 0.1431 0.1391 0.1424 0.1421 0.1458 0.1456 0.1419 
         485  1 0.1443 0.1430 0.1469 0.1407 0.1402 0.1428 0.1422 
         486  1 0.1403 0.1447 0.1359 0.1475 0.1498 0.1426 0.1392 
         487  1 0.1478 0.1372 0.1417 0.1417 0.1405 0.1455 0.1456 
         488  1 0.1458 0.1410 0.1494 0.1375 0.1411 0.1419 0.1433 
         489  1 0.1477 0.1371 0.1404 0.1398 0.1387 0.1437 0.1525 
         490  1 0.1419 0.1415 0.1444 0.1414 0.1411 0.1452 0.1444 
         491  1 0.1418 0.1438 0.1414 0.1412 0.1441 0.1439 0.1438 
         492  1 0.1428 0.1469 0.1492 0.1387 0.1407 0.1408 0.1408 
         493  1 0.1422 0.1489 0.1413 0.1431 0.1406 0.1414 0.1426 
         494  1 0.1419 0.1444 0.1435 0.1422 0.1402 0.1421 0.1457 
         495  1 0.1478 0.1385 0.1419 0.1367 0.1409 0.1452 0.1490 
         496  1 0.1445 0.1402 0.1517 0.1385 0.1409 0.1405 0.1437 
         497  1 0.1438 0.1421 0.1441 0.1405 0.1406 0.1413 0.1476 
         498  1 0.1471 0.1442 0.1456 0.1434 0.1421 0.1390 0.1386 
         499  1 0.1447 0.1440 0.1366 0.1416 0.1419 0.1431 0.1481 
         500  1 0.1446 0.1433 0.1420 0.1414 0.1433 0.1439 0.1414 
         501  1 0.1499 0.1362 0.1328 0.1388 0.1511 0.1409 0.1502 
         502  1 0.1440 0.1434 0.1377 0.1466 0.1432 0.1415 0.1436 
         503  1 0.1467 0.1346 0.1356 0.1389 0.1471 0.1449 0.1523 
         504  1 0.1389 0.1455 0.1427 0.1464 0.1470 0.1407 0.1389 
         505  1 0.1457 0.1410 0.1388 0.1344 0.1456 0.1495 0.1449 
         506  1 0.1453 0.1415 0.1417 0.1409 0.1427 0.1401 0.1478 
         507  1 0.1459 0.1458 0.1447 0.1384 0.1435 0.1395 0.1423 
         508  1 0.1401 0.1428 0.1455 0.1414 0.1465 0.1434 0.1404 
         509  1 0.1451 0.1357 0.1409 0.1424 0.1475 0.1446 0.1438 
         510  1 0.1386 0.1428 0.1486 0.1427 0.1427 0.1429 0.1418 
         511  1 0.1405 0.1430 0.1466 0.1405 0.1414 0.1433 0.1448 
         512  1 0.1428 0.1468 0.1391 0.1395 0.1467 0.1416 0.1436 
         513  1 0.1429 0.1428 0.1414 0.1413 0.1458 0.1447 0.1410 
         514  1 0.1414 0.1458 0.1479 0.1431 0.1394 0.1412 0.1412 
         515  1 0.1466 0.1425 0.1400 0.1411 0.1409 0.1437 0.1453 
         516  1 0.1434 0.1443 0.1461 0.1448 0.1397 0.1416 0.1401 
         517  1 0.1400 0.1445 0.1499 0.1400 0.1429 0.1431 0.1396 
         518  1 0.1432 0.1442 0.1432 0.1373 0.1444 0.1425 0.1453 
         519  1 0.1473 0.1401 0.1401 0.1432 0.1434 0.1428 0.1429 
         520  1 0.1463 0.1364 0.1482 0.1368 0.1414 0.1475 0.1434 
         521  1 0.1446 0.1422 0.1393 0.1437 0.1426 0.1447 0.1429 
         522  1 0.1415 0.1433 0.1339 0.1584 0.1440 0.1390 0.1398 
         523  1 0.1432 0.1437 0.1456 0.1430 0.1410 0.1408 0.1427 
         524  1 0.1474 0.1389 0.1456 0.1395 0.1419 0.1443 0.1424 
         525  1 0.1459 0.1380 0.1420 0.1412 0.1414 0.1454 0.1461 
         526  1 0.1442 0.1380 0.1425 0.1433 0.1425 0.1466 0.1429 
         527  1 0.1450 0.1417 0.1412 0.1435 0.1407 0.1438 0.1442 
         528  1 0.1428 0.1469 0.1420 0.1479 0.1416 0.1375 0.1412 
         529  1 0.1408 0.1467 0.1414 0.1401 0.1463 0.1417 0.1431 
         530  1 0.1395 0.1407 0.1472 0.1429 0.1418 0.1453 0.1426 
         531  1 0.1420 0.1443 0.1486 0.1424 0.1411 0.1411 0.1405 
         532  1 0.1417 0.1419 0.1453 0.1385 0.1455 0.1440 0.1432 
         533  1 0.1419 0.1405 0.1505 0.1389 0.1425 0.1402 0.1455 
         534  1 0.1442 0.1410 0.1428 0.1413 0.1451 0.1426 0.1431 
         535  1 0.1446 0.1409 0.1359 0.1468 0.1424 0.1447 0.1447 
         536  1 0.1389 0.1419 0.1490 0.1441 0.1414 0.1428 0.1420 
         537  1 0.1433 0.1407 0.1456 0.1410 0.1433 0.1420 0.1441 
         538  1 0.1405 0.1494 0.1404 0.1440 0.1433 0.1401 0.1423 
         539  1 0.1455 0.1408 0.1476 0.1414 0.1392 0.1435 0.1420 
         540  1 0.1443 0.1444 0.1408 0.1446 0.1408 0.1418 0.1432 
         541  1 0.1391 0.1384 0.1523 0.1396 0.1408 0.1480 0.1417 
         542  1 0.1444 0.1355 0.1452 0.1416 0.1418 0.1438 0.1477 
         543  1 0.1460 0.1385 0.1366 0.1461 0.1415 0.1448 0.1464 
         544  1 0.1479 0.1421 0.1410 0.1424 0.1422 0.1431 0.1412 
         545  1 0.1445 0.1419 0.1466 0.1409 0.1394 0.1440 0.1427 
         546  1 0.1452 0.1427 0.1410 0.1448 0.1406 0.1424 0.1432 
         547  1 0.1434 0.1421 0.1407 0.1452 0.1434 0.1441 0.1413 
         548  1 0.1386 0.1484 0.1373 0.1505 0.1461 0.1401 0.1390 
         549  1 0.1456 0.1450 0.1416 0.1416 0.1422 0.1421 0.1420 
         550  1 0.1409 0.1483 0.1455 0.1418 0.1414 0.1423 0.1399 
         551  1 0.1480 0.1327 0.1372 0.1424 0.1435 0.1469 0.1495 
         552  1 0.1443 0.1432 0.1421 0.1374 0.1442 0.1453 0.1435 
         553  1 0.1536 0.1375 0.1459 0.1384 0.1386 0.1404 0.1455 
         554  1 0.1370 0.1437 0.1464 0.1427 0.1462 0.1412 0.1428 
         555  1 0.1425 0.1444 0.1400 0.1427 0.1464 0.1416 0.1424 
         556  1 0.1437 0.1463 0.1412 0.1464 0.1419 0.1400 0.1405 
         557  1 0.1405 0.1454 0.1427 0.1410 0.1451 0.1417 0.1436 
         558  1 0.1412 0.1485 0.1432 0.1416 0.1467 0.1399 0.1389 
         559  1 0.1443 0.1406 0.1421 0.1440 0.1424 0.1423 0.1443 
         560  1 0.1440 0.1409 0.1413 0.1360 0.1448 0.1490 0.1440 
         561  1 0.1419 0.1458 0.1453 0.1432 0.1395 0.1414 0.1429 
         562  1 0.1435 0.1497 0.1426 0.1393 0.1424 0.1423 0.1401 
         563  1 0.1407 0.1505 0.1428 0.1427 0.1413 0.1455 0.1366 
         564  1 0.1379 0.1491 0.1386 0.1481 0.1461 0.1433 0.1369 
         565  1 0.1430 0.1456 0.1458 0.1448 0.1411 0.1410 0.1386 
         566  1 0.1420 0.1452 0.1449 0.1462 0.1432 0.1375 0.1410 
         567  1 0.1392 0.1445 0.1462 0.1424 0.1441 0.1450 0.1385 
         568  1 0.1460 0.1383 0.1365 0.1435 0.1410 0.1452 0.1496 
         569  1 0.1433 0.1428 0.1504 0.1397 0.1431 0.1411 0.1397 
         570  1 0.1513 0.1320 0.1383 0.1347 0.1437 0.1460 0.1539 
         571  1 0.1421 0.1428 0.1486 0.1406 0.1402 0.1431 0.1426 
         572  1 0.1446 0.1431 0.1406 0.1443 0.1449 0.1428 0.1398 
         573  1 0.1403 0.1392 0.1429 0.1418 0.1427 0.1458 0.1473 
         574  1 0.1421 0.1455 0.1362 0.1448 0.1469 0.1409 0.1436 
         575  1 0.1438 0.1445 0.1492 0.1373 0.1381 0.1422 0.1450 
         576  1 0.1449 0.1446 0.1433 0.1438 0.1384 0.1424 0.1426 
         577  1 0.1429 0.1487 0.1453 0.1457 0.1416 0.1404 0.1354 
         578  1 0.1461 0.1443 0.1389 0.1408 0.1445 0.1431 0.1423 
         579  1 0.1465 0.1399 0.1376 0.1467 0.1435 0.1413 0.1445 
         580  1 0.1409 0.1454 0.1456 0.1466 0.1383 0.1407 0.1424 
         581  1 0.1432 0.1459 0.1380 0.1477 0.1410 0.1415 0.1426 
         582  1 0.1436 0.1451 0.1427 0.1416 0.1422 0.1413 0.1436 
         583  1 0.1380 0.1447 0.1515 0.1419 0.1400 0.1420 0.1419 
         584  1 0.1413 0.1399 0.1391 0.1521 0.1433 0.1421 0.1422 
         585  1 0.1392 0.1427 0.1486 0.1424 0.1430 0.1416 0.1426 
         586  1 0.1463 0.1455 0.1437 0.1410 0.1385 0.1439 0.1411 
         587  1 0.1368 0.1450 0.1533 0.1389 0.1430 0.1400 0.1431 
         588  1 0.1409 0.1427 0.1399 0.1488 0.1442 0.1407 0.1429 
         589  1 0.1424 0.1409 0.1434 0.1443 0.1398 0.1410 0.1481 
         590  1 0.1409 0.1453 0.1414 0.1406 0.1424 0.1461 0.1432 
         591  1 0.1434 0.1461 0.1387 0.1484 0.1426 0.1421 0.1387 
         592  1 0.1409 0.1448 0.1482 0.1448 0.1418 0.1402 0.1393 
         593  1 0.1421 0.1434 0.1465 0.1445 0.1381 0.1421 0.1433 
         594  1 0.1451 0.1456 0.1387 0.1415 0.1422 0.1429 0.1440 
         595  1 0.1424 0.1449 0.1403 0.1427 0.1426 0.1401 0.1470 
         596  1 0.1470 0.1418 0.1417 0.1402 0.1410 0.1427 0.1457 
         597  1 0.1448 0.1399 0.1411 0.1403 0.1439 0.1449 0.1451 
         598  1 0.1395 0.1492 0.1505 0.1462 0.1383 0.1354 0.1410 
         599  1 0.1463 0.1330 0.1412 0.1413 0.1432 0.1454 0.1497 
         600  1 0.1425 0.1475 0.1395 0.1454 0.1429 0.1414 0.1407 
         601  1 0.1382 0.1473 0.1401 0.1551 0.1432 0.1399 0.1362 
         602  1 0.1452 0.1400 0.1437 0.1430 0.1377 0.1444 0.1459 
         603  1 0.1408 0.1437 0.1447 0.1419 0.1435 0.1423 0.1431 
         604  1 0.1450 0.1408 0.1392 0.1484 0.1425 0.1408 0.1434 
         605  1 0.1439 0.1388 0.1416 0.1408 0.1452 0.1446 0.1451 
         606  1 0.1410 0.1441 0.1464 0.1425 0.1395 0.1434 0.1431 
