           1  1 0.1088 0.0979 0.1023 0.0959 0.0980 0.1005 0.0909 0.0971 0.1020 0.1065 
           2  1 0.0942 0.0957 0.1061 0.1004 0.0968 0.1012 0.1079 0.0975 0.1003 0.0999 
           3  1 0.0982 0.1016 0.0991 0.0982 0.1016 0.1008 0.1009 0.0994 0.1009 0.0992 
           4  1 0.1003 0.0994 0.0997 0.1009 0.0943 0.1053 0.0983 0.0962 0.1093 0.0963 
           5  1 0.1035 0.0994 0.1045 0.0971 0.1000 0.0979 0.0999 0.1013 0.0952 0.1011 
           6  1 0.1052 0.0958 0.1019 0.0990 0.0992 0.1039 0.0975 0.0975 0.0972 0.1027 
           7  1 0.1034 0.0951 0.1006 0.0995 0.0971 0.1021 0.0971 0.0975 0.1078 0.0999 
           8  1 0.1021 0.1007 0.1004 0.0952 0.0967 0.1004 0.0987 0.1003 0.1038 0.1017 
           9  1 0.0928 0.0999 0.1002 0.1008 0.0983 0.0994 0.1136 0.0961 0.0955 0.1034 
          10  1 0.1015 0.1007 0.0975 0.0975 0.1005 0.1039 0.0984 0.0995 0.1002 0.1002 
          11  1 0.0974 0.0994 0.0992 0.1017 0.1032 0.0979 0.1059 0.1013 0.0922 0.1017 
          12  1 0.0999 0.0969 0.0981 0.1027 0.1004 0.0959 0.1066 0.1049 0.0949 0.0998 
          13  1 0.1029 0.1010 0.0990 0.1011 0.1017 0.1004 0.0962 0.0981 0.0988 0.1008 
          14  1 0.1079 0.0940 0.1045 0.0990 0.1010 0.1014 0.0995 0.0957 0.0999 0.0972 
          15  1 0.1028 0.0957 0.1038 0.0964 0.0979 0.1013 0.0964 0.1005 0.1043 0.1009 
          16  1 0.0999 0.1016 0.1050 0.0994 0.1020 0.0988 0.0958 0.1015 0.0944 0.1017 
          17  1 0.0980 0.1014 0.0991 0.0989 0.1013 0.0999 0.1023 0.1013 0.0962 0.1015 
          18  1 0.0967 0.0992 0.1023 0.1038 0.1020 0.0946 0.1082 0.1001 0.0932 0.0999 
          19  1 0.0996 0.0981 0.1006 0.1017 0.0969 0.1013 0.1019 0.0966 0.1042 0.0990 
          20  1 0.1035 0.0976 0.1035 0.1023 0.0999 0.0989 0.0928 0.1087 0.0913 0.1016 
          21  1 0.0990 0.1010 0.0979 0.1008 0.1036 0.1020 0.1003 0.1006 0.0983 0.0965 
          22  1 0.0970 0.1013 0.0989 0.1072 0.1023 0.0968 0.1048 0.0986 0.0928 0.1003 
          23  1 0.0987 0.0994 0.1032 0.1019 0.1006 0.0993 0.1021 0.0966 0.0973 0.1008 
          24  1 0.1045 0.0975 0.1030 0.0902 0.0985 0.1009 0.0935 0.1024 0.1049 0.1046 
          25  1 0.0984 0.1005 0.1013 0.0998 0.0993 0.1028 0.0982 0.0970 0.1020 0.1007 
          26  1 0.1009 0.0967 0.0986 0.1010 0.1040 0.0991 0.0968 0.1011 0.0965 0.1053 
          27  1 0.0974 0.1017 0.1019 0.0983 0.0971 0.1042 0.0958 0.1033 0.1043 0.0959 
          28  1 0.0976 0.1017 0.0970 0.1006 0.1029 0.0981 0.1018 0.1033 0.1020 0.0949 
          29  1 0.1007 0.1022 0.1025 0.1000 0.0989 0.1003 0.0983 0.0977 0.1009 0.0983 
          30  1 0.0993 0.1004 0.0986 0.0999 0.1039 0.0990 0.1031 0.0988 0.0983 0.0987 
          31  1 0.1010 0.1055 0.0957 0.1033 0.0977 0.0971 0.1075 0.0963 0.0953 0.1006 
          32  1 0.0968 0.1030 0.0978 0.1015 0.0997 0.0980 0.1053 0.1039 0.0960 0.0980 
          33  1 0.0919 0.1044 0.0997 0.0994 0.1015 0.1000 0.1044 0.1031 0.0977 0.0979 
          34  1 0.1061 0.0950 0.0995 0.0984 0.1045 0.1003 0.0940 0.1062 0.0940 0.1020 
          35  1 0.1018 0.1019 0.0965 0.0989 0.0998 0.0984 0.1009 0.1006 0.1036 0.0976 
          36  1 0.0955 0.1014 0.1025 0.1013 0.0969 0.0988 0.1027 0.1015 0.1005 0.0990 
          37  1 0.1002 0.1029 0.0963 0.1013 0.1017 0.0992 0.1031 0.1026 0.0946 0.0982 
          38  1 0.0936 0.1008 0.1007 0.1038 0.1005 0.1017 0.1013 0.0996 0.0974 0.1005 
          39  1 0.0998 0.0974 0.0979 0.0984 0.1027 0.1053 0.0989 0.1026 0.1029 0.0942 
          40  1 0.1008 0.0991 0.1013 0.1022 0.0993 0.1009 0.0956 0.1012 0.0987 0.1008 
          41  1 0.1016 0.1023 0.1005 0.0987 0.1025 0.0968 0.0987 0.1005 0.0967 0.1017 
          42  1 0.0941 0.1010 0.0979 0.1028 0.0983 0.0989 0.1069 0.1030 0.0983 0.0987 
          43  1 0.1025 0.1008 0.0989 0.0951 0.1004 0.1004 0.0979 0.1005 0.1041 0.0994 
          44  1 0.1032 0.0956 0.1033 0.1022 0.1013 0.0976 0.0962 0.1042 0.0976 0.0988 
          45  1 0.1026 0.1006 0.1054 0.1052 0.0988 0.0961 0.1010 0.0967 0.0931 0.1004 
          46  1 0.1020 0.1015 0.1000 0.0986 0.0975 0.1009 0.0960 0.0992 0.1042 0.1001 
          47  1 0.1021 0.0986 0.0991 0.0987 0.1000 0.0994 0.0977 0.1025 0.1017 0.1003 
          48  1 0.0995 0.1037 0.0986 0.0984 0.0960 0.1038 0.0990 0.0986 0.1041 0.0984 
          49  1 0.0948 0.1008 0.0982 0.1023 0.1034 0.1001 0.1068 0.0987 0.0977 0.0971 
          50  1 0.1028 0.0948 0.1006 0.1065 0.0979 0.0983 0.1045 0.0967 0.0967 0.1011 
          51  1 0.1009 0.0995 0.0976 0.1025 0.0990 0.0967 0.1031 0.1045 0.0981 0.0980 
          52  1 0.1040 0.1054 0.0958 0.0959 0.1037 0.0981 0.1038 0.0987 0.0933 0.1013 
          53  1 0.1014 0.1055 0.0947 0.0995 0.1014 0.0991 0.1009 0.0961 0.0948 0.1066 
          54  1 0.0987 0.1007 0.0963 0.0978 0.1013 0.0982 0.1078 0.1045 0.1020 0.0927 
          55  1 0.0970 0.0988 0.0947 0.1062 0.1066 0.0943 0.1092 0.1033 0.0926 0.0972 
          56  1 0.1065 0.0976 0.1042 0.0985 0.1041 0.1007 0.0943 0.0955 0.0931 0.1054 
          57  1 0.0958 0.0997 0.1001 0.1022 0.1049 0.0986 0.1010 0.1027 0.0956 0.0994 
          58  1 0.0995 0.1026 0.0956 0.0957 0.0986 0.0994 0.1035 0.1034 0.1011 0.1007 
          59  1 0.0932 0.0980 0.1069 0.1018 0.0993 0.0978 0.0998 0.1018 0.0966 0.1047 
          60  1 0.1053 0.0965 0.1028 0.0986 0.0996 0.0968 0.0949 0.0998 0.1040 0.1017 
          61  1 0.1050 0.0979 0.1014 0.0967 0.0982 0.1042 0.0976 0.0963 0.1037 0.0990 
          62  1 0.1021 0.1037 0.0950 0.0971 0.1005 0.1006 0.0964 0.1026 0.1014 0.1007 
          63  1 0.1011 0.1013 0.0984 0.0997 0.0990 0.1014 0.0985 0.0969 0.1023 0.1014 
          64  1 0.0928 0.1011 0.0959 0.1025 0.1011 0.0987 0.1119 0.1009 0.0952 0.0999 
          65  1 0.1006 0.0989 0.1024 0.0962 0.0984 0.0996 0.1015 0.1002 0.0994 0.1027 
          66  1 0.1015 0.1017 0.0988 0.0971 0.0918 0.1071 0.1008 0.0944 0.1178 0.0889 
          67  1 0.1028 0.1009 0.0949 0.0963 0.0962 0.0959 0.1080 0.1063 0.1050 0.0937 
          68  1 0.0981 0.1021 0.0992 0.0996 0.1019 0.0988 0.1014 0.1008 0.0993 0.0987 
          69  1 0.0948 0.1021 0.0994 0.1047 0.0969 0.0983 0.1023 0.1015 0.0978 0.1021 
          70  1 0.1087 0.1040 0.0957 0.0976 0.0966 0.0965 0.1010 0.1045 0.0988 0.0966 
          71  1 0.1034 0.1003 0.1036 0.1090 0.1008 0.0895 0.1085 0.0939 0.0895 0.1016 
          72  1 0.1006 0.1019 0.0984 0.0977 0.0973 0.1040 0.1035 0.1005 0.0999 0.0962 
          73  1 0.0978 0.1017 0.0977 0.0961 0.1045 0.1019 0.1004 0.0993 0.1015 0.0990 
          74  1 0.1079 0.1050 0.0977 0.0955 0.0971 0.1004 0.0990 0.0969 0.1022 0.0983 
          75  1 0.0947 0.1032 0.0994 0.0994 0.0945 0.1040 0.0997 0.0985 0.1085 0.0980 
          76  1 0.1012 0.0996 0.1018 0.1008 0.0998 0.0966 0.1009 0.1001 0.1013 0.0979 
          77  1 0.0954 0.0987 0.0982 0.1090 0.1005 0.1014 0.1044 0.0968 0.0945 0.1011 
          78  1 0.0920 0.1010 0.0999 0.1018 0.0964 0.1039 0.1040 0.1048 0.0989 0.0971 
          79  1 0.0997 0.0976 0.1042 0.0992 0.0984 0.1033 0.0953 0.0998 0.1011 0.1013 
          80  1 0.0962 0.0983 0.1009 0.0963 0.1016 0.1013 0.1066 0.1014 0.1022 0.0951 
          81  1 0.0979 0.0991 0.0983 0.1073 0.0991 0.0959 0.1127 0.1014 0.0935 0.0949 
          82  1 0.0947 0.0996 0.1001 0.1044 0.0990 0.0981 0.0987 0.0988 0.1013 0.1053 
          83  1 0.0969 0.0980 0.0996 0.1067 0.1004 0.0969 0.1067 0.0978 0.0935 0.1034 
          84  1 0.1033 0.1023 0.0964 0.0987 0.0967 0.1069 0.0952 0.0995 0.1005 0.1004 
          85  1 0.1054 0.1011 0.0976 0.0933 0.0971 0.0992 0.0930 0.1007 0.1087 0.1039 
          86  1 0.1031 0.1039 0.1015 0.0952 0.0996 0.0989 0.0989 0.1038 0.1035 0.0916 
          87  1 0.1012 0.1050 0.0964 0.0949 0.0972 0.1009 0.1031 0.1001 0.1036 0.0977 
          88  1 0.1036 0.0983 0.1013 0.1044 0.1014 0.0978 0.0977 0.0975 0.0929 0.1051 
          89  1 0.1011 0.1044 0.0950 0.0991 0.0994 0.0992 0.1023 0.1034 0.1002 0.0959 
          90  1 0.1022 0.1017 0.0990 0.0952 0.0942 0.1015 0.0977 0.0986 0.1087 0.1012 
          91  1 0.0930 0.1024 0.0964 0.0986 0.1039 0.0972 0.1091 0.1036 0.0941 0.1018 
          92  1 0.0984 0.0994 0.1031 0.0999 0.0992 0.1013 0.0981 0.0989 0.1055 0.0963 
          93  1 0.0989 0.1000 0.0991 0.1056 0.1006 0.0978 0.1034 0.1000 0.0990 0.0957 
          94  1 0.1021 0.0951 0.1018 0.0990 0.1076 0.0956 0.0933 0.1041 0.0947 0.1067 
          95  1 0.1066 0.0939 0.0983 0.0971 0.0989 0.0994 0.0976 0.1047 0.1017 0.1019 
          96  1 0.1000 0.0994 0.1009 0.0997 0.0987 0.0990 0.0992 0.1023 0.1029 0.0978 
          97  1 0.0968 0.0998 0.0965 0.0972 0.1054 0.1014 0.1057 0.1035 0.0961 0.0977 
          98  1 0.0980 0.1024 0.0977 0.1038 0.0999 0.0975 0.1054 0.1005 0.0944 0.1005 
          99  1 0.0945 0.1011 0.0955 0.0983 0.0982 0.1069 0.0989 0.1022 0.1040 0.1003 
         100  1 0.0919 0.1025 0.0985 0.1028 0.1016 0.0986 0.1040 0.1027 0.0985 0.0990 
         101  1 0.0992 0.1005 0.0969 0.1027 0.1001 0.1010 0.1051 0.0982 0.0963 0.1001 
         102  1 0.0992 0.0994 0.0986 0.0992 0.1009 0.1043 0.0970 0.0978 0.1064 0.0971 
         103  1 0.0998 0.1028 0.1003 0.0995 0.0999 0.0967 0.1036 0.1006 0.0956 0.1013 
         104  1 0.0951 0.1024 0.0983 0.1013 0.0979 0.0970 0.1061 0.1019 0.0998 0.1002 
         105  1 0.1015 0.0993 0.0971 0.1015 0.1014 0.0972 0.1003 0.1015 0.0993 0.1009 
         106  1 0.1044 0.1021 0.0990 0.0982 0.1035 0.0977 0.0944 0.0979 0.1001 0.1029 
         107  1 0.1028 0.0956 0.1018 0.1026 0.1000 0.0978 0.0922 0.1011 0.0980 0.1081 
         108  1 0.0970 0.1000 0.1003 0.1026 0.1000 0.0957 0.1055 0.1002 0.1000 0.0987 
         109  1 0.0978 0.1025 0.1029 0.0933 0.0956 0.1027 0.0960 0.1002 0.1123 0.0968 
         110  1 0.0992 0.0982 0.1028 0.0986 0.0995 0.1021 0.1020 0.0969 0.1049 0.0958 
         111  1 0.1024 0.0975 0.1046 0.1005 0.0982 0.0999 0.0953 0.0957 0.1017 0.1043 
         112  1 0.0969 0.0997 0.1007 0.1003 0.1018 0.0998 0.1027 0.1022 0.0999 0.0960 
         113  1 0.1038 0.0973 0.1015 0.1005 0.1004 0.0963 0.0989 0.1000 0.1028 0.0984 
         114  1 0.1012 0.0994 0.0989 0.1001 0.1026 0.1018 0.0998 0.0989 0.0963 0.1010 
         115  1 0.1059 0.0993 0.1013 0.0995 0.1004 0.0962 0.0943 0.1017 0.0992 0.1021 
         116  1 0.0980 0.1019 0.1013 0.1008 0.1000 0.0983 0.1008 0.1034 0.0965 0.0990 
         117  1 0.1006 0.0968 0.0990 0.1030 0.1014 0.0971 0.1072 0.0985 0.0957 0.1006 
         118  1 0.0988 0.0981 0.1010 0.1027 0.1011 0.1000 0.1007 0.1003 0.0982 0.0991 
         119  1 0.0973 0.1000 0.0981 0.1045 0.0993 0.0958 0.1026 0.1021 0.0959 0.1042 
         120  1 0.1032 0.0998 0.1025 0.0966 0.0993 0.0997 0.0929 0.0995 0.1033 0.1033 
         121  1 0.1027 0.0986 0.1011 0.1002 0.1002 0.1004 0.0986 0.0993 0.0996 0.0992 
         122  1 0.0989 0.1019 0.0993 0.0982 0.0995 0.1001 0.0995 0.1002 0.1037 0.0988 
         123  1 0.0964 0.1013 0.0993 0.0971 0.0993 0.1054 0.0999 0.1028 0.1016 0.0969 
         124  1 0.1069 0.0947 0.1060 0.0975 0.1032 0.0961 0.0914 0.1056 0.0907 0.1080 
         125  1 0.1047 0.0953 0.1015 0.0988 0.1023 0.1008 0.0948 0.0984 0.1054 0.0979 
         126  1 0.1070 0.0943 0.1023 0.1019 0.1001 0.0997 0.0923 0.1010 0.1000 0.1014 
         127  1 0.1064 0.0968 0.1012 0.1007 0.0962 0.0984 0.0946 0.1058 0.1026 0.0972 
         128  1 0.1022 0.1012 0.0971 0.0995 0.0981 0.1020 0.1019 0.1020 0.0989 0.0971 
         129  1 0.0975 0.1032 0.1047 0.0999 0.1006 0.1013 0.1022 0.0960 0.0960 0.0987 
         130  1 0.1009 0.1022 0.0992 0.0967 0.0995 0.0999 0.1001 0.1039 0.1031 0.0945 
         131  1 0.0989 0.1050 0.1006 0.0950 0.0978 0.1012 0.0990 0.1014 0.0953 0.1058 
         132  1 0.0990 0.0967 0.1056 0.1042 0.1012 0.0945 0.0959 0.0970 0.0976 0.1082 
         133  1 0.1001 0.0997 0.1012 0.0946 0.1011 0.1038 0.1000 0.1005 0.1034 0.0956 
         134  1 0.1047 0.0979 0.1020 0.0955 0.0934 0.1068 0.0947 0.0965 0.1149 0.0936 
         135  1 0.0982 0.0984 0.0965 0.0997 0.0986 0.1042 0.0985 0.1046 0.1000 0.1013 
         136  1 0.0990 0.0975 0.1002 0.1000 0.1010 0.1005 0.1002 0.1008 0.0974 0.1035 
         137  1 0.0971 0.1019 0.1021 0.1004 0.1021 0.0979 0.1022 0.1018 0.1002 0.0945 
         138  1 0.0987 0.1004 0.1013 0.0971 0.0996 0.1015 0.1038 0.0972 0.1024 0.0981 
         139  1 0.1045 0.0970 0.1009 0.0973 0.1020 0.0995 0.0990 0.1002 0.0986 0.1011 
         140  1 0.1017 0.0993 0.0997 0.1048 0.0993 0.1002 0.0994 0.0999 0.0979 0.0977 
         141  1 0.1060 0.1021 0.0978 0.0966 0.0946 0.1029 0.1017 0.0964 0.1052 0.0966 
         142  1 0.0932 0.1044 0.1008 0.1004 0.1015 0.1005 0.1078 0.0986 0.0962 0.0966 
         143  1 0.1026 0.0953 0.1051 0.1010 0.1037 0.1010 0.0981 0.0976 0.1004 0.0951 
         144  1 0.0938 0.0979 0.1015 0.1013 0.1041 0.0991 0.1022 0.0981 0.0988 0.1032 
         145  1 0.0949 0.1001 0.0972 0.1030 0.1042 0.0963 0.1100 0.1013 0.0954 0.0976 
         146  1 0.0936 0.1003 0.0987 0.1033 0.1032 0.1027 0.1027 0.0988 0.0966 0.1002 
         147  1 0.1014 0.1008 0.1037 0.0998 0.1011 0.0954 0.0967 0.1018 0.0999 0.0994 
         148  1 0.0990 0.0975 0.1015 0.1005 0.0987 0.1039 0.0960 0.1022 0.1021 0.0987 
         149  1 0.1079 0.0969 0.1017 0.0980 0.0990 0.1024 0.0980 0.0970 0.1034 0.0958 
         150  1 0.0999 0.0990 0.1008 0.0984 0.1017 0.1041 0.0952 0.1025 0.1010 0.0976 
         151  1 0.0959 0.0980 0.0963 0.1072 0.1026 0.0980 0.1075 0.1010 0.0969 0.0965 
         152  1 0.1008 0.0965 0.1073 0.0971 0.0966 0.0982 0.0956 0.1040 0.1049 0.0990 
         153  1 0.0970 0.0999 0.1013 0.1030 0.0945 0.0985 0.1007 0.1031 0.1005 0.1015 
         154  1 0.1028 0.1009 0.0985 0.0982 0.0973 0.1025 0.0997 0.0986 0.1059 0.0957 
         155  1 0.0988 0.1035 0.0980 0.1028 0.1008 0.1002 0.1043 0.0989 0.0948 0.0977 
         156  1 0.0972 0.0979 0.0977 0.1056 0.0995 0.0982 0.1084 0.0982 0.0974 0.1000 
         157  1 0.1062 0.1036 0.0990 0.0913 0.0992 0.0988 0.0896 0.0999 0.1037 0.1089 
         158  1 0.0993 0.1015 0.1004 0.0982 0.0941 0.1038 0.1009 0.0975 0.1091 0.0952 
         159  1 0.1042 0.1023 0.0990 0.0977 0.0967 0.1024 0.0961 0.0951 0.1061 0.1005 
         160  1 0.0971 0.1001 0.0996 0.1024 0.1000 0.0996 0.1008 0.0987 0.1023 0.0994 
         161  1 0.0965 0.1031 0.0988 0.1006 0.0988 0.1030 0.0985 0.1003 0.1021 0.0984 
         162  1 0.1034 0.0994 0.0957 0.0999 0.1030 0.0980 0.0974 0.1041 0.0961 0.1030 
         163  1 0.1032 0.0967 0.1017 0.0953 0.0989 0.1039 0.1008 0.1001 0.1010 0.0985 
         164  1 0.1028 0.1031 0.0992 0.0968 0.1003 0.1009 0.0984 0.0963 0.1011 0.1011 
         165  1 0.0981 0.0980 0.1017 0.1035 0.0996 0.1004 0.1012 0.1012 0.0973 0.0989 
         166  1 0.0995 0.0988 0.1000 0.1033 0.1003 0.0962 0.1024 0.1014 0.0952 0.1030 
         167  1 0.0989 0.0981 0.1075 0.1008 0.0963 0.1014 0.0999 0.0954 0.1014 0.1002 
         168  1 0.0930 0.0998 0.0994 0.1025 0.1032 0.0967 0.1070 0.1030 0.0979 0.0974 
         169  1 0.1057 0.0968 0.0984 0.1029 0.1034 0.1011 0.0993 0.0999 0.0925 0.0999 
         170  1 0.0994 0.0989 0.1030 0.1020 0.1004 0.0995 0.1004 0.0997 0.0962 0.1005 
         171  1 0.1066 0.0992 0.0989 0.0992 0.0995 0.0995 0.0947 0.0968 0.1018 0.1038 
         172  1 0.1010 0.1015 0.1024 0.0990 0.1011 0.0960 0.1018 0.1026 0.0936 0.1012 
         173  1 0.1046 0.0998 0.0984 0.0986 0.0982 0.1024 0.0985 0.0975 0.1049 0.0971 
         174  1 0.1033 0.0973 0.1046 0.1007 0.0995 0.1015 0.0972 0.0954 0.1024 0.0981 
         175  1 0.0991 0.0991 0.1018 0.1017 0.1020 0.0988 0.1014 0.1002 0.0932 0.1026 
         176  1 0.1040 0.0983 0.1005 0.0991 0.1016 0.0973 0.0971 0.1012 0.0980 0.1029 
         177  1 0.0985 0.1035 0.1020 0.0970 0.1001 0.0997 0.1003 0.1003 0.1000 0.0988 
         178  1 0.0971 0.0990 0.0987 0.1023 0.1017 0.0995 0.1024 0.1015 0.0964 0.1015 
         179  1 0.0960 0.1012 0.1007 0.1013 0.1006 0.1001 0.1012 0.0982 0.1047 0.0961 
         180  1 0.1002 0.0988 0.1027 0.1052 0.0999 0.0980 0.1044 0.0971 0.0924 0.1013 
         181  1 0.0953 0.0995 0.0997 0.1036 0.1010 0.0988 0.1063 0.1022 0.0954 0.0983 
         182  1 0.0987 0.0998 0.0996 0.1012 0.1034 0.0955 0.1059 0.1025 0.0916 0.1017 
         183  1 0.0936 0.0980 0.1064 0.1009 0.0988 0.0986 0.1034 0.1011 0.0949 0.1044 
         184  1 0.0976 0.1022 0.1030 0.1013 0.1011 0.0966 0.1010 0.0985 0.0955 0.1032 
         185  1 0.0950 0.1038 0.0964 0.1032 0.1001 0.0988 0.1054 0.1007 0.0975 0.0991 
         186  1 0.1021 0.1012 0.0990 0.1025 0.1015 0.0961 0.0945 0.1033 0.0973 0.1025 
         187  1 0.1016 0.0972 0.1018 0.0998 0.0985 0.0988 0.0982 0.1004 0.0958 0.1078 
         188  1 0.0957 0.0990 0.0963 0.1059 0.1012 0.0979 0.1047 0.1000 0.0979 0.1015 
         189  1 0.0968 0.1021 0.0987 0.1015 0.1000 0.0995 0.0992 0.1012 0.1021 0.0989 
         190  1 0.0986 0.0986 0.1017 0.0995 0.0999 0.1028 0.1035 0.0958 0.0956 0.1040 
         191  1 0.0985 0.0969 0.0988 0.1087 0.0994 0.0976 0.1096 0.0962 0.0940 0.1002 
         192  1 0.1010 0.1014 0.1015 0.1019 0.0975 0.0988 0.0991 0.0967 0.1028 0.0993 
         193  1 0.0975 0.1000 0.0987 0.0989 0.1009 0.0998 0.1013 0.1045 0.0988 0.0997 
         194  1 0.1012 0.0977 0.0994 0.0973 0.0989 0.1017 0.0990 0.1036 0.1026 0.0985 
         195  1 0.0978 0.0992 0.1017 0.1043 0.1004 0.0986 0.0972 0.0984 0.1044 0.0980 
         196  1 0.0991 0.1014 0.1014 0.1006 0.0986 0.1000 0.1014 0.1020 0.0965 0.0990 
         197  1 0.1002 0.1005 0.0984 0.1020 0.0974 0.1040 0.1048 0.0984 0.1014 0.0927 
         198  1 0.1047 0.1007 0.1051 0.1008 0.0992 0.0946 0.0998 0.0936 0.0966 0.1049 
         199  1 0.1010 0.0981 0.1014 0.0964 0.1021 0.1005 0.1022 0.0983 0.1040 0.0961 
         200  1 0.0964 0.1029 0.0982 0.1019 0.0951 0.1054 0.1009 0.0992 0.1039 0.0960 
         201  1 0.0947 0.1025 0.0936 0.1005 0.1030 0.0957 0.1074 0.1038 0.0958 0.1029 
         202  1 0.1040 0.0983 0.1027 0.0995 0.1005 0.0971 0.0971 0.1000 0.0964 0.1045 
         203  1 0.0970 0.0992 0.0988 0.1046 0.1022 0.0993 0.1019 0.1020 0.1001 0.0949 
         204  1 0.1017 0.0963 0.1032 0.0963 0.0993 0.1001 0.0910 0.1046 0.1042 0.1033 
         205  1 0.0972 0.0989 0.0990 0.0996 0.0997 0.1022 0.1037 0.0993 0.1020 0.0984 
         206  1 0.1010 0.1003 0.1001 0.1051 0.0959 0.0965 0.1000 0.0991 0.0985 0.1035 
         207  1 0.1075 0.0973 0.1012 0.0978 0.0992 0.0972 0.0902 0.1076 0.1009 0.1010 
         208  1 0.1025 0.0973 0.0987 0.0977 0.0962 0.1013 0.0965 0.1008 0.1094 0.0998 
         209  1 0.0990 0.0988 0.0972 0.1013 0.1048 0.1015 0.1015 0.1022 0.0980 0.0957 
         210  1 0.1050 0.0993 0.1000 0.0971 0.1020 0.0998 0.0940 0.1005 0.1021 0.1002 
         211  1 0.1018 0.0962 0.0946 0.0942 0.0921 0.1107 0.0920 0.0937 0.1359 0.0888 
         212  1 0.0974 0.1032 0.0963 0.0962 0.1066 0.0968 0.1044 0.1010 0.0972 0.1010 
         213  1 0.0937 0.1024 0.1029 0.1000 0.0950 0.1001 0.1014 0.0979 0.1029 0.1038 
         214  1 0.0999 0.0980 0.0984 0.1014 0.1011 0.1064 0.0984 0.0977 0.0998 0.0988 
         215  1 0.1074 0.0955 0.1030 0.0986 0.1041 0.1007 0.0940 0.0999 0.1002 0.0968 
         216  1 0.0975 0.0999 0.0979 0.1077 0.1020 0.0943 0.1092 0.1007 0.0934 0.0975 
         217  1 0.0966 0.0988 0.1011 0.1012 0.1003 0.1007 0.0992 0.1002 0.1035 0.0984 
         218  1 0.1004 0.1005 0.1032 0.1061 0.1012 0.0985 0.1034 0.0912 0.0914 0.1041 
         219  1 0.0912 0.1026 0.1014 0.0955 0.0957 0.1014 0.1059 0.0998 0.1085 0.0981 
         220  1 0.0965 0.1048 0.1015 0.1010 0.0980 0.0933 0.0991 0.0975 0.1025 0.1058 
         221  1 0.1037 0.1030 0.1011 0.0955 0.0952 0.0974 0.0984 0.1009 0.1071 0.0977 
         222  1 0.1032 0.0994 0.0978 0.0951 0.1002 0.1008 0.0942 0.1031 0.1033 0.1029 
         223  1 0.1047 0.0998 0.1006 0.0963 0.0975 0.0969 0.1029 0.0966 0.1000 0.1048 
         224  1 0.1038 0.0960 0.0998 0.0960 0.1036 0.0986 0.0942 0.1051 0.0993 0.1036 
         225  1 0.1022 0.1013 0.1016 0.0997 0.0987 0.0991 0.0974 0.1010 0.1000 0.0990 
         226  1 0.1007 0.0988 0.0983 0.0996 0.1014 0.1013 0.0995 0.1005 0.1010 0.0989 
         227  1 0.1068 0.1044 0.0958 0.0969 0.0997 0.0950 0.1025 0.1019 0.1000 0.0971 
         228  1 0.1011 0.1003 0.1006 0.0977 0.1020 0.1000 0.0982 0.1005 0.0992 0.1004 
         229  1 0.0990 0.0988 0.0999 0.1019 0.1037 0.1009 0.1009 0.1011 0.0936 0.1001 
         230  1 0.0964 0.0988 0.0975 0.1017 0.0995 0.1015 0.1026 0.1037 0.1003 0.0980 
         231  1 0.0916 0.0997 0.0999 0.1066 0.0996 0.1008 0.1115 0.1016 0.0931 0.0956 
         232  1 0.0984 0.0984 0.1004 0.1003 0.1009 0.1023 0.1069 0.0970 0.0946 0.1008 
         233  1 0.0987 0.0997 0.1020 0.1027 0.1015 0.0953 0.0976 0.1010 0.0992 0.1024 
         234  1 0.1001 0.1008 0.0984 0.1024 0.1010 0.0992 0.1029 0.0992 0.0979 0.0981 
         235  1 0.0936 0.1028 0.1002 0.1041 0.1014 0.0963 0.1092 0.1035 0.0932 0.0957 
         236  1 0.1028 0.1029 0.0970 0.0982 0.0984 0.1020 0.0944 0.0980 0.1081 0.0983 
         237  1 0.0956 0.0990 0.0981 0.1033 0.1034 0.0941 0.1136 0.0989 0.0918 0.1022 
         238  1 0.1035 0.0994 0.0945 0.0994 0.1010 0.1059 0.0961 0.1020 0.1011 0.0972 
         239  1 0.0978 0.1004 0.1025 0.1024 0.1037 0.1008 0.0978 0.0984 0.0954 0.1008 
         240  1 0.0978 0.0967 0.1009 0.1047 0.0994 0.0997 0.0992 0.1003 0.0992 0.1022 
         241  1 0.0956 0.0963 0.0971 0.1016 0.1032 0.1052 0.1068 0.0987 0.0929 0.1026 
         242  1 0.0981 0.0982 0.0989 0.1048 0.1022 0.0985 0.0997 0.0970 0.0982 0.1045 
         243  1 0.1010 0.1009 0.1002 0.0995 0.0969 0.1016 0.0956 0.0989 0.1022 0.1032 
         244  1 0.1013 0.1044 0.0974 0.0963 0.0966 0.0983 0.1003 0.1012 0.1033 0.1008 
         245  1 0.0998 0.0989 0.1002 0.0995 0.0983 0.1048 0.0990 0.1012 0.0957 0.1026 
         246  1 0.0973 0.1024 0.0962 0.1009 0.1009 0.1017 0.1001 0.1003 0.0995 0.1007 
         247  1 0.0993 0.1024 0.0968 0.0994 0.0989 0.1012 0.0988 0.1040 0.1021 0.0973 
         248  1 0.0982 0.1021 0.0949 0.0992 0.1023 0.1029 0.0997 0.1030 0.0975 0.1001 
         249  1 0.1018 0.1015 0.1001 0.0975 0.0954 0.0991 0.1003 0.0995 0.0992 0.1056 
         250  1 0.0967 0.1033 0.0986 0.1029 0.1007 0.0999 0.1071 0.1001 0.0935 0.0971 
         251  1 0.0960 0.1055 0.0964 0.1010 0.1004 0.0967 0.1058 0.0994 0.0990 0.0999 
         252  1 0.1025 0.0991 0.1022 0.1002 0.1003 0.0992 0.0990 0.0932 0.1023 0.1020 
         253  1 0.0976 0.1007 0.0990 0.0994 0.1015 0.1056 0.0938 0.1010 0.1043 0.0971 
         254  1 0.0981 0.0967 0.1038 0.1066 0.0991 0.0979 0.1050 0.0961 0.0965 0.1001 
         255  1 0.0978 0.1053 0.1040 0.0967 0.0980 0.1008 0.0963 0.1002 0.1040 0.0970 
         256  1 0.0990 0.1002 0.1026 0.1018 0.1006 0.1003 0.1003 0.0974 0.0982 0.0996 
         257  1 0.0970 0.0982 0.1000 0.0998 0.0984 0.1053 0.0989 0.0954 0.1095 0.0975 
         258  1 0.1034 0.1037 0.0988 0.0943 0.0986 0.1026 0.0954 0.1014 0.1050 0.0969 
         259  1 0.0975 0.1022 0.0988 0.0993 0.1000 0.1018 0.0995 0.1042 0.1049 0.0917 
         260  1 0.0938 0.1029 0.0996 0.1018 0.0976 0.0998 0.1043 0.0976 0.1057 0.0969 
         261  1 0.1026 0.0984 0.1029 0.0971 0.1041 0.0996 0.0965 0.0978 0.0925 0.1085 
         262  1 0.1030 0.0953 0.1013 0.1029 0.0991 0.1036 0.0983 0.0976 0.1015 0.0974 
         263  1 0.0947 0.1032 0.0970 0.1073 0.1039 0.0972 0.1042 0.0994 0.0956 0.0974 
         264  1 0.0977 0.0989 0.1021 0.1050 0.1017 0.0982 0.0977 0.1008 0.1013 0.0966 
         265  1 0.0948 0.1014 0.0994 0.1024 0.0996 0.1044 0.0993 0.0985 0.1009 0.0994 
         266  1 0.0921 0.1021 0.1008 0.1013 0.1010 0.1039 0.1017 0.1013 0.0968 0.0990 
         267  1 0.1055 0.0974 0.1017 0.0965 0.1003 0.1019 0.0976 0.1020 0.1028 0.0943 
         268  1 0.1042 0.0967 0.0992 0.0935 0.1008 0.1001 0.0936 0.0991 0.1055 0.1073 
         269  1 0.1008 0.0943 0.1012 0.0961 0.0973 0.1074 0.0952 0.0991 0.1076 0.1009 
         270  1 0.1017 0.1003 0.1024 0.1010 0.1041 0.0988 0.0998 0.1015 0.0947 0.0957 
         271  1 0.1031 0.0994 0.0968 0.1009 0.1015 0.1003 0.1028 0.1017 0.0945 0.0990 
         272  1 0.0971 0.1048 0.1002 0.0979 0.0982 0.1002 0.1018 0.1004 0.1047 0.0947 
         273  1 0.0949 0.1007 0.0969 0.0994 0.1025 0.0990 0.1085 0.1036 0.0944 0.1000 
         274  1 0.0999 0.1011 0.0982 0.0995 0.1013 0.1006 0.1002 0.0983 0.1020 0.0989 
         275  1 0.1024 0.1015 0.0996 0.0928 0.0957 0.1052 0.0955 0.1011 0.1119 0.0942 
         276  1 0.0943 0.0952 0.1072 0.1069 0.1044 0.0914 0.1022 0.0958 0.0953 0.1076 
         277  1 0.1003 0.0984 0.1024 0.1011 0.0999 0.0990 0.0934 0.1049 0.1011 0.0994 
         278  1 0.1018 0.0965 0.1011 0.0956 0.1030 0.1034 0.0942 0.0962 0.1057 0.1026 
         279  1 0.1008 0.0989 0.1022 0.1050 0.0992 0.0973 0.1045 0.0986 0.0991 0.0943 
         280  1 0.1031 0.1002 0.0993 0.1021 0.0985 0.0971 0.0930 0.0952 0.1042 0.1073 
         281  1 0.0940 0.1006 0.0962 0.1036 0.1041 0.0985 0.1130 0.1018 0.0899 0.0983 
         282  1 0.0982 0.1042 0.0966 0.1029 0.1009 0.0969 0.1013 0.1006 0.0947 0.1037 
         283  1 0.1034 0.0999 0.1008 0.1035 0.1003 0.0975 0.1008 0.0960 0.0957 0.1021 
         284  1 0.0929 0.0982 0.1034 0.1027 0.0982 0.0998 0.1046 0.1009 0.0887 0.1106 
         285  1 0.0933 0.1035 0.0952 0.1037 0.0972 0.0974 0.1090 0.1030 0.0984 0.0993 
         286  1 0.1055 0.1045 0.1012 0.0977 0.0938 0.1006 0.0957 0.0998 0.1030 0.0981 
         287  1 0.0995 0.0989 0.0980 0.1039 0.1013 0.0964 0.1043 0.1009 0.0983 0.0985 
         288  1 0.0986 0.1015 0.0985 0.0992 0.1004 0.1003 0.0996 0.1016 0.0992 0.1011 
         289  1 0.1006 0.0994 0.0981 0.1020 0.1024 0.0988 0.1106 0.0953 0.0940 0.0988 
         290  1 0.1031 0.1016 0.0995 0.0985 0.0985 0.0951 0.1053 0.0984 0.0929 0.1072 
         291  1 0.0993 0.0963 0.1044 0.0997 0.0975 0.0988 0.0950 0.1001 0.1055 0.1034 
         292  1 0.0975 0.1011 0.0970 0.1021 0.1054 0.0992 0.1020 0.1030 0.0943 0.0984 
         293  1 0.0946 0.1013 0.0961 0.1023 0.0998 0.1019 0.1066 0.1004 0.0987 0.0982 
         294  1 0.1022 0.1004 0.0961 0.1037 0.1035 0.0995 0.1003 0.1002 0.0970 0.0971 
         295  1 0.0943 0.0999 0.1003 0.0980 0.1000 0.1062 0.1027 0.0977 0.1032 0.0978 
         296  1 0.1091 0.0996 0.0946 0.1003 0.1000 0.0981 0.0998 0.0953 0.1025 0.1007 
         297  1 0.1014 0.1028 0.0965 0.0980 0.0985 0.1021 0.1001 0.1005 0.1023 0.0978 
         298  1 0.0990 0.0991 0.0961 0.1012 0.1037 0.1028 0.1044 0.0991 0.0943 0.1004 
         299  1 0.0993 0.1041 0.0974 0.0956 0.0980 0.1003 0.1043 0.1034 0.1036 0.0940 
         300  1 0.1019 0.0986 0.1011 0.0989 0.0953 0.1022 0.0921 0.0983 0.1126 0.0989 
         301  1 0.0962 0.1024 0.1037 0.1032 0.0958 0.0977 0.1010 0.0990 0.0995 0.1016 
         302  1 0.0994 0.0998 0.0980 0.1005 0.0961 0.1044 0.0984 0.1026 0.1046 0.0962 
         303  1 0.0988 0.0995 0.1036 0.1010 0.1007 0.0990 0.0998 0.0984 0.0988 0.1004 
         304  1 0.1018 0.1001 0.1021 0.1033 0.1005 0.0979 0.1034 0.0949 0.0952 0.1008 
         305  1 0.1002 0.1009 0.1013 0.1053 0.1002 0.0971 0.1038 0.0941 0.0942 0.1027 
         306  1 0.0987 0.0997 0.1030 0.1020 0.0996 0.1006 0.1002 0.0963 0.1012 0.0987 
         307  1 0.0965 0.1028 0.1023 0.0996 0.0983 0.0962 0.1027 0.0978 0.1047 0.0991 
         308  1 0.0973 0.0984 0.0975 0.1008 0.0974 0.1022 0.1027 0.1019 0.1029 0.0990 
         309  1 0.0938 0.1010 0.0997 0.1047 0.1020 0.0967 0.1055 0.1029 0.0958 0.0979 
         310  1 0.1035 0.0992 0.0999 0.1000 0.1005 0.0972 0.0980 0.1009 0.1025 0.0983 
         311  1 0.1052 0.0991 0.1013 0.0995 0.1006 0.0956 0.0970 0.1026 0.0984 0.1008 
         312  1 0.0993 0.1014 0.1000 0.1056 0.0999 0.0941 0.1101 0.0951 0.0903 0.1042 
         313  1 0.0960 0.1023 0.1003 0.1002 0.0965 0.1022 0.0987 0.0996 0.1063 0.0979 
         314  1 0.0945 0.1034 0.0986 0.0984 0.1010 0.1031 0.1069 0.1018 0.0933 0.0990 
         315  1 0.0995 0.0989 0.1013 0.0991 0.0974 0.1007 0.1035 0.1014 0.1012 0.0971 
         316  1 0.0933 0.1012 0.1032 0.0952 0.0994 0.1061 0.1033 0.0988 0.0970 0.1024 
         317  1 0.0977 0.0988 0.1015 0.0957 0.0999 0.1022 0.1054 0.1042 0.0910 0.1036 
         318  1 0.0927 0.0987 0.0975 0.1002 0.1055 0.0983 0.1103 0.1019 0.0937 0.1014 
         319  1 0.1045 0.1021 0.1028 0.0980 0.0970 0.0997 0.0931 0.0985 0.1022 0.1020 
         320  1 0.0993 0.0987 0.1001 0.0992 0.1009 0.1011 0.0980 0.0995 0.0998 0.1034 
         321  1 0.1031 0.0992 0.1028 0.0960 0.0994 0.1020 0.0973 0.0988 0.1043 0.0972 
         322  1 0.0956 0.0999 0.0940 0.1047 0.1026 0.0983 0.1075 0.1005 0.0968 0.1001 
         323  1 0.1028 0.0973 0.0979 0.0989 0.0989 0.0975 0.1035 0.1007 0.0953 0.1071 
         324  1 0.1023 0.0970 0.1022 0.0967 0.0983 0.1029 0.0939 0.0976 0.1123 0.0968 
         325  1 0.0901 0.1013 0.1004 0.1052 0.1020 0.0981 0.1081 0.1016 0.0912 0.1020 
         326  1 0.0979 0.0976 0.1016 0.0992 0.0990 0.1021 0.0988 0.0979 0.1060 0.0999 
         327  1 0.1041 0.0986 0.1036 0.0986 0.1013 0.1004 0.0948 0.0976 0.1003 0.1006 
         328  1 0.1008 0.0997 0.1020 0.0988 0.1036 0.0981 0.1000 0.1003 0.0996 0.0971 
         329  1 0.0934 0.0972 0.0986 0.1041 0.1047 0.0996 0.1075 0.0973 0.0954 0.1021 
         330  1 0.1010 0.1038 0.0982 0.1014 0.0967 0.1022 0.0979 0.1001 0.0988 0.0999 
         331  1 0.1070 0.0980 0.0974 0.0985 0.0986 0.0975 0.0937 0.1006 0.1038 0.1049 
         332  1 0.0947 0.0994 0.1010 0.1020 0.0975 0.0999 0.1019 0.0989 0.1014 0.1033 
         333  1 0.1033 0.0984 0.1060 0.1006 0.0976 0.0967 0.0959 0.1016 0.0966 0.1034 
         334  1 0.1035 0.0994 0.0984 0.0975 0.1030 0.1030 0.0978 0.0998 0.0978 0.0998 
         335  1 0.0933 0.0955 0.0982 0.1040 0.1069 0.0989 0.1085 0.1013 0.0889 0.1045 
         336  1 0.1038 0.0985 0.1005 0.0989 0.1014 0.1015 0.0977 0.0982 0.0963 0.1033 
         337  1 0.0959 0.0980 0.1012 0.1042 0.1001 0.1018 0.0974 0.0995 0.1070 0.0950 
         338  1 0.1002 0.1030 0.0973 0.0960 0.1026 0.1013 0.0951 0.1033 0.0992 0.1019 
         339  1 0.0990 0.0989 0.1015 0.1033 0.1004 0.0998 0.1019 0.1002 0.0972 0.0977 
         340  1 0.0967 0.1007 0.1026 0.1043 0.0951 0.1017 0.1042 0.0974 0.1020 0.0954 
         341  1 0.1039 0.1007 0.1021 0.1003 0.1004 0.1002 0.0938 0.1010 0.0966 0.1011 
         342  1 0.0972 0.1019 0.0992 0.1010 0.0972 0.1004 0.1045 0.1022 0.1012 0.0952 
         343  1 0.0999 0.1004 0.1021 0.0989 0.1019 0.0985 0.1000 0.1013 0.0953 0.1017 
         344  1 0.0982 0.1032 0.0946 0.0967 0.1011 0.1018 0.1048 0.0970 0.1016 0.1009 
         345  1 0.0984 0.1049 0.0970 0.1026 0.0974 0.0961 0.1035 0.1009 0.1019 0.0974 
         346  1 0.1021 0.0974 0.1016 0.1024 0.1012 0.1006 0.0939 0.0983 0.1004 0.1021 
         347  1 0.1003 0.0988 0.1012 0.0987 0.0950 0.0997 0.0997 0.0975 0.1063 0.1028 
         348  1 0.1045 0.0972 0.0981 0.1038 0.1011 0.0998 0.1035 0.0994 0.0955 0.0970 
         349  1 0.1009 0.1020 0.0994 0.0979 0.0997 0.1007 0.0967 0.0999 0.1007 0.1020 
         350  1 0.1080 0.0981 0.1043 0.0997 0.0959 0.0969 0.0957 0.0963 0.0961 0.1091 
         351  1 0.0996 0.0981 0.1025 0.0989 0.0979 0.0982 0.1005 0.1030 0.1041 0.0971 
         352  1 0.1006 0.0989 0.1032 0.0961 0.1047 0.0958 0.0980 0.1019 0.0936 0.1072 
         353  1 0.0988 0.0986 0.0988 0.1060 0.1013 0.0956 0.1017 0.1014 0.0967 0.1012 
         354  1 0.0961 0.1016 0.1019 0.1060 0.1010 0.0975 0.1026 0.0975 0.0965 0.0992 
         355  1 0.0955 0.1012 0.1007 0.1005 0.0994 0.1053 0.1031 0.1018 0.0959 0.0967 
         356  1 0.1016 0.0994 0.1004 0.0992 0.0967 0.1026 0.0981 0.0973 0.1038 0.1010 
         357  1 0.1014 0.1001 0.1031 0.0984 0.0985 0.1033 0.0963 0.0936 0.1043 0.1008 
         358  1 0.0982 0.0952 0.1045 0.1066 0.0994 0.0986 0.1016 0.0951 0.0964 0.1044 
         359  1 0.0997 0.0988 0.1051 0.0981 0.0954 0.1011 0.0950 0.1003 0.1061 0.1004 
         360  1 0.0964 0.0996 0.1006 0.1023 0.1003 0.0973 0.1051 0.0994 0.0956 0.1034 
         361  1 0.0915 0.0946 0.0926 0.0936 0.0926 0.1104 0.1023 0.0961 0.1335 0.0928 
         362  1 0.0999 0.1013 0.1002 0.0988 0.0981 0.1026 0.0949 0.1005 0.1075 0.0963 
         363  1 0.0985 0.1011 0.1002 0.0994 0.1026 0.1012 0.1019 0.1011 0.0953 0.0986 
         364  1 0.0975 0.0991 0.1021 0.1025 0.0997 0.0998 0.1010 0.0987 0.0980 0.1015 
         365  1 0.0966 0.0974 0.1029 0.0995 0.1000 0.0982 0.1008 0.1052 0.1026 0.0968 
         366  1 0.1046 0.0969 0.1036 0.0969 0.1018 0.0959 0.0976 0.1048 0.0983 0.0995 
         367  1 0.0987 0.0982 0.0995 0.0966 0.1021 0.1031 0.0958 0.1019 0.0996 0.1047 
         368  1 0.0985 0.0994 0.0963 0.1018 0.1038 0.0990 0.1077 0.1006 0.0939 0.0991 
         369  1 0.1063 0.1024 0.0973 0.0991 0.0956 0.0981 0.0980 0.1024 0.1013 0.0995 
         370  1 0.1042 0.1037 0.1000 0.0989 0.0976 0.0977 0.0964 0.0983 0.1017 0.1014 
         371  1 0.1043 0.1013 0.1007 0.0968 0.0991 0.1008 0.0961 0.0979 0.1023 0.1006 
         372  1 0.1018 0.0985 0.0985 0.1024 0.0988 0.1008 0.1017 0.0995 0.0999 0.0980 
         373  1 0.1037 0.0996 0.1021 0.0989 0.1009 0.0972 0.0933 0.0993 0.1010 0.1040 
         374  1 0.1006 0.0987 0.1003 0.0958 0.1028 0.1043 0.0968 0.0996 0.1036 0.0974 
         375  1 0.1002 0.1009 0.1025 0.1019 0.1024 0.0967 0.0981 0.0980 0.0976 0.1018 
         376  1 0.0971 0.0999 0.1010 0.1019 0.1016 0.1028 0.0999 0.1006 0.0951 0.1000 
         377  1 0.1024 0.1023 0.1014 0.0977 0.0995 0.1017 0.1002 0.0993 0.0999 0.0955 
         378  1 0.0998 0.1007 0.1045 0.1068 0.1002 0.0993 0.1019 0.0978 0.0947 0.0942 
         379  1 0.0937 0.1023 0.1006 0.1013 0.1001 0.1006 0.1038 0.0998 0.0973 0.1006 
         380  1 0.0943 0.1024 0.0937 0.1071 0.1013 0.1004 0.1060 0.1005 0.0934 0.1008 
         381  1 0.0993 0.0993 0.1025 0.0993 0.1008 0.0952 0.0996 0.1017 0.1017 0.1006 
         382  1 0.0933 0.1051 0.1020 0.1046 0.1001 0.0986 0.1041 0.0975 0.0976 0.0970 
         383  1 0.1002 0.0982 0.1028 0.1029 0.1003 0.0977 0.1072 0.0940 0.0971 0.0997 
         384  1 0.0986 0.1000 0.0983 0.1011 0.0997 0.0993 0.1009 0.0983 0.1053 0.0984 
         385  1 0.0989 0.1013 0.1016 0.0974 0.0994 0.0957 0.0969 0.1027 0.1028 0.1033 
         386  1 0.1068 0.1051 0.0981 0.0951 0.0987 0.0967 0.1050 0.0975 0.1009 0.0961 
         387  1 0.1039 0.0972 0.0994 0.0991 0.1022 0.1035 0.0968 0.0988 0.1004 0.0987 
         388  1 0.0982 0.1002 0.1019 0.1056 0.0980 0.1000 0.1008 0.0998 0.0927 0.1028 
         389  1 0.0991 0.0994 0.1022 0.1030 0.0984 0.1006 0.0995 0.1002 0.0976 0.0999 
         390  1 0.1036 0.1010 0.0976 0.0964 0.0951 0.1037 0.0992 0.0996 0.1076 0.0962 
         391  1 0.1015 0.1014 0.1031 0.0961 0.0954 0.1030 0.0976 0.1004 0.1039 0.0975 
         392  1 0.1000 0.0982 0.0948 0.1023 0.0995 0.0995 0.1037 0.0979 0.1034 0.1006 
         393  1 0.0990 0.1000 0.1000 0.1024 0.1046 0.1010 0.0993 0.0979 0.0941 0.1018 
         394  1 0.0987 0.0991 0.1044 0.1022 0.1017 0.1010 0.1011 0.0965 0.0996 0.0958 
         395  1 0.0990 0.0962 0.1049 0.1001 0.0983 0.0986 0.0995 0.0957 0.1041 0.1035 
         396  1 0.0996 0.0997 0.0992 0.0978 0.0996 0.0991 0.0990 0.1011 0.1035 0.1014 
         397  1 0.1030 0.0974 0.1028 0.0945 0.1007 0.0984 0.0973 0.1014 0.1050 0.0994 
         398  1 0.0991 0.1029 0.1009 0.1026 0.1014 0.0964 0.1007 0.0998 0.0959 0.1003 
         399  1 0.0989 0.0991 0.0942 0.1010 0.1018 0.0972 0.1090 0.1021 0.0956 0.1011 
         400  1 0.0992 0.0980 0.1022 0.1056 0.1019 0.0980 0.1050 0.0963 0.0976 0.0962 
         401  1 0.1004 0.1009 0.1015 0.0970 0.1008 0.1006 0.1003 0.1000 0.0955 0.1031 
         402  1 0.0973 0.0967 0.0956 0.1063 0.1028 0.0982 0.1071 0.0991 0.0962 0.1008 
         403  1 0.1033 0.0999 0.1006 0.1042 0.0995 0.0944 0.1065 0.0974 0.0933 0.1008 
         404  1 0.1031 0.1004 0.1017 0.0994 0.0977 0.0964 0.0933 0.1033 0.0972 0.1074 
         405  1 0.1005 0.0979 0.0978 0.1012 0.1007 0.1037 0.0928 0.1021 0.0996 0.1038 
         406  1 0.1008 0.0960 0.1031 0.0991 0.1017 0.0949 0.0932 0.1006 0.0985 0.1121 
         407  1 0.1049 0.1059 0.1005 0.0978 0.0981 0.0981 0.0991 0.0986 0.0988 0.0982 
         408  1 0.0979 0.1002 0.0984 0.1012 0.1003 0.1002 0.1000 0.1028 0.0977 0.1012 
         409  1 0.0969 0.1017 0.0982 0.0995 0.0966 0.1007 0.0995 0.1012 0.1059 0.0996 
         410  1 0.0995 0.0969 0.1045 0.1016 0.0979 0.0993 0.1017 0.0961 0.1037 0.0989 
         411  1 0.0915 0.0988 0.1034 0.0980 0.0973 0.1030 0.1057 0.1033 0.1030 0.0960 
         412  1 0.1047 0.0989 0.0956 0.0984 0.0998 0.0982 0.0967 0.1027 0.0998 0.1053 
         413  1 0.0964 0.1038 0.0972 0.1001 0.0966 0.0988 0.1067 0.1006 0.1009 0.0988 
         414  1 0.0900 0.1005 0.0981 0.1047 0.1034 0.0916 0.1136 0.1059 0.0879 0.1042 
         415  1 0.1008 0.1016 0.1030 0.1051 0.0978 0.0950 0.1048 0.0938 0.0950 0.1031 
         416  1 0.1069 0.0973 0.0998 0.1053 0.1021 0.0965 0.1030 0.0939 0.0971 0.0981 
         417  1 0.1018 0.1016 0.0994 0.1005 0.0964 0.0988 0.1013 0.1010 0.0982 0.1011 
         418  1 0.1043 0.1001 0.1003 0.0993 0.1000 0.0963 0.1054 0.0984 0.0941 0.1017 
         419  1 0.0963 0.0999 0.1022 0.0990 0.0960 0.0997 0.1019 0.1021 0.0994 0.1036 
         420  1 0.0968 0.0973 0.1012 0.1021 0.0997 0.0993 0.1073 0.0921 0.0952 0.1090 
         421  1 0.1040 0.0985 0.1054 0.0911 0.0994 0.1023 0.0981 0.0989 0.1040 0.0983 
         422  1 0.0990 0.0987 0.1003 0.1057 0.0983 0.1002 0.1042 0.0948 0.0976 0.1012 
         423  1 0.1030 0.0974 0.0992 0.1002 0.0998 0.0999 0.0988 0.1026 0.1051 0.0939 
         424  1 0.1017 0.1042 0.0970 0.0987 0.0971 0.0984 0.1057 0.1014 0.0954 0.1004 
         425  1 0.0967 0.1015 0.1000 0.1014 0.1050 0.0981 0.0996 0.1035 0.0951 0.0992 
         426  1 0.0987 0.1014 0.1018 0.1007 0.1040 0.0979 0.0956 0.1019 0.0996 0.0984 
         427  1 0.1023 0.0990 0.1013 0.1029 0.0970 0.0993 0.0996 0.1004 0.0982 0.0999 
         428  1 0.0998 0.0982 0.0967 0.1000 0.0987 0.0979 0.1035 0.0992 0.1030 0.1028 
         429  1 0.1039 0.0992 0.1024 0.1007 0.1010 0.0962 0.0992 0.0985 0.0962 0.1026 
         430  1 0.1001 0.0986 0.1013 0.1070 0.0999 0.0949 0.1033 0.0950 0.0971 0.1028 
         431  1 0.0990 0.0987 0.1017 0.0987 0.0990 0.0960 0.1005 0.1020 0.0999 0.1043 
         432  1 0.1009 0.1023 0.0982 0.1033 0.1002 0.0971 0.1006 0.0992 0.0971 0.1011 
         433  1 0.0986 0.1001 0.0974 0.0984 0.1062 0.0979 0.1027 0.1032 0.0948 0.1008 
         434  1 0.1004 0.1033 0.0966 0.0968 0.0954 0.0994 0.1003 0.1001 0.1067 0.1009 
         435  1 0.0955 0.0990 0.1015 0.1007 0.1007 0.0984 0.1025 0.1025 0.0951 0.1041 
         436  1 0.1011 0.1007 0.1018 0.1047 0.0990 0.0991 0.1039 0.0965 0.0940 0.0992 
         437  1 0.1015 0.0980 0.0997 0.1020 0.0985 0.1030 0.1010 0.0966 0.1027 0.0971 
         438  1 0.1060 0.1004 0.1002 0.0977 0.0965 0.0981 0.0980 0.1032 0.1041 0.0958 
         439  1 0.1031 0.0982 0.1012 0.1018 0.0990 0.0975 0.0999 0.0990 0.1000 0.1005 
         440  1 0.0984 0.1014 0.0995 0.1037 0.0993 0.0986 0.1037 0.1027 0.0936 0.0990 
         441  1 0.0976 0.1018 0.0998 0.1008 0.1012 0.0986 0.0996 0.0988 0.1039 0.0979 
         442  1 0.1012 0.1017 0.0997 0.1027 0.0973 0.1023 0.0960 0.0992 0.1052 0.0946 
         443  1 0.0992 0.1013 0.1033 0.1013 0.0983 0.0985 0.1020 0.0950 0.0963 0.1047 
         444  1 0.0985 0.0960 0.0977 0.0992 0.1010 0.1036 0.1025 0.1014 0.1039 0.0960 
         445  1 0.0978 0.0977 0.0998 0.1031 0.1015 0.0984 0.1024 0.1004 0.0997 0.0993 
         446  1 0.1056 0.0981 0.1042 0.0980 0.1026 0.0992 0.0963 0.0995 0.0955 0.1011 
         447  1 0.0988 0.0985 0.1005 0.1035 0.1010 0.0982 0.1001 0.1003 0.0963 0.1029 
         448  1 0.0988 0.0983 0.1030 0.1006 0.1004 0.1006 0.1023 0.0987 0.1002 0.0972 
         449  1 0.0966 0.1030 0.0996 0.1009 0.0998 0.1006 0.1021 0.0987 0.1014 0.0972 
         450  1 0.0949 0.1007 0.1001 0.0996 0.1011 0.1015 0.1049 0.0967 0.0989 0.1016 
         451  1 0.0996 0.1011 0.0964 0.1022 0.1026 0.0981 0.1011 0.1012 0.1001 0.0976 
         452  1 0.1054 0.0955 0.1011 0.0981 0.1033 0.1025 0.0948 0.1004 0.0986 0.1003 
         453  1 0.1042 0.0946 0.1045 0.0980 0.1031 0.0955 0.0920 0.1007 0.1012 0.1062 
         454  1 0.0980 0.0992 0.1000 0.1017 0.1036 0.0985 0.1004 0.1056 0.0981 0.0947 
         455  1 0.1011 0.1038 0.0981 0.0970 0.1011 0.0993 0.0995 0.0976 0.1030 0.0995 
         456  1 0.1023 0.0981 0.1035 0.0978 0.0997 0.0973 0.1013 0.1037 0.0943 0.1019 
         457  1 0.1114 0.0950 0.0999 0.0963 0.1006 0.0984 0.0912 0.0986 0.0996 0.1090 
         458  1 0.1031 0.0976 0.0987 0.1016 0.1012 0.0987 0.0988 0.1039 0.0967 0.0997 
         459  1 0.0984 0.0975 0.0985 0.1052 0.0987 0.0950 0.1078 0.1011 0.0951 0.1027 
