           1  1 0.2578 0.2402 0.2405 0.2615 
           2  1 0.2557 0.2413 0.2495 0.2536 
           3  1 0.2491 0.2448 0.2507 0.2554 
           4  1 0.2622 0.2426 0.2307 0.2645 
           5  1 0.2473 0.2481 0.2576 0.2469 
           6  1 0.2513 0.2484 0.2451 0.2553 
           7  1 0.2566 0.2429 0.2413 0.2592 
           8  1 0.2585 0.2412 0.2333 0.2670 
           9  1 0.2391 0.2581 0.2663 0.2364 
          10  1 0.2607 0.2439 0.2350 0.2604 
          11  1 0.2362 0.2655 0.2685 0.2298 
          12  1 0.2370 0.2614 0.2699 0.2318 
          13  1 0.2511 0.2512 0.2494 0.2483 
          14  1 0.2584 0.2323 0.2359 0.2734 
          15  1 0.2595 0.2397 0.2344 0.2665 
          16  1 0.2524 0.2443 0.2491 0.2542 
          17  1 0.2461 0.2580 0.2564 0.2395 
          18  1 0.2349 0.2585 0.2802 0.2264 
          19  1 0.2524 0.2483 0.2495 0.2497 
          20  1 0.2415 0.2534 0.2689 0.2362 
          21  1 0.2483 0.2466 0.2536 0.2515 
          22  1 0.2373 0.2617 0.2686 0.2324 
          23  1 0.2520 0.2469 0.2489 0.2522 
          24  1 0.2650 0.2303 0.2250 0.2797 
          25  1 0.2564 0.2381 0.2458 0.2597 
          26  1 0.2412 0.2581 0.2630 0.2376 
          27  1 0.2557 0.2496 0.2370 0.2577 
          28  1 0.2536 0.2461 0.2465 0.2539 
          29  1 0.2530 0.2454 0.2516 0.2499 
          30  1 0.2531 0.2544 0.2375 0.2550 
          31  1 0.2401 0.2533 0.2619 0.2447 
          32  1 0.2443 0.2562 0.2515 0.2480 
          33  1 0.2373 0.2647 0.2634 0.2346 
          34  1 0.2470 0.2527 0.2528 0.2475 
          35  1 0.2516 0.2547 0.2441 0.2496 
          36  1 0.2448 0.2495 0.2576 0.2481 
          37  1 0.2442 0.2559 0.2597 0.2401 
          38  1 0.2487 0.2566 0.2482 0.2465 
          39  1 0.2482 0.2491 0.2499 0.2528 
          40  1 0.2490 0.2551 0.2492 0.2467 
          41  1 0.2471 0.2611 0.2544 0.2374 
          42  1 0.2441 0.2651 0.2524 0.2385 
          43  1 0.2591 0.2456 0.2364 0.2589 
          44  1 0.2471 0.2513 0.2572 0.2444 
          45  1 0.2406 0.2508 0.2669 0.2417 
          46  1 0.2509 0.2495 0.2427 0.2569 
          47  1 0.2538 0.2489 0.2442 0.2531 
          48  1 0.2521 0.2441 0.2504 0.2534 
          49  1 0.2429 0.2596 0.2602 0.2373 
          50  1 0.2522 0.2394 0.2537 0.2547 
          51  1 0.2451 0.2577 0.2568 0.2404 
          52  1 0.2544 0.2506 0.2472 0.2478 
          53  1 0.2553 0.2504 0.2454 0.2490 
          54  1 0.2533 0.2531 0.2487 0.2449 
          55  1 0.2325 0.2639 0.2762 0.2275 
          56  1 0.2563 0.2452 0.2388 0.2597 
          57  1 0.2296 0.2638 0.2818 0.2247 
          58  1 0.2501 0.2537 0.2552 0.2410 
          59  1 0.2578 0.2549 0.2359 0.2514 
          60  1 0.2528 0.2468 0.2518 0.2486 
          61  1 0.2594 0.2390 0.2339 0.2677 
          62  1 0.2449 0.2542 0.2564 0.2445 
          63  1 0.2502 0.2502 0.2478 0.2518 
          64  1 0.2405 0.2629 0.2640 0.2326 
          65  1 0.2395 0.2478 0.2730 0.2396 
          66  1 0.2587 0.2340 0.2343 0.2729 
          67  1 0.2512 0.2497 0.2486 0.2504 
          68  1 0.2446 0.2578 0.2560 0.2416 
          69  1 0.2450 0.2560 0.2555 0.2435 
          70  1 0.2511 0.2505 0.2535 0.2449 
          71  1 0.2451 0.2506 0.2644 0.2398 
          72  1 0.2515 0.2510 0.2474 0.2501 
          73  1 0.2456 0.2523 0.2546 0.2475 
          74  1 0.2547 0.2473 0.2457 0.2522 
          75  1 0.2533 0.2465 0.2420 0.2582 
          76  1 0.2476 0.2533 0.2485 0.2505 
          77  1 0.2420 0.2571 0.2607 0.2401 
          78  1 0.2565 0.2534 0.2364 0.2537 
          79  1 0.2555 0.2383 0.2472 0.2589 
          80  1 0.2520 0.2415 0.2449 0.2616 
          81  1 0.2295 0.2631 0.2846 0.2229 
          82  1 0.2516 0.2503 0.2481 0.2500 
          83  1 0.2423 0.2586 0.2639 0.2352 
          84  1 0.2613 0.2475 0.2275 0.2636 
          85  1 0.2636 0.2350 0.2284 0.2730 
          86  1 0.2597 0.2392 0.2430 0.2581 
          87  1 0.2468 0.2524 0.2509 0.2498 
          88  1 0.2477 0.2527 0.2544 0.2453 
          89  1 0.2477 0.2551 0.2470 0.2503 
          90  1 0.2527 0.2436 0.2526 0.2510 
          91  1 0.2324 0.2678 0.2772 0.2227 
          92  1 0.2542 0.2449 0.2427 0.2583 
          93  1 0.2453 0.2510 0.2608 0.2429 
          94  1 0.2529 0.2567 0.2431 0.2473 
          95  1 0.2601 0.2481 0.2281 0.2637 
          96  1 0.2521 0.2457 0.2484 0.2538 
          97  1 0.2375 0.2589 0.2711 0.2326 
          98  1 0.2348 0.2591 0.2783 0.2278 
          99  1 0.2430 0.2564 0.2566 0.2439 
         100  1 0.2438 0.2614 0.2554 0.2393 
         101  1 0.2455 0.2545 0.2589 0.2410 
         102  1 0.2491 0.2495 0.2512 0.2502 
         103  1 0.2375 0.2605 0.2682 0.2338 
         104  1 0.2418 0.2578 0.2642 0.2362 
         105  1 0.2456 0.2585 0.2510 0.2450 
         106  1 0.2555 0.2457 0.2393 0.2596 
         107  1 0.2515 0.2473 0.2529 0.2483 
         108  1 0.2577 0.2511 0.2375 0.2537 
         109  1 0.2723 0.2209 0.2143 0.2925 
         110  1 0.2603 0.2374 0.2368 0.2655 
         111  1 0.2581 0.2399 0.2434 0.2586 
         112  1 0.2462 0.2465 0.2574 0.2500 
         113  1 0.2510 0.2493 0.2469 0.2527 
         114  1 0.2496 0.2532 0.2533 0.2440 
         115  1 0.2481 0.2508 0.2524 0.2487 
         116  1 0.2465 0.2606 0.2526 0.2404 
         117  1 0.2364 0.2563 0.2782 0.2292 
         118  1 0.2470 0.2531 0.2529 0.2470 
         119  1 0.2416 0.2516 0.2692 0.2376 
         120  1 0.2553 0.2415 0.2438 0.2594 
         121  1 0.2477 0.2423 0.2525 0.2575 
         122  1 0.2530 0.2499 0.2425 0.2546 
         123  1 0.2530 0.2437 0.2450 0.2584 
         124  1 0.2479 0.2491 0.2569 0.2462 
         125  1 0.2594 0.2404 0.2350 0.2653 
         126  1 0.2560 0.2424 0.2411 0.2605 
         127  1 0.2533 0.2407 0.2475 0.2585 
         128  1 0.2508 0.2532 0.2500 0.2461 
         129  1 0.2554 0.2498 0.2423 0.2525 
         130  1 0.2623 0.2421 0.2363 0.2593 
         131  1 0.2492 0.2487 0.2552 0.2470 
         132  1 0.2572 0.2389 0.2465 0.2574 
         133  1 0.2506 0.2529 0.2380 0.2585 
         134  1 0.2718 0.2235 0.2205 0.2841 
         135  1 0.2487 0.2556 0.2494 0.2462 
         136  1 0.2465 0.2549 0.2556 0.2429 
         137  1 0.2583 0.2472 0.2375 0.2570 
         138  1 0.2541 0.2498 0.2428 0.2533 
         139  1 0.2477 0.2544 0.2512 0.2467 
         140  1 0.2429 0.2561 0.2645 0.2366 
         141  1 0.2694 0.2352 0.2269 0.2685 
         142  1 0.2459 0.2539 0.2525 0.2478 
         143  1 0.2487 0.2384 0.2576 0.2553 
         144  1 0.2560 0.2432 0.2386 0.2622 
         145  1 0.2359 0.2628 0.2711 0.2301 
         146  1 0.2430 0.2554 0.2593 0.2423 
         147  1 0.2554 0.2513 0.2402 0.2531 
         148  1 0.2595 0.2386 0.2406 0.2612 
         149  1 0.2618 0.2348 0.2375 0.2658 
         150  1 0.2509 0.2511 0.2461 0.2519 
         151  1 0.2381 0.2639 0.2685 0.2296 
         152  1 0.2643 0.2431 0.2300 0.2626 
         153  1 0.2456 0.2569 0.2555 0.2420 
         154  1 0.2561 0.2408 0.2390 0.2641 
         155  1 0.2457 0.2604 0.2577 0.2363 
         156  1 0.2386 0.2618 0.2674 0.2322 
         157  1 0.2700 0.2321 0.2223 0.2756 
         158  1 0.2518 0.2530 0.2378 0.2574 
         159  1 0.2588 0.2346 0.2367 0.2700 
         160  1 0.2499 0.2514 0.2511 0.2476 
         161  1 0.2493 0.2517 0.2474 0.2516 
         162  1 0.2457 0.2541 0.2510 0.2492 
         163  1 0.2541 0.2493 0.2412 0.2554 
         164  1 0.2553 0.2505 0.2412 0.2531 
         165  1 0.2442 0.2494 0.2602 0.2462 
         166  1 0.2379 0.2618 0.2693 0.2310 
         167  1 0.2450 0.2522 0.2536 0.2492 
         168  1 0.2412 0.2597 0.2626 0.2365 
         169  1 0.2443 0.2532 0.2585 0.2440 
         170  1 0.2412 0.2578 0.2613 0.2397 
         171  1 0.2584 0.2439 0.2399 0.2578 
         172  1 0.2578 0.2480 0.2369 0.2573 
         173  1 0.2589 0.2439 0.2368 0.2604 
         174  1 0.2564 0.2434 0.2418 0.2583 
         175  1 0.2439 0.2582 0.2590 0.2388 
         176  1 0.2517 0.2501 0.2475 0.2507 
         177  1 0.2503 0.2556 0.2441 0.2500 
         178  1 0.2415 0.2581 0.2610 0.2394 
         179  1 0.2538 0.2469 0.2392 0.2601 
         180  1 0.2467 0.2509 0.2600 0.2425 
         181  1 0.2341 0.2604 0.2775 0.2279 
         182  1 0.2367 0.2654 0.2673 0.2305 
         183  1 0.2560 0.2522 0.2428 0.2490 
         184  1 0.2426 0.2553 0.2594 0.2427 
         185  1 0.2458 0.2611 0.2514 0.2416 
         186  1 0.2464 0.2523 0.2599 0.2414 
         187  1 0.2514 0.2488 0.2462 0.2537 
         188  1 0.2452 0.2573 0.2587 0.2388 
         189  1 0.2513 0.2547 0.2443 0.2497 
         190  1 0.2435 0.2541 0.2595 0.2430 
         191  1 0.2531 0.2422 0.2492 0.2555 
         192  1 0.2598 0.2421 0.2322 0.2659 
         193  1 0.2413 0.2571 0.2589 0.2427 
         194  1 0.2467 0.2538 0.2515 0.2481 
         195  1 0.2522 0.2448 0.2477 0.2554 
         196  1 0.2409 0.2587 0.2647 0.2357 
         197  1 0.2466 0.2475 0.2541 0.2518 
         198  1 0.2441 0.2495 0.2703 0.2360 
         199  1 0.2541 0.2417 0.2475 0.2567 
         200  1 0.2575 0.2461 0.2353 0.2611 
         201  1 0.2373 0.2660 0.2651 0.2316 
         202  1 0.2443 0.2567 0.2593 0.2397 
         203  1 0.2502 0.2527 0.2513 0.2458 
         204  1 0.2569 0.2392 0.2458 0.2581 
         205  1 0.2463 0.2564 0.2504 0.2469 
         206  1 0.2499 0.2481 0.2547 0.2474 
         207  1 0.2504 0.2492 0.2501 0.2503 
         208  1 0.2563 0.2380 0.2434 0.2623 
         209  1 0.2505 0.2468 0.2548 0.2478 
         210  1 0.2640 0.2400 0.2264 0.2696 
         211  1 0.2680 0.2200 0.2200 0.2920 
         212  1 0.2377 0.2663 0.2709 0.2251 
         213  1 0.2582 0.2482 0.2398 0.2538 
         214  1 0.2588 0.2386 0.2310 0.2715 
         215  1 0.2582 0.2456 0.2351 0.2611 
         216  1 0.2344 0.2581 0.2752 0.2323 
         217  1 0.2606 0.2423 0.2315 0.2657 
         218  1 0.2598 0.2469 0.2400 0.2533 
         219  1 0.2548 0.2493 0.2353 0.2606 
         220  1 0.2677 0.2346 0.2298 0.2678 
         221  1 0.2501 0.2442 0.2531 0.2526 
         222  1 0.2486 0.2499 0.2533 0.2482 
         223  1 0.2470 0.2453 0.2667 0.2410 
         224  1 0.2558 0.2503 0.2423 0.2517 
         225  1 0.2500 0.2469 0.2550 0.2481 
         226  1 0.2518 0.2491 0.2475 0.2516 
         227  1 0.2579 0.2438 0.2400 0.2584 
         228  1 0.2445 0.2497 0.2580 0.2478 
         229  1 0.2407 0.2567 0.2633 0.2393 
         230  1 0.2431 0.2558 0.2560 0.2451 
         231  1 0.2405 0.2604 0.2679 0.2312 
         232  1 0.2466 0.2512 0.2631 0.2391 
         233  1 0.2448 0.2547 0.2606 0.2400 
         234  1 0.2418 0.2534 0.2662 0.2386 
         235  1 0.2328 0.2665 0.2746 0.2262 
         236  1 0.2600 0.2365 0.2373 0.2662 
         237  1 0.2305 0.2596 0.2838 0.2261 
         238  1 0.2538 0.2497 0.2419 0.2546 
         239  1 0.2538 0.2510 0.2451 0.2501 
         240  1 0.2548 0.2484 0.2447 0.2521 
         241  1 0.2430 0.2634 0.2572 0.2364 
         242  1 0.2497 0.2484 0.2497 0.2521 
         243  1 0.2508 0.2461 0.2532 0.2500 
         244  1 0.2540 0.2524 0.2429 0.2508 
         245  1 0.2474 0.2499 0.2552 0.2474 
         246  1 0.2536 0.2505 0.2436 0.2522 
         247  1 0.2540 0.2444 0.2460 0.2556 
         248  1 0.2459 0.2549 0.2589 0.2403 
         249  1 0.2601 0.2468 0.2372 0.2560 
         250  1 0.2369 0.2596 0.2649 0.2385 
         251  1 0.2405 0.2664 0.2558 0.2373 
         252  1 0.2524 0.2438 0.2468 0.2570 
         253  1 0.2536 0.2433 0.2437 0.2594 
         254  1 0.2452 0.2545 0.2561 0.2442 
         255  1 0.2590 0.2463 0.2365 0.2582 
         256  1 0.2493 0.2506 0.2494 0.2507 
         257  1 0.2596 0.2440 0.2285 0.2680 
         258  1 0.2587 0.2418 0.2356 0.2638 
         259  1 0.2531 0.2414 0.2396 0.2659 
         260  1 0.2541 0.2493 0.2394 0.2572 
         261  1 0.2454 0.2597 0.2600 0.2349 
         262  1 0.2572 0.2346 0.2474 0.2608 
         263  1 0.2352 0.2597 0.2718 0.2333 
         264  1 0.2499 0.2459 0.2536 0.2506 
         265  1 0.2502 0.2489 0.2465 0.2544 
         266  1 0.2447 0.2633 0.2534 0.2386 
         267  1 0.2510 0.2414 0.2509 0.2567 
         268  1 0.2570 0.2472 0.2375 0.2582 
         269  1 0.2680 0.2289 0.2235 0.2795 
         270  1 0.2553 0.2467 0.2478 0.2502 
         271  1 0.2409 0.2597 0.2606 0.2388 
         272  1 0.2505 0.2446 0.2519 0.2530 
         273  1 0.2344 0.2630 0.2707 0.2319 
         274  1 0.2504 0.2468 0.2545 0.2484 
         275  1 0.2639 0.2337 0.2272 0.2751 
         276  1 0.2573 0.2481 0.2410 0.2536 
         277  1 0.2444 0.2554 0.2579 0.2423 
         278  1 0.2637 0.2410 0.2295 0.2658 
         279  1 0.2471 0.2432 0.2599 0.2498 
         280  1 0.2530 0.2432 0.2497 0.2541 
         281  1 0.2335 0.2686 0.2738 0.2241 
         282  1 0.2459 0.2584 0.2536 0.2422 
         283  1 0.2477 0.2446 0.2557 0.2520 
         284  1 0.2379 0.2624 0.2666 0.2331 
         285  1 0.2423 0.2625 0.2594 0.2358 
         286  1 0.2559 0.2407 0.2410 0.2623 
         287  1 0.2402 0.2614 0.2633 0.2350 
         288  1 0.2438 0.2612 0.2525 0.2425 
         289  1 0.2382 0.2555 0.2728 0.2335 
         290  1 0.2391 0.2531 0.2769 0.2309 
         291  1 0.2564 0.2384 0.2497 0.2555 
         292  1 0.2458 0.2585 0.2585 0.2372 
         293  1 0.2422 0.2655 0.2622 0.2301 
         294  1 0.2452 0.2560 0.2587 0.2401 
         295  1 0.2508 0.2457 0.2439 0.2596 
         296  1 0.2525 0.2441 0.2512 0.2521 
         297  1 0.2549 0.2519 0.2452 0.2480 
         298  1 0.2477 0.2490 0.2490 0.2543 
         299  1 0.2523 0.2572 0.2433 0.2472 
         300  1 0.2660 0.2296 0.2310 0.2735 
         301  1 0.2460 0.2618 0.2497 0.2426 
         302  1 0.2546 0.2521 0.2401 0.2531 
         303  1 0.2527 0.2451 0.2413 0.2609 
         304  1 0.2501 0.2442 0.2523 0.2534 
         305  1 0.2453 0.2485 0.2612 0.2450 
         306  1 0.2494 0.2502 0.2480 0.2524 
         307  1 0.2468 0.2506 0.2565 0.2461 
         308  1 0.2430 0.2490 0.2658 0.2423 
         309  1 0.2332 0.2673 0.2712 0.2283 
         310  1 0.2556 0.2460 0.2456 0.2527 
         311  1 0.2524 0.2515 0.2426 0.2535 
         312  1 0.2444 0.2479 0.2652 0.2426 
         313  1 0.2478 0.2559 0.2466 0.2497 
         314  1 0.2513 0.2502 0.2407 0.2578 
         315  1 0.2554 0.2462 0.2417 0.2567 
         316  1 0.2495 0.2501 0.2461 0.2544 
         317  1 0.2450 0.2525 0.2582 0.2443 
         318  1 0.2333 0.2590 0.2743 0.2334 
         319  1 0.2694 0.2346 0.2201 0.2759 
         320  1 0.2522 0.2521 0.2435 0.2523 
         321  1 0.2476 0.2471 0.2550 0.2503 
         322  1 0.2357 0.2657 0.2743 0.2243 
         323  1 0.2534 0.2491 0.2395 0.2580 
         324  1 0.2620 0.2375 0.2297 0.2708 
         325  1 0.2428 0.2587 0.2580 0.2404 
         326  1 0.2541 0.2381 0.2482 0.2595 
         327  1 0.2446 0.2551 0.2562 0.2441 
         328  1 0.2471 0.2522 0.2522 0.2484 
         329  1 0.2439 0.2480 0.2590 0.2491 
         330  1 0.2475 0.2567 0.2516 0.2443 
         331  1 0.2498 0.2494 0.2523 0.2485 
         332  1 0.2498 0.2505 0.2490 0.2508 
         333  1 0.2582 0.2436 0.2419 0.2563 
         334  1 0.2511 0.2477 0.2475 0.2537 
         335  1 0.2308 0.2731 0.2772 0.2189 
         336  1 0.2563 0.2528 0.2388 0.2521 
         337  1 0.2489 0.2479 0.2515 0.2517 
         338  1 0.2523 0.2495 0.2445 0.2537 
         339  1 0.2462 0.2487 0.2603 0.2448 
         340  1 0.2509 0.2481 0.2461 0.2548 
         341  1 0.2541 0.2480 0.2422 0.2557 
         342  1 0.2513 0.2539 0.2492 0.2455 
         343  1 0.2341 0.2619 0.2734 0.2306 
         344  1 0.2487 0.2545 0.2427 0.2540 
         345  1 0.2482 0.2552 0.2460 0.2506 
         346  1 0.2521 0.2461 0.2478 0.2540 
         347  1 0.2596 0.2462 0.2378 0.2564 
         348  1 0.2480 0.2420 0.2637 0.2463 
         349  1 0.2511 0.2552 0.2468 0.2468 
         350  1 0.2536 0.2413 0.2529 0.2522 
         351  1 0.2537 0.2522 0.2466 0.2475 
         352  1 0.2320 0.2647 0.2784 0.2250 
         353  1 0.2425 0.2515 0.2679 0.2382 
         354  1 0.2487 0.2478 0.2565 0.2471 
         355  1 0.2378 0.2639 0.2626 0.2357 
         356  1 0.2502 0.2503 0.2523 0.2473 
         357  1 0.2641 0.2276 0.2289 0.2794 
         358  1 0.2476 0.2498 0.2565 0.2460 
         359  1 0.2716 0.2294 0.2220 0.2770 
         360  1 0.2371 0.2604 0.2716 0.2309 
         361  1 0.2572 0.2367 0.2336 0.2725 
         362  1 0.2633 0.2378 0.2344 0.2644 
         363  1 0.2402 0.2567 0.2611 0.2421 
         364  1 0.2471 0.2552 0.2558 0.2419 
         365  1 0.2546 0.2496 0.2376 0.2581 
         366  1 0.2515 0.2511 0.2507 0.2467 
         367  1 0.2433 0.2560 0.2626 0.2382 
         368  1 0.2417 0.2607 0.2632 0.2344 
         369  1 0.2554 0.2484 0.2449 0.2513 
         370  1 0.2484 0.2533 0.2562 0.2422 
         371  1 0.2501 0.2476 0.2508 0.2516 
         372  1 0.2496 0.2520 0.2471 0.2514 
         373  1 0.2512 0.2471 0.2554 0.2464 
         374  1 0.2560 0.2398 0.2370 0.2671 
         375  1 0.2540 0.2388 0.2505 0.2567 
         376  1 0.2473 0.2574 0.2532 0.2421 
         377  1 0.2501 0.2510 0.2462 0.2527 
         378  1 0.2458 0.2460 0.2611 0.2471 
         379  1 0.2414 0.2622 0.2620 0.2344 
         380  1 0.2352 0.2665 0.2690 0.2293 
         381  1 0.2571 0.2421 0.2442 0.2565 
         382  1 0.2593 0.2521 0.2295 0.2590 
         383  1 0.2524 0.2476 0.2445 0.2556 
         384  1 0.2478 0.2524 0.2532 0.2465 
         385  1 0.2665 0.2413 0.2270 0.2652 
         386  1 0.2588 0.2429 0.2398 0.2585 
         387  1 0.2583 0.2454 0.2346 0.2617 
         388  1 0.2404 0.2651 0.2608 0.2337 
         389  1 0.2486 0.2582 0.2460 0.2472 
         390  1 0.2729 0.2335 0.2104 0.2832 
         391  1 0.2531 0.2475 0.2509 0.2485 
         392  1 0.2515 0.2514 0.2468 0.2503 
         393  1 0.2479 0.2589 0.2490 0.2442 
         394  1 0.2492 0.2467 0.2515 0.2527 
         395  1 0.2384 0.2491 0.2738 0.2387 
         396  1 0.2507 0.2576 0.2464 0.2453 
         397  1 0.2466 0.2483 0.2512 0.2539 
         398  1 0.2501 0.2509 0.2506 0.2483 
         399  1 0.2441 0.2602 0.2605 0.2351 
         400  1 0.2435 0.2521 0.2594 0.2450 
         401  1 0.2557 0.2408 0.2428 0.2607 
         402  1 0.2399 0.2530 0.2697 0.2375 
         403  1 0.2372 0.2506 0.2756 0.2365 
         404  1 0.2491 0.2514 0.2530 0.2464 
         405  1 0.2520 0.2490 0.2470 0.2519 
         406  1 0.2590 0.2416 0.2394 0.2600 
         407  1 0.2544 0.2478 0.2408 0.2570 
         408  1 0.2485 0.2553 0.2517 0.2446 
         409  1 0.2558 0.2499 0.2418 0.2525 
         410  1 0.2485 0.2463 0.2546 0.2506 
         411  1 0.2668 0.2358 0.2258 0.2716 
         412  1 0.2559 0.2520 0.2432 0.2489 
         413  1 0.2486 0.2568 0.2493 0.2453 
         414  1 0.2280 0.2738 0.2839 0.2143 
         415  1 0.2459 0.2496 0.2613 0.2432 
         416  1 0.2472 0.2517 0.2625 0.2387 
         417  1 0.2502 0.2498 0.2533 0.2467 
         418  1 0.2472 0.2448 0.2613 0.2467 
         419  1 0.2416 0.2538 0.2620 0.2426 
         420  1 0.2481 0.2489 0.2576 0.2453 
         421  1 0.2618 0.2342 0.2328 0.2712 
         422  1 0.2470 0.2456 0.2573 0.2501 
         423  1 0.2586 0.2435 0.2374 0.2605 
         424  1 0.2499 0.2562 0.2492 0.2448 
         425  1 0.2398 0.2618 0.2618 0.2366 
         426  1 0.2522 0.2515 0.2429 0.2533 
         427  1 0.2426 0.2499 0.2669 0.2406 
         428  1 0.2456 0.2527 0.2585 0.2432 
         429  1 0.2485 0.2592 0.2509 0.2414 
         430  1 0.2334 0.2563 0.2801 0.2301 
         431  1 0.2407 0.2585 0.2588 0.2420 
         432  1 0.2402 0.2608 0.2650 0.2340 
         433  1 0.2324 0.2660 0.2741 0.2275 
         434  1 0.2589 0.2535 0.2266 0.2611 
         435  1 0.2443 0.2547 0.2618 0.2392 
         436  1 0.2541 0.2423 0.2483 0.2554 
         437  1 0.2536 0.2424 0.2448 0.2592 
         438  1 0.2547 0.2460 0.2473 0.2521 
         439  1 0.2455 0.2470 0.2537 0.2537 
         440  1 0.2396 0.2564 0.2690 0.2350 
         441  1 0.2548 0.2512 0.2420 0.2520 
         442  1 0.2555 0.2476 0.2416 0.2553 
         443  1 0.2492 0.2454 0.2549 0.2504 
         444  1 0.2474 0.2489 0.2506 0.2532 
         445  1 0.2523 0.2538 0.2439 0.2500 
         446  1 0.2397 0.2487 0.2727 0.2389 
         447  1 0.2411 0.2558 0.2644 0.2387 
         448  1 0.2422 0.2582 0.2572 0.2424 
         449  1 0.2518 0.2460 0.2493 0.2530 
         450  1 0.2469 0.2586 0.2525 0.2420 
         451  1 0.2440 0.2600 0.2526 0.2434 
         452  1 0.2525 0.2490 0.2445 0.2540 
         453  1 0.2578 0.2451 0.2453 0.2519 
         454  1 0.2424 0.2495 0.2622 0.2459 
         455  1 0.2504 0.2556 0.2514 0.2426 
         456  1 0.2414 0.2606 0.2616 0.2363 
         457  1 0.2570 0.2439 0.2420 0.2571 
         458  1 0.2496 0.2501 0.2509 0.2495 
         459  1 0.2286 0.2616 0.2885 0.2213 
         460  1 0.2469 0.2510 0.2551 0.2470 
         461  1 0.2432 0.2563 0.2650 0.2355 
         462  1 0.2603 0.2430 0.2355 0.2613 
         463  1 0.2561 0.2468 0.2433 0.2539 
         464  1 0.2589 0.2427 0.2367 0.2617 
         465  1 0.2641 0.2384 0.2291 0.2683 
         466  1 0.2472 0.2502 0.2507 0.2519 
         467  1 0.2408 0.2549 0.2656 0.2387 
         468  1 0.2478 0.2556 0.2565 0.2402 
         469  1 0.2631 0.2517 0.2267 0.2585 
         470  1 0.2434 0.2600 0.2579 0.2388 
         471  1 0.2438 0.2537 0.2620 0.2406 
         472  1 0.2466 0.2535 0.2595 0.2404 
         473  1 0.2641 0.2419 0.2281 0.2660 
         474  1 0.2548 0.2518 0.2424 0.2510 
         475  1 0.2547 0.2501 0.2381 0.2570 
         476  1 0.2662 0.2408 0.2305 0.2625 
         477  1 0.2511 0.2518 0.2508 0.2462 
         478  1 0.2398 0.2590 0.2617 0.2395 
         479  1 0.2415 0.2561 0.2645 0.2379 
         480  1 0.2531 0.2444 0.2491 0.2534 
         481  1 0.2554 0.2492 0.2392 0.2563 
         482  1 0.2466 0.2619 0.2523 0.2392 
         483  1 0.2585 0.2416 0.2398 0.2601 
         484  1 0.2536 0.2457 0.2451 0.2556 
         485  1 0.2461 0.2538 0.2538 0.2463 
         486  1 0.2479 0.2499 0.2535 0.2487 
         487  1 0.2715 0.2283 0.2214 0.2788 
         488  1 0.2514 0.2512 0.2399 0.2575 
         489  1 0.2589 0.2326 0.2375 0.2710 
         490  1 0.2499 0.2506 0.2513 0.2483 
         491  1 0.2497 0.2527 0.2515 0.2461 
         492  1 0.2419 0.2597 0.2651 0.2333 
         493  1 0.2488 0.2552 0.2472 0.2488 
         494  1 0.2460 0.2512 0.2614 0.2414 
         495  1 0.2572 0.2364 0.2355 0.2709 
         496  1 0.2558 0.2464 0.2390 0.2588 
         497  1 0.2470 0.2466 0.2499 0.2564 
         498  1 0.2499 0.2592 0.2459 0.2450 
         499  1 0.2557 0.2444 0.2399 0.2600 
         500  1 0.2403 0.2538 0.2671 0.2389 
         501  1 0.2639 0.2199 0.2318 0.2844 
         502  1 0.2468 0.2479 0.2561 0.2492 
         503  1 0.2641 0.2372 0.2223 0.2764 
         504  1 0.2485 0.2461 0.2550 0.2504 
         505  1 0.2544 0.2378 0.2396 0.2682 
         506  1 0.2563 0.2446 0.2406 0.2585 
         507  1 0.2579 0.2475 0.2386 0.2560 
         508  1 0.2509 0.2483 0.2536 0.2472 
         509  1 0.2557 0.2419 0.2394 0.2629 
         510  1 0.2372 0.2617 0.2691 0.2320 
         511  1 0.2542 0.2517 0.2432 0.2509 
         512  1 0.2568 0.2440 0.2353 0.2639 
         513  1 0.2511 0.2545 0.2458 0.2486 
         514  1 0.2397 0.2633 0.2608 0.2363 
         515  1 0.2468 0.2511 0.2521 0.2500 
         516  1 0.2547 0.2564 0.2353 0.2537 
         517  1 0.2504 0.2605 0.2470 0.2421 
         518  1 0.2547 0.2384 0.2477 0.2593 
         519  1 0.2513 0.2495 0.2462 0.2530 
         520  1 0.2518 0.2454 0.2430 0.2598 
         521  1 0.2654 0.2324 0.2270 0.2753 
         522  1 0.2455 0.2483 0.2594 0.2468 
         523  1 0.2541 0.2526 0.2453 0.2481 
         524  1 0.2622 0.2381 0.2348 0.2649 
         525  1 0.2524 0.2479 0.2458 0.2539 
         526  1 0.2575 0.2412 0.2397 0.2616 
         527  1 0.2627 0.2421 0.2340 0.2613 
         528  1 0.2532 0.2498 0.2475 0.2494 
         529  1 0.2449 0.2516 0.2601 0.2434 
         530  1 0.2461 0.2553 0.2548 0.2439 
         531  1 0.2480 0.2610 0.2532 0.2379 
         532  1 0.2457 0.2495 0.2611 0.2437 
         533  1 0.2516 0.2544 0.2421 0.2519 
         534  1 0.2464 0.2546 0.2596 0.2395 
         535  1 0.2438 0.2479 0.2575 0.2508 
         536  1 0.2322 0.2574 0.2804 0.2300 
         537  1 0.2550 0.2544 0.2380 0.2527 
         538  1 0.2475 0.2548 0.2575 0.2403 
         539  1 0.2442 0.2512 0.2607 0.2438 
         540  1 0.2611 0.2486 0.2289 0.2614 
         541  1 0.2401 0.2589 0.2613 0.2397 
         542  1 0.2450 0.2443 0.2566 0.2541 
         543  1 0.2576 0.2389 0.2441 0.2594 
         544  1 0.2627 0.2450 0.2315 0.2608 
         545  1 0.2536 0.2478 0.2423 0.2563 
         546  1 0.2564 0.2451 0.2408 0.2577 
         547  1 0.2539 0.2444 0.2480 0.2537 
         548  1 0.2462 0.2508 0.2587 0.2443 
         549  1 0.2457 0.2494 0.2560 0.2490 
         550  1 0.2435 0.2586 0.2585 0.2395 
         551  1 0.2568 0.2388 0.2331 0.2713 
         552  1 0.2514 0.2486 0.2459 0.2541 
         553  1 0.2588 0.2408 0.2266 0.2738 
         554  1 0.2406 0.2574 0.2682 0.2338 
         555  1 0.2486 0.2477 0.2528 0.2509 
         556  1 0.2526 0.2538 0.2380 0.2556 
         557  1 0.2538 0.2482 0.2429 0.2551 
         558  1 0.2587 0.2493 0.2400 0.2520 
         559  1 0.2501 0.2518 0.2447 0.2535 
         560  1 0.2478 0.2448 0.2508 0.2566 
         561  1 0.2430 0.2577 0.2611 0.2383 
         562  1 0.2473 0.2561 0.2526 0.2439 
         563  1 0.2525 0.2519 0.2471 0.2485 
         564  1 0.2468 0.2526 0.2609 0.2398 
         565  1 0.2443 0.2619 0.2576 0.2362 
         566  1 0.2351 0.2680 0.2753 0.2216 
         567  1 0.2390 0.2585 0.2673 0.2352 
         568  1 0.2596 0.2321 0.2391 0.2692 
         569  1 0.2407 0.2620 0.2595 0.2379 
         570  1 0.2707 0.2210 0.2237 0.2846 
         571  1 0.2329 0.2632 0.2750 0.2289 
         572  1 0.2442 0.2521 0.2630 0.2406 
         573  1 0.2586 0.2471 0.2340 0.2602 
         574  1 0.2492 0.2505 0.2556 0.2447 
         575  1 0.2495 0.2531 0.2447 0.2527 
         576  1 0.2539 0.2483 0.2411 0.2567 
         577  1 0.2595 0.2501 0.2384 0.2519 
         578  1 0.2464 0.2521 0.2548 0.2467 
         579  1 0.2482 0.2504 0.2511 0.2503 
         580  1 0.2314 0.2650 0.2755 0.2280 
         581  1 0.2508 0.2465 0.2524 0.2503 
         582  1 0.2454 0.2568 0.2562 0.2416 
         583  1 0.2399 0.2610 0.2610 0.2381 
         584  1 0.2532 0.2456 0.2430 0.2581 
         585  1 0.2298 0.2702 0.2811 0.2188 
         586  1 0.2577 0.2481 0.2379 0.2563 
         587  1 0.2332 0.2669 0.2753 0.2246 
         588  1 0.2478 0.2473 0.2573 0.2475 
         589  1 0.2414 0.2530 0.2654 0.2401 
         590  1 0.2455 0.2495 0.2599 0.2451 
         591  1 0.2337 0.2537 0.2747 0.2379 
         592  1 0.2363 0.2665 0.2666 0.2306 
         593  1 0.2524 0.2552 0.2436 0.2488 
         594  1 0.2510 0.2478 0.2465 0.2547 
         595  1 0.2516 0.2535 0.2460 0.2489 
         596  1 0.2605 0.2398 0.2288 0.2708 
         597  1 0.2547 0.2463 0.2415 0.2575 
         598  1 0.2249 0.2786 0.2857 0.2108 
         599  1 0.2571 0.2459 0.2404 0.2566 
         600  1 0.2507 0.2544 0.2529 0.2420 
         601  1 0.2587 0.2438 0.2409 0.2566 
         602  1 0.2509 0.2504 0.2437 0.2550 
         603  1 0.2472 0.2540 0.2514 0.2473 
         604  1 0.2598 0.2406 0.2362 0.2634 
         605  1 0.2592 0.2425 0.2354 0.2629 
         606  1 0.2483 0.2540 0.2507 0.2469 
         607  1 0.2628 0.2375 0.2302 0.2695 
         608  1 0.2540 0.2439 0.2396 0.2625 
         609  1 0.2488 0.2501 0.2518 0.2493 
         610  1 0.2453 0.2503 0.2528 0.2515 
         611  1 0.2609 0.2370 0.2365 0.2656 
         612  1 0.2496 0.2560 0.2509 0.2435 
         613  1 0.2378 0.2568 0.2658 0.2397 
         614  1 0.2508 0.2474 0.2502 0.2516 
         615  1 0.2413 0.2542 0.2682 0.2363 
         616  1 0.2459 0.2506 0.2593 0.2442 
         617  1 0.2493 0.2506 0.2500 0.2501 
         618  1 0.2561 0.2472 0.2407 0.2561 
         619  1 0.2557 0.2417 0.2397 0.2629 
         620  1 0.2522 0.2432 0.2451 0.2595 
         621  1 0.2547 0.2510 0.2374 0.2570 
         622  1 0.2572 0.2430 0.2336 0.2662 
         623  1 0.2473 0.2529 0.2515 0.2484 
         624  1 0.2575 0.2462 0.2317 0.2646 
         625  1 0.2311 0.2582 0.2818 0.2289 
         626  1 0.2345 0.2669 0.2703 0.2283 
         627  1 0.2539 0.2468 0.2451 0.2542 
         628  1 0.2555 0.2438 0.2463 0.2544 
         629  1 0.2572 0.2467 0.2409 0.2552 
         630  1 0.2505 0.2439 0.2488 0.2568 
         631  1 0.2581 0.2369 0.2423 0.2627 
         632  1 0.2357 0.2656 0.2760 0.2227 
         633  1 0.2409 0.2550 0.2639 0.2403 
         634  1 0.2513 0.2525 0.2493 0.2470 
         635  1 0.2659 0.2330 0.2268 0.2743 
         636  1 0.2550 0.2592 0.2343 0.2516 
         637  1 0.2413 0.2610 0.2660 0.2317 
         638  1 0.2507 0.2512 0.2478 0.2503 
         639  1 0.2527 0.2472 0.2456 0.2545 
         640  1 0.2454 0.2572 0.2555 0.2419 
         641  1 0.2582 0.2485 0.2346 0.2587 
         642  1 0.2516 0.2445 0.2480 0.2559 
         643  1 0.2368 0.2555 0.2747 0.2330 
         644  1 0.2523 0.2464 0.2500 0.2513 
         645  1 0.2605 0.2411 0.2328 0.2656 
         646  1 0.2525 0.2423 0.2407 0.2644 
         647  1 0.2494 0.2463 0.2559 0.2484 
         648  1 0.2502 0.2488 0.2572 0.2437 
         649  1 0.2551 0.2474 0.2371 0.2605 
         650  1 0.2515 0.2437 0.2529 0.2518 
         651  1 0.2449 0.2683 0.2467 0.2401 
         652  1 0.2469 0.2531 0.2542 0.2458 
         653  1 0.2538 0.2477 0.2456 0.2529 
         654  1 0.2439 0.2465 0.2629 0.2467 
         655  1 0.2462 0.2552 0.2557 0.2429 
         656  1 0.2554 0.2496 0.2419 0.2531 
         657  1 0.2516 0.2467 0.2456 0.2561 
         658  1 0.2458 0.2509 0.2576 0.2456 
         659  1 0.2480 0.2536 0.2539 0.2445 
         660  1 0.2513 0.2522 0.2480 0.2485 
         661  1 0.2458 0.2570 0.2485 0.2486 
         662  1 0.2564 0.2465 0.2407 0.2564 
         663  1 0.2494 0.2646 0.2390 0.2470 
         664  1 0.2308 0.2610 0.2811 0.2271 
         665  1 0.2398 0.2539 0.2714 0.2349 
         666  1 0.2523 0.2389 0.2538 0.2551 
         667  1 0.2498 0.2508 0.2499 0.2496 
         668  1 0.2533 0.2466 0.2452 0.2548 
         669  1 0.2514 0.2452 0.2551 0.2484 
         670  1 0.2480 0.2531 0.2473 0.2516 
         671  1 0.2629 0.2375 0.2309 0.2687 
         672  1 0.2405 0.2548 0.2681 0.2366 
         673  1 0.2546 0.2525 0.2381 0.2548 
         674  1 0.2394 0.2567 0.2670 0.2369 
         675  1 0.2574 0.2392 0.2362 0.2672 
         676  1 0.2484 0.2473 0.2546 0.2497 
         677  1 0.2392 0.2563 0.2677 0.2367 
         678  1 0.2397 0.2546 0.2640 0.2418 
         679  1 0.2515 0.2481 0.2435 0.2569 
         680  1 0.2530 0.2438 0.2510 0.2522 
         681  1 0.2492 0.2516 0.2542 0.2450 
         682  1 0.2507 0.2523 0.2476 0.2495 
         683  1 0.2440 0.2577 0.2587 0.2396 
         684  1 0.2528 0.2480 0.2521 0.2471 
         685  1 0.2342 0.2576 0.2749 0.2333 
         686  1 0.2439 0.2565 0.2586 0.2411 
         687  1 0.2403 0.2555 0.2655 0.2388 
         688  1 0.2322 0.2654 0.2726 0.2298 
         689  1 0.2461 0.2564 0.2594 0.2381 
         690  1 0.2525 0.2577 0.2367 0.2531 
         691  1 0.2478 0.2543 0.2529 0.2450 
         692  1 0.2483 0.2452 0.2503 0.2561 
         693  1 0.2488 0.2511 0.2532 0.2469 
         694  1 0.2505 0.2504 0.2435 0.2557 
         695  1 0.2727 0.2374 0.2193 0.2707 
         696  1 0.2556 0.2515 0.2396 0.2533 
         697  1 0.2657 0.2339 0.2262 0.2743 
         698  1 0.2516 0.2538 0.2483 0.2463 
         699  1 0.2561 0.2423 0.2434 0.2582 
         700  1 0.2540 0.2555 0.2411 0.2494 
         701  1 0.2522 0.2558 0.2406 0.2514 
         702  1 0.2626 0.2412 0.2311 0.2652 
         703  1 0.2549 0.2471 0.2403 0.2577 
         704  1 0.2368 0.2561 0.2688 0.2383 
         705  1 0.2435 0.2545 0.2578 0.2443 
         706  1 0.2465 0.2528 0.2571 0.2436 
         707  1 0.2424 0.2573 0.2611 0.2392 
         708  1 0.2559 0.2486 0.2431 0.2525 
         709  1 0.2586 0.2350 0.2437 0.2628 
         710  1 0.2458 0.2514 0.2599 0.2430 
         711  1 0.2430 0.2538 0.2577 0.2456 
         712  1 0.2435 0.2483 0.2659 0.2423 
         713  1 0.2489 0.2529 0.2529 0.2453 
         714  1 0.2614 0.2497 0.2281 0.2607 
         715  1 0.2481 0.2515 0.2548 0.2456 
         716  1 0.2428 0.2560 0.2586 0.2426 
         717  1 0.2481 0.2388 0.2572 0.2559 
         718  1 0.2614 0.2367 0.2317 0.2702 
         719  1 0.2468 0.2565 0.2562 0.2405 
         720  1 0.2473 0.2599 0.2559 0.2369 
         721  1 0.2679 0.2317 0.2243 0.2762 
         722  1 0.2485 0.2507 0.2547 0.2461 
         723  1 0.2639 0.2385 0.2358 0.2618 
         724  1 0.2546 0.2418 0.2466 0.2570 
         725  1 0.2641 0.2333 0.2337 0.2689 
         726  1 0.2421 0.2606 0.2580 0.2393 
         727  1 0.2503 0.2511 0.2481 0.2505 
         728  1 0.2471 0.2504 0.2525 0.2500 
         729  1 0.2438 0.2577 0.2566 0.2419 
         730  1 0.2394 0.2588 0.2676 0.2341 
         731  1 0.2574 0.2442 0.2356 0.2628 
         732  1 0.2449 0.2544 0.2600 0.2407 
         733  1 0.2451 0.2559 0.2607 0.2383 
         734  1 0.2513 0.2602 0.2459 0.2426 
         735  1 0.2565 0.2548 0.2409 0.2478 
         736  1 0.2478 0.2533 0.2529 0.2459 
         737  1 0.2507 0.2537 0.2518 0.2438 
         738  1 0.2621 0.2341 0.2337 0.2700 
         739  1 0.2501 0.2519 0.2495 0.2485 
         740  1 0.2593 0.2365 0.2460 0.2583 
         741  1 0.2575 0.2401 0.2434 0.2591 
         742  1 0.2533 0.2494 0.2427 0.2546 
         743  1 0.2485 0.2479 0.2555 0.2480 
         744  1 0.2552 0.2521 0.2413 0.2514 
         745  1 0.2485 0.2509 0.2494 0.2512 
         746  1 0.2487 0.2540 0.2453 0.2520 
         747  1 0.2471 0.2652 0.2505 0.2371 
         748  1 0.2538 0.2472 0.2412 0.2578 
         749  1 0.2557 0.2421 0.2394 0.2628 
         750  1 0.2428 0.2530 0.2601 0.2441 
         751  1 0.2633 0.2486 0.2219 0.2663 
         752  1 0.2512 0.2474 0.2492 0.2522 
         753  1 0.2466 0.2411 0.2616 0.2507 
         754  1 0.2651 0.2483 0.2271 0.2596 
         755  1 0.2486 0.2517 0.2502 0.2495 
         756  1 0.2481 0.2514 0.2527 0.2478 
         757  1 0.2529 0.2563 0.2429 0.2479 
         758  1 0.2368 0.2517 0.2720 0.2395 
         759  1 0.2446 0.2534 0.2521 0.2500 
         760  1 0.2479 0.2521 0.2563 0.2437 
         761  1 0.2404 0.2607 0.2616 0.2373 
         762  1 0.2479 0.2469 0.2516 0.2536 
         763  1 0.2375 0.2466 0.2729 0.2430 
         764  1 0.2486 0.2517 0.2501 0.2497 
         765  1 0.2578 0.2482 0.2361 0.2579 
         766  1 0.2481 0.2555 0.2496 0.2468 
         767  1 0.2521 0.2444 0.2499 0.2535 
         768  1 0.2501 0.2526 0.2499 0.2475 
         769  1 0.2577 0.2438 0.2379 0.2606 
         770  1 0.2428 0.2560 0.2590 0.2422 
         771  1 0.2467 0.2530 0.2548 0.2455 
         772  1 0.2321 0.2689 0.2728 0.2261 
         773  1 0.2546 0.2520 0.2367 0.2568 
         774  1 0.2470 0.2475 0.2549 0.2506 
         775  1 0.2526 0.2530 0.2451 0.2493 
         776  1 0.2626 0.2391 0.2332 0.2652 
         777  1 0.2411 0.2555 0.2650 0.2383 
         778  1 0.2370 0.2599 0.2722 0.2309 
         779  1 0.2410 0.2554 0.2670 0.2366 
         780  1 0.2515 0.2465 0.2451 0.2570 
         781  1 0.2290 0.2650 0.2838 0.2223 
         782  1 0.2453 0.2521 0.2555 0.2471 
         783  1 0.2517 0.2464 0.2505 0.2515 
         784  1 0.2527 0.2402 0.2467 0.2603 
         785  1 0.2413 0.2600 0.2637 0.2351 
         786  1 0.2511 0.2493 0.2461 0.2534 
         787  1 0.2462 0.2492 0.2596 0.2451 
         788  1 0.2670 0.2289 0.2209 0.2832 
         789  1 0.2581 0.2455 0.2385 0.2579 
         790  1 0.2557 0.2437 0.2372 0.2634 
         791  1 0.2474 0.2465 0.2566 0.2495 
         792  1 0.2529 0.2541 0.2403 0.2527 
         793  1 0.2539 0.2478 0.2454 0.2529 
         794  1 0.2405 0.2536 0.2686 0.2372 
         795  1 0.2457 0.2462 0.2612 0.2469 
         796  1 0.2332 0.2563 0.2823 0.2281 
         797  1 0.2590 0.2412 0.2421 0.2577 
         798  1 0.2563 0.2446 0.2314 0.2678 
         799  1 0.2623 0.2380 0.2317 0.2680 
         800  1 0.2465 0.2535 0.2538 0.2462 
         801  1 0.2438 0.2580 0.2580 0.2402 
         802  1 0.2599 0.2436 0.2359 0.2606 
         803  1 0.2426 0.2581 0.2605 0.2388 
         804  1 0.2427 0.2659 0.2607 0.2307 
         805  1 0.2651 0.2423 0.2227 0.2699 
         806  1 0.2578 0.2404 0.2436 0.2582 
         807  1 0.2433 0.2520 0.2645 0.2402 
         808  1 0.2489 0.2522 0.2512 0.2477 
         809  1 0.2522 0.2503 0.2440 0.2534 
         810  1 0.2407 0.2494 0.2727 0.2372 
         811  1 0.2475 0.2621 0.2502 0.2402 
         812  1 0.2433 0.2527 0.2605 0.2435 
         813  1 0.2388 0.2621 0.2638 0.2353 
         814  1 0.2413 0.2599 0.2628 0.2360 
         815  1 0.2500 0.2512 0.2489 0.2500 
         816  1 0.2509 0.2529 0.2499 0.2463 
         817  1 0.2523 0.2460 0.2457 0.2561 
         818  1 0.2578 0.2481 0.2394 0.2547 
         819  1 0.2591 0.2430 0.2329 0.2650 
         820  1 0.2366 0.2613 0.2770 0.2250 
         821  1 0.2514 0.2492 0.2425 0.2569 
         822  1 0.2502 0.2492 0.2498 0.2508 
         823  1 0.2442 0.2590 0.2566 0.2402 
         824  1 0.2557 0.2473 0.2409 0.2560 
         825  1 0.2530 0.2534 0.2481 0.2455 
         826  1 0.2616 0.2380 0.2265 0.2739 
         827  1 0.2464 0.2570 0.2557 0.2410 
         828  1 0.2546 0.2398 0.2489 0.2567 
         829  1 0.2450 0.2659 0.2549 0.2342 
         830  1 0.2555 0.2446 0.2395 0.2604 
         831  1 0.2529 0.2571 0.2451 0.2450 
         832  1 0.2524 0.2488 0.2477 0.2512 
         833  1 0.2544 0.2598 0.2387 0.2471 
         834  1 0.2313 0.2633 0.2765 0.2289 
         835  1 0.2533 0.2524 0.2419 0.2523 
         836  1 0.2400 0.2683 0.2583 0.2335 
         837  1 0.2508 0.2555 0.2434 0.2503 
         838  1 0.2394 0.2545 0.2676 0.2385 
         839  1 0.2569 0.2470 0.2360 0.2601 
         840  1 0.2500 0.2525 0.2496 0.2479 
         841  1 0.2486 0.2532 0.2555 0.2427 
         842  1 0.2576 0.2425 0.2351 0.2649 
         843  1 0.2355 0.2667 0.2697 0.2280 
         844  1 0.2482 0.2520 0.2529 0.2469 
         845  1 0.2366 0.2628 0.2679 0.2327 
         846  1 0.2471 0.2513 0.2511 0.2505 
         847  1 0.2565 0.2477 0.2354 0.2605 
         848  1 0.2525 0.2434 0.2484 0.2557 
         849  1 0.2600 0.2342 0.2412 0.2646 
         850  1 0.2401 0.2562 0.2645 0.2392 
         851  1 0.2529 0.2425 0.2502 0.2544 
         852  1 0.2662 0.2379 0.2230 0.2730 
         853  1 0.2563 0.2449 0.2412 0.2575 
         854  1 0.2551 0.2492 0.2395 0.2562 
         855  1 0.2535 0.2421 0.2459 0.2584 
         856  1 0.2494 0.2542 0.2480 0.2483 
         857  1 0.2546 0.2527 0.2407 0.2520 
         858  1 0.2606 0.2402 0.2362 0.2629 
         859  1 0.2553 0.2496 0.2427 0.2524 
         860  1 0.2531 0.2391 0.2499 0.2579 
         861  1 0.2531 0.2528 0.2429 0.2513 
         862  1 0.2634 0.2243 0.2299 0.2824 
         863  1 0.2448 0.2551 0.2619 0.2382 
         864  1 0.2510 0.2507 0.2482 0.2501 
         865  1 0.2336 0.2643 0.2728 0.2293 
         866  1 0.2631 0.2401 0.2281 0.2687 
         867  1 0.2484 0.2535 0.2532 0.2450 
         868  1 0.2468 0.2593 0.2545 0.2395 
         869  1 0.2465 0.2511 0.2533 0.2491 
         870  1 0.2489 0.2510 0.2543 0.2458 
         871  1 0.2503 0.2519 0.2468 0.2510 
         872  1 0.2541 0.2483 0.2383 0.2593 
         873  1 0.2414 0.2562 0.2617 0.2407 
         874  1 0.2536 0.2448 0.2464 0.2553 
         875  1 0.2590 0.2463 0.2342 0.2605 
         876  1 0.2517 0.2487 0.2437 0.2560 
         877  1 0.2530 0.2493 0.2451 0.2526 
         878  1 0.2439 0.2562 0.2570 0.2429 
         879  1 0.2564 0.2462 0.2397 0.2578 
         880  1 0.2437 0.2530 0.2659 0.2374 
         881  1 0.2472 0.2513 0.2539 0.2477 
         882  1 0.2650 0.2417 0.2267 0.2665 
         883  1 0.2459 0.2488 0.2569 0.2484 
         884  1 0.2583 0.2399 0.2430 0.2588 
         885  1 0.2458 0.2536 0.2576 0.2430 
         886  1 0.2643 0.2316 0.2356 0.2685 
         887  1 0.2553 0.2398 0.2418 0.2630 
         888  1 0.2444 0.2512 0.2604 0.2440 
