           1  1 0.1984 0.1966 0.2005 0.1968 0.2077 
           2  1 0.1947 0.1995 0.2037 0.2083 0.1938 
           3  1 0.2026 0.1981 0.2001 0.2033 0.1959 
           4  1 0.1999 0.1938 0.2101 0.2004 0.1958 
           5  1 0.1908 0.2033 0.1987 0.2022 0.2050 
           6  1 0.1914 0.1971 0.1970 0.2034 0.2111 
           7  1 0.1958 0.1913 0.2091 0.2010 0.2029 
           8  1 0.1997 0.1915 0.1984 0.2000 0.2104 
           9  1 0.1999 0.2083 0.1956 0.2019 0.1942 
          10  1 0.1975 0.1970 0.2017 0.2050 0.1988 
          11  1 0.2052 0.2104 0.1939 0.1934 0.1971 
          12  1 0.2011 0.2076 0.1952 0.1999 0.1962 
          13  1 0.1937 0.2030 0.1936 0.2012 0.2084 
          14  1 0.1944 0.2004 0.1986 0.2041 0.2026 
          15  1 0.1970 0.1977 0.2043 0.2027 0.1983 
          16  1 0.2011 0.2037 0.1951 0.1959 0.2042 
          17  1 0.2071 0.1992 0.1969 0.1943 0.2025 
          18  1 0.2000 0.2100 0.1947 0.1981 0.1973 
          19  1 0.1967 0.2029 0.1974 0.2029 0.2000 
          20  1 0.1909 0.2123 0.1905 0.1987 0.2075 
          21  1 0.2009 0.2027 0.1922 0.2017 0.2025 
          22  1 0.2028 0.2077 0.1970 0.1996 0.1929 
          23  1 0.1969 0.2030 0.2030 0.2023 0.1949 
          24  1 0.1964 0.1881 0.2098 0.2017 0.2039 
          25  1 0.2057 0.1982 0.2043 0.2000 0.1919 
          26  1 0.2041 0.2049 0.1974 0.1938 0.1998 
          27  1 0.1950 0.1949 0.2060 0.2013 0.2028 
          28  1 0.2017 0.2034 0.1963 0.1994 0.1991 
          29  1 0.2014 0.2023 0.1990 0.2003 0.1969 
          30  1 0.2065 0.1963 0.2036 0.1952 0.1985 
          31  1 0.1969 0.2062 0.1971 0.2028 0.1970 
          32  1 0.2048 0.2034 0.1989 0.1972 0.1958 
          33  1 0.2020 0.2068 0.1966 0.2030 0.1917 
          34  1 0.1998 0.2104 0.1924 0.1944 0.2030 
          35  1 0.2036 0.1984 0.2010 0.1975 0.1995 
          36  1 0.1978 0.2037 0.1977 0.2033 0.1975 
          37  1 0.2014 0.2035 0.2002 0.1996 0.1952 
          38  1 0.2136 0.1989 0.2029 0.1959 0.1886 
          39  1 0.2024 0.2019 0.1960 0.2006 0.1990 
          40  1 0.2000 0.1995 0.2001 0.2002 0.2003 
          41  1 0.2076 0.1939 0.1923 0.2014 0.2048 
          42  1 0.2124 0.2040 0.1972 0.2001 0.1863 
          43  1 0.2004 0.1934 0.2074 0.2011 0.1978 
          44  1 0.1969 0.2027 0.1951 0.1999 0.2054 
          45  1 0.1945 0.2082 0.1930 0.1997 0.2045 
          46  1 0.2021 0.2009 0.1993 0.2055 0.1922 
          47  1 0.2005 0.1966 0.2012 0.1983 0.2034 
          48  1 0.2006 0.1973 0.1991 0.2027 0.2003 
          49  1 0.2066 0.2054 0.1960 0.1954 0.1967 
          50  1 0.2001 0.2012 0.1937 0.2033 0.2018 
          51  1 0.1962 0.2035 0.1977 0.2025 0.2001 
          52  1 0.1970 0.2071 0.1990 0.1989 0.1981 
          53  1 0.1948 0.2066 0.2009 0.1995 0.1982 
          54  1 0.2064 0.2051 0.1954 0.1998 0.1934 
          55  1 0.2073 0.2062 0.1907 0.2008 0.1948 
          56  1 0.2044 0.1991 0.1933 0.1960 0.2072 
          57  1 0.1981 0.2139 0.1964 0.1969 0.1948 
          58  1 0.1917 0.2085 0.1965 0.2042 0.1990 
          59  1 0.1985 0.2010 0.2064 0.1975 0.1966 
          60  1 0.1965 0.2052 0.1959 0.2021 0.2003 
          61  1 0.1934 0.2010 0.2035 0.2002 0.2020 
          62  1 0.2031 0.2013 0.1940 0.1960 0.2055 
          63  1 0.1995 0.1997 0.1984 0.2013 0.2012 
          64  1 0.2056 0.2099 0.1931 0.1935 0.1979 
          65  1 0.2000 0.2014 0.1943 0.2048 0.1994 
          66  1 0.1920 0.1923 0.2179 0.2112 0.1866 
          67  1 0.1998 0.2025 0.2018 0.2048 0.1911 
          68  1 0.2030 0.2014 0.1996 0.1971 0.1989 
          69  1 0.2064 0.2001 0.2009 0.1990 0.1938 
          70  1 0.1991 0.2045 0.2018 0.1998 0.1949 
          71  1 0.1956 0.1994 0.1985 0.2046 0.2018 
          72  1 0.2066 0.1954 0.2016 0.1998 0.1965 
          73  1 0.2102 0.1909 0.1991 0.2022 0.1975 
          74  1 0.2005 0.1947 0.2012 0.2011 0.2025 
          75  1 0.2068 0.1958 0.1984 0.2012 0.1979 
          76  1 0.2002 0.1990 0.1985 0.2037 0.1986 
          77  1 0.2000 0.2084 0.1923 0.2020 0.1974 
          78  1 0.2102 0.2041 0.2023 0.1945 0.1890 
          79  1 0.1963 0.1953 0.1999 0.2047 0.2038 
          80  1 0.1913 0.2004 0.2012 0.2091 0.1980 
          81  1 0.2011 0.2099 0.1932 0.2052 0.1905 
          82  1 0.1985 0.1927 0.2077 0.1991 0.2020 
          83  1 0.2056 0.2051 0.1963 0.1986 0.1945 
          84  1 0.2049 0.1967 0.2000 0.1994 0.1990 
          85  1 0.1930 0.1871 0.2082 0.2024 0.2092 
          86  1 0.1999 0.1951 0.1993 0.2057 0.2001 
          87  1 0.2064 0.1950 0.1972 0.2035 0.1979 
          88  1 0.2011 0.2000 0.1981 0.1985 0.2022 
          89  1 0.2040 0.1942 0.1972 0.2012 0.2033 
          90  1 0.1926 0.1984 0.2088 0.2070 0.1932 
          91  1 0.2031 0.2101 0.1950 0.1984 0.1934 
          92  1 0.2010 0.1965 0.2002 0.2016 0.2007 
          93  1 0.2016 0.1999 0.1963 0.1998 0.2024 
          94  1 0.2045 0.1997 0.1971 0.1897 0.2090 
          95  1 0.2069 0.1984 0.2006 0.1948 0.1993 
          96  1 0.1954 0.2013 0.2042 0.2048 0.1943 
          97  1 0.2070 0.2065 0.1940 0.1986 0.1938 
          98  1 0.2040 0.2141 0.1916 0.2027 0.1876 
          99  1 0.2080 0.2025 0.2027 0.1984 0.1884 
         100  1 0.2059 0.2029 0.1996 0.2032 0.1884 
         101  1 0.1977 0.2099 0.1967 0.1996 0.1961 
         102  1 0.1961 0.1969 0.2016 0.2016 0.2038 
         103  1 0.2063 0.2056 0.1953 0.1971 0.1957 
         104  1 0.2109 0.2087 0.1975 0.1953 0.1877 
         105  1 0.2032 0.2036 0.1916 0.2006 0.2011 
         106  1 0.2028 0.1953 0.2000 0.1953 0.2066 
         107  1 0.1909 0.2002 0.2050 0.1961 0.2079 
         108  1 0.2095 0.1998 0.2033 0.1931 0.1943 
         109  1 0.1891 0.1833 0.2133 0.2127 0.2016 
         110  1 0.1903 0.1928 0.2033 0.2118 0.2018 
         111  1 0.1853 0.2016 0.2011 0.2041 0.2079 
         112  1 0.1982 0.1999 0.2042 0.2003 0.1973 
         113  1 0.1987 0.1994 0.1993 0.2033 0.1993 
         114  1 0.2024 0.1993 0.1989 0.1978 0.2017 
         115  1 0.1998 0.1957 0.2005 0.2015 0.2024 
         116  1 0.2077 0.2002 0.1968 0.2003 0.1950 
         117  1 0.1957 0.2155 0.1930 0.2007 0.1952 
         118  1 0.2061 0.2009 0.1997 0.1966 0.1967 
         119  1 0.1923 0.2117 0.1928 0.2056 0.1976 
         120  1 0.1912 0.1993 0.2033 0.2029 0.2034 
         121  1 0.1933 0.1990 0.2000 0.2069 0.2008 
         122  1 0.2030 0.2003 0.1998 0.1955 0.2015 
         123  1 0.2049 0.2009 0.2013 0.1980 0.1949 
         124  1 0.1952 0.2050 0.1934 0.1955 0.2109 
         125  1 0.1893 0.1886 0.2093 0.2050 0.2078 
         126  1 0.2027 0.1948 0.1987 0.1952 0.2087 
         127  1 0.1918 0.2016 0.1997 0.2038 0.2031 
         128  1 0.2035 0.2011 0.1954 0.1983 0.2017 
         129  1 0.2038 0.2039 0.1984 0.1943 0.1995 
         130  1 0.2022 0.1946 0.2011 0.2015 0.2006 
         131  1 0.1978 0.2020 0.2010 0.1984 0.2009 
         132  1 0.1905 0.1961 0.2016 0.2034 0.2083 
         133  1 0.2027 0.1991 0.2014 0.2049 0.1919 
         134  1 0.1888 0.1838 0.2182 0.2069 0.2023 
         135  1 0.2038 0.2083 0.1980 0.1930 0.1969 
         136  1 0.1989 0.2057 0.1979 0.1964 0.2011 
         137  1 0.2123 0.2011 0.2012 0.1892 0.1962 
         138  1 0.2020 0.2011 0.2021 0.1983 0.1965 
         139  1 0.2021 0.1985 0.1976 0.1970 0.2048 
         140  1 0.2010 0.1988 0.1974 0.2010 0.2019 
         141  1 0.1945 0.1921 0.2016 0.2092 0.2026 
         142  1 0.2058 0.2084 0.2028 0.1960 0.1870 
         143  1 0.1949 0.2019 0.1973 0.2018 0.2040 
         144  1 0.2045 0.1970 0.2012 0.2001 0.1971 
         145  1 0.2056 0.2054 0.1940 0.1996 0.1954 
         146  1 0.1997 0.2033 0.2009 0.2018 0.1943 
         147  1 0.2006 0.2019 0.1954 0.2005 0.2016 
         148  1 0.1994 0.1979 0.2023 0.1969 0.2035 
         149  1 0.1930 0.1987 0.2037 0.2041 0.2005 
         150  1 0.1965 0.1968 0.2046 0.2032 0.1989 
         151  1 0.2055 0.2062 0.1948 0.1980 0.1955 
         152  1 0.1934 0.1933 0.2116 0.1999 0.2018 
         153  1 0.2009 0.2057 0.2039 0.2005 0.1890 
         154  1 0.1945 0.1981 0.2065 0.2016 0.1993 
         155  1 0.2039 0.1999 0.1976 0.1977 0.2009 
         156  1 0.2050 0.2043 0.1976 0.1951 0.1980 
         157  1 0.1923 0.1906 0.2005 0.2053 0.2114 
         158  1 0.2064 0.1957 0.2043 0.2024 0.1913 
         159  1 0.1924 0.1938 0.2014 0.2034 0.2090 
         160  1 0.1994 0.1988 0.2008 0.2011 0.1999 
         161  1 0.1991 0.1963 0.2041 0.2012 0.1993 
         162  1 0.2026 0.2002 0.1978 0.1983 0.2011 
         163  1 0.2006 0.1947 0.2016 0.1984 0.2047 
         164  1 0.1981 0.1911 0.2021 0.2022 0.2066 
         165  1 0.1930 0.2000 0.2004 0.2064 0.2002 
         166  1 0.2027 0.2085 0.1957 0.1960 0.1971 
         167  1 0.1951 0.1966 0.2045 0.2043 0.1996 
         168  1 0.2049 0.2000 0.1986 0.1982 0.1983 
         169  1 0.2035 0.1984 0.1951 0.1944 0.2085 
         170  1 0.2027 0.2071 0.1939 0.1971 0.1992 
         171  1 0.2026 0.1990 0.1930 0.1987 0.2068 
         172  1 0.2074 0.1951 0.1969 0.1929 0.2077 
         173  1 0.2018 0.1933 0.2002 0.2029 0.2018 
         174  1 0.1969 0.1889 0.2126 0.1997 0.2019 
         175  1 0.2036 0.2017 0.1981 0.2008 0.1957 
         176  1 0.1983 0.1993 0.2021 0.1970 0.2033 
         177  1 0.2026 0.1959 0.1993 0.2047 0.1975 
         178  1 0.2048 0.2044 0.1976 0.1965 0.1967 
         179  1 0.1978 0.1927 0.2034 0.2063 0.1998 
         180  1 0.1935 0.2059 0.1957 0.2053 0.1996 
         181  1 0.2069 0.2102 0.1940 0.1993 0.1896 
         182  1 0.2066 0.2046 0.1913 0.1999 0.1977 
         183  1 0.2068 0.2015 0.1955 0.1982 0.1980 
         184  1 0.2034 0.2002 0.1952 0.2015 0.1998 
         185  1 0.2094 0.2061 0.1953 0.1974 0.1918 
         186  1 0.1948 0.2067 0.1973 0.2001 0.2010 
         187  1 0.1971 0.2051 0.1919 0.1996 0.2063 
         188  1 0.2021 0.2047 0.1943 0.2027 0.1961 
         189  1 0.2048 0.1929 0.2038 0.1992 0.1992 
         190  1 0.2029 0.2047 0.1940 0.2010 0.1975 
         191  1 0.1939 0.1999 0.2008 0.2069 0.1985 
         192  1 0.2016 0.1972 0.2013 0.1992 0.2008 
         193  1 0.2021 0.2018 0.1966 0.2010 0.1985 
         194  1 0.2015 0.2012 0.1969 0.1998 0.2005 
         195  1 0.2008 0.1975 0.2036 0.1984 0.1997 
         196  1 0.1994 0.2052 0.1971 0.1996 0.1987 
         197  1 0.1999 0.2021 0.1990 0.1973 0.2017 
         198  1 0.1917 0.2060 0.1973 0.2016 0.2033 
         199  1 0.1964 0.2028 0.1972 0.2086 0.1950 
         200  1 0.2085 0.1965 0.2038 0.1967 0.1945 
         201  1 0.2113 0.2104 0.1977 0.1919 0.1886 
         202  1 0.2035 0.1988 0.1976 0.1964 0.2037 
         203  1 0.2069 0.1989 0.1981 0.1994 0.1968 
         204  1 0.1963 0.1969 0.1971 0.2032 0.2066 
         205  1 0.1990 0.2032 0.1976 0.1984 0.2017 
         206  1 0.1963 0.2050 0.1963 0.2019 0.2005 
         207  1 0.1899 0.1993 0.1981 0.2019 0.2108 
         208  1 0.1934 0.1950 0.2100 0.2050 0.1966 
         209  1 0.2021 0.2021 0.1967 0.2014 0.1977 
         210  1 0.1974 0.1988 0.1952 0.1994 0.2092 
         211  1 0.1827 0.1834 0.2385 0.2001 0.1953 
         212  1 0.2084 0.2066 0.1911 0.1985 0.1955 
         213  1 0.1896 0.1989 0.2105 0.2006 0.2005 
         214  1 0.1994 0.1876 0.2059 0.2029 0.2042 
         215  1 0.2061 0.1934 0.1958 0.1975 0.2071 
         216  1 0.2023 0.2176 0.1905 0.2013 0.1883 
         217  1 0.2054 0.1954 0.2050 0.1969 0.1973 
         218  1 0.1927 0.1911 0.1982 0.2064 0.2116 
         219  1 0.2026 0.1954 0.2063 0.1994 0.1963 
         220  1 0.1933 0.1915 0.2075 0.2053 0.2024 
         221  1 0.1928 0.1989 0.2071 0.2070 0.1942 
         222  1 0.1927 0.2051 0.1998 0.1990 0.2034 
         223  1 0.1920 0.2106 0.1972 0.2031 0.1972 
         224  1 0.1987 0.2070 0.1966 0.1923 0.2053 
         225  1 0.1937 0.2055 0.1935 0.2044 0.2028 
         226  1 0.2007 0.1994 0.1963 0.1986 0.2050 
         227  1 0.1969 0.1964 0.2023 0.2030 0.2013 
         228  1 0.2005 0.1964 0.1991 0.2025 0.2015 
         229  1 0.2041 0.2042 0.1940 0.1977 0.2000 
         230  1 0.2041 0.2072 0.1959 0.1951 0.1978 
         231  1 0.2107 0.2058 0.1975 0.1958 0.1902 
         232  1 0.1993 0.2072 0.1968 0.2005 0.1962 
         233  1 0.1885 0.2046 0.2015 0.2016 0.2037 
         234  1 0.2005 0.2068 0.1928 0.2015 0.1983 
         235  1 0.2108 0.2138 0.1913 0.1948 0.1893 
         236  1 0.2028 0.1912 0.2006 0.2036 0.2019 
         237  1 0.1989 0.2090 0.1948 0.2039 0.1935 
         238  1 0.2037 0.1914 0.1999 0.2008 0.2042 
         239  1 0.2076 0.1943 0.1984 0.1942 0.2055 
         240  1 0.1941 0.1979 0.2007 0.2043 0.2029 
         241  1 0.2079 0.2068 0.1952 0.1969 0.1933 
         242  1 0.2047 0.2005 0.1993 0.1956 0.1998 
         243  1 0.1945 0.2020 0.1983 0.2026 0.2027 
         244  1 0.2024 0.1915 0.2022 0.2027 0.2013 
         245  1 0.1979 0.2026 0.1931 0.2057 0.2006 
         246  1 0.2043 0.1953 0.1949 0.2020 0.2035 
         247  1 0.2001 0.1951 0.1990 0.2060 0.1998 
         248  1 0.2056 0.2076 0.1943 0.1964 0.1961 
         249  1 0.1983 0.1953 0.2053 0.1988 0.2023 
         250  1 0.2045 0.2066 0.1933 0.1975 0.1982 
         251  1 0.2164 0.2022 0.1957 0.1937 0.1921 
         252  1 0.1979 0.1953 0.1952 0.2064 0.2052 
         253  1 0.1920 0.2029 0.2075 0.1999 0.1976 
         254  1 0.1984 0.1993 0.2022 0.2018 0.1983 
         255  1 0.1994 0.1931 0.2040 0.2017 0.2018 
         256  1 0.2007 0.1982 0.1990 0.1983 0.2037 
         257  1 0.1973 0.1890 0.2099 0.2047 0.1992 
         258  1 0.1982 0.1977 0.2003 0.1966 0.2073 
         259  1 0.1982 0.1950 0.2055 0.2045 0.1967 
         260  1 0.1981 0.1946 0.2085 0.1987 0.2002 
         261  1 0.1958 0.2106 0.1982 0.1949 0.2005 
         262  1 0.1939 0.1943 0.2041 0.2046 0.2032 
         263  1 0.2058 0.2083 0.1933 0.1983 0.1943 
         264  1 0.1984 0.1996 0.2007 0.2042 0.1970 
         265  1 0.2011 0.1968 0.2045 0.1986 0.1990 
         266  1 0.2088 0.2062 0.1928 0.1992 0.1930 
         267  1 0.2011 0.1914 0.2046 0.2029 0.2000 
         268  1 0.1990 0.1923 0.2102 0.1955 0.2030 
         269  1 0.1901 0.1915 0.2161 0.1989 0.2034 
         270  1 0.2042 0.1927 0.1995 0.2019 0.2018 
         271  1 0.2057 0.2051 0.1895 0.1961 0.2036 
         272  1 0.1974 0.2040 0.1992 0.2029 0.1965 
         273  1 0.2057 0.2111 0.1918 0.1971 0.1942 
         274  1 0.1986 0.2017 0.1968 0.2006 0.2023 
         275  1 0.1909 0.1825 0.2157 0.2081 0.2027 
         276  1 0.1893 0.1933 0.2043 0.2077 0.2054 
         277  1 0.1956 0.2073 0.1933 0.2028 0.2011 
         278  1 0.2015 0.1888 0.2092 0.1902 0.2103 
         279  1 0.1910 0.2059 0.1987 0.2044 0.2000 
         280  1 0.1985 0.1988 0.2040 0.1926 0.2061 
         281  1 0.2059 0.2113 0.1911 0.1960 0.1956 
         282  1 0.2074 0.2038 0.1909 0.1939 0.2039 
         283  1 0.1926 0.2045 0.1974 0.2027 0.2029 
         284  1 0.1979 0.2134 0.1933 0.2008 0.1946 
         285  1 0.2082 0.2096 0.1944 0.1951 0.1927 
         286  1 0.1909 0.1958 0.2008 0.2023 0.2101 
         287  1 0.2031 0.2074 0.1953 0.1988 0.1954 
         288  1 0.2035 0.2019 0.1926 0.2014 0.2006 
         289  1 0.1996 0.2052 0.1957 0.1994 0.2001 
         290  1 0.2009 0.2183 0.1871 0.1964 0.1973 
         291  1 0.1925 0.1990 0.2065 0.2021 0.1999 
         292  1 0.2070 0.1960 0.1959 0.2012 0.2000 
         293  1 0.2026 0.2045 0.1999 0.1964 0.1965 
         294  1 0.2054 0.1990 0.1984 0.1975 0.1997 
         295  1 0.2034 0.1992 0.2052 0.1983 0.1939 
         296  1 0.1940 0.2037 0.2055 0.1993 0.1974 
         297  1 0.1967 0.2022 0.1992 0.2033 0.1987 
         298  1 0.2052 0.2058 0.1942 0.1985 0.1964 
         299  1 0.2042 0.1984 0.2004 0.2021 0.1949 
         300  1 0.1847 0.1900 0.2170 0.2072 0.2011 
         301  1 0.2075 0.2015 0.1988 0.1980 0.1941 
         302  1 0.2020 0.1942 0.1989 0.1981 0.2069 
         303  1 0.1960 0.1960 0.2016 0.2045 0.2019 
         304  1 0.1918 0.2001 0.1987 0.2061 0.2033 
         305  1 0.1948 0.2000 0.1979 0.2060 0.2013 
         306  1 0.2060 0.2005 0.1974 0.2017 0.1944 
         307  1 0.1997 0.2080 0.1995 0.1941 0.1988 
         308  1 0.1983 0.2075 0.2016 0.1994 0.1933 
         309  1 0.2019 0.2070 0.1986 0.1994 0.1931 
         310  1 0.2026 0.1975 0.1990 0.1992 0.2017 
         311  1 0.1995 0.1935 0.1969 0.2036 0.2065 
         312  1 0.1927 0.2066 0.1944 0.2050 0.2013 
         313  1 0.1950 0.2007 0.1999 0.2028 0.2015 
         314  1 0.2096 0.2026 0.1939 0.1972 0.1968 
         315  1 0.1978 0.1935 0.2054 0.2003 0.2030 
         316  1 0.2005 0.2029 0.2027 0.2005 0.1934 
         317  1 0.2009 0.2122 0.1905 0.1967 0.1997 
         318  1 0.2073 0.2076 0.1917 0.2006 0.1927 
         319  1 0.1980 0.1929 0.2020 0.1996 0.2076 
         320  1 0.2074 0.1978 0.2002 0.1950 0.1996 
         321  1 0.1972 0.1940 0.2024 0.2048 0.2015 
         322  1 0.2078 0.2119 0.1897 0.1973 0.1933 
         323  1 0.2081 0.2016 0.2011 0.1899 0.1994 
         324  1 0.1937 0.1942 0.2110 0.1994 0.2017 
         325  1 0.2037 0.2115 0.1946 0.2010 0.1893 
         326  1 0.1998 0.1927 0.2033 0.2061 0.1982 
         327  1 0.1995 0.2017 0.1962 0.1990 0.2035 
         328  1 0.2044 0.2007 0.1980 0.2018 0.1951 
         329  1 0.2003 0.2119 0.1933 0.2059 0.1886 
         330  1 0.1995 0.1975 0.1968 0.2001 0.2061 
         331  1 0.1995 0.1980 0.2075 0.1921 0.2030 
         332  1 0.1971 0.1998 0.2060 0.2014 0.1958 
         333  1 0.1979 0.1969 0.1972 0.2014 0.2066 
         334  1 0.2072 0.1952 0.1981 0.1958 0.2037 
         335  1 0.2059 0.2098 0.1961 0.1975 0.1906 
         336  1 0.2071 0.1951 0.1988 0.1918 0.2072 
         337  1 0.1955 0.1989 0.2048 0.2012 0.1996 
         338  1 0.2036 0.1916 0.1999 0.2003 0.2047 
         339  1 0.2004 0.2000 0.1974 0.2038 0.1984 
         340  1 0.1986 0.1984 0.1988 0.2063 0.1979 
         341  1 0.2001 0.1948 0.2080 0.1951 0.2019 
         342  1 0.1952 0.2005 0.1993 0.2088 0.1962 
         343  1 0.2038 0.2080 0.1910 0.1997 0.1974 
         344  1 0.2093 0.1952 0.2039 0.2009 0.1907 
         345  1 0.2041 0.2034 0.2024 0.1977 0.1924 
         346  1 0.1885 0.2002 0.2028 0.2050 0.2035 
         347  1 0.1952 0.1975 0.2040 0.2022 0.2010 
         348  1 0.1971 0.2044 0.1973 0.2074 0.1938 
         349  1 0.2023 0.1889 0.2024 0.2040 0.2025 
         350  1 0.1918 0.1995 0.2041 0.1972 0.2074 
         351  1 0.1968 0.1971 0.1980 0.2017 0.2064 
         352  1 0.1992 0.2124 0.1967 0.1909 0.2008 
         353  1 0.1903 0.2177 0.1918 0.2008 0.1995 
         354  1 0.1970 0.2019 0.1976 0.2023 0.2012 
         355  1 0.2049 0.2012 0.1999 0.1955 0.1985 
         356  1 0.1971 0.1986 0.2004 0.1993 0.2045 
         357  1 0.1914 0.1915 0.2011 0.2068 0.2092 
         358  1 0.1920 0.2018 0.1969 0.2066 0.2026 
         359  1 0.1903 0.1902 0.2143 0.2011 0.2040 
         360  1 0.2004 0.2107 0.1941 0.2023 0.1925 
         361  1 0.1955 0.1879 0.2322 0.1953 0.1891 
         362  1 0.2003 0.1892 0.2052 0.1988 0.2065 
         363  1 0.2033 0.2005 0.1931 0.1992 0.2039 
         364  1 0.1992 0.2010 0.1970 0.2022 0.2006 
         365  1 0.2092 0.1935 0.2038 0.1985 0.1951 
         366  1 0.2004 0.1993 0.1979 0.1940 0.2083 
         367  1 0.1927 0.2106 0.1994 0.1977 0.1997 
         368  1 0.2019 0.2113 0.1958 0.1931 0.1980 
         369  1 0.1998 0.1960 0.2047 0.1957 0.2038 
         370  1 0.2035 0.1979 0.1943 0.2029 0.2015 
         371  1 0.1984 0.1947 0.1990 0.2058 0.2021 
         372  1 0.2020 0.2001 0.1967 0.1992 0.2020 
         373  1 0.1963 0.2020 0.1966 0.2021 0.2029 
         374  1 0.1964 0.1912 0.2068 0.2024 0.2031 
         375  1 0.2053 0.2018 0.1964 0.1992 0.1973 
         376  1 0.2108 0.1950 0.1977 0.1967 0.1998 
         377  1 0.2029 0.1987 0.1974 0.2032 0.1978 
         378  1 0.1932 0.2015 0.1943 0.2064 0.2046 
         379  1 0.2048 0.2004 0.1957 0.2030 0.1961 
         380  1 0.2081 0.2100 0.1957 0.1968 0.1895 
         381  1 0.1926 0.1971 0.2043 0.2036 0.2024 
         382  1 0.2055 0.1943 0.2040 0.1948 0.2015 
         383  1 0.1955 0.1974 0.2019 0.2019 0.2032 
         384  1 0.1983 0.2016 0.2012 0.1975 0.2014 
         385  1 0.2001 0.1921 0.2074 0.1987 0.2016 
         386  1 0.1989 0.1868 0.2064 0.2062 0.2017 
         387  1 0.2015 0.1945 0.1961 0.1965 0.2115 
         388  1 0.2057 0.1998 0.1993 0.1982 0.1970 
         389  1 0.2086 0.2022 0.1981 0.1966 0.1946 
         390  1 0.2064 0.1882 0.2097 0.1958 0.2000 
         391  1 0.2012 0.1946 0.2035 0.1989 0.2018 
         392  1 0.2025 0.2056 0.1960 0.1992 0.1966 
         393  1 0.2075 0.1995 0.1973 0.1951 0.2005 
         394  1 0.1924 0.1978 0.2042 0.2026 0.2031 
         395  1 0.1942 0.2061 0.1992 0.2050 0.1955 
         396  1 0.2037 0.2010 0.1981 0.1922 0.2050 
         397  1 0.1944 0.1963 0.2007 0.2040 0.2047 
         398  1 0.2047 0.2000 0.2044 0.1968 0.1942 
         399  1 0.2024 0.2092 0.1941 0.1986 0.1956 
         400  1 0.1945 0.2043 0.2027 0.1997 0.1988 
         401  1 0.1972 0.1951 0.2034 0.2063 0.1981 
         402  1 0.2087 0.2045 0.1983 0.1946 0.1939 
         403  1 0.1947 0.2129 0.1938 0.2004 0.1982 
         404  1 0.1973 0.2008 0.1974 0.1980 0.2065 
         405  1 0.1926 0.1993 0.2019 0.2003 0.2060 
         406  1 0.1936 0.1995 0.2036 0.1978 0.2055 
         407  1 0.1973 0.1952 0.2001 0.2013 0.2061 
         408  1 0.2070 0.1976 0.1959 0.2018 0.1977 
         409  1 0.2029 0.1981 0.2025 0.1981 0.1983 
         410  1 0.1945 0.1958 0.2022 0.1990 0.2086 
         411  1 0.1937 0.1953 0.2067 0.2086 0.1957 
         412  1 0.1964 0.2023 0.2028 0.1947 0.2038 
         413  1 0.2029 0.2073 0.1951 0.2036 0.1911 
         414  1 0.2123 0.2122 0.1918 0.1990 0.1849 
         415  1 0.1895 0.2031 0.2010 0.2087 0.1976 
         416  1 0.1944 0.2064 0.1963 0.2015 0.2014 
         417  1 0.1947 0.2030 0.1978 0.2012 0.2033 
         418  1 0.1956 0.2089 0.1883 0.2071 0.2002 
         419  1 0.2021 0.2013 0.1960 0.2015 0.1990 
         420  1 0.1945 0.2016 0.2038 0.2010 0.1991 
         421  1 0.2001 0.1966 0.1980 0.2009 0.2044 
         422  1 0.2010 0.2000 0.2003 0.2004 0.1983 
         423  1 0.2000 0.1972 0.2051 0.2019 0.1958 
         424  1 0.2056 0.1980 0.2025 0.1969 0.1971 
         425  1 0.2018 0.2053 0.1941 0.1941 0.2047 
         426  1 0.1998 0.1955 0.1967 0.2012 0.2068 
         427  1 0.1948 0.2125 0.1931 0.2032 0.1963 
         428  1 0.2032 0.1991 0.1991 0.1988 0.1997 
         429  1 0.2012 0.2001 0.1964 0.1972 0.2050 
         430  1 0.2021 0.2097 0.1929 0.2001 0.1951 
         431  1 0.2040 0.2047 0.1992 0.2016 0.1905 
         432  1 0.1990 0.2031 0.1976 0.2002 0.2000 
         433  1 0.2108 0.2027 0.1928 0.1984 0.1954 
         434  1 0.2170 0.1940 0.1974 0.1960 0.1955 
         435  1 0.1972 0.2069 0.2021 0.1949 0.1989 
         436  1 0.1946 0.1973 0.2011 0.2042 0.2028 
         437  1 0.1974 0.1970 0.2001 0.2044 0.2011 
         438  1 0.1984 0.1933 0.2024 0.2060 0.1998 
         439  1 0.1990 0.2003 0.1963 0.2039 0.2005 
         440  1 0.2005 0.2078 0.1954 0.1995 0.1968 
         441  1 0.2019 0.1997 0.2044 0.1938 0.2002 
         442  1 0.2023 0.1953 0.2046 0.1988 0.1989 
         443  1 0.1987 0.2013 0.1942 0.2019 0.2040 
         444  1 0.1995 0.1995 0.2033 0.2063 0.1914 
         445  1 0.2006 0.1954 0.2024 0.2000 0.2016 
         446  1 0.1981 0.2077 0.1950 0.1972 0.2020 
         447  1 0.1994 0.2015 0.1986 0.2027 0.1978 
         448  1 0.2014 0.2004 0.1991 0.2004 0.1988 
         449  1 0.1961 0.2017 0.2005 0.2007 0.2010 
         450  1 0.2107 0.2023 0.1970 0.1990 0.1909 
         451  1 0.2050 0.1993 0.1947 0.2001 0.2009 
         452  1 0.2026 0.1940 0.2002 0.1978 0.2054 
         453  1 0.1850 0.1996 0.2053 0.2033 0.2068 
         454  1 0.1990 0.2057 0.1934 0.2016 0.2003 
         455  1 0.2022 0.1979 0.1985 0.1980 0.2034 
         456  1 0.2005 0.2089 0.1929 0.1982 0.1996 
         457  1 0.1961 0.2005 0.2027 0.1888 0.2119 
         458  1 0.1986 0.1968 0.1950 0.2029 0.2066 
         459  1 0.2057 0.2128 0.1924 0.1964 0.1927 
         460  1 0.1982 0.2007 0.2019 0.1966 0.2025 
         461  1 0.2016 0.2108 0.1943 0.2014 0.1919 
         462  1 0.2028 0.1911 0.2024 0.1959 0.2078 
         463  1 0.2035 0.1955 0.2029 0.1963 0.2018 
         464  1 0.1947 0.1926 0.2035 0.2001 0.2092 
         465  1 0.1988 0.1917 0.2129 0.2000 0.1966 
         466  1 0.1909 0.2051 0.1964 0.1976 0.2100 
         467  1 0.1954 0.2039 0.2001 0.1996 0.2009 
         468  1 0.2015 0.2065 0.1922 0.1980 0.2019 
         469  1 0.2173 0.2000 0.2037 0.1947 0.1844 
         470  1 0.2034 0.2044 0.1977 0.1977 0.1968 
         471  1 0.1969 0.2102 0.1917 0.1995 0.2017 
         472  1 0.2002 0.2056 0.1973 0.1979 0.1989 
         473  1 0.2002 0.1889 0.2053 0.2038 0.2018 
         474  1 0.1979 0.1927 0.2010 0.2037 0.2048 
         475  1 0.1987 0.1953 0.1994 0.1998 0.2068 
         476  1 0.2026 0.1972 0.2065 0.1961 0.1976 
         477  1 0.1983 0.2041 0.1968 0.1950 0.2058 
         478  1 0.2032 0.2068 0.1933 0.2005 0.1962 
         479  1 0.2062 0.2090 0.1964 0.2001 0.1883 
         480  1 0.1933 0.2037 0.1974 0.2005 0.2051 
         481  1 0.2034 0.2011 0.2043 0.2000 0.1911 
         482  1 0.2025 0.2058 0.1970 0.1950 0.1996 
         483  1 0.1935 0.1983 0.2034 0.2013 0.2035 
         484  1 0.1971 0.1991 0.1966 0.2017 0.2056 
         485  1 0.2068 0.1963 0.2002 0.1982 0.1985 
         486  1 0.1916 0.2111 0.1987 0.1952 0.2034 
         487  1 0.1908 0.1878 0.2091 0.2055 0.2068 
         488  1 0.1975 0.1934 0.2029 0.2016 0.2045 
         489  1 0.1959 0.1837 0.2100 0.2058 0.2045 
         490  1 0.2027 0.1999 0.1980 0.1975 0.2020 
         491  1 0.1984 0.1978 0.1995 0.2005 0.2037 
         492  1 0.2109 0.2057 0.1970 0.1979 0.1885 
         493  1 0.1993 0.1945 0.1970 0.2021 0.2071 
         494  1 0.2003 0.2041 0.1995 0.2021 0.1941 
         495  1 0.2008 0.1910 0.2046 0.2037 0.1998 
         496  1 0.2143 0.1941 0.1984 0.1947 0.1985 
         497  1 0.1985 0.1987 0.2026 0.2042 0.1961 
         498  1 0.2079 0.1968 0.1941 0.2002 0.2010 
         499  1 0.1925 0.1954 0.2037 0.2022 0.2062 
         500  1 0.1983 0.2089 0.1965 0.2015 0.1948 
         501  1 0.1792 0.1853 0.2347 0.2023 0.1986 
         502  1 0.2025 0.1983 0.2005 0.2013 0.1974 
         503  1 0.1943 0.1846 0.2132 0.2080 0.1999 
         504  1 0.2020 0.2004 0.1941 0.1965 0.2070 
         505  1 0.1951 0.1884 0.2075 0.2048 0.2041 
         506  1 0.2003 0.1934 0.2023 0.2045 0.1995 
         507  1 0.1999 0.1907 0.2024 0.2040 0.2029 
         508  1 0.2015 0.2041 0.2011 0.1967 0.1965 
         509  1 0.1918 0.2002 0.2091 0.2000 0.1989 
         510  1 0.2038 0.2042 0.1950 0.1951 0.2018 
         511  1 0.2090 0.1954 0.2016 0.1927 0.2013 
         512  1 0.1901 0.1954 0.2047 0.1999 0.2099 
         513  1 0.2016 0.2022 0.1978 0.2007 0.1977 
         514  1 0.2092 0.1948 0.1973 0.1961 0.2026 
         515  1 0.2014 0.1989 0.2042 0.1991 0.1963 
         516  1 0.2096 0.2008 0.1988 0.1952 0.1956 
         517  1 0.2018 0.2017 0.1989 0.1984 0.1992 
         518  1 0.1979 0.2025 0.1982 0.2031 0.1983 
         519  1 0.2009 0.1968 0.2003 0.2015 0.2006 
         520  1 0.1996 0.2018 0.1985 0.2000 0.2001 
         521  1 0.1932 0.1887 0.2080 0.2051 0.2050 
         522  1 0.1988 0.2001 0.1991 0.2011 0.2009 
         523  1 0.2007 0.1993 0.1983 0.2045 0.1972 
         524  1 0.2002 0.1911 0.2078 0.2026 0.1983 
         525  1 0.2048 0.1976 0.2047 0.2035 0.1894 
         526  1 0.1986 0.1969 0.2054 0.1988 0.2003 
         527  1 0.1991 0.1933 0.2075 0.1981 0.2020 
         528  1 0.2008 0.2038 0.1997 0.1961 0.1997 
         529  1 0.1991 0.2005 0.1970 0.2010 0.2024 
         530  1 0.2080 0.2049 0.1984 0.1935 0.1952 
         531  1 0.2113 0.2017 0.1923 0.1938 0.2009 
         532  1 0.1989 0.2064 0.1982 0.2019 0.1946 
         533  1 0.2117 0.1950 0.2037 0.1986 0.1910 
         534  1 0.1997 0.2043 0.1995 0.1991 0.1973 
         535  1 0.1964 0.2029 0.2023 0.2012 0.1971 
         536  1 0.2015 0.2055 0.1942 0.1985 0.2003 
         537  1 0.2073 0.1925 0.2050 0.1988 0.1964 
         538  1 0.1982 0.1988 0.1972 0.1995 0.2062 
         539  1 0.2029 0.2057 0.1956 0.1979 0.1978 
         540  1 0.2058 0.1919 0.2019 0.2011 0.1993 
         541  1 0.2072 0.2078 0.1909 0.1947 0.1994 
         542  1 0.2034 0.1979 0.1978 0.2024 0.1986 
         543  1 0.2029 0.1964 0.2052 0.1944 0.2011 
         544  1 0.1956 0.1988 0.1954 0.2003 0.2100 
         545  1 0.2028 0.1954 0.1982 0.2033 0.2004 
         546  1 0.2008 0.1989 0.2011 0.1994 0.1998 
         547  1 0.1930 0.2007 0.2020 0.2003 0.2040 
         548  1 0.1936 0.2054 0.1950 0.1986 0.2075 
         549  1 0.1969 0.1968 0.2056 0.2009 0.1998 
         550  1 0.2021 0.1950 0.2007 0.1995 0.2026 
         551  1 0.1930 0.1854 0.2149 0.2098 0.1968 
         552  1 0.2037 0.1982 0.1995 0.2034 0.1951 
         553  1 0.2016 0.1952 0.2088 0.1998 0.1945 
         554  1 0.2029 0.2123 0.1912 0.2027 0.1910 
         555  1 0.2024 0.1996 0.2021 0.1959 0.2001 
         556  1 0.1996 0.1982 0.2041 0.1991 0.1990 
         557  1 0.1988 0.1973 0.1980 0.2038 0.2021 
         558  1 0.1964 0.1978 0.2022 0.1998 0.2038 
         559  1 0.2046 0.2095 0.1962 0.1964 0.1933 
         560  1 0.1963 0.2031 0.1980 0.1987 0.2039 
         561  1 0.2003 0.1998 0.1958 0.2012 0.2030 
         562  1 0.1981 0.1981 0.1974 0.1993 0.2071 
         563  1 0.2039 0.1966 0.1937 0.1953 0.2105 
         564  1 0.1918 0.2173 0.1935 0.1965 0.2009 
         565  1 0.2027 0.2025 0.1979 0.1983 0.1986 
         566  1 0.2048 0.2134 0.1909 0.1990 0.1920 
         567  1 0.2001 0.2152 0.1943 0.1938 0.1965 
         568  1 0.1909 0.1976 0.2055 0.2053 0.2007 
         569  1 0.2106 0.2069 0.1982 0.1925 0.1918 
         570  1 0.1915 0.1874 0.2127 0.2036 0.2048 
         571  1 0.2085 0.2087 0.1917 0.1929 0.1982 
         572  1 0.2011 0.2075 0.1932 0.2017 0.1965 
         573  1 0.2077 0.1990 0.2022 0.1968 0.1943 
         574  1 0.1919 0.2070 0.2000 0.2011 0.2001 
         575  1 0.2030 0.1977 0.2025 0.1991 0.1977 
         576  1 0.2033 0.1938 0.2038 0.1992 0.1999 
         577  1 0.1926 0.1942 0.2037 0.2048 0.2046 
         578  1 0.1996 0.2014 0.2049 0.1953 0.1988 
         579  1 0.1960 0.2018 0.2055 0.2001 0.1966 
         580  1 0.2066 0.2072 0.1941 0.2012 0.1910 
         581  1 0.1929 0.1958 0.2011 0.2042 0.2060 
         582  1 0.1974 0.2003 0.2003 0.2041 0.1979 
         583  1 0.2040 0.2043 0.1933 0.1937 0.2047 
         584  1 0.1984 0.1932 0.2116 0.1923 0.2044 
         585  1 0.2081 0.2135 0.1923 0.1910 0.1951 
         586  1 0.1934 0.2003 0.1998 0.2020 0.2045 
         587  1 0.2101 0.2103 0.1924 0.1976 0.1896 
         588  1 0.1994 0.1981 0.1994 0.2039 0.1992 
         589  1 0.2035 0.2090 0.1911 0.2019 0.1945 
         590  1 0.1954 0.2106 0.1912 0.2047 0.1981 
         591  1 0.2016 0.2036 0.1969 0.1998 0.1981 
         592  1 0.2093 0.2018 0.1935 0.1996 0.1958 
         593  1 0.2078 0.1946 0.1992 0.1973 0.2012 
         594  1 0.2020 0.1968 0.1955 0.1984 0.2072 
         595  1 0.2017 0.1993 0.2018 0.1988 0.1985 
         596  1 0.2035 0.1855 0.2023 0.2039 0.2048 
         597  1 0.1995 0.1943 0.2025 0.2008 0.2030 
         598  1 0.2195 0.2123 0.1883 0.1986 0.1812 
         599  1 0.2009 0.1946 0.2064 0.1960 0.2022 
         600  1 0.1991 0.2015 0.1981 0.2003 0.2010 
         601  1 0.1975 0.1990 0.1998 0.1957 0.2080 
         602  1 0.2067 0.1993 0.1998 0.2033 0.1910 
         603  1 0.2085 0.1991 0.1971 0.1954 0.2000 
         604  1 0.1954 0.1945 0.2093 0.1988 0.2021 
         605  1 0.1952 0.1981 0.2067 0.1984 0.2016 
         606  1 0.2050 0.1984 0.1965 0.2000 0.2000 
         607  1 0.1923 0.1937 0.2047 0.2075 0.2018 
         608  1 0.1895 0.2018 0.2054 0.2017 0.2016 
         609  1 0.2008 0.2036 0.2062 0.1966 0.1927 
         610  1 0.1934 0.2025 0.2026 0.2031 0.1985 
         611  1 0.1982 0.1931 0.2054 0.2034 0.2000 
         612  1 0.1994 0.1998 0.2026 0.1957 0.2024 
         613  1 0.2001 0.2040 0.1981 0.1987 0.1992 
         614  1 0.1980 0.2000 0.1967 0.1990 0.2063 
         615  1 0.2029 0.2024 0.1943 0.2012 0.1992 
         616  1 0.2043 0.1984 0.1953 0.2055 0.1966 
         617  1 0.2003 0.2000 0.1993 0.1958 0.2046 
         618  1 0.2035 0.1947 0.2046 0.1925 0.2046 
         619  1 0.1956 0.1971 0.2086 0.1974 0.2012 
         620  1 0.1927 0.2009 0.2003 0.2020 0.2041 
         621  1 0.2042 0.1986 0.1986 0.1989 0.1998 
         622  1 0.2056 0.1909 0.2099 0.2016 0.1920 
         623  1 0.2002 0.2021 0.1987 0.2001 0.1990 
         624  1 0.2046 0.1977 0.1980 0.1977 0.2020 
         625  1 0.2029 0.2107 0.1953 0.2001 0.1911 
         626  1 0.2196 0.2142 0.1914 0.1967 0.1782 
         627  1 0.1962 0.1981 0.1978 0.2041 0.2038 
         628  1 0.1879 0.2028 0.2065 0.1989 0.2038 
         629  1 0.2064 0.1997 0.2022 0.1962 0.1956 
         630  1 0.1979 0.1967 0.2006 0.2022 0.2026 
         631  1 0.1984 0.1950 0.2103 0.2013 0.1951 
         632  1 0.2073 0.2063 0.1966 0.1999 0.1900 
         633  1 0.1946 0.2121 0.1895 0.1926 0.2112 
         634  1 0.2074 0.1955 0.1993 0.1972 0.2006 
         635  1 0.1927 0.1919 0.2080 0.2051 0.2023 
         636  1 0.2132 0.2005 0.1982 0.1964 0.1916 
         637  1 0.2019 0.2073 0.1939 0.2003 0.1965 
         638  1 0.2015 0.1999 0.1989 0.1971 0.2025 
         639  1 0.2010 0.1984 0.1994 0.1962 0.2049 
         640  1 0.2081 0.2064 0.1999 0.1980 0.1875 
         641  1 0.2086 0.1907 0.2027 0.1985 0.1994 
         642  1 0.2007 0.1981 0.1992 0.1983 0.2038 
         643  1 0.1976 0.2107 0.1903 0.2041 0.1972 
         644  1 0.1938 0.1984 0.1970 0.2037 0.2070 
         645  1 0.1947 0.1951 0.2104 0.1987 0.2012 
         646  1 0.2010 0.1926 0.1971 0.2024 0.2068 
         647  1 0.1925 0.1993 0.2045 0.2029 0.2009 
         648  1 0.2009 0.2048 0.1986 0.2007 0.1950 
         649  1 0.2028 0.1991 0.1998 0.1960 0.2024 
         650  1 0.1924 0.1989 0.1976 0.2050 0.2061 
         651  1 0.2212 0.2028 0.1932 0.1934 0.1893 
         652  1 0.1880 0.2063 0.1991 0.1947 0.2119 
         653  1 0.1942 0.1990 0.2032 0.2006 0.2031 
         654  1 0.1999 0.2045 0.1952 0.2022 0.1982 
         655  1 0.2023 0.1972 0.2022 0.2014 0.1969 
         656  1 0.1963 0.2007 0.2098 0.1954 0.1979 
         657  1 0.2022 0.1986 0.2031 0.2036 0.1925 
         658  1 0.1983 0.1996 0.2043 0.2028 0.1950 
         659  1 0.2036 0.2023 0.1943 0.1980 0.2018 
         660  1 0.2010 0.2019 0.2002 0.1948 0.2022 
         661  1 0.2008 0.2033 0.2063 0.1924 0.1972 
         662  1 0.1944 0.1966 0.2023 0.1985 0.2082 
         663  1 0.2145 0.2052 0.1967 0.1965 0.1871 
         664  1 0.2021 0.2102 0.1937 0.2007 0.1932 
         665  1 0.2028 0.2032 0.1967 0.2018 0.1956 
         666  1 0.1953 0.1998 0.1986 0.2032 0.2030 
         667  1 0.2044 0.1988 0.1982 0.1991 0.1995 
         668  1 0.1996 0.1947 0.1982 0.2065 0.2010 
         669  1 0.2003 0.1956 0.1966 0.2010 0.2065 
         670  1 0.1977 0.2000 0.2034 0.1989 0.2001 
         671  1 0.1947 0.1886 0.2109 0.1983 0.2075 
         672  1 0.1962 0.2104 0.1950 0.2004 0.1980 
         673  1 0.2037 0.1947 0.2045 0.1983 0.1987 
         674  1 0.2055 0.2075 0.1925 0.1966 0.1978 
         675  1 0.1938 0.1922 0.2139 0.1984 0.2016 
         676  1 0.1935 0.2052 0.1984 0.2028 0.2001 
         677  1 0.2038 0.2069 0.1936 0.2003 0.1954 
         678  1 0.2018 0.2109 0.1945 0.1969 0.1958 
         679  1 0.2021 0.1986 0.2017 0.2039 0.1936 
         680  1 0.1891 0.2025 0.2012 0.2002 0.2070 
         681  1 0.2049 0.1991 0.1986 0.1924 0.2050 
         682  1 0.1974 0.1935 0.1957 0.2024 0.2110 
         683  1 0.2000 0.2049 0.1987 0.1968 0.1996 
         684  1 0.1967 0.2010 0.1990 0.2021 0.2011 
         685  1 0.2042 0.2064 0.1956 0.1998 0.1940 
         686  1 0.2019 0.2030 0.1982 0.1975 0.1994 
         687  1 0.2019 0.2047 0.1963 0.1986 0.1984 
         688  1 0.2077 0.2086 0.1937 0.1945 0.1954 
         689  1 0.2043 0.2029 0.1973 0.2004 0.1951 
         690  1 0.2104 0.1964 0.1990 0.1990 0.1951 
         691  1 0.1986 0.2078 0.1964 0.2002 0.1971 
         692  1 0.1979 0.1995 0.1965 0.2040 0.2020 
         693  1 0.1904 0.2022 0.1989 0.1981 0.2103 
         694  1 0.1979 0.2004 0.2025 0.2022 0.1970 
         695  1 0.1994 0.1908 0.2108 0.2023 0.1968 
         696  1 0.2060 0.1987 0.1989 0.2009 0.1955 
         697  1 0.1888 0.1881 0.2210 0.2038 0.1983 
         698  1 0.2019 0.2018 0.1975 0.1980 0.2008 
         699  1 0.2003 0.1989 0.2061 0.1989 0.1958 
         700  1 0.2025 0.2039 0.2003 0.1960 0.1973 
         701  1 0.2079 0.1934 0.2012 0.2071 0.1904 
         702  1 0.2025 0.1880 0.2041 0.2024 0.2031 
         703  1 0.1884 0.1972 0.2044 0.2013 0.2087 
         704  1 0.2125 0.2086 0.1951 0.1896 0.1941 
         705  1 0.2003 0.2004 0.2001 0.1996 0.1996 
         706  1 0.2025 0.2081 0.1942 0.1917 0.2035 
         707  1 0.2014 0.2033 0.1933 0.2026 0.1994 
         708  1 0.1979 0.1944 0.2037 0.2035 0.2004 
         709  1 0.1922 0.1941 0.2076 0.2069 0.1992 
         710  1 0.1950 0.1996 0.2015 0.2020 0.2018 
         711  1 0.2014 0.2002 0.1982 0.2003 0.1999 
         712  1 0.1919 0.2056 0.1967 0.2079 0.1979 
         713  1 0.1927 0.1998 0.1980 0.2054 0.2041 
         714  1 0.2069 0.1926 0.2002 0.2021 0.1982 
         715  1 0.1974 0.1990 0.1978 0.2010 0.2047 
         716  1 0.1979 0.2018 0.1955 0.2004 0.2044 
         717  1 0.1900 0.2031 0.2052 0.2072 0.1945 
         718  1 0.1959 0.1908 0.2108 0.2094 0.1931 
         719  1 0.2003 0.2096 0.1958 0.1907 0.2036 
         720  1 0.2060 0.2036 0.1972 0.1941 0.1991 
         721  1 0.1942 0.1848 0.2089 0.2065 0.2055 
         722  1 0.1954 0.2003 0.1950 0.2057 0.2036 
         723  1 0.1979 0.1985 0.2105 0.1943 0.1988 
         724  1 0.1950 0.2031 0.1984 0.2023 0.2012 
         725  1 0.1994 0.1950 0.2045 0.1996 0.2015 
         726  1 0.2038 0.2025 0.1956 0.1992 0.1990 
         727  1 0.1992 0.2003 0.2031 0.1988 0.1986 
         728  1 0.1961 0.1986 0.1984 0.2004 0.2065 
         729  1 0.1998 0.2006 0.1993 0.1985 0.2019 
         730  1 0.2038 0.2096 0.2009 0.2019 0.1837 
         731  1 0.1952 0.1938 0.2070 0.2015 0.2026 
         732  1 0.2004 0.2018 0.1960 0.2000 0.2018 
         733  1 0.2049 0.2004 0.1960 0.2007 0.1979 
         734  1 0.2070 0.1958 0.1999 0.1976 0.1997 
         735  1 0.2044 0.1912 0.2018 0.1991 0.2035 
         736  1 0.2054 0.2041 0.1975 0.1969 0.1960 
         737  1 0.2111 0.1956 0.1975 0.1920 0.2038 
         738  1 0.1947 0.1883 0.2042 0.2063 0.2065 
         739  1 0.1967 0.1995 0.1998 0.2025 0.2015 
         740  1 0.1826 0.2018 0.2047 0.2048 0.2061 
         741  1 0.1963 0.1978 0.2027 0.2073 0.1959 
         742  1 0.1955 0.1943 0.2011 0.2053 0.2038 
         743  1 0.2022 0.1983 0.1939 0.2055 0.2002 
         744  1 0.2030 0.1988 0.1948 0.2023 0.2012 
         745  1 0.2014 0.1971 0.2023 0.2000 0.1993 
         746  1 0.2088 0.1981 0.1956 0.1933 0.2042 
         747  1 0.2096 0.1993 0.1965 0.2000 0.1945 
         748  1 0.1977 0.2017 0.1963 0.1963 0.2080 
         749  1 0.2053 0.1894 0.2067 0.1981 0.2005 
         750  1 0.2065 0.2023 0.1955 0.1975 0.1981 
         751  1 0.2126 0.1966 0.2054 0.1946 0.1908 
         752  1 0.2001 0.1953 0.2021 0.1939 0.2086 
         753  1 0.1945 0.2012 0.2006 0.2110 0.1927 
         754  1 0.2127 0.1868 0.2078 0.2000 0.1928 
         755  1 0.2017 0.2025 0.2017 0.1962 0.1979 
         756  1 0.1981 0.1978 0.1978 0.1976 0.2087 
         757  1 0.2047 0.1996 0.2000 0.1972 0.1985 
         758  1 0.1992 0.2060 0.1961 0.1992 0.1995 
         759  1 0.2007 0.2001 0.1993 0.2021 0.1978 
         760  1 0.2010 0.2026 0.1988 0.1992 0.1984 
         761  1 0.2034 0.2033 0.1978 0.1988 0.1966 
         762  1 0.1976 0.1982 0.2046 0.2028 0.1969 
         763  1 0.2006 0.2049 0.1982 0.2003 0.1961 
         764  1 0.1980 0.2000 0.1988 0.2051 0.1981 
         765  1 0.2029 0.1932 0.2029 0.2026 0.1984 
         766  1 0.2006 0.2046 0.1976 0.2000 0.1973 
         767  1 0.1989 0.1958 0.2012 0.2062 0.1979 
         768  1 0.2030 0.1980 0.2000 0.2006 0.1983 
         769  1 0.1934 0.1953 0.2018 0.2042 0.2053 
