           1  1 0.1269 0.1225 0.1235 0.1229 0.1259 0.1258 0.1278 0.1248 
           2  1 0.1244 0.1247 0.1318 0.1216 0.1265 0.1251 0.1207 0.1252 
           3  1 0.1249 0.1273 0.1230 0.1254 0.1235 0.1299 0.1240 0.1219 
           4  1 0.1302 0.1248 0.1226 0.1260 0.1239 0.1246 0.1241 0.1239 
           5  1 0.1236 0.1262 0.1283 0.1200 0.1250 0.1253 0.1259 0.1257 
           6  1 0.1224 0.1238 0.1311 0.1224 0.1260 0.1243 0.1256 0.1244 
           7  1 0.1277 0.1241 0.1248 0.1265 0.1242 0.1231 0.1253 0.1243 
           8  1 0.1254 0.1229 0.1243 0.1277 0.1241 0.1295 0.1241 0.1219 
           9  1 0.1253 0.1293 0.1244 0.1252 0.1247 0.1234 0.1223 0.1254 
          10  1 0.1264 0.1232 0.1228 0.1238 0.1252 0.1233 0.1300 0.1252 
          11  1 0.1211 0.1267 0.1251 0.1222 0.1256 0.1223 0.1259 0.1311 
          12  1 0.1240 0.1267 0.1235 0.1250 0.1238 0.1258 0.1228 0.1284 
          13  1 0.1203 0.1246 0.1286 0.1244 0.1275 0.1240 0.1263 0.1244 
          14  1 0.1232 0.1240 0.1256 0.1226 0.1255 0.1289 0.1272 0.1231 
          15  1 0.1270 0.1232 0.1259 0.1245 0.1255 0.1252 0.1245 0.1243 
          16  1 0.1241 0.1241 0.1267 0.1197 0.1253 0.1251 0.1286 0.1264 
          17  1 0.1240 0.1257 0.1235 0.1266 0.1245 0.1247 0.1246 0.1266 
          18  1 0.1243 0.1275 0.1254 0.1269 0.1237 0.1246 0.1219 0.1257 
          19  1 0.1248 0.1245 0.1268 0.1244 0.1244 0.1243 0.1251 0.1257 
          20  1 0.1248 0.1273 0.1272 0.1216 0.1247 0.1230 0.1277 0.1237 
          21  1 0.1245 0.1242 0.1244 0.1250 0.1257 0.1282 0.1249 0.1230 
          22  1 0.1203 0.1260 0.1274 0.1250 0.1274 0.1244 0.1233 0.1263 
          23  1 0.1251 0.1241 0.1290 0.1215 0.1274 0.1243 0.1220 0.1267 
          24  1 0.1321 0.1219 0.1211 0.1246 0.1254 0.1259 0.1250 0.1239 
          25  1 0.1274 0.1232 0.1230 0.1240 0.1242 0.1261 0.1268 0.1254 
          26  1 0.1264 0.1253 0.1248 0.1231 0.1234 0.1233 0.1269 0.1266 
          27  1 0.1242 0.1240 0.1270 0.1295 0.1269 0.1230 0.1232 0.1222 
          28  1 0.1263 0.1257 0.1215 0.1225 0.1242 0.1279 0.1262 0.1257 
          29  1 0.1263 0.1244 0.1253 0.1221 0.1231 0.1249 0.1246 0.1292 
          30  1 0.1291 0.1235 0.1236 0.1228 0.1254 0.1261 0.1241 0.1255 
          31  1 0.1227 0.1245 0.1250 0.1242 0.1262 0.1274 0.1265 0.1235 
          32  1 0.1282 0.1260 0.1231 0.1244 0.1230 0.1265 0.1232 0.1258 
          33  1 0.1231 0.1286 0.1228 0.1301 0.1228 0.1256 0.1245 0.1227 
          34  1 0.1259 0.1264 0.1240 0.1223 0.1260 0.1227 0.1269 0.1258 
          35  1 0.1249 0.1234 0.1249 0.1257 0.1270 0.1258 0.1258 0.1225 
          36  1 0.1241 0.1241 0.1263 0.1260 0.1265 0.1248 0.1234 0.1248 
          37  1 0.1231 0.1260 0.1278 0.1272 0.1250 0.1214 0.1231 0.1264 
          38  1 0.1217 0.1240 0.1283 0.1268 0.1272 0.1244 0.1228 0.1248 
          39  1 0.1257 0.1233 0.1216 0.1262 0.1210 0.1284 0.1268 0.1270 
          40  1 0.1222 0.1250 0.1268 0.1276 0.1266 0.1239 0.1250 0.1228 
          41  1 0.1224 0.1260 0.1259 0.1257 0.1237 0.1271 0.1241 0.1251 
          42  1 0.1234 0.1262 0.1277 0.1275 0.1250 0.1238 0.1222 0.1242 
          43  1 0.1251 0.1238 0.1246 0.1280 0.1251 0.1262 0.1253 0.1219 
          44  1 0.1256 0.1266 0.1243 0.1232 0.1253 0.1227 0.1278 0.1247 
          45  1 0.1230 0.1269 0.1280 0.1207 0.1277 0.1246 0.1252 0.1240 
          46  1 0.1273 0.1248 0.1236 0.1266 0.1255 0.1277 0.1224 0.1221 
          47  1 0.1244 0.1235 0.1252 0.1238 0.1254 0.1264 0.1257 0.1255 
          48  1 0.1226 0.1240 0.1254 0.1262 0.1266 0.1248 0.1255 0.1250 
          49  1 0.1235 0.1249 0.1256 0.1241 0.1260 0.1234 0.1250 0.1274 
          50  1 0.1214 0.1246 0.1261 0.1211 0.1273 0.1286 0.1240 0.1269 
          51  1 0.1259 0.1282 0.1244 0.1267 0.1239 0.1232 0.1243 0.1234 
          52  1 0.1217 0.1241 0.1260 0.1225 0.1246 0.1229 0.1304 0.1278 
          53  1 0.1231 0.1238 0.1248 0.1236 0.1248 0.1218 0.1309 0.1272 
          54  1 0.1233 0.1247 0.1252 0.1260 0.1254 0.1231 0.1245 0.1279 
          55  1 0.1257 0.1269 0.1213 0.1235 0.1232 0.1265 0.1246 0.1282 
          56  1 0.1230 0.1226 0.1255 0.1229 0.1237 0.1280 0.1281 0.1262 
          57  1 0.1252 0.1273 0.1208 0.1265 0.1206 0.1257 0.1260 0.1280 
          58  1 0.1257 0.1273 0.1245 0.1253 0.1246 0.1220 0.1266 0.1239 
          59  1 0.1237 0.1236 0.1303 0.1269 0.1263 0.1185 0.1220 0.1287 
          60  1 0.1265 0.1261 0.1241 0.1229 0.1252 0.1245 0.1266 0.1243 
          61  1 0.1261 0.1232 0.1239 0.1246 0.1241 0.1263 0.1275 0.1243 
          62  1 0.1228 0.1246 0.1236 0.1283 0.1237 0.1286 0.1247 0.1238 
          63  1 0.1243 0.1240 0.1271 0.1257 0.1255 0.1248 0.1243 0.1243 
          64  1 0.1250 0.1277 0.1223 0.1237 0.1241 0.1215 0.1260 0.1297 
          65  1 0.1249 0.1269 0.1250 0.1225 0.1251 0.1276 0.1240 0.1240 
          66  1 0.1293 0.1236 0.1238 0.1274 0.1219 0.1291 0.1223 0.1227 
          67  1 0.1275 0.1259 0.1224 0.1244 0.1237 0.1248 0.1244 0.1269 
          68  1 0.1237 0.1249 0.1250 0.1279 0.1245 0.1257 0.1243 0.1240 
          69  1 0.1232 0.1264 0.1249 0.1254 0.1245 0.1260 0.1229 0.1266 
          70  1 0.1260 0.1248 0.1240 0.1241 0.1228 0.1247 0.1266 0.1270 
          71  1 0.1245 0.1283 0.1305 0.1205 0.1246 0.1248 0.1218 0.1251 
          72  1 0.1266 0.1253 0.1243 0.1240 0.1232 0.1257 0.1258 0.1251 
          73  1 0.1268 0.1268 0.1219 0.1243 0.1216 0.1264 0.1255 0.1268 
          74  1 0.1223 0.1259 0.1263 0.1264 0.1261 0.1227 0.1267 0.1235 
          75  1 0.1226 0.1250 0.1258 0.1320 0.1264 0.1268 0.1201 0.1212 
          76  1 0.1244 0.1249 0.1257 0.1231 0.1250 0.1275 0.1244 0.1249 
          77  1 0.1215 0.1265 0.1279 0.1234 0.1262 0.1240 0.1234 0.1271 
          78  1 0.1242 0.1233 0.1281 0.1250 0.1270 0.1228 0.1238 0.1259 
          79  1 0.1240 0.1223 0.1272 0.1249 0.1269 0.1252 0.1252 0.1244 
          80  1 0.1255 0.1262 0.1233 0.1281 0.1263 0.1273 0.1223 0.1210 
          81  1 0.1232 0.1266 0.1225 0.1247 0.1244 0.1286 0.1244 0.1256 
          82  1 0.1236 0.1242 0.1269 0.1257 0.1249 0.1254 0.1240 0.1253 
          83  1 0.1256 0.1266 0.1259 0.1246 0.1258 0.1216 0.1230 0.1270 
          84  1 0.1257 0.1234 0.1257 0.1272 0.1248 0.1261 0.1247 0.1224 
          85  1 0.1272 0.1219 0.1242 0.1252 0.1264 0.1264 0.1265 0.1221 
          86  1 0.1238 0.1247 0.1234 0.1230 0.1243 0.1273 0.1263 0.1272 
          87  1 0.1247 0.1264 0.1271 0.1288 0.1252 0.1226 0.1223 0.1228 
          88  1 0.1261 0.1245 0.1258 0.1211 0.1249 0.1245 0.1275 0.1258 
          89  1 0.1238 0.1252 0.1225 0.1288 0.1247 0.1249 0.1280 0.1221 
          90  1 0.1285 0.1254 0.1217 0.1245 0.1246 0.1254 0.1246 0.1254 
          91  1 0.1241 0.1288 0.1248 0.1250 0.1239 0.1228 0.1218 0.1288 
          92  1 0.1237 0.1242 0.1209 0.1294 0.1233 0.1302 0.1256 0.1228 
          93  1 0.1228 0.1254 0.1232 0.1281 0.1252 0.1259 0.1253 0.1241 
          94  1 0.1291 0.1250 0.1245 0.1203 0.1237 0.1225 0.1285 0.1265 
          95  1 0.1268 0.1238 0.1254 0.1222 0.1238 0.1233 0.1275 0.1273 
          96  1 0.1243 0.1238 0.1256 0.1255 0.1253 0.1280 0.1233 0.1243 
          97  1 0.1243 0.1273 0.1216 0.1258 0.1232 0.1267 0.1245 0.1266 
          98  1 0.1239 0.1270 0.1231 0.1255 0.1246 0.1241 0.1244 0.1273 
          99  1 0.1238 0.1275 0.1258 0.1255 0.1248 0.1263 0.1219 0.1243 
         100  1 0.1266 0.1268 0.1244 0.1277 0.1239 0.1260 0.1211 0.1233 
         101  1 0.1229 0.1260 0.1217 0.1248 0.1251 0.1265 0.1277 0.1255 
         102  1 0.1235 0.1244 0.1226 0.1277 0.1258 0.1264 0.1281 0.1216 
         103  1 0.1245 0.1278 0.1238 0.1247 0.1236 0.1250 0.1237 0.1268 
         104  1 0.1226 0.1258 0.1237 0.1251 0.1266 0.1257 0.1245 0.1261 
         105  1 0.1237 0.1254 0.1232 0.1261 0.1237 0.1261 0.1267 0.1251 
         106  1 0.1278 0.1225 0.1231 0.1248 0.1237 0.1233 0.1294 0.1253 
         107  1 0.1303 0.1270 0.1239 0.1259 0.1248 0.1211 0.1240 0.1231 
         108  1 0.1265 0.1223 0.1286 0.1260 0.1255 0.1225 0.1235 0.1251 
         109  1 0.1315 0.1212 0.1235 0.1248 0.1271 0.1301 0.1209 0.1209 
         110  1 0.1221 0.1239 0.1289 0.1259 0.1292 0.1251 0.1200 0.1249 
         111  1 0.1276 0.1252 0.1270 0.1214 0.1251 0.1254 0.1257 0.1227 
         112  1 0.1267 0.1250 0.1229 0.1259 0.1231 0.1246 0.1258 0.1259 
         113  1 0.1240 0.1246 0.1282 0.1247 0.1264 0.1238 0.1244 0.1240 
         114  1 0.1224 0.1248 0.1260 0.1234 0.1249 0.1262 0.1261 0.1261 
         115  1 0.1226 0.1251 0.1248 0.1256 0.1266 0.1254 0.1255 0.1244 
         116  1 0.1225 0.1250 0.1272 0.1245 0.1265 0.1234 0.1248 0.1261 
         117  1 0.1255 0.1284 0.1211 0.1225 0.1251 0.1234 0.1243 0.1298 
         118  1 0.1242 0.1242 0.1229 0.1269 0.1260 0.1247 0.1256 0.1256 
         119  1 0.1255 0.1259 0.1236 0.1241 0.1244 0.1247 0.1246 0.1273 
         120  1 0.1241 0.1233 0.1271 0.1264 0.1253 0.1267 0.1223 0.1248 
         121  1 0.1249 0.1241 0.1229 0.1236 0.1255 0.1260 0.1272 0.1258 
         122  1 0.1263 0.1243 0.1252 0.1240 0.1233 0.1257 0.1252 0.1259 
         123  1 0.1275 0.1243 0.1225 0.1242 0.1244 0.1270 0.1247 0.1255 
         124  1 0.1248 0.1288 0.1262 0.1206 0.1257 0.1194 0.1282 0.1263 
         125  1 0.1283 0.1247 0.1262 0.1272 0.1239 0.1259 0.1220 0.1218 
         126  1 0.1272 0.1237 0.1258 0.1210 0.1236 0.1250 0.1282 0.1254 
         127  1 0.1246 0.1257 0.1251 0.1234 0.1260 0.1242 0.1259 0.1251 
         128  1 0.1210 0.1261 0.1223 0.1299 0.1242 0.1269 0.1255 0.1240 
         129  1 0.1246 0.1220 0.1282 0.1250 0.1264 0.1218 0.1247 0.1273 
         130  1 0.1234 0.1235 0.1268 0.1262 0.1271 0.1236 0.1252 0.1240 
         131  1 0.1301 0.1257 0.1220 0.1240 0.1261 0.1243 0.1226 0.1251 
         132  1 0.1258 0.1251 0.1309 0.1227 0.1241 0.1250 0.1245 0.1219 
         133  1 0.1246 0.1240 0.1250 0.1287 0.1269 0.1254 0.1229 0.1224 
         134  1 0.1276 0.1234 0.1223 0.1283 0.1246 0.1283 0.1245 0.1211 
         135  1 0.1284 0.1255 0.1213 0.1246 0.1222 0.1237 0.1283 0.1261 
         136  1 0.1280 0.1247 0.1237 0.1260 0.1235 0.1244 0.1258 0.1238 
         137  1 0.1272 0.1241 0.1245 0.1217 0.1241 0.1248 0.1251 0.1285 
         138  1 0.1243 0.1229 0.1281 0.1247 0.1261 0.1232 0.1240 0.1267 
         139  1 0.1239 0.1260 0.1263 0.1224 0.1260 0.1244 0.1237 0.1273 
         140  1 0.1214 0.1257 0.1246 0.1251 0.1267 0.1245 0.1259 0.1261 
         141  1 0.1247 0.1222 0.1269 0.1244 0.1273 0.1251 0.1263 0.1232 
         142  1 0.1252 0.1253 0.1233 0.1246 0.1226 0.1259 0.1238 0.1292 
         143  1 0.1247 0.1246 0.1261 0.1201 0.1248 0.1265 0.1264 0.1268 
         144  1 0.1312 0.1240 0.1223 0.1244 0.1224 0.1277 0.1240 0.1240 
         145  1 0.1254 0.1288 0.1229 0.1267 0.1226 0.1273 0.1217 0.1247 
         146  1 0.1238 0.1250 0.1247 0.1255 0.1269 0.1235 0.1230 0.1276 
         147  1 0.1247 0.1237 0.1241 0.1254 0.1255 0.1274 0.1260 0.1233 
         148  1 0.1238 0.1251 0.1237 0.1233 0.1251 0.1255 0.1285 0.1250 
         149  1 0.1253 0.1253 0.1250 0.1234 0.1257 0.1267 0.1246 0.1241 
         150  1 0.1244 0.1242 0.1251 0.1251 0.1271 0.1240 0.1231 0.1269 
         151  1 0.1220 0.1252 0.1263 0.1287 0.1253 0.1228 0.1239 0.1257 
         152  1 0.1251 0.1235 0.1290 0.1255 0.1255 0.1218 0.1235 0.1260 
         153  1 0.1252 0.1255 0.1277 0.1289 0.1247 0.1231 0.1217 0.1233 
         154  1 0.1262 0.1232 0.1228 0.1265 0.1249 0.1269 0.1268 0.1227 
         155  1 0.1246 0.1243 0.1235 0.1261 0.1246 0.1259 0.1268 0.1243 
         156  1 0.1260 0.1255 0.1237 0.1240 0.1259 0.1227 0.1253 0.1268 
         157  1 0.1261 0.1220 0.1253 0.1244 0.1272 0.1284 0.1253 0.1213 
         158  1 0.1264 0.1260 0.1244 0.1252 0.1241 0.1267 0.1235 0.1236 
         159  1 0.1257 0.1238 0.1249 0.1243 0.1236 0.1294 0.1250 0.1233 
         160  1 0.1222 0.1238 0.1290 0.1245 0.1271 0.1252 0.1238 0.1244 
         161  1 0.1246 0.1242 0.1244 0.1282 0.1262 0.1260 0.1226 0.1238 
         162  1 0.1254 0.1243 0.1233 0.1250 0.1239 0.1255 0.1261 0.1263 
         163  1 0.1262 0.1247 0.1234 0.1223 0.1237 0.1233 0.1290 0.1273 
         164  1 0.1219 0.1235 0.1307 0.1252 0.1258 0.1235 0.1260 0.1234 
         165  1 0.1235 0.1264 0.1256 0.1237 0.1265 0.1246 0.1236 0.1260 
         166  1 0.1258 0.1268 0.1245 0.1235 0.1223 0.1235 0.1259 0.1278 
         167  1 0.1236 0.1248 0.1288 0.1267 0.1270 0.1231 0.1222 0.1239 
         168  1 0.1267 0.1291 0.1247 0.1247 0.1218 0.1247 0.1227 0.1255 
         169  1 0.1226 0.1233 0.1231 0.1214 0.1249 0.1252 0.1313 0.1282 
         170  1 0.1230 0.1245 0.1248 0.1240 0.1251 0.1258 0.1275 0.1253 
         171  1 0.1253 0.1226 0.1238 0.1270 0.1227 0.1276 0.1262 0.1248 
         172  1 0.1225 0.1234 0.1287 0.1212 0.1271 0.1224 0.1272 0.1276 
         173  1 0.1234 0.1248 0.1255 0.1247 0.1254 0.1270 0.1239 0.1254 
         174  1 0.1251 0.1237 0.1276 0.1250 0.1264 0.1247 0.1233 0.1241 
         175  1 0.1244 0.1260 0.1268 0.1227 0.1240 0.1238 0.1259 0.1263 
         176  1 0.1263 0.1244 0.1232 0.1230 0.1242 0.1251 0.1278 0.1260 
         177  1 0.1256 0.1238 0.1265 0.1268 0.1256 0.1253 0.1226 0.1238 
         178  1 0.1257 0.1259 0.1232 0.1244 0.1242 0.1255 0.1242 0.1269 
         179  1 0.1269 0.1267 0.1234 0.1268 0.1240 0.1278 0.1245 0.1198 
         180  1 0.1221 0.1269 0.1300 0.1209 0.1267 0.1240 0.1251 0.1244 
         181  1 0.1225 0.1266 0.1239 0.1249 0.1248 0.1259 0.1252 0.1262 
         182  1 0.1262 0.1258 0.1265 0.1245 0.1249 0.1240 0.1218 0.1262 
         183  1 0.1228 0.1247 0.1282 0.1237 0.1267 0.1236 0.1231 0.1272 
         184  1 0.1237 0.1250 0.1262 0.1249 0.1252 0.1250 0.1246 0.1254 
         185  1 0.1235 0.1262 0.1260 0.1263 0.1241 0.1247 0.1247 0.1245 
         186  1 0.1245 0.1259 0.1257 0.1248 0.1247 0.1233 0.1252 0.1258 
         187  1 0.1269 0.1242 0.1230 0.1242 0.1269 0.1238 0.1276 0.1235 
         188  1 0.1222 0.1251 0.1269 0.1262 0.1263 0.1252 0.1261 0.1219 
         189  1 0.1231 0.1243 0.1264 0.1283 0.1274 0.1237 0.1239 0.1229 
         190  1 0.1218 0.1248 0.1281 0.1237 0.1271 0.1219 0.1240 0.1286 
         191  1 0.1222 0.1266 0.1283 0.1220 0.1261 0.1269 0.1245 0.1234 
         192  1 0.1259 0.1234 0.1244 0.1245 0.1252 0.1258 0.1262 0.1247 
         193  1 0.1266 0.1262 0.1211 0.1290 0.1238 0.1275 0.1239 0.1220 
         194  1 0.1259 0.1257 0.1248 0.1235 0.1249 0.1272 0.1238 0.1242 
         195  1 0.1270 0.1261 0.1221 0.1251 0.1247 0.1256 0.1243 0.1250 
         196  1 0.1247 0.1243 0.1246 0.1242 0.1249 0.1240 0.1275 0.1258 
         197  1 0.1260 0.1242 0.1214 0.1253 0.1242 0.1249 0.1286 0.1253 
         198  1 0.1237 0.1265 0.1279 0.1230 0.1253 0.1258 0.1242 0.1236 
         199  1 0.1242 0.1262 0.1240 0.1252 0.1255 0.1274 0.1253 0.1222 
         200  1 0.1253 0.1247 0.1263 0.1259 0.1259 0.1250 0.1230 0.1239 
         201  1 0.1268 0.1283 0.1222 0.1256 0.1217 0.1271 0.1241 0.1241 
         202  1 0.1248 0.1241 0.1278 0.1243 0.1249 0.1232 0.1250 0.1259 
         203  1 0.1207 0.1254 0.1286 0.1233 0.1274 0.1235 0.1253 0.1258 
         204  1 0.1261 0.1243 0.1250 0.1248 0.1245 0.1248 0.1264 0.1242 
         205  1 0.1234 0.1240 0.1290 0.1285 0.1268 0.1240 0.1211 0.1232 
         206  1 0.1230 0.1233 0.1278 0.1242 0.1281 0.1243 0.1236 0.1255 
         207  1 0.1264 0.1268 0.1227 0.1244 0.1242 0.1225 0.1277 0.1253 
         208  1 0.1286 0.1233 0.1205 0.1250 0.1240 0.1261 0.1261 0.1264 
         209  1 0.1235 0.1251 0.1244 0.1233 0.1246 0.1240 0.1274 0.1276 
         210  1 0.1266 0.1212 0.1227 0.1251 0.1217 0.1294 0.1286 0.1247 
         211  1 0.1306 0.1219 0.1239 0.1253 0.1220 0.1293 0.1256 0.1213 
         212  1 0.1232 0.1267 0.1232 0.1270 0.1235 0.1281 0.1237 0.1247 
         213  1 0.1204 0.1248 0.1308 0.1284 0.1280 0.1212 0.1205 0.1258 
         214  1 0.1309 0.1241 0.1181 0.1234 0.1188 0.1282 0.1294 0.1270 
         215  1 0.1261 0.1231 0.1252 0.1201 0.1228 0.1262 0.1289 0.1275 
         216  1 0.1216 0.1256 0.1248 0.1233 0.1261 0.1262 0.1265 0.1259 
         217  1 0.1240 0.1229 0.1256 0.1267 0.1256 0.1265 0.1228 0.1258 
         218  1 0.1205 0.1256 0.1342 0.1234 0.1288 0.1241 0.1222 0.1212 
         219  1 0.1253 0.1240 0.1292 0.1268 0.1258 0.1236 0.1226 0.1227 
         220  1 0.1262 0.1240 0.1262 0.1277 0.1250 0.1264 0.1227 0.1217 
         221  1 0.1267 0.1264 0.1207 0.1266 0.1242 0.1265 0.1239 0.1251 
         222  1 0.1239 0.1264 0.1267 0.1272 0.1247 0.1215 0.1251 0.1247 
         223  1 0.1267 0.1269 0.1238 0.1248 0.1250 0.1211 0.1257 0.1261 
         224  1 0.1260 0.1234 0.1241 0.1223 0.1256 0.1227 0.1281 0.1278 
         225  1 0.1221 0.1245 0.1258 0.1259 0.1269 0.1239 0.1243 0.1266 
         226  1 0.1244 0.1242 0.1247 0.1270 0.1257 0.1256 0.1253 0.1231 
         227  1 0.1256 0.1262 0.1228 0.1227 0.1255 0.1250 0.1269 0.1252 
         228  1 0.1259 0.1238 0.1248 0.1251 0.1259 0.1238 0.1246 0.1261 
         229  1 0.1238 0.1241 0.1243 0.1247 0.1243 0.1257 0.1273 0.1258 
         230  1 0.1255 0.1245 0.1231 0.1259 0.1223 0.1268 0.1254 0.1265 
         231  1 0.1254 0.1264 0.1224 0.1258 0.1231 0.1238 0.1251 0.1281 
         232  1 0.1270 0.1260 0.1229 0.1228 0.1252 0.1230 0.1250 0.1281 
         233  1 0.1271 0.1274 0.1269 0.1242 0.1228 0.1250 0.1242 0.1224 
         234  1 0.1224 0.1250 0.1248 0.1249 0.1252 0.1251 0.1266 0.1261 
         235  1 0.1220 0.1263 0.1265 0.1247 0.1242 0.1233 0.1231 0.1300 
         236  1 0.1244 0.1243 0.1228 0.1265 0.1246 0.1273 0.1265 0.1236 
         237  1 0.1260 0.1289 0.1240 0.1214 0.1216 0.1267 0.1233 0.1281 
         238  1 0.1261 0.1241 0.1205 0.1261 0.1215 0.1291 0.1296 0.1231 
         239  1 0.1218 0.1239 0.1237 0.1237 0.1255 0.1246 0.1299 0.1269 
         240  1 0.1226 0.1251 0.1295 0.1273 0.1272 0.1229 0.1222 0.1232 
         241  1 0.1253 0.1267 0.1214 0.1227 0.1232 0.1229 0.1269 0.1308 
         242  1 0.1293 0.1243 0.1215 0.1220 0.1235 0.1229 0.1287 0.1279 
         243  1 0.1246 0.1246 0.1290 0.1227 0.1277 0.1251 0.1226 0.1236 
         244  1 0.1221 0.1230 0.1299 0.1261 0.1282 0.1241 0.1218 0.1247 
         245  1 0.1219 0.1251 0.1280 0.1245 0.1263 0.1212 0.1263 0.1268 
         246  1 0.1221 0.1233 0.1250 0.1291 0.1272 0.1245 0.1269 0.1220 
         247  1 0.1228 0.1249 0.1261 0.1286 0.1270 0.1244 0.1229 0.1233 
         248  1 0.1231 0.1271 0.1229 0.1264 0.1229 0.1291 0.1267 0.1219 
         249  1 0.1286 0.1241 0.1251 0.1231 0.1256 0.1251 0.1243 0.1242 
         250  1 0.1212 0.1260 0.1284 0.1222 0.1269 0.1244 0.1247 0.1261 
         251  1 0.1226 0.1263 0.1265 0.1288 0.1257 0.1244 0.1231 0.1226 
         252  1 0.1244 0.1233 0.1247 0.1261 0.1256 0.1268 0.1251 0.1240 
         253  1 0.1272 0.1248 0.1232 0.1266 0.1253 0.1249 0.1250 0.1231 
         254  1 0.1266 0.1267 0.1270 0.1237 0.1235 0.1246 0.1240 0.1239 
         255  1 0.1261 0.1227 0.1255 0.1247 0.1270 0.1258 0.1250 0.1231 
         256  1 0.1246 0.1243 0.1262 0.1245 0.1264 0.1246 0.1264 0.1230 
         257  1 0.1246 0.1226 0.1274 0.1301 0.1275 0.1260 0.1205 0.1212 
         258  1 0.1295 0.1229 0.1231 0.1249 0.1245 0.1265 0.1259 0.1228 
         259  1 0.1255 0.1240 0.1225 0.1267 0.1261 0.1267 0.1248 0.1237 
         260  1 0.1238 0.1244 0.1262 0.1306 0.1268 0.1243 0.1228 0.1212 
         261  1 0.1256 0.1264 0.1256 0.1208 0.1253 0.1200 0.1255 0.1309 
         262  1 0.1257 0.1254 0.1269 0.1223 0.1223 0.1268 0.1247 0.1259 
         263  1 0.1236 0.1261 0.1219 0.1283 0.1234 0.1250 0.1255 0.1263 
         264  1 0.1225 0.1247 0.1277 0.1237 0.1264 0.1251 0.1244 0.1255 
         265  1 0.1251 0.1226 0.1247 0.1257 0.1251 0.1250 0.1258 0.1260 
         266  1 0.1210 0.1241 0.1313 0.1258 0.1281 0.1224 0.1223 0.1250 
         267  1 0.1280 0.1231 0.1207 0.1250 0.1231 0.1276 0.1273 0.1252 
         268  1 0.1278 0.1238 0.1239 0.1245 0.1238 0.1233 0.1275 0.1253 
         269  1 0.1314 0.1238 0.1222 0.1260 0.1227 0.1259 0.1240 0.1239 
         270  1 0.1224 0.1242 0.1299 0.1250 0.1260 0.1237 0.1217 0.1270 
         271  1 0.1228 0.1265 0.1238 0.1231 0.1244 0.1270 0.1273 0.1251 
         272  1 0.1244 0.1250 0.1225 0.1268 0.1259 0.1281 0.1240 0.1234 
         273  1 0.1241 0.1271 0.1230 0.1263 0.1240 0.1255 0.1254 0.1245 
         274  1 0.1245 0.1251 0.1218 0.1264 0.1241 0.1251 0.1267 0.1262 
         275  1 0.1272 0.1231 0.1258 0.1282 0.1267 0.1262 0.1218 0.1211 
         276  1 0.1224 0.1243 0.1346 0.1257 0.1275 0.1230 0.1195 0.1230 
         277  1 0.1236 0.1244 0.1258 0.1243 0.1268 0.1247 0.1255 0.1248 
         278  1 0.1305 0.1218 0.1228 0.1231 0.1237 0.1229 0.1284 0.1268 
         279  1 0.1242 0.1264 0.1257 0.1226 0.1258 0.1254 0.1254 0.1245 
         280  1 0.1287 0.1231 0.1238 0.1256 0.1235 0.1270 0.1257 0.1227 
         281  1 0.1238 0.1275 0.1212 0.1257 0.1235 0.1251 0.1246 0.1286 
         282  1 0.1249 0.1235 0.1230 0.1263 0.1240 0.1249 0.1272 0.1260 
         283  1 0.1240 0.1255 0.1278 0.1239 0.1246 0.1254 0.1240 0.1248 
         284  1 0.1237 0.1259 0.1278 0.1228 0.1253 0.1221 0.1222 0.1303 
         285  1 0.1265 0.1257 0.1245 0.1284 0.1225 0.1239 0.1238 0.1248 
         286  1 0.1259 0.1233 0.1239 0.1254 0.1275 0.1267 0.1238 0.1235 
         287  1 0.1232 0.1261 0.1234 0.1261 0.1239 0.1253 0.1254 0.1266 
         288  1 0.1238 0.1249 0.1255 0.1259 0.1253 0.1268 0.1230 0.1249 
         289  1 0.1263 0.1261 0.1207 0.1223 0.1225 0.1256 0.1263 0.1302 
         290  1 0.1274 0.1262 0.1231 0.1202 0.1273 0.1215 0.1247 0.1296 
         291  1 0.1279 0.1232 0.1252 0.1262 0.1220 0.1267 0.1240 0.1249 
         292  1 0.1224 0.1247 0.1245 0.1263 0.1266 0.1242 0.1246 0.1268 
         293  1 0.1254 0.1254 0.1237 0.1241 0.1246 0.1245 0.1238 0.1285 
         294  1 0.1242 0.1241 0.1218 0.1264 0.1230 0.1251 0.1286 0.1268 
         295  1 0.1268 0.1268 0.1219 0.1259 0.1229 0.1256 0.1229 0.1270 
         296  1 0.1250 0.1232 0.1258 0.1235 0.1246 0.1220 0.1287 0.1272 
         297  1 0.1219 0.1257 0.1245 0.1271 0.1263 0.1243 0.1265 0.1237 
         298  1 0.1271 0.1232 0.1214 0.1228 0.1245 0.1253 0.1284 0.1272 
         299  1 0.1221 0.1264 0.1255 0.1295 0.1264 0.1249 0.1231 0.1222 
         300  1 0.1279 0.1234 0.1282 0.1270 0.1230 0.1273 0.1229 0.1203 
         301  1 0.1220 0.1239 0.1297 0.1247 0.1284 0.1239 0.1224 0.1250 
         302  1 0.1225 0.1237 0.1265 0.1277 0.1259 0.1268 0.1247 0.1222 
         303  1 0.1230 0.1242 0.1280 0.1271 0.1281 0.1240 0.1225 0.1231 
         304  1 0.1222 0.1266 0.1307 0.1223 0.1281 0.1250 0.1221 0.1230 
         305  1 0.1231 0.1257 0.1275 0.1237 0.1263 0.1260 0.1226 0.1250 
         306  1 0.1252 0.1238 0.1272 0.1260 0.1248 0.1272 0.1222 0.1235 
         307  1 0.1299 0.1244 0.1250 0.1232 0.1232 0.1252 0.1244 0.1246 
         308  1 0.1264 0.1243 0.1228 0.1250 0.1238 0.1259 0.1246 0.1273 
         309  1 0.1251 0.1276 0.1243 0.1264 0.1232 0.1252 0.1215 0.1267 
         310  1 0.1252 0.1251 0.1225 0.1241 0.1235 0.1262 0.1279 0.1255 
         311  1 0.1255 0.1239 0.1267 0.1250 0.1244 0.1264 0.1238 0.1244 
         312  1 0.1224 0.1272 0.1294 0.1220 0.1256 0.1264 0.1236 0.1233 
         313  1 0.1247 0.1248 0.1244 0.1285 0.1272 0.1259 0.1225 0.1220 
         314  1 0.1253 0.1244 0.1211 0.1205 0.1232 0.1243 0.1294 0.1318 
         315  1 0.1252 0.1252 0.1278 0.1224 0.1235 0.1257 0.1246 0.1256 
         316  1 0.1263 0.1258 0.1224 0.1253 0.1266 0.1208 0.1255 0.1273 
         317  1 0.1268 0.1275 0.1223 0.1204 0.1231 0.1204 0.1279 0.1316 
         318  1 0.1265 0.1265 0.1217 0.1258 0.1229 0.1266 0.1229 0.1270 
         319  1 0.1286 0.1215 0.1235 0.1230 0.1258 0.1293 0.1236 0.1247 
         320  1 0.1270 0.1238 0.1249 0.1217 0.1239 0.1257 0.1264 0.1265 
         321  1 0.1249 0.1259 0.1265 0.1227 0.1235 0.1251 0.1255 0.1258 
         322  1 0.1200 0.1264 0.1243 0.1262 0.1273 0.1261 0.1251 0.1247 
         323  1 0.1313 0.1233 0.1219 0.1184 0.1234 0.1244 0.1307 0.1266 
         324  1 0.1285 0.1227 0.1235 0.1271 0.1259 0.1258 0.1238 0.1228 
         325  1 0.1256 0.1273 0.1221 0.1230 0.1219 0.1255 0.1248 0.1298 
         326  1 0.1245 0.1238 0.1245 0.1254 0.1272 0.1297 0.1224 0.1226 
         327  1 0.1236 0.1259 0.1276 0.1224 0.1256 0.1220 0.1268 0.1263 
         328  1 0.1264 0.1252 0.1218 0.1267 0.1248 0.1272 0.1250 0.1229 
         329  1 0.1237 0.1263 0.1228 0.1236 0.1240 0.1296 0.1252 0.1248 
         330  1 0.1228 0.1245 0.1254 0.1258 0.1269 0.1268 0.1231 0.1248 
         331  1 0.1280 0.1242 0.1235 0.1249 0.1242 0.1253 0.1256 0.1242 
         332  1 0.1271 0.1259 0.1235 0.1278 0.1249 0.1248 0.1220 0.1239 
         333  1 0.1226 0.1242 0.1276 0.1231 0.1256 0.1254 0.1262 0.1253 
         334  1 0.1246 0.1245 0.1225 0.1219 0.1221 0.1278 0.1271 0.1294 
         335  1 0.1278 0.1283 0.1231 0.1226 0.1236 0.1214 0.1248 0.1284 
         336  1 0.1253 0.1228 0.1259 0.1235 0.1256 0.1197 0.1315 0.1257 
         337  1 0.1270 0.1256 0.1214 0.1245 0.1249 0.1277 0.1256 0.1234 
         338  1 0.1248 0.1223 0.1223 0.1284 0.1267 0.1271 0.1257 0.1228 
         339  1 0.1218 0.1249 0.1272 0.1225 0.1264 0.1247 0.1245 0.1279 
         340  1 0.1263 0.1264 0.1264 0.1255 0.1262 0.1252 0.1221 0.1219 
         341  1 0.1265 0.1224 0.1250 0.1264 0.1266 0.1245 0.1240 0.1245 
         342  1 0.1225 0.1261 0.1271 0.1255 0.1275 0.1232 0.1235 0.1245 
         343  1 0.1232 0.1259 0.1253 0.1225 0.1257 0.1280 0.1225 0.1269 
         344  1 0.1282 0.1266 0.1223 0.1254 0.1252 0.1267 0.1236 0.1220 
         345  1 0.1266 0.1270 0.1228 0.1251 0.1236 0.1270 0.1252 0.1227 
         346  1 0.1227 0.1249 0.1298 0.1226 0.1283 0.1210 0.1246 0.1261 
         347  1 0.1242 0.1238 0.1255 0.1277 0.1273 0.1255 0.1240 0.1221 
         348  1 0.1249 0.1263 0.1209 0.1251 0.1246 0.1289 0.1248 0.1244 
         349  1 0.1201 0.1240 0.1300 0.1287 0.1276 0.1234 0.1231 0.1231 
         350  1 0.1311 0.1253 0.1217 0.1224 0.1240 0.1219 0.1283 0.1253 
         351  1 0.1249 0.1264 0.1239 0.1256 0.1240 0.1247 0.1259 0.1247 
         352  1 0.1289 0.1274 0.1217 0.1218 0.1209 0.1248 0.1258 0.1287 
         353  1 0.1236 0.1261 0.1254 0.1228 0.1253 0.1270 0.1258 0.1242 
         354  1 0.1227 0.1236 0.1286 0.1241 0.1268 0.1247 0.1240 0.1255 
         355  1 0.1205 0.1237 0.1285 0.1265 0.1297 0.1203 0.1223 0.1286 
         356  1 0.1238 0.1232 0.1258 0.1253 0.1252 0.1239 0.1256 0.1271 
         357  1 0.1266 0.1216 0.1238 0.1263 0.1227 0.1306 0.1245 0.1238 
         358  1 0.1224 0.1248 0.1290 0.1260 0.1241 0.1254 0.1231 0.1252 
         359  1 0.1294 0.1217 0.1254 0.1249 0.1263 0.1278 0.1219 0.1226 
         360  1 0.1232 0.1264 0.1262 0.1241 0.1251 0.1250 0.1240 0.1260 
         361  1 0.1315 0.1238 0.1239 0.1277 0.1209 0.1259 0.1216 0.1249 
         362  1 0.1243 0.1227 0.1222 0.1256 0.1252 0.1268 0.1288 0.1245 
         363  1 0.1202 0.1268 0.1279 0.1234 0.1283 0.1258 0.1225 0.1252 
         364  1 0.1232 0.1240 0.1274 0.1276 0.1261 0.1241 0.1240 0.1236 
         365  1 0.1263 0.1232 0.1263 0.1261 0.1248 0.1267 0.1232 0.1235 
         366  1 0.1277 0.1242 0.1250 0.1233 0.1245 0.1239 0.1255 0.1260 
         367  1 0.1261 0.1274 0.1231 0.1239 0.1249 0.1226 0.1237 0.1282 
         368  1 0.1264 0.1260 0.1211 0.1232 0.1236 0.1255 0.1268 0.1275 
         369  1 0.1266 0.1249 0.1219 0.1265 0.1242 0.1238 0.1270 0.1251 
         370  1 0.1228 0.1268 0.1260 0.1278 0.1254 0.1237 0.1243 0.1233 
         371  1 0.1237 0.1231 0.1245 0.1268 0.1268 0.1249 0.1282 0.1221 
         372  1 0.1250 0.1246 0.1237 0.1212 0.1258 0.1268 0.1281 0.1248 
         373  1 0.1259 0.1247 0.1251 0.1227 0.1244 0.1231 0.1278 0.1263 
         374  1 0.1276 0.1222 0.1229 0.1266 0.1239 0.1256 0.1273 0.1238 
         375  1 0.1274 0.1235 0.1238 0.1222 0.1242 0.1255 0.1266 0.1268 
         376  1 0.1216 0.1228 0.1257 0.1270 0.1280 0.1235 0.1249 0.1265 
         377  1 0.1256 0.1247 0.1239 0.1233 0.1255 0.1269 0.1248 0.1252 
         378  1 0.1222 0.1257 0.1264 0.1205 0.1265 0.1259 0.1275 0.1253 
         379  1 0.1193 0.1252 0.1284 0.1298 0.1265 0.1237 0.1240 0.1231 
         380  1 0.1224 0.1253 0.1243 0.1272 0.1249 0.1228 0.1274 0.1256 
         381  1 0.1267 0.1242 0.1248 0.1253 0.1235 0.1280 0.1235 0.1241 
         382  1 0.1248 0.1217 0.1296 0.1284 0.1263 0.1217 0.1235 0.1241 
         383  1 0.1239 0.1266 0.1285 0.1239 0.1262 0.1238 0.1246 0.1225 
         384  1 0.1260 0.1259 0.1255 0.1253 0.1225 0.1258 0.1237 0.1254 
         385  1 0.1269 0.1228 0.1277 0.1244 0.1267 0.1254 0.1227 0.1235 
         386  1 0.1226 0.1244 0.1276 0.1219 0.1258 0.1237 0.1277 0.1262 
         387  1 0.1243 0.1256 0.1257 0.1229 0.1244 0.1251 0.1267 0.1254 
         388  1 0.1208 0.1254 0.1287 0.1276 0.1256 0.1238 0.1227 0.1256 
         389  1 0.1205 0.1238 0.1290 0.1268 0.1296 0.1226 0.1249 0.1228 
         390  1 0.1296 0.1221 0.1236 0.1270 0.1235 0.1245 0.1268 0.1228 
         391  1 0.1254 0.1250 0.1239 0.1244 0.1249 0.1248 0.1251 0.1266 
         392  1 0.1278 0.1261 0.1222 0.1265 0.1230 0.1255 0.1259 0.1230 
         393  1 0.1246 0.1249 0.1241 0.1237 0.1257 0.1220 0.1284 0.1266 
         394  1 0.1259 0.1281 0.1287 0.1240 0.1227 0.1253 0.1222 0.1232 
         395  1 0.1264 0.1271 0.1256 0.1247 0.1243 0.1254 0.1217 0.1248 
         396  1 0.1256 0.1243 0.1253 0.1288 0.1248 0.1221 0.1237 0.1253 
         397  1 0.1251 0.1266 0.1253 0.1235 0.1237 0.1251 0.1251 0.1257 
         398  1 0.1235 0.1235 0.1285 0.1253 0.1260 0.1234 0.1233 0.1265 
         399  1 0.1252 0.1282 0.1207 0.1236 0.1238 0.1226 0.1271 0.1288 
         400  1 0.1241 0.1276 0.1252 0.1238 0.1247 0.1257 0.1236 0.1252 
         401  1 0.1338 0.1242 0.1194 0.1223 0.1252 0.1251 0.1246 0.1254 
         402  1 0.1258 0.1253 0.1216 0.1248 0.1252 0.1237 0.1273 0.1264 
         403  1 0.1213 0.1276 0.1245 0.1214 0.1264 0.1264 0.1246 0.1279 
         404  1 0.1238 0.1261 0.1277 0.1235 0.1262 0.1226 0.1247 0.1255 
         405  1 0.1268 0.1249 0.1250 0.1266 0.1242 0.1228 0.1267 0.1232 
         406  1 0.1283 0.1230 0.1265 0.1246 0.1249 0.1216 0.1259 0.1251 
         407  1 0.1244 0.1249 0.1243 0.1253 0.1249 0.1296 0.1235 0.1232 
         408  1 0.1215 0.1252 0.1277 0.1271 0.1251 0.1234 0.1239 0.1261 
         409  1 0.1235 0.1239 0.1298 0.1261 0.1249 0.1236 0.1231 0.1252 
         410  1 0.1252 0.1262 0.1266 0.1234 0.1243 0.1245 0.1245 0.1253 
         411  1 0.1290 0.1243 0.1210 0.1249 0.1256 0.1242 0.1251 0.1259 
         412  1 0.1288 0.1241 0.1235 0.1230 0.1242 0.1230 0.1278 0.1257 
         413  1 0.1209 0.1265 0.1273 0.1286 0.1257 0.1257 0.1239 0.1214 
         414  1 0.1253 0.1298 0.1240 0.1261 0.1207 0.1234 0.1215 0.1293 
         415  1 0.1257 0.1265 0.1270 0.1235 0.1245 0.1253 0.1240 0.1235 
         416  1 0.1245 0.1251 0.1266 0.1224 0.1236 0.1240 0.1278 0.1259 
         417  1 0.1258 0.1251 0.1259 0.1231 0.1256 0.1246 0.1246 0.1251 
         418  1 0.1245 0.1263 0.1241 0.1240 0.1271 0.1243 0.1246 0.1251 
         419  1 0.1248 0.1240 0.1259 0.1250 0.1258 0.1263 0.1240 0.1242 
         420  1 0.1269 0.1282 0.1248 0.1218 0.1254 0.1236 0.1239 0.1253 
         421  1 0.1255 0.1228 0.1237 0.1253 0.1248 0.1287 0.1253 0.1239 
         422  1 0.1257 0.1247 0.1234 0.1241 0.1269 0.1258 0.1237 0.1258 
         423  1 0.1264 0.1241 0.1219 0.1254 0.1237 0.1288 0.1268 0.1228 
         424  1 0.1242 0.1243 0.1272 0.1274 0.1238 0.1226 0.1279 0.1226 
         425  1 0.1229 0.1255 0.1230 0.1287 0.1243 0.1263 0.1246 0.1247 
         426  1 0.1282 0.1241 0.1233 0.1259 0.1258 0.1267 0.1240 0.1220 
         427  1 0.1257 0.1254 0.1235 0.1237 0.1257 0.1228 0.1267 0.1265 
         428  1 0.1286 0.1262 0.1217 0.1251 0.1246 0.1247 0.1264 0.1227 
         429  1 0.1228 0.1255 0.1282 0.1242 0.1263 0.1251 0.1227 0.1253 
         430  1 0.1277 0.1261 0.1237 0.1222 0.1261 0.1238 0.1246 0.1259 
         431  1 0.1265 0.1258 0.1278 0.1245 0.1251 0.1245 0.1220 0.1238 
         432  1 0.1229 0.1237 0.1266 0.1249 0.1240 0.1240 0.1263 0.1276 
         433  1 0.1213 0.1259 0.1265 0.1247 0.1247 0.1264 0.1227 0.1278 
         434  1 0.1229 0.1239 0.1301 0.1280 0.1263 0.1241 0.1245 0.1202 
         435  1 0.1269 0.1267 0.1247 0.1255 0.1220 0.1229 0.1232 0.1281 
         436  1 0.1212 0.1272 0.1311 0.1239 0.1271 0.1240 0.1225 0.1230 
         437  1 0.1226 0.1238 0.1257 0.1262 0.1269 0.1257 0.1256 0.1235 
         438  1 0.1243 0.1266 0.1247 0.1270 0.1264 0.1246 0.1231 0.1234 
         439  1 0.1245 0.1253 0.1222 0.1237 0.1256 0.1277 0.1256 0.1254 
         440  1 0.1221 0.1264 0.1248 0.1256 0.1254 0.1251 0.1256 0.1250 
         441  1 0.1254 0.1233 0.1226 0.1289 0.1244 0.1245 0.1246 0.1263 
         442  1 0.1258 0.1238 0.1252 0.1260 0.1245 0.1249 0.1255 0.1243 
         443  1 0.1229 0.1233 0.1286 0.1223 0.1280 0.1224 0.1260 0.1265 
         444  1 0.1258 0.1252 0.1222 0.1244 0.1253 0.1261 0.1266 0.1243 
         445  1 0.1233 0.1257 0.1244 0.1290 0.1255 0.1261 0.1234 0.1225 
         446  1 0.1269 0.1251 0.1217 0.1210 0.1261 0.1266 0.1271 0.1256 
         447  1 0.1246 0.1261 0.1267 0.1247 0.1228 0.1264 0.1244 0.1244 
         448  1 0.1233 0.1256 0.1253 0.1239 0.1260 0.1241 0.1245 0.1273 
         449  1 0.1249 0.1241 0.1254 0.1238 0.1270 0.1282 0.1229 0.1238 
         450  1 0.1277 0.1253 0.1253 0.1253 0.1237 0.1248 0.1233 0.1246 
         451  1 0.1218 0.1261 0.1253 0.1293 0.1248 0.1257 0.1252 0.1218 
         452  1 0.1248 0.1238 0.1251 0.1213 0.1234 0.1250 0.1267 0.1299 
         453  1 0.1245 0.1261 0.1281 0.1250 0.1244 0.1215 0.1251 0.1252 
         454  1 0.1216 0.1265 0.1257 0.1238 0.1267 0.1250 0.1257 0.1250 
         455  1 0.1218 0.1261 0.1254 0.1268 0.1252 0.1241 0.1270 0.1236 
         456  1 0.1220 0.1245 0.1272 0.1251 0.1267 0.1246 0.1240 0.1259 
         457  1 0.1277 0.1218 0.1228 0.1225 0.1239 0.1232 0.1314 0.1267 
         458  1 0.1219 0.1249 0.1263 0.1269 0.1259 0.1228 0.1253 0.1260 
         459  1 0.1234 0.1272 0.1244 0.1242 0.1250 0.1236 0.1254 0.1269 
         460  1 0.1236 0.1256 0.1259 0.1277 0.1240 0.1255 0.1227 0.1249 
         461  1 0.1235 0.1277 0.1214 0.1263 0.1241 0.1225 0.1236 0.1309 
         462  1 0.1234 0.1226 0.1236 0.1210 0.1258 0.1249 0.1317 0.1270 
         463  1 0.1231 0.1257 0.1262 0.1229 0.1249 0.1231 0.1268 0.1273 
         464  1 0.1270 0.1240 0.1246 0.1234 0.1237 0.1249 0.1282 0.1242 
         465  1 0.1276 0.1220 0.1261 0.1244 0.1229 0.1241 0.1270 0.1259 
         466  1 0.1256 0.1257 0.1247 0.1261 0.1253 0.1222 0.1264 0.1239 
         467  1 0.1262 0.1276 0.1235 0.1262 0.1234 0.1235 0.1246 0.1251 
         468  1 0.1216 0.1239 0.1280 0.1260 0.1260 0.1237 0.1246 0.1261 
         469  1 0.1270 0.1241 0.1279 0.1244 0.1237 0.1238 0.1235 0.1256 
         470  1 0.1246 0.1258 0.1229 0.1264 0.1222 0.1273 0.1245 0.1263 
         471  1 0.1187 0.1246 0.1301 0.1229 0.1281 0.1262 0.1259 0.1235 
         472  1 0.1252 0.1248 0.1229 0.1256 0.1237 0.1244 0.1272 0.1262 
         473  1 0.1249 0.1211 0.1277 0.1276 0.1286 0.1269 0.1205 0.1227 
         474  1 0.1212 0.1231 0.1287 0.1276 0.1286 0.1225 0.1255 0.1228 
         475  1 0.1211 0.1244 0.1288 0.1252 0.1284 0.1253 0.1244 0.1224 
         476  1 0.1281 0.1237 0.1237 0.1248 0.1236 0.1260 0.1252 0.1250 
         477  1 0.1241 0.1263 0.1257 0.1210 0.1248 0.1196 0.1286 0.1300 
         478  1 0.1239 0.1251 0.1249 0.1252 0.1261 0.1252 0.1235 0.1261 
         479  1 0.1225 0.1256 0.1236 0.1260 0.1259 0.1261 0.1235 0.1269 
         480  1 0.1252 0.1243 0.1259 0.1240 0.1240 0.1246 0.1273 0.1245 
         481  1 0.1253 0.1247 0.1241 0.1253 0.1259 0.1243 0.1235 0.1270 
         482  1 0.1259 0.1254 0.1256 0.1219 0.1256 0.1215 0.1258 0.1282 
         483  1 0.1282 0.1245 0.1222 0.1270 0.1242 0.1237 0.1260 0.1241 
         484  1 0.1268 0.1250 0.1261 0.1239 0.1236 0.1241 0.1259 0.1245 
         485  1 0.1237 0.1255 0.1240 0.1252 0.1244 0.1243 0.1257 0.1271 
         486  1 0.1278 0.1265 0.1240 0.1241 0.1227 0.1224 0.1268 0.1258 
         487  1 0.1286 0.1228 0.1241 0.1279 0.1231 0.1264 0.1242 0.1230 
         488  1 0.1248 0.1237 0.1280 0.1284 0.1253 0.1249 0.1220 0.1229 
         489  1 0.1313 0.1236 0.1215 0.1253 0.1234 0.1288 0.1248 0.1214 
         490  1 0.1243 0.1257 0.1242 0.1241 0.1256 0.1267 0.1255 0.1239 
         491  1 0.1216 0.1230 0.1253 0.1262 0.1256 0.1248 0.1276 0.1259 
         492  1 0.1211 0.1269 0.1270 0.1267 0.1262 0.1232 0.1217 0.1272 
         493  1 0.1221 0.1241 0.1275 0.1302 0.1265 0.1239 0.1229 0.1228 
         494  1 0.1248 0.1256 0.1229 0.1270 0.1266 0.1242 0.1222 0.1267 
         495  1 0.1257 0.1233 0.1246 0.1257 0.1242 0.1275 0.1245 0.1246 
         496  1 0.1243 0.1245 0.1222 0.1206 0.1252 0.1239 0.1294 0.1299 
         497  1 0.1264 0.1250 0.1203 0.1273 0.1253 0.1276 0.1234 0.1248 
         498  1 0.1243 0.1255 0.1274 0.1266 0.1249 0.1256 0.1229 0.1228 
         499  1 0.1246 0.1261 0.1267 0.1251 0.1240 0.1248 0.1251 0.1237 
         500  1 0.1212 0.1259 0.1266 0.1243 0.1269 0.1244 0.1252 0.1256 
         501  1 0.1302 0.1221 0.1254 0.1253 0.1234 0.1292 0.1217 0.1227 
         502  1 0.1272 0.1269 0.1215 0.1255 0.1244 0.1265 0.1250 0.1230 
         503  1 0.1319 0.1244 0.1203 0.1279 0.1247 0.1262 0.1218 0.1227 
         504  1 0.1248 0.1229 0.1246 0.1222 0.1247 0.1247 0.1283 0.1277 
         505  1 0.1262 0.1235 0.1251 0.1243 0.1243 0.1263 0.1260 0.1243 
         506  1 0.1230 0.1249 0.1216 0.1316 0.1243 0.1258 0.1272 0.1217 
         507  1 0.1223 0.1218 0.1270 0.1293 0.1286 0.1229 0.1238 0.1241 
         508  1 0.1247 0.1243 0.1256 0.1234 0.1239 0.1253 0.1253 0.1275 
         509  1 0.1294 0.1249 0.1215 0.1271 0.1225 0.1260 0.1257 0.1229 
         510  1 0.1223 0.1281 0.1236 0.1232 0.1240 0.1258 0.1251 0.1279 
         511  1 0.1249 0.1242 0.1242 0.1262 0.1249 0.1238 0.1258 0.1261 
         512  1 0.1231 0.1241 0.1252 0.1281 0.1278 0.1235 0.1265 0.1217 
         513  1 0.1239 0.1247 0.1270 0.1244 0.1260 0.1245 0.1223 0.1272 
         514  1 0.1235 0.1254 0.1248 0.1248 0.1248 0.1258 0.1242 0.1268 
         515  1 0.1238 0.1265 0.1272 0.1255 0.1262 0.1259 0.1224 0.1224 
         516  1 0.1229 0.1233 0.1269 0.1279 0.1264 0.1241 0.1248 0.1237 
         517  1 0.1223 0.1249 0.1276 0.1278 0.1278 0.1235 0.1209 0.1252 
         518  1 0.1230 0.1256 0.1243 0.1229 0.1261 0.1277 0.1255 0.1249 
         519  1 0.1265 0.1246 0.1237 0.1259 0.1239 0.1256 0.1248 0.1249 
         520  1 0.1253 0.1241 0.1233 0.1239 0.1226 0.1282 0.1262 0.1264 
         521  1 0.1254 0.1228 0.1261 0.1255 0.1256 0.1275 0.1244 0.1227 
         522  1 0.1296 0.1253 0.1233 0.1244 0.1231 0.1246 0.1245 0.1252 
         523  1 0.1228 0.1259 0.1249 0.1273 0.1247 0.1248 0.1254 0.1243 
         524  1 0.1233 0.1231 0.1278 0.1285 0.1262 0.1260 0.1216 0.1235 
         525  1 0.1313 0.1244 0.1233 0.1247 0.1215 0.1250 0.1261 0.1238 
         526  1 0.1253 0.1236 0.1242 0.1233 0.1271 0.1273 0.1244 0.1248 
         527  1 0.1279 0.1233 0.1223 0.1248 0.1245 0.1251 0.1258 0.1262 
         528  1 0.1259 0.1241 0.1258 0.1241 0.1276 0.1220 0.1233 0.1273 
         529  1 0.1234 0.1251 0.1265 0.1241 0.1252 0.1231 0.1267 0.1258 
         530  1 0.1265 0.1257 0.1220 0.1228 0.1246 0.1260 0.1256 0.1267 
         531  1 0.1235 0.1244 0.1256 0.1271 0.1233 0.1255 0.1260 0.1247 
         532  1 0.1229 0.1269 0.1223 0.1241 0.1253 0.1256 0.1264 0.1266 
         533  1 0.1253 0.1252 0.1238 0.1242 0.1262 0.1238 0.1249 0.1266 
         534  1 0.1259 0.1266 0.1237 0.1248 0.1244 0.1236 0.1259 0.1251 
         535  1 0.1261 0.1255 0.1212 0.1257 0.1250 0.1274 0.1246 0.1244 
         536  1 0.1253 0.1270 0.1223 0.1227 0.1225 0.1266 0.1259 0.1277 
         537  1 0.1237 0.1231 0.1296 0.1273 0.1261 0.1235 0.1212 0.1255 
         538  1 0.1234 0.1250 0.1309 0.1233 0.1266 0.1230 0.1233 0.1244 
         539  1 0.1238 0.1242 0.1262 0.1276 0.1240 0.1270 0.1230 0.1242 
         540  1 0.1235 0.1254 0.1246 0.1330 0.1289 0.1235 0.1221 0.1189 
         541  1 0.1257 0.1248 0.1241 0.1221 0.1232 0.1259 0.1261 0.1281 
         542  1 0.1260 0.1242 0.1198 0.1240 0.1228 0.1274 0.1303 0.1255 
         543  1 0.1293 0.1233 0.1198 0.1264 0.1236 0.1271 0.1278 0.1225 
         544  1 0.1251 0.1228 0.1244 0.1259 0.1250 0.1257 0.1264 0.1246 
         545  1 0.1252 0.1229 0.1265 0.1249 0.1254 0.1272 0.1243 0.1236 
         546  1 0.1244 0.1243 0.1281 0.1256 0.1271 0.1223 0.1250 0.1233 
         547  1 0.1253 0.1240 0.1253 0.1239 0.1261 0.1256 0.1259 0.1240 
