           1  1 0.2538 0.2502 0.2425 0.2535 
           2  1 0.2549 0.2508 0.2406 0.2538 
           3  1 0.2516 0.2424 0.2468 0.2592 
           4  1 0.2573 0.2579 0.2402 0.2446 
           5  1 0.2518 0.2475 0.2410 0.2597 
           6  1 0.2526 0.2443 0.2367 0.2664 
           7  1 0.2579 0.2574 0.2405 0.2442 
           8  1 0.2511 0.2436 0.2387 0.2666 
           9  1 0.2451 0.2513 0.2620 0.2416 
          10  1 0.2527 0.2584 0.2501 0.2388 
          11  1 0.2429 0.2523 0.2643 0.2405 
          12  1 0.2446 0.2460 0.2633 0.2460 
          13  1 0.2489 0.2355 0.2471 0.2685 
          14  1 0.2504 0.2428 0.2317 0.2751 
          15  1 0.2491 0.2608 0.2419 0.2482 
          16  1 0.2478 0.2517 0.2479 0.2526 
          17  1 0.2455 0.2522 0.2560 0.2463 
          18  1 0.2463 0.2422 0.2637 0.2479 
          19  1 0.2482 0.2502 0.2503 0.2513 
          20  1 0.2447 0.2507 0.2519 0.2528 
          21  1 0.2518 0.2454 0.2512 0.2517 
          22  1 0.2476 0.2379 0.2624 0.2521 
          23  1 0.2513 0.2498 0.2438 0.2551 
          24  1 0.2555 0.2683 0.2358 0.2404 
          25  1 0.2559 0.2527 0.2515 0.2400 
          26  1 0.2454 0.2622 0.2509 0.2415 
          27  1 0.2558 0.2443 0.2439 0.2560 
          28  1 0.2452 0.2556 0.2482 0.2511 
          29  1 0.2500 0.2500 0.2462 0.2538 
          30  1 0.2509 0.2517 0.2511 0.2464 
          31  1 0.2457 0.2386 0.2576 0.2580 
          32  1 0.2480 0.2566 0.2550 0.2404 
          33  1 0.2487 0.2397 0.2674 0.2441 
          34  1 0.2482 0.2547 0.2472 0.2499 
          35  1 0.2477 0.2530 0.2496 0.2498 
          36  1 0.2485 0.2494 0.2585 0.2436 
          37  1 0.2454 0.2559 0.2571 0.2416 
          38  1 0.2488 0.2449 0.2600 0.2463 
          39  1 0.2510 0.2452 0.2463 0.2575 
          40  1 0.2500 0.2439 0.2454 0.2607 
          41  1 0.2485 0.2446 0.2507 0.2562 
          42  1 0.2465 0.2463 0.2656 0.2415 
          43  1 0.2511 0.2561 0.2462 0.2466 
          44  1 0.2531 0.2459 0.2451 0.2560 
          45  1 0.2504 0.2433 0.2520 0.2543 
          46  1 0.2571 0.2451 0.2471 0.2506 
          47  1 0.2516 0.2444 0.2482 0.2558 
          48  1 0.2523 0.2499 0.2477 0.2501 
          49  1 0.2426 0.2462 0.2635 0.2477 
          50  1 0.2483 0.2404 0.2454 0.2659 
          51  1 0.2483 0.2546 0.2585 0.2386 
          52  1 0.2436 0.2554 0.2574 0.2435 
          53  1 0.2462 0.2608 0.2543 0.2387 
          54  1 0.2476 0.2540 0.2593 0.2390 
          55  1 0.2448 0.2465 0.2657 0.2430 
          56  1 0.2537 0.2378 0.2431 0.2655 
          57  1 0.2435 0.2488 0.2691 0.2387 
          58  1 0.2473 0.2585 0.2547 0.2395 
          59  1 0.2516 0.2641 0.2450 0.2392 
          60  1 0.2530 0.2554 0.2487 0.2429 
          61  1 0.2550 0.2500 0.2387 0.2562 
          62  1 0.2476 0.2389 0.2544 0.2592 
          63  1 0.2487 0.2412 0.2415 0.2686 
          64  1 0.2420 0.2619 0.2627 0.2334 
          65  1 0.2505 0.2498 0.2530 0.2467 
          66  1 0.2598 0.2609 0.2333 0.2460 
          67  1 0.2476 0.2540 0.2611 0.2373 
          68  1 0.2515 0.2450 0.2524 0.2511 
          69  1 0.2460 0.2460 0.2610 0.2469 
          70  1 0.2475 0.2558 0.2559 0.2408 
          71  1 0.2490 0.2433 0.2465 0.2613 
          72  1 0.2453 0.2543 0.2527 0.2477 
          73  1 0.2545 0.2494 0.2492 0.2469 
          74  1 0.2524 0.2539 0.2444 0.2493 
          75  1 0.2508 0.2411 0.2470 0.2611 
          76  1 0.2498 0.2469 0.2489 0.2544 
          77  1 0.2465 0.2463 0.2617 0.2455 
          78  1 0.2526 0.2494 0.2560 0.2419 
          79  1 0.2535 0.2478 0.2397 0.2590 
          80  1 0.2549 0.2434 0.2481 0.2537 
          81  1 0.2438 0.2409 0.2654 0.2499 
          82  1 0.2479 0.2485 0.2494 0.2542 
          83  1 0.2419 0.2521 0.2663 0.2396 
          84  1 0.2531 0.2467 0.2455 0.2547 
          85  1 0.2552 0.2576 0.2413 0.2458 
          86  1 0.2479 0.2529 0.2441 0.2550 
          87  1 0.2523 0.2470 0.2562 0.2445 
          88  1 0.2499 0.2519 0.2478 0.2504 
          89  1 0.2511 0.2439 0.2540 0.2511 
          90  1 0.2486 0.2625 0.2502 0.2388 
          91  1 0.2448 0.2510 0.2680 0.2362 
          92  1 0.2516 0.2444 0.2479 0.2561 
          93  1 0.2448 0.2438 0.2578 0.2536 
          94  1 0.2447 0.2663 0.2451 0.2439 
          95  1 0.2530 0.2607 0.2404 0.2458 
          96  1 0.2490 0.2424 0.2487 0.2599 
          97  1 0.2444 0.2481 0.2648 0.2427 
          98  1 0.2391 0.2510 0.2715 0.2384 
          99  1 0.2552 0.2496 0.2562 0.2390 
         100  1 0.2530 0.2434 0.2617 0.2419 
         101  1 0.2432 0.2495 0.2605 0.2468 
         102  1 0.2463 0.2470 0.2508 0.2559 
         103  1 0.2436 0.2519 0.2631 0.2414 
         104  1 0.2465 0.2485 0.2667 0.2383 
         105  1 0.2490 0.2473 0.2525 0.2512 
         106  1 0.2526 0.2596 0.2449 0.2429 
         107  1 0.2499 0.2667 0.2342 0.2492 
         108  1 0.2502 0.2553 0.2522 0.2423 
         109  1 0.2578 0.2631 0.2341 0.2450 
         110  1 0.2496 0.2509 0.2417 0.2578 
         111  1 0.2517 0.2532 0.2439 0.2512 
         112  1 0.2548 0.2517 0.2511 0.2424 
         113  1 0.2497 0.2522 0.2442 0.2538 
         114  1 0.2492 0.2455 0.2509 0.2544 
         115  1 0.2475 0.2469 0.2477 0.2578 
         116  1 0.2459 0.2456 0.2594 0.2491 
         117  1 0.2431 0.2529 0.2676 0.2364 
         118  1 0.2457 0.2503 0.2596 0.2444 
         119  1 0.2436 0.2490 0.2626 0.2448 
         120  1 0.2554 0.2438 0.2434 0.2574 
         121  1 0.2513 0.2484 0.2459 0.2544 
         122  1 0.2497 0.2563 0.2499 0.2441 
         123  1 0.2551 0.2575 0.2499 0.2375 
         124  1 0.2482 0.2557 0.2405 0.2556 
         125  1 0.2545 0.2479 0.2327 0.2649 
         126  1 0.2528 0.2469 0.2389 0.2615 
         127  1 0.2510 0.2475 0.2372 0.2644 
         128  1 0.2478 0.2397 0.2535 0.2590 
         129  1 0.2495 0.2575 0.2525 0.2405 
         130  1 0.2502 0.2562 0.2432 0.2504 
         131  1 0.2485 0.2621 0.2572 0.2322 
         132  1 0.2541 0.2459 0.2371 0.2629 
         133  1 0.2551 0.2463 0.2478 0.2508 
         134  1 0.2612 0.2446 0.2306 0.2636 
         135  1 0.2462 0.2649 0.2480 0.2409 
         136  1 0.2487 0.2520 0.2540 0.2454 
         137  1 0.2521 0.2600 0.2481 0.2398 
         138  1 0.2519 0.2538 0.2502 0.2441 
         139  1 0.2499 0.2530 0.2481 0.2490 
         140  1 0.2454 0.2421 0.2565 0.2560 
         141  1 0.2553 0.2509 0.2368 0.2570 
         142  1 0.2475 0.2554 0.2575 0.2396 
         143  1 0.2529 0.2434 0.2393 0.2644 
         144  1 0.2487 0.2619 0.2466 0.2428 
         145  1 0.2467 0.2461 0.2659 0.2414 
         146  1 0.2473 0.2486 0.2606 0.2435 
         147  1 0.2498 0.2432 0.2510 0.2560 
         148  1 0.2438 0.2460 0.2532 0.2571 
         149  1 0.2579 0.2470 0.2377 0.2574 
         150  1 0.2566 0.2525 0.2414 0.2495 
         151  1 0.2439 0.2442 0.2666 0.2453 
         152  1 0.2544 0.2582 0.2368 0.2507 
         153  1 0.2476 0.2469 0.2586 0.2469 
         154  1 0.2521 0.2519 0.2422 0.2538 
         155  1 0.2452 0.2482 0.2518 0.2547 
         156  1 0.2441 0.2512 0.2666 0.2381 
         157  1 0.2561 0.2560 0.2383 0.2495 
         158  1 0.2524 0.2503 0.2477 0.2496 
         159  1 0.2516 0.2494 0.2342 0.2647 
         160  1 0.2511 0.2420 0.2483 0.2586 
         161  1 0.2518 0.2472 0.2527 0.2483 
         162  1 0.2499 0.2448 0.2523 0.2531 
         163  1 0.2491 0.2582 0.2433 0.2493 
         164  1 0.2531 0.2474 0.2439 0.2555 
         165  1 0.2502 0.2448 0.2489 0.2562 
         166  1 0.2473 0.2501 0.2613 0.2413 
         167  1 0.2496 0.2482 0.2455 0.2567 
         168  1 0.2544 0.2512 0.2553 0.2392 
         169  1 0.2438 0.2473 0.2560 0.2528 
         170  1 0.2460 0.2442 0.2562 0.2537 
         171  1 0.2492 0.2384 0.2435 0.2688 
         172  1 0.2492 0.2497 0.2475 0.2536 
         173  1 0.2517 0.2456 0.2397 0.2630 
         174  1 0.2526 0.2573 0.2343 0.2558 
         175  1 0.2464 0.2505 0.2500 0.2531 
         176  1 0.2518 0.2542 0.2462 0.2477 
         177  1 0.2537 0.2442 0.2514 0.2507 
         178  1 0.2481 0.2487 0.2577 0.2455 
         179  1 0.2555 0.2497 0.2433 0.2515 
         180  1 0.2482 0.2417 0.2474 0.2628 
         181  1 0.2438 0.2405 0.2678 0.2479 
         182  1 0.2439 0.2487 0.2618 0.2457 
         183  1 0.2523 0.2511 0.2540 0.2426 
         184  1 0.2497 0.2447 0.2530 0.2527 
         185  1 0.2478 0.2454 0.2647 0.2421 
         186  1 0.2455 0.2510 0.2552 0.2483 
         187  1 0.2467 0.2502 0.2507 0.2523 
         188  1 0.2433 0.2464 0.2603 0.2500 
         189  1 0.2531 0.2445 0.2538 0.2486 
         190  1 0.2448 0.2489 0.2572 0.2490 
         191  1 0.2516 0.2407 0.2439 0.2638 
         192  1 0.2529 0.2526 0.2448 0.2496 
         193  1 0.2530 0.2442 0.2601 0.2427 
         194  1 0.2503 0.2476 0.2495 0.2526 
         195  1 0.2555 0.2526 0.2475 0.2444 
         196  1 0.2444 0.2450 0.2578 0.2528 
         197  1 0.2433 0.2550 0.2531 0.2486 
         198  1 0.2485 0.2475 0.2470 0.2570 
         199  1 0.2534 0.2459 0.2439 0.2568 
         200  1 0.2497 0.2507 0.2476 0.2521 
         201  1 0.2462 0.2535 0.2626 0.2376 
         202  1 0.2466 0.2552 0.2503 0.2479 
         203  1 0.2495 0.2435 0.2484 0.2586 
         204  1 0.2536 0.2574 0.2426 0.2465 
         205  1 0.2522 0.2434 0.2522 0.2522 
         206  1 0.2490 0.2509 0.2556 0.2444 
         207  1 0.2515 0.2501 0.2396 0.2588 
         208  1 0.2489 0.2625 0.2458 0.2428 
         209  1 0.2478 0.2519 0.2516 0.2487 
         210  1 0.2467 0.2465 0.2370 0.2699 
         211  1 0.2740 0.2578 0.2195 0.2486 
         212  1 0.2431 0.2475 0.2621 0.2473 
         213  1 0.2468 0.2509 0.2511 0.2512 
         214  1 0.2524 0.2589 0.2373 0.2514 
         215  1 0.2537 0.2523 0.2394 0.2546 
         216  1 0.2414 0.2432 0.2657 0.2497 
         217  1 0.2551 0.2458 0.2424 0.2567 
         218  1 0.2539 0.2413 0.2392 0.2656 
         219  1 0.2562 0.2498 0.2509 0.2431 
         220  1 0.2544 0.2572 0.2398 0.2486 
         221  1 0.2493 0.2564 0.2488 0.2455 
         222  1 0.2516 0.2488 0.2457 0.2540 
         223  1 0.2444 0.2654 0.2515 0.2387 
         224  1 0.2506 0.2570 0.2439 0.2485 
         225  1 0.2452 0.2419 0.2503 0.2626 
         226  1 0.2501 0.2444 0.2484 0.2571 
         227  1 0.2544 0.2558 0.2476 0.2422 
         228  1 0.2525 0.2511 0.2501 0.2463 
         229  1 0.2470 0.2470 0.2572 0.2488 
         230  1 0.2505 0.2448 0.2577 0.2470 
         231  1 0.2407 0.2519 0.2672 0.2403 
         232  1 0.2433 0.2520 0.2594 0.2453 
         233  1 0.2504 0.2514 0.2493 0.2489 
         234  1 0.2453 0.2439 0.2562 0.2547 
         235  1 0.2444 0.2443 0.2706 0.2407 
         236  1 0.2525 0.2448 0.2412 0.2614 
         237  1 0.2448 0.2495 0.2636 0.2422 
         238  1 0.2540 0.2477 0.2455 0.2528 
         239  1 0.2481 0.2501 0.2529 0.2489 
         240  1 0.2480 0.2484 0.2413 0.2624 
         241  1 0.2448 0.2536 0.2663 0.2353 
         242  1 0.2447 0.2598 0.2538 0.2418 
         243  1 0.2517 0.2479 0.2484 0.2520 
         244  1 0.2527 0.2489 0.2544 0.2440 
         245  1 0.2495 0.2489 0.2515 0.2501 
         246  1 0.2498 0.2417 0.2509 0.2576 
         247  1 0.2490 0.2394 0.2469 0.2648 
         248  1 0.2433 0.2433 0.2629 0.2505 
         249  1 0.2508 0.2558 0.2517 0.2417 
         250  1 0.2430 0.2412 0.2623 0.2535 
         251  1 0.2448 0.2393 0.2653 0.2507 
         252  1 0.2473 0.2431 0.2404 0.2691 
         253  1 0.2551 0.2566 0.2449 0.2435 
         254  1 0.2474 0.2493 0.2481 0.2552 
         255  1 0.2578 0.2457 0.2477 0.2487 
         256  1 0.2491 0.2545 0.2522 0.2442 
         257  1 0.2555 0.2483 0.2377 0.2585 
         258  1 0.2544 0.2508 0.2428 0.2519 
         259  1 0.2497 0.2486 0.2440 0.2577 
         260  1 0.2556 0.2463 0.2501 0.2480 
         261  1 0.2458 0.2660 0.2503 0.2378 
         262  1 0.2558 0.2441 0.2308 0.2693 
         263  1 0.2460 0.2434 0.2661 0.2446 
         264  1 0.2502 0.2445 0.2463 0.2590 
         265  1 0.2522 0.2488 0.2559 0.2431 
         266  1 0.2494 0.2368 0.2575 0.2563 
         267  1 0.2560 0.2526 0.2442 0.2471 
         268  1 0.2505 0.2680 0.2404 0.2411 
         269  1 0.2596 0.2690 0.2265 0.2448 
         270  1 0.2480 0.2479 0.2448 0.2593 
         271  1 0.2422 0.2446 0.2550 0.2582 
         272  1 0.2460 0.2444 0.2492 0.2604 
         273  1 0.2462 0.2437 0.2692 0.2409 
         274  1 0.2481 0.2451 0.2580 0.2488 
         275  1 0.2624 0.2471 0.2321 0.2583 
         276  1 0.2514 0.2471 0.2369 0.2647 
         277  1 0.2487 0.2505 0.2516 0.2492 
         278  1 0.2543 0.2696 0.2367 0.2395 
         279  1 0.2514 0.2461 0.2468 0.2557 
         280  1 0.2498 0.2617 0.2470 0.2415 
         281  1 0.2415 0.2465 0.2671 0.2449 
         282  1 0.2436 0.2502 0.2635 0.2426 
         283  1 0.2527 0.2436 0.2446 0.2591 
         284  1 0.2411 0.2559 0.2651 0.2379 
         285  1 0.2443 0.2484 0.2654 0.2418 
         286  1 0.2549 0.2472 0.2441 0.2537 
         287  1 0.2423 0.2448 0.2641 0.2488 
         288  1 0.2448 0.2415 0.2579 0.2558 
         289  1 0.2422 0.2550 0.2598 0.2430 
         290  1 0.2440 0.2572 0.2637 0.2351 
         291  1 0.2528 0.2529 0.2388 0.2555 
         292  1 0.2438 0.2446 0.2529 0.2587 
         293  1 0.2435 0.2535 0.2640 0.2390 
         294  1 0.2468 0.2495 0.2545 0.2492 
         295  1 0.2534 0.2509 0.2517 0.2441 
         296  1 0.2447 0.2673 0.2525 0.2355 
         297  1 0.2476 0.2497 0.2555 0.2472 
         298  1 0.2473 0.2617 0.2566 0.2345 
         299  1 0.2471 0.2518 0.2602 0.2410 
         300  1 0.2567 0.2560 0.2278 0.2595 
         301  1 0.2510 0.2425 0.2572 0.2494 
         302  1 0.2457 0.2427 0.2457 0.2659 
         303  1 0.2550 0.2435 0.2423 0.2592 
         304  1 0.2481 0.2468 0.2418 0.2634 
         305  1 0.2495 0.2444 0.2462 0.2599 
         306  1 0.2552 0.2412 0.2467 0.2569 
         307  1 0.2462 0.2640 0.2518 0.2381 
         308  1 0.2451 0.2560 0.2525 0.2464 
         309  1 0.2491 0.2442 0.2626 0.2441 
         310  1 0.2542 0.2469 0.2493 0.2496 
         311  1 0.2540 0.2419 0.2454 0.2587 
         312  1 0.2484 0.2393 0.2535 0.2589 
         313  1 0.2510 0.2447 0.2507 0.2535 
         314  1 0.2496 0.2615 0.2510 0.2379 
         315  1 0.2556 0.2499 0.2407 0.2538 
         316  1 0.2508 0.2592 0.2540 0.2360 
         317  1 0.2464 0.2636 0.2496 0.2403 
         318  1 0.2462 0.2485 0.2690 0.2364 
         319  1 0.2599 0.2503 0.2395 0.2503 
         320  1 0.2511 0.2496 0.2495 0.2497 
         321  1 0.2522 0.2516 0.2475 0.2487 
         322  1 0.2400 0.2385 0.2682 0.2533 
         323  1 0.2479 0.2615 0.2494 0.2411 
         324  1 0.2529 0.2657 0.2400 0.2414 
         325  1 0.2442 0.2511 0.2671 0.2376 
         326  1 0.2518 0.2462 0.2506 0.2514 
         327  1 0.2510 0.2516 0.2455 0.2520 
         328  1 0.2522 0.2505 0.2510 0.2463 
         329  1 0.2461 0.2460 0.2584 0.2495 
         330  1 0.2507 0.2398 0.2521 0.2573 
         331  1 0.2491 0.2620 0.2486 0.2403 
         332  1 0.2513 0.2505 0.2522 0.2460 
         333  1 0.2543 0.2461 0.2431 0.2565 
         334  1 0.2499 0.2498 0.2485 0.2517 
         335  1 0.2423 0.2668 0.2632 0.2276 
         336  1 0.2466 0.2592 0.2526 0.2416 
         337  1 0.2521 0.2479 0.2509 0.2490 
         338  1 0.2530 0.2471 0.2537 0.2461 
         339  1 0.2478 0.2450 0.2511 0.2562 
         340  1 0.2513 0.2491 0.2489 0.2507 
         341  1 0.2539 0.2540 0.2468 0.2452 
         342  1 0.2485 0.2462 0.2556 0.2497 
         343  1 0.2453 0.2462 0.2595 0.2489 
         344  1 0.2520 0.2533 0.2542 0.2405 
         345  1 0.2531 0.2495 0.2528 0.2446 
         346  1 0.2512 0.2469 0.2398 0.2621 
         347  1 0.2488 0.2447 0.2479 0.2586 
         348  1 0.2516 0.2438 0.2536 0.2509 
         349  1 0.2533 0.2407 0.2472 0.2588 
         350  1 0.2473 0.2683 0.2430 0.2414 
         351  1 0.2590 0.2461 0.2429 0.2520 
         352  1 0.2452 0.2635 0.2580 0.2333 
         353  1 0.2449 0.2462 0.2589 0.2499 
         354  1 0.2445 0.2438 0.2552 0.2566 
         355  1 0.2447 0.2442 0.2643 0.2467 
         356  1 0.2498 0.2476 0.2514 0.2512 
         357  1 0.2536 0.2436 0.2313 0.2715 
         358  1 0.2514 0.2424 0.2453 0.2608 
         359  1 0.2590 0.2558 0.2316 0.2537 
         360  1 0.2452 0.2460 0.2642 0.2446 
         361  1 0.2668 0.2640 0.2308 0.2383 
         362  1 0.2510 0.2441 0.2385 0.2664 
         363  1 0.2460 0.2418 0.2516 0.2605 
         364  1 0.2482 0.2426 0.2530 0.2563 
         365  1 0.2543 0.2472 0.2470 0.2515 
         366  1 0.2447 0.2618 0.2470 0.2464 
         367  1 0.2489 0.2595 0.2513 0.2403 
         368  1 0.2394 0.2511 0.2662 0.2433 
         369  1 0.2447 0.2595 0.2530 0.2429 
         370  1 0.2516 0.2433 0.2473 0.2578 
         371  1 0.2514 0.2462 0.2490 0.2534 
         372  1 0.2508 0.2455 0.2491 0.2546 
         373  1 0.2456 0.2596 0.2462 0.2485 
         374  1 0.2606 0.2536 0.2407 0.2450 
         375  1 0.2543 0.2557 0.2503 0.2398 
         376  1 0.2463 0.2442 0.2569 0.2526 
         377  1 0.2521 0.2503 0.2478 0.2498 
         378  1 0.2474 0.2406 0.2464 0.2656 
         379  1 0.2499 0.2389 0.2586 0.2527 
         380  1 0.2396 0.2483 0.2693 0.2428 
         381  1 0.2534 0.2499 0.2380 0.2586 
         382  1 0.2539 0.2553 0.2445 0.2462 
         383  1 0.2529 0.2437 0.2443 0.2591 
         384  1 0.2529 0.2448 0.2494 0.2528 
         385  1 0.2595 0.2519 0.2412 0.2474 
         386  1 0.2520 0.2506 0.2465 0.2508 
         387  1 0.2506 0.2403 0.2431 0.2660 
         388  1 0.2451 0.2418 0.2586 0.2545 
         389  1 0.2486 0.2415 0.2540 0.2559 
         390  1 0.2531 0.2597 0.2399 0.2473 
         391  1 0.2529 0.2488 0.2494 0.2489 
         392  1 0.2495 0.2476 0.2510 0.2519 
         393  1 0.2487 0.2508 0.2591 0.2415 
         394  1 0.2524 0.2470 0.2417 0.2589 
         395  1 0.2499 0.2509 0.2523 0.2470 
         396  1 0.2509 0.2543 0.2558 0.2390 
         397  1 0.2540 0.2531 0.2433 0.2496 
         398  1 0.2518 0.2559 0.2493 0.2431 
         399  1 0.2409 0.2584 0.2588 0.2418 
         400  1 0.2483 0.2462 0.2495 0.2560 
         401  1 0.2512 0.2647 0.2509 0.2332 
         402  1 0.2437 0.2539 0.2663 0.2360 
         403  1 0.2444 0.2463 0.2597 0.2495 
         404  1 0.2500 0.2481 0.2480 0.2539 
         405  1 0.2516 0.2561 0.2411 0.2511 
         406  1 0.2516 0.2578 0.2369 0.2537 
         407  1 0.2504 0.2441 0.2460 0.2596 
         408  1 0.2502 0.2450 0.2544 0.2503 
         409  1 0.2552 0.2497 0.2461 0.2490 
         410  1 0.2548 0.2529 0.2415 0.2508 
         411  1 0.2557 0.2590 0.2456 0.2397 
         412  1 0.2502 0.2616 0.2432 0.2450 
         413  1 0.2496 0.2432 0.2562 0.2510 
         414  1 0.2432 0.2455 0.2780 0.2333 
         415  1 0.2487 0.2459 0.2484 0.2571 
         416  1 0.2475 0.2527 0.2473 0.2525 
         417  1 0.2501 0.2460 0.2549 0.2489 
         418  1 0.2464 0.2460 0.2591 0.2485 
         419  1 0.2484 0.2425 0.2598 0.2493 
         420  1 0.2480 0.2514 0.2508 0.2499 
         421  1 0.2552 0.2444 0.2330 0.2674 
         422  1 0.2497 0.2505 0.2484 0.2513 
         423  1 0.2529 0.2480 0.2441 0.2550 
         424  1 0.2468 0.2563 0.2560 0.2409 
         425  1 0.2492 0.2435 0.2573 0.2500 
         426  1 0.2522 0.2482 0.2540 0.2456 
         427  1 0.2470 0.2511 0.2498 0.2522 
         428  1 0.2487 0.2539 0.2595 0.2378 
         429  1 0.2489 0.2435 0.2505 0.2571 
         430  1 0.2441 0.2498 0.2630 0.2431 
         431  1 0.2529 0.2506 0.2530 0.2436 
         432  1 0.2485 0.2465 0.2578 0.2472 
         433  1 0.2446 0.2482 0.2634 0.2438 
         434  1 0.2522 0.2453 0.2493 0.2532 
         435  1 0.2514 0.2580 0.2513 0.2393 
         436  1 0.2490 0.2413 0.2421 0.2676 
         437  1 0.2489 0.2436 0.2436 0.2639 
         438  1 0.2517 0.2540 0.2479 0.2463 
         439  1 0.2515 0.2451 0.2541 0.2493 
         440  1 0.2464 0.2417 0.2597 0.2522 
         441  1 0.2513 0.2486 0.2530 0.2471 
         442  1 0.2507 0.2499 0.2473 0.2521 
         443  1 0.2498 0.2539 0.2460 0.2502 
         444  1 0.2505 0.2484 0.2587 0.2423 
         445  1 0.2494 0.2477 0.2485 0.2545 
         446  1 0.2472 0.2579 0.2544 0.2404 
         447  1 0.2483 0.2507 0.2550 0.2460 
         448  1 0.2464 0.2475 0.2547 0.2514 
         449  1 0.2516 0.2452 0.2539 0.2493 
         450  1 0.2489 0.2507 0.2593 0.2411 
         451  1 0.2482 0.2428 0.2551 0.2539 
         452  1 0.2515 0.2551 0.2394 0.2539 
         453  1 0.2493 0.2657 0.2378 0.2472 
         454  1 0.2450 0.2467 0.2497 0.2586 
         455  1 0.2448 0.2446 0.2518 0.2588 
         456  1 0.2465 0.2368 0.2565 0.2602 
         457  1 0.2508 0.2628 0.2432 0.2433 
         458  1 0.2466 0.2504 0.2484 0.2546 
         459  1 0.2415 0.2508 0.2735 0.2342 
         460  1 0.2527 0.2488 0.2486 0.2498 
         461  1 0.2447 0.2533 0.2637 0.2383 
         462  1 0.2515 0.2498 0.2399 0.2588 
         463  1 0.2440 0.2566 0.2529 0.2465 
         464  1 0.2513 0.2531 0.2434 0.2522 
         465  1 0.2543 0.2646 0.2371 0.2439 
         466  1 0.2523 0.2547 0.2420 0.2509 
         467  1 0.2582 0.2517 0.2489 0.2413 
         468  1 0.2484 0.2450 0.2528 0.2539 
         469  1 0.2520 0.2640 0.2481 0.2359 
         470  1 0.2479 0.2436 0.2561 0.2524 
         471  1 0.2423 0.2378 0.2562 0.2637 
         472  1 0.2488 0.2531 0.2525 0.2456 
         473  1 0.2570 0.2515 0.2430 0.2484 
         474  1 0.2467 0.2446 0.2508 0.2579 
         475  1 0.2502 0.2435 0.2456 0.2607 
         476  1 0.2527 0.2614 0.2395 0.2464 
         477  1 0.2474 0.2645 0.2390 0.2491 
         478  1 0.2443 0.2467 0.2628 0.2463 
         479  1 0.2512 0.2396 0.2592 0.2501 
         480  1 0.2527 0.2450 0.2423 0.2600 
         481  1 0.2455 0.2565 0.2535 0.2446 
         482  1 0.2480 0.2549 0.2525 0.2446 
         483  1 0.2571 0.2586 0.2407 0.2436 
         484  1 0.2483 0.2544 0.2440 0.2533 
         485  1 0.2458 0.2433 0.2545 0.2565 
         486  1 0.2488 0.2544 0.2472 0.2497 
         487  1 0.2563 0.2536 0.2267 0.2634 
         488  1 0.2531 0.2432 0.2410 0.2626 
         489  1 0.2566 0.2576 0.2395 0.2462 
         490  1 0.2470 0.2521 0.2501 0.2508 
         491  1 0.2496 0.2408 0.2478 0.2619 
         492  1 0.2457 0.2422 0.2634 0.2488 
         493  1 0.2507 0.2417 0.2439 0.2637 
         494  1 0.2482 0.2561 0.2544 0.2413 
         495  1 0.2604 0.2474 0.2304 0.2618 
         496  1 0.2517 0.2536 0.2470 0.2477 
         497  1 0.2508 0.2428 0.2491 0.2574 
         498  1 0.2503 0.2431 0.2508 0.2557 
         499  1 0.2534 0.2459 0.2417 0.2590 
         500  1 0.2444 0.2475 0.2609 0.2471 
         501  1 0.2701 0.2600 0.2192 0.2507 
         502  1 0.2536 0.2495 0.2558 0.2411 
         503  1 0.2581 0.2601 0.2373 0.2445 
         504  1 0.2494 0.2533 0.2449 0.2524 
         505  1 0.2497 0.2456 0.2343 0.2705 
         506  1 0.2523 0.2449 0.2503 0.2526 
         507  1 0.2530 0.2439 0.2511 0.2520 
         508  1 0.2505 0.2513 0.2467 0.2516 
         509  1 0.2533 0.2522 0.2436 0.2510 
         510  1 0.2468 0.2501 0.2598 0.2433 
         511  1 0.2488 0.2544 0.2479 0.2489 
         512  1 0.2529 0.2402 0.2389 0.2680 
         513  1 0.2514 0.2466 0.2534 0.2487 
         514  1 0.2468 0.2425 0.2600 0.2507 
         515  1 0.2559 0.2447 0.2480 0.2515 
         516  1 0.2504 0.2427 0.2517 0.2552 
         517  1 0.2494 0.2418 0.2541 0.2547 
         518  1 0.2509 0.2452 0.2470 0.2569 
         519  1 0.2514 0.2552 0.2480 0.2454 
         520  1 0.2496 0.2437 0.2424 0.2643 
         521  1 0.2588 0.2514 0.2362 0.2535 
         522  1 0.2510 0.2596 0.2503 0.2391 
         523  1 0.2487 0.2521 0.2538 0.2454 
         524  1 0.2520 0.2484 0.2379 0.2617 
         525  1 0.2504 0.2602 0.2527 0.2366 
         526  1 0.2527 0.2491 0.2403 0.2579 
         527  1 0.2502 0.2586 0.2396 0.2516 
         528  1 0.2505 0.2574 0.2521 0.2401 
         529  1 0.2515 0.2485 0.2550 0.2450 
         530  1 0.2458 0.2540 0.2592 0.2409 
         531  1 0.2457 0.2388 0.2550 0.2606 
         532  1 0.2507 0.2503 0.2562 0.2428 
         533  1 0.2509 0.2544 0.2551 0.2395 
         534  1 0.2512 0.2530 0.2537 0.2421 
         535  1 0.2550 0.2520 0.2485 0.2446 
         536  1 0.2427 0.2505 0.2628 0.2439 
         537  1 0.2595 0.2449 0.2474 0.2482 
         538  1 0.2486 0.2473 0.2467 0.2573 
         539  1 0.2476 0.2404 0.2521 0.2599 
         540  1 0.2563 0.2423 0.2474 0.2540 
         541  1 0.2494 0.2503 0.2616 0.2386 
         542  1 0.2497 0.2481 0.2564 0.2458 
         543  1 0.2527 0.2592 0.2561 0.2319 
         544  1 0.2483 0.2424 0.2406 0.2688 
         545  1 0.2525 0.2401 0.2478 0.2596 
         546  1 0.2527 0.2495 0.2409 0.2569 
         547  1 0.2519 0.2503 0.2489 0.2488 
         548  1 0.2469 0.2523 0.2456 0.2552 
         549  1 0.2486 0.2422 0.2531 0.2560 
         550  1 0.2482 0.2458 0.2522 0.2538 
         551  1 0.2607 0.2529 0.2437 0.2427 
         552  1 0.2512 0.2476 0.2506 0.2506 
         553  1 0.2560 0.2456 0.2379 0.2605 
         554  1 0.2415 0.2515 0.2651 0.2419 
         555  1 0.2501 0.2517 0.2522 0.2460 
         556  1 0.2487 0.2542 0.2511 0.2460 
         557  1 0.2488 0.2461 0.2437 0.2614 
         558  1 0.2482 0.2584 0.2468 0.2466 
         559  1 0.2534 0.2508 0.2566 0.2392 
         560  1 0.2501 0.2430 0.2432 0.2638 
         561  1 0.2455 0.2503 0.2565 0.2477 
         562  1 0.2498 0.2357 0.2440 0.2705 
         563  1 0.2486 0.2437 0.2488 0.2589 
         564  1 0.2429 0.2530 0.2550 0.2491 
         565  1 0.2540 0.2543 0.2524 0.2394 
         566  1 0.2415 0.2474 0.2740 0.2371 
         567  1 0.2425 0.2478 0.2675 0.2422 
         568  1 0.2551 0.2542 0.2441 0.2466 
         569  1 0.2453 0.2389 0.2657 0.2501 
         570  1 0.2549 0.2535 0.2232 0.2684 
         571  1 0.2387 0.2492 0.2671 0.2450 
         572  1 0.2480 0.2449 0.2589 0.2482 
         573  1 0.2565 0.2555 0.2379 0.2501 
         574  1 0.2533 0.2526 0.2433 0.2508 
         575  1 0.2503 0.2430 0.2505 0.2562 
         576  1 0.2502 0.2460 0.2504 0.2535 
         577  1 0.2518 0.2499 0.2448 0.2535 
         578  1 0.2548 0.2503 0.2540 0.2409 
         579  1 0.2603 0.2524 0.2469 0.2404 
         580  1 0.2445 0.2396 0.2716 0.2444 
         581  1 0.2546 0.2492 0.2425 0.2536 
         582  1 0.2474 0.2373 0.2525 0.2628 
         583  1 0.2401 0.2482 0.2662 0.2456 
         584  1 0.2532 0.2627 0.2387 0.2454 
         585  1 0.2424 0.2473 0.2721 0.2382 
         586  1 0.2529 0.2417 0.2426 0.2628 
         587  1 0.2415 0.2504 0.2710 0.2371 
         588  1 0.2480 0.2521 0.2500 0.2499 
         589  1 0.2454 0.2465 0.2601 0.2480 
         590  1 0.2420 0.2418 0.2543 0.2618 
         591  1 0.2482 0.2494 0.2594 0.2430 
         592  1 0.2462 0.2456 0.2610 0.2472 
         593  1 0.2515 0.2440 0.2461 0.2585 
         594  1 0.2505 0.2387 0.2442 0.2666 
         595  1 0.2493 0.2451 0.2552 0.2504 
         596  1 0.2561 0.2479 0.2399 0.2561 
         597  1 0.2527 0.2468 0.2415 0.2591 
         598  1 0.2420 0.2372 0.2817 0.2391 
         599  1 0.2537 0.2577 0.2449 0.2437 
         600  1 0.2458 0.2532 0.2489 0.2520 
         601  1 0.2471 0.2695 0.2420 0.2414 
         602  1 0.2521 0.2439 0.2546 0.2494 
         603  1 0.2442 0.2509 0.2526 0.2523 
         604  1 0.2488 0.2610 0.2429 0.2473 
         605  1 0.2537 0.2527 0.2433 0.2503 
         606  1 0.2511 0.2463 0.2519 0.2507 
         607  1 0.2571 0.2455 0.2335 0.2639 
         608  1 0.2490 0.2580 0.2434 0.2495 
         609  1 0.2469 0.2588 0.2563 0.2379 
         610  1 0.2544 0.2459 0.2492 0.2504 
         611  1 0.2537 0.2441 0.2375 0.2647 
         612  1 0.2483 0.2554 0.2527 0.2436 
         613  1 0.2477 0.2438 0.2633 0.2452 
         614  1 0.2496 0.2492 0.2408 0.2603 
         615  1 0.2438 0.2486 0.2517 0.2559 
         616  1 0.2454 0.2443 0.2557 0.2546 
         617  1 0.2519 0.2540 0.2486 0.2456 
         618  1 0.2507 0.2651 0.2442 0.2399 
         619  1 0.2567 0.2499 0.2478 0.2456 
         620  1 0.2526 0.2460 0.2455 0.2559 
         621  1 0.2512 0.2422 0.2515 0.2552 
         622  1 0.2578 0.2537 0.2400 0.2485 
         623  1 0.2482 0.2522 0.2512 0.2484 
         624  1 0.2543 0.2431 0.2463 0.2564 
         625  1 0.2426 0.2546 0.2676 0.2352 
         626  1 0.2412 0.2478 0.2767 0.2343 
         627  1 0.2534 0.2516 0.2515 0.2435 
         628  1 0.2512 0.2599 0.2377 0.2512 
         629  1 0.2483 0.2532 0.2540 0.2445 
         630  1 0.2510 0.2423 0.2400 0.2667 
         631  1 0.2581 0.2544 0.2387 0.2488 
         632  1 0.2436 0.2483 0.2613 0.2468 
         633  1 0.2523 0.2449 0.2414 0.2614 
         634  1 0.2466 0.2554 0.2535 0.2444 
         635  1 0.2593 0.2568 0.2299 0.2540 
         636  1 0.2520 0.2452 0.2552 0.2477 
         637  1 0.2454 0.2528 0.2594 0.2423 
         638  1 0.2443 0.2416 0.2548 0.2594 
         639  1 0.2485 0.2530 0.2492 0.2493 
         640  1 0.2512 0.2506 0.2584 0.2399 
         641  1 0.2540 0.2484 0.2503 0.2474 
         642  1 0.2493 0.2563 0.2513 0.2431 
         643  1 0.2467 0.2455 0.2581 0.2497 
         644  1 0.2476 0.2491 0.2562 0.2471 
         645  1 0.2525 0.2493 0.2435 0.2546 
         646  1 0.2500 0.2438 0.2369 0.2694 
         647  1 0.2504 0.2664 0.2433 0.2399 
         648  1 0.2507 0.2512 0.2551 0.2430 
         649  1 0.2485 0.2537 0.2513 0.2465 
         650  1 0.2505 0.2496 0.2462 0.2536 
         651  1 0.2455 0.2439 0.2617 0.2488 
         652  1 0.2496 0.2622 0.2400 0.2483 
         653  1 0.2542 0.2428 0.2474 0.2556 
         654  1 0.2456 0.2409 0.2546 0.2590 
         655  1 0.2502 0.2486 0.2519 0.2492 
         656  1 0.2515 0.2585 0.2435 0.2464 
         657  1 0.2526 0.2483 0.2479 0.2512 
         658  1 0.2500 0.2510 0.2502 0.2488 
         659  1 0.2447 0.2511 0.2595 0.2447 
         660  1 0.2513 0.2467 0.2477 0.2544 
         661  1 0.2567 0.2492 0.2488 0.2453 
         662  1 0.2580 0.2551 0.2378 0.2491 
         663  1 0.2506 0.2427 0.2602 0.2465 
         664  1 0.2454 0.2399 0.2641 0.2506 
         665  1 0.2481 0.2533 0.2580 0.2406 
         666  1 0.2524 0.2605 0.2409 0.2463 
         667  1 0.2501 0.2480 0.2507 0.2511 
         668  1 0.2536 0.2496 0.2512 0.2456 
         669  1 0.2469 0.2442 0.2460 0.2629 
         670  1 0.2522 0.2491 0.2512 0.2474 
         671  1 0.2530 0.2702 0.2340 0.2428 
         672  1 0.2488 0.2529 0.2509 0.2474 
         673  1 0.2537 0.2564 0.2481 0.2418 
         674  1 0.2426 0.2450 0.2637 0.2487 
         675  1 0.2616 0.2540 0.2366 0.2478 
         676  1 0.2497 0.2450 0.2529 0.2525 
         677  1 0.2481 0.2503 0.2609 0.2407 
         678  1 0.2438 0.2434 0.2602 0.2527 
         679  1 0.2547 0.2494 0.2491 0.2468 
         680  1 0.2462 0.2615 0.2409 0.2514 
         681  1 0.2451 0.2599 0.2531 0.2419 
         682  1 0.2485 0.2357 0.2477 0.2681 
         683  1 0.2454 0.2529 0.2524 0.2494 
         684  1 0.2477 0.2477 0.2532 0.2514 
         685  1 0.2419 0.2466 0.2638 0.2477 
         686  1 0.2475 0.2504 0.2550 0.2471 
         687  1 0.2449 0.2481 0.2519 0.2550 
         688  1 0.2503 0.2426 0.2681 0.2390 
         689  1 0.2448 0.2486 0.2595 0.2471 
         690  1 0.2495 0.2465 0.2541 0.2498 
         691  1 0.2455 0.2434 0.2583 0.2528 
         692  1 0.2515 0.2409 0.2422 0.2655 
         693  1 0.2504 0.2531 0.2400 0.2565 
         694  1 0.2526 0.2454 0.2473 0.2547 
         695  1 0.2556 0.2530 0.2392 0.2521 
         696  1 0.2531 0.2493 0.2511 0.2465 
         697  1 0.2563 0.2627 0.2297 0.2513 
         698  1 0.2535 0.2479 0.2450 0.2537 
         699  1 0.2577 0.2508 0.2454 0.2462 
         700  1 0.2494 0.2558 0.2519 0.2429 
         701  1 0.2530 0.2499 0.2536 0.2435 
         702  1 0.2532 0.2438 0.2392 0.2638 
         703  1 0.2528 0.2564 0.2409 0.2499 
         704  1 0.2477 0.2526 0.2656 0.2341 
         705  1 0.2499 0.2476 0.2515 0.2510 
         706  1 0.2511 0.2544 0.2487 0.2458 
         707  1 0.2492 0.2382 0.2509 0.2617 
         708  1 0.2555 0.2561 0.2419 0.2466 
         709  1 0.2522 0.2502 0.2488 0.2488 
         710  1 0.2506 0.2496 0.2513 0.2485 
         711  1 0.2528 0.2439 0.2530 0.2502 
         712  1 0.2492 0.2399 0.2536 0.2572 
         713  1 0.2492 0.2477 0.2473 0.2558 
         714  1 0.2537 0.2452 0.2407 0.2604 
         715  1 0.2440 0.2579 0.2559 0.2422 
         716  1 0.2455 0.2469 0.2503 0.2573 
         717  1 0.2484 0.2515 0.2515 0.2486 
         718  1 0.2595 0.2496 0.2392 0.2517 
         719  1 0.2481 0.2601 0.2539 0.2378 
         720  1 0.2464 0.2511 0.2591 0.2434 
         721  1 0.2526 0.2463 0.2287 0.2724 
         722  1 0.2488 0.2411 0.2459 0.2642 
         723  1 0.2535 0.2713 0.2376 0.2376 
         724  1 0.2547 0.2478 0.2482 0.2493 
         725  1 0.2500 0.2493 0.2451 0.2555 
         726  1 0.2493 0.2515 0.2539 0.2453 
         727  1 0.2505 0.2534 0.2521 0.2440 
         728  1 0.2495 0.2459 0.2378 0.2668 
         729  1 0.2474 0.2467 0.2577 0.2482 
         730  1 0.2427 0.2495 0.2692 0.2386 
         731  1 0.2531 0.2658 0.2351 0.2460 
         732  1 0.2437 0.2442 0.2547 0.2575 
         733  1 0.2472 0.2426 0.2541 0.2560 
         734  1 0.2436 0.2446 0.2581 0.2538 
         735  1 0.2449 0.2505 0.2465 0.2581 
         736  1 0.2501 0.2490 0.2521 0.2488 
         737  1 0.2464 0.2542 0.2539 0.2454 
         738  1 0.2525 0.2653 0.2399 0.2423 
         739  1 0.2498 0.2422 0.2527 0.2553 
         740  1 0.2491 0.2667 0.2380 0.2462 
         741  1 0.2485 0.2496 0.2475 0.2544 
         742  1 0.2557 0.2450 0.2361 0.2632 
         743  1 0.2497 0.2446 0.2481 0.2576 
         744  1 0.2488 0.2498 0.2542 0.2471 
         745  1 0.2513 0.2455 0.2520 0.2512 
         746  1 0.2451 0.2404 0.2507 0.2638 
         747  1 0.2465 0.2392 0.2632 0.2511 
         748  1 0.2551 0.2387 0.2437 0.2625 
         749  1 0.2559 0.2565 0.2460 0.2416 
         750  1 0.2492 0.2460 0.2613 0.2435 
         751  1 0.2495 0.2647 0.2414 0.2443 
         752  1 0.2476 0.2592 0.2452 0.2480 
         753  1 0.2538 0.2443 0.2509 0.2510 
         754  1 0.2544 0.2593 0.2453 0.2410 
         755  1 0.2492 0.2589 0.2497 0.2423 
         756  1 0.2434 0.2514 0.2507 0.2545 
         757  1 0.2504 0.2499 0.2510 0.2487 
         758  1 0.2467 0.2471 0.2597 0.2465 
         759  1 0.2503 0.2401 0.2504 0.2592 
         760  1 0.2466 0.2497 0.2556 0.2481 
         761  1 0.2463 0.2484 0.2590 0.2464 
         762  1 0.2553 0.2587 0.2452 0.2409 
         763  1 0.2432 0.2586 0.2591 0.2392 
         764  1 0.2472 0.2443 0.2553 0.2532 
         765  1 0.2554 0.2526 0.2471 0.2449 
         766  1 0.2444 0.2582 0.2570 0.2404 
         767  1 0.2534 0.2403 0.2434 0.2629 
         768  1 0.2479 0.2534 0.2521 0.2466 
         769  1 0.2529 0.2453 0.2369 0.2649 
         770  1 0.2472 0.2412 0.2561 0.2555 
         771  1 0.2475 0.2590 0.2428 0.2507 
         772  1 0.2466 0.2489 0.2705 0.2341 
         773  1 0.2542 0.2526 0.2502 0.2430 
         774  1 0.2495 0.2538 0.2580 0.2387 
         775  1 0.2462 0.2470 0.2526 0.2541 
         776  1 0.2525 0.2719 0.2312 0.2444 
         777  1 0.2447 0.2546 0.2549 0.2458 
         778  1 0.2419 0.2547 0.2706 0.2328 
         779  1 0.2443 0.2449 0.2621 0.2487 
         780  1 0.2572 0.2547 0.2459 0.2422 
         781  1 0.2457 0.2467 0.2660 0.2416 
         782  1 0.2464 0.2469 0.2552 0.2515 
         783  1 0.2522 0.2476 0.2484 0.2517 
         784  1 0.2492 0.2508 0.2445 0.2555 
         785  1 0.2469 0.2457 0.2620 0.2454 
         786  1 0.2481 0.2412 0.2500 0.2606 
         787  1 0.2485 0.2434 0.2538 0.2542 
         788  1 0.2662 0.2531 0.2297 0.2510 
         789  1 0.2507 0.2510 0.2490 0.2492 
         790  1 0.2478 0.2420 0.2437 0.2665 
         791  1 0.2519 0.2433 0.2431 0.2617 
         792  1 0.2510 0.2476 0.2454 0.2560 
         793  1 0.2508 0.2582 0.2427 0.2484 
         794  1 0.2449 0.2512 0.2615 0.2424 
         795  1 0.2507 0.2539 0.2471 0.2482 
         796  1 0.2431 0.2468 0.2684 0.2418 
         797  1 0.2560 0.2629 0.2341 0.2470 
         798  1 0.2536 0.2486 0.2455 0.2522 
         799  1 0.2582 0.2490 0.2412 0.2516 
         800  1 0.2444 0.2544 0.2533 0.2479 
         801  1 0.2484 0.2484 0.2522 0.2510 
         802  1 0.2529 0.2542 0.2407 0.2522 
         803  1 0.2451 0.2488 0.2580 0.2482 
         804  1 0.2465 0.2552 0.2636 0.2347 
         805  1 0.2542 0.2482 0.2433 0.2544 
         806  1 0.2531 0.2511 0.2461 0.2496 
         807  1 0.2441 0.2581 0.2643 0.2335 
         808  1 0.2469 0.2653 0.2452 0.2426 
         809  1 0.2508 0.2558 0.2458 0.2476 
         810  1 0.2441 0.2460 0.2576 0.2522 
         811  1 0.2474 0.2497 0.2505 0.2524 
         812  1 0.2484 0.2520 0.2578 0.2418 
         813  1 0.2453 0.2442 0.2597 0.2508 
         814  1 0.2427 0.2457 0.2618 0.2498 
         815  1 0.2505 0.2593 0.2535 0.2367 
         816  1 0.2501 0.2515 0.2579 0.2405 
         817  1 0.2531 0.2500 0.2491 0.2478 
         818  1 0.2543 0.2543 0.2436 0.2478 
         819  1 0.2517 0.2546 0.2435 0.2502 
         820  1 0.2433 0.2552 0.2641 0.2373 
         821  1 0.2503 0.2401 0.2442 0.2654 
         822  1 0.2516 0.2473 0.2467 0.2544 
         823  1 0.2469 0.2481 0.2539 0.2511 
         824  1 0.2541 0.2437 0.2471 0.2551 
         825  1 0.2456 0.2537 0.2565 0.2442 
         826  1 0.2559 0.2464 0.2398 0.2579 
         827  1 0.2481 0.2561 0.2459 0.2499 
         828  1 0.2540 0.2525 0.2522 0.2412 
         829  1 0.2463 0.2591 0.2625 0.2321 
         830  1 0.2586 0.2572 0.2348 0.2494 
         831  1 0.2468 0.2520 0.2598 0.2414 
         832  1 0.2519 0.2480 0.2428 0.2573 
         833  1 0.2477 0.2639 0.2512 0.2372 
         834  1 0.2437 0.2476 0.2647 0.2439 
         835  1 0.2503 0.2386 0.2465 0.2645 
         836  1 0.2461 0.2477 0.2580 0.2481 
         837  1 0.2492 0.2462 0.2526 0.2519 
         838  1 0.2403 0.2468 0.2664 0.2465 
         839  1 0.2493 0.2484 0.2481 0.2542 
         840  1 0.2499 0.2473 0.2476 0.2552 
         841  1 0.2449 0.2480 0.2530 0.2542 
         842  1 0.2579 0.2532 0.2372 0.2517 
         843  1 0.2416 0.2483 0.2716 0.2386 
         844  1 0.2501 0.2491 0.2521 0.2487 
         845  1 0.2469 0.2512 0.2578 0.2440 
         846  1 0.2491 0.2474 0.2504 0.2531 
         847  1 0.2500 0.2397 0.2388 0.2715 
         848  1 0.2564 0.2560 0.2436 0.2441 
         849  1 0.2523 0.2445 0.2402 0.2630 
         850  1 0.2435 0.2496 0.2638 0.2431 
         851  1 0.2492 0.2477 0.2431 0.2600 
         852  1 0.2560 0.2462 0.2395 0.2583 
         853  1 0.2534 0.2549 0.2367 0.2550 
         854  1 0.2531 0.2549 0.2383 0.2537 
         855  1 0.2547 0.2361 0.2394 0.2698 
         856  1 0.2508 0.2450 0.2518 0.2525 
         857  1 0.2493 0.2524 0.2510 0.2473 
         858  1 0.2532 0.2535 0.2480 0.2453 
         859  1 0.2534 0.2441 0.2471 0.2554 
         860  1 0.2492 0.2595 0.2477 0.2436 
         861  1 0.2525 0.2411 0.2454 0.2609 
         862  1 0.2676 0.2550 0.2293 0.2482 
         863  1 0.2480 0.2482 0.2584 0.2455 
         864  1 0.2518 0.2435 0.2468 0.2579 
         865  1 0.2421 0.2408 0.2712 0.2460 
         866  1 0.2583 0.2632 0.2377 0.2409 
         867  1 0.2491 0.2584 0.2473 0.2451 
         868  1 0.2485 0.2473 0.2601 0.2441 
         869  1 0.2525 0.2451 0.2473 0.2551 
         870  1 0.2552 0.2469 0.2554 0.2425 
         871  1 0.2494 0.2470 0.2520 0.2516 
         872  1 0.2530 0.2464 0.2448 0.2559 
         873  1 0.2499 0.2438 0.2555 0.2508 
         874  1 0.2499 0.2482 0.2552 0.2467 
         875  1 0.2562 0.2598 0.2451 0.2388 
         876  1 0.2489 0.2519 0.2515 0.2477 
         877  1 0.2461 0.2514 0.2575 0.2449 
         878  1 0.2436 0.2510 0.2632 0.2422 
         879  1 0.2461 0.2534 0.2538 0.2467 
         880  1 0.2485 0.2530 0.2528 0.2457 
         881  1 0.2473 0.2503 0.2512 0.2512 
         882  1 0.2555 0.2535 0.2414 0.2495 
         883  1 0.2490 0.2507 0.2573 0.2429 
         884  1 0.2531 0.2428 0.2388 0.2652 
         885  1 0.2459 0.2382 0.2513 0.2646 
         886  1 0.2553 0.2688 0.2395 0.2365 
         887  1 0.2580 0.2469 0.2335 0.2616 
         888  1 0.2479 0.2392 0.2468 0.2662 
