           1  1 0.1409 0.1420 0.1501 0.1449 0.1397 0.1416 0.1408 
           2  1 0.1462 0.1464 0.1431 0.1424 0.1412 0.1402 0.1406 
           3  1 0.1430 0.1439 0.1399 0.1458 0.1421 0.1426 0.1427 
           4  1 0.1375 0.1454 0.1464 0.1449 0.1426 0.1409 0.1422 
           5  1 0.1451 0.1442 0.1453 0.1437 0.1426 0.1385 0.1406 
           6  1 0.1470 0.1426 0.1475 0.1436 0.1426 0.1376 0.1391 
           7  1 0.1402 0.1430 0.1483 0.1450 0.1408 0.1415 0.1413 
           8  1 0.1397 0.1431 0.1443 0.1448 0.1415 0.1414 0.1451 
           9  1 0.1442 0.1415 0.1375 0.1407 0.1458 0.1451 0.1453 
          10  1 0.1385 0.1424 0.1440 0.1443 0.1406 0.1475 0.1427 
          11  1 0.1479 0.1423 0.1399 0.1418 0.1418 0.1465 0.1400 
          12  1 0.1489 0.1402 0.1376 0.1388 0.1469 0.1456 0.1421 
          13  1 0.1452 0.1449 0.1416 0.1449 0.1416 0.1406 0.1410 
          14  1 0.1449 0.1441 0.1466 0.1476 0.1386 0.1368 0.1414 
          15  1 0.1397 0.1457 0.1486 0.1433 0.1397 0.1408 0.1422 
          16  1 0.1452 0.1417 0.1471 0.1442 0.1402 0.1415 0.1400 
          17  1 0.1441 0.1419 0.1412 0.1404 0.1435 0.1446 0.1444 
          18  1 0.1461 0.1401 0.1378 0.1396 0.1476 0.1459 0.1430 
          19  1 0.1413 0.1437 0.1423 0.1431 0.1451 0.1426 0.1418 
          20  1 0.1452 0.1395 0.1520 0.1402 0.1455 0.1405 0.1371 
          21  1 0.1431 0.1443 0.1423 0.1450 0.1414 0.1409 0.1430 
          22  1 0.1478 0.1432 0.1390 0.1409 0.1433 0.1421 0.1436 
          23  1 0.1472 0.1452 0.1455 0.1429 0.1395 0.1396 0.1401 
          24  1 0.1362 0.1425 0.1552 0.1455 0.1383 0.1413 0.1410 
          25  1 0.1416 0.1451 0.1408 0.1463 0.1385 0.1428 0.1448 
          26  1 0.1463 0.1418 0.1429 0.1416 0.1433 0.1418 0.1422 
          27  1 0.1402 0.1446 0.1420 0.1444 0.1417 0.1449 0.1422 
          28  1 0.1412 0.1440 0.1417 0.1427 0.1428 0.1452 0.1424 
          29  1 0.1437 0.1442 0.1434 0.1433 0.1388 0.1436 0.1429 
          30  1 0.1428 0.1421 0.1429 0.1441 0.1411 0.1419 0.1450 
          31  1 0.1441 0.1423 0.1413 0.1443 0.1443 0.1400 0.1437 
          32  1 0.1434 0.1416 0.1393 0.1424 0.1431 0.1450 0.1451 
          33  1 0.1433 0.1403 0.1363 0.1415 0.1481 0.1458 0.1447 
          34  1 0.1451 0.1415 0.1468 0.1436 0.1428 0.1388 0.1414 
          35  1 0.1416 0.1439 0.1413 0.1414 0.1414 0.1454 0.1448 
          36  1 0.1438 0.1436 0.1420 0.1431 0.1434 0.1426 0.1414 
          37  1 0.1436 0.1413 0.1412 0.1434 0.1434 0.1472 0.1400 
          38  1 0.1443 0.1424 0.1394 0.1446 0.1436 0.1436 0.1422 
          39  1 0.1428 0.1450 0.1392 0.1446 0.1447 0.1403 0.1434 
          40  1 0.1434 0.1417 0.1430 0.1427 0.1431 0.1429 0.1432 
          41  1 0.1447 0.1417 0.1387 0.1394 0.1446 0.1455 0.1455 
          42  1 0.1431 0.1441 0.1387 0.1423 0.1463 0.1454 0.1400 
          43  1 0.1389 0.1433 0.1439 0.1448 0.1432 0.1429 0.1431 
          44  1 0.1431 0.1421 0.1468 0.1444 0.1420 0.1403 0.1413 
          45  1 0.1468 0.1404 0.1480 0.1430 0.1433 0.1388 0.1397 
          46  1 0.1399 0.1419 0.1472 0.1431 0.1444 0.1416 0.1419 
          47  1 0.1448 0.1415 0.1410 0.1450 0.1407 0.1431 0.1438 
          48  1 0.1401 0.1448 0.1411 0.1431 0.1435 0.1429 0.1445 
          49  1 0.1445 0.1446 0.1375 0.1413 0.1423 0.1451 0.1446 
          50  1 0.1458 0.1440 0.1432 0.1458 0.1411 0.1397 0.1402 
          51  1 0.1413 0.1392 0.1409 0.1411 0.1484 0.1482 0.1410 
          52  1 0.1418 0.1421 0.1431 0.1444 0.1383 0.1495 0.1407 
          53  1 0.1424 0.1406 0.1449 0.1420 0.1400 0.1494 0.1407 
          54  1 0.1409 0.1420 0.1376 0.1454 0.1453 0.1476 0.1412 
          55  1 0.1461 0.1409 0.1376 0.1374 0.1485 0.1463 0.1432 
          56  1 0.1465 0.1462 0.1408 0.1460 0.1394 0.1386 0.1424 
          57  1 0.1450 0.1414 0.1380 0.1380 0.1496 0.1458 0.1422 
          58  1 0.1415 0.1399 0.1455 0.1420 0.1456 0.1457 0.1397 
          59  1 0.1470 0.1404 0.1473 0.1445 0.1424 0.1399 0.1386 
          60  1 0.1428 0.1420 0.1461 0.1420 0.1431 0.1431 0.1408 
          61  1 0.1397 0.1434 0.1467 0.1461 0.1401 0.1408 0.1431 
          62  1 0.1428 0.1416 0.1381 0.1458 0.1446 0.1422 0.1449 
          63  1 0.1426 0.1470 0.1373 0.1453 0.1416 0.1409 0.1453 
          64  1 0.1442 0.1417 0.1404 0.1452 0.1431 0.1454 0.1401 
          65  1 0.1447 0.1415 0.1439 0.1403 0.1445 0.1429 0.1422 
          66  1 0.1381 0.1471 0.1440 0.1490 0.1384 0.1402 0.1431 
          67  1 0.1399 0.1433 0.1378 0.1437 0.1457 0.1472 0.1423 
          68  1 0.1433 0.1418 0.1408 0.1396 0.1448 0.1445 0.1453 
          69  1 0.1457 0.1430 0.1384 0.1390 0.1429 0.1450 0.1460 
          70  1 0.1431 0.1414 0.1392 0.1439 0.1423 0.1481 0.1418 
          71  1 0.1496 0.1428 0.1420 0.1401 0.1441 0.1400 0.1415 
          72  1 0.1402 0.1451 0.1394 0.1427 0.1451 0.1448 0.1428 
          73  1 0.1416 0.1425 0.1420 0.1436 0.1424 0.1430 0.1449 
          74  1 0.1374 0.1401 0.1478 0.1416 0.1454 0.1466 0.1411 
          75  1 0.1402 0.1442 0.1412 0.1450 0.1455 0.1400 0.1439 
          76  1 0.1440 0.1450 0.1412 0.1413 0.1411 0.1423 0.1452 
          77  1 0.1489 0.1428 0.1401 0.1424 0.1413 0.1441 0.1405 
          78  1 0.1423 0.1438 0.1399 0.1464 0.1435 0.1434 0.1408 
          79  1 0.1423 0.1449 0.1470 0.1427 0.1423 0.1396 0.1412 
          80  1 0.1397 0.1467 0.1428 0.1430 0.1429 0.1428 0.1421 
          81  1 0.1490 0.1427 0.1348 0.1387 0.1456 0.1450 0.1442 
          82  1 0.1447 0.1406 0.1455 0.1402 0.1456 0.1398 0.1436 
          83  1 0.1446 0.1426 0.1425 0.1414 0.1434 0.1456 0.1398 
          84  1 0.1388 0.1457 0.1415 0.1466 0.1426 0.1399 0.1449 
          85  1 0.1385 0.1437 0.1479 0.1459 0.1400 0.1424 0.1416 
          86  1 0.1402 0.1446 0.1429 0.1450 0.1398 0.1440 0.1435 
          87  1 0.1391 0.1428 0.1417 0.1434 0.1460 0.1461 0.1411 
          88  1 0.1450 0.1419 0.1449 0.1409 0.1419 0.1425 0.1429 
          89  1 0.1407 0.1409 0.1384 0.1418 0.1465 0.1471 0.1446 
          90  1 0.1401 0.1418 0.1459 0.1423 0.1434 0.1444 0.1421 
          91  1 0.1446 0.1400 0.1379 0.1405 0.1466 0.1463 0.1441 
          92  1 0.1398 0.1446 0.1395 0.1438 0.1434 0.1459 0.1429 
          93  1 0.1435 0.1432 0.1389 0.1401 0.1467 0.1443 0.1433 
          94  1 0.1433 0.1401 0.1485 0.1398 0.1428 0.1406 0.1448 
          95  1 0.1399 0.1426 0.1454 0.1456 0.1389 0.1444 0.1433 
          96  1 0.1429 0.1455 0.1403 0.1421 0.1417 0.1438 0.1437 
          97  1 0.1445 0.1406 0.1376 0.1423 0.1452 0.1477 0.1423 
          98  1 0.1443 0.1417 0.1381 0.1396 0.1458 0.1474 0.1430 
          99  1 0.1406 0.1443 0.1421 0.1442 0.1457 0.1409 0.1422 
         100  1 0.1422 0.1414 0.1413 0.1409 0.1476 0.1435 0.1431 
         101  1 0.1423 0.1436 0.1403 0.1417 0.1436 0.1454 0.1431 
         102  1 0.1412 0.1451 0.1406 0.1432 0.1433 0.1428 0.1440 
         103  1 0.1444 0.1418 0.1381 0.1405 0.1449 0.1464 0.1440 
         104  1 0.1441 0.1423 0.1407 0.1438 0.1455 0.1447 0.1389 
         105  1 0.1424 0.1416 0.1409 0.1438 0.1435 0.1453 0.1425 
         106  1 0.1421 0.1411 0.1447 0.1440 0.1393 0.1435 0.1453 
         107  1 0.1419 0.1382 0.1572 0.1384 0.1453 0.1383 0.1407 
         108  1 0.1422 0.1435 0.1383 0.1438 0.1438 0.1457 0.1428 
         109  1 0.1366 0.1449 0.1488 0.1483 0.1386 0.1392 0.1435 
         110  1 0.1423 0.1462 0.1442 0.1428 0.1407 0.1417 0.1421 
         111  1 0.1415 0.1433 0.1510 0.1434 0.1403 0.1398 0.1406 
         112  1 0.1416 0.1440 0.1434 0.1447 0.1409 0.1429 0.1425 
         113  1 0.1426 0.1448 0.1446 0.1432 0.1398 0.1411 0.1439 
         114  1 0.1452 0.1425 0.1398 0.1423 0.1425 0.1434 0.1443 
         115  1 0.1418 0.1432 0.1458 0.1404 0.1440 0.1410 0.1438 
         116  1 0.1451 0.1435 0.1364 0.1422 0.1435 0.1455 0.1438 
         117  1 0.1440 0.1418 0.1420 0.1412 0.1450 0.1451 0.1409 
         118  1 0.1455 0.1446 0.1387 0.1423 0.1422 0.1440 0.1426 
         119  1 0.1464 0.1418 0.1446 0.1407 0.1434 0.1428 0.1403 
         120  1 0.1448 0.1415 0.1481 0.1436 0.1408 0.1411 0.1402 
         121  1 0.1430 0.1458 0.1451 0.1439 0.1400 0.1411 0.1411 
         122  1 0.1414 0.1438 0.1427 0.1424 0.1429 0.1446 0.1422 
         123  1 0.1410 0.1440 0.1431 0.1462 0.1418 0.1412 0.1427 
         124  1 0.1448 0.1381 0.1540 0.1413 0.1457 0.1391 0.1370 
         125  1 0.1408 0.1453 0.1468 0.1445 0.1408 0.1385 0.1432 
         126  1 0.1434 0.1433 0.1484 0.1457 0.1409 0.1378 0.1406 
         127  1 0.1413 0.1456 0.1489 0.1422 0.1405 0.1405 0.1409 
         128  1 0.1401 0.1422 0.1360 0.1412 0.1490 0.1457 0.1457 
         129  1 0.1424 0.1451 0.1460 0.1443 0.1374 0.1457 0.1390 
         130  1 0.1385 0.1464 0.1401 0.1458 0.1429 0.1451 0.1413 
         131  1 0.1406 0.1395 0.1488 0.1411 0.1452 0.1432 0.1416 
         132  1 0.1455 0.1416 0.1504 0.1421 0.1451 0.1363 0.1391 
         133  1 0.1410 0.1462 0.1401 0.1425 0.1426 0.1429 0.1448 
         134  1 0.1341 0.1455 0.1468 0.1500 0.1391 0.1382 0.1463 
         135  1 0.1395 0.1424 0.1450 0.1442 0.1479 0.1400 0.1410 
         136  1 0.1424 0.1406 0.1441 0.1400 0.1457 0.1430 0.1443 
         137  1 0.1435 0.1427 0.1407 0.1459 0.1392 0.1458 0.1422 
         138  1 0.1407 0.1444 0.1408 0.1432 0.1413 0.1456 0.1440 
         139  1 0.1439 0.1429 0.1441 0.1434 0.1423 0.1422 0.1412 
         140  1 0.1420 0.1453 0.1389 0.1423 0.1435 0.1434 0.1446 
         141  1 0.1385 0.1443 0.1450 0.1484 0.1397 0.1423 0.1417 
         142  1 0.1445 0.1424 0.1430 0.1420 0.1419 0.1432 0.1430 
         143  1 0.1441 0.1470 0.1450 0.1456 0.1408 0.1372 0.1402 
         144  1 0.1466 0.1418 0.1428 0.1418 0.1428 0.1411 0.1431 
         145  1 0.1430 0.1409 0.1363 0.1387 0.1492 0.1452 0.1467 
         146  1 0.1464 0.1432 0.1420 0.1407 0.1429 0.1434 0.1415 
         147  1 0.1424 0.1454 0.1406 0.1449 0.1421 0.1405 0.1441 
         148  1 0.1427 0.1443 0.1436 0.1463 0.1393 0.1401 0.1436 
         149  1 0.1410 0.1440 0.1490 0.1447 0.1399 0.1398 0.1415 
         150  1 0.1419 0.1439 0.1441 0.1454 0.1387 0.1449 0.1412 
         151  1 0.1456 0.1448 0.1361 0.1408 0.1451 0.1465 0.1411 
         152  1 0.1411 0.1414 0.1447 0.1445 0.1419 0.1440 0.1424 
         153  1 0.1454 0.1434 0.1393 0.1416 0.1457 0.1417 0.1429 
         154  1 0.1381 0.1479 0.1409 0.1469 0.1408 0.1421 0.1433 
         155  1 0.1432 0.1455 0.1340 0.1400 0.1464 0.1438 0.1470 
         156  1 0.1447 0.1413 0.1401 0.1410 0.1471 0.1453 0.1406 
         157  1 0.1385 0.1460 0.1499 0.1457 0.1380 0.1388 0.1431 
         158  1 0.1390 0.1457 0.1415 0.1464 0.1444 0.1405 0.1425 
         159  1 0.1404 0.1460 0.1470 0.1462 0.1412 0.1385 0.1407 
         160  1 0.1438 0.1442 0.1412 0.1428 0.1429 0.1425 0.1426 
         161  1 0.1426 0.1435 0.1425 0.1417 0.1428 0.1443 0.1425 
         162  1 0.1409 0.1451 0.1418 0.1406 0.1438 0.1438 0.1440 
         163  1 0.1389 0.1456 0.1457 0.1441 0.1408 0.1431 0.1417 
         164  1 0.1419 0.1416 0.1466 0.1441 0.1399 0.1439 0.1421 
         165  1 0.1461 0.1428 0.1437 0.1435 0.1445 0.1384 0.1411 
         166  1 0.1464 0.1395 0.1419 0.1393 0.1464 0.1440 0.1425 
         167  1 0.1422 0.1442 0.1471 0.1399 0.1416 0.1422 0.1429 
         168  1 0.1443 0.1396 0.1403 0.1420 0.1427 0.1452 0.1459 
         169  1 0.1439 0.1438 0.1424 0.1425 0.1416 0.1430 0.1429 
         170  1 0.1471 0.1424 0.1400 0.1418 0.1430 0.1437 0.1421 
         171  1 0.1400 0.1454 0.1423 0.1463 0.1418 0.1395 0.1446 
         172  1 0.1443 0.1426 0.1417 0.1447 0.1380 0.1456 0.1431 
         173  1 0.1405 0.1470 0.1422 0.1439 0.1398 0.1430 0.1434 
         174  1 0.1449 0.1439 0.1443 0.1429 0.1420 0.1391 0.1428 
         175  1 0.1455 0.1416 0.1420 0.1401 0.1434 0.1419 0.1455 
         176  1 0.1426 0.1425 0.1471 0.1419 0.1415 0.1424 0.1421 
         177  1 0.1431 0.1417 0.1400 0.1420 0.1436 0.1438 0.1458 
         178  1 0.1447 0.1421 0.1397 0.1413 0.1464 0.1431 0.1426 
         179  1 0.1405 0.1446 0.1373 0.1457 0.1419 0.1432 0.1466 
         180  1 0.1480 0.1441 0.1433 0.1431 0.1431 0.1390 0.1393 
         181  1 0.1473 0.1433 0.1369 0.1422 0.1449 0.1441 0.1413 
         182  1 0.1477 0.1413 0.1389 0.1386 0.1456 0.1446 0.1432 
         183  1 0.1458 0.1411 0.1396 0.1437 0.1412 0.1440 0.1445 
         184  1 0.1464 0.1423 0.1420 0.1421 0.1417 0.1422 0.1433 
         185  1 0.1418 0.1425 0.1377 0.1415 0.1468 0.1456 0.1441 
         186  1 0.1446 0.1426 0.1460 0.1418 0.1428 0.1422 0.1401 
         187  1 0.1431 0.1415 0.1470 0.1428 0.1417 0.1419 0.1421 
         188  1 0.1458 0.1436 0.1346 0.1406 0.1448 0.1449 0.1457 
         189  1 0.1413 0.1420 0.1383 0.1413 0.1447 0.1457 0.1467 
         190  1 0.1465 0.1422 0.1411 0.1407 0.1425 0.1451 0.1420 
         191  1 0.1472 0.1449 0.1410 0.1461 0.1416 0.1398 0.1395 
         192  1 0.1418 0.1474 0.1448 0.1463 0.1380 0.1411 0.1406 
         193  1 0.1424 0.1417 0.1396 0.1392 0.1452 0.1484 0.1434 
         194  1 0.1465 0.1444 0.1394 0.1430 0.1407 0.1417 0.1444 
         195  1 0.1434 0.1442 0.1429 0.1423 0.1411 0.1408 0.1452 
         196  1 0.1461 0.1441 0.1387 0.1415 0.1428 0.1434 0.1434 
         197  1 0.1402 0.1488 0.1408 0.1445 0.1423 0.1421 0.1412 
         198  1 0.1447 0.1456 0.1452 0.1405 0.1428 0.1404 0.1408 
         199  1 0.1408 0.1444 0.1408 0.1440 0.1405 0.1433 0.1462 
         200  1 0.1410 0.1480 0.1396 0.1443 0.1416 0.1429 0.1425 
         201  1 0.1436 0.1406 0.1376 0.1387 0.1484 0.1444 0.1466 
         202  1 0.1457 0.1387 0.1434 0.1412 0.1412 0.1472 0.1426 
         203  1 0.1459 0.1469 0.1388 0.1424 0.1414 0.1420 0.1426 
         204  1 0.1435 0.1412 0.1492 0.1438 0.1422 0.1391 0.1411 
         205  1 0.1425 0.1435 0.1399 0.1423 0.1447 0.1427 0.1445 
         206  1 0.1455 0.1427 0.1460 0.1436 0.1412 0.1404 0.1406 
         207  1 0.1413 0.1423 0.1498 0.1419 0.1444 0.1397 0.1405 
         208  1 0.1398 0.1437 0.1460 0.1439 0.1427 0.1400 0.1439 
         209  1 0.1432 0.1439 0.1425 0.1437 0.1415 0.1437 0.1414 
         210  1 0.1415 0.1492 0.1425 0.1476 0.1376 0.1382 0.1434 
         211  1 0.1352 0.1429 0.1517 0.1498 0.1386 0.1372 0.1446 
         212  1 0.1436 0.1406 0.1359 0.1410 0.1501 0.1464 0.1424 
         213  1 0.1452 0.1413 0.1437 0.1432 0.1397 0.1451 0.1419 
         214  1 0.1379 0.1462 0.1428 0.1444 0.1418 0.1432 0.1437 
         215  1 0.1437 0.1452 0.1446 0.1460 0.1370 0.1413 0.1421 
         216  1 0.1490 0.1442 0.1378 0.1409 0.1424 0.1445 0.1412 
         217  1 0.1444 0.1450 0.1409 0.1458 0.1380 0.1442 0.1417 
         218  1 0.1486 0.1453 0.1420 0.1422 0.1415 0.1394 0.1411 
         219  1 0.1392 0.1416 0.1445 0.1438 0.1433 0.1441 0.1435 
         220  1 0.1424 0.1421 0.1477 0.1444 0.1422 0.1397 0.1416 
         221  1 0.1391 0.1432 0.1445 0.1435 0.1424 0.1450 0.1424 
         222  1 0.1429 0.1422 0.1455 0.1420 0.1432 0.1416 0.1427 
         223  1 0.1396 0.1400 0.1512 0.1423 0.1431 0.1453 0.1385 
         224  1 0.1443 0.1405 0.1488 0.1440 0.1392 0.1408 0.1424 
         225  1 0.1447 0.1429 0.1436 0.1430 0.1434 0.1407 0.1416 
         226  1 0.1429 0.1449 0.1417 0.1437 0.1424 0.1418 0.1425 
         227  1 0.1365 0.1412 0.1469 0.1466 0.1414 0.1473 0.1402 
         228  1 0.1419 0.1424 0.1424 0.1422 0.1409 0.1447 0.1455 
         229  1 0.1453 0.1436 0.1385 0.1408 0.1424 0.1432 0.1462 
         230  1 0.1442 0.1416 0.1388 0.1427 0.1454 0.1435 0.1437 
         231  1 0.1456 0.1429 0.1344 0.1426 0.1446 0.1451 0.1447 
         232  1 0.1429 0.1425 0.1416 0.1429 0.1417 0.1458 0.1426 
         233  1 0.1436 0.1422 0.1457 0.1407 0.1467 0.1399 0.1413 
         234  1 0.1441 0.1449 0.1395 0.1425 0.1446 0.1420 0.1423 
         235  1 0.1489 0.1414 0.1376 0.1394 0.1460 0.1446 0.1422 
         236  1 0.1381 0.1432 0.1385 0.1462 0.1413 0.1446 0.1481 
         237  1 0.1489 0.1423 0.1360 0.1409 0.1453 0.1444 0.1422 
         238  1 0.1401 0.1450 0.1390 0.1427 0.1433 0.1423 0.1476 
         239  1 0.1435 0.1402 0.1394 0.1444 0.1391 0.1462 0.1471 
         240  1 0.1451 0.1432 0.1438 0.1408 0.1441 0.1388 0.1442 
         241  1 0.1450 0.1416 0.1392 0.1432 0.1421 0.1457 0.1431 
         242  1 0.1403 0.1432 0.1431 0.1424 0.1422 0.1441 0.1446 
         243  1 0.1454 0.1416 0.1457 0.1433 0.1409 0.1410 0.1422 
         244  1 0.1415 0.1423 0.1392 0.1436 0.1449 0.1456 0.1429 
         245  1 0.1455 0.1416 0.1478 0.1412 0.1406 0.1439 0.1395 
         246  1 0.1412 0.1426 0.1372 0.1428 0.1443 0.1471 0.1447 
         247  1 0.1405 0.1446 0.1393 0.1430 0.1435 0.1425 0.1466 
         248  1 0.1440 0.1415 0.1364 0.1417 0.1490 0.1437 0.1438 
         249  1 0.1399 0.1421 0.1431 0.1443 0.1418 0.1452 0.1435 
         250  1 0.1480 0.1438 0.1402 0.1439 0.1436 0.1412 0.1394 
         251  1 0.1411 0.1429 0.1370 0.1410 0.1499 0.1439 0.1442 
         252  1 0.1450 0.1450 0.1416 0.1429 0.1415 0.1392 0.1447 
         253  1 0.1395 0.1437 0.1471 0.1449 0.1417 0.1423 0.1407 
         254  1 0.1439 0.1433 0.1420 0.1419 0.1450 0.1416 0.1424 
         255  1 0.1402 0.1419 0.1464 0.1446 0.1411 0.1442 0.1417 
         256  1 0.1395 0.1436 0.1440 0.1415 0.1417 0.1461 0.1436 
         257  1 0.1401 0.1457 0.1395 0.1450 0.1441 0.1420 0.1438 
         258  1 0.1384 0.1410 0.1477 0.1469 0.1388 0.1434 0.1437 
         259  1 0.1407 0.1471 0.1420 0.1452 0.1395 0.1426 0.1429 
         260  1 0.1391 0.1427 0.1403 0.1418 0.1434 0.1458 0.1469 
         261  1 0.1444 0.1358 0.1514 0.1417 0.1432 0.1462 0.1374 
         262  1 0.1412 0.1472 0.1472 0.1452 0.1403 0.1374 0.1414 
         263  1 0.1470 0.1424 0.1353 0.1390 0.1461 0.1479 0.1423 
         264  1 0.1444 0.1470 0.1426 0.1431 0.1384 0.1423 0.1422 
         265  1 0.1432 0.1455 0.1384 0.1427 0.1418 0.1443 0.1441 
         266  1 0.1459 0.1448 0.1391 0.1409 0.1466 0.1427 0.1401 
         267  1 0.1387 0.1438 0.1452 0.1430 0.1427 0.1428 0.1437 
         268  1 0.1429 0.1403 0.1491 0.1449 0.1409 0.1419 0.1399 
         269  1 0.1394 0.1432 0.1522 0.1465 0.1381 0.1387 0.1420 
         270  1 0.1476 0.1448 0.1429 0.1420 0.1380 0.1417 0.1430 
         271  1 0.1453 0.1425 0.1397 0.1421 0.1457 0.1428 0.1420 
         272  1 0.1417 0.1457 0.1398 0.1425 0.1426 0.1416 0.1462 
         273  1 0.1429 0.1390 0.1367 0.1394 0.1489 0.1465 0.1466 
         274  1 0.1417 0.1432 0.1423 0.1454 0.1408 0.1434 0.1432 
         275  1 0.1398 0.1462 0.1448 0.1466 0.1393 0.1400 0.1434 
         276  1 0.1509 0.1434 0.1411 0.1409 0.1406 0.1400 0.1432 
         277  1 0.1456 0.1444 0.1442 0.1417 0.1428 0.1417 0.1396 
         278  1 0.1400 0.1395 0.1506 0.1466 0.1383 0.1427 0.1423 
         279  1 0.1437 0.1436 0.1456 0.1429 0.1432 0.1406 0.1404 
         280  1 0.1424 0.1385 0.1490 0.1418 0.1421 0.1442 0.1421 
         281  1 0.1456 0.1408 0.1349 0.1396 0.1502 0.1447 0.1441 
         282  1 0.1429 0.1412 0.1406 0.1419 0.1445 0.1437 0.1452 
         283  1 0.1452 0.1428 0.1481 0.1418 0.1412 0.1400 0.1409 
         284  1 0.1488 0.1382 0.1434 0.1397 0.1442 0.1463 0.1394 
         285  1 0.1433 0.1415 0.1394 0.1415 0.1471 0.1468 0.1404 
         286  1 0.1418 0.1419 0.1489 0.1442 0.1411 0.1408 0.1413 
         287  1 0.1443 0.1427 0.1356 0.1413 0.1457 0.1463 0.1441 
         288  1 0.1452 0.1408 0.1371 0.1420 0.1459 0.1458 0.1432 
         289  1 0.1448 0.1425 0.1380 0.1419 0.1433 0.1441 0.1453 
         290  1 0.1456 0.1376 0.1494 0.1390 0.1449 0.1472 0.1363 
         291  1 0.1432 0.1439 0.1468 0.1444 0.1396 0.1393 0.1428 
         292  1 0.1431 0.1444 0.1368 0.1423 0.1441 0.1444 0.1449 
         293  1 0.1469 0.1430 0.1389 0.1415 0.1416 0.1459 0.1422 
         294  1 0.1412 0.1428 0.1376 0.1410 0.1465 0.1444 0.1464 
         295  1 0.1412 0.1440 0.1412 0.1452 0.1419 0.1449 0.1415 
         296  1 0.1411 0.1433 0.1477 0.1434 0.1394 0.1464 0.1387 
         297  1 0.1411 0.1420 0.1379 0.1437 0.1435 0.1490 0.1429 
         298  1 0.1440 0.1429 0.1430 0.1442 0.1410 0.1437 0.1413 
         299  1 0.1386 0.1421 0.1346 0.1428 0.1463 0.1526 0.1431 
         300  1 0.1390 0.1440 0.1523 0.1459 0.1407 0.1355 0.1426 
         301  1 0.1454 0.1439 0.1389 0.1420 0.1440 0.1427 0.1431 
         302  1 0.1391 0.1445 0.1387 0.1433 0.1452 0.1426 0.1466 
         303  1 0.1437 0.1450 0.1413 0.1433 0.1411 0.1419 0.1438 
         304  1 0.1472 0.1453 0.1489 0.1416 0.1397 0.1380 0.1393 
         305  1 0.1444 0.1436 0.1435 0.1402 0.1450 0.1411 0.1422 
         306  1 0.1447 0.1453 0.1380 0.1427 0.1439 0.1402 0.1452 
         307  1 0.1425 0.1435 0.1448 0.1426 0.1433 0.1414 0.1418 
         308  1 0.1437 0.1450 0.1437 0.1414 0.1426 0.1414 0.1421 
         309  1 0.1461 0.1395 0.1360 0.1395 0.1478 0.1445 0.1466 
         310  1 0.1413 0.1432 0.1431 0.1433 0.1419 0.1426 0.1446 
         311  1 0.1469 0.1413 0.1430 0.1431 0.1408 0.1415 0.1434 
         312  1 0.1476 0.1413 0.1451 0.1421 0.1426 0.1414 0.1400 
         313  1 0.1426 0.1406 0.1430 0.1435 0.1449 0.1424 0.1431 
         314  1 0.1425 0.1438 0.1427 0.1454 0.1394 0.1447 0.1415 
         315  1 0.1440 0.1445 0.1424 0.1470 0.1390 0.1406 0.1424 
         316  1 0.1413 0.1410 0.1454 0.1437 0.1415 0.1435 0.1435 
         317  1 0.1427 0.1404 0.1485 0.1444 0.1412 0.1421 0.1406 
         318  1 0.1483 0.1401 0.1367 0.1409 0.1454 0.1455 0.1430 
         319  1 0.1434 0.1438 0.1476 0.1460 0.1366 0.1409 0.1418 
         320  1 0.1430 0.1454 0.1403 0.1433 0.1404 0.1440 0.1436 
         321  1 0.1429 0.1418 0.1448 0.1452 0.1400 0.1430 0.1423 
         322  1 0.1458 0.1442 0.1327 0.1397 0.1468 0.1453 0.1455 
         323  1 0.1412 0.1413 0.1481 0.1415 0.1393 0.1446 0.1440 
         324  1 0.1397 0.1423 0.1491 0.1476 0.1403 0.1401 0.1409 
         325  1 0.1447 0.1432 0.1383 0.1431 0.1411 0.1469 0.1427 
         326  1 0.1426 0.1465 0.1421 0.1457 0.1417 0.1390 0.1424 
         327  1 0.1421 0.1431 0.1464 0.1425 0.1402 0.1420 0.1436 
         328  1 0.1436 0.1437 0.1400 0.1411 0.1429 0.1435 0.1450 
         329  1 0.1460 0.1447 0.1391 0.1454 0.1421 0.1406 0.1421 
         330  1 0.1448 0.1423 0.1426 0.1424 0.1432 0.1418 0.1430 
         331  1 0.1415 0.1399 0.1469 0.1423 0.1435 0.1446 0.1413 
         332  1 0.1427 0.1388 0.1454 0.1411 0.1456 0.1423 0.1440 
         333  1 0.1445 0.1428 0.1466 0.1443 0.1397 0.1391 0.1429 
         334  1 0.1404 0.1441 0.1408 0.1441 0.1404 0.1443 0.1458 
         335  1 0.1466 0.1399 0.1399 0.1394 0.1478 0.1431 0.1433 
         336  1 0.1408 0.1395 0.1478 0.1433 0.1416 0.1449 0.1422 
         337  1 0.1393 0.1424 0.1441 0.1438 0.1441 0.1416 0.1446 
         338  1 0.1398 0.1422 0.1407 0.1432 0.1438 0.1456 0.1447 
         339  1 0.1453 0.1433 0.1422 0.1453 0.1409 0.1417 0.1413 
         340  1 0.1430 0.1440 0.1451 0.1438 0.1422 0.1402 0.1418 
         341  1 0.1447 0.1407 0.1444 0.1422 0.1429 0.1418 0.1432 
         342  1 0.1439 0.1461 0.1380 0.1419 0.1437 0.1436 0.1428 
         343  1 0.1475 0.1407 0.1407 0.1408 0.1453 0.1419 0.1431 
         344  1 0.1419 0.1444 0.1388 0.1438 0.1446 0.1410 0.1455 
         345  1 0.1389 0.1419 0.1416 0.1411 0.1473 0.1453 0.1440 
         346  1 0.1441 0.1434 0.1475 0.1418 0.1420 0.1389 0.1424 
         347  1 0.1429 0.1411 0.1443 0.1430 0.1425 0.1419 0.1443 
         348  1 0.1446 0.1439 0.1432 0.1424 0.1429 0.1408 0.1422 
         349  1 0.1431 0.1397 0.1399 0.1417 0.1456 0.1446 0.1454 
         350  1 0.1396 0.1387 0.1559 0.1397 0.1437 0.1425 0.1400 
         351  1 0.1398 0.1424 0.1422 0.1450 0.1449 0.1438 0.1419 
         352  1 0.1426 0.1367 0.1451 0.1398 0.1481 0.1460 0.1417 
         353  1 0.1468 0.1417 0.1440 0.1432 0.1434 0.1416 0.1394 
         354  1 0.1447 0.1457 0.1404 0.1429 0.1407 0.1429 0.1428 
         355  1 0.1463 0.1440 0.1406 0.1415 0.1440 0.1440 0.1395 
         356  1 0.1428 0.1418 0.1447 0.1405 0.1458 0.1403 0.1440 
         357  1 0.1422 0.1447 0.1446 0.1494 0.1368 0.1379 0.1444 
         358  1 0.1464 0.1430 0.1406 0.1423 0.1439 0.1381 0.1456 
         359  1 0.1422 0.1403 0.1502 0.1460 0.1378 0.1401 0.1435 
         360  1 0.1461 0.1433 0.1370 0.1400 0.1436 0.1464 0.1435 
         361  1 0.1401 0.1409 0.1462 0.1480 0.1387 0.1424 0.1437 
         362  1 0.1399 0.1470 0.1419 0.1430 0.1414 0.1422 0.1446 
         363  1 0.1479 0.1443 0.1387 0.1431 0.1435 0.1406 0.1420 
         364  1 0.1468 0.1413 0.1395 0.1400 0.1441 0.1431 0.1452 
         365  1 0.1421 0.1424 0.1427 0.1451 0.1429 0.1408 0.1440 
         366  1 0.1449 0.1413 0.1449 0.1424 0.1411 0.1424 0.1429 
         367  1 0.1434 0.1399 0.1467 0.1427 0.1439 0.1426 0.1407 
         368  1 0.1442 0.1418 0.1381 0.1393 0.1471 0.1451 0.1444 
         369  1 0.1358 0.1413 0.1448 0.1445 0.1433 0.1474 0.1429 
         370  1 0.1416 0.1397 0.1431 0.1439 0.1464 0.1417 0.1437 
         371  1 0.1407 0.1428 0.1426 0.1437 0.1409 0.1450 0.1442 
         372  1 0.1440 0.1457 0.1418 0.1432 0.1417 0.1415 0.1422 
         373  1 0.1417 0.1443 0.1459 0.1412 0.1422 0.1418 0.1428 
         374  1 0.1410 0.1442 0.1434 0.1457 0.1370 0.1446 0.1440 
         375  1 0.1439 0.1441 0.1429 0.1428 0.1384 0.1436 0.1442 
         376  1 0.1460 0.1417 0.1380 0.1405 0.1433 0.1450 0.1454 
         377  1 0.1426 0.1425 0.1430 0.1443 0.1422 0.1413 0.1440 
         378  1 0.1451 0.1446 0.1454 0.1425 0.1429 0.1387 0.1408 
         379  1 0.1431 0.1432 0.1364 0.1410 0.1474 0.1470 0.1419 
         380  1 0.1430 0.1439 0.1341 0.1399 0.1484 0.1476 0.1431 
         381  1 0.1442 0.1439 0.1455 0.1415 0.1432 0.1385 0.1431 
         382  1 0.1400 0.1429 0.1413 0.1440 0.1431 0.1461 0.1426 
         383  1 0.1416 0.1440 0.1434 0.1437 0.1421 0.1415 0.1437 
         384  1 0.1399 0.1446 0.1417 0.1433 0.1424 0.1436 0.1445 
         385  1 0.1424 0.1410 0.1439 0.1448 0.1422 0.1432 0.1425 
         386  1 0.1396 0.1436 0.1439 0.1448 0.1404 0.1468 0.1408 
         387  1 0.1429 0.1432 0.1430 0.1455 0.1414 0.1400 0.1439 
         388  1 0.1455 0.1410 0.1358 0.1418 0.1464 0.1452 0.1443 
         389  1 0.1439 0.1451 0.1390 0.1419 0.1445 0.1430 0.1426 
         390  1 0.1327 0.1449 0.1449 0.1489 0.1383 0.1451 0.1452 
         391  1 0.1395 0.1438 0.1420 0.1463 0.1421 0.1424 0.1440 
         392  1 0.1412 0.1415 0.1424 0.1412 0.1460 0.1432 0.1445 
         393  1 0.1427 0.1431 0.1425 0.1437 0.1403 0.1448 0.1430 
         394  1 0.1454 0.1438 0.1425 0.1437 0.1420 0.1413 0.1414 
         395  1 0.1452 0.1435 0.1438 0.1422 0.1437 0.1416 0.1399 
         396  1 0.1424 0.1407 0.1422 0.1430 0.1445 0.1460 0.1412 
         397  1 0.1431 0.1432 0.1460 0.1426 0.1413 0.1428 0.1410 
         398  1 0.1464 0.1439 0.1446 0.1412 0.1394 0.1444 0.1400 
         399  1 0.1427 0.1409 0.1400 0.1406 0.1468 0.1479 0.1410 
         400  1 0.1463 0.1426 0.1405 0.1426 0.1453 0.1414 0.1414 
         401  1 0.1385 0.1413 0.1497 0.1418 0.1414 0.1449 0.1424 
         402  1 0.1471 0.1448 0.1388 0.1399 0.1423 0.1452 0.1419 
         403  1 0.1468 0.1433 0.1424 0.1419 0.1453 0.1404 0.1399 
         404  1 0.1445 0.1390 0.1491 0.1406 0.1437 0.1429 0.1402 
         405  1 0.1409 0.1434 0.1471 0.1396 0.1450 0.1436 0.1405 
         406  1 0.1461 0.1401 0.1512 0.1402 0.1425 0.1394 0.1404 
         407  1 0.1441 0.1418 0.1427 0.1436 0.1418 0.1411 0.1448 
         408  1 0.1447 0.1418 0.1397 0.1421 0.1422 0.1463 0.1433 
         409  1 0.1403 0.1431 0.1443 0.1447 0.1427 0.1434 0.1416 
         410  1 0.1427 0.1429 0.1440 0.1449 0.1443 0.1401 0.1411 
         411  1 0.1385 0.1441 0.1470 0.1474 0.1397 0.1437 0.1396 
         412  1 0.1418 0.1397 0.1485 0.1416 0.1433 0.1433 0.1418 
         413  1 0.1402 0.1428 0.1387 0.1432 0.1467 0.1450 0.1433 
         414  1 0.1474 0.1356 0.1342 0.1390 0.1508 0.1494 0.1436 
         415  1 0.1458 0.1443 0.1424 0.1412 0.1437 0.1407 0.1418 
         416  1 0.1450 0.1428 0.1444 0.1429 0.1429 0.1415 0.1405 
         417  1 0.1462 0.1414 0.1441 0.1422 0.1412 0.1431 0.1418 
         418  1 0.1453 0.1418 0.1477 0.1409 0.1422 0.1426 0.1395 
         419  1 0.1441 0.1430 0.1427 0.1416 0.1429 0.1431 0.1425 
         420  1 0.1460 0.1400 0.1457 0.1407 0.1428 0.1428 0.1420 
         421  1 0.1427 0.1466 0.1435 0.1458 0.1385 0.1403 0.1426 
         422  1 0.1440 0.1453 0.1435 0.1409 0.1421 0.1426 0.1416 
         423  1 0.1405 0.1471 0.1410 0.1452 0.1408 0.1411 0.1444 
         424  1 0.1391 0.1400 0.1401 0.1413 0.1480 0.1475 0.1442 
         425  1 0.1455 0.1410 0.1358 0.1409 0.1478 0.1460 0.1430 
         426  1 0.1452 0.1400 0.1430 0.1423 0.1410 0.1444 0.1441 
         427  1 0.1450 0.1420 0.1470 0.1435 0.1424 0.1395 0.1404 
         428  1 0.1415 0.1396 0.1417 0.1393 0.1442 0.1458 0.1479 
         429  1 0.1464 0.1410 0.1409 0.1412 0.1428 0.1437 0.1440 
         430  1 0.1469 0.1416 0.1445 0.1379 0.1465 0.1443 0.1382 
         431  1 0.1431 0.1408 0.1448 0.1385 0.1447 0.1433 0.1448 
         432  1 0.1457 0.1430 0.1384 0.1417 0.1435 0.1448 0.1428 
         433  1 0.1462 0.1421 0.1378 0.1408 0.1451 0.1441 0.1440 
         434  1 0.1372 0.1419 0.1393 0.1468 0.1476 0.1447 0.1425 
         435  1 0.1453 0.1398 0.1469 0.1416 0.1457 0.1406 0.1400 
         436  1 0.1443 0.1449 0.1425 0.1432 0.1428 0.1417 0.1406 
         437  1 0.1422 0.1444 0.1404 0.1473 0.1405 0.1411 0.1440 
         438  1 0.1377 0.1431 0.1434 0.1421 0.1441 0.1454 0.1442 
         439  1 0.1452 0.1437 0.1419 0.1429 0.1403 0.1432 0.1428 
         440  1 0.1461 0.1418 0.1404 0.1406 0.1449 0.1436 0.1427 
         441  1 0.1406 0.1429 0.1411 0.1448 0.1411 0.1453 0.1442 
         442  1 0.1391 0.1448 0.1391 0.1435 0.1423 0.1457 0.1455 
         443  1 0.1457 0.1422 0.1481 0.1428 0.1423 0.1409 0.1380 
         444  1 0.1408 0.1439 0.1413 0.1422 0.1444 0.1432 0.1444 
         445  1 0.1407 0.1437 0.1411 0.1413 0.1458 0.1407 0.1468 
         446  1 0.1410 0.1397 0.1456 0.1417 0.1434 0.1452 0.1433 
         447  1 0.1458 0.1426 0.1410 0.1413 0.1427 0.1434 0.1432 
         448  1 0.1460 0.1430 0.1412 0.1436 0.1426 0.1423 0.1414 
         449  1 0.1425 0.1422 0.1417 0.1449 0.1420 0.1427 0.1441 
         450  1 0.1433 0.1412 0.1382 0.1412 0.1434 0.1444 0.1483 
         451  1 0.1428 0.1405 0.1354 0.1427 0.1473 0.1458 0.1456 
         452  1 0.1453 0.1439 0.1459 0.1451 0.1390 0.1405 0.1403 
         453  1 0.1415 0.1422 0.1546 0.1408 0.1430 0.1387 0.1391 
         454  1 0.1415 0.1447 0.1438 0.1425 0.1455 0.1413 0.1408 
         455  1 0.1411 0.1440 0.1372 0.1408 0.1441 0.1472 0.1456 
         456  1 0.1466 0.1425 0.1378 0.1435 0.1435 0.1424 0.1439 
         457  1 0.1401 0.1425 0.1501 0.1422 0.1397 0.1446 0.1408 
         458  1 0.1452 0.1420 0.1429 0.1420 0.1430 0.1418 0.1431 
         459  1 0.1484 0.1398 0.1393 0.1390 0.1451 0.1480 0.1404 
         460  1 0.1447 0.1423 0.1424 0.1414 0.1441 0.1415 0.1436 
         461  1 0.1453 0.1417 0.1379 0.1442 0.1425 0.1468 0.1417 
         462  1 0.1420 0.1435 0.1442 0.1451 0.1389 0.1431 0.1433 
         463  1 0.1403 0.1421 0.1447 0.1435 0.1402 0.1466 0.1425 
         464  1 0.1421 0.1402 0.1466 0.1444 0.1393 0.1417 0.1457 
         465  1 0.1400 0.1415 0.1470 0.1480 0.1374 0.1440 0.1423 
         466  1 0.1418 0.1411 0.1479 0.1426 0.1427 0.1420 0.1419 
         467  1 0.1448 0.1404 0.1444 0.1392 0.1460 0.1419 0.1433 
         468  1 0.1459 0.1427 0.1402 0.1425 0.1427 0.1424 0.1437 
         469  1 0.1403 0.1438 0.1399 0.1457 0.1431 0.1452 0.1421 
         470  1 0.1447 0.1419 0.1379 0.1403 0.1459 0.1438 0.1456 
         471  1 0.1490 0.1439 0.1396 0.1433 0.1427 0.1406 0.1409 
         472  1 0.1412 0.1438 0.1410 0.1409 0.1438 0.1455 0.1437 
         473  1 0.1401 0.1424 0.1460 0.1434 0.1404 0.1435 0.1442 
         474  1 0.1409 0.1455 0.1414 0.1425 0.1434 0.1436 0.1426 
         475  1 0.1437 0.1428 0.1425 0.1437 0.1419 0.1432 0.1422 
         476  1 0.1395 0.1429 0.1433 0.1451 0.1417 0.1463 0.1412 
         477  1 0.1429 0.1399 0.1513 0.1426 0.1423 0.1426 0.1384 
         478  1 0.1467 0.1390 0.1401 0.1411 0.1445 0.1444 0.1442 
         479  1 0.1438 0.1440 0.1370 0.1399 0.1477 0.1427 0.1448 
         480  1 0.1427 0.1431 0.1458 0.1442 0.1431 0.1380 0.1432 
         481  1 0.1426 0.1442 0.1403 0.1450 0.1406 0.1434 0.1439 
         482  1 0.1458 0.1396 0.1436 0.1406 0.1430 0.1454 0.1420 
         483  1 0.1373 0.1399 0.1524 0.1441 0.1436 0.1434 0.1393 
         484  1 0.1428 0.1457 0.1464 0.1443 0.1418 0.1383 0.1407 
         485  1 0.1397 0.1446 0.1389 0.1416 0.1446 0.1444 0.1463 
         486  1 0.1417 0.1413 0.1490 0.1416 0.1436 0.1405 0.1423 
         487  1 0.1398 0.1470 0.1506 0.1459 0.1400 0.1337 0.1430 
         488  1 0.1433 0.1440 0.1429 0.1426 0.1430 0.1395 0.1446 
         489  1 0.1394 0.1442 0.1436 0.1457 0.1383 0.1420 0.1467 
         490  1 0.1450 0.1421 0.1407 0.1429 0.1422 0.1449 0.1421 
         491  1 0.1411 0.1451 0.1400 0.1423 0.1421 0.1444 0.1450 
         492  1 0.1447 0.1434 0.1377 0.1419 0.1448 0.1446 0.1428 
         493  1 0.1448 0.1423 0.1411 0.1406 0.1460 0.1422 0.1430 
         494  1 0.1404 0.1439 0.1428 0.1399 0.1446 0.1459 0.1424 
         495  1 0.1388 0.1473 0.1446 0.1445 0.1387 0.1408 0.1455 
         496  1 0.1418 0.1451 0.1398 0.1436 0.1403 0.1463 0.1430 
         497  1 0.1414 0.1434 0.1405 0.1429 0.1450 0.1421 0.1448 
         498  1 0.1448 0.1420 0.1374 0.1430 0.1448 0.1418 0.1463 
         499  1 0.1385 0.1440 0.1440 0.1443 0.1427 0.1450 0.1415 
         500  1 0.1441 0.1430 0.1403 0.1408 0.1451 0.1452 0.1414 
         501  1 0.1383 0.1440 0.1567 0.1480 0.1385 0.1333 0.1412 
         502  1 0.1398 0.1398 0.1460 0.1410 0.1431 0.1461 0.1440 
         503  1 0.1351 0.1437 0.1479 0.1466 0.1423 0.1424 0.1420 
         504  1 0.1433 0.1416 0.1458 0.1437 0.1408 0.1417 0.1432 
         505  1 0.1427 0.1433 0.1426 0.1470 0.1380 0.1421 0.1442 
         506  1 0.1400 0.1449 0.1365 0.1449 0.1449 0.1443 0.1444 
         507  1 0.1391 0.1421 0.1403 0.1446 0.1429 0.1483 0.1427 
         508  1 0.1430 0.1440 0.1455 0.1448 0.1418 0.1408 0.1402 
         509  1 0.1381 0.1437 0.1495 0.1431 0.1413 0.1401 0.1442 
         510  1 0.1451 0.1413 0.1411 0.1409 0.1441 0.1446 0.1428 
         511  1 0.1419 0.1420 0.1413 0.1429 0.1411 0.1468 0.1441 
         512  1 0.1405 0.1420 0.1473 0.1454 0.1408 0.1428 0.1412 
         513  1 0.1435 0.1439 0.1411 0.1443 0.1404 0.1445 0.1423 
         514  1 0.1456 0.1405 0.1397 0.1403 0.1454 0.1446 0.1440 
         515  1 0.1428 0.1447 0.1411 0.1431 0.1430 0.1431 0.1422 
         516  1 0.1404 0.1420 0.1397 0.1444 0.1450 0.1444 0.1441 
         517  1 0.1458 0.1416 0.1369 0.1418 0.1436 0.1446 0.1458 
         518  1 0.1420 0.1451 0.1442 0.1433 0.1436 0.1392 0.1425 
         519  1 0.1398 0.1429 0.1439 0.1474 0.1427 0.1407 0.1427 
         520  1 0.1436 0.1487 0.1403 0.1445 0.1418 0.1375 0.1437 
         521  1 0.1384 0.1440 0.1485 0.1456 0.1381 0.1424 0.1431 
         522  1 0.1431 0.1392 0.1476 0.1411 0.1419 0.1454 0.1418 
         523  1 0.1435 0.1403 0.1382 0.1439 0.1436 0.1453 0.1452 
         524  1 0.1405 0.1442 0.1447 0.1454 0.1401 0.1416 0.1436 
         525  1 0.1379 0.1433 0.1406 0.1469 0.1433 0.1444 0.1436 
         526  1 0.1428 0.1437 0.1453 0.1457 0.1378 0.1411 0.1436 
         527  1 0.1369 0.1441 0.1412 0.1442 0.1417 0.1449 0.1471 
         528  1 0.1454 0.1394 0.1463 0.1434 0.1400 0.1446 0.1409 
         529  1 0.1472 0.1430 0.1448 0.1428 0.1441 0.1395 0.1385 
         530  1 0.1435 0.1418 0.1395 0.1410 0.1459 0.1446 0.1437 
         531  1 0.1425 0.1432 0.1372 0.1405 0.1458 0.1430 0.1479 
         532  1 0.1430 0.1404 0.1432 0.1442 0.1431 0.1437 0.1424 
         533  1 0.1442 0.1462 0.1388 0.1442 0.1399 0.1447 0.1420 
         534  1 0.1427 0.1435 0.1419 0.1386 0.1453 0.1445 0.1435 
         535  1 0.1407 0.1431 0.1460 0.1424 0.1428 0.1431 0.1420 
         536  1 0.1456 0.1424 0.1404 0.1416 0.1459 0.1419 0.1420 
         537  1 0.1420 0.1439 0.1445 0.1455 0.1413 0.1430 0.1398 
         538  1 0.1462 0.1423 0.1435 0.1420 0.1457 0.1387 0.1415 
         539  1 0.1423 0.1443 0.1398 0.1431 0.1456 0.1405 0.1445 
         540  1 0.1394 0.1402 0.1415 0.1440 0.1462 0.1460 0.1427 
         541  1 0.1474 0.1430 0.1388 0.1419 0.1430 0.1438 0.1422 
         542  1 0.1433 0.1440 0.1392 0.1453 0.1413 0.1434 0.1435 
         543  1 0.1424 0.1421 0.1471 0.1426 0.1407 0.1457 0.1396 
         544  1 0.1407 0.1434 0.1434 0.1474 0.1412 0.1386 0.1452 
         545  1 0.1429 0.1449 0.1396 0.1451 0.1417 0.1434 0.1425 
         546  1 0.1407 0.1446 0.1461 0.1422 0.1412 0.1418 0.1434 
         547  1 0.1404 0.1405 0.1463 0.1435 0.1412 0.1439 0.1442 
         548  1 0.1431 0.1409 0.1476 0.1381 0.1456 0.1400 0.1446 
         549  1 0.1424 0.1431 0.1431 0.1445 0.1417 0.1430 0.1422 
         550  1 0.1441 0.1425 0.1405 0.1401 0.1433 0.1447 0.1448 
         551  1 0.1379 0.1464 0.1451 0.1470 0.1391 0.1400 0.1446 
         552  1 0.1470 0.1429 0.1411 0.1434 0.1401 0.1429 0.1426 
         553  1 0.1392 0.1471 0.1417 0.1484 0.1435 0.1359 0.1443 
         554  1 0.1483 0.1400 0.1420 0.1409 0.1424 0.1450 0.1413 
         555  1 0.1407 0.1413 0.1445 0.1414 0.1426 0.1452 0.1442 
         556  1 0.1462 0.1428 0.1409 0.1421 0.1431 0.1412 0.1438 
         557  1 0.1444 0.1468 0.1431 0.1427 0.1403 0.1411 0.1417 
         558  1 0.1432 0.1414 0.1517 0.1448 0.1405 0.1393 0.1392 
         559  1 0.1408 0.1448 0.1414 0.1422 0.1427 0.1451 0.1428 
         560  1 0.1456 0.1434 0.1438 0.1469 0.1412 0.1395 0.1396 
         561  1 0.1416 0.1422 0.1401 0.1405 0.1479 0.1440 0.1437 
         562  1 0.1461 0.1440 0.1402 0.1413 0.1439 0.1415 0.1430 
         563  1 0.1443 0.1427 0.1412 0.1445 0.1414 0.1434 0.1425 
         564  1 0.1466 0.1380 0.1506 0.1408 0.1424 0.1436 0.1379 
         565  1 0.1449 0.1427 0.1442 0.1404 0.1470 0.1393 0.1415 
         566  1 0.1417 0.1387 0.1344 0.1387 0.1533 0.1492 0.1441 
         567  1 0.1464 0.1428 0.1402 0.1432 0.1400 0.1462 0.1413 
         568  1 0.1393 0.1448 0.1504 0.1422 0.1411 0.1415 0.1406 
         569  1 0.1459 0.1429 0.1389 0.1406 0.1466 0.1428 0.1423 
         570  1 0.1357 0.1472 0.1476 0.1475 0.1415 0.1368 0.1436 
         571  1 0.1455 0.1415 0.1366 0.1405 0.1475 0.1437 0.1446 
         572  1 0.1444 0.1427 0.1406 0.1412 0.1421 0.1447 0.1443 
         573  1 0.1391 0.1434 0.1447 0.1449 0.1418 0.1426 0.1436 
         574  1 0.1423 0.1412 0.1476 0.1400 0.1457 0.1409 0.1423 
         575  1 0.1431 0.1450 0.1380 0.1434 0.1438 0.1437 0.1430 
         576  1 0.1391 0.1412 0.1417 0.1429 0.1440 0.1442 0.1468 
         577  1 0.1434 0.1415 0.1454 0.1423 0.1415 0.1432 0.1427 
         578  1 0.1450 0.1415 0.1455 0.1410 0.1408 0.1439 0.1423 
         579  1 0.1401 0.1404 0.1482 0.1419 0.1412 0.1449 0.1433 
         580  1 0.1478 0.1373 0.1366 0.1400 0.1487 0.1472 0.1425 
         581  1 0.1462 0.1405 0.1441 0.1403 0.1426 0.1420 0.1443 
         582  1 0.1432 0.1432 0.1408 0.1409 0.1448 0.1418 0.1455 
         583  1 0.1444 0.1412 0.1372 0.1413 0.1455 0.1453 0.1451 
         584  1 0.1389 0.1442 0.1468 0.1439 0.1416 0.1430 0.1415 
         585  1 0.1477 0.1397 0.1365 0.1389 0.1475 0.1471 0.1426 
         586  1 0.1469 0.1447 0.1393 0.1442 0.1405 0.1404 0.1441 
         587  1 0.1482 0.1430 0.1351 0.1418 0.1431 0.1462 0.1425 
         588  1 0.1419 0.1428 0.1453 0.1413 0.1436 0.1428 0.1423 
         589  1 0.1456 0.1414 0.1347 0.1405 0.1470 0.1477 0.1433 
         590  1 0.1486 0.1415 0.1400 0.1432 0.1433 0.1412 0.1422 
         591  1 0.1447 0.1402 0.1435 0.1399 0.1430 0.1446 0.1442 
         592  1 0.1479 0.1413 0.1357 0.1392 0.1454 0.1438 0.1468 
         593  1 0.1434 0.1434 0.1377 0.1422 0.1424 0.1444 0.1465 
         594  1 0.1427 0.1411 0.1421 0.1446 0.1424 0.1429 0.1442 
         595  1 0.1422 0.1420 0.1406 0.1428 0.1453 0.1445 0.1425 
         596  1 0.1444 0.1420 0.1426 0.1451 0.1392 0.1408 0.1459 
         597  1 0.1406 0.1456 0.1429 0.1440 0.1437 0.1397 0.1435 
         598  1 0.1479 0.1396 0.1296 0.1347 0.1546 0.1477 0.1459 
         599  1 0.1378 0.1452 0.1441 0.1435 0.1439 0.1416 0.1438 
         600  1 0.1416 0.1414 0.1416 0.1417 0.1463 0.1445 0.1429 
         601  1 0.1442 0.1400 0.1525 0.1435 0.1397 0.1415 0.1386 
         602  1 0.1409 0.1428 0.1360 0.1423 0.1474 0.1458 0.1449 
         603  1 0.1435 0.1425 0.1404 0.1408 0.1445 0.1435 0.1448 
         604  1 0.1397 0.1421 0.1483 0.1424 0.1423 0.1393 0.1460 
         605  1 0.1391 0.1434 0.1484 0.1468 0.1377 0.1430 0.1416 
         606  1 0.1414 0.1437 0.1412 0.1422 0.1431 0.1425 0.1460 
