           1  1 0.1105 0.1112 0.1102 0.1097 0.1115 0.1120 0.1115 0.1133 0.1102 
           2  1 0.1085 0.1111 0.1128 0.1126 0.1119 0.1112 0.1097 0.1130 0.1093 
           3  1 0.1085 0.1128 0.1106 0.1130 0.1113 0.1100 0.1113 0.1116 0.1108 
           4  1 0.1103 0.1072 0.1109 0.1131 0.1145 0.1132 0.1106 0.1096 0.1105 
           5  1 0.1093 0.1161 0.1096 0.1123 0.1109 0.1104 0.1135 0.1095 0.1084 
           6  1 0.1120 0.1149 0.1111 0.1114 0.1117 0.1102 0.1101 0.1115 0.1072 
           7  1 0.1103 0.1124 0.1108 0.1116 0.1127 0.1119 0.1106 0.1112 0.1085 
           8  1 0.1096 0.1107 0.1099 0.1107 0.1117 0.1104 0.1118 0.1130 0.1122 
           9  1 0.1107 0.1104 0.1128 0.1131 0.1095 0.1124 0.1091 0.1096 0.1124 
          10  1 0.1133 0.1095 0.1127 0.1092 0.1120 0.1116 0.1097 0.1111 0.1109 
          11  1 0.1111 0.1109 0.1112 0.1085 0.1073 0.1116 0.1143 0.1126 0.1126 
          12  1 0.1121 0.1105 0.1117 0.1116 0.1090 0.1114 0.1100 0.1097 0.1139 
          13  1 0.1084 0.1157 0.1103 0.1108 0.1094 0.1103 0.1130 0.1132 0.1090 
          14  1 0.1062 0.1153 0.1100 0.1123 0.1134 0.1094 0.1087 0.1138 0.1108 
          15  1 0.1110 0.1129 0.1111 0.1099 0.1124 0.1119 0.1112 0.1102 0.1093 
          16  1 0.1099 0.1162 0.1113 0.1083 0.1106 0.1109 0.1129 0.1111 0.1088 
          17  1 0.1107 0.1105 0.1107 0.1101 0.1106 0.1137 0.1133 0.1103 0.1101 
          18  1 0.1125 0.1117 0.1111 0.1124 0.1087 0.1117 0.1091 0.1091 0.1137 
          19  1 0.1123 0.1098 0.1110 0.1122 0.1118 0.1111 0.1096 0.1113 0.1110 
          20  1 0.1141 0.1170 0.1101 0.1091 0.1096 0.1113 0.1114 0.1081 0.1093 
          21  1 0.1096 0.1161 0.1105 0.1121 0.1104 0.1086 0.1117 0.1117 0.1094 
          22  1 0.1092 0.1137 0.1112 0.1117 0.1080 0.1097 0.1115 0.1124 0.1126 
          23  1 0.1098 0.1127 0.1123 0.1111 0.1106 0.1106 0.1114 0.1104 0.1111 
          24  1 0.1128 0.1117 0.1105 0.1115 0.1121 0.1123 0.1117 0.1094 0.1080 
          25  1 0.1092 0.1070 0.1123 0.1098 0.1135 0.1131 0.1090 0.1122 0.1139 
          26  1 0.1139 0.1106 0.1104 0.1087 0.1115 0.1124 0.1127 0.1096 0.1103 
          27  1 0.1126 0.1103 0.1094 0.1127 0.1109 0.1092 0.1112 0.1133 0.1104 
          28  1 0.1113 0.1103 0.1104 0.1108 0.1114 0.1113 0.1122 0.1103 0.1119 
          29  1 0.1077 0.1109 0.1104 0.1113 0.1111 0.1119 0.1134 0.1114 0.1119 
          30  1 0.1074 0.1086 0.1134 0.1123 0.1111 0.1123 0.1142 0.1093 0.1113 
          31  1 0.1074 0.1139 0.1121 0.1133 0.1091 0.1084 0.1113 0.1118 0.1128 
          32  1 0.1115 0.1095 0.1109 0.1097 0.1103 0.1118 0.1119 0.1103 0.1141 
          33  1 0.1147 0.1095 0.1115 0.1139 0.1086 0.1091 0.1094 0.1107 0.1126 
          34  1 0.1125 0.1148 0.1107 0.1083 0.1099 0.1121 0.1125 0.1104 0.1090 
          35  1 0.1113 0.1100 0.1118 0.1103 0.1107 0.1108 0.1101 0.1122 0.1129 
          36  1 0.1094 0.1123 0.1098 0.1116 0.1112 0.1110 0.1108 0.1136 0.1102 
          37  1 0.1131 0.1090 0.1115 0.1096 0.1107 0.1120 0.1093 0.1113 0.1135 
          38  1 0.1094 0.1074 0.1143 0.1100 0.1113 0.1102 0.1115 0.1140 0.1118 
          39  1 0.1069 0.1091 0.1098 0.1142 0.1124 0.1100 0.1113 0.1120 0.1142 
          40  1 0.1137 0.1131 0.1101 0.1123 0.1111 0.1086 0.1104 0.1103 0.1104 
          41  1 0.1122 0.1106 0.1115 0.1119 0.1086 0.1113 0.1133 0.1099 0.1106 
          42  1 0.1097 0.1084 0.1118 0.1123 0.1096 0.1113 0.1106 0.1135 0.1128 
          43  1 0.1117 0.1101 0.1131 0.1123 0.1118 0.1103 0.1089 0.1126 0.1092 
          44  1 0.1124 0.1150 0.1100 0.1108 0.1099 0.1110 0.1122 0.1094 0.1092 
          45  1 0.1106 0.1149 0.1102 0.1114 0.1086 0.1105 0.1118 0.1101 0.1118 
          46  1 0.1101 0.1102 0.1117 0.1117 0.1126 0.1120 0.1102 0.1104 0.1111 
          47  1 0.1090 0.1115 0.1115 0.1096 0.1110 0.1108 0.1118 0.1123 0.1124 
          48  1 0.1114 0.1110 0.1107 0.1114 0.1120 0.1109 0.1087 0.1131 0.1108 
          49  1 0.1085 0.1117 0.1120 0.1105 0.1105 0.1122 0.1126 0.1122 0.1098 
          50  1 0.1068 0.1161 0.1084 0.1126 0.1109 0.1086 0.1129 0.1137 0.1100 
          51  1 0.1156 0.1079 0.1119 0.1107 0.1118 0.1105 0.1098 0.1087 0.1132 
          52  1 0.1164 0.1081 0.1130 0.1077 0.1121 0.1093 0.1101 0.1105 0.1128 
          53  1 0.1171 0.1080 0.1140 0.1070 0.1117 0.1110 0.1103 0.1093 0.1115 
          54  1 0.1126 0.1102 0.1140 0.1092 0.1106 0.1113 0.1105 0.1106 0.1110 
          55  1 0.1116 0.1082 0.1098 0.1125 0.1078 0.1118 0.1116 0.1091 0.1176 
          56  1 0.1077 0.1126 0.1086 0.1100 0.1115 0.1111 0.1125 0.1143 0.1116 
          57  1 0.1140 0.1109 0.1115 0.1124 0.1089 0.1102 0.1107 0.1083 0.1130 
          58  1 0.1169 0.1086 0.1134 0.1091 0.1134 0.1099 0.1086 0.1088 0.1113 
          59  1 0.1100 0.1095 0.1144 0.1093 0.1106 0.1138 0.1111 0.1108 0.1105 
          60  1 0.1118 0.1122 0.1116 0.1095 0.1109 0.1123 0.1094 0.1096 0.1127 
          61  1 0.1111 0.1105 0.1099 0.1120 0.1144 0.1107 0.1107 0.1108 0.1099 
          62  1 0.1112 0.1112 0.1107 0.1122 0.1102 0.1104 0.1114 0.1114 0.1113 
          63  1 0.1074 0.1119 0.1097 0.1123 0.1125 0.1103 0.1109 0.1134 0.1117 
          64  1 0.1135 0.1088 0.1107 0.1103 0.1105 0.1120 0.1124 0.1111 0.1107 
          65  1 0.1097 0.1121 0.1113 0.1106 0.1103 0.1127 0.1113 0.1101 0.1120 
          66  1 0.1084 0.1101 0.1103 0.1141 0.1156 0.1103 0.1081 0.1125 0.1108 
          67  1 0.1126 0.1073 0.1111 0.1114 0.1134 0.1107 0.1082 0.1113 0.1141 
          68  1 0.1129 0.1113 0.1117 0.1112 0.1096 0.1114 0.1083 0.1099 0.1136 
          69  1 0.1088 0.1106 0.1116 0.1115 0.1104 0.1115 0.1111 0.1126 0.1118 
          70  1 0.1124 0.1078 0.1123 0.1096 0.1130 0.1102 0.1110 0.1100 0.1137 
          71  1 0.1090 0.1119 0.1097 0.1168 0.1113 0.1092 0.1117 0.1090 0.1113 
          72  1 0.1109 0.1079 0.1126 0.1124 0.1119 0.1109 0.1121 0.1105 0.1107 
          73  1 0.1091 0.1074 0.1117 0.1096 0.1115 0.1117 0.1130 0.1123 0.1137 
          74  1 0.1154 0.1129 0.1085 0.1090 0.1134 0.1107 0.1094 0.1102 0.1103 
          75  1 0.1107 0.1096 0.1110 0.1139 0.1132 0.1101 0.1081 0.1139 0.1095 
          76  1 0.1108 0.1115 0.1112 0.1108 0.1110 0.1115 0.1108 0.1110 0.1114 
          77  1 0.1090 0.1117 0.1112 0.1110 0.1099 0.1123 0.1113 0.1122 0.1115 
          78  1 0.1086 0.1080 0.1127 0.1109 0.1108 0.1102 0.1121 0.1148 0.1119 
          79  1 0.1108 0.1127 0.1102 0.1116 0.1113 0.1112 0.1106 0.1119 0.1099 
          80  1 0.1112 0.1139 0.1089 0.1132 0.1119 0.1076 0.1090 0.1130 0.1113 
          81  1 0.1104 0.1113 0.1115 0.1141 0.1083 0.1101 0.1092 0.1094 0.1157 
          82  1 0.1088 0.1120 0.1110 0.1114 0.1107 0.1136 0.1126 0.1104 0.1095 
          83  1 0.1113 0.1096 0.1115 0.1112 0.1097 0.1123 0.1107 0.1099 0.1137 
          84  1 0.1089 0.1111 0.1120 0.1120 0.1113 0.1097 0.1109 0.1141 0.1099 
          85  1 0.1110 0.1107 0.1123 0.1114 0.1120 0.1107 0.1095 0.1122 0.1102 
          86  1 0.1110 0.1099 0.1115 0.1102 0.1139 0.1106 0.1119 0.1109 0.1101 
          87  1 0.1123 0.1096 0.1117 0.1105 0.1120 0.1107 0.1099 0.1117 0.1115 
          88  1 0.1125 0.1114 0.1114 0.1115 0.1101 0.1121 0.1122 0.1095 0.1093 
          89  1 0.1139 0.1095 0.1107 0.1136 0.1107 0.1090 0.1101 0.1101 0.1125 
          90  1 0.1110 0.1107 0.1116 0.1101 0.1131 0.1121 0.1100 0.1101 0.1112 
          91  1 0.1121 0.1083 0.1114 0.1090 0.1100 0.1123 0.1111 0.1107 0.1151 
          92  1 0.1123 0.1103 0.1099 0.1156 0.1117 0.1093 0.1095 0.1109 0.1105 
          93  1 0.1135 0.1126 0.1103 0.1130 0.1086 0.1098 0.1099 0.1096 0.1127 
          94  1 0.1149 0.1124 0.1113 0.1061 0.1104 0.1138 0.1150 0.1091 0.1070 
          95  1 0.1143 0.1109 0.1103 0.1070 0.1104 0.1121 0.1157 0.1106 0.1087 
          96  1 0.1110 0.1121 0.1108 0.1122 0.1117 0.1096 0.1104 0.1111 0.1110 
          97  1 0.1134 0.1108 0.1119 0.1102 0.1094 0.1107 0.1114 0.1104 0.1117 
          98  1 0.1122 0.1093 0.1124 0.1104 0.1090 0.1124 0.1107 0.1098 0.1138 
          99  1 0.1093 0.1086 0.1115 0.1128 0.1122 0.1114 0.1121 0.1129 0.1091 
         100  1 0.1127 0.1076 0.1119 0.1115 0.1114 0.1118 0.1108 0.1085 0.1137 
         101  1 0.1129 0.1129 0.1142 0.1121 0.1096 0.1083 0.1087 0.1106 0.1108 
         102  1 0.1138 0.1113 0.1106 0.1136 0.1115 0.1088 0.1098 0.1101 0.1105 
         103  1 0.1123 0.1088 0.1129 0.1111 0.1088 0.1127 0.1108 0.1090 0.1136 
         104  1 0.1096 0.1074 0.1125 0.1091 0.1108 0.1119 0.1122 0.1141 0.1124 
         105  1 0.1125 0.1099 0.1116 0.1099 0.1103 0.1113 0.1119 0.1099 0.1126 
         106  1 0.1131 0.1108 0.1122 0.1097 0.1100 0.1119 0.1114 0.1103 0.1107 
         107  1 0.1160 0.1115 0.1100 0.1103 0.1099 0.1132 0.1114 0.1072 0.1106 
         108  1 0.1116 0.1079 0.1125 0.1082 0.1106 0.1092 0.1136 0.1145 0.1118 
         109  1 0.1080 0.1089 0.1110 0.1122 0.1158 0.1105 0.1085 0.1151 0.1101 
         110  1 0.1101 0.1138 0.1107 0.1133 0.1109 0.1109 0.1088 0.1132 0.1084 
         111  1 0.1105 0.1120 0.1111 0.1102 0.1134 0.1102 0.1123 0.1102 0.1101 
         112  1 0.1112 0.1109 0.1095 0.1119 0.1112 0.1104 0.1106 0.1116 0.1128 
         113  1 0.1113 0.1114 0.1101 0.1100 0.1110 0.1122 0.1119 0.1103 0.1118 
         114  1 0.1092 0.1116 0.1108 0.1101 0.1106 0.1118 0.1123 0.1124 0.1110 
         115  1 0.1100 0.1131 0.1113 0.1091 0.1108 0.1118 0.1121 0.1116 0.1102 
         116  1 0.1095 0.1085 0.1117 0.1115 0.1093 0.1133 0.1120 0.1115 0.1126 
         117  1 0.1143 0.1102 0.1105 0.1093 0.1096 0.1125 0.1083 0.1086 0.1167 
         118  1 0.1104 0.1106 0.1114 0.1122 0.1111 0.1105 0.1110 0.1125 0.1103 
         119  1 0.1110 0.1139 0.1115 0.1106 0.1099 0.1105 0.1096 0.1099 0.1131 
         120  1 0.1091 0.1129 0.1106 0.1100 0.1128 0.1108 0.1117 0.1114 0.1109 
         121  1 0.1102 0.1139 0.1102 0.1110 0.1119 0.1106 0.1108 0.1112 0.1102 
         122  1 0.1117 0.1100 0.1113 0.1112 0.1121 0.1096 0.1126 0.1119 0.1096 
         123  1 0.1108 0.1107 0.1121 0.1104 0.1122 0.1111 0.1123 0.1114 0.1091 
         124  1 0.1162 0.1197 0.1092 0.1066 0.1084 0.1122 0.1123 0.1087 0.1067 
         125  1 0.1091 0.1122 0.1100 0.1128 0.1144 0.1096 0.1113 0.1115 0.1090 
         126  1 0.1094 0.1127 0.1098 0.1096 0.1120 0.1104 0.1121 0.1118 0.1121 
         127  1 0.1103 0.1151 0.1100 0.1097 0.1113 0.1111 0.1134 0.1100 0.1091 
         128  1 0.1134 0.1106 0.1107 0.1138 0.1107 0.1086 0.1101 0.1117 0.1105 
         129  1 0.1110 0.1089 0.1104 0.1090 0.1129 0.1121 0.1120 0.1119 0.1118 
         130  1 0.1103 0.1090 0.1136 0.1098 0.1113 0.1119 0.1113 0.1131 0.1096 
         131  1 0.1133 0.1078 0.1117 0.1106 0.1103 0.1139 0.1093 0.1097 0.1134 
         132  1 0.1078 0.1123 0.1108 0.1154 0.1114 0.1106 0.1128 0.1104 0.1086 
         133  1 0.1106 0.1095 0.1117 0.1120 0.1114 0.1105 0.1108 0.1123 0.1111 
         134  1 0.1081 0.1127 0.1100 0.1131 0.1162 0.1102 0.1090 0.1137 0.1069 
         135  1 0.1139 0.1104 0.1122 0.1122 0.1113 0.1104 0.1108 0.1091 0.1097 
         136  1 0.1137 0.1120 0.1104 0.1100 0.1122 0.1121 0.1113 0.1085 0.1096 
         137  1 0.1105 0.1088 0.1108 0.1086 0.1113 0.1106 0.1146 0.1117 0.1132 
         138  1 0.1121 0.1108 0.1105 0.1103 0.1114 0.1110 0.1102 0.1131 0.1106 
         139  1 0.1106 0.1132 0.1106 0.1091 0.1104 0.1125 0.1111 0.1109 0.1116 
         140  1 0.1094 0.1128 0.1123 0.1122 0.1100 0.1097 0.1111 0.1119 0.1105 
         141  1 0.1127 0.1093 0.1096 0.1120 0.1141 0.1100 0.1085 0.1126 0.1113 
         142  1 0.1092 0.1115 0.1099 0.1108 0.1112 0.1114 0.1116 0.1119 0.1125 
         143  1 0.1063 0.1148 0.1098 0.1122 0.1116 0.1102 0.1112 0.1123 0.1116 
         144  1 0.1083 0.1106 0.1118 0.1125 0.1126 0.1131 0.1118 0.1099 0.1095 
         145  1 0.1112 0.1082 0.1121 0.1120 0.1086 0.1138 0.1105 0.1092 0.1145 
         146  1 0.1103 0.1113 0.1103 0.1098 0.1110 0.1107 0.1118 0.1132 0.1115 
         147  1 0.1089 0.1134 0.1111 0.1111 0.1115 0.1102 0.1129 0.1106 0.1103 
         148  1 0.1083 0.1148 0.1113 0.1114 0.1129 0.1081 0.1118 0.1124 0.1089 
         149  1 0.1097 0.1123 0.1103 0.1105 0.1134 0.1107 0.1105 0.1112 0.1115 
         150  1 0.1114 0.1121 0.1108 0.1092 0.1102 0.1113 0.1129 0.1116 0.1106 
         151  1 0.1127 0.1099 0.1112 0.1109 0.1090 0.1108 0.1102 0.1117 0.1137 
         152  1 0.1130 0.1082 0.1108 0.1103 0.1139 0.1119 0.1114 0.1115 0.1090 
         153  1 0.1108 0.1115 0.1136 0.1121 0.1107 0.1098 0.1089 0.1117 0.1109 
         154  1 0.1104 0.1113 0.1111 0.1117 0.1127 0.1107 0.1105 0.1125 0.1093 
         155  1 0.1118 0.1090 0.1137 0.1120 0.1096 0.1118 0.1114 0.1102 0.1104 
         156  1 0.1112 0.1099 0.1110 0.1097 0.1107 0.1105 0.1120 0.1117 0.1133 
         157  1 0.1115 0.1102 0.1115 0.1099 0.1121 0.1099 0.1092 0.1137 0.1119 
         158  1 0.1093 0.1103 0.1116 0.1138 0.1108 0.1114 0.1103 0.1128 0.1097 
         159  1 0.1074 0.1112 0.1106 0.1136 0.1133 0.1092 0.1119 0.1125 0.1102 
         160  1 0.1091 0.1126 0.1112 0.1114 0.1108 0.1107 0.1113 0.1127 0.1102 
         161  1 0.1104 0.1112 0.1108 0.1108 0.1115 0.1107 0.1112 0.1117 0.1117 
         162  1 0.1118 0.1101 0.1114 0.1112 0.1101 0.1121 0.1129 0.1094 0.1111 
         163  1 0.1137 0.1115 0.1108 0.1108 0.1125 0.1121 0.1105 0.1096 0.1085 
         164  1 0.1119 0.1104 0.1121 0.1092 0.1116 0.1110 0.1111 0.1125 0.1103 
         165  1 0.1093 0.1138 0.1117 0.1104 0.1110 0.1107 0.1111 0.1109 0.1112 
         166  1 0.1126 0.1103 0.1120 0.1115 0.1096 0.1112 0.1115 0.1092 0.1121 
         167  1 0.1104 0.1104 0.1106 0.1108 0.1123 0.1114 0.1102 0.1130 0.1108 
         168  1 0.1112 0.1082 0.1110 0.1099 0.1096 0.1125 0.1121 0.1092 0.1163 
         169  1 0.1128 0.1151 0.1119 0.1098 0.1092 0.1089 0.1127 0.1115 0.1081 
         170  1 0.1103 0.1136 0.1113 0.1114 0.1090 0.1108 0.1113 0.1109 0.1113 
         171  1 0.1077 0.1119 0.1089 0.1118 0.1126 0.1092 0.1110 0.1147 0.1122 
         172  1 0.1118 0.1114 0.1107 0.1070 0.1100 0.1110 0.1160 0.1130 0.1092 
         173  1 0.1089 0.1133 0.1102 0.1121 0.1123 0.1100 0.1121 0.1132 0.1079 
         174  1 0.1085 0.1127 0.1110 0.1141 0.1117 0.1103 0.1103 0.1125 0.1088 
         175  1 0.1130 0.1106 0.1118 0.1096 0.1102 0.1125 0.1114 0.1099 0.1109 
         176  1 0.1137 0.1114 0.1103 0.1092 0.1101 0.1121 0.1135 0.1096 0.1101 
         177  1 0.1108 0.1096 0.1119 0.1103 0.1107 0.1109 0.1107 0.1115 0.1138 
         178  1 0.1104 0.1099 0.1096 0.1113 0.1101 0.1119 0.1122 0.1113 0.1133 
         179  1 0.1102 0.1097 0.1092 0.1131 0.1134 0.1108 0.1103 0.1111 0.1123 
         180  1 0.1074 0.1172 0.1096 0.1144 0.1100 0.1092 0.1125 0.1109 0.1086 
         181  1 0.1105 0.1124 0.1122 0.1120 0.1089 0.1107 0.1107 0.1119 0.1107 
         182  1 0.1115 0.1091 0.1125 0.1112 0.1083 0.1132 0.1123 0.1086 0.1133 
         183  1 0.1091 0.1094 0.1138 0.1107 0.1105 0.1120 0.1118 0.1119 0.1109 
         184  1 0.1098 0.1122 0.1108 0.1106 0.1105 0.1107 0.1123 0.1115 0.1116 
         185  1 0.1111 0.1085 0.1134 0.1119 0.1089 0.1112 0.1113 0.1102 0.1136 
         186  1 0.1113 0.1125 0.1118 0.1091 0.1113 0.1091 0.1118 0.1113 0.1118 
         187  1 0.1129 0.1134 0.1111 0.1079 0.1120 0.1126 0.1105 0.1090 0.1104 
         188  1 0.1137 0.1105 0.1115 0.1119 0.1079 0.1106 0.1099 0.1126 0.1113 
         189  1 0.1114 0.1090 0.1120 0.1108 0.1108 0.1110 0.1105 0.1114 0.1131 
         190  1 0.1098 0.1119 0.1109 0.1101 0.1113 0.1122 0.1121 0.1109 0.1109 
         191  1 0.1057 0.1151 0.1116 0.1151 0.1104 0.1076 0.1098 0.1133 0.1113 
         192  1 0.1071 0.1133 0.1105 0.1102 0.1132 0.1108 0.1113 0.1127 0.1109 
         193  1 0.1148 0.1087 0.1107 0.1144 0.1096 0.1105 0.1091 0.1088 0.1134 
         194  1 0.1084 0.1115 0.1094 0.1114 0.1108 0.1118 0.1121 0.1121 0.1125 
         195  1 0.1093 0.1092 0.1108 0.1105 0.1121 0.1119 0.1107 0.1117 0.1138 
         196  1 0.1101 0.1134 0.1127 0.1129 0.1092 0.1096 0.1098 0.1120 0.1103 
         197  1 0.1089 0.1111 0.1123 0.1136 0.1118 0.1103 0.1103 0.1107 0.1110 
         198  1 0.1134 0.1131 0.1117 0.1141 0.1087 0.1107 0.1092 0.1082 0.1108 
         199  1 0.1123 0.1107 0.1103 0.1122 0.1122 0.1103 0.1088 0.1117 0.1114 
         200  1 0.1085 0.1084 0.1110 0.1126 0.1129 0.1119 0.1095 0.1157 0.1095 
         201  1 0.1110 0.1070 0.1131 0.1096 0.1092 0.1132 0.1125 0.1094 0.1150 
         202  1 0.1135 0.1086 0.1104 0.1102 0.1088 0.1130 0.1126 0.1100 0.1129 
         203  1 0.1072 0.1116 0.1102 0.1112 0.1112 0.1101 0.1126 0.1151 0.1107 
         204  1 0.1124 0.1116 0.1117 0.1096 0.1129 0.1114 0.1094 0.1115 0.1095 
         205  1 0.1082 0.1120 0.1129 0.1125 0.1107 0.1102 0.1104 0.1123 0.1107 
         206  1 0.1105 0.1137 0.1109 0.1114 0.1098 0.1096 0.1103 0.1121 0.1118 
         207  1 0.1152 0.1164 0.1098 0.1106 0.1125 0.1081 0.1108 0.1090 0.1075 
         208  1 0.1119 0.1105 0.1110 0.1104 0.1131 0.1131 0.1097 0.1108 0.1095 
         209  1 0.1122 0.1120 0.1126 0.1091 0.1108 0.1121 0.1093 0.1104 0.1116 
         210  1 0.1074 0.1107 0.1093 0.1116 0.1140 0.1082 0.1126 0.1136 0.1126 
         211  1 0.1079 0.1126 0.1098 0.1118 0.1159 0.1116 0.1081 0.1133 0.1092 
         212  1 0.1108 0.1108 0.1132 0.1127 0.1092 0.1098 0.1116 0.1104 0.1114 
         213  1 0.1113 0.1089 0.1118 0.1100 0.1132 0.1116 0.1093 0.1145 0.1095 
         214  1 0.1115 0.1070 0.1102 0.1129 0.1126 0.1116 0.1126 0.1090 0.1127 
         215  1 0.1104 0.1098 0.1114 0.1096 0.1116 0.1115 0.1134 0.1130 0.1093 
         216  1 0.1108 0.1118 0.1106 0.1126 0.1091 0.1098 0.1101 0.1112 0.1140 
         217  1 0.1055 0.1097 0.1115 0.1104 0.1136 0.1133 0.1142 0.1129 0.1090 
         218  1 0.1067 0.1150 0.1105 0.1148 0.1111 0.1098 0.1110 0.1129 0.1082 
         219  1 0.1104 0.1075 0.1113 0.1113 0.1131 0.1121 0.1079 0.1125 0.1139 
         220  1 0.1088 0.1088 0.1120 0.1152 0.1128 0.1108 0.1084 0.1109 0.1122 
         221  1 0.1112 0.1106 0.1117 0.1121 0.1137 0.1091 0.1099 0.1119 0.1099 
         222  1 0.1147 0.1121 0.1105 0.1091 0.1103 0.1116 0.1116 0.1097 0.1105 
         223  1 0.1157 0.1111 0.1133 0.1076 0.1121 0.1121 0.1084 0.1086 0.1111 
         224  1 0.1139 0.1122 0.1100 0.1085 0.1120 0.1127 0.1113 0.1094 0.1099 
         225  1 0.1102 0.1158 0.1100 0.1103 0.1099 0.1084 0.1120 0.1121 0.1113 
         226  1 0.1116 0.1129 0.1097 0.1124 0.1109 0.1094 0.1111 0.1117 0.1103 
         227  1 0.1120 0.1086 0.1107 0.1095 0.1160 0.1093 0.1107 0.1113 0.1118 
         228  1 0.1113 0.1108 0.1118 0.1102 0.1102 0.1115 0.1116 0.1100 0.1125 
         229  1 0.1139 0.1117 0.1114 0.1108 0.1082 0.1121 0.1117 0.1098 0.1105 
         230  1 0.1090 0.1096 0.1107 0.1115 0.1117 0.1098 0.1127 0.1127 0.1122 
         231  1 0.1101 0.1096 0.1119 0.1112 0.1096 0.1126 0.1131 0.1107 0.1114 
         232  1 0.1093 0.1099 0.1108 0.1112 0.1119 0.1132 0.1114 0.1095 0.1129 
         233  1 0.1127 0.1109 0.1105 0.1122 0.1140 0.1103 0.1108 0.1087 0.1098 
         234  1 0.1100 0.1129 0.1121 0.1128 0.1100 0.1098 0.1102 0.1117 0.1106 
         235  1 0.1097 0.1095 0.1115 0.1121 0.1075 0.1111 0.1132 0.1115 0.1140 
         236  1 0.1070 0.1097 0.1100 0.1149 0.1125 0.1090 0.1121 0.1153 0.1095 
         237  1 0.1101 0.1103 0.1105 0.1124 0.1085 0.1123 0.1124 0.1082 0.1152 
         238  1 0.1131 0.1096 0.1105 0.1129 0.1119 0.1102 0.1115 0.1103 0.1099 
         239  1 0.1142 0.1110 0.1117 0.1103 0.1075 0.1109 0.1131 0.1110 0.1104 
         240  1 0.1080 0.1135 0.1128 0.1131 0.1112 0.1110 0.1096 0.1124 0.1084 
         241  1 0.1128 0.1090 0.1131 0.1080 0.1083 0.1128 0.1116 0.1105 0.1138 
         242  1 0.1124 0.1102 0.1096 0.1090 0.1110 0.1124 0.1140 0.1095 0.1117 
         243  1 0.1105 0.1107 0.1111 0.1106 0.1128 0.1109 0.1097 0.1119 0.1118 
         244  1 0.1102 0.1094 0.1120 0.1104 0.1121 0.1097 0.1106 0.1138 0.1119 
         245  1 0.1139 0.1122 0.1099 0.1116 0.1109 0.1109 0.1101 0.1109 0.1095 
         246  1 0.1141 0.1102 0.1098 0.1156 0.1103 0.1087 0.1101 0.1104 0.1109 
         247  1 0.1103 0.1094 0.1099 0.1144 0.1116 0.1098 0.1101 0.1133 0.1112 
         248  1 0.1101 0.1099 0.1108 0.1141 0.1108 0.1099 0.1113 0.1106 0.1126 
         249  1 0.1122 0.1098 0.1112 0.1108 0.1120 0.1121 0.1111 0.1102 0.1107 
         250  1 0.1072 0.1156 0.1114 0.1119 0.1100 0.1085 0.1112 0.1138 0.1103 
         251  1 0.1115 0.1104 0.1123 0.1124 0.1086 0.1110 0.1107 0.1116 0.1115 
         252  1 0.1078 0.1119 0.1100 0.1137 0.1132 0.1082 0.1113 0.1127 0.1114 
         253  1 0.1143 0.1102 0.1112 0.1106 0.1120 0.1113 0.1086 0.1116 0.1102 
         254  1 0.1081 0.1107 0.1108 0.1153 0.1106 0.1107 0.1118 0.1103 0.1116 
         255  1 0.1091 0.1080 0.1112 0.1110 0.1131 0.1114 0.1104 0.1132 0.1126 
         256  1 0.1110 0.1092 0.1116 0.1103 0.1123 0.1119 0.1100 0.1101 0.1136 
         257  1 0.1070 0.1114 0.1127 0.1126 0.1119 0.1130 0.1102 0.1132 0.1079 
         258  1 0.1095 0.1103 0.1105 0.1090 0.1130 0.1113 0.1123 0.1120 0.1121 
         259  1 0.1092 0.1095 0.1097 0.1110 0.1138 0.1102 0.1112 0.1145 0.1109 
         260  1 0.1101 0.1096 0.1107 0.1133 0.1114 0.1101 0.1083 0.1124 0.1141 
         261  1 0.1182 0.1097 0.1107 0.1075 0.1106 0.1145 0.1109 0.1073 0.1105 
         262  1 0.1075 0.1116 0.1103 0.1129 0.1132 0.1091 0.1131 0.1123 0.1101 
         263  1 0.1136 0.1079 0.1120 0.1125 0.1109 0.1089 0.1098 0.1102 0.1144 
         264  1 0.1097 0.1121 0.1106 0.1096 0.1100 0.1123 0.1108 0.1127 0.1122 
         265  1 0.1103 0.1089 0.1117 0.1125 0.1101 0.1110 0.1110 0.1120 0.1125 
         266  1 0.1071 0.1109 0.1119 0.1116 0.1089 0.1108 0.1113 0.1157 0.1118 
         267  1 0.1102 0.1100 0.1095 0.1122 0.1110 0.1112 0.1131 0.1099 0.1129 
         268  1 0.1134 0.1112 0.1116 0.1100 0.1124 0.1112 0.1105 0.1105 0.1093 
         269  1 0.1135 0.1113 0.1117 0.1110 0.1134 0.1122 0.1101 0.1108 0.1060 
         270  1 0.1098 0.1111 0.1116 0.1098 0.1104 0.1124 0.1125 0.1121 0.1103 
         271  1 0.1100 0.1155 0.1106 0.1111 0.1098 0.1097 0.1119 0.1105 0.1110 
         272  1 0.1094 0.1115 0.1104 0.1125 0.1112 0.1112 0.1115 0.1124 0.1098 
         273  1 0.1107 0.1093 0.1118 0.1108 0.1083 0.1124 0.1110 0.1090 0.1166 
         274  1 0.1105 0.1100 0.1116 0.1124 0.1115 0.1108 0.1110 0.1105 0.1117 
         275  1 0.1091 0.1110 0.1102 0.1119 0.1137 0.1111 0.1113 0.1137 0.1080 
         276  1 0.1077 0.1108 0.1126 0.1136 0.1100 0.1133 0.1110 0.1132 0.1078 
         277  1 0.1101 0.1127 0.1106 0.1111 0.1121 0.1099 0.1110 0.1094 0.1131 
         278  1 0.1139 0.1111 0.1107 0.1076 0.1111 0.1121 0.1128 0.1110 0.1098 
         279  1 0.1082 0.1140 0.1107 0.1129 0.1100 0.1090 0.1118 0.1112 0.1120 
         280  1 0.1129 0.1095 0.1114 0.1097 0.1102 0.1123 0.1107 0.1104 0.1129 
         281  1 0.1121 0.1105 0.1117 0.1120 0.1076 0.1110 0.1114 0.1098 0.1138 
         282  1 0.1122 0.1115 0.1107 0.1079 0.1098 0.1123 0.1117 0.1104 0.1135 
         283  1 0.1099 0.1138 0.1091 0.1114 0.1126 0.1083 0.1114 0.1121 0.1113 
         284  1 0.1132 0.1089 0.1125 0.1105 0.1096 0.1138 0.1091 0.1086 0.1139 
         285  1 0.1127 0.1079 0.1118 0.1122 0.1110 0.1120 0.1095 0.1082 0.1146 
         286  1 0.1093 0.1114 0.1110 0.1112 0.1129 0.1109 0.1107 0.1118 0.1107 
         287  1 0.1099 0.1117 0.1119 0.1129 0.1096 0.1097 0.1115 0.1114 0.1115 
         288  1 0.1099 0.1117 0.1131 0.1107 0.1094 0.1119 0.1120 0.1112 0.1101 
         289  1 0.1097 0.1107 0.1114 0.1100 0.1101 0.1128 0.1150 0.1084 0.1118 
         290  1 0.1152 0.1109 0.1117 0.1071 0.1089 0.1154 0.1099 0.1073 0.1136 
         291  1 0.1083 0.1087 0.1104 0.1133 0.1133 0.1113 0.1114 0.1109 0.1122 
         292  1 0.1102 0.1120 0.1111 0.1128 0.1095 0.1106 0.1118 0.1111 0.1108 
         293  1 0.1081 0.1094 0.1114 0.1107 0.1102 0.1117 0.1138 0.1114 0.1133 
         294  1 0.1140 0.1109 0.1113 0.1127 0.1095 0.1092 0.1123 0.1099 0.1101 
         295  1 0.1096 0.1079 0.1108 0.1122 0.1132 0.1121 0.1102 0.1104 0.1136 
         296  1 0.1148 0.1099 0.1117 0.1069 0.1135 0.1125 0.1084 0.1105 0.1118 
         297  1 0.1135 0.1108 0.1145 0.1131 0.1105 0.1079 0.1088 0.1116 0.1093 
         298  1 0.1122 0.1110 0.1110 0.1087 0.1108 0.1124 0.1123 0.1110 0.1106 
         299  1 0.1153 0.1081 0.1133 0.1124 0.1110 0.1104 0.1087 0.1105 0.1104 
         300  1 0.1084 0.1116 0.1100 0.1138 0.1142 0.1113 0.1106 0.1121 0.1080 
         301  1 0.1098 0.1113 0.1127 0.1112 0.1101 0.1109 0.1101 0.1120 0.1117 
         302  1 0.1103 0.1108 0.1109 0.1146 0.1103 0.1079 0.1105 0.1138 0.1108 
         303  1 0.1102 0.1127 0.1090 0.1135 0.1115 0.1110 0.1112 0.1111 0.1096 
         304  1 0.1086 0.1139 0.1113 0.1142 0.1097 0.1107 0.1099 0.1109 0.1108 
         305  1 0.1093 0.1144 0.1093 0.1134 0.1097 0.1099 0.1119 0.1107 0.1114 
         306  1 0.1080 0.1100 0.1119 0.1130 0.1104 0.1115 0.1108 0.1112 0.1133 
         307  1 0.1116 0.1087 0.1120 0.1098 0.1122 0.1109 0.1123 0.1102 0.1122 
         308  1 0.1102 0.1091 0.1116 0.1143 0.1109 0.1102 0.1095 0.1109 0.1133 
         309  1 0.1113 0.1081 0.1113 0.1122 0.1090 0.1120 0.1112 0.1098 0.1151 
         310  1 0.1108 0.1106 0.1103 0.1106 0.1115 0.1119 0.1132 0.1098 0.1113 
         311  1 0.1103 0.1101 0.1104 0.1103 0.1118 0.1118 0.1107 0.1131 0.1116 
         312  1 0.1114 0.1142 0.1080 0.1152 0.1084 0.1088 0.1117 0.1089 0.1134 
         313  1 0.1107 0.1114 0.1108 0.1132 0.1120 0.1111 0.1099 0.1120 0.1089 
         314  1 0.1131 0.1082 0.1101 0.1086 0.1103 0.1135 0.1157 0.1105 0.1100 
         315  1 0.1078 0.1123 0.1102 0.1121 0.1116 0.1106 0.1139 0.1123 0.1092 
         316  1 0.1140 0.1098 0.1101 0.1087 0.1114 0.1130 0.1110 0.1122 0.1098 
         317  1 0.1157 0.1120 0.1114 0.1074 0.1083 0.1136 0.1128 0.1081 0.1108 
         318  1 0.1108 0.1096 0.1120 0.1139 0.1092 0.1124 0.1103 0.1094 0.1125 
         319  1 0.1088 0.1107 0.1101 0.1109 0.1145 0.1104 0.1121 0.1117 0.1109 
         320  1 0.1117 0.1085 0.1114 0.1095 0.1110 0.1134 0.1133 0.1100 0.1113 
         321  1 0.1103 0.1105 0.1114 0.1103 0.1117 0.1114 0.1134 0.1115 0.1096 
         322  1 0.1125 0.1122 0.1119 0.1131 0.1080 0.1090 0.1095 0.1120 0.1119 
         323  1 0.1107 0.1108 0.1105 0.1080 0.1125 0.1129 0.1161 0.1086 0.1099 
         324  1 0.1114 0.1089 0.1120 0.1108 0.1143 0.1108 0.1097 0.1134 0.1087 
         325  1 0.1116 0.1062 0.1137 0.1105 0.1096 0.1136 0.1092 0.1100 0.1156 
         326  1 0.1079 0.1123 0.1102 0.1143 0.1121 0.1095 0.1091 0.1154 0.1093 
         327  1 0.1140 0.1132 0.1093 0.1090 0.1103 0.1111 0.1123 0.1108 0.1100 
         328  1 0.1108 0.1114 0.1110 0.1128 0.1095 0.1120 0.1114 0.1100 0.1112 
         329  1 0.1073 0.1133 0.1119 0.1127 0.1108 0.1105 0.1093 0.1118 0.1122 
         330  1 0.1089 0.1135 0.1118 0.1104 0.1108 0.1106 0.1113 0.1123 0.1104 
         331  1 0.1137 0.1096 0.1127 0.1112 0.1110 0.1129 0.1080 0.1083 0.1126 
         332  1 0.1107 0.1102 0.1101 0.1119 0.1127 0.1126 0.1091 0.1105 0.1122 
         333  1 0.1095 0.1155 0.1102 0.1104 0.1103 0.1097 0.1136 0.1124 0.1083 
         334  1 0.1100 0.1113 0.1089 0.1075 0.1125 0.1123 0.1150 0.1106 0.1120 
         335  1 0.1118 0.1087 0.1128 0.1100 0.1095 0.1148 0.1130 0.1088 0.1106 
         336  1 0.1154 0.1112 0.1111 0.1088 0.1115 0.1118 0.1115 0.1100 0.1087 
         337  1 0.1107 0.1092 0.1117 0.1120 0.1110 0.1106 0.1113 0.1130 0.1106 
         338  1 0.1122 0.1088 0.1120 0.1139 0.1095 0.1085 0.1106 0.1115 0.1129 
         339  1 0.1092 0.1141 0.1119 0.1104 0.1094 0.1120 0.1101 0.1129 0.1100 
         340  1 0.1078 0.1101 0.1116 0.1133 0.1121 0.1107 0.1101 0.1120 0.1125 
         341  1 0.1104 0.1086 0.1107 0.1125 0.1106 0.1124 0.1113 0.1115 0.1120 
         342  1 0.1094 0.1124 0.1125 0.1142 0.1110 0.1083 0.1092 0.1126 0.1103 
         343  1 0.1095 0.1143 0.1110 0.1105 0.1089 0.1126 0.1133 0.1103 0.1096 
         344  1 0.1075 0.1099 0.1128 0.1114 0.1120 0.1122 0.1126 0.1118 0.1098 
         345  1 0.1099 0.1073 0.1113 0.1119 0.1110 0.1121 0.1112 0.1102 0.1151 
         346  1 0.1117 0.1136 0.1109 0.1097 0.1113 0.1108 0.1112 0.1117 0.1091 
         347  1 0.1088 0.1123 0.1128 0.1129 0.1127 0.1095 0.1103 0.1118 0.1090 
         348  1 0.1096 0.1133 0.1097 0.1142 0.1118 0.1096 0.1099 0.1102 0.1116 
         349  1 0.1116 0.1108 0.1105 0.1114 0.1097 0.1116 0.1101 0.1128 0.1116 
         350  1 0.1176 0.1103 0.1092 0.1077 0.1129 0.1142 0.1104 0.1080 0.1097 
         351  1 0.1101 0.1100 0.1100 0.1111 0.1123 0.1101 0.1128 0.1110 0.1125 
         352  1 0.1155 0.1099 0.1127 0.1081 0.1100 0.1134 0.1126 0.1072 0.1106 
         353  1 0.1115 0.1129 0.1114 0.1122 0.1117 0.1094 0.1093 0.1099 0.1119 
         354  1 0.1088 0.1115 0.1119 0.1112 0.1105 0.1097 0.1097 0.1146 0.1122 
         355  1 0.1105 0.1119 0.1128 0.1098 0.1078 0.1104 0.1112 0.1140 0.1116 
         356  1 0.1097 0.1113 0.1108 0.1105 0.1121 0.1099 0.1110 0.1137 0.1111 
         357  1 0.1054 0.1114 0.1097 0.1115 0.1153 0.1101 0.1098 0.1133 0.1135 
         358  1 0.1085 0.1106 0.1110 0.1138 0.1122 0.1114 0.1091 0.1116 0.1117 
         359  1 0.1090 0.1091 0.1108 0.1121 0.1160 0.1087 0.1116 0.1127 0.1100 
         360  1 0.1095 0.1116 0.1132 0.1113 0.1098 0.1113 0.1103 0.1101 0.1128 
         361  1 0.1094 0.1059 0.1112 0.1092 0.1155 0.1149 0.1093 0.1134 0.1111 
         362  1 0.1076 0.1118 0.1097 0.1125 0.1120 0.1098 0.1133 0.1132 0.1102 
         363  1 0.1082 0.1145 0.1114 0.1087 0.1084 0.1117 0.1128 0.1129 0.1113 
         364  1 0.1125 0.1099 0.1113 0.1126 0.1097 0.1116 0.1106 0.1104 0.1114 
         365  1 0.1093 0.1083 0.1107 0.1119 0.1127 0.1110 0.1153 0.1107 0.1101 
         366  1 0.1128 0.1126 0.1107 0.1091 0.1107 0.1129 0.1131 0.1093 0.1089 
         367  1 0.1147 0.1122 0.1106 0.1087 0.1098 0.1131 0.1106 0.1089 0.1114 
         368  1 0.1134 0.1092 0.1107 0.1106 0.1088 0.1127 0.1119 0.1074 0.1152 
         369  1 0.1135 0.1096 0.1117 0.1097 0.1136 0.1110 0.1105 0.1097 0.1106 
         370  1 0.1130 0.1126 0.1104 0.1106 0.1100 0.1106 0.1108 0.1117 0.1103 
         371  1 0.1119 0.1116 0.1118 0.1133 0.1097 0.1095 0.1104 0.1107 0.1111 
         372  1 0.1090 0.1148 0.1120 0.1111 0.1106 0.1099 0.1118 0.1123 0.1085 
         373  1 0.1126 0.1135 0.1100 0.1094 0.1120 0.1129 0.1115 0.1104 0.1077 
         374  1 0.1133 0.1104 0.1109 0.1106 0.1122 0.1106 0.1113 0.1110 0.1096 
         375  1 0.1119 0.1092 0.1111 0.1097 0.1113 0.1130 0.1110 0.1108 0.1119 
         376  1 0.1103 0.1126 0.1108 0.1116 0.1082 0.1116 0.1139 0.1107 0.1102 
         377  1 0.1101 0.1111 0.1102 0.1126 0.1112 0.1113 0.1123 0.1107 0.1106 
         378  1 0.1084 0.1177 0.1107 0.1125 0.1092 0.1095 0.1103 0.1119 0.1098 
         379  1 0.1113 0.1102 0.1136 0.1128 0.1110 0.1094 0.1097 0.1110 0.1111 
         380  1 0.1118 0.1086 0.1135 0.1127 0.1092 0.1098 0.1101 0.1124 0.1120 
         381  1 0.1080 0.1105 0.1112 0.1121 0.1125 0.1113 0.1124 0.1117 0.1102 
         382  1 0.1091 0.1075 0.1129 0.1089 0.1113 0.1106 0.1129 0.1142 0.1125 
         383  1 0.1097 0.1111 0.1098 0.1130 0.1118 0.1102 0.1122 0.1121 0.1102 
         384  1 0.1100 0.1098 0.1095 0.1131 0.1119 0.1102 0.1120 0.1106 0.1129 
         385  1 0.1103 0.1091 0.1129 0.1096 0.1108 0.1107 0.1120 0.1114 0.1131 
         386  1 0.1116 0.1112 0.1113 0.1109 0.1133 0.1084 0.1114 0.1116 0.1102 
         387  1 0.1058 0.1120 0.1098 0.1097 0.1119 0.1112 0.1136 0.1142 0.1118 
         388  1 0.1105 0.1117 0.1110 0.1133 0.1070 0.1113 0.1117 0.1121 0.1115 
         389  1 0.1081 0.1117 0.1121 0.1113 0.1094 0.1093 0.1117 0.1146 0.1118 
         390  1 0.1105 0.1074 0.1103 0.1085 0.1149 0.1119 0.1130 0.1141 0.1094 
         391  1 0.1089 0.1115 0.1118 0.1095 0.1126 0.1101 0.1124 0.1130 0.1101 
         392  1 0.1118 0.1096 0.1100 0.1113 0.1124 0.1114 0.1090 0.1109 0.1136 
         393  1 0.1112 0.1114 0.1115 0.1102 0.1087 0.1129 0.1125 0.1111 0.1105 
         394  1 0.1090 0.1122 0.1095 0.1146 0.1124 0.1107 0.1118 0.1097 0.1101 
         395  1 0.1095 0.1116 0.1124 0.1127 0.1111 0.1126 0.1093 0.1104 0.1102 
         396  1 0.1117 0.1103 0.1114 0.1091 0.1105 0.1124 0.1114 0.1104 0.1129 
         397  1 0.1096 0.1128 0.1096 0.1105 0.1122 0.1118 0.1128 0.1114 0.1095 
         398  1 0.1116 0.1102 0.1108 0.1091 0.1112 0.1123 0.1099 0.1123 0.1126 
         399  1 0.1141 0.1101 0.1127 0.1106 0.1103 0.1111 0.1105 0.1086 0.1122 
         400  1 0.1070 0.1127 0.1107 0.1143 0.1106 0.1097 0.1116 0.1113 0.1122 
         401  1 0.1141 0.1086 0.1089 0.1104 0.1119 0.1138 0.1101 0.1086 0.1137 
         402  1 0.1107 0.1110 0.1118 0.1129 0.1103 0.1110 0.1083 0.1121 0.1121 
         403  1 0.1098 0.1145 0.1109 0.1113 0.1086 0.1099 0.1102 0.1106 0.1142 
         404  1 0.1138 0.1125 0.1113 0.1094 0.1095 0.1114 0.1122 0.1091 0.1108 
         405  1 0.1165 0.1106 0.1096 0.1110 0.1119 0.1119 0.1098 0.1095 0.1091 
         406  1 0.1115 0.1110 0.1111 0.1105 0.1110 0.1124 0.1123 0.1116 0.1086 
         407  1 0.1081 0.1101 0.1098 0.1117 0.1119 0.1105 0.1119 0.1127 0.1133 
         408  1 0.1120 0.1094 0.1118 0.1116 0.1089 0.1123 0.1121 0.1112 0.1106 
         409  1 0.1098 0.1108 0.1133 0.1079 0.1126 0.1098 0.1113 0.1132 0.1113 
         410  1 0.1098 0.1135 0.1101 0.1129 0.1123 0.1107 0.1120 0.1099 0.1087 
         411  1 0.1117 0.1082 0.1109 0.1092 0.1125 0.1145 0.1083 0.1130 0.1116 
         412  1 0.1132 0.1098 0.1109 0.1077 0.1123 0.1129 0.1124 0.1093 0.1114 
         413  1 0.1128 0.1112 0.1117 0.1119 0.1110 0.1087 0.1102 0.1109 0.1117 
         414  1 0.1125 0.1066 0.1133 0.1117 0.1074 0.1127 0.1128 0.1072 0.1158 
         415  1 0.1087 0.1112 0.1131 0.1141 0.1109 0.1092 0.1106 0.1109 0.1112 
         416  1 0.1100 0.1132 0.1103 0.1109 0.1109 0.1107 0.1128 0.1099 0.1114 
         417  1 0.1100 0.1101 0.1102 0.1114 0.1121 0.1108 0.1106 0.1119 0.1128 
         418  1 0.1114 0.1135 0.1098 0.1106 0.1106 0.1117 0.1108 0.1083 0.1133 
         419  1 0.1085 0.1129 0.1118 0.1120 0.1099 0.1106 0.1127 0.1106 0.1110 
         420  1 0.1131 0.1110 0.1107 0.1132 0.1094 0.1116 0.1102 0.1087 0.1122 
         421  1 0.1083 0.1123 0.1080 0.1112 0.1150 0.1108 0.1116 0.1119 0.1107 
         422  1 0.1100 0.1108 0.1093 0.1123 0.1119 0.1112 0.1106 0.1118 0.1120 
         423  1 0.1095 0.1107 0.1100 0.1125 0.1129 0.1104 0.1121 0.1114 0.1106 
         424  1 0.1146 0.1089 0.1117 0.1102 0.1114 0.1108 0.1106 0.1109 0.1109 
         425  1 0.1125 0.1106 0.1119 0.1133 0.1071 0.1108 0.1124 0.1088 0.1127 
         426  1 0.1108 0.1086 0.1120 0.1122 0.1106 0.1101 0.1099 0.1110 0.1148 
         427  1 0.1123 0.1151 0.1105 0.1102 0.1102 0.1112 0.1104 0.1090 0.1110 
         428  1 0.1128 0.1106 0.1126 0.1093 0.1095 0.1126 0.1092 0.1088 0.1145 
         429  1 0.1116 0.1116 0.1117 0.1107 0.1084 0.1116 0.1116 0.1114 0.1114 
         430  1 0.1114 0.1114 0.1103 0.1120 0.1088 0.1135 0.1100 0.1081 0.1145 
         431  1 0.1118 0.1080 0.1131 0.1102 0.1110 0.1143 0.1095 0.1092 0.1129 
         432  1 0.1105 0.1096 0.1114 0.1102 0.1105 0.1112 0.1116 0.1116 0.1134 
         433  1 0.1097 0.1110 0.1126 0.1114 0.1082 0.1120 0.1129 0.1117 0.1105 
         434  1 0.1093 0.1091 0.1125 0.1106 0.1125 0.1096 0.1111 0.1129 0.1123 
         435  1 0.1109 0.1087 0.1106 0.1109 0.1109 0.1127 0.1120 0.1092 0.1141 
         436  1 0.1075 0.1147 0.1094 0.1141 0.1095 0.1091 0.1125 0.1130 0.1104 
         437  1 0.1069 0.1140 0.1099 0.1141 0.1117 0.1100 0.1099 0.1128 0.1107 
         438  1 0.1111 0.1097 0.1118 0.1098 0.1116 0.1114 0.1097 0.1117 0.1131 
         439  1 0.1103 0.1130 0.1108 0.1124 0.1108 0.1101 0.1091 0.1110 0.1125 
         440  1 0.1111 0.1147 0.1115 0.1130 0.1093 0.1083 0.1099 0.1123 0.1100 
         441  1 0.1094 0.1101 0.1097 0.1121 0.1121 0.1113 0.1140 0.1116 0.1097 
         442  1 0.1108 0.1081 0.1103 0.1106 0.1131 0.1112 0.1109 0.1131 0.1119 
         443  1 0.1111 0.1125 0.1116 0.1112 0.1101 0.1117 0.1107 0.1105 0.1105 
         444  1 0.1100 0.1114 0.1110 0.1112 0.1126 0.1097 0.1092 0.1116 0.1133 
         445  1 0.1120 0.1101 0.1105 0.1146 0.1114 0.1103 0.1096 0.1110 0.1106 
         446  1 0.1112 0.1110 0.1122 0.1078 0.1092 0.1144 0.1115 0.1106 0.1121 
         447  1 0.1117 0.1109 0.1123 0.1118 0.1097 0.1114 0.1109 0.1098 0.1114 
         448  1 0.1110 0.1104 0.1126 0.1085 0.1100 0.1110 0.1103 0.1126 0.1136 
         449  1 0.1088 0.1105 0.1128 0.1122 0.1102 0.1107 0.1098 0.1119 0.1131 
         450  1 0.1098 0.1092 0.1111 0.1134 0.1108 0.1128 0.1114 0.1098 0.1118 
         451  1 0.1142 0.1092 0.1117 0.1119 0.1099 0.1111 0.1102 0.1099 0.1118 
         452  1 0.1113 0.1127 0.1105 0.1063 0.1104 0.1143 0.1137 0.1103 0.1105 
         453  1 0.1147 0.1095 0.1120 0.1088 0.1144 0.1130 0.1106 0.1089 0.1081 
         454  1 0.1124 0.1154 0.1112 0.1130 0.1094 0.1094 0.1088 0.1107 0.1095 
         455  1 0.1136 0.1105 0.1120 0.1120 0.1090 0.1109 0.1102 0.1121 0.1097 
         456  1 0.1094 0.1136 0.1118 0.1112 0.1079 0.1109 0.1118 0.1115 0.1118 
         457  1 0.1145 0.1108 0.1112 0.1072 0.1124 0.1147 0.1115 0.1087 0.1090 
         458  1 0.1132 0.1127 0.1123 0.1095 0.1110 0.1104 0.1097 0.1105 0.1107 
         459  1 0.1126 0.1108 0.1121 0.1098 0.1088 0.1120 0.1092 0.1099 0.1148 
         460  1 0.1114 0.1097 0.1110 0.1138 0.1106 0.1099 0.1113 0.1113 0.1110 
         461  1 0.1131 0.1083 0.1118 0.1099 0.1095 0.1136 0.1108 0.1104 0.1125 
         462  1 0.1133 0.1111 0.1103 0.1100 0.1115 0.1109 0.1133 0.1106 0.1091 
         463  1 0.1123 0.1102 0.1110 0.1102 0.1124 0.1113 0.1122 0.1110 0.1095 
         464  1 0.1133 0.1121 0.1102 0.1085 0.1131 0.1110 0.1119 0.1118 0.1082 
         465  1 0.1140 0.1082 0.1123 0.1085 0.1139 0.1126 0.1099 0.1117 0.1088 
         466  1 0.1162 0.1118 0.1101 0.1096 0.1111 0.1117 0.1109 0.1079 0.1107 
         467  1 0.1149 0.1092 0.1122 0.1101 0.1107 0.1127 0.1092 0.1072 0.1138 
         468  1 0.1099 0.1122 0.1103 0.1101 0.1112 0.1109 0.1114 0.1121 0.1120 
         469  1 0.1118 0.1059 0.1120 0.1087 0.1117 0.1111 0.1142 0.1120 0.1126 
         470  1 0.1125 0.1140 0.1105 0.1119 0.1090 0.1114 0.1114 0.1094 0.1099 
         471  1 0.1055 0.1164 0.1100 0.1130 0.1085 0.1100 0.1119 0.1144 0.1103 
         472  1 0.1123 0.1093 0.1112 0.1118 0.1122 0.1108 0.1105 0.1099 0.1121 
         473  1 0.1092 0.1087 0.1113 0.1119 0.1126 0.1111 0.1110 0.1127 0.1116 
         474  1 0.1101 0.1117 0.1119 0.1131 0.1114 0.1105 0.1094 0.1136 0.1084 
         475  1 0.1103 0.1113 0.1105 0.1104 0.1114 0.1120 0.1098 0.1139 0.1104 
         476  1 0.1135 0.1084 0.1095 0.1114 0.1119 0.1108 0.1136 0.1100 0.1110 
         477  1 0.1167 0.1152 0.1103 0.1057 0.1094 0.1142 0.1130 0.1075 0.1080 
         478  1 0.1128 0.1103 0.1111 0.1108 0.1096 0.1120 0.1102 0.1101 0.1128 
         479  1 0.1093 0.1089 0.1116 0.1109 0.1094 0.1102 0.1115 0.1134 0.1148 
         480  1 0.1095 0.1142 0.1108 0.1103 0.1123 0.1094 0.1108 0.1126 0.1100 
         481  1 0.1102 0.1091 0.1113 0.1107 0.1113 0.1124 0.1102 0.1141 0.1107 
         482  1 0.1130 0.1103 0.1122 0.1094 0.1080 0.1122 0.1137 0.1107 0.1106 
         483  1 0.1141 0.1102 0.1095 0.1108 0.1130 0.1121 0.1095 0.1095 0.1114 
         484  1 0.1095 0.1118 0.1108 0.1123 0.1148 0.1109 0.1105 0.1103 0.1092 
         485  1 0.1108 0.1105 0.1089 0.1120 0.1103 0.1104 0.1126 0.1125 0.1121 
         486  1 0.1140 0.1145 0.1105 0.1098 0.1105 0.1112 0.1105 0.1090 0.1100 
         487  1 0.1076 0.1109 0.1091 0.1148 0.1146 0.1096 0.1102 0.1152 0.1081 
         488  1 0.1089 0.1103 0.1100 0.1133 0.1128 0.1107 0.1108 0.1130 0.1102 
         489  1 0.1095 0.1084 0.1128 0.1120 0.1147 0.1108 0.1094 0.1111 0.1112 
         490  1 0.1117 0.1097 0.1110 0.1103 0.1102 0.1117 0.1118 0.1104 0.1132 
         491  1 0.1139 0.1113 0.1112 0.1139 0.1098 0.1097 0.1109 0.1105 0.1088 
         492  1 0.1085 0.1104 0.1116 0.1120 0.1105 0.1107 0.1132 0.1131 0.1101 
         493  1 0.1088 0.1115 0.1104 0.1141 0.1094 0.1110 0.1121 0.1113 0.1111 
         494  1 0.1120 0.1099 0.1112 0.1114 0.1107 0.1122 0.1099 0.1089 0.1138 
         495  1 0.1082 0.1088 0.1084 0.1123 0.1151 0.1107 0.1100 0.1133 0.1133 
         496  1 0.1110 0.1101 0.1102 0.1079 0.1108 0.1126 0.1145 0.1130 0.1100 
         497  1 0.1097 0.1107 0.1107 0.1141 0.1115 0.1102 0.1117 0.1113 0.1100 
         498  1 0.1089 0.1091 0.1112 0.1114 0.1111 0.1125 0.1121 0.1118 0.1119 
         499  1 0.1119 0.1119 0.1107 0.1110 0.1137 0.1097 0.1106 0.1110 0.1094 
         500  1 0.1112 0.1151 0.1123 0.1109 0.1103 0.1094 0.1090 0.1107 0.1110 
