           1  1 0.2464 0.2567 0.2516 0.2453 
           2  1 0.2450 0.2579 0.2543 0.2427 
           3  1 0.2456 0.2506 0.2568 0.2471 
           4  1 0.2389 0.2604 0.2552 0.2455 
           5  1 0.2493 0.2519 0.2482 0.2505 
           6  1 0.2516 0.2565 0.2483 0.2436 
           7  1 0.2451 0.2557 0.2541 0.2451 
           8  1 0.2479 0.2543 0.2547 0.2430 
           9  1 0.2523 0.2428 0.2468 0.2581 
          10  1 0.2423 0.2500 0.2570 0.2507 
          11  1 0.2582 0.2468 0.2373 0.2577 
          12  1 0.2583 0.2411 0.2419 0.2587 
          13  1 0.2538 0.2518 0.2492 0.2452 
          14  1 0.2458 0.2601 0.2568 0.2374 
          15  1 0.2487 0.2561 0.2507 0.2445 
          16  1 0.2487 0.2568 0.2452 0.2494 
          17  1 0.2591 0.2422 0.2414 0.2573 
          18  1 0.2565 0.2391 0.2437 0.2607 
          19  1 0.2462 0.2512 0.2554 0.2472 
          20  1 0.2533 0.2474 0.2446 0.2547 
          21  1 0.2462 0.2505 0.2544 0.2488 
          22  1 0.2579 0.2445 0.2442 0.2533 
          23  1 0.2530 0.2530 0.2506 0.2433 
          24  1 0.2359 0.2626 0.2614 0.2402 
          25  1 0.2405 0.2553 0.2530 0.2512 
          26  1 0.2552 0.2448 0.2414 0.2587 
          27  1 0.2484 0.2503 0.2590 0.2423 
          28  1 0.2478 0.2478 0.2510 0.2534 
          29  1 0.2485 0.2553 0.2477 0.2484 
          30  1 0.2498 0.2513 0.2477 0.2512 
          31  1 0.2542 0.2451 0.2464 0.2543 
          32  1 0.2521 0.2462 0.2464 0.2553 
          33  1 0.2504 0.2396 0.2551 0.2549 
          34  1 0.2485 0.2497 0.2461 0.2558 
          35  1 0.2515 0.2478 0.2491 0.2516 
          36  1 0.2507 0.2492 0.2500 0.2501 
          37  1 0.2493 0.2464 0.2489 0.2554 
          38  1 0.2506 0.2491 0.2492 0.2512 
          39  1 0.2451 0.2524 0.2533 0.2492 
          40  1 0.2533 0.2474 0.2519 0.2474 
          41  1 0.2581 0.2427 0.2450 0.2542 
          42  1 0.2509 0.2463 0.2488 0.2540 
          43  1 0.2461 0.2513 0.2556 0.2470 
          44  1 0.2551 0.2478 0.2454 0.2516 
          45  1 0.2551 0.2485 0.2448 0.2515 
          46  1 0.2441 0.2512 0.2564 0.2483 
          47  1 0.2518 0.2501 0.2518 0.2463 
          48  1 0.2488 0.2501 0.2506 0.2505 
          49  1 0.2569 0.2435 0.2425 0.2570 
          50  1 0.2535 0.2559 0.2480 0.2427 
          51  1 0.2447 0.2447 0.2548 0.2559 
          52  1 0.2451 0.2475 0.2538 0.2536 
          53  1 0.2445 0.2469 0.2540 0.2546 
          54  1 0.2525 0.2466 0.2498 0.2511 
          55  1 0.2562 0.2386 0.2415 0.2636 
          56  1 0.2498 0.2558 0.2484 0.2461 
          57  1 0.2543 0.2391 0.2425 0.2640 
          58  1 0.2401 0.2465 0.2573 0.2561 
          59  1 0.2515 0.2535 0.2481 0.2469 
          60  1 0.2460 0.2506 0.2522 0.2512 
          61  1 0.2454 0.2573 0.2525 0.2449 
          62  1 0.2483 0.2445 0.2520 0.2552 
          63  1 0.2533 0.2511 0.2498 0.2458 
          64  1 0.2504 0.2466 0.2429 0.2601 
          65  1 0.2493 0.2494 0.2451 0.2563 
          66  1 0.2356 0.2604 0.2648 0.2392 
          67  1 0.2381 0.2511 0.2612 0.2496 
          68  1 0.2546 0.2417 0.2499 0.2539 
          69  1 0.2584 0.2463 0.2448 0.2505 
          70  1 0.2445 0.2471 0.2535 0.2549 
          71  1 0.2616 0.2465 0.2428 0.2492 
          72  1 0.2476 0.2470 0.2537 0.2518 
          73  1 0.2429 0.2559 0.2498 0.2514 
          74  1 0.2488 0.2490 0.2568 0.2454 
          75  1 0.2427 0.2568 0.2581 0.2424 
          76  1 0.2523 0.2480 0.2490 0.2507 
          77  1 0.2519 0.2498 0.2449 0.2534 
          78  1 0.2449 0.2578 0.2527 0.2446 
          79  1 0.2514 0.2555 0.2510 0.2421 
          80  1 0.2388 0.2553 0.2663 0.2395 
          81  1 0.2566 0.2382 0.2458 0.2594 
          82  1 0.2566 0.2493 0.2458 0.2483 
          83  1 0.2583 0.2448 0.2402 0.2566 
          84  1 0.2442 0.2550 0.2559 0.2449 
          85  1 0.2422 0.2587 0.2560 0.2431 
          86  1 0.2457 0.2525 0.2545 0.2473 
          87  1 0.2506 0.2486 0.2546 0.2462 
          88  1 0.2559 0.2449 0.2439 0.2552 
          89  1 0.2459 0.2460 0.2576 0.2505 
          90  1 0.2436 0.2496 0.2537 0.2531 
          91  1 0.2524 0.2430 0.2431 0.2616 
          92  1 0.2452 0.2502 0.2585 0.2461 
          93  1 0.2551 0.2443 0.2463 0.2544 
          94  1 0.2553 0.2467 0.2415 0.2565 
          95  1 0.2487 0.2517 0.2479 0.2516 
          96  1 0.2476 0.2485 0.2554 0.2484 
          97  1 0.2473 0.2431 0.2496 0.2600 
          98  1 0.2564 0.2413 0.2409 0.2614 
          99  1 0.2412 0.2548 0.2513 0.2527 
         100  1 0.2458 0.2461 0.2545 0.2536 
         101  1 0.2508 0.2424 0.2479 0.2590 
         102  1 0.2500 0.2446 0.2543 0.2511 
         103  1 0.2538 0.2435 0.2465 0.2562 
         104  1 0.2460 0.2502 0.2500 0.2538 
         105  1 0.2512 0.2436 0.2488 0.2564 
         106  1 0.2513 0.2482 0.2510 0.2496 
         107  1 0.2488 0.2529 0.2520 0.2463 
         108  1 0.2521 0.2521 0.2510 0.2448 
         109  1 0.2291 0.2694 0.2680 0.2335 
         110  1 0.2483 0.2574 0.2571 0.2372 
         111  1 0.2442 0.2566 0.2532 0.2460 
         112  1 0.2437 0.2513 0.2542 0.2507 
         113  1 0.2530 0.2508 0.2493 0.2470 
         114  1 0.2575 0.2462 0.2455 0.2508 
         115  1 0.2533 0.2481 0.2484 0.2502 
         116  1 0.2546 0.2461 0.2471 0.2522 
         117  1 0.2514 0.2443 0.2444 0.2598 
         118  1 0.2512 0.2496 0.2459 0.2533 
         119  1 0.2552 0.2460 0.2423 0.2564 
         120  1 0.2539 0.2558 0.2496 0.2406 
         121  1 0.2471 0.2540 0.2531 0.2459 
         122  1 0.2504 0.2493 0.2487 0.2516 
         123  1 0.2433 0.2567 0.2487 0.2513 
         124  1 0.2555 0.2521 0.2444 0.2480 
         125  1 0.2437 0.2565 0.2591 0.2407 
         126  1 0.2476 0.2605 0.2497 0.2421 
         127  1 0.2504 0.2539 0.2513 0.2444 
         128  1 0.2515 0.2418 0.2532 0.2535 
         129  1 0.2483 0.2551 0.2484 0.2482 
         130  1 0.2475 0.2518 0.2546 0.2461 
         131  1 0.2488 0.2509 0.2454 0.2549 
         132  1 0.2515 0.2546 0.2490 0.2450 
         133  1 0.2421 0.2519 0.2595 0.2465 
         134  1 0.2427 0.2622 0.2617 0.2334 
         135  1 0.2443 0.2493 0.2511 0.2553 
         136  1 0.2519 0.2447 0.2459 0.2574 
         137  1 0.2492 0.2549 0.2489 0.2470 
         138  1 0.2477 0.2542 0.2511 0.2469 
         139  1 0.2549 0.2510 0.2449 0.2491 
         140  1 0.2594 0.2429 0.2445 0.2533 
         141  1 0.2403 0.2578 0.2634 0.2386 
         142  1 0.2485 0.2543 0.2435 0.2538 
         143  1 0.2485 0.2543 0.2489 0.2484 
         144  1 0.2439 0.2533 0.2489 0.2539 
         145  1 0.2531 0.2390 0.2448 0.2631 
         146  1 0.2519 0.2517 0.2448 0.2516 
         147  1 0.2542 0.2463 0.2482 0.2514 
         148  1 0.2494 0.2529 0.2500 0.2476 
         149  1 0.2451 0.2590 0.2552 0.2407 
         150  1 0.2497 0.2529 0.2520 0.2454 
         151  1 0.2563 0.2420 0.2435 0.2583 
         152  1 0.2479 0.2571 0.2552 0.2398 
         153  1 0.2497 0.2464 0.2515 0.2524 
         154  1 0.2432 0.2558 0.2539 0.2470 
         155  1 0.2543 0.2405 0.2472 0.2581 
         156  1 0.2565 0.2419 0.2403 0.2612 
         157  1 0.2396 0.2599 0.2587 0.2418 
         158  1 0.2410 0.2550 0.2559 0.2481 
         159  1 0.2432 0.2612 0.2564 0.2392 
         160  1 0.2537 0.2500 0.2487 0.2476 
         161  1 0.2489 0.2497 0.2517 0.2496 
         162  1 0.2577 0.2458 0.2447 0.2519 
         163  1 0.2457 0.2536 0.2511 0.2496 
         164  1 0.2495 0.2515 0.2526 0.2463 
         165  1 0.2526 0.2523 0.2462 0.2489 
         166  1 0.2555 0.2402 0.2429 0.2613 
         167  1 0.2512 0.2513 0.2511 0.2464 
         168  1 0.2532 0.2475 0.2474 0.2519 
         169  1 0.2569 0.2424 0.2429 0.2578 
         170  1 0.2565 0.2441 0.2436 0.2557 
         171  1 0.2492 0.2557 0.2513 0.2438 
         172  1 0.2550 0.2532 0.2471 0.2448 
         173  1 0.2478 0.2546 0.2529 0.2447 
         174  1 0.2545 0.2536 0.2514 0.2404 
         175  1 0.2558 0.2449 0.2444 0.2549 
         176  1 0.2497 0.2489 0.2487 0.2528 
         177  1 0.2501 0.2488 0.2544 0.2467 
         178  1 0.2548 0.2460 0.2450 0.2543 
         179  1 0.2419 0.2516 0.2619 0.2446 
         180  1 0.2552 0.2499 0.2459 0.2490 
         181  1 0.2504 0.2426 0.2456 0.2613 
         182  1 0.2603 0.2428 0.2384 0.2585 
         183  1 0.2512 0.2504 0.2485 0.2499 
         184  1 0.2559 0.2471 0.2439 0.2531 
         185  1 0.2480 0.2452 0.2518 0.2550 
         186  1 0.2513 0.2504 0.2461 0.2523 
         187  1 0.2485 0.2493 0.2514 0.2508 
         188  1 0.2533 0.2414 0.2501 0.2552 
         189  1 0.2541 0.2464 0.2533 0.2462 
         190  1 0.2573 0.2484 0.2433 0.2510 
         191  1 0.2502 0.2521 0.2540 0.2437 
         192  1 0.2440 0.2591 0.2524 0.2444 
         193  1 0.2475 0.2441 0.2566 0.2518 
         194  1 0.2510 0.2514 0.2484 0.2492 
         195  1 0.2471 0.2535 0.2518 0.2476 
         196  1 0.2571 0.2412 0.2442 0.2575 
         197  1 0.2482 0.2522 0.2475 0.2520 
         198  1 0.2508 0.2471 0.2514 0.2507 
         199  1 0.2412 0.2534 0.2622 0.2431 
         200  1 0.2485 0.2572 0.2503 0.2439 
         201  1 0.2481 0.2416 0.2474 0.2629 
         202  1 0.2554 0.2479 0.2444 0.2523 
         203  1 0.2543 0.2498 0.2481 0.2478 
         204  1 0.2480 0.2525 0.2526 0.2468 
         205  1 0.2556 0.2464 0.2498 0.2483 
         206  1 0.2540 0.2505 0.2478 0.2477 
         207  1 0.2526 0.2478 0.2511 0.2485 
         208  1 0.2448 0.2516 0.2525 0.2511 
         209  1 0.2509 0.2490 0.2448 0.2552 
         210  1 0.2449 0.2565 0.2560 0.2426 
         211  1 0.2347 0.2695 0.2609 0.2348 
         212  1 0.2542 0.2371 0.2446 0.2640 
         213  1 0.2491 0.2566 0.2532 0.2410 
         214  1 0.2365 0.2575 0.2564 0.2497 
         215  1 0.2475 0.2565 0.2481 0.2479 
         216  1 0.2545 0.2430 0.2447 0.2578 
         217  1 0.2515 0.2600 0.2501 0.2385 
         218  1 0.2550 0.2536 0.2522 0.2391 
         219  1 0.2454 0.2546 0.2574 0.2426 
         220  1 0.2446 0.2574 0.2587 0.2393 
         221  1 0.2402 0.2496 0.2624 0.2479 
         222  1 0.2518 0.2490 0.2508 0.2483 
         223  1 0.2391 0.2534 0.2547 0.2528 
         224  1 0.2505 0.2484 0.2465 0.2546 
         225  1 0.2540 0.2505 0.2476 0.2479 
         226  1 0.2514 0.2481 0.2520 0.2485 
         227  1 0.2361 0.2540 0.2629 0.2470 
         228  1 0.2506 0.2500 0.2504 0.2490 
         229  1 0.2530 0.2435 0.2462 0.2573 
         230  1 0.2465 0.2484 0.2484 0.2567 
         231  1 0.2563 0.2428 0.2402 0.2607 
         232  1 0.2529 0.2464 0.2436 0.2572 
         233  1 0.2500 0.2491 0.2477 0.2533 
         234  1 0.2546 0.2452 0.2460 0.2542 
         235  1 0.2582 0.2446 0.2390 0.2582 
         236  1 0.2446 0.2541 0.2590 0.2423 
         237  1 0.2547 0.2435 0.2392 0.2627 
         238  1 0.2459 0.2476 0.2520 0.2546 
         239  1 0.2567 0.2454 0.2475 0.2504 
         240  1 0.2567 0.2490 0.2476 0.2467 
         241  1 0.2527 0.2433 0.2403 0.2637 
         242  1 0.2511 0.2463 0.2458 0.2568 
         243  1 0.2514 0.2533 0.2488 0.2465 
         244  1 0.2488 0.2498 0.2557 0.2457 
         245  1 0.2531 0.2491 0.2468 0.2510 
         246  1 0.2506 0.2461 0.2556 0.2476 
         247  1 0.2488 0.2507 0.2554 0.2450 
         248  1 0.2497 0.2426 0.2518 0.2559 
         249  1 0.2484 0.2499 0.2513 0.2504 
         250  1 0.2580 0.2469 0.2428 0.2523 
         251  1 0.2539 0.2426 0.2480 0.2555 
         252  1 0.2485 0.2560 0.2519 0.2436 
         253  1 0.2423 0.2547 0.2589 0.2441 
         254  1 0.2537 0.2466 0.2482 0.2516 
         255  1 0.2474 0.2560 0.2564 0.2402 
         256  1 0.2533 0.2483 0.2466 0.2518 
         257  1 0.2503 0.2568 0.2534 0.2395 
         258  1 0.2467 0.2546 0.2554 0.2433 
         259  1 0.2411 0.2552 0.2619 0.2418 
         260  1 0.2489 0.2527 0.2554 0.2430 
         261  1 0.2557 0.2487 0.2401 0.2555 
         262  1 0.2452 0.2622 0.2526 0.2400 
         263  1 0.2527 0.2417 0.2490 0.2566 
         264  1 0.2485 0.2534 0.2488 0.2493 
         265  1 0.2493 0.2505 0.2506 0.2495 
         266  1 0.2564 0.2489 0.2480 0.2467 
         267  1 0.2457 0.2531 0.2524 0.2488 
         268  1 0.2462 0.2517 0.2513 0.2508 
         269  1 0.2398 0.2624 0.2562 0.2416 
         270  1 0.2576 0.2527 0.2438 0.2459 
         271  1 0.2558 0.2397 0.2442 0.2603 
         272  1 0.2498 0.2512 0.2550 0.2440 
         273  1 0.2568 0.2413 0.2442 0.2577 
         274  1 0.2479 0.2491 0.2492 0.2538 
         275  1 0.2441 0.2592 0.2616 0.2351 
         276  1 0.2570 0.2512 0.2515 0.2403 
         277  1 0.2511 0.2475 0.2493 0.2520 
         278  1 0.2435 0.2566 0.2538 0.2461 
         279  1 0.2473 0.2532 0.2535 0.2460 
         280  1 0.2483 0.2529 0.2502 0.2486 
         281  1 0.2607 0.2357 0.2374 0.2662 
         282  1 0.2558 0.2406 0.2463 0.2573 
         283  1 0.2509 0.2523 0.2489 0.2479 
         284  1 0.2523 0.2483 0.2439 0.2555 
         285  1 0.2501 0.2453 0.2465 0.2580 
         286  1 0.2454 0.2557 0.2570 0.2419 
         287  1 0.2593 0.2394 0.2448 0.2565 
         288  1 0.2577 0.2433 0.2453 0.2537 
         289  1 0.2529 0.2437 0.2403 0.2630 
         290  1 0.2545 0.2446 0.2393 0.2616 
         291  1 0.2480 0.2538 0.2522 0.2461 
         292  1 0.2583 0.2437 0.2449 0.2532 
         293  1 0.2540 0.2488 0.2413 0.2558 
         294  1 0.2553 0.2404 0.2465 0.2578 
         295  1 0.2462 0.2527 0.2510 0.2500 
         296  1 0.2447 0.2521 0.2531 0.2502 
         297  1 0.2476 0.2456 0.2571 0.2497 
         298  1 0.2451 0.2517 0.2472 0.2560 
         299  1 0.2440 0.2468 0.2610 0.2482 
         300  1 0.2436 0.2629 0.2571 0.2363 
         301  1 0.2534 0.2491 0.2476 0.2499 
         302  1 0.2522 0.2476 0.2530 0.2473 
         303  1 0.2512 0.2515 0.2554 0.2419 
         304  1 0.2547 0.2539 0.2470 0.2444 
         305  1 0.2558 0.2502 0.2467 0.2473 
         306  1 0.2481 0.2525 0.2525 0.2468 
         307  1 0.2439 0.2531 0.2502 0.2528 
         308  1 0.2494 0.2511 0.2469 0.2525 
         309  1 0.2568 0.2420 0.2460 0.2552 
         310  1 0.2516 0.2462 0.2497 0.2525 
         311  1 0.2539 0.2492 0.2481 0.2488 
         312  1 0.2557 0.2487 0.2475 0.2481 
         313  1 0.2478 0.2497 0.2541 0.2485 
         314  1 0.2450 0.2519 0.2482 0.2549 
         315  1 0.2459 0.2555 0.2511 0.2475 
         316  1 0.2467 0.2564 0.2457 0.2511 
         317  1 0.2489 0.2504 0.2424 0.2582 
         318  1 0.2499 0.2427 0.2446 0.2628 
         319  1 0.2428 0.2636 0.2557 0.2379 
         320  1 0.2513 0.2493 0.2453 0.2541 
         321  1 0.2446 0.2513 0.2535 0.2506 
         322  1 0.2561 0.2379 0.2454 0.2606 
         323  1 0.2469 0.2507 0.2464 0.2559 
         324  1 0.2380 0.2604 0.2588 0.2428 
         325  1 0.2448 0.2464 0.2486 0.2601 
         326  1 0.2463 0.2562 0.2528 0.2446 
         327  1 0.2548 0.2514 0.2439 0.2499 
         328  1 0.2501 0.2465 0.2482 0.2552 
         329  1 0.2439 0.2496 0.2514 0.2551 
         330  1 0.2586 0.2475 0.2449 0.2490 
         331  1 0.2506 0.2456 0.2517 0.2521 
         332  1 0.2527 0.2503 0.2488 0.2483 
         333  1 0.2569 0.2517 0.2452 0.2462 
         334  1 0.2494 0.2531 0.2464 0.2511 
         335  1 0.2565 0.2393 0.2355 0.2687 
         336  1 0.2528 0.2481 0.2462 0.2529 
         337  1 0.2497 0.2503 0.2510 0.2490 
         338  1 0.2510 0.2455 0.2533 0.2502 
         339  1 0.2537 0.2523 0.2450 0.2491 
         340  1 0.2445 0.2546 0.2543 0.2466 
         341  1 0.2536 0.2503 0.2520 0.2442 
         342  1 0.2467 0.2489 0.2568 0.2475 
         343  1 0.2545 0.2456 0.2438 0.2560 
         344  1 0.2481 0.2518 0.2468 0.2533 
         345  1 0.2458 0.2479 0.2526 0.2537 
         346  1 0.2530 0.2516 0.2512 0.2442 
         347  1 0.2498 0.2497 0.2555 0.2450 
         348  1 0.2479 0.2475 0.2531 0.2516 
         349  1 0.2566 0.2482 0.2518 0.2433 
         350  1 0.2459 0.2510 0.2508 0.2523 
         351  1 0.2483 0.2498 0.2523 0.2497 
         352  1 0.2503 0.2424 0.2402 0.2671 
         353  1 0.2500 0.2482 0.2494 0.2524 
         354  1 0.2505 0.2484 0.2506 0.2505 
         355  1 0.2596 0.2466 0.2413 0.2525 
         356  1 0.2577 0.2484 0.2471 0.2468 
         357  1 0.2401 0.2648 0.2608 0.2343 
         358  1 0.2521 0.2515 0.2520 0.2444 
         359  1 0.2401 0.2663 0.2600 0.2336 
         360  1 0.2524 0.2423 0.2451 0.2603 
         361  1 0.2358 0.2691 0.2509 0.2443 
         362  1 0.2494 0.2557 0.2552 0.2397 
         363  1 0.2599 0.2466 0.2415 0.2520 
         364  1 0.2562 0.2428 0.2495 0.2515 
         365  1 0.2464 0.2573 0.2531 0.2432 
         366  1 0.2544 0.2479 0.2431 0.2547 
         367  1 0.2517 0.2473 0.2467 0.2543 
         368  1 0.2528 0.2393 0.2444 0.2635 
         369  1 0.2464 0.2458 0.2551 0.2527 
         370  1 0.2508 0.2463 0.2526 0.2503 
         371  1 0.2490 0.2491 0.2527 0.2491 
         372  1 0.2529 0.2494 0.2459 0.2518 
         373  1 0.2527 0.2504 0.2457 0.2513 
         374  1 0.2404 0.2539 0.2581 0.2475 
         375  1 0.2450 0.2559 0.2484 0.2507 
         376  1 0.2594 0.2446 0.2444 0.2516 
         377  1 0.2506 0.2503 0.2493 0.2498 
         378  1 0.2553 0.2485 0.2456 0.2506 
         379  1 0.2556 0.2418 0.2489 0.2537 
         380  1 0.2566 0.2380 0.2425 0.2629 
         381  1 0.2479 0.2519 0.2513 0.2489 
         382  1 0.2537 0.2526 0.2523 0.2414 
         383  1 0.2475 0.2496 0.2565 0.2463 
         384  1 0.2513 0.2490 0.2506 0.2491 
         385  1 0.2461 0.2563 0.2556 0.2420 
         386  1 0.2445 0.2502 0.2592 0.2461 
         387  1 0.2490 0.2569 0.2489 0.2452 
         388  1 0.2631 0.2391 0.2433 0.2545 
         389  1 0.2561 0.2494 0.2465 0.2480 
         390  1 0.2390 0.2626 0.2583 0.2400 
         391  1 0.2457 0.2518 0.2541 0.2485 
         392  1 0.2449 0.2475 0.2528 0.2548 
         393  1 0.2545 0.2455 0.2433 0.2567 
         394  1 0.2448 0.2543 0.2565 0.2444 
         395  1 0.2442 0.2516 0.2517 0.2525 
         396  1 0.2511 0.2478 0.2496 0.2515 
         397  1 0.2463 0.2520 0.2530 0.2487 
         398  1 0.2485 0.2534 0.2475 0.2506 
         399  1 0.2538 0.2387 0.2434 0.2641 
         400  1 0.2510 0.2487 0.2489 0.2515 
         401  1 0.2419 0.2545 0.2515 0.2521 
         402  1 0.2524 0.2446 0.2442 0.2587 
         403  1 0.2595 0.2459 0.2415 0.2531 
         404  1 0.2572 0.2502 0.2455 0.2471 
         405  1 0.2496 0.2494 0.2518 0.2492 
         406  1 0.2547 0.2526 0.2473 0.2454 
         407  1 0.2510 0.2535 0.2518 0.2438 
         408  1 0.2574 0.2454 0.2460 0.2513 
         409  1 0.2521 0.2520 0.2509 0.2450 
         410  1 0.2508 0.2529 0.2499 0.2465 
         411  1 0.2338 0.2606 0.2614 0.2443 
         412  1 0.2496 0.2479 0.2471 0.2555 
         413  1 0.2488 0.2445 0.2530 0.2537 
         414  1 0.2560 0.2377 0.2434 0.2630 
         415  1 0.2558 0.2470 0.2514 0.2459 
         416  1 0.2528 0.2477 0.2454 0.2540 
         417  1 0.2533 0.2489 0.2492 0.2485 
         418  1 0.2481 0.2511 0.2497 0.2512 
         419  1 0.2516 0.2466 0.2469 0.2549 
         420  1 0.2521 0.2495 0.2477 0.2507 
         421  1 0.2421 0.2605 0.2597 0.2377 
         422  1 0.2535 0.2534 0.2458 0.2473 
         423  1 0.2450 0.2521 0.2561 0.2468 
         424  1 0.2497 0.2443 0.2512 0.2548 
         425  1 0.2564 0.2389 0.2464 0.2582 
         426  1 0.2505 0.2487 0.2538 0.2471 
         427  1 0.2569 0.2485 0.2457 0.2489 
         428  1 0.2495 0.2462 0.2477 0.2566 
         429  1 0.2620 0.2450 0.2425 0.2505 
         430  1 0.2536 0.2443 0.2437 0.2584 
         431  1 0.2518 0.2463 0.2486 0.2533 
         432  1 0.2579 0.2449 0.2423 0.2549 
         433  1 0.2572 0.2426 0.2417 0.2584 
         434  1 0.2441 0.2524 0.2597 0.2438 
         435  1 0.2556 0.2477 0.2410 0.2557 
         436  1 0.2583 0.2503 0.2484 0.2430 
         437  1 0.2516 0.2525 0.2523 0.2436 
         438  1 0.2446 0.2517 0.2590 0.2447 
         439  1 0.2526 0.2471 0.2485 0.2518 
         440  1 0.2509 0.2433 0.2490 0.2567 
         441  1 0.2511 0.2504 0.2483 0.2502 
         442  1 0.2463 0.2514 0.2539 0.2484 
         443  1 0.2594 0.2512 0.2415 0.2480 
         444  1 0.2455 0.2515 0.2525 0.2505 
         445  1 0.2519 0.2452 0.2525 0.2504 
         446  1 0.2469 0.2501 0.2458 0.2572 
         447  1 0.2550 0.2442 0.2454 0.2554 
         448  1 0.2536 0.2489 0.2477 0.2498 
         449  1 0.2508 0.2506 0.2516 0.2471 
         450  1 0.2523 0.2444 0.2477 0.2556 
         451  1 0.2530 0.2421 0.2533 0.2515 
         452  1 0.2543 0.2524 0.2427 0.2505 
         453  1 0.2460 0.2538 0.2535 0.2466 
         454  1 0.2521 0.2474 0.2470 0.2535 
         455  1 0.2536 0.2417 0.2523 0.2524 
         456  1 0.2598 0.2422 0.2453 0.2527 
         457  1 0.2485 0.2520 0.2475 0.2520 
         458  1 0.2564 0.2474 0.2466 0.2496 
         459  1 0.2545 0.2408 0.2399 0.2648 
         460  1 0.2528 0.2461 0.2497 0.2513 
         461  1 0.2507 0.2467 0.2454 0.2573 
         462  1 0.2514 0.2513 0.2479 0.2494 
         463  1 0.2515 0.2472 0.2496 0.2517 
         464  1 0.2499 0.2505 0.2520 0.2475 
         465  1 0.2401 0.2643 0.2535 0.2421 
         466  1 0.2484 0.2504 0.2514 0.2497 
         467  1 0.2482 0.2472 0.2511 0.2534 
         468  1 0.2585 0.2446 0.2433 0.2535 
         469  1 0.2399 0.2587 0.2571 0.2444 
         470  1 0.2551 0.2426 0.2451 0.2571 
         471  1 0.2593 0.2471 0.2429 0.2507 
         472  1 0.2534 0.2442 0.2471 0.2553 
         473  1 0.2508 0.2609 0.2512 0.2371 
         474  1 0.2579 0.2478 0.2497 0.2447 
         475  1 0.2520 0.2503 0.2529 0.2448 
         476  1 0.2454 0.2532 0.2540 0.2474 
         477  1 0.2540 0.2505 0.2427 0.2527 
         478  1 0.2558 0.2424 0.2468 0.2550 
         479  1 0.2538 0.2457 0.2475 0.2530 
         480  1 0.2464 0.2552 0.2520 0.2464 
         481  1 0.2486 0.2499 0.2519 0.2496 
         482  1 0.2612 0.2451 0.2391 0.2546 
         483  1 0.2406 0.2565 0.2575 0.2453 
         484  1 0.2500 0.2526 0.2514 0.2460 
         485  1 0.2524 0.2474 0.2491 0.2512 
         486  1 0.2512 0.2481 0.2483 0.2524 
         487  1 0.2427 0.2623 0.2613 0.2337 
         488  1 0.2521 0.2555 0.2513 0.2411 
         489  1 0.2354 0.2628 0.2574 0.2443 
         490  1 0.2531 0.2469 0.2465 0.2535 
         491  1 0.2534 0.2451 0.2492 0.2522 
         492  1 0.2559 0.2462 0.2429 0.2550 
         493  1 0.2579 0.2462 0.2501 0.2458 
         494  1 0.2503 0.2451 0.2504 0.2543 
         495  1 0.2420 0.2620 0.2584 0.2376 
         496  1 0.2480 0.2561 0.2476 0.2483 
         497  1 0.2482 0.2471 0.2560 0.2487 
         498  1 0.2520 0.2471 0.2486 0.2523 
         499  1 0.2422 0.2530 0.2581 0.2467 
         500  1 0.2534 0.2437 0.2475 0.2554 
         501  1 0.2375 0.2705 0.2560 0.2359 
         502  1 0.2425 0.2494 0.2582 0.2500 
         503  1 0.2363 0.2598 0.2630 0.2409 
         504  1 0.2532 0.2484 0.2446 0.2539 
         505  1 0.2436 0.2586 0.2549 0.2428 
         506  1 0.2420 0.2519 0.2597 0.2464 
         507  1 0.2477 0.2526 0.2576 0.2421 
         508  1 0.2570 0.2497 0.2448 0.2485 
         509  1 0.2479 0.2518 0.2509 0.2495 
         510  1 0.2537 0.2430 0.2439 0.2595 
         511  1 0.2528 0.2490 0.2465 0.2517 
         512  1 0.2464 0.2543 0.2587 0.2406 
         513  1 0.2532 0.2508 0.2479 0.2480 
         514  1 0.2620 0.2406 0.2435 0.2539 
         515  1 0.2465 0.2487 0.2576 0.2472 
         516  1 0.2498 0.2492 0.2535 0.2474 
         517  1 0.2597 0.2477 0.2426 0.2499 
         518  1 0.2486 0.2548 0.2509 0.2456 
         519  1 0.2437 0.2533 0.2553 0.2476 
         520  1 0.2446 0.2595 0.2503 0.2456 
         521  1 0.2410 0.2576 0.2611 0.2403 
         522  1 0.2465 0.2503 0.2497 0.2534 
         523  1 0.2511 0.2458 0.2528 0.2503 
         524  1 0.2504 0.2587 0.2533 0.2377 
         525  1 0.2375 0.2528 0.2591 0.2506 
         526  1 0.2519 0.2532 0.2524 0.2425 
         527  1 0.2443 0.2533 0.2538 0.2486 
         528  1 0.2530 0.2520 0.2445 0.2505 
         529  1 0.2539 0.2488 0.2444 0.2529 
         530  1 0.2526 0.2437 0.2416 0.2621 
         531  1 0.2562 0.2424 0.2456 0.2559 
         532  1 0.2473 0.2515 0.2494 0.2518 
         533  1 0.2464 0.2544 0.2484 0.2508 
         534  1 0.2535 0.2459 0.2462 0.2543 
         535  1 0.2467 0.2510 0.2552 0.2472 
         536  1 0.2511 0.2460 0.2415 0.2613 
         537  1 0.2478 0.2562 0.2516 0.2444 
         538  1 0.2603 0.2478 0.2439 0.2480 
         539  1 0.2458 0.2507 0.2533 0.2502 
         540  1 0.2433 0.2533 0.2635 0.2398 
         541  1 0.2521 0.2480 0.2411 0.2589 
         542  1 0.2473 0.2481 0.2523 0.2523 
         543  1 0.2368 0.2567 0.2559 0.2505 
         544  1 0.2509 0.2532 0.2529 0.2431 
         545  1 0.2498 0.2518 0.2515 0.2470 
         546  1 0.2518 0.2527 0.2488 0.2467 
         547  1 0.2462 0.2527 0.2524 0.2487 
         548  1 0.2561 0.2443 0.2445 0.2551 
         549  1 0.2523 0.2515 0.2501 0.2461 
         550  1 0.2547 0.2473 0.2448 0.2533 
         551  1 0.2365 0.2618 0.2639 0.2379 
         552  1 0.2503 0.2532 0.2479 0.2486 
         553  1 0.2420 0.2598 0.2602 0.2380 
         554  1 0.2568 0.2452 0.2416 0.2564 
         555  1 0.2496 0.2488 0.2485 0.2531 
         556  1 0.2544 0.2485 0.2480 0.2491 
         557  1 0.2545 0.2534 0.2466 0.2455 
         558  1 0.2491 0.2551 0.2477 0.2481 
         559  1 0.2456 0.2510 0.2514 0.2521 
         560  1 0.2476 0.2564 0.2514 0.2446 
         561  1 0.2494 0.2429 0.2500 0.2578 
         562  1 0.2614 0.2466 0.2462 0.2459 
         563  1 0.2602 0.2479 0.2428 0.2491 
         564  1 0.2554 0.2475 0.2436 0.2535 
         565  1 0.2490 0.2513 0.2475 0.2522 
         566  1 0.2531 0.2354 0.2484 0.2631 
         567  1 0.2542 0.2448 0.2428 0.2582 
         568  1 0.2391 0.2594 0.2618 0.2397 
         569  1 0.2528 0.2465 0.2451 0.2556 
         570  1 0.2387 0.2647 0.2596 0.2369 
         571  1 0.2587 0.2398 0.2412 0.2603 
         572  1 0.2544 0.2471 0.2460 0.2525 
         573  1 0.2497 0.2552 0.2535 0.2416 
         574  1 0.2462 0.2498 0.2542 0.2498 
         575  1 0.2490 0.2503 0.2521 0.2486 
         576  1 0.2476 0.2491 0.2570 0.2464 
         577  1 0.2548 0.2491 0.2523 0.2438 
         578  1 0.2530 0.2513 0.2472 0.2485 
         579  1 0.2397 0.2551 0.2550 0.2502 
         580  1 0.2524 0.2380 0.2463 0.2632 
         581  1 0.2510 0.2520 0.2508 0.2463 
         582  1 0.2551 0.2446 0.2517 0.2486 
         583  1 0.2556 0.2433 0.2453 0.2558 
         584  1 0.2464 0.2540 0.2507 0.2489 
         585  1 0.2601 0.2382 0.2378 0.2639 
         586  1 0.2509 0.2542 0.2506 0.2442 
         587  1 0.2569 0.2434 0.2384 0.2612 
         588  1 0.2521 0.2512 0.2490 0.2477 
         589  1 0.2466 0.2432 0.2516 0.2585 
         590  1 0.2517 0.2471 0.2504 0.2508 
         591  1 0.2527 0.2450 0.2456 0.2568 
         592  1 0.2612 0.2402 0.2400 0.2585 
         593  1 0.2534 0.2453 0.2523 0.2490 
         594  1 0.2497 0.2476 0.2535 0.2492 
         595  1 0.2511 0.2434 0.2538 0.2517 
         596  1 0.2463 0.2596 0.2537 0.2404 
         597  1 0.2467 0.2522 0.2552 0.2460 
         598  1 0.2589 0.2349 0.2433 0.2629 
         599  1 0.2404 0.2542 0.2541 0.2513 
         600  1 0.2539 0.2445 0.2506 0.2510 
         601  1 0.2530 0.2544 0.2462 0.2463 
         602  1 0.2428 0.2465 0.2615 0.2492 
         603  1 0.2569 0.2431 0.2438 0.2562 
         604  1 0.2465 0.2538 0.2535 0.2462 
         605  1 0.2425 0.2596 0.2582 0.2397 
         606  1 0.2537 0.2456 0.2475 0.2531 
         607  1 0.2464 0.2596 0.2567 0.2372 
         608  1 0.2448 0.2537 0.2541 0.2474 
         609  1 0.2499 0.2525 0.2467 0.2509 
         610  1 0.2493 0.2511 0.2512 0.2484 
         611  1 0.2486 0.2570 0.2559 0.2385 
         612  1 0.2525 0.2471 0.2450 0.2554 
         613  1 0.2552 0.2455 0.2464 0.2529 
         614  1 0.2498 0.2508 0.2499 0.2495 
         615  1 0.2569 0.2456 0.2437 0.2537 
         616  1 0.2595 0.2478 0.2429 0.2498 
         617  1 0.2508 0.2512 0.2480 0.2500 
         618  1 0.2464 0.2489 0.2508 0.2539 
         619  1 0.2435 0.2573 0.2569 0.2423 
         620  1 0.2446 0.2535 0.2555 0.2465 
         621  1 0.2474 0.2529 0.2555 0.2442 
         622  1 0.2451 0.2565 0.2557 0.2427 
         623  1 0.2506 0.2446 0.2513 0.2536 
         624  1 0.2442 0.2519 0.2586 0.2453 
         625  1 0.2468 0.2449 0.2464 0.2618 
         626  1 0.2493 0.2436 0.2458 0.2614 
         627  1 0.2468 0.2562 0.2520 0.2450 
         628  1 0.2465 0.2558 0.2513 0.2464 
         629  1 0.2477 0.2488 0.2530 0.2506 
         630  1 0.2525 0.2553 0.2495 0.2427 
         631  1 0.2450 0.2539 0.2571 0.2440 
         632  1 0.2612 0.2419 0.2378 0.2590 
         633  1 0.2569 0.2515 0.2424 0.2492 
         634  1 0.2519 0.2490 0.2457 0.2534 
         635  1 0.2446 0.2597 0.2573 0.2384 
         636  1 0.2485 0.2516 0.2537 0.2463 
         637  1 0.2553 0.2438 0.2414 0.2595 
         638  1 0.2511 0.2467 0.2522 0.2500 
         639  1 0.2508 0.2485 0.2481 0.2526 
         640  1 0.2483 0.2478 0.2463 0.2576 
         641  1 0.2484 0.2509 0.2545 0.2462 
         642  1 0.2428 0.2500 0.2531 0.2541 
         643  1 0.2542 0.2437 0.2443 0.2578 
         644  1 0.2472 0.2519 0.2545 0.2464 
         645  1 0.2477 0.2550 0.2533 0.2440 
         646  1 0.2454 0.2567 0.2551 0.2428 
         647  1 0.2396 0.2510 0.2542 0.2553 
         648  1 0.2494 0.2498 0.2503 0.2505 
         649  1 0.2444 0.2550 0.2488 0.2519 
         650  1 0.2520 0.2510 0.2499 0.2471 
         651  1 0.2513 0.2451 0.2479 0.2557 
         652  1 0.2516 0.2494 0.2455 0.2535 
         653  1 0.2496 0.2520 0.2532 0.2452 
         654  1 0.2499 0.2477 0.2493 0.2532 
         655  1 0.2541 0.2427 0.2499 0.2534 
         656  1 0.2486 0.2519 0.2535 0.2460 
         657  1 0.2455 0.2505 0.2568 0.2472 
         658  1 0.2516 0.2517 0.2483 0.2483 
         659  1 0.2548 0.2486 0.2427 0.2539 
         660  1 0.2544 0.2484 0.2470 0.2501 
         661  1 0.2522 0.2495 0.2458 0.2524 
         662  1 0.2471 0.2528 0.2517 0.2485 
         663  1 0.2477 0.2521 0.2491 0.2511 
         664  1 0.2545 0.2447 0.2440 0.2568 
         665  1 0.2549 0.2469 0.2428 0.2554 
         666  1 0.2480 0.2539 0.2490 0.2491 
         667  1 0.2518 0.2493 0.2476 0.2514 
         668  1 0.2471 0.2531 0.2534 0.2465 
         669  1 0.2577 0.2526 0.2467 0.2430 
         670  1 0.2529 0.2545 0.2468 0.2458 
         671  1 0.2417 0.2567 0.2550 0.2467 
         672  1 0.2473 0.2469 0.2499 0.2559 
         673  1 0.2544 0.2488 0.2510 0.2458 
         674  1 0.2541 0.2443 0.2437 0.2579 
         675  1 0.2403 0.2599 0.2555 0.2443 
         676  1 0.2466 0.2494 0.2572 0.2467 
         677  1 0.2489 0.2477 0.2452 0.2582 
         678  1 0.2523 0.2451 0.2451 0.2574 
         679  1 0.2435 0.2548 0.2528 0.2489 
         680  1 0.2502 0.2540 0.2484 0.2474 
         681  1 0.2495 0.2460 0.2461 0.2584 
         682  1 0.2612 0.2459 0.2511 0.2418 
         683  1 0.2559 0.2412 0.2432 0.2597 
         684  1 0.2513 0.2466 0.2516 0.2506 
         685  1 0.2523 0.2417 0.2464 0.2597 
         686  1 0.2546 0.2453 0.2445 0.2556 
         687  1 0.2467 0.2478 0.2495 0.2559 
         688  1 0.2498 0.2416 0.2486 0.2600 
         689  1 0.2601 0.2480 0.2433 0.2485 
         690  1 0.2460 0.2520 0.2542 0.2478 
         691  1 0.2525 0.2479 0.2477 0.2519 
         692  1 0.2512 0.2502 0.2505 0.2480 
         693  1 0.2564 0.2488 0.2453 0.2495 
         694  1 0.2508 0.2503 0.2514 0.2475 
         695  1 0.2376 0.2621 0.2657 0.2346 
         696  1 0.2453 0.2484 0.2627 0.2436 
         697  1 0.2377 0.2617 0.2639 0.2366 
         698  1 0.2514 0.2520 0.2501 0.2464 
         699  1 0.2413 0.2597 0.2523 0.2467 
         700  1 0.2533 0.2502 0.2485 0.2481 
         701  1 0.2436 0.2511 0.2573 0.2480 
         702  1 0.2482 0.2570 0.2546 0.2402 
         703  1 0.2497 0.2541 0.2539 0.2424 
         704  1 0.2482 0.2444 0.2471 0.2602 
         705  1 0.2520 0.2433 0.2495 0.2551 
         706  1 0.2509 0.2450 0.2456 0.2586 
         707  1 0.2621 0.2441 0.2422 0.2516 
         708  1 0.2446 0.2545 0.2496 0.2513 
         709  1 0.2440 0.2574 0.2569 0.2417 
         710  1 0.2528 0.2497 0.2480 0.2495 
         711  1 0.2525 0.2529 0.2455 0.2491 
         712  1 0.2505 0.2498 0.2524 0.2472 
         713  1 0.2504 0.2464 0.2529 0.2503 
         714  1 0.2470 0.2541 0.2594 0.2395 
         715  1 0.2492 0.2459 0.2487 0.2562 
         716  1 0.2562 0.2462 0.2447 0.2529 
         717  1 0.2401 0.2551 0.2598 0.2450 
         718  1 0.2391 0.2611 0.2617 0.2382 
         719  1 0.2533 0.2442 0.2444 0.2581 
         720  1 0.2549 0.2409 0.2453 0.2589 
         721  1 0.2341 0.2662 0.2636 0.2361 
         722  1 0.2548 0.2477 0.2498 0.2477 
         723  1 0.2430 0.2550 0.2574 0.2446 
         724  1 0.2462 0.2551 0.2552 0.2435 
         725  1 0.2431 0.2591 0.2583 0.2395 
         726  1 0.2532 0.2458 0.2457 0.2553 
         727  1 0.2501 0.2492 0.2504 0.2503 
         728  1 0.2560 0.2486 0.2458 0.2497 
         729  1 0.2528 0.2437 0.2479 0.2556 
         730  1 0.2467 0.2451 0.2543 0.2539 
         731  1 0.2431 0.2558 0.2561 0.2449 
         732  1 0.2578 0.2461 0.2443 0.2518 
         733  1 0.2583 0.2422 0.2469 0.2527 
         734  1 0.2571 0.2396 0.2490 0.2543 
         735  1 0.2583 0.2462 0.2479 0.2476 
         736  1 0.2509 0.2453 0.2501 0.2537 
         737  1 0.2571 0.2481 0.2436 0.2511 
         738  1 0.2411 0.2582 0.2573 0.2434 
         739  1 0.2547 0.2478 0.2479 0.2497 
         740  1 0.2509 0.2574 0.2478 0.2439 
         741  1 0.2445 0.2573 0.2538 0.2444 
         742  1 0.2495 0.2512 0.2584 0.2408 
         743  1 0.2537 0.2468 0.2474 0.2521 
         744  1 0.2510 0.2434 0.2544 0.2512 
         745  1 0.2487 0.2500 0.2502 0.2510 
         746  1 0.2530 0.2431 0.2523 0.2517 
         747  1 0.2554 0.2384 0.2485 0.2577 
         748  1 0.2512 0.2515 0.2522 0.2451 
         749  1 0.2410 0.2520 0.2586 0.2483 
         750  1 0.2489 0.2473 0.2530 0.2508 
         751  1 0.2459 0.2565 0.2524 0.2453 
         752  1 0.2544 0.2504 0.2436 0.2517 
         753  1 0.2441 0.2512 0.2576 0.2471 
         754  1 0.2417 0.2573 0.2623 0.2386 
         755  1 0.2502 0.2513 0.2466 0.2518 
         756  1 0.2502 0.2476 0.2467 0.2554 
         757  1 0.2524 0.2472 0.2523 0.2481 
         758  1 0.2531 0.2461 0.2460 0.2549 
         759  1 0.2513 0.2492 0.2524 0.2471 
         760  1 0.2527 0.2462 0.2472 0.2540 
         761  1 0.2567 0.2434 0.2435 0.2564 
         762  1 0.2425 0.2562 0.2511 0.2502 
         763  1 0.2486 0.2488 0.2453 0.2572 
         764  1 0.2528 0.2461 0.2516 0.2494 
         765  1 0.2470 0.2534 0.2584 0.2412 
         766  1 0.2511 0.2495 0.2460 0.2534 
         767  1 0.2526 0.2525 0.2517 0.2432 
         768  1 0.2491 0.2489 0.2510 0.2510 
         769  1 0.2512 0.2572 0.2505 0.2412 
         770  1 0.2588 0.2430 0.2460 0.2522 
         771  1 0.2536 0.2513 0.2425 0.2526 
         772  1 0.2543 0.2393 0.2424 0.2640 
         773  1 0.2459 0.2486 0.2547 0.2509 
         774  1 0.2441 0.2480 0.2504 0.2576 
         775  1 0.2579 0.2433 0.2455 0.2533 
         776  1 0.2412 0.2574 0.2559 0.2455 
         777  1 0.2524 0.2469 0.2450 0.2557 
         778  1 0.2535 0.2429 0.2424 0.2611 
         779  1 0.2553 0.2459 0.2431 0.2557 
         780  1 0.2411 0.2585 0.2540 0.2463 
         781  1 0.2531 0.2417 0.2433 0.2619 
         782  1 0.2539 0.2459 0.2486 0.2516 
         783  1 0.2467 0.2513 0.2602 0.2418 
         784  1 0.2452 0.2546 0.2539 0.2463 
         785  1 0.2531 0.2422 0.2455 0.2592 
         786  1 0.2509 0.2492 0.2548 0.2451 
         787  1 0.2552 0.2466 0.2495 0.2487 
         788  1 0.2396 0.2614 0.2608 0.2382 
         789  1 0.2445 0.2488 0.2594 0.2473 
         790  1 0.2470 0.2564 0.2529 0.2437 
         791  1 0.2516 0.2517 0.2522 0.2445 
         792  1 0.2574 0.2508 0.2444 0.2474 
         793  1 0.2518 0.2521 0.2478 0.2484 
         794  1 0.2494 0.2458 0.2453 0.2594 
         795  1 0.2495 0.2543 0.2471 0.2490 
         796  1 0.2514 0.2475 0.2405 0.2606 
         797  1 0.2420 0.2559 0.2544 0.2477 
         798  1 0.2434 0.2584 0.2519 0.2463 
         799  1 0.2435 0.2558 0.2565 0.2443 
         800  1 0.2555 0.2488 0.2411 0.2545 
         801  1 0.2541 0.2408 0.2486 0.2564 
         802  1 0.2494 0.2552 0.2509 0.2445 
         803  1 0.2544 0.2412 0.2470 0.2574 
         804  1 0.2491 0.2433 0.2507 0.2569 
         805  1 0.2381 0.2569 0.2623 0.2427 
         806  1 0.2526 0.2549 0.2463 0.2462 
         807  1 0.2517 0.2481 0.2429 0.2573 
         808  1 0.2534 0.2478 0.2471 0.2517 
         809  1 0.2495 0.2492 0.2509 0.2503 
         810  1 0.2585 0.2454 0.2448 0.2513 
         811  1 0.2570 0.2441 0.2486 0.2503 
         812  1 0.2486 0.2438 0.2547 0.2529 
         813  1 0.2612 0.2393 0.2436 0.2560 
         814  1 0.2538 0.2391 0.2476 0.2595 
         815  1 0.2471 0.2546 0.2487 0.2496 
         816  1 0.2538 0.2458 0.2463 0.2542 
         817  1 0.2454 0.2531 0.2542 0.2473 
         818  1 0.2453 0.2543 0.2496 0.2508 
         819  1 0.2430 0.2557 0.2533 0.2479 
         820  1 0.2494 0.2410 0.2468 0.2629 
         821  1 0.2577 0.2488 0.2506 0.2430 
         822  1 0.2500 0.2461 0.2543 0.2496 
         823  1 0.2539 0.2418 0.2452 0.2591 
         824  1 0.2504 0.2528 0.2506 0.2462 
         825  1 0.2531 0.2470 0.2455 0.2544 
         826  1 0.2405 0.2554 0.2592 0.2449 
         827  1 0.2546 0.2423 0.2460 0.2570 
         828  1 0.2394 0.2575 0.2563 0.2468 
         829  1 0.2571 0.2404 0.2420 0.2604 
         830  1 0.2440 0.2561 0.2535 0.2464 
         831  1 0.2491 0.2451 0.2520 0.2539 
         832  1 0.2529 0.2490 0.2508 0.2473 
         833  1 0.2519 0.2514 0.2465 0.2502 
         834  1 0.2597 0.2420 0.2388 0.2595 
         835  1 0.2483 0.2506 0.2583 0.2428 
         836  1 0.2600 0.2450 0.2411 0.2539 
         837  1 0.2564 0.2423 0.2485 0.2528 
         838  1 0.2545 0.2433 0.2433 0.2589 
         839  1 0.2491 0.2469 0.2530 0.2510 
         840  1 0.2544 0.2483 0.2484 0.2489 
         841  1 0.2549 0.2459 0.2455 0.2536 
         842  1 0.2458 0.2536 0.2582 0.2424 
         843  1 0.2561 0.2461 0.2406 0.2572 
         844  1 0.2448 0.2499 0.2531 0.2522 
         845  1 0.2570 0.2430 0.2437 0.2563 
         846  1 0.2511 0.2481 0.2534 0.2474 
         847  1 0.2517 0.2542 0.2541 0.2400 
         848  1 0.2418 0.2594 0.2509 0.2478 
         849  1 0.2452 0.2590 0.2568 0.2390 
         850  1 0.2535 0.2466 0.2436 0.2564 
         851  1 0.2487 0.2509 0.2496 0.2508 
         852  1 0.2449 0.2583 0.2585 0.2384 
         853  1 0.2503 0.2536 0.2501 0.2461 
         854  1 0.2532 0.2550 0.2479 0.2439 
         855  1 0.2431 0.2528 0.2624 0.2417 
         856  1 0.2531 0.2476 0.2503 0.2490 
         857  1 0.2525 0.2487 0.2510 0.2478 
         858  1 0.2450 0.2528 0.2541 0.2481 
         859  1 0.2537 0.2510 0.2525 0.2428 
         860  1 0.2472 0.2529 0.2469 0.2530 
         861  1 0.2585 0.2469 0.2491 0.2455 
         862  1 0.2306 0.2675 0.2705 0.2314 
         863  1 0.2557 0.2474 0.2465 0.2504 
         864  1 0.2543 0.2540 0.2469 0.2448 
         865  1 0.2553 0.2398 0.2456 0.2592 
         866  1 0.2391 0.2585 0.2595 0.2429 
         867  1 0.2457 0.2484 0.2514 0.2545 
         868  1 0.2481 0.2447 0.2522 0.2550 
         869  1 0.2537 0.2487 0.2518 0.2458 
         870  1 0.2455 0.2468 0.2566 0.2511 
         871  1 0.2525 0.2501 0.2504 0.2469 
         872  1 0.2544 0.2525 0.2506 0.2424 
         873  1 0.2551 0.2465 0.2454 0.2529 
         874  1 0.2443 0.2576 0.2524 0.2458 
         875  1 0.2431 0.2537 0.2563 0.2468 
         876  1 0.2513 0.2496 0.2456 0.2534 
         877  1 0.2541 0.2508 0.2465 0.2486 
         878  1 0.2512 0.2520 0.2471 0.2497 
         879  1 0.2420 0.2548 0.2515 0.2517 
         880  1 0.2534 0.2483 0.2439 0.2544 
         881  1 0.2521 0.2512 0.2455 0.2511 
         882  1 0.2488 0.2575 0.2548 0.2390 
         883  1 0.2425 0.2494 0.2516 0.2565 
         884  1 0.2499 0.2549 0.2521 0.2431 
         885  1 0.2551 0.2499 0.2457 0.2492 
         886  1 0.2338 0.2661 0.2566 0.2435 
         887  1 0.2430 0.2598 0.2584 0.2387 
         888  1 0.2571 0.2497 0.2491 0.2441 
