           1  1 0.1607 0.1571 0.1715 0.1699 0.1686 0.1723 
           2  1 0.1706 0.1532 0.1673 0.1677 0.1711 0.1701 
           3  1 0.1725 0.1643 0.1627 0.1702 0.1612 0.1691 
           4  1 0.1702 0.1591 0.1638 0.1799 0.1640 0.1629 
           5  1 0.1621 0.1639 0.1685 0.1641 0.1704 0.1710 
           6  1 0.1651 0.1640 0.1666 0.1636 0.1655 0.1752 
           7  1 0.1632 0.1575 0.1752 0.1738 0.1696 0.1607 
           8  1 0.1653 0.1586 0.1684 0.1688 0.1690 0.1699 
           9  1 0.1706 0.1694 0.1664 0.1612 0.1662 0.1661 
          10  1 0.1694 0.1599 0.1674 0.1726 0.1672 0.1635 
          11  1 0.1717 0.1798 0.1617 0.1566 0.1610 0.1691 
          12  1 0.1660 0.1730 0.1664 0.1603 0.1704 0.1640 
          13  1 0.1682 0.1637 0.1631 0.1655 0.1674 0.1722 
          14  1 0.1632 0.1559 0.1630 0.1698 0.1669 0.1812 
          15  1 0.1682 0.1557 0.1692 0.1686 0.1696 0.1687 
          16  1 0.1606 0.1758 0.1664 0.1639 0.1631 0.1702 
          17  1 0.1688 0.1756 0.1631 0.1632 0.1680 0.1613 
          18  1 0.1664 0.1788 0.1687 0.1576 0.1615 0.1669 
          19  1 0.1683 0.1632 0.1699 0.1692 0.1624 0.1669 
          20  1 0.1573 0.1718 0.1752 0.1552 0.1671 0.1735 
          21  1 0.1695 0.1677 0.1632 0.1656 0.1639 0.1701 
          22  1 0.1631 0.1733 0.1677 0.1598 0.1661 0.1700 
          23  1 0.1668 0.1554 0.1720 0.1640 0.1695 0.1723 
          24  1 0.1693 0.1476 0.1715 0.1796 0.1637 0.1682 
          25  1 0.1667 0.1578 0.1660 0.1722 0.1646 0.1727 
          26  1 0.1671 0.1719 0.1700 0.1583 0.1725 0.1602 
          27  1 0.1695 0.1602 0.1672 0.1745 0.1616 0.1670 
          28  1 0.1677 0.1680 0.1654 0.1709 0.1646 0.1634 
          29  1 0.1712 0.1664 0.1623 0.1702 0.1640 0.1659 
          30  1 0.1682 0.1645 0.1632 0.1686 0.1691 0.1664 
          31  1 0.1623 0.1696 0.1662 0.1596 0.1706 0.1717 
          32  1 0.1687 0.1709 0.1655 0.1675 0.1629 0.1645 
          33  1 0.1699 0.1805 0.1616 0.1614 0.1628 0.1639 
          34  1 0.1649 0.1739 0.1681 0.1591 0.1650 0.1689 
          35  1 0.1690 0.1676 0.1647 0.1703 0.1619 0.1665 
          36  1 0.1713 0.1635 0.1691 0.1648 0.1653 0.1659 
          37  1 0.1744 0.1747 0.1607 0.1612 0.1658 0.1630 
          38  1 0.1720 0.1681 0.1610 0.1685 0.1643 0.1661 
          39  1 0.1693 0.1659 0.1577 0.1768 0.1612 0.1691 
          40  1 0.1651 0.1665 0.1685 0.1639 0.1693 0.1667 
          41  1 0.1632 0.1734 0.1662 0.1634 0.1697 0.1640 
          42  1 0.1717 0.1763 0.1600 0.1665 0.1644 0.1611 
          43  1 0.1681 0.1640 0.1665 0.1735 0.1634 0.1646 
          44  1 0.1607 0.1690 0.1734 0.1614 0.1655 0.1701 
          45  1 0.1592 0.1659 0.1750 0.1538 0.1733 0.1728 
          46  1 0.1649 0.1664 0.1666 0.1715 0.1656 0.1649 
          47  1 0.1692 0.1600 0.1631 0.1694 0.1654 0.1729 
          48  1 0.1689 0.1612 0.1662 0.1727 0.1636 0.1674 
          49  1 0.1679 0.1780 0.1645 0.1653 0.1599 0.1644 
          50  1 0.1636 0.1593 0.1646 0.1666 0.1694 0.1765 
          51  1 0.1675 0.1750 0.1668 0.1593 0.1718 0.1595 
          52  1 0.1637 0.1686 0.1651 0.1626 0.1763 0.1636 
          53  1 0.1642 0.1722 0.1684 0.1593 0.1734 0.1625 
          54  1 0.1708 0.1686 0.1668 0.1678 0.1652 0.1608 
          55  1 0.1661 0.1851 0.1636 0.1568 0.1670 0.1615 
          56  1 0.1648 0.1696 0.1601 0.1702 0.1612 0.1742 
          57  1 0.1712 0.1864 0.1609 0.1533 0.1646 0.1636 
          58  1 0.1705 0.1739 0.1656 0.1586 0.1740 0.1574 
          59  1 0.1660 0.1632 0.1707 0.1658 0.1740 0.1603 
          60  1 0.1640 0.1582 0.1752 0.1653 0.1715 0.1658 
          61  1 0.1659 0.1562 0.1639 0.1759 0.1678 0.1702 
          62  1 0.1653 0.1736 0.1634 0.1646 0.1679 0.1651 
          63  1 0.1704 0.1666 0.1619 0.1697 0.1612 0.1702 
          64  1 0.1715 0.1775 0.1624 0.1629 0.1666 0.1592 
          65  1 0.1698 0.1662 0.1700 0.1591 0.1659 0.1691 
          66  1 0.1679 0.1497 0.1679 0.1891 0.1596 0.1657 
          67  1 0.1765 0.1642 0.1610 0.1670 0.1700 0.1613 
          68  1 0.1683 0.1746 0.1659 0.1616 0.1645 0.1651 
          69  1 0.1653 0.1697 0.1640 0.1642 0.1693 0.1675 
          70  1 0.1711 0.1683 0.1646 0.1662 0.1704 0.1594 
          71  1 0.1595 0.1672 0.1702 0.1542 0.1752 0.1738 
          72  1 0.1723 0.1711 0.1599 0.1690 0.1629 0.1648 
          73  1 0.1700 0.1710 0.1607 0.1720 0.1605 0.1658 
          74  1 0.1655 0.1612 0.1744 0.1692 0.1693 0.1603 
          75  1 0.1711 0.1626 0.1609 0.1751 0.1643 0.1660 
          76  1 0.1680 0.1651 0.1675 0.1664 0.1647 0.1684 
          77  1 0.1719 0.1643 0.1618 0.1601 0.1691 0.1728 
          78  1 0.1706 0.1646 0.1637 0.1727 0.1626 0.1658 
          79  1 0.1663 0.1569 0.1646 0.1671 0.1690 0.1761 
          80  1 0.1720 0.1635 0.1648 0.1722 0.1629 0.1647 
          81  1 0.1669 0.1822 0.1651 0.1554 0.1643 0.1661 
          82  1 0.1618 0.1682 0.1681 0.1663 0.1664 0.1694 
          83  1 0.1647 0.1694 0.1668 0.1594 0.1734 0.1663 
          84  1 0.1643 0.1647 0.1610 0.1795 0.1598 0.1706 
          85  1 0.1655 0.1523 0.1719 0.1711 0.1704 0.1687 
          86  1 0.1691 0.1664 0.1628 0.1716 0.1642 0.1659 
          87  1 0.1695 0.1659 0.1684 0.1649 0.1652 0.1661 
          88  1 0.1626 0.1688 0.1677 0.1607 0.1700 0.1704 
          89  1 0.1680 0.1718 0.1636 0.1661 0.1666 0.1640 
          90  1 0.1683 0.1637 0.1722 0.1701 0.1672 0.1585 
          91  1 0.1740 0.1769 0.1627 0.1590 0.1630 0.1643 
          92  1 0.1701 0.1668 0.1604 0.1697 0.1673 0.1657 
          93  1 0.1682 0.1722 0.1638 0.1637 0.1661 0.1660 
          94  1 0.1600 0.1752 0.1743 0.1563 0.1740 0.1601 
          95  1 0.1626 0.1674 0.1732 0.1704 0.1656 0.1607 
          96  1 0.1689 0.1636 0.1623 0.1701 0.1665 0.1687 
          97  1 0.1731 0.1794 0.1613 0.1643 0.1590 0.1629 
          98  1 0.1724 0.1800 0.1617 0.1554 0.1671 0.1633 
          99  1 0.1771 0.1593 0.1665 0.1727 0.1600 0.1645 
         100  1 0.1669 0.1786 0.1642 0.1658 0.1615 0.1630 
         101  1 0.1656 0.1733 0.1659 0.1661 0.1648 0.1643 
         102  1 0.1654 0.1664 0.1688 0.1679 0.1664 0.1651 
         103  1 0.1699 0.1772 0.1630 0.1609 0.1635 0.1656 
         104  1 0.1754 0.1661 0.1641 0.1651 0.1666 0.1627 
         105  1 0.1696 0.1683 0.1662 0.1610 0.1703 0.1645 
         106  1 0.1602 0.1687 0.1734 0.1644 0.1717 0.1616 
         107  1 0.1517 0.1640 0.1884 0.1600 0.1764 0.1595 
         108  1 0.1670 0.1660 0.1672 0.1696 0.1648 0.1655 
         109  1 0.1706 0.1378 0.1634 0.1840 0.1664 0.1778 
         110  1 0.1704 0.1495 0.1674 0.1756 0.1673 0.1699 
         111  1 0.1587 0.1527 0.1738 0.1678 0.1748 0.1722 
         112  1 0.1693 0.1609 0.1701 0.1667 0.1666 0.1663 
         113  1 0.1640 0.1620 0.1713 0.1670 0.1669 0.1687 
         114  1 0.1677 0.1679 0.1653 0.1626 0.1656 0.1709 
         115  1 0.1706 0.1666 0.1633 0.1641 0.1685 0.1669 
         116  1 0.1721 0.1715 0.1635 0.1616 0.1637 0.1676 
         117  1 0.1677 0.1769 0.1660 0.1575 0.1687 0.1632 
         118  1 0.1690 0.1708 0.1605 0.1668 0.1677 0.1652 
         119  1 0.1622 0.1724 0.1735 0.1577 0.1681 0.1662 
         120  1 0.1629 0.1588 0.1661 0.1690 0.1725 0.1706 
         121  1 0.1695 0.1629 0.1674 0.1675 0.1633 0.1695 
         122  1 0.1642 0.1719 0.1680 0.1713 0.1621 0.1625 
         123  1 0.1718 0.1619 0.1662 0.1703 0.1596 0.1703 
         124  1 0.1581 0.1721 0.1772 0.1522 0.1725 0.1679 
         125  1 0.1657 0.1564 0.1677 0.1729 0.1668 0.1705 
         126  1 0.1614 0.1673 0.1647 0.1738 0.1605 0.1722 
         127  1 0.1645 0.1607 0.1722 0.1654 0.1682 0.1689 
         128  1 0.1713 0.1727 0.1608 0.1686 0.1638 0.1629 
         129  1 0.1649 0.1682 0.1671 0.1648 0.1693 0.1656 
         130  1 0.1673 0.1641 0.1673 0.1739 0.1635 0.1640 
         131  1 0.1641 0.1620 0.1723 0.1616 0.1727 0.1673 
         132  1 0.1587 0.1599 0.1731 0.1602 0.1780 0.1701 
         133  1 0.1694 0.1679 0.1567 0.1743 0.1623 0.1693 
         134  1 0.1657 0.1497 0.1666 0.1916 0.1621 0.1643 
         135  1 0.1676 0.1727 0.1683 0.1663 0.1639 0.1613 
         136  1 0.1638 0.1708 0.1669 0.1623 0.1696 0.1666 
         137  1 0.1680 0.1701 0.1672 0.1703 0.1600 0.1643 
         138  1 0.1685 0.1623 0.1677 0.1726 0.1624 0.1664 
         139  1 0.1668 0.1690 0.1668 0.1639 0.1676 0.1659 
         140  1 0.1635 0.1752 0.1620 0.1642 0.1688 0.1664 
         141  1 0.1665 0.1498 0.1650 0.1811 0.1717 0.1659 
         142  1 0.1710 0.1767 0.1616 0.1676 0.1570 0.1661 
         143  1 0.1661 0.1630 0.1658 0.1658 0.1676 0.1717 
         144  1 0.1696 0.1739 0.1633 0.1716 0.1589 0.1627 
         145  1 0.1703 0.1844 0.1673 0.1575 0.1619 0.1587 
         146  1 0.1703 0.1625 0.1661 0.1659 0.1658 0.1693 
         147  1 0.1616 0.1691 0.1664 0.1694 0.1672 0.1664 
         148  1 0.1701 0.1566 0.1688 0.1720 0.1631 0.1694 
         149  1 0.1644 0.1533 0.1662 0.1718 0.1732 0.1711 
         150  1 0.1731 0.1615 0.1635 0.1719 0.1630 0.1670 
         151  1 0.1699 0.1800 0.1578 0.1624 0.1641 0.1657 
         152  1 0.1722 0.1544 0.1702 0.1727 0.1668 0.1638 
         153  1 0.1695 0.1669 0.1709 0.1618 0.1673 0.1636 
         154  1 0.1727 0.1599 0.1631 0.1722 0.1616 0.1705 
         155  1 0.1666 0.1782 0.1604 0.1653 0.1645 0.1650 
         156  1 0.1672 0.1772 0.1640 0.1579 0.1696 0.1640 
         157  1 0.1641 0.1488 0.1712 0.1676 0.1732 0.1750 
         158  1 0.1724 0.1612 0.1658 0.1757 0.1623 0.1626 
         159  1 0.1636 0.1574 0.1624 0.1744 0.1657 0.1764 
         160  1 0.1627 0.1689 0.1676 0.1656 0.1666 0.1685 
         161  1 0.1699 0.1654 0.1641 0.1701 0.1636 0.1670 
         162  1 0.1648 0.1728 0.1623 0.1628 0.1707 0.1666 
         163  1 0.1672 0.1680 0.1669 0.1664 0.1671 0.1645 
         164  1 0.1646 0.1609 0.1681 0.1679 0.1710 0.1674 
         165  1 0.1671 0.1638 0.1657 0.1646 0.1693 0.1695 
         166  1 0.1653 0.1792 0.1692 0.1568 0.1698 0.1596 
         167  1 0.1678 0.1574 0.1683 0.1642 0.1696 0.1727 
         168  1 0.1671 0.1726 0.1680 0.1609 0.1693 0.1620 
         169  1 0.1626 0.1733 0.1637 0.1665 0.1642 0.1697 
         170  1 0.1659 0.1673 0.1694 0.1613 0.1648 0.1714 
         171  1 0.1610 0.1700 0.1617 0.1710 0.1634 0.1729 
         172  1 0.1650 0.1659 0.1679 0.1664 0.1628 0.1721 
         173  1 0.1729 0.1565 0.1619 0.1796 0.1578 0.1713 
         174  1 0.1631 0.1558 0.1711 0.1704 0.1704 0.1692 
         175  1 0.1677 0.1698 0.1670 0.1636 0.1656 0.1664 
         176  1 0.1629 0.1681 0.1706 0.1655 0.1693 0.1636 
         177  1 0.1685 0.1653 0.1664 0.1675 0.1657 0.1667 
         178  1 0.1648 0.1751 0.1641 0.1623 0.1647 0.1690 
         179  1 0.1707 0.1610 0.1679 0.1721 0.1641 0.1642 
         180  1 0.1615 0.1653 0.1649 0.1603 0.1752 0.1728 
         181  1 0.1683 0.1777 0.1648 0.1586 0.1622 0.1684 
         182  1 0.1673 0.1758 0.1668 0.1602 0.1633 0.1666 
         183  1 0.1640 0.1630 0.1677 0.1654 0.1710 0.1689 
         184  1 0.1671 0.1680 0.1670 0.1623 0.1658 0.1698 
         185  1 0.1680 0.1784 0.1650 0.1596 0.1645 0.1646 
         186  1 0.1665 0.1646 0.1728 0.1566 0.1715 0.1680 
         187  1 0.1595 0.1687 0.1727 0.1591 0.1705 0.1695 
         188  1 0.1696 0.1750 0.1611 0.1649 0.1639 0.1657 
         189  1 0.1667 0.1682 0.1630 0.1649 0.1707 0.1666 
         190  1 0.1701 0.1683 0.1647 0.1651 0.1654 0.1666 
         191  1 0.1666 0.1594 0.1657 0.1631 0.1686 0.1767 
         192  1 0.1690 0.1636 0.1635 0.1733 0.1620 0.1686 
         193  1 0.1668 0.1714 0.1670 0.1640 0.1662 0.1646 
         194  1 0.1715 0.1622 0.1638 0.1633 0.1641 0.1750 
         195  1 0.1677 0.1602 0.1646 0.1715 0.1667 0.1694 
         196  1 0.1675 0.1698 0.1665 0.1609 0.1656 0.1696 
         197  1 0.1659 0.1776 0.1627 0.1706 0.1595 0.1637 
         198  1 0.1622 0.1622 0.1736 0.1568 0.1707 0.1747 
         199  1 0.1705 0.1615 0.1650 0.1699 0.1631 0.1701 
         200  1 0.1724 0.1599 0.1568 0.1763 0.1615 0.1730 
         201  1 0.1650 0.1880 0.1649 0.1594 0.1638 0.1589 
         202  1 0.1650 0.1656 0.1726 0.1617 0.1700 0.1652 
         203  1 0.1702 0.1704 0.1605 0.1720 0.1554 0.1715 
         204  1 0.1647 0.1589 0.1729 0.1641 0.1706 0.1687 
         205  1 0.1666 0.1657 0.1694 0.1680 0.1646 0.1656 
         206  1 0.1645 0.1563 0.1718 0.1627 0.1727 0.1719 
         207  1 0.1641 0.1678 0.1748 0.1646 0.1678 0.1608 
         208  1 0.1674 0.1594 0.1691 0.1721 0.1689 0.1631 
         209  1 0.1673 0.1662 0.1658 0.1713 0.1647 0.1648 
         210  1 0.1649 0.1623 0.1584 0.1748 0.1639 0.1757 
         211  1 0.1599 0.1396 0.1694 0.2095 0.1605 0.1610 
         212  1 0.1690 0.1785 0.1638 0.1598 0.1664 0.1625 
         213  1 0.1694 0.1521 0.1692 0.1669 0.1716 0.1708 
         214  1 0.1721 0.1607 0.1607 0.1762 0.1627 0.1675 
         215  1 0.1639 0.1660 0.1668 0.1757 0.1602 0.1675 
         216  1 0.1670 0.1712 0.1662 0.1608 0.1670 0.1677 
         217  1 0.1726 0.1591 0.1590 0.1775 0.1618 0.1701 
         218  1 0.1602 0.1557 0.1674 0.1588 0.1760 0.1818 
         219  1 0.1714 0.1590 0.1680 0.1685 0.1686 0.1645 
         220  1 0.1667 0.1505 0.1683 0.1731 0.1719 0.1696 
         221  1 0.1748 0.1575 0.1668 0.1695 0.1678 0.1636 
         222  1 0.1629 0.1664 0.1743 0.1603 0.1710 0.1651 
         223  1 0.1659 0.1614 0.1754 0.1608 0.1754 0.1612 
         224  1 0.1606 0.1690 0.1730 0.1606 0.1721 0.1647 
         225  1 0.1640 0.1652 0.1683 0.1643 0.1677 0.1705 
         226  1 0.1682 0.1639 0.1675 0.1684 0.1644 0.1677 
         227  1 0.1726 0.1638 0.1616 0.1676 0.1736 0.1607 
         228  1 0.1645 0.1653 0.1682 0.1698 0.1622 0.1700 
         229  1 0.1666 0.1772 0.1637 0.1611 0.1647 0.1668 
         230  1 0.1694 0.1739 0.1632 0.1666 0.1636 0.1633 
         231  1 0.1687 0.1799 0.1635 0.1660 0.1553 0.1666 
         232  1 0.1659 0.1717 0.1682 0.1607 0.1664 0.1670 
         233  1 0.1668 0.1657 0.1688 0.1600 0.1706 0.1682 
         234  1 0.1649 0.1731 0.1640 0.1643 0.1628 0.1710 
         235  1 0.1678 0.1896 0.1594 0.1614 0.1611 0.1606 
         236  1 0.1724 0.1580 0.1617 0.1781 0.1620 0.1677 
         237  1 0.1724 0.1823 0.1625 0.1520 0.1661 0.1647 
         238  1 0.1687 0.1696 0.1594 0.1766 0.1585 0.1672 
         239  1 0.1689 0.1718 0.1643 0.1656 0.1620 0.1674 
         240  1 0.1638 0.1634 0.1700 0.1650 0.1712 0.1667 
         241  1 0.1682 0.1744 0.1660 0.1610 0.1649 0.1655 
         242  1 0.1599 0.1769 0.1664 0.1661 0.1668 0.1639 
         243  1 0.1608 0.1568 0.1669 0.1660 0.1721 0.1773 
         244  1 0.1700 0.1613 0.1641 0.1671 0.1666 0.1709 
         245  1 0.1682 0.1621 0.1661 0.1650 0.1700 0.1686 
         246  1 0.1658 0.1647 0.1621 0.1709 0.1665 0.1700 
         247  1 0.1707 0.1620 0.1640 0.1703 0.1675 0.1654 
         248  1 0.1707 0.1760 0.1597 0.1625 0.1649 0.1660 
         249  1 0.1657 0.1577 0.1755 0.1675 0.1675 0.1662 
         250  1 0.1678 0.1725 0.1637 0.1606 0.1621 0.1734 
         251  1 0.1633 0.1853 0.1674 0.1610 0.1638 0.1592 
         252  1 0.1627 0.1626 0.1641 0.1699 0.1661 0.1745 
         253  1 0.1669 0.1611 0.1676 0.1713 0.1634 0.1697 
         254  1 0.1598 0.1660 0.1679 0.1624 0.1709 0.1730 
         255  1 0.1651 0.1556 0.1673 0.1681 0.1695 0.1745 
         256  1 0.1654 0.1640 0.1632 0.1663 0.1701 0.1710 
         257  1 0.1705 0.1540 0.1634 0.1825 0.1606 0.1690 
         258  1 0.1697 0.1527 0.1635 0.1735 0.1716 0.1691 
         259  1 0.1734 0.1594 0.1603 0.1793 0.1584 0.1692 
         260  1 0.1669 0.1614 0.1668 0.1694 0.1679 0.1676 
         261  1 0.1635 0.1707 0.1736 0.1535 0.1784 0.1603 
         262  1 0.1658 0.1551 0.1669 0.1727 0.1672 0.1724 
         263  1 0.1716 0.1805 0.1609 0.1574 0.1662 0.1634 
         264  1 0.1668 0.1609 0.1592 0.1707 0.1707 0.1717 
         265  1 0.1683 0.1673 0.1618 0.1693 0.1645 0.1687 
         266  1 0.1699 0.1723 0.1596 0.1611 0.1672 0.1699 
         267  1 0.1676 0.1656 0.1652 0.1718 0.1632 0.1665 
         268  1 0.1642 0.1611 0.1736 0.1725 0.1706 0.1580 
         269  1 0.1664 0.1483 0.1754 0.1861 0.1598 0.1640 
         270  1 0.1701 0.1671 0.1642 0.1673 0.1647 0.1666 
         271  1 0.1641 0.1785 0.1643 0.1613 0.1642 0.1676 
         272  1 0.1707 0.1635 0.1616 0.1716 0.1655 0.1671 
         273  1 0.1658 0.1828 0.1666 0.1562 0.1668 0.1619 
         274  1 0.1684 0.1615 0.1654 0.1637 0.1698 0.1711 
         275  1 0.1696 0.1489 0.1668 0.1865 0.1596 0.1687 
         276  1 0.1608 0.1595 0.1711 0.1623 0.1730 0.1732 
         277  1 0.1614 0.1647 0.1709 0.1620 0.1684 0.1725 
         278  1 0.1657 0.1599 0.1731 0.1721 0.1696 0.1598 
         279  1 0.1640 0.1643 0.1687 0.1624 0.1706 0.1699 
         280  1 0.1627 0.1588 0.1752 0.1632 0.1756 0.1645 
         281  1 0.1668 0.1844 0.1611 0.1583 0.1653 0.1640 
         282  1 0.1613 0.1745 0.1713 0.1605 0.1697 0.1627 
         283  1 0.1602 0.1636 0.1734 0.1611 0.1693 0.1725 
         284  1 0.1687 0.1683 0.1651 0.1568 0.1745 0.1665 
         285  1 0.1673 0.1829 0.1635 0.1613 0.1643 0.1606 
         286  1 0.1669 0.1503 0.1719 0.1661 0.1709 0.1739 
         287  1 0.1643 0.1738 0.1637 0.1621 0.1681 0.1681 
         288  1 0.1644 0.1721 0.1674 0.1649 0.1657 0.1654 
         289  1 0.1670 0.1846 0.1633 0.1628 0.1615 0.1608 
         290  1 0.1620 0.1708 0.1728 0.1520 0.1786 0.1638 
         291  1 0.1610 0.1670 0.1687 0.1691 0.1701 0.1641 
         292  1 0.1719 0.1749 0.1586 0.1673 0.1595 0.1677 
         293  1 0.1737 0.1725 0.1612 0.1613 0.1668 0.1645 
         294  1 0.1632 0.1802 0.1646 0.1642 0.1680 0.1598 
         295  1 0.1709 0.1595 0.1605 0.1752 0.1634 0.1705 
         296  1 0.1676 0.1637 0.1660 0.1646 0.1757 0.1624 
         297  1 0.1686 0.1667 0.1624 0.1720 0.1630 0.1673 
         298  1 0.1719 0.1720 0.1646 0.1670 0.1618 0.1627 
         299  1 0.1749 0.1723 0.1638 0.1667 0.1639 0.1583 
         300  1 0.1636 0.1532 0.1720 0.1813 0.1667 0.1632 
         301  1 0.1661 0.1713 0.1655 0.1645 0.1671 0.1654 
         302  1 0.1661 0.1674 0.1614 0.1760 0.1621 0.1670 
         303  1 0.1674 0.1572 0.1667 0.1677 0.1667 0.1743 
         304  1 0.1627 0.1574 0.1649 0.1619 0.1719 0.1812 
         305  1 0.1621 0.1621 0.1695 0.1591 0.1752 0.1721 
         306  1 0.1633 0.1660 0.1665 0.1680 0.1653 0.1709 
         307  1 0.1660 0.1727 0.1674 0.1661 0.1612 0.1666 
         308  1 0.1703 0.1677 0.1662 0.1651 0.1647 0.1661 
         309  1 0.1668 0.1788 0.1645 0.1588 0.1638 0.1674 
         310  1 0.1655 0.1670 0.1671 0.1644 0.1701 0.1659 
         311  1 0.1621 0.1629 0.1697 0.1636 0.1694 0.1722 
         312  1 0.1578 0.1647 0.1710 0.1565 0.1747 0.1753 
         313  1 0.1709 0.1602 0.1677 0.1689 0.1665 0.1658 
         314  1 0.1713 0.1701 0.1638 0.1689 0.1571 0.1688 
         315  1 0.1667 0.1587 0.1678 0.1720 0.1619 0.1728 
         316  1 0.1678 0.1609 0.1681 0.1686 0.1676 0.1669 
         317  1 0.1664 0.1715 0.1728 0.1629 0.1631 0.1633 
         318  1 0.1765 0.1737 0.1626 0.1612 0.1612 0.1648 
         319  1 0.1635 0.1513 0.1682 0.1742 0.1662 0.1766 
         320  1 0.1638 0.1654 0.1683 0.1685 0.1660 0.1680 
         321  1 0.1714 0.1590 0.1671 0.1724 0.1643 0.1658 
         322  1 0.1671 0.1853 0.1594 0.1615 0.1621 0.1646 
         323  1 0.1589 0.1723 0.1691 0.1621 0.1739 0.1638 
         324  1 0.1709 0.1468 0.1648 0.1772 0.1697 0.1706 
         325  1 0.1728 0.1765 0.1626 0.1589 0.1587 0.1704 
         326  1 0.1689 0.1561 0.1624 0.1772 0.1630 0.1724 
         327  1 0.1659 0.1689 0.1710 0.1600 0.1679 0.1662 
         328  1 0.1736 0.1651 0.1618 0.1685 0.1634 0.1676 
         329  1 0.1686 0.1687 0.1658 0.1665 0.1603 0.1701 
         330  1 0.1639 0.1689 0.1637 0.1670 0.1672 0.1694 
         331  1 0.1632 0.1650 0.1796 0.1634 0.1689 0.1600 
         332  1 0.1657 0.1571 0.1741 0.1651 0.1739 0.1642 
         333  1 0.1632 0.1671 0.1736 0.1634 0.1660 0.1666 
         334  1 0.1678 0.1756 0.1608 0.1745 0.1570 0.1643 
         335  1 0.1701 0.1812 0.1657 0.1575 0.1672 0.1583 
         336  1 0.1617 0.1735 0.1725 0.1668 0.1717 0.1538 
         337  1 0.1619 0.1653 0.1692 0.1693 0.1651 0.1692 
         338  1 0.1698 0.1663 0.1664 0.1626 0.1669 0.1680 
         339  1 0.1655 0.1629 0.1660 0.1671 0.1664 0.1721 
         340  1 0.1637 0.1582 0.1676 0.1669 0.1715 0.1721 
         341  1 0.1661 0.1566 0.1689 0.1697 0.1719 0.1668 
         342  1 0.1724 0.1644 0.1642 0.1694 0.1607 0.1689 
         343  1 0.1661 0.1753 0.1652 0.1607 0.1620 0.1706 
         344  1 0.1728 0.1688 0.1645 0.1695 0.1578 0.1666 
         345  1 0.1663 0.1731 0.1669 0.1667 0.1690 0.1581 
         346  1 0.1611 0.1622 0.1731 0.1641 0.1721 0.1674 
         347  1 0.1654 0.1590 0.1671 0.1723 0.1699 0.1664 
         348  1 0.1713 0.1685 0.1649 0.1638 0.1647 0.1668 
         349  1 0.1696 0.1661 0.1600 0.1650 0.1675 0.1717 
         350  1 0.1608 0.1648 0.1826 0.1578 0.1721 0.1619 
         351  1 0.1663 0.1656 0.1696 0.1638 0.1715 0.1632 
         352  1 0.1681 0.1829 0.1679 0.1531 0.1713 0.1567 
         353  1 0.1658 0.1619 0.1711 0.1590 0.1688 0.1735 
         354  1 0.1688 0.1689 0.1637 0.1636 0.1636 0.1713 
         355  1 0.1705 0.1716 0.1630 0.1628 0.1655 0.1665 
         356  1 0.1642 0.1665 0.1698 0.1670 0.1665 0.1660 
         357  1 0.1667 0.1559 0.1605 0.1754 0.1672 0.1743 
         358  1 0.1656 0.1639 0.1685 0.1649 0.1695 0.1676 
         359  1 0.1631 0.1464 0.1691 0.1736 0.1730 0.1748 
         360  1 0.1690 0.1758 0.1600 0.1592 0.1664 0.1696 
         361  1 0.1658 0.1499 0.1611 0.2093 0.1571 0.1568 
         362  1 0.1667 0.1642 0.1577 0.1754 0.1660 0.1701 
         363  1 0.1661 0.1717 0.1625 0.1658 0.1637 0.1701 
         364  1 0.1652 0.1682 0.1630 0.1646 0.1701 0.1689 
         365  1 0.1693 0.1669 0.1590 0.1743 0.1626 0.1680 
         366  1 0.1640 0.1689 0.1707 0.1600 0.1697 0.1666 
         367  1 0.1698 0.1666 0.1720 0.1608 0.1684 0.1624 
         368  1 0.1632 0.1888 0.1613 0.1588 0.1668 0.1611 
         369  1 0.1669 0.1700 0.1687 0.1683 0.1711 0.1550 
         370  1 0.1658 0.1698 0.1673 0.1641 0.1675 0.1656 
         371  1 0.1623 0.1646 0.1664 0.1677 0.1725 0.1664 
         372  1 0.1615 0.1685 0.1658 0.1679 0.1667 0.1696 
         373  1 0.1646 0.1696 0.1708 0.1611 0.1685 0.1654 
         374  1 0.1689 0.1613 0.1674 0.1704 0.1637 0.1685 
         375  1 0.1625 0.1657 0.1720 0.1681 0.1632 0.1685 
         376  1 0.1674 0.1738 0.1604 0.1644 0.1660 0.1679 
         377  1 0.1715 0.1637 0.1633 0.1681 0.1630 0.1704 
         378  1 0.1638 0.1696 0.1671 0.1609 0.1657 0.1730 
         379  1 0.1692 0.1754 0.1605 0.1671 0.1625 0.1653 
         380  1 0.1649 0.1857 0.1619 0.1625 0.1635 0.1615 
         381  1 0.1606 0.1617 0.1674 0.1697 0.1755 0.1651 
         382  1 0.1671 0.1674 0.1691 0.1709 0.1623 0.1633 
         383  1 0.1612 0.1613 0.1696 0.1631 0.1736 0.1711 
         384  1 0.1638 0.1662 0.1702 0.1676 0.1667 0.1656 
         385  1 0.1646 0.1534 0.1746 0.1695 0.1690 0.1689 
         386  1 0.1667 0.1651 0.1652 0.1681 0.1711 0.1639 
         387  1 0.1619 0.1643 0.1617 0.1729 0.1660 0.1732 
         388  1 0.1651 0.1768 0.1616 0.1616 0.1665 0.1683 
         389  1 0.1685 0.1716 0.1591 0.1655 0.1638 0.1716 
         390  1 0.1690 0.1560 0.1665 0.1829 0.1635 0.1622 
         391  1 0.1733 0.1635 0.1639 0.1729 0.1629 0.1634 
         392  1 0.1651 0.1687 0.1697 0.1648 0.1671 0.1646 
         393  1 0.1671 0.1714 0.1684 0.1637 0.1626 0.1669 
         394  1 0.1673 0.1599 0.1700 0.1627 0.1696 0.1706 
         395  1 0.1667 0.1617 0.1688 0.1630 0.1675 0.1724 
         396  1 0.1703 0.1681 0.1704 0.1648 0.1650 0.1614 
         397  1 0.1693 0.1634 0.1665 0.1712 0.1634 0.1661 
         398  1 0.1682 0.1681 0.1631 0.1680 0.1663 0.1664 
         399  1 0.1719 0.1795 0.1639 0.1601 0.1673 0.1574 
         400  1 0.1674 0.1688 0.1658 0.1632 0.1646 0.1701 
         401  1 0.1656 0.1589 0.1710 0.1658 0.1703 0.1683 
         402  1 0.1664 0.1710 0.1659 0.1639 0.1667 0.1660 
         403  1 0.1642 0.1728 0.1701 0.1531 0.1695 0.1702 
         404  1 0.1606 0.1665 0.1730 0.1592 0.1718 0.1689 
         405  1 0.1649 0.1692 0.1716 0.1647 0.1675 0.1622 
         406  1 0.1589 0.1660 0.1757 0.1623 0.1775 0.1596 
         407  1 0.1645 0.1599 0.1662 0.1651 0.1690 0.1752 
         408  1 0.1737 0.1689 0.1599 0.1686 0.1642 0.1648 
         409  1 0.1662 0.1629 0.1666 0.1688 0.1703 0.1653 
         410  1 0.1652 0.1627 0.1679 0.1639 0.1691 0.1711 
         411  1 0.1777 0.1494 0.1702 0.1725 0.1662 0.1640 
         412  1 0.1610 0.1667 0.1718 0.1615 0.1785 0.1605 
         413  1 0.1659 0.1715 0.1658 0.1660 0.1676 0.1633 
         414  1 0.1723 0.1860 0.1654 0.1521 0.1638 0.1604 
         415  1 0.1575 0.1671 0.1755 0.1550 0.1737 0.1712 
         416  1 0.1603 0.1727 0.1699 0.1592 0.1714 0.1665 
         417  1 0.1627 0.1595 0.1687 0.1613 0.1738 0.1740 
         418  1 0.1652 0.1587 0.1705 0.1577 0.1730 0.1749 
         419  1 0.1686 0.1678 0.1618 0.1622 0.1676 0.1719 
         420  1 0.1599 0.1642 0.1739 0.1569 0.1714 0.1736 
         421  1 0.1671 0.1600 0.1625 0.1783 0.1612 0.1710 
         422  1 0.1662 0.1599 0.1661 0.1660 0.1730 0.1688 
         423  1 0.1693 0.1642 0.1634 0.1721 0.1639 0.1671 
         424  1 0.1648 0.1782 0.1669 0.1637 0.1731 0.1533 
         425  1 0.1708 0.1731 0.1609 0.1607 0.1680 0.1665 
         426  1 0.1676 0.1609 0.1677 0.1601 0.1707 0.1730 
         427  1 0.1658 0.1659 0.1729 0.1580 0.1646 0.1728 
         428  1 0.1658 0.1723 0.1718 0.1587 0.1683 0.1630 
         429  1 0.1641 0.1703 0.1688 0.1598 0.1677 0.1692 
         430  1 0.1634 0.1758 0.1678 0.1585 0.1686 0.1659 
         431  1 0.1627 0.1684 0.1690 0.1629 0.1712 0.1658 
         432  1 0.1625 0.1760 0.1634 0.1632 0.1676 0.1673 
         433  1 0.1710 0.1755 0.1596 0.1636 0.1620 0.1683 
         434  1 0.1703 0.1671 0.1611 0.1796 0.1637 0.1583 
         435  1 0.1664 0.1714 0.1678 0.1613 0.1713 0.1618 
         436  1 0.1650 0.1584 0.1662 0.1689 0.1685 0.1729 
         437  1 0.1662 0.1577 0.1618 0.1733 0.1669 0.1741 
         438  1 0.1713 0.1635 0.1627 0.1670 0.1707 0.1647 
         439  1 0.1647 0.1664 0.1677 0.1644 0.1641 0.1727 
         440  1 0.1692 0.1706 0.1668 0.1614 0.1638 0.1684 
         441  1 0.1665 0.1698 0.1629 0.1681 0.1676 0.1650 
         442  1 0.1735 0.1616 0.1625 0.1741 0.1627 0.1656 
         443  1 0.1637 0.1623 0.1727 0.1571 0.1715 0.1727 
         444  1 0.1727 0.1614 0.1656 0.1725 0.1639 0.1639 
         445  1 0.1624 0.1720 0.1672 0.1696 0.1649 0.1639 
         446  1 0.1652 0.1682 0.1741 0.1615 0.1681 0.1630 
         447  1 0.1655 0.1729 0.1670 0.1578 0.1694 0.1675 
         448  1 0.1653 0.1671 0.1663 0.1647 0.1664 0.1702 
         449  1 0.1653 0.1568 0.1669 0.1664 0.1722 0.1725 
         450  1 0.1632 0.1733 0.1687 0.1643 0.1657 0.1648 
         451  1 0.1665 0.1733 0.1612 0.1628 0.1685 0.1677 
         452  1 0.1618 0.1664 0.1705 0.1639 0.1706 0.1667 
         453  1 0.1619 0.1623 0.1738 0.1651 0.1759 0.1610 
         454  1 0.1658 0.1719 0.1673 0.1650 0.1606 0.1695 
         455  1 0.1672 0.1722 0.1636 0.1647 0.1687 0.1636 
         456  1 0.1666 0.1787 0.1628 0.1584 0.1652 0.1684 
         457  1 0.1629 0.1653 0.1764 0.1623 0.1727 0.1604 
         458  1 0.1672 0.1677 0.1679 0.1631 0.1695 0.1647 
         459  1 0.1684 0.1803 0.1667 0.1525 0.1691 0.1631 
         460  1 0.1642 0.1688 0.1666 0.1643 0.1722 0.1640 
         461  1 0.1742 0.1727 0.1632 0.1613 0.1684 0.1602 
         462  1 0.1647 0.1700 0.1647 0.1720 0.1639 0.1645 
         463  1 0.1689 0.1652 0.1668 0.1675 0.1659 0.1657 
         464  1 0.1625 0.1636 0.1725 0.1654 0.1713 0.1647 
         465  1 0.1710 0.1558 0.1692 0.1821 0.1573 0.1647 
         466  1 0.1636 0.1658 0.1704 0.1643 0.1698 0.1661 
         467  1 0.1666 0.1666 0.1686 0.1624 0.1670 0.1688 
         468  1 0.1635 0.1723 0.1656 0.1602 0.1682 0.1702 
         469  1 0.1684 0.1737 0.1688 0.1723 0.1587 0.1582 
         470  1 0.1663 0.1760 0.1631 0.1660 0.1647 0.1638 
         471  1 0.1676 0.1710 0.1598 0.1605 0.1666 0.1746 
         472  1 0.1666 0.1721 0.1646 0.1656 0.1671 0.1639 
         473  1 0.1635 0.1513 0.1749 0.1681 0.1696 0.1727 
         474  1 0.1655 0.1672 0.1641 0.1670 0.1671 0.1690 
         475  1 0.1665 0.1644 0.1667 0.1673 0.1648 0.1703 
         476  1 0.1716 0.1578 0.1656 0.1789 0.1623 0.1638 
         477  1 0.1613 0.1719 0.1762 0.1553 0.1722 0.1632 
         478  1 0.1667 0.1707 0.1680 0.1589 0.1674 0.1683 
         479  1 0.1724 0.1755 0.1587 0.1634 0.1659 0.1641 
         480  1 0.1635 0.1647 0.1701 0.1636 0.1662 0.1720 
         481  1 0.1708 0.1582 0.1653 0.1735 0.1677 0.1645 
         482  1 0.1649 0.1722 0.1678 0.1620 0.1703 0.1628 
         483  1 0.1674 0.1537 0.1702 0.1702 0.1729 0.1655 
         484  1 0.1668 0.1606 0.1635 0.1712 0.1703 0.1675 
         485  1 0.1712 0.1709 0.1614 0.1655 0.1656 0.1655 
         486  1 0.1606 0.1684 0.1795 0.1582 0.1712 0.1621 
         487  1 0.1655 0.1547 0.1711 0.1783 0.1653 0.1651 
         488  1 0.1643 0.1605 0.1658 0.1694 0.1637 0.1762 
         489  1 0.1697 0.1533 0.1677 0.1739 0.1649 0.1705 
         490  1 0.1705 0.1625 0.1669 0.1646 0.1652 0.1703 
         491  1 0.1666 0.1711 0.1613 0.1685 0.1661 0.1664 
         492  1 0.1750 0.1740 0.1604 0.1641 0.1609 0.1657 
         493  1 0.1664 0.1702 0.1647 0.1627 0.1677 0.1683 
         494  1 0.1721 0.1709 0.1648 0.1620 0.1674 0.1628 
         495  1 0.1738 0.1510 0.1557 0.1823 0.1620 0.1751 
         496  1 0.1680 0.1684 0.1621 0.1771 0.1576 0.1669 
         497  1 0.1698 0.1666 0.1612 0.1698 0.1653 0.1674 
         498  1 0.1668 0.1687 0.1642 0.1666 0.1669 0.1669 
         499  1 0.1671 0.1597 0.1687 0.1704 0.1702 0.1639 
         500  1 0.1686 0.1706 0.1686 0.1630 0.1636 0.1657 
         501  1 0.1586 0.1383 0.1720 0.2027 0.1658 0.1625 
         502  1 0.1690 0.1600 0.1699 0.1658 0.1675 0.1679 
         503  1 0.1719 0.1472 0.1674 0.1791 0.1667 0.1677 
         504  1 0.1630 0.1685 0.1711 0.1644 0.1660 0.1669 
         505  1 0.1660 0.1586 0.1639 0.1747 0.1626 0.1741 
         506  1 0.1732 0.1656 0.1592 0.1774 0.1633 0.1613 
         507  1 0.1690 0.1553 0.1679 0.1682 0.1714 0.1682 
         508  1 0.1677 0.1657 0.1641 0.1697 0.1686 0.1642 
         509  1 0.1634 0.1623 0.1687 0.1710 0.1708 0.1637 
         510  1 0.1720 0.1746 0.1645 0.1609 0.1598 0.1682 
         511  1 0.1690 0.1675 0.1651 0.1705 0.1649 0.1630 
         512  1 0.1684 0.1574 0.1677 0.1686 0.1682 0.1698 
         513  1 0.1665 0.1651 0.1685 0.1686 0.1652 0.1660 
         514  1 0.1657 0.1769 0.1626 0.1626 0.1651 0.1672 
         515  1 0.1697 0.1658 0.1636 0.1686 0.1664 0.1659 
         516  1 0.1640 0.1692 0.1650 0.1697 0.1667 0.1654 
         517  1 0.1681 0.1690 0.1624 0.1689 0.1680 0.1635 
         518  1 0.1692 0.1648 0.1621 0.1695 0.1656 0.1688 
         519  1 0.1689 0.1628 0.1648 0.1706 0.1650 0.1681 
         520  1 0.1662 0.1704 0.1580 0.1729 0.1600 0.1725 
         521  1 0.1667 0.1456 0.1695 0.1702 0.1724 0.1756 
         522  1 0.1621 0.1616 0.1755 0.1608 0.1746 0.1655 
         523  1 0.1716 0.1654 0.1658 0.1683 0.1656 0.1632 
         524  1 0.1681 0.1556 0.1675 0.1758 0.1642 0.1687 
         525  1 0.1699 0.1641 0.1618 0.1765 0.1668 0.1609 
         526  1 0.1677 0.1577 0.1664 0.1678 0.1680 0.1724 
         527  1 0.1702 0.1589 0.1639 0.1774 0.1678 0.1619 
         528  1 0.1616 0.1656 0.1735 0.1629 0.1700 0.1665 
         529  1 0.1654 0.1656 0.1647 0.1659 0.1707 0.1676 
         530  1 0.1700 0.1752 0.1646 0.1614 0.1645 0.1642 
         531  1 0.1643 0.1793 0.1606 0.1672 0.1648 0.1639 
         532  1 0.1698 0.1593 0.1683 0.1698 0.1669 0.1660 
         533  1 0.1724 0.1678 0.1658 0.1676 0.1607 0.1657 
         534  1 0.1672 0.1702 0.1691 0.1631 0.1656 0.1648 
         535  1 0.1709 0.1637 0.1681 0.1692 0.1611 0.1670 
         536  1 0.1672 0.1842 0.1649 0.1585 0.1612 0.1640 
         537  1 0.1679 0.1679 0.1690 0.1706 0.1618 0.1628 
         538  1 0.1615 0.1654 0.1707 0.1587 0.1690 0.1747 
         539  1 0.1694 0.1696 0.1644 0.1697 0.1583 0.1686 
         540  1 0.1726 0.1633 0.1650 0.1677 0.1682 0.1631 
         541  1 0.1706 0.1814 0.1604 0.1615 0.1604 0.1657 
         542  1 0.1673 0.1727 0.1633 0.1641 0.1630 0.1696 
         543  1 0.1704 0.1580 0.1673 0.1692 0.1705 0.1646 
         544  1 0.1635 0.1605 0.1653 0.1721 0.1684 0.1703 
         545  1 0.1644 0.1607 0.1657 0.1675 0.1696 0.1721 
         546  1 0.1640 0.1641 0.1705 0.1667 0.1675 0.1672 
         547  1 0.1629 0.1556 0.1734 0.1651 0.1717 0.1714 
         548  1 0.1588 0.1745 0.1773 0.1603 0.1671 0.1620 
         549  1 0.1678 0.1672 0.1655 0.1667 0.1649 0.1680 
         550  1 0.1718 0.1726 0.1627 0.1649 0.1647 0.1633 
         551  1 0.1732 0.1506 0.1671 0.1794 0.1632 0.1664 
         552  1 0.1641 0.1585 0.1642 0.1694 0.1713 0.1725 
         553  1 0.1650 0.1590 0.1624 0.1912 0.1562 0.1662 
         554  1 0.1689 0.1717 0.1667 0.1588 0.1703 0.1636 
         555  1 0.1638 0.1649 0.1683 0.1648 0.1694 0.1689 
         556  1 0.1637 0.1657 0.1725 0.1677 0.1683 0.1622 
         557  1 0.1667 0.1618 0.1647 0.1668 0.1659 0.1742 
         558  1 0.1681 0.1628 0.1693 0.1642 0.1706 0.1650 
         559  1 0.1674 0.1667 0.1652 0.1689 0.1677 0.1641 
         560  1 0.1665 0.1676 0.1635 0.1717 0.1597 0.1710 
         561  1 0.1685 0.1742 0.1636 0.1642 0.1654 0.1641 
         562  1 0.1670 0.1703 0.1598 0.1618 0.1688 0.1723 
         563  1 0.1635 0.1691 0.1684 0.1620 0.1676 0.1693 
         564  1 0.1630 0.1623 0.1699 0.1573 0.1786 0.1689 
         565  1 0.1702 0.1684 0.1670 0.1651 0.1637 0.1658 
         566  1 0.1684 0.1895 0.1630 0.1539 0.1667 0.1586 
         567  1 0.1680 0.1744 0.1640 0.1599 0.1717 0.1619 
         568  1 0.1700 0.1523 0.1672 0.1700 0.1676 0.1729 
         569  1 0.1703 0.1754 0.1605 0.1640 0.1620 0.1677 
         570  1 0.1618 0.1480 0.1673 0.1930 0.1615 0.1685 
         571  1 0.1645 0.1870 0.1615 0.1605 0.1634 0.1630 
         572  1 0.1664 0.1627 0.1668 0.1650 0.1710 0.1682 
         573  1 0.1642 0.1662 0.1692 0.1773 0.1593 0.1638 
         574  1 0.1638 0.1668 0.1693 0.1638 0.1699 0.1664 
         575  1 0.1715 0.1662 0.1572 0.1712 0.1645 0.1693 
         576  1 0.1750 0.1626 0.1646 0.1700 0.1673 0.1604 
         577  1 0.1690 0.1609 0.1708 0.1653 0.1676 0.1664 
         578  1 0.1709 0.1613 0.1633 0.1660 0.1705 0.1679 
         579  1 0.1687 0.1595 0.1647 0.1690 0.1683 0.1698 
         580  1 0.1710 0.1810 0.1648 0.1559 0.1634 0.1640 
         581  1 0.1650 0.1542 0.1712 0.1620 0.1732 0.1744 
         582  1 0.1664 0.1700 0.1647 0.1690 0.1628 0.1671 
         583  1 0.1697 0.1832 0.1625 0.1603 0.1660 0.1583 
         584  1 0.1677 0.1619 0.1688 0.1692 0.1728 0.1596 
         585  1 0.1717 0.1838 0.1638 0.1563 0.1624 0.1620 
         586  1 0.1660 0.1621 0.1649 0.1705 0.1655 0.1711 
         587  1 0.1723 0.1799 0.1589 0.1608 0.1605 0.1676 
         588  1 0.1631 0.1630 0.1727 0.1651 0.1710 0.1652 
         589  1 0.1662 0.1777 0.1604 0.1645 0.1665 0.1647 
         590  1 0.1621 0.1708 0.1656 0.1573 0.1672 0.1769 
         591  1 0.1623 0.1667 0.1716 0.1586 0.1725 0.1684 
         592  1 0.1712 0.1812 0.1631 0.1565 0.1642 0.1638 
         593  1 0.1654 0.1708 0.1634 0.1682 0.1663 0.1659 
         594  1 0.1657 0.1685 0.1617 0.1715 0.1669 0.1657 
         595  1 0.1698 0.1638 0.1682 0.1640 0.1713 0.1629 
         596  1 0.1665 0.1541 0.1639 0.1719 0.1643 0.1793 
         597  1 0.1692 0.1650 0.1637 0.1717 0.1642 0.1662 
         598  1 0.1692 0.2011 0.1579 0.1490 0.1632 0.1597 
         599  1 0.1735 0.1616 0.1589 0.1706 0.1740 0.1614 
         600  1 0.1646 0.1708 0.1688 0.1643 0.1672 0.1643 
         601  1 0.1645 0.1622 0.1789 0.1630 0.1679 0.1634 
         602  1 0.1686 0.1723 0.1623 0.1720 0.1618 0.1630 
         603  1 0.1655 0.1692 0.1669 0.1641 0.1691 0.1651 
         604  1 0.1614 0.1623 0.1690 0.1712 0.1743 0.1617 
         605  1 0.1683 0.1549 0.1690 0.1739 0.1669 0.1670 
         606  1 0.1649 0.1666 0.1664 0.1664 0.1677 0.1680 
         607  1 0.1647 0.1514 0.1662 0.1772 0.1683 0.1721 
         608  1 0.1636 0.1604 0.1720 0.1653 0.1744 0.1641 
         609  1 0.1678 0.1585 0.1729 0.1698 0.1684 0.1627 
         610  1 0.1660 0.1652 0.1725 0.1649 0.1630 0.1684 
         611  1 0.1707 0.1505 0.1636 0.1814 0.1629 0.1710 
         612  1 0.1631 0.1688 0.1756 0.1621 0.1660 0.1644 
         613  1 0.1625 0.1720 0.1692 0.1627 0.1657 0.1678 
         614  1 0.1663 0.1706 0.1642 0.1689 0.1651 0.1649 
         615  1 0.1671 0.1744 0.1643 0.1621 0.1655 0.1665 
         616  1 0.1666 0.1716 0.1697 0.1608 0.1606 0.1707 
         617  1 0.1634 0.1705 0.1687 0.1634 0.1687 0.1654 
         618  1 0.1637 0.1681 0.1722 0.1682 0.1707 0.1571 
         619  1 0.1681 0.1527 0.1650 0.1707 0.1713 0.1722 
         620  1 0.1689 0.1584 0.1631 0.1745 0.1636 0.1714 
         621  1 0.1690 0.1659 0.1615 0.1715 0.1625 0.1696 
         622  1 0.1658 0.1577 0.1677 0.1861 0.1625 0.1602 
         623  1 0.1640 0.1739 0.1638 0.1677 0.1679 0.1627 
         624  1 0.1684 0.1651 0.1607 0.1728 0.1695 0.1636 
         625  1 0.1678 0.1811 0.1649 0.1572 0.1676 0.1614 
         626  1 0.1725 0.1909 0.1593 0.1579 0.1603 0.1591 
         627  1 0.1665 0.1509 0.1667 0.1688 0.1704 0.1767 
         628  1 0.1585 0.1636 0.1766 0.1635 0.1740 0.1638 
         629  1 0.1660 0.1659 0.1668 0.1724 0.1634 0.1655 
         630  1 0.1668 0.1579 0.1643 0.1617 0.1686 0.1808 
         631  1 0.1677 0.1569 0.1658 0.1805 0.1619 0.1673 
         632  1 0.1701 0.1815 0.1629 0.1578 0.1620 0.1658 
         633  1 0.1573 0.1756 0.1767 0.1502 0.1695 0.1706 
         634  1 0.1673 0.1745 0.1654 0.1652 0.1641 0.1635 
         635  1 0.1658 0.1513 0.1709 0.1855 0.1626 0.1639 
         636  1 0.1689 0.1709 0.1647 0.1685 0.1642 0.1628 
         637  1 0.1690 0.1750 0.1644 0.1635 0.1655 0.1626 
         638  1 0.1675 0.1690 0.1620 0.1672 0.1669 0.1674 
         639  1 0.1655 0.1667 0.1655 0.1661 0.1683 0.1679 
         640  1 0.1696 0.1735 0.1649 0.1663 0.1627 0.1630 
         641  1 0.1743 0.1672 0.1578 0.1723 0.1654 0.1630 
         642  1 0.1687 0.1614 0.1699 0.1677 0.1653 0.1671 
         643  1 0.1683 0.1732 0.1681 0.1595 0.1633 0.1676 
         644  1 0.1617 0.1579 0.1696 0.1627 0.1733 0.1748 
         645  1 0.1668 0.1551 0.1653 0.1713 0.1697 0.1718 
         646  1 0.1656 0.1628 0.1586 0.1730 0.1685 0.1715 
         647  1 0.1731 0.1632 0.1698 0.1664 0.1696 0.1579 
         648  1 0.1613 0.1630 0.1736 0.1654 0.1698 0.1668 
         649  1 0.1642 0.1671 0.1660 0.1696 0.1662 0.1669 
         650  1 0.1617 0.1658 0.1740 0.1612 0.1700 0.1674 
         651  1 0.1640 0.1798 0.1665 0.1643 0.1616 0.1638 
         652  1 0.1597 0.1684 0.1809 0.1555 0.1749 0.1606 
         653  1 0.1635 0.1635 0.1652 0.1661 0.1700 0.1717 
         654  1 0.1639 0.1712 0.1670 0.1645 0.1638 0.1695 
         655  1 0.1688 0.1756 0.1591 0.1655 0.1678 0.1632 
         656  1 0.1625 0.1629 0.1703 0.1684 0.1689 0.1670 
         657  1 0.1678 0.1652 0.1628 0.1687 0.1685 0.1671 
         658  1 0.1736 0.1609 0.1617 0.1683 0.1639 0.1716 
         659  1 0.1680 0.1697 0.1634 0.1638 0.1689 0.1662 
         660  1 0.1648 0.1691 0.1675 0.1665 0.1675 0.1646 
         661  1 0.1680 0.1671 0.1725 0.1646 0.1617 0.1662 
         662  1 0.1670 0.1601 0.1709 0.1701 0.1656 0.1662 
         663  1 0.1697 0.1794 0.1636 0.1630 0.1639 0.1604 
         664  1 0.1698 0.1760 0.1648 0.1581 0.1589 0.1724 
         665  1 0.1662 0.1688 0.1672 0.1626 0.1682 0.1670 
         666  1 0.1634 0.1572 0.1782 0.1601 0.1722 0.1688 
         667  1 0.1657 0.1691 0.1664 0.1669 0.1647 0.1672 
         668  1 0.1698 0.1519 0.1667 0.1719 0.1674 0.1723 
         669  1 0.1616 0.1638 0.1693 0.1606 0.1717 0.1730 
         670  1 0.1674 0.1601 0.1677 0.1688 0.1682 0.1677 
         671  1 0.1653 0.1586 0.1759 0.1743 0.1690 0.1568 
         672  1 0.1647 0.1669 0.1726 0.1619 0.1687 0.1651 
         673  1 0.1678 0.1621 0.1737 0.1676 0.1658 0.1631 
         674  1 0.1730 0.1720 0.1623 0.1618 0.1628 0.1681 
         675  1 0.1708 0.1533 0.1657 0.1884 0.1605 0.1614 
         676  1 0.1660 0.1662 0.1696 0.1668 0.1672 0.1642 
         677  1 0.1701 0.1677 0.1634 0.1626 0.1637 0.1726 
