1:    0.174 0.109 0.144 0.114 0.460 1    
2:    0.072 0.285 0.346 0.100 0.197 1    
3:    0.171 0.164 0.179 0.261 0.226 1    
4:    0.688 0.067 0.064 0.063 0.117 1    
5:    0.180 0.234 0.239 0.230 0.117 1    
6:    0.316 0.095 0.098 0.411 0.079 1    
7:    0.075 0.156 0.171 0.132 0.466 1    
8:    0.339 0.180 0.185 0.147 0.149 1    
9:    0.095 0.267 0.196 0.267 0.175 1    
10:   0.092 0.197 0.223 0.385 0.102 1    
11:   0.157 0.112 0.108 0.551 0.072 1    
12:   0.287 0.097 0.098 0.436 0.081 1    
13:   0.330 0.146 0.159 0.090 0.274 1    
14:   0.125 0.239 0.224 0.114 0.299 1    
15:   0.128 0.310 0.302 0.113 0.146 1    
16:   0.118 0.192 0.228 0.072 0.391 1    
17:   0.265 0.157 0.164 0.233 0.181 1    
18:   0.161 0.226 0.259 0.238 0.116 1    
19:   0.158 0.346 0.335 0.082 0.079 1    
20:   0.136 0.237 0.225 0.154 0.248 1    
21:   0.294 0.211 0.210 0.111 0.174 1    
22:   0.190 0.223 0.239 0.074 0.274 1    
23:   0.132 0.176 0.199 0.127 0.365 1    
24:   0.151 0.181 0.203 0.174 0.290 1    
25:   0.167 0.187 0.176 0.280 0.189 1    
26:   0.108 0.321 0.276 0.141 0.154 1    
27:   0.107 0.274 0.244 0.088 0.287 1    
28:   0.325 0.236 0.228 0.107 0.103 1    
29:   0.098 0.329 0.293 0.156 0.124 1    
30:   0.124 0.261 0.267 0.125 0.222 1    
31:   0.098 0.200 0.200 0.186 0.316 1    
32:   0.179 0.280 0.249 0.158 0.134 1    
33:   0.166 0.206 0.233 0.219 0.176 1    
34:   0.153 0.276 0.308 0.081 0.181 1    
35:   0.076 0.299 0.330 0.077 0.219 1    
36:   0.175 0.296 0.331 0.086 0.112 1    
37:   0.228 0.200 0.223 0.171 0.177 1    
38:   0.246 0.167 0.179 0.269 0.139 1    
39:   0.145 0.333 0.298 0.088 0.136 1    
40:   0.101 0.114 0.122 0.571 0.093 1    
41:   0.057 0.317 0.331 0.141 0.154 1    
42:   0.072 0.272 0.294 0.165 0.198 1    
43:   0.140 0.261 0.278 0.070 0.251 1    
44:   0.090 0.205 0.177 0.446 0.082 1    
45:   0.239 0.263 0.227 0.135 0.137 1    
46:   0.150 0.256 0.271 0.084 0.240 1    
47:   0.084 0.280 0.292 0.268 0.076 1    
48:   0.117 0.256 0.234 0.226 0.167 1    
49:   0.138 0.283 0.308 0.085 0.187 1    
50:   0.091 0.142 0.145 0.430 0.192 1    
51:   0.343 0.199 0.207 0.085 0.165 1    
52:   0.136 0.191 0.196 0.251 0.227 1    
53:   0.510 0.153 0.149 0.079 0.108 1    
54:   0.231 0.240 0.230 0.111 0.187 1    
55:   0.426 0.144 0.140 0.145 0.144 1    
56:   0.408 0.104 0.108 0.278 0.102 1    
57:   0.118 0.207 0.224 0.254 0.198 1    
58:   0.190 0.155 0.163 0.380 0.112 1    
59:   0.330 0.127 0.120 0.313 0.110 1    
60:   0.189 0.102 0.129 0.048 0.531 1    
61:   0.242 0.259 0.230 0.152 0.117 1    
62:   0.181 0.195 0.213 0.147 0.265 1    
63:   0.114 0.344 0.259 0.107 0.176 1    
64:   0.077 0.175 0.203 0.133 0.411 1    
65:   0.279 0.115 0.136 0.330 0.141 1    
66:   0.073 0.209 0.209 0.250 0.259 1    
67:   0.276 0.146 0.149 0.267 0.161 1    
68:   0.314 0.187 0.195 0.171 0.133 1    
69:   0.244 0.258 0.277 0.122 0.099 1    
70:   0.245 0.249 0.269 0.103 0.134 1    
71:   0.269 0.236 0.244 0.092 0.158 1    
72:   0.397 0.133 0.148 0.226 0.097 1    
73:   0.276 0.246 0.211 0.078 0.189 1    
74:   0.239 0.250 0.258 0.085 0.168 1    
75:   0.159 0.245 0.256 0.084 0.256 1    
76:   0.171 0.238 0.256 0.147 0.188 1    
77:   0.198 0.314 0.332 0.085 0.072 1    
78:   0.660 0.073 0.071 0.081 0.116 1    
79:   0.296 0.145 0.164 0.167 0.228 1    
80:   0.144 0.152 0.185 0.129 0.391 1    
81:   0.187 0.284 0.327 0.107 0.094 1    
82:   0.189 0.128 0.150 0.133 0.399 1    
83:   0.145 0.182 0.206 0.077 0.390 1    
84:   0.185 0.276 0.276 0.063 0.200 1    
85:   0.141 0.317 0.379 0.063 0.101 1    
86:   0.233 0.200 0.250 0.209 0.108 1    
87:   0.091 0.130 0.145 0.390 0.243 1    
88:   0.277 0.234 0.215 0.116 0.158 1    
89:   0.070 0.053 0.117 0.035 0.725 1    
90:   0.094 0.185 0.205 0.216 0.301 1    
91:   0.195 0.176 0.164 0.349 0.116 1    
92:   0.174 0.191 0.191 0.122 0.323 1    
93:   0.062 0.063 0.131 0.033 0.711 1    
94:   0.161 0.190 0.201 0.138 0.310 1    
95:   0.175 0.274 0.295 0.140 0.116 1    
96:   0.123 0.376 0.246 0.078 0.177 1    
97:   0.104 0.093 0.094 0.650 0.059 1    
98:   0.236 0.249 0.257 0.101 0.157 1    
99:   0.674 0.066 0.071 0.039 0.150 1    
100:  0.273 0.199 0.232 0.175 0.121 1    
101:  0.183 0.167 0.190 0.090 0.370 1    
102:  0.458 0.172 0.165 0.057 0.147 1    
103:  0.088 0.388 0.311 0.079 0.134 1    
104:  0.140 0.273 0.264 0.193 0.130 1    
105:  0.219 0.185 0.203 0.094 0.299 1    
106:  0.093 0.350 0.246 0.055 0.254 1    
107:  0.260 0.152 0.185 0.110 0.293 1    
108:  0.114 0.263 0.197 0.173 0.254 1    
109:  0.287 0.215 0.219 0.159 0.120 1    
110:  0.146 0.234 0.204 0.303 0.113 1    
111:  0.108 0.284 0.318 0.092 0.198 1    
112:  0.146 0.174 0.208 0.113 0.359 1    
113:  0.159 0.195 0.198 0.322 0.127 1    
114:  0.094 0.367 0.231 0.056 0.252 1    
115:  0.264 0.210 0.235 0.166 0.126 1    
116:  0.401 0.101 0.131 0.054 0.313 1    
117:  0.106 0.115 0.135 0.280 0.364 1    
118:  0.226 0.230 0.247 0.173 0.123 1    
119:  0.313 0.197 0.194 0.105 0.190 1    
120:  0.676 0.065 0.070 0.039 0.150 1    
121:  0.100 0.228 0.202 0.343 0.127 1    
122:  0.249 0.113 0.104 0.465 0.069 1    
123:  0.102 0.212 0.212 0.401 0.073 1    
124:  0.153 0.199 0.205 0.292 0.150 1    
125:  0.234 0.218 0.217 0.119 0.212 1    
126:  0.637 0.088 0.086 0.060 0.130 1    
127:  0.033 0.035 0.034 0.866 0.031 1    
128:  0.167 0.121 0.151 0.115 0.446 1    
129:  0.064 0.065 0.129 0.032 0.710 1    
130:  0.104 0.270 0.165 0.045 0.415 1    
131:  0.102 0.265 0.159 0.049 0.425 1    
132:  0.123 0.242 0.211 0.143 0.280 1    
133:  0.159 0.229 0.233 0.268 0.110 1    
134:  0.115 0.374 0.267 0.115 0.130 1    
135:  0.202 0.318 0.225 0.145 0.109 1    
136:  0.364 0.143 0.157 0.214 0.122 1    
137:  0.037 0.036 0.037 0.855 0.035 1    
138:  0.037 0.035 0.037 0.856 0.035 1    
139:  0.163 0.250 0.231 0.100 0.256 1    
140:  0.110 0.282 0.295 0.085 0.228 1    
141:  0.115 0.316 0.248 0.207 0.114 1    
142:  0.141 0.295 0.282 0.134 0.148 1    
143:  0.113 0.344 0.361 0.058 0.124 1    
144:  0.161 0.174 0.189 0.165 0.311 1    
145:  0.113 0.305 0.264 0.217 0.102 1    
146:  0.341 0.145 0.184 0.037 0.293 1    
147:  0.148 0.255 0.264 0.236 0.097 1    
148:  0.264 0.259 0.228 0.094 0.156 1    
149:  0.148 0.251 0.259 0.187 0.154 1    
150:  0.148 0.272 0.252 0.060 0.269 1    
151:  0.240 0.179 0.177 0.303 0.102 1    
152:  0.144 0.289 0.300 0.147 0.120 1    
153:  0.167 0.327 0.276 0.096 0.134 1    
154:  0.086 0.200 0.200 0.429 0.085 1    
155:  0.125 0.269 0.211 0.298 0.097 1    
156:  0.187 0.186 0.195 0.105 0.327 1    
157:  0.057 0.175 0.200 0.145 0.423 1    
158:  0.057 0.186 0.211 0.139 0.407 1    
159:  0.113 0.352 0.256 0.157 0.122 1    
160:  0.077 0.345 0.339 0.143 0.096 1    
161:  0.066 0.105 0.100 0.670 0.059 1    
162:  0.092 0.159 0.188 0.106 0.455 1    
163:  0.481 0.133 0.123 0.123 0.141 1    
164:  0.404 0.109 0.129 0.084 0.275 1    
165:  0.082 0.138 0.140 0.571 0.068 1    
166:  0.181 0.252 0.225 0.188 0.154 1    
167:  0.183 0.277 0.208 0.214 0.118 1    
168:  0.359 0.209 0.185 0.138 0.109 1    
169:  0.105 0.375 0.286 0.079 0.155 1    
170:  0.134 0.166 0.167 0.439 0.094 1    
171:  0.103 0.234 0.173 0.057 0.434 1    
172:  0.169 0.127 0.144 0.376 0.183 1    
173:  0.197 0.159 0.168 0.390 0.086 1    
174:  0.226 0.274 0.285 0.114 0.101 1    
175:  0.355 0.170 0.178 0.212 0.085 1    
176:  0.103 0.231 0.233 0.145 0.288 1    
177:  0.513 0.071 0.077 0.245 0.093 1    
178:  0.106 0.267 0.220 0.240 0.167 1    
179:  0.168 0.255 0.209 0.067 0.301 1    
180:  0.308 0.236 0.204 0.054 0.198 1    
181:  0.206 0.111 0.131 0.295 0.257 1    
182:  0.323 0.222 0.206 0.102 0.147 1    
183:  0.093 0.291 0.259 0.280 0.078 1    
184:  0.103 0.185 0.173 0.450 0.089 1    
185:  0.071 0.053 0.117 0.037 0.722 1    
186:  0.071 0.055 0.117 0.038 0.719 1    
187:  0.159 0.327 0.338 0.089 0.087 1    
188:  0.150 0.305 0.295 0.080 0.170 1    
189:  0.345 0.133 0.161 0.242 0.119 1    
190:  0.341 0.182 0.212 0.121 0.145 1    
191:  0.215 0.184 0.221 0.267 0.112 1    
192:  0.065 0.101 0.100 0.673 0.060 1    
193:  0.269 0.213 0.220 0.195 0.104 1    
194:  0.113 0.202 0.210 0.245 0.230 1    
195:  0.236 0.241 0.244 0.153 0.126 1    
196:  0.110 0.277 0.200 0.117 0.296 1    
197:  0.366 0.103 0.106 0.323 0.103 1    
198:  0.084 0.197 0.207 0.273 0.239 1    
199:  0.183 0.186 0.179 0.194 0.258 1    
200:  0.173 0.195 0.218 0.113 0.301 1    
201:  0.106 0.292 0.308 0.051 0.243 1    
202:  0.084 0.224 0.251 0.340 0.102 1    
203:  0.132 0.376 0.240 0.061 0.192 1    
204:  0.111 0.184 0.224 0.115 0.365 1    
205:  0.335 0.180 0.175 0.147 0.163 1    
206:  0.274 0.214 0.243 0.132 0.137 1    
207:  0.112 0.289 0.209 0.283 0.106 1    
208:  0.126 0.279 0.233 0.237 0.125 1    
209:  0.106 0.149 0.170 0.385 0.191 1    
210:  0.088 0.164 0.170 0.486 0.093 1    
211:  0.102 0.191 0.188 0.387 0.132 1    
212:  0.115 0.225 0.283 0.247 0.131 1    
213:  0.168 0.339 0.348 0.070 0.075 1    
214:  0.138 0.251 0.265 0.174 0.173 1    
215:  0.074 0.130 0.177 0.052 0.565 1    
216:  0.556 0.063 0.067 0.188 0.126 1    
217:  0.139 0.245 0.206 0.210 0.199 1    
218:  0.122 0.242 0.282 0.074 0.280 1    
219:  0.146 0.228 0.193 0.165 0.268 1    
220:  0.167 0.214 0.217 0.202 0.200 1    
221:  0.133 0.181 0.194 0.195 0.297 1    
222:  0.100 0.171 0.202 0.108 0.420 1    
223:  0.133 0.191 0.205 0.244 0.228 1    
224:  0.111 0.257 0.215 0.337 0.080 1    
225:  0.131 0.296 0.309 0.119 0.145 1    
226:  0.082 0.071 0.071 0.718 0.058 1    
227:  0.081 0.318 0.347 0.074 0.180 1    
228:  0.172 0.269 0.226 0.089 0.245 1    
229:  0.311 0.168 0.188 0.105 0.227 1    
230:  0.227 0.186 0.177 0.201 0.209 1    
231:  0.135 0.196 0.195 0.332 0.142 1    
232:  0.234 0.211 0.201 0.079 0.275 1    
233:  0.417 0.070 0.069 0.366 0.078 1    
234:  0.264 0.202 0.173 0.064 0.297 1    
235:  0.105 0.231 0.247 0.341 0.076 1    
236:  0.478 0.130 0.127 0.145 0.121 1    
237:  0.202 0.185 0.196 0.142 0.275 1    
238:  0.495 0.093 0.098 0.196 0.119 1    
239:  0.321 0.201 0.212 0.104 0.161 1    
240:  0.113 0.240 0.250 0.106 0.291 1    
241:  0.380 0.111 0.132 0.119 0.258 1    
242:  0.514 0.073 0.082 0.236 0.095 1    
243:  0.150 0.275 0.289 0.073 0.214 1    
244:  0.119 0.318 0.260 0.147 0.156 1    
245:  0.191 0.229 0.209 0.192 0.180 1    
246:  0.128 0.183 0.197 0.260 0.232 1    
247:  0.276 0.188 0.155 0.187 0.193 1    
248:  0.240 0.177 0.177 0.330 0.076 1    
249:  0.226 0.226 0.190 0.081 0.277 1    
250:  0.228 0.135 0.161 0.134 0.342 1    
251:  0.189 0.164 0.161 0.384 0.102 1    
252:  0.162 0.273 0.236 0.114 0.215 1    
253:  0.336 0.206 0.205 0.096 0.157 1    
254:  0.166 0.259 0.306 0.152 0.117 1    
255:  0.321 0.152 0.150 0.204 0.172 1    
256:  0.435 0.185 0.190 0.093 0.097 1    
257:  0.608 0.070 0.078 0.133 0.110 1    
258:  0.322 0.151 0.175 0.174 0.178 1    
259:  0.222 0.271 0.289 0.129 0.089 1    
260:  0.359 0.145 0.171 0.168 0.158 1    
261:  0.161 0.155 0.186 0.216 0.282 1    
262:  0.471 0.114 0.121 0.122 0.172 1    
263:  0.112 0.269 0.224 0.189 0.206 1    
264:  0.259 0.229 0.223 0.151 0.139 1    
265:  0.289 0.151 0.147 0.304 0.109 1    
266:  0.163 0.147 0.180 0.111 0.398 1    
267:  0.167 0.210 0.234 0.133 0.257 1    
268:  0.437 0.155 0.172 0.092 0.143 1    
269:  0.264 0.270 0.289 0.067 0.110 1    
270:  0.388 0.175 0.180 0.090 0.167 1    
                    
                    
1:    0.224 0.117 0.245 0.312 0.103 1    
2:    0.140 0.109 0.105 0.173 0.473 1    
3:    0.180 0.272 0.167 0.194 0.186 1    
4:    0.269 0.069 0.525 0.061 0.077 1    
5:    0.201 0.239 0.171 0.178 0.211 1    
6:    0.147 0.444 0.225 0.072 0.112 1    
7:    0.208 0.146 0.170 0.329 0.147 1    
8:    0.216 0.146 0.300 0.144 0.194 1    
9:    0.231 0.216 0.104 0.301 0.149 1    
10:   0.139 0.373 0.108 0.139 0.241 1    
11:   0.124 0.533 0.126 0.104 0.112 1    
12:   0.147 0.449 0.224 0.073 0.106 1    
13:   0.232 0.096 0.314 0.212 0.145 1    
14:   0.233 0.118 0.174 0.291 0.184 1    
15:   0.202 0.123 0.135 0.208 0.332 1    
16:   0.199 0.077 0.196 0.279 0.249 1    
17:   0.193 0.234 0.241 0.165 0.167 1    
18:   0.149 0.250 0.160 0.111 0.331 1    
19:   0.213 0.089 0.152 0.196 0.349 1    
20:   0.215 0.154 0.152 0.273 0.206 1    
21:   0.211 0.122 0.263 0.171 0.232 1    
22:   0.213 0.086 0.224 0.233 0.244 1    
23:   0.204 0.133 0.198 0.257 0.208 1    
24:   0.189 0.202 0.190 0.217 0.200 1    
25:   0.183 0.301 0.167 0.196 0.153 1    
26:   0.230 0.135 0.124 0.260 0.251 1    
27:   0.237 0.091 0.152 0.314 0.206 1    
28:   0.213 0.124 0.268 0.139 0.256 1    
29:   0.204 0.170 0.108 0.221 0.298 1    
30:   0.184 0.136 0.159 0.206 0.315 1    
31:   0.205 0.196 0.135 0.290 0.174 1    
32:   0.234 0.160 0.170 0.233 0.203 1    
33:   0.171 0.233 0.161 0.171 0.263 1    
34:   0.189 0.088 0.158 0.185 0.380 1    
35:   0.151 0.085 0.109 0.182 0.473 1    
36:   0.169 0.086 0.174 0.140 0.432 1    
37:   0.203 0.182 0.228 0.163 0.224 1    
38:   0.184 0.260 0.235 0.152 0.169 1    
39:   0.219 0.089 0.138 0.232 0.322 1    
40:   0.110 0.547 0.101 0.119 0.123 1    
41:   0.154 0.143 0.085 0.178 0.440 1    
42:   0.177 0.179 0.112 0.217 0.315 1    
43:   0.207 0.075 0.183 0.245 0.291 1    
44:   0.146 0.434 0.095 0.151 0.174 1    
45:   0.224 0.133 0.220 0.194 0.229 1    
46:   0.206 0.085 0.200 0.222 0.288 1    
47:   0.141 0.286 0.092 0.148 0.333 1    
48:   0.185 0.227 0.134 0.197 0.258 1    
49:   0.176 0.086 0.165 0.175 0.398 1    
50:   0.155 0.417 0.122 0.186 0.120 1    
51:   0.223 0.090 0.305 0.162 0.220 1    
52:   0.170 0.252 0.152 0.194 0.232 1    
53:   0.246 0.085 0.405 0.104 0.160 1    
54:   0.215 0.115 0.229 0.188 0.253 1    
55:   0.224 0.156 0.333 0.137 0.150 1    
56:   0.187 0.293 0.288 0.090 0.142 1    
57:   0.158 0.263 0.153 0.175 0.251 1    
58:   0.147 0.388 0.174 0.119 0.173 1    
59:   0.193 0.297 0.278 0.108 0.124 1    
60:   0.240 0.053 0.274 0.335 0.098 1    
61:   0.229 0.162 0.220 0.190 0.199 1    
62:   0.197 0.149 0.221 0.211 0.222 1    
63:   0.241 0.107 0.129 0.276 0.247 1    
64:   0.196 0.141 0.169 0.289 0.205 1    
65:   0.151 0.352 0.205 0.138 0.153 1    
66:   0.170 0.244 0.125 0.237 0.224 1    
67:   0.193 0.281 0.242 0.155 0.129 1    
68:   0.208 0.182 0.262 0.142 0.206 1    
69:   0.213 0.132 0.236 0.142 0.277 1    
70:   0.224 0.102 0.233 0.163 0.277 1    
71:   0.217 0.099 0.259 0.164 0.263 1    
72:   0.199 0.232 0.298 0.103 0.168 1    
73:   0.276 0.074 0.223 0.275 0.152 1    
74:   0.224 0.089 0.229 0.184 0.272 1    
75:   0.201 0.095 0.200 0.222 0.282 1    
76:   0.215 0.136 0.199 0.205 0.244 1    
77:   0.210 0.087 0.186 0.142 0.375 1    
78:   0.266 0.082 0.503 0.074 0.075 1    
79:   0.217 0.181 0.284 0.178 0.140 1    
80:   0.210 0.142 0.220 0.265 0.163 1    
81:   0.202 0.119 0.188 0.151 0.340 1    
82:   0.223 0.135 0.243 0.284 0.115 1    
83:   0.220 0.083 0.225 0.283 0.188 1    
84:   0.214 0.066 0.194 0.200 0.326 1    
85:   0.187 0.066 0.150 0.150 0.447 1    
86:   0.164 0.218 0.201 0.111 0.306 1    
87:   0.159 0.382 0.142 0.205 0.112 1    
88:   0.238 0.125 0.235 0.206 0.196 1    
89:   0.228 0.039 0.244 0.424 0.064 1    
90:   0.198 0.232 0.155 0.254 0.160 1    
91:   0.181 0.324 0.180 0.154 0.160 1    
92:   0.206 0.140 0.204 0.254 0.196 1    
93:   0.231 0.037 0.238 0.426 0.068 1    
94:   0.187 0.150 0.198 0.224 0.241 1    
95:   0.199 0.141 0.181 0.171 0.309 1    
96:   0.291 0.076 0.121 0.362 0.150 1    
97:   0.091 0.652 0.097 0.071 0.090 1    
98:   0.251 0.098 0.230 0.212 0.209 1    
99:   0.274 0.043 0.529 0.081 0.074 1    
100:  0.193 0.177 0.205 0.137 0.288 1    
101:  0.226 0.086 0.242 0.287 0.158 1    
102:  0.243 0.062 0.369 0.127 0.199 1    
103:  0.243 0.082 0.091 0.276 0.308 1    
104:  0.216 0.187 0.157 0.213 0.227 1    
105:  0.221 0.103 0.253 0.236 0.187 1    
106:  0.297 0.055 0.092 0.423 0.133 1    
107:  0.220 0.118 0.260 0.230 0.171 1    
108:  0.243 0.159 0.132 0.320 0.146 1    
109:  0.188 0.156 0.246 0.141 0.269 1    
110:  0.192 0.276 0.143 0.195 0.194 1    
111:  0.165 0.096 0.146 0.166 0.426 1    
112:  0.209 0.113 0.214 0.271 0.194 1    
113:  0.161 0.340 0.162 0.147 0.190 1    
114:  0.300 0.055 0.092 0.418 0.135 1    
115:  0.208 0.160 0.241 0.164 0.228 1    
116:  0.250 0.057 0.368 0.208 0.117 1    
117:  0.180 0.296 0.175 0.242 0.108 1    
118:  0.227 0.160 0.217 0.186 0.210 1    
119:  0.223 0.118 0.270 0.185 0.203 1    
120:  0.274 0.042 0.527 0.084 0.074 1    
121:  0.180 0.324 0.110 0.198 0.188 1    
122:  0.142 0.481 0.177 0.096 0.104 1    
123:  0.137 0.367 0.106 0.112 0.278 1    
124:  0.149 0.290 0.164 0.135 0.262 1    
125:  0.222 0.128 0.231 0.212 0.207 1    
126:  0.273 0.058 0.488 0.090 0.092 1    
127:  0.036 0.853 0.036 0.037 0.038 1    
128:  0.215 0.131 0.240 0.294 0.121 1    
129:  0.229 0.036 0.240 0.428 0.067 1    
130:  0.293 0.049 0.118 0.445 0.095 1    
131:  0.295 0.051 0.115 0.454 0.085 1    
132:  0.244 0.130 0.166 0.305 0.155 1    
133:  0.173 0.260 0.162 0.155 0.251 1    
134:  0.265 0.107 0.113 0.292 0.223 1    
135:  0.255 0.134 0.188 0.261 0.162 1    
136:  0.214 0.216 0.282 0.127 0.161 1    
137:  0.039 0.843 0.039 0.038 0.040 1    
138:  0.040 0.842 0.040 0.038 0.041 1    
139:  0.213 0.104 0.177 0.245 0.261 1    
140:  0.234 0.083 0.154 0.258 0.270 1    
141:  0.230 0.208 0.117 0.253 0.192 1    
142:  0.203 0.139 0.150 0.207 0.302 1    
143:  0.153 0.063 0.122 0.143 0.520 1    
144:  0.204 0.169 0.214 0.246 0.167 1    
145:  0.202 0.212 0.116 0.210 0.261 1    
146:  0.248 0.040 0.343 0.203 0.167 1    
147:  0.208 0.221 0.153 0.197 0.221 1    
148:  0.255 0.093 0.252 0.216 0.185 1    
149:  0.214 0.168 0.171 0.201 0.246 1    
150:  0.226 0.065 0.174 0.264 0.271 1    
151:  0.189 0.296 0.206 0.137 0.172 1    
152:  0.210 0.147 0.159 0.193 0.291 1    
153:  0.226 0.100 0.164 0.245 0.265 1    
154:  0.145 0.418 0.102 0.140 0.195 1    
155:  0.208 0.257 0.116 0.235 0.184 1    
156:  0.222 0.102 0.237 0.272 0.167 1    
157:  0.198 0.159 0.126 0.280 0.237 1    
158:  0.192 0.144 0.122 0.276 0.266 1    
159:  0.260 0.127 0.104 0.319 0.191 1    
160:  0.169 0.140 0.089 0.175 0.427 1    
161:  0.080 0.646 0.065 0.080 0.128 1    
162:  0.212 0.111 0.180 0.313 0.184 1    
163:  0.229 0.130 0.385 0.117 0.138 1    
164:  0.241 0.091 0.351 0.193 0.123 1    
165:  0.108 0.564 0.090 0.094 0.144 1    
166:  0.214 0.176 0.188 0.219 0.204 1    
167:  0.234 0.190 0.175 0.228 0.172 1    
168:  0.231 0.157 0.270 0.164 0.177 1    
169:  0.252 0.086 0.105 0.318 0.239 1    
170:  0.152 0.408 0.136 0.131 0.174 1    
171:  0.259 0.064 0.144 0.409 0.124 1    
172:  0.146 0.381 0.175 0.155 0.142 1    
173:  0.134 0.385 0.172 0.089 0.219 1    
174:  0.228 0.111 0.214 0.178 0.268 1    
175:  0.203 0.212 0.309 0.091 0.186 1    
176:  0.211 0.144 0.155 0.258 0.233 1    
177:  0.213 0.258 0.394 0.061 0.074 1    
178:  0.215 0.211 0.126 0.266 0.181 1    
179:  0.257 0.071 0.187 0.324 0.161 1    
180:  0.250 0.055 0.284 0.210 0.200 1    
181:  0.180 0.302 0.202 0.205 0.111 1    
182:  0.224 0.108 0.296 0.157 0.215 1    
183:  0.177 0.268 0.090 0.186 0.279 1    
184:  0.161 0.408 0.114 0.156 0.161 1    
185:  0.226 0.044 0.244 0.422 0.064 1    
186:  0.228 0.043 0.243 0.422 0.064 1    
187:  0.224 0.091 0.159 0.172 0.354 1    
188:  0.247 0.082 0.159 0.254 0.258 1    
189:  0.192 0.237 0.270 0.125 0.175 1    
190:  0.213 0.119 0.274 0.147 0.246 1    
191:  0.177 0.264 0.187 0.139 0.232 1    
192:  0.079 0.648 0.066 0.078 0.129 1    
193:  0.206 0.191 0.224 0.145 0.234 1    
194:  0.160 0.243 0.148 0.193 0.257 1    
195:  0.194 0.157 0.222 0.135 0.292 1    
196:  0.247 0.120 0.117 0.352 0.165 1    
197:  0.177 0.347 0.274 0.087 0.114 1    
198:  0.182 0.258 0.142 0.226 0.192 1    
199:  0.207 0.200 0.204 0.234 0.155 1    
200:  0.201 0.122 0.224 0.218 0.235 1    
201:  0.231 0.053 0.139 0.269 0.308 1    
202:  0.158 0.331 0.093 0.157 0.262 1    
203:  0.289 0.063 0.125 0.365 0.159 1    
204:  0.194 0.123 0.194 0.261 0.228 1    
205:  0.231 0.152 0.272 0.172 0.172 1    
206:  0.186 0.134 0.231 0.132 0.317 1    
207:  0.235 0.234 0.099 0.273 0.159 1    
208:  0.187 0.240 0.115 0.208 0.251 1    
209:  0.158 0.376 0.138 0.182 0.146 1    
210:  0.120 0.479 0.098 0.119 0.184 1    
211:  0.144 0.378 0.102 0.162 0.214 1    
212:  0.152 0.252 0.130 0.143 0.322 1    
213:  0.181 0.075 0.166 0.140 0.438 1    
214:  0.167 0.176 0.141 0.171 0.345 1    
215:  0.224 0.054 0.206 0.362 0.154 1    
216:  0.220 0.212 0.420 0.076 0.072 1    
217:  0.229 0.192 0.156 0.259 0.165 1    
218:  0.195 0.079 0.170 0.235 0.322 1    
219:  0.220 0.182 0.163 0.263 0.171 1    
220:  0.183 0.209 0.177 0.200 0.231 1    
221:  0.212 0.195 0.186 0.248 0.160 1    
222:  0.221 0.115 0.174 0.297 0.193 1    
223:  0.187 0.233 0.183 0.203 0.194 1    
224:  0.191 0.292 0.116 0.204 0.197 1    
225:  0.163 0.131 0.144 0.152 0.410 1    
226:  0.086 0.681 0.079 0.084 0.070 1    
227:  0.155 0.075 0.119 0.168 0.483 1    
228:  0.264 0.078 0.184 0.298 0.177 1    
229:  0.213 0.108 0.303 0.168 0.209 1    
230:  0.191 0.225 0.199 0.199 0.186 1    
231:  0.176 0.310 0.158 0.169 0.188 1    
232:  0.223 0.088 0.250 0.231 0.208 1    
233:  0.169 0.396 0.297 0.061 0.077 1    
234:  0.258 0.067 0.242 0.281 0.152 1    
235:  0.116 0.373 0.097 0.101 0.313 1    
236:  0.226 0.149 0.375 0.104 0.146 1    
237:  0.211 0.147 0.226 0.224 0.192 1    
238:  0.220 0.209 0.381 0.090 0.100 1    
239:  0.223 0.106 0.279 0.172 0.220 1    
240:  0.199 0.119 0.157 0.253 0.271 1    
241:  0.220 0.123 0.347 0.172 0.137 1    
242:  0.210 0.266 0.379 0.062 0.084 1    
243:  0.216 0.074 0.171 0.220 0.319 1    
244:  0.221 0.164 0.120 0.261 0.234 1    
245:  0.223 0.187 0.204 0.221 0.164 1    
246:  0.175 0.262 0.161 0.209 0.193 1    
247:  0.228 0.184 0.216 0.245 0.127 1    
248:  0.187 0.307 0.217 0.125 0.164 1    
249:  0.244 0.082 0.208 0.297 0.169 1    
250:  0.202 0.150 0.254 0.238 0.157 1    
251:  0.158 0.388 0.159 0.134 0.161 1    
252:  0.250 0.118 0.170 0.270 0.192 1    
253:  0.226 0.099 0.300 0.156 0.219 1    
254:  0.201 0.152 0.162 0.169 0.316 1    
255:  0.210 0.207 0.271 0.165 0.148 1    
256:  0.223 0.101 0.345 0.097 0.234 1    
257:  0.249 0.132 0.479 0.066 0.073 1    
258:  0.216 0.178 0.282 0.167 0.157 1    
259:  0.192 0.145 0.198 0.122 0.343 1    
260:  0.215 0.163 0.295 0.134 0.192 1    
261:  0.184 0.222 0.177 0.227 0.191 1    
262:  0.233 0.123 0.376 0.146 0.123 1    
263:  0.221 0.190 0.127 0.267 0.195 1    
264:  0.221 0.159 0.239 0.169 0.212 1    
265:  0.179 0.333 0.230 0.126 0.132 1    
266:  0.221 0.120 0.209 0.282 0.169 1    
267:  0.208 0.135 0.204 0.224 0.230 1    
268:  0.229 0.095 0.361 0.116 0.199 1    
269:  0.235 0.069 0.251 0.155 0.289 1    
270:  0.228 0.095 0.330 0.148 0.198 1    
                    
                    
1:    0.101 0.411 0.210 0.165 0.113 1    
2:    0.525 0.178 0.127 0.070 0.100 1    
3:    0.197 0.186 0.176 0.171 0.270 1    
4:    0.073 0.117 0.059 0.681 0.069 1    
5:    0.213 0.137 0.230 0.189 0.232 1    
6:    0.101 0.090 0.079 0.305 0.426 1    
7:    0.144 0.409 0.235 0.073 0.139 1    
8:    0.190 0.163 0.143 0.348 0.157 1    
9:    0.156 0.181 0.340 0.100 0.223 1    
10:   0.214 0.130 0.172 0.091 0.393 1    
11:   0.114 0.083 0.122 0.156 0.525 1    
12:   0.104 0.085 0.078 0.285 0.447 1    
13:   0.147 0.265 0.174 0.322 0.092 1    
14:   0.177 0.301 0.293 0.118 0.111 1    
15:   0.314 0.164 0.261 0.139 0.123 1    
16:   0.279 0.370 0.174 0.100 0.077 1    
17:   0.163 0.192 0.148 0.264 0.233 1    
18:   0.365 0.120 0.095 0.173 0.247 1    
19:   0.350 0.103 0.283 0.171 0.093 1    
20:   0.200 0.219 0.282 0.140 0.159 1    
21:   0.243 0.186 0.163 0.291 0.118 1    
22:   0.263 0.263 0.197 0.194 0.083 1    
23:   0.205 0.341 0.200 0.121 0.133 1    
24:   0.199 0.282 0.169 0.150 0.199 1    
25:   0.155 0.180 0.207 0.164 0.295 1    
26:   0.253 0.173 0.324 0.108 0.141 1    
27:   0.204 0.289 0.307 0.109 0.091 1    
28:   0.255 0.120 0.172 0.331 0.122 1    
29:   0.311 0.153 0.262 0.104 0.170 1    
30:   0.358 0.206 0.177 0.130 0.130 1    
31:   0.187 0.256 0.261 0.104 0.192 1    
32:   0.189 0.159 0.303 0.189 0.160 1    
33:   0.265 0.170 0.167 0.163 0.234 1    
34:   0.391 0.170 0.186 0.167 0.085 1    
35:   0.524 0.171 0.142 0.079 0.084 1    
36:   0.442 0.127 0.165 0.182 0.084 1    
37:   0.222 0.197 0.167 0.237 0.178 1    
38:   0.161 0.157 0.156 0.267 0.259 1    
39:   0.330 0.153 0.281 0.145 0.090 1    
40:   0.115 0.106 0.128 0.103 0.548 1    
41:   0.472 0.156 0.169 0.062 0.140 1    
42:   0.318 0.211 0.214 0.076 0.182 1    
43:   0.296 0.257 0.230 0.143 0.074 1    
44:   0.179 0.098 0.188 0.096 0.439 1    
45:   0.231 0.154 0.236 0.247 0.132 1    
46:   0.293 0.254 0.213 0.151 0.088 1    
47:   0.330 0.100 0.177 0.089 0.303 1    
48:   0.273 0.186 0.207 0.112 0.223 1    
49:   0.414 0.202 0.149 0.145 0.091 1    
50:   0.117 0.190 0.188 0.087 0.418 1    
51:   0.239 0.186 0.159 0.325 0.091 1    
52:   0.239 0.207 0.162 0.142 0.250 1    
53:   0.162 0.110 0.122 0.519 0.088 1    
54:   0.253 0.184 0.198 0.248 0.116 1    
55:   0.143 0.156 0.138 0.415 0.149 1    
56:   0.121 0.112 0.097 0.394 0.275 1    
57:   0.253 0.206 0.160 0.121 0.260 1    
58:   0.176 0.114 0.124 0.186 0.400 1    
59:   0.119 0.117 0.121 0.344 0.300 1    
60:   0.093 0.453 0.212 0.189 0.053 1    
61:   0.194 0.147 0.249 0.254 0.156 1    
62:   0.238 0.282 0.155 0.175 0.151 1    
63:   0.277 0.189 0.308 0.120 0.105 1    
64:   0.203 0.373 0.214 0.069 0.140 1    
65:   0.131 0.154 0.134 0.234 0.347 1    
66:   0.217 0.268 0.211 0.072 0.232 1    
67:   0.131 0.160 0.157 0.267 0.285 1    
68:   0.193 0.148 0.158 0.319 0.182 1    
69:   0.271 0.130 0.191 0.272 0.136 1    
70:   0.260 0.157 0.201 0.280 0.102 1    
71:   0.255 0.183 0.166 0.296 0.100 1    
72:   0.159 0.107 0.133 0.376 0.225 1    
73:   0.148 0.181 0.339 0.258 0.074 1    
74:   0.269 0.180 0.204 0.262 0.084 1    
75:   0.297 0.265 0.187 0.161 0.090 1    
76:   0.238 0.206 0.233 0.178 0.145 1    
77:   0.362 0.100 0.219 0.229 0.091 1    
78:   0.071 0.119 0.078 0.650 0.082 1    
79:   0.135 0.233 0.153 0.300 0.179 1    
80:   0.160 0.374 0.197 0.133 0.136 1    
81:   0.339 0.123 0.211 0.210 0.118 1    
82:   0.119 0.351 0.205 0.193 0.132 1    
83:   0.187 0.390 0.206 0.137 0.080 1    
84:   0.329 0.198 0.216 0.191 0.066 1    
85:   0.472 0.119 0.184 0.157 0.069 1    
86:   0.311 0.124 0.126 0.226 0.213 1    
87:   0.121 0.242 0.179 0.086 0.373 1    
88:   0.194 0.173 0.241 0.276 0.115 1    
89:   0.055 0.657 0.209 0.041 0.038 1    
90:   0.151 0.291 0.235 0.094 0.228 1    
91:   0.168 0.125 0.177 0.200 0.331 1    
92:   0.198 0.293 0.206 0.169 0.133 1    
93:   0.062 0.640 0.220 0.044 0.034 1    
94:   0.230 0.269 0.177 0.170 0.154 1    
95:   0.282 0.158 0.228 0.188 0.145 1    
96:   0.130 0.184 0.487 0.126 0.074 1    
97:   0.083 0.065 0.083 0.101 0.668 1    
98:   0.192 0.183 0.277 0.249 0.100 1    
99:   0.075 0.148 0.072 0.661 0.044 1    
100:  0.270 0.116 0.159 0.282 0.172 1    
101:  0.148 0.369 0.220 0.181 0.082 1    
102:  0.191 0.143 0.133 0.475 0.058 1    
103:  0.335 0.157 0.330 0.098 0.079 1    
104:  0.223 0.170 0.277 0.143 0.187 1    
105:  0.199 0.286 0.188 0.230 0.097 1    
106:  0.136 0.208 0.495 0.107 0.053 1    
107:  0.176 0.283 0.172 0.256 0.113 1    
108:  0.142 0.237 0.345 0.121 0.155 1    
109:  0.277 0.131 0.152 0.277 0.164 1    
110:  0.190 0.142 0.228 0.147 0.292 1    
111:  0.465 0.195 0.140 0.103 0.097 1    
112:  0.199 0.349 0.203 0.143 0.106 1    
113:  0.193 0.136 0.160 0.161 0.350 1    
114:  0.135 0.207 0.498 0.106 0.053 1    
115:  0.236 0.143 0.187 0.274 0.160 1    
116:  0.108 0.306 0.152 0.380 0.054 1    
117:  0.108 0.326 0.176 0.103 0.287 1    
118:  0.205 0.150 0.234 0.245 0.167 1    
119:  0.232 0.186 0.184 0.285 0.113 1    
120:  0.077 0.150 0.073 0.657 0.043 1    
121:  0.178 0.142 0.233 0.109 0.338 1    
122:  0.093 0.084 0.123 0.238 0.462 1    
123:  0.265 0.099 0.140 0.107 0.389 1    
124:  0.275 0.165 0.116 0.158 0.287 1    
125:  0.220 0.192 0.224 0.240 0.125 1    
126:  0.086 0.131 0.092 0.630 0.061 1    
127:  0.038 0.035 0.036 0.036 0.855 1    
128:  0.117 0.398 0.203 0.158 0.124 1    
129:  0.059 0.642 0.220 0.045 0.034 1    
130:  0.093 0.282 0.461 0.118 0.046 1    
131:  0.089 0.284 0.459 0.117 0.050 1    
132:  0.152 0.286 0.304 0.120 0.138 1    
133:  0.248 0.130 0.190 0.163 0.269 1    
134:  0.247 0.153 0.370 0.125 0.105 1    
135:  0.140 0.147 0.366 0.206 0.142 1    
136:  0.144 0.129 0.136 0.380 0.211 1    
137:  0.041 0.039 0.037 0.040 0.843 1    
138:  0.040 0.039 0.037 0.040 0.843 1    
139:  0.291 0.224 0.219 0.165 0.101 1    
140:  0.282 0.247 0.268 0.114 0.089 1    
141:  0.177 0.146 0.349 0.122 0.205 1    
142:  0.320 0.160 0.232 0.147 0.141 1    
143:  0.558 0.128 0.139 0.114 0.062 1    
144:  0.167 0.310 0.199 0.150 0.174 1    
145:  0.260 0.134 0.271 0.117 0.217 1    
146:  0.154 0.295 0.162 0.350 0.039 1    
147:  0.202 0.138 0.281 0.157 0.222 1    
148:  0.174 0.185 0.275 0.271 0.094 1    
149:  0.243 0.179 0.243 0.151 0.184 1    
150:  0.291 0.258 0.242 0.146 0.064 1    
151:  0.172 0.115 0.166 0.259 0.288 1    
152:  0.280 0.161 0.247 0.160 0.152 1    
153:  0.265 0.161 0.297 0.176 0.102 1    
154:  0.175 0.118 0.185 0.088 0.434 1    
155:  0.194 0.125 0.288 0.129 0.265 1    
156:  0.153 0.335 0.228 0.186 0.097 1    
157:  0.259 0.317 0.214 0.061 0.148 1    
158:  0.276 0.313 0.213 0.061 0.137 1    
159:  0.190 0.156 0.404 0.116 0.135 1    
160:  0.444 0.119 0.212 0.083 0.141 1    
161:  0.121 0.063 0.087 0.069 0.661 1    
162:  0.188 0.397 0.223 0.084 0.107 1    
163:  0.135 0.150 0.108 0.479 0.128 1    
164:  0.120 0.261 0.146 0.388 0.085 1    
165:  0.132 0.087 0.119 0.079 0.583 1    
166:  0.192 0.181 0.258 0.188 0.181 1    
167:  0.161 0.144 0.302 0.197 0.195 1    
168:  0.169 0.120 0.211 0.357 0.144 1    
169:  0.237 0.160 0.412 0.107 0.083 1    
170:  0.163 0.119 0.143 0.138 0.436 1    
171:  0.112 0.325 0.387 0.116 0.060 1    
172:  0.146 0.196 0.128 0.156 0.373 1    
173:  0.227 0.096 0.090 0.208 0.379 1    
174:  0.240 0.126 0.265 0.248 0.120 1    
175:  0.196 0.097 0.109 0.386 0.211 1    
176:  0.248 0.284 0.225 0.102 0.140 1    
177:  0.069 0.098 0.068 0.506 0.259 1    
178:  0.170 0.187 0.316 0.107 0.220 1    
179:  0.162 0.263 0.353 0.157 0.065 1    
180:  0.204 0.196 0.234 0.313 0.053 1    
181:  0.115 0.246 0.165 0.187 0.286 1    
182:  0.219 0.162 0.181 0.322 0.116 1    
183:  0.292 0.103 0.228 0.096 0.280 1    
184:  0.137 0.115 0.201 0.106 0.440 1    
185:  0.057 0.649 0.208 0.045 0.041 1    
186:  0.055 0.648 0.209 0.046 0.042 1    
187:  0.363 0.121 0.245 0.174 0.096 1    
188:  0.265 0.180 0.318 0.159 0.078 1    
189:  0.169 0.123 0.143 0.331 0.234 1    
190:  0.233 0.158 0.158 0.333 0.118 1    
191:  0.219 0.121 0.170 0.222 0.268 1    
192:  0.125 0.063 0.085 0.070 0.657 1    
193:  0.229 0.115 0.172 0.294 0.190 1    
194:  0.260 0.226 0.158 0.118 0.238 1    
195:  0.279 0.146 0.153 0.266 0.157 1    
196:  0.162 0.227 0.374 0.122 0.115 1    
197:  0.113 0.111 0.086 0.345 0.344 1    
198:  0.190 0.250 0.213 0.083 0.264 1    
199:  0.151 0.244 0.217 0.194 0.194 1    
200:  0.218 0.312 0.183 0.167 0.119 1    
201:  0.321 0.235 0.273 0.117 0.055 1    
202:  0.253 0.125 0.201 0.080 0.341 1    
203:  0.149 0.188 0.470 0.131 0.061 1    
204:  0.211 0.355 0.197 0.118 0.118 1    
205:  0.165 0.177 0.184 0.326 0.148 1    
206:  0.300 0.153 0.128 0.286 0.133 1    
207:  0.160 0.127 0.357 0.118 0.238 1    
208:  0.255 0.127 0.234 0.131 0.253 1    
209:  0.150 0.205 0.167 0.110 0.368 1    
210:  0.179 0.108 0.125 0.094 0.494 1    
211:  0.235 0.132 0.162 0.099 0.372 1    
212:  0.311 0.157 0.150 0.119 0.264 1    
213:  0.472 0.098 0.172 0.177 0.082 1    
214:  0.359 0.154 0.165 0.149 0.173 1    
215:  0.158 0.507 0.218 0.063 0.054 1    
216:  0.073 0.134 0.062 0.530 0.201 1    
217:  0.160 0.207 0.304 0.141 0.189 1    
218:  0.322 0.268 0.205 0.130 0.076 1    
219:  0.175 0.226 0.272 0.156 0.171 1    
220:  0.254 0.195 0.189 0.168 0.195 1    
221:  0.161 0.286 0.225 0.129 0.200 1    
222:  0.202 0.358 0.230 0.106 0.104 1    
223:  0.188 0.248 0.186 0.131 0.247 1    
224:  0.171 0.122 0.284 0.115 0.308 1    
225:  0.437 0.158 0.145 0.135 0.126 1    
226:  0.070 0.064 0.089 0.088 0.689 1    
227:  0.511 0.186 0.143 0.086 0.074 1    
228:  0.166 0.241 0.341 0.168 0.085 1    
229:  0.221 0.238 0.134 0.294 0.113 1    
230:  0.191 0.186 0.180 0.226 0.216 1    
231:  0.186 0.162 0.192 0.132 0.328 1    
232:  0.218 0.260 0.211 0.222 0.090 1    
233:  0.069 0.085 0.063 0.407 0.376 1    
234:  0.151 0.240 0.275 0.271 0.063 1    
235:  0.354 0.079 0.103 0.110 0.354 1    
236:  0.137 0.129 0.111 0.471 0.151 1    
237:  0.209 0.257 0.185 0.208 0.141 1    
238:  0.102 0.127 0.087 0.480 0.204 1    
239:  0.222 0.162 0.188 0.321 0.107 1    
240:  0.281 0.277 0.217 0.113 0.112 1    
241:  0.138 0.257 0.127 0.360 0.117 1    
242:  0.083 0.096 0.065 0.503 0.253 1    
243:  0.330 0.202 0.234 0.155 0.080 1    
244:  0.248 0.162 0.311 0.119 0.160 1    
245:  0.164 0.200 0.247 0.197 0.192 1    
246:  0.207 0.233 0.174 0.125 0.261 1    
247:  0.125 0.184 0.258 0.247 0.186 1    
248:  0.147 0.106 0.172 0.256 0.319 1    
249:  0.165 0.238 0.297 0.217 0.084 1    
250:  0.151 0.320 0.173 0.213 0.143 1    
251:  0.147 0.117 0.154 0.203 0.379 1    
252:  0.179 0.206 0.336 0.162 0.116 1    
253:  0.228 0.163 0.164 0.345 0.099 1    
254:  0.317 0.141 0.216 0.173 0.152 1    
255:  0.144 0.180 0.162 0.307 0.207 1    
256:  0.244 0.108 0.102 0.450 0.097 1    
257:  0.069 0.113 0.072 0.613 0.132 1    
258:  0.155 0.201 0.159 0.307 0.178 1    
259:  0.333 0.111 0.160 0.252 0.144 1    
260:  0.173 0.171 0.140 0.350 0.166 1    
261:  0.179 0.257 0.184 0.163 0.217 1    
262:  0.120 0.175 0.135 0.450 0.121 1    
263:  0.177 0.204 0.304 0.115 0.200 1    
264:  0.204 0.160 0.208 0.271 0.158 1    
265:  0.134 0.119 0.148 0.279 0.320 1    
266:  0.168 0.331 0.217 0.165 0.118 1    
267:  0.219 0.275 0.203 0.167 0.136 1    
268:  0.199 0.161 0.109 0.441 0.090 1    
269:  0.288 0.133 0.218 0.291 0.070 1    
270:  0.217 0.172 0.142 0.373 0.096 1    
                    
                    
1:    0.123 0.178 0.103 0.119 0.476 1    
2:    0.123 0.069 0.495 0.115 0.198 1    
3:    0.160 0.170 0.177 0.286 0.207 1    
4:    0.067 0.729 0.076 0.067 0.060 1    
5:    0.263 0.187 0.210 0.223 0.117 1    
6:    0.093 0.321 0.110 0.412 0.065 1    
7:    0.172 0.063 0.144 0.154 0.467 1    
8:    0.163 0.366 0.191 0.142 0.138 1    
9:    0.366 0.072 0.153 0.235 0.173 1    
10:   0.199 0.090 0.217 0.374 0.120 1    
11:   0.138 0.156 0.106 0.536 0.065 1    
12:   0.089 0.312 0.115 0.418 0.065 1    
13:   0.140 0.340 0.150 0.101 0.269 1    
14:   0.285 0.102 0.168 0.123 0.322 1    
15:   0.296 0.118 0.306 0.129 0.151 1    
16:   0.113 0.107 0.263 0.081 0.436 1    
17:   0.134 0.291 0.167 0.223 0.185 1    
18:   0.095 0.179 0.361 0.253 0.113 1    
19:   0.318 0.179 0.343 0.090 0.070 1    
20:   0.274 0.134 0.202 0.154 0.236 1    
21:   0.155 0.301 0.237 0.129 0.179 1    
22:   0.166 0.207 0.244 0.082 0.302 1    
23:   0.139 0.122 0.211 0.143 0.385 1    
24:   0.143 0.154 0.192 0.196 0.315 1    
25:   0.210 0.160 0.145 0.300 0.185 1    
26:   0.379 0.091 0.234 0.137 0.160 1    
27:   0.333 0.086 0.183 0.097 0.301 1    
28:   0.195 0.325 0.270 0.123 0.087 1    
29:   0.316 0.085 0.294 0.169 0.136 1    
30:   0.170 0.126 0.324 0.140 0.241 1    
31:   0.247 0.086 0.174 0.201 0.292 1    
32:   0.338 0.180 0.193 0.160 0.129 1    
33:   0.151 0.170 0.256 0.240 0.184 1    
34:   0.188 0.154 0.383 0.095 0.180 1    
35:   0.125 0.077 0.501 0.090 0.206 1    
36:   0.178 0.184 0.437 0.087 0.115 1    
37:   0.169 0.260 0.208 0.178 0.184 1    
38:   0.176 0.261 0.163 0.263 0.137 1    
39:   0.290 0.133 0.340 0.089 0.148 1    
40:   0.130 0.104 0.120 0.552 0.094 1    
41:   0.155 0.051 0.483 0.149 0.161 1    
42:   0.217 0.066 0.311 0.190 0.216 1    
43:   0.206 0.139 0.305 0.076 0.274 1    
44:   0.222 0.090 0.176 0.430 0.082 1    
45:   0.251 0.240 0.239 0.139 0.131 1    
46:   0.172 0.156 0.326 0.087 0.260 1    
47:   0.204 0.090 0.343 0.281 0.082 1    
48:   0.217 0.097 0.268 0.226 0.193 1    
49:   0.132 0.147 0.409 0.093 0.218 1    
50:   0.191 0.080 0.112 0.407 0.209 1    
51:   0.159 0.332 0.244 0.091 0.175 1    
52:   0.151 0.134 0.239 0.252 0.225 1    
53:   0.138 0.555 0.164 0.081 0.063 1    
54:   0.199 0.234 0.271 0.122 0.173 1    
55:   0.147 0.441 0.140 0.151 0.122 1    
56:   0.104 0.385 0.132 0.300 0.079 1    
57:   0.140 0.127 0.252 0.272 0.209 1    
58:   0.127 0.206 0.169 0.390 0.107 1    
59:   0.128 0.391 0.127 0.265 0.089 1    
60:   0.123 0.186 0.097 0.056 0.538 1    
61:   0.287 0.246 0.202 0.156 0.109 1    
62:   0.136 0.185 0.224 0.148 0.308 1    
63:   0.323 0.094 0.276 0.116 0.192 1    
64:   0.147 0.064 0.206 0.144 0.439 1    
65:   0.122 0.240 0.138 0.360 0.140 1    
66:   0.182 0.066 0.228 0.250 0.274 1    
67:   0.169 0.284 0.128 0.275 0.143 1    
68:   0.175 0.317 0.202 0.184 0.121 1    
69:   0.227 0.297 0.258 0.129 0.089 1    
70:   0.242 0.264 0.271 0.108 0.116 1    
71:   0.172 0.285 0.264 0.102 0.177 1    
72:   0.145 0.405 0.151 0.228 0.071 1    
73:   0.363 0.252 0.148 0.077 0.160 1    
74:   0.216 0.252 0.267 0.091 0.174 1    
75:   0.166 0.154 0.301 0.093 0.287 1    
76:   0.258 0.189 0.227 0.132 0.195 1    
77:   0.279 0.219 0.357 0.093 0.052 1    
78:   0.086 0.704 0.072 0.078 0.059 1    
79:   0.137 0.317 0.139 0.179 0.228 1    
80:   0.128 0.147 0.159 0.142 0.425 1    
81:   0.263 0.213 0.322 0.117 0.085 1    
82:   0.148 0.198 0.114 0.140 0.400 1    
83:   0.166 0.138 0.186 0.082 0.428 1    
84:   0.211 0.188 0.332 0.071 0.198 1    
85:   0.199 0.156 0.468 0.067 0.109 1    
86:   0.143 0.247 0.290 0.210 0.109 1    
87:   0.168 0.083 0.109 0.369 0.270 1    
88:   0.242 0.275 0.203 0.119 0.161 1    
89:   0.058 0.044 0.064 0.040 0.795 1    
90:   0.208 0.084 0.156 0.235 0.316 1    
91:   0.201 0.204 0.165 0.312 0.117 1    
92:   0.173 0.179 0.197 0.140 0.312 1    
93:   0.072 0.046 0.065 0.037 0.780 1    
94:   0.137 0.173 0.241 0.157 0.292 1    
95:   0.261 0.168 0.304 0.137 0.130 1    
96:   0.560 0.080 0.136 0.078 0.146 1    
97:   0.111 0.106 0.090 0.632 0.060 1    
98:   0.327 0.242 0.187 0.093 0.150 1    
99:   0.069 0.702 0.076 0.043 0.110 1    
100:  0.166 0.270 0.272 0.195 0.097 1    
101:  0.151 0.170 0.160 0.095 0.425 1    
102:  0.136 0.490 0.201 0.062 0.111 1    
103:  0.371 0.061 0.331 0.089 0.148 1    
104:  0.322 0.134 0.208 0.190 0.146 1    
105:  0.154 0.238 0.190 0.103 0.315 1    
106:  0.531 0.052 0.149 0.059 0.209 1    
107:  0.139 0.260 0.167 0.122 0.311 1    
108:  0.351 0.094 0.148 0.161 0.246 1    
109:  0.151 0.309 0.279 0.150 0.111 1    
110:  0.278 0.142 0.188 0.270 0.121 1    
111:  0.138 0.112 0.453 0.100 0.197 1    
112:  0.157 0.147 0.189 0.114 0.393 1    
113:  0.187 0.170 0.179 0.340 0.125 1    
114:  0.533 0.050 0.149 0.058 0.210 1    
115:  0.214 0.281 0.225 0.162 0.118 1    
116:  0.111 0.402 0.115 0.059 0.313 1    
117:  0.131 0.105 0.102 0.300 0.361 1    
118:  0.279 0.246 0.195 0.161 0.119 1    
119:  0.183 0.299 0.225 0.117 0.176 1    
120:  0.069 0.704 0.075 0.043 0.110 1    
121:  0.280 0.093 0.184 0.316 0.128 1    
122:  0.142 0.251 0.101 0.447 0.059 1    
123:  0.187 0.094 0.285 0.355 0.081 1    
124:  0.112 0.163 0.293 0.267 0.165 1    
125:  0.223 0.252 0.198 0.130 0.197 1    
126:  0.103 0.667 0.091 0.059 0.080 1    
127:  0.038 0.038 0.040 0.848 0.036 1    
128:  0.131 0.168 0.114 0.126 0.461 1    
129:  0.072 0.047 0.067 0.037 0.777 1    
130:  0.459 0.071 0.098 0.051 0.320 1    
131:  0.463 0.070 0.092 0.056 0.320 1    
132:  0.301 0.107 0.154 0.134 0.303 1    
133:  0.206 0.173 0.243 0.262 0.116 1    
134:  0.419 0.086 0.258 0.109 0.128 1    
135:  0.428 0.186 0.150 0.136 0.100 1    
136:  0.148 0.388 0.154 0.208 0.103 1    
137:  0.040 0.042 0.043 0.836 0.040 1    
138:  0.040 0.043 0.042 0.835 0.039 1    
139:  0.220 0.153 0.274 0.108 0.245 1    
