  1:   0.1089  0.1139  0.1738  0.4595  0.1439  1
  2:   0.2850  0.1000  0.0720  0.1970  0.3460  1
  3:   0.1638  0.2607  0.1708  0.2258  0.1788  1
  4:   0.0671  0.0631  0.6887  0.1171  0.0641  1
  5:   0.2340  0.2300  0.1800  0.1170  0.2390  1
  6:   0.0951  0.4114  0.3163  0.0791  0.0981  1
  7:   0.1560  0.1320  0.0750  0.4660  0.1710  1
  8:   0.1800  0.1470  0.3390  0.1490  0.1850  1
  9:   0.2670  0.2670  0.0950  0.1750  0.1960  1
 10:   0.1972  0.3854  0.0921  0.1021  0.2232  1
 11:   0.1120  0.5510  0.1570  0.0720  0.1080  1
 12:   0.0971  0.4364  0.2873  0.0811  0.0981  1
 13:   0.1461  0.0901  0.3303  0.2743  0.1592  1
 14:   0.2388  0.1139  0.1249  0.2987  0.2238  1
 15:   0.3103  0.1131  0.1281  0.1461  0.3023  1
 16:   0.1918  0.0719  0.1179  0.3906  0.2278  1
 17:   0.1570  0.2330  0.2650  0.1810  0.1640  1
 18:   0.2260  0.2380  0.1610  0.1160  0.2590  1
 19:   0.3460  0.0820  0.1580  0.0790  0.3350  1
 20:   0.2370  0.1540  0.1360  0.2480  0.2250  1
 21:   0.2110  0.1110  0.2940  0.1740  0.2100  1
 22:   0.2230  0.0740  0.1900  0.2740  0.2390  1
 23:   0.1762  0.1271  0.1321  0.3654  0.1992  1
 24:   0.1812  0.1742  0.1512  0.2903  0.2032  1
 25:   0.1872  0.2803  0.1672  0.1892  0.1762  1
 26:   0.3210  0.1410  0.1080  0.1540  0.2760  1
 27:   0.2740  0.0880  0.1070  0.2870  0.2440  1
 28:   0.2362  0.1071  0.3253  0.1031  0.2282  1
 29:   0.3290  0.1560  0.0980  0.1240  0.2930  1
 30:   0.2613  0.1251  0.1241  0.2222  0.2673  1
 31:   0.2000  0.1860  0.0980  0.3160  0.2000  1
 32:   0.2800  0.1580  0.1790  0.1340  0.2490  1
 33:   0.2060  0.2190  0.1660  0.1760  0.2330  1
 34:   0.2763  0.0811  0.1532  0.1812  0.3083  1
 35:   0.2987  0.0769  0.0759  0.2188  0.3297  1
 36:   0.2960  0.0860  0.1750  0.1120  0.3310  1
 37:   0.2002  0.1712  0.2282  0.1772  0.2232  1
 38:   0.1670  0.2690  0.2460  0.1390  0.1790  1
 39:   0.3330  0.0880  0.1450  0.1360  0.2980  1
 40:   0.1139  0.5704  0.1009  0.0929  0.1219  1
 41:   0.3170  0.1410  0.0570  0.1540  0.3310  1
 42:   0.2717  0.1648  0.0719  0.1978  0.2937  1
 43:   0.2610  0.0700  0.1400  0.2510  0.2780  1
 44:   0.2050  0.4460  0.0900  0.0820  0.1770  1
 45:   0.2627  0.1349  0.2388  0.1369  0.2268  1
 46:   0.2557  0.0839  0.1499  0.2398  0.2707  1
 47:   0.2800  0.2680  0.0840  0.0760  0.2920  1
 48:   0.2560  0.2260  0.1170  0.1670  0.2340  1
 49:   0.2827  0.0849  0.1379  0.1868  0.3077  1
 50:   0.1420  0.4300  0.0910  0.1920  0.1450  1
 51:   0.1992  0.0851  0.3433  0.1652  0.2072  1
 52:   0.1908  0.2507  0.1359  0.2268  0.1958  1
 53:   0.1532  0.0791  0.5105  0.1081  0.1491  1
 54:   0.2402  0.1111  0.2312  0.1872  0.2302  1
 55:   0.1441  0.1451  0.4264  0.1441  0.1401  1
 56:   0.1040  0.2780  0.4080  0.1020  0.1080  1
 57:   0.2068  0.2537  0.1179  0.1978  0.2238  1
 58:   0.1550  0.3800  0.1900  0.1120  0.1630  1
 59:   0.1270  0.3130  0.3300  0.1100  0.1200  1
 60:   0.1021  0.0480  0.1892  0.5315  0.1291  1
 61:   0.2590  0.1520  0.2420  0.1170  0.2300  1
 62:   0.1948  0.1469  0.1808  0.2647  0.2128  1
 63:   0.3440  0.1070  0.1140  0.1760  0.2590  1
 64:   0.1752  0.1331  0.0771  0.4114  0.2032  1
 65:   0.1149  0.3297  0.2787  0.1409  0.1359  1
 66:   0.2090  0.2500  0.0730  0.2590  0.2090  1
 67:   0.1461  0.2673  0.2763  0.1612  0.1491  1
 68:   0.1870  0.1710  0.3140  0.1330  0.1950  1
 69:   0.2580  0.1220  0.2440  0.0990  0.2770  1
 70:   0.2490  0.1030  0.2450  0.1340  0.2690  1
 71:   0.2362  0.0921  0.2693  0.1582  0.2442  1
 72:   0.1329  0.2258  0.3966  0.0969  0.1479  1
 73:   0.2460  0.0780  0.2760  0.1890  0.2110  1
 74:   0.2500  0.0850  0.2390  0.1680  0.2580  1
 75:   0.2450  0.0840  0.1590  0.2560  0.2560  1
 76:   0.2380  0.1470  0.1710  0.1880  0.2560  1
 77:   0.3137  0.0849  0.1978  0.0719  0.3317  1
 78:   0.0729  0.0809  0.6593  0.1159  0.0709  1
 79:   0.1450  0.1670  0.2960  0.2280  0.1640  1
 80:   0.1518  0.1289  0.1439  0.3906  0.1848  1
 81:   0.2843  0.1071  0.1872  0.0941  0.3273  1
 82:   0.1281  0.1331  0.1892  0.3994  0.1502  1
 83:   0.1820  0.0770  0.1450  0.3900  0.2060  1
 84:   0.2760  0.0630  0.1850  0.2000  0.2760  1
 85:   0.3167  0.0629  0.1409  0.1009  0.3786  1
 86:   0.2000  0.2090  0.2330  0.1080  0.2500  1
 87:   0.1301  0.3904  0.0911  0.2432  0.1451  1
 88:   0.2340  0.1160  0.2770  0.1580  0.2150  1
 89:   0.0530  0.0350  0.0700  0.7250  0.1170  1
 90:   0.1848  0.2158  0.0939  0.3007  0.2048  1
 91:   0.1760  0.3490  0.1950  0.1160  0.1640  1
 92:   0.1908  0.1219  0.1738  0.3227  0.1908  1
 93:   0.0630  0.0330  0.0620  0.7110  0.1310  1
 94:   0.1900  0.1380  0.1610  0.3100  0.2010  1
 95:   0.2740  0.1400  0.1750  0.1160  0.2950  1
 96:   0.3760  0.0780  0.1230  0.1770  0.2460  1
 97:   0.0930  0.6500  0.1040  0.0590  0.0940  1
 98:   0.2490  0.1010  0.2360  0.1570  0.2570  1
 99:   0.0660  0.0390  0.6740  0.1500  0.0710  1
100:   0.1990  0.1750  0.2730  0.1210  0.2320  1
101:   0.1670  0.0900  0.1830  0.3700  0.1900  1
102:   0.1722  0.0571  0.4585  0.1471  0.1652  1
103:   0.3880  0.0790  0.0880  0.1340  0.3110  1
104:   0.2730  0.1930  0.1400  0.1300  0.2640  1
105:   0.1850  0.0940  0.2190  0.2990  0.2030  1
106:   0.3507  0.0551  0.0932  0.2545  0.2465  1
107:   0.1520  0.1100  0.2600  0.2930  0.1850  1
108:   0.2627  0.1728  0.1139  0.2537  0.1968  1
109:   0.2150  0.1590  0.2870  0.1200  0.2190  1
110:   0.2340  0.3030  0.1460  0.1130  0.2040  1
111:   0.2840  0.0920  0.1080  0.1980  0.3180  1
112:   0.1740  0.1130  0.1460  0.3590  0.2080  1
113:   0.1948  0.3217  0.1588  0.1269  0.1978  1
114:   0.3670  0.0560  0.0940  0.2520  0.2310  1
115:   0.2098  0.1658  0.2637  0.1259  0.2348  1
116:   0.1010  0.0540  0.4010  0.3130  0.1310  1
117:   0.1150  0.2800  0.1060  0.3640  0.1350  1
118:   0.2302  0.1732  0.2262  0.1231  0.2472  1
119:   0.1972  0.1051  0.3133  0.1902  0.1942  1
120:   0.0650  0.0390  0.6760  0.1500  0.0700  1
121:   0.2280  0.3430  0.1000  0.1270  0.2020  1
122:   0.1130  0.4650  0.2490  0.0690  0.1040  1
123:   0.2120  0.4010  0.1020  0.0730  0.2120  1
124:   0.1992  0.2923  0.1532  0.1502  0.2052  1
125:   0.2180  0.1190  0.2340  0.2120  0.2170  1
126:   0.0879  0.0599  0.6364  0.1299  0.0859  1
127:   0.0350  0.8669  0.0330  0.0310  0.0340  1
128:   0.1210  0.1150  0.1670  0.4460  0.1510  1
129:   0.0650  0.0320  0.0640  0.7100  0.1290  1
130:   0.2703  0.0450  0.1041  0.4154  0.1652  1
131:   0.2650  0.0490  0.1020  0.4250  0.1590  1
132:   0.2422  0.1431  0.1231  0.2803  0.2112  1
133:   0.2292  0.2683  0.1592  0.1101  0.2332  1
134:   0.3736  0.1149  0.1149  0.1299  0.2667  1
135:   0.3183  0.1451  0.2022  0.1091  0.2252  1
136:   0.1430  0.2140  0.3640  0.1220  0.1570  1
137:   0.0360  0.8550  0.0370  0.0350  0.0370  1
138:   0.0350  0.8560  0.0370  0.0350  0.0370  1
139:   0.2500  0.1000  0.1630  0.2560  0.2310  1
140:   0.2820  0.0850  0.1100  0.2280  0.2950  1
141:   0.3160  0.2070  0.1150  0.1140  0.2480  1
142:   0.2950  0.1340  0.1410  0.1480  0.2820  1
143:   0.3440  0.0580  0.1130  0.1240  0.3610  1
144:   0.1740  0.1650  0.1610  0.3110  0.1890  1
145:   0.3047  0.2168  0.1129  0.1019  0.2637  1
146:   0.1450  0.0370  0.3410  0.2930  0.1840  1
147:   0.2550  0.2360  0.1480  0.0970  0.2640  1
148:   0.2587  0.0939  0.2637  0.1558  0.2278  1
149:   0.2513  0.1872  0.1481  0.1542  0.2593  1
150:   0.2717  0.0599  0.1479  0.2687  0.2517  1
151:   0.1788  0.3027  0.2398  0.1019  0.1768  1
152:   0.2890  0.1470  0.1440  0.1200  0.3000  1
153:   0.3270  0.0960  0.1670  0.1340  0.2760  1
154:   0.2000  0.4290  0.0860  0.0850  0.2000  1
155:   0.2690  0.2980  0.1250  0.0970  0.2110  1
156:   0.1860  0.1050  0.1870  0.3270  0.1950  1
157:   0.1750  0.1450  0.0570  0.4230  0.2000  1
158:   0.1860  0.1390  0.0570  0.4070  0.2110  1
159:   0.3520  0.1570  0.1130  0.1220  0.2560  1
160:   0.3450  0.1430  0.0770  0.0960  0.3390  1
161:   0.1050  0.6700  0.0660  0.0590  0.1000  1
162:   0.1590  0.1060  0.0920  0.4550  0.1880  1
163:   0.1329  0.1229  0.4805  0.1409  0.1229  1
164:   0.1089  0.0839  0.4036  0.2747  0.1289  1
165:   0.1381  0.5716  0.0821  0.0681  0.1401  1
166:   0.2520  0.1880  0.1810  0.1540  0.2250  1
167:   0.2770  0.2140  0.1830  0.1180  0.2080  1
168:   0.2090  0.1380  0.3590  0.1090  0.1850  1
169:   0.3750  0.0790  0.1050  0.1550  0.2860  1
170:   0.1660  0.4390  0.1340  0.0940  0.1670  1
171:   0.2338  0.0569  0.1029  0.4336  0.1728  1
172:   0.1271  0.3764  0.1692  0.1832  0.1441  1
173:   0.1590  0.3900  0.1970  0.0860  0.1680  1
174:   0.2740  0.1140  0.2260  0.1010  0.2850  1
175:   0.1700  0.2120  0.3550  0.0850  0.1780  1
176:   0.2310  0.1450  0.1030  0.2880  0.2330  1
177:   0.0711  0.2452  0.5135  0.0931  0.0771  1
178:   0.2670  0.2400  0.1060  0.1670  0.2200  1
179:   0.2550  0.0670  0.1680  0.3010  0.2090  1
180:   0.2360  0.0540  0.3080  0.1980  0.2040  1
181:   0.1110  0.2950  0.2060  0.2570  0.1310  1
182:   0.2220  0.1020  0.3230  0.1470  0.2060  1
183:   0.2907  0.2797  0.0929  0.0779  0.2587  1
184:   0.1850  0.4500  0.1030  0.0890  0.1730  1
185:   0.0530  0.0370  0.0710  0.7220  0.1170  1
186:   0.0550  0.0380  0.0710  0.7190  0.1170  1
187:   0.3270  0.0890  0.1590  0.0870  0.3380  1
188:   0.3050  0.0800  0.1500  0.1700  0.2950  1
189:   0.1330  0.2420  0.3450  0.1190  0.1610  1
190:   0.1818  0.1209  0.3407  0.1449  0.2118  1
191:   0.1842  0.2673  0.2152  0.1121  0.2212  1
192:   0.1011  0.6737  0.0651  0.0601  0.1001  1
193:   0.2128  0.1948  0.2687  0.1039  0.2198  1
194:   0.2020  0.2450  0.1130  0.2300  0.2100  1
195:   0.2410  0.1530  0.2360  0.1260  0.2440  1
196:   0.2770  0.1170  0.1100  0.2960  0.2000  1
197:   0.1029  0.3227  0.3656  0.1029  0.1059  1
198:   0.1970  0.2730  0.0840  0.2390  0.2070  1
199:   0.1860  0.1940  0.1830  0.2580  0.1790  1
200:   0.1950  0.1130  0.1730  0.3010  0.2180  1
201:   0.2920  0.0510  0.1060  0.2430  0.3080  1
202:   0.2238  0.3397  0.0839  0.1019  0.2507  1
203:   0.3756  0.0609  0.1319  0.1918  0.2398  1
204:   0.1842  0.1151  0.1111  0.3654  0.2242  1
205:   0.1800  0.1470  0.3350  0.1630  0.1750  1
206:   0.2140  0.1320  0.2740  0.1370  0.2430  1
207:   0.2893  0.2833  0.1121  0.1061  0.2092  1
208:   0.2790  0.2370  0.1260  0.1250  0.2330  1
209:   0.1489  0.3846  0.1059  0.1908  0.1698  1
210:   0.1638  0.4855  0.0879  0.0929  0.1698  1
211:   0.1910  0.3870  0.1020  0.1320  0.1880  1
212:   0.2248  0.2468  0.1149  0.1309  0.2827  1
213:   0.3390  0.0700  0.1680  0.0750  0.3480  1
214:   0.2507  0.1738  0.1379  0.1728  0.2647  1
215:   0.1303  0.0521  0.0741  0.5661  0.1774  1
216:   0.0630  0.1880  0.5560  0.1260  0.0670  1
217:   0.2452  0.2102  0.1391  0.1992  0.2062  1
218:   0.2420  0.0740  0.1220  0.2800  0.2820  1
219:   0.2280  0.1650  0.1460  0.2680  0.1930  1
220:   0.2140  0.2020  0.1670  0.2000  0.2170  1
221:   0.1810  0.1950  0.1330  0.2970  0.1940  1
222:   0.1708  0.1079  0.0999  0.4196  0.2018  1
223:   0.1908  0.2438  0.1329  0.2278  0.2048  1
224:   0.2570  0.3370  0.1110  0.0800  0.2150  1
225:   0.2960  0.1190  0.1310  0.1450  0.3090  1
226:   0.0710  0.7180  0.0820  0.0580  0.0710  1
227:   0.3180  0.0740  0.0810  0.1800  0.3470  1
228:   0.2687  0.0889  0.1718  0.2448  0.2258  1
229:   0.1682  0.1051  0.3113  0.2272  0.1882  1
230:   0.1860  0.2010  0.2270  0.2090  0.1770  1
231:   0.1960  0.3320  0.1350  0.1420  0.1950  1
232:   0.2110  0.0790  0.2340  0.2750  0.2010  1
233:   0.0700  0.3660  0.4170  0.0780  0.0690  1
234:   0.2020  0.0640  0.2640  0.2970  0.1730  1
235:   0.2310  0.3410  0.1050  0.0760  0.2470  1
236:   0.1299  0.1449  0.4775  0.1209  0.1269  1
237:   0.1850  0.1420  0.2020  0.2750  0.1960  1
238:   0.0929  0.1958  0.4945  0.1189  0.0979  1
239:   0.2012  0.1041  0.3213  0.1612  0.2122  1
240:   0.2400  0.1060  0.1130  0.2910  0.2500  1
241:   0.1110  0.1190  0.3800  0.2580  0.1320  1
242:   0.0730  0.2360  0.5140  0.0950  0.0820  1
243:   0.2747  0.0729  0.1499  0.2138  0.2887  1
244:   0.3180  0.1470  0.1190  0.1560  0.2600  1
245:   0.2288  0.1918  0.1908  0.1798  0.2088  1
246:   0.1830  0.2600  0.1280  0.2320  0.1970  1
247:   0.1882  0.1872  0.2763  0.1932  0.1552  1
248:   0.1770  0.3300  0.2400  0.0760  0.1770  1
249:   0.2260  0.0810  0.2260  0.2770  0.1900  1
250:   0.1350  0.1340  0.2280  0.3420  0.1610  1
251:   0.1640  0.3840  0.1890  0.1020  0.1610  1
252:   0.2730  0.1140  0.1620  0.2150  0.2360  1
253:   0.2060  0.0960  0.3360  0.1570  0.2050  1
254:   0.2590  0.1520  0.1660  0.1170  0.3060  1
255:   0.1522  0.2042  0.3213  0.1722  0.1502  1
256:   0.1850  0.0930  0.4350  0.0970  0.1900  1
257:   0.0701  0.1331  0.6086  0.1101  0.0781  1
258:   0.1510  0.1740  0.3220  0.1780  0.1750  1
259:   0.2710  0.1290  0.2220  0.0890  0.2890  1
260:   0.1449  0.1678  0.3586  0.1578  0.1708  1
261:   0.1550  0.2160  0.1610  0.2820  0.1860  1
262:   0.1140  0.1220  0.4710  0.1720  0.1210  1
263:   0.2690  0.1890  0.1120  0.2060  0.2240  1
264:   0.2288  0.1508  0.2587  0.1389  0.2228  1
265:   0.1510  0.3040  0.2890  0.1090  0.1470  1
266:   0.1471  0.1111  0.1632  0.3984  0.1802  1
267:   0.2098  0.1329  0.1668  0.2567  0.2338  1
268:   0.1552  0.0921  0.4374  0.1431  0.1722  1
269:   0.2700  0.0670  0.2640  0.1100  0.2890  1
270:   0.1750  0.0900  0.3880  0.1670  0.1800  1

  1:   0.2238  0.1169  0.2448  0.3117  0.1029  1
  2:   0.1400  0.1090  0.1050  0.1730  0.4730  1
  3:   0.1802  0.2723  0.1672  0.1942  0.1862  1
  4:   0.2687  0.0689  0.5245  0.0609  0.0769  1
  5:   0.2010  0.2390  0.1710  0.1780  0.2110  1
  6:   0.1470  0.4440  0.2250  0.0720  0.1120  1
  7:   0.2080  0.1460  0.1700  0.3290  0.1470  1
  8:   0.2160  0.1460  0.3000  0.1440  0.1940  1
  9:   0.2308  0.2158  0.1039  0.3007  0.1489  1
 10:   0.1390  0.3730  0.1080  0.1390  0.2410  1
 11:   0.1241  0.5335  0.1261  0.1041  0.1121  1
 12:   0.1471  0.4494  0.2242  0.0731  0.1061  1
 13:   0.2322  0.0961  0.3143  0.2122  0.1451  1
 14:   0.2330  0.1180  0.1740  0.2910  0.1840  1
 15:   0.2020  0.1230  0.1350  0.2080  0.3320  1
 16:   0.1990  0.0770  0.1960  0.2790  0.2490  1
 17:   0.1930  0.2340  0.2410  0.1650  0.1670  1
 18:   0.1489  0.2498  0.1598  0.1109  0.3307  1
 19:   0.2132  0.0891  0.1522  0.1962  0.3493  1
 20:   0.2150  0.1540  0.1520  0.2730  0.2060  1
 21:   0.2112  0.1221  0.2633  0.1712  0.2322  1
 22:   0.2130  0.0860  0.2240  0.2330  0.2440  1
 23:   0.2040  0.1330  0.1980  0.2570  0.2080  1
 24:   0.1894  0.2024  0.1904  0.2174  0.2004  1
 25:   0.1830  0.3010  0.1670  0.1960  0.1530  1
 26:   0.2300  0.1350  0.1240  0.2600  0.2510  1
 27:   0.2370  0.0910  0.1520  0.3140  0.2060  1
 28:   0.2130  0.1240  0.2680  0.1390  0.2560  1
 29:   0.2038  0.1698  0.1079  0.2208  0.2977  1
 30:   0.1840  0.1360  0.1590  0.2060  0.3150  1
 31:   0.2050  0.1960  0.1350  0.2900  0.1740  1
 32:   0.2340  0.1600  0.1700  0.2330  0.2030  1
 33:   0.1712  0.2332  0.1612  0.1712  0.2633  1
 34:   0.1890  0.0880  0.1580  0.1850  0.3800  1
 35:   0.1510  0.0850  0.1090  0.1820  0.4730  1
 36:   0.1688  0.0859  0.1738  0.1399  0.4316  1
 37:   0.2030  0.1820  0.2280  0.1630  0.2240  1
 38:   0.1840  0.2600  0.2350  0.1520  0.1690  1
 39:   0.2190  0.0890  0.1380  0.2320  0.3220  1
 40:   0.1100  0.5470  0.1010  0.1190  0.1230  1
 41:   0.1540  0.1430  0.0850  0.1780  0.4400  1
 42:   0.1770  0.1790  0.1120  0.2170  0.3150  1
 43:   0.2068  0.0749  0.1828  0.2448  0.2907  1
 44:   0.1460  0.4340  0.0950  0.1510  0.1740  1
 45:   0.2240  0.1330  0.2200  0.1940  0.2290  1
 46:   0.2058  0.0849  0.1998  0.2218  0.2877  1
 47:   0.1410  0.2860  0.0920  0.1480  0.3330  1
 48:   0.1848  0.2268  0.1339  0.1968  0.2577  1
 49:   0.1760  0.0860  0.1650  0.1750  0.3980  1
 50:   0.1550  0.4170  0.1220  0.1860  0.1200  1
 51:   0.2230  0.0900  0.3050  0.1620  0.2200  1
 52:   0.1700  0.2520  0.1520  0.1940  0.2320  1
 53:   0.2460  0.0850  0.4050  0.1040  0.1600  1
 54:   0.2150  0.1150  0.2290  0.1880  0.2530  1
 55:   0.2240  0.1560  0.3330  0.1370  0.1500  1
 56:   0.1870  0.2930  0.2880  0.0900  0.1420  1
 57:   0.1580  0.2630  0.1530  0.1750  0.2510  1
 58:   0.1469  0.3876  0.1738  0.1189  0.1728  1
 59:   0.1930  0.2970  0.2780  0.1080  0.1240  1
 60:   0.2400  0.0530  0.2740  0.3350  0.0980  1
 61:   0.2290  0.1620  0.2200  0.1900  0.1990  1
 62:   0.1970  0.1490  0.2210  0.2110  0.2220  1
 63:   0.2410  0.1070  0.1290  0.2760  0.2470  1
 64:   0.1960  0.1410  0.1690  0.2890  0.2050  1
 65:   0.1512  0.3524  0.2052  0.1381  0.1532  1
 66:   0.1700  0.2440  0.1250  0.2370  0.2240  1
 67:   0.1930  0.2810  0.2420  0.1550  0.1290  1
 68:   0.2080  0.1820  0.2620  0.1420  0.2060  1
 69:   0.2130  0.1320  0.2360  0.1420  0.2770  1
 70:   0.2242  0.1021  0.2332  0.1632  0.2773  1
 71:   0.2166  0.0988  0.2585  0.1637  0.2625  1
 72:   0.1990  0.2320  0.2980  0.1030  0.1680  1
 73:   0.2760  0.0740  0.2230  0.2750  0.1520  1
 74:   0.2244  0.0892  0.2295  0.1844  0.2725  1
 75:   0.2010  0.0950  0.2000  0.2220  0.2820  1
 76:   0.2152  0.1361  0.1992  0.2052  0.2442  1
 77:   0.2100  0.0870  0.1860  0.1420  0.3750  1
 78:   0.2660  0.0820  0.5030  0.0740  0.0750  1
 79:   0.2170  0.1810  0.2840  0.1780  0.1400  1
 80:   0.2100  0.1420  0.2200  0.2650  0.1630  1
 81:   0.2020  0.1190  0.1880  0.1510  0.3400  1
 82:   0.2230  0.1350  0.2430  0.2840  0.1150  1
 83:   0.2202  0.0831  0.2252  0.2833  0.1882  1
 84:   0.2140  0.0660  0.1940  0.2000  0.3260  1
 85:   0.1870  0.0660  0.1500  0.1500  0.4470  1
 86:   0.1640  0.2180  0.2010  0.1110  0.3060  1
 87:   0.1590  0.3820  0.1420  0.2050  0.1120  1
 88:   0.2380  0.1250  0.2350  0.2060  0.1960  1
 89:   0.2282  0.0390  0.2442  0.4244  0.0641  1
 90:   0.1982  0.2322  0.1552  0.2543  0.1602  1
 91:   0.1812  0.3243  0.1802  0.1542  0.1602  1
 92:   0.2060  0.1400  0.2040  0.2540  0.1960  1
 93:   0.2310  0.0370  0.2380  0.4260  0.0680  1
 94:   0.1870  0.1500  0.1980  0.2240  0.2410  1
 95:   0.1988  0.1409  0.1808  0.1708  0.3087  1
 96:   0.2910  0.0760  0.1210  0.3620  0.1500  1
 97:   0.0909  0.6513  0.0969  0.0709  0.0899  1
 98:   0.2510  0.0980  0.2300  0.2120  0.2090  1
 99:   0.2737  0.0430  0.5285  0.0809  0.0739  1
100:   0.1930  0.1770  0.2050  0.1370  0.2880  1
101:   0.2262  0.0861  0.2422  0.2873  0.1582  1
102:   0.2430  0.0620  0.3690  0.1270  0.1990  1
103:   0.2430  0.0820  0.0910  0.2760  0.3080  1
104:   0.2160  0.1870  0.1570  0.2130  0.2270  1
105:   0.2210  0.1030  0.2530  0.2360  0.1870  1
106:   0.2970  0.0550  0.0920  0.4230  0.1330  1
107:   0.2202  0.1181  0.2603  0.2302  0.1712  1
108:   0.2430  0.1590  0.1320  0.3200  0.1460  1
109:   0.1880  0.1560  0.2460  0.1410  0.2690  1
110:   0.1920  0.2760  0.1430  0.1950  0.1940  1
111:   0.1652  0.0961  0.1461  0.1662  0.4264  1
112:   0.2088  0.1129  0.2138  0.2707  0.1938  1
113:   0.1610  0.3400  0.1620  0.1470  0.1900  1
114:   0.3000  0.0550  0.0920  0.4180  0.1350  1
115:   0.2078  0.1598  0.2408  0.1638  0.2278  1
116:   0.2500  0.0570  0.3680  0.2080  0.1170  1
117:   0.1798  0.2957  0.1748  0.2418  0.1079  1
118:   0.2270  0.1600  0.2170  0.1860  0.2100  1
119:   0.2232  0.1181  0.2703  0.1852  0.2032  1
120:   0.2737  0.0420  0.5265  0.0839  0.0739  1
121:   0.1800  0.3240  0.1100  0.1980  0.1880  1
122:   0.1420  0.4810  0.1770  0.0960  0.1040  1
123:   0.1370  0.3670  0.1060  0.1120  0.2780  1
124:   0.1490  0.2900  0.1640  0.1350  0.2620  1
125:   0.2220  0.1280  0.2310  0.2120  0.2070  1
126:   0.2727  0.0579  0.4875  0.0899  0.0919  1
127:   0.0360  0.8530  0.0360  0.0370  0.0380  1
128:   0.2148  0.1309  0.2398  0.2937  0.1209  1
129:   0.2290  0.0360  0.2400  0.4280  0.0670  1
130:   0.2930  0.0490  0.1180  0.4450  0.0950  1
131:   0.2950  0.0510  0.1150  0.4540  0.0850  1
132:   0.2440  0.1300  0.1660  0.3050  0.1550  1
133:   0.1728  0.2597  0.1618  0.1548  0.2507  1
134:   0.2650  0.1070  0.1130  0.2920  0.2230  1
135:   0.2550  0.1340  0.1880  0.2610  0.1620  1
136:   0.2140  0.2160  0.2820  0.1270  0.1610  1
137:   0.0390  0.8438  0.0390  0.0380  0.0400  1
138:   0.0400  0.8412  0.0400  0.0380  0.0410  1
139:   0.2130  0.1040  0.1770  0.2450  0.2610  1
140:   0.2342  0.0831  0.1542  0.2583  0.2703  1
141:   0.2300  0.2080  0.1170  0.2530  0.1920  1
142:   0.2028  0.1389  0.1499  0.2068  0.3017  1
143:   0.1528  0.0629  0.1219  0.1429  0.5195  1
144:   0.2040  0.1690  0.2140  0.2460  0.1670  1
145:   0.2018  0.2118  0.1159  0.2098  0.2607  1
146:   0.2478  0.0400  0.3427  0.2028  0.1668  1
147:   0.2080  0.2210  0.1530  0.1970  0.2210  1
148:   0.2547  0.0929  0.2517  0.2158  0.1848  1
149:   0.2140  0.1680  0.1710  0.2010  0.2460  1
150:   0.2260  0.0650  0.1740  0.2640  0.2710  1
151:   0.1890  0.2960  0.2060  0.1370  0.1720  1
152:   0.2100  0.1470  0.1590  0.1930  0.2910  1
153:   0.2260  0.1000  0.1640  0.2450  0.2650  1
154:   0.1450  0.4180  0.1020  0.1400  0.1950  1
155:   0.2080  0.2570  0.1160  0.2350  0.1840  1
156:   0.2220  0.1020  0.2370  0.2720  0.1670  1
157:   0.1980  0.1590  0.1260  0.2800  0.2370  1
158:   0.1920  0.1440  0.1220  0.2760  0.2660  1
159:   0.2597  0.1269  0.1039  0.3187  0.1908  1
160:   0.1690  0.1400  0.0890  0.1750  0.4270  1
161:   0.0801  0.6466  0.0651  0.0801  0.1281  1
162:   0.2120  0.1110  0.1800  0.3130  0.1840  1
163:   0.2292  0.1301  0.3854  0.1171  0.1381  1
164:   0.2412  0.0911  0.3514  0.1932  0.1231  1
165:   0.1080  0.5640  0.0900  0.0940  0.1440  1
166:   0.2138  0.1758  0.1878  0.2188  0.2038  1
167:   0.2342  0.1902  0.1752  0.2282  0.1722  1
168:   0.2312  0.1572  0.2703  0.1642  0.1772  1
169:   0.2520  0.0860  0.1050  0.3180  0.2390  1
170:   0.1518  0.4076  0.1359  0.1309  0.1738  1
171:   0.2590  0.0640  0.1440  0.4090  0.1240  1
172:   0.1461  0.3814  0.1752  0.1552  0.1421  1
173:   0.1341  0.3854  0.1722  0.0891  0.2192  1
174:   0.2282  0.1111  0.2142  0.1782  0.2683  1
175:   0.2028  0.2118  0.3087  0.0909  0.1858  1
176:   0.2108  0.1439  0.1548  0.2577  0.2328  1
177:   0.2130  0.2580  0.3940  0.0610  0.0740  1
178:   0.2152  0.2112  0.1261  0.2663  0.1812  1
179:   0.2570  0.0710  0.1870  0.3240  0.1610  1
180:   0.2503  0.0551  0.2843  0.2102  0.2002  1
181:   0.1800  0.3020  0.2020  0.2050  0.1110  1
182:   0.2240  0.1080  0.2960  0.1570  0.2150  1
183:   0.1770  0.2680  0.0900  0.1860  0.2790  1
184:   0.1610  0.4080  0.1140  0.1560  0.1610  1
185:   0.2260  0.0440  0.2440  0.4220  0.0640  1
186:   0.2280  0.0430  0.2430  0.4220  0.0640  1
187:   0.2240  0.0910  0.1590  0.1720  0.3540  1
188:   0.2470  0.0820  0.1590  0.2540  0.2580  1
189:   0.1922  0.2372  0.2703  0.1251  0.1752  1
190:   0.2132  0.1191  0.2743  0.1471  0.2462  1
191:   0.1772  0.2643  0.1872  0.1391  0.2322  1
192:   0.0790  0.6480  0.0660  0.0780  0.1290  1
193:   0.2060  0.1910  0.2240  0.1450  0.2340  1
194:   0.1598  0.2428  0.1479  0.1928  0.2567  1
195:   0.1940  0.1570  0.2220  0.1350  0.2920  1
196:   0.2468  0.1199  0.1169  0.3516  0.1648  1
197:   0.1772  0.3473  0.2743  0.0871  0.1141  1
198:   0.1820  0.2580  0.1420  0.2260  0.1920  1
199:   0.2070  0.2000  0.2040  0.2340  0.1550  1
200:   0.2010  0.1220  0.2240  0.2180  0.2350  1
201:   0.2310  0.0530  0.1390  0.2690  0.3080  1
202:   0.1578  0.3307  0.0929  0.1568  0.2617  1
203:   0.2887  0.0629  0.1249  0.3646  0.1588  1
204:   0.1940  0.1230  0.1940  0.2610  0.2280  1
205:   0.2312  0.1522  0.2723  0.1722  0.1722  1
206:   0.1860  0.1340  0.2310  0.1320  0.3170  1
207:   0.2350  0.2340  0.0990  0.2730  0.1590  1
208:   0.1868  0.2398  0.1149  0.2078  0.2507  1
209:   0.1580  0.3760  0.1380  0.1820  0.1460  1
210:   0.1200  0.4790  0.0980  0.1190  0.1840  1
211:   0.1440  0.3780  0.1020  0.1620  0.2140  1
212:   0.1522  0.2523  0.1301  0.1431  0.3223  1
213:   0.1810  0.0750  0.1660  0.1400  0.4380  1
214:   0.1670  0.1760  0.1410  0.1710  0.3450  1
215:   0.2240  0.0540  0.2060  0.3620  0.1540  1
216:   0.2200  0.2120  0.4200  0.0760  0.0720  1
217:   0.2288  0.1918  0.1558  0.2587  0.1648  1
218:   0.1948  0.0789  0.1698  0.2348  0.3217  1
219:   0.2202  0.1822  0.1632  0.2633  0.1712  1
220:   0.1830  0.2090  0.1770  0.2000  0.2310  1
221:   0.2118  0.1948  0.1858  0.2478  0.1598  1
222:   0.2210  0.1150  0.1740  0.2970  0.1930  1
223:   0.1870  0.2330  0.1830  0.2030  0.1940  1
224:   0.1910  0.2920  0.1160  0.2040  0.1970  1
225:   0.1630  0.1310  0.1440  0.1520  0.4100  1
226:   0.0860  0.6810  0.0790  0.0840  0.0700  1
227:   0.1550  0.0750  0.1190  0.1680  0.4830  1
228:   0.2637  0.0779  0.1838  0.2977  0.1768  1
229:   0.2128  0.1079  0.3027  0.1678  0.2088  1
230:   0.1910  0.2250  0.1990  0.1990  0.1860  1
231:   0.1758  0.3097  0.1578  0.1688  0.1878  1
232:   0.2230  0.0880  0.2500  0.2310  0.2080  1
233:   0.1690  0.3960  0.2970  0.0610  0.0770  1
234:   0.2580  0.0670  0.2420  0.2810  0.1520  1
235:   0.1160  0.3730  0.0970  0.1010  0.3130  1
236:   0.2260  0.1490  0.3750  0.1040  0.1460  1
237:   0.2110  0.1470  0.2260  0.2240  0.1920  1
238:   0.2200  0.2090  0.3810  0.0900  0.1000  1
239:   0.2230  0.1060  0.2790  0.1720  0.2200  1
240:   0.1992  0.1191  0.1572  0.2533  0.2713  1
241:   0.2202  0.1231  0.3473  0.1722  0.1371  1
242:   0.2098  0.2657  0.3786  0.0619  0.0839  1
243:   0.2160  0.0740  0.1710  0.2200  0.3190  1
244:   0.2210  0.1640  0.1200  0.2610  0.2340  1
245:   0.2232  0.1872  0.2042  0.2212  0.1642  1
246:   0.1750  0.2620  0.1610  0.2090  0.1930  1
247:   0.2280  0.1840  0.2160  0.2450  0.1270  1
248:   0.1870  0.3070  0.2170  0.1250  0.1640  1
249:   0.2440  0.0820  0.2080  0.2970  0.1690  1
250:   0.2018  0.1499  0.2537  0.2378  0.1568  1
251:   0.1580  0.3880  0.1590  0.1340  0.1610  1
252:   0.2500  0.1180  0.1700  0.2700  0.1920  1
253:   0.2260  0.0990  0.3000  0.1560  0.2190  1
254:   0.2010  0.1520  0.1620  0.1690  0.3160  1
255:   0.2098  0.2068  0.2707  0.1648  0.1479  1
256:   0.2230  0.1010  0.3450  0.0970  0.2340  1
257:   0.2492  0.1321  0.4795  0.0661  0.0731  1
258:   0.2160  0.1780  0.2820  0.1670  0.1570  1
259:   0.1920  0.1450  0.1980  0.1220  0.3430  1
260:   0.2152  0.1632  0.2953  0.1341  0.1922  1
261:   0.1838  0.2218  0.1768  0.2268  0.1908  1
262:   0.2328  0.1229  0.3756  0.1459  0.1229  1
263:   0.2210  0.1900  0.1270  0.2670  0.1950  1
264:   0.2210  0.1590  0.2390  0.1690  0.2120  1
265:   0.1790  0.3330  0.2300  0.1260  0.1320  1
266:   0.2208  0.1199  0.2088  0.2817  0.1688  1
267:   0.2078  0.1349  0.2038  0.2238  0.2298  1
268:   0.2290  0.0950  0.3610  0.1160  0.1990  1
269:   0.2352  0.0691  0.2513  0.1552  0.2893  1
270:   0.2282  0.0951  0.3303  0.1481  0.1982  1

  1:   0.2100  0.1130  0.1650  0.4110  0.1010  1
  2:   0.1270  0.1000  0.0700  0.1780  0.5250  1
  3:   0.1760  0.2700  0.1710  0.1860  0.1970  1
  4:   0.0591  0.0691  0.6817  0.1171  0.0731  1
  5:   0.2298  0.2318  0.1888  0.1369  0.2128  1
  6:   0.0789  0.4256  0.3047  0.0899  0.1009  1
  7:   0.2350  0.1390  0.0730  0.4090  0.1440  1
  8:   0.1429  0.1568  0.3477  0.1628  0.1898  1
  9:   0.3400  0.2230  0.1000  0.1810  0.1560  1
 10:   0.1720  0.3930  0.0910  0.1300  0.2140  1
 11:   0.1220  0.5250  0.1560  0.0830  0.1140  1
 12:   0.0781  0.4474  0.2853  0.0851  0.1041  1
 13:   0.1740  0.0920  0.3220  0.2650  0.1470  1
 14:   0.2930  0.1110  0.1180  0.3010  0.1770  1
 15:   0.2607  0.1229  0.1389  0.1638  0.3137  1
 16:   0.1740  0.0770  0.1000  0.3700  0.2790  1
 17:   0.1480  0.2330  0.2640  0.1920  0.1630  1
 18:   0.0950  0.2470  0.1730  0.1200  0.3650  1
 19:   0.2830  0.0930  0.1710  0.1030  0.3500  1
 20:   0.2820  0.1590  0.1400  0.2190  0.2000  1
 21:   0.1628  0.1179  0.2907  0.1858  0.2428  1
 22:   0.1970  0.0830  0.1940  0.2630  0.2630  1
 23:   0.2000  0.1330  0.1210  0.3410  0.2050  1
 24:   0.1692  0.1992  0.1502  0.2823  0.1992  1
 25:   0.2068  0.2947  0.1638  0.1798  0.1548  1
 26:   0.3243  0.1411  0.1081  0.1732  0.2533  1
 27:   0.3070  0.0910  0.1090  0.2890  0.2040  1
 28:   0.1720  0.1220  0.3310  0.1200  0.2550  1
 29:   0.2620  0.1700  0.1040  0.1530  0.3110  1
 30:   0.1768  0.1299  0.1299  0.2058  0.3576  1
 31:   0.2610  0.1920  0.1040  0.2560  0.1870  1
 32:   0.3030  0.1600  0.1890  0.1590  0.1890  1
 33:   0.1672  0.2342  0.1632  0.1702  0.2653  1
 34:   0.1862  0.0851  0.1672  0.1702  0.3914  1
 35:   0.1420  0.0840  0.0790  0.1710  0.5240  1
 36:   0.1650  0.0840  0.1820  0.1270  0.4420  1
 37:   0.1668  0.1778  0.2368  0.1968  0.2218  1
 38:   0.1560  0.2590  0.2670  0.1570  0.1610  1
 39:   0.2813  0.0901  0.1451  0.1532  0.3303  1
 40:   0.1280  0.5480  0.1030  0.1060  0.1150  1
 41:   0.1692  0.1401  0.0621  0.1562  0.4725  1
 42:   0.2138  0.1818  0.0759  0.2108  0.3177  1
 43:   0.2300  0.0740  0.1430  0.2570  0.2960  1
 44:   0.1880  0.4390  0.0960  0.0980  0.1790  1
 45:   0.2360  0.1320  0.2470  0.1540  0.2310  1
 46:   0.2132  0.0881  0.1512  0.2543  0.2933  1
 47:   0.1772  0.3033  0.0891  0.1001  0.3303  1
 48:   0.2068  0.2228  0.1119  0.1858  0.2727  1
 49:   0.1489  0.0909  0.1449  0.2018  0.4136  1
 50:   0.1880  0.4180  0.0870  0.1900  0.1170  1
 51:   0.1590  0.0910  0.3250  0.1860  0.2390  1
 52:   0.1620  0.2500  0.1420  0.2070  0.2390  1
 53:   0.1219  0.0879  0.5185  0.1099  0.1618  1
 54:   0.1982  0.1161  0.2482  0.1842  0.2533  1
 55:   0.1379  0.1489  0.4146  0.1558  0.1429  1
 56:   0.0971  0.2753  0.3944  0.1121  0.1211  1
 57:   0.1600  0.2600  0.1210  0.2060  0.2530  1
 58:   0.1240  0.4000  0.1860  0.1140  0.1760  1
 59:   0.1209  0.2997  0.3437  0.1169  0.1189  1
 60:   0.2120  0.0530  0.1890  0.4530  0.0930  1
 61:   0.2490  0.1560  0.2540  0.1470  0.1940  1
 62:   0.1548  0.1508  0.1748  0.2817  0.2378  1
 63:   0.3083  0.1051  0.1201  0.1892  0.2773  1
 64:   0.2142  0.1401  0.0691  0.3734  0.2032  1
 65:   0.1340  0.3470  0.2340  0.1540  0.1310  1
 66:   0.2110  0.2320  0.0720  0.2680  0.2170  1
 67:   0.1570  0.2850  0.2670  0.1600  0.1310  1
 68:   0.1580  0.1820  0.3190  0.1480  0.1930  1
 69:   0.1910  0.1360  0.2720  0.1300  0.2710  1
 70:   0.2010  0.1020  0.2800  0.1570  0.2600  1
 71:   0.1660  0.1000  0.2960  0.1830  0.2550  1
 72:   0.1330  0.2250  0.3760  0.1070  0.1590  1
 73:   0.3390  0.0740  0.2580  0.1810  0.1480  1
 74:   0.2042  0.0841  0.2623  0.1802  0.2693  1
 75:   0.1870  0.0900  0.1610  0.2650  0.2970  1
 76:   0.2330  0.1450  0.1780  0.2060  0.2380  1
 77:   0.2188  0.0909  0.2288  0.0999  0.3616  1
 78:   0.0780  0.0820  0.6500  0.1190  0.0710  1
 79:   0.1530  0.1790  0.3000  0.2330  0.1350  1
 80:   0.1970  0.1360  0.1330  0.3740  0.1600  1
 81:   0.2108  0.1179  0.2098  0.1229  0.3387  1
 82:   0.2050  0.1320  0.1930  0.3510  0.1190  1
 83:   0.2060  0.0800  0.1370  0.3900  0.1870  1
 84:   0.2160  0.0660  0.1910  0.1980  0.3290  1
 85:   0.1838  0.0689  0.1568  0.1189  0.4715  1
 86:   0.1260  0.2130  0.2260  0.1240  0.3110  1
 87:   0.1788  0.3726  0.0859  0.2418  0.1209  1
 88:   0.2412  0.1151  0.2763  0.1732  0.1942  1
 89:   0.2090  0.0380  0.0410  0.6570  0.0550  1
 90:   0.2352  0.2282  0.0941  0.2913  0.1512  1
 91:   0.1768  0.3307  0.1998  0.1249  0.1678  1
 92:   0.2062  0.1331  0.1692  0.2933  0.1982  1
 93:   0.2200  0.0340  0.0440  0.6400  0.0620  1
 94:   0.1770  0.1540  0.1700  0.2690  0.2300  1
 95:   0.2278  0.1449  0.1878  0.1578  0.2817  1
 96:   0.4865  0.0739  0.1259  0.1838  0.1299  1
 97:   0.0830  0.6680  0.1010  0.0650  0.0830  1
 98:   0.2767  0.0999  0.2488  0.1828  0.1918  1
 99:   0.0720  0.0440  0.6610  0.1480  0.0750  1
100:   0.1592  0.1722  0.2823  0.1161  0.2703  1
101:   0.2200  0.0820  0.1810  0.3690  0.1480  1
102:   0.1330  0.0580  0.4750  0.1430  0.1910  1
103:   0.3303  0.0791  0.0981  0.1572  0.3353  1
104:   0.2770  0.1870  0.1430  0.1700  0.2230  1
105:   0.1880  0.0970  0.2300  0.2860  0.1990  1
106:   0.4955  0.0531  0.1071  0.2082  0.1361  1
107:   0.1720  0.1130  0.2560  0.2830  0.1760  1
108:   0.3450  0.1550  0.1210  0.2370  0.1420  1
109:   0.1518  0.1638  0.2767  0.1309  0.2767  1
110:   0.2282  0.2923  0.1471  0.1421  0.1902  1
111:   0.1400  0.0970  0.1030  0.1950  0.4650  1
112:   0.2030  0.1060  0.1430  0.3490  0.1990  1
113:   0.1600  0.3500  0.1610  0.1360  0.1930  1
114:   0.4985  0.0531  0.1061  0.2072  0.1351  1
115:   0.1870  0.1600  0.2740  0.1430  0.2360  1
116:   0.1520  0.0540  0.3800  0.3060  0.1080  1
117:   0.1760  0.2870  0.1030  0.3260  0.1080  1
118:   0.2338  0.1668  0.2448  0.1499  0.2048  1
119:   0.1840  0.1130  0.2850  0.1860  0.2320  1
120:   0.0730  0.0430  0.6570  0.1500  0.0770  1
121:   0.2330  0.3380  0.1090  0.1420  0.1780  1
122:   0.1230  0.4620  0.2380  0.0840  0.0930  1
123:   0.1400  0.3890  0.1070  0.0990  0.2650  1
124:   0.1159  0.2867  0.1578  0.1648  0.2747  1
125:   0.2238  0.1249  0.2398  0.1918  0.2198  1
126:   0.0920  0.0610  0.6300  0.1310  0.0860  1
127:   0.0360  0.8550  0.0360  0.0350  0.0380  1
128:   0.2030  0.1240  0.1580  0.3980  0.1170  1
129:   0.2200  0.0340  0.0450  0.6420  0.0590  1
130:   0.4610  0.0460  0.1180  0.2820  0.0930  1
131:   0.4595  0.0501  0.1171  0.2843  0.0891  1
132:   0.3040  0.1380  0.1200  0.2860  0.1520  1
133:   0.1900  0.2690  0.1630  0.1300  0.2480  1
134:   0.3700  0.1050  0.1250  0.1530  0.2470  1
135:   0.3656  0.1419  0.2058  0.1469  0.1399  1
136:   0.1360  0.2110  0.3800  0.1290  0.1440  1
137:   0.0370  0.8430  0.0400  0.0390  0.0410  1
138:   0.0370  0.8438  0.0400  0.0390  0.0400  1
139:   0.2190  0.1010  0.1650  0.2240  0.2910  1
140:   0.2680  0.0890  0.1140  0.2470  0.2820  1
141:   0.3493  0.2052  0.1221  0.1461  0.1772  1
142:   0.2320  0.1410  0.1470  0.1600  0.3200  1
143:   0.1389  0.0619  0.1139  0.1279  0.5574  1
144:   0.1990  0.1740  0.1500  0.3100  0.1670  1
145:   0.2713  0.2172  0.1171  0.1341  0.2603  1
146:   0.1620  0.0390  0.3500  0.2950  0.1540  1
147:   0.2810  0.2220  0.1570  0.1380  0.2020  1
148:   0.2753  0.0941  0.2713  0.1852  0.1742  1
149:   0.2430  0.1840  0.1510  0.1790  0.2430  1
150:   0.2418  0.0639  0.1459  0.2577  0.2907  1
151:   0.1660  0.2880  0.2590  0.1150  0.1720  1
152:   0.2470  0.1520  0.1600  0.1610  0.2800  1
153:   0.2967  0.1019  0.1758  0.1608  0.2647  1
154:   0.1850  0.4340  0.0880  0.1180  0.1750  1
155:   0.2877  0.2647  0.1289  0.1249  0.1938  1
156:   0.2282  0.0971  0.1862  0.3353  0.1532  1
157:   0.2142  0.1481  0.0611  0.3173  0.2593  1
158:   0.2130  0.1370  0.0610  0.3130  0.2760  1
159:   0.4036  0.1349  0.1159  0.1558  0.1898  1
160:   0.2122  0.1411  0.0831  0.1191  0.4444  1
161:   0.0869  0.6603  0.0689  0.0629  0.1209  1
162:   0.2232  0.1071  0.0841  0.3974  0.1882  1
163:   0.1080  0.1280  0.4790  0.1500  0.1350  1
164:   0.1460  0.0850  0.3880  0.2610  0.1200  1
165:   0.1190  0.5830  0.0790  0.0870  0.1320  1
166:   0.2580  0.1810  0.1880  0.1810  0.1920  1
167:   0.3023  0.1952  0.1972  0.1441  0.1612  1
168:   0.2108  0.1439  0.3566  0.1199  0.1688  1
169:   0.4124  0.0831  0.1071  0.1602  0.2372  1
170:   0.1431  0.4364  0.1381  0.1191  0.1632  1
171:   0.3870  0.0600  0.1160  0.3250  0.1120  1
172:   0.1281  0.3734  0.1562  0.1962  0.1461  1
173:   0.0900  0.3790  0.2080  0.0960  0.2270  1
174:   0.2653  0.1201  0.2482  0.1261  0.2402  1
175:   0.1091  0.2112  0.3864  0.0971  0.1962  1
176:   0.2252  0.1401  0.1021  0.2843  0.2482  1
177:   0.0680  0.2590  0.5060  0.0980  0.0690  1
178:   0.3160  0.2200  0.1070  0.1870  0.1700  1
179:   0.3530  0.0650  0.1570  0.2630  0.1620  1
180:   0.2340  0.0530  0.3130  0.1960  0.2040  1
181:   0.1652  0.2863  0.1872  0.2462  0.1151  1
182:   0.1810  0.1160  0.3220  0.1620  0.2190  1
183:   0.2282  0.2803  0.0961  0.1031  0.2923  1
184:   0.2012  0.4404  0.1061  0.1151  0.1371  1
185:   0.2080  0.0410  0.0450  0.6490  0.0570  1
186:   0.2090  0.0420  0.0460  0.6480  0.0550  1
187:   0.2452  0.0961  0.1742  0.1211  0.3634  1
188:   0.3180  0.0780  0.1590  0.1800  0.2650  1
189:   0.1430  0.2340  0.3310  0.1230  0.1690  1
190:   0.1580  0.1180  0.3330  0.1580  0.2330  1
191:   0.1700  0.2680  0.2220  0.1210  0.2190  1
192:   0.0850  0.6570  0.0700  0.0630  0.1250  1
193:   0.1720  0.1900  0.2940  0.1150  0.2290  1
194:   0.1580  0.2380  0.1180  0.2260  0.2600  1
195:   0.1528  0.1568  0.2657  0.1459  0.2787  1
196:   0.3740  0.1150  0.1220  0.2270  0.1620  1
197:   0.0861  0.3443  0.3453  0.1111  0.1131  1
198:   0.2130  0.2640  0.0830  0.2500  0.1900  1
199:   0.2170  0.1940  0.1940  0.2440  0.1510  1
200:   0.1832  0.1191  0.1672  0.3123  0.2182  1
201:   0.2727  0.0549  0.1169  0.2348  0.3207  1
202:   0.2010  0.3410  0.0800  0.1250  0.2530  1
203:   0.4705  0.0611  0.1311  0.1882  0.1491  1
204:   0.1972  0.1181  0.1181  0.3554  0.2112  1
205:   0.1840  0.1480  0.3260  0.1770  0.1650  1
206:   0.1280  0.1330  0.2860  0.1530  0.3000  1
207:   0.3570  0.2380  0.1180  0.1270  0.1600  1
208:   0.2340  0.2530  0.1310  0.1270  0.2550  1
209:   0.1670  0.3680  0.1100  0.2050  0.1500  1
210:   0.1250  0.4940  0.0940  0.1080  0.1790  1
211:   0.1620  0.3720  0.0990  0.1320  0.2350  1
212:   0.1499  0.2637  0.1189  0.1568  0.3107  1
213:   0.1718  0.0819  0.1768  0.0979  0.4715  1
214:   0.1650  0.1730  0.1490  0.1540  0.3590  1
215:   0.2180  0.0540  0.0630  0.5070  0.1580  1
216:   0.0620  0.2010  0.5300  0.1340  0.0730  1
217:   0.3037  0.1888  0.1409  0.2068  0.1598  1
218:   0.2048  0.0759  0.1299  0.2677  0.3217  1
219:   0.2720  0.1710  0.1560  0.2260  0.1750  1
220:   0.1888  0.1948  0.1678  0.1948  0.2537  1
221:   0.2248  0.1998  0.1289  0.2857  0.1608  1
222:   0.2300  0.1040  0.1060  0.3580  0.2020  1
223:   0.1860  0.2470  0.1310  0.2480  0.1880  1
224:   0.2840  0.3080  0.1150  0.1220  0.1710  1
225:   0.1449  0.1259  0.1349  0.1578  0.4366  1
226:   0.0890  0.6890  0.0880  0.0640  0.0700  1
227:   0.1430  0.0740  0.0860  0.1860  0.5110  1
228:   0.3407  0.0849  0.1678  0.2408  0.1658  1
229:   0.1340  0.1130  0.2940  0.2380  0.2210  1
230:   0.1802  0.2162  0.2262  0.1862  0.1912  1
231:   0.1920  0.3280  0.1320  0.1620  0.1860  1
232:   0.2108  0.0899  0.2218  0.2597  0.2178  1
233:   0.0630  0.3760  0.4070  0.0850  0.0690  1
234:   0.2750  0.0630  0.2710  0.2400  0.1510  1
235:   0.1030  0.3540  0.1100  0.0790  0.3540  1
236:   0.1111  0.1512  0.4715  0.1291  0.1371  1
237:   0.1850  0.1410  0.2080  0.2570  0.2090  1
238:   0.0870  0.2040  0.4800  0.1270  0.1020  1
239:   0.1880  0.1070  0.3210  0.1620  0.2220  1
240:   0.2170  0.1120  0.1130  0.2770  0.2810  1
241:   0.1271  0.1171  0.3604  0.2573  0.1381  1
242:   0.0650  0.2530  0.5030  0.0960  0.0830  1
243:   0.2338  0.0799  0.1548  0.2018  0.3297  1
244:   0.3110  0.1600  0.1190  0.1620  0.2480  1
245:   0.2470  0.1920  0.1970  0.2000  0.1640  1
246:   0.1740  0.2610  0.1250  0.2330  0.2070  1
247:   0.2580  0.1860  0.2470  0.1840  0.1250  1
248:   0.1720  0.3190  0.2560  0.1060  0.1470  1
249:   0.2967  0.0839  0.2168  0.2378  0.1648  1
250:   0.1730  0.1430  0.2130  0.3200  0.1510  1
251:   0.1540  0.3790  0.2030  0.1170  0.1470  1
252:   0.3363  0.1161  0.1622  0.2062  0.1792  1
253:   0.1642  0.0991  0.3453  0.1632  0.2282  1
254:   0.2162  0.1522  0.1732  0.1411  0.3173  1
255:   0.1620  0.2070  0.3070  0.1800  0.1440  1
256:   0.1019  0.0969  0.4496  0.1079  0.2438  1
257:   0.0721  0.1321  0.6136  0.1131  0.0691  1
258:   0.1590  0.1780  0.3070  0.2010  0.1550  1
259:   0.1600  0.1440  0.2520  0.1110  0.3330  1
260:   0.1400  0.1660  0.3500  0.1710  0.1730  1
261:   0.1840  0.2170  0.1630  0.2570  0.1790  1
262:   0.1349  0.1209  0.4496  0.1748  0.1199  1
263:   0.3040  0.2000  0.1150  0.2040  0.1770  1
264:   0.2078  0.1578  0.2707  0.1598  0.2038  1
265:   0.1480  0.3200  0.2790  0.1190  0.1340  1
266:   0.2172  0.1181  0.1652  0.3313  0.1682  1
267:   0.2030  0.1360  0.1670  0.2750  0.2190  1
268:   0.1090  0.0900  0.4410  0.1610  0.1990  1
269:   0.2180  0.0700  0.2910  0.1330  0.2880  1
270:   0.1420  0.0960  0.3730  0.1720  0.2170  1

  1:   0.1231  0.1191  0.1782  0.4765  0.1031  1
  2:   0.1230  0.1150  0.0690  0.1980  0.4950  1
  3:   0.1600  0.2860  0.1700  0.2070  0.1770  1
  4:   0.0671  0.0671  0.7297  0.0601  0.0761  1
  5:   0.2630  0.2230  0.1870  0.1170  0.2100  1
  6:   0.0929  0.4116  0.3207  0.0649  0.1099  1
