  1:   0.1609  0.1154  0.1859  0.4270  0.1108  1
  2:   0.1554  0.1050  0.0768  0.1912  0.4715  1
  3:   0.1704  0.2707  0.1714  0.2024  0.1850  1
  4:   0.1044  0.0666  0.6733  0.0826  0.0730  1
  5:   0.2382  0.2312  0.1820  0.1318  0.2168  1
  6:   0.0974  0.4253  0.2983  0.0748  0.1042  1
  7:   0.1902  0.1418  0.0886  0.4299  0.1494  1
  8:   0.1673  0.1489  0.3447  0.1475  0.1915  1
  9:   0.3262  0.2310  0.0878  0.1954  0.1596  1
 10:   0.1724  0.3863  0.0932  0.1228  0.2252  1
 11:   0.1294  0.5321  0.1514  0.0772  0.1098  1
 12:   0.0979  0.4392  0.2840  0.0735  0.1055  1
 13:   0.1681  0.0940  0.3299  0.2581  0.1499  1
 14:   0.2656  0.1162  0.1238  0.3103  0.1842  1
 15:   0.2677  0.1232  0.1300  0.1640  0.3151  1
 16:   0.1552  0.0770  0.1240  0.3865  0.2574  1
 17:   0.1540  0.2292  0.2691  0.1814  0.1664  1
 18:   0.1286  0.2469  0.1715  0.1160  0.3371  1
 19:   0.2996  0.0884  0.1644  0.1024  0.3451  1
 20:   0.2677  0.1546  0.1370  0.2344  0.2064  1
 21:   0.1821  0.1202  0.2891  0.1771  0.2315  1
 22:   0.1900  0.0816  0.2024  0.2751  0.2510  1
 23:   0.1686  0.1348  0.1400  0.3529  0.2036  1
 24:   0.1588  0.1950  0.1598  0.2885  0.1980  1
 25:   0.1996  0.2959  0.1628  0.1856  0.1562  1
 26:   0.3273  0.1400  0.1028  0.1802  0.2498  1
 27:   0.2947  0.0910  0.1088  0.2991  0.2064  1
 28:   0.1998  0.1202  0.3177  0.1076  0.2546  1
 29:   0.2850  0.1684  0.0958  0.1526  0.2983  1
 30:   0.1924  0.1322  0.1328  0.2204  0.3223  1
 31:   0.2384  0.1938  0.1020  0.2836  0.1822  1
 32:   0.3027  0.1580  0.1790  0.1556  0.2046  1
 33:   0.1700  0.2304  0.1654  0.1770  0.2571  1
 34:   0.2015  0.0860  0.1601  0.1783  0.3741  1
 35:   0.1682  0.0836  0.0828  0.1934  0.4720  1
 36:   0.1898  0.0848  0.1830  0.1222  0.4203  1
 37:   0.1753  0.1773  0.2413  0.1849  0.2213  1
 38:   0.1682  0.2637  0.2557  0.1448  0.1676  1
 39:   0.2894  0.0890  0.1378  0.1602  0.3236  1
 40:   0.1247  0.5512  0.1024  0.1018  0.1200  1
 41:   0.1931  0.1441  0.0610  0.1631  0.4388  1
 42:   0.2169  0.1802  0.0776  0.2130  0.3123  1
 43:   0.2244  0.0738  0.1480  0.2614  0.2925  1
 44:   0.1952  0.4406  0.0898  0.0982  0.1762  1
 45:   0.2483  0.1338  0.2374  0.1494  0.2312  1
 46:   0.2063  0.0852  0.1621  0.2527  0.2937  1
 47:   0.1966  0.2869  0.0880  0.0976  0.3309  1
 48:   0.2161  0.2265  0.1114  0.1861  0.2599  1
 49:   0.1691  0.0888  0.1470  0.2036  0.3915  1
 50:   0.1714  0.4226  0.0910  0.1934  0.1216  1
 51:   0.1780  0.0894  0.3302  0.1730  0.2294  1
 52:   0.1643  0.2521  0.1403  0.2147  0.2285  1
 53:   0.1604  0.0830  0.5079  0.0892  0.1596  1
 54:   0.2107  0.1163  0.2377  0.1813  0.2540  1
 55:   0.1602  0.1492  0.4119  0.1364  0.1424  1
 56:   0.1178  0.2835  0.3807  0.0928  0.1252  1
 57:   0.1569  0.2649  0.1278  0.2047  0.2457  1
 58:   0.1344  0.3914  0.1912  0.1118  0.1712  1
 59:   0.1390  0.2948  0.3426  0.1016  0.1220  1
 60:   0.1638  0.0528  0.2038  0.4769  0.1026  1
 61:   0.2628  0.1574  0.2414  0.1348  0.2036  1
 62:   0.1597  0.1493  0.1887  0.2756  0.2268  1
 63:   0.3222  0.1082  0.1086  0.2002  0.2608  1
 64:   0.1746  0.1390  0.0880  0.3949  0.2034  1
 65:   0.1260  0.3440  0.2454  0.1456  0.1390  1
 66:   0.1930  0.2422  0.0798  0.2673  0.2178  1
 67:   0.1657  0.2801  0.2697  0.1507  0.1339  1
 68:   0.1758  0.1806  0.3103  0.1330  0.2002  1
 69:   0.2152  0.1306  0.2701  0.1114  0.2727  1
 70:   0.2234  0.1032  0.2634  0.1388  0.2712  1
 71:   0.1862  0.0984  0.2840  0.1764  0.2551  1
 72:   0.1470  0.2258  0.3815  0.0902  0.1556  1
 73:   0.3238  0.0746  0.2542  0.1874  0.1600  1
 74:   0.2169  0.0869  0.2507  0.1767  0.2688  1
 75:   0.1888  0.0904  0.1650  0.2691  0.2867  1
 76:   0.2364  0.1428  0.1818  0.1968  0.2421  1
 77:   0.2469  0.0886  0.2177  0.0834  0.3635  1
 78:   0.1176  0.0796  0.6468  0.0846  0.0714  1
 79:   0.1542  0.1779  0.3023  0.2229  0.1427  1
 80:   0.1585  0.1373  0.1563  0.3832  0.1645  1
 81:   0.2316  0.1168  0.2032  0.1088  0.3396  1
 82:   0.1724  0.1354  0.2028  0.3667  0.1226  1
 83:   0.1823  0.0810  0.1569  0.3899  0.1899  1
 84:   0.2234  0.0658  0.1902  0.2014  0.3191  1
 85:   0.2123  0.0666  0.1513  0.1176  0.4522  1
 86:   0.1482  0.2104  0.2324  0.1132  0.2958  1
 87:   0.1576  0.3845  0.0948  0.2435  0.1196  1
 88:   0.2451  0.1174  0.2673  0.1693  0.2009  1
 89:   0.1198  0.0380  0.0878  0.6835  0.0708  1
 90:   0.2025  0.2290  0.1020  0.3006  0.1658  1
 91:   0.1882  0.3287  0.1956  0.1240  0.1634  1
 92:   0.1938  0.1344  0.1784  0.2976  0.1958  1
 93:   0.1308  0.0352  0.0862  0.6708  0.0770  1
 94:   0.1656  0.1496  0.1738  0.2800  0.2310  1
 95:   0.2375  0.1423  0.1785  0.1441  0.2975  1
 96:   0.4649  0.0760  0.1052  0.1972  0.1568  1
 97:   0.0908  0.6557  0.1030  0.0620  0.0884  1
 98:   0.2804  0.0984  0.2394  0.1712  0.2106  1
 99:   0.1093  0.0420  0.6557  0.1186  0.0744  1
100:   0.1738  0.1776  0.2663  0.1146  0.2677  1
101:   0.1820  0.0866  0.1898  0.3806  0.1610  1
102:   0.1653  0.0594  0.4574  0.1267  0.1913  1
103:   0.3556  0.0826  0.0790  0.1662  0.3166  1
104:   0.2764  0.1914  0.1416  0.1622  0.2284  1
105:   0.1814  0.0984  0.2346  0.2914  0.1942  1
106:   0.4666  0.0546  0.0781  0.2445  0.1561  1
107:   0.1653  0.1152  0.2601  0.2851  0.1743  1
108:   0.3258  0.1606  0.1090  0.2508  0.1538  1
109:   0.1731  0.1543  0.2853  0.1206  0.2667  1
110:   0.2419  0.2857  0.1437  0.1381  0.1907  1
111:   0.1650  0.0976  0.1164  0.1974  0.4236  1
112:   0.1777  0.1128  0.1561  0.3547  0.1987  1
113:   0.1733  0.3427  0.1635  0.1299  0.1905  1
114:   0.4719  0.0548  0.0778  0.2432  0.1522  1
115:   0.2045  0.1617  0.2707  0.1327  0.2303  1
116:   0.1432  0.0554  0.3906  0.2944  0.1164  1
117:   0.1434  0.2945  0.1176  0.3329  0.1116  1
118:   0.2445  0.1648  0.2367  0.1398  0.2142  1
119:   0.1964  0.1138  0.2943  0.1800  0.2154  1
120:   0.1091  0.0418  0.6552  0.1196  0.0744  1
121:   0.2390  0.3342  0.0994  0.1414  0.1860  1
122:   0.1314  0.4624  0.2336  0.0728  0.0998  1
123:   0.1623  0.3813  0.1016  0.0906  0.2643  1
124:   0.1320  0.2883  0.1608  0.1594  0.2595  1
125:   0.2262  0.1258  0.2396  0.1962  0.2124  1
126:   0.1301  0.0588  0.6224  0.1012  0.0876  1
127:   0.0362  0.8554  0.0358  0.0350  0.0376  1
128:   0.1608  0.1246  0.1778  0.4139  0.1230  1
129:   0.1306  0.0346  0.0878  0.6710  0.0760  1
130:   0.4187  0.0470  0.0948  0.3323  0.1071  1
131:   0.4206  0.0508  0.0930  0.3356  0.1000  1
132:   0.2885  0.1365  0.1228  0.2885  0.1637  1
133:   0.2004  0.2664  0.1640  0.1248  0.2444  1
134:   0.3835  0.1076  0.1032  0.1610  0.2447  1
135:   0.3669  0.1394  0.1888  0.1404  0.1646  1
136:   0.1552  0.2108  0.3659  0.1156  0.1526  1
137:   0.0378  0.8434  0.0398  0.0386  0.0404  1
138:   0.0378  0.8434  0.0404  0.0382  0.0402  1
139:   0.2292  0.1028  0.1628  0.2376  0.2677  1
140:   0.2668  0.0868  0.1144  0.2505  0.2815  1
141:   0.3469  0.2066  0.1062  0.1456  0.1946  1
142:   0.2528  0.1384  0.1432  0.1614  0.3042  1
143:   0.1828  0.0622  0.1146  0.1324  0.5081  1
144:   0.1782  0.1716  0.1646  0.3165  0.1692  1
145:   0.2843  0.2131  0.1122  0.1315  0.2589  1
146:   0.1537  0.0394  0.3513  0.2893  0.1663  1
147:   0.2772  0.2262  0.1490  0.1278  0.2198  1
148:   0.2834  0.0930  0.2670  0.1726  0.1842  1
149:   0.2490  0.1804  0.1506  0.1752  0.2448  1
150:   0.2465  0.0650  0.1472  0.2625  0.2788  1
151:   0.1834  0.2947  0.2404  0.1072  0.1744  1
152:   0.2636  0.1484  0.1486  0.1478  0.2916  1
153:   0.3093  0.0990  0.1672  0.1578  0.2667  1
154:   0.1956  0.4262  0.0836  0.1076  0.1870  1
155:   0.2941  0.2675  0.1166  0.1294  0.1924  1
156:   0.1948  0.1012  0.1932  0.3447  0.1660  1
157:   0.1830  0.1610  0.0696  0.3533  0.2331  1
158:   0.1810  0.1482  0.0678  0.3458  0.2572  1
159:   0.4046  0.1366  0.0960  0.1649  0.1980  1
160:   0.2365  0.1413  0.0774  0.1208  0.4240  1
161:   0.0892  0.6537  0.0692  0.0648  0.1232  1
162:   0.1772  0.1092  0.1032  0.4236  0.1868  1
163:   0.1388  0.1252  0.4732  0.1288  0.1340  1
164:   0.1450  0.0876  0.3921  0.2528  0.1224  1
165:   0.1264  0.5743  0.0808  0.0812  0.1372  1
166:   0.2608  0.1804  0.1830  0.1728  0.2030  1
167:   0.3107  0.1953  0.1807  0.1379  0.1755  1
168:   0.2277  0.1474  0.3447  0.1074  0.1728  1
169:   0.4027  0.0832  0.0902  0.1764  0.2474  1
170:   0.1580  0.4253  0.1358  0.1114  0.1696  1
171:   0.3412  0.0618  0.1038  0.3641  0.1292  1
172:   0.1211  0.3750  0.1677  0.1901  0.1461  1
173:   0.1122  0.3815  0.2054  0.0880  0.2128  1
174:   0.2726  0.1161  0.2397  0.1129  0.2588  1
175:   0.1478  0.2084  0.3754  0.0774  0.1910  1
176:   0.2228  0.1452  0.1080  0.2856  0.2384  1
177:   0.1012  0.2506  0.5041  0.0716  0.0724  1
178:   0.3051  0.2209  0.0988  0.1907  0.1845  1
179:   0.3294  0.0688  0.1566  0.2788  0.1664  1
180:   0.2450  0.0540  0.3038  0.1924  0.2048  1
181:   0.1420  0.2972  0.1942  0.2512  0.1154  1
182:   0.1986  0.1090  0.3249  0.1468  0.2208  1
183:   0.2515  0.2725  0.0866  0.1046  0.2847  1
184:   0.2061  0.4326  0.1012  0.1086  0.1515  1
185:   0.1188  0.0412  0.0902  0.6792  0.0706  1
186:   0.1210  0.0414  0.0902  0.6770  0.0704  1
187:   0.2738  0.0932  0.1692  0.1074  0.3563  1
188:   0.3131  0.0816  0.1512  0.1880  0.2661  1
189:   0.1468  0.2346  0.3351  0.1148  0.1686  1
190:   0.1662  0.1188  0.3346  0.1476  0.2328  1
191:   0.1777  0.2641  0.2187  0.1137  0.2259  1
192:   0.0876  0.6545  0.0690  0.0646  0.1242  1
193:   0.2002  0.1910  0.2736  0.1080  0.2272  1
194:   0.1544  0.2455  0.1220  0.2274  0.2507  1
195:   0.1782  0.1566  0.2425  0.1360  0.2867  1
196:   0.3570  0.1192  0.1028  0.2508  0.1702  1
197:   0.1089  0.3355  0.3473  0.0964  0.1118  1
198:   0.1950  0.2659  0.0920  0.2539  0.1932  1
199:   0.2038  0.1998  0.1896  0.2529  0.1540  1
200:   0.1654  0.1196  0.1820  0.3083  0.2246  1
201:   0.2747  0.0538  0.1096  0.2470  0.3149  1
202:   0.2038  0.3376  0.0784  0.1204  0.2598  1
203:   0.4539  0.0618  0.1110  0.2050  0.1684  1
204:   0.1649  0.1221  0.1311  0.3618  0.2201  1
205:   0.1954  0.1492  0.3189  0.1656  0.1708  1
206:   0.1584  0.1326  0.2744  0.1378  0.2968  1
207:   0.3531  0.2447  0.0976  0.1376  0.1670  1
208:   0.2545  0.2405  0.1216  0.1331  0.2503  1
209:   0.1586  0.3789  0.1102  0.2028  0.1496  1
210:   0.1330  0.4857  0.0934  0.1054  0.1826  1
211:   0.1682  0.3795  0.0980  0.1372  0.2170  1
212:   0.1636  0.2548  0.1198  0.1460  0.3158  1
213:   0.2177  0.0762  0.1687  0.0932  0.4442  1
214:   0.1803  0.1750  0.1452  0.1612  0.3383  1
215:   0.1548  0.0538  0.0926  0.5373  0.1614  1
216:   0.0916  0.1988  0.5306  0.1066  0.0724  1
217:   0.2914  0.1948  0.1342  0.2108  0.1688  1
218:   0.1927  0.0782  0.1345  0.2821  0.3125  1
219:   0.2577  0.1755  0.1495  0.2403  0.1771  1
220:   0.1881  0.2033  0.1669  0.2023  0.2393  1
221:   0.2069  0.1959  0.1399  0.2901  0.1671  1
222:   0.1982  0.1118  0.1132  0.3775  0.1994  1
223:   0.1776  0.2438  0.1404  0.2462  0.1922  1
224:   0.2844  0.3078  0.1054  0.1146  0.1878  1
225:   0.1725  0.1267  0.1365  0.1555  0.4086  1
226:   0.0906  0.6911  0.0854  0.0638  0.0690  1
227:   0.1688  0.0754  0.0896  0.1848  0.4814  1
228:   0.3260  0.0838  0.1627  0.2480  0.1795  1
229:   0.1424  0.1096  0.3082  0.2292  0.2106  1
230:   0.1861  0.2137  0.2221  0.1893  0.1889  1
231:   0.1921  0.3229  0.1359  0.1607  0.1883  1
232:   0.2047  0.0870  0.2305  0.2673  0.2105  1
233:   0.0886  0.3714  0.4032  0.0650  0.0718  1
234:   0.2693  0.0656  0.2613  0.2520  0.1518  1
235:   0.1372  0.3597  0.1056  0.0804  0.3171  1
236:   0.1380  0.1452  0.4720  0.1074  0.1374  1
237:   0.1792  0.1448  0.2102  0.2631  0.2028  1
238:   0.1166  0.2008  0.4791  0.1030  0.1006  1
239:   0.2018  0.1046  0.3234  0.1532  0.2170  1
240:   0.2110  0.1138  0.1178  0.2845  0.2729  1
241:   0.1267  0.1206  0.3701  0.2465  0.1361  1
242:   0.0972  0.2485  0.5001  0.0720  0.0822  1
243:   0.2357  0.0770  0.1583  0.2139  0.3151  1
244:   0.3165  0.1590  0.1104  0.1700  0.2442  1
245:   0.2503  0.1928  0.1934  0.1928  0.1708  1
246:   0.1667  0.2607  0.1312  0.2409  0.2005  1
247:   0.2471  0.1825  0.2495  0.1885  0.1325  1
248:   0.1890  0.3137  0.2501  0.0882  0.1590  1
249:   0.2771  0.0828  0.2155  0.2539  0.1707  1
250:   0.1492  0.1430  0.2315  0.3228  0.1536  1
251:   0.1650  0.3861  0.1872  0.1078  0.1538  1
252:   0.3193  0.1176  0.1584  0.2136  0.1910  1
253:   0.1854  0.0986  0.3441  0.1518  0.2200  1
254:   0.2305  0.1523  0.1721  0.1337  0.3115  1
255:   0.1681  0.2033  0.3111  0.1705  0.1469  1
256:   0.1466  0.0980  0.4338  0.0874  0.2342  1
257:   0.1081  0.1307  0.6085  0.0809  0.0718  1
258:   0.1666  0.1772  0.3174  0.1838  0.1550  1
259:   0.1910  0.1436  0.2371  0.0970  0.3313  1
260:   0.1490  0.1636  0.3522  0.1542  0.1810  1
261:   0.1648  0.2212  0.1644  0.2668  0.1830  1
262:   0.1467  0.1212  0.4564  0.1567  0.1190  1
263:   0.2908  0.1956  0.1066  0.2140  0.1930  1
264:   0.2193  0.1593  0.2638  0.1475  0.2101  1
265:   0.1592  0.3188  0.2780  0.1080  0.1360  1
266:   0.1836  0.1192  0.1710  0.3549  0.1712  1
267:   0.1944  0.1354  0.1726  0.2714  0.2264  1
268:   0.1368  0.0934  0.4331  0.1422  0.1944  1
269:   0.2414  0.0690  0.2783  0.1172  0.2941  1
270:   0.1656  0.0956  0.3780  0.1600  0.2008  1
