  1:   0.3273  0.3411  0.3315  1
  2:   0.3305  0.3369  0.3327  1
  3:   0.3374  0.3276  0.3350  1
  4:   0.3553  0.3183  0.3263  1
  5:   0.3561  0.3173  0.3267  1
  6:   0.3210  0.3500  0.3290  1
  7:   0.3193  0.3459  0.3347  1
  8:   0.3575  0.3151  0.3273  1
  9:   0.3288  0.3358  0.3354  1
 10:   0.3435  0.3251  0.3313  1
 11:   0.3305  0.3329  0.3367  1
 12:   0.3284  0.3430  0.3286  1
 13:   0.3491  0.3219  0.3291  1
 14:   0.3294  0.3340  0.3366  1
 15:   0.3431  0.3217  0.3353  1
 16:   0.3419  0.3259  0.3321  1
 17:   0.3429  0.3275  0.3297  1
 18:   0.3395  0.3285  0.3321  1
 19:   0.3239  0.3401  0.3361  1
 20:   0.3332  0.3342  0.3326  1
 21:   0.3313  0.3353  0.3333  1
 22:   0.3297  0.3351  0.3353  1
 23:   0.3305  0.3377  0.3317  1
 24:   0.3171  0.3449  0.3379  1
 25:   0.3215  0.3463  0.3321  1
 26:   0.3215  0.3457  0.3327  1
 27:   0.3225  0.3453  0.3321  1
 28:   0.3239  0.3355  0.3407  1
 29:   0.3287  0.3411  0.3301  1
 30:   0.3257  0.3351  0.3393  1
 31:   0.3484  0.3232  0.3284  1
 32:   0.3297  0.3337  0.3365  1
 33:   0.3359  0.3291  0.3351  1
 34:   0.3373  0.3261  0.3365  1
 35:   0.3329  0.3307  0.3365  1
 36:   0.3179  0.3539  0.3283  1
 37:   0.3601  0.3137  0.3263  1
 38:   0.3334  0.3372  0.3294  1
 39:   0.3255  0.3367  0.3379  1
 40:   0.3310  0.3376  0.3314  1
 41:   0.3365  0.3315  0.3321  1
 42:   0.3405  0.3231  0.3365  1
 43:   0.3361  0.3329  0.3309  1
 44:   0.3331  0.3345  0.3323  1
 45:   0.3244  0.3350  0.3406  1
 46:   0.3333  0.3323  0.3345  1
 47:   0.3264  0.3360  0.3376  1
 48:   0.3203  0.3469  0.3329  1
 49:   0.3289  0.3375  0.3335  1
 50:   0.3367  0.3299  0.3333  1
 51:   0.3308  0.3348  0.3344  1
 52:   0.3251  0.3383  0.3367  1
 53:   0.3274  0.3374  0.3352  1
 54:   0.3399  0.3247  0.3353  1
 55:   0.3255  0.3425  0.3321  1
 56:   0.3368  0.3292  0.3340  1
 57:   0.3289  0.3329  0.3381  1
 58:   0.3211  0.3373  0.3417  1
 59:   0.3333  0.3337  0.3329  1
 60:   0.3291  0.3387  0.3321  1
 61:   0.3430  0.3272  0.3298  1
 62:   0.3229  0.3387  0.3385  1
 63:   0.3213  0.3435  0.3351  1
 64:   0.3319  0.3351  0.3329  1
 65:   0.3352  0.3342  0.3306  1
 66:   0.3269  0.3395  0.3335  1
 67:   0.3415  0.3243  0.3343  1
 68:   0.3329  0.3327  0.3345  1
 69:   0.3343  0.3369  0.3289  1
 70:   0.3334  0.3304  0.3362  1
 71:   0.3382  0.3308  0.3310  1
 72:   0.3548  0.3204  0.3248  1
 73:   0.3300  0.3402  0.3298  1
 74:   0.3285  0.3313  0.3403  1
 75:   0.3457  0.3273  0.3271  1
 76:   0.3428  0.3228  0.3344  1
 77:   0.3249  0.3443  0.3309  1
 78:   0.3505  0.3191  0.3305  1
 79:   0.3317  0.3371  0.3311  1
 80:   0.3332  0.3308  0.3360  1
 81:   0.3384  0.3294  0.3322  1
 82:   0.3205  0.3473  0.3321  1
 83:   0.3385  0.3281  0.3333  1
 84:   0.3263  0.3365  0.3371  1
 85:   0.3274  0.3360  0.3366  1
 86:   0.3221  0.3393  0.3385  1
 87:   0.3427  0.3247  0.3325  1
 88:   0.3349  0.3307  0.3345  1
 89:   0.3302  0.3342  0.3356  1
 90:   0.3306  0.3382  0.3312  1
 91:   0.3343  0.3401  0.3257  1
 92:   0.3308  0.3308  0.3384  1
 93:   0.3356  0.3320  0.3324  1
 94:   0.3276  0.3352  0.3372  1
 95:   0.3265  0.3393  0.3343  1
 96:   0.3303  0.3367  0.3331  1
 97:   0.3221  0.3407  0.3371  1
 98:   0.3387  0.3317  0.3295  1
 99:   0.3407  0.3291  0.3303  1
100:   0.3496  0.3236  0.3268  1
101:   0.3325  0.3301  0.3373  1
102:   0.3289  0.3403  0.3309  1
103:   0.3385  0.3269  0.3345  1
104:   0.3331  0.3327  0.3343  1
105:   0.3290  0.3370  0.3340  1
106:   0.3569  0.3129  0.3301  1
107:   0.3227  0.3461  0.3313  1
108:   0.3378  0.3296  0.3326  1
109:   0.3355  0.3301  0.3343  1
110:   0.3401  0.3271  0.3327  1
111:   0.3295  0.3357  0.3349  1
112:   0.3553  0.3173  0.3275  1
113:   0.3251  0.3373  0.3377  1
114:   0.3256  0.3404  0.3340  1
115:   0.3298  0.3336  0.3366  1
116:   0.3346  0.3308  0.3346  1
117:   0.3291  0.3403  0.3307  1
118:   0.3334  0.3386  0.3280  1
119:   0.3299  0.3347  0.3355  1
120:   0.3284  0.3344  0.3372  1
121:   0.3395  0.3291  0.3315  1
122:   0.3379  0.3291  0.3329  1
123:   0.3340  0.3338  0.3322  1
124:   0.3356  0.3310  0.3334  1
125:   0.3354  0.3318  0.3328  1
126:   0.3556  0.3168  0.3276  1
127:   0.3335  0.3347  0.3317  1
128:   0.3421  0.3269  0.3309  1
129:   0.3589  0.3087  0.3325  1
130:   0.3261  0.3399  0.3341  1
131:   0.3399  0.3243  0.3357  1
132:   0.3366  0.3322  0.3312  1
133:   0.3308  0.3306  0.3386  1
134:   0.3395  0.3307  0.3299  1
135:   0.3372  0.3304  0.3324  1
136:   0.3450  0.3240  0.3310  1
137:   0.3323  0.3291  0.3385  1
138:   0.3491  0.3203  0.3307  1
139:   0.3304  0.3374  0.3322  1
140:   0.3307  0.3383  0.3309  1
141:   0.3663  0.3085  0.3253  1
142:   0.3367  0.3319  0.3315  1
143:   0.3295  0.3419  0.3285  1
144:   0.3297  0.3359  0.3345  1
145:   0.3511  0.3167  0.3323  1
146:   0.3283  0.3435  0.3283  1
147:   0.3353  0.3293  0.3353  1
148:   0.3403  0.3241  0.3357  1
149:   0.3468  0.3224  0.3308  1
150:   0.3269  0.3431  0.3299  1
151:   0.3239  0.3423  0.3337  1
152:   0.3389  0.3293  0.3317  1
153:   0.3311  0.3345  0.3345  1
154:   0.3381  0.3243  0.3375  1
155:   0.3312  0.3328  0.3360  1
156:   0.3291  0.3327  0.3383  1
157:   0.3204  0.3440  0.3356  1
158:   0.3393  0.3293  0.3315  1
159:   0.3477  0.3221  0.3303  1
160:   0.3475  0.3255  0.3271  1
161:   0.3389  0.3295  0.3317  1
162:   0.3313  0.3349  0.3339  1
163:   0.3317  0.3331  0.3351  1
164:   0.3390  0.3272  0.3338  1
165:   0.3413  0.3267  0.3321  1
166:   0.3475  0.3217  0.3307  1
167:   0.3270  0.3356  0.3374  1
168:   0.3430  0.3252  0.3318  1
169:   0.3455  0.3253  0.3291  1
170:   0.3360  0.3322  0.3318  1
171:   0.3253  0.3489  0.3257  1
172:   0.3284  0.3402  0.3314  1
173:   0.3535  0.3195  0.3271  1
174:   0.3345  0.3333  0.3323  1
175:   0.3339  0.3299  0.3361  1
176:   0.3347  0.3305  0.3347  1
177:   0.3308  0.3356  0.3336  1
178:   0.3347  0.3283  0.3371  1
179:   0.3250  0.3494  0.3256  1
180:   0.3316  0.3396  0.3288  1
181:   0.3477  0.3209  0.3313  1
182:   0.3220  0.3462  0.3318  1
183:   0.3242  0.3398  0.3360  1
184:   0.3356  0.3356  0.3288  1
185:   0.3413  0.3239  0.3347  1
186:   0.3345  0.3349  0.3307  1
187:   0.3435  0.3229  0.3337  1
188:   0.3334  0.3366  0.3300  1
189:   0.3197  0.3379  0.3425  1
190:   0.3324  0.3328  0.3348  1
191:   0.3317  0.3389  0.3295  1
192:   0.3230  0.3446  0.3324  1
193:   0.3285  0.3373  0.3343  1
194:   0.3387  0.3259  0.3353  1
195:   0.3623  0.3103  0.3275  1
196:   0.3324  0.3310  0.3366  1
197:   0.3340  0.3344  0.3316  1
198:   0.3209  0.3479  0.3311  1
199:   0.3280  0.3430  0.3290  1
200:   0.3184  0.3450  0.3366  1
201:   0.3273  0.3389  0.3339  1
202:   0.3340  0.3342  0.3318  1
203:   0.3285  0.3443  0.3271  1
204:   0.3585  0.3133  0.3281  1
205:   0.3204  0.3354  0.3442  1
206:   0.3411  0.3337  0.3251  1
207:   0.3479  0.3191  0.3329  1
208:   0.3198  0.3352  0.3450  1
209:   0.3429  0.3259  0.3313  1
210:   0.3342  0.3332  0.3326  1
211:   0.3557  0.3175  0.3269  1
212:   0.3446  0.3260  0.3294  1
213:   0.3373  0.3287  0.3341  1
214:   0.3304  0.3330  0.3366  1
215:   0.3270  0.3394  0.3336  1
216:   0.3283  0.3339  0.3377  1
217:   0.3308  0.3316  0.3376  1
218:   0.3223  0.3385  0.3391  1
219:   0.3377  0.3283  0.3339  1
220:   0.3359  0.3293  0.3347  1
221:   0.3383  0.3267  0.3351  1
222:   0.3377  0.3337  0.3287  1
223:   0.3329  0.3333  0.3337  1
224:   0.3287  0.3337  0.3377  1
225:   0.3209  0.3375  0.3417  1
226:   0.3338  0.3276  0.3386  1
227:   0.3275  0.3389  0.3337  1
228:   0.3354  0.3312  0.3334  1
229:   0.3215  0.3369  0.3415  1
230:   0.3235  0.3367  0.3397  1
231:   0.3310  0.3298  0.3392  1
232:   0.3201  0.3393  0.3407  1
233:   0.3413  0.3243  0.3345  1
234:   0.3435  0.3227  0.3339  1
235:   0.3250  0.3422  0.3328  1
236:   0.3311  0.3359  0.3331  1
237:   0.3291  0.3391  0.3319  1
238:   0.3361  0.3315  0.3323  1
239:   0.3242  0.3454  0.3304  1
240:   0.3212  0.3426  0.3362  1
241:   0.3301  0.3337  0.3363  1
242:   0.3231  0.3405  0.3363  1
243:   0.3245  0.3389  0.3367  1
244:   0.3318  0.3382  0.3300  1
245:   0.3248  0.3390  0.3362  1
246:   0.3321  0.3329  0.3349  1
