 1:   0.7948  0.0516  0.1154  0.0228  0.0154  1
 2:   0.6582  0.2568  0.0120  0.0148  0.0582  1
 3:   0.0200  0.8462  0.0174  0.0090  0.1074  1
 4:   0.7385  0.0066  0.2096  0.0094  0.0360  1
 5:   0.6705  0.1995  0.0068  0.0708  0.0524  1
 6:   0.1686  0.5686  0.0294  0.1290  0.1044  1
 7:   0.0070  0.0070  0.0040  0.9732  0.0088  1
 8:   0.7988  0.0050  0.1772  0.0104  0.0086  1
 9:   0.9248  0.0092  0.0296  0.0182  0.0182  1
10:   0.7818  0.0748  0.0152  0.0658  0.0624  1
11:   0.3814  0.0160  0.5103  0.0288  0.0634  1
12:   0.0234  0.0130  0.9204  0.0126  0.0306  1
13:   0.1414  0.0070  0.0098  0.0134  0.8284  1
14:   0.0560  0.0090  0.1726  0.7477  0.0146  1
15:   0.0108  0.0070  0.0062  0.9670  0.0090  1
16:   0.0240  0.1738  0.0040  0.7860  0.0122  1
17:   0.0838  0.0316  0.0040  0.7139  0.1666  1
18:   0.8782  0.0570  0.0070  0.0442  0.0136  1
19:   0.8653  0.0572  0.0060  0.0328  0.0388  1
20:   0.8052  0.0090  0.0052  0.1304  0.0502  1
21:   0.1518  0.0338  0.6155  0.0830  0.1158  1
22:   0.0030  0.0020  0.9890  0.0030  0.0030  1
23:   0.3073  0.0144  0.6603  0.0082  0.0098  1
24:   0.0070  0.0040  0.6472  0.3296  0.0122  1
25:   0.0304  0.0184  0.8960  0.0156  0.0396  1
26:   0.0102  0.0118  0.0040  0.2808  0.6932  1
27:   0.0998  0.0058  0.7448  0.1436  0.0060  1
28:   0.0868  0.0090  0.7463  0.0056  0.1523  1
29:   0.0520  0.0058  0.8508  0.0242  0.0672  1
30:   0.3291  0.0078  0.6103  0.0286  0.0242  1
31:   0.2887  0.0180  0.5919  0.0556  0.0458  1
32:   0.1493  0.0080  0.0060  0.0180  0.8187  1
33:   0.0418  0.0242  0.6967  0.1902  0.0472  1
34:   0.0522  0.0236  0.0092  0.0974  0.8175  1
35:   0.0134  0.0184  0.9328  0.0166  0.0188  1
36:   0.0102  0.9152  0.0050  0.0542  0.0154  1
37:   0.8305  0.0186  0.0108  0.0172  0.1230  1
38:   0.4695  0.0124  0.0044  0.1952  0.3185  1
39:   0.0148  0.0080  0.9592  0.0070  0.0110  1
40:   0.0288  0.0144  0.5926  0.3499  0.0142  1
41:   0.8440  0.0100  0.0114  0.0638  0.0708  1
42:   0.0156  0.0040  0.6455  0.3287  0.0062  1
43:   0.2725  0.0070  0.5971  0.0196  0.1038  1
44:   0.1737  0.0134  0.7043  0.0436  0.0650  1
45:   0.2418  0.0112  0.6891  0.0282  0.0296  1
46:   0.0294  0.0066  0.0056  0.9396  0.0188  1
47:   0.0118  0.0288  0.0238  0.0120  0.9236  1
48:   0.0070  0.0060  0.9770  0.0050  0.0050  1
49:   0.0994  0.7558  0.0064  0.1088  0.0296  1
50:   0.0068  0.5549  0.0058  0.4193  0.0132  1
51:   0.0158  0.8649  0.0050  0.0488  0.0656  1
52:   0.6952  0.0196  0.0258  0.0286  0.2308  1
53:   0.0424  0.7499  0.0050  0.0354  0.1672  1
54:   0.0066  0.9610  0.0102  0.0050  0.0172  1
55:   0.0138  0.9524  0.0140  0.0056  0.0142  1
56:   0.1091  0.8615  0.0120  0.0070  0.0104  1
57:   0.9534  0.0100  0.0200  0.0066  0.0100  1
58:   0.0656  0.8632  0.0066  0.0272  0.0374  1
59:   0.0444  0.0248  0.8406  0.0498  0.0404  1
60:   0.0176  0.0110  0.6070  0.3437  0.0206  1
61:   0.3872  0.0122  0.5566  0.0158  0.0282  1
62:   0.2393  0.0912  0.1128  0.5386  0.0182  1
63:   0.9416  0.0184  0.0094  0.0206  0.0100  1
64:   0.0376  0.9228  0.0040  0.0230  0.0126  1
65:   0.2299  0.6445  0.0404  0.0272  0.0580  1
66:   0.0582  0.8346  0.0594  0.0122  0.0356  1
67:   0.4755  0.0228  0.0336  0.4555  0.0126  1
68:   0.0118  0.9494  0.0120  0.0078  0.0190  1
69:   0.0434  0.0116  0.0060  0.0170  0.9220  1
70:   0.0208  0.0182  0.0102  0.8815  0.0694  1
71:   0.0590  0.5210  0.2965  0.0522  0.0712  1
72:   0.9266  0.0040  0.0514  0.0062  0.0118  1
73:   0.6052  0.0746  0.1096  0.0286  0.1821  1
74:   0.6797  0.0066  0.0308  0.2738  0.0090  1
75:   0.0058  0.0050  0.4878  0.0060  0.4954  1
76:   0.0204  0.0240  0.0048  0.0170  0.9338  1
77:   0.0752  0.0092  0.0276  0.0442  0.8439  1
78:   0.8842  0.0070  0.0612  0.0268  0.0208  1
79:   0.0468  0.3459  0.0390  0.1816  0.3867  1
80:   0.6393  0.2111  0.0050  0.0284  0.1162  1
81:   0.8664  0.0770  0.0178  0.0154  0.0234  1
82:   0.3155  0.0112  0.0122  0.5896  0.0716  1
83:   0.8583  0.0100  0.0240  0.0366  0.0710  1
84:   0.9214  0.0112  0.0364  0.0120  0.0190  1
85:   0.5166  0.0152  0.1840  0.0382  0.2460  1
86:   0.8461  0.0108  0.1263  0.0078  0.0090  1
87:   0.0436  0.0080  0.0088  0.9240  0.0156  1
88:   0.8888  0.0488  0.0310  0.0180  0.0134  1
