1:    0.791 0.051 0.119 0.024 0.015 1    
2:    0.667 0.253 0.012 0.015 0.054 1    
3:    0.020 0.843 0.017 0.009 0.111 1    
4:    0.757 0.007 0.209 0.009 0.019 1    
5:    0.674 0.194 0.007 0.067 0.058 1    
6:    0.173 0.567 0.029 0.125 0.106 1    
7:    0.007 0.007 0.004 0.974 0.008 1    
8:    0.793 0.005 0.183 0.010 0.008 1    
9:    0.923 0.009 0.031 0.018 0.018 1    
10:   0.779 0.074 0.015 0.069 0.063 1    
11:   0.385 0.016 0.512 0.029 0.057 1    
12:   0.024 0.013 0.920 0.012 0.031 1    
13:   0.146 0.007 0.010 0.014 0.823 1    
14:   0.060 0.009 0.173 0.742 0.014 1    
15:   0.011 0.007 0.006 0.966 0.009 1    
16:   0.025 0.172 0.004 0.787 0.012 1    
17:   0.091 0.033 0.004 0.707 0.164 1    
18:   0.871 0.062 0.007 0.046 0.014 1    
19:   0.880 0.055 0.006 0.033 0.027 1    
20:   0.829 0.009 0.005 0.123 0.034 1    
21:   0.152 0.033 0.619 0.082 0.113 1    
22:   0.003 0.002 0.989 0.003 0.003 1    
23:   0.305 0.014 0.663 0.008 0.010 1    
24:   0.007 0.004 0.647 0.330 0.012 1    
25:   0.031 0.018 0.897 0.015 0.039 1    
26:   0.009 0.012 0.004 0.278 0.697 1    
27:   0.106 0.006 0.744 0.140 0.005 1    
28:   0.086 0.009 0.748 0.005 0.152 1    
29:   0.052 0.006 0.853 0.023 0.067 1    
30:   0.326 0.008 0.614 0.029 0.024 1    
31:   0.295 0.018 0.597 0.052 0.039 1    
32:   0.155 0.008 0.006 0.018 0.813 1    
33:   0.040 0.023 0.699 0.190 0.048 1    
34:   0.051 0.025 0.010 0.096 0.818 1    
35:   0.013 0.018 0.934 0.016 0.019 1    
36:   0.010 0.913 0.005 0.055 0.017 1    
37:   0.839 0.019 0.011 0.019 0.112 1    
38:   0.506 0.013 0.004 0.182 0.295 1    
39:   0.015 0.008 0.960 0.007 0.011 1    
40:   0.030 0.015 0.596 0.345 0.014 1    
41:   0.853 0.010 0.012 0.067 0.058 1    
42:   0.016 0.004 0.646 0.329 0.006 1    
43:   0.283 0.007 0.597 0.021 0.092 1    
44:   0.169 0.014 0.709 0.043 0.066 1    
45:   0.243 0.012 0.690 0.030 0.025 1    
46:   0.030 0.006 0.005 0.940 0.018 1    
47:   0.012 0.028 0.025 0.012 0.923 1    
48:   0.007 0.006 0.977 0.005 0.005 1    
49:   0.092 0.752 0.006 0.119 0.031 1    
50:   0.007 0.554 0.006 0.421 0.013 1    
51:   0.015 0.859 0.005 0.050 0.070 1    
52:   0.725 0.019 0.026 0.028 0.202 1    
53:   0.044 0.749 0.005 0.036 0.166 1    
54:   0.006 0.961 0.010 0.005 0.018 1    
55:   0.013 0.953 0.014 0.005 0.014 1    
56:   0.113 0.857 0.012 0.007 0.010 1    
57:   0.955 0.010 0.019 0.006 0.009 1    
58:   0.070 0.861 0.006 0.027 0.036 1    
59:   0.043 0.024 0.845 0.047 0.041 1    
60:   0.018 0.011 0.608 0.342 0.021 1    
61:   0.381 0.013 0.560 0.017 0.030 1    
62:   0.242 0.093 0.116 0.534 0.016 1    
63:   0.940 0.019 0.010 0.021 0.010 1    
64:   0.037 0.921 0.004 0.024 0.013 1    
65:   0.229 0.645 0.041 0.026 0.059 1    
66:   0.057 0.834 0.061 0.012 0.037 1    
67:   0.464 0.022 0.036 0.466 0.013 1    
68:   0.012 0.949 0.012 0.008 0.020 1    
69:   0.045 0.011 0.006 0.018 0.920 1    
70:   0.021 0.018 0.011 0.884 0.067 1    
71:   0.062 0.521 0.298 0.052 0.067 1    
72:   0.925 0.004 0.053 0.006 0.012 1    
73:   0.622 0.075 0.109 0.027 0.167 1    
74:   0.691 0.006 0.028 0.267 0.007 1    
75:   0.006 0.005 0.487 0.006 0.497 1    
76:   0.019 0.025 0.005 0.018 0.934 1    
77:   0.081 0.009 0.028 0.044 0.839 1    
78:   0.884 0.007 0.061 0.027 0.021 1    
79:   0.046 0.348 0.038 0.179 0.389 1    
80:   0.654 0.209 0.005 0.028 0.105 1    
81:   0.867 0.076 0.018 0.015 0.024 1    
82:   0.306 0.012 0.012 0.593 0.076 1    
83:   0.859 0.010 0.024 0.036 0.070 1    
84:   0.920 0.011 0.040 0.012 0.017 1    
85:   0.531 0.016 0.189 0.040 0.224 1    
86:   0.850 0.011 0.123 0.008 0.009 1    
87:   0.047 0.008 0.009 0.922 0.015 1    
88:   0.888 0.049 0.032 0.018 0.013 1    
                    
                    
1:    0.113 0.014 0.022 0.048 0.803 1    
2:    0.012 0.056 0.016 0.260 0.656 1    
3:    0.017 0.112 0.009 0.842 0.020 1    
4:    0.220 0.023 0.010 0.007 0.741 1    
5:    0.007 0.056 0.071 0.201 0.664 1    
6:    0.029 0.108 0.133 0.566 0.165 1    
7:    0.004 0.009 0.973 0.007 0.007 1    
8:    0.180 0.009 0.011 0.005 0.796 1    
9:    0.029 0.017 0.018 0.009 0.928 1    
10:   0.016 0.061 0.066 0.077 0.781 1    
11:   0.517 0.061 0.028 0.017 0.377 1    
12:   0.920 0.030 0.013 0.013 0.024 1    
13:   0.010 0.831 0.013 0.007 0.140 1    
14:   0.175 0.015 0.755 0.009 0.046 1    
15:   0.007 0.009 0.966 0.007 0.011 1    
16:   0.004 0.012 0.783 0.178 0.023 1    
17:   0.004 0.170 0.723 0.031 0.072 1    
18:   0.007 0.014 0.042 0.059 0.878 1    
19:   0.006 0.031 0.034 0.059 0.870 1    
20:   0.006 0.049 0.150 0.009 0.786 1    
21:   0.618 0.122 0.085 0.033 0.142 1    
22:   0.989 0.003 0.003 0.002 0.003 1    
23:   0.659 0.009 0.009 0.014 0.309 1    
24:   0.647 0.012 0.329 0.004 0.007 1    
25:   0.897 0.040 0.016 0.018 0.029 1    
26:   0.004 0.699 0.276 0.011 0.010 1    
27:   0.752 0.005 0.158 0.006 0.078 1    
28:   0.749 0.149 0.006 0.009 0.087 1    
29:   0.855 0.063 0.024 0.006 0.053 1    
30:   0.611 0.025 0.029 0.008 0.327 1    
31:   0.595 0.048 0.060 0.019 0.278 1    
32:   0.006 0.815 0.017 0.008 0.155 1    
33:   0.697 0.049 0.182 0.025 0.047 1    
34:   0.009 0.819 0.101 0.024 0.046 1    
35:   0.934 0.019 0.017 0.018 0.013 1    
36:   0.005 0.016 0.052 0.917 0.010 1    
37:   0.010 0.117 0.017 0.018 0.838 1    
38:   0.005 0.341 0.225 0.013 0.416 1    
39:   0.960 0.011 0.007 0.008 0.015 1    
40:   0.592 0.014 0.350 0.014 0.029 1    
41:   0.011 0.066 0.068 0.010 0.845 1    
42:   0.646 0.006 0.328 0.004 0.016 1    
43:   0.596 0.108 0.020 0.007 0.270 1    
44:   0.703 0.063 0.042 0.013 0.180 1    
45:   0.694 0.027 0.028 0.011 0.239 1    
46:   0.005 0.019 0.940 0.007 0.029 1    
47:   0.023 0.925 0.012 0.029 0.011 1    
48:   0.977 0.005 0.005 0.006 0.007 1    
49:   0.007 0.031 0.102 0.755 0.106 1    
50:   0.006 0.014 0.418 0.555 0.007 1    
51:   0.005 0.066 0.048 0.866 0.015 1    
52:   0.027 0.230 0.029 0.019 0.694 1    
53:   0.005 0.176 0.033 0.747 0.038 1    
54:   0.011 0.017 0.005 0.960 0.007 1    
55:   0.014 0.015 0.006 0.950 0.014 1    
56:   0.012 0.010 0.007 0.858 0.111 1    
57:   0.021 0.011 0.007 0.010 0.952 1    
58:   0.007 0.039 0.027 0.860 0.066 1    
59:   0.842 0.040 0.048 0.025 0.045 1    
60:   0.609 0.021 0.340 0.011 0.018 1    
61:   0.555 0.027 0.014 0.012 0.392 1    
62:   0.113 0.018 0.545 0.091 0.233 1    
63:   0.009 0.010 0.020 0.019 0.942 1    
64:   0.004 0.012 0.024 0.919 0.040 1    
65:   0.041 0.060 0.026 0.644 0.228 1    
66:   0.062 0.037 0.013 0.832 0.056 1    
67:   0.033 0.012 0.449 0.023 0.482 1    
68:   0.012 0.020 0.008 0.948 0.012 1    
69:   0.006 0.927 0.017 0.012 0.038 1    
70:   0.010 0.072 0.879 0.018 0.021 1    
71:   0.299 0.073 0.053 0.519 0.056 1    
72:   0.051 0.012 0.006 0.004 0.926 1    
73:   0.115 0.183 0.030 0.081 0.592 1    
74:   0.034 0.008 0.283 0.007 0.669 1    
75:   0.486 0.498 0.006 0.005 0.006 1    
76:   0.005 0.936 0.016 0.024 0.020 1    
77:   0.028 0.852 0.047 0.009 0.064 1    
78:   0.062 0.021 0.026 0.007 0.885 1    
79:   0.041 0.389 0.180 0.342 0.048 1    
80:   0.005 0.111 0.028 0.210 0.647 1    
81:   0.018 0.024 0.016 0.080 0.862 1    
82:   0.012 0.074 0.577 0.011 0.327 1    
83:   0.025 0.074 0.038 0.010 0.853 1    
84:   0.036 0.019 0.012 0.012 0.922 1    
85:   0.190 0.251 0.041 0.016 0.502 1    
86:   0.129 0.009 0.008 0.011 0.843 1    
87:   0.009 0.016 0.933 0.008 0.034 1    
88:   0.031 0.013 0.018 0.050 0.887 1    
                    
                    
1:    0.023 0.016 0.118 0.788 0.055 1    
2:    0.015 0.044 0.012 0.676 0.254 1    
3:    0.009 0.110 0.017 0.020 0.843 1    
4:    0.008 0.019 0.190 0.776 0.006 1    
5:    0.079 0.051 0.006 0.669 0.196 1    
6:    0.133 0.093 0.029 0.181 0.564 1    
7:    0.974 0.009 0.004 0.007 0.007 1    
8:    0.011 0.008 0.172 0.804 0.005 1    
9:    0.018 0.018 0.030 0.926 0.009 1    
10:   0.064 0.054 0.015 0.800 0.066 1    
11:   0.025 0.054 0.496 0.409 0.015 1    
12:   0.013 0.030 0.921 0.022 0.013 1    
13:   0.015 0.826 0.010 0.143 0.007 1    
14:   0.733 0.014 0.171 0.073 0.009 1    
15:   0.968 0.009 0.006 0.010 0.007 1    
16:   0.777 0.012 0.004 0.023 0.184 1    
17:   0.717 0.156 0.004 0.090 0.033 1    
18:   0.047 0.013 0.007 0.876 0.057 1    
19:   0.030 0.026 0.006 0.884 0.055 1    
20:   0.124 0.036 0.005 0.826 0.009 1    
21:   0.081 0.109 0.613 0.164 0.033 1    
22:   0.003 0.003 0.989 0.003 0.002 1    
23:   0.008 0.010 0.665 0.301 0.016 1    
24:   0.330 0.012 0.646 0.007 0.004 1    
25:   0.015 0.040 0.895 0.032 0.018 1    
26:   0.289 0.686 0.004 0.011 0.012 1    
27:   0.122 0.005 0.737 0.131 0.006 1    
28:   0.006 0.152 0.746 0.088 0.009 1    
29:   0.027 0.069 0.852 0.046 0.006 1    
30:   0.032 0.025 0.616 0.320 0.008 1    
31:   0.057 0.037 0.586 0.304 0.016 1    
32:   0.019 0.811 0.006 0.156 0.008 1    
33:   0.196 0.047 0.695 0.038 0.024 1    
34:   0.100 0.807 0.010 0.060 0.023 1    
35:   0.016 0.019 0.932 0.014 0.019 1    
36:   0.061 0.015 0.005 0.010 0.909 1    
37:   0.016 0.099 0.011 0.857 0.018 1    
38:   0.188 0.293 0.004 0.503 0.012 1    
39:   0.007 0.011 0.961 0.014 0.008 1    
40:   0.353 0.014 0.594 0.023 0.015 1    
41:   0.063 0.050 0.011 0.865 0.010 1    
42:   0.329 0.006 0.646 0.015 0.004 1    
43:   0.018 0.102 0.599 0.274 0.007 1    
44:   0.048 0.071 0.714 0.153 0.014 1    
45:   0.025 0.022 0.680 0.263 0.010 1    
46:   0.936 0.018 0.006 0.034 0.007 1    
47:   0.012 0.922 0.025 0.012 0.029 1    
48:   0.005 0.005 0.978 0.007 0.006 1    
49:   0.108 0.029 0.006 0.091 0.766 1    
50:   0.418 0.014 0.006 0.007 0.555 1    
51:   0.053 0.066 0.005 0.016 0.861 1    
52:   0.028 0.211 0.026 0.714 0.021 1    
53:   0.037 0.159 0.005 0.046 0.753 1    
54:   0.005 0.017 0.010 0.007 0.961 1    
55:   0.005 0.013 0.014 0.014 0.954 1    
56:   0.007 0.010 0.012 0.100 0.871 1    
57:   0.007 0.010 0.020 0.954 0.010 1    
58:   0.028 0.034 0.006 0.067 0.865 1    
59:   0.056 0.038 0.838 0.044 0.025 1    
60:   0.347 0.020 0.605 0.017 0.011 1    
61:   0.016 0.025 0.558 0.388 0.013 1    
62:   0.516 0.016 0.108 0.275 0.086 1    
63:   0.022 0.010 0.009 0.940 0.019 1    
64:   0.023 0.012 0.004 0.033 0.928 1    
65:   0.028 0.056 0.039 0.229 0.647 1    
66:   0.012 0.034 0.059 0.051 0.844 1    
67:   0.457 0.012 0.035 0.474 0.023 1    
68:   0.008 0.017 0.012 0.011 0.952 1    
69:   0.016 0.914 0.006 0.054 0.011 1    
70:   0.882 0.070 0.010 0.021 0.018 1    
71:   0.053 0.069 0.294 0.062 0.522 1    
72:   0.007 0.012 0.047 0.930 0.004 1    
73:   0.029 0.162 0.102 0.636 0.072 1    
74:   0.256 0.007 0.027 0.703 0.006 1    
75:   0.006 0.497 0.487 0.006 0.005 1    
76:   0.017 0.933 0.005 0.022 0.023 1    
77:   0.042 0.832 0.027 0.090 0.009 1    
78:   0.028 0.020 0.057 0.889 0.007 1    
79:   0.186 0.375 0.040 0.051 0.348 1    
80:   0.026 0.093 0.005 0.661 0.216 1    
81:   0.015 0.022 0.017 0.872 0.074 1    
82:   0.596 0.071 0.012 0.310 0.011 1    
83:   0.033 0.066 0.023 0.868 0.010 1    
84:   0.012 0.017 0.033 0.927 0.011 1    
85:   0.037 0.220 0.176 0.552 0.015 1    
86:   0.008 0.008 0.124 0.849 0.011 1    
87:   0.915 0.014 0.008 0.055 0.008 1    
88:   0.018 0.013 0.030 0.892 0.048 1    
                    
                    
1:    0.017 0.050 0.022 0.111 0.801 1    
2:    0.080 0.260 0.014 0.012 0.635 1    
3:    0.099 0.855 0.009 0.018 0.019 1    
4:    0.081 0.006 0.010 0.216 0.687 1    
5:    0.050 0.212 0.075 0.007 0.657 1    
6:    0.109 0.577 0.133 0.031 0.150 1    
7:    0.009 0.007 0.973 0.004 0.007 1    
8:    0.009 0.005 0.010 0.173 0.804 1    
9:    0.020 0.010 0.018 0.029 0.924 1    
10:   0.072 0.080 0.065 0.015 0.768 1    
11:   0.077 0.017 0.030 0.515 0.361 1    
12:   0.032 0.012 0.013 0.920 0.022 1    
13:   0.828 0.007 0.014 0.009 0.141 1    
14:   0.016 0.009 0.757 0.173 0.046 1    
15:   0.009 0.007 0.967 0.006 0.011 1    
16:   0.013 0.166 0.793 0.004 0.025 1    
17:   0.174 0.030 0.709 0.004 0.083 1    
18:   0.013 0.053 0.041 0.007 0.885 1    
19:   0.070 0.060 0.036 0.006 0.828 1    
20:   0.080 0.009 0.129 0.005 0.776 1    
21:   0.119 0.037 0.084 0.615 0.145 1    
22:   0.003 0.002 0.003 0.989 0.003 1    
23:   0.010 0.014 0.008 0.658 0.310 1    
24:   0.012 0.004 0.329 0.647 0.007 1    
25:   0.040 0.019 0.015 0.896 0.030 1    
26:   0.690 0.012 0.284 0.004 0.010 1    
27:   0.009 0.005 0.150 0.748 0.087 1    
28:   0.152 0.009 0.005 0.746 0.088 1    
29:   0.069 0.005 0.023 0.848 0.054 1    
30:   0.022 0.007 0.026 0.603 0.341 1    
31:   0.058 0.019 0.054 0.593 0.276 1    
32:   0.830 0.008 0.017 0.006 0.139 1    
33:   0.047 0.025 0.187 0.698 0.043 1    
34:   0.824 0.022 0.093 0.008 0.052 1    
35:   0.019 0.018 0.017 0.932 0.014 1    
36:   0.015 0.919 0.051 0.005 0.010 1    
37:   0.167 0.019 0.017 0.011 0.786 1    
38:   0.341 0.012 0.192 0.005 0.449 1    
39:   0.011 0.008 0.007 0.959 0.015 1    
40:   0.015 0.014 0.352 0.590 0.029 1    
41:   0.110 0.010 0.060 0.011 0.809 1    
42:   0.007 0.004 0.329 0.646 0.015 1    
43:   0.109 0.007 0.020 0.597 0.268 1    
44:   0.062 0.013 0.039 0.698 0.188 1    
45:   0.043 0.012 0.026 0.692 0.228 1    
46:   0.020 0.007 0.940 0.006 0.028 1    
47:   0.925 0.029 0.012 0.023 0.012 1    
48:   0.005 0.006 0.005 0.977 0.007 1    
49:   0.028 0.752 0.109 0.006 0.105 1    
50:   0.013 0.557 0.418 0.006 0.006 1    
51:   0.064 0.871 0.045 0.005 0.016 1    
52:   0.266 0.019 0.029 0.024 0.663 1    
53:   0.167 0.751 0.036 0.005 0.041 1    
54:   0.017 0.962 0.005 0.010 0.006 1    
55:   0.014 0.953 0.006 0.014 0.014 1    
56:   0.012 0.862 0.007 0.012 0.107 1    
57:   0.010 0.010 0.006 0.019 0.955 1    
58:   0.040 0.864 0.026 0.007 0.064 1    
59:   0.042 0.024 0.048 0.841 0.045 1    
60:   0.020 0.011 0.343 0.608 0.017 1    
61:   0.028 0.011 0.015 0.553 0.392 1    
62:   0.023 0.096 0.551 0.114 0.216 1    
63:   0.010 0.017 0.020 0.009 0.942 1    
64:   0.013 0.921 0.023 0.004 0.039 1    
65:   0.054 0.639 0.025 0.038 0.244 1    
66:   0.034 0.830 0.012 0.056 0.067 1    
67:   0.014 0.023 0.447 0.031 0.485 1    
68:   0.018 0.950 0.007 0.012 0.012 1    
69:   0.927 0.012 0.016 0.006 0.039 1    
70:   0.069 0.018 0.883 0.010 0.020 1    
71:   0.073 0.518 0.054 0.295 0.059 1    
72:   0.011 0.004 0.006 0.053 0.925 1    
73:   0.208 0.071 0.029 0.111 0.581 1    
74:   0.014 0.007 0.286 0.032 0.661 1    
75:   0.493 0.005 0.006 0.491 0.005 1    
76:   0.933 0.024 0.017 0.005 0.020 1    
77:   0.850 0.009 0.046 0.027 0.068 1    
78:   0.022 0.007 0.027 0.066 0.878 1    
79:   0.394 0.342 0.185 0.036 0.042 1    
80:   0.153 0.214 0.029 0.005 0.599 1    
81:   0.025 0.081 0.015 0.018 0.861 1    
82:   0.072 0.011 0.589 0.013 0.316 1    
83:   0.071 0.010 0.041 0.023 0.854 1    
84:   0.022 0.011 0.012 0.035 0.920 1    
85:   0.279 0.015 0.036 0.180 0.490 1    
86:   0.009 0.010 0.007 0.126 0.848 1    
87:   0.017 0.008 0.926 0.009 0.041 1    
88:   0.015 0.051 0.018 0.031 0.885 1    
                    
                    
1:    0.116 0.023 0.054 0.015 0.792 1    
2:    0.012 0.014 0.258 0.057 0.659 1    
3:    0.018 0.009 0.847 0.105 0.021 1    
4:    0.213 0.010 0.007 0.038 0.732 1    
5:    0.007 0.062 0.195 0.047 0.690 1    
6:    0.029 0.121 0.569 0.106 0.174 1    
7:    0.004 0.973 0.007 0.009 0.007 1    
8:    0.178 0.010 0.005 0.009 0.798 1    
9:    0.029 0.019 0.009 0.018 0.924 1    
10:   0.015 0.065 0.077 0.062 0.781 1    
11:   0.510 0.032 0.015 0.068 0.374 1    
12:   0.919 0.012 0.014 0.030 0.025 1    
13:   0.010 0.011 0.007 0.835 0.137 1    
14:   0.171 0.751 0.009 0.014 0.055 1    
15:   0.006 0.968 0.007 0.009 0.011 1    
16:   0.004 0.791 0.169 0.012 0.024 1    
17:   0.004 0.713 0.031 0.169 0.083 1    
18:   0.007 0.045 0.054 0.014 0.881 1    
19:   0.006 0.031 0.057 0.040 0.867 1    
20:   0.005 0.126 0.009 0.052 0.808 1    
21:   0.612 0.083 0.033 0.116 0.156 1    
22:   0.989 0.003 0.002 0.003 0.003 1    
23:   0.657 0.008 0.014 0.010 0.312 1    
24:   0.647 0.329 0.004 0.013 0.007 1    
25:   0.896 0.017 0.019 0.039 0.030 1    
26:   0.004 0.278 0.012 0.696 0.011 1    
27:   0.743 0.148 0.006 0.006 0.097 1    
28:   0.744 0.006 0.009 0.157 0.085 1    
29:   0.847 0.024 0.006 0.068 0.055 1    
30:   0.608 0.027 0.008 0.025 0.332 1    
31:   0.589 0.055 0.018 0.047 0.291 1    
32:   0.006 0.019 0.008 0.826 0.142 1    
33:   0.695 0.196 0.024 0.045 0.041 1    
34:   0.009 0.097 0.024 0.818 0.052 1    
35:   0.933 0.017 0.019 0.018 0.013 1    
36:   0.005 0.052 0.919 0.014 0.011 1    
37:   0.011 0.017 0.019 0.120 0.834 1    
38:   0.004 0.189 0.012 0.322 0.473 1    
39:   0.959 0.007 0.008 0.011 0.015 1    
40:   0.590 0.349 0.014 0.014 0.033 1    
41:   0.012 0.061 0.010 0.070 0.847 1    
42:   0.645 0.329 0.004 0.006 0.016 1    
43:   0.597 0.019 0.007 0.108 0.268 1    
44:   0.699 0.046 0.013 0.063 0.179 1    
45:   0.689 0.032 0.011 0.031 0.236 1    
46:   0.006 0.943 0.006 0.019 0.026 1    
47:   0.023 0.012 0.029 0.923 0.012 1    
48:   0.977 0.005 0.006 0.005 0.007 1    
49:   0.007 0.106 0.755 0.029 0.103 1    
50:   0.005 0.422 0.554 0.012 0.007 1    
51:   0.005 0.048 0.869 0.062 0.017 1    
52:   0.026 0.029 0.020 0.245 0.680 1    
53:   0.005 0.035 0.749 0.168 0.043 1    
54:   0.010 0.005 0.960 0.017 0.007 1    
55:   0.014 0.006 0.951 0.015 0.014 1    
56:   0.012 0.007 0.857 0.010 0.114 1    
57:   0.021 0.007 0.010 0.010 0.953 1    
58:   0.007 0.028 0.866 0.038 0.061 1    
59:   0.838 0.050 0.026 0.041 0.045 1    
60:   0.604 0.346 0.011 0.021 0.018 1    
61:   0.557 0.017 0.012 0.031 0.383 1    
62:   0.113 0.548 0.090 0.018 0.231 1    
63:   0.010 0.020 0.018 0.010 0.942 1    
64:   0.004 0.021 0.923 0.013 0.039 1    
65:   0.043 0.031 0.646 0.061 0.219 1    
66:   0.059 0.012 0.833 0.036 0.060 1    
67:   0.033 0.459 0.023 0.012 0.473 1    
68:   0.012 0.008 0.948 0.020 0.012 1    
69:   0.006 0.018 0.012 0.923 0.041 1    
70:   0.010 0.882 0.019 0.069 0.021 1    
71:   0.296 0.049 0.524 0.074 0.056 1    
72:   0.053 0.006 0.004 0.012 0.924 1    
73:   0.111 0.028 0.074 0.191 0.596 1    
74:   0.033 0.277 0.007 0.009 0.674 1    
75:   0.490 0.006 0.005 0.494 0.006 1    
76:   0.004 0.017 0.024 0.933 0.021 1    
77:   0.028 0.042 0.010 0.848 0.073 1    
78:   0.060 0.026 0.007 0.020 0.887 1    
79:   0.040 0.178 0.349 0.386 0.047 1    
80:   0.005 0.031 0.207 0.119 0.637 1    
81:   0.018 0.016 0.074 0.022 0.871 1    
82:   0.012 0.594 0.011 0.065 0.319 1    
83:   0.025 0.035 0.010 0.074 0.856 1    
84:   0.038 0.012 0.011 0.020 0.919 1    
85:   0.185 0.037 0.014 0.256 0.508 1    
86:   0.130 0.008 0.011 0.010 0.842 1    
87:   0.009 0.926 0.008 0.016 0.041 1    
88:   0.031 0.018 0.046 0.013 0.891 1    
