  1:   0.1251  0.1064  0.1713  0.1088  0.3936  0.0948  1
  2:   0.0484  0.1489  0.1625  0.1217  0.1667  0.3519  1
  3:   0.1250  0.1230  0.1488  0.3319  0.1318  0.1394  1
  4:   0.7916  0.0428  0.0396  0.0432  0.0368  0.0460  1
  5:   0.1302  0.2602  0.1836  0.1220  0.1062  0.1978  1
  6:   0.2790  0.0890  0.0678  0.4279  0.0528  0.0834  1
  7:   0.0410  0.1272  0.1900  0.1234  0.3973  0.1212  1
  8:   0.3419  0.1608  0.1278  0.0942  0.1176  0.1576  1
  9:   0.0472  0.2006  0.2765  0.1978  0.1284  0.1496  1
 10:   0.0528  0.2870  0.1608  0.1950  0.1088  0.1958  1
 11:   0.0871  0.0712  0.0766  0.6522  0.0438  0.0692  1
 12:   0.2832  0.0828  0.0682  0.4298  0.0512  0.0848  1
 13:   0.3336  0.1050  0.1394  0.0818  0.2200  0.1202  1
 14:   0.0731  0.1725  0.2034  0.1013  0.2842  0.1655  1
 15:   0.0840  0.2257  0.1967  0.0972  0.1321  0.2643  1
 16:   0.0742  0.1052  0.1613  0.0620  0.4179  0.1794  1
 17:   0.2372  0.1318  0.1286  0.2162  0.1422  0.1442  1
 18:   0.1502  0.1346  0.1168  0.2242  0.1006  0.2736  1
 19:   0.1171  0.2488  0.2190  0.0510  0.0787  0.2854  1
 20:   0.0966  0.2049  0.2503  0.1042  0.1479  0.1961  1
 21:   0.2927  0.1515  0.1443  0.0876  0.1297  0.1943  1
 22:   0.1681  0.1426  0.1665  0.0566  0.2695  0.1967  1
 23:   0.0816  0.1292  0.1616  0.1178  0.3610  0.1489  1
 24:   0.1132  0.1719  0.1543  0.1174  0.2683  0.1749  1
 25:   0.1307  0.1657  0.1707  0.2341  0.1479  0.1509  1
 26:   0.0634  0.2799  0.2467  0.0638  0.1318  0.2145  1
 27:   0.0596  0.1850  0.2316  0.0914  0.2549  0.1776  1
 28:   0.3198  0.1674  0.1446  0.0772  0.0778  0.2132  1
 29:   0.0642  0.2159  0.2283  0.1026  0.1200  0.2689  1
 30:   0.0991  0.1807  0.1791  0.0925  0.1643  0.2842  1
 31:   0.0632  0.1742  0.2242  0.1756  0.1938  0.1688  1
 32:   0.1290  0.2102  0.2181  0.1430  0.1078  0.1918  1
 33:   0.1156  0.1613  0.1475  0.2315  0.1325  0.2115  1
 34:   0.1190  0.1807  0.1673  0.0946  0.1328  0.3057  1
 35:   0.0546  0.1654  0.1768  0.0638  0.1494  0.3900  1
 36:   0.1263  0.1735  0.1580  0.0978  0.1046  0.3397  1
 37:   0.2101  0.1689  0.1389  0.1379  0.1547  0.1897  1
 38:   0.2190  0.1390  0.1242  0.2530  0.1196  0.1452  1
 39:   0.0830  0.2118  0.2322  0.0842  0.1142  0.2746  1
 40:   0.0628  0.0842  0.0848  0.6164  0.0652  0.0868  1
 41:   0.0336  0.1687  0.1903  0.1164  0.1349  0.3561  1
 42:   0.0442  0.2196  0.1900  0.1100  0.1578  0.2783  1
 43:   0.1162  0.1948  0.1954  0.0430  0.2036  0.2470  1
 44:   0.0622  0.2361  0.1733  0.2665  0.0897  0.1723  1
 45:   0.1942  0.1868  0.1812  0.1056  0.1182  0.2140  1
 46:   0.1212  0.1490  0.1716  0.0652  0.2596  0.2334  1
 47:   0.0580  0.2246  0.1662  0.1844  0.0858  0.2808  1
 48:   0.0854  0.1984  0.1796  0.1462  0.1656  0.2248  1
 49:   0.1152  0.1640  0.1504  0.0620  0.1954  0.3130  1
 50:   0.0566  0.2566  0.1782  0.2038  0.1628  0.1418  1
 51:   0.3786  0.1206  0.1248  0.0650  0.1327  0.1783  1
 52:   0.1054  0.1480  0.1504  0.2376  0.1634  0.1952  1
 53:   0.5624  0.1080  0.1022  0.0502  0.0500  0.1271  1
 54:   0.1810  0.1710  0.1742  0.1022  0.1482  0.2236  1
 55:   0.4299  0.1195  0.1143  0.1255  0.0870  0.1237  1
 56:   0.2689  0.0760  0.0726  0.4390  0.0586  0.0850  1
 57:   0.0846  0.1638  0.1518  0.1962  0.1904  0.2132  1
 58:   0.1588  0.1586  0.1256  0.3091  0.0890  0.1590  1
 59:   0.3737  0.1236  0.1030  0.2216  0.0716  0.1064  1
 60:   0.1657  0.1059  0.1759  0.0394  0.4253  0.0879  1
 61:   0.1956  0.2044  0.1914  0.1134  0.1030  0.1924  1
 62:   0.1766  0.1506  0.1440  0.0810  0.2609  0.1868  1
 63:   0.0726  0.2192  0.2833  0.0708  0.1378  0.2164  1
 64:   0.0460  0.1335  0.1771  0.1015  0.3768  0.1651  1
 65:   0.1367  0.0980  0.0938  0.4732  0.1006  0.0978  1
 66:   0.0438  0.1314  0.1676  0.2503  0.2360  0.1710  1
 67:   0.2635  0.1869  0.1523  0.1511  0.1108  0.1353  1
 68:   0.2947  0.1724  0.1330  0.1218  0.1028  0.1754  1
 69:   0.2200  0.2080  0.1544  0.0884  0.0934  0.2356  1
 70:   0.2120  0.1978  0.1618  0.0894  0.1096  0.2294  1
 71:   0.2566  0.1746  0.1446  0.0634  0.1500  0.2108  1
 72:   0.3149  0.1221  0.0956  0.2789  0.0606  0.1279  1
 73:   0.1775  0.2141  0.2615  0.0716  0.1134  0.1619  1
 74:   0.2072  0.1748  0.1618  0.0672  0.1568  0.2322  1
 75:   0.1302  0.1474  0.1588  0.0618  0.2765  0.2252  1
 76:   0.1104  0.3119  0.1886  0.0580  0.1427  0.1884  1
 77:   0.1736  0.2410  0.1686  0.0556  0.0678  0.2934  1
 78:   0.7316  0.0600  0.0560  0.0576  0.0400  0.0550  1
 79:   0.2573  0.1524  0.1350  0.1304  0.1916  0.1334  1
 80:   0.1109  0.1487  0.1563  0.0887  0.3612  0.1341  1
 81:   0.1506  0.2549  0.1674  0.0800  0.0926  0.2545  1
 82:   0.1663  0.1351  0.1721  0.0901  0.3280  0.1085  1
 83:   0.1054  0.1765  0.1721  0.0462  0.3439  0.1559  1
 84:   0.1410  0.1656  0.1854  0.0620  0.1894  0.2565  1
 85:   0.1108  0.2122  0.1768  0.0424  0.0954  0.3625  1
 86:   0.1612  0.2220  0.1426  0.1580  0.0964  0.2200  1
 87:   0.0616  0.2526  0.1730  0.1646  0.2124  0.1356  1
 88:   0.2356  0.1762  0.1830  0.0994  0.1208  0.1850  1
 89:   0.0250  0.0484  0.1645  0.0228  0.7071  0.0322  1
 90:   0.0550  0.2202  0.1870  0.1252  0.2504  0.1620  1
 91:   0.1639  0.2105  0.1555  0.2091  0.1015  0.1597  1
 92:   0.1653  0.1467  0.1917  0.0986  0.2271  0.1707  1
 93:   0.0284  0.0554  0.1662  0.0220  0.6889  0.0392  1
 94:   0.1248  0.1503  0.1685  0.1162  0.2465  0.1937  1
 95:   0.1276  0.2446  0.1698  0.0814  0.1300  0.2465  1
 96:   0.0486  0.2614  0.3493  0.0516  0.1204  0.1686  1
 97:   0.0736  0.1854  0.1008  0.4798  0.0680  0.0924  1
 98:   0.1928  0.2549  0.1862  0.0510  0.1326  0.1826  1
 99:   0.7695  0.0448  0.0468  0.0258  0.0656  0.0476  1
100:   0.1752  0.1440  0.1276  0.2877  0.0774  0.1880  1
101:   0.1216  0.1100  0.1670  0.0986  0.3819  0.1208  1
102:   0.5116  0.1054  0.1108  0.0442  0.0802  0.1478  1
103:   0.0424  0.2423  0.3055  0.0496  0.1099  0.2503  1
104:   0.0898  0.2620  0.2054  0.1158  0.1250  0.2020  1
105:   0.1972  0.1316  0.1630  0.0808  0.2605  0.1668  1
106:   0.0308  0.2600  0.4060  0.0324  0.1116  0.1592  1
107:   0.1938  0.1376  0.1592  0.1174  0.2362  0.1560  1
108:   0.0596  0.2381  0.2905  0.0978  0.1501  0.1639  1
109:   0.2490  0.1313  0.1371  0.1837  0.0861  0.2127  1
110:   0.1196  0.2064  0.1924  0.1898  0.1142  0.1778  1
111:   0.0794  0.1746  0.1570  0.0600  0.1999  0.3292  1
112:   0.1002  0.2217  0.1759  0.0552  0.2789  0.1681  1
113:   0.1474  0.2108  0.1576  0.1964  0.1058  0.1822  1
114:   0.0310  0.2609  0.4049  0.0326  0.1124  0.1582  1
115:   0.2481  0.1777  0.1571  0.1329  0.0928  0.1915  1
116:   0.3712  0.0920  0.1192  0.0466  0.2789  0.0922  1
117:   0.0814  0.1773  0.1613  0.1757  0.2907  0.1136  1
118:   0.1804  0.2474  0.1798  0.0906  0.1070  0.1948  1
119:   0.3056  0.1454  0.1628  0.0848  0.1226  0.1788  1
120:   0.7696  0.0448  0.0468  0.0262  0.0638  0.0488  1
121:   0.0616  0.2396  0.2018  0.2100  0.1046  0.1824  1
122:   0.2096  0.1332  0.1012  0.4033  0.0554  0.0972  1
123:   0.0640  0.2577  0.1459  0.2249  0.0936  0.2139  1
124:   0.1350  0.1558  0.1284  0.2188  0.1444  0.2174  1
125:   0.1988  0.2114  0.2000  0.0748  0.1224  0.1924  1
126:   0.6981  0.0672  0.0694  0.0414  0.0546  0.0694  1
127:   0.0214  0.0242  0.0232  0.8840  0.0232  0.0240  1
128:   0.1544  0.1222  0.1632  0.0858  0.3672  0.1072  1
129:   0.0286  0.0554  0.1651  0.0208  0.6906  0.0394  1
130:   0.0396  0.2394  0.4106  0.0344  0.1371  0.1389  1
131:   0.0376  0.2405  0.4117  0.0370  0.1364  0.1368  1
132:   0.0710  0.2456  0.2480  0.0710  0.2072  0.1572  1
133:   0.1331  0.2163  0.1625  0.1743  0.1034  0.2103  1
134:   0.0608  0.2531  0.3077  0.0644  0.1006  0.2135  1
135:   0.1434  0.2660  0.2680  0.0626  0.0948  0.1652  1
136:   0.3131  0.1496  0.1206  0.1946  0.0812  0.1410  1
137:   0.0240  0.0254  0.0242  0.8763  0.0248  0.0254  1
138:   0.0236  0.0252  0.0242  0.8771  0.0248  0.0250  1
139:   0.1304  0.1656  0.2072  0.0794  0.1806  0.2368  1
140:   0.0674  0.2403  0.2006  0.0484  0.2150  0.2284  1
141:   0.0630  0.2686  0.2548  0.1120  0.1056  0.1960  1
142:   0.1131  0.2050  0.2092  0.0865  0.1201  0.2660  1
143:   0.0882  0.1836  0.1656  0.0408  0.1074  0.4144  1
144:   0.1144  0.2040  0.1656  0.0832  0.2881  0.1446  1
145:   0.0758  0.1978  0.1948  0.2060  0.1052  0.2206  1
146:   0.3229  0.1152  0.1226  0.0278  0.2875  0.1240  1
147:   0.0956  0.2650  0.1816  0.1618  0.1032  0.1928  1
148:   0.2312  0.1798  0.1906  0.0786  0.1438  0.1758  1
149:   0.1049  0.2604  0.1817  0.1079  0.1427  0.2023  1
150:   0.1310  0.1828  0.2196  0.0408  0.1852  0.2405  1
151:   0.1932  0.1256  0.1258  0.3431  0.0792  0.1332  1
152:   0.1054  0.2500  0.1842  0.0928  0.1258  0.2418  1
153:   0.1392  0.2070  0.2297  0.0752  0.1118  0.2370  1
154:   0.0482  0.2981  0.1698  0.2024  0.1070  0.1744  1
155:   0.0766  0.2052  0.2270  0.2152  0.0952  0.1808  1
156:   0.1242  0.1192  0.1712  0.1152  0.3374  0.1328  1
157:   0.0332  0.1349  0.1847  0.1695  0.3195  0.1581  1
158:   0.0332  0.1347  0.1873  0.1571  0.3131  0.1747  1
159:   0.0502  0.2502  0.3164  0.0916  0.1078  0.1838  1
160:   0.0474  0.2237  0.1957  0.0898  0.0954  0.3481  1
161:   0.0486  0.1001  0.0801  0.6210  0.0500  0.1003  1
162:   0.0598  0.1340  0.1933  0.0880  0.3677  0.1572  1
163:   0.5210  0.0864  0.0866  0.1122  0.0886  0.1052  1
164:   0.3603  0.1010  0.1256  0.0762  0.2344  0.1024  1
165:   0.0478  0.3020  0.1491  0.2645  0.0932  0.1434  1
166:   0.1366  0.2462  0.2028  0.0956  0.1306  0.1884  1
167:   0.1342  0.2744  0.2422  0.0864  0.0960  0.1670  1
168:   0.3425  0.1630  0.1626  0.1146  0.0648  0.1524  1
169:   0.0410  0.2385  0.3212  0.0648  0.1156  0.2188  1
170:   0.1128  0.2672  0.1522  0.2024  0.1082  0.1574  1
171:   0.0520  0.2300  0.3529  0.0354  0.1838  0.1460  1
172:   0.1248  0.0946  0.1054  0.3839  0.1802  0.1112  1
173:   0.1996  0.1162  0.0932  0.3379  0.0754  0.1778  1
174:   0.1857  0.2548  0.1849  0.0724  0.0896  0.2127  1
175:   0.4093  0.1318  0.0996  0.1492  0.0530  0.1572  1
176:   0.0626  0.2090  0.1996  0.0804  0.2402  0.2084  1
177:   0.5811  0.1148  0.0672  0.1262  0.0456  0.0650  1
178:   0.0554  0.2454  0.2461  0.1276  0.1458  0.1796  1
179:   0.1042  0.2147  0.2715  0.0486  0.1977  0.1633  1
180:   0.2984  0.1624  0.1844  0.0378  0.1432  0.1738  1
181:   0.1146  0.1030  0.1170  0.3866  0.1886  0.0902  1
182:   0.3043  0.1727  0.1475  0.0650  0.1143  0.1963  1
183:   0.0550  0.2063  0.1981  0.2085  0.0794  0.2527  1
184:   0.0576  0.3218  0.1791  0.1822  0.1085  0.1507  1
185:   0.0268  0.0488  0.1647  0.0252  0.7017  0.0328  1
186:   0.0272  0.0490  0.1639  0.0248  0.7027  0.0324  1
187:   0.1224  0.2602  0.1856  0.0604  0.0872  0.2842  1
188:   0.0922  0.2430  0.2360  0.0604  0.1360  0.2324  1
189:   0.2236  0.1100  0.1030  0.3462  0.0878  0.1294  1
190:   0.2348  0.1424  0.1300  0.1722  0.1334  0.1874  1
191:   0.1617  0.2031  0.1485  0.2065  0.0878  0.1923  1
192:   0.0476  0.1008  0.0818  0.6204  0.0496  0.1000  1
193:   0.2198  0.1560  0.1488  0.2016  0.0788  0.1952  1
194:   0.0728  0.1064  0.1354  0.3191  0.1923  0.1740  1
195:   0.1906  0.1624  0.1404  0.1456  0.1338  0.2270  1
196:   0.0552  0.2282  0.3442  0.0898  0.1184  0.1642  1
197:   0.3604  0.1184  0.0850  0.2638  0.0722  0.1002  1
198:   0.0526  0.1912  0.1738  0.1758  0.2312  0.1752  1
199:   0.1215  0.1431  0.1699  0.2165  0.2145  0.1343  1
200:   0.1457  0.1779  0.1545  0.0648  0.2795  0.1775  1
201:   0.0676  0.2203  0.2277  0.0374  0.1815  0.2655  1
202:   0.0450  0.3188  0.1794  0.1434  0.1062  0.2072  1
203:   0.0596  0.2525  0.3595  0.0408  0.1180  0.1696  1
204:   0.0860  0.1394  0.1674  0.0906  0.3394  0.1772  1
205:   0.3002  0.1392  0.1392  0.1356  0.1368  0.1490  1
206:   0.2450  0.1440  0.1258  0.1560  0.1072  0.2218  1
207:   0.0552  0.2310  0.2826  0.1748  0.0876  0.1688  1
208:   0.0826  0.1786  0.2180  0.2248  0.0854  0.2106  1
209:   0.0698  0.2535  0.1647  0.1869  0.1701  0.1551  1
210:   0.0642  0.1732  0.1290  0.3733  0.0934  0.1668  1
211:   0.0650  0.1150  0.1440  0.4313  0.0888  0.1558  1
212:   0.0778  0.2770  0.1578  0.1140  0.1376  0.2358  1
213:   0.1428  0.2404  0.1670  0.0340  0.0766  0.3391  1
214:   0.1014  0.1743  0.1633  0.1799  0.1151  0.2659  1
215:   0.0400  0.0992  0.1688  0.0358  0.5489  0.1074  1
216:   0.6231  0.0492  0.0476  0.1601  0.0676  0.0524  1
217:   0.0900  0.2401  0.2386  0.1140  0.1528  0.1646  1
218:   0.0832  0.1888  0.1720  0.0666  0.2372  0.2521  1
219:   0.1158  0.2110  0.2372  0.1014  0.1620  0.1724  1
220:   0.1356  0.1596  0.1690  0.1778  0.1514  0.2066  1
221:   0.0904  0.1738  0.1762  0.1338  0.2822  0.1438  1
222:   0.0668  0.1690  0.1930  0.0924  0.3065  0.1722  1
223:   0.0908  0.2232  0.1608  0.1186  0.2434  0.1632  1
224:   0.0586  0.3135  0.2198  0.1348  0.0976  0.1756  1
225:   0.1104  0.1830  0.1554  0.0712  0.1376  0.3424  1
226:   0.0614  0.0648  0.0644  0.7143  0.0402  0.0548  1
227:   0.0596  0.1472  0.1657  0.0612  0.1779  0.3884  1
228:   0.1157  0.2134  0.2548  0.0560  0.1880  0.1721  1
229:   0.3000  0.1160  0.1222  0.0786  0.2162  0.1670  1
230:   0.2001  0.1469  0.1717  0.1781  0.1311  0.1719  1
231:   0.1004  0.2785  0.1718  0.1454  0.1392  0.1646  1
232:   0.2284  0.1454  0.1706  0.0504  0.2362  0.1690  1
233:   0.4502  0.0846  0.0602  0.2996  0.0424  0.0630  1
234:   0.2222  0.1804  0.2506  0.0596  0.1378  0.1494  1
235:   0.0740  0.1444  0.1308  0.3289  0.0646  0.2573  1
236:   0.4681  0.1166  0.0980  0.1174  0.0800  0.1200  1
237:   0.1727  0.1433  0.1579  0.1260  0.2221  0.1779  1
238:   0.5453  0.0714  0.0690  0.1670  0.0700  0.0772  1
239:   0.2883  0.1501  0.1545  0.1275  0.1062  0.1733  1
240:   0.0798  0.1646  0.1926  0.0852  0.2412  0.2364  1
241:   0.3911  0.0926  0.1046  0.0942  0.2080  0.1096  1
242:   0.5221  0.0858  0.0620  0.2160  0.0448  0.0694  1
243:   0.1102  0.1836  0.1944  0.0726  0.1802  0.2589  1
244:   0.0730  0.2282  0.2441  0.1180  0.1196  0.2170  1
245:   0.1244  0.2778  0.2055  0.0850  0.1454  0.1618  1
246:   0.1068  0.1351  0.1543  0.2079  0.2231  0.1729  1
247:   0.1810  0.1594  0.2196  0.1908  0.1200  0.1292  1
248:   0.2502  0.2230  0.1346  0.1670  0.0782  0.1468  1
249:   0.1539  0.1905  0.2664  0.0632  0.1651  0.1609  1
250:   0.2194  0.1216  0.1468  0.1182  0.2605  0.1334  1
251:   0.1422  0.1488  0.1302  0.3662  0.0794  0.1332  1
252:   0.1014  0.2276  0.2322  0.0846  0.1736  0.1808  1
253:   0.3309  0.1618  0.1414  0.0694  0.1054  0.1910  1
254:   0.1138  0.2398  0.1734  0.1310  0.1062  0.2358  1
255:   0.2886  0.1210  0.1284  0.1956  0.1376  0.1288  1
256:   0.4772  0.1016  0.0952  0.0812  0.0570  0.1877  1
257:   0.6617  0.0712  0.0538  0.1098  0.0450  0.0584  1
258:   0.2863  0.1665  0.1373  0.1251  0.1415  0.1435  1
259:   0.2124  0.2106  0.1478  0.0920  0.0746  0.2625  1
260:   0.2650  0.1347  0.1213  0.1975  0.1283  0.1531  1
261:   0.0950  0.1300  0.1447  0.2937  0.1981  0.1385  1
262:   0.4464  0.0918  0.1064  0.1576  0.1000  0.0978  1
263:   0.0612  0.2441  0.2471  0.1090  0.1501  0.1885  1
264:   0.2284  0.1898  0.1666  0.1094  0.1138  0.1922  1
265:   0.2894  0.1516  0.1262  0.2208  0.0782  0.1338  1
266:   0.1152  0.1474  0.1748  0.1212  0.3015  0.1400  1
267:   0.1222  0.1774  0.1712  0.0966  0.2356  0.1970  1
268:   0.4808  0.1080  0.0910  0.0702  0.1062  0.1437  1
269:   0.2513  0.2361  0.1573  0.0408  0.0896  0.2249  1
270:   0.3932  0.1152  0.1226  0.0836  0.1216  0.1637  1
