  1:   0.3510  0.3000  0.3490  1
  2:   0.3590  0.2830  0.3580  1
  3:   0.3350  0.3280  0.3370  1
  4:   0.3040  0.3990  0.2970  1
  5:   0.3400  0.3180  0.3420  1
  6:   0.3413  0.3243  0.3343  1
  7:   0.3350  0.3270  0.3380  1
  8:   0.3380  0.3140  0.3480  1
  9:   0.3040  0.3880  0.3080  1
 10:   0.3290  0.3520  0.3190  1
 11:   0.3540  0.2920  0.3540  1
 12:   0.3050  0.3840  0.3110  1
 13:   0.2970  0.4060  0.2970  1
 14:   0.3070  0.3870  0.3060  1
 15:   0.3390  0.3220  0.3390  1
 16:   0.3337  0.3327  0.3337  1
 17:   0.3180  0.3630  0.3190  1
 18:   0.3333  0.3343  0.3323  1
 19:   0.3367  0.3347  0.3287  1
 20:   0.3250  0.3510  0.3240  1
 21:   0.3510  0.3010  0.3480  1
 22:   0.3253  0.3504  0.3243  1
 23:   0.3460  0.3050  0.3490  1
 24:   0.3290  0.3450  0.3260  1
 25:   0.3360  0.3310  0.3330  1
 26:   0.3310  0.3370  0.3320  1
 27:   0.3280  0.3480  0.3240  1
 28:   0.3343  0.3263  0.3393  1
 29:   0.3330  0.3320  0.3350  1
 30:   0.3270  0.3400  0.3330  1
 31:   0.3510  0.2830  0.3660  1
 32:   0.3343  0.3393  0.3263  1
 33:   0.3250  0.3460  0.3290  1
 34:   0.3340  0.3310  0.3350  1
 35:   0.3120  0.3800  0.3080  1
 36:   0.3480  0.3010  0.3510  1
 37:   0.3510  0.2770  0.3720  1
 38:   0.3260  0.3410  0.3330  1
 39:   0.3240  0.3490  0.3270  1
 40:   0.3483  0.3143  0.3373  1
 41:   0.3340  0.3330  0.3330  1
 42:   0.3137  0.3726  0.3137  1
 43:   0.3210  0.3560  0.3230  1
 44:   0.3470  0.3110  0.3420  1
 45:   0.3460  0.3190  0.3350  1
 46:   0.3220  0.3510  0.3270  1
 47:   0.3590  0.2880  0.3530  1
 48:   0.3370  0.3160  0.3470  1
 49:   0.3107  0.3706  0.3187  1
 50:   0.3580  0.2970  0.3450  1
 51:   0.3000  0.3990  0.3010  1
 52:   0.3450  0.3150  0.3400  1
 53:   0.3347  0.3337  0.3317  1
 54:   0.3450  0.3070  0.3480  1
 55:   0.3243  0.3423  0.3333  1
 56:   0.3370  0.3290  0.3340  1
 57:   0.3540  0.3000  0.3460  1
 58:   0.3360  0.3370  0.3270  1
 59:   0.3410  0.3150  0.3440  1
 60:   0.3470  0.3020  0.3510  1
 61:   0.3253  0.3473  0.3273  1
 62:   0.3277  0.3377  0.3347  1
 63:   0.3313  0.3293  0.3393  1
 64:   0.3614  0.2843  0.3544  1
 65:   0.3357  0.3237  0.3407  1
 66:   0.3320  0.3310  0.3370  1
 67:   0.3160  0.3610  0.3230  1
 68:   0.3407  0.3217  0.3377  1
 69:   0.3230  0.3430  0.3340  1
 70:   0.3450  0.3160  0.3390  1
 71:   0.3440  0.3080  0.3480  1
 72:   0.3250  0.3450  0.3300  1
 73:   0.3490  0.3100  0.3410  1
 74:   0.3483  0.3053  0.3463  1
 75:   0.3337  0.3417  0.3247  1
 76:   0.3487  0.3037  0.3477  1
 77:   0.3300  0.3230  0.3470  1
 78:   0.3520  0.2930  0.3550  1
 79:   0.3280  0.3430  0.3290  1
 80:   0.3000  0.3990  0.3010  1
 81:   0.3460  0.3100  0.3440  1
 82:   0.3600  0.2840  0.3560  1
 83:   0.3530  0.3050  0.3420  1
 84:   0.3290  0.3510  0.3200  1
 85:   0.3520  0.2910  0.3570  1
 86:   0.3350  0.3300  0.3350  1
 87:   0.3460  0.3180  0.3360  1
 88:   0.3220  0.3590  0.3190  1
 89:   0.3250  0.3560  0.3190  1
 90:   0.3290  0.3430  0.3280  1
 91:   0.3510  0.2990  0.3500  1
 92:   0.3440  0.3120  0.3440  1
 93:   0.3443  0.3213  0.3343  1
 94:   0.3510  0.3060  0.3430  1
 95:   0.3480  0.3070  0.3450  1
 96:   0.3220  0.3550  0.3230  1
 97:   0.3230  0.3560  0.3210  1
 98:   0.3270  0.3460  0.3270  1
 99:   0.3340  0.3380  0.3280  1
100:   0.3410  0.3240  0.3350  1
101:   0.3410  0.3260  0.3330  1
102:   0.3480  0.3050  0.3470  1
103:   0.3130  0.3690  0.3180  1
104:   0.3390  0.3140  0.3470  1
105:   0.3590  0.2820  0.3590  1
106:   0.3290  0.3400  0.3310  1
107:   0.3240  0.3520  0.3240  1
108:   0.3310  0.3300  0.3390  1
109:   0.3190  0.3630  0.3180  1
110:   0.3320  0.3290  0.3390  1
111:   0.3490  0.3130  0.3380  1
112:   0.3310  0.3380  0.3310  1
113:   0.3090  0.3840  0.3070  1
114:   0.3360  0.3220  0.3420  1
115:   0.3210  0.3580  0.3210  1
116:   0.3280  0.3460  0.3260  1
117:   0.3400  0.3140  0.3460  1
118:   0.3570  0.2960  0.3470  1
119:   0.3510  0.3060  0.3430  1
120:   0.3340  0.3410  0.3250  1
121:   0.3160  0.3690  0.3150  1
122:   0.3310  0.3330  0.3360  1
123:   0.3390  0.3270  0.3340  1
124:   0.3330  0.3270  0.3400  1
125:   0.3460  0.3060  0.3480  1
126:   0.3410  0.3240  0.3350  1
127:   0.3380  0.3290  0.3330  1
128:   0.3080  0.3770  0.3150  1
129:   0.3130  0.3640  0.3230  1
130:   0.3307  0.3377  0.3317  1
131:   0.3460  0.3000  0.3540  1
132:   0.3410  0.3160  0.3430  1
133:   0.3497  0.2977  0.3526  1
134:   0.3420  0.3190  0.3390  1
135:   0.3410  0.3200  0.3390  1
136:   0.3290  0.3340  0.3370  1
137:   0.3310  0.3350  0.3340  1
138:   0.3060  0.3800  0.3140  1
139:   0.3450  0.3060  0.3490  1
140:   0.3430  0.3200  0.3370  1
141:   0.3340  0.3310  0.3350  1
142:   0.3460  0.3060  0.3480  1
143:   0.3170  0.3690  0.3140  1
144:   0.3390  0.3120  0.3490  1
145:   0.3230  0.3550  0.3220  1
146:   0.3307  0.3327  0.3367  1
147:   0.3340  0.3290  0.3370  1
148:   0.3210  0.3610  0.3180  1
149:   0.3300  0.3390  0.3310  1
150:   0.3390  0.3260  0.3350  1
151:   0.3340  0.3250  0.3410  1
152:   0.3490  0.3100  0.3410  1
153:   0.3373  0.3223  0.3403  1
154:   0.3280  0.3470  0.3250  1
155:   0.3220  0.3590  0.3190  1
156:   0.3463  0.2943  0.3594  1
157:   0.3574  0.2953  0.3473  1
158:   0.3380  0.3230  0.3390  1
159:   0.3400  0.3230  0.3370  1
160:   0.3353  0.3233  0.3413  1
161:   0.3120  0.3750  0.3130  1
162:   0.2248  0.5475  0.2278  1
163:   0.3530  0.2760  0.3710  1
164:   0.3350  0.3350  0.3300  1
165:   0.3480  0.2970  0.3550  1
166:   0.3340  0.3330  0.3330  1
167:   0.3090  0.3810  0.3100  1
168:   0.3250  0.3510  0.3240  1
169:   0.3500  0.3050  0.3450  1
170:   0.3310  0.3540  0.3150  1
171:   0.3347  0.3227  0.3427  1
172:   0.3360  0.3270  0.3370  1
173:   0.3430  0.3140  0.3430  1
174:   0.3183  0.3654  0.3163  1
175:   0.3070  0.3760  0.3170  1
176:   0.3530  0.3030  0.3440  1
177:   0.3570  0.2790  0.3640  1
178:   0.3520  0.2940  0.3540  1
179:   0.3310  0.3430  0.3260  1
180:   0.3220  0.3580  0.3200  1
181:   0.3463  0.3163  0.3373  1
182:   0.3230  0.3530  0.3240  1
183:   0.3400  0.3240  0.3360  1
184:   0.3320  0.3340  0.3340  1
185:   0.3357  0.3217  0.3427  1
186:   0.3360  0.3200  0.3440  1
187:   0.3530  0.3010  0.3460  1
188:   0.3423  0.3043  0.3534  1
189:   0.3300  0.3440  0.3260  1
190:   0.3347  0.3387  0.3267  1
191:   0.3217  0.3536  0.3247  1
192:   0.3320  0.3350  0.3330  1
193:   0.3300  0.3420  0.3280  1
194:   0.3270  0.3510  0.3220  1
195:   0.3240  0.3580  0.3180  1
196:   0.3070  0.3860  0.3070  1
197:   0.3430  0.3250  0.3320  1
198:   0.3330  0.3450  0.3220  1
199:   0.3490  0.3130  0.3380  1
200:   0.3534  0.2993  0.3473  1
201:   0.3160  0.3660  0.3180  1
202:   0.3460  0.3060  0.3480  1
203:   0.3360  0.3340  0.3300  1
204:   0.3407  0.3247  0.3347  1
205:   0.3300  0.3460  0.3240  1
206:   0.3340  0.3250  0.3410  1
207:   0.3330  0.3390  0.3280  1
208:   0.3493  0.3133  0.3373  1
209:   0.3200  0.3530  0.3270  1
210:   0.3453  0.3113  0.3433  1
211:   0.3400  0.3080  0.3520  1
212:   0.3130  0.3740  0.3130  1
213:   0.3410  0.3210  0.3380  1
214:   0.3337  0.3227  0.3437  1
215:   0.3290  0.3340  0.3370  1
216:   0.3133  0.3784  0.3083  1
217:   0.3510  0.2970  0.3520  1
218:   0.3413  0.3213  0.3373  1
219:   0.3090  0.3850  0.3060  1
220:   0.3260  0.3500  0.3240  1
221:   0.3240  0.3570  0.3190  1
222:   0.3330  0.3360  0.3310  1
223:   0.3516  0.2967  0.3516  1
224:   0.3363  0.3183  0.3453  1
225:   0.3237  0.3596  0.3167  1
226:   0.3040  0.3890  0.3070  1
227:   0.3310  0.3340  0.3350  1
228:   0.3430  0.3140  0.3430  1
229:   0.3490  0.3030  0.3480  1
230:   0.3250  0.3450  0.3300  1
231:   0.3203  0.3504  0.3293  1
232:   0.3450  0.3040  0.3510  1
233:   0.3240  0.3580  0.3180  1
234:   0.3520  0.2970  0.3510  1
235:   0.3600  0.2990  0.3410  1
236:   0.3050  0.3910  0.3040  1
237:   0.3640  0.2820  0.3540  1
238:   0.3500  0.2950  0.3550  1
239:   0.3510  0.2960  0.3530  1
240:   0.3080  0.3820  0.3100  1
241:   0.3143  0.3674  0.3183  1
242:   0.3590  0.2880  0.3530  1
243:   0.3550  0.2920  0.3530  1
244:   0.3390  0.3210  0.3400  1
245:   0.3167  0.3556  0.3277  1
246:   0.3227  0.3546  0.3227  1
247:   0.3220  0.3580  0.3200  1
248:   0.3340  0.3370  0.3290  1
249:   0.3250  0.3470  0.3280  1
250:   0.3120  0.3630  0.3250  1
251:   0.3250  0.3440  0.3310  1
252:   0.3323  0.3283  0.3393  1
253:   0.3410  0.3160  0.3430  1
254:   0.3400  0.3210  0.3390  1
255:   0.3190  0.3620  0.3190  1
256:   0.3180  0.3700  0.3120  1
257:   0.3340  0.3260  0.3400  1
258:   0.3090  0.3720  0.3190  1
259:   0.3400  0.3210  0.3390  1
260:   0.3220  0.3570  0.3210  1
261:   0.3310  0.3390  0.3300  1
262:   0.3420  0.3080  0.3500  1
263:   0.3400  0.3120  0.3480  1
264:   0.3483  0.3043  0.3473  1
265:   0.3390  0.3280  0.3330  1
266:   0.3300  0.3420  0.3280  1
267:   0.3380  0.3190  0.3430  1
268:   0.3100  0.3740  0.3160  1
269:   0.2977  0.3986  0.3037  1
270:   0.3300  0.3400  0.3300  1
271:   0.3280  0.3430  0.3290  1
272:   0.2940  0.4120  0.2940  1
273:   0.3580  0.2740  0.3680  1
274:   0.3660  0.2850  0.3490  1
275:   0.3400  0.3100  0.3500  1
276:   0.3520  0.2980  0.3500  1
277:   0.3550  0.2880  0.3570  1
278:   0.3600  0.2890  0.3510  1
279:   0.3350  0.3220  0.3430  1
280:   0.3150  0.3670  0.3180  1
281:   0.3510  0.3030  0.3460  1
282:   0.3293  0.3383  0.3323  1
283:   0.3510  0.2940  0.3550  1
284:   0.3293  0.3393  0.3313  1
285:   0.3000  0.3990  0.3010  1
286:   0.3387  0.3267  0.3347  1
287:   0.3223  0.3624  0.3153  1
288:   0.3150  0.3760  0.3090  1
289:   0.3250  0.3400  0.3350  1
290:   0.3423  0.3063  0.3514  1
291:   0.3554  0.2913  0.3534  1
292:   0.3430  0.3170  0.3400  1
293:   0.3120  0.3800  0.3080  1
294:   0.3470  0.3010  0.3520  1
295:   0.3270  0.3480  0.3250  1
296:   0.3210  0.3620  0.3170  1
297:   0.3090  0.3770  0.3140  1
298:   0.2990  0.4010  0.3000  1
299:   0.3490  0.2950  0.3560  1
300:   0.3480  0.2990  0.3530  1

  1:   0.3626  0.2907  0.3467  1
  2:   0.3526  0.2767  0.3706  1
  3:   0.3433  0.3273  0.3293  1
  4:   0.2910  0.4100  0.2990  1
  5:   0.3433  0.3173  0.3393  1
  6:   0.3440  0.3140  0.3420  1
  7:   0.3260  0.3380  0.3360  1
  8:   0.3283  0.3183  0.3534  1
  9:   0.3020  0.3990  0.2990  1
 10:   0.3260  0.3610  0.3130  1
 11:   0.3700  0.2770  0.3530  1
 12:   0.2990  0.3960  0.3050  1
 13:   0.2970  0.4220  0.2810  1
 14:   0.3000  0.3940  0.3060  1
 15:   0.3440  0.3180  0.3380  1
 16:   0.3310  0.3350  0.3340  1
 17:   0.3197  0.3696  0.3107  1
 18:   0.3403  0.3343  0.3253  1
 19:   0.3353  0.3383  0.3263  1
 20:   0.3290  0.3490  0.3220  1
 21:   0.3584  0.2953  0.3463  1
 22:   0.3210  0.3560  0.3230  1
 23:   0.3440  0.3040  0.3520  1
 24:   0.3243  0.3383  0.3373  1
 25:   0.3330  0.3350  0.3320  1
 26:   0.3270  0.3360  0.3370  1
 27:   0.3190  0.3570  0.3240  1
 28:   0.3310  0.3270  0.3420  1
 29:   0.3437  0.3237  0.3327  1
 30:   0.3350  0.3390  0.3260  1
 31:   0.3440  0.2810  0.3750  1
 32:   0.3350  0.3360  0.3290  1
 33:   0.3280  0.3480  0.3240  1
 34:   0.3320  0.3350  0.3330  1
 35:   0.3000  0.3940  0.3060  1
 36:   0.3520  0.2970  0.3510  1
 37:   0.3540  0.2690  0.3770  1
 38:   0.3233  0.3393  0.3373  1
 39:   0.3280  0.3420  0.3300  1
 40:   0.3490  0.3120  0.3390  1
 41:   0.3380  0.3240  0.3380  1
 42:   0.3140  0.3860  0.3000  1
 43:   0.3210  0.3620  0.3170  1
 44:   0.3550  0.3040  0.3410  1
 45:   0.3534  0.3103  0.3363  1
 46:   0.3190  0.3540  0.3270  1
 47:   0.3604  0.2753  0.3644  1
 48:   0.3477  0.3117  0.3407  1
 49:   0.3120  0.3780  0.3100  1
 50:   0.3670  0.2850  0.3480  1
 51:   0.2890  0.4160  0.2950  1
 52:   0.3470  0.3170  0.3360  1
 53:   0.3243  0.3353  0.3403  1
 54:   0.3470  0.2990  0.3540  1
 55:   0.3220  0.3360  0.3420  1
 56:   0.3290  0.3290  0.3420  1
 57:   0.3580  0.2940  0.3480  1
 58:   0.3280  0.3370  0.3350  1
 59:   0.3450  0.3060  0.3490  1
 60:   0.3526  0.2947  0.3526  1
 61:   0.3210  0.3560  0.3230  1
 62:   0.3220  0.3420  0.3360  1
 63:   0.3220  0.3300  0.3480  1
 64:   0.3740  0.2690  0.3570  1
 65:   0.3380  0.3200  0.3420  1
 66:   0.3230  0.3380  0.3390  1
 67:   0.3170  0.3720  0.3110  1
 68:   0.3510  0.3160  0.3330  1
 69:   0.3190  0.3470  0.3340  1
 70:   0.3447  0.3097  0.3457  1
 71:   0.3540  0.2990  0.3470  1
 72:   0.3330  0.3500  0.3170  1
 73:   0.3580  0.3030  0.3390  1
 74:   0.3500  0.3050  0.3450  1
 75:   0.3410  0.3370  0.3220  1
 76:   0.3544  0.2953  0.3504  1
 77:   0.3273  0.3223  0.3504  1
 78:   0.3493  0.2903  0.3604  1
 79:   0.3350  0.3440  0.3210  1
 80:   0.2910  0.4100  0.2990  1
 81:   0.3490  0.3120  0.3390  1
 82:   0.3580  0.2760  0.3660  1
 83:   0.3630  0.3000  0.3370  1
 84:   0.3190  0.3560  0.3250  1
 85:   0.3550  0.2830  0.3620  1
 86:   0.3430  0.3220  0.3350  1
 87:   0.3546  0.3097  0.3357  1
 88:   0.3130  0.3640  0.3230  1
 89:   0.3290  0.3540  0.3170  1
 90:   0.3227  0.3457  0.3317  1
 91:   0.3586  0.2927  0.3487  1
 92:   0.3440  0.3120  0.3440  1
 93:   0.3500  0.3200  0.3300  1
 94:   0.3630  0.2960  0.3410  1
 95:   0.3487  0.2987  0.3526  1
 96:   0.3157  0.3636  0.3207  1
 97:   0.3280  0.3530  0.3190  1
 98:   0.3270  0.3530  0.3200  1
 99:   0.3300  0.3440  0.3260  1
100:   0.3440  0.3220  0.3340  1
101:   0.3390  0.3200  0.3410  1
102:   0.3480  0.2980  0.3540  1
103:   0.3023  0.3754  0.3223  1
104:   0.3400  0.3120  0.3480  1
105:   0.3650  0.2740  0.3610  1
106:   0.3300  0.3410  0.3290  1
107:   0.3327  0.3516  0.3157  1
108:   0.3270  0.3310  0.3420  1
109:   0.3130  0.3760  0.3110  1
110:   0.3420  0.3230  0.3350  1
111:   0.3467  0.3117  0.3417  1
112:   0.3290  0.3400  0.3310  1
113:   0.3030  0.3980  0.2990  1
114:   0.3320  0.3270  0.3410  1
115:   0.3190  0.3630  0.3180  1
116:   0.3260  0.3520  0.3220  1
117:   0.3370  0.3130  0.3500  1
118:   0.3640  0.2880  0.3480  1
119:   0.3520  0.2980  0.3500  1
120:   0.3320  0.3400  0.3280  1
121:   0.3010  0.3810  0.3180  1
122:   0.3150  0.3390  0.3460  1
123:   0.3510  0.3220  0.3270  1
124:   0.3330  0.3320  0.3350  1
125:   0.3500  0.2990  0.3510  1
126:   0.3380  0.3210  0.3410  1
127:   0.3370  0.3240  0.3390  1
128:   0.2980  0.3870  0.3150  1
129:   0.3100  0.3720  0.3180  1
130:   0.3390  0.3350  0.3260  1
131:   0.3480  0.2970  0.3550  1
132:   0.3480  0.3140  0.3380  1
133:   0.3584  0.2913  0.3504  1
134:   0.3333  0.3163  0.3504  1
135:   0.3420  0.3170  0.3410  1
136:   0.3307  0.3337  0.3357  1
137:   0.3380  0.3370  0.3250  1
138:   0.2987  0.3956  0.3057  1
139:   0.3427  0.3067  0.3506  1
140:   0.3410  0.3110  0.3480  1
141:   0.3373  0.3333  0.3293  1
142:   0.3420  0.2980  0.3600  1
143:   0.3140  0.3760  0.3100  1
144:   0.3380  0.3110  0.3510  1
145:   0.3150  0.3630  0.3220  1
146:   0.3260  0.3330  0.3410  1
147:   0.3367  0.3287  0.3347  1
148:   0.3127  0.3656  0.3217  1
149:   0.3170  0.3530  0.3300  1
150:   0.3433  0.3263  0.3303  1
151:   0.3413  0.3273  0.3313  1
152:   0.3590  0.3000  0.3410  1
153:   0.3477  0.3137  0.3387  1
154:   0.3330  0.3490  0.3180  1
155:   0.3200  0.3630  0.3170  1
156:   0.3510  0.2850  0.3640  1
157:   0.3550  0.2880  0.3570  1
158:   0.3510  0.3160  0.3330  1
159:   0.3410  0.3200  0.3390  1
160:   0.3310  0.3210  0.3480  1
161:   0.3070  0.3790  0.3140  1
162:   0.2080  0.5830  0.2090  1
163:   0.3610  0.2680  0.3710  1
164:   0.3400  0.3330  0.3270  1
165:   0.3580  0.2900  0.3520  1
166:   0.3377  0.3307  0.3317  1
167:   0.3030  0.3930  0.3040  1
168:   0.3170  0.3510  0.3320  1
169:   0.3420  0.3040  0.3540  1
170:   0.3220  0.3550  0.3230  1
171:   0.3307  0.3207  0.3487  1
172:   0.3370  0.3270  0.3360  1
173:   0.3417  0.3077  0.3506  1
174:   0.3170  0.3780  0.3050  1
175:   0.3070  0.3840  0.3090  1
176:   0.3704  0.2953  0.3343  1
177:   0.3600  0.2720  0.3680  1
178:   0.3540  0.2860  0.3600  1
179:   0.3340  0.3460  0.3200  1
180:   0.3317  0.3596  0.3087  1
181:   0.3460  0.3090  0.3450  1
182:   0.3110  0.3590  0.3300  1
183:   0.3430  0.3160  0.3410  1
184:   0.3223  0.3303  0.3473  1
185:   0.3350  0.3230  0.3420  1
186:   0.3310  0.3200  0.3490  1
187:   0.3530  0.2990  0.3480  1
188:   0.3360  0.3000  0.3640  1
189:   0.3363  0.3373  0.3263  1
190:   0.3303  0.3363  0.3333  1
191:   0.3180  0.3500  0.3320  1
192:   0.3320  0.3380  0.3300  1
193:   0.3390  0.3450  0.3160  1
194:   0.3240  0.3530  0.3230  1
195:   0.3110  0.3650  0.3240  1
196:   0.2950  0.4010  0.3040  1
197:   0.3490  0.3160  0.3350  1
198:   0.3440  0.3410  0.3150  1
199:   0.3510  0.3030  0.3460  1
200:   0.3520  0.2960  0.3520  1
201:   0.3107  0.3756  0.3137  1
202:   0.3440  0.3010  0.3550  1
203:   0.3280  0.3320  0.3400  1
204:   0.3410  0.3250  0.3340  1
205:   0.3370  0.3470  0.3160  1
206:   0.3270  0.3230  0.3500  1
207:   0.3457  0.3367  0.3177  1
208:   0.3430  0.3150  0.3420  1
209:   0.3130  0.3620  0.3250  1
210:   0.3510  0.3070  0.3420  1
211:   0.3460  0.3030  0.3510  1
212:   0.3030  0.3860  0.3110  1
213:   0.3483  0.3113  0.3403  1
214:   0.3250  0.3250  0.3500  1
215:   0.3330  0.3310  0.3360  1
216:   0.3017  0.3896  0.3087  1
217:   0.3540  0.2880  0.3580  1
218:   0.3400  0.3210  0.3390  1
219:   0.3067  0.3956  0.2977  1
220:   0.3210  0.3540  0.3250  1
221:   0.3243  0.3554  0.3203  1
222:   0.3430  0.3330  0.3240  1
223:   0.3463  0.2933  0.3604  1
224:   0.3373  0.3153  0.3473  1
225:   0.3260  0.3610  0.3130  1
226:   0.3000  0.4040  0.2960  1
227:   0.3320  0.3330  0.3350  1
228:   0.3500  0.3050  0.3450  1
229:   0.3630  0.2920  0.3450  1
230:   0.3180  0.3550  0.3270  1
231:   0.3210  0.3610  0.3180  1
232:   0.3460  0.2990  0.3550  1
233:   0.3250  0.3590  0.3160  1
234:   0.3530  0.2930  0.3540  1
235:   0.3760  0.2820  0.3420  1
236:   0.3030  0.3990  0.2980  1
237:   0.3730  0.2720  0.3550  1
238:   0.3604  0.2873  0.3524  1
239:   0.3644  0.2863  0.3493  1
240:   0.3000  0.3960  0.3040  1
241:   0.3110  0.3790  0.3100  1
242:   0.3730  0.2780  0.3490  1
243:   0.3640  0.2820  0.3540  1
244:   0.3390  0.3190  0.3420  1
245:   0.3190  0.3570  0.3240  1
246:   0.3250  0.3600  0.3150  1
247:   0.3203  0.3594  0.3203  1
248:   0.3350  0.3370  0.3280  1
249:   0.3200  0.3550  0.3250  1
250:   0.3100  0.3670  0.3230  1
251:   0.3260  0.3470  0.3270  1
252:   0.3290  0.3340  0.3370  1
253:   0.3300  0.3140  0.3560  1
254:   0.3300  0.3210  0.3490  1
255:   0.3110  0.3700  0.3190  1
256:   0.3150  0.3750  0.3100  1
257:   0.3270  0.3230  0.3500  1
258:   0.3067  0.3786  0.3147  1
259:   0.3450  0.3230  0.3320  1
260:   0.3290  0.3540  0.3170  1
261:   0.3410  0.3400  0.3190  1
262:   0.3310  0.3100  0.3590  1
263:   0.3460  0.3100  0.3440  1
264:   0.3604  0.2983  0.3413  1
265:   0.3340  0.3320  0.3340  1
266:   0.3287  0.3387  0.3327  1
267:   0.3420  0.3230  0.3350  1
268:   0.3023  0.3854  0.3123  1
269:   0.2930  0.4080  0.2990  1
270:   0.3340  0.3410  0.3250  1
271:   0.3203  0.3493  0.3303  1
272:   0.2920  0.4210  0.2870  1
273:   0.3546  0.2717  0.3736  1
274:   0.3730  0.2740  0.3530  1
275:   0.3510  0.3070  0.3420  1
276:   0.3477  0.2907  0.3616  1
277:   0.3554  0.2853  0.3594  1
278:   0.3626  0.2767  0.3606  1
279:   0.3460  0.3210  0.3330  1
280:   0.3170  0.3710  0.3120  1
281:   0.3540  0.2960  0.3500  1
282:   0.3330  0.3420  0.3250  1
283:   0.3500  0.2880  0.3620  1
284:   0.3213  0.3363  0.3423  1
285:   0.2910  0.4150  0.2940  1
286:   0.3470  0.3210  0.3320  1
287:   0.3230  0.3640  0.3130  1
288:   0.3213  0.3764  0.3023  1
289:   0.3227  0.3377  0.3397  1
290:   0.3380  0.3020  0.3600  1
291:   0.3516  0.2797  0.3686  1
292:   0.3450  0.3100  0.3450  1
293:   0.3077  0.3866  0.3057  1
294:   0.3520  0.2940  0.3540  1
295:   0.3230  0.3520  0.3250  1
296:   0.3110  0.3690  0.3200  1
297:   0.3020  0.3860  0.3120  1
298:   0.2950  0.4150  0.2900  1
299:   0.3450  0.2870  0.3680  1
300:   0.3520  0.2930  0.3550  1

  1:   0.3700  0.2790  0.3510  1
  2:   0.3676  0.2647  0.3676  1
  3:   0.3390  0.3320  0.3290  1
  4:   0.2820  0.4330  0.2850  1
  5:   0.3470  0.3200  0.3330  1
  6:   0.3360  0.3100  0.3540  1
  7:   0.3280  0.3370  0.3350  1
  8:   0.3490  0.3010  0.3500  1
  9:   0.2940  0.4210  0.2850  1
 10:   0.3237  0.3696  0.3067  1
 11:   0.3690  0.2650  0.3660  1
 12:   0.2920  0.4100  0.2980  1
 13:   0.2820  0.4480  0.2700  1
 14:   0.2823  0.4164  0.3013  1
 15:   0.3370  0.3190  0.3440  1
 16:   0.3270  0.3370  0.3360  1
 17:   0.3070  0.3840  0.3090  1
 18:   0.3350  0.3330  0.3320  1
 19:   0.3393  0.3313  0.3293  1
 20:   0.3170  0.3600  0.3230  1
 21:   0.3650  0.2850  0.3500  1
 22:   0.3130  0.3780  0.3090  1
 23:   0.3520  0.2920  0.3560  1
 24:   0.3280  0.3450  0.3270  1
 25:   0.3380  0.3320  0.3300  1
 26:   0.3240  0.3430  0.3330  1
 27:   0.3170  0.3620  0.3210  1
 28:   0.3310  0.3430  0.3260  1
 29:   0.3370  0.3290  0.3340  1
 30:   0.3220  0.3420  0.3360  1
 31:   0.3620  0.2610  0.3770  1
 32:   0.3390  0.3350  0.3260  1
 33:   0.3190  0.3450  0.3360  1
 34:   0.3350  0.3260  0.3390  1
 35:   0.2930  0.4070  0.3000  1
 36:   0.3566  0.2897  0.3536  1
 37:   0.3590  0.2540  0.3870  1
 38:   0.3270  0.3310  0.3420  1
 39:   0.3210  0.3460  0.3330  1
 40:   0.3470  0.3050  0.3480  1
 41:   0.3413  0.3193  0.3393  1
 42:   0.3040  0.3990  0.2970  1
 43:   0.3140  0.3750  0.3110  1
 44:   0.3630  0.2870  0.3500  1
 45:   0.3530  0.2950  0.3520  1
 46:   0.3197  0.3646  0.3157  1
 47:   0.3720  0.2630  0.3650  1
 48:   0.3460  0.3100  0.3440  1
 49:   0.3000  0.3980  0.3020  1
 50:   0.3720  0.2720  0.3560  1
 51:   0.2767  0.4426  0.2807  1
 52:   0.3470  0.3240  0.3290  1
 53:   0.3350  0.3260  0.3390  1
 54:   0.3540  0.2870  0.3590  1
 55:   0.3230  0.3350  0.3420  1
 56:   0.3343  0.3233  0.3423  1
 57:   0.3634  0.2833  0.3534  1
 58:   0.3287  0.3317  0.3397  1
 59:   0.3504  0.2973  0.3524  1
 60:   0.3600  0.2840  0.3560  1
 61:   0.3170  0.3680  0.3150  1
 62:   0.3237  0.3467  0.3297  1
 63:   0.3353  0.3293  0.3353  1
 64:   0.3780  0.2510  0.3710  1
 65:   0.3430  0.3190  0.3380  1
 66:   0.3310  0.3300  0.3390  1
 67:   0.3130  0.3810  0.3060  1
 68:   0.3520  0.3090  0.3390  1
 69:   0.3230  0.3460  0.3310  1
 70:   0.3427  0.3027  0.3546  1
 71:   0.3460  0.2910  0.3630  1
 72:   0.3237  0.3546  0.3217  1
 73:   0.3656  0.2857  0.3487  1
 74:   0.3437  0.3007  0.3556  1
 75:   0.3450  0.3230  0.3320  1
 76:   0.3610  0.2750  0.3640  1
 77:   0.3330  0.3200  0.3470  1
 78:   0.3586  0.2777  0.3636  1
 79:   0.3320  0.3410  0.3270  1
 80:   0.2783  0.4334  0.2883  1
 81:   0.3600  0.2950  0.3450  1
 82:   0.3690  0.2660  0.3650  1
 83:   0.3690  0.2840  0.3470  1
 84:   0.3150  0.3720  0.3130  1
 85:   0.3600  0.2750  0.3650  1
 86:   0.3373  0.3193  0.3433  1
 87:   0.3520  0.3020  0.3460  1
 88:   0.3070  0.3780  0.3150  1
 89:   0.3123  0.3634  0.3243  1
 90:   0.3180  0.3530  0.3290  1
 91:   0.3650  0.2840  0.3510  1
 92:   0.3510  0.3070  0.3420  1
 93:   0.3470  0.3150  0.3380  1
 94:   0.3660  0.2840  0.3500  1
 95:   0.3610  0.2840  0.3550  1
 96:   0.3230  0.3680  0.3090  1
 97:   0.3250  0.3580  0.3170  1
 98:   0.3240  0.3670  0.3090  1
 99:   0.3310  0.3480  0.3210  1
100:   0.3460  0.3300  0.3240  1
101:   0.3380  0.3140  0.3480  1
102:   0.3500  0.2840  0.3660  1
103:   0.3027  0.3976  0.2997  1
104:   0.3400  0.3120  0.3480  1
105:   0.3750  0.2590  0.3660  1
106:   0.3280  0.3410  0.3310  1
107:   0.3240  0.3580  0.3180  1
108:   0.3350  0.3270  0.3380  1
109:   0.3080  0.3970  0.2950  1
110:   0.3380  0.3290  0.3330  1
111:   0.3510  0.3130  0.3360  1
112:   0.3240  0.3500  0.3260  1
113:   0.2900  0.4290  0.2810  1
114:   0.3320  0.3370  0.3310  1
115:   0.3120  0.3760  0.3120  1
116:   0.3173  0.3564  0.3263  1
117:   0.3430  0.3110  0.3460  1
118:   0.3620  0.2880  0.3500  1
119:   0.3580  0.2830  0.3590  1
120:   0.3280  0.3340  0.3380  1
121:   0.3010  0.3880  0.3110  1
122:   0.3220  0.3350  0.3430  1
123:   0.3430  0.3130  0.3440  1
124:   0.3280  0.3410  0.3310  1
125:   0.3510  0.2820  0.3670  1
126:   0.3390  0.3170  0.3440  1
127:   0.3430  0.3240  0.3330  1
128:   0.2940  0.3960  0.3100  1
129:   0.3047  0.3776  0.3177  1
130:   0.3300  0.3280  0.3420  1
131:   0.3530  0.2820  0.3650  1
132:   0.3560  0.2990  0.3450  1
133:   0.3620  0.2810  0.3570  1
134:   0.3370  0.3110  0.3520  1
135:   0.3407  0.3197  0.3397  1
136:   0.3350  0.3250  0.3400  1
137:   0.3350  0.3320  0.3330  1
138:   0.2983  0.4034  0.2983  1
139:   0.3510  0.3000  0.3490  1
140:   0.3493  0.3023  0.3483  1
141:   0.3380  0.3250  0.3370  1
142:   0.3540  0.2810  0.3650  1
143:   0.3057  0.3926  0.3017  1
144:   0.3450  0.3030  0.3520  1
145:   0.3100  0.3650  0.3250  1
146:   0.3287  0.3287  0.3427  1
147:   0.3387  0.3247  0.3367  1
148:   0.3050  0.3910  0.3040  1
149:   0.3160  0.3590  0.3250  1
150:   0.3397  0.3217  0.3387  1
151:   0.3427  0.3317  0.3257  1
152:   0.3664  0.2893  0.3443  1
153:   0.3550  0.2990  0.3460  1
154:   0.3260  0.3520  0.3220  1
155:   0.3110  0.3790  0.3100  1
156:   0.3640  0.2640  0.3720  1
157:   0.3650  0.2710  0.3640  1
158:   0.3516  0.3097  0.3387  1
159:   0.3427  0.3127  0.3447  1
160:   0.3340  0.3120  0.3540  1
161:   0.2977  0.4026  0.2997  1
162:   0.1808  0.6384  0.1808  1
163:   0.3680  0.2590  0.3730  1
164:   0.3290  0.3430  0.3280  1
165:   0.3704  0.2733  0.3564  1
166:   0.3260  0.3380  0.3360  1
167:   0.2920  0.4140  0.2940  1
168:   0.3150  0.3680  0.3170  1
169:   0.3524  0.2923  0.3554  1
170:   0.3257  0.3576  0.3167  1
171:   0.3340  0.3120  0.3540  1
172:   0.3410  0.3260  0.3330  1
173:   0.3460  0.3050  0.3490  1
174:   0.3050  0.3810  0.3140  1
175:   0.3020  0.3940  0.3040  1
176:   0.3640  0.2810  0.3550  1
177:   0.3740  0.2530  0.3730  1
178:   0.3610  0.2720  0.3670  1
179:   0.3200  0.3520  0.3280  1
180:   0.3280  0.3570  0.3150  1
181:   0.3493  0.2933  0.3574  1
182:   0.3183  0.3564  0.3253  1
183:   0.3410  0.3110  0.3480  1
184:   0.3300  0.3350  0.3350  1
185:   0.3410  0.3150  0.3440  1
186:   0.3440  0.3180  0.3380  1
187:   0.3600  0.2900  0.3500  1
188:   0.3470  0.2850  0.3680  1
189:   0.3337  0.3307  0.3357  1
190:   0.3240  0.3470  0.3290  1
191:   0.3160  0.3550  0.3290  1
192:   0.3257  0.3477  0.3267  1
193:   0.3350  0.3410  0.3240  1
194:   0.3223  0.3644  0.3133  1
195:   0.3050  0.3640  0.3310  1
196:   0.2843  0.4284  0.2873  1
197:   0.3520  0.3060  0.3420  1
198:   0.3393  0.3303  0.3303  1
199:   0.3560  0.2990  0.3450  1
200:   0.3620  0.2870  0.3510  1
201:   0.3020  0.3940  0.3040  1
202:   0.3530  0.2910  0.3560  1
203:   0.3367  0.3177  0.3457  1
204:   0.3400  0.3250  0.3350  1
205:   0.3410  0.3390  0.3200  1
206:   0.3393  0.3253  0.3353  1
207:   0.3450  0.3290  0.3260  1
208:   0.3540  0.3090  0.3370  1
209:   0.3117  0.3736  0.3147  1
210:   0.3480  0.3040  0.3480  1
211:   0.3580  0.2890  0.3530  1
212:   0.3010  0.4030  0.2960  1
213:   0.3470  0.3080  0.3450  1
214:   0.3380  0.3260  0.3360  1
215:   0.3320  0.3230  0.3450  1
216:   0.3003  0.4034  0.2963  1
217:   0.3580  0.2710  0.3710  1
218:   0.3433  0.3103  0.3463  1
219:   0.2900  0.4340  0.2760  1
220:   0.3180  0.3570  0.3250  1
221:   0.3210  0.3510  0.3280  1
222:   0.3430  0.3250  0.3320  1
223:   0.3590  0.2800  0.3610  1
224:   0.3430  0.3090  0.3480  1
225:   0.3230  0.3660  0.3110  1
226:   0.2860  0.4310  0.2830  1
227:   0.3360  0.3290  0.3350  1
228:   0.3550  0.2920  0.3530  1
229:   0.3640  0.2910  0.3450  1
230:   0.3230  0.3540  0.3230  1
231:   0.3140  0.3740  0.3120  1
232:   0.3490  0.2790  0.3720  1
233:   0.3210  0.3550  0.3240  1
234:   0.3614  0.2823  0.3564  1
235:   0.3710  0.2650  0.3640  1
236:   0.2910  0.4240  0.2850  1
237:   0.3720  0.2600  0.3680  1
238:   0.3640  0.2730  0.3630  1
239:   0.3600  0.2780  0.3620  1
240:   0.2900  0.4210  0.2890  1
241:   0.2980  0.4030  0.2990  1
242:   0.3730  0.2590  0.3680  1
243:   0.3790  0.2690  0.3520  1
244:   0.3370  0.3170  0.3460  1
245:   0.3160  0.3600  0.3240  1
246:   0.3120  0.3640  0.3240  1
247:   0.3063  0.3834  0.3103  1
248:   0.3380  0.3340  0.3280  1
249:   0.3210  0.3630  0.3160  1
250:   0.3060  0.3760  0.3180  1
251:   0.3260  0.3530  0.3210  1
252:   0.3360  0.3340  0.3300  1
253:   0.3460  0.3120  0.3420  1
254:   0.3370  0.3160  0.3470  1
255:   0.3150  0.3660  0.3190  1
256:   0.3040  0.3970  0.2990  1
257:   0.3350  0.3080  0.3570  1
258:   0.3000  0.3930  0.3070  1
259:   0.3420  0.3130  0.3450  1
260:   0.3197  0.3666  0.3137  1
261:   0.3263  0.3443  0.3293  1
262:   0.3330  0.3030  0.3640  1
263:   0.3560  0.2960  0.3480  1
264:   0.3600  0.2960  0.3440  1
265:   0.3347  0.3297  0.3357  1
266:   0.3357  0.3297  0.3347  1
267:   0.3520  0.3180  0.3300  1
268:   0.2950  0.4010  0.3040  1
269:   0.2837  0.4306  0.2857  1
270:   0.3300  0.3520  0.3180  1
271:   0.3240  0.3550  0.3210  1
272:   0.2823  0.4354  0.2823  1
273:   0.3730  0.2540  0.3730  1
274:   0.3770  0.2620  0.3610  1
275:   0.3530  0.2980  0.3490  1
276:   0.3594  0.2883  0.3524  1
277:   0.3676  0.2757  0.3566  1
278:   0.3680  0.2580  0.3740  1
279:   0.3450  0.3070  0.3480  1
280:   0.3060  0.3810  0.3130  1
281:   0.3620  0.2900  0.3480  1
282:   0.3220  0.3580  0.3200  1
283:   0.3650  0.2690  0.3660  1
284:   0.3270  0.3330  0.3400  1
285:   0.2780  0.4440  0.2780  1
286:   0.3470  0.3100  0.3430  1
287:   0.3110  0.3780  0.3110  1
288:   0.3097  0.3836  0.3067  1
289:   0.3273  0.3403  0.3323  1
290:   0.3470  0.2840  0.3690  1
291:   0.3620  0.2650  0.3730  1
292:   0.3510  0.3050  0.3440  1
293:   0.3070  0.3850  0.3080  1
294:   0.3606  0.2857  0.3536  1
295:   0.3217  0.3586  0.3197  1
296:   0.3070  0.3860  0.3070  1
297:   0.2960  0.4060  0.2980  1
298:   0.2780  0.4440  0.2780  1
299:   0.3580  0.2710  0.3710  1
300:   0.3500  0.2870  0.3630  1

  1:   0.3660  0.2800  0.3540  1
  2:   0.3724  0.2643  0.3634  1
  3:   0.3410  0.3250  0.3340  1
  4:   0.2833  0.4294  0.2873  1
  5:   0.3423  0.3173  0.3403  1
  6:   0.3440  0.3110  0.3450  1
  7:   0.3333  0.3313  0.3353  1
  8:   0.3510  0.3060  0.3430  1
  9:   0.2920  0.4130  0.2950  1
 10:   0.3180  0.3680  0.3140  1
 11:   0.3700  0.2640  0.3660  1
 12:   0.2940  0.4100  0.2960  1
 13:   0.2800  0.4450  0.2750  1
 14:   0.2950  0.4080  0.2970  1
 15:   0.3483  0.3133  0.3383  1
 16:   0.3360  0.3340  0.3300  1
 17:   0.3080  0.3780  0.3140  1
 18:   0.3363  0.3293  0.3343  1
 19:   0.3293  0.3373  0.3333  1
 20:   0.3210  0.3580  0.3210  1
 21:   0.3570  0.2860  0.3570  1
 22:   0.3150  0.3650  0.3200  1
 23:   0.3473  0.2993  0.3534  1
 24:   0.3290  0.3430  0.3280  1
 25:   0.3330  0.3310  0.3360  1
 26:   0.3250  0.3450  0.3300  1
 27:   0.3220  0.3590  0.3190  1
 28:   0.3297  0.3347  0.3357  1
 29:   0.3410  0.3230  0.3360  1
 30:   0.3283  0.3373  0.3343  1
 31:   0.3696  0.2617  0.3686  1
 32:   0.3260  0.3410  0.3330  1
 33:   0.3320  0.3430  0.3250  1
 34:   0.3340  0.3310  0.3350  1
 35:   0.2940  0.4100  0.2960  1
 36:   0.3534  0.2873  0.3594  1
 37:   0.3700  0.2530  0.3770  1
 38:   0.3280  0.3370  0.3350  1
 39:   0.3310  0.3450  0.3240  1
 40:   0.3437  0.3117  0.3447  1
 41:   0.3363  0.3253  0.3383  1
 42:   0.3030  0.3960  0.3010  1
 43:   0.3107  0.3706  0.3187  1
 44:   0.3514  0.2973  0.3514  1
 45:   0.3500  0.3020  0.3480  1
 46:   0.3200  0.3630  0.3170  1
 47:   0.3630  0.2660  0.3710  1
 48:   0.3480  0.3080  0.3440  1
 49:   0.3070  0.3850  0.3080  1
 50:   0.3640  0.2740  0.3620  1
 51:   0.2800  0.4390  0.2810  1
 52:   0.3417  0.3177  0.3407  1
 53:   0.3293  0.3373  0.3333  1
 54:   0.3490  0.2980  0.3530  1
 55:   0.3320  0.3340  0.3340  1
 56:   0.3360  0.3280  0.3360  1
 57:   0.3580  0.2890  0.3530  1
 58:   0.3327  0.3367  0.3307  1
 59:   0.3520  0.3000  0.3480  1
 60:   0.3590  0.2820  0.3590  1
 61:   0.3130  0.3710  0.3160  1
 62:   0.3280  0.3410  0.3310  1
 63:   0.3290  0.3320  0.3390  1
 64:   0.3790  0.2470  0.3740  1
 65:   0.3430  0.3200  0.3370  1
 66:   0.3290  0.3340  0.3370  1
 67:   0.3117  0.3756  0.3127  1
 68:   0.3470  0.3120  0.3410  1
 69:   0.3233  0.3463  0.3303  1
 70:   0.3490  0.3060  0.3450  1
 71:   0.3576  0.2897  0.3526  1
 72:   0.3237  0.3526  0.3237  1
 73:   0.3540  0.2920  0.3540  1
 74:   0.3520  0.2990  0.3490  1
 75:   0.3367  0.3267  0.3367  1
 76:   0.3570  0.2870  0.3560  1
 77:   0.3360  0.3180  0.3460  1
 78:   0.3614  0.2773  0.3614  1
 79:   0.3290  0.3450  0.3260  1
 80:   0.2820  0.4290  0.2890  1
 81:   0.3453  0.3023  0.3524  1
 82:   0.3640  0.2670  0.3690  1
 83:   0.3610  0.2860  0.3530  1
 84:   0.3170  0.3640  0.3190  1
 85:   0.3600  0.2750  0.3650  1
 86:   0.3420  0.3190  0.3390  1
 87:   0.3510  0.3050  0.3440  1
 88:   0.3050  0.3820  0.3130  1
 89:   0.3220  0.3590  0.3190  1
 90:   0.3180  0.3550  0.3270  1
 91:   0.3540  0.2840  0.3620  1
 92:   0.3420  0.3110  0.3470  1
 93:   0.3430  0.3120  0.3450  1
 94:   0.3640  0.2800  0.3560  1
 95:   0.3530  0.2940  0.3530  1
 96:   0.3110  0.3750  0.3140  1
 97:   0.3180  0.3630  0.3190  1
 98:   0.3160  0.3640  0.3200  1
 99:   0.3253  0.3483  0.3263  1
100:   0.3377  0.3227  0.3397  1
101:   0.3440  0.3180  0.3380  1
102:   0.3510  0.2890  0.3600  1
103:   0.2980  0.3920  0.3100  1
104:   0.3443  0.3103  0.3453  1
105:   0.3680  0.2610  0.3710  1
106:   0.3300  0.3390  0.3310  1
107:   0.3280  0.3570  0.3150  1
108:   0.3320  0.3300  0.3380  1
109:   0.3033  0.3934  0.3033  1
110:   0.3390  0.3190  0.3420  1
111:   0.3420  0.3160  0.3420  1
112:   0.3250  0.3470  0.3280  1
113:   0.2880  0.4220  0.2900  1
114:   0.3330  0.3340  0.3330  1
115:   0.3100  0.3770  0.3130  1
116:   0.3240  0.3540  0.3220  1
117:   0.3400  0.3100  0.3500  1
118:   0.3660  0.2810  0.3530  1
119:   0.3534  0.2903  0.3564  1
120:   0.3250  0.3440  0.3310  1
121:   0.2990  0.3960  0.3050  1
122:   0.3330  0.3350  0.3320  1
123:   0.3430  0.3130  0.3440  1
124:   0.3347  0.3317  0.3337  1
125:   0.3556  0.2897  0.3546  1
126:   0.3430  0.3160  0.3410  1
127:   0.3400  0.3240  0.3360  1
128:   0.2990  0.3970  0.3040  1
129:   0.3090  0.3810  0.3100  1
130:   0.3367  0.3267  0.3367  1
131:   0.3590  0.2860  0.3550  1
132:   0.3520  0.3010  0.3470  1
133:   0.3620  0.2780  0.3600  1
134:   0.3430  0.3150  0.3420  1
135:   0.3370  0.3190  0.3440  1
136:   0.3330  0.3320  0.3350  1
137:   0.3400  0.3320  0.3280  1
138:   0.2950  0.4060  0.2990  1
139:   0.3440  0.3050  0.3510  1
140:   0.3550  0.3050  0.3400  1
141:   0.3297  0.3287  0.3417  1
142:   0.3510  0.2900  0.3590  1
143:   0.3080  0.3840  0.3080  1
144:   0.3520  0.3000  0.3480  1
145:   0.3180  0.3680  0.3140  1
146:   0.3320  0.3330  0.3350  1
147:   0.3340  0.3290  0.3370  1
148:   0.3107  0.3826  0.3067  1
149:   0.3227  0.3526  0.3247  1
150:   0.3430  0.3220  0.3350  1
151:   0.3393  0.3193  0.3413  1
152:   0.3510  0.2890  0.3600  1
153:   0.3487  0.3067  0.3447  1
154:   0.3263  0.3524  0.3213  1
155:   0.3127  0.3726  0.3147  1
156:   0.3676  0.2677  0.3646  1
157:   0.3630  0.2750  0.3620  1
158:   0.3530  0.3080  0.3390  1
159:   0.3400  0.3150  0.3450  1
160:   0.3380  0.3170  0.3450  1
161:   0.2980  0.4020  0.3000  1
162:   0.1812  0.6346  0.1842  1
163:   0.3720  0.2530  0.3750  1
164:   0.3290  0.3410  0.3300  1
165:   0.3660  0.2750  0.3590  1
166:   0.3350  0.3300  0.3350  1
167:   0.2877  0.4136  0.2987  1
168:   0.3150  0.3630  0.3220  1
169:   0.3574  0.2923  0.3504  1
170:   0.3177  0.3596  0.3227  1
171:   0.3493  0.3093  0.3413  1
172:   0.3370  0.3250  0.3380  1
173:   0.3467  0.3047  0.3487  1
174:   0.3080  0.3840  0.3080  1
175:   0.3037  0.3936  0.3027  1
176:   0.3690  0.2760  0.3550  1
177:   0.3680  0.2570  0.3750  1
178:   0.3680  0.2720  0.3600  1
179:   0.3283  0.3514  0.3203  1
180:   0.3243  0.3604  0.3153  1
181:   0.3510  0.2990  0.3500  1
182:   0.3133  0.3644  0.3223  1
183:   0.3440  0.3130  0.3430  1
184:   0.3240  0.3390  0.3370  1
185:   0.3467  0.3117  0.3417  1
186:   0.3400  0.3210  0.3390  1
187:   0.3560  0.2910  0.3530  1
188:   0.3570  0.2890  0.3540  1
189:   0.3410  0.3310  0.3280  1
190:   0.3303  0.3423  0.3273  1
191:   0.3260  0.3530  0.3210  1
192:   0.3250  0.3430  0.3320  1
193:   0.3320  0.3380  0.3300  1
194:   0.3180  0.3630  0.3190  1
195:   0.3180  0.3630  0.3190  1
196:   0.2840  0.4260  0.2900  1
197:   0.3420  0.3100  0.3480  1
198:   0.3357  0.3317  0.3327  1
199:   0.3530  0.2990  0.3480  1
200:   0.3590  0.2840  0.3570  1
201:   0.3023  0.3914  0.3063  1
202:   0.3570  0.2920  0.3510  1
203:   0.3323  0.3263  0.3413  1
204:   0.3340  0.3210  0.3450  1
205:   0.3310  0.3420  0.3270  1
206:   0.3337  0.3217  0.3447  1
207:   0.3430  0.3280  0.3290  1
208:   0.3430  0.3120  0.3450  1
209:   0.3053  0.3764  0.3183  1
210:   0.3514  0.3003  0.3483  1
211:   0.3540  0.2900  0.3560  1
212:   0.2920  0.4080  0.3000  1
213:   0.3490  0.3040  0.3470  1
214:   0.3333  0.3293  0.3373  1
215:   0.3350  0.3230  0.3420  1
216:   0.2933  0.4124  0.2943  1
217:   0.3620  0.2740  0.3640  1
218:   0.3380  0.3210  0.3410  1
219:   0.2907  0.4236  0.2857  1
220:   0.3230  0.3550  0.3220  1
221:   0.3220  0.3550  0.3230  1
222:   0.3410  0.3230  0.3360  1
223:   0.3524  0.2863  0.3614  1
224:   0.3470  0.3080  0.3450  1
225:   0.3200  0.3640  0.3160  1
226:   0.2890  0.4220  0.2890  1
227:   0.3360  0.3290  0.3350  1
228:   0.3580  0.2890  0.3530  1
229:   0.3574  0.2873  0.3554  1
230:   0.3217  0.3576  0.3207  1
231:   0.3190  0.3680  0.3130  1
232:   0.3590  0.2860  0.3550  1
233:   0.3143  0.3654  0.3203  1
234:   0.3586  0.2837  0.3576  1
235:   0.3634  0.2713  0.3654  1
236:   0.2897  0.4176  0.2927  1
237:   0.3690  0.2580  0.3730  1
238:   0.3616  0.2747  0.3636  1
239:   0.3600  0.2770  0.3630  1
240:   0.2860  0.4180  0.2960  1
241:   0.3060  0.3900  0.3040  1
242:   0.3710  0.2660  0.3630  1
243:   0.3770  0.2660  0.3570  1
244:   0.3390  0.3140  0.3470  1
245:   0.3240  0.3530  0.3230  1
246:   0.3220  0.3610  0.3170  1
247:   0.3110  0.3740  0.3150  1
248:   0.3427  0.3297  0.3277  1
249:   0.3157  0.3626  0.3217  1
250:   0.3130  0.3730  0.3140  1
251:   0.3233  0.3463  0.3303  1
252:   0.3380  0.3310  0.3310  1
253:   0.3390  0.3110  0.3500  1
254:   0.3330  0.3260  0.3410  1
255:   0.3197  0.3666  0.3137  1
256:   0.3050  0.3920  0.3030  1
257:   0.3370  0.3170  0.3460  1
258:   0.3047  0.3866  0.3087  1
259:   0.3430  0.3150  0.3420  1
260:   0.3210  0.3600  0.3190  1
261:   0.3313  0.3373  0.3313  1
262:   0.3540  0.2970  0.3490  1
263:   0.3540  0.2920  0.3540  1
264:   0.3560  0.2950  0.3490  1
265:   0.3387  0.3267  0.3347  1
266:   0.3337  0.3377  0.3287  1
267:   0.3370  0.3230  0.3400  1
268:   0.3080  0.3930  0.2990  1
269:   0.2860  0.4300  0.2840  1
270:   0.3210  0.3530  0.3260  1
271:   0.3200  0.3540  0.3260  1
272:   0.2820  0.4400  0.2780  1
273:   0.3740  0.2560  0.3700  1
274:   0.3754  0.2633  0.3614  1
275:   0.3504  0.2953  0.3544  1
276:   0.3590  0.2850  0.3560  1
277:   0.3600  0.2770  0.3630  1
278:   0.3716  0.2647  0.3636  1
279:   0.3550  0.3040  0.3410  1
280:   0.3220  0.3710  0.3070  1
281:   0.3510  0.2880  0.3610  1
282:   0.3260  0.3510  0.3230  1
283:   0.3616  0.2767  0.3616  1
284:   0.3300  0.3320  0.3380  1
285:   0.2787  0.4376  0.2837  1
286:   0.3420  0.3180  0.3400  1
287:   0.3070  0.3820  0.3110  1
288:   0.3040  0.3940  0.3020  1
289:   0.3250  0.3450  0.3300  1
290:   0.3556  0.2887  0.3556  1
291:   0.3620  0.2710  0.3670  1
292:   0.3440  0.3050  0.3510  1
293:   0.3020  0.3930  0.3050  1
294:   0.3580  0.2820  0.3600  1
295:   0.3240  0.3540  0.3220  1
296:   0.3063  0.3834  0.3103  1
297:   0.3043  0.3974  0.2983  1
298:   0.2763  0.4444  0.2793  1
299:   0.3590  0.2780  0.3630  1
300:   0.3580  0.2830  0.3590  1

  1:   0.3646  0.2817  0.3536  1
  2:   0.3670  0.2650  0.3680  1
  3:   0.3380  0.3250  0.3370  1
  4:   0.2860  0.4240  0.2900  1
  5:   0.3410  0.3170  0.3420  1
  6:   0.3460  0.3070  0.3470  1
  7:   0.3290  0.3340  0.3370  1
  8:   0.3420  0.3030  0.3550  1
  9:   0.2937  0.4206  0.2857  1
 10:   0.3203  0.3684  0.3113  1
 11:   0.3730  0.2680  0.3590  1
 12:   0.2910  0.4130  0.2960  1
