  1:   0.3629  0.2863  0.3509  1
  2:   0.3637  0.2707  0.3655  1
  3:   0.3393  0.3275  0.3333  1
  4:   0.2893  0.4191  0.2917  1
  5:   0.3427  0.3179  0.3393  1
  6:   0.3423  0.3133  0.3445  1
  7:   0.3303  0.3335  0.3363  1
  8:   0.3417  0.3085  0.3499  1
  9:   0.2971  0.4083  0.2945  1
 10:   0.3234  0.3638  0.3128  1
 11:   0.3672  0.2732  0.3596  1
 12:   0.2962  0.4026  0.3012  1
 13:   0.2875  0.4341  0.2785  1
 14:   0.2973  0.4011  0.3017  1
 15:   0.3419  0.3183  0.3399  1
 16:   0.3331  0.3353  0.3315  1
 17:   0.3124  0.3742  0.3134  1
 18:   0.3372  0.3320  0.3308  1
 19:   0.3343  0.3361  0.3295  1
 20:   0.3242  0.3534  0.3224  1
 21:   0.3569  0.2911  0.3521  1
 22:   0.3187  0.3633  0.3181  1
 23:   0.3473  0.2989  0.3537  1
 24:   0.3279  0.3427  0.3295  1
 25:   0.3346  0.3318  0.3336  1
 26:   0.3273  0.3401  0.3325  1
 27:   0.3208  0.3580  0.3212  1
 28:   0.3306  0.3322  0.3372  1
 29:   0.3391  0.3267  0.3343  1
 30:   0.3279  0.3397  0.3325  1
 31:   0.3573  0.2699  0.3729  1
 32:   0.3351  0.3373  0.3277  1
 33:   0.3256  0.3450  0.3294  1
 34:   0.3330  0.3314  0.3356  1
 35:   0.2990  0.3994  0.3016  1
 36:   0.3530  0.2926  0.3544  1
 37:   0.3584  0.2612  0.3804  1
 38:   0.3257  0.3375  0.3369  1
 39:   0.3256  0.3452  0.3292  1
 40:   0.3486  0.3098  0.3416  1
 41:   0.3377  0.3247  0.3377  1
 42:   0.3085  0.3895  0.3019  1
 43:   0.3161  0.3667  0.3171  1
 44:   0.3544  0.2998  0.3458  1
 45:   0.3515  0.3067  0.3419  1
 46:   0.3199  0.3585  0.3215  1
 47:   0.3628  0.2714  0.3658  1
 48:   0.3435  0.3109  0.3455  1
 49:   0.3071  0.3843  0.3085  1
 50:   0.3675  0.2801  0.3525  1
 51:   0.2854  0.4270  0.2876  1
 52:   0.3449  0.3179  0.3371  1
 53:   0.3312  0.3328  0.3360  1
 54:   0.3478  0.2972  0.3550  1
 55:   0.3253  0.3377  0.3371  1
 56:   0.3349  0.3261  0.3391  1
 57:   0.3574  0.2904  0.3522  1
 58:   0.3323  0.3339  0.3337  1
 59:   0.3481  0.3037  0.3483  1
 60:   0.3565  0.2897  0.3537  1
 61:   0.3173  0.3615  0.3213  1
 62:   0.3272  0.3412  0.3316  1
 63:   0.3297  0.3299  0.3403  1
 64:   0.3749  0.2607  0.3645  1
 65:   0.3398  0.3214  0.3388  1
 66:   0.3286  0.3334  0.3380  1
 67:   0.3131  0.3739  0.3129  1
 68:   0.3470  0.3142  0.3388  1
 69:   0.3213  0.3463  0.3325  1
 70:   0.3453  0.3079  0.3469  1
 71:   0.3509  0.2955  0.3535  1
 72:   0.3251  0.3513  0.3237  1
 73:   0.3557  0.2967  0.3475  1
 74:   0.3476  0.3022  0.3502  1
 75:   0.3392  0.3320  0.3288  1
 76:   0.3561  0.2893  0.3545  1
 77:   0.3319  0.3199  0.3483  1
 78:   0.3565  0.2837  0.3599  1
 79:   0.3310  0.3438  0.3252  1
 80:   0.2873  0.4209  0.2919  1
 81:   0.3494  0.3050  0.3456  1
 82:   0.3639  0.2719  0.3641  1
 83:   0.3620  0.2928  0.3452  1
 84:   0.3218  0.3594  0.3188  1
 85:   0.3565  0.2795  0.3641  1
 86:   0.3403  0.3225  0.3373  1
 87:   0.3517  0.3087  0.3395  1
 88:   0.3114  0.3722  0.3164  1
 89:   0.3223  0.3585  0.3193  1
 90:   0.3221  0.3503  0.3275  1
 91:   0.3571  0.2899  0.3529  1
 92:   0.3442  0.3108  0.3450  1
 93:   0.3460  0.3174  0.3366  1
 94:   0.3616  0.2906  0.3478  1
 95:   0.3515  0.2961  0.3525  1
 96:   0.3168  0.3680  0.3152  1
 97:   0.3240  0.3580  0.3180  1
 98:   0.3220  0.3584  0.3196  1
 99:   0.3303  0.3447  0.3251  1
100:   0.3427  0.3241  0.3333  1
101:   0.3412  0.3190  0.3398  1
102:   0.3508  0.2920  0.3572  1
103:   0.3036  0.3846  0.3118  1
104:   0.3408  0.3116  0.3476  1
105:   0.3670  0.2674  0.3656  1
106:   0.3282  0.3404  0.3314  1
107:   0.3261  0.3555  0.3183  1
108:   0.3318  0.3284  0.3398  1
109:   0.3103  0.3840  0.3057  1
110:   0.3385  0.3249  0.3367  1
111:   0.3461  0.3143  0.3395  1
112:   0.3268  0.3436  0.3296  1
113:   0.2958  0.4106  0.2936  1
114:   0.3318  0.3304  0.3378  1
115:   0.3154  0.3698  0.3148  1
116:   0.3232  0.3514  0.3254  1
117:   0.3398  0.3120  0.3482  1
118:   0.3620  0.2872  0.3508  1
119:   0.3535  0.2939  0.3527  1
120:   0.3296  0.3400  0.3304  1
121:   0.3040  0.3852  0.3108  1
122:   0.3257  0.3343  0.3401  1
123:   0.3442  0.3188  0.3370  1
124:   0.3321  0.3329  0.3349  1
125:   0.3505  0.2925  0.3569  1
126:   0.3421  0.3183  0.3397  1
127:   0.3400  0.3254  0.3346  1
128:   0.2991  0.3903  0.3105  1
129:   0.3075  0.3745  0.3179  1
130:   0.3351  0.3311  0.3339  1
131:   0.3513  0.2915  0.3571  1
132:   0.3489  0.3063  0.3449  1
133:   0.3594  0.2860  0.3546  1
134:   0.3391  0.3159  0.3451  1
135:   0.3385  0.3187  0.3427  1
136:   0.3313  0.3307  0.3379  1
137:   0.3364  0.3340  0.3296  1
138:   0.2978  0.3986  0.3036  1
139:   0.3439  0.3047  0.3513  1
140:   0.3461  0.3087  0.3453  1
141:   0.3355  0.3299  0.3345  1
142:   0.3486  0.2922  0.3592  1
143:   0.3115  0.3809  0.3075  1
144:   0.3436  0.3058  0.3506  1
145:   0.3169  0.3639  0.3191  1
146:   0.3295  0.3313  0.3393  1
147:   0.3365  0.3271  0.3365  1
148:   0.3115  0.3763  0.3123  1
149:   0.3221  0.3515  0.3265  1
150:   0.3410  0.3234  0.3356  1
151:   0.3403  0.3259  0.3339  1
152:   0.3561  0.2965  0.3475  1
153:   0.3453  0.3103  0.3445  1
154:   0.3279  0.3499  0.3221  1
155:   0.3162  0.3694  0.3144  1
156:   0.3570  0.2766  0.3664  1
157:   0.3622  0.2822  0.3556  1
158:   0.3481  0.3139  0.3379  1
159:   0.3413  0.3171  0.3415  1
160:   0.3353  0.3175  0.3473  1
161:   0.3049  0.3899  0.3051  1
162:   0.1952  0.6075  0.1974  1
163:   0.3638  0.2620  0.3742  1
164:   0.3336  0.3378  0.3286  1
165:   0.3609  0.2827  0.3565  1
166:   0.3345  0.3327  0.3327  1
167:   0.2960  0.4030  0.3010  1
168:   0.3188  0.3584  0.3228  1
169:   0.3521  0.2963  0.3515  1
170:   0.3243  0.3565  0.3193  1
171:   0.3375  0.3157  0.3467  1
172:   0.3374  0.3256  0.3370  1
173:   0.3443  0.3073  0.3485  1
174:   0.3121  0.3787  0.3093  1
175:   0.3045  0.3881  0.3073  1
176:   0.3649  0.2879  0.3473  1
177:   0.3654  0.2634  0.3712  1
178:   0.3583  0.2791  0.3625  1
179:   0.3279  0.3491  0.3231  1
180:   0.3248  0.3598  0.3154  1
181:   0.3495  0.3031  0.3473  1
182:   0.3167  0.3587  0.3245  1
183:   0.3433  0.3163  0.3405  1
184:   0.3275  0.3341  0.3385  1
185:   0.3407  0.3169  0.3423  1
186:   0.3379  0.3197  0.3423  1
187:   0.3570  0.2946  0.3484  1
188:   0.3455  0.2935  0.3611  1
189:   0.3362  0.3344  0.3294  1
190:   0.3313  0.3401  0.3287  1
191:   0.3225  0.3505  0.3269  1
192:   0.3290  0.3410  0.3300  1
193:   0.3347  0.3429  0.3225  1
194:   0.3219  0.3593  0.3189  1
195:   0.3161  0.3613  0.3227  1
196:   0.2920  0.4122  0.2958  1
197:   0.3481  0.3135  0.3385  1
198:   0.3380  0.3376  0.3244  1
199:   0.3528  0.3030  0.3442  1
200:   0.3569  0.2903  0.3529  1
201:   0.3072  0.3838  0.3090  1
202:   0.3504  0.2970  0.3526  1
203:   0.3336  0.3266  0.3398  1
204:   0.3403  0.3237  0.3359  1
205:   0.3344  0.3446  0.3210  1
206:   0.3328  0.3230  0.3442  1
207:   0.3413  0.3325  0.3261  1
208:   0.3475  0.3131  0.3395  1
209:   0.3108  0.3680  0.3212  1
210:   0.3497  0.3045  0.3457  1
211:   0.3490  0.2966  0.3544  1
212:   0.3004  0.3948  0.3048  1
213:   0.3481  0.3103  0.3417  1
214:   0.3317  0.3263  0.3419  1
215:   0.3328  0.3274  0.3398  1
216:   0.3005  0.3982  0.3013  1
217:   0.3582  0.2800  0.3618  1
218:   0.3401  0.3181  0.3417  1
219:   0.2971  0.4113  0.2915  1
220:   0.3222  0.3540  0.3238  1
221:   0.3222  0.3552  0.3226  1
222:   0.3404  0.3290  0.3306  1
223:   0.3519  0.2891  0.3591  1
224:   0.3415  0.3119  0.3465  1
225:   0.3219  0.3639  0.3141  1
226:   0.2951  0.4137  0.2913  1
227:   0.3344  0.3306  0.3350  1
228:   0.3536  0.2984  0.3480  1
229:   0.3585  0.2919  0.3495  1
230:   0.3213  0.3543  0.3245  1
231:   0.3179  0.3639  0.3183  1
232:   0.3503  0.2905  0.3593  1
233:   0.3211  0.3597  0.3191  1
234:   0.3562  0.2884  0.3554  1
235:   0.3691  0.2779  0.3531  1
236:   0.2969  0.4095  0.2935  1
237:   0.3708  0.2656  0.3636  1
238:   0.3584  0.2818  0.3598  1
239:   0.3601  0.2829  0.3571  1
240:   0.2944  0.4070  0.2986  1
241:   0.3077  0.3851  0.3073  1
242:   0.3698  0.2714  0.3588  1
243:   0.3688  0.2760  0.3552  1
244:   0.3384  0.3168  0.3448  1
245:   0.3187  0.3569  0.3243  1
246:   0.3213  0.3599  0.3187  1
247:   0.3147  0.3697  0.3155  1
248:   0.3382  0.3336  0.3282  1
249:   0.3187  0.3579  0.3233  1
250:   0.3101  0.3701  0.3199  1
251:   0.3253  0.3477  0.3271  1
252:   0.3337  0.3317  0.3347  1
253:   0.3390  0.3128  0.3482  1
254:   0.3349  0.3217  0.3435  1
255:   0.3155  0.3667  0.3177  1
256:   0.3098  0.3848  0.3054  1
257:   0.3338  0.3170  0.3492  1
258:   0.3045  0.3834  0.3121  1
259:   0.3417  0.3185  0.3399  1
260:   0.3231  0.3595  0.3173  1
261:   0.3330  0.3414  0.3256  1
262:   0.3401  0.3039  0.3561  1
263:   0.3495  0.3019  0.3485  1
264:   0.3545  0.2983  0.3471  1
265:   0.3379  0.3289  0.3333  1
266:   0.3327  0.3371  0.3303  1
267:   0.3416  0.3212  0.3372  1
268:   0.3045  0.3900  0.3055  1
269:   0.2901  0.4182  0.2917  1
270:   0.3276  0.3478  0.3246  1
271:   0.3235  0.3499  0.3267  1
272:   0.2863  0.4300  0.2837  1
273:   0.3643  0.2627  0.3729  1
274:   0.3745  0.2693  0.3563  1
275:   0.3484  0.3018  0.3498  1
276:   0.3564  0.2890  0.3546  1
277:   0.3580  0.2806  0.3614  1
278:   0.3663  0.2695  0.3643  1
279:   0.3456  0.3128  0.3416  1
280:   0.3152  0.3730  0.3118  1
281:   0.3550  0.2930  0.3520  1
282:   0.3271  0.3481  0.3249  1
283:   0.3571  0.2801  0.3627  1
284:   0.3269  0.3333  0.3397  1
285:   0.2855  0.4265  0.2879  1
286:   0.3447  0.3185  0.3367  1
287:   0.3167  0.3737  0.3095  1
288:   0.3117  0.3845  0.3039  1
289:   0.3244  0.3408  0.3348  1
290:   0.3456  0.2936  0.3608  1
291:   0.3581  0.2747  0.3673  1
292:   0.3472  0.3086  0.3442  1
293:   0.3079  0.3875  0.3045  1
294:   0.3543  0.2895  0.3561  1
295:   0.3232  0.3530  0.3238  1
296:   0.3119  0.3765  0.3117  1
297:   0.3025  0.3929  0.3047  1
298:   0.2861  0.4281  0.2859  1
299:   0.3526  0.2820  0.3654  1
300:   0.3526  0.2890  0.3584  1
