 1:   0.1678  0.1628  0.1756  0.1614  0.1596  0.1728  1
 2:   0.1754  0.1630  0.1528  0.1740  0.1740  0.1606  1
 3:   0.1686  0.1672  0.1632  0.1692  0.1668  0.1652  1
 4:   0.1420  0.2148  0.1354  0.1862  0.1600  0.1618  1
 5:   0.1509  0.2027  0.1429  0.1787  0.1577  0.1671  1
 6:   0.1692  0.1630  0.1718  0.1610  0.1616  0.1732  1
 7:   0.1565  0.1765  0.1597  0.1723  0.1741  0.1607  1
 8:   0.1452  0.2018  0.1438  0.1816  0.1614  0.1662  1
 9:   0.1856  0.1402  0.1960  0.1416  0.1536  0.1830  1
10:   0.1675  0.1571  0.1809  0.1587  0.1641  0.1717  1
11:   0.1498  0.1998  0.1460  0.1828  0.1582  0.1632  1
12:   0.1680  0.1460  0.1944  0.1542  0.1680  0.1696  1
13:   0.1797  0.1377  0.1975  0.1483  0.1697  0.1669  1
14:   0.1673  0.1519  0.1890  0.1551  0.1689  0.1677  1
15:   0.1678  0.1636  0.1712  0.1654  0.1682  0.1638  1
16:   0.1698  0.1426  0.1972  0.1516  0.1660  0.1726  1
17:   0.1774  0.1458  0.1898  0.1520  0.1692  0.1658  1
18:   0.1590  0.1754  0.1644  0.1694  0.1722  0.1596  1
19:   0.1858  0.1394  0.1950  0.1460  0.1574  0.1766  1
20:   0.1587  0.1875  0.1479  0.1789  0.1649  0.1619  1
21:   0.1681  0.1669  0.1565  0.1745  0.1731  0.1611  1
22:   0.1590  0.1830  0.1462  0.1780  0.1760  0.1580  1
23:   0.1867  0.1333  0.2021  0.1425  0.1533  0.1819  1
24:   0.1674  0.1720  0.1660  0.1684  0.1622  0.1638  1
25:   0.1658  0.1698  0.1534  0.1760  0.1748  0.1600  1
26:   0.1673  0.1709  0.1669  0.1615  0.1653  0.1679  1
27:   0.1434  0.2088  0.1410  0.1824  0.1606  0.1636  1
28:   0.1655  0.1721  0.1599  0.1691  0.1717  0.1619  1
29:   0.1760  0.1626  0.1584  0.1708  0.1700  0.1622  1
30:   0.1690  0.1708  0.1544  0.1756  0.1674  0.1626  1
31:   0.1678  0.1548  0.1842  0.1576  0.1640  0.1716  1
32:   0.1636  0.1682  0.1628  0.1730  0.1714  0.1610  1
33:   0.1651  0.1781  0.1445  0.1805  0.1715  0.1603  1
34:   0.1640  0.1778  0.1578  0.1718  0.1650  0.1638  1
35:   0.1680  0.1700  0.1498  0.1754  0.1752  0.1618  1
36:   0.1565  0.1731  0.1643  0.1697  0.1719  0.1643  1
37:   0.1763  0.1603  0.1579  0.1683  0.1755  0.1615  1
38:   0.1765  0.1393  0.1991  0.1509  0.1721  0.1619  1
39:   0.2052  0.1010  0.2316  0.1152  0.1532  0.1938  1
40:   0.1602  0.1906  0.1408  0.1798  0.1686  0.1602  1
41:   0.1894  0.1294  0.2012  0.1396  0.1542  0.1860  1
42:   0.1616  0.1770  0.1638  0.1706  0.1610  0.1658  1
43:   0.1487  0.2071  0.1413  0.1847  0.1581  0.1599  1
44:   0.1663  0.1623  0.1751  0.1661  0.1707  0.1593  1
45:   0.1634  0.1762  0.1538  0.1766  0.1728  0.1572  1
46:   0.1567  0.1779  0.1571  0.1763  0.1713  0.1607  1
47:   0.1869  0.1315  0.2017  0.1381  0.1551  0.1867  1
48:   0.1705  0.1633  0.1609  0.1725  0.1701  0.1629  1
49:   0.1512  0.1972  0.1468  0.1818  0.1636  0.1596  1
50:   0.1532  0.1966  0.1440  0.1812  0.1634  0.1614  1
51:   0.1612  0.1850  0.1458  0.1780  0.1690  0.1608  1
52:   0.1600  0.1782  0.1530  0.1764  0.1694  0.1628  1
53:   0.1733  0.1551  0.1791  0.1607  0.1731  0.1589  1
54:   0.1603  0.1777  0.1635  0.1655  0.1637  0.1691  1
