 1:   0.1660  0.1700  0.1620  0.1750  0.1650  0.1620  1
 2:   0.1640  0.1600  0.1930  0.1690  0.1470  0.1670  1
 3:   0.1548  0.1758  0.1678  0.1618  0.1598  0.1798  1
 4:   0.1688  0.2258  0.1558  0.1319  0.1209  0.1968  1
 5:   0.1652  0.2132  0.1542  0.1411  0.1331  0.1932  1
 6:   0.1630  0.1690  0.1640  0.1740  0.1670  0.1630  1
 7:   0.1662  0.1692  0.1722  0.1552  0.1642  0.1732  1
 8:   0.1720  0.2120  0.1510  0.1360  0.1360  0.1930  1
 9:   0.1870  0.1380  0.1460  0.2020  0.1950  0.1320  1
10:   0.1640  0.1510  0.1740  0.1650  0.1920  0.1540  1
11:   0.1710  0.2090  0.1490  0.1430  0.1310  0.1970  1
12:   0.1700  0.1380  0.1610  0.1810  0.2070  0.1430  1
13:   0.1618  0.1259  0.1628  0.1958  0.2258  0.1279  1
14:   0.1672  0.1461  0.1672  0.1742  0.1962  0.1491  1
15:   0.1588  0.1628  0.1718  0.1728  0.1658  0.1678  1
16:   0.1592  0.1371  0.1742  0.1802  0.2102  0.1391  1
17:   0.1670  0.1370  0.1590  0.1950  0.2040  0.1380  1
18:   0.1572  0.1692  0.1612  0.1712  0.1792  0.1622  1
19:   0.1690  0.1370  0.1590  0.2020  0.1920  0.1410  1
20:   0.1630  0.1950  0.1590  0.1500  0.1420  0.1910  1
21:   0.1620  0.1660  0.1810  0.1630  0.1480  0.1800  1
22:   0.1640  0.1830  0.1810  0.1480  0.1390  0.1850  1
23:   0.1728  0.1299  0.1508  0.2128  0.1958  0.1379  1
24:   0.1610  0.1740  0.1660  0.1690  0.1580  0.1720  1
25:   0.1622  0.1692  0.1872  0.1552  0.1421  0.1842  1
26:   0.1660  0.1610  0.1660  0.1770  0.1690  0.1610  1
27:   0.1710  0.2120  0.1580  0.1330  0.1260  0.2000  1
28:   0.1562  0.1712  0.1742  0.1592  0.1682  0.1712  1
29:   0.1630  0.1580  0.1880  0.1640  0.1580  0.1690  1
30:   0.1650  0.1710  0.1730  0.1670  0.1460  0.1780  1
31:   0.1662  0.1592  0.1632  0.1772  0.1812  0.1532  1
32:   0.1560  0.1690  0.1690  0.1560  0.1660  0.1840  1
33:   0.1610  0.1790  0.1750  0.1620  0.1370  0.1860  1
34:   0.1640  0.1860  0.1620  0.1480  0.1560  0.1840  1
35:   0.1710  0.1660  0.1890  0.1580  0.1370  0.1790  1
36:   0.1718  0.1758  0.1618  0.1578  0.1598  0.1728  1
37:   0.1610  0.1570  0.1910  0.1720  0.1510  0.1680  1
38:   0.1640  0.1260  0.1620  0.1980  0.2230  0.1270  1
39:   0.1880  0.0910  0.1600  0.2340  0.2350  0.0920  1
40:   0.1610  0.1930  0.1710  0.1490  0.1350  0.1910  1
41:   0.1832  0.1231  0.1542  0.2092  0.2012  0.1291  1
42:   0.1752  0.1772  0.1652  0.1552  0.1542  0.1732  1
43:   0.1668  0.2168  0.1558  0.1429  0.1209  0.1968  1
44:   0.1650  0.1570  0.1690  0.1700  0.1770  0.1620  1
45:   0.1610  0.1710  0.1800  0.1530  0.1520  0.1830  1
46:   0.1608  0.1728  0.1788  0.1528  0.1568  0.1778  1
47:   0.1860  0.1300  0.1500  0.2030  0.2030  0.1280  1
48:   0.1582  0.1732  0.1742  0.1652  0.1542  0.1752  1
49:   0.1670  0.2040  0.1570  0.1380  0.1410  0.1930  1
50:   0.1710  0.2000  0.1660  0.1410  0.1310  0.1910  1
51:   0.1642  0.1912  0.1722  0.1512  0.1351  0.1862  1
52:   0.1640  0.1810  0.1790  0.1460  0.1470  0.1830  1
53:   0.1622  0.1481  0.1672  0.1892  0.1842  0.1491  1
54:   0.1690  0.1700  0.1610  0.1590  0.1650  0.1760  1

 1:   0.1720  0.1570  0.1540  0.1680  0.1780  0.1710  1
 2:   0.1780  0.1830  0.1520  0.1870  0.1530  0.1470  1
 3:   0.1740  0.1630  0.1580  0.1820  0.1630  0.1600  1
 4:   0.1310  0.2310  0.1530  0.1280  0.1390  0.2180  1
 5:   0.1512  0.2212  0.1552  0.1461  0.1301  0.1962  1
 6:   0.1850  0.1660  0.1520  0.1710  0.1650  0.1610  1
 7:   0.1532  0.1802  0.1832  0.1491  0.1682  0.1662  1
 8:   0.1520  0.2090  0.1590  0.1380  0.1340  0.2080  1
 9:   0.1788  0.1309  0.1648  0.1708  0.2028  0.1518  1
10:   0.1550  0.1580  0.1710  0.1780  0.1790  0.1590  1
11:   0.1440  0.2130  0.1490  0.1380  0.1450  0.2110  1
12:   0.1650  0.1380  0.1950  0.1580  0.1790  0.1650  1
13:   0.1648  0.1259  0.1908  0.1618  0.1908  0.1658  1
14:   0.1670  0.1480  0.1840  0.1680  0.1790  0.1540  1
15:   0.1660  0.1640  0.1700  0.1730  0.1700  0.1570  1
16:   0.1652  0.1311  0.1812  0.1772  0.1892  0.1562  1
17:   0.1548  0.1319  0.1868  0.1628  0.1948  0.1688  1
18:   0.1590  0.1720  0.1860  0.1390  0.1650  0.1790  1
19:   0.1932  0.1221  0.1502  0.1952  0.1932  0.1461  1
20:   0.1508  0.1968  0.1568  0.1598  0.1489  0.1868  1
21:   0.1742  0.1702  0.1712  0.1772  0.1542  0.1532  1
22:   0.1542  0.1952  0.1822  0.1562  0.1431  0.1692  1
23:   0.1920  0.1150  0.1520  0.1840  0.2110  0.1460  1
24:   0.1652  0.1692  0.1522  0.1792  0.1592  0.1752  1
25:   0.1732  0.1782  0.1672  0.1712  0.1612  0.1491  1
26:   0.1638  0.1738  0.1648  0.1648  0.1768  0.1558  1
27:   0.1400  0.2350  0.1540  0.1330  0.1390  0.1990  1
28:   0.1690  0.1690  0.1660  0.1670  0.1560  0.1730  1
29:   0.1690  0.1760  0.1510  0.1910  0.1640  0.1490  1
30:   0.1682  0.1812  0.1542  0.1682  0.1592  0.1692  1
31:   0.1740  0.1450  0.1650  0.1680  0.1860  0.1620  1
32:   0.1750  0.1580  0.1720  0.1660  0.1620  0.1670  1
33:   0.1620  0.1910  0.1630  0.1730  0.1510  0.1600  1
34:   0.1650  0.1800  0.1630  0.1760  0.1500  0.1660  1
35:   0.1720  0.1900  0.1660  0.1700  0.1580  0.1440  1
36:   0.1600  0.1830  0.1760  0.1500  0.1580  0.1730  1
37:   0.1712  0.1752  0.1672  0.1862  0.1602  0.1401  1
38:   0.1620  0.1220  0.2030  0.1500  0.2020  0.1610  1
39:   0.1910  0.0800  0.1650  0.2010  0.2500  0.1130  1
40:   0.1528  0.2028  0.1638  0.1678  0.1399  0.1728  1
41:   0.1850  0.1160  0.1650  0.1850  0.2110  0.1380  1
42:   0.1600  0.1780  0.1580  0.1590  0.1660  0.1790  1
43:   0.1390  0.2180  0.1490  0.1410  0.1420  0.2110  1
44:   0.1628  0.1528  0.1778  0.1628  0.1828  0.1608  1
45:   0.1550  0.1860  0.1670  0.1710  0.1530  0.1680  1
46:   0.1730  0.1800  0.1730  0.1530  0.1550  0.1660  1
47:   0.1748  0.1209  0.1648  0.1858  0.2078  0.1459  1
48:   0.1612  0.1682  0.1662  0.1822  0.1652  0.1572  1
49:   0.1459  0.2148  0.1548  0.1459  0.1449  0.1938  1
50:   0.1490  0.2130  0.1430  0.1640  0.1450  0.1860  1
51:   0.1572  0.1932  0.1632  0.1652  0.1522  0.1692  1
52:   0.1700  0.1880  0.1580  0.1680  0.1520  0.1640  1
53:   0.1490  0.1530  0.1920  0.1640  0.1830  0.1590  1
54:   0.1612  0.1822  0.1652  0.1582  0.1722  0.1612  1

 1:   0.1718  0.1608  0.1658  0.1658  0.1738  0.1618  1
 2:   0.1532  0.1702  0.1712  0.1712  0.1572  0.1772  1
 3:   0.1590  0.1670  0.1610  0.1710  0.1670  0.1750  1
 4:   0.1760  0.2010  0.1570  0.1500  0.1490  0.1670  1
 5:   0.1750  0.1850  0.1570  0.1570  0.1540  0.1720  1
 6:   0.1650  0.1660  0.1660  0.1680  0.1740  0.1610  1
 7:   0.1682  0.1772  0.1712  0.1622  0.1522  0.1692  1
 8:   0.1720  0.1900  0.1600  0.1500  0.1580  0.1700  1
 9:   0.1780  0.1550  0.1680  0.1690  0.1870  0.1430  1
10:   0.1710  0.1600  0.1590  0.1670  0.1810  0.1620  1
11:   0.1770  0.1870  0.1550  0.1520  0.1600  0.1690  1
12:   0.1658  0.1508  0.1558  0.1748  0.1908  0.1618  1
13:   0.1630  0.1420  0.1650  0.2010  0.1710  0.1580  1
14:   0.1642  0.1562  0.1612  0.1672  0.1882  0.1632  1
15:   0.1610  0.1630  0.1740  0.1650  0.1740  0.1630  1
16:   0.1678  0.1469  0.1568  0.1668  0.1978  0.1638  1
17:   0.1632  0.1522  0.1672  0.1972  0.1682  0.1522  1
18:   0.1637  0.1776  0.1717  0.1667  0.1557  0.1647  1
19:   0.1708  0.1429  0.1688  0.1728  0.1908  0.1538  1
20:   0.1680  0.1820  0.1640  0.1620  0.1560  0.1680  1
21:   0.1602  0.1642  0.1622  0.1692  0.1612  0.1832  1
22:   0.1678  0.1788  0.1618  0.1658  0.1508  0.1748  1
23:   0.1770  0.1420  0.1730  0.1750  0.1910  0.1420  1
24:   0.1670  0.1690  0.1610  0.1590  0.1760  0.1680  1
25:   0.1638  0.1668  0.1748  0.1658  0.1558  0.1728  1
26:   0.1708  0.1738  0.1708  0.1628  0.1598  0.1618  1
27:   0.1770  0.1910  0.1540  0.1530  0.1600  0.1650  1
28:   0.1630  0.1670  0.1680  0.1740  0.1600  0.1680  1
29:   0.1598  0.1668  0.1738  0.1628  0.1618  0.1748  1
30:   0.1660  0.1680  0.1710  0.1680  0.1590  0.1680  1
31:   0.1718  0.1568  0.1668  0.1628  0.1858  0.1558  1
32:   0.1600  0.1680  0.1670  0.1690  0.1610  0.1750  1
33:   0.1658  0.1758  0.1698  0.1628  0.1499  0.1758  1
34:   0.1600  0.1710  0.1660  0.1630  0.1650  0.1750  1
35:   0.1600  0.1720  0.1680  0.1640  0.1550  0.1810  1
36:   0.1690  0.1750  0.1620  0.1640  0.1650  0.1650  1
37:   0.1578  0.1608  0.1698  0.1778  0.1578  0.1758  1
38:   0.1578  0.1489  0.1668  0.1978  0.1728  0.1558  1
39:   0.1818  0.1169  0.1718  0.1878  0.2158  0.1259  1
40:   0.1700  0.1840  0.1590  0.1610  0.1510  0.1750  1
41:   0.1742  0.1421  0.1692  0.1692  0.1992  0.1461  1
42:   0.1680  0.1730  0.1650  0.1620  0.1670  0.1650  1
43:   0.1780  0.1890  0.1560  0.1530  0.1510  0.1730  1
44:   0.1600  0.1660  0.1720  0.1700  0.1660  0.1660  1
45:   0.1598  0.1738  0.1668  0.1688  0.1528  0.1778  1
46:   0.1662  0.1732  0.1632  0.1612  0.1562  0.1802  1
47:   0.1778  0.1429  0.1718  0.1688  0.1988  0.1399  1
48:   0.1600  0.1660  0.1620  0.1730  0.1630  0.1760  1
49:   0.1722  0.1872  0.1622  0.1552  0.1491  0.1742  1
50:   0.1660  0.1940  0.1610  0.1530  0.1550  0.1710  1
51:   0.1712  0.1792  0.1572  0.1632  0.1532  0.1762  1
52:   0.1640  0.1740  0.1730  0.1600  0.1580  0.1710  1
53:   0.1612  0.1532  0.1812  0.1732  0.1662  0.1652  1
54:   0.1682  0.1772  0.1632  0.1592  0.1632  0.1692  1

 1:   0.1790  0.1660  0.1540  0.1660  0.1820  0.1530  1
 2:   0.1510  0.1410  0.1760  0.1870  0.1450  0.2000  1
 3:   0.1652  0.1682  0.1692  0.1552  0.1682  0.1742  1
 4:   0.1610  0.2080  0.1710  0.1410  0.1430  0.1760  1
 5:   0.1700  0.2050  0.1590  0.1400  0.1610  0.1650  1
 6:   0.1814  0.1613  0.1533  0.1653  0.1804  0.1583  1
 7:   0.1532  0.1792  0.1732  0.1542  0.1582  0.1822  1
 8:   0.1602  0.2072  0.1672  0.1401  0.1562  0.1692  1
 9:   0.2032  0.1301  0.1411  0.2052  0.1962  0.1241  1
10:   0.1922  0.1512  0.1622  0.1592  0.1742  0.1612  1
11:   0.1580  0.1990  0.1730  0.1490  0.1520  0.1690  1
12:   0.1750  0.1440  0.1750  0.1650  0.1930  0.1480  1
13:   0.1780  0.1530  0.1610  0.1620  0.2010  0.1450  1
14:   0.1682  0.1512  0.1772  0.1662  0.1842  0.1532  1
15:   0.1680  0.1610  0.1650  0.1620  0.1690  0.1750  1
16:   0.1932  0.1441  0.1632  0.1662  0.1882  0.1451  1
17:   0.1780  0.1580  0.1580  0.1640  0.1910  0.1510  1
18:   0.1550  0.1930  0.1690  0.1500  0.1570  0.1760  1
19:   0.1858  0.1479  0.1479  0.1958  0.1878  0.1349  1
20:   0.1570  0.1860  0.1730  0.1600  0.1460  0.1780  1
21:   0.1440  0.1670  0.1820  0.1700  0.1540  0.1830  1
22:   0.1449  0.1808  0.1778  0.1628  0.1429  0.1908  1
23:   0.2020  0.1420  0.1360  0.1960  0.1990  0.1250  1
24:   0.1630  0.1740  0.1640  0.1650  0.1690  0.1650  1
25:   0.1420  0.1600  0.1810  0.1710  0.1520  0.1940  1
26:   0.1780  0.1700  0.1650  0.1650  0.1640  0.1580  1
27:   0.1562  0.2072  0.1742  0.1381  0.1481  0.1762  1
28:   0.1540  0.1820  0.1720  0.1690  0.1550  0.1680  1
29:   0.1552  0.1512  0.1672  0.1912  0.1502  0.1852  1
30:   0.1548  0.1578  0.1718  0.1828  0.1459  0.1868  1
31:   0.1850  0.1540  0.1630  0.1680  0.1820  0.1480  1
32:   0.1470  0.1720  0.1800  0.1540  0.1710  0.1760  1
33:   0.1558  0.1718  0.1748  0.1708  0.1339  0.1928  1
34:   0.1520  0.1740  0.1700  0.1630  0.1700  0.1710  1
35:   0.1489  0.1528  0.1768  0.1848  0.1459  0.1908  1
36:   0.1520  0.1660  0.1950  0.1530  0.1610  0.1730  1
37:   0.1560  0.1490  0.1750  0.1870  0.1500  0.1830  1
38:   0.1677  0.1577  0.1567  0.1597  0.2016  0.1567  1
39:   0.2382  0.0971  0.1301  0.2212  0.2172  0.0961  1
40:   0.1582  0.1952  0.1702  0.1582  0.1391  0.1792  1
41:   0.2118  0.1259  0.1349  0.2118  0.1848  0.1309  1
42:   0.1620  0.1850  0.1530  0.1710  0.1630  0.1660  1
43:   0.1450  0.2160  0.1670  0.1490  0.1580  0.1650  1
44:   0.1490  0.1630  0.1720  0.1610  0.1750  0.1800  1
45:   0.1441  0.1762  0.1802  0.1622  0.1532  0.1842  1
46:   0.1401  0.1802  0.1812  0.1481  0.1632  0.1872  1
47:   0.2250  0.1240  0.1400  0.1980  0.1910  0.1220  1
48:   0.1732  0.1491  0.1712  0.1622  0.1642  0.1802  1
49:   0.1469  0.1908  0.1758  0.1598  0.1538  0.1728  1
50:   0.1500  0.1860  0.1800  0.1480  0.1450  0.1910  1
51:   0.1558  0.1848  0.1698  0.1628  0.1449  0.1818  1
52:   0.1500  0.1680  0.1710  0.1600  0.1580  0.1930  1
53:   0.1562  0.1542  0.1712  0.1702  0.1812  0.1672  1
54:   0.1682  0.1812  0.1702  0.1522  0.1652  0.1632  1

 1:   0.1752  0.1602  0.1622  0.1642  0.1792  0.1592  1
 2:   0.1570  0.1610  0.1780  0.1630  0.1620  0.1790  1
 3:   0.1728  0.1618  0.1778  0.1728  0.1578  0.1568  1
 4:   0.1720  0.2080  0.1630  0.1590  0.1250  0.1730  1
 5:   0.1742  0.1892  0.1632  0.1702  0.1361  0.1672  1
 6:   0.1718  0.1528  0.1728  0.1678  0.1728  0.1618  1
 7:   0.1630  0.1770  0.1710  0.1620  0.1560  0.1710  1
 8:   0.1748  0.1908  0.1698  0.1618  0.1349  0.1678  1
 9:   0.1680  0.1470  0.1480  0.1810  0.1990  0.1570  1
10:   0.1764  0.1653  0.1543  0.1683  0.1784  0.1573  1
11:   0.1662  0.1912  0.1652  0.1672  0.1421  0.1682  1
12:   0.1720  0.1590  0.1530  0.1610  0.2020  0.1530  1
13:   0.1670  0.1420  0.1690  0.1780  0.1990  0.1450  1
14:   0.1722  0.1582  0.1552  0.1612  0.1972  0.1562  1
15:   0.1652  0.1672  0.1602  0.1662  0.1772  0.1642  1
16:   0.1778  0.1538  0.1548  0.1588  0.2008  0.1538  1
17:   0.1660  0.1500  0.1750  0.1680  0.1910  0.1500  1
18:   0.1632  0.1652  0.1732  0.1682  0.1652  0.1652  1
19:   0.1640  0.1470  0.1610  0.1630  0.2110  0.1540  1
20:   0.1708  0.1778  0.1718  0.1618  0.1469  0.1708  1
21:   0.1650  0.1670  0.1690  0.1610  0.1650  0.1730  1
22:   0.1590  0.1770  0.1770  0.1620  0.1550  0.1700  1
23:   0.1658  0.1379  0.1548  0.1658  0.2138  0.1618  1
24:   0.1630  0.1740  0.1680  0.1650  0.1680  0.1620  1
25:   0.1590  0.1750  0.1640  0.1660  0.1560  0.1800  1
26:   0.1610  0.1760  0.1600  0.1670  0.1650  0.1710  1
27:   0.1740  0.1990  0.1630  0.1600  0.1320  0.1720  1
28:   0.1672  0.1712  0.1782  0.1582  0.1602  0.1652  1
29:   0.1640  0.1610  0.1700  0.1710  0.1580  0.1760  1
30:   0.1592  0.1762  0.1672  0.1592  0.1622  0.1762  1
31:   0.1610  0.1590  0.1620  0.1630  0.1860  0.1690  1
32:   0.1670  0.1740  0.1690  0.1730  0.1540  0.1630  1
33:   0.1568  0.1728  0.1748  0.1568  0.1508  0.1878  1
34:   0.1778  0.1778  0.1638  0.1698  0.1479  0.1628  1
35:   0.1570  0.1690  0.1760  0.1630  0.1530  0.1820  1
36:   0.1688  0.1658  0.1648  0.1578  0.1778  0.1648  1
37:   0.1617  0.1597  0.1747  0.1587  0.1707  0.1747  1
38:   0.1582  0.1421  0.1722  0.1772  0.1962  0.1542  1
39:   0.1700  0.1200  0.1390  0.1820  0.2400  0.1490  1
40:   0.1588  0.1778  0.1788  0.1648  0.1389  0.1808  1
41:   0.1760  0.1400  0.1480  0.1720  0.2100  0.1540  1
42:   0.1640  0.1720  0.1640  0.1610  0.1690  0.1700  1
43:   0.1708  0.1958  0.1628  0.1578  0.1349  0.1778  1
44:   0.1598  0.1728  0.1628  0.1678  0.1748  0.1618  1
45:   0.1660  0.1740  0.1700  0.1620  0.1580  0.1700  1
46:   0.1633  0.1834  0.1603  0.1683  0.1543  0.1703  1
47:   0.1698  0.1399  0.1489  0.1788  0.2078  0.1548  1
48:   0.1618  0.1598  0.1768  0.1698  0.1578  0.1738  1
49:   0.1660  0.1890  0.1680  0.1570  0.1450  0.1750  1
50:   0.1712  0.1902  0.1672  0.1602  0.1441  0.1672  1
51:   0.1558  0.1768  0.1828  0.1638  0.1439  0.1768  1
52:   0.1662  0.1802  0.1662  0.1662  0.1502  0.1712  1
53:   0.1658  0.1668  0.1538  0.1698  0.1808  0.1628  1
54:   0.1792  0.1782  0.1592  0.1732  0.1522  0.1582  1

