1:    0.010 0.292 0.338 0.342 0.018 1    
2:    0.014 0.330 0.305 0.318 0.033 1    
3:    0.035 0.251 0.250 0.245 0.218 1    
4:    0.009 0.331 0.302 0.346 0.013 1    
5:    0.023 0.309 0.309 0.341 0.017 1    
6:    0.012 0.370 0.318 0.293 0.007 1    
7:    0.010 0.364 0.328 0.289 0.009 1    
8:    0.008 0.309 0.360 0.311 0.012 1    
9:    0.009 0.298 0.302 0.363 0.028 1    
10:   0.021 0.303 0.313 0.348 0.015 1    
11:   0.014 0.320 0.316 0.337 0.014 1    
12:   0.009 0.321 0.351 0.298 0.020 1    
13:   0.013 0.365 0.312 0.299 0.011 1    
14:   0.013 0.326 0.327 0.317 0.017 1    
15:   0.025 0.292 0.338 0.323 0.021 1    
16:   0.015 0.327 0.351 0.271 0.036 1    
17:   0.018 0.313 0.309 0.345 0.015 1    
18:   0.016 0.361 0.302 0.296 0.025 1    
19:   0.013 0.344 0.297 0.304 0.042 1    
20:   0.035 0.324 0.282 0.302 0.057 1    
21:   0.009 0.357 0.312 0.303 0.019 1    
22:   0.019 0.335 0.337 0.275 0.034 1    
23:   0.035 0.342 0.302 0.300 0.021 1    
24:   0.037 0.229 0.250 0.247 0.236 1    
25:   0.049 0.279 0.285 0.323 0.065 1    
26:   0.112 0.154 0.167 0.157 0.410 1    
27:   0.679 0.013 0.013 0.013 0.283 1    
28:   0.059 0.032 0.031 0.034 0.844 1    
29:   0.038 0.059 0.060 0.068 0.774 1    
30:   0.097 0.015 0.016 0.017 0.855 1    
31:   0.139 0.010 0.011 0.010 0.830 1    
32:   0.025 0.011 0.011 0.010 0.943 1    
33:   0.012 0.047 0.048 0.041 0.852 1    
34:   0.037 0.046 0.042 0.050 0.826 1    
35:   0.036 0.086 0.076 0.079 0.724 1    
36:   0.936 0.008 0.008 0.008 0.040 1    
37:   0.123 0.026 0.024 0.024 0.802 1    
38:   0.244 0.153 0.165 0.167 0.271 1    
39:   0.132 0.050 0.045 0.045 0.728 1    
40:   0.273 0.138 0.142 0.141 0.306 1    
41:   0.051 0.233 0.227 0.265 0.223 1    
42:   0.810 0.049 0.047 0.046 0.048 1    
43:   0.649 0.089 0.096 0.094 0.073 1    
44:   0.469 0.094 0.103 0.104 0.230 1    
45:   0.936 0.012 0.013 0.013 0.026 1    
46:   0.873 0.031 0.032 0.030 0.034 1    
47:   0.949 0.010 0.010 0.011 0.020 1    
48:   0.964 0.007 0.007 0.007 0.014 1    
49:   0.830 0.014 0.016 0.015 0.125 1    
50:   0.921 0.023 0.024 0.024 0.008 1    
51:   0.940 0.012 0.013 0.012 0.022 1    
52:   0.730 0.027 0.027 0.029 0.186 1    
53:   0.480 0.051 0.042 0.050 0.378 1    
54:   0.280 0.020 0.019 0.020 0.661 1    
55:   0.110 0.029 0.031 0.030 0.800 1    
56:   0.666 0.055 0.046 0.051 0.183 1    
57:   0.404 0.072 0.066 0.073 0.384 1    
58:   0.689 0.074 0.082 0.077 0.078 1    
59:   0.971 0.007 0.007 0.007 0.009 1    
60:   0.862 0.027 0.027 0.027 0.058 1    
61:   0.191 0.054 0.052 0.053 0.650 1    
62:   0.661 0.055 0.053 0.051 0.180 1    
63:   0.147 0.056 0.057 0.054 0.686 1    
64:   0.084 0.091 0.108 0.098 0.619 1    
65:   0.044 0.016 0.017 0.018 0.905 1    
66:   0.912 0.021 0.021 0.023 0.024 1    
67:   0.567 0.079 0.082 0.081 0.191 1    
68:   0.616 0.047 0.049 0.049 0.238 1    
69:   0.054 0.036 0.034 0.033 0.843 1    
70:   0.342 0.146 0.160 0.169 0.183 1    
71:   0.940 0.007 0.007 0.008 0.038 1    
72:   0.506 0.037 0.037 0.037 0.384 1    
73:   0.835 0.020 0.020 0.019 0.106 1    
74:   0.017 0.282 0.344 0.318 0.039 1    
75:   0.006 0.338 0.327 0.316 0.013 1    
76:   0.008 0.323 0.330 0.330 0.010 1    
77:   0.007 0.396 0.298 0.280 0.018 1    
78:   0.006 0.322 0.317 0.348 0.007 1    
79:   0.043 0.300 0.315 0.326 0.016 1    
80:   0.017 0.316 0.332 0.314 0.021 1    
81:   0.008 0.348 0.278 0.354 0.012 1    
82:   0.014 0.291 0.296 0.318 0.080 1    
83:   0.007 0.324 0.330 0.332 0.007 1    
84:   0.015 0.195 0.215 0.217 0.358 1    
85:   0.007 0.338 0.309 0.329 0.017 1    
86:   0.032 0.308 0.327 0.299 0.035 1    
87:   0.011 0.319 0.291 0.338 0.040 1    
88:   0.010 0.347 0.298 0.326 0.018 1    
89:   0.007 0.298 0.297 0.390 0.008 1    
90:   0.016 0.292 0.344 0.336 0.012 1    
91:   0.016 0.306 0.330 0.326 0.023 1    
92:   0.068 0.260 0.269 0.271 0.132 1    
93:   0.010 0.321 0.301 0.321 0.048 1    
94:   0.015 0.286 0.350 0.309 0.039 1    
95:   0.010 0.343 0.332 0.299 0.015 1    
96:   0.029 0.335 0.276 0.313 0.046 1    
97:   0.013 0.303 0.345 0.331 0.008 1    
98:   0.008 0.285 0.353 0.340 0.013 1    
99:   0.015 0.344 0.306 0.324 0.011 1    
100:  0.087 0.264 0.246 0.298 0.106 1    
101:  0.015 0.295 0.346 0.334 0.009 1    
102:  0.351 0.012 0.011 0.011 0.615 1    
103:  0.940 0.011 0.010 0.010 0.028 1    
104:  0.965 0.007 0.007 0.007 0.014 1    
105:  0.375 0.009 0.008 0.008 0.599 1    
106:  0.791 0.047 0.049 0.049 0.064 1    
107:  0.944 0.010 0.009 0.009 0.028 1    
108:  0.925 0.007 0.007 0.007 0.054 1    
109:  0.818 0.054 0.054 0.054 0.020 1    
110:  0.971 0.006 0.006 0.006 0.011 1    
111:  0.812 0.021 0.020 0.020 0.127 1    
112:  0.597 0.021 0.021 0.021 0.340 1    
113:  0.892 0.013 0.013 0.014 0.069 1    
114:  0.960 0.006 0.006 0.006 0.022 1    
115:  0.962 0.007 0.007 0.007 0.017 1    
116:  0.956 0.008 0.008 0.009 0.018 1    
117:  0.465 0.015 0.016 0.015 0.490 1    
118:  0.829 0.010 0.010 0.010 0.141 1    
119:  0.957 0.007 0.006 0.007 0.023 1    
                    
                    
1:    0.011 0.019 0.332 0.327 0.312 1    
2:    0.015 0.042 0.320 0.342 0.281 1    
3:    0.038 0.223 0.232 0.239 0.268 1    
4:    0.010 0.014 0.283 0.326 0.368 1    
5:    0.026 0.017 0.320 0.329 0.308 1    
6:    0.013 0.007 0.326 0.313 0.341 1    
7:    0.011 0.009 0.335 0.301 0.344 1    
8:    0.008 0.013 0.314 0.312 0.352 1    
9:    0.010 0.032 0.326 0.327 0.305 1    
10:   0.023 0.016 0.324 0.348 0.289 1    
11:   0.015 0.015 0.320 0.311 0.340 1    
12:   0.009 0.021 0.282 0.288 0.399 1    
13:   0.014 0.012 0.278 0.316 0.380 1    
14:   0.015 0.019 0.316 0.343 0.307 1    
15:   0.024 0.023 0.362 0.312 0.279 1    
16:   0.016 0.039 0.306 0.304 0.335 1    
17:   0.019 0.017 0.318 0.342 0.305 1    
18:   0.017 0.027 0.280 0.299 0.377 1    
19:   0.013 0.046 0.311 0.317 0.313 1    
20:   0.034 0.052 0.298 0.324 0.291 1    
21:   0.009 0.020 0.272 0.297 0.402 1    
22:   0.018 0.037 0.284 0.294 0.367 1    
23:   0.036 0.024 0.294 0.289 0.357 1    
24:   0.038 0.259 0.238 0.245 0.219 1    
25:   0.046 0.060 0.330 0.300 0.265 1    
26:   0.117 0.419 0.153 0.144 0.167 1    
27:   0.683 0.277 0.013 0.013 0.014 1    
28:   0.080 0.804 0.037 0.040 0.039 1    
29:   0.042 0.777 0.063 0.060 0.059 1    
30:   0.123 0.820 0.017 0.020 0.019 1    
31:   0.169 0.797 0.012 0.011 0.010 1    
32:   0.039 0.925 0.011 0.012 0.012 1    
33:   0.012 0.843 0.050 0.050 0.045 1    
34:   0.043 0.805 0.050 0.051 0.051 1    
35:   0.040 0.715 0.079 0.087 0.079 1    
36:   0.932 0.042 0.008 0.009 0.009 1    
37:   0.128 0.792 0.026 0.026 0.027 1    
38:   0.244 0.254 0.175 0.170 0.157 1    
39:   0.159 0.684 0.052 0.050 0.055 1    
40:   0.283 0.277 0.151 0.146 0.142 1    
41:   0.054 0.198 0.255 0.255 0.238 1    
42:   0.801 0.047 0.049 0.048 0.055 1    
43:   0.640 0.086 0.094 0.093 0.087 1    
44:   0.459 0.215 0.117 0.112 0.097 1    
45:   0.926 0.035 0.013 0.013 0.013 1    
46:   0.858 0.045 0.032 0.033 0.032 1    
47:   0.943 0.023 0.011 0.012 0.011 1    
48:   0.961 0.015 0.008 0.008 0.008 1    
49:   0.804 0.143 0.017 0.018 0.017 1    
50:   0.912 0.011 0.026 0.025 0.026 1    
51:   0.932 0.025 0.016 0.014 0.013 1    
52:   0.707 0.204 0.031 0.030 0.029 1    
53:   0.478 0.370 0.050 0.053 0.050 1    
54:   0.313 0.624 0.021 0.021 0.021 1    
55:   0.131 0.757 0.041 0.036 0.035 1    
56:   0.681 0.169 0.051 0.050 0.049 1    
57:   0.388 0.409 0.067 0.067 0.068 1    
58:   0.674 0.086 0.083 0.085 0.071 1    
59:   0.967 0.011 0.007 0.007 0.007 1    
60:   0.856 0.058 0.028 0.029 0.028 1    
61:   0.180 0.657 0.058 0.055 0.050 1    
62:   0.638 0.198 0.054 0.057 0.054 1    
63:   0.185 0.611 0.073 0.071 0.059 1    
64:   0.096 0.584 0.116 0.109 0.096 1    
65:   0.052 0.892 0.019 0.020 0.017 1    
66:   0.894 0.024 0.026 0.030 0.026 1    
67:   0.544 0.206 0.084 0.083 0.083 1    
68:   0.623 0.209 0.060 0.055 0.052 1    
69:   0.060 0.821 0.039 0.037 0.043 1    
70:   0.322 0.194 0.172 0.168 0.144 1    
71:   0.934 0.042 0.008 0.008 0.008 1    
72:   0.553 0.331 0.038 0.039 0.038 1    
73:   0.827 0.109 0.020 0.022 0.021 1    
74:   0.019 0.043 0.367 0.303 0.269 1    
75:   0.007 0.015 0.299 0.294 0.385 1    
76:   0.008 0.010 0.352 0.317 0.313 1    
77:   0.008 0.018 0.292 0.339 0.343 1    
78:   0.007 0.007 0.371 0.325 0.290 1    
79:   0.044 0.015 0.343 0.325 0.272 1    
80:   0.017 0.020 0.367 0.292 0.304 1    
81:   0.009 0.013 0.276 0.317 0.386 1    
82:   0.016 0.082 0.298 0.325 0.279 1    
83:   0.008 0.008 0.359 0.344 0.281 1    
84:   0.016 0.321 0.241 0.219 0.203 1    
85:   0.008 0.018 0.308 0.311 0.356 1    
86:   0.032 0.039 0.346 0.314 0.269 1    
87:   0.013 0.042 0.316 0.314 0.315 1    
88:   0.011 0.020 0.325 0.322 0.321 1    
89:   0.008 0.009 0.327 0.336 0.321 1    
90:   0.016 0.012 0.374 0.320 0.277 1    
91:   0.016 0.025 0.294 0.331 0.334 1    
92:   0.072 0.138 0.258 0.251 0.281 1    
93:   0.011 0.053 0.318 0.323 0.295 1    
94:   0.017 0.040 0.335 0.319 0.289 1    
95:   0.012 0.017 0.264 0.313 0.395 1    
96:   0.029 0.052 0.260 0.304 0.355 1    
97:   0.013 0.009 0.306 0.321 0.352 1    
98:   0.009 0.015 0.337 0.351 0.288 1    
99:   0.015 0.012 0.336 0.319 0.318 1    
100:  0.088 0.107 0.249 0.291 0.264 1    
101:  0.014 0.010 0.340 0.351 0.284 1    
102:  0.387 0.576 0.013 0.013 0.012 1    
103:  0.933 0.033 0.011 0.011 0.012 1    
104:  0.964 0.013 0.008 0.008 0.008 1    
105:  0.387 0.585 0.010 0.009 0.009 1    
106:  0.783 0.063 0.049 0.052 0.053 1    
107:  0.934 0.035 0.011 0.011 0.010 1    
108:  0.911 0.065 0.008 0.008 0.008 1    
109:  0.805 0.020 0.062 0.061 0.053 1    
110:  0.967 0.012 0.007 0.007 0.007 1    
111:  0.822 0.112 0.022 0.020 0.023 1    
112:  0.603 0.333 0.022 0.021 0.021 1    
113:  0.893 0.066 0.014 0.014 0.013 1    
114:  0.958 0.023 0.007 0.006 0.006 1    
115:  0.960 0.017 0.008 0.008 0.008 1    
116:  0.951 0.020 0.010 0.010 0.010 1    
117:  0.469 0.485 0.016 0.016 0.014 1    
118:  0.815 0.155 0.010 0.009 0.011 1    
119:  0.956 0.023 0.007 0.007 0.007 1    
                    
                    
1:    0.017 0.010 0.326 0.341 0.306 1    
2:    0.036 0.014 0.309 0.306 0.335 1    
3:    0.211 0.040 0.238 0.257 0.254 1    
4:    0.013 0.009 0.314 0.331 0.334 1    
5:    0.017 0.024 0.351 0.295 0.313 1    
6:    0.007 0.012 0.327 0.343 0.312 1    
7:    0.009 0.011 0.331 0.334 0.315 1    
8:    0.011 0.008 0.316 0.336 0.329 1    
9:    0.029 0.010 0.326 0.338 0.297 1    
10:   0.015 0.022 0.335 0.311 0.318 1    
11:   0.013 0.015 0.297 0.336 0.340 1    
12:   0.020 0.009 0.271 0.354 0.345 1    
13:   0.010 0.012 0.321 0.337 0.321 1    
14:   0.017 0.013 0.338 0.327 0.305 1    
15:   0.024 0.024 0.361 0.276 0.316 1    
16:   0.036 0.014 0.309 0.326 0.315 1    
17:   0.014 0.018 0.335 0.325 0.308 1    
18:   0.024 0.014 0.266 0.340 0.356 1    
19:   0.046 0.013 0.334 0.288 0.319 1    
20:   0.059 0.035 0.315 0.289 0.301 1    
21:   0.018 0.009 0.255 0.381 0.337 1    
22:   0.036 0.017 0.260 0.355 0.332 1    
23:   0.023 0.032 0.303 0.323 0.319 1    
24:   0.249 0.037 0.240 0.234 0.239 1    
25:   0.058 0.049 0.335 0.294 0.264 1    
26:   0.416 0.110 0.139 0.176 0.159 1    
27:   0.308 0.654 0.012 0.012 0.013 1    
28:   0.863 0.047 0.030 0.030 0.030 1    
29:   0.785 0.038 0.059 0.060 0.058 1    
30:   0.883 0.070 0.015 0.016 0.016 1    
31:   0.871 0.101 0.010 0.009 0.009 1    
32:   0.951 0.018 0.011 0.011 0.011 1    
33:   0.859 0.009 0.042 0.044 0.045 1    
34:   0.821 0.040 0.048 0.045 0.047 1    
35:   0.744 0.035 0.075 0.071 0.075 1    
36:   0.043 0.933 0.008 0.008 0.008 1    
37:   0.802 0.124 0.024 0.026 0.024 1    
38:   0.275 0.235 0.171 0.166 0.154 1    
39:   0.734 0.127 0.046 0.048 0.046 1    
40:   0.285 0.269 0.151 0.144 0.151 1    
41:   0.224 0.053 0.238 0.220 0.265 1    
42:   0.046 0.815 0.043 0.049 0.047 1    
43:   0.083 0.647 0.089 0.094 0.086 1    
44:   0.238 0.475 0.096 0.093 0.098 1    
45:   0.020 0.944 0.012 0.012 0.012 1    
46:   0.031 0.885 0.030 0.026 0.028 1    
47:   0.020 0.949 0.010 0.011 0.011 1    
48:   0.014 0.964 0.007 0.007 0.008 1    
49:   0.105 0.849 0.016 0.015 0.015 1    
50:   0.007 0.925 0.022 0.023 0.022 1    
51:   0.023 0.942 0.012 0.011 0.011 1    
52:   0.164 0.753 0.027 0.028 0.028 1    
53:   0.385 0.472 0.051 0.045 0.047 1    
54:   0.654 0.290 0.019 0.019 0.019 1    
55:   0.781 0.117 0.033 0.034 0.036 1    
56:   0.152 0.692 0.052 0.051 0.053 1    
57:   0.350 0.430 0.073 0.073 0.075 1    
58:   0.075 0.692 0.086 0.071 0.076 1    
59:   0.009 0.972 0.006 0.007 0.007 1    
60:   0.047 0.874 0.027 0.028 0.024 1    
61:   0.639 0.212 0.050 0.048 0.051 1    
62:   0.159 0.680 0.053 0.054 0.054 1    
63:   0.673 0.155 0.060 0.053 0.059 1    
64:   0.627 0.088 0.094 0.095 0.096 1    
65:   0.902 0.047 0.017 0.016 0.017 1    
66:   0.024 0.905 0.025 0.023 0.023 1    
67:   0.211 0.548 0.079 0.084 0.079 1    
68:   0.232 0.629 0.050 0.041 0.048 1    
69:   0.834 0.052 0.036 0.041 0.036 1    
70:   0.182 0.342 0.154 0.150 0.172 1    
71:   0.041 0.936 0.008 0.008 0.008 1    
72:   0.369 0.517 0.038 0.036 0.040 1    
73:   0.101 0.841 0.020 0.019 0.019 1    
74:   0.043 0.018 0.311 0.311 0.317 1    
75:   0.013 0.006 0.293 0.365 0.323 1    
76:   0.010 0.007 0.348 0.328 0.307 1    
77:   0.018 0.008 0.324 0.338 0.312 1    
78:   0.007 0.006 0.351 0.305 0.331 1    
79:   0.016 0.043 0.374 0.274 0.294 1    
80:   0.019 0.017 0.333 0.298 0.333 1    
81:   0.011 0.008 0.309 0.326 0.346 1    
82:   0.079 0.015 0.320 0.300 0.286 1    
83:   0.008 0.007 0.369 0.299 0.317 1    
84:   0.358 0.015 0.239 0.194 0.193 1    
85:   0.016 0.008 0.327 0.311 0.339 1    
86:   0.036 0.031 0.295 0.327 0.311 1    
87:   0.040 0.011 0.333 0.303 0.314 1    
88:   0.018 0.010 0.326 0.322 0.324 1    
89:   0.008 0.007 0.331 0.322 0.331 1    
90:   0.013 0.015 0.354 0.266 0.352 1    
91:   0.024 0.015 0.296 0.342 0.322 1    
92:   0.137 0.062 0.244 0.280 0.277 1    
93:   0.046 0.010 0.328 0.305 0.311 1    
94:   0.039 0.015 0.308 0.327 0.311 1    
95:   0.014 0.010 0.272 0.351 0.352 1    
96:   0.044 0.028 0.297 0.327 0.304 1    
97:   0.008 0.012 0.321 0.316 0.343 1    
98:   0.013 0.008 0.345 0.306 0.327 1    
99:   0.012 0.015 0.364 0.307 0.302 1    
100:  0.105 0.075 0.271 0.261 0.288 1    
101:  0.009 0.015 0.376 0.284 0.316 1    
102:  0.620 0.347 0.011 0.011 0.011 1    
103:  0.030 0.938 0.010 0.011 0.011 1    
104:  0.013 0.966 0.007 0.007 0.007 1    
105:  0.587 0.387 0.009 0.008 0.009 1    
106:  0.065 0.788 0.047 0.048 0.053 1    
107:  0.031 0.942 0.009 0.009 0.009 1    
108:  0.052 0.926 0.008 0.007 0.007 1    
109:  0.021 0.825 0.057 0.048 0.049 1    
110:  0.013 0.969 0.006 0.006 0.006 1    
111:  0.117 0.823 0.020 0.020 0.020 1    
112:  0.356 0.585 0.021 0.019 0.019 1    
113:  0.065 0.897 0.013 0.012 0.013 1    
114:  0.021 0.962 0.006 0.006 0.006 1    
115:  0.015 0.965 0.007 0.007 0.007 1    
116:  0.017 0.957 0.009 0.009 0.008 1    
117:  0.521 0.434 0.015 0.015 0.015 1    
118:  0.147 0.825 0.010 0.009 0.009 1    
119:  0.026 0.954 0.006 0.006 0.007 1    
                    
                    
1:    0.320 0.315 0.010 0.337 0.018 1    
2:    0.329 0.284 0.015 0.337 0.036 1    
3:    0.252 0.225 0.038 0.273 0.212 1    
4:    0.333 0.311 0.009 0.332 0.014 1    
5:    0.295 0.355 0.026 0.308 0.017 1    
6:    0.332 0.372 0.012 0.277 0.007 1    
7:    0.341 0.376 0.010 0.263 0.009 1    
8:    0.338 0.320 0.008 0.321 0.012 1    
9:    0.315 0.330 0.010 0.316 0.029 1    
10:   0.335 0.324 0.023 0.302 0.016 1    
11:   0.332 0.280 0.015 0.358 0.014 1    
12:   0.328 0.275 0.009 0.368 0.020 1    
13:   0.319 0.321 0.013 0.335 0.012 1    
14:   0.326 0.325 0.014 0.316 0.018 1    
15:   0.321 0.321 0.024 0.310 0.023 1    
16:   0.328 0.312 0.014 0.308 0.038 1    
17:   0.325 0.317 0.019 0.323 0.016 1    
18:   0.316 0.262 0.016 0.378 0.028 1    
19:   0.293 0.310 0.013 0.338 0.045 1    
20:   0.298 0.337 0.034 0.277 0.053 1    
21:   0.340 0.256 0.009 0.376 0.020 1    
22:   0.326 0.258 0.019 0.361 0.036 1    
23:   0.318 0.297 0.032 0.330 0.023 1    
24:   0.248 0.240 0.037 0.241 0.234 1    
25:   0.293 0.300 0.046 0.297 0.064 1    
26:   0.164 0.138 0.116 0.175 0.407 1    
27:   0.013 0.013 0.674 0.013 0.286 1    
28:   0.033 0.032 0.049 0.031 0.855 1    
29:   0.064 0.058 0.032 0.062 0.784 1    
30:   0.016 0.015 0.077 0.018 0.874 1    
31:   0.011 0.011 0.131 0.010 0.837 1    
32:   0.011 0.009 0.017 0.011 0.952 1    
33:   0.048 0.049 0.009 0.041 0.853 1    
34:   0.049 0.045 0.038 0.049 0.818 1    
35:   0.078 0.068 0.038 0.083 0.733 1    
36:   0.009 0.008 0.932 0.008 0.042 1    
37:   0.025 0.023 0.116 0.023 0.812 1    
38:   0.173 0.161 0.231 0.166 0.269 1    
39:   0.048 0.045 0.137 0.052 0.719 1    
40:   0.148 0.139 0.274 0.147 0.293 1    
41:   0.241 0.224 0.051 0.260 0.224 1    
42:   0.049 0.046 0.800 0.053 0.052 1    
43:   0.093 0.092 0.646 0.085 0.083 1    
44:   0.108 0.108 0.452 0.102 0.229 1    
45:   0.013 0.013 0.928 0.013 0.034 1    
46:   0.033 0.032 0.869 0.031 0.036 1    
47:   0.011 0.011 0.945 0.011 0.022 1    
48:   0.008 0.008 0.961 0.008 0.015 1    
49:   0.016 0.017 0.801 0.017 0.149 1    
50:   0.025 0.026 0.917 0.023 0.009 1    
51:   0.014 0.014 0.934 0.013 0.025 1    
52:   0.028 0.030 0.694 0.028 0.221 1    
53:   0.046 0.049 0.476 0.051 0.378 1    
54:   0.020 0.023 0.304 0.019 0.634 1    
55:   0.033 0.039 0.114 0.033 0.781 1    
56:   0.054 0.050 0.673 0.054 0.169 1    
57:   0.069 0.071 0.397 0.069 0.394 1    
58:   0.077 0.080 0.682 0.082 0.078 1    
59:   0.007 0.007 0.970 0.007 0.010 1    
60:   0.027 0.026 0.862 0.030 0.055 1    
61:   0.057 0.059 0.205 0.050 0.630 1    
62:   0.051 0.050 0.651 0.051 0.196 1    
63:   0.060 0.070 0.168 0.065 0.637 1    
64:   0.093 0.103 0.091 0.100 0.613 1    
65:   0.019 0.019 0.047 0.019 0.896 1    
66:   0.024 0.025 0.900 0.025 0.027 1    
67:   0.083 0.081 0.561 0.081 0.194 1    
68:   0.047 0.053 0.618 0.048 0.233 1    
69:   0.039 0.041 0.054 0.038 0.828 1    
70:   0.171 0.161 0.334 0.153 0.182 1    
71:   0.008 0.008 0.935 0.008 0.041 1    
72:   0.041 0.038 0.523 0.037 0.362 1    
73:   0.020 0.019 0.835 0.020 0.106 1    
74:   0.308 0.310 0.018 0.325 0.040 1    
75:   0.333 0.289 0.007 0.358 0.014 1    
76:   0.340 0.359 0.008 0.282 0.010 1    
77:   0.311 0.347 0.008 0.316 0.018 1    
78:   0.325 0.377 0.006 0.285 0.007 1    
79:   0.301 0.347 0.043 0.293 0.016 1    
80:   0.314 0.359 0.016 0.289 0.022 1    
81:   0.326 0.307 0.009 0.345 0.013 1    
82:   0.314 0.296 0.016 0.296 0.079 1    
83:   0.305 0.350 0.008 0.330 0.007 1    
84:   0.187 0.239 0.016 0.198 0.360 1    
85:   0.314 0.318 0.008 0.343 0.017 1    
86:   0.319 0.277 0.031 0.337 0.036 1    
87:   0.295 0.334 0.012 0.316 0.042 1    
88:   0.313 0.377 0.010 0.281 0.019 1    
89:   0.357 0.321 0.007 0.306 0.009 1    
90:   0.309 0.357 0.016 0.306 0.013 1    
91:   0.336 0.279 0.016 0.342 0.026 1    
92:   0.261 0.247 0.065 0.292 0.136 1    
93:   0.302 0.363 0.010 0.277 0.048 1    
94:   0.321 0.299 0.016 0.324 0.040 1    
95:   0.334 0.290 0.011 0.349 0.016 1    
96:   0.316 0.273 0.028 0.336 0.046 1    
97:   0.333 0.327 0.012 0.318 0.009 1    
98:   0.318 0.376 0.009 0.283 0.013 1    
99:   0.293 0.340 0.016 0.340 0.011 1    
100:  0.271 0.238 0.080 0.293 0.119 1    
101:  0.309 0.339 0.015 0.328 0.009 1    
102:  0.012 0.012 0.353 0.012 0.611 1    
103:  0.011 0.011 0.936 0.011 0.032 1    
104:  0.007 0.007 0.964 0.007 0.014 1    
105:  0.009 0.009 0.416 0.009 0.556 1    
106:  0.050 0.049 0.779 0.048 0.073 1    
107:  0.010 0.010 0.939 0.009 0.032 1    
108:  0.008 0.008 0.933 0.007 0.044 1    
109:  0.055 0.061 0.802 0.058 0.023 1    
110:  0.007 0.007 0.969 0.006 0.011 1    
111:  0.022 0.020 0.800 0.022 0.136 1    
112:  0.021 0.021 0.573 0.021 0.364 1    
113:  0.013 0.012 0.893 0.014 0.067 1    
114:  0.006 0.006 0.961 0.006 0.020 1    
115:  0.007 0.007 0.963 0.007 0.015 1    
116:  0.009 0.009 0.955 0.009 0.018 1    
117:  0.015 0.016 0.458 0.015 0.496 1    
118:  0.010 0.010 0.802 0.010 0.168 1    
119:  0.007 0.007 0.956 0.007 0.023 1    
                    
                    
1:    0.018 0.305 0.011 0.354 0.312 1    
2:    0.042 0.321 0.015 0.318 0.304 1    
3:    0.220 0.269 0.040 0.213 0.257 1    
4:    0.013 0.314 0.010 0.299 0.364 1    
5:    0.017 0.310 0.025 0.338 0.310 1    
6:    0.008 0.352 0.013 0.347 0.280 1    
7:    0.009 0.346 0.011 0.354 0.279 1    
8:    0.013 0.356 0.008 0.284 0.339 1    
9:    0.029 0.280 0.010 0.354 0.327 1    
10:   0.015 0.312 0.024 0.324 0.324 1    
11:   0.015 0.319 0.016 0.300 0.350 1    
12:   0.021 0.369 0.010 0.239 0.362 1    
13:   0.013 0.334 0.013 0.286 0.354 1    
14:   0.019 0.310 0.015 0.310 0.346 1    
15:   0.023 0.297 0.023 0.396 0.259 1    
16:   0.038 0.340 0.016 0.287 0.319 1    
17:   0.017 0.298 0.019 0.304 0.362 1    
18:   0.028 0.350 0.016 0.241 0.365 1    
19:   0.047 0.314 0.014 0.314 0.311 1    
20:   0.054 0.299 0.033 0.328 0.287 1    
21:   0.020 0.358 0.009 0.199 0.413 1    
22:   0.035 0.358 0.019 0.232 0.355 1    
23:   0.024 0.295 0.033 0.294 0.353 1    
24:   0.243 0.238 0.040 0.244 0.235 1    
25:   0.059 0.280 0.048 0.345 0.267 1    
26:   0.412 0.163 0.122 0.142 0.162 1    
27:   0.317 0.013 0.643 0.014 0.014 1    
28:   0.813 0.038 0.074 0.038 0.037 1    
29:   0.768 0.064 0.040 0.060 0.069 1    
30:   0.841 0.017 0.107 0.017 0.017 1    
31:   0.796 0.011 0.171 0.012 0.011 1    
32:   0.933 0.012 0.033 0.012 0.011 1    
33:   0.839 0.049 0.012 0.052 0.048 1    
34:   0.806 0.046 0.043 0.051 0.054 1    
35:   0.739 0.075 0.032 0.074 0.081 1    
36:   0.048 0.009 0.925 0.009 0.009 1    
37:   0.777 0.027 0.145 0.026 0.025 1    
38:   0.243 0.164 0.258 0.182 0.153 1    
39:   0.693 0.052 0.155 0.049 0.051 1    
40:   0.286 0.148 0.280 0.143 0.143 1    
41:   0.213 0.234 0.055 0.235 0.263 1    
42:   0.049 0.052 0.791 0.050 0.057 1    
43:   0.085 0.090 0.646 0.095 0.084 1    
44:   0.208 0.105 0.463 0.122 0.103 1    
45:   0.031 0.012 0.931 0.013 0.013 1    
46:   0.040 0.030 0.870 0.031 0.029 1    
47:   0.021 0.012 0.944 0.011 0.012 1    
48:   0.016 0.009 0.959 0.008 0.008 1    
49:   0.149 0.017 0.803 0.016 0.015 1    
50:   0.010 0.025 0.914 0.025 0.026 1    
51:   0.026 0.015 0.930 0.016 0.013 1    
52:   0.203 0.028 0.712 0.028 0.029 1    
53:   0.363 0.048 0.488 0.052 0.050 1    
54:   0.585 0.021 0.350 0.022 0.021 1    
55:   0.739 0.040 0.137 0.046 0.037 1    
56:   0.170 0.047 0.680 0.050 0.052 1    
57:   0.395 0.067 0.401 0.068 0.069 1    
58:   0.076 0.077 0.693 0.084 0.070 1    
59:   0.011 0.007 0.968 0.007 0.007 1    
60:   0.066 0.027 0.849 0.028 0.030 1    
61:   0.638 0.058 0.192 0.062 0.050 1    
62:   0.195 0.053 0.637 0.058 0.058 1    
63:   0.585 0.073 0.198 0.083 0.063 1    
64:   0.575 0.103 0.092 0.124 0.105 1    
65:   0.894 0.017 0.050 0.020 0.019 1    
66:   0.026 0.026 0.897 0.027 0.024 1    
67:   0.197 0.078 0.556 0.089 0.081 1    
68:   0.202 0.054 0.637 0.058 0.049 1    
69:   0.809 0.043 0.064 0.041 0.043 1    
70:   0.171 0.150 0.338 0.180 0.160 1    
71:   0.038 0.008 0.938 0.009 0.008 1    
72:   0.315 0.038 0.563 0.045 0.040 1    
73:   0.112 0.022 0.823 0.021 0.022 1    
74:   0.043 0.302 0.019 0.390 0.245 1    
75:   0.015 0.364 0.006 0.242 0.373 1    
76:   0.010 0.317 0.009 0.387 0.277 1    
77:   0.020 0.341 0.008 0.295 0.336 1    
78:   0.007 0.304 0.006 0.411 0.271 1    
79:   0.016 0.302 0.047 0.366 0.269 1    
80:   0.020 0.339 0.017 0.343 0.281 1    
81:   0.012 0.307 0.009 0.258 0.414 1    
82:   0.084 0.292 0.016 0.320 0.288 1    
83:   0.008 0.330 0.008 0.362 0.292 1    
84:   0.325 0.208 0.017 0.254 0.195 1    
85:   0.017 0.361 0.007 0.261 0.354 1    
86:   0.039 0.325 0.032 0.312 0.292 1    
87:   0.039 0.305 0.012 0.308 0.336 1    
88:   0.019 0.296 0.010 0.369 0.305 1    
89:   0.009 0.279 0.008 0.347 0.358 1    
90:   0.012 0.328 0.017 0.413 0.231 1    
91:   0.027 0.318 0.016 0.275 0.364 1    
92:   0.136 0.271 0.065 0.269 0.259 1    
93:   0.046 0.296 0.011 0.322 0.326 1    
94:   0.041 0.315 0.016 0.309 0.320 1    
95:   0.016 0.366 0.012 0.234 0.372 1    
96:   0.049 0.301 0.029 0.272 0.349 1    
97:   0.009 0.353 0.013 0.294 0.332 1    
98:   0.014 0.322 0.009 0.354 0.300 1    
99:   0.012 0.314 0.016 0.356 0.303 1    
100:  0.118 0.274 0.084 0.234 0.289 1    
101:  0.010 0.298 0.015 0.346 0.330 1    
102:  0.554 0.012 0.408 0.013 0.013 1    
103:  0.032 0.011 0.935 0.012 0.011 1    
104:  0.014 0.008 0.962 0.008 0.007 1    
105:  0.557 0.009 0.415 0.009 0.010 1    
106:  0.080 0.050 0.768 0.054 0.048 1    
107:  0.034 0.010 0.935 0.011 0.009 1    
108:  0.069 0.008 0.908 0.008 0.007 1    
109:  0.021 0.053 0.802 0.068 0.056 1    
110:  0.011 0.007 0.968 0.007 0.007 1    
111:  0.118 0.022 0.817 0.021 0.022 1    
112:  0.325 0.021 0.611 0.021 0.022 1    
113:  0.077 0.013 0.885 0.013 0.013 1    
114:  0.023 0.006 0.958 0.007 0.006 1    
115:  0.016 0.007 0.961 0.008 0.007 1    
116:  0.020 0.009 0.951 0.010 0.010 1    
117:  0.470 0.015 0.482 0.018 0.015 1    
118:  0.144 0.010 0.825 0.011 0.010 1    
119:  0.023 0.007 0.956 0.007 0.007 1    
