  1:   0.0180  0.3191  0.0104  0.3337  0.3187  1
  2:   0.0378  0.3263  0.0146  0.3097  0.3115  1
  3:   0.2169  0.2529  0.0382  0.2307  0.2613  1
  4:   0.0134  0.3217  0.0094  0.3105  0.3451  1
  5:   0.0170  0.3112  0.0248  0.3410  0.3060  1
  6:   0.0072  0.3253  0.0124  0.3329  0.3221  1
  7:   0.0090  0.3263  0.0106  0.3371  0.3169  1
  8:   0.0122  0.3391  0.0080  0.3091  0.3315  1
  9:   0.0294  0.3042  0.0098  0.3398  0.3168  1
 10:   0.0154  0.3252  0.0226  0.3310  0.3058  1
 11:   0.0142  0.3235  0.0150  0.3067  0.3407  1
 12:   0.0204  0.3363  0.0092  0.2731  0.3609  1
 13:   0.0116  0.3203  0.0130  0.3009  0.3541  1
 14:   0.0180  0.3223  0.0140  0.3213  0.3245  1
 15:   0.0228  0.3170  0.0240  0.3528  0.2834  1
 16:   0.0374  0.3276  0.0150  0.2970  0.3230  1
 17:   0.0158  0.3163  0.0186  0.3237  0.3255  1
 18:   0.0264  0.3246  0.0158  0.2690  0.3642  1
 19:   0.0452  0.3081  0.0132  0.3147  0.3189  1
 20:   0.0550  0.3009  0.0342  0.3161  0.2937  1
 21:   0.0194  0.3288  0.0090  0.2570  0.3858  1
 22:   0.0356  0.3295  0.0184  0.2618  0.3547  1
 23:   0.0230  0.3047  0.0336  0.2977  0.3411  1
 24:   0.2443  0.2441  0.0378  0.2419  0.2317  1
 25:   0.0612  0.2843  0.0476  0.3265  0.2803  1
 26:   0.4127  0.1594  0.1154  0.1458  0.1668  1
 27:   0.2942  0.0130  0.6666  0.0130  0.0132  1
 28:   0.8358  0.0344  0.0618  0.0342  0.0338  1
 29:   0.7774  0.0612  0.0380  0.0616  0.0618  1
 30:   0.8549  0.0170  0.0948  0.0162  0.0170  1
 31:   0.8262  0.0106  0.1422  0.0110  0.0100  1
 32:   0.9404  0.0114  0.0264  0.0106  0.0112  1
 33:   0.8494  0.0480  0.0108  0.0468  0.0450  1
 34:   0.8150  0.0470  0.0402  0.0488  0.0490  1
 35:   0.7307  0.0782  0.0362  0.0750  0.0800  1
 36:   0.0430  0.0086  0.9318  0.0082  0.0084  1
 37:   0.7975  0.0252  0.1273  0.0246  0.0254  1
 38:   0.2623  0.1652  0.2424  0.1712  0.1590  1
 39:   0.7113  0.0482  0.1419  0.0474  0.0512  1
 40:   0.2894  0.1470  0.2758  0.1450  0.1428  1
 41:   0.2164  0.2444  0.0528  0.2435  0.2428  1
 42:   0.0484  0.0486  0.8036  0.0468  0.0526  1
 43:   0.0820  0.0916  0.6457  0.0928  0.0878  1
 44:   0.2240  0.1052  0.4636  0.1094  0.0978  1
 45:   0.0292  0.0126  0.9328  0.0128  0.0126  1
 46:   0.0372  0.0312  0.8708  0.0310  0.0298  1
 47:   0.0212  0.0112  0.9458  0.0108  0.0110  1
 48:   0.0148  0.0080  0.9620  0.0076  0.0076  1
 49:   0.1342  0.0164  0.8176  0.0162  0.0156  1
 50:   0.0090  0.0242  0.9180  0.0246  0.0242  1
 51:   0.0242  0.0134  0.9360  0.0140  0.0124  1
 52:   0.1956  0.0282  0.7191  0.0290  0.0282  1
 53:   0.3746  0.0472  0.4785  0.0504  0.0494  1
 54:   0.6316  0.0200  0.3074  0.0210  0.0200  1
 55:   0.7716  0.0352  0.1218  0.0378  0.0336  1
 56:   0.1686  0.0500  0.6784  0.0508  0.0522  1
 57:   0.3865  0.0688  0.4041  0.0704  0.0702  1
 58:   0.0786  0.0794  0.6863  0.0820  0.0736  1
 59:   0.0100  0.0070  0.9692  0.0068  0.0070  1
 60:   0.0568  0.0268  0.8606  0.0272  0.0286  1
 61:   0.6427  0.0546  0.1960  0.0564  0.0504  1
 62:   0.1856  0.0536  0.6533  0.0532  0.0544  1
 63:   0.6383  0.0640  0.1706  0.0680  0.0592  1
 64:   0.6036  0.1018  0.0902  0.1070  0.0974  1
 65:   0.8980  0.0180  0.0480  0.0186  0.0174  1
 66:   0.0250  0.0248  0.9012  0.0252  0.0238  1
 67:   0.1997  0.0810  0.5550  0.0828  0.0816  1
 68:   0.2229  0.0506  0.6250  0.0540  0.0474  1
 69:   0.8272  0.0378  0.0568  0.0380  0.0402  1
 70:   0.1824  0.1642  0.3356  0.1672  0.1506  1
 71:   0.0400  0.0078  0.9362  0.0082  0.0078  1
 72:   0.3521  0.0390  0.5322  0.0392  0.0376  1
 73:   0.1068  0.0206  0.8324  0.0198  0.0204  1
 74:   0.0416  0.3147  0.0182  0.3391  0.2863  1
 75:   0.0140  0.3281  0.0064  0.2877  0.3637  1
 76:   0.0100  0.3222  0.0080  0.3552  0.3046  1
 77:   0.0184  0.3203  0.0078  0.3077  0.3459  1
 78:   0.0070  0.3205  0.0062  0.3717  0.2947  1
 79:   0.0158  0.3074  0.0440  0.3512  0.2816  1
 80:   0.0204  0.3220  0.0168  0.3432  0.2976  1
 81:   0.0122  0.3147  0.0086  0.3007  0.3637  1
 82:   0.0808  0.3026  0.0154  0.3104  0.2908  1
 83:   0.0076  0.3252  0.0076  0.3544  0.3052  1
 84:   0.3445  0.2045  0.0158  0.2381  0.1971  1
 85:   0.0170  0.3267  0.0076  0.3085  0.3403  1
 86:   0.0370  0.3191  0.0316  0.3057  0.3065  1
 87:   0.0406  0.3039  0.0118  0.3259  0.3179  1
 88:   0.0188  0.3108  0.0102  0.3448  0.3154  1
 89:   0.0086  0.3199  0.0074  0.3431  0.3209  1
 90:   0.0124  0.3305  0.0160  0.3667  0.2743  1
 91:   0.0250  0.3275  0.0158  0.2940  0.3377  1
 92:   0.1358  0.2657  0.0664  0.2578  0.2743  1
 93:   0.0482  0.3065  0.0104  0.3303  0.3047  1
 94:   0.0398  0.3232  0.0158  0.3120  0.3092  1
 95:   0.0156  0.3395  0.0110  0.2719  0.3621  1
 96:   0.0474  0.3003  0.0286  0.2831  0.3405  1
 97:   0.0086  0.3389  0.0126  0.3157  0.3241  1
 98:   0.0136  0.3345  0.0086  0.3507  0.2926  1
 99:   0.0116  0.3067  0.0154  0.3439  0.3223  1
100:   0.1110  0.2740  0.0828  0.2580  0.2742  1
101:   0.0094  0.3242  0.0148  0.3472  0.3044  1
102:   0.5951  0.0118  0.3691  0.0120  0.0120  1
103:   0.0310  0.0108  0.9362  0.0108  0.0112  1
104:   0.0136  0.0074  0.9644  0.0074  0.0072  1
105:   0.5770  0.0088  0.3962  0.0090  0.0090  1
106:   0.0690  0.0508  0.7818  0.0496  0.0488  1
107:   0.0320  0.0098  0.9388  0.0100  0.0094  1
108:   0.0568  0.0076  0.9206  0.0078  0.0072  1
109:   0.0210  0.0544  0.8104  0.0604  0.0538  1
110:   0.0116  0.0066  0.9688  0.0066  0.0064  1
111:   0.1220  0.0208  0.8150  0.0206  0.0216  1
112:   0.3436  0.0206  0.5938  0.0212  0.0208  1
113:   0.0688  0.0132  0.8918  0.0132  0.0130  1
114:   0.0218  0.0060  0.9598  0.0064  0.0060  1
115:   0.0160  0.0072  0.9622  0.0074  0.0072  1
116:   0.0186  0.0088  0.9540  0.0094  0.0092  1
117:   0.4923  0.0154  0.4615  0.0160  0.0148  1
118:   0.1510  0.0096  0.8192  0.0102  0.0100  1
119:   0.0236  0.0068  0.9560  0.0068  0.0068  1
