  1:   0.2636  0.2398  0.2442  0.2524  1
  2:   0.2518  0.2382  0.2567  0.2533  1
  3:   0.2442  0.2414  0.2587  0.2557  1
  4:   0.2350  0.2326  0.2748  0.2576  1
  5:   0.2325  0.2295  0.2823  0.2557  1
  6:   0.2830  0.2450  0.2266  0.2454  1
  7:   0.2554  0.2710  0.2295  0.2441  1
  8:   0.2334  0.2212  0.2887  0.2566  1
  9:   0.2553  0.2512  0.2457  0.2478  1
 10:   0.2439  0.2331  0.2671  0.2559  1
 11:   0.2553  0.2439  0.2515  0.2493  1
 12:   0.2654  0.2405  0.2431  0.2510  1
 13:   0.2390  0.2316  0.2738  0.2556  1
 14:   0.2425  0.2707  0.2414  0.2454  1
 15:   0.2351  0.2449  0.2669  0.2531  1
 16:   0.2386  0.2602  0.2528  0.2484  1
 17:   0.2430  0.2378  0.2623  0.2569  1
 18:   0.2399  0.2468  0.2589  0.2544  1
 19:   0.2595  0.2497  0.2403  0.2505  1
 20:   0.2534  0.2439  0.2518  0.2510  1
 21:   0.2491  0.2591  0.2445  0.2473  1
 22:   0.2494  0.2591  0.2448  0.2466  1
 23:   0.2592  0.2424  0.2488  0.2496  1
 24:   0.2555  0.2871  0.2177  0.2397  1
 25:   0.2646  0.2582  0.2330  0.2442  1
 26:   0.2707  0.2446  0.2368  0.2478  1
 27:   0.2759  0.2433  0.2348  0.2459  1
 28:   0.2518  0.2640  0.2352  0.2490  1
 29:   0.2578  0.2480  0.2420  0.2522  1
 30:   0.2463  0.2743  0.2361  0.2433  1
 31:   0.2370  0.2328  0.2750  0.2552  1
 32:   0.2492  0.2507  0.2530  0.2471  1
 33:   0.2426  0.2516  0.2551  0.2506  1
 34:   0.2426  0.2388  0.2627  0.2559  1
 35:   0.2443  0.2460  0.2556  0.2541  1
 36:   0.2803  0.2561  0.2196  0.2440  1
 37:   0.2312  0.2254  0.2888  0.2546  1
 38:   0.2541  0.2371  0.2589  0.2499  1
 39:   0.2486  0.2748  0.2318  0.2448  1
 40:   0.2598  0.2378  0.2484  0.2540  1
 41:   0.2447  0.2503  0.2537  0.2513  1
 42:   0.2354  0.2465  0.2648  0.2533  1
 43:   0.2472  0.2490  0.2540  0.2498  1
 44:   0.2491  0.2493  0.2517  0.2499  1
 45:   0.2436  0.2815  0.2326  0.2422  1
 46:   0.2487  0.2434  0.2550  0.2530  1
 47:   0.2537  0.2569  0.2413  0.2481  1
 48:   0.2748  0.2510  0.2292  0.2450  1
 49:   0.2565  0.2425  0.2480  0.2529  1
 50:   0.2524  0.2376  0.2577  0.2522  1
 51:   0.2478  0.2692  0.2390  0.2440  1
 52:   0.2477  0.2736  0.2356  0.2431  1
 53:   0.2495  0.2543  0.2471  0.2491  1
 54:   0.2362  0.2480  0.2648  0.2510  1
 55:   0.2675  0.2423  0.2423  0.2479  1
 56:   0.2407  0.2467  0.2601  0.2525  1
 57:   0.2412  0.2755  0.2379  0.2453  1
 58:   0.2478  0.2900  0.2228  0.2394  1
 59:   0.2537  0.2386  0.2543  0.2535  1
 60:   0.2624  0.2412  0.2480  0.2484  1
 61:   0.2448  0.2368  0.2660  0.2524  1
 62:   0.2500  0.2795  0.2308  0.2396  1
 63:   0.2559  0.2795  0.2233  0.2413  1
 64:   0.2533  0.2429  0.2514  0.2524  1
 65:   0.2458  0.2506  0.2522  0.2514  1
 66:   0.2526  0.2686  0.2352  0.2436  1
 67:   0.2418  0.2458  0.2624  0.2500  1
 68:   0.2499  0.2463  0.2519  0.2519  1
 69:   0.2622  0.2368  0.2458  0.2552  1
 70:   0.2454  0.2508  0.2530  0.2508  1
 71:   0.2491  0.2371  0.2588  0.2550  1
 72:   0.2345  0.2287  0.2802  0.2566  1
 73:   0.2578  0.2432  0.2482  0.2508  1
 74:   0.2424  0.2771  0.2382  0.2424  1
 75:   0.2412  0.2342  0.2701  0.2546  1
 76:   0.2391  0.2397  0.2663  0.2549  1
 77:   0.2749  0.2485  0.2315  0.2451  1
 78:   0.2348  0.2362  0.2767  0.2523  1
 79:   0.2557  0.2428  0.2517  0.2499  1
 80:   0.2411  0.2554  0.2530  0.2504  1
 81:   0.2452  0.2505  0.2525  0.2519  1
 82:   0.2662  0.2520  0.2344  0.2474  1
 83:   0.2412  0.2448  0.2573  0.2567  1
 84:   0.2504  0.2574  0.2450  0.2472  1
 85:   0.2542  0.2607  0.2388  0.2462  1
 86:   0.2504  0.2740  0.2322  0.2434  1
 87:   0.2396  0.2400  0.2643  0.2561  1
 88:   0.2436  0.2548  0.2518  0.2498  1
 89:   0.2478  0.2490  0.2474  0.2558  1
 90:   0.2624  0.2410  0.2484  0.2482  1
 91:   0.2610  0.2396  0.2468  0.2526  1
 92:   0.2422  0.2632  0.2448  0.2498  1
 93:   0.2470  0.2428  0.2604  0.2498  1
 94:   0.2526  0.2542  0.2429  0.2503  1
 95:   0.2570  0.2502  0.2442  0.2486  1
 96:   0.2502  0.2534  0.2448  0.2516  1
 97:   0.2597  0.2579  0.2355  0.2469  1
 98:   0.2515  0.2330  0.2595  0.2560  1
 99:   0.2486  0.2348  0.2668  0.2498  1
100:   0.2442  0.2294  0.2733  0.2531  1
101:   0.2444  0.2661  0.2426  0.2468  1
102:   0.2606  0.2504  0.2413  0.2477  1
103:   0.2413  0.2621  0.2492  0.2474  1
104:   0.2463  0.2573  0.2467  0.2497  1
105:   0.2552  0.2524  0.2472  0.2451  1
106:   0.2298  0.2527  0.2658  0.2518  1
107:   0.2651  0.2492  0.2366  0.2490  1
108:   0.2454  0.2473  0.2561  0.2512  1
109:   0.2432  0.2452  0.2584  0.2532  1
110:   0.2438  0.2498  0.2550  0.2514  1
111:   0.2487  0.2561  0.2469  0.2483  1
112:   0.2363  0.2275  0.2787  0.2575  1
113:   0.2494  0.2664  0.2382  0.2460  1
114:   0.2573  0.2484  0.2422  0.2522  1
115:   0.2486  0.2573  0.2424  0.2518  1
116:   0.2476  0.2450  0.2531  0.2543  1
117:   0.2596  0.2436  0.2450  0.2518  1
118:   0.2539  0.2415  0.2517  0.2529  1
119:   0.2566  0.2442  0.2490  0.2502  1
120:   0.2490  0.2708  0.2378  0.2424  1
121:   0.2434  0.2388  0.2644  0.2534  1
122:   0.2432  0.2413  0.2589  0.2567  1
123:   0.2496  0.2422  0.2534  0.2548  1
124:   0.2493  0.2423  0.2555  0.2529  1
125:   0.2411  0.2613  0.2491  0.2485  1
126:   0.2314  0.2306  0.2786  0.2594  1
127:   0.2564  0.2426  0.2500  0.2510  1
128:   0.2460  0.2280  0.2682  0.2578  1
129:   0.2244  0.2360  0.2831  0.2566  1
130:   0.2613  0.2483  0.2432  0.2472  1
131:   0.2386  0.2448  0.2634  0.2532  1
132:   0.2503  0.2347  0.2617  0.2533  1
133:   0.2443  0.2581  0.2462  0.2515  1
134:   0.2473  0.2395  0.2600  0.2532  1
135:   0.2368  0.2589  0.2535  0.2508  1
136:   0.2412  0.2378  0.2652  0.2558  1
137:   0.2390  0.2608  0.2500  0.2502  1
138:   0.2369  0.2408  0.2682  0.2541  1
139:   0.2547  0.2465  0.2483  0.2505  1
140:   0.2652  0.2424  0.2460  0.2464  1
141:   0.2204  0.2259  0.2978  0.2559  1
142:   0.2484  0.2360  0.2606  0.2550  1
143:   0.2655  0.2417  0.2422  0.2506  1
144:   0.2529  0.2507  0.2445  0.2519  1
145:   0.2318  0.2466  0.2708  0.2508  1
146:   0.2685  0.2413  0.2427  0.2475  1
147:   0.2454  0.2517  0.2522  0.2507  1
148:   0.2382  0.2392  0.2666  0.2560  1
149:   0.2360  0.2302  0.2756  0.2582  1
150:   0.2636  0.2456  0.2412  0.2496  1
151:   0.2668  0.2499  0.2375  0.2459  1
152:   0.2496  0.2364  0.2613  0.2527  1
153:   0.2464  0.2478  0.2518  0.2540  1
154:   0.2387  0.2481  0.2601  0.2531  1
155:   0.2511  0.2509  0.2481  0.2499  1
156:   0.2442  0.2719  0.2384  0.2454  1
157:   0.2600  0.2712  0.2272  0.2416  1
158:   0.2463  0.2353  0.2617  0.2567  1
159:   0.2442  0.2266  0.2734  0.2558  1
160:   0.2367  0.2349  0.2706  0.2579  1
161:   0.2452  0.2371  0.2647  0.2530  1
162:   0.2525  0.2429  0.2535  0.2511  1
163:   0.2463  0.2549  0.2485  0.2503  1
164:   0.2413  0.2423  0.2615  0.2549  1
165:   0.2364  0.2585  0.2563  0.2488  1
166:   0.2416  0.2334  0.2679  0.2571  1
167:   0.2441  0.2733  0.2367  0.2459  1
168:   0.2426  0.2284  0.2694  0.2596  1
169:   0.2383  0.2361  0.2689  0.2567  1
170:   0.2458  0.2410  0.2588  0.2544  1
171:   0.2848  0.2384  0.2290  0.2478  1
172:   0.2527  0.2482  0.2450  0.2541  1
173:   0.2386  0.2292  0.2778  0.2544  1
174:   0.2513  0.2399  0.2525  0.2563  1
175:   0.2498  0.2398  0.2589  0.2515  1
176:   0.2470  0.2436  0.2564  0.2530  1
177:   0.2542  0.2498  0.2474  0.2486  1
178:   0.2394  0.2599  0.2528  0.2480  1
179:   0.2851  0.2384  0.2282  0.2483  1
180:   0.2600  0.2464  0.2458  0.2478  1
181:   0.2325  0.2439  0.2685  0.2551  1
182:   0.2681  0.2519  0.2327  0.2473  1
183:   0.2621  0.2571  0.2364  0.2444  1
184:   0.2556  0.2390  0.2538  0.2516  1
185:   0.2340  0.2414  0.2667  0.2579  1
186:   0.2488  0.2496  0.2480  0.2536  1
187:   0.2350  0.2557  0.2605  0.2488  1
188:   0.2603  0.2384  0.2483  0.2530  1
189:   0.2488  0.2849  0.2222  0.2441  1
190:   0.2495  0.2506  0.2521  0.2478  1
191:   0.2603  0.2466  0.2420  0.2512  1
192:   0.2570  0.2506  0.2406  0.2518  1
193:   0.2579  0.2444  0.2472  0.2505  1
194:   0.2424  0.2394  0.2618  0.2564  1
195:   0.2246  0.2278  0.2923  0.2553  1
196:   0.2519  0.2385  0.2562  0.2534  1
197:   0.2499  0.2499  0.2498  0.2504  1
198:   0.2770  0.2434  0.2324  0.2472  1
199:   0.2559  0.2478  0.2443  0.2520  1
200:   0.2712  0.2533  0.2315  0.2441  1
201:   0.2563  0.2495  0.2451  0.2492  1
202:   0.2513  0.2473  0.2491  0.2523  1
203:   0.2765  0.2393  0.2383  0.2459  1
204:   0.2316  0.2236  0.2837  0.2611  1
205:   0.2470  0.3168  0.2044  0.2318  1
206:   0.2546  0.2316  0.2598  0.2540  1
207:   0.2340  0.2332  0.2794  0.2534  1
208:   0.2474  0.3167  0.2046  0.2312  1
209:   0.2435  0.2409  0.2641  0.2515  1
210:   0.2549  0.2486  0.2485  0.2480  1
211:   0.2380  0.2262  0.2815  0.2543  1
212:   0.2400  0.2352  0.2713  0.2535  1
213:   0.2444  0.2398  0.2634  0.2524  1
214:   0.2501  0.2561  0.2459  0.2479  1
215:   0.2587  0.2456  0.2443  0.2514  1
216:   0.2448  0.2648  0.2440  0.2464  1
217:   0.2437  0.2759  0.2373  0.2431  1
218:   0.2517  0.2741  0.2305  0.2437  1
219:   0.2401  0.2413  0.2627  0.2559  1
220:   0.2476  0.2486  0.2540  0.2498  1
221:   0.2358  0.2586  0.2548  0.2508  1
222:   0.2484  0.2392  0.2576  0.2548  1
223:   0.2502  0.2512  0.2492  0.2494  1
224:   0.2448  0.2511  0.2503  0.2539  1
225:   0.2499  0.2771  0.2292  0.2438  1
226:   0.2406  0.2601  0.2511  0.2483  1
227:   0.2595  0.2454  0.2438  0.2513  1
228:   0.2454  0.2548  0.2484  0.2514  1
229:   0.2491  0.2745  0.2317  0.2447  1
230:   0.2456  0.2664  0.2413  0.2467  1
231:   0.2438  0.2578  0.2482  0.2502  1
232:   0.2486  0.2860  0.2254  0.2400  1
233:   0.2421  0.2400  0.2639  0.2539  1
234:   0.2382  0.2416  0.2652  0.2550  1
235:   0.2631  0.2509  0.2378  0.2481  1
236:   0.2576  0.2446  0.2486  0.2492  1
237:   0.2646  0.2368  0.2492  0.2494  1
238:   0.2452  0.2488  0.2525  0.2535  1
239:   0.2642  0.2493  0.2384  0.2481  1
240:   0.2595  0.2557  0.2384  0.2464  1
241:   0.2419  0.2721  0.2385  0.2475  1
242:   0.2508  0.2851  0.2252  0.2390  1
243:   0.2488  0.2781  0.2302  0.2430  1
244:   0.2613  0.2357  0.2513  0.2517  1
245:   0.2570  0.2534  0.2438  0.2458  1
246:   0.2466  0.2628  0.2442  0.2464  1
