  1:   0.2553  0.2583  0.2352  0.2513  1
  2:   0.2540  0.2530  0.2390  0.2540  1
  3:   0.2520  0.2510  0.2460  0.2510  1
  4:   0.2557  0.2458  0.2358  0.2627  1
  5:   0.2570  0.2480  0.2340  0.2610  1
  6:   0.2500  0.2740  0.2320  0.2440  1
  7:   0.2442  0.2452  0.2693  0.2412  1
  8:   0.2560  0.2460  0.2330  0.2650  1
  9:   0.2490  0.2510  0.2530  0.2470  1
 10:   0.2620  0.2460  0.2330  0.2590  1
 11:   0.2510  0.2550  0.2420  0.2520  1
 12:   0.2560  0.2660  0.2320  0.2460  1
 13:   0.2590  0.2450  0.2360  0.2600  1
 14:   0.2450  0.2400  0.2730  0.2420  1
 15:   0.2490  0.2410  0.2600  0.2500  1
 16:   0.2470  0.2390  0.2700  0.2440  1
 17:   0.2513  0.2513  0.2432  0.2543  1
 18:   0.2520  0.2400  0.2570  0.2510  1
 19:   0.2530  0.2570  0.2420  0.2480  1
 20:   0.2470  0.2560  0.2450  0.2520  1
 21:   0.2460  0.2490  0.2530  0.2520  1
 22:   0.2432  0.2432  0.2703  0.2432  1
 23:   0.2540  0.2510  0.2420  0.2530  1
 24:   0.2440  0.2400  0.2750  0.2410  1
 25:   0.2533  0.2543  0.2462  0.2462  1
 26:   0.2550  0.2620  0.2340  0.2490  1
 27:   0.2540  0.2650  0.2320  0.2490  1
 28:   0.2392  0.2573  0.2603  0.2432  1
 29:   0.2480  0.2600  0.2460  0.2460  1
 30:   0.2420  0.2380  0.2780  0.2420  1
 31:   0.2567  0.2408  0.2418  0.2607  1
 32:   0.2480  0.2570  0.2460  0.2490  1
 33:   0.2490  0.2450  0.2570  0.2490  1
 34:   0.2550  0.2500  0.2390  0.2560  1
 35:   0.2510  0.2470  0.2490  0.2530  1
 36:   0.2470  0.2740  0.2400  0.2390  1
 37:   0.2590  0.2440  0.2380  0.2590  1
 38:   0.2570  0.2510  0.2340  0.2580  1
 39:   0.2470  0.2450  0.2630  0.2450  1
 40:   0.2550  0.2550  0.2360  0.2540  1
 41:   0.2460  0.2490  0.2550  0.2500  1
 42:   0.2492  0.2422  0.2563  0.2523  1
 43:   0.2510  0.2480  0.2450  0.2560  1
 44:   0.2547  0.2478  0.2478  0.2498  1
 45:   0.2362  0.2372  0.2893  0.2372  1
 46:   0.2498  0.2567  0.2438  0.2498  1
 47:   0.2520  0.2460  0.2530  0.2490  1
 48:   0.2517  0.2607  0.2398  0.2478  1
 49:   0.2520  0.2590  0.2390  0.2500  1
 50:   0.2520  0.2520  0.2380  0.2580  1
 51:   0.2500  0.2410  0.2590  0.2500  1
 52:   0.2430  0.2420  0.2720  0.2430  1
 53:   0.2488  0.2468  0.2507  0.2537  1
 54:   0.2523  0.2402  0.2543  0.2533  1
 55:   0.2510  0.2570  0.2370  0.2550  1
 56:   0.2523  0.2432  0.2492  0.2553  1
 57:   0.2400  0.2390  0.2780  0.2430  1
 58:   0.2408  0.2378  0.2827  0.2388  1
 59:   0.2553  0.2533  0.2382  0.2533  1
 60:   0.2540  0.2580  0.2360  0.2520  1
 61:   0.2557  0.2517  0.2368  0.2557  1
 62:   0.2430  0.2370  0.2790  0.2410  1
 63:   0.2468  0.2418  0.2677  0.2438  1
 64:   0.2500  0.2590  0.2400  0.2510  1
 65:   0.2492  0.2472  0.2563  0.2472  1
 66:   0.2472  0.2462  0.2643  0.2422  1
 67:   0.2530  0.2440  0.2510  0.2520  1
 68:   0.2510  0.2540  0.2460  0.2490  1
 69:   0.2500  0.2640  0.2350  0.2510  1
 70:   0.2470  0.2440  0.2560  0.2530  1
 71:   0.2537  0.2557  0.2388  0.2517  1
 72:   0.2553  0.2583  0.2332  0.2533  1
 73:   0.2500  0.2580  0.2390  0.2530  1
 74:   0.2430  0.2370  0.2800  0.2400  1
 75:   0.2560  0.2530  0.2350  0.2560  1
 76:   0.2492  0.2482  0.2462  0.2563  1
 77:   0.2492  0.2673  0.2392  0.2442  1
 78:   0.2503  0.2462  0.2432  0.2603  1
 79:   0.2503  0.2563  0.2382  0.2553  1
 80:   0.2418  0.2507  0.2587  0.2488  1
 81:   0.2503  0.2462  0.2513  0.2523  1
 82:   0.2500  0.2610  0.2430  0.2460  1
 83:   0.2510  0.2540  0.2400  0.2550  1
 84:   0.2510  0.2430  0.2560  0.2500  1
 85:   0.2462  0.2462  0.2613  0.2462  1
 86:   0.2470  0.2440  0.2690  0.2400  1
 87:   0.2520  0.2500  0.2450  0.2530  1
 88:   0.2480  0.2430  0.2650  0.2440  1
 89:   0.2510  0.2560  0.2460  0.2470  1
 90:   0.2530  0.2520  0.2400  0.2550  1
 91:   0.2570  0.2580  0.2320  0.2530  1
 92:   0.2460  0.2400  0.2710  0.2430  1
 93:   0.2510  0.2510  0.2440  0.2540  1
 94:   0.2440  0.2590  0.2500  0.2470  1
 95:   0.2560  0.2510  0.2450  0.2480  1
 96:   0.2517  0.2488  0.2507  0.2488  1
 97:   0.2468  0.2488  0.2587  0.2458  1
 98:   0.2520  0.2630  0.2320  0.2530  1
 99:   0.2570  0.2530  0.2350  0.2550  1
100:   0.2550  0.2490  0.2350  0.2610  1
101:   0.2470  0.2420  0.2630  0.2480  1
102:   0.2533  0.2523  0.2462  0.2482  1
103:   0.2460  0.2420  0.2640  0.2480  1
104:   0.2523  0.2442  0.2583  0.2452  1
105:   0.2533  0.2452  0.2482  0.2533  1
106:   0.2498  0.2398  0.2607  0.2498  1
107:   0.2482  0.2593  0.2442  0.2482  1
108:   0.2498  0.2458  0.2537  0.2507  1
109:   0.2510  0.2490  0.2430  0.2570  1
110:   0.2523  0.2472  0.2452  0.2553  1
111:   0.2510  0.2470  0.2560  0.2460  1
112:   0.2593  0.2482  0.2332  0.2593  1
113:   0.2430  0.2480  0.2680  0.2410  1
114:   0.2500  0.2530  0.2480  0.2490  1
115:   0.2488  0.2458  0.2607  0.2448  1
116:   0.2480  0.2450  0.2530  0.2540  1
117:   0.2470  0.2620  0.2420  0.2490  1
118:   0.2500  0.2590  0.2370  0.2540  1
119:   0.2520  0.2560  0.2390  0.2530  1
120:   0.2490  0.2390  0.2650  0.2470  1
121:   0.2503  0.2533  0.2372  0.2593  1
122:   0.2480  0.2570  0.2440  0.2510  1
123:   0.2500  0.2560  0.2400  0.2540  1
124:   0.2490  0.2530  0.2420  0.2560  1
125:   0.2490  0.2370  0.2630  0.2510  1
126:   0.2540  0.2480  0.2430  0.2550  1
127:   0.2540  0.2510  0.2390  0.2560  1
128:   0.2530  0.2590  0.2330  0.2550  1
129:   0.2510  0.2400  0.2500  0.2590  1
130:   0.2520  0.2550  0.2430  0.2500  1
131:   0.2520  0.2440  0.2480  0.2560  1
132:   0.2530  0.2530  0.2330  0.2610  1
133:   0.2490  0.2490  0.2510  0.2510  1
134:   0.2523  0.2523  0.2422  0.2533  1
135:   0.2510  0.2410  0.2620  0.2460  1
136:   0.2573  0.2472  0.2402  0.2553  1
137:   0.2430  0.2450  0.2670  0.2450  1
138:   0.2527  0.2458  0.2448  0.2567  1
139:   0.2520  0.2510  0.2430  0.2540  1
140:   0.2530  0.2590  0.2380  0.2500  1
141:   0.2547  0.2418  0.2438  0.2597  1
142:   0.2557  0.2478  0.2388  0.2577  1
143:   0.2560  0.2640  0.2320  0.2480  1
144:   0.2520  0.2480  0.2480  0.2520  1
145:   0.2520  0.2410  0.2530  0.2540  1
146:   0.2498  0.2597  0.2368  0.2537  1
147:   0.2500  0.2510  0.2490  0.2500  1
148:   0.2550  0.2450  0.2410  0.2590  1
149:   0.2560  0.2480  0.2370  0.2590  1
150:   0.2580  0.2500  0.2410  0.2510  1
151:   0.2478  0.2577  0.2428  0.2517  1
152:   0.2520  0.2500  0.2370  0.2610  1
153:   0.2503  0.2492  0.2513  0.2492  1
154:   0.2480  0.2460  0.2540  0.2520  1
155:   0.2520  0.2530  0.2470  0.2480  1
156:   0.2432  0.2422  0.2703  0.2442  1
157:   0.2468  0.2458  0.2657  0.2418  1
158:   0.2550  0.2540  0.2380  0.2530  1
159:   0.2590  0.2460  0.2330  0.2620  1
160:   0.2583  0.2533  0.2372  0.2513  1
161:   0.2560  0.2510  0.2350  0.2580  1
162:   0.2533  0.2543  0.2392  0.2533  1
163:   0.2490  0.2470  0.2500  0.2540  1
164:   0.2520  0.2460  0.2470  0.2550  1
165:   0.2460  0.2450  0.2660  0.2430  1
166:   0.2550  0.2550  0.2380  0.2520  1
167:   0.2412  0.2422  0.2763  0.2402  1
168:   0.2540  0.2610  0.2330  0.2520  1
169:   0.2523  0.2503  0.2452  0.2523  1
170:   0.2570  0.2500  0.2390  0.2540  1
171:   0.2460  0.2730  0.2330  0.2480  1
172:   0.2503  0.2553  0.2492  0.2452  1
173:   0.2570  0.2500  0.2360  0.2570  1
174:   0.2517  0.2577  0.2388  0.2517  1
175:   0.2520  0.2530  0.2410  0.2540  1
176:   0.2540  0.2510  0.2460  0.2490  1
177:   0.2480  0.2530  0.2480  0.2510  1
178:   0.2440  0.2420  0.2660  0.2480  1
179:   0.2440  0.2750  0.2310  0.2500  1
180:   0.2510  0.2560  0.2400  0.2530  1
181:   0.2520  0.2460  0.2530  0.2490  1
182:   0.2480  0.2590  0.2460  0.2470  1
183:   0.2500  0.2510  0.2490  0.2500  1
184:   0.2540  0.2520  0.2360  0.2580  1
185:   0.2530  0.2460  0.2520  0.2490  1
186:   0.2540  0.2500  0.2470  0.2490  1
187:   0.2492  0.2412  0.2593  0.2503  1
188:   0.2498  0.2577  0.2388  0.2537  1
189:   0.2350  0.2420  0.2900  0.2330  1
190:   0.2468  0.2537  0.2488  0.2507  1
191:   0.2490  0.2620  0.2450  0.2440  1
192:   0.2507  0.2517  0.2468  0.2507  1
193:   0.2482  0.2563  0.2422  0.2533  1
194:   0.2523  0.2533  0.2392  0.2553  1
195:   0.2590  0.2420  0.2370  0.2620  1
196:   0.2513  0.2593  0.2342  0.2553  1
197:   0.2530  0.2500  0.2500  0.2470  1
198:   0.2530  0.2720  0.2320  0.2430  1
199:   0.2488  0.2557  0.2438  0.2517  1
200:   0.2500  0.2550  0.2470  0.2480  1
201:   0.2540  0.2530  0.2430  0.2500  1
202:   0.2530  0.2510  0.2460  0.2500  1
203:   0.2510  0.2720  0.2280  0.2490  1
204:   0.2570  0.2490  0.2350  0.2590  1
205:   0.2340  0.2290  0.3100  0.2270  1
206:   0.2573  0.2573  0.2322  0.2533  1
207:   0.2610  0.2410  0.2430  0.2550  1
208:   0.2320  0.2300  0.3100  0.2280  1
209:   0.2498  0.2517  0.2418  0.2567  1
210:   0.2500  0.2540  0.2410  0.2550  1
211:   0.2563  0.2482  0.2352  0.2603  1
212:   0.2540  0.2550  0.2360  0.2550  1
213:   0.2510  0.2540  0.2420  0.2530  1
214:   0.2500  0.2470  0.2510  0.2520  1
215:   0.2550  0.2540  0.2420  0.2490  1
216:   0.2452  0.2402  0.2653  0.2492  1
217:   0.2448  0.2408  0.2697  0.2448  1
218:   0.2402  0.2432  0.2783  0.2382  1
219:   0.2510  0.2430  0.2510  0.2550  1
220:   0.2540  0.2450  0.2480  0.2530  1
221:   0.2462  0.2402  0.2663  0.2472  1
222:   0.2500  0.2530  0.2440  0.2530  1
223:   0.2500  0.2490  0.2520  0.2490  1
224:   0.2470  0.2480  0.2580  0.2470  1
225:   0.2360  0.2420  0.2840  0.2380  1
226:   0.2440  0.2450  0.2600  0.2510  1
227:   0.2470  0.2620  0.2430  0.2480  1
228:   0.2500  0.2450  0.2550  0.2500  1
229:   0.2390  0.2430  0.2820  0.2360  1
230:   0.2462  0.2382  0.2693  0.2462  1
231:   0.2450  0.2500  0.2600  0.2450  1
232:   0.2410  0.2370  0.2830  0.2390  1
233:   0.2547  0.2478  0.2418  0.2557  1
234:   0.2500  0.2500  0.2460  0.2540  1
235:   0.2530  0.2480  0.2470  0.2520  1
236:   0.2563  0.2513  0.2392  0.2533  1
237:   0.2547  0.2547  0.2368  0.2537  1
238:   0.2500  0.2490  0.2530  0.2480  1
239:   0.2460  0.2640  0.2430  0.2470  1
240:   0.2510  0.2470  0.2520  0.2500  1
241:   0.2400  0.2400  0.2840  0.2360  1
242:   0.2418  0.2428  0.2767  0.2388  1
243:   0.2440  0.2410  0.2710  0.2440  1
244:   0.2510  0.2620  0.2350  0.2520  1
245:   0.2510  0.2490  0.2510  0.2490  1
246:   0.2510  0.2440  0.2570  0.2480  1

  1:   0.2470  0.2650  0.2410  0.2470  1
  2:   0.2470  0.2550  0.2470  0.2510  1
  3:   0.2492  0.2422  0.2513  0.2573  1
  4:   0.2470  0.2460  0.2320  0.2750  1
  5:   0.2482  0.2392  0.2312  0.2813  1
  6:   0.2420  0.2800  0.2470  0.2310  1
  7:   0.2520  0.2580  0.2590  0.2310  1
  8:   0.2490  0.2370  0.2280  0.2860  1
  9:   0.2530  0.2520  0.2610  0.2340  1
 10:   0.2480  0.2440  0.2430  0.2650  1
 11:   0.2498  0.2458  0.2537  0.2507  1
 12:   0.2462  0.2663  0.2432  0.2442  1
 13:   0.2460  0.2480  0.2370  0.2690  1
 14:   0.2520  0.2390  0.2630  0.2460  1
 15:   0.2587  0.2308  0.2398  0.2707  1
 16:   0.2480  0.2400  0.2530  0.2590  1
 17:   0.2517  0.2458  0.2418  0.2607  1
 18:   0.2530  0.2430  0.2460  0.2580  1
 19:   0.2530  0.2540  0.2560  0.2370  1
 20:   0.2500  0.2460  0.2510  0.2530  1
 21:   0.2513  0.2482  0.2533  0.2472  1
 22:   0.2470  0.2500  0.2540  0.2490  1
 23:   0.2420  0.2640  0.2470  0.2470  1
 24:   0.2523  0.2653  0.2603  0.2222  1
 25:   0.2458  0.2677  0.2547  0.2318  1
 26:   0.2442  0.2753  0.2402  0.2402  1
 27:   0.2430  0.2760  0.2430  0.2380  1
 28:   0.2580  0.2420  0.2670  0.2330  1
 29:   0.2460  0.2590  0.2520  0.2430  1
 30:   0.2550  0.2360  0.2630  0.2460  1
 31:   0.2500  0.2440  0.2350  0.2710  1
 32:   0.2553  0.2422  0.2543  0.2482  1
 33:   0.2550  0.2420  0.2500  0.2530  1
 34:   0.2540  0.2400  0.2500  0.2560  1
 35:   0.2530  0.2410  0.2580  0.2480  1
 36:   0.2432  0.2773  0.2563  0.2232  1
 37:   0.2460  0.2350  0.2260  0.2930  1
 38:   0.2450  0.2550  0.2440  0.2560  1
 39:   0.2540  0.2520  0.2590  0.2350  1
 40:   0.2450  0.2620  0.2420  0.2510  1
 41:   0.2500  0.2450  0.2470  0.2580  1
 42:   0.2540  0.2330  0.2490  0.2640  1
 43:   0.2490  0.2590  0.2430  0.2490  1
 44:   0.2510  0.2550  0.2460  0.2480  1
 45:   0.2600  0.2360  0.2630  0.2410  1
 46:   0.2510  0.2450  0.2500  0.2540  1
 47:   0.2527  0.2488  0.2647  0.2338  1
 48:   0.2460  0.2700  0.2510  0.2330  1
 49:   0.2507  0.2537  0.2567  0.2388  1
 50:   0.2482  0.2462  0.2442  0.2613  1
 51:   0.2520  0.2530  0.2520  0.2430  1
 52:   0.2547  0.2527  0.2498  0.2428  1
 53:   0.2520  0.2450  0.2590  0.2440  1
 54:   0.2560  0.2350  0.2500  0.2590  1
 55:   0.2450  0.2640  0.2520  0.2390  1
 56:   0.2490  0.2460  0.2500  0.2550  1
 57:   0.2597  0.2358  0.2517  0.2527  1
 58:   0.2540  0.2470  0.2700  0.2290  1
 59:   0.2450  0.2580  0.2430  0.2540  1
 60:   0.2470  0.2600  0.2490  0.2440  1
 61:   0.2490  0.2470  0.2420  0.2620  1
 62:   0.2540  0.2480  0.2630  0.2350  1
 63:   0.2523  0.2623  0.2603  0.2252  1
 64:   0.2478  0.2557  0.2517  0.2448  1
 65:   0.2543  0.2482  0.2472  0.2503  1
 66:   0.2450  0.2640  0.2460  0.2450  1
 67:   0.2520  0.2370  0.2480  0.2630  1
 68:   0.2498  0.2438  0.2587  0.2478  1
 69:   0.2430  0.2690  0.2410  0.2470  1
 70:   0.2517  0.2418  0.2567  0.2498  1
 71:   0.2438  0.2517  0.2458  0.2587  1
 72:   0.2513  0.2422  0.2322  0.2743  1
 73:   0.2460  0.2610  0.2470  0.2460  1
 74:   0.2540  0.2470  0.2530  0.2460  1
 75:   0.2470  0.2420  0.2400  0.2710  1
 76:   0.2490  0.2390  0.2490  0.2630  1
 77:   0.2432  0.2693  0.2533  0.2342  1
 78:   0.2520  0.2360  0.2310  0.2810  1
 79:   0.2440  0.2580  0.2540  0.2440  1
 80:   0.2540  0.2360  0.2570  0.2530  1
 81:   0.2500  0.2510  0.2470  0.2520  1
 82:   0.2430  0.2600  0.2620  0.2350  1
 83:   0.2520  0.2400  0.2520  0.2560  1
 84:   0.2550  0.2480  0.2550  0.2420  1
 85:   0.2510  0.2550  0.2540  0.2400  1
 86:   0.2500  0.2520  0.2620  0.2360  1
 87:   0.2540  0.2380  0.2470  0.2610  1
 88:   0.2500  0.2410  0.2540  0.2550  1
 89:   0.2530  0.2410  0.2560  0.2500  1
 90:   0.2450  0.2590  0.2500  0.2460  1
 91:   0.2402  0.2753  0.2322  0.2523  1
 92:   0.2510  0.2450  0.2570  0.2470  1
 93:   0.2482  0.2503  0.2462  0.2553  1
 94:   0.2537  0.2448  0.2657  0.2358  1
 95:   0.2488  0.2587  0.2557  0.2368  1
 96:   0.2523  0.2513  0.2523  0.2442  1
 97:   0.2488  0.2567  0.2567  0.2378  1
 98:   0.2488  0.2517  0.2418  0.2577  1
 99:   0.2460  0.2460  0.2450  0.2630  1
100:   0.2450  0.2480  0.2360  0.2710  1
101:   0.2560  0.2440  0.2600  0.2400  1
102:   0.2450  0.2660  0.2440  0.2450  1
103:   0.2520  0.2440  0.2520  0.2520  1
104:   0.2500  0.2560  0.2460  0.2480  1
105:   0.2472  0.2563  0.2543  0.2422  1
106:   0.2540  0.2320  0.2430  0.2710  1
107:   0.2490  0.2650  0.2520  0.2340  1
108:   0.2530  0.2450  0.2460  0.2560  1
109:   0.2450  0.2440  0.2540  0.2570  1
110:   0.2513  0.2462  0.2482  0.2543  1
111:   0.2507  0.2468  0.2557  0.2468  1
112:   0.2510  0.2380  0.2310  0.2800  1
113:   0.2530  0.2430  0.2600  0.2440  1
114:   0.2470  0.2490  0.2610  0.2430  1
115:   0.2563  0.2472  0.2533  0.2432  1
116:   0.2500  0.2460  0.2540  0.2500  1
117:   0.2420  0.2570  0.2580  0.2430  1
118:   0.2448  0.2577  0.2448  0.2527  1
119:   0.2517  0.2507  0.2478  0.2498  1
120:   0.2480  0.2540  0.2560  0.2420  1
121:   0.2517  0.2438  0.2458  0.2587  1
122:   0.2553  0.2362  0.2503  0.2583  1
123:   0.2540  0.2470  0.2490  0.2500  1
124:   0.2480  0.2500  0.2500  0.2520  1
125:   0.2530  0.2490  0.2480  0.2500  1
126:   0.2520  0.2330  0.2310  0.2840  1
127:   0.2420  0.2580  0.2490  0.2510  1
128:   0.2550  0.2440  0.2370  0.2640  1
129:   0.2570  0.2250  0.2260  0.2920  1
130:   0.2488  0.2567  0.2557  0.2388  1
131:   0.2570  0.2340  0.2500  0.2590  1
132:   0.2482  0.2533  0.2402  0.2583  1
133:   0.2520  0.2420  0.2620  0.2440  1
134:   0.2500  0.2500  0.2430  0.2570  1
135:   0.2520  0.2450  0.2490  0.2540  1
136:   0.2490  0.2490  0.2410  0.2610  1
137:   0.2563  0.2362  0.2573  0.2503  1
138:   0.2547  0.2378  0.2418  0.2657  1
139:   0.2490  0.2560  0.2520  0.2430  1
140:   0.2480  0.2640  0.2460  0.2420  1
141:   0.2500  0.2260  0.2280  0.2960  1
142:   0.2472  0.2492  0.2442  0.2593  1
143:   0.2440  0.2640  0.2460  0.2460  1
144:   0.2510  0.2530  0.2560  0.2400  1
145:   0.2550  0.2280  0.2460  0.2710  1
146:   0.2370  0.2710  0.2510  0.2410  1
147:   0.2527  0.2458  0.2557  0.2458  1
148:   0.2490  0.2400  0.2490  0.2620  1
149:   0.2470  0.2440  0.2410  0.2680  1
150:   0.2448  0.2717  0.2398  0.2438  1
151:   0.2488  0.2607  0.2517  0.2388  1
152:   0.2510  0.2510  0.2470  0.2510  1
153:   0.2520  0.2440  0.2510  0.2530  1
154:   0.2520  0.2370  0.2500  0.2610  1
155:   0.2492  0.2513  0.2513  0.2482  1
156:   0.2530  0.2480  0.2590  0.2400  1
157:   0.2470  0.2590  0.2670  0.2270  1
158:   0.2520  0.2430  0.2470  0.2580  1
159:   0.2472  0.2462  0.2342  0.2723  1
160:   0.2490  0.2410  0.2350  0.2750  1
161:   0.2478  0.2428  0.2517  0.2577  1
162:   0.2462  0.2553  0.2523  0.2462  1
163:   0.2523  0.2492  0.2533  0.2452  1
164:   0.2492  0.2392  0.2533  0.2583  1
165:   0.2520  0.2360  0.2530  0.2590  1
166:   0.2517  0.2408  0.2448  0.2627  1
167:   0.2600  0.2440  0.2590  0.2370  1
168:   0.2520  0.2420  0.2400  0.2660  1
169:   0.2550  0.2440  0.2340  0.2670  1
170:   0.2488  0.2468  0.2478  0.2567  1
171:   0.2360  0.2870  0.2430  0.2340  1
172:   0.2507  0.2498  0.2507  0.2488  1
173:   0.2510  0.2410  0.2330  0.2750  1
174:   0.2470  0.2510  0.2480  0.2540  1
175:   0.2490  0.2490  0.2470  0.2550  1
176:   0.2470  0.2480  0.2530  0.2520  1
177:   0.2460  0.2550  0.2580  0.2410  1
178:   0.2560  0.2360  0.2510  0.2570  1
179:   0.2380  0.2860  0.2420  0.2340  1
180:   0.2460  0.2700  0.2400  0.2440  1
181:   0.2513  0.2342  0.2412  0.2733  1
182:   0.2460  0.2660  0.2540  0.2340  1
183:   0.2472  0.2593  0.2553  0.2382  1
184:   0.2448  0.2627  0.2448  0.2478  1
185:   0.2533  0.2392  0.2462  0.2613  1
186:   0.2480  0.2580  0.2450  0.2490  1
187:   0.2520  0.2340  0.2460  0.2680  1
188:   0.2480  0.2580  0.2470  0.2470  1
189:   0.2603  0.2372  0.2753  0.2272  1
190:   0.2492  0.2492  0.2503  0.2513  1
191:   0.2458  0.2617  0.2488  0.2438  1
192:   0.2482  0.2623  0.2543  0.2352  1
193:   0.2500  0.2550  0.2510  0.2440  1
194:   0.2510  0.2430  0.2430  0.2630  1
195:   0.2540  0.2290  0.2340  0.2830  1
196:   0.2503  0.2452  0.2513  0.2533  1
197:   0.2478  0.2517  0.2517  0.2488  1
198:   0.2430  0.2720  0.2500  0.2350  1
199:   0.2480  0.2580  0.2570  0.2370  1
200:   0.2468  0.2617  0.2597  0.2318  1
201:   0.2507  0.2607  0.2498  0.2388  1
202:   0.2478  0.2587  0.2408  0.2527  1
203:   0.2422  0.2743  0.2422  0.2412  1
204:   0.2480  0.2370  0.2340  0.2810  1
205:   0.2580  0.2450  0.2710  0.2260  1
206:   0.2450  0.2570  0.2390  0.2590  1
207:   0.2460  0.2370  0.2440  0.2730  1
208:   0.2570  0.2480  0.2740  0.2210  1
209:   0.2478  0.2448  0.2478  0.2597  1
210:   0.2480  0.2560  0.2500  0.2460  1
211:   0.2460  0.2420  0.2280  0.2840  1
212:   0.2547  0.2418  0.2338  0.2697  1
213:   0.2510  0.2420  0.2460  0.2610  1
214:   0.2500  0.2470  0.2610  0.2420  1
215:   0.2533  0.2523  0.2533  0.2412  1
216:   0.2547  0.2418  0.2667  0.2368  1
217:   0.2537  0.2438  0.2617  0.2408  1
218:   0.2610  0.2410  0.2600  0.2380  1
219:   0.2460  0.2450  0.2480  0.2610  1
220:   0.2510  0.2480  0.2480  0.2530  1
221:   0.2590  0.2370  0.2460  0.2580  1
222:   0.2498  0.2507  0.2428  0.2567  1
223:   0.2510  0.2510  0.2500  0.2480  1
224:   0.2510  0.2440  0.2540  0.2510  1
225:   0.2600  0.2370  0.2640  0.2390  1
226:   0.2560  0.2350  0.2560  0.2530  1
227:   0.2500  0.2580  0.2540  0.2380  1
228:   0.2510  0.2560  0.2410  0.2520  1
229:   0.2530  0.2390  0.2680  0.2400  1
230:   0.2553  0.2402  0.2603  0.2442  1
231:   0.2560  0.2360  0.2550  0.2530  1
232:   0.2537  0.2458  0.2677  0.2328  1
233:   0.2533  0.2372  0.2533  0.2563  1
234:   0.2580  0.2380  0.2440  0.2600  1
235:   0.2430  0.2680  0.2510  0.2380  1
236:   0.2500  0.2570  0.2480  0.2450  1
237:   0.2440  0.2660  0.2430  0.2470  1
238:   0.2510  0.2490  0.2460  0.2540  1
239:   0.2410  0.2670  0.2540  0.2380  1
240:   0.2460  0.2580  0.2590  0.2370  1
241:   0.2550  0.2430  0.2550  0.2470  1
242:   0.2530  0.2580  0.2570  0.2320  1
243:   0.2530  0.2500  0.2640  0.2330  1
244:   0.2390  0.2660  0.2420  0.2530  1
245:   0.2460  0.2560  0.2590  0.2390  1
246:   0.2530  0.2460  0.2560  0.2450  1

  1:   0.2590  0.2490  0.2510  0.2410  1
  2:   0.2613  0.2452  0.2262  0.2673  1
  3:   0.2600  0.2460  0.2290  0.2650  1
  4:   0.2550  0.2350  0.2140  0.2960  1
  5:   0.2488  0.2278  0.2158  0.3077  1
  6:   0.2610  0.2580  0.2750  0.2060  1
  7:   0.2500  0.2550  0.2830  0.2120  1
  8:   0.2482  0.2382  0.1942  0.3193  1
  9:   0.2470  0.2590  0.2470  0.2470  1
 10:   0.2573  0.2402  0.2272  0.2753  1
 11:   0.2490  0.2530  0.2430  0.2550  1
 12:   0.2623  0.2452  0.2533  0.2392  1
 13:   0.2570  0.2310  0.2130  0.2990  1
 14:   0.2400  0.2520  0.2700  0.2380  1
 15:   0.2388  0.2458  0.2318  0.2837  1
 16:   0.2470  0.2430  0.2640  0.2460  1
 17:   0.2647  0.2388  0.2268  0.2697  1
 18:   0.2492  0.2523  0.2322  0.2663  1
 19:   0.2567  0.2498  0.2567  0.2368  1
 20:   0.2543  0.2563  0.2432  0.2462  1
 21:   0.2450  0.2530  0.2610  0.2410  1
 22:   0.2540  0.2510  0.2640  0.2310  1
 23:   0.2480  0.2570  0.2520  0.2430  1
 24:   0.2350  0.2670  0.3090  0.1890  1
 25:   0.2462  0.2593  0.2743  0.2202  1
 26:   0.2600  0.2560  0.2580  0.2260  1
 27:   0.2547  0.2597  0.2677  0.2178  1
 28:   0.2510  0.2490  0.2750  0.2250  1
 29:   0.2680  0.2480  0.2470  0.2370  1
 30:   0.2400  0.2550  0.2840  0.2210  1
 31:   0.2480  0.2460  0.2130  0.2930  1
 32:   0.2430  0.2440  0.2570  0.2560  1
 33:   0.2482  0.2492  0.2472  0.2553  1
 34:   0.2590  0.2390  0.2240  0.2780  1
 35:   0.2560  0.2410  0.2380  0.2650  1
 36:   0.2610  0.2580  0.2880  0.1930  1
 37:   0.2490  0.2220  0.2160  0.3130  1
 38:   0.2498  0.2398  0.2398  0.2707  1
 39:   0.2358  0.2577  0.2907  0.2158  1
 40:   0.2650  0.2480  0.2420  0.2450  1
 41:   0.2620  0.2330  0.2490  0.2560  1
 42:   0.2478  0.2458  0.2318  0.2747  1
 43:   0.2500  0.2450  0.2460  0.2590  1
 44:   0.2488  0.2408  0.2537  0.2567  1
 45:   0.2390  0.2540  0.2930  0.2140  1
 46:   0.2490  0.2490  0.2420  0.2600  1
 47:   0.2478  0.2627  0.2488  0.2408  1
 48:   0.2513  0.2623  0.2753  0.2112  1
 49:   0.2580  0.2440  0.2400  0.2580  1
 50:   0.2550  0.2540  0.2320  0.2590  1
 51:   0.2278  0.2697  0.2787  0.2238  1
 52:   0.2390  0.2610  0.2750  0.2250  1
 53:   0.2543  0.2492  0.2523  0.2442  1
 54:   0.2410  0.2390  0.2430  0.2770  1
 55:   0.2513  0.2633  0.2482  0.2372  1
 56:   0.2510  0.2440  0.2340  0.2710  1
 57:   0.2320  0.2640  0.2880  0.2160  1
 58:   0.2280  0.2740  0.2980  0.2000  1
 59:   0.2630  0.2370  0.2470  0.2530  1
 60:   0.2520  0.2510  0.2460  0.2510  1
 61:   0.2472  0.2462  0.2262  0.2803  1
 62:   0.2290  0.2700  0.2900  0.2110  1
 63:   0.2292  0.2723  0.2973  0.2012  1
 64:   0.2560  0.2460  0.2400  0.2580  1
 65:   0.2513  0.2442  0.2452  0.2593  1
 66:   0.2410  0.2570  0.2820  0.2200  1
 67:   0.2410  0.2500  0.2330  0.2760  1
 68:   0.2570  0.2400  0.2420  0.2610  1
 69:   0.2790  0.2410  0.2360  0.2440  1
 70:   0.2530  0.2500  0.2450  0.2520  1
 71:   0.2620  0.2440  0.2260  0.2680  1
 72:   0.2550  0.2170  0.2260  0.3020  1
 73:   0.2550  0.2480  0.2480  0.2490  1
 74:   0.2320  0.2680  0.2800  0.2200  1
 75:   0.2560  0.2300  0.2250  0.2890  1
 76:   0.2587  0.2328  0.2298  0.2787  1
 77:   0.2590  0.2530  0.2730  0.2150  1
 78:   0.2410  0.2390  0.2310  0.2890  1
 79:   0.2560  0.2520  0.2310  0.2610  1
 80:   0.2480  0.2440  0.2530  0.2550  1
 81:   0.2500  0.2480  0.2500  0.2520  1
 82:   0.2630  0.2520  0.2630  0.2220  1
 83:   0.2630  0.2330  0.2370  0.2670  1
 84:   0.2472  0.2503  0.2563  0.2462  1
 85:   0.2420  0.2590  0.2700  0.2290  1
 86:   0.2430  0.2560  0.2830  0.2180  1
 87:   0.2550  0.2370  0.2280  0.2800  1
 88:   0.2482  0.2513  0.2472  0.2533  1
 89:   0.2640  0.2450  0.2460  0.2450  1
 90:   0.2520  0.2620  0.2410  0.2450  1
 91:   0.2620  0.2460  0.2510  0.2410  1
 92:   0.2530  0.2440  0.2670  0.2360  1
 93:   0.2520  0.2370  0.2390  0.2720  1
 94:   0.2503  0.2462  0.2573  0.2462  1
 95:   0.2520  0.2530  0.2520  0.2430  1
 96:   0.2540  0.2560  0.2500  0.2400  1
 97:   0.2530  0.2560  0.2690  0.2220  1
 98:   0.2600  0.2370  0.2280  0.2750  1
 99:   0.2448  0.2438  0.2238  0.2877  1
100:   0.2530  0.2470  0.2130  0.2870  1
101:   0.2370  0.2630  0.2680  0.2320  1
102:   0.2620  0.2540  0.2520  0.2320  1
103:   0.2398  0.2567  0.2547  0.2488  1
104:   0.2452  0.2533  0.2583  0.2432  1
105:   0.2400  0.2570  0.2560  0.2470  1
106:   0.2360  0.2450  0.2450  0.2740  1
107:   0.2620  0.2560  0.2560  0.2260  1
108:   0.2500  0.2520  0.2340  0.2640  1
109:   0.2640  0.2390  0.2310  0.2660  1
110:   0.2448  0.2448  0.2458  0.2647  1
111:   0.2430  0.2530  0.2550  0.2490  1
112:   0.2533  0.2332  0.2062  0.3073  1
113:   0.2490  0.2440  0.2770  0.2300  1
114:   0.2690  0.2530  0.2490  0.2290  1
115:   0.2530  0.2530  0.2600  0.2340  1
116:   0.2613  0.2482  0.2392  0.2513  1
117:   0.2660  0.2490  0.2410  0.2440  1
118:   0.2610  0.2480  0.2410  0.2500  1
119:   0.2560  0.2480  0.2490  0.2470  1
120:   0.2258  0.2677  0.2827  0.2238  1
121:   0.2570  0.2360  0.2260  0.2810  1
122:   0.2550  0.2390  0.2380  0.2680  1
123:   0.2570  0.2470  0.2370  0.2590  1
124:   0.2623  0.2382  0.2412  0.2583  1
125:   0.2442  0.2533  0.2573  0.2452  1
126:   0.2660  0.2220  0.2210  0.2910  1
127:   0.2530  0.2420  0.2520  0.2530  1
128:   0.2580  0.2410  0.2130  0.2880  1
129:   0.2448  0.2308  0.2228  0.3017  1
130:   0.2510  0.2570  0.2500  0.2420  1
131:   0.2490  0.2430  0.2300  0.2780  1
132:   0.2540  0.2440  0.2260  0.2760  1
133:   0.2540  0.2420  0.2570  0.2470  1
134:   0.2490  0.2480  0.2380  0.2650  1
135:   0.2458  0.2428  0.2527  0.2587  1
136:   0.2577  0.2378  0.2188  0.2857  1
137:   0.2430  0.2530  0.2540  0.2500  1
138:   0.2510  0.2390  0.2270  0.2830  1
139:   0.2500  0.2560  0.2490  0.2450  1
140:   0.2490  0.2480  0.2540  0.2490  1
141:   0.2412  0.2172  0.2082  0.3333  1
142:   0.2627  0.2398  0.2318  0.2657  1
143:   0.2600  0.2500  0.2550  0.2350  1
144:   0.2503  0.2533  0.2563  0.2402  1
145:   0.2400  0.2390  0.2390  0.2820  1
146:   0.2600  0.2590  0.2500  0.2310  1
147:   0.2520  0.2440  0.2450  0.2590  1
148:   0.2510  0.2460  0.2250  0.2780  1
149:   0.2590  0.2280  0.2130  0.3000  1
150:   0.2590  0.2500  0.2570  0.2340  1
151:   0.2460  0.2590  0.2700  0.2250  1
152:   0.2550  0.2480  0.2200  0.2770  1
153:   0.2560  0.2420  0.2450  0.2570  1
154:   0.2458  0.2458  0.2388  0.2697  1
155:   0.2510  0.2440  0.2570  0.2480  1
156:   0.2400  0.2540  0.2770  0.2290  1
157:   0.2422  0.2623  0.2853  0.2102  1
158:   0.2567  0.2408  0.2308  0.2717  1
159:   0.2520  0.2460  0.2120  0.2900  1
160:   0.2587  0.2298  0.2208  0.2907  1
161:   0.2550  0.2410  0.2250  0.2790  1
162:   0.2550  0.2460  0.2370  0.2620  1
163:   0.2430  0.2550  0.2510  0.2510  1
164:   0.2520  0.2440  0.2330  0.2710  1
165:   0.2372  0.2362  0.2603  0.2663  1
166:   0.2527  0.2428  0.2178  0.2867  1
167:   0.2410  0.2530  0.2810  0.2250  1
168:   0.2613  0.2302  0.2162  0.2923  1
169:   0.2603  0.2362  0.2202  0.2833  1
170:   0.2560  0.2470  0.2290  0.2680  1
171:   0.2660  0.2670  0.2610  0.2060  1
172:   0.2640  0.2480  0.2480  0.2400  1
173:   0.2460  0.2370  0.2160  0.3010  1
174:   0.2727  0.2368  0.2388  0.2517  1
175:   0.2543  0.2412  0.2372  0.2673  1
176:   0.2540  0.2440  0.2330  0.2690  1
177:   0.2480  0.2480  0.2450  0.2590  1
178:   0.2468  0.2468  0.2567  0.2498  1
179:   0.2680  0.2650  0.2610  0.2060  1
180:   0.2500  0.2520  0.2560  0.2420  1
181:   0.2530  0.2340  0.2320  0.2810  1
182:   0.2530  0.2540  0.2720  0.2210  1
183:   0.2440  0.2620  0.2710  0.2230  1
184:   0.2520  0.2510  0.2400  0.2570  1
185:   0.2590  0.2350  0.2250  0.2810  1
186:   0.2560  0.2460  0.2570  0.2410  1
187:   0.2420  0.2450  0.2530  0.2600  1
188:   0.2570  0.2700  0.2290  0.2440  1
189:   0.2390  0.2630  0.3000  0.1980  1
190:   0.2410  0.2550  0.2540  0.2500  1
191:   0.2620  0.2540  0.2510  0.2330  1
192:   0.2620  0.2480  0.2530  0.2370  1
193:   0.2540  0.2540  0.2370  0.2550  1
194:   0.2580  0.2330  0.2330  0.2760  1
195:   0.2400  0.2180  0.2120  0.3300  1
196:   0.2543  0.2432  0.2362  0.2663  1
197:   0.2550  0.2460  0.2480  0.2510  1
198:   0.2580  0.2570  0.2630  0.2220  1
199:   0.2620  0.2510  0.2460  0.2410  1
200:   0.2450  0.2670  0.2730  0.2150  1
201:   0.2492  0.2482  0.2543  0.2482  1
202:   0.2547  0.2468  0.2517  0.2468  1
203:   0.2553  0.2553  0.2623  0.2272  1
204:   0.2590  0.2370  0.1910  0.3130  1
205:   0.2190  0.2940  0.3320  0.1550  1
206:   0.2620  0.2400  0.2270  0.2710  1
207:   0.2380  0.2310  0.2170  0.3140  1
208:   0.2180  0.2910  0.3350  0.1560  1
209:   0.2510  0.2360  0.2380  0.2750  1
210:   0.2498  0.2517  0.2468  0.2517  1
211:   0.2480  0.2350  0.2030  0.3140  1
212:   0.2400  0.2370  0.2310  0.2920  1
213:   0.2500  0.2370  0.2330  0.2800  1
214:   0.2398  0.2597  0.2517  0.2488  1
215:   0.2607  0.2517  0.2488  0.2388  1
216:   0.2420  0.2610  0.2580  0.2390  1
217:   0.2290  0.2640  0.2790  0.2280  1
218:   0.2350  0.2560  0.2990  0.2100  1
219:   0.2590  0.2440  0.2280  0.2690  1
220:   0.2510  0.2450  0.2460  0.2580  1
221:   0.2450  0.2420  0.2590  0.2540  1
222:   0.2630  0.2440  0.2290  0.2640  1
223:   0.2470  0.2520  0.2510  0.2500  1
224:   0.2570  0.2470  0.2470  0.2490  1
225:   0.2410  0.2660  0.2840  0.2090  1
226:   0.2340  0.2510  0.2670  0.2480  1
227:   0.2530  0.2510  0.2470  0.2490  1
228:   0.2580  0.2550  0.2480  0.2390  1
229:   0.2448  0.2617  0.2817  0.2118  1
230:   0.2430  0.2610  0.2640  0.2320  1
231:   0.2460  0.2490  0.2650  0.2400  1
232:   0.2332  0.2653  0.3013  0.2002  1
233:   0.2490  0.2400  0.2330  0.2780  1
234:   0.2468  0.2408  0.2348  0.2777  1
235:   0.2577  0.2547  0.2607  0.2268  1
236:   0.2468  0.2557  0.2498  0.2478  1
237:   0.2530  0.2540  0.2340  0.2590  1
238:   0.2580  0.2440  0.2430  0.2550  1
239:   0.2617  0.2488  0.2607  0.2288  1
240:   0.2530  0.2640  0.2530  0.2300  1
241:   0.2478  0.2597  0.2677  0.2248  1
242:   0.2370  0.2610  0.2980  0.2040  1
243:   0.2370  0.2650  0.2870  0.2110  1
244:   0.2660  0.2490  0.2300  0.2550  1
245:   0.2460  0.2580  0.2510  0.2450  1
246:   0.2390  0.2530  0.2680  0.2400  1

  1:   0.2527  0.2507  0.2478  0.2488  1
  2:   0.2540  0.2440  0.2470  0.2550  1
  3:   0.2567  0.2438  0.2398  0.2597  1
  4:   0.2570  0.2240  0.2530  0.2660  1
  5:   0.2593  0.2282  0.2402  0.2723  1
  6:   0.2400  0.2700  0.2560  0.2340  1
  7:   0.2402  0.2623  0.2633  0.2342  1
  8:   0.2620  0.2230  0.2390  0.2760  1
  9:   0.2480  0.2610  0.2460  0.2450  1
 10:   0.2530  0.2430  0.2400  0.2640  1
 11:   0.2480  0.2580  0.2440  0.2500  1
 12:   0.2460  0.2520  0.2530  0.2490  1
 13:   0.2600  0.2350  0.2400  0.2650  1
 14:   0.2462  0.2533  0.2603  0.2402  1
 15:   0.2583  0.2362  0.2452  0.2603  1
 16:   0.2510  0.2450  0.2510  0.2530  1
 17:   0.2540  0.2380  0.2490  0.2590  1
 18:   0.2600  0.2410  0.2440  0.2550  1
 19:   0.2478  0.2577  0.2527  0.2418  1
 20:   0.2513  0.2472  0.2462  0.2553  1
 21:   0.2510  0.2490  0.2590  0.2410  1
 22:   0.2440  0.2540  0.2520  0.2500  1
 23:   0.2500  0.2500  0.2490  0.2510  1
 24:   0.2390  0.2590  0.2760  0.2260  1
 25:   0.2420  0.2620  0.2570  0.2390  1
 26:   0.2410  0.2560  0.2590  0.2440  1
 27:   0.2420  0.2590  0.2550  0.2440  1
 28:   0.2440  0.2630  0.2550  0.2380  1
 29:   0.2500  0.2560  0.2500  0.2440  1
 30:   0.2458  0.2597  0.2597  0.2348  1
 31:   0.2593  0.2322  0.2402  0.2683  1
 32:   0.2500  0.2510  0.2490  0.2500  1
 33:   0.2570  0.2450  0.2430  0.2550  1
 34:   0.2540  0.2450  0.2450  0.2560  1
 35:   0.2517  0.2527  0.2458  0.2498  1
 36:   0.2360  0.2670  0.2660  0.2310  1
 37:   0.2550  0.2280  0.2390  0.2780  1
 38:   0.2530  0.2490  0.2440  0.2540  1
 39:   0.2470  0.2520  0.2660  0.2350  1
 40:   0.2480  0.2550  0.2470  0.2500  1
 41:   0.2462  0.2503  0.2513  0.2523  1
 42:   0.2560  0.2370  0.2430  0.2640  1
 43:   0.2510  0.2470  0.2500  0.2520  1
 44:   0.2500  0.2500  0.2480  0.2520  1
 45:   0.2440  0.2570  0.2600  0.2390  1
 46:   0.2540  0.2440  0.2530  0.2490  1
 47:   0.2470  0.2610  0.2470  0.2450  1
 48:   0.2420  0.2680  0.2560  0.2340  1
 49:   0.2490  0.2550  0.2490  0.2470  1
 50:   0.2520  0.2470  0.2440  0.2570  1
 51:   0.2472  0.2462  0.2633  0.2432  1
 52:   0.2460  0.2560  0.2590  0.2390  1
 53:   0.2488  0.2537  0.2517  0.2458  1
 54:   0.2507  0.2388  0.2478  0.2627  1
 55:   0.2460  0.2600  0.2510  0.2430  1
 56:   0.2563  0.2432  0.2442  0.2563  1
 57:   0.2520  0.2500  0.2580  0.2400  1
 58:   0.2450  0.2550  0.2700  0.2300  1
 59:   0.2530  0.2500  0.2420  0.2550  1
 60:   0.2470  0.2580  0.2460  0.2490  1
 61:   0.2563  0.2422  0.2432  0.2583  1
 62:   0.2430  0.2620  0.2590  0.2360  1
 63:   0.2430  0.2580  0.2690  0.2300  1
 64:   0.2530  0.2540  0.2470  0.2460  1
 65:   0.2530  0.2510  0.2460  0.2500  1
 66:   0.2440  0.2570  0.2590  0.2400  1
 67:   0.2540  0.2430  0.2450  0.2580  1
 68:   0.2530  0.2550  0.2440  0.2480  1
 69:   0.2430  0.2570  0.2520  0.2480  1
 70:   0.2533  0.2513  0.2442  0.2513  1
 71:   0.2530  0.2490  0.2450  0.2530  1
 72:   0.2550  0.2280  0.2400  0.2770  1
 73:   0.2450  0.2580  0.2490  0.2480  1
 74:   0.2458  0.2478  0.2607  0.2458  1
 75:   0.2488  0.2378  0.2448  0.2687  1
 76:   0.2553  0.2392  0.2442  0.2613  1
 77:   0.2420  0.2660  0.2540  0.2380  1
 78:   0.2590  0.2300  0.2410  0.2700  1
 79:   0.2490  0.2560  0.2470  0.2480  1
 80:   0.2507  0.2458  0.2498  0.2537  1
 81:   0.2540  0.2440  0.2530  0.2490  1
 82:   0.2410  0.2640  0.2560  0.2390  1
 83:   0.2533  0.2422  0.2472  0.2573  1
 84:   0.2440  0.2600  0.2520  0.2440  1
 85:   0.2450  0.2590  0.2550  0.2410  1
 86:   0.2430  0.2620  0.2570  0.2380  1
 87:   0.2580  0.2370  0.2460  0.2590  1
 88:   0.2547  0.2478  0.2448  0.2527  1
 89:   0.2510  0.2530  0.2490  0.2470  1
 90:   0.2480  0.2570  0.2460  0.2490  1
 91:   0.2470  0.2410  0.2610  0.2510  1
 92:   0.2490  0.2530  0.2510  0.2470  1
 93:   0.2498  0.2458  0.2488  0.2557  1
 94:   0.2470  0.2650  0.2480  0.2400  1
 95:   0.2480  0.2550  0.2490  0.2480  1
 96:   0.2480  0.2520  0.2520  0.2480  1
 97:   0.2400  0.2680  0.2540  0.2380  1
 98:   0.2550  0.2440  0.2450  0.2560  1
 99:   0.2540  0.2380  0.2460  0.2620  1
100:   0.2520  0.2340  0.2430  0.2710  1
101:   0.2530  0.2510  0.2450  0.2510  1
102:   0.2452  0.2593  0.2513  0.2442  1
103:   0.2510  0.2460  0.2520  0.2510  1
104:   0.2510  0.2460  0.2530  0.2500  1
105:   0.2510  0.2530  0.2500  0.2460  1
106:   0.2570  0.2300  0.2510  0.2620  1
107:   0.2450  0.2630  0.2490  0.2430  1
108:   0.2540  0.2480  0.2450  0.2530  1
109:   0.2520  0.2450  0.2440  0.2590  1
110:   0.2547  0.2428  0.2498  0.2527  1
111:   0.2510  0.2520  0.2500  0.2470  1
112:   0.2600  0.2280  0.2390  0.2730  1
113:   0.2440  0.2650  0.2510  0.2400  1
114:   0.2470  0.2610  0.2470  0.2450  1
115:   0.2450  0.2550  0.2540  0.2460  1
116:   0.2540  0.2480  0.2430  0.2550  1
117:   0.2480  0.2570  0.2500  0.2450  1
118:   0.2498  0.2468  0.2537  0.2498  1
119:   0.2450  0.2540  0.2510  0.2500  1
120:   0.2482  0.2503  0.2583  0.2432  1
121:   0.2510  0.2450  0.2430  0.2610  1
122:   0.2530  0.2450  0.2470  0.2550  1
123:   0.2530  0.2520  0.2450  0.2500  1
124:   0.2513  0.2513  0.2472  0.2503  1
125:   0.2500  0.2430  0.2520  0.2550  1
126:   0.2540  0.2310  0.2410  0.2740  1
127:   0.2470  0.2530  0.2530  0.2470  1
128:   0.2560  0.2380  0.2410  0.2650  1
129:   0.2650  0.2220  0.2410  0.2720  1
130:   0.2470  0.2580  0.2530  0.2420  1
131:   0.2550  0.2400  0.2450  0.2600  1
132:   0.2523  0.2452  0.2432  0.2593  1
133:   0.2513  0.2513  0.2503  0.2472  1
134:   0.2553  0.2422  0.2462  0.2563  1
135:   0.2550  0.2420  0.2510  0.2520  1
136:   0.2530  0.2370  0.2470  0.2630  1
137:   0.2510  0.2460  0.2500  0.2530  1
138:   0.2560  0.2350  0.2470  0.2620  1
139:   0.2517  0.2478  0.2507  0.2498  1
140:   0.2470  0.2590  0.2470  0.2470  1
141:   0.2620  0.2170  0.2340  0.2870  1
142:   0.2533  0.2432  0.2472  0.2563  1
143:   0.2468  0.2537  0.2547  0.2448  1
144:   0.2533  0.2523  0.2492  0.2452  1
145:   0.2550  0.2310  0.2450  0.2690  1
146:   0.2440  0.2650  0.2490  0.2420  1
147:   0.2510  0.2500  0.2480  0.2510  1
148:   0.2620  0.2340  0.2420  0.2620  1
149:   0.2610  0.2310  0.2430  0.2650  1
150:   0.2420  0.2530  0.2630  0.2420  1
151:   0.2430  0.2580  0.2590  0.2400  1
152:   0.2513  0.2472  0.2452  0.2563  1
153:   0.2537  0.2478  0.2488  0.2498  1
154:   0.2580  0.2430  0.2410  0.2580  1
155:   0.2452  0.2573  0.2503  0.2472  1
156:   0.2470  0.2560  0.2560  0.2410  1
157:   0.2390  0.2720  0.2580  0.2310  1
158:   0.2557  0.2448  0.2408  0.2587  1
159:   0.2590  0.2320  0.2400  0.2690  1
160:   0.2573  0.2332  0.2432  0.2663  1
161:   0.2530  0.2430  0.2420  0.2620  1
162:   0.2480  0.2510  0.2480  0.2530  1
163:   0.2563  0.2462  0.2543  0.2432  1
164:   0.2553  0.2422  0.2472  0.2553  1
165:   0.2530  0.2480  0.2460  0.2530  1
166:   0.2543  0.2402  0.2412  0.2643  1
167:   0.2470  0.2560  0.2600  0.2370  1
168:   0.2597  0.2398  0.2388  0.2617  1
169:   0.2580  0.2370  0.2400  0.2650  1
170:   0.2520  0.2450  0.2460  0.2570  1
171:   0.2380  0.2670  0.2610  0.2340  1
172:   0.2480  0.2520  0.2550  0.2450  1
173:   0.2560  0.2290  0.2450  0.2700  1
174:   0.2510  0.2470  0.2480  0.2540  1
175:   0.2530  0.2500  0.2430  0.2540  1
176:   0.2510  0.2450  0.2460  0.2580  1
177:   0.2510  0.2570  0.2490  0.2430  1
178:   0.2500  0.2460  0.2520  0.2520  1
179:   0.2390  0.2680  0.2620  0.2310  1
180:   0.2480  0.2510  0.2580  0.2430  1
181:   0.2583  0.2322  0.2442  0.2653  1
182:   0.2418  0.2627  0.2617  0.2338  1
183:   0.2470  0.2600  0.2550  0.2380  1
184:   0.2490  0.2470  0.2540  0.2500  1
185:   0.2550  0.2380  0.2430  0.2640  1
186:   0.2550  0.2470  0.2490  0.2490  1
187:   0.2570  0.2380  0.2460  0.2590  1
188:   0.2500  0.2540  0.2500  0.2460  1
189:   0.2420  0.2690  0.2580  0.2310  1
190:   0.2498  0.2498  0.2498  0.2507  1
191:   0.2480  0.2560  0.2500  0.2460  1
192:   0.2470  0.2580  0.2540  0.2410  1
193:   0.2498  0.2577  0.2478  0.2448  1
194:   0.2550  0.2390  0.2460  0.2600  1
195:   0.2580  0.2220  0.2390  0.2810  1
196:   0.2550  0.2510  0.2420  0.2520  1
197:   0.2520  0.2530  0.2480  0.2470  1
198:   0.2418  0.2687  0.2517  0.2378  1
199:   0.2510  0.2550  0.2470  0.2470  1
200:   0.2418  0.2687  0.2547  0.2348  1
201:   0.2500  0.2550  0.2490  0.2460  1
202:   0.2490  0.2450  0.2510  0.2550  1
203:   0.2380  0.2610  0.2530  0.2480  1
204:   0.2600  0.2230  0.2410  0.2760  1
205:   0.2350  0.2670  0.2800  0.2180  1
206:   0.2510  0.2400  0.2520  0.2570  1
207:   0.2570  0.2340  0.2380  0.2710  1
208:   0.2370  0.2670  0.2760  0.2200  1
209:   0.2500  0.2400  0.2480  0.2620  1
210:   0.2440  0.2520  0.2560  0.2480  1
211:   0.2590  0.2310  0.2420  0.2680  1
212:   0.2580  0.2310  0.2460  0.2650  1
213:   0.2510  0.2440  0.2470  0.2580  1
214:   0.2547  0.2517  0.2498  0.2438  1
215:   0.2460  0.2590  0.2510  0.2440  1
216:   0.2520  0.2540  0.2500  0.2440  1
217:   0.2480  0.2500  0.2640  0.2380  1
218:   0.2490  0.2620  0.2580  0.2310  1
219:   0.2563  0.2412  0.2422  0.2603  1
220:   0.2510  0.2480  0.2470  0.2540  1
221:   0.2530  0.2380  0.2510  0.2580  1
222:   0.2510  0.2470  0.2440  0.2580  1
223:   0.2510  0.2500  0.2490  0.2500  1
224:   0.2543  0.2442  0.2513  0.2503  1
225:   0.2408  0.2697  0.2607  0.2288  1
226:   0.2533  0.2452  0.2513  0.2503  1
227:   0.2470  0.2610  0.2510  0.2410  1
228:   0.2500  0.2480  0.2480  0.2540  1
229:   0.2460  0.2560  0.2600  0.2380  1
230:   0.2490  0.2540  0.2530  0.2440  1
231:   0.2550  0.2450  0.2510  0.2490  1
232:   0.2440  0.2660  0.2600  0.2300  1
233:   0.2560  0.2420  0.2410  0.2610  1
234:   0.2590  0.2380  0.2420  0.2610  1
235:   0.2440  0.2580  0.2590  0.2390  1
236:   0.2500  0.2510  0.2490  0.2500  1
237:   0.2490  0.2620  0.2420  0.2470  1
