  1:   0.3176  0.3326  0.3498  1
  2:   0.3246  0.3352  0.3402  1
  3:   0.3260  0.3352  0.3388  1
  4:   0.3148  0.3356  0.3496  1
  5:   0.3067  0.3363  0.3571  1
  6:   0.3498  0.3336  0.3166  1
  7:   0.3506  0.3318  0.3176  1
  8:   0.3569  0.3255  0.3177  1
  9:   0.3273  0.3371  0.3357  1
 10:   0.3337  0.3349  0.3315  1
 11:   0.3164  0.3370  0.3466  1
 12:   0.3679  0.3267  0.3055  1
 13:   0.3544  0.3294  0.3162  1
 14:   0.3427  0.3325  0.3249  1
 15:   0.3497  0.3309  0.3193  1
 16:   0.2903  0.3375  0.3723  1
 17:   0.3415  0.3335  0.3251  1
 18:   0.3319  0.3333  0.3347  1
 19:   0.3037  0.3369  0.3595  1
 20:   0.3389  0.3339  0.3273  1
 21:   0.2860  0.3350  0.3790  1
 22:   0.3490  0.3306  0.3204  1
 23:   0.3320  0.3332  0.3348  1
 24:   0.3479  0.3331  0.3191  1
 25:   0.3599  0.3269  0.3133  1
 26:   0.3332  0.3338  0.3330  1
 27:   0.3215  0.3375  0.3411  1
 28:   0.3470  0.3320  0.3210  1
 29:   0.3054  0.3376  0.3570  1
 30:   0.3554  0.3312  0.3134  1
 31:   0.3262  0.3336  0.3402  1
 32:   0.3473  0.3315  0.3213  1
 33:   0.3276  0.3352  0.3372  1
 34:   0.3187  0.3347  0.3465  1
 35:   0.3575  0.3281  0.3145  1
 36:   0.3285  0.3347  0.3369  1
 37:   0.3701  0.3249  0.3051  1
 38:   0.3672  0.3254  0.3074  1
 39:   0.2955  0.3359  0.3685  1
 40:   0.3045  0.3365  0.3591  1
 41:   0.3245  0.3343  0.3413  1
 42:   0.3214  0.3354  0.3432  1
 43:   0.3543  0.3285  0.3171  1
 44:   0.3067  0.3337  0.3595  1
 45:   0.3296  0.3352  0.3352  1
 46:   0.3108  0.3380  0.3512  1
 47:   0.3463  0.3335  0.3201  1
 48:   0.3113  0.3369  0.3519  1
 49:   0.3809  0.3221  0.2969  1
 50:   0.3294  0.3354  0.3352  1
 51:   0.3190  0.3362  0.3448  1
 52:   0.3399  0.3311  0.3289  1
 53:   0.3334  0.3326  0.3340  1
 54:   0.3421  0.3333  0.3247  1
 55:   0.2825  0.3373  0.3803  1
 56:   0.2999  0.3389  0.3611  1
 57:   0.3511  0.3293  0.3197  1
 58:   0.3283  0.3339  0.3377  1
 59:   0.3307  0.3343  0.3349  1
 60:   0.3580  0.3298  0.3122  1
 61:   0.3211  0.3387  0.3401  1
 62:   0.3366  0.3332  0.3302  1
 63:   0.2913  0.3401  0.3685  1
 64:   0.2983  0.3379  0.3637  1
 65:   0.3412  0.3322  0.3266  1
 66:   0.3377  0.3321  0.3303  1
 67:   0.3360  0.3314  0.3326  1
 68:   0.3442  0.3300  0.3258  1
 69:   0.3275  0.3333  0.3393  1
 70:   0.3308  0.3364  0.3328  1
 71:   0.3471  0.3335  0.3193  1
 72:   0.3102  0.3384  0.3514  1
 73:   0.3217  0.3363  0.3421  1
 74:   0.3606  0.3288  0.3106  1
 75:   0.3399  0.3317  0.3283  1
 76:   0.3611  0.3267  0.3123  1
 77:   0.3537  0.3289  0.3175  1
 78:   0.3129  0.3397  0.3473  1
 79:   0.3372  0.3340  0.3288  1
 80:   0.2963  0.3393  0.3645  1
 81:   0.3512  0.3306  0.3182  1
 82:   0.3441  0.3329  0.3231  1
 83:   0.3286  0.3334  0.3380  1
 84:   0.3405  0.3313  0.3281  1
 85:   0.3554  0.3272  0.3174  1
 86:   0.3266  0.3372  0.3362  1
 87:   0.2816  0.3374  0.3810  1
 88:   0.3460  0.3302  0.3238  1
 89:   0.3053  0.3381  0.3565  1
 90:   0.3175  0.3345  0.3479  1
 91:   0.3290  0.3370  0.3340  1
 92:   0.3380  0.3330  0.3290  1
 93:   0.3317  0.3337  0.3345  1
 94:   0.3633  0.3269  0.3099  1
 95:   0.3597  0.3291  0.3113  1
 96:   0.3320  0.3342  0.3338  1
 97:   0.2858  0.3402  0.3740  1
 98:   0.3457  0.3327  0.3217  1
 99:   0.3722  0.3248  0.3030  1
100:   0.3485  0.3283  0.3231  1
101:   0.3555  0.3269  0.3175  1
102:   0.3461  0.3329  0.3211  1
103:   0.3119  0.3395  0.3487  1
104:   0.3300  0.3364  0.3336  1
105:   0.3192  0.3354  0.3454  1
106:   0.3006  0.3394  0.3600  1
107:   0.3175  0.3323  0.3501  1
108:   0.3409  0.3283  0.3307  1
109:   0.3380  0.3344  0.3276  1
110:   0.3002  0.3358  0.3640  1
111:   0.3553  0.3301  0.3147  1
112:   0.3219  0.3363  0.3417  1
113:   0.3275  0.3351  0.3373  1
114:   0.3659  0.3283  0.3059  1
115:   0.3471  0.3325  0.3205  1
116:   0.3199  0.3353  0.3447  1
117:   0.3295  0.3343  0.3361  1
118:   0.3289  0.3361  0.3351  1
119:   0.3172  0.3394  0.3434  1
120:   0.3483  0.3295  0.3221  1
121:   0.3397  0.3335  0.3267  1
122:   0.3089  0.3369  0.3541  1
123:   0.3200  0.3386  0.3414  1
124:   0.3150  0.3350  0.3500  1
125:   0.3297  0.3349  0.3353  1
126:   0.3172  0.3384  0.3444  1
127:   0.3018  0.3358  0.3624  1
128:   0.3087  0.3393  0.3519  1
129:   0.3006  0.3366  0.3628  1
130:   0.3488  0.3312  0.3200  1
131:   0.3024  0.3360  0.3616  1
132:   0.3477  0.3317  0.3207  1
133:   0.3484  0.3312  0.3204  1
134:   0.3102  0.3386  0.3512  1
135:   0.3569  0.3277  0.3153  1
136:   0.3197  0.3343  0.3459  1
137:   0.3593  0.3277  0.3129  1
138:   0.3387  0.3327  0.3285  1
139:   0.3445  0.3305  0.3251  1
140:   0.3338  0.3302  0.3360  1
141:   0.3373  0.3359  0.3269  1
142:   0.3043  0.3359  0.3597  1
143:   0.3347  0.3321  0.3331  1
144:   0.3556  0.3312  0.3132  1
145:   0.3299  0.3323  0.3379  1
146:   0.3203  0.3357  0.3439  1
147:   0.3503  0.3295  0.3203  1
148:   0.3157  0.3335  0.3507  1
149:   0.3233  0.3381  0.3387  1
150:   0.3203  0.3365  0.3431  1
151:   0.3590  0.3274  0.3136  1
152:   0.3680  0.3258  0.3062  1
153:   0.3718  0.3236  0.3046  1
154:   0.3751  0.3247  0.3003  1
155:   0.3516  0.3302  0.3182  1
156:   0.3346  0.3360  0.3294  1
157:   0.3126  0.3362  0.3512  1
158:   0.3325  0.3329  0.3345  1
159:   0.3547  0.3297  0.3157  1
160:   0.3339  0.3349  0.3313  1
161:   0.3235  0.3343  0.3423  1
162:   0.3332  0.3332  0.3336  1
163:   0.3590  0.3254  0.3156  1
164:   0.3203  0.3313  0.3483  1
165:   0.3521  0.3319  0.3161  1
166:   0.3590  0.3280  0.3130  1
167:   0.3294  0.3376  0.3330  1
168:   0.3399  0.3309  0.3291  1
169:   0.3414  0.3308  0.3278  1
170:   0.3394  0.3324  0.3282  1
171:   0.3350  0.3352  0.3298  1
172:   0.3135  0.3385  0.3479  1
173:   0.3285  0.3359  0.3357  1
174:   0.3401  0.3305  0.3293  1
175:   0.3008  0.3370  0.3622  1
176:   0.3521  0.3295  0.3183  1
177:   0.3243  0.3345  0.3413  1
178:   0.3308  0.3332  0.3360  1
179:   0.3263  0.3351  0.3387  1
180:   0.3155  0.3371  0.3473  1
181:   0.3375  0.3351  0.3273  1
182:   0.3226  0.3372  0.3402  1
183:   0.3398  0.3326  0.3276  1
184:   0.2960  0.3380  0.3660  1
185:   0.3567  0.3297  0.3137  1
186:   0.3321  0.3353  0.3327  1
187:   0.3085  0.3383  0.3533  1
188:   0.3429  0.3305  0.3267  1
189:   0.3473  0.3317  0.3211  1
190:   0.3432  0.3322  0.3246  1
191:   0.3443  0.3329  0.3227  1
192:   0.3318  0.3348  0.3334  1
193:   0.3068  0.3386  0.3546  1
194:   0.3502  0.3302  0.3196  1
195:   0.3461  0.3319  0.3219  1
196:   0.3342  0.3322  0.3336  1
197:   0.3451  0.3301  0.3249  1
198:   0.3305  0.3357  0.3339  1
199:   0.3389  0.3351  0.3261  1
200:   0.3020  0.3352  0.3628  1
201:   0.3359  0.3345  0.3295  1
202:   0.3252  0.3366  0.3382  1
203:   0.3172  0.3366  0.3462  1
204:   0.3437  0.3315  0.3247  1
205:   0.3135  0.3357  0.3507  1
206:   0.3553  0.3281  0.3167  1
207:   0.2964  0.3402  0.3634  1
208:   0.3071  0.3371  0.3557  1
209:   0.3372  0.3324  0.3304  1
210:   0.3407  0.3353  0.3241  1
211:   0.3623  0.3287  0.3091  1
212:   0.3625  0.3261  0.3115  1
213:   0.3558  0.3284  0.3158  1
214:   0.3549  0.3299  0.3153  1
215:   0.3565  0.3279  0.3155  1
216:   0.3408  0.3340  0.3252  1
217:   0.3356  0.3344  0.3300  1
218:   0.3433  0.3283  0.3283  1
219:   0.3477  0.3285  0.3237  1
220:   0.3350  0.3314  0.3336  1
221:   0.3585  0.3277  0.3139  1
222:   0.3149  0.3401  0.3451  1
223:   0.3373  0.3311  0.3317  1
224:   0.3381  0.3337  0.3281  1
225:   0.3284  0.3350  0.3366  1
226:   0.3497  0.3309  0.3193  1
227:   0.3341  0.3329  0.3331  1
228:   0.3534  0.3270  0.3196  1
229:   0.2961  0.3387  0.3653  1
230:   0.3292  0.3340  0.3368  1
231:   0.3604  0.3264  0.3132  1
232:   0.3690  0.3254  0.3056  1
233:   0.3575  0.3265  0.3159  1
234:   0.3172  0.3380  0.3448  1
235:   0.3180  0.3376  0.3444  1
236:   0.3284  0.3354  0.3362  1
237:   0.3379  0.3335  0.3285  1
238:   0.3373  0.3341  0.3285  1
239:   0.3567  0.3279  0.3153  1
240:   0.3643  0.3263  0.3093  1
241:   0.3105  0.3375  0.3519  1
242:   0.3401  0.3313  0.3285  1
243:   0.3582  0.3294  0.3124  1
244:   0.3548  0.3298  0.3154  1
245:   0.3409  0.3319  0.3273  1
246:   0.3390  0.3338  0.3272  1
247:   0.3422  0.3316  0.3262  1
248:   0.3156  0.3392  0.3452  1
249:   0.3509  0.3315  0.3175  1
250:   0.3069  0.3397  0.3535  1
251:   0.3427  0.3355  0.3219  1
252:   0.3298  0.3344  0.3358  1
253:   0.3305  0.3341  0.3353  1
254:   0.3584  0.3265  0.3151  1
255:   0.3496  0.3296  0.3208  1
256:   0.3486  0.3306  0.3208  1
257:   0.3259  0.3359  0.3383  1
258:   0.3145  0.3373  0.3483  1
259:   0.3174  0.3342  0.3484  1
260:   0.3219  0.3349  0.3431  1
261:   0.3179  0.3347  0.3475  1
262:   0.3881  0.3195  0.2925  1
263:   0.3285  0.3319  0.3395  1
264:   0.3529  0.3313  0.3159  1
265:   0.3349  0.3339  0.3311  1
266:   0.3341  0.3323  0.3337  1
267:   0.3204  0.3352  0.3444  1
268:   0.3095  0.3375  0.3531  1
269:   0.3069  0.3359  0.3573  1
270:   0.3449  0.3305  0.3247  1
271:   0.3035  0.3379  0.3587  1
272:   0.3500  0.3320  0.3180  1
273:   0.3374  0.3336  0.3290  1
274:   0.3277  0.3343  0.3381  1
275:   0.3413  0.3317  0.3269  1
276:   0.2952  0.3408  0.3640  1
277:   0.3211  0.3353  0.3435  1
278:   0.3246  0.3354  0.3400  1
279:   0.3172  0.3336  0.3492  1
280:   0.3438  0.3312  0.3250  1
281:   0.3160  0.3370  0.3470  1
282:   0.3481  0.3295  0.3223  1
283:   0.3806  0.3214  0.2980  1
284:   0.3497  0.3321  0.3181  1
285:   0.3122  0.3362  0.3516  1
286:   0.3387  0.3325  0.3287  1
287:   0.3348  0.3316  0.3336  1
288:   0.3426  0.3334  0.3240  1
289:   0.3542  0.3316  0.3142  1
290:   0.3618  0.3272  0.3110  1
291:   0.3343  0.3341  0.3317  1
292:   0.3181  0.3357  0.3463  1
293:   0.3263  0.3383  0.3355  1
294:   0.2962  0.3378  0.3660  1
295:   0.3016  0.3350  0.3634  1
296:   0.3521  0.3305  0.3173  1
297:   0.3231  0.3345  0.3425  1
298:   0.3334  0.3326  0.3340  1
299:   0.3557  0.3287  0.3157  1
300:   0.3239  0.3357  0.3403  1
301:   0.3115  0.3367  0.3517  1
302:   0.3553  0.3279  0.3169  1
303:   0.3452  0.3312  0.3236  1
