 1:   0.0280  0.7333  0.0699  0.1688  1
 2:   0.0230  0.7080  0.2560  0.0130  1
 3:   0.0210  0.0310  0.9250  0.0230  1
 4:   0.0100  0.8250  0.0060  0.1590  1
 5:   0.1110  0.6770  0.2040  0.0080  1
 6:   0.1750  0.2280  0.5680  0.0290  1
 7:   0.9790  0.0090  0.0080  0.0040  1
 8:   0.0140  0.7380  0.0060  0.2420  1
 9:   0.0220  0.9219  0.0110  0.0450  1
10:   0.0969  0.8152  0.0679  0.0200  1
11:   0.0270  0.4635  0.0150  0.4945  1
12:   0.0190  0.0250  0.0140  0.9419  1
13:   0.1540  0.8160  0.0100  0.0200  1
14:   0.7270  0.0910  0.0100  0.1720  1
15:   0.9710  0.0140  0.0080  0.0070  1
16:   0.7928  0.0320  0.1712  0.0040  1
17:   0.8250  0.1350  0.0350  0.0050  1
18:   0.0580  0.8620  0.0710  0.0090  1
19:   0.0360  0.9020  0.0550  0.0070  1
20:   0.1440  0.8380  0.0110  0.0070  1
21:   0.1340  0.2030  0.0400  0.6230  1
22:   0.0030  0.0040  0.0030  0.9900  1
23:   0.0120  0.2670  0.0210  0.7000  1
24:   0.3410  0.0100  0.0050  0.6440  1
25:   0.0290  0.0420  0.0200  0.9089  1
26:   0.8312  0.1269  0.0360  0.0060  1
27:   0.0819  0.1858  0.0070  0.7253  1
28:   0.0140  0.2000  0.0150  0.7710  1
29:   0.0430  0.0620  0.0070  0.8880  1
30:   0.0570  0.2790  0.0110  0.6530  1
31:   0.0590  0.3350  0.0200  0.5860  1
32:   0.1670  0.8110  0.0150  0.0070  1
33:   0.2192  0.0470  0.0270  0.7067  1
34:   0.4390  0.5190  0.0300  0.0120  1
35:   0.0230  0.0170  0.0200  0.9399  1
36:   0.0629  0.0120  0.9201  0.0050  1
37:   0.0290  0.9369  0.0210  0.0130  1
38:   0.2940  0.6860  0.0150  0.0050  1
39:   0.0080  0.0150  0.0080  0.9690  1
40:   0.3690  0.0270  0.0160  0.5880  1
41:   0.0930  0.8830  0.0110  0.0130  1
42:   0.3150  0.0210  0.0050  0.6590  1
43:   0.0400  0.3440  0.0090  0.6070  1
44:   0.0911  0.1562  0.0160  0.7367  1
45:   0.0250  0.2860  0.0120  0.6770  1
46:   0.9450  0.0410  0.0080  0.0060  1
47:   0.2670  0.6520  0.0510  0.0300  1
48:   0.0050  0.0070  0.0070  0.9810  1
49:   0.1200  0.0890  0.7830  0.0080  1
50:   0.4380  0.0090  0.5460  0.0070  1
51:   0.0710  0.0220  0.9010  0.0060  1
52:   0.0651  0.8899  0.0200  0.0250  1
53:   0.1080  0.1150  0.7710  0.0060  1
54:   0.0070  0.0080  0.9740  0.0110  1
55:   0.0070  0.0160  0.9610  0.0160  1
56:   0.0100  0.0899  0.8841  0.0160  1
57:   0.0100  0.9450  0.0120  0.0330  1
58:   0.0390  0.0839  0.8691  0.0080  1
59:   0.0770  0.0400  0.0280  0.8550  1
60:   0.3560  0.0200  0.0120  0.6120  1
61:   0.0280  0.3820  0.0170  0.5730  1
62:   0.4480  0.3500  0.0830  0.1190  1
63:   0.0260  0.9361  0.0240  0.0140  1
64:   0.0250  0.0320  0.9380  0.0050  1
65:   0.0410  0.2510  0.6620  0.0460  1
66:   0.0180  0.0430  0.8680  0.0710  1
67:   0.4730  0.4420  0.0350  0.0500  1
68:   0.0110  0.0130  0.9620  0.0140  1
69:   0.2750  0.6960  0.0200  0.0090  1
70:   0.9430  0.0270  0.0200  0.0100  1
71:   0.0680  0.1040  0.5300  0.2980  1
72:   0.0080  0.9250  0.0050  0.0620  1
73:   0.0641  0.7668  0.0711  0.0981  1
74:   0.2088  0.7453  0.0080  0.0380  1
75:   0.1690  0.2540  0.0140  0.5630  1
76:   0.2620  0.6790  0.0530  0.0060  1
77:   0.2210  0.7320  0.0100  0.0370  1
78:   0.0310  0.8990  0.0080  0.0620  1
79:   0.3540  0.2180  0.3790  0.0490  1
80:   0.0340  0.7550  0.2060  0.0050  1
81:   0.0180  0.8700  0.0880  0.0240  1
82:   0.6460  0.3260  0.0140  0.0140  1
83:   0.0519  0.9081  0.0120  0.0280  1
84:   0.0170  0.9280  0.0120  0.0430  1
85:   0.0530  0.7540  0.0150  0.1780  1
86:   0.0090  0.8208  0.0140  0.1562  1
87:   0.9130  0.0640  0.0120  0.0110  1
88:   0.0190  0.8801  0.0599  0.0410  1

 1:   0.0320  0.7260  0.0650  0.1770  1
 2:   0.0210  0.7140  0.2520  0.0130  1
 3:   0.0200  0.0330  0.9241  0.0230  1
 4:   0.0080  0.8360  0.0060  0.1500  1
 5:   0.1069  0.6853  0.1998  0.0080  1
 6:   0.1490  0.2670  0.5580  0.0260  1
 7:   0.9790  0.0090  0.0080  0.0040  1
 8:   0.0140  0.7387  0.0060  0.2412  1
 9:   0.0210  0.9261  0.0100  0.0430  1
10:   0.0970  0.8220  0.0630  0.0180  1
11:   0.0230  0.4720  0.0130  0.4920  1
12:   0.0180  0.0240  0.0140  0.9440  1
13:   0.1300  0.8410  0.0100  0.0190  1
14:   0.7250  0.0890  0.0100  0.1760  1
15:   0.9720  0.0130  0.0070  0.0080  1
16:   0.7960  0.0270  0.1730  0.0040  1
17:   0.8010  0.1610  0.0340  0.0040  1
18:   0.0589  0.8611  0.0709  0.0090  1
19:   0.0360  0.9090  0.0490  0.0060  1
20:   0.1340  0.8490  0.0100  0.0070  1
21:   0.1230  0.2160  0.0410  0.6200  1
22:   0.0030  0.0030  0.0030  0.9910  1
23:   0.0120  0.2650  0.0210  0.7020  1
24:   0.3427  0.0090  0.0050  0.6434  1
25:   0.0250  0.0450  0.0200  0.9100  1
26:   0.8450  0.1090  0.0400  0.0060  1
27:   0.0711  0.2022  0.0060  0.7207  1
28:   0.0110  0.2010  0.0150  0.7730  1
29:   0.0450  0.0561  0.0070  0.8919  1
30:   0.0730  0.2530  0.0110  0.6630  1
31:   0.0500  0.3487  0.0170  0.5844  1
32:   0.1230  0.8550  0.0150  0.0070  1
33:   0.2250  0.0430  0.0270  0.7050  1
34:   0.4040  0.5520  0.0320  0.0120  1
35:   0.0220  0.0170  0.0190  0.9420  1
36:   0.0601  0.0120  0.9229  0.0050  1
37:   0.0260  0.9411  0.0210  0.0120  1
38:   0.2520  0.7290  0.0140  0.0050  1
39:   0.0070  0.0140  0.0080  0.9710  1
40:   0.3720  0.0270  0.0150  0.5860  1
41:   0.0980  0.8780  0.0120  0.0120  1
42:   0.3180  0.0200  0.0040  0.6580  1
43:   0.0300  0.3550  0.0080  0.6070  1
44:   0.0919  0.1508  0.0160  0.7413  1
45:   0.0220  0.2950  0.0110  0.6720  1
46:   0.9469  0.0400  0.0070  0.0060  1
47:   0.2000  0.7280  0.0450  0.0270  1
48:   0.0050  0.0070  0.0070  0.9810  1
49:   0.1330  0.0800  0.7790  0.0080  1
50:   0.4360  0.0090  0.5490  0.0060  1
51:   0.0711  0.0200  0.9039  0.0050  1
52:   0.0500  0.9061  0.0190  0.0250  1
53:   0.1070  0.1120  0.7750  0.0060  1
54:   0.0060  0.0080  0.9750  0.0110  1
55:   0.0070  0.0150  0.9620  0.0160  1
56:   0.0100  0.0810  0.8930  0.0160  1
57:   0.0090  0.9450  0.0130  0.0330  1
58:   0.0360  0.0840  0.8730  0.0070  1
59:   0.0810  0.0410  0.0260  0.8520  1
60:   0.3590  0.0200  0.0110  0.6100  1
61:   0.0310  0.3736  0.0180  0.5774  1
62:   0.4130  0.4090  0.0690  0.1090  1
63:   0.0270  0.9360  0.0240  0.0130  1
64:   0.0280  0.0320  0.9350  0.0050  1
65:   0.0360  0.2543  0.6657  0.0440  1
66:   0.0150  0.0420  0.8750  0.0680  1
67:   0.4790  0.4310  0.0350  0.0550  1
68:   0.0100  0.0130  0.9630  0.0140  1
69:   0.2168  0.7532  0.0210  0.0090  1
70:   0.9460  0.0230  0.0210  0.0100  1
71:   0.0661  0.1031  0.5325  0.2983  1
72:   0.0080  0.9271  0.0050  0.0599  1
73:   0.0600  0.7710  0.0720  0.0970  1
74:   0.1940  0.7630  0.0080  0.0350  1
75:   0.1349  0.2827  0.0150  0.5674  1
76:   0.2010  0.7430  0.0500  0.0060  1
77:   0.1698  0.7842  0.0100  0.0360  1
78:   0.0320  0.9030  0.0080  0.0570  1
79:   0.3367  0.2238  0.3876  0.0519  1
80:   0.0290  0.7650  0.2010  0.0050  1
81:   0.0190  0.8771  0.0809  0.0230  1
82:   0.6580  0.3140  0.0140  0.0140  1
83:   0.0470  0.9150  0.0110  0.0270  1
84:   0.0170  0.9300  0.0120  0.0410  1
85:   0.0430  0.7618  0.0150  0.1802  1
86:   0.0090  0.8240  0.0150  0.1520  1
87:   0.9070  0.0710  0.0110  0.0110  1
88:   0.0200  0.8839  0.0571  0.0390  1

 1:   0.0330  0.7370  0.0640  0.1660  1
 2:   0.0270  0.7160  0.2440  0.0130  1
 3:   0.0220  0.0330  0.9211  0.0240  1
 4:   0.0100  0.8302  0.0070  0.1528  1
 5:   0.1059  0.6953  0.1908  0.0080  1
 6:   0.1670  0.2530  0.5530  0.0270  1
 7:   0.9770  0.0100  0.0080  0.0050  1
 8:   0.0140  0.7457  0.0060  0.2342  1
 9:   0.0210  0.9250  0.0100  0.0440  1
10:   0.1029  0.8102  0.0679  0.0190  1
11:   0.0310  0.4635  0.0140  0.4915  1
12:   0.0210  0.0230  0.0150  0.9410  1
13:   0.2050  0.7650  0.0100  0.0200  1
14:   0.7220  0.0990  0.0110  0.1680  1
15:   0.9690  0.0150  0.0080  0.0080  1
16:   0.7948  0.0320  0.1692  0.0040  1
17:   0.8358  0.1271  0.0330  0.0040  1
18:   0.0559  0.8631  0.0719  0.0090  1
19:   0.0420  0.9001  0.0509  0.0070  1
20:   0.1560  0.8270  0.0100  0.0070  1
21:   0.1350  0.2060  0.0380  0.6210  1
22:   0.0030  0.0030  0.0030  0.9910  1
23:   0.0120  0.2723  0.0190  0.6967  1
24:   0.3423  0.0090  0.0050  0.6436  1
25:   0.0290  0.0440  0.0210  0.9061  1
26:   0.8680  0.0920  0.0350  0.0050  1
27:   0.0730  0.2000  0.0060  0.7210  1
28:   0.0160  0.1988  0.0150  0.7702  1
29:   0.0500  0.0590  0.0070  0.8840  1
30:   0.0690  0.2660  0.0110  0.6540  1
31:   0.0670  0.3250  0.0190  0.5890  1
32:   0.2020  0.7770  0.0140  0.0070  1
33:   0.2230  0.0420  0.0290  0.7060  1
34:   0.5040  0.4540  0.0300  0.0120  1
35:   0.0220  0.0190  0.0200  0.9390  1
36:   0.0631  0.0130  0.9189  0.0050  1
37:   0.0360  0.9310  0.0210  0.0120  1
38:   0.3270  0.6540  0.0140  0.0050  1
39:   0.0080  0.0160  0.0080  0.9680  1
40:   0.3676  0.0300  0.0160  0.5864  1
41:   0.1120  0.8640  0.0120  0.0120  1
42:   0.3030  0.0300  0.0050  0.6620  1
43:   0.0410  0.3460  0.0080  0.6050  1
44:   0.0989  0.1528  0.0160  0.7323  1
45:   0.0240  0.2880  0.0120  0.6760  1
46:   0.9430  0.0430  0.0080  0.0060  1
47:   0.3290  0.5960  0.0450  0.0300  1
48:   0.0050  0.0070  0.0070  0.9810  1
49:   0.1281  0.0851  0.7788  0.0080  1
50:   0.4360  0.0100  0.5470  0.0070  1
51:   0.0770  0.0210  0.8970  0.0050  1
52:   0.0650  0.8900  0.0190  0.0260  1
53:   0.1210  0.1060  0.7670  0.0060  1
54:   0.0070  0.0080  0.9740  0.0110  1
55:   0.0070  0.0160  0.9600  0.0170  1
56:   0.0090  0.0910  0.8850  0.0150  1
57:   0.0100  0.9469  0.0130  0.0300  1
58:   0.0410  0.0849  0.8661  0.0080  1
59:   0.0860  0.0400  0.0270  0.8470  1
60:   0.3530  0.0230  0.0120  0.6120  1
61:   0.0350  0.3750  0.0170  0.5730  1
62:   0.4100  0.4070  0.0730  0.1100  1
63:   0.0250  0.9369  0.0250  0.0130  1
64:   0.0280  0.0310  0.9360  0.0050  1
65:   0.0430  0.2550  0.6570  0.0450  1
66:   0.0190  0.0450  0.8659  0.0701  1
67:   0.4560  0.4610  0.0340  0.0490  1
68:   0.0110  0.0140  0.9600  0.0150  1
69:   0.3340  0.6370  0.0200  0.0090  1
70:   0.9480  0.0220  0.0200  0.0100  1
71:   0.0771  0.1071  0.5215  0.2943  1
72:   0.0090  0.9250  0.0050  0.0610  1
73:   0.0870  0.7370  0.0730  0.1030  1
74:   0.1740  0.7840  0.0080  0.0340  1
75:   0.1928  0.2378  0.0130  0.5564  1
76:   0.3287  0.6164  0.0480  0.0070  1
77:   0.2750  0.6800  0.0090  0.0360  1
78:   0.0280  0.9050  0.0080  0.0590  1
79:   0.3856  0.1868  0.3766  0.0509  1
80:   0.0320  0.7568  0.2062  0.0050  1
81:   0.0180  0.8750  0.0850  0.0220  1
82:   0.6533  0.3177  0.0150  0.0140  1
83:   0.0570  0.9030  0.0120  0.0280  1
84:   0.0170  0.9260  0.0130  0.0440  1
85:   0.0680  0.7310  0.0160  0.1850  1
86:   0.0090  0.8268  0.0140  0.1502  1
87:   0.9050  0.0720  0.0120  0.0110  1
88:   0.0210  0.8821  0.0579  0.0390  1

 1:   0.0290  0.7340  0.0660  0.1710  1
 2:   0.0230  0.7070  0.2570  0.0130  1
 3:   0.0210  0.0290  0.9269  0.0230  1
 4:   0.0100  0.8360  0.0060  0.1480  1
 5:   0.1241  0.6677  0.2002  0.0080  1
 6:   0.1700  0.2400  0.5620  0.0280  1
 7:   0.9800  0.0090  0.0070  0.0040  1
 8:   0.0150  0.7393  0.0060  0.2398  1
 9:   0.0200  0.9230  0.0100  0.0470  1
10:   0.0931  0.8278  0.0611  0.0180  1
11:   0.0270  0.4710  0.0130  0.4890  1
12:   0.0180  0.0240  0.0140  0.9441  1
13:   0.1610  0.8090  0.0100  0.0200  1
14:   0.7250  0.0970  0.0110  0.1670  1
15:   0.9710  0.0130  0.0080  0.0080  1
16:   0.8010  0.0280  0.1670  0.0040  1
17:   0.8190  0.1430  0.0330  0.0050  1
18:   0.0620  0.8530  0.0760  0.0090  1
19:   0.0390  0.9011  0.0529  0.0070  1
20:   0.1370  0.8460  0.0100  0.0070  1
21:   0.1250  0.2150  0.0390  0.6210  1
22:   0.0030  0.0030  0.0030  0.9910  1
23:   0.0130  0.2687  0.0200  0.6983  1
24:   0.3410  0.0100  0.0050  0.6440  1
25:   0.0270  0.0450  0.0200  0.9080  1
26:   0.8520  0.1060  0.0370  0.0050  1
27:   0.0530  0.2290  0.0060  0.7120  1
28:   0.0120  0.1960  0.0160  0.7760  1
29:   0.0420  0.0570  0.0070  0.8940  1
30:   0.0631  0.2733  0.0100  0.6537  1
31:   0.0630  0.3350  0.0170  0.5850  1
32:   0.1628  0.8152  0.0150  0.0070  1
33:   0.2250  0.0390  0.0270  0.7090  1
34:   0.4370  0.5180  0.0330  0.0120  1
35:   0.0220  0.0180  0.0190  0.9411  1
36:   0.0620  0.0130  0.9200  0.0050  1
37:   0.0280  0.9381  0.0220  0.0120  1
38:   0.2897  0.6903  0.0150  0.0050  1
39:   0.0070  0.0140  0.0080  0.9710  1
40:   0.3694  0.0270  0.0150  0.5886  1
41:   0.1110  0.8660  0.0110  0.0120  1
42:   0.3113  0.0250  0.0040  0.6597  1
43:   0.0340  0.3510  0.0080  0.6070  1
44:   0.0910  0.1490  0.0170  0.7430  1
45:   0.0250  0.2893  0.0110  0.6747  1
46:   0.9389  0.0470  0.0080  0.0060  1
47:   0.2530  0.6740  0.0460  0.0270  1
48:   0.0050  0.0060  0.0070  0.9820  1
49:   0.1300  0.0810  0.7810  0.0080  1
50:   0.4370  0.0090  0.5480  0.0060  1
51:   0.0710  0.0220  0.9020  0.0050  1
52:   0.0610  0.8940  0.0190  0.0260  1
53:   0.1180  0.1070  0.7690  0.0060  1
54:   0.0070  0.0080  0.9750  0.0100  1
55:   0.0070  0.0150  0.9620  0.0160  1
56:   0.0100  0.0859  0.8891  0.0150  1
57:   0.0100  0.9470  0.0130  0.0300  1
58:   0.0370  0.0870  0.8690  0.0070  1
59:   0.0770  0.0380  0.0270  0.8580  1
60:   0.3580  0.0180  0.0110  0.6130  1
61:   0.0320  0.3730  0.0180  0.5770  1
62:   0.4080  0.4190  0.0660  0.1070  1
63:   0.0300  0.9330  0.0240  0.0130  1
64:   0.0260  0.0310  0.9380  0.0050  1
65:   0.0380  0.2580  0.6600  0.0440  1
66:   0.0180  0.0440  0.8700  0.0680  1
67:   0.4685  0.4436  0.0360  0.0519  1
68:   0.0100  0.0130  0.9630  0.0140  1
69:   0.2740  0.6970  0.0210  0.0080  1
70:   0.9480  0.0220  0.0200  0.0100  1
71:   0.0720  0.1090  0.5230  0.2960  1
72:   0.0090  0.9251  0.0050  0.0609  1
73:   0.0730  0.7610  0.0700  0.0960  1
74:   0.1768  0.7822  0.0080  0.0330  1
75:   0.1570  0.2620  0.0140  0.5670  1
76:   0.2480  0.6970  0.0480  0.0070  1
77:   0.2242  0.7317  0.0090  0.0350  1
78:   0.0320  0.8990  0.0080  0.0610  1
79:   0.3630  0.1990  0.3850  0.0530  1
80:   0.0330  0.7650  0.1970  0.0050  1
81:   0.0170  0.8780  0.0810  0.0240  1
82:   0.6610  0.3110  0.0140  0.0140  1
83:   0.0520  0.9080  0.0120  0.0280  1
84:   0.0160  0.9310  0.0130  0.0400  1
85:   0.0650  0.7350  0.0170  0.1830  1
86:   0.0100  0.8260  0.0140  0.1500  1
87:   0.9019  0.0761  0.0110  0.0110  1
88:   0.0200  0.8860  0.0550  0.0390  1

 1:   0.0340  0.7303  0.0639  0.1718  1
 2:   0.0190  0.7113  0.2567  0.0130  1
 3:   0.0150  0.0330  0.9300  0.0220  1
 4:   0.0070  0.8310  0.0060  0.1560  1
 5:   0.0921  0.7057  0.1952  0.0070  1
 6:   0.1538  0.2517  0.5634  0.0310  1
 7:   0.9810  0.0080  0.0070  0.0040  1
 8:   0.0150  0.7290  0.0060  0.2500  1
 9:   0.0200  0.9260  0.0100  0.0440  1
10:   0.0891  0.8318  0.0611  0.0180  1
11:   0.0250  0.4585  0.0140  0.5025  1
12:   0.0160  0.0240  0.0140  0.9460  1
13:   0.0200  0.9520  0.0100  0.0180  1
14:   0.7390  0.0700  0.0100  0.1810  1
15:   0.9750  0.0110  0.0070  0.0070  1
16:   0.8100  0.0230  0.1630  0.0040  1
17:   0.7910  0.1680  0.0360  0.0050  1
18:   0.0670  0.8520  0.0720  0.0090  1
19:   0.0330  0.9100  0.0500  0.0070  1
20:   0.1180  0.8660  0.0100  0.0060  1
21:   0.1150  0.2240  0.0410  0.6200  1
22:   0.0030  0.0030  0.0030  0.9910  1
23:   0.0120  0.2620  0.0220  0.7040  1
24:   0.3400  0.0090  0.0050  0.6460  1
25:   0.0210  0.0450  0.0210  0.9130  1
26:   0.8090  0.1430  0.0420  0.0060  1
27:   0.0771  0.1922  0.0060  0.7247  1
28:   0.0080  0.2040  0.0150  0.7730  1
29:   0.0390  0.0580  0.0070  0.8960  1
30:   0.0680  0.2600  0.0110  0.6610  1
31:   0.0450  0.3506  0.0180  0.5864  1
32:   0.0330  0.9470  0.0140  0.0060  1
33:   0.2282  0.0390  0.0260  0.7067  1
34:   0.2980  0.6590  0.0320  0.0110  1
35:   0.0190  0.0170  0.0190  0.9449  1
36:   0.0631  0.0110  0.9209  0.0050  1
37:   0.0220  0.9460  0.0200  0.0120  1
38:   0.1910  0.7900  0.0140  0.0050  1
39:   0.0070  0.0140  0.0080  0.9710  1
40:   0.3726  0.0220  0.0150  0.5904  1
41:   0.0839  0.8931  0.0110  0.0120  1
42:   0.3320  0.0140  0.0040  0.6500  1
43:   0.0250  0.3604  0.0080  0.6066  1
44:   0.0870  0.1560  0.0170  0.7400  1
45:   0.0210  0.2950  0.0110  0.6730  1
46:   0.9470  0.0400  0.0070  0.0060  1
47:   0.0580  0.8720  0.0470  0.0230  1
48:   0.0050  0.0070  0.0060  0.9820  1
49:   0.1450  0.0690  0.7780  0.0080  1
50:   0.4400  0.0080  0.5450  0.0070  1
51:   0.0689  0.0230  0.9031  0.0050  1
52:   0.0360  0.9191  0.0190  0.0260  1
53:   0.0860  0.1280  0.7800  0.0060  1
54:   0.0060  0.0070  0.9770  0.0100  1
55:   0.0060  0.0150  0.9630  0.0160  1
56:   0.0090  0.0830  0.8930  0.0150  1
57:   0.0090  0.9429  0.0130  0.0350  1
58:   0.0320  0.0889  0.8711  0.0080  1
59:   0.0811  0.0380  0.0250  0.8559  1
60:   0.3696  0.0170  0.0110  0.6024  1
61:   0.0260  0.3810  0.0180  0.5750  1
62:   0.4720  0.3340  0.0780  0.1160  1
63:   0.0300  0.9330  0.0240  0.0130  1
64:   0.0300  0.0280  0.9379  0.0040  1
65:   0.0340  0.2587  0.6633  0.0440  1
66:   0.0140  0.0460  0.8729  0.0671  1
67:   0.5130  0.3930  0.0370  0.0570  1
68:   0.0090  0.0130  0.9640  0.0140  1
69:   0.1160  0.8560  0.0190  0.0090  1
70:   0.9420  0.0270  0.0210  0.0100  1
71:   0.0650  0.0940  0.5370  0.3040  1
72:   0.0070  0.9300  0.0050  0.0580  1
73:   0.0440  0.8012  0.0649  0.0899  1
74:   0.2400  0.7110  0.0080  0.0410  1
75:   0.0680  0.3440  0.0160  0.5720  1
76:   0.0630  0.8850  0.0460  0.0060  1
77:   0.0611  0.8969  0.0090  0.0330  1
78:   0.0370  0.8950  0.0080  0.0600  1
79:   0.2627  0.2957  0.3906  0.0509  1
80:   0.0250  0.7720  0.1980  0.0050  1
81:   0.0170  0.8780  0.0820  0.0230  1
82:   0.6400  0.3320  0.0150  0.0130  1
83:   0.0420  0.9201  0.0110  0.0270  1
84:   0.0160  0.9310  0.0120  0.0410  1
85:   0.0330  0.7740  0.0150  0.1780  1
86:   0.0090  0.8160  0.0140  0.1610  1
87:   0.9130  0.0660  0.0100  0.0110  1
88:   0.0200  0.8809  0.0591  0.0400  1

