1:    0.070 0.169 0.028 0.734 1    
2:    0.256 0.013 0.023 0.708 1    
3:    0.925 0.023 0.021 0.031 1    
4:    0.006 0.159 0.010 0.825 1    
5:    0.204 0.008 0.111 0.677 1    
6:    0.568 0.029 0.175 0.228 1    
7:    0.008 0.004 0.979 0.009 1    
8:    0.006 0.242 0.014 0.738 1    
9:    0.011 0.045 0.022 0.921 1    
10:   0.068 0.020 0.097 0.816 1    
11:   0.015 0.494 0.027 0.463 1    
12:   0.014 0.941 0.019 0.025 1    
13:   0.010 0.020 0.154 0.816 1    
14:   0.010 0.172 0.727 0.091 1    
15:   0.008 0.007 0.971 0.014 1    
16:   0.171 0.004 0.792 0.032 1    
17:   0.035 0.005 0.825 0.135 1    
18:   0.071 0.009 0.058 0.862 1    
19:   0.055 0.007 0.036 0.902 1    
20:   0.011 0.007 0.144 0.838 1    
21:   0.040 0.623 0.134 0.203 1    
22:   0.003 0.990 0.003 0.004 1    
23:   0.021 0.700 0.012 0.267 1    
24:   0.005 0.644 0.341 0.010 1    
25:   0.020 0.908 0.029 0.042 1    
26:   0.036 0.006 0.832 0.127 1    
27:   0.007 0.726 0.082 0.186 1    
28:   0.015 0.771 0.014 0.200 1    
29:   0.007 0.888 0.043 0.062 1    
30:   0.011 0.653 0.057 0.279 1    
31:   0.020 0.586 0.059 0.335 1    
32:   0.015 0.007 0.167 0.811 1    
33:   0.027 0.706 0.219 0.047 1    
34:   0.030 0.012 0.439 0.519 1    
35:   0.020 0.939 0.023 0.017 1    
36:   0.921 0.005 0.063 0.012 1    
37:   0.021 0.013 0.029 0.936 1    
38:   0.015 0.005 0.294 0.686 1    
39:   0.008 0.968 0.008 0.015 1    
40:   0.016 0.588 0.369 0.027 1    
41:   0.011 0.013 0.093 0.883 1    
42:   0.005 0.659 0.315 0.021 1    
43:   0.009 0.607 0.040 0.344 1    
44:   0.016 0.736 0.091 0.156 1    
45:   0.012 0.677 0.025 0.286 1    
46:   0.008 0.006 0.945 0.041 1    
47:   0.051 0.030 0.267 0.652 1    
48:   0.007 0.981 0.005 0.007 1    
49:   0.783 0.008 0.120 0.089 1    
50:   0.546 0.007 0.438 0.009 1    
51:   0.901 0.006 0.071 0.022 1    
52:   0.020 0.025 0.065 0.889 1    
53:   0.771 0.006 0.108 0.115 1    
54:   0.974 0.011 0.007 0.008 1    
55:   0.960 0.016 0.007 0.016 1    
56:   0.885 0.016 0.010 0.090 1    
57:   0.012 0.033 0.010 0.945 1    
58:   0.870 0.008 0.039 0.084 1    
59:   0.028 0.855 0.077 0.040 1    
60:   0.012 0.612 0.356 0.020 1    
61:   0.017 0.573 0.028 0.382 1    
62:   0.083 0.119 0.448 0.350 1    
63:   0.024 0.014 0.026 0.937 1    
64:   0.938 0.005 0.025 0.032 1    
65:   0.662 0.046 0.041 0.251 1    
66:   0.868 0.071 0.018 0.043 1    
67:   0.035 0.050 0.473 0.442 1    
68:   0.962 0.014 0.011 0.013 1    
69:   0.020 0.009 0.275 0.696 1    
70:   0.020 0.010 0.943 0.027 1    
71:   0.530 0.298 0.068 0.104 1    
72:   0.005 0.062 0.008 0.925 1    
73:   0.071 0.098 0.064 0.766 1    
74:   0.008 0.038 0.209 0.746 1    
75:   0.014 0.563 0.169 0.254 1    
76:   0.053 0.006 0.262 0.679 1    
77:   0.010 0.037 0.221 0.732 1    
78:   0.008 0.062 0.031 0.899 1    
79:   0.379 0.049 0.354 0.218 1    
80:   0.206 0.005 0.034 0.755 1    
81:   0.088 0.024 0.018 0.870 1    
82:   0.014 0.014 0.646 0.326 1    
83:   0.012 0.028 0.052 0.909 1    
84:   0.012 0.043 0.017 0.928 1    
85:   0.015 0.178 0.053 0.754 1    
86:   0.014 0.156 0.009 0.820 1    
87:   0.012 0.011 0.913 0.064 1    
88:   0.060 0.041 0.019 0.881 1    
                 
                 
1:    0.177 0.032 0.726 0.065 1    
2:    0.013 0.021 0.714 0.252 1    
3:    0.023 0.020 0.033 0.925 1    
4:    0.150 0.008 0.836 0.006 1    
5:    0.008 0.107 0.686 0.200 1    
6:    0.026 0.149 0.267 0.558 1    
7:    0.004 0.979 0.009 0.008 1    
8:    0.241 0.014 0.738 0.006 1    
9:    0.043 0.021 0.927 0.010 1    
10:   0.018 0.097 0.822 0.063 1    
11:   0.492 0.023 0.472 0.013 1    
12:   0.944 0.018 0.024 0.014 1    
13:   0.019 0.130 0.841 0.010 1    
14:   0.176 0.725 0.089 0.010 1    
15:   0.008 0.972 0.013 0.007 1    
16:   0.004 0.796 0.027 0.173 1    
17:   0.004 0.801 0.161 0.034 1    
18:   0.009 0.059 0.862 0.071 1    
19:   0.006 0.036 0.909 0.049 1    
20:   0.007 0.134 0.849 0.010 1    
21:   0.620 0.123 0.216 0.041 1    
22:   0.991 0.003 0.003 0.003 1    
23:   0.702 0.012 0.265 0.021 1    
24:   0.644 0.343 0.009 0.005 1    
25:   0.910 0.025 0.045 0.020 1    
26:   0.006 0.845 0.109 0.040 1    
27:   0.720 0.071 0.202 0.006 1    
28:   0.773 0.011 0.201 0.015 1    
29:   0.891 0.045 0.056 0.007 1    
30:   0.663 0.073 0.253 0.011 1    
31:   0.585 0.050 0.349 0.017 1    
32:   0.007 0.123 0.855 0.015 1    
33:   0.705 0.225 0.043 0.027 1    
34:   0.012 0.404 0.552 0.032 1    
35:   0.942 0.022 0.017 0.019 1    
36:   0.005 0.060 0.012 0.922 1    
37:   0.012 0.026 0.942 0.021 1    
38:   0.005 0.252 0.729 0.014 1    
39:   0.971 0.007 0.014 0.008 1    
40:   0.586 0.372 0.027 0.015 1    
41:   0.012 0.098 0.878 0.012 1    
42:   0.658 0.318 0.020 0.004 1    
43:   0.607 0.030 0.355 0.008 1    
44:   0.742 0.092 0.151 0.016 1    
45:   0.672 0.022 0.295 0.011 1    
46:   0.006 0.946 0.040 0.007 1    
47:   0.027 0.200 0.728 0.045 1    
48:   0.982 0.005 0.007 0.007 1    
49:   0.008 0.133 0.080 0.779 1    
50:   0.006 0.436 0.009 0.549 1    
51:   0.005 0.071 0.020 0.903 1    
52:   0.025 0.050 0.907 0.019 1    
53:   0.006 0.107 0.112 0.775 1    
54:   0.011 0.006 0.008 0.975 1    
55:   0.016 0.007 0.015 0.963 1    
56:   0.016 0.010 0.081 0.893 1    
57:   0.033 0.009 0.945 0.013 1    
58:   0.007 0.036 0.084 0.873 1    
59:   0.852 0.081 0.041 0.026 1    
60:   0.610 0.359 0.020 0.011 1    
61:   0.578 0.031 0.374 0.018 1    
62:   0.109 0.413 0.409 0.069 1    
63:   0.013 0.027 0.936 0.024 1    
64:   0.005 0.028 0.032 0.935 1    
65:   0.044 0.036 0.254 0.665 1    
66:   0.068 0.015 0.042 0.875 1    
67:   0.055 0.479 0.431 0.035 1    
68:   0.014 0.010 0.013 0.963 1    
69:   0.009 0.217 0.754 0.021 1    
70:   0.010 0.946 0.023 0.021 1    
71:   0.298 0.066 0.103 0.532 1    
72:   0.060 0.008 0.928 0.005 1    
73:   0.097 0.060 0.771 0.072 1    
74:   0.035 0.194 0.763 0.008 1    
75:   0.568 0.135 0.283 0.015 1    
76:   0.006 0.201 0.743 0.050 1    
77:   0.036 0.170 0.785 0.010 1    
78:   0.057 0.032 0.903 0.008 1    
79:   0.052 0.337 0.224 0.388 1    
80:   0.005 0.029 0.765 0.201 1    
81:   0.023 0.019 0.878 0.081 1    
82:   0.014 0.658 0.314 0.014 1    
83:   0.027 0.047 0.915 0.011 1    
84:   0.041 0.017 0.930 0.012 1    
85:   0.180 0.043 0.761 0.015 1    
86:   0.152 0.009 0.824 0.015 1    
87:   0.011 0.907 0.071 0.011 1    
88:   0.039 0.020 0.883 0.057 1    
                 
                 
1:    0.737 0.033 0.064 0.166 1    
2:    0.716 0.027 0.244 0.013 1    
3:    0.033 0.022 0.922 0.024 1    
4:    0.831 0.010 0.007 0.153 1    
5:    0.696 0.106 0.191 0.008 1    
6:    0.253 0.167 0.553 0.027 1    
7:    0.010 0.977 0.008 0.005 1    
8:    0.745 0.014 0.006 0.234 1    
9:    0.925 0.021 0.010 0.044 1    
10:   0.811 0.103 0.068 0.019 1    
11:   0.464 0.031 0.014 0.492 1    
12:   0.023 0.021 0.015 0.941 1    
13:   0.765 0.205 0.010 0.020 1    
14:   0.099 0.722 0.011 0.168 1    
15:   0.015 0.970 0.008 0.008 1    
16:   0.032 0.794 0.169 0.004 1    
17:   0.127 0.835 0.033 0.004 1    
18:   0.864 0.056 0.072 0.009 1    
19:   0.901 0.042 0.051 0.007 1    
20:   0.827 0.156 0.010 0.007 1    
21:   0.206 0.135 0.038 0.621 1    
22:   0.003 0.003 0.003 0.990 1    
23:   0.272 0.012 0.019 0.696 1    
24:   0.009 0.342 0.005 0.643 1    
25:   0.044 0.029 0.021 0.907 1    
26:   0.092 0.868 0.035 0.005 1    
27:   0.200 0.073 0.006 0.721 1    
28:   0.199 0.016 0.015 0.771 1    
29:   0.059 0.050 0.007 0.884 1    
30:   0.266 0.069 0.011 0.654 1    
31:   0.325 0.067 0.019 0.589 1    
32:   0.777 0.202 0.014 0.007 1    
33:   0.042 0.223 0.029 0.706 1    
34:   0.454 0.504 0.030 0.012 1    
35:   0.019 0.022 0.020 0.939 1    
36:   0.013 0.063 0.918 0.005 1    
37:   0.931 0.036 0.021 0.012 1    
38:   0.654 0.327 0.014 0.005 1    
39:   0.016 0.008 0.008 0.968 1    
40:   0.030 0.368 0.016 0.587 1    
41:   0.864 0.112 0.012 0.012 1    
42:   0.030 0.303 0.005 0.662 1    
43:   0.346 0.041 0.008 0.605 1    
44:   0.153 0.099 0.016 0.733 1    
45:   0.288 0.024 0.012 0.676 1    
46:   0.043 0.943 0.008 0.006 1    
47:   0.596 0.329 0.045 0.030 1    
48:   0.007 0.005 0.007 0.981 1    
49:   0.085 0.128 0.778 0.008 1    
50:   0.010 0.436 0.547 0.007 1    
51:   0.021 0.077 0.897 0.005 1    
52:   0.890 0.065 0.019 0.026 1    
53:   0.106 0.121 0.767 0.006 1    
54:   0.008 0.007 0.974 0.011 1    
55:   0.016 0.007 0.960 0.017 1    
56:   0.091 0.009 0.885 0.015 1    
57:   0.946 0.010 0.013 0.030 1    
58:   0.085 0.041 0.867 0.008 1    
59:   0.040 0.086 0.027 0.847 1    
60:   0.023 0.353 0.012 0.612 1    
61:   0.375 0.035 0.017 0.573 1    
62:   0.407 0.410 0.073 0.110 1    
63:   0.936 0.025 0.025 0.013 1    
64:   0.031 0.028 0.936 0.005 1    
65:   0.255 0.043 0.657 0.045 1    
66:   0.045 0.019 0.865 0.070 1    
67:   0.461 0.456 0.034 0.049 1    
68:   0.014 0.011 0.961 0.015 1    
69:   0.637 0.334 0.020 0.009 1    
70:   0.022 0.948 0.020 0.010 1    
71:   0.107 0.077 0.521 0.294 1    
72:   0.925 0.009 0.005 0.061 1    
73:   0.737 0.087 0.073 0.103 1    
74:   0.784 0.174 0.008 0.034 1    
75:   0.238 0.193 0.013 0.557 1    
76:   0.617 0.329 0.048 0.007 1    
77:   0.680 0.275 0.009 0.036 1    
78:   0.905 0.028 0.008 0.059 1    
79:   0.187 0.386 0.377 0.051 1    
80:   0.756 0.032 0.206 0.005 1    
81:   0.875 0.018 0.085 0.022 1    
82:   0.318 0.654 0.015 0.014 1    
83:   0.903 0.057 0.012 0.028 1    
84:   0.926 0.017 0.013 0.044 1    
85:   0.731 0.068 0.016 0.185 1    
86:   0.826 0.009 0.014 0.150 1    
87:   0.072 0.905 0.012 0.011 1    
88:   0.883 0.021 0.058 0.039 1    
                 
                 
1:    0.029 0.734 0.066 0.171 1    
2:    0.023 0.707 0.257 0.013 1    
3:    0.021 0.029 0.926 0.023 1    
4:    0.010 0.836 0.006 0.148 1    
5:    0.124 0.667 0.200 0.008 1    
6:    0.170 0.240 0.562 0.028 1    
7:    0.980 0.009 0.007 0.004 1    
8:    0.015 0.740 0.006 0.240 1    
9:    0.020 0.923 0.010 0.047 1    
10:   0.093 0.827 0.061 0.018 1    
11:   0.027 0.471 0.013 0.489 1    
12:   0.018 0.024 0.014 0.945 1    
13:   0.161 0.809 0.010 0.020 1    
14:   0.725 0.097 0.011 0.167 1    
15:   0.972 0.013 0.008 0.008 1    
16:   0.801 0.028 0.167 0.004 1    
17:   0.819 0.143 0.033 0.005 1    
18:   0.062 0.853 0.076 0.009 1    
19:   0.039 0.902 0.053 0.007 1    
20:   0.137 0.846 0.010 0.007 1    
21:   0.125 0.215 0.039 0.621 1    
22:   0.003 0.003 0.003 0.990 1    
23:   0.013 0.269 0.020 0.699 1    
24:   0.341 0.010 0.005 0.644 1    
25:   0.027 0.045 0.020 0.908 1    
26:   0.852 0.106 0.037 0.005 1    
27:   0.053 0.229 0.006 0.712 1    
28:   0.012 0.196 0.016 0.776 1    
29:   0.042 0.057 0.007 0.894 1    
30:   0.063 0.273 0.010 0.653 1    
31:   0.063 0.335 0.017 0.585 1    
32:   0.163 0.816 0.015 0.007 1    
33:   0.225 0.039 0.027 0.709 1    
34:   0.437 0.518 0.033 0.012 1    
35:   0.022 0.018 0.019 0.942 1    
36:   0.062 0.013 0.920 0.005 1    
37:   0.028 0.939 0.022 0.012 1    
38:   0.290 0.691 0.015 0.005 1    
39:   0.007 0.014 0.008 0.971 1    
40:   0.369 0.027 0.015 0.588 1    
41:   0.111 0.866 0.011 0.012 1    
42:   0.311 0.025 0.004 0.659 1    
43:   0.034 0.351 0.008 0.607 1    
44:   0.091 0.149 0.017 0.743 1    
45:   0.025 0.289 0.011 0.674 1    
46:   0.938 0.047 0.008 0.006 1    
47:   0.253 0.674 0.046 0.027 1    
48:   0.005 0.006 0.007 0.982 1    
49:   0.130 0.081 0.781 0.008 1    
50:   0.437 0.009 0.548 0.006 1    
51:   0.071 0.022 0.902 0.005 1    
52:   0.061 0.894 0.019 0.026 1    
53:   0.118 0.107 0.769 0.006 1    
54:   0.007 0.008 0.975 0.010 1    
55:   0.007 0.015 0.961 0.016 1    
56:   0.010 0.086 0.890 0.015 1    
57:   0.010 0.947 0.013 0.030 1    
58:   0.037 0.087 0.869 0.007 1    
59:   0.077 0.038 0.027 0.858 1    
60:   0.358 0.018 0.011 0.613 1    
61:   0.032 0.373 0.018 0.577 1    
62:   0.408 0.419 0.066 0.107 1    
63:   0.030 0.933 0.024 0.013 1    
64:   0.026 0.031 0.938 0.005 1    
65:   0.038 0.258 0.660 0.044 1    
66:   0.018 0.044 0.870 0.068 1    
67:   0.469 0.444 0.036 0.052 1    
68:   0.010 0.013 0.963 0.014 1    
69:   0.274 0.697 0.021 0.008 1    
70:   0.948 0.022 0.020 0.010 1    
71:   0.072 0.109 0.523 0.296 1    
72:   0.009 0.926 0.005 0.061 1    
73:   0.073 0.761 0.070 0.096 1    
74:   0.177 0.783 0.008 0.033 1    
75:   0.157 0.262 0.014 0.567 1    
76:   0.248 0.697 0.048 0.007 1    
77:   0.224 0.731 0.009 0.035 1    
78:   0.032 0.899 0.008 0.061 1    
79:   0.363 0.199 0.385 0.053 1    
80:   0.033 0.765 0.197 0.005 1    
81:   0.017 0.878 0.081 0.024 1    
82:   0.661 0.311 0.014 0.014 1    
83:   0.052 0.908 0.012 0.028 1    
84:   0.016 0.931 0.013 0.040 1    
85:   0.065 0.735 0.017 0.183 1    
86:   0.010 0.826 0.014 0.150 1    
87:   0.901 0.076 0.011 0.011 1    
88:   0.020 0.886 0.055 0.039 1    
                 
                 
1:    0.731 0.034 0.172 0.064 1    
2:    0.712 0.019 0.013 0.257 1    
3:    0.033 0.015 0.022 0.930 1    
4:    0.831 0.007 0.156 0.006 1    
5:    0.705 0.092 0.007 0.195 1    
6:    0.252 0.154 0.031 0.564 1    
7:    0.008 0.980 0.004 0.007 1    
8:    0.729 0.015 0.250 0.006 1    
9:    0.926 0.020 0.044 0.010 1    
10:   0.831 0.089 0.018 0.061 1    
11:   0.459 0.025 0.503 0.014 1    
12:   0.024 0.016 0.946 0.014 1    
13:   0.953 0.020 0.018 0.010 1    
14:   0.070 0.739 0.181 0.010 1    
15:   0.011 0.975 0.007 0.007 1    
16:   0.023 0.810 0.004 0.163 1    
17:   0.168 0.791 0.005 0.036 1    
18:   0.852 0.067 0.009 0.072 1    
19:   0.910 0.033 0.007 0.050 1    
20:   0.866 0.118 0.006 0.010 1    
21:   0.224 0.115 0.620 0.041 1    
22:   0.003 0.003 0.991 0.003 1    
23:   0.262 0.012 0.704 0.022 1    
24:   0.009 0.340 0.646 0.005 1    
25:   0.045 0.021 0.913 0.021 1    
26:   0.143 0.809 0.006 0.042 1    
27:   0.192 0.077 0.724 0.006 1    
28:   0.204 0.008 0.773 0.015 1    
29:   0.058 0.039 0.896 0.007 1    
30:   0.260 0.068 0.661 0.011 1    
31:   0.351 0.045 0.587 0.018 1    
32:   0.947 0.033 0.006 0.014 1    
33:   0.039 0.228 0.706 0.026 1    
34:   0.659 0.298 0.011 0.032 1    
35:   0.017 0.019 0.944 0.019 1    
36:   0.011 0.063 0.005 0.920 1    
37:   0.946 0.022 0.012 0.020 1    
38:   0.790 0.191 0.005 0.014 1    
39:   0.014 0.007 0.971 0.008 1    
40:   0.022 0.373 0.591 0.015 1    
41:   0.894 0.084 0.012 0.011 1    
42:   0.014 0.332 0.650 0.004 1    
43:   0.360 0.025 0.606 0.008 1    
44:   0.156 0.087 0.740 0.017 1    
45:   0.295 0.021 0.673 0.011 1    
46:   0.040 0.947 0.006 0.007 1    
47:   0.872 0.058 0.023 0.047 1    
48:   0.007 0.005 0.982 0.006 1    
49:   0.069 0.145 0.008 0.778 1    
50:   0.008 0.440 0.007 0.545 1    
51:   0.023 0.069 0.005 0.904 1    
52:   0.920 0.036 0.026 0.019 1    
53:   0.128 0.086 0.006 0.780 1    
54:   0.007 0.006 0.010 0.976 1    
55:   0.015 0.006 0.016 0.963 1    
56:   0.083 0.009 0.015 0.893 1    
57:   0.942 0.009 0.035 0.013 1    
58:   0.089 0.032 0.008 0.872 1    
59:   0.038 0.081 0.855 0.025 1    
60:   0.017 0.370 0.603 0.011 1    
61:   0.381 0.026 0.575 0.018 1    
62:   0.334 0.472 0.116 0.078 1    
63:   0.933 0.030 0.013 0.024 1    
64:   0.028 0.030 0.004 0.937 1    
65:   0.259 0.034 0.044 0.664 1    
66:   0.046 0.014 0.067 0.872 1    
67:   0.393 0.513 0.057 0.037 1    
68:   0.013 0.009 0.014 0.964 1    
69:   0.856 0.116 0.009 0.019 1    
70:   0.027 0.942 0.010 0.021 1    
71:   0.094 0.065 0.304 0.537 1    
72:   0.930 0.007 0.058 0.005 1    
73:   0.802 0.044 0.090 0.065 1    
74:   0.711 0.240 0.041 0.008 1    
75:   0.344 0.068 0.572 0.016 1    
76:   0.885 0.063 0.006 0.046 1    
77:   0.896 0.061 0.033 0.009 1    
78:   0.895 0.037 0.060 0.008 1    
79:   0.296 0.263 0.051 0.391 1    
80:   0.772 0.025 0.005 0.198 1    
81:   0.878 0.017 0.023 0.082 1    
82:   0.332 0.640 0.013 0.015 1    
83:   0.921 0.042 0.027 0.011 1    
84:   0.931 0.016 0.041 0.012 1    
85:   0.774 0.033 0.178 0.015 1    
86:   0.816 0.009 0.161 0.014 1    
87:   0.066 0.913 0.011 0.010 1    
88:   0.880 0.020 0.040 0.059 1    
