1:    0.201 0.197 0.199 0.206 0.197 1    
2:    0.199 0.199 0.202 0.198 0.202 1    
3:    0.200 0.202 0.201 0.198 0.200 1    
4:    0.197 0.200 0.204 0.200 0.199 1    
5:    0.199 0.198 0.201 0.203 0.199 1    
6:    0.198 0.200 0.212 0.198 0.193 1    
7:    0.199 0.200 0.204 0.201 0.196 1    
8:    0.196 0.200 0.202 0.205 0.197 1    
9:    0.197 0.199 0.211 0.197 0.195 1    
10:   0.193 0.203 0.208 0.204 0.192 1    
11:   0.194 0.202 0.202 0.201 0.200 1    
12:   0.200 0.199 0.203 0.198 0.201 1    
13:   0.196 0.200 0.198 0.203 0.203 1    
14:   0.199 0.200 0.201 0.200 0.200 1    
15:   0.200 0.195 0.202 0.204 0.199 1    
16:   0.193 0.204 0.205 0.202 0.195 1    
                    
                    
1:    0.203 0.199 0.202 0.199 0.196 1    
2:    0.202 0.196 0.202 0.199 0.202 1    
3:    0.199 0.200 0.201 0.198 0.202 1    
4:    0.200 0.200 0.202 0.202 0.196 1    
5:    0.199 0.200 0.200 0.199 0.202 1    
6:    0.202 0.197 0.201 0.203 0.198 1    
7:    0.199 0.200 0.201 0.202 0.199 1    
8:    0.201 0.201 0.200 0.197 0.201 1    
9:    0.201 0.200 0.202 0.200 0.197 1    
10:   0.203 0.196 0.202 0.204 0.195 1    
11:   0.201 0.196 0.203 0.199 0.201 1    
12:   0.201 0.200 0.201 0.200 0.199 1    
13:   0.200 0.197 0.203 0.199 0.201 1    
14:   0.202 0.199 0.200 0.200 0.200 1    
15:   0.203 0.199 0.200 0.201 0.197 1    
16:   0.201 0.197 0.201 0.199 0.202 1    
                    
                    
1:    0.200 0.200 0.200 0.200 0.200 1    
2:    0.201 0.199 0.201 0.203 0.195 1    
3:    0.201 0.200 0.196 0.199 0.204 1    
4:    0.198 0.202 0.199 0.197 0.204 1    
5:    0.200 0.200 0.201 0.199 0.200 1    
6:    0.205 0.202 0.198 0.201 0.194 1    
7:    0.203 0.201 0.200 0.199 0.197 1    
8:    0.199 0.200 0.202 0.200 0.199 1    
9:    0.201 0.204 0.200 0.200 0.195 1    
10:   0.206 0.203 0.199 0.202 0.191 1    
11:   0.203 0.201 0.199 0.199 0.198 1    
12:   0.201 0.199 0.203 0.200 0.197 1    
13:   0.200 0.195 0.200 0.199 0.206 1    
14:   0.200 0.203 0.202 0.200 0.195 1    
15:   0.202 0.202 0.200 0.199 0.198 1    
16:   0.203 0.202 0.204 0.197 0.193 1    
                    
                    
1:    0.201 0.200 0.198 0.202 0.199 1    
2:    0.196 0.200 0.200 0.201 0.204 1    
3:    0.202 0.201 0.201 0.197 0.198 1    
4:    0.197 0.201 0.200 0.203 0.200 1    
5:    0.201 0.201 0.202 0.198 0.198 1    
6:    0.189 0.202 0.203 0.197 0.208 1    
7:    0.199 0.204 0.200 0.200 0.197 1    
8:    0.197 0.204 0.199 0.199 0.202 1    
9:    0.190 0.199 0.202 0.199 0.210 1    
10:   0.192 0.200 0.201 0.198 0.209 1    
11:   0.196 0.196 0.200 0.202 0.206 1    
12:   0.196 0.201 0.197 0.202 0.203 1    
13:   0.202 0.204 0.199 0.199 0.197 1    
14:   0.194 0.205 0.200 0.199 0.203 1    
15:   0.197 0.198 0.200 0.200 0.204 1    
16:   0.191 0.204 0.201 0.199 0.205 1    
                    
                    
1:    0.202 0.199 0.200 0.201 0.197 1    
2:    0.197 0.203 0.200 0.198 0.203 1    
3:    0.200 0.202 0.202 0.196 0.199 1    
4:    0.203 0.200 0.201 0.197 0.199 1    
5:    0.199 0.201 0.201 0.199 0.200 1    
6:    0.200 0.201 0.198 0.200 0.202 1    
7:    0.199 0.202 0.200 0.198 0.201 1    
8:    0.200 0.202 0.201 0.198 0.199 1    
9:    0.198 0.203 0.196 0.202 0.200 1    
10:   0.200 0.201 0.196 0.202 0.200 1    
11:   0.199 0.202 0.200 0.200 0.199 1    
12:   0.199 0.199 0.201 0.200 0.201 1    
13:   0.200 0.198 0.201 0.200 0.201 1    
14:   0.201 0.201 0.200 0.200 0.198 1    
15:   0.200 0.198 0.201 0.201 0.200 1    
16:   0.196 0.202 0.197 0.204 0.202 1    
