 1:   0.1999  0.1983  0.2021  0.2009  0.1989  1
 2:   0.2023  0.1999  0.1997  0.1991  0.1989  1
 3:   0.2006  0.2000  0.1980  0.1992  0.2020  1
 4:   0.2008  0.2006  0.1994  0.2000  0.1994  1
 5:   0.2000  0.1998  0.2006  0.1990  0.2006  1
 6:   0.2053  0.2019  0.1999  0.1985  0.1943  1
 7:   0.2014  0.2008  0.2004  0.1994  0.1982  1
 8:   0.2010  0.1990  0.2020  0.1992  0.1990  1
 9:   0.2055  0.2011  0.1999  0.1989  0.1947  1
10:   0.2052  0.2022  0.2016  0.1978  0.1932  1
11:   0.2032  0.2002  0.1994  0.1980  0.1990  1
12:   0.2014  0.1992  0.2006  0.2002  0.1988  1
13:   0.1992  0.1988  0.2014  0.1982  0.2026  1
14:   0.2009  0.2001  0.2017  0.1995  0.1977  1
15:   0.2012  0.1996  0.2012  0.1996  0.1984  1
16:   0.2032  0.2016  0.2030  0.1964  0.1956  1
