  1:   0.1876  0.1718  0.2156  0.2226  0.2026  1
  2:   0.2318  0.1900  0.2378  0.0672  0.2733  1
  3:   0.2372  0.2166  0.2631  0.0460  0.2370  1
  4:   0.2246  0.1930  0.2156  0.1404  0.2264  1
  5:   0.2322  0.2202  0.2814  0.0228  0.2434  1
  6:   0.2335  0.1967  0.2309  0.0788  0.2601  1
  7:   0.2513  0.2355  0.2482  0.0196  0.2454  1
  8:   0.1038  0.1200  0.0956  0.5858  0.0948  1
  9:   0.2578  0.2248  0.2505  0.0166  0.2503  1
 10:   0.2542  0.2320  0.2293  0.0382  0.2462  1
 11:   0.2378  0.2164  0.2685  0.0214  0.2559  1
 12:   0.2387  0.1936  0.2713  0.0374  0.2589  1
 13:   0.2494  0.2292  0.2330  0.0354  0.2529  1
 14:   0.2453  0.2126  0.2571  0.0364  0.2487  1
 15:   0.2336  0.2058  0.2264  0.0782  0.2560  1
 16:   0.2558  0.2013  0.2469  0.0326  0.2634  1
 17:   0.2509  0.2553  0.2207  0.0288  0.2443  1
 18:   0.1716  0.1500  0.1780  0.3079  0.1926  1
 19:   0.2186  0.2046  0.2650  0.0852  0.2266  1
 20:   0.2529  0.2322  0.2351  0.0212  0.2586  1
 21:   0.2481  0.2400  0.2244  0.0334  0.2540  1
 22:   0.2513  0.2581  0.2195  0.0176  0.2535  1
 23:   0.2350  0.2002  0.2250  0.1064  0.2334  1
 24:   0.2411  0.2078  0.2453  0.0558  0.2499  1
 25:   0.2423  0.2410  0.2446  0.0316  0.2406  1
 26:   0.2375  0.2164  0.2741  0.0326  0.2394  1
 27:   0.2278  0.2090  0.2765  0.0440  0.2426  1
 28:   0.2455  0.2058  0.2408  0.0370  0.2709  1
 29:   0.2597  0.1945  0.2413  0.0170  0.2875  1
 30:   0.2488  0.2144  0.2353  0.0372  0.2644  1
 31:   0.2288  0.2609  0.2050  0.0824  0.2228  1
 32:   0.2505  0.1895  0.2568  0.0262  0.2770  1
 33:   0.2377  0.1901  0.2287  0.0712  0.2723  1
 34:   0.2332  0.2607  0.2234  0.0526  0.2300  1
 35:   0.2466  0.2828  0.2126  0.0394  0.2186  1
 36:   0.2529  0.1972  0.2484  0.0188  0.2827  1
 37:   0.2212  0.2196  0.2954  0.0214  0.2424  1
 38:   0.2390  0.2140  0.2642  0.0198  0.2630  1
 39:   0.2441  0.2209  0.2413  0.0488  0.2449  1
 40:   0.1740  0.2028  0.1496  0.3159  0.1578  1
 41:   0.2454  0.2251  0.2445  0.0328  0.2522  1
 42:   0.2444  0.2160  0.2499  0.0206  0.2691  1
 43:   0.2107  0.2099  0.2808  0.0586  0.2399  1
 44:   0.2488  0.2016  0.2589  0.0342  0.2565  1
 45:   0.2514  0.2033  0.2404  0.0196  0.2854  1
 46:   0.2532  0.1862  0.2449  0.0398  0.2759  1
 47:   0.2334  0.2054  0.2687  0.0478  0.2447  1
 48:   0.2073  0.2165  0.2093  0.1587  0.2081  1
 49:   0.2407  0.2102  0.2528  0.0346  0.2616  1
 50:   0.2588  0.1985  0.2362  0.0146  0.2919  1
 51:   0.2492  0.2169  0.2285  0.0594  0.2459  1
 52:   0.2450  0.2044  0.2593  0.0252  0.2660  1
 53:   0.2463  0.2229  0.2459  0.0298  0.2551  1
 54:   0.2090  0.1794  0.2651  0.1032  0.2432  1
 55:   0.1417  0.1170  0.1415  0.4456  0.1541  1
 56:   0.2317  0.2132  0.2643  0.0376  0.2532  1
 57:   0.2436  0.1764  0.2620  0.0122  0.3058  1
 58:   0.2395  0.2010  0.2663  0.0324  0.2607  1
 59:   0.2503  0.1875  0.2564  0.0140  0.2919  1
 60:   0.2386  0.2240  0.2533  0.0202  0.2639  1
 61:   0.1920  0.1550  0.2056  0.2370  0.2104  1
 62:   0.2505  0.1833  0.2543  0.0142  0.2977  1
 63:   0.2349  0.2296  0.2334  0.0482  0.2539  1
 64:   0.2552  0.2158  0.2428  0.0270  0.2592  1
 65:   0.2218  0.2350  0.2694  0.0428  0.2310  1
 66:   0.2448  0.2218  0.2461  0.0386  0.2487  1
 67:   0.2494  0.2192  0.2462  0.0202  0.2650  1
 68:   0.2424  0.2034  0.2564  0.0212  0.2766  1
 69:   0.2272  0.2210  0.2376  0.0588  0.2553  1
 70:   0.2358  0.3180  0.1786  0.0720  0.1956  1
 71:   0.1870  0.1566  0.1808  0.2835  0.1922  1
 72:   0.2546  0.1897  0.2471  0.0190  0.2896  1
 73:   0.2248  0.2154  0.2404  0.0962  0.2232  1
 74:   0.2331  0.2321  0.2243  0.0782  0.2323  1
 75:   0.2389  0.2099  0.2551  0.0352  0.2609  1
 76:   0.2243  0.2513  0.1915  0.1289  0.2041  1
 77:   0.2237  0.2363  0.2137  0.1123  0.2139  1
 78:   0.2104  0.2074  0.2954  0.0542  0.2326  1
 79:   0.2292  0.2144  0.2882  0.0170  0.2512  1
 80:   0.2095  0.1837  0.2161  0.1603  0.2305  1
 81:   0.2032  0.2116  0.2110  0.1770  0.1972  1
 82:   0.2391  0.2431  0.2404  0.0488  0.2287  1
 83:   0.2311  0.2666  0.2081  0.0831  0.2111  1
 84:   0.2365  0.2697  0.1983  0.0760  0.2195  1
 85:   0.2349  0.2022  0.2426  0.0432  0.2771  1
 86:   0.1822  0.1876  0.1758  0.2763  0.1780  1
 87:   0.2386  0.2256  0.2436  0.0264  0.2659  1
 88:   0.2382  0.1996  0.2328  0.0584  0.2710  1
 89:   0.2490  0.2444  0.2202  0.0646  0.2218  1
 90:   0.1849  0.1811  0.1707  0.2827  0.1807  1
 91:   0.2366  0.2252  0.2202  0.0930  0.2252  1
 92:   0.2440  0.2154  0.2192  0.0530  0.2683  1
 93:   0.2507  0.2243  0.2289  0.0516  0.2445  1
 94:   0.1784  0.1534  0.1666  0.3299  0.1716  1
 95:   0.2502  0.2008  0.2334  0.0426  0.2730  1
 96:   0.2531  0.2033  0.2283  0.0734  0.2419  1
 97:   0.2470  0.2222  0.2582  0.0242  0.2484  1
 98:   0.2363  0.3115  0.1964  0.0248  0.2310  1
 99:   0.2529  0.2907  0.2105  0.0256  0.2203  1
100:   0.2124  0.2054  0.2950  0.0430  0.2442  1
101:   0.2214  0.2359  0.2410  0.0938  0.2080  1
102:   0.2547  0.1868  0.2398  0.0242  0.2945  1
103:   0.1640  0.1586  0.2052  0.3054  0.1668  1
104:   0.2419  0.2703  0.2272  0.0370  0.2236  1
105:   0.2535  0.2151  0.2437  0.0560  0.2317  1
106:   0.2417  0.3119  0.1949  0.0564  0.1951  1
107:   0.2191  0.2034  0.2825  0.0500  0.2451  1
108:   0.2408  0.1854  0.2408  0.0496  0.2833  1
109:   0.2307  0.2280  0.2530  0.0536  0.2347  1
110:   0.2308  0.2174  0.2622  0.0390  0.2506  1
111:   0.2322  0.2644  0.2094  0.0616  0.2324  1
112:   0.2232  0.2206  0.2716  0.0546  0.2300  1
113:   0.2456  0.2092  0.2476  0.0238  0.2738  1
114:   0.2305  0.2007  0.2301  0.0946  0.2441  1
115:   0.2260  0.2144  0.2614  0.0658  0.2322  1
116:   0.2492  0.2448  0.2319  0.0248  0.2493  1
117:   0.2313  0.2189  0.2525  0.0602  0.2371  1
118:   0.2240  0.2128  0.2498  0.0744  0.2388  1
119:   0.2477  0.3275  0.1830  0.0482  0.1936  1
120:   0.1738  0.1708  0.1700  0.3129  0.1724  1
121:   0.2216  0.2369  0.2569  0.0592  0.2254  1
122:   0.2442  0.2952  0.1942  0.0464  0.2200  1
123:   0.2495  0.2562  0.2269  0.0254  0.2420  1
124:   0.2394  0.2148  0.2522  0.0276  0.2660  1
125:   0.2233  0.2861  0.1821  0.1237  0.1849  1
126:   0.2466  0.2066  0.2361  0.0246  0.2861  1
127:   0.2448  0.2116  0.2535  0.0472  0.2430  1
128:   0.2324  0.2572  0.2539  0.0274  0.2292  1
129:   0.1738  0.1836  0.1616  0.3263  0.1546  1
130:   0.2166  0.2818  0.1993  0.1026  0.1996  1
131:   0.2446  0.2064  0.2436  0.0500  0.2554  1
132:   0.2387  0.2511  0.2455  0.0296  0.2351  1
133:   0.2418  0.2884  0.2230  0.0234  0.2234  1
134:   0.2483  0.1842  0.2523  0.0526  0.2625  1
135:   0.0848  0.0832  0.0894  0.6601  0.0824  1
136:   0.2357  0.2554  0.2207  0.0568  0.2313  1
137:   0.1803  0.1707  0.2177  0.2495  0.1817  1
138:   0.2402  0.2076  0.2496  0.0320  0.2706  1
139:   0.2327  0.2192  0.2551  0.0536  0.2393  1
140:   0.2341  0.2013  0.2605  0.0630  0.2411  1
141:   0.2122  0.1946  0.2555  0.1140  0.2237  1
142:   0.2256  0.2591  0.2130  0.0992  0.2032  1
143:   0.2104  0.2114  0.2733  0.0656  0.2394  1
144:   0.2458  0.2244  0.2300  0.0270  0.2728  1
145:   0.2455  0.1995  0.2441  0.0198  0.2911  1
146:   0.2113  0.2112  0.2667  0.0818  0.2290  1
147:   0.2370  0.2002  0.2537  0.0266  0.2825  1
148:   0.2346  0.2466  0.2628  0.0280  0.2280  1
149:   0.2313  0.2201  0.2497  0.0770  0.2219  1
150:   0.1964  0.2168  0.2155  0.1802  0.1912  1
151:   0.2342  0.2400  0.2242  0.0782  0.2232  1
152:   0.2292  0.2428  0.2447  0.0636  0.2196  1
153:   0.2338  0.2128  0.2594  0.0504  0.2436  1
154:   0.2520  0.3242  0.2014  0.0218  0.2006  1
155:   0.2306  0.2372  0.2312  0.0776  0.2234  1
156:   0.2366  0.2022  0.2585  0.0562  0.2465  1
157:   0.2446  0.2240  0.2458  0.0462  0.2394  1
158:   0.2057  0.2275  0.1891  0.1879  0.1899  1
159:   0.2451  0.2124  0.2328  0.0494  0.2603  1
160:   0.2447  0.2617  0.2233  0.0374  0.2329  1
161:   0.1908  0.2006  0.1708  0.2669  0.1710  1
162:   0.2302  0.2550  0.2486  0.0380  0.2282  1
163:   0.2288  0.2206  0.2202  0.1094  0.2210  1
164:   0.2382  0.2804  0.2002  0.0534  0.2278  1
165:   0.2487  0.2338  0.2354  0.0368  0.2452  1
166:   0.2322  0.2140  0.2465  0.0698  0.2374  1
167:   0.2386  0.2755  0.2054  0.0396  0.2409  1
168:   0.1888  0.1606  0.1998  0.2516  0.1992  1
169:   0.2492  0.3286  0.1820  0.0494  0.1908  1
170:   0.2429  0.2867  0.2108  0.0240  0.2356  1
171:   0.2544  0.2080  0.2366  0.0358  0.2652  1
172:   0.2402  0.2296  0.2270  0.0350  0.2682  1
173:   0.2304  0.2332  0.2432  0.0676  0.2258  1
174:   0.2327  0.2337  0.2303  0.0556  0.2477  1
175:   0.2358  0.3105  0.1928  0.0454  0.2156  1
176:   0.2324  0.2146  0.2262  0.0954  0.2314  1
177:   0.2100  0.2032  0.2164  0.1419  0.2286  1
178:   0.2425  0.2356  0.2478  0.0462  0.2280  1
179:   0.2373  0.2022  0.2607  0.0458  0.2541  1
180:   0.2390  0.2849  0.2359  0.0104  0.2298  1
181:   0.2242  0.2030  0.2340  0.0964  0.2422  1
182:   0.1604  0.1576  0.1630  0.3573  0.1618  1
183:   0.2093  0.2483  0.1701  0.1975  0.1749  1
184:   0.2385  0.3081  0.1837  0.0770  0.1927  1
185:   0.2350  0.2362  0.2208  0.0830  0.2252  1
186:   0.2550  0.3219  0.1925  0.0422  0.1885  1
187:   0.2559  0.3427  0.1896  0.0276  0.1842  1
188:   0.2537  0.3365  0.1852  0.0324  0.1922  1
189:   0.2305  0.2009  0.2637  0.0446  0.2603  1
190:   0.2489  0.3403  0.1738  0.0516  0.1854  1
191:   0.2406  0.2270  0.2302  0.0298  0.2725  1
192:   0.0694  0.0646  0.0712  0.7256  0.0692  1
193:   0.0908  0.0908  0.0884  0.6452  0.0848  1
194:   0.2032  0.2642  0.1620  0.2032  0.1674  1
195:   0.2298  0.2822  0.2028  0.0842  0.2010  1
196:   0.2334  0.2284  0.2633  0.0256  0.2493  1
197:   0.2277  0.1711  0.2311  0.1321  0.2379  1
198:   0.2432  0.2170  0.2412  0.0362  0.2623  1
199:   0.2156  0.1918  0.2374  0.1186  0.2366  1
200:   0.2253  0.2255  0.2221  0.1124  0.2147  1
201:   0.1966  0.1848  0.1842  0.2294  0.2052  1
202:   0.2552  0.2152  0.2443  0.0136  0.2717  1
203:   0.2018  0.2308  0.2604  0.0904  0.2166  1
204:   0.2493  0.2821  0.2246  0.0216  0.2224  1
205:   0.2501  0.2085  0.2575  0.0210  0.2629  1
206:   0.2497  0.2245  0.2345  0.0382  0.2531  1
207:   0.2344  0.2457  0.2548  0.0330  0.2322  1
208:   0.2513  0.2695  0.2257  0.0184  0.2351  1
209:   0.1726  0.1786  0.1634  0.3245  0.1608  1
210:   0.2228  0.2208  0.2730  0.0320  0.2514  1
211:   0.2352  0.2641  0.2302  0.0420  0.2286  1
212:   0.2152  0.2744  0.1736  0.1358  0.2012  1
213:   0.2240  0.2440  0.2588  0.0592  0.2140  1
214:   0.2146  0.2180  0.2744  0.0644  0.2286  1
215:   0.2338  0.2683  0.2116  0.0780  0.2082  1
216:   0.2259  0.2993  0.2065  0.0494  0.2189  1
217:   0.2097  0.2089  0.2949  0.0432  0.2433  1
218:   0.2350  0.2675  0.2418  0.0288  0.2268  1
219:   0.2471  0.2209  0.2563  0.0214  0.2543  1
220:   0.2188  0.2194  0.2128  0.1444  0.2048  1
221:   0.2367  0.2023  0.2389  0.0762  0.2459  1
222:   0.2094  0.2262  0.2230  0.1170  0.2243  1
223:   0.1464  0.1484  0.1482  0.4183  0.1386  1
224:   0.2439  0.2066  0.2346  0.0568  0.2581  1
225:   0.2351  0.2221  0.2477  0.0298  0.2653  1
226:   0.2391  0.1983  0.2629  0.0290  0.2707  1
227:   0.2208  0.2780  0.1786  0.1452  0.1774  1
228:   0.2438  0.2625  0.2102  0.0736  0.2098  1
229:   0.2509  0.2209  0.2555  0.0240  0.2487  1
230:   0.2441  0.3161  0.2033  0.0476  0.1889  1
231:   0.2493  0.2115  0.2463  0.0208  0.2721  1
232:   0.2413  0.2404  0.2446  0.0322  0.2416  1
233:   0.2351  0.2157  0.2305  0.0614  0.2573  1
234:   0.2361  0.2873  0.2245  0.0300  0.2221  1
235:   0.2388  0.2026  0.2506  0.0226  0.2853  1
236:   0.2329  0.2038  0.2907  0.0238  0.2488  1
237:   0.2228  0.1982  0.2553  0.0376  0.2861  1
238:   0.2325  0.2103  0.2279  0.0964  0.2329  1
239:   0.2567  0.2017  0.2453  0.0100  0.2863  1
240:   0.1836  0.1734  0.1884  0.2820  0.1726  1
241:   0.2495  0.2496  0.2372  0.0266  0.2371  1
242:   0.2258  0.2030  0.2494  0.0800  0.2417  1
243:   0.2474  0.1958  0.2504  0.0302  0.2762  1
244:   0.2173  0.2073  0.2672  0.0590  0.2491  1
245:   0.2446  0.2681  0.2146  0.0248  0.2479  1
246:   0.2586  0.2100  0.2476  0.0136  0.2702  1
247:   0.2175  0.2093  0.2411  0.0931  0.2389  1
248:   0.2265  0.1909  0.2505  0.0950  0.2371  1
249:   0.1983  0.2425  0.1611  0.2331  0.1649  1
250:   0.2401  0.2755  0.2327  0.0366  0.2151  1
251:   0.2440  0.3001  0.2207  0.0354  0.1998  1
252:   0.2253  0.2282  0.2708  0.0168  0.2589  1
253:   0.1602  0.1490  0.1694  0.3518  0.1696  1
254:   0.0522  0.0634  0.0436  0.7961  0.0446  1
255:   0.2351  0.2236  0.2164  0.0898  0.2351  1
256:   0.2553  0.3441  0.1796  0.0362  0.1848  1
257:   0.2176  0.2406  0.2148  0.1254  0.2014  1
258:   0.2485  0.2238  0.2238  0.0490  0.2549  1
259:   0.2299  0.1956  0.2799  0.0500  0.2446  1
260:   0.2256  0.2048  0.2982  0.0124  0.2589  1
261:   0.2417  0.2785  0.2329  0.0260  0.2209  1
262:   0.2355  0.2557  0.2561  0.0294  0.2233  1
263:   0.2232  0.2288  0.2292  0.0836  0.2352  1
264:   0.2409  0.1925  0.2671  0.0260  0.2735  1
265:   0.1935  0.1959  0.2037  0.2135  0.1933  1
266:   0.2479  0.2239  0.2235  0.0340  0.2708  1
267:   0.2382  0.2250  0.2597  0.0412  0.2360  1
268:   0.2224  0.2382  0.2696  0.0408  0.2290  1
269:   0.2270  0.2248  0.2342  0.0738  0.2402  1
270:   0.1526  0.2016  0.1144  0.4112  0.1202  1
271:   0.2204  0.2521  0.2603  0.0398  0.2274  1
272:   0.2471  0.2906  0.2093  0.0326  0.2205  1
273:   0.2379  0.2052  0.2847  0.0188  0.2533  1
274:   0.2556  0.2079  0.2386  0.0186  0.2794  1
275:   0.2340  0.2361  0.2498  0.0520  0.2282  1
276:   0.2346  0.2278  0.2637  0.0348  0.2390  1
277:   0.2305  0.2990  0.1901  0.0903  0.1901  1
278:   0.2150  0.1942  0.2676  0.0904  0.2328  1
279:   0.2506  0.2573  0.2340  0.0136  0.2446  1
280:   0.2433  0.2052  0.2534  0.0280  0.2701  1
281:   0.2076  0.2126  0.2076  0.1848  0.1876  1
282:   0.2383  0.2085  0.2421  0.0310  0.2800  1
283:   0.2562  0.3102  0.1984  0.0174  0.2178  1
284:   0.2389  0.3351  0.1970  0.0226  0.2064  1
285:   0.2336  0.2282  0.2302  0.0480  0.2600  1
286:   0.1728  0.1706  0.1780  0.3001  0.1786  1
287:   0.2485  0.2143  0.2383  0.0378  0.2611  1
288:   0.2366  0.2268  0.2640  0.0262  0.2464  1
289:   0.2348  0.2415  0.2504  0.0480  0.2254  1
290:   0.2359  0.1990  0.2803  0.0272  0.2575  1
291:   0.2290  0.2601  0.2327  0.0542  0.2240  1
292:   0.2422  0.3551  0.1726  0.0530  0.1772  1
293:   0.2327  0.2193  0.2854  0.0288  0.2337  1
294:   0.2549  0.2620  0.2194  0.0320  0.2316  1
295:   0.2411  0.2272  0.2410  0.0510  0.2396  1
296:   0.2000  0.2158  0.2054  0.1890  0.1900  1
297:   0.2387  0.1998  0.2548  0.0540  0.2526  1
298:   0.2544  0.2306  0.2482  0.0170  0.2498  1
299:   0.2272  0.2304  0.2488  0.0610  0.2326  1
300:   0.2023  0.2292  0.1878  0.1670  0.2136  1
301:   0.1730  0.1726  0.1894  0.2779  0.1872  1
302:   0.2450  0.2699  0.2086  0.0558  0.2208  1
303:   0.2423  0.2027  0.2439  0.0546  0.2565  1
304:   0.2347  0.1891  0.2469  0.0438  0.2855  1
305:   0.2476  0.2532  0.2222  0.0342  0.2428  1
306:   0.2222  0.2124  0.2527  0.0960  0.2166  1
307:   0.2391  0.2799  0.2144  0.0236  0.2430  1
308:   0.2505  0.2028  0.2416  0.0534  0.2516  1
309:   0.2506  0.2044  0.2402  0.0536  0.2512  1
310:   0.2464  0.3554  0.1655  0.0592  0.1735  1
311:   0.2481  0.2321  0.2309  0.0370  0.2517  1
312:   0.2405  0.1913  0.2567  0.0550  0.2565  1
313:   0.2576  0.2162  0.2474  0.0290  0.2498  1
314:   0.2428  0.1998  0.2417  0.0346  0.2811  1
315:   0.2400  0.2744  0.2370  0.0226  0.2260  1
316:   0.1458  0.1432  0.1398  0.4268  0.1444  1
317:   0.2362  0.2804  0.2098  0.0444  0.2292  1
318:   0.2361  0.2377  0.2599  0.0312  0.2351  1
319:   0.2460  0.2285  0.2419  0.0394  0.2442  1
320:   0.2341  0.2219  0.2497  0.0392  0.2550  1
321:   0.1230  0.1202  0.1284  0.5027  0.1258  1
322:   0.2430  0.2543  0.2142  0.0636  0.2250  1
323:   0.2497  0.2032  0.2386  0.0530  0.2556  1
324:   0.2370  0.2820  0.2090  0.0494  0.2226  1
325:   0.2454  0.2276  0.2564  0.0212  0.2494  1
326:   0.2502  0.3080  0.2164  0.0216  0.2038  1
327:   0.2001  0.2231  0.2123  0.1843  0.1803  1
328:   0.2446  0.2593  0.2441  0.0132  0.2388  1
329:   0.2442  0.2157  0.2602  0.0390  0.2409  1
330:   0.2120  0.2150  0.2194  0.1324  0.2214  1
331:   0.2335  0.2224  0.2394  0.0576  0.2471  1
332:   0.2489  0.2600  0.2505  0.0208  0.2198  1
333:   0.2452  0.2356  0.2534  0.0270  0.2388  1
334:   0.2457  0.2953  0.2062  0.0384  0.2144  1
335:   0.1813  0.1781  0.1935  0.2793  0.1677  1
336:   0.2208  0.2258  0.2306  0.0983  0.2246  1
337:   0.2604  0.3707  0.1746  0.0152  0.1792  1
338:   0.2268  0.2028  0.2898  0.0216  0.2590  1
339:   0.2487  0.3683  0.1658  0.0506  0.1666  1
340:   0.1584  0.1826  0.1374  0.3803  0.1414  1
341:   0.2118  0.2172  0.2230  0.1300  0.2180  1
342:   0.2487  0.2669  0.2231  0.0342  0.2271  1
343:   0.2381  0.2708  0.2444  0.0278  0.2190  1
344:   0.2400  0.2795  0.2226  0.0524  0.2054  1
345:   0.2353  0.2250  0.2783  0.0254  0.2359  1
346:   0.2456  0.2173  0.2442  0.0410  0.2518  1
347:   0.2230  0.2575  0.2677  0.0318  0.2200  1
348:   0.2304  0.2446  0.2166  0.0594  0.2491  1
349:   0.2260  0.2006  0.2581  0.0712  0.2441  1
350:   0.1972  0.2030  0.1934  0.2112  0.1952  1
351:   0.2347  0.2049  0.2427  0.0810  0.2365  1
352:   0.2443  0.2112  0.2699  0.0202  0.2544  1
353:   0.0740  0.0784  0.0896  0.6827  0.0754  1
354:   0.2326  0.2030  0.2646  0.0290  0.2708  1
355:   0.2333  0.2386  0.2649  0.0232  0.2399  1
356:   0.2342  0.2444  0.2344  0.0736  0.2134  1
357:   0.2167  0.2359  0.2741  0.0520  0.2213  1
358:   0.2283  0.2287  0.2805  0.0322  0.2303  1
359:   0.2092  0.1868  0.2573  0.1148  0.2318  1
360:   0.2193  0.2069  0.2803  0.0738  0.2197  1
361:   0.2438  0.2322  0.2504  0.0392  0.2344  1
362:   0.1770  0.1782  0.1826  0.2982  0.1640  1
363:   0.2074  0.2322  0.1952  0.1684  0.1966  1
364:   0.2222  0.2613  0.2292  0.0764  0.2110  1
365:   0.1852  0.2100  0.1762  0.2568  0.1718  1
366:   0.2288  0.2094  0.2455  0.0828  0.2334  1
367:   0.0712  0.0882  0.0590  0.7183  0.0632  1
368:   0.2430  0.2810  0.2261  0.0322  0.2176  1
369:   0.2432  0.2446  0.2302  0.0324  0.2496  1
370:   0.2124  0.2204  0.2707  0.0704  0.2262  1
371:   0.2156  0.1982  0.2216  0.1414  0.2234  1
372:   0.2507  0.2161  0.2305  0.0414  0.2613  1
373:   0.1940  0.1996  0.2352  0.1538  0.2172  1
374:   0.2339  0.2014  0.2687  0.0614  0.2346  1
375:   0.2349  0.2157  0.2243  0.1040  0.2211  1
376:   0.2158  0.2154  0.2448  0.1098  0.2142  1
377:   0.2208  0.2229  0.2860  0.0360  0.2342  1
378:   0.2440  0.2976  0.2158  0.0280  0.2146  1
379:   0.2403  0.2144  0.2272  0.0846  0.2334  1
380:   0.2149  0.2437  0.2445  0.0846  0.2123  1
381:   0.2468  0.2027  0.2557  0.0420  0.2528  1
382:   0.2513  0.1934  0.2721  0.0294  0.2539  1
383:   0.2426  0.2246  0.2368  0.0622  0.2340  1
384:   0.2488  0.2317  0.2428  0.0152  0.2615  1
385:   0.2219  0.2368  0.1986  0.1298  0.2130  1
386:   0.2501  0.2362  0.2390  0.0302  0.2444  1
387:   0.2082  0.2357  0.1852  0.1834  0.1876  1
388:   0.1112  0.1206  0.1492  0.4999  0.1190  1
389:   0.1216  0.1258  0.1482  0.4754  0.1290  1
390:   0.2398  0.2586  0.2272  0.0412  0.2332  1
391:   0.2316  0.2297  0.2624  0.0438  0.2326  1
392:   0.2211  0.2536  0.2032  0.1132  0.2088  1
393:   0.2389  0.2321  0.2395  0.0392  0.2504  1
394:   0.2114  0.2556  0.2612  0.0566  0.2152  1
395:   0.2287  0.2747  0.1913  0.1056  0.1997  1
396:   0.2591  0.3665  0.1684  0.0308  0.1752  1
397:   0.1846  0.1966  0.1958  0.2536  0.1694  1
398:   0.2494  0.2622  0.2192  0.0202  0.2490  1
399:   0.2382  0.2282  0.2646  0.0162  0.2528  1
400:   0.2333  0.2787  0.1969  0.0858  0.2053  1
401:   0.2046  0.2462  0.1996  0.1794  0.1702  1
402:   0.2371  0.3213  0.1845  0.0530  0.2041  1
403:   0.1884  0.2406  0.1556  0.2608  0.1548  1
404:   0.2214  0.1956  0.2589  0.0466  0.2774  1
405:   0.2405  0.2546  0.2500  0.0288  0.2261  1
406:   0.0944  0.1006  0.0984  0.6157  0.0910  1
407:   0.1762  0.1688  0.1838  0.2950  0.1762  1
408:   0.2574  0.2148  0.2524  0.0210  0.2544  1
409:   0.2380  0.2697  0.2164  0.0636  0.2124  1
410:   0.1798  0.1966  0.1686  0.2796  0.1754  1
411:   0.2501  0.2076  0.2603  0.0316  0.2504  1
412:   0.2421  0.2860  0.2207  0.0408  0.2105  1
413:   0.2485  0.2144  0.2507  0.0180  0.2685  1
414:   0.1956  0.2360  0.2140  0.1768  0.1776  1
415:   0.2373  0.2618  0.2420  0.0410  0.2178  1
416:   0.2436  0.2224  0.2618  0.0256  0.2466  1
417:   0.2066  0.2248  0.2678  0.0908  0.2100  1
418:   0.2479  0.2277  0.2405  0.0232  0.2607  1
419:   0.2136  0.2112  0.2727  0.0700  0.2326  1
420:   0.1228  0.1316  0.1274  0.5013  0.1170  1
421:   0.2470  0.2985  0.1982  0.0412  0.2150  1
422:   0.2536  0.1928  0.2582  0.0190  0.2764  1
423:   0.2223  0.2325  0.2811  0.0260  0.2381  1
424:   0.2017  0.1881  0.2273  0.1701  0.2129  1
425:   0.2111  0.2507  0.2011  0.1367  0.2005  1
426:   0.2422  0.2431  0.2218  0.0604  0.2326  1
427:   0.2416  0.2431  0.2530  0.0212  0.2412  1
428:   0.2509  0.3708  0.1669  0.0344  0.1769  1
429:   0.1400  0.1374  0.1276  0.4597  0.1352  1
430:   0.2507  0.2669  0.2149  0.0418  0.2257  1
431:   0.2417  0.2342  0.2520  0.0268  0.2452  1
432:   0.2251  0.2073  0.3013  0.0194  0.2469  1
433:   0.2430  0.2210  0.2706  0.0176  0.2478  1
434:   0.2312  0.2442  0.2516  0.0386  0.2344  1
435:   0.2385  0.2751  0.2085  0.0704  0.2075  1
436:   0.2425  0.3076  0.2056  0.0400  0.2044  1
437:   0.2414  0.2357  0.2489  0.0300  0.2440  1
438:   0.2340  0.2232  0.2543  0.0418  0.2466  1
439:   0.2469  0.3383  0.1701  0.0722  0.1725  1
440:   0.2577  0.1955  0.2425  0.0192  0.2851  1
441:   0.2125  0.2494  0.2156  0.1308  0.1918  1
442:   0.1804  0.1896  0.2320  0.2134  0.1844  1
443:   0.2507  0.2304  0.2563  0.0248  0.2378  1
444:   0.2523  0.1922  0.2758  0.0150  0.2647  1
445:   0.2414  0.2660  0.2166  0.0504  0.2256  1
446:   0.2380  0.1950  0.2567  0.0462  0.2641  1
447:   0.1645  0.1651  0.1901  0.3115  0.1687  1
448:   0.2487  0.2737  0.2137  0.0442  0.2197  1
449:   0.2580  0.1970  0.2410  0.0248  0.2792  1
450:   0.1613  0.1461  0.1651  0.3452  0.1823  1
451:   0.1478  0.1696  0.1252  0.4277  0.1296  1
452:   0.2458  0.1942  0.2490  0.0236  0.2874  1
453:   0.2404  0.3149  0.1874  0.0624  0.1950  1
454:   0.2325  0.2624  0.2319  0.0510  0.2221  1
455:   0.2362  0.2042  0.2337  0.0436  0.2823  1
456:   0.2350  0.2136  0.2551  0.0640  0.2324  1
457:   0.2453  0.2569  0.2277  0.0196  0.2505  1
458:   0.2428  0.2134  0.2518  0.0316  0.2605  1
459:   0.1960  0.1628  0.1986  0.2396  0.2028  1
460:   0.1104  0.1088  0.1092  0.5617  0.1098  1
461:   0.2290  0.2144  0.2342  0.0788  0.2434  1
462:   0.2430  0.2564  0.2408  0.0280  0.2318  1
463:   0.2491  0.1953  0.2483  0.0240  0.2833  1
464:   0.2373  0.2166  0.2591  0.0320  0.2550  1
465:   0.2268  0.2433  0.2248  0.0842  0.2208  1
466:   0.1725  0.1879  0.1845  0.2862  0.1689  1
467:   0.2418  0.2088  0.2688  0.0264  0.2542  1
468:   0.2433  0.2321  0.2231  0.0438  0.2578  1
469:   0.2470  0.2860  0.2256  0.0162  0.2252  1
470:   0.2056  0.1754  0.2132  0.1854  0.2204  1
471:   0.2090  0.1978  0.2232  0.1638  0.2062  1
472:   0.2433  0.2114  0.2232  0.0772  0.2449  1
473:   0.2311  0.2213  0.2668  0.0264  0.2544  1
474:   0.2328  0.2402  0.2368  0.0556  0.2346  1
475:   0.2232  0.1951  0.3027  0.0136  0.2654  1
476:   0.1426  0.1614  0.1520  0.4022  0.1418  1
477:   0.2174  0.2138  0.2190  0.1192  0.2304  1
478:   0.2382  0.1942  0.2474  0.0768  0.2434  1
479:   0.2153  0.2121  0.2606  0.0604  0.2516  1
480:   0.2186  0.2176  0.2403  0.1080  0.2154  1
481:   0.2121  0.2395  0.1979  0.1385  0.2119  1
482:   0.1944  0.2320  0.1624  0.2160  0.1950  1
483:   0.2538  0.2903  0.2166  0.0224  0.2168  1
484:   0.2216  0.2590  0.1982  0.1296  0.1916  1
485:   0.2004  0.2042  0.1820  0.2170  0.1966  1
486:   0.2091  0.2045  0.2363  0.1305  0.2197  1
487:   0.2351  0.2400  0.2529  0.0504  0.2216  1
488:   0.2037  0.2238  0.1832  0.2078  0.1816  1
489:   0.2522  0.2467  0.2182  0.0314  0.2514  1
490:   0.2220  0.2424  0.2505  0.0706  0.2146  1
491:   0.2354  0.2174  0.2320  0.0758  0.2392  1
492:   0.2204  0.2288  0.2130  0.1344  0.2034  1
493:   0.2433  0.2477  0.2295  0.0194  0.2601  1
494:   0.2405  0.2271  0.2676  0.0286  0.2361  1
495:   0.2243  0.2127  0.2557  0.0810  0.2263  1
496:   0.2310  0.2842  0.1684  0.1282  0.1882  1
497:   0.2330  0.2390  0.2406  0.0396  0.2480  1
498:   0.2519  0.1988  0.2452  0.0230  0.2811  1
499:   0.1539  0.1301  0.1567  0.4004  0.1587  1
500:   0.2408  0.2044  0.2642  0.0242  0.2664  1
501:   0.1900  0.1838  0.2194  0.1742  0.2324  1
502:   0.2360  0.2588  0.2366  0.0336  0.2350  1
503:   0.2458  0.2715  0.2208  0.0250  0.2369  1
504:   0.2464  0.2004  0.2440  0.0116  0.2976  1
505:   0.0978  0.1170  0.0940  0.5977  0.0934  1
506:   0.1306  0.1678  0.1030  0.4908  0.1078  1
507:   0.2174  0.2144  0.2110  0.1632  0.1942  1
508:   0.2501  0.2123  0.2429  0.0392  0.2555  1
509:   0.1240  0.1190  0.1264  0.4912  0.1394  1
510:   0.2238  0.2328  0.2290  0.0718  0.2426  1
511:   0.2324  0.2470  0.2477  0.0368  0.2362  1
512:   0.1720  0.1898  0.1890  0.2752  0.1740  1
513:   0.2379  0.1987  0.2431  0.0554  0.2649  1
514:   0.1702  0.1762  0.1564  0.3175  0.1798  1
515:   0.2318  0.2586  0.2050  0.1154  0.1894  1
516:   0.1889  0.2167  0.1949  0.2205  0.1791  1
517:   0.2550  0.2164  0.2433  0.0336  0.2517  1
518:   0.2488  0.2534  0.2164  0.0704  0.2110  1
519:   0.2437  0.2390  0.2403  0.0158  0.2611  1
520:   0.2443  0.2060  0.2110  0.0874  0.2513  1
521:   0.2273  0.2277  0.2519  0.0562  0.2369  1
522:   0.1480  0.1600  0.1422  0.4124  0.1374  1
523:   0.2376  0.1904  0.2575  0.0222  0.2923  1
524:   0.2296  0.2421  0.2094  0.0872  0.2318  1
525:   0.1795  0.1703  0.2267  0.2375  0.1861  1
526:   0.2475  0.2039  0.2635  0.0194  0.2657  1
527:   0.1610  0.1376  0.1560  0.3760  0.1694  1
528:   0.2027  0.2111  0.1757  0.2243  0.1863  1
529:   0.2443  0.2918  0.2085  0.0522  0.2033  1
530:   0.2060  0.2032  0.2014  0.1764  0.2128  1
531:   0.2256  0.2054  0.2403  0.0804  0.2482  1
532:   0.2242  0.2108  0.2582  0.0520  0.2548  1
533:   0.2474  0.2696  0.2178  0.0426  0.2226  1
534:   0.2424  0.1902  0.2418  0.0492  0.2764  1
535:   0.2396  0.2132  0.2212  0.0866  0.2395  1
536:   0.2169  0.2039  0.2289  0.1097  0.2406  1
537:   0.2386  0.2926  0.1778  0.0946  0.1964  1
538:   0.0868  0.0876  0.0964  0.6407  0.0884  1
539:   0.2017  0.1827  0.1897  0.2147  0.2111  1
540:   0.2319  0.2157  0.2417  0.0354  0.2752  1
541:   0.2366  0.2248  0.2332  0.0230  0.2824  1
542:   0.2443  0.2489  0.2471  0.0270  0.2327  1
543:   0.2477  0.1900  0.2638  0.0196  0.2789  1
544:   0.2350  0.2242  0.2737  0.0388  0.2282  1
545:   0.2439  0.2406  0.2216  0.0456  0.2482  1
546:   0.2354  0.1898  0.2670  0.0156  0.2922  1
547:   0.2273  0.2060  0.2528  0.0592  0.2548  1
548:   0.2437  0.1915  0.2547  0.0228  0.2873  1
549:   0.2312  0.2266  0.2738  0.0314  0.2370  1
550:   0.2352  0.2164  0.2610  0.0164  0.2710  1
551:   0.2455  0.2209  0.2311  0.0280  0.2745  1
552:   0.2338  0.1978  0.2626  0.0566  0.2492  1
553:   0.2391  0.2185  0.2391  0.0548  0.2485  1
554:   0.2414  0.2112  0.2745  0.0252  0.2476  1
555:   0.2357  0.2317  0.2235  0.0857  0.2233  1
556:   0.2360  0.2509  0.2032  0.0890  0.2210  1
557:   0.2225  0.2711  0.1897  0.1287  0.1879  1
558:   0.2094  0.2583  0.1838  0.1776  0.1710  1
559:   0.0374  0.0448  0.0352  0.8478  0.0348  1
560:   0.2226  0.2022  0.2448  0.1016  0.2286  1
561:   0.0688  0.0736  0.0632  0.7323  0.0622  1
562:   0.1834  0.2036  0.1794  0.2522  0.1812  1
563:   0.0388  0.0404  0.0422  0.8392  0.0394  1
564:   0.1366  0.1320  0.1228  0.4810  0.1276  1
565:   0.0358  0.0362  0.0374  0.8533  0.0374  1
566:   0.1816  0.1730  0.1830  0.2819  0.1804  1
567:   0.1220  0.1038  0.1290  0.5185  0.1268  1
568:   0.2202  0.1982  0.2540  0.0740  0.2536  1
569:   0.1502  0.1456  0.1388  0.4213  0.1440  1
570:   0.2050  0.2363  0.1638  0.2156  0.1792  1
571:   0.1430  0.1592  0.1552  0.4030  0.1396  1
572:   0.0860  0.0848  0.0832  0.6638  0.0822  1
573:   0.0348  0.0334  0.0342  0.8624  0.0352  1
574:   0.1806  0.2114  0.1850  0.2615  0.1614  1
575:   0.1139  0.1103  0.1273  0.5291  0.1195  1
576:   0.1104  0.1052  0.1198  0.5470  0.1176  1
577:   0.0508  0.0456  0.0500  0.8024  0.0512  1
578:   0.1220  0.1200  0.1296  0.5105  0.1178  1
579:   0.0860  0.0968  0.0830  0.6529  0.0814  1
580:   0.0470  0.0476  0.0546  0.8033  0.0476  1
581:   0.1316  0.1078  0.1226  0.4969  0.1410  1
582:   0.0650  0.0612  0.0610  0.7535  0.0592  1
583:   0.0340  0.0366  0.0320  0.8657  0.0318  1
584:   0.0428  0.0456  0.0398  0.8333  0.0384  1
585:   0.0466  0.0446  0.0484  0.8124  0.0480  1
586:   0.1490  0.1676  0.1702  0.3680  0.1452  1
587:   0.1885  0.2083  0.2163  0.1951  0.1919  1
588:   0.1862  0.1618  0.1730  0.2758  0.2032  1
589:   0.1902  0.1908  0.2197  0.2132  0.1862  1
590:   0.0256  0.0268  0.0242  0.8984  0.0250  1
591:   0.1036  0.1028  0.0980  0.5983  0.0972  1
592:   0.0674  0.0624  0.0746  0.7275  0.0682  1
593:   0.1102  0.1267  0.0978  0.5676  0.0978  1
594:   0.0234  0.0226  0.0234  0.9074  0.0232  1
595:   0.0400  0.0424  0.0370  0.8444  0.0362  1
596:   0.0826  0.0788  0.0830  0.6773  0.0784  1
597:   0.0624  0.0696  0.0602  0.7465  0.0614  1
598:   0.0160  0.0156  0.0160  0.9368  0.0156  1
599:   0.0506  0.0548  0.0462  0.8002  0.0482  1
600:   0.2419  0.3205  0.1806  0.0668  0.1902  1
601:   0.0766  0.0874  0.0774  0.6897  0.0690  1
602:   0.0160  0.0168  0.0160  0.9356  0.0156  1
603:   0.1137  0.1095  0.1141  0.5537  0.1089  1
604:   0.0852  0.1112  0.0672  0.6655  0.0710  1
605:   0.0546  0.0574  0.0538  0.7823  0.0518  1
606:   0.1703  0.1681  0.2183  0.2585  0.1849  1
607:   0.2079  0.2339  0.1909  0.1781  0.1891  1
608:   0.0584  0.0594  0.0556  0.7721  0.0546  1
609:   0.1896  0.1872  0.1890  0.2589  0.1752  1
610:   0.0328  0.0352  0.0296  0.8736  0.0288  1
611:   0.1876  0.2040  0.1824  0.2551  0.1708  1
612:   0.0224  0.0224  0.0224  0.9117  0.0212  1
613:   0.1821  0.2111  0.1679  0.2697  0.1693  1
614:   0.0714  0.0796  0.0682  0.7141  0.0668  1
615:   0.1090  0.1340  0.0840  0.5866  0.0864  1
616:   0.1174  0.1637  0.0864  0.5420  0.0904  1
617:   0.1064  0.1074  0.1090  0.5605  0.1166  1
618:   0.0342  0.0334  0.0336  0.8657  0.0332  1
619:   0.0198  0.0198  0.0198  0.9208  0.0198  1
620:   0.0172  0.0188  0.0168  0.9306  0.0166  1
621:   0.0500  0.0572  0.0486  0.7976  0.0466  1
622:   0.0368  0.0388  0.0368  0.8518  0.0358  1
623:   0.0286  0.0274  0.0278  0.8876  0.0286  1
624:   0.0492  0.0512  0.0510  0.7952  0.0534  1
625:   0.0316  0.0310  0.0320  0.8742  0.0312  1
626:   0.0148  0.0146  0.0144  0.9418  0.0144  1
627:   0.0240  0.0256  0.0238  0.9036  0.0230  1
628:   0.0190  0.0182  0.0194  0.9230  0.0204  1
629:   0.0236  0.0246  0.0232  0.9052  0.0234  1
630:   0.0374  0.0388  0.0358  0.8510  0.0370  1
631:   0.0202  0.0212  0.0200  0.9174  0.0212  1
632:   0.1502  0.1566  0.1716  0.3767  0.1448  1
633:   0.0192  0.0184  0.0186  0.9252  0.0186  1
634:   0.1530  0.1668  0.1698  0.3601  0.1504  1
635:   0.1060  0.1098  0.1200  0.5474  0.1168  1
636:   0.0772  0.0986  0.0622  0.7033  0.0588  1
637:   0.0168  0.0162  0.0168  0.9340  0.0162  1
638:   0.1172  0.1068  0.1263  0.5328  0.1170  1
639:   0.0246  0.0280  0.0230  0.9014  0.0230  1
640:   0.0354  0.0380  0.0336  0.8608  0.0322  1
641:   0.0326  0.0320  0.0362  0.8645  0.0346  1
642:   0.0620  0.0586  0.0600  0.7617  0.0576  1
643:   0.0262  0.0256  0.0248  0.8973  0.0260  1
644:   0.0540  0.0614  0.0486  0.7862  0.0498  1
645:   0.0700  0.0830  0.0594  0.7271  0.0606  1
646:   0.0362  0.0402  0.0334  0.8556  0.0346  1
647:   0.2021  0.1783  0.2153  0.2019  0.2025  1
648:   0.1469  0.1451  0.1579  0.4064  0.1439  1
649:   0.0296  0.0330  0.0274  0.8836  0.0264  1
650:   0.1650  0.2484  0.1058  0.3669  0.1140  1
651:   0.0390  0.0390  0.0382  0.8456  0.0382  1
652:   0.0562  0.0562  0.0558  0.7782  0.0536  1
653:   0.0656  0.0606  0.0682  0.7367  0.0688  1
654:   0.0274  0.0280  0.0282  0.8898  0.0266  1
655:   0.0318  0.0288  0.0332  0.8746  0.0316  1
656:   0.0130  0.0132  0.0138  0.9466  0.0134  1
657:   0.0206  0.0214  0.0202  0.9178  0.0200  1
658:   0.0488  0.0524  0.0496  0.8034  0.0458  1
659:   0.1568  0.1734  0.1332  0.4069  0.1298  1
660:   0.0192  0.0194  0.0204  0.9220  0.0190  1
661:   0.1634  0.1594  0.1560  0.3677  0.1536  1
662:   0.0190  0.0192  0.0190  0.9242  0.0186  1
663:   0.0692  0.0724  0.0748  0.7117  0.0720  1
664:   0.0664  0.0656  0.0636  0.7392  0.0652  1
665:   0.0246  0.0240  0.0242  0.9034  0.0238  1
666:   0.0262  0.0266  0.0270  0.8944  0.0258  1
667:   0.0558  0.0558  0.0558  0.7763  0.0562  1
668:   0.0562  0.0660  0.0494  0.7772  0.0512  1
