1:    0.220 0.169 0.203 0.240 0.168 1    
2:    0.072 0.236 0.269 0.206 0.217 1    
3:    0.048 0.248 0.221 0.270 0.213 1    
4:    0.140 0.238 0.207 0.218 0.197 1    
5:    0.024 0.257 0.240 0.301 0.178 1    
6:    0.082 0.228 0.263 0.211 0.216 1    
7:    0.021 0.228 0.229 0.273 0.248 1    
8:    0.584 0.103 0.093 0.099 0.121 1    
9:    0.018 0.273 0.231 0.246 0.232 1    
10:   0.041 0.230 0.239 0.231 0.259 1    
11:   0.023 0.246 0.270 0.266 0.195 1    
12:   0.038 0.254 0.251 0.275 0.182 1    
13:   0.038 0.257 0.246 0.220 0.240 1    
14:   0.039 0.253 0.220 0.273 0.215 1    
15:   0.080 0.229 0.253 0.218 0.219 1    
16:   0.035 0.223 0.225 0.253 0.263 1    
17:   0.032 0.264 0.215 0.211 0.278 1    
18:   0.313 0.162 0.196 0.168 0.161 1    
19:   0.091 0.232 0.214 0.303 0.161 1    
20:   0.023 0.219 0.269 0.249 0.240 1    
21:   0.037 0.265 0.222 0.226 0.249 1    
22:   0.019 0.268 0.273 0.192 0.248 1    
23:   0.109 0.250 0.211 0.211 0.220 1    
24:   0.059 0.263 0.242 0.228 0.208 1    
25:   0.033 0.242 0.256 0.235 0.234 1    
26:   0.034 0.257 0.228 0.295 0.185 1    
27:   0.047 0.255 0.227 0.304 0.167 1    
28:   0.039 0.255 0.243 0.227 0.236 1    
29:   0.018 0.301 0.239 0.201 0.241 1    
30:   0.040 0.242 0.245 0.236 0.238 1    
31:   0.088 0.217 0.257 0.198 0.240 1    
32:   0.027 0.262 0.271 0.234 0.207 1    
33:   0.074 0.237 0.274 0.197 0.218 1    
34:   0.053 0.237 0.240 0.225 0.245 1    
35:   0.041 0.225 0.219 0.209 0.306 1    
36:   0.020 0.271 0.262 0.231 0.217 1    
37:   0.023 0.267 0.234 0.318 0.158 1    
38:   0.021 0.256 0.274 0.246 0.204 1    
39:   0.050 0.259 0.225 0.238 0.229 1    
40:   0.316 0.177 0.161 0.139 0.207 1    
41:   0.033 0.231 0.234 0.251 0.252 1    
42:   0.022 0.249 0.256 0.231 0.242 1    
43:   0.062 0.236 0.238 0.307 0.156 1    
44:   0.035 0.259 0.240 0.256 0.210 1    
45:   0.021 0.292 0.248 0.204 0.236 1    
46:   0.042 0.275 0.251 0.216 0.216 1    
47:   0.048 0.261 0.234 0.280 0.177 1    
48:   0.162 0.200 0.220 0.198 0.220 1    
49:   0.036 0.245 0.263 0.226 0.229 1    
50:   0.016 0.288 0.259 0.206 0.231 1    
51:   0.061 0.265 0.208 0.221 0.244 1    
52:   0.027 0.228 0.250 0.254 0.241 1    
53:   0.032 0.259 0.256 0.234 0.219 1    
54:   0.106 0.225 0.256 0.265 0.148 1    
55:   0.448 0.147 0.146 0.134 0.126 1    
56:   0.038 0.225 0.253 0.289 0.195 1    
57:   0.013 0.254 0.312 0.208 0.213 1    
58:   0.035 0.258 0.266 0.241 0.201 1    
59:   0.015 0.274 0.281 0.206 0.223 1    
60:   0.022 0.250 0.251 0.256 0.221 1    
61:   0.239 0.192 0.210 0.199 0.160 1    
62:   0.015 0.278 0.277 0.205 0.224 1    
63:   0.052 0.240 0.274 0.201 0.233 1    
64:   0.029 0.263 0.225 0.232 0.251 1    
65:   0.046 0.252 0.216 0.296 0.190 1    
66:   0.040 0.252 0.233 0.244 0.231 1    
67:   0.021 0.244 0.264 0.225 0.246 1    
68:   0.022 0.226 0.281 0.251 0.221 1    
69:   0.061 0.210 0.280 0.216 0.232 1    
70:   0.075 0.243 0.184 0.167 0.332 1    
71:   0.292 0.191 0.173 0.178 0.166 1    
72:   0.020 0.291 0.246 0.217 0.225 1    
73:   0.098 0.230 0.228 0.253 0.190 1    
74:   0.082 0.217 0.245 0.213 0.243 1    
75:   0.037 0.247 0.249 0.250 0.218 1    
76:   0.127 0.207 0.182 0.187 0.296 1    
77:   0.118 0.222 0.212 0.205 0.242 1    
78:   0.059 0.228 0.240 0.321 0.153 1    
79:   0.018 0.248 0.242 0.319 0.173 1    
80:   0.163 0.206 0.231 0.200 0.200 1    
81:   0.173 0.188 0.210 0.225 0.204 1    
82:   0.050 0.248 0.218 0.250 0.235 1    
83:   0.088 0.211 0.201 0.205 0.296 1    
84:   0.082 0.226 0.213 0.187 0.292 1    
85:   0.046 0.246 0.279 0.200 0.229 1    
86:   0.280 0.181 0.187 0.169 0.183 1    
87:   0.029 0.228 0.314 0.228 0.202 1    
88:   0.061 0.246 0.278 0.205 0.210 1    
89:   0.069 0.230 0.214 0.231 0.256 1    
90:   0.291 0.172 0.173 0.182 0.181 1    
91:   0.096 0.240 0.218 0.208 0.238 1    
92:   0.053 0.258 0.249 0.198 0.242 1    
93:   0.052 0.260 0.225 0.213 0.251 1    
94:   0.338 0.149 0.150 0.177 0.186 1    
95:   0.046 0.260 0.239 0.208 0.247 1    
96:   0.082 0.217 0.188 0.233 0.281 1    
97:   0.026 0.251 0.262 0.249 0.211 1    
98:   0.026 0.248 0.245 0.176 0.305 1    
99:   0.028 0.233 0.221 0.199 0.320 1    
100:  0.045 0.265 0.249 0.303 0.138 1    
101:  0.099 0.215 0.207 0.255 0.224 1    
102:  0.026 0.270 0.288 0.190 0.226 1    
103:  0.294 0.183 0.171 0.228 0.125 1    
104:  0.040 0.251 0.224 0.219 0.266 1    
105:  0.058 0.241 0.207 0.259 0.235 1    
106:  0.060 0.214 0.192 0.191 0.343 1    
107:  0.051 0.255 0.253 0.281 0.159 1    
108:  0.053 0.239 0.283 0.205 0.219 1    
109:  0.056 0.239 0.265 0.252 0.188 1    
110:  0.041 0.228 0.251 0.282 0.199 1    
111:  0.063 0.229 0.235 0.203 0.269 1    
112:  0.056 0.248 0.230 0.293 0.173 1    
113:  0.025 0.233 0.255 0.252 0.235 1    
114:  0.095 0.217 0.238 0.232 0.218 1    
115:  0.067 0.233 0.233 0.272 0.195 1    
116:  0.027 0.265 0.243 0.217 0.249 1    
117:  0.063 0.221 0.230 0.275 0.211 1    
118:  0.078 0.228 0.239 0.249 0.205 1    
119:  0.050 0.256 0.205 0.177 0.312 1    
120:  0.313 0.168 0.172 0.173 0.174 1    
121:  0.062 0.242 0.237 0.269 0.190 1    
122:  0.050 0.239 0.225 0.180 0.306 1    
123:  0.026 0.247 0.238 0.213 0.276 1    
124:  0.029 0.226 0.287 0.237 0.221 1    
125:  0.120 0.227 0.177 0.192 0.284 1    
126:  0.027 0.266 0.288 0.187 0.232 1    
127:  0.052 0.251 0.229 0.267 0.201 1    
128:  0.029 0.244 0.232 0.255 0.241 1    
129:  0.326 0.153 0.173 0.172 0.176 1    
130:  0.102 0.221 0.220 0.210 0.246 1    
131:  0.052 0.243 0.242 0.256 0.207 1    
132:  0.031 0.222 0.219 0.257 0.271 1    
133:  0.026 0.241 0.248 0.225 0.261 1    
134:  0.056 0.224 0.250 0.260 0.210 1    
135:  0.652 0.086 0.086 0.100 0.077 1    
136:  0.062 0.217 0.249 0.200 0.272 1    
137:  0.250 0.186 0.169 0.251 0.144 1    
138:  0.034 0.237 0.283 0.233 0.214 1    
139:  0.056 0.238 0.239 0.268 0.200 1    
140:  0.067 0.222 0.249 0.281 0.182 1    
141:  0.121 0.201 0.267 0.255 0.157 1    
142:  0.102 0.221 0.202 0.226 0.248 1    
143:  0.069 0.243 0.235 0.296 0.157 1    
144:  0.029 0.271 0.251 0.197 0.251 1    
145:  0.021 0.255 0.308 0.192 0.224 1    
146:  0.081 0.211 0.247 0.293 0.168 1    
147:  0.029 0.245 0.299 0.218 0.209 1    
148:  0.030 0.210 0.235 0.287 0.238 1    
149:  0.075 0.218 0.215 0.280 0.212 1    
150:  0.179 0.194 0.198 0.227 0.203 1    
151:  0.081 0.217 0.216 0.225 0.261 1    
152:  0.066 0.219 0.220 0.266 0.229 1    
153:  0.051 0.214 0.245 0.285 0.205 1    
154:  0.024 0.260 0.176 0.197 0.343 1    
155:  0.078 0.227 0.223 0.242 0.229 1    
156:  0.062 0.220 0.256 0.262 0.199 1    
157:  0.048 0.243 0.229 0.250 0.230 1    
158:  0.194 0.203 0.185 0.196 0.221 1    
159:  0.052 0.270 0.237 0.208 0.233 1    
160:  0.040 0.244 0.216 0.223 0.277 1    
161:  0.264 0.191 0.161 0.180 0.204 1    
162:  0.041 0.243 0.218 0.255 0.243 1    
163:  0.114 0.219 0.226 0.224 0.217 1    
164:  0.057 0.226 0.251 0.179 0.287 1    
165:  0.039 0.260 0.239 0.232 0.230 1    
166:  0.071 0.225 0.246 0.252 0.205 1    
167:  0.041 0.243 0.242 0.183 0.290 1    
168:  0.247 0.191 0.207 0.190 0.165 1    
169:  0.050 0.250 0.176 0.190 0.333 1    
170:  0.025 0.245 0.209 0.202 0.318 1    
171:  0.039 0.249 0.252 0.222 0.238 1    
172:  0.037 0.237 0.262 0.200 0.264 1    
173:  0.071 0.223 0.230 0.254 0.222 1    
174:  0.058 0.245 0.225 0.226 0.246 1    
175:  0.048 0.240 0.215 0.190 0.306 1    
176:  0.103 0.238 0.200 0.234 0.225 1    
177:  0.148 0.212 0.244 0.202 0.195 1    
178:  0.050 0.250 0.222 0.248 0.230 1    
179:  0.048 0.223 0.247 0.278 0.205 1    
180:  0.011 0.234 0.262 0.246 0.247 1    
181:  0.098 0.215 0.266 0.224 0.197 1    
182:  0.357 0.164 0.159 0.167 0.153 1    
183:  0.195 0.213 0.170 0.179 0.243 1    
184:  0.082 0.231 0.199 0.191 0.297 1    
185:  0.088 0.237 0.223 0.218 0.234 1    
186:  0.044 0.259 0.186 0.182 0.329 1    
187:  0.029 0.240 0.171 0.199 0.360 1    
188:  0.033 0.253 0.194 0.180 0.341 1    
189:  0.047 0.234 0.266 0.257 0.196 1    
190:  0.053 0.251 0.189 0.169 0.339 1    
191:  0.031 0.240 0.277 0.205 0.247 1    
192:  0.715 0.074 0.065 0.078 0.068 1    
193:  0.632 0.087 0.088 0.092 0.101 1    
194:  0.200 0.215 0.166 0.157 0.263 1    
195:  0.088 0.233 0.216 0.212 0.252 1    
196:  0.028 0.249 0.274 0.260 0.190 1    
197:  0.130 0.249 0.216 0.222 0.183 1    
198:  0.037 0.246 0.252 0.235 0.230 1    
199:  0.125 0.210 0.246 0.226 0.194 1    
200:  0.113 0.224 0.202 0.243 0.217 1    
201:  0.225 0.198 0.201 0.181 0.196 1    
202:  0.014 0.270 0.230 0.226 0.260 1    
203:  0.094 0.219 0.221 0.276 0.189 1    
204:  0.022 0.255 0.242 0.221 0.261 1    
205:  0.023 0.237 0.284 0.241 0.214 1    
206:  0.043 0.248 0.248 0.218 0.242 1    
207:  0.035 0.234 0.259 0.262 0.210 1    
208:  0.020 0.249 0.263 0.217 0.251 1    
209:  0.326 0.168 0.169 0.165 0.172 1    
210:  0.033 0.230 0.276 0.275 0.186 1    
211:  0.044 0.247 0.249 0.211 0.249 1    
212:  0.144 0.219 0.207 0.163 0.267 1    
213:  0.063 0.230 0.231 0.272 0.204 1    
214:  0.072 0.232 0.219 0.307 0.171 1    
215:  0.085 0.223 0.210 0.223 0.258 1    
216:  0.052 0.249 0.219 0.191 0.290 1    
217:  0.046 0.256 0.235 0.326 0.136 1    
218:  0.030 0.248 0.252 0.237 0.233 1    
219:  0.023 0.241 0.266 0.253 0.218 1    
220:  0.141 0.235 0.191 0.223 0.210 1    
221:  0.078 0.249 0.230 0.233 0.211 1    
222:  0.122 0.208 0.240 0.216 0.213 1    
223:  0.417 0.146 0.137 0.150 0.150 1    
224:  0.059 0.260 0.244 0.224 0.213 1    
225:  0.032 0.236 0.276 0.218 0.239 1    
226:  0.032 0.248 0.284 0.242 0.193 1    
227:  0.148 0.201 0.178 0.176 0.297 1    
228:  0.072 0.255 0.211 0.208 0.254 1    
229:  0.025 0.241 0.276 0.248 0.210 1    
230:  0.050 0.213 0.194 0.214 0.329 1    
231:  0.023 0.255 0.266 0.218 0.239 1    
232:  0.033 0.244 0.243 0.249 0.231 1    
233:  0.063 0.225 0.265 0.223 0.224 1    
234:  0.032 0.222 0.239 0.234 0.273 1    
235:  0.024 0.245 0.297 0.203 0.231 1    
236:  0.024 0.248 0.261 0.293 0.174 1    
237:  0.041 0.219 0.317 0.206 0.217 1    
238:  0.101 0.211 0.236 0.228 0.224 1    
239:  0.011 0.283 0.257 0.214 0.235 1    
240:  0.281 0.177 0.186 0.196 0.160 1    
241:  0.029 0.240 0.248 0.244 0.239 1    
242:  0.086 0.231 0.239 0.250 0.195 1    
243:  0.032 0.267 0.280 0.223 0.198 1    
244:  0.059 0.241 0.273 0.253 0.173 1    
245:  0.027 0.240 0.260 0.196 0.277 1    
246:  0.014 0.275 0.248 0.223 0.239 1    
247:  0.093 0.220 0.270 0.228 0.188 1    
248:  0.100 0.235 0.232 0.258 0.174 1    
249:  0.243 0.184 0.155 0.165 0.253 1    
250:  0.037 0.219 0.242 0.225 0.278 1    
251:  0.037 0.220 0.204 0.226 0.312 1    
252:  0.018 0.242 0.277 0.263 0.199 1    
253:  0.359 0.164 0.165 0.172 0.140 1    
254:  0.789 0.054 0.045 0.048 0.064 1    
255:  0.097 0.232 0.222 0.208 0.241 1    
256:  0.039 0.239 0.185 0.178 0.358 1    
257:  0.130 0.210 0.198 0.225 0.237 1    
258:  0.055 0.239 0.227 0.213 0.267 1    
259:  0.052 0.254 0.232 0.285 0.178 1    
260:  0.013 0.232 0.310 0.280 0.164 1    
261:  0.028 0.253 0.253 0.227 0.239 1    
262:  0.032 0.230 0.243 0.265 0.230 1    
263:  0.086 0.227 0.248 0.216 0.222 1    
264:  0.026 0.254 0.276 0.238 0.206 1    
265:  0.220 0.177 0.197 0.211 0.196 1    
266:  0.036 0.268 0.265 0.196 0.236 1    
267:  0.040 0.249 0.229 0.275 0.207 1    
268:  0.043 0.231 0.215 0.289 0.222 1    
269:  0.076 0.215 0.264 0.231 0.214 1    
270:  0.415 0.145 0.112 0.125 0.203 1    
271:  0.041 0.225 0.230 0.274 0.230 1    
272:  0.034 0.257 0.227 0.200 0.282 1    
273:  0.020 0.268 0.254 0.293 0.165 1    
274:  0.020 0.285 0.257 0.197 0.242 1    
275:  0.054 0.231 0.238 0.263 0.214 1    
276:  0.035 0.222 0.247 0.285 0.210 1    
277:  0.091 0.254 0.189 0.179 0.287 1    
278:  0.093 0.241 0.224 0.293 0.149 1    
279:  0.014 0.200 0.252 0.242 0.292 1    
280:  0.030 0.265 0.246 0.230 0.229 1    
281:  0.195 0.200 0.186 0.221 0.198 1    
282:  0.033 0.236 0.297 0.213 0.220 1    
283:  0.019 0.255 0.215 0.195 0.316 1    
284:  0.023 0.244 0.231 0.189 0.313 1    
285:  0.051 0.234 0.258 0.213 0.245 1    
286:  0.299 0.175 0.183 0.168 0.175 1    
287:  0.041 0.257 0.232 0.227 0.243 1    
288:  0.027 0.254 0.245 0.258 0.216 1    
289:  0.049 0.254 0.239 0.250 0.207 1    
290:  0.029 0.235 0.291 0.275 0.170 1    
291:  0.060 0.228 0.239 0.237 0.236 1    
292:  0.056 0.237 0.181 0.169 0.356 1    
293:  0.030 0.236 0.237 0.309 0.187 1    
294:  0.033 0.235 0.225 0.228 0.279 1    
295:  0.056 0.205 0.246 0.265 0.228 1    
296:  0.194 0.189 0.196 0.208 0.213 1    
297:  0.057 0.241 0.245 0.243 0.212 1    
298:  0.019 0.264 0.241 0.252 0.224 1    
299:  0.064 0.235 0.251 0.252 0.198 1    
300:  0.177 0.193 0.223 0.176 0.231 1    
301:  0.289 0.153 0.207 0.183 0.169 1    
302:  0.059 0.239 0.207 0.219 0.278 1    
303:  0.057 0.256 0.265 0.220 0.202 1    
304:  0.047 0.235 0.313 0.202 0.203 1    
305:  0.034 0.272 0.222 0.209 0.263 1    
306:  0.092 0.229 0.223 0.274 0.181 1    
307:  0.026 0.258 0.246 0.198 0.273 1    
308:  0.057 0.253 0.230 0.226 0.234 1    
309:  0.058 0.239 0.231 0.238 0.235 1    
310:  0.057 0.239 0.158 0.188 0.357 1    
311:  0.041 0.257 0.233 0.229 0.239 1    
312:  0.058 0.218 0.254 0.267 0.203 1    
313:  0.032 0.267 0.222 0.237 0.242 1    
314:  0.036 0.250 0.264 0.223 0.227 1    
315:  0.025 0.236 0.253 0.249 0.237 1    
316:  0.422 0.138 0.134 0.147 0.159 1    
317:  0.048 0.247 0.225 0.195 0.285 1    
318:  0.033 0.229 0.235 0.266 0.236 1    
319:  0.042 0.220 0.223 0.264 0.252 1    
320:  0.041 0.259 0.245 0.241 0.213 1    
321:  0.509 0.120 0.122 0.128 0.121 1    
322:  0.071 0.260 0.199 0.217 0.253 1    
323:  0.055 0.242 0.247 0.233 0.223 1    
324:  0.050 0.242 0.256 0.196 0.256 1    
325:  0.022 0.267 0.230 0.258 0.223 1    
326:  0.022 0.220 0.215 0.222 0.321 1    
327:  0.186 0.194 0.178 0.235 0.208 1    
328:  0.014 0.257 0.256 0.233 0.240 1    
329:  0.043 0.205 0.232 0.290 0.230 1    
330:  0.135 0.211 0.219 0.217 0.218 1    
331:  0.061 0.244 0.233 0.242 0.220 1    
332:  0.022 0.261 0.221 0.257 0.238 1    
333:  0.028 0.232 0.243 0.259 0.238 1    
334:  0.041 0.255 0.231 0.199 0.275 1    
335:  0.282 0.189 0.159 0.202 0.168 1    
336:  0.102 0.217 0.230 0.232 0.218 1    
337:  0.015 0.257 0.168 0.191 0.369 1    
338:  0.023 0.240 0.292 0.274 0.171 1    
339:  0.052 0.245 0.151 0.188 0.363 1    
340:  0.388 0.158 0.141 0.133 0.180 1    
341:  0.132 0.212 0.234 0.213 0.209 1    
342:  0.038 0.263 0.220 0.218 0.260 1    
343:  0.029 0.209 0.228 0.268 0.266 1    
344:  0.057 0.198 0.207 0.238 0.299 1    
345:  0.027 0.248 0.230 0.317 0.179 1    
346:  0.045 0.219 0.247 0.239 0.249 1    
347:  0.034 0.213 0.237 0.290 0.227 1    
348:  0.063 0.228 0.268 0.205 0.237 1    
349:  0.072 0.223 0.267 0.255 0.182 1    
350:  0.214 0.189 0.203 0.198 0.196 1    
351:  0.087 0.194 0.228 0.262 0.229 1    
352:  0.022 0.241 0.268 0.261 0.208 1    
353:  0.671 0.082 0.079 0.098 0.069 1    
354:  0.030 0.255 0.280 0.239 0.195 1    
355:  0.024 0.221 0.261 0.286 0.208 1    
356:  0.081 0.231 0.219 0.240 0.230 1    
357:  0.054 0.243 0.220 0.302 0.181 1    
358:  0.035 0.256 0.234 0.310 0.165 1    
359:  0.118 0.209 0.257 0.269 0.147 1    
360:  0.074 0.235 0.212 0.327 0.153 1    
361:  0.041 0.241 0.232 0.255 0.230 1    
362:  0.291 0.172 0.160 0.205 0.172 1    
363:  0.174 0.205 0.196 0.193 0.231 1    
364:  0.082 0.220 0.209 0.236 0.253 1    
365:  0.266 0.176 0.168 0.180 0.209 1    
366:  0.092 0.218 0.216 0.251 0.223 1    
367:  0.705 0.073 0.069 0.061 0.092 1    
368:  0.034 0.228 0.209 0.246 0.282 1    
369:  0.035 0.238 0.251 0.218 0.258 1    
370:  0.075 0.228 0.237 0.294 0.166 1    
371:  0.148 0.213 0.208 0.213 0.219 1    
372:  0.044 0.263 0.249 0.206 0.238 1    
373:  0.162 0.198 0.228 0.236 0.176 1    
374:  0.066 0.228 0.244 0.284 0.178 1    
375:  0.110 0.179 0.220 0.231 0.260 1    
376:  0.117 0.204 0.228 0.254 0.198 1    
377:  0.038 0.254 0.230 0.322 0.156 1    
378:  0.030 0.226 0.217 0.199 0.328 1    
379:  0.092 0.200 0.217 0.248 0.243 1    
380:  0.086 0.237 0.208 0.272 0.197 1    
381:  0.045 0.229 0.265 0.255 0.207 1    
382:  0.031 0.255 0.237 0.277 0.201 1    
383:  0.067 0.229 0.215 0.245 0.245 1    
384:  0.016 0.261 0.263 0.224 0.236 1    
385:  0.136 0.212 0.204 0.189 0.259 1    
386:  0.033 0.246 0.243 0.239 0.239 1    
387:  0.187 0.176 0.175 0.197 0.265 1    
388:  0.490 0.128 0.127 0.165 0.090 1    
389:  0.456 0.132 0.133 0.166 0.113 1    
390:  0.041 0.238 0.223 0.221 0.278 1    
391:  0.044 0.244 0.235 0.285 0.192 1    
392:  0.118 0.211 0.234 0.188 0.249 1    
393:  0.038 0.216 0.273 0.242 0.232 1    
394:  0.060 0.195 0.238 0.276 0.231 1    
395:  0.103 0.229 0.232 0.174 0.262 1    
396:  0.034 0.262 0.165 0.163 0.376 1    
397:  0.266 0.172 0.170 0.214 0.178 1    
398:  0.021 0.218 0.251 0.222 0.288 1    
399:  0.017 0.230 0.281 0.255 0.216 1    
400:  0.087 0.233 0.214 0.199 0.267 1    
401:  0.185 0.193 0.171 0.201 0.250 1    
402:  0.055 0.243 0.202 0.175 0.325 1    
403:  0.265 0.172 0.157 0.146 0.259 1    
404:  0.050 0.227 0.322 0.215 0.186 1    
405:  0.029 0.253 0.239 0.266 0.214 1    
406:  0.611 0.096 0.098 0.098 0.097 1    
407:  0.290 0.161 0.180 0.196 0.173 1    
408:  0.023 0.244 0.233 0.258 0.241 1    
409:  0.067 0.228 0.192 0.232 0.282 1    
410:  0.286 0.174 0.174 0.163 0.203 1    
411:  0.033 0.236 0.254 0.271 0.206 1    
412:  0.044 0.229 0.234 0.215 0.278 1    
413:  0.019 0.257 0.256 0.239 0.229 1    
414:  0.172 0.209 0.168 0.237 0.214 1    
415:  0.042 0.215 0.235 0.262 0.246 1    
416:  0.027 0.230 0.235 0.289 0.219 1    
417:  0.084 0.235 0.216 0.302 0.163 1    
418:  0.025 0.239 0.272 0.226 0.238 1    
419:  0.070 0.233 0.242 0.279 0.177 1    
420:  0.510 0.119 0.119 0.125 0.127 1    
421:  0.046 0.259 0.219 0.176 0.300 1    
422:  0.020 0.271 0.252 0.234 0.223 1    
423:  0.027 0.229 0.276 0.289 0.179 1    
424:  0.173 0.205 0.214 0.235 0.173 1    
425:  0.141 0.201 0.218 0.201 0.240 1    
426:  0.063 0.223 0.223 0.215 0.276 1    
427:  0.022 0.233 0.232 0.265 0.248 1    
428:  0.037 0.247 0.178 0.155 0.382 1    
429:  0.459 0.120 0.129 0.131 0.161 1    
430:  0.044 0.250 0.219 0.213 0.275 1    
431:  0.029 0.233 0.247 0.247 0.243 1    
432:  0.020 0.242 0.261 0.326 0.151 1    
433:  0.019 0.252 0.251 0.277 0.201 1    
434:  0.041 0.242 0.260 0.254 0.203 1    
435:  0.075 0.224 0.215 0.200 0.285 1    
436:  0.044 0.241 0.208 0.204 0.304 1    
437:  0.031 0.217 0.262 0.252 0.239 1    
438:  0.044 0.234 0.230 0.255 0.236 1    
439:  0.074 0.253 0.169 0.162 0.343 1    
440:  0.020 0.295 0.239 0.209 0.237 1    
441:  0.134 0.189 0.199 0.224 0.253 1    
442:  0.204 0.188 0.191 0.260 0.157 1    
443:  0.026 0.221 0.223 0.286 0.244 1    
444:  0.016 0.241 0.259 0.280 0.204 1    
445:  0.052 0.232 0.219 0.225 0.273 1    
446:  0.050 0.230 0.276 0.241 0.204 1    
447:  0.305 0.173 0.178 0.197 0.147 1    
448:  0.044 0.240 0.219 0.218 0.279 1    
449:  0.026 0.285 0.221 0.226 0.243 1    
450:  0.340 0.158 0.190 0.157 0.156 1    
451:  0.423 0.140 0.135 0.123 0.179 1    
452:  0.026 0.227 0.314 0.219 0.215 1    
453:  0.069 0.235 0.180 0.180 0.335 1    
454:  0.052 0.226 0.217 0.233 0.271 1    
455:  0.047 0.232 0.307 0.193 0.221 1    
456:  0.068 0.243 0.223 0.274 0.192 1    
457:  0.021 0.244 0.264 0.201 0.270 1    
458:  0.033 0.253 0.248 0.238 0.228 1    
459:  0.244 0.188 0.181 0.203 0.183 1    
460:  0.555 0.105 0.111 0.117 0.112 1    
461:  0.080 0.231 0.238 0.229 0.222 1    
462:  0.029 0.241 0.213 0.254 0.263 1    
463:  0.024 0.266 0.274 0.223 0.214 1    
464:  0.034 0.232 0.274 0.255 0.206 1    
465:  0.089 0.233 0.226 0.226 0.227 1    
466:  0.286 0.167 0.171 0.190 0.187 1    
467:  0.027 0.224 0.282 0.274 0.194 1    
468:  0.047 0.238 0.264 0.210 0.242 1    
469:  0.017 0.245 0.244 0.221 0.273 1    
470:  0.202 0.200 0.224 0.200 0.174 1    
471:  0.165 0.216 0.218 0.223 0.178 1    
472:  0.080 0.232 0.223 0.227 0.237 1    
473:  0.028 0.242 0.259 0.275 0.195 1    
474:  0.058 0.231 0.261 0.238 0.212 1    
475:  0.015 0.241 0.313 0.291 0.141 1    
476:  0.395 0.141 0.145 0.158 0.162 1    
477:  0.126 0.212 0.248 0.207 0.206 1    
478:  0.080 0.244 0.230 0.244 0.203 1    
479:  0.062 0.199 0.288 0.260 0.189 1    
480:  0.109 0.227 0.221 0.257 0.185 1    
481:  0.141 0.205 0.213 0.195 0.246 1    
482:  0.222 0.191 0.206 0.147 0.235 1    
483:  0.024 0.240 0.206 0.219 0.311 1    
484:  0.131 0.223 0.188 0.199 0.259 1    
485:  0.220 0.197 0.179 0.176 0.228 1    
486:  0.135 0.211 0.245 0.236 0.172 1    
487:  0.053 0.229 0.228 0.277 0.213 1    
488:  0.209 0.162 0.158 0.203 0.268 1    
489:  0.033 0.246 0.238 0.210 0.272 1    
490:  0.076 0.241 0.200 0.266 0.218 1    
491:  0.078 0.229 0.238 0.233 0.222 1    
492:  0.137 0.200 0.185 0.235 0.244 1    
493:  0.021 0.259 0.248 0.208 0.264 1    
494:  0.031 0.231 0.266 0.264 0.208 1    
495:  0.084 0.241 0.211 0.280 0.185 1    
496:  0.138 0.234 0.173 0.171 0.284 1    
497:  0.043 0.225 0.236 0.238 0.258 1    
498:  0.024 0.273 0.253 0.222 0.228 1    
499:  0.402 0.142 0.163 0.156 0.138 1    
500:  0.026 0.245 0.270 0.267 0.193 1    
501:  0.183 0.188 0.258 0.195 0.176 1    
502:  0.036 0.218 0.235 0.237 0.274 1    
503:  0.026 0.262 0.226 0.215 0.272 1    
504:  0.012 0.262 0.291 0.199 0.236 1    
505:  0.595 0.090 0.101 0.092 0.121 1    
506:  0.493 0.114 0.103 0.102 0.188 1    
507:  0.172 0.197 0.181 0.235 0.216 1    
508:  0.040 0.265 0.240 0.227 0.229 1    
509:  0.488 0.126 0.156 0.110 0.120 1    
510:  0.074 0.203 0.281 0.216 0.226 1    
511:  0.039 0.239 0.231 0.257 0.234 1    
512:  0.255 0.202 0.180 0.200 0.163 1    
513:  0.059 0.235 0.267 0.214 0.225 1    
514:  0.314 0.165 0.183 0.147 0.191 1    
515:  0.121 0.203 0.191 0.209 0.276 1    
516:  0.225 0.174 0.186 0.197 0.218 1    
517:  0.037 0.217 0.228 0.239 0.279 1    
518:  0.076 0.195 0.190 0.252 0.287 1    
519:  0.016 0.216 0.282 0.244 0.241 1    
520:  0.096 0.223 0.225 0.213 0.243 1    
521:  0.060 0.209 0.247 0.268 0.216 1    
522:  0.415 0.136 0.134 0.149 0.166 1    
523:  0.023 0.238 0.323 0.221 0.195 1    
524:  0.095 0.185 0.255 0.217 0.248 1    
525:  0.237 0.212 0.182 0.250 0.120 1    
526:  0.021 0.254 0.263 0.253 0.209 1    
527:  0.380 0.164 0.161 0.142 0.153 1    
528:  0.223 0.215 0.165 0.176 0.220 1    
529:  0.057 0.229 0.210 0.211 0.294 1    
530:  0.175 0.205 0.197 0.204 0.219 1    
531:  0.086 0.227 0.265 0.229 0.193 1    
532:  0.053 0.227 0.247 0.259 0.214 1    
533:  0.046 0.227 0.229 0.224 0.275 1    
534:  0.051 0.274 0.245 0.210 0.220 1    
535:  0.089 0.248 0.224 0.219 0.221 1    
536:  0.112 0.212 0.269 0.217 0.189 1    
537:  0.101 0.196 0.179 0.202 0.322 1    
538:  0.637 0.088 0.092 0.105 0.078 1    
539:  0.220 0.203 0.202 0.177 0.198 1    
540:  0.038 0.215 0.312 0.209 0.225 1    
541:  0.026 0.240 0.312 0.195 0.227 1    
542:  0.029 0.229 0.222 0.266 0.255 1    
543:  0.021 0.280 0.255 0.221 0.224 1    
544:  0.041 0.239 0.228 0.295 0.196 1    
545:  0.048 0.250 0.251 0.203 0.248 1    
546:  0.017 0.243 0.319 0.217 0.204 1    
547:  0.062 0.206 0.298 0.248 0.186 1    
548:  0.024 0.258 0.287 0.220 0.210 1    
549:  0.032 0.253 0.237 0.289 0.189 1    
550:  0.017 0.216 0.312 0.245 0.210 1    
551:  0.030 0.247 0.280 0.198 0.244 1    
552:  0.061 0.228 0.247 0.280 0.183 1    
553:  0.060 0.242 0.238 0.236 0.224 1    
554:  0.027 0.248 0.240 0.292 0.192 1    
555:  0.090 0.191 0.193 0.264 0.261 1    
556:  0.094 0.242 0.206 0.193 0.265 1    
557:  0.131 0.225 0.192 0.185 0.267 1    
558:  0.182 0.187 0.167 0.197 0.267 1    
559:  0.836 0.038 0.038 0.040 0.049 1    
560:  0.104 0.215 0.246 0.249 0.186 1    
561:  0.729 0.053 0.056 0.078 0.085 1    
562:  0.267 0.163 0.194 0.177 0.199 1    
563:  0.831 0.042 0.043 0.044 0.040 1    
564:  0.487 0.122 0.115 0.130 0.147 1    
565:  0.841 0.038 0.041 0.041 0.039 1    
566:  0.274 0.183 0.176 0.193 0.174 1    
567:  0.514 0.130 0.127 0.130 0.099 1    
568:  0.078 0.226 0.273 0.240 0.183 1    
569:  0.425 0.137 0.126 0.151 0.161 1    
570:  0.226 0.199 0.172 0.162 0.241 1    
571:  0.411 0.129 0.136 0.165 0.159 1    
572:  0.657 0.076 0.081 0.096 0.090 1    
573:  0.854 0.038 0.034 0.036 0.038 1    
574:  0.261 0.170 0.170 0.203 0.196 1    
575:  0.530 0.106 0.124 0.138 0.102 1    
576:  0.556 0.102 0.115 0.123 0.104 1    
577:  0.798 0.053 0.050 0.051 0.048 1    
578:  0.505 0.127 0.112 0.141 0.114 1    
579:  0.642 0.089 0.089 0.086 0.094 1    
580:  0.790 0.051 0.053 0.063 0.043 1    
581:  0.504 0.129 0.133 0.110 0.124 1    
582:  0.747 0.063 0.060 0.065 0.064 1    
583:  0.864 0.034 0.035 0.034 0.034 1    
584:  0.819 0.045 0.043 0.042 0.052 1    
585:  0.804 0.050 0.049 0.055 0.042 1    
586:  0.353 0.153 0.150 0.178 0.165 1    
587:  0.184 0.187 0.201 0.242 0.185 1    
588:  0.285 0.182 0.190 0.159 0.184 1    
589:  0.214 0.159 0.179 0.260 0.189 1    
590:  0.892 0.025 0.027 0.027 0.029 1    
591:  0.591 0.103 0.082 0.107 0.117 1    
592:  0.722 0.070 0.068 0.080 0.061 1    
593:  0.546 0.123 0.093 0.103 0.136 1    
594:  0.903 0.025 0.024 0.025 0.024 1    
595:  0.826 0.040 0.041 0.043 0.050 1    
596:  0.669 0.082 0.080 0.085 0.084 1    
597:  0.736 0.065 0.070 0.063 0.067 1    
598:  0.932 0.017 0.016 0.018 0.017 1    
599:  0.791 0.051 0.048 0.051 0.059 1    
600:  0.071 0.231 0.188 0.176 0.334 1    
601:  0.672 0.082 0.072 0.084 0.090 1    
602:  0.930 0.017 0.018 0.017 0.018 1    
603:  0.545 0.107 0.099 0.135 0.115 1    
604:  0.645 0.087 0.082 0.071 0.116 1    
605:  0.775 0.054 0.053 0.060 0.058 1    
606:  0.260 0.181 0.183 0.244 0.132 1    
607:  0.177 0.204 0.200 0.186 0.233 1    
608:  0.757 0.058 0.059 0.064 0.061 1    
609:  0.272 0.175 0.165 0.204 0.183 1    
610:  0.867 0.036 0.031 0.031 0.035 1    
611:  0.254 0.179 0.166 0.187 0.213 1    
612:  0.904 0.023 0.022 0.025 0.026 1    
613:  0.274 0.182 0.154 0.174 0.216 1    
614:  0.698 0.071 0.070 0.072 0.089 1    
615:  0.570 0.109 0.078 0.093 0.150 1    
616:  0.527 0.123 0.086 0.085 0.177 1    
617:  0.553 0.105 0.127 0.104 0.111 1    
618:  0.860 0.036 0.035 0.035 0.034 1    
619:  0.914 0.022 0.021 0.022 0.021 1    
620:  0.926 0.018 0.017 0.019 0.019 1    
621:  0.787 0.052 0.049 0.052 0.060 1    
622:  0.843 0.038 0.038 0.041 0.040 1    
623:  0.881 0.032 0.031 0.027 0.028 1    
624:  0.791 0.048 0.060 0.053 0.048 1    
625:  0.869 0.033 0.033 0.034 0.030 1    
626:  0.937 0.016 0.016 0.015 0.016 1    
627:  0.898 0.025 0.023 0.027 0.027 1    
628:  0.920 0.020 0.021 0.020 0.019 1    
629:  0.899 0.025 0.026 0.024 0.027 1    
630:  0.845 0.037 0.039 0.036 0.042 1    
631:  0.911 0.020 0.023 0.022 0.024 1    
632:  0.392 0.120 0.134 0.201 0.153 1    
633:  0.922 0.020 0.020 0.020 0.019 1    
634:  0.365 0.153 0.166 0.164 0.152 1    
635:  0.543 0.096 0.120 0.126 0.115 1    
636:  0.701 0.072 0.060 0.060 0.106 1    
637:  0.929 0.018 0.017 0.019 0.018 1    
638:  0.530 0.107 0.124 0.142 0.098 1    
639:  0.895 0.024 0.024 0.027 0.030 1    
640:  0.847 0.040 0.033 0.038 0.043 1    
641:  0.855 0.035 0.035 0.041 0.033 1    
642:  0.755 0.059 0.057 0.066 0.063 1    
643:  0.888 0.028 0.027 0.029 0.027 1    
644:  0.768 0.053 0.049 0.055 0.075 1    
645:  0.715 0.060 0.055 0.075 0.094 1    
646:  0.853 0.036 0.033 0.033 0.044 1    
647:  0.202 0.211 0.179 0.231 0.176 1    
648:  0.413 0.130 0.132 0.180 0.145 1    
649:  0.877 0.032 0.028 0.029 0.034 1    
650:  0.366 0.171 0.109 0.102 0.252 1    
651:  0.842 0.038 0.038 0.042 0.041 1    
652:  0.769 0.053 0.055 0.066 0.057 1    
653:  0.732 0.068 0.072 0.069 0.059 1    
654:  0.886 0.030 0.028 0.029 0.028 1    
655:  0.869 0.033 0.031 0.036 0.031 1    
656:  0.943 0.014 0.014 0.014 0.014 1    
657:  0.911 0.022 0.021 0.022 0.023 1    
658:  0.793 0.050 0.048 0.056 0.053 1    
659:  0.403 0.152 0.121 0.142 0.183 1    
660:  0.916 0.021 0.022 0.021 0.020 1    
661:  0.370 0.154 0.147 0.171 0.158 1    
662:  0.918 0.020 0.020 0.019 0.022 1    
663:  0.719 0.067 0.074 0.075 0.065 1    
664:  0.731 0.066 0.065 0.064 0.075 1    
665:  0.900 0.024 0.022 0.029 0.025 1    
666:  0.889 0.028 0.025 0.029 0.029 1    
667:  0.772 0.056 0.058 0.058 0.056 1    
668:  0.765 0.056 0.055 0.058 0.066 1    
                    
                    
1:    0.161 0.211 0.155 0.244 0.230 1    
2:    0.244 0.272 0.179 0.237 0.068 1    
3:    0.237 0.256 0.195 0.265 0.047 1    
4:    0.234 0.217 0.186 0.220 0.143 1    
5:    0.263 0.265 0.188 0.260 0.023 1    
6:    0.251 0.237 0.193 0.238 0.081 1    
7:    0.236 0.220 0.264 0.260 0.020 1    
8:    0.104 0.098 0.117 0.098 0.583 1    
9:    0.279 0.262 0.195 0.247 0.017 1    
10:   0.243 0.216 0.277 0.224 0.040 1    
11:   0.247 0.261 0.202 0.267 0.022 1    
12:   0.257 0.275 0.161 0.270 0.038 1    
13:   0.260 0.240 0.233 0.232 0.035 1    
14:   0.268 0.257 0.171 0.266 0.037 1    
15:   0.232 0.259 0.211 0.215 0.083 1    
16:   0.262 0.223 0.233 0.249 0.032 1    
17:   0.282 0.266 0.228 0.195 0.029 1    
18:   0.184 0.187 0.149 0.175 0.305 1    
19:   0.226 0.243 0.187 0.254 0.090 1    
20:   0.227 0.239 0.272 0.241 0.021 1    
21:   0.247 0.274 0.240 0.206 0.034 1    
22:   0.247 0.277 0.266 0.191 0.019 1    
23:   0.248 0.231 0.189 0.223 0.108 1    
24:   0.251 0.246 0.188 0.260 0.056 1    
25:   0.243 0.237 0.242 0.246 0.032 1    
26:   0.249 0.264 0.187 0.267 0.034 1    
27:   0.237 0.273 0.177 0.266 0.047 1    
28:   0.255 0.286 0.196 0.225 0.038 1    
29:   0.291 0.306 0.153 0.233 0.018 1    
30:   0.255 0.284 0.203 0.220 0.038 1    
31:   0.207 0.219 0.281 0.208 0.085 1    
32:   0.278 0.266 0.173 0.256 0.027 1    
33:   0.252 0.270 0.189 0.216 0.073 1    
34:   0.231 0.240 0.257 0.215 0.057 1    
35:   0.269 0.228 0.264 0.199 0.040 1    
36:   0.264 0.304 0.182 0.231 0.020 1    
37:   0.251 0.282 0.167 0.278 0.022 1    
38:   0.256 0.249 0.204 0.269 0.021 1    
39:   0.256 0.261 0.192 0.238 0.053 1    
40:   0.168 0.163 0.198 0.149 0.322 1    
41:   0.232 0.255 0.262 0.216 0.035 1    
42:   0.250 0.265 0.213 0.251 0.022 1    
43:   0.213 0.255 0.189 0.281 0.061 1    
44:   0.268 0.271 0.174 0.252 0.035 1    
45:   0.271 0.307 0.175 0.226 0.020 1    
46:   0.282 0.274 0.160 0.244 0.040 1    
47:   0.234 0.277 0.166 0.273 0.049 1    
48:   0.211 0.213 0.201 0.220 0.155 1    
49:   0.259 0.254 0.193 0.259 0.034 1    
50:   0.295 0.309 0.159 0.222 0.015 1    
51:   0.267 0.242 0.208 0.219 0.064 1    
52:   0.239 0.261 0.224 0.249 0.026 1    
53:   0.253 0.262 0.199 0.255 0.031 1    
54:   0.220 0.252 0.148 0.274 0.106 1    
55:   0.148 0.151 0.118 0.149 0.434 1    
56:   0.202 0.251 0.221 0.285 0.042 1    
57:   0.259 0.291 0.168 0.270 0.012 1    
58:   0.262 0.255 0.163 0.288 0.032 1    
59:   0.287 0.294 0.150 0.255 0.014 1    
60:   0.254 0.271 0.199 0.255 0.021 1    
61:   0.195 0.205 0.151 0.213 0.236 1    
62:   0.272 0.313 0.141 0.260 0.014 1    
63:   0.239 0.246 0.225 0.241 0.049 1    
64:   0.237 0.256 0.249 0.230 0.028 1    
65:   0.267 0.247 0.190 0.252 0.043 1    
66:   0.263 0.254 0.204 0.239 0.040 1    
67:   0.262 0.244 0.211 0.262 0.021 1    
68:   0.255 0.296 0.192 0.236 0.022 1    
69:   0.230 0.245 0.207 0.258 0.061 1    
70:   0.223 0.209 0.329 0.164 0.074 1    
71:   0.183 0.191 0.162 0.181 0.283 1    
72:   0.287 0.300 0.155 0.238 0.020 1    
73:   0.213 0.244 0.201 0.243 0.100 1    
74:   0.227 0.218 0.244 0.231 0.080 1    
75:   0.255 0.263 0.193 0.254 0.036 1    
76:   0.202 0.214 0.272 0.182 0.129 1    
77:   0.210 0.198 0.246 0.225 0.120 1    
78:   0.210 0.255 0.174 0.306 0.054 1    
79:   0.224 0.253 0.201 0.305 0.017 1    
80:   0.221 0.213 0.193 0.210 0.162 1    
81:   0.201 0.202 0.202 0.214 0.181 1    
82:   0.251 0.236 0.212 0.252 0.050 1    
83:   0.226 0.210 0.274 0.204 0.086 1    
84:   0.217 0.239 0.283 0.187 0.073 1    
85:   0.256 0.273 0.180 0.247 0.043 1    
86:   0.180 0.177 0.202 0.175 0.265 1    
87:   0.210 0.271 0.256 0.236 0.027 1    
88:   0.237 0.280 0.197 0.228 0.059 1    
89:   0.226 0.210 0.275 0.223 0.067 1    
90:   0.195 0.174 0.190 0.162 0.278 1    
91:   0.242 0.224 0.220 0.224 0.090 1    
92:   0.239 0.297 0.206 0.203 0.055 1    
93:   0.278 0.254 0.188 0.226 0.054 1    
94:   0.179 0.146 0.182 0.177 0.316 1    
95:   0.254 0.256 0.218 0.228 0.044 1    
96:   0.243 0.191 0.268 0.226 0.072 1    
97:   0.260 0.247 0.219 0.250 0.024 1    
98:   0.221 0.255 0.319 0.178 0.027 1    
99:   0.242 0.208 0.320 0.204 0.026 1    
100:  0.236 0.264 0.131 0.326 0.043 1    
101:  0.245 0.206 0.193 0.264 0.092 1    
102:  0.286 0.295 0.155 0.240 0.024 1    
103:  0.161 0.184 0.109 0.232 0.314 1    
104:  0.253 0.217 0.264 0.227 0.038 1    
105:  0.272 0.245 0.198 0.228 0.057 1    
106:  0.234 0.186 0.330 0.194 0.057 1    
107:  0.235 0.253 0.154 0.306 0.052 1    
108:  0.245 0.250 0.213 0.243 0.049 1    
109:  0.221 0.235 0.228 0.261 0.054 1    
110:  0.225 0.247 0.223 0.262 0.043 1    
111:  0.225 0.231 0.266 0.211 0.066 1    
112:  0.246 0.248 0.158 0.288 0.059 1    
113:  0.268 0.285 0.198 0.226 0.024 1    
114:  0.228 0.219 0.215 0.240 0.099 1    
115:  0.246 0.236 0.189 0.262 0.067 1    
116:  0.258 0.245 0.240 0.231 0.026 1    
117:  0.234 0.241 0.213 0.250 0.062 1    
118:  0.230 0.234 0.202 0.258 0.076 1    
119:  0.218 0.191 0.372 0.166 0.053 1    
120:  0.162 0.163 0.175 0.176 0.324 1    
121:  0.208 0.222 0.244 0.262 0.063 1    
122:  0.236 0.228 0.306 0.181 0.049 1    
123:  0.253 0.257 0.247 0.216 0.027 1    
124:  0.251 0.229 0.229 0.263 0.028 1    
125:  0.201 0.195 0.306 0.168 0.130 1    
126:  0.267 0.285 0.184 0.240 0.024 1    
127:  0.281 0.240 0.181 0.253 0.045 1    
128:  0.243 0.236 0.224 0.269 0.028 1    
129:  0.143 0.148 0.200 0.173 0.335 1    
130:  0.194 0.201 0.323 0.173 0.110 1    
131:  0.256 0.257 0.200 0.236 0.051 1    
132:  0.236 0.239 0.253 0.243 0.029 1    
133:  0.206 0.211 0.357 0.202 0.024 1    
134:  0.248 0.227 0.223 0.247 0.055 1    
135:  0.089 0.080 0.088 0.092 0.651 1    
136:  0.235 0.238 0.250 0.221 0.056 1    
137:  0.182 0.186 0.169 0.216 0.248 1    
138:  0.249 0.273 0.204 0.242 0.032 1    
139:  0.226 0.242 0.215 0.263 0.054 1    
140:  0.206 0.246 0.204 0.281 0.063 1    
141:  0.182 0.222 0.210 0.272 0.114 1    
142:  0.244 0.197 0.238 0.220 0.101 1    
143:  0.232 0.258 0.182 0.262 0.066 1    
144:  0.250 0.285 0.205 0.234 0.027 1    
145:  0.263 0.291 0.183 0.242 0.021 1    
146:  0.226 0.243 0.157 0.293 0.082 1    
147:  0.249 0.271 0.188 0.266 0.027 1    
148:  0.252 0.223 0.219 0.278 0.027 1    
149:  0.222 0.227 0.226 0.244 0.080 1    
150:  0.211 0.197 0.191 0.225 0.177 1    
151:  0.229 0.223 0.247 0.222 0.078 1    
152:  0.255 0.233 0.201 0.246 0.064 1    
153:  0.213 0.229 0.239 0.262 0.056 1    
154:  0.257 0.206 0.336 0.179 0.023 1    
155:  0.233 0.228 0.231 0.230 0.078 1    
156:  0.203 0.242 0.227 0.272 0.056 1    
157:  0.257 0.238 0.220 0.238 0.047 1    
158:  0.194 0.179 0.248 0.192 0.187 1    
159:  0.264 0.263 0.202 0.223 0.049 1    
160:  0.249 0.232 0.257 0.226 0.037 1    
161:  0.191 0.176 0.208 0.161 0.264 1    
162:  0.227 0.236 0.256 0.242 0.039 1    
163:  0.224 0.213 0.231 0.220 0.112 1    
164:  0.212 0.235 0.302 0.197 0.054 1    
165:  0.248 0.246 0.239 0.229 0.038 1    
166:  0.227 0.236 0.210 0.256 0.071 1    
167:  0.217 0.262 0.283 0.195 0.042 1    
168:  0.197 0.191 0.157 0.201 0.254 1    
169:  0.235 0.196 0.359 0.159 0.052 1    
170:  0.224 0.243 0.302 0.206 0.025 1    
171:  0.257 0.243 0.231 0.232 0.038 1    
172:  0.248 0.270 0.215 0.231 0.036 1    
173:  0.234 0.233 0.219 0.246 0.068 1    
174:  0.248 0.240 0.224 0.231 0.058 1    
175:  0.238 0.226 0.316 0.172 0.049 1    
176:  0.234 0.226 0.234 0.207 0.098 1    
177:  0.197 0.241 0.202 0.217 0.144 1    
178:  0.256 0.220 0.233 0.244 0.047 1    
179:  0.224 0.252 0.193 0.285 0.046 1    
180:  0.206 0.233 0.342 0.208 0.011 1    
181:  0.211 0.231 0.210 0.251 0.097 1    
182:  0.161 0.165 0.150 0.170 0.355 1    
183:  0.208 0.181 0.259 0.155 0.197 1    
184:  0.224 0.199 0.330 0.167 0.081 1    
185:  0.223 0.217 0.249 0.230 0.081 1    
186:  0.227 0.172 0.373 0.187 0.042 1    
187:  0.239 0.180 0.382 0.171 0.029 1    
188:  0.235 0.199 0.355 0.179 0.033 1    
189:  0.252 0.259 0.195 0.249 0.046 1    
190:  0.212 0.180 0.379 0.171 0.057 1    
191:  0.242 0.289 0.217 0.221 0.032 1    
192:  0.071 0.071 0.066 0.072 0.720 1    
193:  0.089 0.082 0.101 0.093 0.636 1    
194:  0.183 0.167 0.282 0.155 0.213 1    
195:  0.210 0.196 0.306 0.201 0.086 1    
196:  0.228 0.244 0.231 0.272 0.025 1    
197:  0.233 0.240 0.154 0.239 0.135 1    
198:  0.257 0.256 0.206 0.244 0.037 1    
199:  0.198 0.233 0.204 0.245 0.120 1    
200:  0.222 0.224 0.220 0.220 0.114 1    
201:  0.197 0.211 0.190 0.173 0.230 1    
202:  0.264 0.282 0.217 0.223 0.014 1    
203:  0.224 0.227 0.180 0.279 0.091 1    
204:  0.213 0.207 0.320 0.237 0.023 1    
205:  0.246 0.266 0.209 0.258 0.022 1    
206:  0.236 0.259 0.242 0.222 0.041 1    
207:  0.197 0.242 0.280 0.248 0.034 1    
208:  0.235 0.238 0.304 0.205 0.018 1    
209:  0.171 0.156 0.181 0.168 0.324 1    
210:  0.232 0.252 0.217 0.266 0.033 1    
211:  0.208 0.231 0.293 0.225 0.044 1    
212:  0.188 0.219 0.291 0.162 0.140 1    
213:  0.234 0.218 0.211 0.277 0.059 1    
214:  0.231 0.239 0.191 0.273 0.066 1    
215:  0.220 0.196 0.307 0.200 0.077 1    
216:  0.210 0.242 0.306 0.190 0.052 1    
217:  0.236 0.258 0.172 0.286 0.048 1    
218:  0.200 0.224 0.297 0.249 0.030 1    
219:  0.249 0.218 0.243 0.268 0.022 1    
220:  0.215 0.230 0.210 0.205 0.140 1    
221:  0.243 0.264 0.185 0.234 0.074 1    
222:  0.192 0.241 0.225 0.221 0.120 1    
223:  0.150 0.137 0.147 0.148 0.418 1    
224:  0.242 0.254 0.217 0.228 0.060 1    
225:  0.257 0.251 0.198 0.264 0.030 1    
226:  0.258 0.241 0.181 0.291 0.029 1    
227:  0.215 0.178 0.287 0.177 0.143 1    
228:  0.222 0.215 0.289 0.194 0.079 1    
229:  0.233 0.245 0.237 0.261 0.025 1    
230:  0.259 0.192 0.285 0.214 0.050 1    
231:  0.269 0.250 0.200 0.261 0.021 1    
232:  0.249 0.235 0.226 0.256 0.035 1    
233:  0.230 0.262 0.206 0.237 0.065 1    
234:  0.205 0.218 0.332 0.213 0.031 1    
235:  0.257 0.271 0.192 0.257 0.023 1    
236:  0.221 0.260 0.180 0.314 0.025 1    
237:  0.232 0.260 0.187 0.282 0.039 1    
238:  0.232 0.225 0.210 0.236 0.096 1    
239:  0.273 0.302 0.175 0.239 0.010 1    
240:  0.170 0.161 0.189 0.185 0.295 1    
241:  0.229 0.233 0.289 0.222 0.027 1    
242:  0.243 0.228 0.178 0.271 0.080 1    
243:  0.256 0.279 0.175 0.260 0.030 1    
244:  0.210 0.229 0.206 0.293 0.061 1    
245:  0.237 0.263 0.269 0.206 0.026 1    
246:  0.269 0.277 0.196 0.244 0.014 1    
247:  0.211 0.237 0.203 0.254 0.094 1    
248:  0.216 0.248 0.176 0.266 0.094 1    
249:  0.189 0.179 0.239 0.158 0.236 1    
250:  0.259 0.216 0.239 0.248 0.038 1    
251:  0.274 0.189 0.272 0.230 0.035 1    
252:  0.228 0.259 0.202 0.294 0.017 1    
253:  0.152 0.167 0.154 0.170 0.358 1    
254:  0.050 0.043 0.066 0.042 0.798 1    
255:  0.233 0.231 0.226 0.217 0.092 1    
256:  0.241 0.184 0.369 0.168 0.039 1    
257:  0.223 0.215 0.221 0.216 0.125 1    
258:  0.245 0.273 0.211 0.221 0.049 1    
259:  0.250 0.260 0.165 0.273 0.052 1    
260:  0.231 0.247 0.176 0.334 0.013 1    
261:  0.211 0.213 0.323 0.226 0.026 1    
262:  0.227 0.221 0.267 0.254 0.030 1    
263:  0.221 0.241 0.221 0.231 0.086 1    
264:  0.260 0.272 0.166 0.275 0.027 1    
265:  0.211 0.190 0.182 0.203 0.214 1    
266:  0.251 0.281 0.216 0.217 0.036 1    
267:  0.255 0.255 0.193 0.254 0.043 1    
268:  0.242 0.243 0.205 0.269 0.041 1    
269:  0.228 0.254 0.216 0.229 0.073 1    
270:  0.147 0.109 0.247 0.098 0.399 1    
271:  0.232 0.233 0.206 0.288 0.041 1    
272:  0.253 0.244 0.278 0.192 0.034 1    
273:  0.257 0.282 0.161 0.282 0.019 1    
274:  0.292 0.281 0.165 0.242 0.019 1    
275:  0.259 0.227 0.177 0.282 0.054 1    
276:  0.253 0.252 0.181 0.279 0.035 1    
277:  0.220 0.181 0.326 0.177 0.096 1    
278:  0.210 0.256 0.152 0.288 0.094 1    
279:  0.232 0.210 0.314 0.231 0.014 1    
280:  0.291 0.244 0.172 0.265 0.029 1    
281:  0.215 0.182 0.203 0.217 0.183 1    
282:  0.228 0.277 0.210 0.252 0.032 1    
283:  0.238 0.236 0.337 0.172 0.017 1    
