1:    0.325 0.299 0.375 1    
2:    0.374 0.354 0.272 1    
3:    0.350 0.322 0.328 1    
4:    0.340 0.402 0.258 1    
5:    0.334 0.384 0.282 1    
6:    0.335 0.321 0.344 1    
7:    0.346 0.363 0.291 1    
8:    0.338 0.397 0.265 1    
9:    0.299 0.288 0.412 1    
10:   0.306 0.308 0.386 1    
11:   0.330 0.394 0.276 1    
12:   0.303 0.287 0.409 1    
13:   0.317 0.288 0.395 1    
14:   0.314 0.291 0.395 1    
15:   0.323 0.323 0.354 1    
16:   0.295 0.263 0.441 1    
17:   0.315 0.298 0.387 1    
18:   0.338 0.369 0.293 1    
19:   0.314 0.274 0.411 1    
20:   0.349 0.371 0.280 1    
21:   0.354 0.357 0.289 1    
22:   0.348 0.381 0.272 1    
23:   0.306 0.264 0.430 1    
24:   0.322 0.329 0.349 1    
25:   0.359 0.362 0.279 1    
26:   0.319 0.345 0.335 1    
27:   0.334 0.400 0.266 1    
28:   0.350 0.343 0.307 1    
29:   0.356 0.349 0.295 1    
30:   0.347 0.362 0.291 1    
31:   0.314 0.292 0.394 1    
32:   0.343 0.363 0.294 1    
33:   0.362 0.374 0.264 1    
34:   0.345 0.352 0.303 1    
35:   0.361 0.371 0.268 1    
36:   0.338 0.343 0.318 1    
37:   0.364 0.337 0.299 1    
38:   0.321 0.300 0.380 1    
39:   0.287 0.234 0.479 1    
40:   0.366 0.386 0.248 1    
41:   0.302 0.261 0.437 1    
42:   0.317 0.328 0.355 1    
43:   0.335 0.405 0.260 1    
44:   0.330 0.334 0.335 1    
45:   0.354 0.367 0.279 1    
46:   0.337 0.366 0.298 1    
47:   0.297 0.277 0.426 1    
48:   0.367 0.335 0.297 1    
49:   0.350 0.392 0.258 1    
50:   0.338 0.393 0.269 1    
51:   0.356 0.374 0.270 1    
52:   0.348 0.369 0.283 1    
53:   0.325 0.309 0.365 1    
54:   0.333 0.349 0.318 1    
              
              
1:    0.400 0.296 0.305 1    
2:    0.237 0.383 0.380 1    
3:    0.296 0.350 0.355 1    
4:    0.236 0.371 0.393 1    
5:    0.256 0.363 0.382 1    
6:    0.317 0.342 0.341 1    
7:    0.275 0.360 0.364 1    
8:    0.247 0.374 0.379 1    
9:    0.441 0.277 0.282 1    
10:   0.410 0.292 0.299 1    
11:   0.254 0.365 0.382 1    
12:   0.459 0.271 0.270 1    
13:   0.430 0.286 0.285 1    
14:   0.452 0.271 0.276 1    
15:   0.372 0.323 0.305 1    
16:   0.484 0.260 0.256 1    
17:   0.423 0.291 0.286 1    
18:   0.282 0.355 0.363 1    
19:   0.424 0.296 0.280 1    
20:   0.255 0.366 0.379 1    
21:   0.265 0.368 0.367 1    
22:   0.234 0.381 0.385 1    
23:   0.465 0.270 0.265 1    
24:   0.347 0.324 0.329 1    
25:   0.250 0.385 0.365 1    
26:   0.343 0.330 0.327 1    
27:   0.244 0.373 0.384 1    
28:   0.294 0.354 0.352 1    
29:   0.267 0.369 0.364 1    
30:   0.275 0.360 0.364 1    
31:   0.417 0.292 0.291 1    
32:   0.274 0.358 0.368 1    
33:   0.236 0.381 0.383 1    
34:   0.275 0.368 0.357 1    
35:   0.234 0.379 0.386 1    
36:   0.319 0.339 0.342 1    
37:   0.273 0.367 0.361 1    
38:   0.416 0.291 0.292 1    
39:   0.533 0.235 0.232 1    
40:   0.223 0.382 0.395 1    
41:   0.480 0.261 0.259 1    
42:   0.362 0.322 0.316 1    
43:   0.242 0.376 0.382 1    
44:   0.351 0.329 0.320 1    
45:   0.253 0.377 0.370 1    
46:   0.281 0.355 0.364 1    
47:   0.469 0.264 0.266 1    
48:   0.268 0.367 0.366 1    
49:   0.234 0.371 0.395 1    
50:   0.240 0.377 0.382 1    
51:   0.239 0.382 0.379 1    
52:   0.246 0.373 0.381 1    
53:   0.393 0.306 0.301 1    
54:   0.306 0.339 0.355 1    
              
              
1:    0.317 0.330 0.353 1    
2:    0.350 0.344 0.306 1    
3:    0.339 0.336 0.325 1    
4:    0.358 0.342 0.300 1    
5:    0.350 0.343 0.307 1    
6:    0.334 0.341 0.325 1    
7:    0.348 0.338 0.314 1    
8:    0.357 0.343 0.300 1    
9:    0.317 0.326 0.356 1    
10:   0.315 0.327 0.358 1    
11:   0.350 0.344 0.306 1    
12:   0.311 0.323 0.366 1    
13:   0.321 0.325 0.353 1    
14:   0.315 0.319 0.366 1    
15:   0.324 0.323 0.353 1    
16:   0.297 0.320 0.382 1    
17:   0.317 0.329 0.354 1    
18:   0.344 0.341 0.315 1    
19:   0.309 0.326 0.365 1    
20:   0.353 0.336 0.311 1    
21:   0.344 0.339 0.317 1    
22:   0.350 0.344 0.307 1    
23:   0.300 0.323 0.377 1    
24:   0.329 0.332 0.340 1    
25:   0.347 0.339 0.314 1    
26:   0.330 0.324 0.346 1    
27:   0.354 0.345 0.301 1    
28:   0.342 0.335 0.322 1    
29:   0.346 0.333 0.321 1    
30:   0.346 0.338 0.316 1    
31:   0.316 0.324 0.360 1    
32:   0.344 0.336 0.320 1    
33:   0.361 0.342 0.297 1    
34:   0.342 0.333 0.325 1    
35:   0.359 0.339 0.303 1    
36:   0.335 0.340 0.325 1    
37:   0.346 0.331 0.323 1    
38:   0.323 0.331 0.346 1    
39:   0.291 0.316 0.392 1    
40:   0.366 0.337 0.297 1    
41:   0.303 0.319 0.378 1    
42:   0.336 0.334 0.330 1    
43:   0.358 0.340 0.302 1    
44:   0.332 0.332 0.337 1    
45:   0.349 0.336 0.315 1    
46:   0.334 0.335 0.330 1    
47:   0.310 0.322 0.368 1    
48:   0.343 0.338 0.318 1    
49:   0.358 0.346 0.296 1    
50:   0.356 0.342 0.302 1    
51:   0.359 0.343 0.298 1    
52:   0.349 0.341 0.311 1    
53:   0.320 0.329 0.351 1    
54:   0.334 0.331 0.335 1    
              
              
1:    0.336 0.329 0.334 1    
2:    0.333 0.335 0.332 1    
3:    0.336 0.333 0.332 1    
4:    0.323 0.346 0.332 1    
5:    0.324 0.345 0.331 1    
6:    0.337 0.331 0.332 1    
7:    0.334 0.331 0.334 1    
8:    0.326 0.339 0.335 1    
9:    0.337 0.325 0.338 1    
10:   0.332 0.335 0.334 1    
11:   0.323 0.343 0.334 1    
12:   0.338 0.328 0.334 1    
13:   0.336 0.330 0.335 1    
14:   0.336 0.327 0.336 1    
15:   0.331 0.333 0.336 1    
16:   0.339 0.328 0.333 1    
17:   0.333 0.333 0.335 1    
18:   0.329 0.336 0.335 1    
19:   0.340 0.329 0.332 1    
20:   0.331 0.341 0.329 1    
21:   0.336 0.333 0.331 1    
22:   0.333 0.336 0.331 1    
23:   0.338 0.328 0.334 1    
24:   0.332 0.334 0.334 1    
25:   0.333 0.335 0.332 1    
26:   0.329 0.334 0.337 1    
27:   0.324 0.339 0.337 1    
28:   0.337 0.331 0.332 1    
29:   0.333 0.334 0.333 1    
30:   0.331 0.337 0.332 1    
31:   0.336 0.330 0.334 1    
32:   0.334 0.334 0.332 1    
33:   0.328 0.337 0.335 1    
34:   0.337 0.335 0.329 1    
35:   0.332 0.336 0.332 1    
36:   0.336 0.333 0.331 1    
37:   0.337 0.333 0.331 1    
38:   0.331 0.333 0.336 1    
39:   0.342 0.322 0.336 1    
40:   0.329 0.334 0.337 1    
41:   0.343 0.322 0.335 1    
42:   0.336 0.328 0.336 1    
43:   0.323 0.342 0.335 1    
44:   0.329 0.336 0.334 1    
45:   0.333 0.335 0.332 1    
46:   0.328 0.336 0.336 1    
47:   0.340 0.326 0.334 1    
48:   0.334 0.332 0.334 1    
49:   0.329 0.338 0.333 1    
50:   0.326 0.339 0.335 1    
51:   0.328 0.336 0.336 1    
52:   0.327 0.338 0.334 1    
53:   0.329 0.335 0.336 1    
54:   0.331 0.335 0.334 1    
              
              
1:    0.346 0.336 0.318 1    
2:    0.307 0.335 0.358 1    
3:    0.322 0.326 0.352 1    
4:    0.327 0.272 0.401 1    
5:    0.352 0.275 0.372 1    
6:    0.321 0.340 0.340 1    
7:    0.304 0.322 0.374 1    
8:    0.338 0.276 0.385 1    
9:    0.373 0.350 0.277 1    
10:   0.367 0.334 0.300 1    
11:   0.339 0.277 0.383 1    
12:   0.343 0.365 0.292 1    
13:   0.317 0.378 0.306 1    
14:   0.362 0.353 0.285 1    
15:   0.348 0.334 0.317 1    
16:   0.374 0.353 0.273 1    
17:   0.314 0.368 0.317 1    
18:   0.311 0.330 0.359 1    
19:   0.367 0.350 0.283 1    
20:   0.325 0.305 0.370 1    
21:   0.301 0.336 0.363 1    
22:   0.315 0.322 0.362 1    
23:   0.369 0.367 0.264 1    
24:   0.365 0.312 0.323 1    
25:   0.311 0.338 0.352 1    
26:   0.360 0.314 0.325 1    
27:   0.331 0.271 0.398 1    
28:   0.309 0.350 0.341 1    
29:   0.304 0.334 0.363 1    
30:   0.313 0.345 0.342 1    
31:   0.367 0.346 0.287 1    
32:   0.309 0.321 0.370 1    
33:   0.307 0.314 0.379 1    
34:   0.332 0.313 0.354 1    
35:   0.312 0.322 0.366 1    
36:   0.317 0.336 0.347 1    
37:   0.291 0.359 0.351 1    
38:   0.305 0.377 0.317 1    
39:   0.379 0.381 0.239 1    
40:   0.311 0.295 0.394 1    
41:   0.372 0.367 0.261 1    
42:   0.340 0.323 0.337 1    
43:   0.328 0.273 0.399 1    
44:   0.318 0.356 0.326 1    
45:   0.318 0.320 0.362 1    
46:   0.356 0.299 0.345 1    
47:   0.382 0.351 0.267 1    
48:   0.312 0.332 0.355 1    
49:   0.316 0.294 0.390 1    
50:   0.318 0.297 0.385 1    
51:   0.312 0.305 0.383 1    
52:   0.328 0.309 0.363 1    
53:   0.310 0.369 0.322 1    
54:   0.363 0.297 0.340 1    
