  1:   0.1830  0.2130  0.2120  0.2050  0.1870  1
  2:   0.1760  0.2130  0.2090  0.2210  0.1810  1
  3:   0.1980  0.2040  0.2020  0.1990  0.1970  1
  4:   0.2280  0.1850  0.1840  0.1800  0.2230  1
  5:   0.1930  0.2020  0.2070  0.2010  0.1970  1
  6:   0.1940  0.2030  0.2040  0.1990  0.2000  1
  7:   0.1982  0.1992  0.1962  0.2052  0.2012  1
  8:   0.1912  0.2022  0.2032  0.2102  0.1932  1
  9:   0.2270  0.1860  0.1850  0.1820  0.2200  1
 10:   0.2090  0.1940  0.1980  0.1910  0.2080  1
 11:   0.1788  0.2148  0.2138  0.2098  0.1828  1
 12:   0.2250  0.1860  0.1860  0.1880  0.2150  1
 13:   0.2380  0.1800  0.1810  0.1770  0.2240  1
 14:   0.2230  0.1870  0.1870  0.1820  0.2210  1
 15:   0.1950  0.2020  0.2050  0.2050  0.1930  1
 16:   0.1990  0.1990  0.1960  0.2080  0.1980  1
 17:   0.2130  0.1920  0.1960  0.1870  0.2120  1
 18:   0.1970  0.2020  0.2010  0.1990  0.2010  1
 19:   0.2010  0.1990  0.2000  0.1970  0.2030  1
 20:   0.2052  0.1992  0.1972  0.1912  0.2072  1
 21:   0.1842  0.2122  0.2122  0.2032  0.1882  1
 22:   0.2092  0.1962  0.1952  0.1942  0.2052  1
 23:   0.1850  0.2070  0.2080  0.2100  0.1900  1
 24:   0.2030  0.1960  0.2000  0.1990  0.2020  1
 25:   0.2022  0.1982  0.2002  0.1962  0.2032  1
 26:   0.2018  0.1958  0.1978  0.2028  0.2018  1
 27:   0.2102  0.1962  0.1932  0.1902  0.2102  1
 28:   0.1972  0.1962  0.1992  0.2102  0.1972  1
 29:   0.1972  0.2022  0.2032  0.1992  0.1982  1
 30:   0.2038  0.1968  0.1968  0.2008  0.2018  1
 31:   0.1758  0.2088  0.2108  0.2248  0.1798  1
 32:   0.2050  0.2010  0.2000  0.1870  0.2070  1
 33:   0.2052  0.1962  0.1932  0.2032  0.2022  1
 34:   0.1992  0.1992  0.1992  0.2022  0.2002  1
 35:   0.2210  0.1900  0.1870  0.1850  0.2170  1
 36:   0.1860  0.2070  0.2060  0.2120  0.1890  1
 37:   0.1710  0.2060  0.2110  0.2370  0.1750  1
 38:   0.2042  0.1922  0.1962  0.2042  0.2032  1
 39:   0.2060  0.1950  0.1980  0.1980  0.2030  1
 40:   0.1892  0.2122  0.2092  0.1962  0.1932  1
 41:   0.1978  0.1968  0.2018  0.2028  0.2008  1
 42:   0.2230  0.1890  0.1880  0.1850  0.2150  1
 43:   0.2110  0.1930  0.1940  0.1940  0.2080  1
 44:   0.1900  0.2060  0.2070  0.2040  0.1930  1
 45:   0.1930  0.2100  0.2050  0.1960  0.1960  1
 46:   0.2060  0.1940  0.1940  0.2010  0.2050  1
 47:   0.1780  0.2130  0.2140  0.2110  0.1840  1
 48:   0.1900  0.2010  0.2060  0.2130  0.1900  1
 49:   0.2162  0.1892  0.1902  0.1902  0.2142  1
 50:   0.1810  0.2150  0.2140  0.2050  0.1850  1
 51:   0.2340  0.1810  0.1810  0.1820  0.2220  1
 52:   0.1932  0.2062  0.2022  0.2062  0.1922  1
 53:   0.2000  0.2030  0.1980  0.1970  0.2020  1
 54:   0.1870  0.2080  0.2080  0.2060  0.1910  1
 55:   0.2012  0.1982  0.1972  0.2012  0.2022  1
 56:   0.1970  0.2010  0.2030  0.2000  0.1990  1
 57:   0.1820  0.2100  0.2140  0.2060  0.1880  1
 58:   0.2010  0.2010  0.1990  0.1930  0.2060  1
 59:   0.1898  0.2028  0.2048  0.2098  0.1928  1
 60:   0.1840  0.2110  0.2110  0.2060  0.1880  1
 61:   0.2090  0.1940  0.1950  0.1950  0.2070  1
 62:   0.2030  0.1950  0.1980  0.2040  0.2000  1
 63:   0.1990  0.1960  0.1990  0.2080  0.1980  1
 64:   0.1742  0.2212  0.2162  0.2072  0.1812  1
 65:   0.1998  0.2008  0.2008  0.2018  0.1968  1
 66:   0.1988  0.1998  0.1978  0.2038  0.1998  1
 67:   0.2128  0.1918  0.1928  0.1888  0.2138  1
 68:   0.1938  0.2038  0.2048  0.2018  0.1958  1
 69:   0.2040  0.1950  0.1950  0.2050  0.2010  1
 70:   0.1920  0.2070  0.2070  0.2030  0.1910  1
 71:   0.1860  0.2070  0.2080  0.2090  0.1900  1
 72:   0.2060  0.1980  0.2000  0.1960  0.2000  1
 73:   0.1880  0.2090  0.2080  0.2050  0.1900  1
 74:   0.1900  0.2080  0.2050  0.2090  0.1880  1
 75:   0.2020  0.2040  0.2000  0.1900  0.2040  1
 76:   0.1840  0.2140  0.2090  0.2030  0.1900  1
 77:   0.1940  0.1980  0.2000  0.2140  0.1940  1
 78:   0.1802  0.2092  0.2102  0.2152  0.1852  1
 79:   0.2040  0.2000  0.2000  0.1920  0.2040  1
 80:   0.2318  0.1808  0.1828  0.1828  0.2218  1
 81:   0.1908  0.2088  0.2058  0.1998  0.1948  1
 82:   0.1780  0.2150  0.2120  0.2140  0.1810  1
 83:   0.1900  0.2070  0.2080  0.2020  0.1930  1
 84:   0.2072  0.1962  0.1932  0.1932  0.2102  1
 85:   0.1800  0.2080  0.2080  0.2200  0.1840  1
 86:   0.1938  0.2068  0.2058  0.1948  0.1988  1
 87:   0.1920  0.2110  0.2110  0.1920  0.1940  1
 88:   0.2122  0.1942  0.1942  0.1862  0.2132  1
 89:   0.2100  0.1980  0.1970  0.1900  0.2050  1
 90:   0.2070  0.1970  0.1960  0.1950  0.2050  1
 91:   0.1840  0.2130  0.2090  0.2070  0.1870  1
 92:   0.1920  0.2050  0.2040  0.2090  0.1900  1
 93:   0.1972  0.2042  0.2032  0.1982  0.1972  1
 94:   0.1862  0.2112  0.2072  0.2052  0.1902  1
 95:   0.1892  0.2062  0.2042  0.2092  0.1912  1
 96:   0.2142  0.1952  0.1922  0.1892  0.2092  1
 97:   0.2080  0.1960  0.1970  0.1930  0.2060  1
 98:   0.2060  0.1950  0.1980  0.1960  0.2050  1
 99:   0.2030  0.1980  0.1960  0.1990  0.2040  1
100:   0.1942  0.2042  0.2052  0.2002  0.1962  1
101:   0.1950  0.2070  0.2040  0.1970  0.1970  1
102:   0.1868  0.2058  0.2038  0.2118  0.1918  1
103:   0.2200  0.1860  0.1900  0.1950  0.2090  1
104:   0.1908  0.1988  0.2028  0.2138  0.1938  1
105:   0.1740  0.2140  0.2130  0.2190  0.1800  1
106:   0.2022  0.2002  0.1972  0.1992  0.2012  1
107:   0.2092  0.1952  0.1962  0.1952  0.2042  1
108:   0.1978  0.2008  0.2008  0.2008  0.1998  1
109:   0.2160  0.1890  0.1920  0.1910  0.2120  1
110:   0.1988  0.1998  0.2038  0.1978  0.1998  1
111:   0.1940  0.2100  0.2080  0.1980  0.1900  1
112:   0.2022  0.1962  0.2022  0.1962  0.2032  1
113:   0.2310  0.1820  0.1850  0.1890  0.2130  1
114:   0.1970  0.1980  0.2010  0.2110  0.1930  1
115:   0.2152  0.1932  0.1942  0.1862  0.2112  1
116:   0.2040  0.1960  0.1990  0.1970  0.2040  1
117:   0.1900  0.2060  0.2040  0.2090  0.1910  1
118:   0.1810  0.2130  0.2130  0.2110  0.1820  1
119:   0.1858  0.2138  0.2068  0.2028  0.1908  1
120:   0.2040  0.2020  0.1990  0.1910  0.2040  1
121:   0.2192  0.1862  0.1902  0.1902  0.2142  1
122:   0.1992  0.1992  0.1972  0.2042  0.2002  1
123:   0.1932  0.2062  0.2062  0.1992  0.1952  1
124:   0.2008  0.1948  0.1958  0.2118  0.1968  1
125:   0.1850  0.2090  0.2070  0.2080  0.1910  1
126:   0.1952  0.2032  0.2002  0.2032  0.1982  1
127:   0.1968  0.1988  0.2018  0.2038  0.1988  1
128:   0.2210  0.1860  0.1890  0.1880  0.2160  1
129:   0.2150  0.1880  0.1920  0.1960  0.2090  1
130:   0.1998  0.2038  0.1968  0.1978  0.2018  1
131:   0.1860  0.2090  0.2030  0.2120  0.1900  1
132:   0.1920  0.2040  0.2050  0.2050  0.1940  1
133:   0.1828  0.2088  0.2058  0.2128  0.1898  1
134:   0.1912  0.2062  0.2032  0.2062  0.1932  1
135:   0.1952  0.2062  0.2042  0.2012  0.1932  1
136:   0.2010  0.1960  0.1960  0.2050  0.2020  1
137:   0.2022  0.1982  0.1992  0.1992  0.2012  1
138:   0.2252  0.1852  0.1852  0.1872  0.2172  1
139:   0.1892  0.2052  0.2042  0.2112  0.1902  1
140:   0.1910  0.2030  0.2070  0.2040  0.1950  1
141:   0.1998  0.1998  0.1998  0.1988  0.2018  1
142:   0.1860  0.2070  0.2060  0.2110  0.1900  1
143:   0.2168  0.1898  0.1918  0.1888  0.2128  1
144:   0.1898  0.2018  0.2058  0.2138  0.1888  1
145:   0.2120  0.1970  0.1930  0.1920  0.2060  1
146:   0.1932  0.1982  0.2002  0.2082  0.2002  1
147:   0.1982  0.1992  0.1992  0.2022  0.2012  1
148:   0.2160  0.1920  0.1940  0.1900  0.2080  1
149:   0.2030  0.1950  0.1940  0.2040  0.2040  1
150:   0.1960  0.2020  0.2030  0.2020  0.1970  1
151:   0.1970  0.2020  0.1990  0.2050  0.1970  1
152:   0.1912  0.2072  0.2082  0.2002  0.1932  1
153:   0.1928  0.2028  0.2058  0.2038  0.1948  1
154:   0.2062  0.1992  0.2002  0.1912  0.2032  1
155:   0.2110  0.1960  0.1940  0.1920  0.2070  1
156:   0.1800  0.2060  0.2110  0.2190  0.1840  1
157:   0.1822  0.2162  0.2092  0.2062  0.1862  1
158:   0.1948  0.2018  0.2068  0.2018  0.1948  1
159:   0.1930  0.2040  0.2020  0.2040  0.1970  1
160:   0.1930  0.2030  0.1970  0.2110  0.1960  1
161:   0.2160  0.1910  0.1920  0.1860  0.2150  1
162:   0.3240  0.1380  0.1400  0.1390  0.2590  1
163:   0.1750  0.2090  0.2100  0.2270  0.1790  1
164:   0.2010  0.2030  0.2000  0.1940  0.2020  1
165:   0.1850  0.2090  0.2090  0.2080  0.1890  1
166:   0.1988  0.2028  0.2018  0.1978  0.1988  1
167:   0.2282  0.1842  0.1852  0.1862  0.2162  1
168:   0.2040  0.1970  0.2010  0.1920  0.2060  1
169:   0.1880  0.2050  0.2080  0.2060  0.1930  1
170:   0.2102  0.1962  0.1942  0.1922  0.2072  1
171:   0.1918  0.1998  0.2038  0.2138  0.1908  1
172:   0.1950  0.2050  0.1990  0.2040  0.1970  1
173:   0.1890  0.2050  0.2040  0.2090  0.1930  1
174:   0.2180  0.1920  0.1900  0.1850  0.2150  1
175:   0.2200  0.1860  0.1890  0.1900  0.2150  1
176:   0.1832  0.2162  0.2092  0.2052  0.1862  1
177:   0.1758  0.2108  0.2098  0.2218  0.1818  1
178:   0.1790  0.2090  0.2130  0.2160  0.1830  1
179:   0.2042  0.2012  0.1982  0.1942  0.2022  1
180:   0.2110  0.1920  0.1970  0.1890  0.2110  1
181:   0.1902  0.2112  0.2042  0.2012  0.1932  1
182:   0.2110  0.1930  0.1920  0.1930  0.2110  1
183:   0.1940  0.2090  0.2020  0.1970  0.1980  1
184:   0.1978  0.1998  0.2018  0.2028  0.1978  1
185:   0.1950  0.2010  0.2000  0.2060  0.1980  1
186:   0.1928  0.2018  0.2038  0.2058  0.1958  1
187:   0.1868  0.2078  0.2058  0.2108  0.1888  1
188:   0.1848  0.2068  0.2048  0.2178  0.1858  1
189:   0.2028  0.1978  0.1998  0.1938  0.2058  1
190:   0.2020  0.1980  0.1990  0.1980  0.2030  1
191:   0.2050  0.1920  0.1990  0.1950  0.2090  1
192:   0.2010  0.2020  0.1970  0.1990  0.2010  1
193:   0.2028  0.2038  0.2018  0.1898  0.2018  1
194:   0.2100  0.1940  0.1950  0.1950  0.2060  1
195:   0.2072  0.1962  0.1922  0.1922  0.2122  1
196:   0.2250  0.1860  0.1850  0.1870  0.2170  1
197:   0.1962  0.2102  0.2052  0.1892  0.1992  1
198:   0.2040  0.2030  0.2010  0.1890  0.2030  1
199:   0.1880  0.2120  0.2100  0.1960  0.1940  1
200:   0.1842  0.2062  0.2062  0.2142  0.1892  1
201:   0.2170  0.1910  0.1900  0.1910  0.2110  1
202:   0.1870  0.2090  0.2080  0.2090  0.1870  1
203:   0.1982  0.2002  0.1992  0.1982  0.2042  1
204:   0.1970  0.2060  0.2000  0.1980  0.1990  1
205:   0.2070  0.1970  0.2010  0.1850  0.2100  1
206:   0.1952  0.1992  0.2052  0.2022  0.1982  1
207:   0.2010  0.2000  0.2010  0.1960  0.2020  1
208:   0.1930  0.2070  0.2030  0.2020  0.1950  1
209:   0.2118  0.1918  0.1908  0.1988  0.2068  1
210:   0.1880  0.2050  0.2050  0.2110  0.1910  1
211:   0.1880  0.2020  0.2050  0.2140  0.1910  1
212:   0.2210  0.1870  0.1890  0.1860  0.2170  1
213:   0.1930  0.2050  0.2040  0.2020  0.1960  1
214:   0.1978  0.1948  0.1988  0.2128  0.1958  1
215:   0.1976  0.2006  0.1946  0.2076  0.1996  1
216:   0.2240  0.1850  0.1870  0.1870  0.2170  1
217:   0.1820  0.2110  0.2090  0.2120  0.1860  1
218:   0.1960  0.2030  0.2030  0.2010  0.1970  1
219:   0.2310  0.1820  0.1860  0.1880  0.2130  1
220:   0.2060  0.1950  0.1950  0.2000  0.2040  1
221:   0.2098  0.1958  0.1958  0.1918  0.2068  1
222:   0.1998  0.2018  0.2038  0.1948  0.1998  1
223:   0.1828  0.2128  0.2068  0.2118  0.1858  1
224:   0.1940  0.2020  0.2000  0.2070  0.1970  1
225:   0.2098  0.1948  0.1978  0.1878  0.2098  1
226:   0.2270  0.1850  0.1850  0.1840  0.2190  1
227:   0.2008  0.1988  0.1998  0.1988  0.2018  1
228:   0.1902  0.2072  0.2062  0.2032  0.1932  1
229:   0.1834  0.2104  0.2124  0.2054  0.1884  1
230:   0.2080  0.1950  0.1960  0.1960  0.2050  1
231:   0.2112  0.1912  0.1942  0.1962  0.2072  1
232:   0.1842  0.2092  0.2032  0.2142  0.1892  1
233:   0.2078  0.1978  0.1948  0.1878  0.2118  1
234:   0.1830  0.2060  0.2100  0.2130  0.1880  1
235:   0.1820  0.2200  0.2130  0.1990  0.1860  1
236:   0.2230  0.1870  0.1910  0.1810  0.2180  1
237:   0.1740  0.2190  0.2120  0.2140  0.1810  1
238:   0.1820  0.2110  0.2090  0.2140  0.1840  1
239:   0.1830  0.2140  0.2110  0.2070  0.1850  1
240:   0.2260  0.1850  0.1860  0.1870  0.2160  1
241:   0.2140  0.1890  0.1940  0.1920  0.2110  1
242:   0.1778  0.2198  0.2138  0.2048  0.1838  1
243:   0.1792  0.2102  0.2152  0.2112  0.1842  1
244:   0.1930  0.2020  0.2010  0.2070  0.1970  1
245:   0.2060  0.1960  0.1960  0.1980  0.2040  1
246:   0.2130  0.1950  0.1920  0.1920  0.2080  1
247:   0.2128  0.1958  0.1948  0.1918  0.2048  1
248:   0.2008  0.1998  0.2008  0.1968  0.2018  1
249:   0.2078  0.1918  0.1958  0.1988  0.2058  1
250:   0.2160  0.1880  0.1900  0.1950  0.2110  1
251:   0.2080  0.1940  0.1980  0.1960  0.2040  1
252:   0.2012  0.1992  0.1972  0.2022  0.2002  1
253:   0.1900  0.2030  0.2060  0.2090  0.1920  1
254:   0.1940  0.2030  0.2050  0.2040  0.1940  1
255:   0.2108  0.1908  0.1898  0.1988  0.2098  1
256:   0.2182  0.1912  0.1912  0.1872  0.2122  1
257:   0.1950  0.2010  0.2020  0.2070  0.1950  1
258:   0.2180  0.1890  0.1910  0.1920  0.2100  1
259:   0.1952  0.2032  0.2022  0.2022  0.1972  1
260:   0.2090  0.1960  0.1980  0.1900  0.2070  1
261:   0.2008  0.2048  0.1988  0.1928  0.2028  1
262:   0.1878  0.2028  0.2028  0.2208  0.1858  1
263:   0.1910  0.2040  0.2040  0.2080  0.1930  1
264:   0.1860  0.2090  0.2100  0.2070  0.1880  1
265:   0.2008  0.2028  0.2008  0.1948  0.2008  1
266:   0.2040  0.2020  0.1970  0.1940  0.2030  1
267:   0.1950  0.2020  0.2050  0.2020  0.1960  1
268:   0.2228  0.1868  0.1878  0.1878  0.2148  1
269:   0.2312  0.1812  0.1852  0.1782  0.2242  1
270:   0.2030  0.1980  0.2010  0.1960  0.2020  1
271:   0.2060  0.1950  0.1970  0.1960  0.2060  1
272:   0.2370  0.1800  0.1820  0.1730  0.2280  1
273:   0.1738  0.2128  0.2118  0.2248  0.1768  1
274:   0.1750  0.2210  0.2150  0.2090  0.1800  1
275:   0.1862  0.2082  0.2052  0.2112  0.1892  1
276:   0.1830  0.2070  0.2100  0.2110  0.1890  1
277:   0.1802  0.2072  0.2112  0.2172  0.1842  1
278:   0.1770  0.2170  0.2120  0.2100  0.1840  1
279:   0.1932  0.2002  0.2042  0.2062  0.1962  1
280:   0.2170  0.1900  0.1910  0.1940  0.2080  1
281:   0.1868  0.2068  0.2098  0.2068  0.1898  1
282:   0.2040  0.1960  0.1970  0.2020  0.2010  1
283:   0.1820  0.2100  0.2090  0.2120  0.1870  1
284:   0.1992  0.1982  0.1982  0.2032  0.2012  1
285:   0.2320  0.1800  0.1850  0.1810  0.2220  1
286:   0.1960  0.2040  0.2040  0.1970  0.1990  1
287:   0.2142  0.1962  0.1932  0.1842  0.2122  1
288:   0.2172  0.1942  0.1922  0.1822  0.2142  1
289:   0.2018  0.1948  0.1978  0.2048  0.2008  1
290:   0.1858  0.2058  0.2028  0.2168  0.1888  1
291:   0.1822  0.2052  0.2082  0.2172  0.1872  1
292:   0.1930  0.2080  0.2080  0.1980  0.1930  1
293:   0.2248  0.1878  0.1878  0.1798  0.2198  1
294:   0.1848  0.2058  0.2048  0.2168  0.1878  1
295:   0.2040  0.1960  0.1970  0.1980  0.2050  1
296:   0.2140  0.1920  0.1920  0.1910  0.2110  1
297:   0.2198  0.1868  0.1888  0.1898  0.2148  1
298:   0.2328  0.1808  0.1818  0.1808  0.2238  1
299:   0.1798  0.2078  0.2118  0.2178  0.1828  1
300:   0.1810  0.2070  0.2100  0.2180  0.1840  1

  1:   0.1788  0.2088  0.2068  0.2098  0.1958  1
  2:   0.1660  0.2050  0.2140  0.2170  0.1980  1
  3:   0.2010  0.2070  0.2040  0.1990  0.1890  1
  4:   0.2440  0.1860  0.1790  0.1830  0.2080  1
  5:   0.1900  0.2060  0.2050  0.2000  0.1990  1
  6:   0.1890  0.2020  0.2000  0.2040  0.2050  1
  7:   0.1902  0.2022  0.2022  0.2022  0.2032  1
  8:   0.1850  0.2020  0.2040  0.2090  0.2000  1
  9:   0.2370  0.1900  0.1880  0.1860  0.1990  1
 10:   0.2110  0.1990  0.1960  0.1900  0.2040  1
 11:   0.1680  0.2160  0.2130  0.2130  0.1900  1
 12:   0.2388  0.1888  0.1888  0.1888  0.1948  1
 13:   0.2607  0.1878  0.1788  0.1788  0.1938  1
 14:   0.2280  0.1940  0.1820  0.1890  0.2070  1
 15:   0.1970  0.2010  0.2060  0.2070  0.1890  1
 16:   0.2010  0.2000  0.2000  0.2030  0.1960  1
 17:   0.2130  0.1970  0.1930  0.1890  0.2080  1
 18:   0.2000  0.2060  0.1990  0.1930  0.2020  1
 19:   0.1998  0.2008  0.1978  0.1978  0.2038  1
 20:   0.2092  0.2002  0.1952  0.1932  0.2022  1
 21:   0.1780  0.2060  0.2110  0.2020  0.2030  1
 22:   0.2200  0.1910  0.1950  0.1910  0.2030  1
 23:   0.1820  0.2050  0.2030  0.2020  0.2080  1
 24:   0.2020  0.1970  0.1930  0.2000  0.2080  1
 25:   0.1990  0.2000  0.1980  0.2000  0.2030  1
 26:   0.2002  0.1972  0.2032  0.1972  0.2022  1
 27:   0.2080  0.1970  0.1940  0.1930  0.2080  1
 28:   0.1968  0.1978  0.2058  0.1998  0.1998  1
 29:   0.1980  0.2020  0.2060  0.1970  0.1970  1
 30:   0.2070  0.1970  0.2030  0.1970  0.1960  1
 31:   0.1662  0.2032  0.2132  0.2232  0.1942  1
 32:   0.2000  0.2000  0.1970  0.1970  0.2060  1
 33:   0.2038  0.2008  0.1968  0.2078  0.1908  1
 34:   0.2000  0.2040  0.1930  0.2020  0.2010  1
 35:   0.2288  0.1928  0.1828  0.1878  0.2078  1
 36:   0.1770  0.2090  0.2110  0.2080  0.1950  1
 37:   0.1628  0.2018  0.2218  0.2198  0.1938  1
 38:   0.2020  0.1950  0.2000  0.1990  0.2040  1
 39:   0.2090  0.1990  0.2020  0.1960  0.1940  1
 40:   0.1870  0.2040  0.1990  0.2020  0.2080  1
 41:   0.1940  0.1980  0.2000  0.2000  0.2080  1
 42:   0.2350  0.1950  0.1850  0.1870  0.1980  1
 43:   0.2178  0.1978  0.1938  0.1908  0.1998  1
 44:   0.1850  0.2080  0.2100  0.2020  0.1950  1
 45:   0.1850  0.2100  0.1990  0.2080  0.1980  1
 46:   0.2128  0.1958  0.1988  0.1918  0.2008  1
 47:   0.1700  0.1970  0.2200  0.2100  0.2030  1
 48:   0.1912  0.2032  0.2112  0.2032  0.1912  1
 49:   0.2202  0.1962  0.1942  0.1872  0.2022  1
 50:   0.1720  0.2110  0.2110  0.2110  0.1950  1
 51:   0.2590  0.1830  0.1810  0.1810  0.1960  1
 52:   0.1962  0.2042  0.2022  0.1992  0.1982  1
 53:   0.1982  0.1982  0.1942  0.1942  0.2152  1
 54:   0.1840  0.2010  0.2100  0.1990  0.2060  1
 55:   0.2020  0.1990  0.1970  0.2020  0.2000  1
 56:   0.1908  0.1998  0.1978  0.2008  0.2108  1
 57:   0.1788  0.2038  0.2088  0.2038  0.2048  1
 58:   0.1970  0.2030  0.1920  0.2000  0.2080  1
 59:   0.1842  0.2032  0.2082  0.2042  0.2002  1
 60:   0.1792  0.2102  0.2082  0.2052  0.1972  1
 61:   0.2132  0.1962  0.1952  0.1932  0.2022  1
 62:   0.2018  0.1978  0.1978  0.2058  0.1968  1
 63:   0.1982  0.1952  0.2022  0.2042  0.2002  1
 64:   0.1620  0.2180  0.2150  0.2150  0.1900  1
 65:   0.2010  0.1970  0.2040  0.2010  0.1970  1
 66:   0.1998  0.1968  0.2008  0.2028  0.1998  1
 67:   0.2130  0.2000  0.1970  0.1890  0.2010  1
 68:   0.1930  0.2040  0.2100  0.2000  0.1930  1
 69:   0.2040  0.1950  0.1990  0.2030  0.1990  1
 70:   0.1908  0.2018  0.2038  0.2048  0.1988  1
 71:   0.1790  0.2080  0.2110  0.2050  0.1970  1
 72:   0.2128  0.2008  0.1968  0.1948  0.1948  1
 73:   0.1832  0.2042  0.2052  0.2052  0.2022  1
 74:   0.1902  0.2032  0.2062  0.2102  0.1902  1
 75:   0.1990  0.2040  0.1960  0.2020  0.1990  1
 76:   0.1790  0.2110  0.2040  0.2060  0.2000  1
 77:   0.1932  0.1992  0.2052  0.2022  0.2002  1
 78:   0.1730  0.2050  0.2160  0.2090  0.1970  1
 79:   0.2038  0.2008  0.2028  0.1918  0.2008  1
 80:   0.2500  0.1880  0.1790  0.1810  0.2020  1
 81:   0.1872  0.2102  0.2012  0.1992  0.2022  1
 82:   0.1682  0.2032  0.2112  0.2182  0.1992  1
 83:   0.1828  0.2088  0.1988  0.2088  0.2008  1
 84:   0.2070  0.1980  0.1930  0.1910  0.2110  1
 85:   0.1762  0.2032  0.2162  0.2062  0.1982  1
 86:   0.1922  0.2062  0.2022  0.1992  0.2002  1
 87:   0.1872  0.2062  0.2032  0.2042  0.1992  1
 88:   0.2110  0.1930  0.1950  0.1910  0.2100  1
 89:   0.2130  0.2000  0.1930  0.1990  0.1950  1
 90:   0.2060  0.1950  0.1950  0.2000  0.2040  1
 91:   0.1820  0.2050  0.2130  0.2030  0.1970  1
 92:   0.1932  0.2012  0.2052  0.2022  0.1982  1
 93:   0.1940  0.2050  0.1990  0.2040  0.1980  1
 94:   0.1788  0.2088  0.2038  0.2148  0.1938  1
 95:   0.1858  0.1998  0.2068  0.2078  0.1998  1
 96:   0.2210  0.1980  0.1900  0.1880  0.2030  1
 97:   0.2140  0.1980  0.1960  0.1860  0.2060  1
 98:   0.2120  0.1980  0.1940  0.1930  0.2030  1
 99:   0.2010  0.1990  0.1960  0.1990  0.2050  1
100:   0.1890  0.2000  0.2050  0.1990  0.2070  1
101:   0.1932  0.2002  0.1992  0.2032  0.2042  1
102:   0.1790  0.2040  0.2060  0.2100  0.2010  1
103:   0.2368  0.1828  0.1948  0.1888  0.1968  1
104:   0.1922  0.2002  0.2072  0.2012  0.1992  1
105:   0.1680  0.2090  0.2190  0.2120  0.1920  1
106:   0.2050  0.1970  0.1990  0.2000  0.1990  1
107:   0.2230  0.1980  0.1920  0.1930  0.1940  1
108:   0.1952  0.2012  0.1992  0.1982  0.2062  1
109:   0.2252  0.1942  0.1922  0.1882  0.2002  1
110:   0.1942  0.2002  0.2052  0.2052  0.1952  1
111:   0.2022  0.1982  0.2032  0.2002  0.1962  1
112:   0.2050  0.1970  0.2010  0.1940  0.2030  1
113:   0.2590  0.1800  0.1870  0.1810  0.1930  1
114:   0.2018  0.1948  0.2058  0.1988  0.1988  1
115:   0.2248  0.1928  0.1938  0.1908  0.1978  1
116:   0.2042  0.1972  0.2002  0.1912  0.2072  1
117:   0.1878  0.1988  0.2078  0.2048  0.2008  1
118:   0.1790  0.2050  0.2140  0.2100  0.1920  1
119:   0.1812  0.2042  0.2042  0.2012  0.2092  1
120:   0.2062  0.2002  0.1922  0.1912  0.2102  1
121:   0.2252  0.1902  0.1882  0.1912  0.2052  1
122:   0.1938  0.1968  0.1978  0.2098  0.2018  1
123:   0.1890  0.2070  0.2040  0.2030  0.1970  1
124:   0.2050  0.1980  0.2000  0.2050  0.1920  1
125:   0.1810  0.2040  0.2080  0.2050  0.2020  1
126:   0.1918  0.2038  0.1978  0.2038  0.2028  1
127:   0.1960  0.1960  0.2020  0.2050  0.2010  1
128:   0.2280  0.1870  0.1930  0.1850  0.2070  1
129:   0.2230  0.1890  0.1980  0.1910  0.1990  1
130:   0.1982  0.2052  0.1952  0.2022  0.1992  1
131:   0.1770  0.2060  0.2120  0.2040  0.2010  1
132:   0.1872  0.2022  0.2072  0.2062  0.1972  1
133:   0.1750  0.2090  0.2070  0.2140  0.1950  1
134:   0.1884  0.2004  0.2004  0.2104  0.2004  1
135:   0.2002  0.1952  0.2042  0.1992  0.2012  1
136:   0.2000  0.1990  0.2000  0.2000  0.2010  1
137:   0.1990  0.2070  0.2000  0.2000  0.1940  1
138:   0.2350  0.1890  0.1870  0.1880  0.2010  1
139:   0.1880  0.2000  0.2060  0.2070  0.1990  1
140:   0.1832  0.2012  0.2052  0.2092  0.2012  1
141:   0.1978  0.2048  0.1928  0.2008  0.2038  1
142:   0.1840  0.2030  0.2040  0.2090  0.2000  1
143:   0.2198  0.1968  0.1838  0.1928  0.2068  1
144:   0.1852  0.2002  0.2072  0.2132  0.1942  1
145:   0.2180  0.1960  0.1900  0.1960  0.2000  1
146:   0.1910  0.2020  0.1970  0.1970  0.2130  1
147:   0.1960  0.2000  0.2030  0.1950  0.2060  1
148:   0.2290  0.1880  0.1930  0.1900  0.2000  1
149:   0.1988  0.1958  0.1998  0.2008  0.2048  1
150:   0.1972  0.2052  0.2002  0.2002  0.1972  1
151:   0.1940  0.2050  0.2060  0.1990  0.1960  1
152:   0.1840  0.2020  0.2090  0.2030  0.2020  1
153:   0.1900  0.2040  0.2030  0.1980  0.2050  1
154:   0.2090  0.1980  0.1980  0.1930  0.2020  1
155:   0.2162  0.1932  0.1932  0.1972  0.2002  1
156:   0.1707  0.2036  0.2136  0.2186  0.1936  1
157:   0.1738  0.2098  0.2058  0.2148  0.1958  1
158:   0.1950  0.2040  0.2050  0.1950  0.2010  1
159:   0.1900  0.2050  0.1960  0.2080  0.2010  1
160:   0.1932  0.1992  0.2012  0.2022  0.2042  1
161:   0.2218  0.1958  0.1868  0.1868  0.2088  1
162:   0.4310  0.1350  0.1310  0.1330  0.1700  1
163:   0.1652  0.2062  0.2222  0.2142  0.1922  1
164:   0.2010  0.1990  0.2000  0.1950  0.2050  1
165:   0.1780  0.2060  0.2140  0.2050  0.1970  1
166:   0.1942  0.2032  0.2022  0.2032  0.1972  1
167:   0.2490  0.1860  0.1820  0.1800  0.2030  1
168:   0.2050  0.1950  0.1960  0.1960  0.2080  1
169:   0.1792  0.2062  0.1992  0.2162  0.1992  1
170:   0.2170  0.1920  0.1880  0.1970  0.2060  1
171:   0.1858  0.2018  0.2038  0.2178  0.1908  1
172:   0.1960  0.2020  0.2000  0.2020  0.2000  1
173:   0.1838  0.2038  0.2008  0.2118  0.1998  1
174:   0.2180  0.1980  0.1860  0.1910  0.2070  1
175:   0.2292  0.1912  0.1912  0.1922  0.1962  1
176:   0.1778  0.2158  0.2058  0.2128  0.1878  1
177:   0.1678  0.2068  0.2198  0.2118  0.1938  1
178:   0.1730  0.2060  0.2120  0.2140  0.1950  1
179:   0.2048  0.2028  0.1938  0.1968  0.2018  1
180:   0.2110  0.2010  0.1950  0.1910  0.2020  1
181:   0.1858  0.2078  0.1978  0.2088  0.1998  1
182:   0.2088  0.1948  0.1928  0.1958  0.2078  1
183:   0.1930  0.2060  0.1990  0.1990  0.2030  1
184:   0.1950  0.1920  0.2050  0.2050  0.2030  1
185:   0.1898  0.2028  0.2038  0.2088  0.1948  1
186:   0.1910  0.1980  0.2070  0.2040  0.2000  1
187:   0.1802  0.2082  0.2022  0.2142  0.1952  1
188:   0.1810  0.1980  0.2120  0.2150  0.1940  1
189:   0.1988  0.2018  0.1968  0.2018  0.2008  1
190:   0.2038  0.1968  0.1958  0.1958  0.2078  1
191:   0.2072  0.1942  0.1972  0.1942  0.2072  1
192:   0.1988  0.2008  0.1988  0.2008  0.2008  1
193:   0.1960  0.2110  0.1970  0.2030  0.1930  1
194:   0.2160  0.1960  0.1960  0.1930  0.1990  1
195:   0.2000  0.1990  0.1880  0.1950  0.2180  1
196:   0.2370  0.1880  0.1860  0.1830  0.2060  1
197:   0.1900  0.2040  0.2010  0.2020  0.2030  1
198:   0.2030  0.2050  0.1970  0.1990  0.1960  1
199:   0.1812  0.2082  0.2032  0.2022  0.2052  1
200:   0.1790  0.2050  0.2030  0.2110  0.2020  1
201:   0.2250  0.1900  0.1970  0.1880  0.2000  1
202:   0.1820  0.2020  0.2060  0.2160  0.1940  1
203:   0.1968  0.2008  0.1948  0.2008  0.2068  1
204:   0.1948  0.2028  0.2008  0.1988  0.2028  1
205:   0.2050  0.2050  0.1930  0.1960  0.2010  1
206:   0.1950  0.1990  0.2020  0.1980  0.2060  1
207:   0.2020  0.2040  0.2010  0.1950  0.1980  1
208:   0.1880  0.2010  0.2030  0.2050  0.2030  1
209:   0.2208  0.1888  0.2008  0.1888  0.2008  1
210:   0.1842  0.2082  0.2042  0.2072  0.1962  1
211:   0.1848  0.2018  0.2078  0.2078  0.1978  1
212:   0.2290  0.1920  0.1850  0.1850  0.2090  1
213:   0.1860  0.2070  0.2050  0.2050  0.1970  1
214:   0.1998  0.1918  0.2058  0.2048  0.1978  1
215:   0.1952  0.2012  0.1992  0.2112  0.1932  1
216:   0.2362  0.1912  0.1852  0.1842  0.2032  1
217:   0.1730  0.2100  0.2080  0.2140  0.1950  1
218:   0.1928  0.1998  0.2038  0.2028  0.2008  1
219:   0.2670  0.1810  0.1850  0.1760  0.1910  1
220:   0.2070  0.1990  0.1920  0.1980  0.2040  1
221:   0.2090  0.1940  0.1950  0.2010  0.2010  1
222:   0.1980  0.2050  0.1990  0.1970  0.2010  1
223:   0.1810  0.2040  0.2070  0.2040  0.2040  1
224:   0.1930  0.2010  0.2070  0.2030  0.1960  1
225:   0.2152  0.1942  0.1942  0.1902  0.2062  1
226:   0.2450  0.1910  0.1830  0.1820  0.1990  1
227:   0.1988  0.2008  0.2018  0.1978  0.2008  1
228:   0.1800  0.2100  0.2020  0.2130  0.1950  1
229:   0.1792  0.2062  0.2132  0.2052  0.1962  1
230:   0.2152  0.1982  0.1932  0.1942  0.1992  1
231:   0.2208  0.1978  0.1928  0.1918  0.1968  1
232:   0.1792  0.2072  0.2042  0.2132  0.1962  1
233:   0.2100  0.2000  0.1910  0.1880  0.2110  1
234:   0.1762  0.2032  0.2172  0.2072  0.1962  1
235:   0.1730  0.2160  0.2080  0.2100  0.1930  1
236:   0.2320  0.1920  0.1900  0.1820  0.2040  1
237:   0.1650  0.2170  0.2110  0.2100  0.1970  1
238:   0.1790  0.2070  0.2140  0.2110  0.1890  1
239:   0.1740  0.2110  0.2120  0.2110  0.1920  1
240:   0.2368  0.1878  0.1898  0.1818  0.2038  1
241:   0.2200  0.1950  0.1960  0.1890  0.2000  1
242:   0.1700  0.2150  0.2120  0.2060  0.1970  1
243:   0.1718  0.2118  0.2098  0.2058  0.2008  1
244:   0.1920  0.2020  0.2010  0.2020  0.2030  1
245:   0.2070  0.1980  0.1990  0.1990  0.1970  1
246:   0.2150  0.2000  0.1920  0.1960  0.1970  1
247:   0.2258  0.1908  0.1948  0.1938  0.1948  1
248:   0.1960  0.2040  0.2030  0.2040  0.1930  1
249:   0.2080  0.1950  0.1980  0.1980  0.2010  1
250:   0.2208  0.1918  0.1978  0.1938  0.1958  1
251:   0.2080  0.1990  0.1970  0.1980  0.1980  1
252:   0.1978  0.1998  0.2008  0.2018  0.1998  1
253:   0.1860  0.1940  0.2080  0.2050  0.2070  1
254:   0.1930  0.1990  0.1980  0.2050  0.2050  1
255:   0.2128  0.1938  0.1928  0.2008  0.1998  1
256:   0.2308  0.1898  0.1878  0.1908  0.2008  1
257:   0.1918  0.1938  0.2058  0.2048  0.2038  1
258:   0.2260  0.1900  0.1900  0.1970  0.1970  1
259:   0.1910  0.2090  0.2000  0.2030  0.1970  1
260:   0.2110  0.1990  0.1970  0.1960  0.1970  1
261:   0.1938  0.2088  0.2018  0.1988  0.1968  1
262:   0.1872  0.1972  0.2052  0.2212  0.1892  1
263:   0.1842  0.2032  0.2102  0.2102  0.1922  1
264:   0.1840  0.2070  0.2160  0.2030  0.1900  1
265:   0.1960  0.2050  0.1940  0.1980  0.2070  1
266:   0.2040  0.2020  0.1970  0.1980  0.1990  1
267:   0.1940  0.2020  0.2020  0.1960  0.2060  1
268:   0.2280  0.1940  0.1850  0.1970  0.1960  1
269:   0.2422  0.1912  0.1842  0.1792  0.2032  1
270:   0.2060  0.1990  0.2050  0.1930  0.1970  1
271:   0.2040  0.1960  0.1960  0.2000  0.2040  1
272:   0.2540  0.1860  0.1810  0.1770  0.2020  1
273:   0.1650  0.2080  0.2130  0.2220  0.1920  1
274:   0.1680  0.2120  0.2100  0.2120  0.1980  1
275:   0.1818  0.2068  0.2088  0.2048  0.1978  1
276:   0.1760  0.2010  0.2080  0.2130  0.2020  1
277:   0.1728  0.2048  0.2118  0.2118  0.1988  1
278:   0.1710  0.2080  0.2080  0.2090  0.2040  1
279:   0.1890  0.2090  0.2070  0.2040  0.1910  1
280:   0.2260  0.1960  0.1880  0.2020  0.1880  1
281:   0.1790  0.2070  0.2070  0.2080  0.1990  1
282:   0.2088  0.1968  0.2018  0.1968  0.1958  1
283:   0.1742  0.2072  0.2062  0.2122  0.2002  1
284:   0.1960  0.1970  0.1990  0.2060  0.2020  1
285:   0.2510  0.1860  0.1800  0.1840  0.1990  1
286:   0.1908  0.2068  0.2028  0.2008  0.1988  1
287:   0.2230  0.1980  0.1880  0.1900  0.2010  1
288:   0.2250  0.2000  0.1860  0.1890  0.2000  1
289:   0.2022  0.1952  0.2032  0.2002  0.1992  1
290:   0.1810  0.1990  0.2080  0.2080  0.2040  1
291:   0.1730  0.1990  0.2080  0.2170  0.2030  1
292:   0.1872  0.2012  0.2052  0.2072  0.1992  1
293:   0.2290  0.1930  0.1880  0.1880  0.2020  1
294:   0.1768  0.2058  0.2168  0.2038  0.1968  1
295:   0.2062  0.1952  0.1992  0.1952  0.2042  1
296:   0.2210  0.1910  0.1920  0.1960  0.2000  1
297:   0.2330  0.1890  0.1880  0.1910  0.1990  1
298:   0.2517  0.1848  0.1878  0.1768  0.1988  1
299:   0.1720  0.1990  0.2150  0.2160  0.1980  1
300:   0.1750  0.2060  0.2130  0.2110  0.1950  1

  1:   0.1888  0.2088  0.2078  0.2038  0.1908  1
  2:   0.1830  0.2070  0.2120  0.2110  0.1870  1
  3:   0.2002  0.2052  0.2042  0.1972  0.1932  1
  4:   0.2268  0.1778  0.1878  0.1908  0.2168  1
  5:   0.1950  0.2030  0.2040  0.1990  0.1990  1
  6:   0.1958  0.2028  0.1978  0.2048  0.1988  1
  7:   0.1972  0.1962  0.2022  0.2052  0.1992  1
  8:   0.1930  0.1990  0.2050  0.2070  0.1960  1
  9:   0.2240  0.1890  0.1860  0.1890  0.2120  1
 10:   0.2100  0.1960  0.1970  0.1920  0.2050  1
 11:   0.1818  0.2168  0.2108  0.2048  0.1858  1
 12:   0.2218  0.1888  0.1868  0.1918  0.2108  1
 13:   0.2370  0.1820  0.1810  0.1830  0.2170  1
 14:   0.2220  0.1850  0.1850  0.1910  0.2170  1
 15:   0.1962  0.2052  0.2032  0.2022  0.1932  1
 16:   0.2012  0.1992  0.1982  0.1992  0.2022  1
 17:   0.2088  0.1918  0.1938  0.1968  0.2088  1
 18:   0.2002  0.1992  0.2042  0.1982  0.1982  1
 19:   0.1970  0.2010  0.2000  0.1990  0.2030  1
 20:   0.2060  0.1930  0.1960  0.1980  0.2070  1
 21:   0.1870  0.2070  0.2120  0.2040  0.1900  1
 22:   0.2112  0.1932  0.1932  0.1942  0.2082  1
 23:   0.1860  0.2030  0.2110  0.2070  0.1930  1
 24:   0.2060  0.1920  0.1970  0.2000  0.2050  1
 25:   0.1990  0.2020  0.1980  0.2000  0.2010  1
 26:   0.2000  0.2000  0.1970  0.1980  0.2050  1
 27:   0.2070  0.1940  0.1960  0.1970  0.2060  1
 28:   0.1998  0.1978  0.2018  0.2008  0.1998  1
 29:   0.1980  0.2040  0.2010  0.1980  0.1990  1
 30:   0.2020  0.2010  0.1970  0.1990  0.2010  1
 31:   0.1780  0.2100  0.2120  0.2170  0.1830  1
 32:   0.2020  0.2020  0.1960  0.1950  0.2050  1
 33:   0.2038  0.1988  0.1958  0.1998  0.2018  1
 34:   0.1988  0.1968  0.1978  0.2028  0.2038  1
 35:   0.2178  0.1848  0.1888  0.1948  0.2138  1
 36:   0.1860  0.2120  0.2090  0.2030  0.1900  1
 37:   0.1720  0.2150  0.2130  0.2180  0.1820  1
 38:   0.2000  0.1980  0.1990  0.2000  0.2030  1
 39:   0.2070  0.1970  0.1960  0.1970  0.2030  1
 40:   0.1930  0.2050  0.2040  0.2040  0.1940  1
 41:   0.2000  0.2000  0.1990  0.1980  0.2030  1
 42:   0.2180  0.1930  0.1880  0.1900  0.2110  1
 43:   0.2088  0.1948  0.1948  0.1948  0.2068  1
 44:   0.1912  0.2102  0.2042  0.2002  0.1942  1
 45:   0.1950  0.2070  0.2020  0.2010  0.1950  1
 46:   0.2068  0.1948  0.1978  0.1948  0.2058  1
 47:   0.1800  0.2130  0.2130  0.2090  0.1850  1
 48:   0.1920  0.2070  0.2080  0.2010  0.1920  1
 49:   0.2140  0.1910  0.1910  0.1910  0.2130  1
 50:   0.1868  0.2138  0.2058  0.2038  0.1898  1
 51:   0.2360  0.1800  0.1820  0.1850  0.2170  1
 52:   0.1988  0.2018  0.2078  0.1978  0.1938  1
 53:   0.2000  0.1960  0.2030  0.2030  0.1980  1
 54:   0.1892  0.2062  0.2092  0.2032  0.1922  1
 55:   0.2000  0.1960  0.1980  0.2030  0.2030  1
 56:   0.1980  0.1980  0.2030  0.2030  0.1980  1
 57:   0.1870  0.2050  0.2110  0.2070  0.1900  1
 58:   0.2012  0.1952  0.1982  0.2032  0.2022  1
 59:   0.1900  0.2050  0.2040  0.2020  0.1990  1
 60:   0.1870  0.2110  0.2060  0.2040  0.1920  1
 61:   0.2078  0.1938  0.1978  0.1978  0.2028  1
 62:   0.2032  0.1992  0.1962  0.2002  0.2012  1
 63:   0.1962  0.2042  0.1992  0.2012  0.1992  1
 64:   0.1770  0.2210  0.2150  0.2040  0.1830  1
 65:   0.2000  0.1990  0.2010  0.2020  0.1980  1
 66:   0.1960  0.1970  0.1990  0.2060  0.2020  1
 67:   0.2098  0.1928  0.1938  0.1948  0.2088  1
 68:   0.1952  0.2062  0.2062  0.1982  0.1942  1
 69:   0.2018  0.1968  0.1958  0.2048  0.2008  1
 70:   0.1930  0.2050  0.2080  0.2020  0.1920  1
 71:   0.1860  0.2070  0.2060  0.2080  0.1930  1
 72:   0.2078  0.1968  0.1968  0.1968  0.2018  1
 73:   0.1880  0.2050  0.2090  0.2050  0.1930  1
 74:   0.1940  0.2020  0.2070  0.2060  0.1910  1
 75:   0.1960  0.2060  0.2010  0.1990  0.1980  1
 76:   0.1870  0.2090  0.2080  0.2040  0.1920  1
 77:   0.1928  0.2018  0.2028  0.2038  0.1988  1
 78:   0.1840  0.2090  0.2100  0.2060  0.1910  1
 79:   0.2010  0.2020  0.2000  0.1960  0.2010  1
 80:   0.2312  0.1822  0.1802  0.1862  0.2202  1
 81:   0.1920  0.2090  0.2050  0.1990  0.1950  1
 82:   0.1838  0.2098  0.2088  0.2118  0.1858  1
 83:   0.1920  0.2070  0.2040  0.2030  0.1940  1
 84:   0.2070  0.1970  0.1940  0.1950  0.2070  1
 85:   0.1862  0.2102  0.2092  0.2062  0.1882  1
 86:   0.1950  0.2040  0.2010  0.1990  0.2010  1
 87:   0.1960  0.2060  0.2040  0.2000  0.1940  1
 88:   0.2062  0.1932  0.1942  0.1972  0.2092  1
 89:   0.2060  0.2010  0.1940  0.1990  0.2000  1
 90:   0.2020  0.1990  0.1950  0.2010  0.2030  1
 91:   0.1862  0.2112  0.2112  0.2032  0.1882  1
 92:   0.1920  0.2050  0.2070  0.2030  0.1930  1
 93:   0.1970  0.2060  0.2010  0.2000  0.1960  1
 94:   0.1888  0.2098  0.2038  0.2058  0.1918  1
 95:   0.1888  0.2048  0.2078  0.2068  0.1918  1
 96:   0.2130  0.1940  0.1930  0.1920  0.2080  1
 97:   0.2090  0.1980  0.1950  0.1910  0.2070  1
 98:   0.2060  0.1930  0.1990  0.1970  0.2050  1
 99:   0.2020  0.1970  0.1950  0.2010  0.2050  1
100:   0.1962  0.2022  0.2042  0.1992  0.1982  1
101:   0.1938  0.2018  0.2028  0.2048  0.1968  1
102:   0.1860  0.2080  0.2040  0.2080  0.1940  1
103:   0.2200  0.1910  0.1890  0.1920  0.2080  1
104:   0.1940  0.2010  0.2050  0.2010  0.1990  1
105:   0.1770  0.2150  0.2170  0.2060  0.1850  1
106:   0.2002  0.1972  0.2002  0.2032  0.1992  1
107:   0.2140  0.1920  0.1950  0.1930  0.2060  1
108:   0.1990  0.2020  0.2010  0.1990  0.1990  1
109:   0.2158  0.1898  0.1898  0.1918  0.2128  1
110:   0.1940  0.2060  0.1980  0.2040  0.1980  1
111:   0.1988  0.2048  0.2048  0.1988  0.1928  1
112:   0.2012  0.1972  0.1982  0.1982  0.2052  1
113:   0.2320  0.1850  0.1870  0.1840  0.2120  1
114:   0.2000  0.1990  0.2040  0.2000  0.1970  1
115:   0.2130  0.1940  0.1920  0.1940  0.2070  1
116:   0.2030  0.1930  0.2020  0.1990  0.2030  1
117:   0.1900  0.2030  0.2040  0.2080  0.1950  1
118:   0.1880  0.2100  0.2090  0.2050  0.1880  1
119:   0.1860  0.2070  0.2110  0.2050  0.1910  1
120:   0.2028  0.1988  0.1988  0.1968  0.2028  1
121:   0.2110  0.1890  0.1910  0.1950  0.2140  1
122:   0.1990  0.1940  0.2020  0.2080  0.1970  1
123:   0.1912  0.2082  0.2042  0.2012  0.1952  1
124:   0.2020  0.2020  0.1960  0.2010  0.1990  1
125:   0.1890  0.2050  0.2090  0.2060  0.1910  1
126:   0.1980  0.2000  0.2000  0.2030  0.1990  1
127:   0.1980  0.2020  0.2010  0.1970  0.2020  1
128:   0.2150  0.1870  0.1900  0.1930  0.2150  1
129:   0.2092  0.1912  0.1942  0.1972  0.2082  1
130:   0.1980  0.2030  0.1960  0.2020  0.2010  1
131:   0.1840  0.2080  0.2120  0.2090  0.1870  1
132:   0.1900  0.2040  0.2070  0.2040  0.1950  1
133:   0.1870  0.2080  0.2060  0.2050  0.1940  1
134:   0.1950  0.2010  0.2020  0.2060  0.1960  1
135:   0.1978  0.1998  0.2048  0.2038  0.1938  1
136:   0.1970  0.2000  0.1980  0.2020  0.2030  1
137:   0.1990  0.2010  0.1990  0.1990  0.2020  1
138:   0.2230  0.1850  0.1870  0.1920  0.2130  1
139:   0.1898  0.2048  0.2058  0.2078  0.1918  1
140:   0.1902  0.2032  0.2092  0.2052  0.1922  1
141:   0.1990  0.2010  0.1960  0.2000  0.2040  1
142:   0.1860  0.2080  0.2070  0.2070  0.1920  1
143:   0.2150  0.1890  0.1900  0.1950  0.2110  1
144:   0.1910  0.2030  0.2070  0.2090  0.1900  1
145:   0.2140  0.1900  0.1940  0.1980  0.2040  1
146:   0.1960  0.1950  0.2020  0.2030  0.2040  1
147:   0.1980  0.1980  0.2040  0.1980  0.2020  1
148:   0.2170  0.1900  0.1920  0.1940  0.2070  1
149:   0.2010  0.1960  0.1970  0.2030  0.2030  1
150:   0.1992  0.1992  0.2012  0.2012  0.1992  1
151:   0.1960  0.2060  0.2000  0.1980  0.2000  1
152:   0.1872  0.2102  0.2072  0.2022  0.1932  1
153:   0.1938  0.2018  0.2078  0.2018  0.1948  1
154:   0.2052  0.1992  0.1982  0.1972  0.2002  1
155:   0.2080  0.1980  0.1910  0.1970  0.2060  1
156:   0.1812  0.2092  0.2102  0.2112  0.1882  1
157:   0.1850  0.2150  0.2050  0.2060  0.1890  1
158:   0.1938  0.2048  0.2058  0.1988  0.1968  1
159:   0.1940  0.2040  0.2010  0.2030  0.1980  1
160:   0.1930  0.2030  0.2010  0.2050  0.1980  1
161:   0.2172  0.1882  0.1892  0.1932  0.2122  1
162:   0.3240  0.1370  0.1400  0.1450  0.2540  1
163:   0.1750  0.2140  0.2120  0.2160  0.1830  1
164:   0.1990  0.1980  0.2010  0.1990  0.2030  1
165:   0.1850  0.2100  0.2100  0.2060  0.1890  1
166:   0.1980  0.2050  0.1990  0.2010  0.1970  1
167:   0.2290  0.1840  0.1860  0.1870  0.2140  1
168:   0.2070  0.1940  0.1930  0.1990  0.2070  1
169:   0.1920  0.2030  0.2050  0.2070  0.1930  1
170:   0.2090  0.1920  0.1930  0.1990  0.2070  1
171:   0.1900  0.2050  0.2040  0.2080  0.1930  1
172:   0.1960  0.2020  0.2040  0.2030  0.1950  1
173:   0.1898  0.2038  0.2028  0.2078  0.1958  1
174:   0.2110  0.1940  0.1880  0.1970  0.2100  1
175:   0.2182  0.1892  0.1892  0.1922  0.2112  1
176:   0.1888  0.2128  0.2058  0.2028  0.1898  1
177:   0.1792  0.2142  0.2142  0.2082  0.1842  1
178:   0.1828  0.2078  0.2108  0.2098  0.1888  1
179:   0.2030  0.1960  0.1990  0.2000  0.2020  1
180:   0.2092  0.1962  0.1962  0.1922  0.2062  1
181:   0.1930  0.2030  0.2030  0.2050  0.1960  1
182:   0.2078  0.1958  0.1928  0.1948  0.2088  1
183:   0.1960  0.2060  0.2030  0.1990  0.1960  1
184:   0.1962  0.1992  0.2012  0.2042  0.1992  1
185:   0.1952  0.2022  0.2022  0.2032  0.1972  1
186:   0.1950  0.2030  0.2030  0.2030  0.1960  1
187:   0.1920  0.2070  0.2030  0.2070  0.1910  1
188:   0.1868  0.2048  0.2068  0.2128  0.1888  1
189:   0.1978  0.1998  0.1988  0.1998  0.2038  1
190:   0.2022  0.1962  0.1992  0.1992  0.2032  1
191:   0.2050  0.1950  0.1950  0.1970  0.2080  1
192:   0.2020  0.2000  0.2000  0.1990  0.1990  1
193:   0.2020  0.2040  0.1980  0.1960  0.2000  1
194:   0.2082  0.1952  0.1972  0.1952  0.2042  1
195:   0.2030  0.1900  0.1990  0.2000  0.2080  1
196:   0.2228  0.1868  0.1858  0.1918  0.2128  1
197:   0.1952  0.2072  0.1992  0.1992  0.1992  1
198:   0.2010  0.2020  0.2000  0.1960  0.2010  1
199:   0.1920  0.2050  0.2060  0.2010  0.1960  1
200:   0.1888  0.2038  0.2068  0.2078  0.1928  1
201:   0.2152  0.1902  0.1892  0.1942  0.2112  1
202:   0.1920  0.2040  0.2060  0.2090  0.1890  1
203:   0.1960  0.2020  0.2010  0.2010  0.2000  1
204:   0.1972  0.2062  0.2022  0.1972  0.1972  1
205:   0.2052  0.2012  0.1972  0.1922  0.2042  1
206:   0.1970  0.2020  0.2020  0.2010  0.1980  1
207:   0.2020  0.2010  0.1990  0.1950  0.2030  1
208:   0.1940  0.2030  0.2060  0.2020  0.1950  1
209:   0.2100  0.1910  0.1980  0.1950  0.2060  1
210:   0.1912  0.2082  0.2052  0.2022  0.1932  1
211:   0.1902  0.2052  0.2072  0.2052  0.1922  1
212:   0.2150  0.1870  0.1940  0.1920  0.2120  1
213:   0.1938  0.2058  0.2038  0.2008  0.1958  1
214:   0.1970  0.2000  0.2000  0.2040  0.1990  1
215:   0.1972  0.2012  0.1962  0.2052  0.2002  1
216:   0.2208  0.1848  0.1888  0.1878  0.2178  1
