           1  1 0.0378 0.0434 0.0433 0.8299 0.0456 
           2  1 0.0375 0.0350 0.0288 0.8742 0.0245 
           3  1 0.0195 0.0204 0.0185 0.9189 0.0227 
           4  1 0.0271 0.0361 0.0296 0.8789 0.0283 
           5  1 0.0143 0.0168 0.0173 0.9342 0.0174 
           6  1 0.0163 0.0167 0.0168 0.9327 0.0174 
           7  1 0.0370 0.0455 0.0354 0.8519 0.0301 
           8  1 0.0174 0.0177 0.0164 0.9317 0.0168 
           9  1 0.0171 0.0213 0.0193 0.9202 0.0222 
          10  1 0.0148 0.0138 0.0147 0.9435 0.0133 
          11  1 0.0204 0.0237 0.0231 0.9105 0.0223 
          12  1 0.1223 0.2247 0.1895 0.2723 0.1911 
          13  1 0.0462 0.0601 0.0536 0.7927 0.0474 
          14  1 0.1169 0.1768 0.1394 0.4334 0.1336 
          15  1 0.0956 0.0991 0.0666 0.5996 0.1391 
          16  1 0.2087 0.2330 0.2810 0.0103 0.2670 
          17  1 0.4366 0.1569 0.2517 0.0081 0.1467 
          18  1 0.4385 0.1525 0.2698 0.0114 0.1278 
          19  1 0.3320 0.2157 0.2571 0.0264 0.1688 
          20  1 0.1796 0.2916 0.2571 0.0108 0.2610 
          21  1 0.3941 0.2110 0.2557 0.0121 0.1271 
          22  1 0.2581 0.1996 0.1985 0.1701 0.1737 
          23  1 0.2269 0.2486 0.2143 0.0483 0.2619 
          24  1 0.2368 0.2895 0.2213 0.0243 0.2281 
          25  1 0.2223 0.2087 0.3192 0.0210 0.2288 
          26  1 0.1852 0.2821 0.2661 0.0580 0.2087 
          27  1 0.2214 0.2725 0.2356 0.0151 0.2554 
          28  1 0.2756 0.2390 0.2582 0.0085 0.2188 
          29  1 0.2312 0.1758 0.2766 0.0106 0.3057 
          30  1 0.4380 0.1480 0.2605 0.0179 0.1356 
          31  1 0.1021 0.1335 0.1315 0.4812 0.1516 
          32  1 0.3315 0.2384 0.2380 0.0113 0.1809 
          33  1 0.3082 0.2429 0.2360 0.0133 0.1997 
          34  1 0.1295 0.1298 0.1210 0.5122 0.1076 
          35  1 0.1660 0.2317 0.2551 0.0456 0.3016 
          36  1 0.2059 0.1933 0.2908 0.0331 0.2768 
          37  1 0.1689 0.2791 0.2602 0.0640 0.2277 
          38  1 0.2775 0.2067 0.2670 0.0159 0.2329 
          39  1 0.2368 0.2274 0.2825 0.0119 0.2415 
          40  1 0.2801 0.2609 0.2591 0.0100 0.1898 
          41  1 0.2496 0.2496 0.2730 0.0182 0.2096 
          42  1 0.2612 0.2654 0.2831 0.0208 0.1695 
          43  1 0.1582 0.3042 0.2620 0.0282 0.2474 
          44  1 0.2420 0.2096 0.2878 0.0087 0.2519 
          45  1 0.1835 0.3240 0.2497 0.0165 0.2262 
          46  1 0.3304 0.1918 0.2725 0.0258 0.1795 
          47  1 0.1639 0.3173 0.1737 0.0249 0.3202 
          48  1 0.2552 0.2328 0.3061 0.0386 0.1673 
          49  1 0.3081 0.2214 0.2274 0.0487 0.1945 
          50  1 0.1810 0.2889 0.2326 0.0627 0.2348 
          51  1 0.2418 0.2522 0.2427 0.0426 0.2208 
          52  1 0.2536 0.2347 0.2409 0.0504 0.2204 
          53  1 0.3410 0.2295 0.2517 0.0234 0.1544 
          54  1 0.2089 0.2669 0.2869 0.0107 0.2266 
          55  1 0.4875 0.1367 0.2520 0.0088 0.1150 
          56  1 0.1809 0.2453 0.1834 0.0219 0.3684 
          57  1 0.1129 0.3073 0.2837 0.0666 0.2294 
          58  1 0.3630 0.2129 0.2495 0.0215 0.1531 
          59  1 0.3034 0.2142 0.2098 0.0130 0.2596 
          60  1 0.2585 0.2415 0.2764 0.0350 0.1887 
          61  1 0.2006 0.3109 0.2388 0.0067 0.2430 
          62  1 0.2616 0.2304 0.2324 0.0180 0.2576 
          63  1 0.2879 0.2304 0.2465 0.0309 0.2043 
          64  1 0.2630 0.2298 0.2721 0.0230 0.2121 
          65  1 0.1612 0.2474 0.1363 0.0095 0.4456 
          66  1 0.1631 0.2482 0.1998 0.0121 0.3768 
          67  1 0.4215 0.1429 0.2677 0.0156 0.1523 
          68  1 0.1418 0.3474 0.2190 0.0379 0.2539 
          69  1 0.2209 0.2431 0.2586 0.0088 0.2685 
          70  1 0.4037 0.1516 0.2347 0.0152 0.1950 
          71  1 0.1571 0.3445 0.1845 0.0138 0.3001 
          72  1 0.3478 0.1724 0.2868 0.0053 0.1877 
          73  1 0.2080 0.2540 0.2299 0.0427 0.2653 
          74  1 0.3762 0.2039 0.2259 0.0079 0.1861 
          75  1 0.1603 0.2569 0.3391 0.0170 0.2267 
          76  1 0.1398 0.2879 0.2055 0.0897 0.2770 
          77  1 0.1985 0.1834 0.3080 0.0911 0.2189 
          78  1 0.1756 0.2745 0.1865 0.0162 0.3472 
          79  1 0.3212 0.2265 0.2203 0.0087 0.2233 
          80  1 0.2002 0.2683 0.2688 0.0175 0.2453 
          81  1 0.3170 0.2404 0.2417 0.0186 0.1823 
          82  1 0.1431 0.3223 0.2808 0.0081 0.2457 
          83  1 0.1737 0.3316 0.2442 0.0169 0.2337 
          84  1 0.2419 0.2767 0.2763 0.0175 0.1877 
          85  1 0.2101 0.2486 0.2511 0.0154 0.2749 
          86  1 0.4438 0.1544 0.2578 0.0234 0.1206 
          87  1 0.1909 0.2244 0.2014 0.0087 0.3747 
          88  1 0.2496 0.2375 0.2704 0.0247 0.2178 
          89  1 0.1469 0.3128 0.2812 0.0105 0.2486 
          90  1 0.1997 0.2820 0.2702 0.0113 0.2368 
          91  1 0.3094 0.1986 0.2273 0.0102 0.2545 
          92  1 0.2514 0.2126 0.2528 0.0089 0.2744 
          93  1 0.4045 0.1626 0.2671 0.0234 0.1422 
          94  1 0.3189 0.2267 0.2221 0.0059 0.2264 
          95  1 0.3124 0.2094 0.2344 0.0145 0.2293 
          96  1 0.1904 0.2147 0.2177 0.1902 0.1871 
          97  1 0.2941 0.2061 0.1882 0.0116 0.3000 
          98  1 0.2829 0.1838 0.2798 0.0192 0.2343 
          99  1 0.2063 0.2492 0.2379 0.0217 0.2849 
         100  1 0.2911 0.2384 0.2584 0.0250 0.1871 
         101  1 0.1843 0.2462 0.2908 0.0230 0.2557 
         102  1 0.2316 0.2677 0.2681 0.0121 0.2205 
         103  1 0.2821 0.2020 0.2089 0.0511 0.2560 
         104  1 0.1330 0.2444 0.1607 0.0105 0.4513 
         105  1 0.1291 0.3059 0.1370 0.0198 0.4082 
         106  1 0.1325 0.3012 0.1417 0.0197 0.4049 
         107  1 0.1761 0.2940 0.2214 0.1038 0.2048 
         108  1 0.3395 0.2178 0.2076 0.0069 0.2282 
         109  1 0.3709 0.1932 0.2404 0.0327 0.1628 
         110  1 0.1636 0.2604 0.2259 0.0099 0.3403 
         111  1 0.2902 0.1882 0.3145 0.0192 0.1878 
         112  1 0.4077 0.1843 0.2289 0.0137 0.1654 
         113  1 0.2158 0.2870 0.1839 0.0061 0.3071 
         114  1 0.1798 0.2946 0.2608 0.0785 0.1863 
         115  1 0.2251 0.2669 0.1781 0.0104 0.3195 
         116  1 0.1553 0.3192 0.2483 0.0263 0.2509 
         117  1 0.2193 0.2797 0.2106 0.0132 0.2772 
         118  1 0.3900 0.1824 0.2219 0.0170 0.1887 
         119  1 0.4197 0.1672 0.2482 0.0184 0.1465 
         120  1 0.2223 0.1838 0.1950 0.2217 0.1771 
         121  1 0.2757 0.2192 0.2342 0.0720 0.1989 
         122  1 0.2178 0.2419 0.2505 0.0060 0.2838 
         123  1 0.3002 0.2395 0.2392 0.0124 0.2087 
         124  1 0.3233 0.2218 0.2503 0.0202 0.1844 
         125  1 0.1911 0.2358 0.2050 0.0068 0.3613 
         126  1 0.3402 0.1791 0.2092 0.0072 0.2643 
         127  1 0.2075 0.2172 0.3137 0.0304 0.2313 
         128  1 0.1731 0.2455 0.2523 0.0216 0.3076 
         129  1 0.1922 0.2931 0.1805 0.0178 0.3165 
         130  1 0.4030 0.1751 0.2445 0.0166 0.1608 
         131  1 0.3753 0.1667 0.2737 0.0117 0.1726 
         132  1 0.2368 0.2425 0.2268 0.0884 0.2056 
         133  1 0.3178 0.1933 0.2200 0.0073 0.2616 
         134  1 0.2908 0.2088 0.2704 0.0086 0.2214 
         135  1 0.3834 0.2056 0.2417 0.0062 0.1631 
         136  1 0.1839 0.2398 0.1942 0.0057 0.3765 
         137  1 0.4207 0.1627 0.2479 0.0291 0.1396 
         138  1 0.1825 0.3127 0.2609 0.0388 0.2050 
         139  1 0.2318 0.2144 0.1687 0.0160 0.3691 
         140  1 0.2898 0.2273 0.2297 0.0773 0.1759 
         141  1 0.1844 0.2484 0.3182 0.0076 0.2413 
         142  1 0.3479 0.1748 0.2876 0.0152 0.1745 
         143  1 0.0833 0.1278 0.1119 0.5817 0.0953 
         144  1 0.2255 0.2409 0.2162 0.0112 0.3063 
         145  1 0.2326 0.2790 0.2105 0.0530 0.2250 
         146  1 0.3732 0.2266 0.2413 0.0064 0.1524 
         147  1 0.1441 0.2322 0.1961 0.2591 0.1684 
         148  1 0.3783 0.1602 0.2653 0.0204 0.1759 
         149  1 0.1819 0.2166 0.2988 0.0267 0.2760 
         150  1 0.2795 0.2225 0.2251 0.0281 0.2449 
         151  1 0.3440 0.2123 0.2654 0.0200 0.1584 
         152  1 0.3263 0.2250 0.2257 0.0118 0.2113 
         153  1 0.1683 0.2473 0.2729 0.0172 0.2944 
         154  1 0.4239 0.1808 0.2462 0.0062 0.1430 
         155  1 0.2043 0.2299 0.3089 0.0261 0.2308 
         156  1 0.2072 0.2296 0.2944 0.0136 0.2551 
         157  1 0.2285 0.2308 0.2712 0.0361 0.2334 
         158  1 0.2001 0.2605 0.1993 0.0100 0.3301 
         159  1 0.1505 0.3357 0.3041 0.0115 0.1983 
         160  1 0.2022 0.2524 0.1775 0.0082 0.3597 
         161  1 0.2142 0.2177 0.2755 0.0452 0.2474 
         162  1 0.2384 0.2113 0.3015 0.0207 0.2280 
         163  1 0.4402 0.1588 0.2228 0.0135 0.1648 
         164  1 0.1918 0.2840 0.1882 0.0068 0.3292 
         165  1 0.2271 0.2409 0.2062 0.0476 0.2782 
         166  1 0.2927 0.2510 0.2462 0.0223 0.1878 
         167  1 0.1767 0.2785 0.2671 0.0096 0.2681 
         168  1 0.3040 0.2180 0.2277 0.0199 0.2304 
         169  1 0.1469 0.2504 0.2178 0.0595 0.3254 
         170  1 0.3667 0.1716 0.2452 0.0232 0.1933 
         171  1 0.4319 0.1473 0.2654 0.0097 0.1457 
         172  1 0.2829 0.1887 0.2620 0.0161 0.2503 
         173  1 0.1835 0.2341 0.2329 0.0687 0.2808 
         174  1 0.1707 0.3203 0.2322 0.0313 0.2455 
         175  1 0.1810 0.2975 0.2185 0.0186 0.2844 
         176  1 0.2149 0.2358 0.1985 0.0244 0.3264 
         177  1 0.3328 0.2046 0.2434 0.0223 0.1970 
         178  1 0.2397 0.2486 0.2337 0.0528 0.2252 
         179  1 0.4019 0.1794 0.2566 0.0090 0.1532 
         180  1 0.1756 0.2489 0.2963 0.0188 0.2604 
         181  1 0.1752 0.1848 0.1905 0.1784 0.2711 
         182  1 0.2927 0.2090 0.2559 0.0294 0.2130 
         183  1 0.1840 0.3117 0.1858 0.0199 0.2987 
         184  1 0.3333 0.2116 0.2622 0.0403 0.1526 
         185  1 0.2301 0.2243 0.1972 0.0308 0.3176 
         186  1 0.1998 0.2417 0.2077 0.0168 0.3340 
         187  1 0.1790 0.2941 0.2426 0.0188 0.2656 
         188  1 0.1977 0.3219 0.2185 0.0277 0.2341 
         189  1 0.4003 0.1605 0.2557 0.0219 0.1617 
         190  1 0.2761 0.2426 0.2517 0.0175 0.2121 
         191  1 0.2504 0.1971 0.2932 0.0373 0.2220 
         192  1 0.3058 0.2122 0.2672 0.0150 0.1998 
         193  1 0.1688 0.2892 0.2389 0.0888 0.2143 
         194  1 0.2992 0.2129 0.2666 0.0279 0.1934 
         195  1 0.3646 0.1854 0.2084 0.0374 0.2043 
         196  1 0.1771 0.2407 0.2085 0.1452 0.2284 
         197  1 0.4295 0.1644 0.2414 0.0073 0.1575 
         198  1 0.3199 0.1929 0.2967 0.0116 0.1789 
         199  1 0.3910 0.1657 0.2633 0.0114 0.1685 
         200  1 0.2360 0.3072 0.2361 0.0144 0.2063 
         201  1 0.2597 0.2246 0.2430 0.0151 0.2576 
         202  1 0.1842 0.2728 0.2714 0.0945 0.1771 
         203  1 0.1774 0.2313 0.3148 0.0205 0.2560 
         204  1 0.3124 0.2147 0.2353 0.0262 0.2114 
         205  1 0.2300 0.2401 0.1477 0.0084 0.3739 
         206  1 0.3049 0.2482 0.2248 0.0129 0.2092 
         207  1 0.3071 0.2284 0.2375 0.0205 0.2066 
         208  1 0.1684 0.2633 0.3026 0.0503 0.2154 
         209  1 0.1882 0.3069 0.2558 0.0109 0.2382 
         210  1 0.2402 0.2103 0.2542 0.0083 0.2869 
         211  1 0.3161 0.2264 0.2404 0.0085 0.2085 
         212  1 0.2154 0.2292 0.2212 0.0193 0.3150 
         213  1 0.1996 0.2547 0.2523 0.0626 0.2308 
         214  1 0.2269 0.2670 0.2547 0.0114 0.2400 
         215  1 0.2045 0.2962 0.2268 0.0199 0.2526 
         216  1 0.2607 0.2610 0.2326 0.0313 0.2143 
         217  1 0.1636 0.2791 0.3146 0.0347 0.2080 
         218  1 0.2035 0.2346 0.2549 0.0250 0.2820 
         219  1 0.1954 0.2531 0.3057 0.0089 0.2368 
         220  1 0.1719 0.2999 0.2584 0.0293 0.2404 
         221  1 0.3008 0.2161 0.2335 0.0073 0.2423 
         222  1 0.1722 0.2734 0.1317 0.0064 0.4163 
         223  1 0.2898 0.2185 0.2559 0.0272 0.2086 
         224  1 0.2877 0.2506 0.2449 0.0091 0.2077 
         225  1 0.3586 0.1637 0.2728 0.0068 0.1981 
         226  1 0.1871 0.2494 0.2046 0.0120 0.3469 
         227  1 0.1349 0.3138 0.1711 0.0103 0.3698 
         228  1 0.1718 0.2166 0.2084 0.0405 0.3628 
         229  1 0.3715 0.2090 0.2532 0.0094 0.1568 
         230  1 0.1866 0.2833 0.2656 0.0181 0.2464 
         231  1 0.1765 0.3294 0.2319 0.0232 0.2390 
         232  1 0.1937 0.2536 0.1294 0.0083 0.4150 
         233  1 0.2501 0.2314 0.3021 0.0229 0.1935 
         234  1 0.3565 0.2174 0.2514 0.0106 0.1640 
         235  1 0.1584 0.2129 0.2276 0.0204 0.3808 
         236  1 0.1719 0.2367 0.2811 0.0609 0.2493 
         237  1 0.2084 0.2320 0.2010 0.0077 0.3509 
         238  1 0.2403 0.2763 0.2654 0.0257 0.1923 
         239  1 0.1556 0.2675 0.2421 0.1125 0.2224 
         240  1 0.3674 0.1750 0.2214 0.0074 0.2289 
         241  1 0.3679 0.1687 0.2231 0.0071 0.2332 
         242  1 0.2115 0.3005 0.2619 0.0237 0.2024 
         243  1 0.3373 0.1858 0.2253 0.0153 0.2362 
         244  1 0.2226 0.2434 0.2743 0.0395 0.2203 
         245  1 0.2849 0.2040 0.3018 0.0089 0.2005 
         246  1 0.1795 0.2318 0.2283 0.1463 0.2141 
         247  1 0.1614 0.2813 0.2501 0.0168 0.2905 
         248  1 0.2599 0.2277 0.2686 0.0434 0.2005 
         249  1 0.1569 0.3261 0.2743 0.0293 0.2134 
         250  1 0.2163 0.2689 0.2400 0.0147 0.2601 
         251  1 0.4186 0.1646 0.2277 0.0102 0.1789 
         252  1 0.1147 0.1253 0.1241 0.5178 0.1180 
         253  1 0.3254 0.2111 0.2450 0.0637 0.1547 
         254  1 0.2722 0.2466 0.2414 0.0075 0.2323 
         255  1 0.4097 0.1567 0.2518 0.0189 0.1630 
         256  1 0.3551 0.1840 0.2163 0.0101 0.2344 
         257  1 0.2050 0.2391 0.1579 0.0086 0.3894 
         258  1 0.2320 0.2737 0.2612 0.0157 0.2174 
         259  1 0.2855 0.2057 0.2861 0.0373 0.1854 
         260  1 0.2673 0.2099 0.2346 0.0097 0.2786 
         261  1 0.1557 0.2760 0.1946 0.0244 0.3492 
         262  1 0.1857 0.2712 0.1733 0.0438 0.3259 
         263  1 0.2168 0.2382 0.2159 0.0345 0.2946 
         264  1 0.3619 0.1865 0.2320 0.0206 0.1991 
         265  1 0.2534 0.2351 0.2611 0.0157 0.2347 
         266  1 0.3797 0.1621 0.2733 0.0133 0.1716 
         267  1 0.1814 0.2454 0.2772 0.0713 0.2247 
         268  1 0.2127 0.2616 0.2776 0.0124 0.2356 
         269  1 0.2640 0.2842 0.2555 0.0110 0.1854 
         270  1 0.2706 0.2169 0.2243 0.0063 0.2819 
         271  1 0.3886 0.1547 0.2665 0.0131 0.1771 
         272  1 0.3523 0.2173 0.2543 0.0262 0.1499 
         273  1 0.2077 0.3160 0.1898 0.0221 0.2644 
         274  1 0.1603 0.3020 0.2224 0.0373 0.2781 
         275  1 0.1904 0.2644 0.2834 0.0112 0.2506 
         276  1 0.1774 0.2150 0.1957 0.0150 0.3968 
         277  1 0.4568 0.1621 0.2442 0.0072 0.1296 
         278  1 0.3716 0.2221 0.2457 0.0091 0.1515 
         279  1 0.3682 0.1814 0.2663 0.0217 0.1623 
         280  1 0.2593 0.2355 0.2181 0.0116 0.2755 
         281  1 0.3605 0.1788 0.2748 0.0226 0.1632 
         282  1 0.3731 0.1849 0.2059 0.0205 0.2156 
         283  1 0.4274 0.1734 0.2382 0.0141 0.1469 
         284  1 0.3430 0.2108 0.2395 0.0091 0.1976 
         285  1 0.1533 0.3275 0.2809 0.0177 0.2206 
         286  1 0.1786 0.3025 0.2624 0.0192 0.2373 
         287  1 0.3330 0.2077 0.2050 0.0110 0.2433 
         288  1 0.3436 0.2164 0.2278 0.0186 0.1935 
         289  1 0.3034 0.2242 0.2215 0.0178 0.2331 
         290  1 0.3844 0.2104 0.2587 0.0219 0.1247 
         291  1 0.2385 0.1982 0.3036 0.0294 0.2303 
         292  1 0.2965 0.2300 0.2450 0.0094 0.2192 
         293  1 0.2023 0.2786 0.2786 0.0091 0.2314 
         294  1 0.4055 0.1802 0.2320 0.0242 0.1581 
         295  1 0.2997 0.1835 0.2684 0.0177 0.2307 
         296  1 0.2257 0.2291 0.2065 0.0284 0.3102 
         297  1 0.1526 0.2018 0.2445 0.1084 0.2928 
         298  1 0.1724 0.2459 0.2219 0.0173 0.3425 
         299  1 0.1426 0.2682 0.1412 0.0064 0.4416 
         300  1 0.2379 0.2626 0.2443 0.0314 0.2238 
         301  1 0.1987 0.3200 0.2360 0.0241 0.2213 
         302  1 0.1927 0.2397 0.1367 0.0147 0.4163 
         303  1 0.1808 0.2655 0.2695 0.0554 0.2288 
         304  1 0.3512 0.2088 0.2666 0.0142 0.1592 
         305  1 0.3523 0.2121 0.2751 0.0099 0.1505 
         306  1 0.2200 0.2639 0.1719 0.0119 0.3323 
         307  1 0.1803 0.2757 0.2451 0.0226 0.2764 
         308  1 0.3051 0.2670 0.2739 0.0182 0.1358 
         309  1 0.3150 0.2452 0.2724 0.0124 0.1550 
         310  1 0.2079 0.2507 0.2747 0.0156 0.2511 
         311  1 0.1631 0.2840 0.2454 0.0251 0.2823 
         312  1 0.1640 0.3155 0.2826 0.0199 0.2179 
         313  1 0.3443 0.2180 0.2499 0.0185 0.1693 
         314  1 0.1784 0.2586 0.2200 0.0090 0.3339 
         315  1 0.1967 0.2710 0.2161 0.0702 0.2460 
         316  1 0.1667 0.2680 0.2695 0.0594 0.2363 
         317  1 0.2228 0.2395 0.2398 0.0650 0.2329 
         318  1 0.2515 0.1758 0.2461 0.0124 0.3142 
         319  1 0.4537 0.1411 0.2493 0.0091 0.1467 
         320  1 0.2479 0.2478 0.1884 0.0072 0.3087 
         321  1 0.2569 0.2417 0.2034 0.0140 0.2840 
         322  1 0.4486 0.1373 0.2359 0.0282 0.1500 
         323  1 0.3517 0.2167 0.2474 0.0153 0.1690 
         324  1 0.1459 0.2916 0.2913 0.0144 0.2567 
         325  1 0.2332 0.2312 0.1524 0.0067 0.3765 
         326  1 0.2513 0.2969 0.2321 0.0083 0.2114 
         327  1 0.1820 0.2847 0.2709 0.0312 0.2314 
         328  1 0.2299 0.2509 0.2447 0.0848 0.1896 
         329  1 0.2812 0.2401 0.2738 0.0097 0.1952 
         330  1 0.3756 0.1833 0.2443 0.0347 0.1622 
         331  1 0.2889 0.2082 0.2043 0.0172 0.2814 
         332  1 0.3669 0.1501 0.2766 0.0244 0.1821 
         333  1 0.1778 0.2853 0.2797 0.0213 0.2359 
         334  1 0.1853 0.1892 0.2919 0.1260 0.2075 
         335  1 0.3163 0.1799 0.2758 0.0074 0.2205 
         336  1 0.3209 0.2039 0.2435 0.0125 0.2192 
         337  1 0.3336 0.1960 0.2187 0.0369 0.2148 
         338  1 0.3203 0.2060 0.2023 0.0336 0.2377 
         339  1 0.2608 0.1972 0.1938 0.1016 0.2466 
         340  1 0.1959 0.1903 0.2584 0.0172 0.3382 
         341  1 0.3073 0.1967 0.2643 0.0151 0.2166 
         342  1 0.0935 0.1860 0.1614 0.4232 0.1359 
         343  1 0.2201 0.2210 0.2296 0.0277 0.3015 
         344  1 0.2682 0.1992 0.2536 0.0232 0.2558 
         345  1 0.2655 0.2030 0.1866 0.0367 0.3082 
         346  1 0.2363 0.1969 0.3053 0.0177 0.2437 
         347  1 0.1959 0.3086 0.2233 0.0533 0.2189 
         348  1 0.1695 0.2877 0.1813 0.0057 0.3558 
         349  1 0.1653 0.2352 0.1734 0.1700 0.2561 
         350  1 0.1968 0.2320 0.2165 0.0187 0.3359 
         351  1 0.2831 0.1871 0.2491 0.0112 0.2695 
         352  1 0.2737 0.2540 0.1985 0.0073 0.2665 
         353  1 0.4333 0.1377 0.2898 0.0085 0.1306 
         354  1 0.1856 0.3248 0.2088 0.0120 0.2689 
         355  1 0.1667 0.2927 0.2620 0.0178 0.2609 
         356  1 0.1646 0.2787 0.2851 0.0493 0.2223 
         357  1 0.1781 0.2819 0.2548 0.0120 0.2733 
         358  1 0.1600 0.2491 0.2008 0.0076 0.3825 
         359  1 0.1841 0.2058 0.2230 0.2149 0.1722 
         360  1 0.2002 0.2225 0.2758 0.0179 0.2837 
         361  1 0.1537 0.2474 0.2329 0.1496 0.2164 
         362  1 0.1768 0.3330 0.2495 0.0273 0.2133 
         363  1 0.1491 0.2583 0.1901 0.0074 0.3950 
         364  1 0.3328 0.1974 0.2082 0.0478 0.2138 
         365  1 0.2050 0.1960 0.2327 0.1352 0.2311 
         366  1 0.1872 0.2529 0.2391 0.0246 0.2962 
         367  1 0.3107 0.2122 0.2398 0.0197 0.2175 
         368  1 0.4871 0.1317 0.2395 0.0131 0.1287 
         369  1 0.2408 0.2907 0.2576 0.0084 0.2025 
         370  1 0.2249 0.2722 0.2508 0.0097 0.2424 
         371  1 0.3218 0.1867 0.2995 0.0113 0.1808 
         372  1 0.1507 0.3012 0.2927 0.0798 0.1757 
         373  1 0.1346 0.3382 0.2458 0.0793 0.2022 
         374  1 0.3224 0.1900 0.2436 0.0710 0.1731 
         375  1 0.2464 0.2719 0.2348 0.0187 0.2282 
         376  1 0.2431 0.2188 0.1871 0.0090 0.3420 
         377  1 0.1815 0.2686 0.1231 0.0225 0.4043 
         378  1 0.2364 0.2645 0.2163 0.0189 0.2640 
         379  1 0.1512 0.3509 0.1881 0.0248 0.2850 
         380  1 0.4503 0.1515 0.2556 0.0101 0.1325 
         381  1 0.2660 0.2014 0.2573 0.0167 0.2585 
         382  1 0.2558 0.2238 0.2692 0.0123 0.2390 
         383  1 0.1807 0.2749 0.2650 0.0128 0.2665 
         384  1 0.2169 0.2553 0.1776 0.0135 0.3367 
         385  1 0.2129 0.2771 0.2598 0.0177 0.2325 
         386  1 0.2027 0.2513 0.2190 0.0199 0.3071 
         387  1 0.2827 0.2111 0.2101 0.0216 0.2745 
         388  1 0.1882 0.1870 0.3062 0.0632 0.2554 
         389  1 0.2216 0.2758 0.2722 0.0079 0.2225 
         390  1 0.3550 0.1820 0.2162 0.0104 0.2364 
         391  1 0.3331 0.1726 0.3114 0.0169 0.1660 
         392  1 0.2179 0.2346 0.2327 0.0249 0.2898 
         393  1 0.2374 0.2257 0.1918 0.0129 0.3322 
         394  1 0.2188 0.2395 0.2117 0.0264 0.3036 
         395  1 0.2437 0.2047 0.1924 0.1712 0.1879 
         396  1 0.2077 0.2796 0.2597 0.0069 0.2462 
         397  1 0.2065 0.2335 0.3032 0.0226 0.2342 
         398  1 0.3391 0.2014 0.2312 0.0208 0.2074 
         399  1 0.1888 0.2434 0.1482 0.0141 0.4055 
         400  1 0.1929 0.2497 0.1728 0.0326 0.3520 
         401  1 0.2405 0.2518 0.2160 0.0147 0.2769 
         402  1 0.1754 0.2059 0.2699 0.1680 0.1808 
         403  1 0.1803 0.2396 0.3055 0.0245 0.2502 
         404  1 0.0511 0.0694 0.0568 0.7564 0.0663 
         405  1 0.2222 0.1747 0.1878 0.0481 0.3672 
         406  1 0.1501 0.2828 0.2772 0.0847 0.2052 
         407  1 0.0620 0.1041 0.0839 0.6251 0.1248 
         408  1 0.3204 0.2082 0.2295 0.0155 0.2264 
         409  1 0.2639 0.2117 0.2328 0.1594 0.1321 
         410  1 0.1953 0.2367 0.1518 0.0133 0.4029 
         411  1 0.2405 0.2867 0.2250 0.0133 0.2344 
         412  1 0.3543 0.2122 0.2345 0.0317 0.1672 
         413  1 0.1699 0.2799 0.2501 0.1150 0.1851 
         414  1 0.2898 0.2159 0.2639 0.0296 0.2008 
         415  1 0.2750 0.2199 0.2991 0.0092 0.1968 
         416  1 0.1703 0.1810 0.2335 0.0095 0.4057 
         417  1 0.1562 0.2665 0.2581 0.0154 0.3038 
         418  1 0.1386 0.2805 0.2306 0.0129 0.3375 
         419  1 0.2728 0.2420 0.2711 0.0547 0.1594 
         420  1 0.2090 0.1890 0.2305 0.0591 0.3123 
         421  1 0.1655 0.3381 0.2735 0.0103 0.2126 
         422  1 0.1524 0.2490 0.1366 0.0105 0.4514 
         423  1 0.2547 0.2058 0.3052 0.0227 0.2116 
         424  1 0.1766 0.2790 0.1597 0.0082 0.3765 
         425  1 0.1744 0.1886 0.1833 0.0125 0.4412 
         426  1 0.2388 0.2076 0.2891 0.0437 0.2207 
         427  1 0.1788 0.2167 0.2085 0.0258 0.3703 
         428  1 0.2105 0.2533 0.2692 0.0328 0.2343 
         429  1 0.1734 0.1962 0.1855 0.0145 0.4304 
         430  1 0.2274 0.2679 0.2564 0.0116 0.2368 
         431  1 0.1384 0.3264 0.2877 0.0125 0.2351 
         432  1 0.0742 0.1096 0.0999 0.5952 0.1210 
         433  1 0.2227 0.2107 0.2518 0.0541 0.2606 
         434  1 0.2217 0.2545 0.2153 0.0209 0.2875 
         435  1 0.1557 0.2353 0.2702 0.0174 0.3214 
         436  1 0.1793 0.2347 0.1703 0.0222 0.3935 
         437  1 0.1883 0.2713 0.2496 0.0094 0.2814 
         438  1 0.1514 0.2732 0.1881 0.0122 0.3752 
         439  1 0.1012 0.1125 0.1437 0.5273 0.1153 
         440  1 0.1384 0.2641 0.2243 0.0625 0.3109 
         441  1 0.2094 0.2812 0.2912 0.0252 0.1930 
         442  1 0.3395 0.2165 0.2745 0.0140 0.1555 
         443  1 0.1885 0.3085 0.2620 0.0497 0.1912 
         444  1 0.1954 0.2422 0.2845 0.0345 0.2434 
         445  1 0.1688 0.2764 0.1854 0.1332 0.2362 
         446  1 0.2100 0.2451 0.2240 0.1197 0.2012 
         447  1 0.1655 0.2786 0.2659 0.0259 0.2642 
         448  1 0.1620 0.2465 0.1854 0.1283 0.2778 
         449  1 0.1905 0.2614 0.2409 0.1309 0.1763 
         450  1 0.1518 0.3047 0.2599 0.0719 0.2118 
         451  1 0.3216 0.2544 0.2578 0.0203 0.1459 
         452  1 0.1531 0.2227 0.1942 0.0582 0.3717 
         453  1 0.1498 0.2355 0.1604 0.1055 0.3488 
         454  1 0.2073 0.2379 0.2344 0.1637 0.1566 
         455  1 0.1747 0.2858 0.2277 0.1196 0.1923 
         456  1 0.1578 0.2753 0.2112 0.1694 0.1863 
         457  1 0.1399 0.2786 0.1851 0.1069 0.2895 
         458  1 0.1737 0.2756 0.2786 0.0870 0.1851 
         459  1 0.2748 0.2378 0.2388 0.0142 0.2344 
         460  1 0.3348 0.2283 0.2837 0.0130 0.1402 
         461  1 0.1294 0.2957 0.2219 0.1269 0.2260 
         462  1 0.0102 0.0095 0.0099 0.9602 0.0101 
         463  1 0.0092 0.0116 0.0112 0.9555 0.0125 
         464  1 0.0175 0.0230 0.0238 0.9159 0.0198 
         465  1 0.1195 0.2926 0.2333 0.2033 0.1513 
         466  1 0.0239 0.0323 0.0296 0.8778 0.0363 
         467  1 0.1304 0.1772 0.1609 0.3981 0.1334 
         468  1 0.1971 0.1363 0.2017 0.3375 0.1274 
         469  1 0.1262 0.2500 0.2154 0.2309 0.1775 
         470  1 0.0566 0.0701 0.0743 0.7344 0.0646 
         471  1 0.1194 0.2010 0.1757 0.3615 0.1423 
         472  1 0.1211 0.1833 0.1908 0.2956 0.2092 
         473  1 0.1228 0.2596 0.1411 0.2653 0.2111 
         474  1 0.0162 0.0153 0.0170 0.9344 0.0171 
         475  1 0.0512 0.1331 0.0974 0.6267 0.0917 
         476  1 0.0255 0.0239 0.0245 0.9047 0.0215 
         477  1 0.0235 0.0230 0.0222 0.9118 0.0196 
         478  1 0.1419 0.1755 0.1559 0.3279 0.1987 
         479  1 0.0170 0.0184 0.0194 0.9271 0.0181 
         480  1 0.0149 0.0183 0.0175 0.9339 0.0155 
         481  1 0.0210 0.0264 0.0253 0.9060 0.0212 
         482  1 0.0092 0.0081 0.0093 0.9651 0.0084 
         483  1 0.0221 0.0219 0.0223 0.9132 0.0204 
         484  1 0.1458 0.2714 0.2660 0.1002 0.2166 
         485  1 0.0376 0.0813 0.0761 0.7448 0.0602 
         486  1 0.0364 0.0363 0.0389 0.8536 0.0349 
         487  1 0.0096 0.0106 0.0098 0.9611 0.0090 
         488  1 0.0221 0.0305 0.0240 0.8965 0.0269 
         489  1 0.0891 0.1554 0.1303 0.5252 0.1000 
         490  1 0.1535 0.1439 0.2045 0.2764 0.2217 
         491  1 0.0173 0.0197 0.0199 0.9239 0.0191 
         492  1 0.0415 0.0640 0.0539 0.7870 0.0536 
         493  1 0.0133 0.0137 0.0145 0.9456 0.0128 
         494  1 0.0088 0.0083 0.0088 0.9655 0.0086 
         495  1 0.0084 0.0077 0.0086 0.9676 0.0078 
         496  1 0.0252 0.0263 0.0282 0.8978 0.0225 
         497  1 0.2669 0.2555 0.2694 0.0667 0.1415 
         498  1 0.1169 0.1662 0.1455 0.4563 0.1151 
         499  1 0.0168 0.0161 0.0166 0.9368 0.0137 
         500  1 0.0861 0.1390 0.1282 0.5492 0.0974 
         501  1 0.0095 0.0106 0.0118 0.9579 0.0102 
         502  1 0.0143 0.0128 0.0144 0.9459 0.0127 
         503  1 0.0086 0.0108 0.0098 0.9613 0.0096 
         504  1 0.0165 0.0157 0.0189 0.9333 0.0155 
         505  1 0.0565 0.0702 0.0626 0.7477 0.0630 
         506  1 0.0439 0.0569 0.0450 0.8055 0.0487 
         507  1 0.0183 0.0229 0.0196 0.9206 0.0186 
         508  1 0.0823 0.1182 0.0873 0.6111 0.1011 
         509  1 0.0079 0.0074 0.0076 0.9698 0.0072 
         510  1 0.0153 0.0159 0.0159 0.9381 0.0149 
         511  1 0.0114 0.0104 0.0119 0.9562 0.0101 
         512  1 0.0189 0.0271 0.0234 0.9106 0.0200 
         513  1 0.2556 0.2223 0.2850 0.0596 0.1775 
         514  1 0.0122 0.0113 0.0119 0.9529 0.0117 
         515  1 0.0410 0.0647 0.0589 0.7738 0.0616 
         516  1 0.1366 0.1326 0.1646 0.4518 0.1145 
         517  1 0.0157 0.0141 0.0145 0.9414 0.0142 
         518  1 0.0084 0.0101 0.0087 0.9639 0.0088 
         519  1 0.0178 0.0173 0.0168 0.9312 0.0168 
         520  1 0.0280 0.0282 0.0285 0.8835 0.0319 
         521  1 0.0102 0.0105 0.0110 0.9590 0.0092 
         522  1 0.0083 0.0086 0.0080 0.9674 0.0077 
         523  1 0.1009 0.0792 0.1116 0.5676 0.1408 
         524  1 0.0188 0.0319 0.0234 0.9010 0.0248 
         525  1 0.0216 0.0208 0.0209 0.9143 0.0224 
         526  1 0.0228 0.0227 0.0219 0.9083 0.0243 
         527  1 0.0224 0.0321 0.0265 0.8860 0.0331 
         528  1 0.0215 0.0276 0.0240 0.8973 0.0297 
         529  1 0.0543 0.0944 0.0809 0.6787 0.0917 
         530  1 0.0092 0.0096 0.0101 0.9623 0.0089 
         531  1 0.0266 0.0246 0.0231 0.9024 0.0233 
         532  1 0.0167 0.0162 0.0183 0.9324 0.0164 
         533  1 0.0124 0.0134 0.0133 0.9482 0.0127 
         534  1 0.0205 0.0256 0.0211 0.9106 0.0223 
         535  1 0.0139 0.0145 0.0146 0.9432 0.0138 
         536  1 0.0063 0.0076 0.0071 0.9714 0.0076 
         537  1 0.0095 0.0092 0.0100 0.9614 0.0098 
         538  1 0.0078 0.0081 0.0082 0.9680 0.0078 
         539  1 0.0063 0.0070 0.0068 0.9729 0.0071 
         540  1 0.0253 0.0224 0.0257 0.9073 0.0193 
         541  1 0.1160 0.2553 0.2717 0.1658 0.1913 
         542  1 0.0123 0.0112 0.0126 0.9522 0.0116 
         543  1 0.0317 0.0350 0.0361 0.8652 0.0320 
         544  1 0.0170 0.0169 0.0179 0.9316 0.0167 
         545  1 0.0070 0.0072 0.0076 0.9711 0.0070 
         546  1 0.0843 0.1099 0.1148 0.5965 0.0945 
         547  1 0.0374 0.0463 0.0421 0.8391 0.0351 
         548  1 0.0159 0.0155 0.0148 0.9386 0.0152 
         549  1 0.0156 0.0157 0.0159 0.9377 0.0152 
         550  1 0.0086 0.0087 0.0086 0.9653 0.0088 
         551  1 0.1582 0.2107 0.3108 0.1092 0.2111 
         552  1 0.0146 0.0202 0.0167 0.9313 0.0172 
         553  1 0.1316 0.1386 0.1379 0.4807 0.1112 
         554  1 0.0443 0.0639 0.0528 0.7888 0.0502 
         555  1 0.0088 0.0093 0.0094 0.9630 0.0095 
         556  1 0.0219 0.0320 0.0273 0.8873 0.0315 
         557  1 0.0072 0.0081 0.0081 0.9688 0.0079 
         558  1 0.0407 0.0453 0.0506 0.8223 0.0411 
         559  1 0.1001 0.1186 0.1194 0.5455 0.1164 
         560  1 0.0294 0.0326 0.0290 0.8729 0.0361 
         561  1 0.0366 0.0471 0.0427 0.8258 0.0478 
         562  1 0.0071 0.0068 0.0071 0.9726 0.0065 
         563  1 0.0114 0.0133 0.0135 0.9494 0.0124 
         564  1 0.0136 0.0124 0.0128 0.9499 0.0113 
         565  1 0.0247 0.0430 0.0428 0.8577 0.0318 
         566  1 0.1136 0.2343 0.1486 0.3538 0.1497 
         567  1 0.0148 0.0151 0.0142 0.9410 0.0150 
         568  1 0.0437 0.0422 0.0436 0.8290 0.0414 
         569  1 0.0152 0.0153 0.0160 0.9388 0.0147 
         570  1 0.2384 0.1521 0.1732 0.3361 0.1002 
         571  1 0.1006 0.2246 0.1498 0.3465 0.1785 
         572  1 0.0222 0.0301 0.0267 0.8928 0.0282 
         573  1 0.2146 0.2734 0.2596 0.0110 0.2415 
         574  1 0.1567 0.2734 0.2147 0.1073 0.2479 
         575  1 0.1575 0.2593 0.2771 0.0615 0.2446 
         576  1 0.1940 0.1884 0.2366 0.0266 0.3544 
         577  1 0.1752 0.2400 0.1562 0.0172 0.4113 
         578  1 0.1230 0.2586 0.2224 0.2079 0.1881 
         579  1 0.0273 0.0307 0.0271 0.8795 0.0354 
         580  1 0.0718 0.1264 0.1113 0.5911 0.0994 
         581  1 0.0114 0.0107 0.0125 0.9545 0.0109 
         582  1 0.3058 0.2557 0.2591 0.0294 0.1500 
         583  1 0.0129 0.0155 0.0142 0.9426 0.0149 
         584  1 0.0838 0.1200 0.0982 0.6147 0.0833 
         585  1 0.1260 0.1362 0.1258 0.4945 0.1175 
         586  1 0.0110 0.0152 0.0136 0.9485 0.0118 
         587  1 0.0206 0.0166 0.0165 0.9294 0.0170 
         588  1 0.0125 0.0116 0.0119 0.9542 0.0099 
         589  1 0.0529 0.0648 0.0553 0.7776 0.0494 
         590  1 0.0143 0.0130 0.0126 0.9479 0.0121 
         591  1 0.0119 0.0142 0.0136 0.9461 0.0142 
         592  1 0.0384 0.0606 0.0470 0.8126 0.0414 
         593  1 0.0117 0.0129 0.0120 0.9512 0.0123 
         594  1 0.0997 0.2095 0.1351 0.3484 0.2073 
         595  1 0.0455 0.0481 0.0491 0.8093 0.0479 
         596  1 0.0069 0.0077 0.0073 0.9710 0.0070 
         597  1 0.0124 0.0148 0.0140 0.9450 0.0138 
         598  1 0.1173 0.0964 0.0850 0.6011 0.1002 
         599  1 0.0089 0.0083 0.0083 0.9665 0.0082 
         600  1 0.0134 0.0136 0.0152 0.9439 0.0139 
         601  1 0.0089 0.0089 0.0098 0.9641 0.0083 
         602  1 0.0396 0.0651 0.0464 0.7893 0.0596 
         603  1 0.0238 0.0344 0.0334 0.8743 0.0340 
         604  1 0.1376 0.0966 0.0950 0.5567 0.1141 
         605  1 0.0251 0.0273 0.0262 0.8973 0.0241 
         606  1 0.0388 0.0296 0.0347 0.8734 0.0234 
         607  1 0.0069 0.0071 0.0075 0.9718 0.0068 
         608  1 0.0767 0.1125 0.1105 0.5821 0.1182 
         609  1 0.0230 0.0278 0.0238 0.9029 0.0224 
         610  1 0.0170 0.0220 0.0211 0.9206 0.0194 
         611  1 0.0633 0.0738 0.0669 0.7203 0.0757 
         612  1 0.1460 0.2898 0.2687 0.0717 0.2238 
         613  1 0.0101 0.0105 0.0105 0.9592 0.0097 
         614  1 0.0086 0.0087 0.0100 0.9632 0.0095 
         615  1 0.0096 0.0110 0.0103 0.9583 0.0108 
         616  1 0.0311 0.0546 0.0450 0.8314 0.0379 
         617  1 0.0212 0.0147 0.0169 0.9313 0.0160 
         618  1 0.0377 0.0580 0.0566 0.7986 0.0492 
         619  1 0.0144 0.0147 0.0126 0.9440 0.0142 
         620  1 0.0162 0.0194 0.0196 0.9251 0.0197 
         621  1 0.2917 0.2130 0.2095 0.0682 0.2176 
         622  1 0.0130 0.0128 0.0156 0.9461 0.0126 
         623  1 0.0234 0.0231 0.0240 0.9059 0.0235 
