           1  1 0.0449 0.0434 0.0423 0.7974 0.0308 0.0412 
           2  1 0.0291 0.0350 0.0244 0.8093 0.0630 0.0391 
           3  1 0.0189 0.0208 0.0204 0.9040 0.0165 0.0195 
           4  1 0.0306 0.0266 0.0281 0.8396 0.0417 0.0334 
           5  1 0.0143 0.0149 0.0176 0.9244 0.0136 0.0152 
           6  1 0.0160 0.0161 0.0155 0.9217 0.0145 0.0161 
           7  1 0.0412 0.0369 0.0313 0.7854 0.0601 0.0451 
           8  1 0.0170 0.0178 0.0175 0.9111 0.0194 0.0172 
           9  1 0.0219 0.0207 0.0207 0.8991 0.0171 0.0204 
          10  1 0.0127 0.0120 0.0136 0.9333 0.0157 0.0128 
          11  1 0.0206 0.0222 0.0254 0.8867 0.0209 0.0242 
          12  1 0.1782 0.1365 0.2153 0.2050 0.0856 0.1795 
          13  1 0.0530 0.0431 0.0584 0.7420 0.0466 0.0568 
          14  1 0.1542 0.1137 0.1261 0.3422 0.1027 0.1612 
          15  1 0.0979 0.1218 0.0593 0.5511 0.0870 0.0828 
          16  1 0.1576 0.1788 0.3121 0.0097 0.1366 0.2053 
          17  1 0.0908 0.1880 0.1937 0.0079 0.3826 0.1370 
          18  1 0.0920 0.1885 0.2030 0.0106 0.3715 0.1344 
          19  1 0.1479 0.1748 0.1250 0.0218 0.3658 0.1647 
          20  1 0.2825 0.1763 0.1712 0.0094 0.0909 0.2697 
          21  1 0.1268 0.1363 0.0794 0.0130 0.4705 0.1740 
          22  1 0.1565 0.1821 0.1311 0.1375 0.2344 0.1584 
          23  1 0.2267 0.1948 0.1544 0.0356 0.1953 0.1932 
          24  1 0.2141 0.1864 0.1410 0.0218 0.2417 0.1949 
          25  1 0.1353 0.1870 0.3149 0.0192 0.1629 0.1806 
          26  1 0.2216 0.1590 0.1905 0.0487 0.1277 0.2525 
          27  1 0.2280 0.1772 0.2082 0.0131 0.1439 0.2296 
          28  1 0.1794 0.2094 0.2011 0.0083 0.2382 0.1638 
          29  1 0.1354 0.2265 0.3004 0.0103 0.1655 0.1619 
          30  1 0.1244 0.1543 0.1272 0.0164 0.4137 0.1641 
          31  1 0.1264 0.1107 0.1559 0.3903 0.0783 0.1384 
          32  1 0.1519 0.1801 0.1105 0.0092 0.3854 0.1629 
          33  1 0.1751 0.1853 0.1731 0.0124 0.2664 0.1877 
          34  1 0.1136 0.0973 0.1086 0.4665 0.1120 0.1021 
          35  1 0.2100 0.1924 0.2668 0.0371 0.0885 0.2052 
          36  1 0.1489 0.1952 0.2961 0.0277 0.1519 0.1802 
          37  1 0.2322 0.1557 0.2281 0.0588 0.1039 0.2214 
          38  1 0.1728 0.1884 0.2124 0.0143 0.2312 0.1809 
          39  1 0.1506 0.1770 0.2884 0.0104 0.1855 0.1881 
          40  1 0.1745 0.1617 0.2259 0.0100 0.2100 0.2180 
          41  1 0.1943 0.1882 0.2093 0.0164 0.1861 0.2057 
          42  1 0.1858 0.1726 0.2230 0.0193 0.1818 0.2175 
          43  1 0.2479 0.1498 0.2558 0.0257 0.0798 0.2411 
          44  1 0.1414 0.2003 0.3145 0.0084 0.1726 0.1628 
          45  1 0.2227 0.1677 0.2540 0.0144 0.1098 0.2313 
          46  1 0.1393 0.2132 0.2077 0.0248 0.2519 0.1631 
          47  1 0.2552 0.2326 0.1822 0.0222 0.0987 0.2091 
          48  1 0.1496 0.1550 0.2287 0.0330 0.2405 0.1933 
          49  1 0.1829 0.1883 0.1365 0.0394 0.2794 0.1736 
          50  1 0.2464 0.1837 0.1909 0.0573 0.0972 0.2245 
          51  1 0.1956 0.1483 0.2324 0.0379 0.1537 0.2321 
          52  1 0.1646 0.1937 0.1816 0.0433 0.2425 0.1744 
          53  1 0.1371 0.1601 0.0839 0.0209 0.4291 0.1688 
          54  1 0.2472 0.1888 0.2138 0.0091 0.1199 0.2212 
          55  1 0.1028 0.1688 0.0975 0.0080 0.4947 0.1282 
          56  1 0.2314 0.2499 0.1565 0.0191 0.1168 0.2262 
          57  1 0.1846 0.1402 0.3016 0.0490 0.0750 0.2497 
          58  1 0.1510 0.1837 0.1744 0.0203 0.3010 0.1697 
          59  1 0.1843 0.2185 0.1545 0.0113 0.2626 0.1687 
          60  1 0.1617 0.1633 0.1835 0.0303 0.2687 0.1925 
          61  1 0.2742 0.1604 0.2354 0.0062 0.0910 0.2328 
          62  1 0.1807 0.2187 0.1918 0.0160 0.2273 0.1654 
          63  1 0.1842 0.1921 0.1947 0.0281 0.1955 0.2053 
          64  1 0.1699 0.1814 0.2277 0.0197 0.1897 0.2116 
          65  1 0.2785 0.3280 0.1294 0.0087 0.0730 0.1825 
          66  1 0.2472 0.2522 0.1955 0.0107 0.0832 0.2112 
          67  1 0.0891 0.1848 0.2243 0.0134 0.3557 0.1327 
          68  1 0.3000 0.1804 0.1960 0.0307 0.0659 0.2269 
          69  1 0.2096 0.1909 0.2415 0.0078 0.1332 0.2170 
          70  1 0.1365 0.2030 0.1093 0.0149 0.3837 0.1526 
          71  1 0.3076 0.2149 0.1873 0.0125 0.0760 0.2017 
          72  1 0.0992 0.2157 0.2152 0.0049 0.3187 0.1464 
          73  1 0.2099 0.2140 0.1742 0.0346 0.1766 0.1908 
          74  1 0.1523 0.1957 0.1705 0.0072 0.3186 0.1556 
          75  1 0.1578 0.1657 0.3003 0.0158 0.1382 0.2223 
          76  1 0.2649 0.1875 0.1914 0.0781 0.0565 0.2217 
          77  1 0.1195 0.1726 0.3023 0.0720 0.1657 0.1679 
          78  1 0.2837 0.2334 0.1522 0.0148 0.1294 0.1864 
          79  1 0.1830 0.2055 0.1178 0.0075 0.3094 0.1768 
          80  1 0.2885 0.1754 0.1810 0.0150 0.0975 0.2427 
          81  1 0.1900 0.2005 0.1499 0.0159 0.2508 0.1930 
          82  1 0.2979 0.1597 0.1947 0.0076 0.0324 0.3078 
          83  1 0.2313 0.1566 0.2294 0.0148 0.0958 0.2722 
          84  1 0.2092 0.1438 0.2064 0.0170 0.1565 0.2671 
          85  1 0.1985 0.1856 0.2809 0.0138 0.1216 0.1996 
          86  1 0.1132 0.1784 0.1611 0.0215 0.3663 0.1596 
          87  1 0.2418 0.2597 0.2081 0.0077 0.0906 0.1920 
          88  1 0.1944 0.1976 0.2108 0.0224 0.1696 0.2053 
          89  1 0.3119 0.1606 0.1806 0.0097 0.0368 0.3004 
          90  1 0.2693 0.1643 0.1949 0.0098 0.1245 0.2371 
          91  1 0.1763 0.2198 0.1869 0.0101 0.2337 0.1733 
          92  1 0.1945 0.2182 0.2019 0.0084 0.1859 0.1910 
          93  1 0.1174 0.1922 0.1876 0.0210 0.3446 0.1372 
          94  1 0.1733 0.1935 0.1007 0.0054 0.3643 0.1628 
          95  1 0.1915 0.1855 0.1510 0.0135 0.2795 0.1791 
          96  1 0.1739 0.1554 0.1692 0.1440 0.1826 0.1749 
          97  1 0.1976 0.2627 0.1031 0.0103 0.2912 0.1350 
          98  1 0.1619 0.1792 0.2087 0.0173 0.2513 0.1817 
          99  1 0.1994 0.2187 0.2064 0.0210 0.1428 0.2117 
         100  1 0.1962 0.1574 0.1731 0.0229 0.2460 0.2044 
         101  1 0.1935 0.1819 0.2775 0.0221 0.1164 0.2086 
         102  1 0.1952 0.1789 0.2461 0.0106 0.1677 0.2015 
         103  1 0.1874 0.2186 0.1267 0.0484 0.2524 0.1665 
         104  1 0.2802 0.2544 0.1683 0.0092 0.0533 0.2347 
         105  1 0.3223 0.2957 0.1200 0.0180 0.0671 0.1770 
         106  1 0.3147 0.3041 0.1139 0.0170 0.0650 0.1853 
         107  1 0.2274 0.1508 0.2077 0.0841 0.1191 0.2108 
         108  1 0.1766 0.1899 0.0984 0.0059 0.3632 0.1660 
         109  1 0.1549 0.1651 0.1269 0.0287 0.3603 0.1641 
         110  1 0.2751 0.2247 0.1878 0.0089 0.0807 0.2227 
         111  1 0.1079 0.1987 0.2957 0.0170 0.2290 0.1516 
         112  1 0.1386 0.2019 0.1184 0.0115 0.3819 0.1477 
         113  1 0.2532 0.2657 0.1546 0.0055 0.1571 0.1639 
         114  1 0.2202 0.1524 0.2194 0.0692 0.1263 0.2126 
         115  1 0.2298 0.2520 0.1560 0.0090 0.1592 0.1939 
         116  1 0.2528 0.1516 0.2525 0.0227 0.0719 0.2485 
         117  1 0.2238 0.2265 0.1880 0.0120 0.1582 0.1915 
         118  1 0.1742 0.1714 0.1040 0.0164 0.3676 0.1664 
         119  1 0.1227 0.1560 0.1614 0.0150 0.3823 0.1627 
         120  1 0.1625 0.1567 0.1414 0.1746 0.2016 0.1631 
         121  1 0.1880 0.1686 0.1465 0.0682 0.2433 0.1854 
         122  1 0.2063 0.2201 0.2392 0.0056 0.1455 0.1833 
         123  1 0.1991 0.2001 0.1632 0.0117 0.2130 0.2129 
         124  1 0.1802 0.1895 0.1645 0.0183 0.2413 0.2062 
         125  1 0.2363 0.2925 0.1796 0.0063 0.1212 0.1642 
         126  1 0.1437 0.2393 0.1611 0.0062 0.3142 0.1356 
         127  1 0.1379 0.1874 0.3023 0.0256 0.1695 0.1772 
         128  1 0.2025 0.2076 0.2545 0.0206 0.0959 0.2189 
         129  1 0.2386 0.2732 0.1602 0.0160 0.1280 0.1840 
         130  1 0.1472 0.1616 0.1107 0.0148 0.3889 0.1768 
         131  1 0.1091 0.2010 0.2437 0.0108 0.2834 0.1519 
         132  1 0.2213 0.1691 0.1559 0.0755 0.1866 0.1916 
         133  1 0.1708 0.2333 0.1399 0.0068 0.3065 0.1426 
         134  1 0.1405 0.2091 0.2378 0.0077 0.2341 0.1709 
         135  1 0.1416 0.1731 0.0794 0.0056 0.4346 0.1658 
         136  1 0.2595 0.2592 0.1858 0.0054 0.1111 0.1791 
         137  1 0.1336 0.1552 0.1686 0.0268 0.3563 0.1595 
         138  1 0.2018 0.1610 0.2328 0.0323 0.1428 0.2295 
         139  1 0.2013 0.3007 0.1347 0.0147 0.1813 0.1673 
         140  1 0.1617 0.1645 0.0986 0.0718 0.3294 0.1741 
         141  1 0.1595 0.1709 0.3508 0.0070 0.1271 0.1847 
         142  1 0.1111 0.1735 0.2353 0.0135 0.3017 0.1648 
         143  1 0.1029 0.0689 0.1139 0.5334 0.0755 0.1055 
         144  1 0.2097 0.2981 0.1543 0.0103 0.1544 0.1733 
         145  1 0.1898 0.1963 0.1703 0.0449 0.1950 0.2038 
         146  1 0.1333 0.1542 0.0717 0.0060 0.4673 0.1674 
         147  1 0.2004 0.1225 0.1872 0.2103 0.0926 0.1871 
         148  1 0.1263 0.1631 0.2051 0.0188 0.3260 0.1607 
         149  1 0.1530 0.1799 0.3467 0.0219 0.1094 0.1891 
         150  1 0.2051 0.1902 0.1828 0.0260 0.1893 0.2065 
         151  1 0.1581 0.1620 0.1203 0.0170 0.3584 0.1842 
         152  1 0.1889 0.2018 0.1088 0.0109 0.3302 0.1595 
         153  1 0.1785 0.2093 0.2637 0.0156 0.0847 0.2482 
         154  1 0.1285 0.1650 0.0780 0.0058 0.4620 0.1607 
         155  1 0.1500 0.1700 0.3400 0.0228 0.1327 0.1845 
         156  1 0.1787 0.1895 0.2455 0.0125 0.1750 0.1988 
         157  1 0.1817 0.1807 0.2520 0.0307 0.1670 0.1878 
         158  1 0.2560 0.2381 0.1858 0.0095 0.1323 0.1783 
         159  1 0.2592 0.1242 0.2792 0.0103 0.0550 0.2720 
         160  1 0.2518 0.2951 0.1335 0.0074 0.1384 0.1737 
         161  1 0.1583 0.1737 0.2639 0.0447 0.1676 0.1918 
         162  1 0.1275 0.2021 0.3034 0.0194 0.1834 0.1642 
         163  1 0.1275 0.1916 0.1116 0.0122 0.4127 0.1443 
         164  1 0.2574 0.2408 0.1634 0.0065 0.1212 0.2106 
         165  1 0.2271 0.2172 0.1884 0.0408 0.1506 0.1760 
         166  1 0.1640 0.1717 0.1099 0.0208 0.3456 0.1881 
         167  1 0.2338 0.1961 0.2595 0.0084 0.1051 0.1970 
         168  1 0.1748 0.2163 0.1266 0.0169 0.2879 0.1774 
         169  1 0.2450 0.1995 0.2024 0.0497 0.0720 0.2313 
         170  1 0.1246 0.1998 0.1882 0.0214 0.3095 0.1566 
         171  1 0.0846 0.2009 0.2132 0.0090 0.3518 0.1406 
         172  1 0.1546 0.2028 0.2139 0.0146 0.2324 0.1817 
         173  1 0.1935 0.1874 0.2293 0.0574 0.1261 0.2063 
         174  1 0.2675 0.1573 0.2285 0.0245 0.0928 0.2293 
         175  1 0.2879 0.1922 0.1794 0.0182 0.1108 0.2116 
         176  1 0.1988 0.2421 0.1777 0.0223 0.1824 0.1767 
         177  1 0.1688 0.1906 0.1809 0.0200 0.2860 0.1538 
         178  1 0.1946 0.1918 0.2071 0.0512 0.1693 0.1861 
         179  1 0.1264 0.1803 0.1054 0.0082 0.4282 0.1514 
         180  1 0.1730 0.1763 0.2851 0.0170 0.1346 0.2141 
         181  1 0.1797 0.2039 0.1826 0.1300 0.1372 0.1667 
         182  1 0.1676 0.2105 0.1821 0.0251 0.2396 0.1751 
         183  1 0.2931 0.2128 0.1756 0.0166 0.1004 0.2015 
         184  1 0.1410 0.1587 0.1590 0.0378 0.3319 0.1717 
         185  1 0.2068 0.2350 0.1932 0.0308 0.1609 0.1735 
         186  1 0.2053 0.2258 0.2107 0.0143 0.1217 0.2223 
         187  1 0.2569 0.1957 0.1930 0.0172 0.1067 0.2305 
         188  1 0.2482 0.1707 0.1976 0.0238 0.1349 0.2248 
         189  1 0.1262 0.1754 0.1106 0.0184 0.4140 0.1552 
         190  1 0.1870 0.1940 0.1623 0.0149 0.2553 0.1865 
         191  1 0.1306 0.1912 0.2715 0.0303 0.2026 0.1739 
         192  1 0.1761 0.1685 0.1987 0.0133 0.2567 0.1865 
         193  1 0.2220 0.1518 0.2080 0.0664 0.0978 0.2541 
         194  1 0.1651 0.1795 0.1728 0.0233 0.2802 0.1791 
         195  1 0.1762 0.2119 0.1027 0.0349 0.3197 0.1546 
         196  1 0.1941 0.1746 0.1932 0.1265 0.1127 0.1988 
         197  1 0.1367 0.1534 0.1066 0.0064 0.4377 0.1591 
         198  1 0.1489 0.1708 0.1620 0.0106 0.3360 0.1717 
         199  1 0.1373 0.1802 0.1833 0.0111 0.3256 0.1625 
         200  1 0.2037 0.1627 0.2221 0.0132 0.1834 0.2150 
         201  1 0.1914 0.2358 0.2032 0.0131 0.1761 0.1804 
         202  1 0.1957 0.1302 0.2372 0.0806 0.1189 0.2373 
         203  1 0.1463 0.1672 0.3613 0.0175 0.1127 0.1951 
         204  1 0.1587 0.2031 0.2144 0.0247 0.2280 0.1711 
         205  1 0.2283 0.2727 0.1185 0.0079 0.1912 0.1814 
         206  1 0.2039 0.2156 0.1544 0.0120 0.2359 0.1782 
         207  1 0.2030 0.1652 0.1735 0.0177 0.2511 0.1895 
         208  1 0.1591 0.1717 0.2913 0.0446 0.1231 0.2102 
         209  1 0.2588 0.1566 0.2472 0.0103 0.0818 0.2454 
         210  1 0.1689 0.2236 0.2351 0.0081 0.1753 0.1889 
         211  1 0.1687 0.1801 0.1051 0.0079 0.3544 0.1839 
         212  1 0.2005 0.2395 0.2056 0.0173 0.1530 0.1842 
         213  1 0.2192 0.1562 0.2404 0.0550 0.1149 0.2143 
         214  1 0.2372 0.1843 0.1935 0.0107 0.1805 0.1939 
         215  1 0.2326 0.1778 0.2154 0.0179 0.1359 0.2205 
         216  1 0.1835 0.1699 0.1356 0.0296 0.2836 0.1978 
         217  1 0.1835 0.1603 0.2798 0.0282 0.1106 0.2376 
         218  1 0.1863 0.2133 0.2427 0.0231 0.1537 0.1809 
         219  1 0.1376 0.1730 0.3484 0.0085 0.1490 0.1836 
         220  1 0.2633 0.1552 0.2290 0.0237 0.0828 0.2459 
         221  1 0.1966 0.2568 0.1327 0.0068 0.2452 0.1619 
         222  1 0.2653 0.2966 0.1242 0.0060 0.1234 0.1845 
         223  1 0.1713 0.1892 0.1942 0.0243 0.2475 0.1735 
         224  1 0.1770 0.1858 0.1060 0.0082 0.3457 0.1772 
         225  1 0.1297 0.1648 0.2171 0.0064 0.3130 0.1690 
         226  1 0.2350 0.2355 0.2191 0.0110 0.0880 0.2115 
         227  1 0.2761 0.2301 0.1649 0.0094 0.0928 0.2267 
         228  1 0.2309 0.2481 0.1875 0.0366 0.0845 0.2123 
         229  1 0.1445 0.1691 0.0939 0.0087 0.4137 0.1701 
         230  1 0.2616 0.1875 0.2053 0.0172 0.0948 0.2336 
         231  1 0.2562 0.1557 0.2372 0.0212 0.0923 0.2373 
         232  1 0.2630 0.3160 0.1039 0.0075 0.1451 0.1646 
         233  1 0.1885 0.1669 0.1947 0.0199 0.2146 0.2155 
         234  1 0.1716 0.1695 0.1768 0.0096 0.2733 0.1991 
         235  1 0.2029 0.2259 0.2544 0.0159 0.0887 0.2122 
         236  1 0.1681 0.1714 0.2918 0.0532 0.1152 0.2003 
         237  1 0.2361 0.2318 0.1690 0.0067 0.1364 0.2200 
         238  1 0.2089 0.1529 0.1736 0.0224 0.2170 0.2252 
         239  1 0.1990 0.1474 0.2694 0.1044 0.0767 0.2031 
         240  1 0.1381 0.1890 0.1491 0.0068 0.3644 0.1525 
         241  1 0.1319 0.1914 0.1382 0.0070 0.3756 0.1559 
         242  1 0.2150 0.1562 0.2265 0.0223 0.1413 0.2387 
         243  1 0.1706 0.2297 0.1137 0.0130 0.3237 0.1495 
         244  1 0.1714 0.1923 0.2277 0.0386 0.1902 0.1798 
         245  1 0.1489 0.1810 0.2834 0.0078 0.1958 0.1831 
         246  1 0.1916 0.1576 0.2465 0.1241 0.0945 0.1858 
         247  1 0.1970 0.1729 0.2949 0.0148 0.1013 0.2191 
         248  1 0.1604 0.2106 0.2028 0.0346 0.2195 0.1722 
         249  1 0.2585 0.1253 0.2552 0.0258 0.0612 0.2739 
         250  1 0.2307 0.2015 0.2236 0.0128 0.1226 0.2088 
         251  1 0.1447 0.1848 0.1149 0.0099 0.3926 0.1531 
         252  1 0.1223 0.1031 0.1121 0.4486 0.0931 0.1208 
         253  1 0.1556 0.1566 0.1064 0.0534 0.3552 0.1727 
         254  1 0.1927 0.1925 0.2124 0.0074 0.2031 0.1919 
         255  1 0.1224 0.2033 0.1642 0.0169 0.3437 0.1495 
         256  1 0.1679 0.2448 0.1267 0.0091 0.3073 0.1442 
         257  1 0.2213 0.2987 0.1289 0.0079 0.1802 0.1630 
         258  1 0.1883 0.1834 0.1872 0.0139 0.2147 0.2126 
         259  1 0.1520 0.1745 0.1770 0.0324 0.2963 0.1678 
         260  1 0.2018 0.2116 0.1890 0.0099 0.2153 0.1724 
         261  1 0.2749 0.2379 0.1689 0.0233 0.0836 0.2114 
         262  1 0.2396 0.2201 0.1557 0.0398 0.1326 0.2121 
         263  1 0.2130 0.1974 0.1955 0.0317 0.1546 0.2078 
         264  1 0.1440 0.2213 0.1441 0.0185 0.3313 0.1408 
         265  1 0.1818 0.1930 0.1695 0.0130 0.2542 0.1885 
         266  1 0.0858 0.2143 0.2347 0.0116 0.3230 0.1306 
         267  1 0.1642 0.1625 0.2889 0.0618 0.1285 0.1941 
         268  1 0.2041 0.1922 0.2500 0.0122 0.1411 0.2003 
         269  1 0.2124 0.1736 0.1584 0.0099 0.2614 0.1842 
         270  1 0.1647 0.2609 0.2059 0.0058 0.2088 0.1539 
         271  1 0.0903 0.1928 0.2349 0.0119 0.3306 0.1394 
         272  1 0.1487 0.1630 0.1003 0.0225 0.3989 0.1665 
         273  1 0.2248 0.1982 0.1456 0.0188 0.2049 0.2078 
         274  1 0.2827 0.1898 0.1867 0.0312 0.0906 0.2190 
         275  1 0.2401 0.1851 0.2389 0.0103 0.0998 0.2259 
         276  1 0.2239 0.2857 0.1697 0.0132 0.1024 0.2051 
         277  1 0.1155 0.1544 0.0920 0.0068 0.4879 0.1434 
         278  1 0.1330 0.1581 0.0586 0.0078 0.4794 0.1631 
         279  1 0.1159 0.2087 0.1991 0.0203 0.3013 0.1548 
         280  1 0.2125 0.2523 0.1661 0.0101 0.1953 0.1636 
         281  1 0.1177 0.1919 0.2135 0.0197 0.3047 0.1525 
         282  1 0.1641 0.2026 0.1082 0.0162 0.3562 0.1526 
         283  1 0.1477 0.1843 0.1140 0.0133 0.4084 0.1322 
         284  1 0.1612 0.1886 0.1582 0.0083 0.3197 0.1640 
         285  1 0.2420 0.1641 0.2337 0.0140 0.1033 0.2429 
         286  1 0.2809 0.1462 0.2231 0.0171 0.0907 0.2420 
         287  1 0.1848 0.2453 0.1065 0.0099 0.2975 0.1560 
         288  1 0.1674 0.1900 0.1542 0.0164 0.3049 0.1671 
         289  1 0.1880 0.2081 0.1406 0.0167 0.2784 0.1682 
         290  1 0.1365 0.1621 0.0884 0.0201 0.4278 0.1651 
         291  1 0.1334 0.1719 0.3170 0.0261 0.1823 0.1694 
         292  1 0.1919 0.1815 0.1652 0.0087 0.2481 0.2046 
         293  1 0.2344 0.1565 0.2505 0.0087 0.1094 0.2404 
         294  1 0.1437 0.1748 0.0917 0.0222 0.4229 0.1447 
         295  1 0.1608 0.2027 0.1894 0.0169 0.2730 0.1573 
         296  1 0.2036 0.2344 0.1868 0.0261 0.1524 0.1968 
         297  1 0.1958 0.1851 0.2557 0.0903 0.0713 0.2019 
         298  1 0.2525 0.2178 0.2233 0.0159 0.0920 0.1985 
         299  1 0.2747 0.2848 0.1639 0.0057 0.0762 0.1946 
         300  1 0.2144 0.1761 0.1976 0.0273 0.1659 0.2187 
         301  1 0.2301 0.1708 0.2024 0.0211 0.1557 0.2199 
         302  1 0.2272 0.3306 0.0996 0.0134 0.1685 0.1606 
         303  1 0.2040 0.1627 0.2681 0.0455 0.0989 0.2209 
         304  1 0.1729 0.1752 0.1142 0.0126 0.3442 0.1809 
         305  1 0.1515 0.1594 0.0955 0.0090 0.3981 0.1865 
         306  1 0.2485 0.2836 0.1408 0.0111 0.1593 0.1566 
         307  1 0.2587 0.1845 0.2137 0.0185 0.0976 0.2271 
         308  1 0.1802 0.1346 0.2034 0.0144 0.2073 0.2601 
         309  1 0.1431 0.1756 0.0898 0.0102 0.4143 0.1669 
         310  1 0.1790 0.2187 0.2257 0.0134 0.1807 0.1826 
         311  1 0.2507 0.1624 0.2273 0.0233 0.0918 0.2446 
         312  1 0.2668 0.1241 0.2342 0.0198 0.0784 0.2767 
         313  1 0.1412 0.1987 0.1703 0.0160 0.3134 0.1604 
         314  1 0.2460 0.2322 0.2176 0.0085 0.1098 0.1858 
         315  1 0.2303 0.1770 0.1699 0.0594 0.1355 0.2280 
         316  1 0.2292 0.1495 0.2323 0.0545 0.0802 0.2542 
         317  1 0.2062 0.1794 0.2318 0.0613 0.1304 0.1909 
         318  1 0.1454 0.2331 0.2697 0.0113 0.1834 0.1571 
         319  1 0.1209 0.1519 0.1090 0.0090 0.4597 0.1496 
         320  1 0.2085 0.2368 0.1736 0.0068 0.2070 0.1673 
         321  1 0.2170 0.2476 0.1928 0.0130 0.1758 0.1539 
         322  1 0.1067 0.1891 0.1325 0.0273 0.4178 0.1267 
         323  1 0.1602 0.1857 0.1189 0.0132 0.3510 0.1709 
         324  1 0.1968 0.1702 0.2973 0.0122 0.0969 0.2266 
         325  1 0.2261 0.2937 0.1051 0.0061 0.2217 0.1474 
         326  1 0.1938 0.1771 0.1848 0.0080 0.2262 0.2102 
         327  1 0.2174 0.1542 0.2622 0.0267 0.1154 0.2241 
         328  1 0.1605 0.1624 0.2710 0.0753 0.1539 0.1769 
         329  1 0.1768 0.1646 0.1699 0.0083 0.2985 0.1820 
         330  1 0.1392 0.1872 0.1875 0.0332 0.2979 0.1549 
         331  1 0.1745 0.2321 0.1323 0.0139 0.2824 0.1647 
         332  1 0.1140 0.1906 0.2230 0.0211 0.3069 0.1443 
         333  1 0.2016 0.1739 0.2797 0.0195 0.1087 0.2166 
         334  1 0.1089 0.1705 0.3215 0.0949 0.1440 0.1601 
         335  1 0.1194 0.2095 0.2565 0.0071 0.2500 0.1576 
         336  1 0.1753 0.2016 0.1392 0.0119 0.3053 0.1667 
         337  1 0.1657 0.2376 0.1305 0.0344 0.2855 0.1462 
         338  1 0.1695 0.2308 0.1092 0.0309 0.2979 0.1616 
         339  1 0.1735 0.2184 0.1238 0.0947 0.2295 0.1601 
         340  1 0.1706 0.2434 0.2654 0.0143 0.1271 0.1791 
         341  1 0.1368 0.2090 0.2355 0.0140 0.2409 0.1638 
         342  1 0.1802 0.1029 0.1665 0.3539 0.0430 0.1535 
         343  1 0.1930 0.2041 0.2239 0.0256 0.1552 0.1980 
         344  1 0.1700 0.2301 0.2106 0.0203 0.1963 0.1727 
         345  1 0.1818 0.2326 0.1285 0.0312 0.2593 0.1665 
         346  1 0.1271 0.1809 0.3198 0.0162 0.1802 0.1758 
         347  1 0.2706 0.1633 0.1777 0.0433 0.1272 0.2179 
         348  1 0.2582 0.2491 0.1687 0.0052 0.0937 0.2250 
         349  1 0.2112 0.1843 0.1523 0.1439 0.1106 0.1977 
         350  1 0.2493 0.2244 0.1791 0.0168 0.1238 0.2066 
         351  1 0.1582 0.2393 0.2123 0.0103 0.2309 0.1490 
         352  1 0.2037 0.2158 0.1361 0.0069 0.2634 0.1741 
         353  1 0.1020 0.2006 0.2055 0.0076 0.3248 0.1595 
         354  1 0.2409 0.2084 0.2024 0.0114 0.1202 0.2167 
         355  1 0.3109 0.1631 0.2060 0.0159 0.0501 0.2540 
         356  1 0.2213 0.1451 0.3064 0.0414 0.0719 0.2139 
         357  1 0.2207 0.1941 0.2433 0.0109 0.1210 0.2101 
         358  1 0.2441 0.2473 0.2102 0.0071 0.0919 0.1993 
         359  1 0.1659 0.1437 0.1977 0.1966 0.1258 0.1704 
         360  1 0.1695 0.2293 0.2559 0.0171 0.1353 0.1930 
         361  1 0.1985 0.1494 0.2239 0.1136 0.0903 0.2243 
         362  1 0.2857 0.1539 0.1938 0.0233 0.0988 0.2445 
         363  1 0.2363 0.2258 0.2352 0.0075 0.0853 0.2100 
         364  1 0.1669 0.2086 0.1227 0.0471 0.3071 0.1477 
         365  1 0.1519 0.2052 0.2220 0.1175 0.1479 0.1555 
         366  1 0.2193 0.1902 0.2426 0.0190 0.1216 0.2073 
         367  1 0.1792 0.1840 0.1414 0.0182 0.3033 0.1739 
         368  1 0.1055 0.1830 0.1153 0.0124 0.4637 0.1201 
         369  1 0.2385 0.1707 0.1916 0.0078 0.1406 0.2508 
         370  1 0.1811 0.1913 0.2098 0.0091 0.2260 0.1826 
         371  1 0.1172 0.2193 0.2214 0.0102 0.2750 0.1569 
         372  1 0.2647 0.1218 0.2165 0.0781 0.0731 0.2458 
         373  1 0.2343 0.1293 0.2290 0.0692 0.0835 0.2547 
         374  1 0.1351 0.1784 0.1750 0.0599 0.3132 0.1384 
         375  1 0.2147 0.1923 0.1994 0.0165 0.1758 0.2013 
         376  1 0.2015 0.2722 0.1332 0.0087 0.2278 0.1567 
         377  1 0.2563 0.3129 0.1095 0.0192 0.1302 0.1719 
         378  1 0.2034 0.2153 0.1797 0.0173 0.2060 0.1782 
         379  1 0.3135 0.2063 0.1646 0.0210 0.0883 0.2064 
         380  1 0.0896 0.1877 0.1949 0.0090 0.3847 0.1340 
         381  1 0.1615 0.2131 0.2495 0.0156 0.2019 0.1584 
         382  1 0.1567 0.1964 0.2489 0.0108 0.2077 0.1794 
         383  1 0.1976 0.1709 0.2621 0.0111 0.1174 0.2409 
         384  1 0.2477 0.2372 0.1488 0.0118 0.1663 0.1882 
         385  1 0.2207 0.1722 0.2125 0.0146 0.1780 0.2021 
         386  1 0.2252 0.2596 0.1537 0.0168 0.1477 0.1970 
         387  1 0.2179 0.2261 0.1270 0.0189 0.2425 0.1677 
         388  1 0.1324 0.1756 0.3384 0.0559 0.1255 0.1722 
         389  1 0.2377 0.1747 0.2130 0.0076 0.1423 0.2247 
         390  1 0.1289 0.2689 0.1377 0.0096 0.3329 0.1220 
         391  1 0.1235 0.1473 0.2517 0.0143 0.2804 0.1827 
         392  1 0.2180 0.2159 0.1841 0.0195 0.1603 0.2023 
         393  1 0.2124 0.2467 0.1667 0.0116 0.1764 0.1862 
         394  1 0.2203 0.2372 0.1737 0.0244 0.1388 0.2055 
         395  1 0.1749 0.1668 0.1313 0.1479 0.2132 0.1659 
         396  1 0.2386 0.1829 0.2200 0.0062 0.1460 0.2063 
         397  1 0.1570 0.2013 0.2890 0.0196 0.1551 0.1780 
         398  1 0.1546 0.2136 0.1420 0.0180 0.3009 0.1708 
         399  1 0.2409 0.3332 0.0884 0.0120 0.1633 0.1622 
         400  1 0.2392 0.2476 0.1878 0.0264 0.1141 0.1849 
         401  1 0.2226 0.2139 0.1695 0.0127 0.1881 0.1933 
         402  1 0.1115 0.1627 0.2950 0.1357 0.1435 0.1516 
         403  1 0.1250 0.1830 0.3637 0.0205 0.1379 0.1699 
         404  1 0.0730 0.0593 0.0626 0.6988 0.0456 0.0607 
         405  1 0.1882 0.2776 0.1867 0.0419 0.1409 0.1647 
         406  1 0.2008 0.1447 0.2737 0.0674 0.0842 0.2292 
         407  1 0.1148 0.0851 0.0925 0.5688 0.0341 0.1046 
         408  1 0.1669 0.2102 0.1407 0.0155 0.2989 0.1678 
         409  1 0.1277 0.1526 0.0931 0.1248 0.3453 0.1566 
         410  1 0.2435 0.3358 0.0866 0.0115 0.1683 0.1543 
         411  1 0.2392 0.1874 0.1862 0.0128 0.1565 0.2179 
         412  1 0.1676 0.1756 0.1082 0.0261 0.3527 0.1699 
         413  1 0.2063 0.1366 0.2081 0.0946 0.1279 0.2265 
         414  1 0.1621 0.1927 0.2211 0.0247 0.2230 0.1763 
         415  1 0.1474 0.1835 0.1681 0.0088 0.3142 0.1780 
         416  1 0.2047 0.2425 0.2424 0.0075 0.1057 0.1973 
         417  1 0.2985 0.2000 0.1929 0.0134 0.0455 0.2498 
         418  1 0.2685 0.1736 0.2334 0.0100 0.0529 0.2616 
         419  1 0.1695 0.1591 0.1307 0.0437 0.3001 0.1970 
         420  1 0.1664 0.2239 0.2435 0.0525 0.1452 0.1684 
         421  1 0.3015 0.1282 0.2352 0.0087 0.0571 0.2694 
         422  1 0.2455 0.3071 0.1289 0.0093 0.0842 0.2249 
         423  1 0.1391 0.1595 0.2960 0.0201 0.1835 0.2018 
         424  1 0.2382 0.2962 0.1414 0.0075 0.1424 0.1744 
         425  1 0.2176 0.2844 0.1949 0.0119 0.0898 0.2014 
         426  1 0.1569 0.2013 0.2298 0.0374 0.1822 0.1924 
         427  1 0.2347 0.2682 0.1648 0.0224 0.0938 0.2161 
         428  1 0.1658 0.1866 0.2712 0.0261 0.1663 0.1839 
         429  1 0.2095 0.2889 0.1831 0.0157 0.0855 0.2173 
         430  1 0.1896 0.1849 0.2107 0.0103 0.2075 0.1970 
         431  1 0.2844 0.1079 0.2365 0.0127 0.0365 0.3221 
         432  1 0.1062 0.0982 0.1344 0.4902 0.0528 0.1183 
         433  1 0.1884 0.1894 0.2182 0.0439 0.1663 0.1938 
         434  1 0.2033 0.1974 0.1740 0.0173 0.1980 0.2099 
         435  1 0.1831 0.2162 0.2891 0.0152 0.0888 0.2077 
         436  1 0.2255 0.2764 0.1436 0.0215 0.1197 0.2133 
         437  1 0.2446 0.2005 0.2078 0.0085 0.1128 0.2259 
         438  1 0.2313 0.2410 0.2107 0.0111 0.0640 0.2418 
         439  1 0.0985 0.1040 0.1447 0.4452 0.0832 0.1245 
         440  1 0.2420 0.1759 0.2408 0.0560 0.0431 0.2422 
         441  1 0.1982 0.1626 0.2270 0.0233 0.1824 0.2065 
         442  1 0.1438 0.1786 0.0788 0.0116 0.4262 0.1611 
         443  1 0.1901 0.1661 0.1808 0.0380 0.2240 0.2011 
         444  1 0.1789 0.1965 0.2879 0.0308 0.1301 0.1759 
         445  1 0.2201 0.1847 0.1726 0.1063 0.0942 0.2221 
         446  1 0.1976 0.1717 0.1641 0.0962 0.1650 0.2054 
         447  1 0.1999 0.1838 0.2410 0.0224 0.1244 0.2285 
         448  1 0.2266 0.1898 0.1900 0.1026 0.0962 0.1949 
         449  1 0.1687 0.1372 0.1962 0.0936 0.2095 0.1948 
         450  1 0.1966 0.1584 0.2488 0.0573 0.1243 0.2147 
         451  1 0.1452 0.1659 0.0795 0.0165 0.4201 0.1728 
         452  1 0.2182 0.2463 0.1961 0.0528 0.0694 0.2173 
         453  1 0.2323 0.2328 0.1761 0.0994 0.0501 0.2094 
         454  1 0.1523 0.1402 0.1950 0.1262 0.1908 0.1955 
         455  1 0.2008 0.1415 0.1885 0.0980 0.1392 0.2319 
         456  1 0.1893 0.1329 0.1738 0.1450 0.1383 0.2208 
         457  1 0.2328 0.1835 0.1693 0.0756 0.0954 0.2434 
         458  1 0.1902 0.1533 0.2628 0.0743 0.1129 0.2065 
         459  1 0.1756 0.1793 0.1602 0.0117 0.3034 0.1698 
         460  1 0.1441 0.1783 0.0769 0.0116 0.4230 0.1661 
         461  1 0.2676 0.1388 0.1952 0.1027 0.0552 0.2405 
         462  1 0.0094 0.0090 0.0099 0.9533 0.0091 0.0093 
         463  1 0.0125 0.0110 0.0115 0.9456 0.0079 0.0116 
         464  1 0.0182 0.0189 0.0261 0.8995 0.0143 0.0230 
         465  1 0.2115 0.0859 0.2325 0.1944 0.0416 0.2340 
         466  1 0.0328 0.0313 0.0282 0.8585 0.0187 0.0306 
         467  1 0.1469 0.1246 0.1356 0.3210 0.1204 0.1514 
         468  1 0.1050 0.1414 0.1712 0.2896 0.1556 0.1372 
         469  1 0.2411 0.1295 0.2169 0.1557 0.0600 0.1968 
         470  1 0.0736 0.0534 0.0670 0.6926 0.0402 0.0734 
         471  1 0.1563 0.1141 0.1831 0.3022 0.0832 0.1611 
         472  1 0.1498 0.1355 0.2169 0.2569 0.0719 0.1690 
         473  1 0.2219 0.1629 0.1357 0.1964 0.0897 0.1935 
         474  1 0.0158 0.0182 0.0168 0.9176 0.0161 0.0156 
         475  1 0.0932 0.0632 0.1045 0.5917 0.0298 0.1176 
         476  1 0.0281 0.0241 0.0277 0.8660 0.0281 0.0260 
         477  1 0.0211 0.0201 0.0218 0.8933 0.0234 0.0203 
         478  1 0.1632 0.1647 0.1258 0.2841 0.1162 0.1460 
         479  1 0.0183 0.0173 0.0189 0.9096 0.0169 0.0189 
         480  1 0.0169 0.0148 0.0157 0.9218 0.0147 0.0160 
         481  1 0.0224 0.0217 0.0276 0.8848 0.0192 0.0242 
         482  1 0.0078 0.0082 0.0083 0.9590 0.0087 0.0079 
         483  1 0.0228 0.0195 0.0259 0.8892 0.0188 0.0238 
         484  1 0.2041 0.1725 0.2420 0.0736 0.1028 0.2050 
         485  1 0.0700 0.0568 0.0847 0.6737 0.0348 0.0801 
         486  1 0.0389 0.0302 0.0334 0.8249 0.0322 0.0404 
         487  1 0.0084 0.0088 0.0104 0.9530 0.0098 0.0096 
         488  1 0.0308 0.0254 0.0282 0.8680 0.0191 0.0285 
         489  1 0.1528 0.0824 0.1186 0.4383 0.0577 0.1503 
         490  1 0.1390 0.1648 0.2192 0.2196 0.0922 0.1652 
         491  1 0.0180 0.0193 0.0210 0.9057 0.0165 0.0195 
         492  1 0.0735 0.0474 0.0579 0.7266 0.0267 0.0679 
         493  1 0.0123 0.0128 0.0133 0.9374 0.0118 0.0124 
         494  1 0.0077 0.0076 0.0086 0.9593 0.0086 0.0081 
         495  1 0.0071 0.0072 0.0078 0.9623 0.0081 0.0074 
         496  1 0.0229 0.0230 0.0276 0.8788 0.0230 0.0248 
         497  1 0.1811 0.1511 0.1714 0.0556 0.2237 0.2172 
         498  1 0.1507 0.1127 0.1249 0.3608 0.1067 0.1441 
         499  1 0.0183 0.0156 0.0152 0.9182 0.0152 0.0177 
         500  1 0.1098 0.0736 0.1276 0.4565 0.1036 0.1290 
         501  1 0.0090 0.0096 0.0125 0.9490 0.0093 0.0106 
         502  1 0.0117 0.0122 0.0131 0.9368 0.0130 0.0131 
         503  1 0.0097 0.0096 0.0093 0.9527 0.0083 0.0104 
         504  1 0.0139 0.0167 0.0164 0.9258 0.0133 0.0139 
         505  1 0.0549 0.0591 0.0582 0.7171 0.0544 0.0562 
         506  1 0.0409 0.0406 0.0394 0.7907 0.0420 0.0465 
         507  1 0.0205 0.0162 0.0193 0.9048 0.0170 0.0222 
         508  1 0.1100 0.0861 0.0815 0.5709 0.0583 0.0933 
         509  1 0.0069 0.0073 0.0071 0.9643 0.0072 0.0072 
         510  1 0.0150 0.0149 0.0170 0.9224 0.0155 0.0152 
         511  1 0.0102 0.0105 0.0114 0.9462 0.0115 0.0102 
         512  1 0.0236 0.0226 0.0275 0.8836 0.0210 0.0218 
         513  1 0.1428 0.1793 0.2524 0.0562 0.1896 0.1797 
         514  1 0.0099 0.0113 0.0105 0.9446 0.0128 0.0109 
         515  1 0.0691 0.0501 0.0569 0.7392 0.0225 0.0621 
         516  1 0.0955 0.1121 0.1507 0.4040 0.1108 0.1268 
         517  1 0.0147 0.0146 0.0144 0.9281 0.0137 0.0146 
         518  1 0.0090 0.0085 0.0095 0.9549 0.0093 0.0088 
         519  1 0.0164 0.0158 0.0160 0.9151 0.0201 0.0166 
         520  1 0.0280 0.0305 0.0285 0.8579 0.0251 0.0300 
         521  1 0.0111 0.0096 0.0104 0.9481 0.0097 0.0111 
         522  1 0.0083 0.0076 0.0083 0.9599 0.0077 0.0082 
         523  1 0.0755 0.1246 0.1144 0.4913 0.0959 0.0985 
         524  1 0.0390 0.0288 0.0364 0.8470 0.0183 0.0305 
         525  1 0.0223 0.0218 0.0191 0.8912 0.0226 0.0229 
         526  1 0.0232 0.0208 0.0195 0.8914 0.0220 0.0231 
         527  1 0.0360 0.0310 0.0292 0.8519 0.0212 0.0307 
         528  1 0.0316 0.0267 0.0272 0.8673 0.0199 0.0273 
         529  1 0.0892 0.0730 0.0933 0.6191 0.0347 0.0906 
         530  1 0.0092 0.0091 0.0096 0.9545 0.0087 0.0089 
         531  1 0.0249 0.0251 0.0225 0.8784 0.0260 0.0230 
         532  1 0.0158 0.0154 0.0162 0.9196 0.0172 0.0158 
         533  1 0.0146 0.0139 0.0131 0.9325 0.0123 0.0136 
         534  1 0.0247 0.0198 0.0234 0.8909 0.0178 0.0234 
         535  1 0.0130 0.0138 0.0143 0.9305 0.0142 0.0142 
         536  1 0.0073 0.0066 0.0073 0.9650 0.0061 0.0077 
         537  1 0.0081 0.0086 0.0097 0.9554 0.0094 0.0088 
         538  1 0.0072 0.0070 0.0075 0.9632 0.0077 0.0074 
         539  1 0.0061 0.0063 0.0065 0.9691 0.0057 0.0063 
         540  1 0.0210 0.0219 0.0258 0.8834 0.0234 0.0245 
         541  1 0.1817 0.1446 0.2571 0.1319 0.0842 0.2005 
         542  1 0.0105 0.0107 0.0116 0.9465 0.0105 0.0103 
         543  1 0.0316 0.0304 0.0382 0.8330 0.0332 0.0336 
         544  1 0.0166 0.0169 0.0177 0.9177 0.0163 0.0149 
         545  1 0.0073 0.0070 0.0073 0.9648 0.0065 0.0071 
         546  1 0.0923 0.0937 0.1057 0.5027 0.1004 0.1052 
         547  1 0.0371 0.0387 0.0496 0.7869 0.0428 0.0449 
         548  1 0.0146 0.0147 0.0162 0.9238 0.0149 0.0159 
         549  1 0.0150 0.0156 0.0166 0.9217 0.0169 0.0143 
         550  1 0.0081 0.0087 0.0088 0.9581 0.0084 0.0079 
         551  1 0.1333 0.1725 0.3257 0.0813 0.1162 0.1711 
         552  1 0.0171 0.0155 0.0259 0.9005 0.0154 0.0256 
         553  1 0.1131 0.0994 0.1079 0.4389 0.1134 0.1272 
         554  1 0.0576 0.0456 0.0525 0.7539 0.0320 0.0584 
         555  1 0.0086 0.0086 0.0104 0.9543 0.0088 0.0093 
         556  1 0.0392 0.0303 0.0316 0.8486 0.0173 0.0328 
         557  1 0.0071 0.0071 0.0086 0.9629 0.0065 0.0077 
         558  1 0.0476 0.0396 0.0475 0.7794 0.0389 0.0472 
         559  1 0.0931 0.0897 0.1226 0.5208 0.0710 0.1028 
         560  1 0.0367 0.0324 0.0320 0.8352 0.0257 0.0380 
         561  1 0.0452 0.0443 0.0433 0.7902 0.0318 0.0452 
         562  1 0.0067 0.0063 0.0071 0.9672 0.0061 0.0066 
         563  1 0.0125 0.0119 0.0141 0.9375 0.0105 0.0135 
         564  1 0.0117 0.0122 0.0123 0.9388 0.0129 0.0121 
         565  1 0.0407 0.0335 0.0504 0.7958 0.0286 0.0511 
         566  1 0.1954 0.1346 0.1497 0.2572 0.0849 0.1781 
         567  1 0.0144 0.0135 0.0144 0.9275 0.0152 0.0150 
         568  1 0.0448 0.0385 0.0424 0.7956 0.0347 0.0440 
         569  1 0.0155 0.0138 0.0136 0.9272 0.0148 0.0151 
         570  1 0.1105 0.1179 0.0574 0.2748 0.3130 0.1265 
         571  1 0.2182 0.1208 0.1398 0.2994 0.0541 0.1677 
         572  1 0.0345 0.0294 0.0259 0.8579 0.0220 0.0303 
         573  1 0.1972 0.2002 0.2444 0.0104 0.1502 0.1977 
         574  1 0.2274 0.1616 0.2399 0.0838 0.0773 0.2099 
         575  1 0.1797 0.1768 0.2969 0.0549 0.0989 0.1929 
         576  1 0.1765 0.2592 0.2162 0.0264 0.1275 0.1942 
         577  1 0.2352 0.2853 0.1588 0.0162 0.0983 0.2062 
         578  1 0.1903 0.1230 0.2393 0.1438 0.0826 0.2210 
         579  1 0.0367 0.0337 0.0291 0.8431 0.0242 0.0332 
         580  1 0.1028 0.0773 0.1284 0.5294 0.0553 0.1068 
         581  1 0.0100 0.0109 0.0110 0.9452 0.0118 0.0111 
         582  1 0.1583 0.1591 0.0900 0.0256 0.3794 0.1876 
         583  1 0.0148 0.0142 0.0161 0.9270 0.0131 0.0150 
         584  1 0.1003 0.0756 0.0959 0.5554 0.0721 0.1007 
         585  1 0.1167 0.1105 0.1278 0.4246 0.0921 0.1284 
         586  1 0.0138 0.0120 0.0145 0.9334 0.0106 0.0156 
         587  1 0.0170 0.0155 0.0147 0.9119 0.0231 0.0177 
         588  1 0.0107 0.0102 0.0106 0.9438 0.0132 0.0115 
         589  1 0.0617 0.0521 0.0522 0.7089 0.0549 0.0702 
         590  1 0.0120 0.0120 0.0112 0.9370 0.0148 0.0130 
         591  1 0.0149 0.0126 0.0135 0.9346 0.0106 0.0137 
         592  1 0.0495 0.0414 0.0563 0.7635 0.0385 0.0509 
         593  1 0.0115 0.0112 0.0123 0.9420 0.0110 0.0120 
         594  1 0.1980 0.1538 0.1502 0.2495 0.0592 0.1892 
         595  1 0.0514 0.0465 0.0472 0.7580 0.0446 0.0522 
         596  1 0.0070 0.0065 0.0068 0.9665 0.0063 0.0069 
         597  1 0.0136 0.0119 0.0151 0.9341 0.0110 0.0142 
         598  1 0.0801 0.1004 0.0685 0.5324 0.1271 0.0915 
         599  1 0.0088 0.0082 0.0085 0.9573 0.0084 0.0089 
         600  1 0.0119 0.0119 0.0177 0.9336 0.0112 0.0138 
         601  1 0.0079 0.0085 0.0090 0.9573 0.0083 0.0090 
         602  1 0.0774 0.0517 0.0544 0.7186 0.0276 0.0702 
         603  1 0.0371 0.0275 0.0364 0.8444 0.0197 0.0351 
         604  1 0.0897 0.1234 0.0570 0.4581 0.1785 0.0934 
         605  1 0.0273 0.0267 0.0255 0.8677 0.0251 0.0277 
         606  1 0.0363 0.0258 0.0271 0.8376 0.0416 0.0316 
         607  1 0.0069 0.0065 0.0065 0.9667 0.0067 0.0066 
         608  1 0.1220 0.0899 0.1310 0.4811 0.0491 0.1269 
         609  1 0.0284 0.0202 0.0254 0.8814 0.0202 0.0244 
         610  1 0.0233 0.0186 0.0190 0.9021 0.0154 0.0216 
         611  1 0.0778 0.0740 0.0640 0.6531 0.0479 0.0832 
         612  1 0.2554 0.1341 0.2344 0.0677 0.0523 0.2561 
         613  1 0.0097 0.0100 0.0100 0.9513 0.0089 0.0101 
         614  1 0.0085 0.0084 0.0099 0.9553 0.0080 0.0100 
         615  1 0.0096 0.0109 0.0121 0.9486 0.0088 0.0101 
         616  1 0.0548 0.0334 0.0638 0.7636 0.0293 0.0550 
         617  1 0.0141 0.0142 0.0147 0.9223 0.0203 0.0145 
         618  1 0.0745 0.0481 0.0542 0.7318 0.0302 0.0613 
         619  1 0.0145 0.0129 0.0120 0.9317 0.0148 0.0141 
         620  1 0.0201 0.0181 0.0212 0.9052 0.0151 0.0203 
         621  1 0.1610 0.2143 0.1093 0.0523 0.3093 0.1538 
         622  1 0.0148 0.0129 0.0145 0.9305 0.0135 0.0139 
         623  1 0.0241 0.0208 0.0224 0.8827 0.0251 0.0249 
