           1  1 0.0435 0.0456 0.0395 0.0352 0.0438 0.0374 0.5155 0.2030 0.0365 
           2  1 0.0307 0.0186 0.0304 0.0381 0.0304 0.0191 0.0564 0.7386 0.0377 
           3  1 0.0283 0.0248 0.0267 0.0219 0.0245 0.0222 0.2821 0.5421 0.0273 
           4  1 0.0429 0.0235 0.0380 0.0376 0.0426 0.0207 0.6179 0.1318 0.0451 
           5  1 0.0205 0.0199 0.0210 0.0170 0.0206 0.0172 0.5477 0.3168 0.0192 
           6  1 0.0216 0.0215 0.0201 0.0174 0.0200 0.0178 0.5413 0.3216 0.0188 
           7  1 0.0330 0.0183 0.0289 0.0335 0.0285 0.0197 0.0187 0.7834 0.0360 
           8  1 0.0249 0.0215 0.0210 0.0200 0.0221 0.0201 0.1767 0.6713 0.0225 
           9  1 0.0215 0.0252 0.0180 0.0171 0.0201 0.0209 0.8304 0.0282 0.0186 
          10  1 0.0118 0.0111 0.0137 0.0130 0.0120 0.0127 0.0470 0.8669 0.0119 
          11  1 0.0214 0.0205 0.0246 0.0193 0.0200 0.0176 0.0449 0.8110 0.0207 
          12  1 0.1369 0.1080 0.1093 0.0772 0.1143 0.0623 0.0358 0.2472 0.1090 
          13  1 0.0276 0.0251 0.0300 0.0297 0.0261 0.0221 0.0085 0.8004 0.0304 
          14  1 0.1103 0.1056 0.0842 0.0770 0.1192 0.0629 0.0647 0.2884 0.0875 
          15  1 0.0585 0.0866 0.0448 0.0616 0.0568 0.1147 0.0866 0.4280 0.0624 
          16  1 0.1211 0.1370 0.2068 0.1535 0.0949 0.1237 0.0097 0.0106 0.1427 
          17  1 0.0476 0.0477 0.1348 0.2276 0.0811 0.3375 0.0065 0.0081 0.1091 
          18  1 0.0522 0.0509 0.1232 0.2331 0.0833 0.3251 0.0080 0.0112 0.1130 
          19  1 0.1339 0.0779 0.1480 0.1881 0.1236 0.1132 0.0108 0.0318 0.1727 
          20  1 0.1837 0.1516 0.1265 0.0832 0.1859 0.1383 0.0094 0.0099 0.1116 
          21  1 0.1391 0.0388 0.1466 0.2412 0.1154 0.0893 0.0147 0.0113 0.2035 
          22  1 0.1143 0.0868 0.1136 0.1409 0.1106 0.1010 0.0384 0.1626 0.1318 
          23  1 0.1437 0.1474 0.1183 0.1253 0.1443 0.1439 0.0237 0.0385 0.1150 
          24  1 0.1588 0.1158 0.1308 0.1571 0.1412 0.0913 0.0113 0.0340 0.1598 
          25  1 0.1045 0.1420 0.2061 0.1644 0.0861 0.1007 0.0150 0.0171 0.1639 
          26  1 0.1692 0.1311 0.1272 0.0921 0.1998 0.0664 0.0572 0.0279 0.1291 
          27  1 0.1770 0.1738 0.1254 0.1056 0.1639 0.1179 0.0085 0.0166 0.1112 
          28  1 0.1179 0.1265 0.1542 0.1727 0.1184 0.1344 0.0078 0.0082 0.1598 
          29  1 0.0831 0.1289 0.1783 0.1674 0.0746 0.1908 0.0058 0.0144 0.1567 
          30  1 0.0986 0.0605 0.1357 0.2039 0.1144 0.1868 0.0205 0.0162 0.1634 
          31  1 0.1173 0.1104 0.0978 0.0753 0.1013 0.0694 0.1366 0.2035 0.0885 
          32  1 0.1362 0.0674 0.1414 0.2190 0.1169 0.1061 0.0076 0.0106 0.1947 
          33  1 0.1457 0.1444 0.1264 0.1527 0.1501 0.1317 0.0122 0.0133 0.1235 
          34  1 0.0679 0.0592 0.0560 0.0623 0.0681 0.0649 0.0654 0.4924 0.0638 
          35  1 0.1376 0.1625 0.1627 0.1107 0.1171 0.0944 0.0123 0.0651 0.1377 
          36  1 0.1181 0.1502 0.2017 0.1423 0.0792 0.0904 0.0189 0.0303 0.1688 
          37  1 0.1674 0.1443 0.1214 0.1109 0.1618 0.0847 0.0288 0.0769 0.1038 
          38  1 0.1022 0.1397 0.1669 0.1527 0.1126 0.1485 0.0077 0.0198 0.1499 
          39  1 0.1199 0.1302 0.2104 0.1540 0.1013 0.1045 0.0060 0.0155 0.1582 
          40  1 0.1497 0.1292 0.1397 0.1400 0.1520 0.1209 0.0122 0.0089 0.1474 
          41  1 0.1387 0.1242 0.1255 0.1287 0.1470 0.1726 0.0291 0.0102 0.1242 
          42  1 0.1553 0.1297 0.1374 0.1247 0.1690 0.0938 0.0329 0.0132 0.1440 
          43  1 0.1724 0.1578 0.1495 0.0994 0.1629 0.0813 0.0185 0.0243 0.1339 
          44  1 0.0969 0.1481 0.2129 0.1648 0.0813 0.1210 0.0094 0.0076 0.1580 
          45  1 0.1696 0.1439 0.1397 0.1110 0.1747 0.0931 0.0096 0.0176 0.1408 
          46  1 0.0945 0.0946 0.1210 0.1855 0.1067 0.2445 0.0301 0.0130 0.1101 
          47  1 0.1494 0.1967 0.1035 0.1019 0.1655 0.1257 0.0162 0.0222 0.1188 
          48  1 0.1382 0.0974 0.1813 0.1586 0.1197 0.0731 0.0314 0.0216 0.1786 
          49  1 0.1358 0.1042 0.1227 0.1491 0.1376 0.1359 0.0398 0.0331 0.1418 
          50  1 0.1579 0.1578 0.1171 0.0942 0.1693 0.1245 0.0456 0.0315 0.1020 
          51  1 0.1582 0.1226 0.1178 0.1077 0.1801 0.1252 0.0326 0.0259 0.1300 
          52  1 0.1226 0.1175 0.1292 0.1431 0.1170 0.1219 0.0637 0.0272 0.1578 
          53  1 0.1286 0.0380 0.1561 0.2373 0.1078 0.0665 0.0307 0.0181 0.2169 
          54  1 0.1687 0.1404 0.1235 0.1104 0.1776 0.1416 0.0063 0.0111 0.1204 
          55  1 0.0718 0.0523 0.1117 0.2259 0.1041 0.2860 0.0066 0.0088 0.1328 
          56  1 0.1394 0.1770 0.1092 0.1097 0.1476 0.1530 0.0208 0.0170 0.1263 
          57  1 0.1952 0.1238 0.1396 0.0717 0.1784 0.0516 0.0161 0.0681 0.1555 
          58  1 0.1032 0.0935 0.1262 0.1732 0.1230 0.2169 0.0161 0.0196 0.1283 
          59  1 0.0995 0.1403 0.1072 0.1431 0.1128 0.2439 0.0108 0.0117 0.1307 
          60  1 0.1392 0.0960 0.1611 0.1516 0.1297 0.0828 0.0426 0.0190 0.1781 
          61  1 0.1738 0.1771 0.1358 0.1050 0.1809 0.1045 0.0076 0.0058 0.1095 
          62  1 0.1215 0.1402 0.1465 0.1570 0.1103 0.1527 0.0185 0.0140 0.1392 
          63  1 0.1292 0.1103 0.1220 0.1335 0.1566 0.2028 0.0131 0.0330 0.0996 
          64  1 0.1215 0.1249 0.1370 0.1377 0.1520 0.1415 0.0061 0.0370 0.1423 
          65  1 0.1286 0.2545 0.0956 0.1056 0.0977 0.2022 0.0087 0.0090 0.0983 
          66  1 0.1418 0.2058 0.1342 0.1020 0.1353 0.1379 0.0100 0.0109 0.1222 
          67  1 0.0557 0.0576 0.1432 0.2041 0.0771 0.3114 0.0176 0.0097 0.1237 
          68  1 0.1874 0.1721 0.1143 0.0822 0.1995 0.0833 0.0143 0.0318 0.1150 
          69  1 0.1431 0.1702 0.1567 0.1225 0.1479 0.1196 0.0071 0.0090 0.1237 
          70  1 0.1106 0.0758 0.1417 0.2137 0.1093 0.1570 0.0100 0.0171 0.1648 
          71  1 0.1610 0.1782 0.1133 0.1022 0.1824 0.1173 0.0098 0.0123 0.1236 
          72  1 0.0627 0.0829 0.1302 0.1942 0.0973 0.3109 0.0060 0.0047 0.1112 
          73  1 0.1350 0.1554 0.1199 0.1205 0.1435 0.1315 0.0274 0.0328 0.1339 
          74  1 0.0836 0.0914 0.1155 0.1704 0.1244 0.2886 0.0071 0.0073 0.1117 
          75  1 0.1579 0.1310 0.1973 0.1222 0.1290 0.0647 0.0128 0.0154 0.1697 
          76  1 0.1706 0.1620 0.1067 0.0757 0.1864 0.0991 0.0427 0.0554 0.1014 
          77  1 0.0979 0.1356 0.2164 0.1522 0.0760 0.0603 0.0608 0.0398 0.1610 
          78  1 0.1561 0.2270 0.1063 0.1060 0.1374 0.1433 0.0179 0.0107 0.0953 
          79  1 0.1489 0.1290 0.1080 0.1670 0.1421 0.1728 0.0062 0.0099 0.1160 
          80  1 0.1846 0.1514 0.1268 0.0856 0.1991 0.1219 0.0132 0.0158 0.1016 
          81  1 0.1353 0.1040 0.1184 0.1592 0.1488 0.1534 0.0091 0.0237 0.1481 
          82  1 0.2154 0.1733 0.1359 0.0590 0.2149 0.0925 0.0070 0.0070 0.0950 
          83  1 0.1972 0.1501 0.1281 0.0954 0.1966 0.0765 0.0095 0.0194 0.1273 
          84  1 0.1961 0.1273 0.1263 0.0892 0.2027 0.0918 0.0074 0.0256 0.1335 
          85  1 0.1412 0.1561 0.1743 0.1291 0.1397 0.1008 0.0135 0.0109 0.1345 
          86  1 0.0654 0.0606 0.1158 0.2019 0.0999 0.3113 0.0171 0.0150 0.1130 
          87  1 0.1393 0.2189 0.1339 0.1141 0.1220 0.1471 0.0072 0.0081 0.1094 
          88  1 0.1446 0.1250 0.1355 0.1268 0.1448 0.1696 0.0113 0.0246 0.1178 
          89  1 0.2066 0.1616 0.1379 0.0649 0.2114 0.0999 0.0091 0.0095 0.0992 
          90  1 0.1650 0.1496 0.1435 0.1119 0.1759 0.0922 0.0107 0.0087 0.1426 
          91  1 0.1121 0.1392 0.1307 0.1547 0.1260 0.2043 0.0112 0.0085 0.1134 
          92  1 0.1171 0.1564 0.1453 0.1427 0.1273 0.1612 0.0060 0.0109 0.1332 
          93  1 0.0667 0.0771 0.1348 0.2097 0.0854 0.2798 0.0332 0.0109 0.1023 
          94  1 0.1387 0.0951 0.1452 0.1930 0.1047 0.1237 0.0044 0.0066 0.1885 
          95  1 0.1403 0.1156 0.1320 0.1723 0.1434 0.1294 0.0115 0.0134 0.1421 
          96  1 0.1333 0.1127 0.1201 0.1194 0.1224 0.0838 0.0449 0.1385 0.1249 
          97  1 0.0978 0.1514 0.0958 0.1547 0.0986 0.2509 0.0105 0.0113 0.1289 
          98  1 0.1130 0.1291 0.1829 0.1662 0.1070 0.0970 0.0174 0.0145 0.1728 
          99  1 0.1510 0.1543 0.1310 0.1055 0.1505 0.1173 0.0192 0.0192 0.1519 
         100  1 0.1428 0.1176 0.1321 0.1339 0.1486 0.1420 0.0214 0.0171 0.1445 
         101  1 0.1312 0.1698 0.1845 0.1307 0.1256 0.0763 0.0116 0.0253 0.1449 
         102  1 0.1497 0.1388 0.1533 0.1378 0.1457 0.1082 0.0086 0.0103 0.1475 
         103  1 0.1089 0.1384 0.1087 0.1317 0.1209 0.1504 0.0940 0.0225 0.1244 
         104  1 0.1516 0.2386 0.1068 0.1012 0.1410 0.1527 0.0066 0.0116 0.0900 
         105  1 0.1376 0.2280 0.0935 0.0980 0.1323 0.1984 0.0134 0.0181 0.0806 
         106  1 0.1493 0.2273 0.0836 0.1009 0.1326 0.2025 0.0125 0.0187 0.0725 
         107  1 0.1422 0.1246 0.1180 0.1030 0.1548 0.0763 0.1323 0.0281 0.1207 
         108  1 0.1422 0.0852 0.1362 0.2142 0.1105 0.1084 0.0059 0.0067 0.1906 
         109  1 0.1163 0.0832 0.1253 0.1779 0.1271 0.1761 0.0276 0.0247 0.1419 
         110  1 0.1697 0.1971 0.1195 0.0926 0.1421 0.1390 0.0075 0.0099 0.1226 
         111  1 0.0900 0.1142 0.1759 0.1695 0.0873 0.1642 0.0429 0.0083 0.1479 
         112  1 0.0766 0.0773 0.1157 0.2019 0.1036 0.2596 0.0131 0.0108 0.1413 
         113  1 0.1347 0.1765 0.1098 0.1301 0.1322 0.1788 0.0050 0.0060 0.1268 
         114  1 0.1587 0.1301 0.1348 0.0933 0.1763 0.0715 0.0385 0.0592 0.1376 
         115  1 0.1361 0.1816 0.1228 0.1302 0.1369 0.1730 0.0104 0.0084 0.1005 
         116  1 0.1820 0.1664 0.1190 0.0904 0.1814 0.0852 0.0221 0.0180 0.1355 
         117  1 0.1414 0.1722 0.1191 0.1252 0.1480 0.1542 0.0187 0.0094 0.1120 
         118  1 0.1193 0.0988 0.1346 0.1725 0.1352 0.1490 0.0179 0.0139 0.1587 
         119  1 0.0734 0.0645 0.1255 0.2167 0.1090 0.2667 0.0142 0.0145 0.1156 
         120  1 0.1079 0.1090 0.0963 0.1077 0.1150 0.1168 0.2176 0.0355 0.0942 
         121  1 0.1400 0.1139 0.1094 0.1295 0.1444 0.1165 0.0328 0.0854 0.1280 
         122  1 0.1153 0.1645 0.1568 0.1372 0.1195 0.1587 0.0055 0.0061 0.1364 
         123  1 0.1327 0.1283 0.1186 0.1292 0.1543 0.1885 0.0196 0.0073 0.1214 
         124  1 0.1422 0.1129 0.1286 0.1427 0.1487 0.1463 0.0159 0.0186 0.1440 
         125  1 0.1227 0.2108 0.1359 0.1304 0.1179 0.1609 0.0079 0.0053 0.1081 
         126  1 0.0814 0.1140 0.1188 0.1924 0.0946 0.2516 0.0055 0.0068 0.1349 
         127  1 0.1302 0.1317 0.1886 0.1392 0.1209 0.1031 0.0276 0.0185 0.1403 
         128  1 0.1361 0.1681 0.1392 0.1109 0.1411 0.1216 0.0224 0.0173 0.1433 
         129  1 0.1345 0.1774 0.1133 0.1141 0.1366 0.1730 0.0124 0.0176 0.1211 
         130  1 0.1019 0.0805 0.1219 0.1928 0.1297 0.2092 0.0146 0.0149 0.1345 
         131  1 0.0773 0.0820 0.1499 0.1896 0.0982 0.2636 0.0152 0.0097 0.1144 
         132  1 0.1402 0.1169 0.1162 0.1208 0.1513 0.1038 0.0126 0.1181 0.1201 
         133  1 0.1037 0.1335 0.1134 0.1685 0.1119 0.2262 0.0062 0.0068 0.1298 
         134  1 0.1016 0.1079 0.1576 0.1641 0.1023 0.2080 0.0081 0.0076 0.1428 
         135  1 0.1325 0.0510 0.1458 0.2402 0.1120 0.1001 0.0046 0.0063 0.2075 
         136  1 0.1367 0.2251 0.1380 0.1238 0.1224 0.1504 0.0051 0.0052 0.0934 
         137  1 0.0871 0.0703 0.1186 0.1970 0.1003 0.2676 0.0199 0.0304 0.1086 
         138  1 0.1596 0.1227 0.1306 0.1203 0.1767 0.0996 0.0151 0.0406 0.1348 
         139  1 0.0961 0.1831 0.1003 0.1315 0.1025 0.2329 0.0135 0.0155 0.1245 
         140  1 0.1341 0.0586 0.1366 0.1808 0.1310 0.0714 0.0408 0.0724 0.1745 
         141  1 0.1066 0.1419 0.2308 0.1581 0.0895 0.0895 0.0060 0.0073 0.1704 
         142  1 0.0896 0.0876 0.1531 0.1665 0.1029 0.2191 0.0252 0.0099 0.1461 
         143  1 0.0725 0.0556 0.0656 0.0641 0.0664 0.0424 0.4674 0.0972 0.0687 
         144  1 0.1261 0.1633 0.1100 0.1236 0.1427 0.2049 0.0082 0.0098 0.1114 
         145  1 0.1369 0.1306 0.1055 0.1172 0.1390 0.1400 0.0125 0.1035 0.1148 
         146  1 0.1333 0.0327 0.1569 0.2523 0.1067 0.0773 0.0058 0.0056 0.2293 
         147  1 0.1306 0.0977 0.0900 0.0758 0.1298 0.0598 0.0457 0.2776 0.0931 
         148  1 0.0929 0.0845 0.1608 0.1698 0.1029 0.2081 0.0294 0.0137 0.1378 
         149  1 0.1183 0.1680 0.2392 0.1364 0.0793 0.0674 0.0178 0.0207 0.1529 
         150  1 0.1402 0.1409 0.1294 0.1117 0.1525 0.1423 0.0391 0.0136 0.1304 
         151  1 0.1345 0.0659 0.1478 0.2055 0.1212 0.0890 0.0258 0.0114 0.1989 
         152  1 0.1300 0.0966 0.1246 0.2083 0.1120 0.1412 0.0091 0.0099 0.1683 
         153  1 0.1398 0.1370 0.1434 0.1079 0.1805 0.1301 0.0068 0.0235 0.1311 
         154  1 0.1294 0.0438 0.1529 0.2409 0.1077 0.1090 0.0046 0.0062 0.2054 
         155  1 0.1154 0.1500 0.2110 0.1492 0.0956 0.0858 0.0124 0.0297 0.1510 
         156  1 0.1298 0.1564 0.1714 0.1495 0.1174 0.0925 0.0121 0.0107 0.1602 
         157  1 0.1316 0.1463 0.1654 0.1336 0.1132 0.1109 0.0181 0.0330 0.1478 
         158  1 0.1443 0.1958 0.1300 0.1251 0.1292 0.1435 0.0073 0.0106 0.1141 
         159  1 0.2184 0.1428 0.1368 0.0708 0.2016 0.0741 0.0116 0.0107 0.1332 
         160  1 0.1352 0.2015 0.1302 0.1125 0.1302 0.1627 0.0068 0.0084 0.1126 
         161  1 0.1205 0.1303 0.1823 0.1388 0.1040 0.0871 0.0166 0.0560 0.1644 
         162  1 0.1020 0.1334 0.1941 0.1639 0.0843 0.1241 0.0275 0.0121 0.1587 
         163  1 0.0790 0.0700 0.1119 0.1949 0.1038 0.2961 0.0086 0.0150 0.1207 
         164  1 0.1578 0.2185 0.1213 0.1099 0.1279 0.1460 0.0075 0.0055 0.1055 
         165  1 0.1442 0.1606 0.1086 0.1109 0.1446 0.1517 0.0478 0.0299 0.1018 
         166  1 0.1390 0.0673 0.1487 0.2004 0.1341 0.0713 0.0160 0.0220 0.2013 
         167  1 0.1453 0.1722 0.1481 0.1341 0.1456 0.0931 0.0088 0.0080 0.1448 
         168  1 0.1200 0.1203 0.1321 0.1784 0.1166 0.1322 0.0113 0.0224 0.1668 
         169  1 0.1645 0.1865 0.1138 0.0829 0.1490 0.0998 0.0430 0.0356 0.1249 
         170  1 0.0939 0.1008 0.1270 0.1630 0.1153 0.2287 0.0225 0.0178 0.1309 
         171  1 0.0430 0.0461 0.1279 0.2345 0.0746 0.3478 0.0105 0.0071 0.1086 
         172  1 0.1176 0.1202 0.1586 0.1531 0.1141 0.1689 0.0122 0.0149 0.1405 
         173  1 0.1350 0.1618 0.1455 0.1131 0.1292 0.0977 0.0655 0.0288 0.1235 
         174  1 0.1677 0.1626 0.1232 0.1009 0.1880 0.0909 0.0194 0.0272 0.1201 
         175  1 0.1641 0.1928 0.1091 0.1130 0.1654 0.1250 0.0127 0.0187 0.0992 
         176  1 0.1248 0.1749 0.1210 0.1183 0.1198 0.1690 0.0201 0.0202 0.1320 
         177  1 0.0973 0.1051 0.1322 0.1660 0.1196 0.2213 0.0260 0.0165 0.1160 
         178  1 0.1192 0.1362 0.1252 0.1347 0.1196 0.1729 0.0173 0.0684 0.1065 
         179  1 0.1234 0.0518 0.1543 0.2349 0.0958 0.1147 0.0053 0.0108 0.2090 
         180  1 0.1369 0.1693 0.1905 0.1293 0.1034 0.0815 0.0222 0.0129 0.1539 
         181  1 0.0799 0.1033 0.0785 0.0723 0.0732 0.0992 0.4021 0.0199 0.0716 
         182  1 0.1214 0.1114 0.1465 0.1523 0.1218 0.1292 0.0620 0.0123 0.1430 
         183  1 0.1576 0.1779 0.1113 0.0961 0.1745 0.1427 0.0096 0.0230 0.1074 
         184  1 0.1293 0.0769 0.1545 0.1792 0.1248 0.0983 0.0285 0.0346 0.1740 
         185  1 0.1084 0.1503 0.1172 0.1094 0.1213 0.1894 0.0633 0.0165 0.1243 
         186  1 0.1412 0.1844 0.1335 0.1150 0.1174 0.1471 0.0098 0.0159 0.1358 
         187  1 0.1933 0.1684 0.1181 0.0919 0.1791 0.0978 0.0104 0.0203 0.1208 
         188  1 0.1682 0.1474 0.1246 0.1113 0.1738 0.0894 0.0243 0.0221 0.1389 
         189  1 0.1140 0.0667 0.1323 0.2096 0.1012 0.1527 0.0141 0.0202 0.1891 
         190  1 0.1296 0.1138 0.1549 0.1775 0.1228 0.1020 0.0236 0.0101 0.1657 
         191  1 0.1083 0.1436 0.1898 0.1361 0.0910 0.1191 0.0435 0.0181 0.1504 
         192  1 0.1328 0.1201 0.1470 0.1503 0.1440 0.1277 0.0059 0.0231 0.1492 
         193  1 0.1517 0.1172 0.1155 0.0821 0.1602 0.0684 0.0095 0.1841 0.1113 
         194  1 0.1299 0.1045 0.1453 0.1627 0.1230 0.1269 0.0160 0.0328 0.1588 
         195  1 0.1223 0.0952 0.1036 0.1530 0.1285 0.1851 0.0092 0.0602 0.1430 
         196  1 0.1439 0.1378 0.1093 0.0767 0.1538 0.1182 0.1083 0.0454 0.1067 
         197  1 0.0913 0.0628 0.1175 0.2140 0.1131 0.2389 0.0059 0.0067 0.1498 
         198  1 0.1201 0.0976 0.1703 0.1961 0.1100 0.1053 0.0072 0.0119 0.1814 
         199  1 0.0773 0.1001 0.1371 0.1825 0.1079 0.2427 0.0097 0.0117 0.1309 
         200  1 0.1575 0.1394 0.1349 0.1178 0.1684 0.1097 0.0108 0.0126 0.1489 
         201  1 0.1152 0.1297 0.1319 0.1392 0.1279 0.2058 0.0215 0.0099 0.1189 
         202  1 0.1599 0.1220 0.1240 0.0927 0.1808 0.0915 0.0261 0.0894 0.1137 
         203  1 0.1138 0.1619 0.2419 0.1537 0.0714 0.0647 0.0064 0.0259 0.1603 
         204  1 0.0946 0.1091 0.1229 0.1773 0.1087 0.2310 0.0226 0.0191 0.1148 
         205  1 0.1275 0.1879 0.0982 0.1318 0.1140 0.2137 0.0055 0.0097 0.1117 
         206  1 0.1184 0.1171 0.1150 0.1545 0.1395 0.2354 0.0118 0.0103 0.0979 
         207  1 0.1490 0.1338 0.1319 0.1391 0.1402 0.1415 0.0174 0.0141 0.1331 
         208  1 0.1398 0.1446 0.1692 0.1205 0.1222 0.0817 0.0693 0.0168 0.1359 
         209  1 0.1642 0.1594 0.1247 0.1067 0.2029 0.1135 0.0069 0.0142 0.1076 
         210  1 0.1111 0.1528 0.1638 0.1537 0.1066 0.1737 0.0073 0.0079 0.1230 
         211  1 0.1381 0.0883 0.1392 0.1948 0.1368 0.1001 0.0098 0.0068 0.1861 
         212  1 0.1237 0.1677 0.1357 0.1264 0.1217 0.1679 0.0110 0.0234 0.1226 
         213  1 0.1643 0.1430 0.1386 0.0996 0.1536 0.0846 0.0426 0.0477 0.1260 
         214  1 0.1671 0.1812 0.1242 0.1229 0.1446 0.1137 0.0150 0.0077 0.1236 
         215  1 0.1579 0.1471 0.1098 0.1030 0.1809 0.1520 0.0131 0.0196 0.1168 
         216  1 0.1541 0.0994 0.1364 0.1842 0.1187 0.0817 0.0313 0.0242 0.1700 
         217  1 0.1605 0.1399 0.1571 0.0996 0.1619 0.0839 0.0197 0.0265 0.1511 
         218  1 0.1267 0.1721 0.1579 0.1269 0.1166 0.1199 0.0213 0.0193 0.1393 
         219  1 0.1030 0.1451 0.2423 0.1639 0.0824 0.0728 0.0065 0.0088 0.1753 
         220  1 0.1864 0.1607 0.1244 0.0771 0.2184 0.0820 0.0115 0.0256 0.1139 
         221  1 0.1074 0.1232 0.1175 0.1601 0.1243 0.2116 0.0064 0.0077 0.1417 
         222  1 0.1190 0.2256 0.0843 0.1135 0.1084 0.2379 0.0058 0.0059 0.0997 
         223  1 0.1288 0.1215 0.1382 0.1526 0.1255 0.1393 0.0243 0.0207 0.1490 
         224  1 0.1405 0.0735 0.1526 0.2063 0.1157 0.0876 0.0073 0.0086 0.2080 
         225  1 0.0944 0.1088 0.1725 0.1794 0.1051 0.1670 0.0078 0.0057 0.1594 
         226  1 0.1387 0.1727 0.1261 0.1082 0.1202 0.1681 0.0113 0.0111 0.1436 
         227  1 0.1783 0.1937 0.0924 0.1058 0.1788 0.1271 0.0088 0.0108 0.1044 
         228  1 0.1407 0.1725 0.1256 0.0942 0.1497 0.1359 0.0276 0.0313 0.1226 
         229  1 0.1292 0.0649 0.1467 0.2199 0.1159 0.1171 0.0081 0.0086 0.1897 
         230  1 0.1727 0.1668 0.1218 0.0794 0.2008 0.1139 0.0229 0.0121 0.1095 
         231  1 0.1796 0.1686 0.1114 0.0933 0.1948 0.0934 0.0171 0.0216 0.1203 
         232  1 0.1114 0.2143 0.0879 0.1136 0.1031 0.2585 0.0062 0.0087 0.0962 
         233  1 0.1566 0.1228 0.1363 0.1241 0.1782 0.1049 0.0164 0.0189 0.1419 
         234  1 0.1042 0.0922 0.1217 0.1742 0.1332 0.2529 0.0115 0.0080 0.1021 
         235  1 0.1326 0.1710 0.1543 0.1115 0.1176 0.1414 0.0082 0.0299 0.1333 
         236  1 0.1418 0.1467 0.1875 0.1090 0.1170 0.0736 0.0419 0.0405 0.1420 
         237  1 0.1462 0.1744 0.1227 0.1207 0.1638 0.1431 0.0064 0.0071 0.1154 
         238  1 0.1559 0.1234 0.1393 0.1497 0.1591 0.0800 0.0180 0.0227 0.1519 
         239  1 0.1411 0.1192 0.1441 0.0988 0.1252 0.0762 0.0313 0.1524 0.1118 
         240  1 0.0806 0.0969 0.1286 0.1814 0.1094 0.2596 0.0072 0.0071 0.1292 
         241  1 0.0792 0.0991 0.1159 0.1828 0.1089 0.2699 0.0067 0.0069 0.1306 
         242  1 0.1782 0.1447 0.1343 0.1153 0.1777 0.0766 0.0285 0.0181 0.1266 
         243  1 0.1083 0.1240 0.1120 0.1664 0.1167 0.1775 0.0103 0.0159 0.1689 
         244  1 0.1387 0.1257 0.1678 0.1415 0.1142 0.0993 0.0222 0.0287 0.1620 
         245  1 0.0880 0.1086 0.1873 0.1867 0.0926 0.1971 0.0090 0.0069 0.1236 
         246  1 0.1465 0.1240 0.1288 0.0914 0.1341 0.0888 0.0797 0.0808 0.1259 
         247  1 0.1547 0.1547 0.1616 0.1136 0.1481 0.0994 0.0111 0.0159 0.1410 
         248  1 0.1191 0.1333 0.1418 0.1518 0.1193 0.1332 0.0442 0.0205 0.1368 
         249  1 0.1903 0.1583 0.1258 0.0820 0.2216 0.0736 0.0267 0.0149 0.1068 
         250  1 0.1505 0.1669 0.1244 0.1149 0.1539 0.1441 0.0079 0.0171 0.1201 
         251  1 0.0965 0.0969 0.1186 0.1645 0.1207 0.2455 0.0088 0.0100 0.1387 
         252  1 0.0926 0.0865 0.0794 0.0705 0.0804 0.0632 0.1886 0.2600 0.0786 
         253  1 0.1357 0.0632 0.1341 0.1949 0.1233 0.0784 0.0390 0.0391 0.1923 
         254  1 0.1247 0.1213 0.1299 0.1479 0.1314 0.2001 0.0081 0.0074 0.1291 
         255  1 0.0761 0.0636 0.1170 0.1777 0.1017 0.3055 0.0233 0.0161 0.1189 
         256  1 0.0950 0.1054 0.1050 0.1548 0.1336 0.2751 0.0090 0.0093 0.1128 
         257  1 0.1153 0.1956 0.0996 0.1321 0.0981 0.2512 0.0097 0.0067 0.0917 
         258  1 0.1586 0.1349 0.1497 0.1351 0.1448 0.0911 0.0131 0.0141 0.1586 
         259  1 0.1248 0.0993 0.1678 0.1663 0.1193 0.0820 0.0268 0.0251 0.1887 
         260  1 0.1272 0.1529 0.1484 0.1479 0.1202 0.1448 0.0046 0.0162 0.1378 
         261  1 0.1616 0.2276 0.1079 0.0928 0.1387 0.1398 0.0250 0.0181 0.0885 
         262  1 0.1402 0.1770 0.1162 0.0992 0.1317 0.1414 0.0333 0.0400 0.1211 
         263  1 0.1506 0.1521 0.1182 0.1062 0.1546 0.1338 0.0289 0.0236 0.1320 
         264  1 0.0792 0.0812 0.1153 0.1732 0.1089 0.2968 0.0229 0.0180 0.1044 
         265  1 0.1376 0.1260 0.1560 0.1687 0.1208 0.1088 0.0109 0.0131 0.1581 
         266  1 0.0607 0.0759 0.1629 0.2237 0.0794 0.2539 0.0131 0.0095 0.1210 
         267  1 0.1381 0.1348 0.1787 0.1303 0.1190 0.0764 0.0298 0.0567 0.1362 
         268  1 0.1422 0.1532 0.1552 0.1213 0.1390 0.1168 0.0110 0.0112 0.1499 
         269  1 0.1608 0.0978 0.1388 0.1718 0.1460 0.0973 0.0099 0.0096 0.1679 
         270  1 0.0911 0.1410 0.1551 0.1710 0.0870 0.1774 0.0064 0.0057 0.1651 
         271  1 0.0669 0.0743 0.1525 0.2203 0.0785 0.2567 0.0130 0.0100 0.1278 
         272  1 0.1310 0.0624 0.1497 0.2051 0.1201 0.0832 0.0277 0.0207 0.2002 
         273  1 0.1731 0.1268 0.1116 0.1515 0.1523 0.0893 0.0224 0.0189 0.1540 
         274  1 0.1902 0.1792 0.1152 0.0932 0.1770 0.0926 0.0148 0.0338 0.1040 
         275  1 0.1543 0.1664 0.1451 0.1148 0.1641 0.1072 0.0107 0.0094 0.1280 
         276  1 0.1092 0.1881 0.1024 0.1215 0.1225 0.1921 0.0093 0.0175 0.1374 
         277  1 0.0827 0.0471 0.1324 0.2390 0.1072 0.1945 0.0059 0.0073 0.1839 
         278  1 0.1341 0.0198 0.1610 0.2656 0.1008 0.0675 0.0075 0.0081 0.2355 
         279  1 0.0828 0.0840 0.1350 0.2104 0.0993 0.2182 0.0319 0.0108 0.1276 
         280  1 0.1269 0.1590 0.1144 0.1434 0.1297 0.1816 0.0128 0.0083 0.1241 
         281  1 0.0850 0.0854 0.1464 0.1979 0.0900 0.2316 0.0325 0.0110 0.1203 
         282  1 0.1059 0.1108 0.1162 0.1706 0.1180 0.1990 0.0097 0.0256 0.1442 
         283  1 0.0846 0.0748 0.1204 0.1943 0.1126 0.2553 0.0183 0.0092 0.1305 
         284  1 0.1306 0.1005 0.1463 0.1641 0.1328 0.1503 0.0055 0.0110 0.1588 
         285  1 0.1654 0.1681 0.1378 0.1079 0.1767 0.0758 0.0107 0.0150 0.1425 
         286  1 0.1796 0.1498 0.1171 0.0908 0.2017 0.0814 0.0259 0.0106 0.1431 
         287  1 0.1014 0.1367 0.1027 0.1650 0.1249 0.2107 0.0131 0.0081 0.1374 
         288  1 0.1078 0.1006 0.1198 0.1766 0.1215 0.2139 0.0127 0.0196 0.1275 
         289  1 0.1226 0.1283 0.1268 0.1654 0.1245 0.1564 0.0119 0.0219 0.1423 
         290  1 0.1295 0.0449 0.1558 0.2164 0.1192 0.0929 0.0216 0.0182 0.2015 
         291  1 0.1012 0.1422 0.2388 0.1533 0.0835 0.0713 0.0224 0.0186 0.1687 
         292  1 0.1385 0.1262 0.1452 0.1475 0.1476 0.1397 0.0061 0.0096 0.1396 
         293  1 0.1743 0.1463 0.1476 0.1147 0.1637 0.0948 0.0070 0.0101 0.1414 
         294  1 0.1059 0.0652 0.1220 0.1941 0.1147 0.2110 0.0153 0.0269 0.1449 
         295  1 0.1131 0.1396 0.1330 0.1435 0.1220 0.1781 0.0172 0.0141 0.1394 
         296  1 0.1350 0.1686 0.1092 0.1058 0.1421 0.1752 0.0159 0.0244 0.1240 
         297  1 0.1375 0.1660 0.1682 0.1012 0.0994 0.0721 0.0569 0.0695 0.1292 
         298  1 0.1495 0.1937 0.1538 0.1056 0.1363 0.1113 0.0092 0.0225 0.1180 
         299  1 0.1405 0.2573 0.1165 0.1026 0.1091 0.1803 0.0041 0.0064 0.0832 
         300  1 0.1428 0.1501 0.1347 0.1189 0.1751 0.1092 0.0218 0.0210 0.1264 
         301  1 0.1649 0.1524 0.1215 0.1188 0.1860 0.0853 0.0097 0.0323 0.1291 
         302  1 0.1111 0.2133 0.0835 0.1164 0.1041 0.2440 0.0128 0.0140 0.1008 
         303  1 0.1569 0.1420 0.1571 0.1055 0.1488 0.0821 0.0489 0.0310 0.1278 
         304  1 0.1495 0.0839 0.1250 0.1936 0.1315 0.1114 0.0107 0.0133 0.1812 
         305  1 0.1404 0.0676 0.1477 0.2169 0.1131 0.0908 0.0091 0.0092 0.2051 
         306  1 0.1403 0.1816 0.0966 0.1244 0.1341 0.1923 0.0089 0.0126 0.1091 
         307  1 0.1772 0.1698 0.1223 0.0962 0.1704 0.1009 0.0117 0.0223 0.1291 
         308  1 0.1644 0.1139 0.1192 0.1119 0.2112 0.1257 0.0197 0.0106 0.1234 
         309  1 0.1395 0.0488 0.1531 0.2392 0.1122 0.0661 0.0092 0.0103 0.2216 
         310  1 0.1333 0.1517 0.1679 0.1509 0.1199 0.0923 0.0146 0.0119 0.1576 
         311  1 0.1675 0.1537 0.1178 0.0848 0.1709 0.0808 0.0856 0.0090 0.1299 
         312  1 0.1965 0.1424 0.1274 0.0845 0.2271 0.0668 0.0136 0.0237 0.1180 
         313  1 0.1029 0.0935 0.1424 0.1836 0.1163 0.1860 0.0152 0.0149 0.1452 
         314  1 0.1385 0.1979 0.1393 0.1141 0.1356 0.1261 0.0107 0.0068 0.1311 
         315  1 0.1681 0.1596 0.1103 0.0993 0.1545 0.0997 0.0398 0.0537 0.1150 
         316  1 0.1704 0.1613 0.1208 0.0852 0.1867 0.0984 0.0184 0.0536 0.1051 
         317  1 0.1385 0.1480 0.1301 0.1178 0.1304 0.1413 0.0201 0.0709 0.1028 
         318  1 0.0860 0.1309 0.1558 0.1654 0.0912 0.2056 0.0059 0.0146 0.1447 
         319  1 0.0929 0.0556 0.1174 0.2147 0.1152 0.2394 0.0080 0.0089 0.1480 
         320  1 0.1108 0.1595 0.1209 0.1455 0.1256 0.2160 0.0056 0.0074 0.1086 
         321  1 0.1258 0.1501 0.1369 0.1219 0.1322 0.1783 0.0176 0.0113 0.1259 
         322  1 0.0557 0.0587 0.1124 0.2021 0.0978 0.2990 0.0257 0.0220 0.1264 
         323  1 0.1347 0.1002 0.1380 0.1919 0.1227 0.1196 0.0109 0.0170 0.1650 
         324  1 0.1715 0.1424 0.1524 0.0966 0.1576 0.0776 0.0081 0.0175 0.1763 
         325  1 0.1038 0.1916 0.0821 0.1388 0.1046 0.2704 0.0050 0.0065 0.0972 
         326  1 0.1556 0.1380 0.1344 0.1493 0.1531 0.0991 0.0078 0.0076 0.1552 
         327  1 0.1673 0.1443 0.1462 0.1078 0.1633 0.0767 0.0153 0.0307 0.1484 
         328  1 0.1083 0.1063 0.1464 0.1332 0.0998 0.1427 0.0973 0.0428 0.1234 
         329  1 0.1322 0.0944 0.1542 0.1759 0.1437 0.0926 0.0062 0.0096 0.1911 
         330  1 0.0758 0.0784 0.1243 0.1780 0.1022 0.2861 0.0189 0.0401 0.0962 
         331  1 0.1134 0.1422 0.1183 0.1455 0.1087 0.1985 0.0115 0.0168 0.1450 
         332  1 0.0862 0.1037 0.1458 0.1738 0.1039 0.2146 0.0256 0.0202 0.1261 
         333  1 0.1516 0.1476 0.1942 0.1334 0.1243 0.0719 0.0155 0.0179 0.1436 
         334  1 0.0920 0.1455 0.2186 0.1466 0.0643 0.0652 0.0485 0.0633 0.1560 
         335  1 0.0713 0.1139 0.1777 0.2047 0.0775 0.2087 0.0086 0.0065 0.1311 
         336  1 0.1221 0.1201 0.1444 0.1673 0.1171 0.1468 0.0119 0.0101 0.1603 
         337  1 0.0915 0.1208 0.1083 0.1414 0.1215 0.2373 0.0252 0.0330 0.1211 
         338  1 0.1186 0.1056 0.1237 0.1703 0.1127 0.1472 0.0227 0.0315 0.1676 
         339  1 0.1106 0.1209 0.0984 0.1219 0.1179 0.1617 0.0595 0.0780 0.1310 
         340  1 0.1102 0.1537 0.1431 0.1327 0.0954 0.1849 0.0075 0.0182 0.1543 
         341  1 0.0948 0.1209 0.1533 0.1549 0.1103 0.1974 0.0214 0.0108 0.1361 
         342  1 0.1132 0.1222 0.0919 0.0566 0.1326 0.0587 0.2491 0.0985 0.0772 
         343  1 0.1323 0.1829 0.1379 0.1310 0.1215 0.1286 0.0135 0.0306 0.1218 
         344  1 0.1144 0.1362 0.1394 0.1437 0.1120 0.1841 0.0127 0.0222 0.1353 
         345  1 0.1171 0.1480 0.1015 0.1471 0.1028 0.1929 0.0347 0.0241 0.1320 
         346  1 0.1050 0.1351 0.2294 0.1599 0.0821 0.0993 0.0088 0.0212 0.1593 
         347  1 0.1799 0.1420 0.1084 0.0929 0.2117 0.0901 0.0131 0.0488 0.1132 
         348  1 0.1657 0.2338 0.1190 0.1019 0.1323 0.1419 0.0048 0.0058 0.0948 
         349  1 0.1416 0.1439 0.1048 0.0863 0.1562 0.0882 0.1005 0.0604 0.1181 
         350  1 0.1524 0.1975 0.1217 0.0983 0.1530 0.1233 0.0171 0.0135 0.1233 
         351  1 0.1056 0.1415 0.1405 0.1461 0.0999 0.2028 0.0110 0.0115 0.1411 
         352  1 0.1378 0.1550 0.1247 0.1572 0.1295 0.1542 0.0068 0.0061 0.1286 
         353  1 0.0648 0.0523 0.1238 0.2227 0.0840 0.3282 0.0087 0.0060 0.1095 
         354  1 0.1737 0.1862 0.1141 0.0994 0.1631 0.1378 0.0077 0.0151 0.1032 
         355  1 0.1747 0.1805 0.1294 0.0789 0.2019 0.0905 0.0118 0.0176 0.1148 
         356  1 0.1724 0.1333 0.1569 0.1030 0.1574 0.0739 0.0383 0.0413 0.1234 
         357  1 0.1519 0.1642 0.1243 0.1166 0.1493 0.1229 0.0105 0.0107 0.1497 
         358  1 0.1429 0.2321 0.1445 0.1180 0.1014 0.1433 0.0043 0.0095 0.1039 
         359  1 0.1162 0.1118 0.1275 0.0963 0.1097 0.0874 0.0781 0.1806 0.0924 
         360  1 0.1341 0.1574 0.1595 0.1165 0.1225 0.1361 0.0229 0.0113 0.1397 
         361  1 0.1603 0.1258 0.1221 0.0888 0.1574 0.0726 0.0219 0.1411 0.1100 
         362  1 0.1923 0.1493 0.1222 0.0867 0.2210 0.0771 0.0103 0.0286 0.1126 
         363  1 0.1458 0.2323 0.1337 0.1214 0.1161 0.1178 0.0060 0.0082 0.1187 
         364  1 0.0952 0.1094 0.1048 0.1556 0.1127 0.2210 0.0434 0.0280 0.1299 
         365  1 0.0951 0.1060 0.1227 0.1098 0.0866 0.1128 0.2140 0.0473 0.1057 
         366  1 0.1495 0.1746 0.1423 0.1133 0.1403 0.1169 0.0144 0.0191 0.1296 
         367  1 0.1458 0.1037 0.1364 0.1739 0.1226 0.1010 0.0444 0.0108 0.1614 
         368  1 0.0498 0.0437 0.1085 0.2149 0.0913 0.3436 0.0110 0.0109 0.1262 
         369  1 0.1845 0.1384 0.1136 0.1116 0.2202 0.0915 0.0051 0.0101 0.1251 
         370  1 0.1275 0.1299 0.1774 0.1662 0.1049 0.0876 0.0100 0.0085 0.1879 
         371  1 0.0805 0.0940 0.1152 0.1909 0.1003 0.2931 0.0189 0.0072 0.1000 
         372  1 0.1959 0.1231 0.1221 0.0762 0.2023 0.0576 0.0190 0.0960 0.1079 
         373  1 0.1814 0.1372 0.1192 0.0730 0.2034 0.0539 0.0152 0.1063 0.1104 
         374  1 0.1049 0.0945 0.1278 0.1498 0.1130 0.1536 0.0793 0.0352 0.1419 
         375  1 0.1631 0.1434 0.1264 0.1130 0.1642 0.1136 0.0129 0.0184 0.1450 
         376  1 0.1092 0.1801 0.1098 0.1478 0.1022 0.2046 0.0084 0.0086 0.1291 
         377  1 0.1265 0.2176 0.0874 0.1074 0.1199 0.2071 0.0106 0.0266 0.0969 
         378  1 0.1402 0.1425 0.1224 0.1336 0.1285 0.1598 0.0225 0.0149 0.1356 
         379  1 0.1766 0.1923 0.0920 0.0972 0.1726 0.1276 0.0053 0.0410 0.0954 
         380  1 0.0491 0.0478 0.1222 0.2249 0.0856 0.3372 0.0104 0.0084 0.1145 
         381  1 0.1131 0.1394 0.1564 0.1548 0.1068 0.1497 0.0205 0.0129 0.1465 
         382  1 0.1164 0.1278 0.1783 0.1621 0.1166 0.1352 0.0077 0.0134 0.1425 
         383  1 0.1628 0.1619 0.1544 0.1303 0.1553 0.0791 0.0144 0.0096 0.1322 
         384  1 0.1393 0.1782 0.0944 0.1184 0.1387 0.1944 0.0099 0.0138 0.1130 
         385  1 0.1637 0.1420 0.1483 0.1182 0.1699 0.0861 0.0109 0.0178 0.1431 
         386  1 0.1420 0.1702 0.1095 0.0980 0.1520 0.1780 0.0077 0.0283 0.1144 
         387  1 0.1310 0.1355 0.1322 0.1518 0.1257 0.1505 0.0169 0.0177 0.1388 
         388  1 0.1014 0.1290 0.2109 0.1416 0.0854 0.1037 0.0334 0.0469 0.1477 
         389  1 0.1750 0.1566 0.1269 0.1127 0.1783 0.1263 0.0060 0.0082 0.1100 
         390  1 0.0534 0.0775 0.1022 0.1945 0.0878 0.3460 0.0118 0.0096 0.1171 
         391  1 0.1046 0.0949 0.1875 0.1697 0.1059 0.1292 0.0117 0.0176 0.1789 
         392  1 0.1391 0.1436 0.1308 0.1306 0.1419 0.1313 0.0152 0.0231 0.1443 
         393  1 0.1353 0.1738 0.1182 0.1351 0.1211 0.1654 0.0096 0.0126 0.1288 
         394  1 0.1540 0.1614 0.1192 0.1110 0.1523 0.1362 0.0164 0.0235 0.1260 
         395  1 0.1114 0.1098 0.1035 0.1284 0.1175 0.1391 0.1247 0.0519 0.1135 
         396  1 0.1574 0.1780 0.1588 0.1243 0.1366 0.1083 0.0060 0.0066 0.1240 
         397  1 0.1221 0.1411 0.1818 0.1463 0.1074 0.1121 0.0356 0.0110 0.1426 
         398  1 0.1161 0.1076 0.1323 0.1757 0.1136 0.1519 0.0125 0.0223 0.1680 
         399  1 0.0947 0.2022 0.0798 0.1254 0.0994 0.2636 0.0130 0.0118 0.1102 
         400  1 0.1287 0.1830 0.1104 0.1129 0.1310 0.1569 0.0272 0.0218 0.1281 
         401  1 0.1402 0.1484 0.1269 0.1235 0.1454 0.1609 0.0088 0.0160 0.1299 
         402  1 0.0980 0.1200 0.1759 0.1265 0.0604 0.0659 0.1794 0.0284 0.1454 
         403  1 0.1054 0.1544 0.2505 0.1629 0.0582 0.0643 0.0228 0.0171 0.1643 
         404  1 0.0468 0.0443 0.0390 0.0369 0.0419 0.0355 0.0346 0.6833 0.0378 
         405  1 0.0832 0.1565 0.1055 0.1228 0.0842 0.2271 0.0088 0.0783 0.1338 
         406  1 0.1635 0.1520 0.1456 0.0823 0.1523 0.0700 0.0657 0.0292 0.1394 
         407  1 0.0777 0.0864 0.0548 0.0454 0.0795 0.0614 0.3740 0.1592 0.0615 
         408  1 0.1156 0.1219 0.1370 0.1707 0.1173 0.1593 0.0095 0.0194 0.1493 
         409  1 0.1226 0.0554 0.1333 0.1748 0.1061 0.0670 0.0134 0.1574 0.1700 
         410  1 0.0953 0.2011 0.0818 0.1217 0.1029 0.2673 0.0123 0.0110 0.1066 
         411  1 0.1482 0.1311 0.1088 0.1391 0.1634 0.1753 0.0202 0.0080 0.1059 
         412  1 0.1188 0.1037 0.1204 0.1805 0.1306 0.1511 0.0160 0.0365 0.1423 
         413  1 0.1615 0.1301 0.1246 0.0917 0.1587 0.0693 0.0697 0.0710 0.1235 
         414  1 0.1237 0.1227 0.1455 0.1460 0.1271 0.1541 0.0283 0.0186 0.1342 
         415  1 0.1145 0.0945 0.1964 0.1951 0.1153 0.0661 0.0086 0.0087 0.2009 
         416  1 0.1154 0.2289 0.1625 0.1305 0.0869 0.1268 0.0088 0.0071 0.1331 
         417  1 0.1677 0.1664 0.1268 0.0829 0.2164 0.1081 0.0105 0.0155 0.1057 
         418  1 0.1976 0.1810 0.1075 0.0838 0.1969 0.0855 0.0081 0.0113 0.1283 
         419  1 0.1393 0.0905 0.1413 0.1545 0.1458 0.0828 0.0298 0.0419 0.1740 
         420  1 0.1012 0.1393 0.1353 0.1335 0.1042 0.1607 0.0426 0.0428 0.1403 
         421  1 0.2153 0.1561 0.1154 0.0869 0.2154 0.0667 0.0071 0.0103 0.1267 
         422  1 0.1221 0.2177 0.0862 0.1065 0.0964 0.2278 0.0069 0.0115 0.1248 
         423  1 0.1159 0.1321 0.2191 0.1515 0.0987 0.0998 0.0114 0.0232 0.1483 
         424  1 0.1380 0.2078 0.1137 0.1129 0.1278 0.1637 0.0079 0.0071 0.1211 
         425  1 0.1073 0.1923 0.1028 0.1176 0.0923 0.2416 0.0072 0.0158 0.1230 
         426  1 0.1276 0.1315 0.1494 0.1242 0.1221 0.1472 0.0522 0.0196 0.1262 
         427  1 0.1403 0.1851 0.1023 0.1008 0.1408 0.1804 0.0169 0.0165 0.1171 
         428  1 0.1351 0.1320 0.1765 0.1362 0.1098 0.0967 0.0302 0.0192 0.1642 
         429  1 0.0999 0.1928 0.1151 0.1196 0.1001 0.2110 0.0078 0.0172 0.1365 
         430  1 0.1407 0.1233 0.1526 0.1492 0.1452 0.1010 0.0144 0.0079 0.1655 
         431  1 0.2293 0.1518 0.1278 0.0630 0.2593 0.0419 0.0108 0.0112 0.1050 
         432  1 0.0782 0.0896 0.0713 0.0560 0.0646 0.0524 0.4844 0.0346 0.0689 
         433  1 0.1242 0.1601 0.1551 0.1201 0.1170 0.1157 0.0232 0.0479 0.1368 
         434  1 0.1406 0.1336 0.1290 0.1274 0.1648 0.1248 0.0202 0.0140 0.1456 
         435  1 0.1350 0.1574 0.1833 0.1250 0.1030 0.1032 0.0115 0.0194 0.1622 
         436  1 0.1342 0.1952 0.1036 0.0926 0.1275 0.1829 0.0212 0.0184 0.1244 
         437  1 0.1676 0.1729 0.1289 0.1023 0.1650 0.1284 0.0093 0.0078 0.1177 
         438  1 0.1567 0.2035 0.1152 0.0952 0.1509 0.1309 0.0088 0.0141 0.1247 
         439  1 0.0898 0.0782 0.0970 0.0647 0.0838 0.0621 0.3912 0.0442 0.0890 
         440  1 0.1668 0.1654 0.1391 0.0929 0.1541 0.0850 0.0272 0.0603 0.1092 
         441  1 0.1635 0.1271 0.1450 0.1258 0.1578 0.0846 0.0185 0.0197 0.1579 
         442  1 0.1317 0.0541 0.1575 0.2283 0.1110 0.0785 0.0101 0.0121 0.2168 
         443  1 0.1544 0.1111 0.1504 0.1419 0.1522 0.0552 0.0400 0.0258 0.1689 
         444  1 0.1234 0.1512 0.1652 0.1311 0.1127 0.1043 0.0619 0.0139 0.1362 
         445  1 0.1442 0.1359 0.0976 0.0882 0.1511 0.1066 0.0090 0.1798 0.0876 
         446  1 0.1524 0.1395 0.1093 0.0953 0.1809 0.1159 0.0294 0.0624 0.1150 
         447  1 0.1610 0.1443 0.1342 0.1006 0.1622 0.1039 0.0369 0.0128 0.1441 
         448  1 0.1366 0.1623 0.1094 0.0988 0.1353 0.1073 0.0692 0.0627 0.1184 
         449  1 0.1436 0.1012 0.1349 0.1274 0.1651 0.0784 0.0438 0.0614 0.1442 
         450  1 0.1733 0.1278 0.1365 0.1015 0.1732 0.0630 0.0215 0.0431 0.1600 
         451  1 0.1438 0.0494 0.1471 0.2219 0.1151 0.0722 0.0220 0.0139 0.2147 
         452  1 0.1226 0.1691 0.1123 0.1027 0.1118 0.1573 0.0485 0.0426 0.1331 
         453  1 0.1292 0.1668 0.0973 0.0876 0.1330 0.1304 0.0533 0.0920 0.1104 
         454  1 0.1343 0.1018 0.1292 0.1216 0.1523 0.1101 0.0700 0.0469 0.1338 
         455  1 0.1549 0.1178 0.1109 0.1094 0.1625 0.0618 0.0697 0.0792 0.1338 
         456  1 0.1502 0.1065 0.1068 0.1039 0.1568 0.0646 0.0588 0.1359 0.1165 
         457  1 0.1458 0.1721 0.1008 0.0757 0.1707 0.1135 0.0159 0.1078 0.0978 
         458  1 0.1536 0.1361 0.1512 0.1158 0.1366 0.0807 0.0355 0.0536 0.1369 
         459  1 0.1387 0.1011 0.1359 0.1613 0.1463 0.1285 0.0086 0.0127 0.1669 
         460  1 0.1399 0.0441 0.1568 0.2347 0.1125 0.0696 0.0069 0.0137 0.2219 
         461  1 0.1471 0.1365 0.0957 0.0682 0.1801 0.0695 0.0178 0.2044 0.0808 
         462  1 0.0130 0.0138 0.0136 0.0115 0.0134 0.0105 0.4764 0.4352 0.0127 
         463  1 0.0099 0.0114 0.0100 0.0090 0.0110 0.0092 0.0426 0.8872 0.0097 
         464  1 0.0128 0.0118 0.0129 0.0117 0.0126 0.0109 0.8899 0.0258 0.0116 
         465  1 0.1588 0.1046 0.1026 0.0497 0.1716 0.0529 0.1300 0.1358 0.0939 
         466  1 0.0229 0.0258 0.0204 0.0171 0.0227 0.0195 0.0374 0.8143 0.0198 
         467  1 0.1101 0.1088 0.1029 0.0886 0.1142 0.0774 0.2063 0.0903 0.1014 
         468  1 0.0960 0.1070 0.1371 0.1221 0.1083 0.1421 0.1195 0.0692 0.0988 
         469  1 0.1847 0.1465 0.1247 0.0800 0.1717 0.0523 0.0359 0.0766 0.1275 
         470  1 0.0452 0.0394 0.0379 0.0347 0.0503 0.0376 0.0308 0.6842 0.0399 
         471  1 0.1271 0.1074 0.1038 0.0801 0.1223 0.0564 0.0901 0.2055 0.1073 
         472  1 0.1119 0.1225 0.1425 0.0900 0.0862 0.0606 0.0723 0.2072 0.1069 
         473  1 0.1164 0.1263 0.0732 0.0735 0.1192 0.0974 0.0237 0.2939 0.0764 
         474  1 0.0237 0.0237 0.0216 0.0223 0.0216 0.0227 0.3663 0.4756 0.0225 
         475  1 0.0873 0.0699 0.0545 0.0365 0.1044 0.0256 0.0912 0.4786 0.0519 
         476  1 0.0283 0.0317 0.0260 0.0241 0.0309 0.0267 0.7332 0.0717 0.0273 
         477  1 0.0397 0.0349 0.0392 0.0429 0.0395 0.0367 0.4678 0.2603 0.0390 
         478  1 0.0870 0.1163 0.0813 0.0910 0.0974 0.0979 0.3087 0.0388 0.0816 
         479  1 0.0121 0.0119 0.0116 0.0115 0.0119 0.0101 0.0098 0.9088 0.0123 
         480  1 0.0188 0.0170 0.0168 0.0139 0.0181 0.0135 0.7527 0.1318 0.0174 
         481  1 0.0405 0.0325 0.0383 0.0309 0.0330 0.0262 0.6288 0.1343 0.0355 
         482  1 0.0070 0.0065 0.0069 0.0074 0.0071 0.0069 0.9381 0.0127 0.0073 
         483  1 0.0383 0.0285 0.0367 0.0303 0.0328 0.0279 0.6479 0.1248 0.0328 
         484  1 0.1399 0.1562 0.1325 0.1006 0.1251 0.0811 0.1113 0.0230 0.1302 
         485  1 0.0512 0.0495 0.0510 0.0378 0.0382 0.0250 0.0262 0.6766 0.0446 
         486  1 0.0598 0.0445 0.0490 0.0424 0.0657 0.0379 0.1988 0.4480 0.0538 
         487  1 0.0075 0.0075 0.0081 0.0076 0.0073 0.0068 0.9331 0.0144 0.0077 
         488  1 0.0424 0.0368 0.0320 0.0278 0.0453 0.0270 0.1589 0.6004 0.0294 
         489  1 0.0825 0.0642 0.0560 0.0392 0.0966 0.0438 0.0203 0.5425 0.0549 
         490  1 0.0944 0.0857 0.1086 0.0799 0.0792 0.0721 0.0121 0.3656 0.1022 
         491  1 0.0161 0.0140 0.0145 0.0144 0.0155 0.0129 0.0159 0.8818 0.0147 
         492  1 0.0497 0.0452 0.0362 0.0279 0.0536 0.0295 0.6380 0.0800 0.0399 
         493  1 0.0201 0.0189 0.0187 0.0173 0.0198 0.0154 0.5894 0.2813 0.0190 
         494  1 0.0060 0.0059 0.0061 0.0060 0.0060 0.0060 0.9479 0.0100 0.0060 
         495  1 0.0057 0.0056 0.0060 0.0061 0.0057 0.0057 0.9502 0.0092 0.0058 
         496  1 0.0306 0.0284 0.0314 0.0288 0.0285 0.0226 0.0955 0.7056 0.0284 
         497  1 0.1691 0.1018 0.1296 0.1353 0.1584 0.0892 0.0162 0.0572 0.1432 
         498  1 0.1149 0.1076 0.0972 0.0901 0.1202 0.0794 0.1726 0.1246 0.0934 
         499  1 0.0151 0.0138 0.0131 0.0136 0.0171 0.0122 0.0276 0.8731 0.0145 
         500  1 0.1198 0.0699 0.0874 0.0816 0.1202 0.0473 0.1533 0.2077 0.1127 
