           1  1 0.0440 0.0511 0.5139 0.0446 0.0456 0.2235 0.0366 0.0408 
           2  1 0.0217 0.0194 0.0663 0.0382 0.0151 0.7716 0.0502 0.0174 
           3  1 0.0246 0.0313 0.3524 0.0242 0.0278 0.4929 0.0239 0.0229 
           4  1 0.0351 0.0435 0.6166 0.0443 0.0283 0.1570 0.0472 0.0279 
           5  1 0.0195 0.0181 0.6349 0.0179 0.0181 0.2581 0.0164 0.0171 
           6  1 0.0193 0.0188 0.6342 0.0177 0.0179 0.2588 0.0173 0.0160 
           7  1 0.0238 0.0223 0.0281 0.0344 0.0179 0.8138 0.0421 0.0177 
           8  1 0.0214 0.0225 0.2187 0.0225 0.0222 0.6491 0.0217 0.0218 
           9  1 0.0196 0.0200 0.8567 0.0189 0.0219 0.0271 0.0186 0.0172 
          10  1 0.0128 0.0123 0.0778 0.0124 0.0117 0.8461 0.0136 0.0133 
          11  1 0.0202 0.0229 0.0705 0.0197 0.0193 0.8106 0.0174 0.0194 
          12  1 0.1215 0.1477 0.0448 0.1322 0.1120 0.2709 0.0803 0.0906 
          13  1 0.0266 0.0263 0.0200 0.0287 0.0256 0.8141 0.0336 0.0250 
          14  1 0.0877 0.1274 0.0648 0.1060 0.1030 0.3477 0.0921 0.0713 
          15  1 0.0851 0.0537 0.0887 0.0687 0.0805 0.4812 0.0751 0.0670 
          16  1 0.1841 0.1264 0.0099 0.1547 0.1720 0.0111 0.1098 0.2321 
          17  1 0.1064 0.0735 0.0069 0.0603 0.1781 0.0089 0.1311 0.4348 
          18  1 0.1118 0.0825 0.0082 0.0636 0.1761 0.0119 0.1296 0.4164 
          19  1 0.1295 0.1011 0.0120 0.2273 0.0942 0.0369 0.2885 0.1104 
          20  1 0.1331 0.2839 0.0097 0.1001 0.2096 0.0104 0.0911 0.1622 
          21  1 0.1271 0.0535 0.0148 0.2641 0.0506 0.0126 0.4125 0.0649 
          22  1 0.1187 0.1038 0.0438 0.1581 0.1023 0.1711 0.1981 0.1042 
          23  1 0.1693 0.1451 0.0259 0.1641 0.1470 0.0452 0.1739 0.1296 
          24  1 0.1368 0.1429 0.0119 0.2189 0.1222 0.0374 0.2460 0.0840 
          25  1 0.1978 0.1511 0.0155 0.1406 0.1417 0.0191 0.1357 0.1985 
          26  1 0.1341 0.2319 0.0640 0.1421 0.1662 0.0313 0.1142 0.1162 
          27  1 0.1653 0.1877 0.0092 0.1806 0.1776 0.0187 0.1292 0.1318 
          28  1 0.1665 0.1194 0.0077 0.1631 0.1481 0.0093 0.2125 0.1734 
          29  1 0.2174 0.1118 0.0061 0.1470 0.1495 0.0147 0.1410 0.2125 
          30  1 0.1116 0.0760 0.0201 0.1662 0.1199 0.0169 0.2777 0.2115 
          31  1 0.1082 0.1211 0.1547 0.1129 0.1040 0.2280 0.0838 0.0873 
          32  1 0.1214 0.0738 0.0081 0.2792 0.0641 0.0114 0.3651 0.0769 
          33  1 0.1573 0.1281 0.0122 0.2256 0.1281 0.0133 0.2028 0.1325 
          34  1 0.0612 0.0737 0.0756 0.0666 0.0740 0.5051 0.0656 0.0782 
          35  1 0.1827 0.1765 0.0151 0.1580 0.1534 0.0755 0.1233 0.1154 
          36  1 0.2055 0.1468 0.0213 0.1558 0.1305 0.0331 0.1579 0.1491 
          37  1 0.1616 0.1880 0.0316 0.1921 0.1565 0.0769 0.0867 0.1066 
          38  1 0.1725 0.1177 0.0077 0.1547 0.1495 0.0211 0.1821 0.1947 
          39  1 0.1835 0.1502 0.0067 0.1671 0.1504 0.0167 0.1480 0.1774 
          40  1 0.1568 0.1587 0.0123 0.1836 0.1693 0.0095 0.1363 0.1734 
          41  1 0.1377 0.1883 0.0275 0.1113 0.1928 0.0107 0.0988 0.2329 
          42  1 0.1522 0.2202 0.0343 0.1252 0.1726 0.0136 0.1321 0.1498 
          43  1 0.1554 0.2221 0.0178 0.1693 0.1918 0.0305 0.0854 0.1277 
          44  1 0.2024 0.1260 0.0098 0.1582 0.1566 0.0089 0.1316 0.2065 
          45  1 0.1595 0.2212 0.0093 0.1813 0.1771 0.0186 0.0995 0.1334 
          46  1 0.1287 0.1296 0.0287 0.0822 0.1893 0.0165 0.0965 0.3286 
          47  1 0.1695 0.1988 0.0176 0.1584 0.1883 0.0263 0.1284 0.1126 
          48  1 0.1602 0.1423 0.0338 0.1776 0.1135 0.0255 0.2180 0.1291 
          49  1 0.1278 0.1152 0.0403 0.1994 0.1244 0.0359 0.2173 0.1397 
          50  1 0.1360 0.2141 0.0490 0.1297 0.1878 0.0343 0.0818 0.1672 
          51  1 0.1308 0.2073 0.0387 0.1216 0.1765 0.0333 0.0940 0.1979 
          52  1 0.1409 0.1221 0.0661 0.1822 0.1164 0.0311 0.2026 0.1388 
          53  1 0.1234 0.0453 0.0318 0.2891 0.0371 0.0204 0.4152 0.0377 
          54  1 0.1406 0.2174 0.0068 0.1381 0.1959 0.0128 0.1056 0.1829 
          55  1 0.1265 0.0733 0.0071 0.1279 0.1545 0.0097 0.1993 0.3017 
          56  1 0.1794 0.1678 0.0227 0.1578 0.1782 0.0187 0.1479 0.1275 
          57  1 0.1514 0.2552 0.0194 0.1485 0.1510 0.0880 0.0734 0.1130 
          58  1 0.1446 0.1151 0.0175 0.1299 0.1690 0.0211 0.1416 0.2610 
          59  1 0.1549 0.1257 0.0112 0.1307 0.1683 0.0131 0.1703 0.2258 
          60  1 0.1294 0.1193 0.0446 0.2092 0.1130 0.0194 0.2529 0.1122 
          61  1 0.1724 0.1958 0.0075 0.1746 0.1995 0.0065 0.0868 0.1570 
          62  1 0.1581 0.1222 0.0194 0.1644 0.1516 0.0155 0.1810 0.1879 
          63  1 0.1191 0.1634 0.0144 0.1036 0.1871 0.0335 0.0832 0.2957 
          64  1 0.1512 0.1743 0.0067 0.1327 0.1692 0.0387 0.1244 0.2027 
          65  1 0.2118 0.1348 0.0093 0.1547 0.1905 0.0099 0.1720 0.1170 
          66  1 0.1890 0.1651 0.0105 0.1656 0.1944 0.0130 0.1426 0.1199 
          67  1 0.1080 0.0782 0.0170 0.0770 0.1684 0.0109 0.1249 0.4155 
          68  1 0.1424 0.2302 0.0159 0.1480 0.2160 0.0398 0.0846 0.1232 
          69  1 0.1667 0.1728 0.0079 0.1518 0.1977 0.0104 0.1112 0.1814 
          70  1 0.1399 0.0690 0.0110 0.1979 0.1124 0.0184 0.3043 0.1471 
          71  1 0.1557 0.2175 0.0107 0.1660 0.2104 0.0152 0.1158 0.1086 
          72  1 0.1189 0.0954 0.0058 0.0653 0.1855 0.0050 0.0984 0.4257 
          73  1 0.1507 0.1753 0.0291 0.1376 0.1695 0.0421 0.1543 0.1414 
          74  1 0.1257 0.1082 0.0071 0.0922 0.1856 0.0079 0.1279 0.3455 
          75  1 0.1923 0.2245 0.0136 0.1493 0.1635 0.0187 0.1176 0.1206 
          76  1 0.1499 0.2186 0.0465 0.1293 0.1890 0.0616 0.0909 0.1142 
          77  1 0.2077 0.1380 0.0729 0.1391 0.1106 0.0524 0.1433 0.1360 
          78  1 0.2083 0.1453 0.0203 0.1603 0.2003 0.0126 0.1357 0.1173 
          79  1 0.1586 0.1192 0.0063 0.1973 0.1351 0.0115 0.2244 0.1476 
          80  1 0.1474 0.2763 0.0127 0.1074 0.2352 0.0175 0.0604 0.1431 
          81  1 0.1494 0.1352 0.0093 0.1641 0.1494 0.0242 0.2114 0.1569 
          82  1 0.1425 0.3233 0.0078 0.0998 0.2446 0.0083 0.0338 0.1399 
          83  1 0.1479 0.2391 0.0099 0.1814 0.1759 0.0230 0.1020 0.1208 
          84  1 0.1245 0.2689 0.0080 0.1340 0.1795 0.0273 0.1069 0.1509 
          85  1 0.1866 0.1824 0.0148 0.1470 0.1779 0.0136 0.1203 0.1574 
          86  1 0.1192 0.0963 0.0189 0.0755 0.1916 0.0190 0.1086 0.3710 
          87  1 0.1976 0.1596 0.0075 0.1534 0.2006 0.0091 0.1441 0.1281 
          88  1 0.1419 0.1846 0.0116 0.1152 0.1802 0.0245 0.0957 0.2464 
          89  1 0.1520 0.3189 0.0093 0.0959 0.2436 0.0099 0.0412 0.1293 
          90  1 0.1455 0.2283 0.0118 0.1629 0.1953 0.0097 0.1230 0.1235 
          91  1 0.1512 0.1286 0.0107 0.1163 0.1919 0.0093 0.1318 0.2603 
          92  1 0.1885 0.1429 0.0067 0.1428 0.1774 0.0116 0.1474 0.1826 
          93  1 0.1218 0.0893 0.0342 0.0834 0.1650 0.0119 0.1234 0.3710 
          94  1 0.1375 0.0721 0.0045 0.2634 0.0804 0.0070 0.3592 0.0758 
          95  1 0.1538 0.1244 0.0118 0.2016 0.1303 0.0146 0.2428 0.1207 
          96  1 0.1228 0.1323 0.0572 0.1581 0.1187 0.1486 0.1666 0.0956 
          97  1 0.1929 0.0980 0.0103 0.1461 0.1615 0.0113 0.1875 0.1923 
          98  1 0.1937 0.1173 0.0191 0.1727 0.1294 0.0153 0.2129 0.1396 
          99  1 0.1678 0.1992 0.0189 0.1504 0.1741 0.0204 0.1476 0.1216 
         100  1 0.1308 0.1856 0.0222 0.1469 0.1563 0.0184 0.1573 0.1824 
         101  1 0.2020 0.1805 0.0128 0.1582 0.1625 0.0291 0.1213 0.1336 
         102  1 0.1595 0.1685 0.0088 0.1917 0.1590 0.0138 0.1344 0.1643 
         103  1 0.1614 0.1014 0.0981 0.1632 0.1243 0.0226 0.1927 0.1364 
         104  1 0.2106 0.1914 0.0067 0.1583 0.2074 0.0145 0.1247 0.0865 
         105  1 0.2186 0.1414 0.0148 0.1548 0.2245 0.0194 0.1265 0.1000 
         106  1 0.2196 0.1321 0.0138 0.1691 0.2151 0.0202 0.1350 0.0951 
         107  1 0.1249 0.1772 0.1461 0.1602 0.1415 0.0398 0.1108 0.0995 
         108  1 0.1287 0.0621 0.0062 0.2750 0.0707 0.0069 0.3863 0.0641 
         109  1 0.1182 0.1118 0.0271 0.1557 0.1317 0.0289 0.2174 0.2092 
         110  1 0.1904 0.1991 0.0078 0.1387 0.2042 0.0112 0.1285 0.1200 
         111  1 0.1635 0.1409 0.0430 0.1083 0.1461 0.0099 0.1165 0.2717 
         112  1 0.1370 0.0956 0.0135 0.1083 0.1617 0.0119 0.1836 0.2884 
         113  1 0.1973 0.1439 0.0048 0.1561 0.2005 0.0069 0.1609 0.1297 
         114  1 0.1394 0.2095 0.0438 0.1588 0.1629 0.0655 0.1025 0.1176 
         115  1 0.1813 0.1177 0.0107 0.1553 0.2149 0.0095 0.1300 0.1806 
         116  1 0.1519 0.2556 0.0219 0.1570 0.1923 0.0253 0.0801 0.1159 
         117  1 0.1809 0.1413 0.0189 0.1840 0.1679 0.0106 0.1386 0.1578 
         118  1 0.1225 0.0963 0.0175 0.1995 0.1114 0.0149 0.3024 0.1355 
         119  1 0.1128 0.0881 0.0151 0.1063 0.1541 0.0164 0.1777 0.3295 
         120  1 0.1171 0.1156 0.2286 0.1186 0.1189 0.0464 0.1305 0.1244 
         121  1 0.1182 0.1494 0.0347 0.1613 0.1384 0.0894 0.1923 0.1163 
         122  1 0.1729 0.1401 0.0055 0.1761 0.1814 0.0065 0.1409 0.1766 
         123  1 0.1420 0.1864 0.0194 0.1142 0.1908 0.0091 0.1141 0.2240 
         124  1 0.1381 0.1838 0.0166 0.1269 0.1662 0.0200 0.1758 0.1726 
         125  1 0.1997 0.1548 0.0087 0.1333 0.1985 0.0069 0.1394 0.1588 
         126  1 0.1814 0.0766 0.0059 0.1261 0.1582 0.0077 0.1857 0.2585 
         127  1 0.1693 0.1839 0.0302 0.1317 0.1645 0.0236 0.1188 0.1781 
         128  1 0.1846 0.2011 0.0225 0.1408 0.1829 0.0197 0.1139 0.1344 
         129  1 0.1761 0.1675 0.0129 0.1639 0.1916 0.0198 0.1397 0.1284 
         130  1 0.1231 0.0941 0.0159 0.1653 0.1362 0.0154 0.2459 0.2041 
         131  1 0.1228 0.1055 0.0146 0.0666 0.1925 0.0101 0.1083 0.3795 
         132  1 0.1140 0.1592 0.0159 0.1486 0.1428 0.1361 0.1628 0.1206 
         133  1 0.1761 0.0991 0.0063 0.1499 0.1511 0.0081 0.1807 0.2286 
         134  1 0.1439 0.1194 0.0081 0.1268 0.1785 0.0090 0.1243 0.2899 
         135  1 0.1206 0.0490 0.0048 0.2844 0.0477 0.0065 0.4258 0.0613 
         136  1 0.2273 0.1139 0.0055 0.1505 0.2110 0.0067 0.1291 0.1560 
         137  1 0.1234 0.0985 0.0198 0.1024 0.1614 0.0313 0.1276 0.3357 
         138  1 0.1519 0.2020 0.0161 0.1532 0.1763 0.0467 0.1001 0.1537 
         139  1 0.1868 0.1241 0.0136 0.1449 0.1663 0.0161 0.1721 0.1760 
         140  1 0.1118 0.0892 0.0432 0.2208 0.0688 0.0866 0.3127 0.0670 
         141  1 0.2097 0.1254 0.0061 0.1785 0.1605 0.0074 0.1185 0.1937 
         142  1 0.1373 0.1079 0.0250 0.1129 0.1550 0.0103 0.1440 0.3074 
         143  1 0.0630 0.0738 0.4693 0.0855 0.0645 0.1238 0.0697 0.0505 
         144  1 0.1467 0.1694 0.0082 0.1346 0.1750 0.0104 0.1256 0.2301 
         145  1 0.1380 0.1570 0.0116 0.1661 0.1442 0.1130 0.1357 0.1342 
         146  1 0.1191 0.0300 0.0058 0.3084 0.0318 0.0057 0.4626 0.0364 
         147  1 0.0992 0.1582 0.0496 0.1105 0.1210 0.2964 0.0800 0.0851 
         148  1 0.1292 0.1136 0.0306 0.1198 0.1547 0.0151 0.1706 0.2664 
         149  1 0.2048 0.1700 0.0206 0.1541 0.1412 0.0272 0.1394 0.1426 
         150  1 0.1343 0.1786 0.0410 0.1402 0.1654 0.0142 0.1444 0.1819 
         151  1 0.1357 0.0884 0.0242 0.2368 0.0733 0.0122 0.3547 0.0748 
         152  1 0.1378 0.0846 0.0100 0.2109 0.1203 0.0115 0.3014 0.1235 
         153  1 0.1884 0.2191 0.0076 0.1350 0.1680 0.0258 0.1000 0.1561 
         154  1 0.1181 0.0370 0.0047 0.2840 0.0434 0.0064 0.4392 0.0671 
         155  1 0.2035 0.1551 0.0134 0.1528 0.1597 0.0310 0.1124 0.1720 
         156  1 0.1929 0.1707 0.0131 0.1554 0.1530 0.0128 0.1525 0.1496 
         157  1 0.1736 0.1590 0.0205 0.1400 0.1577 0.0372 0.1291 0.1829 
         158  1 0.2041 0.1611 0.0073 0.1600 0.1890 0.0127 0.1530 0.1127 
         159  1 0.1525 0.2935 0.0115 0.1127 0.2422 0.0148 0.0384 0.1345 
         160  1 0.2013 0.1431 0.0069 0.1608 0.1995 0.0087 0.1560 0.1237 
         161  1 0.1796 0.1428 0.0185 0.1578 0.1328 0.0619 0.1688 0.1379 
         162  1 0.1888 0.1481 0.0278 0.1270 0.1476 0.0159 0.1347 0.2101 
         163  1 0.1273 0.0946 0.0090 0.1029 0.1747 0.0176 0.1555 0.3185 
         164  1 0.2040 0.1456 0.0080 0.1603 0.2074 0.0074 0.1115 0.1558 
         165  1 0.1524 0.1524 0.0502 0.1447 0.1775 0.0338 0.1168 0.1723 
         166  1 0.1395 0.0942 0.0164 0.2515 0.0736 0.0256 0.3356 0.0636 
         167  1 0.1821 0.1707 0.0093 0.1895 0.1708 0.0095 0.1400 0.1282 
         168  1 0.1474 0.1120 0.0124 0.1928 0.1156 0.0263 0.2758 0.1177 
         169  1 0.1523 0.1923 0.0499 0.1567 0.1800 0.0436 0.1163 0.1088 
         170  1 0.1335 0.1178 0.0231 0.0971 0.1743 0.0179 0.1250 0.3114 
         171  1 0.1060 0.0677 0.0100 0.0547 0.1826 0.0079 0.1055 0.4656 
         172  1 0.1645 0.1437 0.0132 0.1375 0.1503 0.0165 0.1682 0.2060 
         173  1 0.1647 0.1732 0.0759 0.1554 0.1461 0.0368 0.1259 0.1221 
         174  1 0.1531 0.2321 0.0194 0.1842 0.1883 0.0296 0.0894 0.1040 
         175  1 0.1857 0.1818 0.0136 0.1723 0.2012 0.0209 0.1092 0.1154 
         176  1 0.1960 0.1418 0.0229 0.1482 0.1652 0.0244 0.1645 0.1369 
         177  1 0.1418 0.1167 0.0250 0.1330 0.1685 0.0190 0.1356 0.2604 
         178  1 0.1477 0.1375 0.0194 0.1306 0.1783 0.0688 0.1083 0.2094 
         179  1 0.1371 0.0545 0.0057 0.2590 0.0625 0.0116 0.3855 0.0841 
         180  1 0.2003 0.1855 0.0237 0.1408 0.1569 0.0143 0.1336 0.1448 
         181  1 0.1117 0.0844 0.4202 0.0875 0.0925 0.0257 0.0863 0.0916 
         182  1 0.1449 0.1252 0.0645 0.1587 0.1252 0.0148 0.1939 0.1728 
         183  1 0.1673 0.1885 0.0106 0.1498 0.2157 0.0260 0.1092 0.1329 
         184  1 0.1324 0.1011 0.0314 0.2074 0.1091 0.0380 0.2627 0.1179 
         185  1 0.1552 0.1391 0.0609 0.1357 0.1735 0.0179 0.1282 0.1894 
         186  1 0.1893 0.1778 0.0110 0.1611 0.1623 0.0203 0.1467 0.1316 
         187  1 0.1672 0.2169 0.0109 0.1545 0.1856 0.0225 0.1128 0.1295 
         188  1 0.1381 0.2073 0.0252 0.1825 0.1665 0.0314 0.1444 0.1046 
         189  1 0.1451 0.0671 0.0160 0.2128 0.0844 0.0205 0.3376 0.1164 
         190  1 0.1415 0.1295 0.0237 0.2080 0.1191 0.0118 0.2430 0.1233 
         191  1 0.1832 0.1489 0.0471 0.1217 0.1542 0.0210 0.1210 0.2029 
         192  1 0.1483 0.1449 0.0066 0.1693 0.1433 0.0246 0.1955 0.1676 
         193  1 0.1204 0.1814 0.0123 0.1206 0.1527 0.2116 0.0918 0.1093 
         194  1 0.1476 0.1252 0.0165 0.1820 0.1248 0.0387 0.2357 0.1297 
         195  1 0.1207 0.1063 0.0095 0.1705 0.1157 0.0638 0.2364 0.1771 
         196  1 0.1340 0.1974 0.1228 0.1160 0.1607 0.0504 0.0852 0.1336 
         197  1 0.1273 0.0598 0.0060 0.1815 0.1225 0.0071 0.2802 0.2157 
         198  1 0.1490 0.1008 0.0075 0.2306 0.0938 0.0139 0.2982 0.1062 
         199  1 0.1536 0.0939 0.0104 0.1285 0.1537 0.0119 0.1443 0.3036 
         200  1 0.1587 0.2057 0.0105 0.1743 0.1581 0.0143 0.1259 0.1525 
         201  1 0.1643 0.1525 0.0225 0.1201 0.1822 0.0116 0.1047 0.2421 
         202  1 0.1118 0.2381 0.0300 0.1142 0.1815 0.0964 0.0698 0.1583 
         203  1 0.2234 0.1555 0.0080 0.1472 0.1533 0.0314 0.1171 0.1642 
         204  1 0.1374 0.1264 0.0240 0.1019 0.1792 0.0210 0.1123 0.2977 
         205  1 0.1980 0.1148 0.0053 0.1696 0.1798 0.0106 0.1929 0.1290 
         206  1 0.1418 0.1586 0.0116 0.0982 0.2059 0.0139 0.1034 0.2665 
         207  1 0.1575 0.1550 0.0163 0.1637 0.1503 0.0164 0.1931 0.1478 
         208  1 0.1564 0.1988 0.0810 0.1305 0.1486 0.0237 0.1018 0.1592 
         209  1 0.1681 0.2282 0.0073 0.1657 0.2156 0.0154 0.0575 0.1422 
         210  1 0.1728 0.1316 0.0083 0.1352 0.1845 0.0093 0.1227 0.2356 
         211  1 0.1305 0.0778 0.0091 0.2667 0.0780 0.0072 0.3455 0.0852 
         212  1 0.1846 0.1555 0.0112 0.1564 0.1746 0.0248 0.1390 0.1540 
         213  1 0.1573 0.2011 0.0443 0.1501 0.1597 0.0523 0.0964 0.1388 
         214  1 0.1777 0.1702 0.0152 0.1815 0.1655 0.0099 0.1673 0.1128 
         215  1 0.1457 0.1872 0.0137 0.1298 0.2095 0.0215 0.0963 0.1963 
         216  1 0.1236 0.1051 0.0337 0.2427 0.0992 0.0285 0.2977 0.0695 
         217  1 0.1489 0.2472 0.0206 0.1365 0.1619 0.0361 0.0935 0.1552 
         218  1 0.1924 0.1642 0.0225 0.1376 0.1789 0.0210 0.1200 0.1634 
         219  1 0.2087 0.1422 0.0067 0.1756 0.1417 0.0099 0.1327 0.1825 
         220  1 0.1504 0.2463 0.0121 0.1317 0.2062 0.0299 0.1012 0.1222 
         221  1 0.1611 0.1257 0.0066 0.1453 0.1744 0.0075 0.1968 0.1825 
         222  1 0.2186 0.1151 0.0059 0.1819 0.1917 0.0080 0.1651 0.1138 
         223  1 0.1508 0.1441 0.0240 0.1723 0.1421 0.0229 0.1774 0.1664 
         224  1 0.1350 0.0708 0.0073 0.2772 0.0692 0.0095 0.3648 0.0662 
         225  1 0.1667 0.0955 0.0077 0.1479 0.1337 0.0060 0.2029 0.2396 
         226  1 0.1938 0.1727 0.0123 0.1601 0.1736 0.0127 0.1393 0.1355 
         227  1 0.1737 0.2147 0.0089 0.1664 0.2148 0.0132 0.1253 0.0831 
         228  1 0.1663 0.1923 0.0291 0.1481 0.1704 0.0332 0.1306 0.1301 
         229  1 0.1284 0.0686 0.0083 0.2627 0.0550 0.0086 0.3851 0.0832 
         230  1 0.1465 0.2403 0.0221 0.1240 0.2233 0.0127 0.0717 0.1594 
         231  1 0.1420 0.2298 0.0174 0.1800 0.1845 0.0246 0.0983 0.1234 
         232  1 0.2127 0.1082 0.0062 0.1566 0.2048 0.0092 0.1622 0.1402 
         233  1 0.1529 0.2038 0.0154 0.1469 0.1612 0.0227 0.1570 0.1401 
         234  1 0.1361 0.1287 0.0111 0.1134 0.1827 0.0091 0.1204 0.2985 
         235  1 0.2263 0.1475 0.0083 0.1562 0.1704 0.0325 0.1433 0.1155 
         236  1 0.1842 0.1811 0.0416 0.1337 0.1478 0.0459 0.1209 0.1448 
         237  1 0.1805 0.1711 0.0067 0.1742 0.1722 0.0077 0.1711 0.1165 
         238  1 0.1387 0.1786 0.0180 0.2013 0.1418 0.0263 0.1899 0.1055 
         239  1 0.1439 0.1677 0.0347 0.1421 0.1572 0.1487 0.0808 0.1248 
         240  1 0.1592 0.0737 0.0070 0.1303 0.1555 0.0080 0.2002 0.2661 
         241  1 0.1491 0.0755 0.0068 0.1276 0.1487 0.0077 0.2084 0.2762 
         242  1 0.1527 0.2045 0.0316 0.1987 0.1592 0.0194 0.1246 0.1093 
         243  1 0.1652 0.1109 0.0104 0.1733 0.1277 0.0172 0.2500 0.1453 
         244  1 0.1805 0.1514 0.0252 0.1669 0.1338 0.0347 0.1660 0.1416 
         245  1 0.1633 0.0994 0.0090 0.1252 0.1925 0.0075 0.1104 0.2928 
         246  1 0.1392 0.1642 0.0898 0.1390 0.1523 0.0960 0.0811 0.1382 
         247  1 0.1960 0.1950 0.0112 0.1715 0.1557 0.0178 0.1226 0.1302 
         248  1 0.1572 0.1459 0.0456 0.1478 0.1424 0.0257 0.1616 0.1739 
         249  1 0.1386 0.2710 0.0296 0.1289 0.2009 0.0173 0.0622 0.1516 
         250  1 0.1771 0.1738 0.0082 0.1659 0.1892 0.0185 0.1077 0.1597 
         251  1 0.1286 0.0925 0.0090 0.1415 0.1522 0.0111 0.2206 0.2445 
         252  1 0.0859 0.1046 0.1935 0.0871 0.0946 0.2803 0.0772 0.0769 
         253  1 0.1237 0.0915 0.0424 0.2251 0.0722 0.0509 0.3290 0.0651 
         254  1 0.1702 0.1447 0.0082 0.1531 0.1821 0.0082 0.1110 0.2224 
         255  1 0.1134 0.0964 0.0217 0.0897 0.1639 0.0179 0.1332 0.3638 
         256  1 0.1519 0.1205 0.0090 0.0898 0.1987 0.0107 0.1270 0.2925 
         257  1 0.2209 0.0939 0.0092 0.1365 0.1929 0.0083 0.1493 0.1890 
         258  1 0.1516 0.1921 0.0138 0.1574 0.1495 0.0185 0.1903 0.1269 
         259  1 0.1736 0.1179 0.0279 0.2050 0.0966 0.0292 0.2525 0.0973 
         260  1 0.1845 0.1299 0.0048 0.1710 0.1536 0.0163 0.1821 0.1578 
         261  1 0.1982 0.1652 0.0289 0.1612 0.2085 0.0195 0.1139 0.1045 
         262  1 0.1775 0.1608 0.0357 0.1519 0.1682 0.0424 0.1417 0.1218 
         263  1 0.1579 0.1685 0.0306 0.1449 0.1712 0.0278 0.1473 0.1518 
         264  1 0.1338 0.0966 0.0235 0.0945 0.1809 0.0182 0.1166 0.3359 
         265  1 0.1587 0.1352 0.0114 0.2042 0.1193 0.0168 0.2365 0.1179 
         266  1 0.1283 0.0904 0.0130 0.0814 0.1717 0.0106 0.1464 0.3583 
         267  1 0.1650 0.1604 0.0330 0.1531 0.1382 0.0680 0.1270 0.1553 
         268  1 0.1830 0.1884 0.0113 0.1577 0.1685 0.0136 0.1250 0.1526 
         269  1 0.1363 0.1448 0.0099 0.2282 0.1127 0.0111 0.2505 0.1064 
         270  1 0.1922 0.1069 0.0062 0.1714 0.1626 0.0063 0.1825 0.1719 
         271  1 0.1411 0.0880 0.0136 0.0836 0.1626 0.0097 0.1404 0.3610 
         272  1 0.1200 0.0791 0.0298 0.2474 0.0672 0.0223 0.3583 0.0759 
         273  1 0.1401 0.1447 0.0212 0.2119 0.1391 0.0210 0.2483 0.0737 
         274  1 0.1765 0.2086 0.0151 0.1584 0.1873 0.0370 0.1048 0.1123 
         275  1 0.1633 0.2067 0.0110 0.1475 0.2114 0.0103 0.1013 0.1485 
         276  1 0.1838 0.1602 0.0103 0.1534 0.1743 0.0178 0.1787 0.1215 
         277  1 0.1242 0.0472 0.0063 0.1997 0.0969 0.0080 0.3235 0.1943 
         278  1 0.1229 0.0194 0.0075 0.3180 0.0185 0.0081 0.4791 0.0264 
         279  1 0.1295 0.1029 0.0331 0.1070 0.1611 0.0117 0.1460 0.3088 
         280  1 0.1675 0.1384 0.0124 0.1463 0.1842 0.0096 0.1522 0.1895 
         281  1 0.1360 0.1028 0.0310 0.1089 0.1551 0.0120 0.1438 0.3105 
         282  1 0.1396 0.0851 0.0106 0.1835 0.1318 0.0292 0.2414 0.1790 
         283  1 0.1309 0.0811 0.0189 0.1477 0.1447 0.0102 0.2033 0.2632 
         284  1 0.1462 0.1189 0.0059 0.1903 0.1346 0.0134 0.2385 0.1521 
         285  1 0.1547 0.2682 0.0118 0.1378 0.1844 0.0200 0.1042 0.1189 
         286  1 0.1330 0.2650 0.0267 0.1586 0.1852 0.0127 0.0878 0.1310 
         287  1 0.1711 0.1000 0.0135 0.1523 0.1570 0.0087 0.2052 0.1923 
         288  1 0.1359 0.1201 0.0123 0.1483 0.1570 0.0215 0.1680 0.2368 
         289  1 0.1524 0.1286 0.0116 0.1676 0.1543 0.0238 0.2178 0.1439 
         290  1 0.1359 0.0642 0.0214 0.2470 0.0583 0.0205 0.3682 0.0845 
         291  1 0.2059 0.1300 0.0250 0.1609 0.1383 0.0229 0.1405 0.1764 
         292  1 0.1674 0.1383 0.0061 0.1755 0.1520 0.0112 0.1925 0.1571 
         293  1 0.1694 0.2092 0.0071 0.1783 0.1874 0.0116 0.1093 0.1276 
         294  1 0.1209 0.0695 0.0160 0.2042 0.1097 0.0274 0.2795 0.1727 
         295  1 0.1630 0.1339 0.0192 0.1304 0.1582 0.0156 0.1731 0.2065 
         296  1 0.1649 0.1684 0.0192 0.1281 0.1791 0.0282 0.1285 0.1836 
         297  1 0.1719 0.1700 0.0723 0.1298 0.1554 0.0718 0.1224 0.1063 
         298  1 0.2081 0.1683 0.0100 0.1466 0.1975 0.0234 0.1230 0.1231 
         299  1 0.2421 0.1094 0.0046 0.1657 0.2053 0.0101 0.1506 0.1122 
         300  1 0.1409 0.2156 0.0245 0.1270 0.1808 0.0257 0.1270 0.1585 
         301  1 0.1441 0.2149 0.0097 0.2000 0.1476 0.0413 0.1380 0.1044 
         302  1 0.2122 0.1025 0.0131 0.1418 0.1886 0.0146 0.1695 0.1577 
         303  1 0.1408 0.2066 0.0558 0.1793 0.1554 0.0362 0.1046 0.1214 
         304  1 0.1329 0.1018 0.0104 0.2245 0.0951 0.0145 0.3253 0.0955 
         305  1 0.1362 0.0811 0.0093 0.2425 0.0739 0.0102 0.3746 0.0722 
         306  1 0.1979 0.1295 0.0094 0.1641 0.1852 0.0140 0.1440 0.1558 
         307  1 0.1593 0.2176 0.0125 0.1735 0.1800 0.0266 0.0924 0.1381 
         308  1 0.1051 0.2590 0.0202 0.1114 0.1654 0.0118 0.1131 0.2140 
         309  1 0.1339 0.0548 0.0090 0.2927 0.0426 0.0111 0.4087 0.0472 
         310  1 0.1840 0.1588 0.0153 0.1965 0.1340 0.0136 0.1794 0.1184 
         311  1 0.1592 0.2039 0.0860 0.1289 0.1901 0.0132 0.0963 0.1224 
         312  1 0.1232 0.2914 0.0139 0.1249 0.2042 0.0263 0.0644 0.1517 
         313  1 0.1493 0.1170 0.0158 0.1401 0.1586 0.0160 0.1817 0.2214 
         314  1 0.2056 0.1643 0.0108 0.1605 0.1933 0.0077 0.1303 0.1276 
         315  1 0.1407 0.1900 0.0423 0.1535 0.1687 0.0558 0.1266 0.1224 
         316  1 0.1308 0.2481 0.0197 0.1385 0.1880 0.0562 0.0692 0.1495 
         317  1 0.1578 0.1572 0.0233 0.1232 0.1781 0.0731 0.0940 0.1933 
         318  1 0.2012 0.1181 0.0060 0.1397 0.1567 0.0169 0.1564 0.2050 
         319  1 0.1203 0.0711 0.0084 0.1381 0.1372 0.0106 0.2557 0.2587 
         320  1 0.1818 0.1180 0.0058 0.1638 0.1708 0.0089 0.1543 0.1965 
         321  1 0.1579 0.1435 0.0175 0.1537 0.1749 0.0130 0.1385 0.2010 
         322  1 0.1208 0.0855 0.0305 0.0825 0.1545 0.0257 0.1629 0.3376 
         323  1 0.1324 0.0855 0.0115 0.2422 0.0868 0.0188 0.3214 0.1014 
         324  1 0.1702 0.2349 0.0093 0.1696 0.1590 0.0221 0.1159 0.1190 
         325  1 0.1979 0.0949 0.0052 0.1633 0.1792 0.0076 0.1850 0.1670 
         326  1 0.1522 0.1520 0.0080 0.2233 0.1438 0.0094 0.1961 0.1152 
         327  1 0.1579 0.2120 0.0165 0.1615 0.1692 0.0357 0.1036 0.1435 
         328  1 0.1388 0.1347 0.0965 0.1174 0.1525 0.0471 0.0957 0.2172 
         329  1 0.1647 0.1300 0.0065 0.2097 0.1062 0.0104 0.2621 0.1103 
         330  1 0.1168 0.0973 0.0201 0.0711 0.1897 0.0382 0.1044 0.3623 
         331  1 0.1587 0.1219 0.0116 0.1630 0.1500 0.0188 0.2128 0.1631 
         332  1 0.1400 0.1144 0.0253 0.0895 0.1780 0.0207 0.1283 0.3038 
         333  1 0.1812 0.1579 0.0184 0.1893 0.1720 0.0214 0.1274 0.1324 
         334  1 0.1939 0.1373 0.0605 0.1378 0.1104 0.0718 0.1366 0.1517 
         335  1 0.1510 0.0988 0.0086 0.1194 0.1613 0.0069 0.1305 0.3235 
         336  1 0.1612 0.1114 0.0124 0.1870 0.1283 0.0122 0.2637 0.1238 
         337  1 0.1373 0.1323 0.0264 0.1038 0.1717 0.0368 0.1443 0.2474 
         338  1 0.1450 0.1043 0.0237 0.1855 0.1113 0.0322 0.2706 0.1272 
         339  1 0.1288 0.1323 0.0665 0.1182 0.1436 0.0949 0.1636 0.1520 
         340  1 0.2092 0.1470 0.0072 0.1536 0.1622 0.0194 0.1536 0.1478 
         341  1 0.1458 0.1296 0.0203 0.0944 0.1840 0.0113 0.1135 0.3011 
         342  1 0.1040 0.1578 0.2859 0.1004 0.1206 0.1006 0.0522 0.0785 
         343  1 0.1932 0.1369 0.0156 0.1447 0.1725 0.0306 0.1453 0.1613 
         344  1 0.1551 0.1423 0.0131 0.1273 0.1604 0.0245 0.1240 0.2533 
         345  1 0.1716 0.0893 0.0367 0.1724 0.1344 0.0268 0.2209 0.1479 
         346  1 0.2018 0.1373 0.0103 0.1382 0.1449 0.0225 0.1442 0.2008 
         347  1 0.1247 0.2295 0.0152 0.1370 0.1805 0.0573 0.1339 0.1219 
         348  1 0.2018 0.1431 0.0050 0.1735 0.2165 0.0069 0.1203 0.1329 
         349  1 0.1316 0.1853 0.1067 0.1207 0.1544 0.0650 0.1305 0.1058 
         350  1 0.1906 0.1877 0.0166 0.1421 0.1922 0.0156 0.1464 0.1087 
         351  1 0.1702 0.1330 0.0117 0.1024 0.1718 0.0108 0.1174 0.2827 
         352  1 0.1628 0.1156 0.0068 0.2034 0.1364 0.0068 0.2437 0.1245 
         353  1 0.1079 0.0849 0.0088 0.0633 0.1912 0.0070 0.1124 0.4245 
         354  1 0.1660 0.1879 0.0078 0.1898 0.1894 0.0155 0.1160 0.1277 
         355  1 0.1474 0.2533 0.0115 0.1470 0.2206 0.0203 0.0757 0.1242 
         356  1 0.1519 0.2045 0.0386 0.1486 0.1810 0.0429 0.0844 0.1481 
         357  1 0.1664 0.1871 0.0104 0.2060 0.1591 0.0140 0.1334 0.1236 
         358  1 0.2407 0.1404 0.0046 0.1517 0.2071 0.0104 0.1328 0.1123 
         359  1 0.1254 0.1312 0.0815 0.1337 0.1196 0.1881 0.0958 0.1248 
         360  1 0.1892 0.1771 0.0238 0.1287 0.1799 0.0162 0.1180 0.1671 
         361  1 0.1377 0.1815 0.0271 0.1239 0.1561 0.1636 0.0939 0.1161 
         362  1 0.1285 0.2573 0.0117 0.1398 0.1853 0.0330 0.1207 0.1236 
         363  1 0.2086 0.1655 0.0062 0.1695 0.2049 0.0087 0.1321 0.1047 
         364  1 0.1354 0.1050 0.0471 0.1200 0.1467 0.0328 0.1691 0.2438 
         365  1 0.1329 0.1207 0.2132 0.1019 0.1312 0.0606 0.0935 0.1461 
         366  1 0.1977 0.1791 0.0155 0.1595 0.1680 0.0229 0.1318 0.1255 
         367  1 0.1472 0.1084 0.0433 0.2070 0.1072 0.0114 0.2724 0.1031 
         368  1 0.1181 0.0610 0.0117 0.0859 0.1706 0.0120 0.1639 0.3768 
         369  1 0.1371 0.2500 0.0055 0.1359 0.1975 0.0119 0.1273 0.1348 
         370  1 0.1596 0.1293 0.0099 0.2159 0.1097 0.0095 0.2568 0.1095 
         371  1 0.1222 0.1189 0.0183 0.0615 0.2112 0.0080 0.0775 0.3825 
         372  1 0.1091 0.2598 0.0199 0.1124 0.1822 0.1003 0.0931 0.1231 
         373  1 0.1151 0.2610 0.0163 0.1477 0.1652 0.1215 0.0697 0.1035 
         374  1 0.1394 0.1043 0.0830 0.1440 0.1240 0.0407 0.1633 0.2012 
         375  1 0.1418 0.1877 0.0135 0.1774 0.1631 0.0217 0.1574 0.1374 
         376  1 0.1806 0.1137 0.0081 0.1951 0.1483 0.0097 0.2119 0.1326 
         377  1 0.1961 0.1210 0.0109 0.1559 0.2018 0.0309 0.1628 0.1206 
         378  1 0.1564 0.1482 0.0233 0.1676 0.1532 0.0160 0.1634 0.1720 
         379  1 0.1848 0.1977 0.0064 0.1512 0.1965 0.0422 0.1102 0.1109 
         380  1 0.1058 0.0776 0.0100 0.0631 0.1753 0.0096 0.1226 0.4360 
         381  1 0.1801 0.1390 0.0210 0.1447 0.1595 0.0135 0.1360 0.2062 
         382  1 0.1689 0.1510 0.0085 0.1485 0.1519 0.0155 0.1579 0.1978 
         383  1 0.1835 0.1840 0.0147 0.1750 0.1781 0.0109 0.1249 0.1289 
         384  1 0.1843 0.1361 0.0101 0.1685 0.1770 0.0145 0.1496 0.1599 
         385  1 0.1479 0.1952 0.0117 0.1950 0.1558 0.0193 0.1590 0.1162 
         386  1 0.1573 0.1903 0.0086 0.1231 0.2076 0.0313 0.1079 0.1739 
         387  1 0.1650 0.1144 0.0183 0.1913 0.1340 0.0200 0.2267 0.1304 
         388  1 0.1996 0.1455 0.0373 0.1341 0.1503 0.0506 0.1099 0.1726 
         389  1 0.1573 0.2113 0.0063 0.1553 0.1958 0.0098 0.1107 0.1536 
         390  1 0.1489 0.0804 0.0111 0.0640 0.1817 0.0103 0.1233 0.3802 
         391  1 0.1607 0.1168 0.0127 0.1517 0.1305 0.0186 0.2027 0.2064 
         392  1 0.1591 0.1718 0.0162 0.1770 0.1562 0.0255 0.1729 0.1212 
         393  1 0.1891 0.1273 0.0099 0.1764 0.1703 0.0132 0.1883 0.1254 
         394  1 0.1512 0.1715 0.0171 0.1412 0.1741 0.0251 0.1486 0.1712 
         395  1 0.1187 0.1209 0.1348 0.1298 0.1416 0.0584 0.1480 0.1478 
         396  1 0.1864 0.1849 0.0060 0.2018 0.1660 0.0075 0.1316 0.1158 
         397  1 0.1730 0.1748 0.0355 0.1340 0.1576 0.0149 0.1078 0.2026 
         398  1 0.1367 0.1057 0.0137 0.1921 0.1193 0.0237 0.2664 0.1425 
         399  1 0.2144 0.1083 0.0132 0.1507 0.1844 0.0120 0.1659 0.1510 
         400  1 0.1822 0.1590 0.0297 0.1656 0.1644 0.0233 0.1531 0.1226 
         401  1 0.1582 0.1611 0.0088 0.1660 0.1739 0.0179 0.1730 0.1411 
         402  1 0.1601 0.1240 0.2011 0.1251 0.1080 0.0441 0.1038 0.1338 
         403  1 0.2047 0.1510 0.0261 0.1573 0.1366 0.0215 0.1323 0.1706 
         404  1 0.0382 0.0466 0.0455 0.0425 0.0396 0.7175 0.0404 0.0297 
         405  1 0.1722 0.1155 0.0097 0.1442 0.1588 0.0925 0.1719 0.1352 
         406  1 0.1444 0.2430 0.0698 0.1340 0.1713 0.0446 0.0703 0.1226 
         407  1 0.0690 0.0973 0.4045 0.0663 0.0775 0.1715 0.0579 0.0559 
         408  1 0.1434 0.1130 0.0098 0.1828 0.1357 0.0220 0.2546 0.1387 
         409  1 0.1161 0.0741 0.0155 0.2010 0.0520 0.2027 0.2740 0.0645 
         410  1 0.2206 0.1096 0.0122 0.1453 0.1730 0.0129 0.1739 0.1526 
         411  1 0.1503 0.1753 0.0220 0.1275 0.2019 0.0099 0.1009 0.2122 
         412  1 0.1329 0.1056 0.0171 0.1809 0.1237 0.0369 0.2692 0.1337 
         413  1 0.1263 0.2034 0.0781 0.1465 0.1602 0.0817 0.0976 0.1061 
         414  1 0.1522 0.1631 0.0289 0.1195 0.1637 0.0228 0.1313 0.2185 
         415  1 0.1854 0.0949 0.0091 0.2319 0.0824 0.0090 0.3106 0.0767 
         416  1 0.2523 0.1332 0.0087 0.1664 0.1699 0.0083 0.1506 0.1106 
         417  1 0.1673 0.2581 0.0115 0.1298 0.2161 0.0169 0.0820 0.1182 
         418  1 0.1726 0.2498 0.0088 0.1550 0.2014 0.0141 0.0974 0.1009 
         419  1 0.1387 0.1567 0.0321 0.1790 0.1048 0.0477 0.2467 0.0943 
         420  1 0.1903 0.1337 0.0390 0.1390 0.1487 0.0466 0.1503 0.1525 
         421  1 0.1398 0.3010 0.0075 0.1533 0.2078 0.0120 0.0654 0.1132 
         422  1 0.2134 0.1407 0.0077 0.1604 0.1759 0.0123 0.1815 0.1080 
         423  1 0.1895 0.1483 0.0123 0.1353 0.1452 0.0240 0.1526 0.1929 
         424  1 0.1787 0.1396 0.0083 0.1856 0.1819 0.0083 0.1882 0.1094 
         425  1 0.2185 0.1339 0.0072 0.1652 0.1662 0.0161 0.1775 0.1154 
         426  1 0.1686 0.1654 0.0574 0.1143 0.1467 0.0220 0.1195 0.2062 
         427  1 0.1751 0.2004 0.0170 0.1409 0.1792 0.0189 0.1332 0.1353 
         428  1 0.1831 0.1623 0.0362 0.1885 0.1255 0.0230 0.1356 0.1457 
         429  1 0.2086 0.1447 0.0083 0.1628 0.1699 0.0202 0.1648 0.1207 
         430  1 0.1677 0.1762 0.0148 0.1685 0.1446 0.0092 0.1650 0.1539 
         431  1 0.1039 0.3596 0.0118 0.1170 0.2077 0.0121 0.0421 0.1458 
         432  1 0.0797 0.0824 0.5255 0.0733 0.0759 0.0445 0.0599 0.0587 
         433  1 0.1720 0.1527 0.0271 0.1482 0.1557 0.0537 0.1505 0.1402 
         434  1 0.1431 0.1818 0.0206 0.1723 0.1482 0.0169 0.1832 0.1339 
         435  1 0.2222 0.1840 0.0108 0.1540 0.1504 0.0235 0.1392 0.1157 
         436  1 0.1825 0.1592 0.0225 0.1425 0.1918 0.0192 0.1517 0.1306 
         437  1 0.1646 0.2202 0.0099 0.1446 0.1952 0.0101 0.1164 0.1390 
         438  1 0.1864 0.1895 0.0095 0.1665 0.1816 0.0162 0.1436 0.1068 
         439  1 0.0859 0.1003 0.4791 0.0758 0.0750 0.0494 0.0630 0.0717 
         440  1 0.1749 0.1941 0.0333 0.1431 0.1848 0.0578 0.1055 0.1065 
         441  1 0.1580 0.1962 0.0201 0.1646 0.1622 0.0247 0.1548 0.1193 
         442  1 0.1371 0.0513 0.0098 0.2754 0.0443 0.0136 0.4154 0.0531 
         443  1 0.1342 0.1717 0.0454 0.2075 0.1097 0.0369 0.2129 0.0816 
         444  1 0.1850 0.1778 0.0659 0.1340 0.1673 0.0183 0.1053 0.1464 
         445  1 0.1129 0.1767 0.0125 0.1067 0.1787 0.1955 0.0738 0.1433 
         446  1 0.1365 0.1858 0.0356 0.1310 0.1653 0.0707 0.1106 0.1646 
         447  1 0.1636 0.2223 0.0362 0.1479 0.1588 0.0164 0.1054 0.1494 
         448  1 0.1442 0.1704 0.0838 0.1411 0.1487 0.0815 0.1204 0.1098 
         449  1 0.1361 0.1769 0.0468 0.1490 0.1453 0.0677 0.1345 0.1436 
         450  1 0.1580 0.2398 0.0254 0.1671 0.1342 0.0522 0.0823 0.1410 
         451  1 0.1269 0.0676 0.0215 0.2824 0.0446 0.0170 0.3893 0.0506 
         452  1 0.1768 0.1543 0.0524 0.1540 0.1590 0.0492 0.1435 0.1108 
         453  1 0.1623 0.1652 0.0545 0.1272 0.1630 0.1065 0.1273 0.0940 
         454  1 0.1352 0.1761 0.0715 0.1238 0.1432 0.0586 0.1006 0.1910 
         455  1 0.1076 0.1854 0.0705 0.1986 0.1287 0.0961 0.1329 0.0803 
         456  1 0.1117 0.1643 0.0629 0.1903 0.1153 0.1516 0.1278 0.0761 
         457  1 0.1323 0.2091 0.0182 0.1256 0.1798 0.1302 0.1006 0.1042 
         458  1 0.1551 0.2088 0.0349 0.1625 0.1428 0.0648 0.0863 0.1447 
         459  1 0.1680 0.1415 0.0089 0.1805 0.1262 0.0146 0.2249 0.1353 
         460  1 0.1322 0.0493 0.0074 0.2865 0.0396 0.0143 0.4255 0.0453 
         461  1 0.1230 0.2174 0.0202 0.1106 0.1614 0.2057 0.0554 0.1064 
         462  1 0.0130 0.0138 0.5212 0.0124 0.0121 0.4046 0.0109 0.0119 
         463  1 0.0104 0.0111 0.0811 0.0103 0.0104 0.8584 0.0087 0.0095 
         464  1 0.0122 0.0131 0.8916 0.0128 0.0124 0.0346 0.0113 0.0120 
         465  1 0.0993 0.2421 0.1381 0.0919 0.1699 0.1232 0.0290 0.1066 
         466  1 0.0230 0.0256 0.0793 0.0186 0.0233 0.7923 0.0178 0.0202 
         467  1 0.0961 0.1524 0.2166 0.1044 0.1117 0.1251 0.1003 0.0934 
         468  1 0.1158 0.1421 0.1370 0.0823 0.1404 0.0699 0.0838 0.2286 
         469  1 0.1417 0.2200 0.0449 0.1374 0.1730 0.0976 0.0766 0.1089 
         470  1 0.0393 0.0519 0.0544 0.0387 0.0507 0.6941 0.0270 0.0439 
         471  1 0.1071 0.1545 0.0945 0.1203 0.1134 0.2523 0.0700 0.0881 
         472  1 0.1374 0.1494 0.0876 0.1091 0.1228 0.2246 0.0824 0.0867 
         473  1 0.1086 0.1271 0.0257 0.1147 0.1345 0.3300 0.0806 0.0788 
         474  1 0.0240 0.0218 0.4745 0.0240 0.0221 0.3902 0.0224 0.0208 
         475  1 0.0507 0.1320 0.1097 0.0520 0.0826 0.4821 0.0269 0.0640 
         476  1 0.0227 0.0285 0.7692 0.0233 0.0261 0.0822 0.0258 0.0222 
         477  1 0.0356 0.0398 0.4813 0.0444 0.0369 0.2772 0.0456 0.0392 
         478  1 0.1104 0.1044 0.3233 0.1090 0.1145 0.0424 0.1002 0.0958 
         479  1 0.0117 0.0125 0.0348 0.0120 0.0113 0.8951 0.0120 0.0106 
         480  1 0.0150 0.0190 0.7835 0.0163 0.0166 0.1217 0.0128 0.0151 
         481  1 0.0327 0.0379 0.6526 0.0331 0.0298 0.1550 0.0279 0.0310 
         482  1 0.0066 0.0072 0.9446 0.0070 0.0068 0.0135 0.0073 0.0068 
         483  1 0.0338 0.0355 0.6609 0.0317 0.0291 0.1529 0.0254 0.0307 
         484  1 0.1496 0.2089 0.1277 0.1118 0.1491 0.0352 0.0965 0.1213 
         485  1 0.0322 0.0656 0.0336 0.0365 0.0341 0.7414 0.0290 0.0276 
         486  1 0.0429 0.0631 0.2263 0.0483 0.0549 0.4749 0.0441 0.0455 
         487  1 0.0079 0.0076 0.9420 0.0073 0.0076 0.0130 0.0068 0.0079 
         488  1 0.0344 0.0430 0.2103 0.0343 0.0374 0.5876 0.0264 0.0266 
         489  1 0.0542 0.1145 0.0294 0.0578 0.0841 0.5637 0.0342 0.0621 
         490  1 0.1153 0.1092 0.0172 0.0984 0.0957 0.3886 0.0893 0.0864 
         491  1 0.0155 0.0156 0.0370 0.0154 0.0143 0.8739 0.0141 0.0141 
         492  1 0.0442 0.0616 0.6324 0.0416 0.0539 0.1072 0.0252 0.0339 
         493  1 0.0172 0.0199 0.6073 0.0173 0.0186 0.2855 0.0164 0.0179 
         494  1 0.0059 0.0061 0.9524 0.0058 0.0060 0.0108 0.0064 0.0066 
         495  1 0.0058 0.0056 0.9558 0.0057 0.0058 0.0096 0.0059 0.0059 
         496  1 0.0300 0.0340 0.1286 0.0308 0.0288 0.6914 0.0270 0.0295 
         497  1 0.1288 0.1934 0.0176 0.1449 0.1321 0.0632 0.1817 0.1384 
         498  1 0.0967 0.1473 0.1859 0.1005 0.1166 0.1622 0.0919 0.0988 
         499  1 0.0118 0.0150 0.0533 0.0138 0.0133 0.8661 0.0132 0.0134 
         500  1 0.0900 0.1448 0.1749 0.1102 0.0928 0.2171 0.0919 0.0783 
         501  1 0.0103 0.0116 0.0381 0.0101 0.0095 0.9019 0.0089 0.0096 
         502  1 0.0149 0.0149 0.8950 0.0150 0.0146 0.0143 0.0151 0.0162 
         503  1 0.0072 0.0084 0.9163 0.0069 0.0075 0.0395 0.0072 0.0072 
         504  1 0.0094 0.0104 0.9153 0.0093 0.0102 0.0264 0.0090 0.0099 
         505  1 0.0477 0.0462 0.1104 0.0432 0.0452 0.6186 0.0458 0.0429 
         506  1 0.0305 0.0340 0.0838 0.0397 0.0298 0.7163 0.0407 0.0252 
         507  1 0.0229 0.0348 0.1128 0.0248 0.0315 0.7267 0.0222 0.0244 
         508  1 0.0613 0.0821 0.1413 0.0574 0.0801 0.4589 0.0470 0.0719 
         509  1 0.0056 0.0057 0.9572 0.0052 0.0056 0.0091 0.0054 0.0062 
         510  1 0.0186 0.0180 0.8292 0.0182 0.0183 0.0610 0.0176 0.0191 
         511  1 0.0103 0.0107 0.9213 0.0103 0.0100 0.0155 0.0110 0.0110 
         512  1 0.0457 0.0477 0.4501 0.0352 0.0348 0.3177 0.0294 0.0393 
         513  1 0.1532 0.1655 0.0920 0.1124 0.1444 0.0254 0.1052 0.2019 
         514  1 0.0178 0.0164 0.6535 0.0200 0.0175 0.2293 0.0252 0.0203 
         515  1 0.0452 0.0568 0.0595 0.0331 0.0535 0.6933 0.0233 0.0353 
         516  1 0.1027 0.1393 0.1294 0.0745 0.1082 0.2419 0.0684 0.1357 
         517  1 0.0119 0.0126 0.0593 0.0129 0.0115 0.8665 0.0135 0.0118 
         518  1 0.0079 0.0080 0.0502 0.0083 0.0075 0.9029 0.0080 0.0072 
         519  1 0.0196 0.0195 0.1321 0.0209 0.0181 0.7516 0.0213 0.0169 
         520  1 0.0341 0.0379 0.2187 0.0292 0.0369 0.5803 0.0284 0.0347 
         521  1 0.0093 0.0107 0.8647 0.0095 0.0100 0.0772 0.0095 0.0091 
         522  1 0.0066 0.0071 0.9436 0.0067 0.0077 0.0150 0.0063 0.0070 
         523  1 0.0965 0.0670 0.0252 0.0768 0.0651 0.5249 0.0883 0.0562 
         524  1 0.0173 0.0210 0.0304 0.0169 0.0179 0.8668 0.0161 0.0135 
         525  1 0.0141 0.0184 0.0296 0.0167 0.0158 0.8758 0.0154 0.0142 
         526  1 0.0160 0.0164 0.0262 0.0170 0.0166 0.8783 0.0160 0.0136 
         527  1 0.0314 0.0318 0.0826 0.0284 0.0306 0.7484 0.0243 0.0225 
         528  1 0.0348 0.0361 0.0479 0.0336 0.0334 0.7586 0.0279 0.0278 
         529  1 0.0524 0.0782 0.0687 0.0462 0.0625 0.6117 0.0355 0.0447 
         530  1 0.0114 0.0107 0.2714 0.0100 0.0107 0.6663 0.0093 0.0102 
         531  1 0.0247 0.0275 0.1612 0.0293 0.0231 0.6846 0.0262 0.0234 
         532  1 0.0139 0.0138 0.0668 0.0139 0.0135 0.8482 0.0161 0.0138 
         533  1 0.0240 0.0275 0.5248 0.0203 0.0234 0.3355 0.0205 0.0239 
         534  1 0.0166 0.0234 0.8427 0.0189 0.0189 0.0443 0.0179 0.0173 
         535  1 0.0118 0.0129 0.0604 0.0126 0.0130 0.8636 0.0130 0.0124 
         536  1 0.0052 0.0056 0.9574 0.0051 0.0051 0.0118 0.0048 0.0051 
         537  1 0.0162 0.0161 0.7975 0.0163 0.0145 0.1042 0.0175 0.0176 
         538  1 0.0064 0.0067 0.9336 0.0064 0.0063 0.0281 0.0063 0.0063 
         539  1 0.0059 0.0062 0.9418 0.0057 0.0056 0.0239 0.0054 0.0055 
         540  1 0.0102 0.0100 0.9244 0.0103 0.0103 0.0134 0.0106 0.0109 
         541  1 0.1367 0.2240 0.1391 0.1059 0.1493 0.0536 0.0750 0.1165 
         542  1 0.0087 0.0092 0.8997 0.0088 0.0094 0.0455 0.0092 0.0093 
         543  1 0.0114 0.0121 0.9191 0.0128 0.0120 0.0093 0.0112 0.0121 
         544  1 0.0082 0.0088 0.9414 0.0084 0.0085 0.0079 0.0088 0.0081 
         545  1 0.0086 0.0094 0.8234 0.0087 0.0085 0.1248 0.0084 0.0081 
         546  1 0.0823 0.0818 0.0508 0.0853 0.0751 0.4599 0.0974 0.0675 
         547  1 0.0396 0.0490 0.5903 0.0390 0.0362 0.1715 0.0327 0.0416 
