           1  1 0.0384 0.0413 0.0440 0.0415 0.7926 0.0421 
           2  1 0.0446 0.0307 0.0233 0.0324 0.8247 0.0442 
           3  1 0.0196 0.0200 0.0205 0.0209 0.8991 0.0200 
           4  1 0.0346 0.0275 0.0300 0.0299 0.8447 0.0334 
           5  1 0.0173 0.0180 0.0170 0.0172 0.9151 0.0153 
           6  1 0.0167 0.0164 0.0156 0.0170 0.9175 0.0169 
           7  1 0.0510 0.0350 0.0372 0.0369 0.7907 0.0492 
           8  1 0.0201 0.0186 0.0168 0.0183 0.9086 0.0176 
           9  1 0.0186 0.0215 0.0212 0.0216 0.8973 0.0197 
          10  1 0.0161 0.0129 0.0125 0.0139 0.9311 0.0135 
          11  1 0.0248 0.0250 0.0235 0.0235 0.8814 0.0218 
          12  1 0.1540 0.1576 0.1736 0.1600 0.2130 0.1419 
          13  1 0.0561 0.0548 0.0578 0.0534 0.7248 0.0530 
          14  1 0.1087 0.1297 0.1502 0.1203 0.3486 0.1425 
          15  1 0.0789 0.0793 0.1017 0.0915 0.5601 0.0884 
          16  1 0.2177 0.2124 0.1640 0.2442 0.0100 0.1518 
          17  1 0.2374 0.2505 0.1106 0.2150 0.0082 0.1783 
          18  1 0.2418 0.2387 0.1099 0.2130 0.0105 0.1861 
          19  1 0.2592 0.1885 0.1165 0.1716 0.0242 0.2400 
          20  1 0.0951 0.2025 0.3056 0.1826 0.0101 0.2040 
          21  1 0.3112 0.1829 0.0748 0.1336 0.0120 0.2855 
          22  1 0.1903 0.1637 0.1428 0.1625 0.1414 0.1993 
          23  1 0.1624 0.2003 0.2093 0.1814 0.0382 0.2085 
          24  1 0.2059 0.1758 0.1904 0.1700 0.0242 0.2337 
          25  1 0.2632 0.1893 0.1427 0.2398 0.0211 0.1438 
          26  1 0.1555 0.1764 0.2575 0.1638 0.0523 0.1945 
          27  1 0.1501 0.2078 0.2358 0.1983 0.0135 0.1944 
          28  1 0.2274 0.1970 0.1576 0.2014 0.0088 0.2078 
          29  1 0.2606 0.1782 0.1480 0.2550 0.0101 0.1480 
          30  1 0.3014 0.2025 0.0881 0.1603 0.0183 0.2293 
          31  1 0.1152 0.1236 0.1225 0.1321 0.3939 0.1128 
          32  1 0.2557 0.1879 0.1018 0.1785 0.0099 0.2663 
          33  1 0.1963 0.1956 0.1706 0.1869 0.0127 0.2380 
          34  1 0.1014 0.1047 0.1113 0.0981 0.4692 0.1153 
          35  1 0.1973 0.1845 0.1961 0.2217 0.0380 0.1623 
          36  1 0.2690 0.1620 0.1537 0.2298 0.0320 0.1535 
          37  1 0.1463 0.1900 0.2264 0.1828 0.0607 0.1938 
          38  1 0.2295 0.1959 0.1535 0.2048 0.0150 0.2012 
          39  1 0.2504 0.1895 0.1484 0.2336 0.0111 0.1670 
          40  1 0.1956 0.2006 0.1930 0.1957 0.0101 0.2050 
          41  1 0.1715 0.2189 0.2214 0.2023 0.0168 0.1691 
          42  1 0.2116 0.1622 0.2093 0.1890 0.0198 0.2080 
          43  1 0.1742 0.1844 0.2474 0.1968 0.0258 0.1713 
          44  1 0.2622 0.1928 0.1328 0.2604 0.0087 0.1430 
          45  1 0.1683 0.1879 0.2250 0.2132 0.0151 0.1906 
          46  1 0.1948 0.2405 0.1513 0.2268 0.0234 0.1632 
          47  1 0.1334 0.1861 0.2780 0.1828 0.0229 0.1967 
          48  1 0.2571 0.1595 0.1506 0.1816 0.0321 0.2191 
          49  1 0.2166 0.2007 0.1533 0.1743 0.0421 0.2131 
          50  1 0.1254 0.1981 0.2604 0.1886 0.0635 0.1640 
          51  1 0.1352 0.2177 0.2413 0.1806 0.0384 0.1869 
          52  1 0.2274 0.1764 0.1413 0.1993 0.0421 0.2135 
          53  1 0.3170 0.1595 0.0841 0.1543 0.0230 0.2620 
          54  1 0.1440 0.2159 0.2602 0.1898 0.0097 0.1803 
          55  1 0.2851 0.2326 0.0847 0.1621 0.0084 0.2269 
          56  1 0.1485 0.1895 0.2436 0.1975 0.0202 0.2007 
          57  1 0.1800 0.1652 0.2504 0.1960 0.0555 0.1528 
          58  1 0.2319 0.2188 0.1447 0.1944 0.0197 0.1906 
          59  1 0.2000 0.1978 0.1665 0.2092 0.0116 0.2149 
          60  1 0.2581 0.1635 0.1460 0.1833 0.0295 0.2195 
          61  1 0.1204 0.2141 0.2766 0.1697 0.0067 0.2126 
          62  1 0.2284 0.2023 0.1508 0.2207 0.0160 0.1818 
          63  1 0.1392 0.2308 0.2334 0.1935 0.0289 0.1742 
          64  1 0.2050 0.1776 0.2037 0.1929 0.0196 0.2013 
          65  1 0.1454 0.1905 0.2319 0.2436 0.0093 0.1792 
          66  1 0.1537 0.1895 0.2265 0.2316 0.0114 0.1873 
          67  1 0.2417 0.2293 0.1027 0.2369 0.0134 0.1761 
          68  1 0.0999 0.2136 0.3099 0.1464 0.0287 0.2014 
          69  1 0.1588 0.2098 0.2363 0.1988 0.0085 0.1879 
          70  1 0.2855 0.2042 0.1081 0.1576 0.0153 0.2294 
          71  1 0.1268 0.2230 0.2714 0.1628 0.0126 0.2033 
          72  1 0.2157 0.2549 0.1187 0.2344 0.0051 0.1712 
          73  1 0.1797 0.1951 0.1899 0.2030 0.0373 0.1949 
          74  1 0.1875 0.2351 0.1694 0.2021 0.0076 0.1982 
          75  1 0.2443 0.1714 0.1859 0.2189 0.0168 0.1627 
          76  1 0.1051 0.1832 0.2874 0.1561 0.0812 0.1870 
          77  1 0.2719 0.1522 0.1232 0.2261 0.0806 0.1460 
          78  1 0.1245 0.2137 0.2565 0.2024 0.0149 0.1880 
          79  1 0.1972 0.2189 0.1774 0.1686 0.0084 0.2296 
          80  1 0.1036 0.2062 0.3064 0.1711 0.0170 0.1957 
          81  1 0.2110 0.1989 0.1693 0.1791 0.0168 0.2249 
          82  1 0.0638 0.1851 0.3658 0.1540 0.0077 0.2236 
          83  1 0.1392 0.2111 0.2570 0.1751 0.0150 0.2026 
          84  1 0.1463 0.1997 0.2667 0.1576 0.0156 0.2141 
          85  1 0.2013 0.1997 0.2036 0.2045 0.0143 0.1766 
          86  1 0.2390 0.2404 0.1165 0.1962 0.0221 0.1858 
          87  1 0.1535 0.1829 0.2316 0.2535 0.0082 0.1703 
          88  1 0.1600 0.2247 0.2188 0.2115 0.0211 0.1639 
          89  1 0.0735 0.1799 0.3626 0.1695 0.0098 0.2046 
          90  1 0.1391 0.1954 0.2602 0.2007 0.0104 0.1943 
          91  1 0.1905 0.2151 0.1876 0.2121 0.0101 0.1847 
          92  1 0.2045 0.2044 0.1855 0.2047 0.0087 0.1923 
          93  1 0.2437 0.2352 0.1058 0.2266 0.0194 0.1693 
          94  1 0.2433 0.1959 0.1373 0.1757 0.0058 0.2419 
          95  1 0.2139 0.2115 0.1631 0.1816 0.0133 0.2166 
          96  1 0.1723 0.1618 0.1722 0.1584 0.1483 0.1870 
          97  1 0.2082 0.2137 0.1568 0.2088 0.0114 0.2011 
          98  1 0.2577 0.1833 0.1430 0.1831 0.0186 0.2144 
          99  1 0.1903 0.1771 0.2177 0.2000 0.0206 0.1942 
         100  1 0.1885 0.2163 0.2001 0.1694 0.0233 0.2023 
         101  1 0.2187 0.1797 0.2024 0.2098 0.0216 0.1678 
         102  1 0.1914 0.2057 0.1957 0.2182 0.0111 0.1778 
         103  1 0.1971 0.2160 0.1557 0.1899 0.0441 0.1971 
         104  1 0.1261 0.1818 0.2878 0.1987 0.0094 0.1962 
         105  1 0.0898 0.2012 0.3081 0.1984 0.0179 0.1846 
         106  1 0.0927 0.2031 0.3153 0.2031 0.0182 0.1675 
         107  1 0.1462 0.1803 0.2188 0.1835 0.0887 0.1825 
         108  1 0.2680 0.1880 0.1308 0.1581 0.0065 0.2488 
         109  1 0.2224 0.2165 0.1398 0.1677 0.0291 0.2245 
         110  1 0.1494 0.2019 0.2565 0.1950 0.0093 0.1879 
         111  1 0.2634 0.2178 0.1231 0.2386 0.0180 0.1390 
         112  1 0.2581 0.2299 0.1059 0.1822 0.0118 0.2120 
         113  1 0.1470 0.2104 0.2433 0.1909 0.0058 0.2026 
         114  1 0.1439 0.1752 0.2373 0.1764 0.0646 0.2026 
         115  1 0.1454 0.2227 0.2349 0.1865 0.0096 0.2009 
         116  1 0.1339 0.1968 0.2649 0.1981 0.0235 0.1828 
         117  1 0.1636 0.2062 0.2167 0.2152 0.0127 0.1856 
         118  1 0.2515 0.2098 0.1390 0.1502 0.0170 0.2325 
         119  1 0.2409 0.2264 0.1189 0.1756 0.0172 0.2210 
         120  1 0.1612 0.1584 0.1653 0.1694 0.1800 0.1658 
         121  1 0.1964 0.1766 0.1852 0.1502 0.0666 0.2250 
         122  1 0.1973 0.1867 0.1969 0.2389 0.0059 0.1743 
         123  1 0.1577 0.2157 0.2155 0.1833 0.0112 0.2166 
         124  1 0.1911 0.1931 0.2033 0.1716 0.0174 0.2236 
         125  1 0.1490 0.1989 0.2283 0.2485 0.0066 0.1687 
         126  1 0.2402 0.2083 0.1293 0.2206 0.0064 0.1952 
         127  1 0.2369 0.1797 0.1717 0.2400 0.0252 0.1464 
         128  1 0.1855 0.1827 0.2232 0.2025 0.0203 0.1857 
         129  1 0.1492 0.1907 0.2307 0.2201 0.0168 0.1926 
         130  1 0.2359 0.2291 0.1137 0.1587 0.0156 0.2470 
         131  1 0.2275 0.2393 0.1364 0.2250 0.0113 0.1605 
         132  1 0.1713 0.1714 0.2166 0.1481 0.0790 0.2137 
         133  1 0.2027 0.2140 0.1543 0.2127 0.0070 0.2093 
         134  1 0.2226 0.2158 0.1533 0.2354 0.0082 0.1647 
         135  1 0.2967 0.1850 0.0950 0.1395 0.0056 0.2783 
         136  1 0.1421 0.1957 0.2460 0.2265 0.0054 0.1843 
         137  1 0.2152 0.2338 0.1391 0.1833 0.0294 0.1992 
         138  1 0.1835 0.1754 0.2238 0.1944 0.0334 0.1894 
         139  1 0.1855 0.1886 0.1969 0.2274 0.0139 0.1876 
         140  1 0.2538 0.1589 0.1290 0.1509 0.0690 0.2385 
         141  1 0.2544 0.1807 0.1562 0.2494 0.0072 0.1520 
         142  1 0.2555 0.2278 0.1187 0.2060 0.0154 0.1766 
         143  1 0.0934 0.0926 0.0925 0.0962 0.5352 0.0901 
         144  1 0.1561 0.2190 0.2253 0.2213 0.0106 0.1678 
         145  1 0.1587 0.1929 0.2065 0.1826 0.0468 0.2125 
         146  1 0.3189 0.1735 0.0848 0.1385 0.0061 0.2782 
         147  1 0.1197 0.1545 0.2059 0.1578 0.2101 0.1519 
         148  1 0.2368 0.2202 0.1404 0.1936 0.0204 0.1886 
         149  1 0.2621 0.1865 0.1524 0.2324 0.0225 0.1439 
         150  1 0.1690 0.2116 0.2168 0.1793 0.0243 0.1990 
         151  1 0.2928 0.1589 0.1186 0.1624 0.0183 0.2491 
         152  1 0.2425 0.1946 0.1400 0.1673 0.0108 0.2448 
         153  1 0.1880 0.1522 0.2743 0.1829 0.0163 0.1864 
         154  1 0.3054 0.1876 0.0743 0.1450 0.0060 0.2817 
         155  1 0.2410 0.1912 0.1629 0.2244 0.0247 0.1557 
         156  1 0.2195 0.1924 0.1894 0.2040 0.0130 0.1818 
         157  1 0.2073 0.2020 0.1770 0.2163 0.0336 0.1638 
         158  1 0.1623 0.1824 0.2342 0.2270 0.0097 0.1844 
         159  1 0.1143 0.2249 0.2974 0.1544 0.0110 0.1980 
         160  1 0.1494 0.1961 0.2299 0.2263 0.0081 0.1902 
         161  1 0.2490 0.1635 0.1694 0.2070 0.0410 0.1701 
         162  1 0.2435 0.2011 0.1434 0.2376 0.0217 0.1527 
         163  1 0.2466 0.2286 0.1230 0.1751 0.0120 0.2147 
         164  1 0.1278 0.2210 0.2636 0.1843 0.0063 0.1969 
         165  1 0.1522 0.2081 0.2093 0.2097 0.0440 0.1767 
         166  1 0.2702 0.1634 0.1343 0.1677 0.0223 0.2421 
         167  1 0.1994 0.1821 0.2201 0.2181 0.0089 0.1714 
         168  1 0.2478 0.1791 0.1493 0.1822 0.0187 0.2228 
         169  1 0.1511 0.2005 0.2309 0.1916 0.0522 0.1737 
         170  1 0.2149 0.2316 0.1437 0.2160 0.0211 0.1728 
         171  1 0.2278 0.2488 0.1116 0.2338 0.0086 0.1694 
         172  1 0.2414 0.2087 0.1505 0.2141 0.0149 0.1704 
         173  1 0.1794 0.1744 0.2043 0.2095 0.0577 0.1748 
         174  1 0.1351 0.1866 0.2634 0.1856 0.0271 0.2023 
         175  1 0.1210 0.2039 0.2656 0.1976 0.0191 0.1927 
         176  1 0.1917 0.1785 0.1984 0.2068 0.0231 0.2015 
         177  1 0.1879 0.2332 0.1605 0.2073 0.0200 0.1911 
         178  1 0.1627 0.2007 0.1962 0.2064 0.0486 0.1855 
         179  1 0.3201 0.1829 0.0730 0.1551 0.0089 0.2600 
         180  1 0.2300 0.1866 0.1870 0.2258 0.0171 0.1536 
         181  1 0.1666 0.1670 0.1775 0.1989 0.1377 0.1523 
         182  1 0.2284 0.2031 0.1552 0.2046 0.0264 0.1823 
         183  1 0.1120 0.2098 0.2884 0.1820 0.0174 0.1904 
         184  1 0.2598 0.1867 0.1270 0.1590 0.0392 0.2282 
         185  1 0.1837 0.1987 0.1840 0.2426 0.0284 0.1626 
         186  1 0.1761 0.2028 0.2015 0.2310 0.0146 0.1741 
         187  1 0.1468 0.2052 0.2601 0.1862 0.0174 0.1843 
         188  1 0.1702 0.1867 0.2197 0.1790 0.0239 0.2206 
         189  1 0.3212 0.1860 0.0833 0.1592 0.0189 0.2314 
         190  1 0.2400 0.1813 0.1572 0.1797 0.0174 0.2244 
         191  1 0.2470 0.1915 0.1579 0.2332 0.0318 0.1387 
         192  1 0.2223 0.1942 0.1721 0.1852 0.0135 0.2127 
         193  1 0.1435 0.1787 0.2682 0.1584 0.0667 0.1845 
         194  1 0.2445 0.1831 0.1421 0.1884 0.0258 0.2162 
         195  1 0.2138 0.2102 0.1567 0.1640 0.0352 0.2201 
         196  1 0.1348 0.1851 0.2147 0.1773 0.1224 0.1658 
         197  1 0.2658 0.2281 0.0992 0.1557 0.0068 0.2444 
         198  1 0.2753 0.1846 0.1177 0.1710 0.0102 0.2411 
         199  1 0.2387 0.2331 0.1141 0.1968 0.0111 0.2062 
         200  1 0.1660 0.1989 0.2227 0.2017 0.0129 0.1978 
         201  1 0.1816 0.2172 0.1865 0.2226 0.0137 0.1783 
         202  1 0.1356 0.1856 0.2569 0.1665 0.0882 0.1671 
         203  1 0.2535 0.1922 0.1565 0.2447 0.0192 0.1339 
         204  1 0.1939 0.2250 0.1647 0.2200 0.0248 0.1716 
         205  1 0.1608 0.2087 0.2121 0.2019 0.0078 0.2087 
         206  1 0.1591 0.2265 0.2166 0.1908 0.0120 0.1951 
         207  1 0.1971 0.2002 0.1948 0.1641 0.0179 0.2259 
         208  1 0.2045 0.1911 0.1953 0.2151 0.0472 0.1468 
         209  1 0.1221 0.1897 0.2851 0.1972 0.0104 0.1955 
         210  1 0.1982 0.2205 0.1750 0.2389 0.0082 0.1592 
         211  1 0.2474 0.1778 0.1381 0.1729 0.0083 0.2556 
         212  1 0.1758 0.1900 0.2129 0.2142 0.0175 0.1895 
         213  1 0.1552 0.1977 0.2318 0.1779 0.0550 0.1825 
         214  1 0.1676 0.2043 0.2270 0.1812 0.0110 0.2088 
         215  1 0.1358 0.2141 0.2523 0.1840 0.0177 0.1961 
         216  1 0.2295 0.1793 0.1679 0.1605 0.0292 0.2336 
         217  1 0.1923 0.1746 0.2373 0.1989 0.0291 0.1678 
         218  1 0.1875 0.1867 0.1992 0.2416 0.0231 0.1619 
         219  1 0.2758 0.1751 0.1428 0.2385 0.0089 0.1589 
         220  1 0.1267 0.1970 0.3050 0.1497 0.0250 0.1965 
         221  1 0.1982 0.2192 0.1652 0.1984 0.0073 0.2117 
         222  1 0.1529 0.1961 0.2256 0.2151 0.0062 0.2041 
         223  1 0.2191 0.2039 0.1520 0.2114 0.0244 0.1893 
         224  1 0.2595 0.1748 0.1446 0.1613 0.0080 0.2517 
         225  1 0.2399 0.2224 0.1308 0.1987 0.0063 0.2020 
         226  1 0.1790 0.1789 0.2111 0.2231 0.0117 0.1962 
         227  1 0.1192 0.1963 0.3061 0.1626 0.0099 0.2059 
         228  1 0.1506 0.1673 0.2455 0.2185 0.0367 0.1813 
         229  1 0.2672 0.1920 0.0917 0.1672 0.0087 0.2732 
         230  1 0.1107 0.2140 0.2854 0.1841 0.0182 0.1877 
         231  1 0.1243 0.1988 0.2693 0.1932 0.0206 0.1939 
         232  1 0.1311 0.2025 0.2366 0.2164 0.0076 0.2057 
         233  1 0.2058 0.1841 0.1974 0.1775 0.0198 0.2154 
         234  1 0.1826 0.2393 0.1828 0.1741 0.0097 0.2116 
         235  1 0.1840 0.1739 0.2099 0.2308 0.0171 0.1843 
         236  1 0.2214 0.1799 0.1804 0.2124 0.0566 0.1493 
         237  1 0.1593 0.1924 0.2536 0.1917 0.0072 0.1957 
         238  1 0.1887 0.1818 0.1971 0.1697 0.0242 0.2385 
         239  1 0.1686 0.1910 0.2013 0.1711 0.1036 0.1645 
         240  1 0.2381 0.2282 0.1208 0.1921 0.0075 0.2132 
         241  1 0.2505 0.2174 0.1264 0.1868 0.0073 0.2116 
         242  1 0.1507 0.2043 0.2316 0.1787 0.0235 0.2112 
         243  1 0.2479 0.1793 0.1377 0.1851 0.0134 0.2366 
         244  1 0.2418 0.1740 0.1502 0.2086 0.0357 0.1897 
         245  1 0.2100 0.2237 0.1481 0.2411 0.0077 0.1694 
         246  1 0.1650 0.1960 0.1850 0.1846 0.1258 0.1436 
         247  1 0.2051 0.1901 0.2092 0.2106 0.0146 0.1705 
         248  1 0.2331 0.1896 0.1502 0.2118 0.0334 0.1820 
         249  1 0.1002 0.2145 0.2952 0.1616 0.0257 0.2028 
         250  1 0.1540 0.2062 0.2353 0.2151 0.0124 0.1771 
         251  1 0.2437 0.2322 0.1217 0.1602 0.0102 0.2320 
         252  1 0.1012 0.1069 0.1295 0.1153 0.4393 0.1079 
         253  1 0.2810 0.1643 0.1143 0.1378 0.0561 0.2466 
         254  1 0.1736 0.2188 0.2031 0.2119 0.0076 0.1850 
         255  1 0.2203 0.2527 0.1327 0.2045 0.0173 0.1725 
         256  1 0.2034 0.2370 0.1498 0.2065 0.0096 0.1938 
         257  1 0.1585 0.1974 0.2138 0.2370 0.0078 0.1855 
         258  1 0.2343 0.1798 0.1828 0.1805 0.0152 0.2073 
         259  1 0.2800 0.1644 0.1223 0.1625 0.0363 0.2345 
         260  1 0.2030 0.1874 0.1818 0.2160 0.0096 0.2022 
         261  1 0.1168 0.2007 0.2767 0.2042 0.0224 0.1792 
         262  1 0.1471 0.1933 0.2334 0.1836 0.0419 0.2008 
         263  1 0.1729 0.2086 0.2093 0.1853 0.0312 0.1927 
         264  1 0.1929 0.2440 0.1438 0.2112 0.0192 0.1889 
         265  1 0.2230 0.1918 0.1598 0.1987 0.0137 0.2131 
         266  1 0.2604 0.2204 0.0991 0.2336 0.0120 0.1746 
         267  1 0.2223 0.1698 0.1768 0.2054 0.0665 0.1592 
         268  1 0.2021 0.1907 0.2092 0.2045 0.0122 0.1813 
         269  1 0.2078 0.1713 0.1731 0.2007 0.0104 0.2367 
         270  1 0.2345 0.1952 0.1489 0.2361 0.0060 0.1792 
         271  1 0.2690 0.2150 0.1101 0.2225 0.0122 0.1712 
         272  1 0.2890 0.1788 0.0953 0.1579 0.0261 0.2529 
         273  1 0.1818 0.1926 0.2224 0.1543 0.0215 0.2274 
         274  1 0.1305 0.1862 0.2885 0.1697 0.0313 0.1937 
         275  1 0.1647 0.2118 0.2442 0.2112 0.0105 0.1576 
         276  1 0.1746 0.1783 0.2286 0.2075 0.0138 0.1972 
         277  1 0.2971 0.2184 0.0651 0.1443 0.0072 0.2679 
         278  1 0.3438 0.1625 0.0638 0.1428 0.0085 0.2786 
         279  1 0.2485 0.2122 0.1252 0.2177 0.0199 0.1765 
         280  1 0.1858 0.2105 0.1975 0.2022 0.0105 0.1935 
         281  1 0.2429 0.2201 0.1119 0.2300 0.0184 0.1767 
         282  1 0.2394 0.2017 0.1302 0.1656 0.0180 0.2451 
         283  1 0.2629 0.2290 0.1113 0.1747 0.0134 0.2087 
         284  1 0.2397 0.1871 0.1656 0.1773 0.0087 0.2216 
         285  1 0.1708 0.1926 0.2586 0.1902 0.0148 0.1730 
         286  1 0.1178 0.1937 0.2856 0.1906 0.0171 0.1952 
         287  1 0.2103 0.2150 0.1636 0.1982 0.0105 0.2025 
         288  1 0.2119 0.2166 0.1685 0.1767 0.0173 0.2090 
         289  1 0.2212 0.1832 0.1660 0.1930 0.0168 0.2198 
         290  1 0.3156 0.1755 0.0786 0.1490 0.0205 0.2607 
         291  1 0.2735 0.1825 0.1304 0.2220 0.0299 0.1618 
         292  1 0.2015 0.2109 0.1856 0.2013 0.0088 0.1919 
         293  1 0.1732 0.1995 0.2416 0.1855 0.0092 0.1911 
         294  1 0.2475 0.2227 0.1010 0.1520 0.0239 0.2529 
         295  1 0.2325 0.1883 0.1424 0.2118 0.0170 0.2079 
         296  1 0.1652 0.1995 0.2055 0.2138 0.0251 0.1909 
         297  1 0.2026 0.1687 0.1755 0.2198 0.0923 0.1411 
         298  1 0.1567 0.1848 0.2447 0.2165 0.0179 0.1795 
         299  1 0.1199 0.2101 0.2572 0.2181 0.0057 0.1890 
         300  1 0.1809 0.2007 0.2240 0.1736 0.0281 0.1928 
         301  1 0.1575 0.1709 0.2314 0.1964 0.0214 0.2224 
         302  1 0.1522 0.2012 0.2028 0.2402 0.0140 0.1896 
         303  1 0.1749 0.1971 0.2046 0.2102 0.0439 0.1694 
         304  1 0.2602 0.1944 0.1237 0.1574 0.0145 0.2499 
         305  1 0.2894 0.1853 0.1108 0.1435 0.0093 0.2617 
         306  1 0.1476 0.2067 0.2375 0.2134 0.0110 0.1837 
         307  1 0.1405 0.2018 0.2656 0.1980 0.0205 0.1735 
         308  1 0.1573 0.1827 0.2697 0.1494 0.0169 0.2240 
         309  1 0.3086 0.1618 0.0897 0.1704 0.0111 0.2583 
         310  1 0.2431 0.1887 0.1686 0.2069 0.0138 0.1789 
         311  1 0.1347 0.2080 0.2720 0.1695 0.0230 0.1928 
         312  1 0.1033 0.1941 0.3140 0.1453 0.0199 0.2235 
         313  1 0.2477 0.2017 0.1366 0.1899 0.0165 0.2077 
         314  1 0.1724 0.1884 0.2349 0.2072 0.0087 0.1884 
         315  1 0.1452 0.2000 0.2317 0.1682 0.0615 0.1934 
         316  1 0.1130 0.1910 0.2856 0.1707 0.0548 0.1849 
         317  1 0.1637 0.2053 0.1998 0.2078 0.0596 0.1639 
         318  1 0.2477 0.1748 0.1636 0.2361 0.0105 0.1672 
         319  1 0.2787 0.2367 0.0954 0.1535 0.0089 0.2269 
         320  1 0.1702 0.2100 0.2089 0.2137 0.0067 0.1906 
         321  1 0.1826 0.2206 0.1887 0.2283 0.0134 0.1665 
         322  1 0.2637 0.2320 0.0910 0.1800 0.0262 0.2072 
         323  1 0.2367 0.1892 0.1279 0.1640 0.0137 0.2685 
         324  1 0.2048 0.1889 0.2122 0.2070 0.0132 0.1740 
         325  1 0.1664 0.2034 0.2063 0.2057 0.0057 0.2124 
         326  1 0.1956 0.2027 0.1839 0.1861 0.0080 0.2238 
         327  1 0.1701 0.1958 0.2359 0.1905 0.0270 0.1808 
         328  1 0.1851 0.1997 0.1681 0.2188 0.0799 0.1484 
         329  1 0.2369 0.1882 0.1557 0.1821 0.0084 0.2288 
         330  1 0.1831 0.2363 0.1552 0.2035 0.0352 0.1868 
         331  1 0.2200 0.2019 0.1535 0.1922 0.0154 0.2169 
         332  1 0.2434 0.2150 0.1225 0.2293 0.0223 0.1675 
         333  1 0.2170 0.1820 0.1916 0.2044 0.0215 0.1836 
         334  1 0.2696 0.1563 0.1088 0.2233 0.1134 0.1286 
         335  1 0.2269 0.2330 0.1239 0.2541 0.0074 0.1546 
         336  1 0.2420 0.1874 0.1363 0.1767 0.0118 0.2459 
         337  1 0.2186 0.2165 0.1459 0.1923 0.0343 0.1924 
         338  1 0.2569 0.1850 0.1269 0.1752 0.0302 0.2257 
         339  1 0.1917 0.1798 0.1675 0.1673 0.0972 0.1966 
         340  1 0.2422 0.1571 0.1958 0.2230 0.0151 0.1668 
         341  1 0.2034 0.2339 0.1551 0.2489 0.0148 0.1438 
         342  1 0.0822 0.1421 0.1834 0.1249 0.3490 0.1185 
         343  1 0.2021 0.2046 0.1784 0.2118 0.0258 0.1773 
         344  1 0.2071 0.2070 0.1752 0.2297 0.0198 0.1611 
         345  1 0.2060 0.1921 0.1608 0.1911 0.0332 0.2168 
         346  1 0.2594 0.1855 0.1456 0.2438 0.0174 0.1483 
         347  1 0.1293 0.1806 0.2816 0.1448 0.0433 0.2204 
         348  1 0.1258 0.2237 0.2746 0.1832 0.0054 0.1874 
         349  1 0.1247 0.1549 0.2343 0.1489 0.1492 0.1879 
         350  1 0.1493 0.1889 0.2458 0.2070 0.0167 0.1923 
         351  1 0.2081 0.2235 0.1407 0.2474 0.0114 0.1688 
         352  1 0.1886 0.1960 0.1854 0.1808 0.0069 0.2422 
         353  1 0.2274 0.2465 0.1257 0.2190 0.0081 0.1732 
         354  1 0.1398 0.1997 0.2486 0.1996 0.0117 0.2007 
         355  1 0.1161 0.1958 0.3116 0.1783 0.0171 0.1811 
         356  1 0.1667 0.1971 0.2234 0.1986 0.0437 0.1705 
         357  1 0.1790 0.1896 0.2105 0.2194 0.0111 0.1905 
         358  1 0.1414 0.1951 0.2482 0.2253 0.0073 0.1828 
         359  1 0.1552 0.1548 0.1615 0.1705 0.1919 0.1661 
         360  1 0.2152 0.1967 0.1856 0.2179 0.0178 0.1668 
         361  1 0.1378 0.1828 0.2324 0.1473 0.1213 0.1784 
         362  1 0.1238 0.2059 0.2866 0.1396 0.0247 0.2193 
         363  1 0.1642 0.1902 0.2348 0.2248 0.0074 0.1786 
         364  1 0.2152 0.2179 0.1437 0.1746 0.0481 0.2006 
         365  1 0.1969 0.1714 0.1643 0.2028 0.1162 0.1483 
         366  1 0.1810 0.1872 0.2149 0.2024 0.0212 0.1935 
         367  1 0.2383 0.2019 0.1496 0.1640 0.0179 0.2283 
         368  1 0.2587 0.2490 0.0934 0.1768 0.0112 0.2109 
         369  1 0.1503 0.1786 0.2854 0.1564 0.0076 0.2218 
         370  1 0.2578 0.1790 0.1476 0.2044 0.0091 0.2022 
         371  1 0.1890 0.2511 0.1619 0.2279 0.0105 0.1596 
         372  1 0.1014 0.1915 0.2915 0.1424 0.0718 0.2015 
         373  1 0.1263 0.1655 0.2858 0.1748 0.0661 0.1816 
         374  1 0.2374 0.2034 0.1205 0.1826 0.0620 0.1941 
         375  1 0.1760 0.1928 0.2251 0.1944 0.0171 0.1946 
         376  1 0.2030 0.1932 0.1830 0.2144 0.0088 0.1976 
         377  1 0.1289 0.2028 0.2513 0.2055 0.0214 0.1902 
         378  1 0.1847 0.1976 0.1814 0.2111 0.0181 0.2072 
         379  1 0.1026 0.1999 0.3069 0.1669 0.0220 0.2017 
         380  1 0.2554 0.2411 0.0949 0.2234 0.0095 0.1758 
         381  1 0.2355 0.2038 0.1538 0.2312 0.0161 0.1596 
         382  1 0.2369 0.1872 0.1624 0.2296 0.0114 0.1725 
         383  1 0.1669 0.2055 0.2263 0.1940 0.0113 0.1959 
         384  1 0.1466 0.2107 0.2198 0.2067 0.0124 0.2037 
         385  1 0.1800 0.1790 0.2099 0.1928 0.0156 0.2227 
         386  1 0.1425 0.2114 0.2278 0.2075 0.0181 0.1926 
         387  1 0.1925 0.2016 0.1752 0.1993 0.0188 0.2126 
         388  1 0.2451 0.1630 0.1576 0.2455 0.0630 0.1257 
         389  1 0.1639 0.1975 0.2375 0.1951 0.0080 0.1982 
         390  1 0.2241 0.2322 0.1246 0.2321 0.0104 0.1765 
         391  1 0.2971 0.1803 0.1120 0.1946 0.0168 0.1991 
         392  1 0.1845 0.1820 0.2131 0.1966 0.0223 0.2015 
         393  1 0.1889 0.1892 0.2020 0.2053 0.0112 0.2035 
         394  1 0.1545 0.2124 0.2286 0.2064 0.0246 0.1735 
         395  1 0.1594 0.1676 0.1778 0.1504 0.1559 0.1889 
         396  1 0.1825 0.1979 0.2202 0.1931 0.0065 0.1998 
         397  1 0.2187 0.2060 0.1697 0.2494 0.0213 0.1350 
         398  1 0.2508 0.1944 0.1296 0.1808 0.0182 0.2261 
         399  1 0.1589 0.2016 0.2249 0.2162 0.0123 0.1861 
         400  1 0.1666 0.1983 0.1982 0.2217 0.0299 0.1853 
         401  1 0.1813 0.1837 0.2141 0.1897 0.0132 0.2180 
         402  1 0.2413 0.1646 0.1166 0.2237 0.1386 0.1151 
         403  1 0.2730 0.1776 0.1260 0.2751 0.0239 0.1246 
         404  1 0.0567 0.0650 0.0633 0.0615 0.6919 0.0616 
         405  1 0.2076 0.1621 0.1886 0.2034 0.0484 0.1898 
         406  1 0.1622 0.1882 0.2306 0.1975 0.0662 0.1554 
         407  1 0.0638 0.0767 0.1162 0.0865 0.5740 0.0828 
         408  1 0.2354 0.1891 0.1603 0.1828 0.0153 0.2171 
         409  1 0.2439 0.1461 0.1167 0.1515 0.1309 0.2107 
         410  1 0.1527 0.2096 0.2235 0.2143 0.0125 0.1873 
         411  1 0.1294 0.2393 0.2448 0.1829 0.0126 0.1910 
         412  1 0.2351 0.1978 0.1307 0.1593 0.0282 0.2490 
         413  1 0.1501 0.1928 0.2192 0.1653 0.0947 0.1780 
         414  1 0.2198 0.1943 0.1896 0.2066 0.0261 0.1636 
         415  1 0.3085 0.1562 0.1115 0.1762 0.0097 0.2379 
         416  1 0.1859 0.1779 0.2084 0.2434 0.0083 0.1760 
         417  1 0.1027 0.1840 0.3199 0.1753 0.0145 0.2036 
         418  1 0.1170 0.2236 0.2766 0.1751 0.0107 0.1971 
         419  1 0.2468 0.1591 0.1428 0.1718 0.0469 0.2325 
         420  1 0.2217 0.1603 0.1696 0.2287 0.0552 0.1644 
         421  1 0.1178 0.2097 0.2900 0.1711 0.0092 0.2022 
         422  1 0.1422 0.1793 0.2447 0.2228 0.0101 0.2010 
         423  1 0.2560 0.1778 0.1531 0.2260 0.0207 0.1664 
         424  1 0.1524 0.1994 0.2327 0.2105 0.0075 0.1974 
         425  1 0.1872 0.1636 0.2131 0.2275 0.0125 0.1961 
         426  1 0.2180 0.2028 0.1637 0.2175 0.0376 0.1604 
         427  1 0.1513 0.1728 0.2585 0.2115 0.0229 0.1829 
         428  1 0.2381 0.1889 0.1485 0.2390 0.0272 0.1583 
         429  1 0.1970 0.1500 0.2158 0.2227 0.0155 0.1990 
         430  1 0.2081 0.1979 0.1965 0.2039 0.0105 0.1831 
         431  1 0.0866 0.1969 0.3591 0.1248 0.0125 0.2201 
         432  1 0.1055 0.1057 0.1120 0.1079 0.4688 0.1001 
         433  1 0.2027 0.1815 0.1915 0.1999 0.0470 0.1774 
         434  1 0.1705 0.1933 0.2170 0.1929 0.0177 0.2086 
         435  1 0.2157 0.1739 0.1886 0.2367 0.0157 0.1695 
         436  1 0.1508 0.1821 0.2380 0.2249 0.0227 0.1816 
         437  1 0.1504 0.2094 0.2519 0.1840 0.0092 0.1951 
         438  1 0.1479 0.2171 0.2370 0.1985 0.0124 0.1871 
         439  1 0.1198 0.1171 0.1143 0.1124 0.4367 0.0996 
         440  1 0.1510 0.1769 0.2496 0.1826 0.0582 0.1816 
         441  1 0.2147 0.1833 0.1939 0.1885 0.0220 0.1975 
         442  1 0.3208 0.1585 0.0826 0.1571 0.0129 0.2681 
         443  1 0.2104 0.1640 0.1905 0.1884 0.0384 0.2084 
         444  1 0.2013 0.1932 0.1814 0.2425 0.0318 0.1499 
         445  1 0.0934 0.1858 0.2850 0.1355 0.1160 0.1842 
         446  1 0.1418 0.1849 0.2173 0.1759 0.1017 0.1785 
         447  1 0.1674 0.1917 0.2264 0.2207 0.0225 0.1712 
         448  1 0.1460 0.1835 0.2123 0.1748 0.1051 0.1784 
         449  1 0.1684 0.1647 0.1986 0.1781 0.1085 0.1818 
         450  1 0.1506 0.1727 0.2447 0.1996 0.0608 0.1714 
         451  1 0.3033 0.1449 0.1007 0.1792 0.0180 0.2539 
         452  1 0.1646 0.1665 0.2169 0.2036 0.0548 0.1936 
         453  1 0.1286 0.1754 0.2292 0.1791 0.1005 0.1872 
         454  1 0.1563 0.1579 0.2013 0.1882 0.1323 0.1639 
         455  1 0.1553 0.1698 0.2052 0.1785 0.0987 0.1924 
         456  1 0.1387 0.1598 0.1931 0.1660 0.1469 0.1955 
         457  1 0.1147 0.1692 0.2771 0.1578 0.0845 0.1967 
         458  1 0.1813 0.1814 0.1984 0.2015 0.0704 0.1670 
         459  1 0.2252 0.1969 0.1679 0.1877 0.0120 0.2103 
         460  1 0.3189 0.1600 0.0873 0.1525 0.0120 0.2693 
         461  1 0.0862 0.1655 0.3034 0.1488 0.1088 0.1873 
         462  1 0.0099 0.0098 0.0095 0.0097 0.9513 0.0097 
         463  1 0.0103 0.0109 0.0131 0.0116 0.9427 0.0113 
         464  1 0.0208 0.0201 0.0202 0.0236 0.8977 0.0178 
         465  1 0.0862 0.1883 0.2433 0.1303 0.1969 0.1550 
         466  1 0.0223 0.0294 0.0377 0.0285 0.8550 0.0271 
         467  1 0.1289 0.1417 0.1433 0.1398 0.3108 0.1354 
         468  1 0.1591 0.1530 0.1439 0.1524 0.2762 0.1154 
         469  1 0.1230 0.1771 0.2297 0.1439 0.1638 0.1626 
         470  1 0.0435 0.0593 0.0841 0.0589 0.6919 0.0622 
         471  1 0.1263 0.1327 0.1715 0.1493 0.2951 0.1252 
         472  1 0.1657 0.1399 0.1535 0.1619 0.2456 0.1334 
         473  1 0.0986 0.1538 0.2190 0.1466 0.2106 0.1714 
         474  1 0.0170 0.0149 0.0164 0.0171 0.9182 0.0164 
         475  1 0.0427 0.0769 0.1511 0.0678 0.5852 0.0764 
         476  1 0.0256 0.0291 0.0263 0.0237 0.8662 0.0290 
         477  1 0.0229 0.0233 0.0219 0.0196 0.8885 0.0238 
         478  1 0.1263 0.1404 0.1624 0.1356 0.2845 0.1508 
         479  1 0.0194 0.0168 0.0190 0.0178 0.9082 0.0188 
         480  1 0.0146 0.0153 0.0175 0.0165 0.9203 0.0157 
         481  1 0.0224 0.0270 0.0186 0.0268 0.8851 0.0200 
         482  1 0.0093 0.0084 0.0085 0.0087 0.9569 0.0082 
         483  1 0.0270 0.0253 0.0258 0.0264 0.8758 0.0198 
         484  1 0.1667 0.1937 0.2154 0.1900 0.0792 0.1550 
         485  1 0.0718 0.0679 0.0767 0.0649 0.6596 0.0590 
         486  1 0.0346 0.0343 0.0406 0.0301 0.8235 0.0369 
         487  1 0.0096 0.0095 0.0102 0.0092 0.9520 0.0095 
         488  1 0.0232 0.0257 0.0316 0.0234 0.8694 0.0267 
         489  1 0.0667 0.1129 0.1797 0.0924 0.4368 0.1116 
         490  1 0.1893 0.1178 0.1614 0.1656 0.2269 0.1390 
         491  1 0.0198 0.0194 0.0205 0.0191 0.9024 0.0188 
         492  1 0.0411 0.0539 0.0736 0.0494 0.7246 0.0574 
         493  1 0.0130 0.0122 0.0124 0.0123 0.9367 0.0134 
         494  1 0.0084 0.0076 0.0083 0.0087 0.9586 0.0084 
         495  1 0.0085 0.0078 0.0075 0.0082 0.9609 0.0071 
         496  1 0.0262 0.0258 0.0237 0.0238 0.8749 0.0255 
         497  1 0.2031 0.1687 0.2029 0.1574 0.0569 0.2110 
         498  1 0.1148 0.1285 0.1450 0.1301 0.3431 0.1384 
         499  1 0.0148 0.0164 0.0181 0.0152 0.9186 0.0169 
         500  1 0.0914 0.0998 0.1335 0.1004 0.4716 0.1032 
         501  1 0.0121 0.0106 0.0102 0.0105 0.9463 0.0102 
         502  1 0.0133 0.0147 0.0128 0.0134 0.9331 0.0127 
         503  1 0.0092 0.0093 0.0102 0.0099 0.9513 0.0101 
         504  1 0.0152 0.0164 0.0147 0.0169 0.9231 0.0137 
         505  1 0.0621 0.0561 0.0556 0.0555 0.7124 0.0583 
         506  1 0.0434 0.0416 0.0424 0.0382 0.7906 0.0437 
         507  1 0.0165 0.0188 0.0201 0.0170 0.9078 0.0198 
         508  1 0.0589 0.0914 0.1101 0.0842 0.5789 0.0764 
         509  1 0.0076 0.0072 0.0077 0.0077 0.9628 0.0070 
         510  1 0.0151 0.0158 0.0153 0.0166 0.9220 0.0151 
         511  1 0.0120 0.0114 0.0101 0.0112 0.9445 0.0108 
         512  1 0.0252 0.0217 0.0184 0.0298 0.8846 0.0202 
         513  1 0.2151 0.1987 0.1657 0.2065 0.0561 0.1579 
         514  1 0.0121 0.0111 0.0106 0.0109 0.9442 0.0110 
         515  1 0.0342 0.0537 0.0736 0.0519 0.7373 0.0493 
         516  1 0.1320 0.1139 0.1172 0.1221 0.4072 0.1077 
         517  1 0.0149 0.0144 0.0158 0.0141 0.9247 0.0161 
         518  1 0.0097 0.0089 0.0089 0.0093 0.9536 0.0096 
         519  1 0.0193 0.0163 0.0160 0.0167 0.9132 0.0184 
         520  1 0.0294 0.0281 0.0313 0.0295 0.8535 0.0282 
         521  1 0.0100 0.0098 0.0112 0.0109 0.9481 0.0100 
         522  1 0.0086 0.0083 0.0086 0.0092 0.9574 0.0080 
         523  1 0.1382 0.0741 0.0955 0.1013 0.4970 0.0939 
         524  1 0.0247 0.0287 0.0367 0.0309 0.8522 0.0267 
         525  1 0.0216 0.0225 0.0216 0.0223 0.8898 0.0222 
         526  1 0.0212 0.0224 0.0222 0.0202 0.8920 0.0219 
         527  1 0.0236 0.0323 0.0372 0.0301 0.8460 0.0308 
         528  1 0.0218 0.0267 0.0336 0.0251 0.8622 0.0306 
         529  1 0.0623 0.0783 0.0886 0.0818 0.6165 0.0725 
         530  1 0.0098 0.0091 0.0095 0.0094 0.9533 0.0089 
         531  1 0.0232 0.0249 0.0262 0.0235 0.8755 0.0268 
         532  1 0.0171 0.0156 0.0167 0.0160 0.9183 0.0163 
         533  1 0.0130 0.0129 0.0146 0.0130 0.9339 0.0126 
         534  1 0.0196 0.0228 0.0251 0.0212 0.8866 0.0247 
         535  1 0.0158 0.0135 0.0127 0.0142 0.9289 0.0149 
         536  1 0.0068 0.0072 0.0080 0.0073 0.9633 0.0073 
         537  1 0.0104 0.0088 0.0081 0.0101 0.9536 0.0090 
         538  1 0.0074 0.0078 0.0072 0.0075 0.9626 0.0075 
         539  1 0.0066 0.0063 0.0064 0.0069 0.9675 0.0063 
         540  1 0.0275 0.0242 0.0217 0.0241 0.8797 0.0228 
         541  1 0.1598 0.1765 0.2070 0.1827 0.1328 0.1412 
         542  1 0.0116 0.0100 0.0105 0.0107 0.9467 0.0106 
         543  1 0.0334 0.0297 0.0327 0.0325 0.8362 0.0355 
         544  1 0.0176 0.0167 0.0166 0.0174 0.9146 0.0170 
         545  1 0.0067 0.0073 0.0074 0.0074 0.9639 0.0073 
         546  1 0.1104 0.0850 0.0931 0.1010 0.5141 0.0964 
         547  1 0.0428 0.0382 0.0426 0.0460 0.7905 0.0399 
         548  1 0.0144 0.0158 0.0156 0.0157 0.9231 0.0154 
         549  1 0.0161 0.0155 0.0136 0.0166 0.9236 0.0145 
         550  1 0.0085 0.0084 0.0083 0.0085 0.9586 0.0077 
         551  1 0.2461 0.1587 0.1452 0.2264 0.0861 0.1375 
         552  1 0.0231 0.0168 0.0168 0.0168 0.9094 0.0171 
         553  1 0.0981 0.1096 0.1184 0.1062 0.4433 0.1243 
         554  1 0.0396 0.0472 0.0603 0.0453 0.7588 0.0489 
         555  1 0.0092 0.0095 0.0089 0.0094 0.9542 0.0088 
         556  1 0.0234 0.0295 0.0383 0.0271 0.8519 0.0299 
         557  1 0.0076 0.0075 0.0083 0.0072 0.9620 0.0074 
         558  1 0.0399 0.0419 0.0546 0.0418 0.7809 0.0409 
         559  1 0.0975 0.0974 0.1047 0.0990 0.5086 0.0928 
         560  1 0.0280 0.0338 0.0419 0.0298 0.8331 0.0333 
         561  1 0.0358 0.0433 0.0510 0.0395 0.7870 0.0434 
         562  1 0.0065 0.0067 0.0069 0.0074 0.9662 0.0063 
         563  1 0.0127 0.0117 0.0141 0.0127 0.9368 0.0120 
         564  1 0.0141 0.0129 0.0118 0.0133 0.9350 0.0128 
         565  1 0.0486 0.0447 0.0435 0.0415 0.7854 0.0362 
         566  1 0.1129 0.1503 0.1939 0.1394 0.2452 0.1583 
         567  1 0.0163 0.0148 0.0143 0.0146 0.9252 0.0149 
         568  1 0.0349 0.0420 0.0493 0.0401 0.7922 0.0414 
         569  1 0.0155 0.0157 0.0152 0.0153 0.9237 0.0146 
         570  1 0.2041 0.1200 0.0698 0.1158 0.2835 0.2068 
         571  1 0.0867 0.1361 0.2103 0.1313 0.2860 0.1496 
         572  1 0.0242 0.0304 0.0375 0.0274 0.8503 0.0302 
         573  1 0.1995 0.1779 0.2135 0.2015 0.0101 0.1976 
         574  1 0.1530 0.1979 0.2032 0.1962 0.0845 0.1651 
         575  1 0.2291 0.1843 0.1669 0.2253 0.0575 0.1370 
         576  1 0.2076 0.1563 0.2019 0.2152 0.0283 0.1907 
         577  1 0.1729 0.1871 0.2052 0.2262 0.0169 0.1918 
         578  1 0.1273 0.1705 0.2354 0.1785 0.1421 0.1463 
         579  1 0.0282 0.0349 0.0324 0.0323 0.8402 0.0321 
         580  1 0.0844 0.0973 0.1124 0.0981 0.5155 0.0923 
         581  1 0.0122 0.0105 0.0102 0.0119 0.9446 0.0105 
         582  1 0.2782 0.1592 0.1322 0.1512 0.0266 0.2525 
         583  1 0.0145 0.0137 0.0158 0.0154 0.9266 0.0139 
         584  1 0.0722 0.0872 0.1157 0.0784 0.5513 0.0951 
         585  1 0.1034 0.1157 0.1256 0.1193 0.4252 0.1108 
         586  1 0.0142 0.0129 0.0146 0.0138 0.9317 0.0129 
         587  1 0.0219 0.0195 0.0174 0.0159 0.9038 0.0216 
         588  1 0.0120 0.0114 0.0106 0.0113 0.9431 0.0116 
         589  1 0.0533 0.0559 0.0706 0.0494 0.7039 0.0668 
         590  1 0.0141 0.0129 0.0128 0.0118 0.9337 0.0147 
         591  1 0.0118 0.0136 0.0144 0.0125 0.9347 0.0130 
         592  1 0.0475 0.0485 0.0511 0.0555 0.7543 0.0431 
         593  1 0.0119 0.0114 0.0126 0.0117 0.9406 0.0117 
         594  1 0.0970 0.1691 0.1983 0.1314 0.2502 0.1540 
         595  1 0.0501 0.0492 0.0562 0.0499 0.7443 0.0503 
         596  1 0.0070 0.0067 0.0073 0.0068 0.9650 0.0071 
         597  1 0.0124 0.0134 0.0153 0.0133 0.9318 0.0139 
         598  1 0.1120 0.0827 0.0887 0.0798 0.5295 0.1074 
         599  1 0.0085 0.0088 0.0091 0.0084 0.9565 0.0087 
         600  1 0.0150 0.0135 0.0133 0.0140 0.9314 0.0128 
         601  1 0.0091 0.0078 0.0083 0.0087 0.9575 0.0086 
         602  1 0.0417 0.0564 0.0669 0.0492 0.7245 0.0613 
         603  1 0.0298 0.0306 0.0381 0.0311 0.8379 0.0324 
         604  1 0.1434 0.1018 0.0808 0.1008 0.4402 0.1329 
         605  1 0.0259 0.0261 0.0309 0.0251 0.8640 0.0280 
         606  1 0.0403 0.0308 0.0348 0.0255 0.8354 0.0332 
         607  1 0.0072 0.0070 0.0073 0.0072 0.9644 0.0068 
         608  1 0.0994 0.0917 0.1235 0.1015 0.4861 0.0977 
         609  1 0.0231 0.0264 0.0275 0.0254 0.8739 0.0236 
         610  1 0.0197 0.0206 0.0275 0.0190 0.8930 0.0202 
         611  1 0.0533 0.0711 0.0849 0.0680 0.6576 0.0651 
         612  1 0.1153 0.1930 0.2777 0.1920 0.0589 0.1631 
         613  1 0.0099 0.0113 0.0104 0.0097 0.9493 0.0094 
         614  1 0.0094 0.0085 0.0090 0.0093 0.9544 0.0094 
         615  1 0.0099 0.0100 0.0108 0.0101 0.9486 0.0106 
         616  1 0.0439 0.0451 0.0491 0.0563 0.7609 0.0447 
         617  1 0.0193 0.0166 0.0138 0.0160 0.9176 0.0167 
         618  1 0.0392 0.0604 0.0788 0.0493 0.7178 0.0546 
         619  1 0.0137 0.0138 0.0138 0.0137 0.9300 0.0149 
         620  1 0.0182 0.0175 0.0214 0.0192 0.9048 0.0189 
         621  1 0.2472 0.1798 0.1276 0.1647 0.0506 0.2301 
         622  1 0.0147 0.0124 0.0155 0.0147 0.9269 0.0158 
         623  1 0.0242 0.0231 0.0226 0.0225 0.8831 0.0245 
