           1  1 0.8304 0.0461 0.0356 0.0422 0.0457 
           2  1 0.8767 0.0231 0.0491 0.0314 0.0198 
           3  1 0.9199 0.0213 0.0187 0.0193 0.0209 
           4  1 0.8784 0.0284 0.0387 0.0346 0.0199 
           5  1 0.9356 0.0161 0.0149 0.0161 0.0173 
           6  1 0.9361 0.0171 0.0155 0.0153 0.0159 
           7  1 0.8515 0.0357 0.0509 0.0377 0.0243 
           8  1 0.9298 0.0163 0.0186 0.0178 0.0175 
           9  1 0.9208 0.0205 0.0182 0.0201 0.0204 
          10  1 0.9445 0.0131 0.0141 0.0135 0.0148 
          11  1 0.9107 0.0224 0.0207 0.0227 0.0234 
          12  1 0.2626 0.1921 0.1505 0.2089 0.1858 
          13  1 0.7931 0.0563 0.0470 0.0574 0.0462 
          14  1 0.4276 0.1641 0.1555 0.1423 0.1106 
          15  1 0.6098 0.0990 0.1031 0.0898 0.0983 
          16  1 0.0101 0.2012 0.1598 0.2576 0.3713 
          17  1 0.0083 0.1892 0.2787 0.2252 0.2985 
          18  1 0.0109 0.2010 0.2856 0.2243 0.2782 
          19  1 0.0302 0.1528 0.3879 0.2690 0.1600 
          20  1 0.0108 0.4322 0.1858 0.1762 0.1950 
          21  1 0.0129 0.1107 0.5073 0.2430 0.1260 
          22  1 0.1717 0.1615 0.2799 0.2198 0.1672 
          23  1 0.0481 0.2602 0.2576 0.2284 0.2057 
          24  1 0.0241 0.2193 0.3398 0.2587 0.1582 
          25  1 0.0217 0.1735 0.1659 0.2809 0.3580 
          26  1 0.0560 0.3231 0.2137 0.2224 0.1848 
          27  1 0.0160 0.2942 0.2655 0.2256 0.1988 
          28  1 0.0087 0.1729 0.2574 0.2884 0.2726 
          29  1 0.0109 0.1653 0.1666 0.2480 0.4092 
          30  1 0.0197 0.1450 0.3989 0.2350 0.2014 
          31  1 0.4810 0.1273 0.1120 0.1318 0.1478 
          32  1 0.0100 0.1428 0.4512 0.2771 0.1189 
          33  1 0.0125 0.2066 0.3690 0.2523 0.1597 
          34  1 0.5098 0.1413 0.1291 0.1139 0.1059 
          35  1 0.0463 0.2105 0.1667 0.2738 0.3027 
          36  1 0.0334 0.1741 0.1763 0.2755 0.3407 
          37  1 0.0662 0.3068 0.2019 0.2356 0.1895 
          38  1 0.0158 0.1996 0.2431 0.2552 0.2863 
          39  1 0.0117 0.1713 0.1973 0.2977 0.3219 
          40  1 0.0105 0.2221 0.2923 0.2754 0.1997 
          41  1 0.0177 0.3093 0.1928 0.2286 0.2517 
          42  1 0.0219 0.2451 0.2268 0.2626 0.2436 
          43  1 0.0286 0.3050 0.1762 0.2503 0.2399 
          44  1 0.0089 0.1636 0.1839 0.2860 0.3576 
          45  1 0.0169 0.2821 0.1982 0.2619 0.2409 
          46  1 0.0254 0.2552 0.1793 0.2553 0.2847 
          47  1 0.0258 0.3047 0.2028 0.2316 0.2351 
          48  1 0.0372 0.1736 0.2802 0.2759 0.2331 
          49  1 0.0438 0.1870 0.3519 0.2330 0.1843 
          50  1 0.0690 0.3312 0.1623 0.2131 0.2244 
          51  1 0.0453 0.3105 0.1924 0.2079 0.2438 
          52  1 0.0492 0.1841 0.2897 0.2529 0.2240 
          53  1 0.0234 0.0977 0.5057 0.2697 0.1033 
          54  1 0.0106 0.3336 0.1791 0.2227 0.2540 
          55  1 0.0084 0.1620 0.4189 0.2192 0.1914 
          56  1 0.0209 0.2721 0.2017 0.2394 0.2658 
          57  1 0.0704 0.2577 0.1501 0.2626 0.2592 
          58  1 0.0216 0.2241 0.3201 0.2306 0.2035 
          59  1 0.0120 0.2306 0.2625 0.2241 0.2709 
          60  1 0.0334 0.1734 0.2936 0.2948 0.2048 
          61  1 0.0069 0.3635 0.1979 0.2152 0.2165 
          62  1 0.0178 0.1944 0.2508 0.2736 0.2634 
          63  1 0.0325 0.3345 0.1765 0.2165 0.2400 
          64  1 0.0219 0.2391 0.2118 0.2342 0.2931 
          65  1 0.0096 0.2556 0.1924 0.2335 0.3089 
          66  1 0.0115 0.2515 0.1866 0.2314 0.3190 
          67  1 0.0145 0.1860 0.2435 0.2332 0.3227 
          68  1 0.0390 0.3930 0.1631 0.2200 0.1850 
          69  1 0.0089 0.2979 0.1878 0.2277 0.2777 
          70  1 0.0170 0.1529 0.3700 0.2426 0.2174 
          71  1 0.0136 0.3314 0.1857 0.2413 0.2280 
          72  1 0.0052 0.2423 0.1640 0.2447 0.3439 
          73  1 0.0422 0.2418 0.2049 0.2464 0.2647 
          74  1 0.0077 0.2583 0.2594 0.2212 0.2534 
          75  1 0.0174 0.1943 0.1623 0.2976 0.3284 
          76  1 0.0829 0.3593 0.1580 0.1918 0.2080 
          77  1 0.0939 0.1386 0.1764 0.2615 0.3297 
          78  1 0.0159 0.2765 0.2269 0.2407 0.2400 
          79  1 0.0087 0.2109 0.3806 0.2364 0.1634 
          80  1 0.0175 0.4367 0.1505 0.1863 0.2091 
          81  1 0.0171 0.2380 0.3223 0.2416 0.1810 
          82  1 0.0077 0.5358 0.1419 0.1428 0.1718 
          83  1 0.0164 0.3488 0.2115 0.2299 0.1934 
          84  1 0.0183 0.3127 0.2316 0.2195 0.2180 
          85  1 0.0150 0.2448 0.1946 0.2565 0.2891 
          86  1 0.0234 0.2167 0.2923 0.2268 0.2409 
          87  1 0.0089 0.2421 0.1917 0.2213 0.3361 
          88  1 0.0235 0.2964 0.1653 0.2270 0.2879 
          89  1 0.0099 0.5143 0.1473 0.1520 0.1765 
          90  1 0.0110 0.3488 0.1864 0.2461 0.2077 
          91  1 0.0105 0.2527 0.2194 0.2403 0.2771 
          92  1 0.0091 0.2396 0.2319 0.2433 0.2760 
          93  1 0.0238 0.1903 0.2796 0.2427 0.2635 
          94  1 0.0061 0.1411 0.4170 0.2583 0.1776 
          95  1 0.0146 0.2045 0.3438 0.2391 0.1979 
          96  1 0.1881 0.1870 0.2491 0.2112 0.1647 
          97  1 0.0121 0.2137 0.2901 0.2316 0.2525 
          98  1 0.0187 0.1771 0.2945 0.2528 0.2569 
          99  1 0.0218 0.2599 0.2214 0.2210 0.2759 
         100  1 0.0250 0.2508 0.2901 0.2289 0.2052 
         101  1 0.0246 0.2333 0.1699 0.2760 0.2962 
         102  1 0.0117 0.2369 0.2435 0.2734 0.2345 
         103  1 0.0493 0.2103 0.2815 0.2257 0.2332 
         104  1 0.0109 0.2829 0.1959 0.2167 0.2935 
         105  1 0.0207 0.3396 0.1731 0.2136 0.2529 
         106  1 0.0210 0.3370 0.1809 0.2144 0.2467 
         107  1 0.1005 0.2777 0.2090 0.2506 0.1623 
         108  1 0.0068 0.1342 0.4501 0.2359 0.1730 
         109  1 0.0324 0.1982 0.3840 0.2211 0.1644 
         110  1 0.0093 0.2942 0.1903 0.2411 0.2652 
         111  1 0.0186 0.1779 0.1619 0.2807 0.3609 
         112  1 0.0128 0.1798 0.3452 0.2450 0.2173 
         113  1 0.0063 0.2617 0.2163 0.2570 0.2586 
         114  1 0.0802 0.2753 0.2157 0.2432 0.1855 
         115  1 0.0098 0.2715 0.2294 0.2307 0.2586 
         116  1 0.0260 0.3832 0.1578 0.2317 0.2012 
         117  1 0.0132 0.2454 0.2392 0.2623 0.2399 
         118  1 0.0174 0.1796 0.3899 0.2295 0.1836 
         119  1 0.0161 0.1851 0.3757 0.2209 0.2021 
         120  1 0.2206 0.1856 0.2294 0.1896 0.1748 
         121  1 0.0771 0.2150 0.3161 0.2159 0.1759 
         122  1 0.0061 0.2181 0.1901 0.2679 0.3178 
         123  1 0.0118 0.2902 0.2461 0.2188 0.2331 
         124  1 0.0196 0.2520 0.2840 0.2286 0.2157 
         125  1 0.0073 0.2571 0.1758 0.2531 0.3068 
         126  1 0.0070 0.1740 0.2893 0.2355 0.2941 
         127  1 0.0271 0.1873 0.1496 0.2818 0.3542 
         128  1 0.0212 0.2597 0.1884 0.2290 0.3017 
         129  1 0.0184 0.2737 0.1923 0.2555 0.2601 
         130  1 0.0160 0.1902 0.4067 0.2245 0.1627 
         131  1 0.0111 0.2299 0.1914 0.2376 0.3300 
         132  1 0.0853 0.2672 0.2639 0.2165 0.1671 
         133  1 0.0071 0.2076 0.2860 0.2457 0.2536 
         134  1 0.0086 0.2124 0.2000 0.2644 0.3147 
         135  1 0.0062 0.1078 0.4850 0.2638 0.1372 
         136  1 0.0056 0.2589 0.2010 0.2215 0.3130 
         137  1 0.0304 0.2085 0.3275 0.2237 0.2099 
         138  1 0.0343 0.2761 0.2167 0.2581 0.2148 
         139  1 0.0153 0.2241 0.2177 0.2324 0.3105 
         140  1 0.0851 0.1517 0.3971 0.2361 0.1300 
         141  1 0.0072 0.1708 0.1566 0.2976 0.3678 
         142  1 0.0156 0.1779 0.2336 0.2486 0.3243 
         143  1 0.5782 0.1171 0.1065 0.1144 0.0838 
         144  1 0.0123 0.2879 0.1779 0.2346 0.2872 
         145  1 0.0568 0.2619 0.2772 0.2288 0.1753 
         146  1 0.0061 0.0935 0.5252 0.2671 0.1082 
         147  1 0.2621 0.2664 0.1484 0.1737 0.1494 
         148  1 0.0211 0.1873 0.2934 0.2372 0.2610 
         149  1 0.0249 0.1739 0.1710 0.2802 0.3501 
         150  1 0.0273 0.2516 0.2442 0.2312 0.2457 
         151  1 0.0198 0.1341 0.3998 0.2645 0.1817 
         152  1 0.0119 0.1714 0.3594 0.2609 0.1963 
         153  1 0.0173 0.2488 0.1638 0.2273 0.3429 
         154  1 0.0063 0.1095 0.4885 0.2641 0.1317 
         155  1 0.0257 0.1943 0.1631 0.2913 0.3256 
         156  1 0.0126 0.2062 0.2207 0.2758 0.2847 
         157  1 0.0356 0.2241 0.1815 0.2639 0.2950 
         158  1 0.0107 0.2637 0.2069 0.2427 0.2761 
         159  1 0.0122 0.4626 0.1388 0.1883 0.1980 
         160  1 0.0083 0.2632 0.2180 0.2395 0.2710 
         161  1 0.0473 0.1835 0.1927 0.2693 0.3072 
         162  1 0.0200 0.1796 0.1798 0.2792 0.3414 
         163  1 0.0135 0.2053 0.3565 0.2087 0.2159 
         164  1 0.0070 0.2799 0.2237 0.2333 0.2560 
         165  1 0.0459 0.2834 0.1884 0.2335 0.2488 
         166  1 0.0231 0.1534 0.4248 0.2652 0.1336 
         167  1 0.0091 0.2469 0.1970 0.2705 0.2765 
         168  1 0.0200 0.1815 0.3527 0.2472 0.1985 
         169  1 0.0560 0.2864 0.1671 0.2292 0.2614 
         170  1 0.0227 0.2126 0.2447 0.2397 0.2802 
         171  1 0.0095 0.2127 0.2103 0.2350 0.3326 
         172  1 0.0156 0.1844 0.2186 0.2525 0.3289 
         173  1 0.0738 0.2229 0.1896 0.2325 0.2812 
         174  1 0.0300 0.3738 0.1944 0.2187 0.1832 
         175  1 0.0209 0.3513 0.2081 0.2288 0.1908 
         176  1 0.0261 0.2162 0.2278 0.2334 0.2964 
         177  1 0.0217 0.2358 0.2720 0.2434 0.2271 
         178  1 0.0537 0.2413 0.1809 0.2366 0.2874 
         179  1 0.0092 0.1230 0.4369 0.2723 0.1585 
         180  1 0.0199 0.2038 0.1842 0.2752 0.3168 
         181  1 0.1698 0.2009 0.1612 0.2061 0.2620 
         182  1 0.0298 0.2024 0.2451 0.2676 0.2551 
         183  1 0.0194 0.3061 0.1979 0.2354 0.2413 
         184  1 0.0414 0.1636 0.3474 0.2654 0.1822 
         185  1 0.0307 0.2525 0.1837 0.2232 0.3098 
         186  1 0.0159 0.2527 0.1967 0.2466 0.2881 
         187  1 0.0203 0.3281 0.2002 0.2278 0.2236 
         188  1 0.0258 0.2897 0.2292 0.2656 0.1898 
         189  1 0.0216 0.1376 0.3774 0.2634 0.2000 
         190  1 0.0168 0.1830 0.2873 0.2945 0.2185 
         191  1 0.0333 0.1966 0.1752 0.2616 0.3332 
         192  1 0.0156 0.2109 0.2732 0.2589 0.2415 
         193  1 0.0897 0.3048 0.1787 0.2164 0.2104 
         194  1 0.0283 0.1776 0.3357 0.2607 0.1977 
         195  1 0.0381 0.2173 0.3358 0.2105 0.1983 
         196  1 0.1486 0.2772 0.1572 0.1890 0.2281 
         197  1 0.0070 0.1552 0.4408 0.2175 0.1794 
         198  1 0.0111 0.1382 0.3768 0.2794 0.1945 
         199  1 0.0120 0.2009 0.2784 0.2471 0.2617 
         200  1 0.0150 0.2628 0.2698 0.2631 0.1893 
         201  1 0.0146 0.2575 0.1825 0.2376 0.3078 
         202  1 0.0942 0.2949 0.1579 0.2287 0.2244 
         203  1 0.0190 0.1844 0.1597 0.2856 0.3513 
         204  1 0.0250 0.2534 0.1824 0.2446 0.2946 
         205  1 0.0084 0.2395 0.2731 0.2301 0.2489 
         206  1 0.0141 0.3183 0.2218 0.2242 0.2217 
         207  1 0.0191 0.2264 0.3125 0.2348 0.2072 
         208  1 0.0532 0.2046 0.1499 0.2921 0.3002 
         209  1 0.0108 0.4044 0.1696 0.2070 0.2081 
         210  1 0.0084 0.2183 0.1913 0.2606 0.3215 
         211  1 0.0087 0.1483 0.4218 0.2611 0.1601 
         212  1 0.0182 0.2382 0.2019 0.2484 0.2933 
         213  1 0.0675 0.2887 0.2041 0.2229 0.2168 
         214  1 0.0112 0.2749 0.2678 0.2447 0.2014 
         215  1 0.0206 0.3078 0.1811 0.2309 0.2596 
         216  1 0.0315 0.1741 0.3659 0.2719 0.1566 
         217  1 0.0314 0.2373 0.1653 0.2790 0.2870 
         218  1 0.0248 0.2252 0.1778 0.2409 0.3313 
         219  1 0.0084 0.1596 0.1564 0.3117 0.3640 
         220  1 0.0281 0.3866 0.1740 0.2057 0.2055 
         221  1 0.0073 0.2367 0.2762 0.2423 0.2375 
         222  1 0.0064 0.2518 0.2155 0.2485 0.2778 
         223  1 0.0254 0.1994 0.2835 0.2583 0.2334 
         224  1 0.0089 0.1365 0.4421 0.2584 0.1540 
         225  1 0.0071 0.1860 0.2796 0.2466 0.2807 
         226  1 0.0125 0.2464 0.1951 0.2292 0.3167 
         227  1 0.0110 0.3183 0.2160 0.2069 0.2477 
         228  1 0.0407 0.2755 0.1743 0.2068 0.3028 
         229  1 0.0089 0.1289 0.4760 0.2635 0.1227 
         230  1 0.0176 0.4088 0.1558 0.1972 0.2205 
         231  1 0.0235 0.3723 0.1873 0.2304 0.1865 
         232  1 0.0080 0.2668 0.2054 0.2367 0.2832 
         233  1 0.0223 0.2734 0.2267 0.2459 0.2317 
         234  1 0.0106 0.2971 0.2625 0.2208 0.2090 
         235  1 0.0201 0.2319 0.1768 0.2374 0.3339 
         236  1 0.0588 0.2107 0.1674 0.2656 0.2975 
         237  1 0.0079 0.2693 0.2500 0.2289 0.2440 
         238  1 0.0256 0.2536 0.3151 0.2468 0.1588 
         239  1 0.1131 0.2450 0.1569 0.2381 0.2470 
         240  1 0.0073 0.1900 0.3292 0.2182 0.2554 
         241  1 0.0077 0.1839 0.3230 0.2157 0.2698 
         242  1 0.0246 0.3002 0.2525 0.2456 0.1772 
         243  1 0.0152 0.1934 0.3460 0.2319 0.2135 
         244  1 0.0425 0.1826 0.2277 0.3023 0.2449 
         245  1 0.0081 0.2289 0.1674 0.2541 0.3415 
         246  1 0.1520 0.2163 0.1523 0.2348 0.2446 
         247  1 0.0172 0.2221 0.1882 0.2903 0.2822 
         248  1 0.0426 0.1995 0.2464 0.2767 0.2347 
         249  1 0.0289 0.4131 0.1649 0.1937 0.1994 
         250  1 0.0146 0.2985 0.1909 0.2459 0.2500 
         251  1 0.0104 0.1797 0.3867 0.2133 0.2099 
         252  1 0.5236 0.1236 0.1103 0.1278 0.1148 
         253  1 0.0653 0.1315 0.4343 0.2266 0.1422 
         254  1 0.0080 0.2684 0.2272 0.2382 0.2582 
         255  1 0.0177 0.2252 0.2724 0.2074 0.2774 
         256  1 0.0110 0.2496 0.2523 0.2289 0.2583 
         257  1 0.0082 0.2463 0.1901 0.2459 0.3095 
         258  1 0.0162 0.2069 0.2832 0.2889 0.2049 
         259  1 0.0399 0.1511 0.3523 0.2643 0.1924 
         260  1 0.0102 0.1996 0.2322 0.2654 0.2926 
         261  1 0.0260 0.2838 0.1848 0.2225 0.2829 
         262  1 0.0433 0.2733 0.2292 0.2232 0.2310 
         263  1 0.0336 0.2555 0.2299 0.2290 0.2520 
         264  1 0.0200 0.2560 0.2541 0.2176 0.2522 
         265  1 0.0146 0.1943 0.3024 0.2753 0.2134 
         266  1 0.0134 0.1616 0.2387 0.2547 0.3316 
         267  1 0.0720 0.1835 0.1669 0.2828 0.2948 
         268  1 0.0131 0.2514 0.2013 0.2574 0.2768 
         269  1 0.0113 0.2197 0.3413 0.2801 0.1475 
         270  1 0.0064 0.1803 0.2403 0.2668 0.3062 
         271  1 0.0125 0.1715 0.2345 0.2557 0.3258 
         272  1 0.0271 0.1208 0.4798 0.2566 0.1158 
         273  1 0.0216 0.2464 0.3055 0.2629 0.1636 
         274  1 0.0364 0.3276 0.1919 0.2302 0.2139 
         275  1 0.0114 0.3058 0.1848 0.2297 0.2683 
         276  1 0.0152 0.2581 0.2127 0.2202 0.2937 
         277  1 0.0076 0.1222 0.4632 0.2542 0.1528 
         278  1 0.0087 0.0809 0.5325 0.2692 0.1087 
         279  1 0.0219 0.1837 0.2399 0.2695 0.2850 
         280  1 0.0108 0.2370 0.2085 0.2552 0.2886 
         281  1 0.0220 0.1795 0.2500 0.2650 0.2835 
         282  1 0.0191 0.1796 0.3532 0.2387 0.2095 
         283  1 0.0137 0.1706 0.3901 0.2429 0.1827 
         284  1 0.0091 0.2026 0.3359 0.2453 0.2071 
         285  1 0.0175 0.2914 0.1642 0.2724 0.2544 
         286  1 0.0194 0.3982 0.1725 0.2290 0.1810 
         287  1 0.0111 0.2162 0.3192 0.2272 0.2264 
         288  1 0.0195 0.2256 0.3166 0.2299 0.2084 
         289  1 0.0185 0.2030 0.3237 0.2357 0.2192 
         290  1 0.0246 0.1121 0.4634 0.2632 0.1366 
         291  1 0.0292 0.1557 0.1924 0.2755 0.3472 
         292  1 0.0092 0.2247 0.2738 0.2608 0.2315 
         293  1 0.0092 0.3083 0.1996 0.2364 0.2465 
         294  1 0.0244 0.1524 0.4462 0.2382 0.1388 
         295  1 0.0191 0.2085 0.2504 0.2517 0.2702 
         296  1 0.0269 0.2588 0.1867 0.2312 0.2964 
         297  1 0.1062 0.2059 0.1527 0.2294 0.3057 
         298  1 0.0183 0.2631 0.1776 0.2440 0.2971 
         299  1 0.0059 0.2716 0.1919 0.2332 0.2973 
         300  1 0.0292 0.2816 0.2068 0.2550 0.2274 
         301  1 0.0244 0.2978 0.2477 0.2604 0.1696 
         302  1 0.0139 0.2586 0.2064 0.2274 0.2937 
         303  1 0.0543 0.2579 0.1868 0.2643 0.2368 
         304  1 0.0156 0.1863 0.3921 0.2457 0.1603 
         305  1 0.0108 0.1485 0.4601 0.2467 0.1340 
         306  1 0.0123 0.2750 0.2276 0.2435 0.2415 
         307  1 0.0216 0.3477 0.1822 0.2343 0.2142 
         308  1 0.0174 0.3175 0.2336 0.2278 0.2037 
         309  1 0.0124 0.1106 0.4795 0.2837 0.1137 
         310  1 0.0157 0.1855 0.2383 0.2902 0.2704 
         311  1 0.0258 0.3135 0.1987 0.2194 0.2427 
         312  1 0.0203 0.4116 0.1639 0.1983 0.2060 
         313  1 0.0181 0.1894 0.3211 0.2500 0.2215 
         314  1 0.0090 0.2528 0.1913 0.2296 0.3173 
         315  1 0.0608 0.3052 0.2255 0.2117 0.1967 
         316  1 0.0585 0.3546 0.1538 0.2067 0.2265 
         317  1 0.0647 0.2552 0.1634 0.2574 0.2593 
         318  1 0.0120 0.1808 0.1817 0.2402 0.3854 
         319  1 0.0094 0.1654 0.4258 0.2121 0.1873 
         320  1 0.0074 0.2278 0.2420 0.2577 0.2651 
         321  1 0.0147 0.2531 0.2103 0.2365 0.2855 
         322  1 0.0285 0.1677 0.3595 0.2039 0.2404 
         323  1 0.0137 0.1553 0.4404 0.2440 0.1466 
         324  1 0.0146 0.2211 0.1763 0.2945 0.2935 
         325  1 0.0065 0.2331 0.2430 0.2364 0.2810 
         326  1 0.0084 0.2325 0.3111 0.2571 0.1908 
         327  1 0.0310 0.2685 0.1953 0.2595 0.2456 
         328  1 0.0843 0.2190 0.1748 0.2515 0.2704 
         329  1 0.0097 0.1916 0.3557 0.2769 0.1661 
         330  1 0.0337 0.2314 0.2227 0.2366 0.2757 
         331  1 0.0169 0.2025 0.2828 0.2429 0.2549 
         332  1 0.0240 0.2024 0.2231 0.2432 0.3073 
         333  1 0.0208 0.2234 0.2038 0.2893 0.2627 
         334  1 0.1164 0.1307 0.1564 0.2778 0.3188 
         335  1 0.0074 0.1771 0.1974 0.2698 0.3483 
         336  1 0.0131 0.1706 0.3613 0.2540 0.2010 
         337  1 0.0379 0.2187 0.2813 0.2257 0.2363 
         338  1 0.0373 0.1790 0.3323 0.2412 0.2101 
         339  1 0.1036 0.2243 0.2538 0.2106 0.2077 
         340  1 0.0164 0.2066 0.1755 0.2314 0.3702 
         341  1 0.0151 0.2308 0.1817 0.2434 0.3289 
         342  1 0.4332 0.2234 0.0957 0.1272 0.1205 
         343  1 0.0292 0.2088 0.2150 0.2526 0.2943 
         344  1 0.0220 0.2222 0.1900 0.2441 0.3217 
         345  1 0.0366 0.1941 0.3012 0.2155 0.2525 
         346  1 0.0185 0.1644 0.1789 0.2907 0.3475 
         347  1 0.0511 0.3545 0.2170 0.2001 0.1774 
         348  1 0.0058 0.2973 0.2104 0.2380 0.2484 
         349  1 0.1699 0.2415 0.1881 0.1777 0.2228 
         350  1 0.0180 0.2779 0.2275 0.2143 0.2623 
         351  1 0.0113 0.2086 0.1733 0.2445 0.3624 
         352  1 0.0073 0.1896 0.3373 0.2408 0.2250 
         353  1 0.0083 0.2299 0.2453 0.2382 0.2783 
         354  1 0.0125 0.2983 0.2150 0.2543 0.2199 
         355  1 0.0175 0.4098 0.1660 0.2056 0.2011 
         356  1 0.0466 0.2708 0.1650 0.2551 0.2625 
         357  1 0.0121 0.2626 0.2025 0.2693 0.2536 
         358  1 0.0077 0.2507 0.1955 0.2363 0.3098 
         359  1 0.2257 0.1900 0.1785 0.2068 0.1991 
         360  1 0.0190 0.2405 0.1653 0.2467 0.3286 
         361  1 0.1479 0.2677 0.1780 0.2029 0.2035 
         362  1 0.0287 0.3992 0.1963 0.2017 0.1741 
         363  1 0.0080 0.2360 0.1885 0.2331 0.3344 
         364  1 0.0531 0.2100 0.2814 0.2317 0.2238 
         365  1 0.1419 0.1925 0.1677 0.2231 0.2747 
         366  1 0.0230 0.2555 0.2134 0.2455 0.2627 
         367  1 0.0183 0.1641 0.3760 0.2425 0.1990 
         368  1 0.0123 0.1650 0.4005 0.2110 0.2112 
         369  1 0.0088 0.3304 0.2263 0.2269 0.2077 
         370  1 0.0099 0.1727 0.2828 0.3038 0.2307 
         371  1 0.0114 0.2944 0.1425 0.2314 0.3204 
         372  1 0.0884 0.4086 0.1629 0.1805 0.1596 
         373  1 0.0832 0.3607 0.1770 0.2104 0.1687 
         374  1 0.0642 0.1717 0.3031 0.2385 0.2224 
         375  1 0.0193 0.2576 0.2726 0.2518 0.1987 
         376  1 0.0094 0.2177 0.2618 0.2404 0.2708 
         377  1 0.0230 0.2749 0.2037 0.2268 0.2716 
         378  1 0.0194 0.2291 0.2484 0.2646 0.2385 
         379  1 0.0236 0.3694 0.1734 0.2206 0.2129 
         380  1 0.0107 0.1886 0.2782 0.2329 0.2896 
         381  1 0.0167 0.2080 0.1987 0.2594 0.3172 
         382  1 0.0128 0.1894 0.2199 0.2692 0.3087 
         383  1 0.0133 0.2417 0.2135 0.2548 0.2767 
         384  1 0.0141 0.2659 0.2449 0.2314 0.2437 
         385  1 0.0182 0.2472 0.2815 0.2597 0.1934 
         386  1 0.0187 0.3050 0.1705 0.2281 0.2776 
         387  1 0.0208 0.2029 0.2902 0.2308 0.2553 
         388  1 0.0624 0.1729 0.1382 0.2444 0.3820 
         389  1 0.0080 0.3351 0.2089 0.2351 0.2129 
         390  1 0.0106 0.2392 0.2094 0.2258 0.3149 
         391  1 0.0169 0.1444 0.2606 0.2824 0.2957 
         392  1 0.0231 0.2675 0.2362 0.2291 0.2440 
         393  1 0.0127 0.2309 0.2503 0.2360 0.2701 
         394  1 0.0257 0.2735 0.2076 0.2294 0.2638 
         395  1 0.1713 0.2147 0.2281 0.2036 0.1823 
         396  1 0.0069 0.2710 0.2514 0.2659 0.2048 
         397  1 0.0218 0.2163 0.1582 0.2903 0.3135 
         398  1 0.0199 0.1747 0.3402 0.2494 0.2158 
         399  1 0.0130 0.2699 0.2163 0.2319 0.2689 
         400  1 0.0314 0.2351 0.2025 0.2392 0.2917 
         401  1 0.0149 0.2637 0.2510 0.2354 0.2350 
         402  1 0.1527 0.1394 0.1502 0.2720 0.2857 
         403  1 0.0237 0.1505 0.1670 0.3100 0.3489 
         404  1 0.7530 0.0674 0.0527 0.0666 0.0602 
         405  1 0.0526 0.2096 0.1866 0.2142 0.3369 
         406  1 0.0772 0.2751 0.1523 0.2509 0.2446 
         407  1 0.6226 0.1224 0.0667 0.0833 0.1051 
         408  1 0.0162 0.1856 0.3193 0.2574 0.2216 
         409  1 0.1569 0.1172 0.3781 0.2427 0.1050 
         410  1 0.0129 0.2540 0.2261 0.2370 0.2699 
         411  1 0.0144 0.3434 0.1949 0.2350 0.2123 
         412  1 0.0312 0.1752 0.3833 0.2482 0.1621 
         413  1 0.1157 0.2803 0.1929 0.2235 0.1875 
         414  1 0.0293 0.2349 0.2043 0.2455 0.2860 
         415  1 0.0096 0.1245 0.3682 0.3046 0.1931 
         416  1 0.0087 0.2056 0.1868 0.2329 0.3661 
         417  1 0.0153 0.4216 0.1602 0.1853 0.2175 
         418  1 0.0121 0.3155 0.1758 0.2228 0.2738 
         419  1 0.0494 0.1784 0.3653 0.2579 0.1489 
         420  1 0.0580 0.1884 0.1771 0.2438 0.3327 
         421  1 0.0100 0.4264 0.1595 0.2096 0.1944 
         422  1 0.0108 0.2626 0.1949 0.2321 0.2995 
         423  1 0.0228 0.1890 0.1981 0.2778 0.3122 
         424  1 0.0081 0.2601 0.2255 0.2319 0.2743 
         425  1 0.0133 0.2276 0.1969 0.2001 0.3621 
         426  1 0.0442 0.2229 0.1758 0.2441 0.3130 
         427  1 0.0259 0.2889 0.1846 0.1942 0.3064 
         428  1 0.0317 0.1791 0.1977 0.2904 0.3012 
         429  1 0.0165 0.2358 0.1844 0.2162 0.3471 
         430  1 0.0112 0.2021 0.2683 0.2961 0.2222 
         431  1 0.0138 0.4794 0.1421 0.1730 0.1917 
         432  1 0.5839 0.1103 0.0880 0.1025 0.1153 
         433  1 0.0525 0.2137 0.1973 0.2453 0.2912 
         434  1 0.0219 0.2588 0.2804 0.2412 0.1977 
         435  1 0.0172 0.2181 0.1749 0.2490 0.3407 
         436  1 0.0216 0.2720 0.1987 0.2038 0.3039 
         437  1 0.0095 0.3197 0.1959 0.2249 0.2499 
         438  1 0.0128 0.2583 0.1892 0.2378 0.3019 
         439  1 0.5311 0.1099 0.0972 0.1230 0.1388 
         440  1 0.0662 0.3037 0.1688 0.2021 0.2592 
         441  1 0.0248 0.2591 0.2370 0.2622 0.2170 
         442  1 0.0155 0.1079 0.4537 0.2916 0.1313 
         443  1 0.0473 0.2383 0.2832 0.2740 0.1572 
         444  1 0.0369 0.2354 0.1568 0.2725 0.2985 
         445  1 0.1359 0.3182 0.1648 0.1805 0.2006 
         446  1 0.1195 0.2840 0.2065 0.2100 0.1801 
         447  1 0.0267 0.2815 0.1869 0.2594 0.2455 
         448  1 0.1249 0.2743 0.1702 0.2145 0.2161 
         449  1 0.1235 0.2183 0.2434 0.2476 0.1672 
         450  1 0.0741 0.2991 0.1830 0.2532 0.1906 
         451  1 0.0215 0.1084 0.4760 0.2848 0.1093 
         452  1 0.0571 0.2687 0.1734 0.2099 0.2908 
         453  1 0.1062 0.2740 0.1660 0.2007 0.2532 
         454  1 0.1652 0.2237 0.2198 0.2287 0.1625 
         455  1 0.1126 0.2854 0.2101 0.2293 0.1626 
         456  1 0.1540 0.2759 0.2046 0.2205 0.1449 
         457  1 0.1063 0.2983 0.1663 0.1856 0.2436 
         458  1 0.0826 0.2298 0.1826 0.2740 0.2311 
         459  1 0.0138 0.1891 0.3455 0.2577 0.1940 
         460  1 0.0139 0.1019 0.4825 0.2881 0.1136 
         461  1 0.1264 0.3819 0.1468 0.1680 0.1769 
         462  1 0.9608 0.0100 0.0091 0.0096 0.0105 
         463  1 0.9540 0.0129 0.0101 0.0106 0.0124 
         464  1 0.9146 0.0217 0.0194 0.0222 0.0221 
         465  1 0.1976 0.3858 0.1156 0.1499 0.1511 
         466  1 0.8801 0.0392 0.0212 0.0274 0.0321 
         467  1 0.3952 0.1724 0.1366 0.1601 0.1357 
         468  1 0.3492 0.1679 0.1139 0.1606 0.2084 
         469  1 0.2531 0.2622 0.1291 0.1787 0.1768 
         470  1 0.7344 0.0993 0.0477 0.0563 0.0624 
         471  1 0.3632 0.1902 0.1359 0.1728 0.1378 
         472  1 0.2768 0.1734 0.1241 0.1898 0.2360 
         473  1 0.2593 0.2498 0.1570 0.1803 0.1537 
         474  1 0.9314 0.0166 0.0173 0.0171 0.0176 
         475  1 0.6344 0.1393 0.0565 0.0818 0.0880 
         476  1 0.8969 0.0306 0.0233 0.0224 0.0268 
         477  1 0.9087 0.0218 0.0254 0.0240 0.0200 
         478  1 0.3311 0.1807 0.1419 0.1601 0.1862 
         479  1 0.9268 0.0175 0.0185 0.0183 0.0189 
         480  1 0.9383 0.0174 0.0148 0.0156 0.0138 
         481  1 0.9077 0.0225 0.0200 0.0247 0.0252 
         482  1 0.9650 0.0087 0.0087 0.0085 0.0092 
         483  1 0.9103 0.0214 0.0203 0.0247 0.0233 
         484  1 0.0936 0.2522 0.1609 0.2378 0.2555 
         485  1 0.7571 0.0646 0.0460 0.0754 0.0569 
         486  1 0.8604 0.0408 0.0370 0.0328 0.0290 
         487  1 0.9611 0.0095 0.0097 0.0104 0.0093 
         488  1 0.8973 0.0316 0.0235 0.0233 0.0242 
         489  1 0.5125 0.2154 0.0872 0.0963 0.0887 
         490  1 0.2788 0.1602 0.1281 0.1793 0.2537 
         491  1 0.9227 0.0209 0.0175 0.0198 0.0191 
         492  1 0.7934 0.0742 0.0392 0.0468 0.0464 
         493  1 0.9474 0.0132 0.0127 0.0131 0.0135 
         494  1 0.9659 0.0083 0.0080 0.0088 0.0091 
         495  1 0.9675 0.0078 0.0078 0.0085 0.0084 
         496  1 0.8999 0.0251 0.0257 0.0264 0.0229 
         497  1 0.0630 0.2369 0.2861 0.2422 0.1718 
         498  1 0.4517 0.1645 0.1261 0.1464 0.1114 
         499  1 0.9376 0.0167 0.0166 0.0158 0.0133 
         500  1 0.5418 0.1361 0.1220 0.1241 0.0760 
         501  1 0.9556 0.0106 0.0102 0.0121 0.0115 
         502  1 0.9458 0.0138 0.0133 0.0138 0.0133 
         503  1 0.9603 0.0115 0.0090 0.0094 0.0098 
         504  1 0.9385 0.0156 0.0133 0.0164 0.0162 
         505  1 0.7475 0.0600 0.0618 0.0649 0.0660 
         506  1 0.8102 0.0482 0.0560 0.0491 0.0366 
         507  1 0.9216 0.0235 0.0203 0.0175 0.0171 
         508  1 0.6025 0.1348 0.0748 0.0950 0.0930 
         509  1 0.9709 0.0073 0.0072 0.0074 0.0072 
         510  1 0.9363 0.0154 0.0153 0.0172 0.0159 
         511  1 0.9555 0.0108 0.0112 0.0118 0.0107 
         512  1 0.9080 0.0207 0.0226 0.0258 0.0229 
         513  1 0.0653 0.2159 0.1915 0.2686 0.2588 
         514  1 0.9528 0.0104 0.0131 0.0126 0.0112 
         515  1 0.7827 0.0779 0.0379 0.0477 0.0538 
         516  1 0.4576 0.1343 0.0942 0.1449 0.1691 
         517  1 0.9419 0.0145 0.0156 0.0145 0.0134 
         518  1 0.9624 0.0089 0.0101 0.0099 0.0087 
         519  1 0.9353 0.0154 0.0177 0.0170 0.0147 
         520  1 0.8827 0.0315 0.0254 0.0300 0.0304 
         521  1 0.9554 0.0116 0.0117 0.0109 0.0104 
         522  1 0.9653 0.0095 0.0081 0.0086 0.0086 
         523  1 0.5859 0.0856 0.0856 0.0936 0.1494 
         524  1 0.8857 0.0375 0.0229 0.0320 0.0220 
         525  1 0.9110 0.0225 0.0216 0.0215 0.0234 
         526  1 0.9151 0.0207 0.0228 0.0204 0.0210 
         527  1 0.8866 0.0330 0.0254 0.0276 0.0275 
         528  1 0.9009 0.0299 0.0230 0.0240 0.0223 
         529  1 0.6768 0.0955 0.0553 0.0864 0.0860 
         530  1 0.9624 0.0092 0.0088 0.0096 0.0100 
         531  1 0.9022 0.0254 0.0260 0.0249 0.0216 
         532  1 0.9361 0.0149 0.0162 0.0165 0.0164 
         533  1 0.9484 0.0135 0.0125 0.0131 0.0125 
         534  1 0.9128 0.0230 0.0208 0.0228 0.0205 
         535  1 0.9440 0.0137 0.0148 0.0142 0.0134 
         536  1 0.9713 0.0073 0.0069 0.0073 0.0072 
         537  1 0.9613 0.0093 0.0098 0.0103 0.0092 
         538  1 0.9685 0.0076 0.0080 0.0078 0.0081 
         539  1 0.9734 0.0068 0.0062 0.0067 0.0069 
         540  1 0.9053 0.0207 0.0258 0.0251 0.0231 
         541  1 0.1671 0.2241 0.1323 0.2335 0.2430 
         542  1 0.9554 0.0123 0.0111 0.0109 0.0104 
         543  1 0.8695 0.0341 0.0332 0.0337 0.0295 
         544  1 0.9308 0.0167 0.0164 0.0172 0.0189 
         545  1 0.9709 0.0076 0.0076 0.0069 0.0070 
         546  1 0.5858 0.0951 0.1066 0.1215 0.0909 
         547  1 0.8342 0.0411 0.0427 0.0420 0.0400 
         548  1 0.9413 0.0143 0.0139 0.0147 0.0157 
         549  1 0.9397 0.0139 0.0162 0.0159 0.0142 
         550  1 0.9654 0.0084 0.0083 0.0088 0.0091 
         551  1 0.1051 0.1643 0.1522 0.2644 0.3140 
         552  1 0.9352 0.0160 0.0149 0.0177 0.0162 
         553  1 0.4898 0.1365 0.1487 0.1229 0.1021 
         554  1 0.7889 0.0676 0.0425 0.0499 0.0511 
         555  1 0.9633 0.0085 0.0090 0.0096 0.0096 
         556  1 0.8861 0.0351 0.0235 0.0257 0.0297 
         557  1 0.9688 0.0083 0.0073 0.0079 0.0077 
         558  1 0.8272 0.0512 0.0377 0.0421 0.0418 
         559  1 0.5479 0.1130 0.0962 0.1215 0.1214 
         560  1 0.8640 0.0390 0.0320 0.0303 0.0347 
         561  1 0.8281 0.0484 0.0435 0.0393 0.0406 
         562  1 0.9721 0.0073 0.0067 0.0070 0.0070 
         563  1 0.9502 0.0135 0.0110 0.0123 0.0130 
         564  1 0.9501 0.0120 0.0130 0.0128 0.0122 
         565  1 0.8561 0.0385 0.0301 0.0434 0.0320 
         566  1 0.3488 0.2325 0.1232 0.1660 0.1296 
         567  1 0.9385 0.0147 0.0163 0.0154 0.0151 
         568  1 0.8327 0.0468 0.0355 0.0411 0.0439 
         569  1 0.9400 0.0152 0.0152 0.0157 0.0139 
         570  1 0.3319 0.0816 0.3263 0.1745 0.0857 
         571  1 0.3580 0.2513 0.1126 0.1493 0.1288 
         572  1 0.8930 0.0329 0.0258 0.0245 0.0238 
         573  1 0.0111 0.2705 0.2072 0.2554 0.2559 
         574  1 0.1106 0.2569 0.1579 0.2296 0.2450 
         575  1 0.0636 0.1931 0.1531 0.2796 0.3105 
         576  1 0.0292 0.2122 0.1913 0.2079 0.3594 
         577  1 0.0180 0.2439 0.1939 0.2243 0.3198 
         578  1 0.2066 0.2637 0.1407 0.2110 0.1780 
         579  1 0.8814 0.0301 0.0275 0.0302 0.0308 
         580  1 0.5800 0.1322 0.0889 0.1097 0.0892 
         581  1 0.9540 0.0110 0.0116 0.0117 0.0117 
         582  1 0.0293 0.1518 0.4558 0.2592 0.1040 
         583  1 0.9427 0.0145 0.0145 0.0138 0.0144 
         584  1 0.6092 0.1262 0.0878 0.0850 0.0917 
         585  1 0.4810 0.1538 0.1106 0.1348 0.1198 
         586  1 0.9448 0.0158 0.0125 0.0133 0.0136 
         587  1 0.9269 0.0176 0.0219 0.0183 0.0153 
         588  1 0.9530 0.0110 0.0137 0.0115 0.0108 
         589  1 0.7666 0.0647 0.0631 0.0560 0.0497 
         590  1 0.9473 0.0130 0.0151 0.0130 0.0116 
         591  1 0.9447 0.0149 0.0132 0.0131 0.0141 
         592  1 0.8243 0.0456 0.0416 0.0456 0.0429 
         593  1 0.9538 0.0116 0.0117 0.0117 0.0112 
         594  1 0.3434 0.2059 0.1155 0.1651 0.1701 
         595  1 0.8037 0.0527 0.0464 0.0501 0.0470 
         596  1 0.9724 0.0071 0.0065 0.0073 0.0066 
         597  1 0.9451 0.0147 0.0131 0.0132 0.0138 
         598  1 0.5989 0.0923 0.1209 0.0988 0.0891 
         599  1 0.9655 0.0093 0.0085 0.0082 0.0085 
         600  1 0.9456 0.0134 0.0122 0.0143 0.0145 
         601  1 0.9644 0.0083 0.0091 0.0090 0.0093 
         602  1 0.7898 0.0664 0.0411 0.0493 0.0533 
         603  1 0.8769 0.0341 0.0273 0.0329 0.0287 
         604  1 0.5515 0.0875 0.1507 0.1149 0.0953 
         605  1 0.9007 0.0258 0.0255 0.0248 0.0233 
         606  1 0.8685 0.0290 0.0415 0.0332 0.0278 
         607  1 0.9716 0.0073 0.0069 0.0073 0.0069 
         608  1 0.5681 0.1310 0.0833 0.1171 0.1004 
         609  1 0.9066 0.0250 0.0239 0.0219 0.0226 
         610  1 0.9189 0.0246 0.0177 0.0210 0.0179 
         611  1 0.7244 0.0838 0.0581 0.0621 0.0716 
         612  1 0.0684 0.3967 0.1498 0.1977 0.1874 
         613  1 0.9596 0.0106 0.0098 0.0098 0.0101 
         614  1 0.9636 0.0084 0.0083 0.0095 0.0102 
         615  1 0.9594 0.0107 0.0095 0.0104 0.0101 
         616  1 0.8337 0.0502 0.0384 0.0426 0.0352 
         617  1 0.9322 0.0144 0.0201 0.0169 0.0164 
         618  1 0.8043 0.0722 0.0401 0.0441 0.0393 
         619  1 0.9455 0.0139 0.0156 0.0127 0.0123 
         620  1 0.9208 0.0210 0.0186 0.0206 0.0191 
         621  1 0.0638 0.1773 0.3349 0.2461 0.1779 
         622  1 0.9398 0.0159 0.0148 0.0142 0.0152 
         623  1 0.9045 0.0251 0.0262 0.0234 0.0209 
