           1  1 0.0411 0.0384 0.7586 0.0424 0.0350 0.0391 0.0453 
           2  1 0.0267 0.0312 0.7845 0.0216 0.0624 0.0499 0.0238 
           3  1 0.0209 0.0206 0.8809 0.0192 0.0201 0.0193 0.0191 
           4  1 0.0316 0.0243 0.8168 0.0164 0.0436 0.0433 0.0240 
           5  1 0.0179 0.0165 0.9016 0.0151 0.0164 0.0165 0.0160 
           6  1 0.0176 0.0175 0.8992 0.0157 0.0177 0.0160 0.0165 
           7  1 0.0363 0.0359 0.7314 0.0271 0.0814 0.0581 0.0298 
           8  1 0.0203 0.0191 0.8859 0.0167 0.0196 0.0200 0.0184 
           9  1 0.0222 0.0221 0.8703 0.0225 0.0195 0.0208 0.0225 
          10  1 0.0140 0.0138 0.9149 0.0142 0.0149 0.0138 0.0144 
          11  1 0.0308 0.0240 0.8380 0.0233 0.0319 0.0255 0.0264 
          12  1 0.1688 0.1667 0.1703 0.0920 0.1492 0.1225 0.1305 
          13  1 0.0596 0.0525 0.6670 0.0434 0.0622 0.0619 0.0536 
          14  1 0.1344 0.1175 0.2709 0.0875 0.1447 0.1376 0.1075 
          15  1 0.0840 0.0861 0.5071 0.1062 0.0732 0.0653 0.0781 
          16  1 0.1651 0.1984 0.0099 0.1925 0.1160 0.0989 0.2192 
          17  1 0.1478 0.2508 0.0075 0.2791 0.0733 0.0630 0.1786 
          18  1 0.1536 0.2413 0.0100 0.2683 0.0717 0.0780 0.1772 
          19  1 0.0998 0.1378 0.0216 0.1102 0.2932 0.2283 0.1091 
          20  1 0.1974 0.1296 0.0098 0.1484 0.0762 0.2126 0.2259 
          21  1 0.0672 0.1097 0.0127 0.0659 0.3901 0.2774 0.0770 
          22  1 0.1274 0.1288 0.1284 0.1181 0.2043 0.1819 0.1111 
          23  1 0.1470 0.1624 0.0327 0.1615 0.1530 0.1729 0.1706 
          24  1 0.1271 0.1383 0.0220 0.1145 0.2573 0.2166 0.1243 
          25  1 0.1658 0.1609 0.0188 0.1947 0.1670 0.1126 0.1803 
          26  1 0.1713 0.1053 0.0492 0.1264 0.1641 0.2334 0.1503 
          27  1 0.1736 0.1634 0.0123 0.1469 0.1360 0.1859 0.1818 
          28  1 0.1431 0.1522 0.0081 0.1712 0.1865 0.1702 0.1687 
          29  1 0.1732 0.1575 0.0102 0.2587 0.1205 0.0912 0.1887 
          30  1 0.1060 0.1658 0.0177 0.1705 0.2299 0.1675 0.1427 
          31  1 0.1250 0.1180 0.3269 0.0938 0.1175 0.1012 0.1176 
          32  1 0.0864 0.1272 0.0092 0.0840 0.3265 0.2687 0.0981 
          33  1 0.1604 0.1597 0.0116 0.1243 0.1818 0.1993 0.1629 
          34  1 0.0970 0.0926 0.4479 0.0878 0.0814 0.1054 0.0880 
          35  1 0.1857 0.1744 0.0350 0.1445 0.1782 0.1155 0.1667 
          36  1 0.1560 0.1403 0.0286 0.1935 0.1815 0.1221 0.1781 
          37  1 0.1921 0.1784 0.0542 0.1127 0.1223 0.1643 0.1760 
          38  1 0.1493 0.1759 0.0137 0.1891 0.1570 0.1434 0.1716 
          39  1 0.1732 0.1740 0.0109 0.1459 0.1809 0.1370 0.1780 
          40  1 0.1831 0.1763 0.0101 0.1279 0.1538 0.1857 0.1630 
          41  1 0.1774 0.1719 0.0175 0.1819 0.1070 0.1628 0.1816 
          42  1 0.1734 0.1245 0.0213 0.1482 0.1720 0.2020 0.1586 
          43  1 0.1968 0.1786 0.0236 0.1149 0.1435 0.1678 0.1748 
          44  1 0.1584 0.1714 0.0081 0.2047 0.1573 0.1043 0.1958 
          45  1 0.1811 0.1642 0.0145 0.1441 0.1363 0.1753 0.1845 
          46  1 0.1674 0.2080 0.0213 0.2266 0.1038 0.1064 0.1667 
          47  1 0.1686 0.1693 0.0222 0.1717 0.1195 0.1534 0.1954 
          48  1 0.1302 0.1267 0.0323 0.1113 0.2414 0.2093 0.1488 
          49  1 0.1296 0.1581 0.0383 0.1437 0.1962 0.2033 0.1307 
          50  1 0.1755 0.1425 0.0555 0.1657 0.0956 0.1750 0.1901 
          51  1 0.1960 0.1776 0.0363 0.1531 0.1003 0.1659 0.1708 
          52  1 0.1447 0.1672 0.0409 0.1392 0.2032 0.1735 0.1313 
          53  1 0.0462 0.0979 0.0222 0.0542 0.4288 0.2870 0.0638 
          54  1 0.1738 0.1466 0.0093 0.1643 0.1080 0.1984 0.1995 
          55  1 0.1218 0.2084 0.0080 0.2225 0.1613 0.1230 0.1550 
          56  1 0.1749 0.1619 0.0204 0.1892 0.1262 0.1448 0.1826 
          57  1 0.2031 0.1488 0.0419 0.1047 0.1886 0.1682 0.1447 
          58  1 0.1531 0.1924 0.0195 0.1971 0.1371 0.1459 0.1549 
          59  1 0.1587 0.2118 0.0109 0.2284 0.1139 0.1236 0.1526 
          60  1 0.1352 0.1289 0.0289 0.1020 0.2379 0.2356 0.1315 
          61  1 0.2283 0.1589 0.0064 0.1333 0.0952 0.1799 0.1980 
          62  1 0.1422 0.1773 0.0173 0.1763 0.1633 0.1534 0.1701 
          63  1 0.1892 0.1764 0.0257 0.2034 0.0724 0.1398 0.1931 
          64  1 0.1872 0.1483 0.0192 0.1906 0.1269 0.1637 0.1641 
          65  1 0.1630 0.1866 0.0091 0.2381 0.0975 0.1026 0.2031 
          66  1 0.1690 0.1569 0.0109 0.2140 0.1234 0.1273 0.1985 
          67  1 0.1518 0.2354 0.0126 0.2584 0.0901 0.0712 0.1805 
          68  1 0.1988 0.1365 0.0276 0.1401 0.0953 0.2092 0.1925 
          69  1 0.1782 0.1783 0.0079 0.1671 0.1078 0.1590 0.2016 
          70  1 0.1106 0.1660 0.0143 0.1721 0.2441 0.1627 0.1302 
          71  1 0.1949 0.1598 0.0119 0.1662 0.1154 0.1569 0.1949 
          72  1 0.1565 0.2385 0.0052 0.2797 0.0685 0.0752 0.1763 
          73  1 0.1644 0.1598 0.0312 0.1656 0.1744 0.1576 0.1470 
          74  1 0.1621 0.2348 0.0069 0.2424 0.0713 0.1001 0.1825 
          75  1 0.1841 0.1460 0.0147 0.1414 0.2125 0.1478 0.1535 
          76  1 0.1823 0.1436 0.0781 0.1431 0.0762 0.1800 0.1966 
          77  1 0.1486 0.1345 0.0645 0.1622 0.2125 0.1109 0.1668 
          78  1 0.1523 0.1701 0.0137 0.1924 0.0999 0.1507 0.2210 
          79  1 0.1376 0.1773 0.0080 0.1484 0.1856 0.1743 0.1688 
          80  1 0.1981 0.1374 0.0158 0.1601 0.0741 0.2073 0.2073 
          81  1 0.1563 0.1701 0.0164 0.1584 0.1752 0.1745 0.1492 
          82  1 0.2061 0.0972 0.0073 0.1454 0.0542 0.2531 0.2368 
          83  1 0.1873 0.1621 0.0146 0.1264 0.1426 0.1960 0.1711 
          84  1 0.2040 0.1281 0.0145 0.1198 0.1285 0.2455 0.1597 
          85  1 0.1765 0.1576 0.0128 0.1736 0.1350 0.1425 0.2020 
          86  1 0.1419 0.2343 0.0191 0.2542 0.1017 0.0906 0.1581 
          87  1 0.1542 0.1669 0.0075 0.2232 0.1133 0.1190 0.2159 
          88  1 0.1796 0.1711 0.0206 0.2025 0.0967 0.1486 0.1808 
          89  1 0.2013 0.1048 0.0102 0.1429 0.0518 0.2404 0.2486 
          90  1 0.1879 0.1372 0.0094 0.1198 0.1356 0.2128 0.1972 
          91  1 0.1503 0.1950 0.0093 0.2391 0.1058 0.1206 0.1800 
          92  1 0.1711 0.1831 0.0088 0.1907 0.1317 0.1326 0.1821 
          93  1 0.1475 0.2280 0.0183 0.2447 0.1022 0.0911 0.1682 
          94  1 0.0965 0.1404 0.0056 0.1029 0.3126 0.2461 0.0957 
          95  1 0.1336 0.1567 0.0134 0.1415 0.2205 0.1959 0.1384 
          96  1 0.1404 0.1484 0.1183 0.1021 0.1859 0.1796 0.1254 
          97  1 0.1466 0.2125 0.0107 0.2140 0.1522 0.1181 0.1459 
          98  1 0.1339 0.1405 0.0171 0.1542 0.2277 0.1772 0.1493 
          99  1 0.1519 0.1523 0.0195 0.1803 0.1660 0.1606 0.1694 
         100  1 0.1611 0.1616 0.0224 0.1412 0.1656 0.1901 0.1579 
         101  1 0.1872 0.1611 0.0199 0.1401 0.1676 0.1410 0.1831 
         102  1 0.1997 0.1778 0.0100 0.1259 0.1564 0.1670 0.1632 
         103  1 0.1335 0.1671 0.0438 0.1705 0.1741 0.1585 0.1525 
         104  1 0.1612 0.1502 0.0096 0.2274 0.1055 0.1372 0.2089 
         105  1 0.1505 0.1518 0.0172 0.2409 0.0792 0.1208 0.2396 
         106  1 0.1539 0.1506 0.0168 0.2376 0.0761 0.1251 0.2400 
         107  1 0.1910 0.1585 0.0738 0.0995 0.1449 0.1806 0.1515 
         108  1 0.0771 0.1383 0.0063 0.0994 0.3492 0.2362 0.0934 
         109  1 0.1418 0.1705 0.0280 0.1587 0.1898 0.1747 0.1365 
         110  1 0.1707 0.1699 0.0087 0.1881 0.1235 0.1458 0.1934 
         111  1 0.1465 0.1754 0.0181 0.2373 0.1516 0.1026 0.1683 
         112  1 0.1423 0.2079 0.0120 0.2291 0.1458 0.1157 0.1473 
         113  1 0.1630 0.1574 0.0057 0.2051 0.1250 0.1501 0.1937 
         114  1 0.1900 0.1501 0.0599 0.1100 0.1349 0.2015 0.1535 
         115  1 0.1632 0.1850 0.0098 0.2112 0.1083 0.1196 0.2029 
         116  1 0.2118 0.1891 0.0217 0.1109 0.1338 0.1769 0.1559 
         117  1 0.1663 0.1635 0.0131 0.1690 0.1306 0.1604 0.1969 
         118  1 0.1025 0.1428 0.0153 0.1391 0.2623 0.2158 0.1221 
         119  1 0.1351 0.2157 0.0157 0.2241 0.1329 0.1122 0.1642 
         120  1 0.1433 0.1407 0.1477 0.1344 0.1523 0.1503 0.1314 
         121  1 0.1374 0.1280 0.0642 0.1409 0.1894 0.2007 0.1395 
         122  1 0.1788 0.1792 0.0054 0.2029 0.1120 0.1203 0.2014 
         123  1 0.1851 0.1666 0.0116 0.1757 0.1126 0.1664 0.1820 
         124  1 0.1590 0.1399 0.0174 0.1726 0.1655 0.1897 0.1559 
         125  1 0.1501 0.1557 0.0064 0.2391 0.1064 0.1288 0.2135 
         126  1 0.1557 0.2168 0.0064 0.2312 0.1319 0.1003 0.1576 
         127  1 0.1638 0.1510 0.0242 0.1692 0.1898 0.1349 0.1670 
         128  1 0.1792 0.1627 0.0205 0.1815 0.1337 0.1370 0.1854 
         129  1 0.1701 0.1689 0.0153 0.2039 0.1282 0.1415 0.1721 
         130  1 0.1326 0.1832 0.0156 0.1597 0.1943 0.1747 0.1399 
         131  1 0.1560 0.2273 0.0116 0.2631 0.0764 0.0798 0.1858 
         132  1 0.1511 0.1363 0.0668 0.1213 0.1776 0.1957 0.1513 
         133  1 0.1539 0.2157 0.0064 0.2060 0.1331 0.1124 0.1725 
         134  1 0.1649 0.2063 0.0078 0.2294 0.1095 0.0988 0.1834 
         135  1 0.0566 0.1121 0.0057 0.0825 0.3900 0.2772 0.0760 
         136  1 0.1616 0.1712 0.0053 0.2193 0.0863 0.1178 0.2384 
         137  1 0.1488 0.2260 0.0304 0.2242 0.0906 0.1102 0.1698 
         138  1 0.1676 0.1566 0.0322 0.1420 0.1479 0.1819 0.1717 
         139  1 0.1623 0.1814 0.0146 0.2533 0.1240 0.1087 0.1557 
         140  1 0.0808 0.1105 0.0626 0.0786 0.3210 0.2513 0.0953 
         141  1 0.1715 0.1684 0.0070 0.1903 0.1385 0.1234 0.2009 
         142  1 0.1481 0.1960 0.0144 0.2321 0.1294 0.1010 0.1790 
         143  1 0.1063 0.1036 0.4714 0.0486 0.1059 0.0935 0.0707 
         144  1 0.1621 0.1522 0.0107 0.2575 0.0992 0.1356 0.1828 
         145  1 0.1671 0.1593 0.0453 0.1505 0.1459 0.1776 0.1543 
         146  1 0.0352 0.1026 0.0056 0.0565 0.4417 0.3011 0.0573 
         147  1 0.1767 0.1346 0.1786 0.0915 0.1336 0.1658 0.1192 
         148  1 0.1453 0.1976 0.0198 0.2090 0.1384 0.1207 0.1692 
         149  1 0.1784 0.1612 0.0213 0.1562 0.2081 0.0964 0.1784 
         150  1 0.1544 0.1499 0.0249 0.1776 0.1403 0.1769 0.1759 
         151  1 0.0860 0.1138 0.0185 0.0831 0.3433 0.2604 0.0948 
         152  1 0.1034 0.1393 0.0102 0.1411 0.2710 0.2131 0.1219 
         153  1 0.2177 0.1267 0.0157 0.1976 0.1121 0.1680 0.1623 
         154  1 0.0569 0.1272 0.0057 0.0775 0.3666 0.2868 0.0793 
         155  1 0.1724 0.1715 0.0236 0.1679 0.1538 0.1153 0.1955 
         156  1 0.1574 0.1515 0.0125 0.1624 0.1752 0.1596 0.1814 
         157  1 0.1740 0.1651 0.0298 0.1498 0.1566 0.1397 0.1850 
         158  1 0.1579 0.1593 0.0091 0.2042 0.1301 0.1501 0.1892 
         159  1 0.2055 0.1184 0.0101 0.1070 0.1207 0.2528 0.1854 
         160  1 0.1534 0.1577 0.0079 0.2194 0.1063 0.1489 0.2064 
         161  1 0.1496 0.1380 0.0371 0.1617 0.1849 0.1597 0.1690 
         162  1 0.1680 0.1627 0.0202 0.1895 0.1760 0.1131 0.1705 
         163  1 0.1443 0.2199 0.0122 0.2314 0.1225 0.1151 0.1547 
         164  1 0.1747 0.1666 0.0063 0.1972 0.0998 0.1351 0.2202 
         165  1 0.1696 0.1822 0.0411 0.1841 0.1102 0.1318 0.1810 
         166  1 0.0983 0.1144 0.0194 0.0694 0.3506 0.2618 0.0861 
         167  1 0.1752 0.1510 0.0085 0.1770 0.1410 0.1614 0.1860 
         168  1 0.1290 0.1423 0.0171 0.1452 0.2460 0.2019 0.1185 
         169  1 0.1925 0.1844 0.0457 0.1383 0.1301 0.1355 0.1736 
         170  1 0.1592 0.2099 0.0214 0.2287 0.1014 0.1105 0.1690 
         171  1 0.1507 0.2520 0.0082 0.2867 0.0598 0.0620 0.1806 
         172  1 0.1528 0.1816 0.0147 0.2042 0.1572 0.1260 0.1635 
         173  1 0.1788 0.1494 0.0483 0.1518 0.1642 0.1397 0.1678 
         174  1 0.2219 0.1798 0.0238 0.1232 0.1268 0.1683 0.1561 
         175  1 0.1854 0.1645 0.0165 0.1665 0.1055 0.1638 0.1979 
         176  1 0.1666 0.1645 0.0207 0.1997 0.1510 0.1375 0.1600 
         177  1 0.1639 0.1963 0.0207 0.2102 0.1087 0.1136 0.1867 
         178  1 0.1644 0.1748 0.0468 0.1813 0.1092 0.1352 0.1883 
         179  1 0.0672 0.1286 0.0084 0.0990 0.3325 0.2619 0.1024 
         180  1 0.1634 0.1654 0.0171 0.1581 0.1707 0.1395 0.1857 
         181  1 0.1581 0.1502 0.1191 0.1753 0.1323 0.1069 0.1581 
         182  1 0.1380 0.1554 0.0266 0.1632 0.1876 0.1686 0.1607 
         183  1 0.1809 0.1656 0.0156 0.1783 0.0948 0.1710 0.1937 
         184  1 0.1133 0.1421 0.0344 0.1131 0.2622 0.2017 0.1332 
         185  1 0.1730 0.1823 0.0302 0.2217 0.1012 0.1238 0.1678 
         186  1 0.1912 0.1954 0.0129 0.1648 0.1547 0.1250 0.1561 
         187  1 0.1921 0.1269 0.0160 0.1394 0.1394 0.2016 0.1847 
         188  1 0.1826 0.1725 0.0224 0.1204 0.1618 0.1795 0.1608 
         189  1 0.0908 0.1394 0.0176 0.1452 0.2927 0.2041 0.1100 
         190  1 0.1310 0.1267 0.0162 0.1103 0.2505 0.2282 0.1372 
         191  1 0.1560 0.1733 0.0289 0.1832 0.1690 0.1150 0.1746 
         192  1 0.1484 0.1598 0.0128 0.1653 0.1701 0.1807 0.1629 
         193  1 0.1795 0.1481 0.0613 0.1319 0.1267 0.1802 0.1723 
         194  1 0.1302 0.1507 0.0228 0.1316 0.2294 0.1945 0.1408 
         195  1 0.1394 0.1615 0.0319 0.1752 0.1912 0.1722 0.1286 
         196  1 0.1778 0.1542 0.1079 0.1502 0.1064 0.1540 0.1495 
         197  1 0.1370 0.2048 0.0066 0.1553 0.2026 0.1559 0.1378 
         198  1 0.1115 0.1341 0.0099 0.1190 0.2810 0.2306 0.1139 
         199  1 0.1550 0.2103 0.0114 0.2181 0.1223 0.1072 0.1757 
         200  1 0.1936 0.1543 0.0122 0.1204 0.1442 0.2045 0.1709 
         201  1 0.1635 0.1874 0.0137 0.2261 0.0982 0.1262 0.1849 
         202  1 0.1958 0.1376 0.0762 0.1221 0.1144 0.1955 0.1583 
         203  1 0.1757 0.1614 0.0161 0.1565 0.1838 0.0996 0.2069 
         204  1 0.1563 0.2004 0.0236 0.2370 0.0898 0.1062 0.1867 
         205  1 0.1534 0.1955 0.0074 0.2128 0.1281 0.1291 0.1738 
         206  1 0.1731 0.1842 0.0118 0.2215 0.0830 0.1329 0.1936 
         207  1 0.1476 0.1609 0.0169 0.1537 0.1828 0.1885 0.1497 
         208  1 0.1952 0.1563 0.0363 0.1354 0.1921 0.1315 0.1532 
         209  1 0.2400 0.1851 0.0108 0.1350 0.0798 0.1686 0.1807 
         210  1 0.1578 0.2113 0.0084 0.2029 0.1174 0.1002 0.2020 
         211  1 0.0773 0.1348 0.0077 0.0959 0.3178 0.2585 0.1080 
         212  1 0.1645 0.1641 0.0156 0.2243 0.1275 0.1230 0.1810 
         213  1 0.1866 0.1569 0.0508 0.1349 0.1318 0.1695 0.1696 
         214  1 0.1708 0.1425 0.0107 0.1448 0.1474 0.1956 0.1881 
         215  1 0.1915 0.1801 0.0168 0.1701 0.0875 0.1659 0.1881 
         216  1 0.1046 0.1342 0.0256 0.0950 0.2925 0.2370 0.1110 
         217  1 0.1999 0.1436 0.0260 0.1245 0.1720 0.1712 0.1627 
         218  1 0.1602 0.1589 0.0217 0.1898 0.1406 0.1444 0.1843 
         219  1 0.1689 0.1727 0.0086 0.1607 0.1727 0.1228 0.1936 
         220  1 0.2030 0.1442 0.0241 0.1402 0.0982 0.1926 0.1978 
         221  1 0.1784 0.1742 0.0070 0.2035 0.1512 0.1381 0.1476 
         222  1 0.1573 0.1999 0.0058 0.2224 0.1164 0.1132 0.1850 
         223  1 0.1478 0.1805 0.0226 0.1466 0.1995 0.1591 0.1440 
         224  1 0.0817 0.1159 0.0075 0.0890 0.3436 0.2659 0.0963 
         225  1 0.1583 0.1909 0.0064 0.1902 0.1457 0.1362 0.1722 
         226  1 0.1875 0.1838 0.0110 0.1999 0.1348 0.1257 0.1573 
         227  1 0.1579 0.1536 0.0093 0.1891 0.1150 0.1716 0.2035 
         228  1 0.1706 0.1220 0.0371 0.2208 0.1146 0.1466 0.1882 
         229  1 0.0852 0.1360 0.0084 0.0847 0.3294 0.2649 0.0914 
         230  1 0.1898 0.1375 0.0172 0.1585 0.0935 0.2133 0.1901 
         231  1 0.2075 0.1656 0.0205 0.1096 0.1238 0.2024 0.1705 
         232  1 0.1373 0.1925 0.0073 0.2551 0.0926 0.1084 0.2069 
         233  1 0.1680 0.1345 0.0182 0.1396 0.1716 0.2196 0.1485 
         234  1 0.1757 0.1997 0.0097 0.2133 0.0973 0.1306 0.1736 
         235  1 0.1678 0.1711 0.0162 0.2099 0.1427 0.1147 0.1775 
         236  1 0.1691 0.1565 0.0508 0.1525 0.1669 0.1340 0.1701 
         237  1 0.1573 0.1354 0.0071 0.1995 0.1479 0.1662 0.1867 
         238  1 0.1600 0.1448 0.0226 0.1033 0.1966 0.2381 0.1346 
         239  1 0.1738 0.1659 0.0926 0.1211 0.1233 0.1519 0.1712 
         240  1 0.1658 0.2266 0.0066 0.2128 0.1352 0.1009 0.1521 
         241  1 0.1635 0.2271 0.0067 0.2144 0.1343 0.1010 0.1531 
         242  1 0.1914 0.1644 0.0226 0.1008 0.1509 0.1984 0.1715 
         243  1 0.1398 0.1667 0.0128 0.1835 0.2221 0.1603 0.1148 
         244  1 0.1694 0.1721 0.0323 0.1311 0.1986 0.1499 0.1467 
         245  1 0.1662 0.1981 0.0079 0.2294 0.0926 0.0963 0.2095 
         246  1 0.1911 0.1794 0.1019 0.1103 0.1442 0.1246 0.1486 
         247  1 0.1859 0.1794 0.0124 0.1455 0.1619 0.1517 0.1632 
         248  1 0.1544 0.1628 0.0312 0.1652 0.1905 0.1495 0.1464 
         249  1 0.2093 0.1432 0.0236 0.1222 0.0944 0.2094 0.1979 
         250  1 0.2030 0.1949 0.0126 0.1543 0.1134 0.1395 0.1824 
         251  1 0.1315 0.2029 0.0094 0.1875 0.1693 0.1518 0.1476 
         252  1 0.1135 0.0927 0.3837 0.0968 0.1116 0.1030 0.0986 
         253  1 0.0802 0.1097 0.0454 0.0799 0.3396 0.2580 0.0872 
         254  1 0.1793 0.2114 0.0078 0.1941 0.0920 0.1336 0.1818 
         255  1 0.1554 0.2319 0.0175 0.2475 0.0839 0.0919 0.1720 
         256  1 0.1650 0.2197 0.0101 0.2421 0.0862 0.1070 0.1699 
         257  1 0.1484 0.2110 0.0078 0.2599 0.0983 0.0911 0.1836 
         258  1 0.1629 0.1351 0.0131 0.1301 0.2131 0.1930 0.1528 
         259  1 0.1082 0.1231 0.0339 0.1160 0.2807 0.2185 0.1197 
         260  1 0.1419 0.1637 0.0096 0.1768 0.1685 0.1643 0.1752 
         261  1 0.1560 0.1442 0.0222 0.2122 0.0935 0.1604 0.2115 
         262  1 0.1721 0.1855 0.0385 0.1689 0.1167 0.1418 0.1767 
         263  1 0.1806 0.1857 0.0284 0.1568 0.1240 0.1581 0.1664 
         264  1 0.1682 0.2292 0.0189 0.2491 0.0752 0.0924 0.1670 
         265  1 0.1394 0.1520 0.0125 0.1242 0.2449 0.1975 0.1295 
         266  1 0.1415 0.2238 0.0118 0.2457 0.1183 0.0808 0.1781 
         267  1 0.1692 0.1669 0.0557 0.1140 0.1673 0.1515 0.1755 
         268  1 0.1650 0.1615 0.0118 0.1744 0.1491 0.1579 0.1802 
         269  1 0.1483 0.1501 0.0101 0.0995 0.2325 0.2344 0.1251 
         270  1 0.1592 0.1683 0.0059 0.2254 0.1531 0.1192 0.1688 
         271  1 0.1407 0.2236 0.0122 0.2508 0.1161 0.0778 0.1788 
         272  1 0.0809 0.1172 0.0245 0.0761 0.3437 0.2673 0.0903 
         273  1 0.1224 0.1340 0.0187 0.1210 0.2395 0.2312 0.1332 
         274  1 0.1801 0.1415 0.0280 0.1603 0.1145 0.1865 0.1891 
         275  1 0.1829 0.1488 0.0096 0.1591 0.1206 0.1781 0.2009 
         276  1 0.1689 0.1500 0.0130 0.2241 0.1266 0.1306 0.1868 
         277  1 0.0874 0.1732 0.0068 0.1591 0.2620 0.1930 0.1185 
         278  1 0.0311 0.1002 0.0076 0.0468 0.4554 0.3032 0.0556 
         279  1 0.1387 0.1914 0.0192 0.2212 0.1440 0.1158 0.1697 
         280  1 0.1502 0.1720 0.0104 0.2292 0.1208 0.1356 0.1817 
         281  1 0.1405 0.2066 0.0201 0.2205 0.1368 0.1114 0.1642 
         282  1 0.1266 0.1770 0.0162 0.1750 0.1936 0.1775 0.1340 
         283  1 0.1250 0.2031 0.0122 0.1972 0.1897 0.1319 0.1410 
         284  1 0.1289 0.1607 0.0080 0.1599 0.2046 0.1967 0.1412 
         285  1 0.2031 0.1450 0.0125 0.1311 0.1810 0.1622 0.1650 
         286  1 0.2042 0.1333 0.0168 0.1140 0.1236 0.2227 0.1854 
         287  1 0.1494 0.1948 0.0101 0.1963 0.1651 0.1417 0.1426 
         288  1 0.1525 0.1802 0.0176 0.1846 0.1359 0.1638 0.1654 
         289  1 0.1386 0.1726 0.0161 0.1721 0.1916 0.1713 0.1377 
         290  1 0.0671 0.1142 0.0213 0.0822 0.3522 0.2674 0.0955 
         291  1 0.1681 0.1582 0.0276 0.1726 0.1719 0.1138 0.1877 
         292  1 0.1592 0.1726 0.0084 0.1567 0.1610 0.1743 0.1678 
         293  1 0.2150 0.1755 0.0083 0.1262 0.1189 0.1806 0.1755 
         294  1 0.0961 0.1745 0.0221 0.1548 0.2347 0.1979 0.1200 
         295  1 0.1499 0.1753 0.0165 0.2102 0.1614 0.1480 0.1385 
         296  1 0.1843 0.1881 0.0235 0.1755 0.1189 0.1467 0.1630 
         297  1 0.1693 0.1535 0.0767 0.1450 0.1739 0.1158 0.1658 
         298  1 0.1716 0.1573 0.0157 0.1987 0.1189 0.1232 0.2147 
         299  1 0.1500 0.1748 0.0058 0.2352 0.0940 0.1110 0.2292 
         300  1 0.1734 0.1518 0.0257 0.1617 0.1549 0.1734 0.1590 
         301  1 0.1899 0.1610 0.0193 0.1075 0.1707 0.2006 0.1511 
         302  1 0.1497 0.2024 0.0128 0.2466 0.1083 0.1021 0.1782 
         303  1 0.2103 0.1812 0.0372 0.0950 0.1699 0.1451 0.1613 
         304  1 0.1069 0.1297 0.0119 0.0982 0.2922 0.2523 0.1088 
         305  1 0.0846 0.1101 0.0095 0.0837 0.3502 0.2674 0.0947 
         306  1 0.1698 0.1827 0.0111 0.1986 0.1184 0.1342 0.1852 
         307  1 0.2046 0.1823 0.0176 0.1341 0.1271 0.1608 0.1735 
         308  1 0.2025 0.1313 0.0161 0.1364 0.1304 0.2322 0.1512 
         309  1 0.0585 0.1000 0.0096 0.0608 0.3969 0.2953 0.0788 
         310  1 0.1573 0.1413 0.0135 0.1499 0.2095 0.1701 0.1584 
         311  1 0.1866 0.1565 0.0241 0.1373 0.1188 0.1915 0.1852 
         312  1 0.2061 0.1285 0.0189 0.1162 0.0950 0.2416 0.1937 
         313  1 0.1427 0.1739 0.0157 0.1883 0.1830 0.1468 0.1496 
         314  1 0.1681 0.1357 0.0088 0.2234 0.1165 0.1481 0.1995 
         315  1 0.1700 0.1532 0.0544 0.1266 0.1434 0.1920 0.1603 
         316  1 0.2078 0.1343 0.0543 0.1357 0.1011 0.1897 0.1771 
         317  1 0.1738 0.1743 0.0606 0.1715 0.1060 0.1244 0.1894 
         318  1 0.1733 0.1573 0.0108 0.2748 0.1230 0.0930 0.1678 
         319  1 0.1287 0.2063 0.0089 0.1939 0.1873 0.1406 0.1343 
         320  1 0.1645 0.2085 0.0069 0.1962 0.1153 0.1277 0.1809 
         321  1 0.1679 0.1950 0.0132 0.2041 0.1093 0.1331 0.1774 
         322  1 0.1506 0.2132 0.0261 0.2487 0.1159 0.0865 0.1591 
         323  1 0.1121 0.1343 0.0137 0.1166 0.2696 0.2307 0.1230 
         324  1 0.1874 0.1593 0.0114 0.1299 0.1743 0.1687 0.1690 
         325  1 0.1505 0.2106 0.0057 0.2410 0.1245 0.0992 0.1685 
         326  1 0.1611 0.1670 0.0078 0.1131 0.1912 0.2149 0.1449 
         327  1 0.2013 0.1754 0.0237 0.1132 0.1619 0.1665 0.1581 
         328  1 0.1693 0.1886 0.0738 0.1624 0.1210 0.1257 0.1593 
         329  1 0.1399 0.1276 0.0077 0.0913 0.2600 0.2554 0.1180 
         330  1 0.1662 0.2271 0.0352 0.2382 0.0680 0.0890 0.1765 
         331  1 0.1591 0.1731 0.0140 0.1972 0.1701 0.1641 0.1225 
         332  1 0.1459 0.1983 0.0212 0.2332 0.1184 0.1054 0.1776 
         333  1 0.1827 0.1795 0.0187 0.1239 0.1560 0.1595 0.1797 
         334  1 0.1487 0.1346 0.0904 0.1728 0.1883 0.0978 0.1675 
         335  1 0.1573 0.2114 0.0069 0.2357 0.1069 0.0824 0.1994 
         336  1 0.1205 0.1481 0.0114 0.1502 0.2377 0.2057 0.1264 
         337  1 0.1540 0.1936 0.0333 0.2213 0.1250 0.1237 0.1491 
         338  1 0.1338 0.1444 0.0283 0.1515 0.2477 0.1719 0.1223 
         339  1 0.1545 0.1474 0.0881 0.1795 0.1464 0.1489 0.1353 
         340  1 0.1818 0.1290 0.0140 0.2690 0.1248 0.1179 0.1635 
         341  1 0.1602 0.1912 0.0138 0.2314 0.0988 0.1072 0.1976 
         342  1 0.1470 0.1240 0.2982 0.0948 0.0726 0.1342 0.1292 
         343  1 0.1579 0.1853 0.0251 0.1786 0.1443 0.1241 0.1847 
         344  1 0.1532 0.1609 0.0222 0.2292 0.1301 0.1204 0.1838 
         345  1 0.1538 0.2030 0.0302 0.1719 0.1725 0.1341 0.1345 
         346  1 0.1647 0.1785 0.0170 0.1723 0.1578 0.1152 0.1945 
         347  1 0.1751 0.1235 0.0391 0.1360 0.1363 0.2246 0.1653 
         348  1 0.1748 0.1736 0.0052 0.1981 0.0959 0.1237 0.2287 
         349  1 0.1566 0.1140 0.1397 0.1390 0.1130 0.1927 0.1450 
         350  1 0.1466 0.1521 0.0149 0.1934 0.1288 0.1632 0.2011 
         351  1 0.1612 0.2029 0.0109 0.2320 0.1179 0.1034 0.1717 
         352  1 0.1238 0.1705 0.0063 0.1581 0.2086 0.1881 0.1446 
         353  1 0.1552 0.2355 0.0071 0.2688 0.0759 0.0845 0.1729 
         354  1 0.1797 0.1543 0.0112 0.1695 0.1134 0.1681 0.2039 
         355  1 0.2067 0.1412 0.0153 0.1279 0.0767 0.2144 0.2177 
         356  1 0.1943 0.1879 0.0412 0.1166 0.1299 0.1471 0.1829 
         357  1 0.1948 0.1989 0.0098 0.1337 0.1505 0.1481 0.1642 
         358  1 0.1579 0.1654 0.0067 0.2159 0.1082 0.1093 0.2366 
         359  1 0.1537 0.1576 0.1737 0.1218 0.1148 0.1294 0.1490 
         360  1 0.1715 0.1515 0.0152 0.2067 0.1551 0.1313 0.1687 
         361  1 0.1824 0.1521 0.0958 0.1118 0.1235 0.1699 0.1646 
         362  1 0.1839 0.1154 0.0231 0.1269 0.1315 0.2432 0.1762 
         363  1 0.1526 0.1765 0.0075 0.2050 0.1192 0.1272 0.2120 
         364  1 0.1463 0.1876 0.0454 0.2081 0.1428 0.1293 0.1405 
         365  1 0.1569 0.1591 0.1140 0.1793 0.1350 0.1030 0.1528 
         366  1 0.1776 0.1683 0.0189 0.1597 0.1437 0.1515 0.1803 
         367  1 0.1292 0.1445 0.0182 0.1088 0.2590 0.2030 0.1374 
         368  1 0.1354 0.2312 0.0114 0.2711 0.1086 0.0813 0.1610 
         369  1 0.1896 0.1210 0.0074 0.1408 0.1491 0.2285 0.1635 
         370  1 0.1230 0.1446 0.0087 0.1264 0.2462 0.2069 0.1442 
         371  1 0.1453 0.2183 0.0099 0.2655 0.0696 0.1022 0.1893 
         372  1 0.1977 0.1190 0.0702 0.0927 0.1109 0.2431 0.1664 
         373  1 0.2027 0.1281 0.0700 0.1070 0.1236 0.2161 0.1525 
         374  1 0.1406 0.1690 0.0591 0.1630 0.1750 0.1437 0.1498 
         375  1 0.1711 0.1586 0.0163 0.1326 0.1556 0.2014 0.1644 
         376  1 0.1465 0.1828 0.0082 0.2111 0.1640 0.1318 0.1556 
         377  1 0.1464 0.1771 0.0194 0.2359 0.1054 0.1261 0.1897 
         378  1 0.1753 0.1773 0.0178 0.1561 0.1498 0.1532 0.1706 
         379  1 0.1803 0.1412 0.0197 0.1733 0.0946 0.1877 0.2030 
         380  1 0.1460 0.2510 0.0091 0.2780 0.0801 0.0659 0.1700 
         381  1 0.1794 0.1746 0.0154 0.1979 0.1388 0.1206 0.1734 
         382  1 0.1560 0.1842 0.0106 0.1735 0.1810 0.1293 0.1655 
         383  1 0.1781 0.1693 0.0112 0.1432 0.1663 0.1641 0.1678 
         384  1 0.1732 0.1966 0.0121 0.1937 0.1075 0.1412 0.1756 
         385  1 0.1765 0.1551 0.0147 0.1147 0.1790 0.2085 0.1515 
         386  1 0.1994 0.1746 0.0163 0.1896 0.1091 0.1474 0.1635 
         387  1 0.1321 0.1746 0.0183 0.1745 0.1869 0.1681 0.1455 
         388  1 0.1585 0.1431 0.0603 0.2094 0.1485 0.1023 0.1778 
         389  1 0.1900 0.1480 0.0073 0.1456 0.1295 0.1984 0.1813 
         390  1 0.1766 0.2506 0.0098 0.2821 0.0629 0.0607 0.1573 
         391  1 0.1220 0.1591 0.0150 0.1717 0.1997 0.1610 0.1715 
         392  1 0.1704 0.1474 0.0197 0.1667 0.1699 0.1752 0.1507 
         393  1 0.1554 0.1739 0.0114 0.1910 0.1558 0.1449 0.1676 
         394  1 0.1599 0.1487 0.0239 0.1888 0.1159 0.1603 0.2026 
         395  1 0.1288 0.1426 0.1485 0.1480 0.1240 0.1618 0.1463 
         396  1 0.1815 0.1651 0.0063 0.1492 0.1375 0.1634 0.1969 
         397  1 0.1816 0.1668 0.0198 0.1763 0.1590 0.1231 0.1733 
         398  1 0.1261 0.1607 0.0188 0.1546 0.2253 0.1857 0.1287 
         399  1 0.1570 0.1834 0.0126 0.2608 0.1137 0.1042 0.1684 
         400  1 0.1940 0.1893 0.0254 0.1827 0.1331 0.1209 0.1546 
         401  1 0.1733 0.1693 0.0121 0.1713 0.1589 0.1652 0.1499 
         402  1 0.1589 0.1510 0.1129 0.1330 0.1952 0.0992 0.1499 
         403  1 0.1754 0.1770 0.0202 0.1491 0.2070 0.0932 0.1781 
         404  1 0.0685 0.0673 0.6192 0.0545 0.0647 0.0572 0.0687 
         405  1 0.1763 0.1457 0.0366 0.2748 0.1202 0.1001 0.1462 
         406  1 0.2166 0.1482 0.0544 0.0961 0.1751 0.1538 0.1557 
         407  1 0.1032 0.0779 0.5250 0.0731 0.0722 0.0718 0.0768 
         408  1 0.1255 0.1552 0.0143 0.1734 0.2107 0.1818 0.1391 
         409  1 0.0871 0.0995 0.1035 0.0580 0.3064 0.2556 0.0899 
         410  1 0.1548 0.1874 0.0115 0.2609 0.1085 0.0992 0.1776 
         411  1 0.1864 0.1534 0.0130 0.2223 0.0835 0.1523 0.1892 
         412  1 0.1203 0.1500 0.0257 0.1329 0.2414 0.2059 0.1238 
         413  1 0.2000 0.1537 0.0792 0.0915 0.1564 0.1737 0.1454 
         414  1 0.1473 0.1850 0.0239 0.1829 0.1457 0.1492 0.1661 
         415  1 0.0970 0.1138 0.0083 0.1107 0.3135 0.2469 0.1099 
         416  1 0.1474 0.1664 0.0080 0.2377 0.1352 0.1007 0.2047 
         417  1 0.1903 0.1252 0.0134 0.1704 0.0780 0.1870 0.2357 
         418  1 0.2039 0.1900 0.0097 0.1402 0.1167 0.1630 0.1765 
         419  1 0.1108 0.1123 0.0444 0.0829 0.2867 0.2556 0.1073 
         420  1 0.1744 0.1381 0.0526 0.2212 0.1411 0.1208 0.1517 
         421  1 0.2338 0.1628 0.0087 0.0986 0.1126 0.2103 0.1732 
         422  1 0.1671 0.1854 0.0092 0.2376 0.1175 0.1103 0.1728 
         423  1 0.1609 0.1644 0.0202 0.1726 0.1662 0.1282 0.1874 
         424  1 0.1446 0.1653 0.0073 0.2074 0.1376 0.1637 0.1741 
         425  1 0.1761 0.1445 0.0118 0.2823 0.1113 0.0907 0.1833 
         426  1 0.1738 0.1569 0.0363 0.1846 0.1486 0.1336 0.1663 
         427  1 0.1674 0.1209 0.0204 0.2524 0.1067 0.1400 0.1923 
         428  1 0.1796 0.1815 0.0236 0.1327 0.1959 0.1247 0.1620 
         429  1 0.1734 0.1405 0.0144 0.2616 0.1223 0.1122 0.1757 
         430  1 0.1615 0.1434 0.0101 0.1234 0.1957 0.1978 0.1681 
         431  1 0.2145 0.1119 0.0111 0.1081 0.0754 0.2780 0.2011 
         432  1 0.1270 0.1105 0.3590 0.0949 0.1129 0.0922 0.1035 
         433  1 0.1563 0.1507 0.0429 0.1799 0.1561 0.1326 0.1815 
         434  1 0.1694 0.1487 0.0186 0.1350 0.1838 0.1968 0.1475 
         435  1 0.1847 0.1645 0.0149 0.1774 0.1835 0.1093 0.1657 
         436  1 0.1720 0.1595 0.0201 0.2216 0.1115 0.1260 0.1893 
         437  1 0.1823 0.1489 0.0088 0.1825 0.1078 0.1729 0.1967 
         438  1 0.1678 0.1782 0.0117 0.1913 0.1255 0.1374 0.1880 
         439  1 0.1258 0.0946 0.3525 0.1030 0.1184 0.0965 0.1092 
         440  1 0.1756 0.1437 0.0523 0.1574 0.1222 0.1538 0.1951 
         441  1 0.1640 0.1322 0.0202 0.1223 0.1934 0.2235 0.1444 
         442  1 0.0659 0.1040 0.0121 0.0778 0.3729 0.2918 0.0755 
         443  1 0.1500 0.1409 0.0347 0.0706 0.2714 0.2247 0.1078 
         444  1 0.1794 0.1669 0.0300 0.1590 0.1724 0.1293 0.1630 
         445  1 0.1776 0.1264 0.1129 0.1465 0.0933 0.1680 0.1754 
         446  1 0.1803 0.1365 0.0894 0.1270 0.1338 0.1849 0.1480 
         447  1 0.1934 0.1508 0.0207 0.1342 0.1540 0.1901 0.1568 
         448  1 0.1819 0.1648 0.0890 0.1406 0.1340 0.1458 0.1440 
         449  1 0.1677 0.1240 0.0933 0.0819 0.1847 0.2163 0.1322 
         450  1 0.2009 0.1557 0.0516 0.0723 0.1634 0.2063 0.1499 
         451  1 0.0679 0.1046 0.0172 0.0575 0.3809 0.2883 0.0837 
         452  1 0.1812 0.1685 0.0504 0.2065 0.1269 0.1099 0.1566 
         453  1 0.1665 0.1666 0.0871 0.1816 0.1129 0.1137 0.1716 
         454  1 0.1548 0.1487 0.1123 0.1056 0.1530 0.1968 0.1289 
         455  1 0.1678 0.1505 0.0895 0.0867 0.1729 0.2012 0.1312 
         456  1 0.1674 0.1507 0.1215 0.0798 0.1708 0.1851 0.1245 
         457  1 0.1960 0.1253 0.0667 0.1546 0.1182 0.1818 0.1573 
         458  1 0.1951 0.1802 0.0621 0.0966 0.1777 0.1417 0.1467 
         459  1 0.1539 0.1413 0.0110 0.1313 0.2206 0.2036 0.1383 
         460  1 0.0576 0.0983 0.0101 0.0563 0.3946 0.3060 0.0771 
         461  1 0.1980 0.1246 0.0979 0.1328 0.0872 0.1840 0.1754 
         462  1 0.0100 0.0093 0.9432 0.0099 0.0094 0.0086 0.0095 
         463  1 0.0119 0.0123 0.9318 0.0106 0.0109 0.0109 0.0116 
         464  1 0.0247 0.0222 0.8676 0.0190 0.0235 0.0191 0.0239 
         465  1 0.1870 0.1138 0.1865 0.0766 0.0994 0.2010 0.1358 
         466  1 0.0278 0.0260 0.8363 0.0301 0.0224 0.0262 0.0312 
         467  1 0.1540 0.1242 0.2292 0.0875 0.1602 0.1287 0.1162 
         468  1 0.1211 0.1277 0.2569 0.1580 0.0991 0.1092 0.1281 
         469  1 0.1988 0.1482 0.1130 0.0889 0.1316 0.1660 0.1534 
         470  1 0.0672 0.0545 0.6596 0.0536 0.0437 0.0603 0.0610 
         471  1 0.1665 0.1497 0.2277 0.0755 0.1408 0.1260 0.1138 
         472  1 0.1608 0.1320 0.2015 0.1171 0.1530 0.0991 0.1364 
         473  1 0.1614 0.1365 0.1601 0.1272 0.1265 0.1473 0.1410 
         474  1 0.0164 0.0167 0.9000 0.0172 0.0172 0.0162 0.0164 
         475  1 0.1015 0.0495 0.5763 0.0492 0.0482 0.1000 0.0753 
         476  1 0.0306 0.0296 0.8278 0.0248 0.0316 0.0293 0.0264 
         477  1 0.0227 0.0212 0.8718 0.0188 0.0207 0.0233 0.0215 
         478  1 0.1191 0.1232 0.2634 0.1377 0.1094 0.1241 0.1231 
         479  1 0.0207 0.0165 0.8847 0.0176 0.0209 0.0201 0.0196 
         480  1 0.0185 0.0167 0.9038 0.0137 0.0162 0.0153 0.0157 
         481  1 0.0379 0.0347 0.8157 0.0221 0.0399 0.0213 0.0284 
         482  1 0.0083 0.0088 0.9493 0.0081 0.0086 0.0083 0.0086 
         483  1 0.0440 0.0389 0.8060 0.0194 0.0377 0.0224 0.0317 
         484  1 0.1897 0.1571 0.0554 0.1225 0.1748 0.1372 0.1633 
         485  1 0.1177 0.0876 0.4899 0.0496 0.1209 0.0652 0.0691 
         486  1 0.0432 0.0363 0.7709 0.0301 0.0356 0.0444 0.0395 
         487  1 0.0106 0.0095 0.9415 0.0099 0.0101 0.0090 0.0095 
         488  1 0.0283 0.0278 0.8391 0.0242 0.0265 0.0280 0.0261 
         489  1 0.1391 0.0894 0.3595 0.0891 0.0735 0.1336 0.1158 
         490  1 0.1485 0.1071 0.1888 0.1697 0.1355 0.1126 0.1377 
         491  1 0.0203 0.0190 0.8797 0.0186 0.0208 0.0213 0.0203 
         492  1 0.0675 0.0515 0.6750 0.0461 0.0426 0.0626 0.0546 
         493  1 0.0139 0.0129 0.9216 0.0133 0.0133 0.0118 0.0132 
         494  1 0.0084 0.0086 0.9503 0.0085 0.0081 0.0078 0.0084 
         495  1 0.0084 0.0078 0.9530 0.0075 0.0083 0.0073 0.0077 
         496  1 0.0269 0.0246 0.8516 0.0206 0.0278 0.0249 0.0236 
         497  1 0.1514 0.1113 0.0554 0.1041 0.2092 0.2449 0.1236 
         498  1 0.1484 0.1256 0.2641 0.0829 0.1470 0.1230 0.1090 
         499  1 0.0177 0.0150 0.9009 0.0138 0.0172 0.0199 0.0155 
         500  1 0.1101 0.0760 0.4189 0.0515 0.1109 0.1556 0.0770 
         501  1 0.0156 0.0118 0.9217 0.0111 0.0154 0.0105 0.0139 
         502  1 0.0135 0.0129 0.9203 0.0139 0.0128 0.0131 0.0134 
         503  1 0.0158 0.0120 0.9320 0.0095 0.0110 0.0099 0.0099 
         504  1 0.0189 0.0173 0.8983 0.0157 0.0186 0.0148 0.0165 
         505  1 0.0545 0.0553 0.6799 0.0527 0.0587 0.0448 0.0541 
         506  1 0.0378 0.0356 0.7635 0.0274 0.0534 0.0488 0.0336 
         507  1 0.0215 0.0197 0.8737 0.0159 0.0244 0.0266 0.0184 
         508  1 0.0948 0.0826 0.5450 0.0771 0.0554 0.0689 0.0761 
         509  1 0.0072 0.0073 0.9574 0.0070 0.0067 0.0068 0.0076 
         510  1 0.0185 0.0160 0.8990 0.0148 0.0196 0.0149 0.0172 
         511  1 0.0116 0.0109 0.9351 0.0111 0.0108 0.0100 0.0106 
         512  1 0.0462 0.0476 0.7926 0.0196 0.0457 0.0203 0.0279 
         513  1 0.1541 0.1599 0.0497 0.1651 0.1553 0.1456 0.1704 
         514  1 0.0122 0.0113 0.9304 0.0111 0.0126 0.0108 0.0115 
         515  1 0.0549 0.0399 0.7068 0.0487 0.0298 0.0596 0.0604 
         516  1 0.1095 0.0944 0.3766 0.1024 0.1060 0.1067 0.1043 
         517  1 0.0146 0.0146 0.9075 0.0139 0.0177 0.0162 0.0154 
         518  1 0.0100 0.0090 0.9440 0.0082 0.0099 0.0100 0.0088 
         519  1 0.0170 0.0174 0.8948 0.0162 0.0200 0.0186 0.0159 
         520  1 0.0313 0.0308 0.8219 0.0311 0.0271 0.0272 0.0306 
         521  1 0.0108 0.0118 0.9376 0.0092 0.0105 0.0101 0.0100 
         522  1 0.0084 0.0083 0.9503 0.0078 0.0080 0.0089 0.0082 
         523  1 0.1125 0.0781 0.3807 0.1533 0.0990 0.0793 0.0972 
         524  1 0.0578 0.0484 0.7622 0.0292 0.0394 0.0303 0.0329 
         525  1 0.0244 0.0221 0.8568 0.0230 0.0246 0.0245 0.0247 
         526  1 0.0235 0.0227 0.8571 0.0233 0.0260 0.0252 0.0222 
         527  1 0.0373 0.0337 0.7937 0.0346 0.0292 0.0336 0.0379 
         528  1 0.0322 0.0286 0.8284 0.0281 0.0243 0.0287 0.0297 
         529  1 0.1084 0.0789 0.5115 0.0683 0.0886 0.0643 0.0799 
         530  1 0.0090 0.0093 0.9437 0.0095 0.0097 0.0095 0.0094 
         531  1 0.0262 0.0239 0.8462 0.0242 0.0280 0.0268 0.0248 
         532  1 0.0162 0.0163 0.8998 0.0161 0.0181 0.0169 0.0166 
         533  1 0.0139 0.0132 0.9192 0.0129 0.0136 0.0143 0.0129 
         534  1 0.0256 0.0236 0.8616 0.0196 0.0206 0.0255 0.0235 
         535  1 0.0157 0.0155 0.9096 0.0131 0.0168 0.0148 0.0145 
         536  1 0.0075 0.0072 0.9568 0.0067 0.0070 0.0072 0.0077 
         537  1 0.0099 0.0091 0.9424 0.0086 0.0110 0.0099 0.0091 
         538  1 0.0083 0.0072 0.9533 0.0078 0.0083 0.0076 0.0074 
         539  1 0.0065 0.0068 0.9614 0.0065 0.0065 0.0064 0.0059 
         540  1 0.0234 0.0226 0.8580 0.0231 0.0268 0.0239 0.0222 
         541  1 0.2021 0.1402 0.0849 0.1017 0.1920 0.1311 0.1480 
         542  1 0.0126 0.0124 0.9301 0.0106 0.0121 0.0111 0.0111 
         543  1 0.0343 0.0321 0.8081 0.0268 0.0320 0.0346 0.0320 
         544  1 0.0173 0.0148 0.8995 0.0157 0.0184 0.0165 0.0177 
         545  1 0.0072 0.0071 0.9571 0.0066 0.0078 0.0071 0.0071 
         546  1 0.0938 0.0869 0.4381 0.0713 0.1230 0.1081 0.0788 
         547  1 0.0519 0.0473 0.7383 0.0324 0.0477 0.0456 0.0368 
         548  1 0.0150 0.0154 0.9066 0.0151 0.0171 0.0155 0.0153 
         549  1 0.0153 0.0171 0.9052 0.0143 0.0178 0.0157 0.0148 
         550  1 0.0088 0.0081 0.9501 0.0079 0.0085 0.0082 0.0084 
         551  1 0.1498 0.1292 0.0708 0.1539 0.1938 0.1294 0.1732 
         552  1 0.0350 0.0273 0.8324 0.0158 0.0423 0.0176 0.0296 
         553  1 0.1110 0.1002 0.4155 0.0741 0.0908 0.1164 0.0919 
         554  1 0.0509 0.0403 0.7308 0.0383 0.0357 0.0520 0.0519 
         555  1 0.0095 0.0091 0.9448 0.0091 0.0089 0.0089 0.0096 
         556  1 0.0372 0.0340 0.8080 0.0284 0.0248 0.0328 0.0347 
         557  1 0.0080 0.0079 0.9542 0.0072 0.0075 0.0076 0.0076 
         558  1 0.0469 0.0383 0.7439 0.0407 0.0393 0.0481 0.0428 
         559  1 0.0961 0.0896 0.4763 0.0714 0.0772 0.0887 0.1007 
         560  1 0.0316 0.0319 0.8078 0.0328 0.0287 0.0362 0.0310 
         561  1 0.0450 0.0420 0.7479 0.0395 0.0355 0.0448 0.0454 
         562  1 0.0068 0.0069 0.9597 0.0067 0.0065 0.0067 0.0066 
         563  1 0.0158 0.0126 0.9182 0.0124 0.0124 0.0144 0.0141 
         564  1 0.0141 0.0137 0.9192 0.0120 0.0164 0.0122 0.0125 
         565  1 0.0971 0.0693 0.6058 0.0349 0.0965 0.0428 0.0536 
         566  1 0.1709 0.1290 0.1701 0.1027 0.1483 0.1529 0.1261 
         567  1 0.0147 0.0153 0.9109 0.0135 0.0164 0.0156 0.0135 
         568  1 0.0436 0.0370 0.7617 0.0464 0.0307 0.0370 0.0436 
         569  1 0.0155 0.0147 0.9087 0.0134 0.0171 0.0156 0.0151 
         570  1 0.0558 0.0790 0.2608 0.0567 0.2700 0.2114 0.0663 
         571  1 0.1572 0.1204 0.2417 0.1151 0.0885 0.1371 0.1400 
         572  1 0.0344 0.0264 0.8183 0.0310 0.0255 0.0322 0.0322 
         573  1 0.1703 0.1615 0.0097 0.1709 0.1538 0.1504 0.1833 
         574  1 0.2178 0.1989 0.0611 0.1112 0.1544 0.1212 0.1355 
         575  1 0.1751 0.1835 0.0494 0.1295 0.1967 0.1073 0.1586 
         576  1 0.1851 0.1427 0.0268 0.2447 0.1293 0.1141 0.1573 
         577  1 0.1729 0.2123 0.0150 0.2083 0.1247 0.1050 0.1618 
         578  1 0.2006 0.1534 0.1173 0.0710 0.1623 0.1737 0.1217 
         579  1 0.0320 0.0359 0.7995 0.0359 0.0304 0.0294 0.0368 
         580  1 0.1089 0.0984 0.4788 0.0639 0.0892 0.0789 0.0819 
         581  1 0.0111 0.0107 0.9322 0.0110 0.0117 0.0116 0.0117 
         582  1 0.0870 0.1026 0.0254 0.0641 0.3515 0.2882 0.0812 
         583  1 0.0183 0.0166 0.9026 0.0143 0.0179 0.0146 0.0156 
         584  1 0.0958 0.0800 0.5059 0.0651 0.0711 0.1023 0.0798 
         585  1 0.1145 0.1045 0.3770 0.0977 0.0931 0.1072 0.1060 
         586  1 0.0177 0.0147 0.9115 0.0123 0.0148 0.0152 0.0139 
         587  1 0.0164 0.0178 0.8862 0.0175 0.0232 0.0208 0.0181 
         588  1 0.0116 0.0118 0.9289 0.0104 0.0144 0.0121 0.0108 
         589  1 0.0646 0.0551 0.6297 0.0486 0.0661 0.0790 0.0569 
         590  1 0.0125 0.0129 0.9191 0.0126 0.0162 0.0150 0.0117 
         591  1 0.0144 0.0139 0.9155 0.0136 0.0141 0.0144 0.0141 
         592  1 0.0856 0.0832 0.6193 0.0346 0.0827 0.0466 0.0479 
         593  1 0.0118 0.0108 0.9287 0.0116 0.0129 0.0124 0.0119 
         594  1 0.1722 0.1504 0.1630 0.1159 0.1308 0.1178 0.1499 
         595  1 0.0553 0.0524 0.6946 0.0449 0.0531 0.0544 0.0454 
         596  1 0.0071 0.0076 0.9572 0.0065 0.0076 0.0072 0.0068 
         597  1 0.0175 0.0163 0.9117 0.0135 0.0149 0.0131 0.0131 
         598  1 0.0921 0.0827 0.4654 0.0835 0.1025 0.1024 0.0714 
         599  1 0.0089 0.0089 0.9468 0.0087 0.0087 0.0092 0.0087 
         600  1 0.0167 0.0152 0.9093 0.0144 0.0161 0.0138 0.0145 
         601  1 0.0093 0.0085 0.9463 0.0081 0.0097 0.0097 0.0085 
         602  1 0.0790 0.0731 0.6062 0.0504 0.0720 0.0611 0.0582 
         603  1 0.0478 0.0388 0.7649 0.0298 0.0390 0.0362 0.0436 
         604  1 0.0954 0.1000 0.3713 0.1044 0.1521 0.1111 0.0657 
         605  1 0.0272 0.0295 0.8356 0.0251 0.0263 0.0310 0.0251 
         606  1 0.0341 0.0300 0.7910 0.0310 0.0437 0.0399 0.0304 
