           1  1 0.0412 0.7569 0.0423 0.0378 0.0403 0.0435 0.0380 
           2  1 0.0266 0.7784 0.0311 0.0427 0.0311 0.0309 0.0592 
           3  1 0.0185 0.8790 0.0199 0.0201 0.0200 0.0220 0.0205 
           4  1 0.0208 0.8193 0.0370 0.0258 0.0277 0.0320 0.0374 
           5  1 0.0156 0.9035 0.0154 0.0182 0.0174 0.0162 0.0138 
           6  1 0.0169 0.9021 0.0170 0.0163 0.0167 0.0156 0.0153 
           7  1 0.0306 0.7390 0.0501 0.0458 0.0382 0.0417 0.0546 
           8  1 0.0184 0.8905 0.0174 0.0175 0.0180 0.0202 0.0181 
           9  1 0.0235 0.8693 0.0218 0.0209 0.0223 0.0214 0.0208 
          10  1 0.0142 0.9162 0.0133 0.0146 0.0139 0.0130 0.0148 
          11  1 0.0236 0.8447 0.0250 0.0286 0.0282 0.0280 0.0219 
          12  1 0.1334 0.1848 0.1742 0.1021 0.1420 0.1684 0.0951 
          13  1 0.0415 0.6685 0.0636 0.0550 0.0636 0.0566 0.0511 
          14  1 0.1157 0.2694 0.1482 0.0999 0.1218 0.1444 0.1006 
          15  1 0.1066 0.5150 0.0713 0.0565 0.0810 0.0712 0.0984 
          16  1 0.1649 0.0098 0.1343 0.1974 0.1916 0.1566 0.1453 
          17  1 0.2991 0.0079 0.0687 0.1990 0.1438 0.1566 0.1249 
          18  1 0.2836 0.0095 0.0812 0.1970 0.1435 0.1633 0.1218 
          19  1 0.1172 0.0203 0.1096 0.2077 0.1570 0.1387 0.2494 
          20  1 0.1502 0.0098 0.2675 0.0967 0.1391 0.1986 0.1380 
          21  1 0.0786 0.0130 0.0827 0.2759 0.1469 0.1018 0.3012 
          22  1 0.1267 0.1245 0.1345 0.1583 0.1323 0.1365 0.1872 
          23  1 0.1736 0.0327 0.1503 0.1566 0.1671 0.1515 0.1681 
          24  1 0.1121 0.0224 0.1686 0.1895 0.1387 0.1376 0.2310 
          25  1 0.1429 0.0195 0.1189 0.2386 0.1871 0.1481 0.1449 
          26  1 0.0969 0.0480 0.2753 0.1204 0.1211 0.1867 0.1516 
          27  1 0.1640 0.0137 0.1863 0.1542 0.1704 0.1674 0.1440 
          28  1 0.1443 0.0080 0.1168 0.2094 0.1716 0.1537 0.1962 
          29  1 0.1750 0.0102 0.0927 0.2207 0.1947 0.1272 0.1795 
          30  1 0.1734 0.0176 0.0860 0.2440 0.1700 0.1255 0.1834 
          31  1 0.1045 0.3338 0.1304 0.1006 0.1162 0.1241 0.0904 
          32  1 0.0862 0.0089 0.0848 0.2567 0.1521 0.1135 0.2979 
          33  1 0.1433 0.0125 0.1445 0.2169 0.1683 0.1519 0.1626 
          34  1 0.0913 0.4446 0.0991 0.0809 0.0951 0.1054 0.0836 
          35  1 0.1532 0.0324 0.1603 0.1605 0.1874 0.1644 0.1419 
          36  1 0.1366 0.0273 0.1027 0.2366 0.1965 0.1376 0.1627 
          37  1 0.1731 0.0531 0.1789 0.1421 0.1644 0.1750 0.1135 
          38  1 0.1632 0.0142 0.1173 0.2075 0.1800 0.1399 0.1779 
          39  1 0.1498 0.0109 0.1469 0.2130 0.1734 0.1636 0.1423 
          40  1 0.1629 0.0101 0.1892 0.1653 0.1590 0.1768 0.1368 
          41  1 0.1787 0.0162 0.2029 0.1369 0.1543 0.1863 0.1248 
          42  1 0.1156 0.0199 0.2685 0.1578 0.1351 0.1730 0.1301 
          43  1 0.1503 0.0248 0.2024 0.1435 0.1737 0.1970 0.1084 
          44  1 0.1558 0.0081 0.0980 0.2331 0.1879 0.1459 0.1713 
          45  1 0.1466 0.0146 0.2246 0.1484 0.1628 0.1959 0.1070 
          46  1 0.2398 0.0222 0.1400 0.1635 0.1283 0.1861 0.1203 
          47  1 0.1790 0.0211 0.1981 0.1097 0.1670 0.1674 0.1577 
          48  1 0.0947 0.0300 0.1543 0.2093 0.1614 0.1682 0.1820 
          49  1 0.1414 0.0407 0.1332 0.1930 0.1542 0.1325 0.2051 
          50  1 0.1490 0.0560 0.2346 0.1185 0.1493 0.1845 0.1081 
          51  1 0.1795 0.0351 0.2355 0.1116 0.1350 0.2092 0.0941 
          52  1 0.1442 0.0382 0.1423 0.1778 0.1644 0.1527 0.1804 
          53  1 0.0460 0.0225 0.0817 0.2820 0.1397 0.0999 0.3282 
          54  1 0.1435 0.0096 0.2300 0.1295 0.1550 0.1990 0.1334 
          55  1 0.2415 0.0081 0.0661 0.2255 0.1634 0.1340 0.1614 
          56  1 0.1892 0.0191 0.1880 0.1034 0.1478 0.1566 0.1960 
          57  1 0.1089 0.0432 0.2668 0.1080 0.1538 0.2175 0.1018 
          58  1 0.2145 0.0193 0.1318 0.1729 0.1541 0.1637 0.1438 
          59  1 0.2259 0.0110 0.1283 0.1554 0.1766 0.1548 0.1481 
          60  1 0.0947 0.0279 0.1605 0.2175 0.1475 0.1548 0.1970 
          61  1 0.1536 0.0064 0.2365 0.1596 0.1483 0.1828 0.1128 
          62  1 0.1755 0.0164 0.1210 0.1816 0.1638 0.1562 0.1854 
          63  1 0.2137 0.0279 0.1800 0.1480 0.1383 0.1943 0.0978 
          64  1 0.1573 0.0185 0.2281 0.1648 0.1455 0.1691 0.1167 
          65  1 0.2354 0.0091 0.0963 0.0932 0.1858 0.1330 0.2472 
          66  1 0.1831 0.0107 0.1492 0.1233 0.1868 0.1559 0.1911 
          67  1 0.2742 0.0131 0.0633 0.2328 0.1518 0.1486 0.1161 
          68  1 0.1426 0.0261 0.2699 0.1081 0.1623 0.1741 0.1169 
          69  1 0.1714 0.0079 0.2214 0.1392 0.1628 0.1760 0.1213 
          70  1 0.1813 0.0151 0.0744 0.2209 0.1554 0.1255 0.2273 
          71  1 0.1753 0.0111 0.2206 0.1047 0.1702 0.1748 0.1434 
          72  1 0.2827 0.0051 0.0882 0.1905 0.1391 0.1687 0.1257 
          73  1 0.1676 0.0311 0.1620 0.1417 0.1685 0.1669 0.1624 
          74  1 0.2628 0.0072 0.1105 0.1695 0.1470 0.1803 0.1228 
          75  1 0.1034 0.0154 0.1765 0.2106 0.1934 0.1837 0.1170 
          76  1 0.1476 0.0774 0.2523 0.0870 0.1684 0.1667 0.1006 
          77  1 0.1102 0.0598 0.0808 0.2534 0.2090 0.1392 0.1476 
          78  1 0.1905 0.0145 0.1493 0.1446 0.1847 0.1372 0.1792 
          79  1 0.1727 0.0081 0.1064 0.2250 0.1603 0.1422 0.1853 
          80  1 0.1621 0.0161 0.2607 0.0975 0.1427 0.2051 0.1158 
          81  1 0.1719 0.0161 0.1584 0.1764 0.1368 0.1631 0.1772 
          82  1 0.1258 0.0076 0.3297 0.0747 0.1224 0.2188 0.1210 
          83  1 0.1384 0.0140 0.2693 0.1275 0.1405 0.2044 0.1058 
          84  1 0.1341 0.0147 0.3222 0.1188 0.1169 0.1843 0.1091 
          85  1 0.1470 0.0133 0.1847 0.1684 0.1779 0.1622 0.1464 
          86  1 0.2727 0.0195 0.0992 0.1844 0.1444 0.1716 0.1082 
          87  1 0.1929 0.0078 0.1294 0.1390 0.1907 0.1513 0.1889 
          88  1 0.1839 0.0203 0.2084 0.1411 0.1427 0.1857 0.1179 
          89  1 0.1391 0.0100 0.2934 0.0777 0.1497 0.2106 0.1194 
          90  1 0.1322 0.0099 0.2536 0.1327 0.1331 0.1954 0.1433 
          91  1 0.2332 0.0100 0.1129 0.1683 0.1588 0.1466 0.1701 
          92  1 0.1951 0.0083 0.1465 0.1607 0.1776 0.1484 0.1633 
          93  1 0.2481 0.0185 0.0774 0.2101 0.1554 0.1614 0.1291 
          94  1 0.1083 0.0054 0.0923 0.2364 0.1405 0.1240 0.2931 
          95  1 0.1477 0.0128 0.1351 0.1944 0.1552 0.1463 0.2085 
          96  1 0.1282 0.1197 0.1536 0.1571 0.1435 0.1478 0.1500 
          97  1 0.2514 0.0104 0.0761 0.1672 0.1603 0.1244 0.2102 
          98  1 0.1451 0.0167 0.1167 0.2129 0.1766 0.1338 0.1981 
          99  1 0.1494 0.0188 0.1932 0.1462 0.1624 0.1655 0.1645 
         100  1 0.1578 0.0222 0.1841 0.1569 0.1540 0.1801 0.1449 
         101  1 0.1299 0.0182 0.1656 0.2027 0.1829 0.1600 0.1407 
         102  1 0.1699 0.0105 0.1724 0.1627 0.1783 0.1824 0.1239 
         103  1 0.1796 0.0444 0.1147 0.1745 0.1528 0.1377 0.1963 
         104  1 0.1863 0.0089 0.1723 0.1072 0.1865 0.1581 0.1807 
         105  1 0.2435 0.0169 0.0995 0.0850 0.1967 0.1440 0.2144 
         106  1 0.2432 0.0176 0.0973 0.0882 0.1900 0.1465 0.2173 
         107  1 0.1463 0.0826 0.1859 0.1397 0.1489 0.1776 0.1190 
         108  1 0.0996 0.0061 0.0866 0.2631 0.1404 0.1012 0.3030 
         109  1 0.1755 0.0287 0.1246 0.1848 0.1544 0.1562 0.1758 
         110  1 0.1794 0.0086 0.1906 0.1183 0.1817 0.1665 0.1548 
         111  1 0.1856 0.0175 0.1072 0.2351 0.1695 0.1503 0.1348 
         112  1 0.2274 0.0119 0.0932 0.1946 0.1601 0.1500 0.1628 
         113  1 0.1833 0.0056 0.1427 0.1465 0.1840 0.1409 0.1971 
         114  1 0.1275 0.0635 0.2057 0.1260 0.1614 0.1938 0.1222 
         115  1 0.2157 0.0094 0.1478 0.1354 0.1497 0.1598 0.1822 
         116  1 0.1557 0.0212 0.2341 0.1041 0.1560 0.2300 0.0988 
         117  1 0.1726 0.0119 0.1675 0.1644 0.1445 0.1730 0.1662 
         118  1 0.1380 0.0165 0.1050 0.2186 0.1586 0.1311 0.2322 
         119  1 0.2221 0.0156 0.0923 0.2190 0.1608 0.1516 0.1386 
         120  1 0.1354 0.1475 0.1548 0.1448 0.1323 0.1496 0.1356 
         121  1 0.1366 0.0602 0.1560 0.1689 0.1517 0.1448 0.1818 
         122  1 0.1745 0.0056 0.1308 0.1911 0.1898 0.1481 0.1602 
         123  1 0.1867 0.0108 0.2314 0.1367 0.1265 0.1807 0.1272 
         124  1 0.1654 0.0183 0.2001 0.1522 0.1377 0.1652 0.1610 
         125  1 0.1965 0.0067 0.1185 0.1396 0.1878 0.1513 0.1996 
         126  1 0.2337 0.0067 0.0805 0.1905 0.1687 0.1456 0.1743 
         127  1 0.1297 0.0252 0.1537 0.2032 0.1926 0.1627 0.1328 
         128  1 0.1668 0.0204 0.1885 0.1286 0.1695 0.1639 0.1623 
         129  1 0.2004 0.0154 0.1528 0.1195 0.1631 0.1623 0.1864 
         130  1 0.1908 0.0155 0.0994 0.2420 0.1476 0.1378 0.1669 
         131  1 0.2545 0.0113 0.0897 0.1967 0.1529 0.1689 0.1260 
         132  1 0.1248 0.0617 0.1946 0.1380 0.1544 0.1645 0.1620 
         133  1 0.2172 0.0066 0.0989 0.1909 0.1717 0.1433 0.1714 
         134  1 0.2207 0.0075 0.1132 0.1897 0.1669 0.1567 0.1453 
         135  1 0.0846 0.0059 0.0754 0.2757 0.1470 0.1021 0.3092 
         136  1 0.1975 0.0055 0.1207 0.1496 0.2028 0.1380 0.1859 
         137  1 0.2481 0.0282 0.1098 0.1690 0.1622 0.1668 0.1160 
         138  1 0.1387 0.0316 0.2442 0.1369 0.1452 0.1817 0.1218 
         139  1 0.2341 0.0150 0.1106 0.1221 0.1614 0.1441 0.2127 
         140  1 0.0795 0.0616 0.1212 0.2056 0.1318 0.1238 0.2765 
         141  1 0.1338 0.0066 0.1350 0.2406 0.1881 0.1587 0.1372 
         142  1 0.2251 0.0147 0.1023 0.2292 0.1545 0.1557 0.1186 
         143  1 0.0804 0.4763 0.0930 0.0784 0.0924 0.1051 0.0744 
         144  1 0.2195 0.0103 0.1574 0.1199 0.1425 0.1698 0.1808 
         145  1 0.1757 0.0416 0.1783 0.1439 0.1570 0.1630 0.1405 
         146  1 0.0552 0.0059 0.0607 0.3046 0.1403 0.0947 0.3386 
         147  1 0.1272 0.1739 0.1975 0.1026 0.1371 0.1728 0.0890 
         148  1 0.2004 0.0191 0.1094 0.2148 0.1723 0.1561 0.1279 
         149  1 0.1284 0.0209 0.1111 0.2208 0.2061 0.1577 0.1550 
         150  1 0.1763 0.0231 0.1995 0.1316 0.1478 0.1803 0.1414 
         151  1 0.0749 0.0181 0.1137 0.2425 0.1521 0.1219 0.2768 
         152  1 0.1452 0.0103 0.0966 0.2275 0.1666 0.1127 0.2410 
         153  1 0.1429 0.0162 0.2667 0.1325 0.1572 0.1540 0.1304 
         154  1 0.0860 0.0056 0.0649 0.2806 0.1494 0.1010 0.3125 
         155  1 0.1429 0.0227 0.1177 0.2264 0.2043 0.1568 0.1293 
         156  1 0.1457 0.0125 0.1414 0.1951 0.1872 0.1544 0.1636 
         157  1 0.1558 0.0301 0.1559 0.1751 0.1778 0.1669 0.1384 
         158  1 0.1743 0.0092 0.1325 0.1468 0.1860 0.1564 0.1948 
         159  1 0.1065 0.0101 0.2763 0.1178 0.1624 0.2265 0.1004 
         160  1 0.2093 0.0075 0.1294 0.1386 0.1746 0.1344 0.2063 
         161  1 0.1294 0.0378 0.1367 0.1992 0.1810 0.1561 0.1598 
         162  1 0.1598 0.0193 0.1107 0.2284 0.1826 0.1553 0.1438 
         163  1 0.2453 0.0122 0.0954 0.1894 0.1588 0.1601 0.1388 
         164  1 0.1869 0.0064 0.1589 0.1445 0.1728 0.1529 0.1777 
         165  1 0.1811 0.0415 0.1607 0.1292 0.1592 0.1843 0.1439 
         166  1 0.0795 0.0210 0.1311 0.2309 0.1299 0.1307 0.2768 
         167  1 0.1349 0.0083 0.1726 0.1761 0.1861 0.1695 0.1525 
         168  1 0.1376 0.0174 0.1293 0.1893 0.1461 0.1265 0.2537 
         169  1 0.1652 0.0454 0.1888 0.1012 0.1764 0.1692 0.1538 
         170  1 0.2335 0.0196 0.1071 0.1850 0.1486 0.1664 0.1398 
         171  1 0.3071 0.0082 0.0742 0.1930 0.1409 0.1679 0.1087 
         172  1 0.1853 0.0138 0.1263 0.1879 0.1680 0.1540 0.1646 
         173  1 0.1381 0.0479 0.1614 0.1584 0.1850 0.1639 0.1455 
         174  1 0.1682 0.0247 0.2115 0.1349 0.1489 0.1987 0.1131 
         175  1 0.1688 0.0170 0.1857 0.1425 0.1682 0.1733 0.1445 
         176  1 0.1853 0.0222 0.1401 0.1536 0.1769 0.1392 0.1828 
         177  1 0.2229 0.0195 0.1095 0.1866 0.1527 0.1685 0.1402 
         178  1 0.1877 0.0475 0.1550 0.1606 0.1505 0.1683 0.1303 
         179  1 0.1009 0.0081 0.0663 0.2650 0.1486 0.1048 0.3063 
         180  1 0.1316 0.0180 0.1517 0.1901 0.2075 0.1535 0.1475 
         181  1 0.1670 0.1213 0.1163 0.1477 0.1669 0.1367 0.1441 
         182  1 0.1613 0.0256 0.1475 0.1916 0.1545 0.1467 0.1728 
         183  1 0.1804 0.0160 0.1916 0.1076 0.1704 0.1819 0.1521 
         184  1 0.1282 0.0365 0.1197 0.2201 0.1487 0.1369 0.2099 
         185  1 0.2124 0.0288 0.1333 0.1412 0.1727 0.1536 0.1580 
         186  1 0.1892 0.0132 0.1574 0.1288 0.1763 0.1660 0.1690 
         187  1 0.1340 0.0160 0.2434 0.1296 0.1469 0.1796 0.1505 
         188  1 0.1506 0.0223 0.2044 0.1390 0.1594 0.1939 0.1304 
         189  1 0.1356 0.0179 0.0676 0.2508 0.1668 0.1092 0.2520 
         190  1 0.1096 0.0150 0.1714 0.1895 0.1470 0.1535 0.2140 
         191  1 0.1517 0.0286 0.1042 0.2108 0.1956 0.1502 0.1588 
         192  1 0.1547 0.0122 0.1550 0.2007 0.1574 0.1644 0.1556 
         193  1 0.1248 0.0585 0.2742 0.1066 0.1438 0.1865 0.1056 
         194  1 0.1447 0.0235 0.1324 0.2053 0.1687 0.1345 0.1909 
         195  1 0.1805 0.0328 0.1278 0.1753 0.1346 0.1395 0.2096 
         196  1 0.1475 0.1082 0.2099 0.1062 0.1407 0.1779 0.1096 
         197  1 0.1990 0.0063 0.0725 0.2466 0.1603 0.1354 0.1798 
         198  1 0.1143 0.0102 0.1057 0.2441 0.1655 0.1327 0.2275 
         199  1 0.2204 0.0109 0.0988 0.1989 0.1666 0.1643 0.1401 
         200  1 0.1546 0.0126 0.2165 0.1454 0.1492 0.1906 0.1311 
         201  1 0.2152 0.0136 0.1471 0.1541 0.1639 0.1748 0.1313 
         202  1 0.1234 0.0739 0.2741 0.1147 0.1326 0.2061 0.0752 
         203  1 0.1258 0.0159 0.1079 0.2387 0.2181 0.1547 0.1390 
         204  1 0.2268 0.0241 0.1242 0.1636 0.1502 0.1758 0.1353 
         205  1 0.2284 0.0073 0.1164 0.1364 0.1688 0.1340 0.2087 
         206  1 0.2255 0.0112 0.1515 0.1403 0.1636 0.1794 0.1285 
         207  1 0.1610 0.0166 0.1591 0.1576 0.1722 0.1611 0.1723 
         208  1 0.1190 0.0385 0.1901 0.1803 0.1837 0.1785 0.1099 
         209  1 0.1712 0.0103 0.2362 0.1333 0.1577 0.2112 0.0801 
         210  1 0.2151 0.0083 0.1250 0.1672 0.1731 0.1585 0.1528 
         211  1 0.0925 0.0079 0.1011 0.2473 0.1424 0.1342 0.2747 
         212  1 0.2011 0.0170 0.1374 0.1509 0.1758 0.1463 0.1715 
         213  1 0.1544 0.0508 0.2141 0.1326 0.1582 0.1770 0.1130 
         214  1 0.1403 0.0099 0.1655 0.1777 0.1740 0.1660 0.1665 
         215  1 0.1837 0.0152 0.2303 0.1137 0.1519 0.1926 0.1126 
         216  1 0.0931 0.0272 0.1451 0.2126 0.1445 0.1325 0.2450 
         217  1 0.1205 0.0267 0.2350 0.1450 0.1648 0.1961 0.1119 
         218  1 0.1732 0.0211 0.1386 0.1757 0.1727 0.1562 0.1626 
         219  1 0.1355 0.0084 0.1293 0.2376 0.2090 0.1607 0.1195 
         220  1 0.1332 0.0226 0.2899 0.1036 0.1586 0.1957 0.0965 
         221  1 0.2266 0.0067 0.1284 0.1568 0.1376 0.1464 0.1976 
         222  1 0.2400 0.0059 0.0993 0.1279 0.1775 0.1275 0.2219 
         223  1 0.1621 0.0226 0.1342 0.1859 0.1689 0.1623 0.1640 
         224  1 0.0808 0.0079 0.1223 0.2388 0.1428 0.1251 0.2823 
         225  1 0.1977 0.0060 0.1030 0.2284 0.1771 0.1510 0.1368 
         226  1 0.1854 0.0111 0.1621 0.1267 0.1644 0.1818 0.1686 
         227  1 0.1534 0.0101 0.2405 0.1025 0.1470 0.1730 0.1735 
         228  1 0.1691 0.0382 0.1911 0.1122 0.1691 0.1592 0.1611 
         229  1 0.1055 0.0087 0.0883 0.2696 0.1389 0.1302 0.2589 
         230  1 0.1431 0.0169 0.2631 0.1033 0.1518 0.2144 0.1073 
         231  1 0.1433 0.0192 0.2567 0.1211 0.1519 0.2118 0.0960 
         232  1 0.2564 0.0076 0.0956 0.1103 0.1705 0.1364 0.2233 
         233  1 0.1337 0.0193 0.2036 0.1576 0.1514 0.1663 0.1681 
         234  1 0.2246 0.0098 0.1703 0.1711 0.1331 0.1780 0.1131 
         235  1 0.1852 0.0162 0.1408 0.1599 0.1948 0.1493 0.1538 
         236  1 0.1255 0.0502 0.1543 0.1955 0.1834 0.1538 0.1373 
         237  1 0.1598 0.0068 0.1794 0.1205 0.1666 0.1679 0.1990 
         238  1 0.1288 0.0237 0.1819 0.1811 0.1614 0.1579 0.1652 
         239  1 0.1317 0.0953 0.2115 0.1243 0.1545 0.1851 0.0977 
         240  1 0.2475 0.0066 0.0875 0.2096 0.1546 0.1524 0.1418 
         241  1 0.2524 0.0071 0.0799 0.2089 0.1522 0.1498 0.1498 
         242  1 0.1408 0.0233 0.2251 0.1644 0.1499 0.1795 0.1170 
         243  1 0.1812 0.0132 0.0927 0.2006 0.1617 0.1203 0.2302 
         244  1 0.1339 0.0326 0.1441 0.1826 0.1776 0.1761 0.1531 
         245  1 0.2087 0.0077 0.1284 0.1945 0.1731 0.1553 0.1323 
         246  1 0.1570 0.1098 0.1544 0.1279 0.1638 0.1833 0.1037 
         247  1 0.1547 0.0139 0.1954 0.1486 0.1801 0.1874 0.1198 
         248  1 0.1633 0.0335 0.1478 0.1773 0.1624 0.1580 0.1576 
         249  1 0.1226 0.0224 0.3505 0.0954 0.1325 0.2043 0.0722 
         250  1 0.1958 0.0121 0.1877 0.1339 0.1549 0.1901 0.1255 
         251  1 0.2239 0.0100 0.0985 0.2140 0.1584 0.1408 0.1544 
         252  1 0.0909 0.3992 0.1025 0.0972 0.1050 0.1028 0.1024 
         253  1 0.0777 0.0452 0.1226 0.2300 0.1388 0.1110 0.2748 
         254  1 0.2052 0.0076 0.1593 0.1597 0.1539 0.1955 0.1188 
         255  1 0.2571 0.0177 0.1000 0.1766 0.1572 0.1699 0.1215 
         256  1 0.2637 0.0093 0.1118 0.1416 0.1557 0.1774 0.1405 
         257  1 0.2704 0.0071 0.0798 0.1268 0.1854 0.1265 0.2040 
         258  1 0.1285 0.0132 0.1803 0.1718 0.1722 0.1560 0.1779 
         259  1 0.0980 0.0304 0.1258 0.2069 0.1646 0.1352 0.2392 
         260  1 0.1744 0.0091 0.1341 0.1865 0.1764 0.1452 0.1744 
         261  1 0.1766 0.0221 0.1499 0.1302 0.1928 0.1472 0.1813 
         262  1 0.1863 0.0392 0.1721 0.1101 0.1489 0.1683 0.1752 
         263  1 0.1853 0.0295 0.1936 0.1277 0.1644 0.1560 0.1435 
         264  1 0.2658 0.0196 0.1016 0.1557 0.1568 0.1754 0.1250 
         265  1 0.1401 0.0123 0.1230 0.2109 0.1654 0.1471 0.2013 
         266  1 0.2433 0.0119 0.0714 0.2220 0.1512 0.1502 0.1500 
         267  1 0.1384 0.0558 0.1593 0.1818 0.1784 0.1719 0.1144 
         268  1 0.1566 0.0112 0.1646 0.1694 0.1808 0.1764 0.1410 
         269  1 0.1106 0.0100 0.1509 0.1888 0.1618 0.1645 0.2134 
         270  1 0.1829 0.0060 0.0854 0.1925 0.1701 0.1484 0.2147 
         271  1 0.2467 0.0114 0.0666 0.2307 0.1570 0.1427 0.1449 
         272  1 0.0776 0.0238 0.1077 0.2438 0.1433 0.1255 0.2784 
         273  1 0.1159 0.0196 0.1758 0.1866 0.1511 0.1394 0.2116 
         274  1 0.1528 0.0268 0.2271 0.1202 0.1744 0.1740 0.1247 
         275  1 0.1367 0.0099 0.2083 0.1513 0.1668 0.1896 0.1374 
         276  1 0.2230 0.0131 0.1537 0.1000 0.1699 0.1277 0.2126 
         277  1 0.1679 0.0071 0.0515 0.2682 0.1654 0.1155 0.2244 
         278  1 0.0448 0.0079 0.0585 0.3059 0.1372 0.0907 0.3551 
         279  1 0.2133 0.0189 0.1033 0.2067 0.1468 0.1553 0.1556 
         280  1 0.1923 0.0101 0.1442 0.1545 0.1652 0.1551 0.1785 
         281  1 0.2199 0.0193 0.0962 0.2058 0.1575 0.1531 0.1482 
         282  1 0.1888 0.0178 0.1046 0.2001 0.1573 0.1452 0.1862 
         283  1 0.2136 0.0128 0.0966 0.2169 0.1477 0.1451 0.1674 
         284  1 0.1569 0.0072 0.1251 0.1989 0.1571 0.1451 0.2096 
         285  1 0.1210 0.0124 0.2364 0.1421 0.1782 0.1856 0.1243 
         286  1 0.1311 0.0165 0.2892 0.0947 0.1352 0.2177 0.1155 
         287  1 0.2210 0.0098 0.1173 0.1700 0.1568 0.1351 0.1901 
         288  1 0.2036 0.0173 0.1390 0.1600 0.1499 0.1530 0.1772 
         289  1 0.1917 0.0163 0.1214 0.1777 0.1638 0.1402 0.1890 
         290  1 0.0910 0.0208 0.0812 0.2422 0.1603 0.1132 0.2912 
         291  1 0.1364 0.0245 0.1061 0.2509 0.1961 0.1416 0.1443 
         292  1 0.1677 0.0083 0.1570 0.1803 0.1552 0.1640 0.1675 
         293  1 0.1506 0.0083 0.2202 0.1408 0.1649 0.1942 0.1211 
         294  1 0.1700 0.0217 0.0783 0.2408 0.1495 0.1290 0.2106 
         295  1 0.1826 0.0165 0.1256 0.1959 0.1695 0.1487 0.1613 
         296  1 0.1901 0.0246 0.2013 0.0995 0.1594 0.1718 0.1533 
         297  1 0.1406 0.0772 0.1224 0.1749 0.1850 0.1517 0.1481 
         298  1 0.1750 0.0154 0.1398 0.1451 0.2019 0.1547 0.1682 
         299  1 0.2183 0.0055 0.1155 0.1181 0.2073 0.1191 0.2160 
         300  1 0.1463 0.0249 0.2161 0.1438 0.1574 0.1720 0.1395 
         301  1 0.1578 0.0189 0.1994 0.1481 0.1519 0.1853 0.1386 
         302  1 0.2658 0.0137 0.0999 0.1057 0.1705 0.1314 0.2131 
         303  1 0.1392 0.0392 0.1782 0.1573 0.1703 0.1886 0.1272 
         304  1 0.1095 0.0124 0.1312 0.2110 0.1460 0.1432 0.2467 
         305  1 0.0840 0.0090 0.1129 0.2373 0.1484 0.1192 0.2891 
         306  1 0.2206 0.0110 0.1238 0.1344 0.1567 0.1591 0.1944 
         307  1 0.1763 0.0166 0.1929 0.1199 0.1664 0.1989 0.1290 
         308  1 0.1288 0.0156 0.3483 0.1082 0.1105 0.1829 0.1057 
         309  1 0.0560 0.0097 0.0928 0.2551 0.1460 0.1181 0.3223 
         310  1 0.1360 0.0127 0.1398 0.1921 0.1770 0.1573 0.1850 
         311  1 0.1269 0.0237 0.2925 0.1093 0.1370 0.2019 0.1088 
         312  1 0.1150 0.0190 0.3708 0.0791 0.1147 0.2126 0.0888 
         313  1 0.1957 0.0160 0.1189 0.1954 0.1491 0.1498 0.1752 
         314  1 0.1647 0.0085 0.1369 0.1617 0.1969 0.1588 0.1724 
         315  1 0.1576 0.0557 0.2038 0.1279 0.1448 0.1671 0.1431 
         316  1 0.1397 0.0501 0.2871 0.1030 0.1398 0.1967 0.0836 
         317  1 0.1750 0.0545 0.1591 0.1470 0.1575 0.1767 0.1302 
         318  1 0.1781 0.0108 0.0921 0.1977 0.1997 0.1267 0.1948 
         319  1 0.2180 0.0088 0.0731 0.2314 0.1706 0.1378 0.1603 
         320  1 0.2162 0.0065 0.1272 0.1594 0.1619 0.1666 0.1622 
         321  1 0.2001 0.0130 0.1381 0.1523 0.1674 0.1642 0.1647 
         322  1 0.2632 0.0277 0.0736 0.2019 0.1533 0.1433 0.1371 
         323  1 0.1283 0.0145 0.1037 0.2512 0.1587 0.1111 0.2325 
         324  1 0.1299 0.0119 0.2047 0.1328 0.1793 0.2071 0.1343 
         325  1 0.2597 0.0057 0.0858 0.1380 0.1814 0.1251 0.2043 
         326  1 0.1407 0.0078 0.1836 0.1902 0.1440 0.1733 0.1604 
         327  1 0.1506 0.0244 0.2089 0.1246 0.1811 0.2052 0.1051 
         328  1 0.1938 0.0771 0.1480 0.1475 0.1607 0.1793 0.0938 
         329  1 0.1001 0.0079 0.1798 0.1882 0.1618 0.1446 0.2177 
         330  1 0.2664 0.0366 0.1075 0.1684 0.1342 0.1814 0.1054 
         331  1 0.1946 0.0144 0.1193 0.1695 0.1636 0.1405 0.1981 
         332  1 0.2278 0.0224 0.0995 0.2001 0.1529 0.1559 0.1413 
         333  1 0.1307 0.0189 0.1680 0.1886 0.1895 0.1760 0.1284 
         334  1 0.1057 0.0947 0.0786 0.2598 0.1970 0.1265 0.1377 
         335  1 0.2162 0.0072 0.0838 0.2259 0.1552 0.1554 0.1564 
         336  1 0.1483 0.0116 0.1219 0.2066 0.1648 0.1246 0.2223 
         337  1 0.2354 0.0322 0.1140 0.1441 0.1522 0.1590 0.1630 
         338  1 0.1553 0.0289 0.1141 0.1799 0.1400 0.1348 0.2469 
         339  1 0.1744 0.0838 0.1403 0.1189 0.1600 0.1442 0.1784 
         340  1 0.1677 0.0131 0.1222 0.1691 0.1993 0.1359 0.1926 
         341  1 0.2290 0.0146 0.1114 0.1974 0.1454 0.1551 0.1472 
         342  1 0.1186 0.2911 0.1604 0.0849 0.1274 0.1398 0.0777 
         343  1 0.1770 0.0254 0.1482 0.1696 0.1789 0.1514 0.1494 
         344  1 0.1876 0.0214 0.1528 0.1574 0.1519 0.1677 0.1612 
         345  1 0.2029 0.0316 0.1076 0.1618 0.1515 0.1338 0.2108 
         346  1 0.1600 0.0160 0.1093 0.2319 0.1930 0.1372 0.1527 
         347  1 0.1268 0.0382 0.2671 0.0953 0.1570 0.1836 0.1320 
         348  1 0.1950 0.0052 0.1637 0.1381 0.1661 0.1578 0.1741 
         349  1 0.1131 0.1378 0.2226 0.1047 0.1172 0.1485 0.1560 
         350  1 0.1575 0.0157 0.1594 0.1397 0.1839 0.1571 0.1867 
         351  1 0.2415 0.0112 0.1132 0.1736 0.1535 0.1585 0.1485 
         352  1 0.1519 0.0063 0.1230 0.1930 0.1647 0.1455 0.2156 
         353  1 0.2823 0.0076 0.0931 0.1968 0.1359 0.1747 0.1096 
         354  1 0.1698 0.0112 0.1911 0.1506 0.1591 0.1707 0.1475 
         355  1 0.1327 0.0158 0.2820 0.1069 0.1417 0.2089 0.1120 
         356  1 0.1442 0.0426 0.2017 0.1353 0.1668 0.2134 0.0961 
         357  1 0.1638 0.0106 0.1801 0.1414 0.1766 0.1993 0.1283 
         358  1 0.1990 0.0069 0.1181 0.1483 0.2156 0.1320 0.1801 
         359  1 0.1391 0.1747 0.1425 0.1531 0.1472 0.1415 0.1018 
         360  1 0.1596 0.0155 0.1499 0.1793 0.1707 0.1721 0.1529 
         361  1 0.1332 0.0870 0.2513 0.1118 0.1349 0.1724 0.1094 
         362  1 0.1120 0.0218 0.3070 0.0978 0.1478 0.1973 0.1163 
         363  1 0.1550 0.0072 0.1799 0.1507 0.1870 0.1716 0.1486 
         364  1 0.1987 0.0458 0.1337 0.1559 0.1527 0.1543 0.1589 
         365  1 0.1563 0.1094 0.1281 0.1675 0.1505 0.1505 0.1377 
         366  1 0.1538 0.0187 0.1848 0.1490 0.1719 0.1688 0.1531 
         367  1 0.1279 0.0180 0.1377 0.2098 0.1508 0.1351 0.2207 
         368  1 0.2724 0.0117 0.0596 0.2137 0.1590 0.1553 0.1284 
         369  1 0.1173 0.0073 0.2913 0.1231 0.1375 0.1984 0.1251 
         370  1 0.1001 0.0087 0.1245 0.2271 0.1835 0.1491 0.2070 
         371  1 0.2517 0.0100 0.1101 0.1947 0.1308 0.1699 0.1328 
         372  1 0.0931 0.0641 0.3234 0.0904 0.1249 0.1959 0.1082 
         373  1 0.1148 0.0626 0.2971 0.1032 0.1287 0.1982 0.0954 
         374  1 0.1714 0.0560 0.1119 0.2036 0.1450 0.1472 0.1649 
         375  1 0.1491 0.0159 0.2074 0.1438 0.1607 0.1710 0.1521 
         376  1 0.2108 0.0080 0.0920 0.1536 0.1777 0.1271 0.2308 
         377  1 0.2384 0.0190 0.1180 0.1088 0.1657 0.1351 0.2151 
         378  1 0.1776 0.0171 0.1591 0.1506 0.1564 0.1800 0.1592 
         379  1 0.1714 0.0202 0.2058 0.1105 0.1898 0.1759 0.1265 
         380  1 0.2843 0.0092 0.0727 0.1978 0.1500 0.1581 0.1278 
         381  1 0.1894 0.0147 0.1250 0.1849 0.1709 0.1545 0.1606 
         382  1 0.1637 0.0112 0.1321 0.1935 0.1822 0.1583 0.1591 
         383  1 0.1173 0.0110 0.2335 0.1643 0.1602 0.1760 0.1377 
         384  1 0.2042 0.0123 0.1587 0.1297 0.1735 0.1582 0.1635 
         385  1 0.1385 0.0155 0.1937 0.1559 0.1595 0.1855 0.1513 
         386  1 0.2220 0.0158 0.1926 0.1028 0.1469 0.1716 0.1483 
         387  1 0.1649 0.0185 0.1113 0.1860 0.1765 0.1302 0.2126 
         388  1 0.1267 0.0563 0.1148 0.2190 0.1928 0.1457 0.1446 
         389  1 0.1451 0.0071 0.2242 0.1403 0.1656 0.1880 0.1296 
         390  1 0.3068 0.0099 0.0708 0.1645 0.1463 0.1641 0.1376 
         391  1 0.1395 0.0150 0.1080 0.2400 0.1753 0.1402 0.1820 
         392  1 0.1660 0.0205 0.1783 0.1205 0.1560 0.1626 0.1962 
         393  1 0.1982 0.0114 0.1290 0.1563 0.1668 0.1423 0.1960 
         394  1 0.1665 0.0237 0.1908 0.1268 0.1494 0.1657 0.1770 
         395  1 0.1411 0.1531 0.1436 0.1464 0.1275 0.1418 0.1465 
         396  1 0.1557 0.0063 0.1610 0.1834 0.1747 0.1804 0.1384 
         397  1 0.1597 0.0183 0.1348 0.2087 0.1755 0.1642 0.1387 
         398  1 0.1490 0.0172 0.1059 0.2095 0.1519 0.1277 0.2388 
         399  1 0.2702 0.0122 0.0925 0.0952 0.1744 0.1286 0.2268 
         400  1 0.1937 0.0260 0.1613 0.1070 0.1756 0.1597 0.1768 
         401  1 0.1744 0.0116 0.1793 0.1387 0.1555 0.1628 0.1777 
         402  1 0.1153 0.1202 0.0994 0.2168 0.1819 0.1465 0.1199 
         403  1 0.1434 0.0201 0.0863 0.2491 0.2129 0.1467 0.1414 
         404  1 0.0679 0.6208 0.0627 0.0579 0.0702 0.0612 0.0594 
         405  1 0.1936 0.0398 0.0981 0.1382 0.2028 0.1219 0.2056 
         406  1 0.1370 0.0592 0.2032 0.1284 0.1768 0.1878 0.1075 
         407  1 0.0856 0.5269 0.1097 0.0431 0.0715 0.0950 0.0683 
         408  1 0.1692 0.0138 0.1123 0.1996 0.1625 0.1270 0.2157 
         409  1 0.0671 0.1037 0.1305 0.1917 0.1337 0.1190 0.2543 
         410  1 0.2710 0.0126 0.0997 0.0970 0.1751 0.1276 0.2171 
         411  1 0.2034 0.0126 0.2158 0.1206 0.1443 0.1865 0.1167 
         412  1 0.1475 0.0254 0.1393 0.1986 0.1424 0.1380 0.2088 
         413  1 0.1338 0.0798 0.2177 0.1260 0.1492 0.1841 0.1094 
         414  1 0.1770 0.0241 0.1386 0.1842 0.1614 0.1542 0.1605 
         415  1 0.0735 0.0090 0.1059 0.2490 0.1631 0.1266 0.2730 
         416  1 0.1825 0.0075 0.0813 0.1837 0.2227 0.1210 0.2014 
         417  1 0.1757 0.0136 0.2385 0.0843 0.1549 0.1960 0.1371 
         418  1 0.1506 0.0100 0.2533 0.0903 0.1493 0.2235 0.1231 
         419  1 0.0939 0.0437 0.1617 0.1750 0.1565 0.1442 0.2251 
         420  1 0.1596 0.0572 0.1253 0.1653 0.1798 0.1471 0.1657 
         421  1 0.1408 0.0084 0.2826 0.1098 0.1394 0.2274 0.0916 
         422  1 0.2409 0.0091 0.1198 0.0803 0.1885 0.1326 0.2288 
         423  1 0.1603 0.0185 0.1262 0.2147 0.1933 0.1441 0.1429 
         424  1 0.1837 0.0078 0.1419 0.1489 0.1691 0.1334 0.2152 
         425  1 0.2280 0.0118 0.1044 0.1214 0.1999 0.1231 0.2114 
         426  1 0.1759 0.0358 0.1656 0.1527 0.1599 0.1756 0.1344 
         427  1 0.1996 0.0224 0.1673 0.0959 0.1659 0.1630 0.1858 
         428  1 0.1507 0.0251 0.1459 0.1745 0.1898 0.1716 0.1424 
         429  1 0.2053 0.0147 0.1235 0.1238 0.2001 0.1264 0.2062 
         430  1 0.1300 0.0101 0.1746 0.1696 0.1627 0.1708 0.1822 
         431  1 0.0862 0.0111 0.4517 0.0554 0.0986 0.2188 0.0782 
         432  1 0.0963 0.3800 0.1213 0.0930 0.1183 0.1104 0.0807 
         433  1 0.1518 0.0438 0.1340 0.1837 0.1862 0.1492 0.1512 
         434  1 0.1479 0.0172 0.2245 0.1166 0.1359 0.1690 0.1888 
         435  1 0.1541 0.0138 0.1435 0.1653 0.2019 0.1632 0.1582 
         436  1 0.2187 0.0201 0.1512 0.0984 0.1811 0.1374 0.1930 
         437  1 0.1574 0.0086 0.1956 0.1285 0.1752 0.1896 0.1451 
         438  1 0.1712 0.0111 0.1878 0.1174 0.1759 0.1686 0.1680 
         439  1 0.0858 0.3546 0.1223 0.1203 0.1154 0.1162 0.0855 
         440  1 0.1368 0.0528 0.2338 0.0995 0.1679 0.1865 0.1228 
         441  1 0.1152 0.0190 0.2032 0.1590 0.1521 0.1800 0.1715 
         442  1 0.0699 0.0116 0.0725 0.2715 0.1522 0.1082 0.3140 
         443  1 0.1032 0.0344 0.1771 0.1548 0.1556 0.1819 0.1929 
         444  1 0.1511 0.0300 0.1556 0.1773 0.1810 0.1616 0.1433 
         445  1 0.1417 0.1092 0.2572 0.0859 0.1158 0.1766 0.1136 
         446  1 0.1349 0.0913 0.2341 0.1167 0.1246 0.1723 0.1261 
         447  1 0.1395 0.0220 0.2484 0.1211 0.1552 0.1905 0.1233 
         448  1 0.1675 0.0819 0.1776 0.1153 0.1596 0.1555 0.1426 
         449  1 0.0926 0.0967 0.2211 0.1267 0.1421 0.1793 0.1415 
         450  1 0.1196 0.0569 0.2490 0.0998 0.1555 0.2013 0.1179 
         451  1 0.0575 0.0164 0.0965 0.2565 0.1468 0.1185 0.3078 
         452  1 0.1980 0.0466 0.1566 0.0965 0.1656 0.1543 0.1824 
         453  1 0.2019 0.0876 0.1519 0.0757 0.1586 0.1559 0.1685 
         454  1 0.1241 0.1249 0.2169 0.1132 0.1210 0.1726 0.1272 
         455  1 0.1361 0.0900 0.1985 0.1388 0.1360 0.1783 0.1223 
         456  1 0.1306 0.1313 0.1813 0.1407 0.1192 0.1776 0.1193 
         457  1 0.1459 0.0656 0.2843 0.0786 0.1293 0.1800 0.1163 
         458  1 0.1635 0.0673 0.1705 0.1435 0.1637 0.1853 0.1061 
         459  1 0.1297 0.0113 0.1628 0.1643 0.1614 0.1580 0.2124 
         460  1 0.0589 0.0098 0.0850 0.2675 0.1442 0.1141 0.3206 
         461  1 0.1448 0.0995 0.2702 0.0769 0.1327 0.1772 0.0987 
         462  1 0.0092 0.9443 0.0095 0.0091 0.0095 0.0096 0.0088 
         463  1 0.0114 0.9336 0.0122 0.0093 0.0116 0.0118 0.0102 
         464  1 0.0190 0.8826 0.0208 0.0181 0.0211 0.0208 0.0175 
         465  1 0.1012 0.1845 0.2544 0.0662 0.1346 0.1898 0.0692 
         466  1 0.0285 0.8327 0.0316 0.0232 0.0277 0.0290 0.0272 
         467  1 0.1222 0.2430 0.1457 0.1148 0.1316 0.1290 0.1137 
         468  1 0.1431 0.2338 0.1271 0.1420 0.1152 0.1392 0.0995 
         469  1 0.1316 0.1178 0.2221 0.1139 0.1521 0.1794 0.0831 
         470  1 0.0561 0.6587 0.0794 0.0429 0.0533 0.0683 0.0411 
         471  1 0.1329 0.2393 0.1361 0.1001 0.1335 0.1608 0.0972 
         472  1 0.1192 0.2150 0.1283 0.1370 0.1547 0.1324 0.1135 
         473  1 0.1629 0.1653 0.1659 0.0972 0.1330 0.1570 0.1187 
         474  1 0.0175 0.8974 0.0171 0.0172 0.0188 0.0152 0.0168 
         475  1 0.0456 0.5755 0.1659 0.0369 0.0492 0.0859 0.0411 
         476  1 0.0269 0.8309 0.0307 0.0286 0.0291 0.0276 0.0261 
         477  1 0.0217 0.8682 0.0219 0.0216 0.0228 0.0224 0.0214 
         478  1 0.1107 0.2681 0.1470 0.1058 0.1231 0.1157 0.1296 
         479  1 0.0184 0.8853 0.0212 0.0201 0.0198 0.0174 0.0178 
         480  1 0.0154 0.9046 0.0172 0.0158 0.0157 0.0176 0.0137 
         481  1 0.0296 0.8361 0.0225 0.0238 0.0345 0.0305 0.0230 
         482  1 0.0090 0.9484 0.0085 0.0090 0.0087 0.0083 0.0081 
         483  1 0.0326 0.8317 0.0267 0.0253 0.0322 0.0303 0.0211 
         484  1 0.1356 0.0601 0.1871 0.1506 0.1790 0.1684 0.1192 
         485  1 0.0696 0.5190 0.0867 0.0825 0.0984 0.0873 0.0565 
         486  1 0.0349 0.7547 0.0547 0.0327 0.0410 0.0463 0.0357 
         487  1 0.0099 0.9427 0.0096 0.0099 0.0095 0.0092 0.0093 
         488  1 0.0232 0.8392 0.0338 0.0221 0.0267 0.0290 0.0261 
         489  1 0.0861 0.3759 0.1957 0.0603 0.0881 0.1334 0.0604 
         490  1 0.1121 0.1877 0.1309 0.1601 0.1483 0.1317 0.1292 
         491  1 0.0181 0.8870 0.0196 0.0185 0.0197 0.0192 0.0179 
         492  1 0.0504 0.6738 0.0754 0.0375 0.0538 0.0681 0.0410 
         493  1 0.0128 0.9218 0.0133 0.0131 0.0128 0.0130 0.0131 
         494  1 0.0082 0.9506 0.0081 0.0084 0.0082 0.0082 0.0082 
         495  1 0.0076 0.9535 0.0074 0.0085 0.0078 0.0075 0.0077 
         496  1 0.0245 0.8509 0.0255 0.0248 0.0255 0.0260 0.0229 
         497  1 0.0880 0.0525 0.2599 0.1522 0.1244 0.1668 0.1561 
         498  1 0.1101 0.2799 0.1450 0.1025 0.1225 0.1315 0.1084 
         499  1 0.0147 0.9021 0.0208 0.0148 0.0152 0.0159 0.0165 
         500  1 0.0580 0.4237 0.1557 0.0751 0.0825 0.1124 0.0926 
         501  1 0.0097 0.9291 0.0112 0.0140 0.0146 0.0111 0.0103 
         502  1 0.0136 0.9187 0.0135 0.0143 0.0131 0.0142 0.0126 
         503  1 0.0105 0.9355 0.0114 0.0103 0.0123 0.0105 0.0095 
         504  1 0.0175 0.9007 0.0164 0.0156 0.0188 0.0154 0.0157 
         505  1 0.0533 0.6853 0.0521 0.0550 0.0536 0.0518 0.0489 
         506  1 0.0329 0.7564 0.0480 0.0384 0.0386 0.0427 0.0430 
         507  1 0.0188 0.8752 0.0282 0.0154 0.0205 0.0252 0.0167 
         508  1 0.0930 0.5490 0.0948 0.0480 0.0690 0.0850 0.0613 
         509  1 0.0071 0.9574 0.0068 0.0076 0.0069 0.0072 0.0070 
         510  1 0.0155 0.9033 0.0159 0.0162 0.0169 0.0154 0.0167 
         511  1 0.0105 0.9373 0.0107 0.0107 0.0105 0.0105 0.0099 
         512  1 0.0330 0.8218 0.0224 0.0244 0.0391 0.0323 0.0271 
         513  1 0.1613 0.0479 0.1468 0.1978 0.1608 0.1526 0.1328 
         514  1 0.0109 0.9314 0.0099 0.0126 0.0114 0.0118 0.0119 
         515  1 0.0439 0.7078 0.0672 0.0355 0.0513 0.0538 0.0404 
         516  1 0.0880 0.3879 0.1203 0.1191 0.1011 0.1017 0.0818 
         517  1 0.0142 0.9066 0.0159 0.0168 0.0158 0.0155 0.0151 
         518  1 0.0088 0.9447 0.0095 0.0088 0.0086 0.0106 0.0090 
         519  1 0.0151 0.8951 0.0166 0.0192 0.0168 0.0176 0.0197 
         520  1 0.0289 0.8236 0.0304 0.0286 0.0303 0.0291 0.0291 
         521  1 0.0100 0.9328 0.0127 0.0107 0.0112 0.0129 0.0098 
         522  1 0.0087 0.9480 0.0099 0.0080 0.0084 0.0090 0.0081 
         523  1 0.1198 0.3971 0.0692 0.0921 0.1304 0.0693 0.1221 
         524  1 0.0481 0.7800 0.0353 0.0216 0.0389 0.0468 0.0293 
         525  1 0.0236 0.8570 0.0248 0.0210 0.0248 0.0223 0.0265 
         526  1 0.0247 0.8585 0.0221 0.0212 0.0237 0.0253 0.0246 
         527  1 0.0366 0.8029 0.0330 0.0294 0.0353 0.0309 0.0320 
         528  1 0.0274 0.8275 0.0386 0.0228 0.0277 0.0305 0.0255 
         529  1 0.0766 0.5365 0.0880 0.0611 0.0899 0.0815 0.0664 
         530  1 0.0088 0.9441 0.0091 0.0100 0.0098 0.0093 0.0088 
         531  1 0.0248 0.8470 0.0264 0.0245 0.0255 0.0257 0.0261 
         532  1 0.0151 0.8998 0.0174 0.0181 0.0166 0.0171 0.0160 
         533  1 0.0121 0.9180 0.0150 0.0131 0.0146 0.0140 0.0132 
         534  1 0.0224 0.8627 0.0267 0.0190 0.0223 0.0267 0.0201 
         535  1 0.0140 0.9108 0.0147 0.0155 0.0152 0.0148 0.0150 
         536  1 0.0067 0.9564 0.0081 0.0064 0.0073 0.0079 0.0072 
         537  1 0.0091 0.9447 0.0082 0.0100 0.0093 0.0094 0.0094 
         538  1 0.0073 0.9553 0.0072 0.0076 0.0076 0.0076 0.0073 
         539  1 0.0064 0.9619 0.0064 0.0060 0.0064 0.0066 0.0064 
         540  1 0.0230 0.8625 0.0234 0.0246 0.0227 0.0219 0.0220 
         541  1 0.1126 0.0959 0.1863 0.1496 0.1721 0.1842 0.0994 
         542  1 0.0101 0.9372 0.0106 0.0107 0.0111 0.0105 0.0099 
         543  1 0.0284 0.8069 0.0345 0.0334 0.0322 0.0348 0.0298 
         544  1 0.0151 0.9004 0.0185 0.0164 0.0166 0.0171 0.0159 
         545  1 0.0070 0.9564 0.0079 0.0069 0.0075 0.0073 0.0070 
         546  1 0.0664 0.4462 0.1070 0.1000 0.0869 0.1006 0.0928 
         547  1 0.0367 0.7502 0.0464 0.0440 0.0417 0.0447 0.0364 
         548  1 0.0153 0.9062 0.0161 0.0159 0.0152 0.0178 0.0136 
         549  1 0.0145 0.9096 0.0143 0.0165 0.0147 0.0151 0.0154 
         550  1 0.0083 0.9496 0.0087 0.0088 0.0083 0.0083 0.0080 
         551  1 0.1043 0.0633 0.1060 0.2270 0.2027 0.1529 0.1439 
         552  1 0.0176 0.8553 0.0210 0.0354 0.0314 0.0232 0.0161 
         553  1 0.0939 0.4200 0.1231 0.0901 0.0843 0.1090 0.0797 
         554  1 0.0390 0.7285 0.0728 0.0352 0.0414 0.0487 0.0346 
         555  1 0.0089 0.9432 0.0087 0.0111 0.0104 0.0089 0.0086 
         556  1 0.0308 0.8042 0.0440 0.0252 0.0325 0.0356 0.0278 
         557  1 0.0072 0.9544 0.0083 0.0075 0.0080 0.0074 0.0071 
         558  1 0.0356 0.7432 0.0549 0.0375 0.0399 0.0473 0.0416 
         559  1 0.0834 0.4832 0.0915 0.0875 0.0888 0.0947 0.0708 
         560  1 0.0334 0.7973 0.0410 0.0282 0.0318 0.0360 0.0324 
         561  1 0.0423 0.7383 0.0538 0.0349 0.0414 0.0475 0.0419 
         562  1 0.0066 0.9606 0.0063 0.0066 0.0067 0.0071 0.0061 
         563  1 0.0121 0.9178 0.0154 0.0141 0.0135 0.0154 0.0118 
         564  1 0.0126 0.9220 0.0127 0.0138 0.0129 0.0128 0.0131 
         565  1 0.0538 0.6537 0.0605 0.0579 0.0711 0.0573 0.0458 
         566  1 0.1304 0.1859 0.1888 0.0956 0.1420 0.1531 0.1042 
         567  1 0.0131 0.9071 0.0163 0.0157 0.0157 0.0159 0.0162 
         568  1 0.0426 0.7595 0.0447 0.0361 0.0395 0.0434 0.0343 
         569  1 0.0146 0.9102 0.0151 0.0147 0.0151 0.0153 0.0150 
         570  1 0.0555 0.2598 0.0673 0.1892 0.1056 0.0832 0.2394 
         571  1 0.1168 0.2370 0.1824 0.0814 0.1445 0.1441 0.0938 
         572  1 0.0302 0.8198 0.0343 0.0268 0.0296 0.0302 0.0291 
         573  1 0.1645 0.0102 0.1828 0.1439 0.1773 0.1750 0.1463 
         574  1 0.1608 0.0687 0.1808 0.1093 0.1575 0.2043 0.1186 
         575  1 0.1422 0.0519 0.1490 0.1692 0.1779 0.1848 0.1250 
         576  1 0.1737 0.0251 0.1418 0.1339 0.1885 0.1426 0.1944 
         577  1 0.2291 0.0157 0.1353 0.0948 0.1927 0.1277 0.2046 
         578  1 0.1229 0.1183 0.2404 0.0866 0.1434 0.1939 0.0946 
         579  1 0.0361 0.8054 0.0294 0.0277 0.0352 0.0308 0.0353 
         580  1 0.0954 0.4644 0.0986 0.0729 0.0993 0.1079 0.0616 
         581  1 0.0108 0.9369 0.0101 0.0107 0.0117 0.0100 0.0099 
         582  1 0.0677 0.0237 0.1460 0.2096 0.1410 0.1323 0.2797 
         583  1 0.0148 0.9078 0.0169 0.0146 0.0146 0.0171 0.0142 
         584  1 0.0744 0.5043 0.1329 0.0559 0.0746 0.0980 0.0599 
         585  1 0.0970 0.3853 0.1308 0.0846 0.0973 0.1189 0.0860 
         586  1 0.0137 0.9114 0.0160 0.0138 0.0147 0.0172 0.0133 
         587  1 0.0165 0.8876 0.0170 0.0214 0.0168 0.0182 0.0226 
         588  1 0.0097 0.9312 0.0112 0.0120 0.0115 0.0110 0.0134 
         589  1 0.0538 0.6418 0.0824 0.0507 0.0532 0.0589 0.0592 
         590  1 0.0128 0.9186 0.0123 0.0138 0.0135 0.0131 0.0160 
         591  1 0.0148 0.9147 0.0149 0.0127 0.0146 0.0155 0.0127 
         592  1 0.0764 0.6490 0.0594 0.0408 0.0543 0.0754 0.0447 
         593  1 0.0113 0.9290 0.0131 0.0118 0.0123 0.0115 0.0110 
         594  1 0.1472 0.1708 0.1700 0.0956 0.1514 0.1496 0.1154 
         595  1 0.0514 0.7030 0.0556 0.0426 0.0485 0.0536 0.0453 
         596  1 0.0068 0.9583 0.0074 0.0070 0.0070 0.0070 0.0066 
         597  1 0.0156 0.9111 0.0170 0.0126 0.0147 0.0155 0.0135 
         598  1 0.0851 0.4817 0.0764 0.0859 0.0886 0.0714 0.1109 
         599  1 0.0085 0.9477 0.0091 0.0085 0.0087 0.0087 0.0089 
         600  1 0.0142 0.9090 0.0143 0.0167 0.0159 0.0166 0.0134 
         601  1 0.0083 0.9470 0.0085 0.0098 0.0095 0.0085 0.0085 
         602  1 0.0769 0.6192 0.0774 0.0392 0.0620 0.0732 0.0521 
         603  1 0.0355 0.7719 0.0464 0.0338 0.0433 0.0375 0.0316 
         604  1 0.1015 0.3809 0.0668 0.1087 0.0971 0.0784 0.1666 
         605  1 0.0253 0.8410 0.0310 0.0236 0.0255 0.0272 0.0263 
         606  1 0.0291 0.7773 0.0407 0.0357 0.0377 0.0396 0.0399 
