           1  1 0.0401 0.0354 0.1844 0.0395 0.0427 0.0308 0.0375 0.0391 0.0328 0.5177 
           2  1 0.0177 0.0468 0.7087 0.0190 0.0190 0.0371 0.0239 0.0301 0.0361 0.0617 
           3  1 0.0258 0.0252 0.5386 0.0241 0.0250 0.0209 0.0291 0.0240 0.0210 0.2663 
           4  1 0.0268 0.0514 0.1235 0.0272 0.0295 0.0342 0.0348 0.0362 0.0323 0.6040 
           5  1 0.0207 0.0201 0.3111 0.0226 0.0178 0.0178 0.0219 0.0198 0.0150 0.5333 
           6  1 0.0228 0.0206 0.3123 0.0208 0.0190 0.0160 0.0226 0.0193 0.0157 0.5308 
           7  1 0.0206 0.0468 0.7585 0.0210 0.0198 0.0323 0.0228 0.0265 0.0329 0.0189 
           8  1 0.0209 0.0232 0.6556 0.0233 0.0196 0.0176 0.0241 0.0207 0.0202 0.1747 
           9  1 0.0203 0.0184 0.0285 0.0185 0.0248 0.0164 0.0215 0.0223 0.0165 0.8128 
          10  1 0.0127 0.0118 0.8535 0.0129 0.0116 0.0128 0.0119 0.0113 0.0118 0.0496 
          11  1 0.0248 0.0222 0.7807 0.0211 0.0193 0.0186 0.0260 0.0205 0.0183 0.0484 
          12  1 0.1127 0.1205 0.2055 0.1051 0.0896 0.0593 0.1171 0.1000 0.0570 0.0332 
          13  1 0.0333 0.0306 0.7612 0.0288 0.0255 0.0284 0.0299 0.0287 0.0254 0.0081 
          14  1 0.0877 0.0909 0.2692 0.0881 0.0863 0.0672 0.1043 0.0940 0.0589 0.0534 
          15  1 0.0594 0.0724 0.4098 0.0601 0.0802 0.0502 0.0662 0.0706 0.0453 0.0858 
          16  1 0.1737 0.0945 0.0100 0.1539 0.1045 0.1079 0.1165 0.1303 0.0993 0.0094 
          17  1 0.0508 0.0430 0.0075 0.1208 0.0679 0.2841 0.0665 0.0498 0.3034 0.0063 
          18  1 0.0461 0.0424 0.0105 0.1137 0.0648 0.2920 0.0603 0.0407 0.3220 0.0075 
          19  1 0.0777 0.1863 0.0263 0.0826 0.0726 0.1705 0.0788 0.1102 0.1849 0.0101 
          20  1 0.1319 0.0895 0.0096 0.1128 0.1732 0.0861 0.1462 0.1332 0.1090 0.0086 
          21  1 0.0409 0.2260 0.0109 0.0505 0.0410 0.2122 0.0562 0.1042 0.2434 0.0148 
          22  1 0.0836 0.1340 0.1249 0.0921 0.0804 0.1273 0.0996 0.0940 0.1271 0.0370 
          23  1 0.1111 0.1078 0.0338 0.1050 0.1434 0.1169 0.1109 0.1327 0.1160 0.0225 
          24  1 0.0921 0.1591 0.0308 0.0882 0.1198 0.1281 0.1151 0.1248 0.1313 0.0108 
          25  1 0.2005 0.0851 0.0167 0.1453 0.0921 0.1222 0.1200 0.1150 0.0890 0.0140 
          26  1 0.1022 0.1218 0.0248 0.1228 0.1342 0.0893 0.1616 0.1024 0.0813 0.0595 
          27  1 0.1173 0.1313 0.0169 0.1219 0.1453 0.0949 0.1331 0.1350 0.0959 0.0083 
          28  1 0.1333 0.1114 0.0080 0.1168 0.1117 0.1452 0.0943 0.1392 0.1323 0.0077 
          29  1 0.1784 0.0940 0.0133 0.1815 0.1088 0.1082 0.1170 0.1062 0.0871 0.0055 
          30  1 0.0693 0.1332 0.0152 0.1039 0.0705 0.2014 0.0749 0.0834 0.2297 0.0186 
          31  1 0.1092 0.0896 0.1820 0.0966 0.0874 0.0578 0.0951 0.0918 0.0558 0.1346 
          32  1 0.0700 0.1996 0.0101 0.0601 0.0680 0.1872 0.0657 0.1334 0.1982 0.0077 
          33  1 0.1129 0.1304 0.0126 0.0911 0.1192 0.1331 0.1152 0.1438 0.1302 0.0116 
          34  1 0.0524 0.0638 0.4523 0.0577 0.0606 0.0575 0.0657 0.0528 0.0679 0.0693 
          35  1 0.1806 0.1046 0.0593 0.1393 0.1214 0.0702 0.1407 0.1170 0.0550 0.0120 
          36  1 0.2095 0.0877 0.0274 0.1421 0.0975 0.1009 0.1157 0.1239 0.0753 0.0199 
          37  1 0.1211 0.1367 0.0669 0.1127 0.1170 0.0757 0.1224 0.1464 0.0748 0.0263 
          38  1 0.1429 0.1005 0.0185 0.1389 0.1134 0.1386 0.1003 0.1234 0.1161 0.0072 
          39  1 0.1736 0.1030 0.0144 0.1432 0.1009 0.1206 0.1198 0.1164 0.1023 0.0059 
          40  1 0.1191 0.1483 0.0087 0.1214 0.1074 0.1162 0.1302 0.1190 0.1176 0.0121 
          41  1 0.1140 0.0973 0.0101 0.1362 0.1193 0.1351 0.1272 0.1061 0.1271 0.0276 
          42  1 0.1284 0.1288 0.0121 0.1392 0.1182 0.1014 0.1604 0.0925 0.0856 0.0333 
          43  1 0.1586 0.1325 0.0253 0.1272 0.1194 0.0774 0.1299 0.1387 0.0741 0.0168 
          44  1 0.1885 0.0928 0.0075 0.1515 0.0902 0.1246 0.0974 0.1287 0.1099 0.0088 
          45  1 0.1449 0.1428 0.0171 0.1353 0.1189 0.0776 0.1594 0.1287 0.0665 0.0088 
          46  1 0.0807 0.0693 0.0123 0.1184 0.0921 0.2060 0.0953 0.0725 0.2251 0.0283 
          47  1 0.1332 0.1182 0.0209 0.1285 0.1575 0.0771 0.1372 0.1371 0.0742 0.0161 
          48  1 0.1471 0.1344 0.0208 0.1217 0.0812 0.1244 0.1189 0.1133 0.1066 0.0316 
          49  1 0.0996 0.1255 0.0313 0.0939 0.1087 0.1391 0.0932 0.1189 0.1527 0.0370 
          50  1 0.1134 0.1019 0.0300 0.1299 0.1445 0.0839 0.1461 0.1157 0.0932 0.0414 
          51  1 0.1159 0.1189 0.0253 0.1237 0.1438 0.1020 0.1386 0.0911 0.1113 0.0294 
          52  1 0.1208 0.1437 0.0231 0.1031 0.1043 0.1228 0.1127 0.1051 0.1066 0.0578 
          53  1 0.0397 0.2429 0.0170 0.0411 0.0344 0.2112 0.0462 0.1112 0.2255 0.0308 
          54  1 0.1154 0.1047 0.0111 0.1317 0.1423 0.0982 0.1501 0.1180 0.1223 0.0061 
          55  1 0.0460 0.1035 0.0081 0.0956 0.0609 0.2496 0.0684 0.0599 0.3012 0.0068 
          56  1 0.1162 0.1114 0.0162 0.1359 0.1744 0.0728 0.1363 0.1303 0.0858 0.0206 
          57  1 0.1538 0.1398 0.0595 0.1374 0.1171 0.0521 0.1638 0.1174 0.0437 0.0153 
          58  1 0.0832 0.1073 0.0172 0.1107 0.0856 0.1898 0.0973 0.0851 0.2089 0.0150 
          59  1 0.1146 0.1076 0.0107 0.1253 0.1319 0.1359 0.1222 0.1072 0.1335 0.0111 
          60  1 0.1129 0.1486 0.0179 0.1080 0.0944 0.1356 0.1040 0.1137 0.1210 0.0439 
          61  1 0.1299 0.1162 0.0055 0.1123 0.1670 0.0787 0.1451 0.1591 0.0792 0.0070 
          62  1 0.1205 0.1183 0.0138 0.1162 0.1070 0.1497 0.1053 0.1134 0.1372 0.0187 
          63  1 0.0871 0.0801 0.0315 0.1106 0.1203 0.1687 0.1166 0.0856 0.1870 0.0125 
          64  1 0.1209 0.0957 0.0326 0.1440 0.1093 0.1206 0.1527 0.1016 0.1166 0.0060 
          65  1 0.1268 0.0986 0.0085 0.1230 0.1945 0.0758 0.0967 0.1833 0.0839 0.0088 
          66  1 0.1554 0.1067 0.0103 0.1392 0.1486 0.0767 0.1305 0.1524 0.0702 0.0100 
          67  1 0.0711 0.0489 0.0100 0.1043 0.0715 0.2661 0.0670 0.0494 0.2956 0.0160 
          68  1 0.1486 0.0947 0.0284 0.1193 0.1649 0.0738 0.1489 0.1255 0.0822 0.0137 
          69  1 0.1482 0.1040 0.0086 0.1526 0.1375 0.0910 0.1533 0.1183 0.0798 0.0067 
          70  1 0.0725 0.1521 0.0167 0.0939 0.0783 0.1899 0.0797 0.1054 0.2020 0.0094 
          71  1 0.1402 0.1142 0.0113 0.1307 0.1686 0.0763 0.1396 0.1356 0.0737 0.0097 
          72  1 0.0797 0.0537 0.0046 0.1295 0.0917 0.2328 0.0852 0.0744 0.2425 0.0059 
          73  1 0.1219 0.1260 0.0318 0.1242 0.1194 0.1079 0.1374 0.1126 0.0942 0.0245 
          74  1 0.0863 0.0640 0.0073 0.1170 0.1177 0.2121 0.0770 0.0810 0.2308 0.0068 
          75  1 0.2056 0.1114 0.0144 0.1473 0.1073 0.0905 0.1431 0.1126 0.0562 0.0116 
          76  1 0.1149 0.0959 0.0541 0.1266 0.1681 0.0676 0.1526 0.1063 0.0726 0.0411 
          77  1 0.2154 0.0767 0.0345 0.1470 0.0753 0.1090 0.1046 0.1144 0.0644 0.0585 
          78  1 0.1358 0.0763 0.0107 0.0928 0.1829 0.0842 0.1039 0.1829 0.1135 0.0170 
          79  1 0.0984 0.1118 0.0091 0.0888 0.1447 0.1324 0.0964 0.1492 0.1633 0.0059 
          80  1 0.1283 0.0936 0.0153 0.1198 0.1707 0.0880 0.1470 0.1128 0.1121 0.0124 
          81  1 0.0932 0.1310 0.0215 0.1114 0.1214 0.1312 0.1254 0.1115 0.1450 0.0085 
          82  1 0.1309 0.0809 0.0068 0.1082 0.1961 0.0682 0.1668 0.1317 0.1030 0.0074 
          83  1 0.1165 0.1280 0.0178 0.1453 0.1443 0.0734 0.1836 0.1142 0.0683 0.0085 
          84  1 0.1224 0.1304 0.0222 0.1446 0.1263 0.0787 0.1798 0.1030 0.0862 0.0063 
          85  1 0.1660 0.1001 0.0103 0.1389 0.1329 0.0943 0.1400 0.1239 0.0804 0.0132 
          86  1 0.0632 0.0579 0.0153 0.1124 0.0692 0.2467 0.0733 0.0606 0.2850 0.0164 
          87  1 0.1604 0.0930 0.0083 0.1361 0.1537 0.0881 0.1082 0.1657 0.0792 0.0071 
          88  1 0.1090 0.0928 0.0243 0.1295 0.1214 0.1285 0.1182 0.0965 0.1693 0.0104 
          89  1 0.1298 0.0916 0.0091 0.1067 0.1892 0.0715 0.1518 0.1331 0.1087 0.0085 
          90  1 0.1459 0.1248 0.0082 0.1193 0.1498 0.0917 0.1408 0.1183 0.0904 0.0107 
          91  1 0.1039 0.0754 0.0084 0.1186 0.1246 0.1604 0.0971 0.1118 0.1898 0.0100 
          92  1 0.1465 0.1165 0.0100 0.1454 0.1234 0.1045 0.1165 0.1299 0.1012 0.0061 
          93  1 0.0603 0.0638 0.0097 0.0984 0.0721 0.2570 0.0627 0.0641 0.2810 0.0309 
          94  1 0.0762 0.1831 0.0061 0.0581 0.0949 0.1734 0.0690 0.1347 0.2002 0.0042 
          95  1 0.0933 0.1476 0.0125 0.0984 0.1040 0.1482 0.0998 0.1250 0.1599 0.0112 
          96  1 0.1037 0.1212 0.1086 0.1014 0.0940 0.1003 0.1132 0.1124 0.1023 0.0430 
          97  1 0.0885 0.1187 0.0111 0.0982 0.1480 0.1453 0.0886 0.1420 0.1504 0.0093 
          98  1 0.1460 0.1284 0.0131 0.1387 0.0983 0.1213 0.1068 0.1210 0.1097 0.0167 
          99  1 0.1214 0.1228 0.0187 0.1421 0.1339 0.0926 0.1386 0.1315 0.0801 0.0183 
         100  1 0.1051 0.1297 0.0160 0.1153 0.1096 0.1323 0.1291 0.0991 0.1421 0.0218 
         101  1 0.1905 0.0946 0.0229 0.1487 0.1156 0.0923 0.1381 0.1177 0.0688 0.0109 
         102  1 0.1233 0.1581 0.0101 0.1202 0.1179 0.0985 0.1216 0.1364 0.1056 0.0083 
         103  1 0.1027 0.1076 0.0208 0.1011 0.1176 0.1203 0.0937 0.1212 0.1259 0.0890 
         104  1 0.1314 0.0852 0.0116 0.1266 0.2089 0.0649 0.1220 0.1583 0.0846 0.0064 
         105  1 0.1263 0.0699 0.0180 0.0768 0.2624 0.0639 0.0856 0.1763 0.1083 0.0123 
         106  1 0.1253 0.0745 0.0187 0.0760 0.2573 0.0654 0.0836 0.1740 0.1126 0.0127 
         107  1 0.1101 0.1409 0.0275 0.1030 0.1135 0.0844 0.1199 0.1147 0.0691 0.1170 
         108  1 0.0649 0.1862 0.0059 0.0532 0.0859 0.1838 0.0670 0.1256 0.2218 0.0056 
         109  1 0.0774 0.1348 0.0234 0.0984 0.0890 0.1748 0.0931 0.0907 0.1934 0.0251 
         110  1 0.1406 0.1235 0.0094 0.1364 0.1490 0.0751 0.1312 0.1466 0.0810 0.0074 
         111  1 0.1562 0.0799 0.0086 0.1315 0.0749 0.1616 0.0958 0.0933 0.1541 0.0440 
         112  1 0.0643 0.1051 0.0101 0.1022 0.0871 0.2208 0.0802 0.0763 0.2414 0.0125 
         113  1 0.1272 0.0884 0.0057 0.1089 0.1791 0.1015 0.1050 0.1564 0.1230 0.0047 
         114  1 0.1133 0.1480 0.0495 0.1143 0.1160 0.0856 0.1293 0.1287 0.0799 0.0354 
         115  1 0.1208 0.0832 0.0082 0.1088 0.1640 0.1018 0.1116 0.1702 0.1209 0.0105 
         116  1 0.1065 0.1646 0.0180 0.1412 0.1396 0.0608 0.1657 0.1278 0.0564 0.0193 
         117  1 0.1273 0.1185 0.0092 0.1160 0.1562 0.1012 0.1198 0.1335 0.1011 0.0173 
         118  1 0.0859 0.1546 0.0123 0.0829 0.0867 0.1669 0.0904 0.1069 0.1962 0.0173 
         119  1 0.0594 0.0785 0.0148 0.1170 0.0779 0.2408 0.0713 0.0660 0.2606 0.0137 
         120  1 0.0896 0.0925 0.0313 0.0938 0.0960 0.1041 0.0987 0.0989 0.0954 0.1996 
         121  1 0.0924 0.1197 0.0769 0.1033 0.1150 0.1223 0.1052 0.1126 0.1210 0.0317 
         122  1 0.1681 0.0901 0.0058 0.1321 0.1427 0.1119 0.1099 0.1392 0.0948 0.0054 
         123  1 0.1161 0.1004 0.0072 0.1264 0.1388 0.1146 0.1463 0.1087 0.1236 0.0179 
         124  1 0.1091 0.1188 0.0159 0.1278 0.1251 0.1233 0.1314 0.1062 0.1265 0.0158 
         125  1 0.1516 0.0724 0.0053 0.1132 0.1715 0.0921 0.0975 0.1688 0.1197 0.0078 
         126  1 0.0884 0.1003 0.0070 0.1231 0.1059 0.1839 0.1068 0.1114 0.1678 0.0055 
         127  1 0.1756 0.0939 0.0172 0.1481 0.0942 0.1202 0.1324 0.1061 0.0866 0.0257 
         128  1 0.1558 0.1169 0.0173 0.1512 0.1415 0.0724 0.1420 0.1197 0.0613 0.0218 
         129  1 0.1219 0.1238 0.0160 0.1214 0.1580 0.0958 0.1248 0.1423 0.0842 0.0117 
         130  1 0.0753 0.1086 0.0155 0.0979 0.0995 0.2030 0.0823 0.1043 0.1990 0.0147 
         131  1 0.0858 0.0587 0.0092 0.1162 0.0764 0.2358 0.0785 0.0599 0.2650 0.0146 
         132  1 0.0857 0.1265 0.0979 0.0952 0.1139 0.1173 0.1174 0.1082 0.1251 0.0127 
         133  1 0.1065 0.0972 0.0064 0.1196 0.1373 0.1491 0.0916 0.1315 0.1549 0.0060 
         134  1 0.1223 0.0880 0.0074 0.1280 0.0999 0.1536 0.1057 0.1016 0.1857 0.0079 
         135  1 0.0505 0.2074 0.0061 0.0466 0.0496 0.2207 0.0486 0.1192 0.2469 0.0045 
         136  1 0.1495 0.0654 0.0048 0.1260 0.1593 0.0928 0.0963 0.1928 0.1083 0.0048 
         137  1 0.0667 0.0838 0.0267 0.1052 0.0672 0.2271 0.0772 0.0677 0.2597 0.0186 
         138  1 0.1300 0.1315 0.0388 0.1321 0.1191 0.0971 0.1386 0.1144 0.0844 0.0140 
         139  1 0.1035 0.1238 0.0144 0.1187 0.1483 0.1111 0.1292 0.1304 0.1074 0.0132 
         140  1 0.0608 0.1916 0.0650 0.0695 0.0634 0.1645 0.0840 0.1036 0.1612 0.0364 
         141  1 0.2096 0.0880 0.0072 0.1656 0.1091 0.1049 0.1151 0.1271 0.0677 0.0057 
         142  1 0.1025 0.0854 0.0093 0.1412 0.0881 0.1929 0.0974 0.0870 0.1706 0.0257 
         143  1 0.0594 0.0788 0.1001 0.0520 0.0480 0.0490 0.0624 0.0628 0.0479 0.4396 
         144  1 0.1141 0.0906 0.0091 0.1289 0.1662 0.1033 0.1077 0.1233 0.1486 0.0083 
         145  1 0.0961 0.1258 0.0905 0.1194 0.1135 0.0986 0.1297 0.1204 0.0954 0.0106 
         146  1 0.0329 0.2441 0.0055 0.0286 0.0348 0.2366 0.0310 0.1189 0.2620 0.0057 
         147  1 0.0822 0.1198 0.2249 0.0954 0.1001 0.0644 0.1119 0.0942 0.0645 0.0425 
         148  1 0.1089 0.0933 0.0132 0.1334 0.0885 0.1601 0.1053 0.0889 0.1810 0.0275 
         149  1 0.2097 0.1094 0.0194 0.1649 0.0834 0.0867 0.1222 0.1294 0.0576 0.0173 
         150  1 0.1092 0.1104 0.0118 0.1308 0.1214 0.1139 0.1399 0.1061 0.1199 0.0366 
         151  1 0.0673 0.1878 0.0115 0.0753 0.0735 0.1900 0.0795 0.0996 0.1901 0.0254 
         152  1 0.0869 0.1536 0.0089 0.0815 0.1011 0.1765 0.0804 0.1065 0.1958 0.0088 
         153  1 0.1434 0.1074 0.0215 0.1754 0.1327 0.0665 0.1957 0.0992 0.0511 0.0071 
         154  1 0.0433 0.2103 0.0062 0.0496 0.0449 0.2280 0.0414 0.1172 0.2544 0.0047 
         155  1 0.1873 0.0968 0.0271 0.1601 0.0975 0.1169 0.1060 0.1123 0.0843 0.0117 
         156  1 0.1527 0.1048 0.0099 0.1315 0.1118 0.1170 0.1045 0.1532 0.1026 0.0119 
         157  1 0.1589 0.1006 0.0308 0.1266 0.1116 0.1143 0.1072 0.1338 0.0995 0.0167 
         158  1 0.1489 0.1023 0.0104 0.1147 0.1532 0.0989 0.1086 0.1552 0.1011 0.0067 
         159  1 0.1294 0.1472 0.0098 0.1317 0.1282 0.0918 0.1663 0.1173 0.0682 0.0101 
         160  1 0.1497 0.0837 0.0081 0.1174 0.1684 0.0914 0.0937 0.1645 0.1165 0.0065 
         161  1 0.1675 0.1043 0.0505 0.1299 0.1011 0.1079 0.1169 0.1109 0.0952 0.0157 
         162  1 0.1696 0.0985 0.0123 0.1368 0.0907 0.1347 0.1123 0.1157 0.1025 0.0268 
         163  1 0.0571 0.0876 0.0152 0.1067 0.0941 0.2233 0.0869 0.0687 0.2519 0.0085 
         164  1 0.1330 0.0690 0.0053 0.1127 0.1654 0.0918 0.1076 0.2095 0.0986 0.0070 
         165  1 0.1208 0.1033 0.0267 0.1213 0.1401 0.0943 0.1308 0.1105 0.1052 0.0471 
         166  1 0.0660 0.2058 0.0204 0.0705 0.0675 0.1846 0.0778 0.1119 0.1797 0.0158 
         167  1 0.1692 0.1110 0.0078 0.1374 0.1373 0.0869 0.1216 0.1443 0.0761 0.0085 
         168  1 0.0911 0.1628 0.0210 0.0930 0.0979 0.1372 0.1087 0.1197 0.1578 0.0107 
         169  1 0.1298 0.1243 0.0384 0.1226 0.1327 0.0680 0.1381 0.1395 0.0664 0.0402 
         170  1 0.0903 0.0735 0.0168 0.1115 0.0971 0.2009 0.0972 0.0778 0.2156 0.0193 
         171  1 0.0452 0.0346 0.0067 0.1161 0.0570 0.2942 0.0567 0.0369 0.3433 0.0094 
         172  1 0.1240 0.1071 0.0145 0.1382 0.1139 0.1313 0.1212 0.1016 0.1355 0.0126 
         173  1 0.1435 0.1021 0.0269 0.1370 0.1202 0.0849 0.1304 0.1248 0.0651 0.0651 
         174  1 0.1131 0.1557 0.0254 0.1256 0.1337 0.0760 0.1418 0.1400 0.0722 0.0165 
         175  1 0.1277 0.1098 0.0177 0.0980 0.1675 0.0789 0.1146 0.1690 0.1053 0.0115 
         176  1 0.1291 0.1145 0.0196 0.1202 0.1453 0.0974 0.1233 0.1441 0.0882 0.0183 
         177  1 0.0937 0.0761 0.0155 0.1101 0.1046 0.1825 0.0902 0.1021 0.2011 0.0241 
         178  1 0.1136 0.0862 0.0649 0.1068 0.1281 0.1270 0.1091 0.1150 0.1320 0.0171 
         179  1 0.0639 0.2146 0.0106 0.0713 0.0460 0.2105 0.0536 0.1032 0.2211 0.0052 
         180  1 0.1799 0.1053 0.0131 0.1414 0.1017 0.1061 0.1150 0.1429 0.0741 0.0205 
         181  1 0.0883 0.0563 0.0196 0.0816 0.0853 0.0614 0.0831 0.0873 0.0528 0.3844 
         182  1 0.1126 0.1272 0.0126 0.1079 0.0980 0.1306 0.1038 0.1122 0.1358 0.0595 
         183  1 0.1348 0.0946 0.0208 0.1271 0.1537 0.0797 0.1332 0.1482 0.0984 0.0095 
         184  1 0.0929 0.1609 0.0305 0.0968 0.0749 0.1480 0.0973 0.1062 0.1651 0.0274 
         185  1 0.1309 0.0882 0.0175 0.1173 0.1390 0.1015 0.1084 0.1152 0.1181 0.0638 
         186  1 0.1423 0.1381 0.0150 0.1278 0.1270 0.0858 0.1344 0.1391 0.0810 0.0095 
         187  1 0.1216 0.1120 0.0198 0.1330 0.1486 0.0788 0.1595 0.1263 0.0906 0.0099 
         188  1 0.1356 0.1293 0.0204 0.1289 0.1287 0.0916 0.1388 0.1238 0.0807 0.0220 
         189  1 0.0691 0.1788 0.0177 0.0841 0.0669 0.1987 0.0653 0.1035 0.2022 0.0137 
         190  1 0.1061 0.1530 0.0101 0.0989 0.0975 0.1464 0.1094 0.1158 0.1388 0.0239 
         191  1 0.1609 0.0861 0.0166 0.1374 0.0880 0.1387 0.1080 0.1121 0.1093 0.0429 
         192  1 0.1266 0.1179 0.0220 0.1230 0.1045 0.1365 0.1096 0.1101 0.1440 0.0058 
         193  1 0.1105 0.1050 0.1699 0.1254 0.1065 0.0733 0.1296 0.1058 0.0649 0.0092 
         194  1 0.1033 0.1344 0.0300 0.1140 0.0919 0.1375 0.1160 0.1198 0.1384 0.0146 
         195  1 0.0738 0.1391 0.0544 0.0935 0.1010 0.1486 0.0976 0.0957 0.1879 0.0085 
         196  1 0.1130 0.1028 0.0425 0.1194 0.1201 0.0834 0.1335 0.0997 0.0803 0.1052 
         197  1 0.0699 0.1319 0.0066 0.0879 0.0869 0.1957 0.0834 0.1028 0.2290 0.0060 
         198  1 0.1164 0.1715 0.0120 0.1016 0.0754 0.1617 0.0879 0.1167 0.1498 0.0069 
         199  1 0.0997 0.0883 0.0118 0.1320 0.0946 0.1819 0.0936 0.1049 0.1835 0.0096 
         200  1 0.1224 0.1399 0.0127 0.1168 0.1197 0.0969 0.1371 0.1322 0.1119 0.0103 
         201  1 0.1143 0.1015 0.0091 0.1288 0.1372 0.1207 0.1172 0.1101 0.1396 0.0214 
         202  1 0.1193 0.0947 0.0790 0.1337 0.1360 0.0828 0.1612 0.0902 0.0800 0.0230 
         203  1 0.2331 0.0813 0.0250 0.1633 0.0998 0.1035 0.1029 0.1179 0.0664 0.0067 
         204  1 0.0817 0.0737 0.0185 0.1121 0.1014 0.1955 0.0871 0.0820 0.2271 0.0208 
         205  1 0.1120 0.1133 0.0092 0.1056 0.1543 0.1099 0.1060 0.1710 0.1138 0.0050 
         206  1 0.0976 0.0761 0.0103 0.1151 0.1346 0.1548 0.1025 0.0972 0.2018 0.0100 
         207  1 0.1119 0.1301 0.0131 0.1121 0.1120 0.1348 0.1089 0.1198 0.1419 0.0154 
         208  1 0.1516 0.0988 0.0156 0.1408 0.1120 0.0916 0.1456 0.1096 0.0677 0.0669 
         209  1 0.1270 0.1298 0.0142 0.1221 0.1449 0.0799 0.1565 0.1350 0.0837 0.0069 
         210  1 0.1371 0.1059 0.0081 0.1333 0.1109 0.1320 0.1122 0.1213 0.1318 0.0073 
         211  1 0.0737 0.1745 0.0069 0.0686 0.0836 0.1918 0.0776 0.1252 0.1891 0.0090 
         212  1 0.1362 0.1115 0.0206 0.1331 0.1474 0.0965 0.1265 0.1268 0.0911 0.0102 
         213  1 0.1361 0.1128 0.0406 0.1349 0.1227 0.0850 0.1368 0.1167 0.0753 0.0392 
         214  1 0.1405 0.1063 0.0074 0.0996 0.1392 0.0996 0.1076 0.1792 0.1058 0.0148 
         215  1 0.1178 0.0887 0.0180 0.1281 0.1474 0.1055 0.1512 0.1206 0.1101 0.0125 
         216  1 0.0903 0.1629 0.0235 0.0848 0.0985 0.1430 0.1032 0.1170 0.1480 0.0289 
         217  1 0.1499 0.1307 0.0227 0.1437 0.1261 0.0789 0.1431 0.1170 0.0695 0.0183 
         218  1 0.1535 0.0893 0.0186 0.1311 0.1106 0.1156 0.1196 0.1425 0.0985 0.0207 
         219  1 0.2144 0.0927 0.0088 0.1617 0.1007 0.1057 0.1113 0.1298 0.0688 0.0060 
         220  1 0.1229 0.1147 0.0231 0.1371 0.1469 0.0840 0.1721 0.1123 0.0760 0.0108 
         221  1 0.1097 0.1288 0.0067 0.1177 0.1355 0.1264 0.1102 0.1142 0.1447 0.0061 
         222  1 0.1244 0.1210 0.0055 0.0982 0.1879 0.0932 0.1079 0.1777 0.0787 0.0054 
         223  1 0.1184 0.1426 0.0187 0.1138 0.1016 0.1181 0.1144 0.1217 0.1279 0.0228 
         224  1 0.0629 0.1886 0.0081 0.0683 0.0739 0.1925 0.0724 0.1287 0.1978 0.0068 
         225  1 0.1335 0.0911 0.0054 0.1403 0.0913 0.1633 0.0898 0.1243 0.1533 0.0077 
         226  1 0.1292 0.1504 0.0105 0.1397 0.1482 0.0736 0.1489 0.1255 0.0634 0.0107 
         227  1 0.1168 0.0878 0.0102 0.1217 0.2098 0.0772 0.1356 0.1434 0.0892 0.0082 
         228  1 0.1273 0.0964 0.0305 0.1415 0.1689 0.0705 0.1329 0.1266 0.0805 0.0249 
         229  1 0.0614 0.2137 0.0081 0.0682 0.0539 0.1924 0.0762 0.1140 0.2043 0.0079 
         230  1 0.1169 0.1147 0.0116 0.1151 0.1594 0.0844 0.1616 0.1260 0.0902 0.0202 
         231  1 0.1222 0.1475 0.0207 0.1186 0.1455 0.0708 0.1617 0.1344 0.0627 0.0158 
         232  1 0.1191 0.0952 0.0082 0.0908 0.2043 0.1008 0.1000 0.1886 0.0870 0.0059 
         233  1 0.1229 0.1270 0.0179 0.1307 0.1173 0.1061 0.1409 0.1090 0.1135 0.0148 
         234  1 0.0766 0.0766 0.0073 0.1237 0.1026 0.2098 0.1066 0.0764 0.2094 0.0110 
         235  1 0.1679 0.1092 0.0257 0.1361 0.1407 0.0815 0.1255 0.1387 0.0667 0.0080 
         236  1 0.1755 0.1028 0.0379 0.1441 0.1023 0.0890 0.1316 0.1126 0.0626 0.0415 
         237  1 0.1125 0.1129 0.0069 0.1118 0.1795 0.1000 0.1310 0.1309 0.1079 0.0065 
         238  1 0.1186 0.1563 0.0217 0.1081 0.1034 0.1189 0.1204 0.1265 0.1101 0.0160 
         239  1 0.1334 0.1020 0.1410 0.1306 0.1082 0.0764 0.1224 0.1019 0.0572 0.0271 
         240  1 0.0900 0.0902 0.0070 0.1187 0.1163 0.1787 0.1031 0.1188 0.1710 0.0063 
         241  1 0.0940 0.0901 0.0067 0.1192 0.1150 0.1763 0.0968 0.1219 0.1736 0.0064 
         242  1 0.1153 0.1489 0.0171 0.1353 0.1229 0.0845 0.1455 0.1296 0.0750 0.0259 
         243  1 0.0922 0.1554 0.0152 0.0943 0.1156 0.1489 0.1024 0.1259 0.1403 0.0097 
         244  1 0.1570 0.1276 0.0262 0.1330 0.1032 0.1124 0.1210 0.1145 0.0841 0.0210 
         245  1 0.1452 0.0757 0.0066 0.1448 0.1067 0.1751 0.1015 0.0964 0.1391 0.0089 
         246  1 0.1226 0.1363 0.0732 0.1084 0.1089 0.0724 0.1244 0.1070 0.0768 0.0699 
         247  1 0.1649 0.1258 0.0141 0.1273 0.1305 0.0744 0.1453 0.1443 0.0633 0.0101 
         248  1 0.1158 0.1314 0.0187 0.1211 0.1000 0.1247 0.1169 0.1119 0.1184 0.0412 
         249  1 0.1240 0.1163 0.0150 0.1507 0.1445 0.0599 0.2036 0.1073 0.0536 0.0252 
         250  1 0.1243 0.1301 0.0151 0.1156 0.1489 0.1005 0.1206 0.1367 0.1008 0.0073 
         251  1 0.0937 0.1232 0.0095 0.1089 0.1101 0.1677 0.0934 0.1093 0.1759 0.0084 
         252  1 0.0864 0.0682 0.2329 0.0772 0.0892 0.0634 0.0789 0.0775 0.0579 0.1684 
         253  1 0.0592 0.2013 0.0338 0.0733 0.0715 0.1722 0.0896 0.0985 0.1647 0.0359 
         254  1 0.1202 0.1113 0.0075 0.1171 0.1257 0.1271 0.1180 0.1255 0.1399 0.0077 
         255  1 0.0696 0.0648 0.0159 0.1129 0.0835 0.2256 0.0819 0.0587 0.2662 0.0209 
         256  1 0.0864 0.0779 0.0089 0.1122 0.1323 0.1708 0.1086 0.0864 0.2081 0.0084 
         257  1 0.1081 0.0886 0.0066 0.1106 0.1780 0.1200 0.0904 0.1839 0.1042 0.0096 
         258  1 0.1303 0.1267 0.0130 0.1284 0.1070 0.1203 0.1373 0.1224 0.1022 0.0123 
         259  1 0.1204 0.1623 0.0233 0.1043 0.0883 0.1520 0.0916 0.1114 0.1244 0.0219 
         260  1 0.1283 0.1101 0.0146 0.1280 0.1148 0.1311 0.1076 0.1364 0.1247 0.0045 
         261  1 0.1362 0.0639 0.0166 0.1131 0.1919 0.0770 0.0924 0.1861 0.0984 0.0244 
         262  1 0.1148 0.1140 0.0363 0.1149 0.1388 0.0873 0.1245 0.1484 0.0888 0.0320 
         263  1 0.1198 0.1165 0.0233 0.1353 0.1266 0.0887 0.1622 0.1196 0.0827 0.0252 
         264  1 0.0836 0.0664 0.0174 0.1123 0.1155 0.2046 0.0871 0.0769 0.2151 0.0211 
         265  1 0.1168 0.1421 0.0120 0.1078 0.1064 0.1391 0.1051 0.1317 0.1284 0.0104 
         266  1 0.0712 0.0586 0.0094 0.1277 0.0680 0.2485 0.0752 0.0625 0.2662 0.0127 
         267  1 0.1629 0.1080 0.0526 0.1370 0.0998 0.0985 0.1239 0.1142 0.0753 0.0278 
         268  1 0.1463 0.1303 0.0115 0.1311 0.1304 0.0924 0.1414 0.1232 0.0822 0.0111 
         269  1 0.1031 0.1721 0.0094 0.1037 0.0911 0.1351 0.1080 0.1323 0.1358 0.0094 
         270  1 0.1465 0.1144 0.0055 0.1323 0.1216 0.1266 0.0944 0.1260 0.1265 0.0063 
         271  1 0.0653 0.0593 0.0089 0.1318 0.0689 0.2479 0.0775 0.0656 0.2617 0.0129 
         272  1 0.0689 0.1976 0.0213 0.0720 0.0620 0.1870 0.0727 0.1147 0.1769 0.0269 
         273  1 0.0968 0.1379 0.0172 0.0979 0.1357 0.1216 0.1274 0.1173 0.1280 0.0202 
         274  1 0.1277 0.1003 0.0307 0.1149 0.1656 0.0735 0.1279 0.1473 0.0995 0.0127 
         275  1 0.1479 0.1103 0.0085 0.1303 0.1509 0.0899 0.1393 0.1254 0.0878 0.0098 
         276  1 0.1339 0.1357 0.0149 0.1323 0.1593 0.0796 0.1258 0.1363 0.0734 0.0088 
         277  1 0.0510 0.1497 0.0075 0.0826 0.0546 0.2511 0.0497 0.0858 0.2623 0.0056 
         278  1 0.0230 0.2709 0.0076 0.0246 0.0216 0.2413 0.0238 0.1158 0.2643 0.0071 
         279  1 0.0678 0.0777 0.0100 0.1142 0.0777 0.2274 0.0735 0.0768 0.2441 0.0308 
         280  1 0.1219 0.0907 0.0079 0.1064 0.1477 0.1322 0.0982 0.1369 0.1453 0.0128 
         281  1 0.0759 0.0810 0.0103 0.1112 0.0757 0.2184 0.0826 0.0754 0.2401 0.0292 
         282  1 0.0804 0.1336 0.0221 0.1024 0.1007 0.1757 0.0920 0.1010 0.1828 0.0094 
         283  1 0.0705 0.1083 0.0083 0.0889 0.0838 0.2111 0.0674 0.0994 0.2437 0.0188 
         284  1 0.0962 0.1459 0.0104 0.0953 0.0945 0.1617 0.0969 0.1168 0.1772 0.0051 
         285  1 0.1658 0.1098 0.0122 0.1410 0.1316 0.0743 0.1685 0.1239 0.0626 0.0103 
         286  1 0.1159 0.1456 0.0100 0.1298 0.1493 0.0801 0.1521 0.1136 0.0807 0.0227 
         287  1 0.0958 0.1280 0.0074 0.1057 0.1298 0.1402 0.1056 0.1175 0.1570 0.0129 
         288  1 0.0868 0.1021 0.0180 0.1087 0.0860 0.1951 0.0878 0.0814 0.2220 0.0120 
         289  1 0.0964 0.1310 0.0205 0.1080 0.1106 0.1475 0.1083 0.1151 0.1521 0.0105 
         290  1 0.0465 0.2113 0.0169 0.0561 0.0441 0.2140 0.0567 0.1012 0.2336 0.0195 
         291  1 0.1920 0.0924 0.0188 0.1554 0.0874 0.1164 0.1125 0.1231 0.0795 0.0226 
         292  1 0.1197 0.1138 0.0088 0.1172 0.1152 0.1329 0.1085 0.1246 0.1532 0.0062 
         293  1 0.1410 0.1427 0.0087 0.1353 0.1360 0.0794 0.1416 0.1276 0.0808 0.0069 
         294  1 0.0594 0.1369 0.0255 0.0810 0.0732 0.2027 0.0717 0.0934 0.2419 0.0144 
         295  1 0.1179 0.1119 0.0127 0.1210 0.1150 0.1424 0.1179 0.1073 0.1375 0.0165 
         296  1 0.1104 0.1190 0.0234 0.1304 0.1505 0.0873 0.1633 0.1081 0.0914 0.0162 
         297  1 0.1739 0.0991 0.0582 0.1290 0.1065 0.0715 0.1260 0.1256 0.0560 0.0542 
         298  1 0.1580 0.0919 0.0206 0.1355 0.1515 0.0742 0.1291 0.1483 0.0815 0.0093 
         299  1 0.1296 0.0706 0.0065 0.1118 0.1975 0.0740 0.0867 0.2173 0.1018 0.0040 
         300  1 0.1256 0.1079 0.0191 0.1207 0.1244 0.1246 0.1296 0.1054 0.1203 0.0224 
         301  1 0.1174 0.1612 0.0273 0.1186 0.1222 0.0911 0.1387 0.1318 0.0828 0.0089 
         302  1 0.1064 0.1019 0.0124 0.1024 0.1972 0.0863 0.1047 0.1808 0.0952 0.0127 
         303  1 0.1477 0.1360 0.0257 0.1248 0.1176 0.0788 0.1325 0.1288 0.0651 0.0430 
         304  1 0.0754 0.1830 0.0128 0.0876 0.0824 0.1539 0.0903 0.1125 0.1920 0.0102 
         305  1 0.0629 0.2161 0.0093 0.0730 0.0678 0.1810 0.0826 0.1035 0.1958 0.0081 
         306  1 0.1193 0.0990 0.0116 0.0985 0.1867 0.1005 0.1097 0.1504 0.1158 0.0084 
         307  1 0.1222 0.1355 0.0200 0.1327 0.1437 0.0779 0.1305 0.1433 0.0835 0.0108 
         308  1 0.0867 0.1148 0.0106 0.1362 0.1167 0.1214 0.1865 0.0804 0.1284 0.0183 
         309  1 0.0538 0.2440 0.0101 0.0533 0.0376 0.2096 0.0532 0.1172 0.2124 0.0089 
         310  1 0.1643 0.1232 0.0120 0.1397 0.1078 0.1057 0.1151 0.1312 0.0866 0.0146 
         311  1 0.1099 0.1004 0.0090 0.1297 0.1403 0.0726 0.1512 0.1282 0.0769 0.0817 
         312  1 0.1092 0.1038 0.0214 0.1412 0.1600 0.0989 0.1972 0.0800 0.0754 0.0129 
         313  1 0.0883 0.1181 0.0142 0.1155 0.0823 0.1711 0.1003 0.0891 0.2070 0.0141 
         314  1 0.1890 0.0851 0.0066 0.1343 0.1690 0.0856 0.1124 0.1369 0.0714 0.0097 
         315  1 0.1021 0.1196 0.0483 0.1280 0.1295 0.0854 0.1356 0.1251 0.0914 0.0351 
         316  1 0.1013 0.1078 0.0562 0.1486 0.1464 0.0706 0.1720 0.1041 0.0771 0.0159 
         317  1 0.1193 0.0813 0.0674 0.1162 0.1282 0.1136 0.1186 0.1171 0.1178 0.0205 
         318  1 0.1480 0.1034 0.0147 0.1713 0.1156 0.1126 0.1328 0.0990 0.0969 0.0057 
         319  1 0.0704 0.1156 0.0089 0.0944 0.0791 0.2151 0.0683 0.0823 0.2579 0.0080 
         320  1 0.1233 0.0942 0.0070 0.1083 0.1566 0.1305 0.1216 0.1432 0.1097 0.0056 
         321  1 0.1219 0.1111 0.0110 0.1228 0.1369 0.1068 0.1207 0.1218 0.1303 0.0167 
         322  1 0.0566 0.0733 0.0226 0.1044 0.0797 0.2328 0.0890 0.0632 0.2518 0.0267 
         323  1 0.0788 0.1555 0.0174 0.0787 0.0983 0.1605 0.0881 0.1239 0.1877 0.0111 
         324  1 0.1617 0.1463 0.0154 0.1466 0.1233 0.0789 0.1391 0.1237 0.0572 0.0079 
         325  1 0.1034 0.1123 0.0061 0.0913 0.1856 0.1201 0.0994 0.1734 0.1036 0.0047 
         326  1 0.1269 0.1536 0.0076 0.1055 0.1078 0.1093 0.1443 0.1275 0.1096 0.0078 
         327  1 0.1412 0.1423 0.0271 0.1347 0.1123 0.0830 0.1371 0.1327 0.0760 0.0137 
         328  1 0.1089 0.1063 0.0396 0.1113 0.0932 0.1190 0.1049 0.0941 0.1311 0.0915 
         329  1 0.1037 0.1730 0.0089 0.0952 0.0930 0.1438 0.1093 0.1203 0.1468 0.0060 
         330  1 0.0622 0.0501 0.0395 0.1074 0.0922 0.2365 0.0726 0.0588 0.2632 0.0174 
         331  1 0.1009 0.1472 0.0165 0.1179 0.1161 0.1292 0.1282 0.1094 0.1244 0.0102 
         332  1 0.0962 0.0724 0.0174 0.1249 0.0804 0.1887 0.0996 0.0777 0.2199 0.0229 
         333  1 0.1723 0.1157 0.0176 0.1342 0.1236 0.0892 0.1230 0.1382 0.0699 0.0163 
         334  1 0.2223 0.0689 0.0622 0.1444 0.0704 0.1124 0.0971 0.1132 0.0583 0.0508 
         335  1 0.1145 0.0720 0.0063 0.1318 0.0835 0.2022 0.0832 0.0997 0.1980 0.0089 
         336  1 0.1010 0.1519 0.0094 0.1114 0.1146 0.1528 0.1022 0.1127 0.1326 0.0114 
         337  1 0.0883 0.1078 0.0318 0.1124 0.1226 0.1390 0.1085 0.0910 0.1755 0.0230 
         338  1 0.0812 0.1750 0.0277 0.0917 0.1059 0.1358 0.1037 0.1077 0.1504 0.0209 
         339  1 0.0870 0.1260 0.0721 0.1110 0.1149 0.1102 0.1156 0.1018 0.1061 0.0552 
         340  1 0.1659 0.1246 0.0172 0.1755 0.1405 0.0740 0.1424 0.1008 0.0525 0.0066 
         341  1 0.1273 0.0674 0.0111 0.1253 0.1039 0.1657 0.1006 0.0940 0.1852 0.0196 
         342  1 0.0861 0.0934 0.0857 0.0990 0.1067 0.0495 0.1104 0.0892 0.0514 0.2285 
         343  1 0.1332 0.1059 0.0284 0.1315 0.1326 0.1028 0.1194 0.1453 0.0872 0.0136 
         344  1 0.1097 0.0880 0.0216 0.1372 0.1223 0.1417 0.1096 0.0935 0.1636 0.0127 
         345  1 0.0968 0.1279 0.0234 0.1087 0.1279 0.1223 0.0989 0.1370 0.1226 0.0345 
         346  1 0.1929 0.0823 0.0200 0.1623 0.0935 0.1183 0.1134 0.1096 0.0990 0.0087 
         347  1 0.1171 0.1182 0.0452 0.1212 0.1432 0.0952 0.1400 0.1089 0.0983 0.0127 
         348  1 0.1313 0.0858 0.0052 0.1092 0.1750 0.0806 0.1168 0.1994 0.0918 0.0047 
         349  1 0.0989 0.0980 0.0543 0.1258 0.1308 0.0813 0.1272 0.1108 0.0725 0.1003 
         350  1 0.1445 0.0841 0.0132 0.1194 0.1504 0.0954 0.1249 0.1606 0.0925 0.0150 
         351  1 0.1217 0.0872 0.0101 0.1358 0.1254 0.1405 0.1188 0.1084 0.1410 0.0111 
         352  1 0.1144 0.1439 0.0059 0.1102 0.1280 0.1314 0.1029 0.1331 0.1234 0.0067 
         353  1 0.0522 0.0515 0.0058 0.1179 0.0648 0.2752 0.0727 0.0523 0.2997 0.0080 
         354  1 0.1374 0.0918 0.0143 0.1139 0.1642 0.0856 0.1403 0.1609 0.0839 0.0078 
         355  1 0.1542 0.0981 0.0177 0.1292 0.1534 0.0671 0.1484 0.1293 0.0919 0.0106 
         356  1 0.1344 0.1302 0.0368 0.1422 0.1193 0.0773 0.1443 0.1134 0.0692 0.0329 
         357  1 0.1332 0.1680 0.0102 0.1373 0.1194 0.0776 0.1382 0.1434 0.0631 0.0097 
         358  1 0.1574 0.0700 0.0090 0.1320 0.1697 0.0848 0.0987 0.1926 0.0815 0.0042 
         359  1 0.1081 0.0928 0.1566 0.1078 0.0919 0.0868 0.1145 0.1028 0.0728 0.0659 
         360  1 0.1536 0.1119 0.0114 0.1445 0.1253 0.0922 0.1316 0.1153 0.0920 0.0222 
         361  1 0.1286 0.1053 0.1139 0.1231 0.1268 0.0686 0.1567 0.0993 0.0579 0.0198 
         362  1 0.1048 0.1112 0.0262 0.1392 0.1454 0.0863 0.1770 0.1087 0.0911 0.0101 
         363  1 0.1408 0.0872 0.0076 0.1585 0.1660 0.0798 0.1159 0.1709 0.0676 0.0057 
         364  1 0.0801 0.1114 0.0251 0.1127 0.1045 0.1656 0.1049 0.0832 0.1728 0.0397 
         365  1 0.1188 0.0823 0.0458 0.1025 0.0962 0.0829 0.0900 0.0830 0.0859 0.2126 
         366  1 0.1426 0.1162 0.0174 0.1382 0.1393 0.0836 0.1394 0.1375 0.0718 0.0140 
         367  1 0.0975 0.1582 0.0102 0.0855 0.1049 0.1374 0.0976 0.1174 0.1483 0.0429 
         368  1 0.0405 0.0586 0.0098 0.0952 0.0663 0.2821 0.0595 0.0418 0.3359 0.0103 
         369  1 0.1123 0.1280 0.0094 0.1349 0.1186 0.1093 0.1706 0.1031 0.1088 0.0049 
         370  1 0.1404 0.1475 0.0081 0.1121 0.0970 0.1362 0.1024 0.1403 0.1060 0.0101 
         371  1 0.0848 0.0572 0.0065 0.1219 0.0807 0.2255 0.0829 0.0612 0.2623 0.0171 
         372  1 0.0997 0.1126 0.0798 0.1375 0.1296 0.0791 0.1657 0.0991 0.0800 0.0170 
         373  1 0.1047 0.1366 0.0954 0.1403 0.1177 0.0613 0.1701 0.1120 0.0465 0.0154 
         374  1 0.0888 0.1081 0.0324 0.1041 0.0852 0.1470 0.0879 0.0995 0.1718 0.0752 
         375  1 0.1179 0.1351 0.0172 0.1210 0.1300 0.0967 0.1353 0.1281 0.1066 0.0123 
         376  1 0.1200 0.1172 0.0082 0.1095 0.1514 0.1204 0.0927 0.1505 0.1224 0.0079 
         377  1 0.1229 0.0961 0.0266 0.0932 0.1900 0.0904 0.1018 0.1704 0.0976 0.0109 
         378  1 0.1194 0.1395 0.0132 0.1112 0.1310 0.1133 0.1261 0.1236 0.1017 0.0209 
         379  1 0.1321 0.0800 0.0364 0.0971 0.1940 0.0775 0.1061 0.1537 0.1175 0.0054 
         380  1 0.0471 0.0434 0.0080 0.1162 0.0651 0.2793 0.0592 0.0425 0.3297 0.0094 
         381  1 0.1522 0.1005 0.0117 0.1318 0.1149 0.1239 0.1120 0.1086 0.1255 0.0189 
         382  1 0.1325 0.1232 0.0124 0.1376 0.0965 0.1388 0.1205 0.1118 0.1194 0.0072 
         383  1 0.1499 0.1098 0.0094 0.1494 0.1272 0.0854 0.1425 0.1293 0.0839 0.0132 
         384  1 0.1128 0.1126 0.0135 0.1081 0.1767 0.1058 0.1180 0.1486 0.0943 0.0096 
         385  1 0.1134 0.1495 0.0168 0.1192 0.1228 0.1042 0.1433 0.1307 0.0900 0.0101 
         386  1 0.1078 0.1198 0.0262 0.1370 0.1444 0.0918 0.1504 0.1172 0.0981 0.0073 
         387  1 0.1113 0.1210 0.0166 0.0975 0.1318 0.1288 0.0952 0.1369 0.1458 0.0152 
         388  1 0.1900 0.0763 0.0481 0.1680 0.1138 0.0892 0.1150 0.0945 0.0713 0.0339 
         389  1 0.1229 0.1243 0.0077 0.1291 0.1372 0.1065 0.1346 0.1233 0.1083 0.0060 
         390  1 0.0677 0.0664 0.0090 0.1179 0.1111 0.2213 0.0924 0.0646 0.2385 0.0111 
         391  1 0.1346 0.1253 0.0160 0.1430 0.0703 0.1736 0.0958 0.0903 0.1399 0.0112 
         392  1 0.1170 0.1474 0.0211 0.1144 0.1393 0.0983 0.1262 0.1207 0.1016 0.0140 
         393  1 0.1230 0.1201 0.0117 0.1198 0.1348 0.1186 0.1099 0.1502 0.1025 0.0094 
         394  1 0.1267 0.0896 0.0221 0.1245 0.1377 0.1003 0.1220 0.1376 0.1237 0.0159 
         395  1 0.0928 0.0969 0.0480 0.0985 0.1074 0.1123 0.0965 0.0908 0.1311 0.1257 
         396  1 0.1536 0.1258 0.0065 0.1159 0.1161 0.0944 0.1120 0.1810 0.0888 0.0059 
         397  1 0.1672 0.1029 0.0111 0.1323 0.1061 0.1190 0.1112 0.1128 0.1017 0.0356 
         398  1 0.0887 0.1447 0.0208 0.1104 0.0937 0.1575 0.1016 0.1086 0.1619 0.0119 
         399  1 0.1036 0.1156 0.0106 0.0937 0.2185 0.0932 0.1091 0.1515 0.0923 0.0119 
         400  1 0.1347 0.1362 0.0210 0.1263 0.1349 0.0787 0.1357 0.1354 0.0703 0.0267 
         401  1 0.1097 0.1321 0.0158 0.1263 0.1327 0.1121 0.1443 0.1163 0.1021 0.0086 
         402  1 0.1644 0.0874 0.0275 0.1193 0.0662 0.0933 0.0918 0.1183 0.0641 0.1676 
         403  1 0.2252 0.0854 0.0161 0.1609 0.0799 0.1065 0.0988 0.1387 0.0654 0.0232 
         404  1 0.0424 0.0401 0.6473 0.0380 0.0429 0.0352 0.0415 0.0443 0.0356 0.0325 
         405  1 0.1246 0.1241 0.0676 0.1366 0.1397 0.0895 0.1402 0.0979 0.0715 0.0084 
         406  1 0.1449 0.1209 0.0270 0.1265 0.1116 0.0731 0.1459 0.1313 0.0612 0.0576 
         407  1 0.0658 0.0735 0.1535 0.0664 0.0812 0.0359 0.0783 0.0649 0.0330 0.3475 
         408  1 0.0979 0.1448 0.0180 0.1010 0.0918 0.1565 0.1017 0.1146 0.1647 0.0090 
         409  1 0.0597 0.1918 0.1418 0.0610 0.0553 0.1551 0.0677 0.1058 0.1509 0.0108 
         410  1 0.0982 0.1128 0.0101 0.1054 0.2044 0.0945 0.1055 0.1583 0.1003 0.0107 
         411  1 0.1089 0.0816 0.0080 0.1335 0.1319 0.1349 0.1331 0.1022 0.1458 0.0201 
         412  1 0.0800 0.1439 0.0317 0.0911 0.1019 0.1590 0.1035 0.1045 0.1702 0.0142 
         413  1 0.1250 0.1293 0.0635 0.1226 0.1092 0.0775 0.1446 0.1008 0.0652 0.0622 
         414  1 0.1100 0.0952 0.0174 0.1183 0.0941 0.1502 0.1122 0.1062 0.1691 0.0272 
         415  1 0.1168 0.1706 0.0078 0.0986 0.0672 0.1900 0.0782 0.1172 0.1454 0.0082 
         416  1 0.1831 0.0705 0.0069 0.1485 0.1188 0.0953 0.0952 0.1934 0.0802 0.0081 
         417  1 0.1201 0.0976 0.0146 0.1338 0.1935 0.0723 0.1434 0.1233 0.0909 0.0104 
         418  1 0.1321 0.1343 0.0105 0.1559 0.1470 0.0532 0.1659 0.1354 0.0577 0.0080 
         419  1 0.0860 0.1807 0.0370 0.0960 0.0778 0.1518 0.1072 0.1136 0.1233 0.0265 
         420  1 0.1504 0.1201 0.0396 0.1340 0.1186 0.0912 0.1225 0.1050 0.0803 0.0385 
         421  1 0.1322 0.1456 0.0091 0.1399 0.1386 0.0673 0.1708 0.1115 0.0782 0.0070 
         422  1 0.1090 0.1303 0.0110 0.1176 0.1786 0.0746 0.1313 0.1605 0.0798 0.0072 
         423  1 0.1742 0.0902 0.0231 0.1552 0.0865 0.1394 0.1072 0.1157 0.0971 0.0115 
         424  1 0.1487 0.1036 0.0068 0.1056 0.1782 0.0905 0.1029 0.1678 0.0887 0.0073 
         425  1 0.1350 0.1281 0.0147 0.1477 0.1732 0.0642 0.1321 0.1362 0.0625 0.0063 
         426  1 0.1312 0.1042 0.0187 0.1378 0.1086 0.1075 0.1379 0.0989 0.1051 0.0501 
         427  1 0.1215 0.1086 0.0163 0.1348 0.1857 0.0736 0.1254 0.1343 0.0828 0.0170 
         428  1 0.1632 0.1385 0.0170 0.1346 0.1051 0.0970 0.1238 0.1155 0.0760 0.0292 
         429  1 0.1397 0.1247 0.0167 0.1517 0.1664 0.0718 0.1281 0.1396 0.0537 0.0077 
         430  1 0.1278 0.1313 0.0077 0.1149 0.1197 0.1247 0.1186 0.1327 0.1079 0.0147 
         431  1 0.1159 0.0987 0.0100 0.1598 0.1628 0.0680 0.2442 0.0759 0.0548 0.0097 
         432  1 0.0851 0.0667 0.0304 0.0817 0.0718 0.0442 0.0779 0.0747 0.0362 0.4314 
         433  1 0.1497 0.0929 0.0439 0.1232 0.1169 0.1071 0.1175 0.1293 0.0966 0.0229 
         434  1 0.1007 0.1510 0.0136 0.1147 0.1257 0.1060 0.1304 0.1265 0.1133 0.0181 
         435  1 0.1905 0.1175 0.0173 0.1609 0.1121 0.0753 0.1314 0.1341 0.0513 0.0097 
         436  1 0.1123 0.1092 0.0166 0.1252 0.1772 0.0811 0.1201 0.1554 0.0825 0.0204 
         437  1 0.1303 0.1071 0.0070 0.1382 0.1462 0.0931 0.1449 0.1334 0.0909 0.0089 
         438  1 0.1365 0.1137 0.0130 0.1367 0.1499 0.0711 0.1437 0.1593 0.0679 0.0083 
         439  1 0.0862 0.0779 0.0398 0.0830 0.0639 0.0594 0.0986 0.0743 0.0480 0.3689 
         440  1 0.1440 0.1022 0.0517 0.1421 0.1409 0.0648 0.1504 0.1146 0.0612 0.0279 
         441  1 0.1326 0.1407 0.0185 0.1401 0.1090 0.1093 0.1292 0.1221 0.0820 0.0165 
         442  1 0.0549 0.2165 0.0118 0.0533 0.0451 0.2239 0.0593 0.1208 0.2051 0.0093 
         443  1 0.0992 0.2003 0.0229 0.1113 0.0841 0.1093 0.1203 0.1248 0.0932 0.0347 
         444  1 0.1479 0.1107 0.0136 0.1230 0.1181 0.0945 0.1177 0.1241 0.0915 0.0589 
         445  1 0.0872 0.0688 0.1880 0.1170 0.1368 0.0657 0.1325 0.1150 0.0805 0.0086 
         446  1 0.1030 0.1165 0.0599 0.1259 0.1294 0.0933 0.1437 0.1045 0.0964 0.0273 
         447  1 0.1313 0.1272 0.0110 0.1295 0.1374 0.0846 0.1409 0.1262 0.0780 0.0339 
         448  1 0.1257 0.1194 0.0553 0.1287 0.1252 0.0727 0.1247 0.1181 0.0657 0.0645 
         449  1 0.1053 0.1360 0.0620 0.1073 0.1203 0.0902 0.1298 0.1218 0.0924 0.0350 
         450  1 0.1269 0.1621 0.0397 0.1114 0.1238 0.0752 0.1425 0.1411 0.0585 0.0187 
         451  1 0.0533 0.2358 0.0140 0.0556 0.0487 0.1946 0.0602 0.1183 0.1971 0.0224 
         452  1 0.1292 0.1296 0.0403 0.1219 0.1579 0.0588 0.1364 0.1188 0.0627 0.0445 
         453  1 0.1172 0.1260 0.0877 0.1115 0.1464 0.0588 0.1218 0.1194 0.0618 0.0494 
         454  1 0.0950 0.1333 0.0462 0.1037 0.1175 0.1128 0.1156 0.1007 0.1187 0.0565 
         455  1 0.1123 0.1416 0.0720 0.1086 0.0994 0.0817 0.1259 0.1177 0.0793 0.0615 
         456  1 0.1055 0.1365 0.1192 0.1056 0.0918 0.0813 0.1261 0.1152 0.0671 0.0517 
         457  1 0.1087 0.1051 0.0951 0.1312 0.1466 0.0607 0.1629 0.1136 0.0607 0.0155 
         458  1 0.1360 0.1687 0.0452 0.1207 0.0996 0.0814 0.1143 0.1380 0.0670 0.0290 
         459  1 0.1082 0.1536 0.0120 0.0969 0.0994 0.1397 0.1091 0.1314 0.1419 0.0076 
