           1  1 0.0405 0.2126 0.0387 0.0353 0.0429 0.0385 0.5115 0.0406 0.0394 
           2  1 0.0251 0.7349 0.0183 0.0519 0.0184 0.0481 0.0660 0.0195 0.0177 
           3  1 0.0226 0.5249 0.0251 0.0232 0.0252 0.0258 0.2929 0.0296 0.0305 
           4  1 0.0295 0.1439 0.0261 0.0483 0.0272 0.0576 0.6055 0.0303 0.0316 
           5  1 0.0194 0.3322 0.0191 0.0171 0.0209 0.0180 0.5325 0.0202 0.0206 
           6  1 0.0187 0.3168 0.0196 0.0184 0.0194 0.0179 0.5495 0.0194 0.0205 
           7  1 0.0241 0.7774 0.0183 0.0452 0.0199 0.0452 0.0287 0.0221 0.0190 
           8  1 0.0188 0.6756 0.0213 0.0224 0.0225 0.0219 0.1736 0.0211 0.0228 
           9  1 0.0170 0.0387 0.0202 0.0186 0.0212 0.0165 0.8271 0.0210 0.0197 
          10  1 0.0127 0.8623 0.0120 0.0126 0.0131 0.0139 0.0484 0.0122 0.0127 
          11  1 0.0216 0.8127 0.0193 0.0167 0.0205 0.0199 0.0483 0.0198 0.0211 
          12  1 0.1072 0.2262 0.1093 0.0769 0.1102 0.1111 0.0432 0.1050 0.1110 
          13  1 0.0286 0.7849 0.0279 0.0334 0.0267 0.0298 0.0198 0.0252 0.0237 
          14  1 0.0831 0.2967 0.0838 0.0898 0.0965 0.0922 0.0667 0.1005 0.0907 
          15  1 0.0581 0.4523 0.0604 0.0646 0.0806 0.0522 0.0776 0.0767 0.0775 
          16  1 0.1988 0.0097 0.1661 0.0781 0.1727 0.0923 0.0097 0.1267 0.1459 
          17  1 0.1827 0.0080 0.2053 0.0800 0.1156 0.0813 0.0066 0.1375 0.1830 
          18  1 0.1865 0.0114 0.1949 0.0794 0.1207 0.0809 0.0082 0.1373 0.1807 
          19  1 0.1407 0.0297 0.0895 0.2415 0.0843 0.2377 0.0120 0.0841 0.0804 
          20  1 0.0953 0.0097 0.1499 0.1207 0.1422 0.1334 0.0093 0.1840 0.1557 
          21  1 0.1169 0.0111 0.0610 0.3435 0.0388 0.3043 0.0150 0.0532 0.0560 
          22  1 0.1031 0.1541 0.0861 0.1640 0.0927 0.1620 0.0406 0.0980 0.0995 
          23  1 0.1085 0.0346 0.1360 0.1488 0.1456 0.1362 0.0238 0.1425 0.1240 
          24  1 0.1226 0.0350 0.1075 0.1998 0.1138 0.1929 0.0108 0.1098 0.1078 
          25  1 0.2118 0.0158 0.1412 0.1088 0.1558 0.1004 0.0141 0.1329 0.1192 
          26  1 0.1064 0.0291 0.1062 0.1283 0.1165 0.1496 0.0599 0.1676 0.1365 
          27  1 0.1203 0.0169 0.1438 0.1276 0.1484 0.1512 0.0091 0.1378 0.1451 
          28  1 0.1599 0.0088 0.1363 0.1606 0.1333 0.1547 0.0077 0.1164 0.1222 
          29  1 0.2240 0.0131 0.1596 0.0894 0.1616 0.0863 0.0059 0.1213 0.1389 
          30  1 0.1480 0.0156 0.1209 0.1973 0.0972 0.1807 0.0179 0.1012 0.1211 
          31  1 0.0894 0.2063 0.0977 0.0750 0.1090 0.0819 0.1403 0.1069 0.0935 
          32  1 0.1327 0.0102 0.0775 0.3018 0.0716 0.2665 0.0077 0.0677 0.0644 
          33  1 0.1480 0.0124 0.1385 0.1692 0.1163 0.1783 0.0124 0.1066 0.1183 
          34  1 0.0644 0.4882 0.0630 0.0605 0.0570 0.0605 0.0678 0.0705 0.0681 
          35  1 0.1496 0.0620 0.1430 0.0995 0.1510 0.1017 0.0171 0.1465 0.1297 
          36  1 0.1860 0.0282 0.1269 0.1212 0.1641 0.1002 0.0194 0.1391 0.1149 
          37  1 0.1295 0.0750 0.1416 0.0989 0.1439 0.1446 0.0297 0.1146 0.1222 
          38  1 0.1571 0.0199 0.1427 0.1416 0.1548 0.1171 0.0076 0.1296 0.1297 
          39  1 0.1878 0.0146 0.1432 0.1181 0.1493 0.1157 0.0063 0.1377 0.1274 
          40  1 0.1662 0.0085 0.1545 0.1172 0.1278 0.1477 0.0119 0.1176 0.1486 
          41  1 0.1360 0.0099 0.1681 0.0945 0.1443 0.1093 0.0268 0.1561 0.1551 
          42  1 0.1330 0.0117 0.1270 0.1171 0.1215 0.1409 0.0337 0.1712 0.1439 
          43  1 0.1305 0.0257 0.1738 0.0962 0.1448 0.1205 0.0186 0.1482 0.1418 
          44  1 0.2102 0.0076 0.1506 0.1073 0.1544 0.1093 0.0091 0.1237 0.1279 
          45  1 0.1589 0.0176 0.1574 0.1091 0.1405 0.1355 0.0093 0.1290 0.1429 
          46  1 0.1576 0.0131 0.1730 0.0833 0.1220 0.0905 0.0302 0.1458 0.1846 
          47  1 0.1252 0.0226 0.1368 0.1195 0.1634 0.1044 0.0163 0.1606 0.1511 
          48  1 0.1506 0.0210 0.0998 0.1821 0.1223 0.1828 0.0315 0.1087 0.1012 
          49  1 0.1132 0.0349 0.1126 0.1790 0.1113 0.1676 0.0385 0.1220 0.1209 
          50  1 0.1265 0.0318 0.1506 0.0989 0.1364 0.1149 0.0463 0.1362 0.1584 
          51  1 0.1278 0.0261 0.1585 0.0810 0.1468 0.1070 0.0332 0.1635 0.1562 
          52  1 0.1333 0.0242 0.1168 0.1580 0.1253 0.1480 0.0616 0.1123 0.1204 
          53  1 0.1164 0.0173 0.0367 0.3523 0.0341 0.3272 0.0296 0.0463 0.0402 
          54  1 0.1414 0.0112 0.1695 0.1059 0.1346 0.1202 0.0064 0.1525 0.1585 
          55  1 0.1587 0.0088 0.1657 0.1490 0.0994 0.1334 0.0069 0.1291 0.1491 
          56  1 0.1176 0.0168 0.1263 0.1211 0.1625 0.1090 0.0221 0.1589 0.1656 
          57  1 0.1218 0.0683 0.1206 0.0784 0.1376 0.1508 0.0198 0.1598 0.1427 
          58  1 0.1664 0.0175 0.1643 0.1120 0.1177 0.1229 0.0161 0.1278 0.1553 
          59  1 0.1417 0.0114 0.1502 0.1233 0.1572 0.0938 0.0114 0.1422 0.1688 
          60  1 0.1292 0.0192 0.1024 0.1906 0.1078 0.2002 0.0440 0.1050 0.1016 
          61  1 0.1348 0.0056 0.1691 0.1153 0.1499 0.1340 0.0074 0.1379 0.1461 
          62  1 0.1536 0.0149 0.1378 0.1452 0.1232 0.1282 0.0181 0.1276 0.1514 
          63  1 0.1475 0.0296 0.1812 0.0776 0.1285 0.0929 0.0139 0.1476 0.1811 
          64  1 0.1530 0.0356 0.1348 0.0972 0.1446 0.1116 0.0062 0.1529 0.1640 
          65  1 0.1194 0.0084 0.1416 0.1395 0.1788 0.0830 0.0093 0.1759 0.1441 
          66  1 0.1359 0.0109 0.1434 0.1150 0.1732 0.0943 0.0098 0.1558 0.1618 
          67  1 0.1852 0.0101 0.1898 0.0789 0.1368 0.0823 0.0176 0.1302 0.1690 
          68  1 0.0896 0.0298 0.1690 0.1015 0.1717 0.1148 0.0154 0.1760 0.1321 
          69  1 0.1405 0.0093 0.1650 0.1052 0.1436 0.1135 0.0077 0.1510 0.1643 
          70  1 0.1275 0.0168 0.0963 0.2388 0.1004 0.1964 0.0099 0.1055 0.1084 
          71  1 0.1157 0.0112 0.1533 0.1055 0.1845 0.1032 0.0106 0.1595 0.1565 
          72  1 0.1710 0.0047 0.1937 0.0874 0.1378 0.0768 0.0057 0.1472 0.1755 
          73  1 0.1343 0.0345 0.1279 0.1231 0.1439 0.1173 0.0285 0.1496 0.1409 
          74  1 0.1606 0.0073 0.1960 0.0985 0.1336 0.0829 0.0067 0.1406 0.1739 
          75  1 0.1773 0.0165 0.1065 0.1129 0.1606 0.1285 0.0126 0.1547 0.1303 
          76  1 0.0993 0.0548 0.1466 0.0777 0.1395 0.1011 0.0433 0.1792 0.1585 
          77  1 0.1868 0.0417 0.0993 0.1319 0.1529 0.1109 0.0593 0.1160 0.1011 
          78  1 0.0994 0.0106 0.1442 0.1496 0.1614 0.1299 0.0182 0.1467 0.1398 
          79  1 0.1130 0.0092 0.1341 0.1976 0.1306 0.1627 0.0060 0.1277 0.1190 
          80  1 0.1007 0.0171 0.1530 0.1032 0.1386 0.1241 0.0128 0.1873 0.1631 
          81  1 0.1401 0.0222 0.1410 0.1529 0.1083 0.1480 0.0092 0.1264 0.1518 
          82  1 0.0831 0.0071 0.1472 0.0919 0.1332 0.1535 0.0076 0.2010 0.1754 
          83  1 0.1336 0.0193 0.1482 0.1031 0.1342 0.1258 0.0100 0.1619 0.1638 
          84  1 0.1160 0.0243 0.1196 0.0939 0.1298 0.1392 0.0077 0.1950 0.1746 
          85  1 0.1559 0.0112 0.1511 0.0980 0.1545 0.1183 0.0143 0.1436 0.1532 
          86  1 0.1549 0.0153 0.1939 0.0880 0.1233 0.0810 0.0190 0.1504 0.1741 
          87  1 0.1322 0.0086 0.1536 0.1181 0.1850 0.0919 0.0074 0.1528 0.1503 
          88  1 0.1517 0.0244 0.1675 0.0844 0.1384 0.1032 0.0110 0.1456 0.1739 
          89  1 0.0827 0.0093 0.1573 0.1036 0.1325 0.1499 0.0092 0.2014 0.1542 
          90  1 0.1340 0.0084 0.1452 0.1174 0.1410 0.1468 0.0113 0.1573 0.1386 
          91  1 0.1502 0.0083 0.1582 0.1180 0.1361 0.1130 0.0106 0.1456 0.1599 
          92  1 0.1446 0.0101 0.1546 0.1145 0.1561 0.1122 0.0062 0.1408 0.1608 
          93  1 0.1851 0.0108 0.1926 0.0887 0.1157 0.0918 0.0306 0.1245 0.1601 
          94  1 0.1213 0.0062 0.0856 0.2801 0.0986 0.2581 0.0042 0.0755 0.0704 
          95  1 0.1149 0.0146 0.1155 0.2111 0.1152 0.1918 0.0116 0.1118 0.1135 
          96  1 0.1036 0.1260 0.0988 0.1418 0.1083 0.1584 0.0507 0.1110 0.1013 
          97  1 0.1204 0.0108 0.1282 0.1724 0.1500 0.1308 0.0099 0.1373 0.1402 
          98  1 0.1374 0.0137 0.1142 0.1861 0.1288 0.1573 0.0183 0.1256 0.1186 
          99  1 0.1304 0.0179 0.1270 0.1201 0.1542 0.1283 0.0189 0.1436 0.1595 
         100  1 0.1225 0.0168 0.1438 0.1373 0.1327 0.1480 0.0215 0.1362 0.1411 
         101  1 0.1751 0.0244 0.1352 0.1047 0.1632 0.1057 0.0127 0.1490 0.1299 
         102  1 0.1598 0.0112 0.1434 0.1134 0.1477 0.1572 0.0091 0.1205 0.1378 
         103  1 0.1026 0.0217 0.1142 0.1770 0.1212 0.1334 0.0923 0.1182 0.1194 
         104  1 0.1186 0.0123 0.1490 0.1036 0.1899 0.1092 0.0069 0.1769 0.1335 
         105  1 0.1018 0.0174 0.1486 0.1397 0.1941 0.1140 0.0138 0.1579 0.1127 
         106  1 0.0997 0.0181 0.1533 0.1450 0.2001 0.1040 0.0134 0.1500 0.1166 
         107  1 0.1138 0.0290 0.1255 0.1086 0.1175 0.1451 0.1305 0.1087 0.1212 
         108  1 0.1188 0.0061 0.0706 0.2925 0.0891 0.2755 0.0059 0.0696 0.0720 
         109  1 0.1373 0.0255 0.1287 0.1837 0.1029 0.1658 0.0260 0.1151 0.1150 
         110  1 0.1193 0.0094 0.1554 0.1060 0.1664 0.1098 0.0088 0.1754 0.1496 
         111  1 0.1841 0.0082 0.1442 0.1003 0.1422 0.1054 0.0434 0.1275 0.1447 
         112  1 0.1564 0.0107 0.1701 0.1427 0.1145 0.1218 0.0119 0.1251 0.1468 
         113  1 0.1147 0.0059 0.1523 0.1423 0.1842 0.1220 0.0048 0.1461 0.1277 
         114  1 0.1123 0.0588 0.1356 0.0987 0.1319 0.1564 0.0390 0.1363 0.1310 
         115  1 0.1124 0.0087 0.1530 0.1403 0.1798 0.1048 0.0110 0.1512 0.1387 
         116  1 0.1358 0.0181 0.1483 0.0905 0.1367 0.1376 0.0211 0.1550 0.1570 
         117  1 0.1358 0.0096 0.1631 0.1293 0.1464 0.1217 0.0192 0.1326 0.1422 
         118  1 0.1200 0.0140 0.1027 0.2355 0.1004 0.2016 0.0170 0.1099 0.0990 
         119  1 0.1648 0.0159 0.1764 0.1183 0.1118 0.1077 0.0143 0.1342 0.1565 
         120  1 0.0959 0.0384 0.1025 0.1144 0.1054 0.1063 0.2182 0.1138 0.1050 
         121  1 0.1066 0.0813 0.1177 0.1632 0.1103 0.1579 0.0334 0.1204 0.1092 
         122  1 0.1722 0.0057 0.1616 0.0993 0.1861 0.1052 0.0053 0.1284 0.1363 
         123  1 0.1427 0.0074 0.1576 0.0998 0.1281 0.1249 0.0190 0.1508 0.1698 
         124  1 0.1370 0.0180 0.1182 0.1352 0.1259 0.1435 0.0165 0.1572 0.1484 
         125  1 0.1323 0.0054 0.1559 0.1367 0.1651 0.1026 0.0076 0.1475 0.1469 
         126  1 0.1408 0.0068 0.1566 0.1317 0.1620 0.1042 0.0059 0.1403 0.1515 
         127  1 0.1818 0.0190 0.1246 0.1050 0.1431 0.1164 0.0272 0.1506 0.1324 
         128  1 0.1438 0.0168 0.1474 0.0930 0.1685 0.1008 0.0217 0.1400 0.1681 
         129  1 0.1309 0.0182 0.1395 0.1282 0.1687 0.0972 0.0127 0.1456 0.1590 
         130  1 0.1362 0.0154 0.1491 0.1822 0.1083 0.1510 0.0147 0.1178 0.1252 
         131  1 0.1720 0.0096 0.1902 0.0886 0.1302 0.0858 0.0150 0.1381 0.1706 
         132  1 0.0972 0.1159 0.1172 0.1527 0.1100 0.1562 0.0147 0.1261 0.1101 
         133  1 0.1421 0.0067 0.1544 0.1517 0.1474 0.1138 0.0060 0.1330 0.1450 
         134  1 0.1890 0.0078 0.1863 0.0829 0.1534 0.0947 0.0083 0.1224 0.1551 
         135  1 0.1250 0.0063 0.0450 0.3522 0.0490 0.3141 0.0047 0.0536 0.0503 
         136  1 0.1153 0.0051 0.1740 0.1364 0.1748 0.1078 0.0052 0.1383 0.1429 
         137  1 0.1874 0.0295 0.1786 0.0841 0.1181 0.0915 0.0192 0.1320 0.1596 
         138  1 0.1442 0.0443 0.1403 0.0983 0.1277 0.1376 0.0146 0.1458 0.1473 
         139  1 0.1334 0.0152 0.1323 0.1345 0.1573 0.0888 0.0125 0.1601 0.1657 
         140  1 0.1091 0.0661 0.0520 0.2649 0.0619 0.2631 0.0404 0.0742 0.0683 
         141  1 0.2123 0.0071 0.1575 0.0832 0.1948 0.0960 0.0058 0.1261 0.1172 
         142  1 0.1624 0.0102 0.1583 0.0986 0.1505 0.1029 0.0247 0.1400 0.1525 
         143  1 0.0675 0.1007 0.0665 0.0635 0.0579 0.0838 0.4503 0.0518 0.0580 
         144  1 0.1564 0.0097 0.1720 0.1078 0.1445 0.0822 0.0082 0.1520 0.1671 
         145  1 0.1290 0.0964 0.1232 0.1209 0.1274 0.1274 0.0132 0.1311 0.1315 
         146  1 0.1231 0.0056 0.0269 0.3830 0.0371 0.3556 0.0057 0.0313 0.0317 
         147  1 0.0909 0.2607 0.0999 0.0781 0.1008 0.1110 0.0477 0.1093 0.1016 
         148  1 0.1619 0.0137 0.1602 0.1064 0.1478 0.1124 0.0281 0.1252 0.1443 
         149  1 0.1774 0.0208 0.1415 0.0960 0.1809 0.1097 0.0204 0.1364 0.1170 
         150  1 0.1283 0.0138 0.1442 0.1232 0.1319 0.1160 0.0364 0.1440 0.1622 
         151  1 0.1248 0.0117 0.0641 0.2847 0.0741 0.2675 0.0254 0.0783 0.0695 
         152  1 0.1258 0.0100 0.0999 0.2467 0.0990 0.2123 0.0095 0.0936 0.1033 
         153  1 0.1583 0.0235 0.1307 0.0915 0.1478 0.0840 0.0076 0.1776 0.1789 
         154  1 0.1279 0.0061 0.0544 0.3532 0.0411 0.3109 0.0047 0.0473 0.0544 
         155  1 0.1942 0.0276 0.1430 0.0974 0.1549 0.1089 0.0135 0.1318 0.1285 
         156  1 0.1748 0.0108 0.1311 0.1403 0.1415 0.1311 0.0126 0.1276 0.1303 
         157  1 0.1519 0.0326 0.1543 0.1167 0.1460 0.1160 0.0186 0.1345 0.1294 
         158  1 0.1177 0.0107 0.1451 0.1333 0.1556 0.1327 0.0078 0.1530 0.1441 
         159  1 0.1228 0.0101 0.1613 0.0874 0.1489 0.1035 0.0102 0.1912 0.1647 
         160  1 0.1141 0.0078 0.1480 0.1501 0.1475 0.1257 0.0071 0.1516 0.1481 
         161  1 0.1763 0.0503 0.1275 0.1385 0.1446 0.1127 0.0165 0.1198 0.1138 
         162  1 0.1925 0.0127 0.1365 0.1118 0.1551 0.1027 0.0272 0.1266 0.1350 
         163  1 0.1467 0.0155 0.1683 0.1306 0.1184 0.1110 0.0090 0.1371 0.1635 
         164  1 0.1132 0.0054 0.1525 0.1457 0.1842 0.1137 0.0076 0.1410 0.1367 
         165  1 0.1288 0.0282 0.1504 0.1050 0.1408 0.1006 0.0514 0.1423 0.1524 
         166  1 0.1128 0.0216 0.0645 0.2884 0.0695 0.2805 0.0158 0.0749 0.0720 
         167  1 0.1667 0.0080 0.1583 0.1190 0.1612 0.1197 0.0088 0.1347 0.1237 
         168  1 0.1206 0.0235 0.1051 0.2181 0.1026 0.1983 0.0114 0.1027 0.1177 
         169  1 0.1155 0.0373 0.1374 0.0983 0.1443 0.1050 0.0459 0.1536 0.1627 
         170  1 0.1539 0.0176 0.1571 0.1066 0.1295 0.1089 0.0221 0.1437 0.1607 
         171  1 0.1830 0.0070 0.2168 0.0640 0.1234 0.0749 0.0097 0.1283 0.1931 
         172  1 0.1581 0.0152 0.1460 0.1282 0.1461 0.1057 0.0136 0.1383 0.1488 
         173  1 0.1282 0.0301 0.1305 0.1058 0.1456 0.1105 0.0704 0.1495 0.1294 
         174  1 0.1305 0.0263 0.1528 0.1117 0.1459 0.1406 0.0186 0.1451 0.1286 
         175  1 0.1073 0.0188 0.1583 0.1450 0.1535 0.1456 0.0136 0.1403 0.1176 
         176  1 0.1301 0.0200 0.1349 0.1275 0.1682 0.1082 0.0199 0.1501 0.1410 
         177  1 0.1573 0.0164 0.1726 0.1148 0.1354 0.0983 0.0238 0.1280 0.1533 
         178  1 0.1458 0.0640 0.1572 0.0982 0.1404 0.0957 0.0177 0.1358 0.1452 
         179  1 0.1400 0.0108 0.0632 0.3096 0.0644 0.2891 0.0053 0.0594 0.0581 
         180  1 0.1726 0.0128 0.1301 0.1178 0.1535 0.1285 0.0232 0.1379 0.1236 
         181  1 0.0793 0.0242 0.0888 0.0688 0.0951 0.0594 0.3990 0.0948 0.0905 
         182  1 0.1378 0.0125 0.1209 0.1588 0.1200 0.1452 0.0633 0.1235 0.1179 
         183  1 0.0984 0.0225 0.1568 0.1163 0.1731 0.1109 0.0104 0.1617 0.1500 
         184  1 0.1399 0.0319 0.1046 0.2056 0.0861 0.2061 0.0293 0.0994 0.0972 
         185  1 0.1441 0.0188 0.1357 0.1007 0.1587 0.0835 0.0617 0.1408 0.1560 
         186  1 0.1363 0.0155 0.1408 0.1140 0.1571 0.1071 0.0121 0.1620 0.1550 
         187  1 0.1153 0.0202 0.1303 0.1146 0.1584 0.1419 0.0105 0.1572 0.1516 
         188  1 0.1215 0.0221 0.1481 0.1254 0.1433 0.1417 0.0256 0.1357 0.1367 
         189  1 0.1385 0.0186 0.0848 0.2540 0.0839 0.2453 0.0149 0.0742 0.0859 
         190  1 0.1279 0.0098 0.1121 0.1973 0.1080 0.2070 0.0228 0.1050 0.1101 
         191  1 0.1738 0.0173 0.1278 0.1101 0.1553 0.1088 0.0439 0.1352 0.1277 
         192  1 0.1490 0.0220 0.1343 0.1503 0.1291 0.1463 0.0066 0.1366 0.1258 
         193  1 0.1058 0.1832 0.1178 0.0943 0.1207 0.1098 0.0098 0.1295 0.1291 
         194  1 0.1353 0.0329 0.1143 0.1820 0.1162 0.1797 0.0161 0.1135 0.1100 
         195  1 0.1177 0.0590 0.1205 0.1849 0.1095 0.1573 0.0088 0.1161 0.1263 
         196  1 0.0981 0.0445 0.1284 0.0913 0.1338 0.0924 0.1213 0.1498 0.1404 
         197  1 0.1374 0.0065 0.1455 0.2076 0.1174 0.1582 0.0062 0.1051 0.1162 
         198  1 0.1445 0.0130 0.0936 0.2309 0.0985 0.2219 0.0071 0.1014 0.0890 
         199  1 0.1546 0.0108 0.1760 0.1215 0.1342 0.0978 0.0105 0.1294 0.1653 
         200  1 0.1459 0.0119 0.1471 0.0962 0.1437 0.1634 0.0102 0.1245 0.1570 
         201  1 0.1460 0.0099 0.1743 0.1009 0.1406 0.1002 0.0207 0.1447 0.1627 
         202  1 0.1258 0.0909 0.1240 0.0805 0.1272 0.1158 0.0249 0.1645 0.1464 
         203  1 0.2107 0.0276 0.1431 0.0990 0.1736 0.0915 0.0075 0.1392 0.1078 
         204  1 0.1740 0.0196 0.1838 0.0770 0.1263 0.0889 0.0216 0.1293 0.1794 
         205  1 0.1116 0.0095 0.1300 0.1685 0.1688 0.1117 0.0062 0.1577 0.1360 
         206  1 0.1191 0.0104 0.1748 0.1114 0.1482 0.0919 0.0114 0.1598 0.1730 
         207  1 0.1221 0.0139 0.1293 0.1588 0.1331 0.1565 0.0166 0.1398 0.1298 
         208  1 0.1613 0.0179 0.1244 0.0901 0.1382 0.1125 0.0738 0.1474 0.1344 
         209  1 0.1366 0.0132 0.1786 0.0968 0.1424 0.1271 0.0073 0.1369 0.1611 
         210  1 0.1701 0.0076 0.1598 0.0983 0.1557 0.0948 0.0078 0.1368 0.1690 
         211  1 0.1266 0.0064 0.0736 0.2756 0.0864 0.2673 0.0098 0.0798 0.0745 
         212  1 0.1600 0.0225 0.1386 0.1109 0.1633 0.0992 0.0110 0.1389 0.1554 
         213  1 0.1270 0.0420 0.1456 0.0977 0.1427 0.1189 0.0390 0.1437 0.1434 
         214  1 0.1242 0.0075 0.1549 0.1572 0.1394 0.1643 0.0147 0.1210 0.1167 
         215  1 0.1228 0.0188 0.1496 0.0880 0.1549 0.1077 0.0127 0.1779 0.1677 
         216  1 0.1203 0.0263 0.0885 0.2354 0.0901 0.2196 0.0304 0.1014 0.0880 
         217  1 0.1432 0.0268 0.1225 0.0966 0.1507 0.1346 0.0196 0.1584 0.1476 
         218  1 0.1610 0.0202 0.1332 0.1030 0.1660 0.1178 0.0226 0.1434 0.1329 
         219  1 0.2137 0.0090 0.1474 0.1020 0.1677 0.1070 0.0067 0.1295 0.1170 
         220  1 0.1113 0.0257 0.1523 0.0892 0.1527 0.1174 0.0123 0.1698 0.1693 
         221  1 0.1334 0.0075 0.1577 0.1608 0.1239 0.1300 0.0064 0.1396 0.1406 
         222  1 0.1246 0.0059 0.1289 0.1403 0.1955 0.1019 0.0055 0.1540 0.1434 
         223  1 0.1635 0.0201 0.1438 0.1372 0.1162 0.1479 0.0243 0.1161 0.1310 
         224  1 0.1221 0.0084 0.0705 0.2937 0.0689 0.2881 0.0073 0.0733 0.0678 
         225  1 0.1632 0.0051 0.1637 0.1354 0.1551 0.1114 0.0077 0.1267 0.1318 
         226  1 0.1482 0.0105 0.1388 0.0961 0.1728 0.0854 0.0118 0.1565 0.1799 
         227  1 0.0959 0.0101 0.1450 0.1128 0.1792 0.1230 0.0088 0.1740 0.1512 
         228  1 0.1264 0.0288 0.1262 0.1097 0.1572 0.0917 0.0272 0.1627 0.1702 
         229  1 0.1336 0.0087 0.0824 0.2999 0.0604 0.2687 0.0078 0.0672 0.0712 
         230  1 0.1057 0.0111 0.1485 0.0977 0.1425 0.1389 0.0207 0.1705 0.1643 
         231  1 0.1400 0.0224 0.1478 0.1078 0.1369 0.1375 0.0165 0.1531 0.1379 
         232  1 0.1002 0.0081 0.1293 0.1508 0.1950 0.1034 0.0065 0.1689 0.1378 
         233  1 0.1208 0.0203 0.1202 0.1477 0.1300 0.1626 0.0148 0.1466 0.1371 
         234  1 0.1697 0.0078 0.1988 0.1001 0.1134 0.0932 0.0105 0.1372 0.1693 
         235  1 0.1535 0.0272 0.1445 0.1018 0.1664 0.0853 0.0089 0.1734 0.1391 
         236  1 0.1564 0.0417 0.1353 0.1088 0.1596 0.1017 0.0403 0.1428 0.1136 
         237  1 0.1216 0.0073 0.1394 0.1345 0.1563 0.1478 0.0073 0.1439 0.1420 
         238  1 0.1216 0.0240 0.1229 0.1806 0.1139 0.2002 0.0187 0.1123 0.1060 
         239  1 0.1343 0.1369 0.1234 0.0732 0.1354 0.1020 0.0321 0.1348 0.1278 
         240  1 0.1385 0.0068 0.1698 0.1342 0.1570 0.1085 0.0068 0.1341 0.1443 
         241  1 0.1364 0.0071 0.1636 0.1321 0.1670 0.1049 0.0068 0.1356 0.1465 
         242  1 0.1294 0.0182 0.1382 0.1257 0.1262 0.1647 0.0295 0.1386 0.1295 
         243  1 0.1391 0.0173 0.1136 0.2079 0.1174 0.1600 0.0100 0.1156 0.1192 
         244  1 0.1678 0.0274 0.1324 0.1315 0.1291 0.1431 0.0219 0.1237 0.1232 
         245  1 0.1801 0.0068 0.1970 0.0781 0.1548 0.0935 0.0089 0.1203 0.1604 
         246  1 0.1238 0.0789 0.1407 0.0708 0.1347 0.1098 0.0837 0.1205 0.1371 
         247  1 0.1536 0.0141 0.1539 0.0926 0.1535 0.1346 0.0110 0.1490 0.1376 
         248  1 0.1601 0.0185 0.1347 0.1238 0.1180 0.1382 0.0420 0.1301 0.1346 
         249  1 0.1066 0.0154 0.1467 0.0944 0.1362 0.1188 0.0276 0.1788 0.1754 
         250  1 0.1494 0.0152 0.1707 0.1024 0.1455 0.1319 0.0087 0.1354 0.1409 
         251  1 0.1353 0.0102 0.1572 0.1637 0.1223 0.1327 0.0089 0.1227 0.1471 
         252  1 0.0785 0.2517 0.0787 0.0833 0.0804 0.0821 0.1965 0.0748 0.0740 
         253  1 0.1116 0.0411 0.0618 0.2682 0.0624 0.2573 0.0384 0.0856 0.0736 
         254  1 0.1662 0.0075 0.1850 0.0996 0.1425 0.1085 0.0080 0.1354 0.1473 
         255  1 0.1707 0.0162 0.1905 0.0915 0.1218 0.0762 0.0218 0.1427 0.1686 
         256  1 0.1277 0.0093 0.1807 0.1081 0.1473 0.0845 0.0093 0.1577 0.1753 
         257  1 0.1127 0.0071 0.1555 0.1401 0.1777 0.0927 0.0101 0.1638 0.1403 
         258  1 0.1326 0.0140 0.1147 0.1618 0.1272 0.1651 0.0143 0.1413 0.1290 
         259  1 0.1386 0.0259 0.0922 0.2205 0.1043 0.2022 0.0248 0.0966 0.0948 
         260  1 0.1403 0.0147 0.1287 0.1604 0.1533 0.1288 0.0048 0.1292 0.1399 
         261  1 0.1018 0.0177 0.1540 0.1247 0.1863 0.1239 0.0259 0.1383 0.1274 
         262  1 0.1117 0.0380 0.1358 0.1209 0.1544 0.1103 0.0335 0.1502 0.1453 
         263  1 0.1128 0.0237 0.1492 0.1153 0.1448 0.1000 0.0294 0.1533 0.1715 
         264  1 0.1423 0.0175 0.1898 0.0931 0.1376 0.0721 0.0234 0.1583 0.1658 
         265  1 0.1414 0.0130 0.1050 0.1945 0.1236 0.1948 0.0117 0.1068 0.1093 
         266  1 0.1913 0.0096 0.1779 0.0905 0.1152 0.1027 0.0138 0.1343 0.1647 
         267  1 0.1570 0.0605 0.1330 0.0999 0.1371 0.1228 0.0298 0.1326 0.1274 
         268  1 0.1600 0.0120 0.1488 0.1044 0.1564 0.1209 0.0113 0.1399 0.1463 
         269  1 0.1406 0.0094 0.1149 0.2119 0.1006 0.2160 0.0101 0.0979 0.0986 
         270  1 0.1781 0.0058 0.1496 0.1348 0.1563 0.1135 0.0066 0.1235 0.1317 
         271  1 0.1835 0.0100 0.1832 0.0868 0.1286 0.0996 0.0131 0.1340 0.1612 
         272  1 0.1191 0.0193 0.0590 0.2830 0.0692 0.2750 0.0293 0.0789 0.0672 
         273  1 0.1059 0.0184 0.1077 0.1959 0.1218 0.1863 0.0203 0.1274 0.1163 
         274  1 0.1074 0.0334 0.1521 0.1214 0.1607 0.1181 0.0141 0.1624 0.1305 
         275  1 0.1325 0.0095 0.1595 0.1083 0.1531 0.1266 0.0104 0.1610 0.1391 
         276  1 0.1302 0.0162 0.1320 0.1342 0.1628 0.0926 0.0101 0.1531 0.1688 
         277  1 0.1540 0.0077 0.1145 0.2629 0.0709 0.2036 0.0058 0.0817 0.0989 
         278  1 0.1131 0.0078 0.0183 0.4127 0.0208 0.3737 0.0073 0.0236 0.0226 
         279  1 0.1863 0.0103 0.1614 0.1045 0.1043 0.1136 0.0314 0.1252 0.1629 
         280  1 0.1267 0.0086 0.1496 0.1425 0.1610 0.1234 0.0125 0.1357 0.1400 
         281  1 0.1811 0.0109 0.1613 0.1036 0.1055 0.1268 0.0324 0.1274 0.1510 
         282  1 0.1126 0.0256 0.1215 0.2061 0.1167 0.1664 0.0103 0.1148 0.1260 
         283  1 0.1653 0.0088 0.1671 0.1625 0.1012 0.1401 0.0180 0.1066 0.1303 
         284  1 0.1343 0.0104 0.1220 0.1979 0.1112 0.1937 0.0057 0.1132 0.1116 
         285  1 0.1455 0.0135 0.1334 0.0967 0.1559 0.1155 0.0117 0.1705 0.1574 
         286  1 0.1283 0.0115 0.1336 0.1125 0.1223 0.1429 0.0256 0.1711 0.1523 
         287  1 0.1182 0.0074 0.1412 0.1718 0.1424 0.1298 0.0134 0.1396 0.1361 
         288  1 0.1534 0.0191 0.1512 0.1420 0.1125 0.1267 0.0128 0.1280 0.1543 
         289  1 0.1367 0.0214 0.1194 0.1693 0.1265 0.1608 0.0114 0.1217 0.1328 
         290  1 0.1176 0.0186 0.0615 0.3173 0.0480 0.3029 0.0211 0.0599 0.0532 
         291  1 0.1928 0.0201 0.1315 0.1108 0.1543 0.1085 0.0240 0.1261 0.1319 
         292  1 0.1312 0.0092 0.1554 0.1587 0.1291 0.1485 0.0061 0.1363 0.1256 
         293  1 0.1458 0.0096 0.1609 0.0931 0.1483 0.1300 0.0082 0.1519 0.1522 
         294  1 0.1291 0.0271 0.1271 0.2240 0.0899 0.1865 0.0159 0.0987 0.1017 
         295  1 0.1552 0.0135 0.1343 0.1393 0.1422 0.1294 0.0170 0.1318 0.1374 
         296  1 0.1195 0.0266 0.1380 0.1063 0.1500 0.0891 0.0168 0.1739 0.1798 
         297  1 0.1307 0.0601 0.1311 0.0971 0.1545 0.0892 0.0668 0.1349 0.1355 
         298  1 0.1468 0.0206 0.1579 0.1100 0.1525 0.1073 0.0090 0.1445 0.1514 
         299  1 0.1035 0.0065 0.1619 0.1426 0.2011 0.1068 0.0044 0.1571 0.1161 
         300  1 0.1270 0.0195 0.1330 0.1308 0.1411 0.1306 0.0243 0.1536 0.1400 
         301  1 0.1413 0.0301 0.1329 0.1347 0.1228 0.1686 0.0116 0.1359 0.1222 
         302  1 0.1117 0.0136 0.1256 0.1557 0.1824 0.0838 0.0137 0.1680 0.1454 
         303  1 0.1321 0.0285 0.1480 0.1032 0.1464 0.1300 0.0519 0.1320 0.1280 
         304  1 0.1152 0.0142 0.0969 0.2533 0.0778 0.2391 0.0111 0.1044 0.0881 
         305  1 0.1119 0.0088 0.0647 0.3178 0.0657 0.2671 0.0089 0.0742 0.0808 
         306  1 0.1142 0.0122 0.1428 0.1536 0.1617 0.1110 0.0090 0.1492 0.1464 
         307  1 0.1329 0.0212 0.1625 0.0969 0.1584 0.1393 0.0135 0.1356 0.1396 
         308  1 0.1070 0.0111 0.1332 0.1173 0.1110 0.1236 0.0189 0.1959 0.1820 
         309  1 0.1191 0.0102 0.0440 0.3433 0.0476 0.3315 0.0087 0.0450 0.0507 
         310  1 0.1632 0.0122 0.1271 0.1393 0.1468 0.1408 0.0146 0.1362 0.1198 
         311  1 0.1022 0.0094 0.1354 0.0864 0.1412 0.1061 0.0842 0.1753 0.1597 
         312  1 0.1202 0.0248 0.1297 0.1039 0.1395 0.1271 0.0135 0.1844 0.1570 
         313  1 0.1626 0.0164 0.1486 0.1379 0.1140 0.1419 0.0144 0.1243 0.1400 
         314  1 0.1557 0.0066 0.1385 0.1153 0.1831 0.1001 0.0105 0.1514 0.1389 
         315  1 0.0990 0.0507 0.1256 0.1265 0.1262 0.1398 0.0440 0.1457 0.1424 
         316  1 0.1098 0.0540 0.1361 0.0866 0.1317 0.1149 0.0177 0.1802 0.1689 
         317  1 0.1457 0.0687 0.1616 0.0831 0.1297 0.1121 0.0223 0.1320 0.1447 
         318  1 0.2054 0.0148 0.1545 0.1038 0.1621 0.0864 0.0058 0.1271 0.1401 
         319  1 0.1479 0.0091 0.1583 0.1657 0.1069 0.1573 0.0083 0.1144 0.1323 
         320  1 0.1333 0.0074 0.1679 0.1280 0.1761 0.0940 0.0057 0.1325 0.1552 
         321  1 0.1373 0.0109 0.1629 0.1133 0.1556 0.1015 0.0177 0.1412 0.1596 
         322  1 0.1481 0.0233 0.1725 0.1127 0.1143 0.0966 0.0286 0.1415 0.1623 
         323  1 0.1285 0.0172 0.0995 0.2433 0.0964 0.2187 0.0106 0.0883 0.0975 
         324  1 0.1458 0.0166 0.1398 0.1166 0.1580 0.1388 0.0090 0.1425 0.1330 
         325  1 0.1059 0.0069 0.1348 0.1590 0.1922 0.0951 0.0050 0.1660 0.1352 
         326  1 0.1566 0.0077 0.1360 0.1513 0.1253 0.1651 0.0076 0.1202 0.1303 
         327  1 0.1479 0.0266 0.1528 0.1002 0.1429 0.1492 0.0168 0.1347 0.1290 
         328  1 0.1722 0.0427 0.1452 0.0720 0.1199 0.1039 0.0904 0.1160 0.1377 
         329  1 0.1287 0.0091 0.0953 0.2155 0.0910 0.2306 0.0060 0.1152 0.1086 
         330  1 0.1595 0.0369 0.1976 0.0750 0.1230 0.0781 0.0211 0.1421 0.1668 
         331  1 0.1206 0.0179 0.1300 0.1628 0.1360 0.1282 0.0118 0.1402 0.1524 
         332  1 0.1591 0.0199 0.1399 0.1158 0.1332 0.1122 0.0227 0.1488 0.1485 
         333  1 0.1571 0.0182 0.1561 0.1053 0.1629 0.1281 0.0174 0.1338 0.1210 
         334  1 0.2006 0.0641 0.1138 0.1172 0.1489 0.0976 0.0489 0.1213 0.0875 
         335  1 0.2124 0.0064 0.1651 0.0958 0.1426 0.0934 0.0082 0.1201 0.1560 
         336  1 0.1180 0.0105 0.1085 0.2235 0.1254 0.1816 0.0123 0.1114 0.1087 
         337  1 0.1261 0.0317 0.1512 0.1309 0.1187 0.0999 0.0264 0.1506 0.1646 
         338  1 0.1220 0.0307 0.1087 0.2046 0.0941 0.1917 0.0226 0.1006 0.1251 
         339  1 0.1065 0.0814 0.1165 0.1368 0.1180 0.1150 0.0600 0.1297 0.1359 
         340  1 0.2012 0.0187 0.1450 0.1079 0.1691 0.0850 0.0070 0.1256 0.1405 
         341  1 0.1609 0.0101 0.1588 0.0951 0.1513 0.0924 0.0209 0.1438 0.1668 
         342  1 0.0807 0.0920 0.1059 0.0658 0.1012 0.0836 0.2484 0.1132 0.1092 
         343  1 0.1494 0.0299 0.1566 0.1156 0.1571 0.1044 0.0143 0.1348 0.1380 
         344  1 0.1589 0.0215 0.1594 0.1109 0.1361 0.1028 0.0128 0.1422 0.1555 
         345  1 0.1096 0.0253 0.1138 0.1749 0.1414 0.1242 0.0373 0.1334 0.1402 
         346  1 0.2109 0.0193 0.1453 0.0973 0.1546 0.1066 0.0092 0.1325 0.1244 
         347  1 0.0861 0.0515 0.1421 0.1300 0.1449 0.1342 0.0143 0.1678 0.1291 
         348  1 0.1065 0.0053 0.1549 0.1357 0.1955 0.1145 0.0049 0.1562 0.1265 
         349  1 0.0913 0.0613 0.0975 0.1276 0.1304 0.1251 0.1023 0.1420 0.1224 
         350  1 0.1177 0.0144 0.1436 0.1366 0.1582 0.1231 0.0165 0.1581 0.1319 
         351  1 0.1494 0.0102 0.1467 0.1124 0.1539 0.0838 0.0112 0.1502 0.1821 
         352  1 0.1257 0.0060 0.1211 0.1833 0.1525 0.1500 0.0067 0.1240 0.1306 
         353  1 0.1851 0.0057 0.1997 0.0814 0.1128 0.0817 0.0083 0.1403 0.1850 
         354  1 0.1225 0.0140 0.1443 0.1220 0.1754 0.1242 0.0079 0.1465 0.1433 
         355  1 0.1091 0.0171 0.1572 0.1058 0.1462 0.1464 0.0114 0.1632 0.1436 
         356  1 0.1447 0.0376 0.1426 0.0725 0.1460 0.1198 0.0368 0.1451 0.1551 
         357  1 0.1671 0.0100 0.1490 0.0984 0.1521 0.1437 0.0110 0.1225 0.1462 
         358  1 0.1388 0.0097 0.1673 0.1069 0.1824 0.1078 0.0046 0.1562 0.1264 
         359  1 0.1336 0.1754 0.1092 0.0786 0.1176 0.1029 0.0719 0.0980 0.1129 
         360  1 0.1687 0.0112 0.1358 0.1066 0.1548 0.0987 0.0225 0.1514 0.1503 
         361  1 0.1028 0.1380 0.1252 0.0872 0.1130 0.1015 0.0254 0.1606 0.1463 
         362  1 0.0933 0.0285 0.1501 0.1185 0.1506 0.1344 0.0114 0.1696 0.1436 
         363  1 0.1418 0.0082 0.1606 0.0945 0.1885 0.0883 0.0060 0.1717 0.1404 
         364  1 0.1299 0.0269 0.1498 0.1483 0.1113 0.1171 0.0427 0.1243 0.1497 
         365  1 0.1264 0.0547 0.1109 0.0860 0.1172 0.0754 0.2051 0.1102 0.1140 
         366  1 0.1385 0.0185 0.1470 0.1060 0.1557 0.1208 0.0155 0.1622 0.1358 
         367  1 0.1197 0.0107 0.0934 0.2035 0.1108 0.1971 0.0435 0.1094 0.1119 
         368  1 0.1704 0.0109 0.1925 0.1047 0.1165 0.0942 0.0105 0.1331 0.1673 
         369  1 0.1064 0.0099 0.1315 0.1261 0.1369 0.1561 0.0052 0.1737 0.1543 
         370  1 0.1543 0.0080 0.1139 0.1891 0.1196 0.2106 0.0101 0.0976 0.0969 
         371  1 0.1770 0.0073 0.1890 0.0733 0.1343 0.0826 0.0180 0.1464 0.1722 
         372  1 0.0846 0.0899 0.1312 0.1003 0.1185 0.1205 0.0194 0.1864 0.1492 
         373  1 0.0990 0.1138 0.1072 0.1025 0.1120 0.1436 0.0167 0.1589 0.1462 
         374  1 0.1410 0.0349 0.1374 0.1308 0.1093 0.1304 0.0761 0.1133 0.1270 
         375  1 0.1263 0.0186 0.1310 0.1301 0.1331 0.1642 0.0144 0.1331 0.1492 
         376  1 0.1277 0.0085 0.1229 0.1845 0.1591 0.1257 0.0088 0.1380 0.1247 
         377  1 0.0994 0.0264 0.1286 0.1423 0.1890 0.0918 0.0111 0.1654 0.1461 
         378  1 0.1411 0.0133 0.1534 0.1279 0.1375 0.1156 0.0238 0.1357 0.1515 
         379  1 0.0934 0.0392 0.1612 0.1172 0.1908 0.1048 0.0061 0.1618 0.1256 
         380  1 0.1866 0.0079 0.2009 0.0775 0.1177 0.0755 0.0094 0.1362 0.1882 
         381  1 0.1658 0.0121 0.1515 0.1130 0.1569 0.1056 0.0214 0.1339 0.1398 
         382  1 0.1759 0.0131 0.1332 0.1180 0.1389 0.1271 0.0083 0.1318 0.1537 
         383  1 0.1402 0.0099 0.1482 0.1086 0.1510 0.1243 0.0148 0.1517 0.1514 
         384  1 0.1173 0.0135 0.1476 0.1381 0.1722 0.1034 0.0098 0.1541 0.1440 
         385  1 0.1304 0.0172 0.1417 0.1301 0.1305 0.1765 0.0106 0.1318 0.1313 
         386  1 0.1282 0.0292 0.1316 0.1006 0.1612 0.0899 0.0078 0.1676 0.1840 
         387  1 0.1165 0.0173 0.1194 0.1931 0.1261 0.1652 0.0170 0.1211 0.1244 
         388  1 0.1975 0.0472 0.1389 0.0853 0.1623 0.0904 0.0352 0.1226 0.1206 
         389  1 0.1318 0.0079 0.1543 0.1188 0.1408 0.1407 0.0059 0.1501 0.1496 
         390  1 0.1535 0.0096 0.1932 0.0824 0.1443 0.0650 0.0107 0.1475 0.1938 
         391  1 0.1690 0.0169 0.1268 0.1607 0.1356 0.1664 0.0117 0.1077 0.1053 
         392  1 0.1219 0.0235 0.1245 0.1470 0.1346 0.1385 0.0161 0.1360 0.1579 
         393  1 0.1304 0.0124 0.1320 0.1542 0.1528 0.1304 0.0098 0.1461 0.1319 
         394  1 0.1243 0.0224 0.1486 0.1316 0.1524 0.1150 0.0168 0.1443 0.1446 
         395  1 0.1118 0.0576 0.1155 0.1302 0.1092 0.1233 0.1258 0.1161 0.1105 
         396  1 0.1393 0.0066 0.1801 0.1329 0.1579 0.1418 0.0060 0.1117 0.1236 
         397  1 0.1890 0.0109 0.1462 0.1017 0.1508 0.1062 0.0341 0.1285 0.1324 
         398  1 0.1409 0.0210 0.1125 0.1990 0.1039 0.1878 0.0137 0.1020 0.1193 
         399  1 0.1056 0.0111 0.1388 0.1560 0.1863 0.0974 0.0127 0.1568 0.1352 
         400  1 0.1245 0.0214 0.1391 0.1149 0.1585 0.0841 0.0291 0.1561 0.1722 
         401  1 0.1282 0.0159 0.1370 0.1350 0.1458 0.1303 0.0093 0.1403 0.1582 
         402  1 0.1587 0.0318 0.1113 0.0919 0.1181 0.1048 0.1792 0.1044 0.0999 
         403  1 0.2043 0.0177 0.1322 0.1043 0.1668 0.1137 0.0244 0.1201 0.1165 
         404  1 0.0390 0.6880 0.0383 0.0378 0.0402 0.0371 0.0438 0.0372 0.0387 
         405  1 0.1747 0.0770 0.1358 0.1121 0.1428 0.0723 0.0097 0.1241 0.1516 
         406  1 0.1325 0.0307 0.1297 0.0963 0.1449 0.1257 0.0660 0.1415 0.1326 
         407  1 0.0622 0.1587 0.0669 0.0513 0.0723 0.0570 0.3748 0.0787 0.0781 
         408  1 0.1298 0.0198 0.1136 0.1933 0.1221 0.1759 0.0093 0.1115 0.1248 
         409  1 0.1062 0.1609 0.0610 0.2480 0.0547 0.2408 0.0141 0.0564 0.0579 
         410  1 0.1116 0.0105 0.1338 0.1591 0.1762 0.0947 0.0125 0.1595 0.1421 
         411  1 0.1343 0.0080 0.1820 0.1034 0.1332 0.0933 0.0195 0.1527 0.1736 
         412  1 0.1161 0.0337 0.1124 0.2199 0.1057 0.1781 0.0156 0.1064 0.1119 
         413  1 0.1184 0.0714 0.1179 0.0979 0.1242 0.1335 0.0734 0.1325 0.1307 
         414  1 0.1615 0.0191 0.1376 0.1097 0.1352 0.1247 0.0287 0.1400 0.1436 
         415  1 0.1470 0.0085 0.0761 0.2680 0.0952 0.2345 0.0086 0.0866 0.0756 
         416  1 0.1574 0.0070 0.1503 0.1272 0.1888 0.0966 0.0086 0.1508 0.1133 
         417  1 0.0998 0.0145 0.1508 0.1077 0.1423 0.1330 0.0105 0.1865 0.1550 
         418  1 0.1142 0.0126 0.1504 0.0860 0.1773 0.1076 0.0102 0.1768 0.1648 
         419  1 0.1119 0.0408 0.0797 0.2271 0.0810 0.2306 0.0296 0.1002 0.0991 
         420  1 0.1730 0.0402 0.1357 0.1137 0.1364 0.0907 0.0377 0.1329 0.1399 
         421  1 0.1052 0.0092 0.1727 0.0784 0.1522 0.1352 0.0086 0.1727 0.1658 
         422  1 0.1223 0.0110 0.1301 0.1313 0.1777 0.0765 0.0079 0.1781 0.1651 
         423  1 0.1764 0.0230 0.1456 0.1204 0.1514 0.1087 0.0124 0.1356 0.1268 
         424  1 0.1232 0.0073 0.1313 0.1507 0.1756 0.1158 0.0080 0.1422 0.1459 
         425  1 0.1579 0.0169 0.1312 0.1341 0.1794 0.0636 0.0069 0.1532 0.1567 
         426  1 0.1361 0.0197 0.1423 0.1023 0.1438 0.0922 0.0537 0.1477 0.1622 
         427  1 0.1300 0.0171 0.1491 0.1233 0.1652 0.0944 0.0161 0.1507 0.1540 
         428  1 0.1597 0.0189 0.1362 0.1110 0.1489 0.1419 0.0311 0.1222 0.1301 
         429  1 0.1623 0.0183 0.1303 0.1257 0.1696 0.0659 0.0083 0.1564 0.1631 
         430  1 0.1433 0.0077 0.1251 0.1275 0.1290 0.1719 0.0148 0.1373 0.1434 
         431  1 0.0834 0.0118 0.1336 0.0809 0.1331 0.1218 0.0111 0.2403 0.1839 
         432  1 0.0710 0.0391 0.0709 0.0562 0.0760 0.0573 0.4673 0.0884 0.0738 
         433  1 0.1338 0.0476 0.1418 0.1279 0.1526 0.1164 0.0238 0.1314 0.1247 
         434  1 0.1099 0.0140 0.1190 0.1481 0.1285 0.1757 0.0181 0.1454 0.1415 
         435  1 0.1603 0.0184 0.1412 0.1117 0.1807 0.0878 0.0121 0.1437 0.1440 
         436  1 0.1214 0.0183 0.1408 0.1254 0.1729 0.0901 0.0212 0.1558 0.1541 
         437  1 0.1185 0.0074 0.1602 0.1076 0.1592 0.1224 0.0092 0.1694 0.1461 
         438  1 0.1286 0.0142 0.1516 0.1042 0.1729 0.0974 0.0091 0.1611 0.1610 
         439  1 0.0822 0.0452 0.0857 0.0680 0.0837 0.0676 0.3937 0.0880 0.0858 
         440  1 0.1213 0.0583 0.1378 0.0880 0.1555 0.0989 0.0278 0.1603 0.1521 
         441  1 0.1219 0.0200 0.1207 0.1540 0.1208 0.1762 0.0192 0.1446 0.1226 
         442  1 0.1140 0.0114 0.0497 0.3384 0.0462 0.3299 0.0106 0.0474 0.0522 
         443  1 0.1209 0.0238 0.0967 0.1971 0.0923 0.2398 0.0423 0.0908 0.0963 
         444  1 0.1654 0.0146 0.1398 0.1024 0.1421 0.1041 0.0615 0.1346 0.1356 
         445  1 0.0913 0.1910 0.1122 0.0885 0.1394 0.0935 0.0100 0.1432 0.1308 
         446  1 0.1060 0.0590 0.1285 0.1230 0.1198 0.1322 0.0339 0.1433 0.1543 
         447  1 0.1336 0.0121 0.1400 0.0978 0.1414 0.1366 0.0345 0.1515 0.1524 
         448  1 0.1038 0.0661 0.1258 0.1033 0.1283 0.1019 0.0821 0.1358 0.1529 
         449  1 0.1174 0.0647 0.1114 0.1117 0.1162 0.1773 0.0397 0.1284 0.1333 
         450  1 0.1244 0.0410 0.1371 0.0858 0.1398 0.1804 0.0226 0.1260 0.1430 
         451  1 0.1168 0.0145 0.0567 0.3279 0.0526 0.3068 0.0222 0.0489 0.0536 
         452  1 0.1237 0.0459 0.1380 0.0965 0.1516 0.0885 0.0479 0.1451 0.1629 
         453  1 0.1057 0.0877 0.1248 0.0899 0.1474 0.0879 0.0552 0.1504 0.1511 
         454  1 0.1288 0.0505 0.1365 0.0861 0.1104 0.1525 0.0604 0.1321 0.1426 
         455  1 0.1101 0.0791 0.1116 0.1237 0.1101 0.1529 0.0724 0.1280 0.1121 
         456  1 0.1197 0.1309 0.1085 0.1216 0.1057 0.1469 0.0624 0.1074 0.0969 
         457  1 0.0885 0.1076 0.1195 0.0919 0.1574 0.1007 0.0170 0.1722 0.1452 
         458  1 0.1558 0.0492 0.1329 0.0905 0.1328 0.1558 0.0364 0.1243 0.1223 
         459  1 0.1359 0.0116 0.1130 0.1698 0.1197 0.2022 0.0093 0.1177 0.1208 
         460  1 0.1184 0.0138 0.0420 0.3625 0.0413 0.3331 0.0070 0.0397 0.0421 
         461  1 0.0906 0.2065 0.1124 0.0840 0.1277 0.0961 0.0173 0.1426 0.1226 
         462  1 0.0130 0.4054 0.0130 0.0115 0.0134 0.0117 0.5069 0.0130 0.0122 
         463  1 0.0104 0.8735 0.0107 0.0087 0.0105 0.0089 0.0555 0.0112 0.0106 
         464  1 0.0140 0.0373 0.0117 0.0119 0.0127 0.0117 0.8759 0.0123 0.0126 
         465  1 0.0963 0.1218 0.1173 0.0616 0.1133 0.0961 0.1141 0.1511 0.1284 
         466  1 0.0173 0.8157 0.0207 0.0170 0.0234 0.0180 0.0410 0.0251 0.0218 
         467  1 0.0996 0.0901 0.0934 0.0913 0.1019 0.0986 0.2177 0.1053 0.1021 
         468  1 0.1347 0.0628 0.1339 0.0810 0.1080 0.0917 0.1152 0.1260 0.1466 
         469  1 0.1076 0.0776 0.1501 0.0824 0.1335 0.1192 0.0421 0.1563 0.1313 
         470  1 0.0373 0.6854 0.0435 0.0294 0.0447 0.0359 0.0313 0.0485 0.0439 
         471  1 0.1016 0.2011 0.1077 0.0754 0.1076 0.1272 0.0885 0.0963 0.0944 
         472  1 0.1251 0.2112 0.0967 0.0763 0.1181 0.0831 0.0788 0.1116 0.0991 
         473  1 0.0893 0.2832 0.0904 0.0891 0.1170 0.0830 0.0312 0.1124 0.1044 
         474  1 0.0213 0.4624 0.0238 0.0242 0.0236 0.0227 0.3731 0.0250 0.0239 
         475  1 0.0484 0.4926 0.0511 0.0334 0.0604 0.0513 0.0844 0.0925 0.0858 
         476  1 0.0267 0.0759 0.0259 0.0250 0.0254 0.0278 0.7382 0.0282 0.0268 
         477  1 0.0380 0.2651 0.0359 0.0428 0.0343 0.0405 0.4663 0.0388 0.0381 
         478  1 0.0810 0.0437 0.0982 0.0999 0.0980 0.0790 0.3102 0.0990 0.0909 
         479  1 0.0118 0.9090 0.0115 0.0113 0.0114 0.0120 0.0098 0.0119 0.0112 
         480  1 0.0169 0.1248 0.0171 0.0142 0.0186 0.0173 0.7586 0.0166 0.0158 
         481  1 0.0371 0.1331 0.0353 0.0290 0.0347 0.0359 0.6290 0.0335 0.0324 
         482  1 0.0071 0.0291 0.0071 0.0071 0.0066 0.0071 0.9219 0.0068 0.0071 
         483  1 0.0326 0.1297 0.0320 0.0280 0.0358 0.0376 0.6383 0.0324 0.0334 
         484  1 0.1249 0.0237 0.1237 0.0954 0.1350 0.0983 0.1202 0.1460 0.1327 
         485  1 0.0499 0.6608 0.0376 0.0362 0.0474 0.0436 0.0363 0.0479 0.0403 
         486  1 0.0417 0.4408 0.0500 0.0523 0.0452 0.0588 0.2050 0.0553 0.0508 
         487  1 0.0074 0.0266 0.0077 0.0078 0.0073 0.0078 0.9207 0.0074 0.0074 
         488  1 0.0294 0.6036 0.0325 0.0300 0.0348 0.0343 0.1609 0.0382 0.0362 
         489  1 0.0440 0.5465 0.0636 0.0472 0.0636 0.0525 0.0238 0.0805 0.0784 
         490  1 0.1074 0.3565 0.0856 0.0865 0.0948 0.0719 0.0148 0.0952 0.0874 
         491  1 0.0134 0.8764 0.0152 0.0138 0.0144 0.0157 0.0207 0.0153 0.0152 
         492  1 0.0305 0.0906 0.0462 0.0307 0.0399 0.0387 0.6316 0.0475 0.0443 
         493  1 0.0173 0.2914 0.0171 0.0162 0.0183 0.0172 0.5860 0.0188 0.0178 
         494  1 0.0060 0.0246 0.0058 0.0061 0.0061 0.0061 0.9331 0.0059 0.0063 
         495  1 0.0057 0.0253 0.0057 0.0056 0.0058 0.0058 0.9348 0.0058 0.0056 
         496  1 0.0334 0.7031 0.0288 0.0256 0.0282 0.0316 0.0925 0.0290 0.0279 
         497  1 0.1109 0.0617 0.1031 0.1793 0.0932 0.1808 0.0155 0.1288 0.1268 
         498  1 0.1085 0.1206 0.0976 0.0921 0.0941 0.0983 0.1794 0.1073 0.1019 
         499  1 0.0127 0.8767 0.0142 0.0135 0.0120 0.0148 0.0279 0.0155 0.0127 
         500  1 0.0787 0.1903 0.0688 0.0891 0.0868 0.1386 0.1666 0.0924 0.0888 
