           1  1 0.9270 0.0362 0.0369 
           2  1 0.9528 0.0242 0.0231 
           3  1 0.9599 0.0198 0.0203 
           4  1 0.9647 0.0177 0.0176 
           5  1 0.9674 0.0165 0.0161 
           6  1 0.9653 0.0178 0.0169 
           7  1 0.9460 0.0255 0.0285 
           8  1 0.9647 0.0175 0.0178 
           9  1 0.9648 0.0171 0.0181 
          10  1 0.9742 0.0127 0.0131 
          11  1 0.9594 0.0206 0.0200 
          12  1 0.4693 0.2743 0.2564 
          13  1 0.9255 0.0368 0.0378 
          14  1 0.6887 0.1510 0.1603 
          15  1 0.7900 0.1060 0.1040 
          16  1 0.0117 0.5077 0.4806 
          17  1 0.0096 0.4734 0.5170 
          18  1 0.0130 0.4790 0.5080 
          19  1 0.0583 0.4862 0.4556 
          20  1 0.0122 0.5114 0.4764 
          21  1 0.0161 0.5037 0.4803 
          22  1 0.3186 0.3485 0.3329 
          23  1 0.0928 0.4466 0.4606 
          24  1 0.0311 0.4859 0.4830 
          25  1 0.0293 0.4646 0.5061 
          26  1 0.0746 0.4660 0.4594 
          27  1 0.0184 0.5027 0.4788 
          28  1 0.0101 0.4760 0.5139 
          29  1 0.0146 0.4855 0.4999 
          30  1 0.0243 0.4827 0.4930 
          31  1 0.7173 0.1454 0.1373 
          32  1 0.0140 0.4944 0.4916 
          33  1 0.0144 0.4856 0.5001 
          34  1 0.6724 0.1647 0.1629 
          35  1 0.0791 0.4660 0.4549 
          36  1 0.0563 0.4509 0.4928 
          37  1 0.0962 0.4540 0.4498 
          38  1 0.0175 0.4708 0.5117 
          39  1 0.0146 0.4968 0.4886 
          40  1 0.0121 0.4773 0.5106 
          41  1 0.0220 0.4958 0.4822 
          42  1 0.0261 0.4802 0.4938 
          43  1 0.0357 0.4800 0.4843 
          44  1 0.0105 0.4861 0.5034 
          45  1 0.0206 0.4980 0.4814 
          46  1 0.0345 0.4695 0.4960 
          47  1 0.0334 0.4892 0.4775 
          48  1 0.0541 0.4606 0.4853 
          49  1 0.0578 0.4664 0.4758 
          50  1 0.0886 0.4682 0.4432 
          51  1 0.0493 0.5161 0.4346 
          52  1 0.0748 0.4558 0.4694 
          53  1 0.0275 0.4749 0.4977 
          54  1 0.0129 0.5040 0.4831 
          55  1 0.0103 0.4869 0.5029 
          56  1 0.0263 0.4914 0.4823 
          57  1 0.1635 0.4273 0.4092 
          58  1 0.0261 0.4977 0.4762 
          59  1 0.0143 0.4922 0.4935 
          60  1 0.0430 0.4710 0.4860 
          61  1 0.0078 0.5034 0.4888 
          62  1 0.0203 0.4939 0.4858 
          63  1 0.0434 0.4871 0.4696 
          64  1 0.0247 0.4793 0.4960 
          65  1 0.0122 0.4888 0.4990 
          66  1 0.0148 0.4878 0.4974 
          67  1 0.0182 0.4882 0.4936 
          68  1 0.0783 0.4525 0.4692 
          69  1 0.0104 0.5075 0.4821 
          70  1 0.0207 0.4826 0.4967 
          71  1 0.0176 0.4817 0.5008 
          72  1 0.0064 0.4894 0.5042 
          73  1 0.0671 0.4609 0.4720 
          74  1 0.0084 0.5001 0.4915 
          75  1 0.0264 0.4766 0.4970 
          76  1 0.1041 0.4613 0.4346 
          77  1 0.2289 0.3733 0.3978 
          78  1 0.0205 0.4819 0.4976 
          79  1 0.0103 0.4940 0.4957 
          80  1 0.0205 0.4940 0.4855 
          81  1 0.0205 0.5060 0.4734 
          82  1 0.0095 0.5037 0.4868 
          83  1 0.0235 0.5141 0.4624 
          84  1 0.0225 0.4938 0.4837 
          85  1 0.0202 0.4997 0.4802 
          86  1 0.0290 0.4707 0.5002 
          87  1 0.0107 0.4895 0.4998 
          88  1 0.0305 0.4850 0.4845 
          89  1 0.0133 0.5094 0.4773 
          90  1 0.0129 0.5038 0.4833 
          91  1 0.0127 0.4714 0.5159 
          92  1 0.0104 0.4990 0.4906 
          93  1 0.0281 0.4791 0.4928 
          94  1 0.0073 0.4844 0.5084 
          95  1 0.0177 0.4926 0.4897 
          96  1 0.3545 0.3247 0.3208 
          97  1 0.0131 0.4867 0.5002 
          98  1 0.0246 0.4671 0.5083 
          99  1 0.0239 0.4562 0.5199 
         100  1 0.0301 0.4962 0.4737 
         101  1 0.0316 0.4664 0.5021 
         102  1 0.0149 0.5080 0.4771 
         103  1 0.0587 0.4641 0.4772 
         104  1 0.0118 0.4765 0.5117 
         105  1 0.0241 0.4648 0.5111 
         106  1 0.0239 0.4659 0.5102 
         107  1 0.1511 0.4299 0.4191 
         108  1 0.0080 0.4894 0.5027 
         109  1 0.0367 0.4801 0.4832 
         110  1 0.0120 0.4902 0.4977 
         111  1 0.0268 0.4648 0.5085 
         112  1 0.0158 0.4997 0.4844 
         113  1 0.0071 0.4731 0.5198 
         114  1 0.1353 0.4439 0.4208 
         115  1 0.0112 0.5063 0.4825 
         116  1 0.0450 0.5087 0.4462 
         117  1 0.0162 0.4925 0.4914 
         118  1 0.0232 0.4865 0.4904 
         119  1 0.0202 0.4869 0.4929 
         120  1 0.4138 0.2848 0.3014 
         121  1 0.1203 0.4298 0.4499 
         122  1 0.0072 0.4926 0.5002 
         123  1 0.0129 0.4978 0.4893 
         124  1 0.0251 0.4960 0.4788 
         125  1 0.0084 0.4704 0.5213 
         126  1 0.0080 0.4844 0.5075 
         127  1 0.0422 0.4566 0.5011 
         128  1 0.0261 0.4799 0.4940 
         129  1 0.0228 0.5022 0.4750 
         130  1 0.0183 0.4839 0.4978 
         131  1 0.0132 0.4660 0.5208 
         132  1 0.1820 0.4157 0.4023 
         133  1 0.0084 0.4839 0.5077 
         134  1 0.0095 0.4946 0.4959 
         135  1 0.0073 0.4724 0.5203 
         136  1 0.0068 0.5006 0.4926 
         137  1 0.0356 0.4796 0.4848 
         138  1 0.0473 0.4797 0.4730 
         139  1 0.0200 0.5128 0.4672 
         140  1 0.1084 0.4393 0.4523 
         141  1 0.0093 0.4886 0.5021 
         142  1 0.0177 0.4908 0.4916 
         143  1 0.7266 0.1440 0.1293 
         144  1 0.0146 0.5083 0.4771 
         145  1 0.0749 0.4742 0.4509 
         146  1 0.0073 0.4920 0.5007 
         147  1 0.5330 0.2457 0.2213 
         148  1 0.0218 0.4900 0.4882 
         149  1 0.0439 0.4736 0.4825 
         150  1 0.0346 0.4998 0.4656 
         151  1 0.0238 0.4833 0.4929 
         152  1 0.0168 0.4750 0.5082 
         153  1 0.0209 0.4893 0.4898 
         154  1 0.0077 0.4890 0.5033 
         155  1 0.0377 0.4763 0.4860 
         156  1 0.0174 0.4803 0.5023 
         157  1 0.0489 0.4740 0.4771 
         158  1 0.0137 0.4810 0.5053 
         159  1 0.0471 0.5045 0.4484 
         160  1 0.0099 0.5011 0.4890 
         161  1 0.0792 0.4366 0.4842 
         162  1 0.0287 0.4814 0.4899 
         163  1 0.0147 0.4886 0.4967 
         164  1 0.0079 0.5007 0.4915 
         165  1 0.0640 0.4906 0.4454 
         166  1 0.0304 0.4769 0.4928 
         167  1 0.0117 0.5060 0.4823 
         168  1 0.0273 0.4725 0.5001 
         169  1 0.0775 0.4790 0.4435 
         170  1 0.0282 0.4768 0.4950 
         171  1 0.0114 0.4874 0.5012 
         172  1 0.0200 0.4845 0.4955 
         173  1 0.1551 0.4207 0.4242 
         174  1 0.0476 0.4877 0.4647 
         175  1 0.0260 0.4830 0.4910 
         176  1 0.0357 0.4684 0.4959 
         177  1 0.0257 0.4959 0.4784 
         178  1 0.0594 0.4867 0.4538 
         179  1 0.0120 0.4883 0.4997 
         180  1 0.0244 0.4895 0.4861 
         181  1 0.3725 0.3127 0.3148 
         182  1 0.0469 0.4777 0.4754 
         183  1 0.0248 0.4784 0.4968 
         184  1 0.0572 0.4771 0.4657 
         185  1 0.0352 0.4962 0.4686 
         186  1 0.0272 0.4861 0.4866 
         187  1 0.0263 0.4852 0.4886 
         188  1 0.0374 0.4805 0.4821 
         189  1 0.0317 0.4753 0.4930 
         190  1 0.0196 0.4769 0.5035 
         191  1 0.0560 0.4495 0.4945 
         192  1 0.0176 0.4728 0.5097 
         193  1 0.1437 0.4403 0.4160 
         194  1 0.0409 0.4669 0.4921 
         195  1 0.0538 0.4842 0.4620 
         196  1 0.2244 0.3776 0.3980 
         197  1 0.0082 0.4831 0.5086 
         198  1 0.0138 0.4839 0.5023 
         199  1 0.0137 0.4993 0.4870 
         200  1 0.0200 0.4990 0.4810 
         201  1 0.0184 0.5106 0.4710 
         202  1 0.1112 0.4366 0.4521 
         203  1 0.0347 0.4786 0.4867 
         204  1 0.0297 0.4744 0.4959 
         205  1 0.0102 0.4955 0.4943 
         206  1 0.0168 0.4817 0.5015 
         207  1 0.0296 0.4717 0.4987 
         208  1 0.1074 0.4499 0.4427 
         209  1 0.0148 0.5001 0.4851 
         210  1 0.0099 0.5138 0.4763 
         211  1 0.0101 0.4899 0.4999 
         212  1 0.0203 0.4908 0.4888 
         213  1 0.0870 0.4610 0.4520 
         214  1 0.0130 0.4935 0.4935 
         215  1 0.0268 0.5074 0.4657 
         216  1 0.0406 0.4644 0.4950 
         217  1 0.0504 0.4767 0.4730 
         218  1 0.0280 0.4559 0.5161 
         219  1 0.0114 0.5010 0.4876 
         220  1 0.0344 0.4875 0.4781 
         221  1 0.0090 0.5009 0.4901 
         222  1 0.0083 0.4956 0.4961 
         223  1 0.0344 0.4703 0.4953 
         224  1 0.0101 0.4800 0.5099 
         225  1 0.0078 0.4781 0.5141 
         226  1 0.0168 0.5036 0.4796 
         227  1 0.0129 0.4913 0.4958 
         228  1 0.0523 0.4676 0.4802 
         229  1 0.0116 0.5038 0.4846 
         230  1 0.0229 0.5261 0.4510 
         231  1 0.0389 0.5120 0.4490 
         232  1 0.0101 0.5100 0.4799 
         233  1 0.0289 0.4646 0.5065 
         234  1 0.0125 0.5099 0.4775 
         235  1 0.0272 0.4825 0.4902 
         236  1 0.0961 0.4345 0.4694 
         237  1 0.0089 0.4830 0.5081 
         238  1 0.0301 0.4493 0.5206 
         239  1 0.1517 0.4266 0.4216 
         240  1 0.0092 0.4914 0.4994 
         241  1 0.0082 0.4926 0.4992 
         242  1 0.0314 0.4808 0.4878 
         243  1 0.0175 0.4868 0.4957 
         244  1 0.0618 0.4617 0.4766 
         245  1 0.0096 0.5275 0.4629 
         246  1 0.2328 0.3961 0.3711 
         247  1 0.0240 0.4819 0.4941 
         248  1 0.0653 0.4651 0.4696 
         249  1 0.0401 0.5130 0.4468 
         250  1 0.0183 0.5060 0.4757 
         251  1 0.0128 0.5085 0.4787 
         252  1 0.7608 0.1176 0.1216 
         253  1 0.0983 0.4598 0.4419 
         254  1 0.0093 0.5132 0.4775 
         255  1 0.0192 0.5081 0.4728 
         256  1 0.0124 0.4854 0.5021 
         257  1 0.0090 0.4947 0.4964 
         258  1 0.0226 0.4761 0.5012 
         259  1 0.0645 0.4584 0.4771 
         260  1 0.0117 0.4718 0.5165 
         261  1 0.0284 0.4684 0.5032 
         262  1 0.0541 0.4661 0.4798 
         263  1 0.0415 0.5013 0.4573 
         264  1 0.0222 0.4868 0.4911 
         265  1 0.0203 0.4856 0.4941 
         266  1 0.0160 0.4832 0.5008 
         267  1 0.1384 0.4302 0.4314 
         268  1 0.0162 0.4913 0.4925 
         269  1 0.0137 0.4842 0.5020 
         270  1 0.0074 0.4857 0.5070 
         271  1 0.0160 0.4842 0.4999 
         272  1 0.0348 0.4863 0.4789 
         273  1 0.0294 0.4616 0.5090 
         274  1 0.0577 0.4466 0.4957 
         275  1 0.0142 0.5087 0.4770 
         276  1 0.0187 0.4891 0.4922 
         277  1 0.0085 0.4961 0.4954 
         278  1 0.0111 0.4920 0.4969 
         279  1 0.0295 0.4885 0.4821 
         280  1 0.0124 0.5040 0.4836 
         281  1 0.0279 0.4866 0.4855 
         282  1 0.0220 0.4800 0.4980 
         283  1 0.0166 0.5066 0.4768 
         284  1 0.0111 0.4932 0.4957 
         285  1 0.0257 0.4754 0.4988 
         286  1 0.0296 0.5202 0.4502 
         287  1 0.0121 0.4982 0.4897 
         288  1 0.0222 0.4864 0.4914 
         289  1 0.0214 0.4876 0.4910 
         290  1 0.0354 0.4889 0.4757 
         291  1 0.0414 0.4877 0.4709 
         292  1 0.0097 0.4744 0.5159 
         293  1 0.0113 0.4964 0.4923 
         294  1 0.0326 0.4927 0.4747 
         295  1 0.0224 0.4648 0.5129 
         296  1 0.0363 0.4830 0.4808 
         297  1 0.2178 0.3831 0.3992 
         298  1 0.0219 0.4956 0.4825 
         299  1 0.0071 0.4908 0.5022 
         300  1 0.0489 0.4752 0.4759 
         301  1 0.0377 0.4773 0.4849 
         302  1 0.0192 0.5083 0.4724 
         303  1 0.0927 0.4549 0.4524 
         304  1 0.0215 0.4858 0.4927 
         305  1 0.0117 0.4890 0.4994 
         306  1 0.0151 0.4969 0.4879 
         307  1 0.0316 0.5003 0.4681 
         308  1 0.0219 0.4741 0.5040 
         309  1 0.0161 0.4848 0.4991 
         310  1 0.0185 0.4736 0.5079 
         311  1 0.0267 0.4861 0.4872 
         312  1 0.0280 0.5052 0.4668 
         313  1 0.0227 0.4934 0.4838 
         314  1 0.0113 0.4768 0.5119 
         315  1 0.0762 0.4601 0.4636 
         316  1 0.0685 0.5050 0.4265 
         317  1 0.0770 0.4535 0.4695 
         318  1 0.0159 0.4766 0.5075 
         319  1 0.0112 0.4897 0.4990 
         320  1 0.0082 0.5138 0.4780 
         321  1 0.0168 0.5061 0.4772 
         322  1 0.0320 0.4700 0.4980 
         323  1 0.0173 0.4886 0.4941 
         324  1 0.0188 0.5009 0.4804 
         325  1 0.0076 0.4952 0.4972 
         326  1 0.0099 0.5064 0.4837 
         327  1 0.0416 0.4862 0.4721 
         328  1 0.1134 0.4540 0.4327 
         329  1 0.0125 0.4762 0.5113 
         330  1 0.0348 0.4805 0.4847 
         331  1 0.0201 0.4961 0.4838 
         332  1 0.0270 0.4709 0.5021 
         333  1 0.0268 0.4882 0.4850 
         334  1 0.2678 0.3408 0.3915 
         335  1 0.0086 0.4977 0.4937 
         336  1 0.0161 0.4843 0.4996 
         337  1 0.0480 0.4778 0.4742 
         338  1 0.0587 0.4799 0.4614 
         339  1 0.1424 0.4265 0.4311 
         340  1 0.0233 0.4960 0.4807 
         341  1 0.0189 0.4735 0.5076 
         342  1 0.6910 0.1582 0.1508 
         343  1 0.0348 0.4812 0.4839 
         344  1 0.0282 0.5010 0.4707 
         345  1 0.0478 0.4795 0.4727 
         346  1 0.0254 0.4797 0.4949 
         347  1 0.1015 0.4485 0.4501 
         348  1 0.0063 0.4990 0.4947 
         349  1 0.2015 0.3882 0.4102 
         350  1 0.0242 0.4737 0.5021 
         351  1 0.0129 0.4903 0.4968 
         352  1 0.0084 0.4881 0.5035 
         353  1 0.0100 0.4998 0.4903 
         354  1 0.0152 0.5042 0.4806 
         355  1 0.0206 0.5018 0.4777 
         356  1 0.0730 0.4849 0.4421 
         357  1 0.0149 0.5052 0.4799 
         358  1 0.0091 0.4814 0.5096 
         359  1 0.2957 0.3455 0.3588 
         360  1 0.0239 0.4868 0.4893 
         361  1 0.2184 0.4180 0.3636 
         362  1 0.0460 0.4861 0.4678 
         363  1 0.0093 0.4950 0.4957 
         364  1 0.0608 0.4811 0.4582 
         365  1 0.2434 0.3879 0.3687 
         366  1 0.0361 0.4740 0.4899 
         367  1 0.0227 0.4887 0.4886 
         368  1 0.0146 0.4897 0.4957 
         369  1 0.0109 0.4978 0.4913 
         370  1 0.0120 0.4676 0.5205 
         371  1 0.0147 0.4838 0.5015 
         372  1 0.1891 0.4190 0.3919 
         373  1 0.1450 0.4321 0.4230 
         374  1 0.0978 0.4567 0.4455 
         375  1 0.0236 0.5009 0.4755 
         376  1 0.0118 0.4787 0.5095 
         377  1 0.0313 0.4802 0.4885 
         378  1 0.0234 0.5011 0.4755 
         379  1 0.0343 0.4680 0.4977 
         380  1 0.0108 0.5027 0.4865 
         381  1 0.0214 0.4728 0.5058 
         382  1 0.0153 0.4905 0.4942 
         383  1 0.0143 0.5026 0.4832 
         384  1 0.0162 0.4956 0.4882 
         385  1 0.0225 0.5100 0.4676 
         386  1 0.0238 0.5116 0.4646 
         387  1 0.0289 0.4750 0.4961 
         388  1 0.0921 0.4515 0.4564 
         389  1 0.0108 0.5064 0.4828 
         390  1 0.0117 0.4913 0.4970 
         391  1 0.0233 0.4740 0.5027 
         392  1 0.0317 0.4850 0.4833 
         393  1 0.0156 0.4835 0.5009 
         394  1 0.0318 0.4754 0.4928 
         395  1 0.1996 0.3788 0.4216 
         396  1 0.0078 0.4931 0.4991 
         397  1 0.0342 0.4795 0.4864 
         398  1 0.0269 0.4841 0.4890 
         399  1 0.0177 0.5188 0.4635 
         400  1 0.0420 0.4827 0.4753 
         401  1 0.0187 0.5016 0.4797 
         402  1 0.3682 0.3104 0.3214 
         403  1 0.0446 0.4792 0.4762 
         404  1 0.8763 0.0596 0.0641 
         405  1 0.0846 0.4569 0.4585 
         406  1 0.1625 0.4158 0.4218 
         407  1 0.7498 0.1304 0.1197 
         408  1 0.0205 0.4917 0.4878 
         409  1 0.3667 0.3129 0.3204 
         410  1 0.0168 0.5196 0.4636 
         411  1 0.0154 0.4909 0.4937 
         412  1 0.0470 0.4716 0.4814 
         413  1 0.1889 0.4089 0.4022 
         414  1 0.0422 0.4714 0.4864 
         415  1 0.0117 0.4689 0.5194 
         416  1 0.0114 0.4747 0.5140 
         417  1 0.0174 0.4984 0.4842 
         418  1 0.0139 0.4987 0.4873 
         419  1 0.0748 0.4539 0.4713 
         420  1 0.0805 0.4481 0.4713 
         421  1 0.0125 0.4970 0.4905 
         422  1 0.0134 0.4760 0.5107 
         423  1 0.0275 0.4712 0.5013 
         424  1 0.0097 0.4912 0.4991 
         425  1 0.0159 0.4893 0.4948 
         426  1 0.0492 0.4823 0.4685 
         427  1 0.0277 0.4745 0.4978 
         428  1 0.0539 0.4859 0.4603 
         429  1 0.0220 0.4804 0.4977 
         430  1 0.0151 0.4638 0.5211 
         431  1 0.0145 0.5197 0.4658 
         432  1 0.8081 0.0958 0.0962 
         433  1 0.0673 0.4514 0.4813 
         434  1 0.0304 0.4947 0.4749 
         435  1 0.0262 0.4869 0.4870 
         436  1 0.0268 0.4844 0.4888 
         437  1 0.0120 0.4792 0.5088 
         438  1 0.0163 0.4808 0.5029 
         439  1 0.7615 0.1213 0.1172 
         440  1 0.0777 0.4630 0.4593 
         441  1 0.0409 0.4647 0.4944 
         442  1 0.0222 0.4879 0.4899 
         443  1 0.0974 0.4402 0.4624 
         444  1 0.0556 0.4660 0.4784 
         445  1 0.1693 0.4180 0.4127 
         446  1 0.1848 0.4053 0.4099 
         447  1 0.0418 0.4682 0.4900 
         448  1 0.1945 0.4119 0.3936 
         449  1 0.2191 0.3802 0.4007 
         450  1 0.1802 0.4077 0.4121 
         451  1 0.0309 0.4899 0.4792 
         452  1 0.0872 0.4589 0.4539 
         453  1 0.1709 0.4093 0.4199 
         454  1 0.4015 0.2972 0.3013 
         455  1 0.1626 0.4133 0.4241 
         456  1 0.2392 0.3847 0.3761 
         457  1 0.1801 0.4133 0.4066 
         458  1 0.1694 0.4214 0.4091 
         459  1 0.0229 0.4780 0.4992 
         460  1 0.0210 0.4916 0.4873 
         461  1 0.2214 0.3988 0.3798 
         462  1 0.9792 0.0106 0.0102 
         463  1 0.9764 0.0115 0.0121 
         464  1 0.9578 0.0211 0.0211 
         465  1 0.4290 0.3035 0.2675 
         466  1 0.9452 0.0278 0.0270 
         467  1 0.6866 0.1538 0.1596 
         468  1 0.5744 0.2176 0.2080 
         469  1 0.5036 0.2489 0.2475 
         470  1 0.8918 0.0539 0.0544 
         471  1 0.6220 0.1911 0.1870 
         472  1 0.4927 0.2497 0.2575 
         473  1 0.5381 0.2286 0.2334 
         474  1 0.9643 0.0181 0.0176 
         475  1 0.7255 0.1361 0.1384 
         476  1 0.9485 0.0264 0.0250 
         477  1 0.9542 0.0223 0.0235 
         478  1 0.4950 0.2417 0.2633 
         479  1 0.9652 0.0171 0.0177 
         480  1 0.9705 0.0154 0.0141 
         481  1 0.9618 0.0196 0.0186 
         482  1 0.9808 0.0097 0.0095 
         483  1 0.9632 0.0186 0.0182 
         484  1 0.2133 0.3789 0.4078 
         485  1 0.9160 0.0412 0.0428 
         486  1 0.9248 0.0376 0.0376 
         487  1 0.9796 0.0099 0.0105 
         488  1 0.9523 0.0235 0.0241 
         489  1 0.7959 0.1066 0.0976 
         490  1 0.5336 0.2292 0.2372 
         491  1 0.9631 0.0179 0.0191 
         492  1 0.9225 0.0391 0.0383 
         493  1 0.9724 0.0137 0.0139 
         494  1 0.9819 0.0090 0.0091 
         495  1 0.9821 0.0095 0.0085 
         496  1 0.9529 0.0242 0.0229 
         497  1 0.0835 0.4521 0.4643 
         498  1 0.7698 0.1159 0.1143 
         499  1 0.9694 0.0150 0.0156 
         500  1 0.8180 0.0889 0.0932 
         501  1 0.9788 0.0109 0.0103 
         502  1 0.9730 0.0136 0.0134 
         503  1 0.9800 0.0100 0.0100 
         504  1 0.9686 0.0156 0.0158 
         505  1 0.8659 0.0653 0.0688 
         506  1 0.8693 0.0655 0.0652 
         507  1 0.9587 0.0208 0.0206 
         508  1 0.7196 0.1474 0.1330 
         509  1 0.9841 0.0078 0.0081 
         510  1 0.9696 0.0149 0.0155 
         511  1 0.9760 0.0125 0.0115 
         512  1 0.9599 0.0209 0.0191 
         513  1 0.1099 0.4392 0.4509 
         514  1 0.9761 0.0123 0.0116 
         515  1 0.8929 0.0550 0.0521 
         516  1 0.6564 0.1697 0.1739 
         517  1 0.9692 0.0155 0.0152 
         518  1 0.9810 0.0095 0.0095 
         519  1 0.9664 0.0167 0.0169 
         520  1 0.9530 0.0232 0.0238 
         521  1 0.9787 0.0110 0.0103 
         522  1 0.9811 0.0093 0.0096 
         523  1 0.8415 0.0773 0.0811 
         524  1 0.9584 0.0215 0.0201 
         525  1 0.9571 0.0213 0.0216 
         526  1 0.9559 0.0221 0.0219 
         527  1 0.9557 0.0224 0.0219 
         528  1 0.9579 0.0213 0.0208 
         529  1 0.8506 0.0745 0.0749 
         530  1 0.9810 0.0093 0.0097 
         531  1 0.9544 0.0224 0.0232 
         532  1 0.9682 0.0161 0.0157 
         533  1 0.9737 0.0130 0.0134 
         534  1 0.9604 0.0202 0.0194 
         535  1 0.9726 0.0133 0.0141 
         536  1 0.9853 0.0075 0.0072 
         537  1 0.9803 0.0095 0.0103 
         538  1 0.9826 0.0087 0.0086 
         539  1 0.9859 0.0070 0.0071 
         540  1 0.9555 0.0225 0.0220 
         541  1 0.4018 0.2891 0.3091 
         542  1 0.9769 0.0111 0.0120 
         543  1 0.9373 0.0317 0.0310 
         544  1 0.9658 0.0175 0.0167 
         545  1 0.9838 0.0080 0.0082 
         546  1 0.7874 0.1049 0.1077 
         547  1 0.9295 0.0333 0.0373 
         548  1 0.9714 0.0138 0.0148 
         549  1 0.9709 0.0144 0.0147 
         550  1 0.9821 0.0085 0.0094 
         551  1 0.2925 0.3364 0.3710 
         552  1 0.9694 0.0146 0.0160 
         553  1 0.6415 0.1845 0.1739 
         554  1 0.8982 0.0516 0.0502 
         555  1 0.9811 0.0097 0.0092 
         556  1 0.9532 0.0234 0.0235 
         557  1 0.9835 0.0083 0.0082 
         558  1 0.9306 0.0358 0.0337 
         559  1 0.6894 0.1545 0.1560 
         560  1 0.9372 0.0326 0.0303 
         561  1 0.9207 0.0417 0.0375 
         562  1 0.9853 0.0075 0.0072 
         563  1 0.9775 0.0117 0.0108 
         564  1 0.9754 0.0125 0.0121 
         565  1 0.9487 0.0247 0.0266 
         566  1 0.6854 0.1539 0.1607 
         567  1 0.9689 0.0159 0.0152 
         568  1 0.9300 0.0359 0.0341 
         569  1 0.9710 0.0152 0.0138 
         570  1 0.5582 0.2252 0.2166 
         571  1 0.6302 0.1910 0.1789 
         572  1 0.9578 0.0211 0.0211 
         573  1 0.0132 0.4953 0.4915 
         574  1 0.2561 0.3864 0.3574 
         575  1 0.1150 0.4524 0.4326 
         576  1 0.0352 0.4763 0.4885 
         577  1 0.0278 0.4998 0.4724 
         578  1 0.5290 0.2450 0.2260 
         579  1 0.9582 0.0203 0.0215 
         580  1 0.7860 0.1069 0.1071 
         581  1 0.9756 0.0116 0.0128 
         582  1 0.0420 0.4714 0.4866 
         583  1 0.9718 0.0147 0.0135 
         584  1 0.7666 0.1172 0.1162 
         585  1 0.7323 0.1393 0.1284 
         586  1 0.9724 0.0143 0.0133 
         587  1 0.9640 0.0180 0.0179 
         588  1 0.9770 0.0113 0.0116 
         589  1 0.9081 0.0423 0.0496 
         590  1 0.9735 0.0130 0.0135 
         591  1 0.9726 0.0133 0.0141 
         592  1 0.9208 0.0405 0.0387 
         593  1 0.9762 0.0118 0.0120 
         594  1 0.6983 0.1544 0.1473 
         595  1 0.9250 0.0384 0.0366 
         596  1 0.9847 0.0079 0.0074 
         597  1 0.9733 0.0143 0.0124 
         598  1 0.7994 0.0995 0.1010 
         599  1 0.9821 0.0087 0.0092 
         600  1 0.9752 0.0127 0.0120 
         601  1 0.9813 0.0094 0.0093 
         602  1 0.9129 0.0456 0.0415 
         603  1 0.9406 0.0286 0.0308 
         604  1 0.8082 0.0952 0.0966 
         605  1 0.9553 0.0239 0.0208 
         606  1 0.9439 0.0294 0.0268 
         607  1 0.9848 0.0077 0.0074 
         608  1 0.8201 0.0889 0.0911 
         609  1 0.9543 0.0234 0.0224 
         610  1 0.9649 0.0177 0.0174 
         611  1 0.8782 0.0640 0.0578 
         612  1 0.1342 0.4511 0.4147 
         613  1 0.9800 0.0094 0.0106 
         614  1 0.9811 0.0093 0.0096 
         615  1 0.9777 0.0117 0.0106 
         616  1 0.9369 0.0295 0.0336 
         617  1 0.9646 0.0172 0.0182 
         618  1 0.9366 0.0303 0.0331 
         619  1 0.9731 0.0134 0.0135 
         620  1 0.9618 0.0199 0.0183 
         621  1 0.1612 0.4198 0.4190 
         622  1 0.9731 0.0137 0.0132 
         623  1 0.9571 0.0215 0.0214 
