           1  1 0.7984 0.0464 0.0398 0.0341 0.0466 0.0347 
           2  1 0.8150 0.0295 0.0349 0.0430 0.0222 0.0554 
           3  1 0.8984 0.0213 0.0198 0.0193 0.0223 0.0189 
           4  1 0.8372 0.0422 0.0304 0.0330 0.0225 0.0347 
           5  1 0.9164 0.0168 0.0166 0.0168 0.0186 0.0148 
           6  1 0.9185 0.0172 0.0165 0.0157 0.0169 0.0152 
           7  1 0.7795 0.0421 0.0462 0.0472 0.0296 0.0554 
           8  1 0.9094 0.0196 0.0185 0.0187 0.0164 0.0174 
           9  1 0.8969 0.0228 0.0207 0.0176 0.0222 0.0198 
          10  1 0.9284 0.0132 0.0152 0.0156 0.0132 0.0144 
          11  1 0.8805 0.0266 0.0242 0.0247 0.0234 0.0206 
          12  1 0.2158 0.2276 0.1483 0.1413 0.1682 0.0988 
          13  1 0.7194 0.0664 0.0548 0.0592 0.0517 0.0485 
          14  1 0.3354 0.1819 0.1194 0.1171 0.1296 0.1165 
          15  1 0.5550 0.0832 0.0816 0.0704 0.1075 0.1024 
          16  1 0.0098 0.1708 0.2174 0.2568 0.2209 0.1243 
          17  1 0.0078 0.1172 0.2118 0.3026 0.1417 0.2188 
          18  1 0.0105 0.1308 0.1932 0.3016 0.1558 0.2082 
          19  1 0.0224 0.1354 0.1911 0.2413 0.1164 0.2933 
          20  1 0.0098 0.2284 0.1796 0.1049 0.2795 0.1978 
          21  1 0.0133 0.0836 0.1915 0.2554 0.0530 0.4033 
          22  1 0.1479 0.1441 0.1607 0.1957 0.1332 0.2183 
          23  1 0.0392 0.1905 0.1806 0.1720 0.2080 0.2097 
          24  1 0.0229 0.1876 0.1738 0.1899 0.1549 0.2709 
          25  1 0.0192 0.1599 0.2289 0.2665 0.1960 0.1295 
          26  1 0.0510 0.2463 0.1759 0.1578 0.1881 0.1809 
          27  1 0.0137 0.2331 0.1943 0.1669 0.2210 0.1709 
          28  1 0.0082 0.1437 0.2143 0.2447 0.1689 0.2202 
          29  1 0.0103 0.1449 0.1923 0.2902 0.2180 0.1442 
          30  1 0.0173 0.1015 0.1904 0.2846 0.0930 0.3132 
          31  1 0.4081 0.1415 0.1297 0.1081 0.1236 0.0889 
          32  1 0.0100 0.1112 0.1896 0.2514 0.0890 0.3488 
          33  1 0.0129 0.1880 0.1832 0.2190 0.1716 0.2253 
          34  1 0.4608 0.1199 0.1083 0.1073 0.1003 0.1034 
          35  1 0.0400 0.2154 0.2171 0.1955 0.2136 0.1184 
          36  1 0.0314 0.1490 0.2228 0.2366 0.1913 0.1689 
          37  1 0.0589 0.2547 0.1846 0.1545 0.2176 0.1298 
          38  1 0.0142 0.1522 0.2277 0.2153 0.1713 0.2192 
          39  1 0.0113 0.1853 0.2186 0.2614 0.1783 0.1451 
          40  1 0.0109 0.2306 0.1739 0.2226 0.1931 0.1689 
          41  1 0.0166 0.2141 0.1997 0.1841 0.2168 0.1688 
          42  1 0.0215 0.2101 0.2053 0.2245 0.1837 0.1549 
          43  1 0.0265 0.2646 0.1801 0.1629 0.2462 0.1196 
          44  1 0.0083 0.1443 0.2248 0.2723 0.2168 0.1334 
          45  1 0.0146 0.2640 0.1893 0.1945 0.2110 0.1266 
          46  1 0.0245 0.1807 0.2050 0.2378 0.1783 0.1737 
          47  1 0.0223 0.2513 0.1977 0.1306 0.2367 0.1614 
          48  1 0.0303 0.1448 0.2053 0.2529 0.1541 0.2126 
          49  1 0.0434 0.1639 0.1850 0.2048 0.1430 0.2599 
          50  1 0.0630 0.2426 0.1765 0.1491 0.2363 0.1325 
          51  1 0.0360 0.2645 0.1806 0.1707 0.2097 0.1384 
          52  1 0.0435 0.1695 0.1986 0.2104 0.1513 0.2268 
          53  1 0.0218 0.0804 0.1737 0.2639 0.0635 0.3967 
          54  1 0.0102 0.2406 0.1879 0.1746 0.2358 0.1510 
          55  1 0.0081 0.1057 0.1906 0.2666 0.1007 0.3283 
          56  1 0.0203 0.2262 0.1836 0.1405 0.2462 0.1832 
          57  1 0.0526 0.3085 0.1829 0.1607 0.2096 0.0857 
          58  1 0.0206 0.1717 0.1993 0.2262 0.1529 0.2293 
          59  1 0.0122 0.1755 0.1904 0.2221 0.1774 0.2224 
          60  1 0.0311 0.1659 0.2000 0.2490 0.1286 0.2255 
          61  1 0.0066 0.2800 0.1916 0.1370 0.2348 0.1500 
          62  1 0.0164 0.1585 0.2144 0.2067 0.1892 0.2146 
          63  1 0.0302 0.2072 0.1827 0.2010 0.2196 0.1594 
          64  1 0.0226 0.2096 0.1888 0.2227 0.2041 0.1523 
          65  1 0.0092 0.1914 0.2028 0.1245 0.2805 0.1916 
          66  1 0.0116 0.2047 0.2135 0.1389 0.2613 0.1701 
          67  1 0.0127 0.1222 0.1927 0.3350 0.1458 0.1916 
          68  1 0.0323 0.3002 0.1677 0.1145 0.2532 0.1322 
          69  1 0.0085 0.2188 0.2121 0.1723 0.2365 0.1518 
          70  1 0.0147 0.0905 0.2023 0.2401 0.1104 0.3420 
          71  1 0.0122 0.2857 0.1783 0.1292 0.2394 0.1553 
          72  1 0.0053 0.1376 0.2136 0.2830 0.1705 0.1901 
          73  1 0.0360 0.2019 0.2007 0.1788 0.2049 0.1778 
          74  1 0.0076 0.1651 0.1931 0.2402 0.1711 0.2228 
          75  1 0.0173 0.2065 0.2270 0.2148 0.2103 0.1241 
          76  1 0.0794 0.2672 0.1832 0.0956 0.2436 0.1309 
          77  1 0.0739 0.1298 0.2299 0.2533 0.1775 0.1354 
          78  1 0.0157 0.2198 0.1880 0.1182 0.2654 0.1930 
          79  1 0.0086 0.1563 0.1899 0.1773 0.1692 0.2986 
          80  1 0.0161 0.2427 0.1761 0.1191 0.2803 0.1656 
          81  1 0.0169 0.1812 0.1879 0.1881 0.1611 0.2649 
          82  1 0.0080 0.2692 0.1650 0.0728 0.3170 0.1681 
          83  1 0.0150 0.2856 0.1840 0.1545 0.2034 0.1575 
          84  1 0.0164 0.2666 0.1756 0.1654 0.2025 0.1736 
          85  1 0.0138 0.2052 0.2030 0.2106 0.2366 0.1308 
          86  1 0.0222 0.1553 0.1972 0.2458 0.1531 0.2263 
          87  1 0.0085 0.1871 0.2138 0.1613 0.2587 0.1706 
          88  1 0.0216 0.2219 0.1852 0.2026 0.2199 0.1487 
          89  1 0.0105 0.2535 0.1716 0.0798 0.3177 0.1671 
          90  1 0.0103 0.2487 0.2008 0.1593 0.2243 0.1565 
          91  1 0.0098 0.1491 0.1910 0.2198 0.2138 0.2165 
          92  1 0.0082 0.1750 0.2156 0.2113 0.2007 0.1891 
          93  1 0.0204 0.1411 0.2084 0.2705 0.1480 0.2116 
          94  1 0.0056 0.1085 0.1935 0.2317 0.1178 0.3430 
          95  1 0.0140 0.1529 0.1953 0.1981 0.1640 0.2758 
          96  1 0.1480 0.1729 0.1690 0.1793 0.1557 0.1750 
          97  1 0.0108 0.1291 0.1972 0.1784 0.1992 0.2853 
          98  1 0.0181 0.1338 0.2201 0.2266 0.1684 0.2331 
          99  1 0.0215 0.2062 0.1819 0.1747 0.2279 0.1878 
         100  1 0.0232 0.2045 0.1803 0.1993 0.1809 0.2118 
         101  1 0.0228 0.1951 0.2281 0.2206 0.1995 0.1339 
         102  1 0.0112 0.2446 0.1959 0.1892 0.2115 0.1475 
         103  1 0.0475 0.1329 0.2018 0.1894 0.1632 0.2652 
         104  1 0.0099 0.2300 0.1888 0.1167 0.2886 0.1660 
         105  1 0.0185 0.2525 0.1748 0.1005 0.2792 0.1745 
         106  1 0.0188 0.2475 0.1772 0.0999 0.2839 0.1727 
         107  1 0.0862 0.2382 0.1755 0.1657 0.2032 0.1313 
         108  1 0.0062 0.0993 0.1750 0.2282 0.1097 0.3817 
         109  1 0.0289 0.1392 0.1919 0.2198 0.1391 0.2812 
         110  1 0.0088 0.2283 0.2018 0.1321 0.2622 0.1669 
         111  1 0.0173 0.1444 0.2278 0.3055 0.1728 0.1323 
         112  1 0.0124 0.1255 0.1918 0.2469 0.1264 0.2971 
         113  1 0.0057 0.2027 0.1850 0.1664 0.2423 0.1979 
         114  1 0.0676 0.2606 0.1776 0.1570 0.2002 0.1369 
         115  1 0.0096 0.1890 0.1939 0.1446 0.2352 0.2277 
         116  1 0.0239 0.3116 0.1798 0.1462 0.2387 0.0998 
         117  1 0.0127 0.2137 0.1977 0.1829 0.2129 0.1801 
         118  1 0.0166 0.1196 0.1928 0.2192 0.1308 0.3211 
         119  1 0.0165 0.1296 0.1940 0.2655 0.1395 0.2550 
         120  1 0.1724 0.1663 0.1693 0.1567 0.1601 0.1752 
         121  1 0.0668 0.1642 0.1813 0.1945 0.1694 0.2237 
         122  1 0.0061 0.1836 0.1986 0.2340 0.2288 0.1489 
         123  1 0.0116 0.2235 0.1896 0.1780 0.2053 0.1920 
         124  1 0.0183 0.1893 0.1838 0.2121 0.1751 0.2215 
         125  1 0.0066 0.1819 0.2012 0.1574 0.2628 0.1901 
         126  1 0.0064 0.1322 0.1943 0.2485 0.1653 0.2533 
         127  1 0.0275 0.1733 0.2145 0.2495 0.2055 0.1297 
         128  1 0.0212 0.2131 0.2120 0.1722 0.2376 0.1439 
         129  1 0.0173 0.2259 0.1960 0.1659 0.2234 0.1715 
         130  1 0.0165 0.1203 0.1957 0.2298 0.1116 0.3260 
         131  1 0.0116 0.1429 0.2021 0.2867 0.1732 0.1836 
         132  1 0.0738 0.2023 0.1716 0.1728 0.1684 0.2111 
         133  1 0.0072 0.1378 0.2009 0.2097 0.1815 0.2629 
         134  1 0.0073 0.1597 0.1888 0.2795 0.2003 0.1644 
         135  1 0.0061 0.0748 0.1752 0.2586 0.0666 0.4187 
         136  1 0.0054 0.1743 0.2188 0.1524 0.2659 0.1832 
         137  1 0.0302 0.1634 0.1895 0.2614 0.1539 0.2017 
         138  1 0.0333 0.2511 0.1788 0.1979 0.1911 0.1479 
         139  1 0.0152 0.1623 0.2032 0.1639 0.2296 0.2259 
         140  1 0.0678 0.1239 0.1806 0.2105 0.1001 0.3171 
         141  1 0.0073 0.1551 0.2384 0.2880 0.1952 0.1160 
         142  1 0.0140 0.1437 0.2074 0.2939 0.1419 0.1991 
         143  1 0.5291 0.1268 0.0900 0.0825 0.0940 0.0775 
         144  1 0.0117 0.2028 0.1804 0.1690 0.2458 0.1903 
         145  1 0.0475 0.2114 0.2025 0.1680 0.1796 0.1911 
         146  1 0.0059 0.0632 0.1709 0.2695 0.0507 0.4397 
         147  1 0.2105 0.2371 0.1427 0.1278 0.1741 0.1078 
         148  1 0.0192 0.1359 0.1930 0.2967 0.1440 0.2112 
         149  1 0.0238 0.1807 0.2274 0.2338 0.2258 0.1085 
         150  1 0.0256 0.2135 0.1909 0.1729 0.2098 0.1872 
         151  1 0.0182 0.1076 0.1866 0.2454 0.1045 0.3377 
         152  1 0.0113 0.1340 0.1852 0.2249 0.1354 0.3091 
         153  1 0.0163 0.2178 0.1850 0.1994 0.2484 0.1330 
         154  1 0.0058 0.0709 0.2010 0.2638 0.0610 0.3974 
         155  1 0.0243 0.1785 0.2185 0.2573 0.2059 0.1156 
         156  1 0.0131 0.1928 0.2147 0.2076 0.2110 0.1607 
         157  1 0.0325 0.1964 0.2067 0.2059 0.2069 0.1516 
         158  1 0.0095 0.2003 0.2004 0.1532 0.2459 0.1908 
         159  1 0.0107 0.3169 0.1619 0.1255 0.2669 0.1181 
         160  1 0.0085 0.1830 0.1968 0.1506 0.2435 0.2175 
         161  1 0.0429 0.1708 0.2142 0.2148 0.1893 0.1679 
         162  1 0.0198 0.1547 0.2238 0.2729 0.1879 0.1410 
         163  1 0.0129 0.1293 0.2016 0.2299 0.1289 0.2973 
         164  1 0.0067 0.2013 0.2002 0.1201 0.2726 0.1991 
         165  1 0.0440 0.2213 0.1970 0.1627 0.2099 0.1651 
         166  1 0.0201 0.1358 0.1823 0.2217 0.1149 0.3253 
         167  1 0.0091 0.2139 0.2035 0.1909 0.2347 0.1479 
         168  1 0.0177 0.1413 0.1866 0.2181 0.1441 0.2922 
         169  1 0.0517 0.2576 0.1942 0.1266 0.2280 0.1419 
         170  1 0.0210 0.1431 0.2051 0.2447 0.1738 0.2123 
         171  1 0.0087 0.1305 0.1786 0.3182 0.1600 0.2040 
         172  1 0.0151 0.1530 0.1984 0.2482 0.1792 0.2061 
         173  1 0.0625 0.1980 0.1967 0.1783 0.2073 0.1572 
         174  1 0.0251 0.2793 0.1778 0.1548 0.2304 0.1327 
         175  1 0.0184 0.2480 0.1984 0.1261 0.2487 0.1603 
         176  1 0.0236 0.1729 0.2047 0.1770 0.2203 0.2015 
         177  1 0.0206 0.1606 0.1828 0.2302 0.1878 0.2180 
         178  1 0.0470 0.1995 0.1961 0.1967 0.1967 0.1640 
         179  1 0.0086 0.0760 0.1926 0.2735 0.0903 0.3590 
         180  1 0.0177 0.1920 0.2173 0.2140 0.2257 0.1333 
         181  1 0.1519 0.1632 0.1802 0.1595 0.1880 0.1573 
         182  1 0.0257 0.1627 0.1996 0.2239 0.1726 0.2154 
         183  1 0.0171 0.2467 0.1941 0.1246 0.2549 0.1627 
         184  1 0.0353 0.1424 0.1871 0.2487 0.1184 0.2681 
         185  1 0.0307 0.1956 0.1969 0.1891 0.2090 0.1788 
         186  1 0.0145 0.2275 0.1925 0.1664 0.2345 0.1647 
         187  1 0.0166 0.2586 0.1823 0.1496 0.2305 0.1624 
         188  1 0.0234 0.2527 0.1939 0.1749 0.2015 0.1535 
         189  1 0.0183 0.0910 0.1854 0.2540 0.0892 0.3620 
         190  1 0.0166 0.1678 0.1875 0.2344 0.1531 0.2406 
         191  1 0.0311 0.1501 0.2279 0.2405 0.1916 0.1589 
         192  1 0.0134 0.1622 0.2099 0.2355 0.1594 0.2196 
         193  1 0.0726 0.2587 0.1762 0.1510 0.2076 0.1340 
         194  1 0.0258 0.1485 0.1983 0.2338 0.1490 0.2447 
         195  1 0.0360 0.1353 0.1848 0.2088 0.1316 0.3036 
         196  1 0.1263 0.2313 0.1621 0.1414 0.2009 0.1380 
         197  1 0.0070 0.0922 0.1893 0.2652 0.1008 0.3455 
         198  1 0.0104 0.1285 0.2040 0.2677 0.1217 0.2676 
         199  1 0.0114 0.1422 0.2147 0.2624 0.1466 0.2227 
         200  1 0.0125 0.2656 0.1813 0.1992 0.1917 0.1496 
         201  1 0.0141 0.1976 0.2027 0.2033 0.2168 0.1655 
         202  1 0.0876 0.2591 0.1820 0.1619 0.1946 0.1148 
         203  1 0.0180 0.1736 0.2317 0.2450 0.2205 0.1111 
         204  1 0.0254 0.1811 0.1906 0.2351 0.2056 0.1621 
         205  1 0.0081 0.1825 0.1894 0.1550 0.2309 0.2343 
         206  1 0.0118 0.1941 0.1941 0.1830 0.2195 0.1974 
         207  1 0.0171 0.1916 0.1808 0.1990 0.1764 0.2351 
         208  1 0.0436 0.2233 0.2037 0.2219 0.2097 0.0978 
         209  1 0.0108 0.2691 0.1894 0.1591 0.2449 0.1266 
         210  1 0.0085 0.1807 0.2278 0.2270 0.2011 0.1549 
         211  1 0.0082 0.1200 0.1934 0.2267 0.1153 0.3363 
         212  1 0.0178 0.1922 0.1952 0.1958 0.2329 0.1660 
         213  1 0.0560 0.2269 0.1846 0.1679 0.2229 0.1418 
         214  1 0.0106 0.2191 0.1882 0.1580 0.2188 0.2054 
         215  1 0.0178 0.2412 0.1898 0.1566 0.2320 0.1626 
         216  1 0.0304 0.1520 0.1757 0.2088 0.1426 0.2905 
         217  1 0.0274 0.2630 0.1853 0.1872 0.2236 0.1135 
         218  1 0.0243 0.1886 0.1930 0.2045 0.2314 0.1582 
         219  1 0.0083 0.1645 0.2373 0.2780 0.2022 0.1098 
         220  1 0.0257 0.2852 0.1813 0.1313 0.2541 0.1224 
         221  1 0.0072 0.1621 0.1898 0.1930 0.1881 0.2598 
         222  1 0.0061 0.1968 0.2001 0.1325 0.2570 0.2074 
         223  1 0.0237 0.1698 0.1944 0.2301 0.1748 0.2072 
         224  1 0.0080 0.1157 0.1799 0.2419 0.1133 0.3411 
         225  1 0.0065 0.1218 0.2029 0.2719 0.1540 0.2428 
         226  1 0.0113 0.2158 0.2130 0.1658 0.2483 0.1458 
         227  1 0.0098 0.2437 0.1766 0.1179 0.2692 0.1829 
         228  1 0.0385 0.2085 0.1852 0.1526 0.2478 0.1674 
         229  1 0.0083 0.0956 0.1983 0.2581 0.0789 0.3608 
         230  1 0.0183 0.2845 0.1855 0.1278 0.2491 0.1349 
         231  1 0.0210 0.2821 0.1831 0.1479 0.2313 0.1347 
         232  1 0.0077 0.1792 0.2073 0.1222 0.2564 0.2273 
         233  1 0.0193 0.1943 0.2060 0.1928 0.1935 0.1941 
         234  1 0.0102 0.1951 0.2025 0.2181 0.1735 0.2008 
         235  1 0.0185 0.1998 0.2215 0.1603 0.2492 0.1506 
         236  1 0.0540 0.1888 0.2131 0.2170 0.2012 0.1259 
         237  1 0.0070 0.2137 0.1899 0.1444 0.2305 0.2145 
         238  1 0.0226 0.2085 0.1935 0.2057 0.1703 0.1993 
         239  1 0.1000 0.2444 0.1650 0.1789 0.2085 0.1033 
         240  1 0.0069 0.1250 0.2078 0.2469 0.1376 0.2758 
         241  1 0.0072 0.1224 0.2084 0.2451 0.1387 0.2781 
         242  1 0.0238 0.2601 0.1751 0.1715 0.2200 0.1495 
         243  1 0.0137 0.1287 0.2049 0.2006 0.1559 0.2962 
         244  1 0.0361 0.1771 0.2143 0.2384 0.1673 0.1668 
         245  1 0.0078 0.1585 0.2111 0.2781 0.1953 0.1492 
         246  1 0.1210 0.2410 0.1698 0.1747 0.1990 0.0945 
         247  1 0.0149 0.2560 0.2031 0.1833 0.2240 0.1187 
         248  1 0.0364 0.1795 0.2039 0.2354 0.1624 0.1824 
         249  1 0.0263 0.3003 0.1686 0.1257 0.2530 0.1261 
         250  1 0.0128 0.2650 0.1858 0.1793 0.2262 0.1310 
         251  1 0.0099 0.1332 0.2108 0.2177 0.1194 0.3090 
         252  1 0.4477 0.1304 0.1106 0.0969 0.1134 0.1010 
         253  1 0.0519 0.1064 0.1807 0.2179 0.0953 0.3478 
         254  1 0.0080 0.2165 0.2034 0.2082 0.2008 0.1630 
         255  1 0.0174 0.1424 0.1824 0.2631 0.1616 0.2331 
         256  1 0.0100 0.1510 0.2014 0.1989 0.1754 0.2633 
         257  1 0.0079 0.1697 0.2107 0.1469 0.2506 0.2142 
         258  1 0.0136 0.1922 0.2032 0.2122 0.1779 0.2009 
         259  1 0.0334 0.1281 0.1995 0.2437 0.1310 0.2644 
         260  1 0.0098 0.1646 0.2119 0.2085 0.1828 0.2223 
         261  1 0.0230 0.2237 0.1839 0.1242 0.2845 0.1608 
         262  1 0.0402 0.2057 0.1827 0.1253 0.2425 0.2036 
         263  1 0.0313 0.2054 0.2021 0.1715 0.2157 0.1739 
         264  1 0.0212 0.1590 0.2077 0.2225 0.1621 0.2274 
         265  1 0.0139 0.1547 0.2061 0.2191 0.1677 0.2384 
         266  1 0.0115 0.1170 0.1990 0.3169 0.1534 0.2022 
         267  1 0.0628 0.1857 0.2141 0.2114 0.2082 0.1177 
         268  1 0.0123 0.2063 0.2046 0.2060 0.2150 0.1558 
         269  1 0.0110 0.1765 0.1953 0.2261 0.1552 0.2359 
         270  1 0.0063 0.1458 0.1949 0.2399 0.1955 0.2176 
         271  1 0.0120 0.1282 0.1969 0.3186 0.1500 0.1944 
         272  1 0.0256 0.1102 0.1856 0.2374 0.0836 0.3575 
         273  1 0.0211 0.2057 0.1741 0.1753 0.1831 0.2407 
         274  1 0.0327 0.2732 0.1722 0.1263 0.2457 0.1498 
         275  1 0.0105 0.2378 0.1950 0.1806 0.2419 0.1343 
         276  1 0.0143 0.1970 0.2000 0.1523 0.2446 0.1917 
         277  1 0.0069 0.0826 0.1927 0.2722 0.0692 0.3764 
         278  1 0.0083 0.0632 0.1799 0.2699 0.0458 0.4328 
         279  1 0.0209 0.1469 0.2084 0.2703 0.1532 0.2003 
         280  1 0.0109 0.1783 0.1988 0.1864 0.2185 0.2071 
         281  1 0.0216 0.1437 0.2077 0.2681 0.1580 0.2009 
         282  1 0.0180 0.1296 0.2004 0.2127 0.1324 0.3070 
         283  1 0.0141 0.1203 0.2025 0.2196 0.1191 0.3244 
         284  1 0.0081 0.1503 0.1919 0.2327 0.1552 0.2617 
         285  1 0.0154 0.2592 0.2078 0.1667 0.2338 0.1172 
         286  1 0.0184 0.2791 0.1887 0.1481 0.2385 0.1272 
         287  1 0.0101 0.1431 0.1845 0.1899 0.1685 0.3038 
         288  1 0.0171 0.1663 0.1789 0.2322 0.1727 0.2328 
         289  1 0.0169 0.1646 0.1824 0.2064 0.1628 0.2668 
         290  1 0.0204 0.0844 0.1901 0.2716 0.0647 0.3688 
         291  1 0.0277 0.1419 0.2316 0.2689 0.1985 0.1314 
         292  1 0.0089 0.1697 0.1943 0.2094 0.1791 0.2386 
         293  1 0.0085 0.2430 0.1977 0.1714 0.2411 0.1383 
         294  1 0.0249 0.1022 0.1912 0.2382 0.0922 0.3513 
         295  1 0.0187 0.1526 0.2047 0.2252 0.1726 0.2263 
         296  1 0.0244 0.2007 0.2071 0.1693 0.2255 0.1730 
         297  1 0.0913 0.1863 0.2081 0.1776 0.2152 0.1216 
         298  1 0.0165 0.2116 0.2212 0.1564 0.2494 0.1449 
         299  1 0.0059 0.2019 0.2113 0.1203 0.2770 0.1836 
         300  1 0.0279 0.2328 0.1954 0.1778 0.1942 0.1719 
         301  1 0.0213 0.2560 0.1998 0.1758 0.1875 0.1596 
         302  1 0.0134 0.1698 0.2096 0.1279 0.2496 0.2298 
         303  1 0.0440 0.2559 0.1833 0.1754 0.2157 0.1256 
         304  1 0.0128 0.1211 0.1903 0.2306 0.1213 0.3238 
         305  1 0.0086 0.0994 0.1867 0.2376 0.0908 0.3770 
         306  1 0.0112 0.2076 0.1878 0.1570 0.2329 0.2034 
         307  1 0.0185 0.2903 0.1825 0.1580 0.2252 0.1255 
         308  1 0.0169 0.2745 0.1851 0.1777 0.1659 0.1799 
         309  1 0.0109 0.1038 0.1914 0.2557 0.0769 0.3612 
         310  1 0.0133 0.1889 0.2156 0.2186 0.1878 0.1757 
         311  1 0.0240 0.2572 0.1878 0.1367 0.2468 0.1475 
         312  1 0.0203 0.3207 0.1583 0.1217 0.2547 0.1243 
         313  1 0.0176 0.1565 0.1864 0.2513 0.1487 0.2394 
         314  1 0.0087 0.2106 0.1900 0.1817 0.2485 0.1604 
         315  1 0.0607 0.2184 0.1874 0.1451 0.2136 0.1748 
         316  1 0.0523 0.3030 0.1625 0.1451 0.2297 0.1075 
         317  1 0.0630 0.2165 0.1836 0.1889 0.2145 0.1334 
         318  1 0.0110 0.1494 0.1963 0.2685 0.2143 0.1604 
         319  1 0.0096 0.1036 0.1857 0.2614 0.0954 0.3443 
         320  1 0.0069 0.1913 0.2049 0.1963 0.2057 0.1949 
         321  1 0.0138 0.1879 0.1988 0.2075 0.2068 0.1853 
         322  1 0.0279 0.1114 0.1983 0.2585 0.1134 0.2906 
         323  1 0.0142 0.1256 0.1792 0.2239 0.1251 0.3320 
         324  1 0.0127 0.2818 0.2004 0.1884 0.2107 0.1061 
         325  1 0.0061 0.1656 0.2012 0.1531 0.2242 0.2499 
         326  1 0.0078 0.2058 0.1920 0.2185 0.1562 0.2197 
         327  1 0.0249 0.2677 0.1846 0.1829 0.2174 0.1225 
         328  1 0.0751 0.2015 0.1701 0.2376 0.2037 0.1120 
         329  1 0.0090 0.1863 0.2135 0.2128 0.1308 0.2477 
         330  1 0.0310 0.1624 0.1979 0.2498 0.1754 0.1835 
         331  1 0.0150 0.1625 0.1969 0.2049 0.1653 0.2553 
         332  1 0.0218 0.1333 0.2068 0.2673 0.1701 0.2007 
         333  1 0.0195 0.2190 0.2077 0.2073 0.2081 0.1384 
         334  1 0.1059 0.1215 0.2238 0.2531 0.1715 0.1242 
         335  1 0.0076 0.1351 0.2161 0.2908 0.1806 0.1699 
         336  1 0.0117 0.1308 0.2063 0.2029 0.1445 0.3037 
         337  1 0.0359 0.1464 0.1973 0.2075 0.1639 0.2490 
         338  1 0.0318 0.1342 0.1764 0.2061 0.1377 0.3139 
         339  1 0.0956 0.1618 0.1729 0.1663 0.1653 0.2382 
         340  1 0.0148 0.1584 0.2123 0.2289 0.2254 0.1601 
         341  1 0.0149 0.1397 0.2021 0.2648 0.2003 0.1782 
         342  1 0.3426 0.1947 0.1240 0.0870 0.1668 0.0848 
         343  1 0.0262 0.1772 0.2281 0.1759 0.2222 0.1706 
         344  1 0.0213 0.1735 0.1979 0.2149 0.2004 0.1919 
         345  1 0.0349 0.1482 0.1876 0.1887 0.1791 0.2615 
         346  1 0.0164 0.1520 0.2220 0.2740 0.1974 0.1382 
         347  1 0.0451 0.2549 0.1663 0.1416 0.2165 0.1757 
         348  1 0.0055 0.2324 0.1981 0.1079 0.2654 0.1906 
         349  1 0.1563 0.1987 0.1508 0.1274 0.2056 0.1611 
         350  1 0.0168 0.1995 0.1953 0.1513 0.2545 0.1826 
         351  1 0.0108 0.1528 0.2040 0.2387 0.2140 0.1797 
         352  1 0.0065 0.1633 0.1967 0.1997 0.1711 0.2626 
         353  1 0.0077 0.1487 0.2027 0.2911 0.1635 0.1862 
         354  1 0.0120 0.2473 0.1928 0.1477 0.2332 0.1671 
         355  1 0.0171 0.2619 0.1882 0.1131 0.2777 0.1421 
         356  1 0.0427 0.2490 0.1784 0.1837 0.2422 0.1041 
         357  1 0.0110 0.2406 0.2010 0.2034 0.2167 0.1274 
         358  1 0.0071 0.1820 0.2200 0.1494 0.2654 0.1760 
         359  1 0.1851 0.1874 0.1631 0.1772 0.1690 0.1183 
         360  1 0.0172 0.2018 0.2044 0.2109 0.2252 0.1405 
         361  1 0.1177 0.2291 0.1758 0.1295 0.2126 0.1353 
         362  1 0.0250 0.2775 0.1691 0.1399 0.2264 0.1621 
         363  1 0.0078 0.2129 0.2015 0.1608 0.2700 0.1469 
         364  1 0.0486 0.1497 0.2006 0.1939 0.1617 0.2455 
         365  1 0.1181 0.1617 0.1879 0.2091 0.1792 0.1441 
         366  1 0.0205 0.2198 0.2012 0.1692 0.2323 0.1570 
         367  1 0.0176 0.1356 0.1812 0.2172 0.1403 0.3081 
         368  1 0.0128 0.1064 0.2031 0.2585 0.1034 0.3158 
         369  1 0.0080 0.2462 0.1905 0.1631 0.2281 0.1641 
         370  1 0.0093 0.1635 0.1944 0.2417 0.1661 0.2250 
         371  1 0.0110 0.1519 0.1986 0.2766 0.2028 0.1590 
         372  1 0.0761 0.2704 0.1625 0.1233 0.2204 0.1474 
         373  1 0.0669 0.3143 0.1712 0.1442 0.1778 0.1256 
         374  1 0.0630 0.1510 0.1896 0.2336 0.1398 0.2230 
         375  1 0.0192 0.2218 0.1920 0.1884 0.1954 0.1833 
         376  1 0.0088 0.1534 0.2011 0.1805 0.2050 0.2512 
         377  1 0.0212 0.2018 0.2017 0.1222 0.2547 0.1984 
         378  1 0.0180 0.2128 0.2061 0.1929 0.1746 0.1956 
         379  1 0.0200 0.2938 0.1755 0.1056 0.2556 0.1496 
         380  1 0.0099 0.1292 0.1890 0.2954 0.1430 0.2335 
         381  1 0.0160 0.1794 0.1944 0.2471 0.1931 0.1700 
         382  1 0.0116 0.1709 0.2056 0.2513 0.1914 0.1692 
         383  1 0.0120 0.2284 0.1907 0.1858 0.2331 0.1500 
         384  1 0.0127 0.2211 0.2088 0.1379 0.2281 0.1914 
         385  1 0.0161 0.2484 0.1900 0.1761 0.1978 0.1716 
         386  1 0.0185 0.2098 0.1984 0.1742 0.2305 0.1686 
         387  1 0.0191 0.1523 0.2035 0.1872 0.1756 0.2623 
         388  1 0.0589 0.1457 0.2058 0.2764 0.2070 0.1063 
         389  1 0.0075 0.2400 0.2019 0.1574 0.2346 0.1586 
         390  1 0.0102 0.1255 0.2191 0.2518 0.1694 0.2239 
         391  1 0.0155 0.1240 0.1960 0.2906 0.1553 0.2186 
         392  1 0.0216 0.2132 0.1970 0.1694 0.1944 0.2045 
         393  1 0.0122 0.1792 0.1983 0.1786 0.2245 0.2072 
         394  1 0.0248 0.1893 0.1936 0.1486 0.2404 0.2034 
         395  1 0.1596 0.1612 0.1542 0.1642 0.1540 0.2068 
         396  1 0.0067 0.2250 0.2088 0.1639 0.2389 0.1567 
         397  1 0.0208 0.1916 0.2036 0.2499 0.2099 0.1241 
         398  1 0.0186 0.1265 0.2019 0.2203 0.1402 0.2925 
         399  1 0.0124 0.1767 0.2016 0.1215 0.2455 0.2423 
         400  1 0.0285 0.2182 0.2049 0.1484 0.2334 0.1667 
         401  1 0.0131 0.2042 0.1813 0.1771 0.2055 0.2188 
         402  1 0.1303 0.1543 0.2131 0.2314 0.1713 0.0997 
         403  1 0.0238 0.1620 0.2298 0.2688 0.2116 0.1041 
         404  1 0.6906 0.0714 0.0633 0.0544 0.0648 0.0555 
         405  1 0.0446 0.1607 0.1755 0.1957 0.2416 0.1819 
         406  1 0.0657 0.2687 0.1834 0.1673 0.2218 0.0931 
         407  1 0.5636 0.1291 0.0824 0.0599 0.0966 0.0684 
         408  1 0.0153 0.1470 0.1967 0.2240 0.1552 0.2618 
         409  1 0.1192 0.1269 0.1692 0.2271 0.0747 0.2830 
         410  1 0.0120 0.1661 0.2035 0.1215 0.2511 0.2458 
         411  1 0.0127 0.2474 0.1786 0.1567 0.2403 0.1643 
         412  1 0.0262 0.1269 0.2070 0.2114 0.1211 0.3075 
         413  1 0.0944 0.2496 0.1855 0.1560 0.1823 0.1322 
         414  1 0.0254 0.1875 0.1795 0.2337 0.1997 0.1743 
         415  1 0.0096 0.1112 0.1993 0.2622 0.1197 0.2979 
         416  1 0.0084 0.1635 0.2223 0.1680 0.2646 0.1732 
         417  1 0.0140 0.2698 0.1909 0.0949 0.2694 0.1611 
         418  1 0.0111 0.2980 0.1808 0.1135 0.2663 0.1302 
         419  1 0.0491 0.1667 0.1848 0.2217 0.1078 0.2699 
         420  1 0.0542 0.1648 0.2078 0.2144 0.1948 0.1641 
         421  1 0.0095 0.3034 0.1787 0.1356 0.2557 0.1171 
         422  1 0.0098 0.2076 0.1986 0.1131 0.2769 0.1940 
         423  1 0.0202 0.1515 0.2185 0.2537 0.1891 0.1670 
         424  1 0.0076 0.2097 0.1970 0.1520 0.2326 0.2012 
         425  1 0.0126 0.1782 0.1964 0.1688 0.2581 0.1859 
         426  1 0.0386 0.1870 0.1917 0.2374 0.1927 0.1526 
         427  1 0.0209 0.2160 0.1852 0.1341 0.2557 0.1881 
         428  1 0.0267 0.1992 0.2104 0.2413 0.1915 0.1309 
         429  1 0.0149 0.1834 0.2118 0.1753 0.2440 0.1707 
         430  1 0.0109 0.2127 0.1907 0.2231 0.1768 0.1859 
         431  1 0.0131 0.3367 0.1493 0.0847 0.2816 0.1346 
         432  1 0.4801 0.1168 0.1158 0.0944 0.1203 0.0726 
         433  1 0.0473 0.1673 0.2004 0.1936 0.2101 0.1812 
         434  1 0.0188 0.2399 0.1842 0.1581 0.1880 0.2110 
         435  1 0.0167 0.2118 0.2143 0.1972 0.2316 0.1285 
         436  1 0.0212 0.1882 0.1916 0.1325 0.2633 0.2033 
         437  1 0.0086 0.2447 0.1875 0.1414 0.2527 0.1651 
         438  1 0.0120 0.2469 0.1983 0.1334 0.2625 0.1469 
         439  1 0.4399 0.1215 0.1228 0.1173 0.1125 0.0860 
         440  1 0.0570 0.2656 0.1736 0.1314 0.2518 0.1206 
         441  1 0.0213 0.2162 0.2001 0.1878 0.1916 0.1831 
         442  1 0.0121 0.0934 0.1949 0.2622 0.0778 0.3597 
         443  1 0.0387 0.2271 0.1771 0.2086 0.1331 0.2153 
         444  1 0.0322 0.2092 0.2117 0.2160 0.2092 0.1216 
         445  1 0.1242 0.2604 0.1440 0.0973 0.2174 0.1568 
         446  1 0.0985 0.2186 0.1807 0.1396 0.1878 0.1748 
         447  1 0.0228 0.2680 0.2103 0.1586 0.2067 0.1334 
         448  1 0.1050 0.2155 0.1909 0.1300 0.1978 0.1609 
         449  1 0.0970 0.2575 0.1930 0.1625 0.1388 0.1512 
         450  1 0.0589 0.3209 0.1726 0.1591 0.1852 0.1032 
         451  1 0.0183 0.1059 0.1976 0.2662 0.0654 0.3466 
         452  1 0.0512 0.2190 0.1891 0.1378 0.2402 0.1627 
         453  1 0.1027 0.2323 0.1786 0.1048 0.2307 0.1509 
         454  1 0.1290 0.2360 0.1639 0.1729 0.1505 0.1476 
         455  1 0.1008 0.2350 0.1884 0.1671 0.1589 0.1499 
         456  1 0.1441 0.2239 0.1719 0.1625 0.1576 0.1401 
         457  1 0.0828 0.2567 0.1694 0.1092 0.2478 0.1341 
         458  1 0.0674 0.2689 0.1818 0.1863 0.1924 0.1032 
         459  1 0.0120 0.1921 0.1984 0.1988 0.1482 0.2505 
         460  1 0.0110 0.0927 0.1963 0.2603 0.0659 0.3737 
         461  1 0.1056 0.2800 0.1610 0.1009 0.2313 0.1212 
         462  1 0.9520 0.0097 0.0100 0.0095 0.0097 0.0092 
         463  1 0.9441 0.0124 0.0110 0.0104 0.0125 0.0096 
         464  1 0.8976 0.0221 0.0201 0.0222 0.0209 0.0172 
         465  1 0.1887 0.2917 0.1268 0.1013 0.2018 0.0897 
         466  1 0.8562 0.0335 0.0288 0.0230 0.0340 0.0244 
         467  1 0.3023 0.1646 0.1446 0.1320 0.1395 0.1169 
         468  1 0.2917 0.1376 0.1400 0.1707 0.1454 0.1145 
         469  1 0.1562 0.2669 0.1502 0.1254 0.2060 0.0953 
         470  1 0.6896 0.0792 0.0589 0.0499 0.0740 0.0484 
         471  1 0.2834 0.2064 0.1318 0.1357 0.1499 0.0928 
         472  1 0.2527 0.1750 0.1635 0.1389 0.1762 0.0937 
         473  1 0.1989 0.2358 0.1504 0.1100 0.1738 0.1310 
         474  1 0.9167 0.0165 0.0173 0.0165 0.0158 0.0171 
         475  1 0.6059 0.1301 0.0676 0.0453 0.0996 0.0514 
         476  1 0.8726 0.0268 0.0269 0.0244 0.0239 0.0255 
         477  1 0.8881 0.0233 0.0225 0.0208 0.0207 0.0246 
         478  1 0.2898 0.1548 0.1351 0.1161 0.1532 0.1510 
         479  1 0.9081 0.0182 0.0184 0.0177 0.0189 0.0188 
         480  1 0.9197 0.0183 0.0153 0.0156 0.0165 0.0145 
         481  1 0.8707 0.0326 0.0277 0.0251 0.0254 0.0184 
         482  1 0.9577 0.0084 0.0084 0.0086 0.0082 0.0087 
         483  1 0.8730 0.0331 0.0250 0.0265 0.0226 0.0198 
         484  1 0.0781 0.2330 0.1977 0.1631 0.2153 0.1128 
         485  1 0.6601 0.0918 0.0747 0.0602 0.0696 0.0436 
         486  1 0.7999 0.0504 0.0382 0.0335 0.0388 0.0391 
         487  1 0.9512 0.0107 0.0095 0.0098 0.0095 0.0093 
         488  1 0.8716 0.0293 0.0268 0.0210 0.0259 0.0254 
         489  1 0.4500 0.1678 0.0988 0.0766 0.1269 0.0799 
         490  1 0.2244 0.1486 0.1731 0.1693 0.1731 0.1114 
         491  1 0.9035 0.0228 0.0187 0.0186 0.0194 0.0170 
         492  1 0.7141 0.0825 0.0529 0.0427 0.0661 0.0416 
         493  1 0.9346 0.0143 0.0128 0.0132 0.0129 0.0122 
         494  1 0.9587 0.0085 0.0080 0.0086 0.0081 0.0081 
         495  1 0.9608 0.0078 0.0079 0.0082 0.0079 0.0073 
         496  1 0.8755 0.0275 0.0242 0.0276 0.0235 0.0216 
         497  1 0.0595 0.2085 0.1789 0.1976 0.1538 0.2018 
         498  1 0.3573 0.1624 0.1396 0.1184 0.1142 0.1081 
         499  1 0.9226 0.0155 0.0145 0.0152 0.0159 0.0162 
         500  1 0.4601 0.1618 0.1058 0.0935 0.0871 0.0917 
         501  1 0.9449 0.0122 0.0118 0.0113 0.0106 0.0091 
         502  1 0.9326 0.0134 0.0134 0.0135 0.0131 0.0139 
         503  1 0.9506 0.0113 0.0094 0.0090 0.0102 0.0095 
         504  1 0.9167 0.0170 0.0188 0.0151 0.0171 0.0152 
         505  1 0.7145 0.0611 0.0550 0.0592 0.0582 0.0520 
         506  1 0.7858 0.0479 0.0379 0.0444 0.0397 0.0442 
         507  1 0.8979 0.0233 0.0220 0.0189 0.0178 0.0200 
         508  1 0.5685 0.1123 0.0821 0.0672 0.1002 0.0696 
         509  1 0.9635 0.0074 0.0073 0.0074 0.0076 0.0067 
         510  1 0.9204 0.0156 0.0160 0.0166 0.0161 0.0153 
         511  1 0.9468 0.0104 0.0116 0.0107 0.0103 0.0104 
         512  1 0.8712 0.0329 0.0297 0.0251 0.0242 0.0169 
         513  1 0.0561 0.1905 0.1908 0.2299 0.1960 0.1366 
         514  1 0.9443 0.0104 0.0108 0.0124 0.0101 0.0120 
         515  1 0.7393 0.0699 0.0513 0.0348 0.0648 0.0400 
         516  1 0.4116 0.1173 0.1230 0.1270 0.1273 0.0938 
         517  1 0.9246 0.0167 0.0139 0.0153 0.0146 0.0148 
         518  1 0.9538 0.0098 0.0095 0.0090 0.0088 0.0092 
         519  1 0.9160 0.0177 0.0160 0.0169 0.0149 0.0185 
         520  1 0.8509 0.0316 0.0294 0.0305 0.0302 0.0275 
         521  1 0.9464 0.0110 0.0103 0.0104 0.0109 0.0110 
         522  1 0.9569 0.0094 0.0087 0.0083 0.0085 0.0082 
         523  1 0.4769 0.0819 0.1050 0.1146 0.1127 0.1090 
         524  1 0.8378 0.0476 0.0295 0.0310 0.0300 0.0241 
         525  1 0.8827 0.0233 0.0216 0.0233 0.0237 0.0254 
         526  1 0.8890 0.0225 0.0227 0.0213 0.0224 0.0221 
         527  1 0.8427 0.0365 0.0306 0.0235 0.0384 0.0283 
         528  1 0.8651 0.0327 0.0247 0.0222 0.0304 0.0249 
         529  1 0.6181 0.1008 0.0822 0.0614 0.0832 0.0543 
         530  1 0.9536 0.0094 0.0094 0.0094 0.0091 0.0091 
         531  1 0.8730 0.0272 0.0272 0.0237 0.0232 0.0257 
         532  1 0.9193 0.0163 0.0166 0.0168 0.0157 0.0153 
         533  1 0.9336 0.0140 0.0131 0.0121 0.0138 0.0133 
         534  1 0.8902 0.0251 0.0222 0.0197 0.0230 0.0198 
         535  1 0.9287 0.0149 0.0145 0.0145 0.0135 0.0139 
         536  1 0.9639 0.0079 0.0073 0.0068 0.0075 0.0066 
         537  1 0.9529 0.0090 0.0099 0.0097 0.0089 0.0095 
         538  1 0.9617 0.0078 0.0079 0.0080 0.0072 0.0076 
         539  1 0.9675 0.0064 0.0067 0.0064 0.0064 0.0065 
         540  1 0.8808 0.0239 0.0226 0.0262 0.0219 0.0246 
         541  1 0.1274 0.2336 0.1914 0.1710 0.1908 0.0858 
         542  1 0.9420 0.0126 0.0120 0.0116 0.0108 0.0110 
         543  1 0.8382 0.0350 0.0327 0.0335 0.0302 0.0304 
         544  1 0.9137 0.0175 0.0171 0.0170 0.0173 0.0175 
         545  1 0.9636 0.0077 0.0075 0.0068 0.0070 0.0073 
         546  1 0.5071 0.1090 0.1057 0.0997 0.0846 0.0938 
         547  1 0.7842 0.0466 0.0487 0.0430 0.0394 0.0381 
         548  1 0.9227 0.0158 0.0167 0.0152 0.0150 0.0146 
         549  1 0.9246 0.0142 0.0158 0.0160 0.0140 0.0154 
         550  1 0.9572 0.0089 0.0086 0.0088 0.0084 0.0081 
         551  1 0.0841 0.1646 0.2157 0.2290 0.1894 0.1172 
         552  1 0.9098 0.0223 0.0208 0.0165 0.0164 0.0143 
         553  1 0.4432 0.1468 0.1111 0.1048 0.1012 0.0929 
         554  1 0.7583 0.0625 0.0442 0.0410 0.0545 0.0395 
         555  1 0.9544 0.0094 0.0096 0.0094 0.0090 0.0082 
         556  1 0.8494 0.0366 0.0293 0.0231 0.0360 0.0257 
         557  1 0.9622 0.0080 0.0075 0.0074 0.0078 0.0073 
         558  1 0.7735 0.0496 0.0439 0.0410 0.0518 0.0403 
         559  1 0.5080 0.1076 0.1014 0.0950 0.1101 0.0780 
         560  1 0.8362 0.0359 0.0342 0.0264 0.0376 0.0297 
         561  1 0.7851 0.0527 0.0389 0.0333 0.0479 0.0421 
         562  1 0.9663 0.0069 0.0066 0.0067 0.0070 0.0065 
         563  1 0.9345 0.0135 0.0134 0.0131 0.0146 0.0108 
         564  1 0.9321 0.0152 0.0134 0.0146 0.0124 0.0124 
         565  1 0.7926 0.0603 0.0425 0.0376 0.0402 0.0268 
         566  1 0.2433 0.2283 0.1489 0.1201 0.1603 0.0991 
         567  1 0.9278 0.0142 0.0136 0.0146 0.0148 0.0150 
         568  1 0.7977 0.0438 0.0410 0.0377 0.0451 0.0347 
         569  1 0.9262 0.0148 0.0155 0.0153 0.0144 0.0139 
         570  1 0.2764 0.0710 0.1407 0.1873 0.0517 0.2729 
         571  1 0.2838 0.2071 0.1383 0.0910 0.1751 0.1048 
         572  1 0.8542 0.0362 0.0270 0.0248 0.0317 0.0262 
         573  1 0.0100 0.2155 0.1958 0.1930 0.2300 0.1558 
         574  1 0.0837 0.2487 0.1758 0.1595 0.2197 0.1125 
         575  1 0.0544 0.2266 0.2038 0.2027 0.2124 0.1000 
         576  1 0.0269 0.1745 0.1829 0.2050 0.2446 0.1662 
         577  1 0.0153 0.1966 0.2184 0.1403 0.2474 0.1821 
         578  1 0.1402 0.2970 0.1538 0.1361 0.1891 0.0838 
         579  1 0.8382 0.0325 0.0323 0.0254 0.0386 0.0330 
         580  1 0.5141 0.1388 0.0887 0.0893 0.1040 0.0652 
         581  1 0.9438 0.0113 0.0107 0.0124 0.0107 0.0111 
         582  1 0.0258 0.1212 0.1896 0.2449 0.0851 0.3334 
         583  1 0.9239 0.0165 0.0157 0.0156 0.0143 0.0140 
         584  1 0.5506 0.1205 0.0915 0.0784 0.0810 0.0781 
         585  1 0.4243 0.1420 0.1109 0.1105 0.1195 0.0928 
         586  1 0.9305 0.0157 0.0134 0.0155 0.0130 0.0119 
         587  1 0.9024 0.0169 0.0190 0.0235 0.0147 0.0236 
         588  1 0.9415 0.0119 0.0119 0.0118 0.0105 0.0123 
         589  1 0.6956 0.0672 0.0613 0.0492 0.0591 0.0676 
         590  1 0.9345 0.0116 0.0136 0.0136 0.0111 0.0156 
         591  1 0.9302 0.0150 0.0145 0.0113 0.0161 0.0130 
         592  1 0.7189 0.0822 0.0527 0.0520 0.0529 0.0412 
         593  1 0.9403 0.0127 0.0117 0.0114 0.0122 0.0118 
         594  1 0.2449 0.2074 0.1551 0.1008 0.1754 0.1163 
         595  1 0.7425 0.0580 0.0510 0.0480 0.0530 0.0476 
         596  1 0.9657 0.0073 0.0068 0.0068 0.0068 0.0066 
         597  1 0.9273 0.0185 0.0131 0.0139 0.0151 0.0121 
         598  1 0.5203 0.0854 0.0918 0.0933 0.0802 0.1290 
         599  1 0.9576 0.0085 0.0088 0.0082 0.0086 0.0083 
         600  1 0.9314 0.0132 0.0156 0.0152 0.0133 0.0113 
         601  1 0.9564 0.0087 0.0088 0.0094 0.0086 0.0081 
         602  1 0.7086 0.0798 0.0581 0.0443 0.0583 0.0510 
         603  1 0.8347 0.0394 0.0334 0.0302 0.0371 0.0251 
         604  1 0.4514 0.0747 0.1026 0.1198 0.0826 0.1689 
         605  1 0.8634 0.0314 0.0267 0.0255 0.0279 0.0252 
         606  1 0.8296 0.0322 0.0299 0.0382 0.0274 0.0427 
         607  1 0.9648 0.0072 0.0067 0.0069 0.0074 0.0069 
         608  1 0.4641 0.1454 0.1175 0.0911 0.1114 0.0705 
         609  1 0.8747 0.0293 0.0234 0.0239 0.0258 0.0229 
         610  1 0.8937 0.0241 0.0208 0.0197 0.0220 0.0197 
         611  1 0.6632 0.0860 0.0639 0.0538 0.0740 0.0590 
         612  1 0.0607 0.3372 0.1571 0.1301 0.2220 0.0929 
         613  1 0.9477 0.0115 0.0106 0.0109 0.0100 0.0094 
         614  1 0.9532 0.0096 0.0092 0.0096 0.0098 0.0086 
         615  1 0.9499 0.0106 0.0103 0.0098 0.0106 0.0088 
         616  1 0.7399 0.0811 0.0509 0.0498 0.0486 0.0298 
         617  1 0.9144 0.0158 0.0175 0.0202 0.0142 0.0179 
         618  1 0.7210 0.0842 0.0523 0.0406 0.0604 0.0415 
         619  1 0.9268 0.0151 0.0152 0.0137 0.0133 0.0159 
         620  1 0.9031 0.0233 0.0181 0.0177 0.0205 0.0174 
         621  1 0.0524 0.1285 0.1907 0.2080 0.1223 0.2980 
         622  1 0.9285 0.0178 0.0130 0.0132 0.0137 0.0138 
         623  1 0.8800 0.0245 0.0250 0.0227 0.0228 0.0249 
