           1  1 0.0402 0.4920 0.0415 0.2339 0.0309 0.0387 0.0434 0.0387 0.0407 
           2  1 0.0258 0.0645 0.0180 0.7331 0.0573 0.0175 0.0244 0.0159 0.0435 
           3  1 0.0273 0.3030 0.0268 0.5160 0.0211 0.0268 0.0255 0.0245 0.0290 
           4  1 0.0350 0.5976 0.0316 0.1528 0.0507 0.0189 0.0372 0.0224 0.0537 
           5  1 0.0212 0.5810 0.0201 0.2836 0.0165 0.0194 0.0213 0.0180 0.0190 
           6  1 0.0204 0.5680 0.0180 0.3009 0.0159 0.0191 0.0194 0.0179 0.0204 
           7  1 0.0244 0.0172 0.0170 0.7939 0.0487 0.0155 0.0238 0.0164 0.0430 
           8  1 0.0223 0.1721 0.0216 0.6798 0.0197 0.0197 0.0223 0.0201 0.0225 
           9  1 0.0190 0.8386 0.0234 0.0246 0.0156 0.0204 0.0228 0.0184 0.0173 
          10  1 0.0132 0.0496 0.0113 0.8632 0.0127 0.0125 0.0115 0.0134 0.0126 
          11  1 0.0234 0.0426 0.0189 0.8205 0.0160 0.0173 0.0213 0.0192 0.0207 
          12  1 0.1037 0.0369 0.1298 0.2370 0.0563 0.0909 0.1336 0.0969 0.1148 
          13  1 0.0315 0.0085 0.0241 0.7957 0.0344 0.0231 0.0255 0.0253 0.0319 
          14  1 0.0910 0.0609 0.1057 0.2991 0.0797 0.0741 0.1043 0.0681 0.1173 
          15  1 0.0597 0.0803 0.0715 0.4461 0.0577 0.1010 0.0673 0.0678 0.0486 
          16  1 0.2006 0.0096 0.1442 0.0104 0.0659 0.1303 0.1232 0.2171 0.0989 
          17  1 0.0646 0.0063 0.0855 0.0077 0.1944 0.2426 0.0720 0.2910 0.0359 
          18  1 0.0635 0.0076 0.0973 0.0106 0.1901 0.2409 0.0715 0.2789 0.0395 
          19  1 0.1117 0.0109 0.0886 0.0293 0.2656 0.0988 0.1253 0.0929 0.1770 
          20  1 0.1398 0.0093 0.1571 0.0097 0.0973 0.1468 0.1508 0.1384 0.1507 
          21  1 0.0855 0.0156 0.0323 0.0110 0.4044 0.0504 0.1016 0.0606 0.2387 
          22  1 0.0987 0.0368 0.0927 0.1578 0.1780 0.0898 0.1097 0.0868 0.1498 
          23  1 0.1167 0.0244 0.1649 0.0361 0.1468 0.1279 0.1486 0.1056 0.1290 
          24  1 0.1144 0.0109 0.1184 0.0327 0.2200 0.0892 0.1337 0.0847 0.1960 
          25  1 0.2084 0.0143 0.1252 0.0170 0.0770 0.1308 0.1191 0.2092 0.0991 
          26  1 0.1471 0.0620 0.1042 0.0269 0.1221 0.1049 0.1241 0.0944 0.2141 
          27  1 0.1372 0.0085 0.1886 0.0162 0.1195 0.1212 0.1517 0.1192 0.1381 
          28  1 0.1357 0.0075 0.1357 0.0080 0.1616 0.1438 0.1399 0.1421 0.1257 
          29  1 0.2194 0.0058 0.1306 0.0140 0.0907 0.1562 0.0933 0.2051 0.0850 
          30  1 0.1130 0.0184 0.0764 0.0154 0.2672 0.1235 0.0900 0.1631 0.1330 
          31  1 0.1060 0.1348 0.1171 0.2062 0.0549 0.0866 0.1090 0.0902 0.0953 
          32  1 0.0823 0.0073 0.0802 0.0099 0.3716 0.0560 0.1378 0.0616 0.1933 
          33  1 0.1048 0.0117 0.1827 0.0119 0.1818 0.1231 0.1471 0.1079 0.1290 
          34  1 0.0580 0.0637 0.0611 0.4938 0.0642 0.0701 0.0597 0.0619 0.0675 
          35  1 0.1852 0.0128 0.1430 0.0668 0.0580 0.1163 0.1463 0.1562 0.1155 
          36  1 0.2242 0.0199 0.1200 0.0299 0.0850 0.1170 0.1085 0.1841 0.1115 
          37  1 0.1239 0.0286 0.2021 0.0676 0.0842 0.1087 0.1559 0.0999 0.1289 
          38  1 0.1623 0.0075 0.1306 0.0211 0.1388 0.1380 0.1280 0.1685 0.1051 
          39  1 0.1900 0.0061 0.1287 0.0154 0.1053 0.1138 0.1370 0.1906 0.1132 
          40  1 0.1338 0.0120 0.1727 0.0088 0.1252 0.1338 0.1397 0.1394 0.1346 
          41  1 0.1266 0.0284 0.1187 0.0105 0.1168 0.1795 0.1217 0.1704 0.1273 
          42  1 0.1909 0.0338 0.0942 0.0119 0.1083 0.1175 0.1226 0.1293 0.1915 
          43  1 0.1413 0.0174 0.1802 0.0250 0.0720 0.1154 0.1590 0.1464 0.1434 
          44  1 0.1920 0.0093 0.1494 0.0074 0.0877 0.1335 0.1305 0.2035 0.0866 
          45  1 0.1650 0.0088 0.1651 0.0179 0.0844 0.1258 0.1451 0.1263 0.1617 
          46  1 0.0869 0.0280 0.1126 0.0135 0.1374 0.2073 0.1005 0.2229 0.0911 
          47  1 0.1380 0.0161 0.1669 0.0236 0.0956 0.1683 0.1450 0.1062 0.1402 
          48  1 0.1733 0.0335 0.0900 0.0224 0.1816 0.0840 0.1165 0.1280 0.1708 
          49  1 0.1104 0.0409 0.1303 0.0325 0.2028 0.1135 0.1295 0.1078 0.1324 
          50  1 0.1306 0.0437 0.1676 0.0304 0.0764 0.1401 0.1514 0.1123 0.1474 
          51  1 0.1287 0.0326 0.1446 0.0295 0.0839 0.1511 0.1304 0.1567 0.1424 
          52  1 0.1439 0.0588 0.1159 0.0247 0.1552 0.1141 0.1187 0.1249 0.1438 
          53  1 0.0930 0.0317 0.0330 0.0168 0.3970 0.0372 0.1140 0.0380 0.2393 
          54  1 0.1400 0.0064 0.1476 0.0117 0.0967 0.1596 0.1369 0.1329 0.1683 
          55  1 0.0744 0.0066 0.0777 0.0081 0.2339 0.2018 0.0799 0.2331 0.0844 
          56  1 0.1451 0.0225 0.1568 0.0179 0.1016 0.1635 0.1455 0.1248 0.1223 
          57  1 0.1666 0.0168 0.1422 0.0650 0.0480 0.0975 0.1884 0.1111 0.1645 
          58  1 0.0905 0.0163 0.1329 0.0177 0.1645 0.1736 0.1068 0.1928 0.1048 
          59  1 0.1334 0.0109 0.1305 0.0115 0.1298 0.1725 0.1212 0.1933 0.0968 
          60  1 0.1401 0.0426 0.0974 0.0197 0.2165 0.0742 0.1226 0.1016 0.1851 
          61  1 0.1288 0.0075 0.2284 0.0057 0.0763 0.1257 0.1757 0.1114 0.1405 
          62  1 0.1245 0.0178 0.1309 0.0137 0.1453 0.1508 0.1374 0.1555 0.1239 
          63  1 0.1073 0.0130 0.1314 0.0340 0.1124 0.1901 0.1087 0.1946 0.1085 
          64  1 0.1659 0.0064 0.1182 0.0376 0.1145 0.1383 0.1157 0.1577 0.1457 
          65  1 0.1235 0.0090 0.2013 0.0086 0.0816 0.1961 0.1924 0.1127 0.0747 
          66  1 0.1675 0.0099 0.1668 0.0108 0.0789 0.1486 0.1612 0.1387 0.1175 
          67  1 0.1015 0.0168 0.1015 0.0097 0.1759 0.1934 0.0779 0.2857 0.0376 
          68  1 0.1442 0.0153 0.1551 0.0325 0.0743 0.1364 0.1478 0.0992 0.1953 
          69  1 0.1733 0.0069 0.1550 0.0085 0.0781 0.1327 0.1388 0.1597 0.1471 
          70  1 0.1090 0.0098 0.0887 0.0167 0.2774 0.1168 0.1171 0.1168 0.1475 
          71  1 0.1363 0.0099 0.1698 0.0120 0.0935 0.1548 0.1601 0.1133 0.1503 
          72  1 0.0798 0.0059 0.1083 0.0048 0.1627 0.2327 0.1022 0.2540 0.0496 
          73  1 0.1440 0.0289 0.1333 0.0341 0.1163 0.1413 0.1447 0.1202 0.1371 
          74  1 0.0869 0.0065 0.1151 0.0071 0.1651 0.2087 0.1075 0.2397 0.0635 
          75  1 0.2306 0.0120 0.1261 0.0151 0.0781 0.1072 0.1459 0.1533 0.1317 
          76  1 0.1461 0.0410 0.1446 0.0531 0.0655 0.1355 0.1410 0.1038 0.1694 
          77  1 0.2257 0.0610 0.1070 0.0384 0.0917 0.0925 0.1156 0.1708 0.0972 
          78  1 0.1178 0.0178 0.2281 0.0102 0.1072 0.1331 0.1999 0.0862 0.0996 
          79  1 0.0977 0.0062 0.1644 0.0094 0.2082 0.1376 0.1674 0.0979 0.1112 
          80  1 0.1570 0.0131 0.1459 0.0168 0.0914 0.1424 0.1547 0.1287 0.1500 
          81  1 0.1237 0.0084 0.1063 0.0240 0.1948 0.1307 0.1238 0.1288 0.1593 
          82  1 0.1648 0.0074 0.1705 0.0069 0.0701 0.1345 0.1487 0.1233 0.1738 
          83  1 0.1464 0.0087 0.1478 0.0188 0.0982 0.1150 0.1331 0.1177 0.2142 
          84  1 0.1535 0.0073 0.1266 0.0235 0.0954 0.1268 0.1200 0.1180 0.2288 
          85  1 0.1789 0.0145 0.1493 0.0112 0.0808 0.1276 0.1361 0.1675 0.1342 
          86  1 0.0759 0.0171 0.0929 0.0161 0.1937 0.2246 0.0792 0.2358 0.0646 
          87  1 0.1541 0.0077 0.1829 0.0081 0.0778 0.1541 0.1769 0.1504 0.0880 
          88  1 0.1187 0.0107 0.1512 0.0245 0.0987 0.1683 0.1273 0.1818 0.1189 
          89  1 0.1595 0.0089 0.1784 0.0088 0.0699 0.1381 0.1458 0.1326 0.1580 
          90  1 0.1671 0.0110 0.1491 0.0090 0.1004 0.1253 0.1399 0.1237 0.1744 
          91  1 0.0915 0.0108 0.1481 0.0086 0.1520 0.1998 0.1298 0.1747 0.0847 
          92  1 0.1628 0.0063 0.1485 0.0101 0.1087 0.1443 0.1323 0.1609 0.1262 
          93  1 0.0737 0.0321 0.1147 0.0108 0.1738 0.2186 0.0851 0.2414 0.0499 
          94  1 0.0921 0.0042 0.1024 0.0061 0.3539 0.0697 0.1332 0.0543 0.1842 
          95  1 0.1047 0.0109 0.1327 0.0139 0.2233 0.1139 0.1430 0.1088 0.1487 
          96  1 0.1108 0.0498 0.1137 0.1252 0.1510 0.0941 0.1187 0.0837 0.1529 
          97  1 0.1046 0.0101 0.1512 0.0105 0.1660 0.1793 0.1526 0.1332 0.0924 
          98  1 0.1691 0.0175 0.1068 0.0135 0.1788 0.1088 0.1244 0.1434 0.1377 
          99  1 0.1495 0.0198 0.1321 0.0197 0.1200 0.1285 0.1359 0.1371 0.1574 
         100  1 0.1190 0.0229 0.1386 0.0173 0.1433 0.1369 0.1272 0.1441 0.1507 
         101  1 0.2099 0.0121 0.1387 0.0242 0.0660 0.1107 0.1289 0.1707 0.1388 
         102  1 0.1378 0.0084 0.1896 0.0108 0.0983 0.1154 0.1656 0.1539 0.1200 
         103  1 0.1051 0.0945 0.1363 0.0218 0.1639 0.1265 0.1401 0.1014 0.1104 
         104  1 0.1314 0.0066 0.1888 0.0122 0.0708 0.1514 0.1957 0.1412 0.1019 
         105  1 0.1182 0.0133 0.2471 0.0185 0.0804 0.1627 0.2324 0.0692 0.0582 
         106  1 0.1165 0.0126 0.2424 0.0192 0.0810 0.1668 0.2303 0.0727 0.0586 
         107  1 0.1076 0.1311 0.1661 0.0287 0.0984 0.0972 0.1378 0.0927 0.1404 
         108  1 0.0851 0.0060 0.0889 0.0059 0.3510 0.0698 0.1369 0.0503 0.2063 
         109  1 0.0928 0.0240 0.1032 0.0264 0.2273 0.1332 0.1047 0.1597 0.1287 
         110  1 0.1475 0.0076 0.1778 0.0092 0.0796 0.1554 0.1754 0.1306 0.1170 
         111  1 0.1896 0.0457 0.1066 0.0088 0.1095 0.1497 0.0977 0.2103 0.0822 
         112  1 0.0900 0.0127 0.0992 0.0103 0.2100 0.1805 0.0991 0.2091 0.0892 
         113  1 0.1143 0.0049 0.1846 0.0061 0.1284 0.1750 0.1781 0.1091 0.0996 
         114  1 0.1376 0.0369 0.1541 0.0579 0.1014 0.1079 0.1392 0.1014 0.1637 
         115  1 0.1021 0.0105 0.1996 0.0082 0.1051 0.1799 0.1818 0.1177 0.0950 
         116  1 0.1485 0.0207 0.1939 0.0185 0.0633 0.1194 0.1612 0.1180 0.1566 
         117  1 0.1199 0.0191 0.2074 0.0086 0.1100 0.1395 0.1533 0.1200 0.1221 
         118  1 0.0948 0.0182 0.0843 0.0144 0.2809 0.1078 0.1169 0.1138 0.1690 
         119  1 0.0755 0.0132 0.0999 0.0148 0.2045 0.1910 0.0919 0.2388 0.0704 
         120  1 0.0991 0.2272 0.0992 0.0361 0.1209 0.1016 0.1081 0.0957 0.1120 
         121  1 0.1126 0.0333 0.1017 0.0828 0.1723 0.1178 0.1185 0.1077 0.1534 
         122  1 0.1664 0.0055 0.1740 0.0056 0.0890 0.1302 0.1496 0.1780 0.1017 
         123  1 0.1243 0.0193 0.1275 0.0074 0.1155 0.1710 0.1310 0.1589 0.1451 
         124  1 0.1406 0.0159 0.1064 0.0181 0.1503 0.1368 0.1159 0.1299 0.1861 
         125  1 0.1228 0.0079 0.2022 0.0055 0.0944 0.1708 0.2067 0.1237 0.0660 
         126  1 0.1211 0.0058 0.1324 0.0072 0.1650 0.1918 0.1142 0.1864 0.0762 
         127  1 0.2161 0.0260 0.1260 0.0188 0.0856 0.1188 0.1218 0.1669 0.1199 
         128  1 0.1775 0.0218 0.1324 0.0184 0.0834 0.1620 0.1103 0.1522 0.1419 
         129  1 0.1216 0.0125 0.1716 0.0178 0.1012 0.1744 0.1595 0.1253 0.1160 
         130  1 0.0934 0.0150 0.0993 0.0140 0.2529 0.1414 0.1092 0.1561 0.1187 
         131  1 0.0856 0.0150 0.1057 0.0098 0.1680 0.2262 0.0842 0.2473 0.0582 
         132  1 0.1117 0.0130 0.1086 0.1184 0.1533 0.1146 0.1160 0.0894 0.1749 
         133  1 0.1088 0.0063 0.1484 0.0069 0.1578 0.1753 0.1419 0.1651 0.0895 
         134  1 0.1393 0.0081 0.1326 0.0076 0.1218 0.1542 0.1152 0.2445 0.0766 
         135  1 0.0913 0.0049 0.0469 0.0064 0.4022 0.0556 0.1204 0.0486 0.2238 
         136  1 0.1344 0.0053 0.2188 0.0052 0.0909 0.1431 0.2006 0.1306 0.0712 
         137  1 0.0773 0.0198 0.1154 0.0295 0.1622 0.1945 0.0944 0.2416 0.0654 
         138  1 0.1473 0.0150 0.1379 0.0436 0.0955 0.1240 0.1330 0.1351 0.1686 
         139  1 0.1215 0.0131 0.1674 0.0154 0.1036 0.2110 0.1473 0.1448 0.0759 
         140  1 0.1009 0.0409 0.0567 0.0767 0.2896 0.0604 0.1010 0.0538 0.2200 
         141  1 0.2475 0.0057 0.1250 0.0072 0.0616 0.1081 0.1111 0.2246 0.1091 
         142  1 0.1518 0.0257 0.0965 0.0098 0.1639 0.1581 0.0899 0.2262 0.0781 
         143  1 0.0565 0.4537 0.0730 0.0995 0.0663 0.0478 0.0744 0.0563 0.0726 
         144  1 0.1084 0.0080 0.1715 0.0093 0.1003 0.2020 0.1517 0.1472 0.1015 
         145  1 0.1163 0.0116 0.1540 0.1012 0.1148 0.1310 0.1310 0.1139 0.1263 
         146  1 0.0864 0.0056 0.0311 0.0058 0.4522 0.0288 0.1140 0.0255 0.2506 
         147  1 0.1067 0.0438 0.1021 0.2718 0.0715 0.0774 0.1154 0.0827 0.1286 
         148  1 0.1525 0.0295 0.0977 0.0134 0.1673 0.1428 0.0888 0.2141 0.0939 
         149  1 0.2294 0.0176 0.1415 0.0198 0.0533 0.1202 0.1405 0.1880 0.0895 
         150  1 0.1309 0.0384 0.1339 0.0134 0.1221 0.1551 0.1237 0.1413 0.1412 
         151  1 0.1255 0.0261 0.0522 0.0116 0.3072 0.0652 0.1066 0.0728 0.2329 
         152  1 0.0948 0.0093 0.0922 0.0099 0.2834 0.1043 0.1386 0.0940 0.1735 
         153  1 0.1997 0.0072 0.1001 0.0214 0.0752 0.1613 0.1037 0.1431 0.1883 
         154  1 0.0831 0.0048 0.0462 0.0062 0.4258 0.0521 0.1233 0.0533 0.2052 
         155  1 0.2120 0.0121 0.1389 0.0293 0.0643 0.1153 0.1248 0.1934 0.1100 
         156  1 0.1612 0.0115 0.1514 0.0112 0.1130 0.1290 0.1696 0.1394 0.1137 
         157  1 0.1616 0.0183 0.1575 0.0341 0.0957 0.1211 0.1400 0.1514 0.1202 
         158  1 0.1397 0.0072 0.1760 0.0111 0.1165 0.1445 0.1789 0.1165 0.1096 
         159  1 0.1710 0.0110 0.1248 0.0114 0.0709 0.1423 0.1452 0.1055 0.2178 
         160  1 0.1218 0.0071 0.1987 0.0078 0.1123 0.1477 0.1946 0.1152 0.0947 
         161  1 0.1789 0.0158 0.1159 0.0551 0.1225 0.1092 0.1140 0.1636 0.1250 
         162  1 0.1913 0.0277 0.1238 0.0129 0.0973 0.1316 0.1324 0.1848 0.0981 
         163  1 0.0752 0.0085 0.0931 0.0150 0.2051 0.2016 0.0806 0.2322 0.0886 
         164  1 0.1102 0.0079 0.2147 0.0055 0.0844 0.1607 0.2145 0.1126 0.0896 
         165  1 0.1298 0.0482 0.1733 0.0301 0.0874 0.1404 0.1409 0.1362 0.1138 
         166  1 0.1140 0.0155 0.0621 0.0228 0.3086 0.0632 0.1316 0.0601 0.2220 
         167  1 0.1781 0.0086 0.1562 0.0083 0.0937 0.1229 0.1483 0.1507 0.1331 
         168  1 0.1165 0.0112 0.0907 0.0232 0.2429 0.1172 0.1267 0.0978 0.1738 
         169  1 0.1389 0.0446 0.1574 0.0353 0.0637 0.1440 0.1697 0.1163 0.1302 
         170  1 0.0885 0.0219 0.1137 0.0176 0.1642 0.2023 0.1038 0.2018 0.0863 
         171  1 0.0573 0.0094 0.0913 0.0065 0.1921 0.2430 0.0638 0.3078 0.0287 
         172  1 0.1434 0.0120 0.1235 0.0145 0.1335 0.1644 0.1141 0.1822 0.1124 
         173  1 0.1613 0.0678 0.1348 0.0279 0.0799 0.1190 0.1344 0.1438 0.1311 
         174  1 0.1394 0.0180 0.2061 0.0238 0.0895 0.1121 0.1465 0.1085 0.1563 
         175  1 0.1330 0.0120 0.2306 0.0171 0.0942 0.1251 0.1913 0.0925 0.1042 
         176  1 0.1391 0.0190 0.1420 0.0210 0.1106 0.1659 0.1509 0.1391 0.1124 
         177  1 0.0929 0.0255 0.1433 0.0165 0.1565 0.1794 0.1135 0.1904 0.0820 
         178  1 0.1132 0.0174 0.1559 0.0715 0.0989 0.1545 0.1267 0.1653 0.0965 
         179  1 0.1149 0.0053 0.0538 0.0110 0.3710 0.0650 0.1143 0.0711 0.1938 
         180  1 0.1900 0.0218 0.1485 0.0125 0.0740 0.1143 0.1523 0.1704 0.1162 
         181  1 0.0858 0.4008 0.0943 0.0215 0.0521 0.0967 0.0928 0.0888 0.0672 
         182  1 0.1203 0.0648 0.1207 0.0121 0.1702 0.1239 0.1276 0.1202 0.1403 
         183  1 0.1300 0.0097 0.1977 0.0228 0.0816 0.1652 0.1634 0.1069 0.1227 
         184  1 0.1251 0.0267 0.0943 0.0342 0.2355 0.0910 0.1217 0.0948 0.1768 
         185  1 0.1336 0.0630 0.1554 0.0173 0.0937 0.1547 0.1247 0.1640 0.0937 
         186  1 0.1564 0.0101 0.1625 0.0154 0.0818 0.1658 0.1633 0.1377 0.1070 
         187  1 0.1495 0.0108 0.1774 0.0208 0.1087 0.1224 0.1523 0.0998 0.1583 
         188  1 0.1196 0.0235 0.1702 0.0220 0.1243 0.1205 0.1414 0.1127 0.1657 
         189  1 0.1203 0.0153 0.0587 0.0186 0.3192 0.0922 0.1040 0.0975 0.1742 
         190  1 0.1270 0.0231 0.1074 0.0112 0.2111 0.1009 0.1323 0.0926 0.1944 
         191  1 0.1750 0.0458 0.1303 0.0183 0.1107 0.1317 0.1219 0.1826 0.0836 
         192  1 0.1500 0.0060 0.1180 0.0231 0.1667 0.1213 0.1182 0.1498 0.1469 
         193  1 0.1389 0.0094 0.1030 0.1918 0.0819 0.1066 0.1172 0.1062 0.1449 
         194  1 0.1358 0.0154 0.1028 0.0338 0.1986 0.1113 0.1251 0.1203 0.1568 
         195  1 0.0976 0.0087 0.0900 0.0610 0.2259 0.1368 0.1193 0.1200 0.1407 
         196  1 0.1396 0.1128 0.1315 0.0445 0.0735 0.1356 0.1144 0.1168 0.1313 
         197  1 0.0820 0.0062 0.0930 0.0067 0.2790 0.1467 0.1105 0.1706 0.1053 
         198  1 0.1439 0.0069 0.0922 0.0118 0.2700 0.0844 0.1151 0.1049 0.1709 
         199  1 0.1267 0.0100 0.1294 0.0118 0.1550 0.1760 0.1177 0.1881 0.0852 
         200  1 0.1328 0.0100 0.1841 0.0122 0.1046 0.1123 0.1453 0.1504 0.1483 
         201  1 0.1223 0.0212 0.1546 0.0092 0.1077 0.1827 0.1338 0.1696 0.0988 
         202  1 0.1629 0.0260 0.1249 0.0929 0.0661 0.1193 0.1131 0.1243 0.1705 
         203  1 0.2400 0.0072 0.1340 0.0265 0.0440 0.1096 0.1233 0.2227 0.0927 
         204  1 0.0973 0.0215 0.1355 0.0204 0.1225 0.2075 0.1035 0.2178 0.0740 
         205  1 0.1082 0.0055 0.1938 0.0095 0.1252 0.1777 0.1683 0.1185 0.0933 
         206  1 0.0952 0.0106 0.1255 0.0098 0.1447 0.2075 0.1237 0.1763 0.1067 
         207  1 0.1134 0.0156 0.1320 0.0136 0.1746 0.1478 0.1315 0.1271 0.1445 
         208  1 0.1864 0.0701 0.1326 0.0166 0.0643 0.1063 0.1458 0.1495 0.1285 
         209  1 0.1466 0.0065 0.2081 0.0140 0.0715 0.1258 0.1553 0.1320 0.1402 
         210  1 0.1408 0.0077 0.1650 0.0079 0.0909 0.1674 0.1367 0.1924 0.0912 
         211  1 0.1014 0.0092 0.0871 0.0067 0.3400 0.0698 0.1319 0.0652 0.1887 
         212  1 0.1471 0.0100 0.1478 0.0240 0.1052 0.1628 0.1448 0.1530 0.1053 
         213  1 0.1671 0.0435 0.1478 0.0430 0.0760 0.1158 0.1311 0.1247 0.1510 
         214  1 0.1336 0.0153 0.1780 0.0076 0.1391 0.1207 0.1887 0.0977 0.1194 
         215  1 0.1288 0.0132 0.1463 0.0185 0.0882 0.1616 0.1429 0.1449 0.1555 
         216  1 0.1231 0.0312 0.0749 0.0257 0.2757 0.0697 0.1191 0.0709 0.2096 
         217  1 0.1688 0.0197 0.1452 0.0267 0.0621 0.1105 0.1798 0.1177 0.1694 
         218  1 0.1701 0.0225 0.1459 0.0198 0.0941 0.1313 0.1443 0.1598 0.1121 
         219  1 0.2324 0.0064 0.1426 0.0091 0.0551 0.1079 0.1340 0.2143 0.0983 
         220  1 0.1640 0.0106 0.1380 0.0249 0.0794 0.1370 0.1446 0.1051 0.1963 
         221  1 0.1171 0.0062 0.1183 0.0073 0.1644 0.1794 0.1344 0.1446 0.1283 
         222  1 0.1264 0.0056 0.2043 0.0059 0.1012 0.1919 0.1745 0.1188 0.0714 
         223  1 0.1324 0.0241 0.1453 0.0202 0.1469 0.1327 0.1321 0.1387 0.1277 
         224  1 0.1016 0.0070 0.0827 0.0082 0.3309 0.0608 0.1285 0.0493 0.2310 
         225  1 0.1576 0.0078 0.1151 0.0053 0.1641 0.1363 0.1069 0.2135 0.0934 
         226  1 0.1579 0.0106 0.1471 0.0108 0.0741 0.1854 0.1374 0.1551 0.1217 
         227  1 0.1232 0.0085 0.1629 0.0104 0.1130 0.1393 0.1732 0.0958 0.1736 
         228  1 0.1531 0.0285 0.1530 0.0303 0.0796 0.1508 0.1531 0.1120 0.1395 
         229  1 0.0935 0.0076 0.0764 0.0086 0.3549 0.0593 0.1326 0.0750 0.1920 
         230  1 0.1484 0.0211 0.1632 0.0114 0.0886 0.1387 0.1446 0.1193 0.1646 
         231  1 0.1300 0.0162 0.1888 0.0225 0.0917 0.1196 0.1632 0.1015 0.1665 
         232  1 0.1147 0.0063 0.2056 0.0083 0.0902 0.2034 0.1929 0.1123 0.0664 
         233  1 0.1495 0.0153 0.1055 0.0211 0.1508 0.1196 0.1160 0.1168 0.2055 
         234  1 0.0934 0.0107 0.1332 0.0076 0.1610 0.2013 0.0916 0.2030 0.0980 
         235  1 0.1931 0.0079 0.1423 0.0283 0.0645 0.1429 0.1415 0.1736 0.1060 
         236  1 0.1915 0.0427 0.1340 0.0428 0.0713 0.1152 0.1240 0.1550 0.1234 
         237  1 0.1361 0.0069 0.1678 0.0070 0.1193 0.1461 0.1643 0.1059 0.1467 
         238  1 0.1271 0.0172 0.1432 0.0229 0.1782 0.0991 0.1380 0.0993 0.1750 
         239  1 0.1567 0.0314 0.1229 0.1414 0.0595 0.1004 0.1136 0.1382 0.1360 
         240  1 0.1133 0.0067 0.1195 0.0071 0.1881 0.1675 0.1081 0.2191 0.0706 
         241  1 0.1109 0.0064 0.1088 0.0070 0.1924 0.1728 0.1131 0.2143 0.0742 
         242  1 0.1331 0.0292 0.1943 0.0188 0.1223 0.1016 0.1443 0.0850 0.1714 
         243  1 0.1185 0.0099 0.1052 0.0153 0.2083 0.1452 0.1341 0.1167 0.1467 
         244  1 0.1757 0.0243 0.1308 0.0284 0.1119 0.1096 0.1297 0.1480 0.1418 
         245  1 0.1666 0.0087 0.1397 0.0064 0.1118 0.1520 0.0904 0.2322 0.0922 
         246  1 0.1276 0.0775 0.1693 0.0806 0.0593 0.1129 0.1369 0.1254 0.1106 
         247  1 0.1553 0.0107 0.1872 0.0149 0.0656 0.1216 0.1588 0.1537 0.1323 
         248  1 0.1387 0.0435 0.1257 0.0197 0.1314 0.1389 0.1192 0.1453 0.1375 
         249  1 0.1712 0.0276 0.1505 0.0161 0.0658 0.1095 0.1386 0.1033 0.2174 
         250  1 0.1273 0.0078 0.2028 0.0165 0.0770 0.1283 0.1721 0.1548 0.1133 
         251  1 0.1075 0.0087 0.1172 0.0100 0.2065 0.1650 0.0994 0.1851 0.1005 
         252  1 0.0838 0.1897 0.0903 0.2604 0.0704 0.0699 0.0827 0.0641 0.0888 
         253  1 0.1191 0.0370 0.0516 0.0396 0.2992 0.0612 0.0973 0.0590 0.2361 
         254  1 0.1177 0.0083 0.2090 0.0072 0.0954 0.1480 0.1433 0.1808 0.0903 
         255  1 0.0711 0.0231 0.1072 0.0172 0.1749 0.2106 0.0781 0.2584 0.0595 
         256  1 0.0838 0.0092 0.1237 0.0093 0.1619 0.2094 0.1173 0.2077 0.0776 
         257  1 0.1052 0.0099 0.2027 0.0072 0.0978 0.1914 0.1869 0.1443 0.0546 
         258  1 0.1362 0.0135 0.1234 0.0147 0.1754 0.1077 0.1335 0.1193 0.1764 
         259  1 0.1596 0.0231 0.0780 0.0247 0.2167 0.0817 0.1207 0.1043 0.1912 
         260  1 0.1460 0.0044 0.1365 0.0155 0.1473 0.1276 0.1445 0.1511 0.1272 
         261  1 0.1284 0.0265 0.2110 0.0193 0.0806 0.1296 0.2021 0.1015 0.1010 
         262  1 0.1223 0.0327 0.1654 0.0397 0.0982 0.1474 0.1558 0.1147 0.1238 
         263  1 0.1479 0.0288 0.1429 0.0250 0.1046 0.1486 0.1352 0.1348 0.1322 
         264  1 0.0832 0.0241 0.1126 0.0175 0.1632 0.2085 0.1051 0.2230 0.0629 
         265  1 0.1283 0.0109 0.1194 0.0139 0.2259 0.0978 0.1478 0.1034 0.1525 
         266  1 0.0988 0.0128 0.1072 0.0097 0.1757 0.2041 0.0812 0.2526 0.0579 
         267  1 0.1725 0.0300 0.1403 0.0570 0.0799 0.1002 0.1390 0.1558 0.1252 
         268  1 0.1750 0.0112 0.1433 0.0111 0.0962 0.1396 0.1322 0.1498 0.1414 
         269  1 0.1145 0.0099 0.1393 0.0098 0.2264 0.0901 0.1379 0.1003 0.1718 
         270  1 0.1438 0.0065 0.1356 0.0056 0.1448 0.1655 0.1215 0.1719 0.1048 
         271  1 0.0858 0.0132 0.1048 0.0091 0.1767 0.2026 0.0865 0.2651 0.0563 
         272  1 0.1052 0.0287 0.0620 0.0202 0.3162 0.0656 0.1147 0.0694 0.2179 
         273  1 0.1170 0.0210 0.1184 0.0173 0.2256 0.0884 0.1423 0.0637 0.2061 
         274  1 0.1226 0.0146 0.1849 0.0317 0.0962 0.1217 0.1722 0.1047 0.1514 
         275  1 0.1563 0.0109 0.1636 0.0095 0.0802 0.1369 0.1602 0.1393 0.1431 
         276  1 0.1537 0.0096 0.1408 0.0162 0.0999 0.1870 0.1380 0.1379 0.1168 
         277  1 0.0793 0.0058 0.0768 0.0073 0.3247 0.1236 0.0976 0.1559 0.1290 
         278  1 0.0780 0.0073 0.0205 0.0079 0.4743 0.0196 0.1156 0.0162 0.2606 
         279  1 0.0898 0.0313 0.1110 0.0110 0.1708 0.2003 0.0973 0.2098 0.0789 
         280  1 0.1211 0.0127 0.1549 0.0086 0.1319 0.1701 0.1601 0.1333 0.1074 
         281  1 0.0857 0.0306 0.1080 0.0099 0.1714 0.2057 0.0962 0.2144 0.0781 
         282  1 0.1093 0.0095 0.1098 0.0258 0.2074 0.1533 0.1128 0.1396 0.1325 
         283  1 0.0817 0.0174 0.1082 0.0090 0.2305 0.1723 0.0982 0.1842 0.0986 
         284  1 0.1145 0.0052 0.1122 0.0108 0.2244 0.1369 0.1165 0.1371 0.1425 
         285  1 0.1812 0.0114 0.1577 0.0152 0.0763 0.1155 0.1545 0.1180 0.1702 
         286  1 0.1515 0.0249 0.1581 0.0106 0.0885 0.1188 0.1419 0.1228 0.1829 
         287  1 0.1017 0.0133 0.1303 0.0074 0.1955 0.1544 0.1448 0.1353 0.1172 
         288  1 0.0856 0.0119 0.1228 0.0186 0.1827 0.1939 0.1020 0.1812 0.1014 
         289  1 0.1132 0.0115 0.1150 0.0209 0.2042 0.1464 0.1266 0.1251 0.1369 
         290  1 0.0892 0.0205 0.0403 0.0183 0.3658 0.0607 0.1052 0.0681 0.2320 
         291  1 0.2304 0.0233 0.1228 0.0194 0.0751 0.0998 0.1182 0.2018 0.1092 
         292  1 0.1180 0.0061 0.1631 0.0092 0.1692 0.1280 0.1317 0.1476 0.1272 
         293  1 0.1553 0.0068 0.1740 0.0093 0.0933 0.1295 0.1450 0.1426 0.1443 
         294  1 0.0742 0.0157 0.0921 0.0262 0.2956 0.1214 0.1176 0.1300 0.1270 
         295  1 0.1610 0.0178 0.1175 0.0142 0.1451 0.1496 0.1318 0.1416 0.1214 
         296  1 0.1261 0.0171 0.1428 0.0251 0.0868 0.1918 0.1297 0.1456 0.1351 
         297  1 0.1714 0.0645 0.1381 0.0602 0.0525 0.1167 0.1353 0.1448 0.1166 
         298  1 0.1538 0.0096 0.1861 0.0217 0.0681 0.1376 0.1791 0.1481 0.0959 
         299  1 0.1191 0.0045 0.2346 0.0062 0.0789 0.1645 0.2190 0.1067 0.0666 
         300  1 0.1359 0.0229 0.1262 0.0210 0.1325 0.1493 0.1260 0.1213 0.1650 
         301  1 0.1263 0.0093 0.1772 0.0323 0.1413 0.1015 0.1437 0.1034 0.1650 
         302  1 0.1120 0.0122 0.2020 0.0128 0.0901 0.2185 0.1711 0.1199 0.0614 
         303  1 0.1505 0.0500 0.1600 0.0267 0.0808 0.1132 0.1633 0.1202 0.1354 
         304  1 0.1080 0.0105 0.0715 0.0133 0.2959 0.0907 0.1222 0.0886 0.1993 
         305  1 0.1127 0.0088 0.0490 0.0092 0.3517 0.0667 0.1157 0.0582 0.2279 
         306  1 0.1072 0.0088 0.2094 0.0122 0.1046 0.1735 0.1713 0.1282 0.0849 
         307  1 0.1476 0.0110 0.2015 0.0214 0.0744 0.1145 0.1736 0.1281 0.1278 
         308  1 0.1350 0.0196 0.0956 0.0113 0.1283 0.1140 0.1132 0.1414 0.2415 
         309  1 0.0938 0.0089 0.0420 0.0100 0.3999 0.0388 0.1192 0.0453 0.2420 
         310  1 0.1799 0.0143 0.1311 0.0119 0.1281 0.1141 0.1316 0.1402 0.1489 
         311  1 0.1400 0.0858 0.1407 0.0092 0.0747 0.1176 0.1409 0.1223 0.1688 
         312  1 0.1637 0.0133 0.1291 0.0229 0.0692 0.1358 0.1419 0.1078 0.2163 
         313  1 0.1097 0.0145 0.1072 0.0157 0.1904 0.1621 0.1054 0.1681 0.1270 
         314  1 0.1762 0.0108 0.1580 0.0067 0.0819 0.1433 0.1591 0.1389 0.1251 
         315  1 0.1227 0.0379 0.1644 0.0496 0.1126 0.1133 0.1407 0.1009 0.1580 
         316  1 0.1417 0.0170 0.1490 0.0587 0.0693 0.1300 0.1451 0.1101 0.1791 
         317  1 0.1184 0.0205 0.1707 0.0773 0.0827 0.1418 0.1315 0.1509 0.1061 
         318  1 0.1949 0.0054 0.1214 0.0147 0.1058 0.1770 0.0924 0.1973 0.0909 
         319  1 0.0827 0.0081 0.0761 0.0090 0.2828 0.1606 0.0886 0.1983 0.0937 
         320  1 0.1260 0.0059 0.1692 0.0076 0.1200 0.1730 0.1482 0.1582 0.0920 
         321  1 0.1229 0.0182 0.1785 0.0113 0.1031 0.1611 0.1459 0.1495 0.1095 
         322  1 0.0769 0.0280 0.0816 0.0237 0.2023 0.2168 0.0816 0.2324 0.0569 
         323  1 0.0906 0.0105 0.1051 0.0168 0.3023 0.0843 0.1397 0.0822 0.1685 
         324  1 0.1827 0.0084 0.1514 0.0167 0.0698 0.1257 0.1645 0.1334 0.1474 
         325  1 0.1042 0.0049 0.1880 0.0067 0.1272 0.2162 0.1586 0.1305 0.0636 
         326  1 0.1415 0.0078 0.1588 0.0076 0.1550 0.1070 0.1365 0.1213 0.1645 
         327  1 0.1540 0.0156 0.1625 0.0276 0.0699 0.1151 0.1610 0.1373 0.1570 
         328  1 0.1200 0.0993 0.1376 0.0403 0.0811 0.1309 0.1158 0.1754 0.0996 
         329  1 0.1267 0.0060 0.1001 0.0089 0.2601 0.0731 0.1367 0.0915 0.1968 
         330  1 0.0815 0.0191 0.1087 0.0389 0.1583 0.2057 0.0875 0.2470 0.0532 
         331  1 0.1245 0.0114 0.1264 0.0169 0.1510 0.1708 0.1295 0.1504 0.1191 
         332  1 0.1020 0.0242 0.0989 0.0197 0.1746 0.1928 0.0946 0.2035 0.0896 
         333  1 0.1781 0.0158 0.1479 0.0178 0.0710 0.1126 0.1517 0.1675 0.1376 
         334  1 0.2301 0.0521 0.1038 0.0611 0.0688 0.0948 0.1024 0.1992 0.0877 
         335  1 0.1322 0.0085 0.1485 0.0067 0.1271 0.1840 0.1071 0.2324 0.0534 
         336  1 0.1260 0.0120 0.1188 0.0102 0.2134 0.1232 0.1302 0.1108 0.1554 
         337  1 0.1015 0.0262 0.1134 0.0324 0.1567 0.1882 0.1072 0.1648 0.1096 
         338  1 0.1146 0.0208 0.0914 0.0293 0.2305 0.1291 0.1262 0.1011 0.1571 
         339  1 0.1136 0.0574 0.1123 0.0767 0.1378 0.1521 0.1032 0.1187 0.1283 
         340  1 0.2064 0.0072 0.1199 0.0190 0.0918 0.1689 0.1020 0.1769 0.1079 
         341  1 0.1180 0.0223 0.1289 0.0116 0.1207 0.1911 0.1188 0.2091 0.0794 
         342  1 0.1095 0.2505 0.1213 0.0921 0.0522 0.0839 0.1114 0.0722 0.1069 
         343  1 0.1413 0.0144 0.1575 0.0317 0.0909 0.1459 0.1507 0.1647 0.1029 
         344  1 0.1237 0.0127 0.1416 0.0214 0.1133 0.1922 0.1303 0.1652 0.0997 
         345  1 0.1108 0.0347 0.1416 0.0233 0.1507 0.1680 0.1408 0.1177 0.1124 
         346  1 0.2296 0.0092 0.1255 0.0226 0.0842 0.1154 0.1102 0.2093 0.0941 
         347  1 0.1307 0.0140 0.1360 0.0456 0.1203 0.1340 0.1322 0.0895 0.1977 
         348  1 0.1164 0.0049 0.2323 0.0057 0.0806 0.1551 0.2053 0.1021 0.0976 
         349  1 0.1240 0.0988 0.1124 0.0631 0.1034 0.1130 0.1268 0.0814 0.1772 
         350  1 0.1414 0.0155 0.1562 0.0126 0.1130 0.1445 0.1689 0.1223 0.1255 
         351  1 0.1337 0.0117 0.1349 0.0108 0.1225 0.1895 0.1349 0.1778 0.0843 
         352  1 0.1121 0.0066 0.1474 0.0058 0.1953 0.1272 0.1500 0.1119 0.1438 
         353  1 0.0578 0.0080 0.1053 0.0061 0.1932 0.2422 0.0702 0.2723 0.0448 
         354  1 0.1412 0.0076 0.1947 0.0148 0.1040 0.1364 0.1647 0.1052 0.1314 
         355  1 0.1498 0.0118 0.1688 0.0185 0.0783 0.1260 0.1727 0.1129 0.1612 
         356  1 0.1558 0.0368 0.1509 0.0374 0.0622 0.1115 0.1535 0.1402 0.1517 
         357  1 0.1392 0.0105 0.1917 0.0103 0.0789 0.1250 0.1564 0.1483 0.1398 
         358  1 0.1399 0.0043 0.1911 0.0093 0.0687 0.1474 0.2032 0.1541 0.0819 
         359  1 0.1282 0.0738 0.1132 0.1856 0.0724 0.0939 0.1121 0.1173 0.1035 
         360  1 0.1780 0.0240 0.1377 0.0107 0.0827 0.1580 0.1373 0.1564 0.1153 
         361  1 0.1545 0.0230 0.1142 0.1300 0.0691 0.1089 0.1104 0.1163 0.1735 
         362  1 0.1407 0.0110 0.1287 0.0274 0.1053 0.1353 0.1349 0.0914 0.2252 
         363  1 0.1540 0.0059 0.1628 0.0080 0.0654 0.1389 0.1750 0.1802 0.1096 
         364  1 0.1001 0.0434 0.1195 0.0270 0.1589 0.1768 0.1144 0.1560 0.1039 
         365  1 0.1253 0.2142 0.1073 0.0501 0.0755 0.1170 0.0945 0.1331 0.0830 
         366  1 0.1624 0.0137 0.1550 0.0192 0.0891 0.1401 0.1483 0.1340 0.1381 
         367  1 0.1143 0.0424 0.1072 0.0105 0.2437 0.0871 0.1326 0.0972 0.1650 
         368  1 0.0529 0.0105 0.0895 0.0103 0.2150 0.2338 0.0740 0.2687 0.0455 
         369  1 0.1549 0.0050 0.1213 0.0099 0.1259 0.1439 0.1296 0.1105 0.1991 
         370  1 0.1555 0.0098 0.1124 0.0088 0.1980 0.0894 0.1332 0.1269 0.1660 
         371  1 0.0742 0.0179 0.0954 0.0066 0.1634 0.2478 0.0905 0.2453 0.0589 
         372  1 0.1298 0.0191 0.1050 0.0863 0.0957 0.1155 0.1298 0.0882 0.2307 
         373  1 0.1471 0.0144 0.1278 0.1104 0.0799 0.0895 0.1230 0.0786 0.2292 
         374  1 0.1020 0.0794 0.1198 0.0350 0.1700 0.1377 0.1161 0.1331 0.1070 
         375  1 0.1299 0.0126 0.1628 0.0183 0.1247 0.1240 0.1335 0.1280 0.1662 
         376  1 0.1213 0.0082 0.1620 0.0085 0.1687 0.1730 0.1390 0.1179 0.1014 
         377  1 0.1218 0.0112 0.2091 0.0260 0.1026 0.1756 0.1739 0.0990 0.0807 
         378  1 0.1229 0.0229 0.1512 0.0144 0.1225 0.1541 0.1481 0.1351 0.1288 
         379  1 0.1213 0.0055 0.1929 0.0349 0.0881 0.1516 0.1903 0.0824 0.1330 
         380  1 0.0597 0.0097 0.0855 0.0083 0.1998 0.2359 0.0730 0.2922 0.0359 
         381  1 0.1694 0.0204 0.1365 0.0124 0.1100 0.1455 0.1188 0.1879 0.0993 
         382  1 0.1519 0.0078 0.1340 0.0134 0.1234 0.1405 0.1365 0.1713 0.1212 
         383  1 0.1778 0.0138 0.1361 0.0093 0.0870 0.1083 0.1403 0.1726 0.1547 
         384  1 0.1262 0.0096 0.1810 0.0145 0.1073 0.1694 0.1714 0.1131 0.1075 
         385  1 0.1352 0.0105 0.1455 0.0182 0.1367 0.1060 0.1595 0.1064 0.1821 
         386  1 0.1272 0.0078 0.1416 0.0274 0.0872 0.1849 0.1462 0.1506 0.1270 
         387  1 0.1213 0.0163 0.1455 0.0175 0.1961 0.1258 0.1453 0.1005 0.1317 
         388  1 0.2299 0.0338 0.1103 0.0514 0.0660 0.1193 0.0973 0.1864 0.1056 
         389  1 0.1414 0.0062 0.1750 0.0080 0.1071 0.1354 0.1428 0.1298 0.1543 
         390  1 0.0683 0.0119 0.0976 0.0101 0.1853 0.2443 0.0833 0.2582 0.0410 
         391  1 0.1912 0.0115 0.0922 0.0168 0.1730 0.1064 0.0853 0.1876 0.1362 
         392  1 0.1383 0.0145 0.1447 0.0230 0.1311 0.1375 0.1458 0.1246 0.1405 
         393  1 0.1335 0.0098 0.1516 0.0118 0.1369 0.1602 0.1557 0.1274 0.1131 
         394  1 0.1218 0.0169 0.1479 0.0249 0.1103 0.1528 0.1631 0.1369 0.1255 
         395  1 0.0936 0.1297 0.1102 0.0543 0.1385 0.1339 0.1125 0.1099 0.1174 
         396  1 0.1165 0.0059 0.2259 0.0067 0.1044 0.1252 0.1778 0.1256 0.1119 
         397  1 0.1780 0.0366 0.1549 0.0108 0.0797 0.1396 0.1325 0.1632 0.1048 
         398  1 0.1114 0.0129 0.0977 0.0204 0.2356 0.1264 0.1235 0.1058 0.1663 
         399  1 0.1165 0.0120 0.1906 0.0117 0.1125 0.2074 0.1704 0.1170 0.0620 
         400  1 0.1497 0.0267 0.1676 0.0202 0.0806 0.1625 0.1427 0.1313 0.1186 
         401  1 0.1374 0.0087 0.1267 0.0149 0.1319 0.1544 0.1145 0.1489 0.1626 
         402  1 0.1813 0.1658 0.1156 0.0318 0.0619 0.1039 0.1299 0.1295 0.0803 
         403  1 0.2297 0.0227 0.1377 0.0165 0.0547 0.1047 0.1593 0.1937 0.0809 
         404  1 0.0365 0.0343 0.0464 0.6890 0.0362 0.0341 0.0470 0.0351 0.0414 
         405  1 0.1478 0.0086 0.1262 0.0753 0.0973 0.2018 0.1000 0.1613 0.0818 
         406  1 0.1398 0.0658 0.1568 0.0323 0.0574 0.1180 0.1699 0.1177 0.1423 
         407  1 0.0822 0.3615 0.0765 0.1631 0.0356 0.0669 0.0743 0.0620 0.0778 
         408  1 0.1263 0.0092 0.1034 0.0192 0.2073 0.1475 0.1121 0.1232 0.1519 
         409  1 0.0928 0.0123 0.0489 0.1651 0.2801 0.0416 0.1023 0.0472 0.2098 
         410  1 0.1147 0.0125 0.1950 0.0107 0.1091 0.2092 0.1778 0.1088 0.0622 
         411  1 0.1175 0.0221 0.1472 0.0083 0.1145 0.1863 0.1324 0.1461 0.1256 
         412  1 0.1154 0.0159 0.0914 0.0329 0.2489 0.1125 0.1279 0.0956 0.1595 
         413  1 0.1325 0.0711 0.1366 0.0710 0.0857 0.1003 0.1378 0.0972 0.1678 
         414  1 0.1193 0.0282 0.1244 0.0190 0.1374 0.1620 0.1263 0.1685 0.1149 
         415  1 0.1587 0.0084 0.0661 0.0081 0.2679 0.0692 0.1146 0.1035 0.2034 
         416  1 0.1813 0.0083 0.1837 0.0068 0.0656 0.1446 0.1774 0.1730 0.0593 
         417  1 0.1714 0.0108 0.1647 0.0152 0.0757 0.1470 0.1594 0.1091 0.1468 
         418  1 0.1358 0.0076 0.1702 0.0102 0.0590 0.1492 0.1875 0.1047 0.1757 
         419  1 0.1293 0.0292 0.0769 0.0465 0.2218 0.0779 0.1198 0.0819 0.2167 
         420  1 0.1833 0.0398 0.1286 0.0411 0.0965 0.1508 0.1002 0.1443 0.1154 
         421  1 0.1592 0.0069 0.1696 0.0095 0.0752 0.1327 0.1525 0.1012 0.1933 
         422  1 0.1353 0.0073 0.1780 0.0109 0.0856 0.2105 0.1707 0.1218 0.0799 
         423  1 0.2102 0.0120 0.1090 0.0233 0.1145 0.1186 0.1112 0.1890 0.1122 
         424  1 0.1323 0.0077 0.1989 0.0069 0.1278 0.1413 0.1721 0.1012 0.1117 
         425  1 0.1715 0.0064 0.1571 0.0144 0.0836 0.2122 0.1318 0.1517 0.0714 
         426  1 0.1578 0.0543 0.1252 0.0195 0.0993 0.1529 0.1255 0.1468 0.1188 
         427  1 0.1575 0.0173 0.1602 0.0177 0.0826 0.1796 0.1543 0.1178 0.1128 
         428  1 0.1807 0.0304 0.1420 0.0187 0.0978 0.1091 0.1479 0.1504 0.1230 
         429  1 0.1818 0.0079 0.1464 0.0175 0.0723 0.1941 0.1297 0.1480 0.1024 
         430  1 0.1351 0.0143 0.1422 0.0080 0.1466 0.1136 0.1595 0.1262 0.1545 
         431  1 0.1957 0.0111 0.1039 0.0111 0.0581 0.1152 0.1415 0.1062 0.2571 
         432  1 0.0919 0.4718 0.0763 0.0357 0.0383 0.0703 0.0749 0.0668 0.0740 
         433  1 0.1518 0.0235 0.1374 0.0502 0.1155 0.1242 0.1373 0.1450 0.1150 
         434  1 0.1274 0.0194 0.1426 0.0145 0.1472 0.1300 0.1539 0.1059 0.1591 
         435  1 0.2074 0.0111 0.1352 0.0196 0.0593 0.1497 0.1419 0.1598 0.1159 
         436  1 0.1241 0.0214 0.1595 0.0174 0.1006 0.1925 0.1497 0.1236 0.1111 
         437  1 0.1426 0.0091 0.1602 0.0076 0.0945 0.1624 0.1625 0.1252 0.1360 
         438  1 0.1552 0.0088 0.1746 0.0142 0.0757 0.1464 0.1609 0.1277 0.1365 
         439  1 0.1023 0.4224 0.0723 0.0432 0.0485 0.0677 0.0764 0.0816 0.0856 
         440  1 0.1678 0.0288 0.1365 0.0534 0.0484 0.1237 0.1489 0.1324 0.1602 
         441  1 0.1622 0.0170 0.1143 0.0194 0.1286 0.1057 0.1376 0.1190 0.1961 
         442  1 0.0951 0.0097 0.0428 0.0119 0.4050 0.0404 0.1217 0.0433 0.2300 
         443  1 0.1172 0.0372 0.1273 0.0284 0.1841 0.0781 0.1481 0.0781 0.2016 
         444  1 0.1643 0.0635 0.1501 0.0141 0.0734 0.1371 0.1397 0.1493 0.1084 
         445  1 0.1062 0.0086 0.1410 0.2008 0.0677 0.1314 0.1234 0.0879 0.1329 
         446  1 0.1165 0.0333 0.1409 0.0652 0.1094 0.1218 0.1324 0.1108 0.1697 
         447  1 0.1457 0.0337 0.1633 0.0123 0.0817 0.1162 0.1709 0.1189 0.1573 
         448  1 0.1392 0.0697 0.1355 0.0597 0.0791 0.1276 0.1325 0.1167 0.1400 
         449  1 0.1147 0.0410 0.1360 0.0686 0.1130 0.0888 0.1416 0.1074 0.1891 
         450  1 0.1319 0.0208 0.1731 0.0413 0.0689 0.0885 0.1874 0.1191 0.1690 
         451  1 0.1017 0.0215 0.0494 0.0139 0.3774 0.0407 0.1084 0.0451 0.2419 
         452  1 0.1431 0.0488 0.1377 0.0438 0.0768 0.1738 0.1361 0.1431 0.0968 
         453  1 0.1344 0.0523 0.1567 0.0903 0.0701 0.1501 0.1380 0.1086 0.0995 
         454  1 0.1155 0.0651 0.1221 0.0528 0.1043 0.1094 0.1394 0.1319 0.1595 
         455  1 0.1208 0.0622 0.1375 0.0781 0.1298 0.0830 0.1368 0.0879 0.1638 
         456  1 0.1061 0.0577 0.1420 0.1245 0.1268 0.0795 0.1269 0.0844 0.1520 
         457  1 0.1411 0.0157 0.1256 0.1043 0.0670 0.1418 0.1475 0.0892 0.1678 
         458  1 0.1363 0.0332 0.1667 0.0493 0.0722 0.1088 0.1876 0.1207 0.1250 
         459  1 0.1214 0.0087 0.1258 0.0124 0.2055 0.1093 0.1486 0.1090 0.1593 
         460  1 0.0982 0.0064 0.0299 0.0139 0.4226 0.0282 0.1141 0.0376 0.2492 
         461  1 0.1310 0.0169 0.1288 0.1990 0.0655 0.1057 0.1216 0.0806 0.1510 
         462  1 0.0146 0.4939 0.0123 0.4181 0.0105 0.0126 0.0125 0.0128 0.0126 
         463  1 0.0106 0.0503 0.0120 0.8784 0.0083 0.0101 0.0112 0.0098 0.0093 
         464  1 0.0129 0.8902 0.0121 0.0272 0.0103 0.0112 0.0117 0.0118 0.0126 
         465  1 0.1351 0.1236 0.0854 0.1208 0.0499 0.1075 0.1186 0.0760 0.1831 
         466  1 0.0231 0.0397 0.0246 0.8144 0.0146 0.0194 0.0245 0.0185 0.0211 
         467  1 0.1162 0.2100 0.1013 0.0831 0.0811 0.0970 0.1038 0.0857 0.1217 
         468  1 0.1005 0.1193 0.0994 0.0659 0.1052 0.1562 0.1103 0.1408 0.1022 
         469  1 0.1422 0.0346 0.1580 0.0813 0.0660 0.1071 0.1460 0.1058 0.1590 
         470  1 0.0417 0.0315 0.0421 0.6878 0.0320 0.0395 0.0445 0.0396 0.0413 
         471  1 0.1051 0.0808 0.1462 0.1885 0.0602 0.0809 0.1441 0.0856 0.1087 
         472  1 0.1460 0.0738 0.1097 0.2075 0.0480 0.0901 0.1143 0.1170 0.0936 
         473  1 0.0929 0.0225 0.1244 0.2765 0.0771 0.0962 0.1147 0.0754 0.1201 
         474  1 0.0252 0.4012 0.0210 0.4348 0.0230 0.0232 0.0233 0.0232 0.0251 
         475  1 0.0681 0.0845 0.0503 0.4988 0.0274 0.0492 0.0648 0.0441 0.1127 
         476  1 0.0266 0.7428 0.0266 0.0693 0.0262 0.0272 0.0274 0.0253 0.0286 
         477  1 0.0336 0.4642 0.0357 0.2643 0.0483 0.0387 0.0379 0.0364 0.0409 
         478  1 0.0944 0.3123 0.1140 0.0377 0.0863 0.0987 0.0951 0.0829 0.0787 
         479  1 0.0115 0.0094 0.0107 0.9133 0.0108 0.0106 0.0114 0.0105 0.0119 
         480  1 0.0174 0.7500 0.0204 0.1278 0.0138 0.0162 0.0198 0.0164 0.0182 
         481  1 0.0354 0.6155 0.0387 0.1481 0.0277 0.0285 0.0410 0.0320 0.0330 
         482  1 0.0071 0.9395 0.0066 0.0122 0.0072 0.0067 0.0067 0.0068 0.0072 
         483  1 0.0355 0.6289 0.0400 0.1308 0.0264 0.0304 0.0409 0.0320 0.0350 
         484  1 0.1633 0.1204 0.1401 0.0243 0.0618 0.1101 0.1392 0.1184 0.1225 
         485  1 0.0476 0.0250 0.0482 0.6749 0.0258 0.0324 0.0588 0.0383 0.0489 
         486  1 0.0489 0.2044 0.0475 0.4445 0.0482 0.0502 0.0469 0.0431 0.0663 
         487  1 0.0075 0.9330 0.0075 0.0139 0.0075 0.0076 0.0079 0.0076 0.0075 
         488  1 0.0361 0.1746 0.0358 0.5907 0.0289 0.0308 0.0346 0.0271 0.0414 
         489  1 0.0663 0.0200 0.0609 0.5447 0.0467 0.0625 0.0607 0.0510 0.0872 
         490  1 0.1205 0.0121 0.0745 0.3548 0.0661 0.0891 0.0713 0.1069 0.1047 
         491  1 0.0157 0.0153 0.0144 0.8854 0.0130 0.0129 0.0152 0.0137 0.0144 
         492  1 0.0415 0.6483 0.0456 0.0731 0.0267 0.0388 0.0438 0.0338 0.0485 
         493  1 0.0191 0.5908 0.0172 0.2839 0.0161 0.0168 0.0183 0.0170 0.0207 
         494  1 0.0061 0.9494 0.0061 0.0093 0.0058 0.0056 0.0057 0.0061 0.0058 
         495  1 0.0058 0.9517 0.0053 0.0093 0.0056 0.0055 0.0054 0.0055 0.0058 
         496  1 0.0309 0.0995 0.0301 0.6978 0.0260 0.0277 0.0292 0.0296 0.0291 
         497  1 0.1422 0.0169 0.0713 0.0605 0.1669 0.0900 0.1196 0.0980 0.2346 
         498  1 0.1051 0.1742 0.1075 0.1155 0.0819 0.0889 0.1136 0.0893 0.1240 
         499  1 0.0124 0.0257 0.0135 0.8793 0.0130 0.0128 0.0139 0.0124 0.0169 
         500  1 0.0973 0.1523 0.0841 0.2127 0.0883 0.0541 0.0935 0.0681 0.1496 
