           1  1 0.0443 0.7937 0.0368 0.0432 0.0383 0.0437 
           2  1 0.0361 0.8179 0.0507 0.0284 0.0412 0.0257 
           3  1 0.0179 0.9011 0.0193 0.0209 0.0194 0.0214 
           4  1 0.0297 0.8475 0.0361 0.0258 0.0302 0.0308 
           5  1 0.0164 0.9183 0.0158 0.0163 0.0164 0.0169 
           6  1 0.0153 0.9214 0.0155 0.0159 0.0162 0.0157 
           7  1 0.0446 0.7875 0.0523 0.0325 0.0451 0.0380 
           8  1 0.0179 0.9124 0.0182 0.0168 0.0177 0.0171 
           9  1 0.0197 0.8978 0.0188 0.0217 0.0199 0.0220 
          10  1 0.0137 0.9307 0.0149 0.0133 0.0141 0.0134 
          11  1 0.0229 0.8818 0.0233 0.0222 0.0238 0.0259 
          12  1 0.1521 0.2126 0.1284 0.1385 0.1512 0.2172 
          13  1 0.0522 0.7290 0.0533 0.0531 0.0533 0.0591 
          14  1 0.1161 0.3512 0.1274 0.1073 0.1360 0.1620 
          15  1 0.0726 0.5449 0.0893 0.0998 0.0944 0.0990 
          16  1 0.2217 0.0095 0.1621 0.2485 0.1782 0.1799 
          17  1 0.2437 0.0080 0.2102 0.2223 0.2139 0.1019 
          18  1 0.2490 0.0103 0.2155 0.2126 0.2169 0.0957 
          19  1 0.2024 0.0235 0.2577 0.1556 0.2315 0.1293 
          20  1 0.1763 0.0103 0.1727 0.1969 0.1851 0.2586 
          21  1 0.2376 0.0124 0.3123 0.1247 0.2315 0.0816 
          22  1 0.1748 0.1319 0.2063 0.1439 0.2031 0.1400 
          23  1 0.1898 0.0372 0.1909 0.1875 0.1947 0.1999 
          24  1 0.1882 0.0220 0.2368 0.1529 0.2167 0.1834 
          25  1 0.2222 0.0215 0.1868 0.2356 0.1836 0.1504 
          26  1 0.1705 0.0490 0.1950 0.1615 0.1887 0.2354 
          27  1 0.2006 0.0137 0.1816 0.1966 0.1767 0.2307 
          28  1 0.2106 0.0082 0.2286 0.2182 0.2001 0.1342 
          29  1 0.2303 0.0104 0.1902 0.2355 0.1803 0.1533 
          30  1 0.2422 0.0175 0.2537 0.1609 0.2226 0.1031 
          31  1 0.1075 0.3976 0.1095 0.1205 0.1150 0.1499 
          32  1 0.2320 0.0095 0.2895 0.1452 0.2202 0.1036 
          33  1 0.2214 0.0127 0.2133 0.1859 0.1908 0.1758 
          34  1 0.1035 0.4724 0.1119 0.1020 0.1038 0.1064 
          35  1 0.1893 0.0397 0.1672 0.2039 0.1821 0.2178 
          36  1 0.2029 0.0318 0.2157 0.2400 0.1676 0.1419 
          37  1 0.1827 0.0586 0.1581 0.1688 0.1731 0.2586 
          38  1 0.2292 0.0145 0.2117 0.2074 0.1785 0.1587 
          39  1 0.2105 0.0106 0.1856 0.2312 0.1905 0.1716 
          40  1 0.2239 0.0101 0.1987 0.1845 0.1823 0.2004 
          41  1 0.1996 0.0166 0.1716 0.2054 0.1989 0.2079 
          42  1 0.1889 0.0204 0.1924 0.1822 0.2015 0.2145 
          43  1 0.1966 0.0260 0.1592 0.1831 0.1862 0.2488 
          44  1 0.2164 0.0081 0.1910 0.2556 0.1784 0.1506 
          45  1 0.1907 0.0154 0.1533 0.1864 0.2035 0.2507 
          46  1 0.2176 0.0240 0.1872 0.2027 0.2208 0.1477 
          47  1 0.1618 0.0235 0.1658 0.2082 0.1905 0.2502 
          48  1 0.2056 0.0342 0.2331 0.2011 0.1794 0.1465 
          49  1 0.2057 0.0422 0.2302 0.1774 0.2023 0.1421 
          50  1 0.1773 0.0589 0.1295 0.2070 0.1828 0.2445 
          51  1 0.1794 0.0346 0.1548 0.1707 0.1969 0.2636 
          52  1 0.2123 0.0445 0.1950 0.1765 0.2093 0.1623 
          53  1 0.2469 0.0217 0.3074 0.1148 0.2273 0.0820 
          54  1 0.1916 0.0101 0.1670 0.1984 0.2009 0.2319 
          55  1 0.2431 0.0083 0.2676 0.1522 0.2495 0.0793 
          56  1 0.1631 0.0187 0.1763 0.2168 0.1772 0.2479 
          57  1 0.1524 0.0526 0.1475 0.1816 0.1783 0.2876 
          58  1 0.2280 0.0202 0.2175 0.1757 0.2130 0.1457 
          59  1 0.2019 0.0119 0.1930 0.1961 0.2126 0.1844 
          60  1 0.2205 0.0305 0.2194 0.1796 0.1995 0.1505 
          61  1 0.1941 0.0068 0.1471 0.1871 0.1682 0.2967 
          62  1 0.1996 0.0165 0.2001 0.2057 0.2155 0.1627 
          63  1 0.2149 0.0286 0.1579 0.2036 0.1944 0.2007 
          64  1 0.2041 0.0205 0.1849 0.1928 0.1933 0.2044 
          65  1 0.1609 0.0089 0.1724 0.2524 0.1790 0.2264 
          66  1 0.1654 0.0105 0.1832 0.2330 0.1790 0.2288 
          67  1 0.2498 0.0137 0.2016 0.2422 0.1992 0.0934 
          68  1 0.1683 0.0312 0.1573 0.2132 0.1745 0.2555 
          69  1 0.2067 0.0079 0.1799 0.2002 0.1820 0.2232 
          70  1 0.2039 0.0147 0.2729 0.1760 0.2157 0.1168 
          71  1 0.1628 0.0118 0.1612 0.2077 0.1996 0.2569 
          72  1 0.2495 0.0051 0.1946 0.2269 0.2013 0.1228 
          73  1 0.1729 0.0368 0.1828 0.1984 0.1982 0.2110 
          74  1 0.2363 0.0072 0.1856 0.2070 0.2046 0.1594 
          75  1 0.1983 0.0172 0.1846 0.1988 0.1797 0.2215 
          76  1 0.1641 0.0809 0.1404 0.1918 0.1637 0.2591 
          77  1 0.2142 0.0785 0.2038 0.2142 0.1630 0.1262 
          78  1 0.1676 0.0147 0.1741 0.2312 0.1753 0.2371 
          79  1 0.2038 0.0078 0.2154 0.1849 0.2047 0.1834 
          80  1 0.1862 0.0164 0.1544 0.2110 0.1799 0.2521 
          81  1 0.2023 0.0166 0.2208 0.1612 0.2250 0.1741 
          82  1 0.1753 0.0080 0.1505 0.2166 0.1674 0.2822 
          83  1 0.1778 0.0153 0.1687 0.1546 0.1869 0.2967 
          84  1 0.1885 0.0156 0.1804 0.1689 0.1732 0.2734 
          85  1 0.1985 0.0141 0.1735 0.2411 0.1692 0.2036 
          86  1 0.2430 0.0210 0.2161 0.1862 0.2167 0.1170 
          87  1 0.1787 0.0084 0.1631 0.2568 0.1683 0.2246 
          88  1 0.2199 0.0219 0.1554 0.2065 0.1945 0.2019 
          89  1 0.1811 0.0100 0.1508 0.2143 0.1712 0.2726 
          90  1 0.1966 0.0098 0.1730 0.1980 0.1887 0.2339 
          91  1 0.2104 0.0095 0.1853 0.2319 0.2082 0.1548 
          92  1 0.2064 0.0083 0.1943 0.2066 0.1883 0.1962 
          93  1 0.2400 0.0202 0.2215 0.2030 0.2164 0.0990 
          94  1 0.2265 0.0057 0.2571 0.1541 0.2329 0.1236 
          95  1 0.1951 0.0132 0.2319 0.1899 0.2094 0.1605 
          96  1 0.1698 0.1500 0.1887 0.1508 0.1703 0.1704 
          97  1 0.1875 0.0110 0.2128 0.2130 0.2093 0.1663 
          98  1 0.2009 0.0181 0.2453 0.2021 0.1878 0.1458 
          99  1 0.1743 0.0203 0.1956 0.1874 0.1964 0.2261 
         100  1 0.1902 0.0242 0.1957 0.1876 0.1985 0.2038 
         101  1 0.2204 0.0215 0.1716 0.2197 0.1692 0.1977 
         102  1 0.1969 0.0108 0.1742 0.2188 0.1860 0.2133 
         103  1 0.1841 0.0453 0.2092 0.1877 0.1976 0.1760 
         104  1 0.1587 0.0096 0.1720 0.2566 0.1589 0.2442 
         105  1 0.1563 0.0179 0.1405 0.2880 0.1740 0.2233 
         106  1 0.1580 0.0183 0.1426 0.2864 0.1661 0.2286 
         107  1 0.1792 0.0915 0.1587 0.1636 0.1818 0.2251 
         108  1 0.2112 0.0064 0.2660 0.1602 0.2286 0.1276 
         109  1 0.2199 0.0285 0.2466 0.1500 0.2226 0.1324 
         110  1 0.1666 0.0091 0.1561 0.2402 0.1791 0.2488 
         111  1 0.2258 0.0175 0.1993 0.2349 0.2035 0.1190 
         112  1 0.2316 0.0129 0.2310 0.1712 0.2318 0.1215 
         113  1 0.1827 0.0058 0.1761 0.2330 0.2037 0.1987 
         114  1 0.1759 0.0698 0.1651 0.1872 0.1735 0.2285 
         115  1 0.1741 0.0094 0.1541 0.2380 0.1763 0.2482 
         116  1 0.1644 0.0237 0.1221 0.1887 0.1894 0.3117 
         117  1 0.1961 0.0126 0.1651 0.2376 0.1883 0.2003 
         118  1 0.2017 0.0164 0.2707 0.1699 0.2168 0.1246 
         119  1 0.2449 0.0165 0.2248 0.1855 0.2267 0.1016 
         120  1 0.1692 0.1699 0.1790 0.1529 0.1728 0.1562 
         121  1 0.1866 0.0656 0.2234 0.1544 0.2028 0.1672 
         122  1 0.2184 0.0056 0.1691 0.2492 0.1777 0.1798 
         123  1 0.2136 0.0107 0.1688 0.1827 0.2054 0.2187 
         124  1 0.1822 0.0187 0.2105 0.1756 0.2180 0.1950 
         125  1 0.1728 0.0067 0.1657 0.2596 0.1805 0.2146 
         126  1 0.2162 0.0068 0.1980 0.1990 0.2201 0.1598 
         127  1 0.1953 0.0284 0.1859 0.2172 0.1832 0.1900 
         128  1 0.1752 0.0215 0.1773 0.2044 0.1927 0.2288 
         129  1 0.1751 0.0169 0.1654 0.2146 0.2001 0.2279 
         130  1 0.2319 0.0153 0.2543 0.1563 0.2248 0.1174 
         131  1 0.2343 0.0115 0.1936 0.2339 0.1986 0.1281 
         132  1 0.1635 0.0738 0.2133 0.1654 0.1993 0.1847 
         133  1 0.2144 0.0069 0.2005 0.2030 0.2010 0.1741 
         134  1 0.2223 0.0083 0.1746 0.2389 0.2030 0.1530 
         135  1 0.2297 0.0056 0.3034 0.1322 0.2464 0.0827 
         136  1 0.1857 0.0055 0.1617 0.2641 0.1640 0.2190 
         137  1 0.2461 0.0284 0.2177 0.1746 0.2119 0.1212 
         138  1 0.1838 0.0315 0.1651 0.1708 0.1946 0.2541 
         139  1 0.1770 0.0141 0.1924 0.2013 0.1992 0.2160 
         140  1 0.2003 0.0709 0.2722 0.1209 0.2125 0.1232 
         141  1 0.2340 0.0069 0.1716 0.2643 0.1667 0.1565 
         142  1 0.2388 0.0150 0.2002 0.2105 0.2036 0.1320 
         143  1 0.0954 0.5323 0.0924 0.0851 0.0886 0.1061 
         144  1 0.2120 0.0109 0.1529 0.2127 0.2101 0.2013 
         145  1 0.1830 0.0468 0.1885 0.1669 0.1880 0.2268 
         146  1 0.2543 0.0060 0.3229 0.1107 0.2375 0.0685 
         147  1 0.1302 0.2148 0.1417 0.1423 0.1485 0.2225 
         148  1 0.2258 0.0184 0.2073 0.2176 0.1887 0.1422 
         149  1 0.2073 0.0255 0.1716 0.2334 0.1787 0.1836 
         150  1 0.1727 0.0248 0.2076 0.2040 0.1880 0.2029 
         151  1 0.2155 0.0194 0.2716 0.1531 0.2235 0.1169 
         152  1 0.2104 0.0103 0.2737 0.1596 0.2330 0.1130 
         153  1 0.1740 0.0166 0.1875 0.1769 0.1903 0.2546 
         154  1 0.2420 0.0059 0.3071 0.1255 0.2456 0.0739 
         155  1 0.2194 0.0247 0.1662 0.2381 0.1719 0.1796 
         156  1 0.2025 0.0129 0.2007 0.2238 0.1811 0.1790 
         157  1 0.2015 0.0328 0.1809 0.2218 0.1790 0.1841 
         158  1 0.1774 0.0095 0.1724 0.2391 0.1889 0.2126 
         159  1 0.1558 0.0103 0.1492 0.2072 0.1861 0.2913 
         160  1 0.1776 0.0075 0.1755 0.2472 0.1811 0.2111 
         161  1 0.2080 0.0420 0.2087 0.2025 0.1740 0.1647 
         162  1 0.2112 0.0198 0.1905 0.2212 0.1904 0.1669 
         163  1 0.2367 0.0125 0.2386 0.1567 0.2367 0.1189 
         164  1 0.1764 0.0065 0.1522 0.2408 0.1581 0.2659 
         165  1 0.1827 0.0422 0.1625 0.2105 0.1943 0.2079 
         166  1 0.2165 0.0216 0.2782 0.1246 0.2241 0.1350 
         167  1 0.2108 0.0092 0.1677 0.2169 0.1798 0.2156 
         168  1 0.1866 0.0178 0.2569 0.1500 0.2308 0.1579 
         169  1 0.1613 0.0539 0.1566 0.2039 0.1791 0.2452 
         170  1 0.2170 0.0209 0.2045 0.2189 0.2127 0.1259 
         171  1 0.2634 0.0093 0.1949 0.2405 0.2038 0.0880 
         172  1 0.2084 0.0144 0.2073 0.2166 0.1834 0.1699 
         173  1 0.1754 0.0599 0.1743 0.2076 0.1718 0.2110 
         174  1 0.1928 0.0265 0.1626 0.1856 0.1822 0.2504 
         175  1 0.1791 0.0179 0.1533 0.2178 0.1867 0.2452 
         176  1 0.1717 0.0232 0.1920 0.2046 0.1938 0.2148 
         177  1 0.2286 0.0202 0.1906 0.2023 0.2096 0.1487 
         178  1 0.2125 0.0484 0.1564 0.2050 0.1895 0.1883 
         179  1 0.2311 0.0084 0.3075 0.1342 0.2375 0.0813 
         180  1 0.1961 0.0175 0.1837 0.2171 0.1847 0.2010 
         181  1 0.1639 0.1406 0.1543 0.1975 0.1669 0.1768 
         182  1 0.2077 0.0274 0.2123 0.1836 0.2127 0.1563 
         183  1 0.1617 0.0177 0.1606 0.2374 0.1734 0.2492 
         184  1 0.2152 0.0380 0.2454 0.1644 0.2095 0.1274 
         185  1 0.1899 0.0297 0.1729 0.2221 0.2005 0.1849 
         186  1 0.1759 0.0135 0.1720 0.2306 0.1784 0.2296 
         187  1 0.1659 0.0172 0.1709 0.1991 0.1931 0.2539 
         188  1 0.1779 0.0237 0.1713 0.1702 0.1952 0.2617 
         189  1 0.2129 0.0178 0.2860 0.1527 0.2404 0.0902 
         190  1 0.2000 0.0166 0.2389 0.1798 0.2057 0.1589 
         191  1 0.2167 0.0333 0.1998 0.2260 0.1813 0.1429 
         192  1 0.2257 0.0140 0.2195 0.1806 0.2049 0.1552 
         193  1 0.1682 0.0647 0.1653 0.1716 0.1809 0.2492 
         194  1 0.2112 0.0254 0.2346 0.1650 0.2061 0.1575 
         195  1 0.2074 0.0357 0.2183 0.1593 0.2353 0.1440 
         196  1 0.1705 0.1256 0.1507 0.1729 0.1650 0.2153 
         197  1 0.2516 0.0066 0.2365 0.1557 0.2369 0.1127 
         198  1 0.2277 0.0106 0.2494 0.1738 0.2098 0.1287 
         199  1 0.2273 0.0112 0.2155 0.1937 0.2096 0.1426 
         200  1 0.1989 0.0130 0.1750 0.1992 0.1895 0.2244 
         201  1 0.1977 0.0142 0.1710 0.2102 0.2131 0.1938 
         202  1 0.1676 0.0803 0.1564 0.1666 0.1684 0.2606 
         203  1 0.2268 0.0174 0.1846 0.2385 0.1632 0.1695 
         204  1 0.2188 0.0236 0.1771 0.2259 0.2066 0.1480 
         205  1 0.1681 0.0077 0.1844 0.2358 0.1864 0.2176 
         206  1 0.2149 0.0115 0.1908 0.1901 0.2109 0.1818 
         207  1 0.1922 0.0177 0.2277 0.1901 0.1901 0.1823 
         208  1 0.1727 0.0456 0.1617 0.2120 0.1815 0.2265 
         209  1 0.2059 0.0104 0.1408 0.1788 0.1775 0.2867 
         210  1 0.2145 0.0079 0.1721 0.2361 0.1827 0.1866 
         211  1 0.2133 0.0078 0.2771 0.1570 0.2172 0.1276 
         212  1 0.1820 0.0178 0.1785 0.2257 0.1896 0.2065 
         213  1 0.1785 0.0534 0.1650 0.1876 0.1678 0.2476 
         214  1 0.1985 0.0111 0.1910 0.2123 0.1741 0.2131 
         215  1 0.1865 0.0172 0.1674 0.1974 0.1816 0.2499 
         216  1 0.2042 0.0282 0.2529 0.1494 0.2181 0.1471 
         217  1 0.1635 0.0294 0.1639 0.1938 0.1877 0.2616 
         218  1 0.1962 0.0238 0.1766 0.2245 0.1790 0.1999 
         219  1 0.2297 0.0087 0.1674 0.2413 0.1848 0.1681 
         220  1 0.1670 0.0276 0.1624 0.2001 0.1709 0.2720 
         221  1 0.1759 0.0067 0.2314 0.1811 0.2314 0.1736 
         222  1 0.1608 0.0058 0.1701 0.2463 0.1764 0.2405 
         223  1 0.2280 0.0247 0.1980 0.1800 0.2104 0.1589 
         224  1 0.2160 0.0085 0.2887 0.1456 0.2172 0.1240 
         225  1 0.2331 0.0063 0.2165 0.2305 0.1819 0.1317 
         226  1 0.1871 0.0115 0.1684 0.2064 0.1890 0.2376 
         227  1 0.1496 0.0098 0.1785 0.2275 0.1633 0.2714 
         228  1 0.1711 0.0359 0.1731 0.2175 0.1736 0.2287 
         229  1 0.2321 0.0084 0.2914 0.1324 0.2423 0.0933 
         230  1 0.1798 0.0167 0.1503 0.2048 0.2082 0.2402 
         231  1 0.1862 0.0232 0.1605 0.1831 0.1756 0.2715 
         232  1 0.1460 0.0077 0.1690 0.2477 0.1815 0.2481 
         233  1 0.1861 0.0202 0.2123 0.1845 0.2053 0.1917 
         234  1 0.2225 0.0094 0.1983 0.1828 0.2154 0.1715 
         235  1 0.1846 0.0171 0.1838 0.2144 0.1665 0.2336 
         236  1 0.1950 0.0571 0.1773 0.2109 0.1722 0.1876 
         237  1 0.1880 0.0074 0.1874 0.2018 0.1889 0.2265 
         238  1 0.1923 0.0217 0.2266 0.1616 0.1861 0.2118 
         239  1 0.1825 0.0963 0.1377 0.1754 0.1717 0.2364 
         240  1 0.2312 0.0073 0.2024 0.1940 0.2003 0.1648 
         241  1 0.2229 0.0070 0.2025 0.1972 0.2095 0.1608 
         242  1 0.1951 0.0226 0.1861 0.1642 0.1824 0.2497 
         243  1 0.1964 0.0137 0.2412 0.1755 0.2191 0.1541 
         244  1 0.1987 0.0355 0.1945 0.1881 0.2046 0.1787 
         245  1 0.2431 0.0079 0.1697 0.2560 0.1749 0.1484 
         246  1 0.1731 0.1307 0.1312 0.1770 0.1663 0.2217 
         247  1 0.1811 0.0134 0.1565 0.2189 0.1764 0.2537 
         248  1 0.1995 0.0355 0.1949 0.1803 0.2170 0.1729 
         249  1 0.1664 0.0272 0.1408 0.1721 0.1788 0.3147 
         250  1 0.1915 0.0132 0.1439 0.2054 0.2005 0.2455 
         251  1 0.2251 0.0103 0.2411 0.1689 0.2172 0.1373 
         252  1 0.1039 0.4350 0.1126 0.1116 0.1153 0.1216 
         253  1 0.2027 0.0522 0.2685 0.1344 0.2152 0.1269 
         254  1 0.2257 0.0077 0.1624 0.1856 0.2030 0.2156 
         255  1 0.2331 0.0177 0.2012 0.1879 0.2243 0.1358 
         256  1 0.2216 0.0097 0.1973 0.1825 0.2285 0.1603 
         257  1 0.1801 0.0076 0.1686 0.2481 0.1845 0.2112 
         258  1 0.2096 0.0141 0.2172 0.1710 0.1982 0.1899 
         259  1 0.2051 0.0343 0.2662 0.1636 0.2035 0.1273 
         260  1 0.1995 0.0098 0.2212 0.2098 0.1931 0.1665 
         261  1 0.1709 0.0226 0.1685 0.2417 0.1646 0.2317 
         262  1 0.1571 0.0427 0.1678 0.2039 0.1833 0.2452 
         263  1 0.1757 0.0305 0.1824 0.2012 0.1747 0.2355 
         264  1 0.2381 0.0202 0.1919 0.1813 0.2213 0.1472 
         265  1 0.2077 0.0138 0.2341 0.1796 0.2070 0.1579 
         266  1 0.2378 0.0124 0.2010 0.2418 0.2094 0.0976 
         267  1 0.1896 0.0664 0.1728 0.2131 0.1744 0.1838 
         268  1 0.2008 0.0115 0.1826 0.2140 0.1920 0.1991 
         269  1 0.2201 0.0107 0.2397 0.1619 0.2015 0.1660 
         270  1 0.2059 0.0058 0.2009 0.2134 0.2121 0.1619 
         271  1 0.2489 0.0121 0.2019 0.2239 0.2168 0.0964 
         272  1 0.2242 0.0241 0.2949 0.1286 0.2223 0.1059 
         273  1 0.1941 0.0211 0.2306 0.1589 0.2086 0.1867 
         274  1 0.1666 0.0287 0.1678 0.2046 0.1751 0.2571 
         275  1 0.1935 0.0095 0.1715 0.2282 0.1859 0.2113 
         276  1 0.1589 0.0135 0.1903 0.2161 0.1866 0.2346 
         277  1 0.2540 0.0070 0.3029 0.1400 0.2331 0.0630 
         278  1 0.2413 0.0081 0.3300 0.1103 0.2482 0.0621 
         279  1 0.2224 0.0203 0.2111 0.2183 0.2156 0.1124 
         280  1 0.1943 0.0108 0.1824 0.2197 0.2062 0.1867 
         281  1 0.2249 0.0201 0.2184 0.2101 0.2198 0.1066 
         282  1 0.1864 0.0176 0.2547 0.1641 0.2333 0.1438 
         283  1 0.2278 0.0131 0.2504 0.1603 0.2355 0.1129 
         284  1 0.1952 0.0080 0.2334 0.1845 0.2276 0.1514 
         285  1 0.1675 0.0149 0.1567 0.1949 0.1964 0.2696 
         286  1 0.1753 0.0175 0.1511 0.2035 0.1790 0.2735 
         287  1 0.2086 0.0101 0.1992 0.1853 0.2269 0.1700 
         288  1 0.2116 0.0164 0.2276 0.1879 0.2182 0.1384 
         289  1 0.2061 0.0178 0.2225 0.1749 0.2106 0.1681 
         290  1 0.2229 0.0202 0.3046 0.1305 0.2357 0.0861 
         291  1 0.2284 0.0276 0.1792 0.2418 0.1732 0.1498 
         292  1 0.2183 0.0078 0.1940 0.1864 0.2145 0.1789 
         293  1 0.2064 0.0092 0.1588 0.1992 0.1851 0.2415 
         294  1 0.2370 0.0227 0.2753 0.1311 0.2419 0.0921 
         295  1 0.1974 0.0187 0.2267 0.1895 0.2113 0.1565 
         296  1 0.1780 0.0252 0.1693 0.1845 0.1924 0.2507 
         297  1 0.1697 0.0942 0.1724 0.2147 0.1473 0.2017 
         298  1 0.1900 0.0156 0.1649 0.2399 0.1647 0.2248 
         299  1 0.1649 0.0056 0.1595 0.2706 0.1474 0.2520 
         300  1 0.1857 0.0272 0.1902 0.1919 0.2008 0.2041 
         301  1 0.1832 0.0221 0.1854 0.1728 0.1977 0.2387 
         302  1 0.1624 0.0141 0.1728 0.2271 0.1864 0.2371 
         303  1 0.1961 0.0467 0.1533 0.1968 0.1789 0.2281 
         304  1 0.2193 0.0133 0.2662 0.1485 0.2247 0.1280 
         305  1 0.2295 0.0093 0.2784 0.1309 0.2298 0.1221 
         306  1 0.1845 0.0111 0.1597 0.2237 0.2067 0.2143 
         307  1 0.1827 0.0204 0.1495 0.1943 0.1966 0.2563 
         308  1 0.1843 0.0168 0.1994 0.1588 0.2001 0.2405 
         309  1 0.2295 0.0105 0.3084 0.1291 0.2290 0.0936 
         310  1 0.2248 0.0148 0.2058 0.2003 0.1861 0.1683 
         311  1 0.1632 0.0248 0.1713 0.2146 0.1595 0.2666 
         312  1 0.1638 0.0196 0.1774 0.1816 0.1609 0.2967 
         313  1 0.2290 0.0169 0.2187 0.1732 0.2264 0.1359 
         314  1 0.1797 0.0086 0.1908 0.2292 0.1758 0.2159 
         315  1 0.1858 0.0602 0.1691 0.1954 0.1801 0.2095 
         316  1 0.1599 0.0502 0.1422 0.1873 0.1794 0.2810 
         317  1 0.1997 0.0598 0.1419 0.2125 0.1872 0.1989 
         318  1 0.2129 0.0111 0.1981 0.2223 0.1922 0.1635 
         319  1 0.2513 0.0090 0.2466 0.1644 0.2257 0.1030 
         320  1 0.1982 0.0070 0.1822 0.2214 0.1878 0.2034 
         321  1 0.2098 0.0139 0.1698 0.2124 0.2091 0.1850 
         322  1 0.2235 0.0286 0.2384 0.1643 0.2325 0.1127 
         323  1 0.2166 0.0146 0.2490 0.1597 0.2220 0.1380 
         324  1 0.1826 0.0136 0.1608 0.1954 0.1892 0.2584 
         325  1 0.1774 0.0060 0.1716 0.2427 0.1888 0.2135 
         326  1 0.2190 0.0080 0.1817 0.1780 0.2065 0.2068 
         327  1 0.1947 0.0274 0.1560 0.1854 0.1888 0.2477 
         328  1 0.2026 0.0774 0.1453 0.2104 0.1753 0.1890 
         329  1 0.2255 0.0090 0.2541 0.1454 0.2132 0.1527 
         330  1 0.2450 0.0357 0.1884 0.1926 0.1995 0.1388 
         331  1 0.1912 0.0156 0.2160 0.1725 0.2317 0.1731 
         332  1 0.2198 0.0226 0.2194 0.2107 0.2069 0.1207 
         333  1 0.2093 0.0188 0.1713 0.2166 0.1651 0.2188 
         334  1 0.1976 0.1119 0.1917 0.2239 0.1539 0.1210 
         335  1 0.2380 0.0074 0.1919 0.2477 0.1908 0.1243 
         336  1 0.2057 0.0124 0.2537 0.1729 0.2089 0.1464 
         337  1 0.2029 0.0358 0.2084 0.1658 0.2287 0.1585 
         338  1 0.1816 0.0297 0.2433 0.1585 0.2337 0.1531 
         339  1 0.1632 0.0975 0.2033 0.1597 0.2104 0.1659 
         340  1 0.1847 0.0152 0.1924 0.2166 0.2071 0.1840 
         341  1 0.2279 0.0152 0.1929 0.2371 0.1902 0.1367 
         342  1 0.1165 0.3657 0.1025 0.1327 0.1157 0.1670 
         343  1 0.1849 0.0262 0.1845 0.2335 0.1737 0.1972 
         344  1 0.2183 0.0207 0.1749 0.2142 0.2084 0.1634 
         345  1 0.1742 0.0336 0.2028 0.2075 0.1933 0.1885 
         346  1 0.2333 0.0171 0.1836 0.2372 0.1741 0.1547 
         347  1 0.1527 0.0432 0.2016 0.1771 0.1859 0.2395 
         348  1 0.1621 0.0053 0.1538 0.2503 0.1552 0.2733 
         349  1 0.1402 0.1495 0.1716 0.1609 0.1556 0.2223 
         350  1 0.1685 0.0169 0.1885 0.2385 0.1741 0.2135 
         351  1 0.2075 0.0103 0.1992 0.2124 0.2012 0.1695 
         352  1 0.1943 0.0065 0.2328 0.1986 0.1971 0.1707 
         353  1 0.2502 0.0077 0.1990 0.2210 0.2171 0.1050 
         354  1 0.1912 0.0113 0.1685 0.2086 0.1802 0.2402 
         355  1 0.1952 0.0163 0.1467 0.1950 0.1869 0.2600 
         356  1 0.1855 0.0443 0.1385 0.2099 0.1761 0.2458 
         357  1 0.2089 0.0106 0.1555 0.1923 0.1884 0.2443 
         358  1 0.1702 0.0073 0.1688 0.2640 0.1583 0.2314 
         359  1 0.1670 0.1858 0.1428 0.1691 0.1478 0.1876 
         360  1 0.1911 0.0174 0.1807 0.2190 0.1904 0.2013 
         361  1 0.1492 0.1148 0.1787 0.1573 0.1578 0.2423 
         362  1 0.1622 0.0229 0.1872 0.1823 0.1768 0.2686 
         363  1 0.1688 0.0076 0.1736 0.2497 0.1647 0.2357 
         364  1 0.1952 0.0462 0.2179 0.1662 0.2160 0.1586 
         365  1 0.1858 0.1220 0.1591 0.1868 0.1841 0.1622 
         366  1 0.1839 0.0206 0.1772 0.2094 0.1809 0.2281 
         367  1 0.2087 0.0176 0.2436 0.1819 0.1917 0.1564 
         368  1 0.2542 0.0114 0.2455 0.1694 0.2353 0.0842 
         369  1 0.1631 0.0080 0.1849 0.1857 0.2022 0.2561 
         370  1 0.2022 0.0089 0.2320 0.2042 0.1919 0.1609 
         371  1 0.2318 0.0111 0.1828 0.2443 0.2106 0.1194 
         372  1 0.1566 0.0737 0.1717 0.1757 0.1634 0.2588 
         373  1 0.1501 0.0735 0.1622 0.1627 0.1699 0.2816 
         374  1 0.2054 0.0602 0.2281 0.1840 0.1984 0.1239 
         375  1 0.1892 0.0168 0.1945 0.1990 0.1947 0.2058 
         376  1 0.1901 0.0088 0.2012 0.2081 0.2135 0.1784 
         377  1 0.1534 0.0222 0.1663 0.2400 0.1978 0.2202 
         378  1 0.1988 0.0169 0.1838 0.1915 0.2107 0.1983 
         379  1 0.1563 0.0196 0.1637 0.2204 0.1916 0.2484 
         380  1 0.2638 0.0095 0.2247 0.2044 0.2159 0.0816 
         381  1 0.2307 0.0153 0.1834 0.2167 0.1947 0.1591 
         382  1 0.2087 0.0113 0.1909 0.2274 0.1928 0.1688 
         383  1 0.1816 0.0116 0.1825 0.2113 0.1625 0.2506 
         384  1 0.1677 0.0129 0.1874 0.2112 0.1760 0.2448 
         385  1 0.1863 0.0158 0.2091 0.1774 0.1954 0.2160 
         386  1 0.1828 0.0174 0.1544 0.2007 0.1890 0.2557 
         387  1 0.1852 0.0187 0.2260 0.2002 0.2004 0.1695 
         388  1 0.2166 0.0588 0.1701 0.2392 0.1607 0.1547 
         389  1 0.1997 0.0071 0.1703 0.2015 0.1919 0.2295 
         390  1 0.2355 0.0100 0.1918 0.1916 0.2176 0.1536 
         391  1 0.2231 0.0156 0.2458 0.2162 0.1862 0.1132 
         392  1 0.1669 0.0206 0.2004 0.1860 0.2109 0.2152 
         393  1 0.1798 0.0118 0.1976 0.2221 0.1871 0.2017 
         394  1 0.1964 0.0245 0.1675 0.2128 0.1970 0.2018 
         395  1 0.1621 0.1539 0.1896 0.1591 0.1719 0.1633 
         396  1 0.2082 0.0066 0.1772 0.2031 0.1721 0.2328 
         397  1 0.2207 0.0205 0.1688 0.2197 0.1947 0.1756 
         398  1 0.2005 0.0186 0.2538 0.1591 0.2286 0.1394 
         399  1 0.1493 0.0121 0.1878 0.2361 0.1819 0.2328 
         400  1 0.1618 0.0282 0.1709 0.1980 0.2051 0.2360 
         401  1 0.1788 0.0128 0.2144 0.1804 0.2048 0.2087 
         402  1 0.1901 0.1398 0.1500 0.2144 0.1602 0.1454 
         403  1 0.2214 0.0227 0.1691 0.2492 0.1769 0.1608 
         404  1 0.0599 0.6846 0.0610 0.0633 0.0588 0.0726 
         405  1 0.1720 0.0467 0.1845 0.2034 0.2038 0.1896 
         406  1 0.1600 0.0671 0.1407 0.1931 0.1875 0.2515 
         407  1 0.0675 0.5718 0.0776 0.0798 0.0819 0.1214 
         408  1 0.1910 0.0147 0.2473 0.1796 0.2233 0.1441 
         409  1 0.1952 0.1229 0.2566 0.1172 0.2034 0.1048 
         410  1 0.1435 0.0121 0.1778 0.2355 0.1898 0.2414 
         411  1 0.1964 0.0130 0.1805 0.2005 0.2021 0.2074 
         412  1 0.2104 0.0290 0.2470 0.1437 0.2231 0.1469 
         413  1 0.1782 0.1002 0.1498 0.1581 0.1751 0.2387 
         414  1 0.2025 0.0247 0.1916 0.2215 0.1974 0.1623 
         415  1 0.2287 0.0093 0.2720 0.1572 0.2145 0.1184 
         416  1 0.1744 0.0082 0.1950 0.2536 0.1515 0.2173 
         417  1 0.1693 0.0136 0.1566 0.2264 0.1853 0.2488 
         418  1 0.1566 0.0107 0.1463 0.2046 0.1576 0.3242 
         419  1 0.1899 0.0432 0.2670 0.1414 0.2047 0.1539 
         420  1 0.1975 0.0522 0.1840 0.1958 0.1827 0.1877 
         421  1 0.1791 0.0093 0.1536 0.1698 0.2000 0.2882 
         422  1 0.1328 0.0098 0.1886 0.2280 0.1836 0.2571 
         423  1 0.2244 0.0209 0.2113 0.2209 0.1729 0.1496 
         424  1 0.1716 0.0078 0.1893 0.2384 0.1819 0.2111 
         425  1 0.1552 0.0113 0.1932 0.2292 0.1765 0.2347 
         426  1 0.1912 0.0407 0.1756 0.1929 0.1986 0.2010 
         427  1 0.1449 0.0234 0.1788 0.2355 0.1737 0.2437 
         428  1 0.2084 0.0280 0.1671 0.2094 0.1967 0.1904 
         429  1 0.1655 0.0155 0.1974 0.2181 0.1682 0.2353 
         430  1 0.2038 0.0111 0.2064 0.2004 0.1926 0.1858 
         431  1 0.1587 0.0126 0.1606 0.1783 0.1518 0.3381 
         432  1 0.0925 0.4681 0.0967 0.1119 0.0959 0.1348 
         433  1 0.1860 0.0457 0.2075 0.2073 0.1712 0.1823 
         434  1 0.1717 0.0194 0.1965 0.1873 0.2062 0.2189 
         435  1 0.1948 0.0167 0.1821 0.1992 0.1874 0.2199 
         436  1 0.1496 0.0220 0.1831 0.2310 0.1822 0.2321 
         437  1 0.1935 0.0086 0.1636 0.2224 0.1827 0.2292 
         438  1 0.1547 0.0121 0.1797 0.2277 0.1674 0.2585 
         439  1 0.1035 0.4433 0.1087 0.1145 0.1030 0.1270 
         440  1 0.1734 0.0558 0.1596 0.2094 0.1700 0.2318 
         441  1 0.2008 0.0224 0.1976 0.1753 0.2048 0.1992 
         442  1 0.2350 0.0127 0.3010 0.1257 0.2405 0.0851 
         443  1 0.1836 0.0420 0.2249 0.1450 0.2063 0.1982 
         444  1 0.1999 0.0313 0.1728 0.2203 0.1946 0.1812 
         445  1 0.1474 0.1173 0.1300 0.1719 0.1673 0.2660 
         446  1 0.1674 0.0988 0.1709 0.1492 0.1836 0.2301 
         447  1 0.1686 0.0255 0.1712 0.1984 0.1876 0.2488 
         448  1 0.1664 0.1020 0.1509 0.1755 0.1810 0.2241 
         449  1 0.1779 0.1045 0.1771 0.1598 0.1796 0.2011 
         450  1 0.1616 0.0618 0.1526 0.1840 0.1733 0.2667 
         451  1 0.2270 0.0173 0.3099 0.1165 0.2344 0.0948 
         452  1 0.1559 0.0510 0.1688 0.1978 0.1887 0.2377 
         453  1 0.1358 0.1034 0.1600 0.2077 0.1722 0.2208 
         454  1 0.1801 0.1340 0.1653 0.1602 0.1755 0.1850 
         455  1 0.1714 0.1014 0.1785 0.1486 0.1749 0.2253 
         456  1 0.1640 0.1440 0.1707 0.1433 0.1646 0.2135 
         457  1 0.1397 0.0818 0.1569 0.1806 0.1597 0.2813 
         458  1 0.1693 0.0738 0.1373 0.2002 0.1830 0.2364 
         459  1 0.1975 0.0122 0.2244 0.1750 0.2146 0.1763 
         460  1 0.2239 0.0109 0.3074 0.1287 0.2436 0.0855 
         461  1 0.1526 0.1070 0.1427 0.1695 0.1635 0.2648 
         462  1 0.0093 0.9516 0.0099 0.0097 0.0095 0.0100 
         463  1 0.0103 0.9459 0.0096 0.0109 0.0111 0.0121 
         464  1 0.0212 0.9025 0.0169 0.0184 0.0192 0.0218 
         465  1 0.1248 0.1969 0.1221 0.1625 0.1466 0.2471 
         466  1 0.0248 0.8585 0.0245 0.0303 0.0285 0.0334 
         467  1 0.1358 0.3126 0.1300 0.1224 0.1482 0.1510 
         468  1 0.1620 0.2945 0.1280 0.1583 0.1469 0.1103 
         469  1 0.1547 0.1596 0.1314 0.1623 0.1510 0.2410 
         470  1 0.0581 0.6937 0.0528 0.0587 0.0640 0.0727 
         471  1 0.1285 0.2992 0.1145 0.1293 0.1350 0.1935 
         472  1 0.1464 0.2490 0.1367 0.1589 0.1353 0.1737 
         473  1 0.1249 0.2163 0.1373 0.1598 0.1554 0.2063 
         474  1 0.0166 0.9167 0.0169 0.0165 0.0174 0.0159 
         475  1 0.0646 0.5985 0.0650 0.0711 0.0689 0.1320 
         476  1 0.0225 0.8717 0.0304 0.0229 0.0252 0.0274 
         477  1 0.0216 0.8905 0.0236 0.0207 0.0228 0.0208 
         478  1 0.1322 0.2895 0.1401 0.1484 0.1309 0.1590 
         479  1 0.0181 0.9094 0.0185 0.0179 0.0174 0.0186 
         480  1 0.0145 0.9190 0.0152 0.0175 0.0168 0.0170 
         481  1 0.0214 0.8836 0.0233 0.0222 0.0220 0.0275 
         482  1 0.0084 0.9589 0.0085 0.0080 0.0085 0.0077 
         483  1 0.0221 0.8829 0.0223 0.0205 0.0254 0.0270 
         484  1 0.1725 0.0766 0.1544 0.1927 0.1773 0.2265 
         485  1 0.0655 0.6648 0.0553 0.0633 0.0593 0.0918 
         486  1 0.0327 0.8150 0.0401 0.0358 0.0347 0.0418 
         487  1 0.0090 0.9530 0.0095 0.0097 0.0093 0.0095 
         488  1 0.0261 0.8720 0.0235 0.0225 0.0260 0.0299 
         489  1 0.0945 0.4494 0.0963 0.0953 0.1030 0.1614 
         490  1 0.1606 0.2270 0.1513 0.1583 0.1449 0.1579 
         491  1 0.0187 0.9053 0.0189 0.0181 0.0188 0.0202 
         492  1 0.0505 0.7269 0.0460 0.0537 0.0552 0.0677 
         493  1 0.0131 0.9349 0.0137 0.0129 0.0130 0.0124 
         494  1 0.0083 0.9594 0.0084 0.0079 0.0080 0.0080 
         495  1 0.0082 0.9598 0.0086 0.0076 0.0079 0.0079 
         496  1 0.0245 0.8792 0.0236 0.0244 0.0234 0.0250 
         497  1 0.1795 0.0578 0.2373 0.1495 0.2050 0.1710 
         498  1 0.1247 0.3544 0.1220 0.1180 0.1294 0.1514 
         499  1 0.0153 0.9190 0.0170 0.0157 0.0164 0.0165 
         500  1 0.0918 0.4703 0.1037 0.0968 0.0959 0.1415 
         501  1 0.0100 0.9479 0.0106 0.0106 0.0101 0.0108 
         502  1 0.0140 0.9330 0.0139 0.0139 0.0135 0.0118 
         503  1 0.0097 0.9525 0.0090 0.0090 0.0095 0.0104 
         504  1 0.0154 0.9196 0.0155 0.0159 0.0169 0.0167 
         505  1 0.0544 0.7174 0.0567 0.0559 0.0555 0.0601 
         506  1 0.0413 0.7845 0.0467 0.0410 0.0417 0.0447 
         507  1 0.0184 0.8993 0.0201 0.0183 0.0218 0.0222 
         508  1 0.0809 0.5783 0.0732 0.0830 0.0840 0.1006 
         509  1 0.0074 0.9637 0.0071 0.0071 0.0072 0.0074 
         510  1 0.0153 0.9235 0.0146 0.0155 0.0147 0.0163 
         511  1 0.0111 0.9461 0.0112 0.0113 0.0105 0.0098 
         512  1 0.0223 0.8790 0.0226 0.0237 0.0248 0.0276 
         513  1 0.2043 0.0551 0.1757 0.2105 0.1956 0.1588 
         514  1 0.0118 0.9444 0.0122 0.0101 0.0112 0.0103 
         515  1 0.0467 0.7411 0.0424 0.0558 0.0513 0.0627 
         516  1 0.1259 0.4146 0.1186 0.1257 0.1043 0.1109 
         517  1 0.0137 0.9279 0.0156 0.0133 0.0144 0.0151 
         518  1 0.0090 0.9551 0.0091 0.0086 0.0088 0.0093 
         519  1 0.0171 0.9155 0.0175 0.0158 0.0185 0.0156 
         520  1 0.0286 0.8530 0.0295 0.0324 0.0264 0.0300 
         521  1 0.0109 0.9456 0.0114 0.0102 0.0109 0.0111 
         522  1 0.0082 0.9577 0.0083 0.0082 0.0088 0.0088 
         523  1 0.1051 0.4549 0.1173 0.0964 0.1056 0.1206 
         524  1 0.0279 0.8618 0.0262 0.0228 0.0256 0.0357 
         525  1 0.0215 0.8856 0.0236 0.0195 0.0238 0.0260 
         526  1 0.0211 0.8849 0.0252 0.0210 0.0239 0.0239 
         527  1 0.0280 0.8451 0.0260 0.0343 0.0296 0.0369 
         528  1 0.0247 0.8666 0.0237 0.0282 0.0256 0.0311 
         529  1 0.0682 0.6127 0.0643 0.0827 0.0762 0.0958 
         530  1 0.0094 0.9533 0.0095 0.0089 0.0092 0.0097 
         531  1 0.0267 0.8733 0.0265 0.0237 0.0271 0.0227 
         532  1 0.0161 0.9192 0.0170 0.0155 0.0172 0.0150 
         533  1 0.0130 0.9343 0.0127 0.0126 0.0125 0.0148 
         534  1 0.0213 0.8913 0.0188 0.0211 0.0223 0.0252 
         535  1 0.0149 0.9294 0.0149 0.0128 0.0135 0.0145 
         536  1 0.0067 0.9647 0.0068 0.0076 0.0065 0.0077 
         537  1 0.0094 0.9527 0.0101 0.0098 0.0089 0.0091 
         538  1 0.0073 0.9628 0.0072 0.0077 0.0075 0.0075 
         539  1 0.0063 0.9680 0.0063 0.0064 0.0063 0.0067 
         540  1 0.0228 0.8859 0.0227 0.0207 0.0256 0.0223 
         541  1 0.1474 0.1291 0.1403 0.1822 0.1645 0.2365 
         542  1 0.0106 0.9436 0.0124 0.0105 0.0116 0.0114 
         543  1 0.0326 0.8359 0.0348 0.0302 0.0317 0.0348 
         544  1 0.0167 0.9169 0.0168 0.0164 0.0166 0.0165 
         545  1 0.0071 0.9642 0.0069 0.0071 0.0072 0.0076 
         546  1 0.0929 0.5090 0.1049 0.0908 0.1003 0.1022 
         547  1 0.0384 0.7980 0.0394 0.0410 0.0411 0.0421 
         548  1 0.0148 0.9252 0.0148 0.0149 0.0155 0.0149 
         549  1 0.0156 0.9256 0.0158 0.0145 0.0150 0.0135 
         550  1 0.0084 0.9585 0.0079 0.0088 0.0085 0.0078 
         551  1 0.2111 0.0842 0.1754 0.2220 0.1637 0.1436 
         552  1 0.0191 0.9062 0.0186 0.0191 0.0158 0.0213 
         553  1 0.1004 0.4420 0.1126 0.1064 0.1117 0.1268 
         554  1 0.0435 0.7610 0.0435 0.0458 0.0475 0.0587 
         555  1 0.0095 0.9548 0.0090 0.0092 0.0086 0.0089 
         556  1 0.0261 0.8532 0.0238 0.0303 0.0298 0.0367 
         557  1 0.0077 0.9632 0.0072 0.0070 0.0072 0.0076 
         558  1 0.0414 0.7777 0.0431 0.0443 0.0463 0.0471 
         559  1 0.1021 0.5142 0.0890 0.1032 0.0810 0.1105 
         560  1 0.0289 0.8398 0.0306 0.0324 0.0293 0.0390 
         561  1 0.0386 0.7849 0.0408 0.0421 0.0426 0.0510 
         562  1 0.0070 0.9661 0.0066 0.0069 0.0068 0.0065 
         563  1 0.0130 0.9353 0.0117 0.0136 0.0129 0.0136 
         564  1 0.0122 0.9397 0.0128 0.0118 0.0123 0.0112 
         565  1 0.0364 0.7910 0.0369 0.0363 0.0409 0.0584 
         566  1 0.1316 0.2411 0.1405 0.1360 0.1592 0.1916 
         567  1 0.0148 0.9258 0.0149 0.0143 0.0144 0.0158 
         568  1 0.0416 0.7909 0.0396 0.0430 0.0400 0.0447 
         569  1 0.0144 0.9280 0.0148 0.0147 0.0140 0.0141 
         570  1 0.1603 0.2848 0.2268 0.0850 0.1672 0.0760 
         571  1 0.1254 0.2845 0.1208 0.1476 0.1276 0.1940 
         572  1 0.0278 0.8515 0.0270 0.0324 0.0293 0.0321 
         573  1 0.1853 0.0103 0.1905 0.1940 0.1979 0.2219 
         574  1 0.1636 0.0820 0.1342 0.1808 0.1926 0.2467 
         575  1 0.1982 0.0562 0.1464 0.1956 0.1775 0.2261 
         576  1 0.1684 0.0282 0.1792 0.2091 0.1943 0.2208 
         577  1 0.1587 0.0156 0.1837 0.2285 0.1714 0.2421 
         578  1 0.1371 0.1526 0.1203 0.1487 0.1589 0.2824 
         579  1 0.0268 0.8400 0.0325 0.0366 0.0316 0.0325 
         580  1 0.0838 0.5270 0.0818 0.0874 0.0878 0.1322 
         581  1 0.0121 0.9441 0.0114 0.0113 0.0113 0.0097 
         582  1 0.2228 0.0269 0.2879 0.1154 0.2149 0.1322 
         583  1 0.0138 0.9278 0.0137 0.0141 0.0141 0.0165 
         584  1 0.0831 0.5495 0.0860 0.0798 0.0846 0.1170 
         585  1 0.1080 0.4322 0.1033 0.1185 0.1126 0.1254 
         586  1 0.0134 0.9323 0.0132 0.0139 0.0128 0.0144 
         587  1 0.0196 0.9055 0.0202 0.0175 0.0197 0.0174 
         588  1 0.0103 0.9448 0.0126 0.0104 0.0113 0.0106 
         589  1 0.0579 0.7116 0.0635 0.0499 0.0582 0.0589 
         590  1 0.0127 0.9352 0.0142 0.0116 0.0140 0.0124 
         591  1 0.0120 0.9355 0.0117 0.0138 0.0130 0.0139 
         592  1 0.0457 0.7539 0.0434 0.0422 0.0505 0.0643 
         593  1 0.0118 0.9401 0.0125 0.0116 0.0120 0.0121 
         594  1 0.1185 0.2508 0.1333 0.1637 0.1411 0.1925 
         595  1 0.0476 0.7511 0.0477 0.0457 0.0533 0.0547 
         596  1 0.0070 0.9653 0.0073 0.0064 0.0067 0.0074 
         597  1 0.0136 0.9321 0.0134 0.0125 0.0137 0.0147 
         598  1 0.0886 0.5171 0.1137 0.0793 0.1080 0.0933 
         599  1 0.0086 0.9572 0.0082 0.0084 0.0085 0.0091 
         600  1 0.0144 0.9302 0.0138 0.0139 0.0127 0.0150 
         601  1 0.0087 0.9563 0.0094 0.0089 0.0084 0.0083 
         602  1 0.0474 0.7145 0.0553 0.0563 0.0576 0.0689 
         603  1 0.0335 0.8391 0.0306 0.0323 0.0281 0.0364 
         604  1 0.1030 0.4250 0.1471 0.0872 0.1405 0.0971 
         605  1 0.0270 0.8710 0.0249 0.0233 0.0258 0.0280 
         606  1 0.0344 0.8383 0.0369 0.0285 0.0315 0.0304 
         607  1 0.0065 0.9659 0.0068 0.0069 0.0067 0.0071 
         608  1 0.1019 0.4872 0.0857 0.0949 0.1077 0.1227 
         609  1 0.0227 0.8812 0.0221 0.0228 0.0242 0.0270 
         610  1 0.0200 0.8989 0.0193 0.0195 0.0193 0.0230 
         611  1 0.0562 0.6677 0.0664 0.0681 0.0644 0.0772 
         612  1 0.1415 0.0636 0.1441 0.1795 0.1831 0.2882 
         613  1 0.0099 0.9488 0.0100 0.0104 0.0094 0.0115 
         614  1 0.0093 0.9544 0.0088 0.0091 0.0093 0.0091 
         615  1 0.0098 0.9481 0.0101 0.0098 0.0103 0.0119 
         616  1 0.0413 0.7699 0.0357 0.0381 0.0467 0.0684 
         617  1 0.0162 0.9217 0.0177 0.0155 0.0156 0.0133 
         618  1 0.0515 0.7180 0.0475 0.0533 0.0581 0.0715 
         619  1 0.0141 0.9312 0.0134 0.0127 0.0144 0.0142 
         620  1 0.0179 0.9021 0.0195 0.0193 0.0187 0.0225 
         621  1 0.1819 0.0478 0.2514 0.1457 0.2278 0.1454 
         622  1 0.0130 0.9315 0.0134 0.0123 0.0136 0.0162 
         623  1 0.0255 0.8771 0.0267 0.0228 0.0242 0.0237 
