           1  1 0.8792 0.0428 0.0416 0.0364 
           2  1 0.9196 0.0237 0.0211 0.0356 
           3  1 0.9394 0.0204 0.0219 0.0183 
           4  1 0.9233 0.0320 0.0179 0.0268 
           5  1 0.9521 0.0171 0.0165 0.0144 
           6  1 0.9488 0.0181 0.0172 0.0159 
           7  1 0.9025 0.0349 0.0251 0.0375 
           8  1 0.9464 0.0188 0.0174 0.0174 
           9  1 0.9451 0.0191 0.0184 0.0174 
          10  1 0.9590 0.0130 0.0141 0.0139 
          11  1 0.9373 0.0211 0.0198 0.0219 
          12  1 0.3223 0.3285 0.1599 0.1893 
          13  1 0.8634 0.0508 0.0412 0.0447 
          14  1 0.5404 0.1919 0.1125 0.1552 
          15  1 0.6776 0.0777 0.1426 0.1020 
          16  1 0.0115 0.3384 0.3932 0.2569 
          17  1 0.0091 0.1898 0.3650 0.4361 
          18  1 0.0119 0.2019 0.3056 0.4806 
          19  1 0.0384 0.2439 0.2489 0.4688 
          20  1 0.0112 0.5348 0.2277 0.2263 
          21  1 0.0137 0.2131 0.2349 0.5383 
          22  1 0.2253 0.2061 0.2467 0.3219 
          23  1 0.0590 0.2861 0.3173 0.3376 
          24  1 0.0284 0.2894 0.2761 0.4060 
          25  1 0.0237 0.3085 0.3778 0.2901 
          26  1 0.0609 0.4783 0.2014 0.2593 
          27  1 0.0166 0.3676 0.2652 0.3506 
          28  1 0.0095 0.2384 0.3458 0.4063 
          29  1 0.0120 0.2824 0.4568 0.2488 
          30  1 0.0205 0.1829 0.2862 0.5104 
          31  1 0.5743 0.1513 0.1557 0.1186 
          32  1 0.0124 0.1964 0.2410 0.5502 
          33  1 0.0138 0.2307 0.2434 0.5120 
          34  1 0.5756 0.1451 0.1226 0.1566 
          35  1 0.0544 0.3476 0.3816 0.2163 
          36  1 0.0410 0.2519 0.4202 0.2869 
          37  1 0.0766 0.4486 0.1679 0.3069 
          38  1 0.0171 0.2109 0.4001 0.3720 
          39  1 0.0132 0.2888 0.3437 0.3543 
          40  1 0.0109 0.3166 0.2292 0.4433 
          41  1 0.0200 0.3955 0.3131 0.2714 
          42  1 0.0227 0.3927 0.2690 0.3156 
          43  1 0.0316 0.5080 0.2064 0.2540 
          44  1 0.0097 0.2698 0.3894 0.3312 
          45  1 0.0174 0.4921 0.2145 0.2760 
          46  1 0.0282 0.2954 0.3464 0.3299 
          47  1 0.0294 0.3639 0.3537 0.2530 
          48  1 0.0450 0.3395 0.2403 0.3752 
          49  1 0.0497 0.2110 0.2979 0.4414 
          50  1 0.0728 0.4414 0.2813 0.2045 
          51  1 0.0441 0.4278 0.2386 0.2895 
          52  1 0.0570 0.2400 0.3055 0.3975 
          53  1 0.0248 0.2168 0.2374 0.5210 
          54  1 0.0113 0.4760 0.2818 0.2310 
          55  1 0.0096 0.1694 0.2950 0.5260 
          56  1 0.0227 0.2841 0.4516 0.2416 
          57  1 0.0948 0.5429 0.1806 0.1816 
          58  1 0.0230 0.2612 0.2492 0.4666 
          59  1 0.0139 0.2067 0.4012 0.3782 
          60  1 0.0361 0.2813 0.2551 0.4275 
          61  1 0.0074 0.4596 0.2339 0.2991 
          62  1 0.0187 0.2460 0.3831 0.3521 
          63  1 0.0352 0.3947 0.2813 0.2889 
          64  1 0.0236 0.3299 0.3129 0.3336 
          65  1 0.0101 0.2175 0.5750 0.1975 
          66  1 0.0128 0.2920 0.4802 0.2150 
          67  1 0.0152 0.2013 0.3095 0.4740 
          68  1 0.0483 0.5079 0.2535 0.1903 
          69  1 0.0101 0.3615 0.3394 0.2890 
          70  1 0.0175 0.1690 0.3758 0.4376 
          71  1 0.0154 0.4513 0.3256 0.2077 
          72  1 0.0058 0.2379 0.4150 0.3413 
          73  1 0.0515 0.2900 0.3814 0.2770 
          74  1 0.0079 0.2290 0.3393 0.4237 
          75  1 0.0213 0.4244 0.2860 0.2684 
          76  1 0.0982 0.4389 0.2827 0.1802 
          77  1 0.1384 0.2426 0.3424 0.2767 
          78  1 0.0183 0.2985 0.3878 0.2954 
          79  1 0.0090 0.1866 0.3152 0.4892 
          80  1 0.0193 0.5283 0.2455 0.2069 
          81  1 0.0186 0.2519 0.3085 0.4209 
          82  1 0.0085 0.6757 0.1568 0.1589 
          83  1 0.0191 0.4602 0.2213 0.2994 
          84  1 0.0197 0.4092 0.2654 0.3057 
          85  1 0.0175 0.3680 0.3566 0.2580 
          86  1 0.0253 0.2115 0.3150 0.4482 
          87  1 0.0090 0.2702 0.5104 0.2104 
          88  1 0.0263 0.3905 0.3205 0.2626 
          89  1 0.0112 0.6776 0.1502 0.1610 
          90  1 0.0111 0.4929 0.2248 0.2713 
          91  1 0.0114 0.2452 0.4125 0.3309 
          92  1 0.0098 0.2365 0.4316 0.3221 
          93  1 0.0250 0.1965 0.3029 0.4756 
          94  1 0.0064 0.1523 0.3346 0.5067 
          95  1 0.0157 0.2296 0.3229 0.4318 
          96  1 0.2576 0.2518 0.2144 0.2762 
          97  1 0.0124 0.1608 0.4606 0.3662 
          98  1 0.0214 0.2346 0.3856 0.3584 
          99  1 0.0220 0.3278 0.3829 0.2674 
         100  1 0.0272 0.3197 0.2696 0.3835 
         101  1 0.0271 0.3652 0.3385 0.2691 
         102  1 0.0130 0.3794 0.2273 0.3803 
         103  1 0.0521 0.1853 0.4112 0.3513 
         104  1 0.0109 0.3406 0.4652 0.1833 
         105  1 0.0231 0.3338 0.4528 0.1903 
         106  1 0.0230 0.3359 0.4514 0.1897 
         107  1 0.1162 0.4206 0.1810 0.2822 
         108  1 0.0075 0.1620 0.3475 0.4831 
         109  1 0.0341 0.2097 0.2707 0.4855 
         110  1 0.0106 0.3573 0.4027 0.2294 
         111  1 0.0220 0.2787 0.3711 0.3282 
         112  1 0.0145 0.1929 0.3422 0.4504 
         113  1 0.0063 0.2721 0.4365 0.2851 
         114  1 0.0885 0.4600 0.1645 0.2870 
         115  1 0.0099 0.2365 0.4549 0.2988 
         116  1 0.0316 0.5696 0.1799 0.2189 
         117  1 0.0142 0.2861 0.3627 0.3371 
         118  1 0.0200 0.2195 0.3102 0.4502 
         119  1 0.0180 0.1970 0.2685 0.5166 
         120  1 0.2866 0.1954 0.2381 0.2799 
         121  1 0.0924 0.2857 0.2477 0.3742 
         122  1 0.0065 0.2937 0.4015 0.2984 
         123  1 0.0132 0.3158 0.3393 0.3316 
         124  1 0.0209 0.3032 0.3257 0.3502 
         125  1 0.0072 0.2537 0.5246 0.2145 
         126  1 0.0074 0.1538 0.4486 0.3901 
         127  1 0.0347 0.3400 0.3341 0.2912 
         128  1 0.0242 0.3920 0.3715 0.2123 
         129  1 0.0205 0.2880 0.4021 0.2894 
         130  1 0.0178 0.1797 0.2871 0.5154 
         131  1 0.0124 0.2638 0.3436 0.3802 
         132  1 0.1196 0.3592 0.2357 0.2855 
         133  1 0.0074 0.1727 0.4179 0.4020 
         134  1 0.0086 0.2889 0.3426 0.3599 
         135  1 0.0064 0.1913 0.2769 0.5253 
         136  1 0.0061 0.2553 0.5009 0.2376 
         137  1 0.0333 0.2136 0.2457 0.5075 
         138  1 0.0387 0.4721 0.2005 0.2887 
         139  1 0.0172 0.1879 0.5309 0.2639 
         140  1 0.0892 0.2597 0.2394 0.4116 
         141  1 0.0086 0.3514 0.3602 0.2799 
         142  1 0.0161 0.2326 0.3460 0.4054 
         143  1 0.6310 0.1706 0.0662 0.1321 
         144  1 0.0130 0.3034 0.4711 0.2126 
         145  1 0.0609 0.2922 0.2683 0.3786 
         146  1 0.0071 0.1762 0.2491 0.5676 
         147  1 0.3401 0.3474 0.1230 0.1895 
         148  1 0.0209 0.2184 0.3300 0.4307 
         149  1 0.0302 0.3522 0.3771 0.2405 
         150  1 0.0283 0.3131 0.3697 0.2888 
         151  1 0.0195 0.2391 0.2843 0.4571 
         152  1 0.0143 0.2207 0.3503 0.4146 
         153  1 0.0186 0.4116 0.3604 0.2094 
         154  1 0.0070 0.1447 0.2688 0.5794 
         155  1 0.0306 0.3723 0.2971 0.3000 
         156  1 0.0146 0.3396 0.3151 0.3308 
         157  1 0.0415 0.3136 0.3223 0.3226 
         158  1 0.0117 0.2906 0.4294 0.2683 
         159  1 0.0162 0.7167 0.1136 0.1535 
         160  1 0.0090 0.2368 0.4819 0.2723 
         161  1 0.0571 0.2958 0.3536 0.2934 
         162  1 0.0233 0.2670 0.3764 0.3333 
         163  1 0.0140 0.1893 0.3587 0.4380 
         164  1 0.0070 0.2814 0.4356 0.2760 
         165  1 0.0540 0.3030 0.3694 0.2736 
         166  1 0.0242 0.3006 0.2350 0.4402 
         167  1 0.0105 0.3791 0.3323 0.2782 
         168  1 0.0241 0.2352 0.3425 0.3982 
         169  1 0.0635 0.3853 0.3546 0.1965 
         170  1 0.0246 0.2266 0.3814 0.3674 
         171  1 0.0102 0.2340 0.3299 0.4259 
         172  1 0.0171 0.2335 0.4126 0.3368 
         173  1 0.0997 0.3063 0.3299 0.2641 
         174  1 0.0344 0.5114 0.1763 0.2779 
         175  1 0.0232 0.4028 0.2553 0.3187 
         176  1 0.0272 0.2248 0.4486 0.2995 
         177  1 0.0225 0.2246 0.3057 0.4473 
         178  1 0.0558 0.2689 0.3315 0.3437 
         179  1 0.0104 0.1721 0.2899 0.5275 
         180  1 0.0208 0.3675 0.3215 0.2902 
         181  1 0.2284 0.2053 0.3652 0.2011 
         182  1 0.0369 0.2554 0.3586 0.3491 
         183  1 0.0218 0.3589 0.3695 0.2498 
         184  1 0.0466 0.2503 0.2602 0.4429 
         185  1 0.0322 0.2413 0.4657 0.2607 
         186  1 0.0187 0.2991 0.4220 0.2602 
         187  1 0.0216 0.4334 0.2683 0.2767 
         188  1 0.0324 0.4269 0.2334 0.3073 
         189  1 0.0234 0.1815 0.3319 0.4633 
         190  1 0.0175 0.2692 0.3306 0.3826 
         191  1 0.0432 0.2823 0.3564 0.3180 
         192  1 0.0155 0.2672 0.3148 0.4026 
         193  1 0.1021 0.4658 0.2130 0.2191 
         194  1 0.0335 0.2403 0.2993 0.4269 
         195  1 0.0457 0.1984 0.3796 0.3763 
         196  1 0.1685 0.3170 0.2908 0.2236 
         197  1 0.0082 0.1442 0.3121 0.5355 
         198  1 0.0119 0.2297 0.2848 0.4736 
         199  1 0.0121 0.1993 0.3472 0.4414 
         200  1 0.0172 0.3664 0.2230 0.3934 
         201  1 0.0154 0.2971 0.4187 0.2688 
         202  1 0.0959 0.4727 0.1821 0.2493 
         203  1 0.0274 0.3834 0.3304 0.2588 
         204  1 0.0284 0.2870 0.3561 0.3286 
         205  1 0.0092 0.1772 0.4572 0.3564 
         206  1 0.0143 0.3073 0.3563 0.3220 
         207  1 0.0228 0.3127 0.2870 0.3775 
         208  1 0.0721 0.4254 0.2505 0.2519 
         209  1 0.0124 0.5452 0.1662 0.2762 
         210  1 0.0091 0.2717 0.4328 0.2864 
         211  1 0.0089 0.2247 0.2818 0.4846 
         212  1 0.0193 0.2659 0.4345 0.2803 
         213  1 0.0664 0.4169 0.2505 0.2662 
         214  1 0.0132 0.3421 0.2800 0.3648 
         215  1 0.0234 0.3824 0.3262 0.2680 
         216  1 0.0347 0.2771 0.2753 0.4129 
         217  1 0.0383 0.4935 0.2105 0.2577 
         218  1 0.0277 0.2852 0.4085 0.2786 
         219  1 0.0103 0.3473 0.3021 0.3402 
         220  1 0.0292 0.5556 0.2063 0.2089 
         221  1 0.0083 0.2259 0.4195 0.3463 
         222  1 0.0073 0.2110 0.4865 0.2951 
         223  1 0.0302 0.2396 0.2921 0.4380 
         224  1 0.0095 0.2427 0.2908 0.4570 
         225  1 0.0071 0.2003 0.3703 0.4223 
         226  1 0.0137 0.3037 0.4470 0.2355 
         227  1 0.0115 0.3731 0.3630 0.2524 
         228  1 0.0409 0.2967 0.4769 0.1855 
         229  1 0.0099 0.1801 0.2496 0.5604 
         230  1 0.0207 0.5228 0.2277 0.2288 
         231  1 0.0280 0.5250 0.1706 0.2764 
         232  1 0.0090 0.1894 0.5216 0.2800 
         233  1 0.0229 0.4169 0.2546 0.3056 
         234  1 0.0116 0.3098 0.2579 0.4207 
         235  1 0.0228 0.2773 0.4785 0.2214 
         236  1 0.0759 0.3674 0.3124 0.2443 
         237  1 0.0080 0.3018 0.4015 0.2887 
         238  1 0.0274 0.3927 0.1763 0.4035 
         239  1 0.1254 0.4084 0.2349 0.2313 
         240  1 0.0076 0.1561 0.4048 0.4314 
         241  1 0.0077 0.1512 0.3982 0.4428 
         242  1 0.0288 0.4629 0.1780 0.3304 
         243  1 0.0156 0.1782 0.4080 0.3982 
         244  1 0.0473 0.2910 0.3088 0.3529 
         245  1 0.0089 0.3210 0.3440 0.3261 
         246  1 0.1752 0.3748 0.2304 0.2196 
         247  1 0.0197 0.3860 0.3380 0.2563 
         248  1 0.0457 0.2745 0.3085 0.3713 
         249  1 0.0328 0.6000 0.1785 0.1886 
         250  1 0.0161 0.3926 0.2622 0.3292 
         251  1 0.0108 0.1495 0.3558 0.4840 
         252  1 0.6215 0.1346 0.1239 0.1200 
         253  1 0.0738 0.2440 0.2505 0.4317 
         254  1 0.0086 0.3196 0.3002 0.3716 
         255  1 0.0188 0.2166 0.3373 0.4272 
         256  1 0.0109 0.2038 0.4084 0.3769 
         257  1 0.0085 0.1828 0.5575 0.2512 
         258  1 0.0187 0.3210 0.2857 0.3746 
         259  1 0.0454 0.2566 0.2921 0.4059 
         260  1 0.0113 0.2255 0.4204 0.3428 
         261  1 0.0258 0.3044 0.4264 0.2435 
         262  1 0.0469 0.2907 0.3803 0.2822 
         263  1 0.0385 0.2807 0.3901 0.2907 
         264  1 0.0204 0.2053 0.3678 0.4065 
         265  1 0.0178 0.2517 0.3264 0.4041 
         266  1 0.0143 0.2081 0.3460 0.4316 
         267  1 0.0970 0.3550 0.2583 0.2898 
         268  1 0.0132 0.3888 0.3135 0.2845 
         269  1 0.0123 0.3185 0.2082 0.4611 
         270  1 0.0066 0.2095 0.4616 0.3222 
         271  1 0.0143 0.2109 0.3492 0.4256 
         272  1 0.0317 0.2147 0.2392 0.5144 
         273  1 0.0261 0.3067 0.3081 0.3591 
         274  1 0.0455 0.4269 0.2952 0.2324 
         275  1 0.0119 0.4874 0.2736 0.2272 
         276  1 0.0167 0.2822 0.4856 0.2154 
         277  1 0.0076 0.1430 0.2749 0.5744 
         278  1 0.0099 0.2012 0.2318 0.5570 
         279  1 0.0238 0.2334 0.3167 0.4261 
         280  1 0.0117 0.2438 0.4466 0.2979 
         281  1 0.0256 0.2436 0.3093 0.4215 
         282  1 0.0220 0.1780 0.3602 0.4399 
         283  1 0.0156 0.1755 0.2957 0.5131 
         284  1 0.0101 0.2449 0.3112 0.4338 
         285  1 0.0209 0.4835 0.2540 0.2416 
         286  1 0.0226 0.5756 0.1717 0.2301 
         287  1 0.0111 0.1758 0.4333 0.3798 
         288  1 0.0212 0.2790 0.2778 0.4219 
         289  1 0.0188 0.2203 0.3687 0.3923 
         290  1 0.0256 0.2159 0.2282 0.5303 
         291  1 0.0330 0.2781 0.3434 0.3454 
         292  1 0.0098 0.2616 0.3153 0.4133 
         293  1 0.0107 0.4292 0.2529 0.3072 
         294  1 0.0265 0.1628 0.2814 0.5293 
         295  1 0.0201 0.2110 0.4314 0.3375 
         296  1 0.0301 0.2801 0.4520 0.2378 
         297  1 0.1279 0.3176 0.3600 0.1945 
         298  1 0.0187 0.3370 0.4205 0.2239 
         299  1 0.0066 0.2424 0.5241 0.2269 
         300  1 0.0369 0.3734 0.2886 0.3010 
         301  1 0.0279 0.4023 0.1966 0.3732 
         302  1 0.0158 0.1702 0.5427 0.2712 
         303  1 0.0679 0.4334 0.2209 0.2778 
         304  1 0.0168 0.2672 0.2583 0.4578 
         305  1 0.0107 0.2421 0.2595 0.4877 
         306  1 0.0139 0.2362 0.4263 0.3236 
         307  1 0.0270 0.4494 0.2231 0.3005 
         308  1 0.0199 0.4717 0.2203 0.2881 
         309  1 0.0136 0.2473 0.2278 0.5113 
         310  1 0.0177 0.2825 0.3540 0.3457 
         311  1 0.0252 0.4494 0.3121 0.2133 
         312  1 0.0225 0.6451 0.1417 0.1906 
         313  1 0.0183 0.2388 0.3018 0.4411 
         314  1 0.0100 0.3306 0.4424 0.2170 
         315  1 0.0726 0.3183 0.2955 0.3136 
         316  1 0.0634 0.5190 0.2054 0.2122 
         317  1 0.0665 0.3404 0.3018 0.2913 
         318  1 0.0130 0.2552 0.4820 0.2498 
         319  1 0.0106 0.1608 0.3154 0.5132 
         320  1 0.0080 0.2197 0.3726 0.3997 
         321  1 0.0156 0.2432 0.4151 0.3260 
         322  1 0.0315 0.1650 0.3568 0.4466 
         323  1 0.0163 0.1812 0.2799 0.5226 
         324  1 0.0161 0.5088 0.2390 0.2361 
         325  1 0.0071 0.1631 0.4871 0.3427 
         326  1 0.0093 0.2905 0.2590 0.4411 
         327  1 0.0333 0.4643 0.2044 0.2980 
         328  1 0.0953 0.3816 0.2223 0.3008 
         329  1 0.0107 0.2961 0.2408 0.4524 
         330  1 0.0352 0.2284 0.3312 0.4052 
         331  1 0.0183 0.1934 0.4336 0.3546 
         332  1 0.0259 0.2211 0.3658 0.3873 
         333  1 0.0238 0.3916 0.2640 0.3206 
         334  1 0.1770 0.2484 0.3038 0.2709 
         335  1 0.0081 0.2236 0.3863 0.3821 
         336  1 0.0129 0.1946 0.3738 0.4188 
         337  1 0.0388 0.1991 0.4068 0.3553 
         338  1 0.0443 0.2095 0.3653 0.3809 
         339  1 0.1237 0.2365 0.3412 0.2986 
         340  1 0.0214 0.3200 0.4532 0.2054 
         341  1 0.0160 0.2476 0.4104 0.3261 
         342  1 0.5177 0.2836 0.0994 0.0993 
         343  1 0.0300 0.2468 0.4341 0.2891 
         344  1 0.0247 0.2612 0.4394 0.2747 
         345  1 0.0406 0.1627 0.4501 0.3465 
         346  1 0.0227 0.2623 0.3593 0.3556 
         347  1 0.0687 0.4866 0.2226 0.2221 
         348  1 0.0062 0.2962 0.4189 0.2787 
         349  1 0.1899 0.2865 0.3035 0.2201 
         350  1 0.0187 0.3330 0.4071 0.2411 
         351  1 0.0118 0.2033 0.4966 0.2883 
         352  1 0.0077 0.2007 0.3616 0.4300 
         353  1 0.0093 0.2488 0.3030 0.4389 
         354  1 0.0136 0.3395 0.2980 0.3489 
         355  1 0.0181 0.5695 0.2045 0.2080 
         356  1 0.0575 0.5119 0.2087 0.2219 
         357  1 0.0134 0.4047 0.2641 0.3178 
         358  1 0.0081 0.2604 0.5087 0.2228 
         359  1 0.2412 0.2872 0.1953 0.2762 
         360  1 0.0195 0.3121 0.4337 0.2346 
         361  1 0.1785 0.3945 0.2254 0.2016 
         362  1 0.0357 0.5582 0.1981 0.2080 
         363  1 0.0085 0.3338 0.4477 0.2100 
         364  1 0.0558 0.2142 0.3674 0.3625 
         365  1 0.1696 0.2470 0.3428 0.2406 
         366  1 0.0271 0.3546 0.3536 0.2647 
         367  1 0.0193 0.2036 0.3394 0.4377 
         368  1 0.0138 0.1543 0.3250 0.5069 
         369  1 0.0094 0.4685 0.2515 0.2706 
         370  1 0.0112 0.2662 0.3255 0.3971 
         371  1 0.0125 0.3506 0.3550 0.2819 
         372  1 0.1102 0.5796 0.1465 0.1636 
         373  1 0.0950 0.5705 0.1216 0.2130 
         374  1 0.0776 0.2158 0.2879 0.4187 
         375  1 0.0212 0.3045 0.2749 0.3994 
         376  1 0.0099 0.1729 0.4690 0.3481 
         377  1 0.0263 0.2105 0.4777 0.2856 
         378  1 0.0204 0.2621 0.3509 0.3666 
         379  1 0.0291 0.4621 0.2967 0.2120 
         380  1 0.0106 0.1877 0.3268 0.4749 
         381  1 0.0180 0.2540 0.3907 0.3373 
         382  1 0.0129 0.2749 0.3650 0.3471 
         383  1 0.0129 0.4175 0.2875 0.2821 
         384  1 0.0158 0.2384 0.4046 0.3412 
         385  1 0.0192 0.4011 0.2121 0.3676 
         386  1 0.0209 0.3075 0.4136 0.2579 
         387  1 0.0234 0.2076 0.4230 0.3460 
         388  1 0.0756 0.3622 0.3629 0.1993 
         389  1 0.0094 0.4415 0.2595 0.2896 
         390  1 0.0108 0.1813 0.4864 0.3216 
         391  1 0.0174 0.2654 0.2973 0.4199 
         392  1 0.0253 0.3427 0.3620 0.2700 
         393  1 0.0142 0.2295 0.4373 0.3190 
         394  1 0.0281 0.3045 0.4244 0.2429 
         395  1 0.1874 0.2521 0.2559 0.3046 
         396  1 0.0072 0.3920 0.2296 0.3713 
         397  1 0.0258 0.3639 0.3162 0.2941 
         398  1 0.0233 0.2160 0.3475 0.4131 
         399  1 0.0148 0.2031 0.5175 0.2645 
         400  1 0.0315 0.2781 0.4556 0.2348 
         401  1 0.0161 0.3084 0.3439 0.3316 
         402  1 0.2312 0.2723 0.2371 0.2593 
         403  1 0.0329 0.3432 0.3158 0.3081 
         404  1 0.8155 0.0669 0.0611 0.0565 
         405  1 0.0562 0.2490 0.4805 0.2143 
         406  1 0.1024 0.5348 0.1684 0.1944 
         407  1 0.6681 0.1536 0.1096 0.0686 
         408  1 0.0180 0.2370 0.3436 0.4014 
         409  1 0.2236 0.2271 0.1672 0.3821 
         410  1 0.0142 0.1901 0.5218 0.2739 
         411  1 0.0152 0.3975 0.3295 0.2578 
         412  1 0.0370 0.2237 0.3062 0.4331 
         413  1 0.1345 0.4429 0.1709 0.2517 
         414  1 0.0334 0.3150 0.2954 0.3561 
         415  1 0.0102 0.2643 0.2950 0.4305 
         416  1 0.0097 0.2410 0.5310 0.2184 
         417  1 0.0160 0.5462 0.2547 0.1830 
         418  1 0.0137 0.5013 0.3000 0.1850 
         419  1 0.0555 0.3227 0.1855 0.4363 
         420  1 0.0645 0.2631 0.4334 0.2390 
         421  1 0.0107 0.6483 0.1416 0.1993 
         422  1 0.0115 0.2356 0.5315 0.2213 
         423  1 0.0254 0.2833 0.3441 0.3472 
         424  1 0.0081 0.2298 0.4646 0.2975 
         425  1 0.0135 0.2311 0.5607 0.1947 
         426  1 0.0469 0.2972 0.3782 0.2777 
         427  1 0.0261 0.2970 0.4864 0.1904 
         428  1 0.0375 0.3245 0.3187 0.3194 
         429  1 0.0180 0.2506 0.5301 0.2014 
         430  1 0.0129 0.3435 0.2765 0.3671 
         431  1 0.0141 0.7049 0.1246 0.1564 
         432  1 0.6641 0.1277 0.1297 0.0785 
         433  1 0.0566 0.2533 0.3958 0.2943 
         434  1 0.0243 0.3323 0.3449 0.2984 
         435  1 0.0201 0.3427 0.4192 0.2180 
         436  1 0.0239 0.2638 0.4836 0.2287 
         437  1 0.0104 0.4212 0.3233 0.2451 
         438  1 0.0139 0.3428 0.4380 0.2053 
         439  1 0.6314 0.1446 0.1238 0.1002 
         440  1 0.0713 0.4553 0.3092 0.1641 
         441  1 0.0331 0.4344 0.2289 0.3036 
         442  1 0.0168 0.2086 0.2543 0.5203 
         443  1 0.0611 0.4355 0.1606 0.3428 
         444  1 0.0413 0.3488 0.3484 0.2616 
         445  1 0.1488 0.3647 0.2958 0.1907 
         446  1 0.1450 0.3289 0.2503 0.2757 
         447  1 0.0296 0.4156 0.3070 0.2479 
         448  1 0.1593 0.3044 0.3178 0.2186 
         449  1 0.1548 0.3739 0.1844 0.2868 
         450  1 0.0986 0.5380 0.1225 0.2408 
         451  1 0.0213 0.2550 0.2112 0.5125 
         452  1 0.0632 0.3315 0.4261 0.1792 
         453  1 0.1219 0.3209 0.3896 0.1675 
         454  1 0.2261 0.3582 0.1566 0.2591 
         455  1 0.1351 0.4139 0.1497 0.3014 
         456  1 0.1922 0.3772 0.1333 0.2973 
         457  1 0.1279 0.3781 0.3020 0.1919 
         458  1 0.1050 0.4512 0.1567 0.2871 
         459  1 0.0160 0.2698 0.2966 0.4177 
         460  1 0.0150 0.2372 0.2263 0.5215 
         461  1 0.1519 0.5356 0.1597 0.1528 
         462  1 0.9688 0.0108 0.0101 0.0104 
         463  1 0.9644 0.0133 0.0120 0.0103 
         464  1 0.9410 0.0226 0.0181 0.0183 
         465  1 0.2716 0.5393 0.0765 0.1126 
         466  1 0.9058 0.0365 0.0340 0.0236 
         467  1 0.5294 0.1834 0.1371 0.1501 
         468  1 0.4482 0.2079 0.1698 0.1741 
         469  1 0.3278 0.3840 0.1519 0.1363 
         470  1 0.8048 0.0985 0.0480 0.0487 
         471  1 0.4578 0.2824 0.0949 0.1650 
         472  1 0.3627 0.2569 0.2363 0.1440 
         473  1 0.3513 0.2754 0.1934 0.1799 
         474  1 0.9492 0.0164 0.0178 0.0166 
         475  1 0.6654 0.1998 0.0735 0.0613 
         476  1 0.9209 0.0302 0.0255 0.0233 
         477  1 0.9346 0.0232 0.0192 0.0230 
         478  1 0.3798 0.1875 0.2443 0.1884 
         479  1 0.9463 0.0183 0.0178 0.0177 
         480  1 0.9538 0.0184 0.0134 0.0145 
         481  1 0.9389 0.0241 0.0166 0.0204 
         482  1 0.9726 0.0091 0.0088 0.0095 
         483  1 0.9328 0.0263 0.0172 0.0236 
         484  1 0.1315 0.3870 0.2697 0.2118 
         485  1 0.8501 0.0704 0.0394 0.0401 
         486  1 0.8969 0.0422 0.0287 0.0322 
         487  1 0.9691 0.0107 0.0098 0.0103 
         488  1 0.9241 0.0325 0.0236 0.0198 
         489  1 0.6364 0.2113 0.0713 0.0810 
         490  1 0.3712 0.2067 0.2665 0.1556 
         491  1 0.9455 0.0193 0.0183 0.0170 
         492  1 0.8552 0.0768 0.0353 0.0327 
         493  1 0.9591 0.0140 0.0139 0.0130 
         494  1 0.9734 0.0090 0.0087 0.0089 
         495  1 0.9753 0.0082 0.0081 0.0083 
         496  1 0.9271 0.0259 0.0216 0.0254 
         497  1 0.0649 0.3799 0.2005 0.3547 
         498  1 0.5933 0.1600 0.1132 0.1335 
         499  1 0.9481 0.0218 0.0148 0.0153 
         500  1 0.6536 0.1733 0.0700 0.1030 
         501  1 0.9681 0.0118 0.0102 0.0099 
         502  1 0.9599 0.0139 0.0132 0.0130 
         503  1 0.9702 0.0109 0.0091 0.0099 
         504  1 0.9531 0.0164 0.0152 0.0153 
         505  1 0.7964 0.0657 0.0728 0.0651 
         506  1 0.8340 0.0554 0.0518 0.0588 
         507  1 0.9405 0.0261 0.0165 0.0169 
         508  1 0.6529 0.1376 0.1202 0.0893 
         509  1 0.9769 0.0080 0.0072 0.0079 
         510  1 0.9546 0.0149 0.0153 0.0152 
         511  1 0.9650 0.0117 0.0118 0.0115 
         512  1 0.9390 0.0243 0.0147 0.0220 
         513  1 0.0770 0.3363 0.2585 0.3282 
         514  1 0.9655 0.0103 0.0117 0.0125 
         515  1 0.8276 0.0904 0.0486 0.0334 
         516  1 0.5320 0.1748 0.1465 0.1468 
         517  1 0.9543 0.0158 0.0143 0.0156 
         518  1 0.9717 0.0107 0.0084 0.0091 
         519  1 0.9484 0.0164 0.0180 0.0171 
         520  1 0.9166 0.0275 0.0294 0.0265 
         521  1 0.9675 0.0112 0.0106 0.0107 
         522  1 0.9737 0.0096 0.0081 0.0086 
         523  1 0.7074 0.0871 0.1302 0.0754 
         524  1 0.9280 0.0309 0.0190 0.0221 
         525  1 0.9347 0.0219 0.0226 0.0208 
         526  1 0.9329 0.0240 0.0217 0.0215 
         527  1 0.9235 0.0236 0.0287 0.0242 
         528  1 0.9299 0.0250 0.0235 0.0216 
         529  1 0.7496 0.1076 0.0860 0.0568 
         530  1 0.9719 0.0096 0.0088 0.0097 
         531  1 0.9237 0.0259 0.0249 0.0255 
         532  1 0.9529 0.0160 0.0160 0.0151 
         533  1 0.9598 0.0137 0.0145 0.0120 
         534  1 0.9361 0.0267 0.0178 0.0195 
         535  1 0.9580 0.0134 0.0136 0.0150 
         536  1 0.9788 0.0075 0.0067 0.0069 
         537  1 0.9703 0.0098 0.0092 0.0108 
         538  1 0.9762 0.0083 0.0075 0.0080 
         539  1 0.9792 0.0068 0.0069 0.0071 
         540  1 0.9347 0.0225 0.0187 0.0241 
         541  1 0.2454 0.4028 0.1938 0.1580 
         542  1 0.9670 0.0112 0.0105 0.0113 
         543  1 0.9030 0.0352 0.0278 0.0340 
         544  1 0.9463 0.0180 0.0184 0.0173 
         545  1 0.9772 0.0084 0.0073 0.0071 
         546  1 0.6918 0.1100 0.0917 0.1065 
         547  1 0.8816 0.0417 0.0335 0.0432 
         548  1 0.9561 0.0152 0.0148 0.0139 
         549  1 0.9540 0.0147 0.0138 0.0175 
         550  1 0.9728 0.0094 0.0091 0.0087 
         551  1 0.1674 0.3249 0.2758 0.2318 
         552  1 0.9529 0.0177 0.0140 0.0154 
         553  1 0.5385 0.1714 0.1151 0.1750 
         554  1 0.8284 0.0782 0.0481 0.0453 
         555  1 0.9705 0.0100 0.0097 0.0099 
         556  1 0.9215 0.0322 0.0259 0.0203 
         557  1 0.9767 0.0083 0.0076 0.0074 
         558  1 0.8777 0.0522 0.0365 0.0335 
         559  1 0.5921 0.1598 0.1220 0.1262 
         560  1 0.9013 0.0364 0.0332 0.0291 
         561  1 0.8714 0.0476 0.0434 0.0376 
         562  1 0.9790 0.0079 0.0065 0.0067 
         563  1 0.9651 0.0130 0.0105 0.0115 
         564  1 0.9605 0.0130 0.0121 0.0144 
         565  1 0.9054 0.0463 0.0239 0.0244 
         566  1 0.4915 0.2363 0.1408 0.1313 
         567  1 0.9555 0.0162 0.0142 0.0141 
         568  1 0.8756 0.0484 0.0385 0.0375 
         569  1 0.9545 0.0161 0.0145 0.0149 
         570  1 0.4261 0.1319 0.1389 0.3031 
         571  1 0.4541 0.2814 0.1463 0.1181 
         572  1 0.9298 0.0268 0.0237 0.0197 
         573  1 0.0131 0.3971 0.3109 0.2789 
         574  1 0.1497 0.3938 0.2672 0.1893 
         575  1 0.0818 0.3863 0.2997 0.2321 
         576  1 0.0296 0.2843 0.4735 0.2125 
         577  1 0.0212 0.2355 0.5272 0.2160 
         578  1 0.3004 0.4211 0.1224 0.1562 
         579  1 0.9205 0.0245 0.0327 0.0222 
         580  1 0.6614 0.1682 0.0795 0.0910 
         581  1 0.9662 0.0109 0.0109 0.0120 
         582  1 0.0331 0.3188 0.1969 0.4512 
         583  1 0.9552 0.0162 0.0142 0.0144 
         584  1 0.6724 0.1495 0.0863 0.0919 
         585  1 0.5823 0.1727 0.1210 0.1240 
         586  1 0.9597 0.0161 0.0120 0.0123 
         587  1 0.9463 0.0164 0.0170 0.0203 
         588  1 0.9650 0.0127 0.0104 0.0119 
         589  1 0.8346 0.0654 0.0428 0.0573 
         590  1 0.9607 0.0124 0.0121 0.0147 
         591  1 0.9601 0.0140 0.0134 0.0125 
         592  1 0.8752 0.0538 0.0325 0.0386 
         593  1 0.9631 0.0130 0.0114 0.0125 
         594  1 0.4994 0.1995 0.1833 0.1178 
         595  1 0.8715 0.0469 0.0409 0.0408 
         596  1 0.9782 0.0079 0.0066 0.0073 
         597  1 0.9621 0.0146 0.0113 0.0120 
         598  1 0.7014 0.0838 0.1036 0.1112 
         599  1 0.9732 0.0100 0.0081 0.0086 
         600  1 0.9619 0.0143 0.0120 0.0118 
         601  1 0.9734 0.0088 0.0084 0.0094 
         602  1 0.8500 0.0645 0.0485 0.0370 
         603  1 0.9095 0.0366 0.0303 0.0236 
         604  1 0.6878 0.0724 0.1263 0.1135 
         605  1 0.9303 0.0257 0.0215 0.0225 
         606  1 0.9114 0.0324 0.0239 0.0323 
         607  1 0.9785 0.0075 0.0070 0.0070 
         608  1 0.6819 0.1442 0.0893 0.0846 
         609  1 0.9326 0.0273 0.0188 0.0213 
         610  1 0.9414 0.0243 0.0167 0.0176 
         611  1 0.7822 0.0850 0.0787 0.0542 
         612  1 0.0837 0.6277 0.1224 0.1661 
         613  1 0.9688 0.0112 0.0098 0.0102 
         614  1 0.9718 0.0105 0.0091 0.0086 
         615  1 0.9686 0.0115 0.0104 0.0095 
         616  1 0.8867 0.0569 0.0205 0.0359 
         617  1 0.9501 0.0145 0.0160 0.0193 
         618  1 0.8774 0.0664 0.0284 0.0279 
         619  1 0.9614 0.0126 0.0122 0.0138 
         620  1 0.9411 0.0228 0.0196 0.0164 
         621  1 0.0965 0.2018 0.3342 0.3674 
         622  1 0.9579 0.0163 0.0127 0.0131 
         623  1 0.9336 0.0221 0.0214 0.0229 
