           1  1 0.9250 0.0419 0.0331 
           2  1 0.9529 0.0185 0.0286 
           3  1 0.9585 0.0229 0.0186 
           4  1 0.9656 0.0160 0.0184 
           5  1 0.9659 0.0178 0.0163 
           6  1 0.9670 0.0165 0.0165 
           7  1 0.9507 0.0207 0.0286 
           8  1 0.9638 0.0167 0.0195 
           9  1 0.9658 0.0184 0.0158 
          10  1 0.9727 0.0120 0.0153 
          11  1 0.9605 0.0200 0.0195 
          12  1 0.4586 0.3202 0.2212 
          13  1 0.9274 0.0332 0.0395 
          14  1 0.6898 0.1653 0.1449 
          15  1 0.7892 0.1236 0.0871 
          16  1 0.0119 0.5732 0.4149 
          17  1 0.0098 0.2059 0.7843 
          18  1 0.0128 0.2186 0.7685 
          19  1 0.0608 0.2723 0.6669 
          20  1 0.0115 0.8319 0.1566 
          21  1 0.0156 0.1845 0.7999 
          22  1 0.3250 0.2253 0.4497 
          23  1 0.0879 0.4592 0.4528 
          24  1 0.0320 0.4012 0.5667 
          25  1 0.0280 0.4182 0.5538 
          26  1 0.0710 0.5747 0.3542 
          27  1 0.0193 0.5156 0.4651 
          28  1 0.0102 0.3441 0.6457 
          29  1 0.0149 0.5622 0.4229 
          30  1 0.0212 0.1816 0.7972 
          31  1 0.6924 0.1758 0.1318 
          32  1 0.0140 0.2443 0.7417 
          33  1 0.0149 0.3277 0.6574 
          34  1 0.6800 0.1448 0.1752 
          35  1 0.0791 0.5792 0.3418 
          36  1 0.0564 0.4158 0.5278 
          37  1 0.0933 0.5670 0.3397 
          38  1 0.0170 0.2928 0.6902 
          39  1 0.0140 0.3419 0.6440 
          40  1 0.0118 0.3279 0.6602 
          41  1 0.0214 0.5847 0.3939 
          42  1 0.0281 0.4847 0.4872 
          43  1 0.0344 0.6699 0.2957 
          44  1 0.0098 0.4148 0.5754 
          45  1 0.0213 0.5987 0.3800 
          46  1 0.0342 0.3406 0.6252 
          47  1 0.0330 0.6719 0.2951 
          48  1 0.0548 0.3402 0.6050 
          49  1 0.0619 0.3170 0.6211 
          50  1 0.0844 0.6601 0.2555 
          51  1 0.0533 0.5067 0.4401 
          52  1 0.0762 0.2935 0.6303 
          53  1 0.0260 0.2191 0.7549 
          54  1 0.0121 0.6956 0.2922 
          55  1 0.0101 0.1801 0.8097 
          56  1 0.0244 0.6567 0.3189 
          57  1 0.1821 0.5881 0.2298 
          58  1 0.0276 0.2846 0.6878 
          59  1 0.0140 0.3411 0.6449 
          60  1 0.0397 0.2846 0.6757 
          61  1 0.0076 0.6410 0.3513 
          62  1 0.0209 0.4049 0.5742 
          63  1 0.0398 0.5071 0.4531 
          64  1 0.0254 0.4312 0.5433 
          65  1 0.0123 0.7792 0.2084 
          66  1 0.0141 0.7139 0.2720 
          67  1 0.0189 0.2228 0.7583 
          68  1 0.0846 0.7115 0.2039 
          69  1 0.0106 0.5097 0.4797 
          70  1 0.0200 0.2065 0.7735 
          71  1 0.0180 0.7849 0.1971 
          72  1 0.0061 0.3399 0.6539 
          73  1 0.0685 0.4791 0.4524 
          74  1 0.0085 0.3430 0.6485 
          75  1 0.0283 0.5089 0.4628 
          76  1 0.1050 0.7353 0.1597 
          77  1 0.2283 0.2805 0.4911 
          78  1 0.0210 0.6189 0.3601 
          79  1 0.0102 0.3944 0.5954 
          80  1 0.0207 0.7558 0.2235 
          81  1 0.0198 0.3176 0.6627 
          82  1 0.0097 0.9156 0.0747 
          83  1 0.0214 0.5477 0.4309 
          84  1 0.0217 0.4267 0.5516 
          85  1 0.0202 0.5528 0.4270 
          86  1 0.0292 0.2045 0.7663 
          87  1 0.0107 0.7159 0.2735 
          88  1 0.0298 0.5737 0.3965 
          89  1 0.0128 0.9136 0.0736 
          90  1 0.0126 0.6537 0.3337 
          91  1 0.0120 0.4645 0.5234 
          92  1 0.0097 0.4055 0.5848 
          93  1 0.0283 0.2254 0.7463 
          94  1 0.0073 0.2977 0.6950 
          95  1 0.0188 0.3787 0.6025 
          96  1 0.3533 0.2895 0.3572 
          97  1 0.0137 0.3550 0.6313 
          98  1 0.0247 0.3325 0.6428 
          99  1 0.0252 0.5610 0.4139 
         100  1 0.0288 0.3747 0.5965 
         101  1 0.0313 0.5252 0.4435 
         102  1 0.0143 0.4427 0.5431 
         103  1 0.0561 0.3340 0.6099 
         104  1 0.0117 0.8505 0.1378 
         105  1 0.0232 0.8420 0.1348 
         106  1 0.0237 0.8435 0.1328 
         107  1 0.1455 0.5115 0.3430 
         108  1 0.0077 0.2988 0.6935 
         109  1 0.0387 0.2649 0.6965 
         110  1 0.0118 0.7570 0.2312 
         111  1 0.0256 0.3277 0.6468 
         112  1 0.0152 0.2462 0.7386 
         113  1 0.0072 0.5852 0.4076 
         114  1 0.1320 0.5093 0.3587 
         115  1 0.0116 0.5802 0.4083 
         116  1 0.0448 0.7189 0.2362 
         117  1 0.0150 0.4623 0.5226 
         118  1 0.0229 0.3072 0.6700 
         119  1 0.0189 0.2235 0.7576 
         120  1 0.4071 0.2402 0.3527 
         121  1 0.1227 0.3973 0.4800 
         122  1 0.0071 0.4861 0.5069 
         123  1 0.0136 0.4680 0.5184 
         124  1 0.0240 0.4257 0.5503 
         125  1 0.0081 0.6695 0.3224 
         126  1 0.0084 0.2498 0.7417 
         127  1 0.0436 0.4230 0.5334 
         128  1 0.0264 0.6890 0.2846 
         129  1 0.0222 0.5554 0.4224 
         130  1 0.0178 0.2469 0.7354 
         131  1 0.0141 0.3326 0.6533 
         132  1 0.1755 0.4639 0.3607 
         133  1 0.0085 0.3016 0.6899 
         134  1 0.0096 0.3897 0.6006 
         135  1 0.0071 0.2310 0.7619 
         136  1 0.0065 0.6365 0.3569 
         137  1 0.0349 0.2131 0.7519 
         138  1 0.0463 0.5421 0.4116 
         139  1 0.0200 0.5112 0.4688 
         140  1 0.1072 0.3115 0.5813 
         141  1 0.0094 0.5193 0.4713 
         142  1 0.0177 0.2389 0.7434 
         143  1 0.7263 0.1543 0.1194 
         144  1 0.0149 0.6731 0.3120 
         145  1 0.0724 0.3976 0.5300 
         146  1 0.0073 0.1838 0.8089 
         147  1 0.5381 0.2953 0.1666 
         148  1 0.0240 0.2413 0.7347 
         149  1 0.0464 0.5383 0.4153 
         150  1 0.0331 0.5196 0.4472 
         151  1 0.0254 0.2574 0.7172 
         152  1 0.0162 0.3465 0.6373 
         153  1 0.0196 0.7329 0.2475 
         154  1 0.0074 0.1740 0.8186 
         155  1 0.0404 0.4511 0.5084 
         156  1 0.0162 0.4876 0.4962 
         157  1 0.0495 0.3965 0.5540 
         158  1 0.0131 0.6204 0.3665 
         159  1 0.0384 0.8280 0.1336 
         160  1 0.0095 0.5749 0.4157 
         161  1 0.0740 0.4106 0.5154 
         162  1 0.0279 0.3442 0.6279 
         163  1 0.0161 0.2497 0.7342 
         164  1 0.0079 0.6486 0.3435 
         165  1 0.0661 0.5040 0.4300 
         166  1 0.0307 0.3420 0.6273 
         167  1 0.0121 0.6172 0.3707 
         168  1 0.0267 0.3555 0.6178 
         169  1 0.0754 0.7155 0.2091 
         170  1 0.0269 0.2995 0.6736 
         171  1 0.0112 0.2690 0.7198 
         172  1 0.0202 0.3602 0.6196 
         173  1 0.1565 0.4574 0.3861 
         174  1 0.0463 0.6446 0.3091 
         175  1 0.0254 0.6493 0.3253 
         176  1 0.0327 0.4460 0.5213 
         177  1 0.0234 0.3462 0.6304 
         178  1 0.0578 0.4183 0.5239 
         179  1 0.0113 0.1590 0.8297 
         180  1 0.0233 0.5564 0.4204 
         181  1 0.3611 0.3210 0.3179 
         182  1 0.0435 0.3583 0.5982 
         183  1 0.0257 0.6916 0.2827 
         184  1 0.0552 0.2557 0.6891 
         185  1 0.0348 0.4921 0.4731 
         186  1 0.0258 0.5774 0.3968 
         187  1 0.0261 0.6647 0.3092 
         188  1 0.0360 0.5960 0.3680 
         189  1 0.0313 0.2138 0.7549 
         190  1 0.0200 0.3622 0.6178 
         191  1 0.0571 0.3856 0.5573 
         192  1 0.0172 0.3187 0.6640 
         193  1 0.1437 0.5723 0.2840 
         194  1 0.0415 0.2976 0.6609 
         195  1 0.0502 0.3463 0.6035 
         196  1 0.2267 0.4639 0.3094 
         197  1 0.0084 0.2065 0.7851 
         198  1 0.0134 0.2263 0.7603 
         199  1 0.0123 0.2243 0.7634 
         200  1 0.0191 0.4331 0.5478 
         201  1 0.0168 0.4924 0.4907 
         202  1 0.1153 0.4468 0.4380 
         203  1 0.0342 0.5565 0.4094 
         204  1 0.0297 0.4457 0.5246 
         205  1 0.0103 0.4888 0.5009 
         206  1 0.0162 0.4742 0.5096 
         207  1 0.0288 0.4302 0.5410 
         208  1 0.1067 0.4820 0.4114 
         209  1 0.0145 0.6808 0.3047 
         210  1 0.0098 0.4600 0.5302 
         211  1 0.0105 0.2919 0.6976 
         212  1 0.0211 0.5297 0.4491 
         213  1 0.0879 0.5516 0.3605 
         214  1 0.0126 0.5204 0.4670 
         215  1 0.0282 0.5904 0.3815 
         216  1 0.0420 0.3468 0.6112 
         217  1 0.0502 0.5524 0.3974 
         218  1 0.0288 0.5066 0.4646 
         219  1 0.0117 0.3844 0.6038 
         220  1 0.0342 0.7544 0.2114 
         221  1 0.0091 0.4017 0.5892 
         222  1 0.0081 0.5941 0.3978 
         223  1 0.0335 0.2794 0.6871 
         224  1 0.0103 0.3320 0.6576 
         225  1 0.0079 0.3016 0.6905 
         226  1 0.0160 0.6605 0.3236 
         227  1 0.0121 0.7157 0.2722 
         228  1 0.0490 0.7351 0.2159 
         229  1 0.0115 0.2052 0.7833 
         230  1 0.0207 0.7402 0.2391 
         231  1 0.0353 0.6587 0.3061 
         232  1 0.0099 0.5468 0.4433 
         233  1 0.0288 0.4983 0.4729 
         234  1 0.0119 0.3598 0.6283 
         235  1 0.0265 0.6450 0.3285 
         236  1 0.0997 0.5075 0.3928 
         237  1 0.0086 0.6168 0.3746 
         238  1 0.0308 0.4573 0.5119 
         239  1 0.1495 0.5333 0.3173 
         240  1 0.0084 0.2580 0.7336 
         241  1 0.0086 0.2570 0.7344 
         242  1 0.0291 0.5173 0.4536 
         243  1 0.0187 0.2927 0.6886 
         244  1 0.0590 0.2914 0.6496 
         245  1 0.0095 0.4428 0.5477 
         246  1 0.2299 0.4621 0.3080 
         247  1 0.0232 0.5779 0.3989 
         248  1 0.0661 0.2987 0.6352 
         249  1 0.0385 0.6975 0.2641 
         250  1 0.0186 0.5589 0.4225 
         251  1 0.0121 0.2448 0.7432 
         252  1 0.7529 0.1316 0.1155 
         253  1 0.1019 0.2534 0.6447 
         254  1 0.0094 0.4385 0.5521 
         255  1 0.0181 0.2805 0.7015 
         256  1 0.0112 0.3233 0.6654 
         257  1 0.0092 0.5411 0.4497 
         258  1 0.0221 0.4006 0.5773 
         259  1 0.0642 0.2786 0.6572 
         260  1 0.0116 0.3206 0.6678 
         261  1 0.0263 0.6756 0.2981 
         262  1 0.0484 0.6330 0.3186 
         263  1 0.0428 0.4674 0.4898 
         264  1 0.0228 0.2882 0.6890 
         265  1 0.0212 0.3482 0.6306 
         266  1 0.0155 0.2265 0.7580 
         267  1 0.1386 0.3878 0.4736 
         268  1 0.0166 0.5328 0.4506 
         269  1 0.0134 0.3621 0.6244 
         270  1 0.0070 0.4032 0.5899 
         271  1 0.0159 0.2223 0.7618 
         272  1 0.0343 0.2168 0.7489 
         273  1 0.0325 0.4829 0.4845 
         274  1 0.0616 0.6940 0.2444 
         275  1 0.0138 0.7271 0.2591 
         276  1 0.0179 0.6975 0.2846 
         277  1 0.0085 0.1332 0.8584 
         278  1 0.0106 0.2174 0.7720 
         279  1 0.0288 0.2572 0.7140 
         280  1 0.0131 0.4581 0.5289 
         281  1 0.0287 0.2765 0.6947 
         282  1 0.0233 0.2843 0.6924 
         283  1 0.0162 0.2179 0.7659 
         284  1 0.0122 0.3421 0.6457 
         285  1 0.0274 0.6391 0.3334 
         286  1 0.0269 0.7141 0.2590 
         287  1 0.0120 0.3485 0.6395 
         288  1 0.0233 0.3835 0.5932 
         289  1 0.0213 0.3503 0.6284 
         290  1 0.0326 0.2107 0.7568 
         291  1 0.0392 0.3354 0.6254 
         292  1 0.0096 0.3543 0.6361 
         293  1 0.0106 0.5479 0.4415 
         294  1 0.0338 0.2333 0.7329 
         295  1 0.0226 0.3135 0.6639 
         296  1 0.0344 0.5523 0.4133 
         297  1 0.2156 0.5535 0.2308 
         298  1 0.0222 0.6767 0.3011 
         299  1 0.0070 0.6933 0.2997 
         300  1 0.0476 0.5259 0.4265 
         301  1 0.0361 0.4827 0.4813 
         302  1 0.0199 0.5436 0.4365 
         303  1 0.0938 0.5241 0.3821 
         304  1 0.0193 0.3515 0.6292 
         305  1 0.0122 0.2558 0.7320 
         306  1 0.0154 0.5251 0.4595 
         307  1 0.0315 0.6487 0.3198 
         308  1 0.0224 0.4504 0.5272 
         309  1 0.0159 0.2805 0.7036 
         310  1 0.0174 0.3726 0.6100 
         311  1 0.0258 0.7191 0.2551 
         312  1 0.0274 0.7809 0.1917 
         313  1 0.0215 0.2816 0.6968 
         314  1 0.0106 0.6875 0.3019 
         315  1 0.0774 0.4850 0.4376 
         316  1 0.0703 0.6704 0.2592 
         317  1 0.0753 0.4836 0.4411 
         318  1 0.0164 0.5533 0.4302 
         319  1 0.0112 0.1930 0.7957 
         320  1 0.0083 0.4218 0.5700 
         321  1 0.0179 0.4431 0.5391 
         322  1 0.0316 0.1864 0.7821 
         323  1 0.0177 0.2834 0.6989 
         324  1 0.0200 0.6685 0.3115 
         325  1 0.0080 0.4370 0.5550 
         326  1 0.0097 0.3462 0.6441 
         327  1 0.0434 0.5109 0.4457 
         328  1 0.1171 0.4243 0.4586 
         329  1 0.0127 0.3202 0.6671 
         330  1 0.0356 0.2792 0.6852 
         331  1 0.0208 0.3211 0.6582 
         332  1 0.0284 0.2644 0.7072 
         333  1 0.0258 0.4909 0.4834 
         334  1 0.2687 0.2763 0.4550 
         335  1 0.0089 0.2891 0.7020 
         336  1 0.0164 0.2903 0.6932 
         337  1 0.0466 0.3012 0.6522 
         338  1 0.0566 0.3332 0.6101 
         339  1 0.1372 0.3969 0.4659 
         340  1 0.0244 0.7211 0.2546 
         341  1 0.0179 0.3708 0.6113 
         342  1 0.6760 0.2536 0.0705 
         343  1 0.0325 0.4191 0.5485 
         344  1 0.0290 0.4902 0.4808 
         345  1 0.0497 0.3464 0.6039 
         346  1 0.0255 0.3228 0.6517 
         347  1 0.0985 0.6579 0.2436 
         348  1 0.0065 0.6904 0.3031 
         349  1 0.2000 0.4891 0.3109 
         350  1 0.0226 0.6572 0.3202 
         351  1 0.0124 0.3658 0.6218 
         352  1 0.0086 0.3500 0.6415 
         353  1 0.0091 0.2384 0.7524 
         354  1 0.0151 0.5531 0.4318 
         355  1 0.0198 0.7981 0.1821 
         356  1 0.0688 0.6557 0.2755 
         357  1 0.0143 0.5270 0.4587 
         358  1 0.0088 0.6911 0.3000 
         359  1 0.2778 0.3207 0.4016 
         360  1 0.0221 0.6044 0.3735 
         361  1 0.2149 0.4551 0.3299 
         362  1 0.0433 0.7214 0.2353 
         363  1 0.0093 0.7224 0.2684 
         364  1 0.0592 0.3427 0.5981 
         365  1 0.2499 0.3688 0.3813 
         366  1 0.0380 0.5676 0.3944 
         367  1 0.0231 0.3083 0.6685 
         368  1 0.0146 0.1847 0.8007 
         369  1 0.0106 0.6171 0.3723 
         370  1 0.0124 0.3881 0.5995 
         371  1 0.0134 0.5163 0.4703 
         372  1 0.1869 0.6257 0.1874 
         373  1 0.1471 0.6111 0.2418 
         374  1 0.1024 0.2327 0.6649 
         375  1 0.0220 0.4056 0.5724 
         376  1 0.0111 0.4048 0.5841 
         377  1 0.0306 0.5761 0.3933 
         378  1 0.0248 0.3870 0.5883 
         379  1 0.0353 0.7678 0.1969 
         380  1 0.0114 0.1887 0.8000 
         381  1 0.0211 0.3778 0.6011 
         382  1 0.0155 0.3527 0.6318 
         383  1 0.0142 0.5579 0.4279 
         384  1 0.0167 0.4866 0.4966 
         385  1 0.0232 0.4780 0.4988 
         386  1 0.0233 0.5587 0.4180 
         387  1 0.0276 0.3984 0.5740 
         388  1 0.0918 0.6146 0.2936 
         389  1 0.0101 0.5978 0.3922 
         390  1 0.0114 0.3490 0.6396 
         391  1 0.0229 0.2834 0.6937 
         392  1 0.0315 0.5991 0.3694 
         393  1 0.0167 0.4996 0.4837 
         394  1 0.0306 0.6533 0.3162 
         395  1 0.2015 0.3716 0.4269 
         396  1 0.0080 0.5530 0.4389 
         397  1 0.0347 0.4941 0.4712 
         398  1 0.0281 0.2756 0.6962 
         399  1 0.0197 0.6085 0.3718 
         400  1 0.0432 0.5805 0.3763 
         401  1 0.0182 0.4645 0.5173 
         402  1 0.3672 0.2524 0.3804 
         403  1 0.0457 0.4393 0.5150 
         404  1 0.8697 0.0697 0.0606 
         405  1 0.0864 0.6222 0.2914 
         406  1 0.1676 0.6073 0.2251 
         407  1 0.7509 0.1889 0.0602 
         408  1 0.0203 0.3491 0.6307 
         409  1 0.3737 0.1786 0.4477 
         410  1 0.0175 0.5908 0.3918 
         411  1 0.0163 0.6323 0.3514 
         412  1 0.0432 0.3005 0.6563 
         413  1 0.1792 0.4778 0.3430 
         414  1 0.0425 0.4128 0.5448 
         415  1 0.0119 0.2860 0.7021 
         416  1 0.0112 0.6591 0.3298 
         417  1 0.0164 0.8626 0.1210 
         418  1 0.0145 0.8292 0.1563 
         419  1 0.0788 0.3193 0.6019 
         420  1 0.0778 0.5336 0.3885 
         421  1 0.0129 0.7923 0.1947 
         422  1 0.0139 0.7729 0.2132 
         423  1 0.0285 0.3236 0.6479 
         424  1 0.0099 0.5309 0.4592 
         425  1 0.0151 0.7896 0.1953 
         426  1 0.0506 0.3933 0.5560 
         427  1 0.0272 0.7593 0.2135 
         428  1 0.0494 0.3572 0.5934 
         429  1 0.0222 0.7693 0.2086 
         430  1 0.0150 0.4406 0.5444 
         431  1 0.0150 0.8676 0.1173 
         432  1 0.7943 0.1297 0.0761 
         433  1 0.0681 0.4209 0.5109 
         434  1 0.0290 0.5668 0.4042 
         435  1 0.0278 0.6462 0.3260 
         436  1 0.0274 0.6685 0.3041 
         437  1 0.0104 0.7356 0.2540 
         438  1 0.0157 0.7496 0.2347 
         439  1 0.7570 0.1237 0.1193 
         440  1 0.0743 0.7910 0.1348 
         441  1 0.0410 0.4919 0.4671 
         442  1 0.0207 0.2271 0.7522 
         443  1 0.1037 0.4391 0.4572 
         444  1 0.0547 0.5381 0.4072 
         445  1 0.1684 0.5902 0.2414 
         446  1 0.1819 0.4320 0.3860 
         447  1 0.0386 0.5779 0.3835 
         448  1 0.1998 0.4974 0.3028 
         449  1 0.2166 0.3620 0.4213 
         450  1 0.1872 0.5219 0.2909 
         451  1 0.0304 0.2679 0.7017 
         452  1 0.0835 0.7364 0.1801 
         453  1 0.1683 0.7070 0.1247 
         454  1 0.4037 0.2834 0.3129 
         455  1 0.1602 0.4606 0.3792 
         456  1 0.2440 0.3911 0.3650 
         457  1 0.1754 0.5839 0.2407 
         458  1 0.1771 0.4318 0.3912 
         459  1 0.0247 0.3407 0.6346 
         460  1 0.0199 0.2415 0.7386 
         461  1 0.2278 0.6547 0.1175 
         462  1 0.9790 0.0105 0.0105 
         463  1 0.9773 0.0129 0.0097 
         464  1 0.9588 0.0221 0.0191 
         465  1 0.4070 0.5112 0.0819 
         466  1 0.9455 0.0354 0.0191 
         467  1 0.6730 0.1726 0.1544 
         468  1 0.5747 0.1964 0.2288 
         469  1 0.5195 0.3570 0.1235 
         470  1 0.8888 0.0721 0.0391 
         471  1 0.6195 0.2375 0.1430 
         472  1 0.5003 0.3204 0.1793 
         473  1 0.5489 0.2958 0.1553 
         474  1 0.9682 0.0160 0.0159 
         475  1 0.7271 0.2142 0.0587 
         476  1 0.9546 0.0226 0.0228 
         477  1 0.9564 0.0203 0.0233 
         478  1 0.4867 0.2783 0.2350 
         479  1 0.9664 0.0173 0.0163 
         480  1 0.9701 0.0158 0.0140 
         481  1 0.9612 0.0199 0.0189 
         482  1 0.9811 0.0086 0.0103 
         483  1 0.9643 0.0180 0.0177 
         484  1 0.1997 0.5158 0.2845 
         485  1 0.9112 0.0508 0.0381 
         486  1 0.9201 0.0466 0.0332 
         487  1 0.9800 0.0101 0.0099 
         488  1 0.9544 0.0253 0.0203 
         489  1 0.7945 0.1387 0.0668 
         490  1 0.5265 0.2808 0.1927 
         491  1 0.9639 0.0186 0.0175 
         492  1 0.9174 0.0579 0.0246 
         493  1 0.9736 0.0134 0.0130 
         494  1 0.9818 0.0092 0.0090 
         495  1 0.9830 0.0082 0.0088 
         496  1 0.9543 0.0208 0.0249 
         497  1 0.0844 0.3894 0.5262 
         498  1 0.7551 0.1190 0.1258 
         499  1 0.9694 0.0159 0.0147 
         500  1 0.8301 0.0872 0.0828 
         501  1 0.9787 0.0106 0.0107 
         502  1 0.9719 0.0138 0.0143 
         503  1 0.9799 0.0109 0.0092 
         504  1 0.9699 0.0148 0.0153 
         505  1 0.8617 0.0653 0.0730 
         506  1 0.8704 0.0622 0.0673 
         507  1 0.9626 0.0205 0.0169 
         508  1 0.7215 0.1809 0.0976 
         509  1 0.9841 0.0079 0.0080 
         510  1 0.9687 0.0154 0.0159 
         511  1 0.9760 0.0113 0.0127 
         512  1 0.9648 0.0162 0.0191 
         513  1 0.1082 0.3911 0.5006 
         514  1 0.9761 0.0100 0.0139 
         515  1 0.8920 0.0816 0.0265 
         516  1 0.6651 0.1551 0.1798 
         517  1 0.9715 0.0147 0.0138 
         518  1 0.9814 0.0094 0.0092 
         519  1 0.9668 0.0158 0.0174 
         520  1 0.9536 0.0247 0.0218 
         521  1 0.9779 0.0112 0.0110 
         522  1 0.9815 0.0099 0.0087 
         523  1 0.8332 0.0883 0.0785 
         524  1 0.9580 0.0261 0.0159 
         525  1 0.9572 0.0223 0.0204 
         526  1 0.9570 0.0225 0.0205 
         527  1 0.9540 0.0265 0.0196 
         528  1 0.9568 0.0246 0.0186 
         529  1 0.8440 0.1086 0.0474 
         530  1 0.9804 0.0101 0.0095 
         531  1 0.9522 0.0236 0.0242 
         532  1 0.9681 0.0160 0.0159 
         533  1 0.9727 0.0144 0.0129 
         534  1 0.9583 0.0240 0.0177 
         535  1 0.9722 0.0135 0.0143 
         536  1 0.9851 0.0077 0.0073 
         537  1 0.9798 0.0095 0.0107 
         538  1 0.9830 0.0083 0.0087 
         539  1 0.9857 0.0072 0.0070 
         540  1 0.9556 0.0197 0.0247 
         541  1 0.3917 0.4096 0.1988 
         542  1 0.9772 0.0112 0.0115 
         543  1 0.9359 0.0300 0.0341 
         544  1 0.9663 0.0158 0.0179 
         545  1 0.9844 0.0081 0.0075 
         546  1 0.8050 0.0844 0.1106 
         547  1 0.9276 0.0357 0.0367 
         548  1 0.9719 0.0138 0.0143 
         549  1 0.9711 0.0132 0.0157 
         550  1 0.9828 0.0088 0.0084 
         551  1 0.2980 0.3702 0.3318 
         552  1 0.9692 0.0166 0.0142 
         553  1 0.6330 0.1649 0.2021 
         554  1 0.8997 0.0587 0.0416 
         555  1 0.9798 0.0100 0.0102 
         556  1 0.9525 0.0303 0.0172 
         557  1 0.9839 0.0085 0.0076 
         558  1 0.9307 0.0423 0.0270 
         559  1 0.6868 0.1669 0.1463 
         560  1 0.9378 0.0373 0.0249 
         561  1 0.9186 0.0475 0.0339 
         562  1 0.9853 0.0076 0.0072 
         563  1 0.9782 0.0116 0.0102 
         564  1 0.9756 0.0116 0.0129 
         565  1 0.9511 0.0269 0.0219 
         566  1 0.6918 0.1914 0.1168 
         567  1 0.9699 0.0158 0.0143 
         568  1 0.9290 0.0402 0.0308 
         569  1 0.9706 0.0144 0.0150 
         570  1 0.5492 0.1175 0.3333 
         571  1 0.6304 0.2837 0.0858 
         572  1 0.9565 0.0255 0.0180 
         573  1 0.0136 0.5436 0.4428 
         574  1 0.2518 0.5256 0.2226 
         575  1 0.1171 0.5266 0.3563 
         576  1 0.0351 0.6854 0.2796 
         577  1 0.0285 0.6348 0.3367 
         578  1 0.5183 0.3256 0.1561 
         579  1 0.9569 0.0227 0.0204 
         580  1 0.7830 0.1342 0.0828 
         581  1 0.9762 0.0111 0.0127 
         582  1 0.0418 0.3399 0.6182 
         583  1 0.9715 0.0145 0.0139 
         584  1 0.7748 0.1250 0.1001 
         585  1 0.7165 0.1521 0.1313 
         586  1 0.9748 0.0135 0.0117 
         587  1 0.9653 0.0143 0.0204 
         588  1 0.9771 0.0104 0.0125 
         589  1 0.9073 0.0454 0.0472 
         590  1 0.9743 0.0116 0.0141 
         591  1 0.9727 0.0148 0.0125 
         592  1 0.9276 0.0367 0.0356 
         593  1 0.9747 0.0133 0.0120 
         594  1 0.6813 0.2241 0.0947 
         595  1 0.9218 0.0372 0.0410 
         596  1 0.9846 0.0083 0.0071 
         597  1 0.9742 0.0142 0.0116 
         598  1 0.8017 0.0886 0.1097 
         599  1 0.9822 0.0089 0.0089 
         600  1 0.9761 0.0124 0.0115 
         601  1 0.9822 0.0086 0.0093 
         602  1 0.9109 0.0563 0.0328 
         603  1 0.9465 0.0339 0.0196 
         604  1 0.8003 0.0744 0.1253 
         605  1 0.9570 0.0229 0.0201 
         606  1 0.9474 0.0243 0.0283 
         607  1 0.9854 0.0073 0.0073 
         608  1 0.8196 0.1176 0.0628 
         609  1 0.9541 0.0249 0.0210 
         610  1 0.9656 0.0197 0.0147 
         611  1 0.8740 0.0777 0.0483 
         612  1 0.1324 0.7319 0.1357 
         613  1 0.9802 0.0104 0.0095 
         614  1 0.9812 0.0102 0.0087 
         615  1 0.9797 0.0116 0.0086 
         616  1 0.9373 0.0364 0.0263 
         617  1 0.9665 0.0135 0.0200 
         618  1 0.9342 0.0441 0.0217 
         619  1 0.9727 0.0136 0.0137 
         620  1 0.9619 0.0214 0.0167 
         621  1 0.1559 0.2696 0.5745 
         622  1 0.9719 0.0150 0.0131 
         623  1 0.9587 0.0205 0.0208 
