           1  1 0.0407 0.0363 0.0381 0.0358 0.0352 0.1646 0.0368 0.5356 0.0398 0.0372 
           2  1 0.0181 0.0233 0.0385 0.0226 0.0587 0.7248 0.0171 0.0567 0.0190 0.0211 
           3  1 0.0302 0.0259 0.0244 0.0249 0.0234 0.5057 0.0261 0.2831 0.0319 0.0242 
           4  1 0.0231 0.0331 0.0385 0.0257 0.0587 0.1326 0.0225 0.5995 0.0413 0.0250 
           5  1 0.0204 0.0212 0.0179 0.0197 0.0187 0.3108 0.0193 0.5321 0.0217 0.0184 
           6  1 0.0214 0.0216 0.0193 0.0184 0.0188 0.3007 0.0189 0.5390 0.0218 0.0203 
           7  1 0.0174 0.0224 0.0347 0.0223 0.0554 0.7594 0.0172 0.0208 0.0270 0.0233 
           8  1 0.0196 0.0210 0.0214 0.0200 0.0206 0.6853 0.0220 0.1514 0.0220 0.0168 
           9  1 0.0184 0.0202 0.0186 0.0188 0.0170 0.0257 0.0194 0.8196 0.0195 0.0230 
          10  1 0.0138 0.0127 0.0122 0.0123 0.0126 0.8503 0.0117 0.0511 0.0115 0.0119 
          11  1 0.0208 0.0285 0.0189 0.0227 0.0194 0.7759 0.0186 0.0459 0.0221 0.0272 
          12  1 0.0962 0.1081 0.1062 0.0719 0.0868 0.2144 0.0909 0.0335 0.1262 0.0659 
          13  1 0.0264 0.0260 0.0304 0.0261 0.0326 0.7647 0.0262 0.0086 0.0292 0.0299 
          14  1 0.0703 0.0915 0.0867 0.0710 0.0860 0.2715 0.0807 0.0531 0.1060 0.0831 
          15  1 0.0800 0.0708 0.0538 0.0660 0.0539 0.4244 0.0595 0.0776 0.0486 0.0655 
          16  1 0.1994 0.1072 0.1466 0.1333 0.0585 0.0104 0.1366 0.0096 0.1061 0.0922 
          17  1 0.1035 0.1113 0.0802 0.2304 0.0424 0.0079 0.1984 0.0065 0.0479 0.1716 
          18  1 0.1108 0.1078 0.0748 0.2257 0.0402 0.0105 0.1947 0.0079 0.0514 0.1762 
          19  1 0.0831 0.1031 0.1555 0.1177 0.2348 0.0286 0.0890 0.0102 0.0785 0.0997 
          20  1 0.1271 0.1014 0.0812 0.1165 0.1241 0.0096 0.1337 0.0088 0.1520 0.1457 
          21  1 0.0409 0.0955 0.1976 0.1014 0.3325 0.0104 0.0500 0.0147 0.0609 0.0961 
          22  1 0.0859 0.1010 0.1187 0.1044 0.1529 0.1395 0.0826 0.0328 0.0922 0.0898 
          23  1 0.0954 0.1168 0.1269 0.1090 0.1250 0.0340 0.1160 0.0228 0.1121 0.1420 
          24  1 0.0888 0.1053 0.1523 0.1007 0.1939 0.0320 0.0897 0.0108 0.1214 0.1052 
          25  1 0.1630 0.1507 0.1222 0.1277 0.0614 0.0159 0.1354 0.0136 0.0976 0.1125 
          26  1 0.0996 0.1150 0.1047 0.0910 0.1437 0.0247 0.1020 0.0585 0.1696 0.0914 
          27  1 0.1212 0.1092 0.1423 0.1076 0.1167 0.0161 0.1285 0.0078 0.1311 0.1194 
          28  1 0.1264 0.1036 0.1430 0.1305 0.1324 0.0076 0.1204 0.0072 0.0930 0.1359 
          29  1 0.2196 0.1415 0.1292 0.1303 0.0622 0.0126 0.1344 0.0056 0.0772 0.0874 
          30  1 0.0943 0.1072 0.1427 0.1401 0.1656 0.0159 0.1237 0.0195 0.0698 0.1212 
          31  1 0.0883 0.0942 0.0899 0.0780 0.0743 0.1828 0.0804 0.1318 0.1070 0.0733 
          32  1 0.0593 0.0966 0.2052 0.1002 0.2937 0.0092 0.0650 0.0070 0.0621 0.1017 
          33  1 0.1094 0.1038 0.1650 0.1147 0.1446 0.0125 0.1153 0.0119 0.1025 0.1202 
          34  1 0.0566 0.0506 0.0558 0.0603 0.0635 0.4744 0.0586 0.0618 0.0631 0.0552 
          35  1 0.1482 0.1354 0.1137 0.1103 0.0772 0.0535 0.1170 0.0117 0.1231 0.1100 
          36  1 0.1692 0.1445 0.1221 0.1322 0.0794 0.0269 0.1086 0.0198 0.0895 0.1078 
          37  1 0.0991 0.1048 0.1416 0.1054 0.1065 0.0657 0.1238 0.0271 0.1213 0.1047 
          38  1 0.1186 0.1217 0.1330 0.1457 0.0972 0.0189 0.1329 0.0073 0.0987 0.1259 
          39  1 0.1310 0.1366 0.1397 0.1153 0.1000 0.0147 0.1384 0.0059 0.1176 0.1008 
          40  1 0.1155 0.1137 0.1379 0.1162 0.1296 0.0084 0.1222 0.0116 0.1377 0.1072 
          41  1 0.1178 0.1109 0.0926 0.1406 0.1022 0.0099 0.1479 0.0264 0.1336 0.1181 
          42  1 0.1197 0.1169 0.1043 0.0932 0.1326 0.0116 0.1229 0.0320 0.1699 0.0970 
          43  1 0.1080 0.1213 0.1120 0.1073 0.1097 0.0259 0.1179 0.0168 0.1626 0.1185 
          44  1 0.1779 0.1242 0.1415 0.1301 0.0707 0.0068 0.1360 0.0091 0.0960 0.1077 
          45  1 0.1343 0.1175 0.1253 0.0999 0.1080 0.0159 0.1295 0.0091 0.1749 0.0855 
          46  1 0.1126 0.1193 0.0756 0.1727 0.0618 0.0125 0.1637 0.0271 0.0989 0.1559 
          47  1 0.1328 0.1188 0.1212 0.1057 0.1084 0.0205 0.1135 0.0159 0.1408 0.1224 
          48  1 0.1042 0.1048 0.1397 0.1190 0.1713 0.0198 0.0963 0.0300 0.1203 0.0946 
          49  1 0.1023 0.1074 0.1306 0.1140 0.1533 0.0312 0.1026 0.0383 0.1000 0.1204 
          50  1 0.1250 0.1084 0.1129 0.1004 0.0861 0.0305 0.1250 0.0451 0.1613 0.1054 
          51  1 0.1017 0.1096 0.1059 0.1208 0.0927 0.0276 0.1396 0.0303 0.1592 0.1126 
          52  1 0.1209 0.1188 0.1286 0.1050 0.1327 0.0237 0.1014 0.0574 0.1129 0.0987 
          53  1 0.0386 0.0979 0.2092 0.0959 0.3421 0.0166 0.0397 0.0288 0.0452 0.0861 
          54  1 0.1331 0.1003 0.1107 0.1188 0.1238 0.0105 0.1274 0.0061 0.1698 0.0995 
          55  1 0.0867 0.1117 0.1034 0.1904 0.1078 0.0081 0.1646 0.0068 0.0480 0.1725 
          56  1 0.1580 0.1240 0.1013 0.1112 0.1116 0.0165 0.1140 0.0208 0.1345 0.1082 
          57  1 0.1273 0.1304 0.1237 0.0774 0.1099 0.0596 0.0808 0.0157 0.1924 0.0827 
          58  1 0.1063 0.1119 0.1073 0.1617 0.0985 0.0167 0.1540 0.0151 0.0849 0.1437 
          59  1 0.1371 0.1349 0.1116 0.1438 0.0802 0.0106 0.1466 0.0104 0.0945 0.1302 
          60  1 0.0979 0.1008 0.1453 0.1054 0.1966 0.0161 0.0944 0.0405 0.1142 0.0887 
          61  1 0.1361 0.1110 0.1375 0.1199 0.1020 0.0057 0.1154 0.0071 0.1304 0.1349 
          62  1 0.1411 0.1166 0.1326 0.1173 0.1192 0.0130 0.1281 0.0180 0.1020 0.1121 
          63  1 0.1180 0.1071 0.0884 0.1773 0.0735 0.0314 0.1560 0.0130 0.1212 0.1143 
          64  1 0.1491 0.1006 0.1020 0.1240 0.0979 0.0339 0.1321 0.0058 0.1489 0.1056 
          65  1 0.1744 0.1297 0.1047 0.1187 0.0718 0.0084 0.1258 0.0087 0.0957 0.1622 
          66  1 0.1632 0.1162 0.1117 0.1098 0.0895 0.0109 0.1250 0.0092 0.1294 0.1349 
          67  1 0.1046 0.1113 0.0956 0.2391 0.0369 0.0093 0.1940 0.0144 0.0417 0.1530 
          68  1 0.1072 0.1089 0.0905 0.0966 0.1249 0.0292 0.1311 0.0131 0.1677 0.1309 
          69  1 0.1545 0.1085 0.1199 0.1216 0.0942 0.0083 0.1377 0.0065 0.1528 0.0959 
          70  1 0.0951 0.1070 0.1500 0.1414 0.1849 0.0169 0.0992 0.0101 0.0686 0.1269 
          71  1 0.1254 0.1160 0.1044 0.1009 0.1169 0.0113 0.1217 0.0097 0.1577 0.1361 
          72  1 0.1140 0.1150 0.0681 0.2141 0.0458 0.0046 0.1964 0.0054 0.0681 0.1684 
          73  1 0.1300 0.1244 0.1103 0.1134 0.1115 0.0292 0.1075 0.0252 0.1247 0.1236 
          74  1 0.1092 0.1192 0.1015 0.1915 0.0582 0.0070 0.1816 0.0069 0.0829 0.1420 
          75  1 0.1401 0.1577 0.1112 0.1093 0.0926 0.0136 0.0991 0.0115 0.1537 0.1111 
          76  1 0.1205 0.0881 0.1021 0.0948 0.0953 0.0498 0.1258 0.0396 0.1689 0.1152 
          77  1 0.1519 0.1476 0.1240 0.1213 0.0670 0.0352 0.0923 0.0559 0.0906 0.1143 
          78  1 0.1108 0.1001 0.1335 0.1166 0.0798 0.0101 0.1453 0.0166 0.0974 0.1898 
          79  1 0.0884 0.1094 0.1674 0.1292 0.1249 0.0090 0.1232 0.0059 0.0881 0.1544 
          80  1 0.1214 0.1007 0.0749 0.1289 0.1161 0.0158 0.1416 0.0128 0.1556 0.1322 
          81  1 0.1125 0.1193 0.1291 0.1176 0.1495 0.0221 0.1238 0.0084 0.1126 0.1051 
          82  1 0.1180 0.0912 0.0677 0.0959 0.1510 0.0069 0.1449 0.0073 0.1763 0.1410 
          83  1 0.1251 0.0991 0.1256 0.0912 0.1246 0.0166 0.1205 0.0089 0.1960 0.0923 
          84  1 0.0961 0.1086 0.0942 0.1029 0.1469 0.0234 0.1138 0.0065 0.2118 0.0958 
          85  1 0.1436 0.1087 0.1250 0.1183 0.0940 0.0101 0.1373 0.0131 0.1377 0.1122 
          86  1 0.1039 0.1140 0.0666 0.2016 0.0552 0.0140 0.1912 0.0150 0.0662 0.1722 
          87  1 0.1542 0.1144 0.1217 0.1241 0.0818 0.0077 0.1378 0.0070 0.1076 0.1437 
          88  1 0.1183 0.1147 0.1041 0.1536 0.0812 0.0230 0.1426 0.0098 0.1377 0.1151 
          89  1 0.1185 0.0926 0.0729 0.1052 0.1357 0.0094 0.1486 0.0086 0.1609 0.1477 
          90  1 0.1178 0.1111 0.1086 0.1051 0.1337 0.0083 0.1271 0.0108 0.1653 0.1122 
          91  1 0.1116 0.1051 0.1034 0.1616 0.0872 0.0078 0.1432 0.0101 0.0977 0.1724 
          92  1 0.1551 0.1163 0.1182 0.1248 0.0955 0.0102 0.1300 0.0060 0.1257 0.1182 
          93  1 0.1096 0.1130 0.0821 0.2062 0.0582 0.0096 0.1800 0.0316 0.0528 0.1569 
          94  1 0.0672 0.1030 0.2137 0.0960 0.2653 0.0057 0.0646 0.0040 0.0662 0.1144 
          95  1 0.0960 0.1063 0.1487 0.1166 0.1788 0.0127 0.1008 0.0108 0.1026 0.1266 
          96  1 0.0904 0.1058 0.1164 0.0921 0.1366 0.1178 0.0920 0.0393 0.1159 0.0938 
          97  1 0.1232 0.1202 0.1153 0.1438 0.1068 0.0102 0.1271 0.0094 0.0839 0.1601 
          98  1 0.1310 0.1032 0.1488 0.1286 0.1242 0.0136 0.1164 0.0167 0.1102 0.1072 
          99  1 0.1345 0.1239 0.1078 0.1075 0.1341 0.0176 0.1087 0.0185 0.1446 0.1028 
         100  1 0.1025 0.1122 0.1176 0.1320 0.1357 0.0152 0.1255 0.0207 0.1284 0.1102 
         101  1 0.1431 0.1325 0.1084 0.1144 0.0887 0.0222 0.1223 0.0107 0.1318 0.1259 
         102  1 0.1193 0.1276 0.1477 0.1091 0.1052 0.0108 0.1219 0.0084 0.1441 0.1059 
         103  1 0.1015 0.1043 0.1154 0.1290 0.1139 0.0214 0.1026 0.0943 0.0947 0.1228 
         104  1 0.1352 0.1125 0.1045 0.1058 0.0798 0.0111 0.1381 0.0063 0.1411 0.1655 
         105  1 0.1259 0.1180 0.1037 0.1115 0.0714 0.0176 0.1385 0.0122 0.0864 0.2148 
         106  1 0.1168 0.1209 0.1052 0.1095 0.0711 0.0168 0.1368 0.0123 0.0904 0.2202 
         107  1 0.0889 0.1173 0.1136 0.0931 0.1173 0.0278 0.0933 0.1254 0.1308 0.0925 
         108  1 0.0693 0.1083 0.1962 0.1043 0.2717 0.0058 0.0582 0.0058 0.0689 0.1116 
         109  1 0.0849 0.1105 0.1311 0.1352 0.1444 0.0237 0.1265 0.0256 0.0979 0.1203 
         110  1 0.1258 0.1179 0.1145 0.1159 0.1003 0.0086 0.1440 0.0071 0.1363 0.1295 
         111  1 0.1545 0.1351 0.0940 0.1578 0.0599 0.0077 0.1433 0.0417 0.0867 0.1194 
         112  1 0.1039 0.1127 0.1074 0.1705 0.1036 0.0103 0.1655 0.0113 0.0650 0.1499 
         113  1 0.1317 0.1156 0.1070 0.1147 0.1172 0.0058 0.1312 0.0048 0.1021 0.1700 
         114  1 0.1014 0.1195 0.1087 0.0906 0.1266 0.0553 0.1074 0.0368 0.1540 0.0997 
         115  1 0.1300 0.1231 0.1144 0.1377 0.0811 0.0082 0.1102 0.0101 0.1048 0.1803 
         116  1 0.1108 0.1236 0.1434 0.0985 0.1053 0.0177 0.1100 0.0207 0.1862 0.0837 
         117  1 0.1252 0.1201 0.1417 0.1080 0.1052 0.0088 0.1250 0.0180 0.1237 0.1242 
         118  1 0.0872 0.0918 0.1496 0.1319 0.1953 0.0118 0.1054 0.0185 0.0861 0.1224 
         119  1 0.1067 0.1100 0.0998 0.1870 0.0851 0.0133 0.1580 0.0135 0.0638 0.1628 
         120  1 0.0861 0.0938 0.1013 0.0941 0.0962 0.0341 0.0900 0.2050 0.0975 0.1018 
         121  1 0.0969 0.1016 0.1199 0.1104 0.1518 0.0721 0.1032 0.0305 0.1129 0.1007 
         122  1 0.1598 0.1090 0.1286 0.1346 0.0807 0.0055 0.1380 0.0053 0.1115 0.1270 
         123  1 0.1134 0.1155 0.0984 0.1362 0.1048 0.0071 0.1423 0.0187 0.1471 0.1165 
         124  1 0.1207 0.1199 0.0992 0.1256 0.1519 0.0167 0.1065 0.0144 0.1417 0.1036 
         125  1 0.1402 0.1136 0.1025 0.1329 0.0683 0.0051 0.1497 0.0075 0.0975 0.1827 
         126  1 0.1325 0.1233 0.1304 0.1685 0.0788 0.0067 0.1427 0.0055 0.0638 0.1476 
         127  1 0.1455 0.1528 0.1028 0.1249 0.0738 0.0168 0.1136 0.0244 0.1201 0.1253 
         128  1 0.1839 0.1365 0.1001 0.1065 0.0919 0.0155 0.1251 0.0211 0.1249 0.0945 
         129  1 0.1370 0.1273 0.1372 0.1049 0.0948 0.0157 0.1187 0.0119 0.1193 0.1333 
         130  1 0.0836 0.1167 0.1423 0.1461 0.1421 0.0158 0.1309 0.0151 0.0803 0.1271 
         131  1 0.1124 0.1184 0.0866 0.2114 0.0528 0.0090 0.1668 0.0142 0.0710 0.1575 
         132  1 0.0866 0.0917 0.1117 0.0984 0.1591 0.1047 0.1057 0.0122 0.1249 0.1048 
         133  1 0.1165 0.1271 0.1359 0.1475 0.0902 0.0066 0.1319 0.0060 0.0824 0.1558 
         134  1 0.1567 0.1165 0.1146 0.1633 0.0678 0.0074 0.1504 0.0073 0.0879 0.1281 
         135  1 0.0533 0.0975 0.1982 0.0974 0.3412 0.0062 0.0482 0.0045 0.0500 0.1035 
         136  1 0.1310 0.0973 0.1235 0.1489 0.0529 0.0049 0.1492 0.0049 0.0946 0.1927 
         137  1 0.1021 0.1062 0.0907 0.1876 0.0674 0.0295 0.1776 0.0191 0.0747 0.1452 
         138  1 0.1173 0.1200 0.1150 0.1091 0.1211 0.0401 0.1153 0.0143 0.1553 0.0925 
         139  1 0.1652 0.1531 0.0873 0.1384 0.0814 0.0140 0.1258 0.0123 0.0910 0.1314 
         140  1 0.0726 0.0977 0.1448 0.0960 0.2574 0.0648 0.0603 0.0355 0.0866 0.0843 
         141  1 0.1887 0.1178 0.1575 0.1314 0.0643 0.0073 0.1385 0.0056 0.1002 0.0888 
         142  1 0.1192 0.1193 0.1036 0.1697 0.0718 0.0097 0.1641 0.0235 0.0916 0.1274 
         143  1 0.0431 0.0665 0.0644 0.0489 0.0722 0.0950 0.0443 0.4479 0.0678 0.0497 
         144  1 0.1546 0.1199 0.1049 0.1299 0.0799 0.0092 0.1374 0.0080 0.1190 0.1372 
         145  1 0.1055 0.1009 0.1221 0.1070 0.1156 0.0999 0.1111 0.0112 0.1230 0.1037 
         146  1 0.0316 0.0913 0.2295 0.0920 0.3803 0.0057 0.0368 0.0055 0.0363 0.0910 
         147  1 0.0838 0.0929 0.0994 0.0666 0.1039 0.2372 0.0871 0.0431 0.1145 0.0716 
         148  1 0.1234 0.1037 0.1142 0.1662 0.0807 0.0129 0.1545 0.0278 0.0945 0.1221 
         149  1 0.1669 0.1728 0.1367 0.1131 0.0527 0.0181 0.0983 0.0157 0.1085 0.1173 
         150  1 0.1284 0.1030 0.1111 0.1163 0.1151 0.0126 0.1231 0.0377 0.1433 0.1093 
         151  1 0.0645 0.0971 0.1810 0.1102 0.2759 0.0114 0.0610 0.0248 0.0781 0.0958 
         152  1 0.0825 0.0981 0.1595 0.1100 0.2153 0.0092 0.1113 0.0087 0.0721 0.1332 
         153  1 0.1696 0.1289 0.0978 0.0906 0.1000 0.0211 0.1220 0.0069 0.1848 0.0783 
         154  1 0.0467 0.0881 0.2306 0.0914 0.3346 0.0063 0.0471 0.0045 0.0434 0.1074 
         155  1 0.1556 0.1193 0.1373 0.1226 0.0663 0.0268 0.1349 0.0120 0.1292 0.0960 
         156  1 0.1283 0.1322 0.1396 0.1201 0.0973 0.0101 0.1266 0.0110 0.1061 0.1288 
         157  1 0.1187 0.1337 0.1201 0.1176 0.0883 0.0325 0.1296 0.0168 0.1271 0.1155 
         158  1 0.1361 0.1201 0.1071 0.1219 0.0950 0.0105 0.1340 0.0069 0.1076 0.1608 
         159  1 0.1100 0.1248 0.1097 0.0977 0.1488 0.0097 0.1444 0.0104 0.1639 0.0806 
         160  1 0.1311 0.1236 0.0982 0.1263 0.0953 0.0076 0.1273 0.0065 0.1030 0.1811 
         161  1 0.1278 0.1240 0.1286 0.1084 0.1131 0.0497 0.1075 0.0159 0.1076 0.1175 
         162  1 0.1478 0.1527 0.1195 0.1282 0.0730 0.0126 0.1211 0.0260 0.1026 0.1165 
         163  1 0.1005 0.1230 0.0898 0.1837 0.0833 0.0141 0.1712 0.0083 0.0660 0.1600 
         164  1 0.1225 0.1149 0.1319 0.1339 0.0651 0.0054 0.1218 0.0070 0.0995 0.1981 
         165  1 0.1165 0.1098 0.1149 0.1226 0.0896 0.0259 0.1277 0.0470 0.1269 0.1191 
         166  1 0.0628 0.1096 0.1798 0.0998 0.2738 0.0204 0.0563 0.0152 0.0954 0.0869 
         167  1 0.1474 0.1176 0.1432 0.1168 0.1065 0.0075 0.1218 0.0082 0.1264 0.1046 
         168  1 0.1208 0.1312 0.1313 0.1221 0.1858 0.0213 0.0856 0.0107 0.0909 0.1001 
         169  1 0.1288 0.1149 0.1052 0.1033 0.0984 0.0368 0.1161 0.0379 0.1453 0.1132 
         170  1 0.1132 0.1106 0.0890 0.1755 0.0770 0.0169 0.1500 0.0198 0.0939 0.1540 
         171  1 0.1162 0.1162 0.0707 0.2490 0.0223 0.0065 0.2015 0.0095 0.0334 0.1747 
         172  1 0.1418 0.1206 0.1206 0.1293 0.1021 0.0145 0.1406 0.0124 0.1061 0.1120 
         173  1 0.1172 0.1283 0.1236 0.1026 0.0916 0.0242 0.1067 0.0630 0.1214 0.1215 
         174  1 0.1098 0.1292 0.1272 0.1036 0.1231 0.0237 0.1109 0.0169 0.1492 0.1064 
         175  1 0.0951 0.1180 0.1325 0.1115 0.0993 0.0184 0.1332 0.0112 0.1103 0.1705 
         176  1 0.1478 0.1254 0.1140 0.1166 0.0940 0.0195 0.1262 0.0179 0.1089 0.1296 
         177  1 0.1064 0.1122 0.1097 0.1598 0.0839 0.0150 0.1540 0.0243 0.0839 0.1509 
         178  1 0.1210 0.1094 0.1175 0.1270 0.0798 0.0651 0.1301 0.0160 0.1069 0.1271 
         179  1 0.0726 0.1052 0.1908 0.1086 0.2763 0.0110 0.0722 0.0053 0.0528 0.1052 
         180  1 0.1406 0.1369 0.1349 0.1213 0.0802 0.0120 0.1270 0.0204 0.1146 0.1121 
         181  1 0.0920 0.0818 0.0732 0.0775 0.0538 0.0196 0.0710 0.3830 0.0681 0.0799 
         182  1 0.1174 0.1217 0.1213 0.1198 0.1261 0.0115 0.1067 0.0596 0.1051 0.1109 
         183  1 0.1158 0.1124 0.1065 0.1161 0.1004 0.0207 0.1172 0.0093 0.1445 0.1571 
         184  1 0.0994 0.1032 0.1496 0.1102 0.1954 0.0318 0.0921 0.0266 0.0957 0.0961 
         185  1 0.1455 0.1062 0.0989 0.1437 0.0721 0.0163 0.1303 0.0647 0.1046 0.1178 
         186  1 0.1509 0.1451 0.1140 0.1096 0.0982 0.0144 0.1184 0.0095 0.1189 0.1210 
         187  1 0.1041 0.1087 0.1373 0.0977 0.1274 0.0185 0.1260 0.0102 0.1483 0.1218 
         188  1 0.1075 0.1183 0.1201 0.1000 0.1445 0.0198 0.1076 0.0229 0.1474 0.1120 
         189  1 0.0787 0.1102 0.1668 0.1256 0.2409 0.0188 0.0771 0.0139 0.0529 0.1150 
         190  1 0.1080 0.0993 0.1451 0.1020 0.1915 0.0104 0.0927 0.0249 0.1182 0.1080 
         191  1 0.1197 0.1443 0.1071 0.1519 0.0642 0.0154 0.1180 0.0417 0.0965 0.1411 
         192  1 0.1117 0.1119 0.1243 0.1255 0.1401 0.0213 0.1237 0.0057 0.1270 0.1089 
         193  1 0.0977 0.0998 0.0920 0.0928 0.1027 0.1650 0.0982 0.0089 0.1540 0.0888 
         194  1 0.1047 0.1136 0.1470 0.1169 0.1615 0.0289 0.0992 0.0154 0.0983 0.1144 
         195  1 0.0968 0.1125 0.1220 0.1272 0.1637 0.0554 0.1014 0.0089 0.0945 0.1175 
         196  1 0.1128 0.1063 0.0907 0.0960 0.0910 0.0424 0.1123 0.1069 0.1437 0.0978 
         197  1 0.0954 0.1124 0.1675 0.1336 0.1508 0.0065 0.1333 0.0058 0.0606 0.1341 
         198  1 0.0993 0.1004 0.1654 0.1220 0.1993 0.0118 0.0913 0.0066 0.0872 0.1167 
         199  1 0.1168 0.1081 0.1185 0.1467 0.0742 0.0113 0.1723 0.0102 0.0931 0.1488 
         200  1 0.1159 0.1219 0.1464 0.0999 0.1315 0.0115 0.1075 0.0100 0.1562 0.0992 
         201  1 0.1479 0.1122 0.1001 0.1308 0.0789 0.0094 0.1499 0.0209 0.1191 0.1308 
         202  1 0.1016 0.1080 0.0816 0.1023 0.1000 0.0732 0.1223 0.0238 0.1931 0.0942 
         203  1 0.1731 0.1446 0.1362 0.1260 0.0522 0.0248 0.1187 0.0065 0.1030 0.1148 
         204  1 0.1336 0.1032 0.0824 0.1753 0.0588 0.0187 0.1561 0.0220 0.0922 0.1578 
         205  1 0.1271 0.1254 0.1224 0.1416 0.0988 0.0090 0.1068 0.0048 0.1019 0.1621 
         206  1 0.0988 0.1181 0.0767 0.1649 0.0840 0.0098 0.1628 0.0104 0.1101 0.1644 
         207  1 0.0930 0.1127 0.1309 0.1191 0.1294 0.0133 0.1351 0.0151 0.1150 0.1365 
         208  1 0.1388 0.1580 0.1041 0.1000 0.0764 0.0142 0.1017 0.0630 0.1333 0.1105 
         209  1 0.1187 0.1047 0.1321 0.1246 0.1094 0.0142 0.1346 0.0066 0.1591 0.0962 
         210  1 0.1684 0.1120 0.1308 0.1407 0.0664 0.0075 0.1452 0.0074 0.1071 0.1147 
         211  1 0.0784 0.0932 0.1782 0.1135 0.2604 0.0064 0.0668 0.0096 0.0818 0.1117 
         212  1 0.1566 0.1254 0.1201 0.1290 0.0849 0.0218 0.1137 0.0103 0.1158 0.1226 
         213  1 0.1296 0.1040 0.1129 0.1021 0.1038 0.0416 0.1210 0.0395 0.1546 0.0910 
         214  1 0.0962 0.1032 0.1489 0.1102 0.1131 0.0073 0.1393 0.0135 0.1084 0.1597 
         215  1 0.1177 0.1059 0.1108 0.1188 0.0946 0.0183 0.1401 0.0120 0.1522 0.1297 
         216  1 0.0787 0.1034 0.1593 0.0976 0.2198 0.0237 0.0784 0.0283 0.0973 0.1136 
         217  1 0.1205 0.1438 0.1006 0.1019 0.0989 0.0219 0.1082 0.0177 0.1789 0.1077 
         218  1 0.1382 0.1205 0.1124 0.1383 0.0802 0.0182 0.1190 0.0201 0.1152 0.1379 
         219  1 0.1698 0.1403 0.1492 0.1152 0.0747 0.0085 0.1355 0.0063 0.1075 0.0931 
         220  1 0.1243 0.0973 0.1079 0.0996 0.1071 0.0228 0.1362 0.0110 0.1825 0.1114 
         221  1 0.1462 0.1389 0.1040 0.1447 0.1205 0.0071 0.1170 0.0059 0.0963 0.1193 
         222  1 0.1551 0.1275 0.1359 0.1170 0.0844 0.0057 0.1085 0.0054 0.0872 0.1734 
         223  1 0.1137 0.1172 0.1469 0.1240 0.1249 0.0185 0.1152 0.0215 0.1146 0.1033 
         224  1 0.0657 0.1001 0.1818 0.0984 0.2968 0.0081 0.0612 0.0072 0.0759 0.1048 
         225  1 0.1349 0.1052 0.1393 0.1731 0.0832 0.0053 0.1456 0.0077 0.0855 0.1203 
         226  1 0.1827 0.1474 0.1044 0.1166 0.0861 0.0104 0.1219 0.0106 0.1209 0.0990 
         227  1 0.1189 0.1075 0.1171 0.1080 0.1172 0.0100 0.1232 0.0082 0.1561 0.1339 
         228  1 0.1628 0.1146 0.0998 0.1031 0.0763 0.0280 0.1246 0.0264 0.1492 0.1150 
         229  1 0.0657 0.1077 0.1874 0.1015 0.2734 0.0079 0.0777 0.0080 0.0692 0.1013 
         230  1 0.1204 0.1128 0.1051 0.1100 0.1119 0.0110 0.1254 0.0211 0.1734 0.1090 
         231  1 0.1031 0.1117 0.1307 0.0952 0.1221 0.0213 0.1239 0.0165 0.1780 0.0975 
         232  1 0.1326 0.1428 0.1083 0.1327 0.0686 0.0082 0.1157 0.0058 0.0924 0.1930 
         233  1 0.1059 0.1162 0.1163 0.1119 0.1507 0.0196 0.1123 0.0143 0.1509 0.1019 
         234  1 0.1230 0.1029 0.0979 0.1595 0.0830 0.0077 0.1756 0.0108 0.1009 0.1387 
         235  1 0.1678 0.1239 0.1203 0.1194 0.0692 0.0255 0.1248 0.0084 0.1214 0.1193 
         236  1 0.1404 0.1338 0.1095 0.1133 0.0845 0.0376 0.1134 0.0399 0.1302 0.0974 
         237  1 0.1296 0.1109 0.1188 0.1109 0.1262 0.0066 0.1087 0.0063 0.1266 0.1555 
         238  1 0.0829 0.1128 0.1334 0.1043 0.1756 0.0227 0.1079 0.0168 0.1333 0.1105 
         239  1 0.1300 0.1039 0.1126 0.0904 0.0782 0.1385 0.1111 0.0281 0.1282 0.0790 
         240  1 0.1247 0.1259 0.1186 0.1590 0.0921 0.0063 0.1580 0.0068 0.0773 0.1314 
         241  1 0.1311 0.1217 0.1265 0.1568 0.0903 0.0070 0.1525 0.0062 0.0713 0.1366 
         242  1 0.1156 0.1143 0.1377 0.0944 0.1350 0.0173 0.1060 0.0277 0.1638 0.0882 
         243  1 0.1220 0.1246 0.1247 0.1429 0.1426 0.0142 0.1138 0.0102 0.0822 0.1228 
         244  1 0.1316 0.1430 0.1230 0.1124 0.1123 0.0245 0.1149 0.0197 0.1161 0.1026 
         245  1 0.1666 0.1066 0.1252 0.1691 0.0629 0.0066 0.1539 0.0088 0.0960 0.1043 
         246  1 0.1170 0.1295 0.1153 0.0852 0.0842 0.0734 0.1029 0.0681 0.1318 0.0926 
         247  1 0.1464 0.1274 0.1455 0.0959 0.0893 0.0138 0.1107 0.0103 0.1511 0.1097 
         248  1 0.1281 0.1370 0.1115 0.1186 0.1120 0.0186 0.1165 0.0389 0.1078 0.1111 
         249  1 0.1186 0.0894 0.1041 0.0960 0.1207 0.0147 0.1231 0.0245 0.2220 0.0869 
         250  1 0.1114 0.1138 0.1560 0.1149 0.1015 0.0150 0.1302 0.0072 0.1317 0.1183 
         251  1 0.1019 0.1194 0.1317 0.1562 0.1045 0.0096 0.1533 0.0083 0.0850 0.1301 
         252  1 0.0686 0.0823 0.0686 0.0732 0.0704 0.2307 0.0712 0.1657 0.0814 0.0878 
         253  1 0.0561 0.0907 0.1571 0.0993 0.2710 0.0370 0.0697 0.0356 0.0911 0.0923 
         254  1 0.1323 0.1091 0.1391 0.1244 0.0809 0.0069 0.1535 0.0078 0.1174 0.1285 
         255  1 0.1052 0.1043 0.0735 0.1957 0.0622 0.0154 0.1886 0.0218 0.0713 0.1621 
         256  1 0.1056 0.1171 0.0937 0.1689 0.0656 0.0089 0.1681 0.0086 0.0916 0.1718 
         257  1 0.1283 0.1357 0.1193 0.1453 0.0542 0.0064 0.1238 0.0090 0.0763 0.2017 
         258  1 0.1044 0.1246 0.1309 0.1125 0.1430 0.0136 0.1026 0.0117 0.1316 0.1250 
         259  1 0.1079 0.1103 0.1425 0.1000 0.1979 0.0241 0.0975 0.0228 0.1064 0.0905 
         260  1 0.1168 0.1067 0.1358 0.1320 0.1104 0.0134 0.1280 0.0045 0.1130 0.1395 
         261  1 0.1041 0.1058 0.1130 0.1086 0.0857 0.0168 0.1402 0.0247 0.1126 0.1886 
         262  1 0.1275 0.1142 0.1074 0.1077 0.1034 0.0386 0.1213 0.0327 0.1198 0.1273 
         263  1 0.1413 0.1093 0.1098 0.1208 0.0991 0.0209 0.1297 0.0255 0.1411 0.1025 
         264  1 0.0969 0.1109 0.0928 0.1915 0.0527 0.0177 0.1824 0.0230 0.0796 0.1526 
         265  1 0.0954 0.1342 0.1405 0.1115 0.1756 0.0121 0.0904 0.0098 0.1021 0.1286 
         266  1 0.1283 0.1213 0.0864 0.1908 0.0597 0.0091 0.1752 0.0130 0.0586 0.1575 
         267  1 0.1357 0.1348 0.1206 0.0958 0.0903 0.0518 0.1163 0.0302 0.1281 0.0963 
         268  1 0.1474 0.1308 0.1134 0.1208 0.1094 0.0106 0.1288 0.0102 0.1248 0.1038 
         269  1 0.0840 0.1075 0.1511 0.0981 0.2263 0.0097 0.0937 0.0100 0.1098 0.1097 
         270  1 0.1791 0.1387 0.1369 0.1268 0.1062 0.0053 0.1144 0.0061 0.0722 0.1142 
         271  1 0.1323 0.1161 0.0886 0.2037 0.0543 0.0093 0.1733 0.0121 0.0542 0.1562 
         272  1 0.0615 0.1055 0.1565 0.1035 0.2680 0.0194 0.0681 0.0280 0.0864 0.1032 
         273  1 0.0817 0.1036 0.1547 0.0924 0.2091 0.0176 0.0893 0.0205 0.1140 0.1172 
         274  1 0.0953 0.1137 0.1165 0.1012 0.1023 0.0301 0.1325 0.0128 0.1514 0.1442 
         275  1 0.1422 0.1077 0.1149 0.1096 0.1186 0.0084 0.1353 0.0100 0.1421 0.1113 
         276  1 0.2044 0.1574 0.0805 0.1217 0.0758 0.0132 0.1158 0.0088 0.1131 0.1093 
         277  1 0.0655 0.1067 0.1622 0.1390 0.2090 0.0071 0.1229 0.0057 0.0452 0.1368 
         278  1 0.0278 0.0889 0.2251 0.0959 0.4078 0.0072 0.0263 0.0074 0.0295 0.0841 
         279  1 0.1251 0.1202 0.0823 0.1692 0.0824 0.0095 0.1522 0.0303 0.0775 0.1514 
         280  1 0.1240 0.1085 0.0990 0.1350 0.0996 0.0077 0.1331 0.0120 0.1205 0.1604 
         281  1 0.1247 0.1094 0.0921 0.1654 0.0808 0.0095 0.1659 0.0318 0.0685 0.1520 
         282  1 0.0974 0.1103 0.1268 0.1352 0.1455 0.0212 0.1257 0.0090 0.0846 0.1441 
         283  1 0.0922 0.1054 0.1241 0.1585 0.1167 0.0087 0.1647 0.0189 0.0651 0.1457 
         284  1 0.1003 0.1123 0.1448 0.1376 0.1755 0.0106 0.1122 0.0051 0.0861 0.1155 
         285  1 0.1181 0.1618 0.0984 0.1120 0.0946 0.0119 0.1052 0.0099 0.1549 0.1331 
         286  1 0.1106 0.1150 0.1205 0.0944 0.1313 0.0102 0.1136 0.0238 0.1754 0.1052 
         287  1 0.1178 0.1302 0.1298 0.1300 0.1212 0.0071 0.1235 0.0125 0.0942 0.1336 
         288  1 0.1127 0.1081 0.0979 0.1443 0.1233 0.0190 0.1461 0.0124 0.0959 0.1404 
         289  1 0.1129 0.1197 0.1481 0.1241 0.1401 0.0192 0.1113 0.0104 0.0938 0.1206 
         290  1 0.0487 0.1025 0.1682 0.1041 0.3153 0.0167 0.0611 0.0204 0.0660 0.0971 
         291  1 0.1622 0.1118 0.1474 0.1242 0.0751 0.0189 0.1289 0.0213 0.1171 0.0931 
         292  1 0.1009 0.1204 0.1458 0.1283 0.1227 0.0091 0.1230 0.0057 0.1112 0.1329 
         293  1 0.1318 0.1033 0.1154 0.1198 0.1205 0.0090 0.1300 0.0066 0.1623 0.1014 
         294  1 0.0800 0.0907 0.1584 0.1215 0.1825 0.0253 0.1279 0.0149 0.0634 0.1353 
         295  1 0.1206 0.1258 0.1063 0.1366 0.1023 0.0120 0.1466 0.0158 0.1028 0.1313 
         296  1 0.1661 0.1248 0.0890 0.1231 0.0908 0.0229 0.1331 0.0153 0.1251 0.1098 
         297  1 0.1502 0.1353 0.1033 0.1099 0.0683 0.0499 0.0972 0.0542 0.1173 0.1144 
         298  1 0.1377 0.1020 0.1159 0.1193 0.0793 0.0200 0.1495 0.0086 0.1283 0.1395 
         299  1 0.1248 0.1108 0.1313 0.1234 0.0525 0.0060 0.1390 0.0041 0.0829 0.2251 
         300  1 0.1062 0.1253 0.0981 0.1154 0.1251 0.0170 0.1170 0.0202 0.1459 0.1299 
         301  1 0.0874 0.1178 0.1336 0.1042 0.1472 0.0284 0.1177 0.0091 0.1431 0.1116 
         302  1 0.1439 0.1405 0.1146 0.1341 0.0666 0.0128 0.1261 0.0124 0.0838 0.1653 
         303  1 0.1179 0.1350 0.1220 0.0908 0.1068 0.0263 0.1113 0.0423 0.1467 0.1008 
         304  1 0.0774 0.1051 0.1609 0.1105 0.2432 0.0133 0.0931 0.0101 0.0924 0.0940 
         305  1 0.0625 0.0973 0.1678 0.0932 0.2985 0.0084 0.0686 0.0087 0.0963 0.0986 
         306  1 0.1311 0.1296 0.1370 0.1152 0.0870 0.0115 0.1148 0.0084 0.1017 0.1638 
         307  1 0.1033 0.1285 0.1517 0.1069 0.1118 0.0207 0.1101 0.0105 0.1468 0.1097 
         308  1 0.0935 0.0991 0.0822 0.1023 0.1360 0.0102 0.1192 0.0183 0.2162 0.1233 
         309  1 0.0506 0.0963 0.2013 0.0948 0.3471 0.0095 0.0436 0.0083 0.0626 0.0859 
         310  1 0.1431 0.1239 0.1273 0.1136 0.1216 0.0114 0.1036 0.0141 0.1271 0.1142 
         311  1 0.1019 0.1066 0.1050 0.0943 0.0992 0.0088 0.1199 0.0900 0.1835 0.0908 
         312  1 0.1051 0.1120 0.0920 0.0896 0.1205 0.0229 0.1167 0.0129 0.2367 0.0914 
         313  1 0.1107 0.1232 0.1113 0.1557 0.1246 0.0140 0.1244 0.0144 0.0903 0.1314 
         314  1 0.1516 0.1176 0.1184 0.1202 0.0850 0.0067 0.1338 0.0104 0.1200 0.1365 
         315  1 0.1008 0.1071 0.1155 0.0996 0.1251 0.0476 0.1072 0.0361 0.1445 0.1165 
         316  1 0.1049 0.0974 0.1152 0.0944 0.1037 0.0523 0.1235 0.0162 0.2015 0.0908 
         317  1 0.1208 0.1069 0.1115 0.1211 0.0709 0.0689 0.1278 0.0212 0.1165 0.1343 
         318  1 0.2011 0.1592 0.1222 0.1361 0.0715 0.0134 0.1199 0.0053 0.0797 0.0915 
         319  1 0.0927 0.1114 0.1411 0.1625 0.1268 0.0089 0.1446 0.0080 0.0602 0.1438 
         320  1 0.1258 0.1186 0.1494 0.1244 0.0857 0.0069 0.1426 0.0055 0.0989 0.1423 
         321  1 0.1498 0.1116 0.1127 0.1296 0.0902 0.0113 0.1234 0.0172 0.1323 0.1219 
         322  1 0.1075 0.1147 0.0866 0.1910 0.0719 0.0221 0.1634 0.0272 0.0583 0.1574 
         323  1 0.0801 0.1020 0.1845 0.1070 0.2110 0.0165 0.0867 0.0106 0.0780 0.1235 
         324  1 0.1424 0.1224 0.1228 0.0973 0.1119 0.0158 0.1207 0.0071 0.1760 0.0835 
         325  1 0.1457 0.1351 0.1218 0.1440 0.0711 0.0060 0.1182 0.0046 0.0661 0.1875 
         326  1 0.1216 0.1126 0.1571 0.1004 0.1558 0.0074 0.1122 0.0071 0.1319 0.0939 
         327  1 0.1077 0.1290 0.1337 0.1041 0.1044 0.0257 0.1176 0.0138 0.1643 0.0996 
         328  1 0.1186 0.1073 0.1043 0.1340 0.0710 0.0416 0.1282 0.0953 0.1023 0.0973 
         329  1 0.0882 0.1118 0.1551 0.0911 0.2367 0.0084 0.0895 0.0057 0.1133 0.1003 
         330  1 0.1005 0.1113 0.0882 0.1970 0.0445 0.0364 0.1846 0.0195 0.0766 0.1413 
         331  1 0.1423 0.1471 0.1146 0.1356 0.1144 0.0155 0.1177 0.0095 0.1007 0.1025 
         332  1 0.1062 0.1213 0.0895 0.1742 0.0726 0.0177 0.1557 0.0248 0.0933 0.1448 
         333  1 0.1462 0.1153 0.1364 0.1177 0.1018 0.0178 0.1183 0.0158 0.1334 0.0971 
         334  1 0.1525 0.1470 0.1306 0.1213 0.0639 0.0588 0.0985 0.0503 0.0809 0.0962 
         335  1 0.1532 0.1134 0.1163 0.1622 0.0522 0.0064 0.1777 0.0080 0.0695 0.1411 
         336  1 0.1058 0.1107 0.1523 0.1184 0.1649 0.0098 0.1127 0.0115 0.0977 0.1162 
         337  1 0.1262 0.1182 0.0838 0.1533 0.0930 0.0304 0.1357 0.0218 0.0986 0.1389 
         338  1 0.1283 0.1302 0.1179 0.1237 0.1691 0.0299 0.0930 0.0200 0.0816 0.1065 
         339  1 0.1280 0.1219 0.0787 0.1222 0.1132 0.0684 0.1098 0.0530 0.1020 0.1027 
         340  1 0.2134 0.1694 0.1167 0.1170 0.0811 0.0162 0.1194 0.0067 0.0857 0.0745 
         341  1 0.1249 0.1214 0.1077 0.1811 0.0644 0.0100 0.1502 0.0195 0.0908 0.1300 
         342  1 0.0897 0.0741 0.0814 0.0707 0.0680 0.0806 0.0969 0.2391 0.1242 0.0753 
         343  1 0.1330 0.1185 0.1152 0.1184 0.0776 0.0272 0.1427 0.0135 0.1255 0.1284 
         344  1 0.1443 0.1197 0.1018 0.1346 0.0762 0.0219 0.1409 0.0129 0.1207 0.1270 
         345  1 0.1191 0.1293 0.1333 0.1360 0.1044 0.0224 0.1002 0.0322 0.0957 0.1274 
         346  1 0.1520 0.1401 0.1365 0.1293 0.0670 0.0202 0.1318 0.0083 0.1058 0.1091 
         347  1 0.1020 0.1000 0.0983 0.0871 0.1529 0.0451 0.1311 0.0121 0.1594 0.1121 
         348  1 0.1304 0.1108 0.1316 0.1268 0.0703 0.0053 0.1176 0.0047 0.1118 0.1907 
         349  1 0.0961 0.0886 0.0925 0.0879 0.1221 0.0593 0.0946 0.0960 0.1619 0.1010 
         350  1 0.1161 0.1043 0.1025 0.1270 0.1042 0.0133 0.1400 0.0139 0.1245 0.1542 
         351  1 0.1532 0.1258 0.0998 0.1588 0.0677 0.0098 0.1446 0.0106 0.1037 0.1259 
         352  1 0.1159 0.1053 0.1466 0.1190 0.1453 0.0057 0.1196 0.0069 0.1077 0.1280 
         353  1 0.1183 0.1116 0.0680 0.2133 0.0415 0.0058 0.2017 0.0077 0.0609 0.1712 
         354  1 0.1129 0.1085 0.1413 0.1040 0.1140 0.0142 0.1228 0.0076 0.1406 0.1341 
         355  1 0.1110 0.1020 0.0983 0.1060 0.1170 0.0173 0.1411 0.0111 0.1596 0.1365 
         356  1 0.1430 0.1159 0.1281 0.1017 0.0975 0.0376 0.1217 0.0349 0.1425 0.0772 
         357  1 0.1416 0.1299 0.1443 0.1086 0.1000 0.0097 0.1302 0.0098 0.1343 0.0916 
         358  1 0.1322 0.1113 0.1250 0.1334 0.0676 0.0086 0.1388 0.0042 0.0904 0.1885 
         359  1 0.1049 0.1008 0.1171 0.0844 0.0734 0.1629 0.1008 0.0688 0.1027 0.0842 
         360  1 0.1583 0.1325 0.1127 0.1198 0.0865 0.0110 0.1220 0.0229 0.1231 0.1113 
         361  1 0.1242 0.0974 0.0959 0.0810 0.1043 0.1158 0.1090 0.0194 0.1725 0.0806 
         362  1 0.1116 0.0979 0.0979 0.0931 0.1492 0.0266 0.1215 0.0095 0.1883 0.1046 
         363  1 0.1376 0.1027 0.1410 0.1189 0.0799 0.0071 0.1429 0.0058 0.1299 0.1342 
         364  1 0.1172 0.1095 0.0938 0.1371 0.0979 0.0274 0.1526 0.0418 0.0842 0.1385 
         365  1 0.1240 0.1105 0.0839 0.1027 0.0628 0.0486 0.0983 0.1942 0.0912 0.0839 
         366  1 0.1416 0.1216 0.1188 0.1094 0.1032 0.0172 0.1243 0.0135 0.1336 0.1168 
         367  1 0.0947 0.0983 0.1473 0.1135 0.1918 0.0100 0.0903 0.0435 0.1062 0.1044 
         368  1 0.0997 0.1063 0.0809 0.2101 0.0655 0.0103 0.1899 0.0105 0.0399 0.1868 
         369  1 0.1071 0.1053 0.1075 0.0970 0.1614 0.0094 0.1198 0.0048 0.1837 0.1040 
         370  1 0.1154 0.1054 0.1671 0.1091 0.1900 0.0077 0.0925 0.0097 0.1030 0.1000 
         371  1 0.1236 0.1206 0.0708 0.2094 0.0548 0.0065 0.1797 0.0164 0.0760 0.1423 
         372  1 0.0997 0.0874 0.0906 0.0774 0.1323 0.0800 0.1247 0.0179 0.2062 0.0837 
         373  1 0.0971 0.1116 0.1015 0.0817 0.1270 0.0952 0.0880 0.0147 0.1981 0.0851 
         374  1 0.0945 0.1132 0.1113 0.1299 0.1160 0.0314 0.1216 0.0735 0.0923 0.1163 
         375  1 0.1156 0.1111 0.1256 0.1095 0.1387 0.0159 0.1163 0.0116 0.1488 0.1069 
         376  1 0.1337 0.1288 0.1305 0.1372 0.1179 0.0083 0.1134 0.0075 0.0760 0.1468 
         377  1 0.1376 0.1299 0.1047 0.1123 0.0816 0.0252 0.1129 0.0108 0.1016 0.1836 
         378  1 0.1258 0.1254 0.1277 0.1162 0.1115 0.0133 0.1263 0.0213 0.1202 0.1124 
         379  1 0.0881 0.1073 0.1050 0.0982 0.1006 0.0357 0.1597 0.0054 0.1261 0.1739 
         380  1 0.1073 0.1105 0.0697 0.2418 0.0394 0.0078 0.1980 0.0095 0.0413 0.1748 
         381  1 0.1480 0.1277 0.1159 0.1415 0.0836 0.0116 0.1208 0.0187 0.1119 0.1202 
         382  1 0.1412 0.1325 0.1254 0.1278 0.1010 0.0122 0.1218 0.0075 0.1163 0.1143 
         383  1 0.1266 0.0943 0.1407 0.1038 0.1120 0.0093 0.1250 0.0134 0.1672 0.1076 
         384  1 0.1245 0.1212 0.1351 0.1279 0.0887 0.0127 0.1256 0.0092 0.1092 0.1458 
         385  1 0.1034 0.1088 0.1459 0.1037 0.1527 0.0163 0.1188 0.0098 0.1490 0.0918 
         386  1 0.1267 0.1271 0.0947 0.1374 0.0941 0.0268 0.1232 0.0072 0.1367 0.1261 
         387  1 0.1227 0.1152 0.1203 0.1189 0.1448 0.0166 0.0990 0.0159 0.0955 0.1511 
         388  1 0.1750 0.1217 0.1234 0.1211 0.0576 0.0491 0.1104 0.0343 0.1154 0.0920 
         389  1 0.1137 0.1215 0.1203 0.1114 0.1137 0.0075 0.1401 0.0057 0.1424 0.1236 
         390  1 0.1292 0.1239 0.0643 0.2067 0.0458 0.0094 0.1863 0.0108 0.0536 0.1702 
         391  1 0.1283 0.1153 0.1403 0.1417 0.1421 0.0162 0.1161 0.0107 0.0791 0.1103 
         392  1 0.1401 0.1330 0.1090 0.1018 0.1346 0.0224 0.1109 0.0135 0.1310 0.1037 
         393  1 0.1225 0.1225 0.1342 0.1281 0.1164 0.0115 0.1172 0.0097 0.0979 0.1399 
         394  1 0.1244 0.1126 0.1059 0.1210 0.1045 0.0224 0.1227 0.0150 0.1376 0.1340 
         395  1 0.0939 0.0947 0.1028 0.1028 0.1040 0.0510 0.1090 0.1279 0.0955 0.1184 
         396  1 0.1301 0.1146 0.1473 0.1227 0.1114 0.0065 0.1368 0.0059 0.1050 0.1198 
         397  1 0.1380 0.1532 0.1164 0.1202 0.0809 0.0106 0.1152 0.0322 0.1152 0.1181 
         398  1 0.1203 0.1146 0.1417 0.1180 0.1780 0.0203 0.1008 0.0124 0.0878 0.1062 
         399  1 0.1576 0.1604 0.0954 0.1340 0.0629 0.0106 0.1209 0.0116 0.0858 0.1607 
         400  1 0.1593 0.1303 0.1095 0.1156 0.0887 0.0208 0.1161 0.0268 0.1275 0.1054 
         401  1 0.1385 0.1242 0.1125 0.1203 0.1214 0.0146 0.1248 0.0080 0.1267 0.1089 
         402  1 0.1375 0.1475 0.1017 0.0900 0.0627 0.0269 0.0941 0.1522 0.0921 0.0953 
         403  1 0.1683 0.1651 0.1523 0.1115 0.0551 0.0144 0.1117 0.0212 0.0988 0.1017 
         404  1 0.0347 0.0437 0.0384 0.0385 0.0374 0.6534 0.0377 0.0335 0.0407 0.0421 
         405  1 0.2163 0.1689 0.0803 0.1210 0.0832 0.0636 0.1092 0.0080 0.0670 0.0824 
         406  1 0.1238 0.1540 0.1012 0.0948 0.0824 0.0294 0.0950 0.0554 0.1568 0.1072 
         407  1 0.0726 0.0646 0.0528 0.0582 0.0560 0.1498 0.0644 0.3434 0.0836 0.0545 
         408  1 0.1086 0.1166 0.1291 0.1271 0.1787 0.0171 0.1089 0.0088 0.0886 0.1166 
         409  1 0.0481 0.0930 0.1437 0.0803 0.2601 0.1461 0.0542 0.0121 0.0806 0.0820 
         410  1 0.1544 0.1592 0.0928 0.1308 0.0599 0.0104 0.1211 0.0117 0.0861 0.1736 
         411  1 0.1269 0.1105 0.0924 0.1402 0.0928 0.0081 0.1498 0.0189 0.1338 0.1264 
         412  1 0.0927 0.1020 0.1300 0.1096 0.1680 0.0327 0.1143 0.0146 0.1050 0.1310 
         413  1 0.0940 0.1182 0.1040 0.0959 0.1171 0.0649 0.0973 0.0602 0.1512 0.0973 
         414  1 0.1187 0.1181 0.1041 0.1523 0.0963 0.0175 0.1289 0.0249 0.1015 0.1377 
         415  1 0.1027 0.1077 0.1702 0.1178 0.2419 0.0081 0.0812 0.0084 0.0794 0.0826 
         416  1 0.1630 0.1373 0.1238 0.1431 0.0506 0.0071 0.1489 0.0077 0.0710 0.1474 
         417  1 0.1257 0.1081 0.0833 0.1104 0.1121 0.0140 0.1427 0.0099 0.1575 0.1363 
         418  1 0.1164 0.1073 0.1178 0.0936 0.1081 0.0104 0.1297 0.0076 0.2059 0.1032 
         419  1 0.0713 0.0990 0.1382 0.0952 0.2227 0.0416 0.0790 0.0269 0.1325 0.0937 
         420  1 0.1849 0.1456 0.1037 0.1130 0.0792 0.0372 0.1152 0.0400 0.0922 0.0889 
         421  1 0.1003 0.1145 0.1056 0.0952 0.1511 0.0098 0.1277 0.0067 0.1956 0.0934 
         422  1 0.1790 0.1375 0.1023 0.1341 0.0856 0.0098 0.1217 0.0069 0.0991 0.1241 
         423  1 0.1378 0.1300 0.1277 0.1360 0.0920 0.0225 0.1222 0.0117 0.1018 0.1181 
         424  1 0.1430 0.1087 0.1296 0.1121 0.1088 0.0069 0.1197 0.0078 0.1139 0.1497 
         425  1 0.2093 0.1591 0.0895 0.1294 0.0714 0.0139 0.1286 0.0062 0.0767 0.1159 
         426  1 0.1270 0.1402 0.0899 0.1227 0.0807 0.0187 0.1208 0.0505 0.1350 0.1146 
         427  1 0.1767 0.1324 0.0940 0.1199 0.0843 0.0152 0.1288 0.0152 0.1128 0.1206 
         428  1 0.1398 0.1479 0.1302 0.1038 0.1012 0.0173 0.1132 0.0280 0.1244 0.0942 
         429  1 0.2040 0.1634 0.0985 0.1171 0.0755 0.0166 0.1204 0.0075 0.0941 0.1030 
         430  1 0.1131 0.1261 0.1410 0.0967 0.1578 0.0072 0.0998 0.0138 0.1372 0.1073 
         431  1 0.1082 0.0935 0.0712 0.0762 0.1279 0.0103 0.1233 0.0103 0.2920 0.0871 
         432  1 0.0773 0.0772 0.0607 0.0546 0.0525 0.0336 0.0598 0.4380 0.0834 0.0629 
         433  1 0.1124 0.1239 0.1138 0.1212 0.0914 0.0426 0.1309 0.0227 0.1100 0.1311 
         434  1 0.1161 0.1288 0.1222 0.1003 0.1569 0.0138 0.0925 0.0186 0.1470 0.1037 
         435  1 0.1855 0.1579 0.1066 0.1115 0.0750 0.0184 0.1090 0.0103 0.1220 0.1038 
         436  1 0.1651 0.1436 0.0924 0.1232 0.0826 0.0152 0.1171 0.0195 0.1100 0.1314 
         437  1 0.1245 0.1078 0.1144 0.1176 0.1156 0.0068 0.1420 0.0090 0.1296 0.1327 
         438  1 0.1426 0.1065 0.1238 0.1102 0.1028 0.0133 0.1231 0.0080 0.1468 0.1228 
         439  1 0.0857 0.0890 0.0698 0.0681 0.0671 0.0398 0.0718 0.3552 0.0859 0.0675 
         440  1 0.1379 0.1021 0.1018 0.0950 0.0844 0.0531 0.1250 0.0265 0.1618 0.1125 
         441  1 0.1086 0.1236 0.1170 0.1091 0.1628 0.0175 0.1065 0.0164 0.1482 0.0902 
         442  1 0.0493 0.1035 0.2054 0.0889 0.3203 0.0105 0.0485 0.0094 0.0588 0.1053 
         443  1 0.0764 0.1176 0.1477 0.0895 0.2089 0.0229 0.0757 0.0368 0.1446 0.0798 
         444  1 0.1347 0.1508 0.1038 0.1139 0.0782 0.0131 0.1131 0.0558 0.1198 0.1168 
         445  1 0.0897 0.0934 0.0832 0.0945 0.0800 0.1853 0.0877 0.0089 0.1566 0.1208 
         446  1 0.0863 0.1064 0.1078 0.1063 0.1267 0.0575 0.1065 0.0288 0.1629 0.1109 
         447  1 0.1123 0.1286 0.1168 0.0997 0.1165 0.0122 0.1076 0.0331 0.1696 0.1037 
         448  1 0.1339 0.1148 0.0917 0.0990 0.1004 0.0520 0.1053 0.0637 0.1315 0.1077 
         449  1 0.0927 0.1294 0.1215 0.0744 0.1521 0.0652 0.0833 0.0372 0.1574 0.0868 
         450  1 0.0879 0.1403 0.1398 0.0764 0.1304 0.0419 0.0918 0.0188 0.1881 0.0845 
         451  1 0.0484 0.0943 0.1901 0.0883 0.3485 0.0133 0.0496 0.0206 0.0636 0.0833 
         452  1 0.1801 0.1490 0.0801 0.1093 0.0853 0.0386 0.1083 0.0459 0.1133 0.0901 
         453  1 0.1503 0.1215 0.0824 0.1031 0.0798 0.0837 0.1095 0.0450 0.1222 0.1024 
         454  1 0.0870 0.1243 0.1132 0.0971 0.1213 0.0502 0.0999 0.0586 0.1444 0.1040 
         455  1 0.0861 0.1087 0.1136 0.0853 0.1391 0.0747 0.1000 0.0603 0.1511 0.0811 
         456  1 0.0700 0.1020 0.1197 0.0884 0.1429 0.1156 0.0866 0.0538 0.1398 0.0812 
         457  1 0.1111 0.0945 0.0987 0.0895 0.1070 0.0956 0.1071 0.0141 0.1710 0.1114 
         458  1 0.1070 0.1509 0.1437 0.0985 0.0903 0.0450 0.1051 0.0302 0.1422 0.0870 
         459  1 0.0966 0.1219 0.1509 0.1048 0.1846 0.0118 0.0937 0.0080 0.1158 0.1119 
