           1  1 0.0363 0.0362 0.9275 
           2  1 0.0225 0.0266 0.9508 
           3  1 0.0205 0.0193 0.9602 
           4  1 0.0152 0.0197 0.9651 
           5  1 0.0178 0.0175 0.9648 
           6  1 0.0173 0.0161 0.9666 
           7  1 0.0261 0.0302 0.9438 
           8  1 0.0174 0.0177 0.9649 
           9  1 0.0175 0.0171 0.9654 
          10  1 0.0133 0.0134 0.9733 
          11  1 0.0206 0.0202 0.9592 
          12  1 0.2453 0.2830 0.4717 
          13  1 0.0378 0.0407 0.9215 
          14  1 0.1540 0.1700 0.6760 
          15  1 0.1171 0.1023 0.7807 
          16  1 0.4790 0.5094 0.0115 
          17  1 0.5097 0.4808 0.0095 
          18  1 0.4847 0.5030 0.0124 
          19  1 0.4615 0.4806 0.0579 
          20  1 0.5067 0.4809 0.0123 
          21  1 0.4485 0.5362 0.0153 
          22  1 0.3108 0.3676 0.3215 
          23  1 0.4821 0.4267 0.0912 
          24  1 0.4561 0.5143 0.0297 
          25  1 0.4840 0.4860 0.0301 
          26  1 0.4276 0.4978 0.0746 
          27  1 0.4896 0.4909 0.0195 
          28  1 0.5078 0.4817 0.0105 
          29  1 0.4795 0.5050 0.0155 
          30  1 0.4814 0.4938 0.0248 
          31  1 0.1444 0.1449 0.7107 
          32  1 0.4742 0.5117 0.0141 
          33  1 0.4728 0.5124 0.0147 
          34  1 0.1627 0.1612 0.6761 
          35  1 0.4707 0.4486 0.0808 
          36  1 0.4898 0.4537 0.0565 
          37  1 0.3931 0.5107 0.0962 
          38  1 0.5205 0.4623 0.0172 
          39  1 0.4707 0.5145 0.0148 
          40  1 0.4504 0.5375 0.0121 
          41  1 0.4932 0.4862 0.0206 
          42  1 0.4429 0.5292 0.0279 
          43  1 0.4437 0.5198 0.0365 
          44  1 0.4871 0.5024 0.0105 
          45  1 0.4004 0.5790 0.0205 
          46  1 0.4938 0.4714 0.0348 
          47  1 0.4754 0.4905 0.0342 
          48  1 0.4337 0.5112 0.0551 
          49  1 0.4880 0.4513 0.0607 
          50  1 0.4501 0.4595 0.0904 
          51  1 0.4521 0.4963 0.0516 
          52  1 0.4566 0.4705 0.0729 
          53  1 0.4527 0.5199 0.0273 
          54  1 0.4863 0.5006 0.0131 
          55  1 0.4984 0.4909 0.0108 
          56  1 0.5263 0.4483 0.0254 
          57  1 0.3657 0.4671 0.1671 
          58  1 0.4625 0.5100 0.0276 
          59  1 0.4913 0.4937 0.0150 
          60  1 0.4387 0.5197 0.0417 
          61  1 0.4909 0.5012 0.0079 
          62  1 0.4931 0.4856 0.0213 
          63  1 0.4797 0.4783 0.0419 
          64  1 0.4555 0.5187 0.0257 
          65  1 0.5423 0.4458 0.0119 
          66  1 0.5208 0.4649 0.0143 
          67  1 0.4924 0.4900 0.0177 
          68  1 0.4762 0.4441 0.0797 
          69  1 0.4905 0.4988 0.0106 
          70  1 0.5243 0.4539 0.0218 
          71  1 0.5010 0.4803 0.0187 
          72  1 0.5334 0.4602 0.0064 
          73  1 0.4809 0.4504 0.0687 
          74  1 0.5163 0.4748 0.0089 
          75  1 0.4537 0.5180 0.0283 
          76  1 0.4666 0.4277 0.1057 
          77  1 0.3938 0.3822 0.2240 
          78  1 0.5528 0.4267 0.0205 
          79  1 0.5249 0.4646 0.0105 
          80  1 0.5176 0.4609 0.0215 
          81  1 0.4749 0.5045 0.0206 
          82  1 0.5062 0.4837 0.0101 
          83  1 0.4174 0.5607 0.0219 
          84  1 0.4575 0.5206 0.0219 
          85  1 0.4908 0.4885 0.0206 
          86  1 0.5097 0.4614 0.0290 
          87  1 0.5465 0.4426 0.0109 
          88  1 0.4824 0.4873 0.0303 
          89  1 0.5045 0.4818 0.0137 
          90  1 0.4933 0.4944 0.0123 
          91  1 0.5502 0.4374 0.0125 
          92  1 0.5231 0.4663 0.0106 
          93  1 0.4772 0.4930 0.0298 
          94  1 0.5161 0.4761 0.0078 
          95  1 0.5159 0.4651 0.0190 
          96  1 0.3139 0.3287 0.3574 
          97  1 0.5623 0.4238 0.0139 
          98  1 0.5114 0.4647 0.0238 
          99  1 0.4910 0.4841 0.0249 
         100  1 0.4762 0.4941 0.0297 
         101  1 0.4836 0.4811 0.0353 
         102  1 0.4805 0.5037 0.0158 
         103  1 0.5228 0.4197 0.0576 
         104  1 0.5219 0.4649 0.0132 
         105  1 0.5307 0.4439 0.0254 
         106  1 0.5256 0.4482 0.0262 
         107  1 0.3876 0.4635 0.1489 
         108  1 0.5063 0.4856 0.0081 
         109  1 0.4749 0.4854 0.0397 
         110  1 0.5409 0.4471 0.0121 
         111  1 0.4751 0.4980 0.0269 
         112  1 0.5020 0.4820 0.0160 
         113  1 0.5422 0.4509 0.0068 
         114  1 0.4067 0.4648 0.1285 
         115  1 0.5323 0.4563 0.0113 
         116  1 0.4277 0.5284 0.0439 
         117  1 0.5087 0.4766 0.0147 
         118  1 0.5047 0.4709 0.0244 
         119  1 0.4743 0.5055 0.0202 
         120  1 0.3027 0.2871 0.4102 
         121  1 0.4323 0.4441 0.1236 
         122  1 0.5147 0.4783 0.0070 
         123  1 0.4981 0.4881 0.0138 
         124  1 0.4904 0.4840 0.0256 
         125  1 0.5574 0.4340 0.0086 
         126  1 0.5184 0.4732 0.0084 
         127  1 0.4514 0.5043 0.0443 
         128  1 0.4634 0.5088 0.0278 
         129  1 0.4735 0.5025 0.0240 
         130  1 0.4938 0.4879 0.0183 
         131  1 0.4975 0.4892 0.0133 
         132  1 0.4429 0.3819 0.1752 
         133  1 0.5393 0.4521 0.0086 
         134  1 0.4746 0.5155 0.0099 
         135  1 0.5087 0.4839 0.0074 
         136  1 0.5733 0.4197 0.0070 
         137  1 0.4534 0.5109 0.0357 
         138  1 0.3943 0.5597 0.0460 
         139  1 0.5517 0.4289 0.0193 
         140  1 0.4314 0.4630 0.1056 
         141  1 0.4703 0.5198 0.0098 
         142  1 0.4902 0.4919 0.0180 
         143  1 0.1298 0.1527 0.7175 
         144  1 0.5203 0.4655 0.0142 
         145  1 0.4357 0.4882 0.0761 
         146  1 0.4824 0.5103 0.0073 
         147  1 0.2206 0.2650 0.5145 
         148  1 0.4809 0.4951 0.0239 
         149  1 0.4778 0.4751 0.0471 
         150  1 0.5209 0.4437 0.0354 
         151  1 0.4722 0.5048 0.0231 
         152  1 0.5044 0.4796 0.0160 
         153  1 0.4460 0.5332 0.0209 
         154  1 0.5008 0.4914 0.0078 
         155  1 0.4504 0.5093 0.0403 
         156  1 0.4757 0.5077 0.0166 
         157  1 0.4827 0.4684 0.0489 
         158  1 0.5412 0.4462 0.0126 
         159  1 0.4581 0.4961 0.0459 
         160  1 0.5779 0.4121 0.0099 
         161  1 0.4485 0.4691 0.0824 
         162  1 0.4824 0.4893 0.0283 
         163  1 0.5278 0.4562 0.0160 
         164  1 0.5436 0.4485 0.0080 
         165  1 0.4765 0.4626 0.0610 
         166  1 0.4503 0.5217 0.0280 
         167  1 0.4788 0.5089 0.0123 
         168  1 0.4945 0.4792 0.0264 
         169  1 0.4808 0.4392 0.0801 
         170  1 0.5267 0.4446 0.0288 
         171  1 0.4945 0.4940 0.0115 
         172  1 0.4997 0.4814 0.0189 
         173  1 0.4394 0.4057 0.1548 
         174  1 0.4147 0.5393 0.0461 
         175  1 0.5113 0.4622 0.0264 
         176  1 0.5203 0.4461 0.0336 
         177  1 0.4979 0.4752 0.0269 
         178  1 0.4660 0.4779 0.0561 
         179  1 0.4727 0.5151 0.0121 
         180  1 0.4524 0.5239 0.0237 
         181  1 0.3477 0.2973 0.3550 
         182  1 0.4930 0.4626 0.0444 
         183  1 0.5273 0.4477 0.0250 
         184  1 0.4406 0.5001 0.0592 
         185  1 0.5247 0.4395 0.0359 
         186  1 0.5153 0.4574 0.0274 
         187  1 0.5028 0.4719 0.0252 
         188  1 0.4553 0.5072 0.0376 
         189  1 0.4946 0.4722 0.0331 
         190  1 0.4718 0.5083 0.0199 
         191  1 0.4843 0.4531 0.0627 
         192  1 0.4977 0.4851 0.0172 
         193  1 0.3888 0.4692 0.1420 
         194  1 0.4663 0.4886 0.0450 
         195  1 0.5044 0.4420 0.0536 
         196  1 0.3954 0.3817 0.2230 
         197  1 0.5081 0.4834 0.0085 
         198  1 0.4885 0.4980 0.0135 
         199  1 0.4938 0.4938 0.0124 
         200  1 0.4373 0.5425 0.0202 
         201  1 0.5217 0.4600 0.0183 
         202  1 0.3981 0.4889 0.1130 
         203  1 0.4693 0.4926 0.0381 
         204  1 0.4951 0.4734 0.0315 
         205  1 0.5666 0.4229 0.0104 
         206  1 0.5377 0.4459 0.0164 
         207  1 0.4984 0.4713 0.0303 
         208  1 0.3957 0.4994 0.1049 
         209  1 0.4081 0.5768 0.0151 
         210  1 0.5055 0.4847 0.0098 
         211  1 0.5007 0.4896 0.0097 
         212  1 0.4931 0.4851 0.0218 
         213  1 0.4436 0.4685 0.0879 
         214  1 0.5030 0.4833 0.0138 
         215  1 0.4958 0.4762 0.0280 
         216  1 0.4683 0.4879 0.0437 
         217  1 0.4235 0.5270 0.0495 
         218  1 0.4941 0.4762 0.0297 
         219  1 0.4560 0.5319 0.0121 
         220  1 0.4842 0.4793 0.0365 
         221  1 0.5280 0.4628 0.0092 
         222  1 0.5555 0.4363 0.0082 
         223  1 0.4808 0.4860 0.0332 
         224  1 0.4840 0.5053 0.0107 
         225  1 0.5143 0.4779 0.0078 
         226  1 0.4905 0.4931 0.0164 
         227  1 0.4890 0.4980 0.0129 
         228  1 0.4957 0.4523 0.0520 
         229  1 0.4796 0.5089 0.0115 
         230  1 0.5035 0.4732 0.0232 
         231  1 0.4252 0.5383 0.0365 
         232  1 0.5787 0.4109 0.0104 
         233  1 0.4972 0.4736 0.0292 
         234  1 0.4721 0.5161 0.0118 
         235  1 0.5138 0.4575 0.0287 
         236  1 0.4347 0.4698 0.0955 
         237  1 0.5252 0.4653 0.0095 
         238  1 0.4448 0.5226 0.0326 
         239  1 0.3815 0.4682 0.1503 
         240  1 0.5359 0.4550 0.0091 
         241  1 0.5304 0.4612 0.0084 
         242  1 0.4283 0.5390 0.0328 
         243  1 0.5332 0.4486 0.0182 
         244  1 0.4437 0.4932 0.0632 
         245  1 0.4723 0.5179 0.0097 
         246  1 0.3573 0.4015 0.2412 
         247  1 0.4617 0.5138 0.0245 
         248  1 0.4560 0.4838 0.0602 
         249  1 0.4302 0.5267 0.0431 
         250  1 0.4589 0.5214 0.0198 
         251  1 0.5252 0.4614 0.0134 
         252  1 0.1245 0.1271 0.7484 
         253  1 0.4282 0.4726 0.0991 
         254  1 0.4897 0.5010 0.0092 
         255  1 0.5031 0.4770 0.0199 
         256  1 0.5453 0.4421 0.0125 
         257  1 0.5719 0.4182 0.0099 
         258  1 0.4599 0.5168 0.0233 
         259  1 0.4408 0.4916 0.0676 
         260  1 0.5423 0.4459 0.0117 
         261  1 0.5438 0.4307 0.0255 
         262  1 0.4934 0.4563 0.0503 
         263  1 0.4951 0.4597 0.0452 
         264  1 0.5162 0.4618 0.0219 
         265  1 0.5061 0.4729 0.0210 
         266  1 0.4847 0.4997 0.0156 
         267  1 0.4046 0.4583 0.1371 
         268  1 0.4757 0.5086 0.0156 
         269  1 0.4588 0.5268 0.0144 
         270  1 0.5111 0.4814 0.0074 
         271  1 0.4884 0.4960 0.0156 
         272  1 0.4636 0.5025 0.0339 
         273  1 0.4707 0.4983 0.0310 
         274  1 0.4964 0.4413 0.0622 
         275  1 0.5015 0.4852 0.0133 
         276  1 0.5221 0.4590 0.0189 
         277  1 0.4808 0.5106 0.0086 
         278  1 0.4653 0.5240 0.0108 
         279  1 0.4761 0.4925 0.0314 
         280  1 0.5595 0.4273 0.0132 
         281  1 0.4675 0.5027 0.0297 
         282  1 0.5311 0.4452 0.0237 
         283  1 0.4934 0.4900 0.0166 
         284  1 0.5236 0.4645 0.0119 
         285  1 0.4493 0.5229 0.0278 
         286  1 0.4523 0.5187 0.0290 
         287  1 0.5342 0.4525 0.0133 
         288  1 0.4909 0.4855 0.0236 
         289  1 0.4969 0.4803 0.0228 
         290  1 0.4401 0.5268 0.0330 
         291  1 0.4653 0.4934 0.0412 
         292  1 0.5176 0.4721 0.0103 
         293  1 0.4594 0.5294 0.0113 
         294  1 0.4821 0.4832 0.0347 
         295  1 0.5373 0.4408 0.0218 
         296  1 0.5176 0.4437 0.0387 
         297  1 0.4041 0.3718 0.2242 
         298  1 0.5238 0.4533 0.0229 
         299  1 0.5690 0.4235 0.0074 
         300  1 0.4754 0.4756 0.0490 
         301  1 0.4215 0.5426 0.0359 
         302  1 0.5719 0.4087 0.0194 
         303  1 0.4210 0.4850 0.0940 
         304  1 0.4944 0.4854 0.0203 
         305  1 0.4784 0.5098 0.0118 
         306  1 0.5201 0.4640 0.0159 
         307  1 0.4488 0.5189 0.0323 
         308  1 0.4117 0.5650 0.0233 
         309  1 0.4471 0.5364 0.0165 
         310  1 0.4829 0.4978 0.0193 
         311  1 0.4708 0.5016 0.0276 
         312  1 0.4517 0.5180 0.0303 
         313  1 0.4820 0.4956 0.0224 
         314  1 0.5129 0.4758 0.0114 
         315  1 0.4681 0.4525 0.0794 
         316  1 0.4241 0.5076 0.0683 
         317  1 0.4556 0.4681 0.0763 
         318  1 0.4951 0.4880 0.0168 
         319  1 0.4962 0.4928 0.0110 
         320  1 0.4789 0.5129 0.0082 
         321  1 0.5103 0.4714 0.0183 
         322  1 0.5044 0.4617 0.0339 
         323  1 0.4735 0.5090 0.0175 
         324  1 0.4431 0.5389 0.0180 
         325  1 0.5579 0.4337 0.0084 
         326  1 0.4573 0.5330 0.0097 
         327  1 0.4263 0.5305 0.0432 
         328  1 0.4055 0.4786 0.1158 
         329  1 0.4599 0.5263 0.0137 
         330  1 0.4959 0.4680 0.0361 
         331  1 0.5056 0.4716 0.0228 
         332  1 0.5205 0.4496 0.0299 
         333  1 0.4513 0.5227 0.0260 
         334  1 0.3541 0.3762 0.2697 
         335  1 0.4911 0.4994 0.0094 
         336  1 0.5197 0.4641 0.0162 
         337  1 0.5024 0.4465 0.0511 
         338  1 0.4985 0.4430 0.0585 
         339  1 0.4479 0.4153 0.1368 
         340  1 0.4725 0.5026 0.0249 
         341  1 0.5336 0.4472 0.0192 
         342  1 0.1467 0.1512 0.7021 
         343  1 0.5127 0.4559 0.0314 
         344  1 0.4924 0.4794 0.0282 
         345  1 0.5249 0.4274 0.0477 
         346  1 0.4710 0.5030 0.0260 
         347  1 0.4691 0.4314 0.0995 
         348  1 0.5374 0.4558 0.0068 
         349  1 0.4245 0.3788 0.1967 
         350  1 0.5444 0.4329 0.0227 
         351  1 0.5523 0.4347 0.0131 
         352  1 0.5147 0.4765 0.0087 
         353  1 0.4918 0.4977 0.0105 
         354  1 0.4769 0.5073 0.0158 
         355  1 0.4878 0.4916 0.0206 
         356  1 0.4237 0.5050 0.0713 
         357  1 0.4481 0.5368 0.0150 
         358  1 0.5518 0.4392 0.0091 
         359  1 0.3149 0.3966 0.2885 
         360  1 0.4967 0.4794 0.0238 
         361  1 0.3725 0.4048 0.2228 
         362  1 0.4896 0.4675 0.0429 
         363  1 0.5050 0.4855 0.0095 
         364  1 0.4920 0.4437 0.0643 
         365  1 0.3734 0.3755 0.2510 
         366  1 0.4836 0.4795 0.0369 
         367  1 0.4986 0.4792 0.0222 
         368  1 0.5059 0.4781 0.0160 
         369  1 0.4700 0.5196 0.0104 
         370  1 0.4748 0.5132 0.0120 
         371  1 0.5409 0.4448 0.0143 
         372  1 0.4018 0.4194 0.1788 
         373  1 0.3532 0.5138 0.1330 
         374  1 0.4526 0.4483 0.0992 
         375  1 0.4876 0.4881 0.0242 
         376  1 0.5679 0.4205 0.0116 
         377  1 0.5330 0.4355 0.0316 
         378  1 0.4855 0.4892 0.0253 
         379  1 0.5116 0.4529 0.0355 
         380  1 0.4868 0.5014 0.0118 
         381  1 0.4960 0.4846 0.0193 
         382  1 0.4953 0.4895 0.0152 
         383  1 0.4428 0.5433 0.0139 
         384  1 0.5305 0.4530 0.0165 
         385  1 0.4551 0.5213 0.0236 
         386  1 0.5034 0.4716 0.0250 
         387  1 0.5452 0.4263 0.0285 
         388  1 0.4447 0.4618 0.0935 
         389  1 0.4987 0.4909 0.0104 
         390  1 0.5497 0.4385 0.0118 
         391  1 0.4721 0.5053 0.0227 
         392  1 0.5034 0.4633 0.0333 
         393  1 0.5277 0.4561 0.0162 
         394  1 0.5182 0.4508 0.0310 
         395  1 0.4079 0.3896 0.2025 
         396  1 0.4703 0.5217 0.0080 
         397  1 0.4612 0.5032 0.0356 
         398  1 0.4922 0.4779 0.0300 
         399  1 0.5595 0.4232 0.0172 
         400  1 0.5213 0.4330 0.0456 
         401  1 0.5190 0.4610 0.0199 
         402  1 0.2880 0.3422 0.3698 
         403  1 0.4441 0.5118 0.0441 
         404  1 0.0614 0.0620 0.8766 
         405  1 0.4539 0.4717 0.0743 
         406  1 0.3869 0.4445 0.1686 
         407  1 0.1191 0.1232 0.7578 
         408  1 0.5099 0.4695 0.0206 
         409  1 0.2760 0.3548 0.3692 
         410  1 0.5614 0.4219 0.0167 
         411  1 0.5089 0.4750 0.0161 
         412  1 0.4793 0.4710 0.0497 
         413  1 0.3872 0.4258 0.1870 
         414  1 0.4800 0.4766 0.0434 
         415  1 0.4636 0.5250 0.0114 
         416  1 0.5509 0.4376 0.0115 
         417  1 0.5081 0.4739 0.0179 
         418  1 0.4926 0.4913 0.0160 
         419  1 0.4036 0.5236 0.0728 
         420  1 0.4668 0.4536 0.0796 
         421  1 0.4640 0.5224 0.0136 
         422  1 0.5513 0.4348 0.0139 
         423  1 0.4675 0.5051 0.0274 
         424  1 0.5391 0.4509 0.0100 
         425  1 0.5242 0.4611 0.0147 
         426  1 0.4796 0.4689 0.0515 
         427  1 0.5165 0.4554 0.0280 
         428  1 0.4453 0.5001 0.0545 
         429  1 0.5136 0.4630 0.0234 
         430  1 0.4684 0.5168 0.0148 
         431  1 0.4859 0.4984 0.0157 
         432  1 0.1032 0.0956 0.8012 
         433  1 0.4958 0.4400 0.0643 
         434  1 0.4998 0.4708 0.0293 
         435  1 0.4901 0.4834 0.0264 
         436  1 0.5393 0.4357 0.0251 
         437  1 0.5289 0.4604 0.0106 
         438  1 0.5228 0.4615 0.0156 
         439  1 0.1172 0.1281 0.7547 
         440  1 0.4581 0.4611 0.0807 
         441  1 0.4437 0.5141 0.0422 
         442  1 0.4604 0.5179 0.0217 
         443  1 0.3757 0.5297 0.0946 
         444  1 0.4708 0.4719 0.0573 
         445  1 0.4216 0.4096 0.1689 
         446  1 0.4071 0.4048 0.1882 
         447  1 0.4833 0.4767 0.0401 
         448  1 0.4042 0.3921 0.2038 
         449  1 0.3407 0.4364 0.2229 
         450  1 0.3397 0.4724 0.1879 
         451  1 0.4145 0.5557 0.0298 
         452  1 0.4744 0.4334 0.0922 
         453  1 0.4170 0.3979 0.1851 
         454  1 0.2677 0.3389 0.3934 
         455  1 0.3700 0.4755 0.1545 
         456  1 0.3265 0.4469 0.2266 
         457  1 0.4115 0.4076 0.1809 
         458  1 0.3680 0.4690 0.1630 
         459  1 0.4939 0.4826 0.0235 
         460  1 0.4365 0.5432 0.0204 
         461  1 0.3642 0.3893 0.2465 
         462  1 0.0108 0.0106 0.9786 
         463  1 0.0121 0.0114 0.9764 
         464  1 0.0182 0.0220 0.9598 
         465  1 0.2584 0.3194 0.4221 
         466  1 0.0301 0.0288 0.9411 
         467  1 0.1546 0.1652 0.6802 
         468  1 0.2031 0.2158 0.5810 
         469  1 0.2359 0.2546 0.5094 
         470  1 0.0520 0.0589 0.8891 
         471  1 0.1646 0.2140 0.6214 
         472  1 0.2389 0.2611 0.4999 
         473  1 0.2283 0.2336 0.5382 
         474  1 0.0172 0.0177 0.9651 
         475  1 0.1255 0.1521 0.7225 
         476  1 0.0232 0.0247 0.9521 
         477  1 0.0225 0.0229 0.9546 
         478  1 0.2676 0.2514 0.4810 
         479  1 0.0180 0.0180 0.9640 
         480  1 0.0154 0.0166 0.9680 
         481  1 0.0180 0.0200 0.9620 
         482  1 0.0098 0.0095 0.9807 
         483  1 0.0190 0.0209 0.9601 
         484  1 0.3895 0.3991 0.2114 
         485  1 0.0460 0.0500 0.9039 
         486  1 0.0398 0.0370 0.9232 
         487  1 0.0107 0.0116 0.9778 
         488  1 0.0235 0.0253 0.9512 
         489  1 0.0939 0.1182 0.7879 
         490  1 0.2320 0.2442 0.5238 
         491  1 0.0191 0.0181 0.9627 
         492  1 0.0368 0.0402 0.9230 
         493  1 0.0132 0.0143 0.9724 
         494  1 0.0089 0.0097 0.9813 
         495  1 0.0089 0.0085 0.9826 
         496  1 0.0251 0.0246 0.9503 
         497  1 0.3921 0.5209 0.0870 
         498  1 0.1188 0.1278 0.7534 
         499  1 0.0156 0.0158 0.9685 
         500  1 0.0813 0.1124 0.8063 
         501  1 0.0107 0.0116 0.9777 
         502  1 0.0141 0.0147 0.9712 
         503  1 0.0108 0.0101 0.9790 
         504  1 0.0171 0.0157 0.9671 
         505  1 0.0699 0.0715 0.8586 
         506  1 0.0635 0.0668 0.8697 
         507  1 0.0189 0.0212 0.9599 
         508  1 0.1419 0.1400 0.7182 
         509  1 0.0079 0.0081 0.9840 
         510  1 0.0155 0.0168 0.9677 
         511  1 0.0126 0.0116 0.9758 
         512  1 0.0173 0.0191 0.9637 
         513  1 0.4409 0.4535 0.1057 
         514  1 0.0117 0.0116 0.9767 
         515  1 0.0572 0.0526 0.8901 
         516  1 0.1584 0.1839 0.6577 
         517  1 0.0152 0.0151 0.9697 
         518  1 0.0096 0.0104 0.9800 
         519  1 0.0169 0.0173 0.9658 
         520  1 0.0244 0.0249 0.9507 
         521  1 0.0113 0.0105 0.9782 
         522  1 0.0091 0.0097 0.9812 
         523  1 0.0861 0.0863 0.8276 
         524  1 0.0201 0.0231 0.9568 
         525  1 0.0216 0.0204 0.9580 
         526  1 0.0223 0.0203 0.9573 
         527  1 0.0234 0.0220 0.9546 
         528  1 0.0210 0.0207 0.9583 
         529  1 0.0804 0.0795 0.8401 
         530  1 0.0098 0.0103 0.9799 
         531  1 0.0236 0.0247 0.9517 
         532  1 0.0162 0.0164 0.9675 
         533  1 0.0136 0.0131 0.9734 
         534  1 0.0203 0.0232 0.9565 
         535  1 0.0152 0.0141 0.9708 
         536  1 0.0073 0.0073 0.9853 
         537  1 0.0101 0.0102 0.9797 
         538  1 0.0086 0.0090 0.9824 
         539  1 0.0074 0.0073 0.9853 
         540  1 0.0219 0.0236 0.9545 
         541  1 0.2820 0.3289 0.3892 
         542  1 0.0113 0.0119 0.9768 
         543  1 0.0288 0.0327 0.9385 
         544  1 0.0171 0.0178 0.9651 
         545  1 0.0078 0.0083 0.9839 
         546  1 0.0930 0.1092 0.7978 
         547  1 0.0324 0.0391 0.9285 
         548  1 0.0152 0.0151 0.9697 
         549  1 0.0148 0.0155 0.9697 
         550  1 0.0089 0.0100 0.9811 
         551  1 0.3442 0.3640 0.2918 
         552  1 0.0136 0.0161 0.9703 
         553  1 0.1771 0.1976 0.6253 
         554  1 0.0481 0.0558 0.8960 
         555  1 0.0102 0.0102 0.9795 
         556  1 0.0237 0.0240 0.9524 
         557  1 0.0083 0.0082 0.9835 
         558  1 0.0357 0.0357 0.9286 
         559  1 0.1519 0.1594 0.6887 
         560  1 0.0337 0.0318 0.9346 
         561  1 0.0399 0.0404 0.9198 
         562  1 0.0076 0.0075 0.9850 
         563  1 0.0119 0.0118 0.9763 
         564  1 0.0124 0.0131 0.9745 
         565  1 0.0283 0.0307 0.9409 
         566  1 0.1571 0.1565 0.6864 
         567  1 0.0149 0.0168 0.9683 
         568  1 0.0357 0.0365 0.9278 
         569  1 0.0158 0.0149 0.9693 
         570  1 0.2076 0.2458 0.5466 
         571  1 0.1798 0.1740 0.6461 
         572  1 0.0212 0.0214 0.9575 
         573  1 0.4763 0.5101 0.0136 
         574  1 0.3722 0.3651 0.2626 
         575  1 0.4077 0.4684 0.1239 
         576  1 0.4902 0.4750 0.0348 
         577  1 0.5361 0.4359 0.0281 
         578  1 0.2071 0.2661 0.5268 
         579  1 0.0230 0.0209 0.9561 
         580  1 0.1016 0.1194 0.7789 
         581  1 0.0120 0.0121 0.9759 
         582  1 0.4338 0.5248 0.0414 
         583  1 0.0139 0.0144 0.9717 
         584  1 0.1157 0.1174 0.7669 
         585  1 0.1284 0.1432 0.7285 
         586  1 0.0129 0.0130 0.9741 
         587  1 0.0189 0.0186 0.9625 
         588  1 0.0115 0.0116 0.9769 
         589  1 0.0515 0.0489 0.8996 
         590  1 0.0136 0.0128 0.9736 
         591  1 0.0133 0.0131 0.9736 
         592  1 0.0357 0.0425 0.9217 
         593  1 0.0123 0.0119 0.9758 
         594  1 0.1689 0.1527 0.6784 
         595  1 0.0376 0.0415 0.9209 
         596  1 0.0078 0.0080 0.9841 
         597  1 0.0128 0.0146 0.9726 
         598  1 0.0973 0.1084 0.7943 
         599  1 0.0090 0.0086 0.9824 
         600  1 0.0134 0.0128 0.9738 
         601  1 0.0094 0.0095 0.9811 
         602  1 0.0461 0.0454 0.9085 
         603  1 0.0294 0.0263 0.9443 
         604  1 0.0978 0.0946 0.8075 
         605  1 0.0217 0.0215 0.9568 
         606  1 0.0277 0.0282 0.9441 
         607  1 0.0075 0.0075 0.9850 
         608  1 0.0855 0.0910 0.8235 
         609  1 0.0222 0.0239 0.9539 
         610  1 0.0180 0.0184 0.9636 
         611  1 0.0713 0.0626 0.8662 
         612  1 0.3966 0.4634 0.1400 
         613  1 0.0103 0.0106 0.9791 
         614  1 0.0095 0.0097 0.9809 
         615  1 0.0106 0.0116 0.9778 
         616  1 0.0302 0.0334 0.9364 
         617  1 0.0159 0.0167 0.9674 
         618  1 0.0301 0.0308 0.9391 
         619  1 0.0127 0.0137 0.9736 
         620  1 0.0187 0.0192 0.9621 
         621  1 0.4256 0.4174 0.1569 
         622  1 0.0137 0.0147 0.9716 
         623  1 0.0225 0.0239 0.9536 
