           1  1 0.0433 0.8290 0.0377 0.0469 0.0432 
           2  1 0.0323 0.8636 0.0579 0.0210 0.0252 
           3  1 0.0202 0.9179 0.0190 0.0229 0.0200 
           4  1 0.0384 0.8789 0.0389 0.0228 0.0208 
           5  1 0.0158 0.9351 0.0156 0.0172 0.0163 
           6  1 0.0170 0.9349 0.0154 0.0161 0.0166 
           7  1 0.0479 0.8422 0.0548 0.0239 0.0312 
           8  1 0.0177 0.9281 0.0183 0.0178 0.0181 
           9  1 0.0197 0.9211 0.0192 0.0211 0.0189 
          10  1 0.0136 0.9436 0.0151 0.0134 0.0142 
          11  1 0.0228 0.9104 0.0219 0.0233 0.0216 
          12  1 0.2349 0.2694 0.1510 0.1756 0.1691 
          13  1 0.0619 0.7934 0.0480 0.0504 0.0463 
          14  1 0.1864 0.4195 0.1443 0.1307 0.1191 
          15  1 0.0779 0.6076 0.0881 0.1325 0.0940 
          16  1 0.2056 0.0100 0.1659 0.2954 0.3230 
          17  1 0.1772 0.0085 0.3077 0.1969 0.3097 
          18  1 0.2013 0.0110 0.3291 0.1649 0.2938 
          19  1 0.2073 0.0300 0.3942 0.1414 0.2271 
          20  1 0.4442 0.0101 0.1379 0.2514 0.1564 
          21  1 0.2271 0.0133 0.4892 0.0759 0.1945 
          22  1 0.2013 0.1658 0.2834 0.1536 0.1960 
          23  1 0.2214 0.0446 0.2580 0.2397 0.2364 
          24  1 0.2452 0.0254 0.3445 0.1739 0.2110 
          25  1 0.1803 0.0217 0.1982 0.2878 0.3120 
          26  1 0.3662 0.0546 0.2007 0.2102 0.1683 
          27  1 0.2734 0.0152 0.2556 0.2324 0.2233 
          28  1 0.1768 0.0090 0.3129 0.2308 0.2705 
          29  1 0.1455 0.0114 0.1831 0.3382 0.3217 
          30  1 0.1968 0.0182 0.4083 0.1352 0.2415 
          31  1 0.1312 0.4771 0.1034 0.1480 0.1404 
          32  1 0.2079 0.0108 0.4507 0.1226 0.2080 
          33  1 0.2274 0.0128 0.3727 0.1511 0.2359 
          34  1 0.1440 0.5033 0.1401 0.1000 0.1126 
          35  1 0.2127 0.0450 0.1628 0.3011 0.2784 
          36  1 0.1479 0.0352 0.1946 0.3238 0.2986 
          37  1 0.3051 0.0719 0.2027 0.2035 0.2169 
          38  1 0.1751 0.0159 0.2735 0.2443 0.2913 
          39  1 0.1867 0.0118 0.2439 0.2664 0.2912 
          40  1 0.2735 0.0106 0.2871 0.1831 0.2457 
          41  1 0.3066 0.0182 0.1925 0.2420 0.2407 
          42  1 0.3067 0.0222 0.2204 0.2301 0.2207 
          43  1 0.3053 0.0281 0.1744 0.2456 0.2465 
          44  1 0.1606 0.0089 0.2268 0.2722 0.3315 
          45  1 0.3238 0.0167 0.1916 0.2293 0.2387 
          46  1 0.2539 0.0259 0.2359 0.2203 0.2640 
          47  1 0.2497 0.0246 0.1894 0.3103 0.2260 
          48  1 0.2407 0.0384 0.2778 0.2047 0.2384 
          49  1 0.2040 0.0429 0.3497 0.1788 0.2246 
          50  1 0.3148 0.0656 0.1576 0.2395 0.2225 
          51  1 0.3849 0.0414 0.1734 0.2028 0.1975 
          52  1 0.1921 0.0474 0.3045 0.2182 0.2378 
          53  1 0.1864 0.0233 0.5021 0.0891 0.1991 
          54  1 0.3287 0.0102 0.1769 0.2577 0.2266 
          55  1 0.2015 0.0085 0.4241 0.1105 0.2554 
          56  1 0.1943 0.0206 0.1747 0.3582 0.2521 
          57  1 0.3697 0.0715 0.1135 0.2401 0.2052 
          58  1 0.2360 0.0226 0.3352 0.1553 0.2510 
          59  1 0.2018 0.0122 0.2660 0.2580 0.2620 
          60  1 0.2159 0.0313 0.3215 0.1973 0.2340 
          61  1 0.3584 0.0067 0.1920 0.2253 0.2176 
          62  1 0.1763 0.0179 0.2669 0.2657 0.2732 
          63  1 0.3176 0.0315 0.1915 0.2074 0.2520 
          64  1 0.2814 0.0220 0.2140 0.2467 0.2359 
          65  1 0.1101 0.0094 0.1602 0.4313 0.2891 
          66  1 0.1693 0.0114 0.1675 0.3797 0.2722 
          67  1 0.1896 0.0149 0.3122 0.1870 0.2963 
          68  1 0.3670 0.0391 0.1403 0.2585 0.1951 
          69  1 0.2808 0.0090 0.1854 0.2643 0.2604 
          70  1 0.1797 0.0168 0.3804 0.1795 0.2436 
          71  1 0.2888 0.0142 0.1614 0.3020 0.2335 
          72  1 0.1913 0.0057 0.2428 0.2553 0.3050 
          73  1 0.2228 0.0405 0.2182 0.2817 0.2369 
          74  1 0.2259 0.0075 0.2714 0.2094 0.2857 
          75  1 0.2521 0.0187 0.1750 0.2792 0.2750 
          76  1 0.3166 0.0917 0.1360 0.2640 0.1917 
          77  1 0.1434 0.1019 0.2028 0.2687 0.2832 
          78  1 0.2052 0.0163 0.2159 0.3251 0.2375 
          79  1 0.2202 0.0087 0.3405 0.1877 0.2428 
          80  1 0.4112 0.0186 0.1342 0.2474 0.1887 
          81  1 0.2566 0.0180 0.3215 0.1705 0.2333 
          82  1 0.5508 0.0082 0.0774 0.2350 0.1287 
          83  1 0.3723 0.0165 0.1884 0.1975 0.2253 
          84  1 0.3884 0.0187 0.2053 0.2053 0.1823 
          85  1 0.2347 0.0153 0.1974 0.2907 0.2619 
          86  1 0.2270 0.0232 0.3241 0.1601 0.2656 
          87  1 0.1506 0.0092 0.1569 0.4043 0.2791 
          88  1 0.2731 0.0246 0.1849 0.2447 0.2727 
          89  1 0.5378 0.0105 0.0795 0.2365 0.1356 
          90  1 0.3456 0.0103 0.2029 0.2422 0.1989 
          91  1 0.1898 0.0104 0.2489 0.2767 0.2743 
          92  1 0.1948 0.0094 0.2313 0.2789 0.2856 
          93  1 0.1916 0.0249 0.3174 0.1788 0.2873 
          94  1 0.1765 0.0061 0.4147 0.1689 0.2338 
          95  1 0.2068 0.0159 0.3395 0.2040 0.2337 
          96  1 0.2065 0.1903 0.2393 0.1650 0.1988 
          97  1 0.1540 0.0121 0.2747 0.2899 0.2693 
          98  1 0.1877 0.0199 0.2949 0.2372 0.2603 
          99  1 0.2366 0.0215 0.1965 0.3083 0.2371 
         100  1 0.2892 0.0254 0.2717 0.1954 0.2183 
         101  1 0.2229 0.0241 0.1922 0.2914 0.2693 
         102  1 0.2687 0.0117 0.2683 0.2076 0.2437 
         103  1 0.1788 0.0503 0.2877 0.2382 0.2449 
         104  1 0.1966 0.0105 0.1424 0.3744 0.2761 
         105  1 0.1712 0.0206 0.1667 0.3830 0.2584 
         106  1 0.1672 0.0203 0.1662 0.3942 0.2521 
         107  1 0.2851 0.1034 0.2222 0.1887 0.2006 
         108  1 0.1815 0.0063 0.4367 0.1571 0.2184 
         109  1 0.2210 0.0330 0.3660 0.1385 0.2415 
         110  1 0.2450 0.0104 0.1537 0.3444 0.2466 
         111  1 0.1815 0.0197 0.2301 0.2486 0.3201 
         112  1 0.1993 0.0134 0.3604 0.1605 0.2664 
         113  1 0.1958 0.0063 0.2328 0.3113 0.2538 
         114  1 0.3265 0.0763 0.2033 0.1970 0.1969 
         115  1 0.1959 0.0098 0.2173 0.3097 0.2673 
         116  1 0.3961 0.0289 0.1400 0.2227 0.2123 
         117  1 0.2060 0.0135 0.2616 0.2659 0.2530 
         118  1 0.2042 0.0181 0.4081 0.1565 0.2130 
         119  1 0.2112 0.0180 0.3710 0.1413 0.2584 
         120  1 0.1905 0.2196 0.2199 0.1848 0.1853 
         121  1 0.2480 0.0789 0.2960 0.1712 0.2059 
         122  1 0.1712 0.0061 0.2099 0.3201 0.2928 
         123  1 0.3241 0.0118 0.2247 0.2074 0.2319 
         124  1 0.3019 0.0202 0.2734 0.1859 0.2186 
         125  1 0.1538 0.0070 0.1758 0.3681 0.2953 
         126  1 0.1512 0.0067 0.2950 0.2563 0.2908 
         127  1 0.2056 0.0287 0.1889 0.2793 0.2975 
         128  1 0.2400 0.0236 0.1426 0.3318 0.2620 
         129  1 0.2024 0.0186 0.2170 0.3042 0.2579 
         130  1 0.2237 0.0165 0.3982 0.1276 0.2340 
         131  1 0.1910 0.0116 0.2525 0.2481 0.2967 
         132  1 0.2679 0.0962 0.2643 0.1914 0.1802 
         133  1 0.1683 0.0070 0.2940 0.2575 0.2733 
         134  1 0.1934 0.0085 0.2423 0.2559 0.2999 
         135  1 0.1936 0.0064 0.4956 0.1032 0.2011 
         136  1 0.1691 0.0060 0.1787 0.3719 0.2743 
         137  1 0.2507 0.0297 0.3323 0.1371 0.2502 
         138  1 0.3396 0.0360 0.2034 0.1989 0.2221 
         139  1 0.1482 0.0167 0.2126 0.3532 0.2693 
         140  1 0.2276 0.0794 0.3858 0.1306 0.1766 
         141  1 0.1909 0.0071 0.1799 0.3067 0.3155 
         142  1 0.1917 0.0165 0.2693 0.2347 0.2879 
         143  1 0.1292 0.5765 0.1094 0.0915 0.0935 
         144  1 0.2047 0.0110 0.1813 0.3219 0.2811 
         145  1 0.2595 0.0533 0.2734 0.1928 0.2209 
         146  1 0.1800 0.0060 0.5354 0.0810 0.1975 
         147  1 0.2824 0.2766 0.1401 0.1584 0.1425 
         148  1 0.1972 0.0207 0.3119 0.2038 0.2664 
         149  1 0.1818 0.0286 0.1671 0.3003 0.3222 
         150  1 0.2554 0.0263 0.2377 0.2613 0.2194 
         151  1 0.2212 0.0197 0.4055 0.1376 0.2159 
         152  1 0.1870 0.0118 0.3829 0.1858 0.2325 
         153  1 0.3147 0.0188 0.1163 0.3114 0.2388 
         154  1 0.1833 0.0064 0.4960 0.0862 0.2281 
         155  1 0.1985 0.0274 0.1846 0.2756 0.3139 
         156  1 0.2126 0.0129 0.2379 0.2626 0.2740 
         157  1 0.2088 0.0357 0.2251 0.2423 0.2882 
         158  1 0.1859 0.0104 0.2075 0.3339 0.2623 
         159  1 0.5416 0.0136 0.0963 0.2188 0.1297 
         160  1 0.1687 0.0083 0.2124 0.3398 0.2708 
         161  1 0.1980 0.0464 0.2098 0.2795 0.2662 
         162  1 0.1755 0.0219 0.2339 0.2716 0.2970 
         163  1 0.2060 0.0134 0.3397 0.1747 0.2663 
         164  1 0.2274 0.0070 0.1864 0.3237 0.2555 
         165  1 0.2209 0.0489 0.2104 0.2691 0.2507 
         166  1 0.2566 0.0228 0.3980 0.1368 0.1859 
         167  1 0.2270 0.0097 0.1990 0.2803 0.2840 
         168  1 0.2069 0.0200 0.3502 0.2001 0.2228 
         169  1 0.2464 0.0569 0.1402 0.3083 0.2482 
         170  1 0.1856 0.0236 0.2814 0.2234 0.2860 
         171  1 0.2060 0.0097 0.2828 0.2037 0.2979 
         172  1 0.1742 0.0166 0.2334 0.2836 0.2922 
         173  1 0.2173 0.0731 0.1761 0.2885 0.2451 
         174  1 0.3539 0.0309 0.1907 0.2089 0.2156 
         175  1 0.2859 0.0215 0.2189 0.2486 0.2252 
         176  1 0.1637 0.0258 0.2224 0.3317 0.2563 
         177  1 0.2143 0.0229 0.3055 0.1830 0.2743 
         178  1 0.2118 0.0523 0.2274 0.2488 0.2598 
         179  1 0.1913 0.0092 0.4483 0.1171 0.2340 
         180  1 0.2243 0.0184 0.1884 0.2846 0.2844 
         181  1 0.1486 0.1788 0.1633 0.2763 0.2330 
         182  1 0.2026 0.0319 0.2776 0.2173 0.2706 
         183  1 0.2710 0.0185 0.1842 0.2994 0.2268 
         184  1 0.2021 0.0429 0.3598 0.1466 0.2486 
         185  1 0.1741 0.0303 0.1993 0.3200 0.2763 
         186  1 0.2091 0.0180 0.1859 0.3255 0.2615 
         187  1 0.3180 0.0188 0.1950 0.2551 0.2130 
         188  1 0.3108 0.0268 0.2336 0.2077 0.2211 
         189  1 0.1791 0.0234 0.3999 0.1565 0.2410 
         190  1 0.2311 0.0175 0.3152 0.1960 0.2402 
         191  1 0.1712 0.0334 0.2078 0.2841 0.3036 
         192  1 0.2317 0.0148 0.2869 0.2064 0.2602 
         193  1 0.3470 0.0829 0.1473 0.2289 0.1938 
         194  1 0.2172 0.0274 0.3412 0.1847 0.2294 
         195  1 0.2217 0.0405 0.3132 0.1924 0.2321 
         196  1 0.2614 0.1409 0.1544 0.2405 0.2028 
         197  1 0.1936 0.0071 0.4136 0.1368 0.2490 
         198  1 0.1980 0.0116 0.3626 0.1643 0.2635 
         199  1 0.1874 0.0118 0.3262 0.1860 0.2887 
         200  1 0.3007 0.0150 0.2861 0.1922 0.2060 
         201  1 0.2275 0.0154 0.2062 0.2670 0.2839 
         202  1 0.3503 0.0886 0.1460 0.2222 0.1928 
         203  1 0.1915 0.0201 0.1771 0.2953 0.3160 
         204  1 0.2135 0.0271 0.2437 0.2356 0.2801 
         205  1 0.1574 0.0083 0.2630 0.3137 0.2576 
         206  1 0.2747 0.0132 0.2350 0.2324 0.2447 
         207  1 0.2520 0.0200 0.2984 0.1976 0.2321 
         208  1 0.2461 0.0528 0.1751 0.2566 0.2694 
         209  1 0.4088 0.0114 0.1477 0.2059 0.2262 
         210  1 0.1697 0.0087 0.1989 0.2933 0.3295 
         211  1 0.1977 0.0085 0.4413 0.1432 0.2093 
         212  1 0.1789 0.0197 0.1956 0.3278 0.2780 
         213  1 0.3021 0.0644 0.1787 0.2404 0.2145 
         214  1 0.2543 0.0115 0.2655 0.2306 0.2382 
         215  1 0.2893 0.0192 0.1634 0.2757 0.2524 
         216  1 0.2149 0.0335 0.3692 0.1606 0.2218 
         217  1 0.3162 0.0332 0.1645 0.2370 0.2491 
         218  1 0.1815 0.0246 0.1986 0.3143 0.2810 
         219  1 0.1791 0.0091 0.2133 0.2781 0.3204 
         220  1 0.3821 0.0304 0.1514 0.2473 0.1888 
         221  1 0.2141 0.0075 0.2699 0.2526 0.2559 
         222  1 0.1285 0.0064 0.2119 0.3719 0.2813 
         223  1 0.2023 0.0258 0.3235 0.2010 0.2474 
         224  1 0.1951 0.0093 0.4405 0.1448 0.2104 
         225  1 0.1926 0.0064 0.2953 0.2203 0.2854 
         226  1 0.2070 0.0130 0.1607 0.3541 0.2652 
         227  1 0.2692 0.0110 0.1751 0.3031 0.2417 
         228  1 0.1873 0.0437 0.1449 0.3697 0.2544 
         229  1 0.2184 0.0092 0.4624 0.1016 0.2085 
         230  1 0.3880 0.0183 0.1494 0.2512 0.1932 
         231  1 0.3780 0.0249 0.1714 0.2122 0.2135 
         232  1 0.1318 0.0080 0.2044 0.3884 0.2674 
         233  1 0.3001 0.0219 0.2305 0.2315 0.2161 
         234  1 0.3056 0.0110 0.2829 0.1474 0.2532 
         235  1 0.1716 0.0214 0.1583 0.3716 0.2771 
         236  1 0.2162 0.0640 0.1593 0.2829 0.2776 
         237  1 0.2293 0.0076 0.2270 0.3106 0.2255 
         238  1 0.2999 0.0244 0.3050 0.1743 0.1964 
         239  1 0.2720 0.1180 0.1466 0.2253 0.2380 
         240  1 0.1762 0.0074 0.3148 0.2280 0.2736 
         241  1 0.1853 0.0076 0.2990 0.2307 0.2775 
         242  1 0.3377 0.0262 0.2530 0.1828 0.2003 
         243  1 0.1815 0.0150 0.3394 0.2104 0.2537 
         244  1 0.2133 0.0415 0.2630 0.2220 0.2602 
         245  1 0.2142 0.0079 0.2006 0.2614 0.3158 
         246  1 0.2535 0.1527 0.1481 0.2142 0.2315 
         247  1 0.2661 0.0174 0.1666 0.2917 0.2582 
         248  1 0.2162 0.0412 0.2917 0.2030 0.2478 
         249  1 0.4629 0.0276 0.1178 0.2004 0.1914 
         250  1 0.2761 0.0139 0.2113 0.2410 0.2577 
         251  1 0.1942 0.0103 0.3734 0.1717 0.2505 
         252  1 0.1205 0.5249 0.1175 0.1250 0.1122 
         253  1 0.2256 0.0669 0.4037 0.1126 0.1912 
         254  1 0.2514 0.0085 0.2397 0.2240 0.2765 
         255  1 0.2130 0.0182 0.2984 0.1986 0.2718 
         256  1 0.2125 0.0108 0.2608 0.2446 0.2713 
         257  1 0.1298 0.0082 0.1839 0.3880 0.2901 
         258  1 0.2296 0.0168 0.3020 0.2077 0.2439 
         259  1 0.2180 0.0388 0.3446 0.1755 0.2231 
         260  1 0.1761 0.0098 0.2515 0.2890 0.2736 
         261  1 0.1930 0.0247 0.1650 0.3537 0.2635 
         262  1 0.2133 0.0451 0.1890 0.3186 0.2340 
         263  1 0.2409 0.0356 0.2100 0.2794 0.2342 
         264  1 0.2287 0.0192 0.2560 0.2139 0.2821 
         265  1 0.2010 0.0159 0.3094 0.2225 0.2512 
         266  1 0.1583 0.0140 0.3085 0.2065 0.3126 
         267  1 0.2133 0.0743 0.1869 0.2458 0.2798 
         268  1 0.2521 0.0130 0.2106 0.2699 0.2544 
         269  1 0.2612 0.0104 0.3625 0.1573 0.2086 
         270  1 0.1577 0.0066 0.2479 0.2924 0.2955 
         271  1 0.1603 0.0133 0.3043 0.2044 0.3177 
         272  1 0.1980 0.0253 0.4724 0.1060 0.1983 
         273  1 0.2508 0.0221 0.3105 0.1962 0.2204 
         274  1 0.3003 0.0372 0.1796 0.2750 0.2079 
         275  1 0.2876 0.0110 0.1672 0.2844 0.2499 
         276  1 0.1694 0.0144 0.1740 0.3803 0.2619 
         277  1 0.1912 0.0070 0.4735 0.0816 0.2468 
         278  1 0.1793 0.0094 0.5391 0.0783 0.1938 
         279  1 0.1992 0.0228 0.3145 0.1871 0.2765 
         280  1 0.1912 0.0112 0.2329 0.2899 0.2748 
         281  1 0.1802 0.0220 0.3253 0.1889 0.2836 
         282  1 0.1830 0.0186 0.3781 0.1832 0.2370 
         283  1 0.2016 0.0149 0.4083 0.1331 0.2420 
         284  1 0.2009 0.0094 0.3585 0.1832 0.2480 
         285  1 0.3070 0.0170 0.1611 0.2754 0.2395 
         286  1 0.4254 0.0203 0.1656 0.2173 0.1714 
         287  1 0.1990 0.0109 0.2914 0.2393 0.2594 
         288  1 0.2326 0.0203 0.3308 0.1844 0.2319 
         289  1 0.2054 0.0176 0.3004 0.2253 0.2513 
         290  1 0.2041 0.0230 0.4702 0.1001 0.2025 
         291  1 0.1713 0.0301 0.2293 0.2597 0.3095 
         292  1 0.2266 0.0089 0.2874 0.2204 0.2566 
         293  1 0.3166 0.0098 0.1891 0.2347 0.2498 
         294  1 0.2003 0.0250 0.4491 0.1009 0.2248 
         295  1 0.1831 0.0191 0.2732 0.2557 0.2689 
         296  1 0.2256 0.0282 0.1824 0.3104 0.2534 
         297  1 0.1823 0.1032 0.1418 0.3092 0.2636 
         298  1 0.1996 0.0185 0.1624 0.3478 0.2717 
         299  1 0.1344 0.0062 0.1612 0.4185 0.2797 
         300  1 0.2777 0.0323 0.2371 0.2414 0.2114 
         301  1 0.3124 0.0253 0.2682 0.1935 0.2005 
         302  1 0.1235 0.0150 0.1986 0.3941 0.2689 
         303  1 0.2663 0.0566 0.1893 0.2333 0.2546 
         304  1 0.2631 0.0145 0.3703 0.1433 0.2088 
         305  1 0.2384 0.0107 0.4350 0.1185 0.1974 
         306  1 0.1698 0.0127 0.2254 0.3334 0.2588 
         307  1 0.3168 0.0231 0.1936 0.2444 0.2221 
         308  1 0.4253 0.0178 0.1940 0.1907 0.1722 
         309  1 0.2079 0.0127 0.4700 0.1059 0.2035 
         310  1 0.1975 0.0151 0.2663 0.2662 0.2549 
         311  1 0.3450 0.0258 0.1368 0.2595 0.2329 
         312  1 0.5026 0.0208 0.1185 0.2105 0.1476 
         313  1 0.2111 0.0166 0.3410 0.1665 0.2648 
         314  1 0.1968 0.0095 0.1720 0.3576 0.2641 
         315  1 0.2692 0.0674 0.2122 0.2375 0.2136 
         316  1 0.3951 0.0551 0.1331 0.2230 0.1938 
         317  1 0.2307 0.0650 0.1999 0.2416 0.2628 
         318  1 0.1436 0.0127 0.1937 0.3422 0.3078 
         319  1 0.2036 0.0099 0.4076 0.1250 0.2540 
         320  1 0.1925 0.0074 0.2666 0.2735 0.2600 
         321  1 0.1989 0.0136 0.2250 0.2922 0.2703 
         322  1 0.1893 0.0289 0.3467 0.1626 0.2725 
         323  1 0.2091 0.0149 0.4183 0.1344 0.2233 
         324  1 0.3267 0.0146 0.1495 0.2620 0.2472 
         325  1 0.1315 0.0065 0.2615 0.3378 0.2627 
         326  1 0.2649 0.0082 0.3018 0.1905 0.2346 
         327  1 0.3156 0.0291 0.1882 0.2281 0.2391 
         328  1 0.2492 0.0844 0.2017 0.2092 0.2555 
         329  1 0.2709 0.0092 0.3500 0.1666 0.2032 
         330  1 0.2278 0.0360 0.2587 0.1993 0.2781 
         331  1 0.1777 0.0165 0.2837 0.2585 0.2635 
         332  1 0.1752 0.0247 0.2784 0.2343 0.2875 
         333  1 0.2266 0.0224 0.2081 0.2495 0.2935 
         334  1 0.1368 0.1297 0.1890 0.2542 0.2903 
         335  1 0.1518 0.0078 0.2633 0.2457 0.3315 
         336  1 0.1916 0.0126 0.3656 0.1942 0.2360 
         337  1 0.1987 0.0344 0.2877 0.2234 0.2558 
         338  1 0.1948 0.0357 0.3392 0.2034 0.2269 
         339  1 0.2020 0.1127 0.2394 0.2342 0.2117 
         340  1 0.1714 0.0168 0.1458 0.3809 0.2851 
         341  1 0.1777 0.0153 0.2247 0.2790 0.3033 
         342  1 0.2153 0.4264 0.0834 0.1563 0.1186 
         343  1 0.1719 0.0303 0.2151 0.2976 0.2852 
         344  1 0.2023 0.0223 0.2212 0.2683 0.2860 
         345  1 0.1609 0.0369 0.2804 0.2726 0.2492 
         346  1 0.1647 0.0196 0.2214 0.2661 0.3282 
         347  1 0.3860 0.0545 0.1910 0.2049 0.1635 
         348  1 0.2196 0.0057 0.1893 0.3277 0.2577 
         349  1 0.2449 0.1679 0.1761 0.2464 0.1648 
         350  1 0.2071 0.0188 0.1913 0.3359 0.2470 
         351  1 0.1628 0.0116 0.1952 0.3228 0.3075 
         352  1 0.1968 0.0070 0.3197 0.2389 0.2376 
         353  1 0.2381 0.0080 0.2861 0.1831 0.2847 
         354  1 0.2573 0.0139 0.2301 0.2636 0.2351 
         355  1 0.4112 0.0182 0.1411 0.2462 0.1833 
         356  1 0.3070 0.0495 0.1449 0.2432 0.2554 
         357  1 0.2743 0.0128 0.2146 0.2441 0.2541 
         358  1 0.1624 0.0081 0.1536 0.3941 0.2818 
         359  1 0.2163 0.2125 0.1889 0.1839 0.1985 
         360  1 0.2082 0.0186 0.1804 0.2958 0.2970 
         361  1 0.3082 0.1395 0.1465 0.2196 0.1862 
         362  1 0.4249 0.0278 0.1842 0.2086 0.1545 
         363  1 0.1895 0.0079 0.1554 0.3558 0.2913 
         364  1 0.1977 0.0537 0.3009 0.2153 0.2324 
         365  1 0.1731 0.1438 0.1883 0.2546 0.2403 
         366  1 0.2397 0.0233 0.1856 0.3045 0.2469 
         367  1 0.2077 0.0198 0.3623 0.1867 0.2235 
         368  1 0.1809 0.0127 0.3901 0.1302 0.2861 
         369  1 0.3719 0.0088 0.2115 0.2204 0.1875 
         370  1 0.1962 0.0103 0.3194 0.2156 0.2584 
         371  1 0.2521 0.0114 0.1928 0.2608 0.2829 
         372  1 0.4702 0.0863 0.1258 0.1862 0.1315 
         373  1 0.4404 0.0801 0.1433 0.1790 0.1572 
         374  1 0.1848 0.0722 0.3260 0.1687 0.2483 
         375  1 0.2580 0.0184 0.2811 0.2206 0.2219 
         376  1 0.1483 0.0097 0.2578 0.3215 0.2626 
         377  1 0.1428 0.0226 0.2097 0.3657 0.2593 
         378  1 0.2132 0.0192 0.2679 0.2496 0.2500 
         379  1 0.3342 0.0251 0.1777 0.2732 0.1898 
         380  1 0.1844 0.0108 0.3425 0.1714 0.2911 
         381  1 0.1854 0.0167 0.2405 0.2596 0.2978 
         382  1 0.1842 0.0123 0.2504 0.2520 0.3011 
         383  1 0.3032 0.0122 0.1951 0.2336 0.2559 
         384  1 0.2084 0.0144 0.2317 0.2974 0.2481 
         385  1 0.2985 0.0165 0.2852 0.1929 0.2069 
         386  1 0.2286 0.0190 0.1663 0.3212 0.2650 
         387  1 0.1703 0.0222 0.2889 0.2623 0.2562 
         388  1 0.1843 0.0629 0.1359 0.3194 0.2975 
         389  1 0.3202 0.0082 0.2198 0.2272 0.2245 
         390  1 0.1699 0.0106 0.2389 0.2982 0.2825 
         391  1 0.1917 0.0173 0.3012 0.2018 0.2880 
         392  1 0.2439 0.0237 0.2253 0.2902 0.2169 
         393  1 0.1769 0.0132 0.2338 0.3130 0.2631 
         394  1 0.2356 0.0264 0.1859 0.2967 0.2554 
         395  1 0.2153 0.1744 0.2359 0.1828 0.1917 
         396  1 0.2782 0.0067 0.2408 0.2255 0.2488 
         397  1 0.2154 0.0230 0.2120 0.2499 0.2996 
         398  1 0.1932 0.0203 0.3585 0.1910 0.2369 
         399  1 0.1386 0.0137 0.2120 0.3751 0.2606 
         400  1 0.1872 0.0296 0.1774 0.3435 0.2623 
         401  1 0.2359 0.0142 0.2550 0.2549 0.2401 
         402  1 0.1656 0.1618 0.1938 0.2111 0.2678 
         403  1 0.1742 0.0265 0.2050 0.2584 0.3359 
         404  1 0.0644 0.7489 0.0568 0.0674 0.0625 
         405  1 0.1469 0.0510 0.1751 0.3652 0.2617 
         406  1 0.3253 0.0843 0.1433 0.2254 0.2216 
         407  1 0.1100 0.6305 0.0618 0.1155 0.0822 
         408  1 0.1920 0.0155 0.3349 0.2101 0.2475 
         409  1 0.2186 0.1553 0.3667 0.1079 0.1514 
         410  1 0.1361 0.0128 0.2099 0.3819 0.2594 
         411  1 0.3070 0.0142 0.1964 0.2425 0.2399 
         412  1 0.2240 0.0309 0.3621 0.1624 0.2206 
         413  1 0.3044 0.1193 0.1828 0.2021 0.1914 
         414  1 0.2225 0.0293 0.2440 0.2314 0.2728 
         415  1 0.2028 0.0098 0.3686 0.1788 0.2400 
         416  1 0.1126 0.0083 0.1676 0.4244 0.2871 
         417  1 0.3743 0.0149 0.1144 0.3077 0.1886 
         418  1 0.3562 0.0128 0.1152 0.2914 0.2243 
         419  1 0.2858 0.0524 0.3526 0.1401 0.1691 
         420  1 0.1678 0.0658 0.1801 0.3107 0.2757 
         421  1 0.4560 0.0099 0.1249 0.2313 0.1779 
         422  1 0.1265 0.0104 0.1625 0.4294 0.2712 
         423  1 0.1946 0.0229 0.2220 0.2609 0.2996 
         424  1 0.1597 0.0082 0.2218 0.3484 0.2618 
         425  1 0.1196 0.0126 0.1497 0.4399 0.2783 
         426  1 0.2190 0.0431 0.2023 0.2640 0.2716 
         427  1 0.2067 0.0239 0.1470 0.3785 0.2439 
         428  1 0.2079 0.0340 0.2391 0.2377 0.2812 
         429  1 0.1381 0.0161 0.1531 0.4281 0.2647 
         430  1 0.2540 0.0115 0.2876 0.2167 0.2302 
         431  1 0.5835 0.0123 0.0622 0.2189 0.1231 
         432  1 0.1143 0.5784 0.0755 0.1311 0.1007 
         433  1 0.1890 0.0532 0.2074 0.2830 0.2674 
         434  1 0.2697 0.0216 0.2574 0.2466 0.2048 
         435  1 0.2126 0.0185 0.1529 0.3351 0.2809 
         436  1 0.1679 0.0221 0.1781 0.3794 0.2525 
         437  1 0.2917 0.0101 0.1807 0.3030 0.2145 
         438  1 0.2021 0.0124 0.1401 0.3746 0.2709 
         439  1 0.1313 0.5140 0.0898 0.1440 0.1209 
         440  1 0.2877 0.0649 0.1158 0.3168 0.2147 
         441  1 0.2958 0.0267 0.2449 0.2221 0.2105 
         442  1 0.1825 0.0146 0.4762 0.1129 0.2137 
         443  1 0.3258 0.0462 0.2903 0.1648 0.1728 
         444  1 0.2155 0.0346 0.1995 0.2617 0.2886 
         445  1 0.3391 0.1279 0.1367 0.2171 0.1792 
         446  1 0.3001 0.1246 0.2042 0.1927 0.1784 
         447  1 0.2970 0.0275 0.1908 0.2617 0.2231 
         448  1 0.2266 0.1251 0.1663 0.2693 0.2127 
         449  1 0.2969 0.1283 0.2316 0.1794 0.1639 
         450  1 0.3791 0.0727 0.1817 0.2003 0.1663 
         451  1 0.2182 0.0196 0.4665 0.0970 0.1988 
         452  1 0.1928 0.0581 0.1442 0.3682 0.2367 
         453  1 0.1951 0.1101 0.1394 0.3334 0.2220 
         454  1 0.3128 0.1628 0.2171 0.1595 0.1478 
         455  1 0.2995 0.1164 0.2252 0.1831 0.1759 
         456  1 0.2712 0.1715 0.2214 0.1652 0.1706 
         457  1 0.3012 0.0986 0.1379 0.2777 0.1846 
         458  1 0.3213 0.0804 0.1922 0.1993 0.2068 
         459  1 0.2431 0.0135 0.3430 0.1959 0.2045 
         460  1 0.2149 0.0136 0.4681 0.1033 0.2001 
         461  1 0.3939 0.1277 0.1069 0.2129 0.1586 
         462  1 0.0099 0.9606 0.0097 0.0100 0.0097 
         463  1 0.0123 0.9543 0.0099 0.0125 0.0111 
         464  1 0.0189 0.9245 0.0173 0.0203 0.0190 
         465  1 0.4422 0.2237 0.0667 0.1667 0.1007 
         466  1 0.0313 0.8790 0.0228 0.0367 0.0302 
         467  1 0.1637 0.3990 0.1491 0.1508 0.1374 
         468  1 0.1671 0.3417 0.1379 0.1627 0.1906 
         469  1 0.3012 0.2301 0.0980 0.2060 0.1647 
         470  1 0.0970 0.7384 0.0460 0.0609 0.0578 
         471  1 0.2250 0.3721 0.1346 0.1395 0.1287 
         472  1 0.1620 0.3017 0.1186 0.2307 0.1869 
         473  1 0.2108 0.2652 0.1503 0.2003 0.1735 
         474  1 0.0167 0.9281 0.0180 0.0196 0.0175 
         475  1 0.1833 0.6161 0.0418 0.0903 0.0685 
         476  1 0.0303 0.8958 0.0243 0.0253 0.0244 
         477  1 0.0241 0.9069 0.0261 0.0206 0.0224 
         478  1 0.1570 0.3287 0.1449 0.1959 0.1736 
         479  1 0.0187 0.9273 0.0170 0.0185 0.0185 
         480  1 0.0174 0.9375 0.0150 0.0152 0.0149 
         481  1 0.0247 0.9096 0.0221 0.0221 0.0215 
         482  1 0.0088 0.9639 0.0096 0.0088 0.0088 
         483  1 0.0231 0.9144 0.0199 0.0214 0.0213 
         484  1 0.2561 0.0938 0.1464 0.2649 0.2389 
         485  1 0.0694 0.7615 0.0446 0.0669 0.0576 
         486  1 0.0422 0.8689 0.0318 0.0298 0.0274 
         487  1 0.0103 0.9590 0.0106 0.0096 0.0105 
         488  1 0.0310 0.8991 0.0227 0.0243 0.0229 
         489  1 0.2011 0.5417 0.0694 0.1057 0.0821 
         490  1 0.1546 0.2950 0.1248 0.2346 0.1910 
         491  1 0.0193 0.9237 0.0184 0.0198 0.0188 
         492  1 0.0737 0.7862 0.0366 0.0580 0.0456 
         493  1 0.0136 0.9470 0.0124 0.0137 0.0133 
         494  1 0.0098 0.9637 0.0086 0.0084 0.0095 
         495  1 0.0073 0.9682 0.0082 0.0084 0.0079 
         496  1 0.0253 0.8983 0.0243 0.0252 0.0269 
         497  1 0.3364 0.0581 0.2733 0.1657 0.1665 
         498  1 0.1694 0.4469 0.1352 0.1266 0.1218 
         499  1 0.0188 0.9370 0.0157 0.0144 0.0141 
         500  1 0.1779 0.5401 0.1079 0.1000 0.0742 
         501  1 0.0107 0.9577 0.0098 0.0107 0.0111 
         502  1 0.0145 0.9453 0.0132 0.0132 0.0138 
         503  1 0.0109 0.9574 0.0106 0.0114 0.0098 
         504  1 0.0152 0.9394 0.0137 0.0158 0.0160 
         505  1 0.0606 0.7437 0.0596 0.0701 0.0660 
         506  1 0.0539 0.8049 0.0548 0.0449 0.0415 
         507  1 0.0276 0.9168 0.0180 0.0210 0.0165 
         508  1 0.1113 0.6212 0.0766 0.1003 0.0907 
         509  1 0.0079 0.9698 0.0074 0.0074 0.0076 
         510  1 0.0153 0.9382 0.0156 0.0146 0.0164 
         511  1 0.0109 0.9550 0.0114 0.0113 0.0113 
         512  1 0.0254 0.9107 0.0209 0.0204 0.0225 
         513  1 0.2237 0.0609 0.2268 0.2240 0.2647 
         514  1 0.0102 0.9542 0.0125 0.0114 0.0117 
         515  1 0.0791 0.7770 0.0324 0.0649 0.0467 
         516  1 0.1388 0.4605 0.1133 0.1354 0.1520 
         517  1 0.0160 0.9393 0.0157 0.0141 0.0149 
         518  1 0.0100 0.9620 0.0101 0.0089 0.0090 
         519  1 0.0172 0.9326 0.0195 0.0148 0.0160 
         520  1 0.0283 0.8820 0.0253 0.0340 0.0303 
         521  1 0.0111 0.9566 0.0110 0.0102 0.0111 
         522  1 0.0091 0.9662 0.0083 0.0082 0.0083 
         523  1 0.0738 0.6104 0.0814 0.1423 0.0920 
         524  1 0.0330 0.8930 0.0226 0.0276 0.0238 
         525  1 0.0223 0.9101 0.0222 0.0230 0.0224 
         526  1 0.0223 0.9126 0.0209 0.0231 0.0210 
         527  1 0.0285 0.8855 0.0250 0.0336 0.0274 
         528  1 0.0272 0.9001 0.0221 0.0268 0.0237 
         529  1 0.0909 0.6759 0.0511 0.0985 0.0836 
         530  1 0.0088 0.9622 0.0093 0.0095 0.0102 
         531  1 0.0280 0.8981 0.0241 0.0250 0.0248 
         532  1 0.0169 0.9353 0.0161 0.0165 0.0152 
         533  1 0.0134 0.9481 0.0122 0.0132 0.0131 
         534  1 0.0260 0.9121 0.0204 0.0206 0.0209 
         535  1 0.0146 0.9426 0.0145 0.0134 0.0148 
         536  1 0.0075 0.9713 0.0070 0.0070 0.0072 
         537  1 0.0095 0.9617 0.0100 0.0091 0.0097 
         538  1 0.0078 0.9687 0.0081 0.0076 0.0078 
         539  1 0.0066 0.9732 0.0069 0.0067 0.0066 
         540  1 0.0250 0.9012 0.0290 0.0229 0.0219 
         541  1 0.2608 0.1692 0.1173 0.2374 0.2152 
         542  1 0.0126 0.9532 0.0111 0.0112 0.0117 
         543  1 0.0352 0.8695 0.0310 0.0305 0.0338 
         544  1 0.0174 0.9310 0.0177 0.0168 0.0170 
         545  1 0.0080 0.9706 0.0070 0.0071 0.0072 
         546  1 0.1070 0.5988 0.1084 0.0908 0.0950 
         547  1 0.0439 0.8285 0.0427 0.0414 0.0435 
         548  1 0.0157 0.9375 0.0154 0.0154 0.0161 
         549  1 0.0144 0.9367 0.0170 0.0151 0.0168 
         550  1 0.0080 0.9660 0.0083 0.0089 0.0088 
         551  1 0.1779 0.1172 0.1653 0.2642 0.2754 
         552  1 0.0183 0.9362 0.0141 0.0150 0.0165 
         553  1 0.1729 0.4726 0.1415 0.0985 0.1146 
         554  1 0.0723 0.7876 0.0407 0.0530 0.0463 
         555  1 0.0097 0.9619 0.0093 0.0095 0.0096 
         556  1 0.0339 0.8910 0.0201 0.0287 0.0263 
         557  1 0.0078 0.9697 0.0070 0.0079 0.0076 
         558  1 0.0533 0.8210 0.0381 0.0479 0.0397 
         559  1 0.1164 0.5443 0.1052 0.1138 0.1202 
         560  1 0.0338 0.8747 0.0276 0.0347 0.0291 
         561  1 0.0501 0.8262 0.0391 0.0459 0.0386 
         562  1 0.0071 0.9718 0.0069 0.0072 0.0070 
         563  1 0.0138 0.9499 0.0107 0.0136 0.0120 
         564  1 0.0138 0.9469 0.0138 0.0120 0.0134 
         565  1 0.0432 0.8557 0.0296 0.0384 0.0331 
         566  1 0.2274 0.3392 0.1318 0.1587 0.1429 
         567  1 0.0150 0.9414 0.0154 0.0141 0.0141 
         568  1 0.0478 0.8318 0.0366 0.0428 0.0410 
         569  1 0.0160 0.9405 0.0145 0.0140 0.0150 
         570  1 0.1508 0.3342 0.3219 0.0666 0.1266 
         571  1 0.2088 0.3546 0.0978 0.1850 0.1537 
         572  1 0.0296 0.8897 0.0216 0.0324 0.0267 
         573  1 0.2687 0.0115 0.2021 0.2616 0.2561 
         574  1 0.2780 0.1132 0.1309 0.2605 0.2174 
         575  1 0.2275 0.0669 0.1678 0.2517 0.2861 
         576  1 0.1857 0.0284 0.1575 0.3652 0.2633 
         577  1 0.1495 0.0186 0.1687 0.4081 0.2551 
         578  1 0.3264 0.2109 0.1247 0.1928 0.1453 
         579  1 0.0270 0.8819 0.0271 0.0353 0.0286 
         580  1 0.1306 0.5870 0.0828 0.0988 0.1007 
         581  1 0.0112 0.9544 0.0112 0.0118 0.0113 
         582  1 0.2450 0.0303 0.4358 0.1174 0.1715 
         583  1 0.0158 0.9408 0.0138 0.0146 0.0151 
         584  1 0.1357 0.6034 0.0832 0.0890 0.0887 
         585  1 0.1515 0.4934 0.1130 0.1170 0.1251 
         586  1 0.0158 0.9460 0.0116 0.0136 0.0131 
         587  1 0.0179 0.9267 0.0228 0.0158 0.0169 
         588  1 0.0129 0.9516 0.0136 0.0103 0.0116 
         589  1 0.0735 0.7669 0.0601 0.0525 0.0470 
         590  1 0.0134 0.9458 0.0158 0.0119 0.0131 
         591  1 0.0142 0.9464 0.0125 0.0140 0.0129 
         592  1 0.0537 0.8187 0.0440 0.0451 0.0385 
         593  1 0.0127 0.9518 0.0119 0.0122 0.0114 
         594  1 0.1698 0.3559 0.1166 0.2075 0.1502 
         595  1 0.0517 0.8120 0.0467 0.0460 0.0437 
         596  1 0.0076 0.9703 0.0073 0.0074 0.0073 
         597  1 0.0163 0.9456 0.0116 0.0137 0.0127 
         598  1 0.1079 0.5884 0.1244 0.0893 0.0900 
         599  1 0.0087 0.9657 0.0084 0.0087 0.0085 
         600  1 0.0138 0.9445 0.0126 0.0148 0.0143 
         601  1 0.0089 0.9649 0.0086 0.0082 0.0095 
         602  1 0.0678 0.7770 0.0406 0.0656 0.0490 
         603  1 0.0367 0.8766 0.0286 0.0305 0.0276 
         604  1 0.0855 0.5426 0.1598 0.1073 0.1048 
         605  1 0.0332 0.8951 0.0243 0.0239 0.0236 
         606  1 0.0425 0.8727 0.0358 0.0244 0.0245 
         607  1 0.0076 0.9713 0.0070 0.0070 0.0071 
         608  1 0.1208 0.5737 0.0842 0.1098 0.1115 
         609  1 0.0280 0.9058 0.0239 0.0215 0.0209 
         610  1 0.0221 0.9242 0.0176 0.0187 0.0174 
         611  1 0.0815 0.7289 0.0527 0.0753 0.0617 
         612  1 0.4421 0.0781 0.1102 0.2095 0.1600 
         613  1 0.0105 0.9593 0.0097 0.0102 0.0102 
         614  1 0.0092 0.9630 0.0085 0.0099 0.0094 
         615  1 0.0099 0.9597 0.0089 0.0109 0.0106 
         616  1 0.0554 0.8355 0.0340 0.0418 0.0334 
         617  1 0.0159 0.9346 0.0187 0.0140 0.0168 
         618  1 0.0682 0.8034 0.0390 0.0499 0.0396 
         619  1 0.0135 0.9469 0.0147 0.0130 0.0119 
         620  1 0.0214 0.9222 0.0173 0.0204 0.0187 
         621  1 0.1997 0.0636 0.3444 0.1700 0.2222 
         622  1 0.0164 0.9436 0.0125 0.0145 0.0130 
         623  1 0.0232 0.9041 0.0269 0.0229 0.0228 
