           1  1 0.8338 0.0347 0.0430 0.0427 0.0459 
           2  1 0.8615 0.0541 0.0223 0.0247 0.0374 
           3  1 0.9188 0.0190 0.0209 0.0205 0.0207 
           4  1 0.8842 0.0354 0.0298 0.0222 0.0284 
           5  1 0.9340 0.0162 0.0177 0.0158 0.0163 
           6  1 0.9344 0.0154 0.0178 0.0165 0.0160 
           7  1 0.8422 0.0556 0.0319 0.0301 0.0402 
           8  1 0.9266 0.0193 0.0182 0.0180 0.0179 
           9  1 0.9242 0.0169 0.0185 0.0197 0.0207 
          10  1 0.9442 0.0140 0.0142 0.0138 0.0137 
          11  1 0.9113 0.0209 0.0233 0.0226 0.0220 
          12  1 0.2684 0.1645 0.2312 0.1685 0.1674 
          13  1 0.7970 0.0517 0.0588 0.0512 0.0414 
          14  1 0.4242 0.1476 0.1538 0.1269 0.1475 
          15  1 0.6026 0.0799 0.0978 0.1001 0.1195 
          16  1 0.0099 0.1563 0.2736 0.3164 0.2438 
          17  1 0.0087 0.2990 0.1834 0.2667 0.2422 
          18  1 0.0114 0.3256 0.1753 0.2586 0.2291 
          19  1 0.0262 0.4243 0.1367 0.1940 0.2188 
          20  1 0.0115 0.1924 0.3712 0.2429 0.1820 
          21  1 0.0135 0.5393 0.0804 0.1613 0.2056 
          22  1 0.1718 0.2728 0.1577 0.1743 0.2234 
          23  1 0.0458 0.2591 0.2022 0.2333 0.2595 
          24  1 0.0243 0.3481 0.1954 0.1931 0.2391 
          25  1 0.0205 0.1842 0.2637 0.3025 0.2291 
          26  1 0.0547 0.2302 0.3502 0.1786 0.1864 
          27  1 0.0163 0.2561 0.2374 0.2431 0.2471 
          28  1 0.0084 0.2794 0.1841 0.2745 0.2536 
          29  1 0.0112 0.1239 0.2949 0.3057 0.2643 
          30  1 0.0185 0.4563 0.1250 0.2008 0.1994 
          31  1 0.4715 0.1140 0.1402 0.1469 0.1274 
          32  1 0.0109 0.4431 0.0963 0.1950 0.2546 
          33  1 0.0128 0.3507 0.1427 0.2319 0.2618 
          34  1 0.5049 0.1482 0.1303 0.1061 0.1104 
          35  1 0.0450 0.1526 0.2844 0.2865 0.2315 
          36  1 0.0348 0.1774 0.2445 0.2925 0.2507 
          37  1 0.0705 0.2367 0.2420 0.2227 0.2282 
          38  1 0.0147 0.2606 0.2009 0.2700 0.2538 
          39  1 0.0119 0.2119 0.2474 0.2919 0.2368 
          40  1 0.0099 0.2976 0.2062 0.2288 0.2576 
          41  1 0.0183 0.2120 0.2940 0.2499 0.2258 
          42  1 0.0219 0.2382 0.3449 0.2103 0.1846 
          43  1 0.0294 0.1915 0.3019 0.2608 0.2163 
          44  1 0.0093 0.1926 0.2216 0.3152 0.2613 
          45  1 0.0172 0.2044 0.3207 0.2268 0.2308 
          46  1 0.0259 0.2206 0.2417 0.2490 0.2628 
          47  1 0.0249 0.1693 0.3115 0.2343 0.2600 
          48  1 0.0414 0.3301 0.2210 0.2109 0.1965 
          49  1 0.0452 0.3457 0.1463 0.2132 0.2497 
          50  1 0.0676 0.1549 0.2900 0.2572 0.2303 
          51  1 0.0371 0.2289 0.3600 0.1928 0.1812 
          52  1 0.0477 0.3024 0.1721 0.2166 0.2611 
          53  1 0.0225 0.5128 0.0710 0.1650 0.2287 
          54  1 0.0101 0.1841 0.3306 0.2588 0.2163 
          55  1 0.0085 0.4539 0.1110 0.2155 0.2111 
          56  1 0.0211 0.1418 0.2915 0.2549 0.2907 
          57  1 0.0655 0.1756 0.4040 0.1946 0.1603 
          58  1 0.0226 0.3309 0.1797 0.2361 0.2307 
          59  1 0.0125 0.2572 0.1826 0.2455 0.3022 
          60  1 0.0349 0.3416 0.1775 0.2107 0.2353 
          61  1 0.0069 0.2118 0.3176 0.2479 0.2159 
          62  1 0.0180 0.2385 0.2057 0.2594 0.2785 
          63  1 0.0298 0.2039 0.2640 0.2565 0.2458 
          64  1 0.0242 0.2335 0.2971 0.2252 0.2200 
          65  1 0.0099 0.0748 0.2283 0.3285 0.3585 
          66  1 0.0120 0.1023 0.2625 0.3224 0.3008 
          67  1 0.0150 0.3206 0.1642 0.2717 0.2285 
          68  1 0.0393 0.1677 0.3717 0.2316 0.1897 
          69  1 0.0091 0.2051 0.2885 0.2608 0.2365 
          70  1 0.0165 0.3904 0.1406 0.2177 0.2349 
          71  1 0.0129 0.1488 0.3274 0.2463 0.2646 
          72  1 0.0055 0.1977 0.2183 0.2947 0.2839 
          73  1 0.0426 0.2010 0.2556 0.2515 0.2494 
          74  1 0.0081 0.2655 0.2010 0.2619 0.2635 
          75  1 0.0195 0.1882 0.3054 0.2710 0.2159 
          76  1 0.0894 0.1462 0.3349 0.2282 0.2012 
          77  1 0.1011 0.1992 0.2139 0.2628 0.2230 
          78  1 0.0175 0.1641 0.2218 0.2946 0.3020 
          79  1 0.0089 0.3706 0.1328 0.2422 0.2456 
          80  1 0.0176 0.1735 0.3555 0.2486 0.2048 
          81  1 0.0177 0.3122 0.1971 0.2228 0.2503 
          82  1 0.0081 0.1710 0.4773 0.2184 0.1252 
          83  1 0.0172 0.2199 0.3546 0.1929 0.2154 
          84  1 0.0185 0.2355 0.3779 0.1776 0.1905 
          85  1 0.0147 0.1773 0.3007 0.2774 0.2299 
          86  1 0.0243 0.3406 0.1770 0.2350 0.2231 
          87  1 0.0089 0.1045 0.2492 0.3354 0.3020 
          88  1 0.0228 0.1664 0.2777 0.2831 0.2500 
          89  1 0.0107 0.1746 0.4363 0.2314 0.1470 
          90  1 0.0110 0.2175 0.3003 0.2442 0.2270 
          91  1 0.0106 0.2102 0.2231 0.2862 0.2700 
          92  1 0.0094 0.2176 0.2402 0.2701 0.2626 
          93  1 0.0232 0.3216 0.1556 0.2660 0.2336 
          94  1 0.0062 0.4116 0.1112 0.2145 0.2565 
          95  1 0.0147 0.3417 0.1650 0.2272 0.2514 
          96  1 0.1940 0.2477 0.1786 0.1811 0.1986 
          97  1 0.0117 0.2685 0.1507 0.2629 0.3062 
          98  1 0.0203 0.3023 0.2119 0.2350 0.2305 
          99  1 0.0208 0.2015 0.2970 0.2512 0.2295 
         100  1 0.0265 0.3192 0.2256 0.2183 0.2104 
         101  1 0.0240 0.1801 0.2780 0.2921 0.2258 
         102  1 0.0121 0.2613 0.2100 0.2564 0.2602 
         103  1 0.0506 0.2609 0.1675 0.2424 0.2786 
         104  1 0.0105 0.1008 0.3000 0.3135 0.2752 
         105  1 0.0209 0.0827 0.2492 0.3064 0.3409 
         106  1 0.0199 0.0943 0.2444 0.2945 0.3469 
         107  1 0.0979 0.2294 0.2299 0.2157 0.2271 
         108  1 0.0066 0.4337 0.1034 0.2197 0.2367 
         109  1 0.0331 0.4047 0.1500 0.1949 0.2173 
         110  1 0.0101 0.1434 0.2956 0.2812 0.2698 
         111  1 0.0192 0.2285 0.2070 0.2827 0.2627 
         112  1 0.0129 0.3680 0.1494 0.2383 0.2315 
         113  1 0.0061 0.1688 0.2332 0.3015 0.2903 
         114  1 0.0828 0.2451 0.2557 0.2023 0.2142 
         115  1 0.0102 0.1592 0.2657 0.2575 0.3074 
         116  1 0.0279 0.2056 0.3491 0.2087 0.2087 
         117  1 0.0133 0.1960 0.2179 0.2719 0.3008 
         118  1 0.0181 0.4364 0.1324 0.2047 0.2084 
         119  1 0.0168 0.3940 0.1369 0.2415 0.2108 
         120  1 0.2178 0.2269 0.1645 0.1891 0.2016 
         121  1 0.0740 0.3435 0.1942 0.1879 0.2004 
         122  1 0.0057 0.1654 0.2325 0.3013 0.2950 
         123  1 0.0117 0.2188 0.2676 0.2575 0.2444 
         124  1 0.0205 0.2851 0.2693 0.2039 0.2211 
         125  1 0.0076 0.1053 0.2247 0.3397 0.3226 
         126  1 0.0070 0.2583 0.1678 0.2705 0.2963 
         127  1 0.0300 0.1871 0.2692 0.2871 0.2266 
         128  1 0.0224 0.1615 0.3180 0.2569 0.2412 
         129  1 0.0182 0.1513 0.2443 0.2622 0.3240 
         130  1 0.0169 0.4262 0.1230 0.2171 0.2167 
         131  1 0.0122 0.2377 0.2265 0.2838 0.2398 
         132  1 0.0899 0.2777 0.2410 0.1962 0.1952 
         133  1 0.0073 0.2747 0.1716 0.2631 0.2832 
         134  1 0.0078 0.2236 0.2231 0.2871 0.2584 
         135  1 0.0062 0.5146 0.0837 0.1710 0.2246 
         136  1 0.0060 0.1281 0.2414 0.3254 0.2992 
         137  1 0.0290 0.3548 0.1714 0.2250 0.2198 
         138  1 0.0368 0.2521 0.3183 0.1984 0.1944 
         139  1 0.0157 0.1506 0.2235 0.2911 0.3192 
         140  1 0.0816 0.4205 0.1476 0.1532 0.1972 
         141  1 0.0071 0.1693 0.2675 0.3166 0.2395 
         142  1 0.0152 0.3023 0.2054 0.2524 0.2247 
         143  1 0.5818 0.1128 0.1071 0.0954 0.1029 
         144  1 0.0114 0.1137 0.2725 0.2834 0.3191 
         145  1 0.0522 0.2665 0.2150 0.2082 0.2581 
         146  1 0.0064 0.5383 0.0523 0.1660 0.2370 
         147  1 0.2726 0.1853 0.2468 0.1478 0.1475 
         148  1 0.0202 0.3431 0.1851 0.2417 0.2099 
         149  1 0.0265 0.1572 0.2653 0.3139 0.2371 
         150  1 0.0274 0.2504 0.2625 0.2286 0.2312 
         151  1 0.0200 0.4392 0.1437 0.1823 0.2147 
         152  1 0.0126 0.3673 0.1560 0.2180 0.2462 
         153  1 0.0170 0.1347 0.4703 0.1831 0.1949 
         154  1 0.0067 0.5110 0.0684 0.1842 0.2298 
         155  1 0.0273 0.2036 0.2560 0.2972 0.2159 
         156  1 0.0134 0.2184 0.2339 0.2793 0.2550 
         157  1 0.0371 0.2146 0.2388 0.2775 0.2320 
         158  1 0.0105 0.1553 0.2423 0.2972 0.2948 
         159  1 0.0120 0.2333 0.4768 0.1806 0.0973 
         160  1 0.0086 0.1557 0.2114 0.2899 0.3345 
         161  1 0.0459 0.2164 0.2383 0.2726 0.2268 
         162  1 0.0217 0.2045 0.2323 0.2767 0.2648 
         163  1 0.0130 0.3773 0.1463 0.2269 0.2365 
         164  1 0.0070 0.1435 0.2977 0.2669 0.2849 
         165  1 0.0470 0.1750 0.2429 0.2582 0.2769 
         166  1 0.0230 0.4347 0.1490 0.1632 0.2302 
         167  1 0.0092 0.1712 0.2659 0.2847 0.2690 
         168  1 0.0203 0.3475 0.1811 0.2111 0.2400 
         169  1 0.0576 0.1412 0.2857 0.2596 0.2559 
         170  1 0.0227 0.2525 0.1991 0.2601 0.2656 
         171  1 0.0104 0.2736 0.1943 0.2730 0.2487 
         172  1 0.0164 0.2287 0.2136 0.2846 0.2568 
         173  1 0.0718 0.1793 0.2494 0.2659 0.2336 
         174  1 0.0301 0.2273 0.2804 0.2462 0.2160 
         175  1 0.0212 0.2028 0.2372 0.2769 0.2619 
         176  1 0.0229 0.1816 0.2266 0.2689 0.3000 
         177  1 0.0220 0.2824 0.1731 0.2648 0.2577 
         178  1 0.0534 0.1833 0.2224 0.2836 0.2573 
         179  1 0.0094 0.4765 0.0974 0.1859 0.2308 
         180  1 0.0193 0.1850 0.2682 0.2882 0.2394 
         181  1 0.1740 0.1427 0.2014 0.2372 0.2447 
         182  1 0.0310 0.2603 0.2052 0.2502 0.2533 
         183  1 0.0184 0.1587 0.2849 0.2787 0.2594 
         184  1 0.0415 0.3921 0.1687 0.1929 0.2048 
         185  1 0.0320 0.1488 0.2139 0.2860 0.3193 
         186  1 0.0168 0.1580 0.2808 0.2769 0.2675 
         187  1 0.0202 0.2031 0.3254 0.2234 0.2279 
         188  1 0.0288 0.2242 0.2623 0.2211 0.2636 
         189  1 0.0228 0.4369 0.1252 0.2001 0.2150 
         190  1 0.0163 0.3157 0.1976 0.2125 0.2578 
         191  1 0.0356 0.1951 0.2229 0.2970 0.2493 
         192  1 0.0152 0.3239 0.2173 0.2252 0.2184 
         193  1 0.0881 0.2063 0.3408 0.1983 0.1665 
         194  1 0.0310 0.3431 0.1743 0.2191 0.2325 
         195  1 0.0399 0.3123 0.1752 0.2153 0.2572 
         196  1 0.1446 0.1800 0.2531 0.2075 0.2148 
         197  1 0.0068 0.4531 0.1073 0.2012 0.2317 
         198  1 0.0111 0.4132 0.1426 0.2018 0.2313 
         199  1 0.0118 0.3093 0.1777 0.2472 0.2541 
         200  1 0.0143 0.2425 0.2555 0.2267 0.2609 
         201  1 0.0139 0.1632 0.2399 0.2883 0.2947 
         202  1 0.0890 0.1985 0.3561 0.1894 0.1671 
         203  1 0.0212 0.1643 0.2781 0.3176 0.2188 
         204  1 0.0274 0.1895 0.2296 0.2969 0.2566 
         205  1 0.0088 0.2156 0.1979 0.2560 0.3218 
         206  1 0.0128 0.2149 0.2549 0.2674 0.2501 
         207  1 0.0197 0.3309 0.2230 0.2158 0.2106 
         208  1 0.0523 0.1922 0.2845 0.2489 0.2221 
         209  1 0.0128 0.1983 0.3268 0.2463 0.2157 
         210  1 0.0085 0.1711 0.2286 0.3158 0.2760 
         211  1 0.0087 0.4441 0.1145 0.1946 0.2380 
         212  1 0.0188 0.1609 0.2542 0.2811 0.2850 
         213  1 0.0638 0.2191 0.2970 0.2259 0.1942 
         214  1 0.0110 0.2756 0.2032 0.2791 0.2311 
         215  1 0.0187 0.1774 0.3218 0.2519 0.2302 
         216  1 0.0313 0.3764 0.1719 0.1843 0.2360 
         217  1 0.0332 0.1933 0.3363 0.2305 0.2067 
         218  1 0.0233 0.1682 0.2366 0.2885 0.2835 
         219  1 0.0090 0.1960 0.2337 0.3114 0.2499 
         220  1 0.0267 0.1910 0.3912 0.2225 0.1686 
         221  1 0.0074 0.2436 0.2214 0.2557 0.2719 
         222  1 0.0064 0.1220 0.2205 0.2877 0.3634 
         223  1 0.0275 0.3030 0.1803 0.2344 0.2548 
         224  1 0.0087 0.4300 0.1366 0.1741 0.2506 
         225  1 0.0067 0.3247 0.1802 0.2639 0.2246 
         226  1 0.0124 0.1403 0.2864 0.2649 0.2960 
         227  1 0.0105 0.1651 0.3550 0.2371 0.2322 
         228  1 0.0382 0.1105 0.2677 0.2823 0.3012 
         229  1 0.0089 0.4873 0.0815 0.1830 0.2392 
         230  1 0.0205 0.1783 0.3260 0.2516 0.2236 
         231  1 0.0261 0.2283 0.3112 0.2127 0.2216 
         232  1 0.0086 0.1235 0.2044 0.2950 0.3686 
         233  1 0.0218 0.2877 0.2913 0.2089 0.1902 
         234  1 0.0110 0.2926 0.2230 0.2468 0.2266 
         235  1 0.0194 0.1107 0.2881 0.3049 0.2768 
         236  1 0.0630 0.1755 0.2715 0.2717 0.2183 
         237  1 0.0077 0.2076 0.2712 0.2534 0.2601 
         238  1 0.0256 0.3377 0.2152 0.2039 0.2176 
         239  1 0.1138 0.1747 0.2993 0.2232 0.1889 
         240  1 0.0074 0.3384 0.1596 0.2487 0.2459 
         241  1 0.0076 0.3341 0.1498 0.2485 0.2600 
         242  1 0.0256 0.2631 0.2574 0.2233 0.2306 
         243  1 0.0146 0.3446 0.1551 0.2276 0.2581 
         244  1 0.0411 0.2454 0.2165 0.2500 0.2470 
         245  1 0.0085 0.1907 0.2549 0.3084 0.2375 
         246  1 0.1501 0.1797 0.2441 0.2259 0.2003 
         247  1 0.0170 0.1852 0.2978 0.2636 0.2364 
         248  1 0.0402 0.2636 0.1973 0.2385 0.2604 
         249  1 0.0285 0.2014 0.4046 0.1976 0.1679 
         250  1 0.0140 0.1970 0.2602 0.2605 0.2682 
         251  1 0.0102 0.3951 0.1324 0.2249 0.2374 
         252  1 0.5157 0.1163 0.1247 0.1194 0.1239 
         253  1 0.0596 0.4445 0.1355 0.1667 0.1937 
         254  1 0.0081 0.2192 0.2299 0.2774 0.2654 
         255  1 0.0185 0.3001 0.1771 0.2639 0.2404 
         256  1 0.0105 0.2562 0.1970 0.2469 0.2894 
         257  1 0.0084 0.1059 0.2040 0.3258 0.3558 
         258  1 0.0162 0.2658 0.2279 0.2349 0.2553 
         259  1 0.0385 0.3692 0.1812 0.1966 0.2146 
         260  1 0.0107 0.2338 0.2131 0.2717 0.2707 
         261  1 0.0237 0.1393 0.2673 0.2985 0.2713 
         262  1 0.0446 0.1835 0.2494 0.2470 0.2754 
         263  1 0.0363 0.2086 0.2643 0.2391 0.2516 
         264  1 0.0192 0.2544 0.1791 0.2597 0.2876 
         265  1 0.0150 0.3041 0.1773 0.2342 0.2693 
         266  1 0.0128 0.2890 0.1791 0.2843 0.2349 
         267  1 0.0711 0.2042 0.2388 0.2697 0.2162 
         268  1 0.0132 0.2286 0.2693 0.2500 0.2389 
         269  1 0.0113 0.3523 0.1628 0.2168 0.2568 
         270  1 0.0064 0.2083 0.2120 0.2667 0.3065 
         271  1 0.0136 0.2856 0.1873 0.2819 0.2316 
         272  1 0.0277 0.4885 0.1071 0.1587 0.2181 
         273  1 0.0225 0.2836 0.2301 0.2094 0.2545 
         274  1 0.0361 0.1694 0.3158 0.2631 0.2155 
         275  1 0.0106 0.1668 0.3146 0.2801 0.2280 
         276  1 0.0154 0.1280 0.2718 0.2566 0.3282 
         277  1 0.0072 0.4966 0.0853 0.1923 0.2186 
         278  1 0.0090 0.5453 0.0468 0.1661 0.2328 
         279  1 0.0230 0.3017 0.1769 0.2587 0.2397 
         280  1 0.0114 0.1922 0.2204 0.2869 0.2891 
         281  1 0.0239 0.2996 0.1799 0.2515 0.2451 
         282  1 0.0192 0.3852 0.1385 0.2107 0.2463 
         283  1 0.0160 0.3828 0.1137 0.2390 0.2484 
         284  1 0.0089 0.3676 0.1898 0.2168 0.2170 
         285  1 0.0176 0.1693 0.3339 0.2504 0.2289 
         286  1 0.0201 0.2163 0.3443 0.2129 0.2063 
         287  1 0.0113 0.2964 0.1562 0.2405 0.2955 
         288  1 0.0193 0.3072 0.2042 0.2319 0.2374 
         289  1 0.0181 0.2954 0.1877 0.2423 0.2566 
         290  1 0.0250 0.5118 0.0899 0.1633 0.2100 
         291  1 0.0316 0.2225 0.2390 0.2810 0.2258 
         292  1 0.0094 0.2894 0.2087 0.2509 0.2416 
         293  1 0.0098 0.2190 0.2917 0.2615 0.2181 
         294  1 0.0252 0.4544 0.0866 0.2064 0.2274 
         295  1 0.0189 0.2672 0.2073 0.2412 0.2653 
         296  1 0.0276 0.1478 0.2986 0.2384 0.2876 
         297  1 0.1079 0.1253 0.2654 0.2787 0.2227 
         298  1 0.0170 0.1329 0.2622 0.3272 0.2606 
         299  1 0.0060 0.0977 0.2503 0.3316 0.3144 
         300  1 0.0309 0.2344 0.2650 0.2366 0.2331 
         301  1 0.0245 0.2653 0.2428 0.2177 0.2497 
         302  1 0.0149 0.1167 0.2144 0.2917 0.3623 
         303  1 0.0532 0.2082 0.2552 0.2733 0.2101 
         304  1 0.0152 0.4333 0.1501 0.1887 0.2128 
         305  1 0.0100 0.4724 0.1345 0.1731 0.2100 
         306  1 0.0121 0.1630 0.2011 0.2787 0.3452 
         307  1 0.0217 0.1935 0.2893 0.2489 0.2466 
         308  1 0.0181 0.2818 0.3854 0.1534 0.1613 
         309  1 0.0125 0.4811 0.0935 0.1683 0.2445 
         310  1 0.0151 0.2338 0.2198 0.2628 0.2685 
         311  1 0.0248 0.1781 0.3592 0.2301 0.2077 
         312  1 0.0212 0.2218 0.4530 0.1740 0.1301 
         313  1 0.0190 0.3415 0.1846 0.2316 0.2234 
         314  1 0.0094 0.1285 0.2865 0.2953 0.2804 
         315  1 0.0625 0.2295 0.2438 0.2265 0.2378 
         316  1 0.0566 0.1737 0.3819 0.1976 0.1901 
         317  1 0.0655 0.1632 0.2306 0.2907 0.2502 
         318  1 0.0121 0.1320 0.2958 0.2943 0.2658 
         319  1 0.0099 0.4423 0.1136 0.2224 0.2118 
         320  1 0.0077 0.2132 0.1965 0.2788 0.3038 
         321  1 0.0153 0.1843 0.2093 0.2777 0.3134 
         322  1 0.0283 0.3710 0.1452 0.2250 0.2306 
         323  1 0.0153 0.4377 0.1100 0.1952 0.2417 
         324  1 0.0145 0.1903 0.3552 0.2245 0.2155 
         325  1 0.0062 0.1879 0.1876 0.2788 0.3395 
         326  1 0.0081 0.3155 0.1950 0.2210 0.2604 
         327  1 0.0305 0.2243 0.2924 0.2353 0.2174 
         328  1 0.0854 0.2126 0.2489 0.2410 0.2121 
         329  1 0.0094 0.3639 0.2118 0.1855 0.2293 
         330  1 0.0319 0.2510 0.1896 0.2674 0.2601 
         331  1 0.0164 0.2797 0.1892 0.2349 0.2799 
         332  1 0.0249 0.2889 0.1964 0.2547 0.2352 
         333  1 0.0221 0.2034 0.2486 0.2944 0.2315 
         334  1 0.1254 0.1843 0.2076 0.2757 0.2070 
         335  1 0.0074 0.2161 0.1989 0.3113 0.2662 
         336  1 0.0128 0.3470 0.1560 0.2189 0.2653 
         337  1 0.0369 0.2625 0.1904 0.2415 0.2687 
         338  1 0.0357 0.3480 0.1705 0.1947 0.2512 
         339  1 0.1074 0.2478 0.2003 0.2023 0.2422 
         340  1 0.0168 0.1058 0.3361 0.2685 0.2728 
         341  1 0.0164 0.1915 0.2175 0.2837 0.2909 
         342  1 0.4577 0.1133 0.1902 0.1274 0.1114 
         343  1 0.0276 0.1742 0.2435 0.3031 0.2516 
         344  1 0.0234 0.1608 0.2588 0.2703 0.2868 
         345  1 0.0351 0.2547 0.1762 0.2443 0.2897 
         346  1 0.0191 0.2069 0.2340 0.3016 0.2385 
         347  1 0.0514 0.2298 0.3658 0.1935 0.1596 
         348  1 0.0058 0.1422 0.2902 0.2736 0.2881 
         349  1 0.1595 0.1712 0.2954 0.1778 0.1961 
         350  1 0.0178 0.1793 0.2667 0.2881 0.2481 
         351  1 0.0108 0.1525 0.2202 0.2903 0.3262 
         352  1 0.0068 0.3298 0.1726 0.2289 0.2619 
         353  1 0.0091 0.2962 0.2095 0.2612 0.2241 
         354  1 0.0127 0.1966 0.2496 0.2586 0.2826 
         355  1 0.0173 0.1817 0.3555 0.2607 0.1847 
         356  1 0.0527 0.1879 0.3183 0.2497 0.1915 
         357  1 0.0117 0.2188 0.2573 0.2366 0.2755 
         358  1 0.0077 0.0991 0.2687 0.3397 0.2849 
         359  1 0.2219 0.1918 0.1873 0.1908 0.2083 
         360  1 0.0182 0.1490 0.2852 0.2774 0.2702 
         361  1 0.1375 0.1850 0.3197 0.1886 0.1693 
         362  1 0.0282 0.2157 0.4098 0.1877 0.1587 
         363  1 0.0079 0.1257 0.2932 0.3072 0.2660 
         364  1 0.0531 0.2876 0.1683 0.2294 0.2615 
         365  1 0.1376 0.1512 0.2222 0.2500 0.2389 
         366  1 0.0227 0.1893 0.2693 0.2732 0.2455 
         367  1 0.0185 0.3630 0.1635 0.2174 0.2376 
         368  1 0.0134 0.4227 0.1171 0.2176 0.2291 
         369  1 0.0088 0.2519 0.3710 0.1902 0.1781 
         370  1 0.0100 0.2870 0.1959 0.2399 0.2673 
         371  1 0.0117 0.1720 0.2713 0.2758 0.2692 
         372  1 0.0899 0.2251 0.4027 0.1674 0.1150 
         373  1 0.0850 0.2113 0.3727 0.1599 0.1710 
         374  1 0.0730 0.3209 0.1604 0.2210 0.2247 
         375  1 0.0196 0.2784 0.2348 0.2185 0.2487 
         376  1 0.0094 0.2255 0.1864 0.2577 0.3210 
         377  1 0.0228 0.1263 0.2068 0.2783 0.3657 
         378  1 0.0187 0.2207 0.2184 0.2482 0.2940 
         379  1 0.0235 0.1649 0.3403 0.2596 0.2116 
         380  1 0.0106 0.3295 0.1583 0.2496 0.2520 
         381  1 0.0159 0.2057 0.2312 0.2694 0.2777 
         382  1 0.0122 0.2347 0.2328 0.2755 0.2447 
         383  1 0.0124 0.2176 0.3087 0.2419 0.2195 
         384  1 0.0141 0.1938 0.2209 0.2667 0.3046 
         385  1 0.0178 0.2996 0.2201 0.2151 0.2474 
         386  1 0.0188 0.1394 0.2963 0.2505 0.2950 
         387  1 0.0216 0.2831 0.1691 0.2451 0.2810 
         388  1 0.0663 0.1266 0.3080 0.2929 0.2062 
         389  1 0.0086 0.2314 0.2812 0.2502 0.2286 
         390  1 0.0108 0.1898 0.2074 0.2715 0.3205 
         391  1 0.0166 0.3396 0.1861 0.2578 0.1999 
         392  1 0.0230 0.2088 0.2811 0.2338 0.2533 
         393  1 0.0134 0.2007 0.2306 0.2692 0.2861 
         394  1 0.0262 0.1559 0.2650 0.2806 0.2722 
         395  1 0.1696 0.2281 0.2040 0.1922 0.2060 
         396  1 0.0073 0.2262 0.2359 0.2829 0.2478 
         397  1 0.0222 0.1826 0.2541 0.2911 0.2501 
         398  1 0.0214 0.3555 0.1741 0.2018 0.2472 
         399  1 0.0137 0.1362 0.1977 0.2753 0.3771 
         400  1 0.0294 0.1397 0.2565 0.2648 0.3097 
         401  1 0.0141 0.2576 0.2345 0.2280 0.2657 
         402  1 0.1734 0.1857 0.1907 0.2475 0.2027 
         403  1 0.0244 0.1890 0.2254 0.3246 0.2366 
         404  1 0.7531 0.0525 0.0626 0.0637 0.0681 
         405  1 0.0546 0.1050 0.3038 0.2405 0.2961 
         406  1 0.0840 0.1875 0.3258 0.2144 0.1883 
         407  1 0.6208 0.0618 0.1285 0.0893 0.0996 
         408  1 0.0163 0.3314 0.1817 0.2271 0.2435 
         409  1 0.1651 0.3798 0.1387 0.1300 0.1864 
         410  1 0.0134 0.1331 0.1994 0.2769 0.3772 
         411  1 0.0142 0.1795 0.2985 0.2698 0.2379 
         412  1 0.0312 0.3737 0.1487 0.1998 0.2465 
         413  1 0.1267 0.2205 0.2771 0.1909 0.1848 
         414  1 0.0310 0.2420 0.2282 0.2665 0.2324 
         415  1 0.0101 0.4015 0.1555 0.1936 0.2394 
         416  1 0.0088 0.1026 0.2531 0.3409 0.2946 
         417  1 0.0149 0.1630 0.3743 0.2507 0.1971 
         418  1 0.0127 0.1556 0.4017 0.2177 0.2123 
         419  1 0.0505 0.4044 0.1746 0.1591 0.2115 
         420  1 0.0584 0.1330 0.2605 0.2680 0.2800 
         421  1 0.0103 0.2104 0.4174 0.2104 0.1515 
         422  1 0.0113 0.0974 0.2540 0.2883 0.3489 
         423  1 0.0240 0.2319 0.2449 0.2769 0.2222 
         424  1 0.0081 0.1706 0.2163 0.2825 0.3225 
         425  1 0.0126 0.0732 0.2922 0.2989 0.3231 
         426  1 0.0423 0.1854 0.2569 0.2603 0.2553 
         427  1 0.0230 0.1046 0.3086 0.2573 0.3065 
         428  1 0.0298 0.2238 0.2375 0.2550 0.2539 
         429  1 0.0159 0.0835 0.3028 0.2752 0.3227 
         430  1 0.0118 0.2487 0.2548 0.2320 0.2528 
         431  1 0.0130 0.2051 0.5239 0.1600 0.0980 
         432  1 0.5707 0.0791 0.1334 0.1192 0.0976 
         433  1 0.0540 0.2034 0.2196 0.2755 0.2476 
         434  1 0.0213 0.2430 0.2740 0.2055 0.2563 
         435  1 0.0183 0.1487 0.2832 0.2970 0.2528 
         436  1 0.0215 0.1203 0.2686 0.2743 0.3153 
         437  1 0.0091 0.1937 0.3135 0.2515 0.2322 
         438  1 0.0134 0.1251 0.3062 0.2942 0.2610 
         439  1 0.5274 0.1076 0.1425 0.1156 0.1068 
         440  1 0.0616 0.1481 0.3562 0.2595 0.1746 
         441  1 0.0273 0.2652 0.2865 0.2145 0.2065 
         442  1 0.0152 0.4915 0.0889 0.1719 0.2326 
         443  1 0.0527 0.3222 0.2276 0.1697 0.2278 
         444  1 0.0357 0.1640 0.2568 0.2777 0.2658 
         445  1 0.1267 0.1309 0.3497 0.1881 0.2047 
         446  1 0.1163 0.2000 0.2535 0.2024 0.2279 
         447  1 0.0262 0.1875 0.3125 0.2297 0.2441 
         448  1 0.1216 0.1647 0.2471 0.2348 0.2317 
         449  1 0.1275 0.2329 0.2730 0.1713 0.1953 
         450  1 0.0804 0.1950 0.3528 0.1825 0.1892 
         451  1 0.0210 0.4723 0.1023 0.1650 0.2393 
         452  1 0.0600 0.1163 0.3082 0.2453 0.2702 
         453  1 0.1116 0.1101 0.2816 0.2380 0.2587 
         454  1 0.1674 0.2173 0.2778 0.1629 0.1746 
         455  1 0.1156 0.2697 0.2260 0.1908 0.1979 
         456  1 0.1680 0.2331 0.2170 0.1808 0.2010 
         457  1 0.0976 0.1493 0.3337 0.2021 0.2172 
         458  1 0.0900 0.2057 0.2649 0.2137 0.2258 
         459  1 0.0146 0.3198 0.2078 0.2064 0.2514 
         460  1 0.0136 0.5022 0.0946 0.1629 0.2267 
         461  1 0.1394 0.1630 0.3627 0.1913 0.1436 
         462  1 0.9607 0.0099 0.0103 0.0098 0.0093 
         463  1 0.9559 0.0096 0.0125 0.0111 0.0109 
         464  1 0.9243 0.0176 0.0198 0.0206 0.0177 
         465  1 0.2307 0.1829 0.3911 0.1189 0.0763 
         466  1 0.8791 0.0214 0.0359 0.0323 0.0313 
         467  1 0.3844 0.1428 0.1739 0.1387 0.1602 
         468  1 0.3590 0.1330 0.1853 0.1760 0.1467 
         469  1 0.2431 0.1516 0.2913 0.1741 0.1400 
         470  1 0.7420 0.0546 0.0891 0.0631 0.0512 
         471  1 0.3592 0.1554 0.1946 0.1347 0.1560 
         472  1 0.2927 0.1190 0.2148 0.2009 0.1726 
         473  1 0.2678 0.1295 0.2178 0.1733 0.2116 
         474  1 0.9313 0.0164 0.0171 0.0176 0.0176 
         475  1 0.6107 0.0726 0.1952 0.0667 0.0548 
         476  1 0.8936 0.0287 0.0267 0.0265 0.0245 
         477  1 0.9123 0.0252 0.0222 0.0200 0.0203 
         478  1 0.3215 0.1345 0.1749 0.1778 0.1913 
         479  1 0.9273 0.0166 0.0193 0.0179 0.0190 
         480  1 0.9376 0.0155 0.0155 0.0160 0.0153 
         481  1 0.9179 0.0210 0.0206 0.0216 0.0189 
         482  1 0.9648 0.0092 0.0087 0.0086 0.0088 
         483  1 0.9117 0.0225 0.0230 0.0216 0.0212 
         484  1 0.0987 0.1684 0.2681 0.2463 0.2185 
         485  1 0.7629 0.0508 0.0700 0.0625 0.0538 
         486  1 0.8535 0.0420 0.0450 0.0300 0.0295 
         487  1 0.9601 0.0101 0.0108 0.0100 0.0090 
         488  1 0.8971 0.0255 0.0301 0.0235 0.0239 
         489  1 0.5293 0.1003 0.1889 0.1000 0.0815 
         490  1 0.2803 0.1146 0.2292 0.1995 0.1764 
         491  1 0.9239 0.0179 0.0211 0.0189 0.0182 
         492  1 0.7968 0.0416 0.0611 0.0530 0.0475 
         493  1 0.9484 0.0116 0.0135 0.0137 0.0128 
         494  1 0.9655 0.0085 0.0088 0.0091 0.0081 
         495  1 0.9674 0.0083 0.0081 0.0080 0.0082 
         496  1 0.9030 0.0254 0.0230 0.0248 0.0239 
         497  1 0.0615 0.3180 0.2783 0.1520 0.1902 
         498  1 0.4484 0.1355 0.1456 0.1302 0.1403 
         499  1 0.9346 0.0151 0.0203 0.0153 0.0147 
         500  1 0.5559 0.1150 0.1522 0.0839 0.0930 
         501  1 0.9564 0.0099 0.0105 0.0116 0.0115 
         502  1 0.9435 0.0141 0.0150 0.0140 0.0134 
         503  1 0.9607 0.0091 0.0111 0.0096 0.0096 
         504  1 0.9364 0.0136 0.0169 0.0161 0.0169 
         505  1 0.7493 0.0568 0.0659 0.0655 0.0624 
         506  1 0.8070 0.0528 0.0479 0.0435 0.0488 
         507  1 0.9212 0.0222 0.0227 0.0173 0.0166 
         508  1 0.6167 0.0763 0.1148 0.0942 0.0980 
         509  1 0.9700 0.0074 0.0079 0.0071 0.0077 
         510  1 0.9364 0.0158 0.0157 0.0160 0.0161 
         511  1 0.9545 0.0118 0.0113 0.0113 0.0111 
         512  1 0.9222 0.0197 0.0192 0.0198 0.0190 
         513  1 0.0592 0.2334 0.2356 0.2460 0.2258 
         514  1 0.9531 0.0137 0.0107 0.0112 0.0112 
         515  1 0.7835 0.0373 0.0732 0.0603 0.0456 
         516  1 0.4571 0.1086 0.1750 0.1434 0.1159 
         517  1 0.9391 0.0166 0.0149 0.0148 0.0146 
         518  1 0.9635 0.0095 0.0094 0.0087 0.0089 
         519  1 0.9344 0.0169 0.0160 0.0161 0.0166 
         520  1 0.8845 0.0247 0.0310 0.0287 0.0311 
         521  1 0.9560 0.0115 0.0120 0.0105 0.0101 
         522  1 0.9655 0.0084 0.0087 0.0088 0.0086 
         523  1 0.5861 0.0709 0.1310 0.0954 0.1167 
         524  1 0.8918 0.0244 0.0314 0.0276 0.0247 
         525  1 0.9119 0.0241 0.0219 0.0198 0.0224 
         526  1 0.9107 0.0227 0.0225 0.0219 0.0222 
         527  1 0.8850 0.0220 0.0290 0.0323 0.0316 
         528  1 0.8968 0.0224 0.0306 0.0232 0.0270 
         529  1 0.6847 0.0521 0.0950 0.0912 0.0770 
         530  1 0.9627 0.0092 0.0097 0.0093 0.0091 
         531  1 0.9010 0.0278 0.0231 0.0246 0.0235 
         532  1 0.9352 0.0164 0.0167 0.0159 0.0158 
         533  1 0.9434 0.0141 0.0151 0.0131 0.0144 
         534  1 0.9136 0.0209 0.0259 0.0195 0.0202 
         535  1 0.9434 0.0144 0.0139 0.0139 0.0145 
         536  1 0.9707 0.0070 0.0078 0.0073 0.0072 
         537  1 0.9623 0.0096 0.0093 0.0098 0.0090 
         538  1 0.9694 0.0081 0.0077 0.0073 0.0075 
         539  1 0.9733 0.0067 0.0065 0.0067 0.0067 
         540  1 0.9084 0.0267 0.0208 0.0207 0.0234 
         541  1 0.1718 0.1562 0.2863 0.2126 0.1732 
         542  1 0.9551 0.0117 0.0115 0.0107 0.0110 
         543  1 0.8704 0.0321 0.0342 0.0308 0.0325 
         544  1 0.9326 0.0179 0.0162 0.0163 0.0170 
         545  1 0.9702 0.0076 0.0081 0.0072 0.0069 
         546  1 0.5904 0.1078 0.1074 0.0960 0.0985 
         547  1 0.8381 0.0431 0.0406 0.0368 0.0415 
         548  1 0.9406 0.0149 0.0146 0.0151 0.0149 
         549  1 0.9376 0.0165 0.0150 0.0153 0.0156 
         550  1 0.9660 0.0083 0.0088 0.0085 0.0084 
         551  1 0.1109 0.1757 0.2430 0.2701 0.2003 
         552  1 0.9328 0.0144 0.0187 0.0177 0.0164 
         553  1 0.4888 0.1500 0.1321 0.1067 0.1224 
         554  1 0.7890 0.0432 0.0759 0.0447 0.0472 
         555  1 0.9625 0.0092 0.0096 0.0097 0.0091 
         556  1 0.8851 0.0213 0.0361 0.0289 0.0285 
         557  1 0.9687 0.0069 0.0086 0.0081 0.0077 
         558  1 0.8234 0.0412 0.0525 0.0419 0.0409 
         559  1 0.5483 0.0910 0.1222 0.1299 0.1085 
         560  1 0.8691 0.0295 0.0385 0.0306 0.0323 
         561  1 0.8237 0.0391 0.0538 0.0420 0.0414 
         562  1 0.9715 0.0072 0.0076 0.0073 0.0064 
         563  1 0.9503 0.0113 0.0132 0.0133 0.0118 
         564  1 0.9507 0.0133 0.0117 0.0123 0.0121 
         565  1 0.8599 0.0314 0.0391 0.0343 0.0354 
         566  1 0.3332 0.1418 0.2118 0.1508 0.1623 
         567  1 0.9394 0.0162 0.0157 0.0139 0.0149 
         568  1 0.8346 0.0360 0.0494 0.0440 0.0360 
         569  1 0.9409 0.0163 0.0144 0.0145 0.0140 
         570  1 0.3271 0.3420 0.0732 0.1055 0.1522 
         571  1 0.3558 0.1085 0.2347 0.1652 0.1358 
         572  1 0.8923 0.0222 0.0316 0.0277 0.0263 
         573  1 0.0109 0.2192 0.2915 0.2348 0.2437 
         574  1 0.1055 0.1603 0.2849 0.2339 0.2155 
         575  1 0.0640 0.1731 0.2569 0.2755 0.2304 
         576  1 0.0285 0.1025 0.3291 0.2552 0.2847 
         577  1 0.0187 0.1064 0.2759 0.2742 0.3248 
         578  1 0.2172 0.1648 0.3082 0.1507 0.1591 
         579  1 0.8793 0.0232 0.0298 0.0343 0.0335 
         580  1 0.5985 0.0962 0.1239 0.0892 0.0923 
         581  1 0.9541 0.0118 0.0110 0.0120 0.0111 
         582  1 0.0306 0.4472 0.1529 0.1521 0.2172 
         583  1 0.9407 0.0139 0.0155 0.0143 0.0156 
         584  1 0.6066 0.1029 0.1300 0.0837 0.0769 
         585  1 0.4940 0.1181 0.1460 0.1252 0.1168 
         586  1 0.9475 0.0126 0.0147 0.0127 0.0124 
         587  1 0.9271 0.0218 0.0159 0.0168 0.0183 
         588  1 0.9544 0.0129 0.0107 0.0113 0.0106 
         589  1 0.7710 0.0604 0.0653 0.0489 0.0543 
         590  1 0.9446 0.0170 0.0132 0.0125 0.0128 
         591  1 0.9460 0.0120 0.0147 0.0136 0.0137 
         592  1 0.8240 0.0434 0.0521 0.0400 0.0405 
         593  1 0.9520 0.0119 0.0133 0.0110 0.0118 
         594  1 0.3576 0.1034 0.1918 0.1814 0.1657 
         595  1 0.8131 0.0461 0.0478 0.0490 0.0440 
         596  1 0.9717 0.0071 0.0071 0.0070 0.0071 
         597  1 0.9449 0.0141 0.0155 0.0126 0.0129 
         598  1 0.5892 0.1219 0.1031 0.0816 0.1042 
         599  1 0.9652 0.0089 0.0092 0.0084 0.0083 
         600  1 0.9464 0.0129 0.0134 0.0146 0.0127 
         601  1 0.9639 0.0093 0.0085 0.0092 0.0091 
         602  1 0.7918 0.0446 0.0634 0.0442 0.0560 
         603  1 0.8792 0.0252 0.0368 0.0290 0.0298 
         604  1 0.5310 0.1570 0.0893 0.0984 0.1244 
         605  1 0.8968 0.0267 0.0287 0.0239 0.0238 
         606  1 0.8722 0.0417 0.0323 0.0277 0.0261 
         607  1 0.9722 0.0069 0.0075 0.0069 0.0064 
         608  1 0.5745 0.0864 0.1327 0.1101 0.0963 
         609  1 0.9061 0.0234 0.0256 0.0224 0.0225 
         610  1 0.9219 0.0209 0.0231 0.0180 0.0161 
         611  1 0.7306 0.0505 0.0849 0.0689 0.0650 
         612  1 0.0777 0.1797 0.3751 0.2004 0.1671 
         613  1 0.9586 0.0102 0.0103 0.0105 0.0104 
         614  1 0.9621 0.0087 0.0104 0.0097 0.0090 
         615  1 0.9574 0.0095 0.0122 0.0105 0.0103 
         616  1 0.8295 0.0431 0.0516 0.0332 0.0425 
         617  1 0.9333 0.0201 0.0154 0.0156 0.0156 
         618  1 0.8104 0.0464 0.0598 0.0411 0.0424 
         619  1 0.9445 0.0149 0.0132 0.0128 0.0146 
         620  1 0.9230 0.0181 0.0214 0.0199 0.0176 
         621  1 0.0624 0.3561 0.1390 0.1932 0.2493 
         622  1 0.9432 0.0156 0.0156 0.0127 0.0129 
         623  1 0.9043 0.0253 0.0259 0.0216 0.0229 
