           1  1 0.0352 0.0386 0.8795 0.0467 
           2  1 0.0350 0.0289 0.9134 0.0226 
           3  1 0.0194 0.0196 0.9384 0.0226 
           4  1 0.0267 0.0221 0.9242 0.0270 
           5  1 0.0157 0.0160 0.9524 0.0159 
           6  1 0.0148 0.0176 0.9506 0.0170 
           7  1 0.0365 0.0281 0.9029 0.0325 
           8  1 0.0178 0.0180 0.9468 0.0175 
           9  1 0.0162 0.0175 0.9476 0.0187 
          10  1 0.0154 0.0127 0.9598 0.0121 
          11  1 0.0196 0.0198 0.9382 0.0224 
          12  1 0.1528 0.2056 0.3123 0.3294 
          13  1 0.0417 0.0416 0.8626 0.0542 
          14  1 0.1368 0.1352 0.5464 0.1816 
          15  1 0.0922 0.1180 0.6868 0.1030 
          16  1 0.2855 0.3397 0.0104 0.3644 
          17  1 0.4962 0.3326 0.0090 0.1622 
          18  1 0.4900 0.3271 0.0114 0.1715 
          19  1 0.4629 0.3139 0.0370 0.1862 
          20  1 0.1757 0.2509 0.0115 0.5619 
          21  1 0.5647 0.3015 0.0134 0.1203 
          22  1 0.3387 0.2499 0.2187 0.1927 
          23  1 0.3161 0.3427 0.0566 0.2846 
          24  1 0.3968 0.3094 0.0271 0.2667 
          25  1 0.3315 0.3332 0.0238 0.3115 
          26  1 0.2341 0.2494 0.0602 0.4563 
          27  1 0.3248 0.3039 0.0166 0.3548 
          28  1 0.4250 0.3283 0.0096 0.2371 
          29  1 0.3093 0.3625 0.0117 0.3165 
          30  1 0.5442 0.3152 0.0206 0.1200 
          31  1 0.1145 0.1497 0.5668 0.1690 
          32  1 0.5173 0.3156 0.0123 0.1547 
          33  1 0.4509 0.3113 0.0138 0.2240 
          34  1 0.1490 0.1376 0.5639 0.1496 
          35  1 0.2278 0.3300 0.0571 0.3851 
          36  1 0.3299 0.3538 0.0397 0.2766 
          37  1 0.2185 0.2716 0.0734 0.4364 
          38  1 0.4049 0.3528 0.0158 0.2266 
          39  1 0.3668 0.3183 0.0124 0.3025 
          40  1 0.4174 0.2806 0.0105 0.2915 
          41  1 0.2852 0.3072 0.0189 0.3887 
          42  1 0.3287 0.2749 0.0223 0.3741 
          43  1 0.1753 0.2794 0.0305 0.5148 
          44  1 0.3626 0.3463 0.0090 0.2820 
          45  1 0.2246 0.2784 0.0185 0.4785 
          46  1 0.3607 0.3192 0.0268 0.2933 
          47  1 0.2182 0.3480 0.0277 0.4060 
          48  1 0.3863 0.2819 0.0454 0.2863 
          49  1 0.4378 0.3100 0.0510 0.2013 
          50  1 0.1831 0.2999 0.0719 0.4452 
          51  1 0.2246 0.2919 0.0436 0.4399 
          52  1 0.3797 0.3279 0.0598 0.2326 
          53  1 0.5478 0.2961 0.0250 0.1311 
          54  1 0.2239 0.2964 0.0120 0.4676 
          55  1 0.5668 0.3234 0.0089 0.1010 
          56  1 0.2656 0.3743 0.0226 0.3374 
          57  1 0.1194 0.2498 0.0854 0.5454 
          58  1 0.4679 0.2906 0.0226 0.2189 
          59  1 0.4000 0.3736 0.0135 0.2129 
          60  1 0.4323 0.2824 0.0357 0.2496 
          61  1 0.2174 0.2910 0.0068 0.4848 
          62  1 0.3769 0.3440 0.0180 0.2611 
          63  1 0.2675 0.3083 0.0355 0.3887 
          64  1 0.3463 0.3027 0.0220 0.3290 
          65  1 0.2420 0.4257 0.0099 0.3224 
          66  1 0.2502 0.3734 0.0125 0.3639 
          67  1 0.4967 0.3113 0.0163 0.1757 
          68  1 0.1528 0.2791 0.0530 0.5150 
          69  1 0.2912 0.3517 0.0088 0.3482 
          70  1 0.5139 0.3347 0.0167 0.1348 
          71  1 0.1809 0.3141 0.0150 0.4900 
          72  1 0.3956 0.3504 0.0059 0.2482 
          73  1 0.3082 0.3453 0.0505 0.2961 
          74  1 0.4017 0.3657 0.0079 0.2247 
          75  1 0.2608 0.2989 0.0218 0.4186 
          76  1 0.1384 0.2854 0.0978 0.4783 
          77  1 0.3285 0.2911 0.1435 0.2368 
          78  1 0.2576 0.3921 0.0179 0.3324 
          79  1 0.4221 0.3579 0.0091 0.2108 
          80  1 0.1771 0.2640 0.0175 0.5414 
          81  1 0.4280 0.3256 0.0180 0.2285 
          82  1 0.1060 0.2210 0.0084 0.6646 
          83  1 0.2460 0.2768 0.0194 0.4577 
          84  1 0.3153 0.2881 0.0202 0.3764 
          85  1 0.2760 0.3349 0.0166 0.3725 
          86  1 0.4970 0.3180 0.0255 0.1595 
          87  1 0.2639 0.3910 0.0092 0.3359 
          88  1 0.2435 0.3141 0.0260 0.4164 
          89  1 0.1010 0.2245 0.0117 0.6628 
          90  1 0.2323 0.2939 0.0120 0.4618 
          91  1 0.3546 0.3663 0.0117 0.2674 
          92  1 0.3669 0.3622 0.0089 0.2620 
          93  1 0.5012 0.3114 0.0245 0.1629 
          94  1 0.4926 0.3406 0.0065 0.1604 
          95  1 0.4268 0.3367 0.0152 0.2214 
          96  1 0.2710 0.2565 0.2411 0.2315 
          97  1 0.3931 0.4120 0.0127 0.1822 
          98  1 0.4189 0.3376 0.0201 0.2235 
          99  1 0.2923 0.3400 0.0226 0.3451 
         100  1 0.3589 0.2977 0.0267 0.3168 
         101  1 0.2720 0.3251 0.0266 0.3763 
         102  1 0.3327 0.3058 0.0124 0.3491 
         103  1 0.3826 0.3645 0.0528 0.2001 
         104  1 0.2082 0.3628 0.0104 0.4186 
         105  1 0.1878 0.3719 0.0225 0.4178 
         106  1 0.1911 0.3768 0.0215 0.4107 
         107  1 0.2305 0.2636 0.1126 0.3933 
         108  1 0.4869 0.3601 0.0071 0.1460 
         109  1 0.4854 0.3115 0.0332 0.1699 
         110  1 0.2267 0.3551 0.0101 0.4081 
         111  1 0.4121 0.3147 0.0208 0.2524 
         112  1 0.5093 0.3308 0.0137 0.1462 
         113  1 0.2954 0.3715 0.0063 0.3268 
         114  1 0.2310 0.2607 0.0942 0.4141 
         115  1 0.2918 0.4040 0.0101 0.2940 
         116  1 0.1343 0.2893 0.0304 0.5460 
         117  1 0.3201 0.3577 0.0139 0.3082 
         118  1 0.4637 0.3413 0.0207 0.1743 
         119  1 0.5147 0.3204 0.0166 0.1483 
         120  1 0.2683 0.2505 0.2911 0.1900 
         121  1 0.3498 0.3086 0.0908 0.2509 
         122  1 0.3197 0.3666 0.0064 0.3073 
         123  1 0.3631 0.3231 0.0124 0.3014 
         124  1 0.3923 0.3213 0.0221 0.2643 
         125  1 0.2610 0.3927 0.0073 0.3390 
         126  1 0.4557 0.3781 0.0073 0.1590 
         127  1 0.3097 0.3059 0.0355 0.3489 
         128  1 0.2170 0.3314 0.0222 0.4294 
         129  1 0.2791 0.3706 0.0202 0.3301 
         130  1 0.5123 0.3226 0.0163 0.1488 
         131  1 0.4030 0.3246 0.0124 0.2600 
         132  1 0.2584 0.2799 0.1130 0.3487 
         133  1 0.4290 0.3895 0.0072 0.1742 
         134  1 0.3773 0.3346 0.0088 0.2792 
         135  1 0.5251 0.3455 0.0066 0.1228 
         136  1 0.2767 0.4035 0.0061 0.3137 
         137  1 0.5042 0.2951 0.0278 0.1729 
         138  1 0.2612 0.2475 0.0387 0.4527 
         139  1 0.3216 0.4074 0.0175 0.2534 
         140  1 0.4160 0.2890 0.0831 0.2120 
         141  1 0.2954 0.3125 0.0084 0.3837 
         142  1 0.4657 0.3177 0.0168 0.1998 
         143  1 0.0932 0.1127 0.6266 0.1675 
         144  1 0.2560 0.3675 0.0132 0.3633 
         145  1 0.3395 0.3240 0.0604 0.2761 
         146  1 0.5873 0.3032 0.0065 0.1030 
         147  1 0.1308 0.1903 0.3499 0.3290 
         148  1 0.4930 0.3106 0.0196 0.1768 
         149  1 0.2612 0.3334 0.0305 0.3749 
         150  1 0.3147 0.3404 0.0288 0.3161 
         151  1 0.5067 0.3097 0.0208 0.1628 
         152  1 0.4407 0.3577 0.0133 0.1883 
         153  1 0.2061 0.2797 0.0191 0.4950 
         154  1 0.5814 0.3273 0.0070 0.0844 
         155  1 0.2954 0.3060 0.0294 0.3691 
         156  1 0.3350 0.3350 0.0140 0.3160 
         157  1 0.3265 0.3230 0.0398 0.3107 
         158  1 0.2787 0.3736 0.0112 0.3365 
         159  1 0.0797 0.2160 0.0187 0.6856 
         160  1 0.3039 0.3951 0.0085 0.2926 
         161  1 0.3225 0.3087 0.0569 0.3119 
         162  1 0.3672 0.3338 0.0239 0.2751 
         163  1 0.4770 0.3516 0.0146 0.1568 
         164  1 0.2742 0.3621 0.0072 0.3565 
         165  1 0.2718 0.3562 0.0543 0.3177 
         166  1 0.4411 0.3023 0.0255 0.2311 
         167  1 0.2528 0.3381 0.0102 0.3989 
         168  1 0.4157 0.3372 0.0240 0.2231 
         169  1 0.1900 0.3399 0.0618 0.4083 
         170  1 0.4012 0.3520 0.0248 0.2219 
         171  1 0.4627 0.3128 0.0101 0.2145 
         172  1 0.3688 0.3643 0.0166 0.2503 
         173  1 0.2520 0.3228 0.0964 0.3288 
         174  1 0.1824 0.2752 0.0358 0.5066 
         175  1 0.2317 0.3143 0.0228 0.4312 
         176  1 0.3272 0.3892 0.0276 0.2561 
         177  1 0.4171 0.3315 0.0224 0.2290 
         178  1 0.3192 0.3195 0.0542 0.3071 
         179  1 0.5594 0.3219 0.0095 0.1091 
         180  1 0.2846 0.3289 0.0204 0.3661 
         181  1 0.2346 0.3014 0.2398 0.2242 
         182  1 0.3959 0.3296 0.0339 0.2406 
         183  1 0.2345 0.3454 0.0200 0.4001 
         184  1 0.4633 0.2904 0.0434 0.2029 
         185  1 0.3050 0.3797 0.0317 0.2836 
         186  1 0.2594 0.3680 0.0198 0.3529 
         187  1 0.2259 0.3041 0.0229 0.4471 
         188  1 0.2561 0.2942 0.0306 0.4191 
         189  1 0.5145 0.3340 0.0248 0.1268 
         190  1 0.4006 0.3189 0.0187 0.2617 
         191  1 0.3563 0.3264 0.0455 0.2717 
         192  1 0.4238 0.3047 0.0158 0.2557 
         193  1 0.1837 0.2426 0.1065 0.4672 
         194  1 0.4330 0.3221 0.0312 0.2137 
         195  1 0.4104 0.3596 0.0453 0.1847 
         196  1 0.2059 0.2835 0.1742 0.3363 
         197  1 0.5378 0.3382 0.0076 0.1163 
         198  1 0.5077 0.3160 0.0119 0.1644 
         199  1 0.5002 0.3221 0.0122 0.1655 
         200  1 0.3504 0.2900 0.0150 0.3445 
         201  1 0.3071 0.3552 0.0162 0.3216 
         202  1 0.1807 0.2590 0.1016 0.4588 
         203  1 0.2534 0.2930 0.0259 0.4277 
         204  1 0.3218 0.3345 0.0270 0.3168 
         205  1 0.3340 0.4115 0.0094 0.2451 
         206  1 0.3090 0.3403 0.0136 0.3371 
         207  1 0.3584 0.3203 0.0229 0.2984 
         208  1 0.2421 0.2730 0.0644 0.4204 
         209  1 0.1847 0.2615 0.0119 0.5419 
         210  1 0.3203 0.3664 0.0087 0.3047 
         211  1 0.4987 0.3069 0.0089 0.1855 
         212  1 0.3188 0.3616 0.0191 0.3005 
         213  1 0.2248 0.2848 0.0757 0.4148 
         214  1 0.3172 0.3242 0.0115 0.3472 
         215  1 0.2458 0.3434 0.0230 0.3878 
         216  1 0.4112 0.3103 0.0366 0.2419 
         217  1 0.2232 0.2826 0.0371 0.4571 
         218  1 0.3103 0.3500 0.0268 0.3129 
         219  1 0.3316 0.3092 0.0097 0.3495 
         220  1 0.1436 0.2688 0.0279 0.5596 
         221  1 0.3889 0.3702 0.0079 0.2329 
         222  1 0.2788 0.4422 0.0071 0.2719 
         223  1 0.4199 0.3288 0.0312 0.2202 
         224  1 0.4639 0.3330 0.0093 0.1937 
         225  1 0.4511 0.3569 0.0069 0.1851 
         226  1 0.2386 0.3743 0.0127 0.3744 
         227  1 0.2204 0.3376 0.0119 0.4301 
         228  1 0.2486 0.3641 0.0429 0.3443 
         229  1 0.5571 0.2993 0.0099 0.1338 
         230  1 0.1790 0.2952 0.0209 0.5050 
         231  1 0.1724 0.2799 0.0268 0.5208 
         232  1 0.2745 0.4564 0.0086 0.2605 
         233  1 0.3162 0.2731 0.0250 0.3857 
         234  1 0.4068 0.2907 0.0105 0.2921 
         235  1 0.2492 0.3815 0.0224 0.3470 
         236  1 0.2565 0.2979 0.0725 0.3732 
         237  1 0.2875 0.3440 0.0078 0.3608 
         238  1 0.3418 0.2612 0.0280 0.3690 
         239  1 0.1826 0.2582 0.1235 0.4357 
         240  1 0.4735 0.3748 0.0075 0.1442 
         241  1 0.4740 0.3753 0.0077 0.1431 
         242  1 0.2841 0.2733 0.0263 0.4163 
         243  1 0.4505 0.3643 0.0160 0.1692 
         244  1 0.3803 0.3042 0.0468 0.2687 
         245  1 0.3478 0.3108 0.0091 0.3323 
         246  1 0.1881 0.2579 0.1743 0.3798 
         247  1 0.2566 0.3224 0.0191 0.4019 
         248  1 0.4036 0.3153 0.0483 0.2329 
         249  1 0.1439 0.2539 0.0318 0.5704 
         250  1 0.2564 0.3266 0.0155 0.4015 
         251  1 0.5119 0.3390 0.0111 0.1380 
         252  1 0.1103 0.1202 0.6395 0.1301 
         253  1 0.4688 0.2856 0.0742 0.1714 
         254  1 0.3334 0.3233 0.0085 0.3347 
         255  1 0.4535 0.3244 0.0178 0.2043 
         256  1 0.3988 0.3769 0.0112 0.2131 
         257  1 0.3142 0.4187 0.0082 0.2589 
         258  1 0.4043 0.3047 0.0186 0.2725 
         259  1 0.4458 0.2920 0.0428 0.2194 
         260  1 0.3943 0.3551 0.0105 0.2401 
         261  1 0.2528 0.3769 0.0267 0.3436 
         262  1 0.2424 0.3690 0.0484 0.3402 
         263  1 0.3094 0.3615 0.0384 0.2908 
         264  1 0.4215 0.3630 0.0196 0.1959 
         265  1 0.3998 0.3332 0.0176 0.2493 
         266  1 0.4794 0.3275 0.0139 0.1792 
         267  1 0.2788 0.2773 0.0913 0.3526 
         268  1 0.2823 0.3269 0.0141 0.3767 
         269  1 0.4121 0.2843 0.0119 0.2917 
         270  1 0.3789 0.3723 0.0065 0.2423 
         271  1 0.5002 0.3177 0.0133 0.1688 
         272  1 0.5333 0.2904 0.0273 0.1491 
         273  1 0.3234 0.3088 0.0287 0.3391 
         274  1 0.1815 0.3080 0.0443 0.4662 
         275  1 0.2127 0.2918 0.0116 0.4838 
         276  1 0.2582 0.3875 0.0154 0.3389 
         277  1 0.6010 0.3070 0.0077 0.0843 
         278  1 0.5678 0.3099 0.0097 0.1127 
         279  1 0.4710 0.3124 0.0246 0.1921 
         280  1 0.3419 0.3757 0.0120 0.2704 
         281  1 0.4688 0.3112 0.0241 0.1959 
         282  1 0.4591 0.3585 0.0212 0.1613 
         283  1 0.5297 0.3255 0.0137 0.1310 
         284  1 0.4386 0.3373 0.0096 0.2144 
         285  1 0.1973 0.2893 0.0200 0.4934 
         286  1 0.1714 0.2682 0.0229 0.5375 
         287  1 0.4093 0.4001 0.0112 0.1794 
         288  1 0.3756 0.3391 0.0206 0.2647 
         289  1 0.4011 0.3638 0.0187 0.2164 
         290  1 0.5592 0.2928 0.0245 0.1235 
         291  1 0.3801 0.3161 0.0332 0.2706 
         292  1 0.3820 0.3410 0.0093 0.2677 
         293  1 0.2534 0.3100 0.0102 0.4264 
         294  1 0.5208 0.3367 0.0267 0.1157 
         295  1 0.4131 0.3524 0.0191 0.2154 
         296  1 0.2623 0.3761 0.0303 0.3313 
         297  1 0.2085 0.3017 0.1349 0.3549 
         298  1 0.2465 0.3541 0.0187 0.3807 
         299  1 0.2661 0.4184 0.0062 0.3093 
         300  1 0.3041 0.2978 0.0352 0.3629 
         301  1 0.2743 0.2747 0.0283 0.4227 
         302  1 0.3039 0.4361 0.0153 0.2446 
         303  1 0.2141 0.2937 0.0672 0.4250 
         304  1 0.4459 0.3032 0.0161 0.2347 
         305  1 0.5028 0.3061 0.0105 0.1806 
         306  1 0.2954 0.4076 0.0129 0.2840 
         307  1 0.2145 0.3026 0.0251 0.4577 
         308  1 0.3044 0.2523 0.0192 0.4241 
         309  1 0.5057 0.3057 0.0135 0.1750 
         310  1 0.3848 0.3317 0.0161 0.2673 
         311  1 0.2025 0.3105 0.0260 0.4610 
         312  1 0.1055 0.2432 0.0229 0.6284 
         313  1 0.4640 0.3086 0.0195 0.2079 
         314  1 0.2538 0.3530 0.0095 0.3838 
         315  1 0.2822 0.3105 0.0733 0.3339 
         316  1 0.1628 0.2545 0.0595 0.5232 
         317  1 0.2690 0.2978 0.0661 0.3671 
         318  1 0.3237 0.3689 0.0130 0.2944 
         319  1 0.5587 0.3224 0.0100 0.1089 
         320  1 0.3559 0.3796 0.0076 0.2570 
         321  1 0.3396 0.3738 0.0156 0.2710 
         322  1 0.5048 0.3398 0.0308 0.1247 
         323  1 0.5032 0.3249 0.0149 0.1570 
         324  1 0.1852 0.3011 0.0153 0.4985 
         325  1 0.3447 0.4333 0.0066 0.2153 
         326  1 0.3925 0.3175 0.0091 0.2810 
         327  1 0.2423 0.2902 0.0337 0.4338 
         328  1 0.2660 0.2785 0.0886 0.3668 
         329  1 0.4169 0.3086 0.0107 0.2637 
         330  1 0.4148 0.3292 0.0349 0.2211 
         331  1 0.3970 0.3706 0.0184 0.2140 
         332  1 0.4392 0.3453 0.0264 0.1891 
         333  1 0.2936 0.2841 0.0229 0.3995 
         334  1 0.3064 0.2767 0.1706 0.2463 
         335  1 0.4383 0.3437 0.0076 0.2104 
         336  1 0.4573 0.3572 0.0140 0.1716 
         337  1 0.4027 0.3741 0.0411 0.1822 
         338  1 0.4160 0.3473 0.0425 0.1942 
         339  1 0.3180 0.3321 0.1186 0.2313 
         340  1 0.2502 0.3439 0.0215 0.3844 
         341  1 0.3646 0.3513 0.0174 0.2666 
         342  1 0.0713 0.1451 0.5186 0.2650 
         343  1 0.3357 0.3586 0.0286 0.2770 
         344  1 0.3211 0.3475 0.0243 0.3071 
         345  1 0.3633 0.4127 0.0391 0.1849 
         346  1 0.3862 0.3310 0.0217 0.2611 
         347  1 0.1714 0.2736 0.0669 0.4881 
         348  1 0.2570 0.3689 0.0060 0.3680 
         349  1 0.2349 0.2760 0.1863 0.3028 
         350  1 0.2596 0.3501 0.0188 0.3715 
         351  1 0.3401 0.4016 0.0113 0.2470 
         352  1 0.4031 0.3739 0.0075 0.2155 
         353  1 0.4679 0.3193 0.0087 0.2041 
         354  1 0.2952 0.3319 0.0139 0.3590 
         355  1 0.1456 0.2512 0.0179 0.5853 
         356  1 0.1741 0.2809 0.0551 0.4899 
         357  1 0.2694 0.3318 0.0130 0.3859 
         358  1 0.2561 0.3873 0.0080 0.3486 
         359  1 0.2477 0.2491 0.2428 0.2604 
         360  1 0.2741 0.3410 0.0210 0.3639 
         361  1 0.1886 0.2592 0.1621 0.3901 
         362  1 0.1625 0.2596 0.0329 0.5450 
         363  1 0.2400 0.3626 0.0081 0.3893 
         364  1 0.3779 0.3557 0.0537 0.2128 
         365  1 0.2698 0.2992 0.1692 0.2617 
         366  1 0.2655 0.3417 0.0272 0.3656 
         367  1 0.4683 0.3211 0.0198 0.1909 
         368  1 0.5472 0.3318 0.0142 0.1068 
         369  1 0.2629 0.2761 0.0094 0.4516 
         370  1 0.3996 0.3280 0.0108 0.2615 
         371  1 0.2947 0.3169 0.0127 0.3757 
         372  1 0.1124 0.2169 0.1030 0.5677 
         373  1 0.1430 0.2184 0.1000 0.5385 
         374  1 0.4441 0.2967 0.0792 0.1800 
         375  1 0.3687 0.3110 0.0201 0.3002 
         376  1 0.3462 0.4272 0.0099 0.2166 
         377  1 0.2655 0.4207 0.0264 0.2874 
         378  1 0.3478 0.3442 0.0209 0.2871 
         379  1 0.1574 0.3119 0.0262 0.5045 
         380  1 0.5108 0.3290 0.0109 0.1493 
         381  1 0.3720 0.3465 0.0187 0.2629 
         382  1 0.3846 0.3217 0.0128 0.2809 
         383  1 0.2642 0.3005 0.0123 0.4230 
         384  1 0.3065 0.3903 0.0149 0.2883 
         385  1 0.3165 0.3119 0.0184 0.3532 
         386  1 0.2606 0.3713 0.0200 0.3481 
         387  1 0.3912 0.3600 0.0236 0.2252 
         388  1 0.2442 0.3012 0.0771 0.3775 
         389  1 0.2502 0.2880 0.0088 0.4530 
         390  1 0.3796 0.4063 0.0110 0.2032 
         391  1 0.4669 0.3079 0.0187 0.2066 
         392  1 0.2642 0.3440 0.0265 0.3653 
         393  1 0.3301 0.3854 0.0143 0.2702 
         394  1 0.2642 0.3542 0.0270 0.3546 
         395  1 0.2888 0.2826 0.1872 0.2413 
         396  1 0.2957 0.3084 0.0073 0.3886 
         397  1 0.2974 0.3074 0.0268 0.3684 
         398  1 0.4760 0.3369 0.0220 0.1650 
         399  1 0.2901 0.4365 0.0149 0.2585 
         400  1 0.2542 0.3849 0.0328 0.3281 
         401  1 0.3302 0.3447 0.0158 0.3093 
         402  1 0.2778 0.2458 0.2180 0.2585 
         403  1 0.3282 0.3064 0.0317 0.3337 
         404  1 0.0547 0.0604 0.8189 0.0660 
         405  1 0.2732 0.3637 0.0571 0.3060 
         406  1 0.1415 0.2546 0.0982 0.5057 
         407  1 0.0629 0.1124 0.6741 0.1507 
         408  1 0.4162 0.3436 0.0173 0.2229 
         409  1 0.3892 0.2245 0.2165 0.1698 
         410  1 0.2933 0.4406 0.0139 0.2522 
         411  1 0.2223 0.3299 0.0143 0.4335 
         412  1 0.4622 0.3162 0.0363 0.1853 
         413  1 0.2004 0.2575 0.1322 0.4099 
         414  1 0.3597 0.3134 0.0332 0.2937 
         415  1 0.4672 0.3058 0.0105 0.2165 
         416  1 0.2707 0.4135 0.0095 0.3062 
         417  1 0.1473 0.2758 0.0159 0.5610 
         418  1 0.1321 0.3081 0.0135 0.5463 
         419  1 0.4313 0.2745 0.0573 0.2369 
         420  1 0.2915 0.3455 0.0621 0.3009 
         421  1 0.1027 0.2430 0.0105 0.6438 
         422  1 0.2463 0.4075 0.0119 0.3342 
         423  1 0.4029 0.3062 0.0253 0.2655 
         424  1 0.2951 0.4026 0.0084 0.2940 
         425  1 0.2606 0.3996 0.0128 0.3271 
         426  1 0.3279 0.3224 0.0435 0.3062 
         427  1 0.2374 0.3589 0.0252 0.3785 
         428  1 0.3392 0.3068 0.0380 0.3160 
         429  1 0.2551 0.4014 0.0169 0.3266 
         430  1 0.3633 0.3139 0.0132 0.3096 
         431  1 0.0735 0.2164 0.0148 0.6953 
         432  1 0.0799 0.1165 0.6698 0.1337 
         433  1 0.3329 0.3330 0.0556 0.2784 
         434  1 0.2858 0.3475 0.0232 0.3436 
         435  1 0.2364 0.3543 0.0193 0.3901 
         436  1 0.2527 0.3960 0.0238 0.3275 
         437  1 0.2332 0.3185 0.0105 0.4377 
         438  1 0.2259 0.3720 0.0138 0.3883 
         439  1 0.1134 0.1196 0.6363 0.1307 
         440  1 0.1534 0.2821 0.0670 0.4975 
         441  1 0.2801 0.2897 0.0297 0.4005 
         442  1 0.5373 0.3152 0.0164 0.1311 
         443  1 0.3027 0.2598 0.0624 0.3751 
         444  1 0.2712 0.3237 0.0456 0.3594 
         445  1 0.1898 0.2664 0.1434 0.4004 
         446  1 0.2551 0.2743 0.1385 0.3321 
         447  1 0.2404 0.3107 0.0323 0.4166 
         448  1 0.2073 0.3207 0.1570 0.3150 
         449  1 0.2800 0.2288 0.1522 0.3390 
         450  1 0.1800 0.2324 0.0928 0.4948 
         451  1 0.5215 0.2932 0.0214 0.1639 
         452  1 0.2022 0.3508 0.0647 0.3823 
         453  1 0.1730 0.3245 0.1298 0.3727 
         454  1 0.2534 0.2049 0.2156 0.3261 
         455  1 0.2146 0.2603 0.1286 0.3965 
         456  1 0.2217 0.2330 0.1854 0.3599 
         457  1 0.1893 0.2851 0.1313 0.3943 
         458  1 0.2284 0.2459 0.1016 0.4240 
         459  1 0.4186 0.3298 0.0159 0.2357 
         460  1 0.5412 0.2926 0.0146 0.1516 
         461  1 0.1064 0.2270 0.1582 0.5084 
         462  1 0.0094 0.0091 0.9715 0.0101 
         463  1 0.0094 0.0118 0.9661 0.0127 
         464  1 0.0174 0.0181 0.9405 0.0240 
         465  1 0.0538 0.1684 0.2699 0.5078 
         466  1 0.0242 0.0284 0.9094 0.0380 
         467  1 0.1378 0.1524 0.5446 0.1652 
         468  1 0.1801 0.1715 0.4503 0.1982 
         469  1 0.0959 0.1810 0.3320 0.3912 
         470  1 0.0435 0.0566 0.8138 0.0860 
         471  1 0.1196 0.1574 0.4581 0.2649 
         472  1 0.1504 0.2188 0.3539 0.2770 
         473  1 0.1416 0.2181 0.3745 0.2658 
         474  1 0.0176 0.0178 0.9480 0.0166 
         475  1 0.0499 0.0862 0.6614 0.2025 
         476  1 0.0248 0.0220 0.9239 0.0293 
         477  1 0.0229 0.0210 0.9330 0.0232 
         478  1 0.1789 0.2329 0.3879 0.2003 
         479  1 0.0169 0.0172 0.9477 0.0181 
         480  1 0.0141 0.0141 0.9540 0.0178 
         481  1 0.0184 0.0172 0.9417 0.0227 
         482  1 0.0093 0.0086 0.9734 0.0086 
         483  1 0.0206 0.0193 0.9358 0.0242 
         484  1 0.2098 0.2761 0.1326 0.3815 
         485  1 0.0344 0.0452 0.8448 0.0756 
         486  1 0.0301 0.0336 0.8938 0.0426 
         487  1 0.0096 0.0101 0.9699 0.0104 
         488  1 0.0211 0.0229 0.9301 0.0260 
         489  1 0.0649 0.0977 0.6456 0.1918 
         490  1 0.1660 0.2110 0.3816 0.2414 
         491  1 0.0182 0.0183 0.9422 0.0213 
         492  1 0.0289 0.0416 0.8598 0.0697 
         493  1 0.0132 0.0140 0.9592 0.0136 
         494  1 0.0093 0.0090 0.9729 0.0088 
         495  1 0.0083 0.0081 0.9753 0.0083 
         496  1 0.0248 0.0239 0.9258 0.0255 
         497  1 0.3710 0.2634 0.0640 0.3015 
         498  1 0.1134 0.1294 0.6014 0.1558 
         499  1 0.0151 0.0157 0.9524 0.0167 
         500  1 0.0993 0.0948 0.6498 0.1561 
         501  1 0.0099 0.0099 0.9685 0.0117 
         502  1 0.0140 0.0131 0.9584 0.0145 
         503  1 0.0093 0.0089 0.9705 0.0112 
         504  1 0.0157 0.0153 0.9535 0.0155 
         505  1 0.0718 0.0651 0.7990 0.0641 
         506  1 0.0553 0.0526 0.8389 0.0533 
         507  1 0.0142 0.0171 0.9452 0.0235 
         508  1 0.0806 0.1206 0.6530 0.1457 
         509  1 0.0075 0.0075 0.9775 0.0074 
         510  1 0.0160 0.0142 0.9544 0.0154 
         511  1 0.0119 0.0115 0.9656 0.0110 
         512  1 0.0180 0.0190 0.9398 0.0232 
         513  1 0.3302 0.2938 0.0747 0.3014 
         514  1 0.0121 0.0115 0.9660 0.0104 
         515  1 0.0322 0.0504 0.8320 0.0854 
         516  1 0.1428 0.1360 0.5431 0.1782 
         517  1 0.0143 0.0145 0.9560 0.0152 
         518  1 0.0091 0.0096 0.9719 0.0095 
         519  1 0.0168 0.0157 0.9523 0.0152 
         520  1 0.0259 0.0262 0.9201 0.0278 
         521  1 0.0109 0.0110 0.9674 0.0107 
         522  1 0.0082 0.0085 0.9738 0.0095 
         523  1 0.0882 0.1061 0.7124 0.0933 
         524  1 0.0160 0.0237 0.9278 0.0325 
         525  1 0.0212 0.0221 0.9351 0.0216 
         526  1 0.0211 0.0208 0.9356 0.0225 
         527  1 0.0216 0.0269 0.9265 0.0249 
         528  1 0.0189 0.0227 0.9312 0.0271 
         529  1 0.0528 0.0817 0.7527 0.1129 
         530  1 0.0092 0.0091 0.9723 0.0094 
         531  1 0.0233 0.0252 0.9267 0.0249 
         532  1 0.0169 0.0151 0.9520 0.0160 
         533  1 0.0127 0.0135 0.9599 0.0140 
         534  1 0.0181 0.0200 0.9361 0.0258 
         535  1 0.0148 0.0135 0.9575 0.0141 
         536  1 0.0066 0.0068 0.9784 0.0082 
         537  1 0.0097 0.0101 0.9705 0.0096 
         538  1 0.0082 0.0077 0.9762 0.0078 
         539  1 0.0067 0.0072 0.9795 0.0066 
         540  1 0.0263 0.0210 0.9299 0.0228 
         541  1 0.1406 0.2106 0.2413 0.4075 
         542  1 0.0113 0.0102 0.9676 0.0109 
         543  1 0.0313 0.0309 0.9056 0.0323 
         544  1 0.0172 0.0165 0.9493 0.0170 
         545  1 0.0070 0.0071 0.9778 0.0081 
         546  1 0.1107 0.0961 0.6895 0.1037 
         547  1 0.0368 0.0359 0.8906 0.0366 
         548  1 0.0149 0.0146 0.9557 0.0149 
         549  1 0.0165 0.0147 0.9557 0.0131 
         550  1 0.0087 0.0085 0.9744 0.0083 
         551  1 0.2445 0.2642 0.1782 0.3131 
         552  1 0.0143 0.0133 0.9540 0.0184 
         553  1 0.1601 0.1433 0.5286 0.1680 
         554  1 0.0414 0.0494 0.8322 0.0770 
         555  1 0.0093 0.0096 0.9709 0.0102 
         556  1 0.0194 0.0237 0.9240 0.0329 
         557  1 0.0074 0.0075 0.9767 0.0084 
         558  1 0.0329 0.0362 0.8812 0.0497 
         559  1 0.1209 0.1282 0.5947 0.1563 
         560  1 0.0249 0.0324 0.9070 0.0357 
         561  1 0.0324 0.0452 0.8731 0.0492 
         562  1 0.0069 0.0071 0.9785 0.0075 
         563  1 0.0107 0.0122 0.9642 0.0129 
         564  1 0.0126 0.0117 0.9637 0.0119 
         565  1 0.0220 0.0300 0.9041 0.0440 
         566  1 0.1138 0.1603 0.4980 0.2279 
         567  1 0.0139 0.0145 0.9564 0.0152 
         568  1 0.0344 0.0381 0.8845 0.0430 
         569  1 0.0143 0.0140 0.9574 0.0144 
         570  1 0.3054 0.1834 0.4134 0.0978 
         571  1 0.0917 0.1678 0.4715 0.2690 
         572  1 0.0201 0.0231 0.9297 0.0271 
         573  1 0.2775 0.3153 0.0124 0.3948 
         574  1 0.1501 0.2695 0.1447 0.4357 
         575  1 0.2120 0.2945 0.0802 0.4133 
         576  1 0.2523 0.3516 0.0301 0.3660 
         577  1 0.2616 0.4185 0.0208 0.2991 
         578  1 0.1155 0.2052 0.2889 0.3903 
         579  1 0.0242 0.0265 0.9248 0.0245 
         580  1 0.0755 0.1066 0.6585 0.1594 
         581  1 0.0121 0.0118 0.9653 0.0108 
         582  1 0.4557 0.2770 0.0329 0.2344 
         583  1 0.0130 0.0140 0.9578 0.0152 
         584  1 0.0864 0.0931 0.6736 0.1469 
         585  1 0.1208 0.1254 0.5912 0.1626 
         586  1 0.0118 0.0127 0.9618 0.0137 
         587  1 0.0194 0.0175 0.9478 0.0153 
         588  1 0.0122 0.0109 0.9658 0.0112 
         589  1 0.0505 0.0453 0.8431 0.0611 
         590  1 0.0141 0.0124 0.9612 0.0123 
         591  1 0.0117 0.0136 0.9599 0.0148 
         592  1 0.0305 0.0431 0.8712 0.0552 
         593  1 0.0119 0.0109 0.9642 0.0130 
         594  1 0.1085 0.1750 0.5014 0.2151 
         595  1 0.0399 0.0471 0.8692 0.0438 
         596  1 0.0068 0.0069 0.9789 0.0074 
         597  1 0.0110 0.0130 0.9613 0.0147 
         598  1 0.1193 0.1073 0.6915 0.0818 
         599  1 0.0084 0.0088 0.9739 0.0089 
         600  1 0.0119 0.0129 0.9609 0.0142 
         601  1 0.0090 0.0089 0.9728 0.0093 
         602  1 0.0333 0.0481 0.8567 0.0619 
         603  1 0.0237 0.0287 0.9096 0.0380 
         604  1 0.1306 0.1222 0.6785 0.0687 
         605  1 0.0207 0.0228 0.9306 0.0258 
         606  1 0.0290 0.0253 0.9173 0.0284 
         607  1 0.0071 0.0068 0.9788 0.0073 
         608  1 0.0647 0.1016 0.6862 0.1475 
         609  1 0.0214 0.0217 0.9304 0.0265 
         610  1 0.0144 0.0166 0.9474 0.0215 
         611  1 0.0576 0.0675 0.7936 0.0814 
         612  1 0.0859 0.2434 0.0855 0.5851 
         613  1 0.0093 0.0098 0.9700 0.0108 
         614  1 0.0086 0.0088 0.9728 0.0097 
         615  1 0.0096 0.0105 0.9692 0.0107 
         616  1 0.0272 0.0350 0.8809 0.0569 
         617  1 0.0203 0.0158 0.9501 0.0138 
         618  1 0.0246 0.0364 0.8782 0.0608 
         619  1 0.0128 0.0126 0.9604 0.0142 
         620  1 0.0160 0.0181 0.9442 0.0217 
         621  1 0.4150 0.3203 0.0971 0.1677 
         622  1 0.0126 0.0131 0.9599 0.0144 
         623  1 0.0228 0.0244 0.9272 0.0256 
