           1  1 0.0313 0.0396 0.1952 0.0319 0.0378 0.0373 0.0379 0.0404 0.0407 0.5079 
           2  1 0.0370 0.0361 0.7208 0.0367 0.0188 0.0215 0.0265 0.0283 0.0198 0.0546 
           3  1 0.0203 0.0276 0.5208 0.0212 0.0256 0.0307 0.0255 0.0278 0.0277 0.2729 
           4  1 0.0316 0.0420 0.1174 0.0323 0.0303 0.0246 0.0381 0.0447 0.0302 0.6088 
           5  1 0.0161 0.0199 0.3227 0.0171 0.0218 0.0243 0.0193 0.0210 0.0221 0.5156 
           6  1 0.0171 0.0209 0.3173 0.0156 0.0219 0.0217 0.0208 0.0227 0.0209 0.5210 
           7  1 0.0339 0.0352 0.7495 0.0339 0.0221 0.0235 0.0290 0.0321 0.0210 0.0198 
           8  1 0.0186 0.0203 0.6879 0.0191 0.0203 0.0214 0.0201 0.0223 0.0203 0.1499 
           9  1 0.0172 0.0208 0.0281 0.0154 0.0204 0.0229 0.0190 0.0196 0.0237 0.8130 
          10  1 0.0135 0.0112 0.8567 0.0123 0.0126 0.0117 0.0125 0.0126 0.0108 0.0460 
          11  1 0.0183 0.0224 0.7736 0.0162 0.0231 0.0270 0.0226 0.0225 0.0225 0.0517 
          12  1 0.0589 0.1045 0.2042 0.0606 0.0924 0.1018 0.1091 0.1380 0.0959 0.0344 
          13  1 0.0296 0.0293 0.7689 0.0258 0.0255 0.0299 0.0285 0.0295 0.0244 0.0087 
          14  1 0.0651 0.1053 0.2680 0.0616 0.0859 0.0892 0.0885 0.0949 0.0877 0.0538 
          15  1 0.0507 0.0695 0.4046 0.0406 0.0459 0.0935 0.0555 0.0560 0.0958 0.0878 
          16  1 0.1075 0.0871 0.0102 0.1031 0.1582 0.1250 0.1448 0.1312 0.1233 0.0096 
          17  1 0.2884 0.0342 0.0073 0.3256 0.1025 0.0357 0.1201 0.0413 0.0386 0.0063 
          18  1 0.3066 0.0383 0.0099 0.3371 0.0898 0.0346 0.1114 0.0286 0.0361 0.0076 
          19  1 0.1696 0.1199 0.0255 0.1771 0.0885 0.0943 0.1117 0.1210 0.0820 0.0104 
          20  1 0.0752 0.1231 0.0099 0.0880 0.1712 0.1025 0.1148 0.1184 0.1874 0.0095 
          21  1 0.2196 0.1434 0.0114 0.2224 0.0574 0.0531 0.1021 0.1102 0.0656 0.0147 
          22  1 0.1193 0.1170 0.1408 0.1254 0.0877 0.0881 0.0916 0.1077 0.0883 0.0341 
          23  1 0.1087 0.1255 0.0335 0.1045 0.1282 0.1306 0.1100 0.1056 0.1311 0.0222 
          24  1 0.1251 0.1370 0.0314 0.1373 0.0994 0.1081 0.1103 0.1332 0.1081 0.0101 
          25  1 0.1171 0.0867 0.0159 0.0939 0.1555 0.1571 0.1410 0.1202 0.0988 0.0137 
          26  1 0.0667 0.1581 0.0254 0.0914 0.1284 0.0956 0.1207 0.1400 0.1159 0.0578 
          27  1 0.1030 0.1266 0.0158 0.1043 0.1469 0.1088 0.1183 0.1245 0.1435 0.0082 
          28  1 0.1395 0.1095 0.0079 0.1527 0.1246 0.1108 0.1195 0.1176 0.1105 0.0073 
          29  1 0.1142 0.1069 0.0132 0.1049 0.1333 0.1449 0.1289 0.1162 0.1318 0.0056 
          30  1 0.2228 0.0976 0.0160 0.2031 0.0882 0.0673 0.1197 0.0899 0.0762 0.0193 
          31  1 0.0635 0.0928 0.1724 0.0540 0.0913 0.1006 0.1021 0.1058 0.0936 0.1239 
          32  1 0.2016 0.1326 0.0105 0.1920 0.0771 0.0708 0.0985 0.1242 0.0852 0.0075 
          33  1 0.1421 0.1186 0.0124 0.1709 0.1204 0.0859 0.1213 0.1077 0.1080 0.0126 
          34  1 0.0645 0.0631 0.4647 0.0651 0.0587 0.0504 0.0567 0.0604 0.0564 0.0602 
          35  1 0.0837 0.1061 0.0612 0.0650 0.1251 0.1659 0.1332 0.1341 0.1135 0.0122 
          36  1 0.1085 0.0944 0.0271 0.0696 0.1414 0.1637 0.1399 0.1320 0.1050 0.0184 
          37  1 0.0895 0.1239 0.0660 0.0894 0.1558 0.0936 0.1203 0.1210 0.1145 0.0260 
          38  1 0.1391 0.0931 0.0187 0.1181 0.1169 0.1269 0.1509 0.1116 0.1178 0.0069 
          39  1 0.1209 0.1038 0.0152 0.1026 0.1236 0.1416 0.1439 0.1424 0.0999 0.0061 
          40  1 0.1230 0.1137 0.0089 0.1515 0.1275 0.0889 0.1377 0.1224 0.1148 0.0116 
          41  1 0.1151 0.1169 0.0098 0.1454 0.1385 0.0944 0.1195 0.1114 0.1231 0.0259 
          42  1 0.0960 0.1452 0.0114 0.1019 0.1206 0.1202 0.1378 0.1365 0.0986 0.0318 
          43  1 0.0741 0.1298 0.0256 0.0782 0.1542 0.1187 0.1448 0.1353 0.1225 0.0168 
          44  1 0.1264 0.0897 0.0071 0.1271 0.1467 0.1411 0.1277 0.1255 0.0997 0.0090 
          45  1 0.0812 0.1217 0.0168 0.0969 0.1434 0.1133 0.1352 0.1505 0.1321 0.0089 
          46  1 0.1980 0.0715 0.0135 0.2424 0.1074 0.0785 0.1082 0.0789 0.0735 0.0279 
          47  1 0.0743 0.1577 0.0214 0.0732 0.1171 0.1483 0.1119 0.1292 0.1510 0.0159 
          48  1 0.1220 0.1109 0.0215 0.1219 0.1216 0.1141 0.1233 0.1428 0.0917 0.0302 
          49  1 0.1493 0.1277 0.0319 0.1381 0.1016 0.0974 0.0973 0.1102 0.1105 0.0358 
          50  1 0.0775 0.1327 0.0296 0.0987 0.1365 0.1070 0.1233 0.1198 0.1316 0.0433 
          51  1 0.1029 0.1373 0.0275 0.1046 0.1244 0.0879 0.1413 0.1323 0.1116 0.0302 
          52  1 0.1156 0.1228 0.0247 0.1085 0.0949 0.1228 0.1130 0.1273 0.1142 0.0562 
          53  1 0.2032 0.1396 0.0176 0.2128 0.0467 0.0583 0.1066 0.1298 0.0563 0.0290 
          54  1 0.0887 0.1302 0.0107 0.1144 0.1469 0.1045 0.1206 0.1328 0.1453 0.0060 
          55  1 0.2782 0.0560 0.0081 0.3051 0.0764 0.0422 0.1189 0.0542 0.0541 0.0067 
          56  1 0.0909 0.1362 0.0156 0.0761 0.1071 0.1568 0.1091 0.1314 0.1564 0.0204 
          57  1 0.0438 0.1563 0.0598 0.0423 0.1334 0.1135 0.1471 0.1741 0.1137 0.0160 
          58  1 0.1942 0.0868 0.0166 0.2273 0.0975 0.0675 0.1093 0.1025 0.0830 0.0155 
          59  1 0.1634 0.1045 0.0110 0.1343 0.0947 0.1228 0.1209 0.1000 0.1376 0.0109 
          60  1 0.1363 0.1319 0.0174 0.1173 0.1020 0.1029 0.1115 0.1381 0.1012 0.0413 
          61  1 0.0738 0.1316 0.0054 0.1114 0.1677 0.1034 0.1346 0.1290 0.1359 0.0073 
          62  1 0.1339 0.1052 0.0136 0.1550 0.1126 0.1229 0.1107 0.1214 0.1061 0.0185 
          63  1 0.1714 0.0935 0.0308 0.2020 0.1152 0.0757 0.1116 0.0881 0.0989 0.0127 
          64  1 0.1165 0.1284 0.0353 0.1169 0.1323 0.1126 0.1207 0.1266 0.1048 0.0059 
          65  1 0.0972 0.1263 0.0081 0.0627 0.1061 0.1942 0.1039 0.1189 0.1734 0.0091 
          66  1 0.0970 0.1213 0.0107 0.0744 0.1377 0.1528 0.1210 0.1285 0.1471 0.0096 
          67  1 0.2872 0.0378 0.0095 0.2915 0.1070 0.0512 0.1117 0.0450 0.0440 0.0151 
          68  1 0.0837 0.1566 0.0291 0.0675 0.1522 0.1378 0.1147 0.1222 0.1234 0.0128 
          69  1 0.0915 0.1264 0.0084 0.0891 0.1555 0.1114 0.1267 0.1428 0.1410 0.0072 
          70  1 0.1904 0.1031 0.0171 0.1806 0.0818 0.0984 0.1191 0.1109 0.0890 0.0096 
          71  1 0.0825 0.1508 0.0110 0.0690 0.1343 0.1511 0.1199 0.1329 0.1391 0.0094 
          72  1 0.2505 0.0548 0.0045 0.2679 0.1101 0.0622 0.1169 0.0591 0.0683 0.0055 
          73  1 0.0921 0.1333 0.0318 0.0952 0.1105 0.1520 0.1098 0.1269 0.1224 0.0260 
          74  1 0.2330 0.0594 0.0074 0.2496 0.1157 0.0661 0.1131 0.0622 0.0871 0.0064 
          75  1 0.0898 0.1190 0.0144 0.0574 0.1474 0.1552 0.1459 0.1394 0.1197 0.0118 
          76  1 0.0674 0.1497 0.0511 0.0594 0.1306 0.1200 0.1013 0.1334 0.1443 0.0427 
          77  1 0.1115 0.0749 0.0388 0.0675 0.1497 0.1636 0.1337 0.1193 0.0890 0.0521 
          78  1 0.0994 0.1152 0.0099 0.0958 0.1406 0.1371 0.1101 0.0970 0.1788 0.0161 
          79  1 0.1497 0.1070 0.0094 0.1469 0.1143 0.1142 0.1208 0.0923 0.1395 0.0058 
          80  1 0.0741 0.1197 0.0155 0.1041 0.1693 0.1130 0.1091 0.0992 0.1832 0.0128 
          81  1 0.1362 0.1197 0.0227 0.1555 0.1095 0.1033 0.1170 0.1163 0.1115 0.0082 
          82  1 0.0418 0.1317 0.0067 0.0785 0.1948 0.1008 0.1073 0.1251 0.2057 0.0076 
          83  1 0.0722 0.1452 0.0180 0.0843 0.1492 0.1136 0.1273 0.1467 0.1350 0.0087 
          84  1 0.0779 0.1725 0.0234 0.0829 0.1283 0.0959 0.1377 0.1401 0.1346 0.0066 
          85  1 0.0886 0.1233 0.0110 0.0879 0.1455 0.1340 0.1387 0.1327 0.1256 0.0126 
          86  1 0.2685 0.0472 0.0154 0.2994 0.0998 0.0437 0.1092 0.0484 0.0531 0.0154 
          87  1 0.0900 0.1133 0.0076 0.0903 0.1485 0.1521 0.0954 0.1219 0.1737 0.0072 
          88  1 0.1269 0.1120 0.0222 0.1571 0.1334 0.1004 0.1115 0.1095 0.1176 0.0093 
          89  1 0.0448 0.1291 0.0087 0.0772 0.1986 0.1112 0.1112 0.1054 0.2052 0.0087 
          90  1 0.0878 0.1333 0.0078 0.0869 0.1403 0.1162 0.1170 0.1445 0.1550 0.0110 
          91  1 0.1501 0.1007 0.0087 0.1847 0.1269 0.0995 0.1082 0.0878 0.1226 0.0108 
          92  1 0.1133 0.1083 0.0101 0.1052 0.1333 0.1311 0.1339 0.1177 0.1411 0.0062 
          93  1 0.2582 0.0510 0.0097 0.3033 0.0893 0.0506 0.1121 0.0489 0.0453 0.0316 
          94  1 0.1944 0.1310 0.0062 0.1776 0.0752 0.0931 0.1044 0.1140 0.1000 0.0042 
          95  1 0.1343 0.1277 0.0127 0.1492 0.1087 0.1018 0.1165 0.1114 0.1261 0.0115 
          96  1 0.0952 0.1175 0.1155 0.0942 0.1025 0.0998 0.1002 0.1273 0.1022 0.0456 
          97  1 0.1457 0.0995 0.0104 0.1516 0.0844 0.1495 0.1071 0.0880 0.1543 0.0094 
          98  1 0.1281 0.1031 0.0124 0.1260 0.1243 0.1212 0.1336 0.1322 0.1022 0.0168 
          99  1 0.0862 0.1348 0.0185 0.0867 0.1269 0.1316 0.1212 0.1251 0.1508 0.0182 
         100  1 0.1196 0.1282 0.0155 0.1303 0.1174 0.1073 0.1247 0.1277 0.1088 0.0204 
         101  1 0.0907 0.1042 0.0232 0.0737 0.1464 0.1624 0.1411 0.1284 0.1192 0.0106 
         102  1 0.1154 0.1101 0.0108 0.1171 0.1271 0.1027 0.1261 0.1599 0.1227 0.0080 
         103  1 0.1274 0.1024 0.0224 0.1233 0.0987 0.1140 0.1024 0.0946 0.1247 0.0902 
         104  1 0.0877 0.1343 0.0119 0.0689 0.1285 0.1815 0.1182 0.1137 0.1493 0.0060 
         105  1 0.1043 0.1312 0.0177 0.0852 0.1289 0.1937 0.0891 0.0625 0.1753 0.0122 
         106  1 0.1054 0.1321 0.0171 0.0828 0.1290 0.1982 0.0885 0.0607 0.1731 0.0130 
         107  1 0.0871 0.1327 0.0262 0.0847 0.1201 0.0926 0.1123 0.1162 0.1083 0.1198 
         108  1 0.2003 0.1349 0.0060 0.1972 0.0671 0.0929 0.1005 0.1015 0.0939 0.0058 
         109  1 0.1962 0.1002 0.0247 0.1760 0.0929 0.0693 0.1164 0.1045 0.0941 0.0258 
         110  1 0.0746 0.1291 0.0088 0.0800 0.1367 0.1407 0.1176 0.1343 0.1712 0.0069 
         111  1 0.1517 0.0762 0.0084 0.1474 0.1449 0.1231 0.1217 0.1021 0.0834 0.0410 
         112  1 0.2344 0.0718 0.0104 0.2379 0.0950 0.0653 0.1140 0.0779 0.0819 0.0113 
         113  1 0.1126 0.1328 0.0057 0.1118 0.1263 0.1568 0.1048 0.1029 0.1414 0.0049 
         114  1 0.0734 0.1321 0.0514 0.0914 0.1414 0.0978 0.1156 0.1378 0.1259 0.0331 
         115  1 0.1029 0.1243 0.0082 0.1193 0.1194 0.1404 0.1385 0.0922 0.1437 0.0111 
         116  1 0.0594 0.1327 0.0180 0.0589 0.1452 0.1138 0.1377 0.1731 0.1422 0.0189 
         117  1 0.1105 0.1246 0.0090 0.1243 0.1198 0.1173 0.1194 0.1195 0.1372 0.0185 
         118  1 0.1751 0.1202 0.0124 0.1824 0.0827 0.0957 0.1106 0.1088 0.0943 0.0179 
         119  1 0.2576 0.0597 0.0141 0.2915 0.1001 0.0490 0.1052 0.0560 0.0532 0.0136 
         120  1 0.0983 0.1005 0.0341 0.0889 0.0941 0.1021 0.0974 0.0886 0.0931 0.2030 
         121  1 0.1143 0.1329 0.0765 0.1256 0.1030 0.1023 0.1032 0.1056 0.1090 0.0276 
         122  1 0.1168 0.1018 0.0057 0.1105 0.1317 0.1305 0.1282 0.1153 0.1538 0.0057 
         123  1 0.1101 0.1365 0.0073 0.1302 0.1239 0.1085 0.1278 0.1097 0.1281 0.0178 
         124  1 0.1188 0.1337 0.0181 0.1333 0.1178 0.1055 0.1194 0.1162 0.1222 0.0151 
         125  1 0.1142 0.1119 0.0051 0.1083 0.1409 0.1432 0.1005 0.0973 0.1704 0.0081 
         126  1 0.1814 0.0954 0.0069 0.1391 0.0978 0.1357 0.1239 0.0852 0.1289 0.0058 
         127  1 0.1135 0.1065 0.0176 0.0927 0.1501 0.1433 0.1301 0.1112 0.1085 0.0264 
         128  1 0.0697 0.1350 0.0168 0.0714 0.1264 0.1459 0.1187 0.1429 0.1506 0.0226 
         129  1 0.0961 0.1339 0.0174 0.0844 0.1152 0.1610 0.1033 0.1157 0.1614 0.0116 
         130  1 0.2103 0.0947 0.0149 0.2017 0.1024 0.0666 0.1170 0.0852 0.0924 0.0148 
         131  1 0.2410 0.0551 0.0090 0.2674 0.1135 0.0589 0.1194 0.0534 0.0675 0.0148 
         132  1 0.1032 0.1387 0.1051 0.1104 0.1032 0.0984 0.1038 0.1210 0.1045 0.0117 
         133  1 0.1655 0.0932 0.0070 0.1584 0.1141 0.1214 0.1209 0.0889 0.1243 0.0064 
         134  1 0.1744 0.0835 0.0075 0.1797 0.1240 0.0991 0.1220 0.1016 0.0995 0.0086 
         135  1 0.2204 0.1353 0.0062 0.2319 0.0540 0.0656 0.1076 0.1113 0.0632 0.0045 
         136  1 0.0927 0.1018 0.0049 0.1036 0.1603 0.1272 0.1193 0.1002 0.1850 0.0050 
         137  1 0.2487 0.0620 0.0286 0.2820 0.0942 0.0431 0.1146 0.0574 0.0504 0.0189 
         138  1 0.0891 0.1273 0.0387 0.0988 0.1331 0.0920 0.1397 0.1396 0.1263 0.0153 
         139  1 0.1104 0.1243 0.0141 0.0764 0.0915 0.1894 0.0970 0.1132 0.1713 0.0123 
         140  1 0.1479 0.1427 0.0652 0.1670 0.0629 0.0753 0.1018 0.1185 0.0809 0.0377 
         141  1 0.0981 0.0777 0.0070 0.0814 0.1616 0.1628 0.1515 0.1366 0.1176 0.0057 
         142  1 0.1968 0.0733 0.0099 0.1575 0.1155 0.0953 0.1447 0.0893 0.0933 0.0244 
         143  1 0.0471 0.0668 0.0967 0.0494 0.0621 0.0514 0.0683 0.0632 0.0547 0.4402 
         144  1 0.1161 0.1221 0.0094 0.1367 0.1057 0.1383 0.1145 0.0999 0.1489 0.0083 
         145  1 0.1069 0.1118 0.0967 0.1077 0.1060 0.1149 0.1102 0.1164 0.1187 0.0108 
         146  1 0.2324 0.1439 0.0056 0.2442 0.0449 0.0539 0.0965 0.1247 0.0479 0.0059 
         147  1 0.0631 0.1056 0.2332 0.0619 0.1064 0.0734 0.1013 0.1216 0.0920 0.0416 
         148  1 0.1994 0.0737 0.0138 0.1537 0.1169 0.0902 0.1362 0.0922 0.0955 0.0286 
         149  1 0.0953 0.0832 0.0182 0.0588 0.1540 0.1745 0.1414 0.1544 0.1033 0.0168 
         150  1 0.0968 0.1355 0.0121 0.1112 0.1223 0.1079 0.1211 0.1334 0.1220 0.0378 
         151  1 0.1752 0.1447 0.0109 0.1890 0.0712 0.0831 0.0960 0.1356 0.0701 0.0241 
         152  1 0.1735 0.1387 0.0100 0.1822 0.0749 0.1091 0.0997 0.1116 0.0918 0.0084 
         153  1 0.0749 0.1711 0.0220 0.0577 0.1261 0.1316 0.1361 0.1365 0.1368 0.0070 
         154  1 0.2583 0.1271 0.0063 0.2249 0.0533 0.0603 0.0983 0.1029 0.0641 0.0045 
         155  1 0.1008 0.0877 0.0250 0.0903 0.1424 0.1431 0.1438 0.1469 0.1079 0.0120 
         156  1 0.1056 0.1115 0.0105 0.1091 0.1465 0.1286 0.1283 0.1279 0.1206 0.0114 
         157  1 0.1079 0.1041 0.0326 0.1050 0.1249 0.1291 0.1337 0.1343 0.1111 0.0172 
         158  1 0.1073 0.1205 0.0097 0.1041 0.1455 0.1336 0.1068 0.1101 0.1556 0.0068 
         159  1 0.0595 0.1606 0.0098 0.0702 0.1825 0.0955 0.1192 0.1625 0.1307 0.0096 
         160  1 0.1021 0.1121 0.0078 0.0987 0.1458 0.1431 0.0998 0.0996 0.1849 0.0062 
         161  1 0.1112 0.1130 0.0500 0.0859 0.1258 0.1452 0.1364 0.1136 0.1028 0.0160 
         162  1 0.1307 0.0893 0.0119 0.0943 0.1451 0.1425 0.1405 0.1231 0.0953 0.0274 
         163  1 0.2373 0.0647 0.0148 0.2616 0.0920 0.0660 0.1137 0.0621 0.0795 0.0083 
         164  1 0.0925 0.1282 0.0055 0.1078 0.1465 0.1302 0.1331 0.0998 0.1489 0.0075 
         165  1 0.1107 0.1134 0.0283 0.0992 0.1150 0.1207 0.1090 0.1161 0.1399 0.0477 
         166  1 0.1620 0.1456 0.0207 0.1841 0.0804 0.0704 0.1079 0.1337 0.0806 0.0146 
         167  1 0.0860 0.1235 0.0078 0.0835 0.1484 0.1381 0.1382 0.1275 0.1387 0.0083 
         168  1 0.1372 0.1358 0.0202 0.1448 0.0832 0.1198 0.1070 0.1289 0.1125 0.0105 
         169  1 0.0696 0.1249 0.0345 0.0657 0.1206 0.1427 0.1154 0.1383 0.1465 0.0419 
         170  1 0.1814 0.0875 0.0166 0.2134 0.1115 0.0803 0.1189 0.0760 0.0940 0.0202 
         171  1 0.3188 0.0250 0.0064 0.3430 0.0996 0.0256 0.1091 0.0279 0.0352 0.0095 
         172  1 0.1367 0.1046 0.0146 0.1418 0.1140 0.1202 0.1300 0.1158 0.1103 0.0121 
         173  1 0.0838 0.1203 0.0252 0.0633 0.1251 0.1459 0.1150 0.1273 0.1300 0.0641 
         174  1 0.0792 0.1356 0.0242 0.0830 0.1616 0.1027 0.1166 0.1337 0.1471 0.0162 
         175  1 0.0821 0.1282 0.0177 0.0991 0.1610 0.1197 0.1105 0.1106 0.1597 0.0115 
         176  1 0.1002 0.1177 0.0202 0.0821 0.1194 0.1601 0.1158 0.1161 0.1502 0.0183 
         177  1 0.2009 0.0789 0.0153 0.2229 0.1160 0.0752 0.1017 0.0794 0.0869 0.0229 
         178  1 0.1332 0.0995 0.0667 0.1451 0.1076 0.1025 0.1206 0.0993 0.1093 0.0162 
         179  1 0.2091 0.1212 0.0108 0.2096 0.0674 0.0767 0.1038 0.1240 0.0719 0.0055 
         180  1 0.0912 0.1036 0.0125 0.0847 0.1501 0.1406 0.1315 0.1463 0.1192 0.0204 
         181  1 0.0659 0.0728 0.0200 0.0517 0.0712 0.1018 0.0695 0.0740 0.0853 0.3878 
         182  1 0.1330 0.1162 0.0116 0.1306 0.1027 0.1073 0.1007 0.1235 0.1115 0.0628 
         183  1 0.0896 0.1384 0.0215 0.0859 0.1426 0.1375 0.1144 0.1094 0.1511 0.0097 
         184  1 0.1530 0.1283 0.0321 0.1580 0.0851 0.0846 0.1114 0.1394 0.0824 0.0257 
         185  1 0.1171 0.1096 0.0172 0.1071 0.1108 0.1303 0.0955 0.1062 0.1422 0.0639 
         186  1 0.0874 0.1126 0.0154 0.0719 0.1221 0.1843 0.1315 0.1306 0.1351 0.0092 
         187  1 0.0770 0.1624 0.0188 0.0848 0.1369 0.1280 0.1293 0.1200 0.1331 0.0096 
         188  1 0.0886 0.1401 0.0211 0.0908 0.1284 0.1190 0.1281 0.1338 0.1273 0.0228 
         189  1 0.1946 0.1129 0.0187 0.1944 0.0769 0.0831 0.1151 0.1093 0.0815 0.0134 
         190  1 0.1452 0.1320 0.0097 0.1519 0.1011 0.0988 0.1118 0.1283 0.0968 0.0243 
         191  1 0.1235 0.0894 0.0174 0.1267 0.1439 0.1375 0.1175 0.1048 0.0978 0.0415 
         192  1 0.1425 0.1199 0.0213 0.1238 0.1195 0.1109 0.1321 0.1160 0.1081 0.0060 
         193  1 0.0662 0.1208 0.1650 0.0748 0.1266 0.0944 0.1118 0.1198 0.1117 0.0089 
         194  1 0.1486 0.1150 0.0286 0.1410 0.1135 0.1100 0.1164 0.1193 0.0926 0.0150 
         195  1 0.1558 0.1147 0.0531 0.1689 0.0760 0.1016 0.1020 0.1009 0.1186 0.0083 
         196  1 0.0813 0.1207 0.0433 0.0665 0.1156 0.1183 0.1119 0.1157 0.1176 0.1092 
         197  1 0.2337 0.0872 0.0066 0.2035 0.0946 0.0760 0.1276 0.0705 0.0944 0.0060 
         198  1 0.1678 0.1108 0.0116 0.1565 0.0986 0.1022 0.1180 0.1274 0.1003 0.0068 
         199  1 0.1982 0.0799 0.0113 0.1815 0.1137 0.0945 0.1253 0.0951 0.0906 0.0097 
         200  1 0.1095 0.1333 0.0122 0.1143 0.1241 0.1058 0.1325 0.1505 0.1080 0.0096 
         201  1 0.1220 0.1066 0.0092 0.1342 0.1181 0.1296 0.1175 0.1165 0.1265 0.0198 
         202  1 0.0887 0.1473 0.0844 0.0714 0.1297 0.0863 0.1314 0.1250 0.1136 0.0222 
         203  1 0.0969 0.0690 0.0250 0.0609 0.1565 0.1818 0.1569 0.1418 0.1045 0.0067 
         204  1 0.1808 0.0804 0.0178 0.2382 0.1066 0.0750 0.1088 0.0853 0.0850 0.0221 
         205  1 0.1024 0.1223 0.0091 0.0836 0.1035 0.1793 0.1255 0.0899 0.1792 0.0052 
         206  1 0.1746 0.0923 0.0094 0.1975 0.1282 0.0898 0.1160 0.0762 0.1053 0.0107 
         207  1 0.1249 0.1328 0.0126 0.1273 0.1195 0.1216 0.1213 0.1161 0.1083 0.0156 
         208  1 0.0825 0.1085 0.0161 0.0660 0.1504 0.1434 0.1265 0.1370 0.1048 0.0650 
         209  1 0.0857 0.1373 0.0129 0.1020 0.1635 0.0893 0.1313 0.1316 0.1399 0.0065 
         210  1 0.1396 0.0964 0.0081 0.1357 0.1369 0.1191 0.1241 0.1234 0.1089 0.0079 
         211  1 0.1837 0.1434 0.0063 0.1896 0.0790 0.0850 0.0980 0.1135 0.0921 0.0094 
         212  1 0.0993 0.1209 0.0212 0.1038 0.1213 0.1443 0.1142 0.1192 0.1455 0.0103 
         213  1 0.0796 0.1293 0.0404 0.0764 0.1283 0.1107 0.1283 0.1445 0.1234 0.0390 
         214  1 0.1079 0.1167 0.0076 0.1176 0.1462 0.1162 0.1206 0.1103 0.1417 0.0152 
         215  1 0.1084 0.1293 0.0184 0.1058 0.1436 0.1062 0.1334 0.1074 0.1342 0.0133 
         216  1 0.1459 0.1437 0.0232 0.1437 0.0972 0.1016 0.1021 0.1186 0.0943 0.0298 
         217  1 0.0759 0.1409 0.0256 0.0655 0.1492 0.1229 0.1334 0.1503 0.1182 0.0180 
         218  1 0.1075 0.1136 0.0193 0.0945 0.1401 0.1422 0.1209 0.1134 0.1273 0.0212 
         219  1 0.0975 0.0874 0.0088 0.0841 0.1527 0.1558 0.1504 0.1535 0.1036 0.0062 
         220  1 0.0681 0.1702 0.0244 0.0682 0.1384 0.1097 0.1281 0.1507 0.1313 0.0109 
         221  1 0.1331 0.1209 0.0066 0.1380 0.1057 0.1336 0.1091 0.1159 0.1310 0.0061 
         222  1 0.1004 0.1063 0.0056 0.0752 0.0944 0.2051 0.1158 0.0981 0.1937 0.0053 
         223  1 0.1325 0.1130 0.0205 0.1277 0.1099 0.1136 0.1199 0.1241 0.1176 0.0211 
         224  1 0.1819 0.1446 0.0080 0.1971 0.0710 0.0803 0.1071 0.1257 0.0770 0.0073 
         225  1 0.1719 0.0806 0.0055 0.1374 0.1367 0.1052 0.1433 0.1026 0.1092 0.0076 
         226  1 0.0752 0.1273 0.0106 0.0595 0.1140 0.1736 0.1114 0.1401 0.1781 0.0102 
         227  1 0.0887 0.1457 0.0103 0.0850 0.1219 0.1580 0.1168 0.1159 0.1500 0.0079 
         228  1 0.0841 0.1344 0.0286 0.0634 0.1248 0.1508 0.1043 0.1239 0.1606 0.0251 
         229  1 0.2034 0.1350 0.0083 0.1925 0.0750 0.0650 0.1006 0.1188 0.0939 0.0077 
         230  1 0.0784 0.1398 0.0110 0.0970 0.1489 0.1092 0.1075 0.1272 0.1592 0.0219 
         231  1 0.0679 0.1380 0.0197 0.0818 0.1456 0.1041 0.1346 0.1553 0.1365 0.0165 
         232  1 0.0956 0.1148 0.0081 0.0743 0.0963 0.1965 0.1165 0.0876 0.2048 0.0055 
         233  1 0.0990 0.1372 0.0183 0.1034 0.1418 0.1106 0.1194 0.1294 0.1261 0.0147 
         234  1 0.2051 0.0825 0.0076 0.2408 0.1118 0.0692 0.1185 0.0802 0.0741 0.0102 
         235  1 0.0900 0.1088 0.0284 0.0508 0.1297 0.1781 0.1291 0.1299 0.1472 0.0079 
         236  1 0.0856 0.1100 0.0389 0.0726 0.1447 0.1458 0.1255 0.1237 0.1143 0.0388 
         237  1 0.0996 0.1441 0.0063 0.0958 0.1169 0.1456 0.1223 0.1115 0.1516 0.0063 
         238  1 0.1152 0.1459 0.0219 0.1148 0.1319 0.0873 0.1220 0.1213 0.1222 0.0176 
         239  1 0.0702 0.1125 0.1376 0.0655 0.1187 0.1146 0.1309 0.1206 0.0993 0.0300 
         240  1 0.2204 0.0839 0.0068 0.1546 0.1020 0.0982 0.1316 0.0775 0.1182 0.0068 
         241  1 0.2170 0.0753 0.0069 0.1559 0.1027 0.1007 0.1391 0.0777 0.1183 0.0064 
         242  1 0.0912 0.1404 0.0176 0.1052 0.1428 0.0904 0.1247 0.1361 0.1252 0.0263 
         243  1 0.1444 0.1159 0.0147 0.1373 0.0962 0.1263 0.1056 0.1138 0.1359 0.0099 
         244  1 0.0964 0.1057 0.0260 0.0964 0.1145 0.1483 0.1365 0.1451 0.1096 0.0213 
         245  1 0.1563 0.0649 0.0067 0.1571 0.1460 0.0991 0.1382 0.1249 0.0978 0.0089 
         246  1 0.0740 0.1105 0.0728 0.0800 0.1189 0.1030 0.1243 0.1347 0.1084 0.0734 
         247  1 0.0703 0.1207 0.0143 0.0661 0.1390 0.1479 0.1402 0.1688 0.1220 0.0107 
         248  1 0.1082 0.1119 0.0185 0.1238 0.1127 0.1276 0.1197 0.1283 0.1073 0.0420 
         249  1 0.0616 0.1554 0.0152 0.0743 0.1567 0.1063 0.1255 0.1394 0.1380 0.0276 
         250  1 0.1034 0.1247 0.0151 0.1118 0.1298 0.1291 0.1350 0.1247 0.1191 0.0072 
         251  1 0.2028 0.0845 0.0101 0.1758 0.1043 0.0917 0.1280 0.0845 0.1099 0.0083 
         252  1 0.0661 0.0847 0.2274 0.0574 0.0799 0.0817 0.0686 0.0779 0.0786 0.1777 
         253  1 0.1608 0.1394 0.0404 0.1641 0.0739 0.0696 0.1038 0.1305 0.0814 0.0362 
         254  1 0.1387 0.1028 0.0071 0.1512 0.1325 0.1022 0.1313 0.1131 0.1132 0.0079 
         255  1 0.2532 0.0574 0.0151 0.2762 0.0959 0.0532 0.1105 0.0564 0.0587 0.0233 
         256  1 0.1881 0.0922 0.0102 0.1969 0.1056 0.0972 0.1214 0.0713 0.1081 0.0090 
         257  1 0.1271 0.1115 0.0065 0.0950 0.1065 0.1709 0.1189 0.0831 0.1709 0.0097 
         258  1 0.1239 0.1350 0.0137 0.1049 0.1258 0.1183 0.1323 0.1240 0.1090 0.0132 
         259  1 0.1269 0.1224 0.0232 0.1324 0.1024 0.1077 0.1187 0.1440 0.0996 0.0228 
         260  1 0.1180 0.1130 0.0145 0.1202 0.1263 0.1365 0.1175 0.1133 0.1364 0.0043 
         261  1 0.0972 0.1218 0.0163 0.0962 0.1457 0.1309 0.1103 0.0854 0.1706 0.0255 
         262  1 0.0820 0.1288 0.0340 0.0810 0.1113 0.1398 0.1186 0.1173 0.1534 0.0339 
         263  1 0.0852 0.1147 0.0239 0.0806 0.1202 0.1393 0.1294 0.1436 0.1386 0.0246 
         264  1 0.2325 0.0675 0.0170 0.2266 0.0956 0.0696 0.1141 0.0667 0.0867 0.0237 
         265  1 0.1401 0.1222 0.0124 0.1304 0.1068 0.1155 0.1166 0.1292 0.1166 0.0103 
         266  1 0.2515 0.0573 0.0090 0.2838 0.1012 0.0594 0.1108 0.0621 0.0515 0.0134 
         267  1 0.0975 0.1114 0.0502 0.0809 0.1266 0.1330 0.1271 0.1361 0.1060 0.0312 
         268  1 0.0842 0.1167 0.0112 0.0990 0.1484 0.1345 0.1212 0.1376 0.1364 0.0108 
         269  1 0.1427 0.1441 0.0095 0.1341 0.1169 0.0861 0.1143 0.1312 0.1110 0.0101 
         270  1 0.1278 0.1224 0.0054 0.1378 0.1174 0.1356 0.1127 0.1089 0.1255 0.0064 
         271  1 0.2427 0.0569 0.0092 0.2750 0.1112 0.0620 0.1083 0.0699 0.0512 0.0135 
         272  1 0.1772 0.1363 0.0195 0.1780 0.0751 0.0713 0.1128 0.1263 0.0742 0.0293 
         273  1 0.1352 0.1526 0.0162 0.1179 0.0963 0.1235 0.1153 0.1130 0.1090 0.0209 
         274  1 0.0911 0.1273 0.0283 0.0824 0.1462 0.1477 0.1256 0.0991 0.1395 0.0127 
         275  1 0.0776 0.1200 0.0085 0.0917 0.1595 0.1114 0.1315 0.1417 0.1472 0.0107 
         276  1 0.0910 0.1355 0.0156 0.0617 0.1027 0.1969 0.0985 0.1224 0.1670 0.0089 
         277  1 0.2594 0.0926 0.0070 0.2559 0.0722 0.0498 0.1090 0.0884 0.0596 0.0061 
         278  1 0.2384 0.1499 0.0075 0.2574 0.0296 0.0509 0.0881 0.1238 0.0470 0.0074 
         279  1 0.1993 0.0726 0.0101 0.2716 0.1006 0.0697 0.1124 0.0751 0.0584 0.0302 
         280  1 0.1215 0.1174 0.0084 0.1336 0.1268 0.1214 0.1135 0.1063 0.1386 0.0123 
         281  1 0.2023 0.0694 0.0101 0.2548 0.0994 0.0692 0.1161 0.0816 0.0668 0.0303 
         282  1 0.1672 0.1092 0.0234 0.1739 0.0891 0.1117 0.1040 0.1065 0.1058 0.0091 
         283  1 0.2209 0.0747 0.0090 0.2654 0.0880 0.0682 0.1121 0.0790 0.0669 0.0159 
         284  1 0.1560 0.1255 0.0101 0.1764 0.0921 0.1117 0.1197 0.1081 0.0951 0.0054 
         285  1 0.0820 0.1415 0.0130 0.0572 0.1471 0.1524 0.1284 0.1435 0.1242 0.0105 
         286  1 0.0664 0.1351 0.0108 0.0811 0.1490 0.1141 0.1091 0.1512 0.1594 0.0239 
         287  1 0.1443 0.1090 0.0072 0.1393 0.0926 0.1315 0.1242 0.0986 0.1398 0.0136 
         288  1 0.1765 0.0978 0.0190 0.2326 0.1068 0.0794 0.1035 0.0862 0.0863 0.0119 
         289  1 0.1527 0.1137 0.0193 0.1418 0.1009 0.1242 0.1119 0.1093 0.1158 0.0104 
         290  1 0.1977 0.1360 0.0178 0.2249 0.0552 0.0566 0.1137 0.1196 0.0582 0.0203 
         291  1 0.1060 0.0850 0.0176 0.0874 0.1534 0.1502 0.1491 0.1375 0.0922 0.0215 
         292  1 0.1362 0.1307 0.0091 0.1200 0.1171 0.1119 0.1382 0.1029 0.1282 0.0058 
         293  1 0.0812 0.1410 0.0099 0.0849 0.1396 0.1099 0.1401 0.1441 0.1427 0.0067 
         294  1 0.2095 0.0982 0.0246 0.2358 0.0770 0.0688 0.1048 0.0873 0.0792 0.0147 
         295  1 0.1282 0.1017 0.0132 0.1362 0.1185 0.1394 0.1199 0.1183 0.1074 0.0172 
         296  1 0.0889 0.1268 0.0245 0.0805 0.1115 0.1506 0.1188 0.1345 0.1477 0.0162 
         297  1 0.0875 0.0984 0.0566 0.0608 0.1351 0.1530 0.1180 0.1238 0.1150 0.0519 
         298  1 0.0951 0.1111 0.0188 0.0844 0.1569 0.1491 0.1209 0.1224 0.1330 0.0084 
         299  1 0.1058 0.1165 0.0061 0.0839 0.1253 0.1674 0.1208 0.0902 0.1800 0.0040 
         300  1 0.1053 0.1273 0.0186 0.1181 0.1301 0.1193 0.1218 0.1235 0.1148 0.0210 
         301  1 0.1035 0.1557 0.0275 0.0872 0.1299 0.1047 0.1270 0.1327 0.1235 0.0084 
         302  1 0.1004 0.1080 0.0133 0.0689 0.0805 0.2157 0.1131 0.0973 0.1901 0.0126 
         303  1 0.0724 0.1166 0.0265 0.0772 0.1386 0.1324 0.1343 0.1430 0.1156 0.0433 
         304  1 0.1495 0.1426 0.0126 0.1843 0.0951 0.0827 0.1068 0.1153 0.1010 0.0100 
         305  1 0.1689 0.1609 0.0089 0.1899 0.0697 0.0771 0.1172 0.1172 0.0817 0.0084 
         306  1 0.1130 0.1323 0.0113 0.1173 0.1018 0.1419 0.1111 0.1063 0.1563 0.0088 
         307  1 0.0821 0.1411 0.0196 0.0816 0.1452 0.1201 0.1301 0.1534 0.1162 0.0106 
         308  1 0.1180 0.1840 0.0105 0.1197 0.1123 0.0716 0.1348 0.1120 0.1175 0.0196 
         309  1 0.2049 0.1433 0.0104 0.2090 0.0555 0.0689 0.0976 0.1332 0.0687 0.0086 
         310  1 0.1096 0.1172 0.0114 0.0994 0.1261 0.1353 0.1303 0.1381 0.1178 0.0148 
         311  1 0.0648 0.1345 0.0091 0.0833 0.1334 0.1143 0.1185 0.1327 0.1216 0.0877 
         312  1 0.0619 0.1747 0.0216 0.0803 0.1439 0.0921 0.1353 0.1518 0.1250 0.0134 
         313  1 0.1845 0.0929 0.0147 0.1879 0.1046 0.0841 0.1151 0.1177 0.0851 0.0133 
         314  1 0.1031 0.1239 0.0067 0.0818 0.1510 0.1594 0.1134 0.1141 0.1357 0.0109 
         315  1 0.0912 0.1370 0.0427 0.0794 0.1251 0.1186 0.1156 0.1147 0.1404 0.0352 
         316  1 0.0692 0.1357 0.0540 0.0830 0.1438 0.1048 0.1325 0.1421 0.1184 0.0164 
         317  1 0.1184 0.0967 0.0746 0.1281 0.1208 0.1130 0.1234 0.1017 0.1026 0.0206 
         318  1 0.1141 0.1155 0.0151 0.1102 0.1167 0.1460 0.1239 0.1151 0.1374 0.0058 
         319  1 0.2551 0.0761 0.0094 0.2218 0.0975 0.0648 0.1206 0.0671 0.0799 0.0077 
         320  1 0.1476 0.1065 0.0073 0.1226 0.1194 0.1296 0.1197 0.0978 0.1437 0.0058 
         321  1 0.1234 0.1112 0.0103 0.1148 0.1174 0.1236 0.1173 0.1208 0.1453 0.0158 
         322  1 0.2434 0.0638 0.0219 0.2521 0.0876 0.0577 0.1184 0.0611 0.0674 0.0268 
         323  1 0.1865 0.1254 0.0162 0.1963 0.0915 0.0777 0.1036 0.0998 0.0926 0.0104 
         324  1 0.0634 0.1404 0.0167 0.0645 0.1520 0.1203 0.1397 0.1718 0.1239 0.0074 
         325  1 0.1208 0.1041 0.0061 0.0870 0.0840 0.2002 0.1228 0.0842 0.1861 0.0047 
         326  1 0.1158 0.1312 0.0075 0.1185 0.1214 0.1027 0.1308 0.1320 0.1325 0.0076 
         327  1 0.0782 0.1296 0.0256 0.0774 0.1384 0.1158 0.1491 0.1570 0.1154 0.0136 
         328  1 0.1266 0.0887 0.0402 0.1435 0.1079 0.0851 0.1156 0.1116 0.0880 0.0927 
         329  1 0.1430 0.1476 0.0093 0.1365 0.0962 0.0956 0.1099 0.1507 0.1054 0.0059 
         330  1 0.2519 0.0488 0.0421 0.2641 0.0966 0.0554 0.1213 0.0514 0.0501 0.0184 
         331  1 0.1232 0.1170 0.0157 0.1070 0.0906 0.1521 0.1069 0.1283 0.1483 0.0109 
         332  1 0.1906 0.0746 0.0173 0.2232 0.1163 0.0831 0.1177 0.0723 0.0804 0.0245 
         333  1 0.0803 0.1073 0.0168 0.0895 0.1519 0.1317 0.1442 0.1491 0.1129 0.0162 
         334  1 0.1050 0.0720 0.0559 0.0619 0.1521 0.1650 0.1393 0.1189 0.0797 0.0501 
         335  1 0.1901 0.0662 0.0064 0.2223 0.1246 0.0901 0.1236 0.0935 0.0740 0.0091 
         336  1 0.1364 0.1264 0.0103 0.1276 0.1062 0.1154 0.1168 0.1244 0.1251 0.0112 
         337  1 0.1576 0.0955 0.0305 0.1612 0.0963 0.1184 0.1145 0.0897 0.1134 0.0230 
         338  1 0.1300 0.1337 0.0280 0.1364 0.0788 0.1210 0.0998 0.1236 0.1289 0.0197 
         339  1 0.1127 0.1212 0.0709 0.1019 0.0824 0.1283 0.0930 0.1074 0.1266 0.0558 
         340  1 0.0798 0.1320 0.0156 0.0705 0.1140 0.1618 0.1113 0.1417 0.1670 0.0064 
         341  1 0.1624 0.0851 0.0108 0.1799 0.1338 0.0980 0.1082 0.0895 0.1114 0.0210 
         342  1 0.0462 0.1075 0.0840 0.0513 0.1178 0.0830 0.0808 0.0999 0.1002 0.2294 
         343  1 0.1060 0.1089 0.0288 0.0953 0.1333 0.1451 0.1243 0.1196 0.1257 0.0131 
         344  1 0.1380 0.1114 0.0214 0.1557 0.1218 0.1037 0.1197 0.1047 0.1110 0.0126 
         345  1 0.1129 0.1141 0.0224 0.0972 0.0922 0.1616 0.1165 0.0955 0.1553 0.0323 
         346  1 0.1255 0.0857 0.0215 0.0910 0.1454 0.1430 0.1596 0.1280 0.0914 0.0090 
         347  1 0.0808 0.1577 0.0423 0.0861 0.1302 0.1225 0.1112 0.1329 0.1232 0.0131 
         348  1 0.0856 0.1254 0.0053 0.1051 0.1420 0.1459 0.1315 0.0989 0.1556 0.0047 
         349  1 0.0729 0.1471 0.0568 0.0706 0.1030 0.1101 0.1056 0.1130 0.1235 0.0974 
         350  1 0.0919 0.1184 0.0119 0.0923 0.1526 0.1323 0.1085 0.1185 0.1585 0.0152 
         351  1 0.1471 0.0905 0.0102 0.1436 0.1292 0.1368 0.1152 0.1032 0.1132 0.0111 
         352  1 0.1400 0.1172 0.0057 0.1288 0.1101 0.1311 0.1074 0.1073 0.1457 0.0067 
         353  1 0.2887 0.0421 0.0057 0.3359 0.0987 0.0330 0.1113 0.0394 0.0376 0.0077 
         354  1 0.1039 0.1319 0.0137 0.0987 0.1378 0.1183 0.1188 0.1220 0.1475 0.0074 
         355  1 0.0667 0.1428 0.0178 0.0754 0.1740 0.1089 0.1227 0.1197 0.1610 0.0111 
         356  1 0.0704 0.1261 0.0360 0.0717 0.1440 0.1122 0.1408 0.1498 0.1144 0.0347 
         357  1 0.0905 0.1213 0.0098 0.0782 0.1326 0.1399 0.1200 0.1571 0.1412 0.0094 
         358  1 0.0972 0.1089 0.0093 0.0855 0.1416 0.1608 0.1248 0.1033 0.1643 0.0044 
         359  1 0.0923 0.0854 0.1648 0.0836 0.1178 0.1023 0.1035 0.1005 0.0869 0.0629 
         360  1 0.0858 0.1248 0.0114 0.0893 0.1305 0.1563 0.1178 0.1250 0.1370 0.0221 
         361  1 0.0555 0.1233 0.1179 0.0566 0.1385 0.1047 0.1177 0.1482 0.1190 0.0187 
         362  1 0.0714 0.1722 0.0273 0.0721 0.1355 0.1242 0.1137 0.1486 0.1250 0.0101 
         363  1 0.0929 0.1173 0.0075 0.0764 0.1290 0.1831 0.1150 0.1347 0.1385 0.0056 
         364  1 0.1510 0.1046 0.0248 0.1685 0.0821 0.1052 0.1041 0.1037 0.1105 0.0455 
         365  1 0.0926 0.0811 0.0458 0.0864 0.0962 0.1119 0.0927 0.0959 0.0932 0.2042 
         366  1 0.0863 0.1211 0.0179 0.0803 0.1352 0.1478 0.1264 0.1325 0.1395 0.0132 
         367  1 0.1448 0.1209 0.0111 0.1454 0.0992 0.0953 0.1124 0.1148 0.1123 0.0439 
         368  1 0.2949 0.0377 0.0103 0.3301 0.0764 0.0397 0.1164 0.0392 0.0445 0.0107 
         369  1 0.0752 0.1544 0.0096 0.1056 0.1258 0.1200 0.1251 0.1528 0.1269 0.0047 
         370  1 0.1400 0.1162 0.0083 0.1434 0.1081 0.1157 0.1216 0.1320 0.1045 0.0103 
         371  1 0.2197 0.0556 0.0064 0.2749 0.1162 0.0643 0.1006 0.0630 0.0808 0.0184 
         372  1 0.0621 0.1756 0.0807 0.0647 0.1358 0.1068 0.1133 0.1300 0.1136 0.0174 
         373  1 0.0580 0.1550 0.0957 0.0634 0.1485 0.0865 0.1222 0.1410 0.1160 0.0137 
         374  1 0.1398 0.0903 0.0327 0.1601 0.0957 0.0877 0.1075 0.1158 0.0947 0.0757 
         375  1 0.1049 0.1324 0.0176 0.1022 0.1260 0.1088 0.1348 0.1326 0.1283 0.0125 
         376  1 0.1261 0.1233 0.0079 0.1154 0.0929 0.1683 0.1105 0.0966 0.1508 0.0081 
         377  1 0.1025 0.1356 0.0247 0.0831 0.0992 0.1840 0.0894 0.0894 0.1817 0.0105 
         378  1 0.1146 0.1256 0.0138 0.1148 0.1046 0.1235 0.1137 0.1390 0.1276 0.0226 
         379  1 0.0995 0.1378 0.0359 0.0787 0.1422 0.1610 0.1106 0.0935 0.1354 0.0055 
         380  1 0.3124 0.0336 0.0080 0.3368 0.0916 0.0295 0.1107 0.0331 0.0357 0.0086 
         381  1 0.1266 0.1051 0.0115 0.1263 0.1109 0.1282 0.1347 0.1257 0.1114 0.0197 
         382  1 0.1346 0.1080 0.0124 0.1273 0.1120 0.1383 0.1254 0.1301 0.1043 0.0077 
         383  1 0.0872 0.1287 0.0097 0.0917 0.1381 0.1399 0.1420 0.1497 0.0986 0.0144 
         384  1 0.1037 0.1152 0.0128 0.0947 0.1113 0.1520 0.1239 0.1150 0.1625 0.0090 
         385  1 0.1041 0.1437 0.0166 0.0999 0.1278 0.1046 0.1193 0.1477 0.1264 0.0100 
         386  1 0.0967 0.1322 0.0267 0.0936 0.1224 0.1465 0.1169 0.1211 0.1368 0.0071 
         387  1 0.1397 0.1201 0.0162 0.1406 0.1063 0.1241 0.0891 0.1095 0.1393 0.0151 
         388  1 0.0808 0.0908 0.0487 0.0714 0.1573 0.1381 0.1324 0.1320 0.1132 0.0352 
         389  1 0.0908 0.1293 0.0075 0.1116 0.1509 0.1021 0.1237 0.1322 0.1462 0.0056 
         390  1 0.2547 0.0625 0.0095 0.2383 0.0973 0.0785 0.1076 0.0533 0.0871 0.0113 
         391  1 0.1625 0.0926 0.0165 0.1399 0.1269 0.1087 0.1362 0.1169 0.0889 0.0108 
         392  1 0.0929 0.1385 0.0219 0.0930 0.1080 0.1395 0.1128 0.1398 0.1396 0.0141 
         393  1 0.1178 0.1204 0.0115 0.0998 0.1170 0.1583 0.1157 0.1065 0.1431 0.0099 
         394  1 0.0927 0.1193 0.0205 0.1207 0.1302 0.1211 0.1160 0.1159 0.1478 0.0157 
         395  1 0.1210 0.0987 0.0518 0.1327 0.1014 0.0904 0.0944 0.0862 0.0978 0.1256 
         396  1 0.0937 0.1188 0.0065 0.1174 0.1552 0.1113 0.1287 0.1258 0.1367 0.0060 
         397  1 0.1076 0.0983 0.0109 0.1092 0.1294 0.1289 0.1347 0.1334 0.1145 0.0330 
         398  1 0.1534 0.1196 0.0216 0.1577 0.0921 0.1099 0.1154 0.1130 0.1049 0.0123 
         399  1 0.1066 0.1165 0.0104 0.0672 0.0760 0.2159 0.1002 0.1047 0.1902 0.0122 
         400  1 0.0782 0.1356 0.0207 0.0556 0.1023 0.1724 0.1088 0.1406 0.1598 0.0260 
         401  1 0.1071 0.1303 0.0146 0.0952 0.1115 0.1345 0.1128 0.1271 0.1583 0.0085 
         402  1 0.0893 0.0695 0.0276 0.0654 0.1137 0.1456 0.1284 0.1188 0.0811 0.1606 
         403  1 0.0981 0.0696 0.0160 0.0765 0.1460 0.1756 0.1602 0.1461 0.0893 0.0228 
         404  1 0.0335 0.0364 0.6651 0.0325 0.0435 0.0439 0.0405 0.0348 0.0389 0.0309 
         405  1 0.0850 0.1382 0.0667 0.0704 0.0833 0.1826 0.0853 0.1167 0.1637 0.0081 
         406  1 0.0626 0.1265 0.0283 0.0511 0.1436 0.1305 0.1431 0.1438 0.1149 0.0555 
         407  1 0.0401 0.0755 0.1532 0.0333 0.0612 0.0789 0.0620 0.0797 0.0788 0.3372 
         408  1 0.1556 0.1245 0.0190 0.1630 0.0955 0.1085 0.1138 0.1094 0.1021 0.0086 
         409  1 0.1566 0.1248 0.1462 0.1508 0.0513 0.0568 0.1041 0.1291 0.0684 0.0120 
         410  1 0.1091 0.1218 0.0103 0.0707 0.0805 0.2067 0.1017 0.1027 0.1849 0.0116 
         411  1 0.1289 0.1184 0.0084 0.1602 0.1257 0.1092 0.1146 0.1017 0.1128 0.0201 
         412  1 0.1554 0.1189 0.0320 0.1553 0.0995 0.1016 0.1086 0.1145 0.0998 0.0143 
         413  1 0.0763 0.1308 0.0671 0.0700 0.1289 0.1065 0.1226 0.1271 0.1106 0.0600 
         414  1 0.1405 0.1078 0.0169 0.1602 0.1238 0.1064 0.1193 0.1026 0.0963 0.0262 
         415  1 0.1409 0.1124 0.0084 0.1736 0.0983 0.1114 0.1283 0.1398 0.0782 0.0087 
         416  1 0.1035 0.1028 0.0064 0.0665 0.1540 0.1839 0.1291 0.1010 0.1450 0.0079 
         417  1 0.0593 0.1322 0.0139 0.0713 0.1799 0.1299 0.1117 0.1168 0.1749 0.0101 
         418  1 0.0576 0.1500 0.0109 0.0556 0.1315 0.1497 0.1471 0.1514 0.1387 0.0075 
         419  1 0.1316 0.1532 0.0367 0.1371 0.0930 0.0825 0.1169 0.1351 0.0881 0.0258 
         420  1 0.0904 0.1277 0.0382 0.0890 0.1099 0.1339 0.1097 0.1202 0.1426 0.0383 
         421  1 0.0589 0.1572 0.0096 0.0621 0.1687 0.0991 0.1454 0.1588 0.1333 0.0068 
         422  1 0.0912 0.1210 0.0109 0.0429 0.0827 0.2150 0.1035 0.1233 0.2027 0.0067 
         423  1 0.1312 0.0936 0.0226 0.0908 0.1457 0.1370 0.1436 0.1206 0.1035 0.0114 
         424  1 0.1098 0.1220 0.0070 0.0979 0.1173 0.1520 0.1034 0.1091 0.1736 0.0078 
         425  1 0.0811 0.1380 0.0148 0.0515 0.0978 0.2169 0.0937 0.1162 0.1836 0.0064 
         426  1 0.1051 0.1158 0.0190 0.0957 0.1245 0.1297 0.1204 0.1231 0.1152 0.0516 
         427  1 0.0829 0.1228 0.0164 0.0653 0.1223 0.1839 0.0985 0.1063 0.1853 0.0163 
         428  1 0.0970 0.1090 0.0183 0.0913 0.1114 0.1421 0.1281 0.1592 0.1154 0.0282 
         429  1 0.0786 0.1487 0.0174 0.0511 0.0903 0.2030 0.0985 0.1240 0.1809 0.0076 
         430  1 0.1259 0.1359 0.0075 0.1193 0.1087 0.1064 0.1334 0.1385 0.1100 0.0144 
         431  1 0.0324 0.2335 0.0102 0.0379 0.1631 0.0974 0.1148 0.1639 0.1368 0.0098 
         432  1 0.0458 0.0639 0.0331 0.0394 0.0726 0.0897 0.0750 0.0780 0.0749 0.4276 
         433  1 0.1116 0.1030 0.0431 0.0925 0.1350 0.1385 0.1233 0.1096 0.1213 0.0221 
         434  1 0.0896 0.1362 0.0131 0.0968 0.1045 0.1233 0.1246 0.1504 0.1434 0.0180 
         435  1 0.0822 0.1085 0.0192 0.0578 0.1374 0.1745 0.1348 0.1397 0.1361 0.0098 
         436  1 0.0876 0.1264 0.0159 0.0685 0.1096 0.1764 0.1056 0.1198 0.1692 0.0210 
         437  1 0.0801 0.1444 0.0069 0.0950 0.1413 0.1398 0.1289 0.1081 0.1471 0.0084 
         438  1 0.0823 0.1195 0.0133 0.0740 0.1263 0.1519 0.1269 0.1384 0.1588 0.0087 
         439  1 0.0547 0.0764 0.0403 0.0450 0.0825 0.0953 0.0775 0.0900 0.0765 0.3619 
         440  1 0.0659 0.1486 0.0579 0.0543 0.1379 0.1233 0.1263 0.1311 0.1284 0.0263 
         441  1 0.0941 0.1335 0.0181 0.0970 0.1441 0.1067 0.1269 0.1380 0.1248 0.0168 
         442  1 0.2025 0.1469 0.0116 0.2052 0.0563 0.0685 0.1061 0.1296 0.0641 0.0092 
         443  1 0.1083 0.1475 0.0250 0.1100 0.1103 0.0864 0.1164 0.1554 0.1062 0.0345 
         444  1 0.0959 0.0955 0.0136 0.0849 0.1344 0.1403 0.1258 0.1322 0.1184 0.0590 
         445  1 0.0638 0.1521 0.1818 0.0759 0.1045 0.0937 0.0989 0.1047 0.1163 0.0084 
         446  1 0.0851 0.1379 0.0579 0.0956 0.1099 0.1002 0.1154 0.1370 0.1312 0.0298 
         447  1 0.0726 0.1316 0.0111 0.0801 0.1285 0.1263 0.1194 0.1602 0.1381 0.0322 
         448  1 0.0700 0.1253 0.0541 0.0589 0.1102 0.1319 0.1180 0.1282 0.1397 0.0637 
         449  1 0.0777 0.1235 0.0652 0.0860 0.1145 0.0914 0.1335 0.1572 0.1124 0.0386 
         450  1 0.0638 0.1421 0.0409 0.0589 0.1135 0.0988 0.1582 0.1921 0.1123 0.0193 
         451  1 0.1900 0.1492 0.0133 0.1945 0.0594 0.0621 0.1074 0.1335 0.0692 0.0215 
         452  1 0.0768 0.1285 0.0398 0.0551 0.0953 0.1783 0.0887 0.1348 0.1589 0.0437 
         453  1 0.0689 0.1166 0.0838 0.0505 0.0999 0.1674 0.0926 0.1315 0.1407 0.0481 
         454  1 0.1045 0.1140 0.0477 0.1277 0.1042 0.0776 0.1184 0.1442 0.1052 0.0564 
         455  1 0.0901 0.1318 0.0724 0.0834 0.1221 0.0883 0.1204 0.1175 0.1140 0.0600 
         456  1 0.0849 0.1343 0.1198 0.0844 0.1133 0.0840 0.1054 0.1201 0.0990 0.0548 
         457  1 0.0598 0.1521 0.0976 0.0526 0.1119 0.1497 0.1104 0.1147 0.1365 0.0148 
         458  1 0.0819 0.1164 0.0482 0.0855 0.1282 0.1122 0.1367 0.1623 0.1004 0.0283 
         459  1 0.1267 0.1237 0.0115 0.1296 0.0881 0.1191 0.1286 0.1411 0.1233 0.0082 
