           1  1 0.0442 0.0438 0.8776 0.0345 
           2  1 0.0175 0.0248 0.9131 0.0446 
           3  1 0.0217 0.0204 0.9403 0.0176 
           4  1 0.0174 0.0305 0.9227 0.0293 
           5  1 0.0166 0.0160 0.9510 0.0164 
           6  1 0.0164 0.0161 0.9512 0.0163 
           7  1 0.0196 0.0341 0.8999 0.0464 
           8  1 0.0175 0.0168 0.9474 0.0183 
           9  1 0.0211 0.0180 0.9437 0.0173 
          10  1 0.0133 0.0125 0.9593 0.0149 
          11  1 0.0206 0.0234 0.9352 0.0207 
          12  1 0.1803 0.3344 0.3287 0.1566 
          13  1 0.0406 0.0525 0.8637 0.0432 
          14  1 0.1132 0.2102 0.5336 0.1430 
          15  1 0.1349 0.0852 0.6880 0.0920 
          16  1 0.4447 0.3070 0.0104 0.2379 
          17  1 0.3105 0.1522 0.0087 0.5286 
          18  1 0.2527 0.1732 0.0114 0.5626 
          19  1 0.2077 0.2306 0.0392 0.5226 
          20  1 0.2577 0.5998 0.0113 0.1312 
          21  1 0.1412 0.2025 0.0135 0.6427 
          22  1 0.2032 0.2165 0.2207 0.3597 
          23  1 0.3119 0.2841 0.0595 0.3446 
          24  1 0.2117 0.3399 0.0271 0.4213 
          25  1 0.3985 0.2604 0.0257 0.3154 
          26  1 0.2066 0.5094 0.0623 0.2216 
          27  1 0.2732 0.3883 0.0167 0.3218 
          28  1 0.3405 0.2207 0.0092 0.4296 
          29  1 0.4950 0.2309 0.0123 0.2618 
          30  1 0.2125 0.1668 0.0189 0.6018 
          31  1 0.1601 0.1529 0.5771 0.1100 
          32  1 0.1940 0.2079 0.0122 0.5859 
          33  1 0.2242 0.2551 0.0139 0.5067 
          34  1 0.1234 0.1620 0.5667 0.1479 
          35  1 0.4463 0.2964 0.0511 0.2062 
          36  1 0.4332 0.2173 0.0411 0.3084 
          37  1 0.2174 0.4876 0.0771 0.2179 
          38  1 0.3668 0.1846 0.0161 0.4325 
          39  1 0.3422 0.2690 0.0127 0.3761 
          40  1 0.2181 0.3200 0.0110 0.4510 
          41  1 0.3251 0.4162 0.0198 0.2390 
          42  1 0.2341 0.4335 0.0228 0.3097 
          43  1 0.2694 0.5276 0.0338 0.1692 
          44  1 0.4108 0.2393 0.0095 0.3404 
          45  1 0.2308 0.5327 0.0172 0.2193 
          46  1 0.3186 0.2715 0.0308 0.3790 
          47  1 0.3596 0.4120 0.0290 0.1994 
          48  1 0.2225 0.3131 0.0456 0.4187 
          49  1 0.2745 0.2077 0.0514 0.4664 
          50  1 0.2830 0.4948 0.0696 0.1525 
          51  1 0.2599 0.4534 0.0415 0.2452 
          52  1 0.2934 0.2222 0.0572 0.4272 
          53  1 0.1514 0.1914 0.0235 0.6337 
          54  1 0.2983 0.5165 0.0111 0.1740 
          55  1 0.2094 0.1438 0.0094 0.6374 
          56  1 0.4752 0.2908 0.0226 0.2114 
          57  1 0.2398 0.5488 0.0885 0.1230 
          58  1 0.2330 0.2441 0.0230 0.4999 
          59  1 0.3808 0.1974 0.0134 0.4084 
          60  1 0.2332 0.2680 0.0377 0.4611 
          61  1 0.2566 0.5347 0.0071 0.2017 
          62  1 0.3722 0.2327 0.0188 0.3762 
          63  1 0.2718 0.4255 0.0345 0.2682 
          64  1 0.2994 0.3230 0.0241 0.3535 
          65  1 0.6356 0.1876 0.0106 0.1663 
          66  1 0.5377 0.2608 0.0129 0.1886 
          67  1 0.2912 0.1621 0.0164 0.5303 
          68  1 0.2685 0.5698 0.0510 0.1107 
          69  1 0.3413 0.3628 0.0097 0.2863 
          70  1 0.2939 0.1389 0.0165 0.5508 
          71  1 0.3223 0.5187 0.0150 0.1440 
          72  1 0.4011 0.2085 0.0057 0.3846 
          73  1 0.3786 0.2938 0.0549 0.2727 
          74  1 0.3025 0.2409 0.0082 0.4484 
          75  1 0.3223 0.4054 0.0221 0.2502 
          76  1 0.3126 0.4926 0.0973 0.0975 
          77  1 0.3487 0.1908 0.1445 0.3159 
          78  1 0.4162 0.3141 0.0188 0.2509 
          79  1 0.2768 0.2373 0.0091 0.4768 
          80  1 0.2893 0.5506 0.0194 0.1407 
          81  1 0.2272 0.2758 0.0199 0.4771 
          82  1 0.2237 0.7164 0.0086 0.0513 
          83  1 0.2105 0.5220 0.0187 0.2488 
          84  1 0.2389 0.4307 0.0193 0.3111 
          85  1 0.4085 0.3129 0.0168 0.2618 
          86  1 0.2438 0.1878 0.0248 0.5436 
          87  1 0.5923 0.2182 0.0094 0.1800 
          88  1 0.3460 0.4128 0.0245 0.2167 
          89  1 0.2206 0.7112 0.0107 0.0575 
          90  1 0.2790 0.4918 0.0111 0.2181 
          91  1 0.4286 0.2194 0.0116 0.3403 
          92  1 0.4256 0.2264 0.0099 0.3382 
          93  1 0.2619 0.1822 0.0253 0.5305 
          94  1 0.2730 0.1828 0.0065 0.5376 
          95  1 0.3137 0.2245 0.0153 0.4465 
          96  1 0.2176 0.2545 0.2512 0.2766 
          97  1 0.4116 0.1665 0.0127 0.4092 
          98  1 0.3429 0.2029 0.0214 0.4328 
          99  1 0.3949 0.3101 0.0230 0.2721 
         100  1 0.2467 0.3302 0.0251 0.3980 
         101  1 0.3919 0.3264 0.0271 0.2546 
         102  1 0.2817 0.3574 0.0126 0.3483 
         103  1 0.3744 0.1851 0.0528 0.3877 
         104  1 0.5386 0.3042 0.0105 0.1467 
         105  1 0.4728 0.3782 0.0238 0.1252 
         106  1 0.4662 0.3804 0.0222 0.1311 
         107  1 0.2008 0.4460 0.1148 0.2383 
         108  1 0.2619 0.1765 0.0070 0.5547 
         109  1 0.2379 0.2028 0.0350 0.5244 
         110  1 0.4630 0.3632 0.0106 0.1633 
         111  1 0.3425 0.2348 0.0218 0.4009 
         112  1 0.2546 0.1822 0.0146 0.5485 
         113  1 0.4328 0.2964 0.0066 0.2642 
         114  1 0.2157 0.4703 0.0904 0.2236 
         115  1 0.4668 0.2597 0.0102 0.2633 
         116  1 0.2207 0.6261 0.0292 0.1240 
         117  1 0.3665 0.2872 0.0139 0.3324 
         118  1 0.2551 0.2087 0.0197 0.5164 
         119  1 0.2117 0.1771 0.0175 0.5936 
         120  1 0.2225 0.1988 0.2847 0.2940 
         121  1 0.2254 0.3057 0.0914 0.3774 
         122  1 0.4852 0.2323 0.0061 0.2764 
         123  1 0.3124 0.3451 0.0123 0.3302 
         124  1 0.2727 0.3188 0.0228 0.3857 
         125  1 0.5656 0.2143 0.0074 0.2127 
         126  1 0.3815 0.1430 0.0073 0.4682 
         127  1 0.3545 0.2930 0.0372 0.3153 
         128  1 0.4152 0.3657 0.0245 0.1946 
         129  1 0.4162 0.2999 0.0209 0.2630 
         130  1 0.2235 0.1747 0.0161 0.5856 
         131  1 0.3473 0.2208 0.0124 0.4195 
         132  1 0.2352 0.3727 0.1165 0.2756 
         133  1 0.3921 0.1585 0.0079 0.4415 
         134  1 0.3590 0.2568 0.0088 0.3755 
         135  1 0.2029 0.1618 0.0065 0.6288 
         136  1 0.5473 0.2317 0.0063 0.2147 
         137  1 0.1866 0.2125 0.0313 0.5696 
         138  1 0.2125 0.4947 0.0409 0.2519 
         139  1 0.5188 0.1860 0.0172 0.2780 
         140  1 0.1820 0.2645 0.0863 0.4672 
         141  1 0.4108 0.3029 0.0082 0.2781 
         142  1 0.3156 0.1927 0.0153 0.4764 
         143  1 0.0857 0.1657 0.6406 0.1080 
         144  1 0.4664 0.3191 0.0124 0.2021 
         145  1 0.2471 0.3322 0.0620 0.3587 
         146  1 0.1551 0.1699 0.0064 0.6686 
         147  1 0.1400 0.3812 0.3501 0.1287 
         148  1 0.2821 0.1834 0.0203 0.5143 
         149  1 0.4430 0.2796 0.0320 0.2453 
         150  1 0.3463 0.3213 0.0282 0.3041 
         151  1 0.2040 0.2233 0.0199 0.5528 
         152  1 0.2871 0.2121 0.0136 0.4872 
         153  1 0.3396 0.4686 0.0188 0.1730 
         154  1 0.1845 0.1325 0.0065 0.6765 
         155  1 0.3369 0.3302 0.0316 0.3013 
         156  1 0.3553 0.2972 0.0143 0.3333 
         157  1 0.3254 0.3023 0.0416 0.3308 
         158  1 0.4817 0.2797 0.0115 0.2271 
         159  1 0.1747 0.7540 0.0161 0.0552 
         160  1 0.5219 0.2037 0.0090 0.2654 
         161  1 0.3483 0.2717 0.0581 0.3219 
         162  1 0.3748 0.2358 0.0249 0.3645 
         163  1 0.2887 0.1656 0.0146 0.5311 
         164  1 0.4460 0.3171 0.0069 0.2300 
         165  1 0.3709 0.3153 0.0533 0.2605 
         166  1 0.1847 0.2859 0.0261 0.5033 
         167  1 0.4088 0.3575 0.0100 0.2237 
         168  1 0.3035 0.2424 0.0234 0.4307 
         169  1 0.4291 0.3588 0.0633 0.1489 
         170  1 0.3631 0.1871 0.0237 0.4261 
         171  1 0.3130 0.2027 0.0102 0.4740 
         172  1 0.3902 0.2189 0.0168 0.3741 
         173  1 0.3715 0.2913 0.0979 0.2394 
         174  1 0.2226 0.5567 0.0355 0.1852 
         175  1 0.3056 0.4547 0.0236 0.2161 
         176  1 0.4509 0.2173 0.0286 0.3032 
         177  1 0.2867 0.2374 0.0226 0.4533 
         178  1 0.3351 0.2919 0.0545 0.3185 
         179  1 0.1925 0.1597 0.0099 0.6379 
         180  1 0.3695 0.3393 0.0212 0.2700 
         181  1 0.3789 0.1783 0.2366 0.2062 
         182  1 0.3107 0.2575 0.0349 0.3969 
         183  1 0.3778 0.4103 0.0216 0.1903 
         184  1 0.2050 0.2454 0.0450 0.5046 
         185  1 0.5019 0.2073 0.0321 0.2587 
         186  1 0.4695 0.2774 0.0198 0.2333 
         187  1 0.3210 0.4408 0.0221 0.2161 
         188  1 0.2444 0.4771 0.0304 0.2481 
         189  1 0.2598 0.1554 0.0260 0.5589 
         190  1 0.2940 0.2732 0.0172 0.4156 
         191  1 0.3754 0.2243 0.0450 0.3553 
         192  1 0.2775 0.2546 0.0159 0.4520 
         193  1 0.2197 0.5088 0.1025 0.1689 
         194  1 0.2516 0.2333 0.0324 0.4827 
         195  1 0.3017 0.2199 0.0456 0.4328 
         196  1 0.3019 0.3357 0.1667 0.1956 
         197  1 0.2552 0.1353 0.0075 0.6020 
         198  1 0.2346 0.1927 0.0116 0.5612 
         199  1 0.2852 0.1809 0.0116 0.5223 
         200  1 0.2455 0.3863 0.0165 0.3517 
         201  1 0.4028 0.2996 0.0157 0.2820 
         202  1 0.1971 0.5062 0.0926 0.2042 
         203  1 0.3763 0.3427 0.0268 0.2541 
         204  1 0.3786 0.2754 0.0277 0.3183 
         205  1 0.4635 0.1922 0.0090 0.3353 
         206  1 0.3262 0.3260 0.0140 0.3338 
         207  1 0.2619 0.3104 0.0221 0.4057 
         208  1 0.2893 0.4274 0.0685 0.2148 
         209  1 0.2082 0.6280 0.0120 0.1518 
         210  1 0.4697 0.2318 0.0086 0.2900 
         211  1 0.2333 0.2054 0.0093 0.5521 
         212  1 0.4341 0.2643 0.0197 0.2819 
         213  1 0.2626 0.4354 0.0721 0.2299 
         214  1 0.2887 0.3752 0.0114 0.3247 
         215  1 0.3649 0.4028 0.0222 0.2101 
         216  1 0.2304 0.2492 0.0362 0.4842 
         217  1 0.2543 0.4819 0.0391 0.2248 
         218  1 0.4491 0.2420 0.0271 0.2818 
         219  1 0.3437 0.3014 0.0105 0.3444 
         220  1 0.2676 0.5723 0.0326 0.1275 
         221  1 0.3431 0.2255 0.0080 0.4234 
         222  1 0.5181 0.2245 0.0069 0.2505 
         223  1 0.2885 0.2218 0.0287 0.4610 
         224  1 0.2348 0.2277 0.0096 0.5279 
         225  1 0.3249 0.1747 0.0071 0.4934 
         226  1 0.4871 0.2920 0.0138 0.2071 
         227  1 0.3720 0.4164 0.0120 0.1996 
         228  1 0.5039 0.2878 0.0410 0.1673 
         229  1 0.1822 0.1808 0.0106 0.6264 
         230  1 0.2740 0.5524 0.0200 0.1536 
         231  1 0.2091 0.6104 0.0252 0.1553 
         232  1 0.5210 0.2076 0.0091 0.2623 
         233  1 0.2489 0.4211 0.0261 0.3039 
         234  1 0.2010 0.3608 0.0107 0.4274 
         235  1 0.5434 0.2413 0.0212 0.1941 
         236  1 0.3392 0.3356 0.0731 0.2521 
         237  1 0.4090 0.3070 0.0078 0.2762 
         238  1 0.1853 0.4150 0.0260 0.3737 
         239  1 0.2569 0.4379 0.1277 0.1775 
         240  1 0.3560 0.1377 0.0075 0.4988 
         241  1 0.3638 0.1447 0.0078 0.4837 
         242  1 0.1935 0.4804 0.0262 0.3000 
         243  1 0.3462 0.1828 0.0160 0.4551 
         244  1 0.2815 0.2748 0.0486 0.3951 
         245  1 0.3451 0.3134 0.0091 0.3324 
         246  1 0.2731 0.3663 0.1728 0.1877 
         247  1 0.3721 0.3830 0.0195 0.2254 
         248  1 0.2923 0.2509 0.0481 0.4087 
         249  1 0.1938 0.6560 0.0329 0.1173 
         250  1 0.3047 0.4164 0.0154 0.2634 
         251  1 0.2698 0.1550 0.0115 0.5637 
         252  1 0.1292 0.1322 0.6179 0.1206 
         253  1 0.1717 0.2255 0.0762 0.5265 
         254  1 0.3175 0.3425 0.0083 0.3317 
         255  1 0.2927 0.2058 0.0168 0.4847 
         256  1 0.3548 0.2026 0.0105 0.4321 
         257  1 0.5722 0.1620 0.0087 0.2571 
         258  1 0.2736 0.2919 0.0181 0.4164 
         259  1 0.2284 0.2478 0.0478 0.4760 
         260  1 0.4071 0.1956 0.0102 0.3871 
         261  1 0.4842 0.2969 0.0262 0.1927 
         262  1 0.3925 0.3281 0.0505 0.2290 
         263  1 0.3812 0.2863 0.0368 0.2958 
         264  1 0.3274 0.2034 0.0197 0.4496 
         265  1 0.3223 0.2362 0.0183 0.4232 
         266  1 0.3076 0.1604 0.0141 0.5180 
         267  1 0.2867 0.3227 0.1038 0.2868 
         268  1 0.3438 0.3667 0.0140 0.2755 
         269  1 0.2014 0.3378 0.0120 0.4488 
         270  1 0.4490 0.1895 0.0066 0.3549 
         271  1 0.2999 0.1732 0.0142 0.5127 
         272  1 0.1791 0.2021 0.0275 0.5913 
         273  1 0.2494 0.3483 0.0258 0.3765 
         274  1 0.3131 0.4807 0.0435 0.1626 
         275  1 0.3584 0.4502 0.0121 0.1793 
         276  1 0.5192 0.2691 0.0171 0.1945 
         277  1 0.1827 0.1246 0.0075 0.6852 
         278  1 0.1429 0.1904 0.0098 0.6569 
         279  1 0.2696 0.2156 0.0254 0.4894 
         280  1 0.4336 0.2389 0.0122 0.3153 
         281  1 0.2830 0.2178 0.0242 0.4751 
         282  1 0.3278 0.1630 0.0207 0.4884 
         283  1 0.2397 0.1785 0.0148 0.5670 
         284  1 0.2868 0.2409 0.0100 0.4622 
         285  1 0.2851 0.5096 0.0206 0.1847 
         286  1 0.2135 0.6083 0.0217 0.1565 
         287  1 0.3756 0.1866 0.0120 0.4257 
         288  1 0.2585 0.2839 0.0209 0.4367 
         289  1 0.3158 0.2189 0.0199 0.4453 
         290  1 0.1553 0.2035 0.0248 0.6165 
         291  1 0.3305 0.2370 0.0334 0.3991 
         292  1 0.3087 0.2704 0.0093 0.4116 
         293  1 0.3031 0.4425 0.0100 0.2444 
         294  1 0.2055 0.1660 0.0292 0.5993 
         295  1 0.3744 0.1952 0.0210 0.4094 
         296  1 0.4851 0.2548 0.0294 0.2307 
         297  1 0.4248 0.2727 0.1384 0.1641 
         298  1 0.4900 0.3093 0.0191 0.1816 
         299  1 0.5783 0.2151 0.0064 0.2002 
         300  1 0.2772 0.3939 0.0352 0.2937 
         301  1 0.2131 0.4626 0.0293 0.2950 
         302  1 0.5446 0.1765 0.0165 0.2624 
         303  1 0.2777 0.4252 0.0681 0.2290 
         304  1 0.2199 0.2800 0.0166 0.4835 
         305  1 0.1810 0.2391 0.0106 0.5694 
         306  1 0.4174 0.2668 0.0140 0.3019 
         307  1 0.2876 0.4874 0.0260 0.1990 
         308  1 0.1733 0.4948 0.0190 0.3129 
         309  1 0.1614 0.2440 0.0128 0.5819 
         310  1 0.3795 0.2317 0.0155 0.3732 
         311  1 0.3440 0.4429 0.0266 0.1864 
         312  1 0.1791 0.6927 0.0229 0.1054 
         313  1 0.2458 0.2278 0.0184 0.5081 
         314  1 0.5067 0.2840 0.0092 0.2001 
         315  1 0.3154 0.3280 0.0721 0.2845 
         316  1 0.2268 0.5765 0.0608 0.1359 
         317  1 0.3296 0.3463 0.0673 0.2569 
         318  1 0.5071 0.2148 0.0136 0.2646 
         319  1 0.2311 0.1446 0.0097 0.6146 
         320  1 0.3695 0.2388 0.0080 0.3838 
         321  1 0.4420 0.2305 0.0154 0.3122 
         322  1 0.2739 0.1349 0.0307 0.5605 
         323  1 0.2113 0.1966 0.0156 0.5765 
         324  1 0.3266 0.4746 0.0159 0.1828 
         325  1 0.4756 0.1689 0.0071 0.3484 
         326  1 0.2600 0.3018 0.0091 0.4292 
         327  1 0.2564 0.4541 0.0359 0.2536 
         328  1 0.2580 0.3900 0.0922 0.2598 
         329  1 0.2084 0.3051 0.0111 0.4754 
         330  1 0.2669 0.2496 0.0361 0.4474 
         331  1 0.3996 0.1776 0.0195 0.4033 
         332  1 0.3565 0.1703 0.0259 0.4474 
         333  1 0.3104 0.3645 0.0248 0.3003 
         334  1 0.3145 0.2041 0.1763 0.3051 
         335  1 0.3897 0.1847 0.0080 0.4175 
         336  1 0.3001 0.1827 0.0131 0.5042 
         337  1 0.3494 0.1897 0.0423 0.4186 
         338  1 0.3034 0.2143 0.0432 0.4391 
         339  1 0.3130 0.2476 0.1224 0.3169 
         340  1 0.4897 0.2925 0.0207 0.1971 
         341  1 0.4609 0.1866 0.0169 0.3356 
         342  1 0.1321 0.2990 0.5132 0.0557 
         343  1 0.4265 0.2388 0.0295 0.3051 
         344  1 0.4188 0.2702 0.0249 0.2861 
         345  1 0.4110 0.1585 0.0390 0.3914 
         346  1 0.3563 0.2305 0.0227 0.3905 
         347  1 0.2283 0.5639 0.0652 0.1426 
         348  1 0.4600 0.3192 0.0057 0.2151 
         349  1 0.2910 0.3268 0.1812 0.2011 
         350  1 0.4384 0.3190 0.0198 0.2228 
         351  1 0.5055 0.1736 0.0116 0.3094 
         352  1 0.3315 0.2170 0.0074 0.4442 
         353  1 0.2273 0.2465 0.0089 0.5172 
         354  1 0.3281 0.3851 0.0135 0.2734 
         355  1 0.2774 0.5945 0.0176 0.1105 
         356  1 0.2759 0.5376 0.0549 0.1316 
         357  1 0.3117 0.3983 0.0137 0.2763 
         358  1 0.5601 0.2410 0.0080 0.1909 
         359  1 0.1959 0.2885 0.2479 0.2678 
         360  1 0.4577 0.2943 0.0202 0.2278 
         361  1 0.2256 0.4163 0.1694 0.1888 
         362  1 0.2062 0.6255 0.0347 0.1335 
         363  1 0.5007 0.2968 0.0079 0.1946 
         364  1 0.3110 0.2271 0.0558 0.4061 
         365  1 0.3681 0.2312 0.1677 0.2330 
         366  1 0.3878 0.3407 0.0259 0.2456 
         367  1 0.2903 0.1879 0.0197 0.5020 
         368  1 0.2438 0.1301 0.0145 0.6117 
         369  1 0.2415 0.5194 0.0091 0.2300 
         370  1 0.3396 0.2393 0.0102 0.4110 
         371  1 0.3858 0.3215 0.0129 0.2797 
         372  1 0.1736 0.6397 0.1037 0.0831 
         373  1 0.1388 0.6412 0.0939 0.1261 
         374  1 0.2564 0.1843 0.0811 0.4782 
         375  1 0.2955 0.3117 0.0199 0.3729 
         376  1 0.4640 0.1694 0.0100 0.3566 
         377  1 0.4762 0.2411 0.0276 0.2551 
         378  1 0.3432 0.2747 0.0203 0.3618 
         379  1 0.3048 0.5612 0.0275 0.1065 
         380  1 0.2654 0.1586 0.0105 0.5656 
         381  1 0.4013 0.2148 0.0169 0.3670 
         382  1 0.3646 0.2375 0.0138 0.3841 
         383  1 0.3154 0.3844 0.0132 0.2870 
         384  1 0.3992 0.2832 0.0152 0.3024 
         385  1 0.2351 0.4136 0.0188 0.3326 
         386  1 0.4328 0.3213 0.0216 0.2244 
         387  1 0.3895 0.1981 0.0228 0.3896 
         388  1 0.4358 0.2905 0.0732 0.2005 
         389  1 0.2865 0.4567 0.0095 0.2473 
         390  1 0.4513 0.1697 0.0105 0.3685 
         391  1 0.2609 0.2258 0.0184 0.4948 
         392  1 0.3789 0.3435 0.0267 0.2509 
         393  1 0.4475 0.2225 0.0135 0.3164 
         394  1 0.4410 0.3064 0.0282 0.2244 
         395  1 0.2532 0.2579 0.1858 0.3031 
         396  1 0.2781 0.4267 0.0071 0.2881 
         397  1 0.3566 0.3232 0.0271 0.2931 
         398  1 0.2846 0.2099 0.0233 0.4823 
         399  1 0.5054 0.2298 0.0142 0.2506 
         400  1 0.5074 0.2449 0.0338 0.2140 
         401  1 0.3591 0.2850 0.0158 0.3400 
         402  1 0.2431 0.2353 0.2477 0.2738 
         403  1 0.3460 0.3018 0.0335 0.3186 
         404  1 0.0632 0.0633 0.8220 0.0514 
         405  1 0.4818 0.2451 0.0622 0.2109 
         406  1 0.2331 0.5291 0.1011 0.1368 
         407  1 0.1214 0.1665 0.6582 0.0539 
         408  1 0.3094 0.2181 0.0178 0.4547 
         409  1 0.1191 0.2226 0.2268 0.4314 
         410  1 0.5050 0.2146 0.0147 0.2657 
         411  1 0.2955 0.4662 0.0144 0.2239 
         412  1 0.2335 0.2384 0.0369 0.4912 
         413  1 0.1988 0.4555 0.1365 0.2092 
         414  1 0.3191 0.2824 0.0334 0.3651 
         415  1 0.2316 0.2228 0.0103 0.5352 
         416  1 0.6021 0.1827 0.0095 0.2057 
         417  1 0.3188 0.5651 0.0155 0.1007 
         418  1 0.3666 0.5044 0.0135 0.1155 
         419  1 0.1553 0.3228 0.0551 0.4669 
         420  1 0.4665 0.2260 0.0608 0.2467 
         421  1 0.2013 0.7043 0.0105 0.0839 
         422  1 0.5625 0.2461 0.0114 0.1801 
         423  1 0.3283 0.2499 0.0240 0.3979 
         424  1 0.4952 0.2154 0.0089 0.2805 
         425  1 0.6031 0.1981 0.0136 0.1852 
         426  1 0.3578 0.2817 0.0488 0.3117 
         427  1 0.5093 0.2893 0.0258 0.1756 
         428  1 0.3212 0.2868 0.0398 0.3522 
         429  1 0.5943 0.2105 0.0168 0.1784 
         430  1 0.3149 0.2960 0.0131 0.3760 
         431  1 0.1744 0.7511 0.0138 0.0606 
         432  1 0.1288 0.1136 0.6829 0.0747 
         433  1 0.3945 0.2355 0.0557 0.3144 
         434  1 0.3236 0.3655 0.0234 0.2876 
         435  1 0.4799 0.2984 0.0201 0.2016 
         436  1 0.5298 0.2524 0.0245 0.1933 
         437  1 0.3648 0.4370 0.0103 0.1878 
         438  1 0.5097 0.3024 0.0131 0.1747 
         439  1 0.1242 0.1358 0.6245 0.1154 
         440  1 0.3749 0.4460 0.0693 0.1099 
         441  1 0.2483 0.4299 0.0302 0.2915 
         442  1 0.1855 0.1796 0.0172 0.6177 
         443  1 0.1574 0.4630 0.0640 0.3155 
         444  1 0.3879 0.3238 0.0406 0.2477 
         445  1 0.2702 0.4474 0.1425 0.1399 
         446  1 0.2331 0.3806 0.1404 0.2459 
         447  1 0.3254 0.4236 0.0310 0.2201 
         448  1 0.3714 0.2827 0.1518 0.1942 
         449  1 0.1791 0.3732 0.1523 0.2955 
         450  1 0.1786 0.5452 0.0974 0.1787 
         451  1 0.1412 0.2561 0.0228 0.5799 
         452  1 0.4635 0.3218 0.0648 0.1499 
         453  1 0.4115 0.3448 0.1268 0.1169 
         454  1 0.1513 0.3589 0.2343 0.2555 
         455  1 0.1812 0.4504 0.1319 0.2365 
         456  1 0.1607 0.4153 0.1997 0.2244 
         457  1 0.2958 0.4045 0.1368 0.1629 
         458  1 0.1831 0.4645 0.1082 0.2442 
         459  1 0.2753 0.2615 0.0176 0.4456 
         460  1 0.1531 0.2554 0.0142 0.5773 
         461  1 0.1968 0.5867 0.1511 0.0654 
         462  1 0.0104 0.0105 0.9695 0.0097 
         463  1 0.0114 0.0132 0.9660 0.0094 
         464  1 0.0203 0.0224 0.9406 0.0166 
         465  1 0.1275 0.6070 0.2277 0.0378 
         466  1 0.0365 0.0363 0.9056 0.0217 
         467  1 0.1366 0.1904 0.5257 0.1473 
         468  1 0.1649 0.2042 0.4577 0.1732 
         469  1 0.1722 0.4199 0.3204 0.0875 
         470  1 0.0544 0.1052 0.8038 0.0366 
         471  1 0.1146 0.2871 0.4685 0.1298 
         472  1 0.2723 0.2300 0.3533 0.1444 
         473  1 0.1852 0.3230 0.3574 0.1344 
         474  1 0.0186 0.0165 0.9478 0.0171 
         475  1 0.0801 0.2298 0.6485 0.0417 
         476  1 0.0209 0.0319 0.9230 0.0242 
         477  1 0.0201 0.0222 0.9347 0.0230 
         478  1 0.2495 0.1856 0.3829 0.1820 
         479  1 0.0172 0.0179 0.9481 0.0167 
         480  1 0.0138 0.0180 0.9543 0.0138 
         481  1 0.0180 0.0222 0.9411 0.0187 
         482  1 0.0089 0.0087 0.9729 0.0096 
         483  1 0.0179 0.0238 0.9404 0.0179 
         484  1 0.3025 0.3759 0.1331 0.1885 
         485  1 0.0433 0.0771 0.8457 0.0340 
         486  1 0.0296 0.0467 0.8948 0.0288 
         487  1 0.0095 0.0109 0.9691 0.0105 
         488  1 0.0223 0.0318 0.9251 0.0208 
         489  1 0.0684 0.2450 0.6286 0.0579 
         490  1 0.2739 0.2001 0.3704 0.1556 
         491  1 0.0185 0.0204 0.9435 0.0176 
         492  1 0.0412 0.0746 0.8585 0.0256 
         493  1 0.0133 0.0132 0.9611 0.0124 
         494  1 0.0081 0.0085 0.9745 0.0088 
         495  1 0.0086 0.0077 0.9752 0.0085 
         496  1 0.0214 0.0272 0.9263 0.0251 
         497  1 0.1572 0.3838 0.0649 0.3941 
         498  1 0.1017 0.1684 0.5999 0.1300 
         499  1 0.0123 0.0212 0.9526 0.0140 
         500  1 0.0704 0.1847 0.6472 0.0977 
         501  1 0.0107 0.0112 0.9677 0.0104 
         502  1 0.0128 0.0132 0.9596 0.0145 
         503  1 0.0099 0.0114 0.9697 0.0089 
         504  1 0.0164 0.0163 0.9528 0.0146 
         505  1 0.0697 0.0620 0.7997 0.0685 
         506  1 0.0480 0.0544 0.8399 0.0577 
         507  1 0.0160 0.0260 0.9426 0.0154 
         508  1 0.1116 0.1499 0.6599 0.0787 
         509  1 0.0073 0.0078 0.9775 0.0074 
         510  1 0.0164 0.0159 0.9512 0.0166 
         511  1 0.0113 0.0112 0.9660 0.0115 
         512  1 0.0163 0.0234 0.9416 0.0187 
         513  1 0.2653 0.3038 0.0735 0.3574 
         514  1 0.0107 0.0109 0.9647 0.0137 
         515  1 0.0558 0.0824 0.8352 0.0265 
         516  1 0.1447 0.1750 0.5370 0.1433 
         517  1 0.0140 0.0150 0.9567 0.0144 
         518  1 0.0082 0.0105 0.9719 0.0094 
         519  1 0.0160 0.0172 0.9496 0.0172 
         520  1 0.0305 0.0265 0.9200 0.0229 
         521  1 0.0102 0.0113 0.9683 0.0102 
         522  1 0.0083 0.0097 0.9741 0.0079 
         523  1 0.1188 0.0775 0.7169 0.0868 
         524  1 0.0192 0.0336 0.9314 0.0158 
         525  1 0.0208 0.0217 0.9372 0.0203 
         526  1 0.0219 0.0223 0.9355 0.0203 
         527  1 0.0280 0.0257 0.9242 0.0221 
         528  1 0.0227 0.0279 0.9304 0.0190 
         529  1 0.0902 0.1024 0.7551 0.0524 
         530  1 0.0096 0.0100 0.9712 0.0093 
         531  1 0.0216 0.0245 0.9290 0.0249 
         532  1 0.0160 0.0157 0.9516 0.0167 
         533  1 0.0134 0.0142 0.9598 0.0125 
         534  1 0.0177 0.0270 0.9380 0.0172 
         535  1 0.0128 0.0140 0.9584 0.0149 
         536  1 0.0068 0.0077 0.9792 0.0063 
         537  1 0.0089 0.0093 0.9714 0.0104 
         538  1 0.0082 0.0080 0.9760 0.0078 
         539  1 0.0066 0.0066 0.9803 0.0064 
         540  1 0.0195 0.0203 0.9344 0.0258 
         541  1 0.2305 0.3927 0.2488 0.1280 
         542  1 0.0111 0.0122 0.9651 0.0115 
         543  1 0.0281 0.0369 0.9021 0.0329 
         544  1 0.0152 0.0175 0.9499 0.0175 
         545  1 0.0074 0.0083 0.9770 0.0073 
         546  1 0.0852 0.1133 0.6897 0.1118 
         547  1 0.0359 0.0402 0.8847 0.0391 
         548  1 0.0140 0.0152 0.9563 0.0144 
         549  1 0.0130 0.0138 0.9564 0.0168 
         550  1 0.0089 0.0092 0.9733 0.0086 
         551  1 0.3392 0.2512 0.1751 0.2346 
         552  1 0.0139 0.0171 0.9569 0.0120 
         553  1 0.1134 0.1918 0.5226 0.1721 
         554  1 0.0476 0.0808 0.8305 0.0411 
         555  1 0.0098 0.0094 0.9713 0.0095 
         556  1 0.0268 0.0349 0.9215 0.0168 
         557  1 0.0077 0.0077 0.9775 0.0072 
         558  1 0.0368 0.0477 0.8841 0.0314 
         559  1 0.1232 0.1590 0.5965 0.1212 
         560  1 0.0350 0.0355 0.9042 0.0253 
         561  1 0.0445 0.0457 0.8761 0.0337 
         562  1 0.0070 0.0074 0.9789 0.0067 
         563  1 0.0120 0.0137 0.9639 0.0104 
         564  1 0.0118 0.0118 0.9632 0.0131 
         565  1 0.0278 0.0417 0.9058 0.0247 
         566  1 0.1385 0.2731 0.4719 0.1166 
         567  1 0.0132 0.0150 0.9562 0.0155 
         568  1 0.0388 0.0484 0.8800 0.0328 
         569  1 0.0141 0.0155 0.9554 0.0151 
         570  1 0.1021 0.1367 0.4070 0.3541 
         571  1 0.1653 0.3048 0.4527 0.0772 
         572  1 0.0244 0.0288 0.9276 0.0192 
         573  1 0.3392 0.3773 0.0119 0.2717 
         574  1 0.3065 0.3969 0.1551 0.1414 
         575  1 0.3425 0.3646 0.0855 0.2074 
         576  1 0.4961 0.2706 0.0314 0.2019 
         577  1 0.5561 0.2106 0.0201 0.2132 
         578  1 0.1531 0.4609 0.2776 0.1084 
         579  1 0.0318 0.0250 0.9205 0.0227 
         580  1 0.0857 0.1828 0.6566 0.0749 
         581  1 0.0110 0.0106 0.9668 0.0116 
         582  1 0.1434 0.3208 0.0333 0.5024 
         583  1 0.0133 0.0152 0.9588 0.0127 
         584  1 0.0896 0.1593 0.6659 0.0853 
         585  1 0.1224 0.1733 0.5866 0.1177 
         586  1 0.0127 0.0141 0.9618 0.0114 
         587  1 0.0154 0.0179 0.9424 0.0243 
         588  1 0.0107 0.0117 0.9653 0.0124 
         589  1 0.0430 0.0679 0.8329 0.0562 
         590  1 0.0117 0.0124 0.9607 0.0152 
         591  1 0.0143 0.0163 0.9587 0.0108 
         592  1 0.0329 0.0583 0.8766 0.0323 
         593  1 0.0109 0.0129 0.9649 0.0112 
         594  1 0.2006 0.2208 0.4924 0.0862 
         595  1 0.0422 0.0462 0.8688 0.0428 
         596  1 0.0068 0.0079 0.9784 0.0070 
         597  1 0.0118 0.0141 0.9622 0.0119 
         598  1 0.0890 0.0894 0.7016 0.1199 
         599  1 0.0084 0.0092 0.9738 0.0086 
         600  1 0.0125 0.0127 0.9629 0.0118 
         601  1 0.0083 0.0090 0.9738 0.0089 
         602  1 0.0485 0.0630 0.8572 0.0312 
         603  1 0.0260 0.0365 0.9140 0.0236 
         604  1 0.1038 0.0760 0.6846 0.1356 
         605  1 0.0217 0.0281 0.9276 0.0227 
         606  1 0.0218 0.0355 0.9076 0.0351 
         607  1 0.0071 0.0077 0.9784 0.0068 
         608  1 0.0961 0.1411 0.6972 0.0656 
         609  1 0.0189 0.0284 0.9324 0.0204 
         610  1 0.0175 0.0255 0.9422 0.0149 
         611  1 0.0623 0.0792 0.8126 0.0460 
         612  1 0.1976 0.6464 0.0816 0.0745 
         613  1 0.0091 0.0107 0.9699 0.0104 
         614  1 0.0092 0.0096 0.9723 0.0088 
         615  1 0.0102 0.0107 0.9700 0.0091 
         616  1 0.0273 0.0540 0.8921 0.0265 
         617  1 0.0148 0.0157 0.9496 0.0199 
         618  1 0.0285 0.0735 0.8699 0.0281 
         619  1 0.0118 0.0141 0.9608 0.0133 
         620  1 0.0185 0.0229 0.9424 0.0162 
         621  1 0.2754 0.2030 0.0945 0.4271 
         622  1 0.0131 0.0159 0.9578 0.0132 
         623  1 0.0220 0.0233 0.9318 0.0228 
