  1:   0.0460  0.0631  0.1612  0.1361  0.5936  1
  2:   0.1210  0.1030  0.0580  0.4100  0.3080  1
  3:   0.0711  0.0290  0.7798  0.0280  0.0921  1
  4:   0.2747  0.0559  0.1528  0.2527  0.2637  1
  5:   0.2817  0.1508  0.0380  0.1169  0.4126  1
  6:   0.4036  0.0270  0.0989  0.0529  0.4176  1
  7:   0.1570  0.2460  0.1160  0.2590  0.2220  1
  8:   0.0490  0.2038  0.4535  0.1159  0.1778  1
  9:   0.0420  0.6790  0.0380  0.0310  0.2100  1
 10:   0.0740  0.0810  0.0410  0.0520  0.7520  1
 11:   0.2537  0.0220  0.1239  0.0689  0.5315  1
 12:   0.0841  0.6747  0.0731  0.1021  0.0661  1
 13:   0.1880  0.0340  0.2040  0.5130  0.0610  1
 14:   0.0450  0.0440  0.7878  0.0781  0.0450  1
 15:   0.6570  0.0280  0.0730  0.1930  0.0490  1
 16:   0.2220  0.5880  0.0700  0.0890  0.0310  1
 17:   0.2212  0.0390  0.5926  0.1191  0.0280  1
 18:   0.0929  0.0440  0.7522  0.0509  0.0599  1
 19:   0.0480  0.1441  0.0290  0.0260  0.7528  1
 20:   0.1688  0.0350  0.0420  0.0619  0.6923  1
 21:   0.0370  0.7403  0.0390  0.1558  0.0280  1
 22:   0.1582  0.0430  0.0641  0.1261  0.6086  1
 23:   0.0750  0.1180  0.6540  0.0880  0.0650  1
 24:   0.0230  0.9190  0.0190  0.0210  0.0180  1
 25:   0.1830  0.0510  0.4770  0.2550  0.0340  1
 26:   0.1918  0.1738  0.1788  0.1658  0.2897  1
 27:   0.1070  0.6180  0.0810  0.0520  0.1420  1
 28:   0.0939  0.0400  0.1459  0.6583  0.0619  1
 29:   0.2388  0.0360  0.2418  0.3696  0.1139  1
 30:   0.0540  0.0560  0.2190  0.6130  0.0580  1
 31:   0.1742  0.1191  0.3143  0.2743  0.1181  1
 32:   0.5500  0.0710  0.0820  0.1770  0.1200  1
 33:   0.0480  0.0370  0.8222  0.0639  0.0290  1
 34:   0.0260  0.0370  0.0821  0.0300  0.8248  1
 35:   0.0240  0.0180  0.9030  0.0260  0.0290  1
 36:   0.0240  0.0590  0.0600  0.0360  0.8210  1
 37:   0.1350  0.2140  0.3070  0.2500  0.0940  1
 38:   0.0651  0.6937  0.0811  0.1121  0.0480  1
 39:   0.3140  0.0980  0.0720  0.2400  0.2760  1
 40:   0.2372  0.2432  0.3684  0.1091  0.0420  1
 41:   0.0460  0.8032  0.0390  0.0759  0.0360  1
 42:   0.1450  0.0320  0.6330  0.1200  0.0700  1
 43:   0.0270  0.5130  0.4040  0.0300  0.0260  1
 44:   0.0410  0.7548  0.0200  0.0561  0.1281  1
 45:   0.6120  0.0770  0.0620  0.1230  0.1260  1
 46:   0.0430  0.0440  0.8450  0.0370  0.0310  1
 47:   0.4630  0.2400  0.1180  0.1100  0.0690  1
 48:   0.5120  0.2430  0.0270  0.1410  0.0770  1
 49:   0.7003  0.0519  0.1249  0.0909  0.0320  1
 50:   0.6780  0.0830  0.0270  0.1690  0.0430  1
 51:   0.2507  0.0220  0.0360  0.6693  0.0220  1
 52:   0.2770  0.0600  0.1500  0.4570  0.0560  1
 53:   0.0739  0.0250  0.0919  0.4555  0.3536  1
 54:   0.7872  0.0250  0.0310  0.1339  0.0230  1
 55:   0.1050  0.1740  0.1940  0.3780  0.1490  1
 56:   0.2308  0.2318  0.0909  0.4136  0.0330  1
 57:   0.2100  0.0490  0.1830  0.5140  0.0440  1
 58:   0.0921  0.1562  0.1231  0.5516  0.0771  1
 59:   0.1568  0.0559  0.0619  0.2777  0.4476  1
 60:   0.3030  0.0730  0.0300  0.2990  0.2950  1
 61:   0.1090  0.7150  0.0490  0.0530  0.0740  1
 62:   0.3160  0.0530  0.1250  0.4550  0.0510  1
 63:   0.0420  0.0300  0.8650  0.0280  0.0350  1
 64:   0.1141  0.0210  0.0200  0.0821  0.7628  1
 65:   0.0430  0.1600  0.0410  0.7310  0.0250  1
 66:   0.0310  0.8492  0.0450  0.0310  0.0440  1
 67:   0.2673  0.0480  0.2693  0.3734  0.0420  1
 68:   0.5740  0.0970  0.0520  0.2520  0.0250  1
 69:   0.4600  0.1790  0.0590  0.2290  0.0730  1
 70:   0.7768  0.0410  0.0721  0.0691  0.0410  1
 71:   0.3996  0.0859  0.1538  0.3017  0.0589  1
 72:   0.0480  0.0280  0.8559  0.0390  0.0290  1
 73:   0.3203  0.1882  0.2022  0.2212  0.0681  1
 74:   0.0970  0.0280  0.5520  0.0980  0.2250  1
 75:   0.0660  0.2150  0.3630  0.2120  0.1440  1
 76:   0.2907  0.0380  0.0400  0.5864  0.0450  1
 77:   0.1350  0.0580  0.1510  0.1590  0.4970  1
 78:   0.2130  0.2470  0.3100  0.0880  0.1420  1
 79:   0.5790  0.0550  0.0940  0.0380  0.2340  1
 80:   0.0380  0.0300  0.8460  0.0480  0.0380  1
 81:   0.0390  0.1848  0.0290  0.6663  0.0809  1
 82:   0.1140  0.0340  0.6890  0.0940  0.0690  1
 83:   0.0340  0.1922  0.7017  0.0511  0.0210  1
 84:   0.0550  0.1880  0.1870  0.0890  0.4810  1
 85:   0.1120  0.0540  0.1610  0.6420  0.0310  1
 86:   0.0790  0.0590  0.0520  0.7740  0.0360  1
 87:   0.0971  0.2553  0.0601  0.0821  0.5055  1
 88:   0.2657  0.2887  0.2897  0.1059  0.0500  1
 89:   0.5320  0.0720  0.0670  0.2510  0.0780  1
 90:   0.0270  0.0280  0.8809  0.0360  0.0280  1
 91:   0.2683  0.1381  0.3624  0.1642  0.0671  1
 92:   0.0600  0.0390  0.1700  0.7010  0.0300  1
 93:   0.2440  0.1180  0.0560  0.5020  0.0800  1
 94:   0.1499  0.0599  0.1349  0.6104  0.0450  1
 95:   0.3093  0.0641  0.4825  0.0460  0.0981  1
 96:   0.2550  0.1660  0.2330  0.1770  0.1690  1
 97:   0.0701  0.0180  0.0430  0.1371  0.7317  1
 98:   0.4456  0.0639  0.1758  0.0669  0.2478  1
 99:   0.0590  0.0260  0.0360  0.8530  0.0260  1
100:   0.2370  0.0630  0.0920  0.5090  0.0990  1
101:   0.0520  0.2670  0.5600  0.0580  0.0630  1
102:   0.0699  0.1079  0.7433  0.0500  0.0290  1
103:   0.1430  0.4640  0.2570  0.0800  0.0560  1
104:   0.3067  0.0619  0.1808  0.0579  0.3926  1
105:   0.2520  0.1230  0.2090  0.2430  0.1730  1
106:   0.1409  0.1189  0.0559  0.6124  0.0719  1
107:   0.8370  0.0260  0.0390  0.0410  0.0570  1
108:   0.2252  0.1441  0.4324  0.1331  0.0651  1
109:   0.2480  0.1250  0.2410  0.3200  0.0660  1
110:   0.4004  0.0330  0.3263  0.0911  0.1491  1
111:   0.1239  0.0889  0.0609  0.0689  0.6573  1
112:   0.2102  0.0651  0.1391  0.1181  0.4675  1
113:   0.0630  0.0690  0.7610  0.0610  0.0460  1
114:   0.8939  0.0140  0.0260  0.0300  0.0360  1
115:   0.1110  0.5480  0.1240  0.0800  0.1370  1
116:   0.0980  0.2940  0.2130  0.2980  0.0970  1
117:   0.1160  0.3900  0.0350  0.0840  0.3750  1
118:   0.5804  0.0679  0.1149  0.1149  0.1219  1
119:   0.1610  0.0470  0.6780  0.0580  0.0560  1
120:   0.0509  0.0260  0.0789  0.7383  0.1059  1
121:   0.0660  0.8190  0.0340  0.0580  0.0230  1
122:   0.0869  0.1359  0.1868  0.4046  0.1858  1
123:   0.0240  0.0190  0.0250  0.0290  0.9030  1
124:   0.0370  0.0260  0.7780  0.1320  0.0270  1
125:   0.1090  0.0560  0.0910  0.1780  0.5660  1
126:   0.2490  0.0550  0.0640  0.1450  0.4870  1
127:   0.2118  0.0240  0.0849  0.6354  0.0440  1
128:   0.1980  0.1660  0.3810  0.0400  0.2150  1
129:   0.0679  0.0490  0.1219  0.7203  0.0410  1
130:   0.2360  0.0890  0.1190  0.3660  0.1900  1
131:   0.2348  0.0819  0.2677  0.2817  0.1339  1
132:   0.0669  0.0639  0.1069  0.3966  0.3656  1
133:   0.1740  0.4510  0.1620  0.1880  0.0250  1
134:   0.0560  0.0330  0.1780  0.7020  0.0310  1
135:   0.1079  0.0360  0.2517  0.5674  0.0370  1
136:   0.2720  0.0270  0.0790  0.5720  0.0500  1
137:   0.1170  0.0330  0.0460  0.6320  0.1720  1
138:   0.0360  0.0540  0.0260  0.7260  0.1580  1
139:   0.0770  0.0540  0.0380  0.5670  0.2640  1
140:   0.1039  0.0240  0.1059  0.0859  0.6803  1
141:   0.7790  0.0350  0.0210  0.0680  0.0970  1
142:   0.7100  0.0340  0.0560  0.0420  0.1580  1
143:   0.2258  0.0599  0.0330  0.4885  0.1928  1
144:   0.1339  0.0819  0.4605  0.2787  0.0450  1
145:   0.1720  0.0970  0.0480  0.3350  0.3480  1
146:   0.2248  0.0290  0.0480  0.6543  0.0440  1
147:   0.3370  0.2380  0.1760  0.1930  0.0560  1
148:   0.3423  0.1652  0.2773  0.1451  0.0701  1
149:   0.0680  0.4750  0.2280  0.0610  0.1680  1
150:   0.6240  0.0420  0.0780  0.2020  0.0540  1
151:   0.0230  0.8840  0.0340  0.0290  0.0300  1
152:   0.1650  0.0570  0.6320  0.0580  0.0880  1
153:   0.3946  0.3387  0.0410  0.1768  0.0490  1
154:   0.0490  0.6380  0.2110  0.0400  0.0620  1
155:   0.2070  0.5050  0.0410  0.1840  0.0630  1
156:   0.5040  0.0450  0.0670  0.2500  0.1340  1
157:   0.0440  0.0390  0.0740  0.1890  0.6540  1
158:   0.7133  0.0509  0.0340  0.1728  0.0290  1
159:   0.0430  0.0210  0.0670  0.0270  0.8420  1
160:   0.3190  0.1350  0.1840  0.3040  0.0580  1
161:   0.4470  0.0680  0.0760  0.0960  0.3130  1
162:   0.2585  0.3293  0.2345  0.1058  0.0719  1
163:   0.0869  0.0380  0.0460  0.2488  0.5804  1
164:   0.2490  0.0520  0.1690  0.1390  0.3910  1
165:   0.0440  0.0210  0.0380  0.0310  0.8660  1
166:   0.3470  0.1790  0.1780  0.0710  0.2250  1
167:   0.0500  0.8000  0.0750  0.0480  0.0270  1
168:   0.2960  0.0710  0.0500  0.5500  0.0330  1
169:   0.0350  0.0650  0.6400  0.1290  0.1310  1
170:   0.0841  0.0480  0.0270  0.8138  0.0270  1
171:   0.2000  0.0990  0.0720  0.1670  0.4620  1
172:   0.1299  0.4336  0.1738  0.1449  0.1179  1
173:   0.1220  0.6330  0.0570  0.0820  0.1060  1
174:   0.3330  0.0720  0.0540  0.2640  0.2770  1
175:   0.4625  0.1798  0.0889  0.2128  0.0559  1
176:   0.5120  0.2020  0.0400  0.2210  0.0250  1
177:   0.1978  0.4366  0.0909  0.2448  0.0300  1
178:   0.1330  0.0780  0.3710  0.3360  0.0820  1
179:   0.6860  0.0700  0.1110  0.0710  0.0620  1
180:   0.5670  0.0630  0.0500  0.0940  0.2260  1
181:   0.0320  0.8671  0.0460  0.0340  0.0210  1
182:   0.1910  0.1200  0.4820  0.1810  0.0260  1
183:   0.0490  0.0260  0.0290  0.7480  0.1480  1
184:   0.1610  0.1970  0.4920  0.0820  0.0680  1
185:   0.6950  0.0210  0.0720  0.0580  0.1540  1
186:   0.1030  0.2800  0.0440  0.0750  0.4980  1
187:   0.4430  0.1010  0.2250  0.0560  0.1750  1
188:   0.7167  0.0941  0.0480  0.1031  0.0380  1
189:   0.2960  0.0210  0.0250  0.5330  0.1250  1
190:   0.0681  0.7628  0.0901  0.0390  0.0400  1
191:   0.0340  0.3077  0.0729  0.0639  0.5215  1
192:   0.6637  0.1051  0.0911  0.0971  0.0430  1
193:   0.0250  0.0180  0.0240  0.0290  0.9040  1
194:   0.0320  0.0200  0.0310  0.0420  0.8751  1
195:   0.1311  0.0170  0.0210  0.4114  0.4194  1
196:   0.1270  0.0830  0.0690  0.0340  0.6870  1
197:   0.2330  0.0950  0.0550  0.0840  0.5330  1
198:   0.6513  0.0240  0.0599  0.0849  0.1798  1
199:   0.0310  0.0260  0.8820  0.0280  0.0330  1
200:   0.0990  0.0470  0.1240  0.1070  0.6230  1
201:   0.0350  0.0340  0.0470  0.0300  0.8540  1
202:   0.3030  0.0620  0.2390  0.3310  0.0650  1
203:   0.2720  0.0280  0.0810  0.5690  0.0500  1
204:   0.1962  0.0350  0.1351  0.5355  0.0981  1
205:   0.0750  0.6550  0.0710  0.0670  0.1320  1
206:   0.5240  0.0340  0.1260  0.0810  0.2350  1
207:   0.0580  0.8460  0.0330  0.0420  0.0210  1
208:   0.4090  0.1120  0.0750  0.1040  0.3000  1
209:   0.1359  0.1079  0.1449  0.0410  0.5704  1
210:   0.4150  0.0590  0.0440  0.1350  0.3470  1
211:   0.0450  0.7093  0.0490  0.0390  0.1578  1
212:   0.0930  0.6970  0.0530  0.0510  0.1060  1
213:   0.0670  0.0420  0.0430  0.8170  0.0310  1
214:   0.0999  0.0440  0.1329  0.1279  0.5954  1
215:   0.0599  0.1159  0.0370  0.4835  0.3037  1
216:   0.1490  0.0260  0.0670  0.5750  0.1830  1
217:   0.2897  0.0210  0.0260  0.5375  0.1259  1
218:   0.1020  0.6470  0.0390  0.0570  0.1550  1
219:   0.0340  0.0340  0.0470  0.0310  0.8540  1
220:   0.1001  0.0410  0.1121  0.6597  0.0871  1
221:   0.1330  0.0720  0.1140  0.0800  0.6010  1
222:   0.2430  0.1160  0.1490  0.3750  0.1170  1
223:   0.2940  0.0850  0.2770  0.1690  0.1750  1
224:   0.0670  0.1240  0.0510  0.5880  0.1700  1
225:   0.0290  0.8930  0.0320  0.0260  0.0200  1
226:   0.0410  0.8620  0.0410  0.0240  0.0320  1
227:   0.0501  0.7327  0.0821  0.0981  0.0370  1
228:   0.2050  0.0730  0.1240  0.0670  0.5310  1
229:   0.2980  0.3160  0.1430  0.0980  0.1450  1
230:   0.5100  0.0300  0.2140  0.1840  0.0620  1
231:   0.3546  0.2877  0.0500  0.2348  0.0729  1
232:   0.5360  0.0440  0.1610  0.0890  0.1700  1
233:   0.1050  0.1540  0.0500  0.6440  0.0470  1
234:   0.5200  0.0570  0.0510  0.2730  0.0990  1
235:   0.0350  0.0450  0.8210  0.0510  0.0480  1
236:   0.0961  0.0360  0.1101  0.5866  0.1712  1
237:   0.2837  0.3017  0.2967  0.0909  0.0270  1
238:   0.1050  0.7890  0.0410  0.0430  0.0220  1
239:   0.2977  0.0390  0.2767  0.2218  0.1648  1
240:   0.3473  0.0511  0.0541  0.3744  0.1732  1
241:   0.0360  0.8280  0.0380  0.0240  0.0740  1
242:   0.4394  0.0711  0.0591  0.1291  0.3013  1
243:   0.1770  0.0560  0.3020  0.4350  0.0300  1
244:   0.0370  0.0610  0.8450  0.0210  0.0360  1
245:   0.3483  0.1542  0.0891  0.0911  0.3173  1
246:   0.2640  0.0380  0.0460  0.3870  0.2650  1
247:   0.1798  0.1558  0.1089  0.3666  0.1888  1
248:   0.4034  0.3013  0.0531  0.1892  0.0531  1
249:   0.1970  0.0650  0.1340  0.4070  0.1970  1
250:   0.1720  0.2060  0.1060  0.4560  0.0600  1
251:   0.1250  0.0680  0.3900  0.3750  0.0420  1
252:   0.4755  0.1139  0.0470  0.2997  0.0639  1
253:   0.0930  0.0310  0.0540  0.0980  0.7240  1
254:   0.5950  0.0640  0.1850  0.0700  0.0860  1
255:   0.0390  0.0210  0.0970  0.0300  0.8130  1
256:   0.0400  0.0210  0.0990  0.0290  0.8110  1
257:   0.3864  0.0751  0.0901  0.0551  0.3934  1
258:   0.7540  0.0540  0.0290  0.0430  0.1200  1
259:   0.7802  0.0210  0.0270  0.0629  0.1089  1
260:   0.5700  0.1290  0.0370  0.1930  0.0710  1

  1:   0.0430  0.0650  0.1630  0.1360  0.5930  1
  2:   0.1010  0.1030  0.0550  0.4260  0.3150  1
  3:   0.0720  0.0290  0.7740  0.0290  0.0960  1
  4:   0.3070  0.0550  0.1360  0.2400  0.2620  1
  5:   0.2840  0.1550  0.0360  0.1190  0.4060  1
  6:   0.3896  0.0270  0.1009  0.0569  0.4256  1
  7:   0.1620  0.2590  0.1120  0.2500  0.2170  1
  8:   0.0509  0.1968  0.4655  0.1179  0.1688  1
  9:   0.0430  0.6797  0.0370  0.0320  0.2082  1
 10:   0.0680  0.0820  0.0400  0.0550  0.7550  1
 11:   0.2570  0.0220  0.1250  0.0680  0.5280  1
 12:   0.0810  0.6780  0.0700  0.1030  0.0680  1
 13:   0.1890  0.0340  0.2000  0.5190  0.0580  1
 14:   0.0480  0.0440  0.7830  0.0810  0.0440  1
 15:   0.6913  0.0290  0.0709  0.1648  0.0440  1
 16:   0.2148  0.5964  0.0719  0.0859  0.0310  1
 17:   0.2320  0.0400  0.5850  0.1160  0.0270  1
 18:   0.0900  0.0430  0.7550  0.0490  0.0630  1
 19:   0.0470  0.1470  0.0290  0.0260  0.7510  1
 20:   0.1532  0.0340  0.0420  0.0591  0.7117  1
 21:   0.0380  0.7390  0.0380  0.1570  0.0280  1
 22:   0.1598  0.0440  0.0599  0.1219  0.6144  1
 23:   0.0760  0.1170  0.6420  0.1000  0.0650  1
 24:   0.0230  0.9180  0.0200  0.0210  0.0180  1
 25:   0.1842  0.0501  0.4715  0.2593  0.0350  1
 26:   0.1838  0.1768  0.1758  0.1698  0.2937  1
 27:   0.1040  0.6140  0.0820  0.0520  0.1480  1
 28:   0.0890  0.0400  0.1510  0.6580  0.0620  1
 29:   0.2730  0.0360  0.2270  0.3600  0.1040  1
 30:   0.0520  0.0560  0.2170  0.6190  0.0560  1
 31:   0.1620  0.1180  0.3150  0.2830  0.1220  1
 32:   0.5590  0.0690  0.0830  0.1650  0.1240  1
 33:   0.0490  0.0370  0.8218  0.0631  0.0290  1
 34:   0.0250  0.0370  0.0830  0.0310  0.8240  1
 35:   0.0240  0.0180  0.9040  0.0260  0.0280  1
 36:   0.0240  0.0590  0.0630  0.0370  0.8170  1
 37:   0.1390  0.2140  0.2910  0.2630  0.0930  1
 38:   0.0650  0.6950  0.0790  0.1150  0.0460  1
 39:   0.3230  0.1040  0.0670  0.2440  0.2620  1
 40:   0.2290  0.2400  0.3810  0.1090  0.0410  1
 41:   0.0480  0.7978  0.0400  0.0781  0.0360  1
 42:   0.1540  0.0320  0.6230  0.1170  0.0740  1
 43:   0.0270  0.5175  0.3994  0.0300  0.0260  1
 44:   0.0420  0.7520  0.0200  0.0580  0.1280  1
 45:   0.6110  0.0810  0.0620  0.1190  0.1270  1
 46:   0.0460  0.0440  0.8410  0.0360  0.0330  1
 47:   0.4675  0.2452  0.1251  0.0951  0.0671  1
 48:   0.5070  0.2550  0.0280  0.1320  0.0780  1
 49:   0.7060  0.0530  0.1250  0.0840  0.0320  1
 50:   0.6970  0.0840  0.0260  0.1500  0.0430  1
 51:   0.2583  0.0230  0.0360  0.6617  0.0210  1
 52:   0.2753  0.0611  0.1522  0.4575  0.0541  1
 53:   0.0680  0.0240  0.0910  0.4800  0.3370  1
 54:   0.8120  0.0250  0.0300  0.1100  0.0230  1
 55:   0.0980  0.1730  0.1880  0.3900  0.1510  1
 56:   0.2302  0.2272  0.0861  0.4244  0.0320  1
 57:   0.2280  0.0510  0.1720  0.5070  0.0420  1
 58:   0.0900  0.1510  0.1220  0.5610  0.0760  1
 59:   0.1500  0.0580  0.0600  0.2940  0.4380  1
 60:   0.3020  0.0730  0.0290  0.3050  0.2910  1
 61:   0.1050  0.7180  0.0480  0.0510  0.0780  1
 62:   0.3130  0.0540  0.1270  0.4570  0.0490  1
 63:   0.0420  0.0320  0.8610  0.0270  0.0380  1
 64:   0.1131  0.0210  0.0200  0.0831  0.7628  1
 65:   0.0450  0.1640  0.0380  0.7290  0.0240  1
 66:   0.0310  0.8500  0.0440  0.0310  0.0440  1
 67:   0.2693  0.0470  0.2673  0.3754  0.0410  1
 68:   0.5880  0.1000  0.0540  0.2330  0.0250  1
 69:   0.4640  0.1940  0.0570  0.2150  0.0700  1
 70:   0.7820  0.0420  0.0740  0.0600  0.0420  1
 71:   0.4314  0.0831  0.1471  0.2853  0.0531  1
 72:   0.0510  0.0280  0.8550  0.0360  0.0300  1
 73:   0.3460  0.1870  0.1930  0.2080  0.0660  1
 74:   0.0999  0.0280  0.5355  0.1019  0.2348  1
 75:   0.0670  0.2180  0.3600  0.2100  0.1450  1
 76:   0.2837  0.0400  0.0420  0.5914  0.0430  1
 77:   0.1470  0.0590  0.1520  0.1610  0.4810  1
 78:   0.2128  0.2468  0.3057  0.0829  0.1518  1
 79:   0.5700  0.0550  0.0960  0.0370  0.2420  1
 80:   0.0400  0.0300  0.8430  0.0490  0.0380  1
 81:   0.0390  0.1810  0.0270  0.6720  0.0810  1
 82:   0.1200  0.0360  0.6820  0.0890  0.0730  1
 83:   0.0350  0.1950  0.6970  0.0520  0.0210  1
 84:   0.0550  0.1860  0.1890  0.0920  0.4780  1
 85:   0.1050  0.0570  0.1600  0.6470  0.0310  1
 86:   0.0730  0.0610  0.0500  0.7800  0.0360  1
 87:   0.0889  0.2547  0.0629  0.0899  0.5035  1
 88:   0.2703  0.2913  0.2873  0.1041  0.0470  1
 89:   0.5290  0.0700  0.0680  0.2550  0.0780  1
 90:   0.0280  0.0280  0.8781  0.0370  0.0290  1
 91:   0.2903  0.1361  0.3544  0.1502  0.0691  1
 92:   0.0600  0.0400  0.1660  0.7030  0.0310  1
 93:   0.2312  0.1141  0.0551  0.5205  0.0791  1
 94:   0.1421  0.0611  0.1361  0.6126  0.0480  1
 95:   0.3150  0.0640  0.4750  0.0450  0.1010  1
 96:   0.2600  0.1760  0.2270  0.1710  0.1660  1
 97:   0.0680  0.0190  0.0420  0.1460  0.7250  1
 98:   0.4500  0.0680  0.1700  0.0610  0.2510  1
 99:   0.0540  0.0260  0.0360  0.8590  0.0250  1
100:   0.2360  0.0620  0.0900  0.5120  0.1000  1
101:   0.0530  0.2660  0.5550  0.0600  0.0660  1
102:   0.0700  0.1060  0.7450  0.0510  0.0280  1
103:   0.1409  0.4575  0.2677  0.0759  0.0579  1
104:   0.2817  0.0649  0.1778  0.0579  0.4176  1
105:   0.2610  0.1260  0.2060  0.2490  0.1580  1
106:   0.1270  0.1190  0.0510  0.6320  0.0710  1
107:   0.8270  0.0260  0.0400  0.0400  0.0670  1
108:   0.2352  0.1522  0.4184  0.1271  0.0671  1
109:   0.2530  0.1310  0.2370  0.3110  0.0680  1
110:   0.4086  0.0340  0.3227  0.0889  0.1459  1
111:   0.1210  0.0900  0.0580  0.0670  0.6640  1
112:   0.2120  0.0650  0.1340  0.1150  0.4740  1
113:   0.0650  0.0700  0.7600  0.0640  0.0410  1
114:   0.8891  0.0150  0.0260  0.0300  0.0400  1
115:   0.1029  0.5634  0.1159  0.0769  0.1409  1
116:   0.0989  0.2977  0.2038  0.3027  0.0969  1
117:   0.1309  0.3886  0.0340  0.0789  0.3676  1
118:   0.5940  0.0720  0.1110  0.1040  0.1190  1
119:   0.1658  0.0450  0.6753  0.0559  0.0579  1
120:   0.0480  0.0240  0.0750  0.7830  0.0700  1
121:   0.0660  0.8220  0.0340  0.0550  0.0230  1
122:   0.0860  0.1330  0.1800  0.4230  0.1780  1
123:   0.0250  0.0190  0.0240  0.0290  0.9031  1
124:   0.0380  0.0270  0.7662  0.1419  0.0270  1
125:   0.1070  0.0600  0.0930  0.1880  0.5520  1
126:   0.2580  0.0550  0.0630  0.1420  0.4820  1
127:   0.2150  0.0240  0.0770  0.6380  0.0460  1
128:   0.1930  0.1590  0.3830  0.0410  0.2240  1
129:   0.0681  0.0480  0.1191  0.7267  0.0380  1
130:   0.2132  0.0931  0.1081  0.3994  0.1862  1
131:   0.2340  0.0810  0.2690  0.2760  0.1400  1
132:   0.0731  0.0641  0.1091  0.4314  0.3223  1
133:   0.1730  0.4630  0.1600  0.1800  0.0240  1
134:   0.0600  0.0340  0.1720  0.7010  0.0330  1
135:   0.1120  0.0370  0.2450  0.5660  0.0400  1
136:   0.2660  0.0290  0.0720  0.5810  0.0520  1
137:   0.1350  0.0330  0.0480  0.6580  0.1260  1
138:   0.0350  0.0511  0.0260  0.7638  0.1241  1
139:   0.0760  0.0530  0.0390  0.6150  0.2170  1
140:   0.1120  0.0240  0.1060  0.0870  0.6710  1
141:   0.7648  0.0350  0.0200  0.0691  0.1111  1
142:   0.6940  0.0340  0.0570  0.0400  0.1750  1
143:   0.2590  0.0590  0.0310  0.4970  0.1540  1
144:   0.1319  0.0839  0.4605  0.2777  0.0460  1
145:   0.1772  0.0981  0.0480  0.3584  0.3183  1
146:   0.2230  0.0290  0.0470  0.6550  0.0460  1
147:   0.3497  0.2458  0.1688  0.1798  0.0559  1
148:   0.3283  0.1632  0.2823  0.1562  0.0701  1
149:   0.0671  0.4725  0.2342  0.0611  0.1652  1
150:   0.6374  0.0440  0.0739  0.1898  0.0549  1
151:   0.0240  0.8811  0.0350  0.0290  0.0310  1
152:   0.1720  0.0610  0.6200  0.0580  0.0890  1
153:   0.3976  0.3447  0.0410  0.1668  0.0500  1
154:   0.0490  0.6326  0.2112  0.0400  0.0671  1
155:   0.2020  0.5040  0.0430  0.1870  0.0640  1
156:   0.5145  0.0450  0.0639  0.2458  0.1309  1
157:   0.0450  0.0400  0.0771  0.1952  0.6426  1
158:   0.7203  0.0500  0.0330  0.1688  0.0280  1
159:   0.0390  0.0210  0.0660  0.0280  0.8460  1
160:   0.3087  0.1339  0.1868  0.3147  0.0559  1
161:   0.4346  0.0679  0.0779  0.0939  0.3257  1
162:   0.2547  0.3317  0.2368  0.1009  0.0759  1
163:   0.0960  0.0380  0.0470  0.2650  0.5540  1
164:   0.2660  0.0540  0.1650  0.1410  0.3740  1
165:   0.0450  0.0220  0.0390  0.0330  0.8610  1
166:   0.3280  0.1840  0.1860  0.0700  0.2320  1
167:   0.0500  0.8012  0.0739  0.0480  0.0270  1
168:   0.3030  0.0710  0.0490  0.5440  0.0330  1
169:   0.0350  0.0651  0.6236  0.1431  0.1331  1
170:   0.0911  0.0480  0.0270  0.8088  0.0250  1
171:   0.2038  0.1019  0.0719  0.1758  0.4466  1
172:   0.1351  0.4384  0.1642  0.1431  0.1191  1
173:   0.1250  0.6310  0.0560  0.0820  0.1060  1
174:   0.3453  0.0741  0.0501  0.2713  0.2593  1
175:   0.4725  0.1922  0.0831  0.1952  0.0571  1
176:   0.5195  0.2068  0.0400  0.2088  0.0250  1
177:   0.1960  0.4410  0.0830  0.2510  0.0290  1
178:   0.1250  0.0780  0.3670  0.3440  0.0860  1
179:   0.6770  0.0720  0.1170  0.0670  0.0670  1
180:   0.5590  0.0660  0.0500  0.0950  0.2300  1
181:   0.0340  0.8650  0.0470  0.0330  0.0210  1
182:   0.1846  0.1248  0.4920  0.1727  0.0259  1
183:   0.0541  0.0260  0.0280  0.7578  0.1341  1
184:   0.1622  0.2012  0.4935  0.0741  0.0691  1
185:   0.6730  0.0220  0.0750  0.0570  0.1730  1
186:   0.0960  0.2730  0.0460  0.0770  0.5080  1
187:   0.4390  0.1040  0.2250  0.0560  0.1760  1
188:   0.7200  0.0950  0.0480  0.1000  0.0370  1
189:   0.3240  0.0200  0.0250  0.5410  0.0900  1
190:   0.0689  0.7582  0.0949  0.0380  0.0400  1
191:   0.0360  0.3093  0.0721  0.0651  0.5175  1
192:   0.6723  0.1069  0.0909  0.0879  0.0420  1
193:   0.0250  0.0190  0.0240  0.0290  0.9030  1
194:   0.0290  0.0200  0.0300  0.0420  0.8790  1
195:   0.1310  0.0180  0.0210  0.4390  0.3910  1
196:   0.1091  0.0821  0.0671  0.0320  0.7097  1
197:   0.2280  0.1010  0.0550  0.0900  0.5260  1
198:   0.6503  0.0240  0.0589  0.0829  0.1838  1
199:   0.0320  0.0250  0.8800  0.0280  0.0350  1
200:   0.1000  0.0470  0.1270  0.1100  0.6160  1
201:   0.0330  0.0350  0.0470  0.0310  0.8541  1
202:   0.3283  0.0601  0.2392  0.3083  0.0641  1
203:   0.2670  0.0280  0.0740  0.5790  0.0520  1
204:   0.1902  0.0340  0.1241  0.5465  0.1051  1
205:   0.0700  0.6540  0.0680  0.0660  0.1420  1
206:   0.5195  0.0350  0.1271  0.0821  0.2362  1
207:   0.0540  0.8490  0.0340  0.0420  0.0210  1
208:   0.4040  0.1070  0.0780  0.1050  0.3060  1
209:   0.1220  0.1110  0.1420  0.0430  0.5820  1
210:   0.3900  0.0590  0.0450  0.1470  0.3590  1
211:   0.0450  0.7110  0.0480  0.0400  0.1560  1
212:   0.0930  0.7020  0.0550  0.0480  0.1020  1
213:   0.0620  0.0420  0.0420  0.8230  0.0310  1
214:   0.0979  0.0460  0.1369  0.1299  0.5894  1
215:   0.0630  0.1190  0.0370  0.5100  0.2710  1
216:   0.1279  0.0260  0.0649  0.6034  0.1778  1
217:   0.3240  0.0220  0.0250  0.5390  0.0900  1
218:   0.1020  0.6400  0.0410  0.0590  0.1580  1
219:   0.0340  0.0340  0.0470  0.0320  0.8531  1
220:   0.1170  0.0430  0.1070  0.6490  0.0840  1
221:   0.1290  0.0750  0.1110  0.0840  0.6010  1
222:   0.2280  0.1190  0.1410  0.3990  0.1130  1
223:   0.2900  0.0860  0.2640  0.1690  0.1910  1
224:   0.0740  0.1310  0.0510  0.5920  0.1520  1
225:   0.0290  0.8920  0.0330  0.0260  0.0200  1
226:   0.0410  0.8629  0.0410  0.0230  0.0320  1
227:   0.0500  0.7330  0.0810  0.0980  0.0380  1
228:   0.1862  0.0761  0.1221  0.0761  0.5395  1
229:   0.2980  0.3160  0.1430  0.0960  0.1470  1
230:   0.5275  0.0290  0.1982  0.1832  0.0621  1
231:   0.3440  0.2800  0.0500  0.2510  0.0750  1
232:   0.5260  0.0460  0.1640  0.0870  0.1770  1
233:   0.1031  0.1552  0.0480  0.6486  0.0450  1
234:   0.5260  0.0620  0.0510  0.2650  0.0960  1
235:   0.0360  0.0470  0.8150  0.0530  0.0490  1
236:   0.0920  0.0370  0.1100  0.5880  0.1730  1
237:   0.2747  0.3127  0.2927  0.0919  0.0280  1
238:   0.1050  0.7870  0.0430  0.0440  0.0210  1
239:   0.3010  0.0400  0.2590  0.2250  0.1750  1
240:   0.3656  0.0509  0.0539  0.3596  0.1698  1
241:   0.0360  0.8260  0.0390  0.0240  0.0750  1
242:   0.4400  0.0720  0.0640  0.1370  0.2870  1
243:   0.1860  0.0560  0.2940  0.4350  0.0290  1
244:   0.0360  0.0629  0.8422  0.0220  0.0370  1
245:   0.3566  0.1538  0.0889  0.0909  0.3097  1
246:   0.3040  0.0400  0.0480  0.3940  0.2140  1
247:   0.1782  0.1612  0.1051  0.3704  0.1852  1
248:   0.4050  0.2950  0.0540  0.1970  0.0490  1
249:   0.1948  0.0669  0.1269  0.4176  0.1938  1
250:   0.1610  0.2120  0.1010  0.4690  0.0570  1
251:   0.1300  0.0690  0.3910  0.3670  0.0430  1
252:   0.4745  0.1119  0.0470  0.3057  0.0609  1
253:   0.0950  0.0300  0.0540  0.1010  0.7200  1
254:   0.5980  0.0660  0.1890  0.0610  0.0860  1
255:   0.0380  0.0210  0.0979  0.0290  0.8142  1
256:   0.0380  0.0210  0.0961  0.0270  0.8178  1
257:   0.3834  0.0781  0.0901  0.0511  0.3974  1
258:   0.7433  0.0529  0.0320  0.0440  0.1279  1
259:   0.7670  0.0220  0.0270  0.0690  0.1150  1
260:   0.5956  0.1311  0.0370  0.1732  0.0631  1

  1:   0.1572  0.0581  0.1502  0.1231  0.5115  1
  2:   0.2757  0.0859  0.0519  0.3437  0.2428  1
  3:   0.0580  0.0270  0.7890  0.0260  0.1000  1
  4:   0.3500  0.0490  0.1290  0.2200  0.2520  1
  5:   0.3287  0.1379  0.0330  0.0879  0.4126  1
  6:   0.3207  0.0260  0.1019  0.0490  0.5025  1
  7:   0.2523  0.2172  0.0961  0.2482  0.1862  1
  8:   0.0699  0.1968  0.4605  0.1119  0.1608  1
  9:   0.0490  0.6820  0.0350  0.0300  0.2040  1
 10:   0.0930  0.0750  0.0360  0.0440  0.7520  1
 11:   0.1792  0.0200  0.1211  0.0711  0.6086  1
 12:   0.0961  0.6697  0.0731  0.0981  0.0631  1
 13:   0.2000  0.0310  0.1950  0.5100  0.0640  1
 14:   0.0480  0.0400  0.7992  0.0729  0.0400  1
 15:   0.7570  0.0240  0.0590  0.1200  0.0400  1
 16:   0.2617  0.5624  0.0679  0.0779  0.0300  1
 17:   0.1900  0.0360  0.6350  0.1120  0.0270  1
 18:   0.0841  0.0380  0.7688  0.0501  0.0591  1
 19:   0.0410  0.1520  0.0260  0.0230  0.7580  1
 20:   0.1910  0.0300  0.0370  0.0500  0.6920  1
 21:   0.0510  0.7370  0.0370  0.1500  0.0250  1
 22:   0.3147  0.0370  0.0500  0.0979  0.5005  1
 23:   0.1558  0.1079  0.5914  0.0809  0.0639  1
 24:   0.0240  0.9220  0.0190  0.0190  0.0160  1
 25:   0.2282  0.0450  0.4424  0.2492  0.0350  1
 26:   0.2630  0.1580  0.1570  0.1400  0.2820  1
 27:   0.1470  0.5840  0.0730  0.0490  0.1470  1
 28:   0.0689  0.0360  0.1329  0.6943  0.0679  1
 29:   0.3217  0.0320  0.2128  0.3397  0.0939  1
 30:   0.0610  0.0510  0.2040  0.6340  0.0500  1
 31:   0.1870  0.1100  0.3180  0.2520  0.1330  1
 32:   0.5590  0.0650  0.0820  0.1600  0.1340  1
 33:   0.0470  0.0340  0.8340  0.0580  0.0270  1
 34:   0.0290  0.0350  0.0870  0.0300  0.8190  1
 35:   0.0230  0.0170  0.9110  0.0240  0.0250  1
 36:   0.0310  0.0629  0.0639  0.0370  0.8052  1
 37:   0.2720  0.1780  0.2550  0.2180  0.0770  1
 38:   0.0790  0.6960  0.0770  0.1050  0.0430  1
 39:   0.4174  0.0821  0.0591  0.1922  0.2492  1
 40:   0.3060  0.2190  0.3400  0.0940  0.0410  1
 41:   0.0490  0.8038  0.0370  0.0751  0.0350  1
 42:   0.2350  0.0290  0.5790  0.0910  0.0660  1
 43:   0.0280  0.5120  0.4090  0.0270  0.0240  1
 44:   0.0420  0.7560  0.0180  0.0570  0.1270  1
 45:   0.5530  0.0750  0.0620  0.1400  0.1700  1
 46:   0.0560  0.0400  0.8420  0.0310  0.0310  1
 47:   0.4520  0.2200  0.1440  0.1120  0.0720  1
 48:   0.5230  0.2260  0.0250  0.1520  0.0740  1
 49:   0.6850  0.0500  0.1430  0.0900  0.0320  1
 50:   0.6124  0.0919  0.0260  0.2188  0.0509  1
 51:   0.1530  0.0210  0.0370  0.7660  0.0230  1
 52:   0.2730  0.0600  0.1550  0.4530  0.0590  1
 53:   0.0919  0.0220  0.0809  0.5065  0.2987  1
 54:   0.8160  0.0220  0.0280  0.1100  0.0240  1
 55:   0.1240  0.1670  0.1780  0.3910  0.1400  1
 56:   0.2600  0.2210  0.0780  0.4090  0.0320  1
 57:   0.2920  0.0470  0.1600  0.4610  0.0400  1
 58:   0.1670  0.1350  0.1070  0.5250  0.0660  1
 59:   0.2680  0.0520  0.0560  0.2560  0.3680  1
 60:   0.3190  0.0710  0.0270  0.3020  0.2810  1
 61:   0.0980  0.7140  0.0480  0.0530  0.0870  1
 62:   0.2620  0.0470  0.1160  0.5300  0.0450  1
 63:   0.0330  0.0290  0.8740  0.0250  0.0390  1
 64:   0.0601  0.0190  0.0170  0.0731  0.8308  1
 65:   0.0530  0.1440  0.0370  0.7450  0.0210  1
 66:   0.0300  0.8591  0.0420  0.0290  0.0400  1
 67:   0.3340  0.0430  0.2500  0.3270  0.0460  1
 68:   0.4990  0.1060  0.0580  0.3110  0.0260  1
 69:   0.5926  0.1371  0.0511  0.1642  0.0551  1
 70:   0.7260  0.0430  0.0950  0.0800  0.0560  1
 71:   0.4635  0.0769  0.1469  0.2627  0.0500  1
 72:   0.0410  0.0260  0.8700  0.0340  0.0290  1
 73:   0.4204  0.1722  0.1792  0.1662  0.0621  1
 74:   0.0861  0.0250  0.5556  0.1061  0.2272  1
 75:   0.1320  0.1980  0.3560  0.1870  0.1270  1
 76:   0.2140  0.0360  0.0380  0.6700  0.0420  1
 77:   0.1580  0.0550  0.1520  0.1490  0.4860  1
 78:   0.2240  0.2340  0.2750  0.0750  0.1920  1
 79:   0.3780  0.0520  0.1040  0.0400  0.4260  1
 80:   0.0380  0.0270  0.8590  0.0410  0.0350  1
 81:   0.0460  0.1840  0.0260  0.6740  0.0700  1
 82:   0.1300  0.0330  0.6860  0.0820  0.0690  1
 83:   0.0490  0.1862  0.6947  0.0511  0.0190  1
 84:   0.1010  0.1750  0.1860  0.0840  0.4540  1
 85:   0.0800  0.0490  0.1360  0.7060  0.0290  1
 86:   0.0609  0.0519  0.0480  0.8042  0.0350  1
 87:   0.2843  0.2172  0.0531  0.0701  0.3754  1
 88:   0.3974  0.2482  0.2292  0.0841  0.0410  1
 89:   0.6246  0.0561  0.0521  0.1922  0.0751  1
 90:   0.0260  0.0260  0.8880  0.0340  0.0260  1
 91:   0.4150  0.1130  0.2880  0.1190  0.0650  1
 92:   0.0669  0.0350  0.1578  0.7113  0.0290  1
 93:   0.3050  0.1000  0.0510  0.4710  0.0730  1
 94:   0.1230  0.0530  0.1280  0.6510  0.0450  1
 95:   0.2650  0.0640  0.4950  0.0470  0.1290  1
 96:   0.2590  0.1610  0.2310  0.1870  0.1620  1
 97:   0.0621  0.0160  0.0390  0.1331  0.7497  1
 98:   0.5445  0.0511  0.1461  0.0470  0.2112  1
 99:   0.0380  0.0230  0.0310  0.8860  0.0220  1
100:   0.3047  0.0579  0.0869  0.4486  0.1019  1
101:   0.0659  0.2617  0.5634  0.0519  0.0569  1
102:   0.0630  0.1050  0.7580  0.0460  0.0280  1
103:   0.1620  0.4420  0.2660  0.0700  0.0600  1
104:   0.1940  0.0610  0.1900  0.0590  0.4960  1
105:   0.2670  0.1110  0.1960  0.2530  0.1730  1
106:   0.1880  0.1150  0.0480  0.5840  0.0650  1
107:   0.6360  0.0280  0.0570  0.0740  0.2050  1
108:   0.3610  0.1310  0.3610  0.0940  0.0530  1
109:   0.3490  0.1070  0.2100  0.2760  0.0580  1
110:   0.2710  0.0340  0.3610  0.1060  0.2280  1
111:   0.2500  0.0680  0.0470  0.0520  0.5830  1
112:   0.2332  0.0581  0.1271  0.1001  0.4815  1
113:   0.0589  0.0639  0.7692  0.0669  0.0410  1
114:   0.8130  0.0150  0.0360  0.0590  0.0770  1
115:   0.1880  0.4950  0.1260  0.0720  0.1190  1
116:   0.2080  0.2690  0.1760  0.2680  0.0790  1
117:   0.1490  0.3850  0.0310  0.0780  0.3570  1
118:   0.6553  0.0559  0.0899  0.0949  0.1039  1
119:   0.1610  0.0430  0.6820  0.0530  0.0610  1
120:   0.0460  0.0220  0.0710  0.8010  0.0600  1
121:   0.0519  0.8352  0.0340  0.0559  0.0230  1
122:   0.1610  0.1210  0.1790  0.3670  0.1720  1
123:   0.0260  0.0180  0.0230  0.0290  0.9040  1
124:   0.0689  0.0240  0.7622  0.1209  0.0240  1
125:   0.2170  0.0520  0.0800  0.1510  0.5000  1
126:   0.2040  0.0540  0.0680  0.1750  0.4990  1
127:   0.2112  0.0220  0.0781  0.6386  0.0501  1
128:   0.1459  0.1628  0.3736  0.0360  0.2817  1
129:   0.0731  0.0430  0.1121  0.7367  0.0350  1
130:   0.4660  0.0700  0.0810  0.2440  0.1390  1
131:   0.1962  0.0751  0.2793  0.2843  0.1652  1
132:   0.0981  0.0621  0.1091  0.4625  0.2683  1
133:   0.1960  0.4310  0.1560  0.1950  0.0220  1
134:   0.0971  0.0320  0.1732  0.6677  0.0300  1
135:   0.1430  0.0330  0.2530  0.5330  0.0380  1
136:   0.3063  0.0270  0.0771  0.5355  0.0541  1
137:   0.1109  0.0300  0.0450  0.7063  0.1079  1
138:   0.0370  0.0470  0.0230  0.7970  0.0960  1
139:   0.1100  0.0460  0.0350  0.6480  0.1610  1
140:   0.1199  0.0230  0.1059  0.0829  0.6683  1
141:   0.6140  0.0380  0.0200  0.1180  0.2100  1
142:   0.4400  0.0380  0.0780  0.0540  0.3900  1
143:   0.1812  0.0531  0.0290  0.5846  0.1522  1
144:   0.1830  0.0750  0.4560  0.2420  0.0440  1
145:   0.1780  0.0910  0.0460  0.3740  0.3110  1
146:   0.1420  0.0260  0.0430  0.7420  0.0470  1
147:   0.5485  0.1572  0.1221  0.1301  0.0420  1
148:   0.3430  0.1540  0.2780  0.1410  0.0840  1
149:   0.1249  0.4545  0.2198  0.0500  0.1508  1
150:   0.5260  0.0430  0.0810  0.2800  0.0700  1
151:   0.0280  0.8860  0.0320  0.0280  0.0260  1
152:   0.1992  0.0551  0.6016  0.0531  0.0911  1
153:   0.3760  0.3290  0.0410  0.1920  0.0620  1
154:   0.0571  0.6296  0.2092  0.0390  0.0651  1
155:   0.3450  0.4290  0.0370  0.1420  0.0470  1
156:   0.5660  0.0390  0.0620  0.2220  0.1110  1
157:   0.0500  0.0390  0.0789  0.2368  0.5954  1
158:   0.5914  0.0460  0.0340  0.2907  0.0380  1
159:   0.0420  0.0190  0.0669  0.0280  0.8442  1
160:   0.4440  0.1080  0.1530  0.2420  0.0530  1
161:   0.3410  0.0630  0.0660  0.0840  0.4460  1
162:   0.3490  0.2880  0.2060  0.0870  0.0700  1
163:   0.1700  0.0350  0.0420  0.2270  0.5260  1
164:   0.1790  0.0490  0.1490  0.1470  0.4760  1
165:   0.0519  0.0200  0.0400  0.0310  0.8571  1
166:   0.2970  0.1770  0.1810  0.0620  0.2830  1
167:   0.0470  0.8060  0.0740  0.0480  0.0250  1
168:   0.2830  0.0700  0.0530  0.5620  0.0320  1
169:   0.0760  0.0610  0.6380  0.1200  0.1050  1
170:   0.0900  0.0480  0.0250  0.8130  0.0240  1
171:   0.3130  0.0840  0.0660  0.1410  0.3960  1
172:   0.3614  0.3223  0.1311  0.1021  0.0831  1
173:   0.2140  0.5850  0.0480  0.0670  0.0860  1
174:   0.3220  0.0700  0.0530  0.2490  0.3060  1
175:   0.5050  0.1670  0.0770  0.1920  0.0590  1
176:   0.5720  0.1580  0.0350  0.2110  0.0240  1
177:   0.3257  0.4006  0.0679  0.1788  0.0270  1
178:   0.1920  0.0730  0.3620  0.2980  0.0750  1
179:   0.4920  0.0750  0.1660  0.1020  0.1650  1
180:   0.3596  0.0689  0.0589  0.1359  0.3766  1
181:   0.0320  0.8750  0.0430  0.0300  0.0200  1
182:   0.2010  0.1180  0.4970  0.1590  0.0250  1
183:   0.0650  0.0240  0.0250  0.7690  0.1170  1
184:   0.2060  0.1630  0.4940  0.0700  0.0670  1
185:   0.3700  0.0220  0.0990  0.0710  0.4380  1
186:   0.1150  0.2600  0.0390  0.0680  0.5180  1
187:   0.4590  0.0900  0.2010  0.0480  0.2020  1
188:   0.7233  0.0749  0.0460  0.1169  0.0390  1
189:   0.2300  0.0190  0.0240  0.6530  0.0740  1
190:   0.0720  0.7700  0.0890  0.0340  0.0350  1
191:   0.0600  0.3140  0.0690  0.0630  0.4940  1
192:   0.6980  0.0970  0.0840  0.0870  0.0340  1
193:   0.0270  0.0180  0.0240  0.0280  0.9030  1
194:   0.0380  0.0190  0.0280  0.0390  0.8760  1
195:   0.1080  0.0160  0.0190  0.4720  0.3850  1
196:   0.0850  0.0730  0.0570  0.0310  0.7540  1
197:   0.2140  0.0970  0.0520  0.0850  0.5520  1
198:   0.5395  0.0220  0.0601  0.0881  0.2903  1
199:   0.0290  0.0230  0.8890  0.0270  0.0320  1
200:   0.1091  0.0440  0.1221  0.1031  0.6216  1
201:   0.0300  0.0320  0.0430  0.0300  0.8649  1
202:   0.4374  0.0480  0.2102  0.2492  0.0551  1
203:   0.3060  0.0270  0.0770  0.5370  0.0530  1
204:   0.3473  0.0300  0.1171  0.4314  0.0741  1
205:   0.0859  0.6523  0.0669  0.0609  0.1339  1
206:   0.5290  0.0290  0.1020  0.0620  0.2780  1
207:   0.0490  0.8629  0.0300  0.0380  0.0200  1
208:   0.3674  0.1111  0.0691  0.0911  0.3614  1
209:   0.1030  0.0990  0.1140  0.0370  0.6470  1
210:   0.2212  0.0611  0.0420  0.1672  0.5085  1
211:   0.0470  0.7230  0.0450  0.0370  0.1480  1
212:   0.1030  0.6910  0.0530  0.0450  0.1080  1
213:   0.0540  0.0370  0.0370  0.8440  0.0280  1
214:   0.0920  0.0400  0.1370  0.1450  0.5860  1
215:   0.0720  0.1070  0.0350  0.5790  0.2070  1
216:   0.1330  0.0240  0.0650  0.5950  0.1830  1
217:   0.2268  0.0190  0.0250  0.6563  0.0729  1
218:   0.0820  0.6500  0.0370  0.0590  0.1720  1
219:   0.0310  0.0320  0.0450  0.0300  0.8621  1
220:   0.2160  0.0380  0.0950  0.5780  0.0730  1
221:   0.1080  0.0640  0.0920  0.0740  0.6620  1
222:   0.4655  0.0901  0.1031  0.2533  0.0881  1
223:   0.4570  0.0720  0.2170  0.1120  0.1420  1
224:   0.1130  0.1240  0.0460  0.5870  0.1300  1
225:   0.0270  0.9020  0.0290  0.0230  0.0190  1
226:   0.0420  0.8630  0.0400  0.0230  0.0320  1
227:   0.0579  0.7403  0.0759  0.0909  0.0350  1
228:   0.2917  0.0609  0.1099  0.0589  0.4785  1
229:   0.5070  0.2160  0.0960  0.0710  0.1100  1
230:   0.5475  0.0270  0.2062  0.1602  0.0591  1
231:   0.2713  0.3203  0.0511  0.2432  0.1141  1
232:   0.4570  0.0440  0.1710  0.0900  0.2380  1
233:   0.1080  0.1530  0.0440  0.6530  0.0420  1
234:   0.6406  0.0440  0.0410  0.1952  0.0791  1
235:   0.0470  0.0430  0.8160  0.0520  0.0420  1
236:   0.1560  0.0340  0.1060  0.5440  0.1600  1
237:   0.3090  0.2960  0.2890  0.0780  0.0280  1
238:   0.0840  0.8080  0.0420  0.0430  0.0230  1
239:   0.4190  0.0360  0.2190  0.1680  0.1580  1
240:   0.4710  0.0440  0.0470  0.2890  0.1490  1
241:   0.0360  0.8268  0.0370  0.0230  0.0771  1
242:   0.4605  0.0599  0.0549  0.1039  0.3207  1
243:   0.1732  0.0531  0.3043  0.4394  0.0300  1
244:   0.0400  0.0550  0.8500  0.0190  0.0360  1
245:   0.2867  0.1469  0.0829  0.0799  0.4036  1
246:   0.2140  0.0380  0.0450  0.4590  0.2440  1
247:   0.2503  0.1481  0.0921  0.3273  0.1822  1
248:   0.4705  0.2613  0.0490  0.1702  0.0490  1
249:   0.2188  0.0619  0.1229  0.4116  0.1848  1
250:   0.2783  0.1782  0.0951  0.3984  0.0501  1
251:   0.1732  0.0631  0.3824  0.3423  0.0390  1
252:   0.3370  0.1150  0.0460  0.3940  0.1080  1
253:   0.0749  0.0290  0.0490  0.0899  0.7572  1
254:   0.4985  0.0699  0.2468  0.0729  0.1119  1
255:   0.0340  0.0190  0.0961  0.0270  0.8238  1
256:   0.0340  0.0190  0.0999  0.0280  0.8192  1
257:   0.4815  0.0669  0.0799  0.0470  0.3247  1
258:   0.6610  0.0480  0.0300  0.0420  0.2190  1
259:   0.4785  0.0220  0.0320  0.1279  0.3397  1
260:   0.6360  0.1100  0.0340  0.1600  0.0600  1

  1:   0.0560  0.0650  0.1620  0.1170  0.6000  1
  2:   0.1210  0.1010  0.0560  0.4110  0.3110  1
  3:   0.0709  0.0300  0.7752  0.0290  0.0949  1
  4:   0.3123  0.0551  0.1391  0.2392  0.2543  1
  5:   0.2840  0.1530  0.0330  0.1110  0.4190  1
  6:   0.4170  0.0280  0.0950  0.0520  0.4080  1
  7:   0.1800  0.2490  0.1080  0.2500  0.2130  1
  8:   0.0550  0.2020  0.4610  0.1120  0.1700  1
  9:   0.0440  0.6783  0.0380  0.0330  0.2068  1
 10:   0.0750  0.0840  0.0420  0.0520  0.7470  1
 11:   0.2350  0.0220  0.1240  0.0720  0.5470  1
 12:   0.0840  0.6680  0.0690  0.1110  0.0680  1
 13:   0.1790  0.0330  0.1900  0.5340  0.0640  1
 14:   0.0490  0.0440  0.7868  0.0771  0.0430  1
 15:   0.7140  0.0270  0.0690  0.1470  0.0430  1
 16:   0.2172  0.5946  0.0691  0.0891  0.0300  1
 17:   0.2328  0.0400  0.5814  0.1169  0.0290  1
 18:   0.0860  0.0430  0.7610  0.0500  0.0600  1
 19:   0.0460  0.1528  0.0300  0.0280  0.7433  1
 20:   0.1670  0.0360  0.0410  0.0620  0.6940  1
 21:   0.0410  0.7300  0.0380  0.1630  0.0280  1
 22:   0.1850  0.0450  0.0600  0.1230  0.5870  1
 23:   0.0840  0.1170  0.6300  0.1020  0.0670  1
 24:   0.0240  0.9171  0.0200  0.0210  0.0180  1
 25:   0.2020  0.0520  0.4470  0.2640  0.0350  1
 26:   0.2060  0.1740  0.1750  0.1540  0.2910  1
 27:   0.1151  0.5986  0.0821  0.0531  0.1512  1
 28:   0.0860  0.0410  0.1380  0.6730  0.0620  1
 29:   0.2690  0.0360  0.2260  0.3570  0.1120  1
 30:   0.0560  0.0580  0.2210  0.6060  0.0590  1
 31:   0.1620  0.1210  0.3110  0.2850  0.1210  1
 32:   0.5495  0.0679  0.0769  0.1858  0.1199  1
 33:   0.0510  0.0380  0.8160  0.0650  0.0300  1
 34:   0.0260  0.0370  0.0910  0.0300  0.8160  1
 35:   0.0250  0.0180  0.9021  0.0260  0.0290  1
 36:   0.0270  0.0620  0.0640  0.0360  0.8110  1
