  1:   0.5802  0.1591  0.0628  0.1285  0.0694  1
  2:   0.2977  0.0548  0.0980  0.4048  0.1447  1
  3:   0.0950  0.7802  0.0286  0.0278  0.0684  1
  4:   0.2595  0.1412  0.0544  0.2372  0.3077  1
  5:   0.4120  0.0348  0.1487  0.1092  0.2953  1
  6:   0.4323  0.0991  0.0270  0.0528  0.3888  1
  7:   0.2111  0.1090  0.2447  0.2513  0.1839  1
  8:   0.1699  0.4609  0.1993  0.1149  0.0550  1
  9:   0.2070  0.0372  0.6802  0.0314  0.0442  1
 10:   0.7514  0.0402  0.0810  0.0512  0.0762  1
 11:   0.5505  0.1242  0.0216  0.0692  0.2345  1
 12:   0.0668  0.0712  0.6733  0.1038  0.0848  1
 13:   0.0624  0.1978  0.0328  0.5198  0.1872  1
 14:   0.0430  0.7898  0.0430  0.0772  0.0470  1
 15:   0.0444  0.0688  0.0270  0.1528  0.7071  1
 16:   0.0304  0.0696  0.5871  0.0860  0.2269  1
 17:   0.0278  0.5964  0.0386  0.1150  0.2222  1
 18:   0.0602  0.7595  0.0424  0.0498  0.0882  1
 19:   0.7510  0.0286  0.1488  0.0260  0.0456  1
 20:   0.6997  0.0408  0.0340  0.0586  0.1670  1
 21:   0.0274  0.0382  0.7365  0.1574  0.0406  1
 22:   0.5845  0.0594  0.0430  0.1192  0.1939  1
 23:   0.0652  0.6307  0.1162  0.0942  0.0938  1
 24:   0.0174  0.0194  0.9192  0.0204  0.0236  1
 25:   0.0348  0.4610  0.0496  0.2579  0.1967  1
 26:   0.2887  0.1718  0.1722  0.1588  0.2086  1
 27:   0.1459  0.0798  0.6058  0.0514  0.1170  1
 28:   0.0634  0.1402  0.0392  0.6729  0.0844  1
 29:   0.1069  0.2289  0.0352  0.3550  0.2740  1
 30:   0.0558  0.2154  0.0552  0.6191  0.0546  1
 31:   0.1226  0.3149  0.1178  0.2753  0.1693  1
 32:   0.1238  0.0816  0.0678  0.1744  0.5524  1
 33:   0.0288  0.8228  0.0366  0.0632  0.0486  1
 34:   0.8208  0.0856  0.0366  0.0306  0.0264  1
 35:   0.0280  0.9048  0.0178  0.0254  0.0240  1
 36:   0.8145  0.0630  0.0604  0.0360  0.0262  1
 37:   0.0892  0.2887  0.2064  0.2452  0.1704  1
 38:   0.0474  0.0794  0.6941  0.1104  0.0686  1
 39:   0.2652  0.0674  0.0970  0.2282  0.3422  1
 40:   0.0412  0.3625  0.2395  0.1084  0.2483  1
 41:   0.0358  0.0386  0.8004  0.0770  0.0482  1
 42:   0.0716  0.6165  0.0312  0.1116  0.1690  1
 43:   0.0256  0.4042  0.5132  0.0296  0.0274  1
 44:   0.1299  0.0194  0.7533  0.0566  0.0408  1
 45:   0.1368  0.0622  0.0782  0.1266  0.5962  1
 46:   0.0322  0.8408  0.0434  0.0360  0.0476  1
 47:   0.0686  0.1264  0.2384  0.1026  0.4640  1
 48:   0.0768  0.0270  0.2400  0.1334  0.5228  1
 49:   0.0318  0.1288  0.0524  0.0894  0.6977  1
 50:   0.0448  0.0262  0.0858  0.1626  0.6806  1
 51:   0.0224  0.0358  0.0222  0.6871  0.2326  1
 52:   0.0572  0.1516  0.0612  0.4502  0.2798  1
 53:   0.3406  0.0894  0.0238  0.4700  0.0762  1
 54:   0.0232  0.0298  0.0240  0.1152  0.8078  1
 55:   0.1456  0.1860  0.1700  0.3939  0.1044  1
 56:   0.0328  0.0854  0.2304  0.4136  0.2378  1
 57:   0.0418  0.1710  0.0494  0.5065  0.2314  1
 58:   0.0748  0.1144  0.1482  0.5537  0.1088  1
 59:   0.4332  0.0596  0.0570  0.2703  0.1799  1
 60:   0.2905  0.0288  0.0718  0.3033  0.3055  1
 61:   0.0784  0.0484  0.7162  0.0534  0.1036  1
 62:   0.0508  0.1256  0.0520  0.4654  0.3062  1
 63:   0.0370  0.8654  0.0306  0.0274  0.0396  1
 64:   0.7808  0.0194  0.0206  0.0801  0.0991  1
 65:   0.0244  0.0388  0.1560  0.7350  0.0458  1
 66:   0.0430  0.0446  0.8512  0.0306  0.0306  1
 67:   0.0426  0.2589  0.0462  0.3743  0.2779  1
 68:   0.0250  0.0536  0.1006  0.2647  0.5561  1
 69:   0.0678  0.0558  0.1732  0.1976  0.5055  1
 70:   0.0440  0.0774  0.0420  0.0674  0.7692  1
 71:   0.0556  0.1472  0.0826  0.2765  0.4381  1
 72:   0.0290  0.8583  0.0276  0.0374  0.0476  1
 73:   0.0660  0.1909  0.1841  0.1965  0.3624  1
 74:   0.2243  0.5536  0.0272  0.0998  0.0950  1
 75:   0.1410  0.3563  0.2122  0.2094  0.0810  1
 76:   0.0442  0.0398  0.0382  0.6061  0.2717  1
 77:   0.4909  0.1520  0.0570  0.1522  0.1478  1
 78:   0.1586  0.2997  0.2460  0.0846  0.2112  1
 79:   0.2784  0.0976  0.0544  0.0386  0.5309  1
 80:   0.0372  0.8468  0.0290  0.0476  0.0394  1
 81:   0.0808  0.0276  0.1822  0.6691  0.0404  1
 82:   0.0708  0.6810  0.0350  0.0916  0.1216  1
 83:   0.0204  0.6958  0.1931  0.0528  0.0378  1
 84:   0.4749  0.1860  0.1846  0.0890  0.0654  1
 85:   0.0304  0.1532  0.0530  0.6639  0.0996  1
 86:   0.0362  0.0494  0.0566  0.7871  0.0708  1
 87:   0.4772  0.0594  0.2478  0.0808  0.1348  1
 88:   0.0468  0.2681  0.2827  0.1024  0.2999  1
 89:   0.0780  0.0634  0.0684  0.2356  0.5546  1
 90:   0.0276  0.8824  0.0276  0.0354  0.0270  1
 91:   0.0676  0.3321  0.1349  0.1509  0.3145  1
 92:   0.0306  0.1577  0.0380  0.7131  0.0606  1
 93:   0.0786  0.0542  0.1122  0.4993  0.2556  1
 94:   0.0454  0.1310  0.0580  0.6313  0.1342  1
 95:   0.1050  0.4856  0.0648  0.0454  0.2991  1
 96:   0.1666  0.2326  0.1694  0.1716  0.2598  1
 97:   0.7332  0.0424  0.0180  0.1392  0.0672  1
 98:   0.2361  0.1656  0.0624  0.0580  0.4779  1
 99:   0.0244  0.0346  0.0252  0.8634  0.0524  1
100:   0.1006  0.0890  0.0622  0.4985  0.2497  1
101:   0.0632  0.5578  0.2665  0.0574  0.0552  1
102:   0.0282  0.7479  0.1068  0.0492  0.0680  1
103:   0.0584  0.2635  0.4571  0.0780  0.1430  1
104:   0.4216  0.1875  0.0618  0.0580  0.2711  1
105:   0.1716  0.2042  0.1230  0.2452  0.2559  1
106:   0.0704  0.0508  0.1174  0.6179  0.1436  1
107:   0.0924  0.0440  0.0266  0.0490  0.7881  1
108:   0.0632  0.4030  0.1454  0.1228  0.2656  1
109:   0.0638  0.2312  0.1224  0.3111  0.2714  1
110:   0.1640  0.3383  0.0338  0.0914  0.3725  1
111:   0.6401  0.0564  0.0860  0.0650  0.1525  1
112:   0.4733  0.1321  0.0642  0.1105  0.2199  1
113:   0.0436  0.7633  0.0674  0.0624  0.0634  1
114:   0.0456  0.0282  0.0146  0.0372  0.8744  1
115:   0.1334  0.1230  0.5393  0.0772  0.1272  1
116:   0.0922  0.1974  0.2919  0.2943  0.1242  1
117:   0.3673  0.0336  0.3899  0.0790  0.1302  1
118:   0.1124  0.1058  0.0664  0.1002  0.6154  1
119:   0.0570  0.6740  0.0452  0.0580  0.1658  1
120:   0.0888  0.0760  0.0246  0.7615  0.0492  1
121:   0.0232  0.0344  0.8240  0.0554  0.0630  1
122:   0.1843  0.1829  0.1323  0.3964  0.1040  1
123:   0.9028  0.0240  0.0188  0.0292  0.0252  1
124:   0.0264  0.7659  0.0260  0.1371  0.0446  1
125:   0.5464  0.0884  0.0572  0.1766  0.1314  1
126:   0.4946  0.0642  0.0544  0.1455  0.2413  1
127:   0.0462  0.0784  0.0238  0.6493  0.2022  1
128:   0.2311  0.3845  0.1646  0.0390  0.1808  1
129:   0.0390  0.1177  0.0474  0.7254  0.0704  1
130:   0.1803  0.1026  0.0872  0.3514  0.2785  1
131:   0.1432  0.2687  0.0808  0.2839  0.2234  1
132:   0.3416  0.1076  0.0640  0.4102  0.0766  1
133:   0.0236  0.1578  0.4506  0.1902  0.1778  1
134:   0.0318  0.1724  0.0332  0.6955  0.0670  1
135:   0.0384  0.2417  0.0352  0.5695  0.1152  1
136:   0.0510  0.0732  0.0280  0.5882  0.2596  1
137:   0.1514  0.0466  0.0322  0.6459  0.1240  1
138:   0.1382  0.0256  0.0510  0.7490  0.0362  1
139:   0.2346  0.0380  0.0524  0.5902  0.0848  1
140:   0.6740  0.1051  0.0238  0.0832  0.1139  1
141:   0.1266  0.0206  0.0358  0.0780  0.7390  1
142:   0.2146  0.0618  0.0358  0.0454  0.6423  1
143:   0.1800  0.0318  0.0586  0.4985  0.2310  1
144:   0.0448  0.4501  0.0808  0.2812  0.1431  1
145:   0.3337  0.0476  0.0966  0.3461  0.1759  1
146:   0.0460  0.0462  0.0280  0.6805  0.1994  1
147:   0.0520  0.1588  0.2190  0.1702  0.3999  1
148:   0.0736  0.2780  0.1641  0.1477  0.3366  1
149:   0.1608  0.2282  0.4722  0.0586  0.0802  1
150:   0.0576  0.0758  0.0436  0.2156  0.6075  1
151:   0.0294  0.0340  0.8826  0.0292  0.0248  1
152:   0.0882  0.6184  0.0580  0.0586  0.1767  1
153:   0.0520  0.0404  0.3420  0.1729  0.3928  1
154:   0.0652  0.2105  0.6323  0.0404  0.0516  1
155:   0.0600  0.0410  0.4877  0.1814  0.2298  1
156:   0.1270  0.0644  0.0438  0.2312  0.5337  1
157:   0.6440  0.0768  0.0390  0.1940  0.0462  1
158:   0.0306  0.0332  0.0496  0.1949  0.6918  1
159:   0.8423  0.0680  0.0206  0.0276  0.0416  1
160:   0.0564  0.1764  0.1264  0.2961  0.3447  1
161:   0.3439  0.0746  0.0668  0.0948  0.4199  1
162:   0.0727  0.2324  0.3219  0.0969  0.2760  1
163:   0.5637  0.0460  0.0374  0.2425  0.1105  1
164:   0.4085  0.1626  0.0522  0.1420  0.2348  1
165:   0.8619  0.0388  0.0212  0.0318  0.0464  1
166:   0.2407  0.1829  0.1823  0.0686  0.3255  1
167:   0.0266  0.0740  0.8012  0.0484  0.0498  1
168:   0.0330  0.0506  0.0712  0.5506  0.2946  1
169:   0.1256  0.6350  0.0638  0.1314  0.0442  1
170:   0.0260  0.0264  0.0480  0.8130  0.0866  1
171:   0.4453  0.0706  0.0964  0.1600  0.2278  1
172:   0.1082  0.1620  0.4075  0.1350  0.1873  1
173:   0.1020  0.0544  0.6220  0.0758  0.1458  1
174:   0.2784  0.0518  0.0742  0.2638  0.3318  1
175:   0.0578  0.0844  0.1824  0.2062  0.4692  1
176:   0.0252  0.0382  0.1915  0.2067  0.5384  1
177:   0.0294  0.0786  0.4305  0.2354  0.2261  1
178:   0.0818  0.3589  0.0758  0.3443  0.1392  1
179:   0.0852  0.1268  0.0724  0.0770  0.6387  1
180:   0.2602  0.0526  0.0662  0.1036  0.5174  1
181:   0.0208  0.0460  0.8673  0.0330  0.0330  1
182:   0.0256  0.4832  0.1218  0.1805  0.1889  1
183:   0.1430  0.0276  0.0260  0.7486  0.0548  1
184:   0.0682  0.4907  0.1916  0.0770  0.1724  1
185:   0.2246  0.0814  0.0218  0.0628  0.6095  1
186:   0.5019  0.0436  0.2761  0.0754  0.1030  1
187:   0.1800  0.2162  0.1004  0.0532  0.4502  1
188:   0.0376  0.0480  0.0898  0.1034  0.7212  1
189:   0.1094  0.0254  0.0206  0.5422  0.3024  1
190:   0.0390  0.0920  0.7622  0.0370  0.0698  1
191:   0.5139  0.0714  0.3095  0.0640  0.0412  1
192:   0.0400  0.0878  0.1042  0.0908  0.6772  1
193:   0.9034  0.0240  0.0184  0.0288  0.0254  1
194:   0.8759  0.0302  0.0200  0.0414  0.0326  1
195:   0.4141  0.0206  0.0172  0.4201  0.1280  1
196:   0.7068  0.0662  0.0810  0.0330  0.1130  1
197:   0.5359  0.0540  0.0986  0.0860  0.2254  1
198:   0.2014  0.0592  0.0234  0.0846  0.6314  1
199:   0.0332  0.8826  0.0250  0.0282  0.0310  1
200:   0.6201  0.1244  0.0466  0.1062  0.1026  1
201:   0.8556  0.0466  0.0342  0.0306  0.0330  1
202:   0.0610  0.2303  0.0580  0.3094  0.3412  1
203:   0.0508  0.0738  0.0278  0.5873  0.2602  1
204:   0.0932  0.1238  0.0332  0.5337  0.2161  1
205:   0.1361  0.0686  0.6540  0.0664  0.0750  1
206:   0.2450  0.1218  0.0334  0.0776  0.5221  1
207:   0.0210  0.0322  0.8511  0.0416  0.0540  1
208:   0.3121  0.0742  0.1126  0.1032  0.3979  1
209:   0.5890  0.1385  0.1080  0.0416  0.1229  1
210:   0.3903  0.0448  0.0610  0.1478  0.3560  1
211:   0.1554  0.0478  0.7123  0.0386  0.0460  1
212:   0.1058  0.0540  0.6953  0.0488  0.0962  1
213:   0.0306  0.0406  0.0406  0.8266  0.0616  1
214:   0.5939  0.1354  0.0440  0.1300  0.0968  1
215:   0.2834  0.0368  0.1140  0.5008  0.0650  1
216:   0.1810  0.0638  0.0254  0.6003  0.1296  1
217:   0.1092  0.0254  0.0208  0.5445  0.3002  1
218:   0.1600  0.0394  0.6459  0.0584  0.0964  1
219:   0.8549  0.0472  0.0336  0.0312  0.0332  1
220:   0.0826  0.1030  0.0418  0.6433  0.1294  1
221:   0.6147  0.1090  0.0722  0.0794  0.1248  1
222:   0.1116  0.1324  0.1128  0.3549  0.2883  1
223:   0.1722  0.2541  0.0822  0.1592  0.3323  1
224:   0.1598  0.0496  0.1282  0.5827  0.0798  1
225:   0.0198  0.0324  0.8934  0.0258  0.0286  1
226:   0.0322  0.0412  0.8618  0.0236  0.0412  1
227:   0.0376  0.0808  0.7337  0.0962  0.0518  1
228:   0.5206  0.1205  0.0716  0.0674  0.2199  1
229:   0.1390  0.1294  0.2916  0.0890  0.3510  1
230:   0.0610  0.2029  0.0292  0.1703  0.5366  1
231:   0.0844  0.0498  0.2969  0.2435  0.3255  1
232:   0.1842  0.1664  0.0446  0.0884  0.5164  1
233:   0.0450  0.0466  0.1539  0.6531  0.1014  1
234:   0.0938  0.0478  0.0554  0.2427  0.5602  1
235:   0.0472  0.8177  0.0454  0.0514  0.0382  1
236:   0.1700  0.1092  0.0366  0.5759  0.1082  1
237:   0.0278  0.2929  0.3061  0.0896  0.2837  1
238:   0.0218  0.0418  0.7924  0.0432  0.1008  1
239:   0.1644  0.2530  0.0392  0.2160  0.3274  1
240:   0.1662  0.0524  0.0488  0.3438  0.3888  1
241:   0.0746  0.0384  0.8271  0.0236  0.0362  1
242:   0.3027  0.0600  0.0692  0.1244  0.4437  1
243:   0.0294  0.2927  0.0548  0.4452  0.1779  1
244:   0.0356  0.8453  0.0606  0.0210  0.0376  1
245:   0.3355  0.0862  0.1498  0.0852  0.3433  1
246:   0.2537  0.0470  0.0392  0.3883  0.2719  1
247:   0.1871  0.1010  0.1577  0.3595  0.1947  1
248:   0.0514  0.0524  0.2934  0.1887  0.4141  1
249:   0.1966  0.1278  0.0658  0.4095  0.2004  1
250:   0.0572  0.0997  0.2027  0.4439  0.1965  1
251:   0.0418  0.3839  0.0672  0.3717  0.1354  1
252:   0.0738  0.0474  0.1135  0.3298  0.4355  1
253:   0.7322  0.0530  0.0306  0.0968  0.0874  1
254:   0.0912  0.1961  0.0662  0.0634  0.5832  1
255:   0.8118  0.1010  0.0208  0.0290  0.0374  1
256:   0.8118  0.1016  0.0206  0.0286  0.0374  1
257:   0.3744  0.0876  0.0742  0.0506  0.4131  1
258:   0.1440  0.0304  0.0518  0.0438  0.7301  1
259:   0.1637  0.0278  0.0218  0.0810  0.7057  1
260:   0.0642  0.0358  0.1238  0.1686  0.6076  1
