1:    0.187 0.272 0.318 0.223 1    
2:    0.395 0.133 0.216 0.256 1    
3:    0.184 0.192 0.146 0.478 1    
4:    0.189 0.459 0.177 0.175 1    
5:    0.182 0.320 0.190 0.308 1    
6:    0.193 0.251 0.280 0.276 1    
7:    0.350 0.178 0.158 0.314 1    
8:    0.237 0.253 0.217 0.293 1    
9:    0.188 0.297 0.241 0.273 1    
10:   0.410 0.246 0.195 0.149 1    
11:   0.220 0.279 0.160 0.341 1    
12:   0.227 0.388 0.167 0.218 1    
13:   0.168 0.299 0.285 0.248 1    
14:   0.160 0.193 0.144 0.503 1    
15:   0.114 0.334 0.122 0.430 1    
16:   0.201 0.232 0.254 0.312 1    
17:   0.180 0.205 0.444 0.171 1    
18:   0.224 0.263 0.172 0.341 1    
19:   0.291 0.262 0.282 0.166 1    
20:   0.268 0.207 0.229 0.297 1    
21:   0.197 0.264 0.271 0.268 1    
22:   0.299 0.213 0.149 0.339 1    
23:   0.218 0.326 0.240 0.216 1    
24:   0.226 0.189 0.422 0.163 1    
25:   0.210 0.226 0.313 0.250 1    
26:   0.204 0.347 0.166 0.284 1    
27:   0.559 0.115 0.201 0.125 1    
28:   0.153 0.132 0.133 0.582 1    
29:   0.411 0.301 0.189 0.100 1    
30:   0.096 0.353 0.247 0.305 1    
31:   0.273 0.221 0.318 0.189 1    
32:   0.171 0.387 0.206 0.236 1    
33:   0.145 0.152 0.306 0.397 1    
34:   0.225 0.226 0.292 0.257 1    
35:   0.152 0.329 0.223 0.296 1    
36:   0.170 0.422 0.145 0.262 1    
37:   0.399 0.232 0.189 0.179 1    
38:   0.464 0.255 0.147 0.134 1    
39:   0.129 0.324 0.225 0.322 1    
40:   0.197 0.237 0.350 0.216 1    
41:   0.240 0.388 0.109 0.263 1    
42:   0.258 0.209 0.360 0.173 1    
43:   0.344 0.223 0.194 0.238 1    
44:   0.212 0.238 0.286 0.263 1    
45:   0.137 0.194 0.432 0.236 1    
46:   0.338 0.103 0.344 0.215 1    
47:   0.161 0.429 0.217 0.193 1    
48:   0.363 0.298 0.189 0.149 1    
49:   0.164 0.266 0.294 0.277 1    
50:   0.247 0.206 0.149 0.398 1    
51:   0.121 0.213 0.554 0.112 1    
52:   0.183 0.151 0.418 0.248 1    
53:   0.152 0.243 0.260 0.345 1    
54:   0.241 0.247 0.390 0.122 1    
55:   0.369 0.116 0.354 0.161 1    
56:   0.323 0.216 0.330 0.131 1    
57:   0.197 0.080 0.618 0.105 1    
58:   0.308 0.177 0.232 0.283 1    
59:   0.104 0.129 0.394 0.373 1    
60:   0.217 0.266 0.194 0.323 1    
61:   0.290 0.262 0.178 0.271 1    
62:   0.156 0.419 0.195 0.230 1    
63:   0.211 0.384 0.216 0.188 1    
64:   0.189 0.308 0.295 0.208 1    
65:   0.333 0.136 0.283 0.249 1    
66:   0.520 0.143 0.132 0.206 1    
67:   0.160 0.339 0.129 0.373 1    
68:   0.270 0.320 0.157 0.252 1    
69:   0.446 0.231 0.121 0.202 1    
70:   0.258 0.292 0.203 0.248 1    
71:   0.353 0.094 0.344 0.208 1    
72:   0.167 0.103 0.524 0.206 1    
73:   0.437 0.254 0.140 0.169 1    
74:   0.214 0.239 0.306 0.240 1    
75:   0.267 0.114 0.096 0.523 1    
76:   0.228 0.371 0.164 0.237 1    
77:   0.317 0.133 0.102 0.448 1    
78:   0.175 0.429 0.257 0.139 1    
79:   0.320 0.368 0.133 0.179 1    
80:   0.117 0.392 0.152 0.339 1    
81:   0.160 0.193 0.150 0.497 1    
82:   0.150 0.203 0.387 0.261 1    
83:   0.139 0.317 0.123 0.420 1    
84:   0.132 0.446 0.171 0.251 1    
85:   0.405 0.157 0.257 0.181 1    
86:   0.210 0.196 0.242 0.352 1    
87:   0.278 0.223 0.297 0.203 1    
88:   0.454 0.186 0.162 0.198 1    
89:   0.234 0.127 0.265 0.374 1    
90:   0.320 0.162 0.325 0.193 1    
91:   0.238 0.284 0.223 0.255 1    
92:   0.366 0.214 0.116 0.304 1    
93:   0.214 0.146 0.419 0.221 1    
94:   0.221 0.158 0.217 0.405 1    
95:   0.133 0.562 0.151 0.155 1    
96:   0.368 0.357 0.099 0.176 1    
97:   0.245 0.245 0.184 0.325 1    
98:   0.123 0.475 0.272 0.130 1    
99:   0.195 0.194 0.339 0.273 1    
100:  0.248 0.262 0.191 0.299 1    
101:  0.254 0.170 0.287 0.289 1    
102:  0.173 0.236 0.182 0.409 1    
103:  0.242 0.142 0.134 0.482 1    
104:  0.272 0.313 0.206 0.208 1    
105:  0.193 0.267 0.279 0.261 1    
106:  0.311 0.102 0.152 0.435 1    
107:  0.361 0.264 0.183 0.192 1    
108:  0.183 0.228 0.366 0.223 1    
109:  0.156 0.243 0.181 0.419 1    
110:  0.386 0.271 0.146 0.198 1    
111:  0.134 0.465 0.135 0.266 1    
112:  0.166 0.205 0.383 0.246 1    
113:  0.168 0.189 0.421 0.222 1    
114:  0.283 0.216 0.218 0.282 1    
115:  0.351 0.118 0.328 0.203 1    
116:  0.307 0.141 0.305 0.247 1    
117:  0.451 0.168 0.218 0.163 1    
118:  0.221 0.173 0.443 0.163 1    
119:  0.279 0.128 0.217 0.377 1    
120:  0.170 0.162 0.262 0.407 1    
121:  0.208 0.202 0.413 0.177 1    
122:  0.360 0.375 0.097 0.169 1    
123:  0.292 0.338 0.199 0.171 1    
124:  0.509 0.133 0.240 0.119 1    
125:  0.391 0.118 0.333 0.159 1    
126:  0.611 0.087 0.185 0.117 1    
127:  0.523 0.128 0.159 0.190 1    
128:  0.329 0.252 0.203 0.216 1    
129:  0.297 0.263 0.259 0.181 1    
130:  0.153 0.261 0.096 0.490 1    
131:  0.179 0.324 0.148 0.349 1    
132:  0.170 0.247 0.299 0.283 1    
133:  0.200 0.310 0.302 0.188 1    
134:  0.181 0.368 0.115 0.336 1    
135:  0.153 0.124 0.333 0.389 1    
136:  0.148 0.494 0.174 0.185 1    
137:  0.103 0.471 0.115 0.311 1    
138:  0.160 0.502 0.125 0.212 1    
139:  0.147 0.247 0.440 0.165 1    
140:  0.182 0.233 0.224 0.362 1    
141:  0.111 0.178 0.290 0.421 1    
142:  0.165 0.302 0.313 0.220 1    
143:  0.159 0.182 0.359 0.300 1    
144:  0.337 0.190 0.322 0.151 1    
145:  0.246 0.318 0.297 0.139 1    
146:  0.083 0.104 0.661 0.152 1    
147:  0.167 0.565 0.127 0.140 1    
148:  0.211 0.218 0.347 0.224 1    
149:  0.289 0.322 0.179 0.210 1    
150:  0.128 0.576 0.144 0.152 1    
151:  0.203 0.207 0.310 0.281 1    
152:  0.184 0.192 0.292 0.333 1    
153:  0.284 0.197 0.256 0.263 1    
154:  0.191 0.370 0.192 0.246 1    
155:  0.192 0.402 0.242 0.164 1    
156:  0.316 0.357 0.205 0.123 1    
157:  0.235 0.292 0.183 0.290 1    
158:  0.143 0.365 0.281 0.212 1    
159:  0.185 0.282 0.203 0.330 1    
160:  0.103 0.548 0.141 0.208 1    
161:  0.179 0.227 0.301 0.294 1    
162:  0.335 0.187 0.124 0.354 1    
163:  0.322 0.252 0.196 0.231 1    
164:  0.163 0.286 0.165 0.385 1    
165:  0.314 0.223 0.193 0.270 1    
166:  0.115 0.437 0.300 0.148 1    
167:  0.337 0.290 0.205 0.168 1    
168:  0.110 0.487 0.157 0.246 1    
169:  0.267 0.167 0.255 0.312 1    
170:  0.116 0.099 0.224 0.561 1    
171:  0.156 0.466 0.201 0.177 1    
172:  0.212 0.201 0.411 0.176 1    
173:  0.159 0.147 0.283 0.412 1    
174:  0.250 0.164 0.374 0.212 1    
175:  0.201 0.177 0.345 0.277 1    
176:  0.136 0.272 0.244 0.348 1    
177:  0.301 0.152 0.332 0.215 1    
178:  0.163 0.232 0.412 0.193 1    
179:  0.309 0.230 0.318 0.144 1    
180:  0.182 0.433 0.131 0.254 1    
181:  0.166 0.215 0.130 0.489 1    
182:  0.159 0.590 0.122 0.129 1    
183:  0.175 0.360 0.291 0.174 1    
184:  0.204 0.202 0.167 0.427 1    
185:  0.421 0.135 0.240 0.204 1    
186:  0.493 0.147 0.192 0.168 1    
187:  0.248 0.405 0.121 0.226 1    
188:  0.332 0.171 0.342 0.155 1    
189:  0.337 0.174 0.263 0.226 1    
190:  0.203 0.110 0.570 0.117 1    
191:  0.251 0.125 0.351 0.273 1    
192:  0.194 0.318 0.161 0.328 1    
193:  0.236 0.158 0.352 0.254 1    
194:  0.111 0.545 0.131 0.213 1    
195:  0.120 0.235 0.356 0.288 1    
196:  0.299 0.120 0.313 0.268 1    
197:  0.175 0.158 0.499 0.168 1    
198:  0.181 0.132 0.346 0.341 1    
199:  0.696 0.108 0.083 0.113 1    
200:  0.475 0.216 0.163 0.146 1    
201:  0.449 0.166 0.201 0.184 1    
202:  0.185 0.512 0.118 0.185 1    
203:  0.288 0.216 0.325 0.171 1    
204:  0.426 0.123 0.274 0.178 1    
205:  0.463 0.215 0.155 0.167 1    
206:  0.529 0.201 0.139 0.131 1    
207:  0.192 0.222 0.216 0.371 1    
208:  0.143 0.337 0.181 0.340 1    
209:  0.377 0.124 0.246 0.253 1    
210:  0.195 0.156 0.464 0.185 1    
211:  0.238 0.109 0.501 0.153 1    
212:  0.193 0.571 0.112 0.124 1    
213:  0.206 0.164 0.372 0.258 1    
214:  0.272 0.093 0.343 0.292 1    
215:  0.178 0.160 0.467 0.194 1    
216:  0.126 0.287 0.369 0.217 1    
217:  0.228 0.165 0.448 0.159 1    
218:  0.154 0.266 0.378 0.202 1    
219:  0.532 0.066 0.224 0.178 1    
220:  0.266 0.389 0.227 0.118 1    
221:  0.473 0.189 0.194 0.145 1    
222:  0.142 0.266 0.372 0.220 1    
223:  0.267 0.115 0.536 0.081 1    
224:  0.539 0.136 0.188 0.137 1    
225:  0.163 0.105 0.565 0.167 1    
226:  0.326 0.125 0.298 0.251 1    
227:  0.254 0.209 0.219 0.317 1    
228:  0.168 0.582 0.116 0.135 1    
229:  0.282 0.289 0.202 0.226 1    
230:  0.501 0.093 0.228 0.179 1    
231:  0.497 0.097 0.275 0.131 1    
232:  0.269 0.169 0.138 0.424 1    
233:  0.128 0.541 0.155 0.176 1    
234:  0.223 0.227 0.382 0.168 1    
235:  0.359 0.218 0.223 0.200 1    
236:  0.146 0.461 0.177 0.215 1    
237:  0.182 0.199 0.448 0.171 1    
238:  0.266 0.162 0.096 0.477 1    
239:  0.116 0.439 0.144 0.301 1    
240:  0.128 0.123 0.417 0.332 1    
241:  0.301 0.109 0.212 0.378 1    
242:  0.348 0.251 0.151 0.250 1    
243:  0.283 0.226 0.324 0.167 1    
244:  0.109 0.177 0.264 0.450 1    
245:  0.107 0.172 0.265 0.456 1    
246:  0.268 0.316 0.262 0.154 1    
247:  0.208 0.138 0.143 0.511 1    
248:  0.125 0.144 0.401 0.331 1    
249:  0.406 0.221 0.178 0.195 1    
250:  0.196 0.083 0.549 0.172 1    
251:  0.189 0.311 0.270 0.229 1    
252:  0.155 0.332 0.253 0.260 1    
253:  0.126 0.335 0.317 0.223 1    
254:  0.190 0.332 0.255 0.223 1    
255:  0.235 0.183 0.244 0.338 1    
256:  0.211 0.147 0.168 0.474 1    
257:  0.474 0.156 0.227 0.143 1    
258:  0.162 0.514 0.149 0.174 1    
259:  0.131 0.108 0.683 0.078 1    
260:  0.167 0.232 0.350 0.251 1    
261:  0.197 0.315 0.228 0.260 1    
262:  0.233 0.346 0.152 0.269 1    
263:  0.146 0.440 0.160 0.254 1    
264:  0.130 0.389 0.248 0.234 1    
265:  0.259 0.179 0.170 0.392 1    
266:  0.214 0.123 0.479 0.183 1    
267:  0.339 0.259 0.176 0.226 1    
268:  0.139 0.281 0.321 0.259 1    
269:  0.399 0.220 0.163 0.218 1    
270:  0.412 0.101 0.288 0.198 1    
271:  0.373 0.235 0.224 0.168 1    
272:  0.175 0.230 0.316 0.278 1    
273:  0.303 0.218 0.289 0.189 1    
274:  0.338 0.434 0.117 0.111 1    
275:  0.178 0.176 0.438 0.208 1    
276:  0.107 0.206 0.185 0.502 1    
277:  0.390 0.107 0.309 0.194 1    
278:  0.171 0.161 0.260 0.408 1    
279:  0.291 0.166 0.111 0.432 1    
280:  0.385 0.105 0.166 0.345 1    
281:  0.344 0.155 0.218 0.283 1    
282:  0.161 0.208 0.194 0.438 1    
283:  0.172 0.511 0.120 0.196 1    
284:  0.231 0.153 0.157 0.459 1    
285:  0.263 0.418 0.208 0.111 1    
286:  0.153 0.285 0.204 0.358 1    
287:  0.116 0.270 0.229 0.385 1    
288:  0.449 0.180 0.195 0.176 1    
289:  0.178 0.489 0.141 0.192 1    
290:  0.230 0.212 0.216 0.342 1    
291:  0.202 0.338 0.239 0.221 1    
292:  0.240 0.261 0.246 0.253 1    
293:  0.228 0.430 0.180 0.162 1    
294:  0.301 0.155 0.172 0.371 1    
295:  0.280 0.287 0.121 0.312 1    
296:  0.336 0.194 0.170 0.301 1    
297:  0.160 0.468 0.237 0.135 1    
298:  0.130 0.222 0.308 0.340 1    
299:  0.215 0.460 0.209 0.116 1    
300:  0.229 0.181 0.422 0.168 1    
301:  0.179 0.144 0.223 0.453 1    
302:  0.123 0.125 0.621 0.131 1    
303:  0.246 0.343 0.186 0.226 1    
304:  0.221 0.122 0.366 0.291 1    
305:  0.297 0.143 0.274 0.285 1    
306:  0.199 0.102 0.265 0.434 1    
307:  0.196 0.265 0.273 0.266 1    
308:  0.149 0.469 0.185 0.198 1    
309:  0.305 0.403 0.147 0.145 1    
310:  0.149 0.466 0.139 0.245 1    
311:  0.172 0.408 0.177 0.243 1    
312:  0.267 0.108 0.160 0.466 1    
313:  0.297 0.464 0.106 0.133 1    
314:  0.470 0.170 0.178 0.182 1    
315:  0.175 0.342 0.173 0.310 1    
316:  0.085 0.323 0.280 0.312 1    
317:  0.166 0.287 0.267 0.280 1    
318:  0.186 0.361 0.169 0.284 1    
319:  0.214 0.113 0.200 0.472 1    
320:  0.194 0.269 0.287 0.250 1    
321:  0.255 0.310 0.313 0.121 1    
322:  0.318 0.162 0.257 0.263 1    
323:  0.385 0.129 0.322 0.164 1    
324:  0.228 0.167 0.467 0.137 1    
325:  0.155 0.341 0.171 0.333 1    
326:  0.270 0.175 0.345 0.210 1    
327:  0.286 0.198 0.269 0.247 1    
328:  0.348 0.231 0.149 0.272 1    
329:  0.245 0.331 0.153 0.271 1    
330:  0.135 0.407 0.130 0.328 1    
331:  0.123 0.188 0.264 0.425 1    
332:  0.152 0.306 0.267 0.275 1    
333:  0.192 0.264 0.385 0.159 1    
334:  0.317 0.277 0.172 0.234 1    
335:  0.318 0.293 0.164 0.225 1    
336:  0.239 0.287 0.189 0.285 1    
337:  0.199 0.172 0.269 0.360 1    
338:  0.291 0.113 0.129 0.467 1    
339:  0.318 0.180 0.255 0.247 1    
340:  0.285 0.193 0.274 0.248 1    
341:  0.227 0.268 0.303 0.203 1    
342:  0.165 0.321 0.239 0.276 1    
343:  0.224 0.428 0.228 0.120 1    
344:  0.107 0.527 0.135 0.231 1    
345:  0.341 0.199 0.159 0.301 1    
346:  0.266 0.262 0.240 0.232 1    
347:  0.305 0.344 0.141 0.211 1    
348:  0.147 0.314 0.221 0.318 1    
349:  0.248 0.332 0.237 0.183 1    
350:  0.243 0.198 0.195 0.364 1    
351:  0.297 0.207 0.279 0.217 1    
352:  0.171 0.323 0.258 0.248 1    
353:  0.291 0.263 0.187 0.259 1    
354:  0.228 0.146 0.438 0.188 1    
355:  0.164 0.306 0.153 0.376 1    
356:  0.455 0.143 0.194 0.207 1    
357:  0.276 0.185 0.362 0.178 1    
358:  0.246 0.454 0.128 0.171 1    
359:  0.321 0.174 0.383 0.122 1    
360:  0.211 0.262 0.290 0.237 1    
361:  0.100 0.378 0.277 0.245 1    
362:  0.312 0.139 0.357 0.192 1    
363:  0.219 0.135 0.457 0.188 1    
364:  0.366 0.208 0.213 0.213 1    
365:  0.369 0.324 0.215 0.091 1    
366:  0.276 0.329 0.215 0.179 1    
367:  0.273 0.243 0.251 0.233 1    
368:  0.280 0.251 0.253 0.216 1    
369:  0.553 0.126 0.158 0.163 1    
370:  0.127 0.278 0.434 0.161 1    
371:  0.244 0.292 0.293 0.171 1    
372:  0.165 0.197 0.193 0.445 1    
373:  0.234 0.381 0.204 0.181 1    
374:  0.239 0.402 0.161 0.198 1    
375:  0.499 0.263 0.123 0.115 1    
376:  0.247 0.355 0.126 0.273 1    
377:  0.406 0.252 0.196 0.146 1    
378:  0.303 0.226 0.181 0.289 1    
379:  0.355 0.195 0.234 0.215 1    
380:  0.133 0.568 0.105 0.194 1    
381:  0.258 0.195 0.278 0.268 1    
382:  0.161 0.313 0.325 0.201 1    
383:  0.196 0.178 0.129 0.498 1    
384:  0.233 0.275 0.154 0.338 1    
385:  0.269 0.139 0.332 0.261 1    
386:  0.133 0.188 0.536 0.142 1    
387:  0.190 0.242 0.188 0.380 1    
388:  0.236 0.256 0.353 0.155 1    
389:  0.151 0.295 0.367 0.186 1    
390:  0.208 0.242 0.243 0.307 1    
391:  0.365 0.144 0.311 0.180 1    
392:  0.201 0.284 0.203 0.311 1    
393:  0.215 0.451 0.159 0.176 1    
394:  0.249 0.266 0.262 0.223 1    
395:  0.189 0.182 0.411 0.219 1    
396:  0.214 0.253 0.314 0.219 1    
397:  0.368 0.206 0.170 0.256 1    
398:  0.252 0.213 0.230 0.305 1    
399:  0.178 0.304 0.194 0.324 1    
400:  0.276 0.343 0.090 0.291 1    
401:  0.140 0.233 0.370 0.257 1    
402:  0.220 0.307 0.238 0.235 1    
403:  0.252 0.161 0.400 0.187 1    
404:  0.389 0.247 0.154 0.209 1    
405:  0.226 0.176 0.430 0.168 1    
406:  0.150 0.477 0.185 0.188 1    
407:  0.271 0.239 0.233 0.258 1    
408:  0.115 0.217 0.233 0.435 1    
409:  0.092 0.295 0.139 0.474 1    
410:  0.256 0.163 0.133 0.448 1    
411:  0.199 0.417 0.148 0.236 1    
412:  0.199 0.145 0.515 0.141 1    
413:  0.139 0.348 0.181 0.331 1    
414:  0.425 0.231 0.211 0.132 1    
415:  0.188 0.193 0.413 0.206 1    
416:  0.290 0.159 0.367 0.184 1    
417:  0.181 0.284 0.238 0.297 1    
418:  0.160 0.387 0.245 0.208 1    
419:  0.267 0.225 0.259 0.249 1    
420:  0.286 0.269 0.217 0.229 1    
421:  0.256 0.090 0.219 0.435 1    
422:  0.359 0.259 0.128 0.254 1    
423:  0.268 0.207 0.204 0.322 1    
424:  0.183 0.170 0.150 0.497 1    
425:  0.231 0.441 0.202 0.126 1    
426:  0.175 0.124 0.541 0.159 1    
427:  0.277 0.303 0.158 0.262 1    
428:  0.313 0.244 0.252 0.190 1    
429:  0.196 0.240 0.292 0.272 1    
430:  0.380 0.182 0.229 0.209 1    
431:  0.143 0.368 0.171 0.319 1    
432:  0.563 0.112 0.168 0.157 1    
433:  0.280 0.211 0.310 0.200 1    
434:  0.283 0.229 0.320 0.168 1    
435:  0.171 0.440 0.211 0.178 1    
436:  0.268 0.151 0.215 0.366 1    
437:  0.318 0.332 0.238 0.111 1    
438:  0.166 0.338 0.252 0.244 1    
439:  0.148 0.240 0.313 0.300 1    
440:  0.160 0.248 0.308 0.283 1    
441:  0.136 0.254 0.226 0.383 1    
442:  0.143 0.325 0.124 0.407 1    
443:  0.383 0.223 0.165 0.229 1    
444:  0.387 0.165 0.239 0.209 1    
445:  0.268 0.279 0.196 0.257 1    
446:  0.324 0.256 0.179 0.241 1    
447:  0.210 0.309 0.313 0.168 1    
448:  0.207 0.274 0.193 0.326 1    
449:  0.121 0.402 0.262 0.215 1    
450:  0.229 0.175 0.314 0.281 1    
451:  0.145 0.259 0.228 0.368 1    
452:  0.486 0.146 0.171 0.197 1    
453:  0.274 0.174 0.310 0.242 1    
454:  0.239 0.171 0.343 0.248 1    
455:  0.243 0.233 0.366 0.157 1    
456:  0.440 0.146 0.201 0.213 1    
457:  0.164 0.078 0.602 0.156 1    
458:  0.228 0.426 0.220 0.126 1    
459:  0.139 0.222 0.496 0.143 1    
460:  0.240 0.205 0.251 0.304 1    
461:  0.185 0.361 0.296 0.158 1    
462:  0.121 0.291 0.433 0.155 1    
463:  0.366 0.230 0.143 0.261 1    
464:  0.182 0.247 0.361 0.210 1    
465:  0.200 0.290 0.172 0.338 1    
466:  0.281 0.178 0.321 0.219 1    
467:  0.281 0.134 0.448 0.137 1    
468:  0.189 0.387 0.250 0.174 1    
469:  0.487 0.146 0.205 0.162 1    
470:  0.237 0.148 0.401 0.213 1    
471:  0.338 0.258 0.184 0.220 1    
472:  0.161 0.116 0.429 0.294 1    
473:  0.286 0.205 0.283 0.227 1    
474:  0.145 0.197 0.430 0.228 1    
475:  0.284 0.178 0.142 0.396 1    
476:  0.343 0.220 0.198 0.239 1    
477:  0.323 0.280 0.192 0.205 1    
478:  0.234 0.343 0.182 0.240 1    
479:  0.242 0.369 0.173 0.216 1    
480:  0.190 0.171 0.340 0.298 1    
481:  0.212 0.383 0.163 0.242 1    
482:  0.190 0.436 0.115 0.259 1    
483:  0.290 0.181 0.292 0.237 1    
484:  0.385 0.175 0.149 0.290 1    
485:  0.156 0.346 0.172 0.326 1    
486:  0.121 0.267 0.174 0.438 1    
487:  0.133 0.241 0.274 0.351 1    
488:  0.166 0.255 0.377 0.202 1    
489:  0.150 0.212 0.303 0.335 1    
490:  0.156 0.382 0.205 0.257 1    
491:  0.133 0.171 0.212 0.484 1    
492:  0.191 0.298 0.214 0.296 1    
493:  0.158 0.485 0.122 0.234 1    
494:  0.172 0.248 0.309 0.271 1    
495:  0.165 0.260 0.242 0.332 1    
496:  0.230 0.323 0.117 0.331 1    
497:  0.145 0.341 0.180 0.334 1    
498:  0.205 0.334 0.272 0.189 1    
499:  0.215 0.183 0.392 0.209 1    
500:  0.463 0.196 0.195 0.146 1    
501:  0.421 0.269 0.126 0.184 1    
502:  0.328 0.296 0.166 0.211 1    
503:  0.228 0.491 0.104 0.178 1    
504:  0.234 0.415 0.088 0.263 1    
505:  0.298 0.429 0.156 0.117 1    
506:  0.457 0.141 0.237 0.165 1    
507:  0.176 0.455 0.160 0.209 1    
508:  0.284 0.331 0.158 0.226 1    
509:  0.368 0.173 0.250 0.210 1    
510:  0.275 0.318 0.160 0.248 1    
511:  0.172 0.186 0.352 0.290 1    
512:  0.321 0.125 0.434 0.120 1    
513:  0.204 0.188 0.258 0.350 1    
514:  0.122 0.497 0.189 0.191 1    
515:  0.196 0.271 0.315 0.218 1    
516:  0.227 0.107 0.453 0.213 1    
517:  0.244 0.220 0.272 0.264 1    
518:  0.149 0.532 0.145 0.173 1    
519:  0.274 0.119 0.338 0.269 1    
520:  0.538 0.119 0.195 0.148 1    
521:  0.433 0.111 0.279 0.178 1    
522:  0.229 0.214 0.280 0.276 1    
523:  0.280 0.409 0.131 0.180 1    
524:  0.238 0.208 0.120 0.434 1    
525:  0.133 0.325 0.289 0.253 1    
526:  0.188 0.146 0.175 0.490 1    
527:  0.119 0.379 0.293 0.208 1    
528:  0.145 0.371 0.283 0.201 1    
529:  0.181 0.247 0.374 0.198 1    
530:  0.348 0.240 0.193 0.220 1    
531:  0.127 0.566 0.170 0.137 1    
532:  0.216 0.401 0.099 0.284 1    
533:  0.330 0.250 0.203 0.217 1    
534:  0.215 0.206 0.281 0.298 1    
535:  0.133 0.547 0.133 0.187 1    
536:  0.138 0.271 0.331 0.259 1    
537:  0.128 0.181 0.228 0.463 1    
538:  0.288 0.121 0.189 0.403 1    
539:  0.287 0.216 0.237 0.260 1    
540:  0.096 0.307 0.178 0.419 1    
541:  0.161 0.226 0.258 0.356 1    
542:  0.163 0.345 0.274 0.217 1    
543:  0.266 0.379 0.139 0.216 1    
544:  0.466 0.129 0.199 0.206 1    
545:  0.168 0.101 0.458 0.273 1    
546:  0.283 0.336 0.216 0.166 1    
547:  0.287 0.155 0.305 0.253 1    
548:  0.220 0.376 0.278 0.126 1    
549:  0.236 0.175 0.394 0.195 1    
550:  0.184 0.156 0.251 0.409 1    
551:  0.141 0.209 0.156 0.493 1    
552:  0.154 0.326 0.240 0.280 1    
553:  0.353 0.134 0.219 0.294 1    
554:  0.188 0.140 0.437 0.234 1    
555:  0.130 0.303 0.250 0.317 1    
556:  0.240 0.148 0.237 0.375 1    
557:  0.200 0.204 0.302 0.293 1    
558:  0.354 0.268 0.219 0.160 1    
559:  0.309 0.118 0.217 0.355 1    
560:  0.297 0.254 0.254 0.195 1    
561:  0.355 0.103 0.250 0.292 1    
562:  0.210 0.419 0.116 0.255 1    
563:  0.235 0.122 0.224 0.419 1    
564:  0.234 0.233 0.248 0.285 1    
565:  0.205 0.409 0.129 0.258 1    
566:  0.339 0.173 0.211 0.276 1    
567:  0.117 0.205 0.248 0.430 1    
568:  0.088 0.489 0.116 0.308 1    
569:  0.118 0.199 0.194 0.490 1    
570:  0.175 0.517 0.157 0.151 1    
571:  0.279 0.095 0.294 0.332 1    
572:  0.197 0.180 0.428 0.194 1    
573:  0.280 0.300 0.181 0.239 1    
574:  0.160 0.407 0.176 0.258 1    
575:  0.194 0.130 0.218 0.457 1    
576:  0.164 0.265 0.358 0.214 1    
577:  0.133 0.499 0.195 0.174 1    
578:  0.465 0.160 0.155 0.221 1    
579:  0.205 0.197 0.146 0.452 1    
580:  0.192 0.183 0.203 0.421 1    
581:  0.257 0.136 0.347 0.260 1    
582:  0.309 0.141 0.410 0.140 1    
583:  0.465 0.327 0.100 0.107 1    
584:  0.267 0.106 0.222 0.405 1    
585:  0.124 0.330 0.117 0.429 1    
586:  0.370 0.138 0.227 0.265 1    
587:  0.151 0.395 0.150 0.305 1    
588:  0.122 0.444 0.138 0.297 1    
589:  0.239 0.253 0.326 0.182 1    
590:  0.118 0.435 0.121 0.325 1    
591:  0.237 0.109 0.294 0.359 1    
592:  0.128 0.544 0.102 0.226 1    
593:  0.243 0.162 0.179 0.417 1    
594:  0.292 0.278 0.125 0.304 1    
595:  0.241 0.363 0.259 0.137 1    
596:  0.443 0.082 0.264 0.212 1    
597:  0.101 0.572 0.126 0.201 1    
598:  0.193 0.268 0.235 0.304 1    
599:  0.193 0.251 0.172 0.385 1    
600:  0.148 0.399 0.126 0.327 1    
601:  0.201 0.424 0.150 0.225 1    
602:  0.095 0.167 0.177 0.562 1    
603:  0.115 0.263 0.209 0.413 1    
604:  0.255 0.159 0.361 0.225 1    
605:  0.165 0.215 0.328 0.292 1    
606:  0.213 0.428 0.129 0.230 1    
607:  0.228 0.300 0.179 0.293 1    
608:  0.225 0.251 0.145 0.380 1    
609:  0.168 0.103 0.522 0.207 1    
610:  0.360 0.349 0.137 0.155 1    
611:  0.329 0.103 0.390 0.179 1    
612:  0.305 0.172 0.184 0.338 1    
613:  0.140 0.504 0.160 0.195 1    
614:  0.183 0.371 0.114 0.332 1    
615:  0.142 0.237 0.255 0.366 1    
616:  0.371 0.167 0.153 0.308 1    
617:  0.190 0.331 0.092 0.388 1    
618:  0.166 0.239 0.262 0.333 1    
619:  0.184 0.365 0.182 0.268 1    
620:  0.279 0.260 0.196 0.265 1    
621:  0.182 0.236 0.202 0.380 1    
622:  0.251 0.115 0.494 0.140 1    
623:  0.192 0.257 0.344 0.207 1    
624:  0.317 0.181 0.291 0.211 1    
625:  0.130 0.258 0.162 0.450 1    
626:  0.326 0.140 0.301 0.233 1    
627:  0.179 0.342 0.144 0.335 1    
628:  0.178 0.388 0.207 0.227 1    
629:  0.149 0.179 0.340 0.332 1    
630:  0.364 0.148 0.149 0.340 1    
631:  0.212 0.387 0.151 0.250 1    
632:  0.159 0.606 0.117 0.118 1    
633:  0.169 0.298 0.093 0.440 1    
634:  0.273 0.270 0.146 0.310 1    
635:  0.208 0.285 0.358 0.149 1    
636:  0.217 0.267 0.283 0.234 1    
637:  0.210 0.105 0.470 0.215 1    
638:  0.158 0.400 0.241 0.201 1    
639:  0.120 0.377 0.102 0.402 1    
640:  0.152 0.460 0.225 0.163 1    
641:  0.183 0.410 0.189 0.217 1    
642:  0.126 0.364 0.236 0.274 1    
643:  0.436 0.124 0.104 0.336 1    
644:  0.162 0.144 0.151 0.543 1    
645:  0.156 0.125 0.463 0.255 1    
646:  0.398 0.188 0.245 0.169 1    
647:  0.290 0.222 0.274 0.214 1    
648:  0.208 0.405 0.208 0.180 1    
649:  0.137 0.454 0.143 0.265 1    
650:  0.205 0.127 0.501 0.167 1    
651:  0.241 0.341 0.212 0.206 1    
652:  0.394 0.201 0.218 0.186 1    
653:  0.336 0.308 0.128 0.227 1    
654:  0.207 0.262 0.249 0.282 1    
655:  0.307 0.147 0.358 0.188 1    
656:  0.306 0.408 0.135 0.151 1    
657:  0.141 0.536 0.216 0.107 1    
658:  0.145 0.333 0.125 0.398 1    
659:  0.314 0.204 0.194 0.287 1    
660:  0.160 0.463 0.146 0.231 1    
661:  0.313 0.218 0.336 0.133 1    
662:  0.269 0.324 0.149 0.258 1    
663:  0.244 0.160 0.411 0.185 1    
664:  0.352 0.260 0.174 0.213 1    
665:  0.446 0.158 0.198 0.199 1    
666:  0.164 0.274 0.160 0.402 1    
667:  0.188 0.253 0.256 0.303 1    
668:  0.313 0.390 0.152 0.145 1    
669:  0.103 0.109 0.698 0.090 1    
670:  0.248 0.161 0.466 0.125 1    
671:  0.219 0.320 0.209 0.252 1    
672:  0.268 0.225 0.287 0.220 1    
673:  0.208 0.176 0.390 0.226 1    
674:  0.327 0.118 0.136 0.419 1    
675:  0.240 0.241 0.157 0.362 1    
676:  0.328 0.459 0.097 0.116 1    
677:  0.271 0.417 0.170 0.143 1    
678:  0.136 0.191 0.297 0.376 1    
679:  0.101 0.364 0.117 0.418 1    
680:  0.136 0.336 0.372 0.155 1    
681:  0.307 0.294 0.268 0.131 1    
682:  0.297 0.183 0.193 0.327 1    
683:  0.295 0.251 0.200 0.254 1    
684:  0.451 0.114 0.208 0.227 1    
685:  0.319 0.286 0.250 0.145 1    
686:  0.219 0.351 0.274 0.156 1    
687:  0.167 0.190 0.191 0.452 1    
688:  0.238 0.360 0.171 0.231 1    
689:  0.399 0.165 0.289 0.146 1    
690:  0.168 0.190 0.288 0.354 1    
691:  0.361 0.291 0.253 0.095 1    
692:  0.283 0.236 0.210 0.271 1    
693:  0.147 0.295 0.179 0.379 1    
694:  0.319 0.166 0.105 0.411 1    
695:  0.118 0.273 0.210 0.399 1    
696:  0.146 0.195 0.193 0.466 1    
697:  0.186 0.406 0.129 0.279 1    
698:  0.389 0.110 0.246 0.255 1    
699:  0.211 0.165 0.234 0.390 1    
700:  0.456 0.156 0.233 0.155 1    
701:  0.175 0.104 0.189 0.533 1    
702:  0.439 0.273 0.173 0.115 1    
703:  0.232 0.257 0.332 0.178 1    
704:  0.245 0.165 0.270 0.320 1    
705:  0.225 0.338 0.118 0.319 1    
706:  0.460 0.130 0.245 0.165 1    
707:  0.334 0.181 0.322 0.163 1    
708:  0.294 0.259 0.156 0.291 1    
709:  0.167 0.268 0.183 0.383 1    
710:  0.344 0.143 0.228 0.286 1    
711:  0.245 0.210 0.189 0.356 1    
712:  0.310 0.136 0.248 0.306 1    
713:  0.145 0.437 0.195 0.223 1    
714:  0.328 0.138 0.307 0.227 1    
715:  0.360 0.191 0.194 0.255 1    
716:  0.267 0.156 0.422 0.155 1    
717:  0.305 0.117 0.274 0.304 1    
718:  0.329 0.185 0.157 0.329 1    
719:  0.294 0.115 0.456 0.135 1    
720:  0.281 0.380 0.114 0.225 1    
721:  0.272 0.182 0.235 0.312 1    
722:  0.194 0.288 0.158 0.360 1    
723:  0.179 0.189 0.362 0.270 1    
724:  0.207 0.177 0.213 0.403 1    
725:  0.239 0.162 0.187 0.412 1    
726:  0.340 0.339 0.151 0.170 1    
727:  0.116 0.601 0.120 0.162 1    
728:  0.170 0.255 0.330 0.245 1    
729:  0.267 0.232 0.116 0.385 1    
730:  0.267 0.431 0.171 0.131 1    
731:  0.278 0.196 0.226 0.300 1    
732:  0.164 0.279 0.160 0.397 1    
733:  0.306 0.207 0.258 0.229 1    
734:  0.229 0.330 0.144 0.296 1    
735:  0.201 0.198 0.136 0.464 1    
736:  0.110 0.259 0.153 0.478 1    
737:  0.175 0.311 0.326 0.187 1    
738:  0.441 0.170 0.214 0.175 1    
739:  0.401 0.211 0.163 0.225 1    
740:  0.215 0.485 0.128 0.173 1    
741:  0.275 0.114 0.272 0.340 1    
742:  0.309 0.220 0.158 0.314 1    
743:  0.279 0.178 0.271 0.272 1    
744:  0.114 0.207 0.242 0.437 1    
745:  0.347 0.227 0.178 0.248 1    
746:  0.327 0.349 0.142 0.182 1    
747:  0.477 0.113 0.202 0.207 1    
748:  0.241 0.241 0.374 0.144 1    
749:  0.324 0.146 0.335 0.195 1    
750:  0.161 0.530 0.116 0.192 1    
751:  0.183 0.227 0.392 0.198 1    
752:  0.165 0.280 0.196 0.359 1    
753:  0.164 0.200 0.325 0.311 1    
754:  0.241 0.308 0.201 0.250 1    
755:  0.522 0.148 0.141 0.189 1    
756:  0.330 0.272 0.126 0.271 1    
757:  0.147 0.410 0.110 0.333 1    
758:  0.235 0.198 0.224 0.343 1    
759:  0.115 0.156 0.260 0.468 1    
760:  0.307 0.116 0.202 0.376 1    
761:  0.305 0.097 0.118 0.479 1    
762:  0.279 0.255 0.312 0.154 1    
763:  0.188 0.251 0.145 0.416 1    
764:  0.125 0.311 0.296 0.268 1    
765:  0.488 0.202 0.149 0.160 1    
766:  0.361 0.277 0.118 0.243 1    
767:  0.165 0.147 0.490 0.198 1    
768:  0.184 0.283 0.127 0.405 1    
769:  0.192 0.334 0.252 0.223 1    
770:  0.366 0.149 0.275 0.209 1    
771:  0.213 0.196 0.268 0.322 1    
772:  0.306 0.203 0.237 0.254 1    
773:  0.209 0.176 0.225 0.391 1    
774:  0.443 0.258 0.122 0.177 1    
775:  0.227 0.141 0.331 0.301 1    
776:  0.159 0.297 0.338 0.206 1    
777:  0.197 0.349 0.165 0.289 1    
778:  0.156 0.119 0.544 0.182 1    
779:  0.344 0.221 0.244 0.191 1    
780:  0.168 0.198 0.160 0.474 1    
781:  0.109 0.334 0.326 0.230 1    
782:  0.287 0.286 0.205 0.221 1    
783:  0.157 0.262 0.217 0.365 1    
784:  0.316 0.199 0.287 0.199 1    
785:  0.219 0.357 0.292 0.132 1    
786:  0.355 0.242 0.236 0.167 1    
787:  0.249 0.110 0.322 0.319 1    
788:  0.326 0.362 0.148 0.164 1    
789:  0.548 0.088 0.250 0.114 1    
790:  0.189 0.320 0.162 0.330 1    
791:  0.455 0.218 0.183 0.144 1    
792:  0.387 0.260 0.112 0.241 1    
793:  0.108 0.181 0.540 0.172 1    
794:  0.241 0.293 0.247 0.219 1    
795:  0.185 0.409 0.289 0.117 1    
796:  0.206 0.125 0.408 0.261 1    
797:  0.269 0.217 0.306 0.208 1    
798:  0.274 0.153 0.390 0.183 1    
799:  0.397 0.187 0.186 0.229 1    
800:  0.355 0.257 0.194 0.194 1    
801:  0.127 0.114 0.436 0.322 1    
802:  0.335 0.209 0.324 0.132 1    
803:  0.417 0.186 0.234 0.163 1    
804:  0.170 0.358 0.132 0.341 1    
805:  0.477 0.129 0.138 0.256 1    
806:  0.223 0.136 0.212 0.430 1    
807:  0.131 0.361 0.122 0.386 1    
808:  0.144 0.296 0.376 0.184 1    
809:  0.203 0.476 0.098 0.223 1    
810:  0.270 0.160 0.378 0.192 1    
811:  0.209 0.180 0.230 0.382 1    
812:  0.173 0.516 0.174 0.137 1    
813:  0.257 0.269 0.268 0.206 1    
814:  0.176 0.371 0.255 0.198 1    
815:  0.186 0.339 0.225 0.249 1    
816:  0.181 0.501 0.167 0.152 1    
817:  0.124 0.272 0.257 0.347 1    
818:  0.231 0.308 0.169 0.292 1    
819:  0.245 0.110 0.276 0.369 1    
820:  0.367 0.266 0.186 0.181 1    
821:  0.124 0.283 0.263 0.330 1    
822:  0.123 0.506 0.118 0.253 1    
823:  0.190 0.395 0.129 0.286 1    
824:  0.139 0.437 0.207 0.216 1    
825:  0.265 0.350 0.136 0.250 1    
826:  0.190 0.205 0.439 0.166 1    
827:  0.362 0.339 0.132 0.167 1    
828:  0.140 0.534 0.130 0.195 1    
829:  0.362 0.195 0.211 0.232 1    
830:  0.108 0.511 0.180 0.200 1    
831:  0.283 0.342 0.174 0.200 1    
832:  0.182 0.125 0.495 0.198 1    
833:  0.310 0.354 0.094 0.242 1    
834:  0.122 0.385 0.100 0.393 1    
835:  0.310 0.107 0.282 0.302 1    
836:  0.226 0.266 0.176 0.333 1    
837:  0.199 0.280 0.197 0.324 1    
838:  0.208 0.430 0.125 0.237 1    
839:  0.183 0.296 0.229 0.293 1    
840:  0.251 0.166 0.293 0.291 1    
841:  0.402 0.207 0.276 0.114 1    
842:  0.238 0.357 0.173 0.231 1    
843:  0.251 0.261 0.358 0.130 1    
844:  0.181 0.379 0.172 0.268 1    
845:  0.218 0.239 0.326 0.217 1    
846:  0.333 0.096 0.278 0.294 1    
847:  0.152 0.135 0.269 0.444 1    
848:  0.128 0.100 0.221 0.550 1    
849:  0.158 0.263 0.301 0.278 1    
850:  0.204 0.304 0.282 0.210 1    
851:  0.157 0.208 0.191 0.444 1    
852:  0.269 0.234 0.248 0.249 1    
853:  0.454 0.135 0.128 0.283 1    
854:  0.096 0.136 0.486 0.282 1    
855:  0.271 0.190 0.209 0.330 1    
856:  0.120 0.337 0.242 0.300 1    
857:  0.268 0.315 0.291 0.126 1    
858:  0.471 0.270 0.101 0.158 1    
859:  0.365 0.333 0.153 0.150 1    
860:  0.320 0.190 0.265 0.225 1    
861:  0.184 0.159 0.388 0.269 1    
862:  0.306 0.256 0.176 0.262 1    
863:  0.199 0.153 0.323 0.325 1    
864:  0.187 0.136 0.415 0.262 1    
865:  0.139 0.335 0.267 0.259 1    
866:  0.383 0.187 0.174 0.257 1    
867:  0.205 0.239 0.266 0.290 1    
868:  0.135 0.247 0.158 0.460 1    
869:  0.214 0.125 0.455 0.205 1    
870:  0.130 0.399 0.277 0.194 1    
871:  0.248 0.150 0.169 0.433 1    
872:  0.431 0.309 0.086 0.174 1    
873:  0.320 0.166 0.312 0.203 1    
874:  0.237 0.397 0.131 0.234 1    
875:  0.224 0.199 0.195 0.381 1    
876:  0.147 0.503 0.131 0.218 1    
877:  0.131 0.235 0.309 0.326 1    
878:  0.228 0.144 0.365 0.263 1    
879:  0.163 0.124 0.244 0.469 1    
880:  0.309 0.145 0.326 0.221 1    
881:  0.224 0.210 0.208 0.358 1    
882:  0.361 0.201 0.198 0.241 1    
883:  0.183 0.231 0.311 0.276 1    
884:  0.171 0.552 0.091 0.187 1    
885:  0.188 0.359 0.225 0.228 1    
886:  0.301 0.144 0.177 0.378 1    
887:  0.520 0.160 0.115 0.204 1    
888:  0.124 0.385 0.226 0.266 1    
889:  0.272 0.130 0.220 0.378 1    
890:  0.292 0.217 0.208 0.283 1    
891:  0.342 0.179 0.175 0.304 1    
892:  0.141 0.289 0.220 0.351 1    
893:  0.234 0.379 0.200 0.187 1    
894:  0.192 0.270 0.265 0.274 1    
895:  0.185 0.295 0.253 0.267 1    
896:  0.206 0.377 0.215 0.203 1    
897:  0.235 0.118 0.373 0.273 1    
898:  0.401 0.105 0.305 0.190 1    
899:  0.251 0.201 0.339 0.209 1    
900:  0.124 0.275 0.216 0.385 1    
901:  0.204 0.216 0.192 0.388 1    
902:  0.202 0.242 0.417 0.139 1    
903:  0.170 0.132 0.181 0.517 1    
904:  0.189 0.420 0.232 0.159 1    
905:  0.296 0.321 0.192 0.191 1    
906:  0.209 0.225 0.261 0.305 1    
907:  0.216 0.173 0.314 0.297 1    
908:  0.280 0.209 0.163 0.348 1    
909:  0.199 0.215 0.264 0.322 1    
910:  0.264 0.150 0.281 0.305 1    
911:  0.332 0.365 0.118 0.185 1    
912:  0.102 0.662 0.098 0.137 1    
913:  0.258 0.270 0.165 0.308 1    
914:  0.341 0.300 0.185 0.174 1    
915:  0.263 0.127 0.427 0.183 1    
916:  0.227 0.183 0.190 0.401 1    
917:  0.257 0.213 0.144 0.385 1    
918:  0.212 0.246 0.127 0.414 1    
919:  0.167 0.384 0.255 0.195 1    
920:  0.266 0.131 0.387 0.216 1    
921:  0.437 0.193 0.223 0.148 1    
922:  0.309 0.189 0.174 0.328 1    
923:  0.116 0.594 0.134 0.156 1    
924:  0.377 0.253 0.199 0.170 1    
925:  0.180 0.290 0.294 0.235 1    
926:  0.180 0.207 0.170 0.443 1    
927:  0.215 0.403 0.137 0.246 1    
928:  0.347 0.201 0.159 0.293 1    
929:  0.195 0.252 0.437 0.116 1    
930:  0.439 0.179 0.177 0.206 1    
931:  0.200 0.413 0.238 0.148 1    
932:  0.134 0.421 0.331 0.114 1    
933:  0.197 0.175 0.436 0.192 1    
934:  0.380 0.206 0.283 0.130 1    
935:  0.133 0.099 0.615 0.153 1    
936:  0.524 0.125 0.215 0.136 1    
937:  0.330 0.211 0.213 0.246 1    
938:  0.408 0.206 0.153 0.233 1    
939:  0.161 0.358 0.355 0.127 1    
940:  0.131 0.401 0.143 0.324 1    
941:  0.275 0.103 0.413 0.209 1    
942:  0.157 0.253 0.218 0.373 1    
943:  0.294 0.231 0.225 0.250 1    
944:  0.144 0.175 0.207 0.474 1    
945:  0.325 0.225 0.176 0.274 1    
946:  0.184 0.239 0.418 0.158 1    
947:  0.293 0.229 0.259 0.219 1    
948:  0.330 0.137 0.323 0.210 1    
949:  0.184 0.296 0.139 0.381 1    
950:  0.393 0.156 0.242 0.210 1    
951:  0.492 0.190 0.118 0.200 1    
952:  0.142 0.153 0.421 0.284 1    
953:  0.429 0.162 0.232 0.177 1    
954:  0.153 0.351 0.180 0.316 1    
955:  0.213 0.204 0.282 0.301 1    
956:  0.211 0.401 0.222 0.166 1    
957:  0.154 0.529 0.169 0.148 1    
958:  0.400 0.138 0.119 0.344 1    
959:  0.155 0.374 0.152 0.319 1    
960:  0.251 0.241 0.232 0.276 1    
961:  0.220 0.196 0.283 0.302 1    
962:  0.127 0.356 0.295 0.222 1    
963:  0.197 0.264 0.194 0.346 1    
964:  0.326 0.171 0.201 0.302 1    
965:  0.255 0.263 0.120 0.362 1    
966:  0.349 0.190 0.253 0.208 1    
967:  0.309 0.231 0.174 0.286 1    
968:  0.252 0.333 0.189 0.225 1    
969:  0.427 0.151 0.229 0.193 1    
970:  0.244 0.385 0.196 0.175 1    
971:  0.287 0.202 0.197 0.314 1    
972:  0.135 0.242 0.152 0.471 1    
973:  0.231 0.325 0.204 0.240 1    
974:  0.409 0.120 0.176 0.294 1    
975:  0.198 0.111 0.526 0.164 1    
976:  0.430 0.215 0.137 0.218 1    
977:  0.241 0.359 0.172 0.229 1    
978:  0.321 0.193 0.307 0.179 1    
979:  0.099 0.285 0.268 0.348 1    
980:  0.155 0.237 0.204 0.404 1    
981:  0.234 0.149 0.441 0.176 1    
982:  0.153 0.178 0.374 0.295 1    
983:  0.150 0.442 0.176 0.232 1    
984:  0.299 0.197 0.305 0.199 1    
985:  0.205 0.317 0.321 0.157 1    
986:  0.226 0.147 0.437 0.190 1    
987:  0.333 0.150 0.379 0.138 1    
988:  0.236 0.110 0.501 0.153 1    
989:  0.405 0.209 0.200 0.185 1    
990:  0.556 0.115 0.192 0.138 1    
991:  0.641 0.091 0.180 0.087 1    
992:  0.140 0.175 0.552 0.133 1    
993:  0.311 0.166 0.354 0.169 1    
994:  0.147 0.320 0.369 0.164 1    
995:  0.314 0.326 0.186 0.174 1    
996:  0.340 0.200 0.319 0.140 1    
997:  0.424 0.100 0.251 0.225 1    
998:  0.280 0.197 0.324 0.199 1    
999:  0.504 0.162 0.191 0.143 1    
1000: 0.196 0.147 0.288 0.369 1    
1001: 0.199 0.164 0.445 0.192 1    
1002: 0.235 0.385 0.203 0.177 1    
1003: 0.428 0.130 0.289 0.152 1    
1004: 0.248 0.225 0.407 0.121 1    
1005: 0.203 0.207 0.404 0.186 1    
1006: 0.196 0.422 0.198 0.185 1    
1007: 0.605 0.105 0.150 0.140 1    
1008: 0.145 0.111 0.628 0.117 1    
1009: 0.315 0.149 0.300 0.236 1    
1010: 0.119 0.133 0.571 0.177 1    
1011: 0.195 0.233 0.223 0.349 1    
1012: 0.237 0.334 0.175 0.253 1    
1013: 0.234 0.090 0.429 0.247 1    
1014: 0.179 0.346 0.170 0.304 1    
1015: 0.204 0.123 0.201 0.472 1    
1016: 0.301 0.150 0.137 0.412 1    
1017: 0.197 0.392 0.138 0.273 1    
1018: 0.238 0.172 0.238 0.353 1    
1019: 0.349 0.342 0.159 0.149 1    
1020: 0.367 0.195 0.235 0.204 1    
1021: 0.161 0.299 0.307 0.232 1    
1022: 0.308 0.235 0.114 0.343 1    
1023: 0.369 0.298 0.199 0.135 1    
1024: 0.287 0.185 0.192 0.336 1    
1025: 0.187 0.161 0.208 0.444 1    
1026: 0.212 0.245 0.270 0.273 1    
1027: 0.302 0.294 0.213 0.191 1    
1028: 0.142 0.107 0.520 0.231 1    
1029: 0.305 0.143 0.156 0.396 1    
1030: 0.298 0.390 0.113 0.200 1    
1031: 0.174 0.186 0.478 0.163 1    
1032: 0.100 0.393 0.217 0.289 1    
1033: 0.187 0.293 0.247 0.274 1    
1034: 0.167 0.312 0.271 0.250 1    
1035: 0.131 0.244 0.275 0.350 1    
1036: 0.118 0.405 0.189 0.289 1    
1037: 0.308 0.114 0.364 0.213 1    
1038: 0.388 0.158 0.275 0.179 1    
1039: 0.231 0.173 0.346 0.251 1    
1040: 0.169 0.296 0.119 0.416 1    
1041: 0.242 0.446 0.145 0.166 1    
1042: 0.164 0.448 0.209 0.180 1    
1043: 0.252 0.357 0.202 0.189 1    
1044: 0.307 0.146 0.377 0.170 1    
1045: 0.558 0.200 0.101 0.141 1    
1046: 0.298 0.243 0.143 0.317 1    
1047: 0.243 0.246 0.283 0.228 1    
1048: 0.288 0.275 0.163 0.273 1    
1049: 0.173 0.460 0.188 0.179 1    
1050: 0.127 0.124 0.199 0.551 1    
1051: 0.283 0.133 0.233 0.351 1    
1052: 0.349 0.173 0.155 0.322 1    
1053: 0.268 0.091 0.436 0.206 1    
1054: 0.195 0.574 0.131 0.100 1    
1055: 0.265 0.259 0.221 0.255 1    
1056: 0.198 0.162 0.336 0.304 1    
1057: 0.214 0.409 0.098 0.279 1    
1058: 0.204 0.211 0.272 0.313 1    
1059: 0.160 0.116 0.309 0.415 1    
1060: 0.143 0.175 0.376 0.306 1    
1061: 0.158 0.502 0.158 0.182 1    
1062: 0.374 0.340 0.117 0.169 1    
1063: 0.474 0.117 0.271 0.139 1    
1064: 0.224 0.192 0.241 0.343 1    
1065: 0.139 0.472 0.287 0.102 1    
1066: 0.246 0.151 0.492 0.111 1    
1067: 0.440 0.147 0.204 0.209 1    
1068: 0.221 0.350 0.166 0.263 1    
1069: 0.254 0.152 0.487 0.106 1    
1070: 0.187 0.148 0.334 0.330 1    
1071: 0.298 0.117 0.436 0.149 1    
1072: 0.437 0.176 0.201 0.186 1    
1073: 0.121 0.651 0.105 0.124 1    
1074: 0.167 0.200 0.445 0.187 1    
1075: 0.187 0.457 0.247 0.110 1    
1076: 0.321 0.114 0.165 0.399 1    
1077: 0.311 0.318 0.202 0.170 1    
1078: 0.203 0.156 0.477 0.164 1    
1079: 0.251 0.388 0.163 0.198 1    
1080: 0.173 0.470 0.228 0.129 1    
1081: 0.354 0.349 0.135 0.162 1    
1082: 0.207 0.212 0.296 0.286 1    
1083: 0.134 0.478 0.246 0.142 1    
1084: 0.301 0.291 0.112 0.297 1    
1085: 0.369 0.142 0.164 0.324 1    
1086: 0.282 0.340 0.160 0.218 1    
1087: 0.258 0.291 0.138 0.313 1    
1088: 0.389 0.216 0.191 0.204 1    
1089: 0.202 0.252 0.229 0.316 1    
1090: 0.349 0.163 0.134 0.354 1    
1091: 0.200 0.428 0.134 0.237 1    
1092: 0.166 0.189 0.211 0.433 1    
1093: 0.169 0.382 0.139 0.310 1    
1094: 0.162 0.215 0.124 0.499 1    
1095: 0.229 0.506 0.099 0.165 1    
1096: 0.219 0.386 0.137 0.259 1    
1097: 0.269 0.186 0.174 0.370 1    
1098: 0.174 0.184 0.165 0.476 1    
1099: 0.146 0.158 0.347 0.349 1    
1100: 0.131 0.300 0.236 0.334 1    
1101: 0.306 0.310 0.136 0.248 1    
1102: 0.357 0.114 0.185 0.343 1    
1103: 0.151 0.317 0.310 0.222 1    
1104: 0.323 0.092 0.281 0.304 1    
1105: 0.488 0.159 0.240 0.113 1    
1106: 0.178 0.231 0.241 0.350 1    
1107: 0.280 0.314 0.235 0.170 1    
1108: 0.141 0.118 0.592 0.150 1    
1109: 0.215 0.208 0.187 0.390 1    
1110: 0.263 0.284 0.242 0.211 1    
1111: 0.203 0.207 0.376 0.215 1    
