   1:   0.2698  0.2258  0.1854  0.3190  1
   2:   0.1356  0.2471  0.4015  0.2158  1
   3:   0.1906  0.4777  0.1838  0.1480  1
   4:   0.4594  0.1752  0.1868  0.1786  1
   5:   0.3122  0.3142  0.1802  0.1934  1
   6:   0.2506  0.2798  0.1906  0.2790  1
   7:   0.1795  0.3181  0.3451  0.1573  1
   8:   0.2519  0.2937  0.2376  0.2168  1
   9:   0.2987  0.2729  0.1873  0.2411  1
  10:   0.2502  0.1498  0.4064  0.1936  1
  11:   0.2761  0.3435  0.2190  0.1614  1
  12:   0.3910  0.2170  0.2272  0.1648  1
  13:   0.2951  0.2517  0.1682  0.2849  1
  14:   0.1886  0.5045  0.1628  0.1440  1
  15:   0.3239  0.4382  0.1138  0.1242  1
  16:   0.2296  0.3135  0.2036  0.2533  1
  17:   0.2036  0.1712  0.1828  0.4423  1
  18:   0.2608  0.3424  0.2248  0.1720  1
  19:   0.2636  0.1648  0.2892  0.2824  1
  20:   0.2034  0.2990  0.2668  0.2308  1
  21:   0.2622  0.2694  0.1968  0.2716  1
  22:   0.2090  0.3397  0.2999  0.1514  1
  23:   0.3275  0.2146  0.2160  0.2418  1
  24:   0.1892  0.1618  0.2306  0.4184  1
  25:   0.2268  0.2507  0.2058  0.3167  1
  26:   0.3442  0.2894  0.2004  0.1660  1
  27:   0.1154  0.1220  0.5650  0.1977  1
  28:   0.1290  0.5818  0.1550  0.1342  1
  29:   0.3060  0.1008  0.4022  0.1910  1
  30:   0.3450  0.3066  0.0958  0.2526  1
  31:   0.2221  0.1867  0.2705  0.3207  1
  32:   0.3811  0.2390  0.1704  0.2096  1
  33:   0.1490  0.3971  0.1486  0.3053  1
  34:   0.2242  0.2591  0.2258  0.2909  1
  35:   0.3201  0.3019  0.1516  0.2264  1
  36:   0.4173  0.2707  0.1678  0.1442  1
  37:   0.2367  0.1797  0.3930  0.1907  1
  38:   0.2584  0.1342  0.4598  0.1476  1
  39:   0.3184  0.3276  0.1294  0.2246  1
  40:   0.2343  0.2183  0.1969  0.3505  1
  41:   0.3896  0.2670  0.2320  0.1114  1
  42:   0.2064  0.1732  0.2617  0.3587  1
  43:   0.2264  0.2300  0.3514  0.1922  1
  44:   0.2407  0.2629  0.2101  0.2863  1
  45:   0.1928  0.2322  0.1392  0.4359  1
  46:   0.1040  0.2040  0.3488  0.3432  1
  47:   0.4282  0.1966  0.1580  0.2172  1
  48:   0.3039  0.1497  0.3577  0.1887  1
  49:   0.2637  0.2801  0.1636  0.2925  1
  50:   0.2068  0.3977  0.2444  0.1510  1
  51:   0.2120  0.1120  0.1220  0.5539  1
  52:   0.1484  0.2501  0.1826  0.4189  1
  53:   0.2343  0.3539  0.1513  0.2605  1
  54:   0.2514  0.1228  0.2342  0.3917  1
  55:   0.1188  0.1605  0.3689  0.3519  1
  56:   0.2183  0.1262  0.3293  0.3263  1
  57:   0.0814  0.1022  0.1998  0.6166  1
  58:   0.1758  0.2826  0.3102  0.2314  1
  59:   0.1242  0.3747  0.1042  0.3969  1
  60:   0.2665  0.3227  0.2171  0.1937  1
  61:   0.2609  0.2715  0.2901  0.1776  1
  62:   0.4150  0.2343  0.1547  0.1959  1
  63:   0.3854  0.1881  0.2119  0.2145  1
  64:   0.3056  0.2086  0.1886  0.2972  1
  65:   0.1374  0.2442  0.3343  0.2841  1
  66:   0.1424  0.1994  0.5265  0.1318  1
  67:   0.3351  0.3751  0.1602  0.1296  1
  68:   0.3217  0.2527  0.2677  0.1580  1
  69:   0.2334  0.1964  0.4483  0.1218  1
  70:   0.2943  0.2488  0.2547  0.2022  1
  71:   0.0938  0.2003  0.3625  0.3433  1
  72:   0.1022  0.2068  0.1706  0.5205  1
  73:   0.2556  0.1694  0.4342  0.1408  1
  74:   0.2390  0.2386  0.2164  0.3059  1
  75:   0.1140  0.5231  0.2669  0.0960  1
  76:   0.3738  0.2354  0.2268  0.1640  1
  77:   0.1318  0.4448  0.3208  0.1026  1
  78:   0.4340  0.1406  0.1706  0.2548  1
  79:   0.3728  0.1810  0.3118  0.1344  1
  80:   0.3802  0.3541  0.1146  0.1511  1
  81:   0.1894  0.5005  0.1594  0.1508  1
  82:   0.2004  0.2591  0.1498  0.3907  1
  83:   0.3121  0.4260  0.1383  0.1236  1
  84:   0.4401  0.2579  0.1304  0.1716  1
  85:   0.1604  0.1722  0.4132  0.2542  1
  86:   0.1920  0.3520  0.2122  0.2438  1
  87:   0.2216  0.2020  0.2813  0.2951  1
  88:   0.1844  0.1892  0.4651  0.1614  1
  89:   0.1266  0.3718  0.2378  0.2638  1
  90:   0.1636  0.1910  0.3239  0.3215  1
  91:   0.2860  0.2566  0.2376  0.2198  1
  92:   0.2151  0.3065  0.3619  0.1164  1
  93:   0.1453  0.2209  0.2163  0.4174  1
  94:   0.1566  0.3994  0.2252  0.2188  1
  95:   0.5605  0.1577  0.1303  0.1515  1
  96:   0.3626  0.1792  0.3594  0.0988  1
  97:   0.2403  0.3297  0.2451  0.1849  1
  98:   0.4763  0.1292  0.1186  0.2759  1
  99:   0.1926  0.2720  0.1988  0.3366  1
 100:   0.2619  0.3005  0.2458  0.1918  1
 101:   0.1696  0.2854  0.2570  0.2880  1
 102:   0.2322  0.4111  0.1734  0.1834  1
 103:   0.1412  0.4782  0.2430  0.1376  1
 104:   0.3159  0.2085  0.2687  0.2069  1
 105:   0.2671  0.2623  0.1920  0.2785  1
 106:   0.1028  0.4262  0.3180  0.1530  1
 107:   0.2667  0.1888  0.3611  0.1834  1
 108:   0.2286  0.2238  0.1840  0.3636  1
 109:   0.2372  0.4270  0.1544  0.1814  1
 110:   0.2741  0.1984  0.3825  0.1450  1
 111:   0.4558  0.2750  0.1334  0.1358  1
 112:   0.2020  0.2470  0.1698  0.3813  1
 113:   0.1868  0.2246  0.1692  0.4194  1
 114:   0.2156  0.2822  0.2828  0.2194  1
 115:   0.1182  0.1962  0.3594  0.3262  1
 116:   0.1416  0.2418  0.3136  0.3030  1
 117:   0.1686  0.1588  0.4585  0.2140  1
 118:   0.1718  0.1602  0.2244  0.4435  1
 119:   0.1269  0.3685  0.2863  0.2183  1
 120:   0.1606  0.4007  0.1714  0.2673  1
 121:   0.2028  0.1770  0.2094  0.4109  1
 122:   0.3838  0.1721  0.3468  0.0973  1
 123:   0.3415  0.1724  0.2841  0.2020  1
 124:   0.1332  0.1168  0.5163  0.2338  1
 125:   0.1184  0.1532  0.3992  0.3292  1
 126:   0.0886  0.1072  0.6252  0.1790  1
 127:   0.1300  0.1826  0.5267  0.1606  1
 128:   0.2543  0.2141  0.3269  0.2047  1
 129:   0.2688  0.1770  0.2946  0.2596  1
 130:   0.2529  0.4999  0.1510  0.0962  1
 131:   0.3216  0.3492  0.1798  0.1494  1
 132:   0.2469  0.2829  0.1714  0.2989  1
 133:   0.3137  0.1888  0.1980  0.2995  1
 134:   0.3661  0.3409  0.1792  0.1138  1
 135:   0.1236  0.3864  0.1547  0.3353  1
 136:   0.4934  0.1850  0.1476  0.1740  1
 137:   0.4595  0.3197  0.1032  0.1176  1
 138:   0.4995  0.2192  0.1556  0.1256  1
 139:   0.2452  0.1650  0.1486  0.4412  1
 140:   0.2266  0.3689  0.1808  0.2238  1
 141:   0.1731  0.4234  0.1128  0.2907  1
 142:   0.2973  0.2222  0.1682  0.3123  1
 143:   0.1828  0.2974  0.1590  0.3608  1
 144:   0.1894  0.1462  0.3453  0.3191  1
 145:   0.3191  0.1413  0.2453  0.2943  1
 146:   0.1018  0.1516  0.0844  0.6623  1
 147:   0.5668  0.1419  0.1631  0.1283  1
 148:   0.2183  0.2259  0.2117  0.3441  1
 149:   0.3249  0.2094  0.2859  0.1798  1
 150:   0.5778  0.1534  0.1260  0.1428  1
 151:   0.2075  0.2790  0.2049  0.3086  1
 152:   0.1894  0.3298  0.1860  0.2948  1
 153:   0.1980  0.2591  0.2879  0.2551  1
 154:   0.3636  0.2489  0.1949  0.1925  1
 155:   0.4027  0.1634  0.1912  0.2426  1
 156:   0.3631  0.1212  0.3117  0.2041  1
 157:   0.2882  0.2972  0.2326  0.1820  1
 158:   0.3623  0.2140  0.1396  0.2841  1
 159:   0.2752  0.3324  0.1896  0.2028  1
 160:   0.5433  0.2110  0.1028  0.1430  1
 161:   0.2192  0.2978  0.1798  0.3032  1
 162:   0.1889  0.3519  0.3343  0.1249  1
 163:   0.2520  0.2268  0.3242  0.1970  1
 164:   0.2839  0.3894  0.1601  0.1667  1
 165:   0.2225  0.2727  0.3117  0.1931  1
 166:   0.4375  0.1496  0.1136  0.2993  1
 167:   0.2957  0.1674  0.3289  0.2080  1
 168:   0.4831  0.2500  0.1088  0.1582  1
 169:   0.1656  0.3097  0.2721  0.2525  1
 170:   0.0966  0.5590  0.1178  0.2266  1
 171:   0.4600  0.1806  0.1568  0.2026  1
 172:   0.2018  0.1770  0.2094  0.4119  1
 173:   0.1431  0.4131  0.1601  0.2838  1
 174:   0.1654  0.2082  0.2542  0.3722  1
 175:   0.1751  0.2751  0.2011  0.3487  1
 176:   0.2649  0.3527  0.1362  0.2462  1
 177:   0.1516  0.2088  0.3068  0.3328  1
 178:   0.2346  0.1932  0.1630  0.4092  1
 179:   0.2327  0.1429  0.3063  0.3181  1
 180:   0.4309  0.2585  0.1780  0.1326  1
 181:   0.2124  0.4906  0.1672  0.1298  1
 182:   0.5964  0.1296  0.1518  0.1222  1
 183:   0.3623  0.1762  0.1762  0.2853  1
 184:   0.1988  0.4260  0.2060  0.1692  1
 185:   0.1355  0.2039  0.4194  0.2411  1
 186:   0.1473  0.1679  0.4930  0.1919  1
 187:   0.4079  0.2308  0.2414  0.1198  1
 188:   0.1720  0.1546  0.3324  0.3410  1
 189:   0.1726  0.2242  0.3429  0.2603  1
 190:   0.1102  0.1184  0.2053  0.5660  1
 191:   0.1252  0.2631  0.2541  0.3577  1
 192:   0.3103  0.3369  0.1908  0.1620  1
 193:   0.1565  0.2527  0.2391  0.3517  1
 194:   0.5381  0.2194  0.1108  0.1318  1
 195:   0.2284  0.2891  0.1204  0.3621  1
 196:   0.1206  0.2590  0.3074  0.3130  1
 197:   0.1586  0.1702  0.1776  0.4936  1
 198:   0.1322  0.3329  0.1882  0.3467  1
 199:   0.1096  0.1106  0.6965  0.0834  1
 200:   0.2192  0.1444  0.4733  0.1630  1
 201:   0.1694  0.1842  0.4428  0.2036  1
 202:   0.5132  0.1860  0.1822  0.1186  1
 203:   0.2170  0.1674  0.2927  0.3229  1
 204:   0.1242  0.1670  0.4364  0.2724  1
 205:   0.2174  0.1662  0.4617  0.1546  1
 206:   0.2065  0.1317  0.5225  0.1393  1
 207:   0.2205  0.3711  0.1933  0.2151  1
 208:   0.3297  0.3447  0.1414  0.1842  1
 209:   0.1253  0.2489  0.3824  0.2435  1
 210:   0.1554  0.1832  0.1952  0.4663  1
 211:   0.1080  0.1490  0.2470  0.4960  1
 212:   0.5824  0.1257  0.1801  0.1118  1
 213:   0.1600  0.2615  0.2074  0.3711  1
 214:   0.0930  0.2847  0.2799  0.3425  1
 215:   0.1597  0.1953  0.1817  0.4634  1
 216:   0.2826  0.2212  0.1256  0.3706  1
 217:   0.1634  0.1582  0.2342  0.4443  1
 218:   0.2658  0.2056  0.1518  0.3768  1
 219:   0.0666  0.1588  0.5566  0.2180  1
 220:   0.3942  0.1166  0.2634  0.2258  1
 221:   0.1932  0.1470  0.4647  0.1952  1
 222:   0.2672  0.2218  0.1370  0.3740  1
 223:   0.1180  0.0796  0.2738  0.5286  1
 224:   0.1364  0.1352  0.5408  0.1876  1
 225:   0.1056  0.1668  0.1694  0.5582  1
 226:   0.1254  0.2518  0.3258  0.2970  1
 227:   0.2075  0.3175  0.2557  0.2193  1
 228:   0.5846  0.1388  0.1600  0.1166  1
 229:   0.2915  0.2238  0.2793  0.2054  1
 230:   0.0926  0.1678  0.5165  0.2230  1
 231:   0.0970  0.1220  0.5157  0.2653  1
 232:   0.1660  0.4294  0.2658  0.1388  1
 233:   0.5404  0.1775  0.1252  0.1569  1
 234:   0.2260  0.1662  0.2238  0.3839  1
 235:   0.2170  0.2004  0.3634  0.2192  1
 236:   0.4572  0.2201  0.1435  0.1793  1
 237:   0.1978  0.1702  0.1860  0.4459  1
 238:   0.1606  0.4769  0.2661  0.0964  1
 239:   0.4284  0.3096  0.1140  0.1480  1
 240:   0.1214  0.3269  0.1302  0.4215  1
 241:   0.1094  0.3729  0.3025  0.2152  1
 242:   0.2533  0.2479  0.3483  0.1505  1
 243:   0.2269  0.1689  0.2797  0.3245  1
 244:   0.1672  0.4561  0.1080  0.2687  1
 245:   0.1652  0.4586  0.1078  0.2684  1
 246:   0.3216  0.1538  0.2628  0.2618  1
 247:   0.1352  0.5130  0.2086  0.1432  1
 248:   0.1422  0.3295  0.1258  0.4025  1
 249:   0.2238  0.1966  0.4036  0.1760  1
 250:   0.0830  0.1690  0.2002  0.5479  1
 251:   0.3105  0.2280  0.1886  0.2729  1
 252:   0.3311  0.2605  0.1554  0.2529  1
 253:   0.3279  0.2248  0.1292  0.3181  1
 254:   0.3315  0.2233  0.1871  0.2581  1
 255:   0.1814  0.3373  0.2344  0.2470  1
 256:   0.1444  0.4723  0.2146  0.1686  1
 257:   0.1564  0.1410  0.4759  0.2266  1
 258:   0.5150  0.1763  0.1585  0.1503  1
 259:   0.1068  0.0770  0.1320  0.6842  1
 260:   0.2303  0.2514  0.1661  0.3522  1
 261:   0.3092  0.2628  0.1980  0.2300  1
 262:   0.3448  0.2704  0.2310  0.1538  1
 263:   0.4373  0.2573  0.1474  0.1580  1
 264:   0.3878  0.2334  0.1304  0.2484  1
 265:   0.1794  0.3835  0.2643  0.1728  1
 266:   0.1234  0.1848  0.2150  0.4769  1
 267:   0.2608  0.2250  0.3392  0.1750  1
 268:   0.2711  0.2655  0.1386  0.3247  1
 269:   0.2226  0.2156  0.3994  0.1624  1
 270:   0.1024  0.1913  0.4204  0.2859  1
 271:   0.2402  0.1662  0.3705  0.2230  1
 272:   0.2306  0.2803  0.1742  0.3149  1
 273:   0.2168  0.1906  0.3021  0.2905  1
 274:   0.4474  0.1144  0.3225  0.1158  1
 275:   0.1744  0.2094  0.1784  0.4379  1
 276:   0.1973  0.5090  0.1068  0.1869  1
 277:   0.1094  0.1876  0.3964  0.3066  1
 278:   0.1602  0.4042  0.1720  0.2636  1
 279:   0.1674  0.4274  0.2934  0.1118  1
 280:   0.1044  0.3325  0.3951  0.1680  1
 281:   0.1526  0.2762  0.3522  0.2190  1
 282:   0.2039  0.4428  0.1589  0.1943  1
 283:   0.5083  0.2004  0.1704  0.1208  1
 284:   0.1539  0.4559  0.2309  0.1593  1
 285:   0.4352  0.1112  0.2497  0.2039  1
 286:   0.2776  0.3650  0.1530  0.2044  1
 287:   0.2541  0.3999  0.1174  0.2286  1
 288:   0.1812  0.1716  0.4552  0.1920  1
 289:   0.4950  0.1943  0.1709  0.1397  1
 290:   0.2112  0.3374  0.2316  0.2198  1
 291:   0.3406  0.2204  0.2010  0.2380  1
 292:   0.2603  0.2531  0.2396  0.2470  1
 293:   0.4336  0.1616  0.2224  0.1824  1
 294:   0.1532  0.3762  0.2980  0.1726  1
 295:   0.2913  0.3153  0.2719  0.1216  1
 296:   0.1944  0.2955  0.3399  0.1702  1
 297:   0.4688  0.1370  0.1578  0.2364  1
 298:   0.2186  0.3395  0.1288  0.3131  1
 299:   0.4714  0.1166  0.2062  0.2058  1
 300:   0.1792  0.1682  0.2326  0.4201  1
 301:   0.1428  0.4547  0.1782  0.2242  1
 302:   0.1258  0.1314  0.1244  0.6185  1
 303:   0.3485  0.2276  0.2386  0.1854  1
 304:   0.1218  0.2870  0.2266  0.3646  1
 305:   0.1417  0.2804  0.3010  0.2770  1
 306:   0.1012  0.4297  0.2062  0.2629  1
 307:   0.2611  0.2649  0.1974  0.2767  1
 308:   0.4649  0.2004  0.1476  0.1870  1
 309:   0.4098  0.1446  0.2986  0.1470  1
 310:   0.4657  0.2466  0.1462  0.1414  1
 311:   0.4061  0.2466  0.1686  0.1788  1
 312:   0.1062  0.4626  0.2722  0.1590  1
 313:   0.4705  0.1348  0.2885  0.1062  1
 314:   0.1721  0.1853  0.4635  0.1791  1
 315:   0.3406  0.3114  0.1722  0.1758  1
 316:   0.3126  0.3162  0.0862  0.2850  1
 317:   0.2845  0.2829  0.1651  0.2675  1
 318:   0.3569  0.2909  0.1817  0.1705  1
 319:   0.1126  0.4631  0.2204  0.2038  1
 320:   0.2696  0.2512  0.1934  0.2858  1
 321:   0.3099  0.1236  0.2536  0.3129  1
 322:   0.1586  0.2626  0.3168  0.2620  1
 323:   0.1306  0.1636  0.3881  0.3177  1
 324:   0.1672  0.1390  0.2276  0.4661  1
 325:   0.3282  0.3422  0.1570  0.1726  1
 326:   0.1749  0.2093  0.2689  0.3469  1
 327:   0.1998  0.2438  0.2869  0.2695  1
 328:   0.2290  0.2774  0.3420  0.1516  1
 329:   0.3269  0.2753  0.2423  0.1555  1
 330:   0.4021  0.3301  0.1354  0.1324  1
 331:   0.1834  0.4271  0.1234  0.2661  1
 332:   0.3035  0.2743  0.1538  0.2683  1
 333:   0.2650  0.1560  0.1952  0.3838  1
 334:   0.2766  0.2386  0.3128  0.1720  1
 335:   0.2950  0.2284  0.3130  0.1636  1
 336:   0.2859  0.2899  0.2352  0.1890  1
 337:   0.1706  0.3613  0.1980  0.2701  1
 338:   0.1124  0.4634  0.2942  0.1300  1
 339:   0.1784  0.2472  0.3194  0.2550  1
 340:   0.1930  0.2438  0.2873  0.2759  1
 341:   0.2705  0.2044  0.2246  0.3005  1
 342:   0.3181  0.2769  0.1636  0.2414  1
 343:   0.4341  0.1222  0.2150  0.2286  1
 344:   0.5221  0.2344  0.1068  0.1366  1
 345:   0.2012  0.3089  0.3317  0.1582  1
 346:   0.2635  0.2335  0.2637  0.2393  1
 347:   0.3435  0.2175  0.2985  0.1405  1
 348:   0.3081  0.3255  0.1448  0.2216  1
 349:   0.3369  0.1847  0.2423  0.2361  1
 350:   0.1954  0.3693  0.2404  0.1948  1
 351:   0.2096  0.2162  0.2951  0.2791  1
 352:   0.3223  0.2509  0.1680  0.2587  1
 353:   0.2632  0.2540  0.2978  0.1850  1
 354:   0.1462  0.1870  0.2328  0.4341  1
 355:   0.2965  0.3893  0.1610  0.1532  1
 356:   0.1458  0.2030  0.4570  0.1942  1
 357:   0.1862  0.1776  0.2750  0.3612  1
 358:   0.4629  0.1710  0.2380  0.1280  1
 359:   0.1773  0.1232  0.3155  0.3840  1
 360:   0.2619  0.2380  0.2096  0.2905  1
 361:   0.3694  0.2494  0.1008  0.2804  1
 362:   0.1394  0.1924  0.3132  0.3550  1
 363:   0.1368  0.1826  0.2256  0.4549  1
 364:   0.2092  0.2118  0.3688  0.2102  1
 365:   0.3317  0.0908  0.3627  0.2147  1
 366:   0.3351  0.1800  0.2661  0.2188  1
 367:   0.2435  0.2349  0.2713  0.2503  1
 368:   0.2542  0.2174  0.2784  0.2500  1
 369:   0.1262  0.1588  0.5569  0.1582  1
 370:   0.2784  0.1614  0.1256  0.4346  1
 371:   0.2961  0.1736  0.2408  0.2895  1
 372:   0.1924  0.4512  0.1660  0.1904  1
 373:   0.3836  0.1818  0.2308  0.2038  1
 374:   0.4035  0.1978  0.2362  0.1626  1
 375:   0.2687  0.1134  0.4955  0.1224  1
 376:   0.3561  0.2741  0.2439  0.1259  1
 377:   0.2571  0.1448  0.4023  0.1958  1
 378:   0.2290  0.2877  0.3003  0.1830  1
 379:   0.1991  0.2087  0.3598  0.2323  1
 380:   0.5658  0.1982  0.1306  0.1054  1
 381:   0.1936  0.2683  0.2567  0.2815  1
 382:   0.3125  0.2040  0.1628  0.3207  1
 383:   0.1700  0.5065  0.1940  0.1296  1
 384:   0.2794  0.3316  0.2356  0.1534  1
 385:   0.1382  0.2566  0.2726  0.3326  1
 386:   0.1865  0.1431  0.1353  0.5352  1
 387:   0.2362  0.3826  0.1914  0.1898  1
 388:   0.2580  0.1552  0.2330  0.3538  1
 389:   0.2961  0.1892  0.1506  0.3641  1
 390:   0.2391  0.3119  0.2063  0.2427  1
 391:   0.1447  0.1751  0.3671  0.3131  1
 392:   0.2797  0.3181  0.1980  0.2042  1
 393:   0.4552  0.1751  0.2113  0.1583  1
 394:   0.2635  0.2240  0.2515  0.2609  1
 395:   0.1813  0.2183  0.1891  0.4112  1
 396:   0.2518  0.2208  0.2144  0.3130  1
 397:   0.2083  0.2565  0.3651  0.1701  1
 398:   0.2152  0.3026  0.2548  0.2274  1
 399:   0.3037  0.3265  0.1766  0.1932  1
 400:   0.3428  0.2948  0.2714  0.0910  1
 401:   0.2278  0.2595  0.1422  0.3705  1
 402:   0.3048  0.2362  0.2180  0.2410  1
 403:   0.1602  0.1882  0.2536  0.3980  1
 404:   0.2498  0.2058  0.3875  0.1568  1
 405:   0.1740  0.1676  0.2332  0.4252  1
 406:   0.4768  0.1905  0.1463  0.1865  1
 407:   0.2388  0.2572  0.2698  0.2342  1
 408:   0.2124  0.4392  0.1156  0.2328  1
 409:   0.2848  0.4816  0.0924  0.1412  1
 410:   0.1630  0.4468  0.2572  0.1330  1
 411:   0.4235  0.2354  0.1942  0.1468  1
 412:   0.1471  0.1401  0.2021  0.5106  1
 413:   0.3415  0.3369  0.1396  0.1820  1
 414:   0.2328  0.1308  0.4269  0.2094  1
 415:   0.1922  0.2054  0.1914  0.4111  1
 416:   0.1586  0.1794  0.2956  0.3664  1
 417:   0.2832  0.2998  0.1782  0.2388  1
 418:   0.3900  0.2072  0.1586  0.2442  1
 419:   0.2236  0.2482  0.2683  0.2599  1
 420:   0.2689  0.2295  0.2837  0.2179  1
 421:   0.0888  0.4325  0.2579  0.2208  1
 422:   0.2597  0.2497  0.3619  0.1286  1
 423:   0.2066  0.3203  0.2693  0.2038  1
 424:   0.1688  0.5005  0.1810  0.1496  1
 425:   0.4478  0.1250  0.2246  0.2026  1
 426:   0.1234  0.1578  0.1804  0.5383  1
 427:   0.3025  0.2619  0.2765  0.1591  1
 428:   0.2459  0.1899  0.3112  0.2530  1
 429:   0.2383  0.2734  0.1957  0.2926  1
 430:   0.1826  0.2064  0.3801  0.2308  1
 431:   0.3618  0.3244  0.1404  0.1734  1
 432:   0.1134  0.1508  0.5666  0.1692  1
 433:   0.2138  0.1966  0.2827  0.3069  1
 434:   0.2332  0.1676  0.2792  0.3200  1
 435:   0.4396  0.1810  0.1704  0.2090  1
 436:   0.1485  0.3618  0.2778  0.2119  1
 437:   0.3399  0.1096  0.3127  0.2378  1
 438:   0.3380  0.2464  0.1628  0.2528  1
 439:   0.2371  0.3017  0.1477  0.3135  1
 440:   0.2438  0.2815  0.1622  0.3125  1
 441:   0.2452  0.3894  0.1370  0.2284  1
 442:   0.3141  0.4179  0.1430  0.1250  1
 443:   0.2214  0.2310  0.3835  0.1642  1
 444:   0.1654  0.2046  0.3909  0.2392  1
 445:   0.2797  0.2567  0.2673  0.1962  1
 446:   0.2548  0.2428  0.3230  0.1794  1
 447:   0.3129  0.1673  0.2073  0.3125  1
 448:   0.2728  0.3280  0.2060  0.1932  1
 449:   0.4002  0.2170  0.1214  0.2614  1
 450:   0.1750  0.2814  0.2272  0.3164  1
 451:   0.2553  0.3721  0.1435  0.2291  1
 452:   0.1482  0.1926  0.4874  0.1718  1
 453:   0.1737  0.2411  0.2767  0.3085  1
 454:   0.1700  0.2454  0.2436  0.3411  1
 455:   0.2362  0.1563  0.2434  0.3641  1
 456:   0.1462  0.2094  0.4418  0.2026  1
 457:   0.0780  0.1512  0.1690  0.6017  1
 458:   0.4272  0.1258  0.2291  0.2179  1
 459:   0.2243  0.1433  0.1401  0.4923  1
 460:   0.2050  0.3025  0.2404  0.2521  1
 461:   0.3632  0.1588  0.1816  0.2964  1
 462:   0.2879  0.1558  0.1202  0.4361  1
 463:   0.2298  0.2621  0.3657  0.1424  1
 464:   0.2450  0.2096  0.1838  0.3616  1
 465:   0.2885  0.3439  0.1954  0.1722  1
 466:   0.1781  0.2169  0.2851  0.3199  1
 467:   0.1362  0.1356  0.2861  0.4421  1
 468:   0.3880  0.1734  0.1904  0.2482  1
 469:   0.1468  0.1552  0.4915  0.2066  1
 470:   0.1480  0.2070  0.2450  0.4000  1
 471:   0.2593  0.2178  0.3339  0.1890  1
 472:   0.1150  0.2948  0.1666  0.4236  1
 473:   0.2033  0.2265  0.2892  0.2810  1
 474:   0.1936  0.2284  0.1458  0.4321  1
 475:   0.1756  0.3964  0.2848  0.1432  1
 476:   0.2248  0.2360  0.3389  0.2002  1
 477:   0.2828  0.2088  0.3150  0.1934  1
 478:   0.3441  0.2405  0.2333  0.1821  1
 479:   0.3737  0.2149  0.2407  0.1707  1
 480:   0.1699  0.2996  0.1889  0.3416  1
 481:   0.3868  0.2451  0.2065  0.1615  1
 482:   0.4382  0.2635  0.1823  0.1160  1
 483:   0.1792  0.2356  0.2914  0.2938  1
 484:   0.1768  0.2934  0.3784  0.1514  1
 485:   0.3398  0.3300  0.1566  0.1736  1
 486:   0.2640  0.4454  0.1194  0.1712  1
 487:   0.2350  0.3587  0.1328  0.2735  1
 488:   0.2539  0.2043  0.1675  0.3743  1
 489:   0.2084  0.3370  0.1510  0.3036  1
 490:   0.3792  0.2604  0.1538  0.2066  1
 491:   0.1659  0.4896  0.1323  0.2123  1
 492:   0.2922  0.2996  0.1926  0.2156  1
 493:   0.4841  0.2383  0.1535  0.1241  1
 494:   0.2471  0.2731  0.1681  0.3117  1
 495:   0.2545  0.3363  0.1658  0.2434  1
 496:   0.3195  0.3353  0.2266  0.1186  1
 497:   0.3368  0.3378  0.1442  0.1812  1
 498:   0.3341  0.1904  0.2034  0.2721  1
 499:   0.1854  0.2054  0.2178  0.3913  1
 500:   0.1964  0.1448  0.4642  0.1946  1
 501:   0.2726  0.1840  0.4172  0.1262  1
 502:   0.2989  0.2125  0.3235  0.1651  1
 503:   0.5012  0.1776  0.2168  0.1044  1
 504:   0.4153  0.2679  0.2274  0.0894  1
 505:   0.4371  0.1176  0.2871  0.1582  1
 506:   0.1416  0.1600  0.4619  0.2364  1
 507:   0.4586  0.2071  0.1755  0.1587  1
 508:   0.3315  0.2283  0.2807  0.1595  1
 509:   0.1743  0.2097  0.3661  0.2499  1
 510:   0.3198  0.2493  0.2716  0.1593  1
 511:   0.1836  0.2934  0.1718  0.3512  1
 512:   0.1246  0.1184  0.3288  0.4282  1
 513:   0.1856  0.3520  0.2012  0.2612  1
 514:   0.4942  0.1948  0.1218  0.1892  1
 515:   0.2696  0.2178  0.1970  0.3156  1
 516:   0.1078  0.2072  0.2336  0.4513  1
 517:   0.2208  0.2585  0.2505  0.2703  1
 518:   0.5320  0.1760  0.1454  0.1466  1
 519:   0.1198  0.2623  0.2801  0.3377  1
 520:   0.1208  0.1462  0.5406  0.1924  1
 521:   0.1126  0.1714  0.4392  0.2768  1
 522:   0.2129  0.2759  0.2303  0.2809  1
 523:   0.4163  0.1782  0.2747  0.1308  1
 524:   0.2066  0.4327  0.2410  0.1196  1
 525:   0.3233  0.2559  0.1328  0.2881  1
 526:   0.1458  0.4864  0.1924  0.1754  1
 527:   0.3711  0.2113  0.1190  0.2985  1
 528:   0.3712  0.2044  0.1416  0.2828  1
 529:   0.2457  0.2005  0.1821  0.3717  1
 530:   0.2400  0.2224  0.3429  0.1948  1
 531:   0.5628  0.1411  0.1260  0.1701  1
 532:   0.3971  0.2933  0.2102  0.0994  1
 533:   0.2513  0.2210  0.3263  0.2014  1
 534:   0.2048  0.2993  0.2142  0.2817  1
 535:   0.5480  0.1880  0.1306  0.1334  1
 536:   0.2654  0.2638  0.1400  0.3308  1
 537:   0.1752  0.4651  0.1274  0.2322  1
 538:   0.1202  0.4000  0.2900  0.1898  1
 539:   0.2188  0.2572  0.2890  0.2350  1
 540:   0.2959  0.4266  0.0978  0.1797  1
 541:   0.2216  0.3553  0.1614  0.2617  1
 542:   0.3430  0.2180  0.1666  0.2724  1
 543:   0.3824  0.2189  0.2579  0.1409  1
 544:   0.1306  0.2018  0.4690  0.1986  1
 545:   0.0998  0.2729  0.1716  0.4557  1
 546:   0.3440  0.1655  0.2724  0.2181  1
 547:   0.1579  0.2483  0.2893  0.3045  1
 548:   0.3795  0.1270  0.2184  0.2751  1
 549:   0.1752  0.1922  0.2412  0.3914  1
 550:   0.1550  0.4064  0.1874  0.2512  1
 551:   0.2026  0.4990  0.1412  0.1572  1
 552:   0.3201  0.2797  0.1552  0.2450  1
 553:   0.1320  0.2894  0.3588  0.2198  1
 554:   0.1388  0.2328  0.1968  0.4316  1
 555:   0.3017  0.3169  0.1302  0.2511  1
 556:   0.1443  0.3761  0.2441  0.2355  1
 557:   0.2022  0.2939  0.2052  0.2987  1
 558:   0.2741  0.1619  0.3469  0.2171  1
 559:   0.1188  0.3449  0.3177  0.2186  1
 560:   0.2553  0.1946  0.2963  0.2539  1
 561:   0.1032  0.2835  0.3657  0.2476  1
 562:   0.4170  0.2606  0.2050  0.1174  1
 563:   0.1218  0.4219  0.2342  0.2222  1
 564:   0.2338  0.2824  0.2322  0.2516  1
 565:   0.4070  0.2605  0.2039  0.1285  1
 566:   0.1719  0.2709  0.3429  0.2143  1
 567:   0.1989  0.4340  0.1176  0.2495  1
 568:   0.4775  0.3184  0.0869  0.1171  1
 569:   0.1921  0.4940  0.1184  0.1955  1
 570:   0.5139  0.1548  0.1742  0.1572  1
 571:   0.0952  0.3217  0.2881  0.2951  1
 572:   0.1792  0.1978  0.1996  0.4233  1
 573:   0.2958  0.2400  0.2846  0.1796  1
 574:   0.4065  0.2607  0.1558  0.1770  1
 575:   0.1276  0.4562  0.1972  0.2190  1
 576:   0.2620  0.2146  0.1632  0.3602  1
 577:   0.4987  0.1744  0.1310  0.1960  1
 578:   0.1588  0.2136  0.4752  0.1524  1
 579:   0.1970  0.4501  0.2054  0.1474  1
 580:   0.1820  0.4208  0.1928  0.2044  1
 581:   0.1348  0.2584  0.2594  0.3474  1
 582:   0.1408  0.1388  0.3129  0.4075  1
 583:   0.3359  0.1098  0.4531  0.1012  1
 584:   0.1048  0.4073  0.2635  0.2244  1
 585:   0.3194  0.4410  0.1232  0.1164  1
 586:   0.1365  0.2594  0.3776  0.2265  1
 587:   0.3917  0.3079  0.1484  0.1520  1
 588:   0.4378  0.3028  0.1198  0.1396  1
 589:   0.2564  0.1836  0.2376  0.3224  1
 590:   0.4250  0.3340  0.1184  0.1226  1
 591:   0.1100  0.3529  0.2396  0.2975  1
 592:   0.5374  0.2330  0.1262  0.1034  1
 593:   0.1612  0.4131  0.2450  0.1808  1
 594:   0.2753  0.3111  0.2885  0.1252  1
 595:   0.3678  0.1367  0.2369  0.2586  1
 596:   0.0820  0.2054  0.4523  0.2603  1
 597:   0.5673  0.2054  0.1006  0.1268  1
 598:   0.2637  0.3061  0.1930  0.2372  1
 599:   0.2493  0.3860  0.1931  0.1715  1
 600:   0.3923  0.3303  0.1492  0.1282  1
 601:   0.4277  0.2240  0.1984  0.1500  1
 602:   0.1565  0.5741  0.0955  0.1739  1
 603:   0.2575  0.4199  0.1132  0.2094  1
 604:   0.1590  0.2260  0.2559  0.3591  1
 605:   0.2100  0.2971  0.1630  0.3299  1
 606:   0.4295  0.2326  0.2098  0.1280  1
 607:   0.3005  0.2971  0.2221  0.1803  1
 608:   0.2470  0.3832  0.2250  0.1448  1
 609:   0.1024  0.2050  0.1712  0.5215  1
 610:   0.3533  0.1558  0.3529  0.1380  1
 611:   0.1038  0.1715  0.3337  0.3910  1
 612:   0.1720  0.3395  0.3047  0.1838  1
 613:   0.5005  0.1982  0.1380  0.1632  1
 614:   0.3671  0.3399  0.1789  0.1140  1
 615:   0.2304  0.3718  0.1432  0.2546  1
 616:   0.1691  0.3051  0.3699  0.1559  1
 617:   0.3295  0.3873  0.1894  0.0938  1
 618:   0.2304  0.3349  0.1684  0.2663  1
 619:   0.3604  0.2720  0.1856  0.1820  1
 620:   0.2559  0.2689  0.2771  0.1982  1
 621:   0.2334  0.3842  0.1788  0.2036  1
 622:   0.1142  0.1400  0.2578  0.4880  1
 623:   0.2587  0.2053  0.1935  0.3425  1
 624:   0.1788  0.2116  0.3217  0.2879  1
 625:   0.2451  0.4621  0.1290  0.1638  1
 626:   0.1396  0.2312  0.3313  0.2979  1
 627:   0.3390  0.3348  0.1802  0.1460  1
 628:   0.3846  0.2322  0.1740  0.2092  1
 629:   0.1758  0.3319  0.1488  0.3435  1
 630:   0.1482  0.3372  0.3646  0.1500  1
 631:   0.3859  0.2519  0.2120  0.1502  1
 632:   0.6122  0.1191  0.1519  0.1169  1
 633:   0.2907  0.4495  0.1664  0.0934  1
 634:   0.2711  0.3105  0.2721  0.1464  1
 635:   0.2888  0.1480  0.2030  0.3602  1
 636:   0.2689  0.2336  0.2124  0.2851  1
 637:   0.1034  0.2159  0.2105  0.4702  1
 638:   0.3997  0.2028  0.1584  0.2390  1
 639:   0.3763  0.4047  0.1182  0.1008  1
 640:   0.4610  0.1653  0.1475  0.2261  1
 641:   0.4031  0.2238  0.1826  0.1904  1
 642:   0.3552  0.2800  0.1271  0.2377  1
 643:   0.1232  0.3293  0.4427  0.1048  1
 644:   0.1400  0.5429  0.1648  0.1524  1
 645:   0.1248  0.2530  0.1586  0.4636  1
 646:   0.1894  0.1686  0.4005  0.2416  1
 647:   0.2246  0.2124  0.2881  0.2749  1
 648:   0.4081  0.1816  0.2020  0.2084  1
 649:   0.4472  0.2718  0.1372  0.1438  1
 650:   0.1268  0.1628  0.2126  0.4979  1
 651:   0.3480  0.2080  0.2332  0.2108  1
 652:   0.2017  0.1893  0.3900  0.2191  1
 653:   0.3113  0.2281  0.3313  0.1293  1
 654:   0.2618  0.2830  0.2074  0.2478  1
 655:   0.1475  0.1867  0.3115  0.3543  1
 656:   0.4184  0.1508  0.2976  0.1332  1
 657:   0.5440  0.1078  0.1326  0.2156  1
 658:   0.3209  0.4056  0.1477  0.1258  1
 659:   0.2056  0.2884  0.3120  0.1940  1
 660:   0.4583  0.2350  0.1578  0.1490  1
 661:   0.2214  0.1326  0.3130  0.3330  1
 662:   0.3243  0.2597  0.2679  0.1482  1
 663:   0.1622  0.1846  0.2434  0.4098  1
 664:   0.2638  0.2186  0.3452  0.1724  1
 665:   0.1573  0.1963  0.4496  0.1967  1
 666:   0.2686  0.4072  0.1654  0.1588  1
 667:   0.2531  0.3015  0.1859  0.2595  1
 668:   0.3996  0.1458  0.3040  0.1506  1
 669:   0.1096  0.0898  0.1050  0.6955  1
 670:   0.1670  0.1268  0.2462  0.4600  1
 671:   0.3189  0.2512  0.2220  0.2078  1
 672:   0.2262  0.2196  0.2651  0.2891  1
 673:   0.1754  0.2226  0.2112  0.3909  1
 674:   0.1178  0.4065  0.3381  0.1376  1
 675:   0.2358  0.3629  0.2428  0.1586  1
 676:   0.4682  0.1168  0.3174  0.0976  1
 677:   0.4194  0.1445  0.2657  0.1705  1
 678:   0.1856  0.3761  0.1362  0.3021  1
 679:   0.3535  0.4247  0.1034  0.1184  1
 680:   0.3305  0.1577  0.1349  0.3769  1
 681:   0.3008  0.1334  0.2958  0.2700  1
 682:   0.1855  0.3217  0.2989  0.1939  1
 683:   0.2520  0.2524  0.2962  0.1994  1
 684:   0.1154  0.2152  0.4631  0.2064  1
 685:   0.2868  0.1464  0.3184  0.2484  1
 686:   0.3513  0.1548  0.2180  0.2759  1
 687:   0.1866  0.4523  0.1666  0.1946  1
 688:   0.3606  0.2358  0.2340  0.1696  1
 689:   0.1667  0.1429  0.4114  0.2791  1
 690:   0.1829  0.3564  0.1697  0.2910  1
 691:   0.2957  0.0932  0.3645  0.2466  1
 692:   0.2376  0.2694  0.2832  0.2098  1
 693:   0.2902  0.3880  0.1452  0.1766  1
 694:   0.1642  0.4168  0.3138  0.1052  1
 695:   0.2657  0.4026  0.1194  0.2123  1
 696:   0.1914  0.4645  0.1492  0.1948  1
 697:   0.4049  0.2819  0.1816  0.1316  1
 698:   0.1096  0.2500  0.3945  0.2459  1
 699:   0.1652  0.3879  0.2132  0.2336  1
 700:   0.1576  0.1528  0.4581  0.2316  1
 701:   0.1026  0.5291  0.1798  0.1886  1
 702:   0.2764  0.1136  0.4384  0.1716  1
 703:   0.2587  0.1785  0.2317  0.3311  1
 704:   0.1631  0.3179  0.2497  0.2693  1
 705:   0.3383  0.3227  0.2204  0.1186  1
 706:   0.1306  0.1582  0.4683  0.2428  1
 707:   0.1820  0.1612  0.3414  0.3154  1
 708:   0.2598  0.2944  0.2900  0.1558  1
 709:   0.2638  0.3900  0.1644  0.1818  1
 710:   0.1438  0.2801  0.3475  0.2286  1
 711:   0.2102  0.3595  0.2436  0.1866  1
 712:   0.1374  0.3022  0.3094  0.2510  1
 713:   0.4282  0.2305  0.1431  0.1981  1
 714:   0.1390  0.2174  0.3366  0.3070  1
 715:   0.1924  0.2516  0.3602  0.1958  1
 716:   0.1586  0.1526  0.2690  0.4198  1
 717:   0.1178  0.3021  0.3043  0.2759  1
 718:   0.1852  0.3239  0.3343  0.1566  1
 719:   0.1166  0.1347  0.2995  0.4492  1
 720:   0.3766  0.2310  0.2764  0.1160  1
 721:   0.1792  0.3123  0.2735  0.2350  1
 722:   0.2823  0.3665  0.1928  0.1584  1
 723:   0.1870  0.2715  0.1784  0.3631  1
 724:   0.1726  0.4052  0.2082  0.2140  1
 725:   0.1590  0.4204  0.2342  0.1864  1
 726:   0.3459  0.1735  0.3303  0.1503  1
 727:   0.6044  0.1631  0.1134  0.1190  1
 728:   0.2527  0.2430  0.1704  0.3339  1
 729:   0.2250  0.3887  0.2679  0.1184  1
 730:   0.4419  0.1316  0.2551  0.1714  1
 731:   0.1948  0.2951  0.2829  0.2272  1
 732:   0.2734  0.4022  0.1628  0.1616  1
 733:   0.2080  0.2286  0.3046  0.2588  1
 734:   0.3305  0.2987  0.2272  0.1436  1
 735:   0.1944  0.4663  0.2024  0.1370  1
 736:   0.2478  0.4867  0.1116  0.1540  1
 737:   0.3111  0.1870  0.1740  0.3279  1
 738:   0.1684  0.1720  0.4487  0.2108  1
 739:   0.2115  0.2277  0.3974  0.1635  1
 740:   0.4947  0.1742  0.2044  0.1268  1
 741:   0.1136  0.3344  0.2800  0.2720  1
 742:   0.2217  0.3171  0.3045  0.1567  1
 743:   0.1781  0.2661  0.2849  0.2709  1
 744:   0.2019  0.4423  0.1139  0.2419  1
 745:   0.2282  0.2526  0.3372  0.1820  1
 746:   0.3537  0.1816  0.3239  0.1408  1
 747:   0.1142  0.1978  0.4869  0.2010  1
 748:   0.2436  0.1432  0.2420  0.3712  1
 749:   0.1459  0.1919  0.3295  0.3327  1
 750:   0.5321  0.1936  0.1586  0.1156  1
 751:   0.2234  0.2016  0.1834  0.3916  1
 752:   0.2765  0.3633  0.1648  0.1954  1
 753:   0.1956  0.3142  0.1634  0.3268  1
 754:   0.3047  0.2523  0.2432  0.1998  1
 755:   0.1500  0.1842  0.5255  0.1404  1
 756:   0.2725  0.2723  0.3285  0.1268  1
 757:   0.4027  0.3381  0.1496  0.1096  1
 758:   0.1972  0.3424  0.2368  0.2236  1
 759:   0.1528  0.4706  0.1160  0.2606  1
 760:   0.1158  0.3671  0.3141  0.2031  1
 761:   0.0956  0.4731  0.3123  0.1190  1
 762:   0.2526  0.1520  0.2830  0.3124  1
 763:   0.2504  0.4164  0.1850  0.1482  1
 764:   0.3053  0.2719  0.1242  0.2985  1
 765:   0.2098  0.1602  0.4789  0.1510  1
 766:   0.2753  0.2466  0.3593  0.1188  1
 767:   0.1460  0.1992  0.1658  0.4889  1
 768:   0.2774  0.4144  0.1808  0.1274  1
 769:   0.3337  0.2260  0.1902  0.2501  1
 770:   0.1518  0.2052  0.3645  0.2785  1
 771:   0.1924  0.3231  0.2158  0.2687  1
 772:   0.2022  0.2526  0.3088  0.2364  1
 773:   0.1748  0.3861  0.2122  0.2270  1
 774:   0.2602  0.1758  0.4426  0.1214  1
 775:   0.1404  0.3018  0.2292  0.3286  1
 776:   0.2933  0.2068  0.1584  0.3415  1
 777:   0.3509  0.2947  0.1904  0.1640  1
 778:   0.1184  0.1807  0.1569  0.5440  1
 779:   0.2193  0.1907  0.3449  0.2451  1
 780:   0.1926  0.4798  0.1682  0.1594  1
 781:   0.3247  0.2352  0.1102  0.3299  1
 782:   0.2869  0.2194  0.2871  0.2066  1
 783:   0.2605  0.3671  0.1549  0.2175  1
 784:   0.1985  0.1987  0.3195  0.2833  1
 785:   0.3640  0.1336  0.2132  0.2892  1
 786:   0.2440  0.1668  0.3515  0.2378  1
 787:   0.1098  0.3092  0.2578  0.3232  1
 788:   0.3669  0.1654  0.3195  0.1482  1
 789:   0.0880  0.1098  0.5597  0.2425  1
 790:   0.3168  0.3330  0.1862  0.1640  1
 791:   0.2192  0.1410  0.4595  0.1804  1
 792:   0.2621  0.2438  0.3825  0.1116  1
 793:   0.1790  0.1734  0.1074  0.5403  1
 794:   0.2960  0.2212  0.2380  0.2448  1
 795:   0.4167  0.1194  0.1750  0.2889  1
 796:   0.1252  0.2601  0.2082  0.4065  1
 797:   0.2172  0.2080  0.2689  0.3059  1
 798:   0.1514  0.1842  0.2761  0.3883  1
 799:   0.1881  0.2287  0.3950  0.1883  1
 800:   0.2563  0.1890  0.3623  0.1924  1
 801:   0.1122  0.3202  0.1302  0.4374  1
 802:   0.2121  0.1295  0.3352  0.3232  1
 803:   0.1887  0.1617  0.4200  0.2295  1
 804:   0.3530  0.3452  0.1678  0.1340  1
 805:   0.1302  0.2488  0.4817  0.1392  1
 806:   0.1372  0.4215  0.2252  0.2162  1
 807:   0.3513  0.3955  0.1304  0.1228  1
 808:   0.2950  0.1816  0.1464  0.3770  1
 809:   0.4782  0.2250  0.1988  0.0980  1
 810:   0.1610  0.1900  0.2716  0.3774  1
 811:   0.1778  0.3828  0.2072  0.2322  1
 812:   0.5190  0.1356  0.1692  0.1762  1
 813:   0.2696  0.2082  0.2560  0.2662  1
 814:   0.3707  0.2020  0.1702  0.2571  1
 815:   0.3385  0.2503  0.1842  0.2270  1
 816:   0.4994  0.1546  0.1774  0.1686  1
 817:   0.2657  0.3535  0.1258  0.2551  1
 818:   0.3050  0.2984  0.2268  0.1698  1
 819:   0.1094  0.3659  0.2463  0.2783  1
 820:   0.2663  0.1814  0.3635  0.1888  1
 821:   0.2770  0.3302  0.1254  0.2674  1
 822:   0.4994  0.2569  0.1239  0.1198  1
 823:   0.3934  0.2918  0.1832  0.1316  1
 824:   0.4356  0.2209  0.1369  0.2067  1
 825:   0.3499  0.2541  0.2603  0.1357  1
 826:   0.2058  0.1682  0.1876  0.4383  1
 827:   0.3390  0.1688  0.3570  0.1352  1
 828:   0.5328  0.1979  0.1379  0.1315  1
 829:   0.1952  0.2268  0.3670  0.2110  1
 830:   0.5087  0.2030  0.1076  0.1806  1
 831:   0.3427  0.2006  0.2825  0.1742  1
 832:   0.1256  0.1994  0.1852  0.4897  1
 833:   0.3607  0.2424  0.3011  0.0958  1
 834:   0.3806  0.3988  0.1200  0.1006  1
 835:   0.1062  0.2951  0.3191  0.2795  1
 836:   0.2631  0.3307  0.2300  0.1762  1
 837:   0.2746  0.3336  0.1955  0.1963  1
 838:   0.4293  0.2438  0.2006  0.1264  1
 839:   0.2975  0.2919  0.1812  0.2294  1
 840:   0.1647  0.2880  0.2528  0.2944  1
 841:   0.2117  0.1143  0.4012  0.2728  1
 842:   0.3592  0.2312  0.2368  0.1728  1
 843:   0.2664  0.1310  0.2444  0.3582  1
 844:   0.3818  0.2673  0.1785  0.1725  1
 845:   0.2418  0.2162  0.2160  0.3260  1
 846:   0.0960  0.2873  0.3369  0.2799  1
 847:   0.1318  0.4468  0.1516  0.2698  1
 848:   0.0993  0.5447  0.1305  0.2255  1
 849:   0.2566  0.2800  0.1570  0.3064  1
 850:   0.3026  0.2106  0.2042  0.2826  1
 851:   0.2058  0.4467  0.1542  0.1934  1
 852:   0.2355  0.2477  0.2679  0.2489  1
 853:   0.1366  0.2754  0.4588  0.1292  1
 854:   0.1304  0.2859  0.0978  0.4859  1
 855:   0.1880  0.3317  0.2723  0.2080  1
 856:   0.3323  0.3049  0.1188  0.2440  1
 857:   0.3175  0.1254  0.2693  0.2879  1
 858:   0.2778  0.1592  0.4610  0.1020  1
 859:   0.3377  0.1495  0.3593  0.1535  1
 860:   0.1878  0.2252  0.3253  0.2617  1
 861:   0.1582  0.2675  0.1892  0.3851  1
 862:   0.2577  0.2571  0.3093  0.1759  1
 863:   0.1498  0.3231  0.2018  0.3253  1
 864:   0.1338  0.2621  0.1888  0.4153  1
 865:   0.3303  0.2615  0.1408  0.2673  1
 866:   0.1818  0.2601  0.3835  0.1746  1
 867:   0.2374  0.2892  0.2036  0.2698  1
 868:   0.2432  0.4640  0.1330  0.1598  1
 869:   0.1248  0.2060  0.2192  0.4500  1
 870:   0.3917  0.2000  0.1294  0.2789  1
 871:   0.1462  0.4357  0.2509  0.1672  1
 872:   0.3155  0.1718  0.4271  0.0856  1
 873:   0.1639  0.2011  0.3244  0.3106  1
 874:   0.3929  0.2410  0.2364  0.1296  1
 875:   0.1966  0.3844  0.2266  0.1924  1
 876:   0.5004  0.2220  0.1442  0.1334  1
 877:   0.2337  0.3287  0.1295  0.3081  1
 878:   0.1430  0.2658  0.2270  0.3642  1
 879:   0.1194  0.4655  0.1648  0.2503  1
 880:   0.1444  0.2174  0.3111  0.3271  1
 881:   0.2074  0.3623  0.2214  0.2088  1
 882:   0.2050  0.2372  0.3605  0.1972  1
 883:   0.2261  0.2769  0.1853  0.3117  1
 884:   0.5522  0.1922  0.1646  0.0910  1
 885:   0.3554  0.2334  0.1844  0.2268  1
 886:   0.1420  0.3769  0.3041  0.1770  1
 887:   0.1658  0.2026  0.5141  0.1174  1
 888:   0.3767  0.2705  0.1256  0.2272  1
 889:   0.1297  0.3735  0.2743  0.2225  1
 890:   0.2195  0.2807  0.2885  0.2113  1
 891:   0.1796  0.3013  0.3429  0.1762  1
 892:   0.2834  0.3570  0.1413  0.2183  1
 893:   0.3860  0.1856  0.2270  0.2014  1
 894:   0.2649  0.2725  0.1936  0.2689  1
 895:   0.2949  0.2685  0.1825  0.2541  1
 896:   0.3794  0.2055  0.1987  0.2163  1
 897:   0.1188  0.2714  0.2388  0.3710  1
 898:   0.1049  0.1813  0.4112  0.3026  1
 899:   0.2014  0.2104  0.2511  0.3371  1
 900:   0.2676  0.3926  0.1228  0.2170  1
 901:   0.2119  0.3922  0.2007  0.1953  1
 902:   0.2445  0.1401  0.1979  0.4176  1
 903:   0.1303  0.5092  0.1771  0.1833  1
 904:   0.4235  0.1590  0.1868  0.2306  1
 905:   0.3253  0.1908  0.2923  0.1916  1
 906:   0.2248  0.3018  0.2098  0.2636  1
 907:   0.1700  0.2989  0.2220  0.3091  1
 908:   0.2068  0.3495  0.2805  0.1632  1
 909:   0.2148  0.3217  0.2032  0.2603  1
 910:   0.1492  0.2993  0.2643  0.2873  1
 911:   0.3695  0.1854  0.3269  0.1182  1
 912:   0.6592  0.1406  0.1018  0.0984  1
 913:   0.2634  0.3118  0.2582  0.1666  1
 914:   0.3023  0.1769  0.3377  0.1831  1
 915:   0.1268  0.1818  0.2647  0.4267  1
 916:   0.1820  0.3961  0.2306  0.1912  1
 917:   0.2130  0.3888  0.2526  0.1456  1
 918:   0.2444  0.4185  0.2090  0.1280  1
 919:   0.3857  0.1970  0.1612  0.2561  1
 920:   0.1302  0.2172  0.2685  0.3841  1
 921:   0.1945  0.1457  0.4378  0.2219  1
 922:   0.1863  0.3279  0.3121  0.1737  1
 923:   0.5912  0.1594  0.1140  0.1354  1
 924:   0.2614  0.1697  0.3688  0.2001  1
 925:   0.2865  0.2400  0.1774  0.2961  1
 926:   0.2002  0.4510  0.1786  0.1702  1
 927:   0.4078  0.2451  0.2091  0.1379  1
 928:   0.1999  0.2907  0.3499  0.1595  1
 929:   0.2559  0.1164  0.1976  0.4301  1
 930:   0.1787  0.2019  0.4431  0.1763  1
 931:   0.4132  0.1485  0.2005  0.2379  1
 932:   0.4223  0.1146  0.1308  0.3323  1
 933:   0.1750  0.1884  0.1966  0.4399  1
 934:   0.2118  0.1304  0.3780  0.2798  1
 935:   0.0984  0.1508  0.1370  0.6137  1
 936:   0.1268  0.1334  0.5258  0.2140  1
 937:   0.2120  0.2482  0.3253  0.2146  1
 938:   0.2080  0.2356  0.4047  0.1518  1
 939:   0.3615  0.1258  0.1546  0.3581  1
 940:   0.3929  0.3325  0.1309  0.1437  1
 941:   0.1022  0.2054  0.2787  0.4137  1
 942:   0.2485  0.3797  0.1535  0.2183  1
 943:   0.2280  0.2531  0.2933  0.2256  1
 944:   0.1702  0.4754  0.1456  0.2088  1
 945:   0.2228  0.2771  0.3247  0.1754  1
 946:   0.2416  0.1566  0.1822  0.4195  1
 947:   0.2308  0.2186  0.2905  0.2601  1
 948:   0.1369  0.2061  0.3331  0.3239  1
 949:   0.2915  0.3867  0.1824  0.1394  1
 950:   0.1550  0.2054  0.3982  0.2414  1
 951:   0.1916  0.1986  0.4915  0.1184  1
 952:   0.1524  0.2811  0.1436  0.4229  1
