1:    0.346 0.129 0.123 0.151 0.085 0.166 1    
2:    0.195 0.123 0.244 0.176 0.091 0.170 1    
3:    0.145 0.108 0.179 0.101 0.268 0.198 1    
4:    0.169 0.167 0.180 0.081 0.077 0.326 1    
5:    0.181 0.092 0.165 0.319 0.150 0.093 1    
6:    0.242 0.289 0.082 0.176 0.095 0.116 1    
7:    0.118 0.080 0.068 0.208 0.395 0.130 1    
8:    0.196 0.201 0.204 0.127 0.171 0.100 1    
9:    0.119 0.110 0.098 0.093 0.166 0.414 1    
10:   0.163 0.315 0.334 0.050 0.084 0.054 1    
11:   0.142 0.240 0.251 0.145 0.131 0.091 1    
12:   0.141 0.346 0.208 0.109 0.072 0.125 1    
13:   0.126 0.304 0.118 0.098 0.190 0.164 1    
14:   0.121 0.070 0.078 0.157 0.138 0.436 1    
15:   0.070 0.051 0.053 0.634 0.108 0.084 1    
16:   0.172 0.120 0.152 0.144 0.333 0.078 1    
17:   0.116 0.118 0.246 0.096 0.150 0.273 1    
18:   0.189 0.060 0.237 0.155 0.057 0.302 1    
19:   0.248 0.067 0.103 0.127 0.114 0.341 1    
20:   0.138 0.142 0.146 0.080 0.255 0.239 1    
21:   0.280 0.179 0.264 0.120 0.087 0.070 1    
22:   0.267 0.079 0.073 0.103 0.218 0.261 1    
23:   0.141 0.251 0.143 0.288 0.092 0.086 1    
24:   0.131 0.414 0.141 0.087 0.113 0.114 1    
25:   0.300 0.083 0.232 0.114 0.147 0.123 1    
26:   0.177 0.125 0.174 0.205 0.108 0.210 1    
27:   0.152 0.117 0.120 0.121 0.290 0.201 1    
28:   0.117 0.315 0.190 0.207 0.097 0.073 1    
29:   0.208 0.068 0.191 0.149 0.095 0.289 1    
30:   0.191 0.126 0.165 0.117 0.152 0.248 1    
31:   0.156 0.259 0.209 0.083 0.147 0.147 1    
32:   0.108 0.109 0.071 0.521 0.094 0.097 1    
33:   0.132 0.120 0.133 0.334 0.114 0.167 1    
34:   0.177 0.156 0.206 0.176 0.084 0.201 1    
35:   0.160 0.085 0.135 0.226 0.101 0.293 1    
36:   0.134 0.062 0.138 0.271 0.181 0.215 1    
37:   0.158 0.195 0.179 0.184 0.116 0.167 1    
38:   0.269 0.121 0.099 0.142 0.170 0.199 1    
39:   0.119 0.173 0.411 0.136 0.068 0.093 1    
40:   0.335 0.054 0.156 0.143 0.223 0.088 1    
41:   0.148 0.400 0.158 0.088 0.093 0.112 1    
42:   0.115 0.111 0.149 0.319 0.229 0.076 1    
43:   0.162 0.088 0.403 0.064 0.074 0.208 1    
44:   0.171 0.162 0.131 0.106 0.237 0.193 1    
45:   0.169 0.213 0.206 0.233 0.083 0.096 1    
46:   0.189 0.090 0.218 0.187 0.217 0.098 1    
47:   0.255 0.098 0.227 0.088 0.181 0.150 1    
48:   0.089 0.058 0.092 0.590 0.073 0.099 1    
49:   0.126 0.192 0.070 0.050 0.262 0.300 1    
50:   0.177 0.084 0.111 0.132 0.257 0.239 1    
51:   0.251 0.208 0.166 0.086 0.089 0.200 1    
52:   0.108 0.422 0.085 0.068 0.245 0.073 1    
53:   0.269 0.135 0.148 0.101 0.170 0.177 1    
54:   0.158 0.184 0.167 0.133 0.112 0.248 1    
55:   0.200 0.076 0.208 0.311 0.111 0.094 1    
56:   0.119 0.117 0.113 0.496 0.088 0.067 1    
57:   0.193 0.239 0.140 0.101 0.172 0.156 1    
58:   0.096 0.061 0.062 0.678 0.046 0.058 1    
59:   0.141 0.072 0.242 0.228 0.239 0.077 1    
60:   0.183 0.140 0.112 0.126 0.241 0.198 1    
61:   0.201 0.106 0.137 0.085 0.324 0.146 1    
62:   0.171 0.281 0.189 0.163 0.141 0.055 1    
63:   0.148 0.179 0.140 0.111 0.314 0.108 1    
64:   0.221 0.249 0.212 0.080 0.116 0.122 1    
65:   0.188 0.090 0.323 0.107 0.167 0.125 1    
66:   0.164 0.169 0.250 0.095 0.136 0.185 1    
67:   0.105 0.529 0.145 0.054 0.088 0.080 1    
68:   0.126 0.093 0.116 0.108 0.374 0.183 1    
69:   0.238 0.302 0.098 0.083 0.215 0.064 1    
70:   0.151 0.187 0.073 0.296 0.142 0.151 1    
71:   0.151 0.388 0.154 0.096 0.088 0.123 1    
72:   0.121 0.483 0.119 0.085 0.096 0.096 1    
73:   0.150 0.111 0.274 0.212 0.092 0.160 1    
74:   0.185 0.170 0.097 0.094 0.263 0.191 1    
75:   0.139 0.190 0.149 0.146 0.151 0.226 1    
76:   0.157 0.100 0.397 0.072 0.164 0.110 1    
77:   0.146 0.139 0.282 0.193 0.115 0.125 1    
78:   0.213 0.160 0.307 0.070 0.106 0.144 1    
79:   0.096 0.398 0.110 0.238 0.070 0.089 1    
80:   0.159 0.205 0.143 0.125 0.244 0.125 1    
81:   0.140 0.345 0.168 0.062 0.207 0.078 1    
82:   0.190 0.187 0.142 0.274 0.128 0.078 1    
83:   0.058 0.056 0.053 0.053 0.708 0.072 1    
84:   0.154 0.104 0.193 0.129 0.299 0.121 1    
85:   0.159 0.181 0.228 0.190 0.137 0.106 1    
86:   0.214 0.099 0.252 0.233 0.134 0.068 1    
87:   0.142 0.302 0.273 0.055 0.146 0.081 1    
88:   0.152 0.092 0.313 0.221 0.093 0.129 1    
89:   0.208 0.079 0.138 0.099 0.251 0.226 1    
90:   0.219 0.117 0.102 0.186 0.293 0.083 1    
91:   0.142 0.150 0.250 0.151 0.160 0.147 1    
92:   0.145 0.245 0.105 0.250 0.186 0.069 1    
93:   0.122 0.131 0.340 0.075 0.214 0.119 1    
94:   0.248 0.120 0.225 0.066 0.118 0.223 1    
95:   0.239 0.202 0.110 0.205 0.130 0.114 1    
96:   0.144 0.140 0.233 0.141 0.129 0.213 1    
97:   0.134 0.380 0.152 0.104 0.135 0.096 1    
98:   0.147 0.205 0.146 0.112 0.234 0.157 1    
99:   0.148 0.318 0.159 0.088 0.178 0.109 1    
100:  0.125 0.262 0.117 0.133 0.169 0.194 1    
101:  0.160 0.203 0.136 0.091 0.234 0.176 1    
102:  0.115 0.068 0.111 0.411 0.164 0.130 1    
103:  0.122 0.072 0.115 0.298 0.118 0.275 1    
104:  0.125 0.134 0.403 0.116 0.126 0.096 1    
105:  0.136 0.212 0.154 0.113 0.138 0.248 1    
106:  0.250 0.169 0.108 0.143 0.170 0.160 1    
107:  0.269 0.197 0.142 0.177 0.152 0.063 1    
108:  0.142 0.326 0.117 0.176 0.175 0.065 1    
109:  0.135 0.122 0.160 0.100 0.289 0.193 1    
110:  0.120 0.112 0.092 0.097 0.079 0.500 1    
111:  0.255 0.078 0.114 0.223 0.176 0.155 1    
112:  0.159 0.098 0.135 0.168 0.137 0.302 1    
113:  0.250 0.178 0.251 0.151 0.088 0.081 1    
114:  0.167 0.098 0.108 0.113 0.186 0.328 1    
115:  0.181 0.294 0.114 0.153 0.174 0.084 1    
116:  0.211 0.153 0.089 0.207 0.241 0.100 1    
117:  0.128 0.122 0.118 0.471 0.072 0.089 1    
118:  0.108 0.135 0.133 0.093 0.121 0.411 1    
119:  0.155 0.066 0.176 0.316 0.116 0.170 1    
120:  0.120 0.085 0.150 0.414 0.071 0.160 1    
121:  0.159 0.154 0.104 0.093 0.263 0.227 1    
122:  0.140 0.332 0.210 0.056 0.156 0.105 1    
123:  0.128 0.114 0.099 0.475 0.082 0.102 1    
124:  0.187 0.234 0.235 0.081 0.172 0.090 1    
125:  0.128 0.163 0.114 0.399 0.131 0.066 1    
126:  0.321 0.140 0.150 0.131 0.141 0.118 1    
127:  0.116 0.284 0.245 0.181 0.077 0.097 1    
128:  0.169 0.160 0.119 0.360 0.133 0.060 1    
129:  0.123 0.459 0.131 0.091 0.128 0.067 1    
130:  0.214 0.281 0.167 0.078 0.078 0.182 1    
131:  0.239 0.146 0.287 0.091 0.160 0.076 1    
132:  0.114 0.071 0.132 0.537 0.068 0.078 1    
133:  0.155 0.082 0.168 0.207 0.067 0.321 1    
134:  0.241 0.140 0.130 0.149 0.196 0.143 1    
135:  0.145 0.124 0.087 0.067 0.057 0.520 1    
136:  0.170 0.086 0.161 0.196 0.261 0.125 1    
137:  0.157 0.101 0.421 0.113 0.129 0.079 1    
138:  0.240 0.117 0.229 0.186 0.100 0.128 1    
139:  0.158 0.192 0.155 0.234 0.068 0.193 1    
140:  0.148 0.195 0.213 0.082 0.278 0.084 1    
141:  0.138 0.187 0.142 0.168 0.076 0.290 1    
142:  0.109 0.070 0.087 0.530 0.120 0.084 1    
143:  0.264 0.220 0.132 0.088 0.218 0.077 1    
144:  0.157 0.084 0.173 0.144 0.271 0.171 1    
145:  0.190 0.089 0.190 0.156 0.116 0.260 1    
146:  0.218 0.202 0.135 0.080 0.145 0.220 1    
147:  0.162 0.097 0.091 0.146 0.307 0.197 1    
148:  0.136 0.168 0.131 0.098 0.234 0.234 1    
149:  0.121 0.135 0.204 0.351 0.103 0.085 1    
150:  0.145 0.167 0.123 0.066 0.095 0.403 1    
151:  0.128 0.229 0.079 0.087 0.144 0.333 1    
152:  0.250 0.148 0.152 0.101 0.193 0.154 1    
153:  0.136 0.131 0.129 0.120 0.308 0.176 1    
154:  0.179 0.193 0.148 0.164 0.163 0.152 1    
155:  0.110 0.096 0.110 0.470 0.133 0.082 1    
156:  0.145 0.331 0.100 0.105 0.163 0.156 1    
157:  0.272 0.147 0.216 0.134 0.130 0.101 1    
158:  0.135 0.114 0.533 0.082 0.078 0.058 1    
159:  0.128 0.200 0.155 0.300 0.113 0.103 1    
160:  0.200 0.131 0.224 0.242 0.105 0.098 1    
161:  0.328 0.073 0.095 0.237 0.064 0.202 1    
162:  0.135 0.134 0.183 0.139 0.100 0.309 1    
163:  0.163 0.159 0.106 0.141 0.119 0.312 1    
164:  0.091 0.081 0.148 0.453 0.178 0.049 1    
165:  0.190 0.139 0.238 0.116 0.183 0.133 1    
166:  0.259 0.297 0.100 0.122 0.111 0.111 1    
167:  0.088 0.129 0.059 0.587 0.056 0.080 1    
168:  0.160 0.202 0.176 0.161 0.139 0.163 1    
169:  0.248 0.279 0.117 0.121 0.107 0.127 1    
170:  0.136 0.248 0.101 0.061 0.102 0.352 1    
171:  0.154 0.169 0.118 0.238 0.172 0.149 1    
172:  0.117 0.120 0.138 0.074 0.135 0.416 1    
173:  0.160 0.224 0.147 0.241 0.079 0.149 1    
174:  0.188 0.111 0.206 0.114 0.258 0.123 1    
175:  0.194 0.133 0.274 0.077 0.114 0.208 1    
176:  0.140 0.106 0.138 0.077 0.129 0.410 1    
177:  0.093 0.141 0.301 0.066 0.339 0.061 1    
178:  0.176 0.178 0.284 0.097 0.135 0.130 1    
179:  0.170 0.144 0.259 0.196 0.115 0.115 1    
180:  0.141 0.238 0.141 0.089 0.193 0.197 1    
181:  0.153 0.139 0.159 0.322 0.092 0.136 1    
182:  0.049 0.058 0.051 0.052 0.750 0.039 1    
183:  0.311 0.086 0.084 0.119 0.094 0.307 1    
184:  0.170 0.177 0.133 0.108 0.206 0.206 1    
185:  0.233 0.108 0.146 0.201 0.131 0.182 1    
186:  0.180 0.097 0.102 0.182 0.202 0.237 1    
187:  0.162 0.144 0.228 0.101 0.084 0.280 1    
188:  0.139 0.090 0.092 0.360 0.147 0.171 1    
189:  0.225 0.128 0.078 0.101 0.216 0.253 1    
190:  0.113 0.324 0.125 0.102 0.115 0.221 1    
191:  0.276 0.145 0.189 0.158 0.087 0.144 1    
192:  0.232 0.228 0.126 0.113 0.224 0.077 1    
193:  0.201 0.156 0.146 0.123 0.135 0.239 1    
194:  0.185 0.078 0.192 0.323 0.118 0.104 1    
195:  0.143 0.226 0.370 0.073 0.102 0.086 1    
196:  0.241 0.115 0.164 0.134 0.107 0.238 1    
197:  0.114 0.083 0.082 0.396 0.199 0.127 1    
198:  0.162 0.192 0.078 0.162 0.070 0.336 1    
199:  0.126 0.117 0.118 0.118 0.461 0.060 1    
200:  0.181 0.175 0.100 0.267 0.086 0.190 1    
201:  0.116 0.158 0.291 0.067 0.281 0.086 1    
202:  0.166 0.105 0.161 0.130 0.243 0.195 1    
203:  0.159 0.211 0.172 0.143 0.220 0.096 1    
204:  0.136 0.186 0.154 0.076 0.220 0.228 1    
205:  0.183 0.140 0.190 0.121 0.259 0.107 1    
206:  0.154 0.360 0.176 0.090 0.135 0.084 1    
207:  0.261 0.118 0.177 0.149 0.209 0.087 1    
208:  0.162 0.138 0.156 0.079 0.204 0.262 1    
209:  0.228 0.193 0.291 0.131 0.084 0.073 1    
210:  0.185 0.223 0.163 0.113 0.116 0.199 1    
211:  0.174 0.134 0.397 0.064 0.149 0.083 1    
212:  0.158 0.059 0.102 0.182 0.105 0.394 1    
213:  0.165 0.151 0.193 0.270 0.099 0.123 1    
214:  0.167 0.479 0.095 0.061 0.103 0.095 1    
215:  0.159 0.106 0.128 0.263 0.157 0.188 1    
216:  0.137 0.214 0.336 0.116 0.084 0.113 1    
217:  0.195 0.087 0.240 0.210 0.085 0.183 1    
218:  0.137 0.150 0.089 0.443 0.075 0.107 1    
219:  0.133 0.141 0.122 0.109 0.158 0.336 1    
220:  0.239 0.168 0.225 0.095 0.177 0.095 1    
221:  0.082 0.135 0.075 0.073 0.567 0.069 1    
222:  0.246 0.120 0.219 0.173 0.091 0.151 1    
223:  0.224 0.113 0.214 0.241 0.112 0.097 1    
224:  0.206 0.222 0.170 0.099 0.180 0.122 1    
225:  0.243 0.221 0.299 0.061 0.107 0.070 1    
226:  0.145 0.120 0.263 0.166 0.082 0.224 1    
227:  0.131 0.263 0.294 0.116 0.109 0.087 1    
228:  0.136 0.126 0.296 0.157 0.138 0.147 1    
229:  0.178 0.129 0.123 0.156 0.266 0.149 1    
230:  0.098 0.063 0.095 0.101 0.081 0.561 1    
231:  0.179 0.115 0.308 0.123 0.112 0.163 1    
232:  0.133 0.097 0.305 0.132 0.279 0.055 1    
233:  0.147 0.071 0.236 0.094 0.068 0.384 1    
234:  0.187 0.141 0.301 0.129 0.093 0.149 1    
235:  0.191 0.107 0.145 0.123 0.226 0.208 1    
236:  0.125 0.070 0.165 0.281 0.183 0.177 1    
237:  0.168 0.110 0.263 0.138 0.227 0.094 1    
238:  0.323 0.128 0.103 0.109 0.124 0.212 1    
239:  0.115 0.175 0.155 0.106 0.135 0.314 1    
240:  0.157 0.100 0.214 0.165 0.194 0.170 1    
241:  0.150 0.254 0.288 0.081 0.123 0.104 1    
242:  0.159 0.261 0.088 0.135 0.257 0.100 1    
243:  0.135 0.223 0.099 0.303 0.144 0.098 1    
244:  0.147 0.105 0.323 0.070 0.271 0.084 1    
245:  0.124 0.168 0.131 0.222 0.124 0.230 1    
246:  0.121 0.152 0.115 0.289 0.139 0.183 1    
247:  0.122 0.134 0.352 0.082 0.091 0.219 1    
248:  0.168 0.125 0.323 0.087 0.082 0.215 1    
249:  0.210 0.198 0.108 0.120 0.127 0.237 1    
250:  0.137 0.076 0.095 0.444 0.121 0.126 1    
251:  0.290 0.116 0.147 0.209 0.100 0.138 1    
252:  0.216 0.305 0.185 0.092 0.117 0.085 1    
253:  0.125 0.276 0.114 0.248 0.143 0.094 1    
254:  0.172 0.124 0.104 0.140 0.080 0.380 1    
255:  0.109 0.104 0.108 0.101 0.452 0.125 1    
256:  0.220 0.143 0.150 0.287 0.114 0.086 1    
257:  0.095 0.519 0.095 0.091 0.056 0.144 1    
258:  0.155 0.127 0.151 0.144 0.264 0.158 1    
259:  0.129 0.403 0.133 0.073 0.098 0.164 1    
260:  0.135 0.230 0.193 0.158 0.187 0.098 1    
261:  0.158 0.200 0.245 0.092 0.080 0.225 1    
262:  0.157 0.117 0.191 0.159 0.212 0.165 1    
263:  0.230 0.167 0.167 0.072 0.135 0.229 1    
264:  0.170 0.120 0.186 0.141 0.234 0.149 1    
265:  0.296 0.110 0.178 0.068 0.209 0.139 1    
266:  0.233 0.189 0.128 0.257 0.086 0.106 1    
267:  0.243 0.078 0.087 0.094 0.347 0.150 1    
268:  0.143 0.130 0.095 0.096 0.068 0.468 1    
269:  0.111 0.221 0.125 0.072 0.253 0.217 1    
270:  0.187 0.121 0.189 0.067 0.221 0.214 1    
271:  0.222 0.140 0.186 0.151 0.154 0.148 1    
272:  0.142 0.289 0.201 0.077 0.093 0.197 1    
273:  0.176 0.116 0.223 0.139 0.240 0.106 1    
274:  0.094 0.074 0.097 0.062 0.100 0.574 1    
275:  0.114 0.096 0.162 0.083 0.306 0.238 1    
276:  0.136 0.207 0.185 0.310 0.104 0.059 1    
277:  0.070 0.091 0.060 0.063 0.621 0.095 1    
278:  0.111 0.241 0.153 0.049 0.300 0.147 1    
279:  0.153 0.078 0.165 0.240 0.226 0.138 1    
280:  0.136 0.105 0.250 0.184 0.143 0.182 1    
281:  0.312 0.217 0.088 0.068 0.145 0.170 1    
282:  0.108 0.438 0.092 0.086 0.075 0.201 1    
283:  0.140 0.100 0.132 0.247 0.253 0.129 1    
284:  0.106 0.076 0.121 0.129 0.501 0.068 1    
285:  0.169 0.198 0.308 0.124 0.082 0.120 1    
286:  0.174 0.223 0.082 0.076 0.281 0.165 1    
287:  0.121 0.086 0.080 0.425 0.157 0.130 1    
288:  0.053 0.046 0.061 0.047 0.746 0.047 1    
289:  0.174 0.121 0.217 0.169 0.132 0.187 1    
290:  0.141 0.081 0.455 0.099 0.069 0.155 1    
291:  0.251 0.087 0.091 0.280 0.071 0.219 1    
292:  0.168 0.266 0.133 0.182 0.173 0.078 1    
293:  0.121 0.152 0.074 0.150 0.080 0.422 1    
294:  0.162 0.199 0.248 0.095 0.162 0.134 1    
295:  0.080 0.125 0.069 0.629 0.048 0.049 1    
296:  0.104 0.081 0.106 0.128 0.462 0.120 1    
297:  0.149 0.128 0.170 0.118 0.203 0.232 1    
298:  0.103 0.457 0.117 0.149 0.054 0.120 1    
299:  0.084 0.099 0.104 0.600 0.062 0.052 1    
300:  0.132 0.192 0.095 0.146 0.162 0.272 1    
301:  0.144 0.211 0.114 0.237 0.158 0.136 1    
302:  0.089 0.052 0.068 0.634 0.067 0.090 1    
303:  0.270 0.115 0.211 0.086 0.088 0.230 1    
304:  0.121 0.415 0.096 0.120 0.096 0.151 1    
305:  0.174 0.078 0.342 0.129 0.115 0.162 1    
306:  0.098 0.079 0.070 0.284 0.407 0.061 1    
307:  0.161 0.236 0.164 0.160 0.134 0.145 1    
308:  0.205 0.189 0.172 0.125 0.193 0.117 1    
309:  0.142 0.256 0.114 0.082 0.228 0.178 1    
310:  0.196 0.098 0.105 0.091 0.327 0.183 1    
311:  0.132 0.184 0.110 0.199 0.302 0.073 1    
312:  0.130 0.139 0.116 0.081 0.250 0.284 1    
313:  0.143 0.157 0.163 0.199 0.209 0.128 1    
314:  0.216 0.219 0.125 0.160 0.204 0.075 1    
315:  0.148 0.178 0.206 0.184 0.215 0.069 1    
316:  0.201 0.233 0.101 0.133 0.156 0.176 1    
317:  0.113 0.129 0.149 0.067 0.253 0.289 1    
318:  0.145 0.111 0.108 0.079 0.090 0.468 1    
319:  0.225 0.118 0.162 0.227 0.112 0.156 1    
320:  0.097 0.117 0.161 0.367 0.186 0.071 1    
321:  0.173 0.069 0.283 0.120 0.088 0.267 1    
322:  0.208 0.170 0.257 0.101 0.126 0.138 1    
323:  0.105 0.120 0.093 0.176 0.383 0.123 1    
324:  0.233 0.147 0.348 0.075 0.092 0.104 1    
325:  0.139 0.136 0.121 0.114 0.115 0.374 1    
326:  0.105 0.148 0.112 0.074 0.461 0.101 1    
327:  0.133 0.114 0.268 0.150 0.096 0.239 1    
328:  0.197 0.317 0.156 0.097 0.097 0.136 1    
329:  0.128 0.185 0.351 0.102 0.147 0.087 1    
330:  0.117 0.183 0.497 0.058 0.085 0.059 1    
331:  0.200 0.128 0.199 0.128 0.210 0.135 1    
332:  0.190 0.269 0.113 0.087 0.105 0.237 1    
333:  0.140 0.149 0.244 0.099 0.251 0.118 1    
334:  0.140 0.196 0.103 0.073 0.160 0.328 1    
335:  0.149 0.230 0.103 0.189 0.180 0.150 1    
336:  0.173 0.173 0.181 0.127 0.228 0.118 1    
337:  0.150 0.097 0.125 0.151 0.155 0.322 1    
338:  0.115 0.385 0.177 0.090 0.155 0.078 1    
339:  0.140 0.330 0.144 0.226 0.082 0.078 1    
340:  0.177 0.132 0.168 0.087 0.109 0.326 1    
341:  0.183 0.080 0.113 0.356 0.170 0.099 1    
342:  0.108 0.515 0.129 0.082 0.072 0.094 1    
343:  0.090 0.448 0.098 0.064 0.202 0.098 1    
344:  0.107 0.204 0.097 0.076 0.122 0.395 1    
345:  0.125 0.242 0.117 0.098 0.290 0.129 1    
346:  0.197 0.147 0.218 0.168 0.111 0.159 1    
347:  0.181 0.215 0.330 0.125 0.077 0.072 1    
348:  0.158 0.183 0.110 0.235 0.121 0.193 1    
349:  0.126 0.086 0.114 0.106 0.408 0.159 1    
350:  0.211 0.169 0.141 0.181 0.117 0.181 1    
351:  0.183 0.112 0.117 0.187 0.157 0.244 1    
352:  0.126 0.191 0.088 0.173 0.193 0.229 1    
353:  0.136 0.087 0.280 0.236 0.191 0.071 1    
354:  0.116 0.367 0.206 0.086 0.134 0.091 1    
355:  0.165 0.180 0.103 0.126 0.225 0.202 1    
356:  0.126 0.294 0.104 0.201 0.127 0.148 1    
357:  0.221 0.170 0.131 0.181 0.161 0.135 1    
358:  0.131 0.132 0.133 0.148 0.327 0.129 1    
359:  0.137 0.156 0.138 0.347 0.100 0.122 1    
360:  0.181 0.111 0.093 0.218 0.117 0.279 1    
361:  0.121 0.311 0.090 0.274 0.113 0.090 1    
362:  0.169 0.144 0.144 0.132 0.165 0.246 1    
363:  0.166 0.126 0.145 0.080 0.120 0.363 1    
364:  0.128 0.144 0.170 0.105 0.206 0.247 1    
365:  0.161 0.156 0.136 0.194 0.125 0.227 1    
366:  0.136 0.148 0.102 0.292 0.152 0.169 1    
367:  0.184 0.121 0.144 0.201 0.179 0.171 1    
368:  0.111 0.116 0.508 0.139 0.051 0.075 1    
369:  0.166 0.096 0.219 0.215 0.226 0.077 1    
370:  0.145 0.108 0.223 0.235 0.216 0.073 1    
371:  0.106 0.159 0.097 0.235 0.315 0.088 1    
372:  0.149 0.114 0.114 0.384 0.125 0.114 1    
373:  0.174 0.129 0.122 0.234 0.179 0.161 1    
374:  0.167 0.104 0.207 0.136 0.214 0.173 1    
375:  0.163 0.304 0.113 0.100 0.167 0.153 1    
376:  0.171 0.100 0.237 0.117 0.162 0.213 1    
377:  0.325 0.079 0.234 0.199 0.064 0.099 1    
378:  0.378 0.102 0.127 0.129 0.132 0.133 1    
379:  0.096 0.078 0.060 0.577 0.084 0.105 1    
380:  0.282 0.112 0.207 0.247 0.082 0.071 1    
381:  0.159 0.131 0.210 0.165 0.196 0.140 1    
382:  0.175 0.180 0.138 0.171 0.204 0.132 1    
383:  0.126 0.212 0.162 0.181 0.234 0.086 1    
384:  0.125 0.120 0.053 0.346 0.053 0.303 1    
385:  0.188 0.259 0.169 0.064 0.115 0.206 1    
386:  0.094 0.072 0.070 0.651 0.057 0.055 1    
387:  0.169 0.116 0.406 0.121 0.078 0.110 1    
388:  0.141 0.112 0.080 0.439 0.068 0.159 1    
389:  0.110 0.114 0.098 0.110 0.416 0.152 1    
390:  0.150 0.342 0.240 0.103 0.088 0.077 1    
391:  0.154 0.167 0.146 0.351 0.066 0.115 1    
392:  0.129 0.239 0.128 0.159 0.258 0.088 1    
393:  0.118 0.090 0.083 0.373 0.054 0.282 1    
394:  0.127 0.440 0.162 0.047 0.146 0.078 1    
395:  0.136 0.151 0.146 0.125 0.216 0.226 1    
396:  0.175 0.179 0.127 0.087 0.122 0.311 1    
397:  0.101 0.114 0.137 0.064 0.267 0.316 1    
398:  0.167 0.296 0.180 0.162 0.070 0.125 1    
399:  0.169 0.179 0.123 0.260 0.102 0.167 1    
400:  0.126 0.085 0.095 0.308 0.296 0.091 1    
401:  0.187 0.122 0.267 0.164 0.065 0.194 1    
402:  0.204 0.142 0.164 0.139 0.156 0.196 1    
403:  0.148 0.220 0.083 0.059 0.294 0.196 1    
404:  0.131 0.457 0.110 0.086 0.129 0.087 1    
405:  0.172 0.186 0.173 0.088 0.111 0.271 1    
406:  0.251 0.268 0.087 0.140 0.163 0.091 1    
407:  0.118 0.055 0.089 0.445 0.098 0.196 1    
408:  0.243 0.120 0.243 0.106 0.112 0.177 1    
409:  0.195 0.194 0.173 0.140 0.107 0.191 1    
410:  0.181 0.222 0.168 0.123 0.158 0.149 1    
411:  0.134 0.135 0.259 0.057 0.215 0.201 1    
412:  0.274 0.185 0.179 0.143 0.049 0.170 1    
413:  0.142 0.135 0.143 0.053 0.367 0.160 1    
414:  0.310 0.124 0.119 0.197 0.095 0.156 1    
415:  0.188 0.136 0.401 0.165 0.053 0.057 1    
416:  0.120 0.066 0.100 0.070 0.090 0.553 1    
417:  0.166 0.371 0.165 0.133 0.074 0.090 1    
418:  0.197 0.125 0.280 0.125 0.133 0.141 1    
419:  0.169 0.180 0.331 0.107 0.136 0.077 1    
420:  0.172 0.098 0.127 0.071 0.166 0.365 1    
421:  0.149 0.168 0.393 0.071 0.107 0.112 1    
422:  0.223 0.235 0.164 0.104 0.160 0.115 1    
423:  0.257 0.089 0.107 0.133 0.180 0.234 1    
424:  0.137 0.124 0.171 0.070 0.155 0.343 1    
425:  0.146 0.071 0.401 0.123 0.177 0.081 1    
426:  0.196 0.138 0.272 0.228 0.092 0.073 1    
427:  0.164 0.328 0.212 0.154 0.058 0.084 1    
428:  0.177 0.285 0.112 0.156 0.113 0.156 1    
429:  0.092 0.108 0.070 0.291 0.365 0.075 1    
430:  0.310 0.208 0.135 0.122 0.118 0.106 1    
431:  0.201 0.187 0.131 0.074 0.170 0.237 1    
432:  0.174 0.078 0.117 0.261 0.159 0.212 1    
433:  0.238 0.089 0.117 0.274 0.090 0.193 1    
434:  0.154 0.246 0.133 0.099 0.106 0.262 1    
435:  0.125 0.156 0.279 0.114 0.110 0.216 1    
436:  0.321 0.075 0.145 0.109 0.261 0.088 1    
437:  0.165 0.126 0.142 0.246 0.082 0.239 1    
438:  0.170 0.116 0.096 0.462 0.057 0.098 1    
439:  0.161 0.120 0.401 0.097 0.141 0.081 1    
440:  0.104 0.100 0.096 0.083 0.517 0.099 1    
441:  0.151 0.093 0.350 0.178 0.114 0.114 1    
442:  0.168 0.229 0.167 0.073 0.143 0.220 1    
443:  0.150 0.110 0.114 0.180 0.246 0.199 1    
444:  0.144 0.180 0.114 0.319 0.111 0.133 1    
445:  0.173 0.245 0.139 0.126 0.256 0.060 1    
446:  0.159 0.395 0.123 0.095 0.120 0.108 1    
447:  0.137 0.177 0.140 0.108 0.080 0.357 1    
448:  0.161 0.201 0.194 0.185 0.095 0.164 1    
449:  0.107 0.063 0.100 0.150 0.382 0.198 1    
450:  0.158 0.115 0.122 0.079 0.371 0.155 1    
451:  0.127 0.106 0.142 0.210 0.317 0.097 1    
452:  0.100 0.255 0.111 0.102 0.338 0.094 1    
453:  0.164 0.103 0.178 0.165 0.171 0.220 1    
454:  0.151 0.101 0.105 0.062 0.335 0.246 1    
455:  0.259 0.289 0.180 0.116 0.074 0.082 1    
456:  0.133 0.433 0.136 0.127 0.093 0.078 1    
457:  0.291 0.073 0.208 0.226 0.112 0.090 1    
458:  0.085 0.066 0.090 0.149 0.559 0.052 1    
459:  0.158 0.135 0.306 0.225 0.094 0.082 1    
460:  0.136 0.343 0.090 0.130 0.111 0.190 1    
461:  0.076 0.073 0.073 0.054 0.079 0.646 1    
462:  0.194 0.328 0.218 0.054 0.091 0.116 1    
463:  0.262 0.118 0.087 0.310 0.137 0.086 1    
464:  0.182 0.170 0.218 0.219 0.112 0.098 1    
465:  0.143 0.271 0.280 0.091 0.139 0.076 1    
466:  0.268 0.101 0.115 0.301 0.085 0.130 1    
467:  0.168 0.078 0.096 0.115 0.446 0.098 1    
468:  0.148 0.116 0.147 0.211 0.228 0.150 1    
469:  0.125 0.093 0.417 0.161 0.108 0.095 1    
470:  0.189 0.111 0.172 0.302 0.081 0.145 1    
471:  0.067 0.086 0.065 0.069 0.645 0.068 1    
472:  0.118 0.106 0.087 0.412 0.066 0.211 1    
473:  0.420 0.097 0.065 0.125 0.101 0.192 1    
474:  0.122 0.162 0.227 0.085 0.131 0.273 1    
475:  0.199 0.179 0.281 0.136 0.111 0.095 1    
476:  0.144 0.305 0.125 0.182 0.174 0.069 1    
477:  0.236 0.131 0.214 0.090 0.191 0.138 1    
478:  0.146 0.092 0.168 0.089 0.075 0.431 1    
479:  0.171 0.184 0.240 0.090 0.216 0.099 1    
480:  0.169 0.069 0.139 0.157 0.089 0.377 1    
481:  0.194 0.105 0.324 0.112 0.170 0.095 1    
482:  0.160 0.096 0.176 0.338 0.084 0.146 1    
483:  0.120 0.312 0.138 0.155 0.195 0.080 1    
484:  0.220 0.441 0.094 0.053 0.061 0.131 1    
485:  0.145 0.510 0.093 0.069 0.100 0.083 1    
486:  0.154 0.106 0.239 0.120 0.176 0.205 1    
487:  0.170 0.184 0.140 0.235 0.127 0.144 1    
488:  0.221 0.285 0.105 0.192 0.120 0.077 1    
489:  0.156 0.212 0.126 0.127 0.130 0.249 1    
490:  0.218 0.126 0.124 0.273 0.107 0.151 1    
491:  0.129 0.084 0.099 0.453 0.080 0.155 1    
492:  0.184 0.134 0.256 0.129 0.214 0.084 1    
493:  0.296 0.159 0.192 0.143 0.095 0.115 1    
494:  0.171 0.223 0.187 0.242 0.096 0.081 1    
495:  0.070 0.045 0.061 0.058 0.685 0.081 1    
496:  0.109 0.208 0.307 0.061 0.102 0.213 1    
497:  0.147 0.060 0.276 0.092 0.119 0.307 1    
498:  0.122 0.101 0.106 0.093 0.160 0.418 1    
499:  0.158 0.116 0.080 0.369 0.081 0.196 1    
500:  0.139 0.068 0.200 0.245 0.263 0.085 1    
501:  0.170 0.163 0.182 0.107 0.173 0.204 1    
502:  0.191 0.199 0.162 0.125 0.198 0.125 1    
503:  0.145 0.090 0.227 0.117 0.099 0.323 1    
504:  0.132 0.121 0.378 0.065 0.079 0.226 1    
505:  0.162 0.131 0.157 0.259 0.206 0.086 1    
506:  0.196 0.148 0.285 0.098 0.160 0.113 1    
507:  0.118 0.231 0.091 0.211 0.187 0.162 1    
508:  0.099 0.175 0.109 0.051 0.100 0.466 1    
509:  0.139 0.163 0.262 0.103 0.261 0.072 1    
510:  0.177 0.191 0.076 0.065 0.130 0.361 1    
511:  0.162 0.108 0.156 0.316 0.108 0.150 1    
512:  0.103 0.069 0.125 0.058 0.063 0.582 1    
513:  0.202 0.137 0.089 0.062 0.316 0.194 1    
514:  0.160 0.211 0.085 0.108 0.109 0.328 1    
515:  0.083 0.061 0.064 0.603 0.068 0.121 1    
516:  0.137 0.261 0.097 0.131 0.293 0.082 1    
517:  0.152 0.200 0.198 0.096 0.292 0.063 1    
518:  0.146 0.222 0.147 0.066 0.073 0.346 1    
519:  0.240 0.122 0.288 0.090 0.129 0.131 1    
520:  0.156 0.088 0.255 0.189 0.198 0.116 1    
521:  0.263 0.192 0.125 0.137 0.096 0.188 1    
522:  0.148 0.122 0.433 0.075 0.112 0.110 1    
523:  0.212 0.103 0.182 0.203 0.152 0.148 1    
524:  0.095 0.095 0.092 0.069 0.598 0.051 1    
525:  0.182 0.137 0.216 0.240 0.105 0.120 1    
526:  0.112 0.127 0.088 0.178 0.142 0.352 1    
527:  0.200 0.141 0.152 0.136 0.138 0.233 1    
528:  0.163 0.176 0.091 0.414 0.062 0.093 1    
529:  0.252 0.120 0.153 0.135 0.177 0.163 1    
530:  0.231 0.203 0.104 0.240 0.092 0.130 1    
531:  0.134 0.338 0.127 0.209 0.117 0.076 1    
532:  0.082 0.054 0.071 0.042 0.683 0.068 1    
533:  0.085 0.052 0.109 0.076 0.073 0.604 1    
534:  0.167 0.198 0.221 0.222 0.090 0.103 1    
535:  0.155 0.066 0.137 0.237 0.225 0.179 1    
536:  0.150 0.080 0.261 0.097 0.183 0.229 1    
537:  0.180 0.175 0.164 0.243 0.083 0.155 1    
538:  0.170 0.210 0.191 0.121 0.202 0.106 1    
539:  0.176 0.142 0.086 0.195 0.156 0.245 1    
540:  0.114 0.190 0.116 0.244 0.220 0.116 1    
541:  0.236 0.236 0.136 0.165 0.145 0.082 1    
542:  0.119 0.098 0.227 0.374 0.100 0.082 1    
543:  0.174 0.099 0.167 0.440 0.067 0.054 1    
544:  0.154 0.094 0.187 0.389 0.098 0.078 1    
545:  0.147 0.184 0.134 0.227 0.116 0.192 1    
546:  0.117 0.102 0.112 0.431 0.108 0.130 1    
547:  0.205 0.215 0.097 0.120 0.251 0.112 1    
548:  0.162 0.228 0.161 0.153 0.133 0.164 1    
549:  0.180 0.215 0.188 0.116 0.150 0.151 1    
550:  0.164 0.206 0.145 0.142 0.090 0.253 1    
551:  0.123 0.104 0.172 0.377 0.109 0.115 1    
552:  0.147 0.158 0.078 0.138 0.123 0.356 1    
553:  0.167 0.198 0.203 0.087 0.192 0.153 1    
554:  0.134 0.070 0.116 0.509 0.055 0.116 1    
555:  0.155 0.341 0.164 0.089 0.137 0.114 1    
556:  0.124 0.088 0.212 0.066 0.146 0.364 1    
557:  0.310 0.205 0.109 0.133 0.125 0.119 1    
558:  0.117 0.170 0.154 0.301 0.193 0.065 1    
559:  0.149 0.313 0.174 0.121 0.104 0.140 1    
560:  0.145 0.151 0.186 0.351 0.066 0.100 1    
561:  0.143 0.238 0.243 0.096 0.185 0.096 1    
562:  0.140 0.093 0.129 0.336 0.130 0.172 1    
563:  0.268 0.171 0.203 0.124 0.141 0.093 1    
564:  0.170 0.257 0.128 0.123 0.114 0.209 1    
565:  0.207 0.147 0.213 0.157 0.139 0.137 1    
566:  0.118 0.447 0.087 0.095 0.103 0.150 1    
567:  0.147 0.143 0.247 0.146 0.241 0.075 1    
568:  0.292 0.085 0.103 0.192 0.088 0.240 1    
569:  0.133 0.136 0.131 0.078 0.324 0.198 1    
570:  0.145 0.078 0.078 0.189 0.322 0.189 1    
571:  0.140 0.143 0.324 0.133 0.122 0.138 1    
572:  0.109 0.086 0.101 0.090 0.080 0.534 1    
573:  0.142 0.280 0.160 0.189 0.145 0.084 1    
574:  0.184 0.191 0.187 0.087 0.233 0.117 1    
575:  0.101 0.214 0.096 0.182 0.322 0.084 1    
576:  0.195 0.320 0.175 0.136 0.073 0.101 1    
577:  0.121 0.142 0.195 0.106 0.160 0.276 1    
578:  0.179 0.093 0.104 0.159 0.388 0.076 1    
579:  0.137 0.184 0.171 0.154 0.199 0.156 1    
580:  0.199 0.255 0.173 0.071 0.093 0.209 1    
581:  0.167 0.063 0.072 0.309 0.298 0.092 1    
582:  0.302 0.125 0.083 0.085 0.262 0.143 1    
583:  0.194 0.172 0.185 0.245 0.104 0.100 1    
584:  0.240 0.147 0.264 0.154 0.085 0.110 1    
585:  0.144 0.257 0.124 0.093 0.225 0.157 1    
586:  0.135 0.224 0.227 0.170 0.171 0.072 1    
587:  0.139 0.094 0.289 0.067 0.235 0.177 1    
588:  0.128 0.227 0.234 0.081 0.218 0.113 1    
589:  0.211 0.143 0.181 0.206 0.130 0.129 1    
590:  0.160 0.167 0.133 0.120 0.278 0.142 1    
591:  0.199 0.132 0.320 0.136 0.133 0.079 1    
592:  0.160 0.127 0.175 0.076 0.202 0.261 1    
593:  0.210 0.145 0.103 0.217 0.229 0.097 1    
594:  0.173 0.099 0.202 0.305 0.083 0.138 1    
595:  0.182 0.112 0.171 0.212 0.128 0.195 1    
596:  0.294 0.076 0.109 0.128 0.154 0.239 1    
597:  0.200 0.151 0.155 0.188 0.132 0.175 1    
598:  0.111 0.202 0.106 0.324 0.137 0.119 1    
599:  0.135 0.103 0.136 0.292 0.265 0.069 1    
600:  0.209 0.126 0.170 0.150 0.180 0.167 1    
601:  0.159 0.224 0.301 0.074 0.112 0.130 1    
602:  0.166 0.100 0.154 0.084 0.274 0.222 1    
603:  0.220 0.160 0.192 0.136 0.081 0.211 1    
604:  0.299 0.091 0.122 0.179 0.101 0.207 1    
605:  0.144 0.200 0.106 0.058 0.081 0.410 1    
606:  0.179 0.196 0.097 0.341 0.110 0.077 1    
607:  0.118 0.370 0.274 0.066 0.076 0.097 1    
608:  0.304 0.105 0.086 0.151 0.134 0.220 1    
609:  0.169 0.222 0.219 0.184 0.078 0.128 1    
610:  0.118 0.292 0.120 0.096 0.310 0.065 1    
611:  0.220 0.309 0.110 0.098 0.186 0.078 1    
612:  0.138 0.195 0.140 0.148 0.254 0.125 1    
613:  0.182 0.140 0.237 0.104 0.170 0.167 1    
614:  0.176 0.158 0.207 0.201 0.110 0.148 1    
615:  0.175 0.181 0.102 0.052 0.090 0.399 1    
616:  0.143 0.315 0.253 0.072 0.115 0.102 1    
617:  0.257 0.082 0.179 0.144 0.182 0.157 1    
618:  0.142 0.237 0.089 0.061 0.324 0.147 1    
619:  0.281 0.215 0.091 0.136 0.208 0.069 1    
620:  0.121 0.332 0.086 0.318 0.061 0.082 1    
621:  0.217 0.128 0.138 0.190 0.160 0.167 1    
622:  0.124 0.330 0.291 0.062 0.074 0.119 1    
623:  0.162 0.308 0.156 0.111 0.126 0.137 1    
624:  0.129 0.100 0.290 0.061 0.273 0.148 1    
625:  0.118 0.348 0.116 0.210 0.078 0.130 1    
626:  0.116 0.195 0.140 0.066 0.371 0.112 1    
627:  0.161 0.115 0.158 0.211 0.072 0.284 1    
628:  0.139 0.087 0.317 0.091 0.086 0.280 1    
629:  0.162 0.220 0.186 0.109 0.194 0.130 1    
630:  0.145 0.148 0.173 0.167 0.107 0.261 1    
631:  0.175 0.092 0.126 0.276 0.126 0.205 1    
632:  0.137 0.122 0.147 0.410 0.087 0.098 1    
633:  0.166 0.212 0.205 0.137 0.109 0.171 1    
634:  0.164 0.097 0.147 0.068 0.389 0.135 1    
635:  0.104 0.302 0.136 0.084 0.085 0.288 1    
636:  0.128 0.180 0.205 0.150 0.164 0.173 1    
637:  0.188 0.099 0.109 0.185 0.144 0.276 1    
638:  0.109 0.117 0.084 0.067 0.443 0.180 1    
639:  0.178 0.103 0.374 0.097 0.084 0.163 1    
640:  0.161 0.203 0.192 0.134 0.142 0.168 1    
641:  0.127 0.128 0.455 0.097 0.092 0.102 1    
642:  0.153 0.108 0.147 0.095 0.397 0.100 1    
643:  0.142 0.098 0.168 0.104 0.083 0.406 1    
644:  0.119 0.277 0.117 0.046 0.361 0.081 1    
645:  0.163 0.088 0.209 0.275 0.127 0.138 1    
646:  0.131 0.155 0.130 0.130 0.291 0.162 1    
647:  0.112 0.120 0.149 0.197 0.086 0.337 1    
648:  0.139 0.107 0.552 0.069 0.052 0.080 1    
649:  0.115 0.211 0.167 0.222 0.221 0.063 1    
650:  0.157 0.279 0.147 0.140 0.205 0.072 1    
651:  0.779 0.045 0.049 0.051 0.032 0.044 1    
652:  0.113 0.101 0.088 0.556 0.061 0.081 1    
653:  0.114 0.064 0.088 0.507 0.142 0.085 1    
654:  0.160 0.140 0.309 0.137 0.093 0.160 1    
655:  0.161 0.429 0.089 0.085 0.062 0.174 1    
656:  0.072 0.119 0.061 0.044 0.058 0.646 1    
657:  0.218 0.078 0.249 0.121 0.166 0.167 1    
658:  0.159 0.277 0.113 0.286 0.087 0.078 1    
659:  0.161 0.189 0.131 0.238 0.109 0.173 1    
660:  0.197 0.060 0.093 0.188 0.245 0.217 1    
661:  0.220 0.069 0.128 0.053 0.400 0.131 1    
662:  0.151 0.183 0.129 0.066 0.364 0.107 1    
663:  0.203 0.157 0.255 0.104 0.097 0.183 1    
664:  0.155 0.273 0.126 0.181 0.115 0.151 1    
665:  0.200 0.122 0.126 0.285 0.088 0.180 1    
666:  0.257 0.109 0.270 0.180 0.066 0.118 1    
667:  0.154 0.223 0.167 0.183 0.208 0.066 1    
668:  0.271 0.261 0.184 0.082 0.077 0.125 1    
669:  0.251 0.179 0.144 0.202 0.127 0.098 1    
670:  0.124 0.086 0.165 0.176 0.235 0.214 1    
671:  0.080 0.076 0.075 0.071 0.114 0.584 1    
672:  0.112 0.085 0.120 0.509 0.087 0.087 1    
673:  0.156 0.090 0.085 0.108 0.278 0.283 1    
674:  0.193 0.104 0.157 0.114 0.147 0.286 1    
675:  0.173 0.089 0.108 0.094 0.062 0.475 1    
676:  0.145 0.102 0.330 0.054 0.285 0.084 1    
677:  0.125 0.206 0.167 0.100 0.322 0.080 1    
678:  0.123 0.123 0.293 0.146 0.162 0.152 1    
679:  0.160 0.084 0.254 0.123 0.122 0.257 1    
680:  0.167 0.154 0.158 0.118 0.304 0.099 1    
681:  0.170 0.101 0.243 0.118 0.066 0.303 1    
682:  0.173 0.296 0.209 0.045 0.088 0.188 1    
683:  0.132 0.380 0.106 0.093 0.116 0.173 1    
684:  0.261 0.102 0.147 0.286 0.057 0.147 1    
685:  0.193 0.159 0.109 0.137 0.124 0.278 1    
686:  0.230 0.157 0.146 0.161 0.107 0.199 1    
687:  0.221 0.090 0.210 0.107 0.090 0.282 1    
688:  0.181 0.231 0.303 0.120 0.092 0.073 1    
689:  0.096 0.085 0.082 0.045 0.053 0.640 1    
690:  0.182 0.154 0.226 0.193 0.089 0.155 1    
691:  0.214 0.076 0.089 0.242 0.102 0.277 1    
692:  0.099 0.115 0.076 0.149 0.479 0.083 1    
693:  0.116 0.121 0.535 0.059 0.101 0.068 1    
694:  0.161 0.144 0.134 0.278 0.168 0.116 1    
695:  0.153 0.126 0.111 0.064 0.096 0.450 1    
696:  0.179 0.169 0.196 0.196 0.174 0.086 1    
697:  0.144 0.168 0.124 0.258 0.195 0.111 1    
698:  0.134 0.216 0.148 0.097 0.064 0.341 1    
699:  0.188 0.103 0.103 0.074 0.085 0.447 1    
700:  0.098 0.477 0.093 0.123 0.145 0.065 1    
701:  0.194 0.150 0.197 0.139 0.107 0.213 1    
702:  0.167 0.203 0.197 0.188 0.121 0.124 1    
703:  0.229 0.106 0.164 0.173 0.267 0.062 1    
704:  0.090 0.372 0.241 0.064 0.140 0.094 1    
705:  0.156 0.147 0.171 0.302 0.128 0.095 1    
706:  0.152 0.261 0.218 0.120 0.150 0.100 1    
707:  0.160 0.336 0.218 0.088 0.088 0.109 1    
708:  0.167 0.154 0.120 0.260 0.195 0.104 1    
709:  0.169 0.082 0.137 0.098 0.309 0.205 1    
710:  0.140 0.097 0.115 0.236 0.299 0.112 1    
711:  0.165 0.100 0.240 0.234 0.137 0.124 1    
712:  0.138 0.068 0.216 0.063 0.091 0.424 1    
713:  0.148 0.326 0.146 0.141 0.086 0.154 1    
714:  0.176 0.264 0.200 0.150 0.118 0.092 1    
715:  0.161 0.130 0.338 0.138 0.092 0.140 1    
716:  0.183 0.136 0.119 0.093 0.118 0.350 1    
717:  0.221 0.107 0.206 0.301 0.078 0.087 1    
718:  0.104 0.276 0.086 0.173 0.245 0.116 1    
719:  0.126 0.421 0.124 0.058 0.171 0.101 1    
720:  0.123 0.162 0.089 0.413 0.113 0.101 1    
721:  0.123 0.114 0.170 0.086 0.208 0.300 1    
722:  0.280 0.103 0.117 0.265 0.177 0.058 1    
723:  0.134 0.176 0.279 0.103 0.178 0.131 1    
724:  0.103 0.094 0.108 0.121 0.062 0.512 1    
725:  0.157 0.129 0.130 0.095 0.258 0.231 1    
726:  0.149 0.130 0.229 0.120 0.212 0.161 1    
727:  0.149 0.093 0.114 0.238 0.167 0.239 1    
728:  0.136 0.402 0.195 0.140 0.063 0.064 1    
729:  0.207 0.137 0.296 0.079 0.103 0.179 1    
730:  0.133 0.152 0.123 0.380 0.132 0.080 1    
731:  0.203 0.147 0.133 0.284 0.095 0.139 1    
732:  0.146 0.167 0.157 0.316 0.119 0.096 1    
733:  0.135 0.121 0.174 0.148 0.074 0.347 1    
734:  0.271 0.138 0.141 0.134 0.182 0.134 1    
735:  0.155 0.320 0.213 0.115 0.115 0.082 1    
736:  0.192 0.239 0.162 0.193 0.111 0.102 1    
737:  0.099 0.087 0.082 0.101 0.094 0.538 1    
738:  0.157 0.205 0.216 0.148 0.173 0.101 1    
739:  0.245 0.128 0.141 0.280 0.100 0.106 1    
740:  0.187 0.200 0.128 0.229 0.101 0.154 1    
741:  0.242 0.141 0.204 0.179 0.104 0.130 1    
742:  0.165 0.367 0.203 0.074 0.110 0.081 1    
743:  0.121 0.051 0.118 0.083 0.067 0.560 1    
744:  0.107 0.134 0.080 0.128 0.078 0.474 1    
745:  0.107 0.413 0.164 0.082 0.146 0.087 1    
746:  0.106 0.362 0.157 0.068 0.214 0.093 1    
747:  0.100 0.119 0.128 0.404 0.142 0.107 1    
748:  0.125 0.123 0.220 0.143 0.131 0.259 1    
749:  0.131 0.224 0.109 0.183 0.089 0.264 1    
750:  0.162 0.126 0.287 0.136 0.165 0.124 1    
751:  0.199 0.200 0.089 0.241 0.142 0.128 1    
752:  0.140 0.257 0.112 0.076 0.087 0.327 1    
753:  0.134 0.124 0.129 0.274 0.111 0.229 1    
754:  0.117 0.115 0.154 0.251 0.293 0.070 1    
755:  0.175 0.111 0.196 0.156 0.156 0.206 1    
756:  0.071 0.620 0.070 0.128 0.061 0.050 1    
757:  0.121 0.093 0.530 0.107 0.083 0.066 1    
758:  0.126 0.081 0.164 0.406 0.147 0.075 1    
759:  0.142 0.194 0.184 0.116 0.157 0.206 1    
760:  0.120 0.155 0.085 0.064 0.210 0.367 1    
761:  0.181 0.199 0.101 0.146 0.240 0.133 1    
762:  0.117 0.076 0.135 0.513 0.082 0.078 1    
763:  0.153 0.222 0.202 0.090 0.163 0.171 1    
764:  0.181 0.286 0.169 0.114 0.151 0.099 1    
765:  0.124 0.168 0.118 0.077 0.429 0.085 1    
766:  0.185 0.138 0.179 0.291 0.091 0.117 1    
767:  0.122 0.093 0.058 0.464 0.098 0.165 1    
768:  0.216 0.126 0.226 0.213 0.116 0.104 1    
769:  0.131 0.219 0.169 0.120 0.284 0.077 1    
770:  0.117 0.280 0.084 0.064 0.114 0.341 1    
771:  0.164 0.193 0.198 0.090 0.134 0.221 1    
772:  0.150 0.282 0.085 0.081 0.284 0.118 1    
773:  0.167 0.110 0.142 0.391 0.117 0.073 1    
774:  0.129 0.109 0.119 0.320 0.209 0.113 1    
775:  0.100 0.157 0.412 0.071 0.188 0.073 1    
776:  0.181 0.130 0.236 0.088 0.238 0.128 1    
777:  0.168 0.111 0.127 0.182 0.248 0.165 1    
778:  0.215 0.120 0.250 0.117 0.163 0.135 1    
779:  0.138 0.076 0.272 0.129 0.211 0.173 1    
780:  0.111 0.122 0.089 0.083 0.206 0.390 1    
781:  0.184 0.113 0.196 0.195 0.223 0.088 1    
                       
                       
1:    0.332 0.168 0.124 0.092 0.158 0.126 1    
2:    0.190 0.172 0.252 0.089 0.180 0.118 1    
3:    0.146 0.191 0.176 0.267 0.109 0.111 1    
4:    0.170 0.306 0.188 0.078 0.084 0.174 1    
5:    0.184 0.094 0.170 0.142 0.316 0.094 1    
6:    0.234 0.117 0.076 0.092 0.178 0.303 1    
7:    0.123 0.135 0.073 0.372 0.213 0.085 1    
8:    0.194 0.103 0.206 0.175 0.128 0.193 1    
9:    0.122 0.407 0.099 0.167 0.095 0.110 1    
10:   0.170 0.056 0.351 0.087 0.053 0.283 1    
11:   0.139 0.091 0.244 0.132 0.148 0.245 1    
12:   0.146 0.121 0.208 0.075 0.111 0.338 1    
13:   0.126 0.167 0.115 0.195 0.101 0.295 1    
14:   0.122 0.436 0.080 0.138 0.153 0.072 1    
15:   0.072 0.090 0.055 0.111 0.618 0.054 1    
16:   0.171 0.081 0.155 0.324 0.148 0.121 1    
17:   0.123 0.260 0.245 0.157 0.099 0.117 1    
18:   0.189 0.290 0.241 0.059 0.164 0.057 1    
19:   0.251 0.333 0.104 0.116 0.129 0.067 1    
20:   0.138 0.238 0.154 0.256 0.082 0.132 1    
21:   0.280 0.071 0.260 0.085 0.125 0.180 1    
22:   0.264 0.271 0.073 0.203 0.105 0.084 1    
23:   0.136 0.087 0.140 0.093 0.291 0.254 1    
24:   0.133 0.118 0.140 0.116 0.089 0.404 1    
25:   0.295 0.128 0.237 0.145 0.113 0.083 1    
26:   0.178 0.202 0.172 0.105 0.209 0.133 1    
27:   0.150 0.203 0.114 0.291 0.121 0.121 1    
28:   0.123 0.075 0.186 0.100 0.207 0.309 1    
29:   0.213 0.278 0.189 0.101 0.157 0.064 1    
30:   0.190 0.245 0.171 0.149 0.121 0.124 1    
31:   0.150 0.144 0.218 0.148 0.086 0.254 1    
32:   0.110 0.098 0.075 0.099 0.507 0.111 1    
33:   0.133 0.174 0.134 0.123 0.315 0.121 1    
34:   0.173 0.195 0.213 0.086 0.183 0.150 1    
35:   0.165 0.286 0.133 0.104 0.226 0.086 1    
36:   0.132 0.216 0.135 0.185 0.272 0.061 1    
37:   0.159 0.170 0.176 0.121 0.183 0.192 1    
38:   0.251 0.197 0.102 0.176 0.150 0.124 1    
39:   0.129 0.095 0.409 0.074 0.137 0.155 1    
40:   0.338 0.090 0.150 0.213 0.155 0.054 1    
41:   0.149 0.113 0.157 0.101 0.090 0.390 1    
42:   0.115 0.078 0.146 0.236 0.314 0.111 1    
43:   0.164 0.205 0.409 0.076 0.067 0.079 1    
44:   0.166 0.194 0.132 0.234 0.110 0.163 1    
45:   0.157 0.094 0.208 0.085 0.235 0.222 1    
46:   0.189 0.103 0.210 0.218 0.192 0.089 1    
47:   0.258 0.157 0.225 0.182 0.086 0.092 1    
48:   0.089 0.101 0.092 0.077 0.582 0.058 1    
49:   0.133 0.298 0.070 0.238 0.053 0.207 1    
50:   0.172 0.251 0.109 0.241 0.140 0.087 1    
51:   0.236 0.201 0.180 0.087 0.090 0.206 1    
