  1:   0.3372  0.1654  0.1264  0.0892  0.1550  0.1268  1
  2:   0.1962  0.1700  0.2388  0.0890  0.1796  0.1266  1
  3:   0.1469  0.1945  0.1711  0.2683  0.1060  0.1132  1
  4:   0.1718  0.3126  0.1820  0.0776  0.0830  0.1730  1
  5:   0.1856  0.0930  0.1630  0.1464  0.3156  0.0964  1
  6:   0.2395  0.1156  0.0942  0.0932  0.1748  0.2827  1
  7:   0.1224  0.1318  0.0710  0.3837  0.2096  0.0816  1
  8:   0.1958  0.1012  0.2026  0.1742  0.1286  0.1976  1
  9:   0.1212  0.4085  0.1008  0.1654  0.0938  0.1102  1
 10:   0.1668  0.0540  0.3423  0.0852  0.0510  0.3007  1
 11:   0.1421  0.0906  0.2451  0.1319  0.1453  0.2451  1
 12:   0.1442  0.1212  0.2166  0.0740  0.1108  0.3331  1
 13:   0.1256  0.1657  0.1283  0.1923  0.0992  0.2889  1
 14:   0.1189  0.4357  0.0788  0.1385  0.1565  0.0716  1
 15:   0.0718  0.0874  0.0548  0.1096  0.6235  0.0530  1
 16:   0.1736  0.0804  0.1542  0.3270  0.1456  0.1192  1
 17:   0.1202  0.2673  0.2335  0.1531  0.0986  0.1272  1
 18:   0.1896  0.2977  0.2256  0.0586  0.1598  0.0688  1
 19:   0.2489  0.3377  0.1010  0.1154  0.1276  0.0694  1
 20:   0.1396  0.2374  0.1482  0.2563  0.0814  0.1372  1
 21:   0.2848  0.0694  0.2560  0.0857  0.1197  0.1843  1
 22:   0.2637  0.2667  0.0736  0.2087  0.1052  0.0822  1
 23:   0.1360  0.0860  0.1480  0.0926  0.2917  0.2458  1
 24:   0.1328  0.1144  0.1560  0.1136  0.0890  0.3942  1
 25:   0.2947  0.1240  0.2261  0.1473  0.1150  0.0930  1
 26:   0.1796  0.2074  0.1696  0.1066  0.2058  0.1308  1
 27:   0.1498  0.2026  0.1182  0.2894  0.1208  0.1192  1
 28:   0.1188  0.0734  0.1985  0.0988  0.2069  0.3035  1
 29:   0.2091  0.2833  0.1811  0.0976  0.1539  0.0750  1
 30:   0.1913  0.2475  0.1641  0.1499  0.1200  0.1273  1
 31:   0.1532  0.1464  0.2164  0.1468  0.0844  0.2526  1
 32:   0.1091  0.0973  0.0770  0.0969  0.5113  0.1085  1
 33:   0.1348  0.1694  0.1340  0.1202  0.3207  0.1210  1
 34:   0.1748  0.1982  0.2060  0.0840  0.1796  0.1574  1
 35:   0.1592  0.2894  0.1324  0.1030  0.2254  0.0906  1
 36:   0.1330  0.2162  0.1310  0.1842  0.2705  0.0652  1
 37:   0.1600  0.1686  0.1770  0.1180  0.1836  0.1928  1
 38:   0.2603  0.2000  0.1006  0.1712  0.1454  0.1224  1
 39:   0.1249  0.0936  0.3921  0.0720  0.1381  0.1793  1
 40:   0.3398  0.0884  0.1430  0.2198  0.1496  0.0594  1
 41:   0.1464  0.1138  0.1752  0.0950  0.0898  0.3798  1
 42:   0.1136  0.0760  0.1446  0.2340  0.3180  0.1138  1
 43:   0.1644  0.2096  0.3823  0.0752  0.0664  0.1020  1
 44:   0.1680  0.1944  0.1328  0.2338  0.1096  0.1612  1
 45:   0.1618  0.0960  0.2066  0.0846  0.2358  0.2154  1
 46:   0.1904  0.1014  0.2086  0.2140  0.1876  0.0980  1
 47:   0.2564  0.1529  0.2204  0.1781  0.0877  0.1045  1
 48:   0.0882  0.1022  0.0898  0.0748  0.5849  0.0602  1
 49:   0.1307  0.3030  0.0787  0.2435  0.0512  0.1929  1
 50:   0.1766  0.2464  0.1086  0.2460  0.1356  0.0868  1
 51:   0.2408  0.2000  0.1808  0.0874  0.0880  0.2032  1
 52:   0.1050  0.0730  0.1004  0.2483  0.0694  0.4040  1
 53:   0.2655  0.1756  0.1482  0.1728  0.1030  0.1350  1
 54:   0.1568  0.2450  0.1676  0.1112  0.1324  0.1870  1
 55:   0.1994  0.0948  0.1962  0.1144  0.3104  0.0848  1
 56:   0.1178  0.0662  0.1156  0.0892  0.4922  0.1190  1
 57:   0.1896  0.1544  0.1454  0.1742  0.1034  0.2331  1
 58:   0.0965  0.0594  0.0636  0.0476  0.6694  0.0634  1
 59:   0.1408  0.0774  0.2298  0.2414  0.2304  0.0800  1
 60:   0.1746  0.1960  0.1124  0.2458  0.1300  0.1410  1
 61:   0.1998  0.1446  0.1350  0.3231  0.0852  0.1122  1
 62:   0.1780  0.0554  0.1948  0.1436  0.1654  0.2629  1
 63:   0.1487  0.1082  0.1407  0.3085  0.1126  0.1813  1
 64:   0.2172  0.1250  0.2112  0.1208  0.0824  0.2435  1
 65:   0.1951  0.1248  0.3003  0.1719  0.1076  0.1002  1
 66:   0.1689  0.1833  0.2449  0.1375  0.0963  0.1691  1
 67:   0.1062  0.0808  0.1707  0.0898  0.0548  0.4977  1
 68:   0.1258  0.1828  0.1154  0.3716  0.1082  0.0962  1
 69:   0.2304  0.0642  0.1122  0.2114  0.0826  0.2990  1
 70:   0.1484  0.1512  0.0790  0.1396  0.2946  0.1872  1
 71:   0.1602  0.1226  0.1714  0.0916  0.0958  0.3584  1
 72:   0.1222  0.0974  0.1400  0.0968  0.0866  0.4569  1
 73:   0.1516  0.1604  0.2573  0.0942  0.2142  0.1222  1
 74:   0.1835  0.1915  0.1006  0.2595  0.0956  0.1693  1
 75:   0.1370  0.2258  0.1498  0.1534  0.1488  0.1852  1
 76:   0.1576  0.1098  0.3757  0.1690  0.0764  0.1116  1
 77:   0.1450  0.1278  0.2655  0.1164  0.1962  0.1490  1
 78:   0.2224  0.1430  0.2853  0.1048  0.0722  0.1722  1
 79:   0.0968  0.0900  0.1238  0.0694  0.2372  0.3828  1
 80:   0.1589  0.1250  0.1495  0.2483  0.1250  0.1933  1
 81:   0.1450  0.0784  0.1854  0.2172  0.0646  0.3095  1
 82:   0.1897  0.0788  0.1481  0.1305  0.2713  0.1817  1
 83:   0.0594  0.0730  0.0542  0.7027  0.0548  0.0558  1
 84:   0.1514  0.1214  0.1868  0.3047  0.1300  0.1056  1
 85:   0.1618  0.1070  0.2204  0.1368  0.1898  0.1844  1
 86:   0.2128  0.0690  0.2344  0.1376  0.2406  0.1058  1
 87:   0.1489  0.0824  0.2849  0.1511  0.0560  0.2767  1
 88:   0.1534  0.1314  0.2931  0.0946  0.2238  0.1036  1
 89:   0.2017  0.2263  0.1365  0.2522  0.1021  0.0811  1
 90:   0.2091  0.0859  0.1065  0.2906  0.1873  0.1205  1
 91:   0.1422  0.1494  0.2358  0.1616  0.1542  0.1570  1
 92:   0.1478  0.0704  0.1144  0.1814  0.2480  0.2380  1
 93:   0.1228  0.1182  0.3325  0.2138  0.0764  0.1364  1
 94:   0.2468  0.2270  0.2182  0.1178  0.0676  0.1224  1
 95:   0.2289  0.1168  0.1167  0.1234  0.2089  0.2053  1
 96:   0.1450  0.2144  0.2247  0.1332  0.1434  0.1392  1
 97:   0.1354  0.0956  0.1694  0.1362  0.1034  0.3600  1
 98:   0.1478  0.1558  0.1480  0.2354  0.1120  0.2012  1
 99:   0.1494  0.1116  0.1704  0.1798  0.0894  0.2993  1
100:   0.1239  0.1933  0.1235  0.1657  0.1331  0.2603  1
101:   0.1582  0.1750  0.1412  0.2310  0.0932  0.2012  1
102:   0.1159  0.1279  0.1083  0.1661  0.4102  0.0716  1
103:   0.1206  0.2736  0.1108  0.1196  0.2998  0.0756  1
104:   0.1293  0.0944  0.3787  0.1303  0.1186  0.1487  1
105:   0.1323  0.2522  0.1569  0.1359  0.1149  0.2077  1
106:   0.2475  0.1607  0.1100  0.1735  0.1443  0.1641  1
107:   0.2580  0.0644  0.1488  0.1526  0.1800  0.1962  1
108:   0.1438  0.0648  0.1300  0.1680  0.1762  0.3173  1
109:   0.1296  0.1952  0.1564  0.2905  0.1038  0.1244  1
110:   0.1185  0.5001  0.0947  0.0782  0.0975  0.1109  1
111:   0.2515  0.1542  0.1114  0.1768  0.2248  0.0814  1
112:   0.1560  0.3065  0.1318  0.1332  0.1682  0.1042  1
113:   0.2494  0.0810  0.2442  0.0902  0.1460  0.1892  1
114:   0.1646  0.3287  0.1052  0.1862  0.1146  0.1006  1
115:   0.1761  0.0826  0.1263  0.1665  0.1541  0.2943  1
116:   0.2142  0.1012  0.0922  0.2282  0.2076  0.1568  1
117:   0.1309  0.0906  0.1198  0.0728  0.4582  0.1277  1
118:   0.1098  0.3995  0.1340  0.1236  0.0950  0.1380  1
119:   0.1552  0.1738  0.1688  0.1144  0.3155  0.0724  1
120:   0.1238  0.1610  0.1436  0.0726  0.4097  0.0892  1
121:   0.1584  0.2316  0.1098  0.2543  0.0930  0.1530  1
122:   0.1423  0.1054  0.2349  0.1637  0.0576  0.2961  1
123:   0.1259  0.1059  0.1023  0.0822  0.4693  0.1145  1
124:   0.1850  0.0896  0.2390  0.1722  0.0820  0.2320  1
125:   0.1286  0.0650  0.1152  0.1350  0.3974  0.1588  1
126:   0.3255  0.1204  0.1435  0.1343  0.1347  0.1415  1
127:   0.1174  0.0998  0.2430  0.0780  0.1802  0.2817  1
128:   0.1790  0.0604  0.1230  0.1264  0.3537  0.1576  1
129:   0.1220  0.0670  0.1500  0.1290  0.0926  0.4393  1
130:   0.2112  0.1892  0.1866  0.0772  0.0780  0.2579  1
131:   0.2400  0.0749  0.2853  0.1618  0.0939  0.1441  1
132:   0.1154  0.0806  0.1324  0.0680  0.5307  0.0728  1
133:   0.1514  0.3171  0.1630  0.0708  0.2130  0.0848  1
134:   0.2405  0.1421  0.1313  0.1973  0.1475  0.1411  1
135:   0.1419  0.5162  0.0912  0.0588  0.0680  0.1239  1
136:   0.1702  0.1246  0.1552  0.2651  0.1946  0.0904  1
137:   0.1638  0.0798  0.3945  0.1330  0.1162  0.1128  1
138:   0.2372  0.1284  0.2232  0.1024  0.1900  0.1190  1
139:   0.1556  0.1902  0.1620  0.0672  0.2310  0.1938  1
140:   0.1474  0.0838  0.2112  0.2875  0.0834  0.1868  1
141:   0.1372  0.2843  0.1434  0.0752  0.1692  0.1908  1
142:   0.1098  0.0842  0.0872  0.1255  0.5208  0.0726  1
143:   0.2655  0.0790  0.1348  0.2184  0.0910  0.2112  1
144:   0.1572  0.1698  0.1676  0.2726  0.1434  0.0894  1
145:   0.1864  0.2649  0.1790  0.1128  0.1610  0.0960  1
146:   0.2091  0.2263  0.1409  0.1423  0.0804  0.2009  1
147:   0.1652  0.1972  0.0928  0.3040  0.1434  0.0974  1
148:   0.1327  0.2349  0.1337  0.2291  0.1005  0.1691  1
149:   0.1292  0.0844  0.1970  0.1036  0.3423  0.1434  1
150:   0.1441  0.3962  0.1276  0.0982  0.0660  0.1679  1
151:   0.1324  0.3336  0.0882  0.1450  0.0872  0.2136  1
152:   0.2488  0.1534  0.1512  0.1962  0.1008  0.1496  1
153:   0.1360  0.1736  0.1282  0.3079  0.1206  0.1338  1
154:   0.1790  0.1538  0.1510  0.1664  0.1586  0.1910  1
155:   0.1124  0.0834  0.1090  0.1358  0.4597  0.0998  1
156:   0.1426  0.1592  0.1154  0.1534  0.1070  0.3225  1
157:   0.2739  0.1038  0.2058  0.1294  0.1340  0.1532  1
158:   0.1421  0.0586  0.5065  0.0772  0.0859  0.1297  1
159:   0.1260  0.1042  0.1564  0.1170  0.2976  0.1988  1
160:   0.1966  0.1012  0.2148  0.1044  0.2452  0.1378  1
161:   0.3190  0.2057  0.0935  0.0640  0.2431  0.0746  1
162:   0.1344  0.3070  0.1768  0.1018  0.1408  0.1392  1
163:   0.1610  0.3122  0.1096  0.1160  0.1432  0.1580  1
164:   0.0915  0.0498  0.1475  0.1817  0.4459  0.0835  1
165:   0.1890  0.1330  0.2292  0.1882  0.1168  0.1440  1
166:   0.2544  0.1104  0.1102  0.1110  0.1208  0.2932  1
167:   0.0904  0.0796  0.0642  0.0554  0.5768  0.1335  1
168:   0.1586  0.1646  0.1766  0.1414  0.1618  0.1970  1
169:   0.2503  0.1257  0.1239  0.1066  0.1220  0.2715  1
170:   0.1344  0.3448  0.1128  0.1056  0.0634  0.2390  1
171:   0.1546  0.1470  0.1214  0.1696  0.2374  0.1698  1
172:   0.1130  0.4054  0.1392  0.1376  0.0776  0.1272  1
173:   0.1610  0.1492  0.1526  0.0804  0.2360  0.2206  1
174:   0.1896  0.1214  0.1958  0.2632  0.1150  0.1150  1
175:   0.1993  0.2031  0.2697  0.1172  0.0778  0.1330  1
176:   0.1404  0.4095  0.1328  0.1332  0.0778  0.1064  1
177:   0.0943  0.0620  0.2938  0.3399  0.0671  0.1429  1
178:   0.1764  0.1312  0.2794  0.1328  0.0998  0.1804  1
179:   0.1662  0.1152  0.2506  0.1180  0.1966  0.1534  1
180:   0.1398  0.1960  0.1494  0.1910  0.0894  0.2344  1
181:   0.1484  0.1356  0.1548  0.0912  0.3283  0.1418  1
182:   0.0502  0.0398  0.0530  0.7422  0.0540  0.0606  1
183:   0.2970  0.3150  0.0873  0.0909  0.1215  0.0881  1
184:   0.1686  0.2056  0.1376  0.2014  0.1112  0.1754  1
185:   0.2326  0.1830  0.1460  0.1258  0.1980  0.1148  1
186:   0.1720  0.2428  0.1050  0.1962  0.1856  0.0986  1
187:   0.1571  0.2809  0.2275  0.0838  0.1008  0.1499  1
188:   0.1381  0.1765  0.0918  0.1459  0.3557  0.0920  1
189:   0.2171  0.2559  0.0836  0.2157  0.1028  0.1249  1
190:   0.1124  0.2199  0.1356  0.1172  0.1040  0.3111  1
191:   0.2680  0.1462  0.1880  0.0870  0.1626  0.1482  1
192:   0.2397  0.0786  0.1325  0.2211  0.1132  0.2149  1
193:   0.1984  0.2380  0.1462  0.1342  0.1252  0.1580  1
194:   0.1883  0.1027  0.1845  0.1203  0.3176  0.0865  1
195:   0.1492  0.0868  0.3711  0.1016  0.0732  0.2181  1
196:   0.2391  0.2319  0.1645  0.1084  0.1353  0.1209  1
197:   0.1148  0.1321  0.0846  0.2009  0.3834  0.0842  1
198:   0.1626  0.3288  0.0844  0.0702  0.1638  0.1902  1
199:   0.1294  0.0602  0.1182  0.4585  0.1180  0.1158  1
200:   0.1757  0.1899  0.1073  0.0843  0.2654  0.1775  1
201:   0.1156  0.0854  0.2805  0.2897  0.0702  0.1586  1
202:   0.1700  0.1938  0.1544  0.2410  0.1312  0.1094  1
203:   0.1605  0.0966  0.1727  0.2191  0.1423  0.2087  1
204:   0.1320  0.2240  0.1602  0.2212  0.0774  0.1850  1
205:   0.1868  0.1076  0.1918  0.2506  0.1204  0.1426  1
206:   0.1519  0.0834  0.1919  0.1349  0.0922  0.3457  1
207:   0.2617  0.0882  0.1718  0.2090  0.1486  0.1208  1
208:   0.1593  0.2662  0.1629  0.1973  0.0788  0.1355  1
209:   0.2256  0.0730  0.2856  0.0868  0.1358  0.1932  1
210:   0.1860  0.1954  0.1700  0.1180  0.1156  0.2150  1
211:   0.1787  0.0836  0.3706  0.1571  0.0658  0.1443  1
212:   0.1606  0.3860  0.1004  0.1068  0.1842  0.0620  1
213:   0.1590  0.1230  0.1890  0.1026  0.2752  0.1512  1
214:   0.1712  0.0944  0.1152  0.1022  0.0614  0.4556  1
215:   0.1605  0.1879  0.1263  0.1545  0.2587  0.1120  1
216:   0.1392  0.1128  0.3288  0.0874  0.1174  0.2144  1
217:   0.2012  0.1866  0.2254  0.0856  0.2058  0.0956  1
218:   0.1382  0.1062  0.0954  0.0756  0.4379  0.1468  1
219:   0.1251  0.3371  0.1239  0.1599  0.1109  0.1431  1
220:   0.2435  0.0956  0.2153  0.1773  0.0952  0.1731  1
221:   0.0854  0.0710  0.0788  0.5533  0.0754  0.1362  1
222:   0.2479  0.1507  0.2123  0.0922  0.1743  0.1226  1
223:   0.2204  0.0958  0.2098  0.1152  0.2398  0.1192  1
224:   0.2064  0.1212  0.1790  0.1814  0.1010  0.2110  1
225:   0.2372  0.0700  0.3064  0.1090  0.0614  0.2160  1
226:   0.1456  0.2222  0.2524  0.0846  0.1666  0.1284  1
227:   0.1342  0.0870  0.2957  0.1080  0.1162  0.2589  1
228:   0.1374  0.1522  0.2763  0.1394  0.1654  0.1292  1
229:   0.1802  0.1530  0.1232  0.2577  0.1564  0.1296  1
230:   0.0980  0.5550  0.0938  0.0822  0.1040  0.0670  1
231:   0.1906  0.1630  0.2847  0.1144  0.1216  0.1258  1
232:   0.1338  0.0562  0.2886  0.2832  0.1328  0.1054  1
233:   0.1550  0.3775  0.2208  0.0700  0.0954  0.0814  1
234:   0.1826  0.1548  0.2956  0.0928  0.1302  0.1440  1
235:   0.1944  0.2058  0.1460  0.2186  0.1224  0.1130  1
236:   0.1246  0.1752  0.1546  0.1838  0.2869  0.0748  1
237:   0.1726  0.0944  0.2500  0.2308  0.1396  0.1124  1
238:   0.3167  0.2099  0.1048  0.1261  0.1114  0.1311  1
239:   0.1141  0.3088  0.1591  0.1391  0.1073  0.1715  1
240:   0.1594  0.1702  0.2040  0.1926  0.1650  0.1090  1
241:   0.1534  0.1008  0.2910  0.1258  0.0818  0.2472  1
242:   0.1592  0.0980  0.0980  0.2434  0.1366  0.2648  1
243:   0.1323  0.0991  0.1061  0.1395  0.3042  0.2187  1
244:   0.1510  0.0856  0.3043  0.2669  0.0732  0.1190  1
245:   0.1208  0.2290  0.1362  0.1252  0.2218  0.1670  1
246:   0.1200  0.1819  0.1162  0.1383  0.2849  0.1587  1
247:   0.1256  0.2196  0.3359  0.0940  0.0834  0.1414  1
248:   0.1708  0.2152  0.3131  0.0808  0.0878  0.1322  1
249:   0.2096  0.2354  0.1176  0.1210  0.1240  0.1922  1
250:   0.1302  0.1292  0.0964  0.1210  0.4447  0.0784  1
251:   0.2840  0.1340  0.1450  0.1000  0.2162  0.1208  1
252:   0.2210  0.0860  0.2064  0.1210  0.0914  0.2741  1
253:   0.1260  0.0944  0.1258  0.1408  0.2466  0.2664  1
254:   0.1718  0.3754  0.1062  0.0794  0.1398  0.1274  1
255:   0.1068  0.1288  0.1108  0.4457  0.1028  0.1050  1
256:   0.2210  0.0876  0.1544  0.1150  0.2804  0.1416  1
257:   0.0936  0.1428  0.1166  0.0560  0.0908  0.5002  1
258:   0.1494  0.1602  0.1534  0.2576  0.1456  0.1338  1
259:   0.1232  0.1600  0.1422  0.0974  0.0750  0.4023  1
260:   0.1346  0.0976  0.1954  0.1884  0.1602  0.2240  1
261:   0.1583  0.2197  0.2389  0.0808  0.0942  0.2081  1
262:   0.1582  0.1672  0.1804  0.2112  0.1632  0.1200  1
263:   0.2222  0.2342  0.1714  0.1328  0.0734  0.1660  1
264:   0.1780  0.1432  0.1756  0.2376  0.1420  0.1236  1
265:   0.2841  0.1459  0.1815  0.2059  0.0698  0.1128  1
266:   0.2289  0.1087  0.1345  0.0891  0.2608  0.1781  1
267:   0.2422  0.1508  0.0870  0.3437  0.0974  0.0790  1
268:   0.1432  0.4609  0.0972  0.0688  0.0980  0.1320  1
269:   0.1126  0.2219  0.1327  0.2505  0.0724  0.2099  1
270:   0.1876  0.2116  0.1886  0.2204  0.0680  0.1238  1
271:   0.2206  0.1518  0.1818  0.1552  0.1512  0.1396  1
272:   0.1444  0.1916  0.2014  0.0934  0.0774  0.2919  1
273:   0.1742  0.1030  0.2224  0.2410  0.1404  0.1188  1
274:   0.0956  0.5670  0.0950  0.1038  0.0632  0.0756  1
275:   0.1156  0.2327  0.1545  0.3133  0.0834  0.1004  1
276:   0.1393  0.0600  0.1919  0.1044  0.3001  0.2043  1
277:   0.0696  0.0956  0.0630  0.6184  0.0638  0.0896  1
278:   0.1130  0.1461  0.1581  0.3011  0.0510  0.2307  1
279:   0.1550  0.1400  0.1584  0.2212  0.2426  0.0830  1
280:   0.1386  0.1782  0.2348  0.1478  0.1870  0.1136  1
281:   0.3106  0.1720  0.0944  0.1390  0.0692  0.2148  1
282:   0.1078  0.1973  0.1120  0.0726  0.0870  0.4234  1
283:   0.1399  0.1299  0.1303  0.2537  0.2439  0.1022  1
284:   0.1058  0.0688  0.1176  0.4966  0.1303  0.0810  1
285:   0.1724  0.1200  0.2962  0.0826  0.1244  0.2044  1
286:   0.1717  0.1619  0.0896  0.2713  0.0778  0.2277  1
287:   0.1183  0.1315  0.0800  0.1587  0.4245  0.0871  1
288:   0.0548  0.0480  0.0624  0.7389  0.0484  0.0474  1
289:   0.1701  0.1881  0.2121  0.1353  0.1723  0.1222  1
290:   0.1534  0.1562  0.4217  0.0720  0.0984  0.0984  1
291:   0.2514  0.2188  0.0930  0.0700  0.2772  0.0896  1
292:   0.1647  0.0800  0.1383  0.1739  0.1827  0.2605  1
293:   0.1178  0.4188  0.0800  0.0824  0.1517  0.1493  1
294:   0.1628  0.1356  0.2501  0.1618  0.0954  0.1944  1
295:   0.0822  0.0498  0.0744  0.0482  0.6171  0.1284  1
296:   0.1030  0.1190  0.1052  0.4592  0.1300  0.0836  1
297:   0.1468  0.2306  0.1642  0.2094  0.1190  0.1298  1
298:   0.1050  0.1204  0.1336  0.0550  0.1433  0.4426  1
299:   0.0851  0.0520  0.1043  0.0640  0.5944  0.1001  1
300:   0.1292  0.2789  0.1000  0.1574  0.1432  0.1912  1
301:   0.1482  0.1356  0.1208  0.1610  0.2304  0.2040  1
302:   0.0950  0.0922  0.0680  0.0692  0.6212  0.0544  1
303:   0.2720  0.2296  0.2016  0.0892  0.0882  0.1194  1
304:   0.1214  0.1483  0.1121  0.0958  0.1180  0.4043  1
305:   0.1725  0.1645  0.3240  0.1123  0.1313  0.0953  1
306:   0.0964  0.0628  0.0728  0.4079  0.2811  0.0790  1
307:   0.1608  0.1444  0.1674  0.1340  0.1612  0.2322  1
308:   0.2018  0.1170  0.1732  0.1898  0.1276  0.1906  1
309:   0.1391  0.1769  0.1251  0.2253  0.0826  0.2509  1
310:   0.1942  0.1874  0.1076  0.3224  0.0918  0.0966  1
311:   0.1315  0.0750  0.1175  0.3011  0.2023  0.1727  1
312:   0.1269  0.2828  0.1173  0.2499  0.0816  0.1415  1
313:   0.1419  0.1279  0.1599  0.2109  0.2005  0.1589  1
314:   0.2170  0.0750  0.1310  0.2008  0.1590  0.2170  1
315:   0.1446  0.0704  0.2034  0.2182  0.1882  0.1752  1
316:   0.1902  0.1754  0.1084  0.1504  0.1370  0.2384  1
317:   0.1106  0.2931  0.1482  0.2455  0.0674  0.1352  1
318:   0.1438  0.4675  0.1088  0.0936  0.0810  0.1052  1
319:   0.2196  0.1594  0.1574  0.1156  0.2270  0.1210  1
320:   0.0978  0.0712  0.1580  0.1856  0.3648  0.1226  1
321:   0.1780  0.2627  0.2671  0.0892  0.1252  0.0778  1
322:   0.2088  0.1404  0.2451  0.1256  0.1024  0.1778  1
323:   0.1050  0.1290  0.0958  0.3801  0.1724  0.1176  1
324:   0.2367  0.1052  0.3321  0.0934  0.0772  0.1553  1
325:   0.1360  0.3679  0.1232  0.1142  0.1178  0.1408  1
326:   0.1060  0.0998  0.1142  0.4580  0.0772  0.1449  1
327:   0.1360  0.2344  0.2621  0.0978  0.1518  0.1180  1
328:   0.1894  0.1382  0.1690  0.0978  0.0998  0.3058  1
329:   0.1294  0.0888  0.3463  0.1506  0.1032  0.1818  1
330:   0.1230  0.0598  0.4795  0.0876  0.0602  0.1899  1
331:   0.2003  0.1349  0.1945  0.2151  0.1279  0.1274  1
332:   0.1850  0.2350  0.1244  0.1076  0.0884  0.2597  1
333:   0.1406  0.1176  0.2355  0.2545  0.1010  0.1508  1
334:   0.1350  0.3295  0.1080  0.1594  0.0740  0.1940  1
335:   0.1548  0.1542  0.1094  0.1762  0.1810  0.2246  1
336:   0.1680  0.1168  0.1830  0.2322  0.1284  0.1714  1
337:   0.1428  0.3231  0.1256  0.1556  0.1534  0.0996  1
338:   0.1160  0.0786  0.1882  0.1468  0.0918  0.3786  1
339:   0.1433  0.0782  0.1521  0.0818  0.2171  0.3275  1
340:   0.1763  0.3200  0.1679  0.1113  0.0883  0.1363  1
341:   0.1780  0.0992  0.1086  0.1696  0.3631  0.0816  1
342:   0.1072  0.0950  0.1548  0.0750  0.0834  0.4847  1
343:   0.0888  0.0978  0.1150  0.2012  0.0640  0.4333  1
344:   0.1098  0.3824  0.1048  0.1240  0.0750  0.2041  1
345:   0.1257  0.1277  0.1293  0.2844  0.1007  0.2322  1
346:   0.1872  0.1604  0.2154  0.1122  0.1734  0.1512  1
347:   0.1819  0.0728  0.3321  0.0788  0.1263  0.2081  1
348:   0.1581  0.1981  0.1110  0.1210  0.2279  0.1839  1
349:   0.1210  0.1602  0.1118  0.4105  0.1068  0.0896  1
350:   0.2074  0.1836  0.1408  0.1186  0.1840  0.1658  1
351:   0.1812  0.2436  0.1174  0.1546  0.1862  0.1172  1
352:   0.1216  0.2320  0.0924  0.1932  0.1716  0.1894  1
353:   0.1365  0.0721  0.2522  0.1994  0.2454  0.0943  1
354:   0.1176  0.0900  0.2164  0.1324  0.0868  0.3567  1
355:   0.1685  0.2003  0.1083  0.2151  0.1255  0.1823  1
356:   0.1244  0.1510  0.1140  0.1236  0.1984  0.2885  1
357:   0.2200  0.1370  0.1342  0.1640  0.1758  0.1690  1
358:   0.1293  0.1283  0.1319  0.3271  0.1511  0.1321  1
359:   0.1409  0.1229  0.1413  0.1003  0.3298  0.1649  1
360:   0.1813  0.2753  0.0920  0.1160  0.2213  0.1140  1
361:   0.1198  0.0896  0.1024  0.1126  0.2667  0.3089  1
362:   0.1620  0.2499  0.1468  0.1652  0.1324  0.1436  1
363:   0.1631  0.3582  0.1467  0.1223  0.0800  0.1297  1
364:   0.1314  0.2452  0.1692  0.2020  0.1054  0.1468  1
365:   0.1568  0.2252  0.1402  0.1242  0.1950  0.1586  1
366:   0.1367  0.1663  0.1070  0.1527  0.2843  0.1531  1
367:   0.1768  0.1736  0.1420  0.1796  0.2036  0.1242  1
368:   0.1142  0.0760  0.4786  0.0536  0.1447  0.1330  1
369:   0.1683  0.0772  0.2115  0.2261  0.2137  0.1032  1
370:   0.1456  0.0742  0.2148  0.2240  0.2318  0.1098  1
371:   0.1056  0.0878  0.1010  0.3105  0.2349  0.1603  1
372:   0.1513  0.1138  0.1146  0.1242  0.3848  0.1112  1
373:   0.1718  0.1602  0.1230  0.1822  0.2334  0.1296  1
374:   0.1669  0.1699  0.1978  0.2146  0.1399  0.1109  1
375:   0.1629  0.1511  0.1223  0.1621  0.1010  0.3005  1
376:   0.1704  0.2196  0.2228  0.1594  0.1166  0.1114  1
377:   0.3234  0.1014  0.2202  0.0646  0.2008  0.0896  1
378:   0.3750  0.1354  0.1258  0.1290  0.1316  0.1032  1
379:   0.0990  0.1066  0.0624  0.0842  0.5685  0.0794  1
380:   0.2935  0.0704  0.1987  0.0854  0.2365  0.1156  1
381:   0.1593  0.1415  0.2056  0.1954  0.1633  0.1349  1
382:   0.1708  0.1296  0.1402  0.2072  0.1756  0.1768  1
383:   0.1260  0.0860  0.1630  0.2372  0.1822  0.2058  1
384:   0.1250  0.3042  0.0580  0.0536  0.3392  0.1200  1
385:   0.1861  0.1971  0.1759  0.1182  0.0648  0.2579  1
386:   0.0966  0.0570  0.0716  0.0596  0.6408  0.0744  1
387:   0.1740  0.1106  0.3845  0.0772  0.1262  0.1274  1
388:   0.1380  0.1580  0.0810  0.0696  0.4395  0.1138  1
389:   0.1116  0.1526  0.0998  0.4104  0.1094  0.1162  1
390:   0.1561  0.0770  0.2421  0.0910  0.1060  0.3279  1
391:   0.1534  0.1138  0.1552  0.0656  0.3457  0.1662  1
392:   0.1282  0.0876  0.1356  0.2611  0.1592  0.2282  1
393:   0.1178  0.2880  0.0838  0.0548  0.3624  0.0932  1
394:   0.1358  0.0778  0.1820  0.1482  0.0484  0.4078  1
395:   0.1336  0.2204  0.1480  0.2196  0.1258  0.1526  1
396:   0.1770  0.3031  0.1342  0.1222  0.0896  0.1738  1
397:   0.1044  0.3105  0.1344  0.2655  0.0654  0.1198  1
398:   0.1662  0.1210  0.1836  0.0720  0.1624  0.2949  1
399:   0.1658  0.1658  0.1278  0.0982  0.2574  0.1850  1
400:   0.1246  0.0916  0.0966  0.2906  0.3080  0.0886  1
401:   0.1883  0.1893  0.2637  0.0680  0.1647  0.1260  1
402:   0.2038  0.1948  0.1650  0.1606  0.1396  0.1362  1
403:   0.1459  0.2013  0.0942  0.2867  0.0598  0.2121  1
404:   0.1332  0.0886  0.1318  0.1276  0.0876  0.4312  1
405:   0.1732  0.2609  0.1764  0.1114  0.0912  0.1870  1
406:   0.2496  0.0896  0.0988  0.1582  0.1390  0.2646  1
407:   0.1182  0.1918  0.0858  0.1006  0.4449  0.0588  1
408:   0.2431  0.1783  0.2303  0.1096  0.1074  0.1314  1
409:   0.1859  0.1919  0.1771  0.1038  0.1443  0.1971  1
410:   0.1792  0.1450  0.1682  0.1582  0.1246  0.2250  1
411:   0.1340  0.2032  0.2415  0.2196  0.0570  0.1448  1
412:   0.2650  0.1678  0.1862  0.0494  0.1432  0.1884  1
413:   0.1420  0.1600  0.1452  0.3676  0.0548  0.1304  1
414:   0.3069  0.1541  0.1232  0.0938  0.2005  0.1216  1
415:   0.1918  0.0576  0.3823  0.0546  0.1656  0.1480  1
416:   0.1166  0.5504  0.1022  0.0930  0.0708  0.0668  1
417:   0.1744  0.0908  0.1788  0.0748  0.1330  0.3483  1
418:   0.2026  0.1444  0.2600  0.1328  0.1272  0.1330  1
419:   0.1725  0.0790  0.3132  0.1405  0.1091  0.1857  1
420:   0.1703  0.3703  0.1265  0.1627  0.0718  0.0984  1
421:   0.1508  0.1118  0.3718  0.1110  0.0746  0.1800  1
422:   0.2264  0.1156  0.1744  0.1616  0.1024  0.2196  1
423:   0.2596  0.2334  0.1080  0.1784  0.1326  0.0880  1
424:   0.1364  0.3442  0.1700  0.1540  0.0710  0.1244  1
425:   0.1500  0.0856  0.3745  0.1772  0.1282  0.0844  1
426:   0.2003  0.0752  0.2598  0.0931  0.2239  0.1477  1
427:   0.1696  0.0834  0.2232  0.0600  0.1530  0.3109  1
428:   0.1637  0.1559  0.1216  0.1164  0.1601  0.2823  1
429:   0.0917  0.0764  0.0726  0.3590  0.2876  0.1127  1
430:   0.3015  0.1066  0.1442  0.1200  0.1234  0.2042  1
431:   0.2068  0.2290  0.1322  0.1640  0.0742  0.1940  1
432:   0.1760  0.2100  0.1144  0.1570  0.2619  0.0808  1
433:   0.2362  0.1934  0.1150  0.0910  0.2741  0.0904  1
434:   0.1550  0.2567  0.1346  0.1060  0.1002  0.2474  1
435:   0.1274  0.2144  0.2685  0.1126  0.1170  0.1600  1
436:   0.3235  0.0911  0.1443  0.2488  0.1115  0.0809  1
437:   0.1621  0.2347  0.1417  0.0866  0.2487  0.1263  1
438:   0.1724  0.1048  0.0996  0.0590  0.4516  0.1126  1
439:   0.1672  0.0832  0.3773  0.1422  0.0992  0.1310  1
440:   0.1042  0.1032  0.1006  0.5074  0.0840  0.1006  1
441:   0.1516  0.1168  0.3279  0.1176  0.1794  0.1068  1
442:   0.1667  0.2231  0.1775  0.1443  0.0740  0.2145  1
443:   0.1460  0.1978  0.1154  0.2474  0.1804  0.1130  1
444:   0.1449  0.1345  0.1170  0.1122  0.3203  0.1711  1
445:   0.1758  0.0606  0.1450  0.2508  0.1274  0.2404  1
446:   0.1567  0.1096  0.1416  0.1142  0.0956  0.3822  1
447:   0.1342  0.3482  0.1462  0.0812  0.1116  0.1786  1
448:   0.1508  0.1700  0.1934  0.0942  0.1858  0.2058  1
449:   0.1052  0.2002  0.0982  0.3781  0.1518  0.0664  1
450:   0.1546  0.1552  0.1222  0.3737  0.0792  0.1152  1
451:   0.1302  0.0976  0.1364  0.3220  0.2068  0.1070  1
452:   0.1020  0.0940  0.1214  0.3390  0.1060  0.2376  1
453:   0.1603  0.2239  0.1669  0.1743  0.1657  0.1088  1
454:   0.1507  0.2457  0.1068  0.3299  0.0630  0.1038  1
455:   0.2552  0.0822  0.1927  0.0760  0.1181  0.2758  1
456:   0.1288  0.0764  0.1496  0.0920  0.1232  0.4300  1
457:   0.2895  0.0916  0.1999  0.1092  0.2293  0.0804  1
458:   0.0856  0.0518  0.0894  0.5547  0.1498  0.0688  1
459:   0.1616  0.0832  0.2933  0.0956  0.2280  0.1384  1
460:   0.1360  0.1924  0.1024  0.1106  0.1318  0.3268  1
461:   0.0778  0.6343  0.0744  0.0812  0.0558  0.0766  1
462:   0.1985  0.1147  0.2321  0.0925  0.0554  0.3068  1
463:   0.2539  0.0856  0.0906  0.1413  0.3079  0.1208  1
464:   0.1804  0.0976  0.2144  0.1176  0.2186  0.1714  1
465:   0.1457  0.0776  0.2805  0.1323  0.0944  0.2695  1
466:   0.2661  0.1301  0.1170  0.0854  0.2997  0.1018  1
467:   0.1676  0.0982  0.0966  0.4399  0.1182  0.0796  1
468:   0.1484  0.1498  0.1452  0.2286  0.2118  0.1162  1
469:   0.1289  0.0998  0.3840  0.1114  0.1691  0.1068  1
470:   0.1887  0.1443  0.1681  0.0824  0.2995  0.1170  1
471:   0.0676  0.0706  0.0672  0.6439  0.0682  0.0824  1
472:   0.1224  0.2142  0.0900  0.0676  0.3983  0.1076  1
473:   0.4187  0.1920  0.0682  0.0968  0.1274  0.0968  1
474:   0.1204  0.2687  0.2234  0.1338  0.0870  0.1668  1
475:   0.2065  0.0946  0.2737  0.1120  0.1363  0.1769  1
476:   0.1431  0.0696  0.1371  0.1693  0.1805  0.3005  1
477:   0.2328  0.1390  0.2080  0.1930  0.0898  0.1374  1
478:   0.1456  0.4231  0.1674  0.0768  0.0908  0.0964  1
479:   0.1776  0.0976  0.2392  0.2134  0.0920  0.1800  1
480:   0.1686  0.3762  0.1372  0.0890  0.1542  0.0748  1
481:   0.1968  0.0948  0.3047  0.1738  0.1128  0.1170  1
482:   0.1609  0.1475  0.1685  0.0874  0.3347  0.1010  1
483:   0.1192  0.0814  0.1468  0.1968  0.1540  0.3019  1
484:   0.2166  0.1310  0.1152  0.0612  0.0534  0.4227  1
485:   0.1436  0.0824  0.1171  0.1028  0.0706  0.4835  1
486:   0.1550  0.2052  0.2266  0.1740  0.1248  0.1144  1
487:   0.1688  0.1414  0.1410  0.1308  0.2348  0.1830  1
488:   0.2128  0.0766  0.1162  0.1134  0.1940  0.2870  1
489:   0.1590  0.2414  0.1310  0.1290  0.1250  0.2144  1
490:   0.2148  0.1540  0.1268  0.1040  0.2713  0.1290  1
491:   0.1306  0.1566  0.0990  0.0816  0.4471  0.0852  1
492:   0.1824  0.0866  0.2472  0.2156  0.1290  0.1392  1
493:   0.2970  0.1154  0.1916  0.0964  0.1414  0.1582  1
494:   0.1712  0.0818  0.1884  0.0946  0.2404  0.2238  1
495:   0.0734  0.0840  0.0614  0.6759  0.0590  0.0462  1
496:   0.1112  0.2114  0.3024  0.1058  0.0628  0.2064  1
497:   0.1524  0.3052  0.2514  0.1252  0.0956  0.0702  1
498:   0.1212  0.4204  0.1054  0.1540  0.0928  0.1062  1
499:   0.1566  0.2032  0.0862  0.0816  0.3608  0.1116  1
500:   0.1406  0.0872  0.1846  0.2717  0.2434  0.0724  1
501:   0.1654  0.2060  0.1834  0.1752  0.1070  0.1630  1
502:   0.1986  0.1268  0.1654  0.1950  0.1252  0.1890  1
503:   0.1448  0.3262  0.2152  0.0992  0.1180  0.0966  1
504:   0.1404  0.2250  0.3541  0.0812  0.0674  0.1320  1
505:   0.1593  0.0864  0.1517  0.2063  0.2643  0.1321  1
506:   0.1968  0.1156  0.2771  0.1590  0.1026  0.1488  1
507:   0.1150  0.1634  0.0990  0.1848  0.2082  0.2296  1
508:   0.0992  0.4590  0.1154  0.1028  0.0516  0.1720  1
509:   0.1426  0.0714  0.2529  0.2645  0.1038  0.1648  1
510:   0.1770  0.3511  0.0804  0.1322  0.0652  0.1942  1
511:   0.1577  0.1507  0.1549  0.1069  0.3184  0.1115  1
512:   0.1036  0.5774  0.1242  0.0638  0.0592  0.0718  1
513:   0.2146  0.1962  0.0926  0.2969  0.0642  0.1356  1
514:   0.1545  0.3290  0.0937  0.1069  0.1089  0.2069  1
515:   0.0848  0.1264  0.0652  0.0690  0.5926  0.0620  1
516:   0.1342  0.0826  0.1072  0.2843  0.1328  0.2589  1
517:   0.1539  0.0622  0.1997  0.2899  0.0974  0.1969  1
518:   0.1444  0.3457  0.1576  0.0728  0.0676  0.2118  1
519:   0.2405  0.1335  0.2756  0.1307  0.0931  0.1265  1
520:   0.1545  0.1164  0.2395  0.2009  0.1927  0.0960  1
521:   0.2615  0.1840  0.1338  0.0966  0.1370  0.1872  1
522:   0.1546  0.1110  0.4136  0.1156  0.0770  0.1282  1
523:   0.2170  0.1494  0.1766  0.1556  0.1972  0.1044  1
524:   0.0977  0.0508  0.0929  0.5896  0.0704  0.0985  1
525:   0.1882  0.1212  0.2088  0.1066  0.2314  0.1436  1
526:   0.1120  0.3505  0.0912  0.1407  0.1735  0.1321  1
527:   0.1953  0.2303  0.1525  0.1399  0.1361  0.1459  1
528:   0.1602  0.0956  0.0966  0.0618  0.4083  0.1774  1
529:   0.2477  0.1647  0.1495  0.1807  0.1343  0.1230  1
530:   0.2407  0.1317  0.1103  0.0933  0.2307  0.1933  1
531:   0.1330  0.0748  0.1364  0.1160  0.2108  0.3291  1
532:   0.0848  0.0690  0.0704  0.6769  0.0430  0.0558  1
533:   0.0866  0.5982  0.1046  0.0752  0.0792  0.0560  1
534:   0.1714  0.1038  0.2136  0.0922  0.2186  0.2006  1
535:   0.1569  0.1795  0.1311  0.2247  0.2367  0.0712  1
536:   0.1532  0.2282  0.2466  0.1874  0.0980  0.0866  1
537:   0.1728  0.1570  0.1620  0.0850  0.2454  0.1776  1
538:   0.1742  0.1042  0.1916  0.2040  0.1210  0.2050  1
539:   0.1712  0.2464  0.0904  0.1570  0.1920  0.1430  1
540:   0.1126  0.1162  0.1214  0.2146  0.2387  0.1966  1
541:   0.2378  0.0824  0.1414  0.1502  0.1654  0.2228  1
542:   0.1220  0.0834  0.2116  0.1022  0.3736  0.1072  1
543:   0.1684  0.0546  0.1630  0.0690  0.4404  0.1046  1
544:   0.1624  0.0788  0.1712  0.1018  0.3849  0.1010  1
545:   0.1455  0.1935  0.1319  0.1178  0.2235  0.1877  1
546:   0.1146  0.1319  0.1110  0.1128  0.4240  0.1058  1
547:   0.2093  0.1096  0.1046  0.2383  0.1192  0.2191  1
548:   0.1647  0.1661  0.1679  0.1305  0.1503  0.2206  1
549:   0.1722  0.1516  0.1936  0.1474  0.1178  0.2176  1
550:   0.1672  0.2615  0.1450  0.0896  0.1356  0.2010  1
551:   0.1245  0.1160  0.1721  0.1138  0.3689  0.1046  1
552:   0.1440  0.3542  0.0828  0.1216  0.1388  0.1586  1
553:   0.1608  0.1550  0.2108  0.1866  0.0866  0.2000  1
554:   0.1376  0.1198  0.1154  0.0556  0.4975  0.0742  1
555:   0.1512  0.1158  0.1730  0.1388  0.0912  0.3300  1
556:   0.1246  0.3659  0.1962  0.1502  0.0670  0.0962  1
557:   0.2905  0.1222  0.1195  0.1188  0.1393  0.2097  1
558:   0.1134  0.0652  0.1572  0.1986  0.2997  0.1660  1
559:   0.1537  0.1415  0.1823  0.1056  0.1232  0.2937  1
560:   0.1562  0.1036  0.1832  0.0680  0.3385  0.1504  1
561:   0.1456  0.0982  0.2448  0.1852  0.0944  0.2320  1
562:   0.1388  0.1726  0.1238  0.1280  0.3404  0.0964  1
563:   0.2572  0.0950  0.2082  0.1442  0.1294  0.1658  1
564:   0.1680  0.2074  0.1366  0.1114  0.1224  0.2541  1
565:   0.2038  0.1372  0.2124  0.1408  0.1548  0.1510  1
566:   0.1168  0.1480  0.1072  0.1036  0.0948  0.4296  1
567:   0.1522  0.0760  0.2395  0.2406  0.1456  0.1460  1
568:   0.2829  0.2382  0.1054  0.0892  0.1970  0.0874  1
569:   0.1312  0.2040  0.1344  0.3117  0.0798  0.1388  1
570:   0.1437  0.1899  0.0800  0.3194  0.1877  0.0794  1
571:   0.1436  0.1364  0.3111  0.1252  0.1300  0.1536  1
572:   0.1108  0.5234  0.1018  0.0820  0.0942  0.0880  1
573:   0.1468  0.0840  0.1670  0.1476  0.1880  0.2665  1
574:   0.1862  0.1168  0.1852  0.2276  0.0878  0.1964  1
575:   0.1000  0.0838  0.1058  0.3142  0.1834  0.2128  1
576:   0.1974  0.1018  0.1868  0.0752  0.1374  0.3013  1
577:   0.1257  0.2667  0.1937  0.1635  0.1076  0.1429  1
578:   0.1767  0.0764  0.1061  0.3864  0.1603  0.0941  1
579:   0.1373  0.1553  0.1691  0.2029  0.1549  0.1805  1
580:   0.1990  0.2092  0.1760  0.0930  0.0702  0.2525  1
581:   0.1658  0.0932  0.0736  0.2921  0.3111  0.0642  1
582:   0.2985  0.1466  0.0862  0.2585  0.0884  0.1218  1
583:   0.1908  0.0990  0.1840  0.1080  0.2510  0.1672  1
584:   0.2481  0.1100  0.2566  0.0874  0.1520  0.1458  1
585:   0.1376  0.1584  0.1280  0.2238  0.0956  0.2565  1
586:   0.1368  0.0728  0.2208  0.1724  0.1734  0.2236  1
587:   0.1360  0.1788  0.2798  0.2364  0.0674  0.1014  1
588:   0.1255  0.1139  0.2303  0.2225  0.0822  0.2257  1
589:   0.2098  0.1264  0.1796  0.1312  0.2052  0.1476  1
590:   0.1590  0.1502  0.1404  0.2572  0.1234  0.1696  1
591:   0.2015  0.0832  0.3075  0.1329  0.1371  0.1379  1
592:   0.1590  0.2561  0.1764  0.2014  0.0772  0.1300  1
593:   0.2162  0.0968  0.1054  0.2212  0.2130  0.1476  1
594:   0.1785  0.1409  0.1933  0.0847  0.2966  0.1061  1
595:   0.1822  0.1920  0.1674  0.1294  0.2126  0.1164  1
596:   0.2909  0.2347  0.1094  0.1557  0.1311  0.0782  1
597:   0.1957  0.1729  0.1535  0.1309  0.1887  0.1583  1
598:   0.1092  0.1162  0.1128  0.1404  0.3230  0.1984  1
599:   0.1364  0.0684  0.1348  0.2577  0.2963  0.1064  1
600:   0.2051  0.1661  0.1701  0.1803  0.1517  0.1265  1
601:   0.1602  0.1330  0.3007  0.1076  0.0752  0.2232  1
602:   0.1664  0.2240  0.1500  0.2701  0.0858  0.1038  1
603:   0.2200  0.2106  0.1960  0.0826  0.1360  0.1548  1
604:   0.2947  0.2102  0.1180  0.1006  0.1840  0.0924  1
605:   0.1478  0.3981  0.1122  0.0824  0.0588  0.2006  1
606:   0.1734  0.0792  0.1012  0.1076  0.3376  0.2010  1
607:   0.1160  0.0990  0.2909  0.0768  0.0666  0.3507  1
608:   0.3085  0.2194  0.0842  0.1328  0.1504  0.1048  1
609:   0.1675  0.1259  0.2257  0.0804  0.1891  0.2113  1
610:   0.1165  0.0642  0.1285  0.3078  0.0961  0.2868  1
611:   0.2213  0.0774  0.1166  0.1861  0.1008  0.2979  1
612:   0.1372  0.1258  0.1458  0.2490  0.1496  0.1926  1
613:   0.1821  0.1649  0.2293  0.1727  0.1050  0.1461  1
614:   0.1726  0.1520  0.2010  0.1098  0.1976  0.1668  1
615:   0.1748  0.4016  0.1088  0.0924  0.0536  0.1688  1
616:   0.1463  0.1029  0.2576  0.1155  0.0734  0.3044  1
617:   0.2635  0.1577  0.1703  0.1759  0.1441  0.0884  1
618:   0.1428  0.1472  0.0988  0.3183  0.0626  0.2302  1
619:   0.2671  0.0700  0.1028  0.2072  0.1422  0.2106  1
620:   0.1236  0.0834  0.1014  0.0612  0.3081  0.3223  1
621:   0.2122  0.1714  0.1414  0.1566  0.1910  0.1274  1
622:   0.1260  0.1178  0.2909  0.0740  0.0636  0.3279  1
623:   0.1672  0.1352  0.1686  0.1278  0.1128  0.2884  1
624:   0.1307  0.1451  0.2721  0.2807  0.0632  0.1082  1
625:   0.1180  0.1293  0.1285  0.0798  0.2049  0.3395  1
626:   0.1160  0.1134  0.1456  0.3708  0.0682  0.1860  1
627:   0.1558  0.2824  0.1606  0.0728  0.2132  0.1152  1
628:   0.1444  0.2788  0.2954  0.0880  0.0948  0.0986  1
629:   0.1581  0.1307  0.1893  0.1967  0.1106  0.2145  1
630:   0.1493  0.2585  0.1689  0.1086  0.1639  0.1507  1
631:   0.1796  0.2144  0.1240  0.1254  0.2642  0.0924  1
632:   0.1392  0.0966  0.1440  0.0872  0.4087  0.1244  1
633:   0.1634  0.1726  0.2028  0.1100  0.1390  0.2124  1
634:   0.1626  0.1320  0.1410  0.3970  0.0692  0.0982  1
635:   0.1054  0.2748  0.1462  0.0846  0.0852  0.3038  1
636:   0.1302  0.1686  0.2042  0.1658  0.1498  0.1814  1
637:   0.1835  0.2742  0.1103  0.1479  0.1827  0.1015  1
638:   0.1104  0.1772  0.0852  0.4423  0.0684  0.1164  1
639:   0.1894  0.1630  0.3479  0.0882  0.0988  0.1126  1
640:   0.1568  0.1660  0.1934  0.1456  0.1382  0.2002  1
641:   0.1283  0.1022  0.4368  0.0950  0.1000  0.1378  1
642:   0.1561  0.1012  0.1415  0.3918  0.0964  0.1130  1
643:   0.1395  0.4042  0.1649  0.0848  0.1042  0.1024  1
644:   0.1234  0.0818  0.1344  0.3649  0.0470  0.2485  1
645:   0.1658  0.1368  0.1996  0.1300  0.2728  0.0950  1
646:   0.1285  0.1621  0.1343  0.2932  0.1307  0.1511  1
647:   0.1101  0.3370  0.1475  0.0857  0.1963  0.1233  1
648:   0.1405  0.0814  0.5247  0.0528  0.0714  0.1291  1
649:   0.1160  0.0640  0.1684  0.2206  0.2172  0.2136  1
650:   0.1549  0.0730  0.1547  0.1991  0.1397  0.2787  1
651:   0.7721  0.0450  0.0506  0.0332  0.0530  0.0460  1
652:   0.1134  0.0826  0.0900  0.0622  0.5479  0.1038  1
653:   0.1162  0.0868  0.0864  0.1440  0.5018  0.0648  1
654:   0.1621  0.1609  0.2971  0.0956  0.1431  0.1413  1
655:   0.1596  0.1718  0.1060  0.0636  0.0838  0.4152  1
656:   0.0732  0.6363  0.0644  0.0598  0.0454  0.1208  1
657:   0.2220  0.1630  0.2333  0.1714  0.1206  0.0896  1
658:   0.1587  0.0802  0.1279  0.0889  0.2854  0.2588  1
659:   0.1607  0.1735  0.1359  0.1101  0.2313  0.1885  1
660:   0.1909  0.2231  0.0928  0.2385  0.1901  0.0646  1
661:   0.2163  0.1371  0.1234  0.3964  0.0548  0.0720  1
662:   0.1542  0.1090  0.1344  0.3587  0.0670  0.1766  1
663:   0.2010  0.1810  0.2492  0.0998  0.1046  0.1642  1
664:   0.1499  0.1493  0.1330  0.1134  0.1787  0.2757  1
665:   0.1950  0.1790  0.1306  0.0874  0.2837  0.1244  1
666:   0.2646  0.1158  0.2546  0.0672  0.1784  0.1194  1
667:   0.1548  0.0652  0.1660  0.2106  0.1862  0.2170  1
668:   0.2708  0.1243  0.1887  0.0774  0.0820  0.2568  1
669:   0.2488  0.0988  0.1450  0.1214  0.2020  0.1840  1
670:   0.1236  0.2138  0.1574  0.2396  0.1752  0.0902  1
671:   0.0814  0.5787  0.0760  0.1142  0.0722  0.0774  1
672:   0.1170  0.0914  0.1142  0.0898  0.4975  0.0902  1
673:   0.1569  0.2871  0.0862  0.2681  0.1092  0.0926  1
674:   0.1940  0.2903  0.1536  0.1460  0.1132  0.1028  1
675:   0.1707  0.4742  0.1106  0.0626  0.0926  0.0894  1
676:   0.1442  0.0858  0.3103  0.2871  0.0554  0.1172  1
677:   0.1240  0.0808  0.1675  0.3179  0.1022  0.2075  1
678:   0.1277  0.1513  0.2777  0.1655  0.1475  0.1302  1
679:   0.1630  0.2569  0.2429  0.1232  0.1246  0.0894  1
680:   0.1695  0.0983  0.1647  0.2944  0.1211  0.1521  1
681:   0.1669  0.3047  0.2295  0.0664  0.1216  0.1110  1
682:   0.1713  0.1921  0.2143  0.0896  0.0468  0.2859  1
683:   0.1342  0.1744  0.1216  0.1204  0.0938  0.3556  1
684:   0.2570  0.1474  0.1470  0.0576  0.2862  0.1048  1
685:   0.1904  0.2670  0.1136  0.1238  0.1390  0.1662  1
686:   0.2248  0.1976  0.1466  0.1074  0.1622  0.1612  1
687:   0.2189  0.2823  0.1995  0.0914  0.1074  0.1006  1
688:   0.1812  0.0728  0.2964  0.0932  0.1226  0.2338  1
689:   0.0946  0.6355  0.0832  0.0536  0.0466  0.0866  1
690:   0.1835  0.1581  0.2225  0.0896  0.1921  0.1543  1
691:   0.2115  0.2759  0.0890  0.1038  0.2433  0.0764  1
692:   0.1020  0.0840  0.0790  0.4675  0.1508  0.1168  1
693:   0.1200  0.0690  0.5020  0.1052  0.0606  0.1432  1
694:   0.1519  0.1182  0.1373  0.1669  0.2727  0.1529  1
695:   0.1437  0.4506  0.1130  0.0986  0.0658  0.1283  1
696:   0.1721  0.0868  0.1917  0.1795  0.1991  0.1709  1
697:   0.1404  0.1140  0.1272  0.1908  0.2579  0.1698  1
698:   0.1324  0.3380  0.1560  0.0652  0.0960  0.2124  1
699:   0.1852  0.4421  0.1066  0.0844  0.0758  0.1060  1
700:   0.1010  0.0660  0.1144  0.1474  0.1250  0.4461  1
701:   0.1942  0.2070  0.1966  0.1070  0.1424  0.1528  1
