           1  1 0.1093 0.2419 0.3479 0.3008 
           2  1 0.1481 0.3498 0.2225 0.2795 
           3  1 0.1900 0.2378 0.3043 0.2678 
           4  1 0.2561 0.2697 0.2373 0.2369 
           5  1 0.1751 0.2485 0.2896 0.2869 
           6  1 0.1495 0.2563 0.3241 0.2701 
           7  1 0.2184 0.2306 0.2853 0.2658 
           8  1 0.1863 0.2728 0.2510 0.2900 
           9  1 0.1925 0.2687 0.2778 0.2610 
          10  1 0.1484 0.2573 0.2881 0.3062 
          11  1 0.3955 0.2734 0.1579 0.1731 
          12  1 0.2965 0.2469 0.2547 0.2020 
          13  1 0.2537 0.2901 0.2145 0.2417 
          14  1 0.6275 0.2598 0.0544 0.0584 
          15  1 0.3457 0.2991 0.1676 0.1877 
          16  1 0.1856 0.2745 0.2699 0.2700 
          17  1 0.5313 0.2592 0.1011 0.1084 
          18  1 0.1660 0.2511 0.2886 0.2943 
          19  1 0.3186 0.2592 0.2133 0.2089 
          20  1 0.2292 0.2474 0.2847 0.2387 
          21  1 0.5274 0.2523 0.1079 0.1124 
          22  1 0.2355 0.2679 0.2425 0.2541 
          23  1 0.2028 0.2593 0.2556 0.2823 
          24  1 0.1680 0.2207 0.3086 0.3026 
          25  1 0.1631 0.2556 0.3034 0.2779 
          26  1 0.2007 0.2020 0.2831 0.3142 
          27  1 0.1739 0.2651 0.2692 0.2918 
          28  1 0.1937 0.2059 0.2814 0.3191 
          29  1 0.3828 0.2918 0.1563 0.1691 
          30  1 0.1861 0.2329 0.2855 0.2955 
          31  1 0.1716 0.2913 0.2514 0.2856 
          32  1 0.2359 0.2651 0.2341 0.2649 
          33  1 0.1842 0.2244 0.2680 0.3234 
          34  1 0.2679 0.3165 0.1853 0.2304 
          35  1 0.1416 0.2875 0.2779 0.2929 
          36  1 0.2387 0.2388 0.2509 0.2715 
          37  1 0.1736 0.2088 0.2834 0.3342 
          38  1 0.2628 0.2476 0.2384 0.2512 
          39  1 0.1921 0.2272 0.2820 0.2987 
          40  1 0.6113 0.2653 0.0613 0.0621 
          41  1 0.1845 0.2644 0.2677 0.2834 
          42  1 0.1500 0.2311 0.3215 0.2974 
          43  1 0.1642 0.2421 0.2783 0.3154 
          44  1 0.1877 0.2568 0.2815 0.2740 
          45  1 0.1467 0.2382 0.2824 0.3327 
          46  1 0.1841 0.2521 0.2769 0.2869 
          47  1 0.2566 0.2498 0.2304 0.2632 
          48  1 0.2118 0.2480 0.2854 0.2547 
          49  1 0.1432 0.2191 0.3216 0.3161 
          50  1 0.1599 0.2747 0.2731 0.2923 
          51  1 0.2161 0.2226 0.2631 0.2982 
          52  1 0.2402 0.2487 0.2475 0.2636 
          53  1 0.1446 0.2605 0.2892 0.3057 
          54  1 0.2787 0.2652 0.2192 0.2368 
          55  1 0.3394 0.2446 0.2085 0.2076 
          56  1 0.1711 0.2412 0.2883 0.2993 
          57  1 0.2126 0.2577 0.2704 0.2593 
          58  1 0.2994 0.2743 0.1988 0.2275 
          59  1 0.1482 0.2370 0.2941 0.3207 
          60  1 0.2385 0.2503 0.2391 0.2721 
          61  1 0.1804 0.2106 0.2990 0.3099 
          62  1 0.1662 0.2219 0.2926 0.3193 
          63  1 0.1629 0.2286 0.3006 0.3080 
          64  1 0.4667 0.2448 0.1497 0.1389 
          65  1 0.1647 0.2550 0.2847 0.2956 
          66  1 0.1614 0.2136 0.2904 0.3346 
          67  1 0.1301 0.2427 0.3268 0.3005 
          68  1 0.1752 0.2642 0.3024 0.2581 
          69  1 0.1338 0.2591 0.3117 0.2954 
          70  1 0.1507 0.1815 0.3367 0.3312 
          71  1 0.1476 0.2391 0.2844 0.3289 
          72  1 0.3831 0.2668 0.1598 0.1903 
          73  1 0.1605 0.2950 0.2519 0.2926 
          74  1 0.1900 0.2554 0.3017 0.2529 
          75  1 0.1661 0.2554 0.3109 0.2676 
          76  1 0.1531 0.2238 0.3127 0.3104 
          77  1 0.2323 0.2655 0.2537 0.2486 
          78  1 0.1151 0.2334 0.3374 0.3141 
          79  1 0.1676 0.2213 0.2953 0.3158 
          80  1 0.1383 0.2074 0.3293 0.3250 
          81  1 0.1332 0.2245 0.3496 0.2928 
          82  1 0.5578 0.2564 0.0936 0.0922 
          83  1 0.2298 0.2727 0.2518 0.2457 
          84  1 0.6014 0.2681 0.0563 0.0741 
          85  1 0.1908 0.2171 0.2772 0.3149 
          86  1 0.1479 0.2447 0.3468 0.2606 
          87  1 0.1576 0.2292 0.2895 0.3237 
          88  1 0.1083 0.2584 0.3323 0.3010 
          89  1 0.4582 0.2360 0.1798 0.1260 
          90  1 0.1157 0.2235 0.3584 0.3025 
          91  1 0.1958 0.2648 0.2516 0.2878 
          92  1 0.4074 0.2794 0.1567 0.1565 
          93  1 0.1497 0.2274 0.3313 0.2916 
          94  1 0.0994 0.2162 0.3975 0.2870 
          95  1 0.1065 0.2054 0.3981 0.2900 
          96  1 0.0997 0.2024 0.4036 0.2944 
          97  1 0.1245 0.2229 0.3656 0.2871 
          98  1 0.1101 0.2468 0.3275 0.3156 
          99  1 0.4198 0.2383 0.1774 0.1645 
         100  1 0.4760 0.2487 0.1276 0.1477 
         101  1 0.1498 0.2042 0.3419 0.3041 
         102  1 0.2223 0.2810 0.2244 0.2723 
         103  1 0.1698 0.2181 0.3176 0.2945 
         104  1 0.0970 0.2158 0.3679 0.3194 
         105  1 0.2100 0.2227 0.2665 0.3008 
         106  1 0.2531 0.2898 0.2095 0.2477 
         107  1 0.1784 0.2346 0.3101 0.2770 
         108  1 0.2270 0.2328 0.2714 0.2689 
         109  1 0.2152 0.2403 0.3023 0.2423 
         110  1 0.2576 0.2453 0.2612 0.2359 
         111  1 0.1168 0.2170 0.3802 0.2860 
         112  1 0.1174 0.2365 0.3554 0.2907 
         113  1 0.5918 0.2624 0.0717 0.0741 
         114  1 0.1668 0.2238 0.2857 0.3237 
         115  1 0.2355 0.2512 0.2577 0.2556 
         116  1 0.2621 0.2763 0.2096 0.2520 
         117  1 0.1586 0.2418 0.2791 0.3204 
         118  1 0.1583 0.2351 0.3060 0.3005 
         119  1 0.2676 0.2561 0.2415 0.2348 
         120  1 0.4708 0.2703 0.1228 0.1361 
         121  1 0.6609 0.2630 0.0361 0.0400 
         122  1 0.1975 0.2185 0.2795 0.3044 
         123  1 0.4973 0.2664 0.1135 0.1227 
         124  1 0.1699 0.2234 0.3397 0.2670 
         125  1 0.1637 0.2347 0.3244 0.2772 
         126  1 0.1647 0.2017 0.3030 0.3306 
         127  1 0.3735 0.2694 0.1833 0.1738 
         128  1 0.1730 0.2385 0.2915 0.2969 
         129  1 0.1959 0.2289 0.3256 0.2496 
         130  1 0.1468 0.2851 0.2532 0.3149 
         131  1 0.2725 0.2782 0.2179 0.2314 
         132  1 0.1533 0.2400 0.2793 0.3274 
         133  1 0.5613 0.2689 0.0780 0.0917 
         134  1 0.1179 0.2880 0.3037 0.2904 
         135  1 0.1292 0.3231 0.2524 0.2953 
         136  1 0.3664 0.2612 0.1868 0.1856 
         137  1 0.2847 0.2562 0.2151 0.2440 
         138  1 0.1056 0.2492 0.3273 0.3180 
         139  1 0.1942 0.2236 0.2854 0.2968 
         140  1 0.1556 0.2489 0.3111 0.2844 
         141  1 0.5972 0.2703 0.0587 0.0739 
         142  1 0.2930 0.2648 0.2065 0.2357 
         143  1 0.2304 0.2560 0.2497 0.2639 
         144  1 0.1596 0.3111 0.2499 0.2795 
         145  1 0.1052 0.2244 0.3657 0.3047 
         146  1 0.1438 0.2585 0.3294 0.2684 
         147  1 0.1586 0.2396 0.3201 0.2817 
         148  1 0.1784 0.2718 0.2470 0.3029 
         149  1 0.3316 0.2628 0.1979 0.2077 
         150  1 0.2113 0.2557 0.2825 0.2505 
         151  1 0.4238 0.2466 0.1764 0.1532 
         152  1 0.1650 0.1985 0.2934 0.3431 
         153  1 0.3442 0.2623 0.2026 0.1909 
         154  1 0.2481 0.2596 0.2432 0.2491 
         155  1 0.5257 0.2731 0.0908 0.1104 
         156  1 0.1297 0.2672 0.2943 0.3088 
         157  1 0.1479 0.2890 0.2726 0.2905 
         158  1 0.1889 0.2395 0.3013 0.2703 
         159  1 0.1940 0.2594 0.2568 0.2898 
         160  1 0.5645 0.2703 0.0792 0.0860 
         161  1 0.1577 0.2575 0.2705 0.3143 
         162  1 0.2956 0.2751 0.2363 0.1930 
         163  1 0.1913 0.2378 0.2754 0.2955 
         164  1 0.0969 0.2122 0.3919 0.2990 
         165  1 0.1738 0.2558 0.3214 0.2490 
         166  1 0.5838 0.2549 0.0776 0.0837 
         167  1 0.1939 0.2022 0.2963 0.3076 
         168  1 0.2792 0.2496 0.2270 0.2443 
         169  1 0.1716 0.2289 0.3028 0.2967 
         170  1 0.6387 0.2629 0.0515 0.0469 
         171  1 0.1673 0.2415 0.2924 0.2989 
         172  1 0.2094 0.2225 0.2765 0.2916 
         173  1 0.5930 0.2660 0.0721 0.0688 
         174  1 0.1702 0.2318 0.3173 0.2807 
         175  1 0.1602 0.2375 0.2702 0.3321 
         176  1 0.1618 0.2556 0.2655 0.3172 
         177  1 0.1910 0.2176 0.2824 0.3089 
         178  1 0.2186 0.2841 0.2397 0.2575 
         179  1 0.1827 0.1967 0.2925 0.3281 
         180  1 0.2411 0.2639 0.2340 0.2611 
         181  1 0.3725 0.2509 0.1952 0.1813 
         182  1 0.1469 0.2524 0.3106 0.2901 
         183  1 0.5877 0.2608 0.0748 0.0767 
         184  1 0.1722 0.2343 0.3218 0.2716 
         185  1 0.5808 0.2685 0.0759 0.0748 
         186  1 0.6072 0.2530 0.0695 0.0703 
         187  1 0.1544 0.2535 0.2898 0.3024 
         188  1 0.1609 0.2365 0.3299 0.2727 
         189  1 0.3174 0.2539 0.2226 0.2060 
         190  1 0.1693 0.3036 0.2493 0.2778 
         191  1 0.3110 0.2837 0.1919 0.2135 
         192  1 0.1329 0.3409 0.2447 0.2815 
         193  1 0.1707 0.2425 0.3087 0.2781 
         194  1 0.2405 0.2667 0.2404 0.2524 
         195  1 0.1809 0.2539 0.2460 0.3192 
         196  1 0.5650 0.2500 0.0954 0.0895 
         197  1 0.1584 0.2425 0.3012 0.2979 
         198  1 0.5003 0.2499 0.1281 0.1216 
         199  1 0.1374 0.2412 0.3342 0.2872 
         200  1 0.1107 0.2044 0.3857 0.2992 
         201  1 0.1814 0.2255 0.2851 0.3080 
         202  1 0.1130 0.2740 0.3159 0.2971 
         203  1 0.2130 0.2665 0.2568 0.2637 
         204  1 0.1628 0.2195 0.2992 0.3186 
         205  1 0.1925 0.2570 0.2498 0.3007 
         206  1 0.2169 0.2764 0.2307 0.2759 
         207  1 0.1737 0.2880 0.2551 0.2832 
         208  1 0.5096 0.2569 0.1108 0.1227 
         209  1 0.1573 0.2837 0.2554 0.3035 
         210  1 0.1435 0.2631 0.2919 0.3015 
         211  1 0.5078 0.2580 0.1041 0.1301 
         212  1 0.5423 0.2557 0.0927 0.1093 
         213  1 0.2410 0.2150 0.2472 0.2968 
         214  1 0.1154 0.2323 0.3593 0.2931 
         215  1 0.1493 0.2437 0.3170 0.2900 
         216  1 0.5738 0.2658 0.0797 0.0808 
         217  1 0.2713 0.2363 0.2439 0.2486 
         218  1 0.2418 0.2690 0.2273 0.2619 
         219  1 0.1454 0.2346 0.2921 0.3279 
         220  1 0.1486 0.2902 0.2356 0.3256 
         221  1 0.2762 0.2785 0.2160 0.2293 
         222  1 0.1815 0.2547 0.2572 0.3066 
         223  1 0.1660 0.2271 0.3365 0.2704 
         224  1 0.1530 0.2198 0.3184 0.3088 
