           1  1 0.1179 0.1212 0.1165 0.1136 0.1216 0.1036 0.0776 0.1136 0.1143 
           2  1 0.1400 0.0902 0.1342 0.1339 0.1077 0.1058 0.0886 0.0919 0.1078 
           3  1 0.1169 0.1084 0.1144 0.1163 0.1196 0.1118 0.0871 0.1113 0.1143 
           4  1 0.1186 0.1015 0.1200 0.1205 0.1110 0.1115 0.1003 0.1001 0.1164 
           5  1 0.1153 0.1108 0.1109 0.1143 0.1174 0.1180 0.0869 0.1067 0.1196 
           6  1 0.1136 0.1205 0.1102 0.1144 0.1179 0.1138 0.0811 0.1100 0.1186 
           7  1 0.1068 0.1137 0.1148 0.1125 0.1110 0.1139 0.0813 0.1148 0.1312 
           8  1 0.1190 0.1115 0.1158 0.1170 0.1137 0.1125 0.0948 0.1092 0.1066 
           9  1 0.1137 0.1090 0.1153 0.1181 0.1136 0.1111 0.1005 0.1086 0.1100 
          10  1 0.1137 0.1212 0.1159 0.1166 0.1159 0.1153 0.0813 0.1094 0.1107 
          11  1 0.1143 0.1015 0.1162 0.1157 0.1077 0.1134 0.1144 0.1045 0.1123 
          12  1 0.1120 0.1169 0.1074 0.1085 0.1173 0.1004 0.1288 0.1021 0.1067 
          13  1 0.1135 0.0985 0.1231 0.1142 0.1093 0.1169 0.0919 0.0995 0.1331 
          14  1 0.0935 0.0858 0.0971 0.0929 0.0890 0.0901 0.2612 0.0871 0.1033 
          15  1 0.1149 0.1001 0.1130 0.1141 0.1093 0.1101 0.1262 0.1036 0.1086 
          16  1 0.1163 0.1113 0.1128 0.1148 0.1186 0.1138 0.0872 0.1102 0.1150 
          17  1 0.0986 0.0931 0.0958 0.0962 0.0968 0.0973 0.2326 0.0955 0.0942 
          18  1 0.1115 0.1120 0.1166 0.1138 0.1176 0.1158 0.0823 0.1116 0.1189 
          19  1 0.1050 0.0968 0.1163 0.1075 0.1143 0.1142 0.1005 0.1054 0.1401 
          20  1 0.1137 0.1100 0.1178 0.1134 0.1111 0.1125 0.0864 0.1095 0.1256 
          21  1 0.0925 0.0954 0.0922 0.0946 0.0907 0.0950 0.2567 0.0932 0.0897 
          22  1 0.1140 0.1051 0.1225 0.1150 0.1146 0.1154 0.0792 0.1039 0.1302 
          23  1 0.1155 0.1098 0.1183 0.1201 0.1130 0.1141 0.0814 0.1105 0.1173 
          24  1 0.1114 0.1169 0.1066 0.1066 0.1162 0.1156 0.0814 0.1246 0.1206 
          25  1 0.1166 0.1057 0.1170 0.1152 0.1239 0.1216 0.0843 0.1065 0.1091 
          26  1 0.1026 0.1227 0.1066 0.1055 0.1014 0.1272 0.0797 0.1439 0.1104 
          27  1 0.1198 0.1075 0.1174 0.1202 0.1112 0.1141 0.0885 0.1044 0.1169 
          28  1 0.1088 0.1182 0.1049 0.1075 0.1008 0.1231 0.0785 0.1498 0.1084 
          29  1 0.1174 0.0954 0.1173 0.1114 0.1046 0.1028 0.1445 0.0966 0.1099 
          30  1 0.1068 0.1161 0.1098 0.1112 0.1098 0.1137 0.0943 0.1250 0.1132 
          31  1 0.1174 0.1080 0.1149 0.1176 0.1166 0.1144 0.0917 0.1092 0.1101 
          32  1 0.1127 0.1073 0.1180 0.1158 0.1107 0.1174 0.0851 0.1068 0.1263 
          33  1 0.1094 0.1228 0.1098 0.1092 0.1101 0.1224 0.0771 0.1290 0.1100 
          34  1 0.1255 0.0949 0.1233 0.1246 0.1134 0.1071 0.0978 0.0999 0.1136 
          35  1 0.1297 0.1049 0.1247 0.1294 0.1104 0.1115 0.0760 0.1023 0.1111 
          36  1 0.1101 0.1119 0.1127 0.1110 0.1109 0.1133 0.0959 0.1181 0.1161 
          37  1 0.1100 0.1261 0.1076 0.1086 0.1061 0.1244 0.0816 0.1287 0.1069 
          38  1 0.1126 0.1104 0.1150 0.1143 0.1101 0.1128 0.1037 0.1055 0.1155 
          39  1 0.1172 0.1105 0.1128 0.1174 0.1092 0.1136 0.0899 0.1170 0.1124 
          40  1 0.0883 0.0871 0.0889 0.0884 0.0883 0.0896 0.2903 0.0895 0.0897 
          41  1 0.1184 0.1100 0.1176 0.1142 0.1131 0.1163 0.0849 0.1171 0.1083 
          42  1 0.1206 0.1118 0.1169 0.1192 0.1153 0.1156 0.0804 0.1118 0.1085 
          43  1 0.1169 0.1178 0.1179 0.1168 0.1080 0.1194 0.0753 0.1193 0.1086 
          44  1 0.1086 0.1185 0.1110 0.1102 0.1102 0.1165 0.0888 0.1222 0.1140 
          45  1 0.1155 0.1243 0.1094 0.1119 0.1207 0.1200 0.0733 0.1149 0.1099 
          46  1 0.1130 0.1134 0.1152 0.1161 0.1103 0.1156 0.0847 0.1159 0.1157 
          47  1 0.1112 0.1106 0.1146 0.1107 0.1143 0.1168 0.1016 0.1094 0.1107 
          48  1 0.1132 0.1156 0.1128 0.1132 0.1173 0.1123 0.0935 0.1085 0.1136 
          49  1 0.1118 0.1214 0.1106 0.1117 0.1145 0.1193 0.0743 0.1238 0.1126 
          50  1 0.1212 0.1103 0.1187 0.1181 0.1109 0.1104 0.0795 0.1132 0.1179 
          51  1 0.1049 0.1154 0.1067 0.1113 0.1020 0.1245 0.0825 0.1379 0.1148 
          52  1 0.1127 0.1086 0.1098 0.1120 0.1027 0.1119 0.1081 0.1203 0.1138 
          53  1 0.1130 0.1136 0.1159 0.1209 0.1205 0.1121 0.0811 0.1071 0.1159 
          54  1 0.1110 0.1073 0.1117 0.1202 0.1090 0.1216 0.0944 0.1102 0.1146 
          55  1 0.1081 0.1095 0.1107 0.1043 0.1052 0.1192 0.1098 0.1121 0.1213 
          56  1 0.1129 0.1179 0.1138 0.1147 0.1161 0.1228 0.0800 0.1129 0.1090 
          57  1 0.1183 0.1065 0.1129 0.1196 0.1143 0.1119 0.0925 0.1079 0.1161 
          58  1 0.1178 0.1022 0.1145 0.1135 0.1035 0.1106 0.1134 0.1083 0.1161 
          59  1 0.1129 0.1283 0.1117 0.1134 0.1164 0.1192 0.0747 0.1160 0.1073 
          60  1 0.1086 0.1200 0.1087 0.1090 0.1116 0.1143 0.1015 0.1120 0.1143 
          61  1 0.1032 0.1274 0.1035 0.1054 0.0998 0.1229 0.0789 0.1507 0.1082 
          62  1 0.1055 0.1383 0.1073 0.1092 0.1162 0.1223 0.0772 0.1179 0.1061 
          63  1 0.1107 0.1238 0.1124 0.1100 0.1107 0.1147 0.0795 0.1282 0.1100 
          64  1 0.0980 0.1006 0.0979 0.0942 0.1015 0.0960 0.2179 0.1002 0.0938 
          65  1 0.1180 0.1091 0.1148 0.1138 0.1122 0.1197 0.0803 0.1170 0.1152 
          66  1 0.1088 0.1327 0.1090 0.1131 0.1112 0.1220 0.0751 0.1186 0.1095 
          67  1 0.1159 0.1098 0.1187 0.1164 0.1267 0.1082 0.0752 0.1117 0.1173 
          68  1 0.1078 0.1156 0.1172 0.1075 0.1128 0.1148 0.0821 0.1193 0.1230 
          69  1 0.1221 0.1109 0.1195 0.1212 0.1142 0.1142 0.0772 0.1087 0.1119 
          70  1 0.0957 0.1387 0.0951 0.0990 0.1001 0.1253 0.0729 0.1678 0.1053 
          71  1 0.1139 0.1230 0.1074 0.1170 0.1181 0.1192 0.0783 0.1153 0.1077 
          72  1 0.1090 0.1013 0.1065 0.1064 0.1039 0.1040 0.1692 0.1022 0.0975 
          73  1 0.1255 0.1045 0.1253 0.1294 0.1131 0.1111 0.0845 0.1011 0.1054 
          74  1 0.1200 0.1123 0.1140 0.1182 0.1154 0.1107 0.0915 0.1063 0.1116 
          75  1 0.1174 0.1112 0.1158 0.1208 0.1221 0.1054 0.0869 0.1046 0.1158 
          76  1 0.1086 0.1292 0.1054 0.1095 0.1125 0.1212 0.0771 0.1255 0.1110 
          77  1 0.1118 0.1022 0.1186 0.1120 0.1107 0.1207 0.0849 0.1058 0.1332 
          78  1 0.1143 0.1147 0.1178 0.1145 0.1137 0.1141 0.0748 0.1200 0.1161 
          79  1 0.1171 0.1208 0.1141 0.1143 0.1075 0.1215 0.0781 0.1172 0.1094 
          80  1 0.1062 0.1290 0.1098 0.1072 0.1125 0.1191 0.0772 0.1260 0.1130 
          81  1 0.1088 0.1307 0.1045 0.1052 0.1234 0.1090 0.0839 0.1219 0.1126 
          82  1 0.0990 0.0893 0.1006 0.0954 0.0984 0.0959 0.2289 0.0915 0.1010 
          83  1 0.1200 0.1040 0.1206 0.1234 0.1135 0.1100 0.0938 0.1033 0.1114 
          84  1 0.0914 0.0900 0.0895 0.0893 0.0888 0.0935 0.2849 0.0865 0.0861 
          85  1 0.0973 0.1478 0.1012 0.1008 0.1161 0.1225 0.0842 0.1224 0.1077 
          86  1 0.1112 0.1139 0.1142 0.1144 0.1153 0.1084 0.0903 0.1135 0.1189 
          87  1 0.1118 0.1278 0.1102 0.1113 0.1108 0.1212 0.0793 0.1222 0.1054 
          88  1 0.1193 0.1158 0.1129 0.1151 0.1381 0.0989 0.0779 0.1117 0.1102 
          89  1 0.0871 0.1113 0.0901 0.0903 0.1037 0.0884 0.2379 0.0978 0.0934 
          90  1 0.1073 0.1294 0.1059 0.1109 0.1275 0.1081 0.0790 0.1175 0.1144 
          91  1 0.1111 0.1068 0.1187 0.1133 0.1185 0.1219 0.0845 0.1090 0.1161 
          92  1 0.1073 0.0969 0.1174 0.1086 0.1099 0.1077 0.1354 0.1003 0.1165 
          93  1 0.1059 0.1319 0.1045 0.1088 0.1147 0.1118 0.0884 0.1196 0.1144 
          94  1 0.1040 0.1396 0.1056 0.1025 0.1368 0.0995 0.0732 0.1276 0.1113 
          95  1 0.0981 0.1451 0.0960 0.0968 0.1335 0.1014 0.0762 0.1384 0.1146 
          96  1 0.1002 0.1460 0.0982 0.1043 0.1385 0.0991 0.0755 0.1304 0.1077 
          97  1 0.1094 0.1208 0.1083 0.1106 0.1228 0.1197 0.0814 0.1186 0.1084 
          98  1 0.1193 0.1185 0.1126 0.1174 0.1264 0.1062 0.0743 0.1101 0.1152 
          99  1 0.1042 0.1013 0.1095 0.1069 0.1041 0.1147 0.1295 0.0997 0.1300 
         100  1 0.0977 0.0957 0.1066 0.0989 0.1017 0.1043 0.1809 0.0953 0.1191 
         101  1 0.1008 0.1341 0.1024 0.1038 0.1106 0.1165 0.0861 0.1319 0.1138 
         102  1 0.1196 0.1009 0.1196 0.1213 0.1109 0.1160 0.0937 0.1005 0.1175 
         103  1 0.1093 0.1225 0.1092 0.1090 0.1100 0.1184 0.0879 0.1328 0.1009 
         104  1 0.1103 0.1338 0.1012 0.1088 0.1322 0.1040 0.0722 0.1256 0.1118 
         105  1 0.1083 0.1228 0.1100 0.1144 0.1133 0.1223 0.0863 0.1125 0.1102 
         106  1 0.1208 0.1013 0.1216 0.1251 0.1075 0.1109 0.0977 0.1011 0.1141 
         107  1 0.1097 0.1138 0.1112 0.1106 0.1079 0.1123 0.1021 0.1209 0.1115 
         108  1 0.1115 0.1113 0.1112 0.1137 0.1101 0.1106 0.1061 0.1161 0.1094 
         109  1 0.1077 0.1203 0.1063 0.1055 0.1167 0.1150 0.1001 0.1174 0.1110 
         110  1 0.1092 0.1116 0.1126 0.1114 0.1106 0.1088 0.1019 0.1083 0.1255 
         111  1 0.1046 0.1425 0.1003 0.0997 0.1353 0.0982 0.0816 0.1221 0.1158 
         112  1 0.1145 0.1155 0.1126 0.1137 0.1249 0.1085 0.0786 0.1097 0.1221 
         113  1 0.0928 0.0867 0.0957 0.0930 0.0903 0.0885 0.2770 0.0842 0.0918 
         114  1 0.1113 0.1239 0.1123 0.1155 0.1115 0.1199 0.0769 0.1144 0.1142 
         115  1 0.1162 0.1034 0.1133 0.1133 0.1171 0.1092 0.0988 0.1085 0.1202 
         116  1 0.1121 0.1106 0.1120 0.1154 0.1085 0.1187 0.0996 0.1120 0.1111 
         117  1 0.1156 0.1116 0.1142 0.1186 0.1156 0.1160 0.0773 0.1128 0.1183 
         118  1 0.1180 0.1153 0.1154 0.1189 0.1107 0.1163 0.0818 0.1156 0.1079 
         119  1 0.1119 0.1071 0.1140 0.1083 0.1090 0.1180 0.1066 0.1071 0.1179 
         120  1 0.1130 0.0974 0.1138 0.1094 0.1029 0.1126 0.1424 0.0955 0.1131 
         121  1 0.0774 0.0776 0.0801 0.0802 0.0777 0.0785 0.3685 0.0789 0.0811 
         122  1 0.1080 0.1233 0.1084 0.1069 0.1098 0.1177 0.0835 0.1275 0.1148 
         123  1 0.1048 0.0938 0.1036 0.1046 0.0970 0.1013 0.1979 0.0922 0.1047 
         124  1 0.1090 0.1251 0.1059 0.1076 0.1233 0.1059 0.0920 0.1183 0.1129 
         125  1 0.1137 0.1175 0.1140 0.1133 0.1226 0.1062 0.0941 0.1089 0.1099 
         126  1 0.1071 0.1292 0.1067 0.1043 0.1066 0.1265 0.0778 0.1382 0.1037 
         127  1 0.1129 0.1021 0.1175 0.1149 0.1122 0.1026 0.1277 0.0980 0.1121 
         128  1 0.1174 0.1115 0.1155 0.1144 0.1169 0.1167 0.0843 0.1112 0.1120 
         129  1 0.1095 0.1233 0.1129 0.1092 0.1180 0.1081 0.0944 0.1091 0.1155 
         130  1 0.1178 0.1128 0.1161 0.1210 0.1168 0.1202 0.0766 0.1091 0.1096 
         131  1 0.1199 0.1008 0.1195 0.1161 0.1109 0.1139 0.1046 0.1045 0.1100 
         132  1 0.1166 0.1108 0.1139 0.1177 0.1157 0.1181 0.0751 0.1164 0.1156 
         133  1 0.0899 0.0928 0.0853 0.0870 0.0897 0.0915 0.2849 0.0927 0.0863 
         134  1 0.1306 0.1057 0.1235 0.1279 0.1195 0.1063 0.0747 0.1026 0.1093 
         135  1 0.1328 0.0977 0.1255 0.1358 0.1094 0.1087 0.0793 0.0991 0.1115 
         136  1 0.1088 0.1054 0.1059 0.1073 0.1057 0.1057 0.1546 0.1018 0.1048 
         137  1 0.1133 0.1080 0.1153 0.1149 0.1093 0.1119 0.0939 0.1156 0.1178 
         138  1 0.1205 0.1156 0.1173 0.1182 0.1192 0.1141 0.0721 0.1179 0.1052 
         139  1 0.1174 0.1107 0.1162 0.1122 0.1106 0.1153 0.0898 0.1165 0.1112 
         140  1 0.1126 0.1204 0.1136 0.1111 0.1173 0.1138 0.0821 0.1203 0.1088 
         141  1 0.0913 0.0884 0.0902 0.0887 0.0884 0.0898 0.2858 0.0896 0.0878 
         142  1 0.1093 0.1154 0.1068 0.1093 0.1121 0.1120 0.1145 0.1084 0.1122 
         143  1 0.1097 0.1178 0.1079 0.1062 0.1134 0.1189 0.1091 0.1118 0.1052 
         144  1 0.1299 0.1015 0.1183 0.1259 0.1122 0.1131 0.0965 0.0988 0.1040 
         145  1 0.1083 0.1279 0.1068 0.1102 0.1270 0.1068 0.0740 0.1220 0.1170 
         146  1 0.1179 0.1090 0.1161 0.1169 0.1166 0.1141 0.0862 0.1127 0.1105 
         147  1 0.1112 0.1145 0.1136 0.1119 0.1155 0.1037 0.0830 0.1191 0.1274 
         148  1 0.1200 0.1025 0.1219 0.1205 0.1172 0.1211 0.0802 0.1048 0.1118 
         149  1 0.1117 0.1092 0.1170 0.1151 0.1092 0.1164 0.1005 0.1088 0.1121 
         150  1 0.1052 0.1122 0.1124 0.1067 0.1176 0.1161 0.0851 0.1135 0.1311 
         151  1 0.0973 0.0977 0.1125 0.1019 0.1108 0.1174 0.1222 0.1004 0.1397 
         152  1 0.1041 0.1341 0.0987 0.1021 0.1012 0.1313 0.0734 0.1560 0.0993 
         153  1 0.1058 0.0953 0.1168 0.1028 0.1135 0.1225 0.1125 0.0964 0.1344 
         154  1 0.1167 0.1049 0.1169 0.1157 0.1128 0.1084 0.1012 0.1042 0.1191 
         155  1 0.0987 0.0943 0.1008 0.1022 0.0926 0.0966 0.2222 0.0911 0.1016 
         156  1 0.1271 0.1113 0.1221 0.1230 0.1087 0.1078 0.0839 0.1051 0.1110 
         157  1 0.1233 0.1075 0.1197 0.1225 0.1155 0.1146 0.0825 0.1040 0.1104 
         158  1 0.1124 0.1141 0.1135 0.1114 0.1142 0.1170 0.0957 0.1119 0.1099 
         159  1 0.1144 0.1116 0.1122 0.1150 0.1143 0.1159 0.0917 0.1113 0.1136 
         160  1 0.1019 0.0867 0.0995 0.0986 0.0946 0.0930 0.2449 0.0879 0.0930 
         161  1 0.1244 0.1055 0.1227 0.1228 0.1102 0.1141 0.0869 0.1051 0.1083 
         162  1 0.1076 0.1029 0.1065 0.1053 0.1049 0.1152 0.1424 0.1033 0.1119 
         163  1 0.1058 0.1217 0.1103 0.1103 0.1183 0.1213 0.0908 0.1158 0.1056 
         164  1 0.1050 0.1363 0.1006 0.1023 0.1483 0.0924 0.0730 0.1241 0.1178 
         165  1 0.1132 0.1156 0.1147 0.1119 0.1156 0.1168 0.0841 0.1115 0.1165 
         166  1 0.0940 0.0875 0.0922 0.0938 0.0878 0.0925 0.2720 0.0885 0.0918 
         167  1 0.1000 0.1309 0.0993 0.1008 0.0996 0.1253 0.0951 0.1435 0.1054 
         168  1 0.1066 0.1154 0.1088 0.1068 0.1058 0.1154 0.1028 0.1270 0.1113 
         169  1 0.1146 0.1138 0.1125 0.1131 0.1128 0.1157 0.0916 0.1132 0.1128 
         170  1 0.0787 0.0814 0.0808 0.0799 0.0797 0.0803 0.3589 0.0792 0.0812 
         171  1 0.1177 0.1159 0.1190 0.1197 0.1106 0.1110 0.0811 0.1109 0.1140 
         172  1 0.1098 0.1217 0.1099 0.1083 0.1052 0.1248 0.0856 0.1223 0.1124 
         173  1 0.0883 0.0844 0.0903 0.0898 0.0868 0.0878 0.2939 0.0867 0.0920 
         174  1 0.1147 0.1092 0.1176 0.1134 0.1116 0.1193 0.0806 0.1141 0.1195 
         175  1 0.1109 0.1108 0.1163 0.1148 0.1113 0.1129 0.0785 0.1274 0.1171 
         176  1 0.1226 0.1037 0.1203 0.1203 0.1136 0.1162 0.0791 0.1128 0.1114 
         177  1 0.1078 0.1217 0.1094 0.1117 0.1075 0.1165 0.0877 0.1283 0.1093 
         178  1 0.1239 0.1000 0.1196 0.1201 0.1074 0.1135 0.0925 0.1121 0.1109 
         179  1 0.1064 0.1308 0.1034 0.1023 0.1050 0.1173 0.0839 0.1480 0.1028 
         180  1 0.1120 0.1125 0.1133 0.1101 0.1097 0.1141 0.0984 0.1143 0.1155 
         181  1 0.1167 0.1020 0.1171 0.1135 0.1111 0.1062 0.1194 0.1047 0.1092 
         182  1 0.1202 0.1177 0.1145 0.1118 0.1163 0.1094 0.0843 0.1098 0.1161 
         183  1 0.0863 0.0906 0.0870 0.0860 0.0873 0.0882 0.3027 0.0854 0.0864 
         184  1 0.1126 0.1152 0.1123 0.1099 0.1140 0.1130 0.0944 0.1172 0.1114 
         185  1 0.0916 0.0862 0.0938 0.0939 0.0910 0.0880 0.2769 0.0879 0.0907 
         186  1 0.0883 0.0885 0.0896 0.0864 0.0863 0.0909 0.2845 0.0927 0.0928 
         187  1 0.1181 0.1123 0.1155 0.1169 0.1169 0.1128 0.0822 0.1165 0.1087 
         188  1 0.1074 0.1142 0.1106 0.1095 0.1399 0.0995 0.0824 0.1120 0.1244 
         189  1 0.1085 0.1029 0.1179 0.1086 0.1117 0.1102 0.1050 0.1092 0.1259 
         190  1 0.1230 0.0973 0.1263 0.1227 0.1142 0.1130 0.0797 0.0991 0.1248 
         191  1 0.1169 0.1022 0.1211 0.1168 0.1149 0.1119 0.0904 0.1025 0.1232 
         192  1 0.1409 0.0974 0.1290 0.1271 0.1086 0.1070 0.0829 0.0944 0.1126 
         193  1 0.1149 0.1128 0.1169 0.1189 0.1188 0.1052 0.0822 0.1120 0.1183 
         194  1 0.1159 0.1057 0.1191 0.1172 0.1101 0.1134 0.0960 0.1089 0.1137 
         195  1 0.1106 0.1240 0.1070 0.1115 0.1202 0.1211 0.0861 0.1138 0.1056 
         196  1 0.0930 0.0937 0.0931 0.0943 0.0948 0.0900 0.2540 0.0941 0.0929 
         197  1 0.1139 0.1188 0.1106 0.1187 0.1142 0.1131 0.0819 0.1222 0.1068 
         198  1 0.1027 0.0974 0.1010 0.1037 0.1012 0.0957 0.2042 0.0982 0.0959 
         199  1 0.1157 0.1181 0.1115 0.1139 0.1143 0.1160 0.0829 0.1192 0.1084 
         200  1 0.1007 0.1449 0.1004 0.0984 0.1235 0.1054 0.0764 0.1341 0.1162 
         201  1 0.1175 0.1129 0.1162 0.1138 0.1134 0.1147 0.0786 0.1218 0.1111 
         202  1 0.1284 0.1040 0.1228 0.1242 0.1236 0.1105 0.0825 0.0991 0.1050 
         203  1 0.1117 0.1121 0.1130 0.1100 0.1045 0.1177 0.0919 0.1273 0.1118 
         204  1 0.1028 0.1311 0.1064 0.1053 0.1130 0.1210 0.0771 0.1283 0.1150 
         205  1 0.1133 0.1171 0.1109 0.1158 0.1133 0.1158 0.0816 0.1164 0.1157 
         206  1 0.1187 0.1098 0.1180 0.1140 0.1112 0.1157 0.0918 0.1095 0.1114 
         207  1 0.1206 0.1066 0.1259 0.1245 0.1096 0.1100 0.0895 0.1008 0.1125 
         208  1 0.0917 0.1017 0.0922 0.0930 0.0956 0.1023 0.2349 0.0966 0.0919 
         209  1 0.1239 0.1063 0.1198 0.1236 0.1176 0.1133 0.0790 0.1032 0.1134 
         210  1 0.1207 0.1085 0.1179 0.1202 0.1177 0.1173 0.0809 0.1094 0.1072 
         211  1 0.1025 0.0994 0.1023 0.1005 0.0987 0.1054 0.1959 0.0977 0.0976 
         212  1 0.1004 0.0924 0.0946 0.0963 0.0955 0.0969 0.2338 0.0920 0.0981 
         213  1 0.1090 0.1181 0.1079 0.1087 0.1084 0.1223 0.0889 0.1190 0.1177 
         214  1 0.1156 0.1229 0.1078 0.1097 0.1274 0.1133 0.0753 0.1205 0.1075 
         215  1 0.1206 0.1139 0.1175 0.1175 0.1153 0.1094 0.0779 0.1122 0.1158 
         216  1 0.0949 0.0859 0.0963 0.0939 0.0913 0.0909 0.2623 0.0875 0.0969 
         217  1 0.1056 0.1128 0.1089 0.1097 0.1049 0.1126 0.1120 0.1218 0.1117 
         218  1 0.1145 0.1072 0.1220 0.1156 0.1102 0.1111 0.0946 0.1025 0.1223 
         219  1 0.1261 0.1111 0.1154 0.1190 0.1056 0.1210 0.0748 0.1228 0.1043 
         220  1 0.1301 0.0990 0.1266 0.1282 0.1071 0.1113 0.0782 0.1148 0.1048 
         221  1 0.1148 0.1008 0.1215 0.1108 0.1068 0.1132 0.0989 0.1021 0.1310 
         222  1 0.1166 0.1166 0.1150 0.1169 0.1123 0.1203 0.0794 0.1092 0.1138 
         223  1 0.1101 0.1134 0.1132 0.1130 0.1276 0.1119 0.0873 0.1089 0.1146 
         224  1 0.1155 0.1255 0.1108 0.1107 0.1048 0.1166 0.0756 0.1345 0.1060 
