           1  1 0.1936 0.1552 0.0407 0.1318 0.1813 0.1692 0.1282 
           2  1 0.1244 0.1451 0.0609 0.1626 0.1085 0.2682 0.1303 
           3  1 0.1690 0.1426 0.0785 0.1447 0.1788 0.1552 0.1311 
           4  1 0.1484 0.1409 0.1117 0.1546 0.1460 0.1696 0.1288 
           5  1 0.1654 0.1521 0.0676 0.1664 0.1765 0.1429 0.1291 
           6  1 0.1743 0.1656 0.0514 0.1411 0.1606 0.1700 0.1370 
           7  1 0.1834 0.1452 0.0658 0.1314 0.1898 0.1428 0.1417 
           8  1 0.1453 0.1578 0.0835 0.1636 0.1292 0.1758 0.1447 
           9  1 0.1547 0.1510 0.0919 0.1542 0.1452 0.1599 0.1430 
          10  1 0.1445 0.1549 0.0533 0.1696 0.1378 0.1671 0.1727 
          11  1 0.1298 0.1290 0.1951 0.1456 0.1077 0.1532 0.1397 
          12  1 0.1626 0.1332 0.2105 0.1041 0.1735 0.1225 0.0937 
          13  1 0.1487 0.1434 0.0861 0.1719 0.1433 0.1766 0.1301 
          14  1 0.0615 0.0607 0.6260 0.0660 0.0626 0.0678 0.0553 
          15  1 0.1225 0.1318 0.2014 0.1457 0.1106 0.1621 0.1259 
          16  1 0.1640 0.1591 0.0705 0.1538 0.1519 0.1668 0.1338 
          17  1 0.0795 0.0803 0.5033 0.0872 0.0719 0.0860 0.0918 
          18  1 0.1627 0.1609 0.0547 0.1585 0.1637 0.1562 0.1433 
          19  1 0.1601 0.1338 0.1323 0.1492 0.1733 0.1421 0.1092 
          20  1 0.1884 0.1376 0.0728 0.1403 0.1896 0.1499 0.1214 
          21  1 0.0715 0.0772 0.5482 0.0761 0.0715 0.0754 0.0801 
          22  1 0.1577 0.1457 0.0560 0.1769 0.1553 0.1660 0.1425 
          23  1 0.1528 0.1472 0.0594 0.1696 0.1361 0.1646 0.1703 
          24  1 0.1831 0.1460 0.0510 0.1420 0.1653 0.1583 0.1543 
          25  1 0.1421 0.1597 0.0649 0.1487 0.1916 0.1652 0.1279 
          26  1 0.1250 0.1563 0.0425 0.1844 0.0950 0.1212 0.2756 
          27  1 0.1443 0.1594 0.0636 0.1633 0.1442 0.1635 0.1617 
          28  1 0.1230 0.1770 0.0342 0.1793 0.0891 0.1233 0.2741 
          29  1 0.1191 0.1244 0.2544 0.1470 0.0987 0.1467 0.1097 
          30  1 0.1546 0.1488 0.0808 0.1542 0.1392 0.1316 0.1907 
          31  1 0.1488 0.1641 0.0743 0.1600 0.1353 0.1769 0.1407 
          32  1 0.1517 0.1559 0.0643 0.1771 0.1286 0.1733 0.1491 
          33  1 0.1397 0.1763 0.0389 0.1648 0.1258 0.1457 0.2088 
          34  1 0.1392 0.1491 0.1197 0.1449 0.1192 0.1986 0.1292 
          35  1 0.1393 0.1576 0.0377 0.1791 0.1284 0.1955 0.1624 
          36  1 0.1373 0.1483 0.0944 0.1690 0.1302 0.1520 0.1687 
          37  1 0.1280 0.1590 0.0455 0.1784 0.1073 0.1454 0.2364 
          38  1 0.1377 0.1474 0.1231 0.1526 0.1266 0.1563 0.1563 
          39  1 0.1342 0.1561 0.0631 0.1766 0.1333 0.1532 0.1835 
          40  1 0.0546 0.0558 0.6641 0.0598 0.0498 0.0568 0.0592 
          41  1 0.1466 0.1630 0.0626 0.1726 0.1189 0.1700 0.1663 
          42  1 0.1620 0.1532 0.0464 0.1619 0.1475 0.1671 0.1620 
          43  1 0.1416 0.1651 0.0322 0.1750 0.1162 0.1653 0.2047 
          44  1 0.1491 0.1554 0.0730 0.1626 0.1479 0.1610 0.1510 
          45  1 0.1418 0.1767 0.0299 0.1720 0.1482 0.1555 0.1759 
          46  1 0.1478 0.1649 0.0595 0.1717 0.1268 0.1605 0.1688 
          47  1 0.1346 0.1622 0.1120 0.1693 0.1282 0.1465 0.1473 
          48  1 0.1655 0.1535 0.0872 0.1466 0.1694 0.1542 0.1236 
          49  1 0.1558 0.1702 0.0303 0.1610 0.1565 0.1459 0.1803 
          50  1 0.1650 0.1540 0.0490 0.1659 0.1404 0.1691 0.1565 
          51  1 0.1351 0.1573 0.0577 0.1603 0.1263 0.1316 0.2318 
          52  1 0.1332 0.1510 0.1166 0.1489 0.1336 0.1293 0.1873 
          53  1 0.1684 0.1631 0.0461 0.1560 0.1576 0.1595 0.1492 
          54  1 0.1377 0.1528 0.0989 0.1743 0.1125 0.1660 0.1578 
          55  1 0.1312 0.1399 0.1567 0.1411 0.1497 0.1288 0.1527 
          56  1 0.1555 0.1683 0.0473 0.1506 0.1592 0.1555 0.1637 
          57  1 0.1611 0.1444 0.0839 0.1551 0.1444 0.1660 0.1450 
          58  1 0.1312 0.1394 0.1412 0.1557 0.1168 0.1544 0.1613 
          59  1 0.1376 0.1765 0.0328 0.1800 0.1396 0.1627 0.1708 
          60  1 0.1363 0.1429 0.1171 0.1584 0.1349 0.1502 0.1603 
          61  1 0.1267 0.1685 0.0395 0.1851 0.0950 0.1181 0.2670 
          62  1 0.1418 0.1827 0.0376 0.1645 0.1551 0.1424 0.1758 
          63  1 0.1448 0.1690 0.0445 0.1624 0.1261 0.1417 0.2114 
          64  1 0.0890 0.0922 0.4523 0.0853 0.0958 0.0884 0.0971 
          65  1 0.1535 0.1606 0.0463 0.1731 0.1463 0.1595 0.1606 
          66  1 0.1416 0.1799 0.0309 0.1715 0.1416 0.1455 0.1891 
          67  1 0.1786 0.1693 0.0344 0.1487 0.1786 0.1549 0.1354 
          68  1 0.1630 0.1602 0.0578 0.1513 0.1814 0.1395 0.1469 
          69  1 0.1591 0.1586 0.0404 0.1653 0.1489 0.1784 0.1493 
          70  1 0.1278 0.1656 0.0236 0.1830 0.0958 0.1046 0.2997 
          71  1 0.1483 0.1697 0.0398 0.1596 0.1680 0.1661 0.1486 
          72  1 0.1066 0.1174 0.3051 0.1277 0.0962 0.1233 0.1238 
          73  1 0.1396 0.1583 0.0599 0.1723 0.1255 0.1912 0.1532 
          74  1 0.1717 0.1445 0.0805 0.1383 0.1627 0.1674 0.1349 
          75  1 0.1760 0.1520 0.0678 0.1434 0.1816 0.1516 0.1276 
          76  1 0.1477 0.1650 0.0388 0.1602 0.1397 0.1552 0.1935 
          77  1 0.1615 0.1447 0.0843 0.1589 0.1740 0.1479 0.1287 
          78  1 0.1628 0.1708 0.0321 0.1501 0.1428 0.1776 0.1638 
          79  1 0.1271 0.1700 0.0369 0.1799 0.1202 0.1583 0.2076 
          80  1 0.1659 0.1477 0.0361 0.1637 0.1466 0.1495 0.1903 
          81  1 0.1991 0.1644 0.0539 0.1161 0.2206 0.1248 0.1212 
          82  1 0.0863 0.0807 0.5076 0.0882 0.0838 0.0831 0.0704 
          83  1 0.1461 0.1452 0.1071 0.1589 0.1450 0.1762 0.1214 
          84  1 0.0528 0.0560 0.6678 0.0598 0.0562 0.0590 0.0485 
          85  1 0.1336 0.1821 0.0584 0.1557 0.1559 0.1349 0.1795 
          86  1 0.2021 0.1494 0.0679 0.1203 0.1945 0.1374 0.1285 
          87  1 0.1335 0.1680 0.0409 0.1686 0.1287 0.1558 0.2045 
          88  1 0.2104 0.1621 0.0375 0.1215 0.1990 0.1558 0.1137 
          89  1 0.1161 0.0880 0.4803 0.0571 0.1365 0.0602 0.0618 
          90  1 0.2256 0.1519 0.0410 0.1065 0.2369 0.1313 0.1068 
          91  1 0.1519 0.1751 0.0571 0.1681 0.1474 0.1606 0.1398 
          92  1 0.1222 0.1213 0.2529 0.1210 0.1302 0.1441 0.1083 
          93  1 0.1773 0.1481 0.0658 0.1348 0.1984 0.1350 0.1407 
          94  1 0.2354 0.1627 0.0259 0.0912 0.2719 0.1011 0.1118 
          95  1 0.2306 0.1642 0.0311 0.0861 0.2764 0.0927 0.1188 
          96  1 0.2379 0.1611 0.0283 0.0791 0.3034 0.0925 0.0978 
          97  1 0.1764 0.1601 0.0460 0.1244 0.2393 0.1331 0.1207 
          98  1 0.1999 0.1624 0.0314 0.1282 0.1856 0.1665 0.1260 
          99  1 0.1361 0.1119 0.2474 0.1249 0.1492 0.1238 0.1066 
         100  1 0.0943 0.1087 0.3768 0.1227 0.0995 0.1041 0.0939 
         101  1 0.1666 0.1441 0.0562 0.1476 0.1733 0.1276 0.1846 
         102  1 0.1466 0.1511 0.0846 0.1742 0.1378 0.1625 0.1433 
         103  1 0.1447 0.1489 0.0608 0.1685 0.1396 0.1314 0.2062 
         104  1 0.2199 0.1643 0.0242 0.1067 0.2286 0.1245 0.1319 
         105  1 0.1340 0.1648 0.0635 0.1756 0.1326 0.1529 0.1766 
         106  1 0.1417 0.1507 0.1120 0.1522 0.1411 0.1775 0.1249 
         107  1 0.1616 0.1453 0.1011 0.1459 0.1309 0.1538 0.1612 
         108  1 0.1354 0.1395 0.1136 0.1550 0.1346 0.1546 0.1673 
         109  1 0.1664 0.1609 0.1044 0.1167 0.2170 0.1164 0.1182 
         110  1 0.1681 0.1402 0.1213 0.1275 0.1809 0.1336 0.1284 
         111  1 0.2389 0.1572 0.0429 0.0910 0.2630 0.1060 0.1011 
         112  1 0.1976 0.1611 0.0381 0.1179 0.2424 0.1343 0.1086 
         113  1 0.0614 0.0613 0.6309 0.0622 0.0599 0.0681 0.0563 
         114  1 0.1373 0.1792 0.0363 0.1733 0.1413 0.1585 0.1741 
         115  1 0.1521 0.1506 0.1046 0.1541 0.1598 0.1461 0.1326 
         116  1 0.1346 0.1558 0.1153 0.1683 0.1254 0.1645 0.1360 
         117  1 0.1489 0.1622 0.0380 0.1692 0.1430 0.1815 0.1571 
         118  1 0.1401 0.1612 0.0440 0.1823 0.1348 0.1550 0.1825 
         119  1 0.1410 0.1344 0.1333 0.1529 0.1588 0.1386 0.1409 
         120  1 0.1056 0.1142 0.3235 0.1221 0.0994 0.1334 0.1019 
         121  1 0.0328 0.0325 0.8018 0.0343 0.0324 0.0331 0.0331 
         122  1 0.1343 0.1687 0.0545 0.1664 0.1313 0.1417 0.2031 
         123  1 0.0861 0.0952 0.4285 0.1010 0.0859 0.1094 0.0939 
         124  1 0.1895 0.1509 0.0757 0.1169 0.2207 0.1280 0.1183 
         125  1 0.1968 0.1485 0.0835 0.1226 0.1865 0.1423 0.1198 
         126  1 0.1298 0.1536 0.0354 0.1839 0.1123 0.1389 0.2461 
         127  1 0.1334 0.1201 0.2592 0.1205 0.1319 0.1377 0.0973 
         128  1 0.1610 0.1610 0.0611 0.1589 0.1512 0.1633 0.1435 
         129  1 0.1852 0.1468 0.0992 0.1185 0.2231 0.1198 0.1074 
         130  1 0.1547 0.1719 0.0382 0.1698 0.1412 0.1739 0.1503 
         131  1 0.1330 0.1401 0.1360 0.1520 0.1329 0.1705 0.1354 
         132  1 0.1425 0.1595 0.0348 0.1822 0.1382 0.1654 0.1774 
         133  1 0.0604 0.0611 0.6193 0.0726 0.0570 0.0630 0.0665 
         134  1 0.1677 0.1491 0.0329 0.1656 0.1579 0.2012 0.1256 
         135  1 0.1416 0.1575 0.0492 0.1640 0.1205 0.2189 0.1484 
         136  1 0.1165 0.1244 0.2688 0.1205 0.1384 0.1285 0.1028 
         137  1 0.1414 0.1454 0.1075 0.1566 0.1327 0.1521 0.1643 
         138  1 0.1549 0.1745 0.0241 0.1523 0.1810 0.1531 0.1601 
         139  1 0.1473 0.1493 0.0651 0.1651 0.1463 0.1524 0.1746 
         140  1 0.1588 0.1586 0.0522 0.1553 0.1463 0.1566 0.1723 
         141  1 0.0549 0.0584 0.6514 0.0639 0.0528 0.0600 0.0586 
         142  1 0.1311 0.1366 0.1652 0.1463 0.1322 0.1497 0.1388 
         143  1 0.1428 0.1464 0.1302 0.1471 0.1384 0.1421 0.1530 
         144  1 0.1313 0.1449 0.0896 0.1582 0.1276 0.2025 0.1460 
         145  1 0.2114 0.1581 0.0293 0.1159 0.2326 0.1255 0.1272 
         146  1 0.1705 0.1509 0.0656 0.1427 0.1730 0.1665 0.1308 
         147  1 0.1832 0.1605 0.0533 0.1346 0.1734 0.1463 0.1486 
         148  1 0.1512 0.1625 0.0559 0.1577 0.1430 0.1818 0.1480 
         149  1 0.1428 0.1434 0.1445 0.1484 0.1241 0.1517 0.1452 
         150  1 0.1700 0.1483 0.0754 0.1274 0.2583 0.1157 0.1050 
         151  1 0.1395 0.1159 0.2371 0.1264 0.1799 0.1069 0.0944 
         152  1 0.1076 0.1634 0.0259 0.2018 0.0891 0.1235 0.2886 
         153  1 0.1354 0.1278 0.1741 0.1497 0.1767 0.1346 0.1016 
         154  1 0.1477 0.1413 0.1194 0.1473 0.1496 0.1552 0.1395 
         155  1 0.0738 0.0922 0.4826 0.0930 0.0802 0.1045 0.0736 
         156  1 0.1673 0.1551 0.0548 0.1491 0.1557 0.1764 0.1415 
         157  1 0.1462 0.1583 0.0578 0.1630 0.1337 0.1972 0.1440 
         158  1 0.1485 0.1562 0.0821 0.1602 0.1468 0.1527 0.1534 
         159  1 0.1577 0.1561 0.0851 0.1551 0.1450 0.1516 0.1493 
         160  1 0.0700 0.0727 0.5624 0.0758 0.0701 0.0888 0.0603 
         161  1 0.1472 0.1575 0.0634 0.1580 0.1337 0.1797 0.1604 
         162  1 0.1287 0.1267 0.2193 0.1242 0.1785 0.1170 0.1056 
         163  1 0.1379 0.1528 0.0774 0.1691 0.1421 0.1444 0.1762 
         164  1 0.2536 0.1632 0.0252 0.0805 0.2985 0.0971 0.0820 
         165  1 0.1861 0.1510 0.0607 0.1211 0.2437 0.1337 0.1037 
         166  1 0.0611 0.0650 0.6132 0.0681 0.0622 0.0652 0.0653 
         167  1 0.1188 0.1552 0.0688 0.1796 0.1063 0.1213 0.2499 
         168  1 0.1294 0.1477 0.1279 0.1597 0.1084 0.1357 0.1912 
         169  1 0.1498 0.1529 0.0686 0.1608 0.1530 0.1563 0.1587 
         170  1 0.0376 0.0369 0.7808 0.0359 0.0406 0.0365 0.0317 
         171  1 0.1523 0.1580 0.0543 0.1575 0.1446 0.1654 0.1679 
         172  1 0.1425 0.1506 0.0635 0.1709 0.1269 0.1536 0.1920 
         173  1 0.0585 0.0537 0.6712 0.0574 0.0585 0.0553 0.0455 
         174  1 0.1693 0.1545 0.0503 0.1575 0.1692 0.1509 0.1483 
         175  1 0.1532 0.1537 0.0419 0.1715 0.1507 0.1339 0.1952 
         176  1 0.1392 0.1663 0.0432 0.1765 0.1275 0.1850 0.1623 
         177  1 0.1399 0.1494 0.0676 0.1708 0.1162 0.1453 0.2109 
         178  1 0.1449 0.1489 0.0775 0.1705 0.1271 0.1730 0.1580 
         179  1 0.1256 0.1571 0.0441 0.1808 0.1021 0.1171 0.2731 
         180  1 0.1401 0.1427 0.1063 0.1583 0.1354 0.1593 0.1579 
         181  1 0.1440 0.1300 0.2121 0.1197 0.1458 0.1443 0.1040 
         182  1 0.1696 0.1666 0.0553 0.1494 0.1546 0.1695 0.1351 
         183  1 0.0590 0.0532 0.6777 0.0536 0.0596 0.0522 0.0447 
         184  1 0.1814 0.1489 0.0815 0.1270 0.1993 0.1359 0.1260 
         185  1 0.0637 0.0608 0.6256 0.0640 0.0634 0.0674 0.0550 
         186  1 0.0637 0.0555 0.6417 0.0591 0.0593 0.0594 0.0613 
         187  1 0.1497 0.1709 0.0493 0.1617 0.1409 0.1699 0.1576 
         188  1 0.2103 0.1499 0.0569 0.1070 0.2521 0.1192 0.1046 
         189  1 0.1533 0.1336 0.1477 0.1517 0.1520 0.1371 0.1247 
         190  1 0.1354 0.1561 0.0488 0.1720 0.1499 0.1976 0.1403 
         191  1 0.1503 0.1439 0.1011 0.1548 0.1372 0.1775 0.1351 
         192  1 0.1372 0.1601 0.0547 0.1605 0.1268 0.2224 0.1384 
         193  1 0.1856 0.1480 0.0553 0.1407 0.1802 0.1505 0.1397 
         194  1 0.1434 0.1538 0.0983 0.1676 0.1319 0.1609 0.1442 
         195  1 0.1380 0.1687 0.0653 0.1654 0.1393 0.1646 0.1588 
         196  1 0.0814 0.0715 0.5677 0.0618 0.0847 0.0659 0.0671 
         197  1 0.1571 0.1579 0.0515 0.1582 0.1438 0.1514 0.1801 
         198  1 0.0971 0.0873 0.4560 0.0832 0.0934 0.0989 0.0841 
         199  1 0.1496 0.1674 0.0520 0.1576 0.1375 0.1643 0.1716 
         200  1 0.2165 0.1589 0.0370 0.0963 0.2635 0.1058 0.1220 
         201  1 0.1503 0.1669 0.0455 0.1680 0.1331 0.1449 0.1913 
         202  1 0.1438 0.1553 0.0528 0.1516 0.1602 0.2120 0.1243 
         203  1 0.1360 0.1596 0.0842 0.1829 0.1041 0.1399 0.1933 
         204  1 0.1501 0.1579 0.0389 0.1699 0.1311 0.1411 0.2110 
         205  1 0.1420 0.1656 0.0580 0.1924 0.1218 0.1578 0.1625 
         206  1 0.1372 0.1611 0.0760 0.1829 0.1285 0.1625 0.1517 
         207  1 0.1425 0.1509 0.0694 0.1584 0.1412 0.1958 0.1418 
         208  1 0.0764 0.0847 0.4915 0.0903 0.0819 0.0824 0.0928 
         209  1 0.1472 0.1559 0.0482 0.1773 0.1339 0.1862 0.1512 
         210  1 0.1556 0.1545 0.0489 0.1708 0.1502 0.1742 0.1458 
         211  1 0.0848 0.0942 0.4291 0.1008 0.0861 0.1022 0.1027 
         212  1 0.0709 0.0795 0.5222 0.0839 0.0742 0.0877 0.0816 
         213  1 0.1390 0.1480 0.0754 0.1758 0.1297 0.1433 0.1888 
         214  1 0.1752 0.1658 0.0323 0.1361 0.2154 0.1439 0.1313 
         215  1 0.1794 0.1539 0.0443 0.1443 0.1670 0.1673 0.1437 
         216  1 0.0712 0.0693 0.5880 0.0702 0.0695 0.0734 0.0584 
         217  1 0.1254 0.1363 0.1386 0.1491 0.1582 0.1263 0.1660 
         218  1 0.1482 0.1512 0.0976 0.1662 0.1343 0.1598 0.1427 
         219  1 0.1185 0.1613 0.0330 0.1826 0.0980 0.1788 0.2278 
         220  1 0.1292 0.1623 0.0405 0.1685 0.1183 0.2038 0.1774 
         221  1 0.1377 0.1415 0.1289 0.1581 0.1569 0.1489 0.1280 
         222  1 0.1388 0.1719 0.0465 0.1783 0.1310 0.1682 0.1652 
         223  1 0.1725 0.1478 0.0672 0.1211 0.2323 0.1415 0.1175 
         224  1 0.1328 0.1638 0.0300 0.1782 0.1168 0.1478 0.2307 
