           1  1 0.2032 0.2926 0.1205 0.2099 0.1739 
           2  1 0.2319 0.1209 0.1369 0.3796 0.1307 
           3  1 0.2113 0.2711 0.1375 0.1965 0.1837 
           4  1 0.1972 0.1723 0.1994 0.2240 0.2071 
           5  1 0.2270 0.2172 0.1594 0.2299 0.1665 
           6  1 0.2204 0.2442 0.1491 0.2146 0.1718 
           7  1 0.1945 0.2866 0.1490 0.1715 0.1983 
           8  1 0.2479 0.1687 0.1703 0.2644 0.1486 
           9  1 0.2166 0.2180 0.1680 0.2154 0.1820 
          10  1 0.2435 0.1767 0.1971 0.2558 0.1269 
          11  1 0.1729 0.1210 0.2587 0.1969 0.2506 
          12  1 0.1420 0.2591 0.1901 0.1513 0.2575 
          13  1 0.2129 0.1582 0.1720 0.2796 0.1774 
          14  1 0.0618 0.0557 0.3779 0.0688 0.4358 
          15  1 0.1886 0.1181 0.2484 0.2170 0.2278 
          16  1 0.2277 0.2024 0.1729 0.2271 0.1699 
          17  1 0.1114 0.0898 0.3286 0.1080 0.3621 
          18  1 0.2248 0.2406 0.1483 0.2322 0.1540 
          19  1 0.1835 0.1846 0.1901 0.2110 0.2307 
          20  1 0.1785 0.2769 0.1570 0.1771 0.2106 
          21  1 0.0930 0.0961 0.3387 0.0975 0.3747 
          22  1 0.2334 0.1812 0.1614 0.2617 0.1621 
          23  1 0.2327 0.2039 0.1580 0.2515 0.1540 
          24  1 0.2033 0.2753 0.1576 0.1781 0.1857 
          25  1 0.2195 0.2385 0.1408 0.2449 0.1563 
          26  1 0.2516 0.2191 0.2282 0.1840 0.1171 
          27  1 0.2498 0.1819 0.1788 0.2476 0.1419 
          28  1 0.2697 0.2086 0.2191 0.1974 0.1052 
          29  1 0.1643 0.1012 0.2533 0.2130 0.2683 
          30  1 0.2221 0.2416 0.1968 0.1812 0.1583 
          31  1 0.2431 0.1492 0.1869 0.2777 0.1431 
          32  1 0.2409 0.1544 0.2015 0.2503 0.1529 
          33  1 0.2598 0.1883 0.2174 0.2242 0.1103 
          34  1 0.1818 0.1384 0.2031 0.2738 0.2029 
          35  1 0.2573 0.1462 0.1630 0.3105 0.1229 
          36  1 0.2192 0.1940 0.2057 0.2025 0.1787 
          37  1 0.2652 0.1996 0.2148 0.2083 0.1121 
          38  1 0.2154 0.1580 0.2232 0.2234 0.1801 
          39  1 0.2479 0.1820 0.2019 0.2307 0.1375 
          40  1 0.0612 0.0534 0.3862 0.0597 0.4395 
          41  1 0.2489 0.1712 0.1855 0.2602 0.1342 
          42  1 0.2261 0.2525 0.1499 0.2233 0.1483 
          43  1 0.2630 0.1873 0.1919 0.2536 0.1042 
          44  1 0.2150 0.2150 0.1856 0.2236 0.1607 
          45  1 0.2691 0.1696 0.1913 0.2636 0.1064 
          46  1 0.2381 0.1899 0.2005 0.2346 0.1368 
          47  1 0.2331 0.1514 0.2143 0.2364 0.1648 
          48  1 0.1838 0.2663 0.1585 0.1844 0.2070 
          49  1 0.2470 0.2358 0.1636 0.2249 0.1287 
          50  1 0.2290 0.2132 0.1555 0.2516 0.1507 
          51  1 0.2437 0.2092 0.2097 0.2054 0.1320 
          52  1 0.2217 0.1920 0.2092 0.2024 0.1746 
          53  1 0.2282 0.2197 0.1486 0.2591 0.1444 
          54  1 0.2217 0.1508 0.2226 0.2295 0.1754 
          55  1 0.1869 0.1642 0.2258 0.1773 0.2457 
          56  1 0.2459 0.2179 0.1690 0.2317 0.1355 
          57  1 0.2156 0.2147 0.1697 0.2173 0.1827 
          58  1 0.2001 0.1530 0.2156 0.2273 0.2039 
          59  1 0.2621 0.1750 0.1882 0.2669 0.1077 
          60  1 0.2198 0.1725 0.2258 0.2124 0.1694 
          61  1 0.2547 0.2317 0.2170 0.1809 0.1156 
          62  1 0.2531 0.1962 0.2029 0.2329 0.1148 
          63  1 0.2355 0.2281 0.1937 0.2179 0.1248 
          64  1 0.1227 0.1411 0.2928 0.1101 0.3332 
          65  1 0.2499 0.1883 0.1696 0.2606 0.1316 
          66  1 0.2626 0.2006 0.1951 0.2291 0.1126 
          67  1 0.2245 0.2759 0.1264 0.2221 0.1510 
          68  1 0.2224 0.2457 0.1573 0.2193 0.1553 
          69  1 0.2384 0.2032 0.1476 0.2688 0.1419 
          70  1 0.2424 0.2763 0.2057 0.1596 0.1160 
          71  1 0.2424 0.2136 0.1524 0.2604 0.1312 
          72  1 0.1751 0.1145 0.2659 0.1810 0.2634 
          73  1 0.2492 0.1482 0.1834 0.2846 0.1345 
          74  1 0.2081 0.2298 0.1430 0.2234 0.1957 
          75  1 0.2124 0.2532 0.1414 0.2095 0.1836 
          76  1 0.2352 0.2437 0.1918 0.2078 0.1214 
          77  1 0.2059 0.1985 0.1720 0.2340 0.1895 
          78  1 0.2340 0.2602 0.1470 0.2170 0.1418 
          79  1 0.2572 0.1867 0.1975 0.2424 0.1162 
          80  1 0.2212 0.2727 0.1638 0.2005 0.1418 
          81  1 0.1941 0.3491 0.1220 0.1495 0.1853 
          82  1 0.0874 0.0908 0.3329 0.0986 0.3903 
          83  1 0.1977 0.2050 0.1667 0.2302 0.2003 
          84  1 0.0709 0.0527 0.3741 0.0745 0.4279 
          85  1 0.2531 0.1736 0.2183 0.2313 0.1236 
          86  1 0.2045 0.3252 0.1213 0.1596 0.1894 
          87  1 0.2528 0.2058 0.1971 0.2368 0.1075 
          88  1 0.1913 0.3473 0.1015 0.1842 0.1757 
          89  1 0.0888 0.2020 0.2789 0.0688 0.3614 
          90  1 0.1872 0.3668 0.1003 0.1477 0.1980 
          91  1 0.2607 0.1649 0.1823 0.2573 0.1348 
          92  1 0.1528 0.1382 0.2592 0.1648 0.2849 
          93  1 0.1975 0.3036 0.1490 0.1667 0.1832 
          94  1 0.1901 0.4133 0.0849 0.1209 0.1909 
          95  1 0.1814 0.4250 0.0908 0.1051 0.1978 
          96  1 0.1828 0.4503 0.0756 0.0972 0.1941 
          97  1 0.2062 0.3529 0.1099 0.1552 0.1759 
          98  1 0.1986 0.3210 0.1078 0.1950 0.1775 
          99  1 0.1417 0.1729 0.2495 0.1321 0.3038 
         100  1 0.1447 0.0958 0.2815 0.1570 0.3209 
         101  1 0.2153 0.3078 0.1749 0.1426 0.1595 
         102  1 0.2144 0.1524 0.1924 0.2730 0.1678 
         103  1 0.2368 0.2467 0.1793 0.1966 0.1407 
         104  1 0.1825 0.4040 0.0944 0.1323 0.1868 
         105  1 0.2557 0.1665 0.2128 0.2342 0.1308 
         106  1 0.2129 0.1603 0.1730 0.2672 0.1866 
         107  1 0.2019 0.2582 0.1742 0.1784 0.1872 
         108  1 0.2008 0.2197 0.1929 0.2021 0.1845 
         109  1 0.1909 0.2778 0.1561 0.1676 0.2076 
         110  1 0.1779 0.2494 0.1796 0.1762 0.2170 
         111  1 0.1749 0.4167 0.0914 0.1096 0.2074 
         112  1 0.1924 0.3606 0.1017 0.1685 0.1768 
         113  1 0.0747 0.0642 0.3581 0.0786 0.4245 
         114  1 0.2676 0.1830 0.1866 0.2512 0.1115 
         115  1 0.1907 0.2360 0.1812 0.1949 0.1972 
         116  1 0.2071 0.1521 0.2227 0.2384 0.1797 
         117  1 0.2526 0.2046 0.1546 0.2687 0.1195 
         118  1 0.2426 0.2013 0.1839 0.2472 0.1250 
         119  1 0.1930 0.1863 0.2043 0.2027 0.2138 
         120  1 0.1327 0.1068 0.2756 0.1559 0.3290 
         121  1 0.0388 0.0336 0.4161 0.0365 0.4751 
         122  1 0.2387 0.2233 0.2030 0.2016 0.1335 
         123  1 0.1211 0.0873 0.3140 0.1349 0.3427 
         124  1 0.1761 0.3543 0.1232 0.1345 0.2120 
         125  1 0.1932 0.3154 0.1316 0.1697 0.1900 
         126  1 0.2467 0.2447 0.2036 0.1910 0.1140 
         127  1 0.1505 0.1577 0.2211 0.1834 0.2873 
         128  1 0.2221 0.2373 0.1575 0.2232 0.1599 
         129  1 0.1747 0.2998 0.1453 0.1667 0.2135 
         130  1 0.2695 0.1702 0.1653 0.2786 0.1165 
         131  1 0.2111 0.1534 0.2039 0.2373 0.1943 
         132  1 0.2451 0.1837 0.1875 0.2608 0.1229 
         133  1 0.0790 0.0596 0.3729 0.0827 0.4058 
         134  1 0.2267 0.2082 0.1306 0.2795 0.1550 
         135  1 0.2402 0.1373 0.1545 0.3453 0.1226 
         136  1 0.1497 0.1892 0.2404 0.1503 0.2704 
         137  1 0.2074 0.1897 0.2039 0.2060 0.1930 
         138  1 0.2255 0.2753 0.1323 0.2239 0.1430 
         139  1 0.2404 0.2089 0.1676 0.2259 0.1572 
         140  1 0.2212 0.2399 0.1709 0.2125 0.1555 
         141  1 0.0690 0.0544 0.3743 0.0734 0.4289 
         142  1 0.1992 0.1430 0.2453 0.2077 0.2048 
         143  1 0.2071 0.2045 0.2105 0.1988 0.1790 
         144  1 0.2426 0.1356 0.1727 0.3077 0.1414 
         145  1 0.1950 0.3579 0.1115 0.1572 0.1785 
         146  1 0.2096 0.2760 0.1374 0.2017 0.1753 
         147  1 0.2070 0.2994 0.1397 0.1793 0.1746 
         148  1 0.2516 0.1710 0.1675 0.2736 0.1363 
         149  1 0.1967 0.1573 0.2144 0.2104 0.2213 
         150  1 0.1766 0.3022 0.1473 0.1708 0.2032 
         151  1 0.1416 0.1757 0.2388 0.1247 0.3192 
         152  1 0.2677 0.2267 0.2191 0.1917 0.0948 
         153  1 0.1670 0.1670 0.2171 0.1968 0.2522 
         154  1 0.2146 0.1985 0.1831 0.2175 0.1863 
         155  1 0.1027 0.0719 0.3289 0.1329 0.3636 
         156  1 0.2111 0.2123 0.1496 0.2663 0.1607 
         157  1 0.2444 0.1582 0.1641 0.2970 0.1363 
         158  1 0.2232 0.2237 0.1667 0.2229 0.1635 
         159  1 0.2243 0.1919 0.1874 0.2316 0.1648 
         160  1 0.0897 0.0682 0.3369 0.1081 0.3972 
         161  1 0.2307 0.1959 0.1709 0.2581 0.1444 
         162  1 0.1613 0.1897 0.2235 0.1638 0.2616 
         163  1 0.2344 0.1935 0.1995 0.2312 0.1414 
         164  1 0.1636 0.4539 0.0726 0.1057 0.2042 
         165  1 0.1878 0.3125 0.1262 0.1766 0.1968 
         166  1 0.0786 0.0749 0.3594 0.0798 0.4073 
         167  1 0.2364 0.2447 0.2207 0.1756 0.1227 
         168  1 0.2128 0.1718 0.2474 0.1842 0.1838 
         169  1 0.2323 0.2350 0.1643 0.2192 0.1491 
         170  1 0.0443 0.0488 0.3957 0.0413 0.4700 
         171  1 0.2373 0.2090 0.1753 0.2327 0.1457 
         172  1 0.2348 0.2128 0.2085 0.2061 0.1378 
         173  1 0.0645 0.0640 0.3573 0.0742 0.4399 
         174  1 0.2219 0.2637 0.1512 0.1970 0.1661 
         175  1 0.2470 0.2200 0.1704 0.2232 0.1394 
         176  1 0.2558 0.1765 0.1643 0.2784 0.1250 
         177  1 0.2374 0.2103 0.2146 0.1994 0.1382 
         178  1 0.2329 0.1705 0.1845 0.2611 0.1510 
         179  1 0.2488 0.2310 0.2272 0.1738 0.1191 
         180  1 0.2206 0.1773 0.2045 0.2133 0.1843 
         181  1 0.1562 0.1878 0.2207 0.1636 0.2717 
         182  1 0.2281 0.2257 0.1431 0.2344 0.1686 
         183  1 0.0701 0.0715 0.3579 0.0703 0.4302 
         184  1 0.2053 0.2746 0.1469 0.1728 0.2004 
         185  1 0.0710 0.0734 0.3617 0.0791 0.4148 
         186  1 0.0644 0.0761 0.3740 0.0570 0.4284 
         187  1 0.2490 0.1940 0.1657 0.2635 0.1278 
         188  1 0.1743 0.3746 0.1075 0.1376 0.2060 
         189  1 0.1869 0.1803 0.2081 0.1829 0.2418 
         190  1 0.2376 0.1596 0.1546 0.3087 0.1395 
         191  1 0.1907 0.1518 0.2075 0.2268 0.2233 
         192  1 0.2290 0.1528 0.1505 0.3277 0.1399 
         193  1 0.2167 0.2616 0.1333 0.2055 0.1829 
         194  1 0.2167 0.1663 0.1935 0.2356 0.1879 
         195  1 0.2646 0.1533 0.1847 0.2885 0.1088 
         196  1 0.0811 0.1080 0.3367 0.0711 0.4031 
         197  1 0.2403 0.2062 0.1834 0.2295 0.1407 
         198  1 0.1101 0.1325 0.2906 0.1171 0.3497 
         199  1 0.2381 0.2356 0.1643 0.2275 0.1346 
         200  1 0.1825 0.3928 0.1044 0.1269 0.1934 
         201  1 0.2582 0.2023 0.1831 0.2277 0.1287 
         202  1 0.2296 0.1998 0.1295 0.2926 0.1485 
         203  1 0.2338 0.1811 0.1974 0.2284 0.1593 
         204  1 0.2474 0.2255 0.2065 0.1982 0.1224 
         205  1 0.2614 0.1601 0.2077 0.2487 0.1222 
         206  1 0.2362 0.1444 0.2048 0.2651 0.1495 
         207  1 0.2279 0.1601 0.1678 0.2935 0.1507 
         208  1 0.1140 0.0832 0.3477 0.1050 0.3500 
         209  1 0.2254 0.1579 0.1818 0.2940 0.1409 
         210  1 0.2363 0.2093 0.1509 0.2599 0.1436 
         211  1 0.1286 0.0855 0.3308 0.1290 0.3261 
         212  1 0.1039 0.0828 0.3261 0.1116 0.3756 
         213  1 0.2339 0.1883 0.2150 0.2058 0.1570 
         214  1 0.2293 0.2908 0.1207 0.2065 0.1526 
         215  1 0.2060 0.2918 0.1186 0.2197 0.1638 
         216  1 0.0786 0.0783 0.3479 0.0841 0.4111 
         217  1 0.1989 0.2067 0.2050 0.1846 0.2048 
         218  1 0.2242 0.1541 0.1945 0.2494 0.1778 
         219  1 0.2528 0.1934 0.1810 0.2654 0.1074 
         220  1 0.2642 0.1519 0.1729 0.3053 0.1057 
         221  1 0.1930 0.1574 0.2050 0.2360 0.2086 
         222  1 0.2655 0.1499 0.1760 0.2913 0.1173 
         223  1 0.1904 0.3174 0.1180 0.1908 0.1834 
         224  1 0.2432 0.2397 0.1929 0.2059 0.1182 
