           1  1 0.1382 0.1653 0.1142 0.1359 0.1668 0.0347 0.1104 0.1344 
           2  1 0.1727 0.1533 0.0874 0.1514 0.0857 0.0587 0.1051 0.1857 
           3  1 0.1395 0.1481 0.1125 0.1335 0.1484 0.0617 0.1226 0.1339 
           4  1 0.1432 0.1414 0.1141 0.1323 0.1186 0.0918 0.1166 0.1420 
           5  1 0.1221 0.1327 0.1381 0.1294 0.1544 0.0561 0.1313 0.1360 
           6  1 0.1467 0.1534 0.1210 0.1335 0.1471 0.0435 0.1175 0.1372 
           7  1 0.1353 0.1382 0.1280 0.1307 0.1612 0.0478 0.1281 0.1307 
           8  1 0.1480 0.1447 0.1157 0.1313 0.1109 0.0719 0.1277 0.1499 
           9  1 0.1413 0.1334 0.1204 0.1366 0.1248 0.0830 0.1276 0.1331 
          10  1 0.1353 0.1375 0.1470 0.1553 0.1067 0.0464 0.1279 0.1440 
          11  1 0.1328 0.1195 0.1062 0.1362 0.0951 0.1495 0.1257 0.1350 
          12  1 0.1267 0.1299 0.1001 0.1104 0.1620 0.1758 0.0892 0.1058 
          13  1 0.1417 0.1432 0.1227 0.1334 0.1228 0.0669 0.1199 0.1494 
          14  1 0.0651 0.0634 0.0550 0.0645 0.0545 0.5628 0.0632 0.0715 
          15  1 0.1258 0.1295 0.1022 0.1270 0.0891 0.1688 0.1271 0.1304 
          16  1 0.1310 0.1433 0.1408 0.1311 0.1340 0.0577 0.1224 0.1397 
          17  1 0.0803 0.0792 0.0740 0.0761 0.0656 0.4621 0.0806 0.0820 
          18  1 0.1416 0.1385 0.1267 0.1441 0.1373 0.0426 0.1277 0.1414 
          19  1 0.1255 0.1229 0.1169 0.1291 0.1410 0.1131 0.1210 0.1305 
          20  1 0.1418 0.1480 0.1207 0.1321 0.1495 0.0586 0.1238 0.1256 
          21  1 0.0665 0.0670 0.0699 0.0672 0.0677 0.5213 0.0715 0.0690 
          22  1 0.1467 0.1473 0.1151 0.1408 0.1290 0.0430 0.1230 0.1551 
          23  1 0.1508 0.1491 0.1190 0.1344 0.1219 0.0476 0.1340 0.1434 
          24  1 0.1372 0.1405 0.1337 0.1357 0.1507 0.0437 0.1304 0.1279 
          25  1 0.1339 0.1267 0.1322 0.1341 0.1406 0.0556 0.1383 0.1386 
          26  1 0.1111 0.1011 0.1880 0.1293 0.1192 0.0343 0.1997 0.1172 
          27  1 0.1389 0.1336 0.1374 0.1362 0.1232 0.0579 0.1331 0.1398 
          28  1 0.1084 0.0917 0.1985 0.1360 0.1171 0.0287 0.2015 0.1182 
          29  1 0.1223 0.1166 0.0948 0.1270 0.0864 0.2235 0.0958 0.1335 
          30  1 0.1209 0.1242 0.1588 0.1311 0.1231 0.0782 0.1456 0.1180 
          31  1 0.1414 0.1261 0.1475 0.1383 0.1091 0.0647 0.1236 0.1493 
          32  1 0.1412 0.1248 0.1311 0.1473 0.1233 0.0524 0.1332 0.1468 
          33  1 0.1281 0.1151 0.1799 0.1413 0.1164 0.0310 0.1562 0.1320 
          34  1 0.1498 0.1510 0.1004 0.1409 0.0910 0.0910 0.1043 0.1716 
          35  1 0.1507 0.1427 0.1183 0.1478 0.1044 0.0311 0.1351 0.1698 
          36  1 0.1317 0.1233 0.1345 0.1351 0.1172 0.0842 0.1412 0.1328 
          37  1 0.1176 0.1112 0.1677 0.1290 0.1165 0.0410 0.1803 0.1367 
          38  1 0.1295 0.1279 0.1207 0.1379 0.1074 0.1092 0.1257 0.1418 
          39  1 0.1330 0.1225 0.1491 0.1333 0.1122 0.0575 0.1490 0.1435 
          40  1 0.0535 0.0512 0.0542 0.0547 0.0455 0.6280 0.0565 0.0563 
          41  1 0.1366 0.1308 0.1387 0.1399 0.1160 0.0527 0.1432 0.1421 
          42  1 0.1453 0.1471 0.1186 0.1347 0.1385 0.0388 0.1380 0.1390 
          43  1 0.1343 0.1241 0.1490 0.1393 0.1088 0.0255 0.1650 0.1539 
          44  1 0.1402 0.1307 0.1305 0.1347 0.1271 0.0574 0.1356 0.1437 
          45  1 0.1361 0.1162 0.1638 0.1452 0.1263 0.0246 0.1520 0.1357 
          46  1 0.1388 0.1318 0.1363 0.1381 0.1138 0.0539 0.1368 0.1505 
          47  1 0.1262 0.1173 0.1353 0.1351 0.1146 0.0948 0.1395 0.1370 
          48  1 0.1339 0.1477 0.1174 0.1305 0.1408 0.0787 0.1171 0.1338 
          49  1 0.1359 0.1257 0.1493 0.1429 0.1500 0.0250 0.1445 0.1267 
          50  1 0.1457 0.1370 0.1203 0.1450 0.1217 0.0392 0.1393 0.1518 
          51  1 0.1158 0.1148 0.1736 0.1417 0.1220 0.0469 0.1683 0.1168 
          52  1 0.1158 0.1143 0.1522 0.1246 0.1156 0.1034 0.1519 0.1223 
          53  1 0.1428 0.1528 0.1224 0.1457 0.1245 0.0398 0.1191 0.1529 
          54  1 0.1355 0.1385 0.1214 0.1454 0.1021 0.0797 0.1266 0.1508 
          55  1 0.1215 0.1193 0.1375 0.1195 0.1225 0.1344 0.1258 0.1196 
          56  1 0.1336 0.1295 0.1361 0.1429 0.1267 0.0398 0.1503 0.1410 
          57  1 0.1400 0.1381 0.1201 0.1322 0.1245 0.0699 0.1311 0.1442 
          58  1 0.1350 0.1179 0.1240 0.1247 0.1093 0.1169 0.1342 0.1379 
          59  1 0.1388 0.1229 0.1613 0.1542 0.1128 0.0278 0.1406 0.1416 
          60  1 0.1257 0.1242 0.1371 0.1343 0.1121 0.1008 0.1335 0.1323 
          61  1 0.1029 0.0947 0.1973 0.1245 0.1336 0.0342 0.1975 0.1153 
          62  1 0.1144 0.1100 0.1999 0.1379 0.1344 0.0319 0.1459 0.1256 
          63  1 0.1201 0.1142 0.1655 0.1361 0.1303 0.0388 0.1696 0.1255 
          64  1 0.0837 0.0855 0.0783 0.0832 0.0931 0.4050 0.0892 0.0820 
          65  1 0.1336 0.1266 0.1473 0.1386 0.1327 0.0375 0.1448 0.1389 
          66  1 0.1221 0.1111 0.1862 0.1398 0.1346 0.0261 0.1526 0.1275 
          67  1 0.1448 0.1537 0.1254 0.1367 0.1448 0.0286 0.1286 0.1375 
          68  1 0.1323 0.1341 0.1465 0.1333 0.1479 0.0443 0.1390 0.1228 
          69  1 0.1515 0.1436 0.1209 0.1429 0.1197 0.0333 0.1292 0.1590 
          70  1 0.0946 0.0843 0.2120 0.1241 0.1512 0.0208 0.2182 0.0949 
          71  1 0.1306 0.1351 0.1484 0.1428 0.1318 0.0348 0.1398 0.1366 
          72  1 0.1080 0.0967 0.1040 0.1132 0.0782 0.2679 0.1129 0.1191 
          73  1 0.1483 0.1354 0.1278 0.1367 0.1076 0.0520 0.1310 0.1612 
          74  1 0.1428 0.1545 0.1088 0.1297 0.1347 0.0679 0.1243 0.1374 
          75  1 0.1399 0.1574 0.1145 0.1281 0.1623 0.0591 0.1110 0.1278 
          76  1 0.1233 0.1248 0.1570 0.1356 0.1366 0.0332 0.1553 0.1341 
          77  1 0.1290 0.1295 0.1315 0.1389 0.1479 0.0646 0.1227 0.1359 
          78  1 0.1420 0.1447 0.1251 0.1369 0.1324 0.0286 0.1334 0.1568 
          79  1 0.1302 0.1163 0.1616 0.1389 0.1207 0.0328 0.1658 0.1337 
          80  1 0.1294 0.1345 0.1439 0.1372 0.1399 0.0343 0.1515 0.1294 
          81  1 0.1309 0.1521 0.1249 0.1273 0.2010 0.0461 0.1123 0.1054 
          82  1 0.0773 0.0824 0.0681 0.0730 0.0854 0.4647 0.0726 0.0766 
          83  1 0.1406 0.1476 0.1029 0.1411 0.1259 0.0807 0.1133 0.1479 
          84  1 0.0541 0.0519 0.0561 0.0556 0.0473 0.6216 0.0548 0.0585 
          85  1 0.1142 0.1008 0.2002 0.1416 0.1231 0.0513 0.1482 0.1205 
          86  1 0.1330 0.1611 0.1200 0.1285 0.1596 0.0612 0.1179 0.1185 
          87  1 0.1255 0.1148 0.1823 0.1368 0.1101 0.0349 0.1639 0.1316 
          88  1 0.1386 0.1782 0.1146 0.1295 0.1747 0.0340 0.1117 0.1186 
          89  1 0.0737 0.0882 0.0716 0.0680 0.1230 0.4670 0.0584 0.0501 
          90  1 0.1381 0.1740 0.1121 0.1181 0.2167 0.0351 0.1026 0.1033 
          91  1 0.1376 0.1263 0.1414 0.1468 0.1269 0.0496 0.1360 0.1355 
          92  1 0.1179 0.1195 0.1002 0.1165 0.1036 0.2097 0.1083 0.1242 
          93  1 0.1306 0.1448 0.1356 0.1288 0.1655 0.0588 0.1153 0.1206 
          94  1 0.1215 0.1742 0.1238 0.1145 0.2475 0.0220 0.1096 0.0869 
          95  1 0.1235 0.1756 0.1253 0.1161 0.2524 0.0267 0.1058 0.0747 
          96  1 0.1211 0.1758 0.1279 0.1150 0.2676 0.0251 0.0981 0.0695 
          97  1 0.1279 0.1447 0.1294 0.1248 0.1912 0.0414 0.1256 0.1150 
          98  1 0.1531 0.1700 0.1064 0.1359 0.1682 0.0270 0.1082 0.1312 
          99  1 0.1148 0.1166 0.1006 0.1150 0.1300 0.1962 0.1113 0.1155 
         100  1 0.1006 0.0857 0.1057 0.0987 0.0933 0.3238 0.0961 0.0962 
         101  1 0.1232 0.1203 0.1561 0.1305 0.1602 0.0495 0.1520 0.1082 
         102  1 0.1451 0.1365 0.1219 0.1329 0.1084 0.0743 0.1320 0.1488 
         103  1 0.1170 0.1190 0.1647 0.1295 0.1419 0.0547 0.1651 0.1081 
         104  1 0.1345 0.1729 0.1212 0.1275 0.2107 0.0209 0.1059 0.1065 
         105  1 0.1224 0.1184 0.1503 0.1465 0.1206 0.0523 0.1461 0.1435 
         106  1 0.1395 0.1377 0.1105 0.1367 0.1087 0.0884 0.1272 0.1512 
         107  1 0.1297 0.1356 0.1186 0.1269 0.1401 0.0865 0.1313 0.1313 
         108  1 0.1232 0.1201 0.1307 0.1283 0.1326 0.1048 0.1355 0.1247 
         109  1 0.1210 0.1349 0.1317 0.1267 0.1696 0.0870 0.1192 0.1099 
         110  1 0.1305 0.1307 0.1206 0.1276 0.1459 0.0982 0.1181 0.1284 
         111  1 0.1269 0.1783 0.1215 0.1101 0.2496 0.0388 0.0934 0.0813 
         112  1 0.1384 0.1627 0.1268 0.1279 0.1857 0.0346 0.1136 0.1103 
         113  1 0.0596 0.0591 0.0542 0.0596 0.0531 0.6001 0.0548 0.0595 
         114  1 0.1346 0.1274 0.1613 0.1434 0.1347 0.0321 0.1310 0.1355 
         115  1 0.1336 0.1394 0.1280 0.1232 0.1385 0.0846 0.1274 0.1254 
         116  1 0.1439 0.1306 0.1171 0.1368 0.1000 0.0952 0.1295 0.1469 
         117  1 0.1405 0.1375 0.1438 0.1378 0.1237 0.0329 0.1389 0.1449 
         118  1 0.1355 0.1289 0.1463 0.1361 0.1191 0.0401 0.1509 0.1431 
         119  1 0.1231 0.1229 0.1319 0.1255 0.1273 0.1142 0.1271 0.1280 
         120  1 0.1106 0.1067 0.0941 0.1062 0.0944 0.2669 0.0980 0.1230 
         121  1 0.0307 0.0295 0.0298 0.0314 0.0301 0.7815 0.0332 0.0337 
         122  1 0.1248 0.1171 0.1628 0.1348 0.1225 0.0493 0.1599 0.1286 
         123  1 0.0954 0.0982 0.0769 0.0902 0.0764 0.3657 0.0913 0.1058 
         124  1 0.1316 0.1572 0.1231 0.1196 0.1933 0.0618 0.1111 0.1023 
         125  1 0.1389 0.1592 0.1098 0.1227 0.1705 0.0756 0.1099 0.1134 
         126  1 0.1201 0.1087 0.1763 0.1327 0.1276 0.0292 0.1848 0.1206 
         127  1 0.1244 0.1307 0.0907 0.1116 0.1080 0.2156 0.0973 0.1218 
         128  1 0.1424 0.1446 0.1259 0.1334 0.1370 0.0509 0.1293 0.1366 
         129  1 0.1318 0.1401 0.1254 0.1145 0.1961 0.0812 0.1048 0.1061 
         130  1 0.1367 0.1438 0.1373 0.1512 0.1140 0.0326 0.1323 0.1521 
         131  1 0.1371 0.1323 0.1137 0.1367 0.1045 0.1120 0.1218 0.1419 
         132  1 0.1424 0.1296 0.1450 0.1480 0.1158 0.0277 0.1426 0.1490 
         133  1 0.0566 0.0603 0.0657 0.0605 0.0514 0.5848 0.0617 0.0590 
         134  1 0.1557 0.1655 0.1021 0.1406 0.1339 0.0285 0.1119 0.1619 
         135  1 0.1611 0.1551 0.0976 0.1427 0.0880 0.0401 0.1230 0.1925 
         136  1 0.1102 0.1109 0.1051 0.1106 0.1056 0.2442 0.1018 0.1115 
         137  1 0.1317 0.1277 0.1272 0.1355 0.1197 0.0821 0.1419 0.1342 
         138  1 0.1280 0.1520 0.1470 0.1384 0.1472 0.0206 0.1415 0.1253 
         139  1 0.1304 0.1382 0.1361 0.1286 0.1249 0.0605 0.1462 0.1352 
         140  1 0.1302 0.1463 0.1347 0.1342 0.1433 0.0452 0.1323 0.1339 
         141  1 0.0526 0.0498 0.0568 0.0532 0.0457 0.6281 0.0564 0.0573 
         142  1 0.1243 0.1204 0.1296 0.1331 0.1114 0.1260 0.1231 0.1321 
         143  1 0.1232 0.1258 0.1279 0.1268 0.1206 0.1207 0.1279 0.1271 
         144  1 0.1494 0.1382 0.1047 0.1418 0.0915 0.0816 0.1285 0.1643 
         145  1 0.1335 0.1628 0.1301 0.1251 0.1999 0.0253 0.1096 0.1138 
         146  1 0.1419 0.1468 0.1183 0.1333 0.1431 0.0558 0.1271 0.1337 
         147  1 0.1352 0.1475 0.1289 0.1367 0.1556 0.0441 0.1306 0.1215 
         148  1 0.1463 0.1323 0.1283 0.1386 0.1196 0.0442 0.1340 0.1567 
         149  1 0.1391 0.1350 0.1130 0.1336 0.1063 0.1091 0.1208 0.1431 
         150  1 0.1221 0.1330 0.1463 0.1253 0.1966 0.0558 0.1121 0.1088 
         151  1 0.1109 0.1114 0.1205 0.1144 0.1432 0.1787 0.1151 0.1058 
         152  1 0.0983 0.0955 0.2038 0.1262 0.1276 0.0221 0.2217 0.1047 
         153  1 0.1213 0.1144 0.1238 0.1177 0.1533 0.1365 0.1158 0.1172 
         154  1 0.1393 0.1426 0.1184 0.1311 0.1176 0.0944 0.1246 0.1320 
         155  1 0.0886 0.0824 0.0782 0.0851 0.0683 0.4304 0.0768 0.0902 
         156  1 0.1595 0.1532 0.1061 0.1321 0.1149 0.0472 0.1244 0.1626 
         157  1 0.1468 0.1400 0.1173 0.1451 0.1063 0.0508 0.1326 0.1612 
         158  1 0.1357 0.1320 0.1363 0.1308 0.1278 0.0798 0.1267 0.1310 
         159  1 0.1317 0.1336 0.1436 0.1360 0.1236 0.0727 0.1290 0.1296 
         160  1 0.0723 0.0730 0.0615 0.0704 0.0616 0.5177 0.0657 0.0779 
         161  1 0.1442 0.1401 0.1274 0.1421 0.1105 0.0548 0.1254 0.1556 
         162  1 0.1063 0.1109 0.1185 0.1087 0.1410 0.2001 0.1122 0.1021 
         163  1 0.1268 0.1219 0.1384 0.1396 0.1168 0.0638 0.1549 0.1377 
         164  1 0.1246 0.1878 0.1180 0.1137 0.2631 0.0228 0.0925 0.0775 
         165  1 0.1295 0.1567 0.1266 0.1200 0.1872 0.0540 0.1096 0.1165 
         166  1 0.0624 0.0598 0.0598 0.0601 0.0565 0.5784 0.0626 0.0604 
         167  1 0.1033 0.0927 0.1913 0.1185 0.1307 0.0626 0.1977 0.1031 
         168  1 0.1172 0.1090 0.1523 0.1327 0.1112 0.1111 0.1450 0.1216 
         169  1 0.1308 0.1358 0.1387 0.1281 0.1363 0.0632 0.1341 0.1330 
         170  1 0.0341 0.0330 0.0325 0.0334 0.0336 0.7700 0.0321 0.0312 
         171  1 0.1450 0.1343 0.1305 0.1372 0.1280 0.0484 0.1328 0.1439 
         172  1 0.1245 0.1180 0.1416 0.1386 0.1280 0.0527 0.1580 0.1386 
         173  1 0.0516 0.0506 0.0522 0.0506 0.0515 0.6434 0.0497 0.0504 
         174  1 0.1429 0.1363 0.1333 0.1315 0.1454 0.0421 0.1370 0.1315 
         175  1 0.1280 0.1210 0.1625 0.1334 0.1319 0.0349 0.1564 0.1319 
         176  1 0.1437 0.1336 0.1382 0.1420 0.1168 0.0363 0.1383 0.1511 
         177  1 0.1235 0.1137 0.1497 0.1330 0.1237 0.0568 0.1687 0.1308 
         178  1 0.1431 0.1316 0.1235 0.1407 0.1095 0.0700 0.1340 0.1476 
         179  1 0.0973 0.0911 0.2068 0.1244 0.1285 0.0443 0.2028 0.1048 
         180  1 0.1313 0.1344 0.1295 0.1342 0.1177 0.0872 0.1288 0.1369 
         181  1 0.1253 0.1308 0.0954 0.1194 0.1231 0.1732 0.1109 0.1218 
         182  1 0.1403 0.1537 0.1259 0.1326 0.1435 0.0480 0.1147 0.1412 
         183  1 0.0555 0.0533 0.0500 0.0501 0.0488 0.6467 0.0475 0.0481 
         184  1 0.1309 0.1473 0.1312 0.1290 0.1650 0.0737 0.1139 0.1091 
         185  1 0.0619 0.0636 0.0560 0.0590 0.0558 0.5868 0.0536 0.0634 
         186  1 0.0546 0.0547 0.0566 0.0565 0.0607 0.6049 0.0578 0.0543 
         187  1 0.1331 0.1306 0.1522 0.1416 0.1264 0.0430 0.1277 0.1453 
         188  1 0.1302 0.1668 0.1176 0.1192 0.2025 0.0479 0.1084 0.1073 
         189  1 0.1282 0.1267 0.1195 0.1266 0.1295 0.1238 0.1197 0.1260 
         190  1 0.1490 0.1433 0.1170 0.1421 0.1166 0.0427 0.1288 0.1606 
         191  1 0.1391 0.1448 0.1114 0.1436 0.1191 0.0752 0.1165 0.1505 
         192  1 0.1680 0.1606 0.0926 0.1421 0.1025 0.0475 0.1123 0.1744 
         193  1 0.1396 0.1517 0.1223 0.1361 0.1584 0.0439 0.1186 0.1295 
         194  1 0.1443 0.1419 0.1180 0.1349 0.1132 0.0778 0.1294 0.1405 
         195  1 0.1331 0.1088 0.1745 0.1382 0.1130 0.0533 0.1439 0.1352 
         196  1 0.0712 0.0739 0.0647 0.0671 0.0777 0.5258 0.0604 0.0592 
         197  1 0.1378 0.1312 0.1439 0.1407 0.1270 0.0444 0.1471 0.1280 
         198  1 0.0864 0.0876 0.0740 0.0880 0.0887 0.3994 0.0868 0.0892 
         199  1 0.1365 0.1383 0.1386 0.1326 0.1255 0.0441 0.1471 0.1374 
         200  1 0.1187 0.1509 0.1382 0.1245 0.2289 0.0304 0.1153 0.0931 
         201  1 0.1345 0.1265 0.1618 0.1346 0.1230 0.0379 0.1505 0.1313 
         202  1 0.1507 0.1567 0.1028 0.1378 0.1322 0.0471 0.1163 0.1564 
         203  1 0.1277 0.1209 0.1510 0.1327 0.1090 0.0677 0.1578 0.1332 
         204  1 0.1227 0.1244 0.1664 0.1357 0.1285 0.0304 0.1618 0.1301 
         205  1 0.1317 0.1225 0.1507 0.1480 0.1141 0.0492 0.1365 0.1472 
         206  1 0.1352 0.1247 0.1334 0.1442 0.1068 0.0650 0.1377 0.1530 
         207  1 0.1581 0.1464 0.1068 0.1364 0.1015 0.0612 0.1259 0.1637 
         208  1 0.0758 0.0710 0.0933 0.0782 0.0699 0.4506 0.0824 0.0788 
         209  1 0.1482 0.1419 0.1279 0.1499 0.1095 0.0374 0.1307 0.1545 
         210  1 0.1470 0.1360 0.1392 0.1281 0.1348 0.0398 0.1387 0.1364 
         211  1 0.0915 0.0863 0.0874 0.0949 0.0771 0.3721 0.0873 0.1034 
         212  1 0.0804 0.0721 0.0709 0.0788 0.0660 0.4739 0.0739 0.0841 
         213  1 0.1289 0.1194 0.1492 0.1380 0.1140 0.0618 0.1571 0.1317 
         214  1 0.1353 0.1576 0.1298 0.1354 0.1781 0.0272 0.1216 0.1149 
         215  1 0.1402 0.1529 0.1207 0.1380 0.1501 0.0367 0.1241 0.1373 
         216  1 0.0663 0.0676 0.0595 0.0662 0.0581 0.5524 0.0616 0.0684 
         217  1 0.1107 0.1088 0.1476 0.1181 0.1285 0.1209 0.1535 0.1119 
         218  1 0.1372 0.1368 0.1266 0.1420 0.1139 0.0796 0.1225 0.1415 
         219  1 0.1384 0.1260 0.1460 0.1369 0.1074 0.0280 0.1691 0.1482 
         220  1 0.1492 0.1404 0.1259 0.1479 0.0919 0.0326 0.1436 0.1685 
         221  1 0.1270 0.1209 0.1336 0.1299 0.1275 0.0972 0.1364 0.1276 
         222  1 0.1453 0.1240 0.1357 0.1556 0.1134 0.0427 0.1369 0.1464 
         223  1 0.1290 0.1273 0.1376 0.1278 0.1755 0.0577 0.1238 0.1213 
         224  1 0.1159 0.1100 0.1755 0.1375 0.1285 0.0283 0.1818 0.1224 
