           1  1 0.0714 0.3090 0.3047 0.3150 
           2  1 0.1100 0.4007 0.3468 0.1425 
           3  1 0.1900 0.2759 0.2709 0.2631 
           4  1 0.3010 0.2558 0.2473 0.1960 
           5  1 0.1674 0.2931 0.2814 0.2581 
           6  1 0.1151 0.3017 0.2885 0.2946 
           7  1 0.2704 0.2272 0.2335 0.2689 
           8  1 0.1402 0.3170 0.3174 0.2253 
           9  1 0.1824 0.2777 0.2740 0.2659 
          10  1 0.0894 0.3075 0.2944 0.3087 
          11  1 0.4333 0.2122 0.1951 0.1594 
          12  1 0.3866 0.2215 0.2165 0.1755 
          13  1 0.2878 0.2740 0.2713 0.1668 
          14  1 0.7974 0.0729 0.0726 0.0571 
          15  1 0.3622 0.2369 0.2297 0.1713 
          16  1 0.1549 0.2931 0.2766 0.2754 
          17  1 0.6300 0.1247 0.1207 0.1246 
          18  1 0.1395 0.2914 0.2972 0.2719 
          19  1 0.4110 0.2161 0.2166 0.1564 
          20  1 0.2930 0.2383 0.2324 0.2362 
          21  1 0.6374 0.1181 0.1166 0.1279 
          22  1 0.2290 0.2796 0.2862 0.2051 
          23  1 0.1469 0.3107 0.2995 0.2428 
          24  1 0.1293 0.2416 0.2568 0.3724 
          25  1 0.1650 0.2918 0.3027 0.2405 
          26  1 0.1064 0.2478 0.2560 0.3898 
          27  1 0.1133 0.3095 0.3034 0.2738 
          28  1 0.0661 0.2739 0.2842 0.3757 
          29  1 0.4534 0.2200 0.2033 0.1234 
          30  1 0.1396 0.2456 0.2532 0.3616 
          31  1 0.1513 0.3390 0.3025 0.2072 
          32  1 0.2158 0.2844 0.2717 0.2282 
          33  1 0.0805 0.2782 0.2985 0.3429 
          34  1 0.2981 0.2982 0.2631 0.1406 
          35  1 0.0731 0.3535 0.3236 0.2499 
          36  1 0.2330 0.2374 0.2391 0.2905 
          37  1 0.0707 0.2702 0.2917 0.3674 
          38  1 0.2350 0.2635 0.2541 0.2474 
          39  1 0.1167 0.2830 0.2914 0.3088 
          40  1 0.7887 0.0723 0.0720 0.0671 
          41  1 0.1384 0.2998 0.3039 0.2580 
          42  1 0.1069 0.2919 0.2896 0.3116 
          43  1 0.0621 0.3020 0.3005 0.3354 
          44  1 0.1649 0.2583 0.2524 0.3245 
          45  1 0.0523 0.3268 0.3182 0.3027 
          46  1 0.1238 0.2890 0.2853 0.3020 
          47  1 0.2323 0.2655 0.2697 0.2325 
          48  1 0.2095 0.2417 0.2540 0.2948 
          49  1 0.0633 0.2893 0.3068 0.3406 
          50  1 0.1330 0.3185 0.2972 0.2513 
          51  1 0.1551 0.2536 0.2607 0.3306 
          52  1 0.2208 0.2418 0.2522 0.2852 
          53  1 0.0877 0.3196 0.3192 0.2735 
          54  1 0.2637 0.2569 0.2614 0.2180 
          55  1 0.3924 0.1945 0.2058 0.2072 
          56  1 0.1098 0.2813 0.2988 0.3101 
          57  1 0.1988 0.2656 0.2788 0.2568 
          58  1 0.3385 0.2470 0.2378 0.1767 
          59  1 0.0613 0.3132 0.3110 0.3144 
          60  1 0.2212 0.2480 0.2584 0.2724 
          61  1 0.0811 0.2382 0.2643 0.4164 
          62  1 0.0641 0.2797 0.2802 0.3760 
          63  1 0.0925 0.2723 0.2646 0.3706 
          64  1 0.5513 0.1483 0.1419 0.1585 
          65  1 0.1276 0.3049 0.2966 0.2709 
          66  1 0.0520 0.2831 0.2914 0.3735 
          67  1 0.0848 0.3095 0.3149 0.2909 
          68  1 0.1649 0.2817 0.2761 0.2773 
          69  1 0.0915 0.3289 0.3017 0.2779 
          70  1 0.0387 0.2110 0.2389 0.5113 
          71  1 0.0758 0.3064 0.3045 0.3133 
          72  1 0.3960 0.2177 0.2097 0.1766 
          73  1 0.1178 0.3585 0.3083 0.2153 
          74  1 0.1581 0.3017 0.2817 0.2585 
          75  1 0.1565 0.3012 0.2901 0.2522 
          76  1 0.0744 0.2449 0.2620 0.4188 
          77  1 0.2976 0.2570 0.2549 0.1906 
          78  1 0.0689 0.2838 0.2963 0.3510 
          79  1 0.0711 0.2859 0.3102 0.3328 
          80  1 0.0703 0.2520 0.2686 0.4092 
          81  1 0.1122 0.2680 0.2732 0.3465 
          82  1 0.7181 0.1024 0.0943 0.0851 
          83  1 0.2491 0.2803 0.2710 0.1996 
          84  1 0.7428 0.0957 0.0910 0.0706 
          85  1 0.1044 0.2599 0.2803 0.3554 
          86  1 0.1531 0.2650 0.2751 0.3069 
          87  1 0.0635 0.2978 0.2980 0.3407 
          88  1 0.0644 0.3313 0.3432 0.2611 
          89  1 0.6416 0.1078 0.1125 0.1381 
          90  1 0.0829 0.2923 0.2995 0.3254 
          91  1 0.1433 0.3039 0.3168 0.2360 
          92  1 0.5067 0.1801 0.1759 0.1373 
          93  1 0.1494 0.2541 0.2667 0.3297 
          94  1 0.0639 0.2783 0.3012 0.3567 
          95  1 0.0647 0.2520 0.2783 0.4051 
          96  1 0.0709 0.2696 0.2911 0.3684 
          97  1 0.1168 0.2647 0.2854 0.3332 
          98  1 0.0621 0.3250 0.3133 0.2997 
          99  1 0.5481 0.1531 0.1600 0.1388 
         100  1 0.5857 0.1486 0.1537 0.1119 
         101  1 0.1170 0.2105 0.2377 0.4348 
         102  1 0.2241 0.2938 0.2841 0.1980 
         103  1 0.1046 0.2518 0.2775 0.3661 
         104  1 0.0413 0.2918 0.2922 0.3747 
         105  1 0.1370 0.2644 0.2847 0.3138 
         106  1 0.2201 0.3179 0.2784 0.1836 
         107  1 0.1602 0.2568 0.2467 0.3364 
         108  1 0.2117 0.2454 0.2395 0.3034 
         109  1 0.2629 0.2372 0.2373 0.2626 
         110  1 0.3207 0.2229 0.2317 0.2247 
         111  1 0.1102 0.2660 0.2924 0.3314 
         112  1 0.1138 0.2947 0.3071 0.2845 
         113  1 0.7577 0.0869 0.0864 0.0690 
         114  1 0.0795 0.2913 0.3061 0.3230 
         115  1 0.2562 0.2528 0.2627 0.2283 
         116  1 0.2187 0.2717 0.2636 0.2460 
         117  1 0.0845 0.3204 0.3139 0.2812 
         118  1 0.0831 0.2870 0.3080 0.3219 
         119  1 0.3362 0.2253 0.2203 0.2182 
         120  1 0.5854 0.1517 0.1517 0.1112 
         121  1 0.8670 0.0448 0.0447 0.0435 
         122  1 0.1227 0.2462 0.2525 0.3786 
         123  1 0.5813 0.1523 0.1548 0.1116 
         124  1 0.1854 0.2441 0.2698 0.3007 
         125  1 0.1434 0.2764 0.2897 0.2905 
         126  1 0.0637 0.2439 0.2720 0.4205 
         127  1 0.4673 0.2006 0.1945 0.1376 
         128  1 0.1377 0.2833 0.2852 0.2938 
         129  1 0.2659 0.2368 0.2564 0.2408 
         130  1 0.0753 0.3394 0.3248 0.2605 
         131  1 0.2568 0.2719 0.2583 0.2130 
         132  1 0.0878 0.2934 0.2886 0.3302 
         133  1 0.6865 0.1038 0.1079 0.1018 
         134  1 0.0655 0.3573 0.3328 0.2444 
         135  1 0.0967 0.3878 0.3447 0.1708 
         136  1 0.4101 0.1905 0.1977 0.2017 
         137  1 0.2922 0.2347 0.2376 0.2355 
         138  1 0.0422 0.3103 0.3154 0.3321 
         139  1 0.1361 0.2785 0.2718 0.3136 
         140  1 0.1147 0.2734 0.2641 0.3478 
         141  1 0.7545 0.0852 0.0840 0.0764 
         142  1 0.2968 0.2274 0.2342 0.2416 
         143  1 0.1948 0.2578 0.2558 0.2915 
         144  1 0.1308 0.3546 0.3339 0.1807 
         145  1 0.0667 0.2886 0.3009 0.3438 
         146  1 0.1440 0.2735 0.2827 0.2999 
         147  1 0.1427 0.2759 0.2736 0.3078 
         148  1 0.1325 0.3279 0.3096 0.2300 
         149  1 0.3268 0.2468 0.2344 0.1921 
         150  1 0.3240 0.2276 0.2482 0.2002 
         151  1 0.6233 0.1225 0.1419 0.1123 
         152  1 0.0423 0.2532 0.2824 0.4221 
         153  1 0.4888 0.1855 0.1907 0.1350 
         154  1 0.2464 0.2718 0.2616 0.2202 
         155  1 0.6452 0.1405 0.1306 0.0837 
         156  1 0.1010 0.3399 0.3167 0.2424 
         157  1 0.1115 0.3456 0.3272 0.2157 
         158  1 0.1549 0.2784 0.2716 0.2951 
         159  1 0.1648 0.2907 0.2809 0.2637 
         160  1 0.7066 0.1141 0.1045 0.0748 
         161  1 0.1000 0.3394 0.3001 0.2605 
         162  1 0.4226 0.1967 0.1962 0.1846 
         163  1 0.1280 0.2627 0.2775 0.3319 
         164  1 0.0571 0.2917 0.3171 0.3341 
         165  1 0.2198 0.2594 0.2741 0.2466 
         166  1 0.7317 0.0913 0.0884 0.0886 
         167  1 0.1076 0.2361 0.2447 0.4116 
         168  1 0.2768 0.2190 0.2234 0.2808 
         169  1 0.1314 0.2767 0.2803 0.3115 
         170  1 0.8485 0.0516 0.0498 0.0501 
         171  1 0.1090 0.2924 0.2827 0.3159 
         172  1 0.1528 0.2537 0.2396 0.3538 
         173  1 0.7785 0.0815 0.0773 0.0627 
         174  1 0.1529 0.2695 0.2734 0.3043 
         175  1 0.1136 0.2925 0.2890 0.3049 
         176  1 0.0874 0.3375 0.3166 0.2585 
         177  1 0.1231 0.2543 0.2586 0.3639 
         178  1 0.1899 0.3001 0.2807 0.2293 
         179  1 0.0761 0.2469 0.2528 0.4242 
         180  1 0.2423 0.2526 0.2413 0.2638 
         181  1 0.4572 0.1926 0.1971 0.1530 
         182  1 0.1033 0.3081 0.2995 0.2892 
         183  1 0.7547 0.0845 0.0856 0.0752 
         184  1 0.1702 0.2497 0.2666 0.3134 
         185  1 0.7264 0.0964 0.0947 0.0825 
         186  1 0.7832 0.0703 0.0680 0.0785 
         187  1 0.0923 0.3171 0.3123 0.2783 
         188  1 0.1994 0.2511 0.2905 0.2590 
         189  1 0.3981 0.2146 0.2140 0.1733 
         190  1 0.1741 0.3305 0.3211 0.1743 
         191  1 0.3320 0.2531 0.2428 0.1721 
         192  1 0.1054 0.4013 0.3378 0.1555 
         193  1 0.1539 0.2840 0.2756 0.2865 
         194  1 0.2503 0.2686 0.2626 0.2184 
         195  1 0.0981 0.3246 0.3187 0.2586 
         196  1 0.7135 0.0925 0.0949 0.0992 
         197  1 0.0922 0.2918 0.2856 0.3304 
         198  1 0.5907 0.1454 0.1359 0.1280 
         199  1 0.0845 0.2669 0.2805 0.3682 
         200  1 0.0938 0.2485 0.2787 0.3790 
         201  1 0.0983 0.2729 0.2926 0.3363 
         202  1 0.0937 0.3801 0.3337 0.1925 
         203  1 0.1818 0.2816 0.2757 0.2609 
         204  1 0.0771 0.2566 0.2616 0.4047 
         205  1 0.1287 0.3020 0.3011 0.2681 
         206  1 0.1662 0.2904 0.2858 0.2576 
         207  1 0.1439 0.3333 0.3144 0.2083 
         208  1 0.6037 0.1327 0.1288 0.1349 
         209  1 0.1309 0.3315 0.3121 0.2254 
         210  1 0.1139 0.3069 0.3101 0.2691 
         211  1 0.5726 0.1474 0.1426 0.1374 
         212  1 0.6675 0.1181 0.1157 0.0987 
         213  1 0.1847 0.2457 0.2540 0.3156 
         214  1 0.0682 0.3029 0.3186 0.3103 
         215  1 0.1093 0.2963 0.3006 0.2939 
         216  1 0.7434 0.0916 0.0928 0.0722 
         217  1 0.3239 0.2131 0.2182 0.2448 
         218  1 0.2501 0.2781 0.2637 0.2081 
         219  1 0.0578 0.3215 0.3036 0.3170 
         220  1 0.0687 0.3647 0.3318 0.2347 
         221  1 0.3620 0.2291 0.2274 0.1814 
         222  1 0.0952 0.3300 0.3197 0.2551 
         223  1 0.2030 0.2616 0.2840 0.2514 
         224  1 0.0493 0.2696 0.2781 0.4031 
