           1  1 0.2237 0.0521 0.1828 0.1840 0.1630 0.1944 
           2  1 0.1940 0.0821 0.1531 0.2424 0.2023 0.1261 
           3  1 0.2105 0.0914 0.1769 0.1832 0.1560 0.1820 
           4  1 0.1695 0.1579 0.1652 0.1827 0.1726 0.1520 
           5  1 0.1775 0.0854 0.1969 0.1771 0.1854 0.1776 
           6  1 0.2044 0.0700 0.1680 0.1915 0.1822 0.1840 
           7  1 0.1838 0.0947 0.2047 0.1729 0.1613 0.1826 
           8  1 0.1736 0.0974 0.1595 0.2016 0.1986 0.1694 
           9  1 0.1884 0.1098 0.1672 0.1852 0.1782 0.1711 
          10  1 0.1712 0.0675 0.1683 0.1846 0.2092 0.1993 
          11  1 0.1480 0.2538 0.1405 0.1638 0.1585 0.1354 
          12  1 0.1781 0.2229 0.1738 0.1444 0.1235 0.1572 
          13  1 0.1657 0.1236 0.1745 0.1917 0.2068 0.1377 
          14  1 0.0609 0.6751 0.0629 0.0690 0.0725 0.0596 
          15  1 0.1348 0.2349 0.1370 0.1845 0.1810 0.1277 
          16  1 0.1735 0.0944 0.1777 0.1925 0.1860 0.1759 
          17  1 0.0886 0.5340 0.0835 0.0976 0.0971 0.0993 
          18  1 0.1885 0.0685 0.1883 0.1934 0.1776 0.1836 
          19  1 0.1550 0.1889 0.1728 0.1799 0.1583 0.1451 
          20  1 0.1891 0.1047 0.1927 0.1699 0.1635 0.1802 
          21  1 0.0833 0.5674 0.0873 0.0846 0.0873 0.0901 
          22  1 0.1810 0.0801 0.1772 0.2029 0.1956 0.1632 
          23  1 0.1785 0.0780 0.1801 0.2050 0.1871 0.1714 
          24  1 0.2100 0.0715 0.1729 0.1719 0.1631 0.2105 
          25  1 0.1946 0.0800 0.1916 0.2005 0.1768 0.1566 
          26  1 0.1648 0.0521 0.2042 0.1395 0.2105 0.2289 
          27  1 0.1750 0.0798 0.1599 0.2007 0.1881 0.1966 
          28  1 0.1675 0.0403 0.2139 0.1503 0.2148 0.2132 
          29  1 0.1274 0.3257 0.1214 0.1577 0.1519 0.1159 
          30  1 0.1776 0.1014 0.1754 0.1602 0.1828 0.2026 
          31  1 0.1715 0.1000 0.1577 0.2067 0.1924 0.1716 
          32  1 0.1612 0.0962 0.1702 0.1988 0.2014 0.1721 
          33  1 0.1537 0.0515 0.1789 0.1777 0.2064 0.2318 
          34  1 0.1698 0.1719 0.1529 0.1989 0.1841 0.1223 
          35  1 0.1797 0.0464 0.1666 0.2130 0.2260 0.1683 
          36  1 0.1696 0.1235 0.1779 0.1664 0.1858 0.1768 
          37  1 0.1604 0.0526 0.1823 0.1752 0.2063 0.2233 
          38  1 0.1520 0.1573 0.1642 0.1758 0.1798 0.1708 
          39  1 0.1516 0.0808 0.1717 0.1892 0.2071 0.1997 
          40  1 0.0555 0.7020 0.0609 0.0582 0.0638 0.0596 
          41  1 0.1707 0.0808 0.1743 0.1942 0.2102 0.1698 
          42  1 0.1996 0.0566 0.2014 0.1862 0.1793 0.1769 
          43  1 0.1756 0.0388 0.1769 0.1934 0.2184 0.1970 
          44  1 0.1733 0.0919 0.1831 0.1828 0.1924 0.1766 
          45  1 0.1658 0.0351 0.1754 0.1981 0.2196 0.2062 
          46  1 0.1810 0.0805 0.1753 0.1823 0.1924 0.1885 
          47  1 0.1527 0.1375 0.1587 0.1837 0.1912 0.1763 
          48  1 0.1889 0.1181 0.1707 0.1799 0.1591 0.1833 
          49  1 0.1832 0.0372 0.1909 0.1848 0.1902 0.2138 
          50  1 0.1933 0.0638 0.1897 0.1864 0.1993 0.1674 
          51  1 0.1700 0.0715 0.1967 0.1643 0.1983 0.1993 
          52  1 0.1786 0.1370 0.1849 0.1521 0.1832 0.1642 
          53  1 0.1903 0.0593 0.1762 0.2045 0.1877 0.1820 
          54  1 0.1644 0.1329 0.1581 0.1741 0.1992 0.1713 
          55  1 0.1541 0.2194 0.1600 0.1478 0.1589 0.1599 
          56  1 0.1918 0.0566 0.1854 0.1874 0.1806 0.1982 
          57  1 0.1807 0.1140 0.1786 0.1845 0.1749 0.1674 
          58  1 0.1637 0.1898 0.1589 0.1656 0.1787 0.1432 
          59  1 0.1603 0.0392 0.1837 0.2076 0.2041 0.2050 
          60  1 0.1541 0.1512 0.1689 0.1698 0.1849 0.1712 
          61  1 0.1792 0.0484 0.2160 0.1391 0.1991 0.2183 
          62  1 0.1501 0.0457 0.1879 0.1881 0.1922 0.2362 
          63  1 0.1813 0.0563 0.2071 0.1728 0.1900 0.1925 
          64  1 0.1132 0.4633 0.1143 0.1039 0.0983 0.1070 
          65  1 0.1865 0.0615 0.1911 0.1902 0.1929 0.1778 
          66  1 0.1549 0.0364 0.1828 0.1903 0.2072 0.2284 
          67  1 0.2067 0.0448 0.2020 0.1878 0.1777 0.1810 
          68  1 0.1879 0.0769 0.2050 0.1757 0.1808 0.1737 
          69  1 0.1865 0.0528 0.1788 0.2089 0.1922 0.1809 
          70  1 0.1751 0.0279 0.2281 0.1293 0.2042 0.2354 
          71  1 0.1776 0.0503 0.1836 0.2024 0.1888 0.1972 
          72  1 0.1312 0.3302 0.1185 0.1422 0.1474 0.1306 
          73  1 0.1704 0.0755 0.1500 0.2167 0.2049 0.1824 
          74  1 0.2035 0.1060 0.1789 0.1841 0.1633 0.1643 
          75  1 0.2094 0.0909 0.1904 0.1753 0.1589 0.1750 
          76  1 0.1842 0.0465 0.1950 0.1780 0.1886 0.2077 
          77  1 0.1733 0.1182 0.1895 0.1809 0.1829 0.1552 
          78  1 0.1935 0.0410 0.1927 0.2002 0.1877 0.1850 
          79  1 0.1670 0.0469 0.2032 0.1774 0.2137 0.1917 
          80  1 0.1965 0.0441 0.1871 0.1670 0.1782 0.2271 
          81  1 0.2195 0.0601 0.2104 0.1646 0.1375 0.2078 
          82  1 0.0890 0.5663 0.0843 0.0892 0.0885 0.0827 
          83  1 0.1843 0.1355 0.1613 0.1929 0.1774 0.1486 
          84  1 0.0597 0.6839 0.0557 0.0717 0.0650 0.0640 
          85  1 0.1459 0.0690 0.1881 0.1848 0.1904 0.2218 
          86  1 0.2120 0.0824 0.2221 0.1554 0.1548 0.1733 
          87  1 0.1584 0.0476 0.1883 0.1898 0.2003 0.2156 
          88  1 0.2302 0.0434 0.1928 0.1971 0.1548 0.1818 
          89  1 0.1296 0.4909 0.1213 0.0806 0.0629 0.1146 
          90  1 0.2370 0.0488 0.2045 0.1695 0.1255 0.2146 
          91  1 0.1511 0.0752 0.1705 0.2134 0.2094 0.1804 
          92  1 0.1374 0.3068 0.1317 0.1469 0.1490 0.1282 
          93  1 0.2031 0.0817 0.1864 0.1669 0.1571 0.2048 
          94  1 0.2405 0.0306 0.2518 0.1470 0.1221 0.2081 
          95  1 0.2381 0.0352 0.2314 0.1467 0.1171 0.2315 
          96  1 0.2540 0.0324 0.2488 0.1355 0.1069 0.2224 
          97  1 0.2225 0.0526 0.2116 0.1577 0.1441 0.2115 
          98  1 0.2280 0.0382 0.1966 0.1948 0.1524 0.1899 
          99  1 0.1515 0.3109 0.1429 0.1332 0.1281 0.1335 
         100  1 0.0974 0.4217 0.1067 0.1305 0.1291 0.1146 
         101  1 0.1886 0.0659 0.1946 0.1615 0.1704 0.2189 
         102  1 0.1595 0.1211 0.1652 0.1978 0.1957 0.1607 
         103  1 0.1860 0.0690 0.2079 0.1565 0.1821 0.1985 
         104  1 0.2370 0.0294 0.1947 0.1779 0.1386 0.2225 
         105  1 0.1530 0.0806 0.1714 0.1838 0.2132 0.1979 
         106  1 0.1628 0.1459 0.1441 0.2145 0.1877 0.1451 
         107  1 0.1919 0.1141 0.1802 0.1608 0.1603 0.1927 
         108  1 0.1720 0.1391 0.1717 0.1675 0.1750 0.1747 
         109  1 0.1940 0.1349 0.2049 0.1478 0.1440 0.1744 
         110  1 0.1739 0.1588 0.1913 0.1669 0.1539 0.1552 
         111  1 0.2534 0.0495 0.2202 0.1511 0.1171 0.2086 
         112  1 0.2133 0.0534 0.2258 0.1654 0.1516 0.1905 
         113  1 0.0681 0.6595 0.0650 0.0697 0.0743 0.0634 
         114  1 0.1578 0.0449 0.1737 0.1941 0.2141 0.2154 
         115  1 0.1686 0.1443 0.1742 0.1744 0.1697 0.1687 
         116  1 0.1625 0.1477 0.1519 0.1910 0.1924 0.1547 
         117  1 0.1792 0.0471 0.1727 0.2100 0.2054 0.1857 
         118  1 0.1854 0.0531 0.1899 0.1741 0.2010 0.1965 
         119  1 0.1590 0.1811 0.1723 0.1556 0.1723 0.1598 
         120  1 0.1201 0.3815 0.1150 0.1345 0.1365 0.1123 
         121  1 0.0353 0.8187 0.0356 0.0352 0.0377 0.0375 
         122  1 0.1674 0.0710 0.1910 0.1765 0.1990 0.1951 
         123  1 0.1025 0.4616 0.0979 0.1216 0.1209 0.0955 
         124  1 0.2249 0.0866 0.2110 0.1535 0.1246 0.1994 
         125  1 0.2086 0.0929 0.1909 0.1758 0.1466 0.1852 
         126  1 0.1711 0.0417 0.2091 0.1542 0.1969 0.2269 
         127  1 0.1497 0.2905 0.1370 0.1515 0.1455 0.1258 
         128  1 0.1789 0.0745 0.1873 0.1878 0.1916 0.1799 
         129  1 0.2159 0.1174 0.2004 0.1522 0.1367 0.1774 
         130  1 0.1790 0.0456 0.1663 0.2229 0.1948 0.1914 
         131  1 0.1663 0.1713 0.1509 0.1841 0.1781 0.1493 
         132  1 0.1764 0.0440 0.1721 0.1973 0.2116 0.1986 
         133  1 0.0659 0.6431 0.0697 0.0720 0.0750 0.0743 
         134  1 0.2152 0.0404 0.1786 0.2122 0.1920 0.1616 
         135  1 0.1871 0.0655 0.1525 0.2411 0.2074 0.1464 
         136  1 0.1382 0.2989 0.1515 0.1392 0.1368 0.1356 
         137  1 0.1759 0.1480 0.1707 0.1676 0.1721 0.1657 
         138  1 0.2019 0.0279 0.1906 0.1823 0.1874 0.2099 
         139  1 0.1808 0.0845 0.1653 0.1752 0.2042 0.1900 
         140  1 0.1890 0.0652 0.1865 0.1762 0.1830 0.2001 
         141  1 0.0619 0.6761 0.0606 0.0675 0.0717 0.0622 
         142  1 0.1467 0.2073 0.1519 0.1564 0.1671 0.1705 
         143  1 0.1620 0.1534 0.1657 0.1657 0.1707 0.1825 
         144  1 0.1706 0.1071 0.1519 0.2102 0.2091 0.1511 
         145  1 0.2147 0.0359 0.2149 0.1803 0.1490 0.2052 
         146  1 0.2146 0.0757 0.1923 0.1772 0.1697 0.1706 
         147  1 0.1983 0.0707 0.2194 0.1731 0.1657 0.1729 
         148  1 0.1766 0.0681 0.1654 0.2175 0.2022 0.1703 
         149  1 0.1568 0.1867 0.1513 0.1769 0.1741 0.1541 
         150  1 0.1851 0.1070 0.2345 0.1555 0.1572 0.1608 
         151  1 0.1267 0.3132 0.1685 0.1238 0.1422 0.1257 
         152  1 0.1707 0.0286 0.2043 0.1373 0.2147 0.2443 
         153  1 0.1397 0.2382 0.1803 0.1528 0.1586 0.1304 
         154  1 0.1761 0.1451 0.1620 0.1830 0.1733 0.1605 
         155  1 0.0828 0.5315 0.0905 0.1066 0.1052 0.0833 
         156  1 0.2051 0.0648 0.1659 0.2081 0.1854 0.1707 
         157  1 0.1884 0.0754 0.1656 0.2127 0.1952 0.1625 
         158  1 0.1857 0.1026 0.1754 0.1751 0.1742 0.1869 
         159  1 0.1686 0.1012 0.1746 0.1879 0.1821 0.1856 
         160  1 0.0783 0.5919 0.0732 0.0944 0.0874 0.0749 
         161  1 0.1878 0.0709 0.1715 0.1986 0.1886 0.1825 
         162  1 0.1519 0.2588 0.1760 0.1360 0.1420 0.1352 
         163  1 0.1721 0.0903 0.1848 0.1832 0.1814 0.1881 
         164  1 0.2549 0.0312 0.2428 0.1512 0.1087 0.2112 
         165  1 0.2028 0.0802 0.2266 0.1674 0.1495 0.1736 
         166  1 0.0730 0.6446 0.0701 0.0693 0.0711 0.0719 
         167  1 0.1704 0.0732 0.2040 0.1383 0.1977 0.2164 
         168  1 0.1570 0.1636 0.1678 0.1547 0.1775 0.1793 
         169  1 0.1766 0.0865 0.1916 0.1772 0.1807 0.1874 
         170  1 0.0433 0.7988 0.0403 0.0396 0.0399 0.0380 
         171  1 0.1851 0.0712 0.1720 0.1963 0.1920 0.1835 
         172  1 0.1684 0.0790 0.1882 0.1726 0.1867 0.2051 
         173  1 0.0635 0.6905 0.0584 0.0640 0.0632 0.0605 
         174  1 0.1916 0.0685 0.2005 0.1709 0.1790 0.1896 
         175  1 0.1807 0.0573 0.1900 0.1777 0.1985 0.1958 
         176  1 0.1723 0.0508 0.1733 0.2052 0.2218 0.1766 
         177  1 0.1771 0.0847 0.1864 0.1606 0.1851 0.2061 
         178  1 0.1676 0.1093 0.1748 0.1916 0.1968 0.1599 
         179  1 0.1697 0.0551 0.1983 0.1389 0.2039 0.2340 
         180  1 0.1672 0.1370 0.1622 0.1763 0.1869 0.1705 
         181  1 0.1630 0.2603 0.1489 0.1569 0.1398 0.1311 
         182  1 0.2100 0.0740 0.1598 0.1912 0.1759 0.1891 
         183  1 0.0610 0.6854 0.0606 0.0677 0.0607 0.0645 
         184  1 0.2035 0.0964 0.1835 0.1687 0.1572 0.1906 
         185  1 0.0676 0.6595 0.0656 0.0704 0.0714 0.0655 
         186  1 0.0683 0.6754 0.0664 0.0611 0.0596 0.0691 
         187  1 0.1724 0.0586 0.1787 0.2001 0.2028 0.1873 
         188  1 0.2151 0.0797 0.2194 0.1682 0.1324 0.1852 
         189  1 0.1629 0.2057 0.1739 0.1547 0.1631 0.1397 
         190  1 0.1708 0.0689 0.1725 0.2348 0.1992 0.1538 
         191  1 0.1640 0.1584 0.1484 0.1984 0.1778 0.1531 
         192  1 0.1974 0.0720 0.1582 0.2258 0.2051 0.1414 
         193  1 0.2154 0.0718 0.1879 0.1840 0.1629 0.1779 
         194  1 0.1605 0.1273 0.1661 0.1883 0.1858 0.1721 
         195  1 0.1489 0.0697 0.1665 0.2079 0.2101 0.1969 
         196  1 0.0906 0.5927 0.0837 0.0754 0.0740 0.0836 
         197  1 0.1837 0.0663 0.1770 0.1871 0.2030 0.1828 
         198  1 0.1103 0.4825 0.1026 0.1105 0.1014 0.0927 
         199  1 0.1984 0.0609 0.1866 0.1797 0.1891 0.1854 
         200  1 0.2255 0.0416 0.2282 0.1577 0.1247 0.2224 
         201  1 0.1691 0.0591 0.1862 0.1814 0.2072 0.1970 
         202  1 0.2103 0.0622 0.1610 0.2218 0.1969 0.1478 
         203  1 0.1719 0.1096 0.1791 0.1675 0.1952 0.1766 
         204  1 0.1775 0.0450 0.1950 0.1708 0.1883 0.2234 
         205  1 0.1541 0.0738 0.1610 0.2000 0.2110 0.2001 
         206  1 0.1520 0.1018 0.1579 0.2001 0.2044 0.1838 
         207  1 0.1801 0.0925 0.1638 0.2161 0.1898 0.1577 
         208  1 0.0854 0.5178 0.0936 0.0972 0.1026 0.1033 
         209  1 0.1736 0.0671 0.1688 0.2062 0.2188 0.1656 
         210  1 0.1888 0.0592 0.1923 0.1944 0.1936 0.1717 
         211  1 0.0969 0.4656 0.0983 0.1149 0.1134 0.1110 
         212  1 0.0901 0.5585 0.0792 0.0935 0.0987 0.0801 
         213  1 0.1641 0.1043 0.1633 0.1675 0.1961 0.2047 
         214  1 0.2216 0.0403 0.1967 0.1749 0.1640 0.2025 
         215  1 0.2028 0.0603 0.1953 0.1951 0.1690 0.1774 
         216  1 0.0725 0.6304 0.0726 0.0804 0.0793 0.0648 
         217  1 0.1687 0.1793 0.1862 0.1436 0.1582 0.1640 
         218  1 0.1526 0.1351 0.1648 0.1974 0.1854 0.1647 
         219  1 0.1917 0.0398 0.1800 0.1857 0.2148 0.1880 
         220  1 0.1823 0.0470 0.1734 0.2176 0.2182 0.1615 
         221  1 0.1623 0.1725 0.1731 0.1734 0.1818 0.1369 
         222  1 0.1497 0.0605 0.1598 0.2221 0.2243 0.1836 
         223  1 0.2099 0.0837 0.2070 0.1678 0.1560 0.1757 
         224  1 0.1880 0.0362 0.1997 0.1645 0.2026 0.2090 
