           1  1 0.1075 0.1029 0.1214 0.1066 0.0305 0.1038 0.1082 0.1157 0.1136 0.0898 
           2  1 0.1070 0.1090 0.0688 0.0805 0.0433 0.1131 0.1031 0.1670 0.1276 0.0806 
           3  1 0.1121 0.0990 0.0940 0.1132 0.0480 0.1150 0.0999 0.1133 0.1116 0.0939 
           4  1 0.1072 0.1112 0.0819 0.0979 0.0695 0.1163 0.0939 0.1117 0.1121 0.0985 
           5  1 0.1043 0.1059 0.0950 0.1154 0.0430 0.1059 0.0961 0.1067 0.0997 0.1280 
           6  1 0.1068 0.1072 0.1086 0.1043 0.0337 0.1097 0.1043 0.1157 0.1157 0.0940 
           7  1 0.1121 0.1164 0.0979 0.1123 0.0343 0.1028 0.1063 0.0997 0.1012 0.1169 
           8  1 0.1038 0.0998 0.0960 0.0997 0.0591 0.1123 0.1000 0.1197 0.1139 0.0956 
           9  1 0.1069 0.1061 0.0965 0.0996 0.0669 0.1033 0.1031 0.1133 0.1073 0.0969 
          10  1 0.1244 0.1086 0.1035 0.1056 0.0380 0.1041 0.1002 0.1146 0.1124 0.0888 
          11  1 0.1103 0.1018 0.0838 0.0945 0.0996 0.1029 0.0976 0.1067 0.1058 0.0969 
          12  1 0.0807 0.0870 0.1145 0.0978 0.1465 0.0852 0.0900 0.0926 0.1007 0.1051 
          13  1 0.1084 0.1159 0.0758 0.1082 0.0473 0.1038 0.1084 0.1078 0.1000 0.1243 
          14  1 0.0626 0.0705 0.0501 0.0628 0.4471 0.0585 0.0626 0.0620 0.0601 0.0637 
          15  1 0.1013 0.0982 0.0805 0.0804 0.1237 0.1045 0.0957 0.1186 0.1098 0.0874 
          16  1 0.1121 0.1059 0.0980 0.1004 0.0423 0.1116 0.1069 0.1147 0.1102 0.0977 
          17  1 0.0733 0.0710 0.0645 0.0654 0.3836 0.0760 0.0637 0.0694 0.0738 0.0593 
          18  1 0.1092 0.1116 0.1064 0.1059 0.0345 0.1087 0.1039 0.1071 0.1087 0.1041 
          19  1 0.1069 0.1151 0.0846 0.1138 0.0661 0.1053 0.1017 0.0915 0.0977 0.1174 
          20  1 0.1093 0.1105 0.0952 0.1096 0.0419 0.1028 0.1073 0.1028 0.1036 0.1170 
          21  1 0.0589 0.0601 0.0628 0.0604 0.4585 0.0603 0.0606 0.0615 0.0613 0.0555 
          22  1 0.1133 0.1195 0.0861 0.1044 0.0300 0.1115 0.0989 0.1150 0.1139 0.1074 
          23  1 0.1087 0.1072 0.0962 0.1071 0.0351 0.1160 0.0966 0.1185 0.1161 0.0986 
          24  1 0.1198 0.1029 0.1155 0.1138 0.0325 0.1065 0.1060 0.0964 0.1092 0.0974 
          25  1 0.1082 0.0995 0.0873 0.1088 0.0415 0.1158 0.1001 0.1148 0.1060 0.1180 
          26  1 0.1023 0.1067 0.1472 0.1065 0.0290 0.0961 0.1191 0.0823 0.0869 0.1238 
          27  1 0.1157 0.0974 0.0937 0.1006 0.0468 0.1203 0.1039 0.1129 0.1133 0.0954 
          28  1 0.0976 0.1058 0.1503 0.1091 0.0255 0.0953 0.1283 0.0816 0.0812 0.1254 
          29  1 0.1024 0.1062 0.0671 0.0857 0.1467 0.1003 0.0928 0.1125 0.0994 0.0871 
          30  1 0.1041 0.1019 0.1188 0.1086 0.0647 0.0977 0.1041 0.0995 0.0956 0.1050 
          31  1 0.1123 0.1075 0.0909 0.0998 0.0505 0.1155 0.1075 0.1181 0.1059 0.0921 
          32  1 0.1184 0.1170 0.0856 0.1003 0.0364 0.1107 0.1071 0.1107 0.1052 0.1086 
          33  1 0.1208 0.1030 0.1150 0.1047 0.0248 0.1152 0.1151 0.0947 0.1018 0.1049 
          34  1 0.1008 0.1150 0.0726 0.0841 0.0694 0.1166 0.0963 0.1361 0.1167 0.0924 
          35  1 0.1141 0.1067 0.0878 0.0974 0.0239 0.1190 0.1017 0.1379 0.1192 0.0924 
          36  1 0.1065 0.1047 0.1030 0.1052 0.0620 0.1085 0.1045 0.1003 0.1060 0.0993 
          37  1 0.1042 0.1057 0.1301 0.1012 0.0352 0.1046 0.1180 0.1042 0.0954 0.1014 
          38  1 0.1198 0.1095 0.0872 0.0932 0.0785 0.1088 0.0962 0.1101 0.1056 0.0912 
          39  1 0.1044 0.1124 0.1013 0.1051 0.0499 0.1084 0.1068 0.1096 0.1057 0.0964 
          40  1 0.0524 0.0516 0.0528 0.0488 0.5386 0.0507 0.0513 0.0513 0.0497 0.0528 
          41  1 0.1076 0.1078 0.1075 0.0934 0.0418 0.1146 0.1066 0.1158 0.1074 0.0975 
          42  1 0.1021 0.1112 0.1072 0.1041 0.0329 0.1145 0.1045 0.1121 0.1093 0.1018 
          43  1 0.1180 0.1112 0.1059 0.1017 0.0224 0.1140 0.1131 0.1133 0.1055 0.0950 
          44  1 0.1137 0.1050 0.0969 0.1024 0.0488 0.1109 0.1009 0.1074 0.1123 0.1018 
          45  1 0.1214 0.1002 0.1023 0.1114 0.0208 0.1180 0.1236 0.1018 0.1005 0.1000 
          46  1 0.1142 0.1100 0.1023 0.0999 0.0424 0.1067 0.1045 0.1156 0.1082 0.0961 
          47  1 0.1089 0.1044 0.0942 0.1018 0.0709 0.1141 0.1043 0.1001 0.1044 0.0969 
          48  1 0.1116 0.1080 0.0950 0.1080 0.0592 0.1070 0.0981 0.1030 0.1136 0.0965 
          49  1 0.1105 0.1025 0.1199 0.1145 0.0208 0.1027 0.1130 0.1030 0.1091 0.1041 
          50  1 0.1112 0.1148 0.0931 0.0988 0.0301 0.1119 0.1058 0.1226 0.1114 0.1003 
          51  1 0.1053 0.1103 0.1346 0.1070 0.0358 0.0940 0.1145 0.0903 0.0916 0.1167 
          52  1 0.1064 0.1037 0.1063 0.1000 0.0907 0.0973 0.1081 0.0973 0.0918 0.0984 
          53  1 0.1058 0.1070 0.1042 0.0995 0.0349 0.1052 0.1036 0.1215 0.1182 0.1001 
          54  1 0.1111 0.1175 0.0868 0.0945 0.0527 0.1110 0.1035 0.1171 0.1122 0.0937 
          55  1 0.1092 0.1046 0.0971 0.1060 0.0858 0.1069 0.0990 0.0966 0.0945 0.1002 
          56  1 0.1146 0.1082 0.1012 0.1052 0.0321 0.1143 0.1124 0.1067 0.1097 0.0956 
          57  1 0.1018 0.1062 0.0920 0.1116 0.0578 0.1006 0.0982 0.1184 0.1136 0.0999 
          58  1 0.0941 0.1082 0.0948 0.0924 0.0936 0.0975 0.1052 0.1094 0.1035 0.1013 
          59  1 0.1315 0.0979 0.0942 0.1059 0.0225 0.1211 0.1151 0.1095 0.1051 0.0970 
          60  1 0.1142 0.1040 0.0984 0.1019 0.0796 0.1103 0.0960 0.1015 0.0994 0.0948 
          61  1 0.0963 0.1039 0.1493 0.1104 0.0300 0.0898 0.1322 0.0815 0.0793 0.1273 
          62  1 0.1347 0.0843 0.1092 0.1223 0.0268 0.1150 0.1240 0.0889 0.0960 0.0988 
          63  1 0.1058 0.1065 0.1196 0.1018 0.0314 0.1033 0.1175 0.1008 0.0919 0.1213 
          64  1 0.0678 0.0717 0.0836 0.0680 0.3641 0.0690 0.0713 0.0649 0.0682 0.0715 
          65  1 0.1040 0.1093 0.0972 0.1141 0.0306 0.1130 0.1058 0.1045 0.1019 0.1196 
          66  1 0.1294 0.0951 0.1038 0.1134 0.0229 0.1249 0.1285 0.0914 0.0948 0.0957 
          67  1 0.0990 0.1051 0.1192 0.1082 0.0229 0.1032 0.1052 0.1106 0.1159 0.1108 
          68  1 0.1026 0.1067 0.1013 0.1150 0.0361 0.1048 0.1121 0.0980 0.1025 0.1208 
          69  1 0.1209 0.1097 0.0935 0.0971 0.0267 0.1172 0.1031 0.1253 0.1136 0.0929 
          70  1 0.0945 0.0977 0.1751 0.1110 0.0183 0.0948 0.1343 0.0725 0.0758 0.1261 
          71  1 0.1215 0.0995 0.1047 0.1073 0.0289 0.1138 0.1179 0.1071 0.1122 0.0870 
          72  1 0.0945 0.0865 0.0752 0.0823 0.2238 0.0878 0.0870 0.1005 0.0903 0.0722 
          73  1 0.1144 0.1109 0.0889 0.0966 0.0413 0.1167 0.0971 0.1324 0.1148 0.0870 
          74  1 0.0999 0.0996 0.0935 0.1021 0.0548 0.1098 0.0963 0.1196 0.1209 0.1034 
          75  1 0.0997 0.1052 0.1157 0.1033 0.0481 0.1001 0.1069 0.1104 0.1117 0.0990 
          76  1 0.1209 0.1069 0.1091 0.1076 0.0287 0.1127 0.1136 0.0995 0.0993 0.1018 
          77  1 0.1034 0.1116 0.0862 0.1166 0.0453 0.1080 0.1037 0.0922 0.0974 0.1357 
          78  1 0.1113 0.1156 0.0972 0.1037 0.0233 0.1118 0.1061 0.1209 0.1112 0.0990 
          79  1 0.1090 0.1102 0.1142 0.0970 0.0280 0.1080 0.1164 0.1088 0.1028 0.1055 
          80  1 0.1161 0.1064 0.1263 0.1078 0.0252 0.1081 0.1100 0.0998 0.1028 0.0974 
          81  1 0.0906 0.0905 0.1424 0.1124 0.0424 0.0881 0.1081 0.0841 0.1109 0.1304 
          82  1 0.0656 0.0729 0.0607 0.0701 0.3756 0.0732 0.0639 0.0743 0.0686 0.0750 
          83  1 0.1028 0.1084 0.0849 0.0955 0.0613 0.1127 0.0994 0.1216 0.1152 0.0982 
          84  1 0.0571 0.0513 0.0493 0.0477 0.5401 0.0530 0.0498 0.0553 0.0514 0.0450 
          85  1 0.1299 0.0774 0.1153 0.1194 0.0421 0.1235 0.1272 0.0818 0.0900 0.0936 
          86  1 0.0912 0.1080 0.1025 0.1132 0.0498 0.0955 0.1162 0.0984 0.1070 0.1183 
          87  1 0.1088 0.1024 0.1204 0.1054 0.0336 0.1122 0.1192 0.1010 0.1018 0.0953 
          88  1 0.0864 0.1029 0.1402 0.1097 0.0284 0.0967 0.1081 0.1046 0.1148 0.1083 
          89  1 0.0473 0.0504 0.0918 0.0791 0.4130 0.0507 0.0681 0.0480 0.0639 0.0878 
          90  1 0.0852 0.0937 0.1578 0.1121 0.0311 0.0954 0.1045 0.0834 0.1174 0.1194 
          91  1 0.1208 0.1023 0.0928 0.1017 0.0399 0.1128 0.1103 0.1090 0.1038 0.1066 
          92  1 0.0991 0.1010 0.0760 0.0915 0.1367 0.1016 0.0942 0.1020 0.0975 0.1004 
          93  1 0.1097 0.1010 0.1153 0.1130 0.0502 0.0995 0.1035 0.0940 0.0972 0.1165 
          94  1 0.0665 0.0882 0.1834 0.1270 0.0203 0.0815 0.1132 0.0687 0.1076 0.1437 
          95  1 0.0696 0.0871 0.1890 0.1331 0.0233 0.0744 0.1151 0.0621 0.1015 0.1448 
          96  1 0.0670 0.0806 0.1927 0.1344 0.0234 0.0744 0.1136 0.0582 0.0988 0.1570 
          97  1 0.1020 0.0972 0.1200 0.1215 0.0338 0.0979 0.1037 0.0928 0.1007 0.1305 
          98  1 0.0904 0.1042 0.1237 0.1190 0.0230 0.0943 0.1045 0.1115 0.1213 0.1082 
          99  1 0.1021 0.1066 0.0803 0.1037 0.1196 0.0978 0.0966 0.0911 0.0915 0.1107 
         100  1 0.0987 0.0861 0.0697 0.0896 0.2177 0.0964 0.0887 0.0805 0.0826 0.0899 
         101  1 0.1114 0.1088 0.1250 0.1106 0.0414 0.1037 0.1090 0.0882 0.0927 0.1092 
         102  1 0.1124 0.1147 0.0813 0.1081 0.0585 0.1089 0.0955 0.1114 0.1086 0.1005 
         103  1 0.0899 0.1003 0.1349 0.1132 0.0479 0.0943 0.1183 0.0895 0.0907 0.1208 
         104  1 0.0886 0.0899 0.1584 0.1236 0.0190 0.0950 0.1069 0.0886 0.1108 0.1190 
         105  1 0.1187 0.1026 0.1050 0.1069 0.0429 0.1169 0.1016 0.1021 0.1060 0.0973 
         106  1 0.1078 0.1064 0.0836 0.0915 0.0668 0.1058 0.1014 0.1193 0.1181 0.0994 
         107  1 0.1060 0.0985 0.1023 0.1001 0.0827 0.1020 0.1051 0.1019 0.1022 0.0993 
         108  1 0.0993 0.0953 0.1036 0.0981 0.0808 0.1030 0.1039 0.1140 0.1077 0.0942 
         109  1 0.0875 0.0958 0.1302 0.1047 0.0742 0.0884 0.1085 0.0821 0.0899 0.1386 
         110  1 0.1050 0.1048 0.0995 0.1074 0.0688 0.1027 0.1028 0.0976 0.0994 0.1121 
         111  1 0.0689 0.0903 0.1751 0.1278 0.0353 0.0830 0.1130 0.0724 0.1040 0.1302 
         112  1 0.0928 0.0954 0.1306 0.1212 0.0261 0.0963 0.1038 0.0952 0.1026 0.1360 
         113  1 0.0529 0.0539 0.0478 0.0529 0.5175 0.0538 0.0518 0.0577 0.0561 0.0553 
         114  1 0.1302 0.1022 0.1048 0.1037 0.0251 0.1130 0.1138 0.1035 0.1084 0.0951 
         115  1 0.0953 0.1093 0.1093 0.1133 0.0617 0.1032 0.0985 0.0970 0.1033 0.1091 
         116  1 0.1161 0.1022 0.0897 0.0930 0.0721 0.1123 0.0968 0.1192 0.1124 0.0862 
         117  1 0.1187 0.1063 0.0980 0.1091 0.0275 0.1084 0.1088 0.1148 0.1103 0.0980 
         118  1 0.1063 0.1039 0.1038 0.1045 0.0337 0.1075 0.1083 0.1173 0.1082 0.1064 
         119  1 0.1023 0.1092 0.0885 0.1025 0.0856 0.1040 0.1002 0.0976 0.0932 0.1170 
         120  1 0.0969 0.1006 0.0756 0.0924 0.1575 0.0962 0.0902 0.0985 0.0962 0.0960 
         121  1 0.0317 0.0335 0.0304 0.0309 0.7114 0.0325 0.0324 0.0321 0.0324 0.0326 
         122  1 0.1112 0.1042 0.1123 0.1063 0.0369 0.1107 0.1085 0.0984 0.1003 0.1110 
         123  1 0.0851 0.0820 0.0676 0.0716 0.2941 0.0853 0.0715 0.0895 0.0844 0.0689 
         124  1 0.0877 0.0943 0.1350 0.1166 0.0498 0.0952 0.1029 0.0906 0.1060 0.1219 
         125  1 0.0898 0.1007 0.1262 0.1016 0.0689 0.0931 0.1013 0.1010 0.1117 0.1058 
         126  1 0.1015 0.1045 0.1405 0.1047 0.0257 0.1079 0.1236 0.0911 0.0938 0.1065 
         127  1 0.0905 0.0998 0.0812 0.0912 0.1500 0.0944 0.0871 0.1154 0.1050 0.0854 
         128  1 0.1104 0.1088 0.0959 0.1048 0.0414 0.1096 0.1004 0.1110 0.1122 0.1055 
         129  1 0.0864 0.0958 0.1151 0.1223 0.0565 0.0944 0.1064 0.0894 0.1002 0.1334 
         130  1 0.1286 0.1056 0.0994 0.1013 0.0258 0.1137 0.1108 0.1181 0.1080 0.0887 
         131  1 0.1101 0.1035 0.0838 0.0928 0.0908 0.1061 0.0911 0.1170 0.1168 0.0880 
         132  1 0.1238 0.1049 0.0964 0.1045 0.0225 0.1142 0.1100 0.1074 0.1180 0.0982 
         133  1 0.0501 0.0571 0.0566 0.0458 0.5303 0.0554 0.0558 0.0510 0.0494 0.0486 
         134  1 0.1026 0.1085 0.0959 0.1027 0.0237 0.1054 0.1009 0.1313 0.1297 0.0993 
         135  1 0.1162 0.1155 0.0739 0.0862 0.0320 0.1149 0.0994 0.1442 0.1294 0.0883 
         136  1 0.0891 0.0867 0.0829 0.0897 0.2102 0.0885 0.0896 0.0895 0.0893 0.0846 
         137  1 0.1051 0.1154 0.0990 0.1043 0.0557 0.1045 0.1002 0.1096 0.1027 0.1036 
         138  1 0.0962 0.1009 0.1300 0.1059 0.0177 0.1029 0.1097 0.1110 0.1143 0.1115 
         139  1 0.1014 0.1018 0.1079 0.1089 0.0500 0.1079 0.1058 0.1147 0.1028 0.0988 
         140  1 0.1108 0.1016 0.1106 0.1076 0.0359 0.1127 0.1072 0.1125 0.1080 0.0932 
         141  1 0.0517 0.0530 0.0470 0.0473 0.5462 0.0525 0.0488 0.0516 0.0490 0.0528 
         142  1 0.1113 0.1037 0.0848 0.0971 0.0980 0.1117 0.0978 0.1081 0.0994 0.0880 
         143  1 0.1007 0.1026 0.1017 0.0990 0.1008 0.1035 0.1007 0.1042 0.1015 0.0854 
         144  1 0.1086 0.0981 0.0804 0.0944 0.0729 0.1153 0.1060 0.1242 0.1191 0.0810 
         145  1 0.0908 0.1003 0.1577 0.1152 0.0198 0.0930 0.1040 0.0881 0.1085 0.1225 
         146  1 0.1064 0.1017 0.0937 0.1054 0.0429 0.1119 0.1154 0.1110 0.1092 0.1024 
         147  1 0.1048 0.1117 0.1054 0.1112 0.0348 0.0952 0.1128 0.1039 0.1063 0.1140 
         148  1 0.1136 0.1051 0.0897 0.0987 0.0343 0.1206 0.1046 0.1184 0.1126 0.1024 
         149  1 0.1050 0.1082 0.0922 0.0931 0.0788 0.1131 0.0921 0.1168 0.1080 0.0927 
         150  1 0.0857 0.0964 0.1160 0.1277 0.0360 0.0869 0.1098 0.0697 0.0851 0.1864 
         151  1 0.0982 0.1122 0.0773 0.1169 0.1123 0.0883 0.1005 0.0750 0.0763 0.1429 
         152  1 0.0923 0.1060 0.1714 0.1131 0.0184 0.0884 0.1389 0.0780 0.0721 0.1214 
         153  1 0.0995 0.1135 0.0670 0.1182 0.0854 0.0982 0.0996 0.0816 0.0766 0.1602 
         154  1 0.1070 0.1075 0.0992 0.0963 0.0724 0.1062 0.0963 0.1132 0.1090 0.0929 
         155  1 0.0737 0.0707 0.0541 0.0692 0.3709 0.0762 0.0674 0.0752 0.0710 0.0716 
         156  1 0.1045 0.1070 0.0980 0.0939 0.0414 0.1121 0.0983 0.1382 0.1137 0.0928 
         157  1 0.1111 0.1066 0.0839 0.0911 0.0403 0.1119 0.1125 0.1301 0.1201 0.0924 
         158  1 0.1000 0.1062 0.1064 0.1019 0.0642 0.1013 0.1105 0.1070 0.1044 0.0980 
         159  1 0.1117 0.1037 0.1008 0.1037 0.0567 0.1057 0.1030 0.1054 0.1109 0.0983 
         160  1 0.0636 0.0637 0.0492 0.0611 0.4349 0.0689 0.0598 0.0734 0.0709 0.0546 
         161  1 0.1069 0.1085 0.0895 0.0964 0.0489 0.1120 0.1016 0.1276 0.1155 0.0931 
         162  1 0.0870 0.0953 0.0865 0.0972 0.1552 0.0877 0.0879 0.0861 0.0839 0.1330 
         163  1 0.1077 0.1007 0.1032 0.1038 0.0541 0.1179 0.1106 0.1038 0.1062 0.0919 
         164  1 0.0684 0.0925 0.1799 0.1366 0.0201 0.0756 0.1128 0.0684 0.1076 0.1382 
         165  1 0.0861 0.0962 0.1265 0.1122 0.0364 0.0922 0.1076 0.0880 0.1016 0.1531 
         166  1 0.0554 0.0560 0.0531 0.0525 0.5045 0.0557 0.0534 0.0585 0.0567 0.0540 
         167  1 0.0969 0.0906 0.1554 0.1058 0.0561 0.0926 0.1249 0.0818 0.0777 0.1183 
         168  1 0.0993 0.1079 0.1088 0.0969 0.0863 0.0980 0.1081 0.0971 0.0923 0.1053 
         169  1 0.1021 0.1046 0.1062 0.1052 0.0564 0.1048 0.1040 0.1054 0.1048 0.1065 
         170  1 0.0325 0.0338 0.0316 0.0352 0.7072 0.0310 0.0326 0.0312 0.0301 0.0348 
         171  1 0.1169 0.1013 0.1022 0.0994 0.0372 0.1160 0.1038 0.1140 0.1140 0.0951 
         172  1 0.1192 0.1097 0.1068 0.1020 0.0377 0.1061 0.1011 0.1052 0.1053 0.1068 
         173  1 0.0500 0.0499 0.0421 0.0501 0.5527 0.0510 0.0479 0.0535 0.0549 0.0480 
         174  1 0.1033 0.1079 0.1063 0.1049 0.0319 0.1088 0.1091 0.1097 0.1105 0.1076 
         175  1 0.1060 0.1085 0.1174 0.1133 0.0279 0.0979 0.1147 0.0992 0.0940 0.1210 
         176  1 0.1132 0.1025 0.0939 0.1030 0.0285 0.1086 0.1057 0.1240 0.1249 0.0956 
         177  1 0.1062 0.1038 0.1210 0.1033 0.0472 0.1102 0.1067 0.0979 0.1003 0.1033 
         178  1 0.1039 0.1091 0.0969 0.0933 0.0518 0.1058 0.1071 0.1234 0.1094 0.0992 
         179  1 0.0917 0.1020 0.1642 0.1145 0.0410 0.0910 0.1222 0.0770 0.0802 0.1160 
         180  1 0.1109 0.1096 0.0905 0.1044 0.0685 0.1058 0.0991 0.1116 0.1009 0.0988 
         181  1 0.1000 0.0977 0.0868 0.0964 0.1135 0.1018 0.0893 0.1093 0.1088 0.0964 
         182  1 0.1053 0.1041 0.1046 0.1058 0.0394 0.1107 0.1038 0.1112 0.1223 0.0928 
         183  1 0.0465 0.0442 0.0487 0.0499 0.5738 0.0460 0.0456 0.0488 0.0495 0.0471 
         184  1 0.0959 0.1047 0.1207 0.1036 0.0636 0.0983 0.1056 0.0911 0.1086 0.1080 
         185  1 0.0587 0.0530 0.0493 0.0543 0.5062 0.0555 0.0553 0.0593 0.0569 0.0516 
         186  1 0.0569 0.0509 0.0574 0.0571 0.5172 0.0532 0.0523 0.0500 0.0516 0.0534 
         187  1 0.1144 0.1031 0.1011 0.0974 0.0347 0.1133 0.1147 0.1168 0.1157 0.0888 
         188  1 0.0851 0.0993 0.1437 0.1258 0.0338 0.0946 0.0994 0.0843 0.1079 0.1262 
         189  1 0.1023 0.1182 0.0869 0.1052 0.0783 0.1021 0.1005 0.0976 0.0934 0.1155 
         190  1 0.1164 0.1056 0.0826 0.1140 0.0295 0.1069 0.1037 0.1207 0.1102 0.1106 
         191  1 0.1081 0.1210 0.0882 0.1074 0.0466 0.1118 0.0948 0.1158 0.1101 0.0962 
         192  1 0.1053 0.1046 0.0800 0.0951 0.0368 0.1096 0.0995 0.1493 0.1238 0.0961 
         193  1 0.1046 0.1109 0.1141 0.1048 0.0356 0.1072 0.1018 0.1059 0.1166 0.0985 
         194  1 0.0982 0.1084 0.0936 0.1025 0.0594 0.1105 0.1010 0.1119 0.1127 0.1017 
         195  1 0.1237 0.0898 0.1076 0.1078 0.0425 0.1146 0.1223 0.0971 0.1075 0.0871 
         196  1 0.0574 0.0592 0.0669 0.0640 0.4572 0.0552 0.0616 0.0587 0.0611 0.0586 
         197  1 0.1083 0.1165 0.1087 0.0982 0.0374 0.1057 0.1073 0.1109 0.1034 0.1036 
         198  1 0.0682 0.0750 0.0703 0.0715 0.3410 0.0730 0.0695 0.0808 0.0808 0.0700 
         199  1 0.1113 0.1108 0.1057 0.0970 0.0390 0.1042 0.1100 0.1124 0.1107 0.0989 
         200  1 0.0866 0.0970 0.1523 0.1215 0.0253 0.0889 0.1137 0.0747 0.0954 0.1447 
         201  1 0.1149 0.1058 0.1082 0.1064 0.0287 0.1086 0.1070 0.1129 0.1082 0.0992 
         202  1 0.1044 0.1046 0.0927 0.0903 0.0406 0.1072 0.1040 0.1348 0.1249 0.0965 
         203  1 0.0886 0.1103 0.1237 0.1017 0.0546 0.0996 0.1235 0.0998 0.0958 0.1024 
         204  1 0.1259 0.1075 0.1132 0.1072 0.0257 0.1124 0.1069 0.0971 0.0996 0.1046 
         205  1 0.1133 0.1095 0.0929 0.1064 0.0388 0.1166 0.1025 0.1081 0.1109 0.1010 
         206  1 0.1216 0.1119 0.0999 0.0976 0.0453 0.1060 0.0985 0.1123 0.1135 0.0934 
         207  1 0.1097 0.1065 0.0862 0.0922 0.0498 0.1189 0.0972 0.1277 0.1232 0.0886 
         208  1 0.0727 0.0687 0.0672 0.0642 0.4013 0.0700 0.0685 0.0590 0.0660 0.0625 
         209  1 0.1100 0.1135 0.0861 0.1082 0.0324 0.1191 0.1032 0.1195 0.1169 0.0912 
         210  1 0.1029 0.1090 0.0977 0.1106 0.0341 0.1029 0.1053 0.1117 0.1109 0.1148 
         211  1 0.0858 0.0757 0.0680 0.0742 0.3106 0.0843 0.0743 0.0831 0.0765 0.0675 
         212  1 0.0710 0.0674 0.0595 0.0644 0.3968 0.0716 0.0635 0.0724 0.0694 0.0641 
         213  1 0.1124 0.1095 0.1115 0.1082 0.0470 0.1100 0.1013 0.0965 0.0983 0.1053 
         214  1 0.0913 0.0984 0.1437 0.1094 0.0232 0.0961 0.1111 0.0987 0.1066 0.1215 
         215  1 0.1022 0.1074 0.1066 0.1157 0.0277 0.1101 0.0991 0.1167 0.1152 0.0991 
         216  1 0.0598 0.0615 0.0498 0.0583 0.4725 0.0597 0.0580 0.0618 0.0585 0.0601 
         217  1 0.0907 0.1008 0.1187 0.1087 0.0922 0.0938 0.1075 0.0830 0.0836 0.1210 
         218  1 0.1142 0.1087 0.0804 0.1021 0.0552 0.1056 0.1094 0.1153 0.1050 0.1040 
         219  1 0.1066 0.1015 0.1211 0.0999 0.0240 0.1065 0.1106 0.1199 0.1089 0.1010 
         220  1 0.1180 0.1011 0.0978 0.0896 0.0286 0.1115 0.1066 0.1407 0.1177 0.0884 
         221  1 0.1059 0.1081 0.0766 0.1120 0.0621 0.1032 0.1092 0.0982 0.0948 0.1297 
         222  1 0.1181 0.1041 0.0941 0.1045 0.0323 0.1280 0.0980 0.1125 0.1149 0.0936 
         223  1 0.1068 0.0976 0.0921 0.1169 0.0450 0.1040 0.1039 0.0981 0.1051 0.1305 
         224  1 0.0970 0.1007 0.1373 0.1117 0.0253 0.0943 0.1190 0.0993 0.1008 0.1146 
