           1  1 0.1853 0.0642 0.2077 0.1905 0.1691 0.1831 
           2  1 0.2109 0.0840 0.1815 0.1729 0.1785 0.1723 
           3  1 0.1708 0.1105 0.2010 0.1687 0.1633 0.1858 
           4  1 0.1805 0.1591 0.1663 0.1676 0.1637 0.1628 
           5  1 0.1901 0.0901 0.1687 0.1852 0.1931 0.1728 
           6  1 0.1834 0.0789 0.1988 0.1802 0.1707 0.1881 
           7  1 0.1685 0.1057 0.1932 0.1832 0.1710 0.1784 
           8  1 0.2008 0.1032 0.1677 0.1628 0.1891 0.1765 
           9  1 0.1842 0.1118 0.1837 0.1699 0.1796 0.1709 
          10  1 0.1944 0.0736 0.1699 0.1786 0.1879 0.1957 
          11  1 0.1629 0.2351 0.1392 0.1461 0.1677 0.1490 
          12  1 0.1344 0.2361 0.1876 0.1517 0.1391 0.1510 
          13  1 0.1832 0.1263 0.1605 0.1737 0.1897 0.1666 
          14  1 0.0675 0.6249 0.1093 0.0653 0.0687 0.0642 
          15  1 0.1661 0.2202 0.1584 0.1449 0.1615 0.1489 
          16  1 0.1873 0.0948 0.1702 0.1794 0.1823 0.1860 
          17  1 0.0985 0.4979 0.1228 0.0910 0.0949 0.0950 
          18  1 0.1710 0.0813 0.1915 0.1769 0.1763 0.2030 
          19  1 0.1619 0.1885 0.1523 0.1625 0.1671 0.1678 
          20  1 0.1595 0.1165 0.1958 0.1855 0.1642 0.1784 
          21  1 0.0882 0.5255 0.1220 0.0895 0.0880 0.0868 
          22  1 0.1980 0.0877 0.1631 0.1690 0.1851 0.1971 
          23  1 0.1948 0.0858 0.1706 0.1675 0.1911 0.1902 
          24  1 0.1798 0.0786 0.1849 0.1887 0.1742 0.1938 
          25  1 0.1940 0.0910 0.1793 0.1719 0.1796 0.1843 
          26  1 0.1859 0.0607 0.1439 0.2119 0.2230 0.1746 
          27  1 0.2114 0.0823 0.1580 0.1747 0.1878 0.1858 
          28  1 0.1965 0.0479 0.1353 0.2209 0.2314 0.1679 
          29  1 0.1594 0.2906 0.1418 0.1326 0.1388 0.1368 
          30  1 0.1748 0.1062 0.1674 0.1873 0.1856 0.1788 
          31  1 0.1865 0.1024 0.1710 0.1773 0.1722 0.1905 
          32  1 0.1885 0.0976 0.1569 0.1727 0.1980 0.1862 
          33  1 0.1956 0.0588 0.1474 0.1955 0.2056 0.1971 
          34  1 0.1773 0.1642 0.1823 0.1579 0.1600 0.1582 
          35  1 0.2195 0.0538 0.1576 0.1740 0.1974 0.1978 
          36  1 0.1861 0.1275 0.1462 0.1798 0.1895 0.1709 
          37  1 0.2013 0.0632 0.1400 0.1913 0.2073 0.1969 
          38  1 0.1780 0.1545 0.1599 0.1593 0.1681 0.1804 
          39  1 0.2026 0.0852 0.1501 0.1792 0.1968 0.1860 
          40  1 0.0599 0.6513 0.1049 0.0626 0.0607 0.0606 
          41  1 0.1982 0.0871 0.1609 0.1775 0.1879 0.1885 
          42  1 0.1986 0.0707 0.1698 0.1871 0.1883 0.1855 
          43  1 0.1930 0.0500 0.1580 0.1976 0.2085 0.1929 
          44  1 0.1848 0.0979 0.1808 0.1757 0.1731 0.1877 
          45  1 0.1907 0.0495 0.1662 0.1797 0.2036 0.2103 
          46  1 0.1816 0.0812 0.1630 0.1904 0.1905 0.1933 
          47  1 0.1914 0.1345 0.1479 0.1739 0.1752 0.1771 
          48  1 0.1701 0.1314 0.1963 0.1552 0.1631 0.1839 
          49  1 0.1970 0.0508 0.1727 0.2129 0.1880 0.1785 
          50  1 0.1963 0.0731 0.1769 0.1969 0.1804 0.1765 
          51  1 0.1787 0.0732 0.1473 0.2008 0.2142 0.1858 
          52  1 0.1674 0.1378 0.1531 0.1876 0.1861 0.1679 
          53  1 0.1898 0.0695 0.1886 0.1682 0.1872 0.1967 
          54  1 0.1964 0.1338 0.1549 0.1660 0.1728 0.1761 
          55  1 0.1636 0.1998 0.1513 0.1554 0.1695 0.1604 
          56  1 0.1966 0.0737 0.1658 0.1717 0.1895 0.2028 
          57  1 0.1712 0.1156 0.1702 0.1791 0.1803 0.1836 
          58  1 0.1734 0.1732 0.1515 0.1690 0.1743 0.1586 
          59  1 0.2093 0.0517 0.1535 0.1804 0.1952 0.2099 
          60  1 0.1732 0.1394 0.1533 0.1712 0.1785 0.1845 
          61  1 0.1839 0.0553 0.1334 0.2262 0.2287 0.1724 
          62  1 0.1847 0.0569 0.1552 0.1834 0.2009 0.2188 
          63  1 0.1915 0.0621 0.1553 0.2135 0.2051 0.1724 
          64  1 0.1030 0.4360 0.1393 0.1103 0.1055 0.1059 
          65  1 0.2055 0.0664 0.1613 0.1983 0.1910 0.1776 
          66  1 0.1968 0.0496 0.1531 0.1869 0.1972 0.2163 
          67  1 0.1798 0.0620 0.2007 0.1846 0.1859 0.1870 
          68  1 0.1827 0.0850 0.1721 0.1969 0.1860 0.1774 
          69  1 0.1988 0.0637 0.1854 0.1801 0.1777 0.1943 
          70  1 0.1882 0.0399 0.1435 0.2313 0.2253 0.1717 
          71  1 0.1897 0.0688 0.1815 0.1774 0.1832 0.1994 
          72  1 0.1418 0.3185 0.1447 0.1284 0.1403 0.1263 
          73  1 0.1985 0.0810 0.1633 0.1834 0.1815 0.1923 
          74  1 0.1829 0.1112 0.1805 0.1811 0.1700 0.1743 
          75  1 0.1847 0.0965 0.1935 0.1919 0.1610 0.1723 
          76  1 0.1913 0.0575 0.1632 0.1915 0.1994 0.1971 
          77  1 0.1822 0.1178 0.1741 0.1826 0.1717 0.1716 
          78  1 0.1965 0.0527 0.1910 0.1842 0.1848 0.1908 
          79  1 0.2047 0.0558 0.1471 0.1969 0.2159 0.1795 
          80  1 0.1899 0.0585 0.1743 0.1959 0.1867 0.1947 
          81  1 0.1432 0.0819 0.2425 0.1791 0.1682 0.1850 
          82  1 0.0902 0.5227 0.1200 0.0918 0.0869 0.0883 
          83  1 0.1790 0.1341 0.1898 0.1647 0.1670 0.1654 
          84  1 0.0631 0.6409 0.1087 0.0577 0.0650 0.0645 
          85  1 0.1905 0.0807 0.1523 0.1656 0.1925 0.2184 
          86  1 0.1556 0.1001 0.2179 0.1842 0.1649 0.1773 
          87  1 0.1903 0.0665 0.1561 0.1984 0.1958 0.1929 
          88  1 0.1551 0.0711 0.2335 0.1861 0.1669 0.1873 
          89  1 0.0753 0.4661 0.1629 0.1040 0.0937 0.0981 
          90  1 0.1416 0.0750 0.2494 0.1962 0.1546 0.1833 
          91  1 0.2072 0.0827 0.1580 0.1770 0.1909 0.1843 
          92  1 0.1425 0.3035 0.1522 0.1330 0.1322 0.1366 
          93  1 0.1554 0.0951 0.2198 0.1775 0.1654 0.1868 
          94  1 0.1366 0.0583 0.2554 0.1990 0.1662 0.1844 
          95  1 0.1324 0.0620 0.2651 0.1987 0.1574 0.1845 
          96  1 0.1242 0.0666 0.2682 0.1989 0.1596 0.1824 
          97  1 0.1548 0.0743 0.2318 0.1841 0.1679 0.1872 
          98  1 0.1791 0.0537 0.2209 0.1806 0.1773 0.1884 
          99  1 0.1348 0.3053 0.1494 0.1388 0.1354 0.1363 
         100  1 0.1210 0.3961 0.1226 0.1134 0.1258 0.1210 
         101  1 0.1633 0.0852 0.1970 0.1941 0.1743 0.1860 
         102  1 0.1969 0.1226 0.1618 0.1659 0.1845 0.1684 
         103  1 0.1788 0.0846 0.1648 0.2040 0.1958 0.1719 
         104  1 0.1482 0.0633 0.2520 0.1891 0.1595 0.1879 
         105  1 0.1988 0.0866 0.1519 0.1617 0.1939 0.2071 
         106  1 0.1742 0.1487 0.1645 0.1610 0.1730 0.1786 
         107  1 0.1680 0.1166 0.1796 0.1894 0.1710 0.1754 
         108  1 0.1834 0.1403 0.1601 0.1689 0.1752 0.1722 
         109  1 0.1516 0.1396 0.2088 0.1791 0.1537 0.1672 
         110  1 0.1548 0.1573 0.1879 0.1688 0.1679 0.1632 
         111  1 0.1308 0.0774 0.2511 0.1925 0.1609 0.1873 
         112  1 0.1551 0.0689 0.2269 0.1836 0.1810 0.1845 
         113  1 0.0673 0.6164 0.1105 0.0659 0.0698 0.0702 
         114  1 0.2049 0.0543 0.1563 0.1820 0.1994 0.2031 
         115  1 0.1695 0.1429 0.1765 0.1765 0.1716 0.1630 
         116  1 0.1810 0.1382 0.1584 0.1589 0.1728 0.1906 
         117  1 0.1957 0.0612 0.1688 0.1748 0.2043 0.1953 
         118  1 0.2033 0.0616 0.1563 0.2049 0.1984 0.1755 
         119  1 0.1746 0.1693 0.1621 0.1664 0.1662 0.1614 
         120  1 0.1321 0.3741 0.1364 0.1134 0.1227 0.1214 
         121  1 0.0401 0.7433 0.0946 0.0433 0.0396 0.0390 
         122  1 0.1856 0.0758 0.1551 0.1911 0.2073 0.1851 
         123  1 0.1178 0.4326 0.1344 0.1008 0.1101 0.1042 
         124  1 0.1454 0.1002 0.2259 0.1856 0.1628 0.1801 
         125  1 0.1605 0.1089 0.2174 0.1765 0.1583 0.1784 
         126  1 0.2020 0.0519 0.1449 0.2083 0.2132 0.1798 
         127  1 0.1448 0.2836 0.1582 0.1392 0.1355 0.1386 
         128  1 0.1856 0.0852 0.1720 0.1805 0.1896 0.1871 
         129  1 0.1492 0.1327 0.2005 0.1802 0.1610 0.1765 
         130  1 0.2013 0.0598 0.1587 0.1720 0.1893 0.2188 
         131  1 0.1804 0.1653 0.1644 0.1467 0.1664 0.1769 
         132  1 0.2039 0.0545 0.1632 0.1752 0.2088 0.1944 
         133  1 0.0747 0.5904 0.1118 0.0759 0.0720 0.0752 
         134  1 0.1912 0.0597 0.1890 0.1772 0.1917 0.1911 
         135  1 0.2137 0.0731 0.1728 0.1773 0.1837 0.1793 
         136  1 0.1394 0.2856 0.1615 0.1331 0.1366 0.1438 
         137  1 0.1722 0.1480 0.1477 0.1843 0.1786 0.1692 
         138  1 0.1828 0.0507 0.2082 0.1902 0.1783 0.1896 
         139  1 0.2006 0.0867 0.1526 0.1851 0.1942 0.1808 
         140  1 0.1850 0.0724 0.1766 0.1976 0.1841 0.1845 
         141  1 0.0660 0.6268 0.1080 0.0647 0.0684 0.0661 
         142  1 0.1742 0.1768 0.1531 0.1554 0.1639 0.1766 
         143  1 0.1698 0.1515 0.1776 0.1690 0.1677 0.1644 
         144  1 0.2056 0.1057 0.1629 0.1752 0.1694 0.1813 
         145  1 0.1485 0.0680 0.2378 0.1919 0.1693 0.1845 
         146  1 0.1862 0.0933 0.1947 0.1783 0.1665 0.1809 
         147  1 0.1651 0.0823 0.1869 0.1863 0.1883 0.1911 
         148  1 0.2093 0.0806 0.1674 0.1723 0.1866 0.1837 
         149  1 0.1679 0.1942 0.1587 0.1489 0.1639 0.1665 
         150  1 0.1374 0.1196 0.2205 0.1768 0.1694 0.1762 
         151  1 0.1226 0.2951 0.1691 0.1464 0.1298 0.1370 
         152  1 0.1904 0.0402 0.1244 0.2373 0.2244 0.1833 
         153  1 0.1547 0.2236 0.1542 0.1489 0.1614 0.1572 
         154  1 0.1764 0.1451 0.1702 0.1717 0.1658 0.1709 
         155  1 0.1016 0.4941 0.1262 0.0926 0.0947 0.0909 
         156  1 0.1939 0.0760 0.1894 0.1861 0.1774 0.1771 
         157  1 0.2133 0.0858 0.1636 0.1686 0.1741 0.1947 
         158  1 0.1883 0.1009 0.1708 0.1844 0.1842 0.1713 
         159  1 0.1823 0.1115 0.1729 0.1684 0.1845 0.1804 
         160  1 0.0833 0.5550 0.1174 0.0774 0.0829 0.0841 
         161  1 0.2036 0.0778 0.1729 0.1775 0.1881 0.1800 
         162  1 0.1387 0.2476 0.1734 0.1483 0.1473 0.1448 
         163  1 0.1982 0.0878 0.1592 0.1843 0.1862 0.1844 
         164  1 0.1204 0.0654 0.2754 0.1895 0.1563 0.1930 
         165  1 0.1553 0.1016 0.2232 0.1836 0.1634 0.1729 
         166  1 0.0737 0.5884 0.1101 0.0754 0.0755 0.0768 
         167  1 0.1867 0.0782 0.1381 0.2190 0.2138 0.1642 
         168  1 0.1690 0.1530 0.1516 0.1796 0.1778 0.1689 
         169  1 0.1848 0.0906 0.1731 0.1828 0.1842 0.1845 
         170  1 0.0418 0.7231 0.1027 0.0444 0.0443 0.0437 
         171  1 0.1950 0.0800 0.1721 0.1827 0.1868 0.1834 
         172  1 0.1998 0.0906 0.1579 0.1797 0.1907 0.1813 
         173  1 0.0608 0.6419 0.1108 0.0623 0.0632 0.0610 
         174  1 0.1784 0.0813 0.1870 0.1921 0.1798 0.1815 
         175  1 0.1895 0.0652 0.1653 0.2074 0.2012 0.1715 
         176  1 0.2150 0.0617 0.1630 0.1749 0.1935 0.1919 
         177  1 0.1869 0.0840 0.1519 0.1946 0.2129 0.1696 
         178  1 0.1972 0.1070 0.1553 0.1879 0.1844 0.1683 
         179  1 0.1895 0.0644 0.1425 0.2174 0.2220 0.1642 
         180  1 0.1725 0.1372 0.1654 0.1661 0.1742 0.1845 
         181  1 0.1472 0.2551 0.1614 0.1508 0.1409 0.1446 
         182  1 0.1822 0.0751 0.1840 0.1898 0.1691 0.1997 
         183  1 0.0615 0.6361 0.1120 0.0589 0.0644 0.0670 
         184  1 0.1641 0.1095 0.2076 0.1821 0.1589 0.1778 
         185  1 0.0687 0.6081 0.1121 0.0708 0.0701 0.0700 
         186  1 0.0668 0.6266 0.1095 0.0673 0.0648 0.0650 
         187  1 0.1985 0.0715 0.1673 0.1858 0.1811 0.1959 
         188  1 0.1424 0.0942 0.2297 0.1851 0.1627 0.1860 
         189  1 0.1596 0.2060 0.1639 0.1633 0.1555 0.1517 
         190  1 0.2101 0.0766 0.1698 0.1726 0.1897 0.1812 
         191  1 0.1817 0.1425 0.1510 0.1677 0.1737 0.1834 
         192  1 0.2045 0.0787 0.1833 0.1825 0.1816 0.1693 
         193  1 0.1713 0.0898 0.1801 0.1857 0.1735 0.1996 
         194  1 0.1885 0.1273 0.1625 0.1641 0.1760 0.1816 
         195  1 0.1905 0.0866 0.1580 0.1726 0.1897 0.2025 
         196  1 0.0779 0.5543 0.1289 0.0842 0.0757 0.0790 
         197  1 0.1846 0.0741 0.1716 0.2016 0.1907 0.1775 
         198  1 0.1022 0.4691 0.1342 0.0963 0.1010 0.0973 
         199  1 0.1905 0.0690 0.1731 0.1926 0.1904 0.1843 
         200  1 0.1390 0.0770 0.2482 0.1905 0.1623 0.1830 
         201  1 0.1927 0.0689 0.1586 0.1917 0.2014 0.1867 
         202  1 0.2160 0.0704 0.1883 0.1785 0.1756 0.1713 
         203  1 0.1863 0.1052 0.1578 0.1903 0.1926 0.1679 
         204  1 0.1815 0.0587 0.1694 0.1885 0.1944 0.2074 
         205  1 0.2032 0.0744 0.1594 0.1700 0.1852 0.2078 
         206  1 0.1992 0.0987 0.1691 0.1639 0.1782 0.1910 
         207  1 0.2042 0.0942 0.1734 0.1676 0.1721 0.1885 
         208  1 0.1002 0.4750 0.1256 0.0976 0.0997 0.1019 
         209  1 0.2079 0.0718 0.1576 0.1762 0.1942 0.1922 
         210  1 0.2062 0.0681 0.1641 0.1968 0.1824 0.1824 
         211  1 0.1143 0.4397 0.1309 0.1011 0.1068 0.1073 
         212  1 0.0942 0.5161 0.1227 0.0872 0.0894 0.0904 
         213  1 0.1914 0.1022 0.1480 0.1781 0.2029 0.1774 
         214  1 0.1756 0.0562 0.2108 0.2064 0.1740 0.1769 
         215  1 0.1667 0.0723 0.1976 0.1819 0.1839 0.1975 
         216  1 0.0736 0.5774 0.1198 0.0792 0.0735 0.0767 
         217  1 0.1619 0.1692 0.1546 0.1716 0.1924 0.1503 
         218  1 0.1885 0.1263 0.1554 0.1727 0.1776 0.1794 
         219  1 0.2049 0.0470 0.1546 0.2020 0.2108 0.1808 
         220  1 0.2073 0.0601 0.1568 0.1916 0.2050 0.1791 
         221  1 0.1708 0.1647 0.1587 0.1754 0.1718 0.1586 
         222  1 0.2169 0.0664 0.1501 0.1608 0.1949 0.2109 
         223  1 0.1629 0.1051 0.2097 0.1796 0.1645 0.1783 
         224  1 0.1989 0.0462 0.1517 0.2225 0.2137 0.1670 
