           1  1 0.1003 0.3102 0.3022 0.2874 
           2  1 0.1997 0.2646 0.3671 0.1686 
           3  1 0.2029 0.2752 0.2710 0.2508 
           4  1 0.2955 0.2161 0.2768 0.2117 
           5  1 0.1681 0.2624 0.2660 0.3035 
           6  1 0.1438 0.2942 0.2926 0.2693 
           7  1 0.2333 0.2616 0.2696 0.2356 
           8  1 0.1792 0.2825 0.2745 0.2638 
           9  1 0.1989 0.2723 0.2683 0.2605 
          10  1 0.1318 0.3209 0.2439 0.3034 
          11  1 0.4240 0.1772 0.2513 0.1475 
          12  1 0.3374 0.1975 0.2602 0.2049 
          13  1 0.3010 0.2191 0.2983 0.1816 
          14  1 0.6996 0.0562 0.1911 0.0531 
          15  1 0.3848 0.1925 0.2598 0.1629 
          16  1 0.1859 0.2687 0.2776 0.2677 
          17  1 0.5852 0.1166 0.1902 0.1080 
          18  1 0.1637 0.2879 0.2680 0.2804 
          19  1 0.3773 0.1929 0.2564 0.1734 
          20  1 0.2494 0.2408 0.2828 0.2270 
          21  1 0.5788 0.1178 0.1843 0.1191 
          22  1 0.2547 0.2505 0.2802 0.2146 
          23  1 0.1843 0.2792 0.2766 0.2600 
          24  1 0.1442 0.3089 0.2522 0.2947 
          25  1 0.1831 0.2526 0.2929 0.2715 
          26  1 0.1214 0.3340 0.1833 0.3614 
          27  1 0.1494 0.2923 0.2485 0.3097 
          28  1 0.0962 0.3350 0.1951 0.3738 
          29  1 0.4402 0.1643 0.2474 0.1480 
          30  1 0.1502 0.2903 0.2267 0.3328 
          31  1 0.1830 0.2648 0.2906 0.2616 
          32  1 0.2352 0.2624 0.2550 0.2474 
          33  1 0.1005 0.3336 0.1882 0.3777 
          34  1 0.3279 0.2105 0.3000 0.1617 
          35  1 0.1373 0.2898 0.3010 0.2719 
          36  1 0.2330 0.2656 0.2308 0.2705 
          37  1 0.0930 0.3381 0.1919 0.3770 
          38  1 0.2494 0.2487 0.2492 0.2528 
          39  1 0.1300 0.3105 0.2146 0.3449 
          40  1 0.6871 0.0656 0.1791 0.0682 
          41  1 0.1530 0.3014 0.2540 0.2916 
          42  1 0.1228 0.3020 0.2792 0.2960 
          43  1 0.0929 0.3553 0.2119 0.3399 
          44  1 0.1817 0.2976 0.2485 0.2723 
          45  1 0.0938 0.3296 0.2319 0.3446 
          46  1 0.1654 0.2962 0.2364 0.3020 
          47  1 0.2160 0.2712 0.2249 0.2879 
          48  1 0.2175 0.2749 0.2596 0.2481 
          49  1 0.0889 0.3190 0.2386 0.3535 
          50  1 0.1715 0.2780 0.3003 0.2501 
          51  1 0.1632 0.2959 0.2328 0.3081 
          52  1 0.2224 0.2514 0.2518 0.2744 
          53  1 0.1319 0.3023 0.2768 0.2890 
          54  1 0.2860 0.2355 0.2493 0.2292 
          55  1 0.3623 0.1992 0.2323 0.2061 
          56  1 0.1383 0.3133 0.2389 0.3096 
          57  1 0.2038 0.2449 0.2883 0.2630 
          58  1 0.3273 0.2013 0.2811 0.1904 
          59  1 0.1011 0.3344 0.2256 0.3389 
          60  1 0.2217 0.2805 0.2232 0.2745 
          61  1 0.0927 0.3387 0.2137 0.3549 
          62  1 0.0876 0.3367 0.1966 0.3791 
          63  1 0.1108 0.3157 0.2463 0.3271 
          64  1 0.5043 0.1420 0.2020 0.1517 
          65  1 0.1467 0.2854 0.2700 0.2979 
          66  1 0.0757 0.3346 0.2041 0.3857 
          67  1 0.1180 0.3082 0.2719 0.3018 
          68  1 0.1708 0.2638 0.2897 0.2757 
          69  1 0.1344 0.3029 0.2768 0.2859 
          70  1 0.0574 0.3465 0.2024 0.3937 
          71  1 0.1150 0.3145 0.2507 0.3198 
          72  1 0.3965 0.1930 0.2162 0.1944 
          73  1 0.1639 0.2836 0.2938 0.2587 
          74  1 0.1814 0.2666 0.2843 0.2677 
          75  1 0.1721 0.2656 0.2901 0.2722 
          76  1 0.0924 0.3302 0.2301 0.3473 
          77  1 0.2714 0.2377 0.2629 0.2280 
          78  1 0.0996 0.3011 0.2976 0.3017 
          79  1 0.0973 0.3207 0.2261 0.3559 
          80  1 0.0944 0.3457 0.2391 0.3208 
          81  1 0.1137 0.3038 0.2628 0.3197 
          82  1 0.6252 0.0893 0.1957 0.0898 
          83  1 0.2767 0.2193 0.2849 0.2191 
          84  1 0.6719 0.0760 0.1805 0.0716 
          85  1 0.1181 0.3284 0.1878 0.3657 
          86  1 0.1423 0.2647 0.3056 0.2874 
          87  1 0.0937 0.3172 0.2147 0.3744 
          88  1 0.0943 0.3032 0.3067 0.2959 
          89  1 0.5338 0.1290 0.2014 0.1358 
          90  1 0.0923 0.3079 0.2852 0.3146 
          91  1 0.1620 0.2835 0.2590 0.2955 
          92  1 0.4566 0.1622 0.2326 0.1486 
          93  1 0.1336 0.2960 0.2781 0.2922 
          94  1 0.0648 0.3234 0.2845 0.3272 
          95  1 0.0624 0.3188 0.2763 0.3425 
          96  1 0.0617 0.3114 0.2779 0.3490 
          97  1 0.1112 0.2943 0.2786 0.3160 
          98  1 0.0921 0.3021 0.3163 0.2895 
          99  1 0.4674 0.1565 0.2282 0.1480 
         100  1 0.5122 0.1416 0.2052 0.1409 
         101  1 0.1147 0.3226 0.2323 0.3304 
         102  1 0.2360 0.2471 0.2803 0.2366 
         103  1 0.1280 0.2939 0.2432 0.3349 
         104  1 0.0633 0.3256 0.2897 0.3214 
         105  1 0.1535 0.3086 0.2049 0.3330 
         106  1 0.2571 0.2398 0.2766 0.2265 
         107  1 0.1683 0.2865 0.2611 0.2840 
         108  1 0.2163 0.2657 0.2523 0.2656 
         109  1 0.2287 0.2463 0.2749 0.2502 
         110  1 0.2861 0.2279 0.2568 0.2292 
         111  1 0.0931 0.3006 0.2932 0.3132 
         112  1 0.1125 0.2819 0.3082 0.2975 
         113  1 0.6614 0.0783 0.1846 0.0757 
         114  1 0.1050 0.3183 0.2199 0.3568 
         115  1 0.2401 0.2359 0.2805 0.2435 
         116  1 0.2615 0.2683 0.2468 0.2234 
         117  1 0.1184 0.3086 0.2635 0.3095 
         118  1 0.1095 0.3171 0.2380 0.3354 
         119  1 0.2972 0.2194 0.2644 0.2190 
         120  1 0.5068 0.1363 0.2272 0.1298 
         121  1 0.7454 0.0403 0.1742 0.0402 
         122  1 0.1350 0.3181 0.2127 0.3342 
         123  1 0.5608 0.1206 0.2139 0.1046 
         124  1 0.1578 0.2724 0.2676 0.3021 
         125  1 0.1518 0.2912 0.2778 0.2792 
         126  1 0.0801 0.3550 0.1918 0.3731 
         127  1 0.4178 0.1776 0.2463 0.1583 
         128  1 0.1504 0.2866 0.2680 0.2950 
         129  1 0.2126 0.2470 0.2840 0.2563 
         130  1 0.1215 0.3095 0.2678 0.3012 
         131  1 0.2810 0.2439 0.2611 0.2141 
         132  1 0.1097 0.3155 0.2361 0.3386 
         133  1 0.6230 0.0980 0.1814 0.0977 
         134  1 0.1226 0.2840 0.3285 0.2649 
         135  1 0.1812 0.2630 0.3460 0.2099 
         136  1 0.3931 0.2021 0.2184 0.1863 
         137  1 0.2737 0.2332 0.2534 0.2397 
         138  1 0.0773 0.3003 0.2604 0.3620 
         139  1 0.1509 0.2869 0.2424 0.3198 
         140  1 0.1322 0.3137 0.2572 0.2969 
         141  1 0.6692 0.0731 0.1782 0.0795 
         142  1 0.2861 0.2355 0.2451 0.2333 
         143  1 0.2161 0.2719 0.2385 0.2735 
         144  1 0.2162 0.2442 0.3275 0.2121 
         145  1 0.0790 0.3125 0.2966 0.3120 
         146  1 0.1526 0.2740 0.2873 0.2862 
         147  1 0.1340 0.2862 0.2976 0.2822 
         148  1 0.1655 0.2845 0.2818 0.2683 
         149  1 0.3666 0.2078 0.2317 0.1938 
         150  1 0.2556 0.2258 0.2781 0.2404 
         151  1 0.5090 0.1323 0.2216 0.1371 
         152  1 0.0661 0.3378 0.1938 0.4023 
         153  1 0.4016 0.1712 0.2528 0.1745 
         154  1 0.2491 0.2507 0.2679 0.2323 
         155  1 0.5887 0.1021 0.2152 0.0940 
         156  1 0.1433 0.2877 0.3128 0.2561 
         157  1 0.1818 0.2747 0.2986 0.2449 
         158  1 0.1662 0.2901 0.2732 0.2704 
         159  1 0.1779 0.2770 0.2606 0.2845 
         160  1 0.6481 0.0853 0.1868 0.0797 
         161  1 0.1352 0.2950 0.2882 0.2816 
         162  1 0.3586 0.1940 0.2418 0.2056 
         163  1 0.1601 0.3134 0.2188 0.3077 
         164  1 0.0556 0.3199 0.3042 0.3204 
         165  1 0.1875 0.2629 0.2890 0.2605 
         166  1 0.6437 0.0848 0.1888 0.0828 
         167  1 0.1142 0.3278 0.1986 0.3594 
         168  1 0.2603 0.2555 0.2239 0.2604 
         169  1 0.1466 0.2858 0.2550 0.3125 
         170  1 0.7224 0.0480 0.1767 0.0529 
         171  1 0.1412 0.2966 0.2635 0.2988 
         172  1 0.1725 0.3130 0.2261 0.2884 
         173  1 0.6698 0.0726 0.1899 0.0676 
         174  1 0.1618 0.2932 0.2705 0.2745 
         175  1 0.1307 0.2964 0.2546 0.3184 
         176  1 0.1332 0.3194 0.2485 0.2989 
         177  1 0.1456 0.3183 0.2208 0.3152 
         178  1 0.2269 0.2536 0.2785 0.2411 
         179  1 0.0890 0.3310 0.1778 0.4021 
         180  1 0.2415 0.2684 0.2371 0.2530 
         181  1 0.4253 0.1725 0.2337 0.1685 
         182  1 0.1351 0.2869 0.2893 0.2886 
         183  1 0.6643 0.0760 0.1802 0.0795 
         184  1 0.1614 0.2745 0.2678 0.2963 
         185  1 0.6477 0.0782 0.1943 0.0797 
         186  1 0.6755 0.0699 0.1836 0.0710 
         187  1 0.1255 0.3098 0.2549 0.3097 
         188  1 0.1736 0.2598 0.2825 0.2842 
         189  1 0.3662 0.1918 0.2579 0.1842 
         190  1 0.2144 0.2456 0.3231 0.2168 
         191  1 0.3448 0.1992 0.2725 0.1836 
         192  1 0.1946 0.2530 0.3602 0.1923 
         193  1 0.1636 0.2884 0.2659 0.2821 
         194  1 0.2558 0.2382 0.2742 0.2319 
         195  1 0.1339 0.3033 0.2339 0.3289 
         196  1 0.6266 0.0930 0.1848 0.0957 
         197  1 0.1215 0.3127 0.2415 0.3243 
         198  1 0.5436 0.1303 0.2063 0.1198 
         199  1 0.1116 0.3066 0.2698 0.3120 
         200  1 0.0854 0.3120 0.2787 0.3238 
         201  1 0.1169 0.3143 0.2217 0.3471 
         202  1 0.1511 0.2833 0.3280 0.2376 
         203  1 0.2072 0.2599 0.2643 0.2687 
         204  1 0.1061 0.3425 0.2031 0.3483 
         205  1 0.1460 0.3196 0.2094 0.3249 
         206  1 0.2031 0.2777 0.2420 0.2771 
         207  1 0.1970 0.2723 0.3047 0.2260 
         208  1 0.5510 0.1318 0.1849 0.1323 
         209  1 0.1706 0.2839 0.2717 0.2739 
         210  1 0.1317 0.2689 0.2879 0.3115 
         211  1 0.5317 0.1344 0.2015 0.1324 
         212  1 0.5959 0.1030 0.1997 0.1014 
         213  1 0.1934 0.2927 0.2137 0.3002 
         214  1 0.0928 0.2990 0.2811 0.3271 
         215  1 0.1339 0.3032 0.2906 0.2723 
         216  1 0.6579 0.0757 0.1924 0.0740 
         217  1 0.2777 0.2247 0.2458 0.2518 
         218  1 0.2567 0.2479 0.2604 0.2351 
         219  1 0.1025 0.3267 0.2469 0.3238 
         220  1 0.1340 0.2947 0.2956 0.2757 
         221  1 0.3087 0.2105 0.2733 0.2074 
         222  1 0.1401 0.3145 0.2366 0.3088 
         223  1 0.1856 0.2541 0.2957 0.2646 
         224  1 0.0868 0.3240 0.2314 0.3578 
