           1  1 0.1586 0.1538 0.1513 0.0409 0.1670 0.1581 0.1703 
           2  1 0.1804 0.0835 0.1912 0.0720 0.0897 0.2443 0.1389 
           3  1 0.1496 0.1470 0.1475 0.0796 0.1602 0.1514 0.1648 
           4  1 0.1593 0.1200 0.1593 0.1092 0.1299 0.1681 0.1543 
           5  1 0.1470 0.1651 0.1456 0.0651 0.1704 0.1462 0.1605 
           6  1 0.1586 0.1556 0.1507 0.0506 0.1568 0.1540 0.1738 
           7  1 0.1390 0.1724 0.1435 0.0655 0.1812 0.1358 0.1627 
           8  1 0.1675 0.1204 0.1747 0.0814 0.1316 0.1757 0.1487 
           9  1 0.1555 0.1362 0.1553 0.0944 0.1454 0.1612 0.1520 
          10  1 0.1707 0.1460 0.1733 0.0567 0.1264 0.1778 0.1490 
          11  1 0.1485 0.1091 0.1485 0.1876 0.1146 0.1530 0.1387 
          12  1 0.1137 0.1152 0.1164 0.2119 0.1545 0.1253 0.1631 
          13  1 0.1575 0.1280 0.1595 0.0911 0.1416 0.1732 0.1490 
          14  1 0.0679 0.0572 0.0668 0.6152 0.0596 0.0688 0.0645 
          15  1 0.1503 0.1063 0.1522 0.2030 0.0989 0.1595 0.1299 
          16  1 0.1651 0.1401 0.1570 0.0685 0.1436 0.1612 0.1646 
          17  1 0.0873 0.0802 0.0906 0.5007 0.0785 0.0866 0.0760 
          18  1 0.1568 0.1380 0.1578 0.0554 0.1717 0.1527 0.1677 
          19  1 0.1374 0.1340 0.1401 0.1469 0.1679 0.1315 0.1422 
          20  1 0.1382 0.1687 0.1331 0.0780 0.1820 0.1353 0.1648 
          21  1 0.0788 0.0803 0.0778 0.5345 0.0721 0.0803 0.0762 
          22  1 0.1668 0.1201 0.1681 0.0578 0.1504 0.1736 0.1631 
          23  1 0.1655 0.1350 0.1704 0.0575 0.1447 0.1691 0.1579 
          24  1 0.1556 0.1660 0.1533 0.0543 0.1672 0.1369 0.1667 
          25  1 0.1568 0.1549 0.1542 0.0655 0.1483 0.1671 0.1532 
          26  1 0.1426 0.2225 0.1540 0.0430 0.1743 0.1283 0.1353 
          27  1 0.1688 0.1441 0.1639 0.0644 0.1419 0.1717 0.1452 
          28  1 0.1543 0.2370 0.1423 0.0344 0.1770 0.1242 0.1307 
          29  1 0.1390 0.0857 0.1375 0.2590 0.0947 0.1522 0.1318 
          30  1 0.1449 0.1831 0.1518 0.0814 0.1512 0.1417 0.1459 
          31  1 0.1878 0.1103 0.1707 0.0792 0.1217 0.1767 0.1536 
          32  1 0.1786 0.1286 0.1702 0.0719 0.1386 0.1624 0.1498 
          33  1 0.1722 0.1768 0.1648 0.0406 0.1535 0.1423 0.1498 
          34  1 0.1615 0.0962 0.1736 0.1185 0.1008 0.2056 0.1438 
          35  1 0.1841 0.1219 0.1830 0.0355 0.1225 0.2021 0.1509 
          36  1 0.1664 0.1579 0.1513 0.0970 0.1463 0.1425 0.1386 
          37  1 0.1585 0.1956 0.1619 0.0463 0.1477 0.1519 0.1381 
          38  1 0.1673 0.1205 0.1619 0.1322 0.1254 0.1566 0.1360 
          39  1 0.1719 0.1469 0.1709 0.0670 0.1404 0.1559 0.1470 
          40  1 0.0572 0.0548 0.0565 0.6643 0.0524 0.0589 0.0559 
          41  1 0.1624 0.1514 0.1702 0.0590 0.1438 0.1697 0.1435 
          42  1 0.1616 0.1484 0.1630 0.0478 0.1563 0.1643 0.1585 
          43  1 0.1836 0.1610 0.1704 0.0322 0.1361 0.1740 0.1428 
          44  1 0.1587 0.1560 0.1645 0.0704 0.1363 0.1580 0.1560 
          45  1 0.1862 0.1570 0.1679 0.0305 0.1352 0.1659 0.1573 
          46  1 0.1663 0.1554 0.1657 0.0607 0.1418 0.1688 0.1412 
          47  1 0.1650 0.1430 0.1592 0.1130 0.1363 0.1463 0.1373 
          48  1 0.1528 0.1381 0.1587 0.0963 0.1317 0.1538 0.1686 
          49  1 0.1615 0.1862 0.1537 0.0299 0.1773 0.1461 0.1452 
          50  1 0.1669 0.1384 0.1732 0.0510 0.1489 0.1645 0.1572 
          51  1 0.1442 0.2123 0.1455 0.0533 0.1799 0.1290 0.1357 
          52  1 0.1392 0.1855 0.1330 0.1162 0.1644 0.1272 0.1346 
          53  1 0.1646 0.1277 0.1746 0.0438 0.1430 0.1812 0.1652 
          54  1 0.1680 0.1257 0.1641 0.1056 0.1309 0.1659 0.1397 
          55  1 0.1348 0.1566 0.1344 0.1682 0.1520 0.1266 0.1273 
          56  1 0.1576 0.1540 0.1669 0.0480 0.1482 0.1574 0.1680 
          57  1 0.1544 0.1465 0.1543 0.0856 0.1551 0.1564 0.1476 
          58  1 0.1414 0.1402 0.1549 0.1449 0.1377 0.1499 0.1310 
          59  1 0.1847 0.1539 0.1791 0.0327 0.1374 0.1637 0.1486 
          60  1 0.1594 0.1372 0.1635 0.1125 0.1274 0.1599 0.1402 
          61  1 0.1393 0.2473 0.1351 0.0411 0.1873 0.1156 0.1343 
          62  1 0.1736 0.1781 0.1658 0.0374 0.1506 0.1463 0.1481 
          63  1 0.1515 0.1929 0.1479 0.0437 0.1725 0.1505 0.1410 
          64  1 0.0856 0.0994 0.0932 0.4385 0.0956 0.0943 0.0934 
          65  1 0.1556 0.1672 0.1567 0.0463 0.1659 0.1547 0.1535 
          66  1 0.1797 0.1684 0.1616 0.0311 0.1546 0.1497 0.1550 
          67  1 0.1554 0.1353 0.1669 0.0335 0.1651 0.1635 0.1803 
          68  1 0.1404 0.1676 0.1420 0.0581 0.1933 0.1468 0.1517 
          69  1 0.1793 0.1283 0.1867 0.0406 0.1278 0.1776 0.1598 
          70  1 0.1395 0.2814 0.1251 0.0240 0.1938 0.1007 0.1355 
          71  1 0.1684 0.1545 0.1653 0.0403 0.1453 0.1640 0.1624 
          72  1 0.1307 0.0980 0.1294 0.2969 0.0962 0.1343 0.1145 
          73  1 0.1737 0.1160 0.1839 0.0609 0.1230 0.2032 0.1393 
          74  1 0.1500 0.1500 0.1551 0.0821 0.1550 0.1560 0.1518 
          75  1 0.1458 0.1433 0.1411 0.0682 0.1748 0.1642 0.1626 
          76  1 0.1577 0.1878 0.1549 0.0385 0.1588 0.1488 0.1536 
          77  1 0.1522 0.1420 0.1535 0.0917 0.1683 0.1464 0.1460 
          78  1 0.1711 0.1396 0.1685 0.0334 0.1529 0.1614 0.1732 
          79  1 0.1616 0.1699 0.1637 0.0386 0.1516 0.1608 0.1537 
          80  1 0.1651 0.1706 0.1599 0.0377 0.1566 0.1433 0.1667 
          81  1 0.1264 0.1901 0.1231 0.0546 0.1957 0.1284 0.1818 
          82  1 0.0828 0.0780 0.0796 0.5080 0.0817 0.0830 0.0869 
          83  1 0.1624 0.1102 0.1633 0.1050 0.1293 0.1761 0.1538 
          84  1 0.0599 0.0529 0.0599 0.6554 0.0484 0.0641 0.0594 
          85  1 0.1651 0.1763 0.1604 0.0659 0.1541 0.1338 0.1444 
          86  1 0.1412 0.1610 0.1340 0.0665 0.1947 0.1330 0.1697 
          87  1 0.1609 0.1854 0.1461 0.0419 0.1564 0.1541 0.1552 
          88  1 0.1422 0.1415 0.1394 0.0380 0.1936 0.1584 0.1869 
          89  1 0.0597 0.0979 0.0584 0.4888 0.1306 0.0609 0.1037 
          90  1 0.1214 0.1791 0.1223 0.0397 0.2135 0.1340 0.1899 
          91  1 0.1733 0.1471 0.1691 0.0605 0.1535 0.1560 0.1405 
          92  1 0.1313 0.1055 0.1292 0.2518 0.1170 0.1409 0.1243 
          93  1 0.1464 0.1679 0.1352 0.0674 0.1696 0.1376 0.1759 
          94  1 0.1113 0.1925 0.1077 0.0256 0.2445 0.1161 0.2024 
          95  1 0.1070 0.2040 0.1014 0.0323 0.2464 0.1018 0.2070 
          96  1 0.0894 0.2227 0.0981 0.0289 0.2650 0.0849 0.2110 
          97  1 0.1262 0.1999 0.1275 0.0440 0.1967 0.1227 0.1830 
          98  1 0.1505 0.1542 0.1430 0.0315 0.1709 0.1636 0.1865 
          99  1 0.1270 0.1212 0.1254 0.2363 0.1392 0.1195 0.1314 
         100  1 0.1119 0.0996 0.1110 0.3819 0.1035 0.0995 0.0926 
         101  1 0.1389 0.2114 0.1324 0.0560 0.1765 0.1287 0.1561 
         102  1 0.1666 0.1217 0.1707 0.0872 0.1288 0.1730 0.1519 
         103  1 0.1331 0.2204 0.1356 0.0560 0.1694 0.1383 0.1471 
         104  1 0.1212 0.1944 0.1235 0.0232 0.2188 0.1260 0.1929 
         105  1 0.1714 0.1657 0.1534 0.0654 0.1431 0.1529 0.1482 
         106  1 0.1677 0.1122 0.1615 0.1123 0.1170 0.1896 0.1397 
         107  1 0.1532 0.1500 0.1386 0.0982 0.1548 0.1472 0.1579 
         108  1 0.1482 0.1613 0.1435 0.1175 0.1385 0.1438 0.1472 
         109  1 0.1296 0.1693 0.1237 0.1053 0.1767 0.1322 0.1633 
         110  1 0.1325 0.1520 0.1311 0.1198 0.1758 0.1356 0.1533 
         111  1 0.1157 0.1800 0.1080 0.0482 0.2359 0.1045 0.2077 
         112  1 0.1352 0.1622 0.1295 0.0390 0.2014 0.1367 0.1961 
         113  1 0.0648 0.0497 0.0675 0.6349 0.0569 0.0639 0.0623 
         114  1 0.1735 0.1601 0.1732 0.0378 0.1581 0.1534 0.1439 
         115  1 0.1381 0.1507 0.1354 0.1037 0.1750 0.1426 0.1544 
         116  1 0.1650 0.1158 0.1722 0.1149 0.1104 0.1790 0.1427 
         117  1 0.1771 0.1423 0.1706 0.0392 0.1487 0.1636 0.1585 
         118  1 0.1648 0.1576 0.1677 0.0441 0.1498 0.1681 0.1479 
         119  1 0.1417 0.1584 0.1324 0.1320 0.1537 0.1425 0.1393 
         120  1 0.1299 0.0928 0.1305 0.3067 0.0978 0.1292 0.1131 
         121  1 0.0323 0.0327 0.0330 0.8056 0.0304 0.0344 0.0316 
         122  1 0.1503 0.1890 0.1529 0.0570 0.1554 0.1430 0.1524 
         123  1 0.1050 0.0788 0.1115 0.4165 0.0806 0.1136 0.0941 
         124  1 0.1181 0.1874 0.1267 0.0703 0.2063 0.1185 0.1727 
         125  1 0.1328 0.1430 0.1392 0.0804 0.1809 0.1483 0.1753 
         126  1 0.1484 0.2206 0.1544 0.0366 0.1653 0.1306 0.1441 
         127  1 0.1278 0.0933 0.1300 0.2656 0.1168 0.1430 0.1233 
         128  1 0.1525 0.1573 0.1560 0.0619 0.1563 0.1579 0.1579 
         129  1 0.1204 0.1686 0.1233 0.1113 0.1908 0.1178 0.1679 
         130  1 0.1779 0.1377 0.1746 0.0382 0.1314 0.1809 0.1592 
         131  1 0.1620 0.1099 0.1600 0.1280 0.1159 0.1817 0.1426 
         132  1 0.1849 0.1427 0.1807 0.0350 0.1368 0.1643 0.1556 
         133  1 0.0645 0.0681 0.0678 0.6153 0.0565 0.0672 0.0605 
         134  1 0.1625 0.1252 0.1770 0.0335 0.1454 0.1956 0.1608 
         135  1 0.1928 0.0966 0.1845 0.0494 0.1013 0.2249 0.1506 
         136  1 0.1231 0.1079 0.1314 0.2661 0.1130 0.1274 0.1311 
         137  1 0.1498 0.1559 0.1522 0.1057 0.1496 0.1516 0.1352 
         138  1 0.1520 0.1841 0.1598 0.0237 0.1496 0.1633 0.1676 
         139  1 0.1502 0.1743 0.1488 0.0666 0.1614 0.1491 0.1497 
         140  1 0.1663 0.1537 0.1617 0.0523 0.1556 0.1540 0.1565 
         141  1 0.0595 0.0563 0.0616 0.6514 0.0522 0.0653 0.0537 
         142  1 0.1497 0.1278 0.1461 0.1563 0.1273 0.1506 0.1421 
         143  1 0.1448 0.1435 0.1486 0.1337 0.1378 0.1443 0.1473 
         144  1 0.1794 0.0987 0.1888 0.0856 0.0982 0.2121 0.1373 
         145  1 0.1286 0.1699 0.1326 0.0284 0.2189 0.1313 0.1902 
         146  1 0.1487 0.1456 0.1564 0.0631 0.1534 0.1621 0.1707 
         147  1 0.1455 0.1723 0.1373 0.0542 0.1879 0.1425 0.1604 
         148  1 0.1695 0.1374 0.1740 0.0550 0.1290 0.1812 0.1537 
         149  1 0.1537 0.1198 0.1606 0.1432 0.1275 0.1546 0.1405 
         150  1 0.1286 0.1773 0.1238 0.0759 0.2022 0.1110 0.1811 
         151  1 0.1047 0.1510 0.1007 0.2402 0.1731 0.1018 0.1285 
         152  1 0.1320 0.2624 0.1338 0.0240 0.1916 0.1247 0.1315 
         153  1 0.1253 0.1458 0.1296 0.1742 0.1601 0.1221 0.1429 
         154  1 0.1513 0.1242 0.1586 0.1152 0.1383 0.1650 0.1475 
         155  1 0.0957 0.0760 0.0959 0.4793 0.0722 0.0980 0.0828 
         156  1 0.1676 0.1219 0.1627 0.0548 0.1325 0.1999 0.1607 
         157  1 0.1783 0.1159 0.1846 0.0608 0.1206 0.1908 0.1491 
         158  1 0.1483 0.1611 0.1469 0.0847 0.1619 0.1512 0.1458 
         159  1 0.1669 0.1333 0.1587 0.0853 0.1456 0.1564 0.1538 
         160  1 0.0761 0.0559 0.0806 0.5675 0.0596 0.0863 0.0741 
         161  1 0.1743 0.1334 0.1709 0.0613 0.1230 0.1828 0.1543 
         162  1 0.1233 0.1514 0.1143 0.2178 0.1425 0.1135 0.1372 
         163  1 0.1554 0.1535 0.1614 0.0763 0.1431 0.1605 0.1498 
         164  1 0.1071 0.1685 0.1044 0.0276 0.2590 0.1117 0.2216 
         165  1 0.1302 0.1770 0.1236 0.0600 0.1900 0.1363 0.1829 
         166  1 0.0644 0.0649 0.0703 0.6088 0.0643 0.0649 0.0623 
         167  1 0.1306 0.2520 0.1313 0.0688 0.1703 0.1177 0.1294 
         168  1 0.1487 0.1633 0.1498 0.1259 0.1334 0.1440 0.1349 
         169  1 0.1485 0.1581 0.1576 0.0688 0.1537 0.1518 0.1616 
         170  1 0.0355 0.0362 0.0346 0.7846 0.0394 0.0353 0.0345 
         171  1 0.1667 0.1450 0.1702 0.0551 0.1386 0.1655 0.1589 
         172  1 0.1666 0.1705 0.1607 0.0621 0.1489 0.1479 0.1434 
         173  1 0.0544 0.0464 0.0524 0.6864 0.0537 0.0536 0.0531 
         174  1 0.1555 0.1618 0.1500 0.0509 0.1641 0.1533 0.1643 
         175  1 0.1487 0.2002 0.1493 0.0391 0.1666 0.1435 0.1526 
         176  1 0.1682 0.1395 0.1809 0.0424 0.1375 0.1749 0.1565 
         177  1 0.1492 0.1921 0.1523 0.0662 0.1477 0.1494 0.1430 
         178  1 0.1693 0.1367 0.1712 0.0801 0.1406 0.1694 0.1327 
         179  1 0.1318 0.2557 0.1375 0.0467 0.1785 0.1149 0.1349 
         180  1 0.1572 0.1337 0.1634 0.1116 0.1337 0.1504 0.1500 
         181  1 0.1293 0.1144 0.1325 0.2155 0.1300 0.1406 0.1377 
         182  1 0.1637 0.1467 0.1630 0.0568 0.1469 0.1628 0.1602 
         183  1 0.0549 0.0511 0.0533 0.6733 0.0561 0.0561 0.0552 
         184  1 0.1328 0.1712 0.1304 0.0799 0.1857 0.1358 0.1642 
         185  1 0.0668 0.0550 0.0682 0.6165 0.0570 0.0711 0.0654 
         186  1 0.0568 0.0618 0.0597 0.6462 0.0622 0.0537 0.0596 
         187  1 0.1685 0.1461 0.1719 0.0517 0.1386 0.1702 0.1530 
         188  1 0.1167 0.1632 0.1243 0.0619 0.2241 0.1266 0.1833 
         189  1 0.1378 0.1388 0.1454 0.1531 0.1527 0.1403 0.1317 
         190  1 0.1778 0.1108 0.1702 0.0532 0.1446 0.1948 0.1486 
         191  1 0.1561 0.1191 0.1664 0.1015 0.1303 0.1704 0.1562 
         192  1 0.1815 0.0866 0.1871 0.0556 0.1080 0.2272 0.1540 
         193  1 0.1456 0.1549 0.1509 0.0552 0.1782 0.1597 0.1553 
         194  1 0.1618 0.1295 0.1710 0.0935 0.1310 0.1649 0.1483 
         195  1 0.1681 0.1556 0.1668 0.0665 0.1318 0.1710 0.1402 
         196  1 0.0689 0.0722 0.0667 0.5653 0.0828 0.0677 0.0764 
         197  1 0.1518 0.1615 0.1699 0.0500 0.1490 0.1654 0.1524 
         198  1 0.0915 0.0838 0.0877 0.4467 0.0957 0.0996 0.0952 
         199  1 0.1558 0.1658 0.1562 0.0483 0.1530 0.1580 0.1630 
         200  1 0.1170 0.2085 0.1079 0.0385 0.2310 0.1014 0.1955 
         201  1 0.1618 0.1696 0.1681 0.0452 0.1534 0.1497 0.1521 
         202  1 0.1589 0.1328 0.1671 0.0494 0.1300 0.2082 0.1536 
         203  1 0.1577 0.1763 0.1539 0.0742 0.1506 0.1583 0.1290 
         204  1 0.1658 0.1714 0.1658 0.0357 0.1492 0.1479 0.1641 
         205  1 0.1798 0.1364 0.1783 0.0607 0.1331 0.1627 0.1490 
         206  1 0.1727 0.1326 0.1794 0.0770 0.1166 0.1706 0.1511 
         207  1 0.1728 0.1127 0.1808 0.0673 0.1159 0.1977 0.1527 
         208  1 0.0946 0.0873 0.0926 0.4806 0.0767 0.0876 0.0807 
         209  1 0.1761 0.1209 0.1827 0.0470 0.1223 0.1940 0.1570 
         210  1 0.1511 0.1719 0.1515 0.0485 0.1676 0.1549 0.1545 
         211  1 0.1022 0.0906 0.1086 0.4137 0.0839 0.1058 0.0951 
         212  1 0.0871 0.0765 0.0858 0.5044 0.0793 0.0841 0.0828 
         213  1 0.1607 0.1644 0.1586 0.0768 0.1452 0.1507 0.1436 
         214  1 0.1458 0.1865 0.1409 0.0305 0.1804 0.1527 0.1632 
         215  1 0.1572 0.1510 0.1451 0.0437 0.1636 0.1645 0.1750 
         216  1 0.0704 0.0602 0.0718 0.5856 0.0678 0.0741 0.0700 
         217  1 0.1205 0.1954 0.1297 0.1378 0.1711 0.1213 0.1242 
         218  1 0.1660 0.1169 0.1704 0.1034 0.1311 0.1623 0.1498 
         219  1 0.1648 0.1812 0.1582 0.0323 0.1376 0.1835 0.1423 
         220  1 0.1732 0.1267 0.1840 0.0380 0.1298 0.2035 0.1448 
         221  1 0.1483 0.1512 0.1346 0.1338 0.1548 0.1371 0.1402 
         222  1 0.1816 0.1409 0.1764 0.0462 0.1292 0.1743 0.1513 
         223  1 0.1308 0.1796 0.1252 0.0681 0.1933 0.1343 0.1688 
         224  1 0.1461 0.2243 0.1556 0.0294 0.1652 0.1450 0.1344 
