           1  1 0.0312 0.1306 0.1235 0.1135 0.1167 0.1146 0.1045 0.1445 0.1209 
           2  1 0.0482 0.0911 0.1486 0.1239 0.1176 0.1418 0.1283 0.0939 0.1066 
           3  1 0.0544 0.1291 0.1227 0.1062 0.1169 0.1155 0.1094 0.1301 0.1158 
           4  1 0.0789 0.1180 0.1214 0.1168 0.1180 0.1292 0.1049 0.0999 0.1128 
           5  1 0.0512 0.1313 0.1122 0.1158 0.1194 0.1225 0.1062 0.1148 0.1267 
           6  1 0.0365 0.1198 0.1206 0.1189 0.1184 0.1172 0.1150 0.1250 0.1286 
           7  1 0.0391 0.1471 0.1103 0.1172 0.1211 0.1151 0.1178 0.1203 0.1119 
           8  1 0.0707 0.1032 0.1246 0.1163 0.1263 0.1193 0.1129 0.1160 0.1108 
           9  1 0.0733 0.1093 0.1230 0.1250 0.1146 0.1199 0.1126 0.1112 0.1112 
          10  1 0.0436 0.1095 0.1219 0.1237 0.1170 0.1263 0.1272 0.1024 0.1285 
          11  1 0.1246 0.1023 0.1146 0.1135 0.1168 0.1187 0.1116 0.0925 0.1054 
          12  1 0.1516 0.1406 0.0957 0.1003 0.0993 0.0948 0.0871 0.1336 0.0971 
          13  1 0.0580 0.1289 0.1133 0.1086 0.1301 0.1259 0.1240 0.1000 0.1113 
          14  1 0.4962 0.0630 0.0633 0.0607 0.0663 0.0646 0.0686 0.0571 0.0602 
          15  1 0.1466 0.0951 0.1216 0.1116 0.1072 0.1153 0.1052 0.0857 0.1118 
          16  1 0.0481 0.1195 0.1287 0.1142 0.1186 0.1177 0.1176 0.1140 0.1215 
          17  1 0.4125 0.0626 0.0746 0.0783 0.0764 0.0761 0.0730 0.0719 0.0745 
          18  1 0.0378 0.1302 0.1162 0.1193 0.1250 0.1129 0.1231 0.1262 0.1093 
          19  1 0.0830 0.1414 0.0999 0.1046 0.1235 0.1079 0.1161 0.1174 0.1061 
          20  1 0.0470 0.1352 0.1155 0.1209 0.1209 0.1139 0.1065 0.1253 0.1146 
          21  1 0.4815 0.0648 0.0657 0.0635 0.0651 0.0617 0.0671 0.0653 0.0653 
          22  1 0.0335 0.1296 0.1265 0.1177 0.1308 0.1247 0.1188 0.1077 0.1107 
          23  1 0.0399 0.1123 0.1283 0.1173 0.1220 0.1263 0.1225 0.1181 0.1133 
          24  1 0.0372 0.1318 0.1153 0.1190 0.1127 0.1225 0.1082 0.1313 0.1220 
          25  1 0.0468 0.1259 0.1216 0.1144 0.1226 0.1157 0.1131 0.1263 0.1137 
          26  1 0.0318 0.0846 0.1075 0.1327 0.1151 0.1133 0.1497 0.1212 0.1440 
          27  1 0.0521 0.0997 0.1263 0.1199 0.1208 0.1278 0.1271 0.1074 0.1189 
          28  1 0.0295 0.0809 0.1080 0.1313 0.1149 0.1192 0.1503 0.1240 0.1418 
          29  1 0.1748 0.0933 0.1101 0.1061 0.1151 0.1144 0.1047 0.0866 0.0948 
          30  1 0.0698 0.1079 0.1107 0.1192 0.1094 0.1152 0.1266 0.1189 0.1223 
          31  1 0.0569 0.1118 0.1344 0.1132 0.1263 0.1202 0.1197 0.1073 0.1103 
          32  1 0.0440 0.1186 0.1263 0.1165 0.1272 0.1251 0.1210 0.1001 0.1212 
          33  1 0.0292 0.1017 0.1275 0.1248 0.1247 0.1217 0.1335 0.1140 0.1228 
          34  1 0.0777 0.1067 0.1340 0.1164 0.1194 0.1344 0.1162 0.0929 0.1023 
          35  1 0.0280 0.0940 0.1312 0.1227 0.1298 0.1432 0.1258 0.1049 0.1205 
          36  1 0.0697 0.1086 0.1169 0.1209 0.1212 0.1167 0.1162 0.1101 0.1197 
          37  1 0.0385 0.0890 0.1222 0.1239 0.1258 0.1174 0.1339 0.1154 0.1339 
          38  1 0.0884 0.1080 0.1208 0.1135 0.1190 0.1183 0.1144 0.1020 0.1155 
          39  1 0.0527 0.1021 0.1233 0.1192 0.1239 0.1261 0.1286 0.1058 0.1182 
          40  1 0.5760 0.0519 0.0507 0.0546 0.0544 0.0545 0.0549 0.0500 0.0530 
          41  1 0.0463 0.1068 0.1235 0.1245 0.1153 0.1294 0.1224 0.1128 0.1190 
          42  1 0.0362 0.1153 0.1236 0.1282 0.1190 0.1247 0.1192 0.1183 0.1156 
          43  1 0.0265 0.1008 0.1262 0.1288 0.1300 0.1291 0.1314 0.1070 0.1203 
          44  1 0.0554 0.1213 0.1202 0.1148 0.1173 0.1203 0.1128 0.1128 0.1251 
          45  1 0.0233 0.1052 0.1407 0.1262 0.1311 0.1252 0.1244 0.1081 0.1158 
          46  1 0.0460 0.1042 0.1266 0.1206 0.1269 0.1231 0.1240 0.1072 0.1214 
          47  1 0.0839 0.1037 0.1199 0.1151 0.1196 0.1195 0.1192 0.1025 0.1166 
          48  1 0.0696 0.1227 0.1221 0.1078 0.1150 0.1199 0.1143 0.1140 0.1145 
          49  1 0.0220 0.1155 0.1208 0.1300 0.1231 0.1171 0.1235 0.1290 0.1189 
          50  1 0.0357 0.1167 0.1223 0.1147 0.1256 0.1338 0.1197 0.1119 0.1196 
          51  1 0.0392 0.0922 0.1100 0.1315 0.1165 0.1237 0.1394 0.1243 0.1232 
          52  1 0.0908 0.0920 0.1184 0.1238 0.1099 0.1089 0.1278 0.1054 0.1229 
          53  1 0.0375 0.1348 0.1277 0.1171 0.1182 0.1245 0.1128 0.1138 0.1135 
          54  1 0.0598 0.1063 0.1286 0.1226 0.1195 0.1232 0.1242 0.0954 0.1205 
          55  1 0.1063 0.1101 0.1069 0.1144 0.1206 0.1080 0.1199 0.1048 0.1090 
          56  1 0.0360 0.1073 0.1240 0.1224 0.1188 0.1230 0.1208 0.1251 0.1227 
          57  1 0.0647 0.1182 0.1197 0.1167 0.1219 0.1151 0.1165 0.1128 0.1143 
          58  1 0.1087 0.0927 0.1194 0.1126 0.1176 0.1187 0.1204 0.0956 0.1143 
          59  1 0.0262 0.1057 0.1300 0.1210 0.1255 0.1316 0.1325 0.1153 0.1122 
          60  1 0.0841 0.1061 0.1217 0.1244 0.1151 0.1162 0.1173 0.0989 0.1162 
          61  1 0.0330 0.0793 0.1081 0.1308 0.1121 0.1137 0.1553 0.1235 0.1442 
          62  1 0.0295 0.1093 0.1314 0.1196 0.1213 0.1221 0.1403 0.1177 0.1087 
          63  1 0.0360 0.1064 0.1231 0.1308 0.1105 0.1205 0.1328 0.1143 0.1256 
          64  1 0.3884 0.0799 0.0732 0.0759 0.0706 0.0729 0.0770 0.0864 0.0758 
          65  1 0.0349 0.1116 0.1284 0.1221 0.1223 0.1227 0.1201 0.1114 0.1264 
          66  1 0.0251 0.1037 0.1243 0.1234 0.1218 0.1261 0.1380 0.1194 0.1181 
          67  1 0.0258 0.1565 0.1216 0.1206 0.1090 0.1138 0.1124 0.1271 0.1133 
          68  1 0.0395 0.1310 0.1180 0.1243 0.1196 0.1173 0.1122 0.1163 0.1218 
          69  1 0.0300 0.1163 0.1346 0.1185 0.1208 0.1290 0.1180 0.1166 0.1163 
          70  1 0.0193 0.0839 0.1057 0.1404 0.1071 0.1087 0.1573 0.1325 0.1450 
          71  1 0.0316 0.1174 0.1249 0.1174 0.1202 0.1246 0.1208 0.1259 0.1171 
          72  1 0.2515 0.0823 0.0990 0.0983 0.1002 0.0962 0.0958 0.0875 0.0890 
          73  1 0.0452 0.0986 0.1363 0.1218 0.1189 0.1416 0.1217 0.1006 0.1153 
          74  1 0.0584 0.1111 0.1275 0.1124 0.1158 0.1210 0.1172 0.1221 0.1147 
          75  1 0.0507 0.1333 0.1104 0.1193 0.1135 0.1116 0.1065 0.1386 0.1161 
          76  1 0.0304 0.1068 0.1209 0.1238 0.1241 0.1225 0.1287 0.1144 0.1283 
          77  1 0.0533 0.1408 0.1082 0.1210 0.1203 0.1172 0.1166 0.1070 0.1157 
          78  1 0.0252 0.1127 0.1248 0.1242 0.1202 0.1260 0.1190 0.1222 0.1255 
          79  1 0.0297 0.1000 0.1212 0.1272 0.1301 0.1259 0.1322 0.1162 0.1176 
          80  1 0.0292 0.1171 0.1205 0.1237 0.1213 0.1184 0.1154 0.1284 0.1260 
          81  1 0.0443 0.1632 0.1085 0.1137 0.1019 0.1096 0.0949 0.1479 0.1159 
          82  1 0.4160 0.0818 0.0719 0.0691 0.0755 0.0683 0.0703 0.0725 0.0746 
          83  1 0.0676 0.1203 0.1223 0.1139 0.1190 0.1234 0.1085 0.1140 0.1109 
          84  1 0.5672 0.0498 0.0567 0.0546 0.0571 0.0572 0.0560 0.0467 0.0546 
          85  1 0.0465 0.1044 0.1215 0.1218 0.1240 0.1208 0.1325 0.1217 0.1068 
          86  1 0.0536 0.1421 0.1099 0.1163 0.1120 0.1119 0.1066 0.1244 0.1231 
          87  1 0.0356 0.1050 0.1182 0.1217 0.1153 0.1204 0.1367 0.1307 0.1163 
          88  1 0.0324 0.1695 0.1063 0.1075 0.1128 0.1093 0.1023 0.1545 0.1053 
          89  1 0.4411 0.1062 0.0552 0.0639 0.0580 0.0517 0.0509 0.1056 0.0674 
          90  1 0.0356 0.1671 0.1054 0.1171 0.1056 0.0959 0.0883 0.1726 0.1124 
          91  1 0.0426 0.1193 0.1252 0.1143 0.1329 0.1254 0.1148 0.1072 0.1183 
          92  1 0.1651 0.1022 0.1052 0.1130 0.1092 0.1123 0.1000 0.0943 0.0987 
          93  1 0.0540 0.1398 0.1120 0.1113 0.1164 0.1063 0.1055 0.1288 0.1259 
          94  1 0.0212 0.2008 0.0883 0.1162 0.0982 0.0846 0.0822 0.1907 0.1177 
          95  1 0.0266 0.1957 0.0830 0.1198 0.0943 0.0773 0.0903 0.1962 0.1167 
          96  1 0.0251 0.2201 0.0766 0.1103 0.0897 0.0726 0.0725 0.2151 0.1180 
          97  1 0.0381 0.1502 0.0991 0.1119 0.1121 0.1014 0.1039 0.1566 0.1266 
          98  1 0.0254 0.1499 0.1187 0.1220 0.1141 0.1067 0.1094 0.1469 0.1069 
          99  1 0.1534 0.1210 0.1036 0.0999 0.1101 0.1004 0.1078 0.0986 0.1052 
         100  1 0.2777 0.0839 0.0891 0.0865 0.1011 0.0958 0.0977 0.0836 0.0847 
         101  1 0.0467 0.1215 0.1115 0.1209 0.1183 0.1012 0.1163 0.1313 0.1323 
         102  1 0.0682 0.1044 0.1294 0.1141 0.1181 0.1300 0.1171 0.1003 0.1184 
         103  1 0.0487 0.1055 0.1142 0.1280 0.1099 0.1115 0.1302 0.1247 0.1272 
         104  1 0.0204 0.1675 0.1037 0.1211 0.1060 0.0936 0.1005 0.1735 0.1137 
         105  1 0.0473 0.1024 0.1227 0.1238 0.1249 0.1253 0.1263 0.1055 0.1218 
         106  1 0.0746 0.1014 0.1247 0.1087 0.1195 0.1319 0.1213 0.1020 0.1157 
         107  1 0.0870 0.1144 0.1134 0.1140 0.1090 0.1135 0.1115 0.1144 0.1227 
         108  1 0.0931 0.0982 0.1140 0.1180 0.1165 0.1216 0.1154 0.1090 0.1141 
         109  1 0.0795 0.1570 0.0963 0.1172 0.1053 0.1025 0.0942 0.1319 0.1161 
         110  1 0.0817 0.1254 0.1123 0.1135 0.1151 0.1126 0.1108 0.1193 0.1094 
         111  1 0.0388 0.1891 0.0929 0.1073 0.0987 0.0860 0.0777 0.1994 0.1101 
         112  1 0.0304 0.1791 0.1004 0.1124 0.1118 0.0999 0.0940 0.1502 0.1217 
         113  1 0.5449 0.0585 0.0585 0.0554 0.0562 0.0618 0.0557 0.0530 0.0561 
         114  1 0.0282 0.1050 0.1271 0.1232 0.1259 0.1291 0.1291 0.1123 0.1202 
         115  1 0.0747 0.1354 0.1060 0.1155 0.1162 0.1076 0.1132 0.1150 0.1164 
         116  1 0.0852 0.1008 0.1190 0.1217 0.1114 0.1252 0.1231 0.0963 0.1172 
         117  1 0.0294 0.1087 0.1281 0.1219 0.1265 0.1262 0.1244 0.1185 0.1165 
         118  1 0.0357 0.1037 0.1292 0.1253 0.1166 0.1286 0.1254 0.1108 0.1248 
         119  1 0.0937 0.1165 0.1146 0.1159 0.1207 0.1071 0.1125 0.0976 0.1215 
         120  1 0.2024 0.0945 0.1075 0.0968 0.1070 0.1083 0.1042 0.0794 0.0998 
         121  1 0.7414 0.0329 0.0304 0.0307 0.0342 0.0347 0.0343 0.0291 0.0324 
         122  1 0.0411 0.1051 0.1212 0.1235 0.1158 0.1164 0.1391 0.1173 0.1206 
         123  1 0.3184 0.0812 0.0884 0.0840 0.0902 0.0924 0.0869 0.0733 0.0853 
         124  1 0.0569 0.1516 0.1020 0.1124 0.1073 0.0990 0.0922 0.1685 0.1100 
         125  1 0.0735 0.1366 0.1105 0.1179 0.1031 0.1045 0.1046 0.1409 0.1086 
         126  1 0.0288 0.0976 0.1108 0.1385 0.1135 0.1173 0.1349 0.1242 0.1343 
         127  1 0.1632 0.1026 0.1077 0.1037 0.1082 0.1096 0.1035 0.1025 0.0991 
         128  1 0.0451 0.1120 0.1217 0.1195 0.1233 0.1229 0.1179 0.1166 0.1209 
         129  1 0.0699 0.1480 0.1016 0.1028 0.1101 0.1005 0.0988 0.1506 0.1175 
         130  1 0.0277 0.1086 0.1349 0.1200 0.1234 0.1266 0.1275 0.1142 0.1172 
         131  1 0.1049 0.0981 0.1245 0.1100 0.1124 0.1268 0.1124 0.0975 0.1134 
         132  1 0.0245 0.1106 0.1316 0.1242 0.1251 0.1258 0.1251 0.1143 0.1186 
         133  1 0.5588 0.0531 0.0528 0.0562 0.0575 0.0559 0.0585 0.0495 0.0578 
         134  1 0.0277 0.1180 0.1239 0.1203 0.1242 0.1293 0.1174 0.1267 0.1125 
         135  1 0.0376 0.0959 0.1457 0.1204 0.1236 0.1453 0.1173 0.0986 0.1156 
         136  1 0.2274 0.1130 0.0971 0.0877 0.0973 0.0951 0.0906 0.0986 0.0931 
         137  1 0.0683 0.1031 0.1175 0.1191 0.1199 0.1198 0.1201 0.1160 0.1162 
         138  1 0.0191 0.1304 0.1237 0.1228 0.1160 0.1203 0.1127 0.1368 0.1183 
         139  1 0.0544 0.1011 0.1156 0.1220 0.1174 0.1278 0.1241 0.1182 0.1193 
         140  1 0.0398 0.1124 0.1165 0.1276 0.1188 0.1195 0.1197 0.1179 0.1278 
         141  1 0.5840 0.0514 0.0546 0.0491 0.0534 0.0555 0.0529 0.0470 0.0520 
         142  1 0.1126 0.1075 0.1210 0.1074 0.1203 0.1139 0.1094 0.0922 0.1156 
         143  1 0.1146 0.1092 0.1097 0.1125 0.1067 0.1069 0.1128 0.1127 0.1149 
         144  1 0.0751 0.0946 0.1275 0.1169 0.1262 0.1324 0.1163 0.1041 0.1069 
         145  1 0.0224 0.1762 0.1044 0.1126 0.1079 0.0958 0.0993 0.1659 0.1155 
         146  1 0.0499 0.1281 0.1203 0.1168 0.1187 0.1194 0.1081 0.1222 0.1165 
         147  1 0.0394 0.1339 0.1183 0.1192 0.1072 0.1148 0.1180 0.1339 0.1153 
         148  1 0.0386 0.1097 0.1288 0.1143 0.1176 0.1363 0.1246 0.1056 0.1244 
         149  1 0.0934 0.1042 0.1164 0.1104 0.1164 0.1240 0.1195 0.1078 0.1079 
         150  1 0.0484 0.2016 0.0875 0.0968 0.1120 0.0996 0.1009 0.1383 0.1148 
         151  1 0.1466 0.1427 0.0834 0.1029 0.1165 0.0986 0.1007 0.1039 0.1047 
         152  1 0.0208 0.0788 0.1033 0.1289 0.1192 0.1191 0.1528 0.1356 0.1414 
         153  1 0.1189 0.1500 0.0918 0.0968 0.1176 0.0993 0.1093 0.1029 0.1134 
         154  1 0.0805 0.1111 0.1171 0.1179 0.1251 0.1144 0.1085 0.1119 0.1134 
         155  1 0.3949 0.0734 0.0810 0.0728 0.0808 0.0783 0.0775 0.0695 0.0719 
         156  1 0.0446 0.1062 0.1212 0.1257 0.1255 0.1259 0.1208 0.1155 0.1145 
         157  1 0.0440 0.0992 0.1289 0.1176 0.1269 0.1366 0.1142 0.1168 0.1158 
         158  1 0.0706 0.1143 0.1190 0.1215 0.1131 0.1169 0.1080 0.1127 0.1239 
         159  1 0.0671 0.1189 0.1244 0.1124 0.1141 0.1208 0.1147 0.1109 0.1167 
         160  1 0.4572 0.0582 0.0746 0.0648 0.0703 0.0741 0.0682 0.0637 0.0690 
         161  1 0.0520 0.1037 0.1279 0.1199 0.1213 0.1333 0.1199 0.1069 0.1150 
         162  1 0.1788 0.1301 0.0948 0.0968 0.1012 0.1015 0.0892 0.1023 0.1054 
         163  1 0.0590 0.1000 0.1166 0.1184 0.1221 0.1227 0.1276 0.1086 0.1249 
         164  1 0.0218 0.2235 0.0805 0.1087 0.0951 0.0801 0.0724 0.2132 0.1047 
         165  1 0.0433 0.1745 0.1007 0.1110 0.1124 0.1068 0.0921 0.1356 0.1235 
         166  1 0.5393 0.0527 0.0604 0.0563 0.0624 0.0593 0.0597 0.0546 0.0553 
         167  1 0.0642 0.0832 0.1046 0.1255 0.1143 0.1106 0.1397 0.1181 0.1398 
         168  1 0.0913 0.0998 0.1068 0.1146 0.1148 0.1157 0.1243 0.1035 0.1291 
         169  1 0.0569 0.1127 0.1162 0.1187 0.1176 0.1212 0.1164 0.1173 0.1230 
         170  1 0.7358 0.0359 0.0318 0.0336 0.0313 0.0313 0.0337 0.0344 0.0321 
         171  1 0.0421 0.1053 0.1245 0.1222 0.1204 0.1247 0.1221 0.1136 0.1250 
         172  1 0.0457 0.1116 0.1144 0.1269 0.1235 0.1197 0.1234 0.1100 0.1247 
         173  1 0.5919 0.0499 0.0528 0.0486 0.0530 0.0536 0.0487 0.0501 0.0514 
         174  1 0.0353 0.1290 0.1159 0.1217 0.1254 0.1132 0.1167 0.1246 0.1181 
         175  1 0.0325 0.1016 0.1220 0.1163 0.1211 0.1191 0.1304 0.1234 0.1335 
         176  1 0.0327 0.1003 0.1276 0.1217 0.1232 0.1323 0.1259 0.1186 0.1179 
         177  1 0.0521 0.0965 0.1220 0.1223 0.1175 0.1210 0.1323 0.1124 0.1239 
         178  1 0.0593 0.1018 0.1209 0.1254 0.1262 0.1257 0.1193 0.1035 0.1180 
         179  1 0.0412 0.0892 0.1048 0.1208 0.1140 0.1129 0.1508 0.1253 0.1411 
         180  1 0.0752 0.1089 0.1221 0.1126 0.1156 0.1163 0.1200 0.1081 0.1213 
         181  1 0.1357 0.1181 0.1105 0.1062 0.1092 0.1077 0.1057 0.1066 0.1002 
         182  1 0.0429 0.1206 0.1227 0.1159 0.1161 0.1116 0.1159 0.1328 0.1214 
         183  1 0.6060 0.0528 0.0481 0.0509 0.0499 0.0476 0.0468 0.0502 0.0479 
         184  1 0.0645 0.1351 0.1136 0.1177 0.1102 0.1120 0.1000 0.1306 0.1164 
         185  1 0.5361 0.0576 0.0571 0.0561 0.0574 0.0601 0.0570 0.0556 0.0630 
         186  1 0.5435 0.0607 0.0570 0.0561 0.0586 0.0557 0.0571 0.0545 0.0570 
         187  1 0.0396 0.1123 0.1239 0.1217 0.1230 0.1289 0.1172 0.1170 0.1163 
         188  1 0.0400 0.1911 0.0888 0.1083 0.1028 0.0914 0.0955 0.1756 0.1064 
         189  1 0.0976 0.1230 0.1099 0.1119 0.1147 0.1138 0.1119 0.1097 0.1075 
         190  1 0.0340 0.1259 0.1216 0.1143 0.1288 0.1260 0.1298 0.1059 0.1137 
         191  1 0.0582 0.1181 0.1207 0.1188 0.1275 0.1253 0.1161 0.1001 0.1152 
         192  1 0.0401 0.1043 0.1376 0.1235 0.1231 0.1424 0.1165 0.0986 0.1139 
         193  1 0.0390 0.1306 0.1178 0.1172 0.1147 0.1176 0.1136 0.1364 0.1131 
         194  1 0.0656 0.1169 0.1264 0.1239 0.1183 0.1235 0.1124 0.1019 0.1110 
         195  1 0.0474 0.0922 0.1329 0.1145 0.1224 0.1308 0.1364 0.1159 0.1076 
         196  1 0.4755 0.0721 0.0590 0.0651 0.0636 0.0637 0.0643 0.0702 0.0666 
         197  1 0.0427 0.1153 0.1215 0.1213 0.1188 0.1177 0.1279 0.1155 0.1191 
         198  1 0.3570 0.0791 0.0830 0.0800 0.0795 0.0819 0.0743 0.0877 0.0775 
         199  1 0.0429 0.1024 0.1271 0.1247 0.1149 0.1184 0.1262 0.1134 0.1299 
         200  1 0.0286 0.1791 0.0936 0.1142 0.1075 0.0882 0.0944 0.1727 0.1216 
         201  1 0.0326 0.1105 0.1198 0.1244 0.1199 0.1247 0.1323 0.1184 0.1173 
         202  1 0.0431 0.1081 0.1267 0.1209 0.1259 0.1307 0.1147 0.1158 0.1140 
         203  1 0.0605 0.0990 0.1171 0.1304 0.1124 0.1168 0.1242 0.1092 0.1304 
         204  1 0.0295 0.1027 0.1243 0.1268 0.1130 0.1207 0.1290 0.1187 0.1352 
         205  1 0.0413 0.1058 0.1392 0.1168 0.1278 0.1185 0.1268 0.1085 0.1153 
         206  1 0.0594 0.1081 0.1389 0.1225 0.1262 0.1151 0.1205 0.0930 0.1163 
         207  1 0.0519 0.1007 0.1326 0.1305 0.1208 0.1294 0.1233 0.0993 0.1114 
         208  1 0.4219 0.0666 0.0731 0.0781 0.0728 0.0731 0.0732 0.0682 0.0731 
         209  1 0.0369 0.1044 0.1347 0.1196 0.1290 0.1398 0.1207 0.0954 0.1196 
         210  1 0.0361 0.1101 0.1248 0.1226 0.1279 0.1221 0.1180 0.1162 0.1221 
         211  1 0.3384 0.0679 0.0912 0.0855 0.0857 0.0849 0.0887 0.0758 0.0820 
         212  1 0.4297 0.0652 0.0744 0.0723 0.0735 0.0748 0.0784 0.0658 0.0658 
         213  1 0.0503 0.0960 0.1191 0.1186 0.1211 0.1274 0.1322 0.1141 0.1212 
         214  1 0.0247 0.1464 0.1081 0.1191 0.1118 0.1081 0.1050 0.1609 0.1159 
         215  1 0.0326 0.1315 0.1128 0.1200 0.1139 0.1221 0.1109 0.1379 0.1183 
         216  1 0.5004 0.0655 0.0643 0.0628 0.0648 0.0637 0.0603 0.0551 0.0632 
         217  1 0.1140 0.1066 0.1002 0.1080 0.1066 0.1120 0.1184 0.1158 0.1184 
         218  1 0.0647 0.1132 0.1287 0.1150 0.1227 0.1223 0.1216 0.1031 0.1089 
         219  1 0.0266 0.0912 0.1250 0.1273 0.1289 0.1317 0.1342 0.1196 0.1155 
         220  1 0.0304 0.0883 0.1274 0.1259 0.1378 0.1381 0.1350 0.1000 0.1171 
         221  1 0.0854 0.1203 0.1195 0.1154 0.1213 0.1192 0.1175 0.0960 0.1054 
         222  1 0.0354 0.0965 0.1339 0.1165 0.1228 0.1340 0.1374 0.1075 0.1160 
         223  1 0.0504 0.1474 0.0996 0.1072 0.1171 0.1070 0.1050 0.1513 0.1149 
         224  1 0.0272 0.0967 0.1145 0.1325 0.1165 0.1204 0.1384 0.1240 0.1297 
