           1  1 0.2598 0.2376 0.2523 0.2503 
           2  1 0.2337 0.2491 0.2678 0.2495 
           3  1 0.2575 0.2436 0.2505 0.2484 
           4  1 0.2445 0.2530 0.2491 0.2533 
           5  1 0.2493 0.2417 0.2528 0.2562 
           6  1 0.2587 0.2405 0.2501 0.2507 
           7  1 0.2523 0.2477 0.2501 0.2499 
           8  1 0.2440 0.2413 0.2584 0.2563 
           9  1 0.2529 0.2444 0.2514 0.2513 
          10  1 0.2514 0.2395 0.2572 0.2520 
          11  1 0.2456 0.2623 0.2451 0.2470 
          12  1 0.2472 0.2587 0.2491 0.2451 
          13  1 0.2402 0.2505 0.2537 0.2556 
          14  1 0.2347 0.2950 0.2359 0.2343 
          15  1 0.2364 0.2658 0.2474 0.2504 
          16  1 0.2504 0.2454 0.2520 0.2523 
          17  1 0.2400 0.2830 0.2380 0.2389 
          18  1 0.2567 0.2395 0.2471 0.2567 
          19  1 0.2438 0.2583 0.2459 0.2520 
          20  1 0.2528 0.2528 0.2468 0.2476 
          21  1 0.2399 0.2835 0.2357 0.2408 
          22  1 0.2492 0.2413 0.2534 0.2561 
          23  1 0.2500 0.2411 0.2552 0.2537 
          24  1 0.2691 0.2374 0.2461 0.2474 
          25  1 0.2524 0.2412 0.2514 0.2550 
          26  1 0.2584 0.2389 0.2502 0.2525 
          27  1 0.2510 0.2368 0.2543 0.2578 
          28  1 0.2527 0.2377 0.2533 0.2563 
          29  1 0.2409 0.2623 0.2499 0.2469 
          30  1 0.2563 0.2417 0.2508 0.2513 
          31  1 0.2442 0.2432 0.2593 0.2533 
          32  1 0.2463 0.2478 0.2516 0.2543 
          33  1 0.2534 0.2353 0.2545 0.2567 
          34  1 0.2381 0.2567 0.2588 0.2463 
          35  1 0.2451 0.2369 0.2613 0.2566 
          36  1 0.2542 0.2426 0.2501 0.2530 
          37  1 0.2564 0.2375 0.2546 0.2514 
          38  1 0.2525 0.2483 0.2467 0.2525 
          39  1 0.2527 0.2399 0.2505 0.2569 
          40  1 0.2355 0.2974 0.2324 0.2347 
          41  1 0.2484 0.2410 0.2531 0.2575 
          42  1 0.2563 0.2348 0.2568 0.2520 
          43  1 0.2535 0.2368 0.2594 0.2503 
          44  1 0.2559 0.2434 0.2477 0.2531 
          45  1 0.2522 0.2330 0.2602 0.2546 
          46  1 0.2524 0.2396 0.2550 0.2530 
          47  1 0.2495 0.2467 0.2490 0.2548 
          48  1 0.2547 0.2493 0.2476 0.2484 
          49  1 0.2577 0.2334 0.2573 0.2516 
          50  1 0.2524 0.2393 0.2538 0.2544 
          51  1 0.2541 0.2436 0.2522 0.2501 
          52  1 0.2517 0.2456 0.2512 0.2515 
          53  1 0.2525 0.2371 0.2556 0.2548 
          54  1 0.2497 0.2499 0.2486 0.2518 
          55  1 0.2483 0.2582 0.2458 0.2477 
          56  1 0.2599 0.2377 0.2518 0.2507 
          57  1 0.2486 0.2466 0.2522 0.2526 
          58  1 0.2432 0.2573 0.2517 0.2478 
          59  1 0.2524 0.2342 0.2561 0.2573 
          60  1 0.2514 0.2480 0.2479 0.2528 
          61  1 0.2618 0.2369 0.2484 0.2530 
          62  1 0.2567 0.2336 0.2521 0.2576 
          63  1 0.2612 0.2356 0.2498 0.2535 
          64  1 0.2433 0.2756 0.2414 0.2397 
          65  1 0.2505 0.2408 0.2533 0.2553 
          66  1 0.2566 0.2323 0.2513 0.2598 
          67  1 0.2525 0.2348 0.2554 0.2573 
          68  1 0.2522 0.2404 0.2507 0.2567 
          69  1 0.2567 0.2356 0.2542 0.2535 
          70  1 0.2723 0.2326 0.2449 0.2502 
          71  1 0.2535 0.2353 0.2574 0.2538 
          72  1 0.2434 0.2557 0.2536 0.2474 
          73  1 0.2462 0.2406 0.2558 0.2574 
          74  1 0.2535 0.2453 0.2531 0.2482 
          75  1 0.2529 0.2403 0.2540 0.2527 
          76  1 0.2615 0.2332 0.2512 0.2541 
          77  1 0.2467 0.2471 0.2530 0.2532 
          78  1 0.2572 0.2346 0.2517 0.2565 
          79  1 0.2532 0.2353 0.2567 0.2549 
          80  1 0.2658 0.2341 0.2480 0.2521 
          81  1 0.2619 0.2378 0.2497 0.2506 
          82  1 0.2352 0.2897 0.2370 0.2381 
          83  1 0.2472 0.2468 0.2533 0.2527 
          84  1 0.2360 0.2951 0.2362 0.2328 
          85  1 0.2565 0.2343 0.2542 0.2549 
          86  1 0.2540 0.2439 0.2508 0.2513 
          87  1 0.2559 0.2351 0.2562 0.2528 
          88  1 0.2548 0.2396 0.2527 0.2530 
          89  1 0.2412 0.2817 0.2391 0.2380 
          90  1 0.2636 0.2368 0.2505 0.2491 
          91  1 0.2470 0.2389 0.2548 0.2594 
          92  1 0.2429 0.2696 0.2439 0.2437 
          93  1 0.2589 0.2419 0.2479 0.2513 
          94  1 0.2639 0.2349 0.2509 0.2503 
          95  1 0.2672 0.2343 0.2458 0.2526 
          96  1 0.2628 0.2350 0.2489 0.2533 
          97  1 0.2586 0.2409 0.2491 0.2514 
          98  1 0.2582 0.2378 0.2508 0.2532 
          99  1 0.2479 0.2699 0.2373 0.2449 
         100  1 0.2414 0.2709 0.2426 0.2451 
         101  1 0.2679 0.2374 0.2451 0.2496 
         102  1 0.2429 0.2475 0.2567 0.2529 
         103  1 0.2557 0.2411 0.2513 0.2519 
         104  1 0.2617 0.2365 0.2520 0.2497 
         105  1 0.2538 0.2362 0.2565 0.2535 
         106  1 0.2415 0.2481 0.2588 0.2517 
         107  1 0.2581 0.2439 0.2489 0.2490 
         108  1 0.2556 0.2500 0.2453 0.2492 
         109  1 0.2513 0.2548 0.2481 0.2458 
         110  1 0.2524 0.2518 0.2446 0.2513 
         111  1 0.2633 0.2368 0.2503 0.2496 
         112  1 0.2538 0.2393 0.2531 0.2538 
         113  1 0.2348 0.2910 0.2372 0.2370 
         114  1 0.2541 0.2335 0.2546 0.2578 
         115  1 0.2506 0.2499 0.2471 0.2524 
         116  1 0.2447 0.2551 0.2516 0.2487 
         117  1 0.2524 0.2356 0.2556 0.2564 
         118  1 0.2560 0.2346 0.2542 0.2551 
         119  1 0.2483 0.2565 0.2471 0.2481 
         120  1 0.2413 0.2732 0.2423 0.2432 
         121  1 0.2358 0.3005 0.2293 0.2343 
         122  1 0.2605 0.2393 0.2496 0.2506 
         123  1 0.2412 0.2762 0.2410 0.2416 
         124  1 0.2632 0.2443 0.2457 0.2468 
         125  1 0.2591 0.2428 0.2495 0.2486 
         126  1 0.2624 0.2344 0.2491 0.2540 
         127  1 0.2428 0.2651 0.2458 0.2463 
         128  1 0.2530 0.2409 0.2520 0.2541 
         129  1 0.2555 0.2477 0.2492 0.2476 
         130  1 0.2488 0.2349 0.2587 0.2575 
         131  1 0.2490 0.2506 0.2496 0.2508 
         132  1 0.2533 0.2339 0.2547 0.2581 
         133  1 0.2321 0.2941 0.2378 0.2359 
         134  1 0.2432 0.2389 0.2630 0.2549 
         135  1 0.2415 0.2418 0.2603 0.2564 
         136  1 0.2458 0.2637 0.2449 0.2456 
         137  1 0.2527 0.2499 0.2482 0.2492 
         138  1 0.2607 0.2354 0.2534 0.2505 
         139  1 0.2564 0.2386 0.2494 0.2556 
         140  1 0.2583 0.2393 0.2505 0.2519 
         141  1 0.2320 0.2940 0.2384 0.2356 
         142  1 0.2476 0.2562 0.2477 0.2485 
         143  1 0.2529 0.2478 0.2490 0.2503 
         144  1 0.2415 0.2455 0.2649 0.2482 
         145  1 0.2616 0.2339 0.2505 0.2540 
         146  1 0.2566 0.2414 0.2517 0.2503 
         147  1 0.2595 0.2401 0.2493 0.2512 
         148  1 0.2483 0.2406 0.2584 0.2527 
         149  1 0.2463 0.2573 0.2485 0.2479 
         150  1 0.2457 0.2511 0.2485 0.2547 
         151  1 0.2459 0.2724 0.2392 0.2424 
         152  1 0.2552 0.2361 0.2536 0.2552 
         153  1 0.2412 0.2613 0.2467 0.2508 
         154  1 0.2498 0.2470 0.2497 0.2534 
         155  1 0.2376 0.2819 0.2405 0.2400 
         156  1 0.2460 0.2446 0.2565 0.2529 
         157  1 0.2488 0.2390 0.2605 0.2517 
         158  1 0.2519 0.2413 0.2526 0.2543 
         159  1 0.2484 0.2430 0.2524 0.2562 
         160  1 0.2328 0.2884 0.2415 0.2374 
         161  1 0.2552 0.2388 0.2556 0.2504 
         162  1 0.2444 0.2630 0.2446 0.2480 
         163  1 0.2592 0.2385 0.2511 0.2511 
         164  1 0.2577 0.2378 0.2516 0.2528 
         165  1 0.2500 0.2464 0.2529 0.2507 
         166  1 0.2362 0.2922 0.2346 0.2370 
         167  1 0.2643 0.2388 0.2472 0.2497 
         168  1 0.2478 0.2576 0.2462 0.2484 
         169  1 0.2561 0.2380 0.2498 0.2561 
         170  1 0.2347 0.2981 0.2314 0.2358 
         171  1 0.2537 0.2367 0.2572 0.2524 
         172  1 0.2591 0.2420 0.2476 0.2513 
         173  1 0.2365 0.2902 0.2359 0.2374 
         174  1 0.2566 0.2411 0.2491 0.2532 
         175  1 0.2504 0.2380 0.2586 0.2530 
         176  1 0.2448 0.2376 0.2557 0.2619 
         177  1 0.2588 0.2397 0.2510 0.2505 
         178  1 0.2453 0.2446 0.2562 0.2540 
         179  1 0.2590 0.2347 0.2520 0.2543 
         180  1 0.2529 0.2462 0.2496 0.2513 
         181  1 0.2425 0.2654 0.2487 0.2434 
         182  1 0.2563 0.2376 0.2562 0.2499 
         183  1 0.2328 0.2936 0.2382 0.2355 
         184  1 0.2557 0.2450 0.2522 0.2471 
         185  1 0.2362 0.2920 0.2349 0.2369 
         186  1 0.2401 0.2924 0.2310 0.2364 
         187  1 0.2523 0.2373 0.2529 0.2575 
         188  1 0.2576 0.2440 0.2483 0.2500 
         189  1 0.2473 0.2535 0.2493 0.2499 
         190  1 0.2428 0.2432 0.2557 0.2582 
         191  1 0.2449 0.2588 0.2481 0.2481 
         192  1 0.2398 0.2423 0.2653 0.2526 
         193  1 0.2580 0.2401 0.2509 0.2509 
         194  1 0.2481 0.2488 0.2517 0.2514 
         195  1 0.2441 0.2375 0.2603 0.2581 
         196  1 0.2390 0.2897 0.2347 0.2366 
         197  1 0.2482 0.2414 0.2556 0.2548 
         198  1 0.2414 0.2777 0.2408 0.2401 
         199  1 0.2559 0.2380 0.2534 0.2526 
         200  1 0.2664 0.2348 0.2471 0.2518 
         201  1 0.2549 0.2352 0.2550 0.2550 
         202  1 0.2468 0.2415 0.2622 0.2495 
         203  1 0.2452 0.2489 0.2523 0.2537 
         204  1 0.2607 0.2358 0.2474 0.2562 
         205  1 0.2464 0.2417 0.2594 0.2525 
         206  1 0.2437 0.2482 0.2527 0.2554 
         207  1 0.2509 0.2395 0.2544 0.2552 
         208  1 0.2370 0.2837 0.2385 0.2408 
         209  1 0.2461 0.2423 0.2575 0.2541 
         210  1 0.2463 0.2390 0.2579 0.2568 
         211  1 0.2408 0.2770 0.2412 0.2410 
         212  1 0.2362 0.2857 0.2389 0.2391 
         213  1 0.2612 0.2432 0.2466 0.2489 
         214  1 0.2548 0.2360 0.2605 0.2487 
         215  1 0.2567 0.2375 0.2510 0.2548 
         216  1 0.2335 0.2891 0.2405 0.2369 
         217  1 0.2523 0.2535 0.2475 0.2468 
         218  1 0.2453 0.2478 0.2532 0.2537 
         219  1 0.2518 0.2387 0.2566 0.2529 
         220  1 0.2420 0.2421 0.2657 0.2502 
         221  1 0.2424 0.2542 0.2500 0.2533 
         222  1 0.2499 0.2385 0.2563 0.2554 
         223  1 0.2546 0.2447 0.2486 0.2521 
         224  1 0.2561 0.2369 0.2580 0.2490 
