           1  1 0.1225 0.1289 0.1427 0.1130 0.1039 0.1278 0.1192 0.1080 0.0341 
           2  1 0.1295 0.1397 0.1165 0.1009 0.1249 0.1234 0.1356 0.0777 0.0517 
           3  1 0.1134 0.1227 0.1265 0.1108 0.1140 0.1318 0.1127 0.1137 0.0544 
           4  1 0.1117 0.1113 0.1148 0.1175 0.1222 0.1186 0.1183 0.1023 0.0834 
           5  1 0.1183 0.1173 0.1160 0.1186 0.1226 0.1137 0.1244 0.1167 0.0524 
           6  1 0.1212 0.1290 0.1265 0.1173 0.1135 0.1228 0.1200 0.1122 0.0376 
           7  1 0.1228 0.1182 0.1213 0.1063 0.1298 0.1259 0.1141 0.1206 0.0410 
           8  1 0.1080 0.1364 0.1134 0.1304 0.1035 0.1175 0.1177 0.1031 0.0699 
           9  1 0.1169 0.1237 0.1148 0.1082 0.1109 0.1217 0.1166 0.1088 0.0784 
          10  1 0.1201 0.1235 0.1121 0.1324 0.1178 0.1197 0.1303 0.0993 0.0448 
          11  1 0.1189 0.1074 0.1063 0.1031 0.1177 0.1187 0.1137 0.1011 0.1130 
          12  1 0.1121 0.1048 0.1246 0.0940 0.1020 0.1020 0.0951 0.1077 0.1577 
          13  1 0.1400 0.1099 0.1226 0.0992 0.1506 0.1097 0.1066 0.1049 0.0567 
          14  1 0.0730 0.0596 0.0677 0.0570 0.0776 0.0630 0.0634 0.0565 0.4824 
          15  1 0.1097 0.1122 0.1029 0.1159 0.1016 0.1066 0.1142 0.0884 0.1485 
          16  1 0.1165 0.1199 0.1140 0.1285 0.1116 0.1189 0.1298 0.1112 0.0498 
          17  1 0.0750 0.0776 0.0705 0.0715 0.0739 0.0759 0.0761 0.0686 0.4109 
          18  1 0.1161 0.1250 0.1184 0.1235 0.1234 0.1191 0.1178 0.1182 0.0385 
          19  1 0.1275 0.1142 0.1221 0.0952 0.1395 0.1051 0.1028 0.1135 0.0800 
          20  1 0.1240 0.1130 0.1256 0.1017 0.1272 0.1286 0.1142 0.1146 0.0510 
          21  1 0.0630 0.0680 0.0629 0.0712 0.0596 0.0675 0.0673 0.0641 0.4765 
          22  1 0.1346 0.1218 0.1229 0.1145 0.1250 0.1238 0.1120 0.1093 0.0361 
          23  1 0.1192 0.1255 0.1224 0.1095 0.1157 0.1322 0.1176 0.1141 0.0439 
          24  1 0.1167 0.1200 0.1152 0.1212 0.1147 0.1325 0.1175 0.1222 0.0400 
          25  1 0.1200 0.1225 0.1143 0.1138 0.1252 0.1219 0.1181 0.1170 0.0471 
          26  1 0.1177 0.0934 0.1262 0.1076 0.1294 0.1174 0.1098 0.1635 0.0350 
          27  1 0.1198 0.1215 0.1062 0.1351 0.1122 0.1184 0.1220 0.1106 0.0542 
          28  1 0.1175 0.0899 0.1285 0.1102 0.1264 0.1114 0.1109 0.1764 0.0288 
          29  1 0.1144 0.1136 0.0966 0.0998 0.1088 0.0980 0.1061 0.0870 0.1758 
          30  1 0.1079 0.1132 0.1199 0.1206 0.1083 0.1141 0.1132 0.1279 0.0751 
          31  1 0.1157 0.1259 0.1041 0.1415 0.1117 0.1131 0.1298 0.0988 0.0594 
          32  1 0.1256 0.1203 0.1115 0.1195 0.1283 0.1157 0.1299 0.1043 0.0449 
          33  1 0.1076 0.1141 0.1063 0.1534 0.1168 0.1127 0.1351 0.1236 0.0302 
          34  1 0.1299 0.1280 0.1142 0.1016 0.1219 0.1184 0.1216 0.0805 0.0838 
          35  1 0.1218 0.1308 0.1158 0.1260 0.1143 0.1240 0.1334 0.1032 0.0307 
          36  1 0.1196 0.1109 0.1138 0.1134 0.1162 0.1205 0.1163 0.1176 0.0716 
          37  1 0.1106 0.1079 0.1115 0.1252 0.1264 0.1247 0.1192 0.1351 0.0394 
          38  1 0.1123 0.1222 0.1101 0.1144 0.1128 0.1111 0.1206 0.1032 0.0934 
          39  1 0.1138 0.1170 0.1053 0.1328 0.1178 0.1158 0.1222 0.1190 0.0563 
          40  1 0.0573 0.0508 0.0574 0.0547 0.0598 0.0593 0.0561 0.0521 0.5524 
          41  1 0.1259 0.1219 0.1121 0.1213 0.1187 0.1204 0.1230 0.1080 0.0487 
          42  1 0.1192 0.1204 0.1165 0.1132 0.1257 0.1354 0.1153 0.1159 0.0385 
          43  1 0.1228 0.1279 0.1126 0.1174 0.1210 0.1160 0.1278 0.1270 0.0274 
          44  1 0.1157 0.1195 0.1095 0.1302 0.1156 0.1197 0.1262 0.1066 0.0570 
          45  1 0.1040 0.1314 0.0937 0.1484 0.1181 0.1151 0.1450 0.1206 0.0236 
          46  1 0.1222 0.1207 0.1144 0.1216 0.1192 0.1180 0.1280 0.1084 0.0474 
          47  1 0.1147 0.1119 0.1005 0.1221 0.1204 0.1104 0.1240 0.1125 0.0835 
          48  1 0.1143 0.1238 0.1133 0.1206 0.1127 0.1143 0.1202 0.1097 0.0712 
          49  1 0.1201 0.1170 0.1258 0.1254 0.1197 0.1230 0.1184 0.1272 0.0234 
          50  1 0.1243 0.1173 0.1239 0.1045 0.1276 0.1274 0.1222 0.1168 0.0360 
          51  1 0.1187 0.0966 0.1304 0.1080 0.1244 0.1202 0.1139 0.1474 0.0403 
          52  1 0.1142 0.1025 0.1121 0.0972 0.1161 0.1131 0.1076 0.1314 0.1057 
          53  1 0.1168 0.1296 0.1214 0.1226 0.1175 0.1329 0.1127 0.1079 0.0387 
          54  1 0.1253 0.1202 0.1144 0.1129 0.1204 0.1174 0.1213 0.1032 0.0648 
          55  1 0.1142 0.1077 0.1073 0.1099 0.1245 0.1078 0.1088 0.1132 0.1065 
          56  1 0.1146 0.1264 0.1065 0.1397 0.1101 0.1259 0.1231 0.1163 0.0373 
          57  1 0.1222 0.1193 0.1183 0.1083 0.1116 0.1271 0.1159 0.1085 0.0686 
          58  1 0.1197 0.1036 0.1134 0.0933 0.1262 0.1118 0.1058 0.1106 0.1155 
          59  1 0.1107 0.1270 0.0968 0.1670 0.1128 0.1177 0.1262 0.1171 0.0247 
          60  1 0.1128 0.1174 0.1002 0.1220 0.1155 0.1162 0.1221 0.1052 0.0885 
          61  1 0.1209 0.0804 0.1210 0.1135 0.1316 0.1187 0.1048 0.1756 0.0334 
          62  1 0.1009 0.1262 0.0813 0.1819 0.1071 0.1028 0.1366 0.1341 0.0291 
          63  1 0.1307 0.1020 0.1140 0.1179 0.1286 0.1184 0.1121 0.1398 0.0365 
          64  1 0.0749 0.0776 0.0751 0.0744 0.0784 0.0774 0.0746 0.0863 0.3813 
          65  1 0.1263 0.1185 0.1145 0.1163 0.1280 0.1264 0.1247 0.1093 0.0360 
          66  1 0.1072 0.1190 0.0931 0.1722 0.1063 0.1143 0.1280 0.1341 0.0259 
          67  1 0.1239 0.1215 0.1343 0.1193 0.1112 0.1277 0.1107 0.1238 0.0275 
          68  1 0.1230 0.1157 0.1244 0.1032 0.1372 0.1158 0.1143 0.1246 0.0418 
          69  1 0.1217 0.1272 0.1224 0.1224 0.1179 0.1257 0.1257 0.1057 0.0314 
          70  1 0.1189 0.0811 0.1241 0.1138 0.1249 0.1177 0.1073 0.1912 0.0210 
          71  1 0.1071 0.1299 0.1022 0.1598 0.1133 0.1093 0.1210 0.1241 0.0333 
          72  1 0.0946 0.1033 0.0859 0.1017 0.0962 0.0940 0.1000 0.0840 0.2403 
          73  1 0.1235 0.1375 0.1084 0.1199 0.1165 0.1205 0.1311 0.0952 0.0474 
          74  1 0.1097 0.1264 0.1233 0.1046 0.1067 0.1292 0.1241 0.1119 0.0640 
          75  1 0.1174 0.1223 0.1362 0.1057 0.1161 0.1177 0.1131 0.1156 0.0559 
          76  1 0.1185 0.1212 0.1053 0.1277 0.1192 0.1217 0.1249 0.1297 0.0317 
          77  1 0.1384 0.1084 0.1159 0.1045 0.1418 0.1091 0.1138 0.1159 0.0523 
          78  1 0.1238 0.1283 0.1147 0.1146 0.1227 0.1303 0.1249 0.1130 0.0277 
          79  1 0.1204 0.1172 0.1107 0.1214 0.1292 0.1196 0.1231 0.1257 0.0326 
          80  1 0.1240 0.1247 0.1118 0.1147 0.1163 0.1277 0.1266 0.1240 0.0302 
          81  1 0.1126 0.1206 0.1384 0.1109 0.1036 0.1149 0.1169 0.1369 0.0453 
          82  1 0.0812 0.0731 0.0764 0.0646 0.0811 0.0785 0.0767 0.0688 0.3996 
          83  1 0.1169 0.1274 0.1214 0.1077 0.1173 0.1173 0.1147 0.1046 0.0727 
          84  1 0.0523 0.0586 0.0529 0.0605 0.0520 0.0546 0.0623 0.0482 0.5586 
          85  1 0.0964 0.1311 0.0654 0.1914 0.1053 0.1017 0.1306 0.1353 0.0428 
          86  1 0.1150 0.1198 0.1281 0.0983 0.1227 0.1174 0.1119 0.1275 0.0592 
          87  1 0.1027 0.1133 0.1044 0.1523 0.1167 0.1218 0.1211 0.1317 0.0361 
          88  1 0.1257 0.1303 0.1418 0.1078 0.1067 0.1237 0.1078 0.1231 0.0331 
          89  1 0.0673 0.0726 0.0885 0.0598 0.0601 0.0699 0.0576 0.0998 0.4244 
          90  1 0.1119 0.1335 0.1489 0.1088 0.0965 0.1178 0.1073 0.1402 0.0350 
          91  1 0.1176 0.1205 0.1043 0.1416 0.1263 0.1103 0.1231 0.1122 0.0441 
          92  1 0.1142 0.1107 0.1047 0.1005 0.1101 0.1047 0.1040 0.0888 0.1623 
          93  1 0.1151 0.1239 0.1226 0.1138 0.1086 0.1163 0.1232 0.1191 0.0574 
          94  1 0.1231 0.1194 0.1642 0.0983 0.1024 0.1142 0.0946 0.1615 0.0223 
          95  1 0.1132 0.1189 0.1653 0.1044 0.0934 0.1171 0.0958 0.1642 0.0277 
          96  1 0.1075 0.1180 0.1725 0.0985 0.0962 0.1124 0.0919 0.1769 0.0262 
          97  1 0.1123 0.1216 0.1398 0.1092 0.1114 0.1140 0.1158 0.1361 0.0397 
          98  1 0.1208 0.1334 0.1407 0.1094 0.1042 0.1265 0.1171 0.1218 0.0261 
          99  1 0.1137 0.1063 0.1093 0.0897 0.1123 0.1106 0.1079 0.1014 0.1488 
         100  1 0.1068 0.0886 0.0800 0.1011 0.1057 0.0864 0.0894 0.0922 0.2497 
         101  1 0.1200 0.1162 0.1173 0.1146 0.1173 0.1134 0.1179 0.1352 0.0481 
         102  1 0.1247 0.1166 0.1034 0.1215 0.1196 0.1136 0.1342 0.0949 0.0714 
         103  1 0.1163 0.1030 0.1244 0.1056 0.1205 0.1221 0.1104 0.1414 0.0563 
         104  1 0.1113 0.1357 0.1490 0.1045 0.0969 0.1267 0.1084 0.1455 0.0219 
         105  1 0.1083 0.1232 0.0999 0.1405 0.1118 0.1131 0.1345 0.1229 0.0458 
         106  1 0.1150 0.1275 0.1106 0.1168 0.1126 0.1139 0.1248 0.0965 0.0822 
         107  1 0.1164 0.1108 0.1155 0.1030 0.1126 0.1254 0.1184 0.1104 0.0875 
         108  1 0.1075 0.1088 0.1177 0.1111 0.1076 0.1192 0.1182 0.1125 0.0975 
         109  1 0.1190 0.1091 0.1269 0.1042 0.1166 0.1109 0.1047 0.1278 0.0808 
         110  1 0.1100 0.1144 0.1252 0.1056 0.1190 0.1165 0.1062 0.1178 0.0853 
         111  1 0.1105 0.1254 0.1667 0.1005 0.0955 0.1161 0.0916 0.1558 0.0377 
         112  1 0.1195 0.1227 0.1347 0.1055 0.1252 0.1234 0.1079 0.1311 0.0300 
         113  1 0.0640 0.0597 0.0596 0.0568 0.0644 0.0571 0.0581 0.0496 0.5306 
         114  1 0.1224 0.1226 0.1025 0.1478 0.1174 0.1172 0.1213 0.1187 0.0300 
         115  1 0.1156 0.1166 0.1279 0.1039 0.1296 0.1105 0.1141 0.1085 0.0731 
         116  1 0.1095 0.1203 0.1034 0.1309 0.1050 0.1221 0.1252 0.0959 0.0877 
         117  1 0.1172 0.1317 0.1133 0.1331 0.1181 0.1151 0.1306 0.1101 0.0308 
         118  1 0.1308 0.1157 0.1125 0.1187 0.1222 0.1211 0.1199 0.1204 0.0387 
         119  1 0.1188 0.1041 0.1059 0.1089 0.1254 0.1148 0.1151 0.1084 0.0986 
         120  1 0.1072 0.1001 0.0977 0.0996 0.1099 0.0966 0.1082 0.0860 0.1948 
         121  1 0.0367 0.0330 0.0344 0.0341 0.0382 0.0343 0.0347 0.0324 0.7222 
         122  1 0.1152 0.1090 0.1115 0.1271 0.1211 0.1192 0.1197 0.1331 0.0442 
         123  1 0.0886 0.0869 0.0876 0.0913 0.0888 0.0834 0.0890 0.0726 0.3118 
         124  1 0.1100 0.1224 0.1418 0.1051 0.0996 0.1243 0.1018 0.1357 0.0593 
         125  1 0.1146 0.1256 0.1345 0.1010 0.1000 0.1204 0.1083 0.1225 0.0731 
         126  1 0.1165 0.1027 0.1151 0.1197 0.1277 0.1227 0.1151 0.1503 0.0303 
         127  1 0.1062 0.1083 0.1151 0.1002 0.0954 0.1067 0.1032 0.0876 0.1773 
         128  1 0.1231 0.1256 0.1151 0.1195 0.1160 0.1252 0.1176 0.1116 0.0462 
         129  1 0.1110 0.1125 0.1405 0.1017 0.1109 0.1075 0.1095 0.1334 0.0729 
         130  1 0.1149 0.1275 0.1037 0.1482 0.1166 0.1208 0.1308 0.1074 0.0301 
         131  1 0.1121 0.1200 0.1159 0.1098 0.1122 0.1184 0.1187 0.0949 0.0980 
         132  1 0.1264 0.1251 0.1077 0.1277 0.1204 0.1267 0.1247 0.1148 0.0265 
         133  1 0.0542 0.0590 0.0535 0.0628 0.0562 0.0564 0.0604 0.0562 0.5413 
         134  1 0.1327 0.1375 0.1245 0.1125 0.1088 0.1206 0.1266 0.1083 0.0285 
         135  1 0.1267 0.1372 0.1202 0.1136 0.1184 0.1272 0.1326 0.0863 0.0380 
         136  1 0.0989 0.1006 0.0937 0.1009 0.0993 0.0987 0.0993 0.0913 0.2174 
         137  1 0.1213 0.1109 0.1179 0.1089 0.1229 0.1167 0.1114 0.1155 0.0745 
         138  1 0.1180 0.1207 0.1244 0.1257 0.1176 0.1274 0.1179 0.1280 0.0203 
         139  1 0.1168 0.1160 0.1173 0.1224 0.1197 0.1189 0.1199 0.1135 0.0555 
         140  1 0.1189 0.1212 0.1227 0.1233 0.1109 0.1248 0.1200 0.1167 0.0414 
         141  1 0.0555 0.0528 0.0493 0.0577 0.0531 0.0541 0.0553 0.0555 0.5666 
         142  1 0.1082 0.1163 0.0980 0.1255 0.1047 0.1099 0.1196 0.1014 0.1163 
         143  1 0.1032 0.1135 0.1075 0.1320 0.0987 0.1140 0.1089 0.1146 0.1077 
         144  1 0.1067 0.1357 0.1057 0.1247 0.1141 0.1271 0.1279 0.0846 0.0735 
         145  1 0.1251 0.1296 0.1393 0.1118 0.1147 0.1140 0.1048 0.1367 0.0241 
         146  1 0.1131 0.1222 0.1202 0.1090 0.1135 0.1264 0.1259 0.1172 0.0524 
         147  1 0.1203 0.1254 0.1297 0.1033 0.1186 0.1162 0.1131 0.1314 0.0421 
         148  1 0.1200 0.1223 0.1157 0.1267 0.1169 0.1180 0.1391 0.0988 0.0426 
         149  1 0.1100 0.1250 0.1123 0.1171 0.1108 0.1160 0.1162 0.1023 0.0902 
         150  1 0.1404 0.1032 0.1361 0.0949 0.1399 0.1023 0.1000 0.1378 0.0454 
         151  1 0.1275 0.0897 0.1146 0.0850 0.1468 0.0946 0.0918 0.1170 0.1329 
         152  1 0.1168 0.0865 0.1273 0.1191 0.1263 0.1235 0.1035 0.1748 0.0224 
         153  1 0.1275 0.0930 0.1162 0.0906 0.1489 0.1069 0.0964 0.1082 0.1123 
         154  1 0.1146 0.1150 0.1258 0.1148 0.1136 0.1089 0.1097 0.1076 0.0900 
         155  1 0.0784 0.0823 0.0750 0.0755 0.0833 0.0736 0.0840 0.0682 0.3797 
         156  1 0.1171 0.1262 0.1286 0.1177 0.1173 0.1268 0.1185 0.0994 0.0483 
         157  1 0.1194 0.1250 0.1185 0.1336 0.1150 0.1253 0.1203 0.0963 0.0466 
         158  1 0.1162 0.1170 0.1165 0.1165 0.1151 0.1208 0.1092 0.1188 0.0700 
         159  1 0.1064 0.1218 0.1062 0.1328 0.1096 0.1165 0.1220 0.1178 0.0670 
         160  1 0.0736 0.0677 0.0708 0.0678 0.0650 0.0707 0.0731 0.0522 0.4591 
         161  1 0.1194 0.1259 0.1203 0.1203 0.1079 0.1218 0.1277 0.1035 0.0533 
         162  1 0.1140 0.0993 0.1071 0.0883 0.1138 0.0964 0.1027 0.1082 0.1702 
         163  1 0.1107 0.1248 0.1019 0.1409 0.1104 0.1214 0.1164 0.1123 0.0612 
         164  1 0.1109 0.1294 0.1676 0.0992 0.0969 0.1218 0.0908 0.1602 0.0231 
         165  1 0.1263 0.1121 0.1381 0.1053 0.1261 0.1067 0.1139 0.1266 0.0449 
         166  1 0.0617 0.0572 0.0599 0.0571 0.0603 0.0620 0.0605 0.0604 0.5209 
         167  1 0.1116 0.0844 0.1206 0.1188 0.1204 0.1157 0.1012 0.1650 0.0623 
         168  1 0.1115 0.1033 0.1136 0.1067 0.1145 0.1129 0.1198 0.1218 0.0960 
         169  1 0.1156 0.1237 0.1196 0.1163 0.1135 0.1201 0.1135 0.1184 0.0592 
         170  1 0.0370 0.0352 0.0355 0.0347 0.0364 0.0332 0.0352 0.0364 0.7164 
         171  1 0.1171 0.1212 0.1102 0.1255 0.1184 0.1239 0.1277 0.1118 0.0442 
         172  1 0.1179 0.1177 0.1144 0.1171 0.1253 0.1270 0.1188 0.1165 0.0453 
         173  1 0.0537 0.0501 0.0525 0.0487 0.0528 0.0522 0.0548 0.0500 0.5851 
         174  1 0.1222 0.1213 0.1318 0.1050 0.1227 0.1213 0.1188 0.1200 0.0369 
         175  1 0.1203 0.1049 0.1291 0.1150 0.1251 0.1200 0.1159 0.1352 0.0344 
         176  1 0.1197 0.1279 0.1182 0.1244 0.1158 0.1294 0.1260 0.1039 0.0346 
         177  1 0.1231 0.1081 0.1067 0.1137 0.1228 0.1225 0.1130 0.1363 0.0537 
         178  1 0.1260 0.1206 0.1199 0.1110 0.1169 0.1160 0.1173 0.1111 0.0611 
         179  1 0.1132 0.0879 0.1224 0.1087 0.1286 0.1150 0.1095 0.1705 0.0441 
         180  1 0.1219 0.1250 0.1031 0.1157 0.1222 0.1141 0.1181 0.1037 0.0762 
         181  1 0.1059 0.1129 0.1127 0.1025 0.1131 0.1065 0.1141 0.0996 0.1328 
         182  1 0.1177 0.1307 0.1243 0.1235 0.1006 0.1192 0.1300 0.1095 0.0445 
         183  1 0.0506 0.0540 0.0474 0.0576 0.0513 0.0507 0.0499 0.0524 0.5862 
         184  1 0.1129 0.1155 0.1301 0.1140 0.1063 0.1157 0.1117 0.1225 0.0712 
         185  1 0.0632 0.0608 0.0645 0.0592 0.0564 0.0568 0.0602 0.0535 0.5254 
         186  1 0.0608 0.0579 0.0590 0.0524 0.0594 0.0604 0.0523 0.0609 0.5368 
         187  1 0.1137 0.1240 0.1092 0.1448 0.1144 0.1202 0.1297 0.1041 0.0398 
         188  1 0.1182 0.1259 0.1435 0.1021 0.1152 0.1130 0.1040 0.1352 0.0430 
         189  1 0.1264 0.1067 0.1103 0.0955 0.1306 0.1050 0.1082 0.1119 0.1054 
         190  1 0.1314 0.1240 0.1252 0.1100 0.1349 0.1121 0.1214 0.1049 0.0361 
         191  1 0.1272 0.1219 0.1133 0.1129 0.1219 0.1234 0.1208 0.0986 0.0601 
         192  1 0.1306 0.1356 0.1264 0.1072 0.1202 0.1272 0.1251 0.0869 0.0408 
         193  1 0.1176 0.1321 0.1258 0.1152 0.1080 0.1269 0.1123 0.1205 0.0416 
         194  1 0.1195 0.1147 0.1185 0.1172 0.1209 0.1200 0.1191 0.1049 0.0652 
         195  1 0.0988 0.1228 0.0884 0.1843 0.1066 0.0989 0.1335 0.1166 0.0501 
         196  1 0.0628 0.0653 0.0752 0.0631 0.0603 0.0662 0.0636 0.0656 0.4779 
         197  1 0.1201 0.1135 0.1182 0.1244 0.1235 0.1181 0.1183 0.1204 0.0436 
         198  1 0.0762 0.0821 0.0881 0.0755 0.0771 0.0862 0.0802 0.0759 0.3586 
         199  1 0.1242 0.1252 0.1177 0.1199 0.1196 0.1250 0.1136 0.1109 0.0439 
         200  1 0.1191 0.1235 0.1487 0.1075 0.1061 0.1087 0.1060 0.1505 0.0299 
         201  1 0.1191 0.1163 0.1130 0.1266 0.1193 0.1246 0.1222 0.1251 0.0338 
         202  1 0.1165 0.1314 0.1245 0.1113 0.1175 0.1276 0.1277 0.0985 0.0450 
         203  1 0.1189 0.1067 0.1207 0.1109 0.1191 0.1243 0.1101 0.1292 0.0599 
         204  1 0.1197 0.1124 0.1113 0.1302 0.1166 0.1219 0.1313 0.1248 0.0318 
         205  1 0.1216 0.1156 0.1043 0.1399 0.1220 0.1163 0.1346 0.1019 0.0439 
         206  1 0.1084 0.1240 0.1094 0.1301 0.1062 0.1193 0.1368 0.1064 0.0594 
         207  1 0.1163 0.1324 0.1195 0.1137 0.1127 0.1253 0.1297 0.0964 0.0541 
         208  1 0.0671 0.0771 0.0651 0.0864 0.0749 0.0714 0.0816 0.0730 0.4034 
         209  1 0.1183 0.1271 0.1071 0.1417 0.1227 0.1175 0.1350 0.0925 0.0380 
         210  1 0.1157 0.1239 0.1194 0.1234 0.1179 0.1241 0.1231 0.1125 0.0400 
         211  1 0.0835 0.0870 0.0778 0.0926 0.0852 0.0824 0.0894 0.0760 0.3260 
         212  1 0.0777 0.0716 0.0740 0.0718 0.0722 0.0713 0.0738 0.0644 0.4232 
         213  1 0.1145 0.1113 0.1099 0.1325 0.1186 0.1144 0.1128 0.1302 0.0556 
         214  1 0.1270 0.1174 0.1473 0.1190 0.1080 0.1200 0.1016 0.1327 0.0269 
         215  1 0.1196 0.1323 0.1224 0.1130 0.1207 0.1233 0.1187 0.1149 0.0352 
         216  1 0.0688 0.0621 0.0646 0.0600 0.0690 0.0624 0.0645 0.0555 0.4931 
         217  1 0.1136 0.0913 0.1175 0.0991 0.1236 0.1118 0.1013 0.1308 0.1111 
         218  1 0.1193 0.1166 0.1120 0.1205 0.1237 0.1160 0.1184 0.1070 0.0666 
         219  1 0.1222 0.1159 0.1232 0.1180 0.1226 0.1207 0.1250 0.1232 0.0291 
         220  1 0.1229 0.1316 0.1271 0.1201 0.1207 0.1133 0.1292 0.1033 0.0319 
         221  1 0.1287 0.1070 0.1058 0.0990 0.1425 0.1131 0.1127 0.1103 0.0808 
         222  1 0.1153 0.1329 0.1031 0.1525 0.1018 0.1171 0.1300 0.1089 0.0383 
         223  1 0.1099 0.1151 0.1359 0.1015 0.1250 0.1227 0.1111 0.1250 0.0536 
         224  1 0.1229 0.1018 0.1234 0.1160 0.1230 0.1205 0.1176 0.1465 0.0283 
