           1  1 0.3734 0.2752 0.3514 
           2  1 0.4873 0.2454 0.2673 
           3  1 0.3545 0.2932 0.3522 
           4  1 0.3582 0.3191 0.3227 
           5  1 0.3401 0.3266 0.3333 
           6  1 0.3485 0.2990 0.3525 
           7  1 0.3203 0.3155 0.3641 
           8  1 0.3645 0.3186 0.3170 
           9  1 0.3604 0.3030 0.3366 
          10  1 0.3117 0.3524 0.3359 
          11  1 0.3805 0.3307 0.2888 
          12  1 0.3868 0.2831 0.3300 
          13  1 0.3737 0.3149 0.3114 
          14  1 0.3700 0.3391 0.2909 
          15  1 0.4197 0.3087 0.2716 
          16  1 0.3561 0.3188 0.3251 
          17  1 0.3836 0.3311 0.2853 
          18  1 0.3226 0.3285 0.3489 
          19  1 0.3260 0.3262 0.3478 
          20  1 0.3479 0.2925 0.3596 
          21  1 0.3512 0.3407 0.3081 
          22  1 0.3552 0.3100 0.3347 
          23  1 0.3550 0.3144 0.3306 
          24  1 0.2889 0.3446 0.3665 
          25  1 0.3656 0.2785 0.3559 
          26  1 0.2336 0.4077 0.3587 
          27  1 0.3098 0.3522 0.3380 
          28  1 0.2540 0.4018 0.3441 
          29  1 0.3794 0.3354 0.2852 
          30  1 0.2744 0.3768 0.3488 
          31  1 0.3470 0.3244 0.3286 
          32  1 0.3160 0.3551 0.3288 
          33  1 0.2335 0.4095 0.3570 
          34  1 0.4081 0.3079 0.2840 
          35  1 0.3565 0.3252 0.3183 
          36  1 0.2871 0.3697 0.3431 
          37  1 0.2336 0.4105 0.3559 
          38  1 0.3203 0.3609 0.3188 
          39  1 0.2697 0.3868 0.3435 
          40  1 0.3615 0.3499 0.2886 
          41  1 0.3147 0.3537 0.3317 
          42  1 0.3210 0.3183 0.3607 
          43  1 0.2614 0.3839 0.3547 
          44  1 0.3351 0.3308 0.3341 
          45  1 0.2668 0.3793 0.3539 
          46  1 0.2949 0.3646 0.3405 
          47  1 0.2758 0.3737 0.3506 
          48  1 0.3578 0.3159 0.3263 
          49  1 0.2598 0.3688 0.3714 
          50  1 0.3501 0.3143 0.3356 
          51  1 0.2792 0.3823 0.3386 
          52  1 0.3148 0.3540 0.3312 
          53  1 0.3561 0.3069 0.3369 
          54  1 0.3268 0.3617 0.3115 
          55  1 0.2896 0.3624 0.3479 
          56  1 0.2931 0.3420 0.3649 
          57  1 0.3491 0.3161 0.3348 
          58  1 0.3579 0.3231 0.3189 
          59  1 0.2594 0.3875 0.3531 
          60  1 0.2736 0.3817 0.3447 
          61  1 0.2567 0.3959 0.3474 
          62  1 0.2347 0.4081 0.3573 
          63  1 0.2723 0.3681 0.3596 
          64  1 0.3477 0.3368 0.3155 
          65  1 0.3225 0.3438 0.3337 
          66  1 0.2332 0.4039 0.3629 
          67  1 0.3550 0.2959 0.3491 
          68  1 0.3380 0.3157 0.3463 
          69  1 0.3396 0.3195 0.3408 
          70  1 0.2304 0.4054 0.3642 
          71  1 0.3091 0.3407 0.3502 
          72  1 0.3462 0.3506 0.3032 
          73  1 0.3468 0.3416 0.3117 
          74  1 0.3777 0.2853 0.3370 
          75  1 0.3830 0.2812 0.3358 
          76  1 0.2552 0.3788 0.3660 
          77  1 0.3326 0.3306 0.3369 
          78  1 0.3391 0.3137 0.3472 
          79  1 0.2528 0.3906 0.3566 
          80  1 0.2617 0.3674 0.3708 
          81  1 0.3329 0.3046 0.3625 
          82  1 0.3580 0.3367 0.3053 
          83  1 0.3799 0.2929 0.3272 
          84  1 0.3803 0.3381 0.2816 
          85  1 0.2191 0.4159 0.3650 
          86  1 0.3734 0.2777 0.3489 
          87  1 0.2422 0.3934 0.3644 
          88  1 0.4094 0.2386 0.3520 
          89  1 0.3569 0.3135 0.3296 
          90  1 0.3718 0.2711 0.3571 
          91  1 0.3049 0.3643 0.3308 
          92  1 0.3576 0.3263 0.3161 
          93  1 0.3159 0.3256 0.3585 
          94  1 0.3704 0.2597 0.3699 
          95  1 0.3205 0.2940 0.3855 
          96  1 0.3581 0.2683 0.3736 
          97  1 0.3365 0.2862 0.3774 
          98  1 0.3850 0.2651 0.3498 
          99  1 0.3297 0.3365 0.3338 
         100  1 0.3116 0.3716 0.3168 
         101  1 0.2574 0.3729 0.3697 
         102  1 0.3431 0.3383 0.3185 
         103  1 0.2924 0.3672 0.3404 
         104  1 0.3594 0.2747 0.3660 
         105  1 0.2539 0.3947 0.3514 
         106  1 0.3878 0.3066 0.3056 
         107  1 0.3302 0.3267 0.3431 
         108  1 0.3308 0.3433 0.3258 
         109  1 0.3385 0.3075 0.3540 
         110  1 0.3168 0.3178 0.3655 
         111  1 0.3675 0.2634 0.3691 
         112  1 0.3655 0.2682 0.3663 
         113  1 0.3640 0.3397 0.2963 
         114  1 0.2668 0.3839 0.3493 
         115  1 0.3335 0.3228 0.3437 
         116  1 0.3479 0.3394 0.3127 
         117  1 0.3104 0.3508 0.3387 
         118  1 0.2749 0.3690 0.3561 
         119  1 0.3201 0.3358 0.3441 
         120  1 0.3621 0.3368 0.3011 
         121  1 0.3510 0.3582 0.2909 
         122  1 0.2684 0.3878 0.3438 
         123  1 0.3793 0.3329 0.2878 
         124  1 0.3339 0.2912 0.3750 
         125  1 0.3698 0.2784 0.3518 
         126  1 0.2218 0.4133 0.3650 
         127  1 0.3925 0.3089 0.2985 
         128  1 0.3338 0.3138 0.3524 
         129  1 0.3322 0.2983 0.3695 
         130  1 0.3297 0.3335 0.3369 
         131  1 0.3858 0.3160 0.2982 
         132  1 0.2765 0.3729 0.3506 
         133  1 0.3652 0.3411 0.2937 
         134  1 0.4222 0.2577 0.3202 
         135  1 0.4274 0.2926 0.2799 
         136  1 0.3678 0.3198 0.3124 
         137  1 0.3146 0.3433 0.3421 
         138  1 0.3119 0.3252 0.3630 
         139  1 0.2962 0.3643 0.3394 
         140  1 0.2873 0.3416 0.3711 
         141  1 0.3695 0.3417 0.2888 
         142  1 0.3197 0.3539 0.3264 
         143  1 0.3233 0.3397 0.3370 
         144  1 0.4234 0.2867 0.2899 
         145  1 0.3339 0.2921 0.3740 
         146  1 0.3748 0.2847 0.3404 
         147  1 0.3539 0.3047 0.3414 
         148  1 0.3626 0.3148 0.3226 
         149  1 0.3393 0.3295 0.3312 
         150  1 0.3648 0.2920 0.3433 
         151  1 0.3166 0.3401 0.3432 
         152  1 0.2328 0.4105 0.3567 
         153  1 0.3395 0.3264 0.3342 
         154  1 0.3435 0.3189 0.3376 
         155  1 0.3861 0.3392 0.2748 
         156  1 0.3779 0.2818 0.3403 
         157  1 0.3703 0.3036 0.3261 
         158  1 0.3180 0.3307 0.3513 
         159  1 0.3176 0.3506 0.3318 
         160  1 0.4029 0.3256 0.2715 
         161  1 0.3268 0.3286 0.3446 
         162  1 0.3411 0.3201 0.3388 
         163  1 0.2726 0.3720 0.3554 
         164  1 0.4033 0.2359 0.3608 
         165  1 0.3795 0.2644 0.3561 
         166  1 0.3549 0.3393 0.3058 
         167  1 0.2333 0.4066 0.3601 
         168  1 0.2862 0.3816 0.3321 
         169  1 0.3090 0.3457 0.3453 
         170  1 0.3500 0.3465 0.3036 
         171  1 0.3129 0.3462 0.3409 
         172  1 0.2754 0.3824 0.3422 
         173  1 0.3616 0.3372 0.3013 
         174  1 0.3215 0.3223 0.3562 
         175  1 0.3113 0.3438 0.3448 
         176  1 0.3431 0.3329 0.3239 
         177  1 0.2521 0.3962 0.3518 
         178  1 0.3333 0.3362 0.3305 
         179  1 0.2120 0.4252 0.3629 
         180  1 0.3183 0.3495 0.3322 
         181  1 0.3542 0.3084 0.3375 
         182  1 0.3459 0.3059 0.3482 
         183  1 0.3825 0.3274 0.2901 
         184  1 0.3213 0.3067 0.3720 
         185  1 0.3823 0.3364 0.2813 
         186  1 0.3449 0.3528 0.3023 
         187  1 0.3036 0.3587 0.3377 
         188  1 0.3527 0.2758 0.3715 
         189  1 0.3271 0.3317 0.3412 
         190  1 0.4049 0.2864 0.3087 
         191  1 0.3722 0.3187 0.3091 
         192  1 0.4529 0.2674 0.2796 
         193  1 0.3478 0.2976 0.3546 
         194  1 0.3531 0.3333 0.3136 
         195  1 0.2983 0.3604 0.3413 
         196  1 0.3559 0.3344 0.3097 
         197  1 0.3039 0.3534 0.3427 
         198  1 0.3879 0.3148 0.2972 
         199  1 0.3163 0.3374 0.3463 
         200  1 0.3203 0.3023 0.3774 
         201  1 0.2586 0.3923 0.3491 
         202  1 0.4389 0.2415 0.3197 
         203  1 0.3383 0.3409 0.3208 
         204  1 0.2454 0.3961 0.3585 
         205  1 0.3013 0.3702 0.3285 
         206  1 0.3239 0.3571 0.3190 
         207  1 0.3672 0.3096 0.3232 
         208  1 0.3411 0.3500 0.3089 
         209  1 0.3499 0.3455 0.3046 
         210  1 0.3546 0.3145 0.3309 
         211  1 0.3679 0.3421 0.2900 
         212  1 0.3676 0.3371 0.2953 
         213  1 0.2546 0.3947 0.3507 
         214  1 0.3507 0.2935 0.3558 
         215  1 0.3629 0.2873 0.3497 
         216  1 0.3775 0.3296 0.2930 
         217  1 0.3204 0.3328 0.3469 
         218  1 0.3253 0.3445 0.3303 
         219  1 0.2868 0.3675 0.3458 
         220  1 0.3516 0.3385 0.3099 
         221  1 0.3309 0.3347 0.3344 
         222  1 0.3151 0.3596 0.3253 
         223  1 0.3684 0.2623 0.3693 
         224  1 0.2786 0.3769 0.3445 
