           1  1 0.4357 0.3494 0.2149 
           2  1 0.2944 0.4417 0.2640 
           3  1 0.3829 0.2939 0.3232 
           4  1 0.2914 0.3019 0.4068 
           5  1 0.3543 0.3575 0.2882 
           6  1 0.3983 0.3392 0.2625 
           7  1 0.3264 0.2544 0.4191 
           8  1 0.3467 0.3995 0.2539 
           9  1 0.3812 0.3116 0.3073 
          10  1 0.3654 0.4210 0.2136 
          11  1 0.2407 0.2772 0.4821 
          12  1 0.3019 0.2635 0.4346 
          13  1 0.2630 0.3262 0.4108 
          14  1 0.1745 0.2023 0.6233 
          15  1 0.2630 0.2974 0.4396 
          16  1 0.3474 0.3509 0.3017 
          17  1 0.2185 0.2396 0.5419 
          18  1 0.3616 0.3546 0.2838 
          19  1 0.2508 0.2793 0.4699 
          20  1 0.3103 0.2552 0.4344 
          21  1 0.2424 0.2348 0.5228 
          22  1 0.2811 0.3378 0.3811 
          23  1 0.3296 0.3829 0.2875 
          24  1 0.4094 0.3131 0.2775 
          25  1 0.3748 0.3384 0.2868 
          26  1 0.3500 0.4114 0.2385 
          27  1 0.3535 0.4068 0.2397 
          28  1 0.3548 0.4562 0.1890 
          29  1 0.2286 0.3139 0.4575 
          30  1 0.3884 0.3495 0.2621 
          31  1 0.3256 0.4081 0.2663 
          32  1 0.2734 0.3788 0.3479 
          33  1 0.3478 0.4443 0.2080 
          34  1 0.2564 0.3266 0.4170 
          35  1 0.3407 0.4534 0.2059 
          36  1 0.3293 0.3309 0.3398 
          37  1 0.3626 0.4516 0.1858 
          38  1 0.3072 0.3579 0.3349 
          39  1 0.3556 0.4188 0.2256 
          40  1 0.1951 0.1997 0.6052 
          41  1 0.3512 0.3919 0.2570 
          42  1 0.4125 0.3506 0.2368 
          43  1 0.3496 0.4699 0.1805 
          44  1 0.3832 0.3232 0.2937 
          45  1 0.3473 0.4838 0.1689 
          46  1 0.3514 0.3930 0.2556 
          47  1 0.3042 0.3828 0.3131 
          48  1 0.3727 0.2910 0.3363 
          49  1 0.4078 0.3878 0.2044 
          50  1 0.3519 0.3678 0.2803 
          51  1 0.3374 0.3662 0.2965 
          52  1 0.3379 0.3283 0.3338 
          53  1 0.3971 0.3738 0.2291 
          54  1 0.2752 0.3472 0.3776 
          55  1 0.2715 0.2828 0.4457 
          56  1 0.3945 0.3573 0.2482 
          57  1 0.3418 0.3216 0.3367 
          58  1 0.2675 0.3144 0.4182 
          59  1 0.3454 0.4733 0.1813 
          60  1 0.3247 0.3696 0.3057 
          61  1 0.4089 0.3860 0.2051 
          62  1 0.3697 0.4423 0.1880 
          63  1 0.4018 0.3856 0.2126 
          64  1 0.2648 0.2392 0.4960 
          65  1 0.3416 0.3970 0.2614 
          66  1 0.3770 0.4421 0.1809 
          67  1 0.4209 0.3389 0.2402 
          68  1 0.3592 0.3225 0.3183 
          69  1 0.4002 0.3691 0.2307 
          70  1 0.4587 0.3594 0.1819 
          71  1 0.3990 0.3933 0.2077 
          72  1 0.2702 0.3379 0.3919 
          73  1 0.3130 0.4365 0.2504 
          74  1 0.3813 0.3185 0.3002 
          75  1 0.3771 0.3205 0.3024 
          76  1 0.4164 0.3825 0.2011 
          77  1 0.2783 0.3234 0.3983 
          78  1 0.4237 0.3492 0.2271 
          79  1 0.3588 0.4468 0.1944 
          80  1 0.4178 0.3716 0.2105 
          81  1 0.4451 0.3093 0.2456 
          82  1 0.1940 0.2023 0.6038 
          83  1 0.3389 0.3193 0.3418 
          84  1 0.1964 0.2194 0.5843 
          85  1 0.3612 0.4326 0.2062 
          86  1 0.4094 0.2926 0.2980 
          87  1 0.3977 0.4176 0.1847 
          88  1 0.4492 0.3346 0.2161 
          89  1 0.2590 0.2038 0.5372 
          90  1 0.4627 0.3069 0.2304 
          91  1 0.3005 0.4506 0.2489 
          92  1 0.2349 0.2537 0.5113 
          93  1 0.4151 0.3115 0.2734 
          94  1 0.4709 0.3032 0.2259 
          95  1 0.4832 0.2964 0.2204 
          96  1 0.4829 0.2821 0.2350 
          97  1 0.4522 0.2868 0.2610 
          98  1 0.4512 0.3379 0.2109 
          99  1 0.2357 0.2233 0.5410 
         100  1 0.2212 0.2894 0.4894 
         101  1 0.4230 0.3127 0.2643 
         102  1 0.2915 0.3831 0.3254 
         103  1 0.4102 0.3664 0.2234 
         104  1 0.4794 0.3134 0.2072 
         105  1 0.3335 0.4217 0.2448 
         106  1 0.3051 0.3677 0.3271 
         107  1 0.3993 0.2999 0.3008 
         108  1 0.3572 0.3306 0.3121 
         109  1 0.3602 0.2870 0.3529 
         110  1 0.3160 0.2581 0.4259 
         111  1 0.4537 0.2924 0.2539 
         112  1 0.4180 0.3149 0.2671 
         113  1 0.2032 0.2093 0.5875 
         114  1 0.3517 0.4406 0.2077 
         115  1 0.3175 0.3085 0.3741 
         116  1 0.3299 0.3388 0.3314 
         117  1 0.3550 0.4312 0.2137 
         118  1 0.3789 0.4100 0.2110 
         119  1 0.3028 0.2841 0.4130 
         120  1 0.2288 0.2429 0.5283 
         121  1 0.1820 0.1799 0.6380 
         122  1 0.3801 0.3623 0.2576 
         123  1 0.2113 0.2625 0.5261 
         124  1 0.4023 0.2661 0.3317 
         125  1 0.4169 0.3079 0.2752 
         126  1 0.4092 0.4009 0.1899 
         127  1 0.2542 0.2668 0.4790 
         128  1 0.3776 0.3522 0.2702 
         129  1 0.3578 0.2873 0.3549 
         130  1 0.3567 0.4271 0.2163 
         131  1 0.3087 0.3320 0.3592 
         132  1 0.3565 0.4222 0.2213 
         133  1 0.2238 0.2289 0.5473 
         134  1 0.3937 0.3959 0.2104 
         135  1 0.2982 0.4552 0.2467 
         136  1 0.2940 0.2621 0.4439 
         137  1 0.3021 0.3058 0.3921 
         138  1 0.4625 0.3536 0.1838 
         139  1 0.3547 0.3836 0.2617 
         140  1 0.4098 0.3342 0.2561 
         141  1 0.2009 0.2140 0.5850 
         142  1 0.3048 0.3250 0.3703 
         143  1 0.3870 0.3317 0.2812 
         144  1 0.3102 0.4307 0.2591 
         145  1 0.4460 0.3294 0.2246 
         146  1 0.4093 0.3031 0.2876 
         147  1 0.4004 0.3143 0.2853 
         148  1 0.3299 0.4086 0.2615 
         149  1 0.2800 0.2942 0.4258 
         150  1 0.3091 0.2696 0.4213 
         151  1 0.2215 0.2086 0.5699 
         152  1 0.3938 0.4396 0.1666 
         153  1 0.2383 0.2593 0.5023 
         154  1 0.3201 0.3247 0.3552 
         155  1 0.2018 0.2410 0.5572 
         156  1 0.3692 0.3897 0.2410 
         157  1 0.3393 0.4176 0.2431 
         158  1 0.3845 0.3438 0.2717 
         159  1 0.3570 0.3669 0.2761 
         160  1 0.1947 0.2220 0.5833 
         161  1 0.3923 0.3884 0.2193 
         162  1 0.2980 0.2674 0.4346 
         163  1 0.3825 0.3703 0.2472 
         164  1 0.4673 0.3097 0.2231 
         165  1 0.3635 0.2935 0.3430 
         166  1 0.2026 0.2114 0.5860 
         167  1 0.4155 0.3655 0.2190 
         168  1 0.3096 0.3222 0.3682 
         169  1 0.3807 0.3606 0.2587 
         170  1 0.1774 0.1834 0.6392 
         171  1 0.3838 0.3750 0.2412 
         172  1 0.3476 0.3738 0.2786 
         173  1 0.1980 0.2020 0.6000 
         174  1 0.3762 0.3102 0.3136 
         175  1 0.3553 0.3889 0.2558 
         176  1 0.3246 0.4570 0.2185 
         177  1 0.3934 0.3660 0.2406 
         178  1 0.3102 0.3801 0.3097 
         179  1 0.3917 0.4114 0.1969 
         180  1 0.3181 0.3373 0.3447 
         181  1 0.2612 0.2394 0.4994 
         182  1 0.3981 0.3597 0.2422 
         183  1 0.2025 0.2163 0.5813 
         184  1 0.3964 0.3038 0.2997 
         185  1 0.1977 0.2094 0.5929 
         186  1 0.1958 0.1905 0.6137 
         187  1 0.3690 0.4159 0.2151 
         188  1 0.3796 0.2720 0.3483 
         189  1 0.2722 0.2712 0.4566 
         190  1 0.2781 0.3942 0.3277 
         191  1 0.2546 0.2747 0.4706 
         192  1 0.3080 0.4343 0.2576 
         193  1 0.3826 0.3116 0.3058 
         194  1 0.3144 0.3308 0.3548 
         195  1 0.3314 0.4733 0.1953 
         196  1 0.2078 0.2005 0.5917 
         197  1 0.3991 0.3800 0.2208 
         198  1 0.2369 0.2334 0.5297 
         199  1 0.4374 0.3449 0.2176 
         200  1 0.4522 0.2981 0.2497 
         201  1 0.3729 0.4067 0.2204 
         202  1 0.3843 0.3954 0.2203 
         203  1 0.3409 0.3556 0.3035 
         204  1 0.3909 0.3852 0.2238 
         205  1 0.3035 0.4420 0.2545 
         206  1 0.3100 0.3938 0.2962 
         207  1 0.3324 0.4023 0.2653 
         208  1 0.2457 0.2419 0.5124 
         209  1 0.3034 0.4284 0.2682 
         210  1 0.3649 0.3853 0.2499 
         211  1 0.2344 0.2558 0.5098 
         212  1 0.2104 0.2411 0.5485 
         213  1 0.3355 0.3567 0.3078 
         214  1 0.4490 0.3419 0.2091 
         215  1 0.4048 0.3228 0.2724 
         216  1 0.1915 0.2084 0.6002 
         217  1 0.3320 0.2849 0.3831 
         218  1 0.2843 0.3638 0.3519 
         219  1 0.3515 0.4666 0.1819 
         220  1 0.3136 0.4938 0.1926 
         221  1 0.2780 0.3149 0.4071 
         222  1 0.3075 0.4790 0.2135 
         223  1 0.3818 0.2951 0.3231 
         224  1 0.4291 0.3920 0.1789 
