           1  1 0.1272 0.1117 0.1118 0.1757 0.1530 0.1428 0.0398 0.1380 
           2  1 0.1069 0.1181 0.1043 0.0831 0.1138 0.2058 0.0599 0.2081 
           3  1 0.1257 0.1211 0.1184 0.1420 0.1401 0.1420 0.0659 0.1448 
           4  1 0.1142 0.1158 0.1159 0.1164 0.1346 0.1549 0.0965 0.1517 
           5  1 0.1325 0.1259 0.1337 0.1382 0.1472 0.1323 0.0627 0.1274 
           6  1 0.1333 0.1185 0.1215 0.1523 0.1448 0.1417 0.0477 0.1404 
           7  1 0.1422 0.1220 0.1302 0.1615 0.1449 0.1262 0.0550 0.1179 
           8  1 0.1258 0.1370 0.1238 0.1175 0.1226 0.1452 0.0779 0.1502 
           9  1 0.1252 0.1206 0.1303 0.1197 0.1270 0.1430 0.0883 0.1459 
          10  1 0.1438 0.1500 0.1282 0.1032 0.1382 0.1387 0.0525 0.1454 
          11  1 0.1270 0.1271 0.1236 0.0875 0.1163 0.1255 0.1522 0.1408 
          12  1 0.1002 0.0852 0.0919 0.2038 0.1186 0.1127 0.1746 0.1129 
          13  1 0.1294 0.1152 0.1264 0.1215 0.1547 0.1358 0.0745 0.1425 
          14  1 0.0700 0.0662 0.0662 0.0645 0.0723 0.0708 0.5166 0.0733 
          15  1 0.1214 0.1120 0.1148 0.0826 0.1194 0.1417 0.1688 0.1394 
          16  1 0.1309 0.1218 0.1293 0.1297 0.1460 0.1373 0.0647 0.1403 
          17  1 0.0802 0.0899 0.0854 0.0645 0.0783 0.0855 0.4291 0.0872 
          18  1 0.1343 0.1259 0.1263 0.1518 0.1451 0.1410 0.0468 0.1289 
          19  1 0.1297 0.1105 0.1276 0.1688 0.1361 0.1135 0.0980 0.1157 
          20  1 0.1310 0.1099 0.1276 0.1580 0.1551 0.1221 0.0685 0.1279 
          21  1 0.0763 0.0796 0.0755 0.0675 0.0711 0.0705 0.4898 0.0696 
          22  1 0.1367 0.1202 0.1368 0.1279 0.1482 0.1434 0.0481 0.1386 
          23  1 0.1341 0.1444 0.1360 0.1254 0.1229 0.1408 0.0516 0.1448 
          24  1 0.1487 0.1357 0.1337 0.1399 0.1445 0.1286 0.0470 0.1218 
          25  1 0.1173 0.1296 0.1302 0.1351 0.1418 0.1432 0.0559 0.1468 
          26  1 0.1828 0.1946 0.1964 0.0859 0.1054 0.0960 0.0386 0.1003 
          27  1 0.1327 0.1400 0.1307 0.1130 0.1320 0.1441 0.0667 0.1407 
          28  1 0.1840 0.1934 0.2124 0.0801 0.0941 0.1034 0.0338 0.0989 
          29  1 0.1052 0.1119 0.0953 0.0898 0.1190 0.1338 0.2047 0.1404 
          30  1 0.1448 0.1502 0.1383 0.1174 0.1216 0.1200 0.0825 0.1252 
          31  1 0.1186 0.1400 0.1135 0.1085 0.1369 0.1573 0.0709 0.1543 
          32  1 0.1315 0.1371 0.1367 0.1155 0.1380 0.1421 0.0574 0.1418 
          33  1 0.1556 0.1739 0.1553 0.0969 0.1331 0.1232 0.0362 0.1258 
          34  1 0.1083 0.1150 0.1036 0.0930 0.1315 0.1766 0.0947 0.1773 
          35  1 0.1259 0.1409 0.1359 0.0980 0.1200 0.1741 0.0354 0.1698 
          36  1 0.1473 0.1307 0.1410 0.1112 0.1346 0.1253 0.0836 0.1263 
          37  1 0.1534 0.1758 0.1741 0.0878 0.1216 0.1235 0.0468 0.1171 
          38  1 0.1327 0.1289 0.1287 0.1022 0.1214 0.1358 0.1095 0.1407 
          39  1 0.1294 0.1578 0.1424 0.1017 0.1269 0.1391 0.0634 0.1393 
          40  1 0.0607 0.0609 0.0661 0.0539 0.0585 0.0615 0.5796 0.0589 
          41  1 0.1368 0.1478 0.1389 0.1068 0.1233 0.1401 0.0605 0.1459 
          42  1 0.1328 0.1357 0.1358 0.1232 0.1350 0.1466 0.0470 0.1439 
          43  1 0.1400 0.1722 0.1367 0.0904 0.1287 0.1492 0.0313 0.1515 
          44  1 0.1314 0.1297 0.1316 0.1230 0.1416 0.1368 0.0654 0.1405 
          45  1 0.1375 0.1714 0.1345 0.1097 0.1422 0.1375 0.0293 0.1378 
          46  1 0.1422 0.1368 0.1348 0.1033 0.1316 0.1463 0.0575 0.1474 
          47  1 0.1276 0.1428 0.1330 0.1080 0.1317 0.1340 0.0969 0.1260 
          48  1 0.1319 0.1156 0.1240 0.1484 0.1344 0.1349 0.0824 0.1284 
          49  1 0.1461 0.1444 0.1460 0.1369 0.1429 0.1280 0.0272 0.1285 
          50  1 0.1310 0.1310 0.1311 0.1163 0.1381 0.1564 0.0422 0.1539 
          51  1 0.1749 0.1669 0.1848 0.0965 0.1137 0.1079 0.0487 0.1067 
          52  1 0.1555 0.1466 0.1431 0.0993 0.1078 0.1181 0.1120 0.1176 
          53  1 0.1299 0.1278 0.1209 0.1405 0.1317 0.1540 0.0465 0.1486 
          54  1 0.1336 0.1332 0.1350 0.0998 0.1274 0.1423 0.0874 0.1412 
          55  1 0.1355 0.1292 0.1419 0.1125 0.1305 0.1132 0.1232 0.1141 
          56  1 0.1405 0.1494 0.1340 0.1139 0.1371 0.1374 0.0436 0.1441 
          57  1 0.1324 0.1279 0.1314 0.1258 0.1306 0.1330 0.0804 0.1385 
          58  1 0.1368 0.1247 0.1442 0.0903 0.1095 0.1340 0.1317 0.1289 
          59  1 0.1383 0.1656 0.1308 0.1038 0.1440 0.1447 0.0310 0.1417 
          60  1 0.1267 0.1339 0.1315 0.1109 0.1367 0.1273 0.1031 0.1299 
          61  1 0.1798 0.1906 0.2125 0.0859 0.0981 0.0970 0.0385 0.0976 
          62  1 0.1482 0.1763 0.1421 0.1193 0.1469 0.1197 0.0375 0.1100 
          63  1 0.1545 0.1637 0.1625 0.1179 0.1214 0.1185 0.0424 0.1191 
          64  1 0.0871 0.0870 0.0862 0.0954 0.0801 0.0873 0.3949 0.0820 
          65  1 0.1429 0.1399 0.1470 0.1128 0.1452 0.1383 0.0425 0.1314 
          66  1 0.1446 0.1735 0.1495 0.1203 0.1380 0.1218 0.0315 0.1208 
          67  1 0.1314 0.1192 0.1248 0.1735 0.1391 0.1396 0.0328 0.1397 
          68  1 0.1434 0.1208 0.1407 0.1396 0.1467 0.1271 0.0514 0.1303 
          69  1 0.1364 0.1357 0.1279 0.1173 0.1421 0.1500 0.0379 0.1527 
          70  1 0.1921 0.2002 0.2324 0.0937 0.0967 0.0802 0.0237 0.0809 
          71  1 0.1317 0.1517 0.1343 0.1300 0.1394 0.1349 0.0407 0.1371 
          72  1 0.1014 0.1134 0.1024 0.0747 0.1017 0.1219 0.2629 0.1215 
          73  1 0.1225 0.1347 0.1237 0.0941 0.1310 0.1676 0.0571 0.1693 
          74  1 0.1243 0.1175 0.1189 0.1373 0.1336 0.1463 0.0752 0.1468 
          75  1 0.1307 0.1095 0.1106 0.1742 0.1424 0.1393 0.0656 0.1276 
          76  1 0.1475 0.1585 0.1453 0.1137 0.1383 0.1237 0.0391 0.1340 
          77  1 0.1255 0.1172 0.1279 0.1473 0.1596 0.1260 0.0701 0.1264 
          78  1 0.1384 0.1319 0.1440 0.1181 0.1378 0.1448 0.0325 0.1527 
          79  1 0.1508 0.1599 0.1749 0.0980 0.1254 0.1266 0.0395 0.1250 
          80  1 0.1500 0.1526 0.1439 0.1305 0.1425 0.1220 0.0355 0.1231 
          81  1 0.1245 0.1107 0.1106 0.2423 0.1453 0.1099 0.0509 0.1059 
          82  1 0.0792 0.0751 0.0776 0.0862 0.0864 0.0833 0.4272 0.0850 
          83  1 0.1163 0.1210 0.1096 0.1240 0.1311 0.1536 0.0887 0.1556 
          84  1 0.0613 0.0642 0.0569 0.0445 0.0616 0.0647 0.5810 0.0658 
          85  1 0.1442 0.1818 0.1459 0.1182 0.1405 0.1055 0.0540 0.1098 
          86  1 0.1273 0.1083 0.1310 0.1737 0.1441 0.1250 0.0662 0.1245 
          87  1 0.1461 0.1666 0.1562 0.1028 0.1264 0.1295 0.0421 0.1304 
          88  1 0.1188 0.0990 0.1006 0.2207 0.1269 0.1486 0.0371 0.1483 
          89  1 0.0727 0.0540 0.0611 0.1803 0.0843 0.0578 0.4328 0.0570 
          90  1 0.1370 0.0976 0.1061 0.2534 0.1497 0.1090 0.0421 0.1051 
          91  1 0.1282 0.1439 0.1396 0.1179 0.1359 0.1435 0.0527 0.1383 
          92  1 0.1062 0.1088 0.1031 0.1097 0.1275 0.1270 0.1894 0.1283 
          93  1 0.1274 0.1259 0.1137 0.1908 0.1347 0.1242 0.0660 0.1173 
          94  1 0.1321 0.0895 0.1078 0.3192 0.1423 0.0913 0.0259 0.0920 
          95  1 0.1302 0.0916 0.1024 0.3312 0.1505 0.0810 0.0303 0.0829 
          96  1 0.1296 0.0808 0.1016 0.3546 0.1508 0.0769 0.0287 0.0769 
          97  1 0.1259 0.1053 0.1253 0.2133 0.1479 0.1204 0.0483 0.1136 
          98  1 0.1271 0.1086 0.1140 0.1943 0.1414 0.1395 0.0317 0.1434 
          99  1 0.1218 0.1030 0.1123 0.1288 0.1253 0.1139 0.1823 0.1126 
         100  1 0.1023 0.1068 0.1130 0.0958 0.1053 0.0989 0.2862 0.0917 
         101  1 0.1524 0.1397 0.1336 0.1538 0.1424 0.1118 0.0567 0.1097 
         102  1 0.1217 0.1327 0.1264 0.0956 0.1388 0.1529 0.0810 0.1509 
         103  1 0.1563 0.1546 0.1676 0.1242 0.1188 0.1092 0.0602 0.1091 
         104  1 0.1384 0.1061 0.1107 0.2515 0.1478 0.1129 0.0257 0.1070 
         105  1 0.1416 0.1616 0.1459 0.1073 0.1323 0.1250 0.0580 0.1282 
         106  1 0.1113 0.1271 0.1189 0.0997 0.1283 0.1654 0.0900 0.1594 
         107  1 0.1413 0.1264 0.1397 0.1156 0.1273 0.1267 0.0934 0.1297 
         108  1 0.1370 0.1340 0.1464 0.1012 0.1178 0.1356 0.1019 0.1262 
         109  1 0.1186 0.1001 0.1128 0.2107 0.1374 0.1081 0.1028 0.1095 
         110  1 0.1314 0.1053 0.1262 0.1555 0.1352 0.1238 0.1031 0.1194 
         111  1 0.1207 0.0818 0.0922 0.3232 0.1529 0.0884 0.0443 0.0965 
         112  1 0.1270 0.1055 0.1203 0.2229 0.1464 0.1174 0.0374 0.1231 
         113  1 0.0602 0.0641 0.0574 0.0655 0.0667 0.0702 0.5506 0.0653 
         114  1 0.1423 0.1608 0.1479 0.1143 0.1417 0.1335 0.0347 0.1249 
         115  1 0.1307 0.1163 0.1319 0.1529 0.1308 0.1250 0.0866 0.1259 
         116  1 0.1300 0.1328 0.1178 0.0951 0.1241 0.1495 0.1012 0.1494 
         117  1 0.1268 0.1447 0.1355 0.1243 0.1268 0.1522 0.0367 0.1530 
         118  1 0.1384 0.1468 0.1456 0.1094 0.1313 0.1434 0.0440 0.1412 
         119  1 0.1260 0.1288 0.1320 0.1068 0.1376 0.1260 0.1185 0.1242 
         120  1 0.1039 0.1095 0.1028 0.0949 0.1167 0.1189 0.2354 0.1180 
         121  1 0.0387 0.0367 0.0381 0.0369 0.0371 0.0373 0.7376 0.0378 
         122  1 0.1534 0.1611 0.1632 0.1051 0.1186 0.1244 0.0536 0.1207 
         123  1 0.0847 0.0869 0.0873 0.0761 0.0976 0.1148 0.3460 0.1066 
         124  1 0.1323 0.1021 0.1148 0.2190 0.1400 0.1129 0.0683 0.1107 
         125  1 0.1244 0.1056 0.1098 0.1897 0.1304 0.1269 0.0853 0.1280 
         126  1 0.1589 0.1812 0.1922 0.0990 0.1176 0.1120 0.0357 0.1034 
         127  1 0.1035 0.1006 0.0972 0.1227 0.1127 0.1281 0.2061 0.1292 
         128  1 0.1355 0.1336 0.1341 0.1337 0.1280 0.1429 0.0585 0.1337 
         129  1 0.1103 0.0959 0.1082 0.2326 0.1491 0.1068 0.0882 0.1090 
         130  1 0.1383 0.1463 0.1255 0.1024 0.1364 0.1539 0.0375 0.1597 
         131  1 0.1287 0.1223 0.1168 0.0964 0.1259 0.1439 0.1172 0.1488 
         132  1 0.1380 0.1509 0.1378 0.1108 0.1466 0.1387 0.0324 0.1448 
         133  1 0.0668 0.0649 0.0683 0.0483 0.0628 0.0625 0.5623 0.0642 
         134  1 0.1223 0.1195 0.1142 0.1451 0.1265 0.1675 0.0341 0.1708 
         135  1 0.1175 0.1273 0.1178 0.0908 0.1203 0.1916 0.0456 0.1892 
         136  1 0.0978 0.1020 0.1015 0.1203 0.1165 0.1135 0.2339 0.1147 
         137  1 0.1472 0.1346 0.1406 0.1098 0.1221 0.1304 0.0844 0.1309 
         138  1 0.1230 0.1307 0.1430 0.1604 0.1353 0.1402 0.0241 0.1434 
         139  1 0.1401 0.1446 0.1378 0.1178 0.1292 0.1349 0.0648 0.1309 
         140  1 0.1439 0.1363 0.1443 0.1192 0.1380 0.1361 0.0506 0.1315 
         141  1 0.0612 0.0668 0.0621 0.0468 0.0559 0.0625 0.5799 0.0649 
         142  1 0.1327 0.1257 0.1199 0.0986 0.1300 0.1285 0.1389 0.1258 
         143  1 0.1226 0.1366 0.1210 0.1232 0.1221 0.1212 0.1228 0.1304 
         144  1 0.1101 0.1298 0.1106 0.0840 0.1246 0.1782 0.0894 0.1733 
         145  1 0.1258 0.1106 0.1064 0.2506 0.1484 0.1155 0.0281 0.1146 
         146  1 0.1359 0.1149 0.1301 0.1394 0.1325 0.1458 0.0612 0.1402 
         147  1 0.1468 0.1109 0.1398 0.1612 0.1411 0.1231 0.0504 0.1265 
         148  1 0.1295 0.1455 0.1273 0.1012 0.1387 0.1561 0.0493 0.1523 
         149  1 0.1260 0.1244 0.1186 0.1009 0.1332 0.1375 0.1085 0.1507 
         150  1 0.1222 0.0924 0.1079 0.2453 0.1686 0.0987 0.0597 0.1052 
         151  1 0.1171 0.0950 0.1186 0.1536 0.1424 0.0965 0.1846 0.0923 
         152  1 0.1754 0.2098 0.2277 0.0905 0.0995 0.0881 0.0255 0.0834 
         153  1 0.1173 0.1086 0.1294 0.1380 0.1584 0.1082 0.1359 0.1042 
         154  1 0.1295 0.1216 0.1250 0.1213 0.1301 0.1394 0.0939 0.1392 
         155  1 0.0754 0.0813 0.0760 0.0740 0.0868 0.1026 0.4069 0.0970 
         156  1 0.1182 0.1220 0.1206 0.1194 0.1319 0.1699 0.0546 0.1633 
         157  1 0.1242 0.1307 0.1219 0.1038 0.1323 0.1720 0.0541 0.1610 
         158  1 0.1296 0.1278 0.1298 0.1295 0.1308 0.1348 0.0833 0.1345 
         159  1 0.1328 0.1398 0.1202 0.1266 0.1337 0.1326 0.0812 0.1331 
         160  1 0.0693 0.0683 0.0702 0.0596 0.0685 0.0846 0.4913 0.0882 
         161  1 0.1228 0.1429 0.1285 0.1001 0.1255 0.1628 0.0662 0.1513 
         162  1 0.1073 0.0957 0.1149 0.1424 0.1281 0.1094 0.1942 0.1079 
         163  1 0.1433 0.1447 0.1386 0.1075 0.1322 0.1336 0.0695 0.1305 
         164  1 0.1255 0.0746 0.0882 0.3529 0.1480 0.0917 0.0276 0.0916 
         165  1 0.1155 0.0998 0.1064 0.2321 0.1600 0.1181 0.0539 0.1143 
         166  1 0.0661 0.0676 0.0674 0.0605 0.0635 0.0680 0.5446 0.0623 
         167  1 0.1691 0.1833 0.2047 0.0903 0.0915 0.0965 0.0682 0.0963 
         168  1 0.1357 0.1498 0.1435 0.0896 0.1196 0.1294 0.1120 0.1206 
         169  1 0.1271 0.1318 0.1393 0.1348 0.1285 0.1342 0.0685 0.1358 
         170  1 0.0390 0.0364 0.0378 0.0446 0.0393 0.0401 0.7243 0.0387 
         171  1 0.1288 0.1431 0.1286 0.1218 0.1294 0.1468 0.0518 0.1497 
         172  1 0.1470 0.1543 0.1569 0.1131 0.1252 0.1254 0.0565 0.1216 
         173  1 0.0544 0.0520 0.0531 0.0580 0.0563 0.0607 0.6004 0.0651 
         174  1 0.1341 0.1278 0.1417 0.1412 0.1429 0.1304 0.0463 0.1356 
         175  1 0.1562 0.1552 0.1573 0.1159 0.1327 0.1199 0.0407 0.1222 
         176  1 0.1302 0.1513 0.1411 0.1013 0.1245 0.1527 0.0397 0.1592 
         177  1 0.1534 0.1578 0.1589 0.1003 0.1172 0.1271 0.0648 0.1204 
         178  1 0.1328 0.1299 0.1392 0.1004 0.1229 0.1503 0.0728 0.1517 
         179  1 0.1827 0.1912 0.1986 0.1003 0.1059 0.0863 0.0469 0.0881 
         180  1 0.1257 0.1350 0.1211 0.1149 0.1288 0.1353 0.0981 0.1410 
         181  1 0.1110 0.1020 0.1049 0.1349 0.1237 0.1310 0.1674 0.1250 
         182  1 0.1358 0.1175 0.1144 0.1476 0.1504 0.1437 0.0513 0.1392 
         183  1 0.0549 0.0541 0.0531 0.0645 0.0553 0.0582 0.6031 0.0568 
         184  1 0.1252 0.1186 0.1202 0.1748 0.1441 0.1198 0.0758 0.1216 
         185  1 0.0651 0.0583 0.0616 0.0628 0.0646 0.0714 0.5437 0.0723 
         186  1 0.0717 0.0587 0.0677 0.0662 0.0602 0.0575 0.5613 0.0566 
         187  1 0.1298 0.1548 0.1304 0.1168 0.1246 0.1473 0.0474 0.1488 
         188  1 0.1235 0.0897 0.1040 0.2752 0.1438 0.1090 0.0481 0.1068 
         189  1 0.1310 0.1124 0.1218 0.1248 0.1416 0.1200 0.1252 0.1232 
         190  1 0.1259 0.1252 0.1312 0.1214 0.1454 0.1537 0.0460 0.1510 
         191  1 0.1257 0.1166 0.1266 0.1189 0.1460 0.1459 0.0843 0.1360 
         192  1 0.1090 0.1111 0.1074 0.1176 0.1205 0.1891 0.0501 0.1951 
         193  1 0.1520 0.1182 0.1204 0.1646 0.1361 0.1303 0.0496 0.1289 
         194  1 0.1261 0.1270 0.1276 0.1164 0.1332 0.1355 0.0905 0.1437 
         195  1 0.1262 0.1699 0.1390 0.1052 0.1320 0.1303 0.0597 0.1376 
         196  1 0.0686 0.0671 0.0674 0.0919 0.0761 0.0690 0.4918 0.0681 
         197  1 0.1375 0.1433 0.1386 0.1202 0.1347 0.1385 0.0493 0.1380 
         198  1 0.0839 0.0831 0.0836 0.0944 0.0885 0.0934 0.3769 0.0963 
         199  1 0.1407 0.1398 0.1433 0.1150 0.1244 0.1428 0.0512 0.1429 
         200  1 0.1222 0.1048 0.1050 0.2898 0.1576 0.0962 0.0346 0.0899 
         201  1 0.1433 0.1602 0.1516 0.1204 0.1219 0.1274 0.0411 0.1342 
         202  1 0.1054 0.1107 0.1096 0.1147 0.1353 0.1905 0.0510 0.1828 
         203  1 0.1495 0.1512 0.1740 0.0902 0.1154 0.1189 0.0792 0.1215 
         204  1 0.1591 0.1616 0.1494 0.1127 0.1415 0.1201 0.0350 0.1205 
         205  1 0.1342 0.1574 0.1418 0.0963 0.1264 0.1477 0.0516 0.1444 
         206  1 0.1371 0.1365 0.1265 0.1029 0.1396 0.1434 0.0724 0.1416 
         207  1 0.1199 0.1230 0.1189 0.0998 0.1258 0.1707 0.0665 0.1754 
         208  1 0.0866 0.0942 0.0821 0.0697 0.0800 0.0772 0.4314 0.0789 
         209  1 0.1303 0.1314 0.1282 0.1038 0.1298 0.1650 0.0463 0.1654 
         210  1 0.1406 0.1298 0.1492 0.1251 0.1280 0.1395 0.0472 0.1406 
         211  1 0.0981 0.1002 0.0974 0.0708 0.0924 0.0910 0.3527 0.0973 
         212  1 0.0825 0.0765 0.0794 0.0676 0.0815 0.0874 0.4425 0.0825 
         213  1 0.1434 0.1601 0.1492 0.1049 0.1286 0.1206 0.0697 0.1234 
         214  1 0.1347 0.1150 0.1231 0.2077 0.1516 0.1210 0.0320 0.1149 
         215  1 0.1355 0.1291 0.1218 0.1621 0.1292 0.1402 0.0411 0.1411 
         216  1 0.0662 0.0644 0.0607 0.0617 0.0750 0.0781 0.5174 0.0764 
         217  1 0.1438 0.1429 0.1532 0.1128 0.1115 0.1036 0.1275 0.1046 
         218  1 0.1239 0.1276 0.1236 0.1228 0.1370 0.1373 0.0871 0.1408 
         219  1 0.1388 0.1767 0.1639 0.0861 0.1175 0.1417 0.0325 0.1428 
         220  1 0.1293 0.1457 0.1349 0.0848 0.1088 0.1769 0.0383 0.1812 
         221  1 0.1300 0.1233 0.1389 0.1108 0.1412 0.1275 0.0981 0.1302 
         222  1 0.1271 0.1660 0.1378 0.0914 0.1257 0.1499 0.0467 0.1553 
         223  1 0.1248 0.1079 0.1213 0.1907 0.1480 0.1274 0.0633 0.1165 
         224  1 0.1672 0.1682 0.1826 0.0935 0.1167 0.1229 0.0307 0.1182 
