           1  1 0.0996 0.1062 0.1291 0.1146 0.0267 0.1197 0.1039 0.1090 0.0969 0.0943 
           2  1 0.0794 0.0903 0.0877 0.1531 0.0423 0.1015 0.1400 0.1273 0.0802 0.0983 
           3  1 0.1012 0.1056 0.1200 0.1113 0.0458 0.1111 0.1084 0.1067 0.0926 0.0972 
           4  1 0.1048 0.1021 0.0914 0.1193 0.0596 0.0959 0.1172 0.1127 0.0989 0.0982 
           5  1 0.1143 0.1091 0.1064 0.1033 0.0417 0.1078 0.1026 0.1049 0.1110 0.0989 
           6  1 0.1109 0.1047 0.1215 0.1131 0.0314 0.1056 0.1046 0.1181 0.0926 0.0975 
           7  1 0.1081 0.0999 0.1118 0.1017 0.0310 0.1139 0.1058 0.1082 0.1184 0.1013 
           8  1 0.0947 0.0966 0.1075 0.1162 0.0532 0.1013 0.1161 0.1186 0.0915 0.1043 
           9  1 0.0993 0.1015 0.0953 0.1096 0.0624 0.1038 0.1138 0.1161 0.0947 0.1034 
          10  1 0.1158 0.0995 0.0992 0.1151 0.0385 0.1022 0.1190 0.1135 0.0945 0.1027 
          11  1 0.0981 0.0999 0.0830 0.1076 0.0967 0.0981 0.1061 0.1096 0.1029 0.0979 
          12  1 0.0852 0.0836 0.1361 0.0926 0.1508 0.1144 0.0877 0.0954 0.0838 0.0703 
          13  1 0.1001 0.1119 0.0790 0.1125 0.0431 0.1043 0.1066 0.1115 0.1290 0.1018 
          14  1 0.0559 0.0567 0.0474 0.0578 0.4823 0.0539 0.0603 0.0670 0.0609 0.0578 
          15  1 0.1058 0.0891 0.0801 0.1088 0.1315 0.0878 0.1089 0.1083 0.0876 0.0920 
          16  1 0.1157 0.0997 0.1051 0.1192 0.0399 0.0999 0.1066 0.1168 0.0935 0.1035 
          17  1 0.0654 0.0688 0.0593 0.0670 0.4109 0.0640 0.0719 0.0702 0.0580 0.0645 
          18  1 0.1075 0.1053 0.1222 0.1086 0.0322 0.1039 0.1063 0.1077 0.1075 0.0987 
          19  1 0.0982 0.1043 0.1047 0.1008 0.0679 0.1005 0.1006 0.1021 0.1258 0.0951 
          20  1 0.1126 0.1021 0.1155 0.1044 0.0391 0.1116 0.1002 0.1118 0.1044 0.0983 
          21  1 0.0588 0.0592 0.0569 0.0558 0.4818 0.0569 0.0588 0.0578 0.0567 0.0572 
          22  1 0.1123 0.1063 0.0983 0.1165 0.0283 0.1007 0.1093 0.1137 0.1160 0.0986 
          23  1 0.1044 0.1021 0.1010 0.1135 0.0340 0.1040 0.1114 0.1166 0.1027 0.1104 
          24  1 0.1124 0.1073 0.1228 0.1016 0.0304 0.1117 0.1010 0.1049 0.1005 0.1073 
          25  1 0.0992 0.1050 0.0976 0.1086 0.0379 0.1161 0.1128 0.1126 0.1057 0.1046 
          26  1 0.1063 0.1301 0.0786 0.0764 0.0266 0.1153 0.0862 0.0864 0.1400 0.1540 
          27  1 0.1108 0.0998 0.1009 0.1156 0.0419 0.0969 0.1152 0.1108 0.0985 0.1094 
          28  1 0.1042 0.1333 0.0737 0.0766 0.0237 0.1107 0.0936 0.0863 0.1399 0.1579 
          29  1 0.0926 0.0949 0.0824 0.1145 0.1410 0.0861 0.1041 0.1053 0.0854 0.0938 
          30  1 0.1138 0.1088 0.0998 0.0961 0.0605 0.1029 0.0992 0.1004 0.1060 0.1125 
          31  1 0.1052 0.1021 0.0905 0.1239 0.0489 0.0954 0.1251 0.1214 0.0957 0.0917 
          32  1 0.1083 0.1111 0.0889 0.1115 0.0355 0.0906 0.1169 0.1116 0.1167 0.1089 
          33  1 0.1292 0.1110 0.0890 0.1024 0.0235 0.0959 0.1067 0.1053 0.1146 0.1224 
          34  1 0.0987 0.1068 0.0850 0.1249 0.0619 0.0956 0.1240 0.1208 0.0878 0.0946 
          35  1 0.1041 0.1038 0.0869 0.1288 0.0236 0.0959 0.1241 0.1258 0.0899 0.1171 
          36  1 0.1138 0.1039 0.0858 0.1019 0.0594 0.1018 0.1039 0.1054 0.1137 0.1103 
          37  1 0.0974 0.1239 0.0840 0.0907 0.0338 0.1049 0.1064 0.0979 0.1189 0.1421 
          38  1 0.1021 0.1009 0.0898 0.1087 0.0818 0.0937 0.1183 0.1080 0.0916 0.1049 
          39  1 0.1134 0.1072 0.0906 0.1139 0.0440 0.0921 0.1073 0.1118 0.1009 0.1188 
          40  1 0.0509 0.0496 0.0434 0.0496 0.5551 0.0485 0.0511 0.0496 0.0509 0.0514 
          41  1 0.1108 0.1020 0.0918 0.1116 0.0371 0.1016 0.1134 0.1145 0.1013 0.1159 
          42  1 0.0940 0.1104 0.1038 0.1125 0.0298 0.1095 0.1185 0.1113 0.1018 0.1084 
          43  1 0.1139 0.1164 0.0885 0.1136 0.0222 0.0942 0.1196 0.1100 0.1039 0.1178 
          44  1 0.1182 0.1070 0.1005 0.1103 0.0486 0.1003 0.1069 0.1090 0.0936 0.1056 
          45  1 0.1282 0.1080 0.1023 0.0992 0.0186 0.0918 0.1232 0.1125 0.1097 0.1065 
          46  1 0.1114 0.1131 0.0933 0.1187 0.0392 0.0999 0.1138 0.1069 0.1028 0.1010 
          47  1 0.1068 0.1057 0.0923 0.1064 0.0684 0.0930 0.1064 0.1051 0.1039 0.1120 
          48  1 0.1072 0.0975 0.1139 0.1101 0.0592 0.1016 0.1065 0.1037 0.0952 0.1051 
          49  1 0.1160 0.1088 0.1149 0.0968 0.0196 0.1139 0.1037 0.1003 0.1112 0.1147 
          50  1 0.1056 0.1139 0.0958 0.1148 0.0281 0.1027 0.1124 0.1171 0.1039 0.1057 
          51  1 0.1027 0.1212 0.0853 0.0905 0.0315 0.1158 0.0956 0.0914 0.1284 0.1378 
          52  1 0.0960 0.1136 0.0840 0.0943 0.0835 0.1046 0.0964 0.0998 0.1097 0.1182 
          53  1 0.1089 0.0997 0.1157 0.1117 0.0322 0.1117 0.1099 0.1110 0.0955 0.1037 
          54  1 0.1122 0.1009 0.0840 0.1224 0.0515 0.0977 0.1118 0.1184 0.0981 0.1029 
          55  1 0.0996 0.1017 0.0926 0.1007 0.0804 0.0994 0.1007 0.1014 0.1149 0.1086 
          56  1 0.1064 0.1109 0.1027 0.1133 0.0293 0.1034 0.1113 0.1112 0.1022 0.1091 
          57  1 0.1045 0.1036 0.0993 0.1129 0.0508 0.1064 0.1090 0.1121 0.0991 0.1024 
          58  1 0.0827 0.1089 0.0785 0.1135 0.0902 0.0999 0.1105 0.1070 0.0998 0.1089 
          59  1 0.1141 0.1140 0.0990 0.1123 0.0201 0.0949 0.1172 0.1078 0.1108 0.1099 
          60  1 0.1124 0.1030 0.0930 0.1044 0.0770 0.0985 0.1060 0.1029 0.0969 0.1059 
          61  1 0.1021 0.1404 0.0734 0.0745 0.0272 0.1147 0.0835 0.0814 0.1445 0.1583 
          62  1 0.1276 0.1080 0.1138 0.0910 0.0251 0.0920 0.1118 0.0938 0.1218 0.1150 
          63  1 0.1020 0.1255 0.0951 0.0963 0.0287 0.1034 0.1031 0.0994 0.1191 0.1274 
          64  1 0.0637 0.0682 0.0764 0.0675 0.3773 0.0711 0.0672 0.0660 0.0713 0.0713 
          65  1 0.1117 0.1127 0.0875 0.1102 0.0301 0.1005 0.1119 0.1069 0.1104 0.1182 
          66  1 0.1133 0.1077 0.1085 0.0944 0.0198 0.0944 0.1119 0.1003 0.1238 0.1259 
          67  1 0.1019 0.1043 0.1304 0.1080 0.0215 0.1109 0.1041 0.1136 0.1034 0.1018 
          68  1 0.1084 0.1046 0.1051 0.1044 0.0332 0.1037 0.1011 0.1126 0.1195 0.1076 
          69  1 0.1104 0.1046 0.1011 0.1236 0.0246 0.1016 0.1190 0.1178 0.0970 0.1001 
          70  1 0.1019 0.1472 0.0750 0.0646 0.0165 0.1246 0.0788 0.0737 0.1515 0.1662 
          71  1 0.1152 0.0991 0.1201 0.1057 0.0252 0.1028 0.1152 0.1066 0.1016 0.1084 
          72  1 0.0816 0.0827 0.0727 0.0969 0.2320 0.0784 0.0997 0.0922 0.0822 0.0816 
          73  1 0.1058 0.1068 0.0866 0.1236 0.0388 0.0948 0.1254 0.1263 0.0902 0.1016 
          74  1 0.1048 0.1014 0.1076 0.1113 0.0523 0.1128 0.1111 0.1080 0.0918 0.0989 
          75  1 0.1074 0.0912 0.1295 0.1051 0.0442 0.1274 0.0980 0.1076 0.1017 0.0879 
          76  1 0.1131 0.1207 0.0948 0.1010 0.0261 0.1049 0.1135 0.1078 0.1080 0.1101 
          77  1 0.0995 0.1140 0.0976 0.1016 0.0429 0.1029 0.0992 0.1100 0.1320 0.1003 
          78  1 0.1118 0.1132 0.1064 0.1165 0.0212 0.1050 0.1139 0.1132 0.0936 0.1051 
          79  1 0.1099 0.1147 0.0839 0.1011 0.0258 0.1083 0.1119 0.1082 0.1137 0.1226 
          80  1 0.1185 0.1125 0.1162 0.0976 0.0252 0.1138 0.0977 0.1022 0.1052 0.1112 
          81  1 0.1095 0.0943 0.1705 0.0892 0.0381 0.1193 0.0918 0.0963 0.0978 0.0932 
          82  1 0.0687 0.0716 0.0641 0.0644 0.3932 0.0670 0.0654 0.0722 0.0707 0.0626 
          83  1 0.0982 0.0957 0.1001 0.1214 0.0586 0.0942 0.1181 0.1176 0.0992 0.0969 
          84  1 0.0496 0.0476 0.0450 0.0492 0.5719 0.0441 0.0487 0.0514 0.0457 0.0469 
          85  1 0.1311 0.1063 0.1134 0.0880 0.0364 0.0794 0.1102 0.0906 0.1231 0.1216 
          86  1 0.1085 0.0970 0.1381 0.0997 0.0443 0.1098 0.1011 0.1018 0.1008 0.0988 
          87  1 0.1092 0.1215 0.0923 0.1037 0.0301 0.1001 0.1143 0.0952 0.1154 0.1182 
          88  1 0.0958 0.0898 0.1759 0.1110 0.0269 0.1200 0.1043 0.1041 0.0911 0.0811 
          89  1 0.0567 0.0578 0.1131 0.0461 0.4499 0.0775 0.0435 0.0533 0.0584 0.0438 
          90  1 0.1128 0.0851 0.1949 0.0818 0.0280 0.1437 0.0880 0.0866 0.1002 0.0790 
          91  1 0.1107 0.1130 0.1007 0.1036 0.0348 0.0933 0.1199 0.1032 0.1114 0.1094 
          92  1 0.0925 0.0938 0.0891 0.1055 0.1383 0.0874 0.1050 0.1036 0.0959 0.0888 
          93  1 0.1173 0.1027 0.1415 0.0970 0.0465 0.1049 0.0979 0.1021 0.0984 0.0918 
          94  1 0.1027 0.0879 0.2142 0.0736 0.0178 0.1606 0.0733 0.0748 0.1160 0.0791 
          95  1 0.1081 0.0908 0.2269 0.0627 0.0221 0.1600 0.0707 0.0755 0.1143 0.0689 
          96  1 0.1029 0.0901 0.2377 0.0660 0.0219 0.1644 0.0690 0.0740 0.1064 0.0678 
          97  1 0.0965 0.1072 0.1441 0.0909 0.0331 0.1307 0.0944 0.0999 0.1095 0.0937 
          98  1 0.0987 0.0973 0.1532 0.1063 0.0202 0.1256 0.1059 0.1073 0.0975 0.0879 
          99  1 0.1025 0.0991 0.1016 0.0971 0.1236 0.0924 0.0873 0.0957 0.1103 0.0904 
         100  1 0.0871 0.0875 0.0842 0.0854 0.2241 0.0773 0.0856 0.0831 0.0944 0.0913 
         101  1 0.1218 0.1184 0.1235 0.0881 0.0398 0.1112 0.0944 0.0994 0.0990 0.1044 
         102  1 0.1066 0.1062 0.0899 0.1194 0.0529 0.0921 0.1125 0.1142 0.1018 0.1044 
         103  1 0.1075 0.1206 0.0926 0.0912 0.0461 0.1085 0.0953 0.0948 0.1202 0.1232 
         104  1 0.1085 0.0993 0.1853 0.0818 0.0178 0.1469 0.0865 0.0881 0.0985 0.0872 
         105  1 0.1140 0.1098 0.0920 0.1052 0.0383 0.0948 0.1150 0.1026 0.1103 0.1180 
         106  1 0.0939 0.1024 0.0958 0.1190 0.0683 0.0969 0.1153 0.1181 0.0863 0.1041 
         107  1 0.0985 0.1102 0.0995 0.1048 0.0774 0.1062 0.1002 0.1028 0.0986 0.1018 
         108  1 0.0982 0.0994 0.0937 0.1058 0.0773 0.1084 0.1073 0.1020 0.0958 0.1121 
         109  1 0.0954 0.1035 0.1281 0.0913 0.0673 0.1246 0.0957 0.0922 0.1155 0.0866 
         110  1 0.1049 0.0976 0.1161 0.1011 0.0632 0.1078 0.0985 0.1065 0.1029 0.1013 
         111  1 0.0999 0.0956 0.2129 0.0797 0.0324 0.1513 0.0753 0.0835 0.0969 0.0728 
         112  1 0.1026 0.0973 0.1628 0.1010 0.0239 0.1219 0.0910 0.0981 0.1155 0.0859 
         113  1 0.0493 0.0495 0.0467 0.0550 0.5476 0.0505 0.0522 0.0517 0.0486 0.0489 
         114  1 0.1216 0.1066 0.1012 0.1069 0.0235 0.0928 0.1083 0.1128 0.1104 0.1158 
         115  1 0.0961 0.0992 0.1118 0.1073 0.0574 0.1058 0.1032 0.0995 0.1178 0.1020 
         116  1 0.1059 0.1079 0.0898 0.1142 0.0711 0.0906 0.1182 0.1065 0.0902 0.1054 
         117  1 0.1065 0.1097 0.1039 0.1212 0.0241 0.0976 0.1181 0.1090 0.1012 0.1087 
         118  1 0.1014 0.1133 0.0931 0.1146 0.0313 0.1021 0.1080 0.1141 0.1062 0.1160 
         119  1 0.1000 0.1028 0.0895 0.1022 0.0848 0.1012 0.1021 0.1025 0.1156 0.0993 
         120  1 0.0915 0.0908 0.0815 0.1029 0.1684 0.0853 0.0966 0.0996 0.0904 0.0930 
         121  1 0.0291 0.0301 0.0281 0.0284 0.7408 0.0277 0.0275 0.0298 0.0303 0.0282 
         122  1 0.1092 0.1302 0.0820 0.0979 0.0357 0.0997 0.1085 0.0989 0.1151 0.1229 
         123  1 0.0737 0.0777 0.0675 0.0860 0.3024 0.0775 0.0884 0.0883 0.0670 0.0715 
         124  1 0.1026 0.1009 0.1549 0.0911 0.0457 0.1366 0.0867 0.0912 0.1056 0.0845 
         125  1 0.0975 0.0932 0.1434 0.0964 0.0659 0.1264 0.0976 0.1008 0.0912 0.0877 
         126  1 0.1062 0.1273 0.0776 0.0893 0.0234 0.1112 0.1016 0.0906 0.1304 0.1424 
         127  1 0.0874 0.0890 0.0935 0.1061 0.1603 0.0952 0.0979 0.1057 0.0799 0.0851 
         128  1 0.1016 0.1081 0.1010 0.1124 0.0370 0.1062 0.1072 0.1163 0.1034 0.1069 
         129  1 0.0999 0.0975 0.1449 0.0967 0.0620 0.1179 0.0930 0.0964 0.1080 0.0838 
         130  1 0.1165 0.1067 0.1051 0.1145 0.0236 0.1017 0.1170 0.1180 0.0980 0.0990 
         131  1 0.1020 0.0976 0.0916 0.1177 0.0903 0.0940 0.1109 0.1093 0.0812 0.1054 
         132  1 0.1099 0.1092 0.0937 0.1183 0.0207 0.0973 0.1146 0.1151 0.1058 0.1155 
         133  1 0.0534 0.0530 0.0422 0.0478 0.5571 0.0440 0.0519 0.0489 0.0471 0.0547 
         134  1 0.0985 0.0991 0.1275 0.1269 0.0212 0.1091 0.1219 0.1130 0.0900 0.0928 
         135  1 0.0989 0.1015 0.0846 0.1370 0.0300 0.1013 0.1234 0.1305 0.0862 0.1065 
         136  1 0.0870 0.0821 0.0919 0.0899 0.2147 0.0884 0.0895 0.0903 0.0837 0.0824 
         137  1 0.1057 0.1011 0.0907 0.1098 0.0572 0.1000 0.0999 0.1071 0.1151 0.1133 
         138  1 0.0946 0.1062 0.1094 0.1115 0.0158 0.1182 0.1098 0.1113 0.1112 0.1119 
         139  1 0.1048 0.1110 0.0976 0.1059 0.0444 0.1017 0.1064 0.1107 0.1052 0.1124 
         140  1 0.1081 0.1099 0.1091 0.1054 0.0338 0.1075 0.1059 0.1084 0.1046 0.1073 
         141  1 0.0502 0.0461 0.0405 0.0491 0.5830 0.0429 0.0465 0.0490 0.0459 0.0467 
         142  1 0.1107 0.1000 0.0870 0.1012 0.0950 0.0950 0.1112 0.1128 0.0920 0.0951 
         143  1 0.0993 0.1037 0.1056 0.0975 0.1023 0.0975 0.0982 0.0995 0.0947 0.1016 
         144  1 0.0955 0.0977 0.0827 0.1246 0.0676 0.1011 0.1190 0.1269 0.0812 0.1036 
         145  1 0.1070 0.0924 0.1780 0.0922 0.0185 0.1287 0.0991 0.0905 0.1066 0.0868 
         146  1 0.1090 0.1024 0.1102 0.1154 0.0405 0.1079 0.1041 0.1147 0.0946 0.1013 
         147  1 0.1103 0.1045 0.1225 0.0988 0.0316 0.1204 0.1021 0.0992 0.1080 0.1027 
         148  1 0.1080 0.1042 0.0944 0.1219 0.0316 0.0999 0.1166 0.1184 0.1011 0.1039 
         149  1 0.1015 0.0993 0.0942 0.1142 0.0743 0.0938 0.1109 0.1114 0.0925 0.1079 
         150  1 0.1000 0.1046 0.1505 0.0872 0.0338 0.1127 0.0847 0.0938 0.1437 0.0890 
         151  1 0.0965 0.0993 0.0999 0.0909 0.1123 0.0940 0.0849 0.0897 0.1401 0.0924 
         152  1 0.0992 0.1427 0.0731 0.0668 0.0168 0.1116 0.0760 0.0760 0.1624 0.1755 
         153  1 0.0948 0.1068 0.0892 0.0977 0.0885 0.0969 0.0931 0.0947 0.1407 0.0976 
         154  1 0.1028 0.0999 0.0974 0.1171 0.0675 0.1023 0.1139 0.1081 0.0952 0.0958 
         155  1 0.0673 0.0678 0.0596 0.0766 0.3761 0.0637 0.0789 0.0741 0.0680 0.0678 
         156  1 0.1000 0.1086 0.1011 0.1190 0.0381 0.1063 0.1231 0.1205 0.0894 0.0937 
         157  1 0.1058 0.1023 0.0899 0.1191 0.0382 0.1039 0.1255 0.1234 0.0886 0.1032 
         158  1 0.1035 0.1115 0.1055 0.1040 0.0617 0.1099 0.1028 0.1014 0.1000 0.0998 
         159  1 0.1078 0.1013 0.1054 0.1055 0.0550 0.1002 0.1101 0.1123 0.1008 0.1014 
         160  1 0.0551 0.0574 0.0526 0.0670 0.4669 0.0594 0.0681 0.0605 0.0562 0.0569 
         161  1 0.1061 0.1041 0.0931 0.1186 0.0455 0.1018 0.1138 0.1147 0.0994 0.1028 
         162  1 0.0902 0.0970 0.0944 0.0862 0.1579 0.0963 0.0830 0.0914 0.1155 0.0883 
         163  1 0.1155 0.1158 0.0962 0.0986 0.0508 0.0958 0.1158 0.1059 0.0980 0.1076 
         164  1 0.0969 0.0862 0.2436 0.0749 0.0178 0.1572 0.0726 0.0777 0.1073 0.0658 
         165  1 0.1024 0.0994 0.1469 0.0946 0.0364 0.1219 0.0963 0.0968 0.1219 0.0834 
         166  1 0.0483 0.0538 0.0455 0.0534 0.5366 0.0520 0.0538 0.0503 0.0524 0.0539 
         167  1 0.0888 0.1350 0.0775 0.0759 0.0525 0.1110 0.0838 0.0827 0.1453 0.1475 
         168  1 0.1073 0.1083 0.0803 0.1062 0.0789 0.0941 0.1066 0.0984 0.1068 0.1133 
         169  1 0.1053 0.1016 0.1018 0.1062 0.0475 0.1082 0.1064 0.1042 0.1073 0.1115 
         170  1 0.0277 0.0293 0.0295 0.0299 0.7429 0.0270 0.0278 0.0294 0.0285 0.0279 
         171  1 0.1118 0.1090 0.0906 0.1116 0.0362 0.1040 0.1143 0.1152 0.0940 0.1134 
         172  1 0.1194 0.1120 0.0921 0.1018 0.0360 0.0985 0.1000 0.1088 0.1128 0.1188 
         173  1 0.0453 0.0459 0.0445 0.0490 0.5899 0.0426 0.0465 0.0479 0.0451 0.0434 
         174  1 0.1014 0.1061 0.1009 0.1141 0.0289 0.1066 0.1078 0.1069 0.1150 0.1123 
         175  1 0.1060 0.1086 0.0941 0.0940 0.0273 0.1056 0.1007 0.1018 0.1217 0.1400 
         176  1 0.1067 0.1080 0.0887 0.1174 0.0268 0.1064 0.1139 0.1178 0.1016 0.1127 
         177  1 0.1003 0.1225 0.0893 0.0954 0.0438 0.1059 0.1123 0.0965 0.1148 0.1192 
         178  1 0.0962 0.1032 0.0852 0.1155 0.0463 0.1037 0.1232 0.1179 0.0981 0.1106 
         179  1 0.1012 0.1338 0.0801 0.0671 0.0350 0.1097 0.0893 0.0852 0.1397 0.1587 
         180  1 0.1119 0.1029 0.0956 0.1102 0.0626 0.0946 0.1145 0.1114 0.0974 0.0990 
         181  1 0.0923 0.0902 0.1019 0.1161 0.1168 0.0987 0.1002 0.1039 0.0922 0.0877 
         182  1 0.1107 0.1018 0.1197 0.1130 0.0373 0.1086 0.1096 0.1103 0.0965 0.0924 
         183  1 0.0440 0.0407 0.0524 0.0420 0.6086 0.0400 0.0445 0.0440 0.0415 0.0422 
         184  1 0.1000 0.0988 0.1296 0.0985 0.0573 0.1178 0.0992 0.1033 0.1043 0.0913 
         185  1 0.0517 0.0511 0.0510 0.0564 0.5365 0.0508 0.0544 0.0541 0.0461 0.0477 
         186  1 0.0519 0.0527 0.0523 0.0499 0.5377 0.0520 0.0509 0.0499 0.0534 0.0494 
         187  1 0.1084 0.1034 0.0997 0.1164 0.0305 0.1011 0.1176 0.1136 0.1011 0.1082 
         188  1 0.0997 0.0915 0.1829 0.0903 0.0315 0.1291 0.0928 0.0907 0.1112 0.0804 
         189  1 0.1043 0.1049 0.0947 0.1044 0.0882 0.0938 0.0984 0.1002 0.1108 0.1002 
         190  1 0.0975 0.1060 0.0919 0.1186 0.0266 0.1015 0.1189 0.1262 0.1130 0.0997 
         191  1 0.1088 0.1002 0.0925 0.1227 0.0464 0.0995 0.1099 0.1185 0.1015 0.0999 
         192  1 0.0921 0.0971 0.1075 0.1410 0.0348 0.0980 0.1340 0.1212 0.0812 0.0932 
         193  1 0.1098 0.1014 0.1240 0.1044 0.0325 0.1201 0.1015 0.1097 0.1013 0.0953 
         194  1 0.1101 0.1020 0.0958 0.1189 0.0529 0.0966 0.1079 0.1088 0.0996 0.1073 
         195  1 0.1152 0.1036 0.1078 0.1036 0.0454 0.0898 0.1096 0.1013 0.1107 0.1129 
         196  1 0.0575 0.0564 0.0712 0.0527 0.4853 0.0620 0.0496 0.0554 0.0554 0.0546 
         197  1 0.1143 0.1157 0.0982 0.1049 0.0380 0.0983 0.1082 0.1104 0.0994 0.1126 
         198  1 0.0672 0.0701 0.0754 0.0755 0.3652 0.0731 0.0733 0.0710 0.0644 0.0648 
         199  1 0.1104 0.1115 0.0990 0.1085 0.0362 0.1064 0.1072 0.1110 0.1020 0.1078 
         200  1 0.1172 0.1042 0.1934 0.0779 0.0229 0.1343 0.0799 0.0816 0.1083 0.0803 
         201  1 0.1024 0.1099 0.0986 0.1119 0.0273 0.0998 0.1064 0.1098 0.1117 0.1222 
         202  1 0.0941 0.1076 0.0967 0.1270 0.0362 0.1117 0.1269 0.1179 0.0878 0.0941 
         203  1 0.1149 0.1094 0.0771 0.0986 0.0487 0.1031 0.0947 0.1072 0.1153 0.1310 
         204  1 0.1316 0.1247 0.0953 0.0983 0.0238 0.0932 0.1069 0.1051 0.1006 0.1206 
         205  1 0.1229 0.1075 0.0868 0.1157 0.0369 0.0933 0.1158 0.1103 0.1025 0.1081 
         206  1 0.1156 0.1027 0.0914 0.1155 0.0454 0.0946 0.1120 0.1214 0.0963 0.1051 
         207  1 0.0989 0.1006 0.0926 0.1335 0.0422 0.1009 0.1254 0.1215 0.0855 0.0990 
         208  1 0.0740 0.0599 0.0635 0.0671 0.4097 0.0615 0.0690 0.0659 0.0638 0.0656 
         209  1 0.1095 0.1035 0.0890 0.1290 0.0295 0.1015 0.1222 0.1211 0.0912 0.1036 
         210  1 0.1008 0.1131 0.0951 0.1158 0.0313 0.1076 0.1082 0.1087 0.1108 0.1086 
         211  1 0.0811 0.0711 0.0662 0.0785 0.3203 0.0725 0.0774 0.0791 0.0759 0.0779 
         212  1 0.0604 0.0651 0.0556 0.0656 0.4149 0.0660 0.0672 0.0681 0.0687 0.0683 
         213  1 0.1126 0.1164 0.0946 0.1014 0.0449 0.0967 0.0992 0.1050 0.1103 0.1191 
         214  1 0.1013 0.1087 0.1372 0.0919 0.0204 0.1375 0.0999 0.0945 0.1152 0.0934 
         215  1 0.0983 0.1031 0.1260 0.1082 0.0287 0.1104 0.1071 0.1175 0.1030 0.0977 
         216  1 0.0522 0.0528 0.0506 0.0572 0.5025 0.0550 0.0589 0.0586 0.0576 0.0547 
         217  1 0.0944 0.1162 0.0804 0.0887 0.0909 0.1015 0.0884 0.0920 0.1261 0.1215 
         218  1 0.1079 0.0946 0.0947 0.1166 0.0528 0.0949 0.1184 0.1122 0.1018 0.1061 
         219  1 0.1031 0.1233 0.0796 0.1117 0.0224 0.1009 0.1093 0.1082 0.1160 0.1256 
         220  1 0.0898 0.1079 0.0856 0.1273 0.0250 0.1045 0.1280 0.1220 0.0972 0.1127 
         221  1 0.0972 0.1113 0.0844 0.1017 0.0643 0.0966 0.1040 0.1068 0.1229 0.1107 
         222  1 0.1114 0.1084 0.0934 0.1131 0.0294 0.0912 0.1172 0.1066 0.1095 0.1198 
         223  1 0.1012 0.1130 0.1281 0.0934 0.0441 0.1158 0.0976 0.1057 0.1086 0.0924 
         224  1 0.0979 0.1307 0.0829 0.0919 0.0229 0.1119 0.1050 0.0908 0.1288 0.1372 
