           1  1 0.0335 0.1537 0.1343 0.1197 0.1190 0.1756 0.1310 0.1332 
           2  1 0.0546 0.1702 0.1760 0.1255 0.0731 0.1233 0.0955 0.1818 
           3  1 0.0605 0.1376 0.1415 0.1266 0.1121 0.1524 0.1287 0.1405 
           4  1 0.0860 0.1372 0.1455 0.1436 0.1000 0.1254 0.1213 0.1410 
           5  1 0.0538 0.1329 0.1312 0.1456 0.1318 0.1430 0.1276 0.1340 
           6  1 0.0416 0.1554 0.1387 0.1290 0.1203 0.1450 0.1287 0.1413 
           7  1 0.0456 0.1243 0.1260 0.1409 0.1488 0.1467 0.1392 0.1284 
           8  1 0.0718 0.1420 0.1567 0.1352 0.1038 0.1181 0.1145 0.1578 
           9  1 0.0774 0.1343 0.1443 0.1399 0.1158 0.1251 0.1250 0.1382 
          10  1 0.0486 0.1463 0.1426 0.1371 0.1309 0.1131 0.1325 0.1489 
          11  1 0.1576 0.1233 0.1376 0.1333 0.0970 0.1046 0.1103 0.1363 
          12  1 0.1826 0.1169 0.1090 0.1063 0.1005 0.1597 0.1257 0.0994 
          13  1 0.0627 0.1427 0.1501 0.1672 0.1077 0.1267 0.1056 0.1373 
          14  1 0.5638 0.0643 0.0641 0.0699 0.0518 0.0628 0.0579 0.0654 
          15  1 0.1721 0.1264 0.1387 0.1344 0.0946 0.1006 0.0994 0.1338 
          16  1 0.0587 0.1494 0.1465 0.1418 0.1156 0.1333 0.1204 0.1343 
          17  1 0.4755 0.0769 0.0761 0.0803 0.0664 0.0708 0.0709 0.0831 
          18  1 0.0404 0.1347 0.1465 0.1391 0.1277 0.1455 0.1284 0.1377 
          19  1 0.0945 0.1171 0.1230 0.1526 0.1253 0.1389 0.1282 0.1205 
          20  1 0.0543 0.1320 0.1356 0.1364 0.1244 0.1603 0.1349 0.1221 
          21  1 0.5313 0.0694 0.0650 0.0674 0.0687 0.0657 0.0699 0.0625 
          22  1 0.0422 0.1413 0.1482 0.1580 0.1055 0.1367 0.1195 0.1485 
          23  1 0.0476 0.1439 0.1538 0.1385 0.1128 0.1309 0.1269 0.1458 
          24  1 0.0417 0.1415 0.1296 0.1335 0.1300 0.1481 0.1470 0.1287 
          25  1 0.0532 0.1405 0.1454 0.1439 0.1199 0.1277 0.1348 0.1346 
          26  1 0.0328 0.0954 0.1036 0.1078 0.2362 0.0996 0.2029 0.1217 
          27  1 0.0545 0.1448 0.1456 0.1434 0.1209 0.1251 0.1157 0.1499 
          28  1 0.0266 0.0878 0.0925 0.1039 0.2467 0.1056 0.2145 0.1225 
          29  1 0.2079 0.1251 0.1372 0.1338 0.0748 0.1096 0.0837 0.1278 
          30  1 0.0721 0.1217 0.1183 0.1206 0.1665 0.1188 0.1548 0.1272 
          31  1 0.0657 0.1451 0.1550 0.1411 0.1075 0.1222 0.1146 0.1488 
          32  1 0.0493 0.1348 0.1540 0.1567 0.1092 0.1311 0.1194 0.1454 
          33  1 0.0306 0.1232 0.1292 0.1420 0.1823 0.1152 0.1435 0.1341 
          34  1 0.0996 0.1528 0.1640 0.1371 0.0813 0.1190 0.1000 0.1462 
          35  1 0.0300 0.1575 0.1611 0.1462 0.1019 0.1185 0.1211 0.1637 
          36  1 0.0774 0.1281 0.1363 0.1356 0.1311 0.1229 0.1338 0.1348 
          37  1 0.0393 0.1246 0.1267 0.1261 0.1850 0.1067 0.1576 0.1341 
          38  1 0.1031 0.1333 0.1381 0.1399 0.1095 0.1186 0.1163 0.1413 
          39  1 0.0574 0.1300 0.1377 0.1440 0.1341 0.1222 0.1290 0.1455 
          40  1 0.6531 0.0499 0.0509 0.0497 0.0522 0.0462 0.0479 0.0501 
          41  1 0.0530 0.1348 0.1445 0.1436 0.1276 0.1239 0.1273 0.1453 
          42  1 0.0396 0.1418 0.1481 0.1418 0.1188 0.1289 0.1406 0.1403 
          43  1 0.0263 0.1368 0.1428 0.1347 0.1491 0.1208 0.1428 0.1466 
          44  1 0.0616 0.1412 0.1402 0.1396 0.1340 0.1237 0.1256 0.1342 
          45  1 0.0238 0.1523 0.1498 0.1520 0.1413 0.1217 0.1218 0.1373 
          46  1 0.0497 0.1372 0.1440 0.1313 0.1388 0.1245 0.1330 0.1415 
          47  1 0.0912 0.1324 0.1390 0.1443 0.1219 0.1176 0.1130 0.1405 
          48  1 0.0739 0.1459 0.1383 0.1303 0.1174 0.1369 0.1199 0.1374 
          49  1 0.0232 0.1327 0.1242 0.1402 0.1517 0.1416 0.1550 0.1314 
          50  1 0.0375 0.1359 0.1469 0.1480 0.1271 0.1376 0.1196 0.1474 
          51  1 0.0395 0.1053 0.1044 0.1133 0.2202 0.1125 0.1808 0.1239 
          52  1 0.0959 0.1118 0.1106 0.1077 0.1830 0.1129 0.1545 0.1237 
          53  1 0.0407 0.1466 0.1487 0.1351 0.1153 0.1387 0.1225 0.1524 
          54  1 0.0750 0.1361 0.1477 0.1437 0.1181 0.1231 0.1164 0.1400 
          55  1 0.1157 0.1204 0.1138 0.1424 0.1459 0.1134 0.1266 0.1217 
          56  1 0.0383 0.1394 0.1446 0.1403 0.1322 0.1347 0.1252 0.1454 
          57  1 0.0680 0.1351 0.1413 0.1355 0.1217 0.1349 0.1256 0.1378 
          58  1 0.1095 0.1186 0.1319 0.1288 0.1329 0.1083 0.1345 0.1355 
          59  1 0.0265 0.1504 0.1412 0.1561 0.1339 0.1182 0.1272 0.1466 
          60  1 0.0999 0.1326 0.1342 0.1412 0.1183 0.1143 0.1192 0.1403 
          61  1 0.0329 0.0912 0.0908 0.0937 0.2659 0.1016 0.2153 0.1087 
          62  1 0.0324 0.1421 0.1338 0.1455 0.1693 0.1116 0.1293 0.1361 
          63  1 0.0380 0.1128 0.1171 0.1261 0.1869 0.1209 0.1770 0.1212 
          64  1 0.4170 0.0829 0.0808 0.0753 0.0875 0.0889 0.0905 0.0770 
          65  1 0.0384 0.1278 0.1314 0.1384 0.1559 0.1367 0.1355 0.1358 
          66  1 0.0254 0.1424 0.1296 0.1402 0.1712 0.1210 0.1353 0.1350 
          67  1 0.0283 0.1467 0.1427 0.1352 0.1225 0.1530 0.1342 0.1375 
          68  1 0.0433 0.1324 0.1286 0.1375 0.1565 0.1386 0.1325 0.1308 
          69  1 0.0325 0.1548 0.1531 0.1450 0.1107 0.1346 0.1213 0.1480 
          70  1 0.0195 0.0780 0.0769 0.0933 0.2880 0.1047 0.2390 0.1005 
          71  1 0.0340 0.1516 0.1488 0.1401 0.1342 0.1318 0.1222 0.1374 
          72  1 0.2812 0.1101 0.1212 0.1059 0.0879 0.0877 0.0891 0.1169 
          73  1 0.0490 0.1629 0.1532 0.1412 0.1027 0.1215 0.1086 0.1609 
          74  1 0.0640 0.1443 0.1381 0.1240 0.1110 0.1542 0.1207 0.1437 
          75  1 0.0530 0.1461 0.1375 0.1227 0.1184 0.1689 0.1291 0.1243 
          76  1 0.0321 0.1356 0.1342 0.1319 0.1594 0.1216 0.1501 0.1352 
          77  1 0.0644 0.1303 0.1285 0.1609 0.1236 0.1411 0.1236 0.1277 
          78  1 0.0277 0.1471 0.1439 0.1425 0.1283 0.1392 0.1311 0.1400 
          79  1 0.0306 0.1282 0.1387 0.1345 0.1435 0.1176 0.1687 0.1382 
          80  1 0.0312 0.1340 0.1369 0.1374 0.1392 0.1443 0.1456 0.1314 
          81  1 0.0461 0.1416 0.1231 0.1179 0.1337 0.1789 0.1434 0.1152 
          82  1 0.4710 0.0769 0.0805 0.0839 0.0646 0.0760 0.0702 0.0768 
          83  1 0.0802 0.1428 0.1521 0.1386 0.0964 0.1317 0.1148 0.1433 
          84  1 0.6444 0.0530 0.0564 0.0518 0.0442 0.0470 0.0479 0.0552 
          85  1 0.0509 0.1352 0.1295 0.1437 0.1715 0.1143 0.1268 0.1281 
          86  1 0.0547 0.1356 0.1260 0.1303 0.1298 0.1618 0.1382 0.1236 
          87  1 0.0360 0.1285 0.1272 0.1263 0.1752 0.1120 0.1593 0.1356 
          88  1 0.0320 0.1486 0.1403 0.1143 0.1093 0.1944 0.1325 0.1286 
          89  1 0.4893 0.0655 0.0530 0.0560 0.0809 0.1141 0.0887 0.0524 
          90  1 0.0347 0.1414 0.1151 0.1102 0.1254 0.2190 0.1453 0.1089 
          91  1 0.0489 0.1302 0.1409 0.1577 0.1253 0.1252 0.1259 0.1459 
          92  1 0.2007 0.1235 0.1244 0.1251 0.0947 0.1145 0.0978 0.1193 
          93  1 0.0588 0.1355 0.1237 0.1303 0.1326 0.1611 0.1447 0.1132 
          94  1 0.0212 0.1407 0.0952 0.0911 0.1527 0.2318 0.1718 0.0956 
          95  1 0.0253 0.1318 0.0912 0.0915 0.1665 0.2293 0.1778 0.0866 
          96  1 0.0248 0.1371 0.0851 0.0929 0.1590 0.2431 0.1769 0.0811 
          97  1 0.0379 0.1347 0.1219 0.1269 0.1385 0.1734 0.1526 0.1140 
          98  1 0.0263 0.1506 0.1442 0.1132 0.1107 0.1849 0.1412 0.1289 
          99  1 0.1785 0.1224 0.1134 0.1314 0.1040 0.1216 0.1101 0.1186 
         100  1 0.3302 0.0875 0.0975 0.1176 0.0913 0.0880 0.0875 0.1005 
         101  1 0.0477 0.1240 0.1105 0.1174 0.1790 0.1435 0.1621 0.1159 
         102  1 0.0735 0.1430 0.1548 0.1470 0.1029 0.1229 0.1084 0.1474 
         103  1 0.0517 0.1025 0.1094 0.1128 0.1908 0.1269 0.1872 0.1187 
         104  1 0.0202 0.1453 0.1195 0.1036 0.1374 0.2075 0.1526 0.1139 
         105  1 0.0509 0.1434 0.1432 0.1438 0.1323 0.1105 0.1292 0.1467 
         106  1 0.0876 0.1510 0.1509 0.1367 0.0970 0.1190 0.1111 0.1467 
         107  1 0.0872 0.1373 0.1229 0.1157 0.1382 0.1293 0.1478 0.1216 
         108  1 0.0989 0.1300 0.1277 0.1196 0.1378 0.1147 0.1377 0.1337 
         109  1 0.0987 0.1278 0.1131 0.1115 0.1331 0.1586 0.1485 0.1087 
         110  1 0.0907 0.1288 0.1269 0.1349 0.1258 0.1445 0.1235 0.1249 
         111  1 0.0399 0.1383 0.0959 0.0980 0.1405 0.2388 0.1545 0.0941 
         112  1 0.0298 0.1376 0.1193 0.1312 0.1300 0.1823 0.1488 0.1208 
         113  1 0.6169 0.0567 0.0591 0.0577 0.0477 0.0535 0.0479 0.0605 
         114  1 0.0287 0.1334 0.1352 0.1537 0.1505 0.1287 0.1239 0.1459 
         115  1 0.0794 0.1355 0.1258 0.1342 0.1285 0.1427 0.1236 0.1304 
         116  1 0.0966 0.1422 0.1482 0.1283 0.1138 0.1125 0.1160 0.1424 
         117  1 0.0318 0.1432 0.1477 0.1490 0.1247 0.1258 0.1269 0.1509 
         118  1 0.0363 0.1402 0.1404 0.1364 0.1426 0.1212 0.1395 0.1434 
         119  1 0.1128 0.1158 0.1235 0.1403 0.1314 0.1215 0.1321 0.1224 
         120  1 0.2558 0.1131 0.1193 0.1207 0.0868 0.0955 0.0908 0.1180 
         121  1 0.7921 0.0285 0.0284 0.0333 0.0295 0.0284 0.0297 0.0301 
         122  1 0.0440 0.1197 0.1213 0.1290 0.1848 0.1130 0.1600 0.1282 
         123  1 0.3769 0.1003 0.1025 0.0955 0.0700 0.0823 0.0736 0.0989 
         124  1 0.0603 0.1391 0.1128 0.1168 0.1340 0.1825 0.1465 0.1081 
         125  1 0.0723 0.1474 0.1278 0.1138 0.1159 0.1707 0.1307 0.1213 
         126  1 0.0307 0.1162 0.1148 0.1179 0.1890 0.1131 0.1871 0.1314 
         127  1 0.2149 0.1207 0.1254 0.1169 0.0840 0.1226 0.0960 0.1195 
         128  1 0.0495 0.1312 0.1425 0.1412 0.1211 0.1444 0.1295 0.1405 
         129  1 0.0816 0.1241 0.1106 0.1185 0.1318 0.1860 0.1375 0.1098 
         130  1 0.0304 0.1543 0.1529 0.1443 0.1252 0.1253 0.1127 0.1549 
         131  1 0.1104 0.1408 0.1450 0.1391 0.0961 0.1180 0.1059 0.1448 
         132  1 0.0267 0.1427 0.1491 0.1503 0.1288 0.1231 0.1293 0.1500 
         133  1 0.6123 0.0531 0.0570 0.0531 0.0608 0.0495 0.0571 0.0572 
         134  1 0.0273 0.1596 0.1624 0.1382 0.0912 0.1490 0.1214 0.1510 
         135  1 0.0387 0.1623 0.1728 0.1580 0.0753 0.1202 0.1060 0.1667 
         136  1 0.2450 0.1153 0.1123 0.1155 0.0938 0.1088 0.1027 0.1066 
         137  1 0.0761 0.1250 0.1296 0.1381 0.1367 0.1187 0.1388 0.1370 
         138  1 0.0190 0.1458 0.1429 0.1237 0.1343 0.1407 0.1528 0.1408 
         139  1 0.0588 0.1333 0.1286 0.1339 0.1397 0.1299 0.1347 0.1412 
         140  1 0.0419 0.1429 0.1397 0.1279 0.1449 0.1320 0.1353 0.1355 
         141  1 0.6387 0.0506 0.0538 0.0559 0.0515 0.0469 0.0509 0.0517 
         142  1 0.1318 0.1366 0.1293 0.1327 0.1084 0.1123 0.1147 0.1342 
         143  1 0.1182 0.1306 0.1277 0.1242 0.1282 0.1225 0.1221 0.1265 
         144  1 0.0753 0.1510 0.1719 0.1457 0.0793 0.1168 0.1067 0.1533 
         145  1 0.0225 0.1470 0.1164 0.1132 0.1464 0.1914 0.1512 0.1118 
         146  1 0.0514 0.1451 0.1379 0.1341 0.1114 0.1490 0.1311 0.1400 
         147  1 0.0407 0.1274 0.1253 0.1198 0.1566 0.1593 0.1537 0.1173 
         148  1 0.0430 0.1565 0.1530 0.1459 0.1077 0.1284 0.1198 0.1457 
         149  1 0.1052 0.1338 0.1381 0.1379 0.1174 0.1117 0.1161 0.1398 
         150  1 0.0586 0.1201 0.1038 0.1506 0.1526 0.1573 0.1506 0.1064 
         151  1 0.1714 0.0986 0.1033 0.1468 0.1349 0.1279 0.1151 0.1020 
         152  1 0.0210 0.0839 0.0958 0.1018 0.2572 0.1082 0.2191 0.1129 
         153  1 0.1305 0.1085 0.1142 0.1611 0.1305 0.1282 0.1165 0.1104 
         154  1 0.0910 0.1369 0.1363 0.1362 0.1068 0.1375 0.1189 0.1364 
         155  1 0.4456 0.0890 0.0823 0.0847 0.0675 0.0731 0.0673 0.0906 
         156  1 0.0478 0.1619 0.1509 0.1261 0.1043 0.1415 0.1160 0.1515 
         157  1 0.0489 0.1522 0.1686 0.1435 0.0975 0.1277 0.1094 0.1522 
         158  1 0.0739 0.1413 0.1312 0.1287 0.1343 0.1249 0.1350 0.1307 
         159  1 0.0697 0.1394 0.1402 0.1412 0.1215 0.1281 0.1176 0.1423 
         160  1 0.5376 0.0712 0.0742 0.0680 0.0520 0.0636 0.0560 0.0775 
         161  1 0.0550 0.1499 0.1597 0.1363 0.1033 0.1254 0.1209 0.1494 
         162  1 0.1919 0.1072 0.1050 0.1232 0.1214 0.1272 0.1188 0.1053 
         163  1 0.0663 0.1293 0.1490 0.1333 0.1375 0.1175 0.1295 0.1377 
         164  1 0.0226 0.1479 0.0908 0.0857 0.1462 0.2515 0.1642 0.0910 
         165  1 0.0515 0.1417 0.1130 0.1342 0.1297 0.1716 0.1432 0.1151 
         166  1 0.5906 0.0580 0.0586 0.0573 0.0616 0.0531 0.0567 0.0641 
         167  1 0.0607 0.0896 0.0938 0.0972 0.2327 0.1001 0.2110 0.1149 
         168  1 0.1090 0.1097 0.1149 0.1223 0.1623 0.1049 0.1521 0.1247 
         169  1 0.0596 0.1359 0.1347 0.1326 0.1333 0.1289 0.1337 0.1412 
         170  1 0.7872 0.0293 0.0297 0.0291 0.0323 0.0320 0.0307 0.0297 
         171  1 0.0471 0.1413 0.1402 0.1395 0.1262 0.1321 0.1274 0.1462 
         172  1 0.0507 0.1252 0.1231 0.1479 0.1527 0.1159 0.1470 0.1376 
         173  1 0.6594 0.0496 0.0506 0.0492 0.0448 0.0497 0.0449 0.0518 
         174  1 0.0400 0.1554 0.1329 0.1363 0.1237 0.1400 0.1405 0.1311 
         175  1 0.0316 0.1195 0.1270 0.1361 0.1744 0.1277 0.1503 0.1336 
         176  1 0.0353 0.1444 0.1578 0.1464 0.1076 0.1229 0.1252 0.1604 
         177  1 0.0589 0.1137 0.1219 0.1235 0.1640 0.1194 0.1701 0.1285 
         178  1 0.0629 0.1315 0.1436 0.1331 0.1236 0.1273 0.1338 0.1442 
         179  1 0.0399 0.0848 0.0939 0.1052 0.2514 0.1016 0.2131 0.1101 
         180  1 0.0892 0.1403 0.1334 0.1374 0.1210 0.1210 0.1208 0.1368 
         181  1 0.1647 0.1263 0.1251 0.1229 0.0980 0.1302 0.1109 0.1220 
         182  1 0.0463 0.1489 0.1419 0.1293 0.1173 0.1592 0.1212 0.1360 
         183  1 0.6692 0.0477 0.0480 0.0465 0.0428 0.0486 0.0470 0.0504 
         184  1 0.0688 0.1357 0.1211 0.1195 0.1368 0.1630 0.1399 0.1152 
         185  1 0.5922 0.0626 0.0610 0.0601 0.0535 0.0595 0.0517 0.0595 
         186  1 0.6081 0.0538 0.0557 0.0561 0.0569 0.0558 0.0604 0.0533 
         187  1 0.0405 0.1426 0.1540 0.1367 0.1307 0.1227 0.1175 0.1553 
         188  1 0.0449 0.1378 0.1130 0.1148 0.1411 0.1922 0.1504 0.1058 
         189  1 0.1201 0.1235 0.1233 0.1385 0.1216 0.1309 0.1187 0.1234 
         190  1 0.0375 0.1445 0.1579 0.1626 0.1006 0.1335 0.1168 0.1466 
         191  1 0.0680 0.1487 0.1525 0.1489 0.0971 0.1294 0.1183 0.1372 
         192  1 0.0455 0.1700 0.1708 0.1379 0.0798 0.1254 0.1066 0.1640 
         193  1 0.0412 0.1391 0.1310 0.1202 0.1348 0.1627 0.1349 0.1362 
         194  1 0.0761 0.1370 0.1434 0.1448 0.1095 0.1268 0.1126 0.1497 
         195  1 0.0554 0.1367 0.1470 0.1434 0.1463 0.1123 0.1202 0.1386 
         196  1 0.5359 0.0680 0.0615 0.0623 0.0699 0.0761 0.0636 0.0626 
         197  1 0.0482 0.1252 0.1320 0.1229 0.1465 0.1329 0.1539 0.1384 
         198  1 0.4253 0.0875 0.0888 0.0800 0.0681 0.0858 0.0822 0.0824 
         199  1 0.0487 0.1360 0.1364 0.1268 0.1380 0.1358 0.1494 0.1288 
         200  1 0.0306 0.1409 0.0935 0.1094 0.1552 0.2057 0.1684 0.0963 
         201  1 0.0364 0.1333 0.1377 0.1385 0.1529 0.1171 0.1423 0.1418 
         202  1 0.0403 0.1589 0.1643 0.1405 0.0914 0.1430 0.1142 0.1473 
         203  1 0.0666 0.1140 0.1225 0.1230 0.1689 0.1109 0.1569 0.1371 
         204  1 0.0302 0.1257 0.1226 0.1400 0.1775 0.1193 0.1480 0.1367 
         205  1 0.0502 0.1381 0.1444 0.1565 0.1170 0.1187 0.1245 0.1506 
         206  1 0.0640 0.1447 0.1584 0.1477 0.1084 0.1188 0.1133 0.1447 
         207  1 0.0560 0.1596 0.1633 0.1446 0.0874 0.1256 0.1105 0.1530 
         208  1 0.4754 0.0782 0.0763 0.0800 0.0780 0.0645 0.0692 0.0784 
         209  1 0.0386 0.1487 0.1595 0.1457 0.0962 0.1297 0.1193 0.1623 
         210  1 0.0377 0.1328 0.1444 0.1505 0.1238 0.1346 0.1342 0.1420 
         211  1 0.3966 0.0929 0.0945 0.0891 0.0807 0.0776 0.0758 0.0929 
         212  1 0.4817 0.0774 0.0744 0.0816 0.0671 0.0675 0.0712 0.0791 
         213  1 0.0571 0.1293 0.1416 0.1357 0.1481 0.1177 0.1289 0.1415 
         214  1 0.0261 0.1357 0.1230 0.1263 0.1469 0.1710 0.1554 0.1156 
         215  1 0.0343 0.1412 0.1441 0.1392 0.1241 0.1533 0.1275 0.1363 
         216  1 0.5629 0.0626 0.0672 0.0703 0.0531 0.0619 0.0560 0.0659 
         217  1 0.1106 0.0996 0.1095 0.1215 0.1724 0.1143 0.1627 0.1093 
         218  1 0.0737 0.1344 0.1418 0.1528 0.1077 0.1270 0.1117 0.1509 
         219  1 0.0261 0.1306 0.1453 0.1236 0.1442 0.1126 0.1710 0.1467 
         220  1 0.0304 0.1513 0.1745 0.1350 0.1205 0.1158 0.1244 0.1480 
         221  1 0.0948 0.1181 0.1266 0.1507 0.1343 0.1151 0.1255 0.1351 
         222  1 0.0389 0.1455 0.1564 0.1545 0.1105 0.1219 0.1122 0.1601 
         223  1 0.0544 0.1363 0.1204 0.1379 0.1304 0.1639 0.1373 0.1194 
         224  1 0.0259 0.1114 0.1171 0.1045 0.2000 0.1072 0.2083 0.1256 
