           1  1 0.0515 0.1722 0.1847 0.1962 0.2160 0.1794 
           2  1 0.0788 0.1735 0.2104 0.2312 0.1040 0.2022 
           3  1 0.1003 0.1671 0.1929 0.1756 0.1999 0.1643 
           4  1 0.1495 0.1578 0.1962 0.1825 0.1431 0.1708 
           5  1 0.0848 0.1810 0.1832 0.1965 0.1727 0.1817 
           6  1 0.0638 0.1765 0.1989 0.1818 0.1950 0.1840 
           7  1 0.0940 0.1640 0.1899 0.1712 0.2136 0.1672 
           8  1 0.0973 0.1847 0.1840 0.2006 0.1447 0.1888 
           9  1 0.1109 0.1611 0.1832 0.1939 0.1737 0.1773 
          10  1 0.0692 0.2092 0.1840 0.1834 0.1504 0.2039 
          11  1 0.2582 0.1504 0.1583 0.1521 0.1214 0.1596 
          12  1 0.2481 0.1269 0.1548 0.1497 0.1934 0.1270 
          13  1 0.1235 0.1661 0.2013 0.1838 0.1322 0.1930 
          14  1 0.6805 0.0654 0.0739 0.0672 0.0503 0.0628 
          15  1 0.2482 0.1447 0.1616 0.1746 0.1126 0.1582 
          16  1 0.0908 0.1688 0.1867 0.1915 0.1760 0.1862 
          17  1 0.5479 0.0903 0.0922 0.0931 0.0821 0.0943 
          18  1 0.0665 0.1813 0.1951 0.1848 0.1823 0.1899 
          19  1 0.1916 0.1554 0.1850 0.1665 0.1401 0.1614 
          20  1 0.1092 0.1600 0.1833 0.1759 0.2133 0.1584 
          21  1 0.5771 0.0871 0.0805 0.0857 0.0815 0.0881 
          22  1 0.0824 0.1880 0.2007 0.1978 0.1358 0.1954 
          23  1 0.0740 0.1892 0.1864 0.1978 0.1626 0.1901 
          24  1 0.0689 0.1770 0.1769 0.1771 0.2216 0.1785 
          25  1 0.0792 0.1723 0.1714 0.2016 0.1939 0.1818 
          26  1 0.0509 0.2358 0.1644 0.1615 0.2035 0.1839 
          27  1 0.0782 0.1826 0.1890 0.1854 0.1533 0.2115 
          28  1 0.0398 0.2276 0.1741 0.1592 0.2110 0.1883 
          29  1 0.2996 0.1341 0.1589 0.1490 0.0966 0.1618 
          30  1 0.0995 0.1918 0.1622 0.1718 0.1960 0.1787 
          31  1 0.0912 0.1819 0.1793 0.1983 0.1356 0.2137 
          32  1 0.0898 0.1817 0.2133 0.1758 0.1338 0.2056 
          33  1 0.0460 0.2237 0.1703 0.1705 0.1818 0.2077 
          34  1 0.1570 0.1592 0.1925 0.1929 0.1142 0.1842 
          35  1 0.0447 0.2076 0.2080 0.1985 0.1380 0.2031 
          36  1 0.1218 0.1874 0.1739 0.1724 0.1740 0.1704 
          37  1 0.0533 0.2279 0.1731 0.1612 0.1872 0.1973 
          38  1 0.1538 0.1819 0.1725 0.1697 0.1356 0.1865 
          39  1 0.0769 0.2055 0.1830 0.1794 0.1576 0.1975 
          40  1 0.7077 0.0585 0.0611 0.0612 0.0520 0.0594 
          41  1 0.0776 0.1914 0.1769 0.1956 0.1604 0.1982 
          42  1 0.0575 0.1837 0.1896 0.1955 0.1922 0.1816 
          43  1 0.0398 0.2139 0.1813 0.1674 0.1838 0.2139 
          44  1 0.0910 0.1884 0.1804 0.1840 0.1816 0.1745 
          45  1 0.0321 0.2136 0.1887 0.1756 0.1566 0.2334 
          46  1 0.0729 0.1957 0.1875 0.1827 0.1646 0.1967 
          47  1 0.1261 0.1919 0.1710 0.1726 0.1444 0.1939 
          48  1 0.1264 0.1595 0.1747 0.1805 0.1929 0.1660 
          49  1 0.0351 0.1993 0.1825 0.1773 0.2067 0.1992 
          50  1 0.0642 0.1849 0.2015 0.1882 0.1678 0.1934 
          51  1 0.0697 0.2109 0.1746 0.1702 0.1912 0.1835 
          52  1 0.1422 0.1832 0.1646 0.1635 0.1796 0.1669 
          53  1 0.0571 0.1865 0.1939 0.2093 0.1613 0.1919 
          54  1 0.1274 0.1792 0.1850 0.1854 0.1345 0.1885 
          55  1 0.2021 0.1659 0.1611 0.1521 0.1524 0.1665 
          56  1 0.0581 0.1907 0.1834 0.1891 0.1835 0.1952 
          57  1 0.1105 0.1753 0.1807 0.1876 0.1689 0.1771 
          58  1 0.1731 0.1634 0.1806 0.1728 0.1356 0.1745 
          59  1 0.0376 0.2148 0.1945 0.1728 0.1663 0.2140 
          60  1 0.1389 0.1888 0.1748 0.1606 0.1550 0.1818 
          61  1 0.0478 0.2284 0.1616 0.1610 0.2303 0.1709 
          62  1 0.0457 0.2237 0.1620 0.1714 0.1756 0.2215 
          63  1 0.0544 0.2126 0.1649 0.1742 0.2112 0.1826 
          64  1 0.4750 0.1021 0.1003 0.1061 0.1210 0.0954 
          65  1 0.0580 0.2023 0.1819 0.1834 0.1821 0.1923 
          66  1 0.0359 0.2269 0.1692 0.1664 0.1830 0.2186 
          67  1 0.0425 0.1732 0.1999 0.1957 0.2149 0.1739 
          68  1 0.0764 0.1766 0.1828 0.1708 0.2101 0.1833 
          69  1 0.0531 0.1950 0.1842 0.2093 0.1638 0.1946 
          70  1 0.0270 0.2289 0.1623 0.1526 0.2654 0.1639 
          71  1 0.0501 0.2028 0.1838 0.1922 0.1767 0.1945 
          72  1 0.3390 0.1379 0.1346 0.1335 0.1051 0.1499 
          73  1 0.0704 0.1918 0.1856 0.1983 0.1403 0.2135 
          74  1 0.1007 0.1674 0.1829 0.1937 0.1890 0.1663 
          75  1 0.0852 0.1585 0.1879 0.2017 0.1984 0.1682 
          76  1 0.0461 0.2079 0.1727 0.1775 0.2093 0.1864 
          77  1 0.1104 0.1741 0.1915 0.1713 0.1688 0.1839 
          78  1 0.0392 0.1861 0.2081 0.1924 0.1899 0.1842 
          79  1 0.0426 0.2192 0.1781 0.1670 0.1925 0.2006 
          80  1 0.0444 0.2048 0.1822 0.1740 0.2207 0.1739 
          81  1 0.0635 0.1563 0.1754 0.1763 0.2639 0.1645 
          82  1 0.5650 0.0841 0.0937 0.0882 0.0826 0.0865 
          83  1 0.1323 0.1568 0.1812 0.1974 0.1517 0.1805 
          84  1 0.7017 0.0614 0.0597 0.0619 0.0521 0.0632 
          85  1 0.0646 0.2110 0.1617 0.1617 0.1816 0.2195 
          86  1 0.0803 0.1529 0.1946 0.1809 0.2303 0.1610 
          87  1 0.0460 0.2185 0.1688 0.1773 0.1958 0.1936 
          88  1 0.0446 0.1524 0.1910 0.2119 0.2433 0.1567 
          89  1 0.5089 0.0824 0.0923 0.0899 0.1575 0.0690 
          90  1 0.0502 0.1496 0.1818 0.1880 0.2751 0.1553 
          91  1 0.0718 0.2034 0.1961 0.1791 0.1429 0.2068 
          92  1 0.3120 0.1310 0.1480 0.1412 0.1222 0.1457 
          93  1 0.0813 0.1707 0.1769 0.1769 0.2227 0.1714 
          94  1 0.0299 0.1522 0.1847 0.1813 0.3151 0.1369 
          95  1 0.0342 0.1523 0.1729 0.1772 0.3260 0.1373 
          96  1 0.0327 0.1425 0.1728 0.1751 0.3435 0.1335 
          97  1 0.0548 0.1625 0.1744 0.1775 0.2724 0.1584 
          98  1 0.0392 0.1601 0.1955 0.2087 0.2251 0.1714 
          99  1 0.3111 0.1215 0.1393 0.1457 0.1437 0.1386 
         100  1 0.4187 0.1186 0.1290 0.1180 0.0891 0.1266 
         101  1 0.0684 0.1956 0.1744 0.1515 0.2444 0.1657 
         102  1 0.1149 0.1800 0.1974 0.1912 0.1342 0.1822 
         103  1 0.0680 0.2004 0.1628 0.1660 0.2179 0.1849 
         104  1 0.0277 0.1546 0.1881 0.1876 0.2900 0.1520 
         105  1 0.0758 0.2060 0.1749 0.1828 0.1604 0.2001 
         106  1 0.1493 0.1746 0.1841 0.1793 0.1351 0.1777 
         107  1 0.1150 0.1673 0.1807 0.1645 0.2053 0.1673 
         108  1 0.1423 0.1755 0.1676 0.1717 0.1766 0.1664 
         109  1 0.1366 0.1571 0.1598 0.1616 0.2305 0.1544 
         110  1 0.1455 0.1598 0.1749 0.1720 0.1913 0.1565 
         111  1 0.0508 0.1397 0.1796 0.1742 0.3174 0.1382 
         112  1 0.0502 0.1594 0.1867 0.1905 0.2524 0.1607 
         113  1 0.6701 0.0657 0.0709 0.0696 0.0572 0.0664 
         114  1 0.0432 0.2089 0.1935 0.1808 0.1677 0.2060 
         115  1 0.1364 0.1593 0.1864 0.1853 0.1695 0.1631 
         116  1 0.1478 0.1728 0.1753 0.1872 0.1338 0.1831 
         117  1 0.0471 0.1978 0.1989 0.1885 0.1614 0.2062 
         118  1 0.0510 0.2050 0.1801 0.1751 0.1919 0.1969 
         119  1 0.1658 0.1610 0.1744 0.1586 0.1600 0.1803 
         120  1 0.3961 0.1268 0.1233 0.1290 0.0958 0.1290 
         121  1 0.8248 0.0352 0.0365 0.0365 0.0313 0.0356 
         122  1 0.0673 0.2026 0.1753 0.1673 0.2043 0.1831 
         123  1 0.4667 0.1114 0.1141 0.1122 0.0870 0.1085 
         124  1 0.0882 0.1480 0.1843 0.1814 0.2521 0.1461 
         125  1 0.0981 0.1545 0.1769 0.1869 0.2207 0.1628 
         126  1 0.0436 0.2257 0.1613 0.1680 0.2230 0.1785 
         127  1 0.3052 0.1236 0.1519 0.1558 0.1230 0.1405 
         128  1 0.0740 0.1845 0.1830 0.1905 0.1844 0.1837 
         129  1 0.1235 0.1649 0.1709 0.1683 0.2256 0.1468 
         130  1 0.0446 0.2048 0.1855 0.2058 0.1451 0.2141 
         131  1 0.1646 0.1751 0.1787 0.1774 0.1309 0.1733 
         132  1 0.0435 0.2137 0.1846 0.1899 0.1716 0.1967 
         133  1 0.6526 0.0762 0.0671 0.0703 0.0642 0.0697 
         134  1 0.0422 0.1822 0.2084 0.2134 0.1632 0.1906 
         135  1 0.0602 0.1988 0.2163 0.2055 0.1105 0.2087 
         136  1 0.3115 0.1358 0.1390 0.1419 0.1428 0.1290 
         137  1 0.1368 0.1755 0.1787 0.1658 0.1657 0.1775 
         138  1 0.0274 0.1822 0.1763 0.2013 0.2223 0.1905 
         139  1 0.0794 0.2035 0.1749 0.1886 0.1679 0.1857 
         140  1 0.0649 0.1934 0.1870 0.1832 0.1932 0.1783 
         141  1 0.6830 0.0669 0.0634 0.0644 0.0551 0.0673 
         142  1 0.1899 0.1750 0.1576 0.1646 0.1387 0.1742 
         143  1 0.1569 0.1657 0.1623 0.1727 0.1725 0.1699 
         144  1 0.1070 0.1799 0.1869 0.2073 0.1168 0.2022 
         145  1 0.0343 0.1663 0.1882 0.1856 0.2653 0.1603 
         146  1 0.0804 0.1692 0.1853 0.1858 0.2086 0.1706 
         147  1 0.0689 0.1675 0.1937 0.1889 0.2124 0.1685 
         148  1 0.0685 0.1860 0.1889 0.1996 0.1540 0.2029 
         149  1 0.1830 0.1760 0.1747 0.1681 0.1312 0.1670 
         150  1 0.1079 0.1595 0.1838 0.1710 0.2218 0.1560 
         151  1 0.3171 0.1209 0.1437 0.1262 0.1625 0.1296 
         152  1 0.0291 0.2376 0.1542 0.1596 0.2295 0.1900 
         153  1 0.2352 0.1327 0.1729 0.1571 0.1463 0.1559 
         154  1 0.1364 0.1629 0.1811 0.1821 0.1573 0.1802 
         155  1 0.5238 0.0920 0.1048 0.1039 0.0724 0.1030 
         156  1 0.0668 0.1757 0.1863 0.2069 0.1714 0.1929 
         157  1 0.0715 0.1948 0.1926 0.2042 0.1409 0.1960 
         158  1 0.0941 0.1751 0.1851 0.1773 0.1843 0.1842 
         159  1 0.1073 0.1858 0.1702 0.1770 0.1682 0.1915 
         160  1 0.6128 0.0742 0.0878 0.0851 0.0621 0.0780 
         161  1 0.0737 0.1829 0.1833 0.1940 0.1574 0.2088 
         162  1 0.2523 0.1525 0.1456 0.1432 0.1639 0.1425 
         163  1 0.0873 0.1975 0.1720 0.1738 0.1796 0.1897 
         164  1 0.0309 0.1444 0.1815 0.1808 0.3366 0.1259 
         165  1 0.0822 0.1620 0.1865 0.1732 0.2408 0.1553 
         166  1 0.6475 0.0703 0.0698 0.0733 0.0660 0.0731 
         167  1 0.0738 0.2176 0.1580 0.1582 0.2178 0.1746 
         168  1 0.1490 0.1907 0.1681 0.1550 0.1656 0.1717 
         169  1 0.0854 0.1800 0.1794 0.1806 0.1835 0.1912 
         170  1 0.8046 0.0402 0.0391 0.0359 0.0417 0.0384 
         171  1 0.0687 0.1901 0.1850 0.1936 0.1709 0.1917 
         172  1 0.0807 0.2026 0.1787 0.1749 0.1822 0.1808 
         173  1 0.7028 0.0557 0.0652 0.0610 0.0565 0.0588 
         174  1 0.0672 0.1801 0.1933 0.1811 0.2052 0.1732 
         175  1 0.0548 0.2018 0.1687 0.1825 0.1923 0.1999 
         176  1 0.0499 0.2041 0.1987 0.2004 0.1479 0.1990 
         177  1 0.0815 0.2080 0.1653 0.1611 0.2098 0.1742 
         178  1 0.0973 0.1810 0.1937 0.1902 0.1520 0.1858 
         179  1 0.0530 0.2345 0.1473 0.1513 0.2337 0.1801 
         180  1 0.1359 0.1817 0.1743 0.1652 0.1537 0.1893 
         181  1 0.2630 0.1294 0.1586 0.1613 0.1477 0.1401 
         182  1 0.0713 0.1707 0.1845 0.1989 0.1813 0.1932 
         183  1 0.6964 0.0579 0.0613 0.0624 0.0613 0.0606 
         184  1 0.0951 0.1647 0.1758 0.1738 0.2187 0.1718 
         185  1 0.6667 0.0631 0.0703 0.0726 0.0603 0.0670 
         186  1 0.6858 0.0608 0.0652 0.0605 0.0670 0.0606 
         187  1 0.0561 0.1971 0.1881 0.1889 0.1642 0.2056 
         188  1 0.0760 0.1437 0.1846 0.1831 0.2647 0.1478 
         189  1 0.1964 0.1614 0.1621 0.1654 0.1539 0.1608 
         190  1 0.0684 0.1794 0.2127 0.2086 0.1294 0.2015 
         191  1 0.1534 0.1590 0.1867 0.1858 0.1340 0.1810 
         192  1 0.0652 0.1844 0.2017 0.2209 0.1275 0.2003 
         193  1 0.0725 0.1693 0.1795 0.1974 0.2043 0.1769 
         194  1 0.1253 0.1712 0.1734 0.1812 0.1592 0.1896 
         195  1 0.0734 0.2155 0.1704 0.1801 0.1466 0.2141 
         196  1 0.6085 0.0713 0.0780 0.0787 0.0941 0.0694 
         197  1 0.0613 0.2030 0.1857 0.1776 0.1862 0.1863 
         198  1 0.5012 0.0973 0.0984 0.1019 0.1025 0.0986 
         199  1 0.0576 0.1920 0.1847 0.1833 0.1989 0.1835 
         200  1 0.0428 0.1603 0.1698 0.1711 0.3048 0.1510 
         201  1 0.0557 0.2140 0.1846 0.1730 0.1803 0.1925 
         202  1 0.0589 0.1677 0.2005 0.2132 0.1654 0.1943 
         203  1 0.1033 0.1938 0.1707 0.1838 0.1688 0.1796 
         204  1 0.0461 0.2160 0.1780 0.1704 0.1960 0.1935 
         205  1 0.0725 0.2069 0.1955 0.1786 0.1397 0.2069 
         206  1 0.0957 0.1885 0.1800 0.1824 0.1466 0.2069 
         207  1 0.0847 0.1797 0.2031 0.2018 0.1337 0.1970 
         208  1 0.5195 0.1032 0.0920 0.0931 0.0897 0.1025 
         209  1 0.0652 0.1987 0.2056 0.1957 0.1302 0.2047 
         210  1 0.0595 0.1901 0.1993 0.1950 0.1698 0.1864 
         211  1 0.4774 0.1168 0.1015 0.1091 0.0861 0.1091 
         212  1 0.5582 0.0851 0.0943 0.0934 0.0750 0.0940 
         213  1 0.0939 0.2053 0.1660 0.1677 0.1857 0.1814 
         214  1 0.0377 0.1733 0.1849 0.1857 0.2504 0.1680 
         215  1 0.0544 0.1748 0.1979 0.2005 0.2056 0.1668 
         216  1 0.6357 0.0707 0.0783 0.0770 0.0682 0.0702 
         217  1 0.1734 0.1679 0.1553 0.1542 0.1856 0.1637 
         218  1 0.1282 0.1716 0.1915 0.1820 0.1286 0.1981 
         219  1 0.0399 0.2326 0.1871 0.1649 0.1872 0.1883 
         220  1 0.0472 0.1989 0.2003 0.2050 0.1342 0.2144 
         221  1 0.1634 0.1718 0.1770 0.1663 0.1516 0.1698 
         222  1 0.0549 0.2033 0.1992 0.1902 0.1403 0.2122 
         223  1 0.0826 0.1645 0.1751 0.1660 0.2518 0.1600 
         224  1 0.0357 0.2197 0.1767 0.1728 0.2077 0.1873 
