           1  1 0.1370 0.1361 0.1399 0.0458 0.1206 0.1560 0.1285 0.1360 
           2  1 0.1176 0.2015 0.1082 0.0640 0.0952 0.0974 0.1470 0.1692 
           3  1 0.1337 0.1356 0.1320 0.0689 0.1287 0.1448 0.1232 0.1331 
           4  1 0.1269 0.1421 0.1382 0.0981 0.1224 0.1173 0.1278 0.1272 
           5  1 0.1312 0.1314 0.1485 0.0620 0.1341 0.1292 0.1343 0.1292 
           6  1 0.1415 0.1418 0.1329 0.0524 0.1212 0.1463 0.1314 0.1325 
           7  1 0.1426 0.1248 0.1383 0.0552 0.1444 0.1542 0.1188 0.1216 
           8  1 0.1274 0.1445 0.1259 0.0789 0.1192 0.1080 0.1505 0.1456 
           9  1 0.1309 0.1396 0.1331 0.0853 0.1233 0.1225 0.1313 0.1340 
          10  1 0.1373 0.1496 0.1268 0.0576 0.1278 0.1076 0.1404 0.1528 
          11  1 0.1192 0.1354 0.1206 0.1539 0.1144 0.0991 0.1261 0.1313 
          12  1 0.1100 0.1104 0.1181 0.1729 0.1157 0.1618 0.1060 0.1051 
          13  1 0.1447 0.1358 0.1336 0.0748 0.1356 0.1131 0.1341 0.1284 
          14  1 0.0807 0.0735 0.0678 0.5141 0.0661 0.0652 0.0641 0.0685 
          15  1 0.1175 0.1403 0.1109 0.1666 0.1149 0.0920 0.1317 0.1260 
          16  1 0.1299 0.1479 0.1250 0.0680 0.1270 0.1171 0.1489 0.1363 
          17  1 0.0802 0.0833 0.0824 0.4352 0.0793 0.0751 0.0845 0.0800 
          18  1 0.1379 0.1390 0.1299 0.0540 0.1321 0.1319 0.1422 0.1330 
          19  1 0.1464 0.1165 0.1439 0.1027 0.1386 0.1189 0.1225 0.1105 
          20  1 0.1404 0.1323 0.1384 0.0641 0.1309 0.1502 0.1180 0.1257 
          21  1 0.0680 0.0767 0.0710 0.4803 0.0769 0.0743 0.0766 0.0760 
          22  1 0.1437 0.1460 0.1416 0.0536 0.1355 0.1154 0.1343 0.1298 
          23  1 0.1313 0.1449 0.1379 0.0577 0.1252 0.1235 0.1357 0.1439 
          24  1 0.1388 0.1302 0.1392 0.0511 0.1383 0.1394 0.1329 0.1301 
          25  1 0.1354 0.1314 0.1440 0.0613 0.1297 0.1455 0.1257 0.1271 
          26  1 0.1248 0.1129 0.1334 0.0447 0.1678 0.1331 0.1350 0.1483 
          27  1 0.1299 0.1437 0.1327 0.0651 0.1201 0.1137 0.1542 0.1406 
          28  1 0.1266 0.1082 0.1340 0.0411 0.1719 0.1324 0.1326 0.1532 
          29  1 0.1124 0.1346 0.1129 0.2056 0.0950 0.0888 0.1295 0.1212 
          30  1 0.1259 0.1280 0.1276 0.0854 0.1312 0.1426 0.1273 0.1321 
          31  1 0.1315 0.1481 0.1114 0.0733 0.1246 0.1124 0.1537 0.1450 
          32  1 0.1399 0.1412 0.1413 0.0618 0.1385 0.1029 0.1360 0.1383 
          33  1 0.1421 0.1308 0.1235 0.0421 0.1429 0.1128 0.1575 0.1484 
          34  1 0.1211 0.1677 0.1156 0.0977 0.1105 0.1018 0.1423 0.1433 
          35  1 0.1329 0.1656 0.1262 0.0421 0.1169 0.1056 0.1574 0.1533 
          36  1 0.1328 0.1254 0.1291 0.0876 0.1303 0.1290 0.1343 0.1315 
          37  1 0.1229 0.1200 0.1398 0.0512 0.1559 0.1335 0.1377 0.1389 
          38  1 0.1284 0.1406 0.1296 0.1119 0.1225 0.0991 0.1278 0.1401 
          39  1 0.1302 0.1342 0.1346 0.0682 0.1252 0.1106 0.1479 0.1490 
          40  1 0.0612 0.0635 0.0590 0.5768 0.0598 0.0561 0.0616 0.0621 
          41  1 0.1349 0.1445 0.1299 0.0624 0.1237 0.1170 0.1463 0.1412 
          42  1 0.1305 0.1429 0.1371 0.0503 0.1323 0.1376 0.1308 0.1384 
          43  1 0.1350 0.1434 0.1231 0.0397 0.1423 0.1232 0.1473 0.1462 
          44  1 0.1396 0.1367 0.1356 0.0678 0.1334 0.1252 0.1282 0.1334 
          45  1 0.1332 0.1440 0.1252 0.0359 0.1356 0.1182 0.1633 0.1446 
          46  1 0.1284 0.1450 0.1223 0.0616 0.1334 0.1194 0.1359 0.1538 
          47  1 0.1263 0.1227 0.1277 0.1008 0.1332 0.1047 0.1494 0.1351 
          48  1 0.1269 0.1348 0.1303 0.0872 0.1298 0.1399 0.1299 0.1212 
          49  1 0.1358 0.1245 0.1388 0.0350 0.1376 0.1465 0.1388 0.1429 
          50  1 0.1360 0.1423 0.1321 0.0503 0.1324 0.1196 0.1379 0.1493 
          51  1 0.1335 0.1183 0.1385 0.0524 0.1568 0.1375 0.1232 0.1398 
          52  1 0.1237 0.1249 0.1289 0.1068 0.1384 0.1315 0.1179 0.1278 
          53  1 0.1347 0.1467 0.1308 0.0509 0.1246 0.1288 0.1437 0.1397 
          54  1 0.1325 0.1427 0.1277 0.0844 0.1223 0.1072 0.1389 0.1442 
          55  1 0.1342 0.1236 0.1276 0.1234 0.1261 0.1184 0.1233 0.1234 
          56  1 0.1395 0.1309 0.1352 0.0491 0.1425 0.1265 0.1417 0.1347 
          57  1 0.1340 0.1336 0.1395 0.0753 0.1229 0.1282 0.1344 0.1322 
          58  1 0.1281 0.1349 0.1286 0.1249 0.1218 0.1066 0.1233 0.1319 
          59  1 0.1360 0.1461 0.1227 0.0383 0.1359 0.1049 0.1746 0.1415 
          60  1 0.1281 0.1374 0.1283 0.1071 0.1222 0.1120 0.1378 0.1270 
          61  1 0.1214 0.1044 0.1377 0.0446 0.1802 0.1378 0.1188 0.1551 
          62  1 0.1429 0.1357 0.1212 0.0446 0.1429 0.1104 0.1697 0.1327 
          63  1 0.1342 0.1227 0.1346 0.0470 0.1522 0.1377 0.1306 0.1411 
          64  1 0.0844 0.0768 0.0839 0.3900 0.0934 0.0982 0.0866 0.0867 
          65  1 0.1400 0.1383 0.1457 0.0482 0.1261 0.1224 0.1405 0.1387 
          66  1 0.1427 0.1279 0.1259 0.0376 0.1438 0.1141 0.1658 0.1422 
          67  1 0.1313 0.1447 0.1350 0.0399 0.1317 0.1513 0.1322 0.1338 
          68  1 0.1452 0.1255 0.1349 0.0564 0.1432 0.1347 0.1288 0.1314 
          69  1 0.1416 0.1507 0.1298 0.0442 0.1295 0.1234 0.1390 0.1418 
          70  1 0.1228 0.0886 0.1486 0.0328 0.1896 0.1592 0.1150 0.1433 
          71  1 0.1425 0.1417 0.1259 0.0448 0.1326 0.1260 0.1478 0.1386 
          72  1 0.1014 0.1186 0.0993 0.2723 0.0991 0.0839 0.1125 0.1128 
          73  1 0.1274 0.1713 0.1162 0.0610 0.1155 0.1017 0.1520 0.1550 
          74  1 0.1284 0.1406 0.1343 0.0749 0.1219 0.1389 0.1269 0.1341 
          75  1 0.1381 0.1314 0.1355 0.0681 0.1202 0.1474 0.1323 0.1271 
          76  1 0.1327 0.1297 0.1391 0.0438 0.1429 0.1371 0.1360 0.1387 
          77  1 0.1448 0.1251 0.1485 0.0687 0.1453 0.1272 0.1256 0.1148 
          78  1 0.1403 0.1457 0.1338 0.0386 0.1346 0.1381 0.1276 0.1413 
          79  1 0.1292 0.1378 0.1226 0.0427 0.1559 0.1179 0.1435 0.1505 
          80  1 0.1403 0.1301 0.1456 0.0424 0.1420 0.1350 0.1248 0.1397 
          81  1 0.1307 0.1134 0.1414 0.0552 0.1352 0.1903 0.1253 0.1085 
          82  1 0.0849 0.0814 0.0879 0.4308 0.0745 0.0765 0.0843 0.0796 
          83  1 0.1334 0.1450 0.1277 0.0884 0.1190 0.1237 0.1225 0.1404 
          84  1 0.0618 0.0671 0.0585 0.5663 0.0610 0.0531 0.0666 0.0657 
          85  1 0.1429 0.1237 0.1162 0.0608 0.1544 0.1085 0.1634 0.1302 
          86  1 0.1381 0.1166 0.1368 0.0677 0.1352 0.1679 0.1162 0.1214 
          87  1 0.1280 0.1247 0.1183 0.0460 0.1559 0.1252 0.1454 0.1565 
          88  1 0.1308 0.1300 0.1356 0.0440 0.1203 0.2005 0.1195 0.1193 
          89  1 0.0786 0.0646 0.0875 0.4212 0.0830 0.1322 0.0703 0.0626 
          90  1 0.1368 0.1156 0.1441 0.0476 0.1172 0.2085 0.1177 0.1126 
          91  1 0.1342 0.1407 0.1485 0.0577 0.1377 0.1024 0.1444 0.1343 
          92  1 0.1219 0.1241 0.1131 0.1964 0.1074 0.1062 0.1129 0.1180 
          93  1 0.1326 0.1245 0.1278 0.0670 0.1422 0.1653 0.1178 0.1227 
          94  1 0.1264 0.0969 0.1445 0.0336 0.1447 0.2411 0.1151 0.0977 
          95  1 0.1331 0.0870 0.1414 0.0379 0.1416 0.2626 0.1056 0.0908 
          96  1 0.1361 0.0856 0.1486 0.0367 0.1448 0.2667 0.1018 0.0796 
          97  1 0.1331 0.1096 0.1458 0.0499 0.1396 0.1977 0.1117 0.1127 
          98  1 0.1227 0.1417 0.1356 0.0383 0.1266 0.1731 0.1391 0.1228 
          99  1 0.1282 0.1176 0.1172 0.1768 0.1231 0.1155 0.1076 0.1140 
         100  1 0.1060 0.1034 0.1127 0.2887 0.1094 0.0808 0.1074 0.0916 
         101  1 0.1392 0.1094 0.1300 0.0565 0.1525 0.1693 0.1157 0.1276 
         102  1 0.1323 0.1436 0.1406 0.0808 0.1243 0.1053 0.1340 0.1391 
         103  1 0.1224 0.1089 0.1309 0.0604 0.1549 0.1589 0.1267 0.1369 
         104  1 0.1333 0.1065 0.1441 0.0325 0.1306 0.2227 0.1167 0.1135 
         105  1 0.1410 0.1311 0.1337 0.0617 0.1358 0.1070 0.1514 0.1385 
         106  1 0.1289 0.1434 0.1243 0.1053 0.1181 0.1092 0.1336 0.1372 
         107  1 0.1254 0.1293 0.1319 0.0931 0.1294 0.1371 0.1149 0.1389 
         108  1 0.1182 0.1293 0.1360 0.1023 0.1317 0.1296 0.1213 0.1315 
         109  1 0.1323 0.1076 0.1355 0.0923 0.1422 0.1713 0.1108 0.1080 
         110  1 0.1356 0.1232 0.1363 0.0973 0.1230 0.1481 0.1219 0.1147 
         111  1 0.1327 0.0965 0.1434 0.0489 0.1315 0.2412 0.1151 0.0907 
         112  1 0.1360 0.1115 0.1529 0.0432 0.1384 0.1976 0.1158 0.1047 
         113  1 0.0636 0.0640 0.0628 0.5537 0.0605 0.0614 0.0644 0.0697 
         114  1 0.1352 0.1356 0.1464 0.0425 0.1362 0.1025 0.1548 0.1468 
         115  1 0.1310 0.1374 0.1374 0.0897 0.1314 0.1374 0.1162 0.1196 
         116  1 0.1382 0.1401 0.1226 0.1001 0.1285 0.1058 0.1316 0.1332 
         117  1 0.1306 0.1549 0.1314 0.0448 0.1369 0.1158 0.1512 0.1344 
         118  1 0.1306 0.1366 0.1358 0.0476 0.1351 0.1218 0.1445 0.1480 
         119  1 0.1277 0.1276 0.1288 0.1100 0.1429 0.1182 0.1196 0.1250 
         120  1 0.1177 0.1170 0.1121 0.2365 0.1020 0.0915 0.1143 0.1088 
         121  1 0.0436 0.0440 0.0418 0.7040 0.0421 0.0415 0.0414 0.0416 
         122  1 0.1415 0.1267 0.1355 0.0582 0.1568 0.1325 0.1234 0.1255 
         123  1 0.0950 0.1031 0.0908 0.3521 0.0820 0.0828 0.0945 0.0997 
         124  1 0.1307 0.1198 0.1446 0.0675 0.1289 0.1863 0.1157 0.1064 
         125  1 0.1292 0.1172 0.1348 0.0834 0.1233 0.1686 0.1252 0.1183 
         126  1 0.1270 0.1142 0.1399 0.0414 0.1674 0.1401 0.1285 0.1414 
         127  1 0.1106 0.1285 0.1173 0.2000 0.1088 0.1053 0.1159 0.1135 
         128  1 0.1295 0.1424 0.1379 0.0576 0.1323 0.1333 0.1341 0.1330 
         129  1 0.1277 0.1121 0.1323 0.0858 0.1372 0.1776 0.1144 0.1129 
         130  1 0.1417 0.1540 0.1231 0.0429 0.1244 0.1076 0.1584 0.1480 
         131  1 0.1246 0.1390 0.1246 0.1162 0.1212 0.1068 0.1291 0.1385 
         132  1 0.1415 0.1407 0.1407 0.0392 0.1371 0.1090 0.1546 0.1372 
         133  1 0.0653 0.0680 0.0601 0.5397 0.0677 0.0594 0.0699 0.0699 
         134  1 0.1269 0.1586 0.1229 0.0405 0.1217 0.1418 0.1418 0.1457 
         135  1 0.1289 0.1733 0.1225 0.0522 0.1139 0.1017 0.1499 0.1575 
         136  1 0.1074 0.1119 0.1046 0.2395 0.1017 0.1141 0.1148 0.1060 
         137  1 0.1319 0.1339 0.1308 0.0886 0.1256 0.1225 0.1297 0.1371 
         138  1 0.1317 0.1381 0.1413 0.0320 0.1314 0.1538 0.1343 0.1374 
         139  1 0.1331 0.1403 0.1342 0.0682 0.1277 0.1252 0.1299 0.1412 
         140  1 0.1255 0.1359 0.1371 0.0537 0.1368 0.1401 0.1284 0.1425 
         141  1 0.0612 0.0633 0.0634 0.5651 0.0625 0.0568 0.0645 0.0632 
         142  1 0.1299 0.1331 0.1168 0.1267 0.1194 0.1051 0.1372 0.1318 
         143  1 0.1317 0.1232 0.1165 0.1203 0.1162 0.1307 0.1278 0.1335 
         144  1 0.1185 0.1626 0.1174 0.0866 0.1148 0.1022 0.1519 0.1460 
         145  1 0.1441 0.1110 0.1413 0.0348 0.1302 0.2089 0.1208 0.1088 
         146  1 0.1355 0.1318 0.1454 0.0609 0.1252 0.1478 0.1290 0.1244 
         147  1 0.1421 0.1220 0.1331 0.0528 0.1445 0.1578 0.1262 0.1216 
         148  1 0.1361 0.1436 0.1356 0.0541 0.1241 0.1136 0.1427 0.1503 
         149  1 0.1317 0.1387 0.1265 0.1155 0.1212 0.1061 0.1341 0.1263 
         150  1 0.1483 0.0934 0.1571 0.0592 0.1554 0.1823 0.1101 0.0943 
         151  1 0.1408 0.0999 0.1393 0.1727 0.1389 0.1252 0.0904 0.0928 
         152  1 0.1152 0.0979 0.1349 0.0338 0.1872 0.1482 0.1225 0.1602 
         153  1 0.1434 0.1055 0.1503 0.1298 0.1473 0.1230 0.1054 0.0952 
         154  1 0.1198 0.1422 0.1272 0.0969 0.1204 0.1316 0.1287 0.1330 
         155  1 0.0817 0.0956 0.0823 0.4119 0.0802 0.0697 0.0918 0.0868 
         156  1 0.1226 0.1502 0.1209 0.0554 0.1302 0.1372 0.1339 0.1497 
         157  1 0.1285 0.1641 0.1206 0.0613 0.1170 0.1118 0.1436 0.1531 
         158  1 0.1333 0.1337 0.1351 0.0831 0.1277 0.1277 0.1229 0.1364 
         159  1 0.1352 0.1407 0.1205 0.0747 0.1258 0.1137 0.1504 0.1389 
         160  1 0.0715 0.0807 0.0719 0.4891 0.0686 0.0616 0.0771 0.0794 
         161  1 0.1270 0.1526 0.1237 0.0669 0.1189 0.1177 0.1475 0.1457 
         162  1 0.1149 0.1022 0.1264 0.1816 0.1351 0.1327 0.1022 0.1047 
         163  1 0.1427 0.1372 0.1308 0.0715 0.1367 0.1103 0.1350 0.1358 
         164  1 0.1355 0.0836 0.1429 0.0343 0.1334 0.2661 0.1112 0.0930 
         165  1 0.1381 0.1137 0.1433 0.0566 0.1327 0.1888 0.1161 0.1107 
         166  1 0.0640 0.0714 0.0676 0.5299 0.0640 0.0664 0.0661 0.0706 
         167  1 0.1194 0.1017 0.1422 0.0724 0.1609 0.1448 0.1138 0.1447 
         168  1 0.1206 0.1284 0.1204 0.1099 0.1418 0.1223 0.1226 0.1339 
         169  1 0.1263 0.1351 0.1289 0.0688 0.1358 0.1419 0.1316 0.1315 
         170  1 0.0441 0.0430 0.0457 0.6904 0.0446 0.0454 0.0436 0.0431 
         171  1 0.1366 0.1432 0.1315 0.0575 0.1262 0.1225 0.1421 0.1405 
         172  1 0.1407 0.1290 0.1352 0.0607 0.1484 0.1189 0.1285 0.1387 
         173  1 0.0601 0.0667 0.0585 0.5708 0.0598 0.0585 0.0641 0.0616 
         174  1 0.1379 0.1338 0.1362 0.0515 0.1426 0.1410 0.1266 0.1304 
         175  1 0.1346 0.1294 0.1435 0.0454 0.1473 0.1327 0.1332 0.1340 
         176  1 0.1249 0.1514 0.1413 0.0481 0.1267 0.1096 0.1429 0.1552 
         177  1 0.1259 0.1284 0.1331 0.0679 0.1481 0.1302 0.1350 0.1315 
         178  1 0.1259 0.1398 0.1379 0.0735 0.1300 0.1126 0.1365 0.1438 
         179  1 0.1209 0.0985 0.1263 0.0514 0.1854 0.1533 0.1199 0.1443 
         180  1 0.1342 0.1384 0.1166 0.0914 0.1312 0.1208 0.1307 0.1367 
         181  1 0.1221 0.1302 0.1209 0.1597 0.1069 0.1231 0.1188 0.1184 
         182  1 0.1343 0.1490 0.1337 0.0570 0.1146 0.1343 0.1416 0.1354 
         183  1 0.0589 0.0584 0.0566 0.5890 0.0571 0.0606 0.0618 0.0576 
         184  1 0.1320 0.1188 0.1340 0.0775 0.1250 0.1681 0.1193 0.1253 
         185  1 0.0671 0.0696 0.0642 0.5436 0.0617 0.0627 0.0631 0.0678 
         186  1 0.0668 0.0646 0.0645 0.5543 0.0628 0.0670 0.0587 0.0613 
         187  1 0.1223 0.1437 0.1342 0.0515 0.1270 0.1099 0.1598 0.1515 
         188  1 0.1350 0.1081 0.1434 0.0553 0.1350 0.2105 0.1152 0.0974 
         189  1 0.1371 0.1180 0.1377 0.1207 0.1299 0.1152 0.1214 0.1200 
         190  1 0.1473 0.1519 0.1448 0.0497 0.1222 0.1137 0.1389 0.1314 
         191  1 0.1327 0.1594 0.1284 0.0768 0.1159 0.1129 0.1380 0.1358 
         192  1 0.1248 0.1853 0.1094 0.0544 0.1165 0.1072 0.1526 0.1498 
         193  1 0.1383 0.1354 0.1300 0.0557 0.1278 0.1557 0.1268 0.1303 
         194  1 0.1377 0.1372 0.1344 0.0863 0.1223 0.1111 0.1351 0.1360 
         195  1 0.1323 0.1376 0.1180 0.0645 0.1318 0.0962 0.1733 0.1462 
         196  1 0.0725 0.0677 0.0758 0.4947 0.0714 0.0835 0.0684 0.0659 
         197  1 0.1288 0.1435 0.1268 0.0563 0.1447 0.1306 0.1235 0.1459 
         198  1 0.0874 0.0868 0.0850 0.3883 0.0817 0.0936 0.0881 0.0891 
         199  1 0.1348 0.1394 0.1306 0.0540 0.1314 0.1320 0.1331 0.1446 
         200  1 0.1408 0.0937 0.1341 0.0413 0.1430 0.2371 0.1083 0.1016 
         201  1 0.1321 0.1341 0.1352 0.0487 0.1389 0.1217 0.1465 0.1428 
         202  1 0.1312 0.1605 0.1358 0.0545 0.1148 0.1216 0.1397 0.1419 
         203  1 0.1352 0.1250 0.1366 0.0735 0.1320 0.1161 0.1353 0.1463 
         204  1 0.1414 0.1281 0.1382 0.0431 0.1534 0.1323 0.1290 0.1345 
         205  1 0.1247 0.1477 0.1268 0.0586 0.1378 0.0989 0.1555 0.1500 
         206  1 0.1295 0.1505 0.1285 0.0690 0.1204 0.1057 0.1583 0.1380 
         207  1 0.1293 0.1607 0.1230 0.0690 0.1216 0.1085 0.1396 0.1484 
         208  1 0.0805 0.0845 0.0741 0.4225 0.0887 0.0693 0.0945 0.0858 
         209  1 0.1327 0.1563 0.1330 0.0511 0.1236 0.1022 0.1510 0.1500 
         210  1 0.1322 0.1423 0.1475 0.0513 0.1294 0.1195 0.1341 0.1437 
         211  1 0.0912 0.0990 0.0865 0.3642 0.0904 0.0735 0.0992 0.0959 
         212  1 0.0825 0.0801 0.0765 0.4461 0.0776 0.0730 0.0803 0.0838 
         213  1 0.1384 0.1264 0.1428 0.0668 0.1373 0.1196 0.1362 0.1325 
         214  1 0.1357 0.1174 0.1406 0.0375 0.1376 0.1738 0.1314 0.1260 
         215  1 0.1346 0.1300 0.1365 0.0477 0.1326 0.1570 0.1292 0.1324 
         216  1 0.0747 0.0768 0.0687 0.5051 0.0654 0.0686 0.0688 0.0720 
         217  1 0.1319 0.1120 0.1412 0.1155 0.1395 0.1291 0.1162 0.1146 
         218  1 0.1301 0.1435 0.1328 0.0868 0.1163 0.1061 0.1498 0.1346 
         219  1 0.1276 0.1393 0.1162 0.0386 0.1520 0.1379 0.1387 0.1497 
         220  1 0.1219 0.1703 0.1225 0.0450 0.1343 0.1126 0.1407 0.1526 
         221  1 0.1408 0.1272 0.1418 0.0998 0.1401 0.1132 0.1200 0.1170 
         222  1 0.1349 0.1412 0.1347 0.0489 0.1241 0.0945 0.1680 0.1536 
         223  1 0.1447 0.1153 0.1382 0.0644 0.1422 0.1799 0.1066 0.1088 
         224  1 0.1261 0.1178 0.1319 0.0383 0.1612 0.1440 0.1302 0.1506 
