           1  1 0.1252 0.1439 0.1422 0.1415 0.1476 0.1540 0.1456 
           2  1 0.1281 0.1313 0.1322 0.1442 0.1676 0.1293 0.1672 
           3  1 0.1309 0.1434 0.1467 0.1447 0.1448 0.1452 0.1443 
           4  1 0.1350 0.1363 0.1471 0.1466 0.1500 0.1370 0.1480 
           5  1 0.1288 0.1455 0.1437 0.1495 0.1447 0.1447 0.1431 
           6  1 0.1263 0.1437 0.1485 0.1446 0.1437 0.1488 0.1443 
           7  1 0.1267 0.1505 0.1516 0.1465 0.1393 0.1438 0.1416 
           8  1 0.1350 0.1390 0.1421 0.1435 0.1519 0.1376 0.1508 
           9  1 0.1336 0.1422 0.1428 0.1452 0.1474 0.1375 0.1513 
          10  1 0.1289 0.1368 0.1457 0.1473 0.1531 0.1419 0.1463 
          11  1 0.1484 0.1344 0.1459 0.1431 0.1464 0.1383 0.1434 
          12  1 0.1611 0.1418 0.1394 0.1386 0.1379 0.1407 0.1406 
          13  1 0.1286 0.1417 0.1526 0.1520 0.1473 0.1312 0.1465 
          14  1 0.2238 0.1264 0.1291 0.1328 0.1313 0.1258 0.1308 
          15  1 0.1563 0.1371 0.1381 0.1386 0.1523 0.1314 0.1462 
          16  1 0.1319 0.1386 0.1433 0.1420 0.1499 0.1435 0.1507 
          17  1 0.2135 0.1284 0.1307 0.1332 0.1298 0.1311 0.1333 
          18  1 0.1241 0.1476 0.1518 0.1464 0.1436 0.1428 0.1437 
          19  1 0.1335 0.1519 0.1518 0.1482 0.1391 0.1376 0.1379 
          20  1 0.1296 0.1482 0.1536 0.1481 0.1389 0.1417 0.1398 
          21  1 0.2174 0.1294 0.1304 0.1310 0.1294 0.1302 0.1322 
          22  1 0.1257 0.1440 0.1499 0.1479 0.1443 0.1405 0.1478 
          23  1 0.1274 0.1418 0.1462 0.1463 0.1484 0.1428 0.1470 
          24  1 0.1254 0.1464 0.1464 0.1480 0.1421 0.1499 0.1418 
          25  1 0.1284 0.1472 0.1483 0.1468 0.1457 0.1380 0.1455 
          26  1 0.1228 0.1508 0.1447 0.1437 0.1388 0.1551 0.1440 
          27  1 0.1283 0.1403 0.1461 0.1466 0.1465 0.1425 0.1498 
          28  1 0.1231 0.1511 0.1390 0.1401 0.1435 0.1601 0.1431 
          29  1 0.1678 0.1328 0.1402 0.1413 0.1444 0.1327 0.1408 
          30  1 0.1317 0.1471 0.1406 0.1463 0.1403 0.1510 0.1430 
          31  1 0.1341 0.1341 0.1459 0.1422 0.1523 0.1415 0.1499 
          32  1 0.1258 0.1436 0.1525 0.1493 0.1447 0.1396 0.1444 
          33  1 0.1238 0.1454 0.1456 0.1454 0.1421 0.1536 0.1439 
          34  1 0.1389 0.1337 0.1428 0.1465 0.1527 0.1315 0.1540 
          35  1 0.1235 0.1328 0.1493 0.1480 0.1534 0.1373 0.1557 
          36  1 0.1329 0.1424 0.1442 0.1466 0.1399 0.1495 0.1444 
          37  1 0.1251 0.1477 0.1442 0.1419 0.1452 0.1499 0.1460 
          38  1 0.1385 0.1400 0.1488 0.1493 0.1431 0.1382 0.1422 
          39  1 0.1297 0.1401 0.1480 0.1444 0.1477 0.1435 0.1467 
          40  1 0.2401 0.1274 0.1277 0.1256 0.1259 0.1256 0.1276 
          41  1 0.1280 0.1447 0.1452 0.1451 0.1474 0.1394 0.1502 
          42  1 0.1244 0.1449 0.1467 0.1490 0.1452 0.1427 0.1470 
          43  1 0.1216 0.1417 0.1479 0.1450 0.1486 0.1439 0.1514 
          44  1 0.1318 0.1418 0.1423 0.1412 0.1502 0.1454 0.1473 
          45  1 0.1219 0.1410 0.1498 0.1422 0.1526 0.1484 0.1440 
          46  1 0.1272 0.1418 0.1470 0.1448 0.1496 0.1420 0.1476 
          47  1 0.1368 0.1436 0.1490 0.1473 0.1404 0.1397 0.1433 
          48  1 0.1357 0.1424 0.1414 0.1413 0.1453 0.1508 0.1432 
          49  1 0.1213 0.1433 0.1453 0.1434 0.1440 0.1591 0.1436 
          50  1 0.1254 0.1463 0.1466 0.1458 0.1519 0.1395 0.1445 
          51  1 0.1244 0.1530 0.1460 0.1436 0.1418 0.1490 0.1422 
          52  1 0.1352 0.1444 0.1418 0.1460 0.1415 0.1469 0.1442 
          53  1 0.1250 0.1385 0.1463 0.1443 0.1510 0.1469 0.1480 
          54  1 0.1328 0.1403 0.1486 0.1471 0.1460 0.1381 0.1471 
          55  1 0.1403 0.1438 0.1503 0.1484 0.1354 0.1418 0.1399 
          56  1 0.1258 0.1410 0.1510 0.1507 0.1474 0.1418 0.1423 
          57  1 0.1315 0.1429 0.1427 0.1510 0.1478 0.1392 0.1449 
          58  1 0.1388 0.1442 0.1418 0.1446 0.1455 0.1396 0.1455 
          59  1 0.1210 0.1437 0.1489 0.1488 0.1471 0.1428 0.1478 
          60  1 0.1357 0.1399 0.1479 0.1495 0.1437 0.1401 0.1433 
          61  1 0.1250 0.1593 0.1362 0.1372 0.1405 0.1589 0.1429 
          62  1 0.1239 0.1412 0.1506 0.1483 0.1429 0.1486 0.1446 
          63  1 0.1240 0.1552 0.1432 0.1436 0.1425 0.1461 0.1455 
          64  1 0.2001 0.1369 0.1315 0.1314 0.1313 0.1359 0.1331 
          65  1 0.1248 0.1503 0.1433 0.1451 0.1444 0.1437 0.1483 
          66  1 0.1234 0.1431 0.1486 0.1509 0.1459 0.1439 0.1443 
          67  1 0.1236 0.1446 0.1438 0.1449 0.1507 0.1477 0.1447 
          68  1 0.1268 0.1529 0.1418 0.1468 0.1434 0.1475 0.1408 
          69  1 0.1237 0.1385 0.1459 0.1519 0.1509 0.1426 0.1466 
          70  1 0.1217 0.1667 0.1364 0.1367 0.1372 0.1638 0.1373 
          71  1 0.1239 0.1421 0.1472 0.1439 0.1484 0.1487 0.1458 
          72  1 0.1758 0.1318 0.1372 0.1342 0.1419 0.1352 0.1439 
          73  1 0.1270 0.1369 0.1450 0.1449 0.1547 0.1372 0.1542 
          74  1 0.1330 0.1402 0.1429 0.1444 0.1484 0.1424 0.1487 
          75  1 0.1279 0.1432 0.1396 0.1440 0.1444 0.1553 0.1456 
          76  1 0.1241 0.1449 0.1465 0.1454 0.1461 0.1456 0.1474 
          77  1 0.1277 0.1524 0.1502 0.1499 0.1407 0.1396 0.1396 
          78  1 0.1224 0.1457 0.1459 0.1460 0.1466 0.1442 0.1493 
          79  1 0.1232 0.1447 0.1420 0.1452 0.1492 0.1480 0.1477 
          80  1 0.1228 0.1473 0.1468 0.1484 0.1432 0.1487 0.1427 
          81  1 0.1276 0.1514 0.1418 0.1428 0.1390 0.1583 0.1391 
          82  1 0.2121 0.1305 0.1325 0.1342 0.1287 0.1293 0.1327 
          83  1 0.1382 0.1372 0.1444 0.1452 0.1480 0.1396 0.1474 
          84  1 0.2459 0.1242 0.1251 0.1230 0.1265 0.1254 0.1299 
          85  1 0.1265 0.1429 0.1539 0.1487 0.1405 0.1458 0.1418 
          86  1 0.1293 0.1562 0.1375 0.1452 0.1422 0.1489 0.1408 
          87  1 0.1248 0.1439 0.1460 0.1420 0.1449 0.1514 0.1469 
          88  1 0.1243 0.1441 0.1381 0.1414 0.1472 0.1555 0.1493 
          89  1 0.2143 0.1370 0.1282 0.1284 0.1267 0.1362 0.1292 
          90  1 0.1249 0.1494 0.1396 0.1424 0.1408 0.1648 0.1380 
          91  1 0.1265 0.1428 0.1552 0.1438 0.1453 0.1418 0.1447 
          92  1 0.1563 0.1369 0.1432 0.1451 0.1416 0.1371 0.1399 
          93  1 0.1281 0.1465 0.1468 0.1451 0.1431 0.1489 0.1414 
          94  1 0.1220 0.1666 0.1379 0.1377 0.1366 0.1632 0.1359 
          95  1 0.1226 0.1642 0.1378 0.1358 0.1353 0.1684 0.1359 
          96  1 0.1228 0.1666 0.1367 0.1397 0.1332 0.1647 0.1363 
          97  1 0.1252 0.1538 0.1429 0.1413 0.1396 0.1524 0.1447 
          98  1 0.1224 0.1455 0.1387 0.1470 0.1481 0.1512 0.1471 
          99  1 0.1507 0.1404 0.1495 0.1450 0.1369 0.1387 0.1388 
         100  1 0.1757 0.1326 0.1456 0.1432 0.1352 0.1325 0.1352 
         101  1 0.1255 0.1546 0.1432 0.1446 0.1400 0.1544 0.1375 
         102  1 0.1313 0.1357 0.1518 0.1452 0.1499 0.1351 0.1509 
         103  1 0.1273 0.1581 0.1359 0.1392 0.1407 0.1577 0.1411 
         104  1 0.1217 0.1552 0.1370 0.1398 0.1413 0.1650 0.1399 
         105  1 0.1289 0.1422 0.1487 0.1452 0.1448 0.1435 0.1467 
         106  1 0.1382 0.1400 0.1424 0.1457 0.1467 0.1370 0.1500 
         107  1 0.1351 0.1461 0.1397 0.1473 0.1432 0.1445 0.1441 
         108  1 0.1364 0.1455 0.1404 0.1427 0.1439 0.1443 0.1467 
         109  1 0.1372 0.1613 0.1406 0.1416 0.1340 0.1499 0.1353 
         110  1 0.1330 0.1496 0.1501 0.1499 0.1382 0.1390 0.1403 
         111  1 0.1268 0.1588 0.1379 0.1395 0.1378 0.1657 0.1335 
         112  1 0.1224 0.1594 0.1438 0.1464 0.1400 0.1466 0.1414 
         113  1 0.2403 0.1248 0.1257 0.1273 0.1274 0.1255 0.1290 
         114  1 0.1218 0.1433 0.1511 0.1529 0.1442 0.1431 0.1436 
         115  1 0.1301 0.1481 0.1484 0.1467 0.1427 0.1407 0.1432 
         116  1 0.1422 0.1399 0.1426 0.1419 0.1486 0.1355 0.1493 
         117  1 0.1240 0.1403 0.1526 0.1458 0.1489 0.1433 0.1450 
         118  1 0.1239 0.1439 0.1444 0.1494 0.1477 0.1431 0.1476 
         119  1 0.1363 0.1458 0.1461 0.1446 0.1418 0.1394 0.1461 
         120  1 0.1790 0.1333 0.1408 0.1383 0.1361 0.1353 0.1371 
         121  1 0.2624 0.1241 0.1224 0.1234 0.1214 0.1215 0.1247 
         122  1 0.1269 0.1471 0.1464 0.1467 0.1423 0.1450 0.1455 
         123  1 0.1917 0.1290 0.1365 0.1371 0.1386 0.1302 0.1369 
         124  1 0.1289 0.1527 0.1443 0.1441 0.1409 0.1496 0.1394 
         125  1 0.1337 0.1479 0.1373 0.1435 0.1427 0.1529 0.1420 
         126  1 0.1234 0.1523 0.1450 0.1410 0.1408 0.1550 0.1425 
         127  1 0.1698 0.1376 0.1370 0.1397 0.1400 0.1367 0.1392 
         128  1 0.1287 0.1488 0.1460 0.1490 0.1423 0.1414 0.1439 
         129  1 0.1362 0.1516 0.1456 0.1457 0.1400 0.1432 0.1377 
         130  1 0.1231 0.1371 0.1470 0.1492 0.1524 0.1403 0.1510 
         131  1 0.1415 0.1345 0.1398 0.1465 0.1474 0.1407 0.1497 
         132  1 0.1229 0.1428 0.1479 0.1435 0.1497 0.1455 0.1477 
         133  1 0.2368 0.1260 0.1255 0.1258 0.1278 0.1277 0.1304 
         134  1 0.1227 0.1368 0.1432 0.1464 0.1575 0.1368 0.1567 
         135  1 0.1237 0.1356 0.1414 0.1476 0.1623 0.1330 0.1563 
         136  1 0.1667 0.1437 0.1377 0.1367 0.1378 0.1385 0.1388 
         137  1 0.1340 0.1418 0.1451 0.1468 0.1425 0.1447 0.1450 
         138  1 0.1210 0.1438 0.1423 0.1415 0.1491 0.1563 0.1460 
         139  1 0.1287 0.1475 0.1435 0.1469 0.1441 0.1476 0.1417 
         140  1 0.1261 0.1439 0.1476 0.1462 0.1473 0.1464 0.1425 
         141  1 0.2455 0.1264 0.1242 0.1233 0.1262 0.1259 0.1285 
         142  1 0.1445 0.1347 0.1444 0.1434 0.1460 0.1402 0.1468 
         143  1 0.1484 0.1400 0.1368 0.1397 0.1445 0.1455 0.1451 
         144  1 0.1335 0.1334 0.1427 0.1446 0.1579 0.1346 0.1532 
         145  1 0.1216 0.1551 0.1427 0.1443 0.1415 0.1560 0.1389 
         146  1 0.1286 0.1438 0.1438 0.1484 0.1453 0.1438 0.1462 
         147  1 0.1260 0.1543 0.1433 0.1477 0.1392 0.1464 0.1430 
         148  1 0.1285 0.1424 0.1441 0.1488 0.1494 0.1390 0.1478 
         149  1 0.1483 0.1350 0.1439 0.1478 0.1454 0.1384 0.1412 
         150  1 0.1289 0.1658 0.1529 0.1432 0.1321 0.1425 0.1345 
         151  1 0.1473 0.1502 0.1487 0.1493 0.1346 0.1351 0.1348 
         152  1 0.1221 0.1656 0.1388 0.1369 0.1366 0.1629 0.1371 
         153  1 0.1424 0.1494 0.1511 0.1484 0.1361 0.1345 0.1381 
         154  1 0.1356 0.1406 0.1447 0.1442 0.1439 0.1445 0.1467 
         155  1 0.2018 0.1297 0.1338 0.1360 0.1360 0.1277 0.1349 
         156  1 0.1264 0.1402 0.1401 0.1478 0.1522 0.1373 0.1561 
         157  1 0.1278 0.1336 0.1468 0.1492 0.1520 0.1428 0.1478 
         158  1 0.1320 0.1448 0.1425 0.1472 0.1438 0.1432 0.1466 
         159  1 0.1341 0.1423 0.1445 0.1432 0.1493 0.1416 0.1450 
         160  1 0.2265 0.1270 0.1268 0.1272 0.1332 0.1264 0.1329 
         161  1 0.1280 0.1410 0.1431 0.1458 0.1507 0.1399 0.1514 
         162  1 0.1583 0.1507 0.1411 0.1397 0.1378 0.1355 0.1369 
         163  1 0.1335 0.1408 0.1490 0.1456 0.1441 0.1433 0.1438 
         164  1 0.1227 0.1639 0.1373 0.1358 0.1399 0.1656 0.1348 
         165  1 0.1305 0.1570 0.1447 0.1401 0.1403 0.1461 0.1412 
         166  1 0.2295 0.1281 0.1274 0.1284 0.1290 0.1279 0.1296 
         167  1 0.1297 0.1580 0.1402 0.1405 0.1379 0.1566 0.1371 
         168  1 0.1404 0.1447 0.1398 0.1443 0.1447 0.1442 0.1419 
         169  1 0.1300 0.1493 0.1415 0.1429 0.1427 0.1491 0.1445 
         170  1 0.2626 0.1224 0.1229 0.1231 0.1219 0.1218 0.1252 
         171  1 0.1285 0.1404 0.1466 0.1475 0.1487 0.1422 0.1462 
         172  1 0.1257 0.1452 0.1505 0.1479 0.1434 0.1437 0.1435 
         173  1 0.2430 0.1261 0.1267 0.1270 0.1247 0.1254 0.1272 
         174  1 0.1251 0.1511 0.1457 0.1440 0.1437 0.1465 0.1440 
         175  1 0.1232 0.1506 0.1429 0.1458 0.1426 0.1526 0.1423 
         176  1 0.1247 0.1452 0.1446 0.1456 0.1493 0.1438 0.1468 
         177  1 0.1282 0.1450 0.1414 0.1435 0.1441 0.1517 0.1460 
         178  1 0.1310 0.1391 0.1438 0.1421 0.1483 0.1461 0.1496 
         179  1 0.1250 0.1568 0.1380 0.1354 0.1380 0.1687 0.1381 
         180  1 0.1366 0.1395 0.1462 0.1431 0.1467 0.1417 0.1462 
         181  1 0.1573 0.1379 0.1419 0.1419 0.1388 0.1406 0.1417 
         182  1 0.1278 0.1386 0.1434 0.1486 0.1461 0.1464 0.1491 
         183  1 0.2455 0.1244 0.1252 0.1245 0.1267 0.1260 0.1276 
         184  1 0.1315 0.1475 0.1429 0.1425 0.1390 0.1559 0.1408 
         185  1 0.2321 0.1250 0.1257 0.1291 0.1317 0.1265 0.1299 
         186  1 0.2301 0.1283 0.1282 0.1309 0.1250 0.1293 0.1282 
         187  1 0.1268 0.1427 0.1471 0.1459 0.1474 0.1434 0.1468 
         188  1 0.1259 0.1627 0.1432 0.1417 0.1392 0.1500 0.1374 
         189  1 0.1434 0.1435 0.1478 0.1482 0.1396 0.1375 0.1399 
         190  1 0.1231 0.1417 0.1494 0.1487 0.1533 0.1356 0.1482 
         191  1 0.1340 0.1372 0.1460 0.1485 0.1492 0.1398 0.1453 
         192  1 0.1263 0.1360 0.1392 0.1470 0.1601 0.1332 0.1581 
         193  1 0.1255 0.1432 0.1438 0.1466 0.1439 0.1519 0.1451 
         194  1 0.1326 0.1427 0.1452 0.1501 0.1454 0.1393 0.1447 
         195  1 0.1301 0.1397 0.1513 0.1414 0.1459 0.1463 0.1454 
         196  1 0.2213 0.1323 0.1278 0.1290 0.1269 0.1331 0.1295 
         197  1 0.1292 0.1457 0.1418 0.1423 0.1458 0.1481 0.1472 
         198  1 0.2078 0.1323 0.1306 0.1325 0.1315 0.1338 0.1314 
         199  1 0.1271 0.1465 0.1441 0.1450 0.1471 0.1448 0.1454 
         200  1 0.1221 0.1634 0.1425 0.1416 0.1322 0.1634 0.1348 
         201  1 0.1239 0.1451 0.1469 0.1471 0.1450 0.1457 0.1464 
         202  1 0.1264 0.1358 0.1386 0.1450 0.1593 0.1368 0.1581 
         203  1 0.1327 0.1477 0.1368 0.1466 0.1460 0.1460 0.1441 
         204  1 0.1220 0.1484 0.1501 0.1434 0.1434 0.1493 0.1434 
         205  1 0.1275 0.1398 0.1505 0.1436 0.1469 0.1438 0.1479 
         206  1 0.1292 0.1397 0.1468 0.1423 0.1515 0.1398 0.1508 
         207  1 0.1280 0.1352 0.1434 0.1490 0.1561 0.1359 0.1524 
         208  1 0.2108 0.1294 0.1329 0.1331 0.1307 0.1303 0.1328 
         209  1 0.1262 0.1335 0.1471 0.1460 0.1521 0.1377 0.1575 
         210  1 0.1253 0.1438 0.1422 0.1471 0.1499 0.1426 0.1492 
         211  1 0.1961 0.1321 0.1359 0.1331 0.1358 0.1324 0.1347 
         212  1 0.2095 0.1281 0.1320 0.1333 0.1340 0.1296 0.1334 
         213  1 0.1294 0.1416 0.1465 0.1472 0.1423 0.1503 0.1428 
         214  1 0.1231 0.1521 0.1395 0.1405 0.1441 0.1612 0.1395 
         215  1 0.1253 0.1499 0.1445 0.1455 0.1460 0.1421 0.1466 
         216  1 0.2263 0.1271 0.1267 0.1294 0.1305 0.1277 0.1322 
         217  1 0.1386 0.1504 0.1404 0.1422 0.1377 0.1533 0.1374 
         218  1 0.1331 0.1355 0.1509 0.1516 0.1430 0.1406 0.1454 
         219  1 0.1216 0.1452 0.1399 0.1420 0.1511 0.1471 0.1530 
         220  1 0.1231 0.1393 0.1369 0.1441 0.1584 0.1416 0.1565 
         221  1 0.1336 0.1455 0.1523 0.1487 0.1396 0.1375 0.1427 
         222  1 0.1243 0.1446 0.1482 0.1459 0.1471 0.1410 0.1488 
         223  1 0.1281 0.1533 0.1455 0.1459 0.1439 0.1417 0.1417 
         224  1 0.1223 0.1523 0.1362 0.1423 0.1439 0.1586 0.1444 
