1:    0.392 0.169 0.440 1    
2:    0.056 0.870 0.074 1    
3:    0.199 0.599 0.202 1    
4:    0.034 0.929 0.037 1    
5:    0.038 0.911 0.051 1    
6:    0.040 0.918 0.042 1    
7:    0.042 0.914 0.044 1    
8:    0.051 0.894 0.055 1    
9:    0.027 0.945 0.028 1    
10:   0.368 0.263 0.368 1    
11:   0.026 0.947 0.027 1    
12:   0.081 0.834 0.085 1    
13:   0.026 0.948 0.026 1    
14:   0.281 0.433 0.286 1    
15:   0.057 0.874 0.069 1    
16:   0.269 0.433 0.298 1    
17:   0.052 0.887 0.062 1    
18:   0.097 0.788 0.116 1    
19:   0.114 0.767 0.119 1    
20:   0.059 0.882 0.059 1    
21:   0.056 0.874 0.070 1    
22:   0.333 0.334 0.334 1    
23:   0.051 0.869 0.081 1    
24:   0.043 0.895 0.062 1    
25:   0.192 0.588 0.220 1    
26:   0.088 0.826 0.086 1    
27:   0.111 0.782 0.107 1    
28:   0.356 0.294 0.349 1    
29:   0.066 0.860 0.074 1    
30:   0.038 0.916 0.046 1    
31:   0.021 0.955 0.024 1    
32:   0.081 0.817 0.102 1    
33:   0.097 0.798 0.105 1    
34:   0.054 0.875 0.070 1    
35:   0.183 0.616 0.200 1    
36:   0.194 0.587 0.219 1    
37:   0.330 0.367 0.303 1    
38:   0.438 0.122 0.439 1    
39:   0.031 0.935 0.034 1    
40:   0.043 0.912 0.044 1    
41:   0.160 0.674 0.166 1    
42:   0.052 0.901 0.047 1    
43:   0.168 0.589 0.243 1    
44:   0.095 0.814 0.091 1    
45:   0.055 0.860 0.085 1    
46:   0.208 0.561 0.230 1    
47:   0.305 0.432 0.263 1    
48:   0.080 0.806 0.113 1    
49:   0.405 0.207 0.388 1    
50:   0.403 0.245 0.353 1    
51:   0.470 0.102 0.428 1    
52:   0.496 0.067 0.436 1    
53:   0.432 0.102 0.466 1    
54:   0.461 0.052 0.487 1    
55:   0.395 0.207 0.398 1    
56:   0.485 0.017 0.498 1    
57:   0.487 0.070 0.443 1    
58:   0.400 0.209 0.391 1    
59:   0.386 0.162 0.451 1    
60:   0.445 0.048 0.507 1    
61:   0.494 0.078 0.428 1    
62:   0.380 0.268 0.352 1    
63:   0.357 0.262 0.381 1    
64:   0.505 0.070 0.424 1    
65:   0.523 0.057 0.420 1    
66:   0.332 0.326 0.342 1    
67:   0.484 0.071 0.445 1    
68:   0.477 0.028 0.495 1    
69:   0.520 0.049 0.431 1    
70:   0.505 0.024 0.471 1    
71:   0.317 0.295 0.389 1    
72:   0.489 0.029 0.482 1    
73:   0.517 0.034 0.448 1    
74:   0.455 0.056 0.489 1    
75:   0.450 0.064 0.486 1    
76:   0.492 0.025 0.483 1    
77:   0.490 0.061 0.449 1    
78:   0.450 0.047 0.503 1    
79:   0.533 0.041 0.426 1    
80:   0.408 0.119 0.474 1    
81:   0.471 0.060 0.469 1    
82:   0.355 0.204 0.441 1    
83:   0.498 0.035 0.467 1    
84:   0.484 0.062 0.455 1    
85:   0.175 0.632 0.194 1    
86:   0.178 0.623 0.199 1    
87:   0.259 0.419 0.322 1    
88:   0.481 0.049 0.470 1    
89:   0.463 0.060 0.477 1    
90:   0.517 0.078 0.405 1    
91:   0.405 0.141 0.454 1    
92:   0.271 0.440 0.289 1    
93:   0.496 0.049 0.455 1    
94:   0.206 0.597 0.198 1    
95:   0.508 0.058 0.434 1    
96:   0.428 0.090 0.482 1    
97:   0.330 0.293 0.376 1    
98:   0.290 0.345 0.365 1    
99:   0.388 0.177 0.435 1    
100:  0.116 0.761 0.123 1    
101:  0.428 0.167 0.406 1    
102:  0.469 0.064 0.467 1    
103:  0.473 0.089 0.438 1    
104:  0.452 0.056 0.492 1    
105:  0.382 0.259 0.359 1    
106:  0.300 0.385 0.315 1    
107:  0.103 0.789 0.108 1    
108:  0.441 0.058 0.501 1    
109:  0.235 0.527 0.238 1    
110:  0.471 0.049 0.480 1    
111:  0.510 0.066 0.423 1    
112:  0.469 0.078 0.453 1    
113:  0.427 0.080 0.493 1    
114:  0.208 0.578 0.213 1    
115:  0.495 0.082 0.423 1    
116:  0.512 0.055 0.433 1    
117:  0.467 0.103 0.429 1    
118:  0.370 0.217 0.413 1    
119:  0.427 0.140 0.433 1    
120:  0.475 0.024 0.501 1    
121:  0.425 0.162 0.412 1    
122:  0.505 0.055 0.440 1    
123:  0.484 0.108 0.408 1    
124:  0.290 0.402 0.308 1    
125:  0.438 0.096 0.466 1    
126:  0.305 0.410 0.285 1    
127:  0.309 0.329 0.362 1    
128:  0.476 0.046 0.478 1    
129:  0.513 0.055 0.432 1    
130:  0.473 0.058 0.469 1    
131:  0.483 0.067 0.450 1    
132:  0.297 0.324 0.379 1    
133:  0.394 0.250 0.356 1    
134:  0.432 0.126 0.442 1    
135:  0.446 0.082 0.472 1    
136:  0.482 0.117 0.402 1    
137:  0.439 0.154 0.407 1    
138:  0.440 0.190 0.371 1    
139:  0.504 0.095 0.402 1    
140:  0.414 0.246 0.340 1    
141:  0.319 0.363 0.318 1    
142:  0.386 0.168 0.445 1    
143:  0.505 0.025 0.470 1    
144:  0.514 0.043 0.443 1    
145:  0.236 0.498 0.266 1    
146:  0.413 0.163 0.424 1    
147:  0.386 0.168 0.446 1    
148:  0.508 0.052 0.440 1    
149:  0.413 0.151 0.435 1    
150:  0.461 0.067 0.471 1    
151:  0.261 0.417 0.322 1    
152:  0.436 0.098 0.466 1    
153:  0.129 0.736 0.135 1    
154:  0.454 0.107 0.439 1    
155:  0.416 0.206 0.378 1    
156:  0.504 0.053 0.443 1    
157:  0.526 0.027 0.447 1    
158:  0.364 0.246 0.390 1    
159:  0.423 0.120 0.457 1    
160:  0.532 0.040 0.428 1    
161:  0.506 0.031 0.462 1    
162:  0.405 0.206 0.389 1    
163:  0.544 0.035 0.421 1    
164:  0.482 0.079 0.438 1    
165:  0.497 0.050 0.453 1    
166:  0.517 0.040 0.443 1    
167:  0.452 0.051 0.498 1    
168:  0.503 0.045 0.452 1    
169:  0.471 0.042 0.487 1    
170:  0.445 0.098 0.457 1    
171:  0.529 0.039 0.431 1    
172:  0.482 0.052 0.466 1    
173:  0.512 0.048 0.440 1    
174:  0.486 0.061 0.453 1    
175:  0.501 0.038 0.461 1    
176:  0.499 0.049 0.452 1    
177:  0.428 0.119 0.453 1    
178:  0.412 0.111 0.478 1    
179:  0.456 0.126 0.418 1    
180:  0.511 0.057 0.432 1    
181:  0.395 0.206 0.398 1    
182:  0.269 0.461 0.270 1    
183:  0.462 0.076 0.462 1    
184:  0.415 0.137 0.448 1    
185:  0.492 0.056 0.452 1    
186:  0.352 0.227 0.421 1    
187:  0.548 0.026 0.426 1    
188:  0.432 0.110 0.458 1    
189:  0.385 0.229 0.386 1    
190:  0.399 0.197 0.404 1    
191:  0.484 0.052 0.463 1    
192:  0.429 0.106 0.465 1    
193:  0.401 0.218 0.381 1    
194:  0.177 0.644 0.179 1    
195:  0.451 0.108 0.442 1    
196:  0.434 0.120 0.446 1    
197:  0.321 0.381 0.298 1    
198:  0.444 0.136 0.420 1    
199:  0.372 0.247 0.381 1    
200:  0.264 0.424 0.311 1    
201:  0.486 0.054 0.460 1    
202:  0.388 0.220 0.392 1    
203:  0.475 0.081 0.444 1    
204:  0.319 0.331 0.350 1    
205:  0.406 0.224 0.370 1    
206:  0.482 0.080 0.438 1    
207:  0.413 0.146 0.440 1    
208:  0.537 0.031 0.432 1    
209:  0.232 0.481 0.288 1    
210:  0.401 0.223 0.376 1    
211:  0.483 0.074 0.443 1    
212:  0.471 0.080 0.449 1    
213:  0.120 0.753 0.127 1    
214:  0.439 0.075 0.486 1    
215:  0.398 0.221 0.381 1    
216:  0.394 0.222 0.383 1    
217:  0.304 0.350 0.346 1    
218:  0.293 0.402 0.306 1    
219:  0.239 0.520 0.241 1    
220:  0.467 0.064 0.469 1    
221:  0.360 0.238 0.402 1    
222:  0.490 0.062 0.448 1    
223:  0.412 0.202 0.387 1    
224:  0.462 0.077 0.462 1    
225:  0.226 0.542 0.232 1    
226:  0.472 0.091 0.437 1    
              
              
1:    0.513 0.436 0.051 1    
2:    0.077 0.080 0.842 1    
3:    0.190 0.197 0.613 1    
4:    0.038 0.039 0.923 1    
5:    0.059 0.055 0.886 1    
6:    0.045 0.045 0.910 1    
7:    0.045 0.043 0.912 1    
8:    0.058 0.058 0.884 1    
9:    0.029 0.029 0.942 1    
10:   0.352 0.394 0.254 1    
11:   0.028 0.027 0.945 1    
12:   0.079 0.084 0.837 1    
13:   0.028 0.029 0.943 1    
14:   0.270 0.277 0.453 1    
15:   0.058 0.063 0.878 1    
16:   0.281 0.271 0.447 1    
17:   0.054 0.054 0.893 1    
18:   0.095 0.094 0.810 1    
19:   0.122 0.116 0.762 1    
20:   0.055 0.056 0.889 1    
21:   0.071 0.069 0.860 1    
22:   0.333 0.334 0.333 1    
23:   0.081 0.077 0.841 1    
24:   0.060 0.059 0.880 1    
25:   0.232 0.224 0.543 1    
26:   0.084 0.078 0.838 1    
27:   0.121 0.116 0.763 1    
28:   0.342 0.358 0.301 1    
29:   0.077 0.076 0.846 1    
30:   0.050 0.047 0.904 1    
31:   0.024 0.026 0.950 1    
32:   0.100 0.096 0.803 1    
33:   0.107 0.107 0.786 1    
34:   0.069 0.064 0.868 1    
35:   0.190 0.184 0.626 1    
36:   0.200 0.216 0.584 1    
37:   0.325 0.314 0.361 1    
38:   0.454 0.426 0.120 1    
39:   0.035 0.033 0.932 1    
40:   0.047 0.049 0.904 1    
41:   0.153 0.167 0.680 1    
42:   0.051 0.051 0.899 1    
43:   0.255 0.238 0.507 1    
44:   0.087 0.094 0.819 1    
45:   0.090 0.082 0.828 1    
46:   0.216 0.240 0.544 1    
47:   0.279 0.294 0.427 1    
48:   0.123 0.117 0.760 1    
49:   0.372 0.402 0.226 1    
50:   0.372 0.372 0.256 1    
51:   0.421 0.482 0.097 1    
52:   0.500 0.433 0.067 1    
53:   0.464 0.426 0.110 1    
54:   0.451 0.494 0.055 1    
55:   0.400 0.369 0.232 1    
56:   0.505 0.477 0.018 1    
57:   0.436 0.495 0.069 1    
58:   0.404 0.406 0.190 1    
59:   0.389 0.413 0.198 1    
60:   0.461 0.486 0.053 1    
61:   0.451 0.471 0.078 1    
62:   0.362 0.364 0.274 1    
63:   0.376 0.375 0.249 1    
64:   0.456 0.469 0.075 1    
65:   0.502 0.445 0.053 1    
66:   0.332 0.333 0.334 1    
67:   0.450 0.468 0.082 1    
68:   0.470 0.500 0.030 1    
69:   0.463 0.483 0.054 1    
70:   0.469 0.508 0.023 1    
71:   0.329 0.348 0.323 1    
72:   0.473 0.497 0.031 1    
73:   0.495 0.470 0.035 1    
74:   0.460 0.479 0.061 1    
75:   0.467 0.466 0.066 1    
76:   0.480 0.493 0.027 1    
77:   0.466 0.470 0.064 1    
78:   0.496 0.456 0.048 1    
79:   0.494 0.463 0.043 1    
80:   0.429 0.459 0.112 1    
81:   0.478 0.465 0.058 1    
82:   0.387 0.397 0.217 1    
83:   0.499 0.465 0.036 1    
84:   0.482 0.456 0.062 1    
85:   0.190 0.184 0.626 1    
86:   0.202 0.187 0.610 1    
87:   0.270 0.264 0.466 1    
88:   0.505 0.442 0.053 1    
89:   0.451 0.484 0.065 1    
90:   0.471 0.446 0.083 1    
91:   0.407 0.433 0.160 1    
92:   0.286 0.290 0.424 1    
93:   0.456 0.494 0.050 1    
94:   0.203 0.198 0.599 1    
95:   0.476 0.465 0.060 1    
96:   0.447 0.447 0.105 1    
97:   0.325 0.372 0.303 1    
98:   0.319 0.311 0.370 1    
99:   0.413 0.409 0.178 1    
100:  0.103 0.109 0.788 1    
101:  0.419 0.409 0.171 1    
102:  0.457 0.476 0.067 1    
103:  0.442 0.472 0.086 1    
104:  0.471 0.477 0.052 1    
105:  0.383 0.364 0.253 1    
106:  0.319 0.316 0.366 1    
107:  0.092 0.096 0.812 1    
108:  0.487 0.452 0.062 1    
109:  0.229 0.244 0.528 1    
110:  0.468 0.483 0.049 1    
111:  0.460 0.466 0.074 1    
112:  0.470 0.458 0.072 1    
113:  0.455 0.455 0.090 1    
114:  0.198 0.196 0.605 1    
115:  0.456 0.458 0.086 1    
116:  0.459 0.486 0.055 1    
117:  0.444 0.448 0.108 1    
118:  0.397 0.389 0.214 1    
119:  0.427 0.446 0.126 1    
120:  0.482 0.493 0.026 1    
121:  0.451 0.403 0.145 1    
122:  0.480 0.465 0.055 1    
123:  0.453 0.437 0.110 1    
124:  0.307 0.320 0.373 1    
125:  0.446 0.445 0.109 1    
126:  0.290 0.284 0.425 1    
127:  0.311 0.318 0.372 1    
128:  0.469 0.486 0.045 1    
129:  0.494 0.454 0.052 1    
130:  0.473 0.465 0.062 1    
131:  0.490 0.461 0.049 1    
132:  0.332 0.369 0.299 1    
133:  0.390 0.362 0.248 1    
134:  0.458 0.435 0.107 1    
135:  0.448 0.460 0.091 1    
136:  0.452 0.433 0.115 1    
137:  0.416 0.441 0.143 1    
138:  0.412 0.397 0.192 1    
139:  0.452 0.454 0.094 1    
140:  0.375 0.377 0.248 1    
141:  0.306 0.318 0.376 1    
142:  0.416 0.434 0.150 1    
143:  0.491 0.484 0.025 1    
144:  0.483 0.478 0.039 1    
145:  0.245 0.238 0.517 1    
146:  0.442 0.383 0.175 1    
147:  0.420 0.404 0.176 1    
148:  0.501 0.449 0.050 1    
149:  0.402 0.431 0.167 1    
150:  0.455 0.467 0.078 1    
151:  0.274 0.260 0.466 1    
152:  0.433 0.453 0.114 1    
153:  0.137 0.137 0.726 1    
154:  0.438 0.466 0.095 1    
155:  0.400 0.388 0.213 1    
156:  0.464 0.477 0.059 1    
157:  0.465 0.508 0.027 1    
158:  0.369 0.377 0.254 1    
159:  0.438 0.442 0.121 1    
160:  0.484 0.474 0.042 1    
161:  0.472 0.494 0.034 1    
162:  0.384 0.411 0.205 1    
163:  0.488 0.475 0.037 1    
164:  0.477 0.446 0.078 1    
165:  0.464 0.486 0.050 1    
166:  0.493 0.466 0.040 1    
167:  0.488 0.463 0.049 1    
168:  0.469 0.483 0.048 1    
169:  0.482 0.472 0.046 1    
170:  0.430 0.460 0.110 1    
171:  0.482 0.478 0.040 1    
172:  0.478 0.467 0.056 1    
173:  0.475 0.475 0.050 1    
174:  0.492 0.441 0.066 1    
175:  0.503 0.460 0.038 1    
176:  0.481 0.465 0.054 1    
177:  0.422 0.453 0.125 1    
178:  0.452 0.447 0.101 1    
179:  0.425 0.448 0.127 1    
180:  0.434 0.506 0.060 1    
181:  0.370 0.410 0.220 1    
182:  0.254 0.266 0.479 1    
183:  0.447 0.473 0.080 1    
184:  0.422 0.424 0.154 1    
185:  0.482 0.460 0.058 1    
186:  0.416 0.369 0.214 1    
187:  0.485 0.489 0.026 1    
188:  0.425 0.461 0.114 1    
189:  0.358 0.389 0.252 1    
190:  0.383 0.400 0.217 1    
191:  0.456 0.491 0.053 1    
192:  0.423 0.466 0.112 1    
193:  0.408 0.375 0.217 1    
194:  0.168 0.184 0.648 1    
195:  0.445 0.450 0.105 1    
196:  0.412 0.461 0.127 1    
197:  0.299 0.308 0.393 1    
198:  0.418 0.434 0.147 1    
199:  0.340 0.390 0.270 1    
200:  0.245 0.284 0.471 1    
201:  0.444 0.504 0.051 1    
202:  0.371 0.397 0.232 1    
203:  0.453 0.453 0.094 1    
204:  0.346 0.340 0.314 1    
205:  0.366 0.394 0.240 1    
206:  0.459 0.466 0.075 1    
207:  0.426 0.409 0.165 1    
208:  0.507 0.463 0.030 1    
209:  0.218 0.234 0.548 1    
210:  0.371 0.419 0.210 1    
211:  0.485 0.449 0.066 1    
212:  0.444 0.481 0.074 1    
213:  0.118 0.119 0.763 1    
214:  0.456 0.452 0.092 1    
215:  0.389 0.388 0.224 1    
216:  0.375 0.387 0.238 1    
217:  0.360 0.342 0.298 1    
218:  0.300 0.302 0.399 1    
219:  0.232 0.244 0.524 1    
220:  0.470 0.464 0.067 1    
221:  0.396 0.367 0.237 1    
222:  0.475 0.455 0.070 1    
223:  0.402 0.403 0.194 1    
224:  0.464 0.454 0.082 1    
225:  0.233 0.226 0.541 1    
226:  0.477 0.452 0.072 1    
              
              
1:    0.300 0.581 0.118 1    
2:    0.051 0.067 0.882 1    
3:    0.210 0.196 0.594 1    
4:    0.034 0.035 0.930 1    
5:    0.032 0.046 0.922 1    
6:    0.038 0.041 0.921 1    
7:    0.043 0.045 0.913 1    
8:    0.052 0.056 0.893 1    
9:    0.027 0.028 0.945 1    
10:   0.393 0.349 0.258 1    
11:   0.026 0.026 0.947 1    
12:   0.074 0.074 0.852 1    
13:   0.025 0.026 0.949 1    
14:   0.306 0.262 0.432 1    
15:   0.066 0.056 0.878 1    
16:   0.294 0.284 0.423 1    
17:   0.057 0.052 0.891 1    
18:   0.113 0.094 0.794 1    
19:   0.111 0.129 0.760 1    
20:   0.052 0.057 0.890 1    
21:   0.052 0.064 0.884 1    
22:   0.333 0.334 0.333 1    
23:   0.041 0.061 0.898 1    
24:   0.048 0.054 0.899 1    
25:   0.161 0.216 0.623 1    
26:   0.084 0.086 0.831 1    
27:   0.103 0.121 0.776 1    
28:   0.338 0.353 0.310 1    
29:   0.059 0.069 0.872 1    
30:   0.033 0.039 0.928 1    
31:   0.024 0.023 0.953 1    
32:   0.072 0.097 0.831 1    
33:   0.093 0.096 0.811 1    
34:   0.057 0.062 0.881 1    
35:   0.180 0.197 0.622 1    
36:   0.191 0.218 0.591 1    
37:   0.286 0.349 0.365 1    
38:   0.442 0.440 0.118 1    
39:   0.030 0.031 0.939 1    
40:   0.040 0.049 0.911 1    
41:   0.175 0.152 0.672 1    
42:   0.045 0.052 0.903 1    
43:   0.153 0.210 0.637 1    
44:   0.092 0.099 0.809 1    
45:   0.047 0.067 0.885 1    
46:   0.225 0.210 0.565 1    
47:   0.254 0.314 0.432 1    
48:   0.074 0.097 0.829 1    
49:   0.435 0.363 0.202 1    
50:   0.336 0.422 0.242 1    
51:   0.521 0.382 0.097 1    
52:   0.400 0.531 0.069 1    
53:   0.460 0.443 0.098 1    
54:   0.560 0.388 0.052 1    
55:   0.412 0.378 0.210 1    
56:   0.485 0.496 0.019 1    
57:   0.521 0.414 0.065 1    
58:   0.339 0.455 0.205 1    
59:   0.508 0.322 0.171 1    
60:   0.570 0.379 0.050 1    
61:   0.430 0.493 0.076 1    
62:   0.360 0.376 0.263 1    
63:   0.317 0.418 0.265 1    
64:   0.470 0.459 0.071 1    
65:   0.389 0.555 0.057 1    
66:   0.351 0.326 0.323 1    
67:   0.435 0.488 0.077 1    
68:   0.572 0.401 0.027 1    
69:   0.491 0.462 0.048 1    
70:   0.528 0.450 0.023 1    
71:   0.403 0.306 0.291 1    
72:   0.554 0.417 0.029 1    
73:   0.385 0.580 0.035 1    
74:   0.576 0.371 0.054 1    
75:   0.498 0.439 0.063 1    
76:   0.533 0.442 0.026 1    
77:   0.459 0.482 0.059 1    
78:   0.462 0.485 0.053 1    
79:   0.419 0.541 0.040 1    
80:   0.444 0.437 0.119 1    
81:   0.453 0.488 0.059 1    
82:   0.423 0.364 0.213 1    
83:   0.509 0.455 0.036 1    
84:   0.402 0.539 0.059 1    
85:   0.179 0.197 0.624 1    
86:   0.205 0.189 0.606 1    
87:   0.317 0.259 0.424 1    
88:   0.460 0.491 0.049 1    
89:   0.530 0.409 0.061 1    
90:   0.427 0.492 0.081 1    
91:   0.510 0.343 0.147 1    
92:   0.262 0.326 0.412 1    
93:   0.498 0.454 0.048 1    
94:   0.205 0.218 0.577 1    
95:   0.455 0.491 0.054 1    
96:   0.540 0.374 0.086 1    
97:   0.447 0.282 0.271 1    
98:   0.389 0.273 0.338 1    
99:   0.433 0.388 0.179 1    
100:  0.118 0.113 0.769 1    
101:  0.395 0.438 0.166 1    
102:  0.465 0.474 0.061 1    
103:  0.498 0.417 0.085 1    
104:  0.467 0.477 0.056 1    
105:  0.299 0.455 0.246 1    
106:  0.257 0.367 0.375 1    
107:  0.109 0.097 0.795 1    
108:  0.518 0.428 0.054 1    
109:  0.228 0.231 0.541 1    
110:  0.514 0.435 0.051 1    
111:  0.444 0.485 0.070 1    
112:  0.464 0.462 0.074 1    
113:  0.538 0.388 0.074 1    
114:  0.196 0.203 0.601 1    
115:  0.373 0.541 0.086 1    
116:  0.459 0.489 0.052 1    
117:  0.462 0.438 0.100 1    
118:  0.391 0.389 0.220 1    
119:  0.416 0.451 0.134 1    
120:  0.567 0.409 0.024 1    
121:  0.357 0.495 0.148 1    
122:  0.362 0.577 0.061 1    
123:  0.383 0.514 0.103 1    
124:  0.264 0.319 0.416 1    
125:  0.538 0.368 0.094 1    
126:  0.301 0.302 0.397 1    
127:  0.391 0.284 0.325 1    
128:  0.511 0.442 0.046 1    
129:  0.404 0.543 0.054 1    
130:  0.531 0.417 0.052 1    
131:  0.364 0.576 0.060 1    
132:  0.368 0.296 0.337 1    
133:  0.329 0.429 0.242 1    
134:  0.416 0.469 0.115 1    
135:  0.511 0.409 0.080 1    
136:  0.397 0.488 0.115 1    
137:  0.432 0.417 0.151 1    
138:  0.363 0.438 0.199 1    
139:  0.391 0.507 0.101 1    
140:  0.310 0.435 0.255 1    
141:  0.334 0.325 0.341 1    
142:  0.382 0.446 0.172 1    
143:  0.467 0.508 0.025 1    
144:  0.401 0.561 0.038 1    
145:  0.258 0.251 0.491 1    
146:  0.391 0.439 0.170 1    
147:  0.460 0.377 0.163 1    
148:  0.410 0.541 0.049 1    
149:  0.468 0.379 0.153 1    
150:  0.535 0.400 0.065 1    
151:  0.313 0.263 0.425 1    
152:  0.530 0.375 0.096 1    
153:  0.123 0.135 0.743 1    
154:  0.440 0.459 0.101 1    
155:  0.384 0.417 0.199 1    
156:  0.498 0.449 0.053 1    
157:  0.494 0.479 0.027 1    
158:  0.392 0.366 0.242 1    
159:  0.421 0.464 0.115 1    
160:  0.458 0.501 0.041 1    
161:  0.566 0.401 0.033 1    
162:  0.461 0.353 0.186 1    
163:  0.397 0.566 0.038 1    
164:  0.413 0.506 0.081 1    
165:  0.460 0.491 0.049 1    
166:  0.440 0.521 0.039 1    
167:  0.504 0.449 0.047 1    
168:  0.459 0.495 0.046 1    
169:  0.560 0.402 0.038 1    
170:  0.540 0.371 0.089 1    
171:  0.480 0.479 0.040 1    
172:  0.478 0.469 0.054 1    
173:  0.421 0.533 0.046 1    
174:  0.432 0.506 0.063 1    
175:  0.452 0.510 0.039 1    
176:  0.508 0.443 0.048 1    
177:  0.533 0.360 0.107 1    
178:  0.449 0.443 0.108 1    
179:  0.420 0.440 0.139 1    
180:  0.515 0.427 0.058 1    
181:  0.436 0.358 0.205 1    
182:  0.265 0.268 0.467 1    
183:  0.480 0.442 0.078 1    
184:  0.505 0.366 0.129 1    
185:  0.445 0.502 0.053 1    
186:  0.414 0.369 0.217 1    
187:  0.417 0.557 0.027 1    
188:  0.472 0.425 0.103 1    
189:  0.392 0.374 0.234 1    
190:  0.449 0.351 0.201 1    
191:  0.479 0.470 0.052 1    
192:  0.510 0.388 0.102 1    
193:  0.421 0.377 0.202 1    
194:  0.182 0.176 0.642 1    
195:  0.393 0.491 0.116 1    
196:  0.495 0.386 0.119 1    
197:  0.354 0.280 0.366 1    
198:  0.434 0.426 0.140 1    
199:  0.458 0.300 0.242 1    
200:  0.304 0.250 0.446 1    
201:  0.490 0.455 0.055 1    
202:  0.409 0.362 0.228 1    
203:  0.479 0.442 0.080 1    
204:  0.271 0.376 0.353 1    
205:  0.385 0.378 0.237 1    
206:  0.459 0.465 0.076 1    
207:  0.481 0.371 0.148 1    
208:  0.428 0.542 0.031 1    
209:  0.311 0.208 0.481 1    
210:  0.374 0.393 0.233 1    
211:  0.405 0.526 0.068 1    
212:  0.511 0.411 0.077 1    
213:  0.119 0.122 0.759 1    
214:  0.537 0.388 0.074 1    
215:  0.408 0.375 0.218 1    
216:  0.387 0.383 0.230 1    
217:  0.304 0.358 0.338 1    
218:  0.320 0.282 0.399 1    
219:  0.257 0.217 0.525 1    
220:  0.532 0.409 0.059 1    
221:  0.382 0.386 0.232 1    
222:  0.496 0.437 0.067 1    
223:  0.355 0.445 0.200 1    
224:  0.476 0.451 0.073 1    
225:  0.237 0.230 0.533 1    
226:  0.349 0.555 0.095 1    
              
              
1:    0.442 0.196 0.362 1    
2:    0.066 0.875 0.059 1    
3:    0.207 0.590 0.202 1    
4:    0.037 0.926 0.037 1    
5:    0.045 0.914 0.041 1    
6:    0.041 0.918 0.041 1    
7:    0.047 0.908 0.045 1    
8:    0.058 0.890 0.052 1    
9:    0.030 0.939 0.031 1    
10:   0.370 0.251 0.379 1    
11:   0.029 0.942 0.029 1    
12:   0.079 0.847 0.074 1    
13:   0.029 0.944 0.027 1    
14:   0.286 0.422 0.292 1    
15:   0.071 0.865 0.064 1    
16:   0.280 0.433 0.286 1    
17:   0.064 0.873 0.062 1    
18:   0.118 0.770 0.112 1    
19:   0.123 0.754 0.122 1    
20:   0.063 0.875 0.063 1    
21:   0.061 0.883 0.056 1    
22:   0.330 0.335 0.335 1    
23:   0.059 0.889 0.053 1    
24:   0.053 0.895 0.052 1    
25:   0.203 0.616 0.182 1    
26:   0.089 0.811 0.100 1    
27:   0.107 0.784 0.109 1    
28:   0.350 0.303 0.347 1    
29:   0.069 0.858 0.072 1    
30:   0.040 0.922 0.038 1    
31:   0.026 0.949 0.025 1    
32:   0.094 0.827 0.079 1    
33:   0.106 0.796 0.098 1    
34:   0.068 0.874 0.057 1    
35:   0.196 0.620 0.184 1    
36:   0.202 0.595 0.203 1    
37:   0.323 0.360 0.317 1    
38:   0.433 0.126 0.441 1    
39:   0.038 0.928 0.034 1    
40:   0.047 0.908 0.046 1    
41:   0.165 0.661 0.174 1    
42:   0.053 0.896 0.051 1    
43:   0.203 0.623 0.174 1    
44:   0.105 0.799 0.096 1    
45:   0.062 0.877 0.061 1    
46:   0.223 0.555 0.223 1    
47:   0.290 0.429 0.281 1    
48:   0.090 0.831 0.078 1    
49:   0.389 0.207 0.404 1    
50:   0.378 0.241 0.381 1    
51:   0.439 0.095 0.466 1    
52:   0.477 0.076 0.447 1    
53:   0.434 0.108 0.457 1    
54:   0.446 0.052 0.502 1    
55:   0.397 0.208 0.394 1    
56:   0.503 0.019 0.477 1    
57:   0.460 0.069 0.471 1    
58:   0.423 0.203 0.374 1    
59:   0.397 0.168 0.435 1    
60:   0.453 0.056 0.491 1    
61:   0.461 0.083 0.456 1    
62:   0.375 0.259 0.366 1    
63:   0.393 0.277 0.330 1    
64:   0.456 0.073 0.471 1    
65:   0.492 0.068 0.440 1    
66:   0.332 0.316 0.352 1    
67:   0.477 0.077 0.446 1    
68:   0.465 0.030 0.505 1    
69:   0.449 0.049 0.502 1    
70:   0.477 0.025 0.499 1    
71:   0.353 0.282 0.365 1    
72:   0.463 0.031 0.506 1    
73:   0.499 0.037 0.464 1    
74:   0.457 0.061 0.482 1    
75:   0.470 0.071 0.459 1    
76:   0.474 0.028 0.498 1    
77:   0.464 0.063 0.473 1    
78:   0.487 0.059 0.454 1    
79:   0.482 0.045 0.473 1    
80:   0.436 0.128 0.436 1    
81:   0.483 0.063 0.454 1    
82:   0.383 0.214 0.403 1    
83:   0.483 0.037 0.480 1    
84:   0.473 0.065 0.463 1    
85:   0.194 0.615 0.191 1    
86:   0.197 0.607 0.196 1    
87:   0.294 0.402 0.303 1    
88:   0.465 0.051 0.484 1    
89:   0.468 0.063 0.469 1    
90:   0.445 0.081 0.473 1    
91:   0.410 0.160 0.430 1    
92:   0.298 0.413 0.289 1    
93:   0.476 0.050 0.474 1    
94:   0.210 0.582 0.209 1    
95:   0.461 0.059 0.480 1    
96:   0.431 0.088 0.481 1    
97:   0.359 0.282 0.359 1    
98:   0.325 0.334 0.341 1    
99:   0.420 0.198 0.382 1    
100:  0.122 0.761 0.117 1    
101:  0.425 0.176 0.399 1    
102:  0.456 0.064 0.480 1    
103:  0.460 0.089 0.452 1    
104:  0.478 0.061 0.462 1    
105:  0.385 0.271 0.344 1    
106:  0.320 0.398 0.283 1    
107:  0.106 0.789 0.105 1    
108:  0.452 0.059 0.489 1    
109:  0.235 0.530 0.235 1    
110:  0.487 0.053 0.460 1    
111:  0.491 0.075 0.434 1    
112:  0.454 0.078 0.469 1    
113:  0.449 0.079 0.471 1    
114:  0.212 0.596 0.192 1    
115:  0.488 0.095 0.417 1    
116:  0.457 0.058 0.486 1    
117:  0.441 0.106 0.453 1    
118:  0.406 0.231 0.364 1    
119:  0.449 0.143 0.409 1    
120:  0.455 0.026 0.519 1    
121:  0.439 0.170 0.391 1    
122:  0.478 0.080 0.442 1    
123:  0.454 0.108 0.438 1    
124:  0.303 0.419 0.279 1    
125:  0.440 0.097 0.463 1    
126:  0.307 0.391 0.302 1    
127:  0.329 0.318 0.353 1    
128:  0.476 0.048 0.476 1    
129:  0.481 0.055 0.464 1    
130:  0.455 0.053 0.492 1    
131:  0.483 0.082 0.435 1    
132:  0.327 0.340 0.333 1    
133:  0.385 0.249 0.366 1    
134:  0.441 0.129 0.429 1    
135:  0.437 0.085 0.477 1    
136:  0.448 0.110 0.442 1    
137:  0.423 0.154 0.423 1    
138:  0.396 0.197 0.407 1    
139:  0.452 0.100 0.447 1    
140:  0.385 0.255 0.360 1    
141:  0.322 0.346 0.332 1    
142:  0.413 0.191 0.396 1    
143:  0.502 0.029 0.469 1    
144:  0.495 0.047 0.457 1    
145:  0.260 0.482 0.259 1    
146:  0.421 0.167 0.413 1    
147:  0.416 0.172 0.412 1    
148:  0.482 0.054 0.464 1    
149:  0.420 0.151 0.430 1    
150:  0.430 0.071 0.499 1    
151:  0.290 0.403 0.307 1    
152:  0.432 0.102 0.466 1    
153:  0.135 0.740 0.125 1    
154:  0.452 0.117 0.431 1    
155:  0.398 0.206 0.396 1    
156:  0.449 0.056 0.496 1    
157:  0.484 0.028 0.488 1    
158:  0.368 0.241 0.391 1    
159:  0.445 0.114 0.441 1    
160:  0.473 0.043 0.484 1    
161:  0.449 0.033 0.518 1    
162:  0.391 0.197 0.411 1    
163:  0.504 0.042 0.454 1    
164:  0.475 0.088 0.437 1    
165:  0.482 0.053 0.465 1    
166:  0.479 0.042 0.479 1    
167:  0.483 0.050 0.468 1    
168:  0.495 0.049 0.457 1    
169:  0.457 0.040 0.503 1    
170:  0.427 0.093 0.480 1    
171:  0.470 0.042 0.489 1    
172:  0.480 0.056 0.464 1    
173:  0.507 0.050 0.443 1    
174:  0.453 0.062 0.485 1    
175:  0.481 0.042 0.478 1    
176:  0.464 0.051 0.485 1    
177:  0.434 0.113 0.453 1    
178:  0.457 0.117 0.427 1    
179:  0.442 0.128 0.430 1    
180:  0.455 0.056 0.489 1    
181:  0.398 0.218 0.384 1    
182:  0.263 0.462 0.275 1    
183:  0.445 0.077 0.478 1    
184:  0.413 0.130 0.458 1    
185:  0.458 0.057 0.484 1    
186:  0.401 0.224 0.375 1    
187:  0.512 0.028 0.461 1    
188:  0.422 0.108 0.470 1    
189:  0.389 0.221 0.389 1    
190:  0.386 0.205 0.409 1    
191:  0.472 0.057 0.471 1    
192:  0.442 0.104 0.454 1    
193:  0.384 0.217 0.399 1    
194:  0.193 0.632 0.175 1    
195:  0.450 0.129 0.421 1    
196:  0.416 0.125 0.459 1    
197:  0.296 0.376 0.328 1    
198:  0.426 0.138 0.435 1    
199:  0.359 0.242 0.399 1    
200:  0.269 0.435 0.296 1    
201:  0.466 0.062 0.472 1    
202:  0.381 0.216 0.403 1    
203:  0.439 0.086 0.475 1    
204:  0.331 0.376 0.293 1    
205:  0.374 0.235 0.391 1    
206:  0.455 0.080 0.465 1    
207:  0.412 0.144 0.444 1    
208:  0.492 0.034 0.474 1    
209:  0.258 0.465 0.277 1    
210:  0.361 0.246 0.393 1    
211:  0.478 0.081 0.441 1    
212:  0.442 0.076 0.481 1    
213:  0.120 0.763 0.117 1    
214:  0.442 0.073 0.485 1    
215:  0.395 0.216 0.389 1    
216:  0.387 0.233 0.379 1    
217:  0.334 0.351 0.314 1    
218:  0.303 0.392 0.305 1    
219:  0.235 0.509 0.256 1    
220:  0.443 0.062 0.495 1    
221:  0.380 0.234 0.387 1    
222:  0.437 0.071 0.492 1    
223:  0.414 0.216 0.369 1    
224:  0.454 0.075 0.471 1    
225:  0.236 0.528 0.236 1    
226:  0.469 0.116 0.415 1    
              
              
1:    0.536 0.365 0.099 1    
2:    0.068 0.055 0.877 1    
3:    0.198 0.200 0.601 1    
4:    0.035 0.035 0.930 1    
5:    0.054 0.033 0.913 1    
6:    0.044 0.037 0.919 1    
7:    0.044 0.039 0.917 1    
8:    0.055 0.049 0.897 1    
9:    0.028 0.029 0.943 1    
10:   0.364 0.386 0.250 1    
11:   0.028 0.025 0.948 1    
12:   0.073 0.069 0.859 1    
13:   0.026 0.026 0.948 1    
14:   0.273 0.296 0.431 1    
15:   0.053 0.061 0.886 1    
16:   0.270 0.291 0.439 1    
17:   0.051 0.054 0.895 1    
18:   0.096 0.113 0.791 1    
19:   0.126 0.111 0.763 1    
20:   0.059 0.055 0.886 1    
21:   0.065 0.050 0.886 1    
22:   0.332 0.334 0.334 1    
23:   0.066 0.044 0.890 1    
24:   0.055 0.046 0.899 1    
25:   0.226 0.163 0.610 1    
26:   0.090 0.083 0.827 1    
27:   0.117 0.095 0.788 1    
28:   0.347 0.341 0.312 1    
29:   0.074 0.060 0.866 1    
30:   0.042 0.031 0.927 1    
31:   0.024 0.024 0.952 1    
32:   0.092 0.077 0.831 1    
33:   0.102 0.094 0.804 1    
34:   0.062 0.055 0.883 1    
35:   0.194 0.178 0.628 1    
36:   0.217 0.196 0.587 1    
37:   0.330 0.314 0.357 1    
38:   0.434 0.441 0.124 1    
39:   0.032 0.032 0.935 1    
40:   0.049 0.039 0.912 1    
41:   0.154 0.166 0.681 1    
42:   0.053 0.045 0.901 1    
43:   0.237 0.162 0.601 1    
44:   0.101 0.095 0.804 1    
45:   0.077 0.050 0.873 1    
46:   0.226 0.208 0.565 1    
47:   0.305 0.256 0.439 1    
48:   0.113 0.074 0.813 1    
49:   0.394 0.395 0.211 1    
50:   0.409 0.337 0.254 1    
51:   0.437 0.464 0.099 1    
52:   0.479 0.458 0.063 1    
53:   0.441 0.459 0.100 1    
54:   0.408 0.541 0.051 1    
55:   0.400 0.398 0.202 1    
56:   0.466 0.517 0.017 1    
57:   0.452 0.481 0.067 1    
58:   0.438 0.364 0.198 1    
59:   0.358 0.467 0.175 1    
60:   0.425 0.529 0.046 1    
61:   0.478 0.447 0.076 1    
62:   0.365 0.372 0.263 1    
63:   0.421 0.329 0.249 1    
64:   0.447 0.485 0.068 1    
65:   0.528 0.419 0.053 1    
66:   0.324 0.345 0.330 1    
67:   0.459 0.469 0.072 1    
68:   0.441 0.532 0.027 1    
69:   0.471 0.483 0.046 1    
70:   0.476 0.501 0.023 1    
71:   0.334 0.377 0.289 1    
72:   0.440 0.531 0.029 1    
73:   0.538 0.429 0.034 1    
74:   0.409 0.534 0.057 1    
75:   0.439 0.495 0.067 1    
76:   0.481 0.493 0.026 1    
77:   0.453 0.486 0.061 1    
78:   0.475 0.480 0.045 1    
79:   0.489 0.470 0.041 1    
80:   0.446 0.434 0.119 1    
81:   0.492 0.450 0.058 1    
82:   0.394 0.384 0.222 1    
83:   0.478 0.488 0.034 1    
84:   0.517 0.423 0.060 1    
85:   0.202 0.182 0.616 1    
86:   0.200 0.194 0.605 1    
87:   0.276 0.294 0.430 1    
88:   0.452 0.499 0.049 1    
89:   0.420 0.517 0.063 1    
90:   0.467 0.450 0.084 1    
91:   0.399 0.461 0.140 1    
92:   0.321 0.257 0.422 1    
93:   0.444 0.509 0.047 1    
94:   0.201 0.199 0.599 1    
95:   0.475 0.468 0.057 1    
96:   0.395 0.515 0.091 1    
97:   0.318 0.390 0.292 1    
98:   0.294 0.354 0.353 1    
99:   0.392 0.423 0.185 1    
100:  0.111 0.111 0.778 1    
101:  0.424 0.409 0.167 1    
102:  0.459 0.478 0.063 1    
103:  0.432 0.482 0.086 1    
104:  0.506 0.442 0.053 1    
105:  0.429 0.321 0.250 1    
106:  0.337 0.288 0.375 1    
107:  0.094 0.101 0.805 1    
108:  0.437 0.505 0.058 1    
109:  0.223 0.245 0.532 1    
110:  0.435 0.519 0.046 1    
111:  0.487 0.447 0.066 1    
112:  0.476 0.451 0.072 1    
113:  0.414 0.507 0.079 1    
114:  0.199 0.202 0.599 1    
115:  0.489 0.425 0.086 1    
116:  0.468 0.481 0.051 1    
117:  0.433 0.464 0.104 1    
118:  0.388 0.397 0.215 1    
119:  0.420 0.445 0.135 1    
120:  0.428 0.548 0.024 1    
121:  0.471 0.379 0.150 1    
122:  0.522 0.420 0.058 1    
123:  0.489 0.406 0.105 1    
124:  0.316 0.270 0.414 1    
125:  0.393 0.508 0.100 1    
126:  0.309 0.281 0.410 1    
127:  0.293 0.366 0.340 1    
128:  0.441 0.515 0.044 1    
129:  0.503 0.446 0.051 1    
130:  0.434 0.512 0.054 1    
131:  0.534 0.413 0.053 1    
132:  0.331 0.332 0.336 1    
133:  0.402 0.349 0.249 1    
134:  0.461 0.427 0.112 1    
135:  0.420 0.499 0.081 1    
136:  0.442 0.447 0.111 1    
137:  0.420 0.430 0.149 1    
138:  0.426 0.378 0.196 1    
139:  0.474 0.428 0.098 1    
140:  0.400 0.356 0.244 1    
141:  0.313 0.325 0.362 1    
142:  0.443 0.400 0.157 1    
143:  0.507 0.470 0.024 1    
144:  0.504 0.456 0.040 1    
145:  0.245 0.244 0.511 1    
146:  0.437 0.399 0.164 1    
147:  0.409 0.424 0.167 1    
148:  0.497 0.457 0.046 1    
149:  0.393 0.458 0.149 1    
150:  0.413 0.521 0.067 1    
151:  0.275 0.293 0.432 1    
152:  0.406 0.498 0.096 1    
153:  0.129 0.123 0.749 1    
154:  0.452 0.442 0.106 1    
155:  0.408 0.390 0.202 1    
156:  0.465 0.480 0.055 1    
157:  0.462 0.511 0.026 1    
158:  0.373 0.370 0.256 1    
159:  0.454 0.430 0.117 1    
160:  0.456 0.505 0.040 1    
161:  0.421 0.548 0.030 1    
162:  0.383 0.422 0.195 1    
163:  0.503 0.460 0.037 1    
164:  0.454 0.463 0.083 1    
165:  0.491 0.462 0.047 1    
166:  0.491 0.472 0.037 1    
167:  0.452 0.501 0.047 1    
168:  0.462 0.491 0.047 1    
169:  0.435 0.522 0.043 1    
170:  0.400 0.506 0.094 1    
171:  0.449 0.513 0.039 1    
172:  0.447 0.502 0.052 1    
173:  0.481 0.472 0.048 1    
174:  0.504 0.432 0.063 1    
175:  0.484 0.479 0.037 1    
176:  0.438 0.514 0.047 1    
177:  0.397 0.485 0.118 1    
178:  0.447 0.449 0.104 1    
179:  0.455 0.411 0.134 1    
180:  0.455 0.490 0.055 1    
181:  0.379 0.412 0.209 1    
182:  0.274 0.258 0.469 1    
183:  0.437 0.488 0.075 1    
184:  0.407 0.458 0.135 1    
185:  0.466 0.482 0.051 1    
186:  0.390 0.381 0.229 1    
187:  0.512 0.462 0.026 1    
188:  0.423 0.473 0.104 1    
189:  0.367 0.392 0.242 1    
190:  0.372 0.421 0.207 1    
191:  0.465 0.482 0.052 1    
192:  0.406 0.492 0.102 1    
193:  0.382 0.396 0.223 1    
194:  0.177 0.190 0.633 1    
195:  0.496 0.399 0.104 1    
196:  0.403 0.482 0.114 1    
197:  0.284 0.342 0.373 1    
198:  0.416 0.452 0.132 1    
199:  0.325 0.431 0.244 1    
200:  0.261 0.299 0.440 1    
201:  0.447 0.501 0.052 1    
202:  0.375 0.389 0.236 1    
203:  0.455 0.459 0.087 1    
204:  0.358 0.300 0.342 1    
205:  0.376 0.394 0.230 1    
206:  0.457 0.466 0.077 1    
207:  0.391 0.458 0.151 1    
208:  0.518 0.452 0.030 1    
209:  0.215 0.274 0.511 1    
210:  0.375 0.394 0.231 1    
211:  0.504 0.429 0.067 1    
212:  0.457 0.467 0.076 1    
213:  0.122 0.114 0.764 1    
214:  0.415 0.507 0.078 1    
215:  0.389 0.393 0.219 1    
216:  0.384 0.391 0.225 1    
217:  0.350 0.322 0.328 1    
218:  0.284 0.306 0.410 1    
219:  0.228 0.255 0.518 1    
220:  0.428 0.511 0.061 1    
221:  0.390 0.376 0.234 1    
222:  0.434 0.500 0.066 1    
223:  0.437 0.370 0.193 1    
224:  0.447 0.478 0.075 1    
225:  0.234 0.240 0.526 1    
226:  0.502 0.399 0.100 1    
