  1:   0.0420  0.8801  0.0370  0.0410  1
  2:   0.0210  0.9169  0.0330  0.0290  1
  3:   0.0200  0.9401  0.0200  0.0200  1
  4:   0.0190  0.9260  0.0300  0.0250  1
  5:   0.0150  0.9540  0.0150  0.0160  1
  6:   0.0160  0.9530  0.0150  0.0160  1
  7:   0.0240  0.9050  0.0380  0.0330  1
  8:   0.0170  0.9450  0.0200  0.0180  1
  9:   0.0190  0.9460  0.0170  0.0180  1
 10:   0.0130  0.9580  0.0150  0.0140  1
 11:   0.0190  0.9390  0.0210  0.0210  1
 12:   0.1880  0.3380  0.2300  0.2440  1
 13:   0.0450  0.8620  0.0470  0.0460  1
 14:   0.1419  0.5365  0.1578  0.1638  1
 15:   0.1359  0.6873  0.0839  0.0929  1
 16:   0.3760  0.0110  0.3020  0.3110  1
 17:   0.3030  0.0090  0.3690  0.3190  1
 18:   0.2620  0.0120  0.4070  0.3190  1
 19:   0.2358  0.0390  0.3916  0.3337  1
 20:   0.3160  0.0110  0.3260  0.3470  1
 21:   0.1940  0.0130  0.4130  0.3800  1
 22:   0.2268  0.2158  0.2717  0.2857  1
 23:   0.3270  0.0600  0.2990  0.3140  1
 24:   0.2820  0.0280  0.3200  0.3700  1
 25:   0.3103  0.0240  0.3544  0.3113  1
 26:   0.2597  0.0619  0.3576  0.3207  1
 27:   0.3210  0.0160  0.3180  0.3450  1
 28:   0.3010  0.0090  0.3700  0.3200  1
 29:   0.3740  0.0120  0.3090  0.3050  1
 30:   0.2360  0.0200  0.3870  0.3570  1
 31:   0.1499  0.5744  0.1369  0.1389  1
 32:   0.2398  0.0130  0.3766  0.3706  1
 33:   0.2620  0.0140  0.3690  0.3550  1
 34:   0.1339  0.5744  0.1489  0.1429  1
 35:   0.3640  0.0530  0.2680  0.3150  1
 36:   0.3407  0.0430  0.3217  0.2947  1
 37:   0.2750  0.0780  0.3160  0.3310  1
 38:   0.3360  0.0160  0.3140  0.3340  1
 39:   0.2860  0.0130  0.3700  0.3310  1
 40:   0.2472  0.0110  0.4074  0.3343  1
 41:   0.3143  0.0180  0.3413  0.3263  1
 42:   0.2400  0.0240  0.4060  0.3300  1
 43:   0.2940  0.0310  0.3240  0.3510  1
 44:   0.3260  0.0090  0.3640  0.3010  1
 45:   0.2930  0.0180  0.3530  0.3360  1
 46:   0.3030  0.0270  0.3680  0.3020  1
 47:   0.3974  0.0290  0.2703  0.3033  1
 48:   0.2150  0.0410  0.4120  0.3320  1
 49:   0.2840  0.0500  0.3340  0.3320  1
 50:   0.3500  0.0690  0.2950  0.2860  1
 51:   0.3140  0.0420  0.3190  0.3250  1
 52:   0.2883  0.0581  0.3293  0.3243  1
 53:   0.1950  0.0240  0.3990  0.3820  1
 54:   0.3260  0.0110  0.3310  0.3320  1
 55:   0.2503  0.0090  0.3834  0.3574  1
 56:   0.4384  0.0220  0.2432  0.2963  1
 57:   0.2480  0.0870  0.3470  0.3180  1
 58:   0.2560  0.0230  0.3940  0.3270  1
 59:   0.3730  0.0130  0.2890  0.3250  1
 60:   0.2370  0.0350  0.3710  0.3570  1
 61:   0.3390  0.0070  0.3030  0.3510  1
 62:   0.3323  0.0180  0.3363  0.3133  1
 63:   0.3433  0.0330  0.3193  0.3043  1
 64:   0.2870  0.0240  0.3590  0.3300  1
 65:   0.5120  0.0110  0.2040  0.2730  1
 66:   0.4530  0.0120  0.2440  0.2910  1
 67:   0.2530  0.0150  0.4040  0.3280  1
 68:   0.3467  0.0509  0.2897  0.3127  1
 69:   0.3740  0.0100  0.2810  0.3350  1
 70:   0.3150  0.0170  0.3220  0.3460  1
 71:   0.3810  0.0150  0.2980  0.3060  1
 72:   0.3780  0.0060  0.3260  0.2900  1
 73:   0.3240  0.0530  0.3160  0.3070  1
 74:   0.3574  0.0080  0.3243  0.3103  1
 75:   0.2623  0.0200  0.3724  0.3453  1
 76:   0.3740  0.0970  0.2560  0.2730  1
 77:   0.2490  0.1320  0.3400  0.2790  1
 78:   0.4340  0.0180  0.2510  0.2970  1
 79:   0.3040  0.0090  0.3100  0.3770  1
 80:   0.3400  0.0190  0.3060  0.3350  1
 81:   0.3130  0.0190  0.3010  0.3670  1
 82:   0.3177  0.0080  0.3197  0.3546  1
 83:   0.3190  0.0190  0.3060  0.3560  1
 84:   0.2837  0.0200  0.3307  0.3656  1
 85:   0.3554  0.0170  0.3153  0.3123  1
 86:   0.2577  0.0250  0.3966  0.3207  1
 87:   0.4580  0.0090  0.2460  0.2870  1
 88:   0.3233  0.0270  0.3313  0.3183  1
 89:   0.3127  0.0110  0.3247  0.3516  1
 90:   0.3150  0.0120  0.3120  0.3610  1
 91:   0.3850  0.0110  0.3040  0.3000  1
 92:   0.3864  0.0090  0.2763  0.3283  1
 93:   0.2583  0.0230  0.3994  0.3193  1
 94:   0.3020  0.0070  0.3240  0.3670  1
 95:   0.3337  0.0170  0.3147  0.3347  1
 96:   0.2162  0.2462  0.2753  0.2623  1
 97:   0.4150  0.0120  0.2490  0.3240  1
 98:   0.3110  0.0210  0.3230  0.3450  1
 99:   0.3370  0.0210  0.3240  0.3180  1
100:   0.2650  0.0260  0.3630  0.3460  1
101:   0.3440  0.0280  0.3000  0.3280  1
102:   0.2643  0.0120  0.3774  0.3463  1
103:   0.3710  0.0520  0.2520  0.3250  1
104:   0.4620  0.0100  0.2270  0.3010  1
105:   0.4850  0.0220  0.2450  0.2480  1
106:   0.4885  0.0220  0.2442  0.2452  1
107:   0.2593  0.1161  0.3113  0.3133  1
108:   0.3080  0.0070  0.3050  0.3800  1
109:   0.2510  0.0350  0.3590  0.3550  1
110:   0.4056  0.0100  0.2488  0.3357  1
111:   0.2653  0.0210  0.3934  0.3203  1
112:   0.2773  0.0150  0.3604  0.3473  1
113:   0.4220  0.0060  0.2800  0.2920  1
114:   0.2507  0.0899  0.3327  0.3267  1
115:   0.4740  0.0100  0.2400  0.2760  1
116:   0.3110  0.0310  0.3200  0.3380  1
117:   0.3720  0.0140  0.2880  0.3260  1
118:   0.2710  0.0190  0.3560  0.3540  1
119:   0.2432  0.0180  0.3974  0.3413  1
120:   0.2262  0.2843  0.2503  0.2392  1
121:   0.2523  0.0871  0.3383  0.3223  1
122:   0.3990  0.0060  0.2910  0.3040  1
123:   0.3310  0.0130  0.3090  0.3470  1
124:   0.2920  0.0210  0.3260  0.3610  1
125:   0.4900  0.0070  0.2500  0.2530  1
126:   0.3904  0.0070  0.2783  0.3243  1
127:   0.2790  0.0350  0.3740  0.3120  1
128:   0.3670  0.0250  0.2980  0.3100  1
129:   0.4190  0.0200  0.2720  0.2890  1
130:   0.2610  0.0160  0.3530  0.3700  1
131:   0.2960  0.0120  0.3850  0.3070  1
132:   0.2830  0.1180  0.2890  0.3100  1
133:   0.3890  0.0070  0.2770  0.3270  1
134:   0.3160  0.0080  0.3520  0.3240  1
135:   0.2260  0.0070  0.3850  0.3820  1
136:   0.4930  0.0060  0.2270  0.2740  1
137:   0.2533  0.0320  0.3874  0.3273  1
138:   0.2510  0.0400  0.3750  0.3340  1
139:   0.4555  0.0170  0.2442  0.2833  1
140:   0.2158  0.0919  0.3616  0.3307  1
141:   0.3320  0.0080  0.3390  0.3210  1
142:   0.2707  0.0160  0.3796  0.3337  1
143:   0.0970  0.6380  0.1360  0.1290  1
144:   0.4420  0.0130  0.2930  0.2520  1
145:   0.3030  0.0620  0.3220  0.3130  1
146:   0.2040  0.0060  0.3900  0.4000  1
147:   0.1960  0.3620  0.2230  0.2190  1
148:   0.2607  0.0210  0.3716  0.3467  1
149:   0.3370  0.0310  0.3110  0.3210  1
150:   0.3440  0.0280  0.3190  0.3090  1
151:   0.2248  0.0220  0.3966  0.3566  1
152:   0.3040  0.0130  0.3280  0.3550  1
153:   0.3490  0.0190  0.3410  0.2910  1
154:   0.2248  0.0070  0.3866  0.3816  1
155:   0.2880  0.0310  0.3460  0.3350  1
156:   0.2980  0.0150  0.3700  0.3170  1
157:   0.3083  0.0400  0.3443  0.3073  1
158:   0.4190  0.0110  0.2730  0.2970  1
159:   0.2753  0.0150  0.3483  0.3614  1
160:   0.4570  0.0090  0.2350  0.2990  1
161:   0.2900  0.0570  0.3470  0.3060  1
162:   0.3090  0.0210  0.3630  0.3070  1
163:   0.3120  0.0150  0.3460  0.3270  1
164:   0.4690  0.0070  0.2510  0.2730  1
165:   0.3864  0.0521  0.2633  0.2983  1
166:   0.2182  0.0260  0.3864  0.3694  1
167:   0.3480  0.0100  0.3120  0.3300  1
168:   0.3137  0.0230  0.3117  0.3516  1
169:   0.3690  0.0670  0.2540  0.3100  1
170:   0.3460  0.0260  0.3250  0.3030  1
171:   0.2790  0.0100  0.3910  0.3200  1
172:   0.3200  0.0170  0.3390  0.3240  1
173:   0.3267  0.1029  0.2757  0.2947  1
174:   0.3027  0.0330  0.3187  0.3457  1
175:   0.3367  0.0230  0.2977  0.3427  1
176:   0.4140  0.0260  0.2530  0.3070  1
177:   0.3050  0.0230  0.3400  0.3320  1
178:   0.3540  0.0540  0.3030  0.2890  1
179:   0.2210  0.0100  0.4250  0.3440  1
180:   0.3050  0.0190  0.3610  0.3150  1
181:   0.3323  0.2352  0.1962  0.2362  1
182:   0.2920  0.0340  0.3520  0.3220  1
183:   0.4020  0.0220  0.2700  0.3060  1
184:   0.2230  0.0450  0.3740  0.3580  1
185:   0.4336  0.0310  0.2647  0.2707  1
186:   0.3900  0.0190  0.2670  0.3240  1
187:   0.3450  0.0210  0.3240  0.3100  1
188:   0.2890  0.0320  0.3390  0.3400  1
189:   0.2520  0.0260  0.3720  0.3500  1
190:   0.2850  0.0180  0.3770  0.3200  1
191:   0.2990  0.0410  0.3540  0.3060  1
192:   0.2660  0.0170  0.3670  0.3500  1
193:   0.2797  0.1039  0.2987  0.3177  1
194:   0.2520  0.0320  0.3740  0.3420  1
195:   0.3350  0.0500  0.2870  0.3280  1
196:   0.2787  0.1718  0.2707  0.2787  1
197:   0.2853  0.0070  0.3253  0.3824  1
198:   0.2372  0.0110  0.3914  0.3604  1
199:   0.3050  0.0120  0.3500  0.3330  1
200:   0.2710  0.0170  0.3740  0.3380  1
201:   0.3950  0.0150  0.2840  0.3060  1
202:   0.2520  0.0950  0.3200  0.3330  1
203:   0.3310  0.0270  0.3260  0.3160  1
204:   0.3283  0.0250  0.3383  0.3083  1
205:   0.4426  0.0090  0.2328  0.3157  1
206:   0.3540  0.0150  0.3100  0.3210  1
207:   0.2890  0.0230  0.3530  0.3350  1
208:   0.2680  0.0710  0.3460  0.3150  1
209:   0.3187  0.0120  0.3187  0.3506  1
210:   0.4060  0.0090  0.2860  0.2990  1
211:   0.2470  0.0090  0.3680  0.3760  1
212:   0.3954  0.0200  0.2833  0.3013  1
213:   0.3040  0.0710  0.3060  0.3190  1
214:   0.3090  0.0120  0.3200  0.3590  1
215:   0.4040  0.0220  0.2770  0.2970  1
216:   0.2650  0.0370  0.3300  0.3680  1
217:   0.2660  0.0380  0.3690  0.3270  1
218:   0.3690  0.0260  0.3140  0.2910  1
219:   0.2780  0.0100  0.3850  0.3270  1
220:   0.3310  0.0300  0.3160  0.3230  1
221:   0.3920  0.0080  0.2620  0.3380  1
222:   0.4750  0.0070  0.2220  0.2960  1
223:   0.2800  0.0300  0.3570  0.3330  1
224:   0.2430  0.0090  0.3860  0.3620  1
225:   0.3110  0.0070  0.3410  0.3410  1
226:   0.4150  0.0130  0.2620  0.3100  1
227:   0.4190  0.0110  0.2680  0.3020  1
228:   0.4370  0.0410  0.2440  0.2780  1
229:   0.2318  0.0100  0.3716  0.3866  1
230:   0.3310  0.0190  0.3250  0.3250  1
231:   0.3183  0.0280  0.3243  0.3293  1
232:   0.5045  0.0090  0.2092  0.2773  1
233:   0.2607  0.0250  0.3586  0.3556  1
234:   0.2730  0.0110  0.3600  0.3560  1
235:   0.4386  0.0220  0.2408  0.2987  1
236:   0.2990  0.0760  0.3190  0.3060  1
237:   0.4030  0.0080  0.2690  0.3200  1
238:   0.2468  0.0250  0.3766  0.3516  1
239:   0.2840  0.1290  0.2890  0.2980  1
240:   0.3740  0.0070  0.2740  0.3450  1
241:   0.3606  0.0080  0.2767  0.3546  1
242:   0.2780  0.0260  0.3450  0.3510  1
243:   0.3340  0.0150  0.3010  0.3500  1
244:   0.2540  0.0470  0.3630  0.3360  1
245:   0.3357  0.0090  0.3207  0.3347  1
246:   0.2462  0.1672  0.2863  0.3003  1
247:   0.3453  0.0190  0.3003  0.3353  1
248:   0.2767  0.0460  0.3586  0.3187  1
249:   0.3210  0.0320  0.3090  0.3380  1
250:   0.3300  0.0150  0.3190  0.3360  1
251:   0.3110  0.0110  0.3300  0.3480  1
252:   0.1280  0.6320  0.1200  0.1200  1
253:   0.2190  0.0800  0.3530  0.3480  1
254:   0.3373  0.0080  0.3273  0.3273  1
255:   0.2990  0.0180  0.3490  0.3340  1
256:   0.3876  0.0110  0.2897  0.3117  1
257:   0.5060  0.0090  0.2110  0.2740  1
258:   0.2610  0.0180  0.3740  0.3470  1
259:   0.2260  0.0500  0.3790  0.3450  1
260:   0.3460  0.0110  0.3240  0.3190  1
261:   0.4350  0.0270  0.2590  0.2790  1
262:   0.4080  0.0490  0.2400  0.3030  1
263:   0.3830  0.0370  0.2570  0.3230  1
264:   0.3620  0.0200  0.3060  0.3120  1
265:   0.3107  0.0170  0.3287  0.3437  1
266:   0.2673  0.0130  0.4034  0.3163  1
267:   0.2600  0.0900  0.3430  0.3070  1
268:   0.3210  0.0140  0.3210  0.3440  1
269:   0.2382  0.0110  0.3874  0.3634  1
270:   0.3876  0.0070  0.2937  0.3117  1
271:   0.2633  0.0140  0.4074  0.3153  1
272:   0.2030  0.0290  0.3930  0.3750  1
273:   0.3100  0.0250  0.3030  0.3620  1
274:   0.3560  0.0430  0.2920  0.3090  1
275:   0.3556  0.0120  0.3107  0.3217  1
276:   0.4510  0.0160  0.2410  0.2920  1
277:   0.2290  0.0080  0.4120  0.3510  1
278:   0.1870  0.0100  0.4050  0.3980  1
279:   0.2350  0.0240  0.4340  0.3070  1
280:   0.4100  0.0110  0.2970  0.2820  1
281:   0.2430  0.0250  0.4240  0.3080  1
282:   0.3173  0.0200  0.3353  0.3273  1
283:   0.2680  0.0150  0.3730  0.3440  1
284:   0.2870  0.0100  0.3650  0.3380  1
285:   0.3190  0.0210  0.3440  0.3160  1
286:   0.3080  0.0230  0.3320  0.3370  1
287:   0.3800  0.0110  0.2720  0.3370  1
288:   0.2750  0.0210  0.3700  0.3340  1
289:   0.3107  0.0200  0.3257  0.3437  1
290:   0.1728  0.0270  0.4525  0.3477  1
291:   0.2753  0.0330  0.3744  0.3173  1
292:   0.3087  0.0090  0.3207  0.3616  1
293:   0.2960  0.0100  0.3080  0.3860  1
294:   0.2570  0.0270  0.3400  0.3760  1
295:   0.3140  0.0220  0.3430  0.3210  1
296:   0.4076  0.0320  0.2617  0.2987  1
297:   0.3170  0.1340  0.2700  0.2790  1
298:   0.4226  0.0200  0.2597  0.2977  1
299:   0.5160  0.0070  0.2040  0.2730  1
300:   0.2860  0.0370  0.3690  0.3080  1
301:   0.2683  0.0280  0.3504  0.3534  1
302:   0.5085  0.0160  0.2018  0.2737  1
303:   0.2840  0.0660  0.3210  0.3290  1
304:   0.2292  0.0160  0.3674  0.3874  1
305:   0.2162  0.0110  0.3924  0.3804  1
306:   0.4400  0.0140  0.2500  0.2960  1
307:   0.3200  0.0260  0.3050  0.3490  1
308:   0.2290  0.0190  0.3960  0.3560  1
309:   0.2072  0.0140  0.4144  0.3644  1
310:   0.3213  0.0150  0.3273  0.3363  1
311:   0.3580  0.0250  0.2950  0.3220  1
312:   0.2923  0.0210  0.3353  0.3514  1
313:   0.2468  0.0180  0.3956  0.3397  1
314:   0.4340  0.0100  0.2770  0.2790  1
315:   0.3020  0.0710  0.2910  0.3360  1
316:   0.3090  0.0640  0.3260  0.3010  1
317:   0.3153  0.0671  0.3163  0.3013  1
318:   0.4050  0.0130  0.3030  0.2790  1
319:   0.2540  0.0100  0.3590  0.3770  1
320:   0.3954  0.0080  0.2853  0.3113  1
321:   0.4016  0.0160  0.2807  0.3017  1
322:   0.2840  0.0310  0.3460  0.3390  1
323:   0.2490  0.0160  0.3560  0.3790  1
324:   0.2723  0.0150  0.3794  0.3333  1
325:   0.4740  0.0070  0.2130  0.3060  1
326:   0.2830  0.0090  0.3220  0.3860  1
327:   0.2723  0.0330  0.3554  0.3393  1
328:   0.2492  0.0941  0.3453  0.3113  1
329:   0.2490  0.0100  0.3600  0.3810  1
330:   0.3130  0.0360  0.3490  0.3020  1
331:   0.3590  0.0180  0.2980  0.3250  1
332:   0.2837  0.0250  0.3816  0.3097  1
333:   0.2977  0.0250  0.3477  0.3297  1
334:   0.2248  0.1698  0.3367  0.2687  1
335:   0.3320  0.0080  0.3560  0.3040  1
336:   0.3267  0.0130  0.3227  0.3377  1
337:   0.3580  0.0410  0.2850  0.3160  1
338:   0.3320  0.0400  0.2880  0.3400  1
339:   0.3080  0.1210  0.2900  0.2810  1
340:   0.4000  0.0190  0.2910  0.2900  1
341:   0.3580  0.0160  0.3340  0.2920  1
342:   0.1702  0.5125  0.1481  0.1692  1
343:   0.3814  0.0290  0.2863  0.3033  1
344:   0.3900  0.0230  0.3080  0.2790  1
345:   0.4160  0.0390  0.2270  0.3180  1
346:   0.2940  0.0220  0.3620  0.3220  1
347:   0.2950  0.0690  0.3150  0.3210  1
348:   0.4725  0.0060  0.2448  0.2767  1
349:   0.3000  0.1810  0.2580  0.2610  1
350:   0.3900  0.0200  0.2860  0.3040  1
351:   0.4150  0.0110  0.2900  0.2840  1
352:   0.3493  0.0070  0.3003  0.3433  1
353:   0.2780  0.0090  0.3840  0.3290  1
354:   0.3690  0.0140  0.3050  0.3120  1
355:   0.3303  0.0180  0.3033  0.3483  1
356:   0.2873  0.0541  0.3213  0.3373  1
357:   0.3200  0.0140  0.3240  0.3420  1
358:   0.4725  0.0090  0.2298  0.2887  1
359:   0.2250  0.2450  0.2790  0.2510  1
360:   0.3660  0.0190  0.3130  0.3020  1
361:   0.2857  0.1828  0.2438  0.2877  1
362:   0.2983  0.0340  0.3443  0.3233  1
363:   0.4420  0.0090  0.2580  0.2910  1
364:   0.3370  0.0570  0.3120  0.2940  1
365:   0.3070  0.1640  0.2620  0.2670  1
366:   0.3614  0.0270  0.2923  0.3193  1
367:   0.3090  0.0190  0.3210  0.3510  1
368:   0.2800  0.0140  0.3620  0.3440  1
369:   0.2980  0.0090  0.3530  0.3400  1
370:   0.2887  0.0110  0.3716  0.3287  1
371:   0.3240  0.0120  0.3600  0.3040  1
372:   0.2530  0.1110  0.3140  0.3220  1
373:   0.2560  0.0980  0.3310  0.3150  1
374:   0.2610  0.0790  0.3550  0.3050  1
375:   0.3020  0.0200  0.3390  0.3390  1
376:   0.4270  0.0100  0.2560  0.3070  1
377:   0.4645  0.0280  0.2288  0.2787  1
378:   0.3530  0.0220  0.2930  0.3320  1
379:   0.3610  0.0270  0.3030  0.3090  1
380:   0.2490  0.0110  0.4110  0.3290  1
381:   0.3660  0.0180  0.3030  0.3130  1
382:   0.2950  0.0130  0.3720  0.3200  1
383:   0.3243  0.0130  0.3253  0.3373  1
384:   0.4234  0.0150  0.2513  0.3103  1
385:   0.2680  0.0190  0.3590  0.3540  1
386:   0.4174  0.0220  0.2653  0.2953  1
387:   0.3730  0.0230  0.2880  0.3160  1
388:   0.3380  0.0700  0.3040  0.2880  1
389:   0.3180  0.0090  0.3360  0.3370  1
390:   0.4306  0.0110  0.2807  0.2777  1
391:   0.2090  0.0190  0.4430  0.3290  1
392:   0.3500  0.0260  0.2840  0.3400  1
393:   0.4074  0.0130  0.2613  0.3183  1
394:   0.4284  0.0290  0.2593  0.2833  1
395:   0.2830  0.1840  0.2680  0.2650  1
396:   0.3043  0.0070  0.3283  0.3604  1
397:   0.2970  0.0260  0.3590  0.3180  1
398:   0.2860  0.0240  0.3460  0.3440  1
399:   0.4845  0.0160  0.2078  0.2917  1
400:   0.4370  0.0340  0.2300  0.2990  1
401:   0.3660  0.0160  0.2840  0.3340  1
402:   0.2000  0.2340  0.3160  0.2500  1
403:   0.2820  0.0300  0.3660  0.3220  1
404:   0.0670  0.8160  0.0540  0.0630  1
405:   0.4070  0.0600  0.2660  0.2670  1
406:   0.2593  0.0991  0.3393  0.3023  1
407:   0.1260  0.6800  0.0910  0.1030  1
408:   0.3010  0.0170  0.3550  0.3270  1
409:   0.1440  0.2330  0.3530  0.2700  1
410:   0.4980  0.0140  0.2090  0.2790  1
411:   0.3710  0.0140  0.2980  0.3170  1
412:   0.2690  0.0370  0.3390  0.3550  1
413:   0.2520  0.1330  0.3020  0.3130  1
414:   0.2730  0.0330  0.3790  0.3150  1
415:   0.2028  0.0110  0.4266  0.3596  1
416:   0.4575  0.0090  0.2422  0.2913  1
417:   0.3646  0.0160  0.2877  0.3317  1
418:   0.3620  0.0130  0.2900  0.3350  1
419:   0.1950  0.0570  0.4210  0.3270  1
420:   0.3780  0.0600  0.2890  0.2730  1
421:   0.2913  0.0100  0.3293  0.3694  1
422:   0.4740  0.0110  0.2120  0.3030  1
423:   0.2587  0.0250  0.3746  0.3417  1
424:   0.4545  0.0080  0.2432  0.2943  1
425:   0.4785  0.0130  0.2418  0.2667  1
426:   0.2900  0.0420  0.3480  0.3200  1
427:   0.4424  0.0250  0.2513  0.2813  1
428:   0.2730  0.0400  0.3560  0.3310  1
429:   0.4810  0.0170  0.2220  0.2800  1
430:   0.2660  0.0120  0.3870  0.3350  1
431:   0.3107  0.0140  0.3197  0.3556  1
432:   0.1200  0.6890  0.0920  0.0990  1
433:   0.3350  0.0570  0.3160  0.2920  1
434:   0.3570  0.0250  0.2920  0.3260  1
435:   0.3920  0.0210  0.2720  0.3150  1
436:   0.4525  0.0230  0.2378  0.2867  1
437:   0.3720  0.0100  0.2920  0.3260  1
438:   0.4356  0.0140  0.2368  0.3137  1
439:   0.1140  0.6330  0.1290  0.1240  1
440:   0.3804  0.0681  0.2482  0.3033  1
441:   0.2362  0.0300  0.3824  0.3514  1
442:   0.1970  0.0180  0.4120  0.3730  1
443:   0.2318  0.0679  0.3886  0.3117  1
444:   0.3230  0.0410  0.3350  0.3010  1
445:   0.3670  0.1500  0.2570  0.2260  1
446:   0.2940  0.1490  0.2820  0.2750  1
447:   0.3320  0.0300  0.3310  0.3070  1
448:   0.3280  0.1520  0.2270  0.2930  1
449:   0.2258  0.1538  0.3197  0.3007  1
450:   0.2573  0.0951  0.3584  0.2893  1
451:   0.1852  0.0230  0.4344  0.3574  1
452:   0.4070  0.0660  0.2320  0.2950  1
453:   0.3864  0.1251  0.2182  0.2703  1
454:   0.1800  0.2390  0.3240  0.2570  1
455:   0.2510  0.1340  0.2930  0.3220  1
456:   0.2190  0.1960  0.2800  0.3050  1
457:   0.3200  0.1380  0.2700  0.2720  1
458:   0.2320  0.1030  0.3750  0.2900  1
459:   0.2830  0.0160  0.3420  0.3590  1
460:   0.1870  0.0150  0.4400  0.3580  1
461:   0.2760  0.1490  0.2890  0.2860  1
462:   0.0100  0.9700  0.0100  0.0100  1
463:   0.0110  0.9670  0.0110  0.0110  1
464:   0.0210  0.9380  0.0220  0.0190  1
465:   0.2240  0.2450  0.2640  0.2670  1
466:   0.0330  0.9090  0.0280  0.0300  1
467:   0.1420  0.5450  0.1600  0.1530  1
468:   0.1598  0.4545  0.2128  0.1728  1
469:   0.2138  0.3357  0.2128  0.2378  1
470:   0.0620  0.8090  0.0640  0.0650  1
471:   0.1500  0.4790  0.1890  0.1820  1
472:   0.2390  0.3550  0.1950  0.2110  1
473:   0.2292  0.3704  0.1902  0.2102  1
474:   0.0180  0.9471  0.0170  0.0180  1
475:   0.1140  0.6590  0.1150  0.1120  1
476:   0.0250  0.9230  0.0260  0.0260  1
477:   0.0210  0.9340  0.0230  0.0220  1
478:   0.2430  0.3840  0.1760  0.1970  1
479:   0.0170  0.9480  0.0180  0.0170  1
480:   0.0140  0.9550  0.0150  0.0160  1
481:   0.0180  0.9430  0.0210  0.0180  1
482:   0.0090  0.9720  0.0100  0.0090  1
483:   0.0210  0.9351  0.0240  0.0200  1
484:   0.2887  0.1339  0.2937  0.2837  1
485:   0.0490  0.8412  0.0549  0.0549  1
486:   0.0330  0.8890  0.0400  0.0380  1
487:   0.0100  0.9700  0.0100  0.0100  1
488:   0.0270  0.9230  0.0270  0.0230  1
489:   0.1121  0.6436  0.1251  0.1191  1
490:   0.2192  0.3744  0.2102  0.1962  1
491:   0.0170  0.9450  0.0200  0.0180  1
492:   0.0470  0.8600  0.0450  0.0480  1
493:   0.0130  0.9600  0.0140  0.0130  1
494:   0.0080  0.9740  0.0090  0.0090  1
495:   0.0080  0.9760  0.0080  0.0080  1
496:   0.0220  0.9280  0.0260  0.0240  1
497:   0.1990  0.0650  0.4260  0.3100  1
498:   0.1220  0.6100  0.1410  0.1270  1
499:   0.0150  0.9530  0.0170  0.0150  1
500:   0.0849  0.6474  0.1399  0.1279  1
501:   0.0110  0.9690  0.0100  0.0100  1
502:   0.0130  0.9590  0.0140  0.0140  1
503:   0.0100  0.9720  0.0090  0.0090  1
504:   0.0160  0.9540  0.0150  0.0150  1
505:   0.0691  0.7948  0.0671  0.0691  1
506:   0.0501  0.8398  0.0521  0.0581  1
507:   0.0180  0.9441  0.0190  0.0190  1
508:   0.1241  0.6587  0.1081  0.1091  1
509:   0.0080  0.9760  0.0080  0.0080  1
510:   0.0140  0.9550  0.0150  0.0160  1
511:   0.0100  0.9670  0.0120  0.0110  1
512:   0.0180  0.9390  0.0210  0.0220  1
513:   0.2480  0.0740  0.3730  0.3050  1
514:   0.0100  0.9680  0.0110  0.0110  1
515:   0.0620  0.8310  0.0510  0.0560  1
516:   0.1450  0.5280  0.1740  0.1530  1
517:   0.0140  0.9550  0.0150  0.0160  1
518:   0.0090  0.9720  0.0100  0.0090  1
519:   0.0150  0.9520  0.0150  0.0180  1
520:   0.0260  0.9210  0.0260  0.0270  1
521:   0.0100  0.9680  0.0110  0.0110  1
522:   0.0090  0.9730  0.0090  0.0090  1
523:   0.1020  0.7260  0.0800  0.0920  1
524:   0.0220  0.9300  0.0260  0.0220  1
525:   0.0220  0.9370  0.0210  0.0200  1
526:   0.0210  0.9359  0.0220  0.0210  1
527:   0.0290  0.9249  0.0210  0.0250  1
528:   0.0240  0.9320  0.0220  0.0220  1
529:   0.0930  0.7500  0.0760  0.0810  1
530:   0.0090  0.9710  0.0100  0.0100  1
531:   0.0230  0.9290  0.0230  0.0250  1
532:   0.0160  0.9520  0.0170  0.0150  1
533:   0.0130  0.9610  0.0130  0.0130  1
534:   0.0210  0.9330  0.0240  0.0220  1
535:   0.0120  0.9600  0.0140  0.0140  1
536:   0.0070  0.9790  0.0070  0.0070  1
537:   0.0090  0.9720  0.0100  0.0090  1
538:   0.0080  0.9760  0.0080  0.0080  1
539:   0.0070  0.9800  0.0070  0.0060  1
540:   0.0210  0.9300  0.0270  0.0220  1
541:   0.2290  0.2410  0.2700  0.2600  1
542:   0.0110  0.9680  0.0110  0.0100  1
543:   0.0290  0.9071  0.0340  0.0300  1
544:   0.0170  0.9490  0.0170  0.0170  1
545:   0.0070  0.9780  0.0080  0.0070  1
546:   0.0920  0.6810  0.1210  0.1060  1
547:   0.0330  0.8840  0.0460  0.0370  1
548:   0.0150  0.9570  0.0140  0.0140  1
549:   0.0140  0.9560  0.0150  0.0150  1
550:   0.0090  0.9730  0.0090  0.0090  1
551:   0.2580  0.1660  0.2940  0.2820  1
552:   0.0130  0.9540  0.0170  0.0160  1
553:   0.1310  0.5340  0.1790  0.1560  1
554:   0.0539  0.8322  0.0579  0.0559  1
555:   0.0090  0.9720  0.0100  0.0090  1
556:   0.0260  0.9250  0.0240  0.0250  1
557:   0.0080  0.9760  0.0080  0.0080  1
558:   0.0390  0.8840  0.0370  0.0400  1
559:   0.1261  0.5996  0.1481  0.1261  1
560:   0.0320  0.9090  0.0290  0.0300  1
561:   0.0440  0.8789  0.0360  0.0410  1
562:   0.0070  0.9790  0.0070  0.0070  1
563:   0.0120  0.9630  0.0130  0.0120  1
564:   0.0120  0.9630  0.0120  0.0130  1
565:   0.0290  0.9030  0.0330  0.0350  1
566:   0.1732  0.4865  0.1652  0.1752  1
567:   0.0140  0.9560  0.0150  0.0150  1
568:   0.0400  0.8790  0.0410  0.0400  1
569:   0.0130  0.9590  0.0140  0.0140  1
570:   0.1200  0.4180  0.2540  0.2080  1
571:   0.2060  0.4610  0.1480  0.1850  1
572:   0.0240  0.9291  0.0230  0.0240  1
573:   0.3230  0.0120  0.3120  0.3530  1
574:   0.2830  0.1520  0.2630  0.3020  1
575:   0.2840  0.0800  0.3170  0.3190  1
576:   0.3940  0.0300  0.2900  0.2860  1
577:   0.4680  0.0200  0.1990  0.3130  1
578:   0.1998  0.3047  0.2547  0.2408  1
579:   0.0300  0.9220  0.0230  0.0250  1
580:   0.1070  0.6620  0.1220  0.1090  1
581:   0.0110  0.9660  0.0120  0.0110  1
582:   0.1980  0.0340  0.4370  0.3310  1
583:   0.0140  0.9570  0.0140  0.0150  1
584:   0.1020  0.6710  0.1190  0.1080  1
585:   0.1300  0.5910  0.1400  0.1390  1
586:   0.0130  0.9610  0.0130  0.0130  1
587:   0.0170  0.9490  0.0160  0.0180  1
588:   0.0100  0.9660  0.0130  0.0110  1
589:   0.0500  0.8380  0.0580  0.0540  1
590:   0.0120  0.9600  0.0140  0.0140  1
591:   0.0140  0.9590  0.0130  0.0140  1
592:   0.0370  0.8859  0.0360  0.0410  1
593:   0.0120  0.9650  0.0120  0.0110  1
594:   0.2058  0.4985  0.1309  0.1648  1
595:   0.0420  0.8730  0.0410  0.0440  1
596:   0.0070  0.9790  0.0070  0.0070  1
597:   0.0130  0.9620  0.0120  0.0130  1
598:   0.1040  0.6990  0.0980  0.0990  1
599:   0.0090  0.9730  0.0090  0.0090  1
600:   0.0120  0.9620  0.0130  0.0130  1
601:   0.0080  0.9730  0.0100  0.0090  1
602:   0.0480  0.8640  0.0410  0.0470  1
603:   0.0280  0.9150  0.0250  0.0320  1
604:   0.1040  0.6810  0.1000  0.1150  1
605:   0.0220  0.9320  0.0230  0.0230  1
606:   0.0290  0.9090  0.0300  0.0320  1
607:   0.0070  0.9790  0.0070  0.0070  1
608:   0.0999  0.7063  0.0899  0.1039  1
609:   0.0230  0.9300  0.0240  0.0230  1
610:   0.0190  0.9450  0.0180  0.0180  1
611:   0.0710  0.7960  0.0660  0.0670  1
612:   0.2920  0.0770  0.3010  0.3300  1
613:   0.0090  0.9710  0.0100  0.0100  1
614:   0.0090  0.9730  0.0090  0.0090  1
615:   0.0100  0.9690  0.0100  0.0110  1
616:   0.0320  0.8949  0.0390  0.0340  1
617:   0.0140  0.9530  0.0180  0.0150  1
618:   0.0440  0.8691  0.0420  0.0450  1
619:   0.0120  0.9620  0.0130  0.0130  1
620:   0.0180  0.9439  0.0190  0.0190  1
621:   0.3007  0.0909  0.2797  0.3287  1
622:   0.0120  0.9610  0.0130  0.0140  1
623:   0.0210  0.9320  0.0230  0.0240  1

  1:   0.0390  0.8790  0.0350  0.0470  1
  2:   0.0290  0.9130  0.0350  0.0230  1
  3:   0.0200  0.9380  0.0190  0.0230  1
  4:   0.0220  0.9240  0.0270  0.0270  1
  5:   0.0160  0.9520  0.0160  0.0160  1
  6:   0.0180  0.9500  0.0150  0.0170  1
  7:   0.0280  0.9021  0.0370  0.0330  1
  8:   0.0180  0.9470  0.0180  0.0170  1
  9:   0.0180  0.9471  0.0160  0.0190  1
 10:   0.0130  0.9600  0.0150  0.0120  1
 11:   0.0200  0.9380  0.0200  0.0220  1
 12:   0.2060  0.3120  0.1530  0.3290  1
 13:   0.0420  0.8621  0.0420  0.0539  1
 14:   0.1350  0.5460  0.1370  0.1820  1
 15:   0.1180  0.6870  0.0920  0.1030  1
 16:   0.3403  0.0100  0.2853  0.3644  1
 17:   0.3330  0.0090  0.4960  0.1620  1
 18:   0.3270  0.0110  0.4900  0.1720  1
 19:   0.3140  0.0370  0.4630  0.1860  1
 20:   0.2507  0.0120  0.1758  0.5614  1
 21:   0.3020  0.0130  0.5650  0.1200  1
 22:   0.2498  0.2188  0.3387  0.1928  1
 23:   0.3427  0.0569  0.3157  0.2847  1
 24:   0.3090  0.0270  0.3970  0.2670  1
 25:   0.3330  0.0240  0.3310  0.3120  1
 26:   0.2492  0.0601  0.2342  0.4565  1
 27:   0.3037  0.0170  0.3247  0.3546  1
 28:   0.3280  0.0100  0.4250  0.2370  1
 29:   0.3620  0.0120  0.3090  0.3170  1
 30:   0.3150  0.0210  0.5440  0.1200  1
 31:   0.1499  0.5664  0.1149  0.1688  1
 32:   0.3160  0.0120  0.5170  0.1550  1
 33:   0.3110  0.0140  0.4510  0.2240  1
 34:   0.1379  0.5634  0.1489  0.1499  1
 35:   0.3300  0.0570  0.2280  0.3850  1
 36:   0.3536  0.0400  0.3297  0.2767  1
 37:   0.2720  0.0730  0.2190  0.4360  1
 38:   0.3526  0.0160  0.4046  0.2268  1
 39:   0.3180  0.0120  0.3670  0.3030  1
 40:   0.2810  0.0100  0.4170  0.2920  1
 41:   0.3070  0.0190  0.2850  0.3890  1
 42:   0.2750  0.0220  0.3290  0.3740  1
 43:   0.2790  0.0310  0.1750  0.5150  1
 44:   0.3460  0.0090  0.3630  0.2820  1
 45:   0.2780  0.0180  0.2250  0.4790  1
 46:   0.3190  0.0270  0.3610  0.2930  1
 47:   0.3480  0.0280  0.2180  0.4060  1
 48:   0.2823  0.0450  0.3864  0.2863  1
 49:   0.3100  0.0510  0.4380  0.2010  1
 50:   0.3000  0.0720  0.1830  0.4450  1
 51:   0.2917  0.0440  0.2248  0.4396  1
 52:   0.3277  0.0599  0.3796  0.2328  1
 53:   0.2960  0.0250  0.5480  0.1310  1
 54:   0.2960  0.0120  0.2240  0.4680  1
 55:   0.3230  0.0090  0.5670  0.1010  1
 56:   0.3740  0.0230  0.2660  0.3370  1
 57:   0.2503  0.0851  0.1191  0.5455  1
 58:   0.2907  0.0230  0.4675  0.2188  1
 59:   0.3740  0.0130  0.4000  0.2130  1
 60:   0.2820  0.0360  0.4320  0.2500  1
 61:   0.2910  0.0070  0.2170  0.4850  1
 62:   0.3440  0.0180  0.3770  0.2610  1
 63:   0.3080  0.0350  0.2680  0.3890  1
 64:   0.3030  0.0220  0.3460  0.3290  1
 65:   0.4260  0.0100  0.2420  0.3220  1
 66:   0.3730  0.0130  0.2500  0.3640  1
 67:   0.3110  0.0160  0.4970  0.1760  1
 68:   0.2790  0.0530  0.1530  0.5150  1
 69:   0.3520  0.0090  0.2910  0.3480  1
 70:   0.3347  0.0170  0.5135  0.1349  1
 71:   0.3140  0.0150  0.1810  0.4900  1
 72:   0.3500  0.0060  0.3960  0.2480  1
 73:   0.3453  0.0501  0.3083  0.2963  1
 74:   0.3656  0.0080  0.4016  0.2248  1
 75:   0.2987  0.0220  0.2607  0.4186  1
 76:   0.2853  0.0981  0.1381  0.4785  1
 77:   0.2907  0.1439  0.3287  0.2368  1
 78:   0.3920  0.0180  0.2580  0.3320  1
 79:   0.3580  0.0090  0.4220  0.2110  1
 80:   0.2640  0.0180  0.1770  0.5410  1
 81:   0.3257  0.0180  0.4276  0.2288  1
 82:   0.2210  0.0080  0.1060  0.6650  1
 83:   0.2770  0.0190  0.2460  0.4580  1
 84:   0.2883  0.0200  0.3153  0.3764  1
 85:   0.3347  0.0170  0.2757  0.3726  1
 86:   0.3180  0.0250  0.4970  0.1600  1
 87:   0.3910  0.0090  0.2640  0.3360  1
 88:   0.3140  0.0260  0.2440  0.4160  1
 89:   0.2240  0.0120  0.1010  0.6630  1
 90:   0.2940  0.0120  0.2320  0.4620  1
 91:   0.3660  0.0120  0.3550  0.2670  1
 92:   0.3620  0.0090  0.3670  0.2620  1
 93:   0.3113  0.0240  0.5015  0.1632  1
 94:   0.3410  0.0060  0.4930  0.1600  1
 95:   0.3370  0.0150  0.4270  0.2210  1
 96:   0.2563  0.2412  0.2713  0.2312  1
 97:   0.4120  0.0130  0.3930  0.1820  1
 98:   0.3380  0.0200  0.4190  0.2230  1
 99:   0.3400  0.0230  0.2920  0.3450  1
100:   0.2977  0.0270  0.3586  0.3167  1
101:   0.3250  0.0270  0.2720  0.3760  1
102:   0.3060  0.0120  0.3330  0.3490  1
103:   0.3640  0.0530  0.3830  0.2000  1
104:   0.3630  0.0100  0.2080  0.4190  1
105:   0.3716  0.0230  0.1878  0.4176  1
106:   0.3770  0.0210  0.1910  0.4110  1
107:   0.2637  0.1129  0.2308  0.3926  1
108:   0.3600  0.0070  0.4870  0.1460  1
109:   0.3120  0.0330  0.4850  0.1700  1
110:   0.3550  0.0100  0.2270  0.4080  1
111:   0.3150  0.0210  0.4120  0.2520  1
112:   0.3310  0.0140  0.5090  0.1460  1
113:   0.3720  0.0060  0.2950  0.3270  1
114:   0.2610  0.0940  0.2310  0.4140  1
115:   0.4040  0.0100  0.2920  0.2940  1
116:   0.2893  0.0300  0.1341  0.5465  1
117:   0.3580  0.0140  0.3200  0.3080  1
118:   0.3410  0.0210  0.4640  0.1740  1
119:   0.3200  0.0170  0.5150  0.1480  1
120:   0.2510  0.2910  0.2680  0.1900  1
121:   0.3087  0.0909  0.3497  0.2507  1
122:   0.3670  0.0060  0.3200  0.3070  1
123:   0.3233  0.0120  0.3634  0.3013  1
124:   0.3213  0.0220  0.3924  0.2643  1
125:   0.3930  0.0070  0.2610  0.3390  1
126:   0.3780  0.0070  0.4560  0.1590  1
127:   0.3060  0.0350  0.3100  0.3490  1
128:   0.3313  0.0220  0.2172  0.4294  1
129:   0.3710  0.0200  0.2790  0.3300  1
130:   0.3230  0.0160  0.5120  0.1490  1
131:   0.3250  0.0120  0.4030  0.2600  1
132:   0.2800  0.1130  0.2580  0.3490  1
133:   0.3900  0.0070  0.4290  0.1740  1
134:   0.3350  0.0090  0.3770  0.2790  1
135:   0.3450  0.0070  0.5250  0.1230  1
136:   0.4036  0.0060  0.2767  0.3137  1
137:   0.2950  0.0280  0.5040  0.1730  1
138:   0.2470  0.0390  0.2610  0.4530  1
139:   0.4070  0.0180  0.3220  0.2530  1
140:   0.2890  0.0830  0.4160  0.2120  1
141:   0.3123  0.0080  0.2953  0.3844  1
142:   0.3177  0.0170  0.4655  0.1998  1
143:   0.1129  0.6264  0.0929  0.1678  1
144:   0.3680  0.0130  0.2560  0.3630  1
145:   0.3243  0.0601  0.3393  0.2763  1
146:   0.3033  0.0060  0.5876  0.1031  1
147:   0.1900  0.3500  0.1310  0.3290  1
148:   0.3107  0.0200  0.4925  0.1768  1
149:   0.3333  0.0300  0.2613  0.3754  1
150:   0.3400  0.0290  0.3150  0.3160  1
151:   0.3097  0.0210  0.5065  0.1628  1
152:   0.3580  0.0130  0.4410  0.1880  1
153:   0.2800  0.0190  0.2060  0.4950  1
154:   0.3273  0.0070  0.5816  0.0841  1
155:   0.3063  0.0290  0.2953  0.3694  1
156:   0.3350  0.0140  0.3350  0.3160  1
157:   0.3230  0.0400  0.3260  0.3110  1
158:   0.3736  0.0110  0.2787  0.3367  1
159:   0.2158  0.0190  0.0799  0.6853  1
160:   0.3950  0.0080  0.3040  0.2930  1
161:   0.3090  0.0570  0.3220  0.3120  1
162:   0.3340  0.0240  0.3670  0.2750  1
163:   0.3516  0.0150  0.4765  0.1568  1
164:   0.3620  0.0070  0.2740  0.3570  1
165:   0.3560  0.0540  0.2720  0.3180  1
166:   0.3023  0.0250  0.4414  0.2312  1
167:   0.3380  0.0100  0.2530  0.3990  1
168:   0.3370  0.0240  0.4160  0.2230  1
169:   0.3400  0.0620  0.1900  0.4080  1
170:   0.3520  0.0250  0.4010  0.2220  1
171:   0.3127  0.0100  0.4625  0.2148  1
172:   0.3640  0.0170  0.3690  0.2500  1
173:   0.3230  0.0960  0.2520  0.3290  1
174:   0.2750  0.0360  0.1820  0.5070  1
175:   0.3140  0.0230  0.2320  0.4310  1
176:   0.3890  0.0280  0.3270  0.2560  1
177:   0.3320  0.0220  0.4170  0.2290  1
178:   0.3200  0.0540  0.3190  0.3070  1
179:   0.3220  0.0100  0.5590  0.1090  1
180:   0.3290  0.0200  0.2850  0.3660  1
181:   0.3010  0.2400  0.2350  0.2240  1
182:   0.3297  0.0340  0.3956  0.2408  1
183:   0.3453  0.0200  0.2342  0.4004  1
184:   0.2903  0.0430  0.4635  0.2032  1
185:   0.3796  0.0320  0.3047  0.2837  1
186:   0.3680  0.0200  0.2590  0.3530  1
187:   0.3040  0.0230  0.2260  0.4470  1
188:   0.2940  0.0310  0.2560  0.4190  1
189:   0.3340  0.0250  0.5140  0.1270  1
190:   0.3187  0.0190  0.4006  0.2617  1
191:   0.3260  0.0460  0.3560  0.2720  1
192:   0.3047  0.0160  0.4236  0.2557  1
193:   0.2430  0.1060  0.1840  0.4670  1
194:   0.3220  0.0310  0.4330  0.2140  1
195:   0.3600  0.0450  0.4100  0.1850  1
196:   0.2840  0.1740  0.2060  0.3360  1
197:   0.3380  0.0080  0.5380  0.1160  1
198:   0.3160  0.0120  0.5080  0.1640  1
199:   0.3223  0.0120  0.5005  0.1652  1
200:   0.2900  0.0150  0.3500  0.3450  1
201:   0.3550  0.0160  0.3070  0.3220  1
202:   0.2587  0.1019  0.1808  0.4585  1
203:   0.2930  0.0260  0.2530  0.4280  1
204:   0.3340  0.0270  0.3220  0.3170  1
205:   0.4120  0.0090  0.3340  0.2450  1
206:   0.3400  0.0140  0.3090  0.3370  1
207:   0.3203  0.0230  0.3584  0.2983  1
208:   0.2733  0.0641  0.2422  0.4204  1
209:   0.2610  0.0120  0.1850  0.5420  1
210:   0.3660  0.0090  0.3200  0.3050  1
211:   0.3067  0.0090  0.4985  0.1858  1
212:   0.3616  0.0190  0.3187  0.3007  1
213:   0.2847  0.0759  0.2248  0.4146  1
214:   0.3243  0.0110  0.3173  0.3473  1
215:   0.3430  0.0230  0.2460  0.3880  1
216:   0.3100  0.0370  0.4110  0.2420  1
217:   0.2830  0.0370  0.2230  0.4570  1
218:   0.3500  0.0270  0.3100  0.3130  1
219:   0.3090  0.0100  0.3320  0.3490  1
220:   0.2687  0.0280  0.1439  0.5594  1
221:   0.3700  0.0080  0.3890  0.2330  1
222:   0.4420  0.0070  0.2790  0.2720  1
223:   0.3290  0.0310  0.4200  0.2200  1
224:   0.3330  0.0090  0.4640  0.1940  1
225:   0.3570  0.0070  0.4510  0.1850  1
226:   0.3740  0.0130  0.2390  0.3740  1
227:   0.3380  0.0120  0.2200  0.4300  1
228:   0.3640  0.0430  0.2490  0.3440  1
229:   0.2990  0.0100  0.5570  0.1340  1
230:   0.2950  0.0210  0.1790  0.5050  1
231:   0.2800  0.0270  0.1720  0.5210  1
232:   0.4560  0.0090  0.2750  0.2600  1
233:   0.2730  0.0250  0.3160  0.3860  1
234:   0.2910  0.0100  0.4070  0.2920  1
235:   0.3814  0.0220  0.2492  0.3473  1
236:   0.2980  0.0730  0.2560  0.3730  1
237:   0.3440  0.0080  0.2870  0.3610  1
238:   0.2610  0.0280  0.3420  0.3690  1
239:   0.2580  0.1230  0.1830  0.4360  1
240:   0.3754  0.0070  0.4735  0.1441  1
241:   0.3750  0.0080  0.4740  0.1430  1
242:   0.2733  0.0260  0.2843  0.4164  1
243:   0.3640  0.0160  0.4510  0.1690  1
244:   0.3040  0.0470  0.3800  0.2690  1
245:   0.3110  0.0090  0.3480  0.3320  1
246:   0.2580  0.1740  0.1880  0.3800  1
247:   0.3220  0.0190  0.2570  0.4020  1
248:   0.3150  0.0480  0.4040  0.2330  1
249:   0.2540  0.0320  0.1440  0.5700  1
250:   0.3267  0.0160  0.2557  0.4016  1
251:   0.3390  0.0110  0.5120  0.1380  1
252:   0.1201  0.6396  0.1101  0.1301  1
253:   0.2860  0.0740  0.4690  0.1710  1
254:   0.3230  0.0090  0.3330  0.3350  1
255:   0.3243  0.0180  0.4535  0.2042  1
256:   0.3770  0.0110  0.3990  0.2130  1
257:   0.4190  0.0080  0.3140  0.2590  1
258:   0.3050  0.0190  0.4040  0.2720  1
259:   0.2920  0.0430  0.4460  0.2190  1
260:   0.3550  0.0110  0.3940  0.2400  1
261:   0.3766  0.0270  0.2527  0.3437  1
262:   0.3694  0.0480  0.2422  0.3403  1
263:   0.3614  0.0380  0.3093  0.2913  1
264:   0.3630  0.0200  0.4210  0.1960  1
265:   0.3330  0.0180  0.4000  0.2490  1
266:   0.3273  0.0140  0.4795  0.1792  1
267:   0.2770  0.0910  0.2790  0.3530  1
268:   0.3270  0.0140  0.2820  0.3770  1
269:   0.2840  0.0120  0.4120  0.2920  1
270:   0.3724  0.0060  0.3794  0.2422  1
271:   0.3180  0.0130  0.5000  0.1690  1
272:   0.2903  0.0270  0.5335  0.1491  1
273:   0.3090  0.0290  0.3230  0.3390  1
274:   0.3083  0.0440  0.1812  0.4665  1
275:   0.2917  0.0120  0.2128  0.4835  1
276:   0.3874  0.0150  0.2583  0.3393  1
277:   0.3070  0.0080  0.6010  0.0840  1
278:   0.3097  0.0100  0.5674  0.1129  1
279:   0.3120  0.0250  0.4710  0.1920  1
280:   0.3760  0.0120  0.3420  0.2700  1
281:   0.3110  0.0240  0.4690  0.1960  1
282:   0.3584  0.0210  0.4595  0.1612  1
283:   0.3257  0.0140  0.5295  0.1309  1
284:   0.3370  0.0100  0.4390  0.2140  1
285:   0.2893  0.0200  0.1972  0.4935  1
286:   0.2680  0.0230  0.1710  0.5380  1
287:   0.4004  0.0110  0.4094  0.1792  1
288:   0.3387  0.0210  0.3756  0.2647  1
289:   0.3640  0.0190  0.4010  0.2160  1
290:   0.2933  0.0240  0.5596  0.1231  1
291:   0.3160  0.0330  0.3800  0.2710  1
292:   0.3410  0.0090  0.3820  0.2680  1
293:   0.3103  0.0100  0.2533  0.4264  1
294:   0.3367  0.0270  0.5205  0.1159  1
295:   0.3524  0.0190  0.4134  0.2152  1
296:   0.3764  0.0300  0.2623  0.3313  1
297:   0.3020  0.1350  0.2080  0.3550  1
298:   0.3536  0.0190  0.2468  0.3806  1
299:   0.4184  0.0060  0.2663  0.3093  1
300:   0.2980  0.0350  0.3040  0.3630  1
301:   0.2750  0.0280  0.2740  0.4230  1
302:   0.4360  0.0150  0.3040  0.2450  1
303:   0.2940  0.0670  0.2140  0.4250  1
304:   0.3030  0.0160  0.4460  0.2350  1
305:   0.3057  0.0110  0.5025  0.1808  1
306:   0.4080  0.0130  0.2950  0.2840  1
307:   0.3030  0.0250  0.2140  0.4580  1
308:   0.2523  0.0190  0.3043  0.4244  1
309:   0.3057  0.0140  0.5055  0.1748  1
310:   0.3320  0.0160  0.3850  0.2670  1
311:   0.3100  0.0260  0.2030  0.4610  1
312:   0.2432  0.0230  0.1051  0.6286  1
313:   0.3090  0.0190  0.4640  0.2080  1
314:   0.3530  0.0090  0.2540  0.3840  1
315:   0.3103  0.0731  0.2823  0.3343  1
316:   0.2540  0.0600  0.1630  0.5230  1
317:   0.2980  0.0660  0.2690  0.3670  1
318:   0.3690  0.0130  0.3240  0.2940  1
319:   0.3220  0.0100  0.5590  0.1090  1
320:   0.3796  0.0080  0.3556  0.2567  1
321:   0.3736  0.0160  0.3397  0.2707  1
322:   0.3397  0.0310  0.5045  0.1249  1
323:   0.3250  0.0150  0.5030  0.1570  1
324:   0.3013  0.0150  0.1852  0.4985  1
325:   0.4330  0.0070  0.3450  0.2150  1
326:   0.3180  0.0090  0.3920  0.2810  1
327:   0.2900  0.0340  0.2420  0.4340  1
328:   0.2787  0.0889  0.2657  0.3666  1
329:   0.3087  0.0110  0.4166  0.2637  1
330:   0.3290  0.0350  0.4150  0.2210  1
331:   0.3710  0.0180  0.3970  0.2140  1
332:   0.3453  0.0260  0.4394  0.1892  1
333:   0.2840  0.0230  0.2940  0.3990  1
334:   0.2770  0.1710  0.3060  0.2460  1
335:   0.3440  0.0080  0.4380  0.2100  1
336:   0.3570  0.0140  0.4570  0.1720  1
337:   0.3740  0.0410  0.4030  0.1820  1
338:   0.3473  0.0420  0.4164  0.1942  1
339:   0.3320  0.1190  0.3180  0.2310  1
340:   0.3440  0.0220  0.2500  0.3840  1
341:   0.3510  0.0170  0.3650  0.2670  1
342:   0.1450  0.5190  0.0710  0.2650  1
343:   0.3586  0.0290  0.3357  0.2767  1
344:   0.3480  0.0240  0.3210  0.3070  1
345:   0.4130  0.0390  0.3630  0.1850  1
346:   0.3310  0.0220  0.3860  0.2610  1
347:   0.2740  0.0670  0.1710  0.4880  1
348:   0.3690  0.0060  0.2570  0.3680  1
349:   0.2760  0.1860  0.2350  0.3030  1
350:   0.3497  0.0190  0.2597  0.3716  1
351:   0.4020  0.0110  0.3400  0.2470  1
352:   0.3740  0.0070  0.4030  0.2160  1
