  1:   0.8290  0.0430  0.0380  0.0430  0.0470  1
  2:   0.8640  0.0320  0.0580  0.0250  0.0210  1
  3:   0.9180  0.0200  0.0190  0.0200  0.0230  1
  4:   0.8790  0.0380  0.0390  0.0210  0.0230  1
  5:   0.9350  0.0160  0.0160  0.0160  0.0170  1
  6:   0.9350  0.0170  0.0150  0.0170  0.0160  1
  7:   0.8420  0.0480  0.0550  0.0310  0.0240  1
  8:   0.9280  0.0180  0.0180  0.0180  0.0180  1
  9:   0.9210  0.0200  0.0190  0.0190  0.0210  1
 10:   0.9440  0.0140  0.0150  0.0140  0.0130  1
 11:   0.9100  0.0230  0.0220  0.0220  0.0230  1
 12:   0.2690  0.2350  0.1510  0.1690  0.1760  1
 13:   0.7938  0.0621  0.0480  0.0460  0.0501  1
 14:   0.4194  0.1862  0.1441  0.1191  0.1311  1
 15:   0.6074  0.0779  0.0879  0.0939  0.1329  1
 16:   0.0100  0.2060  0.1660  0.3230  0.2950  1
 17:   0.0090  0.1768  0.3077  0.3097  0.1968  1
 18:   0.0110  0.2010  0.3290  0.2940  0.1650  1
 19:   0.0300  0.2072  0.3944  0.2272  0.1411  1
 20:   0.0100  0.4444  0.1381  0.1562  0.2513  1
 21:   0.0130  0.2272  0.4895  0.1942  0.0761  1
 22:   0.1660  0.2010  0.2830  0.1960  0.1540  1
 23:   0.0450  0.2210  0.2580  0.2360  0.2400  1
 24:   0.0250  0.2450  0.3450  0.2110  0.1740  1
 25:   0.0220  0.1800  0.1980  0.3120  0.2880  1
 26:   0.0550  0.3660  0.2010  0.1680  0.2100  1
 27:   0.0150  0.2733  0.2563  0.2232  0.2322  1
 28:   0.0090  0.1770  0.3130  0.2700  0.2310  1
 29:   0.0110  0.1460  0.1830  0.3220  0.3380  1
 30:   0.0180  0.1972  0.4084  0.2412  0.1351  1
 31:   0.4775  0.1311  0.1031  0.1401  0.1481  1
 32:   0.0110  0.2078  0.4505  0.2078  0.1229  1
 33:   0.0130  0.2270  0.3730  0.2360  0.1510  1
 34:   0.5030  0.1440  0.1400  0.1130  0.1000  1
 35:   0.0450  0.2130  0.1630  0.2780  0.3010  1
 36:   0.0350  0.1479  0.1948  0.2987  0.3237  1
 37:   0.0720  0.3050  0.2030  0.2170  0.2030  1
 38:   0.0160  0.1752  0.2733  0.2913  0.2442  1
 39:   0.0120  0.1870  0.2440  0.2910  0.2660  1
 40:   0.0110  0.2730  0.2870  0.2460  0.1830  1
 41:   0.0180  0.3067  0.1928  0.2408  0.2418  1
 42:   0.0220  0.3070  0.2200  0.2210  0.2300  1
 43:   0.0280  0.3050  0.1740  0.2470  0.2460  1
 44:   0.0090  0.1610  0.2270  0.3310  0.2720  1
 45:   0.0170  0.3237  0.1918  0.2388  0.2288  1
 46:   0.0260  0.2540  0.2360  0.2640  0.2200  1
 47:   0.0250  0.2500  0.1890  0.2260  0.3100  1
 48:   0.0380  0.2410  0.2780  0.2380  0.2050  1
 49:   0.0430  0.2038  0.3497  0.2248  0.1788  1
 50:   0.0659  0.3147  0.1578  0.2228  0.2388  1
 51:   0.0410  0.3854  0.1732  0.1972  0.2032  1
 52:   0.0470  0.1922  0.3043  0.2382  0.2182  1
 53:   0.0230  0.1862  0.5025  0.1992  0.0891  1
 54:   0.0100  0.3287  0.1768  0.2268  0.2577  1
 55:   0.0080  0.2022  0.4244  0.2553  0.1101  1
 56:   0.0210  0.1940  0.1750  0.2520  0.3580  1
 57:   0.0719  0.3696  0.1139  0.2048  0.2398  1
 58:   0.0230  0.2360  0.3350  0.2510  0.1550  1
 59:   0.0120  0.2020  0.2660  0.2620  0.2580  1
 60:   0.0310  0.2162  0.3213  0.2342  0.1972  1
 61:   0.0070  0.3580  0.1920  0.2180  0.2250  1
 62:   0.0180  0.1760  0.2670  0.2730  0.2660  1
 63:   0.0310  0.3183  0.1912  0.2523  0.2072  1
 64:   0.0220  0.2810  0.2140  0.2360  0.2470  1
 65:   0.0090  0.1101  0.1602  0.2893  0.4314  1
 66:   0.0110  0.1692  0.1672  0.2723  0.3804  1
 67:   0.0150  0.1900  0.3120  0.2960  0.1870  1
 68:   0.0390  0.3670  0.1400  0.1950  0.2590  1
 69:   0.0090  0.2813  0.1852  0.2603  0.2643  1
 70:   0.0170  0.1800  0.3800  0.2440  0.1790  1
 71:   0.0140  0.2890  0.1610  0.2340  0.3020  1
 72:   0.0060  0.1910  0.2430  0.3050  0.2550  1
 73:   0.0400  0.2230  0.2180  0.2370  0.2820  1
 74:   0.0080  0.2260  0.2710  0.2860  0.2090  1
 75:   0.0190  0.2520  0.1750  0.2750  0.2790  1
 76:   0.0919  0.3167  0.1359  0.1918  0.2637  1
 77:   0.1020  0.1430  0.2030  0.2830  0.2690  1
 78:   0.0160  0.2052  0.2162  0.2372  0.3253  1
 79:   0.0090  0.2198  0.3407  0.2428  0.1878  1
 80:   0.0190  0.4110  0.1340  0.1890  0.2470  1
 81:   0.0180  0.2567  0.3217  0.2328  0.1708  1
 82:   0.0080  0.5510  0.0770  0.1290  0.2350  1
 83:   0.0160  0.3724  0.1882  0.2252  0.1982  1
 84:   0.0190  0.3884  0.2052  0.1822  0.2052  1
 85:   0.0150  0.2350  0.1970  0.2620  0.2910  1
 86:   0.0230  0.2270  0.3240  0.2660  0.1600  1
 87:   0.0090  0.1510  0.1570  0.2790  0.4040  1
 88:   0.0250  0.2727  0.1848  0.2727  0.2448  1
 89:   0.0110  0.5369  0.0798  0.1357  0.2365  1
 90:   0.0100  0.3460  0.2030  0.1990  0.2420  1
 91:   0.0100  0.1900  0.2490  0.2740  0.2770  1
 92:   0.0090  0.1950  0.2310  0.2860  0.2790  1
 93:   0.0250  0.1920  0.3170  0.2870  0.1790  1
 94:   0.0060  0.1768  0.4146  0.2338  0.1688  1
 95:   0.0160  0.2068  0.3397  0.2338  0.2038  1
 96:   0.1900  0.2070  0.2390  0.1990  0.1650  1
 97:   0.0120  0.1540  0.2750  0.2690  0.2900  1
 98:   0.0200  0.1880  0.2950  0.2600  0.2370  1
 99:   0.0210  0.2372  0.1962  0.2372  0.3083  1
100:   0.0250  0.2893  0.2723  0.2182  0.1952  1
101:   0.0240  0.2232  0.1922  0.2693  0.2913  1
102:   0.0120  0.2687  0.2677  0.2438  0.2078  1
103:   0.0500  0.1790  0.2880  0.2450  0.2380  1
104:   0.0110  0.1970  0.1420  0.2760  0.3740  1
105:   0.0210  0.1710  0.1670  0.2580  0.3830  1
106:   0.0200  0.1672  0.1662  0.2523  0.3944  1
107:   0.1030  0.2850  0.2220  0.2010  0.1890  1
108:   0.0060  0.1812  0.4374  0.2182  0.1572  1
109:   0.0330  0.2208  0.3656  0.2418  0.1389  1
110:   0.0100  0.2450  0.1540  0.2470  0.3440  1
111:   0.0200  0.1818  0.2298  0.3197  0.2488  1
112:   0.0130  0.1994  0.3607  0.2665  0.1603  1
113:   0.0060  0.1960  0.2330  0.2540  0.3110  1
114:   0.0761  0.3263  0.2032  0.1972  0.1972  1
115:   0.0100  0.1960  0.2170  0.2670  0.3100  1
116:   0.0290  0.3960  0.1400  0.2120  0.2230  1
117:   0.0130  0.2060  0.2620  0.2530  0.2660  1
118:   0.0180  0.2040  0.4080  0.2130  0.1570  1
119:   0.0180  0.2112  0.3714  0.2583  0.1411  1
120:   0.2200  0.1900  0.2200  0.1850  0.1850  1
121:   0.0790  0.2480  0.2960  0.2060  0.1710  1
122:   0.0060  0.1710  0.2100  0.2930  0.3200  1
123:   0.0120  0.3240  0.2250  0.2320  0.2070  1
124:   0.0200  0.3020  0.2730  0.2190  0.1860  1
125:   0.0070  0.1540  0.1760  0.2950  0.3680  1
126:   0.0070  0.1510  0.2950  0.2910  0.2560  1
127:   0.0290  0.2058  0.1888  0.2977  0.2787  1
128:   0.0240  0.2398  0.1429  0.2617  0.3317  1
129:   0.0190  0.2020  0.2170  0.2580  0.3040  1
130:   0.0160  0.2240  0.3980  0.2340  0.1280  1
131:   0.0120  0.1908  0.2527  0.2967  0.2478  1
132:   0.0961  0.2683  0.2643  0.1802  0.1912  1
133:   0.0070  0.1682  0.2943  0.2733  0.2573  1
134:   0.0090  0.1930  0.2420  0.3000  0.2560  1
135:   0.0060  0.1940  0.4960  0.2010  0.1030  1
136:   0.0060  0.1690  0.1790  0.2740  0.3720  1
137:   0.0300  0.2510  0.3320  0.2500  0.1370  1
138:   0.0360  0.3400  0.2030  0.2220  0.1990  1
139:   0.0170  0.1480  0.2130  0.2690  0.3530  1
140:   0.0789  0.2278  0.3856  0.1768  0.1309  1
141:   0.0070  0.1910  0.1800  0.3150  0.3070  1
142:   0.0160  0.1920  0.2690  0.2880  0.2350  1
143:   0.5766  0.1291  0.1091  0.0941  0.0911  1
144:   0.0110  0.2050  0.1810  0.2810  0.3220  1
145:   0.0530  0.2600  0.2730  0.2210  0.1930  1
146:   0.0060  0.1800  0.5350  0.1980  0.0810  1
147:   0.2770  0.2820  0.1400  0.1430  0.1580  1
148:   0.0210  0.1970  0.3120  0.2660  0.2040  1
149:   0.0290  0.1820  0.1670  0.3220  0.3000  1
150:   0.0260  0.2553  0.2382  0.2192  0.2613  1
151:   0.0200  0.2208  0.4056  0.2158  0.1379  1
152:   0.0120  0.1870  0.3830  0.2320  0.1860  1
153:   0.0190  0.3150  0.1160  0.2390  0.3110  1
154:   0.0060  0.1832  0.4965  0.2282  0.0861  1
155:   0.0270  0.1988  0.1848  0.3137  0.2757  1
156:   0.0130  0.2128  0.2378  0.2737  0.2627  1
157:   0.0360  0.2090  0.2250  0.2880  0.2420  1
158:   0.0100  0.1862  0.2072  0.2623  0.3343  1
159:   0.0140  0.5415  0.0959  0.1299  0.2188  1
160:   0.0080  0.1690  0.2120  0.2710  0.3400  1
161:   0.0460  0.1980  0.2100  0.2660  0.2800  1
162:   0.0220  0.1758  0.2338  0.2967  0.2717  1
163:   0.0130  0.2060  0.3400  0.2660  0.1750  1
164:   0.0070  0.2270  0.1860  0.2560  0.3240  1
165:   0.0490  0.2210  0.2100  0.2510  0.2690  1
166:   0.0230  0.2567  0.3976  0.1858  0.1369  1
167:   0.0100  0.2270  0.1990  0.2840  0.2800  1
168:   0.0200  0.2070  0.3500  0.2230  0.2000  1
169:   0.0571  0.2462  0.1401  0.2482  0.3083  1
170:   0.0240  0.1860  0.2810  0.2860  0.2230  1
171:   0.0100  0.2058  0.2827  0.2977  0.2038  1
172:   0.0170  0.1740  0.2330  0.2920  0.2840  1
173:   0.0731  0.2172  0.1762  0.2452  0.2883  1
174:   0.0310  0.3536  0.1908  0.2158  0.2088  1
175:   0.0210  0.2860  0.2190  0.2250  0.2490  1
176:   0.0260  0.1640  0.2220  0.2560  0.3320  1
177:   0.0230  0.2140  0.3060  0.2740  0.1830  1
178:   0.0520  0.2120  0.2270  0.2600  0.2490  1
179:   0.0090  0.1912  0.4484  0.2342  0.1171  1
180:   0.0180  0.2242  0.1882  0.2843  0.2853  1
181:   0.1790  0.1490  0.1630  0.2330  0.2760  1
182:   0.0320  0.2028  0.2777  0.2707  0.2168  1
183:   0.0190  0.2710  0.1840  0.2270  0.2990  1
184:   0.0430  0.2018  0.3596  0.2488  0.1469  1
185:   0.0300  0.1742  0.1992  0.2763  0.3203  1
186:   0.0180  0.2088  0.1858  0.2617  0.3257  1
187:   0.0190  0.3180  0.1950  0.2130  0.2550  1
188:   0.0270  0.3107  0.2338  0.2208  0.2078  1
189:   0.0230  0.1790  0.4000  0.2410  0.1570  1
190:   0.0180  0.2310  0.3150  0.2400  0.1960  1
191:   0.0330  0.1710  0.2080  0.3040  0.2840  1
192:   0.0150  0.2320  0.2870  0.2600  0.2060  1
193:   0.0830  0.3470  0.1470  0.1940  0.2290  1
194:   0.0270  0.2172  0.3413  0.2292  0.1852  1
195:   0.0410  0.2220  0.3130  0.2320  0.1920  1
196:   0.1410  0.2610  0.1540  0.2030  0.2410  1
197:   0.0070  0.1938  0.4136  0.2488  0.1369  1
198:   0.0120  0.1978  0.3626  0.2637  0.1638  1
199:   0.0120  0.1870  0.3260  0.2890  0.1860  1
200:   0.0150  0.3010  0.2860  0.2060  0.1920  1
201:   0.0150  0.2272  0.2062  0.2843  0.2673  1
202:   0.0890  0.3500  0.1460  0.1930  0.2220  1
203:   0.0200  0.1920  0.1770  0.3160  0.2950  1
204:   0.0270  0.2138  0.2438  0.2797  0.2358  1
205:   0.0080  0.1570  0.2630  0.2580  0.3140  1
206:   0.0130  0.2750  0.2350  0.2450  0.2320  1
207:   0.0200  0.2520  0.2980  0.2320  0.1980  1
208:   0.0530  0.2460  0.1750  0.2690  0.2570  1
209:   0.0110  0.4090  0.1480  0.2260  0.2060  1
210:   0.0090  0.1700  0.1990  0.3290  0.2930  1
211:   0.0080  0.1982  0.4414  0.2092  0.1431  1
212:   0.0200  0.1788  0.1958  0.2777  0.3277  1
213:   0.0641  0.3023  0.1792  0.2142  0.2402  1
214:   0.0110  0.2540  0.2660  0.2380  0.2310  1
215:   0.0190  0.2893  0.1632  0.2523  0.2763  1
216:   0.0340  0.2148  0.3686  0.2218  0.1608  1
217:   0.0330  0.3163  0.1642  0.2492  0.2372  1
218:   0.0250  0.1818  0.1988  0.2807  0.3137  1
219:   0.0090  0.1792  0.2132  0.3203  0.2783  1
220:   0.0300  0.3824  0.1512  0.1892  0.2472  1
221:   0.0080  0.2138  0.2697  0.2557  0.2527  1
222:   0.0060  0.1290  0.2120  0.2810  0.3720  1
223:   0.0260  0.2022  0.3233  0.2472  0.2012  1
224:   0.0090  0.1952  0.4404  0.2102  0.1451  1
225:   0.0060  0.1932  0.2953  0.2853  0.2202  1
226:   0.0130  0.2070  0.1610  0.2650  0.3540  1
227:   0.0110  0.2690  0.1750  0.2420  0.3030  1
228:   0.0440  0.1870  0.1450  0.2540  0.3700  1
229:   0.0090  0.2182  0.4625  0.2082  0.1021  1
230:   0.0180  0.3884  0.1491  0.1932  0.2513  1
231:   0.0250  0.3784  0.1712  0.2132  0.2122  1
232:   0.0080  0.1321  0.2042  0.2673  0.3884  1
233:   0.0220  0.3000  0.2310  0.2160  0.2310  1
234:   0.0110  0.3060  0.2830  0.2530  0.1470  1
235:   0.0210  0.1720  0.1580  0.2770  0.3720  1
236:   0.0640  0.2160  0.1590  0.2780  0.2830  1
237:   0.0080  0.2288  0.2268  0.2258  0.3107  1
238:   0.0240  0.3003  0.3053  0.1962  0.1742  1
239:   0.1180  0.2720  0.1470  0.2380  0.2250  1
240:   0.0070  0.1760  0.3150  0.2740  0.2280  1
241:   0.0080  0.1850  0.2990  0.2770  0.2310  1
242:   0.0260  0.3380  0.2530  0.2000  0.1830  1
243:   0.0150  0.1812  0.3393  0.2543  0.2102  1
244:   0.0420  0.2130  0.2630  0.2600  0.2220  1
245:   0.0080  0.2140  0.2010  0.3160  0.2610  1
246:   0.1530  0.2530  0.1480  0.2320  0.2140  1
247:   0.0170  0.2660  0.1670  0.2580  0.2920  1
248:   0.0410  0.2160  0.2920  0.2480  0.2030  1
249:   0.0280  0.4630  0.1180  0.1910  0.2000  1
250:   0.0140  0.2760  0.2110  0.2580  0.2410  1
251:   0.0100  0.1942  0.3734  0.2503  0.1722  1
252:   0.5255  0.1201  0.1171  0.1121  0.1251  1
253:   0.0669  0.2258  0.4036  0.1908  0.1129  1
254:   0.0090  0.2510  0.2400  0.2760  0.2240  1
255:   0.0180  0.2130  0.2980  0.2720  0.1990  1
256:   0.0110  0.2120  0.2610  0.2710  0.2450  1
257:   0.0080  0.1300  0.1840  0.2900  0.3880  1
258:   0.0170  0.2298  0.3017  0.2438  0.2078  1
259:   0.0390  0.2180  0.3450  0.2230  0.1750  1
260:   0.0100  0.1758  0.2517  0.2737  0.2887  1
261:   0.0250  0.1928  0.1648  0.2637  0.3536  1
262:   0.0450  0.2130  0.1890  0.2340  0.3190  1
263:   0.0360  0.2410  0.2100  0.2340  0.2790  1
264:   0.0190  0.2290  0.2560  0.2820  0.2140  1
265:   0.0160  0.2010  0.3090  0.2510  0.2230  1
266:   0.0140  0.1580  0.3080  0.3130  0.2070  1
267:   0.0740  0.2130  0.1870  0.2800  0.2460  1
268:   0.0130  0.2520  0.2110  0.2540  0.2700  1
269:   0.0100  0.2610  0.3630  0.2090  0.1570  1
270:   0.0070  0.1578  0.2478  0.2957  0.2917  1
271:   0.0130  0.1602  0.3043  0.3183  0.2042  1
272:   0.0250  0.1982  0.4725  0.1982  0.1061  1
273:   0.0220  0.2510  0.3110  0.2200  0.1960  1
274:   0.0370  0.3000  0.1800  0.2080  0.2750  1
275:   0.0110  0.2880  0.1670  0.2500  0.2840  1
276:   0.0140  0.1692  0.1742  0.2623  0.3804  1
277:   0.0070  0.1910  0.4730  0.2470  0.0820  1
278:   0.0090  0.1792  0.5395  0.1942  0.0781  1
279:   0.0230  0.1990  0.3150  0.2760  0.1870  1
280:   0.0110  0.1910  0.2330  0.2750  0.2900  1
281:   0.0220  0.1800  0.3250  0.2840  0.1890  1
282:   0.0190  0.1830  0.3780  0.2370  0.1830  1
283:   0.0150  0.2020  0.4080  0.2420  0.1330  1
284:   0.0090  0.2012  0.3584  0.2482  0.1832  1
285:   0.0170  0.3070  0.1610  0.2400  0.2750  1
286:   0.0200  0.4254  0.1662  0.1712  0.2172  1
287:   0.0110  0.1992  0.2913  0.2593  0.2392  1
288:   0.0200  0.2330  0.3310  0.2320  0.1840  1
289:   0.0180  0.2052  0.3003  0.2513  0.2252  1
290:   0.0230  0.2040  0.4700  0.2030  0.1000  1
291:   0.0300  0.1710  0.2290  0.3100  0.2600  1
292:   0.0090  0.2270  0.2870  0.2570  0.2200  1
293:   0.0100  0.3167  0.1888  0.2498  0.2348  1
294:   0.0250  0.2000  0.4490  0.2250  0.1010  1
295:   0.0190  0.1830  0.2730  0.2690  0.2560  1
296:   0.0280  0.2262  0.1822  0.2533  0.3103  1
297:   0.1030  0.1820  0.1420  0.2640  0.3090  1
298:   0.0180  0.2000  0.1620  0.2720  0.3480  1
299:   0.0060  0.1341  0.1612  0.2803  0.4184  1
300:   0.0320  0.2783  0.2372  0.2112  0.2412  1
301:   0.0250  0.3120  0.2680  0.2010  0.1940  1
302:   0.0150  0.1230  0.1990  0.2690  0.3940  1
303:   0.0570  0.2660  0.1890  0.2550  0.2330  1
304:   0.0150  0.2630  0.3700  0.2090  0.1430  1
305:   0.0110  0.2382  0.4354  0.1972  0.1181  1
306:   0.0130  0.1700  0.2250  0.2590  0.3330  1
307:   0.0230  0.3170  0.1940  0.2220  0.2440  1
308:   0.0180  0.4250  0.1940  0.1720  0.1910  1
309:   0.0130  0.2080  0.4700  0.2030  0.1060  1
310:   0.0150  0.1980  0.2660  0.2550  0.2660  1
311:   0.0260  0.3450  0.1370  0.2330  0.2590  1
312:   0.0210  0.5025  0.1179  0.1479  0.2108  1
313:   0.0170  0.2110  0.3410  0.2650  0.1660  1
314:   0.0090  0.1970  0.1720  0.2640  0.3580  1
315:   0.0670  0.2690  0.2120  0.2140  0.2380  1
316:   0.0550  0.3950  0.1330  0.1940  0.2230  1
317:   0.0649  0.2308  0.1998  0.2627  0.2418  1
318:   0.0130  0.1439  0.1938  0.3077  0.3417  1
319:   0.0100  0.2038  0.4076  0.2537  0.1249  1
320:   0.0070  0.1930  0.2670  0.2600  0.2730  1
321:   0.0140  0.1990  0.2250  0.2700  0.2920  1
322:   0.0290  0.1890  0.3470  0.2720  0.1630  1
323:   0.0150  0.2092  0.4184  0.2232  0.1341  1
324:   0.0150  0.3267  0.1499  0.2468  0.2617  1
325:   0.0060  0.1320  0.2610  0.2630  0.3380  1
326:   0.0080  0.2650  0.3020  0.2350  0.1900  1
327:   0.0290  0.3160  0.1880  0.2390  0.2280  1
328:   0.0841  0.2492  0.2022  0.2553  0.2092  1
329:   0.0090  0.2710  0.3500  0.2030  0.1670  1
330:   0.0360  0.2280  0.2590  0.2780  0.1990  1
331:   0.0170  0.1778  0.2837  0.2637  0.2577  1
332:   0.0250  0.1752  0.2783  0.2873  0.2342  1
333:   0.0220  0.2272  0.2082  0.2933  0.2492  1
334:   0.1300  0.1370  0.1890  0.2900  0.2540  1
335:   0.0080  0.1520  0.2630  0.3310  0.2460  1
336:   0.0130  0.1918  0.3656  0.2358  0.1938  1
337:   0.0340  0.1990  0.2880  0.2560  0.2230  1
338:   0.0360  0.1950  0.3390  0.2270  0.2030  1
339:   0.1130  0.2020  0.2390  0.2120  0.2340  1
340:   0.0170  0.1710  0.1460  0.2850  0.3810  1
341:   0.0150  0.1780  0.2250  0.3030  0.2790  1
342:   0.4264  0.2152  0.0831  0.1191  0.1562  1
343:   0.0300  0.1720  0.2150  0.2850  0.2980  1
344:   0.0220  0.2022  0.2212  0.2863  0.2683  1
345:   0.0370  0.1610  0.2800  0.2490  0.2730  1
346:   0.0200  0.1650  0.2210  0.3280  0.2660  1
347:   0.0549  0.3856  0.1908  0.1638  0.2048  1
348:   0.0060  0.2198  0.1888  0.2577  0.3277  1
349:   0.1680  0.2450  0.1760  0.1650  0.2460  1
350:   0.0190  0.2070  0.1910  0.2470  0.3360  1
351:   0.0120  0.1628  0.1948  0.3077  0.3227  1
352:   0.0070  0.1968  0.3197  0.2378  0.2388  1
353:   0.0080  0.2380  0.2860  0.2850  0.1830  1
354:   0.0140  0.2570  0.2300  0.2350  0.2640  1
355:   0.0180  0.4114  0.1411  0.1832  0.2462  1
356:   0.0490  0.3073  0.1451  0.2553  0.2432  1
357:   0.0130  0.2740  0.2150  0.2540  0.2440  1
358:   0.0080  0.1620  0.1540  0.2820  0.3940  1
359:   0.2122  0.2162  0.1892  0.1982  0.1842  1
360:   0.0190  0.2080  0.1800  0.2970  0.2960  1
361:   0.1399  0.3077  0.1469  0.1858  0.2198  1
362:   0.0280  0.4250  0.1840  0.1540  0.2090  1
363:   0.0080  0.1900  0.1550  0.2910  0.3560  1
364:   0.0540  0.1980  0.3010  0.2320  0.2150  1
365:   0.1440  0.1730  0.1880  0.2400  0.2550  1
366:   0.0230  0.2398  0.1858  0.2468  0.3047  1
367:   0.0200  0.2080  0.3620  0.2230  0.1870  1
368:   0.0130  0.1810  0.3900  0.2860  0.1300  1
369:   0.0090  0.3724  0.2112  0.1872  0.2202  1
370:   0.0100  0.1962  0.3193  0.2583  0.2162  1
371:   0.0110  0.2520  0.1930  0.2830  0.2610  1
372:   0.0861  0.4705  0.1261  0.1311  0.1862  1
373:   0.0801  0.4404  0.1431  0.1572  0.1792  1
374:   0.0720  0.1850  0.3260  0.2480  0.1690  1
375:   0.0180  0.2580  0.2810  0.2220  0.2210  1
376:   0.0100  0.1479  0.2577  0.2627  0.3217  1
377:   0.0230  0.1429  0.2098  0.2587  0.3656  1
378:   0.0190  0.2130  0.2680  0.2500  0.2500  1
379:   0.0250  0.3340  0.1780  0.1900  0.2730  1
380:   0.0110  0.1842  0.3423  0.2913  0.1712  1
381:   0.0170  0.1850  0.2400  0.2980  0.2600  1
382:   0.0120  0.1842  0.2503  0.3013  0.2523  1
383:   0.0120  0.3030  0.1950  0.2560  0.2340  1
384:   0.0140  0.2082  0.2322  0.2482  0.2973  1
385:   0.0170  0.2980  0.2850  0.2070  0.1930  1
386:   0.0190  0.2290  0.1660  0.2650  0.3210  1
387:   0.0220  0.1702  0.2893  0.2563  0.2623  1
388:   0.0630  0.1840  0.1360  0.2980  0.3190  1
389:   0.0080  0.3200  0.2200  0.2250  0.2270  1
390:   0.0110  0.1700  0.2390  0.2820  0.2980  1
391:   0.0170  0.1920  0.3010  0.2880  0.2020  1
392:   0.0240  0.2440  0.2250  0.2170  0.2900  1
393:   0.0130  0.1770  0.2340  0.2630  0.3130  1
394:   0.0260  0.2360  0.1860  0.2550  0.2970  1
395:   0.1740  0.2150  0.2360  0.1920  0.1830  1
396:   0.0070  0.2780  0.2410  0.2490  0.2250  1
397:   0.0230  0.2150  0.2120  0.3000  0.2500  1
398:   0.0200  0.1930  0.3590  0.2370  0.1910  1
399:   0.0140  0.1389  0.2118  0.2607  0.3746  1
400:   0.0300  0.1872  0.1772  0.2623  0.3433  1
401:   0.0140  0.2360  0.2550  0.2400  0.2550  1
402:   0.1618  0.1658  0.1938  0.2677  0.2108  1
403:   0.0270  0.1740  0.2050  0.3360  0.2580  1
404:   0.7490  0.0640  0.0570  0.0630  0.0670  1
405:   0.0510  0.1470  0.1750  0.2620  0.3650  1
406:   0.0841  0.3253  0.1431  0.2222  0.2252  1
407:   0.6310  0.1100  0.0620  0.0820  0.1150  1
408:   0.0160  0.1920  0.3350  0.2470  0.2100  1
409:   0.1550  0.2190  0.3670  0.1510  0.1080  1
410:   0.0130  0.1360  0.2100  0.2590  0.3820  1
411:   0.0140  0.3073  0.1962  0.2402  0.2422  1
412:   0.0310  0.2240  0.3620  0.2210  0.1620  1
413:   0.1191  0.3043  0.1832  0.1912  0.2022  1
414:   0.0290  0.2222  0.2442  0.2733  0.2312  1
415:   0.0100  0.2028  0.3686  0.2398  0.1788  1
416:   0.0080  0.1130  0.1680  0.2870  0.4240  1
417:   0.0150  0.3740  0.1140  0.1890  0.3080  1
418:   0.0130  0.3564  0.1151  0.2242  0.2913  1
419:   0.0520  0.2860  0.3530  0.1690  0.1400  1
420:   0.0659  0.1678  0.1798  0.2757  0.3107  1
421:   0.0100  0.4560  0.1250  0.1780  0.2310  1
422:   0.0100  0.1261  0.1632  0.2713  0.4294  1
423:   0.0230  0.1948  0.2218  0.2997  0.2607  1
424:   0.0080  0.1600  0.2220  0.2620  0.3480  1
425:   0.0130  0.1199  0.1499  0.2777  0.4396  1
426:   0.0430  0.2190  0.2020  0.2720  0.2640  1
427:   0.0240  0.2070  0.1470  0.2440  0.3780  1
428:   0.0340  0.2080  0.2390  0.2810  0.2380  1
429:   0.0160  0.1380  0.1530  0.2650  0.4280  1
430:   0.0110  0.2540  0.2880  0.2300  0.2170  1
431:   0.0120  0.5836  0.0621  0.1231  0.2192  1
432:   0.5786  0.1141  0.0751  0.1011  0.1311  1
433:   0.0531  0.1892  0.2072  0.2673  0.2833  1
434:   0.0220  0.2697  0.2567  0.2048  0.2468  1
435:   0.0190  0.2128  0.1528  0.2807  0.3347  1
436:   0.0220  0.1680  0.1780  0.2530  0.3790  1
437:   0.0100  0.2920  0.1810  0.2140  0.3030  1
438:   0.0120  0.2020  0.1400  0.2710  0.3750  1
439:   0.5140  0.1310  0.0900  0.1210  0.1440  1
440:   0.0649  0.2877  0.1159  0.2148  0.3167  1
441:   0.0270  0.2960  0.2450  0.2100  0.2220  1
442:   0.0150  0.1828  0.4755  0.2138  0.1129  1
443:   0.0460  0.3260  0.2900  0.1730  0.1650  1
444:   0.0349  0.2156  0.1996  0.2884  0.2615  1
445:   0.1280  0.3390  0.1370  0.1790  0.2170  1
446:   0.1250  0.3000  0.2040  0.1780  0.1930  1
447:   0.0270  0.2970  0.1910  0.2230  0.2620  1
448:   0.1250  0.2270  0.1660  0.2130  0.2690  1
449:   0.1280  0.2970  0.2320  0.1640  0.1790  1
450:   0.0730  0.3790  0.1820  0.1660  0.2000  1
451:   0.0200  0.2178  0.4665  0.1988  0.0969  1
452:   0.0580  0.1930  0.1440  0.2370  0.3680  1
453:   0.1101  0.1952  0.1391  0.2222  0.3333  1
454:   0.1628  0.3127  0.2168  0.1479  0.1598  1
455:   0.1161  0.2993  0.2252  0.1762  0.1832  1
456:   0.1720  0.2710  0.2210  0.1710  0.1650  1
457:   0.0989  0.3007  0.1379  0.1848  0.2777  1
458:   0.0801  0.3213  0.1922  0.2072  0.1992  1
459:   0.0130  0.2432  0.3433  0.2042  0.1962  1
460:   0.0140  0.2150  0.4680  0.2000  0.1030  1
461:   0.1279  0.3936  0.1069  0.1588  0.2128  1
462:   0.9600  0.0100  0.0100  0.0100  0.0100  1
463:   0.9540  0.0120  0.0100  0.0110  0.0130  1
464:   0.9249  0.0190  0.0170  0.0190  0.0200  1
465:   0.2238  0.4416  0.0669  0.1009  0.1668  1
466:   0.8790  0.0310  0.0230  0.0300  0.0370  1
467:   0.3990  0.1640  0.1490  0.1370  0.1510  1
468:   0.3417  0.1668  0.1379  0.1908  0.1628  1
469:   0.2300  0.3010  0.0980  0.1650  0.2060  1
470:   0.7380  0.0970  0.0460  0.0580  0.0610  1
471:   0.3716  0.2248  0.1349  0.1289  0.1399  1
472:   0.3017  0.1618  0.1189  0.1868  0.2308  1
473:   0.2653  0.2112  0.1502  0.1732  0.2002  1
474:   0.9280  0.0170  0.0180  0.0170  0.0200  1
475:   0.6160  0.1830  0.0420  0.0690  0.0900  1
476:   0.8969  0.0300  0.0240  0.0240  0.0250  1
477:   0.9070  0.0240  0.0260  0.0220  0.0210  1
478:   0.3287  0.1568  0.1449  0.1738  0.1958  1
479:   0.9270  0.0190  0.0170  0.0190  0.0180  1
480:   0.9379  0.0170  0.0150  0.0150  0.0150  1
481:   0.9091  0.0250  0.0220  0.0220  0.0220  1
482:   0.9630  0.0090  0.0100  0.0090  0.0090  1
483:   0.9149  0.0230  0.0200  0.0210  0.0210  1
484:   0.0940  0.2560  0.1460  0.2390  0.2650  1
485:   0.7612  0.0689  0.0450  0.0579  0.0669  1
486:   0.8690  0.0420  0.0320  0.0270  0.0300  1
487:   0.9580  0.0100  0.0110  0.0110  0.0100  1
488:   0.8990  0.0310  0.0230  0.0230  0.0240  1
489:   0.5420  0.2010  0.0690  0.0820  0.1060  1
490:   0.2947  0.1548  0.1249  0.1908  0.2348  1
491:   0.9240  0.0190  0.0180  0.0190  0.0200  1
492:   0.7852  0.0739  0.0370  0.0460  0.0579  1
493:   0.9470  0.0140  0.0120  0.0130  0.0140  1
494:   0.9640  0.0100  0.0090  0.0090  0.0080  1
495:   0.9690  0.0070  0.0080  0.0080  0.0080  1
496:   0.8989  0.0250  0.0240  0.0270  0.0250  1
497:   0.0581  0.3363  0.2733  0.1662  0.1662  1
498:   0.4470  0.1690  0.1350  0.1220  0.1270  1
499:   0.9370  0.0190  0.0160  0.0140  0.0140  1
500:   0.5400  0.1780  0.1080  0.0740  0.1000  1
501:   0.9570  0.0110  0.0100  0.0110  0.0110  1
502:   0.9459  0.0140  0.0130  0.0140  0.0130  1
503:   0.9570  0.0110  0.0110  0.0100  0.0110  1
504:   0.9390  0.0150  0.0140  0.0160  0.0160  1
505:   0.7433  0.0609  0.0599  0.0659  0.0699  1
506:   0.8042  0.0539  0.0549  0.0420  0.0450  1
507:   0.9161  0.0280  0.0180  0.0170  0.0210  1
508:   0.6210  0.1110  0.0770  0.0910  0.1000  1
509:   0.9700  0.0080  0.0070  0.0080  0.0070  1
510:   0.9380  0.0150  0.0160  0.0160  0.0150  1
511:   0.9560  0.0110  0.0110  0.0110  0.0110  1
512:   0.9119  0.0250  0.0210  0.0220  0.0200  1
513:   0.0609  0.2238  0.2268  0.2647  0.2238  1
514:   0.9550  0.0100  0.0120  0.0120  0.0110  1
515:   0.7770  0.0790  0.0320  0.0470  0.0650  1
516:   0.4605  0.1391  0.1131  0.1522  0.1351  1
517:   0.9390  0.0160  0.0160  0.0150  0.0140  1
518:   0.9620  0.0100  0.0100  0.0090  0.0090  1
519:   0.9330  0.0170  0.0190  0.0160  0.0150  1
520:   0.8829  0.0280  0.0250  0.0300  0.0340  1
521:   0.9570  0.0110  0.0110  0.0110  0.0100  1
522:   0.9670  0.0090  0.0080  0.0080  0.0080  1
523:   0.6106  0.0741  0.0811  0.0921  0.1421  1
524:   0.8921  0.0330  0.0230  0.0240  0.0280  1
525:   0.9109  0.0220  0.0220  0.0220  0.0230  1
526:   0.9130  0.0220  0.0210  0.0210  0.0230  1
527:   0.8860  0.0280  0.0250  0.0270  0.0340  1
528:   0.9000  0.0270  0.0220  0.0240  0.0270  1
529:   0.6760  0.0910  0.0510  0.0840  0.0980  1
530:   0.9630  0.0090  0.0090  0.0100  0.0090  1
531:   0.8980  0.0280  0.0240  0.0250  0.0250  1
532:   0.9359  0.0170  0.0160  0.0150  0.0160  1
533:   0.9489  0.0130  0.0120  0.0130  0.0130  1
534:   0.9120  0.0260  0.0200  0.0210  0.0210  1
535:   0.9421  0.0150  0.0150  0.0150  0.0130  1
536:   0.9720  0.0070  0.0070  0.0070  0.0070  1
537:   0.9610  0.0100  0.0100  0.0100  0.0090  1
538:   0.9680  0.0080  0.0080  0.0080  0.0080  1
539:   0.9720  0.0070  0.0070  0.0070  0.0070  1
540:   0.9010  0.0250  0.0290  0.0220  0.0230  1
541:   0.1692  0.2613  0.1171  0.2152  0.2372  1
542:   0.9530  0.0130  0.0110  0.0120  0.0110  1
543:   0.8690  0.0350  0.0310  0.0340  0.0310  1
544:   0.9310  0.0170  0.0180  0.0170  0.0170  1
545:   0.9710  0.0080  0.0070  0.0070  0.0070  1
546:   0.5990  0.1070  0.1080  0.0950  0.0910  1
547:   0.8290  0.0440  0.0430  0.0430  0.0410  1
548:   0.9379  0.0160  0.0150  0.0160  0.0150  1
549:   0.9370  0.0140  0.0170  0.0170  0.0150  1
550:   0.9660  0.0080  0.0080  0.0090  0.0090  1
551:   0.1171  0.1782  0.1652  0.2753  0.2643  1
552:   0.9360  0.0180  0.0140  0.0170  0.0150  1
553:   0.4730  0.1730  0.1410  0.1150  0.0980  1
554:   0.7880  0.0720  0.0410  0.0460  0.0530  1
555:   0.9620  0.0100  0.0090  0.0100  0.0090  1
556:   0.8910  0.0340  0.0200  0.0260  0.0290  1
557:   0.9690  0.0080  0.0070  0.0080  0.0080  1
558:   0.8210  0.0530  0.0380  0.0400  0.0480  1
559:   0.5445  0.1161  0.1051  0.1201  0.1141  1
560:   0.8741  0.0340  0.0280  0.0290  0.0350  1
561:   0.8260  0.0500  0.0390  0.0390  0.0460  1
562:   0.9720  0.0070  0.0070  0.0070  0.0070  1
563:   0.9491  0.0140  0.0110  0.0120  0.0140  1
564:   0.9470  0.0140  0.0140  0.0130  0.0120  1
565:   0.8560  0.0430  0.0300  0.0330  0.0380  1
566:   0.3390  0.2270  0.1320  0.1430  0.1590  1
567:   0.9419  0.0150  0.0150  0.0140  0.0140  1
568:   0.8312  0.0480  0.0370  0.0410  0.0430  1
569:   0.9401  0.0160  0.0150  0.0150  0.0140  1
570:   0.3337  0.1508  0.3217  0.1269  0.0669  1
571:   0.3546  0.2088  0.0979  0.1538  0.1848  1
572:   0.8891  0.0300  0.0220  0.0270  0.0320  1
573:   0.0120  0.2687  0.2018  0.2557  0.2617  1
574:   0.1131  0.2783  0.1311  0.2172  0.2603  1
575:   0.0669  0.2278  0.1678  0.2857  0.2517  1
576:   0.0280  0.1862  0.1572  0.2633  0.3654  1
577:   0.0190  0.1490  0.1690  0.2550  0.4080  1
578:   0.2110  0.3260  0.1250  0.1450  0.1930  1
579:   0.8820  0.0270  0.0270  0.0290  0.0350  1
580:   0.5864  0.1309  0.0829  0.1009  0.0989  1
581:   0.9550  0.0110  0.0110  0.0110  0.0120  1
582:   0.0300  0.2450  0.4360  0.1720  0.1170  1
583:   0.9401  0.0160  0.0140  0.0150  0.0150  1
584:   0.6030  0.1360  0.0830  0.0890  0.0890  1
585:   0.4930  0.1520  0.1130  0.1250  0.1170  1
586:   0.9451  0.0160  0.0120  0.0130  0.0140  1
587:   0.9261  0.0180  0.0230  0.0170  0.0160  1
588:   0.9510  0.0130  0.0140  0.0120  0.0100  1
589:   0.7670  0.0740  0.0600  0.0470  0.0520  1
590:   0.9460  0.0130  0.0160  0.0130  0.0120  1
591:   0.9469  0.0140  0.0120  0.0130  0.0140  1
592:   0.8182  0.0539  0.0440  0.0390  0.0450  1
593:   0.9520  0.0130  0.0120  0.0110  0.0120  1
594:   0.3560  0.1700  0.1170  0.1500  0.2070  1
595:   0.8112  0.0519  0.0470  0.0440  0.0460  1
596:   0.9710  0.0080  0.0070  0.0070  0.0070  1
597:   0.9451  0.0160  0.0120  0.0130  0.0140  1
598:   0.5886  0.1081  0.1241  0.0901  0.0891  1
599:   0.9660  0.0090  0.0080  0.0080  0.0090  1
600:   0.9440  0.0140  0.0130  0.0140  0.0150  1
601:   0.9650  0.0090  0.0090  0.0090  0.0080  1
602:   0.7762  0.0679  0.0410  0.0490  0.0659  1
603:   0.8761  0.0370  0.0290  0.0280  0.0300  1
604:   0.5425  0.0859  0.1598  0.1049  0.1069  1
605:   0.8950  0.0330  0.0240  0.0240  0.0240  1
606:   0.8721  0.0430  0.0360  0.0250  0.0240  1
607:   0.9710  0.0080  0.0070  0.0070  0.0070  1
608:   0.5734  0.1209  0.0839  0.1119  0.1099  1
609:   0.9051  0.0280  0.0240  0.0210  0.0220  1
610:   0.9240  0.0220  0.0180  0.0170  0.0190  1
611:   0.7290  0.0810  0.0530  0.0620  0.0750  1
612:   0.0780  0.4420  0.1100  0.1600  0.2100  1
613:   0.9590  0.0110  0.0100  0.0100  0.0100  1
614:   0.9630  0.0090  0.0090  0.0090  0.0100  1
615:   0.9590  0.0100  0.0090  0.0110  0.0110  1
616:   0.8358  0.0551  0.0340  0.0330  0.0420  1
617:   0.9341  0.0160  0.0190  0.0170  0.0140  1
618:   0.8030  0.0680  0.0390  0.0400  0.0500  1
619:   0.9461  0.0140  0.0150  0.0120  0.0130  1
620:   0.9229  0.0210  0.0170  0.0190  0.0200  1
621:   0.0640  0.2000  0.3440  0.2220  0.1700  1
622:   0.9449  0.0160  0.0120  0.0130  0.0140  1
623:   0.9040  0.0230  0.0270  0.0230  0.0230  1

  1:   0.8300  0.0460  0.0360  0.0420  0.0460  1
  2:   0.8770  0.0230  0.0490  0.0310  0.0200  1
  3:   0.9200  0.0210  0.0190  0.0190  0.0210  1
  4:   0.8780  0.0280  0.0390  0.0350  0.0200  1
  5:   0.9360  0.0160  0.0150  0.0160  0.0170  1
  6:   0.9360  0.0170  0.0160  0.0150  0.0160  1
  7:   0.8510  0.0360  0.0510  0.0380  0.0240  1
  8:   0.9291  0.0160  0.0190  0.0180  0.0180  1
  9:   0.9219  0.0200  0.0180  0.0200  0.0200  1
 10:   0.9449  0.0130  0.0140  0.0130  0.0150  1
 11:   0.9110  0.0220  0.0210  0.0230  0.0230  1
 12:   0.2627  0.1918  0.1508  0.2088  0.1858  1
 13:   0.7938  0.0561  0.0470  0.0571  0.0460  1
 14:   0.4280  0.1640  0.1550  0.1420  0.1110  1
 15:   0.6100  0.0990  0.1030  0.0900  0.0980  1
 16:   0.0100  0.2010  0.1600  0.2580  0.3710  1
 17:   0.0080  0.1890  0.2790  0.2250  0.2990  1
 18:   0.0110  0.2010  0.2860  0.2240  0.2780  1
 19:   0.0300  0.1530  0.3880  0.2690  0.1600  1
 20:   0.0110  0.4320  0.1860  0.1760  0.1950  1
 21:   0.0130  0.1110  0.5070  0.2430  0.1260  1
 22:   0.1720  0.1610  0.2800  0.2200  0.1670  1
 23:   0.0480  0.2600  0.2580  0.2280  0.2060  1
 24:   0.0240  0.2190  0.3400  0.2590  0.1580  1
 25:   0.0220  0.1730  0.1660  0.2810  0.3580  1
 26:   0.0560  0.3230  0.2140  0.2220  0.1850  1
 27:   0.0160  0.2940  0.2650  0.2260  0.1990  1
 28:   0.0090  0.1730  0.2570  0.2880  0.2730  1
 29:   0.0110  0.1650  0.1670  0.2480  0.4090  1
 30:   0.0200  0.1450  0.3990  0.2350  0.2010  1
 31:   0.4810  0.1270  0.1120  0.1320  0.1480  1
 32:   0.0100  0.1430  0.4510  0.2770  0.1190  1
 33:   0.0120  0.2070  0.3690  0.2520  0.1600  1
 34:   0.5100  0.1410  0.1290  0.1140  0.1060  1
 35:   0.0460  0.2100  0.1670  0.2740  0.3030  1
 36:   0.0330  0.1742  0.1762  0.2753  0.3413  1
 37:   0.0660  0.3070  0.2020  0.2360  0.1890  1
 38:   0.0160  0.2000  0.2430  0.2550  0.2860  1
 39:   0.0120  0.1710  0.1970  0.2980  0.3220  1
 40:   0.0110  0.2220  0.2920  0.2750  0.2000  1
 41:   0.0180  0.3087  0.1928  0.2288  0.2517  1
 42:   0.0220  0.2448  0.2268  0.2627  0.2438  1
 43:   0.0290  0.3050  0.1760  0.2500  0.2400  1
 44:   0.0090  0.1638  0.1838  0.2857  0.3576  1
 45:   0.0170  0.2820  0.1980  0.2620  0.2410  1
 46:   0.0250  0.2553  0.1792  0.2553  0.2853  1
 47:   0.0260  0.3047  0.2028  0.2318  0.2348  1
 48:   0.0370  0.1740  0.2800  0.2760  0.2330  1
 49:   0.0440  0.1870  0.3520  0.2330  0.1840  1
 50:   0.0691  0.3313  0.1622  0.2132  0.2242  1
 51:   0.0450  0.3110  0.1920  0.2080  0.2440  1
 52:   0.0490  0.1840  0.2900  0.2530  0.2240  1
 53:   0.0230  0.0980  0.5060  0.2700  0.1030  1
 54:   0.0110  0.3337  0.1788  0.2228  0.2537  1
 55:   0.0080  0.1622  0.4194  0.2192  0.1912  1
 56:   0.0210  0.2720  0.2020  0.2390  0.2660  1
 57:   0.0700  0.2580  0.1500  0.2630  0.2590  1
 58:   0.0220  0.2238  0.3197  0.2308  0.2038  1
 59:   0.0120  0.2310  0.2620  0.2240  0.2710  1
 60:   0.0330  0.1730  0.2940  0.2950  0.2050  1
 61:   0.0070  0.3636  0.1978  0.2148  0.2168  1
 62:   0.0180  0.1940  0.2510  0.2740  0.2630  1
 63:   0.0330  0.3340  0.1770  0.2160  0.2400  1
 64:   0.0220  0.2390  0.2120  0.2340  0.2930  1
 65:   0.0100  0.2557  0.1918  0.2338  0.3087  1
 66:   0.0110  0.2520  0.1870  0.2310  0.3190  1
 67:   0.0150  0.1860  0.2430  0.2330  0.3230  1
 68:   0.0390  0.3930  0.1630  0.2200  0.1850  1
 69:   0.0090  0.2977  0.1878  0.2278  0.2777  1
 70:   0.0170  0.1530  0.3700  0.2430  0.2170  1
 71:   0.0140  0.3310  0.1860  0.2410  0.2280  1
 72:   0.0050  0.2420  0.1640  0.2450  0.3440  1
 73:   0.0420  0.2420  0.2050  0.2460  0.2650  1
 74:   0.0080  0.2583  0.2593  0.2212  0.2533  1
 75:   0.0170  0.1942  0.1622  0.2983  0.3283  1
 76:   0.0830  0.3590  0.1580  0.1920  0.2080  1
 77:   0.0940  0.1390  0.1760  0.2610  0.3300  1
 78:   0.0160  0.2767  0.2268  0.2408  0.2398  1
 79:   0.0090  0.2110  0.3810  0.2360  0.1630  1
 80:   0.0180  0.4370  0.1500  0.1860  0.2090  1
 81:   0.0170  0.2380  0.3220  0.2420  0.1810  1
 82:   0.0080  0.5355  0.1419  0.1429  0.1718  1
 83:   0.0160  0.3493  0.2112  0.2302  0.1932  1
 84:   0.0180  0.3130  0.2320  0.2190  0.2180  1
 85:   0.0150  0.2448  0.1948  0.2567  0.2887  1
 86:   0.0230  0.2170  0.2920  0.2270  0.2410  1
 87:   0.0090  0.2420  0.1920  0.2210  0.3360  1
 88:   0.0230  0.2963  0.1652  0.2272  0.2883  1
 89:   0.0100  0.5140  0.1470  0.1520  0.1770  1
 90:   0.0110  0.3490  0.1860  0.2460  0.2080  1
 91:   0.0110  0.2530  0.2190  0.2400  0.2770  1
 92:   0.0090  0.2400  0.2320  0.2430  0.2760  1
 93:   0.0240  0.1900  0.2800  0.2430  0.2630  1
 94:   0.0060  0.1410  0.4170  0.2580  0.1780  1
 95:   0.0150  0.2048  0.3437  0.2388  0.1978  1
 96:   0.1880  0.1870  0.2490  0.2110  0.1650  1
 97:   0.0120  0.2140  0.2900  0.2320  0.2520  1
 98:   0.0190  0.1770  0.2940  0.2530  0.2570  1
 99:   0.0220  0.2600  0.2210  0.2210  0.2760  1
100:   0.0250  0.2510  0.2900  0.2290  0.2050  1
101:   0.0250  0.2330  0.1700  0.2760  0.2960  1
102:   0.0120  0.2368  0.2438  0.2727  0.2348  1
103:   0.0490  0.2102  0.2813  0.2262  0.2332  1
104:   0.0110  0.2827  0.1958  0.2168  0.2937  1
105:   0.0210  0.3397  0.1728  0.2138  0.2527  1
106:   0.0210  0.3370  0.1810  0.2140  0.2470  1
107:   0.1000  0.2780  0.2090  0.2510  0.1620  1
108:   0.0070  0.1340  0.4500  0.2360  0.1730  1
109:   0.0320  0.1982  0.3844  0.2212  0.1642  1
110:   0.0090  0.2943  0.1902  0.2412  0.2653  1
111:   0.0190  0.1778  0.1618  0.2807  0.3606  1
112:   0.0130  0.1800  0.3450  0.2450  0.2170  1
113:   0.0060  0.2620  0.2160  0.2570  0.2590  1
114:   0.0800  0.2750  0.2160  0.2430  0.1860  1
115:   0.0100  0.2710  0.2290  0.2310  0.2590  1
116:   0.0260  0.3830  0.1580  0.2320  0.2010  1
117:   0.0130  0.2452  0.2392  0.2623  0.2402  1
118:   0.0170  0.1798  0.3896  0.2298  0.1838  1
119:   0.0160  0.1850  0.3760  0.2210  0.2020  1
120:   0.2208  0.1858  0.2288  0.1898  0.1748  1
121:   0.0770  0.2150  0.3160  0.2160  0.1760  1
122:   0.0060  0.2180  0.1900  0.2680  0.3180  1
123:   0.0120  0.2900  0.2460  0.2190  0.2330  1
124:   0.0200  0.2517  0.2837  0.2288  0.2158  1
125:   0.0070  0.2570  0.1760  0.2530  0.3070  1
126:   0.0070  0.1740  0.2890  0.2360  0.2940  1
127:   0.0270  0.1870  0.1500  0.2820  0.3540  1
128:   0.0210  0.2600  0.1880  0.2290  0.3020  1
129:   0.0180  0.2740  0.1920  0.2560  0.2600  1
130:   0.0160  0.1900  0.4070  0.2240  0.1630  1
131:   0.0110  0.2300  0.1910  0.2380  0.3300  1
132:   0.0851  0.2673  0.2643  0.2162  0.1672  1
133:   0.0070  0.2078  0.2857  0.2458  0.2537  1
134:   0.0090  0.2120  0.2000  0.2640  0.3150  1
135:   0.0060  0.1080  0.4850  0.2640  0.1370  1
136:   0.0060  0.2590  0.2010  0.2210  0.3130  1
137:   0.0300  0.2088  0.3277  0.2238  0.2098  1
138:   0.0340  0.2760  0.2170  0.2580  0.2150  1
139:   0.0150  0.2242  0.2182  0.2322  0.3103  1
140:   0.0850  0.1520  0.3970  0.2360  0.1300  1
141:   0.0070  0.1708  0.1568  0.2977  0.3676  1
142:   0.0160  0.1778  0.2338  0.2488  0.3237  1
143:   0.5786  0.1171  0.1061  0.1141  0.0841  1
144:   0.0120  0.2880  0.1780  0.2350  0.2870  1
145:   0.0570  0.2620  0.2770  0.2290  0.1750  1
146:   0.0060  0.0940  0.5250  0.2670  0.1080  1
147:   0.2623  0.2663  0.1481  0.1742  0.1491  1
148:   0.0210  0.1872  0.2933  0.2372  0.2613  1
149:   0.0250  0.1740  0.1710  0.2800  0.3500  1
150:   0.0270  0.2520  0.2440  0.2310  0.2460  1
151:   0.0200  0.1339  0.3996  0.2647  0.1818  1
152:   0.0120  0.1712  0.3594  0.2613  0.1962  1
153:   0.0170  0.2490  0.1640  0.2270  0.3430  1
154:   0.0060  0.1100  0.4880  0.2640  0.1320  1
155:   0.0260  0.1940  0.1630  0.2910  0.3260  1
156:   0.0130  0.2058  0.2208  0.2757  0.2847  1
157:   0.0360  0.2240  0.1810  0.2640  0.2950  1
158:   0.0110  0.2637  0.2068  0.2428  0.2757  1
159:   0.0120  0.4630  0.1390  0.1880  0.1980  1
160:   0.0080  0.2633  0.2182  0.2392  0.2713  1
161:   0.0470  0.1840  0.1930  0.2690  0.3070  1
162:   0.0200  0.1800  0.1800  0.2790  0.3410  1
163:   0.0140  0.2048  0.3566  0.2088  0.2158  1
164:   0.0070  0.2800  0.2240  0.2330  0.2560  1
165:   0.0460  0.2833  0.1882  0.2332  0.2492  1
166:   0.0230  0.1530  0.4250  0.2650  0.1340  1
167:   0.0090  0.2470  0.1970  0.2700  0.2770  1
168:   0.0200  0.1818  0.3526  0.2468  0.1988  1
169:   0.0561  0.2863  0.1672  0.2292  0.2613  1
170:   0.0230  0.2128  0.2448  0.2398  0.2797  1
171:   0.0090  0.2130  0.2100  0.2350  0.3330  1
172:   0.0160  0.1838  0.2188  0.2527  0.3287  1
173:   0.0740  0.2230  0.1900  0.2320  0.2810  1
174:   0.0300  0.3740  0.1940  0.2190  0.1830  1
175:   0.0210  0.3510  0.2080  0.2290  0.1910  1
176:   0.0260  0.2162  0.2282  0.2332  0.2963  1
177:   0.0220  0.2360  0.2720  0.2430  0.2270  1
178:   0.0540  0.2410  0.1810  0.2370  0.2870  1
179:   0.0090  0.1230  0.4370  0.2720  0.1590  1
180:   0.0200  0.2040  0.1840  0.2750  0.3170  1
181:   0.1700  0.2010  0.1610  0.2060  0.2620  1
182:   0.0300  0.2020  0.2450  0.2680  0.2550  1
183:   0.0190  0.3063  0.1982  0.2352  0.2412  1
184:   0.0410  0.1642  0.3473  0.2653  0.1822  1
185:   0.0310  0.2527  0.1838  0.2228  0.3097  1
186:   0.0160  0.2527  0.1968  0.2468  0.2877  1
187:   0.0200  0.3280  0.2000  0.2280  0.2240  1
188:   0.0260  0.2897  0.2288  0.2657  0.1898  1
189:   0.0220  0.1380  0.3770  0.2630  0.2000  1
190:   0.0170  0.1832  0.2873  0.2943  0.2182  1
191:   0.0330  0.1970  0.1750  0.2620  0.3330  1
192:   0.0160  0.2110  0.2730  0.2590  0.2410  1
193:   0.0900  0.3050  0.1790  0.2160  0.2100  1
