 1:   0.1668  0.1668  0.1668  0.1668  0.1668  0.1658  1
 2:   0.1660  0.1680  0.1650  0.1680  0.1660  0.1670  1
 3:   0.1660  0.1660  0.1670  0.1670  0.1650  0.1690  1
 4:   0.1680  0.1670  0.1660  0.1680  0.1650  0.1660  1
 5:   0.1670  0.1670  0.1660  0.1660  0.1670  0.1670  1
 6:   0.1658  0.1668  0.1668  0.1678  0.1658  0.1668  1
 7:   0.1668  0.1668  0.1668  0.1658  0.1678  0.1658  1
 8:   0.1678  0.1668  0.1658  0.1678  0.1668  0.1648  1
 9:   0.1682  0.1672  0.1662  0.1672  0.1672  0.1642  1
10:   0.1670  0.1680  0.1680  0.1660  0.1680  0.1630  1
11:   0.1668  0.1668  0.1668  0.1658  0.1668  0.1668  1
12:   0.1680  0.1680  0.1670  0.1660  0.1650  0.1660  1
13:   0.1658  0.1668  0.1658  0.1648  0.1688  0.1678  1
14:   0.1678  0.1678  0.1658  0.1658  0.1668  0.1658  1
15:   0.1672  0.1672  0.1652  0.1682  0.1662  0.1662  1
16:   0.1670  0.1680  0.1680  0.1670  0.1670  0.1630  1

 1:   0.1668  0.1658  0.1668  0.1678  0.1678  0.1648  1
 2:   0.1680  0.1680  0.1670  0.1670  0.1640  0.1660  1
 3:   0.1652  0.1652  0.1672  0.1682  0.1662  0.1682  1
 4:   0.1678  0.1668  0.1668  0.1668  0.1658  0.1658  1
 5:   0.1660  0.1680  0.1670  0.1660  0.1670  0.1660  1
 6:   0.1690  0.1690  0.1660  0.1660  0.1650  0.1650  1
 7:   0.1670  0.1670  0.1670  0.1640  0.1680  0.1670  1
 8:   0.1682  0.1682  0.1662  0.1652  0.1662  0.1662  1
 9:   0.1660  0.1680  0.1670  0.1660  0.1670  0.1660  1
10:   0.1678  0.1698  0.1668  0.1658  0.1648  0.1648  1
11:   0.1660  0.1680  0.1680  0.1650  0.1670  0.1660  1
12:   0.1680  0.1680  0.1660  0.1650  0.1680  0.1650  1
13:   0.1657  0.1657  0.1667  0.1677  0.1667  0.1677  1
14:   0.1670  0.1680  0.1660  0.1660  0.1670  0.1660  1
15:   0.1668  0.1678  0.1658  0.1658  0.1668  0.1668  1
16:   0.1670  0.1690  0.1670  0.1660  0.1650  0.1660  1

 1:   0.1658  0.1688  0.1668  0.1678  0.1668  0.1638  1
 2:   0.1690  0.1670  0.1650  0.1660  0.1660  0.1670  1
 3:   0.1652  0.1642  0.1682  0.1682  0.1662  0.1682  1
 4:   0.1672  0.1652  0.1662  0.1682  0.1652  0.1682  1
 5:   0.1652  0.1662  0.1682  0.1662  0.1672  0.1672  1
 6:   0.1690  0.1710  0.1690  0.1650  0.1660  0.1600  1
 7:   0.1660  0.1660  0.1660  0.1680  0.1680  0.1660  1
 8:   0.1682  0.1642  0.1692  0.1672  0.1662  0.1652  1
 9:   0.1670  0.1680  0.1670  0.1670  0.1680  0.1630  1
10:   0.1718  0.1708  0.1648  0.1648  0.1668  0.1608  1
11:   0.1668  0.1668  0.1668  0.1668  0.1658  0.1668  1
12:   0.1667  0.1667  0.1667  0.1677  0.1677  0.1647  1
13:   0.1668  0.1658  0.1678  0.1658  0.1658  0.1678  1
14:   0.1682  0.1682  0.1672  0.1662  0.1682  0.1622  1
15:   0.1678  0.1678  0.1668  0.1658  0.1658  0.1658  1
16:   0.1700  0.1730  0.1660  0.1630  0.1660  0.1620  1

 1:   0.1648  0.1678  0.1678  0.1668  0.1678  0.1648  1
 2:   0.1740  0.1720  0.1650  0.1670  0.1620  0.1600  1
 3:   0.1630  0.1680  0.1690  0.1730  0.1610  0.1660  1
 4:   0.1652  0.1642  0.1712  0.1672  0.1682  0.1642  1
 5:   0.1680  0.1700  0.1650  0.1660  0.1620  0.1690  1
 6:   0.1700  0.1730  0.1670  0.1650  0.1660  0.1590  1
 7:   0.1658  0.1698  0.1648  0.1678  0.1648  0.1668  1
 8:   0.1632  0.1692  0.1672  0.1692  0.1692  0.1622  1
 9:   0.1667  0.1697  0.1707  0.1677  0.1677  0.1577  1
10:   0.1702  0.1722  0.1682  0.1592  0.1702  0.1602  1
11:   0.1650  0.1710  0.1690  0.1630  0.1670  0.1650  1
12:   0.1720  0.1640  0.1690  0.1650  0.1660  0.1640  1
13:   0.1630  0.1650  0.1670  0.1690  0.1670  0.1690  1
14:   0.1690  0.1680  0.1660  0.1670  0.1680  0.1620  1
15:   0.1660  0.1640  0.1670  0.1670  0.1730  0.1630  1
16:   0.1660  0.1660  0.1720  0.1680  0.1690  0.1590  1

 1:   0.1630  0.1670  0.1650  0.1700  0.1670  0.1680  1
 2:   0.1718  0.1668  0.1638  0.1708  0.1598  0.1668  1
 3:   0.1680  0.1630  0.1690  0.1710  0.1600  0.1690  1
 4:   0.1628  0.1658  0.1708  0.1678  0.1638  0.1688  1
 5:   0.1670  0.1650  0.1670  0.1660  0.1660  0.1690  1
 6:   0.1670  0.1800  0.1710  0.1620  0.1630  0.1570  1
 7:   0.1652  0.1682  0.1642  0.1682  0.1672  0.1672  1
 8:   0.1652  0.1712  0.1652  0.1652  0.1672  0.1662  1
 9:   0.1678  0.1808  0.1608  0.1618  0.1648  0.1638  1
10:   0.1670  0.1800  0.1590  0.1650  0.1630  0.1660  1
11:   0.1740  0.1700  0.1690  0.1610  0.1640  0.1620  1
12:   0.1660  0.1730  0.1710  0.1660  0.1610  0.1630  1
13:   0.1650  0.1620  0.1710  0.1720  0.1630  0.1670  1
14:   0.1668  0.1728  0.1638  0.1698  0.1628  0.1638  1
15:   0.1640  0.1680  0.1680  0.1690  0.1600  0.1710  1
16:   0.1690  0.1750  0.1630  0.1640  0.1640  0.1650  1

