 1:   0.1655  0.1673  0.1667  0.1679  0.1673  0.1655  1
 2:   0.1698  0.1684  0.1652  0.1678  0.1636  0.1654  1
 3:   0.1655  0.1653  0.1681  0.1695  0.1637  0.1681  1
 4:   0.1662  0.1658  0.1682  0.1676  0.1656  0.1666  1
 5:   0.1666  0.1672  0.1666  0.1660  0.1658  0.1676  1
 6:   0.1682  0.1720  0.1680  0.1652  0.1652  0.1616  1
 7:   0.1662  0.1676  0.1658  0.1668  0.1672  0.1666  1
 8:   0.1665  0.1679  0.1667  0.1669  0.1671  0.1649  1
 9:   0.1671  0.1707  0.1663  0.1659  0.1669  0.1629  1
10:   0.1688  0.1722  0.1654  0.1642  0.1666  0.1630  1
11:   0.1677  0.1685  0.1679  0.1643  0.1661  0.1653  1
12:   0.1681  0.1679  0.1679  0.1659  0.1655  0.1645  1
13:   0.1653  0.1651  0.1677  0.1679  0.1663  0.1679  1
14:   0.1678  0.1690  0.1658  0.1670  0.1666  0.1640  1
15:   0.1664  0.1670  0.1666  0.1672  0.1664  0.1666  1
16:   0.1678  0.1702  0.1672  0.1656  0.1662  0.1630  1
