  1:   0.2693  0.3847  0.3459  1
  2:   0.2709  0.3575  0.3715  1
  3:   0.4035  0.3279  0.2685  1
  4:   0.3063  0.4373  0.2563  1
  5:   0.2346  0.2553  0.5101  1
  6:   0.3270  0.3326  0.3404  1
  7:   0.3542  0.3038  0.3420  1
  8:   0.4077  0.2923  0.2999  1
  9:   0.2997  0.4825  0.2179  1
 10:   0.5501  0.2476  0.2024  1
 11:   0.3901  0.2518  0.3581  1
 12:   0.4111  0.2977  0.2911  1
 13:   0.4366  0.3060  0.2574  1
 14:   0.2222  0.4998  0.2780  1
 15:   0.1786  0.2282  0.5932  1
 16:   0.4130  0.2784  0.3086  1
 17:   0.3189  0.4145  0.2667  1
 18:   0.1992  0.4425  0.3583  1
 19:   0.2430  0.4636  0.2934  1
 20:   0.3904  0.4184  0.1912  1
 21:   0.3625  0.2829  0.3547  1
 22:   0.2797  0.4543  0.2659  1
 23:   0.3189  0.2348  0.4463  1
 24:   0.4504  0.3130  0.2366  1
 25:   0.2681  0.3449  0.3870  1
 26:   0.2952  0.3368  0.3680  1
 27:   0.3481  0.3517  0.3003  1
 28:   0.3534  0.2294  0.4172  1
 29:   0.2293  0.4449  0.3259  1
 30:   0.3306  0.4036  0.2658  1
 31:   0.4326  0.3114  0.2560  1
 32:   0.2290  0.2597  0.5113  1
 33:   0.2516  0.3318  0.4166  1
 34:   0.2580  0.3977  0.3443  1
 35:   0.2412  0.4020  0.3568  1
 36:   0.2372  0.3342  0.4286  1
 37:   0.2952  0.3308  0.3740  1
 38:   0.3379  0.3611  0.3009  1
 39:   0.3217  0.3161  0.3621  1
 40:   0.2689  0.3049  0.4261  1
 41:   0.4661  0.2985  0.2354  1
 42:   0.3147  0.2272  0.4581  1
 43:   0.2708  0.4828  0.2464  1
 44:   0.3517  0.3839  0.2645  1
 45:   0.3073  0.2256  0.4671  1
 46:   0.3005  0.2899  0.4097  1
 47:   0.3348  0.4246  0.2406  1
 48:   0.1696  0.2264  0.6040  1
 49:   0.4123  0.4341  0.1536  1
 50:   0.3063  0.3971  0.2965  1
 51:   0.3178  0.4186  0.2636  1
 52:   0.5282  0.2605  0.2113  1
 53:   0.3185  0.3903  0.2913  1
 54:   0.3115  0.3855  0.3029  1
 55:   0.2130  0.2436  0.5434  1
 56:   0.2392  0.1992  0.5617  1
 57:   0.3931  0.3495  0.2575  1
 58:   0.1476  0.1890  0.6634  1
 59:   0.2851  0.2591  0.4557  1
 60:   0.3514  0.3772  0.2714  1
 61:   0.3848  0.3590  0.2562  1
 62:   0.4133  0.2268  0.3599  1
 63:   0.4620  0.2761  0.2619  1
 64:   0.3952  0.3356  0.2692  1
 65:   0.3325  0.3591  0.3085  1
 66:   0.3542  0.3670  0.2788  1
 67:   0.5016  0.2848  0.2136  1
 68:   0.3663  0.3167  0.3169  1
 69:   0.4958  0.2494  0.2548  1
 70:   0.3113  0.3029  0.3859  1
 71:   0.3753  0.3355  0.2891  1
 72:   0.4467  0.2975  0.2558  1
 73:   0.2494  0.3425  0.4081  1
 74:   0.3749  0.3795  0.2456  1
 75:   0.3531  0.3529  0.2939  1
 76:   0.3606  0.3522  0.2872  1
 77:   0.3019  0.2941  0.4040  1
 78:   0.3927  0.3691  0.2382  1
 79:   0.3567  0.2667  0.3765  1
 80:   0.4126  0.2954  0.2920  1
 81:   0.5540  0.2629  0.1831  1
 82:   0.3388  0.2378  0.4234  1
 83:   0.5368  0.2720  0.1912  1
 84:   0.3503  0.3241  0.3257  1
 85:   0.3359  0.2695  0.3946  1
 86:   0.2766  0.2418  0.4816  1
 87:   0.5145  0.2884  0.1971  1
 88:   0.2456  0.3004  0.4540  1
 89:   0.3182  0.4302  0.2516  1
 90:   0.3573  0.2829  0.3597  1
 91:   0.3451  0.3133  0.3417  1
 92:   0.3773  0.2308  0.3919  1
 93:   0.4784  0.3048  0.2168  1
 94:   0.3092  0.4818  0.2090  1
 95:   0.3237  0.2957  0.3807  1
 96:   0.3240  0.3766  0.2994  1
 97:   0.4868  0.2620  0.2512  1
 98:   0.3993  0.3245  0.2763  1
 99:   0.4786  0.2934  0.2280  1
100:   0.3723  0.3373  0.2905  1
101:   0.3959  0.3509  0.2531  1
102:   0.2450  0.2585  0.4965  1
103:   0.2042  0.3763  0.4195  1
104:   0.3948  0.2758  0.3294  1
105:   0.3436  0.3870  0.2694  1
106:   0.3463  0.3435  0.3101  1
107:   0.3698  0.2523  0.3780  1
108:   0.4097  0.2243  0.3659  1
109:   0.3547  0.3783  0.2669  1
110:   0.2504  0.5285  0.2212  1
111:   0.2674  0.3526  0.3800  1
112:   0.2508  0.4542  0.2950  1
113:   0.2965  0.2739  0.4297  1
114:   0.2785  0.4401  0.2813  1
115:   0.4137  0.2573  0.3291  1
116:   0.3364  0.2866  0.3770  1
117:   0.2000  0.2232  0.5769  1
118:   0.3146  0.4438  0.2416  1
119:   0.2038  0.2931  0.5031  1
120:   0.1754  0.2817  0.5429  1
121:   0.3681  0.3725  0.2593  1
122:   0.5119  0.3037  0.1844  1
123:   0.2354  0.2549  0.5097  1
124:   0.4469  0.2971  0.2559  1
125:   0.2883  0.2045  0.5072  1
126:   0.2939  0.3771  0.3291  1
127:   0.3343  0.2997  0.3661  1
128:   0.3136  0.2216  0.4648  1
129:   0.5019  0.2403  0.2579  1
130:   0.3483  0.4244  0.2273  1
131:   0.4224  0.3005  0.2771  1
132:   0.1779  0.2213  0.6008  1
133:   0.2199  0.4029  0.3772  1
134:   0.3094  0.3198  0.3708  1
135:   0.2624  0.5573  0.1804  1
136:   0.2865  0.3153  0.3983  1
137:   0.3356  0.3282  0.3362  1
138:   0.2384  0.3192  0.4424  1
139:   0.2428  0.3359  0.4213  1
140:   0.4790  0.2850  0.2360  1
141:   0.2891  0.3893  0.3215  1
142:   0.2118  0.2338  0.5543  1
143:   0.4488  0.2752  0.2760  1
144:   0.3134  0.3476  0.3390  1
145:   0.2286  0.4093  0.3621  1
146:   0.3331  0.4361  0.2308  1
147:   0.2941  0.3791  0.3267  1
148:   0.3547  0.3963  0.2490  1
149:   0.2761  0.2275  0.4964  1
150:   0.3348  0.4868  0.1784  1
151:   0.3790  0.4079  0.2131  1
152:   0.3410  0.3650  0.2940  1
153:   0.4018  0.3216  0.2766  1
154:   0.3407  0.2981  0.3613  1
155:   0.2342  0.2022  0.5636  1
156:   0.4000  0.3410  0.2590  1
157:   0.3007  0.2991  0.4001  1
158:   0.3435  0.2839  0.3725  1
159:   0.3071  0.2498  0.4431  1
160:   0.2559  0.2857  0.4585  1
161:   0.1952  0.3953  0.4095  1
162:   0.2796  0.4078  0.3126  1
163:   0.2984  0.4016  0.3000  1
164:   0.2824  0.1766  0.5410  1
165:   0.3366  0.3410  0.3224  1
166:   0.3575  0.3189  0.3235  1
167:   0.1789  0.2241  0.5970  1
168:   0.3272  0.3398  0.3330  1
169:   0.3701  0.3279  0.3021  1
170:   0.3724  0.4444  0.1832  1
171:   0.3198  0.2892  0.3910  1
172:   0.3177  0.4469  0.2354  1
173:   0.2428  0.2871  0.4701  1
174:   0.3502  0.3200  0.3298  1
175:   0.3488  0.4214  0.2298  1
176:   0.3051  0.4937  0.2012  1
177:   0.5406  0.2474  0.2120  1
178:   0.3652  0.3434  0.2914  1
179:   0.3022  0.2714  0.4264  1
180:   0.4025  0.3713  0.2262  1
181:   0.2350  0.2948  0.4702  1
182:   0.5631  0.2124  0.2246  1
183:   0.2131  0.5100  0.2769  1
184:   0.3540  0.3754  0.2706  1
185:   0.2755  0.3441  0.3805  1
186:   0.2777  0.3817  0.3407  1
187:   0.2797  0.4483  0.2719  1
188:   0.2342  0.3043  0.4615  1
189:   0.3409  0.4059  0.2532  1
190:   0.3741  0.3731  0.2528  1
191:   0.2592  0.3610  0.3798  1
192:   0.3907  0.2682  0.3411  1
193:   0.2981  0.3755  0.3265  1
194:   0.2416  0.2726  0.4858  1
195:   0.4386  0.2930  0.2684  1
196:   0.2785  0.4111  0.3103  1
197:   0.2480  0.2937  0.4583  1
198:   0.2656  0.3968  0.3376  1
199:   0.4761  0.2210  0.3029  1
200:   0.2565  0.3353  0.4082  1
201:   0.4974  0.2875  0.2151  1
202:   0.3348  0.3634  0.3018  1
203:   0.4148  0.2678  0.3174  1
204:   0.3876  0.3744  0.2380  1
205:   0.4084  0.2967  0.2949  1
206:   0.4454  0.2876  0.2670  1
207:   0.3171  0.2525  0.4303  1
208:   0.3731  0.4075  0.2194  1
209:   0.3526  0.2556  0.3918  1
210:   0.3481  0.3789  0.2729  1
211:   0.4778  0.3172  0.2050  1
212:   0.2148  0.4301  0.3551  1
213:   0.2947  0.2905  0.4149  1
214:   0.4694  0.3074  0.2232  1
215:   0.2703  0.3235  0.4063  1
216:   0.3759  0.2861  0.3381  1
217:   0.2400  0.3830  0.3770  1
218:   0.2420  0.2462  0.5118  1
219:   0.3125  0.4370  0.2505  1
220:   0.3691  0.2927  0.3381  1
221:   0.4974  0.2492  0.2534  1
222:   0.2855  0.3199  0.3947  1
223:   0.2598  0.2846  0.4556  1
224:   0.4089  0.2919  0.2991  1
225:   0.4588  0.2930  0.2482  1
226:   0.2596  0.3967  0.3437  1
227:   0.4206  0.2571  0.3223  1
228:   0.3163  0.3303  0.3535  1
229:   0.3483  0.3477  0.3039  1
230:   0.2298  0.5096  0.2605  1
231:   0.2945  0.3773  0.3281  1
232:   0.3770  0.2244  0.3986  1
233:   0.2546  0.4869  0.2585  1
234:   0.2983  0.3539  0.3479  1
235:   0.3300  0.3964  0.2736  1
236:   0.2691  0.3041  0.4269  1
237:   0.3819  0.2673  0.3509  1
238:   0.2957  0.4179  0.2863  1
239:   0.3621  0.4063  0.2316  1
240:   0.3186  0.3620  0.3194  1
241:   0.4420  0.2843  0.2737  1
242:   0.4184  0.2653  0.3163  1
243:   0.3111  0.2715  0.4174  1
244:   0.4383  0.3021  0.2596  1
245:   0.3090  0.3660  0.3250  1
246:   0.2733  0.2969  0.4298  1
247:   0.3401  0.3887  0.2711  1
248:   0.2674  0.4450  0.2876  1
249:   0.3431  0.3877  0.2691  1
250:   0.2268  0.2757  0.4975  1
251:   0.2514  0.3277  0.4209  1
252:   0.4469  0.2975  0.2555  1
253:   0.3912  0.2530  0.3558  1
254:   0.2441  0.4676  0.2883  1
255:   0.3993  0.3259  0.2747  1
256:   0.2733  0.2535  0.4731  1
257:   0.4001  0.3181  0.2817  1
258:   0.3379  0.3589  0.3033  1
259:   0.4151  0.3661  0.2188  1
260:   0.4043  0.2354  0.3603  1
261:   0.3387  0.4039  0.2573  1
262:   0.3290  0.3446  0.3264  1
263:   0.3456  0.4316  0.2228  1
264:   0.3827  0.2763  0.3409  1
265:   0.3503  0.4057  0.2440  1
266:   0.2905  0.2979  0.4117  1
267:   0.3674  0.3606  0.2720  1
268:   0.2644  0.4721  0.2635  1
269:   0.4417  0.3749  0.1834  1
270:   0.3705  0.4141  0.2154  1
271:   0.3102  0.3508  0.3390  1
272:   0.4067  0.3493  0.2440  1
273:   0.3535  0.3123  0.3343  1
274:   0.2520  0.5583  0.1896  1
275:   0.3929  0.3897  0.2174  1
276:   0.3031  0.2052  0.4917  1
277:   0.4973  0.2861  0.2166  1
278:   0.5233  0.3229  0.1538  1
279:   0.2722  0.2846  0.4432  1
280:   0.2922  0.2974  0.4104  1
281:   0.3868  0.4088  0.2044  1
282:   0.3627  0.3867  0.2506  1
283:   0.2787  0.3131  0.4083  1
284:   0.4245  0.2426  0.3329  1
285:   0.3311  0.3139  0.3551  1
286:   0.4407  0.3355  0.2238  1
287:   0.2254  0.2944  0.4802  1
288:   0.5473  0.2440  0.2086  1
289:   0.3060  0.3508  0.3432  1
290:   0.2812  0.3758  0.3430  1
291:   0.2008  0.3644  0.4348  1
292:   0.3638  0.2642  0.3720  1
293:   0.2522  0.4591  0.2887  1
294:   0.3989  0.3221  0.2789  1
295:   0.1738  0.1512  0.6751  1
296:   0.3830  0.2984  0.3186  1
297:   0.3159  0.4177  0.2665  1
298:   0.3177  0.3037  0.3787  1
299:   0.2002  0.1734  0.6265  1
300:   0.3066  0.3952  0.2982  1
301:   0.3040  0.3070  0.3890  1
302:   0.1632  0.2430  0.5938  1
303:   0.3074  0.4224  0.2702  1
304:   0.3834  0.2988  0.3178  1
305:   0.2566  0.3538  0.3896  1
306:   0.3405  0.2266  0.4329  1
307:   0.3721  0.3115  0.3165  1
308:   0.3729  0.3055  0.3215  1
309:   0.4414  0.3344  0.2242  1
310:   0.3685  0.4157  0.2158  1
311:   0.4207  0.2410  0.3383  1
312:   0.3817  0.4194  0.1989  1
313:   0.3563  0.3135  0.3301  1
314:   0.3674  0.2296  0.4030  1
315:   0.3722  0.2316  0.3962  1
316:   0.3641  0.3369  0.2989  1
317:   0.3825  0.4149  0.2026  1
318:   0.2956  0.5142  0.1902  1
319:   0.2549  0.3563  0.3887  1
320:   0.3063  0.2100  0.4837  1
321:   0.2387  0.4605  0.3009  1
322:   0.3492  0.3542  0.2966  1
323:   0.3582  0.3156  0.3262  1
324:   0.3924  0.3592  0.2485  1
325:   0.3113  0.4151  0.2735  1
326:   0.4918  0.2882  0.2200  1
327:   0.3141  0.3605  0.3253  1
328:   0.3177  0.3778  0.3045  1
329:   0.4223  0.2810  0.2966  1
330:   0.4774  0.2493  0.2733  1
331:   0.3999  0.3105  0.2897  1
332:   0.3931  0.3843  0.2226  1
333:   0.4310  0.3076  0.2614  1
334:   0.3447  0.4415  0.2138  1
335:   0.3640  0.2858  0.3502  1
336:   0.3798  0.3002  0.3200  1
337:   0.2669  0.4503  0.2827  1
338:   0.5004  0.2456  0.2540  1
339:   0.3212  0.2482  0.4306  1
340:   0.3014  0.4456  0.2530  1
341:   0.2468  0.2658  0.4874  1
342:   0.4591  0.2819  0.2589  1
343:   0.5504  0.2542  0.1954  1
344:   0.3531  0.4223  0.2246  1
345:   0.4728  0.2856  0.2416  1
346:   0.2788  0.3556  0.3656  1
347:   0.3538  0.2698  0.3764  1
348:   0.2759  0.3331  0.3911  1
349:   0.3563  0.3461  0.2975  1
350:   0.2937  0.3679  0.3383  1
351:   0.2606  0.3690  0.3704  1
352:   0.3280  0.3484  0.3236  1
353:   0.2835  0.2281  0.4883  1
354:   0.4777  0.2606  0.2617  1
355:   0.3838  0.3690  0.2472  1
356:   0.3408  0.3238  0.3354  1
357:   0.3221  0.3155  0.3625  1
358:   0.3895  0.2909  0.3197  1
359:   0.2300  0.2454  0.5246  1
360:   0.2474  0.3797  0.3729  1
361:   0.3366  0.2408  0.4226  1
362:   0.3088  0.4130  0.2782  1
363:   0.3156  0.4730  0.2114  1
364:   0.3886  0.3622  0.2492  1
365:   0.2783  0.3744  0.3473  1
366:   0.2740  0.2668  0.4591  1
367:   0.2958  0.3454  0.3588  1
368:   0.2777  0.2985  0.4237  1
369:   0.3071  0.2211  0.4719  1
370:   0.3214  0.2492  0.4294  1
371:   0.3861  0.2267  0.3871  1
372:   0.2758  0.2710  0.4532  1
373:   0.3099  0.3103  0.3797  1
374:   0.3091  0.3727  0.3183  1
375:   0.4160  0.3194  0.2646  1
376:   0.2761  0.3994  0.3245  1
377:   0.2058  0.3180  0.4762  1
378:   0.2892  0.3700  0.3408  1
379:   0.1954  0.2624  0.5422  1
380:   0.2166  0.2590  0.5244  1
381:   0.3173  0.3437  0.3389  1
382:   0.3826  0.2984  0.3190  1
383:   0.4127  0.2392  0.3481  1
384:   0.2055  0.4022  0.3924  1
385:   0.4101  0.3735  0.2164  1
386:   0.1640  0.1686  0.6674  1
387:   0.3067  0.3433  0.3501  1
388:   0.2066  0.2913  0.5021  1
389:   0.3798  0.3241  0.2961  1
390:   0.4570  0.2496  0.2934  1
391:   0.2433  0.2728  0.4839  1
392:   0.4531  0.2272  0.3197  1
393:   0.1957  0.3599  0.4444  1
394:   0.5673  0.2664  0.1662  1
395:   0.3598  0.3482  0.2920  1
396:   0.3364  0.4298  0.2338  1
397:   0.3973  0.4175  0.1852  1
398:   0.3292  0.2894  0.3814  1
399:   0.2751  0.3213  0.4035  1
400:   0.2959  0.2665  0.4377  1
401:   0.2583  0.3975  0.3443  1
402:   0.3131  0.3835  0.3033  1
403:   0.4518  0.3824  0.1658  1
404:   0.4463  0.2674  0.2863  1
405:   0.3618  0.3858  0.2524  1
406:   0.4067  0.2781  0.3151  1
407:   0.1818  0.3120  0.5062  1
408:   0.2973  0.3887  0.3141  1
409:   0.3184  0.3594  0.3222  1
410:   0.3524  0.3562  0.2914  1
411:   0.3945  0.4241  0.1814  1
412:   0.2513  0.3629  0.3858  1
413:   0.4560  0.3730  0.1710  1
414:   0.2338  0.3513  0.4149  1
415:   0.2592  0.2726  0.4682  1
416:   0.2327  0.5814  0.1859  1
417:   0.3291  0.3021  0.3689  1
418:   0.2942  0.3582  0.3476  1
419:   0.3990  0.2588  0.3422  1
420:   0.3016  0.5076  0.1908  1
421:   0.4241  0.3327  0.2432  1
422:   0.4012  0.3098  0.2890  1
423:   0.3061  0.4237  0.2703  1
424:   0.3535  0.4302  0.2163  1
425:   0.2830  0.3450  0.3720  1
426:   0.2697  0.2422  0.4881  1
427:   0.3009  0.2707  0.4285  1
428:   0.3325  0.3411  0.3263  1
429:   0.3192  0.2334  0.4474  1
430:   0.3417  0.3415  0.3167  1
431:   0.3625  0.4129  0.2246  1
432:   0.2482  0.3355  0.4163  1
433:   0.2365  0.3581  0.4054  1
434:   0.3159  0.4106  0.2735  1
435:   0.3276  0.3808  0.2916  1
436:   0.2976  0.3646  0.3378  1
437:   0.2512  0.3698  0.3790  1
438:   0.2054  0.2571  0.5375  1
439:   0.3558  0.3326  0.3116  1
440:   0.4634  0.2962  0.2404  1
441:   0.2667  0.3083  0.4249  1
442:   0.3618  0.4312  0.2070  1
443:   0.3313  0.3587  0.3101  1
444:   0.2849  0.2761  0.4389  1
445:   0.4555  0.2363  0.3083  1
446:   0.4212  0.3184  0.2604  1
447:   0.2979  0.4459  0.2563  1
448:   0.2863  0.3295  0.3843  1
449:   0.2896  0.4012  0.3092  1
450:   0.4126  0.3516  0.2358  1
451:   0.3699  0.2507  0.3793  1
452:   0.5171  0.2410  0.2420  1
453:   0.2761  0.4041  0.3197  1
454:   0.4104  0.4024  0.1871  1
455:   0.3817  0.2711  0.3473  1
456:   0.3781  0.2480  0.3739  1
457:   0.2128  0.3112  0.4760  1
458:   0.4403  0.2092  0.3505  1
459:   0.2999  0.2355  0.4646  1
460:   0.3670  0.3506  0.2824  1
461:   0.2467  0.5815  0.1718  1
462:   0.4676  0.3398  0.1926  1
463:   0.2770  0.2444  0.4786  1
464:   0.3238  0.3032  0.3730  1
465:   0.4423  0.2726  0.2851  1
466:   0.2160  0.2997  0.4843  1
467:   0.4059  0.3163  0.2777  1
468:   0.3454  0.2832  0.3714  1
469:   0.2715  0.3013  0.4273  1
470:   0.2414  0.3172  0.4414  1
471:   0.5149  0.2575  0.2276  1
472:   0.2049  0.3521  0.4430  1
473:   0.2379  0.4602  0.3019  1
474:   0.3492  0.3928  0.2580  1
475:   0.3802  0.2758  0.3440  1
476:   0.4251  0.2179  0.3571  1
477:   0.3311  0.3373  0.3317  1
478:   0.2510  0.5047  0.2444  1
479:   0.4610  0.2916  0.2474  1
480:   0.2212  0.4584  0.3204  1
481:   0.3627  0.3221  0.3153  1
482:   0.2164  0.3263  0.4573  1
483:   0.4344  0.2414  0.3242  1
484:   0.4051  0.4055  0.1894  1
485:   0.4962  0.2686  0.2352  1
486:   0.3294  0.3662  0.3044  1
487:   0.2772  0.3308  0.3920  1
488:   0.3494  0.2473  0.4032  1
489:   0.3514  0.3678  0.2808  1
490:   0.2598  0.3378  0.4024  1
491:   0.1890  0.2699  0.5411  1
492:   0.3407  0.2755  0.3837  1
493:   0.2985  0.3315  0.3699  1
494:   0.3168  0.2439  0.4393  1
495:   0.4890  0.3038  0.2072  1
496:   0.4227  0.3817  0.1956  1
497:   0.2602  0.4980  0.2418  1
498:   0.2989  0.4696  0.2315  1
499:   0.2139  0.3631  0.4230  1
500:   0.3059  0.2551  0.4391  1
501:   0.3687  0.3793  0.2521  1
502:   0.3662  0.3074  0.3264  1
503:   0.2754  0.4261  0.2985  1
504:   0.3190  0.4168  0.2642  1
505:   0.3331  0.2335  0.4335  1
506:   0.3763  0.3433  0.2805  1
507:   0.3580  0.3216  0.3204  1
508:   0.3573  0.4841  0.1586  1
509:   0.4192  0.2654  0.3154  1
510:   0.3505  0.4487  0.2008  1
511:   0.2438  0.2929  0.4633  1
512:   0.2206  0.6077  0.1718  1
513:   0.4264  0.4000  0.1736  1
514:   0.3045  0.4646  0.2309  1
515:   0.1624  0.2583  0.5793  1
516:   0.4527  0.2355  0.3119  1
517:   0.4926  0.2365  0.2709  1
518:   0.3205  0.4712  0.2083  1
519:   0.3291  0.3867  0.2843  1
520:   0.2961  0.2889  0.4149  1
521:   0.2999  0.3925  0.3077  1
522:   0.4002  0.3330  0.2668  1
523:   0.2769  0.3265  0.3967  1
524:   0.5365  0.2343  0.2292  1
525:   0.2754  0.2922  0.4324  1
526:   0.2739  0.3923  0.3337  1
527:   0.3056  0.3874  0.3070  1
528:   0.2237  0.2421  0.5341  1
529:   0.2961  0.3561  0.3479  1
530:   0.2625  0.2919  0.4456  1
531:   0.3930  0.2286  0.3784  1
532:   0.5363  0.2899  0.1738  1
533:   0.2148  0.5729  0.2124  1
534:   0.2878  0.2852  0.4270  1
535:   0.2527  0.3601  0.3873  1
536:   0.3047  0.3955  0.2997  1
537:   0.2396  0.3282  0.4322  1
538:   0.3952  0.2971  0.3077  1
539:   0.2535  0.4014  0.3451  1
540:   0.3385  0.2947  0.3669  1
541:   0.3827  0.2686  0.3487  1
542:   0.2024  0.2366  0.5610  1
543:   0.1921  0.1865  0.6214  1
544:   0.2346  0.2643  0.5011  1
545:   0.3239  0.3437  0.3323  1
546:   0.2314  0.2651  0.5035  1
547:   0.3940  0.3177  0.2883  1
548:   0.3341  0.3567  0.3093  1
549:   0.3564  0.3170  0.3266  1
550:   0.2909  0.3929  0.3163  1
551:   0.2248  0.2725  0.5027  1
552:   0.2868  0.4102  0.3030  1
553:   0.4184  0.3325  0.2491  1
554:   0.1485  0.2603  0.5912  1
555:   0.4189  0.3053  0.2757  1
556:   0.3276  0.4890  0.1834  1
557:   0.3456  0.3570  0.2974  1
558:   0.3503  0.1993  0.4504  1
559:   0.3599  0.3321  0.3081  1
560:   0.2061  0.2461  0.5478  1
561:   0.4357  0.2795  0.2847  1
562:   0.2449  0.3013  0.4539  1
563:   0.3785  0.2827  0.3387  1
564:   0.3331  0.3675  0.2995  1
565:   0.3199  0.3191  0.3609  1
566:   0.4128  0.3166  0.2706  1
567:   0.3635  0.2632  0.3733  1
568:   0.2233  0.4346  0.3421  1
569:   0.3891  0.3849  0.2260  1
570:   0.3037  0.3475  0.3489  1
571:   0.3415  0.3177  0.3409  1
572:   0.2590  0.5120  0.2290  1
573:   0.3568  0.2518  0.3914  1
574:   0.4434  0.3025  0.2541  1
575:   0.4607  0.2163  0.3230  1
576:   0.3311  0.2803  0.3887  1
577:   0.3608  0.3844  0.2548  1
578:   0.3711  0.2693  0.3597  1
579:   0.3655  0.3153  0.3191  1
580:   0.3554  0.4056  0.2390  1
581:   0.2570  0.2762  0.4668  1
582:   0.3803  0.3625  0.2571  1
583:   0.3123  0.2764  0.4113  1
584:   0.3033  0.3013  0.3954  1
585:   0.3988  0.3414  0.2598  1
586:   0.4030  0.2212  0.3758  1
587:   0.3432  0.4460  0.2108  1
588:   0.4695  0.3079  0.2226  1
589:   0.2990  0.2878  0.4132  1
590:   0.3962  0.3342  0.2696  1
591:   0.3010  0.2858  0.4132  1
592:   0.3279  0.4270  0.2451  1
593:   0.3135  0.2594  0.4271  1
594:   0.2340  0.3189  0.4471  1
595:   0.2700  0.3270  0.4030  1
596:   0.2598  0.4376  0.3026  1
597:   0.2864  0.3518  0.3618  1
598:   0.3125  0.2698  0.4177  1
599:   0.3377  0.2057  0.4566  1
600:   0.3164  0.3796  0.3040  1
601:   0.3702  0.3702  0.2596  1
602:   0.3563  0.3921  0.2516  1
603:   0.3097  0.3891  0.3013  1
604:   0.2301  0.3911  0.3789  1
605:   0.3205  0.5037  0.1758  1
606:   0.2857  0.2378  0.4765  1
607:   0.4030  0.3464  0.2506  1
608:   0.2773  0.4183  0.3043  1
609:   0.3392  0.2984  0.3624  1
610:   0.5224  0.2268  0.2508  1
611:   0.4586  0.2615  0.2799  1
612:   0.3912  0.3034  0.3054  1
613:   0.3569  0.3715  0.2717  1
614:   0.2618  0.3216  0.4166  1
615:   0.3243  0.4973  0.1784  1
616:   0.4648  0.2742  0.2610  1
617:   0.2730  0.3870  0.3400  1
618:   0.5205  0.3071  0.1724  1
619:   0.4012  0.2556  0.3432  1
620:   0.2549  0.2369  0.5082  1
621:   0.2683  0.3677  0.3641  1
622:   0.4064  0.3326  0.2610  1
623:   0.4472  0.3048  0.2480  1
624:   0.4392  0.3382  0.2226  1
625:   0.3379  0.2779  0.3843  1
626:   0.5184  0.2804  0.2012  1
627:   0.2262  0.4058  0.3680  1
628:   0.2596  0.4723  0.2681  1
629:   0.4196  0.3094  0.2710  1
630:   0.2879  0.3505  0.3615  1
631:   0.2324  0.3319  0.4357  1
632:   0.2358  0.2360  0.5282  1
633:   0.3623  0.3421  0.2957  1
634:   0.4549  0.3383  0.2068  1
635:   0.3679  0.4039  0.2282  1
636:   0.3507  0.3347  0.3145  1
637:   0.2750  0.3836  0.3414  1
638:   0.4735  0.3293  0.1972  1
639:   0.2851  0.3583  0.3567  1
640:   0.3195  0.3593  0.3213  1
641:   0.3631  0.3095  0.3273  1
642:   0.4203  0.2897  0.2901  1
643:   0.2393  0.4723  0.2883  1
644:   0.5836  0.2674  0.1490  1
645:   0.2300  0.2820  0.4880  1
646:   0.3900  0.3220  0.2880  1
647:   0.2497  0.4145  0.3357  1
648:   0.2982  0.3646  0.3372  1
649:   0.3701  0.1956  0.4343  1
650:   0.3962  0.2495  0.3543  1
651:   0.2089  0.3768  0.4143  1
652:   0.1846  0.2266  0.5887  1
653:   0.1940  0.2448  0.5612  1
654:   0.3241  0.3493  0.3267  1
655:   0.3597  0.3813  0.2589  1
656:   0.2703  0.5750  0.1547  1
657:   0.3042  0.3374  0.3584  1
658:   0.3173  0.2438  0.4389  1
659:   0.2945  0.3155  0.3900  1
660:   0.2376  0.4200  0.3424  1
661:   0.3846  0.4122  0.2032  1
662:   0.4946  0.2922  0.2132  1
663:   0.3223  0.4027  0.2749  1
664:   0.3069  0.3125  0.3807  1
665:   0.2352  0.3374  0.4274  1
666:   0.2290  0.3231  0.4479  1
667:   0.4236  0.2158  0.3606  1
668:   0.3585  0.3574  0.2841  1
669:   0.3078  0.2826  0.4096  1
670:   0.2807  0.3519  0.3673  1
671:   0.2560  0.5485  0.1954  1
672:   0.1946  0.2184  0.5869  1
673:   0.3099  0.4149  0.2753  1
674:   0.2757  0.4408  0.2835  1
675:   0.2157  0.5492  0.2351  1
676:   0.4504  0.3459  0.2037  1
677:   0.4819  0.2383  0.2799  1
678:   0.3450  0.3290  0.3260  1
679:   0.2777  0.4221  0.3003  1
680:   0.4417  0.2770  0.2813  1
681:   0.2360  0.4103  0.3537  1
682:   0.4142  0.4230  0.1627  1
683:   0.4339  0.3145  0.2516  1
684:   0.1852  0.3112  0.5036  1
685:   0.3195  0.3798  0.3007  1
686:   0.2603  0.3457  0.3941  1
687:   0.2518  0.4773  0.2709  1
688:   0.4052  0.2533  0.3415  1
689:   0.2431  0.6096  0.1473  1
690:   0.2950  0.3584  0.3466  1
691:   0.2120  0.4318  0.3562  1
692:   0.4143  0.2651  0.3205  1
693:   0.4382  0.3280  0.2338  1
694:   0.2817  0.2833  0.4351  1
695:   0.2820  0.5213  0.1966  1
696:   0.3548  0.2588  0.3864  1
697:   0.3094  0.2632  0.4274  1
698:   0.2964  0.4374  0.2662  1
699:   0.2399  0.5249  0.2352  1
700:   0.5021  0.2112  0.2867  1
701:   0.3279  0.3541  0.3179  1
702:   0.3125  0.3035  0.3841  1
703:   0.3891  0.2380  0.3729  1
704:   0.5077  0.2821  0.2102  1
705:   0.2824  0.2362  0.4814  1
706:   0.3917  0.2761  0.3321  1
707:   0.4196  0.2914  0.2890  1
708:   0.3054  0.2626  0.4320  1
709:   0.3203  0.4121  0.2677  1
710:   0.3144  0.2962  0.3894  1
711:   0.2867  0.2821  0.4313  1
712:   0.2622  0.5311  0.2068  1
713:   0.3346  0.3262  0.3392  1
714:   0.4019  0.2712  0.3269  1
715:   0.3271  0.3163  0.3567  1
716:   0.2627  0.4859  0.2514  1
717:   0.2404  0.2767  0.4829  1
718:   0.3880  0.2846  0.3274  1
719:   0.5390  0.2860  0.1750  1
720:   0.2667  0.2647  0.4685  1
721:   0.3534  0.4086  0.2380  1
722:   0.3279  0.2278  0.4443  1
723:   0.4201  0.3079  0.2719  1
724:   0.2224  0.4802  0.2974  1
725:   0.3544  0.4074  0.2382  1
726:   0.3438  0.3686  0.2876  1
727:   0.2683  0.3395  0.3921  1
728:   0.3914  0.2444  0.3642  1
729:   0.3367  0.4077  0.2555  1
730:   0.2824  0.2088  0.5088  1
731:   0.2610  0.3094  0.4296  1
732:   0.3117  0.2575  0.4309  1
733:   0.2638  0.4294  0.3068  1
734:   0.3394  0.3414  0.3192  1
735:   0.4068  0.2568  0.3364  1
736:   0.3789  0.2721  0.3489  1
737:   0.2504  0.5333  0.2162  1
738:   0.3484  0.3114  0.3402  1
739:   0.2359  0.2828  0.4813  1
740:   0.2935  0.2891  0.4174  1
741:   0.2880  0.3386  0.3734  1
742:   0.4614  0.2798  0.2588  1
743:   0.2023  0.5871  0.2106  1
744:   0.2536  0.4663  0.2801  1
745:   0.4871  0.2573  0.2556  1
746:   0.5588  0.2456  0.1956  1
747:   0.2746  0.2436  0.4818  1
748:   0.3122  0.3934  0.2944  1
749:   0.2904  0.3878  0.3218  1
750:   0.3621  0.3209  0.3169  1
751:   0.3048  0.2750  0.4202  1
752:   0.3527  0.4241  0.2232  1
753:   0.2605  0.3437  0.3959  1
754:   0.3820  0.2156  0.4024  1
755:   0.2543  0.3847  0.3609  1
756:   0.4699  0.2013  0.3289  1
757:   0.3171  0.2865  0.3963  1
758:   0.2362  0.2112  0.5525  1
759:   0.3983  0.3447  0.2569  1
760:   0.3460  0.4722  0.1818  1
761:   0.3791  0.2951  0.3257  1
762:   0.1676  0.2164  0.6159  1
763:   0.3451  0.4119  0.2430  1
764:   0.4046  0.2921  0.3033  1
765:   0.5142  0.2580  0.2278  1
766:   0.2520  0.3126  0.4354  1
767:   0.1932  0.2893  0.5175  1
768:   0.2710  0.2906  0.4384  1
769:   0.4778  0.2310  0.2912  1
770:   0.3945  0.4217  0.1838  1
771:   0.3617  0.4123  0.2260  1
772:   0.4425  0.3265  0.2310  1
773:   0.2238  0.2238  0.5523  1
774:   0.2763  0.2643  0.4594  1
775:   0.4939  0.2548  0.2513  1
776:   0.3670  0.3524  0.2806  1
777:   0.3092  0.3602  0.3306  1
778:   0.3421  0.3619  0.2961  1
779:   0.3203  0.3719  0.3077  1
780:   0.3461  0.4490  0.2049  1
781:   0.3462  0.2676  0.3862  1
