1:    0.358 0.258 0.385 1    
2:    0.370 0.264 0.365 1    
3:    0.269 0.398 0.333 1    
4:    0.254 0.276 0.469 1    
5:    0.516 0.237 0.247 1    
6:    0.328 0.344 0.328 1    
7:    0.342 0.353 0.305 1    
8:    0.302 0.428 0.270 1    
9:    0.202 0.267 0.532 1    
10:   0.205 0.612 0.183 1    
11:   0.352 0.415 0.232 1    
12:   0.290 0.423 0.287 1    
13:   0.251 0.460 0.289 1    
14:   0.262 0.180 0.558 1    
15:   0.597 0.170 0.233 1    
16:   0.301 0.457 0.242 1    
17:   0.263 0.282 0.455 1    
18:   0.361 0.168 0.471 1    
19:   0.295 0.218 0.487 1    
20:   0.185 0.367 0.448 1    
21:   0.371 0.390 0.239 1    
22:   0.257 0.263 0.480 1    
23:   0.446 0.333 0.221 1    
24:   0.230 0.458 0.312 1    
25:   0.414 0.260 0.326 1    
26:   0.372 0.291 0.338 1    
27:   0.299 0.336 0.365 1    
28:   0.421 0.374 0.205 1    
29:   0.333 0.197 0.470 1    
30:   0.266 0.307 0.426 1    
31:   0.252 0.448 0.300 1    
32:   0.512 0.232 0.257 1    
33:   0.412 0.237 0.350 1    
34:   0.343 0.236 0.422 1    
35:   0.357 0.206 0.437 1    
36:   0.436 0.219 0.345 1    
37:   0.367 0.289 0.345 1    
38:   0.294 0.339 0.367 1    
39:   0.378 0.316 0.306 1    
40:   0.449 0.273 0.277 1    
41:   0.231 0.496 0.273 1    
42:   0.464 0.322 0.214 1    
43:   0.250 0.248 0.502 1    
44:   0.253 0.349 0.398 1    
45:   0.472 0.322 0.206 1    
46:   0.427 0.299 0.274 1    
47:   0.244 0.331 0.425 1    
48:   0.610 0.160 0.230 1    
49:   0.143 0.400 0.457 1    
50:   0.289 0.290 0.421 1    
51:   0.267 0.302 0.431 1    
52:   0.197 0.586 0.217 1    
53:   0.291 0.318 0.391 1    
54:   0.300 0.293 0.407 1    
55:   0.570 0.210 0.221 1    
56:   0.566 0.253 0.181 1    
57:   0.250 0.412 0.338 1    
58:   0.676 0.146 0.178 1    
59:   0.470 0.287 0.242 1    
60:   0.260 0.344 0.395 1    
61:   0.254 0.396 0.350 1    
62:   0.365 0.460 0.174 1    
63:   0.253 0.496 0.252 1    
64:   0.277 0.422 0.301 1    
65:   0.315 0.330 0.354 1    
66:   0.287 0.333 0.380 1    
67:   0.213 0.526 0.262 1    
68:   0.317 0.370 0.312 1    
69:   0.242 0.567 0.191 1    
70:   0.377 0.329 0.294 1    
71:   0.286 0.387 0.327 1    
72:   0.245 0.474 0.280 1    
73:   0.414 0.232 0.354 1    
74:   0.239 0.383 0.378 1    
75:   0.289 0.334 0.376 1    
76:   0.303 0.354 0.343 1    
77:   0.414 0.292 0.294 1    
78:   0.234 0.413 0.353 1    
79:   0.365 0.374 0.262 1    
80:   0.292 0.422 0.287 1    
81:   0.179 0.606 0.215 1    
82:   0.426 0.363 0.211 1    
83:   0.182 0.578 0.241 1    
84:   0.329 0.353 0.317 1    
85:   0.395 0.343 0.263 1    
86:   0.509 0.279 0.213 1    
87:   0.195 0.550 0.254 1    
88:   0.463 0.231 0.306 1    
89:   0.250 0.296 0.454 1    
90:   0.359 0.395 0.246 1    
91:   0.341 0.344 0.315 1    
92:   0.382 0.425 0.192 1    
93:   0.211 0.497 0.292 1    
94:   0.202 0.299 0.499 1    
95:   0.376 0.348 0.276 1    
96:   0.297 0.301 0.402 1    
97:   0.243 0.527 0.230 1    
98:   0.274 0.403 0.323 1    
99:   0.218 0.513 0.269 1    
100:  0.280 0.367 0.353 1    
101:  0.246 0.405 0.349 1    
102:  0.499 0.244 0.257 1    
103:  0.415 0.174 0.411 1    
104:  0.332 0.407 0.261 1    
105:  0.261 0.324 0.415 1    
106:  0.314 0.347 0.339 1    
107:  0.386 0.403 0.212 1    
108:  0.359 0.447 0.194 1    
109:  0.263 0.333 0.404 1    
110:  0.208 0.195 0.597 1    
111:  0.386 0.263 0.351 1    
112:  0.281 0.223 0.496 1    
113:  0.450 0.306 0.244 1    
114:  0.273 0.256 0.471 1    
115:  0.321 0.455 0.224 1    
116:  0.371 0.363 0.266 1    
117:  0.586 0.200 0.214 1    
118:  0.233 0.273 0.494 1    
119:  0.512 0.188 0.300 1    
120:  0.553 0.154 0.293 1    
121:  0.252 0.356 0.391 1    
122:  0.184 0.540 0.276 1    
123:  0.521 0.230 0.249 1    
124:  0.252 0.485 0.263 1    
125:  0.510 0.302 0.187 1    
126:  0.335 0.305 0.360 1    
127:  0.364 0.345 0.291 1    
128:  0.466 0.343 0.191 1    
129:  0.241 0.569 0.190 1    
130:  0.227 0.335 0.437 1    
131:  0.286 0.457 0.257 1    
132:  0.617 0.175 0.208 1    
133:  0.379 0.189 0.432 1    
134:  0.383 0.318 0.299 1    
135:  0.173 0.208 0.620 1    
136:  0.403 0.279 0.317 1    
137:  0.347 0.356 0.296 1    
138:  0.452 0.234 0.314 1    
139:  0.419 0.225 0.356 1    
140:  0.237 0.517 0.246 1    
141:  0.312 0.270 0.418 1    
142:  0.569 0.204 0.227 1    
143:  0.279 0.492 0.229 1    
144:  0.346 0.295 0.359 1    
145:  0.352 0.211 0.437 1    
146:  0.227 0.319 0.453 1    
147:  0.323 0.276 0.401 1    
148:  0.237 0.335 0.428 1    
149:  0.501 0.283 0.216 1    
150:  0.170 0.299 0.532 1    
151:  0.205 0.359 0.436 1    
152:  0.297 0.339 0.364 1    
153:  0.276 0.397 0.326 1    
154:  0.365 0.345 0.290 1    
155:  0.569 0.237 0.194 1    
156:  0.247 0.399 0.354 1    
157:  0.412 0.319 0.269 1    
158:  0.392 0.367 0.241 1    
159:  0.445 0.307 0.248 1    
160:  0.468 0.258 0.274 1    
161:  0.427 0.174 0.399 1    
162:  0.306 0.251 0.443 1    
163:  0.294 0.275 0.431 1    
164:  0.552 0.292 0.156 1    
165:  0.326 0.339 0.335 1    
166:  0.322 0.376 0.302 1    
167:  0.592 0.182 0.226 1    
168:  0.333 0.310 0.357 1    
169:  0.308 0.391 0.301 1    
170:  0.176 0.335 0.489 1    
171:  0.393 0.322 0.286 1    
172:  0.226 0.278 0.496 1    
173:  0.482 0.238 0.281 1    
174:  0.338 0.350 0.313 1    
175:  0.230 0.333 0.437 1    
176:  0.193 0.257 0.550 1    
177:  0.211 0.572 0.217 1    
178:  0.288 0.374 0.338 1    
179:  0.438 0.310 0.252 1    
180:  0.217 0.400 0.383 1    
181:  0.468 0.224 0.308 1    
182:  0.215 0.611 0.174 1    
183:  0.272 0.173 0.554 1    
184:  0.264 0.353 0.383 1    
185:  0.389 0.270 0.341 1    
186:  0.337 0.258 0.404 1    
187:  0.269 0.249 0.482 1    
188:  0.457 0.225 0.318 1    
189:  0.248 0.333 0.418 1    
190:  0.242 0.363 0.396 1    
191:  0.395 0.253 0.352 1    
192:  0.351 0.429 0.220 1    
193:  0.332 0.282 0.386 1    
194:  0.504 0.233 0.263 1    
195:  0.271 0.466 0.264 1    
196:  0.312 0.262 0.426 1    
197:  0.459 0.241 0.300 1    
198:  0.335 0.246 0.419 1    
199:  0.298 0.526 0.176 1    
200:  0.401 0.250 0.348 1    
201:  0.215 0.513 0.273 1    
202:  0.298 0.328 0.373 1    
203:  0.318 0.433 0.249 1    
204:  0.233 0.369 0.398 1    
205:  0.295 0.431 0.274 1    
206:  0.260 0.481 0.259 1    
207:  0.453 0.329 0.218 1    
208:  0.212 0.359 0.430 1    
209:  0.408 0.370 0.222 1    
210:  0.270 0.339 0.392 1    
211:  0.207 0.511 0.281 1    
212:  0.361 0.179 0.459 1    
213:  0.418 0.302 0.280 1    
214:  0.217 0.523 0.260 1    
215:  0.404 0.263 0.333 1    
216:  0.336 0.390 0.273 1    
217:  0.385 0.225 0.391 1    
218:  0.510 0.251 0.239 1    
219:  0.244 0.268 0.488 1    
220:  0.350 0.389 0.261 1    
221:  0.240 0.548 0.212 1    
222:  0.406 0.288 0.306 1    
223:  0.470 0.260 0.270 1    
224:  0.309 0.419 0.272 1    
225:  0.262 0.489 0.250 1    
226:  0.341 0.229 0.431 1    
227:  0.317 0.450 0.234 1    
228:  0.353 0.310 0.338 1    
229:  0.296 0.355 0.349 1    
230:  0.248 0.173 0.578 1    
231:  0.338 0.277 0.385 1    
232:  0.413 0.402 0.185 1    
233:  0.257 0.219 0.524 1    
234:  0.353 0.296 0.351 1    
235:  0.271 0.307 0.421 1    
236:  0.421 0.265 0.314 1    
237:  0.363 0.398 0.239 1    
238:  0.286 0.283 0.431 1    
239:  0.220 0.333 0.447 1    
240:  0.317 0.308 0.375 1    
241:  0.274 0.465 0.261 1    
242:  0.307 0.460 0.233 1    
243:  0.412 0.324 0.264 1    
244:  0.264 0.468 0.268 1    
245:  0.315 0.287 0.398 1    
246:  0.421 0.269 0.311 1    
247:  0.276 0.325 0.399 1    
248:  0.300 0.245 0.455 1    
249:  0.264 0.328 0.408 1    
250:  0.498 0.219 0.283 1    
251:  0.440 0.237 0.324 1    
252:  0.258 0.476 0.265 1    
253:  0.351 0.406 0.243 1    
254:  0.278 0.211 0.511 1    
255:  0.270 0.398 0.333 1    
256:  0.484 0.280 0.236 1    
257:  0.270 0.412 0.318 1    
258:  0.296 0.328 0.376 1    
259:  0.206 0.423 0.371 1    
260:  0.362 0.419 0.219 1    
261:  0.253 0.320 0.428 1    
262:  0.328 0.316 0.356 1    
263:  0.216 0.345 0.439 1    
264:  0.345 0.400 0.255 1    
265:  0.246 0.354 0.400 1    
266:  0.422 0.286 0.292 1    
267:  0.278 0.371 0.350 1    
268:  0.260 0.239 0.501 1    
269:  0.175 0.431 0.395 1    
270:  0.217 0.351 0.432 1    
271:  0.339 0.316 0.345 1    
272:  0.239 0.415 0.346 1    
273:  0.342 0.365 0.293 1    
274:  0.179 0.186 0.635 1    
275:  0.215 0.367 0.417 1    
276:  0.494 0.327 0.179 1    
277:  0.212 0.505 0.283 1    
278:  0.148 0.532 0.320 1    
279:  0.444 0.276 0.280 1    
280:  0.411 0.287 0.302 1    
281:  0.199 0.393 0.408 1    
282:  0.238 0.344 0.418 1    
283:  0.402 0.274 0.324 1    
284:  0.336 0.448 0.217 1    
285:  0.358 0.343 0.299 1    
286:  0.213 0.476 0.311 1    
287:  0.476 0.212 0.312 1    
288:  0.202 0.595 0.203 1    
289:  0.347 0.290 0.363 1    
290:  0.362 0.270 0.368 1    
291:  0.443 0.185 0.372 1    
292:  0.366 0.392 0.242 1    
293:  0.278 0.211 0.512 1    
294:  0.280 0.404 0.317 1    
295:  0.685 0.176 0.140 1    
296:  0.313 0.385 0.302 1    
297:  0.264 0.281 0.455 1    
298:  0.368 0.326 0.306 1    
299:  0.635 0.202 0.163 1    
300:  0.287 0.283 0.430 1    
301:  0.384 0.304 0.312 1    
302:  0.607 0.154 0.239 1    
303:  0.278 0.284 0.438 1    
304:  0.312 0.400 0.288 1    
305:  0.404 0.235 0.361 1    
306:  0.429 0.358 0.213 1    
307:  0.315 0.381 0.304 1    
308:  0.319 0.399 0.282 1    
309:  0.217 0.450 0.333 1    
310:  0.209 0.365 0.426 1    
311:  0.333 0.444 0.223 1    
312:  0.190 0.353 0.458 1    
313:  0.327 0.366 0.308 1    
314:  0.407 0.397 0.196 1    
315:  0.397 0.388 0.215 1    
316:  0.289 0.376 0.335 1    
317:  0.194 0.352 0.454 1    
318:  0.185 0.243 0.573 1    
319:  0.392 0.249 0.359 1    
320:  0.479 0.322 0.199 1    
321:  0.301 0.209 0.491 1    
322:  0.297 0.365 0.338 1    
323:  0.322 0.356 0.321 1    
324:  0.255 0.412 0.333 1    
325:  0.262 0.295 0.444 1    
326:  0.213 0.513 0.274 1    
327:  0.326 0.296 0.378 1    
328:  0.304 0.312 0.384 1    
329:  0.299 0.434 0.267 1    
330:  0.280 0.527 0.194 1    
331:  0.298 0.408 0.294 1    
332:  0.226 0.376 0.399 1    
333:  0.262 0.440 0.298 1    
334:  0.202 0.314 0.484 1    
335:  0.350 0.374 0.276 1    
336:  0.322 0.393 0.285 1    
337:  0.273 0.231 0.496 1    
338:  0.242 0.542 0.216 1    
339:  0.433 0.341 0.226 1    
340:  0.255 0.270 0.476 1    
341:  0.493 0.249 0.257 1    
342:  0.254 0.491 0.255 1    
343:  0.180 0.590 0.230 1    
344:  0.219 0.318 0.462 1    
345:  0.234 0.483 0.283 1    
346:  0.369 0.266 0.365 1    
347:  0.389 0.383 0.228 1    
348:  0.386 0.264 0.350 1    
349:  0.294 0.348 0.358 1    
350:  0.334 0.294 0.372 1    
351:  0.364 0.248 0.388 1    
352:  0.311 0.325 0.364 1    
353:  0.498 0.289 0.213 1    
354:  0.253 0.509 0.238 1    
355:  0.240 0.383 0.377 1    
356:  0.323 0.340 0.336 1    
357:  0.375 0.324 0.300 1    
358:  0.315 0.406 0.280 1    
359:  0.524 0.228 0.247 1    
360:  0.370 0.230 0.400 1    
361:  0.413 0.365 0.222 1    
362:  0.273 0.294 0.434 1    
363:  0.202 0.283 0.515 1    
364:  0.244 0.366 0.390 1    
365:  0.338 0.263 0.399 1    
366:  0.461 0.272 0.267 1    
367:  0.361 0.289 0.350 1    
368:  0.449 0.279 0.272 1    
369:  0.493 0.307 0.200 1    
370:  0.435 0.337 0.229 1    
371:  0.379 0.408 0.213 1    
372:  0.454 0.283 0.263 1    
373:  0.380 0.308 0.312 1    
374:  0.314 0.317 0.369 1    
375:  0.255 0.443 0.302 1    
376:  0.320 0.260 0.421 1    
377:  0.503 0.198 0.298 1    
378:  0.350 0.297 0.353 1    
379:  0.541 0.192 0.268 1    
380:  0.561 0.212 0.227 1    
381:  0.341 0.302 0.357 1    
382:  0.320 0.392 0.287 1    
383:  0.342 0.438 0.220 1    
384:  0.383 0.174 0.442 1    
385:  0.221 0.394 0.385 1    
386:  0.685 0.162 0.153 1    
387:  0.360 0.311 0.329 1    
388:  0.507 0.201 0.292 1    
389:  0.291 0.375 0.334 1    
390:  0.294 0.501 0.205 1    
391:  0.481 0.246 0.273 1    
392:  0.313 0.491 0.196 1    
393:  0.445 0.173 0.382 1    
394:  0.161 0.631 0.208 1    
395:  0.287 0.348 0.365 1    
396:  0.230 0.297 0.473 1    
397:  0.179 0.357 0.464 1    
398:  0.383 0.334 0.283 1    
399:  0.401 0.269 0.330 1    
400:  0.433 0.303 0.264 1    
401:  0.352 0.239 0.409 1    
402:  0.305 0.293 0.402 1    
403:  0.156 0.457 0.387 1    
404:  0.274 0.480 0.247 1    
405:  0.251 0.358 0.391 1    
406:  0.315 0.437 0.248 1    
407:  0.510 0.162 0.328 1    
408:  0.316 0.283 0.401 1    
409:  0.314 0.313 0.373 1    
410:  0.287 0.347 0.366 1    
411:  0.178 0.373 0.448 1    
412:  0.396 0.244 0.360 1    
413:  0.167 0.450 0.383 1    
414:  0.432 0.224 0.344 1    
415:  0.504 0.265 0.231 1    
416:  0.178 0.171 0.651 1    
417:  0.378 0.341 0.280 1    
418:  0.362 0.294 0.344 1    
419:  0.354 0.427 0.219 1    
420:  0.181 0.272 0.547 1    
421:  0.244 0.445 0.311 1    
422:  0.293 0.416 0.291 1    
423:  0.272 0.293 0.435 1    
424:  0.214 0.321 0.465 1    
425:  0.378 0.286 0.336 1    
426:  0.504 0.283 0.213 1    
427:  0.445 0.308 0.247 1    
428:  0.321 0.352 0.327 1    
429:  0.438 0.341 0.222 1    
430:  0.310 0.374 0.316 1    
431:  0.221 0.353 0.426 1    
432:  0.421 0.238 0.341 1    
433:  0.424 0.216 0.360 1    
434:  0.267 0.297 0.437 1    
435:  0.289 0.307 0.405 1    
436:  0.351 0.299 0.350 1    
437:  0.377 0.229 0.394 1    
438:  0.557 0.201 0.242 1    
439:  0.317 0.371 0.312 1    
440:  0.230 0.499 0.272 1    
441:  0.438 0.253 0.309 1    
442:  0.205 0.331 0.464 1    
443:  0.302 0.323 0.375 1    
444:  0.445 0.278 0.277 1    
445:  0.302 0.514 0.184 1    
446:  0.244 0.454 0.302 1    
447:  0.247 0.260 0.493 1    
448:  0.376 0.285 0.339 1    
449:  0.295 0.270 0.435 1    
450:  0.239 0.414 0.347 1    
451:  0.388 0.380 0.232 1    
452:  0.234 0.545 0.221 1    
453:  0.322 0.250 0.428 1    
454:  0.181 0.397 0.422 1    
455:  0.362 0.402 0.236 1    
456:  0.359 0.415 0.226 1    
457:  0.505 0.198 0.298 1    
458:  0.349 0.477 0.174 1    
459:  0.470 0.313 0.217 1    
460:  0.276 0.354 0.371 1    
461:  0.160 0.181 0.659 1    
462:  0.188 0.507 0.305 1    
463:  0.494 0.287 0.219 1    
464:  0.381 0.318 0.300 1    
465:  0.274 0.483 0.243 1    
466:  0.497 0.209 0.294 1    
467:  0.275 0.423 0.302 1    
468:  0.369 0.350 0.281 1    
469:  0.438 0.267 0.295 1    
470:  0.447 0.235 0.318 1    
471:  0.223 0.533 0.244 1    
472:  0.436 0.184 0.380 1    
473:  0.305 0.221 0.475 1    
474:  0.250 0.322 0.428 1    
475:  0.353 0.396 0.251 1    
476:  0.343 0.476 0.181 1    
477:  0.350 0.337 0.313 1    
478:  0.237 0.212 0.551 1    
479:  0.241 0.508 0.250 1    
480:  0.321 0.180 0.499 1    
481:  0.322 0.365 0.312 1    
482:  0.460 0.204 0.337 1    
483:  0.314 0.462 0.224 1    
484:  0.186 0.425 0.389 1    
485:  0.227 0.548 0.225 1    
486:  0.305 0.316 0.379 1    
487:  0.388 0.268 0.344 1    
488:  0.400 0.388 0.211 1    
489:  0.276 0.335 0.389 1    
490:  0.398 0.259 0.343 1    
491:  0.548 0.173 0.278 1    
492:  0.398 0.346 0.256 1    
493:  0.386 0.294 0.320 1    
494:  0.445 0.328 0.226 1    
495:  0.200 0.513 0.287 1    
496:  0.188 0.413 0.400 1    
497:  0.247 0.221 0.532 1    
498:  0.215 0.265 0.520 1    
499:  0.425 0.190 0.385 1    
500:  0.455 0.305 0.240 1    
501:  0.250 0.361 0.388 1    
502:  0.332 0.374 0.294 1    
503:  0.294 0.248 0.457 1    
504:  0.273 0.295 0.432 1    
505:  0.434 0.351 0.215 1    
506:  0.280 0.387 0.332 1    
507:  0.304 0.357 0.338 1    
508:  0.153 0.304 0.543 1    
509:  0.318 0.443 0.239 1    
510:  0.193 0.339 0.468 1    
511:  0.466 0.236 0.298 1    
512:  0.161 0.164 0.675 1    
513:  0.167 0.435 0.398 1    
514:  0.220 0.267 0.514 1    
515:  0.581 0.147 0.272 1    
516:  0.300 0.503 0.197 1    
517:  0.262 0.548 0.190 1    
518:  0.203 0.283 0.515 1    
519:  0.296 0.341 0.362 1    
520:  0.419 0.301 0.281 1    
521:  0.308 0.285 0.407 1    
522:  0.267 0.424 0.310 1    
523:  0.407 0.267 0.326 1    
524:  0.222 0.596 0.182 1    
525:  0.442 0.273 0.284 1    
526:  0.319 0.252 0.429 1    
527:  0.308 0.295 0.397 1    
528:  0.545 0.223 0.232 1    
529:  0.363 0.295 0.343 1    
530:  0.455 0.267 0.278 1    
531:  0.371 0.425 0.204 1    
532:  0.172 0.567 0.261 1    
533:  0.204 0.151 0.645 1    
534:  0.432 0.292 0.276 1    
535:  0.385 0.238 0.377 1    
536:  0.307 0.277 0.417 1    
537:  0.432 0.235 0.333 1    
538:  0.309 0.409 0.282 1    
539:  0.334 0.236 0.429 1    
540:  0.348 0.346 0.306 1    
541:  0.351 0.403 0.246 1    
542:  0.575 0.191 0.234 1    
543:  0.641 0.197 0.163 1    
544:  0.520 0.231 0.249 1    
545:  0.326 0.316 0.358 1    
546:  0.509 0.222 0.270 1    
547:  0.278 0.431 0.292 1    
548:  0.298 0.330 0.372 1    
549:  0.333 0.353 0.314 1    
550:  0.317 0.265 0.417 1    
551:  0.515 0.214 0.271 1    
552:  0.295 0.262 0.443 1    
553:  0.240 0.436 0.323 1    
554:  0.607 0.134 0.259 1    
555:  0.273 0.434 0.294 1    
556:  0.181 0.277 0.541 1    
557:  0.291 0.376 0.334 1    
558:  0.451 0.369 0.180 1    
559:  0.302 0.360 0.338 1    
560:  0.569 0.194 0.236 1    
561:  0.283 0.458 0.259 1    
562:  0.455 0.236 0.309 1    
563:  0.337 0.407 0.256 1    
564:  0.298 0.312 0.390 1    
565:  0.368 0.314 0.318 1    
566:  0.263 0.414 0.324 1    
567:  0.371 0.387 0.242 1    
568:  0.348 0.199 0.452 1    
569:  0.219 0.368 0.413 1    
570:  0.351 0.285 0.364 1    
571:  0.338 0.341 0.320 1    
572:  0.219 0.213 0.568 1    
573:  0.391 0.377 0.232 1    
574:  0.250 0.473 0.278 1    
575:  0.316 0.493 0.191 1    
576:  0.392 0.347 0.261 1    
577:  0.248 0.341 0.411 1    
578:  0.363 0.398 0.239 1    
579:  0.312 0.373 0.315 1    
580:  0.237 0.348 0.414 1    
581:  0.475 0.257 0.268 1    
582:  0.263 0.391 0.347 1    
583:  0.421 0.315 0.263 1    
584:  0.404 0.313 0.283 1    
585:  0.247 0.410 0.343 1    
586:  0.380 0.424 0.196 1    
587:  0.211 0.323 0.466 1    
588:  0.220 0.481 0.299 1    
589:  0.423 0.307 0.270 1    
590:  0.258 0.400 0.341 1    
591:  0.431 0.306 0.263 1    
592:  0.241 0.307 0.452 1    
593:  0.431 0.329 0.240 1    
594:  0.460 0.224 0.316 1    
595:  0.403 0.258 0.340 1    
596:  0.302 0.240 0.457 1    
597:  0.365 0.270 0.365 1    
598:  0.416 0.311 0.273 1    
599:  0.458 0.360 0.182 1    
600:  0.301 0.309 0.390 1    
601:  0.253 0.371 0.376 1    
602:  0.252 0.340 0.408 1    
603:  0.310 0.301 0.389 1    
604:  0.378 0.216 0.406 1    
605:  0.170 0.284 0.546 1    
606:  0.484 0.298 0.218 1    
607:  0.251 0.412 0.337 1    
608:  0.306 0.270 0.424 1    
609:  0.365 0.346 0.289 1    
610:  0.241 0.566 0.193 1    
611:  0.275 0.500 0.224 1    
612:  0.298 0.401 0.301 1    
613:  0.270 0.356 0.374 1    
614:  0.415 0.253 0.332 1    
615:  0.176 0.296 0.528 1    
616:  0.258 0.501 0.241 1    
617:  0.345 0.261 0.394 1    
618:  0.164 0.544 0.292 1    
619:  0.347 0.447 0.206 1    
620:  0.515 0.262 0.224 1    
621:  0.369 0.251 0.380 1    
622:  0.257 0.418 0.325 1    
623:  0.245 0.469 0.286 1    
624:  0.224 0.438 0.338 1    
625:  0.382 0.340 0.278 1    
626:  0.192 0.547 0.261 1    
627:  0.367 0.194 0.439 1    
628:  0.268 0.224 0.508 1    
629:  0.268 0.436 0.296 1    
630:  0.362 0.272 0.366 1    
631:  0.454 0.211 0.335 1    
632:  0.541 0.233 0.226 1    
633:  0.297 0.356 0.346 1    
634:  0.208 0.465 0.327 1    
635:  0.215 0.348 0.437 1    
636:  0.309 0.346 0.346 1    
637:  0.341 0.252 0.407 1    
638:  0.191 0.486 0.322 1    
639:  0.373 0.280 0.346 1    
640:  0.324 0.298 0.378 1    
641:  0.337 0.360 0.304 1    
642:  0.292 0.453 0.255 1    
643:  0.284 0.199 0.517 1    
644:  0.143 0.637 0.220 1    
645:  0.501 0.220 0.279 1    
646:  0.282 0.390 0.328 1    
647:  0.321 0.219 0.460 1    
648:  0.359 0.302 0.339 1    
649:  0.430 0.400 0.170 1    
650:  0.350 0.425 0.224 1    
651:  0.482 0.218 0.301 1    
652:  0.595 0.181 0.224 1    
653:  0.573 0.183 0.244 1    
654:  0.322 0.329 0.349 1    
655:  0.256 0.378 0.367 1    
656:  0.142 0.204 0.653 1    
657:  0.382 0.295 0.323 1    
658:  0.440 0.339 0.221 1    
659:  0.396 0.280 0.323 1    
660:  0.338 0.213 0.449 1    
661:  0.204 0.390 0.406 1    
662:  0.208 0.524 0.268 1    
663:  0.280 0.303 0.418 1    
664:  0.368 0.310 0.322 1    
665:  0.429 0.221 0.350 1    
666:  0.480 0.218 0.302 1    
667:  0.360 0.460 0.180 1    
668:  0.289 0.383 0.329 1    
669:  0.409 0.326 0.265 1    
670:  0.370 0.259 0.372 1    
671:  0.181 0.199 0.619 1    
672:  0.604 0.190 0.206 1    
673:  0.269 0.292 0.438 1    
674:  0.285 0.246 0.469 1    
675:  0.227 0.164 0.610 1    
676:  0.206 0.462 0.331 1    
677:  0.274 0.519 0.207 1    
678:  0.327 0.342 0.330 1    
679:  0.306 0.244 0.450 1    
680:  0.278 0.466 0.256 1    
681:  0.351 0.209 0.440 1    
682:  0.157 0.425 0.418 1    
683:  0.248 0.443 0.309 1    
684:  0.521 0.172 0.306 1    
685:  0.302 0.298 0.401 1    
686:  0.401 0.246 0.353 1    
687:  0.272 0.219 0.509 1    
688:  0.344 0.456 0.200 1    
689:  0.138 0.169 0.693 1    
690:  0.343 0.302 0.356 1    
691:  0.358 0.186 0.456 1    
692:  0.308 0.445 0.248 1    
693:  0.233 0.473 0.294 1    
694:  0.433 0.286 0.281 1    
695:  0.184 0.240 0.576 1    
696:  0.386 0.378 0.235 1    
697:  0.427 0.317 0.256 1    
698:  0.261 0.260 0.478 1    
699:  0.233 0.192 0.575 1    
700:  0.279 0.555 0.166 1    
701:  0.318 0.328 0.354 1    
702:  0.379 0.316 0.305 1    
703:  0.389 0.422 0.189 1    
704:  0.206 0.526 0.268 1    
705:  0.485 0.289 0.226 1    
706:  0.322 0.412 0.266 1    
707:  0.289 0.449 0.262 1    
708:  0.433 0.314 0.253 1    
709:  0.268 0.302 0.430 1    
710:  0.378 0.328 0.294 1    
711:  0.438 0.289 0.273 1    
712:  0.205 0.216 0.579 1    
713:  0.335 0.333 0.332 1    
714:  0.322 0.435 0.244 1    
715:  0.365 0.329 0.306 1    
716:  0.240 0.227 0.533 1    
717:  0.509 0.232 0.259 1    
718:  0.319 0.395 0.286 1    
719:  0.166 0.578 0.256 1    
720:  0.469 0.270 0.261 1    
721:  0.237 0.323 0.441 1    
722:  0.460 0.355 0.184 1    
723:  0.269 0.432 0.300 1    
724:  0.283 0.173 0.544 1    
725:  0.229 0.335 0.436 1    
726:  0.279 0.335 0.386 1    
727:  0.390 0.255 0.355 1    
728:  0.373 0.414 0.213 1    
729:  0.258 0.345 0.398 1    
730:  0.513 0.295 0.192 1    
731:  0.437 0.253 0.310 1    
732:  0.431 0.321 0.248 1    
733:  0.303 0.230 0.467 1    
734:  0.314 0.359 0.327 1    
735:  0.334 0.432 0.234 1    
736:  0.351 0.409 0.240 1    
737:  0.202 0.190 0.608 1    
738:  0.348 0.349 0.302 1    
739:  0.498 0.231 0.271 1    
740:  0.418 0.293 0.288 1    
741:  0.391 0.284 0.325 1    
742:  0.257 0.504 0.239 1    
743:  0.207 0.144 0.649 1    
744:  0.275 0.210 0.515 1    
745:  0.236 0.528 0.236 1    
746:  0.185 0.602 0.213 1    
747:  0.481 0.275 0.244 1    
748:  0.286 0.285 0.429 1    
749:  0.313 0.266 0.421 1    
750:  0.325 0.364 0.311 1    
751:  0.425 0.323 0.253 1    
752:  0.214 0.326 0.460 1    
753:  0.394 0.236 0.370 1    
754:  0.399 0.409 0.192 1    
755:  0.359 0.226 0.415 1    
756:  0.317 0.520 0.162 1    
757:  0.414 0.320 0.266 1    
758:  0.565 0.234 0.200 1    
759:  0.251 0.390 0.359 1    
760:  0.171 0.305 0.524 1    
761:  0.329 0.388 0.284 1    
762:  0.623 0.160 0.216 1    
763:  0.237 0.330 0.433 1    
764:  0.299 0.422 0.279 1    
765:  0.221 0.548 0.231 1    
766:  0.439 0.249 0.312 1    
767:  0.519 0.181 0.299 1    
768:  0.456 0.265 0.279 1    
769:  0.292 0.512 0.196 1    
770:  0.175 0.361 0.463 1    
771:  0.219 0.351 0.429 1    
772:  0.223 0.468 0.309 1    
773:  0.574 0.222 0.204 1    
774:  0.458 0.280 0.263 1    
775:  0.247 0.526 0.227 1    
776:  0.281 0.382 0.337 1    
777:  0.329 0.306 0.365 1    
778:  0.301 0.343 0.356 1    
779:  0.310 0.306 0.383 1    
780:  0.194 0.310 0.496 1    
781:  0.391 0.365 0.244 1    
              
              
1:    0.322 0.405 0.273 1    
2:    0.366 0.361 0.273 1    
3:    0.267 0.306 0.427 1    
4:    0.257 0.396 0.347 1    
5:    0.502 0.282 0.215 1    
6:    0.346 0.353 0.300 1    
7:    0.340 0.284 0.377 1    
8:    0.301 0.323 0.376 1    
9:    0.246 0.403 0.350 1    
10:   0.190 0.354 0.456 1    
11:   0.380 0.270 0.350 1    
12:   0.284 0.301 0.415 1    
13:   0.263 0.318 0.419 1    
14:   0.332 0.407 0.261 1    
15:   0.611 0.210 0.179 1    
16:   0.312 0.335 0.353 1    
17:   0.283 0.332 0.384 1    
18:   0.345 0.449 0.205 1    
19:   0.281 0.462 0.257 1    
20:   0.204 0.351 0.445 1    
21:   0.309 0.391 0.301 1    
22:   0.280 0.436 0.284 1    
23:   0.457 0.239 0.304 1    
24:   0.240 0.279 0.481 1    
25:   0.338 0.405 0.257 1    
26:   0.351 0.352 0.296 1    
27:   0.309 0.319 0.372 1    
28:   0.417 0.251 0.332 1    
29:   0.326 0.422 0.251 1    
30:   0.266 0.363 0.371 1    
31:   0.255 0.315 0.430 1    
32:   0.522 0.260 0.218 1    
33:   0.444 0.290 0.266 1    
34:   0.348 0.365 0.286 1    
35:   0.353 0.354 0.293 1    
36:   0.429 0.327 0.244 1    
37:   0.392 0.303 0.305 1    
38:   0.301 0.369 0.330 1    
39:   0.341 0.338 0.321 1    
40:   0.362 0.407 0.231 1    
41:   0.232 0.328 0.440 1    
42:   0.464 0.230 0.307 1    
43:   0.235 0.491 0.274 1    
44:   0.291 0.346 0.362 1    
45:   0.463 0.255 0.282 1    
46:   0.378 0.331 0.291 1    
47:   0.224 0.452 0.324 1    
48:   0.610 0.219 0.171 1    
49:   0.163 0.368 0.469 1    
50:   0.315 0.359 0.327 1    
51:   0.251 0.421 0.328 1    
52:   0.224 0.302 0.474 1    
53:   0.284 0.417 0.299 1    
54:   0.309 0.345 0.347 1    
55:   0.494 0.308 0.198 1    
56:   0.554 0.231 0.215 1    
57:   0.264 0.355 0.381 1    
58:   0.644 0.216 0.140 1    
59:   0.445 0.288 0.268 1    
60:   0.297 0.339 0.364 1    
61:   0.254 0.379 0.367 1    
62:   0.343 0.320 0.337 1    
63:   0.279 0.289 0.432 1    
64:   0.232 0.419 0.349 1    
65:   0.293 0.385 0.322 1    
66:   0.264 0.350 0.386 1    
67:   0.216 0.288 0.496 1    
68:   0.329 0.306 0.365 1    
69:   0.268 0.336 0.396 1    
70:   0.397 0.313 0.289 1    
71:   0.292 0.349 0.359 1    
72:   0.268 0.302 0.430 1    
73:   0.414 0.326 0.260 1    
74:   0.256 0.387 0.357 1    
75:   0.308 0.294 0.398 1    
76:   0.261 0.375 0.364 1    
77:   0.397 0.282 0.322 1    
78:   0.220 0.422 0.358 1    
79:   0.391 0.255 0.354 1    
80:   0.289 0.289 0.422 1    
81:   0.180 0.314 0.505 1    
82:   0.418 0.284 0.298 1    
83:   0.215 0.276 0.509 1    
84:   0.341 0.320 0.339 1    
85:   0.406 0.272 0.323 1    
86:   0.430 0.314 0.255 1    
87:   0.193 0.314 0.492 1    
88:   0.446 0.299 0.255 1    
89:   0.256 0.405 0.339 1    
90:   0.354 0.356 0.290 1    
91:   0.347 0.307 0.346 1    
92:   0.404 0.290 0.307 1    
93:   0.228 0.296 0.475 1    
94:   0.215 0.484 0.301 1    
95:   0.379 0.341 0.280 1    
96:   0.313 0.326 0.361 1    
97:   0.259 0.290 0.452 1    
98:   0.277 0.303 0.420 1    
99:   0.237 0.310 0.453 1    
100:  0.317 0.287 0.396 1    
101:  0.263 0.348 0.389 1    
102:  0.491 0.273 0.236 1    
103:  0.459 0.308 0.233 1    
104:  0.333 0.288 0.379 1    
105:  0.290 0.320 0.390 1    
106:  0.298 0.350 0.352 1    
107:  0.347 0.335 0.318 1    
108:  0.381 0.259 0.360 1    
109:  0.288 0.318 0.394 1    
110:  0.250 0.415 0.335 1    
111:  0.352 0.390 0.258 1    
112:  0.335 0.384 0.280 1    
113:  0.388 0.344 0.267 1    
114:  0.289 0.408 0.304 1    
115:  0.335 0.301 0.363 1    
116:  0.360 0.344 0.296 1    
117:  0.564 0.242 0.194 1    
118:  0.259 0.347 0.394 1    
119:  0.496 0.295 0.208 1    
120:  0.543 0.262 0.195 1    
121:  0.269 0.321 0.410 1    
122:  0.177 0.319 0.504 1    
123:  0.506 0.267 0.228 1    
124:  0.251 0.352 0.397 1    
125:  0.525 0.214 0.261 1    
126:  0.295 0.443 0.262 1    
127:  0.367 0.319 0.314 1    
128:  0.449 0.284 0.267 1    
129:  0.273 0.311 0.415 1    
130:  0.214 0.427 0.359 1    
131:  0.256 0.385 0.359 1    
132:  0.571 0.256 0.172 1    
133:  0.384 0.371 0.244 1    
134:  0.342 0.374 0.284 1    
135:  0.184 0.472 0.344 1    
136:  0.400 0.317 0.283 1    
137:  0.303 0.418 0.279 1    
138:  0.415 0.354 0.231 1    
139:  0.431 0.302 0.267 1    
140:  0.234 0.335 0.431 1    
141:  0.334 0.345 0.321 1    
142:  0.540 0.250 0.210 1    
143:  0.255 0.357 0.388 1    
144:  0.338 0.322 0.340 1    
145:  0.387 0.383 0.229 1    
146:  0.229 0.408 0.363 1    
147:  0.332 0.346 0.321 1    
148:  0.278 0.321 0.401 1    
149:  0.507 0.237 0.257 1    
150:  0.192 0.408 0.400 1    
151:  0.218 0.347 0.434 1    
152:  0.290 0.374 0.336 1    
153:  0.281 0.293 0.426 1    
154:  0.366 0.299 0.335 1    
155:  0.570 0.212 0.218 1    
156:  0.280 0.299 0.421 1    
157:  0.364 0.385 0.251 1    
158:  0.329 0.392 0.278 1    
159:  0.459 0.240 0.302 1    
160:  0.447 0.313 0.241 1    
161:  0.371 0.427 0.202 1    
162:  0.331 0.341 0.328 1    
163:  0.303 0.354 0.343 1    
164:  0.541 0.199 0.260 1    
165:  0.314 0.350 0.336 1    
166:  0.316 0.364 0.320 1    
167:  0.610 0.227 0.164 1    
168:  0.339 0.302 0.359 1    
169:  0.272 0.394 0.334 1    
170:  0.194 0.349 0.457 1    
171:  0.394 0.283 0.323 1    
172:  0.255 0.356 0.389 1    
173:  0.451 0.307 0.243 1    
174:  0.320 0.339 0.341 1    
175:  0.225 0.408 0.367 1    
176:  0.214 0.405 0.381 1    
177:  0.222 0.250 0.528 1    
178:  0.300 0.350 0.350 1    
179:  0.403 0.314 0.283 1    
180:  0.245 0.329 0.425 1    
181:  0.494 0.270 0.236 1    
182:  0.263 0.213 0.524 1    
183:  0.285 0.467 0.247 1    
184:  0.289 0.349 0.361 1    
185:  0.371 0.365 0.264 1    
186:  0.355 0.333 0.312 1    
187:  0.270 0.417 0.314 1    
188:  0.478 0.286 0.237 1    
189:  0.254 0.397 0.350 1    
190:  0.276 0.308 0.416 1    
191:  0.344 0.415 0.241 1    
192:  0.313 0.369 0.318 1    
193:  0.315 0.369 0.315 1    
194:  0.462 0.301 0.237 1    
195:  0.256 0.335 0.408 1    
196:  0.295 0.421 0.285 1    
197:  0.480 0.274 0.247 1    
198:  0.328 0.382 0.290 1    
199:  0.306 0.273 0.421 1    
200:  0.421 0.317 0.262 1    
201:  0.222 0.278 0.500 1    
202:  0.316 0.346 0.339 1    
203:  0.329 0.281 0.390 1    
204:  0.251 0.314 0.435 1    
205:  0.284 0.334 0.382 1    
206:  0.269 0.328 0.403 1    
207:  0.387 0.327 0.286 1    
208:  0.229 0.363 0.408 1    
209:  0.347 0.338 0.315 1    
210:  0.272 0.359 0.369 1    
211:  0.188 0.375 0.437 1    
212:  0.334 0.422 0.244 1    
213:  0.413 0.305 0.281 1    
214:  0.215 0.398 0.388 1    
215:  0.417 0.315 0.268 1    
216:  0.347 0.301 0.352 1    
217:  0.360 0.403 0.237 1    
218:  0.517 0.264 0.219 1    
219:  0.269 0.329 0.401 1    
220:  0.319 0.359 0.322 1    
221:  0.283 0.275 0.442 1    
222:  0.370 0.364 0.266 1    
223:  0.429 0.324 0.247 1    
224:  0.278 0.319 0.404 1    
225:  0.217 0.368 0.415 1    
226:  0.358 0.343 0.299 1    
227:  0.328 0.275 0.397 1    
228:  0.360 0.311 0.330 1    
229:  0.314 0.350 0.336 1    
230:  0.288 0.400 0.312 1    
231:  0.304 0.378 0.319 1    
232:  0.379 0.289 0.332 1    
233:  0.247 0.461 0.292 1    
234:  0.342 0.364 0.294 1    
235:  0.271 0.365 0.364 1    
236:  0.446 0.292 0.261 1    
237:  0.328 0.315 0.356 1    
238:  0.271 0.428 0.301 1    
239:  0.254 0.310 0.436 1    
240:  0.326 0.336 0.338 1    
241:  0.266 0.306 0.428 1    
242:  0.321 0.312 0.367 1    
243:  0.429 0.281 0.289 1    
244:  0.242 0.358 0.399 1    
245:  0.346 0.294 0.360 1    
246:  0.459 0.259 0.282 1    
247:  0.266 0.370 0.364 1    
248:  0.256 0.461 0.283 1    
249:  0.266 0.356 0.378 1    
250:  0.519 0.256 0.224 1    
251:  0.384 0.355 0.261 1    
252:  0.236 0.348 0.416 1    
253:  0.366 0.246 0.388 1    
254:  0.303 0.418 0.279 1    
255:  0.293 0.282 0.425 1    
256:  0.454 0.294 0.252 1    
257:  0.288 0.301 0.412 1    
258:  0.331 0.311 0.358 1    
259:  0.238 0.333 0.429 1    
260:  0.366 0.232 0.402 1    
261:  0.262 0.363 0.375 1    
262:  0.330 0.319 0.351 1    
263:  0.225 0.438 0.337 1    
264:  0.323 0.321 0.357 1    
265:  0.233 0.435 0.333 1    
266:  0.394 0.320 0.286 1    
267:  0.255 0.393 0.351 1    
268:  0.245 0.466 0.289 1    
269:  0.198 0.302 0.501 1    
270:  0.216 0.387 0.397 1    
271:  0.332 0.377 0.291 1    
272:  0.242 0.351 0.406 1    
273:  0.320 0.354 0.326 1    
274:  0.211 0.438 0.351 1    
275:  0.222 0.324 0.454 1    
276:  0.491 0.239 0.270 1    
277:  0.233 0.238 0.529 1    
278:  0.156 0.271 0.573 1    
279:  0.453 0.292 0.255 1    
280:  0.423 0.290 0.288 1    
281:  0.196 0.431 0.373 1    
282:  0.269 0.317 0.414 1    
283:  0.430 0.285 0.285 1    
284:  0.336 0.260 0.404 1    
285:  0.339 0.362 0.300 1    
286:  0.232 0.376 0.391 1    
287:  0.512 0.250 0.238 1    
288:  0.230 0.265 0.505 1    
289:  0.344 0.335 0.321 1    
290:  0.298 0.423 0.279 1    
291:  0.407 0.388 0.205 1    
292:  0.377 0.296 0.327 1    
293:  0.310 0.368 0.322 1    
294:  0.281 0.315 0.404 1    
295:  0.669 0.168 0.163 1    
296:  0.350 0.256 0.394 1    
297:  0.279 0.339 0.382 1    
298:  0.403 0.288 0.309 1    
299:  0.621 0.188 0.191 1    
300:  0.322 0.322 0.356 1    
301:  0.407 0.291 0.303 1    
302:  0.577 0.258 0.165 1    
303:  0.241 0.432 0.326 1    
304:  0.319 0.306 0.376 1    
305:  0.371 0.353 0.277 1    
306:  0.458 0.228 0.314 1    
307:  0.323 0.305 0.372 1    
308:  0.332 0.337 0.331 1    
309:  0.225 0.311 0.464 1    
310:  0.224 0.405 0.371 1    
311:  0.356 0.241 0.403 1    
312:  0.220 0.335 0.445 1    
313:  0.339 0.307 0.354 1    
314:  0.386 0.292 0.322 1    
315:  0.409 0.235 0.356 1    
316:  0.305 0.335 0.360 1    
317:  0.222 0.324 0.454 1    
318:  0.196 0.421 0.383 1    
319:  0.386 0.367 0.247 1    
320:  0.504 0.207 0.289 1    
321:  0.298 0.439 0.262 1    
322:  0.290 0.390 0.321 1    
323:  0.350 0.269 0.380 1    
324:  0.226 0.424 0.351 1    
325:  0.287 0.382 0.331 1    
326:  0.242 0.266 0.492 1    
327:  0.327 0.325 0.347 1    
328:  0.311 0.362 0.328 1    
329:  0.295 0.289 0.417 1    
330:  0.259 0.348 0.393 1    
331:  0.279 0.337 0.384 1    
332:  0.209 0.340 0.451 1    
333:  0.270 0.293 0.436 1    
334:  0.235 0.358 0.406 1    
335:  0.342 0.286 0.372 1    
336:  0.326 0.309 0.366 1    
337:  0.313 0.366 0.322 1    
338:  0.276 0.264 0.460 1    
339:  0.422 0.287 0.291 1    
340:  0.258 0.394 0.347 1    
341:  0.488 0.284 0.228 1    
342:  0.261 0.303 0.436 1    
343:  0.227 0.233 0.540 1    
344:  0.233 0.335 0.432 1    
345:  0.253 0.253 0.494 1    
346:  0.368 0.338 0.294 1    
347:  0.344 0.358 0.299 1    
348:  0.409 0.303 0.289 1    
349:  0.317 0.304 0.378 1    
350:  0.344 0.370 0.286 1    
351:  0.375 0.361 0.264 1    
352:  0.350 0.314 0.336 1    
353:  0.481 0.251 0.269 1    
354:  0.282 0.262 0.456 1    
355:  0.254 0.354 0.392 1    
356:  0.361 0.285 0.353 1    
357:  0.341 0.346 0.313 1    
358:  0.335 0.291 0.373 1    
359:  0.535 0.243 0.223 1    
360:  0.370 0.370 0.260 1    
361:  0.444 0.259 0.297 1    
362:  0.291 0.376 0.333 1    
363:  0.231 0.409 0.361 1    
364:  0.255 0.288 0.457 1    
365:  0.372 0.327 0.301 1    
366:  0.462 0.259 0.280 1    
367:  0.350 0.347 0.303 1    
368:  0.368 0.379 0.254 1    
369:  0.449 0.251 0.299 1    
370:  0.432 0.275 0.292 1    
371:  0.422 0.209 0.369 1    
372:  0.459 0.284 0.257 1    
373:  0.385 0.307 0.308 1    
374:  0.316 0.411 0.272 1    
375:  0.274 0.330 0.396 1    
376:  0.342 0.377 0.282 1    
377:  0.406 0.402 0.192 1    
378:  0.307 0.442 0.251 1    
379:  0.548 0.260 0.191 1    
380:  0.445 0.353 0.202 1    
381:  0.348 0.312 0.340 1    
382:  0.314 0.296 0.390 1    
383:  0.359 0.249 0.391 1    
384:  0.399 0.355 0.246 1    
385:  0.200 0.347 0.452 1    
386:  0.640 0.205 0.154 1    
387:  0.322 0.391 0.287 1    
388:  0.489 0.303 0.208 1    
389:  0.315 0.275 0.410 1    
390:  0.276 0.325 0.399 1    
391:  0.490 0.275 0.234 1    
392:  0.339 0.247 0.414 1    
393:  0.439 0.341 0.219 1    
394:  0.169 0.347 0.484 1    
395:  0.308 0.301 0.391 1    
396:  0.234 0.360 0.406 1    
397:  0.198 0.310 0.492 1    
398:  0.376 0.298 0.326 1    
399:  0.413 0.309 0.278 1    
400:  0.465 0.255 0.280 1    
401:  0.335 0.388 0.276 1    
402:  0.305 0.355 0.341 1    
403:  0.174 0.351 0.475 1    
404:  0.302 0.282 0.416 1    
405:  0.244 0.389 0.367 1    
406:  0.304 0.332 0.364 1    
407:  0.513 0.296 0.191 1    
408:  0.307 0.398 0.295 1    
409:  0.333 0.329 0.338 1    
410:  0.300 0.325 0.375 1    
411:  0.190 0.367 0.443 1    
412:  0.364 0.389 0.246 1    
413:  0.181 0.329 0.490 1    
414:  0.385 0.388 0.227 1    
415:  0.386 0.387 0.227 1    
416:  0.202 0.486 0.313 1    
417:  0.345 0.347 0.308 1    
418:  0.319 0.405 0.276 1    
419:  0.320 0.325 0.355 1    
420:  0.202 0.466 0.332 1    
421:  0.236 0.361 0.403 1    
422:  0.280 0.337 0.382 1    
423:  0.253 0.440 0.307 1    
424:  0.212 0.378 0.410 1    
425:  0.357 0.385 0.258 1    
426:  0.455 0.312 0.233 1    
427:  0.397 0.325 0.277 1    
428:  0.333 0.370 0.297 1    
429:  0.485 0.230 0.285 1    
430:  0.307 0.415 0.278 1    
431:  0.223 0.396 0.382 1    
432:  0.418 0.334 0.248 1    
433:  0.366 0.382 0.252 1    
434:  0.284 0.371 0.345 1    
435:  0.315 0.316 0.369 1    
436:  0.302 0.426 0.272 1    
437:  0.391 0.330 0.279 1    
438:  0.501 0.301 0.198 1    
439:  0.301 0.383 0.316 1    
440:  0.265 0.304 0.431 1    
441:  0.419 0.303 0.278 1    
442:  0.211 0.365 0.424 1    
443:  0.329 0.331 0.339 1    
444:  0.436 0.264 0.300 1    
445:  0.292 0.325 0.383 1    
446:  0.286 0.334 0.380 1    
447:  0.274 0.369 0.357 1    
448:  0.405 0.310 0.285 1    
449:  0.353 0.332 0.315 1    
450:  0.238 0.345 0.417 1    
451:  0.381 0.256 0.364 1    
452:  0.255 0.224 0.521 1    
453:  0.330 0.349 0.321 1    
454:  0.190 0.362 0.448 1    
455:  0.306 0.340 0.354 1    
456:  0.409 0.272 0.320 1    
457:  0.421 0.368 0.210 1    
458:  0.361 0.239 0.400 1    
459:  0.457 0.266 0.277 1    
460:  0.296 0.294 0.411 1    
461:  0.194 0.465 0.342 1    
462:  0.187 0.409 0.404 1    
463:  0.440 0.310 0.250 1    
464:  0.361 0.304 0.335 1    
465:  0.298 0.308 0.394 1    
466:  0.463 0.331 0.206 1    
467:  0.276 0.342 0.383 1    
468:  0.381 0.276 0.343 1    
469:  0.419 0.320 0.261 1    
470:  0.429 0.329 0.242 1    
471:  0.243 0.222 0.535 1    
472:  0.461 0.312 0.228 1    
473:  0.283 0.487 0.230 1    
474:  0.279 0.311 0.410 1    
475:  0.322 0.317 0.361 1    
476:  0.386 0.254 0.360 1    
477:  0.295 0.391 0.314 1    
478:  0.256 0.447 0.296 1    
479:  0.246 0.353 0.401 1    
480:  0.332 0.400 0.268 1    
481:  0.304 0.342 0.354 1    
482:  0.459 0.320 0.221 1    
483:  0.350 0.237 0.414 1    
484:  0.178 0.464 0.358 1    
485:  0.232 0.336 0.432 1    
486:  0.304 0.346 0.350 1    
487:  0.412 0.301 0.287 1    
488:  0.392 0.315 0.292 1    
489:  0.281 0.329 0.390 1    
490:  0.407 0.341 0.252 1    
491:  0.539 0.263 0.198 1    
492:  0.373 0.301 0.326 1    
493:  0.328 0.376 0.295 1    
494:  0.435 0.273 0.292 1    
495:  0.221 0.297 0.482 1    
496:  0.210 0.325 0.465 1    
497:  0.238 0.461 0.301 1    
498:  0.262 0.393 0.346 1    
499:  0.426 0.336 0.238 1    
500:  0.434 0.273 0.292 1    
501:  0.263 0.347 0.389 1    
502:  0.324 0.321 0.354 1    
503:  0.303 0.386 0.311 1    
504:  0.234 0.426 0.339 1    
505:  0.437 0.258 0.305 1    
506:  0.281 0.368 0.351 1    
507:  0.349 0.276 0.375 1    
508:  0.163 0.367 0.470 1    
509:  0.320 0.290 0.390 1    
510:  0.201 0.439 0.360 1    
511:  0.470 0.289 0.241 1    
512:  0.194 0.523 0.283 1    
513:  0.172 0.401 0.427 1    
514:  0.251 0.376 0.374 1    
515:  0.594 0.232 0.175 1    
516:  0.334 0.273 0.393 1    
517:  0.283 0.299 0.418 1    
518:  0.213 0.403 0.384 1    
519:  0.246 0.468 0.286 1    
520:  0.428 0.299 0.273 1    
521:  0.298 0.389 0.313 1    
522:  0.265 0.385 0.351 1    
523:  0.376 0.342 0.281 1    
524:  0.236 0.291 0.473 1    
525:  0.411 0.318 0.272 1    
526:  0.379 0.311 0.310 1    
527:  0.303 0.380 0.317 1    
528:  0.512 0.271 0.216 1    
529:  0.322 0.394 0.283 1    
530:  0.416 0.338 0.245 1    
531:  0.396 0.250 0.354 1    
532:  0.174 0.309 0.517 1    
533:  0.226 0.481 0.293 1    
534:  0.417 0.308 0.275 1    
535:  0.401 0.343 0.255 1    
536:  0.291 0.374 0.336 1    
537:  0.435 0.322 0.242 1    
538:  0.317 0.306 0.377 1    
539:  0.374 0.361 0.265 1    
540:  0.419 0.253 0.328 1    
541:  0.344 0.302 0.354 1    
542:  0.566 0.231 0.203 1    
543:  0.580 0.246 0.175 1    
544:  0.467 0.301 0.232 1    
545:  0.346 0.310 0.344 1    
546:  0.513 0.246 0.242 1    
547:  0.291 0.369 0.341 1    
548:  0.326 0.330 0.344 1    
549:  0.324 0.303 0.373 1    
550:  0.318 0.352 0.330 1    
551:  0.499 0.273 0.228 1    
