  1:   0.2577  0.3846  0.3576  1
  2:   0.2643  0.3654  0.3704  1
  3:   0.3980  0.3330  0.2690  1
  4:   0.2763  0.4695  0.2543  1
  5:   0.2370  0.2470  0.5160  1
  6:   0.3440  0.3280  0.3280  1
  7:   0.3530  0.3050  0.3420  1
  8:   0.4280  0.2700  0.3020  1
  9:   0.2667  0.5315  0.2018  1
 10:   0.6120  0.1830  0.2050  1
 11:   0.4154  0.2322  0.3524  1
 12:   0.4230  0.2870  0.2900  1
 13:   0.4600  0.2890  0.2510  1
 14:   0.1800  0.5580  0.2620  1
 15:   0.1700  0.2330  0.5970  1
 16:   0.4570  0.2420  0.3010  1
 17:   0.2820  0.4550  0.2630  1
 18:   0.1680  0.4710  0.3610  1
 19:   0.2180  0.4870  0.2950  1
 20:   0.3670  0.4480  0.1850  1
 21:   0.3900  0.2390  0.3710  1
 22:   0.2630  0.4800  0.2570  1
 23:   0.3330  0.2210  0.4460  1
 24:   0.4580  0.3120  0.2300  1
 25:   0.2600  0.3260  0.4140  1
 26:   0.2907  0.3377  0.3716  1
 27:   0.3360  0.3650  0.2990  1
 28:   0.3740  0.2050  0.4210  1
 29:   0.1970  0.4700  0.3330  1
 30:   0.3073  0.4264  0.2663  1
 31:   0.4480  0.3000  0.2520  1
 32:   0.2318  0.2567  0.5115  1
 33:   0.2372  0.3504  0.4124  1
 34:   0.2358  0.4216  0.3427  1
 35:   0.2060  0.4370  0.3570  1
 36:   0.2190  0.3450  0.4360  1
 37:   0.2887  0.3447  0.3666  1
 38:   0.3390  0.3670  0.2940  1
 39:   0.3160  0.3060  0.3780  1
 40:   0.2733  0.2773  0.4494  1
 41:   0.4960  0.2730  0.2310  1
 42:   0.3220  0.2140  0.4640  1
 43:   0.2480  0.5020  0.2500  1
 44:   0.3490  0.3980  0.2530  1
 45:   0.3220  0.2060  0.4720  1
 46:   0.2990  0.2740  0.4270  1
 47:   0.3310  0.4250  0.2440  1
 48:   0.1600  0.2300  0.6100  1
 49:   0.4000  0.4570  0.1430  1
 50:   0.2900  0.4210  0.2890  1
 51:   0.3020  0.4310  0.2670  1
 52:   0.5860  0.2170  0.1970  1
 53:   0.3180  0.3910  0.2910  1
 54:   0.2930  0.4070  0.3000  1
 55:   0.2098  0.2208  0.5694  1
 56:   0.2530  0.1810  0.5660  1
 57:   0.4120  0.3380  0.2500  1
 58:   0.1460  0.1780  0.6760  1
 59:   0.2873  0.2422  0.4705  1
 60:   0.3443  0.3954  0.2603  1
 61:   0.3960  0.3500  0.2540  1
 62:   0.4605  0.1742  0.3654  1
 63:   0.4955  0.2517  0.2527  1
 64:   0.4220  0.3010  0.2770  1
 65:   0.3303  0.3544  0.3153  1
 66:   0.3330  0.3800  0.2870  1
 67:   0.5255  0.2617  0.2128  1
 68:   0.3704  0.3123  0.3173  1
 69:   0.5670  0.1910  0.2420  1
 70:   0.3290  0.2940  0.3770  1
 71:   0.3870  0.3270  0.2860  1
 72:   0.4745  0.2803  0.2452  1
 73:   0.2320  0.3540  0.4140  1
 74:   0.3830  0.3780  0.2390  1
 75:   0.3343  0.3764  0.2893  1
 76:   0.3540  0.3430  0.3030  1
 77:   0.2920  0.2940  0.4140  1
 78:   0.4130  0.3530  0.2340  1
 79:   0.3736  0.2617  0.3646  1
 80:   0.4216  0.2867  0.2917  1
 81:   0.6060  0.2150  0.1790  1
 82:   0.3630  0.2110  0.4260  1
 83:   0.5774  0.2408  0.1818  1
 84:   0.3534  0.3173  0.3293  1
 85:   0.3427  0.2627  0.3946  1
 86:   0.2787  0.2128  0.5085  1
 87:   0.5506  0.2543  0.1952  1
 88:   0.2310  0.3060  0.4630  1
 89:   0.2960  0.4540  0.2500  1
 90:   0.3950  0.2460  0.3590  1
 91:   0.3440  0.3150  0.3410  1
 92:   0.4254  0.1922  0.3824  1
 93:   0.4970  0.2920  0.2110  1
 94:   0.2990  0.4990  0.2020  1
 95:   0.3480  0.2760  0.3760  1
 96:   0.3010  0.4020  0.2970  1
 97:   0.5270  0.2300  0.2430  1
 98:   0.4030  0.3230  0.2740  1
 99:   0.5130  0.2690  0.2180  1
100:   0.3670  0.3530  0.2800  1
101:   0.4050  0.3490  0.2460  1
102:   0.2440  0.2570  0.4990  1
103:   0.1740  0.4110  0.4150  1
104:   0.4070  0.2610  0.3320  1
105:   0.3240  0.4150  0.2610  1
106:   0.3470  0.3390  0.3140  1
107:   0.4026  0.2118  0.3856  1
108:   0.4470  0.1940  0.3590  1
109:   0.3330  0.4040  0.2630  1
110:   0.1950  0.5970  0.2080  1
111:   0.2630  0.3510  0.3860  1
112:   0.2230  0.4960  0.2810  1
113:   0.3060  0.2440  0.4500  1
114:   0.2560  0.4710  0.2730  1
115:   0.4550  0.2240  0.3210  1
116:   0.3630  0.2660  0.3710  1
117:   0.2000  0.2140  0.5860  1
118:   0.2730  0.4940  0.2330  1
119:   0.1880  0.3000  0.5120  1
120:   0.1540  0.2930  0.5530  1
121:   0.3564  0.3914  0.2523  1
122:   0.5400  0.2760  0.1840  1
123:   0.2300  0.2490  0.5210  1
124:   0.4850  0.2630  0.2520  1
125:   0.3023  0.1872  0.5105  1
126:   0.3050  0.3600  0.3350  1
127:   0.3450  0.2910  0.3640  1
128:   0.3430  0.1910  0.4660  1
129:   0.5690  0.1900  0.2410  1
130:   0.3353  0.4374  0.2272  1
131:   0.4570  0.2570  0.2860  1
132:   0.1750  0.2080  0.6170  1
133:   0.1890  0.4320  0.3790  1
134:   0.3180  0.2990  0.3830  1
135:   0.2078  0.6194  0.1728  1
136:   0.2793  0.3173  0.4034  1
137:   0.3564  0.2963  0.3473  1
138:   0.2340  0.3140  0.4520  1
139:   0.2250  0.3560  0.4190  1
140:   0.5170  0.2460  0.2370  1
141:   0.2700  0.4180  0.3120  1
142:   0.2040  0.2270  0.5690  1
143:   0.4920  0.2290  0.2790  1
144:   0.2950  0.3590  0.3460  1
145:   0.2110  0.4370  0.3520  1
146:   0.3193  0.4535  0.2272  1
147:   0.2760  0.4010  0.3230  1
148:   0.3350  0.4280  0.2370  1
149:   0.2830  0.2160  0.5010  1
150:   0.2987  0.5315  0.1698  1
151:   0.3590  0.4360  0.2050  1
152:   0.3390  0.3640  0.2970  1
153:   0.3974  0.3263  0.2763  1
154:   0.3450  0.2900  0.3650  1
155:   0.2370  0.1940  0.5690  1
156:   0.3990  0.3540  0.2470  1
157:   0.3190  0.2690  0.4120  1
158:   0.3670  0.2410  0.3920  1
159:   0.3070  0.2480  0.4450  1
160:   0.2580  0.2740  0.4680  1
161:   0.1740  0.3990  0.4270  1
162:   0.2510  0.4430  0.3060  1
163:   0.2750  0.4310  0.2940  1
164:   0.2920  0.1560  0.5520  1
165:   0.3390  0.3350  0.3260  1
166:   0.3760  0.3020  0.3220  1
167:   0.1820  0.2260  0.5920  1
168:   0.3100  0.3570  0.3330  1
169:   0.3910  0.3010  0.3080  1
170:   0.3350  0.4890  0.1760  1
171:   0.3217  0.2857  0.3926  1
172:   0.2780  0.4960  0.2260  1
173:   0.2378  0.2807  0.4815  1
174:   0.3497  0.3127  0.3377  1
175:   0.3330  0.4370  0.2300  1
176:   0.2570  0.5500  0.1930  1
177:   0.5720  0.2170  0.2110  1
178:   0.3740  0.3380  0.2880  1
179:   0.3100  0.2520  0.4380  1
180:   0.4000  0.3830  0.2170  1
181:   0.2240  0.3080  0.4680  1
182:   0.6110  0.1740  0.2150  1
183:   0.1732  0.5546  0.2723  1
184:   0.3530  0.3830  0.2640  1
185:   0.2700  0.3410  0.3890  1
186:   0.2583  0.4044  0.3373  1
187:   0.2490  0.4820  0.2690  1
188:   0.2250  0.3180  0.4570  1
189:   0.3333  0.4184  0.2482  1
190:   0.3626  0.3956  0.2418  1
191:   0.2530  0.3520  0.3950  1
192:   0.4290  0.2200  0.3510  1
193:   0.2820  0.3860  0.3320  1
194:   0.2330  0.2630  0.5040  1
195:   0.4655  0.2637  0.2707  1
196:   0.2620  0.4260  0.3120  1
197:   0.2410  0.3000  0.4590  1
198:   0.2460  0.4190  0.3350  1
199:   0.5260  0.1760  0.2980  1
200:   0.2503  0.3483  0.4014  1
201:   0.5125  0.2727  0.2148  1
202:   0.3283  0.3734  0.2983  1
203:   0.4330  0.2490  0.3180  1
204:   0.3690  0.3980  0.2330  1
205:   0.4310  0.2740  0.2950  1
206:   0.4810  0.2590  0.2600  1
207:   0.3290  0.2180  0.4530  1
208:   0.3586  0.4296  0.2118  1
209:   0.3700  0.2220  0.4080  1
210:   0.3387  0.3916  0.2697  1
211:   0.5115  0.2813  0.2072  1
212:   0.1792  0.4595  0.3614  1
213:   0.3020  0.2800  0.4180  1
214:   0.5230  0.2600  0.2170  1
215:   0.2630  0.3330  0.4040  1
216:   0.3904  0.2733  0.3363  1
217:   0.2248  0.3906  0.3846  1
218:   0.2510  0.2390  0.5100  1
219:   0.2680  0.4880  0.2440  1
220:   0.3890  0.2610  0.3500  1
221:   0.5480  0.2120  0.2400  1
222:   0.2880  0.3060  0.4060  1
223:   0.2600  0.2700  0.4700  1
224:   0.4190  0.2720  0.3090  1
225:   0.4885  0.2498  0.2617  1
226:   0.2288  0.4306  0.3407  1
227:   0.4496  0.2338  0.3167  1
228:   0.3097  0.3377  0.3526  1
229:   0.3550  0.3490  0.2960  1
230:   0.1732  0.5786  0.2482  1
231:   0.2770  0.3850  0.3380  1
232:   0.4020  0.1850  0.4130  1
233:   0.2190  0.5240  0.2570  1
234:   0.2960  0.3510  0.3530  1
235:   0.3073  0.4214  0.2713  1
236:   0.2650  0.3140  0.4210  1
237:   0.3980  0.2390  0.3630  1
238:   0.2830  0.4310  0.2860  1
239:   0.3330  0.4470  0.2200  1
240:   0.3080  0.3750  0.3170  1
241:   0.4650  0.2610  0.2740  1
242:   0.4600  0.2330  0.3070  1
243:   0.3240  0.2640  0.4120  1
244:   0.4680  0.2680  0.2640  1
245:   0.2870  0.3980  0.3150  1
246:   0.2687  0.3107  0.4206  1
247:   0.3250  0.3990  0.2760  1
248:   0.2450  0.4550  0.3000  1
249:   0.3280  0.4080  0.2640  1
250:   0.2190  0.2830  0.4980  1
251:   0.2368  0.3237  0.4396  1
252:   0.4765  0.2653  0.2583  1
253:   0.4060  0.2430  0.3510  1
254:   0.2110  0.5110  0.2780  1
255:   0.3976  0.3327  0.2697  1
256:   0.2800  0.2360  0.4840  1
257:   0.4120  0.3180  0.2700  1
258:   0.3280  0.3760  0.2960  1
259:   0.4230  0.3710  0.2060  1
260:   0.4190  0.2190  0.3620  1
261:   0.3197  0.4276  0.2527  1
262:   0.3160  0.3560  0.3280  1
263:   0.3450  0.4390  0.2160  1
264:   0.4000  0.2550  0.3450  1
265:   0.3540  0.4000  0.2460  1
266:   0.2860  0.2920  0.4220  1
267:   0.3714  0.3504  0.2783  1
268:   0.2390  0.5010  0.2600  1
269:   0.4306  0.3946  0.1748  1
270:   0.3510  0.4320  0.2170  1
271:   0.3160  0.3450  0.3390  1
272:   0.4150  0.3460  0.2390  1
273:   0.3650  0.2930  0.3420  1
274:   0.1860  0.6350  0.1790  1
275:   0.3674  0.4174  0.2152  1
276:   0.3270  0.1790  0.4940  1
277:   0.5050  0.2830  0.2120  1
278:   0.5320  0.3200  0.1480  1
279:   0.2760  0.2800  0.4440  1
280:   0.2870  0.3020  0.4110  1
281:   0.3930  0.4080  0.1990  1
282:   0.3440  0.4180  0.2380  1
283:   0.2740  0.3240  0.4020  1
284:   0.4476  0.2168  0.3357  1
285:   0.3430  0.2990  0.3580  1
286:   0.4760  0.3110  0.2130  1
287:   0.2120  0.3120  0.4760  1
288:   0.5950  0.2030  0.2020  1
289:   0.2900  0.3630  0.3470  1
290:   0.2700  0.3680  0.3620  1
291:   0.1850  0.3720  0.4430  1
292:   0.3920  0.2420  0.3660  1
293:   0.2108  0.5115  0.2777  1
294:   0.4036  0.3167  0.2797  1
295:   0.1758  0.1399  0.6843  1
296:   0.3850  0.3020  0.3130  1
297:   0.2810  0.4550  0.2640  1
298:   0.3260  0.3060  0.3680  1
299:   0.2020  0.1630  0.6350  1
300:   0.2830  0.4300  0.2870  1
301:   0.3040  0.3120  0.3840  1
302:   0.1540  0.2390  0.6070  1
303:   0.2840  0.4380  0.2780  1
304:   0.4000  0.2880  0.3120  1
305:   0.2350  0.3610  0.4040  1
306:   0.3580  0.2130  0.4290  1
307:   0.3810  0.3040  0.3150  1
308:   0.3990  0.2820  0.3190  1
309:   0.4500  0.3330  0.2170  1
310:   0.3650  0.4260  0.2090  1
311:   0.4440  0.2230  0.3330  1
312:   0.3526  0.4575  0.1898  1
313:   0.3656  0.3077  0.3267  1
314:   0.3970  0.1960  0.4070  1
315:   0.3880  0.2150  0.3970  1
316:   0.3760  0.3350  0.2890  1
317:   0.3520  0.4540  0.1940  1
318:   0.2428  0.5724  0.1848  1
319:   0.2490  0.3590  0.3920  1
320:   0.3220  0.1990  0.4790  1
321:   0.2088  0.4905  0.3007  1
322:   0.3650  0.3380  0.2970  1
323:   0.3564  0.3213  0.3223  1
324:   0.4120  0.3330  0.2550  1
325:   0.2947  0.4436  0.2617  1
326:   0.5130  0.2740  0.2130  1
327:   0.2960  0.3780  0.3260  1
328:   0.3120  0.3840  0.3040  1
329:   0.4340  0.2670  0.2990  1
330:   0.5265  0.1938  0.2797  1
331:   0.4080  0.2940  0.2980  1
332:   0.3756  0.3986  0.2258  1
333:   0.4400  0.2980  0.2620  1
334:   0.3140  0.4840  0.2020  1
335:   0.3740  0.2760  0.3500  1
336:   0.3930  0.2850  0.3220  1
337:   0.2310  0.4960  0.2730  1
338:   0.5420  0.2160  0.2420  1
339:   0.3410  0.2260  0.4330  1
340:   0.2697  0.4755  0.2547  1
341:   0.2492  0.2573  0.4935  1
342:   0.4910  0.2550  0.2540  1
343:   0.5900  0.2300  0.1800  1
344:   0.3183  0.4625  0.2192  1
345:   0.4830  0.2830  0.2340  1
346:   0.2660  0.3650  0.3690  1
347:   0.3830  0.2280  0.3890  1
348:   0.2640  0.3500  0.3860  1
349:   0.3480  0.3580  0.2940  1
350:   0.2940  0.3720  0.3340  1
351:   0.2480  0.3880  0.3640  1
352:   0.3250  0.3640  0.3110  1
353:   0.2890  0.2130  0.4980  1
354:   0.5090  0.2380  0.2530  1
355:   0.3830  0.3770  0.2400  1
356:   0.3403  0.3363  0.3233  1
357:   0.3243  0.3003  0.3754  1
358:   0.4056  0.2797  0.3147  1
359:   0.2282  0.2472  0.5245  1
360:   0.2300  0.4000  0.3700  1
361:   0.3650  0.2220  0.4130  1
362:   0.2937  0.4336  0.2727  1
363:   0.2830  0.5150  0.2020  1
364:   0.3660  0.3900  0.2440  1
365:   0.2630  0.3990  0.3380  1
366:   0.2720  0.2670  0.4610  1
367:   0.2890  0.3500  0.3610  1
368:   0.2790  0.2720  0.4490  1
369:   0.3070  0.2000  0.4930  1
370:   0.3367  0.2288  0.4346  1
371:   0.4080  0.2130  0.3790  1
372:   0.2830  0.2630  0.4540  1
373:   0.3080  0.3120  0.3800  1
374:   0.3170  0.3690  0.3140  1
375:   0.4430  0.3020  0.2550  1
376:   0.2597  0.4206  0.3197  1
377:   0.1982  0.2983  0.5035  1
378:   0.2970  0.3530  0.3500  1
379:   0.1918  0.2677  0.5405  1
380:   0.2120  0.2270  0.5610  1
381:   0.3020  0.3570  0.3410  1
382:   0.3924  0.2873  0.3203  1
383:   0.4380  0.2200  0.3420  1
384:   0.1742  0.4424  0.3834  1
385:   0.3940  0.3850  0.2210  1
386:   0.1620  0.1530  0.6850  1
387:   0.3110  0.3290  0.3600  1
388:   0.2010  0.2920  0.5070  1
389:   0.3750  0.3340  0.2910  1
390:   0.5010  0.2050  0.2940  1
391:   0.2460  0.2730  0.4810  1
392:   0.4910  0.1960  0.3130  1
393:   0.1730  0.3820  0.4450  1
394:   0.6310  0.2080  0.1610  1
395:   0.3480  0.3650  0.2870  1
396:   0.2970  0.4730  0.2300  1
397:   0.3570  0.4640  0.1790  1
398:   0.3340  0.2830  0.3830  1
399:   0.2690  0.3300  0.4010  1
400:   0.3030  0.2640  0.4330  1
401:   0.2390  0.4090  0.3520  1
402:   0.2930  0.4020  0.3050  1
403:   0.4570  0.3870  0.1560  1
404:   0.4795  0.2468  0.2737  1
405:   0.3580  0.3910  0.2510  1
406:   0.4370  0.2480  0.3150  1
407:   0.1620  0.3280  0.5100  1
408:   0.2830  0.4010  0.3160  1
409:   0.3130  0.3730  0.3140  1
410:   0.3470  0.3660  0.2870  1
411:   0.3734  0.4484  0.1782  1
412:   0.2440  0.3600  0.3960  1
413:   0.4500  0.3830  0.1670  1
414:   0.2240  0.3440  0.4320  1
415:   0.2650  0.2310  0.5040  1
416:   0.1710  0.6510  0.1780  1
417:   0.3413  0.2803  0.3784  1
418:   0.2940  0.3440  0.3620  1
419:   0.4270  0.2190  0.3540  1
420:   0.2720  0.5470  0.1810  1
421:   0.4450  0.3110  0.2440  1
422:   0.4160  0.2910  0.2930  1
423:   0.2930  0.4350  0.2720  1
424:   0.3210  0.4650  0.2140  1
425:   0.2860  0.3360  0.3780  1
426:   0.2830  0.2130  0.5040  1
427:   0.3080  0.2470  0.4450  1
428:   0.3520  0.3270  0.3210  1
429:   0.3407  0.2218  0.4376  1
430:   0.3740  0.3160  0.3100  1
431:   0.3530  0.4260  0.2210  1
432:   0.2380  0.3410  0.4210  1
433:   0.2160  0.3600  0.4240  1
434:   0.2967  0.4366  0.2667  1
435:   0.3067  0.4046  0.2887  1
436:   0.2990  0.3500  0.3510  1
437:   0.2290  0.3940  0.3770  1
438:   0.2010  0.2420  0.5570  1
439:   0.3710  0.3120  0.3170  1
440:   0.4985  0.2717  0.2298  1
441:   0.2530  0.3090  0.4380  1
442:   0.3310  0.4640  0.2050  1
443:   0.3230  0.3750  0.3020  1
444:   0.2780  0.2770  0.4450  1
445:   0.5140  0.1840  0.3020  1
446:   0.4540  0.3020  0.2440  1
447:   0.2600  0.4930  0.2470  1
448:   0.2850  0.3390  0.3760  1
449:   0.2700  0.4350  0.2950  1
450:   0.4140  0.3470  0.2390  1
451:   0.3800  0.2320  0.3880  1
452:   0.5450  0.2210  0.2340  1
453:   0.2500  0.4280  0.3220  1
454:   0.3970  0.4220  0.1810  1
455:   0.4020  0.2360  0.3620  1
456:   0.4150  0.2260  0.3590  1
457:   0.1978  0.2977  0.5045  1
458:   0.4770  0.1740  0.3490  1
459:   0.3130  0.2170  0.4700  1
460:   0.3536  0.3706  0.2757  1
461:   0.1810  0.6590  0.1600  1
462:   0.5070  0.3050  0.1880  1
463:   0.2870  0.2190  0.4940  1
464:   0.3183  0.3003  0.3814  1
465:   0.4830  0.2430  0.2740  1
466:   0.2090  0.2940  0.4970  1
467:   0.4230  0.3020  0.2750  1
468:   0.3500  0.2810  0.3690  1
469:   0.2670  0.2950  0.4380  1
470:   0.2350  0.3180  0.4470  1
471:   0.5330  0.2440  0.2230  1
472:   0.1840  0.3800  0.4360  1
473:   0.2208  0.4745  0.3047  1
474:   0.3220  0.4280  0.2500  1
475:   0.3960  0.2510  0.3530  1
476:   0.4760  0.1810  0.3430  1
477:   0.3370  0.3130  0.3500  1
478:   0.2120  0.5510  0.2370  1
479:   0.5085  0.2503  0.2412  1
480:   0.1800  0.4990  0.3210  1
481:   0.3654  0.3123  0.3223  1
482:   0.2038  0.3367  0.4595  1
483:   0.4620  0.2240  0.3140  1
484:   0.4250  0.3890  0.1860  1
485:   0.5480  0.2250  0.2270  1
486:   0.3160  0.3790  0.3050  1
487:   0.2680  0.3440  0.3880  1
488:   0.3884  0.2112  0.4004  1
489:   0.3350  0.3890  0.2760  1
490:   0.2590  0.3430  0.3980  1
491:   0.1732  0.2783  0.5485  1
492:   0.3460  0.2560  0.3980  1
493:   0.2940  0.3200  0.3860  1
494:   0.3283  0.2262  0.4454  1
495:   0.5130  0.2870  0.2000  1
496:   0.4126  0.3996  0.1878  1
497:   0.2210  0.5320  0.2470  1
498:   0.2650  0.5200  0.2150  1
499:   0.1900  0.3850  0.4250  1
500:   0.3050  0.2400  0.4550  1
501:   0.3614  0.3884  0.2503  1
502:   0.3740  0.2940  0.3320  1
503:   0.2482  0.4575  0.2943  1
504:   0.2950  0.4320  0.2730  1
505:   0.3510  0.2150  0.4340  1
506:   0.3874  0.3323  0.2803  1
507:   0.3574  0.3383  0.3043  1
508:   0.3040  0.5430  0.1530  1
509:   0.4430  0.2390  0.3180  1
510:   0.3390  0.4680  0.1930  1
511:   0.2360  0.2980  0.4660  1
512:   0.1640  0.6750  0.1610  1
513:   0.4350  0.3980  0.1670  1
514:   0.2667  0.5135  0.2198  1
515:   0.1470  0.2720  0.5810  1
516:   0.5030  0.1970  0.3000  1
517:   0.5480  0.1900  0.2620  1
518:   0.2827  0.5145  0.2028  1
519:   0.3413  0.3624  0.2963  1
520:   0.3007  0.2807  0.4186  1
521:   0.2850  0.4070  0.3080  1
522:   0.4236  0.3097  0.2667  1
523:   0.2670  0.3260  0.4070  1
524:   0.5960  0.1820  0.2220  1
525:   0.2733  0.2843  0.4424  1
526:   0.2520  0.4290  0.3190  1
527:   0.2950  0.3970  0.3080  1
528:   0.2230  0.2320  0.5450  1
529:   0.2947  0.3427  0.3626  1
530:   0.2670  0.2780  0.4550  1
531:   0.4250  0.2040  0.3710  1
532:   0.5670  0.2610  0.1720  1
533:   0.1510  0.6450  0.2040  1
534:   0.2920  0.2760  0.4320  1
535:   0.2380  0.3770  0.3850  1
536:   0.2767  0.4166  0.3067  1
537:   0.2350  0.3330  0.4320  1
538:   0.4090  0.2820  0.3090  1
539:   0.2362  0.4294  0.3343  1
540:   0.3460  0.3060  0.3480  1
541:   0.4030  0.2460  0.3510  1
542:   0.1910  0.2340  0.5750  1
543:   0.1968  0.1628  0.6404  1
544:   0.2310  0.2490  0.5200  1
545:   0.3160  0.3580  0.3260  1
546:   0.2218  0.2697  0.5085  1
547:   0.4306  0.2917  0.2777  1
548:   0.3300  0.3720  0.2980  1
549:   0.3530  0.3140  0.3330  1
550:   0.2653  0.4174  0.3173  1
551:   0.2140  0.2710  0.5150  1
552:   0.2620  0.4430  0.2950  1
553:   0.4364  0.3233  0.2402  1
554:   0.1340  0.2590  0.6070  1
555:   0.4336  0.2937  0.2727  1
556:   0.2773  0.5415  0.1812  1
557:   0.3756  0.3337  0.2907  1
558:   0.3690  0.1800  0.4510  1
559:   0.3600  0.3380  0.3020  1
560:   0.1942  0.2362  0.5696  1
561:   0.4580  0.2590  0.2830  1
562:   0.2360  0.3090  0.4550  1
563:   0.4070  0.2560  0.3370  1
564:   0.3120  0.3900  0.2980  1
565:   0.3140  0.3180  0.3680  1
566:   0.4136  0.3237  0.2627  1
567:   0.3870  0.2420  0.3710  1
568:   0.1992  0.4525  0.3483  1
569:   0.3680  0.4130  0.2190  1
570:   0.2850  0.3640  0.3510  1
571:   0.3413  0.3203  0.3383  1
572:   0.2130  0.5680  0.2190  1
573:   0.3770  0.2320  0.3910  1
574:   0.4725  0.2777  0.2498  1
575:   0.4930  0.1910  0.3160  1
576:   0.3470  0.2610  0.3920  1
577:   0.3410  0.4110  0.2480  1
578:   0.3980  0.2390  0.3630  1
579:   0.3730  0.3150  0.3120  1
580:   0.3483  0.4144  0.2372  1
581:   0.2570  0.2680  0.4750  1
582:   0.3906  0.3467  0.2627  1
583:   0.3153  0.2633  0.4214  1
584:   0.3130  0.2830  0.4040  1
585:   0.4100  0.3430  0.2470  1
586:   0.4240  0.1960  0.3800  1
587:   0.3230  0.4660  0.2110  1
588:   0.4810  0.2990  0.2200  1
589:   0.3070  0.2700  0.4230  1
590:   0.4004  0.3413  0.2583  1
591:   0.3060  0.2630  0.4310  1
592:   0.3070  0.4520  0.2410  1
593:   0.3290  0.2400  0.4310  1
594:   0.2240  0.3160  0.4600  1
595:   0.2577  0.3397  0.4026  1
596:   0.2402  0.4575  0.3023  1
597:   0.2700  0.3650  0.3650  1
598:   0.3110  0.2730  0.4160  1
599:   0.3600  0.1820  0.4580  1
600:   0.3090  0.3900  0.3010  1
601:   0.3710  0.3760  0.2530  1
602:   0.3400  0.4080  0.2520  1
603:   0.3010  0.3890  0.3100  1
604:   0.2160  0.4060  0.3780  1
605:   0.2840  0.5460  0.1700  1
606:   0.2980  0.2180  0.4840  1
607:   0.4120  0.3370  0.2510  1
608:   0.2700  0.4240  0.3060  1
609:   0.3460  0.2890  0.3650  1
610:   0.5660  0.1930  0.2410  1
611:   0.5005  0.2242  0.2753  1
612:   0.4010  0.3010  0.2980  1
613:   0.3560  0.3740  0.2700  1
614:   0.2530  0.3320  0.4150  1
615:   0.2960  0.5280  0.1760  1
616:   0.5010  0.2410  0.2580  1
617:   0.2610  0.3940  0.3450  1
618:   0.5440  0.2920  0.1640  1
619:   0.4470  0.2060  0.3470  1
620:   0.2617  0.2238  0.5145  1
621:   0.2510  0.3800  0.3690  1
622:   0.4180  0.3250  0.2570  1
623:   0.4690  0.2860  0.2450  1
624:   0.4380  0.3380  0.2240  1
625:   0.3400  0.2780  0.3820  1
626:   0.5470  0.2610  0.1920  1
627:   0.1940  0.4390  0.3670  1
628:   0.2240  0.5080  0.2680  1
629:   0.4360  0.2960  0.2680  1
630:   0.2720  0.3660  0.3620  1
631:   0.2110  0.3350  0.4540  1
632:   0.2330  0.2260  0.5410  1
633:   0.3564  0.3463  0.2973  1
634:   0.4650  0.3270  0.2080  1
635:   0.3480  0.4370  0.2150  1
636:   0.3457  0.3457  0.3087  1
637:   0.2520  0.4070  0.3410  1
638:   0.4865  0.3223  0.1912  1
639:   0.2803  0.3463  0.3734  1
640:   0.2980  0.3780  0.3240  1
641:   0.3596  0.3037  0.3367  1
642:   0.4530  0.2550  0.2920  1
643:   0.1990  0.5170  0.2840  1
644:   0.6370  0.2200  0.1430  1
645:   0.2200  0.2790  0.5010  1
646:   0.3900  0.3280  0.2820  1
647:   0.2190  0.4600  0.3210  1
648:   0.3020  0.3390  0.3590  1
649:   0.4000  0.1700  0.4300  1
650:   0.4254  0.2242  0.3504  1
651:   0.2178  0.3007  0.4815  1
652:   0.1810  0.2240  0.5950  1
653:   0.1830  0.2440  0.5730  1
654:   0.3290  0.3490  0.3220  1
655:   0.3776  0.3666  0.2557  1
656:   0.2042  0.6537  0.1421  1
657:   0.2950  0.3230  0.3820  1
658:   0.3390  0.2210  0.4400  1
659:   0.2803  0.3233  0.3964  1
660:   0.2130  0.4490  0.3380  1
661:   0.3900  0.4060  0.2040  1
662:   0.5240  0.2680  0.2080  1
663:   0.3027  0.4176  0.2797  1
664:   0.3100  0.3220  0.3680  1
665:   0.2210  0.3500  0.4290  1
666:   0.2180  0.3020  0.4800  1
667:   0.4600  0.1800  0.3600  1
668:   0.3826  0.3287  0.2887  1
669:   0.3260  0.2650  0.4090  1
670:   0.2587  0.3716  0.3696  1
671:   0.1992  0.6196  0.1812  1
672:   0.1900  0.2060  0.6040  1
673:   0.2923  0.4384  0.2693  1
674:   0.2460  0.4690  0.2850  1
675:   0.1638  0.6094  0.2268  1
676:   0.4625  0.3313  0.2062  1
677:   0.5190  0.2070  0.2740  1
678:   0.3423  0.3303  0.3273  1
679:   0.2440  0.4500  0.3060  1
680:   0.4660  0.2560  0.2780  1
681:   0.2090  0.4400  0.3510  1
682:   0.4250  0.4180  0.1570  1
683:   0.4430  0.3090  0.2480  1
684:   0.1722  0.3063  0.5215  1
685:   0.2977  0.4006  0.3017  1
686:   0.2460  0.3530  0.4010  1
687:   0.2190  0.5090  0.2720  1
688:   0.4560  0.2000  0.3440  1
689:   0.1690  0.6930  0.1380  1
690:   0.3017  0.3556  0.3427  1
691:   0.1860  0.4560  0.3580  1
692:   0.4446  0.2478  0.3077  1
693:   0.4730  0.2940  0.2330  1
694:   0.2860  0.2810  0.4330  1
695:   0.2400  0.5760  0.1840  1
696:   0.3784  0.2352  0.3864  1
697:   0.3170  0.2560  0.4270  1
698:   0.2603  0.4785  0.2613  1
699:   0.1920  0.5750  0.2330  1
700:   0.5550  0.1660  0.2790  1
701:   0.3280  0.3540  0.3180  1
702:   0.3160  0.3050  0.3790  1
703:   0.4220  0.1890  0.3890  1
704:   0.5260  0.2680  0.2060  1
705:   0.2890  0.2260  0.4850  1
706:   0.4120  0.2660  0.3220  1
707:   0.4490  0.2620  0.2890  1
708:   0.3140  0.2530  0.4330  1
709:   0.3020  0.4300  0.2680  1
710:   0.3280  0.2940  0.3780  1
711:   0.2890  0.2730  0.4380  1
712:   0.2160  0.5790  0.2050  1
713:   0.3330  0.3320  0.3350  1
714:   0.4346  0.2438  0.3217  1
715:   0.3290  0.3060  0.3650  1
716:   0.2270  0.5330  0.2400  1
717:   0.2320  0.2590  0.5090  1
718:   0.3950  0.2860  0.3190  1
719:   0.5780  0.2560  0.1660  1
720:   0.2700  0.2610  0.4690  1
721:   0.3227  0.4406  0.2368  1
722:   0.3554  0.1842  0.4605  1
723:   0.4316  0.2997  0.2687  1
724:   0.1730  0.5440  0.2830  1
725:   0.3350  0.4360  0.2290  1
726:   0.3350  0.3860  0.2790  1
727:   0.2550  0.3550  0.3900  1
728:   0.4140  0.2130  0.3730  1
729:   0.3447  0.3976  0.2577  1
730:   0.2950  0.1920  0.5130  1
731:   0.2530  0.3100  0.4370  1
732:   0.3210  0.2480  0.4310  1
733:   0.2300  0.4670  0.3030  1
734:   0.3590  0.3270  0.3140  1
735:   0.4320  0.2340  0.3340  1
736:   0.4090  0.2400  0.3510  1
737:   0.1900  0.6080  0.2020  1
738:   0.3493  0.3023  0.3483  1
739:   0.2310  0.2710  0.4980  1
740:   0.2933  0.2883  0.4184  1
741:   0.2840  0.3250  0.3910  1
742:   0.5040  0.2390  0.2570  1
743:   0.1440  0.6490  0.2070  1
744:   0.2100  0.5150  0.2750  1
745:   0.5280  0.2360  0.2360  1
746:   0.6020  0.2130  0.1850  1
747:   0.2750  0.2440  0.4810  1
748:   0.2850  0.4290  0.2860  1
749:   0.2660  0.4210  0.3130  1
750:   0.3640  0.3110  0.3250  1
751:   0.3227  0.2527  0.4246  1
752:   0.3260  0.4600  0.2140  1
753:   0.2360  0.3700  0.3940  1
754:   0.4090  0.1920  0.3990  1
755:   0.2260  0.4150  0.3590  1
756:   0.5205  0.1622  0.3173  1
757:   0.3200  0.2660  0.4140  1
758:   0.2342  0.2002  0.5656  1
759:   0.3900  0.3590  0.2510  1
760:   0.3050  0.5240  0.1710  1
761:   0.3876  0.2837  0.3287  1
762:   0.1602  0.2162  0.6236  1
763:   0.3300  0.4330  0.2370  1
764:   0.4220  0.2790  0.2990  1
765:   0.5480  0.2310  0.2210  1
766:   0.2490  0.3120  0.4390  1
767:   0.1812  0.2993  0.5195  1
768:   0.2650  0.2790  0.4560  1
769:   0.5120  0.1960  0.2920  1
770:   0.3614  0.4635  0.1752  1
771:   0.3514  0.4294  0.2192  1
772:   0.4680  0.3090  0.2230  1
773:   0.2220  0.2040  0.5740  1
774:   0.2797  0.2627  0.4575  1
775:   0.5260  0.2270  0.2470  1
776:   0.3820  0.3370  0.2810  1
777:   0.3060  0.3650  0.3290  1
778:   0.3430  0.3560  0.3010  1
779:   0.3063  0.3834  0.3103  1
780:   0.3100  0.4960  0.1940  1
781:   0.3650  0.2440  0.3910  1

  1:   0.2730  0.4050  0.3220  1
  2:   0.2730  0.3610  0.3660  1
  3:   0.4270  0.3060  0.2670  1
  4:   0.3470  0.3960  0.2570  1
  5:   0.2152  0.2823  0.5025  1
  6:   0.3003  0.3534  0.3463  1
  7:   0.3766  0.2837  0.3397  1
  8:   0.3760  0.3230  0.3010  1
  9:   0.3504  0.4034  0.2462  1
 10:   0.4560  0.3540  0.1900  1
 11:   0.3500  0.2700  0.3800  1
 12:   0.4150  0.3010  0.2840  1
 13:   0.4190  0.3180  0.2630  1
 14:   0.2610  0.4070  0.3320  1
 15:   0.1790  0.2100  0.6110  1
 16:   0.3530  0.3350  0.3120  1
 17:   0.3844  0.3323  0.2833  1
 18:   0.2052  0.4494  0.3453  1
 19:   0.2570  0.4620  0.2810  1
 20:   0.4450  0.3510  0.2040  1
 21:   0.3007  0.3906  0.3087  1
 22:   0.2840  0.4360  0.2800  1
 23:   0.3040  0.2390  0.4570  1
 24:   0.4810  0.2790  0.2400  1
 25:   0.2570  0.4050  0.3380  1
 26:   0.2963  0.3524  0.3514  1
 27:   0.3720  0.3190  0.3090  1
 28:   0.3320  0.2510  0.4170  1
 29:   0.2513  0.4224  0.3263  1
 30:   0.3710  0.3630  0.2660  1
 31:   0.4300  0.3150  0.2550  1
 32:   0.2180  0.2600  0.5220  1
 33:   0.2660  0.2900  0.4440  1
 34:   0.2863  0.3654  0.3483  1
 35:   0.2930  0.3540  0.3530  1
 36:   0.2440  0.3270  0.4290  1
 37:   0.3050  0.3030  0.3920  1
 38:   0.3300  0.3690  0.3010  1
 39:   0.3210  0.3380  0.3410  1
 40:   0.2310  0.4070  0.3620  1
 41:   0.4400  0.3280  0.2320  1
 42:   0.3067  0.2298  0.4635  1
 43:   0.2740  0.4910  0.2350  1
 44:   0.3624  0.3463  0.2913  1
 45:   0.2820  0.2550  0.4630  1
 46:   0.2910  0.3310  0.3780  1
 47:   0.3240  0.4520  0.2240  1
 48:   0.1710  0.2190  0.6100  1
 49:   0.4690  0.3680  0.1630  1
 50:   0.3267  0.3586  0.3147  1
 51:   0.3280  0.4210  0.2510  1
 52:   0.4740  0.3020  0.2240  1
 53:   0.2990  0.4170  0.2840  1
 54:   0.3467  0.3447  0.3087  1
 55:   0.1980  0.3080  0.4940  1
 56:   0.2150  0.2310  0.5540  1
 57:   0.3810  0.3550  0.2640  1
 58:   0.1400  0.2160  0.6440  1
 59:   0.2677  0.2877  0.4446  1
 60:   0.3640  0.3390  0.2970  1
 61:   0.3670  0.3790  0.2540  1
 62:   0.3370  0.3200  0.3430  1
 63:   0.4320  0.2890  0.2790  1
 64:   0.3490  0.4190  0.2320  1
 65:   0.3220  0.3850  0.2930  1
 66:   0.3860  0.3500  0.2640  1
 67:   0.4960  0.2880  0.2160  1
 68:   0.3650  0.3060  0.3290  1
 69:   0.3960  0.3360  0.2680  1
 70:   0.2893  0.3133  0.3974  1
 71:   0.3590  0.3490  0.2920  1
 72:   0.4300  0.3020  0.2680  1
 73:   0.2600  0.3260  0.4140  1
 74:   0.3570  0.3870  0.2560  1
 75:   0.3980  0.2940  0.3080  1
 76:   0.3640  0.3750  0.2610  1
 77:   0.3217  0.2817  0.3966  1
 78:   0.3580  0.4220  0.2200  1
 79:   0.3540  0.2550  0.3910  1
 80:   0.4220  0.2890  0.2890  1
 81:   0.5055  0.3143  0.1802  1
 82:   0.2980  0.2840  0.4180  1
 83:   0.5090  0.2760  0.2150  1
 84:   0.3390  0.3200  0.3410  1
 85:   0.3227  0.2717  0.4056  1
 86:   0.2553  0.3143  0.4304  1
 87:   0.4925  0.3143  0.1932  1
 88:   0.2550  0.2990  0.4460  1
 89:   0.3390  0.4050  0.2560  1
 90:   0.2900  0.3560  0.3540  1
 91:   0.3460  0.3070  0.3470  1
 92:   0.3067  0.2897  0.4036  1
 93:   0.4755  0.2963  0.2282  1
 94:   0.3010  0.4840  0.2150  1
 95:   0.2800  0.3410  0.3790  1
 96:   0.3610  0.3260  0.3130  1
 97:   0.4515  0.2897  0.2587  1
 98:   0.4200  0.3030  0.2770  1
 99:   0.4530  0.3100  0.2370  1
100:   0.3960  0.2870  0.3170  1
101:   0.3890  0.3480  0.2630  1
102:   0.2360  0.2730  0.4910  1
103:   0.2330  0.3080  0.4590  1
104:   0.3790  0.2880  0.3330  1
105:   0.3900  0.3200  0.2900  1
106:   0.3520  0.3500  0.2980  1
107:   0.3180  0.3350  0.3470  1
108:   0.3600  0.2590  0.3810  1
109:   0.3940  0.3180  0.2880  1
110:   0.3350  0.4150  0.2500  1
111:   0.2580  0.3900  0.3520  1
112:   0.2803  0.3844  0.3353  1
113:   0.2673  0.3443  0.3884  1
114:   0.3037  0.4076  0.2887  1
115:   0.3634  0.3013  0.3353  1
116:   0.2960  0.3440  0.3600  1
117:   0.1940  0.2420  0.5640  1
118:   0.3940  0.3470  0.2590  1
119:   0.2082  0.2953  0.4965  1
120:   0.1950  0.2620  0.5430  1
121:   0.4100  0.3210  0.2690  1
122:   0.5040  0.3190  0.1770  1
123:   0.2278  0.2667  0.5055  1
124:   0.3970  0.3520  0.2510  1
125:   0.2610  0.2140  0.5250  1
126:   0.2620  0.4430  0.2950  1
127:   0.3140  0.3190  0.3670  1
128:   0.2670  0.2840  0.4490  1
129:   0.4154  0.3113  0.2733  1
130:   0.3590  0.4270  0.2140  1
131:   0.3590  0.3850  0.2560  1
132:   0.1722  0.2563  0.5716  1
133:   0.2442  0.3714  0.3844  1
134:   0.2840  0.3740  0.3420  1
135:   0.3440  0.4720  0.1840  1
136:   0.2830  0.3170  0.4000  1
137:   0.2790  0.4180  0.3030  1
138:   0.2310  0.3540  0.4150  1
139:   0.2670  0.3020  0.4310  1
140:   0.4310  0.3350  0.2340  1
141:   0.3210  0.3450  0.3340  1
142:   0.2100  0.2500  0.5400  1
143:   0.3880  0.3570  0.2550  1
144:   0.3400  0.3220  0.3380  1
145:   0.2292  0.3834  0.3874  1
146:   0.3630  0.4080  0.2290  1
147:   0.3213  0.3463  0.3323  1
148:   0.4010  0.3210  0.2780  1
149:   0.2567  0.2368  0.5065  1
150:   0.4000  0.4080  0.1920  1
151:   0.4344  0.3473  0.2182  1
152:   0.3360  0.3740  0.2900  1
153:   0.4260  0.2930  0.2810  1
154:   0.3350  0.2990  0.3660  1
155:   0.2180  0.2120  0.5700  1
156:   0.4210  0.2990  0.2800  1
157:   0.2510  0.3850  0.3640  1
158:   0.2783  0.3924  0.3293  1
159:   0.3017  0.2398  0.4585  1
160:   0.2408  0.3127  0.4466  1
161:   0.2020  0.4270  0.3710  1
162:   0.3280  0.3410  0.3310  1
163:   0.3430  0.3540  0.3030  1
164:   0.2600  0.1990  0.5410  1
165:   0.3360  0.3500  0.3140  1
166:   0.3200  0.3640  0.3160  1
167:   0.1638  0.2268  0.6094  1
168:   0.3590  0.3020  0.3390  1
169:   0.3340  0.3940  0.2720  1
170:   0.4570  0.3490  0.1940  1
171:   0.3230  0.2830  0.3940  1
172:   0.3890  0.3560  0.2550  1
173:   0.2428  0.3067  0.4505  1
174:   0.3410  0.3390  0.3200  1
175:   0.3670  0.4080  0.2250  1
176:   0.3810  0.4050  0.2140  1
177:   0.5280  0.2500  0.2220  1
178:   0.3500  0.3500  0.3000  1
179:   0.2830  0.3140  0.4030  1
180:   0.4254  0.3293  0.2452  1
181:   0.2360  0.2700  0.4940  1
182:   0.5240  0.2130  0.2630  1
183:   0.2472  0.4675  0.2853  1
184:   0.3614  0.3493  0.2893  1
185:   0.2640  0.3650  0.3710  1
186:   0.3120  0.3330  0.3550  1
187:   0.3137  0.4166  0.2697  1
188:   0.2368  0.2857  0.4775  1
189:   0.3497  0.3966  0.2537  1
190:   0.4160  0.3080  0.2760  1
191:   0.2410  0.4150  0.3440  1
192:   0.3180  0.3690  0.3130  1
193:   0.3153  0.3694  0.3153  1
194:   0.2370  0.3010  0.4620  1
195:   0.4084  0.3353  0.2563  1
196:   0.2847  0.4206  0.2947  1
197:   0.2468  0.2737  0.4795  1
198:   0.2900  0.3820  0.3280  1
199:   0.4210  0.2730  0.3060  1
200:   0.2620  0.3170  0.4210  1
201:   0.5000  0.2780  0.2220  1
202:   0.3387  0.3457  0.3157  1
203:   0.3900  0.2810  0.3290  1
204:   0.4350  0.3140  0.2510  1
205:   0.3820  0.3340  0.2840  1
206:   0.4030  0.3280  0.2690  1
207:   0.2860  0.3270  0.3870  1
208:   0.4080  0.3630  0.2290  1
209:   0.3150  0.3380  0.3470  1
210:   0.3690  0.3590  0.2720  1
211:   0.4370  0.3750  0.1880  1
212:   0.2440  0.4220  0.3340  1
213:   0.2813  0.3053  0.4134  1
214:   0.3876  0.3976  0.2148  1
215:   0.2680  0.3150  0.4170  1
216:   0.3520  0.3010  0.3470  1
217:   0.2370  0.4030  0.3600  1
218:   0.2190  0.2640  0.5170  1
219:   0.4014  0.3293  0.2693  1
220:   0.3220  0.3590  0.3190  1
221:   0.4420  0.2750  0.2830  1
222:   0.2660  0.3640  0.3700  1
223:   0.2470  0.3240  0.4290  1
224:   0.4036  0.3187  0.2777  1
225:   0.4150  0.3680  0.2170  1
226:   0.2990  0.3430  0.3580  1
227:   0.3970  0.2750  0.3280  1
228:   0.3297  0.3107  0.3596  1
229:   0.3360  0.3500  0.3140  1
230:   0.3120  0.4000  0.2880  1
231:   0.3187  0.3776  0.3037  1
232:   0.3320  0.2890  0.3790  1
233:   0.2920  0.4610  0.2470  1
234:   0.2940  0.3640  0.3420  1
235:   0.3640  0.3650  0.2710  1
236:   0.2613  0.2923  0.4464  1
237:   0.3564  0.3153  0.3283  1
238:   0.3010  0.4280  0.2710  1
239:   0.4360  0.3100  0.2540  1
240:   0.3380  0.3360  0.3260  1
241:   0.4280  0.3060  0.2660  1
242:   0.3670  0.3120  0.3210  1
243:   0.2893  0.2813  0.4294  1
244:   0.3994  0.3584  0.2422  1
245:   0.3600  0.2940  0.3460  1
246:   0.2820  0.2590  0.4590  1
247:   0.3640  0.3700  0.2660  1
248:   0.2830  0.4610  0.2560  1
249:   0.3780  0.3560  0.2660  1
250:   0.2242  0.2563  0.5195  1
251:   0.2610  0.3550  0.3840  1
252:   0.4160  0.3480  0.2360  1
253:   0.3880  0.2460  0.3660  1
254:   0.2790  0.4180  0.3030  1
255:   0.4250  0.2820  0.2930  1
256:   0.2520  0.2940  0.4540  1
257:   0.4116  0.3007  0.2877  1
258:   0.3580  0.3110  0.3310  1
259:   0.4290  0.3330  0.2380  1
260:   0.4020  0.2320  0.3660  1
261:   0.3750  0.3630  0.2620  1
262:   0.3510  0.3190  0.3300  1
263:   0.3370  0.4380  0.2250  1
264:   0.3566  0.3207  0.3227  1
265:   0.3327  0.4346  0.2328  1
266:   0.2860  0.3200  0.3940  1
267:   0.3514  0.3934  0.2553  1
268:   0.2890  0.4660  0.2450  1
269:   0.5005  0.3017  0.1978  1
270:   0.3970  0.3870  0.2160  1
271:   0.2910  0.3770  0.3320  1
272:   0.4064  0.3514  0.2422  1
273:   0.3260  0.3540  0.3200  1
274:   0.3510  0.4380  0.2110  1
275:   0.4540  0.3240  0.2220  1
276:   0.2700  0.2390  0.4910  1
277:   0.5290  0.2380  0.2330  1
278:   0.5730  0.2710  0.1560  1
279:   0.2550  0.2920  0.4530  1
280:   0.2877  0.2897  0.4226  1
281:   0.3730  0.4310  0.1960  1
282:   0.4140  0.3170  0.2690  1
283:   0.2850  0.2850  0.4300  1
284:   0.4040  0.2600  0.3360  1
285:   0.2997  0.3616  0.3387  1
286:   0.3914  0.3764  0.2322  1
287:   0.2380  0.2500  0.5120  1
288:   0.5050  0.2650  0.2300  1
289:   0.3210  0.3350  0.3440  1
290:   0.2790  0.4230  0.2980  1
291:   0.2050  0.3880  0.4070  1
292:   0.3270  0.2960  0.3770  1
293:   0.3220  0.3680  0.3100  1
294:   0.4040  0.3150  0.2810  1
295:   0.1630  0.1680  0.6690  1
296:   0.3940  0.2560  0.3500  1
297:   0.3820  0.3390  0.2790  1
298:   0.3090  0.2880  0.4030  1
299:   0.1910  0.1880  0.6210  1
300:   0.3560  0.3220  0.3220  1
301:   0.3027  0.2907  0.4066  1
302:   0.1650  0.2580  0.5770  1
303:   0.3263  0.4324  0.2412  1
304:   0.3756  0.3057  0.3187  1
305:   0.2767  0.3526  0.3706  1
306:   0.3140  0.2280  0.4580  1
307:   0.3720  0.3050  0.3230  1
308:   0.3310  0.3370  0.3320  1
309:   0.4640  0.3110  0.2250  1
310:   0.3710  0.4050  0.2240  1
311:   0.4030  0.2410  0.3560  1
312:   0.4450  0.3350  0.2200  1
313:   0.3540  0.3070  0.3390  1
314:   0.3220  0.2920  0.3860  1
315:   0.3560  0.2350  0.4090  1
316:   0.3600  0.3350  0.3050  1
317:   0.4540  0.3240  0.2220  1
318:   0.3830  0.4210  0.1960  1
319:   0.2470  0.3670  0.3860  1
320:   0.2890  0.2070  0.5040  1
321:   0.2623  0.4394  0.2983  1
322:   0.3207  0.3896  0.2897  1
323:   0.3804  0.2693  0.3504  1
324:   0.3506  0.4236  0.2258  1
325:   0.3310  0.3820  0.2870  1
326:   0.4920  0.2660  0.2420  1
327:   0.3473  0.3253  0.3273  1
328:   0.3277  0.3616  0.3107  1
329:   0.4166  0.2887  0.2947  1
330:   0.3930  0.3480  0.2590  1
331:   0.3840  0.3370  0.2790  1
332:   0.4510  0.3400  0.2090  1
333:   0.4364  0.2933  0.2703  1
334:   0.4064  0.3584  0.2352  1
335:   0.3720  0.2860  0.3420  1
336:   0.3656  0.3087  0.3257  1
337:   0.3217  0.3656  0.3127  1
338:   0.4600  0.2640  0.2760  1
339:   0.2910  0.2870  0.4220  1
340:   0.3473  0.3944  0.2583  1
341:   0.2280  0.2840  0.4880  1
342:   0.4360  0.3030  0.2610  1
343:   0.5400  0.2330  0.2270  1
344:   0.4320  0.3350  0.2330  1
345:   0.4940  0.2530  0.2530  1
346:   0.2940  0.3380  0.3680  1
347:   0.2987  0.3576  0.3437  1
348:   0.2887  0.3027  0.4086  1
349:   0.3784  0.3043  0.3173  1
350:   0.2860  0.3700  0.3440  1
351:   0.2640  0.3610  0.3750  1
352:   0.3360  0.3140  0.3500  1
353:   0.2687  0.2507  0.4805  1
354:   0.4560  0.2620  0.2820  1
355:   0.3920  0.3540  0.2540  1
356:   0.3534  0.2853  0.3614  1
357:   0.3130  0.3460  0.3410  1
358:   0.3734  0.2913  0.3353  1
359:   0.2228  0.2428  0.5345  1
360:   0.2600  0.3700  0.3700  1
361:   0.2970  0.2590  0.4440  1
362:   0.3330  0.3760  0.2910  1
363:   0.3606  0.4086  0.2308  1
364:   0.4570  0.2880  0.2550  1
365:   0.3010  0.3270  0.3720  1
366:   0.2797  0.2587  0.4615  1
367:   0.3030  0.3470  0.3500  1
368:   0.2537  0.3786  0.3676  1
369:   0.2993  0.2513  0.4494  1
370:   0.2923  0.2753  0.4324  1
371:   0.3690  0.2090  0.4220  1
372:   0.2570  0.2840  0.4590  1
373:   0.3080  0.3070  0.3850  1
374:   0.2723  0.4114  0.3163  1
375:   0.3960  0.3300  0.2740  1
376:   0.2817  0.3766  0.3417  1
377:   0.1920  0.4020  0.4060  1
378:   0.2510  0.4420  0.3070  1
379:   0.1912  0.2603  0.5485  1
380:   0.2020  0.3530  0.4450  1
381:   0.3400  0.3120  0.3480  1
382:   0.3900  0.2960  0.3140  1
383:   0.3914  0.2492  0.3594  1
384:   0.2460  0.3550  0.3990  1
385:   0.4525  0.3473  0.2002  1
386:   0.1542  0.2052  0.6406  1
387:   0.2870  0.3910  0.3220  1
388:   0.2080  0.3030  0.4890  1
389:   0.4100  0.2750  0.3150  1
390:   0.3990  0.3250  0.2760  1
391:   0.2342  0.2753  0.4905  1
392:   0.4140  0.2470  0.3390  1
393:   0.2192  0.3413  0.4394  1
394:   0.4840  0.3470  0.1690  1
395:   0.3910  0.3010  0.3080  1
396:   0.4060  0.3600  0.2340  1
397:   0.4920  0.3100  0.1980  1
398:   0.3260  0.2980  0.3760  1
399:   0.2780  0.3090  0.4130  1
400:   0.2800  0.2550  0.4650  1
401:   0.2763  0.3884  0.3353  1
402:   0.3407  0.3546  0.3047  1
403:   0.4750  0.3510  0.1740  1
404:   0.4160  0.2820  0.3020  1
405:   0.3670  0.3890  0.2440  1
406:   0.3640  0.3320  0.3040  1
407:   0.1910  0.2960  0.5130  1
408:   0.2950  0.3980  0.3070  1
409:   0.3380  0.3290  0.3330  1
410:   0.3750  0.3250  0.3000  1
411:   0.4430  0.3670  0.1900  1
412:   0.2462  0.3894  0.3644  1
413:   0.4900  0.3290  0.1810  1
414:   0.2270  0.3880  0.3850  1
415:   0.2270  0.3870  0.3860  1
416:   0.3127  0.4855  0.2018  1
417:   0.3080  0.3470  0.3450  1
418:   0.2760  0.4050  0.3190  1
419:   0.3550  0.3250  0.3200  1
420:   0.3320  0.4660  0.2020  1
421:   0.4030  0.3610  0.2360  1
422:   0.3824  0.3373  0.2803  1
423:   0.3070  0.4400  0.2530  1
424:   0.4100  0.3780  0.2120  1
425:   0.2580  0.3850  0.3570  1
426:   0.2330  0.3120  0.4550  1
427:   0.2773  0.3253  0.3974  1
428:   0.2970  0.3700  0.3330  1
429:   0.2850  0.2300  0.4850  1
430:   0.2780  0.4150  0.3070  1
431:   0.3816  0.3956  0.2228  1
