  1:   0.3459  0.2693  0.3847  1
  2:   0.3715  0.2709  0.3575  1
  3:   0.2685  0.4035  0.3279  1
  4:   0.2563  0.3063  0.4373  1
  5:   0.5101  0.2346  0.2553  1
  6:   0.3404  0.3270  0.3326  1
  7:   0.3420  0.3542  0.3038  1
  8:   0.2999  0.4077  0.2923  1
  9:   0.2179  0.2997  0.4825  1
 10:   0.2024  0.5501  0.2476  1
 11:   0.3581  0.3901  0.2518  1
 12:   0.2911  0.4111  0.2977  1
 13:   0.2574  0.4366  0.3060  1
 14:   0.2780  0.2222  0.4998  1
 15:   0.5932  0.1786  0.2282  1
 16:   0.3086  0.4130  0.2784  1
 17:   0.2667  0.3189  0.4145  1
 18:   0.3583  0.1992  0.4425  1
 19:   0.2934  0.2430  0.4636  1
 20:   0.1912  0.3904  0.4184  1
 21:   0.3547  0.3625  0.2829  1
 22:   0.2659  0.2797  0.4543  1
 23:   0.4463  0.3189  0.2348  1
 24:   0.2366  0.4504  0.3130  1
 25:   0.3870  0.2681  0.3449  1
 26:   0.3680  0.2952  0.3368  1
 27:   0.3003  0.3481  0.3517  1
 28:   0.4172  0.3534  0.2294  1
 29:   0.3259  0.2293  0.4449  1
 30:   0.2658  0.3306  0.4036  1
 31:   0.2560  0.4326  0.3114  1
 32:   0.5113  0.2290  0.2597  1
 33:   0.4166  0.2516  0.3318  1
 34:   0.3443  0.2580  0.3977  1
 35:   0.3568  0.2412  0.4020  1
 36:   0.4286  0.2372  0.3342  1
 37:   0.3740  0.2952  0.3308  1
 38:   0.3009  0.3379  0.3611  1
 39:   0.3621  0.3217  0.3161  1
 40:   0.4261  0.2689  0.3049  1
 41:   0.2354  0.4661  0.2985  1
 42:   0.4581  0.3147  0.2272  1
 43:   0.2464  0.2708  0.4828  1
 44:   0.2645  0.3517  0.3839  1
 45:   0.4671  0.3073  0.2256  1
 46:   0.4097  0.3005  0.2899  1
 47:   0.2406  0.3348  0.4246  1
 48:   0.6040  0.1696  0.2264  1
 49:   0.1536  0.4123  0.4341  1
 50:   0.2965  0.3063  0.3971  1
 51:   0.2636  0.3178  0.4186  1
 52:   0.2113  0.5282  0.2605  1
 53:   0.2913  0.3185  0.3903  1
 54:   0.3029  0.3115  0.3855  1
 55:   0.5434  0.2130  0.2436  1
 56:   0.5617  0.2392  0.1992  1
 57:   0.2575  0.3931  0.3495  1
 58:   0.6634  0.1476  0.1890  1
 59:   0.4557  0.2851  0.2591  1
 60:   0.2714  0.3514  0.3772  1
 61:   0.2562  0.3848  0.3590  1
 62:   0.3599  0.4133  0.2268  1
 63:   0.2619  0.4620  0.2761  1
 64:   0.2692  0.3952  0.3356  1
 65:   0.3085  0.3325  0.3591  1
 66:   0.2788  0.3542  0.3670  1
 67:   0.2136  0.5016  0.2848  1
 68:   0.3169  0.3663  0.3167  1
 69:   0.2548  0.4958  0.2494  1
 70:   0.3859  0.3113  0.3029  1
 71:   0.2891  0.3753  0.3355  1
 72:   0.2558  0.4467  0.2975  1
 73:   0.4081  0.2494  0.3425  1
 74:   0.2456  0.3749  0.3795  1
 75:   0.2939  0.3531  0.3529  1
 76:   0.2872  0.3606  0.3522  1
 77:   0.4040  0.3019  0.2941  1
 78:   0.2382  0.3927  0.3691  1
 79:   0.3765  0.3567  0.2667  1
 80:   0.2920  0.4126  0.2954  1
 81:   0.1831  0.5540  0.2629  1
 82:   0.4234  0.3388  0.2378  1
 83:   0.1912  0.5368  0.2720  1
 84:   0.3257  0.3503  0.3241  1
 85:   0.3946  0.3359  0.2695  1
 86:   0.4816  0.2766  0.2418  1
 87:   0.1971  0.5145  0.2884  1
 88:   0.4540  0.2456  0.3004  1
 89:   0.2516  0.3182  0.4302  1
 90:   0.3597  0.3573  0.2829  1
 91:   0.3417  0.3451  0.3133  1
 92:   0.3919  0.3773  0.2308  1
 93:   0.2168  0.4784  0.3048  1
 94:   0.2090  0.3092  0.4818  1
 95:   0.3807  0.3237  0.2957  1
 96:   0.2994  0.3240  0.3766  1
 97:   0.2512  0.4868  0.2620  1
 98:   0.2763  0.3993  0.3245  1
 99:   0.2280  0.4786  0.2934  1
100:   0.2905  0.3723  0.3373  1
101:   0.2531  0.3959  0.3509  1
102:   0.4965  0.2450  0.2585  1
103:   0.4195  0.2042  0.3763  1
104:   0.3294  0.3948  0.2758  1
105:   0.2694  0.3436  0.3870  1
106:   0.3101  0.3463  0.3435  1
107:   0.3780  0.3698  0.2523  1
108:   0.3659  0.4097  0.2243  1
109:   0.2669  0.3547  0.3783  1
110:   0.2212  0.2504  0.5285  1
111:   0.3800  0.2674  0.3526  1
112:   0.2950  0.2508  0.4542  1
113:   0.4297  0.2965  0.2739  1
114:   0.2813  0.2785  0.4401  1
115:   0.3291  0.4137  0.2573  1
116:   0.3770  0.3364  0.2866  1
117:   0.5769  0.2000  0.2232  1
118:   0.2416  0.3146  0.4438  1
119:   0.5031  0.2038  0.2931  1
120:   0.5429  0.1754  0.2817  1
121:   0.2593  0.3681  0.3725  1
122:   0.1844  0.5119  0.3037  1
123:   0.5097  0.2354  0.2549  1
124:   0.2559  0.4469  0.2971  1
125:   0.5072  0.2883  0.2045  1
126:   0.3291  0.2939  0.3771  1
127:   0.3661  0.3343  0.2997  1
128:   0.4648  0.3136  0.2216  1
129:   0.2579  0.5019  0.2403  1
130:   0.2273  0.3483  0.4244  1
131:   0.2771  0.4224  0.3005  1
132:   0.6008  0.1779  0.2213  1
133:   0.3772  0.2199  0.4029  1
134:   0.3708  0.3094  0.3198  1
135:   0.1804  0.2624  0.5573  1
136:   0.3983  0.2865  0.3153  1
137:   0.3362  0.3356  0.3282  1
138:   0.4424  0.2384  0.3192  1
139:   0.4213  0.2428  0.3359  1
140:   0.2360  0.4790  0.2850  1
141:   0.3215  0.2891  0.3893  1
142:   0.5543  0.2118  0.2338  1
143:   0.2760  0.4488  0.2752  1
144:   0.3390  0.3134  0.3476  1
145:   0.3621  0.2286  0.4093  1
146:   0.2308  0.3331  0.4361  1
147:   0.3267  0.2941  0.3791  1
148:   0.2490  0.3547  0.3963  1
149:   0.4964  0.2761  0.2275  1
150:   0.1784  0.3348  0.4868  1
151:   0.2131  0.3790  0.4079  1
152:   0.2940  0.3410  0.3650  1
153:   0.2766  0.4018  0.3216  1
154:   0.3613  0.3407  0.2981  1
155:   0.5636  0.2342  0.2022  1
156:   0.2590  0.4000  0.3410  1
157:   0.4001  0.3007  0.2991  1
158:   0.3725  0.3435  0.2839  1
159:   0.4431  0.3071  0.2498  1
160:   0.4585  0.2559  0.2857  1
161:   0.4095  0.1952  0.3953  1
162:   0.3126  0.2796  0.4078  1
163:   0.3000  0.2984  0.4016  1
164:   0.5410  0.2824  0.1766  1
165:   0.3224  0.3366  0.3410  1
166:   0.3235  0.3575  0.3189  1
167:   0.5970  0.1789  0.2241  1
168:   0.3330  0.3272  0.3398  1
169:   0.3021  0.3701  0.3279  1
170:   0.1832  0.3724  0.4444  1
171:   0.3910  0.3198  0.2892  1
172:   0.2354  0.3177  0.4469  1
173:   0.4701  0.2428  0.2871  1
174:   0.3298  0.3502  0.3200  1
175:   0.2298  0.3488  0.4214  1
176:   0.2012  0.3051  0.4937  1
177:   0.2120  0.5406  0.2474  1
178:   0.2914  0.3652  0.3434  1
179:   0.4264  0.3022  0.2714  1
180:   0.2262  0.4025  0.3713  1
181:   0.4702  0.2350  0.2948  1
182:   0.2246  0.5631  0.2124  1
183:   0.2769  0.2131  0.5100  1
184:   0.2706  0.3540  0.3754  1
185:   0.3805  0.2755  0.3441  1
186:   0.3407  0.2777  0.3817  1
187:   0.2719  0.2797  0.4483  1
188:   0.4615  0.2342  0.3043  1
189:   0.2532  0.3409  0.4059  1
190:   0.2528  0.3741  0.3731  1
191:   0.3798  0.2592  0.3610  1
192:   0.3411  0.3907  0.2682  1
193:   0.3265  0.2981  0.3755  1
194:   0.4858  0.2416  0.2726  1
195:   0.2684  0.4386  0.2930  1
196:   0.3103  0.2785  0.4111  1
197:   0.4583  0.2480  0.2937  1
198:   0.3376  0.2656  0.3968  1
199:   0.3029  0.4761  0.2210  1
200:   0.4082  0.2565  0.3353  1
201:   0.2151  0.4974  0.2875  1
202:   0.3018  0.3348  0.3634  1
203:   0.3174  0.4148  0.2678  1
204:   0.2380  0.3876  0.3744  1
205:   0.2949  0.4084  0.2967  1
206:   0.2670  0.4454  0.2876  1
207:   0.4303  0.3171  0.2525  1
208:   0.2194  0.3731  0.4075  1
209:   0.3918  0.3526  0.2556  1
210:   0.2729  0.3481  0.3789  1
211:   0.2050  0.4778  0.3172  1
212:   0.3551  0.2148  0.4301  1
213:   0.4149  0.2947  0.2905  1
214:   0.2232  0.4694  0.3074  1
215:   0.4063  0.2703  0.3235  1
216:   0.3381  0.3759  0.2861  1
217:   0.3770  0.2400  0.3830  1
218:   0.5118  0.2420  0.2462  1
219:   0.2505  0.3125  0.4370  1
220:   0.3381  0.3691  0.2927  1
221:   0.2534  0.4974  0.2492  1
222:   0.3947  0.2855  0.3199  1
223:   0.4556  0.2598  0.2846  1
224:   0.2991  0.4089  0.2919  1
225:   0.2482  0.4588  0.2930  1
226:   0.3437  0.2596  0.3967  1
227:   0.3223  0.4206  0.2571  1
228:   0.3535  0.3163  0.3303  1
229:   0.3039  0.3483  0.3477  1
230:   0.2605  0.2298  0.5096  1
231:   0.3281  0.2945  0.3773  1
232:   0.3986  0.3770  0.2244  1
233:   0.2585  0.2546  0.4869  1
234:   0.3479  0.2983  0.3539  1
235:   0.2736  0.3300  0.3964  1
236:   0.4269  0.2691  0.3041  1
237:   0.3509  0.3819  0.2673  1
238:   0.2863  0.2957  0.4179  1
239:   0.2316  0.3621  0.4063  1
240:   0.3194  0.3186  0.3620  1
241:   0.2737  0.4420  0.2843  1
242:   0.3163  0.4184  0.2653  1
243:   0.4174  0.3111  0.2715  1
244:   0.2596  0.4383  0.3021  1
245:   0.3250  0.3090  0.3660  1
246:   0.4298  0.2733  0.2969  1
247:   0.2711  0.3401  0.3887  1
248:   0.2876  0.2674  0.4450  1
249:   0.2691  0.3431  0.3877  1
250:   0.4975  0.2268  0.2757  1
251:   0.4209  0.2514  0.3277  1
252:   0.2555  0.4469  0.2975  1
253:   0.3558  0.3912  0.2530  1
254:   0.2883  0.2441  0.4676  1
255:   0.2747  0.3993  0.3259  1
256:   0.4731  0.2733  0.2535  1
257:   0.2817  0.4001  0.3181  1
258:   0.3033  0.3379  0.3589  1
259:   0.2188  0.4151  0.3661  1
260:   0.3603  0.4043  0.2354  1
261:   0.2573  0.3387  0.4039  1
262:   0.3264  0.3290  0.3446  1
263:   0.2228  0.3456  0.4316  1
264:   0.3409  0.3827  0.2763  1
265:   0.2440  0.3503  0.4057  1
266:   0.4117  0.2905  0.2979  1
267:   0.2720  0.3674  0.3606  1
268:   0.2635  0.2644  0.4721  1
269:   0.1834  0.4417  0.3749  1
270:   0.2154  0.3705  0.4141  1
271:   0.3390  0.3102  0.3508  1
272:   0.2440  0.4067  0.3493  1
273:   0.3343  0.3535  0.3123  1
274:   0.1896  0.2520  0.5583  1
275:   0.2174  0.3929  0.3897  1
276:   0.4917  0.3031  0.2052  1
277:   0.2166  0.4973  0.2861  1
278:   0.1538  0.5233  0.3229  1
279:   0.4432  0.2722  0.2846  1
280:   0.4104  0.2922  0.2974  1
281:   0.2044  0.3868  0.4088  1
282:   0.2506  0.3627  0.3867  1
283:   0.4083  0.2787  0.3131  1
284:   0.3329  0.4245  0.2426  1
285:   0.3551  0.3311  0.3139  1
286:   0.2238  0.4407  0.3355  1
287:   0.4802  0.2254  0.2944  1
288:   0.2086  0.5473  0.2440  1
289:   0.3432  0.3060  0.3508  1
290:   0.3430  0.2812  0.3758  1
291:   0.4348  0.2008  0.3644  1
292:   0.3720  0.3638  0.2642  1
293:   0.2887  0.2522  0.4591  1
294:   0.2789  0.3989  0.3221  1
295:   0.6751  0.1738  0.1512  1
296:   0.3186  0.3830  0.2984  1
297:   0.2665  0.3159  0.4177  1
298:   0.3787  0.3177  0.3037  1
299:   0.6265  0.2002  0.1734  1
300:   0.2982  0.3066  0.3952  1
301:   0.3890  0.3040  0.3070  1
302:   0.5938  0.1632  0.2430  1
303:   0.2702  0.3074  0.4224  1
304:   0.3178  0.3834  0.2988  1
305:   0.3896  0.2566  0.3538  1
306:   0.4329  0.3405  0.2266  1
307:   0.3165  0.3721  0.3115  1
308:   0.3215  0.3729  0.3055  1
309:   0.2242  0.4414  0.3344  1
310:   0.2158  0.3685  0.4157  1
311:   0.3383  0.4207  0.2410  1
312:   0.1989  0.3817  0.4194  1
313:   0.3301  0.3563  0.3135  1
314:   0.4030  0.3674  0.2296  1
315:   0.3962  0.3722  0.2316  1
316:   0.2989  0.3641  0.3369  1
317:   0.2026  0.3825  0.4149  1
318:   0.1902  0.2956  0.5142  1
319:   0.3887  0.2549  0.3563  1
320:   0.4837  0.3063  0.2100  1
321:   0.3009  0.2387  0.4605  1
322:   0.2966  0.3492  0.3542  1
323:   0.3262  0.3582  0.3156  1
324:   0.2485  0.3924  0.3592  1
325:   0.2735  0.3113  0.4151  1
326:   0.2200  0.4918  0.2882  1
327:   0.3253  0.3141  0.3605  1
328:   0.3045  0.3177  0.3778  1
329:   0.2966  0.4223  0.2810  1
330:   0.2733  0.4774  0.2493  1
331:   0.2897  0.3999  0.3105  1
332:   0.2226  0.3931  0.3843  1
333:   0.2614  0.4310  0.3076  1
334:   0.2138  0.3447  0.4415  1
335:   0.3502  0.3640  0.2858  1
336:   0.3200  0.3798  0.3002  1
337:   0.2827  0.2669  0.4503  1
338:   0.2540  0.5004  0.2456  1
339:   0.4306  0.3212  0.2482  1
340:   0.2530  0.3014  0.4456  1
341:   0.4874  0.2468  0.2658  1
342:   0.2589  0.4591  0.2819  1
343:   0.1954  0.5504  0.2542  1
344:   0.2246  0.3531  0.4223  1
345:   0.2416  0.4728  0.2856  1
346:   0.3656  0.2788  0.3556  1
347:   0.3764  0.3538  0.2698  1
348:   0.3911  0.2759  0.3331  1
349:   0.2975  0.3563  0.3461  1
350:   0.3383  0.2937  0.3679  1
351:   0.3704  0.2606  0.3690  1
352:   0.3236  0.3280  0.3484  1
353:   0.4883  0.2835  0.2281  1
354:   0.2617  0.4777  0.2606  1
355:   0.2472  0.3838  0.3690  1
356:   0.3354  0.3408  0.3238  1
357:   0.3625  0.3221  0.3155  1
358:   0.3197  0.3895  0.2909  1
359:   0.5246  0.2300  0.2454  1
360:   0.3729  0.2474  0.3797  1
361:   0.4226  0.3366  0.2408  1
362:   0.2782  0.3088  0.4130  1
363:   0.2114  0.3156  0.4730  1
364:   0.2492  0.3886  0.3622  1
365:   0.3473  0.2783  0.3744  1
366:   0.4591  0.2740  0.2668  1
367:   0.3588  0.2958  0.3454  1
368:   0.4237  0.2777  0.2985  1
369:   0.4719  0.3071  0.2211  1
370:   0.4294  0.3214  0.2492  1
371:   0.3871  0.3861  0.2267  1
372:   0.4532  0.2758  0.2710  1
373:   0.3797  0.3099  0.3103  1
374:   0.3183  0.3091  0.3727  1
375:   0.2646  0.4160  0.3194  1
376:   0.3245  0.2761  0.3994  1
377:   0.4762  0.2058  0.3180  1
378:   0.3408  0.2892  0.3700  1
379:   0.5422  0.1954  0.2624  1
380:   0.5244  0.2166  0.2590  1
381:   0.3389  0.3173  0.3437  1
382:   0.3190  0.3826  0.2984  1
383:   0.3481  0.4127  0.2392  1
384:   0.3924  0.2055  0.4022  1
385:   0.2164  0.4101  0.3735  1
386:   0.6674  0.1640  0.1686  1
387:   0.3501  0.3067  0.3433  1
388:   0.5021  0.2066  0.2913  1
389:   0.2961  0.3798  0.3241  1
390:   0.2934  0.4570  0.2496  1
391:   0.4839  0.2433  0.2728  1
392:   0.3197  0.4531  0.2272  1
393:   0.4444  0.1957  0.3599  1
394:   0.1662  0.5673  0.2664  1
395:   0.2920  0.3598  0.3482  1
396:   0.2338  0.3364  0.4298  1
397:   0.1852  0.3973  0.4175  1
398:   0.3814  0.3292  0.2894  1
399:   0.4035  0.2751  0.3213  1
400:   0.4377  0.2959  0.2665  1
401:   0.3443  0.2583  0.3975  1
402:   0.3033  0.3131  0.3835  1
403:   0.1658  0.4518  0.3824  1
404:   0.2863  0.4463  0.2674  1
405:   0.2524  0.3618  0.3858  1
406:   0.3151  0.4067  0.2781  1
407:   0.5062  0.1818  0.3120  1
408:   0.3141  0.2973  0.3887  1
409:   0.3222  0.3184  0.3594  1
410:   0.2914  0.3524  0.3562  1
411:   0.1814  0.3945  0.4241  1
412:   0.3858  0.2513  0.3629  1
413:   0.1710  0.4560  0.3730  1
414:   0.4149  0.2338  0.3513  1
415:   0.4682  0.2592  0.2726  1
416:   0.1859  0.2327  0.5814  1
417:   0.3689  0.3291  0.3021  1
418:   0.3476  0.2942  0.3582  1
419:   0.3422  0.3990  0.2588  1
420:   0.1908  0.3016  0.5076  1
421:   0.2432  0.4241  0.3327  1
422:   0.2890  0.4012  0.3098  1
423:   0.2703  0.3061  0.4237  1
424:   0.2163  0.3535  0.4302  1
425:   0.3720  0.2830  0.3450  1
426:   0.4881  0.2697  0.2422  1
427:   0.4285  0.3009  0.2707  1
428:   0.3263  0.3325  0.3411  1
429:   0.4474  0.3192  0.2334  1
430:   0.3167  0.3417  0.3415  1
431:   0.2246  0.3625  0.4129  1
432:   0.4163  0.2482  0.3355  1
433:   0.4054  0.2365  0.3581  1
434:   0.2735  0.3159  0.4106  1
435:   0.2916  0.3276  0.3808  1
436:   0.3378  0.2976  0.3646  1
437:   0.3790  0.2512  0.3698  1
438:   0.5375  0.2054  0.2571  1
439:   0.3116  0.3558  0.3326  1
440:   0.2404  0.4634  0.2962  1
441:   0.4249  0.2667  0.3083  1
442:   0.2070  0.3618  0.4312  1
443:   0.3101  0.3313  0.3587  1
444:   0.4389  0.2849  0.2761  1
445:   0.3083  0.4555  0.2363  1
446:   0.2604  0.4212  0.3184  1
447:   0.2563  0.2979  0.4459  1
448:   0.3843  0.2863  0.3295  1
449:   0.3092  0.2896  0.4012  1
450:   0.2358  0.4126  0.3516  1
451:   0.3793  0.3699  0.2507  1
452:   0.2420  0.5171  0.2410  1
453:   0.3197  0.2761  0.4041  1
454:   0.1871  0.4104  0.4024  1
455:   0.3473  0.3817  0.2711  1
456:   0.3739  0.3781  0.2480  1
457:   0.4760  0.2128  0.3112  1
458:   0.3505  0.4403  0.2092  1
459:   0.4646  0.2999  0.2355  1
460:   0.2824  0.3670  0.3506  1
461:   0.1718  0.2467  0.5815  1
462:   0.1926  0.4676  0.3398  1
463:   0.4786  0.2770  0.2444  1
464:   0.3730  0.3238  0.3032  1
465:   0.2851  0.4423  0.2726  1
466:   0.4843  0.2160  0.2997  1
467:   0.2777  0.4059  0.3163  1
468:   0.3714  0.3454  0.2832  1
469:   0.4273  0.2715  0.3013  1
470:   0.4414  0.2414  0.3172  1
471:   0.2276  0.5149  0.2575  1
472:   0.4430  0.2049  0.3521  1
473:   0.3019  0.2379  0.4602  1
474:   0.2580  0.3492  0.3928  1
475:   0.3440  0.3802  0.2758  1
476:   0.3571  0.4251  0.2179  1
477:   0.3317  0.3311  0.3373  1
478:   0.2444  0.2510  0.5047  1
479:   0.2474  0.4610  0.2916  1
480:   0.3204  0.2212  0.4584  1
481:   0.3153  0.3627  0.3221  1
482:   0.4573  0.2164  0.3263  1
483:   0.3242  0.4344  0.2414  1
484:   0.1894  0.4051  0.4055  1
485:   0.2352  0.4962  0.2686  1
486:   0.3044  0.3294  0.3662  1
487:   0.3920  0.2772  0.3308  1
488:   0.4032  0.3494  0.2473  1
489:   0.2808  0.3514  0.3678  1
490:   0.4024  0.2598  0.3378  1
491:   0.5411  0.1890  0.2699  1
492:   0.3837  0.3407  0.2755  1
493:   0.3699  0.2985  0.3315  1
494:   0.4393  0.3168  0.2439  1
495:   0.2072  0.4890  0.3038  1
496:   0.1956  0.4227  0.3817  1
497:   0.2418  0.2602  0.4980  1
498:   0.2315  0.2989  0.4696  1
499:   0.4230  0.2139  0.3631  1
500:   0.4391  0.3059  0.2551  1
501:   0.2521  0.3687  0.3793  1
502:   0.3264  0.3662  0.3074  1
503:   0.2985  0.2754  0.4261  1
504:   0.2642  0.3190  0.4168  1
505:   0.4335  0.3331  0.2335  1
506:   0.2805  0.3763  0.3433  1
507:   0.3204  0.3580  0.3216  1
508:   0.1586  0.3573  0.4841  1
509:   0.3154  0.4192  0.2654  1
510:   0.2008  0.3505  0.4487  1
511:   0.4633  0.2438  0.2929  1
512:   0.1718  0.2206  0.6077  1
513:   0.1736  0.4264  0.4000  1
514:   0.2309  0.3045  0.4646  1
515:   0.5793  0.1624  0.2583  1
516:   0.3119  0.4527  0.2355  1
517:   0.2709  0.4926  0.2365  1
518:   0.2083  0.3205  0.4712  1
519:   0.2843  0.3291  0.3867  1
520:   0.4149  0.2961  0.2889  1
521:   0.3077  0.2999  0.3925  1
522:   0.2668  0.4002  0.3330  1
523:   0.3967  0.2769  0.3265  1
524:   0.2292  0.5365  0.2343  1
525:   0.4324  0.2754  0.2922  1
526:   0.3337  0.2739  0.3923  1
527:   0.3070  0.3056  0.3874  1
528:   0.5341  0.2237  0.2421  1
529:   0.3479  0.2961  0.3561  1
530:   0.4456  0.2625  0.2919  1
531:   0.3784  0.3930  0.2286  1
532:   0.1738  0.5363  0.2899  1
533:   0.2124  0.2148  0.5729  1
534:   0.4270  0.2878  0.2852  1
535:   0.3873  0.2527  0.3601  1
536:   0.2997  0.3047  0.3955  1
537:   0.4322  0.2396  0.3282  1
538:   0.3077  0.3952  0.2971  1
539:   0.3451  0.2535  0.4014  1
540:   0.3669  0.3385  0.2947  1
541:   0.3487  0.3827  0.2686  1
542:   0.5610  0.2024  0.2366  1
543:   0.6214  0.1921  0.1865  1
544:   0.5011  0.2346  0.2643  1
545:   0.3323  0.3239  0.3437  1
546:   0.5035  0.2314  0.2651  1
547:   0.2883  0.3940  0.3177  1
548:   0.3093  0.3341  0.3567  1
549:   0.3266  0.3564  0.3170  1
550:   0.3163  0.2909  0.3929  1
551:   0.5027  0.2248  0.2725  1
552:   0.3030  0.2868  0.4102  1
553:   0.2491  0.4184  0.3325  1
554:   0.5912  0.1485  0.2603  1
555:   0.2757  0.4189  0.3053  1
556:   0.1834  0.3276  0.4890  1
557:   0.2974  0.3456  0.3570  1
558:   0.4504  0.3503  0.1993  1
559:   0.3081  0.3599  0.3321  1
560:   0.5478  0.2061  0.2461  1
561:   0.2847  0.4357  0.2795  1
562:   0.4539  0.2449  0.3013  1
563:   0.3387  0.3785  0.2827  1
564:   0.2995  0.3331  0.3675  1
565:   0.3609  0.3199  0.3191  1
566:   0.2706  0.4128  0.3166  1
567:   0.3733  0.3635  0.2632  1
568:   0.3421  0.2233  0.4346  1
569:   0.2260  0.3891  0.3849  1
570:   0.3489  0.3037  0.3475  1
571:   0.3409  0.3415  0.3177  1
572:   0.2290  0.2590  0.5120  1
573:   0.3914  0.3568  0.2518  1
574:   0.2541  0.4434  0.3025  1
575:   0.3230  0.4607  0.2163  1
576:   0.3887  0.3311  0.2803  1
577:   0.2548  0.3608  0.3844  1
578:   0.3597  0.3711  0.2693  1
579:   0.3191  0.3655  0.3153  1
580:   0.2390  0.3554  0.4056  1
581:   0.4668  0.2570  0.2762  1
582:   0.2571  0.3803  0.3625  1
583:   0.4113  0.3123  0.2764  1
584:   0.3954  0.3033  0.3013  1
585:   0.2598  0.3988  0.3414  1
586:   0.3758  0.4030  0.2212  1
587:   0.2108  0.3432  0.4460  1
588:   0.2226  0.4695  0.3079  1
589:   0.4132  0.2990  0.2878  1
590:   0.2696  0.3962  0.3342  1
591:   0.4132  0.3010  0.2858  1
592:   0.2451  0.3279  0.4270  1
593:   0.4271  0.3135  0.2594  1
594:   0.4471  0.2340  0.3189  1
595:   0.4030  0.2700  0.3270  1
596:   0.3026  0.2598  0.4376  1
597:   0.3618  0.2864  0.3518  1
598:   0.4177  0.3125  0.2698  1
599:   0.4566  0.3377  0.2057  1
600:   0.3040  0.3164  0.3796  1
601:   0.2596  0.3702  0.3702  1
602:   0.2516  0.3563  0.3921  1
603:   0.3013  0.3097  0.3891  1
604:   0.3789  0.2301  0.3911  1
605:   0.1758  0.3205  0.5037  1
606:   0.4765  0.2857  0.2378  1
607:   0.2506  0.4030  0.3464  1
608:   0.3043  0.2773  0.4183  1
609:   0.3624  0.3392  0.2984  1
610:   0.2508  0.5224  0.2268  1
611:   0.2799  0.4586  0.2615  1
612:   0.3054  0.3912  0.3034  1
613:   0.2717  0.3569  0.3715  1
614:   0.4166  0.2618  0.3216  1
615:   0.1784  0.3243  0.4973  1
616:   0.2610  0.4648  0.2742  1
617:   0.3400  0.2730  0.3870  1
618:   0.1724  0.5205  0.3071  1
619:   0.3432  0.4012  0.2556  1
620:   0.5082  0.2549  0.2369  1
621:   0.3641  0.2683  0.3677  1
622:   0.2610  0.4064  0.3326  1
623:   0.2480  0.4472  0.3048  1
624:   0.2226  0.4392  0.3382  1
625:   0.3843  0.3379  0.2779  1
626:   0.2012  0.5184  0.2804  1
627:   0.3680  0.2262  0.4058  1
628:   0.2681  0.2596  0.4723  1
629:   0.2710  0.4196  0.3094  1
630:   0.3615  0.2879  0.3505  1
631:   0.4357  0.2324  0.3319  1
632:   0.5282  0.2358  0.2360  1
633:   0.2957  0.3623  0.3421  1
634:   0.2068  0.4549  0.3383  1
635:   0.2282  0.3679  0.4039  1
636:   0.3145  0.3507  0.3347  1
637:   0.3414  0.2750  0.3836  1
638:   0.1972  0.4735  0.3293  1
639:   0.3567  0.2851  0.3583  1
640:   0.3213  0.3195  0.3593  1
641:   0.3273  0.3631  0.3095  1
642:   0.2901  0.4203  0.2897  1
643:   0.2883  0.2393  0.4723  1
644:   0.1490  0.5836  0.2674  1
645:   0.4880  0.2300  0.2820  1
646:   0.2880  0.3900  0.3220  1
647:   0.3357  0.2497  0.4145  1
648:   0.3372  0.2982  0.3646  1
649:   0.4343  0.3701  0.1956  1
650:   0.3543  0.3962  0.2495  1
651:   0.4143  0.2089  0.3768  1
652:   0.5887  0.1846  0.2266  1
653:   0.5612  0.1940  0.2448  1
654:   0.3267  0.3241  0.3493  1
655:   0.2589  0.3597  0.3813  1
656:   0.1547  0.2703  0.5750  1
657:   0.3584  0.3042  0.3374  1
658:   0.4389  0.3173  0.2438  1
659:   0.3900  0.2945  0.3155  1
660:   0.3424  0.2376  0.4200  1
661:   0.2032  0.3846  0.4122  1
662:   0.2132  0.4946  0.2922  1
663:   0.2749  0.3223  0.4027  1
664:   0.3807  0.3069  0.3125  1
665:   0.4274  0.2352  0.3374  1
666:   0.4479  0.2290  0.3231  1
667:   0.3606  0.4236  0.2158  1
668:   0.2841  0.3585  0.3574  1
669:   0.4096  0.3078  0.2826  1
670:   0.3673  0.2807  0.3519  1
671:   0.1954  0.2560  0.5485  1
672:   0.5869  0.1946  0.2184  1
673:   0.2753  0.3099  0.4149  1
674:   0.2835  0.2757  0.4408  1
675:   0.2351  0.2157  0.5492  1
676:   0.2037  0.4504  0.3459  1
677:   0.2799  0.4819  0.2383  1
678:   0.3260  0.3450  0.3290  1
679:   0.3003  0.2777  0.4221  1
680:   0.2813  0.4417  0.2770  1
681:   0.3537  0.2360  0.4103  1
682:   0.1627  0.4142  0.4230  1
683:   0.2516  0.4339  0.3145  1
684:   0.5036  0.1852  0.3112  1
685:   0.3007  0.3195  0.3798  1
686:   0.3941  0.2603  0.3457  1
687:   0.2709  0.2518  0.4773  1
688:   0.3415  0.4052  0.2533  1
689:   0.1473  0.2431  0.6096  1
690:   0.3466  0.2950  0.3584  1
691:   0.3562  0.2120  0.4318  1
692:   0.3205  0.4143  0.2651  1
693:   0.2338  0.4382  0.3280  1
694:   0.4351  0.2817  0.2833  1
695:   0.1966  0.2820  0.5213  1
696:   0.3864  0.3548  0.2588  1
697:   0.4274  0.3094  0.2632  1
698:   0.2662  0.2964  0.4374  1
699:   0.2352  0.2399  0.5249  1
700:   0.2867  0.5021  0.2112  1
701:   0.3179  0.3279  0.3541  1
702:   0.3841  0.3125  0.3035  1
703:   0.3729  0.3891  0.2380  1
704:   0.2102  0.5077  0.2821  1
705:   0.4814  0.2824  0.2362  1
706:   0.3321  0.3917  0.2761  1
707:   0.2890  0.4196  0.2914  1
708:   0.4320  0.3054  0.2626  1
709:   0.2677  0.3203  0.4121  1
710:   0.3894  0.3144  0.2962  1
711:   0.4313  0.2867  0.2821  1
712:   0.2068  0.2622  0.5311  1
713:   0.3392  0.3346  0.3262  1
714:   0.3269  0.4019  0.2712  1
715:   0.3567  0.3271  0.3163  1
716:   0.2514  0.2627  0.4859  1
717:   0.4829  0.2404  0.2767  1
718:   0.3274  0.3880  0.2846  1
719:   0.1750  0.5390  0.2860  1
720:   0.4685  0.2667  0.2647  1
721:   0.2380  0.3534  0.4086  1
722:   0.4443  0.3279  0.2278  1
723:   0.2719  0.4201  0.3079  1
724:   0.2974  0.2224  0.4802  1
725:   0.2382  0.3544  0.4074  1
726:   0.2876  0.3438  0.3686  1
727:   0.3921  0.2683  0.3395  1
728:   0.3642  0.3914  0.2444  1
729:   0.2555  0.3367  0.4077  1
730:   0.5088  0.2824  0.2088  1
731:   0.4296  0.2610  0.3094  1
732:   0.4309  0.3117  0.2575  1
733:   0.3068  0.2638  0.4294  1
734:   0.3192  0.3394  0.3414  1
735:   0.3364  0.4068  0.2568  1
736:   0.3489  0.3789  0.2721  1
737:   0.2162  0.2504  0.5333  1
738:   0.3402  0.3484  0.3114  1
739:   0.4813  0.2359  0.2828  1
740:   0.4174  0.2935  0.2891  1
741:   0.3734  0.2880  0.3386  1
742:   0.2588  0.4614  0.2798  1
743:   0.2106  0.2023  0.5871  1
744:   0.2801  0.2536  0.4663  1
745:   0.2556  0.4871  0.2573  1
746:   0.1956  0.5588  0.2456  1
747:   0.4818  0.2746  0.2436  1
748:   0.2944  0.3122  0.3934  1
749:   0.3218  0.2904  0.3878  1
750:   0.3169  0.3621  0.3209  1
751:   0.4202  0.3048  0.2750  1
752:   0.2232  0.3527  0.4241  1
753:   0.3959  0.2605  0.3437  1
754:   0.4024  0.3820  0.2156  1
755:   0.3609  0.2543  0.3847  1
756:   0.3289  0.4699  0.2013  1
757:   0.3963  0.3171  0.2865  1
758:   0.5525  0.2362  0.2112  1
759:   0.2569  0.3983  0.3447  1
760:   0.1818  0.3460  0.4722  1
761:   0.3257  0.3791  0.2951  1
762:   0.6159  0.1676  0.2164  1
763:   0.2430  0.3451  0.4119  1
764:   0.3033  0.4046  0.2921  1
765:   0.2278  0.5142  0.2580  1
766:   0.4354  0.2520  0.3126  1
767:   0.5175  0.1932  0.2893  1
768:   0.4384  0.2710  0.2906  1
769:   0.2912  0.4778  0.2310  1
770:   0.1838  0.3945  0.4217  1
771:   0.2260  0.3617  0.4123  1
772:   0.2310  0.4425  0.3265  1
773:   0.5523  0.2238  0.2238  1
774:   0.4594  0.2763  0.2643  1
775:   0.2513  0.4939  0.2548  1
776:   0.2806  0.3670  0.3524  1
777:   0.3306  0.3092  0.3602  1
778:   0.2961  0.3421  0.3619  1
779:   0.3077  0.3203  0.3719  1
780:   0.2049  0.3461  0.4490  1
781:   0.3862  0.3462  0.2676  1
