  1:   0.2068  0.1922  0.2020  0.2058  0.1932  1
  2:   0.1874  0.2192  0.1932  0.1818  0.2184  1
  3:   0.2016  0.1978  0.2000  0.2020  0.1984  1
  4:   0.1952  0.2048  0.1926  0.2026  0.2046  1
  5:   0.1820  0.2284  0.1814  0.1798  0.2286  1
  6:   0.2025  0.1991  0.1947  0.2045  0.1991  1
  7:   0.2144  0.1804  0.2128  0.2114  0.1810  1
  8:   0.2040  0.1942  0.2030  0.2038  0.1948  1
  9:   0.1994  0.1982  0.2038  0.2010  0.1978  1
 10:   0.1963  0.2067  0.1975  0.1935  0.2061  1
 11:   0.1795  0.2387  0.1763  0.1703  0.2353  1
 12:   0.1977  0.2031  0.1945  0.2025  0.2023  1
 13:   0.1836  0.2198  0.1916  0.1854  0.2194  1
 14:   0.2059  0.1993  0.1973  0.1975  0.2001  1
 15:   0.2134  0.1886  0.1966  0.2118  0.1894  1
 16:   0.1928  0.2086  0.1974  0.1962  0.2052  1
 17:   0.2070  0.1870  0.2040  0.2148  0.1872  1
 18:   0.1976  0.2016  0.1936  0.2054  0.2016  1
 19:   0.1786  0.2332  0.1750  0.1820  0.2314  1
 20:   0.2236  0.1614  0.2342  0.2188  0.1618  1
 21:   0.2096  0.1894  0.2096  0.2016  0.1896  1
 22:   0.2004  0.2036  0.1962  0.1954  0.2044  1
 23:   0.1924  0.2132  0.1922  0.1898  0.2122  1
 24:   0.2027  0.1943  0.2091  0.2001  0.1939  1
 25:   0.2043  0.1923  0.2027  0.2079  0.1927  1
 26:   0.1961  0.2047  0.1979  0.1969  0.2043  1
 27:   0.1993  0.2055  0.1941  0.1967  0.2043  1
 28:   0.1844  0.2308  0.1738  0.1806  0.2306  1
 29:   0.1848  0.2264  0.1824  0.1794  0.2270  1
 30:   0.2078  0.1872  0.2000  0.2180  0.1872  1
 31:   0.2118  0.1908  0.2044  0.2038  0.1890  1
 32:   0.1717  0.2398  0.1719  0.1789  0.2376  1
 33:   0.1988  0.1980  0.1958  0.2086  0.1988  1
 34:   0.1978  0.2060  0.2008  0.1886  0.2068  1
 35:   0.2114  0.1810  0.2112  0.2148  0.1814  1
 36:   0.2006  0.2004  0.2042  0.1940  0.2006  1
 37:   0.1961  0.2041  0.1983  0.1967  0.2049  1
 38:   0.1794  0.2272  0.1818  0.1856  0.2262  1
 39:   0.2159  0.1809  0.2143  0.2075  0.1815  1
 40:   0.2004  0.1946  0.1998  0.2098  0.1956  1
 41:   0.2018  0.1978  0.2036  0.1980  0.1988  1
 42:   0.2184  0.1754  0.2172  0.2138  0.1750  1
 43:   0.1939  0.2129  0.1915  0.1911  0.2107  1
 44:   0.2049  0.1903  0.2085  0.2067  0.1897  1
 45:   0.2052  0.1900  0.2086  0.2058  0.1906  1
 46:   0.2112  0.1898  0.2062  0.2030  0.1898  1
 47:   0.2034  0.1992  0.2062  0.1916  0.1996  1
 48:   0.2001  0.2019  0.1913  0.2043  0.2025  1
 49:   0.1922  0.2102  0.1884  0.2006  0.2084  1
 50:   0.1921  0.2137  0.1903  0.1919  0.2121  1
 51:   0.1982  0.2022  0.1974  0.1996  0.2028  1
 52:   0.2006  0.2016  0.1950  0.2002  0.2026  1
 53:   0.1868  0.2240  0.1808  0.1838  0.2244  1
 54:   0.2092  0.1930  0.2098  0.1954  0.1926  1
 55:   0.2092  0.1856  0.2174  0.2022  0.1858  1
 56:   0.1882  0.2228  0.1808  0.1862  0.2220  1
 57:   0.2002  0.2028  0.2062  0.1894  0.2014  1
 58:   0.1960  0.2008  0.2024  0.1994  0.2012  1
 59:   0.2064  0.1804  0.2132  0.2196  0.1802  1
 60:   0.2028  0.1924  0.2144  0.1982  0.1922  1
 61:   0.2016  0.1958  0.2050  0.2006  0.1968  1
 62:   0.1971  0.2071  0.1913  0.1975  0.2071  1
 63:   0.1992  0.1934  0.2012  0.2136  0.1926  1
 64:   0.2077  0.1857  0.2027  0.2175  0.1863  1
 65:   0.1927  0.2121  0.1915  0.1923  0.2113  1
 66:   0.1947  0.2089  0.1909  0.1965  0.2091  1
 67:   0.2048  0.1956  0.2098  0.1956  0.1942  1
 68:   0.2180  0.1724  0.2204  0.2168  0.1724  1
 69:   0.2054  0.1974  0.1954  0.2048  0.1970  1
 70:   0.2080  0.1866  0.2110  0.2076  0.1868  1
 71:   0.1998  0.1968  0.2002  0.2062  0.1970  1
 72:   0.2124  0.1816  0.2180  0.2060  0.1820  1
 73:   0.1996  0.2062  0.1886  0.1996  0.2060  1
 74:   0.2040  0.1946  0.2010  0.2056  0.1948  1
 75:   0.2118  0.1806  0.2216  0.2056  0.1804  1
 76:   0.2054  0.1982  0.1988  0.1996  0.1980  1
 77:   0.2014  0.1974  0.2042  0.2002  0.1970  1
 78:   0.1918  0.2146  0.1930  0.1866  0.2142  1
 79:   0.2038  0.1988  0.2058  0.1924  0.1990  1
 80:   0.2128  0.1838  0.2186  0.2002  0.1848  1
 81:   0.1893  0.2155  0.1889  0.1903  0.2161  1
 82:   0.1922  0.2086  0.2050  0.1876  0.2066  1
 83:   0.2158  0.1754  0.2294  0.2034  0.1760  1
 84:   0.1960  0.1960  0.1996  0.2128  0.1956  1
 85:   0.2128  0.1808  0.2190  0.2074  0.1798  1
 86:   0.2090  0.1792  0.2114  0.2208  0.1796  1
 87:   0.2027  0.1937  0.2041  0.2051  0.1943  1
 88:   0.2026  0.1960  0.2026  0.2026  0.1964  1
 89:   0.1922  0.2102  0.1910  0.1980  0.2088  1
 90:   0.2021  0.1975  0.1939  0.2079  0.1987  1
 91:   0.1887  0.2171  0.1889  0.1893  0.2159  1
 92:   0.1976  0.2116  0.1916  0.1882  0.2112  1
 93:   0.1908  0.2154  0.1826  0.1964  0.2148  1
 94:   0.2122  0.1786  0.2228  0.2076  0.1790  1
 95:   0.2068  0.1898  0.2034  0.2098  0.1902  1
 96:   0.2063  0.1909  0.2153  0.1963  0.1913  1
 97:   0.2010  0.1980  0.1970  0.2056  0.1984  1
 98:   0.2038  0.1972  0.2006  0.2012  0.1974  1
 99:   0.2037  0.1959  0.1959  0.2085  0.1959  1
100:   0.1910  0.2124  0.1876  0.1982  0.2108  1
101:   0.2202  0.1728  0.2230  0.2106  0.1732  1
102:   0.1895  0.2205  0.1915  0.1787  0.2199  1
103:   0.1966  0.2078  0.2040  0.1864  0.2050  1
104:   0.2004  0.2050  0.1982  0.1928  0.2036  1
105:   0.2050  0.1884  0.2038  0.2142  0.1886  1
106:   0.2023  0.1929  0.1991  0.2123  0.1933  1
107:   0.2098  0.1836  0.2086  0.2148  0.1834  1
108:   0.1852  0.2268  0.1756  0.1840  0.2282  1
109:   0.1908  0.2244  0.1780  0.1812  0.2254  1
110:   0.1832  0.2266  0.1788  0.1850  0.2262  1
111:   0.1932  0.2094  0.2028  0.1884  0.2064  1
112:   0.1973  0.2035  0.2041  0.1917  0.2033  1
113:   0.2122  0.1864  0.2178  0.1968  0.1866  1
114:   0.2000  0.2096  0.1892  0.1916  0.2096  1
115:   0.2090  0.1874  0.2006  0.2142  0.1886  1
116:   0.2008  0.2004  0.1986  0.1982  0.2018  1
117:   0.2005  0.1911  0.2019  0.2151  0.1913  1
118:   0.1997  0.2015  0.1923  0.2053  0.2013  1
119:   0.2071  0.1923  0.2139  0.1961  0.1907  1
120:   0.2013  0.2011  0.1913  0.2045  0.2019  1
121:   0.2136  0.1820  0.2168  0.2056  0.1822  1
122:   0.2074  0.1936  0.2032  0.2014  0.1942  1
123:   0.1912  0.2146  0.1900  0.1910  0.2130  1
124:   0.1970  0.2004  0.2024  0.1998  0.2004  1
125:   0.1954  0.2094  0.1916  0.1946  0.2088  1
126:   0.1998  0.1976  0.2076  0.1970  0.1978  1
127:   0.2058  0.1900  0.2066  0.2066  0.1908  1
128:   0.2070  0.1812  0.2084  0.2220  0.1816  1
129:   0.1978  0.2068  0.2026  0.1882  0.2046  1
130:   0.1921  0.2073  0.1955  0.1985  0.2067  1
131:   0.2104  0.1902  0.2018  0.2078  0.1900  1
132:   0.2176  0.1846  0.2040  0.2092  0.1846  1
133:   0.1956  0.2098  0.1930  0.1926  0.2092  1
134:   0.1938  0.2104  0.1996  0.1854  0.2108  1
135:   0.2218  0.1758  0.2106  0.2160  0.1758  1
136:   0.2003  0.2023  0.1917  0.2029  0.2029  1
137:   0.2075  0.1911  0.2001  0.2097  0.1917  1
138:   0.2040  0.1862  0.2054  0.2182  0.1862  1
139:   0.2016  0.1992  0.1990  0.2026  0.1974  1
140:   0.1960  0.2160  0.1862  0.1864  0.2152  1
141:   0.2054  0.1934  0.2070  0.2006  0.1938  1
142:   0.2055  0.1909  0.2031  0.2089  0.1917  1
143:   0.2012  0.1980  0.1990  0.2032  0.1984  1
144:   0.2056  0.1914  0.2082  0.2028  0.1922  1
145:   0.2006  0.2010  0.1930  0.2042  0.2012  1
146:   0.2018  0.1966  0.2068  0.1988  0.1958  1
147:   0.2004  0.2046  0.1886  0.2014  0.2050  1
148:   0.1986  0.2014  0.1908  0.2070  0.2022  1
149:   0.1968  0.2040  0.1986  0.1970  0.2034  1
150:   0.1967  0.1989  0.2023  0.2045  0.1977  1
151:   0.1976  0.2068  0.1880  0.2006  0.2072  1
152:   0.1923  0.2151  0.1875  0.1899  0.2151  1
153:   0.2038  0.1978  0.1976  0.2038  0.1970  1
154:   0.1903  0.2093  0.1945  0.1959  0.2099  1
155:   0.2106  0.1812  0.2118  0.2150  0.1814  1
156:   0.1954  0.2012  0.1960  0.2070  0.2006  1
157:   0.2001  0.1899  0.2031  0.2177  0.1893  1
158:   0.1978  0.2114  0.1950  0.1846  0.2114  1
159:   0.1987  0.2077  0.2015  0.1875  0.2047  1
160:   0.1796  0.2328  0.1856  0.1694  0.2328  1
161:   0.2097  0.1891  0.2101  0.2019  0.1891  1
162:   0.2092  0.1856  0.2062  0.2132  0.1856  1
163:   0.2051  0.1951  0.2089  0.1961  0.1949  1
164:   0.2108  0.1908  0.2104  0.1966  0.1912  1
165:   0.1882  0.2104  0.1850  0.2072  0.2092  1
166:   0.2068  0.1954  0.2038  0.1986  0.1954  1
167:   0.2092  0.1892  0.2126  0.2000  0.1888  1
168:   0.2081  0.1905  0.2015  0.2093  0.1905  1
169:   0.2124  0.1820  0.2122  0.2108  0.1824  1
170:   0.1914  0.2126  0.1846  0.1982  0.2134  1
171:   0.1920  0.2096  0.1908  0.2006  0.2070  1
172:   0.1896  0.2180  0.1874  0.1876  0.2176  1
173:   0.2066  0.1922  0.2076  0.2012  0.1924  1
174:   0.1977  0.2015  0.1939  0.2061  0.2009  1
175:   0.2085  0.1927  0.2067  0.1997  0.1925  1
176:   0.1918  0.2162  0.1884  0.1864  0.2172  1
177:   0.2211  0.1729  0.2135  0.2193  0.1731  1
178:   0.2012  0.1990  0.1942  0.2064  0.1994  1
179:   0.1944  0.2026  0.2008  0.1988  0.2032  1
180:   0.1978  0.2020  0.2010  0.1972  0.2022  1
181:   0.2132  0.1730  0.2128  0.2276  0.1734  1
182:   0.2068  0.1926  0.2018  0.2062  0.1924  1
183:   0.1968  0.2032  0.1916  0.2070  0.2014  1
184:   0.2045  0.1915  0.2029  0.2095  0.1915  1
185:   0.1850  0.2266  0.1812  0.1824  0.2246  1
186:   0.2127  0.1783  0.2101  0.2201  0.1787  1
187:   0.1992  0.2028  0.1924  0.2038  0.2020  1
188:   0.1931  0.2091  0.2011  0.1891  0.2075  1
189:   0.1960  0.2088  0.1908  0.1952  0.2090  1
190:   0.1846  0.2210  0.1874  0.1870  0.2202  1
191:   0.1907  0.2225  0.1797  0.1851  0.2219  1
192:   0.2060  0.1906  0.2116  0.2010  0.1908  1
193:   0.2066  0.1878  0.2028  0.2146  0.1882  1
194:   0.1924  0.2120  0.2000  0.1856  0.2100  1
195:   0.2014  0.1940  0.2122  0.1980  0.1944  1
196:   0.1890  0.2220  0.1834  0.1850  0.2206  1
197:   0.1979  0.2033  0.2063  0.1893  0.2033  1
198:   0.1990  0.2038  0.1882  0.2058  0.2032  1
199:   0.2006  0.2020  0.1966  0.1988  0.2018  1
200:   0.2008  0.2016  0.1926  0.2022  0.2028  1
201:   0.2148  0.1648  0.2256  0.2296  0.1652  1
202:   0.2087  0.1839  0.2161  0.2071  0.1843  1
203:   0.1903  0.2183  0.1937  0.1843  0.2135  1
204:   0.1920  0.2106  0.1910  0.1954  0.2110  1
205:   0.1924  0.2096  0.1972  0.1906  0.2104  1
206:   0.1966  0.2012  0.2002  0.2010  0.2010  1
207:   0.1993  0.1993  0.2041  0.1985  0.1987  1
208:   0.1472  0.2861  0.1458  0.1464  0.2745  1
209:   0.2092  0.1888  0.2028  0.2110  0.1882  1
210:   0.2178  0.1732  0.2314  0.2042  0.1734  1
211:   0.1960  0.2030  0.2044  0.1938  0.2026  1
212:   0.2138  0.1800  0.2192  0.2068  0.1804  1
213:   0.1913  0.2113  0.1919  0.1969  0.2087  1
214:   0.1988  0.2036  0.1950  0.1994  0.2030  1
215:   0.1988  0.1990  0.1966  0.2070  0.1984  1
216:   0.2086  0.1972  0.1974  0.2004  0.1966  1
217:   0.2084  0.1908  0.1982  0.2118  0.1910  1
218:   0.2119  0.1753  0.2109  0.2261  0.1757  1
219:   0.2126  0.1776  0.2162  0.2158  0.1778  1
220:   0.1980  0.1998  0.1964  0.2062  0.1994  1
221:   0.1996  0.2002  0.1978  0.2014  0.2012  1
222:   0.2032  0.1988  0.2006  0.1988  0.1984  1
223:   0.1832  0.2282  0.1794  0.1804  0.2286  1
224:   0.1888  0.2212  0.1842  0.1846  0.2210  1
225:   0.2022  0.1930  0.2134  0.1978  0.1936  1
226:   0.1944  0.2110  0.1926  0.1916  0.2104  1
227:   0.1996  0.1990  0.1944  0.2082  0.1986  1
228:   0.2086  0.1914  0.2036  0.2044  0.1922  1
229:   0.2067  0.1895  0.2013  0.2123  0.1901  1
230:   0.2153  0.1733  0.2301  0.2077  0.1735  1
231:   0.2028  0.1950  0.2054  0.2014  0.1954  1
232:   0.2060  0.1896  0.2070  0.2076  0.1898  1
233:   0.2149  0.1709  0.2219  0.2213  0.1711  1
234:   0.1846  0.2250  0.1846  0.1838  0.2222  1
235:   0.2006  0.1918  0.2088  0.2068  0.1920  1
236:   0.1966  0.2070  0.2002  0.1908  0.2056  1
237:   0.2019  0.1991  0.1965  0.2029  0.1995  1
238:   0.2116  0.1826  0.2176  0.2052  0.1832  1
239:   0.1944  0.2064  0.1942  0.1984  0.2064  1
240:   0.1989  0.2061  0.1929  0.1967  0.2055  1
241:   0.2065  0.1851  0.2043  0.2181  0.1859  1
242:   0.2009  0.1933  0.2015  0.2101  0.1941  1
243:   0.2161  0.1703  0.2197  0.2229  0.1709  1
244:   0.2041  0.1991  0.1965  0.2011  0.1993  1
245:   0.2016  0.2006  0.2040  0.1940  0.1998  1
246:   0.2069  0.1837  0.2007  0.2243  0.1843  1
247:   0.1998  0.2054  0.1934  0.1960  0.2056  1
248:   0.1836  0.2226  0.1856  0.1858  0.2224  1
249:   0.1992  0.2026  0.2020  0.1954  0.2008  1
250:   0.2135  0.1733  0.2125  0.2269  0.1739  1
251:   0.1961  0.2007  0.1969  0.2051  0.2011  1
252:   0.2100  0.1862  0.2032  0.2140  0.1864  1
253:   0.2108  0.1754  0.2188  0.2190  0.1760  1
254:   0.1838  0.2258  0.1772  0.1882  0.2252  1
255:   0.2076  0.1988  0.1984  0.1958  0.1992  1
256:   0.1883  0.2187  0.1881  0.1863  0.2187  1
257:   0.1932  0.2080  0.1934  0.1980  0.2076  1
258:   0.1990  0.1964  0.2138  0.1948  0.1958  1
259:   0.2004  0.1986  0.2006  0.2012  0.1994  1
260:   0.2114  0.1854  0.2178  0.1996  0.1856  1
261:   0.2054  0.1922  0.2044  0.2052  0.1930  1
262:   0.1800  0.2332  0.1756  0.1814  0.2300  1
263:   0.2193  0.1723  0.2215  0.2141  0.1729  1
264:   0.2030  0.1926  0.2058  0.2068  0.1920  1
265:   0.2040  0.1980  0.2012  0.1998  0.1968  1
266:   0.1860  0.2186  0.1808  0.1964  0.2182  1
267:   0.2136  0.1790  0.2158  0.2120  0.1794  1
268:   0.2028  0.1930  0.2054  0.2050  0.1938  1
269:   0.1890  0.2208  0.1828  0.1862  0.2210  1
270:   0.2072  0.1782  0.2118  0.2244  0.1786  1
271:   0.2001  0.2001  0.1927  0.2069  0.2003  1
272:   0.1961  0.2017  0.1979  0.2025  0.2017  1
273:   0.1981  0.2043  0.1921  0.2013  0.2043  1
274:   0.2058  0.1900  0.2100  0.2034  0.1906  1
275:   0.1973  0.1969  0.1989  0.2105  0.1963  1
276:   0.2037  0.1913  0.2011  0.2123  0.1915  1
277:   0.2066  0.1982  0.1968  0.2000  0.1986  1
278:   0.2015  0.1959  0.2055  0.2011  0.1961  1
279:   0.2145  0.1693  0.2333  0.2137  0.1691  1
280:   0.2034  0.1924  0.2084  0.2032  0.1926  1
281:   0.1868  0.2236  0.1816  0.1844  0.2234  1
282:   0.1854  0.2212  0.1936  0.1782  0.2218  1
283:   0.1906  0.2150  0.1888  0.1934  0.2124  1
284:   0.1946  0.2038  0.1986  0.1982  0.2046  1
285:   0.2087  0.1819  0.2085  0.2185  0.1825  1
286:   0.1675  0.2517  0.1693  0.1651  0.2465  1
287:   0.1883  0.2183  0.1903  0.1837  0.2195  1
288:   0.1972  0.2022  0.1948  0.2028  0.2030  1
289:   0.2004  0.1996  0.2114  0.1910  0.1974  1
290:   0.1998  0.2006  0.2032  0.1946  0.2016  1
291:   0.2088  0.1808  0.2182  0.2108  0.1812  1
292:   0.1878  0.2180  0.1918  0.1838  0.2184  1
293:   0.2012  0.1914  0.2142  0.2018  0.1916  1
294:   0.2020  0.1856  0.2152  0.2114  0.1860  1
295:   0.1847  0.2253  0.1815  0.1845  0.2239  1
296:   0.2174  0.1720  0.2274  0.2102  0.1732  1
297:   0.2112  0.1726  0.2246  0.2182  0.1732  1
298:   0.1981  0.2035  0.2047  0.1935  0.2003  1
299:   0.1952  0.2006  0.2122  0.1916  0.2002  1
300:   0.2054  0.1894  0.2208  0.1948  0.1894  1
301:   0.1866  0.2148  0.1914  0.1930  0.2144  1
302:   0.2086  0.1870  0.2096  0.2078  0.1872  1
303:   0.2124  0.1752  0.2268  0.2096  0.1758  1
