 1:   0.3337  0.3321  0.3341  1
 2:   0.3358  0.3312  0.3330  1
 3:   0.3285  0.3375  0.3339  1
 4:   0.3345  0.3329  0.3325  1
 5:   0.3326  0.3340  0.3334  1
 6:   0.3351  0.3315  0.3333  1
 7:   0.3310  0.3364  0.3326  1
 8:   0.3349  0.3321  0.3329  1
 9:   0.3352  0.3312  0.3336  1
10:   0.3341  0.3315  0.3343  1
11:   0.3350  0.3324  0.3326  1
12:   0.3335  0.3329  0.3337  1
13:   0.3275  0.3395  0.3329  1
14:   0.3299  0.3377  0.3323  1
15:   0.3320  0.3344  0.3336  1
16:   0.3287  0.3379  0.3335  1
17:   0.3345  0.3327  0.3327  1
18:   0.3316  0.3348  0.3336  1
19:   0.3356  0.3318  0.3326  1
20:   0.3352  0.3320  0.3328  1
21:   0.3344  0.3338  0.3318  1
22:   0.3361  0.3307  0.3333  1
23:   0.3332  0.3344  0.3324  1
24:   0.3305  0.3369  0.3327  1
25:   0.3334  0.3330  0.3336  1
26:   0.3329  0.3327  0.3343  1
27:   0.3340  0.3332  0.3328  1
28:   0.3309  0.3349  0.3343  1
29:   0.3340  0.3318  0.3342  1
30:   0.3263  0.3405  0.3331  1
31:   0.3309  0.3353  0.3337  1
32:   0.3261  0.3419  0.3319  1
33:   0.3313  0.3357  0.3329  1
34:   0.3330  0.3342  0.3328  1
35:   0.3353  0.3321  0.3327  1
36:   0.3336  0.3338  0.3326  1
37:   0.3314  0.3356  0.3330  1
38:   0.3359  0.3305  0.3335  1
39:   0.3334  0.3344  0.3322  1
40:   0.3355  0.3319  0.3325  1
41:   0.3317  0.3347  0.3335  1
42:   0.3297  0.3359  0.3343  1
43:   0.3360  0.3320  0.3320  1
44:   0.3335  0.3325  0.3339  1
45:   0.3333  0.3335  0.3331  1
46:   0.3304  0.3360  0.3336  1
47:   0.3308  0.3352  0.3340  1
48:   0.3311  0.3353  0.3335  1
49:   0.3355  0.3319  0.3325  1
50:   0.3351  0.3323  0.3327  1
51:   0.3319  0.3337  0.3343  1
52:   0.3347  0.3317  0.3335  1
53:   0.3340  0.3326  0.3334  1
54:   0.3298  0.3362  0.3340  1
55:   0.3380  0.3292  0.3328  1
56:   0.3333  0.3333  0.3333  1
57:   0.3326  0.3344  0.3330  1
58:   0.3335  0.3335  0.3331  1
59:   0.3317  0.3351  0.3331  1
60:   0.3342  0.3338  0.3320  1
61:   0.3348  0.3314  0.3338  1
62:   0.3333  0.3339  0.3329  1
63:   0.3373  0.3307  0.3321  1
64:   0.3355  0.3299  0.3345  1
65:   0.3348  0.3314  0.3338  1
66:   0.3377  0.3297  0.3325  1
67:   0.3311  0.3371  0.3319  1
68:   0.3317  0.3359  0.3323  1
69:   0.3361  0.3303  0.3335  1
70:   0.3294  0.3376  0.3330  1
71:   0.3375  0.3303  0.3321  1
72:   0.3305  0.3359  0.3335  1
73:   0.3291  0.3363  0.3345  1
74:   0.3351  0.3319  0.3329  1
75:   0.3390  0.3284  0.3326  1
76:   0.3350  0.3318  0.3332  1
77:   0.3355  0.3311  0.3335  1
78:   0.3297  0.3363  0.3341  1
79:   0.3309  0.3353  0.3337  1
80:   0.3328  0.3336  0.3336  1
81:   0.3317  0.3339  0.3343  1
82:   0.3324  0.3344  0.3332  1
83:   0.3285  0.3385  0.3331  1
84:   0.3327  0.3341  0.3331  1
85:   0.3325  0.3337  0.3339  1
86:   0.3350  0.3322  0.3328  1
87:   0.3357  0.3307  0.3335  1
88:   0.3327  0.3323  0.3349  1
89:   0.3309  0.3357  0.3333  1
90:   0.3257  0.3413  0.3329  1
