1:    0.213 0.171 0.220 0.176 0.047 0.172 1    
2:    0.112 0.296 0.134 0.142 0.079 0.237 1    
3:    0.211 0.162 0.204 0.165 0.096 0.161 1    
4:    0.155 0.191 0.157 0.155 0.153 0.188 1    
5:    0.207 0.178 0.183 0.172 0.085 0.176 1    
6:    0.183 0.173 0.204 0.180 0.067 0.193 1    
7:    0.199 0.154 0.216 0.184 0.096 0.151 1    
8:    0.145 0.231 0.158 0.156 0.095 0.215 1    
9:    0.174 0.182 0.179 0.175 0.109 0.180 1    
10:   0.145 0.207 0.161 0.200 0.061 0.226 1    
11:   0.128 0.170 0.128 0.142 0.254 0.177 1    
12:   0.188 0.129 0.198 0.140 0.226 0.120 1    
13:   0.147 0.214 0.153 0.156 0.128 0.202 1    
14:   0.056 0.069 0.057 0.063 0.684 0.070 1    
15:   0.122 0.187 0.125 0.157 0.236 0.175 1    
16:   0.164 0.196 0.180 0.179 0.084 0.198 1    
17:   0.087 0.095 0.085 0.089 0.542 0.101 1    
18:   0.183 0.181 0.197 0.176 0.069 0.194 1    
19:   0.159 0.168 0.166 0.146 0.193 0.168 1    
20:   0.204 0.160 0.219 0.168 0.106 0.143 1    
21:   0.082 0.084 0.079 0.082 0.587 0.087 1    
22:   0.164 0.208 0.171 0.164 0.081 0.212 1    
23:   0.158 0.208 0.183 0.174 0.078 0.200 1    
24:   0.216 0.146 0.207 0.198 0.067 0.165 1    
25:   0.208 0.185 0.171 0.171 0.082 0.183 1    
26:   0.204 0.155 0.173 0.262 0.052 0.154 1    
27:   0.153 0.200 0.167 0.185 0.078 0.218 1    
28:   0.201 0.165 0.166 0.268 0.039 0.160 1    
29:   0.098 0.177 0.115 0.120 0.316 0.174 1    
30:   0.188 0.166 0.184 0.200 0.098 0.164 1    
31:   0.143 0.225 0.153 0.163 0.090 0.226 1    
32:   0.141 0.198 0.166 0.177 0.095 0.223 1    
33:   0.174 0.189 0.161 0.214 0.046 0.215 1    
34:   0.112 0.230 0.136 0.142 0.162 0.218 1    
35:   0.141 0.236 0.153 0.189 0.044 0.238 1    
36:   0.173 0.168 0.175 0.190 0.124 0.172 1    
37:   0.178 0.183 0.166 0.229 0.053 0.190 1    
38:   0.138 0.188 0.157 0.168 0.155 0.194 1    
39:   0.153 0.199 0.164 0.195 0.078 0.210 1    
40:   0.053 0.061 0.051 0.058 0.716 0.061 1    
41:   0.154 0.209 0.159 0.197 0.077 0.203 1    
42:   0.195 0.191 0.194 0.185 0.058 0.178 1    
43:   0.159 0.212 0.161 0.212 0.039 0.216 1    
44:   0.187 0.182 0.173 0.188 0.085 0.185 1    
45:   0.154 0.215 0.152 0.201 0.033 0.245 1    
46:   0.159 0.189 0.170 0.209 0.075 0.198 1    
47:   0.139 0.195 0.148 0.178 0.133 0.207 1    
48:   0.183 0.161 0.203 0.167 0.113 0.173 1    
49:   0.199 0.176 0.200 0.207 0.035 0.183 1    
50:   0.177 0.209 0.175 0.182 0.065 0.192 1    
51:   0.196 0.160 0.185 0.232 0.074 0.154 1    
52:   0.178 0.161 0.161 0.209 0.142 0.150 1    
53:   0.174 0.208 0.194 0.171 0.053 0.199 1    
54:   0.136 0.198 0.149 0.178 0.131 0.207 1    
55:   0.151 0.151 0.152 0.166 0.220 0.160 1    
56:   0.186 0.195 0.180 0.190 0.059 0.190 1    
57:   0.171 0.183 0.183 0.176 0.111 0.175 1    
58:   0.148 0.176 0.142 0.173 0.191 0.171 1    
59:   0.158 0.211 0.162 0.180 0.037 0.251 1    
60:   0.144 0.176 0.153 0.180 0.140 0.207 1    
61:   0.234 0.141 0.176 0.264 0.048 0.136 1    
62:   0.160 0.192 0.164 0.200 0.046 0.239 1    
63:   0.208 0.173 0.175 0.221 0.052 0.171 1    
64:   0.115 0.091 0.116 0.109 0.476 0.093 1    
65:   0.186 0.195 0.167 0.203 0.059 0.191 1    
66:   0.175 0.190 0.165 0.210 0.036 0.224 1    
67:   0.200 0.179 0.219 0.190 0.043 0.170 1    
68:   0.201 0.178 0.196 0.190 0.076 0.159 1    
69:   0.164 0.218 0.177 0.176 0.049 0.217 1    
70:   0.254 0.128 0.202 0.279 0.026 0.111 1    
71:   0.169 0.204 0.186 0.180 0.048 0.213 1    
72:   0.106 0.153 0.115 0.136 0.328 0.162 1    
73:   0.134 0.234 0.146 0.163 0.072 0.251 1    
74:   0.196 0.184 0.187 0.169 0.092 0.171 1    
75:   0.197 0.171 0.210 0.170 0.085 0.168 1    
76:   0.201 0.173 0.178 0.223 0.045 0.180 1    
77:   0.167 0.192 0.166 0.169 0.122 0.184 1    
78:   0.192 0.183 0.211 0.189 0.039 0.185 1    
79:   0.178 0.186 0.166 0.232 0.044 0.194 1    
80:   0.201 0.169 0.203 0.211 0.042 0.174 1    
81:   0.247 0.131 0.257 0.172 0.059 0.134 1    
82:   0.084 0.082 0.085 0.083 0.577 0.088 1    
83:   0.160 0.204 0.170 0.154 0.132 0.179 1    
84:   0.054 0.066 0.050 0.059 0.699 0.072 1    
85:   0.168 0.180 0.161 0.190 0.071 0.230 1    
86:   0.232 0.144 0.237 0.176 0.086 0.124 1    
87:   0.183 0.193 0.165 0.206 0.045 0.209 1    
88:   0.224 0.163 0.250 0.169 0.043 0.151 1    
89:   0.143 0.061 0.155 0.093 0.493 0.056 1    
90:   0.259 0.127 0.271 0.170 0.049 0.125 1    
91:   0.151 0.214 0.160 0.176 0.069 0.230 1    
92:   0.130 0.152 0.128 0.124 0.317 0.149 1    
93:   0.212 0.153 0.222 0.171 0.083 0.161 1    
94:   0.298 0.102 0.299 0.176 0.029 0.097 1    
95:   0.288 0.103 0.299 0.177 0.034 0.099 1    
96:   0.320 0.083 0.315 0.171 0.030 0.081 1    
97:   0.257 0.133 0.242 0.183 0.054 0.131 1    
98:   0.209 0.177 0.240 0.171 0.036 0.166 1    
99:   0.140 0.128 0.143 0.130 0.321 0.137 1    
100:  0.096 0.127 0.101 0.108 0.432 0.136 1    
101:  0.233 0.135 0.220 0.209 0.062 0.140 1    
102:  0.139 0.217 0.137 0.168 0.117 0.222 1    
103:  0.218 0.159 0.189 0.218 0.066 0.150 1    
104:  0.257 0.122 0.291 0.179 0.027 0.124 1    
105:  0.154 0.195 0.160 0.196 0.076 0.219 1    
106:  0.145 0.207 0.154 0.153 0.140 0.201 1    
107:  0.192 0.152 0.192 0.196 0.113 0.156 1    
108:  0.183 0.170 0.161 0.182 0.141 0.162 1    
109:  0.225 0.135 0.204 0.172 0.133 0.131 1    
110:  0.183 0.157 0.194 0.166 0.157 0.143 1    
111:  0.289 0.091 0.307 0.173 0.049 0.090 1    
112:  0.246 0.151 0.252 0.170 0.051 0.130 1    
113:  0.060 0.071 0.063 0.064 0.671 0.070 1    
114:  0.164 0.201 0.170 0.198 0.043 0.224 1    
115:  0.171 0.169 0.182 0.166 0.144 0.167 1    
116:  0.140 0.197 0.146 0.172 0.140 0.205 1    
117:  0.162 0.206 0.182 0.180 0.046 0.225 1    
118:  0.178 0.201 0.165 0.202 0.050 0.204 1    
119:  0.171 0.167 0.152 0.162 0.184 0.163 1    
120:  0.102 0.140 0.106 0.117 0.398 0.136 1    
121:  0.033 0.036 0.030 0.036 0.831 0.034 1    
122:  0.202 0.174 0.168 0.222 0.070 0.165 1    
123:  0.091 0.127 0.096 0.097 0.467 0.121 1    
124:  0.242 0.126 0.248 0.174 0.092 0.118 1    
125:  0.218 0.151 0.227 0.168 0.094 0.142 1    
126:  0.208 0.162 0.183 0.239 0.039 0.169 1    
127:  0.137 0.155 0.142 0.125 0.297 0.143 1    
128:  0.192 0.184 0.181 0.185 0.076 0.182 1    
129:  0.236 0.136 0.221 0.162 0.117 0.128 1    
130:  0.152 0.218 0.173 0.174 0.046 0.238 1    
131:  0.136 0.200 0.151 0.158 0.161 0.194 1    
132:  0.162 0.207 0.155 0.192 0.042 0.242 1    
133:  0.063 0.075 0.062 0.077 0.643 0.080 1    
134:  0.180 0.221 0.193 0.163 0.039 0.205 1    
135:  0.118 0.271 0.139 0.153 0.065 0.254 1    
136:  0.144 0.137 0.150 0.130 0.299 0.140 1    
137:  0.159 0.181 0.171 0.183 0.142 0.165 1    
138:  0.227 0.185 0.185 0.196 0.026 0.180 1    
139:  0.187 0.184 0.172 0.188 0.085 0.184 1    
140:  0.194 0.172 0.193 0.209 0.059 0.173 1    
141:  0.058 0.069 0.054 0.065 0.684 0.070 1    
142:  0.136 0.178 0.140 0.160 0.196 0.190 1    
143:  0.172 0.179 0.164 0.171 0.144 0.170 1    
144:  0.124 0.241 0.139 0.157 0.106 0.234 1    
145:  0.242 0.150 0.260 0.174 0.034 0.140 1    
146:  0.213 0.171 0.204 0.173 0.074 0.166 1    
147:  0.213 0.158 0.229 0.186 0.066 0.149 1    
148:  0.163 0.225 0.154 0.171 0.066 0.220 1    
149:  0.148 0.179 0.149 0.158 0.182 0.184 1    
150:  0.243 0.139 0.212 0.160 0.105 0.140 1    
151:  0.163 0.116 0.141 0.133 0.339 0.108 1    
152:  0.232 0.150 0.181 0.260 0.029 0.149 1    
153:  0.166 0.162 0.139 0.135 0.247 0.152 1    
154:  0.159 0.189 0.169 0.166 0.140 0.178 1    
155:  0.077 0.121 0.077 0.084 0.528 0.112 1    
156:  0.165 0.221 0.170 0.175 0.065 0.204 1    
157:  0.152 0.231 0.161 0.164 0.071 0.221 1    
158:  0.179 0.178 0.188 0.187 0.098 0.170 1    
159:  0.160 0.191 0.169 0.173 0.098 0.208 1    
160:  0.071 0.091 0.070 0.071 0.606 0.090 1    
161:  0.153 0.217 0.171 0.183 0.071 0.205 1    
162:  0.175 0.139 0.156 0.142 0.253 0.136 1    
163:  0.174 0.184 0.162 0.203 0.081 0.196 1    
164:  0.304 0.092 0.320 0.172 0.029 0.084 1    
165:  0.245 0.143 0.229 0.168 0.076 0.139 1    
166:  0.065 0.071 0.065 0.075 0.653 0.071 1    
167:  0.220 0.143 0.180 0.247 0.074 0.136 1    
168:  0.157 0.168 0.149 0.202 0.155 0.169 1    
169:  0.194 0.176 0.190 0.181 0.082 0.177 1    
170:  0.042 0.036 0.041 0.038 0.808 0.035 1    
171:  0.176 0.191 0.168 0.190 0.070 0.205 1    
172:  0.186 0.171 0.162 0.213 0.080 0.188 1    
173:  0.058 0.065 0.057 0.059 0.703 0.059 1    
174:  0.204 0.172 0.203 0.180 0.069 0.172 1    
175:  0.186 0.183 0.184 0.217 0.056 0.174 1    
176:  0.163 0.228 0.166 0.180 0.049 0.215 1    
177:  0.194 0.162 0.161 0.227 0.081 0.176 1    
178:  0.147 0.201 0.164 0.181 0.106 0.200 1    
179:  0.214 0.146 0.179 0.267 0.054 0.139 1    
180:  0.156 0.187 0.158 0.168 0.131 0.200 1    
181:  0.152 0.142 0.151 0.141 0.275 0.139 1    
182:  0.178 0.188 0.196 0.172 0.068 0.198 1    
183:  0.058 0.062 0.063 0.059 0.696 0.061 1    
184:  0.222 0.145 0.210 0.178 0.098 0.147 1    
185:  0.062 0.069 0.064 0.063 0.667 0.075 1    
186:  0.064 0.059 0.065 0.065 0.691 0.056 1    
187:  0.161 0.207 0.169 0.186 0.056 0.221 1    
188:  0.248 0.124 0.267 0.163 0.078 0.120 1    
189:  0.162 0.160 0.155 0.160 0.211 0.151 1    
190:  0.150 0.238 0.161 0.161 0.071 0.219 1    
191:  0.136 0.192 0.157 0.159 0.156 0.200 1    
192:  0.120 0.280 0.153 0.139 0.068 0.239 1    
193:  0.205 0.171 0.223 0.168 0.072 0.162 1    
194:  0.150 0.195 0.162 0.170 0.129 0.193 1    
195:  0.146 0.211 0.151 0.175 0.068 0.249 1    
196:  0.088 0.071 0.089 0.073 0.613 0.066 1    
197:  0.177 0.195 0.177 0.200 0.059 0.192 1    
198:  0.106 0.103 0.112 0.096 0.484 0.099 1    
199:  0.193 0.177 0.193 0.209 0.054 0.174 1    
200:  0.290 0.104 0.287 0.173 0.041 0.105 1    
201:  0.168 0.192 0.177 0.204 0.057 0.202 1    
202:  0.174 0.225 0.156 0.163 0.058 0.222 1    
203:  0.168 0.194 0.166 0.204 0.102 0.167 1    
204:  0.198 0.176 0.176 0.218 0.043 0.189 1    
205:  0.147 0.195 0.154 0.186 0.072 0.246 1    
206:  0.128 0.215 0.154 0.186 0.091 0.227 1    
207:  0.143 0.240 0.158 0.154 0.085 0.220 1    
208:  0.082 0.099 0.087 0.097 0.520 0.115 1    
209:  0.137 0.224 0.153 0.164 0.063 0.259 1    
210:  0.198 0.197 0.169 0.188 0.060 0.188 1    
211:  0.094 0.120 0.093 0.105 0.461 0.128 1    
212:  0.078 0.098 0.078 0.089 0.564 0.092 1    
213:  0.173 0.176 0.160 0.202 0.102 0.188 1    
214:  0.235 0.161 0.224 0.185 0.038 0.157 1    
215:  0.204 0.181 0.220 0.170 0.058 0.167 1    
216:  0.075 0.078 0.070 0.066 0.634 0.077 1    
217:  0.193 0.149 0.164 0.187 0.181 0.127 1    
218:  0.134 0.208 0.161 0.162 0.120 0.216 1    
219:  0.174 0.214 0.166 0.212 0.038 0.197 1    
220:  0.143 0.259 0.150 0.183 0.044 0.221 1    
221:  0.164 0.183 0.145 0.166 0.176 0.167 1    
222:  0.149 0.218 0.155 0.174 0.060 0.244 1    
223:  0.248 0.144 0.213 0.171 0.087 0.136 1    
224:  0.215 0.173 0.190 0.228 0.037 0.157 1    
                       
                       
1:    0.224 0.052 0.183 0.184 0.163 0.194 1    
2:    0.194 0.082 0.153 0.242 0.202 0.126 1    
3:    0.210 0.091 0.177 0.183 0.156 0.182 1    
4:    0.170 0.158 0.165 0.183 0.173 0.152 1    
5:    0.178 0.085 0.197 0.177 0.185 0.178 1    
6:    0.204 0.070 0.168 0.191 0.182 0.184 1    
7:    0.184 0.095 0.205 0.173 0.161 0.183 1    
8:    0.174 0.097 0.159 0.202 0.199 0.169 1    
9:    0.188 0.110 0.167 0.185 0.178 0.171 1    
10:   0.171 0.067 0.168 0.185 0.209 0.199 1    
11:   0.148 0.254 0.140 0.164 0.158 0.135 1    
12:   0.178 0.223 0.174 0.144 0.124 0.157 1    
13:   0.166 0.124 0.174 0.192 0.207 0.138 1    
14:   0.061 0.675 0.063 0.069 0.073 0.060 1    
15:   0.135 0.235 0.137 0.184 0.181 0.128 1    
16:   0.174 0.094 0.178 0.193 0.186 0.176 1    
17:   0.089 0.534 0.083 0.098 0.097 0.099 1    
18:   0.189 0.069 0.188 0.193 0.178 0.184 1    
19:   0.155 0.189 0.173 0.180 0.158 0.145 1    
20:   0.189 0.105 0.193 0.170 0.163 0.180 1    
21:   0.083 0.567 0.087 0.085 0.087 0.090 1    
22:   0.181 0.080 0.177 0.203 0.196 0.163 1    
23:   0.178 0.078 0.180 0.205 0.187 0.171 1    
24:   0.210 0.071 0.173 0.172 0.163 0.211 1    
25:   0.195 0.080 0.192 0.201 0.177 0.157 1    
26:   0.165 0.052 0.204 0.139 0.210 0.229 1    
27:   0.175 0.080 0.160 0.201 0.188 0.197 1    
28:   0.168 0.040 0.214 0.150 0.215 0.213 1    
29:   0.127 0.326 0.121 0.158 0.152 0.116 1    
30:   0.178 0.101 0.175 0.160 0.183 0.203 1    
31:   0.172 0.100 0.158 0.207 0.192 0.172 1    
32:   0.161 0.096 0.170 0.199 0.201 0.172 1    
33:   0.154 0.051 0.179 0.178 0.206 0.232 1    
34:   0.170 0.172 0.153 0.199 0.184 0.122 1    
35:   0.180 0.046 0.167 0.213 0.226 0.168 1    
36:   0.170 0.123 0.178 0.166 0.186 0.177 1    
37:   0.160 0.053 0.182 0.175 0.206 0.223 1    
38:   0.152 0.157 0.164 0.176 0.180 0.171 1    
39:   0.152 0.081 0.172 0.189 0.207 0.200 1    
40:   0.055 0.702 0.061 0.058 0.064 0.060 1    
41:   0.171 0.081 0.174 0.194 0.210 0.170 1    
42:   0.200 0.057 0.201 0.186 0.179 0.177 1    
43:   0.176 0.039 0.177 0.193 0.218 0.197 1    
44:   0.173 0.092 0.183 0.183 0.192 0.177 1    
45:   0.166 0.035 0.175 0.198 0.220 0.206 1    
46:   0.181 0.081 0.175 0.182 0.192 0.189 1    
47:   0.153 0.137 0.159 0.184 0.191 0.176 1    
48:   0.189 0.118 0.171 0.180 0.159 0.183 1    
49:   0.183 0.037 0.191 0.185 0.190 0.214 1    
50:   0.193 0.064 0.190 0.186 0.199 0.167 1    
51:   0.170 0.071 0.197 0.164 0.198 0.199 1    
52:   0.179 0.137 0.185 0.152 0.183 0.164 1    
53:   0.190 0.059 0.176 0.205 0.188 0.182 1    
54:   0.164 0.133 0.158 0.174 0.199 0.171 1    
55:   0.154 0.219 0.160 0.148 0.159 0.160 1    
56:   0.192 0.057 0.185 0.187 0.181 0.198 1    
57:   0.181 0.114 0.179 0.184 0.175 0.167 1    
58:   0.164 0.190 0.159 0.166 0.179 0.143 1    
59:   0.160 0.039 0.184 0.208 0.204 0.205 1    
60:   0.154 0.151 0.169 0.170 0.185 0.171 1    
61:   0.179 0.048 0.216 0.139 0.199 0.218 1    
62:   0.150 0.046 0.188 0.188 0.192 0.236 1    
63:   0.181 0.056 0.207 0.173 0.190 0.192 1    
64:   0.113 0.463 0.114 0.104 0.098 0.107 1    
65:   0.187 0.061 0.191 0.190 0.193 0.178 1    
66:   0.155 0.036 0.183 0.190 0.207 0.228 1    
67:   0.207 0.045 0.202 0.188 0.178 0.181 1    
68:   0.188 0.077 0.205 0.176 0.181 0.174 1    
69:   0.186 0.053 0.179 0.209 0.192 0.181 1    
70:   0.175 0.028 0.228 0.129 0.204 0.235 1    
71:   0.178 0.050 0.184 0.202 0.189 0.197 1    
72:   0.131 0.330 0.118 0.142 0.147 0.131 1    
73:   0.170 0.076 0.150 0.217 0.205 0.182 1    
74:   0.203 0.106 0.179 0.184 0.163 0.164 1    
75:   0.209 0.091 0.190 0.175 0.159 0.175 1    
76:   0.184 0.046 0.195 0.178 0.189 0.208 1    
77:   0.173 0.118 0.190 0.181 0.183 0.155 1    
78:   0.194 0.041 0.193 0.200 0.188 0.185 1    
79:   0.167 0.047 0.203 0.177 0.214 0.192 1    
80:   0.197 0.044 0.187 0.167 0.178 0.227 1    
81:   0.220 0.060 0.210 0.165 0.138 0.208 1    
82:   0.089 0.566 0.084 0.089 0.089 0.083 1    
83:   0.184 0.136 0.161 0.193 0.177 0.149 1    
84:   0.060 0.684 0.056 0.072 0.065 0.064 1    
85:   0.146 0.069 0.188 0.185 0.190 0.222 1    
86:   0.212 0.082 0.222 0.155 0.155 0.173 1    
87:   0.158 0.048 0.188 0.190 0.200 0.216 1    
88:   0.230 0.043 0.193 0.197 0.155 0.182 1    
89:   0.130 0.491 0.121 0.081 0.063 0.115 1    
90:   0.237 0.049 0.204 0.170 0.126 0.215 1    
91:   0.151 0.075 0.171 0.213 0.209 0.180 1    
92:   0.137 0.307 0.132 0.147 0.149 0.128 1    
93:   0.203 0.082 0.186 0.167 0.157 0.205 1    
94:   0.241 0.031 0.252 0.147 0.122 0.208 1    
95:   0.238 0.035 0.231 0.147 0.117 0.232 1    
96:   0.254 0.032 0.249 0.136 0.107 0.222 1    
97:   0.222 0.053 0.212 0.158 0.144 0.212 1    
98:   0.228 0.038 0.197 0.195 0.152 0.190 1    
99:   0.151 0.311 0.143 0.133 0.128 0.134 1    
100:  0.097 0.422 0.107 0.131 0.129 0.115 1    
101:  0.189 0.066 0.195 0.162 0.170 0.219 1    
102:  0.159 0.121 0.165 0.198 0.196 0.161 1    
103:  0.186 0.069 0.208 0.157 0.182 0.199 1    
104:  0.237 0.029 0.195 0.178 0.139 0.222 1    
105:  0.153 0.081 0.171 0.184 0.213 0.198 1    
106:  0.163 0.146 0.144 0.215 0.188 0.145 1    
107:  0.192 0.114 0.180 0.161 0.160 0.193 1    
108:  0.172 0.139 0.172 0.168 0.175 0.175 1    
109:  0.194 0.135 0.205 0.148 0.144 0.174 1    
110:  0.174 0.159 0.191 0.167 0.154 0.155 1    
111:  0.253 0.050 0.220 0.151 0.117 0.209 1    
112:  0.213 0.053 0.226 0.165 0.152 0.191 1    
113:  0.068 0.660 0.065 0.070 0.074 0.063 1    
114:  0.158 0.045 0.174 0.194 0.214 0.215 1    
115:  0.169 0.144 0.174 0.174 0.170 0.169 1    
116:  0.162 0.148 0.152 0.191 0.192 0.155 1    
117:  0.179 0.047 0.173 0.210 0.205 0.186 1    
118:  0.185 0.053 0.190 0.174 0.201 0.196 1    
119:  0.159 0.181 0.172 0.156 0.172 0.160 1    
120:  0.120 0.382 0.115 0.135 0.137 0.112 1    
121:  0.035 0.819 0.036 0.035 0.038 0.038 1    
122:  0.167 0.071 0.191 0.177 0.199 0.195 1    
123:  0.102 0.462 0.098 0.122 0.121 0.096 1    
124:  0.225 0.087 0.211 0.154 0.125 0.199 1    
125:  0.209 0.093 0.191 0.176 0.147 0.185 1    
126:  0.171 0.042 0.209 0.154 0.197 0.227 1    
127:  0.150 0.291 0.137 0.151 0.146 0.126 1    
128:  0.179 0.075 0.187 0.188 0.192 0.180 1    
129:  0.216 0.117 0.200 0.152 0.137 0.177 1    
130:  0.179 0.046 0.166 0.223 0.195 0.191 1    
131:  0.166 0.171 0.151 0.184 0.178 0.149 1    
132:  0.176 0.044 0.172 0.197 0.212 0.199 1    
133:  0.066 0.643 0.070 0.072 0.075 0.074 1    
134:  0.215 0.040 0.179 0.212 0.192 0.162 1    
135:  0.187 0.065 0.152 0.241 0.207 0.146 1    
136:  0.138 0.299 0.151 0.139 0.137 0.136 1    
137:  0.176 0.148 0.171 0.168 0.172 0.166 1    
138:  0.202 0.028 0.191 0.182 0.187 0.210 1    
139:  0.181 0.085 0.165 0.175 0.204 0.190 1    
140:  0.189 0.065 0.186 0.176 0.183 0.200 1    
141:  0.062 0.676 0.061 0.068 0.072 0.062 1    
142:  0.147 0.207 0.152 0.156 0.167 0.171 1    
143:  0.162 0.153 0.166 0.166 0.171 0.182 1    
144:  0.171 0.107 0.152 0.210 0.209 0.151 1    
145:  0.215 0.036 0.215 0.180 0.149 0.205 1    
146:  0.215 0.076 0.192 0.177 0.170 0.171 1    
147:  0.198 0.071 0.219 0.173 0.166 0.173 1    
148:  0.177 0.068 0.165 0.218 0.202 0.170 1    
149:  0.157 0.187 0.151 0.177 0.174 0.154 1    
150:  0.185 0.107 0.234 0.155 0.157 0.161 1    
151:  0.127 0.313 0.168 0.124 0.142 0.126 1    
152:  0.171 0.029 0.204 0.137 0.215 0.244 1    
153:  0.140 0.238 0.180 0.153 0.159 0.130 1    
154:  0.176 0.145 0.162 0.183 0.173 0.161 1    
155:  0.083 0.531 0.090 0.107 0.105 0.083 1    
156:  0.205 0.065 0.166 0.208 0.185 0.171 1    
157:  0.188 0.075 0.166 0.213 0.195 0.163 1    
158:  0.186 0.103 0.175 0.175 0.174 0.187 1    
159:  0.169 0.101 0.175 0.188 0.182 0.186 1    
160:  0.078 0.592 0.073 0.094 0.087 0.075 1    
161:  0.188 0.071 0.172 0.199 0.189 0.183 1    
162:  0.152 0.259 0.176 0.136 0.142 0.135 1    
163:  0.172 0.090 0.185 0.183 0.181 0.188 1    
164:  0.255 0.031 0.243 0.151 0.109 0.211 1    
165:  0.203 0.080 0.227 0.167 0.149 0.174 1    
166:  0.073 0.645 0.070 0.069 0.071 0.072 1    
167:  0.170 0.073 0.204 0.138 0.198 0.216 1    
168:  0.157 0.164 0.168 0.155 0.178 0.179 1    
169:  0.177 0.087 0.192 0.177 0.181 0.187 1    
170:  0.043 0.799 0.040 0.040 0.040 0.038 1    
171:  0.185 0.071 0.172 0.196 0.192 0.183 1    
172:  0.168 0.079 0.188 0.173 0.187 0.205 1    
173:  0.063 0.690 0.058 0.064 0.063 0.060 1    
174:  0.192 0.068 0.200 0.171 0.179 0.190 1    
175:  0.181 0.057 0.190 0.178 0.199 0.196 1    
176:  0.172 0.051 0.173 0.205 0.222 0.177 1    
177:  0.177 0.085 0.186 0.161 0.185 0.206 1    
178:  0.168 0.109 0.175 0.192 0.197 0.160 1    
179:  0.170 0.055 0.198 0.139 0.204 0.234 1    
180:  0.167 0.137 0.162 0.176 0.187 0.170 1    
181:  0.163 0.260 0.149 0.157 0.140 0.131 1    
182:  0.210 0.074 0.160 0.191 0.176 0.189 1    
183:  0.061 0.685 0.061 0.068 0.061 0.065 1    
184:  0.204 0.096 0.184 0.169 0.157 0.191 1    
185:  0.068 0.660 0.066 0.070 0.071 0.066 1    
186:  0.068 0.675 0.066 0.061 0.060 0.069 1    
187:  0.172 0.059 0.179 0.200 0.203 0.187 1    
188:  0.215 0.080 0.219 0.168 0.132 0.185 1    
189:  0.163 0.206 0.174 0.155 0.163 0.140 1    
190:  0.171 0.069 0.173 0.235 0.199 0.154 1    
191:  0.164 0.158 0.148 0.198 0.178 0.153 1    
192:  0.197 0.072 0.158 0.226 0.205 0.141 1    
193:  0.215 0.072 0.188 0.184 0.163 0.178 1    
194:  0.160 0.127 0.166 0.188 0.186 0.172 1    
195:  0.149 0.070 0.167 0.208 0.210 0.197 1    
196:  0.091 0.593 0.084 0.075 0.074 0.084 1    
197:  0.184 0.066 0.177 0.187 0.203 0.183 1    
198:  0.110 0.483 0.103 0.110 0.101 0.093 1    
199:  0.198 0.061 0.187 0.180 0.189 0.185 1    
200:  0.225 0.042 0.228 0.158 0.125 0.222 1    
201:  0.169 0.059 0.186 0.181 0.207 0.197 1    
202:  0.210 0.062 0.161 0.222 0.197 0.148 1    
203:  0.172 0.110 0.179 0.168 0.195 0.177 1    
204:  0.177 0.045 0.195 0.171 0.188 0.223 1    
205:  0.154 0.074 0.161 0.200 0.211 0.200 1    
206:  0.152 0.102 0.158 0.200 0.204 0.184 1    
207:  0.180 0.092 0.164 0.216 0.190 0.158 1    
208:  0.085 0.518 0.094 0.097 0.103 0.103 1    
209:  0.174 0.067 0.169 0.206 0.219 0.166 1    
210:  0.189 0.059 0.192 0.194 0.194 0.172 1    
211:  0.097 0.466 0.098 0.115 0.113 0.111 1    
212:  0.090 0.558 0.079 0.094 0.099 0.080 1    
213:  0.164 0.104 0.163 0.168 0.196 0.205 1    
214:  0.222 0.040 0.197 0.175 0.164 0.203 1    
215:  0.203 0.060 0.195 0.195 0.169 0.177 1    
216:  0.073 0.630 0.073 0.080 0.079 0.065 1    
217:  0.169 0.179 0.186 0.144 0.158 0.164 1    
218:  0.153 0.135 0.165 0.197 0.185 0.165 1    
219:  0.192 0.040 0.180 0.186 0.215 0.188 1    
220:  0.182 0.047 0.173 0.218 0.218 0.162 1    
221:  0.162 0.173 0.173 0.173 0.182 0.137 1    
222:  0.150 0.061 0.160 0.222 0.224 0.184 1    
223:  0.210 0.084 0.207 0.168 0.156 0.176 1    
224:  0.188 0.036 0.200 0.164 0.203 0.209 1    
                       
                       
1:    0.052 0.172 0.185 0.196 0.216 0.179 1    
2:    0.079 0.173 0.210 0.231 0.104 0.202 1    
3:    0.100 0.167 0.193 0.176 0.200 0.164 1    
4:    0.149 0.158 0.196 0.183 0.143 0.171 1    
5:    0.085 0.181 0.183 0.197 0.173 0.182 1    
6:    0.064 0.177 0.199 0.182 0.195 0.184 1    
7:    0.094 0.164 0.190 0.171 0.214 0.167 1    
8:    0.097 0.185 0.184 0.201 0.145 0.189 1    
9:    0.111 0.161 0.183 0.194 0.174 0.177 1    
10:   0.069 0.209 0.184 0.183 0.150 0.204 1    
11:   0.258 0.150 0.158 0.152 0.121 0.160 1    
12:   0.248 0.127 0.155 0.150 0.193 0.127 1    
13:   0.124 0.166 0.201 0.184 0.132 0.193 1    
14:   0.680 0.065 0.074 0.067 0.050 0.063 1    
15:   0.248 0.145 0.162 0.175 0.113 0.158 1    
16:   0.091 0.169 0.187 0.191 0.176 0.186 1    
17:   0.548 0.090 0.092 0.093 0.082 0.094 1    
18:   0.067 0.181 0.195 0.185 0.182 0.190 1    
19:   0.192 0.155 0.185 0.167 0.140 0.161 1    
20:   0.109 0.160 0.183 0.176 0.213 0.158 1    
21:   0.577 0.087 0.080 0.086 0.081 0.088 1    
22:   0.082 0.188 0.201 0.198 0.136 0.195 1    
23:   0.074 0.189 0.186 0.198 0.163 0.190 1    
24:   0.069 0.177 0.177 0.177 0.222 0.179 1    
25:   0.079 0.172 0.171 0.202 0.194 0.182 1    
26:   0.051 0.236 0.164 0.161 0.204 0.184 1    
27:   0.078 0.183 0.189 0.185 0.153 0.212 1    
28:   0.040 0.228 0.174 0.159 0.211 0.188 1    
29:   0.300 0.134 0.159 0.149 0.097 0.162 1    
30:   0.100 0.192 0.162 0.172 0.196 0.179 1    
31:   0.091 0.182 0.179 0.198 0.136 0.214 1    
32:   0.090 0.182 0.213 0.176 0.134 0.206 1    
33:   0.046 0.224 0.170 0.171 0.182 0.208 1    
34:   0.157 0.159 0.193 0.193 0.114 0.184 1    
35:   0.045 0.208 0.208 0.199 0.138 0.203 1    
36:   0.122 0.187 0.174 0.172 0.174 0.170 1    
37:   0.053 0.228 0.173 0.161 0.187 0.197 1    
38:   0.154 0.182 0.173 0.170 0.136 0.187 1    
39:   0.077 0.206 0.183 0.179 0.158 0.198 1    
40:   0.708 0.059 0.061 0.061 0.052 0.059 1    
41:   0.078 0.191 0.177 0.196 0.160 0.198 1    
42:   0.057 0.184 0.190 0.195 0.192 0.182 1    
43:   0.040 0.214 0.181 0.167 0.184 0.214 1    
44:   0.091 0.188 0.180 0.184 0.182 0.175 1    
45:   0.032 0.214 0.189 0.176 0.157 0.233 1    
46:   0.073 0.196 0.187 0.183 0.165 0.197 1    
47:   0.126 0.192 0.171 0.173 0.144 0.194 1    
48:   0.126 0.160 0.175 0.180 0.193 0.166 1    
49:   0.035 0.199 0.182 0.177 0.207 0.199 1    
50:   0.064 0.185 0.202 0.188 0.168 0.193 1    
51:   0.070 0.211 0.175 0.170 0.191 0.183 1    
52:   0.142 0.183 0.165 0.164 0.180 0.167 1    
53:   0.057 0.186 0.194 0.209 0.161 0.192 1    
54:   0.127 0.179 0.185 0.185 0.134 0.189 1    
55:   0.202 0.166 0.161 0.152 0.152 0.167 1    
56:   0.058 0.191 0.183 0.189 0.184 0.195 1    
57:   0.110 0.175 0.181 0.188 0.169 0.177 1    
58:   0.173 0.163 0.181 0.173 0.136 0.174 1    
59:   0.038 0.215 0.195 0.173 0.166 0.214 1    
60:   0.139 0.189 0.175 0.161 0.155 0.182 1    
61:   0.048 0.228 0.162 0.161 0.230 0.171 1    
62:   0.046 0.224 0.162 0.171 0.176 0.222 1    
63:   0.054 0.213 0.165 0.174 0.211 0.183 1    
64:   0.475 0.102 0.100 0.106 0.121 0.095 1    
65:   0.058 0.202 0.182 0.183 0.182 0.192 1    
66:   0.036 0.227 0.169 0.166 0.183 0.219 1    
67:   0.042 0.173 0.200 0.196 0.215 0.174 1    
68:   0.076 0.177 0.183 0.171 0.210 0.183 1    
69:   0.053 0.195 0.184 0.209 0.164 0.195 1    
70:   0.027 0.229 0.162 0.153 0.265 0.164 1    
71:   0.050 0.203 0.184 0.192 0.177 0.195 1    
72:   0.339 0.138 0.135 0.133 0.105 0.150 1    
73:   0.070 0.192 0.186 0.198 0.140 0.214 1    
74:   0.101 0.167 0.183 0.194 0.189 0.166 1    
75:   0.085 0.159 0.188 0.202 0.198 0.168 1    
76:   0.046 0.208 0.173 0.177 0.209 0.186 1    
77:   0.110 0.174 0.192 0.171 0.169 0.184 1    
78:   0.039 0.186 0.208 0.192 0.190 0.184 1    
79:   0.043 0.219 0.178 0.167 0.192 0.201 1    
80:   0.044 0.205 0.182 0.174 0.221 0.174 1    
81:   0.064 0.156 0.175 0.176 0.264 0.165 1    
82:   0.565 0.084 0.094 0.088 0.083 0.086 1    
83:   0.132 0.157 0.181 0.197 0.152 0.181 1    
84:   0.702 0.061 0.060 0.062 0.052 0.063 1    
85:   0.065 0.211 0.162 0.162 0.182 0.219 1    
86:   0.080 0.153 0.195 0.181 0.230 0.161 1    
87:   0.046 0.219 0.169 0.177 0.196 0.194 1    
88:   0.045 0.152 0.191 0.212 0.243 0.157 1    
89:   0.509 0.082 0.092 0.090 0.158 0.069 1    
90:   0.050 0.150 0.182 0.188 0.275 0.155 1    
91:   0.072 0.203 0.196 0.179 0.143 0.207 1    
92:   0.312 0.131 0.148 0.141 0.122 0.146 1    
93:   0.081 0.171 0.177 0.177 0.223 0.171 1    
94:   0.030 0.152 0.185 0.181 0.315 0.137 1    
95:   0.034 0.152 0.173 0.177 0.326 0.137 1    
96:   0.033 0.142 0.173 0.175 0.344 0.133 1    
97:   0.055 0.163 0.174 0.177 0.272 0.158 1    
98:   0.039 0.160 0.195 0.209 0.225 0.171 1    
99:   0.311 0.122 0.139 0.146 0.144 0.139 1    
100:  0.419 0.119 0.129 0.118 0.089 0.127 1    
101:  0.068 0.196 0.174 0.152 0.244 0.166 1    
102:  0.115 0.180 0.197 0.191 0.134 0.182 1    
103:  0.068 0.200 0.163 0.166 0.218 0.185 1    
104:  0.028 0.155 0.188 0.188 0.290 0.152 1    
105:  0.076 0.206 0.175 0.183 0.160 0.200 1    
106:  0.149 0.175 0.184 0.179 0.135 0.178 1    
107:  0.115 0.167 0.181 0.165 0.205 0.167 1    
108:  0.142 0.175 0.168 0.172 0.177 0.166 1    
109:  0.137 0.157 0.160 0.162 0.231 0.154 1    
110:  0.145 0.160 0.175 0.172 0.191 0.156 1    
111:  0.051 0.140 0.180 0.174 0.317 0.138 1    
112:  0.050 0.159 0.187 0.191 0.252 0.161 1    
113:  0.670 0.066 0.071 0.070 0.057 0.066 1    
114:  0.043 0.209 0.193 0.181 0.168 0.206 1    
115:  0.136 0.159 0.186 0.185 0.170 0.163 1    
116:  0.148 0.173 0.175 0.187 0.134 0.183 1    
117:  0.047 0.198 0.199 0.189 0.161 0.206 1    
118:  0.051 0.205 0.180 0.175 0.192 0.197 1    
119:  0.166 0.161 0.174 0.159 0.160 0.180 1    
120:  0.396 0.127 0.123 0.129 0.096 0.129 1    
121:  0.825 0.035 0.037 0.037 0.031 0.036 1    
122:  0.067 0.203 0.175 0.167 0.204 0.183 1    
123:  0.467 0.111 0.114 0.112 0.087 0.108 1    
124:  0.088 0.148 0.184 0.181 0.252 0.146 1    
125:  0.098 0.155 0.177 0.187 0.221 0.163 1    
126:  0.044 0.226 0.161 0.168 0.223 0.178 1    
127:  0.305 0.124 0.152 0.156 0.123 0.140 1    
128:  0.074 0.184 0.183 0.190 0.184 0.184 1    
129:  0.124 0.165 0.171 0.168 0.226 0.147 1    
130:  0.045 0.205 0.185 0.206 0.145 0.214 1    
131:  0.165 0.175 0.179 0.177 0.131 0.173 1    
132:  0.044 0.214 0.185 0.190 0.172 0.197 1    
133:  0.653 0.076 0.067 0.070 0.064 0.070 1    
134:  0.042 0.182 0.208 0.213 0.163 0.191 1    
135:  0.060 0.199 0.216 0.205 0.111 0.209 1    
136:  0.312 0.136 0.139 0.142 0.143 0.129 1    
137:  0.137 0.176 0.179 0.166 0.166 0.178 1    
138:  0.027 0.182 0.176 0.201 0.222 0.190 1    
139:  0.079 0.203 0.175 0.189 0.168 0.186 1    
140:  0.065 0.193 0.187 0.183 0.193 0.178 1    
141:  0.683 0.067 0.063 0.064 0.055 0.067 1    
142:  0.190 0.175 0.158 0.165 0.139 0.174 1    
143:  0.157 0.166 0.162 0.173 0.172 0.170 1    
144:  0.107 0.180 0.187 0.207 0.117 0.202 1    
145:  0.034 0.166 0.188 0.186 0.265 0.160 1    
146:  0.080 0.169 0.185 0.186 0.209 0.171 1    
147:  0.069 0.167 0.194 0.189 0.212 0.168 1    
148:  0.069 0.186 0.189 0.200 0.154 0.203 1    
149:  0.183 0.176 0.175 0.168 0.131 0.167 1    
150:  0.108 0.160 0.184 0.171 0.222 0.156 1    
151:  0.317 0.121 0.144 0.126 0.162 0.130 1    
152:  0.029 0.238 0.154 0.160 0.229 0.190 1    
153:  0.235 0.133 0.173 0.157 0.146 0.156 1    
154:  0.136 0.163 0.181 0.182 0.157 0.180 1    
155:  0.524 0.092 0.105 0.104 0.072 0.103 1    
156:  0.067 0.176 0.186 0.207 0.171 0.193 1    
157:  0.072 0.195 0.193 0.204 0.141 0.196 1    
158:  0.094 0.175 0.185 0.177 0.184 0.184 1    
159:  0.107 0.186 0.170 0.177 0.168 0.191 1    
160:  0.613 0.074 0.088 0.085 0.062 0.078 1    
161:  0.074 0.183 0.183 0.194 0.157 0.209 1    
162:  0.252 0.153 0.146 0.143 0.164 0.142 1    
163:  0.087 0.198 0.172 0.174 0.180 0.190 1    
164:  0.031 0.144 0.181 0.181 0.337 0.126 1    
165:  0.082 0.162 0.186 0.173 0.241 0.155 1    
166:  0.647 0.070 0.070 0.073 0.066 0.073 1    
167:  0.074 0.218 0.158 0.158 0.218 0.175 1    
168:  0.149 0.191 0.168 0.155 0.166 0.172 1    
169:  0.085 0.180 0.179 0.181 0.184 0.191 1    
170:  0.805 0.040 0.039 0.036 0.042 0.038 1    
171:  0.069 0.190 0.185 0.194 0.171 0.192 1    
172:  0.081 0.203 0.179 0.175 0.182 0.181 1    
173:  0.703 0.056 0.065 0.061 0.057 0.059 1    
174:  0.067 0.180 0.193 0.181 0.205 0.173 1    
175:  0.055 0.202 0.169 0.182 0.192 0.200 1    
176:  0.050 0.204 0.199 0.200 0.148 0.199 1    
177:  0.082 0.208 0.165 0.161 0.210 0.174 1    
178:  0.097 0.181 0.194 0.190 0.152 0.186 1    
179:  0.053 0.234 0.147 0.151 0.234 0.180 1    
180:  0.136 0.182 0.174 0.165 0.154 0.189 1    
181:  0.263 0.129 0.159 0.161 0.148 0.140 1    
182:  0.071 0.171 0.184 0.199 0.181 0.193 1    
183:  0.696 0.058 0.061 0.062 0.061 0.061 1    
184:  0.095 0.165 0.176 0.174 0.219 0.172 1    
185:  0.667 0.063 0.070 0.073 0.060 0.067 1    
186:  0.686 0.061 0.065 0.061 0.067 0.061 1    
187:  0.056 0.197 0.188 0.189 0.164 0.206 1    
188:  0.076 0.144 0.185 0.183 0.265 0.148 1    
189:  0.196 0.161 0.162 0.165 0.154 0.161 1    
190:  0.068 0.179 0.213 0.209 0.129 0.201 1    
191:  0.153 0.159 0.187 0.186 0.134 0.181 1    
192:  0.065 0.184 0.202 0.221 0.127 0.200 1    
193:  0.072 0.169 0.179 0.197 0.204 0.177 1    
194:  0.125 0.171 0.173 0.181 0.159 0.190 1    
195:  0.073 0.215 0.170 0.180 0.147 0.214 1    
196:  0.609 0.071 0.078 0.079 0.094 0.069 1    
197:  0.061 0.203 0.186 0.178 0.186 0.186 1    
198:  0.501 0.097 0.098 0.102 0.103 0.099 1    
199:  0.058 0.192 0.185 0.183 0.199 0.183 1    
200:  0.043 0.160 0.170 0.171 0.305 0.151 1    
201:  0.056 0.214 0.185 0.173 0.180 0.193 1    
202:  0.059 0.168 0.200 0.213 0.165 0.194 1    
203:  0.103 0.194 0.171 0.184 0.169 0.180 1    
204:  0.046 0.216 0.178 0.170 0.196 0.194 1    
205:  0.073 0.207 0.195 0.179 0.140 0.207 1    
206:  0.096 0.188 0.180 0.182 0.147 0.207 1    
207:  0.085 0.180 0.203 0.202 0.134 0.197 1    
208:  0.519 0.103 0.092 0.093 0.090 0.102 1    
209:  0.065 0.199 0.206 0.196 0.130 0.205 1    
210:  0.060 0.190 0.199 0.195 0.170 0.186 1    
211:  0.477 0.117 0.102 0.109 0.086 0.109 1    
212:  0.558 0.085 0.094 0.093 0.075 0.094 1    
213:  0.094 0.205 0.166 0.168 0.186 0.181 1    
214:  0.038 0.173 0.185 0.186 0.250 0.168 1    
215:  0.054 0.175 0.198 0.201 0.206 0.167 1    
216:  0.636 0.071 0.078 0.077 0.068 0.070 1    
217:  0.173 0.168 0.155 0.154 0.186 0.164 1    
218:  0.128 0.172 0.191 0.182 0.129 0.198 1    
219:  0.040 0.233 0.187 0.165 0.187 0.188 1    
220:  0.047 0.199 0.200 0.205 0.134 0.214 1    
221:  0.163 0.172 0.177 0.166 0.152 0.170 1    
222:  0.055 0.203 0.199 0.190 0.140 0.212 1    
223:  0.083 0.164 0.175 0.166 0.252 0.160 1    
224:  0.036 0.220 0.177 0.173 0.208 0.187 1    
                       
                       
1:    0.265 0.157 0.166 0.173 0.193 0.046 1    
2:    0.093 0.220 0.265 0.224 0.120 0.079 1    
3:    0.224 0.155 0.174 0.168 0.185 0.094 1    
4:    0.140 0.184 0.200 0.187 0.148 0.141 1    
5:    0.178 0.187 0.186 0.189 0.185 0.075 1    
6:    0.230 0.168 0.187 0.181 0.175 0.059 1    
7:    0.255 0.153 0.157 0.158 0.188 0.088 1    
8:    0.138 0.201 0.204 0.201 0.158 0.098 1    
9:    0.177 0.182 0.184 0.172 0.178 0.108 1    
10:   0.139 0.209 0.215 0.195 0.178 0.064 1    
11:   0.113 0.164 0.164 0.171 0.137 0.251 1    
12:   0.248 0.114 0.133 0.122 0.141 0.241 1    
13:   0.129 0.193 0.210 0.201 0.151 0.116 1    
14:   0.050 0.064 0.065 0.063 0.053 0.705 1    
15:   0.107 0.164 0.186 0.172 0.130 0.241 1    
16:   0.186 0.188 0.189 0.194 0.165 0.078 1    
17:   0.077 0.091 0.091 0.091 0.082 0.568 1    
18:   0.214 0.189 0.184 0.179 0.167 0.067 1    
19:   0.167 0.180 0.175 0.165 0.134 0.178 1    
20:   0.258 0.149 0.151 0.157 0.184 0.101 1    
21:   0.077 0.085 0.082 0.079 0.077 0.600 1    
22:   0.161 0.200 0.203 0.201 0.160 0.075 1    
23:   0.156 0.195 0.215 0.191 0.166 0.077 1    
24:   0.248 0.165 0.154 0.168 0.205 0.061 1    
25:   0.189 0.183 0.196 0.188 0.167 0.078 1    
26:   0.158 0.187 0.167 0.177 0.264 0.046 1    
27:   0.138 0.211 0.205 0.205 0.171 0.071 1    
28:   0.145 0.201 0.160 0.189 0.269 0.035 1    
29:   0.089 0.157 0.172 0.159 0.105 0.318 1    
30:   0.196 0.172 0.161 0.165 0.212 0.092 1    
31:   0.118 0.215 0.216 0.214 0.150 0.087 1    
32:   0.123 0.221 0.210 0.202 0.161 0.083 1    
33:   0.127 0.214 0.195 0.212 0.206 0.046 1    
34:   0.116 0.188 0.225 0.197 0.121 0.153 1    
35:   0.117 0.220 0.230 0.227 0.167 0.039 1    
36:   0.156 0.178 0.171 0.175 0.205 0.115 1    
37:   0.136 0.210 0.188 0.192 0.225 0.050 1    
38:   0.130 0.198 0.186 0.181 0.154 0.150 1    
39:   0.127 0.204 0.200 0.206 0.194 0.069 1    
40:   0.046 0.054 0.056 0.055 0.052 0.737 1    
41:   0.138 0.198 0.209 0.212 0.172 0.071 1    
42:   0.188 0.176 0.189 0.192 0.202 0.052 1    
43:   0.138 0.211 0.204 0.203 0.208 0.037 1    
44:   0.177 0.185 0.171 0.195 0.187 0.084 1    
45:   0.124 0.240 0.217 0.216 0.174 0.030 1    
46:   0.148 0.197 0.197 0.190 0.197 0.071 1    
47:   0.113 0.205 0.199 0.192 0.159 0.131 1    
48:   0.228 0.157 0.164 0.157 0.179 0.114 1    
49:   0.184 0.197 0.188 0.191 0.207 0.032 1    
50:   0.158 0.191 0.207 0.205 0.181 0.058 1    
51:   0.158 0.189 0.168 0.182 0.234 0.069 1    
52:   0.143 0.180 0.166 0.175 0.201 0.135 1    
53:   0.188 0.191 0.213 0.193 0.161 0.054 1    
54:   0.121 0.195 0.198 0.198 0.162 0.126 1    
55:   0.141 0.165 0.171 0.164 0.154 0.206 1    
56:   0.165 0.204 0.192 0.187 0.196 0.056 1    
57:   0.187 0.182 0.184 0.180 0.167 0.101 1    
58:   0.118 0.184 0.182 0.176 0.166 0.174 1    
59:   0.126 0.228 0.209 0.228 0.175 0.035 1    
60:   0.137 0.196 0.183 0.181 0.163 0.141 1    
61:   0.166 0.189 0.141 0.179 0.284 0.041 1    
62:   0.145 0.236 0.189 0.197 0.193 0.040 1    
63:   0.170 0.187 0.170 0.198 0.229 0.046 1    
64:   0.123 0.095 0.096 0.093 0.105 0.489 1    
65:   0.147 0.197 0.208 0.202 0.195 0.052 1    
66:   0.143 0.224 0.188 0.205 0.207 0.033 1    
67:   0.234 0.166 0.187 0.184 0.189 0.040 1    
68:   0.223 0.163 0.178 0.180 0.187 0.068 1    
69:   0.163 0.199 0.211 0.200 0.178 0.049 1    
70:   0.195 0.180 0.126 0.163 0.314 0.023 1    
71:   0.168 0.205 0.208 0.194 0.181 0.043 1    
72:   0.086 0.152 0.144 0.147 0.121 0.349 1    
73:   0.115 0.208 0.228 0.224 0.155 0.070 1    
74:   0.208 0.175 0.175 0.185 0.165 0.092 1    
75:   0.252 0.168 0.167 0.164 0.172 0.077 1    
76:   0.178 0.200 0.174 0.185 0.224 0.040 1    
77:   0.173 0.188 0.190 0.184 0.156 0.108 1    
78:   0.218 0.176 0.184 0.193 0.193 0.035 1    
79:   0.135 0.212 0.189 0.205 0.220 0.039 1    
80:   0.214 0.181 0.172 0.167 0.225 0.041 1    
81:   0.331 0.131 0.142 0.136 0.202 0.057 1    
82:   0.084 0.081 0.085 0.083 0.074 0.594 1    
83:   0.167 0.170 0.194 0.183 0.155 0.132 1    
84:   0.040 0.060 0.059 0.059 0.050 0.731 1    
85:   0.134 0.226 0.189 0.199 0.187 0.065 1    
86:   0.318 0.135 0.145 0.140 0.187 0.074 1    
87:   0.140 0.202 0.193 0.208 0.211 0.045 1    
88:   0.325 0.136 0.154 0.155 0.189 0.040 1    
89:   0.190 0.054 0.063 0.066 0.103 0.523 1    
90:   0.376 0.120 0.139 0.124 0.197 0.043 1    
91:   0.116 0.231 0.202 0.212 0.170 0.069 1    
92:   0.130 0.145 0.150 0.144 0.117 0.314 1    
93:   0.279 0.150 0.163 0.156 0.181 0.071 1    
94:   0.426 0.102 0.115 0.113 0.216 0.027 1    
95:   0.434 0.098 0.113 0.114 0.210 0.030 1    
96:   0.460 0.091 0.101 0.100 0.221 0.027 1    
97:   0.311 0.145 0.146 0.137 0.212 0.048 1    
98:   0.297 0.148 0.170 0.160 0.191 0.034 1    
99:   0.155 0.130 0.144 0.127 0.129 0.315 1    
100:  0.073 0.136 0.129 0.124 0.100 0.437 1    
101:  0.258 0.152 0.147 0.148 0.232 0.062 1    
102:  0.109 0.205 0.216 0.213 0.151 0.106 1    
103:  0.199 0.182 0.164 0.169 0.223 0.062 1    
104:  0.392 0.113 0.131 0.120 0.218 0.026 1    
105:  0.125 0.218 0.198 0.202 0.184 0.074 1    
106:  0.122 0.203 0.204 0.186 0.135 0.151 1    
107:  0.209 0.160 0.149 0.161 0.207 0.114 1    
108:  0.167 0.174 0.165 0.166 0.191 0.137 1    
109:  0.271 0.130 0.154 0.143 0.185 0.117 1    
110:  0.227 0.155 0.155 0.144 0.173 0.146 1    
111:  0.428 0.096 0.116 0.106 0.208 0.047 1    
112:  0.344 0.142 0.146 0.142 0.183 0.043 1    
113:  0.055 0.063 0.065 0.060 0.054 0.702 1    
114:  0.134 0.238 0.200 0.196 0.191 0.041 1    
115:  0.211 0.161 0.171 0.172 0.162 0.123 1    
116:  0.126 0.197 0.192 0.182 0.161 0.141 1    
117:  0.150 0.232 0.204 0.203 0.168 0.042 1    
118:  0.139 0.197 0.196 0.212 0.210 0.046 1    
119:  0.146 0.174 0.177 0.176 0.167 0.160 1    
120:  0.091 0.130 0.134 0.122 0.100 0.423 1    
121:  0.028 0.032 0.034 0.031 0.031 0.844 1    
122:  0.159 0.198 0.168 0.182 0.225 0.068 1    
123:  0.076 0.118 0.113 0.113 0.087 0.494 1    
124:  0.334 0.120 0.136 0.127 0.202 0.080 1    
125:  0.290 0.147 0.152 0.138 0.182 0.092 1    
126:  0.157 0.193 0.164 0.196 0.254 0.036 1    
127:  0.151 0.137 0.148 0.146 0.127 0.290 1    
128:  0.182 0.181 0.187 0.195 0.183 0.071 1    
129:  0.293 0.127 0.144 0.141 0.179 0.116 1    
130:  0.134 0.228 0.213 0.219 0.161 0.045 1    
131:  0.131 0.189 0.192 0.188 0.145 0.154 1    
132:  0.147 0.208 0.198 0.213 0.194 0.039 1    
133:  0.052 0.070 0.068 0.067 0.070 0.674 1    
134:  0.192 0.190 0.222 0.208 0.151 0.037 1    
135:  0.099 0.225 0.240 0.243 0.132 0.061 1    
136:  0.160 0.130 0.134 0.132 0.133 0.312 1    
137:  0.151 0.178 0.173 0.177 0.187 0.134 1    
138:  0.220 0.183 0.184 0.187 0.203 0.024 1    
139:  0.158 0.197 0.182 0.189 0.198 0.075 1    
140:  0.196 0.183 0.167 0.171 0.224 0.059 1    
141:  0.043 0.059 0.063 0.060 0.053 0.722 1    
142:  0.133 0.174 0.177 0.180 0.145 0.190 1    
143:  0.160 0.177 0.174 0.153 0.179 0.157 1    
144:  0.103 0.214 0.227 0.228 0.127 0.102 1    
145:  0.358 0.133 0.141 0.135 0.202 0.032 1    
146:  0.234 0.164 0.171 0.175 0.184 0.072 1    
147:  0.267 0.157 0.155 0.160 0.200 0.061 1    
148:  0.125 0.224 0.213 0.207 0.162 0.067 1    
149:  0.124 0.178 0.187 0.170 0.147 0.193 1    
150:  0.299 0.142 0.155 0.140 0.170 0.094 1    
151:  0.179 0.123 0.133 0.124 0.135 0.306 1    
152:  0.143 0.200 0.154 0.191 0.285 0.026 1    
153:  0.148 0.164 0.166 0.166 0.130 0.226 1    
154:  0.160 0.172 0.193 0.178 0.161 0.136 1    
155:  0.065 0.107 0.107 0.104 0.076 0.541 1    
156:  0.171 0.204 0.206 0.196 0.163 0.060 1    
157:  0.122 0.213 0.220 0.216 0.158 0.071 1    
158:  0.173 0.180 0.179 0.180 0.194 0.094 1    
