  1:   0.2266  0.1712  0.1800  0.1768  0.1930  0.0522  1
  2:   0.1414  0.2144  0.2412  0.1686  0.1536  0.0806  1
  3:   0.2079  0.1615  0.1763  0.1691  0.1871  0.0982  1
  4:   0.1552  0.1792  0.1840  0.1632  0.1664  0.1520  1
  5:   0.1761  0.1839  0.1821  0.1825  0.1913  0.0840  1
  6:   0.2064  0.1820  0.1842  0.1786  0.1810  0.0678  1
  7:   0.2124  0.1602  0.1666  0.1720  0.1930  0.0958  1
  8:   0.1566  0.2010  0.2028  0.1800  0.1618  0.0980  1
  9:   0.1804  0.1802  0.1832  0.1718  0.1744  0.1100  1
 10:   0.1582  0.2084  0.1972  0.1982  0.1708  0.0670  1
 11:   0.1299  0.1645  0.1599  0.1533  0.1419  0.2506  1
 12:   0.2010  0.1238  0.1414  0.1370  0.1620  0.2348  1
 13:   0.1480  0.1956  0.1934  0.1702  0.1694  0.1236  1
 14:   0.0654  0.0674  0.0668  0.0640  0.0622  0.6741  1
 15:   0.1275  0.1687  0.1761  0.1527  0.1391  0.2359  1
 16:   0.1772  0.1890  0.1910  0.1800  0.1746  0.0884  1
 17:   0.0912  0.0964  0.0944  0.0928  0.0870  0.5381  1
 18:   0.1948  0.1844  0.1892  0.1792  0.1820  0.0706  1
 19:   0.1561  0.1659  0.1717  0.1557  0.1627  0.1881  1
 20:   0.2150  0.1544  0.1670  0.1658  0.1900  0.1076  1
 21:   0.0884  0.0870  0.0848  0.0852  0.0832  0.5713  1
 22:   0.1624  0.2002  0.2018  0.1802  0.1742  0.0812  1
 23:   0.1702  0.1934  0.2032  0.1832  0.1714  0.0786  1
 24:   0.2143  0.1703  0.1685  0.1855  0.1919  0.0694  1
 25:   0.1855  0.1837  0.1935  0.1735  0.1819  0.0820  1
 26:   0.1688  0.1842  0.1594  0.2254  0.2097  0.0524  1
 27:   0.1581  0.2079  0.1953  0.1915  0.1695  0.0778  1
 28:   0.1651  0.1921  0.1605  0.2259  0.2159  0.0404  1
 29:   0.1140  0.1607  0.1585  0.1335  0.1231  0.3101  1
 30:   0.1842  0.1746  0.1676  0.1892  0.1849  0.0994  1
 31:   0.1500  0.2068  0.2074  0.1806  0.1614  0.0940  1
 32:   0.1482  0.2080  0.1938  0.1862  0.1716  0.0924  1
 33:   0.1542  0.2078  0.1860  0.2176  0.1850  0.0496  1
 34:   0.1436  0.1902  0.2010  0.1560  0.1474  0.1616  1
 35:   0.1491  0.2213  0.2151  0.1977  0.1713  0.0456  1
 36:   0.1642  0.1784  0.1696  0.1838  0.1820  0.1222  1
 37:   0.1579  0.2009  0.1809  0.2159  0.1899  0.0544  1
 38:   0.1470  0.1874  0.1800  0.1740  0.1576  0.1542  1
 39:   0.1502  0.2044  0.1906  0.2008  0.1762  0.0780  1
 40:   0.0618  0.0596  0.0594  0.0586  0.0580  0.7027  1
 41:   0.1579  0.2015  0.1993  0.1917  0.1709  0.0788  1
 42:   0.1888  0.1828  0.1892  0.1852  0.1950  0.0590  1
 43:   0.1634  0.2104  0.1938  0.2070  0.1846  0.0410  1
 44:   0.1772  0.1844  0.1816  0.1842  0.1826  0.0900  1
 45:   0.1529  0.2257  0.2031  0.2081  0.1743  0.0360  1
 46:   0.1654  0.1932  0.1888  0.1950  0.1816  0.0762  1
 47:   0.1413  0.1977  0.1857  0.1827  0.1605  0.1323  1
 48:   0.2019  0.1651  0.1739  0.1661  0.1727  0.1204  1
 49:   0.1894  0.1932  0.1810  0.1998  0.1984  0.0380  1
 50:   0.1743  0.1943  0.1933  0.1839  0.1895  0.0648  1
 51:   0.1702  0.1806  0.1696  0.2076  0.2006  0.0714  1
 52:   0.1631  0.1693  0.1621  0.1833  0.1833  0.1387  1
 53:   0.1845  0.1921  0.2065  0.1839  0.1747  0.0584  1
 54:   0.1447  0.1973  0.1863  0.1799  0.1615  0.1303  1
 55:   0.1500  0.1630  0.1564  0.1652  0.1562  0.2094  1
 56:   0.1774  0.1934  0.1932  0.1910  0.1844  0.0608  1
 57:   0.1780  0.1760  0.1846  0.1756  0.1754  0.1104  1
 58:   0.1422  0.1762  0.1712  0.1658  0.1646  0.1802  1
 59:   0.1536  0.2212  0.2022  0.2045  0.1784  0.0402  1
 60:   0.1504  0.1886  0.1748  0.1800  0.1644  0.1420  1
 61:   0.1769  0.1759  0.1509  0.2237  0.2245  0.0480  1
 62:   0.1579  0.2147  0.1917  0.2115  0.1771  0.0470  1
 63:   0.1785  0.1845  0.1725  0.2059  0.2047  0.0540  1
 64:   0.1225  0.0968  0.1006  0.1032  0.1088  0.4680  1
 65:   0.1688  0.1956  0.1908  0.1952  0.1904  0.0592  1
 66:   0.1598  0.2142  0.1900  0.2134  0.1842  0.0382  1
 67:   0.2151  0.1735  0.1873  0.1827  0.1951  0.0464  1
 68:   0.1978  0.1738  0.1760  0.1814  0.1946  0.0764  1
 69:   0.1750  0.2004  0.2082  0.1860  0.1770  0.0536  1
 70:   0.1962  0.1694  0.1416  0.2262  0.2378  0.0288  1
 71:   0.1780  0.1984  0.2010  0.1914  0.1790  0.0520  1
 72:   0.1164  0.1507  0.1397  0.1385  0.1216  0.3331  1
 73:   0.1468  0.2154  0.2138  0.1884  0.1616  0.0738  1
 74:   0.1935  0.1717  0.1823  0.1711  0.1809  0.1005  1
 75:   0.2124  0.1696  0.1774  0.1658  0.1878  0.0870  1
 76:   0.1824  0.1892  0.1798  0.2046  0.1970  0.0470  1
 77:   0.1710  0.1842  0.1812  0.1708  0.1776  0.1152  1
 78:   0.2009  0.1859  0.1901  0.1877  0.1941  0.0414  1
 79:   0.1614  0.2052  0.1796  0.2128  0.1952  0.0458  1
 80:   0.2018  0.1794  0.1754  0.1994  0.1982  0.0460  1
 81:   0.2629  0.1422  0.1598  0.1680  0.2026  0.0644  1
 82:   0.0922  0.0868  0.0864  0.0840  0.0856  0.5650  1
 83:   0.1726  0.1772  0.1906  0.1620  0.1644  0.1332  1
 84:   0.0622  0.0646  0.0646  0.0616  0.0556  0.6914  1
 85:   0.1550  0.2112  0.1868  0.2028  0.1742  0.0702  1
 86:   0.2432  0.1463  0.1605  0.1615  0.2041  0.0844  1
 87:   0.1630  0.1990  0.1892  0.2090  0.1898  0.0502  1
 88:   0.2565  0.1508  0.1826  0.1650  0.1966  0.0484  1
 89:   0.1592  0.0634  0.0786  0.0900  0.1126  0.4963  1
 90:   0.2816  0.1336  0.1614  0.1627  0.2075  0.0532  1
 91:   0.1456  0.2168  0.1984  0.1924  0.1730  0.0736  1
 92:   0.1338  0.1464  0.1454  0.1318  0.1320  0.3106  1
 93:   0.2293  0.1587  0.1693  0.1735  0.1867  0.0824  1
 94:   0.3072  0.1190  0.1458  0.1630  0.2300  0.0350  1
 95:   0.3126  0.1167  0.1449  0.1665  0.2203  0.0390  1
 96:   0.3282  0.1072  0.1354  0.1590  0.2324  0.0378  1
 97:   0.2559  0.1466  0.1602  0.1726  0.2078  0.0568  1
 98:   0.2423  0.1633  0.1879  0.1717  0.1947  0.0402  1
 99:   0.1484  0.1338  0.1374  0.1296  0.1380  0.3127  1
100:   0.0966  0.1298  0.1252  0.1184  0.1090  0.4211  1
101:   0.2217  0.1583  0.1565  0.1893  0.2057  0.0686  1
102:   0.1402  0.2004  0.1980  0.1812  0.1636  0.1164  1
103:   0.1914  0.1756  0.1636  0.1964  0.2032  0.0700  1
104:   0.2924  0.1352  0.1614  0.1670  0.2094  0.0346  1
105:   0.1499  0.2097  0.1933  0.1991  0.1691  0.0788  1
106:   0.1475  0.1887  0.1967  0.1663  0.1537  0.1469  1
107:   0.1956  0.1622  0.1604  0.1776  0.1898  0.1146  1
108:   0.1674  0.1720  0.1694  0.1746  0.1766  0.1398  1
109:   0.2217  0.1421  0.1531  0.1599  0.1907  0.1323  1
110:   0.1948  0.1526  0.1628  0.1586  0.1782  0.1528  1
111:   0.3112  0.1144  0.1438  0.1578  0.2179  0.0548  1
112:   0.2576  0.1480  0.1676  0.1686  0.2052  0.0532  1
113:   0.0706  0.0680  0.0692  0.0646  0.0632  0.6642  1
114:   0.1572  0.2174  0.1958  0.2034  0.1808  0.0452  1
115:   0.1818  0.1660  0.1724  0.1676  0.1740  0.1380  1
116:   0.1452  0.1916  0.1916  0.1710  0.1574  0.1430  1
117:   0.1682  0.2128  0.2008  0.1942  0.1754  0.0486  1
118:   0.1675  0.2005  0.1843  0.2027  0.1927  0.0524  1
119:   0.1559  0.1729  0.1641  0.1651  0.1701  0.1721  1
120:   0.1098  0.1328  0.1318  0.1202  0.1106  0.3947  1
121:   0.0438  0.0360  0.0362  0.0360  0.0360  0.8121  1
122:   0.1706  0.1862  0.1742  0.2018  0.1968  0.0704  1
123:   0.0990  0.1172  0.1156  0.1054  0.0982  0.4646  1
124:   0.2571  0.1308  0.1554  0.1622  0.2050  0.0894  1
125:   0.2327  0.1519  0.1687  0.1607  0.1887  0.0972  1
126:   0.1758  0.1878  0.1656  0.2202  0.2080  0.0426  1
127:   0.1448  0.1422  0.1498  0.1314  0.1384  0.2934  1
128:   0.1796  0.1850  0.1872  0.1868  0.1850  0.0762  1
129:   0.2312  0.1376  0.1552  0.1612  0.1932  0.1214  1
130:   0.1580  0.2152  0.2158  0.1956  0.1672  0.0484  1
131:   0.1487  0.1829  0.1861  0.1673  0.1517  0.1633  1
132:   0.1626  0.2126  0.1972  0.2054  0.1776  0.0448  1
133:   0.0712  0.0740  0.0720  0.0732  0.0692  0.6405  1
134:   0.1904  0.1938  0.2118  0.1814  0.1790  0.0436  1
135:   0.1419  0.2219  0.2273  0.1851  0.1591  0.0648  1
136:   0.1505  0.1349  0.1391  0.1341  0.1399  0.3014  1
137:   0.1623  0.1729  0.1713  0.1761  0.1759  0.1417  1
138:   0.2075  0.1847  0.1885  0.1907  0.1975  0.0312  1
139:   0.1664  0.1944  0.1822  0.1928  0.1820  0.0822  1
140:   0.1897  0.1805  0.1765  0.1915  0.1979  0.0640  1
141:   0.0644  0.0668  0.0660  0.0644  0.0600  0.6784  1
142:   0.1424  0.1758  0.1706  0.1700  0.1492  0.1920  1
143:   0.1672  0.1716  0.1712  0.1680  0.1696  0.1526  1
144:   0.1386  0.2129  0.2131  0.1769  0.1529  0.1056  1
145:   0.2671  0.1462  0.1684  0.1698  0.2078  0.0408  1
146:   0.2113  0.1713  0.1771  0.1709  0.1903  0.0790  1
147:   0.2186  0.1610  0.1732  0.1748  0.2024  0.0698  1
148:   0.1555  0.2117  0.2081  0.1843  0.1703  0.0702  1
149:   0.1440  0.1742  0.1756  0.1644  0.1540  0.1878  1
150:   0.2278  0.1464  0.1592  0.1580  0.2017  0.1068  1
151:   0.1556  0.1252  0.1272  0.1268  0.1512  0.3140  1
152:   0.1696  0.1889  0.1569  0.2315  0.2225  0.0306  1
153:   0.1454  0.1572  0.1590  0.1450  0.1596  0.2340  1
154:   0.1664  0.1758  0.1836  0.1668  0.1670  0.1404  1
155:   0.0846  0.1058  0.1060  0.0916  0.0882  0.5237  1
156:   0.1812  0.1960  0.2038  0.1790  0.1732  0.0666  1
157:   0.1551  0.2075  0.2125  0.1823  0.1675  0.0750  1
158:   0.1805  0.1793  0.1761  0.1827  0.1835  0.0980  1
159:   0.1671  0.1913  0.1871  0.1835  0.1683  0.1028  1
160:   0.0772  0.0836  0.0878  0.0758  0.0754  0.6000  1
161:   0.1669  0.2004  0.1992  0.1867  0.1739  0.0729  1
162:   0.1640  0.1388  0.1416  0.1448  0.1588  0.2521  1
163:   0.1634  0.1930  0.1820  0.1928  0.1828  0.0858  1
164:   0.3305  0.1046  0.1446  0.1566  0.2269  0.0368  1
165:   0.2424  0.1468  0.1618  0.1622  0.2040  0.0826  1
166:   0.0742  0.0706  0.0716  0.0720  0.0694  0.6420  1
167:   0.1702  0.1764  0.1502  0.2138  0.2154  0.0740  1
168:   0.1521  0.1727  0.1637  0.1833  0.1731  0.1551  1
169:   0.1815  0.1827  0.1799  0.1821  0.1891  0.0846  1
170:   0.0536  0.0378  0.0378  0.0388  0.0398  0.7922  1
171:   0.1716  0.1972  0.1910  0.1894  0.1804  0.0706  1
172:   0.1681  0.1897  0.1755  0.1977  0.1875  0.0814  1
173:   0.0682  0.0598  0.0622  0.0590  0.0590  0.6917  1
174:   0.1993  0.1749  0.1779  0.1823  0.1967  0.0690  1
175:   0.1780  0.1916  0.1808  0.2004  0.1928  0.0562  1
176:   0.1544  0.2138  0.2082  0.1956  0.1768  0.0514  1
177:   0.1717  0.1815  0.1653  0.2081  0.1931  0.0804  1
178:   0.1524  0.1966  0.1914  0.1838  0.1732  0.1024  1
179:   0.1779  0.1795  0.1511  0.2281  0.2085  0.0548  1
180:   0.1585  0.1867  0.1791  0.1775  0.1659  0.1325  1
181:   0.1602  0.1404  0.1514  0.1354  0.1480  0.2647  1
182:   0.1972  0.1856  0.1950  0.1762  0.1764  0.0694  1
183:   0.0710  0.0594  0.0632  0.0598  0.0580  0.6885  1
184:   0.2197  0.1581  0.1653  0.1689  0.1911  0.0968  1
185:   0.0734  0.0692  0.0696  0.0654  0.0656  0.6569  1
186:   0.0756  0.0604  0.0608  0.0624  0.0642  0.6767  1
187:   0.1628  0.2096  0.2014  0.1912  0.1760  0.0592  1
188:   0.2686  0.1320  0.1592  0.1556  0.2050  0.0796  1
189:   0.1552  0.1584  0.1600  0.1560  0.1648  0.2054  1
190:   0.1544  0.2096  0.2188  0.1770  0.1706  0.0698  1
191:   0.1508  0.1850  0.1898  0.1676  0.1570  0.1498  1
192:   0.1562  0.2118  0.2290  0.1744  0.1576  0.0710  1
193:   0.2130  0.1678  0.1856  0.1700  0.1890  0.0746  1
194:   0.1579  0.1888  0.1883  0.1773  0.1625  0.1251  1
195:   0.1412  0.2212  0.2010  0.1990  0.1638  0.0740  1
196:   0.1012  0.0708  0.0744  0.0732  0.0814  0.5991  1
197:   0.1764  0.1914  0.1842  0.1948  0.1892  0.0642  1
198:   0.1134  0.0982  0.1006  0.0956  0.0994  0.4926  1
199:   0.1888  0.1852  0.1808  0.1938  0.1922  0.0592  1
200:   0.2930  0.1258  0.1474  0.1686  0.2166  0.0484  1
201:   0.1680  0.1990  0.1840  0.2040  0.1862  0.0590  1
202:   0.1757  0.2076  0.2098  0.1719  0.1739  0.0610  1
203:   0.1611  0.1823  0.1803  0.1909  0.1815  0.1039  1
204:   0.1783  0.1919  0.1787  0.2067  0.1981  0.0464  1
205:   0.1444  0.2192  0.1988  0.1966  0.1696  0.0714  1
206:   0.1486  0.2088  0.1982  0.1892  0.1584  0.0970  1
207:   0.1540  0.2048  0.2122  0.1758  0.1648  0.0884  1
208:   0.0920  0.1036  0.0988  0.1006  0.0912  0.5139  1
209:   0.1453  0.2231  0.2105  0.1887  0.1679  0.0646  1
210:   0.1702  0.1948  0.1934  0.1868  0.1950  0.0596  1
211:   0.0970  0.1152  0.1112  0.1094  0.0994  0.4679  1
212:   0.0871  0.0939  0.0927  0.0867  0.0845  0.5553  1
213:   0.1612  0.1896  0.1730  0.2016  0.1758  0.0988  1
214:   0.2341  0.1647  0.1739  0.1809  0.2049  0.0414  1
215:   0.2159  0.1655  0.1895  0.1765  0.1933  0.0592  1
216:   0.0796  0.0744  0.0768  0.0696  0.0740  0.6256  1
217:   0.1680  0.1548  0.1498  0.1746  0.1814  0.1716  1
218:   0.1437  0.1995  0.1947  0.1747  0.1611  0.1262  1
219:   0.1661  0.2001  0.1893  0.2117  0.1927  0.0400  1
220:   0.1462  0.2156  0.2170  0.1982  0.1750  0.0480  1
221:   0.1487  0.1743  0.1727  0.1665  0.1707  0.1669  1
222:   0.1408  0.2270  0.2123  0.1934  0.1674  0.0592  1
223:   0.2310  0.1538  0.1622  0.1664  0.1992  0.0876  1
224:   0.1781  0.1891  0.1677  0.2127  0.2149  0.0374  1
