  1:   0.6610  0.0460  0.2930  1
  2:   0.1570  0.5510  0.2920  1
  3:   0.1001  0.8519  0.0480  1
  4:   0.6770  0.0470  0.2760  1
  5:   0.8950  0.0500  0.0550  1
  6:   0.1080  0.8210  0.0710  1
  7:   0.1381  0.5886  0.2733  1
  8:   0.5700  0.0440  0.3860  1
  9:   0.2090  0.7610  0.0300  1
 10:   0.9030  0.0430  0.0540  1
 11:   0.0579  0.0410  0.9011  1
 12:   0.2867  0.4256  0.2877  1
 13:   0.2720  0.0710  0.6570  1
 14:   0.5140  0.3920  0.0940  1
 15:   0.3524  0.3544  0.2933  1
 16:   0.2480  0.0630  0.6890  1
 17:   0.0970  0.1130  0.7900  1
 18:   0.5170  0.1570  0.3260  1
 19:   0.3270  0.4300  0.2430  1
 20:   0.5576  0.2723  0.1702  1
 21:   0.7423  0.0999  0.1578  1
 22:   0.7070  0.1550  0.1380  1
 23:   0.0490  0.8382  0.1129  1
 24:   0.1942  0.7558  0.0501  1
 25:   0.1020  0.0500  0.8480  1
 26:   0.1040  0.8120  0.0840  1
 27:   0.6136  0.0420  0.3443  1
 28:   0.3740  0.1620  0.4640  1
 29:   0.2583  0.6947  0.0470  1
 30:   0.5570  0.1710  0.2720  1
 31:   0.1350  0.1370  0.7280  1
 32:   0.5060  0.2370  0.2570  1
 33:   0.1600  0.2600  0.5800  1
 34:   0.2840  0.2610  0.4550  1
 35:   0.7600  0.1800  0.0600  1
 36:   0.2060  0.7330  0.0610  1
 37:   0.0870  0.1350  0.7780  1
 38:   0.4750  0.4600  0.0650  1
 39:   0.5530  0.1610  0.2860  1
 40:   0.1180  0.0530  0.8290  1
 41:   0.5185  0.4146  0.0669  1
 42:   0.0620  0.1820  0.7560  1
 43:   0.0300  0.8800  0.0900  1
 44:   0.0340  0.7898  0.1762  1
 45:   0.5425  0.0671  0.3904  1
 46:   0.0520  0.6920  0.2560  1
 47:   0.5730  0.0900  0.3370  1
 48:   0.2200  0.6910  0.0890  1
 49:   0.6480  0.2160  0.1360  1
 50:   0.8240  0.0580  0.1180  1
 51:   0.5760  0.1970  0.2270  1
 52:   0.1260  0.0670  0.8070  1
 53:   0.7157  0.1852  0.0991  1
 54:   0.4975  0.2038  0.2987  1
 55:   0.1461  0.1381  0.7157  1
 56:   0.2042  0.6076  0.1882  1
 57:   0.1260  0.8320  0.0420  1
 58:   0.0930  0.8790  0.0280  1
 59:   0.3270  0.6260  0.0470  1
 60:   0.2990  0.6040  0.0970  1
 61:   0.0430  0.0230  0.9339  1
 62:   0.0550  0.9120  0.0330  1
 63:   0.6780  0.0660  0.2560  1
 64:   0.7150  0.1700  0.1150  1
 65:   0.4450  0.2340  0.3210  1
 66:   0.8110  0.0760  0.1130  1
 67:   0.0751  0.6797  0.2452  1
 68:   0.0989  0.8581  0.0430  1
 69:   0.7010  0.0170  0.2820  1
 70:   0.0230  0.9479  0.0290  1
 71:   0.5025  0.4414  0.0561  1
 72:   0.2927  0.6454  0.0619  1
 73:   0.4825  0.0649  0.4525  1
 74:   0.6460  0.0860  0.2680  1
 75:   0.0740  0.0380  0.8880  1
 76:   0.1170  0.7910  0.0920  1
 77:   0.2510  0.6740  0.0750  1
 78:   0.0730  0.0580  0.8690  1
 79:   0.0789  0.0480  0.8731  1
 80:   0.0989  0.8631  0.0380  1
 81:   0.8880  0.0520  0.0600  1
 82:   0.4900  0.0830  0.4270  1
 83:   0.2310  0.7100  0.0590  1
 84:   0.3680  0.4610  0.1710  1
 85:   0.5980  0.1230  0.2790  1
 86:   0.1920  0.6750  0.1330  1
 87:   0.3180  0.5630  0.1190  1
 88:   0.2960  0.5390  0.1650  1
 89:   0.0430  0.0470  0.9100  1
 90:   0.0881  0.7608  0.1512  1
 91:   0.2890  0.0340  0.6770  1
 92:   0.0950  0.8200  0.0850  1
 93:   0.6570  0.1850  0.1580  1
 94:   0.8070  0.1070  0.0860  1
 95:   0.4490  0.4490  0.1020  1
 96:   0.2040  0.0790  0.7170  1
 97:   0.0440  0.8549  0.1011  1
 98:   0.1542  0.1481  0.6977  1
 99:   0.2420  0.2260  0.5320  1
100:   0.0750  0.0310  0.8940  1
101:   0.1602  0.7908  0.0490  1
102:   0.7952  0.0779  0.1269  1
103:   0.1840  0.7300  0.0860  1
104:   0.0450  0.0320  0.9230  1
105:   0.0530  0.0270  0.9200  1
106:   0.8310  0.1270  0.0420  1
107:   0.8470  0.0800  0.0730  1
108:   0.0850  0.0200  0.8950  1
109:   0.0541  0.0571  0.8889  1
110:   0.1481  0.4695  0.3824  1
111:   0.1670  0.0410  0.7920  1
112:   0.6490  0.1140  0.2370  1
113:   0.0680  0.5830  0.3490  1
114:   0.0660  0.1390  0.7950  1
115:   0.8929  0.0320  0.0751  1
116:   0.7902  0.0370  0.1728  1
117:   0.1000  0.8480  0.0520  1
118:   0.5290  0.0660  0.4050  1
119:   0.1280  0.0670  0.8050  1
120:   0.5415  0.3473  0.1111  1
121:   0.1980  0.7520  0.0500  1
122:   0.2470  0.5410  0.2120  1
123:   0.0509  0.8791  0.0699  1
124:   0.1120  0.8260  0.0620  1
125:   0.2208  0.5065  0.2727  1
126:   0.2683  0.6496  0.0821  1
127:   0.4670  0.3380  0.1950  1
128:   0.1928  0.0470  0.7602  1
129:   0.2480  0.4730  0.2790  1
130:   0.6090  0.3350  0.0560  1
131:   0.0770  0.5360  0.3870  1
132:   0.6320  0.1460  0.2220  1
133:   0.0420  0.0350  0.9231  1
134:   0.4470  0.4840  0.0690  1
135:   0.4460  0.4840  0.0700  1
136:   0.6280  0.1620  0.2100  1
137:   0.7420  0.1260  0.1320  1
138:   0.1399  0.0819  0.7782  1
139:   0.5335  0.0941  0.3724  1
140:   0.1692  0.7878  0.0430  1
141:   0.5540  0.2420  0.2040  1
142:   0.1380  0.0480  0.8140  1
143:   0.4460  0.4340  0.1200  1
144:   0.5720  0.3210  0.1070  1
145:   0.1250  0.7390  0.1360  1
146:   0.3916  0.5165  0.0919  1
147:   0.1281  0.5986  0.2733  1
148:   0.1140  0.8270  0.0590  1
149:   0.0750  0.0940  0.8310  1
150:   0.3820  0.1500  0.4680  1
151:   0.0450  0.0320  0.9230  1
152:   0.2202  0.7467  0.0330  1
153:   0.1610  0.0300  0.8090  1
154:   0.5195  0.2993  0.1812  1
155:   0.4720  0.4730  0.0550  1
156:   0.5210  0.2770  0.2020  1
157:   0.0980  0.7340  0.1680  1
158:   0.3940  0.3280  0.2780  1
159:   0.7150  0.1750  0.1100  1
160:   0.6000  0.0500  0.3500  1
161:   0.4970  0.0850  0.4180  1
162:   0.2573  0.6797  0.0631  1
163:   0.1698  0.5534  0.2767  1
164:   0.5756  0.0581  0.3664  1
165:   0.2310  0.3780  0.3910  1
166:   0.3680  0.0880  0.5440  1
167:   0.2583  0.2322  0.5095  1
168:   0.5140  0.2520  0.2340  1
169:   0.6640  0.0450  0.2910  1
170:   0.7940  0.1340  0.0720  1
171:   0.1030  0.7190  0.1780  1
172:   0.0850  0.0330  0.8820  1
173:   0.1461  0.0270  0.8268  1
174:   0.3070  0.3360  0.3570  1
175:   0.2402  0.5736  0.1862  1
176:   0.8540  0.0920  0.0540  1
177:   0.3023  0.4905  0.2072  1
178:   0.1291  0.0721  0.7988  1
179:   0.1369  0.1329  0.7303  1
180:   0.8910  0.0510  0.0580  1
181:   0.6440  0.1560  0.2000  1
182:   0.0540  0.0710  0.8750  1
183:   0.5410  0.0390  0.4200  1
184:   0.3310  0.2150  0.4540  1
185:   0.4474  0.1712  0.3814  1
186:   0.7470  0.1140  0.1390  1
187:   0.1460  0.8040  0.0500  1
188:   0.5814  0.0290  0.3896  1
189:   0.3510  0.4490  0.2000  1
190:   0.6090  0.2310  0.1600  1
191:   0.1010  0.0510  0.8480  1
192:   0.3140  0.4440  0.2420  1
193:   0.4110  0.2360  0.3530  1
194:   0.4196  0.5105  0.0699  1
195:   0.0790  0.0550  0.8660  1
196:   0.8720  0.0780  0.0500  1
197:   0.2800  0.5460  0.1740  1
198:   0.0831  0.0521  0.8649  1
199:   0.0650  0.7580  0.1770  1
200:   0.0380  0.0520  0.9100  1
201:   0.9339  0.0260  0.0400  1
202:   0.0800  0.8430  0.0770  1
203:   0.2890  0.6590  0.0520  1
204:   0.1890  0.4340  0.3770  1
205:   0.0330  0.9100  0.0570  1
206:   0.1598  0.7832  0.0569  1
207:   0.2980  0.0650  0.6370  1
208:   0.0380  0.0360  0.9260  1
209:   0.1361  0.1011  0.7628  1
210:   0.3050  0.5600  0.1350  1
211:   0.1180  0.0520  0.8300  1
212:   0.0670  0.0340  0.8990  1
213:   0.4890  0.4090  0.1020  1
214:   0.3153  0.6567  0.0280  1
215:   0.1560  0.0570  0.7870  1
216:   0.1070  0.0430  0.8500  1
217:   0.2030  0.7290  0.0680  1
218:   0.0710  0.7830  0.1460  1
219:   0.2620  0.0220  0.7160  1
220:   0.2997  0.4515  0.2488  1
221:   0.4490  0.5060  0.0450  1
222:   0.6410  0.2000  0.1590  1
223:   0.3070  0.6310  0.0620  1
224:   0.3180  0.3420  0.3400  1
225:   0.8478  0.0651  0.0871  1
226:   0.4040  0.1710  0.4250  1
227:   0.0340  0.9220  0.0440  1
228:   0.1030  0.6830  0.2140  1
229:   0.4166  0.0989  0.4845  1
230:   0.1299  0.2478  0.6224  1
231:   0.0600  0.0270  0.9130  1
232:   0.0700  0.2290  0.7010  1
233:   0.1820  0.0400  0.7780  1
234:   0.0570  0.0630  0.8800  1
235:   0.8789  0.0761  0.0450  1
236:   0.2160  0.7230  0.0610  1
237:   0.0849  0.0719  0.8432  1
238:   0.4200  0.5340  0.0460  1
239:   0.3210  0.3790  0.3000  1
240:   0.4770  0.4320  0.0910  1
241:   0.6820  0.1470  0.1710  1
242:   0.4790  0.1270  0.3940  1
243:   0.1290  0.4210  0.4500  1
244:   0.0650  0.8640  0.0710  1
245:   0.1620  0.0310  0.8070  1
246:   0.1020  0.1830  0.7150  1
247:   0.7150  0.0950  0.1900  1
248:   0.7990  0.0900  0.1110  1
249:   0.0739  0.0480  0.8781  1
250:   0.7300  0.1110  0.1590  1
251:   0.0420  0.0310  0.9270  1
252:   0.3906  0.4545  0.1548  1
253:   0.0610  0.8900  0.0490  1
254:   0.6920  0.2550  0.0530  1
255:   0.0980  0.1840  0.7180  1
256:   0.2372  0.7187  0.0440  1
257:   0.2840  0.0600  0.6560  1
258:   0.7640  0.0320  0.2040  1
259:   0.6557  0.0250  0.3193  1
260:   0.5490  0.3640  0.0870  1
261:   0.1080  0.8190  0.0730  1
262:   0.1010  0.7830  0.1160  1
263:   0.5954  0.2997  0.1049  1
264:   0.0480  0.9071  0.0450  1
265:   0.4070  0.3900  0.2030  1
266:   0.8140  0.1120  0.0740  1
267:   0.0989  0.0380  0.8631  1
268:   0.0600  0.0790  0.8610  1
269:   0.6580  0.1060  0.2360  1
270:   0.8840  0.0510  0.0650  1
271:   0.0740  0.8600  0.0660  1
272:   0.1080  0.7400  0.1520  1
273:   0.0660  0.0500  0.8840  1
274:   0.9009  0.0440  0.0551  1
275:   0.2430  0.1800  0.5770  1
276:   0.7240  0.1200  0.1560  1
277:   0.3310  0.6240  0.0450  1
278:   0.2220  0.2320  0.5460  1
279:   0.5045  0.4464  0.0490  1
280:   0.4940  0.3980  0.1080  1
281:   0.0610  0.0340  0.9050  1
282:   0.1369  0.8292  0.0340  1
283:   0.1321  0.4384  0.4294  1
284:   0.2338  0.1868  0.5794  1
285:   0.2208  0.3646  0.4146  1
286:   0.3520  0.4870  0.1610  1
287:   0.0659  0.8641  0.0699  1
288:   0.3320  0.5840  0.0840  1
289:   0.4070  0.0500  0.5430  1
290:   0.0860  0.8600  0.0540  1
291:   0.0970  0.8760  0.0270  1
292:   0.0580  0.2410  0.7010  1
293:   0.2200  0.0280  0.7520  1
294:   0.3964  0.5375  0.0661  1
295:   0.0780  0.8060  0.1160  1
296:   0.1250  0.8130  0.0620  1
297:   0.1050  0.5810  0.3140  1
298:   0.6930  0.0200  0.2870  1
299:   0.6890  0.1810  0.1300  1
300:   0.8430  0.0270  0.1300  1
301:   0.3750  0.4860  0.1390  1
302:   0.8600  0.0310  0.1090  1
303:   0.4260  0.5340  0.0400  1
304:   0.8420  0.0690  0.0890  1
305:   0.4870  0.1840  0.3290  1
306:   0.5175  0.1101  0.3724  1
307:   0.4414  0.3313  0.2272  1
308:   0.5800  0.1310  0.2890  1
309:   0.7500  0.0810  0.1690  1
310:   0.1130  0.0330  0.8540  1
311:   0.1842  0.0521  0.7638  1
312:   0.9230  0.0200  0.0570  1
313:   0.0730  0.8500  0.0770  1
314:   0.5360  0.0800  0.3840  1
315:   0.7740  0.0370  0.1890  1
316:   0.0550  0.0450  0.9000  1
317:   0.1350  0.0500  0.8150  1
318:   0.7900  0.0750  0.1350  1
319:   0.0440  0.0280  0.9280  1
320:   0.7043  0.0609  0.2348  1
321:   0.1241  0.6146  0.2613  1
322:   0.5660  0.0970  0.3370  1
323:   0.3210  0.6060  0.0730  1
324:   0.5660  0.0510  0.3830  1
325:   0.0630  0.0390  0.8980  1
326:   0.2408  0.6603  0.0989  1
327:   0.0900  0.1130  0.7970  1
328:   0.4740  0.4590  0.0670  1
329:   0.5810  0.3710  0.0480  1
330:   0.2060  0.7370  0.0570  1
331:   0.3900  0.0670  0.5430  1
332:   0.2050  0.7370  0.0580  1
333:   0.4290  0.1560  0.4150  1
334:   0.0919  0.0410  0.8671  1
335:   0.1170  0.0390  0.8440  1
336:   0.4680  0.4310  0.1010  1
337:   0.4236  0.2128  0.3636  1
338:   0.5360  0.3800  0.0840  1
339:   0.0480  0.0440  0.9080  1
340:   0.1440  0.7690  0.0870  1
341:   0.2883  0.6597  0.0521  1
342:   0.0410  0.8140  0.1450  1
343:   0.4550  0.0570  0.4880  1
344:   0.6026  0.2152  0.1822  1
345:   0.0420  0.0440  0.9140  1
346:   0.6350  0.0680  0.2970  1
347:   0.3900  0.0890  0.5210  1
348:   0.1602  0.1081  0.7317  1
349:   0.1400  0.0780  0.7820  1
350:   0.1748  0.0769  0.7483  1
351:   0.3720  0.4190  0.2090  1
352:   0.1658  0.7502  0.0839  1
353:   0.0940  0.0520  0.8540  1
354:   0.1449  0.2527  0.6024  1
355:   0.2450  0.1520  0.6030  1
356:   0.6690  0.0420  0.2890  1
357:   0.0530  0.8630  0.0840  1
358:   0.8090  0.0700  0.1210  1
359:   0.4730  0.3580  0.1690  1
360:   0.0650  0.8070  0.1280  1
361:   0.8280  0.1310  0.0410  1
362:   0.2850  0.6100  0.1050  1
363:   0.4300  0.5270  0.0430  1
364:   0.4080  0.2760  0.3160  1
365:   0.4990  0.0710  0.4300  1
366:   0.6370  0.2240  0.1390  1
367:   0.7027  0.1041  0.1932  1
368:   0.4244  0.2152  0.3604  1
369:   0.0730  0.8740  0.0530  1
370:   0.2402  0.1491  0.6106  1
371:   0.0760  0.8140  0.1100  1
372:   0.0800  0.8200  0.1000  1
373:   0.3170  0.4430  0.2400  1
374:   0.6830  0.0770  0.2400  1
375:   0.0501  0.8839  0.0661  1
376:   0.0590  0.0780  0.8630  1
377:   0.5340  0.0910  0.3750  1
378:   0.5530  0.0860  0.3610  1
379:   0.0910  0.0680  0.8410  1
380:   0.2080  0.3190  0.4730  1
381:   0.5335  0.3684  0.0981  1
382:   0.0590  0.7250  0.2160  1
383:   0.3020  0.6330  0.0650  1
384:   0.6174  0.1778  0.2048  1
385:   0.1370  0.0420  0.8210  1
386:   0.3660  0.5170  0.1170  1
387:   0.1898  0.7812  0.0290  1
388:   0.2680  0.6050  0.1270  1
389:   0.0770  0.2020  0.7210  1
390:   0.0911  0.7928  0.1161  1
391:   0.2990  0.1880  0.5130  1
392:   0.6340  0.3050  0.0610  1
393:   0.3190  0.3410  0.3400  1
394:   0.1932  0.0440  0.7628  1
395:   0.4286  0.5025  0.0689  1
396:   0.1912  0.6186  0.1902  1
397:   0.1090  0.8520  0.0390  1
398:   0.7497  0.1712  0.0791  1
399:   0.1320  0.7380  0.1300  1
400:   0.2298  0.6314  0.1389  1
401:   0.3846  0.5684  0.0470  1
402:   0.0581  0.0641  0.8779  1
403:   0.7260  0.1750  0.0990  1
404:   0.4110  0.0640  0.5250  1
405:   0.1360  0.0760  0.7880  1
406:   0.0650  0.8380  0.0970  1
407:   0.0590  0.8270  0.1140  1
408:   0.7672  0.0380  0.1948  1
409:   0.3846  0.2857  0.3297  1
410:   0.1090  0.8590  0.0320  1
411:   0.2763  0.6336  0.0901  1
412:   0.5340  0.0830  0.3830  1
413:   0.1950  0.1160  0.6890  1
414:   0.3280  0.2820  0.3900  1
415:   0.5874  0.0719  0.3407  1
416:   0.0480  0.0410  0.9110  1
417:   0.1410  0.7600  0.0990  1
418:   0.3140  0.3480  0.3380  1
419:   0.1538  0.5724  0.2737  1
420:   0.3690  0.5690  0.0620  1
421:   0.2110  0.1690  0.6200  1
422:   0.4254  0.1672  0.4074  1
423:   0.4100  0.5600  0.0300  1
424:   0.6294  0.0509  0.3197  1
425:   0.1630  0.7770  0.0600  1
426:   0.2200  0.1800  0.6000  1
427:   0.2523  0.4935  0.2543  1
428:   0.1650  0.7630  0.0720  1
429:   0.2488  0.6943  0.0569  1
430:   0.9090  0.0350  0.0560  1
431:   0.5710  0.3290  0.1000  1
432:   0.0880  0.0560  0.8560  1
433:   0.0690  0.7860  0.1450  1
434:   0.2060  0.0620  0.7320  1
435:   0.4470  0.0970  0.4560  1
436:   0.1049  0.5884  0.3067  1
437:   0.5980  0.1000  0.3020  1
438:   0.3794  0.0641  0.5566  1
439:   0.3600  0.4740  0.1660  1
440:   0.6314  0.0430  0.3257  1
441:   0.0699  0.0759  0.8541  1
442:   0.4190  0.4370  0.1440  1
443:   0.0540  0.7890  0.1570  1
444:   0.3430  0.5960  0.0610  1
445:   0.4820  0.4040  0.1140  1
446:   0.0651  0.0360  0.8989  1
447:   0.3230  0.6010  0.0760  1
448:   0.8350  0.0550  0.1100  1
449:   0.5826  0.0430  0.3744  1
450:   0.0340  0.0410  0.9250  1
451:   0.0460  0.0350  0.9190  1
452:   0.0540  0.8800  0.0660  1
453:   0.0769  0.0440  0.8791  1
454:   0.2710  0.0700  0.6590  1
455:   0.1780  0.7270  0.0950  1
456:   0.0501  0.0470  0.9029  1
457:   0.4655  0.1129  0.4216  1
458:   0.1980  0.7560  0.0460  1
459:   0.0589  0.0739  0.8671  1
460:   0.0730  0.8930  0.0340  1
461:   0.5320  0.0580  0.4100  1
462:   0.0640  0.0480  0.8880  1
463:   0.1800  0.0530  0.7670  1
464:   0.1540  0.7790  0.0670  1
465:   0.0871  0.0410  0.8719  1
466:   0.1080  0.8140  0.0780  1
467:   0.0440  0.8580  0.0980  1
468:   0.4710  0.4090  0.1200  1
469:   0.0230  0.9310  0.0460  1
470:   0.4710  0.0790  0.4500  1
471:   0.5035  0.4246  0.0719  1
472:   0.4230  0.4460  0.1310  1
473:   0.4580  0.4550  0.0870  1
474:   0.1672  0.7798  0.0531  1
475:   0.8519  0.1211  0.0270  1
476:   0.0929  0.0440  0.8631  1
477:   0.7100  0.2380  0.0520  1
478:   0.5900  0.0590  0.3510  1
479:   0.0930  0.8490  0.0580  1
480:   0.0790  0.7710  0.1500  1
481:   0.6400  0.2030  0.1570  1
482:   0.5640  0.0560  0.3800  1
483:   0.2660  0.5940  0.1400  1
484:   0.0620  0.8930  0.0450  1
485:   0.0610  0.8630  0.0760  1
486:   0.0310  0.0440  0.9250  1
487:   0.1091  0.8038  0.0871  1
488:   0.2663  0.6426  0.0911  1
489:   0.5255  0.0400  0.4344  1
490:   0.4370  0.1550  0.4080  1
491:   0.0809  0.7063  0.2128  1
492:   0.0680  0.8460  0.0860  1

  1:   0.6034  0.0480  0.3487  1
  2:   0.1470  0.6000  0.2530  1
  3:   0.1119  0.8402  0.0480  1
  4:   0.6200  0.0430  0.3370  1
  5:   0.8780  0.0580  0.0640  1
  6:   0.1180  0.8100  0.0720  1
  7:   0.1560  0.6010  0.2430  1
  8:   0.5050  0.0430  0.4520  1
  9:   0.2537  0.7163  0.0300  1
 10:   0.9020  0.0390  0.0590  1
 11:   0.0720  0.0410  0.8870  1
 12:   0.2597  0.4496  0.2907  1
 13:   0.2420  0.0770  0.6810  1
 14:   0.5040  0.4000  0.0960  1
 15:   0.3950  0.3280  0.2770  1
 16:   0.2110  0.0620  0.7270  1
 17:   0.1030  0.1360  0.7610  1
 18:   0.4390  0.1720  0.3890  1
 19:   0.3634  0.4244  0.2122  1
 20:   0.5435  0.2597  0.1968  1
 21:   0.7400  0.1040  0.1560  1
 22:   0.7470  0.1180  0.1350  1
 23:   0.0490  0.8530  0.0980  1
 24:   0.2180  0.7440  0.0380  1
 25:   0.1049  0.0480  0.8472  1
 26:   0.1110  0.8160  0.0730  1
 27:   0.6190  0.0390  0.3420  1
 28:   0.4200  0.1500  0.4300  1
 29:   0.2540  0.7010  0.0450  1
 30:   0.5940  0.1710  0.2350  1
 31:   0.1640  0.1440  0.6920  1
 32:   0.5375  0.2142  0.2482  1
 33:   0.1730  0.2660  0.5610  1
 34:   0.2890  0.2660  0.4450  1
 35:   0.7340  0.2050  0.0610  1
 36:   0.2180  0.7240  0.0580  1
 37:   0.0930  0.1360  0.7710  1
 38:   0.5280  0.4190  0.0530  1
 39:   0.5395  0.1341  0.3263  1
 40:   0.1310  0.0560  0.8130  1
 41:   0.5340  0.4040  0.0620  1
 42:   0.0731  0.1882  0.7387  1
 43:   0.0280  0.9189  0.0531  1
 44:   0.0370  0.8282  0.1349  1
 45:   0.4750  0.0620  0.4630  1
 46:   0.0530  0.7400  0.2070  1
 47:   0.5090  0.0930  0.3980  1
 48:   0.2392  0.6737  0.0871  1
 49:   0.6600  0.2140  0.1260  1
 50:   0.8150  0.0570  0.1280  1
 51:   0.5310  0.2170  0.2520  1
 52:   0.1320  0.0710  0.7970  1
 53:   0.7480  0.1500  0.1020  1
 54:   0.4330  0.2160  0.3510  1
 55:   0.1520  0.1440  0.7040  1
 56:   0.2250  0.6140  0.1610  1
 57:   0.1280  0.8370  0.0350  1
 58:   0.0950  0.8780  0.0270  1
 59:   0.3580  0.5920  0.0500  1
 60:   0.3500  0.5610  0.0890  1
 61:   0.0520  0.0230  0.9250  1
 62:   0.0580  0.9090  0.0330  1
 63:   0.6270  0.0660  0.3070  1
 64:   0.6947  0.1832  0.1221  1
 65:   0.4430  0.2500  0.3070  1
 66:   0.8050  0.0710  0.1240  1
 67:   0.0760  0.7230  0.2010  1
 68:   0.0930  0.8650  0.0420  1
 69:   0.6350  0.0160  0.3490  1
 70:   0.0240  0.9570  0.0190  1
 71:   0.5280  0.4200  0.0520  1
 72:   0.3030  0.6300  0.0670  1
 73:   0.3990  0.0680  0.5330  1
 74:   0.6830  0.0580  0.2590  1
 75:   0.0850  0.0360  0.8790  1
 76:   0.1190  0.7990  0.0820  1
 77:   0.2740  0.6450  0.0810  1
 78:   0.0860  0.0610  0.8530  1
 79:   0.0670  0.0460  0.8870  1
 80:   0.0930  0.8720  0.0350  1
 81:   0.8769  0.0531  0.0701  1
 82:   0.5065  0.1011  0.3924  1
 83:   0.2470  0.6960  0.0570  1
 84:   0.3730  0.4550  0.1720  1
 85:   0.5430  0.1220  0.3350  1
 86:   0.1830  0.6780  0.1390  1
 87:   0.3067  0.5764  0.1169  1
 88:   0.3190  0.5300  0.1510  1
 89:   0.0500  0.0460  0.9040  1
 90:   0.0810  0.8080  0.1110  1
 91:   0.3053  0.0290  0.6657  1
 92:   0.0910  0.8320  0.0770  1
 93:   0.6700  0.1810  0.1490  1
 94:   0.8170  0.0930  0.0900  1
 95:   0.4805  0.3966  0.1229  1
 96:   0.2078  0.0719  0.7203  1
 97:   0.0410  0.8920  0.0670  1
 98:   0.1620  0.1440  0.6940  1
 99:   0.2690  0.2300  0.5010  1
100:   0.0670  0.0310  0.9020  1
101:   0.2030  0.7440  0.0530  1
102:   0.8050  0.0700  0.1250  1
103:   0.2140  0.7050  0.0810  1
104:   0.0520  0.0320  0.9160  1
105:   0.0420  0.0300  0.9280  1
106:   0.8488  0.1101  0.0410  1
107:   0.8430  0.0790  0.0780  1
108:   0.0730  0.0190  0.9080  1
109:   0.0650  0.0580  0.8770  1
110:   0.1469  0.5205  0.3327  1
111:   0.1880  0.0430  0.7690  1
112:   0.5990  0.1190  0.2820  1
113:   0.0680  0.6110  0.3210  1
114:   0.0750  0.1790  0.7460  1
115:   0.8801  0.0310  0.0889  1
116:   0.7440  0.0380  0.2180  1
117:   0.1020  0.8500  0.0480  1
118:   0.4650  0.0710  0.4640  1
119:   0.1440  0.0620  0.7940  1
120:   0.5450  0.3490  0.1060  1
121:   0.2208  0.7293  0.0500  1
122:   0.2563  0.5696  0.1742  1
123:   0.0470  0.9040  0.0490  1
124:   0.1230  0.8170  0.0600  1
125:   0.1950  0.5640  0.2410  1
126:   0.2690  0.6440  0.0870  1
127:   0.4810  0.3360  0.1830  1
128:   0.2010  0.0470  0.7520  1
129:   0.2620  0.5110  0.2270  1
130:   0.6610  0.2810  0.0580  1
131:   0.0810  0.5920  0.3270  1
132:   0.6410  0.1330  0.2260  1
133:   0.0470  0.0360  0.9170  1
134:   0.4760  0.4650  0.0590  1
135:   0.4935  0.4376  0.0689  1
136:   0.5690  0.1760  0.2550  1
137:   0.7470  0.1240  0.1290  1
138:   0.1429  0.0899  0.7672  1
139:   0.4620  0.1000  0.4380  1
140:   0.1970  0.7580  0.0450  1
141:   0.6070  0.2100  0.1830  1
142:   0.1548  0.0430  0.8022  1
143:   0.4490  0.4180  0.1330  1
144:   0.6150  0.2880  0.0970  1
145:   0.1250  0.7640  0.1110  1
146:   0.4740  0.4410  0.0850  1
147:   0.1271  0.6326  0.2402  1
148:   0.1110  0.8340  0.0550  1
149:   0.0890  0.0980  0.8130  1
150:   0.4320  0.1350  0.4330  1
151:   0.0560  0.0330  0.9110  1
152:   0.2388  0.7273  0.0340  1
153:   0.1550  0.0300  0.8150  1
154:   0.5260  0.2950  0.1790  1
155:   0.4950  0.4470  0.0580  1
156:   0.5350  0.2540  0.2110  1
157:   0.0960  0.7500  0.1540  1
158:   0.3870  0.3500  0.2630  1
159:   0.6970  0.1850  0.1180  1
160:   0.5330  0.0510  0.4160  1
161:   0.4240  0.0810  0.4950  1
162:   0.2840  0.6520  0.0640  1
163:   0.1950  0.5580  0.2470  1
164:   0.5030  0.0620  0.4350  1
165:   0.2370  0.3750  0.3880  1
166:   0.3726  0.0979  0.5295  1
167:   0.2923  0.2092  0.4985  1
168:   0.5030  0.2300  0.2670  1
169:   0.6140  0.0430  0.3430  1
170:   0.7880  0.1400  0.0720  1
171:   0.0970  0.7580  0.1450  1
172:   0.0810  0.0330  0.8860  1
173:   0.1570  0.0280  0.8150  1
174:   0.3030  0.3390  0.3580  1
175:   0.2200  0.6120  0.1680  1
176:   0.8609  0.0871  0.0521  1
177:   0.3030  0.5020  0.1950  1
178:   0.1270  0.0750  0.7980  1
179:   0.1490  0.1350  0.7160  1
180:   0.8940  0.0500  0.0560  1
181:   0.6610  0.1630  0.1760  1
182:   0.0560  0.0700  0.8740  1
183:   0.4480  0.0400  0.5120  1
184:   0.3320  0.2220  0.4460  1
185:   0.4505  0.1712  0.3784  1
186:   0.7620  0.1010  0.1370  1
187:   0.1778  0.7722  0.0500  1
188:   0.5125  0.0300  0.4575  1
189:   0.3360  0.4650  0.1990  1
190:   0.6324  0.2088  0.1588  1
191:   0.1010  0.0540  0.8450  1
192:   0.2690  0.4600  0.2710  1
193:   0.4190  0.2250  0.3560  1
194:   0.4885  0.4414  0.0701  1
195:   0.0880  0.0610  0.8510  1
196:   0.8771  0.0729  0.0500  1
197:   0.2993  0.5245  0.1762  1
198:   0.0699  0.0519  0.8781  1
199:   0.0661  0.7848  0.1491  1
200:   0.0450  0.0580  0.8970  1
201:   0.9260  0.0270  0.0470  1
202:   0.0821  0.8448  0.0731  1
203:   0.3310  0.6170  0.0520  1
204:   0.1990  0.4450  0.3560  1
205:   0.0350  0.9270  0.0380  1
206:   0.1840  0.7620  0.0540  1
207:   0.3594  0.0611  0.5796  1
208:   0.0440  0.0420  0.9141  1
209:   0.1240  0.0990  0.7770  1
210:   0.3060  0.5150  0.1790  1
211:   0.1001  0.0511  0.8488  1
212:   0.0600  0.0340  0.9060  1
213:   0.5030  0.3930  0.1040  1
214:   0.3736  0.5974  0.0290  1
215:   0.1740  0.0530  0.7730  1
216:   0.1151  0.0410  0.8438  1
217:   0.1640  0.7800  0.0560  1
218:   0.0690  0.8260  0.1050  1
219:   0.2840  0.0210  0.6950  1
220:   0.2957  0.4835  0.2208  1
221:   0.4950  0.4600  0.0450  1
222:   0.6430  0.2160  0.1410  1
223:   0.3670  0.5690  0.0640  1
224:   0.3007  0.3506  0.3487  1
225:   0.8270  0.0760  0.0970  1
226:   0.4014  0.1722  0.4264  1
227:   0.0340  0.9380  0.0280  1
228:   0.1180  0.7060  0.1760  1
229:   0.3330  0.1010  0.5660  1
230:   0.1390  0.2660  0.5950  1
231:   0.0650  0.0260  0.9090  1
232:   0.0761  0.2442  0.6797  1
233:   0.1910  0.0400  0.7690  1
234:   0.0650  0.0610  0.8740  1
235:   0.8920  0.0610  0.0470  1
236:   0.2260  0.7100  0.0640  1
237:   0.0990  0.0710  0.8300  1
238:   0.4480  0.5040  0.0480  1
239:   0.2630  0.4100  0.3270  1
240:   0.4970  0.4080  0.0950  1
241:   0.7090  0.1210  0.1700  1
242:   0.3890  0.1450  0.4660  1
243:   0.1280  0.4360  0.4360  1
244:   0.0750  0.8640  0.0610  1
245:   0.1480  0.0300  0.8220  1
246:   0.1000  0.1900  0.7100  1
247:   0.6750  0.0880  0.2370  1
248:   0.7908  0.0951  0.1141  1
249:   0.0980  0.0470  0.8550  1
250:   0.7040  0.1130  0.1830  1
251:   0.0410  0.0330  0.9259  1
252:   0.4050  0.4350  0.1600  1
253:   0.0700  0.8940  0.0360  1
254:   0.6623  0.2747  0.0629  1
255:   0.1170  0.2040  0.6790  1
256:   0.2580  0.6980  0.0440  1
257:   0.2380  0.0640  0.6980  1
258:   0.7317  0.0310  0.2372  1
259:   0.6000  0.0260  0.3740  1
260:   0.5570  0.3560  0.0870  1
261:   0.1050  0.8340  0.0610  1
262:   0.0920  0.8070  0.1010  1
263:   0.6340  0.2770  0.0890  1
264:   0.0480  0.9190  0.0330  1
265:   0.3720  0.4320  0.1960  1
266:   0.8000  0.1160  0.0840  1
267:   0.1020  0.0380  0.8600  1
268:   0.0719  0.0709  0.8571  1
269:   0.6210  0.1180  0.2610  1
270:   0.8869  0.0440  0.0691  1
271:   0.0800  0.8650  0.0550  1
272:   0.0999  0.7782  0.1219  1
273:   0.0730  0.0500  0.8770  1
274:   0.8931  0.0440  0.0629  1
275:   0.2650  0.1820  0.5530  1
276:   0.7290  0.1120  0.1590  1
277:   0.3796  0.5754  0.0450  1
278:   0.2140  0.2260  0.5600  1
279:   0.5040  0.4450  0.0510  1
280:   0.5100  0.3820  0.1080  1
281:   0.0631  0.0300  0.9069  1
282:   0.1650  0.8010  0.0340  1
283:   0.1320  0.4870  0.3810  1
284:   0.2350  0.1970  0.5680  1
285:   0.1950  0.3650  0.4400  1
286:   0.3287  0.4795  0.1918  1
287:   0.0741  0.8659  0.0601  1
288:   0.3650  0.5520  0.0830  1
289:   0.4950  0.0460  0.4590  1
290:   0.0871  0.8659  0.0470  1
291:   0.0980  0.8740  0.0280  1
292:   0.0560  0.2770  0.6670  1
293:   0.2298  0.0300  0.7403  1
294:   0.4350  0.5020  0.0630  1
295:   0.0780  0.8210  0.1010  1
296:   0.1401  0.8008  0.0591  1
297:   0.1141  0.6316  0.2543  1
298:   0.6234  0.0210  0.3556  1
299:   0.6466  0.1842  0.1692  1
300:   0.7908  0.0270  0.1822  1
301:   0.3380  0.5080  0.1540  1
302:   0.8510  0.0250  0.1240  1
303:   0.4380  0.5280  0.0340  1
304:   0.8330  0.0680  0.0990  1
305:   0.5400  0.1750  0.2850  1
306:   0.5480  0.1060  0.3460  1
307:   0.5080  0.2960  0.1960  1
308:   0.6130  0.1270  0.2600  1
309:   0.7453  0.0819  0.1728  1
310:   0.1120  0.0340  0.8540  1
311:   0.1780  0.0530  0.7690  1
312:   0.9230  0.0190  0.0580  1
313:   0.0650  0.8760  0.0590  1
314:   0.4730  0.0840  0.4430  1
315:   0.7327  0.0430  0.2242  1
316:   0.0460  0.0480  0.9060  1
317:   0.1300  0.0480  0.8220  1
318:   0.7700  0.0750  0.1550  1
319:   0.0430  0.0280  0.9291  1
320:   0.6570  0.0630  0.2800  1
321:   0.1040  0.6510  0.2450  1
322:   0.6520  0.0730  0.2750  1
323:   0.3480  0.5760  0.0760  1
324:   0.4920  0.0500  0.4580  1
325:   0.0660  0.0390  0.8950  1
326:   0.2470  0.6440  0.1090  1
327:   0.0810  0.1190  0.8000  1
328:   0.5260  0.4120  0.0620  1
329:   0.6220  0.3340  0.0440  1
330:   0.2330  0.7100  0.0570  1
331:   0.4640  0.0680  0.4680  1
332:   0.2090  0.7330  0.0580  1
333:   0.3540  0.1630  0.4830  1
334:   0.0839  0.0420  0.8741  1
335:   0.1350  0.0340  0.8310  1
336:   0.4670  0.4240  0.1090  1
337:   0.3604  0.2052  0.4344  1
338:   0.6086  0.3093  0.0821  1
339:   0.0570  0.0430  0.9000  1
340:   0.1690  0.7470  0.0840  1
341:   0.3200  0.6300  0.0500  1
342:   0.0430  0.8539  0.1031  1
343:   0.3760  0.0560  0.5680  1
344:   0.6690  0.1610  0.1700  1
345:   0.0570  0.0430  0.9000  1
346:   0.5650  0.0740  0.3610  1
347:   0.4230  0.0840  0.4930  1
348:   0.1810  0.1170  0.7020  1
349:   0.1400  0.0870  0.7730  1
350:   0.1682  0.0761  0.7558  1
351:   0.4080  0.3940  0.1980  1
352:   0.1732  0.7467  0.0801  1
353:   0.0920  0.0540  0.8540  1
354:   0.1522  0.2643  0.5836  1
355:   0.2540  0.1490  0.5970  1
356:   0.6200  0.0480  0.3320  1
357:   0.0520  0.8820  0.0660  1
358:   0.8172  0.0689  0.1139  1
359:   0.4166  0.3906  0.1928  1
360:   0.0610  0.8340  0.1050  1
361:   0.8170  0.1410  0.0420  1
362:   0.3130  0.5720  0.1150  1
363:   0.5020  0.4610  0.0370  1
364:   0.4454  0.2813  0.2733  1
365:   0.5340  0.0580  0.4080  1
366:   0.5844  0.2408  0.1748  1
367:   0.7020  0.1050  0.1930  1
368:   0.4645  0.2088  0.3267  1
369:   0.0750  0.8790  0.0460  1
370:   0.2780  0.1300  0.5920  1
371:   0.0830  0.8290  0.0880  1
372:   0.0929  0.8292  0.0779  1
373:   0.2840  0.4400  0.2760  1
374:   0.6573  0.0709  0.2717  1
375:   0.0500  0.9060  0.0440  1
376:   0.0660  0.0760  0.8580  1
377:   0.4690  0.0940  0.4370  1
378:   0.4880  0.0930  0.4190  1
379:   0.1031  0.0711  0.8258  1
380:   0.1980  0.3420  0.4600  1
381:   0.5035  0.3936  0.1029  1
382:   0.0530  0.7900  0.1570  1
383:   0.3580  0.5760  0.0660  1
384:   0.6040  0.1600  0.2360  1
385:   0.1470  0.0390  0.8140  1
386:   0.4230  0.4700  0.1070  1
387:   0.2250  0.7450  0.0300  1
388:   0.2350  0.6460  0.1190  1
389:   0.0810  0.2320  0.6870  1
390:   0.0740  0.8350  0.0910  1
391:   0.3646  0.1938  0.4416  1
392:   0.6200  0.3210  0.0590  1
393:   0.3210  0.3450  0.3340  1
394:   0.2350  0.0400  0.7250  1
395:   0.4735  0.4565  0.0701  1
396:   0.1650  0.6380  0.1970  1
397:   0.1099  0.8501  0.0400  1
398:   0.7483  0.1638  0.0879  1
399:   0.1540  0.7510  0.0950  1
400:   0.2268  0.6354  0.1379  1
401:   0.4650  0.4930  0.0420  1
402:   0.0711  0.0581  0.8709  1
403:   0.7040  0.1820  0.1140  1
404:   0.4955  0.0549  0.4496  1
405:   0.1570  0.0770  0.7660  1
406:   0.0619  0.8541  0.0839  1
407:   0.0500  0.8630  0.0870  1
408:   0.7870  0.0390  0.1740  1
409:   0.3970  0.2940  0.3090  1
410:   0.1040  0.8650  0.0310  1
411:   0.3030  0.5980  0.0990  1
412:   0.5880  0.0830  0.3290  1
413:   0.1932  0.1221  0.6847  1
414:   0.3230  0.2860  0.3910  1
415:   0.5170  0.0690  0.4140  1
416:   0.0570  0.0420  0.9010  1
417:   0.1440  0.7570  0.0990  1
418:   0.3460  0.3480  0.3060  1
419:   0.1330  0.6170  0.2500  1
420:   0.3970  0.5410  0.0620  1
421:   0.2290  0.1550  0.6160  1
422:   0.4520  0.1410  0.4070  1
423:   0.4890  0.4810  0.0300  1
424:   0.5690  0.0510  0.3800  1
425:   0.1782  0.7618  0.0601  1
426:   0.2300  0.1760  0.5940  1
427:   0.2600  0.5090  0.2310  1
428:   0.1632  0.7628  0.0741  1
429:   0.2823  0.6607  0.0571  1
430:   0.9040  0.0370  0.0590  1
431:   0.5990  0.2780  0.1230  1
432:   0.0880  0.0570  0.8550  1
433:   0.0639  0.8112  0.1249  1
434:   0.1800  0.0570  0.7630  1
435:   0.5395  0.0899  0.3706  1
436:   0.1040  0.6330  0.2630  1
437:   0.5410  0.1050  0.3540  1
438:   0.3656  0.0689  0.5654  1
439:   0.4290  0.4340  0.1370  1
440:   0.5826  0.0400  0.3774  1
441:   0.0840  0.0940  0.8220  1
442:   0.4100  0.4680  0.1220  1
443:   0.0620  0.8130  0.1250  1
444:   0.3900  0.5480  0.0620  1
445:   0.5000  0.4100  0.0900  1
446:   0.0760  0.0330  0.8910  1
447:   0.3370  0.5900  0.0730  1
448:   0.8368  0.0501  0.1131  1
449:   0.5070  0.0460  0.4470  1
450:   0.0380  0.0450  0.9170  1
451:   0.0559  0.0380  0.9061  1
452:   0.0510  0.9030  0.0460  1
453:   0.0740  0.0450  0.8810  1
454:   0.3257  0.0709  0.6034  1
455:   0.1880  0.7120  0.1000  1
456:   0.0570  0.0530  0.8900  1
457:   0.3770  0.1100  0.5130  1
458:   0.2090  0.7380  0.0530  1
459:   0.0589  0.0789  0.8621  1
460:   0.0720  0.8930  0.0350  1
461:   0.4660  0.0590  0.4750  1
462:   0.0480  0.0540  0.8980  1
463:   0.1878  0.0490  0.7632  1
464:   0.1638  0.7732  0.0629  1
465:   0.0890  0.0330  0.8780  1
466:   0.1129  0.8172  0.0699  1
467:   0.0470  0.8720  0.0810  1
468:   0.4985  0.3866  0.1149  1
469:   0.0230  0.9510  0.0260  1
470:   0.4820  0.0710  0.4470  1
471:   0.5270  0.4060  0.0670  1
472:   0.4680  0.4030  0.1290  1
473:   0.4675  0.4384  0.0941  1
474:   0.2050  0.7470  0.0480  1
475:   0.8470  0.1220  0.0310  1
476:   0.0949  0.0340  0.8711  1
477:   0.7530  0.2000  0.0470  1
478:   0.5240  0.0580  0.4180  1
479:   0.1060  0.8390  0.0550  1
480:   0.0750  0.8100  0.1150  1
481:   0.6074  0.2288  0.1638  1
482:   0.5000  0.0560  0.4440  1
483:   0.2720  0.5900  0.1380  1
484:   0.0610  0.9010  0.0380  1
485:   0.0581  0.8879  0.0541  1
486:   0.0370  0.0490  0.9140  1
487:   0.1080  0.8160  0.0760  1
488:   0.2710  0.6400  0.0890  1
489:   0.6016  0.0370  0.3614  1
490:   0.5160  0.1340  0.3500  1
491:   0.0830  0.7510  0.1660  1
492:   0.0649  0.8731  0.0619  1

  1:   0.3604  0.0581  0.5816  1
  2:   0.1190  0.7270  0.1540  1
  3:   0.1300  0.8130  0.0570  1
  4:   0.3740  0.0520  0.5740  1
  5:   0.7880  0.0750  0.1370  1
  6:   0.1360  0.7730  0.0910  1
  7:   0.2150  0.6080  0.1770  1
  8:   0.1768  0.0450  0.7782  1
  9:   0.3534  0.6116  0.0350  1
 10:   0.8260  0.0520  0.1220  1
 11:   0.1040  0.0720  0.8240  1
 12:   0.1390  0.4970  0.3640  1
 13:   0.1830  0.0930  0.7240  1
 14:   0.4170  0.4270  0.1560  1
 15:   0.5810  0.2600  0.1590  1
 16:   0.1180  0.0680  0.8140  1
 17:   0.1411  0.2312  0.6276  1
 18:   0.1600  0.1710  0.6690  1
 19:   0.4480  0.3740  0.1780  1
 20:   0.4875  0.2262  0.2863  1
 21:   0.6330  0.1260  0.2410  1
 22:   0.8388  0.0771  0.0841  1
 23:   0.0470  0.8820  0.0710  1
 24:   0.3310  0.6300  0.0390  1
 25:   0.1280  0.0710  0.8010  1
 26:   0.1300  0.7980  0.0720  1
 27:   0.5470  0.0400  0.4130  1
 28:   0.6456  0.1301  0.2242  1
 29:   0.2670  0.6670  0.0660  1
 30:   0.7310  0.1000  0.1690  1
 31:   0.2503  0.2262  0.5235  1
 32:   0.7160  0.1380  0.1460  1
 33:   0.2610  0.2790  0.4600  1
 34:   0.4170  0.2590  0.3240  1
 35:   0.6290  0.2560  0.1150  1
 36:   0.3243  0.6166  0.0591  1
 37:   0.1030  0.1850  0.7120  1
 38:   0.7420  0.2180  0.0400  1
 39:   0.4266  0.0999  0.4735  1
 40:   0.1538  0.0729  0.7732  1
 41:   0.5940  0.3240  0.0820  1
 42:   0.1019  0.2398  0.6583  1
 43:   0.0360  0.9380  0.0260  1
 44:   0.0430  0.8960  0.0610  1
 45:   0.1602  0.0541  0.7858  1
 46:   0.0550  0.8440  0.1010  1
 47:   0.2280  0.0840  0.6880  1
 48:   0.3700  0.5480  0.0820  1
 49:   0.6660  0.2200  0.1140  1
 50:   0.7652  0.0789  0.1558  1
 51:   0.5320  0.2160  0.2520  1
 52:   0.1740  0.0790  0.7470  1
 53:   0.8350  0.0970  0.0680  1
 54:   0.2420  0.2120  0.5460  1
 55:   0.1411  0.2012  0.6577  1
 56:   0.3430  0.5390  0.1180  1
 57:   0.1240  0.8390  0.0370  1
 58:   0.1512  0.8168  0.0320  1
 59:   0.4755  0.4665  0.0579  1
 60:   0.3856  0.5365  0.0779  1
 61:   0.0670  0.0530  0.8800  1
 62:   0.1030  0.8580  0.0390  1
 63:   0.4800  0.0600  0.4600  1
 64:   0.7130  0.1670  0.1200  1
 65:   0.5756  0.2212  0.2032  1
 66:   0.7880  0.0760  0.1360  1
 67:   0.0819  0.8142  0.1039  1
 68:   0.1421  0.8098  0.0480  1
 69:   0.3390  0.0190  0.6420  1
 70:   0.0420  0.9360  0.0220  1
 71:   0.6510  0.2870  0.0620  1
 72:   0.3570  0.5790  0.0640  1
 73:   0.1071  0.0611  0.8318  1
 74:   0.8430  0.0460  0.1110  1
 75:   0.1120  0.0590  0.8290  1
 76:   0.1220  0.7860  0.0920  1
 77:   0.2967  0.6084  0.0949  1
 78:   0.1200  0.1000  0.7800  1
 79:   0.0570  0.0550  0.8880  1
 80:   0.1640  0.7950  0.0410  1
 81:   0.8650  0.0520  0.0830  1
 82:   0.4600  0.1360  0.4040  1
 83:   0.2620  0.6740  0.0640  1
 84:   0.3640  0.4480  0.1880  1
 85:   0.2860  0.1150  0.5990  1
 86:   0.1972  0.6476  0.1552  1
 87:   0.3300  0.5520  0.1180  1
 88:   0.3670  0.5270  0.1060  1
 89:   0.0679  0.0879  0.8442  1
 90:   0.0670  0.8640  0.0690  1
 91:   0.3433  0.0270  0.6296  1
 92:   0.0809  0.8531  0.0659  1
 93:   0.7728  0.1271  0.1001  1
 94:   0.7680  0.1050  0.1270  1
 95:   0.6550  0.2700  0.0750  1
 96:   0.3420  0.0820  0.5760  1
 97:   0.0370  0.9260  0.0370  1
 98:   0.1950  0.1530  0.6520  1
 99:   0.3990  0.2670  0.3340  1
100:   0.0600  0.0410  0.8990  1
101:   0.2743  0.6617  0.0641  1
102:   0.8690  0.0430  0.0880  1
103:   0.2730  0.6450  0.0820  1
104:   0.0510  0.0750  0.8740  1
105:   0.0420  0.0370  0.9209  1
106:   0.9020  0.0630  0.0350  1
107:   0.7397  0.1091  0.1512  1
108:   0.0519  0.0230  0.9251  1
109:   0.0809  0.1009  0.8182  1
110:   0.1420  0.6440  0.2140  1
111:   0.2673  0.0661  0.6667  1
112:   0.4160  0.1320  0.4520  1
113:   0.0921  0.7377  0.1702  1
114:   0.0810  0.2790  0.6400  1
115:   0.8230  0.0340  0.1430  1
116:   0.5830  0.0410  0.3760  1
117:   0.1520  0.8030  0.0450  1
118:   0.1860  0.0620  0.7520  1
119:   0.2160  0.0830  0.7010  1
120:   0.5830  0.3270  0.0900  1
121:   0.3190  0.6290  0.0520  1
122:   0.3050  0.5930  0.1020  1
123:   0.0530  0.9110  0.0360  1
124:   0.1960  0.7450  0.0590  1
125:   0.1250  0.6940  0.1810  1
126:   0.3040  0.5860  0.1100  1
127:   0.5080  0.3370  0.1550  1
128:   0.2420  0.0580  0.7000  1
129:   0.2733  0.5936  0.1331  1
130:   0.7400  0.1970  0.0630  1
131:   0.1130  0.7420  0.1450  1
132:   0.6460  0.1100  0.2440  1
133:   0.0480  0.0641  0.8879  1
134:   0.5620  0.4000  0.0380  1
135:   0.6927  0.2402  0.0671  1
136:   0.3684  0.1942  0.4374  1
137:   0.7620  0.1270  0.1110  1
138:   0.2170  0.1210  0.6620  1
139:   0.1550  0.0900  0.7550  1
140:   0.3283  0.6296  0.0420  1
141:   0.6840  0.1950  0.1210  1
142:   0.2140  0.0670  0.7190  1
143:   0.4430  0.3800  0.1770  1
144:   0.7390  0.1750  0.0860  1
145:   0.1390  0.7830  0.0780  1
146:   0.5990  0.3190  0.0820  1
147:   0.1260  0.7320  0.1420  1
148:   0.1512  0.7818  0.0671  1
149:   0.1190  0.1730  0.7080  1
150:   0.5420  0.1140  0.3440  1
151:   0.0460  0.0730  0.8810  1
152:   0.3904  0.5706  0.0390  1
153:   0.1020  0.0310  0.8670  1
154:   0.6700  0.2150  0.1150  1
155:   0.5950  0.3550  0.0500  1
156:   0.5450  0.2100  0.2450  1
157:   0.0770  0.7990  0.1240  1
158:   0.3916  0.3546  0.2537  1
159:   0.6066  0.2292  0.1642  1
160:   0.2130  0.0550  0.7320  1
161:   0.1409  0.0649  0.7942  1
162:   0.4450  0.4850  0.0700  1
163:   0.2853  0.5706  0.1441  1
164:   0.1770  0.0600  0.7630  1
165:   0.2680  0.3770  0.3550  1
166:   0.4440  0.1060  0.4500  1
167:   0.4180  0.1830  0.3990  1
168:   0.4870  0.1540  0.3590  1
169:   0.3170  0.0480  0.6350  1
170:   0.7113  0.1678  0.1209  1
171:   0.1280  0.7790  0.0930  1
172:   0.0770  0.0370  0.8860  1
173:   0.2110  0.0300  0.7590  1
174:   0.3020  0.3470  0.3510  1
175:   0.2052  0.6797  0.1151  1
176:   0.8000  0.1030  0.0970  1
177:   0.2930  0.5080  0.1990  1
178:   0.1760  0.1020  0.7220  1
179:   0.1870  0.2140  0.5990  1
180:   0.8719  0.0480  0.0801  1
181:   0.7590  0.1400  0.1010  1
182:   0.0400  0.1110  0.8490  1
183:   0.1170  0.0340  0.8490  1
184:   0.3950  0.2160  0.3890  1
185:   0.3654  0.1832  0.4515  1
186:   0.7180  0.1030  0.1790  1
187:   0.2570  0.6910  0.0520  1
188:   0.1690  0.0300  0.8010  1
189:   0.2993  0.4715  0.2292  1
190:   0.6820  0.1570  0.1610  1
191:   0.1340  0.0640  0.8020  1
192:   0.1430  0.4800  0.3770  1
193:   0.3720  0.2270  0.4010  1
194:   0.6800  0.2680  0.0520  1
195:   0.1530  0.1020  0.7450  1
196:   0.8640  0.0720  0.0640  1
197:   0.4294  0.4164  0.1542  1
198:   0.0899  0.0619  0.8482  1
199:   0.0710  0.8460  0.0830  1
200:   0.0720  0.1080  0.8200  1
201:   0.8721  0.0320  0.0959  1
202:   0.0890  0.8330  0.0780  1
203:   0.4630  0.4850  0.0520  1
204:   0.2710  0.4690  0.2600  1
205:   0.0350  0.9330  0.0320  1
206:   0.2330  0.7000  0.0670  1
207:   0.5670  0.0980  0.3350  1
208:   0.0620  0.0820  0.8560  1
209:   0.0930  0.0850  0.8220  1
210:   0.3800  0.4350  0.1850  1
211:   0.1221  0.0490  0.8288  1
212:   0.0639  0.0430  0.8931  1
213:   0.4965  0.3616  0.1419  1
214:   0.5820  0.3840  0.0340  1
215:   0.2510  0.0780  0.6710  1
216:   0.1670  0.0640  0.7690  1
217:   0.1320  0.8060  0.0620  1
218:   0.0700  0.8710  0.0590  1
219:   0.4450  0.0240  0.5310  1
220:   0.2930  0.5360  0.1710  1
221:   0.6690  0.2910  0.0400  1
222:   0.7077  0.1942  0.0981  1
223:   0.4990  0.4270  0.0740  1
224:   0.3170  0.3270  0.3560  1
225:   0.7480  0.0970  0.1550  1
226:   0.4200  0.1910  0.3890  1
227:   0.0460  0.9279  0.0260  1
228:   0.1319  0.7632  0.1049  1
