1:    0.661 0.046 0.293 1    
2:    0.157 0.551 0.292 1    
3:    0.100 0.851 0.048 1    
4:    0.677 0.047 0.276 1    
5:    0.895 0.050 0.055 1    
6:    0.108 0.821 0.071 1    
7:    0.138 0.588 0.273 1    
8:    0.570 0.044 0.386 1    
9:    0.209 0.761 0.030 1    
10:   0.903 0.043 0.054 1    
11:   0.058 0.041 0.902 1    
12:   0.287 0.426 0.288 1    
13:   0.272 0.071 0.657 1    
14:   0.514 0.392 0.094 1    
15:   0.352 0.354 0.293 1    
16:   0.248 0.063 0.689 1    
17:   0.097 0.113 0.790 1    
18:   0.517 0.157 0.326 1    
19:   0.327 0.430 0.243 1    
20:   0.557 0.272 0.170 1    
21:   0.743 0.100 0.158 1    
22:   0.707 0.155 0.138 1    
23:   0.049 0.839 0.113 1    
24:   0.194 0.755 0.050 1    
25:   0.102 0.050 0.848 1    
26:   0.104 0.812 0.084 1    
27:   0.613 0.042 0.344 1    
28:   0.374 0.162 0.464 1    
29:   0.258 0.694 0.047 1    
30:   0.557 0.171 0.272 1    
31:   0.135 0.137 0.728 1    
32:   0.506 0.237 0.257 1    
33:   0.160 0.260 0.580 1    
34:   0.284 0.261 0.455 1    
35:   0.760 0.180 0.060 1    
36:   0.206 0.733 0.061 1    
37:   0.087 0.135 0.778 1    
38:   0.475 0.460 0.065 1    
39:   0.553 0.161 0.286 1    
40:   0.118 0.053 0.829 1    
41:   0.519 0.415 0.067 1    
42:   0.062 0.182 0.756 1    
43:   0.030 0.880 0.090 1    
44:   0.034 0.789 0.176 1    
45:   0.542 0.067 0.390 1    
46:   0.052 0.692 0.256 1    
47:   0.573 0.090 0.337 1    
48:   0.220 0.691 0.089 1    
49:   0.648 0.216 0.136 1    
50:   0.824 0.058 0.118 1    
51:   0.576 0.197 0.227 1    
52:   0.126 0.067 0.807 1    
53:   0.715 0.185 0.099 1    
54:   0.498 0.204 0.299 1    
55:   0.146 0.138 0.715 1    
56:   0.204 0.607 0.188 1    
57:   0.126 0.832 0.042 1    
58:   0.093 0.879 0.028 1    
59:   0.327 0.626 0.047 1    
60:   0.299 0.604 0.097 1    
61:   0.043 0.023 0.933 1    
62:   0.055 0.912 0.033 1    
63:   0.678 0.066 0.256 1    
64:   0.715 0.170 0.115 1    
65:   0.445 0.234 0.321 1    
66:   0.811 0.076 0.113 1    
67:   0.075 0.679 0.245 1    
68:   0.099 0.859 0.043 1    
69:   0.701 0.017 0.282 1    
70:   0.023 0.947 0.029 1    
71:   0.502 0.441 0.056 1    
72:   0.293 0.646 0.062 1    
73:   0.483 0.065 0.453 1    
74:   0.646 0.086 0.268 1    
75:   0.074 0.038 0.888 1    
76:   0.117 0.791 0.092 1    
77:   0.251 0.674 0.075 1    
78:   0.073 0.058 0.869 1    
79:   0.079 0.048 0.874 1    
80:   0.099 0.864 0.038 1    
81:   0.888 0.052 0.060 1    
82:   0.490 0.083 0.427 1    
83:   0.231 0.710 0.059 1    
84:   0.368 0.461 0.171 1    
85:   0.598 0.123 0.279 1    
86:   0.192 0.675 0.133 1    
87:   0.318 0.563 0.119 1    
88:   0.296 0.539 0.165 1    
89:   0.043 0.047 0.910 1    
90:   0.088 0.760 0.151 1    
91:   0.289 0.034 0.677 1    
92:   0.095 0.820 0.085 1    
93:   0.657 0.185 0.158 1    
94:   0.807 0.107 0.086 1    
95:   0.449 0.449 0.102 1    
96:   0.204 0.079 0.717 1    
97:   0.044 0.854 0.101 1    
98:   0.154 0.148 0.697 1    
99:   0.242 0.226 0.532 1    
100:  0.075 0.031 0.894 1    
101:  0.160 0.790 0.049 1    
102:  0.796 0.078 0.127 1    
103:  0.184 0.730 0.086 1    
104:  0.045 0.032 0.923 1    
105:  0.053 0.027 0.920 1    
106:  0.831 0.127 0.042 1    
107:  0.847 0.080 0.073 1    
108:  0.085 0.020 0.895 1    
109:  0.054 0.057 0.888 1    
110:  0.148 0.469 0.382 1    
111:  0.167 0.041 0.792 1    
112:  0.649 0.114 0.237 1    
113:  0.068 0.583 0.349 1    
114:  0.066 0.139 0.795 1    
115:  0.892 0.032 0.075 1    
116:  0.791 0.037 0.173 1    
117:  0.100 0.848 0.052 1    
118:  0.529 0.066 0.405 1    
119:  0.128 0.067 0.805 1    
120:  0.541 0.347 0.111 1    
121:  0.198 0.752 0.050 1    
122:  0.247 0.541 0.212 1    
123:  0.051 0.880 0.070 1    
124:  0.112 0.826 0.062 1    
125:  0.221 0.507 0.273 1    
126:  0.268 0.649 0.082 1    
127:  0.467 0.338 0.195 1    
128:  0.193 0.047 0.761 1    
129:  0.248 0.473 0.279 1    
130:  0.609 0.335 0.056 1    
131:  0.077 0.536 0.387 1    
132:  0.632 0.146 0.222 1    
133:  0.042 0.035 0.924 1    
134:  0.447 0.484 0.069 1    
135:  0.446 0.484 0.070 1    
136:  0.628 0.162 0.210 1    
137:  0.742 0.126 0.132 1    
138:  0.140 0.082 0.779 1    
139:  0.533 0.094 0.372 1    
140:  0.169 0.787 0.043 1    
141:  0.554 0.242 0.204 1    
142:  0.138 0.048 0.814 1    
143:  0.446 0.434 0.120 1    
144:  0.572 0.321 0.107 1    
145:  0.125 0.739 0.136 1    
146:  0.392 0.517 0.092 1    
147:  0.128 0.598 0.273 1    
148:  0.114 0.827 0.059 1    
149:  0.075 0.094 0.831 1    
150:  0.382 0.150 0.468 1    
151:  0.045 0.032 0.923 1    
152:  0.220 0.746 0.033 1    
153:  0.161 0.030 0.809 1    
154:  0.519 0.299 0.181 1    
155:  0.472 0.473 0.055 1    
156:  0.521 0.277 0.202 1    
157:  0.098 0.734 0.168 1    
158:  0.394 0.328 0.278 1    
159:  0.715 0.175 0.110 1    
160:  0.600 0.050 0.350 1    
161:  0.497 0.085 0.418 1    
162:  0.257 0.679 0.063 1    
163:  0.170 0.554 0.277 1    
164:  0.575 0.058 0.366 1    
165:  0.231 0.378 0.391 1    
166:  0.368 0.088 0.544 1    
167:  0.258 0.232 0.509 1    
168:  0.514 0.252 0.234 1    
169:  0.664 0.045 0.291 1    
170:  0.794 0.134 0.072 1    
171:  0.103 0.719 0.178 1    
172:  0.085 0.033 0.882 1    
173:  0.146 0.027 0.826 1    
174:  0.307 0.336 0.357 1    
175:  0.240 0.573 0.186 1    
176:  0.854 0.092 0.054 1    
177:  0.302 0.490 0.207 1    
178:  0.129 0.072 0.798 1    
179:  0.137 0.133 0.731 1    
180:  0.891 0.051 0.058 1    
181:  0.644 0.156 0.200 1    
182:  0.054 0.071 0.875 1    
183:  0.541 0.039 0.420 1    
184:  0.331 0.215 0.454 1    
185:  0.447 0.171 0.381 1    
186:  0.747 0.114 0.139 1    
187:  0.146 0.804 0.050 1    
188:  0.582 0.029 0.390 1    
189:  0.351 0.449 0.200 1    
190:  0.609 0.231 0.160 1    
191:  0.101 0.051 0.848 1    
192:  0.314 0.444 0.242 1    
193:  0.411 0.236 0.353 1    
194:  0.420 0.511 0.070 1    
195:  0.079 0.055 0.866 1    
196:  0.872 0.078 0.050 1    
197:  0.280 0.546 0.174 1    
198:  0.083 0.052 0.864 1    
199:  0.065 0.758 0.177 1    
200:  0.038 0.052 0.910 1    
201:  0.933 0.026 0.040 1    
202:  0.080 0.843 0.077 1    
203:  0.289 0.659 0.052 1    
204:  0.189 0.434 0.377 1    
205:  0.033 0.910 0.057 1    
206:  0.160 0.784 0.057 1    
207:  0.298 0.065 0.637 1    
208:  0.038 0.036 0.926 1    
209:  0.136 0.101 0.762 1    
210:  0.305 0.560 0.135 1    
211:  0.118 0.052 0.830 1    
212:  0.067 0.034 0.899 1    
213:  0.489 0.409 0.102 1    
214:  0.315 0.656 0.028 1    
215:  0.156 0.057 0.787 1    
216:  0.107 0.043 0.850 1    
217:  0.203 0.729 0.068 1    
218:  0.071 0.783 0.146 1    
219:  0.262 0.022 0.716 1    
220:  0.300 0.452 0.249 1    
221:  0.449 0.506 0.045 1    
222:  0.641 0.200 0.159 1    
223:  0.307 0.631 0.062 1    
224:  0.318 0.342 0.340 1    
225:  0.847 0.065 0.087 1    
226:  0.404 0.171 0.425 1    
227:  0.034 0.922 0.044 1    
228:  0.103 0.683 0.214 1    
229:  0.417 0.099 0.485 1    
230:  0.130 0.248 0.623 1    
231:  0.060 0.027 0.913 1    
232:  0.070 0.229 0.701 1    
233:  0.182 0.040 0.778 1    
234:  0.057 0.063 0.880 1    
235:  0.878 0.076 0.045 1    
236:  0.216 0.723 0.061 1    
237:  0.085 0.072 0.844 1    
238:  0.420 0.534 0.046 1    
239:  0.321 0.379 0.300 1    
240:  0.477 0.432 0.091 1    
241:  0.682 0.147 0.171 1    
242:  0.479 0.127 0.394 1    
243:  0.129 0.421 0.450 1    
244:  0.065 0.864 0.071 1    
245:  0.162 0.031 0.807 1    
246:  0.102 0.183 0.715 1    
247:  0.715 0.095 0.190 1    
248:  0.799 0.090 0.111 1    
249:  0.074 0.048 0.879 1    
250:  0.730 0.111 0.159 1    
251:  0.042 0.031 0.927 1    
252:  0.391 0.455 0.155 1    
253:  0.061 0.890 0.049 1    
254:  0.692 0.255 0.053 1    
255:  0.098 0.184 0.718 1    
256:  0.237 0.718 0.044 1    
257:  0.284 0.060 0.656 1    
258:  0.764 0.032 0.204 1    
259:  0.655 0.025 0.319 1    
260:  0.549 0.364 0.087 1    
261:  0.108 0.819 0.073 1    
262:  0.101 0.783 0.116 1    
263:  0.596 0.300 0.105 1    
264:  0.048 0.908 0.045 1    
265:  0.407 0.390 0.203 1    
266:  0.814 0.112 0.074 1    
267:  0.099 0.038 0.864 1    
268:  0.060 0.079 0.861 1    
269:  0.658 0.106 0.236 1    
270:  0.884 0.051 0.065 1    
271:  0.074 0.860 0.066 1    
272:  0.108 0.740 0.152 1    
273:  0.066 0.050 0.884 1    
274:  0.900 0.044 0.055 1    
275:  0.243 0.180 0.577 1    
276:  0.724 0.120 0.156 1    
277:  0.331 0.624 0.045 1    
278:  0.222 0.232 0.546 1    
279:  0.504 0.446 0.049 1    
280:  0.494 0.398 0.108 1    
281:  0.061 0.034 0.905 1    
282:  0.137 0.830 0.034 1    
283:  0.132 0.438 0.429 1    
284:  0.234 0.187 0.580 1    
285:  0.221 0.365 0.415 1    
286:  0.352 0.487 0.161 1    
287:  0.066 0.865 0.070 1    
288:  0.332 0.584 0.084 1    
289:  0.407 0.050 0.543 1    
290:  0.086 0.860 0.054 1    
291:  0.097 0.876 0.027 1    
292:  0.058 0.241 0.701 1    
293:  0.220 0.028 0.752 1    
294:  0.396 0.537 0.066 1    
295:  0.078 0.806 0.116 1    
296:  0.125 0.813 0.062 1    
297:  0.105 0.581 0.314 1    
298:  0.693 0.020 0.287 1    
299:  0.689 0.181 0.130 1    
300:  0.843 0.027 0.130 1    
301:  0.375 0.486 0.139 1    
302:  0.860 0.031 0.109 1    
303:  0.426 0.534 0.040 1    
304:  0.842 0.069 0.089 1    
305:  0.487 0.184 0.329 1    
306:  0.517 0.110 0.372 1    
307:  0.441 0.331 0.227 1    
308:  0.580 0.131 0.289 1    
309:  0.750 0.081 0.169 1    
310:  0.113 0.033 0.854 1    
311:  0.184 0.052 0.763 1    
312:  0.923 0.020 0.057 1    
313:  0.073 0.850 0.077 1    
314:  0.536 0.080 0.384 1    
315:  0.774 0.037 0.189 1    
316:  0.055 0.045 0.900 1    
317:  0.135 0.050 0.815 1    
318:  0.790 0.075 0.135 1    
319:  0.044 0.028 0.928 1    
320:  0.705 0.061 0.235 1    
321:  0.124 0.614 0.261 1    
322:  0.566 0.097 0.337 1    
323:  0.321 0.606 0.073 1    
324:  0.566 0.051 0.383 1    
325:  0.063 0.039 0.898 1    
326:  0.241 0.661 0.099 1    
327:  0.090 0.113 0.797 1    
328:  0.474 0.459 0.067 1    
329:  0.581 0.371 0.048 1    
330:  0.206 0.737 0.057 1    
331:  0.390 0.067 0.543 1    
332:  0.205 0.737 0.058 1    
333:  0.429 0.156 0.415 1    
334:  0.092 0.041 0.868 1    
335:  0.117 0.039 0.844 1    
336:  0.468 0.431 0.101 1    
337:  0.424 0.213 0.364 1    
338:  0.536 0.380 0.084 1    
339:  0.048 0.044 0.908 1    
340:  0.144 0.769 0.087 1    
341:  0.288 0.659 0.052 1    
342:  0.041 0.814 0.145 1    
343:  0.455 0.057 0.488 1    
344:  0.602 0.215 0.182 1    
345:  0.042 0.044 0.914 1    
346:  0.635 0.068 0.297 1    
347:  0.390 0.089 0.521 1    
348:  0.160 0.108 0.731 1    
349:  0.140 0.078 0.782 1    
350:  0.175 0.077 0.749 1    
351:  0.372 0.419 0.209 1    
352:  0.166 0.751 0.084 1    
353:  0.094 0.052 0.854 1    
354:  0.145 0.253 0.603 1    
355:  0.245 0.152 0.603 1    
356:  0.669 0.042 0.289 1    
357:  0.053 0.863 0.084 1    
358:  0.809 0.070 0.121 1    
359:  0.473 0.358 0.169 1    
360:  0.065 0.807 0.128 1    
361:  0.828 0.131 0.041 1    
362:  0.285 0.610 0.105 1    
363:  0.430 0.527 0.043 1    
364:  0.408 0.276 0.316 1    
365:  0.499 0.071 0.430 1    
366:  0.637 0.224 0.139 1    
367:  0.702 0.104 0.193 1    
368:  0.424 0.215 0.360 1    
369:  0.073 0.874 0.053 1    
370:  0.240 0.149 0.610 1    
371:  0.076 0.814 0.110 1    
372:  0.080 0.820 0.100 1    
373:  0.317 0.443 0.240 1    
374:  0.683 0.077 0.240 1    
375:  0.050 0.883 0.066 1    
376:  0.059 0.078 0.863 1    
377:  0.534 0.091 0.375 1    
378:  0.553 0.086 0.361 1    
379:  0.091 0.068 0.841 1    
380:  0.208 0.319 0.473 1    
381:  0.533 0.368 0.098 1    
382:  0.059 0.725 0.216 1    
383:  0.302 0.633 0.065 1    
384:  0.618 0.178 0.205 1    
385:  0.137 0.042 0.821 1    
386:  0.366 0.517 0.117 1    
387:  0.190 0.782 0.029 1    
388:  0.268 0.605 0.127 1    
389:  0.077 0.202 0.721 1    
390:  0.091 0.792 0.116 1    
391:  0.299 0.188 0.513 1    
392:  0.634 0.305 0.061 1    
393:  0.319 0.341 0.340 1    
394:  0.193 0.044 0.762 1    
395:  0.429 0.503 0.069 1    
396:  0.191 0.618 0.190 1    
397:  0.109 0.852 0.039 1    
398:  0.749 0.171 0.079 1    
399:  0.132 0.738 0.130 1    
400:  0.230 0.632 0.139 1    
401:  0.385 0.569 0.047 1    
402:  0.058 0.064 0.877 1    
403:  0.726 0.175 0.099 1    
404:  0.411 0.064 0.525 1    
405:  0.136 0.076 0.788 1    
406:  0.065 0.838 0.097 1    
407:  0.059 0.827 0.114 1    
408:  0.768 0.038 0.195 1    
409:  0.385 0.286 0.330 1    
410:  0.109 0.859 0.032 1    
411:  0.276 0.633 0.090 1    
412:  0.534 0.083 0.383 1    
413:  0.195 0.116 0.689 1    
414:  0.328 0.282 0.390 1    
415:  0.588 0.072 0.341 1    
416:  0.048 0.041 0.911 1    
417:  0.141 0.760 0.099 1    
418:  0.314 0.348 0.338 1    
419:  0.154 0.573 0.274 1    
420:  0.369 0.569 0.062 1    
421:  0.211 0.169 0.620 1    
422:  0.425 0.167 0.407 1    
423:  0.410 0.560 0.030 1    
424:  0.630 0.051 0.320 1    
425:  0.163 0.777 0.060 1    
426:  0.220 0.180 0.600 1    
427:  0.252 0.493 0.254 1    
428:  0.165 0.763 0.072 1    
429:  0.249 0.695 0.057 1    
430:  0.909 0.035 0.056 1    
431:  0.571 0.329 0.100 1    
432:  0.088 0.056 0.856 1    
433:  0.069 0.786 0.145 1    
434:  0.206 0.062 0.732 1    
435:  0.447 0.097 0.456 1    
436:  0.105 0.589 0.307 1    
437:  0.598 0.100 0.302 1    
438:  0.379 0.064 0.556 1    
439:  0.360 0.474 0.166 1    
440:  0.632 0.043 0.326 1    
441:  0.070 0.076 0.855 1    
442:  0.419 0.437 0.144 1    
443:  0.054 0.789 0.157 1    
444:  0.343 0.596 0.061 1    
445:  0.482 0.404 0.114 1    
446:  0.065 0.036 0.898 1    
447:  0.323 0.601 0.076 1    
448:  0.835 0.055 0.110 1    
449:  0.582 0.043 0.374 1    
450:  0.034 0.041 0.925 1    
451:  0.046 0.035 0.919 1    
452:  0.054 0.880 0.066 1    
453:  0.077 0.044 0.880 1    
454:  0.271 0.070 0.659 1    
455:  0.178 0.727 0.095 1    
456:  0.050 0.047 0.902 1    
457:  0.466 0.113 0.422 1    
458:  0.198 0.756 0.046 1    
459:  0.059 0.074 0.868 1    
460:  0.073 0.893 0.034 1    
461:  0.532 0.058 0.410 1    
462:  0.064 0.048 0.888 1    
463:  0.180 0.053 0.767 1    
464:  0.154 0.779 0.067 1    
465:  0.087 0.041 0.871 1    
466:  0.108 0.814 0.078 1    
467:  0.044 0.858 0.098 1    
468:  0.471 0.409 0.120 1    
469:  0.023 0.931 0.046 1    
470:  0.471 0.079 0.450 1    
471:  0.504 0.425 0.072 1    
472:  0.423 0.446 0.131 1    
473:  0.458 0.455 0.087 1    
474:  0.167 0.779 0.053 1    
475:  0.851 0.121 0.027 1    
476:  0.093 0.044 0.864 1    
477:  0.710 0.238 0.052 1    
478:  0.590 0.059 0.351 1    
479:  0.093 0.849 0.058 1    
480:  0.079 0.771 0.150 1    
481:  0.640 0.203 0.157 1    
482:  0.564 0.056 0.380 1    
483:  0.266 0.594 0.140 1    
484:  0.062 0.893 0.045 1    
485:  0.061 0.863 0.076 1    
486:  0.031 0.044 0.925 1    
487:  0.109 0.803 0.087 1    
488:  0.266 0.642 0.091 1    
489:  0.525 0.040 0.434 1    
490:  0.437 0.155 0.408 1    
491:  0.081 0.707 0.213 1    
492:  0.068 0.846 0.086 1    
              
              
1:    0.604 0.349 0.048 1    
2:    0.147 0.253 0.600 1    
3:    0.112 0.048 0.841 1    
4:    0.620 0.337 0.043 1    
5:    0.878 0.064 0.058 1    
6:    0.118 0.072 0.810 1    
7:    0.156 0.243 0.601 1    
8:    0.505 0.452 0.043 1    
9:    0.254 0.030 0.717 1    
10:   0.902 0.059 0.039 1    
11:   0.072 0.887 0.041 1    
12:   0.260 0.291 0.450 1    
13:   0.242 0.681 0.077 1    
14:   0.504 0.096 0.400 1    
15:   0.395 0.277 0.328 1    
16:   0.211 0.727 0.062 1    
17:   0.103 0.761 0.136 1    
18:   0.439 0.389 0.172 1    
19:   0.363 0.212 0.424 1    
20:   0.544 0.197 0.260 1    
21:   0.740 0.156 0.104 1    
22:   0.747 0.135 0.118 1    
23:   0.049 0.098 0.853 1    
24:   0.218 0.038 0.744 1    
25:   0.105 0.848 0.048 1    
26:   0.111 0.073 0.816 1    
27:   0.619 0.342 0.039 1    
28:   0.420 0.430 0.150 1    
29:   0.254 0.045 0.701 1    
30:   0.594 0.235 0.171 1    
31:   0.164 0.692 0.144 1    
32:   0.537 0.248 0.214 1    
33:   0.173 0.561 0.266 1    
34:   0.289 0.445 0.266 1    
35:   0.734 0.061 0.205 1    
36:   0.218 0.058 0.724 1    
37:   0.093 0.771 0.136 1    
38:   0.528 0.053 0.419 1    
39:   0.539 0.326 0.134 1    
40:   0.131 0.813 0.056 1    
41:   0.534 0.062 0.404 1    
42:   0.073 0.738 0.188 1    
43:   0.028 0.053 0.918 1    
44:   0.037 0.135 0.829 1    
45:   0.475 0.463 0.062 1    
46:   0.053 0.207 0.740 1    
47:   0.509 0.398 0.093 1    
48:   0.239 0.087 0.673 1    
49:   0.660 0.126 0.214 1    
50:   0.815 0.128 0.057 1    
51:   0.531 0.252 0.217 1    
52:   0.132 0.797 0.071 1    
53:   0.748 0.102 0.150 1    
54:   0.433 0.351 0.216 1    
55:   0.152 0.704 0.144 1    
56:   0.225 0.161 0.614 1    
57:   0.128 0.035 0.837 1    
58:   0.095 0.027 0.878 1    
59:   0.358 0.050 0.592 1    
60:   0.350 0.089 0.561 1    
61:   0.052 0.925 0.023 1    
62:   0.058 0.033 0.909 1    
63:   0.627 0.307 0.066 1    
64:   0.694 0.122 0.183 1    
65:   0.443 0.307 0.250 1    
66:   0.805 0.124 0.071 1    
67:   0.076 0.201 0.723 1    
68:   0.093 0.042 0.865 1    
69:   0.635 0.349 0.016 1    
70:   0.024 0.019 0.956 1    
71:   0.528 0.052 0.420 1    
72:   0.303 0.067 0.630 1    
73:   0.399 0.533 0.068 1    
74:   0.683 0.259 0.058 1    
75:   0.085 0.879 0.036 1    
76:   0.119 0.082 0.799 1    
77:   0.274 0.081 0.645 1    
78:   0.086 0.853 0.061 1    
79:   0.067 0.887 0.046 1    
80:   0.093 0.035 0.872 1    
81:   0.876 0.070 0.053 1    
82:   0.506 0.392 0.101 1    
83:   0.247 0.057 0.696 1    
84:   0.373 0.172 0.455 1    
85:   0.543 0.335 0.122 1    
86:   0.183 0.139 0.678 1    
87:   0.307 0.117 0.577 1    
88:   0.319 0.151 0.530 1    
89:   0.050 0.904 0.046 1    
90:   0.081 0.111 0.808 1    
91:   0.305 0.665 0.029 1    
92:   0.091 0.077 0.832 1    
93:   0.670 0.149 0.181 1    
94:   0.817 0.090 0.093 1    
95:   0.481 0.123 0.397 1    
96:   0.208 0.721 0.072 1    
97:   0.041 0.067 0.892 1    
98:   0.162 0.694 0.144 1    
99:   0.269 0.501 0.230 1    
100:  0.067 0.902 0.031 1    
101:  0.203 0.053 0.744 1    
102:  0.805 0.125 0.070 1    
103:  0.214 0.081 0.705 1    
104:  0.052 0.916 0.032 1    
105:  0.042 0.928 0.030 1    
106:  0.848 0.041 0.110 1    
107:  0.843 0.078 0.079 1    
108:  0.073 0.908 0.019 1    
109:  0.065 0.877 0.058 1    
110:  0.147 0.333 0.521 1    
111:  0.188 0.769 0.043 1    
112:  0.599 0.282 0.119 1    
113:  0.068 0.321 0.611 1    
114:  0.075 0.746 0.179 1    
115:  0.881 0.089 0.031 1    
116:  0.744 0.218 0.038 1    
117:  0.102 0.048 0.850 1    
118:  0.465 0.464 0.071 1    
119:  0.144 0.794 0.062 1    
120:  0.545 0.106 0.349 1    
121:  0.221 0.050 0.730 1    
122:  0.256 0.174 0.569 1    
123:  0.047 0.049 0.904 1    
124:  0.123 0.060 0.817 1    
125:  0.195 0.241 0.564 1    
126:  0.269 0.087 0.644 1    
127:  0.481 0.183 0.336 1    
128:  0.201 0.752 0.047 1    
129:  0.262 0.227 0.511 1    
130:  0.661 0.058 0.281 1    
131:  0.081 0.327 0.592 1    
132:  0.641 0.226 0.133 1    
133:  0.047 0.917 0.036 1    
134:  0.476 0.059 0.465 1    
135:  0.494 0.069 0.438 1    
136:  0.569 0.255 0.176 1    
137:  0.747 0.129 0.124 1    
138:  0.143 0.768 0.090 1    
139:  0.462 0.438 0.100 1    
140:  0.197 0.045 0.758 1    
141:  0.607 0.183 0.210 1    
142:  0.155 0.803 0.043 1    
143:  0.449 0.133 0.418 1    
144:  0.615 0.097 0.288 1    
145:  0.125 0.111 0.764 1    
146:  0.474 0.085 0.441 1    
147:  0.127 0.240 0.632 1    
148:  0.111 0.055 0.834 1    
149:  0.089 0.813 0.098 1    
150:  0.432 0.433 0.135 1    
151:  0.056 0.911 0.033 1    
152:  0.239 0.034 0.728 1    
153:  0.155 0.815 0.030 1    
154:  0.526 0.179 0.295 1    
155:  0.495 0.058 0.447 1    
156:  0.535 0.211 0.254 1    
157:  0.096 0.154 0.750 1    
158:  0.387 0.263 0.350 1    
159:  0.697 0.118 0.185 1    
160:  0.533 0.416 0.051 1    
161:  0.424 0.495 0.081 1    
162:  0.284 0.064 0.652 1    
163:  0.195 0.247 0.558 1    
164:  0.503 0.435 0.062 1    
165:  0.237 0.388 0.375 1    
166:  0.373 0.530 0.098 1    
167:  0.292 0.498 0.209 1    
168:  0.503 0.267 0.230 1    
169:  0.614 0.343 0.043 1    
170:  0.788 0.072 0.140 1    
171:  0.097 0.145 0.758 1    
172:  0.081 0.886 0.033 1    
173:  0.157 0.815 0.028 1    
174:  0.303 0.358 0.339 1    
175:  0.220 0.168 0.612 1    
176:  0.860 0.052 0.087 1    
177:  0.303 0.195 0.502 1    
178:  0.127 0.798 0.075 1    
179:  0.149 0.716 0.135 1    
180:  0.894 0.056 0.050 1    
181:  0.661 0.176 0.163 1    
182:  0.056 0.874 0.070 1    
183:  0.448 0.512 0.040 1    
184:  0.332 0.446 0.222 1    
185:  0.450 0.378 0.171 1    
186:  0.762 0.137 0.101 1    
187:  0.178 0.050 0.773 1    
188:  0.513 0.458 0.030 1    
189:  0.336 0.199 0.465 1    
190:  0.633 0.159 0.209 1    
191:  0.101 0.845 0.054 1    
192:  0.269 0.271 0.460 1    
193:  0.419 0.356 0.225 1    
194:  0.488 0.070 0.441 1    
195:  0.088 0.851 0.061 1    
196:  0.878 0.050 0.073 1    
197:  0.299 0.176 0.524 1    
198:  0.070 0.879 0.052 1    
199:  0.066 0.149 0.784 1    
200:  0.045 0.897 0.058 1    
201:  0.926 0.047 0.027 1    
202:  0.082 0.073 0.844 1    
203:  0.331 0.052 0.617 1    
204:  0.199 0.356 0.445 1    
205:  0.035 0.038 0.927 1    
206:  0.184 0.054 0.762 1    
207:  0.359 0.579 0.061 1    
208:  0.044 0.915 0.042 1    
209:  0.124 0.777 0.099 1    
210:  0.306 0.179 0.515 1    
211:  0.100 0.848 0.051 1    
212:  0.060 0.906 0.034 1    
213:  0.503 0.104 0.393 1    
214:  0.374 0.029 0.598 1    
215:  0.174 0.773 0.053 1    
216:  0.115 0.843 0.041 1    
217:  0.164 0.056 0.780 1    
218:  0.069 0.105 0.826 1    
219:  0.284 0.695 0.021 1    
220:  0.296 0.221 0.484 1    
221:  0.495 0.045 0.460 1    
222:  0.643 0.141 0.216 1    
223:  0.367 0.064 0.569 1    
224:  0.301 0.349 0.351 1    
225:  0.827 0.097 0.076 1    
226:  0.401 0.426 0.172 1    
227:  0.034 0.028 0.938 1    
228:  0.118 0.176 0.706 1    
229:  0.333 0.566 0.101 1    
230:  0.139 0.595 0.266 1    
231:  0.065 0.909 0.026 1    
232:  0.076 0.679 0.244 1    
233:  0.191 0.769 0.040 1    
234:  0.065 0.874 0.061 1    
235:  0.892 0.047 0.061 1    
236:  0.226 0.064 0.710 1    
237:  0.099 0.830 0.071 1    
238:  0.448 0.048 0.504 1    
239:  0.263 0.327 0.410 1    
240:  0.497 0.095 0.408 1    
241:  0.709 0.170 0.121 1    
242:  0.389 0.466 0.145 1    
243:  0.128 0.436 0.436 1    
244:  0.075 0.061 0.864 1    
245:  0.148 0.822 0.030 1    
246:  0.100 0.710 0.190 1    
247:  0.675 0.237 0.088 1    
248:  0.790 0.114 0.095 1    
249:  0.098 0.855 0.047 1    
250:  0.704 0.183 0.113 1    
251:  0.041 0.925 0.033 1    
252:  0.405 0.160 0.435 1    
253:  0.070 0.036 0.894 1    
254:  0.663 0.063 0.275 1    
255:  0.117 0.679 0.204 1    
256:  0.258 0.044 0.698 1    
257:  0.238 0.698 0.064 1    
258:  0.731 0.237 0.031 1    
259:  0.600 0.374 0.026 1    
260:  0.557 0.087 0.356 1    
261:  0.105 0.061 0.834 1    
262:  0.092 0.101 0.807 1    
263:  0.634 0.089 0.277 1    
264:  0.048 0.033 0.919 1    
265:  0.372 0.196 0.432 1    
266:  0.800 0.084 0.116 1    
267:  0.102 0.860 0.038 1    
268:  0.072 0.858 0.071 1    
269:  0.621 0.261 0.118 1    
270:  0.886 0.069 0.044 1    
271:  0.080 0.055 0.865 1    
272:  0.100 0.122 0.779 1    
273:  0.073 0.877 0.050 1    
274:  0.894 0.063 0.044 1    
275:  0.265 0.553 0.182 1    
276:  0.729 0.159 0.112 1    
277:  0.380 0.045 0.576 1    
278:  0.214 0.560 0.226 1    
279:  0.504 0.051 0.445 1    
280:  0.510 0.108 0.382 1    
281:  0.063 0.906 0.030 1    
282:  0.165 0.034 0.801 1    
283:  0.132 0.381 0.487 1    
284:  0.235 0.568 0.197 1    
285:  0.195 0.440 0.365 1    
286:  0.329 0.192 0.480 1    
287:  0.074 0.060 0.865 1    
288:  0.365 0.083 0.552 1    
289:  0.495 0.459 0.046 1    
290:  0.087 0.047 0.865 1    
291:  0.098 0.028 0.874 1    
292:  0.056 0.667 0.277 1    
293:  0.230 0.741 0.030 1    
294:  0.435 0.063 0.502 1    
295:  0.078 0.101 0.821 1    
296:  0.140 0.059 0.800 1    
297:  0.114 0.254 0.631 1    
298:  0.624 0.356 0.021 1    
299:  0.646 0.169 0.184 1    
300:  0.790 0.182 0.027 1    
301:  0.338 0.154 0.508 1    
302:  0.851 0.124 0.025 1    
303:  0.438 0.034 0.528 1    
304:  0.833 0.099 0.068 1    
305:  0.540 0.285 0.175 1    
306:  0.548 0.346 0.106 1    
307:  0.508 0.196 0.296 1    
308:  0.613 0.260 0.127 1    
309:  0.746 0.173 0.082 1    
310:  0.112 0.854 0.034 1    
311:  0.178 0.769 0.053 1    
312:  0.923 0.058 0.019 1    
313:  0.065 0.059 0.876 1    
314:  0.473 0.443 0.084 1    
315:  0.732 0.224 0.043 1    
316:  0.046 0.906 0.048 1    
317:  0.130 0.822 0.048 1    
318:  0.770 0.155 0.075 1    
319:  0.043 0.930 0.028 1    
320:  0.657 0.280 0.063 1    
321:  0.104 0.245 0.651 1    
322:  0.652 0.275 0.073 1    
323:  0.348 0.076 0.576 1    
324:  0.492 0.458 0.050 1    
325:  0.066 0.895 0.039 1    
326:  0.247 0.109 0.644 1    
327:  0.081 0.800 0.119 1    
328:  0.526 0.062 0.412 1    
329:  0.622 0.044 0.334 1    
330:  0.233 0.057 0.710 1    
331:  0.464 0.468 0.068 1    
332:  0.209 0.058 0.733 1    
333:  0.354 0.483 0.163 1    
334:  0.084 0.875 0.042 1    
335:  0.135 0.831 0.034 1    
336:  0.467 0.109 0.424 1    
337:  0.360 0.434 0.205 1    
338:  0.608 0.082 0.309 1    
339:  0.057 0.900 0.043 1    
340:  0.169 0.084 0.747 1    
341:  0.320 0.050 0.630 1    
342:  0.043 0.103 0.853 1    
343:  0.376 0.568 0.056 1    
344:  0.669 0.170 0.161 1    
345:  0.057 0.900 0.043 1    
346:  0.565 0.361 0.074 1    
347:  0.423 0.493 0.084 1    
348:  0.181 0.702 0.117 1    
349:  0.140 0.773 0.087 1    
350:  0.168 0.755 0.076 1    
351:  0.408 0.198 0.394 1    
352:  0.173 0.080 0.746 1    
353:  0.092 0.854 0.054 1    
354:  0.152 0.583 0.264 1    
355:  0.254 0.597 0.149 1    
356:  0.620 0.332 0.048 1    
357:  0.052 0.066 0.882 1    
358:  0.818 0.114 0.069 1    
359:  0.417 0.193 0.391 1    
360:  0.061 0.105 0.834 1    
361:  0.817 0.042 0.141 1    
362:  0.313 0.115 0.572 1    
363:  0.502 0.037 0.461 1    
364:  0.445 0.273 0.281 1    
365:  0.534 0.408 0.058 1    
366:  0.585 0.175 0.241 1    
367:  0.702 0.193 0.105 1    
368:  0.465 0.327 0.209 1    
369:  0.075 0.046 0.879 1    
370:  0.278 0.592 0.130 1    
371:  0.083 0.088 0.829 1    
372:  0.093 0.078 0.830 1    
373:  0.284 0.276 0.440 1    
374:  0.658 0.272 0.071 1    
375:  0.050 0.044 0.906 1    
376:  0.066 0.858 0.076 1    
377:  0.469 0.437 0.094 1    
378:  0.488 0.419 0.093 1    
379:  0.103 0.825 0.071 1    
380:  0.198 0.460 0.342 1    
381:  0.504 0.103 0.394 1    
382:  0.053 0.157 0.790 1    
383:  0.358 0.066 0.576 1    
384:  0.604 0.236 0.160 1    
385:  0.147 0.814 0.039 1    
386:  0.423 0.107 0.470 1    
387:  0.225 0.030 0.745 1    
388:  0.235 0.119 0.646 1    
389:  0.081 0.687 0.232 1    
390:  0.074 0.091 0.835 1    
391:  0.365 0.442 0.194 1    
392:  0.620 0.059 0.321 1    
393:  0.321 0.334 0.345 1    
394:  0.235 0.725 0.040 1    
395:  0.473 0.070 0.456 1    
396:  0.165 0.197 0.638 1    
397:  0.110 0.040 0.851 1    
398:  0.749 0.088 0.164 1    
399:  0.154 0.095 0.751 1    
400:  0.227 0.138 0.636 1    
401:  0.465 0.042 0.493 1    
402:  0.071 0.870 0.058 1    
403:  0.704 0.114 0.182 1    
404:  0.496 0.450 0.055 1    
405:  0.157 0.766 0.077 1    
406:  0.062 0.084 0.855 1    
407:  0.050 0.087 0.863 1    
408:  0.787 0.174 0.039 1    
409:  0.397 0.309 0.294 1    
410:  0.104 0.031 0.865 1    
411:  0.303 0.099 0.598 1    
412:  0.588 0.329 0.083 1    
413:  0.193 0.684 0.122 1    
414:  0.323 0.391 0.286 1    
415:  0.517 0.414 0.069 1    
416:  0.057 0.901 0.042 1    
417:  0.144 0.099 0.757 1    
418:  0.346 0.306 0.348 1    
419:  0.133 0.250 0.617 1    
420:  0.397 0.062 0.541 1    
421:  0.229 0.616 0.155 1    
422:  0.452 0.407 0.141 1    
423:  0.489 0.030 0.481 1    
424:  0.569 0.380 0.051 1    
425:  0.178 0.060 0.761 1    
426:  0.230 0.594 0.176 1    
427:  0.260 0.231 0.509 1    
428:  0.163 0.074 0.762 1    
429:  0.282 0.057 0.660 1    
430:  0.904 0.059 0.037 1    
431:  0.599 0.123 0.278 1    
432:  0.088 0.855 0.057 1    
433:  0.064 0.125 0.812 1    
434:  0.180 0.763 0.057 1    
435:  0.540 0.371 0.090 1    
436:  0.104 0.263 0.633 1    
437:  0.541 0.354 0.105 1    
438:  0.366 0.566 0.069 1    
439:  0.429 0.137 0.434 1    
440:  0.582 0.377 0.040 1    
441:  0.084 0.822 0.094 1    
442:  0.410 0.122 0.468 1    
443:  0.062 0.125 0.813 1    
444:  0.390 0.062 0.548 1    
445:  0.500 0.090 0.410 1    
446:  0.076 0.891 0.033 1    
447:  0.337 0.073 0.590 1    
448:  0.836 0.113 0.050 1    
449:  0.507 0.447 0.046 1    
450:  0.038 0.917 0.045 1    
451:  0.056 0.907 0.038 1    
452:  0.051 0.046 0.903 1    
453:  0.074 0.881 0.045 1    
454:  0.326 0.604 0.071 1    
455:  0.188 0.100 0.712 1    
456:  0.057 0.890 0.053 1    
457:  0.377 0.513 0.110 1    
458:  0.209 0.053 0.738 1    
459:  0.059 0.863 0.079 1    
460:  0.072 0.035 0.893 1    
461:  0.466 0.475 0.059 1    
462:  0.048 0.898 0.054 1    
463:  0.188 0.764 0.049 1    
464:  0.164 0.063 0.774 1    
465:  0.089 0.878 0.033 1    
466:  0.113 0.070 0.818 1    
467:  0.047 0.081 0.872 1    
468:  0.499 0.115 0.387 1    
469:  0.023 0.026 0.951 1    
470:  0.482 0.447 0.071 1    
471:  0.527 0.067 0.406 1    
472:  0.468 0.129 0.403 1    
473:  0.467 0.094 0.438 1    
474:  0.205 0.048 0.747 1    
475:  0.847 0.031 0.122 1    
476:  0.095 0.872 0.034 1    
477:  0.753 0.047 0.200 1    
478:  0.524 0.418 0.058 1    
479:  0.106 0.055 0.839 1    
480:  0.075 0.115 0.810 1    
481:  0.608 0.164 0.229 1    
482:  0.500 0.444 0.056 1    
483:  0.272 0.138 0.590 1    
484:  0.061 0.038 0.901 1    
485:  0.058 0.054 0.887 1    
486:  0.037 0.914 0.049 1    
487:  0.108 0.076 0.816 1    
488:  0.271 0.089 0.640 1    
489:  0.601 0.361 0.037 1    
490:  0.516 0.350 0.134 1    
491:  0.083 0.166 0.751 1    
492:  0.065 0.062 0.874 1    
              
              
1:    0.581 0.360 0.058 1    
2:    0.154 0.119 0.727 1    
3:    0.057 0.130 0.813 1    
4:    0.574 0.374 0.052 1    
5:    0.137 0.788 0.075 1    
6:    0.091 0.136 0.773 1    
7:    0.177 0.215 0.608 1    
8:    0.779 0.177 0.045 1    
9:    0.035 0.353 0.611 1    
10:   0.122 0.826 0.052 1    
11:   0.824 0.104 0.072 1    
12:   0.364 0.139 0.497 1    
13:   0.724 0.183 0.093 1    
14:   0.156 0.417 0.427 1    
15:   0.159 0.581 0.260 1    
16:   0.814 0.118 0.068 1    
17:   0.627 0.141 0.231 1    
18:   0.669 0.160 0.171 1    
19:   0.178 0.448 0.374 1    
20:   0.286 0.487 0.226 1    
21:   0.241 0.633 0.126 1    
22:   0.084 0.838 0.077 1    
23:   0.071 0.047 0.882 1    
24:   0.039 0.331 0.630 1    
25:   0.801 0.128 0.071 1    
26:   0.072 0.130 0.798 1    
27:   0.413 0.547 0.040 1    
28:   0.224 0.645 0.130 1    
29:   0.066 0.267 0.667 1    
30:   0.169 0.731 0.100 1    
31:   0.523 0.250 0.226 1    
32:   0.146 0.716 0.138 1    
33:   0.460 0.261 0.279 1    
34:   0.324 0.417 0.259 1    
35:   0.115 0.629 0.256 1    
36:   0.059 0.324 0.616 1    
37:   0.712 0.103 0.185 1    
38:   0.040 0.742 0.218 1    
39:   0.474 0.427 0.100 1    
40:   0.774 0.154 0.073 1    
41:   0.082 0.594 0.324 1    
42:   0.659 0.102 0.240 1    
43:   0.026 0.036 0.938 1    
44:   0.061 0.043 0.896 1    
45:   0.785 0.160 0.054 1    
46:   0.101 0.055 0.844 1    
47:   0.688 0.228 0.084 1    
48:   0.082 0.370 0.548 1    
49:   0.114 0.666 0.220 1    
50:   0.156 0.766 0.079 1    
51:   0.252 0.532 0.216 1    
52:   0.747 0.174 0.079 1    
53:   0.068 0.835 0.097 1    
54:   0.546 0.242 0.212 1    
55:   0.657 0.141 0.201 1    
56:   0.118 0.343 0.539 1    
57:   0.037 0.124 0.839 1    
58:   0.032 0.151 0.816 1    
59:   0.058 0.476 0.467 1    
60:   0.078 0.386 0.537 1    
61:   0.880 0.067 0.053 1    
62:   0.039 0.103 0.858 1    
63:   0.460 0.480 0.060 1    
64:   0.120 0.713 0.167 1    
65:   0.203 0.575 0.221 1    
66:   0.136 0.788 0.076 1    
67:   0.104 0.082 0.815 1    
68:   0.048 0.142 0.809 1    
69:   0.642 0.339 0.019 1    
70:   0.022 0.042 0.936 1    
71:   0.062 0.651 0.287 1    
72:   0.064 0.357 0.579 1    
73:   0.831 0.107 0.061 1    
74:   0.111 0.843 0.046 1    
75:   0.829 0.112 0.059 1    
76:   0.092 0.122 0.786 1    
77:   0.095 0.297 0.609 1    
78:   0.780 0.120 0.100 1    
79:   0.888 0.057 0.055 1    
80:   0.041 0.164 0.795 1    
81:   0.083 0.865 0.052 1    
82:   0.404 0.460 0.136 1    
83:   0.064 0.262 0.674 1    
84:   0.188 0.364 0.448 1    
85:   0.599 0.286 0.115 1    
86:   0.155 0.197 0.647 1    
87:   0.118 0.330 0.552 1    
88:   0.106 0.367 0.527 1    
89:   0.845 0.068 0.088 1    
90:   0.069 0.067 0.864 1    
91:   0.629 0.343 0.027 1    
92:   0.066 0.081 0.854 1    
93:   0.100 0.772 0.127 1    
94:   0.127 0.768 0.105 1    
95:   0.075 0.655 0.270 1    
96:   0.576 0.342 0.082 1    
97:   0.037 0.037 0.926 1    
98:   0.652 0.195 0.153 1    
99:   0.334 0.399 0.267 1    
100:  0.899 0.060 0.041 1    
101:  0.064 0.274 0.661 1    
102:  0.088 0.869 0.043 1    
103:  0.082 0.273 0.645 1    
104:  0.874 0.051 0.075 1    
105:  0.920 0.042 0.037 1    
106:  0.035 0.902 0.063 1    
107:  0.151 0.739 0.109 1    
108:  0.926 0.052 0.023 1    
109:  0.819 0.081 0.101 1    
110:  0.214 0.142 0.644 1    
111:  0.666 0.267 0.066 1    
112:  0.452 0.416 0.132 1    
113:  0.170 0.092 0.737 1    
114:  0.640 0.081 0.279 1    
115:  0.143 0.823 0.034 1    
116:  0.376 0.583 0.041 1    
117:  0.045 0.152 0.803 1    
118:  0.752 0.186 0.062 1    
119:  0.701 0.216 0.083 1    
120:  0.090 0.583 0.327 1    
121:  0.052 0.319 0.629 1    
122:  0.102 0.305 0.593 1    
123:  0.036 0.053 0.911 1    
124:  0.059 0.196 0.745 1    
125:  0.181 0.125 0.694 1    
126:  0.110 0.304 0.586 1    
127:  0.155 0.508 0.337 1    
128:  0.700 0.242 0.058 1    
129:  0.133 0.273 0.593 1    
130:  0.063 0.740 0.197 1    
131:  0.145 0.113 0.742 1    
132:  0.244 0.646 0.110 1    
133:  0.887 0.048 0.064 1    
134:  0.038 0.562 0.400 1    
135:  0.067 0.692 0.240 1    
136:  0.437 0.368 0.194 1    
137:  0.111 0.762 0.127 1    
138:  0.662 0.217 0.121 1    
139:  0.755 0.155 0.090 1    
140:  0.042 0.328 0.629 1    
141:  0.121 0.684 0.195 1    
142:  0.719 0.214 0.067 1    
143:  0.177 0.443 0.380 1    
144:  0.086 0.739 0.175 1    
145:  0.078 0.139 0.783 1    
146:  0.082 0.599 0.319 1    
147:  0.142 0.126 0.732 1    
148:  0.067 0.151 0.781 1    
149:  0.708 0.119 0.173 1    
150:  0.344 0.542 0.114 1    
151:  0.881 0.046 0.073 1    
152:  0.039 0.390 0.570 1    
153:  0.867 0.102 0.031 1    
154:  0.115 0.670 0.215 1    
155:  0.050 0.595 0.355 1    
156:  0.245 0.545 0.210 1    
157:  0.124 0.077 0.799 1    
158:  0.254 0.392 0.355 1    
159:  0.164 0.606 0.229 1    
160:  0.732 0.213 0.055 1    
161:  0.795 0.141 0.065 1    
162:  0.070 0.445 0.485 1    
163:  0.144 0.285 0.570 1    
164:  0.763 0.177 0.060 1    
165:  0.355 0.268 0.377 1    
166:  0.450 0.444 0.106 1    
167:  0.399 0.418 0.183 1    
168:  0.359 0.487 0.154 1    
169:  0.635 0.317 0.048 1    
170:  0.121 0.712 0.168 1    
171:  0.093 0.128 0.779 1    
172:  0.886 0.077 0.037 1    
173:  0.759 0.211 0.030 1    
174:  0.351 0.302 0.347 1    
175:  0.115 0.205 0.679 1    
176:  0.097 0.800 0.103 1    
177:  0.199 0.293 0.508 1    
178:  0.722 0.176 0.102 1    
179:  0.599 0.187 0.214 1    
180:  0.080 0.871 0.048 1    
181:  0.101 0.759 0.140 1    
182:  0.849 0.040 0.111 1    
183:  0.849 0.117 0.034 1    
184:  0.389 0.395 0.216 1    
185:  0.451 0.365 0.183 1    
186:  0.179 0.718 0.103 1    
187:  0.052 0.257 0.691 1    
188:  0.801 0.169 0.030 1    
189:  0.229 0.299 0.471 1    
190:  0.161 0.682 0.157 1    
191:  0.802 0.134 0.064 1    
192:  0.377 0.143 0.480 1    
193:  0.401 0.372 0.227 1    
194:  0.052 0.680 0.268 1    
195:  0.745 0.153 0.102 1    
196:  0.064 0.864 0.072 1    
197:  0.154 0.429 0.416 1    
198:  0.849 0.090 0.062 1    
199:  0.083 0.071 0.846 1    
200:  0.820 0.072 0.108 1    
201:  0.096 0.873 0.032 1    
202:  0.078 0.089 0.833 1    
203:  0.052 0.463 0.485 1    
204:  0.260 0.271 0.469 1    
205:  0.032 0.035 0.933 1    
206:  0.067 0.233 0.700 1    
207:  0.335 0.567 0.098 1    
208:  0.856 0.062 0.082 1    
209:  0.822 0.093 0.085 1    
210:  0.185 0.380 0.435 1    
211:  0.828 0.122 0.049 1    
212:  0.894 0.064 0.043 1    
213:  0.142 0.497 0.362 1    
214:  0.034 0.582 0.384 1    
215:  0.671 0.251 0.078 1    
216:  0.769 0.167 0.064 1    
217:  0.062 0.132 0.806 1    
218:  0.059 0.070 0.871 1    
219:  0.531 0.445 0.024 1    
220:  0.171 0.293 0.536 1    
221:  0.040 0.669 0.291 1    
222:  0.098 0.707 0.194 1    
223:  0.074 0.499 0.427 1    
224:  0.356 0.317 0.327 1    
225:  0.155 0.748 0.097 1    
226:  0.389 0.420 0.191 1    
227:  0.026 0.046 0.927 1    
228:  0.105 0.132 0.764 1    
229:  0.785 0.137 0.078 1    
230:  0.409 0.203 0.388 1    
231:  0.852 0.099 0.049 1    
232:  0.543 0.089 0.368 1    
233:  0.624 0.328 0.049 1    
234:  0.821 0.088 0.091 1    
235:  0.064 0.881 0.055 1    
236:  0.067 0.323 0.610 1    
237:  0.759 0.124 0.117 1    
238:  0.046 0.606 0.348 1    
239:  0.460 0.104 0.437 1    
240:  0.106 0.610 0.284 1    
241:  0.150 0.759 0.092 1    
242:  0.772 0.128 0.100 1    
243:  0.369 0.189 0.442 1    
244:  0.044 0.147 0.808 1    
245:  0.822 0.135 0.043 1    
246:  0.594 0.131 0.275 1    
247:  0.371 0.550 0.078 1    
248:  0.165 0.725 0.111 1    
249:  0.758 0.162 0.080 1    
250:  0.198 0.683 0.120 1    
251:  0.898 0.028 0.074 1    
252:  0.177 0.487 0.335 1    
253:  0.032 0.092 0.875 1    
254:  0.088 0.637 0.275 1    
255:  0.523 0.176 0.301 1    
256:  0.052 0.391 0.557 1    
257:  0.824 0.124 0.053 1    
258:  0.453 0.509 0.038 1    
259:  0.669 0.299 0.032 1    
260:  0.090 0.617 0.293 1    
261:  0.054 0.096 0.850 1    
262:  0.080 0.101 0.819 1    
263:  0.080 0.756 0.164 1    
264:  0.032 0.063 0.905 1    
265:  0.236 0.214 0.550 1    
266:  0.103 0.777 0.119 1    
267:  0.818 0.137 0.045 1    
268:  0.810 0.089 0.101 1    
269:  0.365 0.513 0.123 1    
270:  0.120 0.836 0.044 1    
271:  0.049 0.124 0.828 1    
272:  0.095 0.114 0.791 1    
273:  0.839 0.074 0.087 1    
274:  0.139 0.807 0.054 1    
275:  0.518 0.304 0.179 1    
276:  0.172 0.718 0.110 1    
277:  0.058 0.448 0.494 1    
278:  0.519 0.225 0.256 1    
279:  0.088 0.521 0.391 1    
280:  0.100 0.514 0.386 1    
281:  0.875 0.062 0.063 1    
282:  0.039 0.229 0.732 1    
283:  0.243 0.140 0.617 1    
284:  0.514 0.242 0.244 1    
285:  0.468 0.171 0.361 1    
286:  0.320 0.256 0.424 1    
287:  0.059 0.100 0.841 1    
288:  0.089 0.444 0.467 1    
289:  0.206 0.727 0.067 1    
290:  0.048 0.135 0.817 1    
291:  0.032 0.181 0.787 1    
292:  0.511 0.061 0.428 1    
293:  0.712 0.258 0.030 1    
294:  0.071 0.543 0.386 1    
295:  0.071 0.064 0.866 1    
296:  0.060 0.183 0.757 1    
297:  0.118 0.150 0.731 1    
298:  0.601 0.377 0.021 1    
299:  0.207 0.663 0.130 1    
300:  0.324 0.647 0.028 1    
301:  0.240 0.252 0.508 1    
302:  0.252 0.717 0.030 1    
303:  0.034 0.577 0.389 1    
304:  0.134 0.791 0.075 1    
305:  0.165 0.624 0.211 1    
306:  0.195 0.738 0.067 1    
307:  0.111 0.732 0.157 1    
308:  0.295 0.581 0.124 1    
309:  0.181 0.735 0.084 1    
310:  0.856 0.103 0.041 1    
311:  0.782 0.164 0.054 1    
312:  0.167 0.808 0.024 1    
313:  0.056 0.043 0.901 1    
314:  0.735 0.187 0.077 1    
315:  0.452 0.499 0.049 1    
316:  0.891 0.047 0.062 1    
317:  0.815 0.136 0.049 1    
318:  0.244 0.665 0.092 1    
319:  0.914 0.044 0.041 1    
320:  0.546 0.383 0.071 1    
321:  0.170 0.101 0.729 1    
322:  0.102 0.848 0.050 1    
323:  0.085 0.408 0.508 1    
324:  0.778 0.171 0.051 1    
325:  0.867 0.071 0.062 1    
326:  0.125 0.273 0.602 1    
327:  0.761 0.109 0.129 1    
328:  0.081 0.650 0.268 1    
329:  0.049 0.703 0.248 1    
330:  0.067 0.285 0.648 1    
331:  0.252 0.650 0.098 1    
332:  0.063 0.320 0.617 1    
333:  0.607 0.210 0.183 1    
334:  0.869 0.084 0.047 1    
335:  0.769 0.166 0.064 1    
336:  0.075 0.482 0.443 1    
337:  0.686 0.152 0.162 1    
338:  0.063 0.787 0.149 1    
339:  0.852 0.071 0.077 1    
340:  0.077 0.170 0.753 1    
341:  0.065 0.361 0.574 1    
342:  0.056 0.052 0.892 1    
343:  0.863 0.093 0.044 1    
344:  0.119 0.807 0.074 1    
345:  0.845 0.072 0.083 1    
346:  0.659 0.266 0.075 1    
347:  0.315 0.603 0.082 1    
