 1:   0.3319  0.3361  0.3319  1
 2:   0.3361  0.3291  0.3347  1
 3:   0.3318  0.3346  0.3336  1
 4:   0.3343  0.3335  0.3323  1
 5:   0.3333  0.3323  0.3345  1
 6:   0.3404  0.3270  0.3326  1
 7:   0.3337  0.3327  0.3337  1
 8:   0.3345  0.3331  0.3323  1
 9:   0.3380  0.3304  0.3316  1
10:   0.3399  0.3275  0.3325  1
11:   0.3345  0.3329  0.3325  1
12:   0.3361  0.3319  0.3321  1
13:   0.3315  0.3321  0.3363  1
14:   0.3362  0.3308  0.3330  1
15:   0.3343  0.3323  0.3333  1
16:   0.3388  0.3304  0.3308  1
