  1:   0.0380  0.9280  0.0340  1
  2:   0.0180  0.9530  0.0290  1
  3:   0.0220  0.9600  0.0180  1
  4:   0.0180  0.9650  0.0170  1
  5:   0.0170  0.9670  0.0160  1
  6:   0.0170  0.9660  0.0170  1
  7:   0.0230  0.9470  0.0300  1
  8:   0.0160  0.9660  0.0180  1
  9:   0.0190  0.9660  0.0150  1
 10:   0.0120  0.9740  0.0140  1
 11:   0.0200  0.9610  0.0190  1
 12:   0.3260  0.4690  0.2050  1
 13:   0.0390  0.9250  0.0360  1
 14:   0.1698  0.6863  0.1439  1
 15:   0.1180  0.7870  0.0950  1
 16:   0.5954  0.0120  0.3926  1
 17:   0.1970  0.0100  0.7930  1
 18:   0.2030  0.0130  0.7840  1
 19:   0.2660  0.0580  0.6760  1
 20:   0.8040  0.0130  0.1830  1
 21:   0.2280  0.0160  0.7560  1
 22:   0.2270  0.3180  0.4550  1
 23:   0.4230  0.0930  0.4840  1
 24:   0.4220  0.0330  0.5450  1
 25:   0.4426  0.0290  0.5285  1
 26:   0.6150  0.0710  0.3140  1
 27:   0.4950  0.0190  0.4860  1
 28:   0.3283  0.0110  0.6607  1
 29:   0.5584  0.0150  0.4266  1
 30:   0.1852  0.0220  0.7928  1
 31:   0.1760  0.6980  0.1260  1
 32:   0.2492  0.0140  0.7367  1
 33:   0.3260  0.0150  0.6590  1
 34:   0.1600  0.6720  0.1680  1
 35:   0.5786  0.0771  0.3443  1
 36:   0.4120  0.0540  0.5340  1
 37:   0.5540  0.1020  0.3440  1
 38:   0.2770  0.0180  0.7050  1
 39:   0.3594  0.0150  0.6256  1
 40:   0.3620  0.0120  0.6260  1
 41:   0.5990  0.0210  0.3800  1
 42:   0.5360  0.0260  0.4380  1
 43:   0.6830  0.0350  0.2820  1
 44:   0.4290  0.0100  0.5610  1
 45:   0.6620  0.0200  0.3180  1
 46:   0.3470  0.0360  0.6170  1
 47:   0.6600  0.0340  0.3060  1
 48:   0.3760  0.0550  0.5690  1
 49:   0.3047  0.0579  0.6374  1
 50:   0.6617  0.0841  0.2543  1
 51:   0.5200  0.0520  0.4280  1
 52:   0.2840  0.0710  0.6450  1
 53:   0.2490  0.0280  0.7230  1
 54:   0.7063  0.0130  0.2807  1
 55:   0.1670  0.0110  0.8220  1
 56:   0.6350  0.0250  0.3400  1
 57:   0.6650  0.1560  0.1790  1
 58:   0.2970  0.0280  0.6750  1
 59:   0.3210  0.0150  0.6640  1
 60:   0.3030  0.0410  0.6560  1
 61:   0.6563  0.0080  0.3357  1
 62:   0.4000  0.0210  0.5790  1
 63:   0.5050  0.0400  0.4550  1
 64:   0.4610  0.0240  0.5150  1
 65:   0.7600  0.0110  0.2290  1
 66:   0.7050  0.0140  0.2810  1
 67:   0.2310  0.0170  0.7520  1
 68:   0.7610  0.0760  0.1630  1
 69:   0.4950  0.0110  0.4940  1
 70:   0.1960  0.0200  0.7840  1
 71:   0.8090  0.0180  0.1730  1
 72:   0.3010  0.0060  0.6930  1
 73:   0.4820  0.0670  0.4510  1
 74:   0.3207  0.0090  0.6703  1
 75:   0.5526  0.0260  0.4214  1
 76:   0.7440  0.1040  0.1520  1
 77:   0.2830  0.2250  0.4920  1
 78:   0.5820  0.0190  0.3990  1
 79:   0.3600  0.0100  0.6300  1
 80:   0.7490  0.0200  0.2310  1
 81:   0.3213  0.0200  0.6587  1
 82:   0.9150  0.0090  0.0760  1
 83:   0.5844  0.0230  0.3926  1
 84:   0.4240  0.0220  0.5540  1
 85:   0.5776  0.0190  0.4034  1
 86:   0.2070  0.0300  0.7630  1
 87:   0.6967  0.0100  0.2933  1
 88:   0.5880  0.0290  0.3830  1
 89:   0.9070  0.0130  0.0800  1
 90:   0.6710  0.0130  0.3160  1
 91:   0.4100  0.0120  0.5780  1
 92:   0.3890  0.0100  0.6010  1
 93:   0.2038  0.0280  0.7682  1
 94:   0.2740  0.0070  0.7190  1
 95:   0.3470  0.0170  0.6360  1
 96:   0.2860  0.3530  0.3610  1
 97:   0.3000  0.0140  0.6860  1
 98:   0.3150  0.0240  0.6610  1
 99:   0.5530  0.0250  0.4220  1
100:   0.4030  0.0290  0.5680  1
101:   0.5125  0.0330  0.4545  1
102:   0.4630  0.0150  0.5220  1
103:   0.3100  0.0580  0.6320  1
104:   0.8520  0.0120  0.1360  1
105:   0.8078  0.0220  0.1702  1
106:   0.8130  0.0240  0.1630  1
107:   0.5310  0.1430  0.3260  1
108:   0.2890  0.0080  0.7030  1
109:   0.2482  0.0390  0.7127  1
110:   0.7497  0.0120  0.2382  1
111:   0.3540  0.0260  0.6200  1
112:   0.2342  0.0160  0.7497  1
113:   0.5960  0.0070  0.3970  1
114:   0.5510  0.1300  0.3190  1
115:   0.5590  0.0110  0.4300  1
116:   0.7417  0.0420  0.2162  1
117:   0.4486  0.0150  0.5365  1
118:   0.2937  0.0240  0.6823  1
119:   0.2170  0.0200  0.7630  1
120:   0.2310  0.4070  0.3620  1
121:   0.3940  0.1260  0.4800  1
122:   0.5070  0.0070  0.4860  1
123:   0.4570  0.0140  0.5290  1
124:   0.4120  0.0260  0.5620  1
125:   0.6390  0.0080  0.3530  1
126:   0.2280  0.0080  0.7640  1
127:   0.4710  0.0440  0.4850  1
128:   0.7170  0.0260  0.2570  1
129:   0.5350  0.0230  0.4420  1
130:   0.2310  0.0190  0.7500  1
131:   0.3450  0.0140  0.6410  1
132:   0.4730  0.1820  0.3450  1
133:   0.2560  0.0080  0.7360  1
134:   0.4000  0.0100  0.5900  1
135:   0.2410  0.0070  0.7520  1
136:   0.6014  0.0070  0.3916  1
137:   0.2148  0.0370  0.7483  1
138:   0.5960  0.0500  0.3540  1
139:   0.4660  0.0190  0.5150  1
140:   0.3250  0.1020  0.5730  1
141:   0.5566  0.0090  0.4344  1
142:   0.2460  0.0170  0.7370  1
143:   0.1530  0.7280  0.1190  1
144:   0.6460  0.0140  0.3400  1
145:   0.3550  0.0780  0.5670  1
146:   0.2190  0.0070  0.7740  1
147:   0.3050  0.5380  0.1570  1
148:   0.2430  0.0210  0.7360  1
149:   0.5546  0.0460  0.3994  1
150:   0.5160  0.0340  0.4500  1
151:   0.2940  0.0230  0.6830  1
152:   0.3370  0.0170  0.6460  1
153:   0.7490  0.0200  0.2310  1
154:   0.1580  0.0080  0.8340  1
155:   0.4930  0.0380  0.4690  1
156:   0.4910  0.0160  0.4930  1
157:   0.3880  0.0480  0.5640  1
158:   0.6080  0.0130  0.3790  1
159:   0.8530  0.0400  0.1070  1
160:   0.5320  0.0100  0.4580  1
161:   0.4210  0.0800  0.4990  1
162:   0.3680  0.0290  0.6030  1
163:   0.2420  0.0160  0.7420  1
164:   0.6410  0.0070  0.3520  1
165:   0.4890  0.0650  0.4460  1
166:   0.3820  0.0290  0.5890  1
167:   0.6530  0.0110  0.3360  1
168:   0.3526  0.0290  0.6184  1
169:   0.7030  0.0770  0.2200  1
170:   0.2843  0.0280  0.6877  1
171:   0.2643  0.0110  0.7247  1
172:   0.3490  0.0180  0.6330  1
173:   0.4600  0.1610  0.3790  1
174:   0.6520  0.0470  0.3010  1
175:   0.6340  0.0270  0.3390  1
176:   0.4140  0.0330  0.5530  1
177:   0.3290  0.0240  0.6470  1
178:   0.4120  0.0600  0.5280  1
179:   0.1730  0.0120  0.8150  1
180:   0.5900  0.0220  0.3880  1
181:   0.3140  0.3650  0.3210  1
182:   0.3480  0.0420  0.6100  1
183:   0.6820  0.0260  0.2920  1
184:   0.2637  0.0549  0.6813  1
185:   0.4810  0.0370  0.4820  1
186:   0.5640  0.0260  0.4100  1
187:   0.6530  0.0270  0.3200  1
188:   0.6150  0.0380  0.3470  1
189:   0.2180  0.0330  0.7490  1
190:   0.3706  0.0190  0.6104  1
191:   0.3840  0.0570  0.5590  1
192:   0.3110  0.0160  0.6730  1
193:   0.6150  0.1420  0.2430  1
194:   0.2970  0.0430  0.6600  1
195:   0.3280  0.0560  0.6160  1
196:   0.4685  0.2192  0.3123  1
197:   0.1972  0.0080  0.7948  1
198:   0.2240  0.0140  0.7620  1
199:   0.1960  0.0130  0.7910  1
200:   0.4600  0.0190  0.5210  1
201:   0.4800  0.0170  0.5030  1
202:   0.5120  0.1060  0.3820  1
203:   0.5740  0.0360  0.3900  1
204:   0.4330  0.0310  0.5360  1
205:   0.4436  0.0110  0.5455  1
206:   0.4620  0.0160  0.5220  1
207:   0.4370  0.0270  0.5360  1
208:   0.5450  0.1050  0.3500  1
209:   0.7070  0.0140  0.2790  1
210:   0.4390  0.0100  0.5510  1
211:   0.2953  0.0100  0.6947  1
212:   0.4960  0.0220  0.4820  1
213:   0.5530  0.0860  0.3610  1
214:   0.5220  0.0140  0.4640  1
215:   0.6140  0.0260  0.3600  1
216:   0.3620  0.0400  0.5980  1
217:   0.5954  0.0490  0.3556  1
218:   0.4930  0.0290  0.4780  1
219:   0.4196  0.0120  0.5684  1
220:   0.7748  0.0350  0.1902  1
221:   0.3730  0.0090  0.6180  1
222:   0.5660  0.0080  0.4260  1
223:   0.2677  0.0340  0.6983  1
224:   0.3504  0.0100  0.6396  1
225:   0.2640  0.0080  0.7280  1
226:   0.6476  0.0160  0.3363  1
227:   0.7370  0.0130  0.2500  1
228:   0.7110  0.0490  0.2400  1
229:   0.2070  0.0110  0.7820  1
230:   0.7380  0.0220  0.2400  1
231:   0.6740  0.0400  0.2860  1
232:   0.4895  0.0100  0.5005  1
233:   0.5090  0.0280  0.4630  1
234:   0.3590  0.0130  0.6280  1
235:   0.6176  0.0280  0.3544  1
236:   0.5400  0.0960  0.3640  1
237:   0.6226  0.0090  0.3684  1
238:   0.4700  0.0320  0.4980  1
239:   0.5800  0.1480  0.2720  1
240:   0.2340  0.0080  0.7580  1
241:   0.2340  0.0090  0.7570  1
242:   0.5330  0.0310  0.4360  1
243:   0.2587  0.0180  0.7233  1
244:   0.3180  0.0590  0.6230  1
245:   0.4525  0.0100  0.5375  1
246:   0.4675  0.2358  0.2967  1
247:   0.6100  0.0250  0.3650  1
248:   0.2960  0.0650  0.6390  1
249:   0.7230  0.0430  0.2340  1
250:   0.5720  0.0180  0.4100  1
251:   0.2150  0.0120  0.7730  1
252:   0.1300  0.7520  0.1180  1
253:   0.2720  0.1030  0.6250  1
254:   0.4320  0.0090  0.5590  1
255:   0.2580  0.0190  0.7230  1
256:   0.2830  0.0120  0.7050  1
257:   0.4880  0.0090  0.5030  1
258:   0.4320  0.0240  0.5440  1
259:   0.2920  0.0660  0.6420  1
260:   0.3067  0.0120  0.6813  1
261:   0.6450  0.0270  0.3280  1
262:   0.6090  0.0520  0.3390  1
263:   0.4290  0.0460  0.5250  1
264:   0.2593  0.0210  0.7197  1
265:   0.3440  0.0210  0.6350  1
266:   0.2420  0.0160  0.7420  1
267:   0.4330  0.1360  0.4310  1
268:   0.5460  0.0160  0.4380  1
269:   0.3846  0.0140  0.6014  1
270:   0.3870  0.0070  0.6060  1
271:   0.2330  0.0150  0.7520  1
272:   0.2360  0.0330  0.7310  1
273:   0.5130  0.0300  0.4570  1
274:   0.7127  0.0581  0.2292  1
275:   0.7380  0.0130  0.2490  1
276:   0.6713  0.0190  0.3097  1
277:   0.1360  0.0090  0.8550  1
278:   0.2670  0.0110  0.7220  1
279:   0.2810  0.0290  0.6900  1
280:   0.4440  0.0120  0.5440  1
281:   0.2770  0.0300  0.6930  1
282:   0.2543  0.0240  0.7217  1
283:   0.1970  0.0170  0.7860  1
284:   0.3370  0.0110  0.6520  1
285:   0.6990  0.0250  0.2760  1
286:   0.7353  0.0280  0.2368  1
287:   0.3140  0.0120  0.6740  1
288:   0.3860  0.0230  0.5910  1
289:   0.3357  0.0220  0.6424  1
290:   0.2410  0.0350  0.7240  1
291:   0.3420  0.0390  0.6190  1
292:   0.3594  0.0090  0.6316  1
293:   0.5640  0.0110  0.4250  1
294:   0.2130  0.0330  0.7540  1
295:   0.2940  0.0240  0.6820  1
296:   0.5380  0.0390  0.4230  1
297:   0.5570  0.2130  0.2300  1
298:   0.6800  0.0220  0.2980  1
299:   0.6610  0.0070  0.3320  1
300:   0.5530  0.0490  0.3980  1
301:   0.5120  0.0370  0.4510  1
302:   0.4970  0.0190  0.4840  1
303:   0.5470  0.0970  0.3560  1
304:   0.3590  0.0200  0.6210  1
305:   0.2780  0.0110  0.7110  1
306:   0.4845  0.0160  0.4995  1
307:   0.6530  0.0310  0.3160  1
308:   0.5045  0.0230  0.4725  1
309:   0.2920  0.0170  0.6910  1
310:   0.3600  0.0180  0.6220  1
311:   0.7370  0.0260  0.2370  1
312:   0.7922  0.0290  0.1788  1
313:   0.2973  0.0210  0.6817  1
314:   0.6993  0.0110  0.2897  1
315:   0.4650  0.0790  0.4560  1
316:   0.6793  0.0699  0.2507  1
317:   0.4860  0.0760  0.4380  1
318:   0.5510  0.0150  0.4340  1
319:   0.1860  0.0110  0.8030  1
320:   0.4000  0.0090  0.5910  1
321:   0.4076  0.0170  0.5754  1
322:   0.1700  0.0320  0.7980  1
323:   0.2680  0.0180  0.7140  1
324:   0.7320  0.0170  0.2510  1
325:   0.3880  0.0080  0.6040  1
326:   0.3490  0.0090  0.6420  1
327:   0.5500  0.0420  0.4080  1
328:   0.4630  0.1150  0.4220  1
329:   0.3203  0.0120  0.6677  1
330:   0.2620  0.0340  0.7040  1
331:   0.2977  0.0220  0.6803  1
332:   0.2550  0.0300  0.7150  1
333:   0.5200  0.0270  0.4530  1
334:   0.2980  0.2710  0.4310  1
335:   0.2970  0.0090  0.6940  1
336:   0.2440  0.0150  0.7410  1
337:   0.2850  0.0520  0.6630  1
338:   0.3207  0.0569  0.6224  1
339:   0.3820  0.1370  0.4810  1
340:   0.7280  0.0250  0.2470  1
341:   0.3564  0.0180  0.6256  1
342:   0.2503  0.6907  0.0591  1
343:   0.3990  0.0330  0.5680  1
344:   0.4860  0.0280  0.4860  1
345:   0.3120  0.0480  0.6400  1
346:   0.3380  0.0250  0.6370  1
347:   0.7000  0.1000  0.2000  1
348:   0.6760  0.0070  0.3170  1
349:   0.4720  0.2020  0.3260  1
350:   0.6400  0.0210  0.3390  1
351:   0.3260  0.0130  0.6610  1
352:   0.3390  0.0080  0.6530  1
353:   0.2350  0.0090  0.7560  1
354:   0.5560  0.0150  0.4290  1
355:   0.8100  0.0210  0.1690  1
356:   0.7010  0.0690  0.2300  1
357:   0.5420  0.0150  0.4430  1
358:   0.7000  0.0090  0.2910  1
359:   0.3160  0.2970  0.3870  1
360:   0.5920  0.0220  0.3860  1
361:   0.4575  0.2268  0.3157  1
362:   0.7670  0.0460  0.1870  1
363:   0.7440  0.0090  0.2470  1
364:   0.3170  0.0630  0.6200  1
365:   0.3674  0.2432  0.3894  1
366:   0.5490  0.0380  0.4130  1
367:   0.2890  0.0210  0.6900  1
368:   0.1568  0.0160  0.8272  1
369:   0.6470  0.0100  0.3430  1
370:   0.3980  0.0120  0.5900  1
371:   0.5030  0.0140  0.4830  1
372:   0.6730  0.1840  0.1430  1
373:   0.6650  0.1400  0.1950  1
374:   0.2300  0.0970  0.6730  1
375:   0.4140  0.0240  0.5620  1
376:   0.3626  0.0120  0.6254  1
377:   0.5280  0.0310  0.4410  1
378:   0.3916  0.0220  0.5864  1
379:   0.7910  0.0320  0.1770  1
380:   0.1860  0.0130  0.8010  1
381:   0.3700  0.0200  0.6100  1
382:   0.3560  0.0160  0.6280  1
383:   0.6240  0.0150  0.3610  1
384:   0.4420  0.0160  0.5420  1
385:   0.5140  0.0220  0.4640  1
386:   0.5305  0.0220  0.4474  1
387:   0.3840  0.0270  0.5890  1
388:   0.6340  0.0840  0.2820  1
389:   0.6000  0.0100  0.3900  1
390:   0.3207  0.0120  0.6673  1
391:   0.3390  0.0230  0.6380  1
392:   0.6010  0.0310  0.3680  1
393:   0.4476  0.0170  0.5355  1
394:   0.6344  0.0300  0.3357  1
395:   0.3690  0.2030  0.4280  1
396:   0.5660  0.0080  0.4260  1
397:   0.4960  0.0350  0.4690  1
398:   0.2623  0.0270  0.7107  1
399:   0.5536  0.0170  0.4294  1
400:   0.5560  0.0430  0.4010  1
401:   0.4520  0.0180  0.5300  1
402:   0.2730  0.3710  0.3560  1
403:   0.4680  0.0440  0.4880  1
404:   0.0660  0.8810  0.0530  1
405:   0.6190  0.0850  0.2960  1
406:   0.6380  0.1640  0.1980  1
407:   0.1900  0.7500  0.0600  1
408:   0.3377  0.0210  0.6414  1
409:   0.1982  0.3824  0.4194  1
410:   0.5360  0.0170  0.4470  1
411:   0.6460  0.0160  0.3380  1
412:   0.2840  0.0490  0.6670  1
413:   0.5030  0.1750  0.3220  1
414:   0.4150  0.0420  0.5430  1
415:   0.3300  0.0120  0.6580  1
416:   0.6200  0.0110  0.3690  1
417:   0.8540  0.0180  0.1280  1
418:   0.8500  0.0140  0.1360  1
419:   0.3546  0.0739  0.5714  1
420:   0.5235  0.0771  0.3994  1
421:   0.8320  0.0130  0.1550  1
422:   0.7430  0.0130  0.2440  1
423:   0.3584  0.0270  0.6146  1
424:   0.5040  0.0100  0.4860  1
425:   0.7800  0.0160  0.2040  1
426:   0.3916  0.0509  0.5574  1
427:   0.7500  0.0260  0.2240  1
428:   0.3680  0.0500  0.5820  1
429:   0.7470  0.0220  0.2310  1
430:   0.4690  0.0150  0.5160  1
431:   0.8830  0.0160  0.1010  1
432:   0.1151  0.8148  0.0701  1
433:   0.4070  0.0670  0.5260  1
434:   0.5740  0.0290  0.3970  1
435:   0.6510  0.0260  0.3230  1
436:   0.6404  0.0260  0.3337  1
437:   0.7287  0.0110  0.2603  1
438:   0.7310  0.0160  0.2530  1
439:   0.1350  0.7420  0.1230  1
440:   0.8010  0.0750  0.1240  1
441:   0.5210  0.0430  0.4360  1
442:   0.2240  0.0190  0.7570  1
443:   0.4810  0.1010  0.4180  1
444:   0.5410  0.0580  0.4010  1
445:   0.5930  0.1740  0.2330  1
446:   0.4370  0.1820  0.3810  1
447:   0.5940  0.0390  0.3670  1
448:   0.4820  0.2090  0.3090  1
449:   0.4070  0.2070  0.3860  1
450:   0.5840  0.1740  0.2420  1
451:   0.2867  0.0300  0.6833  1
452:   0.7240  0.0860  0.1900  1
453:   0.6940  0.1790  0.1270  1
454:   0.3090  0.3950  0.2960  1
455:   0.4780  0.1540  0.3680  1
456:   0.4190  0.2400  0.3410  1
457:   0.6050  0.1750  0.2200  1
458:   0.4710  0.1770  0.3520  1
459:   0.3630  0.0220  0.6150  1
460:   0.2690  0.0190  0.7120  1
461:   0.6740  0.2270  0.0990  1
462:   0.0110  0.9790  0.0100  1
463:   0.0140  0.9760  0.0100  1
464:   0.0240  0.9580  0.0180  1
465:   0.5310  0.4130  0.0560  1
466:   0.0370  0.9421  0.0210  1
467:   0.1620  0.6880  0.1500  1
468:   0.2110  0.5740  0.2150  1
469:   0.3630  0.5300  0.1070  1
470:   0.0730  0.8890  0.0380  1
471:   0.2450  0.6170  0.1380  1
472:   0.3300  0.4960  0.1740  1
473:   0.3050  0.5470  0.1480  1
474:   0.0170  0.9650  0.0180  1
475:   0.2298  0.7223  0.0480  1
476:   0.0240  0.9500  0.0260  1
477:   0.0200  0.9550  0.0250  1
478:   0.2680  0.4870  0.2450  1
479:   0.0180  0.9650  0.0170  1
480:   0.0170  0.9700  0.0130  1
481:   0.0210  0.9610  0.0180  1
482:   0.0090  0.9810  0.0100  1
483:   0.0200  0.9610  0.0190  1
484:   0.5265  0.2088  0.2647  1
485:   0.0550  0.9140  0.0310  1
486:   0.0450  0.9279  0.0270  1
487:   0.0100  0.9790  0.0110  1
488:   0.0260  0.9550  0.0190  1
489:   0.1550  0.7840  0.0610  1
490:   0.2893  0.5165  0.1942  1
491:   0.0200  0.9630  0.0170  1
492:   0.0550  0.9230  0.0220  1
493:   0.0140  0.9730  0.0130  1
494:   0.0090  0.9810  0.0100  1
495:   0.0090  0.9830  0.0080  1
496:   0.0240  0.9510  0.0250  1
497:   0.4090  0.0820  0.5090  1
498:   0.1250  0.7520  0.1230  1
499:   0.0170  0.9690  0.0140  1
500:   0.1089  0.8102  0.0809  1
501:   0.0110  0.9790  0.0100  1
502:   0.0140  0.9710  0.0150  1
503:   0.0110  0.9800  0.0090  1
504:   0.0160  0.9680  0.0160  1
505:   0.0650  0.8640  0.0710  1
506:   0.0641  0.8679  0.0681  1
507:   0.0250  0.9590  0.0160  1
508:   0.1760  0.7160  0.1080  1
509:   0.0080  0.9840  0.0080  1
510:   0.0150  0.9700  0.0150  1
511:   0.0110  0.9780  0.0110  1
512:   0.0180  0.9620  0.0200  1
513:   0.4030  0.1050  0.4920  1
514:   0.0110  0.9750  0.0140  1
515:   0.0830  0.8920  0.0250  1
516:   0.1660  0.6620  0.1720  1
517:   0.0160  0.9690  0.0150  1
518:   0.0100  0.9810  0.0090  1
519:   0.0160  0.9660  0.0180  1
520:   0.0230  0.9540  0.0230  1
521:   0.0110  0.9780  0.0110  1
522:   0.0090  0.9830  0.0080  1
523:   0.0830  0.8380  0.0790  1
524:   0.0270  0.9560  0.0170  1
525:   0.0220  0.9590  0.0190  1
526:   0.0240  0.9560  0.0200  1
527:   0.0260  0.9530  0.0210  1
528:   0.0240  0.9580  0.0180  1
529:   0.1090  0.8430  0.0480  1
530:   0.0090  0.9810  0.0100  1
531:   0.0230  0.9520  0.0250  1
532:   0.0150  0.9680  0.0170  1
533:   0.0150  0.9720  0.0130  1
534:   0.0230  0.9570  0.0200  1
535:   0.0140  0.9720  0.0140  1
536:   0.0080  0.9850  0.0070  1
537:   0.0090  0.9800  0.0110  1
538:   0.0090  0.9820  0.0090  1
539:   0.0070  0.9860  0.0070  1
540:   0.0200  0.9550  0.0250  1
541:   0.4400  0.3900  0.1700  1
542:   0.0110  0.9770  0.0120  1
543:   0.0280  0.9400  0.0320  1
544:   0.0170  0.9660  0.0170  1
545:   0.0080  0.9840  0.0080  1
546:   0.1009  0.7902  0.1089  1
547:   0.0350  0.9270  0.0380  1
548:   0.0140  0.9700  0.0160  1
549:   0.0140  0.9700  0.0160  1
550:   0.0090  0.9820  0.0090  1
551:   0.3814  0.2883  0.3303  1
552:   0.0180  0.9680  0.0140  1
553:   0.1608  0.6344  0.2048  1
554:   0.0601  0.8999  0.0400  1
555:   0.0100  0.9810  0.0090  1
556:   0.0310  0.9530  0.0160  1
557:   0.0080  0.9850  0.0070  1
558:   0.0420  0.9309  0.0270  1
559:   0.1690  0.6870  0.1440  1
560:   0.0370  0.9381  0.0250  1
561:   0.0440  0.9260  0.0300  1
562:   0.0080  0.9850  0.0070  1
563:   0.0130  0.9760  0.0110  1
564:   0.0120  0.9750  0.0130  1
565:   0.0310  0.9490  0.0200  1
566:   0.2058  0.6883  0.1059  1
567:   0.0160  0.9690  0.0150  1
568:   0.0410  0.9290  0.0300  1
569:   0.0140  0.9720  0.0140  1
570:   0.1179  0.5584  0.3237  1
571:   0.2797  0.6384  0.0819  1
572:   0.0250  0.9580  0.0170  1
573:   0.5610  0.0130  0.4260  1
574:   0.5570  0.2380  0.2050  1
575:   0.5580  0.1170  0.3250  1
576:   0.6900  0.0350  0.2750  1
577:   0.6220  0.0270  0.3510  1
578:   0.3430  0.5220  0.1350  1
579:   0.0240  0.9570  0.0190  1
580:   0.1350  0.7870  0.0780  1
581:   0.0110  0.9760  0.0130  1
582:   0.3690  0.0420  0.5890  1
583:   0.0150  0.9720  0.0130  1
584:   0.1360  0.7640  0.1000  1
585:   0.1440  0.7340  0.1220  1
586:   0.0140  0.9740  0.0120  1
587:   0.0160  0.9640  0.0200  1
588:   0.0110  0.9760  0.0130  1
589:   0.0510  0.9040  0.0450  1
590:   0.0130  0.9720  0.0150  1
591:   0.0140  0.9740  0.0120  1
592:   0.0390  0.9281  0.0330  1
593:   0.0120  0.9760  0.0120  1
594:   0.2280  0.6820  0.0900  1
595:   0.0410  0.9170  0.0420  1
596:   0.0070  0.9860  0.0070  1
597:   0.0150  0.9740  0.0110  1
598:   0.0940  0.7910  0.1150  1
599:   0.0090  0.9820  0.0090  1
600:   0.0140  0.9750  0.0110  1
601:   0.0090  0.9820  0.0090  1
602:   0.0570  0.9130  0.0300  1
603:   0.0330  0.9450  0.0220  1
604:   0.0640  0.8140  0.1220  1
605:   0.0240  0.9560  0.0200  1
606:   0.0260  0.9440  0.0300  1
607:   0.0080  0.9850  0.0070  1
608:   0.1170  0.8170  0.0660  1
609:   0.0250  0.9540  0.0210  1
610:   0.0210  0.9630  0.0160  1
611:   0.0830  0.8670  0.0500  1
612:   0.7562  0.1259  0.1179  1
613:   0.0100  0.9800  0.0100  1
614:   0.0100  0.9810  0.0090  1
615:   0.0110  0.9800  0.0090  1
616:   0.0320  0.9441  0.0240  1
617:   0.0140  0.9680  0.0180  1
618:   0.0410  0.9380  0.0210  1
619:   0.0130  0.9740  0.0130  1
620:   0.0210  0.9630  0.0160  1
621:   0.2390  0.1570  0.6040  1
622:   0.0150  0.9720  0.0130  1
623:   0.0230  0.9550  0.0220  1

  1:   0.0360  0.9270  0.0370  1
  2:   0.0240  0.9530  0.0230  1
  3:   0.0200  0.9600  0.0200  1
  4:   0.0180  0.9640  0.0180  1
  5:   0.0170  0.9670  0.0160  1
  6:   0.0180  0.9650  0.0170  1
  7:   0.0250  0.9460  0.0290  1
  8:   0.0170  0.9650  0.0180  1
  9:   0.0170  0.9650  0.0180  1
 10:   0.0130  0.9740  0.0130  1
 11:   0.0210  0.9590  0.0200  1
 12:   0.2743  0.4695  0.2563  1
 13:   0.0370  0.9250  0.0380  1
 14:   0.1510  0.6890  0.1600  1
 15:   0.1060  0.7900  0.1040  1
 16:   0.5075  0.0120  0.4805  1
 17:   0.4730  0.0100  0.5170  1
 18:   0.4790  0.0130  0.5080  1
 19:   0.4860  0.0580  0.4560  1
 20:   0.5115  0.0120  0.4765  1
 21:   0.5040  0.0160  0.4800  1
 22:   0.3487  0.3187  0.3327  1
 23:   0.4466  0.0929  0.4605  1
 24:   0.4860  0.0310  0.4830  1
 25:   0.4650  0.0290  0.5060  1
 26:   0.4660  0.0750  0.4590  1
 27:   0.5030  0.0180  0.4790  1
 28:   0.4760  0.0100  0.5140  1
 29:   0.4855  0.0150  0.4995  1
 30:   0.4830  0.0240  0.4930  1
 31:   0.1451  0.7177  0.1371  1
 32:   0.4940  0.0140  0.4920  1
 33:   0.4860  0.0140  0.5000  1
 34:   0.1650  0.6720  0.1630  1
 35:   0.4660  0.0790  0.4550  1
 36:   0.4510  0.0560  0.4930  1
 37:   0.4540  0.0960  0.4500  1
 38:   0.4705  0.0180  0.5115  1
 39:   0.4965  0.0150  0.4885  1
 40:   0.4770  0.0120  0.5110  1
 41:   0.4960  0.0220  0.4820  1
 42:   0.4800  0.0260  0.4940  1
 43:   0.4800  0.0360  0.4840  1
 44:   0.4865  0.0100  0.5035  1
 45:   0.4980  0.0210  0.4810  1
 46:   0.4690  0.0350  0.4960  1
 47:   0.4895  0.0330  0.4775  1
 48:   0.4610  0.0540  0.4850  1
 49:   0.4660  0.0580  0.4760  1
 50:   0.4680  0.0890  0.4430  1
 51:   0.5160  0.0490  0.4350  1
 52:   0.4560  0.0750  0.4690  1
 53:   0.4750  0.0270  0.4980  1
 54:   0.5040  0.0130  0.4830  1
 55:   0.4870  0.0100  0.5030  1
 56:   0.4915  0.0260  0.4825  1
 57:   0.4274  0.1632  0.4094  1
 58:   0.4980  0.0260  0.4760  1
 59:   0.4925  0.0140  0.4935  1
 60:   0.4710  0.0430  0.4860  1
 61:   0.5030  0.0080  0.4890  1
 62:   0.4940  0.0200  0.4860  1
 63:   0.4870  0.0430  0.4700  1
 64:   0.4790  0.0250  0.4960  1
 65:   0.4890  0.0120  0.4990  1
 66:   0.4880  0.0150  0.4970  1
 67:   0.4880  0.0180  0.4940  1
 68:   0.4525  0.0781  0.4695  1
 69:   0.5075  0.0100  0.4825  1
 70:   0.4825  0.0210  0.4965  1
 71:   0.4815  0.0180  0.5005  1
 72:   0.4895  0.0060  0.5045  1
 73:   0.4610  0.0670  0.4720  1
 74:   0.5005  0.0080  0.4915  1
 75:   0.4770  0.0260  0.4970  1
 76:   0.4610  0.1040  0.4350  1
 77:   0.3730  0.2290  0.3980  1
 78:   0.4820  0.0200  0.4980  1
 79:   0.4940  0.0100  0.4960  1
 80:   0.4940  0.0210  0.4850  1
 81:   0.5060  0.0210  0.4730  1
 82:   0.5035  0.0100  0.4865  1
 83:   0.5145  0.0230  0.4625  1
 84:   0.4935  0.0230  0.4835  1
 85:   0.5000  0.0200  0.4800  1
 86:   0.4710  0.0290  0.5000  1
 87:   0.4895  0.0110  0.4995  1
 88:   0.4855  0.0300  0.4845  1
 89:   0.5095  0.0130  0.4775  1
 90:   0.5040  0.0130  0.4830  1
 91:   0.4710  0.0130  0.5160  1
 92:   0.4990  0.0100  0.4910  1
 93:   0.4790  0.0280  0.4930  1
 94:   0.4845  0.0070  0.5085  1
 95:   0.4925  0.0180  0.4895  1
 96:   0.3247  0.3546  0.3207  1
 97:   0.4870  0.0130  0.5000  1
 98:   0.4670  0.0250  0.5080  1
 99:   0.4560  0.0240  0.5200  1
100:   0.4960  0.0300  0.4740  1
101:   0.4660  0.0320  0.5020  1
102:   0.5080  0.0150  0.4770  1
103:   0.4640  0.0590  0.4770  1
104:   0.4760  0.0120  0.5120  1
105:   0.4650  0.0240  0.5110  1
106:   0.4660  0.0240  0.5100  1
107:   0.4300  0.1510  0.4190  1
108:   0.4890  0.0080  0.5030  1
109:   0.4800  0.0370  0.4830  1
110:   0.4900  0.0120  0.4980  1
111:   0.4650  0.0270  0.5080  1
112:   0.5000  0.0160  0.4840  1
113:   0.4730  0.0070  0.5200  1
114:   0.4440  0.1350  0.4210  1
115:   0.5060  0.0110  0.4830  1
116:   0.5090  0.0450  0.4460  1
117:   0.4925  0.0160  0.4915  1
118:   0.4865  0.0230  0.4905  1
119:   0.4870  0.0200  0.4930  1
120:   0.2850  0.4140  0.3010  1
121:   0.4300  0.1200  0.4500  1
122:   0.4930  0.0070  0.5000  1
123:   0.4980  0.0130  0.4890  1
124:   0.4960  0.0250  0.4790  1
125:   0.4705  0.0080  0.5215  1
126:   0.4840  0.0080  0.5080  1
127:   0.4570  0.0420  0.5010  1
128:   0.4800  0.0260  0.4940  1
129:   0.5020  0.0230  0.4750  1
130:   0.4840  0.0180  0.4980  1
131:   0.4660  0.0130  0.5210  1
132:   0.4160  0.1820  0.4020  1
133:   0.4840  0.0080  0.5080  1
134:   0.4950  0.0090  0.4960  1
135:   0.4725  0.0070  0.5205  1
136:   0.5005  0.0070  0.4925  1
137:   0.4795  0.0360  0.4845  1
138:   0.4800  0.0470  0.4730  1
139:   0.5130  0.0200  0.4670  1
140:   0.4394  0.1081  0.4525  1
141:   0.4890  0.0090  0.5020  1
142:   0.4905  0.0180  0.4915  1
143:   0.1440  0.7270  0.1290  1
144:   0.5080  0.0150  0.4770  1
145:   0.4740  0.0750  0.4510  1
146:   0.4920  0.0070  0.5010  1
147:   0.2460  0.5330  0.2210  1
148:   0.4900  0.0220  0.4880  1
149:   0.4740  0.0440  0.4820  1
150:   0.4995  0.0350  0.4655  1
151:   0.4830  0.0240  0.4930  1
152:   0.4750  0.0170  0.5080  1
153:   0.4890  0.0210  0.4900  1
154:   0.4890  0.0080  0.5030  1
155:   0.4760  0.0380  0.4860  1
156:   0.4805  0.0170  0.5025  1
157:   0.4740  0.0490  0.4770  1
158:   0.4810  0.0140  0.5050  1
159:   0.5050  0.0470  0.4480  1
160:   0.5010  0.0100  0.4890  1
161:   0.4370  0.0790  0.4840  1
162:   0.4810  0.0290  0.4900  1
163:   0.4885  0.0150  0.4965  1
164:   0.5010  0.0080  0.4910  1
165:   0.4910  0.0640  0.4450  1
166:   0.4770  0.0300  0.4930  1
167:   0.5060  0.0120  0.4820  1
168:   0.4730  0.0270  0.5000  1
169:   0.4790  0.0780  0.4430  1
170:   0.4770  0.0280  0.4950  1
171:   0.4875  0.0110  0.5015  1
172:   0.4840  0.0200  0.4960  1
173:   0.4210  0.1550  0.4240  1
174:   0.4875  0.0480  0.4645  1
175:   0.4830  0.0260  0.4910  1
176:   0.4680  0.0360  0.4960  1
177:   0.4960  0.0260  0.4780  1
178:   0.4870  0.0590  0.4540  1
179:   0.4880  0.0120  0.5000  1
180:   0.4895  0.0240  0.4865  1
181:   0.3130  0.3720  0.3150  1
182:   0.4780  0.0470  0.4750  1
183:   0.4780  0.0250  0.4970  1
184:   0.4770  0.0570  0.4660  1
185:   0.4960  0.0350  0.4690  1
186:   0.4860  0.0270  0.4870  1
187:   0.4850  0.0260  0.4890  1
188:   0.4805  0.0370  0.4825  1
189:   0.4750  0.0320  0.4930  1
190:   0.4770  0.0200  0.5030  1
191:   0.4496  0.0559  0.4945  1
192:   0.4725  0.0180  0.5095  1
193:   0.4400  0.1440  0.4160  1
194:   0.4670  0.0410  0.4920  1
195:   0.4840  0.0540  0.4620  1
196:   0.3780  0.2240  0.3980  1
197:   0.4830  0.0080  0.5090  1
198:   0.4840  0.0140  0.5020  1
199:   0.4990  0.0140  0.4870  1
200:   0.4990  0.0200  0.4810  1
201:   0.5110  0.0180  0.4710  1
202:   0.4370  0.1110  0.4520  1
203:   0.4785  0.0350  0.4865  1
204:   0.4740  0.0300  0.4960  1
205:   0.4960  0.0100  0.4940  1
206:   0.4820  0.0170  0.5010  1
207:   0.4715  0.0300  0.4985  1
208:   0.4500  0.1070  0.4430  1
209:   0.5000  0.0150  0.4850  1
210:   0.5140  0.0100  0.4760  1
211:   0.4900  0.0100  0.5000  1
212:   0.4910  0.0200  0.4890  1
213:   0.4610  0.0870  0.4520  1
214:   0.4940  0.0130  0.4930  1
215:   0.5070  0.0270  0.4660  1
216:   0.4640  0.0410  0.4950  1
217:   0.4770  0.0500  0.4730  1
218:   0.4560  0.0280  0.5160  1
219:   0.5010  0.0110  0.4880  1
220:   0.4875  0.0340  0.4785  1
221:   0.5010  0.0090  0.4900  1
222:   0.4960  0.0080  0.4960  1
223:   0.4705  0.0340  0.4955  1
224:   0.4800  0.0100  0.5100  1
225:   0.4780  0.0080  0.5140  1
226:   0.5035  0.0170  0.4795  1
227:   0.4910  0.0130  0.4960  1
228:   0.4680  0.0520  0.4800  1
229:   0.5035  0.0120  0.4845  1
230:   0.5260  0.0230  0.4510  1
231:   0.5120  0.0390  0.4490  1
232:   0.5100  0.0100  0.4800  1
233:   0.4650  0.0290  0.5060  1
234:   0.5095  0.0130  0.4775  1
235:   0.4830  0.0270  0.4900  1
236:   0.4350  0.0960  0.4690  1
237:   0.4830  0.0090  0.5080  1
238:   0.4490  0.0300  0.5210  1
239:   0.4266  0.1518  0.4216  1
240:   0.4915  0.0090  0.4995  1
241:   0.4930  0.0080  0.4990  1
242:   0.4810  0.0310  0.4880  1
243:   0.4870  0.0170  0.4960  1
244:   0.4615  0.0619  0.4765  1
245:   0.5270  0.0100  0.4630  1
246:   0.3960  0.2330  0.3710  1
247:   0.4820  0.0240  0.4940  1
248:   0.4650  0.0650  0.4700  1
249:   0.5130  0.0400  0.4470  1
250:   0.5060  0.0180  0.4760  1
251:   0.5080  0.0130  0.4790  1
252:   0.1179  0.7602  0.1219  1
253:   0.4600  0.0980  0.4420  1
254:   0.5130  0.0090  0.4780  1
255:   0.5080  0.0190  0.4730  1
256:   0.4855  0.0120  0.5025  1
257:   0.4950  0.0090  0.4960  1
258:   0.4760  0.0230  0.5010  1
259:   0.4585  0.0641  0.4775  1
260:   0.4715  0.0120  0.5165  1
261:   0.4685  0.0280  0.5035  1
262:   0.4660  0.0540  0.4800  1
263:   0.5015  0.0410  0.4575  1
264:   0.4870  0.0220  0.4910  1
265:   0.4860  0.0200  0.4940  1
266:   0.4830  0.0160  0.5010  1
267:   0.4304  0.1381  0.4314  1
268:   0.4910  0.0160  0.4930  1
269:   0.4840  0.0140  0.5020  1
270:   0.4860  0.0070  0.5070  1
271:   0.4840  0.0160  0.5000  1
272:   0.4860  0.0350  0.4790  1
273:   0.4620  0.0290  0.5090  1
274:   0.4466  0.0579  0.4955  1
275:   0.5090  0.0140  0.4770  1
276:   0.4890  0.0190  0.4920  1
277:   0.4965  0.0080  0.4955  1
278:   0.4920  0.0110  0.4970  1
279:   0.4885  0.0290  0.4825  1
280:   0.5040  0.0120  0.4840  1
281:   0.4870  0.0280  0.4850  1
282:   0.4800  0.0220  0.4980  1
283:   0.5065  0.0170  0.4765  1
284:   0.4930  0.0110  0.4960  1
285:   0.4750  0.0260  0.4990  1
286:   0.5200  0.0300  0.4500  1
287:   0.4980  0.0120  0.4900  1
288:   0.4865  0.0220  0.4915  1
289:   0.4880  0.0210  0.4910  1
290:   0.4890  0.0350  0.4760  1
291:   0.4880  0.0410  0.4710  1
292:   0.4740  0.0100  0.5160  1
293:   0.4965  0.0110  0.4925  1
294:   0.4925  0.0330  0.4745  1
295:   0.4650  0.0220  0.5130  1
296:   0.4830  0.0360  0.4810  1
297:   0.3830  0.2180  0.3990  1
298:   0.4955  0.0220  0.4825  1
299:   0.4910  0.0070  0.5020  1
300:   0.4750  0.0490  0.4760  1
301:   0.4770  0.0380  0.4850  1
302:   0.5085  0.0190  0.4725  1
303:   0.4550  0.0930  0.4520  1
304:   0.4860  0.0210  0.4930  1
305:   0.4890  0.0120  0.4990  1
306:   0.4970  0.0150  0.4880  1
307:   0.5000  0.0320  0.4680  1
308:   0.4740  0.0220  0.5040  1
309:   0.4850  0.0160  0.4990  1
310:   0.4735  0.0190  0.5075  1
311:   0.4860  0.0270  0.4870  1
312:   0.5050  0.0280  0.4670  1
313:   0.4930  0.0230  0.4840  1
314:   0.4770  0.0110  0.5120  1
315:   0.4600  0.0760  0.4640  1
316:   0.5050  0.0680  0.4270  1
317:   0.4540  0.0770  0.4690  1
318:   0.4770  0.0160  0.5070  1
319:   0.4900  0.0110  0.4990  1
320:   0.5140  0.0080  0.4780  1
321:   0.5060  0.0170  0.4770  1
322:   0.4700  0.0320  0.4980  1
323:   0.4890  0.0170  0.4940  1
324:   0.5010  0.0190  0.4800  1
325:   0.4950  0.0080  0.4970  1
326:   0.5060  0.0100  0.4840  1
327:   0.4860  0.0420  0.4720  1
328:   0.4540  0.1130  0.4330  1
329:   0.4760  0.0130  0.5110  1
330:   0.4805  0.0350  0.4845  1
331:   0.4960  0.0200  0.4840  1
332:   0.4710  0.0270  0.5020  1
333:   0.4880  0.0270  0.4850  1
334:   0.3410  0.2680  0.3910  1
335:   0.4975  0.0090  0.4935  1
336:   0.4840  0.0160  0.5000  1
337:   0.4780  0.0480  0.4740  1
338:   0.4800  0.0590  0.4610  1
339:   0.4264  0.1421  0.4314  1
340:   0.4960  0.0230  0.4810  1
341:   0.4730  0.0190  0.5080  1
342:   0.1580  0.6910  0.1510  1
343:   0.4810  0.0350  0.4840  1
344:   0.5010  0.0280  0.4710  1
345:   0.4790  0.0480  0.4730  1
346:   0.4800  0.0250  0.4950  1
347:   0.4484  0.1011  0.4505  1
348:   0.4990  0.0060  0.4950  1
349:   0.3880  0.2020  0.4100  1
350:   0.4740  0.0240  0.5020  1
351:   0.4900  0.0130  0.4970  1
352:   0.4885  0.0080  0.5035  1
353:   0.5000  0.0100  0.4900  1
354:   0.5040  0.0150  0.4810  1
355:   0.5015  0.0210  0.4775  1
356:   0.4850  0.0730  0.4420  1
357:   0.5050  0.0150  0.4800  1
358:   0.4810  0.0090  0.5100  1
359:   0.3450  0.2960  0.3590  1
360:   0.4870  0.0240  0.4890  1
361:   0.4180  0.2180  0.3640  1
362:   0.4860  0.0460  0.4680  1
363:   0.4950  0.0090  0.4960  1
364:   0.4810  0.0610  0.4580  1
365:   0.3880  0.2430  0.3690  1
366:   0.4740  0.0360  0.4900  1
367:   0.4885  0.0230  0.4885  1
368:   0.4895  0.0150  0.4955  1
369:   0.4980  0.0110  0.4910  1
370:   0.4680  0.0120  0.5200  1
371:   0.4835  0.0150  0.5015  1
372:   0.4190  0.1890  0.3920  1
373:   0.4320  0.1450  0.4230  1
374:   0.4570  0.0980  0.4450  1
375:   0.5005  0.0240  0.4755  1
376:   0.4785  0.0120  0.5095  1
377:   0.4800  0.0310  0.4890  1
378:   0.5010  0.0230  0.4760  1
379:   0.4680  0.0340  0.4980  1
380:   0.5030  0.0110  0.4860  1
381:   0.4730  0.0210  0.5060  1
382:   0.4905  0.0150  0.4945  1
383:   0.5030  0.0140  0.4830  1
384:   0.4960  0.0160  0.4880  1
385:   0.5100  0.0220  0.4680  1
386:   0.5115  0.0240  0.4645  1
387:   0.4750  0.0290  0.4960  1
388:   0.4520  0.0920  0.4560  1
389:   0.5060  0.0110  0.4830  1
390:   0.4910  0.0120  0.4970  1
391:   0.4740  0.0230  0.5030  1
392:   0.4850  0.0320  0.4830  1
393:   0.4835  0.0160  0.5005  1
394:   0.4750  0.0320  0.4930  1
395:   0.3786  0.1998  0.4216  1
396:   0.4930  0.0080  0.4990  1
397:   0.4795  0.0340  0.4865  1
398:   0.4840  0.0270  0.4890  1
399:   0.5185  0.0180  0.4635  1
400:   0.4830  0.0420  0.4750  1
401:   0.5015  0.0190  0.4795  1
402:   0.3103  0.3684  0.3213  1
403:   0.4790  0.0450  0.4760  1
404:   0.0600  0.8760  0.0640  1
405:   0.4565  0.0849  0.4585  1
406:   0.4160  0.1620  0.4220  1
407:   0.1300  0.7500  0.1200  1
408:   0.4920  0.0200  0.4880  1
409:   0.3130  0.3670  0.3200  1
410:   0.5195  0.0170  0.4635  1
411:   0.4910  0.0150  0.4940  1
412:   0.4720  0.0470  0.4810  1
413:   0.4090  0.1890  0.4020  1
414:   0.4715  0.0420  0.4865  1
415:   0.4690  0.0120  0.5190  1
416:   0.4750  0.0110  0.5140  1
417:   0.4985  0.0170  0.4845  1
418:   0.4990  0.0140  0.4870  1
419:   0.4540  0.0750  0.4710  1
420:   0.4480  0.0810  0.4710  1
421:   0.4970  0.0130  0.4900  1
422:   0.4760  0.0130  0.5110  1
423:   0.4710  0.0280  0.5010  1
424:   0.4910  0.0100  0.4990  1
425:   0.4890  0.0160  0.4950  1
426:   0.4825  0.0490  0.4685  1
427:   0.4740  0.0280  0.4980  1
428:   0.4860  0.0540  0.4600  1
429:   0.4800  0.0220  0.4980  1
430:   0.4640  0.0150  0.5210  1
431:   0.5200  0.0140  0.4660  1
432:   0.0960  0.8080  0.0960  1
433:   0.4515  0.0671  0.4815  1
434:   0.4950  0.0300  0.4750  1
435:   0.4870  0.0260  0.4870  1
436:   0.4840  0.0270  0.4890  1
437:   0.4790  0.0120  0.5090  1
438:   0.4810  0.0160  0.5030  1
439:   0.1210  0.7620  0.1170  1
440:   0.4630  0.0780  0.4590  1
441:   0.4650  0.0410  0.4940  1
442:   0.4880  0.0220  0.4900  1
443:   0.4404  0.0971  0.4625  1
444:   0.4660  0.0560  0.4780  1
445:   0.4180  0.1690  0.4130  1
446:   0.4050  0.1850  0.4100  1
447:   0.4680  0.0420  0.4900  1
448:   0.4120  0.1940  0.3940  1
449:   0.3800  0.2190  0.4010  1
450:   0.4080  0.1800  0.4120  1
451:   0.4900  0.0310  0.4790  1
452:   0.4590  0.0870  0.4540  1
453:   0.4090  0.1710  0.4200  1
454:   0.2970  0.4020  0.3010  1
455:   0.4130  0.1630  0.4240  1
456:   0.3850  0.2390  0.3760  1
457:   0.4130  0.1800  0.4070  1
458:   0.4214  0.1692  0.4094  1
459:   0.4780  0.0230  0.4990  1
460:   0.4920  0.0210  0.4870  1
461:   0.3990  0.2210  0.3800  1
462:   0.0110  0.9790  0.0100  1
463:   0.0120  0.9760  0.0120  1
464:   0.0210  0.9580  0.0210  1
465:   0.3033  0.4294  0.2673  1
466:   0.0280  0.9450  0.0270  1
467:   0.1538  0.6863  0.1598  1
468:   0.2180  0.5740  0.2080  1
469:   0.2488  0.5035  0.2478  1
470:   0.0540  0.8920  0.0540  1
471:   0.1910  0.6220  0.1870  1
472:   0.2498  0.4925  0.2577  1
473:   0.2290  0.5380  0.2330  1
474:   0.0180  0.9640  0.0180  1
475:   0.1360  0.7260  0.1380  1
476:   0.0260  0.9490  0.0250  1
477:   0.0220  0.9550  0.0230  1
478:   0.2420  0.4950  0.2630  1
479:   0.0170  0.9650  0.0180  1
480:   0.0150  0.9710  0.0140  1
481:   0.0200  0.9610  0.0190  1
482:   0.0100  0.9810  0.0090  1
483:   0.0190  0.9630  0.0180  1
484:   0.3790  0.2130  0.4080  1
485:   0.0410  0.9160  0.0430  1
486:   0.0380  0.9241  0.0380  1
487:   0.0100  0.9790  0.0110  1
488:   0.0240  0.9520  0.0240  1
489:   0.1069  0.7952  0.0979  1
490:   0.2290  0.5340  0.2370  1
491:   0.0180  0.9630  0.0190  1
492:   0.0390  0.9230  0.0380  1
493:   0.0140  0.9720  0.0140  1
494:   0.0090  0.9820  0.0090  1
495:   0.0090  0.9830  0.0080  1
496:   0.0240  0.9530  0.0230  1
497:   0.4520  0.0840  0.4640  1
498:   0.1160  0.7700  0.1140  1
499:   0.0150  0.9690  0.0160  1
500:   0.0890  0.8180  0.0930  1
501:   0.0110  0.9790  0.0100  1
502:   0.0140  0.9730  0.0130  1
503:   0.0100  0.9800  0.0100  1
504:   0.0160  0.9680  0.0160  1
505:   0.0650  0.8660  0.0690  1
506:   0.0651  0.8699  0.0651  1
507:   0.0210  0.9580  0.0210  1
508:   0.1470  0.7200  0.1330  1
509:   0.0080  0.9840  0.0080  1
510:   0.0150  0.9700  0.0150  1
511:   0.0120  0.9760  0.0120  1
512:   0.0210  0.9600  0.0190  1
513:   0.4390  0.1100  0.4510  1
514:   0.0120  0.9760  0.0120  1
515:   0.0550  0.8930  0.0520  1
516:   0.1700  0.6560  0.1740  1
517:   0.0160  0.9690  0.0150  1
518:   0.0090  0.9820  0.0090  1
519:   0.0170  0.9660  0.0170  1
520:   0.0230  0.9530  0.0240  1
521:   0.0110  0.9790  0.0100  1
522:   0.0090  0.9810  0.0100  1
523:   0.0770  0.8420  0.0810  1
524:   0.0220  0.9580  0.0200  1
525:   0.0210  0.9570  0.0220  1
526:   0.0220  0.9560  0.0220  1
527:   0.0220  0.9560  0.0220  1
528:   0.0210  0.9580  0.0210  1
529:   0.0749  0.8501  0.0749  1
530:   0.0090  0.9810  0.0100  1
531:   0.0220  0.9550  0.0230  1
532:   0.0160  0.9680  0.0160  1
533:   0.0130  0.9740  0.0130  1
534:   0.0200  0.9610  0.0190  1
535:   0.0130  0.9730  0.0140  1
536:   0.0080  0.9850  0.0070  1
537:   0.0090  0.9810  0.0100  1
538:   0.0090  0.9820  0.0090  1
539:   0.0070  0.9860  0.0070  1
540:   0.0220  0.9560  0.0220  1
541:   0.2890  0.4020  0.3090  1
542:   0.0110  0.9770  0.0120  1
543:   0.0320  0.9370  0.0310  1
544:   0.0180  0.9650  0.0170  1
545:   0.0080  0.9840  0.0080  1
546:   0.1050  0.7870  0.1080  1
547:   0.0330  0.9299  0.0370  1
548:   0.0140  0.9710  0.0150  1
549:   0.0140  0.9710  0.0150  1
550:   0.0080  0.9830  0.0090  1
551:   0.3360  0.2930  0.3710  1
552:   0.0150  0.9690  0.0160  1
553:   0.1848  0.6414  0.1738  1
554:   0.0520  0.8980  0.0500  1
555:   0.0100  0.9810  0.0090  1
556:   0.0230  0.9540  0.0230  1
557:   0.0080  0.9840  0.0080  1
558:   0.0360  0.9301  0.0340  1
559:   0.1550  0.6890  0.1560  1
560:   0.0330  0.9370  0.0300  1
561:   0.0420  0.9201  0.0380  1
562:   0.0080  0.9850  0.0070  1
563:   0.0120  0.9770  0.0110  1
564:   0.0130  0.9750  0.0120  1
565:   0.0250  0.9481  0.0270  1
566:   0.1540  0.6850  0.1610  1
567:   0.0160  0.9690  0.0150  1
568:   0.0360  0.9300  0.0340  1
569:   0.0150  0.9710  0.0140  1
570:   0.2250  0.5580  0.2170  1
571:   0.1910  0.6300  0.1790  1
572:   0.0210  0.9580  0.0210  1
573:   0.4950  0.0130  0.4920  1
574:   0.3864  0.2563  0.3574  1
575:   0.4520  0.1150  0.4330  1
576:   0.4765  0.0350  0.4885  1
577:   0.5000  0.0280  0.4720  1
578:   0.2450  0.5290  0.2260  1
579:   0.0200  0.9590  0.0210  1
580:   0.1070  0.7860  0.1070  1
581:   0.0120  0.9750  0.0130  1
582:   0.4710  0.0420  0.4870  1
583:   0.0150  0.9720  0.0130  1
584:   0.1170  0.7670  0.1160  1
585:   0.1391  0.7327  0.1281  1
586:   0.0140  0.9730  0.0130  1
587:   0.0180  0.9640  0.0180  1
588:   0.0110  0.9770  0.0120  1
589:   0.0420  0.9080  0.0500  1
