1:    0.038 0.928 0.034 1    
2:    0.018 0.953 0.029 1    
3:    0.022 0.960 0.018 1    
4:    0.018 0.965 0.017 1    
5:    0.017 0.967 0.016 1    
6:    0.017 0.965 0.017 1    
7:    0.023 0.947 0.030 1    
8:    0.016 0.965 0.018 1    
9:    0.019 0.966 0.015 1    
10:   0.012 0.973 0.014 1    
11:   0.020 0.961 0.019 1    
12:   0.326 0.469 0.205 1    
13:   0.039 0.925 0.036 1    
14:   0.170 0.687 0.144 1    
15:   0.118 0.787 0.095 1    
16:   0.596 0.012 0.393 1    
17:   0.197 0.010 0.793 1    
18:   0.203 0.013 0.784 1    
19:   0.266 0.058 0.676 1    
20:   0.804 0.013 0.183 1    
21:   0.228 0.016 0.756 1    
22:   0.227 0.318 0.455 1    
23:   0.423 0.093 0.484 1    
24:   0.422 0.033 0.545 1    
25:   0.443 0.029 0.529 1    
26:   0.615 0.071 0.314 1    
27:   0.495 0.019 0.486 1    
28:   0.328 0.011 0.660 1    
29:   0.559 0.015 0.427 1    
30:   0.185 0.022 0.792 1    
31:   0.176 0.698 0.126 1    
32:   0.249 0.014 0.736 1    
33:   0.326 0.015 0.659 1    
34:   0.160 0.672 0.168 1    
35:   0.578 0.077 0.344 1    
36:   0.412 0.054 0.534 1    
37:   0.554 0.102 0.344 1    
38:   0.277 0.018 0.705 1    
39:   0.359 0.015 0.625 1    
40:   0.362 0.012 0.626 1    
41:   0.599 0.021 0.380 1    
42:   0.536 0.026 0.438 1    
43:   0.683 0.035 0.282 1    
44:   0.429 0.010 0.561 1    
45:   0.662 0.020 0.318 1    
46:   0.347 0.036 0.617 1    
47:   0.660 0.034 0.306 1    
48:   0.376 0.055 0.569 1    
49:   0.305 0.058 0.638 1    
50:   0.661 0.084 0.254 1    
51:   0.520 0.052 0.428 1    
52:   0.284 0.071 0.645 1    
53:   0.249 0.028 0.723 1    
54:   0.707 0.013 0.281 1    
55:   0.167 0.011 0.822 1    
56:   0.635 0.025 0.340 1    
57:   0.665 0.156 0.179 1    
58:   0.297 0.028 0.675 1    
59:   0.321 0.015 0.664 1    
60:   0.303 0.041 0.656 1    
61:   0.657 0.008 0.336 1    
62:   0.400 0.021 0.579 1    
63:   0.505 0.040 0.455 1    
64:   0.461 0.024 0.515 1    
65:   0.760 0.011 0.229 1    
66:   0.705 0.014 0.281 1    
67:   0.231 0.017 0.752 1    
68:   0.761 0.076 0.163 1    
69:   0.495 0.011 0.494 1    
70:   0.196 0.020 0.784 1    
71:   0.809 0.018 0.173 1    
72:   0.301 0.006 0.693 1    
73:   0.482 0.067 0.451 1    
74:   0.321 0.009 0.671 1    
75:   0.552 0.026 0.421 1    
76:   0.744 0.104 0.152 1    
77:   0.283 0.225 0.492 1    
78:   0.582 0.019 0.399 1    
79:   0.360 0.010 0.630 1    
80:   0.749 0.020 0.231 1    
81:   0.321 0.020 0.658 1    
82:   0.915 0.009 0.076 1    
83:   0.585 0.023 0.393 1    
84:   0.424 0.022 0.554 1    
85:   0.577 0.019 0.403 1    
86:   0.207 0.030 0.763 1    
87:   0.696 0.010 0.293 1    
88:   0.588 0.029 0.383 1    
89:   0.907 0.013 0.080 1    
90:   0.671 0.013 0.316 1    
91:   0.410 0.012 0.578 1    
92:   0.389 0.010 0.601 1    
93:   0.204 0.028 0.769 1    
94:   0.274 0.007 0.719 1    
95:   0.347 0.017 0.636 1    
96:   0.286 0.353 0.361 1    
97:   0.300 0.014 0.686 1    
98:   0.315 0.024 0.661 1    
99:   0.553 0.025 0.422 1    
100:  0.403 0.029 0.568 1    
101:  0.512 0.033 0.454 1    
102:  0.463 0.015 0.522 1    
103:  0.310 0.058 0.632 1    
104:  0.852 0.012 0.136 1    
105:  0.807 0.022 0.170 1    
106:  0.813 0.024 0.163 1    
107:  0.531 0.143 0.326 1    
108:  0.289 0.008 0.703 1    
109:  0.248 0.039 0.712 1    
110:  0.749 0.012 0.238 1    
111:  0.354 0.026 0.620 1    
112:  0.234 0.016 0.749 1    
113:  0.596 0.007 0.397 1    
114:  0.551 0.130 0.319 1    
115:  0.559 0.011 0.430 1    
116:  0.741 0.042 0.216 1    
117:  0.449 0.015 0.537 1    
118:  0.294 0.024 0.683 1    
119:  0.217 0.020 0.763 1    
120:  0.231 0.407 0.362 1    
121:  0.394 0.126 0.480 1    
122:  0.507 0.007 0.486 1    
123:  0.457 0.014 0.529 1    
124:  0.412 0.026 0.562 1    
125:  0.639 0.008 0.353 1    
126:  0.228 0.008 0.764 1    
127:  0.471 0.044 0.485 1    
128:  0.717 0.026 0.257 1    
129:  0.535 0.023 0.442 1    
130:  0.231 0.019 0.750 1    
131:  0.345 0.014 0.641 1    
132:  0.473 0.182 0.345 1    
133:  0.256 0.008 0.736 1    
134:  0.400 0.010 0.590 1    
135:  0.241 0.007 0.752 1    
136:  0.602 0.007 0.392 1    
137:  0.215 0.037 0.749 1    
138:  0.596 0.050 0.354 1    
139:  0.466 0.019 0.515 1    
140:  0.325 0.102 0.573 1    
141:  0.556 0.009 0.434 1    
142:  0.246 0.017 0.737 1    
143:  0.153 0.728 0.119 1    
144:  0.646 0.014 0.340 1    
145:  0.355 0.078 0.567 1    
146:  0.219 0.007 0.774 1    
147:  0.305 0.538 0.157 1    
148:  0.243 0.021 0.736 1    
149:  0.554 0.046 0.399 1    
150:  0.516 0.034 0.450 1    
151:  0.294 0.023 0.683 1    
152:  0.337 0.017 0.646 1    
153:  0.749 0.020 0.231 1    
154:  0.158 0.008 0.834 1    
155:  0.493 0.038 0.469 1    
156:  0.491 0.016 0.493 1    
157:  0.388 0.048 0.564 1    
158:  0.608 0.013 0.379 1    
159:  0.853 0.040 0.107 1    
160:  0.532 0.010 0.458 1    
161:  0.421 0.080 0.499 1    
162:  0.368 0.029 0.603 1    
163:  0.242 0.016 0.742 1    
164:  0.641 0.007 0.352 1    
165:  0.489 0.065 0.446 1    
166:  0.382 0.029 0.589 1    
167:  0.653 0.011 0.336 1    
168:  0.353 0.029 0.619 1    
169:  0.703 0.077 0.220 1    
170:  0.284 0.028 0.687 1    
171:  0.264 0.011 0.724 1    
172:  0.349 0.018 0.633 1    
173:  0.460 0.161 0.379 1    
174:  0.652 0.047 0.301 1    
175:  0.634 0.027 0.339 1    
176:  0.414 0.033 0.553 1    
177:  0.329 0.024 0.647 1    
178:  0.412 0.060 0.528 1    
179:  0.173 0.012 0.815 1    
180:  0.590 0.022 0.388 1    
181:  0.314 0.365 0.321 1    
182:  0.348 0.042 0.610 1    
183:  0.682 0.026 0.292 1    
184:  0.264 0.055 0.682 1    
185:  0.481 0.037 0.482 1    
186:  0.564 0.026 0.410 1    
187:  0.653 0.027 0.320 1    
188:  0.615 0.038 0.347 1    
189:  0.218 0.033 0.749 1    
190:  0.371 0.019 0.611 1    
191:  0.384 0.057 0.559 1    
192:  0.311 0.016 0.673 1    
193:  0.615 0.142 0.243 1    
194:  0.297 0.043 0.660 1    
195:  0.328 0.056 0.616 1    
196:  0.468 0.219 0.312 1    
197:  0.197 0.008 0.794 1    
198:  0.224 0.014 0.762 1    
199:  0.196 0.013 0.791 1    
200:  0.460 0.019 0.521 1    
201:  0.480 0.017 0.503 1    
202:  0.512 0.106 0.382 1    
203:  0.574 0.036 0.390 1    
204:  0.433 0.031 0.536 1    
205:  0.444 0.011 0.546 1    
206:  0.462 0.016 0.522 1    
207:  0.437 0.027 0.536 1    
208:  0.545 0.105 0.350 1    
209:  0.707 0.014 0.279 1    
210:  0.439 0.010 0.551 1    
211:  0.295 0.010 0.694 1    
212:  0.496 0.022 0.482 1    
213:  0.553 0.086 0.361 1    
214:  0.522 0.014 0.464 1    
215:  0.614 0.026 0.360 1    
216:  0.362 0.040 0.598 1    
217:  0.596 0.049 0.356 1    
218:  0.493 0.029 0.478 1    
219:  0.420 0.012 0.569 1    
220:  0.774 0.035 0.190 1    
221:  0.373 0.009 0.618 1    
222:  0.566 0.008 0.426 1    
223:  0.268 0.034 0.699 1    
224:  0.350 0.010 0.639 1    
225:  0.264 0.008 0.728 1    
226:  0.647 0.016 0.336 1    
227:  0.737 0.013 0.250 1    
228:  0.711 0.049 0.240 1    
229:  0.207 0.011 0.782 1    
230:  0.738 0.022 0.240 1    
231:  0.674 0.040 0.286 1    
232:  0.489 0.010 0.500 1    
233:  0.509 0.028 0.463 1    
234:  0.359 0.013 0.628 1    
235:  0.617 0.028 0.354 1    
236:  0.540 0.096 0.364 1    
237:  0.622 0.009 0.368 1    
238:  0.470 0.032 0.498 1    
239:  0.580 0.148 0.272 1    
240:  0.234 0.008 0.758 1    
241:  0.234 0.009 0.757 1    
242:  0.533 0.031 0.436 1    
243:  0.259 0.018 0.724 1    
244:  0.318 0.059 0.623 1    
245:  0.453 0.010 0.538 1    
246:  0.468 0.236 0.297 1    
247:  0.610 0.025 0.365 1    
248:  0.296 0.065 0.639 1    
249:  0.723 0.043 0.234 1    
250:  0.572 0.018 0.410 1    
251:  0.215 0.012 0.773 1    
252:  0.130 0.752 0.118 1    
253:  0.272 0.103 0.625 1    
254:  0.432 0.009 0.559 1    
255:  0.258 0.019 0.723 1    
256:  0.283 0.012 0.705 1    
257:  0.488 0.009 0.503 1    
258:  0.432 0.024 0.544 1    
259:  0.292 0.066 0.642 1    
260:  0.307 0.012 0.682 1    
261:  0.645 0.027 0.328 1    
262:  0.609 0.052 0.339 1    
263:  0.429 0.046 0.525 1    
264:  0.259 0.021 0.719 1    
265:  0.344 0.021 0.635 1    
266:  0.242 0.016 0.742 1    
267:  0.433 0.136 0.431 1    
268:  0.546 0.016 0.438 1    
269:  0.385 0.014 0.602 1    
270:  0.387 0.007 0.606 1    
271:  0.233 0.015 0.752 1    
272:  0.236 0.033 0.731 1    
273:  0.513 0.030 0.457 1    
274:  0.712 0.058 0.229 1    
275:  0.738 0.013 0.249 1    
276:  0.672 0.019 0.310 1    
277:  0.136 0.009 0.855 1    
278:  0.267 0.011 0.722 1    
279:  0.281 0.029 0.690 1    
280:  0.444 0.012 0.544 1    
281:  0.277 0.030 0.693 1    
282:  0.254 0.024 0.721 1    
283:  0.197 0.017 0.786 1    
284:  0.337 0.011 0.652 1    
285:  0.699 0.025 0.276 1    
286:  0.736 0.028 0.237 1    
287:  0.314 0.012 0.674 1    
288:  0.386 0.023 0.591 1    
289:  0.336 0.022 0.643 1    
290:  0.241 0.035 0.724 1    
291:  0.342 0.039 0.619 1    
292:  0.359 0.009 0.631 1    
293:  0.564 0.011 0.425 1    
294:  0.213 0.033 0.754 1    
295:  0.294 0.024 0.682 1    
296:  0.538 0.039 0.423 1    
297:  0.557 0.213 0.230 1    
298:  0.680 0.022 0.298 1    
299:  0.661 0.007 0.332 1    
300:  0.553 0.049 0.398 1    
301:  0.512 0.037 0.451 1    
302:  0.497 0.019 0.484 1    
303:  0.547 0.097 0.356 1    
304:  0.359 0.020 0.621 1    
305:  0.278 0.011 0.711 1    
306:  0.485 0.016 0.500 1    
307:  0.653 0.031 0.316 1    
308:  0.505 0.023 0.473 1    
309:  0.292 0.017 0.691 1    
310:  0.360 0.018 0.622 1    
311:  0.737 0.026 0.237 1    
312:  0.793 0.029 0.179 1    
313:  0.297 0.021 0.681 1    
314:  0.700 0.011 0.290 1    
315:  0.465 0.079 0.456 1    
316:  0.680 0.070 0.251 1    
317:  0.486 0.076 0.438 1    
318:  0.551 0.015 0.434 1    
319:  0.186 0.011 0.803 1    
320:  0.400 0.009 0.591 1    
321:  0.408 0.017 0.576 1    
322:  0.170 0.032 0.798 1    
323:  0.268 0.018 0.714 1    
324:  0.732 0.017 0.251 1    
325:  0.388 0.008 0.604 1    
326:  0.349 0.009 0.642 1    
327:  0.550 0.042 0.408 1    
328:  0.463 0.115 0.422 1    
329:  0.320 0.012 0.667 1    
330:  0.262 0.034 0.704 1    
331:  0.298 0.022 0.681 1    
332:  0.255 0.030 0.715 1    
333:  0.520 0.027 0.453 1    
334:  0.298 0.271 0.431 1    
335:  0.297 0.009 0.694 1    
336:  0.244 0.015 0.741 1    
337:  0.285 0.052 0.663 1    
338:  0.321 0.057 0.623 1    
339:  0.382 0.137 0.481 1    
340:  0.728 0.025 0.247 1    
341:  0.356 0.018 0.625 1    
342:  0.250 0.690 0.059 1    
343:  0.399 0.033 0.568 1    
344:  0.486 0.028 0.486 1    
345:  0.312 0.048 0.640 1    
346:  0.338 0.025 0.637 1    
347:  0.700 0.100 0.200 1    
348:  0.676 0.007 0.317 1    
349:  0.472 0.202 0.326 1    
350:  0.640 0.021 0.339 1    
351:  0.326 0.013 0.661 1    
352:  0.339 0.008 0.653 1    
353:  0.235 0.009 0.756 1    
354:  0.556 0.015 0.429 1    
355:  0.810 0.021 0.169 1    
356:  0.701 0.069 0.230 1    
357:  0.542 0.015 0.443 1    
358:  0.700 0.009 0.291 1    
359:  0.316 0.297 0.387 1    
360:  0.592 0.022 0.386 1    
361:  0.458 0.227 0.316 1    
362:  0.767 0.046 0.187 1    
363:  0.744 0.009 0.247 1    
364:  0.317 0.063 0.620 1    
365:  0.367 0.243 0.389 1    
366:  0.549 0.038 0.413 1    
367:  0.289 0.021 0.690 1    
368:  0.157 0.016 0.828 1    
369:  0.647 0.010 0.343 1    
370:  0.398 0.012 0.590 1    
371:  0.503 0.014 0.483 1    
372:  0.673 0.184 0.143 1    
373:  0.665 0.140 0.195 1    
374:  0.230 0.097 0.673 1    
375:  0.414 0.024 0.562 1    
376:  0.363 0.012 0.626 1    
377:  0.528 0.031 0.441 1    
378:  0.392 0.022 0.587 1    
379:  0.791 0.032 0.177 1    
380:  0.186 0.013 0.801 1    
381:  0.370 0.020 0.610 1    
382:  0.356 0.016 0.628 1    
383:  0.624 0.015 0.361 1    
384:  0.442 0.016 0.542 1    
385:  0.514 0.022 0.464 1    
386:  0.530 0.022 0.447 1    
387:  0.384 0.027 0.589 1    
388:  0.634 0.084 0.282 1    
389:  0.600 0.010 0.390 1    
390:  0.321 0.012 0.668 1    
391:  0.339 0.023 0.638 1    
392:  0.601 0.031 0.368 1    
393:  0.448 0.017 0.536 1    
394:  0.635 0.030 0.336 1    
395:  0.369 0.203 0.428 1    
396:  0.566 0.008 0.426 1    
397:  0.496 0.035 0.469 1    
398:  0.262 0.027 0.710 1    
399:  0.553 0.017 0.429 1    
400:  0.556 0.043 0.401 1    
401:  0.452 0.018 0.530 1    
402:  0.273 0.371 0.356 1    
403:  0.468 0.044 0.488 1    
404:  0.066 0.881 0.053 1    
405:  0.619 0.085 0.296 1    
406:  0.638 0.164 0.198 1    
407:  0.190 0.750 0.060 1    
408:  0.338 0.021 0.642 1    
409:  0.198 0.382 0.419 1    
410:  0.536 0.017 0.447 1    
411:  0.646 0.016 0.338 1    
412:  0.284 0.049 0.667 1    
413:  0.503 0.175 0.322 1    
414:  0.415 0.042 0.543 1    
415:  0.330 0.012 0.658 1    
416:  0.620 0.011 0.369 1    
417:  0.854 0.018 0.128 1    
418:  0.850 0.014 0.136 1    
419:  0.355 0.074 0.572 1    
420:  0.523 0.077 0.399 1    
421:  0.832 0.013 0.155 1    
422:  0.743 0.013 0.244 1    
423:  0.358 0.027 0.614 1    
424:  0.504 0.010 0.486 1    
425:  0.780 0.016 0.204 1    
426:  0.392 0.051 0.558 1    
427:  0.750 0.026 0.224 1    
428:  0.368 0.050 0.582 1    
429:  0.747 0.022 0.231 1    
430:  0.469 0.015 0.516 1    
431:  0.883 0.016 0.101 1    
432:  0.115 0.814 0.070 1    
433:  0.407 0.067 0.526 1    
434:  0.574 0.029 0.397 1    
435:  0.651 0.026 0.323 1    
436:  0.641 0.026 0.334 1    
437:  0.728 0.011 0.260 1    
438:  0.731 0.016 0.253 1    
439:  0.135 0.742 0.123 1    
440:  0.801 0.075 0.124 1    
441:  0.521 0.043 0.436 1    
442:  0.224 0.019 0.757 1    
443:  0.481 0.101 0.418 1    
444:  0.541 0.058 0.401 1    
445:  0.593 0.174 0.233 1    
446:  0.437 0.182 0.381 1    
447:  0.594 0.039 0.367 1    
448:  0.482 0.209 0.309 1    
449:  0.407 0.207 0.386 1    
450:  0.584 0.174 0.242 1    
451:  0.287 0.030 0.684 1    
452:  0.724 0.086 0.190 1    
453:  0.694 0.179 0.127 1    
454:  0.309 0.395 0.296 1    
455:  0.478 0.154 0.368 1    
456:  0.419 0.240 0.341 1    
457:  0.605 0.175 0.220 1    
458:  0.471 0.177 0.352 1    
459:  0.363 0.022 0.615 1    
460:  0.269 0.019 0.712 1    
461:  0.674 0.227 0.099 1    
462:  0.011 0.978 0.010 1    
463:  0.014 0.977 0.010 1    
464:  0.024 0.959 0.018 1    
465:  0.531 0.413 0.056 1    
466:  0.037 0.943 0.021 1    
467:  0.162 0.688 0.150 1    
468:  0.211 0.574 0.215 1    
469:  0.363 0.530 0.107 1    
470:  0.073 0.889 0.038 1    
471:  0.245 0.617 0.138 1    
472:  0.330 0.496 0.174 1    
473:  0.305 0.547 0.148 1    
474:  0.017 0.964 0.018 1    
475:  0.230 0.723 0.048 1    
476:  0.024 0.950 0.026 1    
477:  0.020 0.955 0.025 1    
478:  0.268 0.487 0.245 1    
479:  0.018 0.966 0.017 1    
480:  0.017 0.970 0.013 1    
481:  0.021 0.961 0.018 1    
482:  0.009 0.981 0.010 1    
483:  0.020 0.961 0.019 1    
484:  0.527 0.209 0.265 1    
485:  0.055 0.914 0.031 1    
486:  0.045 0.927 0.027 1    
487:  0.010 0.979 0.011 1    
488:  0.026 0.955 0.019 1    
489:  0.155 0.784 0.061 1    
490:  0.289 0.516 0.194 1    
491:  0.020 0.963 0.017 1    
492:  0.055 0.923 0.022 1    
493:  0.014 0.974 0.013 1    
494:  0.009 0.982 0.010 1    
495:  0.009 0.983 0.008 1    
496:  0.024 0.951 0.025 1    
497:  0.409 0.082 0.509 1    
498:  0.125 0.752 0.123 1    
499:  0.017 0.969 0.014 1    
500:  0.109 0.811 0.081 1    
501:  0.011 0.979 0.010 1    
502:  0.014 0.971 0.015 1    
503:  0.011 0.980 0.009 1    
504:  0.016 0.968 0.016 1    
505:  0.065 0.864 0.071 1    
506:  0.064 0.867 0.068 1    
507:  0.025 0.960 0.016 1    
508:  0.176 0.716 0.108 1    
509:  0.008 0.984 0.008 1    
510:  0.015 0.971 0.015 1    
511:  0.011 0.978 0.011 1    
512:  0.018 0.962 0.020 1    
513:  0.403 0.105 0.492 1    
514:  0.011 0.976 0.014 1    
515:  0.083 0.892 0.025 1    
516:  0.166 0.662 0.172 1    
517:  0.016 0.969 0.015 1    
518:  0.010 0.981 0.009 1    
519:  0.016 0.966 0.018 1    
520:  0.023 0.954 0.023 1    
521:  0.011 0.978 0.011 1    
522:  0.009 0.982 0.008 1    
523:  0.083 0.838 0.079 1    
524:  0.027 0.956 0.017 1    
525:  0.022 0.959 0.019 1    
526:  0.024 0.956 0.020 1    
527:  0.026 0.953 0.021 1    
528:  0.024 0.958 0.018 1    
529:  0.109 0.843 0.048 1    
530:  0.009 0.980 0.010 1    
531:  0.023 0.952 0.025 1    
532:  0.015 0.968 0.017 1    
533:  0.015 0.973 0.013 1    
534:  0.023 0.957 0.020 1    
535:  0.014 0.973 0.014 1    
536:  0.008 0.985 0.007 1    
537:  0.009 0.980 0.011 1    
538:  0.009 0.982 0.009 1    
539:  0.007 0.986 0.007 1    
540:  0.020 0.955 0.025 1    
541:  0.440 0.390 0.170 1    
542:  0.011 0.976 0.012 1    
543:  0.028 0.940 0.032 1    
544:  0.017 0.965 0.017 1    
545:  0.008 0.984 0.008 1    
546:  0.101 0.791 0.109 1    
547:  0.035 0.927 0.038 1    
548:  0.014 0.970 0.016 1    
549:  0.014 0.970 0.016 1    
550:  0.009 0.982 0.009 1    
551:  0.381 0.288 0.330 1    
552:  0.018 0.968 0.014 1    
553:  0.161 0.635 0.205 1    
554:  0.060 0.899 0.040 1    
555:  0.010 0.980 0.009 1    
556:  0.031 0.953 0.016 1    
557:  0.008 0.984 0.007 1    
558:  0.042 0.930 0.027 1    
559:  0.169 0.687 0.144 1    
560:  0.037 0.939 0.025 1    
561:  0.044 0.926 0.030 1    
562:  0.008 0.985 0.007 1    
563:  0.013 0.975 0.011 1    
564:  0.012 0.975 0.013 1    
565:  0.031 0.949 0.020 1    
566:  0.206 0.689 0.106 1    
567:  0.016 0.970 0.015 1    
568:  0.041 0.929 0.030 1    
569:  0.014 0.971 0.014 1    
570:  0.118 0.559 0.324 1    
571:  0.280 0.639 0.082 1    
572:  0.025 0.958 0.017 1    
573:  0.561 0.013 0.426 1    
574:  0.557 0.238 0.205 1    
575:  0.558 0.117 0.325 1    
576:  0.690 0.035 0.275 1    
577:  0.622 0.027 0.351 1    
578:  0.343 0.522 0.135 1    
579:  0.024 0.958 0.019 1    
580:  0.135 0.787 0.078 1    
581:  0.011 0.977 0.013 1    
582:  0.369 0.042 0.589 1    
583:  0.015 0.972 0.013 1    
584:  0.136 0.764 0.100 1    
585:  0.144 0.734 0.122 1    
586:  0.014 0.973 0.012 1    
587:  0.016 0.965 0.020 1    
588:  0.011 0.977 0.013 1    
589:  0.051 0.904 0.045 1    
590:  0.013 0.973 0.015 1    
591:  0.014 0.974 0.012 1    
592:  0.039 0.929 0.033 1    
593:  0.012 0.976 0.012 1    
594:  0.228 0.682 0.090 1    
595:  0.041 0.917 0.042 1    
596:  0.007 0.986 0.007 1    
597:  0.015 0.974 0.011 1    
598:  0.094 0.791 0.115 1    
599:  0.009 0.982 0.009 1    
600:  0.014 0.975 0.011 1    
601:  0.009 0.982 0.009 1    
602:  0.057 0.913 0.030 1    
603:  0.033 0.945 0.022 1    
604:  0.064 0.814 0.122 1    
605:  0.024 0.956 0.020 1    
606:  0.026 0.944 0.030 1    
607:  0.008 0.985 0.007 1    
608:  0.117 0.817 0.066 1    
609:  0.025 0.954 0.021 1    
610:  0.021 0.963 0.016 1    
611:  0.083 0.867 0.050 1    
612:  0.757 0.126 0.118 1    
613:  0.010 0.980 0.010 1    
614:  0.010 0.981 0.009 1    
615:  0.011 0.979 0.009 1    
616:  0.032 0.945 0.024 1    
617:  0.014 0.968 0.018 1    
618:  0.041 0.938 0.021 1    
619:  0.013 0.974 0.013 1    
620:  0.021 0.963 0.016 1    
621:  0.239 0.157 0.604 1    
622:  0.015 0.972 0.013 1    
623:  0.023 0.954 0.022 1    
              
              
1:    0.927 0.036 0.037 1    
2:    0.953 0.024 0.023 1    
3:    0.960 0.020 0.020 1    
4:    0.965 0.018 0.018 1    
5:    0.967 0.017 0.016 1    
6:    0.965 0.018 0.017 1    
7:    0.946 0.025 0.029 1    
8:    0.965 0.017 0.018 1    
9:    0.965 0.017 0.018 1    
10:   0.974 0.013 0.013 1    
11:   0.959 0.021 0.020 1    
12:   0.469 0.274 0.256 1    
13:   0.925 0.037 0.038 1    
14:   0.689 0.151 0.160 1    
15:   0.790 0.106 0.104 1    
16:   0.012 0.508 0.481 1    
17:   0.010 0.473 0.517 1    
18:   0.013 0.479 0.508 1    
19:   0.058 0.486 0.456 1    
20:   0.012 0.511 0.476 1    
21:   0.016 0.504 0.480 1    
22:   0.319 0.349 0.333 1    
23:   0.093 0.447 0.461 1    
24:   0.031 0.486 0.483 1    
25:   0.029 0.465 0.506 1    
26:   0.075 0.466 0.459 1    
27:   0.018 0.503 0.479 1    
28:   0.010 0.476 0.514 1    
29:   0.015 0.486 0.500 1    
30:   0.024 0.483 0.493 1    
31:   0.717 0.145 0.137 1    
32:   0.014 0.494 0.492 1    
33:   0.014 0.486 0.500 1    
34:   0.672 0.165 0.163 1    
35:   0.079 0.466 0.455 1    
36:   0.056 0.451 0.493 1    
37:   0.096 0.454 0.450 1    
38:   0.018 0.471 0.512 1    
39:   0.015 0.497 0.489 1    
40:   0.012 0.477 0.511 1    
41:   0.022 0.496 0.482 1    
42:   0.026 0.480 0.494 1    
43:   0.036 0.480 0.484 1    
44:   0.010 0.486 0.503 1    
45:   0.021 0.498 0.481 1    
46:   0.035 0.469 0.496 1    
47:   0.033 0.489 0.477 1    
48:   0.054 0.461 0.485 1    
49:   0.058 0.466 0.476 1    
50:   0.089 0.468 0.443 1    
51:   0.049 0.516 0.435 1    
52:   0.075 0.456 0.469 1    
53:   0.027 0.475 0.498 1    
54:   0.013 0.504 0.483 1    
55:   0.010 0.487 0.503 1    
56:   0.026 0.491 0.482 1    
57:   0.163 0.427 0.409 1    
58:   0.026 0.498 0.476 1    
59:   0.014 0.492 0.493 1    
60:   0.043 0.471 0.486 1    
61:   0.008 0.503 0.489 1    
62:   0.020 0.494 0.486 1    
63:   0.043 0.487 0.470 1    
64:   0.025 0.479 0.496 1    
65:   0.012 0.489 0.499 1    
66:   0.015 0.488 0.497 1    
67:   0.018 0.488 0.494 1    
68:   0.078 0.452 0.469 1    
69:   0.010 0.507 0.482 1    
70:   0.021 0.483 0.497 1    
71:   0.018 0.482 0.501 1    
72:   0.006 0.489 0.504 1    
73:   0.067 0.461 0.472 1    
74:   0.008 0.500 0.491 1    
75:   0.026 0.477 0.497 1    
76:   0.104 0.461 0.435 1    
77:   0.229 0.373 0.398 1    
78:   0.020 0.482 0.498 1    
79:   0.010 0.494 0.496 1    
80:   0.021 0.494 0.485 1    
81:   0.021 0.506 0.473 1    
82:   0.010 0.504 0.487 1    
83:   0.023 0.514 0.462 1    
84:   0.023 0.494 0.484 1    
85:   0.020 0.500 0.480 1    
86:   0.029 0.471 0.500 1    
87:   0.011 0.490 0.500 1    
88:   0.030 0.485 0.484 1    
89:   0.013 0.509 0.477 1    
90:   0.013 0.504 0.483 1    
91:   0.013 0.471 0.516 1    
92:   0.010 0.499 0.491 1    
93:   0.028 0.479 0.493 1    
94:   0.007 0.484 0.508 1    
95:   0.018 0.493 0.490 1    
96:   0.355 0.325 0.321 1    
97:   0.013 0.487 0.500 1    
98:   0.025 0.467 0.508 1    
99:   0.024 0.456 0.520 1    
100:  0.030 0.496 0.474 1    
101:  0.032 0.466 0.502 1    
102:  0.015 0.508 0.477 1    
103:  0.059 0.464 0.477 1    
104:  0.012 0.476 0.512 1    
105:  0.024 0.465 0.511 1    
106:  0.024 0.466 0.510 1    
107:  0.151 0.430 0.419 1    
108:  0.008 0.489 0.503 1    
109:  0.037 0.480 0.483 1    
110:  0.012 0.490 0.498 1    
111:  0.027 0.465 0.508 1    
112:  0.016 0.500 0.484 1    
113:  0.007 0.473 0.520 1    
114:  0.135 0.444 0.421 1    
115:  0.011 0.506 0.483 1    
116:  0.045 0.509 0.446 1    
117:  0.016 0.492 0.491 1    
118:  0.023 0.486 0.490 1    
119:  0.020 0.487 0.493 1    
120:  0.414 0.285 0.301 1    
121:  0.120 0.430 0.450 1    
122:  0.007 0.493 0.500 1    
123:  0.013 0.498 0.489 1    
124:  0.025 0.496 0.479 1    
125:  0.008 0.470 0.521 1    
126:  0.008 0.484 0.508 1    
127:  0.042 0.457 0.501 1    
128:  0.026 0.480 0.494 1    
129:  0.023 0.502 0.475 1    
130:  0.018 0.484 0.498 1    
131:  0.013 0.466 0.521 1    
132:  0.182 0.416 0.402 1    
133:  0.008 0.484 0.508 1    
134:  0.009 0.495 0.496 1    
135:  0.007 0.472 0.520 1    
136:  0.007 0.501 0.493 1    
137:  0.036 0.480 0.485 1    
138:  0.047 0.480 0.473 1    
139:  0.020 0.513 0.467 1    
140:  0.108 0.439 0.452 1    
141:  0.009 0.489 0.502 1    
142:  0.018 0.491 0.492 1    
143:  0.727 0.144 0.129 1    
144:  0.015 0.508 0.477 1    
145:  0.075 0.474 0.451 1    
146:  0.007 0.492 0.501 1    
147:  0.533 0.246 0.221 1    
148:  0.022 0.490 0.488 1    
149:  0.044 0.474 0.482 1    
150:  0.035 0.500 0.466 1    
151:  0.024 0.483 0.493 1    
152:  0.017 0.475 0.508 1    
153:  0.021 0.489 0.490 1    
154:  0.008 0.489 0.503 1    
155:  0.038 0.476 0.486 1    
156:  0.017 0.480 0.502 1    
157:  0.049 0.474 0.477 1    
158:  0.014 0.481 0.505 1    
159:  0.047 0.505 0.448 1    
160:  0.010 0.501 0.489 1    
161:  0.079 0.437 0.484 1    
162:  0.029 0.481 0.490 1    
163:  0.015 0.489 0.497 1    
164:  0.008 0.501 0.491 1    
165:  0.064 0.491 0.445 1    
166:  0.030 0.477 0.493 1    
167:  0.012 0.506 0.482 1    
168:  0.027 0.473 0.500 1    
169:  0.078 0.479 0.443 1    
170:  0.028 0.477 0.495 1    
171:  0.011 0.487 0.501 1    
172:  0.020 0.484 0.496 1    
173:  0.155 0.421 0.424 1    
174:  0.048 0.488 0.465 1    
175:  0.026 0.483 0.491 1    
176:  0.036 0.468 0.496 1    
177:  0.026 0.496 0.478 1    
178:  0.059 0.487 0.454 1    
179:  0.012 0.488 0.500 1    
180:  0.024 0.489 0.486 1    
181:  0.372 0.313 0.315 1    
182:  0.047 0.478 0.475 1    
183:  0.025 0.478 0.497 1    
184:  0.057 0.477 0.466 1    
185:  0.035 0.496 0.469 1    
186:  0.027 0.486 0.487 1    
187:  0.026 0.485 0.489 1    
188:  0.037 0.480 0.482 1    
189:  0.032 0.475 0.493 1    
190:  0.020 0.477 0.503 1    
191:  0.056 0.450 0.495 1    
192:  0.018 0.473 0.510 1    
193:  0.144 0.440 0.416 1    
194:  0.041 0.467 0.492 1    
195:  0.054 0.484 0.462 1    
196:  0.224 0.378 0.398 1    
197:  0.008 0.483 0.509 1    
198:  0.014 0.484 0.502 1    
199:  0.014 0.499 0.487 1    
200:  0.020 0.499 0.481 1    
201:  0.018 0.511 0.471 1    
202:  0.111 0.437 0.452 1    
203:  0.035 0.479 0.487 1    
204:  0.030 0.474 0.496 1    
205:  0.010 0.496 0.494 1    
206:  0.017 0.482 0.501 1    
207:  0.030 0.472 0.499 1    
208:  0.107 0.450 0.443 1    
209:  0.015 0.500 0.485 1    
210:  0.010 0.514 0.476 1    
211:  0.010 0.490 0.500 1    
212:  0.020 0.491 0.489 1    
213:  0.087 0.461 0.452 1    
214:  0.013 0.494 0.493 1    
215:  0.027 0.507 0.466 1    
216:  0.041 0.464 0.495 1    
217:  0.050 0.477 0.473 1    
218:  0.028 0.456 0.516 1    
219:  0.011 0.501 0.488 1    
220:  0.034 0.487 0.478 1    
221:  0.009 0.501 0.490 1    
222:  0.008 0.496 0.496 1    
223:  0.034 0.470 0.495 1    
224:  0.010 0.480 0.510 1    
225:  0.008 0.478 0.514 1    
226:  0.017 0.504 0.480 1    
227:  0.013 0.491 0.496 1    
228:  0.052 0.468 0.480 1    
229:  0.012 0.504 0.485 1    
230:  0.023 0.526 0.451 1    
231:  0.039 0.512 0.449 1    
232:  0.010 0.510 0.480 1    
233:  0.029 0.465 0.506 1    
234:  0.013 0.510 0.478 1    
235:  0.027 0.483 0.490 1    
236:  0.096 0.435 0.469 1    
237:  0.009 0.483 0.508 1    
238:  0.030 0.449 0.521 1    
239:  0.152 0.427 0.422 1    
240:  0.009 0.491 0.499 1    
241:  0.008 0.493 0.499 1    
242:  0.031 0.481 0.488 1    
243:  0.017 0.487 0.496 1    
244:  0.062 0.462 0.477 1    
245:  0.010 0.527 0.463 1    
246:  0.233 0.396 0.371 1    
247:  0.024 0.482 0.494 1    
248:  0.065 0.465 0.470 1    
249:  0.040 0.513 0.447 1    
250:  0.018 0.506 0.476 1    
251:  0.013 0.508 0.479 1    
252:  0.761 0.118 0.122 1    
253:  0.098 0.460 0.442 1    
254:  0.009 0.513 0.478 1    
255:  0.019 0.508 0.473 1    
256:  0.012 0.485 0.502 1    
257:  0.009 0.495 0.496 1    
258:  0.023 0.476 0.501 1    
259:  0.064 0.458 0.477 1    
260:  0.012 0.472 0.517 1    
261:  0.028 0.468 0.503 1    
262:  0.054 0.466 0.480 1    
263:  0.041 0.501 0.457 1    
264:  0.022 0.487 0.491 1    
265:  0.020 0.486 0.494 1    
266:  0.016 0.483 0.501 1    
267:  0.138 0.430 0.431 1    
268:  0.016 0.491 0.493 1    
269:  0.014 0.484 0.502 1    
270:  0.007 0.486 0.507 1    
271:  0.016 0.484 0.500 1    
272:  0.035 0.486 0.479 1    
273:  0.029 0.462 0.509 1    
274:  0.058 0.447 0.496 1    
275:  0.014 0.509 0.477 1    
276:  0.019 0.489 0.492 1    
277:  0.008 0.496 0.495 1    
278:  0.011 0.492 0.497 1    
279:  0.029 0.488 0.482 1    
280:  0.012 0.504 0.484 1    
281:  0.028 0.487 0.485 1    
282:  0.022 0.480 0.498 1    
283:  0.017 0.507 0.477 1    
284:  0.011 0.493 0.496 1    
285:  0.026 0.475 0.499 1    
286:  0.030 0.520 0.450 1    
287:  0.012 0.498 0.490 1    
288:  0.022 0.486 0.491 1    
289:  0.021 0.488 0.491 1    
290:  0.035 0.489 0.476 1    
291:  0.041 0.488 0.471 1    
292:  0.010 0.474 0.516 1    
293:  0.011 0.496 0.492 1    
294:  0.033 0.493 0.475 1    
295:  0.022 0.465 0.513 1    
296:  0.036 0.483 0.481 1    
297:  0.218 0.383 0.399 1    
298:  0.022 0.496 0.483 1    
299:  0.007 0.491 0.502 1    
300:  0.049 0.475 0.476 1    
301:  0.038 0.477 0.485 1    
302:  0.019 0.508 0.472 1    
303:  0.093 0.455 0.452 1    
304:  0.021 0.486 0.493 1    
305:  0.012 0.489 0.499 1    
306:  0.015 0.497 0.488 1    
307:  0.032 0.500 0.468 1    
308:  0.022 0.474 0.504 1    
309:  0.016 0.485 0.499 1    
310:  0.019 0.474 0.508 1    
311:  0.027 0.486 0.487 1    
312:  0.028 0.505 0.467 1    
313:  0.023 0.493 0.484 1    
314:  0.011 0.477 0.512 1    
315:  0.076 0.460 0.464 1    
316:  0.068 0.505 0.427 1    
317:  0.077 0.454 0.469 1    
318:  0.016 0.477 0.507 1    
319:  0.011 0.490 0.499 1    
320:  0.008 0.514 0.478 1    
321:  0.017 0.506 0.477 1    
322:  0.032 0.470 0.498 1    
323:  0.017 0.489 0.494 1    
324:  0.019 0.501 0.480 1    
325:  0.008 0.495 0.497 1    
326:  0.010 0.506 0.484 1    
327:  0.042 0.486 0.472 1    
328:  0.113 0.454 0.433 1    
329:  0.013 0.476 0.511 1    
330:  0.035 0.481 0.485 1    
331:  0.020 0.496 0.484 1    
332:  0.027 0.471 0.502 1    
333:  0.027 0.488 0.485 1    
334:  0.268 0.341 0.391 1    
335:  0.009 0.498 0.494 1    
336:  0.016 0.484 0.500 1    
337:  0.048 0.478 0.474 1    
338:  0.059 0.480 0.461 1    
339:  0.142 0.426 0.431 1    
340:  0.023 0.496 0.481 1    
341:  0.019 0.473 0.508 1    
342:  0.691 0.158 0.151 1    
343:  0.035 0.481 0.484 1    
344:  0.028 0.501 0.471 1    
345:  0.048 0.479 0.473 1    
346:  0.025 0.480 0.495 1    
347:  0.101 0.448 0.450 1    
348:  0.006 0.499 0.495 1    
349:  0.202 0.388 0.410 1    
350:  0.024 0.474 0.502 1    
351:  0.013 0.490 0.497 1    
352:  0.008 0.488 0.503 1    
353:  0.010 0.500 0.490 1    
354:  0.015 0.504 0.481 1    
355:  0.021 0.502 0.478 1    
356:  0.073 0.485 0.442 1    
357:  0.015 0.505 0.480 1    
358:  0.009 0.481 0.510 1    
359:  0.296 0.345 0.359 1    
360:  0.024 0.487 0.489 1    
361:  0.218 0.418 0.364 1    
362:  0.046 0.486 0.468 1    
363:  0.009 0.495 0.496 1    
364:  0.061 0.481 0.458 1    
365:  0.243 0.388 0.369 1    
366:  0.036 0.474 0.490 1    
367:  0.023 0.489 0.489 1    
368:  0.015 0.490 0.496 1    
369:  0.011 0.498 0.491 1    
370:  0.012 0.468 0.520 1    
371:  0.015 0.484 0.502 1    
372:  0.189 0.419 0.392 1    
373:  0.145 0.432 0.423 1    
374:  0.098 0.457 0.445 1    
375:  0.024 0.501 0.476 1    
376:  0.012 0.479 0.510 1    
377:  0.031 0.480 0.489 1    
378:  0.023 0.501 0.476 1    
379:  0.034 0.468 0.498 1    
380:  0.011 0.503 0.486 1    
381:  0.021 0.473 0.506 1    
382:  0.015 0.490 0.494 1    
383:  0.014 0.503 0.483 1    
384:  0.016 0.496 0.488 1    
385:  0.022 0.510 0.468 1    
386:  0.024 0.512 0.465 1    
387:  0.029 0.475 0.496 1    
388:  0.092 0.452 0.456 1    
389:  0.011 0.506 0.483 1    
390:  0.012 0.491 0.497 1    
391:  0.023 0.474 0.503 1    
392:  0.032 0.485 0.483 1    
393:  0.016 0.484 0.501 1    
394:  0.032 0.475 0.493 1    
395:  0.200 0.379 0.422 1    
396:  0.008 0.493 0.499 1    
397:  0.034 0.479 0.486 1    
398:  0.027 0.484 0.489 1    
399:  0.018 0.519 0.464 1    
400:  0.042 0.483 0.475 1    
401:  0.019 0.502 0.480 1    
402:  0.368 0.310 0.321 1    
403:  0.045 0.479 0.476 1    
404:  0.876 0.060 0.064 1    
405:  0.085 0.457 0.459 1    
406:  0.162 0.416 0.422 1    
407:  0.750 0.130 0.120 1    
408:  0.020 0.492 0.488 1    
409:  0.367 0.313 0.320 1    
410:  0.017 0.520 0.464 1    
411:  0.015 0.491 0.494 1    
412:  0.047 0.472 0.481 1    
413:  0.189 0.409 0.402 1    
414:  0.042 0.471 0.486 1    
415:  0.012 0.469 0.519 1    
416:  0.011 0.475 0.514 1    
417:  0.017 0.498 0.484 1    
418:  0.014 0.499 0.487 1    
419:  0.075 0.454 0.471 1    
420:  0.081 0.448 0.471 1    
421:  0.013 0.497 0.490 1    
422:  0.013 0.476 0.511 1    
423:  0.028 0.471 0.501 1    
424:  0.010 0.491 0.499 1    
425:  0.016 0.489 0.495 1    
426:  0.049 0.482 0.468 1    
427:  0.028 0.474 0.498 1    
428:  0.054 0.486 0.460 1    
429:  0.022 0.480 0.498 1    
430:  0.015 0.464 0.521 1    
431:  0.014 0.520 0.466 1    
432:  0.808 0.096 0.096 1    
433:  0.067 0.451 0.481 1    
434:  0.030 0.495 0.475 1    
435:  0.026 0.487 0.487 1    
436:  0.027 0.484 0.489 1    
437:  0.012 0.479 0.509 1    
438:  0.016 0.481 0.503 1    
439:  0.762 0.121 0.117 1    
440:  0.078 0.463 0.459 1    
441:  0.041 0.465 0.494 1    
442:  0.022 0.488 0.490 1    
443:  0.097 0.440 0.462 1    
444:  0.056 0.466 0.478 1    
445:  0.169 0.418 0.413 1    
446:  0.185 0.405 0.410 1    
447:  0.042 0.468 0.490 1    
448:  0.194 0.412 0.394 1    
449:  0.219 0.380 0.401 1    
450:  0.180 0.408 0.412 1    
451:  0.031 0.490 0.479 1    
452:  0.087 0.459 0.454 1    
453:  0.171 0.409 0.420 1    
454:  0.402 0.297 0.301 1    
455:  0.163 0.413 0.424 1    
456:  0.239 0.385 0.376 1    
457:  0.180 0.413 0.407 1    
458:  0.169 0.421 0.409 1    
459:  0.023 0.478 0.499 1    
460:  0.021 0.492 0.487 1    
461:  0.221 0.399 0.380 1    
462:  0.979 0.011 0.010 1    
463:  0.976 0.012 0.012 1    
464:  0.958 0.021 0.021 1    
465:  0.429 0.303 0.267 1    
466:  0.945 0.028 0.027 1    
467:  0.687 0.154 0.160 1    
468:  0.574 0.218 0.208 1    
469:  0.504 0.249 0.248 1    
470:  0.892 0.054 0.054 1    
471:  0.622 0.191 0.187 1    
472:  0.493 0.250 0.258 1    
473:  0.538 0.229 0.233 1    
474:  0.964 0.018 0.018 1    
475:  0.726 0.136 0.138 1    
476:  0.949 0.026 0.025 1    
477:  0.954 0.022 0.023 1    
478:  0.495 0.242 0.263 1    
479:  0.965 0.017 0.018 1    
480:  0.970 0.015 0.014 1    
481:  0.962 0.020 0.019 1    
482:  0.981 0.010 0.009 1    
483:  0.963 0.019 0.018 1    
484:  0.213 0.379 0.408 1    
485:  0.916 0.041 0.043 1    
486:  0.925 0.038 0.038 1    
487:  0.980 0.010 0.011 1    
488:  0.952 0.024 0.024 1    
489:  0.796 0.107 0.098 1    
490:  0.534 0.229 0.237 1    
491:  0.963 0.018 0.019 1    
492:  0.923 0.039 0.038 1    
493:  0.972 0.014 0.014 1    
494:  0.982 0.009 0.009 1    
495:  0.982 0.009 0.008 1    
496:  0.953 0.024 0.023 1    
497:  0.084 0.452 0.464 1    
498:  0.770 0.116 0.114 1    
499:  0.969 0.015 0.016 1    
500:  0.818 0.089 0.093 1    
501:  0.979 0.011 0.010 1    
502:  0.973 0.014 0.013 1    
503:  0.980 0.010 0.010 1    
504:  0.969 0.016 0.016 1    
505:  0.866 0.065 0.069 1    
506:  0.869 0.065 0.065 1    
507:  0.959 0.021 0.021 1    
508:  0.720 0.147 0.133 1    
509:  0.984 0.008 0.008 1    
510:  0.970 0.015 0.015 1    
511:  0.976 0.012 0.012 1    
512:  0.960 0.021 0.019 1    
513:  0.110 0.439 0.451 1    
514:  0.976 0.012 0.012 1    
515:  0.893 0.055 0.052 1    
516:  0.656 0.170 0.174 1    
517:  0.969 0.016 0.015 1    
518:  0.981 0.009 0.009 1    
519:  0.966 0.017 0.017 1    
520:  0.953 0.023 0.024 1    
521:  0.979 0.011 0.010 1    
522:  0.981 0.009 0.010 1    
523:  0.842 0.077 0.081 1    
524:  0.958 0.022 0.020 1    
525:  0.957 0.021 0.022 1    
526:  0.956 0.022 0.022 1    
527:  0.956 0.022 0.022 1    
528:  0.958 0.021 0.021 1    
529:  0.851 0.075 0.075 1    
530:  0.981 0.009 0.010 1    
531:  0.954 0.022 0.023 1    
532:  0.968 0.016 0.016 1    
533:  0.974 0.013 0.013 1    
534:  0.960 0.020 0.019 1    
535:  0.973 0.013 0.014 1    
536:  0.985 0.008 0.007 1    
537:  0.980 0.009 0.010 1    
538:  0.983 0.009 0.009 1    
539:  0.986 0.007 0.007 1    
540:  0.955 0.022 0.022 1    
541:  0.402 0.289 0.309 1    
542:  0.977 0.011 0.012 1    
543:  0.937 0.032 0.031 1    
544:  0.966 0.018 0.017 1    
545:  0.984 0.008 0.008 1    
546:  0.787 0.105 0.108 1    
547:  0.929 0.033 0.037 1    
548:  0.971 0.014 0.015 1    
549:  0.971 0.014 0.015 1    
550:  0.982 0.008 0.009 1    
551:  0.293 0.336 0.371 1    
552:  0.969 0.015 0.016 1    
553:  0.642 0.185 0.174 1    
554:  0.898 0.052 0.050 1    
555:  0.981 0.010 0.009 1    
556:  0.953 0.023 0.023 1    
557:  0.984 0.008 0.008 1    
558:  0.931 0.036 0.034 1    
559:  0.689 0.155 0.156 1    
560:  0.937 0.033 0.030 1    
561:  0.921 0.042 0.038 1    
562:  0.985 0.008 0.007 1    
563:  0.977 0.012 0.011 1    
564:  0.975 0.013 0.012 1    
565:  0.949 0.025 0.027 1    
566:  0.685 0.154 0.161 1    
567:  0.969 0.016 0.015 1    
568:  0.930 0.036 0.034 1    
569:  0.971 0.015 0.014 1    
570:  0.558 0.225 0.217 1    
571:  0.630 0.191 0.179 1    
572:  0.958 0.021 0.021 1    
573:  0.013 0.495 0.492 1    
574:  0.256 0.386 0.357 1    
575:  0.115 0.452 0.433 1    
576:  0.035 0.476 0.488 1    
577:  0.028 0.500 0.472 1    
578:  0.529 0.245 0.226 1    
579:  0.958 0.020 0.021 1    
580:  0.786 0.107 0.107 1    
581:  0.976 0.012 0.013 1    
582:  0.042 0.471 0.487 1    
583:  0.972 0.015 0.013 1    
584:  0.767 0.117 0.116 1    
585:  0.732 0.139 0.128 1    
586:  0.972 0.014 0.013 1    
587:  0.964 0.018 0.018 1    
588:  0.977 0.011 0.012 1    
589:  0.908 0.042 0.050 1    
590:  0.973 0.013 0.014 1    
591:  0.973 0.013 0.014 1    
592:  0.921 0.040 0.039 1    
593:  0.976 0.012 0.012 1    
594:  0.698 0.154 0.147 1    
595:  0.925 0.038 0.037 1    
596:  0.985 0.008 0.007 1    
597:  0.973 0.014 0.012 1    
598:  0.799 0.100 0.101 1    
599:  0.982 0.009 0.009 1    
600:  0.975 0.013 0.012 1    
601:  0.981 0.009 0.009 1    
602:  0.913 0.046 0.041 1    
603:  0.941 0.029 0.031 1    
604:  0.808 0.095 0.097 1    
605:  0.955 0.024 0.021 1    
606:  0.944 0.029 0.027 1    
607:  0.985 0.008 0.007 1    
608:  0.820 0.089 0.091 1    
609:  0.954 0.023 0.022 1    
610:  0.965 0.018 0.017 1    
611:  0.878 0.064 0.058 1    
612:  0.134 0.451 0.415 1    
613:  0.980 0.009 0.011 1    
614:  0.981 0.009 0.010 1    
615:  0.978 0.012 0.011 1    
616:  0.937 0.030 0.034 1    
617:  0.965 0.017 0.018 1    
618:  0.937 0.030 0.033 1    
619:  0.973 0.013 0.013 1    
620:  0.962 0.020 0.018 1    
621:  0.161 0.420 0.419 1    
622:  0.973 0.014 0.013 1    
623:  0.957 0.022 0.021 1    
              
              
1:    0.036 0.036 0.927 1    
2:    0.023 0.027 0.951 1    
3:    0.020 0.019 0.960 1    
4:    0.015 0.020 0.965 1    
5:    0.018 0.017 0.965 1    
6:    0.017 0.016 0.967 1    
7:    0.026 0.030 0.944 1    
8:    0.017 0.018 0.965 1    
9:    0.018 0.017 0.965 1    
10:   0.013 0.013 0.973 1    
11:   0.021 0.020 0.959 1    
12:   0.245 0.283 0.472 1    
13:   0.038 0.041 0.921 1    
14:   0.154 0.170 0.676 1    
15:   0.117 0.102 0.781 1    
16:   0.479 0.509 0.012 1    
17:   0.510 0.481 0.010 1    
18:   0.485 0.503 0.012 1    
19:   0.462 0.481 0.058 1    
20:   0.507 0.481 0.012 1    
21:   0.449 0.536 0.015 1    
22:   0.311 0.368 0.322 1    
23:   0.482 0.427 0.091 1    
24:   0.456 0.514 0.030 1    
25:   0.484 0.486 0.030 1    
26:   0.428 0.498 0.075 1    
27:   0.490 0.491 0.019 1    
28:   0.508 0.482 0.011 1    
29:   0.479 0.505 0.016 1    
30:   0.481 0.494 0.025 1    
31:   0.144 0.145 0.711 1    
32:   0.474 0.512 0.014 1    
33:   0.473 0.512 0.015 1    
34:   0.163 0.161 0.676 1    
35:   0.471 0.449 0.081 1    
36:   0.490 0.454 0.057 1    
37:   0.393 0.511 0.096 1    
38:   0.520 0.462 0.017 1    
39:   0.471 0.514 0.015 1    
40:   0.450 0.538 0.012 1    
41:   0.493 0.486 0.021 1    
42:   0.443 0.529 0.028 1    
43:   0.444 0.520 0.037 1    
44:   0.487 0.502 0.011 1    
45:   0.400 0.579 0.021 1    
46:   0.494 0.471 0.035 1    
47:   0.475 0.490 0.034 1    
48:   0.434 0.511 0.055 1    
49:   0.488 0.451 0.061 1    
50:   0.450 0.459 0.090 1    
51:   0.452 0.496 0.052 1    
52:   0.457 0.470 0.073 1    
53:   0.453 0.520 0.027 1    
54:   0.486 0.501 0.013 1    
55:   0.498 0.491 0.011 1    
56:   0.526 0.448 0.025 1    
57:   0.366 0.467 0.167 1    
58:   0.462 0.510 0.028 1    
59:   0.491 0.494 0.015 1    
60:   0.439 0.520 0.042 1    
61:   0.491 0.501 0.008 1    
62:   0.493 0.486 0.021 1    
63:   0.480 0.478 0.042 1    
64:   0.456 0.519 0.026 1    
65:   0.542 0.446 0.012 1    
66:   0.521 0.465 0.014 1    
67:   0.492 0.490 0.018 1    
68:   0.476 0.444 0.080 1    
69:   0.491 0.499 0.011 1    
70:   0.524 0.454 0.022 1    
71:   0.501 0.480 0.019 1    
72:   0.533 0.460 0.006 1    
73:   0.481 0.450 0.069 1    
74:   0.516 0.475 0.009 1    
75:   0.454 0.518 0.028 1    
76:   0.467 0.428 0.106 1    
77:   0.394 0.382 0.224 1    
78:   0.553 0.427 0.020 1    
79:   0.525 0.465 0.011 1    
80:   0.518 0.461 0.021 1    
81:   0.475 0.504 0.021 1    
82:   0.506 0.484 0.010 1    
83:   0.417 0.561 0.022 1    
84:   0.457 0.521 0.022 1    
85:   0.491 0.489 0.021 1    
