  1:   0.1786  0.1642  0.1788  0.1604  0.1516  0.1666  1
  2:   0.1682  0.1656  0.1662  0.1664  0.1646  0.1690  1
  3:   0.1622  0.1696  0.1602  0.1674  0.1808  0.1596  1
  4:   0.1681  0.1603  0.1747  0.1687  0.1601  0.1679  1
  5:   0.1671  0.1651  0.1785  0.1635  0.1517  0.1741  1
  6:   0.1597  0.1651  0.1625  0.1689  0.1731  0.1705  1
  7:   0.1646  0.1608  0.1766  0.1692  0.1660  0.1630  1
  8:   0.1628  0.1634  0.1656  0.1702  0.1660  0.1720  1
  9:   0.1596  0.1688  0.1688  0.1714  0.1680  0.1634  1
 10:   0.1658  0.1666  0.1668  0.1682  0.1706  0.1618  1
 11:   0.1604  0.1592  0.1670  0.1664  0.1644  0.1824  1
 12:   0.1665  0.1657  0.1679  0.1659  0.1667  0.1671  1
 13:   0.1616  0.1740  0.1618  0.1652  0.1702  0.1674  1
 14:   0.1644  0.1630  0.1644  0.1664  0.1634  0.1784  1
 15:   0.1624  0.1732  0.1566  0.1646  0.1810  0.1622  1
 16:   0.1648  0.1634  0.1652  0.1696  0.1684  0.1686  1
 17:   0.1593  0.1615  0.1747  0.1729  0.1691  0.1627  1
 18:   0.1714  0.1634  0.1788  0.1622  0.1540  0.1702  1
 19:   0.1765  0.1637  0.1741  0.1619  0.1527  0.1711  1
 20:   0.1620  0.1598  0.1680  0.1648  0.1650  0.1802  1
 21:   0.1596  0.1678  0.1738  0.1714  0.1618  0.1654  1
 22:   0.1687  0.1573  0.1813  0.1707  0.1581  0.1637  1
 23:   0.1622  0.1610  0.1702  0.1720  0.1684  0.1664  1
 24:   0.1667  0.1715  0.1617  0.1663  0.1719  0.1617  1
 25:   0.1882  0.1660  0.1692  0.1612  0.1528  0.1628  1
 26:   0.1606  0.1722  0.1672  0.1658  0.1732  0.1610  1
 27:   0.1672  0.1704  0.1662  0.1658  0.1656  0.1650  1
 28:   0.1646  0.1634  0.1650  0.1672  0.1648  0.1750  1
 29:   0.1617  0.1691  0.1599  0.1677  0.1819  0.1599  1
 30:   0.1716  0.1652  0.1776  0.1626  0.1580  0.1652  1
 31:   0.1651  0.1609  0.1693  0.1689  0.1621  0.1735  1
 32:   0.1720  0.1646  0.1714  0.1664  0.1640  0.1618  1
 33:   0.1676  0.1644  0.1702  0.1660  0.1630  0.1690  1
 34:   0.1645  0.1609  0.1637  0.1687  0.1709  0.1713  1
 35:   0.1662  0.1676  0.1716  0.1676  0.1686  0.1586  1
 36:   0.1634  0.1650  0.1646  0.1702  0.1754  0.1612  1
 37:   0.1596  0.1674  0.1724  0.1698  0.1626  0.1682  1
 38:   0.1590  0.1742  0.1668  0.1650  0.1752  0.1596  1
 39:   0.1685  0.1675  0.1619  0.1663  0.1637  0.1719  1
 40:   0.1662  0.1726  0.1676  0.1640  0.1692  0.1604  1
 41:   0.1663  0.1663  0.1667  0.1707  0.1683  0.1615  1
 42:   0.1664  0.1676  0.1616  0.1676  0.1636  0.1730  1
 43:   0.1638  0.1646  0.1596  0.1660  0.1586  0.1874  1
 44:   0.1681  0.1613  0.1621  0.1643  0.1543  0.1897  1
 45:   0.1816  0.1640  0.1736  0.1604  0.1526  0.1678  1
 46:   0.1774  0.1646  0.1714  0.1602  0.1528  0.1738  1
 47:   0.1724  0.1624  0.1798  0.1642  0.1582  0.1630  1
 48:   0.1667  0.1669  0.1739  0.1655  0.1607  0.1665  1
 49:   0.1691  0.1673  0.1617  0.1673  0.1657  0.1689  1
 50:   0.1606  0.1670  0.1710  0.1712  0.1652  0.1648  1
 51:   0.1686  0.1650  0.1674  0.1652  0.1658  0.1678  1
 52:   0.1673  0.1673  0.1683  0.1657  0.1649  0.1665  1
 53:   0.1664  0.1634  0.1694  0.1672  0.1620  0.1718  1
 54:   0.1729  0.1665  0.1667  0.1659  0.1603  0.1675  1
 55:   0.1702  0.1672  0.1652  0.1662  0.1630  0.1682  1
 56:   0.1584  0.1632  0.1716  0.1724  0.1656  0.1686  1
 57:   0.1878  0.1658  0.1770  0.1556  0.1428  0.1708  1
 58:   0.1680  0.1634  0.1620  0.1696  0.1648  0.1720  1
 59:   0.1685  0.1685  0.1643  0.1657  0.1659  0.1669  1
 60:   0.1628  0.1686  0.1662  0.1684  0.1704  0.1636  1
 61:   0.1609  0.1727  0.1623  0.1667  0.1815  0.1561  1
 62:   0.1586  0.1730  0.1634  0.1686  0.1822  0.1544  1
 63:   0.1674  0.1658  0.1676  0.1664  0.1650  0.1678  1
 64:   0.1768  0.1684  0.1558  0.1650  0.1680  0.1660  1
 65:   0.1766  0.1688  0.1530  0.1642  0.1700  0.1674  1
 66:   0.1644  0.1624  0.1666  0.1680  0.1662  0.1722  1
 67:   0.1669  0.1675  0.1691  0.1657  0.1645  0.1665  1
 68:   0.1650  0.1646  0.1758  0.1666  0.1646  0.1636  1
 69:   0.1628  0.1648  0.1710  0.1688  0.1690  0.1634  1
 70:   0.1652  0.1666  0.1678  0.1662  0.1660  0.1680  1
 71:   0.1750  0.1702  0.1530  0.1662  0.1692  0.1666  1
 72:   0.1741  0.1663  0.1647  0.1649  0.1607  0.1693  1
 73:   0.1632  0.1692  0.1684  0.1688  0.1688  0.1618  1
 74:   0.1616  0.1676  0.1628  0.1674  0.1698  0.1706  1
 75:   0.1708  0.1596  0.1876  0.1612  0.1448  0.1760  1
 76:   0.1760  0.1598  0.1776  0.1622  0.1524  0.1720  1
 77:   0.1704  0.1598  0.1760  0.1674  0.1592  0.1670  1
 78:   0.1678  0.1668  0.1668  0.1660  0.1650  0.1674  1
 79:   0.1546  0.1782  0.1662  0.1666  0.1836  0.1510  1
 80:   0.1556  0.1698  0.1704  0.1718  0.1660  0.1662  1
 81:   0.1644  0.1680  0.1628  0.1684  0.1742  0.1620  1
 82:   0.1602  0.1620  0.1690  0.1650  0.1686  0.1754  1
 83:   0.1638  0.1686  0.1638  0.1684  0.1624  0.1728  1
 84:   0.1807  0.1601  0.1825  0.1615  0.1489  0.1661  1
 85:   0.1734  0.1646  0.1666  0.1626  0.1566  0.1764  1
 86:   0.1757  0.1675  0.1811  0.1603  0.1517  0.1635  1
 87:   0.1718  0.1726  0.1592  0.1632  0.1758  0.1576  1
 88:   0.1655  0.1679  0.1623  0.1665  0.1723  0.1653  1
 89:   0.1618  0.1690  0.1634  0.1718  0.1786  0.1556  1
 90:   0.1606  0.1686  0.1576  0.1692  0.1830  0.1610  1
 91:   0.1632  0.1724  0.1604  0.1676  0.1806  0.1556  1
 92:   0.1679  0.1745  0.1581  0.1695  0.1805  0.1497  1
 93:   0.1612  0.1640  0.1654  0.1686  0.1638  0.1768  1
 94:   0.1648  0.1610  0.1674  0.1666  0.1640  0.1760  1
 95:   0.1634  0.1616  0.1668  0.1698  0.1634  0.1752  1
 96:   0.1712  0.1662  0.1672  0.1664  0.1598  0.1694  1
 97:   0.1676  0.1672  0.1716  0.1642  0.1594  0.1698  1
 98:   0.1582  0.1700  0.1564  0.1632  0.1772  0.1750  1
 99:   0.1595  0.1643  0.1631  0.1677  0.1717  0.1735  1
100:   0.1558  0.1722  0.1622  0.1708  0.1800  0.1590  1
101:   0.1684  0.1670  0.1636  0.1674  0.1632  0.1702  1
102:   0.1715  0.1689  0.1627  0.1667  0.1631  0.1671  1
103:   0.1608  0.1688  0.1700  0.1668  0.1728  0.1606  1
104:   0.1550  0.1680  0.1640  0.1696  0.1728  0.1706  1
105:   0.1637  0.1705  0.1621  0.1711  0.1803  0.1525  1
106:   0.1768  0.1678  0.1622  0.1642  0.1582  0.1706  1
107:   0.1782  0.1716  0.1524  0.1652  0.1656  0.1672  1
108:   0.1636  0.1648  0.1718  0.1684  0.1710  0.1606  1
109:   0.1636  0.1666  0.1686  0.1660  0.1674  0.1676  1
