  1:   0.1650  0.1680  0.1600  0.1690  0.1670  0.1710  1
  2:   0.1660  0.1660  0.1670  0.1710  0.1650  0.1650  1
  3:   0.1752  0.1602  0.1682  0.1692  0.1632  0.1642  1
  4:   0.1620  0.1620  0.1640  0.1650  0.1730  0.1740  1
  5:   0.1648  0.1758  0.1578  0.1778  0.1638  0.1598  1
  6:   0.1620  0.1650  0.1720  0.1700  0.1660  0.1650  1
  7:   0.1590  0.1680  0.1680  0.1690  0.1650  0.1710  1
  8:   0.1588  0.1648  0.1648  0.1728  0.1668  0.1718  1
  9:   0.1710  0.1720  0.1560  0.1630  0.1680  0.1700  1
 10:   0.1670  0.1680  0.1630  0.1670  0.1680  0.1670  1
 11:   0.1540  0.1710  0.1660  0.1790  0.1620  0.1680  1
 12:   0.1670  0.1640  0.1670  0.1700  0.1640  0.1680  1
 13:   0.1760  0.1690  0.1700  0.1560  0.1710  0.1580  1
 14:   0.1640  0.1710  0.1690  0.1730  0.1600  0.1630  1
 15:   0.1700  0.1600  0.1680  0.1710  0.1690  0.1620  1
 16:   0.1620  0.1670  0.1680  0.1660  0.1660  0.1710  1
 17:   0.1530  0.1690  0.1640  0.1660  0.1700  0.1780  1
 18:   0.1620  0.1690  0.1560  0.1730  0.1640  0.1760  1
 19:   0.1680  0.1630  0.1580  0.1750  0.1690  0.1670  1
 20:   0.1610  0.1720  0.1670  0.1750  0.1630  0.1620  1
 21:   0.1630  0.1760  0.1600  0.1640  0.1690  0.1680  1
 22:   0.1548  0.1668  0.1618  0.1618  0.1708  0.1838  1
 23:   0.1510  0.1700  0.1750  0.1690  0.1650  0.1700  1
 24:   0.1670  0.1620  0.1710  0.1640  0.1650  0.1710  1
 25:   0.1718  0.1618  0.1628  0.1648  0.1718  0.1668  1
 26:   0.1690  0.1730  0.1670  0.1610  0.1660  0.1640  1
 27:   0.1752  0.1682  0.1652  0.1622  0.1652  0.1642  1
 28:   0.1602  0.1652  0.1642  0.1732  0.1712  0.1662  1
 29:   0.1690  0.1650  0.1690  0.1650  0.1690  0.1630  1
 30:   0.1660  0.1720  0.1600  0.1630  0.1710  0.1680  1
 31:   0.1650  0.1640  0.1690  0.1690  0.1650  0.1680  1
 32:   0.1690  0.1750  0.1630  0.1620  0.1650  0.1660  1
 33:   0.1630  0.1670  0.1620  0.1720  0.1650  0.1710  1
 34:   0.1578  0.1648  0.1748  0.1718  0.1648  0.1658  1
 35:   0.1660  0.1670  0.1650  0.1620  0.1690  0.1710  1
 36:   0.1652  0.1682  0.1702  0.1652  0.1682  0.1632  1
 37:   0.1670  0.1690  0.1670  0.1660  0.1660  0.1650  1
 38:   0.1760  0.1750  0.1660  0.1600  0.1650  0.1580  1
 39:   0.1670  0.1640  0.1710  0.1650  0.1670  0.1660  1
 40:   0.1738  0.1758  0.1678  0.1608  0.1658  0.1558  1
 41:   0.1660  0.1700  0.1630  0.1640  0.1670  0.1700  1
 42:   0.1680  0.1630  0.1650  0.1600  0.1760  0.1680  1
 43:   0.1620  0.1670  0.1680  0.1640  0.1700  0.1690  1
 44:   0.1630  0.1670  0.1700  0.1670  0.1730  0.1600  1
 45:   0.1730  0.1690  0.1600  0.1730  0.1660  0.1590  1
 46:   0.1680  0.1650  0.1580  0.1730  0.1700  0.1660  1
 47:   0.1630  0.1720  0.1580  0.1690  0.1680  0.1700  1
 48:   0.1682  0.1682  0.1632  0.1682  0.1702  0.1622  1
 49:   0.1708  0.1648  0.1658  0.1648  0.1678  0.1658  1
 50:   0.1652  0.1712  0.1662  0.1632  0.1732  0.1612  1
 51:   0.1642  0.1682  0.1672  0.1672  0.1672  0.1662  1
 52:   0.1658  0.1688  0.1668  0.1648  0.1678  0.1658  1
 53:   0.1632  0.1632  0.1642  0.1712  0.1692  0.1692  1
 54:   0.1718  0.1658  0.1648  0.1668  0.1658  0.1648  1
 55:   0.1710  0.1640  0.1620  0.1680  0.1680  0.1670  1
 56:   0.1582  0.1682  0.1692  0.1652  0.1682  0.1712  1
 57:   0.1720  0.1670  0.1600  0.1730  0.1670  0.1610  1
 58:   0.1672  0.1612  0.1652  0.1702  0.1692  0.1672  1
 59:   0.1708  0.1608  0.1688  0.1688  0.1678  0.1628  1
 60:   0.1718  0.1648  0.1608  0.1678  0.1658  0.1688  1
 61:   0.1790  0.1640  0.1640  0.1610  0.1640  0.1680  1
 62:   0.1698  0.1748  0.1698  0.1558  0.1668  0.1628  1
 63:   0.1650  0.1660  0.1650  0.1680  0.1680  0.1680  1
 64:   0.1758  0.1548  0.1748  0.1638  0.1648  0.1658  1
 65:   0.1750  0.1550  0.1770  0.1650  0.1650  0.1630  1
 66:   0.1580  0.1670  0.1710  0.1680  0.1670  0.1690  1
 67:   0.1670  0.1680  0.1640  0.1660  0.1660  0.1690  1
 68:   0.1630  0.1700  0.1680  0.1620  0.1670  0.1700  1
 69:   0.1598  0.1708  0.1748  0.1638  0.1638  0.1668  1
 70:   0.1650  0.1670  0.1680  0.1690  0.1650  0.1660  1
 71:   0.1722  0.1502  0.1772  0.1652  0.1662  0.1692  1
 72:   0.1670  0.1640  0.1690  0.1670  0.1690  0.1640  1
 73:   0.1680  0.1660  0.1640  0.1640  0.1680  0.1700  1
 74:   0.1730  0.1630  0.1610  0.1660  0.1700  0.1670  1
 75:   0.1568  0.1808  0.1558  0.1808  0.1668  0.1588  1
 76:   0.1610  0.1640  0.1630  0.1730  0.1700  0.1690  1
 77:   0.1590  0.1640  0.1630  0.1670  0.1690  0.1780  1
 78:   0.1650  0.1650  0.1690  0.1650  0.1680  0.1680  1
 79:   0.1788  0.1758  0.1658  0.1598  0.1608  0.1588  1
 80:   0.1652  0.1752  0.1632  0.1612  0.1662  0.1692  1
 81:   0.1642  0.1642  0.1642  0.1672  0.1722  0.1682  1
 82:   0.1652  0.1722  0.1662  0.1642  0.1632  0.1692  1
 83:   0.1690  0.1650  0.1680  0.1660  0.1660  0.1660  1
 84:   0.1610  0.1680  0.1560  0.1710  0.1720  0.1720  1
 85:   0.1670  0.1650  0.1650  0.1670  0.1710  0.1650  1
 86:   0.1708  0.1768  0.1608  0.1638  0.1718  0.1558  1
 87:   0.1790  0.1560  0.1650  0.1640  0.1690  0.1670  1
 88:   0.1638  0.1578  0.1688  0.1688  0.1658  0.1748  1
 89:   0.1640  0.1660  0.1670  0.1600  0.1680  0.1750  1
 90:   0.1632  0.1572  0.1672  0.1742  0.1652  0.1732  1
 91:   0.1800  0.1620  0.1680  0.1650  0.1620  0.1630  1
 92:   0.1730  0.1590  0.1690  0.1630  0.1670  0.1690  1
 93:   0.1638  0.1688  0.1628  0.1708  0.1688  0.1648  1
 94:   0.1560  0.1720  0.1670  0.1690  0.1680  0.1680  1
 95:   0.1550  0.1730  0.1670  0.1770  0.1600  0.1680  1
 96:   0.1652  0.1692  0.1702  0.1632  0.1642  0.1682  1
 97:   0.1698  0.1708  0.1628  0.1648  0.1698  0.1618  1
 98:   0.1690  0.1600  0.1700  0.1670  0.1740  0.1600  1
 99:   0.1650  0.1660  0.1650  0.1700  0.1670  0.1670  1
100:   0.1660  0.1650  0.1730  0.1640  0.1610  0.1710  1
101:   0.1660  0.1690  0.1700  0.1590  0.1670  0.1690  1
102:   0.1742  0.1622  0.1642  0.1692  0.1672  0.1632  1
103:   0.1742  0.1682  0.1612  0.1632  0.1652  0.1682  1
104:   0.1660  0.1680  0.1670  0.1680  0.1650  0.1660  1
105:   0.1680  0.1730  0.1640  0.1570  0.1660  0.1720  1
106:   0.1710  0.1650  0.1650  0.1670  0.1690  0.1630  1
107:   0.1720  0.1490  0.1750  0.1670  0.1670  0.1700  1
108:   0.1620  0.1740  0.1680  0.1610  0.1660  0.1690  1
109:   0.1690  0.1680  0.1680  0.1660  0.1630  0.1660  1

  1:   0.1718  0.1748  0.1568  0.1568  0.1818  0.1578  1
  2:   0.1640  0.1670  0.1660  0.1670  0.1690  0.1670  1
  3:   0.1720  0.1610  0.1790  0.1620  0.1680  0.1580  1
  4:   0.1660  0.1760  0.1660  0.1640  0.1620  0.1660  1
  5:   0.1590  0.1780  0.1560  0.1670  0.1690  0.1710  1
  6:   0.1670  0.1680  0.1680  0.1770  0.1520  0.1680  1
  7:   0.1580  0.1770  0.1750  0.1590  0.1620  0.1690  1
  8:   0.1668  0.1678  0.1618  0.1708  0.1598  0.1728  1
  9:   0.1630  0.1620  0.1700  0.1640  0.1600  0.1810  1
 10:   0.1618  0.1698  0.1808  0.1628  0.1618  0.1628  1
 11:   0.1602  0.1682  0.1572  0.1932  0.1592  0.1622  1
 12:   0.1630  0.1700  0.1680  0.1720  0.1630  0.1640  1
 13:   0.1710  0.1660  0.1670  0.1780  0.1540  0.1640  1
 14:   0.1558  0.1638  0.1608  0.1808  0.1688  0.1698  1
 15:   0.1752  0.1582  0.1772  0.1622  0.1652  0.1622  1
 16:   0.1652  0.1682  0.1662  0.1712  0.1622  0.1672  1
 17:   0.1622  0.1732  0.1812  0.1602  0.1512  0.1722  1
 18:   0.1710  0.1820  0.1660  0.1680  0.1640  0.1490  1
 19:   0.1660  0.1710  0.1540  0.1700  0.1710  0.1680  1
 20:   0.1570  0.1690  0.1620  0.1840  0.1640  0.1640  1
 21:   0.1580  0.1650  0.1680  0.1640  0.1590  0.1860  1
 22:   0.1598  0.1838  0.1718  0.1518  0.1598  0.1728  1
 23:   0.1650  0.1700  0.1710  0.1630  0.1580  0.1730  1
 24:   0.1698  0.1698  0.1718  0.1648  0.1658  0.1578  1
 25:   0.1630  0.1570  0.1550  0.1620  0.1910  0.1720  1
 26:   0.1630  0.1680  0.1790  0.1660  0.1610  0.1630  1
 27:   0.1598  0.1628  0.1608  0.1678  0.1778  0.1708  1
 28:   0.1700  0.1720  0.1640  0.1760  0.1570  0.1610  1
 29:   0.1702  0.1702  0.1822  0.1622  0.1562  0.1592  1
 30:   0.1612  0.1752  0.1652  0.1702  0.1672  0.1612  1
 31:   0.1610  0.1740  0.1620  0.1790  0.1610  0.1630  1
 32:   0.1648  0.1638  0.1728  0.1628  0.1738  0.1618  1
 33:   0.1700  0.1720  0.1710  0.1620  0.1620  0.1630  1
 34:   0.1610  0.1690  0.1710  0.1730  0.1640  0.1620  1
 35:   0.1680  0.1680  0.1720  0.1590  0.1660  0.1670  1
 36:   0.1610  0.1690  0.1790  0.1680  0.1640  0.1590  1
 37:   0.1660  0.1740  0.1660  0.1560  0.1590  0.1790  1
 38:   0.1740  0.1760  0.1700  0.1580  0.1560  0.1660  1
 39:   0.1720  0.1550  0.1550  0.1790  0.1660  0.1730  1
 40:   0.1660  0.1680  0.1730  0.1600  0.1650  0.1680  1
 41:   0.1668  0.1658  0.1698  0.1618  0.1698  0.1658  1
 42:   0.1670  0.1620  0.1590  0.1810  0.1610  0.1700  1
 43:   0.1670  0.1610  0.1510  0.2020  0.1570  0.1620  1
 44:   0.1658  0.1608  0.1459  0.2028  0.1598  0.1648  1
 45:   0.1570  0.1690  0.1520  0.1650  0.1830  0.1740  1
 46:   0.1700  0.1700  0.1510  0.1690  0.1790  0.1610  1
 47:   0.1680  0.1820  0.1700  0.1560  0.1680  0.1560  1
 48:   0.1640  0.1730  0.1620  0.1660  0.1690  0.1660  1
 49:   0.1728  0.1578  0.1638  0.1678  0.1708  0.1668  1
 50:   0.1622  0.1722  0.1612  0.1632  0.1582  0.1832  1
 51:   0.1650  0.1660  0.1680  0.1650  0.1700  0.1660  1
 52:   0.1660  0.1690  0.1640  0.1660  0.1700  0.1650  1
 53:   0.1630  0.1790  0.1560  0.1800  0.1610  0.1610  1
 54:   0.1698  0.1628  0.1588  0.1698  0.1718  0.1668  1
 55:   0.1650  0.1650  0.1620  0.1710  0.1700  0.1670  1
 56:   0.1560  0.1720  0.1710  0.1760  0.1530  0.1720  1
 57:   0.1710  0.1760  0.1400  0.1660  0.1840  0.1630  1
 58:   0.1660  0.1620  0.1600  0.1760  0.1670  0.1690  1
 59:   0.1680  0.1640  0.1680  0.1670  0.1680  0.1650  1
 60:   0.1710  0.1710  0.1760  0.1600  0.1620  0.1600  1
 61:   0.1722  0.1652  0.1882  0.1491  0.1612  0.1642  1
 62:   0.1760  0.1690  0.1820  0.1520  0.1540  0.1670  1
 63:   0.1648  0.1658  0.1678  0.1688  0.1658  0.1668  1
 64:   0.1680  0.1550  0.1620  0.1600  0.1860  0.1690  1
 65:   0.1672  0.1562  0.1612  0.1652  0.1882  0.1622  1
 66:   0.1602  0.1722  0.1622  0.1782  0.1622  0.1652  1
 67:   0.1690  0.1710  0.1650  0.1670  0.1660  0.1620  1
 68:   0.1577  0.1766  0.1766  0.1637  0.1597  0.1657  1
 69:   0.1620  0.1760  0.1750  0.1680  0.1560  0.1630  1
 70:   0.1670  0.1700  0.1700  0.1670  0.1630  0.1630  1
 71:   0.1688  0.1588  0.1578  0.1628  0.1858  0.1658  1
 72:   0.1700  0.1620  0.1560  0.1700  0.1720  0.1700  1
 73:   0.1660  0.1700  0.1720  0.1620  0.1640  0.1660  1
 74:   0.1680  0.1660  0.1700  0.1760  0.1590  0.1610  1
 75:   0.1592  0.1862  0.1552  0.1652  0.1642  0.1702  1
 76:   0.1560  0.1820  0.1630  0.1720  0.1670  0.1600  1
 77:   0.1612  0.1692  0.1662  0.1602  0.1722  0.1712  1
 78:   0.1700  0.1630  0.1650  0.1700  0.1670  0.1650  1
 79:   0.1748  0.1738  0.1838  0.1479  0.1499  0.1698  1
 80:   0.1590  0.1660  0.1550  0.1760  0.1560  0.1880  1
 81:   0.1660  0.1640  0.1750  0.1620  0.1660  0.1670  1
 82:   0.1620  0.1680  0.1670  0.1870  0.1510  0.1650  1
 83:   0.1710  0.1610  0.1490  0.1820  0.1650  0.1720  1
 84:   0.1588  0.1798  0.1628  0.1578  0.1768  0.1638  1
 85:   0.1688  0.1598  0.1528  0.1818  0.1688  0.1678  1
 86:   0.1650  0.1730  0.1640  0.1540  0.1730  0.1710  1
 87:   0.1760  0.1570  0.1740  0.1570  0.1710  0.1650  1
 88:   0.1780  0.1590  0.1730  0.1550  0.1630  0.1720  1
 89:   0.1748  0.1618  0.1838  0.1479  0.1628  0.1688  1
 90:   0.1820  0.1470  0.1820  0.1510  0.1620  0.1760  1
 91:   0.1720  0.1590  0.1840  0.1560  0.1720  0.1570  1
 92:   0.1772  0.1602  0.1782  0.1451  0.1752  0.1642  1
 93:   0.1640  0.1640  0.1590  0.1770  0.1590  0.1770  1
 94:   0.1652  0.1702  0.1572  0.1812  0.1642  0.1622  1
 95:   0.1600  0.1700  0.1590  0.1810  0.1550  0.1750  1
 96:   0.1628  0.1568  0.1528  0.1768  0.1768  0.1738  1
 97:   0.1590  0.1620  0.1560  0.1740  0.1700  0.1790  1
 98:   0.1760  0.1590  0.1700  0.1870  0.1530  0.1550  1
 99:   0.1700  0.1600  0.1720  0.1770  0.1590  0.1620  1
100:   0.1828  0.1598  0.1718  0.1618  0.1568  0.1668  1
101:   0.1680  0.1610  0.1620  0.1740  0.1710  0.1640  1
102:   0.1690  0.1610  0.1630  0.1690  0.1710  0.1670  1
103:   0.1682  0.1822  0.1792  0.1491  0.1612  0.1602  1
104:   0.1700  0.1640  0.1640  0.1780  0.1590  0.1650  1
105:   0.1720  0.1670  0.1800  0.1480  0.1700  0.1630  1
106:   0.1738  0.1548  0.1558  0.1698  0.1768  0.1688  1
107:   0.1710  0.1510  0.1520  0.1640  0.1940  0.1680  1
108:   0.1600  0.1770  0.1760  0.1610  0.1600  0.1660  1
109:   0.1710  0.1680  0.1670  0.1720  0.1580  0.1640  1

  1:   0.1650  0.1810  0.1580  0.1700  0.1680  0.1580  1
  2:   0.1660  0.1630  0.1660  0.1700  0.1680  0.1670  1
  3:   0.1680  0.1630  0.1670  0.1600  0.1700  0.1720  1
  4:   0.1640  0.1780  0.1640  0.1690  0.1570  0.1680  1
  5:   0.1758  0.1658  0.1568  0.1878  0.1538  0.1598  1
  6:   0.1618  0.1608  0.1678  0.1778  0.1638  0.1678  1
  7:   0.1560  0.1740  0.1640  0.1650  0.1620  0.1790  1
  8:   0.1600  0.1640  0.1670  0.1770  0.1630  0.1690  1
  9:   0.1822  0.1722  0.1692  0.1662  0.1512  0.1592  1
 10:   0.1572  0.1652  0.1752  0.1622  0.1692  0.1712  1
 11:   0.1600  0.1640  0.1680  0.1850  0.1560  0.1670  1
 12:   0.1630  0.1700  0.1650  0.1660  0.1720  0.1640  1
 13:   0.1768  0.1588  0.1698  0.1818  0.1499  0.1628  1
 14:   0.1580  0.1580  0.1630  0.1920  0.1650  0.1640  1
 15:   0.1760  0.1590  0.1810  0.1650  0.1600  0.1590  1
 16:   0.1580  0.1630  0.1670  0.1740  0.1730  0.1650  1
 17:   0.1552  0.1772  0.1622  0.1662  0.1582  0.1812  1
 18:   0.1542  0.1802  0.1522  0.1762  0.1682  0.1692  1
 19:   0.1510  0.1740  0.1610  0.1710  0.1780  0.1650  1
 20:   0.1640  0.1630  0.1630  0.1930  0.1580  0.1590  1
 21:   0.1870  0.1770  0.1670  0.1660  0.1430  0.1600  1
 22:   0.1510  0.1850  0.1560  0.1720  0.1640  0.1720  1
 23:   0.1510  0.1640  0.1650  0.1690  0.1610  0.1900  1
 24:   0.1710  0.1630  0.1670  0.1630  0.1730  0.1630  1
 25:   0.1600  0.1690  0.1580  0.1530  0.1980  0.1620  1
 26:   0.1750  0.1640  0.1790  0.1600  0.1580  0.1640  1
 27:   0.1700  0.1640  0.1680  0.1740  0.1640  0.1600  1
 28:   0.1608  0.1618  0.1628  0.1778  0.1588  0.1778  1
 29:   0.1670  0.1620  0.1800  0.1620  0.1610  0.1680  1
 30:   0.1600  0.1750  0.1620  0.1660  0.1730  0.1640  1
 31:   0.1580  0.1630  0.1660  0.1650  0.1650  0.1830  1
 32:   0.1550  0.1720  0.1610  0.1630  0.1750  0.1740  1
 33:   0.1600  0.1700  0.1640  0.1670  0.1720  0.1670  1
 34:   0.1568  0.1628  0.1658  0.1718  0.1668  0.1758  1
 35:   0.1640  0.1740  0.1690  0.1570  0.1670  0.1690  1
 36:   0.1630  0.1610  0.1750  0.1580  0.1640  0.1790  1
 37:   0.1790  0.1740  0.1630  0.1740  0.1480  0.1620  1
 38:   0.1780  0.1650  0.1690  0.1670  0.1660  0.1550  1
 39:   0.1708  0.1658  0.1708  0.1658  0.1638  0.1628  1
 40:   0.1790  0.1620  0.1650  0.1700  0.1610  0.1630  1
 41:   0.1622  0.1682  0.1662  0.1582  0.1722  0.1732  1
 42:   0.1720  0.1600  0.1710  0.1770  0.1530  0.1670  1
 43:   0.1660  0.1460  0.1640  0.1910  0.1600  0.1730  1
 44:   0.1610  0.1530  0.1630  0.1950  0.1590  0.1690  1
 45:   0.1648  0.1708  0.1598  0.1698  0.1808  0.1538  1
 46:   0.1650  0.1700  0.1630  0.1760  0.1710  0.1550  1
 47:   0.1560  0.1820  0.1580  0.1670  0.1680  0.1690  1
 48:   0.1750  0.1780  0.1580  0.1640  0.1560  0.1690  1
 49:   0.1638  0.1638  0.1638  0.1678  0.1718  0.1688  1
 50:   0.1780  0.1710  0.1710  0.1610  0.1520  0.1670  1
 51:   0.1630  0.1670  0.1660  0.1680  0.1690  0.1670  1
 52:   0.1698  0.1648  0.1668  0.1688  0.1638  0.1658  1
 53:   0.1600  0.1620  0.1630  0.1660  0.1720  0.1770  1
 54:   0.1652  0.1662  0.1622  0.1642  0.1732  0.1692  1
 55:   0.1690  0.1660  0.1630  0.1680  0.1700  0.1640  1
 56:   0.1590  0.1700  0.1720  0.1640  0.1540  0.1810  1
 57:   0.1550  0.1720  0.1520  0.1720  0.1880  0.1610  1
 58:   0.1580  0.1620  0.1630  0.1750  0.1750  0.1670  1
 59:   0.1680  0.1680  0.1590  0.1660  0.1710  0.1680  1
 60:   0.1662  0.1652  0.1652  0.1662  0.1662  0.1712  1
 61:   0.1668  0.1648  0.1708  0.1598  0.1738  0.1638  1
 62:   0.1700  0.1570  0.1800  0.1580  0.1610  0.1740  1
 63:   0.1670  0.1690  0.1660  0.1670  0.1660  0.1650  1
 64:   0.1712  0.1582  0.1682  0.1622  0.1772  0.1632  1
 65:   0.1700  0.1550  0.1700  0.1620  0.1780  0.1650  1
 66:   0.1640  0.1660  0.1620  0.1740  0.1680  0.1660  1
 67:   0.1640  0.1680  0.1660  0.1660  0.1690  0.1670  1
 68:   0.1660  0.1720  0.1630  0.1720  0.1620  0.1650  1
 69:   0.1580  0.1680  0.1660  0.1630  0.1610  0.1840  1
 70:   0.1650  0.1660  0.1640  0.1680  0.1680  0.1690  1
 71:   0.1740  0.1570  0.1690  0.1620  0.1760  0.1620  1
 72:   0.1682  0.1652  0.1652  0.1632  0.1722  0.1662  1
 73:   0.1678  0.1668  0.1678  0.1638  0.1628  0.1708  1
 74:   0.1700  0.1600  0.1680  0.1710  0.1570  0.1740  1
 75:   0.1700  0.1780  0.1510  0.1860  0.1540  0.1610  1
 76:   0.1518  0.1748  0.1538  0.1728  0.1778  0.1688  1
 77:   0.1570  0.1890  0.1580  0.1620  0.1710  0.1630  1
 78:   0.1640  0.1700  0.1660  0.1640  0.1700  0.1660  1
 79:   0.1822  0.1622  0.1742  0.1612  0.1582  0.1622  1
 80:   0.1750  0.1760  0.1760  0.1660  0.1430  0.1640  1
 81:   0.1698  0.1668  0.1728  0.1628  0.1648  0.1628  1
 82:   0.1530  0.1690  0.1720  0.1870  0.1620  0.1570  1
 83:   0.1710  0.1650  0.1690  0.1680  0.1580  0.1690  1
 84:   0.1510  0.1820  0.1520  0.1710  0.1820  0.1620  1
 85:   0.1692  0.1592  0.1672  0.1752  0.1682  0.1612  1
 86:   0.1718  0.1808  0.1508  0.1718  0.1668  0.1578  1
 87:   0.1618  0.1708  0.1628  0.1449  0.1968  0.1628  1
 88:   0.1662  0.1792  0.1662  0.1471  0.1792  0.1622  1
 89:   0.1712  0.1702  0.1682  0.1481  0.1692  0.1732  1
 90:   0.1628  0.1778  0.1688  0.1409  0.1828  0.1668  1
 91:   0.1700  0.1690  0.1680  0.1500  0.1710  0.1720  1
 92:   0.1672  0.1652  0.1642  0.1471  0.1822  0.1742  1
 93:   0.1722  0.1662  0.1682  0.1772  0.1522  0.1642  1
 94:   0.1610  0.1620  0.1680  0.1780  0.1620  0.1690  1
 95:   0.1560  0.1690  0.1600  0.1790  0.1740  0.1620  1
 96:   0.1670  0.1720  0.1650  0.1670  0.1640  0.1650  1
 97:   0.1740  0.1690  0.1650  0.1770  0.1590  0.1560  1
 98:   0.1768  0.1548  0.1718  0.1788  0.1489  0.1688  1
 99:   0.1658  0.1578  0.1758  0.1748  0.1588  0.1668  1
100:   0.1720  0.1690  0.1740  0.1510  0.1630  0.1710  1
101:   0.1720  0.1610  0.1630  0.1720  0.1620  0.1700  1
102:   0.1662  0.1652  0.1632  0.1642  0.1732  0.1682  1
103:   0.1670  0.1660  0.1640  0.1710  0.1620  0.1700  1
104:   0.1718  0.1638  0.1728  0.1708  0.1499  0.1708  1
105:   0.1650  0.1600  0.1800  0.1510  0.1710  0.1730  1
106:   0.1612  0.1622  0.1662  0.1662  0.1772  0.1672  1
107:   0.1820  0.1550  0.1690  0.1590  0.1750  0.1600  1
108:   0.1618  0.1668  0.1708  0.1628  0.1648  0.1728  1
109:   0.1610  0.1690  0.1680  0.1640  0.1680  0.1700  1

  1:   0.1560  0.1850  0.1450  0.1700  0.1940  0.1500  1
  2:   0.1670  0.1680  0.1620  0.1690  0.1690  0.1650  1
  3:   0.1710  0.1580  0.1830  0.1590  0.1560  0.1730  1
  4:   0.1528  0.1768  0.1528  0.1788  0.1778  0.1608  1
  5:   0.1568  0.1848  0.1489  0.1628  0.1908  0.1558  1
  6:   0.1710  0.1630  0.1730  0.1590  0.1550  0.1790  1
  7:   0.1578  0.1798  0.1608  0.1728  0.1658  0.1628  1
  8:   0.1652  0.1742  0.1652  0.1672  0.1542  0.1742  1
  9:   0.1638  0.1658  0.1698  0.1678  0.1628  0.1698  1
 10:   0.1732  0.1642  0.1672  0.1672  0.1592  0.1692  1
 11:   0.1588  0.1678  0.1668  0.1678  0.1628  0.1758  1
 12:   0.1658  0.1678  0.1688  0.1678  0.1588  0.1708  1
 13:   0.1750  0.1560  0.1690  0.1610  0.1630  0.1760  1
 14:   0.1680  0.1640  0.1630  0.1630  0.1720  0.1700  1
 15:   0.1748  0.1568  0.1838  0.1568  0.1508  0.1768  1
 16:   0.1670  0.1660  0.1720  0.1650  0.1580  0.1720  1
 17:   0.1680  0.1750  0.1690  0.1660  0.1560  0.1660  1
 18:   0.1598  0.1808  0.1508  0.1698  0.1848  0.1538  1
 19:   0.1662  0.1762  0.1562  0.1682  0.1812  0.1522  1
 20:   0.1560  0.1720  0.1640  0.1640  0.1660  0.1780  1
 21:   0.1600  0.1730  0.1600  0.1770  0.1660  0.1640  1
 22:   0.1580  0.1820  0.1590  0.1720  0.1710  0.1580  1
 23:   0.1718  0.1768  0.1678  0.1688  0.1508  0.1638  1
 24:   0.1760  0.1570  0.1730  0.1620  0.1620  0.1700  1
 25:   0.1662  0.1732  0.1502  0.1612  0.1952  0.1542  1
 26:   0.1778  0.1618  0.1718  0.1628  0.1538  0.1718  1
 27:   0.1758  0.1698  0.1588  0.1638  0.1648  0.1668  1
 28:   0.1610  0.1660  0.1700  0.1710  0.1630  0.1690  1
 29:   0.1692  0.1582  0.1862  0.1582  0.1471  0.1812  1
 30:   0.1668  0.1778  0.1538  0.1638  0.1778  0.1598  1
 31:   0.1608  0.1718  0.1648  0.1728  0.1678  0.1618  1
 32:   0.1712  0.1722  0.1642  0.1632  0.1682  0.1612  1
 33:   0.1668  0.1688  0.1608  0.1768  0.1688  0.1578  1
 34:   0.1678  0.1638  0.1718  0.1678  0.1548  0.1738  1
 35:   0.1718  0.1678  0.1678  0.1648  0.1648  0.1628  1
 36:   0.1710  0.1660  0.1690  0.1630  0.1510  0.1800  1
 37:   0.1620  0.1750  0.1620  0.1790  0.1610  0.1610  1
 38:   0.1728  0.1588  0.1798  0.1628  0.1479  0.1778  1
 39:   0.1678  0.1638  0.1638  0.1688  0.1698  0.1658  1
 40:   0.1670  0.1640  0.1710  0.1560  0.1760  0.1660  1
 41:   0.1677  0.1587  0.1707  0.1697  0.1637  0.1697  1
 42:   0.1690  0.1700  0.1630  0.1650  0.1670  0.1660  1
 43:   0.1690  0.1730  0.1600  0.1730  0.1630  0.1620  1
 44:   0.1640  0.1730  0.1550  0.1770  0.1710  0.1600  1
 45:   0.1522  0.1832  0.1502  0.1672  0.1962  0.1512  1
 46:   0.1590  0.1700  0.1520  0.1710  0.1950  0.1530  1
 47:   0.1590  0.1770  0.1580  0.1660  0.1820  0.1580  1
 48:   0.1600  0.1770  0.1590  0.1720  0.1720  0.1600  1
 49:   0.1680  0.1640  0.1650  0.1680  0.1670  0.1680  1
 50:   0.1670  0.1720  0.1650  0.1710  0.1550  0.1700  1
 51:   0.1662  0.1692  0.1662  0.1662  0.1692  0.1632  1
 52:   0.1668  0.1698  0.1668  0.1648  0.1678  0.1638  1
 53:   0.1668  0.1698  0.1608  0.1698  0.1698  0.1628  1
 54:   0.1640  0.1710  0.1570  0.1670  0.1790  0.1620  1
 55:   0.1660  0.1700  0.1650  0.1640  0.1690  0.1660  1
 56:   0.1720  0.1720  0.1600  0.1750  0.1550  0.1660  1
 57:   0.1572  0.1812  0.1441  0.1632  0.2122  0.1421  1
 58:   0.1690  0.1620  0.1660  0.1660  0.1620  0.1750  1
 59:   0.1660  0.1650  0.1680  0.1660  0.1670  0.1680  1
 60:   0.1730  0.1660  0.1680  0.1650  0.1610  0.1670  1
 61:   0.1782  0.1552  0.1852  0.1612  0.1481  0.1722  1
 62:   0.1810  0.1580  0.1800  0.1610  0.1480  0.1720  1
 63:   0.1660  0.1670  0.1630  0.1680  0.1700  0.1660  1
 64:   0.1630  0.1520  0.1720  0.1640  0.1830  0.1660  1
 65:   0.1628  0.1499  0.1728  0.1638  0.1818  0.1688  1
 66:   0.1642  0.1672  0.1682  0.1692  0.1622  0.1692  1
 67:   0.1680  0.1680  0.1640  0.1680  0.1660  0.1660  1
 68:   0.1660  0.1730  0.1620  0.1660  0.1700  0.1630  1
 69:   0.1692  0.1692  0.1722  0.1632  0.1592  0.1672  1
 70:   0.1672  0.1672  0.1652  0.1692  0.1652  0.1662  1
 71:   0.1640  0.1470  0.1770  0.1620  0.1810  0.1690  1
 72:   0.1652  0.1652  0.1592  0.1682  0.1822  0.1602  1
 73:   0.1722  0.1662  0.1692  0.1632  0.1602  0.1692  1
 74:   0.1682  0.1622  0.1732  0.1642  0.1622  0.1702  1
 75:   0.1460  0.1900  0.1450  0.1700  0.2040  0.1450  1
 76:   0.1620  0.1800  0.1470  0.1710  0.1840  0.1560  1
 77:   0.1640  0.1790  0.1570  0.1780  0.1640  0.1580  1
 78:   0.1670  0.1680  0.1630  0.1690  0.1670  0.1660  1
 79:   0.1760  0.1540  0.1870  0.1550  0.1510  0.1770  1
 80:   0.1760  0.1680  0.1670  0.1700  0.1530  0.1660  1
 81:   0.1720  0.1620  0.1720  0.1640  0.1560  0.1740  1
 82:   0.1648  0.1678  0.1718  0.1638  0.1608  0.1708  1
 83:   0.1752  0.1652  0.1622  0.1642  0.1652  0.1682  1
 84:   0.1598  0.1818  0.1508  0.1688  0.1878  0.1508  1
 85:   0.1600  0.1750  0.1570  0.1660  0.1840  0.1580  1
 86:   0.1580  0.1830  0.1490  0.1640  0.1910  0.1550  1
 87:   0.1730  0.1530  0.1810  0.1660  0.1620  0.1650  1
 88:   0.1618  0.1578  0.1718  0.1768  0.1658  0.1658  1
 89:   0.1698  0.1598  0.1838  0.1668  0.1558  0.1638  1
 90:   0.1702  0.1532  0.1842  0.1722  0.1491  0.1712  1
 91:   0.1730  0.1560  0.1800  0.1570  0.1550  0.1790  1
 92:   0.1810  0.1500  0.1820  0.1540  0.1570  0.1760  1
 93:   0.1640  0.1730  0.1670  0.1750  0.1560  0.1650  1
 94:   0.1660  0.1700  0.1650  0.1680  0.1640  0.1670  1
 95:   0.1688  0.1668  0.1678  0.1698  0.1548  0.1718  1
 96:   0.1690  0.1710  0.1540  0.1660  0.1770  0.1630  1
 97:   0.1612  0.1792  0.1542  0.1662  0.1732  0.1662  1
 98:   0.1760  0.1600  0.1810  0.1600  0.1530  0.1700  1
 99:   0.1678  0.1678  0.1688  0.1678  0.1598  0.1678  1
100:   0.1802  0.1592  0.1792  0.1622  0.1461  0.1732  1
101:   0.1652  0.1662  0.1642  0.1662  0.1712  0.1672  1
102:   0.1702  0.1652  0.1632  0.1672  0.1722  0.1622  1
103:   0.1680  0.1610  0.1740  0.1720  0.1600  0.1650  1
104:   0.1730  0.1680  0.1730  0.1650  0.1470  0.1740  1
105:   0.1733  0.1573  0.1804  0.1633  0.1493  0.1764  1
106:   0.1652  0.1672  0.1552  0.1672  0.1832  0.1622  1
107:   0.1580  0.1530  0.1730  0.1630  0.1850  0.1680  1
108:   0.1680  0.1680  0.1720  0.1640  0.1610  0.1670  1
109:   0.1650  0.1680  0.1670  0.1690  0.1620  0.1690  1

  1:   0.1630  0.1850  0.1380  0.1670  0.1820  0.1650  1
  2:   0.1650  0.1670  0.1620  0.1680  0.1700  0.1680  1
  3:   0.1620  0.1590  0.2070  0.1480  0.1540  0.1700  1
  4:   0.1568  0.1808  0.1538  0.1628  0.1708  0.1748  1
  5:   0.1690  0.1880  0.1390  0.1750  0.1580  0.1710  1
  6:   0.1638  0.1558  0.1848  0.1688  0.1618  0.1648  1
  7:   0.1730  0.1840  0.1620  0.1490  0.1680  0.1640  1
  8:   0.1662  0.1572  0.1712  0.1722  0.1702  0.1632  1
  9:   0.1640  0.1720  0.1750  0.1560  0.1560  0.1770  1
 10:   0.1740  0.1670  0.1670  0.1500  0.1710  0.1710  1
 11:   0.1632  0.1642  0.1642  0.1872  0.1622  0.1592  1
 12:   0.1698  0.1678  0.1648  0.1598  0.1748  0.1628  1
 13:   0.1710  0.1590  0.1750  0.1600  0.1700  0.1650  1
 14:   0.1692  0.1652  0.1612  0.1832  0.1562  0.1652  1
 15:   0.1700  0.1490  0.1950  0.1560  0.1670  0.1630  1
 16:   0.1648  0.1618  0.1688  0.1668  0.1648  0.1728  1
 17:   0.1690  0.1790  0.1690  0.1550  0.1610  0.1670  1
 18:   0.1700  0.1820  0.1450  0.1640  0.1760  0.1630  1
 19:   0.1673  0.1864  0.1343  0.1713  0.1834  0.1573  1
 20:   0.1612  0.1642  0.1692  0.1852  0.1592  0.1612  1
 21:   0.1712  0.1782  0.1542  0.1562  0.1612  0.1792  1
 22:   0.1630  0.1890  0.1420  0.1610  0.1780  0.1670  1
 23:   0.1660  0.1700  0.1630  0.1620  0.1760  0.1630  1
 24:   0.1738  0.1568  0.1768  0.1548  0.1678  0.1698  1
 25:   0.1688  0.1848  0.1379  0.1728  0.1848  0.1508  1
 26:   0.1762  0.1692  0.1692  0.1552  0.1642  0.1662  1
 27:   0.1710  0.1660  0.1750  0.1570  0.1640  0.1670  1
 28:   0.1650  0.1600  0.1630  0.1770  0.1730  0.1620  1
 29:   0.1700  0.1440  0.1920  0.1520  0.1750  0.1670  1
 30:   0.1718  0.1878  0.1489  0.1628  0.1688  0.1598  1
 31:   0.1598  0.1738  0.1489  0.1818  0.1668  0.1688  1
 32:   0.1628  0.1738  0.1588  0.1578  0.1778  0.1688  1
 33:   0.1620  0.1730  0.1570  0.1670  0.1700  0.1710  1
 34:   0.1610  0.1580  0.1710  0.1720  0.1720  0.1660  1
 35:   0.1680  0.1810  0.1690  0.1500  0.1640  0.1680  1
 36:   0.1650  0.1590  0.1840  0.1520  0.1700  0.1700  1
 37:   0.1630  0.1700  0.1550  0.1660  0.1640  0.1820  1
 38:   0.1703  0.1593  0.1914  0.1503  0.1603  0.1683  1
 39:   0.1600  0.1610  0.1580  0.1810  0.1760  0.1640  1
 40:   0.1772  0.1682  0.1692  0.1552  0.1632  0.1672  1
 41:   0.1690  0.1710  0.1720  0.1540  0.1590  0.1750  1
 42:   0.1622  0.1532  0.1602  0.1822  0.1752  0.1672  1
 43:   0.1590  0.1510  0.1500  0.2070  0.1690  0.1640  1
 44:   0.1528  0.1568  0.1379  0.2068  0.1778  0.1678  1
 45:   0.1730  0.1760  0.1410  0.1640  0.1820  0.1640  1
 46:   0.1608  0.1818  0.1399  0.1798  0.1718  0.1658  1
 47:   0.1660  0.1860  0.1470  0.1570  0.1760  0.1680  1
 48:   0.1672  0.1732  0.1612  0.1622  0.1662  0.1702  1
 49:   0.1610  0.1580  0.1700  0.1760  0.1680  0.1670  1
 50:   0.1628  0.1688  0.1628  0.1658  0.1648  0.1748  1
 51:   0.1668  0.1668  0.1618  0.1728  0.1678  0.1638  1
 52:   0.1680  0.1690  0.1600  0.1680  0.1670  0.1680  1
 53:   0.1638  0.1728  0.1658  0.1718  0.1598  0.1658  1
 54:   0.1618  0.1678  0.1588  0.1698  0.1748  0.1668  1
 55:   0.1650  0.1610  0.1630  0.1700  0.1740  0.1670  1
 56:   0.1710  0.1760  0.1560  0.1630  0.1620  0.1720  1
 57:   0.1740  0.1890  0.1180  0.1800  0.1880  0.1510  1
 58:   0.1570  0.1630  0.1700  0.1730  0.1670  0.1700  1
 59:   0.1698  0.1638  0.1658  0.1668  0.1688  0.1648  1
 60:   0.1610  0.1640  0.1820  0.1590  0.1590  0.1750  1
 61:   0.1672  0.1622  0.1992  0.1491  0.1572  0.1652  1
 62:   0.1680  0.1580  0.1990  0.1450  0.1630  0.1670  1
 63:   0.1662  0.1702  0.1632  0.1672  0.1672  0.1662  1
 64:   0.1640  0.1590  0.1630  0.1800  0.1730  0.1610  1
 65:   0.1690  0.1490  0.1690  0.1810  0.1700  0.1620  1
 66:   0.1658  0.1608  0.1678  0.1718  0.1628  0.1708  1
 67:   0.1693  0.1703  0.1633  0.1653  0.1673  0.1643  1
 68:   0.1702  0.1872  0.1532  0.1542  0.1662  0.1692  1
 69:   0.1752  0.1712  0.1572  0.1592  0.1742  0.1632  1
 70:   0.1690  0.1690  0.1630  0.1670  0.1650  0.1670  1
 71:   0.1718  0.1518  0.1648  0.1808  0.1658  0.1648  1
 72:   0.1612  0.1672  0.1542  0.1782  0.1752  0.1642  1
 73:   0.1718  0.1728  0.1708  0.1558  0.1608  0.1678  1
 74:   0.1590  0.1630  0.1770  0.1760  0.1600  0.1650  1
 75:   0.1660  0.2030  0.1170  0.1780  0.1650  0.1710  1
 76:   0.1682  0.1872  0.1351  0.1712  0.1812  0.1572  1
 77:   0.1580  0.1790  0.1520  0.1680  0.1760  0.1670  1
 78:   0.1682  0.1682  0.1622  0.1692  0.1672  0.1652  1
 79:   0.1790  0.1650  0.2070  0.1310  0.1530  0.1650  1
 80:   0.1740  0.1670  0.1690  0.1580  0.1600  0.1720  1
 81:   0.1682  0.1572  0.1872  0.1542  0.1632  0.1702  1
 82:   0.1648  0.1678  0.1658  0.1748  0.1638  0.1628  1
 83:   0.1570  0.1630  0.1640  0.1840  0.1650  0.1670  1
 84:   0.1700  0.2010  0.1230  0.1620  0.1850  0.1590  1
 85:   0.1578  0.1738  0.1409  0.1918  0.1748  0.1608  1
 86:   0.1720  0.1920  0.1340  0.1640  0.1760  0.1620  1
 87:   0.1730  0.1590  0.1960  0.1560  0.1600  0.1560  1
 88:   0.1698  0.1578  0.1818  0.1788  0.1538  0.1578  1
 89:   0.1650  0.1590  0.1900  0.1550  0.1530  0.1780  1
 90:   0.1648  0.1528  0.2128  0.1668  0.1439  0.1588  1
 91:   0.1672  0.1562  0.2032  0.1502  0.1562  0.1672  1
 92:   0.1740  0.1560  0.2090  0.1390  0.1580  0.1640  1
 93:   0.1562  0.1552  0.1622  0.1842  0.1702  0.1722  1
 94:   0.1570  0.1630  0.1630  0.1840  0.1660  0.1670  1
 95:   0.1680  0.1550  0.1630  0.1690  0.1730  0.1720  1
 96:   0.1668  0.1668  0.1568  0.1738  0.1738  0.1618  1
 97:   0.1722  0.1772  0.1592  0.1672  0.1662  0.1582  1
 98:   0.1522  0.1481  0.1932  0.1822  0.1622  0.1622  1
 99:   0.1530  0.1640  0.1770  0.1780  0.1530  0.1750  1
100:   0.1600  0.1580  0.2020  0.1560  0.1520  0.1720  1
101:   0.1640  0.1610  0.1570  0.1800  0.1710  0.1670  1
102:   0.1650  0.1600  0.1620  0.1660  0.1740  0.1730  1
103:   0.1668  0.1728  0.1858  0.1479  0.1558  0.1708  1
104:   0.1592  0.1562  0.1872  0.1712  0.1542  0.1722  1
105:   0.1740  0.1530  0.1970  0.1430  0.1620  0.1710  1
106:   0.1680  0.1620  0.1490  0.1830  0.1780  0.1600  1
107:   0.1748  0.1538  0.1588  0.1828  0.1698  0.1598  1
108:   0.1720  0.1730  0.1680  0.1540  0.1660  0.1670  1
109:   0.1672  0.1702  0.1672  0.1672  0.1672  0.1612  1

