  1:   0.1988  0.0849  0.4326  0.1159  0.0679  0.0999  1
  2:   0.2620  0.0910  0.3300  0.0840  0.0850  0.1480  1
  3:   0.0849  0.2917  0.0070  0.0639  0.0509  0.5015  1
  4:   0.0350  0.3217  0.0180  0.0230  0.0569  0.5455  1
  5:   0.0480  0.3083  0.0430  0.0170  0.0490  0.5345  1
  6:   0.0220  0.3420  0.0260  0.0070  0.0600  0.5430  1
  7:   0.0310  0.3250  0.0110  0.0160  0.0570  0.5600  1
  8:   0.8122  0.0519  0.0070  0.0120  0.0310  0.0859  1
  9:   0.2114  0.1804  0.1353  0.0731  0.0421  0.3577  1
 10:   0.1231  0.2893  0.0160  0.0270  0.0831  0.4615  1
 11:   0.7990  0.0410  0.0390  0.0220  0.0270  0.0720  1
 12:   0.7818  0.0250  0.0270  0.0981  0.0170  0.0511  1
 13:   0.5135  0.0759  0.1948  0.0490  0.0440  0.1229  1
 14:   0.0969  0.2637  0.0100  0.0719  0.2098  0.3477  1
 15:   0.3143  0.1802  0.0230  0.1722  0.0611  0.2492  1
 16:   0.0070  0.0080  0.9620  0.0080  0.0070  0.0080  1
 17:   0.0180  0.0100  0.0070  0.9450  0.0100  0.0100  1
 18:   0.0060  0.0050  0.9750  0.0040  0.0050  0.0050  1
 19:   0.0631  0.0150  0.0090  0.8779  0.0170  0.0180  1
 20:   0.0070  0.0080  0.9640  0.0050  0.0080  0.0080  1
 21:   0.0090  0.0170  0.9291  0.0160  0.0180  0.0110  1
 22:   0.3726  0.1099  0.0150  0.0160  0.2428  0.2438  1
 23:   0.0200  0.0330  0.0130  0.8540  0.0430  0.0370  1
 24:   0.0280  0.1041  0.0360  0.6186  0.0911  0.1221  1
 25:   0.3097  0.1399  0.1788  0.1339  0.0829  0.1548  1
 26:   0.0561  0.0851  0.0210  0.4865  0.1672  0.1842  1
 27:   0.1160  0.1150  0.0090  0.4890  0.1750  0.0960  1
 28:   0.0100  0.0100  0.9490  0.0090  0.0110  0.0110  1
 29:   0.0230  0.0410  0.0090  0.8162  0.0679  0.0430  1
 30:   0.0070  0.0120  0.9461  0.0120  0.0100  0.0130  1
 31:   0.0770  0.2040  0.0300  0.1300  0.2220  0.3370  1
 32:   0.0200  0.0170  0.9199  0.0080  0.0160  0.0190  1
 33:   0.5480  0.0870  0.0080  0.1320  0.0800  0.1450  1
 34:   0.0130  0.0290  0.0050  0.9021  0.0320  0.0190  1
 35:   0.0150  0.3450  0.0160  0.0110  0.1060  0.5070  1
 36:   0.0170  0.1251  0.0070  0.5435  0.1982  0.1091  1
 37:   0.0130  0.0120  0.9419  0.0100  0.0100  0.0130  1
 38:   0.0410  0.1660  0.0070  0.0120  0.4470  0.3270  1
 39:   0.0120  0.0120  0.0040  0.9439  0.0120  0.0160  1
 40:   0.1140  0.0580  0.0110  0.4510  0.1520  0.2140  1
 41:   0.1708  0.2268  0.0110  0.0779  0.2088  0.3047  1
 42:   0.0040  0.0060  0.9740  0.0050  0.0060  0.0050  1
 43:   0.0659  0.1996  0.1128  0.2794  0.1986  0.1437  1
 44:   0.0701  0.0881  0.0080  0.6186  0.0991  0.1161  1
 45:   0.3990  0.1770  0.0050  0.0980  0.0840  0.2370  1
 46:   0.0100  0.0130  0.0070  0.9180  0.0240  0.0280  1
 47:   0.1150  0.1700  0.0100  0.0320  0.3470  0.3260  1
 48:   0.0180  0.0130  0.9310  0.0070  0.0160  0.0150  1
 49:   0.0090  0.0120  0.0040  0.9530  0.0100  0.0120  1
 50:   0.0180  0.0440  0.0060  0.8240  0.0270  0.0810  1
 51:   0.0290  0.0290  0.0050  0.8659  0.0160  0.0551  1
 52:   0.0080  0.0170  0.0110  0.9330  0.0180  0.0130  1
 53:   0.2042  0.0781  0.5285  0.0561  0.0681  0.0651  1
 54:   0.0310  0.0390  0.0140  0.8370  0.0180  0.0610  1
 55:   0.1780  0.2470  0.0110  0.0270  0.1530  0.3840  1
 56:   0.2188  0.2148  0.0060  0.0200  0.1838  0.3566  1
 57:   0.0610  0.2400  0.0090  0.0460  0.3560  0.2880  1
 58:   0.0050  0.0070  0.9710  0.0050  0.0060  0.0060  1
 59:   0.0090  0.0380  0.8840  0.0110  0.0460  0.0120  1
 60:   0.0460  0.0200  0.0090  0.8550  0.0260  0.0440  1
 61:   0.0130  0.0150  0.0050  0.9360  0.0130  0.0180  1
 62:   0.0420  0.2660  0.0070  0.1280  0.1380  0.4190  1
 63:   0.0849  0.3297  0.0040  0.0679  0.3347  0.1788  1
 64:   0.6857  0.0190  0.0230  0.2152  0.0190  0.0380  1
 65:   0.0070  0.0140  0.9530  0.0050  0.0100  0.0110  1
 66:   0.0150  0.0170  0.9250  0.0100  0.0180  0.0150  1
 67:   0.0110  0.0210  0.8660  0.0520  0.0170  0.0330  1
 68:   0.2580  0.0830  0.0210  0.3930  0.0980  0.1470  1
 69:   0.0681  0.1782  0.0060  0.0350  0.3754  0.3373  1
 70:   0.1890  0.1100  0.0050  0.2630  0.2520  0.1810  1
 71:   0.0130  0.3520  0.0080  0.0200  0.1230  0.4840  1
 72:   0.0691  0.1421  0.0190  0.0350  0.3814  0.3534  1
 73:   0.0070  0.0090  0.9550  0.0090  0.0080  0.0120  1
 74:   0.6214  0.0789  0.0300  0.0250  0.1289  0.1159  1
 75:   0.0150  0.0260  0.0050  0.8811  0.0430  0.0300  1
 76:   0.0050  0.0070  0.9680  0.0070  0.0070  0.0060  1
 77:   0.0070  0.0090  0.9610  0.0060  0.0080  0.0090  1
 78:   0.0110  0.0180  0.0140  0.9160  0.0160  0.0250  1
 79:   0.0070  0.0110  0.9431  0.0180  0.0110  0.0100  1
 80:   0.2960  0.0190  0.0450  0.5850  0.0130  0.0420  1
 81:   0.0490  0.1350  0.0040  0.0180  0.4400  0.3540  1
 82:   0.0260  0.0260  0.0040  0.8991  0.0240  0.0210  1
 83:   0.0310  0.0761  0.0130  0.7127  0.0230  0.1441  1
 84:   0.0080  0.0080  0.9630  0.0050  0.0080  0.0080  1
 85:   0.0460  0.2450  0.2460  0.0600  0.2010  0.2020  1
 86:   0.0180  0.1180  0.0130  0.1420  0.3710  0.3380  1
 87:   0.0160  0.2010  0.0060  0.0160  0.4990  0.2620  1
 88:   0.0530  0.2650  0.0210  0.3070  0.2280  0.1260  1
 89:   0.0380  0.3440  0.0150  0.0540  0.2140  0.3350  1
 90:   0.6466  0.0941  0.0080  0.0621  0.0761  0.1131  1
 91:   0.1099  0.1958  0.0140  0.0430  0.4206  0.2168  1
 92:   0.0100  0.0810  0.0090  0.3810  0.3210  0.1980  1
 93:   0.0511  0.2402  0.0060  0.0120  0.2923  0.3984  1
 94:   0.9199  0.0220  0.0060  0.0110  0.0130  0.0280  1
 95:   0.0589  0.2957  0.0160  0.0929  0.3726  0.1638  1
 96:   0.0100  0.0220  0.0380  0.8771  0.0260  0.0270  1
 97:   0.0210  0.0541  0.0140  0.7397  0.0641  0.1071  1
 98:   0.0160  0.0190  0.9130  0.0170  0.0180  0.0170  1
 99:   0.8549  0.0280  0.0250  0.0220  0.0260  0.0440  1
100:   0.0460  0.3320  0.0370  0.0220  0.1000  0.4630  1
101:   0.1090  0.2480  0.0120  0.0080  0.2170  0.4060  1
102:   0.0330  0.0360  0.0050  0.8068  0.0591  0.0601  1
103:   0.0910  0.2790  0.0290  0.0970  0.0550  0.4490  1
104:   0.0110  0.3470  0.0270  0.0100  0.0930  0.5120  1
105:   0.1381  0.2402  0.0120  0.0200  0.2432  0.3463  1
106:   0.0200  0.0180  0.9140  0.0140  0.0110  0.0230  1
107:   0.1320  0.0680  0.0820  0.5000  0.0720  0.1460  1
108:   0.8400  0.0530  0.0070  0.0150  0.0300  0.0550  1
109:   0.0230  0.0821  0.0170  0.7668  0.0641  0.0470  1
110:   0.0120  0.1290  0.0070  0.0700  0.4900  0.2920  1
111:   0.0460  0.0911  0.4735  0.0651  0.1762  0.1481  1
112:   0.0980  0.1200  0.0060  0.0360  0.3600  0.3800  1
113:   0.0601  0.3413  0.0170  0.0310  0.3854  0.1652  1
114:   0.0571  0.1241  0.0691  0.4384  0.1371  0.1742  1
115:   0.2643  0.2603  0.0080  0.0230  0.2292  0.2152  1
116:   0.0470  0.4885  0.0060  0.0200  0.4074  0.0310  1
117:   0.8660  0.0380  0.0040  0.0140  0.0360  0.0420  1
118:   0.1990  0.2720  0.0120  0.0170  0.0590  0.4410  1
119:   0.0790  0.3780  0.0070  0.0140  0.3460  0.1760  1
120:   0.0670  0.4790  0.0220  0.0100  0.3610  0.0610  1
121:   0.3203  0.1692  0.0100  0.0150  0.2352  0.2503  1
122:   0.0789  0.3447  0.0090  0.0420  0.3576  0.1678  1
123:   0.0240  0.3027  0.0090  0.0539  0.4196  0.1908  1
124:   0.0680  0.4250  0.0260  0.0120  0.3800  0.0890  1
125:   0.6777  0.0901  0.0070  0.0140  0.1161  0.0951  1
126:   0.4630  0.1780  0.0070  0.0090  0.1200  0.2230  1
127:   0.9260  0.0340  0.0040  0.0080  0.0160  0.0120  1
128:   0.1628  0.2048  0.0130  0.0679  0.2817  0.2697  1
129:   0.0180  0.1810  0.0080  0.0620  0.4180  0.3130  1
130:   0.5350  0.1530  0.0100  0.0730  0.1270  0.1020  1
131:   0.4360  0.1700  0.0080  0.1630  0.1260  0.0970  1
132:   0.8360  0.0430  0.0130  0.0190  0.0180  0.0710  1
133:   0.1111  0.4274  0.0080  0.0130  0.3213  0.1191  1
134:   0.0590  0.4390  0.0170  0.0220  0.2780  0.1850  1
135:   0.0370  0.3040  0.0060  0.0570  0.4110  0.1850  1
136:   0.2332  0.3413  0.0080  0.0601  0.2763  0.0811  1
137:   0.0150  0.4330  0.0100  0.0110  0.5150  0.0160  1
138:   0.1652  0.1431  0.0080  0.4384  0.1451  0.1001  1
139:   0.8210  0.0790  0.0070  0.0090  0.0530  0.0310  1
140:   0.0480  0.4620  0.0050  0.0350  0.4060  0.0440  1
141:   0.3260  0.2990  0.0080  0.0260  0.2390  0.1020  1
142:   0.2270  0.2170  0.0080  0.0190  0.2500  0.2790  1
143:   0.2192  0.2162  0.0240  0.0320  0.2142  0.2943  1
144:   0.5596  0.1782  0.0040  0.0551  0.1251  0.0781  1
145:   0.3570  0.2740  0.0060  0.0250  0.1700  0.1680  1
146:   0.0350  0.0901  0.0060  0.3564  0.2763  0.2362  1
147:   0.0780  0.3490  0.0070  0.0180  0.3640  0.1840  1
148:   0.1508  0.3367  0.0100  0.0340  0.3367  0.1319  1
149:   0.8889  0.0460  0.0040  0.0090  0.0330  0.0190  1
150:   0.2320  0.2940  0.0130  0.1310  0.2040  0.1260  1
151:   0.0621  0.3944  0.0110  0.0791  0.3644  0.0891  1
152:   0.0949  0.1409  0.0040  0.0320  0.4376  0.2907  1
153:   0.0120  0.2400  0.0150  0.0660  0.4600  0.2070  1
154:   0.0190  0.3120  0.0140  0.0160  0.4870  0.1520  1
155:   0.0450  0.4340  0.0850  0.0170  0.3110  0.1080  1
156:   0.0420  0.4900  0.0070  0.0130  0.4220  0.0260  1
157:   0.3310  0.3150  0.0130  0.0100  0.2610  0.0700  1
158:   0.1271  0.2402  0.0951  0.0601  0.1642  0.3133  1
159:   0.0270  0.1568  0.1019  0.1339  0.3596  0.2208  1
160:   0.0480  0.1830  0.0390  0.1620  0.3420  0.2260  1
161:   0.0120  0.3970  0.0070  0.0210  0.5390  0.0240  1
162:   0.0140  0.3560  0.0060  0.0160  0.5540  0.0540  1
163:   0.0090  0.4044  0.0090  0.0090  0.5506  0.0180  1
164:   0.0631  0.3003  0.0250  0.2242  0.2122  0.1752  1
165:   0.0270  0.3660  0.0270  0.1730  0.3410  0.0660  1
166:   0.0850  0.2330  0.0050  0.1420  0.2090  0.3260  1
167:   0.0260  0.4374  0.0100  0.0180  0.3734  0.1351  1
168:   0.0310  0.3990  0.0050  0.0130  0.5130  0.0390  1
169:   0.0080  0.2873  0.0470  0.2763  0.3453  0.0360  1
170:   0.0580  0.2860  0.0050  0.2080  0.2890  0.1540  1
171:   0.0100  0.3920  0.0060  0.0110  0.5470  0.0340  1
172:   0.0490  0.4046  0.0090  0.0280  0.3626  0.1469  1

  1:   0.1542  0.1351  0.4264  0.1101  0.0841  0.0901  1
  2:   0.1880  0.1550  0.3260  0.0920  0.1330  0.1060  1
  3:   0.1642  0.2613  0.0070  0.0631  0.0611  0.4434  1
  4:   0.1580  0.2670  0.0190  0.0230  0.0510  0.4820  1
  5:   0.1582  0.2693  0.0430  0.0200  0.0501  0.4595  1
  6:   0.1580  0.2800  0.0260  0.0080  0.0460  0.4820  1
  7:   0.1618  0.2717  0.0120  0.0180  0.0529  0.4835  1
  8:   0.3934  0.2653  0.0070  0.0100  0.2492  0.0751  1
  9:   0.1822  0.2272  0.1441  0.0831  0.0981  0.2653  1
 10:   0.1780  0.2550  0.0180  0.0290  0.1150  0.4050  1
 11:   0.4040  0.2540  0.0350  0.0210  0.2360  0.0500  1
 12:   0.3826  0.2338  0.0310  0.0989  0.2198  0.0340  1
 13:   0.2870  0.2160  0.1960  0.0470  0.1470  0.1070  1
 14:   0.1672  0.2482  0.0090  0.0741  0.1802  0.3213  1
 15:   0.2310  0.2270  0.0220  0.1800  0.1070  0.2330  1
 16:   0.0070  0.0080  0.9610  0.0070  0.0080  0.0090  1
 17:   0.0140  0.0120  0.0070  0.9470  0.0120  0.0080  1
 18:   0.0060  0.0050  0.9750  0.0040  0.0050  0.0050  1
 19:   0.0350  0.0300  0.0090  0.8840  0.0290  0.0130  1
 20:   0.0080  0.0080  0.9640  0.0050  0.0070  0.0080  1
 21:   0.0120  0.0120  0.9339  0.0150  0.0140  0.0130  1
 22:   0.2540  0.2100  0.0160  0.0160  0.3880  0.1160  1
 23:   0.0270  0.0400  0.0130  0.8432  0.0410  0.0360  1
 24:   0.0679  0.0979  0.0370  0.5864  0.0859  0.1249  1
 25:   0.2120  0.1860  0.1870  0.1410  0.1390  0.1350  1
 26:   0.0719  0.1049  0.0230  0.5045  0.1738  0.1219  1
 27:   0.1250  0.1140  0.0090  0.4780  0.1780  0.0960  1
 28:   0.0090  0.0100  0.9500  0.0090  0.0120  0.0100  1
 29:   0.0310  0.0370  0.0090  0.8320  0.0510  0.0400  1
 30:   0.0090  0.0110  0.9461  0.0120  0.0090  0.0130  1
 31:   0.1389  0.2028  0.0320  0.1439  0.2198  0.2627  1
 32:   0.0190  0.0180  0.9189  0.0070  0.0190  0.0180  1
 33:   0.3070  0.2160  0.0090  0.1470  0.2220  0.0990  1
 34:   0.0210  0.0240  0.0050  0.8930  0.0290  0.0280  1
 35:   0.1399  0.2937  0.0160  0.0100  0.0519  0.4885  1
 36:   0.0770  0.0930  0.0080  0.5110  0.1700  0.1410  1
 37:   0.0130  0.0130  0.9430  0.0090  0.0110  0.0110  1
 38:   0.0909  0.1688  0.0080  0.0110  0.4745  0.2468  1
 39:   0.0120  0.0140  0.0040  0.9430  0.0120  0.0150  1
 40:   0.1140  0.1120  0.0110  0.5070  0.1610  0.0950  1
 41:   0.2050  0.2230  0.0110  0.0890  0.2260  0.2460  1
 42:   0.0060  0.0060  0.9720  0.0050  0.0050  0.0060  1
 43:   0.1350  0.1570  0.1130  0.2760  0.1540  0.1650  1
 44:   0.0791  0.0871  0.0080  0.6537  0.0921  0.0801  1
 45:   0.2583  0.2523  0.0050  0.1041  0.1572  0.2232  1
 46:   0.0130  0.0170  0.0080  0.9280  0.0180  0.0160  1
 47:   0.1480  0.1840  0.0110  0.0330  0.4110  0.2130  1
 48:   0.0130  0.0140  0.9350  0.0080  0.0160  0.0140  1
 49:   0.0100  0.0110  0.0050  0.9540  0.0090  0.0110  1
 50:   0.0260  0.0440  0.0060  0.8418  0.0250  0.0571  1
 51:   0.0300  0.0370  0.0060  0.8711  0.0180  0.0380  1
 52:   0.0140  0.0160  0.0110  0.9240  0.0180  0.0170  1
 53:   0.1420  0.1120  0.5290  0.0600  0.0940  0.0630  1
 54:   0.0320  0.0390  0.0140  0.8539  0.0210  0.0400  1
 55:   0.2028  0.2637  0.0100  0.0270  0.1748  0.3217  1
 56:   0.1812  0.2573  0.0060  0.0200  0.2252  0.3103  1
 57:   0.1878  0.2108  0.0110  0.0440  0.3157  0.2308  1
 58:   0.0060  0.0060  0.9700  0.0060  0.0060  0.0060  1
 59:   0.0160  0.0260  0.8810  0.0100  0.0300  0.0370  1
 60:   0.0330  0.0350  0.0090  0.8640  0.0380  0.0210  1
 61:   0.0160  0.0170  0.0050  0.9310  0.0140  0.0170  1
 62:   0.1400  0.2380  0.0070  0.1220  0.1240  0.3690  1
 63:   0.2690  0.2340  0.0040  0.0640  0.2270  0.2020  1
 64:   0.3217  0.1928  0.0220  0.2488  0.1918  0.0230  1
 65:   0.0150  0.0120  0.9471  0.0060  0.0080  0.0120  1
 66:   0.0160  0.0170  0.9219  0.0100  0.0180  0.0170  1
 67:   0.0170  0.0230  0.8690  0.0510  0.0160  0.0240  1
 68:   0.1588  0.1598  0.0230  0.4196  0.1289  0.1099  1
 69:   0.1160  0.1980  0.0070  0.0310  0.3940  0.2540  1
 70:   0.1520  0.1580  0.0060  0.2370  0.3100  0.1370  1
 71:   0.1499  0.2897  0.0090  0.0200  0.0659  0.4655  1
 72:   0.1051  0.1942  0.0200  0.0380  0.4024  0.2402  1
 73:   0.0080  0.0090  0.9540  0.0100  0.0080  0.0110  1
 74:   0.3330  0.2480  0.0310  0.0210  0.2920  0.0750  1
 75:   0.0230  0.0270  0.0050  0.8841  0.0280  0.0330  1
 76:   0.0060  0.0060  0.9700  0.0060  0.0060  0.0060  1
 77:   0.0080  0.0090  0.9590  0.0070  0.0090  0.0080  1
 78:   0.0140  0.0140  0.0130  0.9269  0.0130  0.0190  1
 79:   0.0090  0.0090  0.9420  0.0190  0.0100  0.0110  1
 80:   0.1588  0.0959  0.0410  0.5874  0.0879  0.0290  1
 81:   0.0969  0.1688  0.0050  0.0180  0.4805  0.2308  1
 82:   0.0290  0.0240  0.0040  0.8989  0.0220  0.0220  1
 83:   0.0430  0.0659  0.0140  0.7602  0.0280  0.0889  1
 84:   0.0080  0.0080  0.9620  0.0050  0.0080  0.0090  1
 85:   0.1381  0.1962  0.2462  0.0641  0.1451  0.2102  1
 86:   0.0801  0.1421  0.0150  0.1211  0.4004  0.2412  1
 87:   0.1000  0.1600  0.0070  0.0150  0.4600  0.2580  1
 88:   0.1471  0.1752  0.0230  0.3203  0.1321  0.2022  1
 89:   0.1682  0.2713  0.0140  0.0430  0.1151  0.3884  1
 90:   0.3450  0.2530  0.0080  0.0730  0.2210  0.1000  1
 91:   0.1688  0.1978  0.0130  0.0390  0.3866  0.1948  1
 92:   0.0490  0.0991  0.0080  0.2943  0.3654  0.1842  1
 93:   0.1201  0.2272  0.0060  0.0110  0.2983  0.3373  1
 94:   0.4276  0.2727  0.0060  0.0100  0.2537  0.0300  1
 95:   0.1700  0.1970  0.0170  0.0780  0.2710  0.2670  1
 96:   0.0150  0.0210  0.0400  0.8819  0.0240  0.0180  1
 97:   0.0470  0.0581  0.0130  0.7538  0.0631  0.0651  1
 98:   0.0190  0.0180  0.9100  0.0170  0.0180  0.0180  1
 99:   0.4116  0.2557  0.0270  0.0210  0.2557  0.0290  1
100:   0.1810  0.2700  0.0360  0.0240  0.0700  0.4190  1
101:   0.1560  0.2460  0.0120  0.0080  0.2420  0.3360  1
102:   0.0370  0.0370  0.0050  0.8152  0.0639  0.0420  1
103:   0.1668  0.2408  0.0310  0.1029  0.0769  0.3816  1
104:   0.1390  0.2930  0.0280  0.0110  0.0400  0.4890  1
105:   0.2120  0.2410  0.0120  0.0190  0.2490  0.2670  1
106:   0.0190  0.0190  0.9150  0.0130  0.0150  0.0190  1
107:   0.1180  0.1080  0.0840  0.4960  0.1020  0.0920  1
108:   0.4076  0.2707  0.0070  0.0150  0.2557  0.0440  1
109:   0.0569  0.0519  0.0170  0.7802  0.0380  0.0559  1
110:   0.0610  0.1360  0.0070  0.0380  0.5030  0.2550  1
111:   0.0581  0.0852  0.4749  0.0461  0.2014  0.1343  1
112:   0.1341  0.1942  0.0060  0.0470  0.4144  0.2042  1
113:   0.1870  0.2430  0.0170  0.0300  0.2570  0.2660  1
114:   0.0941  0.1231  0.0771  0.4444  0.1231  0.1381  1
115:   0.2750  0.2350  0.0080  0.0270  0.2430  0.2120  1
116:   0.3200  0.2790  0.0060  0.0190  0.1470  0.2290  1
117:   0.4120  0.2730  0.0040  0.0140  0.2650  0.0320  1
118:   0.2300  0.2580  0.0130  0.0160  0.1210  0.3620  1
119:   0.2430  0.2800  0.0070  0.0150  0.2070  0.2480  1
120:   0.3180  0.2860  0.0200  0.0100  0.1340  0.2320  1
121:   0.2500  0.2320  0.0110  0.0160  0.3160  0.1750  1
122:   0.2110  0.2400  0.0090  0.0430  0.2390  0.2580  1
123:   0.1768  0.2118  0.0090  0.0589  0.3087  0.2348  1
124:   0.2328  0.2727  0.0260  0.0140  0.1948  0.2597  1
125:   0.3660  0.2600  0.0070  0.0130  0.2710  0.0830  1
126:   0.2940  0.2700  0.0070  0.0080  0.2210  0.2000  1
127:   0.4510  0.2610  0.0040  0.0100  0.2520  0.0220  1
128:   0.2540  0.2300  0.0140  0.0650  0.2490  0.1880  1
129:   0.0820  0.1680  0.0080  0.0530  0.4250  0.2640  1
130:   0.3380  0.2530  0.0110  0.0700  0.2200  0.1080  1
131:   0.3253  0.2302  0.0070  0.1512  0.1722  0.1141  1
132:   0.4240  0.2500  0.0130  0.0180  0.2360  0.0590  1
133:   0.2837  0.2687  0.0090  0.0110  0.1548  0.2727  1
134:   0.3043  0.2763  0.0170  0.0200  0.1141  0.2683  1
135:   0.1748  0.2068  0.0060  0.0549  0.3047  0.2527  1
136:   0.3370  0.2580  0.0070  0.0560  0.1710  0.1710  1
137:   0.1161  0.2372  0.0110  0.0110  0.2953  0.3293  1
138:   0.1652  0.1431  0.0080  0.4314  0.1401  0.1121  1
139:   0.4436  0.2557  0.0060  0.0090  0.2398  0.0460  1
140:   0.2793  0.2613  0.0050  0.0380  0.1702  0.2462  1
141:   0.3260  0.2670  0.0080  0.0270  0.1980  0.1740  1
142:   0.2388  0.2378  0.0080  0.0180  0.2927  0.2048  1
143:   0.2062  0.2402  0.0220  0.0380  0.2402  0.2533  1
144:   0.3850  0.2410  0.0040  0.0500  0.2110  0.1090  1
145:   0.3420  0.2580  0.0060  0.0230  0.1780  0.1930  1
146:   0.0850  0.1260  0.0060  0.3220  0.3020  0.1590  1
147:   0.2777  0.2338  0.0070  0.0180  0.2607  0.2028  1
148:   0.2750  0.2320  0.0100  0.0330  0.2480  0.2020  1
149:   0.4274  0.2733  0.0040  0.0090  0.2603  0.0260  1
150:   0.2940  0.2380  0.0140  0.1270  0.1460  0.1810  1
151:   0.2600  0.2500  0.0120  0.0750  0.1810  0.2220  1
152:   0.1210  0.1730  0.0040  0.0330  0.4600  0.2090  1
153:   0.0989  0.1838  0.0140  0.0619  0.3796  0.2617  1
154:   0.1249  0.2048  0.0120  0.0150  0.3696  0.2737  1
155:   0.2790  0.2660  0.0930  0.0170  0.1160  0.2290  1
156:   0.3130  0.2810  0.0070  0.0150  0.1590  0.2250  1
157:   0.3516  0.2807  0.0110  0.0110  0.1878  0.1578  1
158:   0.2038  0.2278  0.0999  0.0569  0.1489  0.2627  1
159:   0.0860  0.1430  0.0920  0.0810  0.3750  0.2230  1
160:   0.1179  0.1598  0.0400  0.1169  0.3516  0.2138  1
161:   0.0790  0.2220  0.0070  0.0230  0.3250  0.3440  1
162:   0.0850  0.2180  0.0060  0.0160  0.3460  0.3290  1
163:   0.0801  0.2272  0.0070  0.0080  0.3303  0.3473  1
164:   0.2142  0.2052  0.0240  0.2292  0.1191  0.2082  1
165:   0.2100  0.2130  0.0300  0.1680  0.1800  0.1990  1
166:   0.1459  0.2088  0.0050  0.1499  0.1788  0.3117  1
167:   0.2710  0.2530  0.0110  0.0190  0.1820  0.2640  1
168:   0.1101  0.2192  0.0050  0.0140  0.3253  0.3263  1
169:   0.0751  0.1622  0.0490  0.2993  0.1932  0.2212  1
170:   0.2240  0.1960  0.0050  0.2120  0.1810  0.1820  1
171:   0.0942  0.2214  0.0050  0.0100  0.3277  0.3417  1
172:   0.2813  0.2492  0.0080  0.0300  0.2112  0.2202  1

  1:   0.1740  0.1500  0.4270  0.1100  0.0560  0.0830  1
  2:   0.2200  0.2130  0.3240  0.0780  0.0660  0.0990  1
  3:   0.2790  0.2410  0.0060  0.0630  0.0180  0.3930  1
  4:   0.2707  0.2188  0.0190  0.0270  0.0190  0.4456  1
  5:   0.2733  0.2262  0.0400  0.0190  0.0140  0.4274  1
  6:   0.2290  0.1950  0.0340  0.0080  0.0460  0.4880  1
  7:   0.2730  0.2270  0.0110  0.0190  0.0260  0.4440  1
  8:   0.4178  0.3948  0.0070  0.0090  0.0291  0.1423  1
  9:   0.3010  0.2500  0.1230  0.0650  0.0210  0.2400  1
 10:   0.2272  0.2072  0.0170  0.0270  0.0681  0.4535  1
 11:   0.4384  0.4084  0.0350  0.0240  0.0390  0.0551  1
 12:   0.4330  0.3880  0.0280  0.0920  0.0300  0.0290  1
 13:   0.3500  0.2840  0.1810  0.0480  0.0330  0.1040  1
 14:   0.1820  0.1940  0.0100  0.0800  0.0960  0.4380  1
 15:   0.2970  0.2040  0.0240  0.1690  0.0460  0.2600  1
 16:   0.0070  0.0070  0.9630  0.0070  0.0070  0.0090  1
 17:   0.0140  0.0120  0.0060  0.9490  0.0100  0.0090  1
 18:   0.0060  0.0050  0.9750  0.0040  0.0050  0.0050  1
 19:   0.0460  0.0330  0.0090  0.8771  0.0190  0.0160  1
 20:   0.0080  0.0070  0.9650  0.0050  0.0070  0.0080  1
 21:   0.0110  0.0120  0.9330  0.0150  0.0170  0.0120  1
 22:   0.2500  0.3390  0.0160  0.0160  0.2350  0.1440  1
 23:   0.0300  0.0360  0.0150  0.8302  0.0529  0.0360  1
 24:   0.0730  0.0710  0.0410  0.5990  0.0960  0.1200  1
 25:   0.2570  0.2450  0.1780  0.1160  0.0850  0.1190  1
 26:   0.0770  0.1080  0.0220  0.5090  0.1450  0.1390  1
 27:   0.1100  0.1210  0.0080  0.4830  0.2010  0.0770  1
 28:   0.0100  0.0110  0.9480  0.0100  0.0100  0.0110  1
 29:   0.0280  0.0290  0.0080  0.8120  0.0880  0.0350  1
 30:   0.0090  0.0090  0.9490  0.0110  0.0080  0.0140  1
 31:   0.1558  0.1958  0.0330  0.1239  0.2418  0.2498  1
 32:   0.0190  0.0200  0.9189  0.0080  0.0170  0.0170  1
 33:   0.3417  0.3187  0.0080  0.1429  0.0609  0.1279  1
 34:   0.0170  0.0190  0.0050  0.8909  0.0460  0.0220  1
 35:   0.1810  0.1650  0.0170  0.0100  0.0380  0.5890  1
 36:   0.0450  0.0780  0.0080  0.5060  0.2710  0.0920  1
 37:   0.0120  0.0150  0.9391  0.0100  0.0090  0.0150  1
 38:   0.0490  0.1900  0.0080  0.0120  0.4410  0.3000  1
 39:   0.0120  0.0110  0.0040  0.9479  0.0110  0.0140  1
 40:   0.1089  0.1508  0.0120  0.5115  0.1189  0.0979  1
 41:   0.2042  0.2322  0.0110  0.0891  0.1441  0.3193  1
 42:   0.0050  0.0050  0.9730  0.0050  0.0060  0.0060  1
 43:   0.1520  0.1280  0.1210  0.2570  0.2040  0.1380  1
 44:   0.0840  0.0780  0.0080  0.6600  0.0720  0.0980  1
 45:   0.2823  0.2492  0.0050  0.1031  0.0591  0.3013  1
 46:   0.0130  0.0130  0.0070  0.9381  0.0140  0.0150  1
 47:   0.1480  0.2620  0.0100  0.0340  0.3480  0.1980  1
 48:   0.0140  0.0160  0.9331  0.0080  0.0160  0.0130  1
 49:   0.0100  0.0090  0.0050  0.9560  0.0100  0.0100  1
 50:   0.0390  0.0320  0.0060  0.8460  0.0240  0.0530  1
 51:   0.0320  0.0270  0.0050  0.8819  0.0150  0.0390  1
 52:   0.0120  0.0140  0.0110  0.9291  0.0200  0.0140  1
 53:   0.1400  0.1370  0.5260  0.0590  0.0770  0.0610  1
 54:   0.0509  0.0300  0.0130  0.8392  0.0180  0.0490  1
 55:   0.1980  0.2630  0.0100  0.0260  0.0730  0.4300  1
 56:   0.1848  0.2537  0.0060  0.0190  0.0789  0.4575  1
 57:   0.1430  0.1920  0.0090  0.0420  0.2340  0.3800  1
 58:   0.0070  0.0060  0.9690  0.0060  0.0060  0.0060  1
 59:   0.0120  0.0150  0.8921  0.0110  0.0519  0.0180  1
 60:   0.0380  0.0350  0.0090  0.8689  0.0230  0.0260  1
 61:   0.0170  0.0140  0.0040  0.9370  0.0110  0.0170  1
 62:   0.1668  0.1778  0.0080  0.1269  0.0929  0.4276  1
 63:   0.2310  0.1920  0.0040  0.0580  0.2550  0.2600  1
 64:   0.3670  0.3380  0.0210  0.2120  0.0320  0.0300  1
 65:   0.0120  0.0100  0.9500  0.0060  0.0100  0.0120  1
 66:   0.0160  0.0160  0.9211  0.0110  0.0190  0.0170  1
 67:   0.0180  0.0200  0.8650  0.0550  0.0150  0.0270  1
 68:   0.1888  0.1938  0.0210  0.3996  0.0549  0.1419  1
 69:   0.0981  0.2052  0.0060  0.0360  0.2843  0.3704  1
 70:   0.1440  0.1950  0.0050  0.2330  0.3130  0.1100  1
 71:   0.1890  0.1580  0.0080  0.0170  0.0760  0.5520  1
 72:   0.1129  0.1968  0.0190  0.0410  0.3297  0.3007  1
 73:   0.0090  0.0080  0.9530  0.0100  0.0080  0.0120  1
 74:   0.3390  0.3590  0.0300  0.0230  0.1550  0.0940  1
 75:   0.0210  0.0240  0.0050  0.8831  0.0380  0.0290  1
 76:   0.0060  0.0060  0.9680  0.0070  0.0070  0.0060  1
 77:   0.0080  0.0080  0.9610  0.0060  0.0080  0.0090  1
 78:   0.0150  0.0150  0.0130  0.9240  0.0120  0.0210  1
 79:   0.0090  0.0080  0.9419  0.0200  0.0110  0.0100  1
 80:   0.2030  0.1930  0.0380  0.5190  0.0200  0.0270  1
 81:   0.0571  0.1922  0.0040  0.0180  0.4214  0.3073  1
 82:   0.0300  0.0260  0.0040  0.9000  0.0190  0.0210  1
 83:   0.0780  0.0500  0.0140  0.7330  0.0190  0.1060  1
 84:   0.0070  0.0080  0.9640  0.0050  0.0080  0.0080  1
 85:   0.1518  0.1359  0.2517  0.0609  0.2098  0.1898  1
 86:   0.0539  0.1608  0.0150  0.1359  0.4436  0.1908  1
 87:   0.0571  0.1502  0.0060  0.0170  0.5826  0.1872  1
 88:   0.1552  0.1331  0.0220  0.3103  0.2422  0.1371  1
 89:   0.1620  0.1650  0.0140  0.0440  0.1680  0.4470  1
 90:   0.3726  0.3197  0.0100  0.0759  0.0629  0.1588  1
 91:   0.1470  0.1840  0.0130  0.0420  0.4350  0.1790  1
 92:   0.0140  0.1039  0.0090  0.3237  0.4316  0.1179  1
 93:   0.1051  0.2072  0.0060  0.0110  0.1772  0.4935  1
 94:   0.4750  0.4320  0.0060  0.0110  0.0300  0.0460  1
 95:   0.1389  0.1698  0.0160  0.0719  0.4346  0.1688  1
 96:   0.0130  0.0160  0.0400  0.8820  0.0290  0.0200  1
 97:   0.0530  0.0500  0.0130  0.7520  0.0600  0.0720  1
 98:   0.0180  0.0170  0.9139  0.0150  0.0200  0.0160  1
 99:   0.4430  0.4260  0.0240  0.0200  0.0470  0.0400  1
100:   0.2168  0.1988  0.0410  0.0240  0.0619  0.4575  1
101:   0.1490  0.2300  0.0110  0.0080  0.1050  0.4970  1
102:   0.0350  0.0400  0.0050  0.8260  0.0480  0.0460  1
103:   0.2088  0.1848  0.0320  0.0969  0.0440  0.4336  1
104:   0.1880  0.1510  0.0330  0.0110  0.0360  0.5810  1
105:   0.1870  0.2300  0.0120  0.0190  0.1600  0.3920  1
106:   0.0210  0.0210  0.9120  0.0130  0.0100  0.0230  1
107:   0.1470  0.1600  0.0840  0.4490  0.0530  0.1070  1
108:   0.4240  0.4320  0.0070  0.0140  0.0500  0.0730  1
109:   0.0630  0.0430  0.0170  0.7670  0.0580  0.0520  1
110:   0.0160  0.1520  0.0060  0.0550  0.5760  0.1950  1
111:   0.0560  0.1070  0.4710  0.0500  0.2240  0.0920  1
112:   0.1290  0.2610  0.0060  0.0500  0.2480  0.3060  1
113:   0.1608  0.1838  0.0180  0.0270  0.4086  0.2018  1
114:   0.1021  0.1001  0.0761  0.4565  0.1161  0.1491  1
115:   0.2660  0.2390  0.0070  0.0280  0.1860  0.2740  1
116:   0.3000  0.1840  0.0060  0.0200  0.3280  0.1620  1
117:   0.4176  0.4276  0.0040  0.0140  0.0609  0.0759  1
118:   0.2790  0.2480  0.0130  0.0170  0.0680  0.3750  1
119:   0.2282  0.1952  0.0060  0.0150  0.2933  0.2623  1
120:   0.3130  0.1920  0.0200  0.0100  0.2860  0.1790  1
121:   0.2525  0.3184  0.0110  0.0150  0.1846  0.2186  1
122:   0.1972  0.1712  0.0100  0.0460  0.3483  0.2272  1
123:   0.1320  0.1510  0.0090  0.0580  0.4450  0.2050  1
124:   0.2100  0.1780  0.0290  0.0130  0.3860  0.1840  1
125:   0.3630  0.3740  0.0070  0.0130  0.1240  0.1190  1
126:   0.2813  0.3173  0.0070  0.0080  0.0691  0.3173  1
127:   0.4675  0.4236  0.0040  0.0100  0.0529  0.0420  1
128:   0.2050  0.2330  0.0140  0.0850  0.2790  0.1840  1
129:   0.0581  0.1411  0.0080  0.0601  0.4865  0.2462  1
130:   0.3546  0.3047  0.0110  0.0699  0.1209  0.1389  1
131:   0.3060  0.2470  0.0070  0.1650  0.1400  0.1350  1
132:   0.4520  0.4200  0.0120  0.0180  0.0360  0.0620  1
133:   0.2860  0.2000  0.0090  0.0110  0.2850  0.2090  1
134:   0.2920  0.2010  0.0170  0.0240  0.2260  0.2400  1
135:   0.1410  0.1670  0.0060  0.0520  0.4430  0.1910  1
136:   0.3193  0.2282  0.0060  0.0470  0.2312  0.1682  1
137:   0.0679  0.1019  0.0110  0.0110  0.6753  0.1329  1
138:   0.1562  0.1341  0.0090  0.4134  0.1742  0.1131  1
139:   0.4520  0.3820  0.0050  0.0100  0.0760  0.0750  1
140:   0.2500  0.1910  0.0050  0.0480  0.3450  0.1610  1
141:   0.3407  0.2617  0.0080  0.0240  0.2068  0.1588  1
142:   0.2190  0.2640  0.0080  0.0210  0.1660  0.3220  1
143:   0.2212  0.2603  0.0240  0.0340  0.1291  0.3313  1
144:   0.3936  0.2927  0.0050  0.0470  0.1508  0.1109  1
145:   0.3497  0.2577  0.0060  0.0210  0.1628  0.2028  1
146:   0.0591  0.1261  0.0060  0.3223  0.3544  0.1321  1
147:   0.2298  0.1958  0.0070  0.0180  0.3037  0.2458  1
148:   0.2530  0.2200  0.0100  0.0310  0.3300  0.1560  1
149:   0.4440  0.4200  0.0040  0.0090  0.0740  0.0490  1
150:   0.3090  0.1970  0.0140  0.1200  0.1930  0.1670  1
151:   0.2503  0.1752  0.0110  0.0791  0.3213  0.1632  1
152:   0.0930  0.1960  0.0040  0.0340  0.4610  0.2120  1
153:   0.0590  0.1330  0.0130  0.0580  0.5670  0.1700  1
154:   0.0690  0.1320  0.0120  0.0150  0.6160  0.1560  1
155:   0.2570  0.1900  0.0840  0.0180  0.2690  0.1820  1
156:   0.2890  0.1910  0.0080  0.0140  0.3370  0.1610  1
157:   0.3440  0.2440  0.0100  0.0090  0.2260  0.1670  1
158:   0.2070  0.2010  0.0950  0.0620  0.1670  0.2680  1
159:   0.0450  0.1241  0.0941  0.0981  0.4905  0.1481  1
160:   0.0822  0.1383  0.0381  0.1222  0.4649  0.1543  1
161:   0.0180  0.0920  0.0070  0.0210  0.7340  0.1280  1
162:   0.0190  0.0980  0.0060  0.0150  0.7300  0.1320  1
163:   0.0190  0.0880  0.0070  0.0080  0.7550  0.1230  1
164:   0.2182  0.1491  0.0260  0.2292  0.1772  0.2002  1
165:   0.1720  0.1290  0.0330  0.1750  0.3520  0.1390  1
166:   0.1489  0.1618  0.0050  0.1518  0.2218  0.3107  1
167:   0.2238  0.1558  0.0110  0.0170  0.3097  0.2827  1
168:   0.0500  0.1080  0.0050  0.0150  0.6900  0.1320  1
169:   0.0320  0.0670  0.0520  0.2950  0.4600  0.0940  1
170:   0.1868  0.1489  0.0060  0.2078  0.2627  0.1878  1
171:   0.0300  0.0940  0.0050  0.0090  0.7260  0.1360  1
172:   0.2553  0.1902  0.0090  0.0280  0.2943  0.2232  1

  1:   0.1171  0.1241  0.4274  0.1071  0.0901  0.1341  1
  2:   0.1878  0.1349  0.3237  0.0849  0.1239  0.1449  1
  3:   0.3303  0.0861  0.0070  0.0591  0.1592  0.3584  1
  4:   0.3293  0.0891  0.0170  0.0240  0.1582  0.3824  1
  5:   0.3200  0.0960  0.0390  0.0170  0.1530  0.3750  1
  6:   0.3280  0.1150  0.0280  0.0080  0.1610  0.3600  1
  7:   0.3270  0.1000  0.0110  0.0190  0.1580  0.3850  1
  8:   0.3253  0.2753  0.0070  0.0110  0.1812  0.2002  1
  9:   0.2438  0.1369  0.1289  0.0759  0.1289  0.2857  1
 10:   0.3190  0.1190  0.0180  0.0280  0.2060  0.3100  1
 11:   0.3110  0.2690  0.0380  0.0260  0.1680  0.1880  1
 12:   0.2740  0.2480  0.0300  0.1220  0.1410  0.1850  1
 13:   0.2322  0.2002  0.1842  0.0410  0.1401  0.2022  1
 14:   0.3190  0.1010  0.0090  0.0740  0.2700  0.2270  1
 15:   0.2600  0.1410  0.0230  0.1820  0.1580  0.2360  1
 16:   0.0080  0.0070  0.9620  0.0070  0.0080  0.0080  1
 17:   0.0110  0.0120  0.0070  0.9480  0.0120  0.0100  1
 18:   0.0050  0.0050  0.9760  0.0040  0.0050  0.0050  1
 19:   0.0370  0.0330  0.0090  0.8720  0.0250  0.0240  1
 20:   0.0070  0.0080  0.9660  0.0050  0.0070  0.0070  1
 21:   0.0110  0.0170  0.9300  0.0140  0.0140  0.0140  1
 22:   0.3200  0.1650  0.0160  0.0190  0.3130  0.1670  1
 23:   0.0290  0.0300  0.0130  0.8520  0.0420  0.0340  1
 24:   0.0820  0.0750  0.0330  0.6090  0.1040  0.0970  1
 25:   0.1850  0.2050  0.1640  0.1330  0.1180  0.1950  1
 26:   0.1500  0.0520  0.0210  0.4710  0.2030  0.1030  1
 27:   0.1161  0.1351  0.0080  0.4515  0.1812  0.1081  1
 28:   0.0100  0.0090  0.9510  0.0090  0.0110  0.0100  1
 29:   0.0250  0.0400  0.0080  0.8292  0.0470  0.0509  1
 30:   0.0100  0.0080  0.9490  0.0110  0.0110  0.0110  1
 31:   0.2320  0.1360  0.0320  0.1400  0.2310  0.2290  1
 32:   0.0190  0.0160  0.9189  0.0070  0.0200  0.0190  1
 33:   0.2970  0.1910  0.0080  0.1480  0.1840  0.1720  1
 34:   0.0170  0.0280  0.0050  0.8880  0.0290  0.0330  1
 35:   0.3700  0.0780  0.0170  0.0100  0.1760  0.3490  1
 36:   0.0700  0.1340  0.0070  0.5180  0.1440  0.1270  1
 37:   0.0140  0.0100  0.9410  0.0090  0.0120  0.0140  1
 38:   0.2977  0.0549  0.0070  0.0110  0.4735  0.1558  1
 39:   0.0130  0.0110  0.0040  0.9460  0.0120  0.0140  1
 40:   0.1360  0.0710  0.0110  0.4620  0.2200  0.1000  1
 41:   0.2670  0.1470  0.0120  0.0870  0.2780  0.2090  1
 42:   0.0050  0.0060  0.9740  0.0050  0.0050  0.0050  1
 43:   0.1210  0.1780  0.1150  0.2740  0.1490  0.1630  1
 44:   0.0890  0.0620  0.0080  0.6240  0.1270  0.0900  1
 45:   0.2943  0.1762  0.0050  0.0991  0.2002  0.2252  1
 46:   0.0240  0.0170  0.0070  0.9140  0.0230  0.0150  1
 47:   0.2690  0.1310  0.0100  0.0270  0.4100  0.1530  1
 48:   0.0150  0.0130  0.9360  0.0080  0.0160  0.0120  1
 49:   0.0090  0.0110  0.0050  0.9540  0.0100  0.0110  1
 50:   0.0500  0.0230  0.0060  0.8252  0.0380  0.0579  1
 51:   0.0390  0.0250  0.0050  0.8629  0.0330  0.0350  1
 52:   0.0130  0.0140  0.0100  0.9290  0.0160  0.0180  1
 53:   0.0869  0.1339  0.5215  0.0559  0.0799  0.1219  1
 54:   0.0380  0.0220  0.0140  0.8370  0.0330  0.0560  1
 55:   0.3217  0.1219  0.0100  0.0290  0.2567  0.2607  1
 56:   0.3640  0.0860  0.0060  0.0200  0.2960  0.2280  1
 57:   0.2833  0.1361  0.0100  0.0420  0.3353  0.1932  1
 58:   0.0060  0.0060  0.9700  0.0050  0.0060  0.0070  1
 59:   0.0100  0.0440  0.8840  0.0110  0.0200  0.0310  1
 60:   0.0440  0.0280  0.0090  0.8462  0.0430  0.0300  1
 61:   0.0170  0.0130  0.0050  0.9311  0.0150  0.0190  1
 62:   0.2907  0.0869  0.0080  0.1289  0.2368  0.2488  1
 63:   0.1712  0.2993  0.0040  0.0691  0.2372  0.2192  1
 64:   0.2458  0.1968  0.0210  0.2797  0.1289  0.1279  1
 65:   0.0090  0.0130  0.9510  0.0060  0.0100  0.0110  1
 66:   0.0160  0.0150  0.9221  0.0110  0.0180  0.0180  1
 67:   0.0220  0.0130  0.8613  0.0569  0.0200  0.0269  1
 68:   0.1812  0.1061  0.0210  0.4084  0.1512  0.1321  1
 69:   0.3030  0.0590  0.0060  0.0280  0.4290  0.1750  1
 70:   0.1860  0.1340  0.0050  0.2330  0.2980  0.1440  1
 71:   0.3430  0.1080  0.0080  0.0190  0.1860  0.3360  1
 72:   0.2927  0.0599  0.0190  0.0350  0.4126  0.1808  1
 73:   0.0100  0.0070  0.9540  0.0090  0.0100  0.0100  1
 74:   0.3067  0.2438  0.0320  0.0250  0.2268  0.1658  1
 75:   0.0240  0.0270  0.0040  0.8769  0.0360  0.0320  1
 76:   0.0060  0.0060  0.9690  0.0070  0.0060  0.0060  1
 77:   0.0080  0.0090  0.9600  0.0070  0.0080  0.0080  1
 78:   0.0190  0.0130  0.0140  0.9170  0.0190  0.0180  1
 79:   0.0090  0.0100  0.9450  0.0180  0.0090  0.0090  1
 80:   0.1109  0.0969  0.0380  0.6094  0.0589  0.0859  1
 81:   0.3026  0.0441  0.0040  0.0150  0.4860  0.1483  1
 82:   0.0260  0.0290  0.0040  0.8861  0.0260  0.0290  1
 83:   0.0741  0.0300  0.0140  0.7497  0.0571  0.0751  1
 84:   0.0080  0.0080  0.9630  0.0050  0.0080  0.0080  1
 85:   0.1379  0.1988  0.2388  0.0619  0.1688  0.1938  1
 86:   0.1970  0.0800  0.0130  0.1390  0.3990  0.1720  1
 87:   0.2228  0.1788  0.0060  0.0170  0.3866  0.1888  1
 88:   0.0720  0.2600  0.0210  0.3070  0.1190  0.2210  1
 89:   0.2587  0.2028  0.0130  0.0500  0.1928  0.2827  1
 90:   0.2807  0.2587  0.0090  0.0719  0.1878  0.1918  1
 91:   0.2050  0.1770  0.0120  0.0390  0.3730  0.1940  1
 92:   0.1502  0.0581  0.0080  0.3103  0.3453  0.1281  1
 93:   0.3497  0.0390  0.0060  0.0120  0.3616  0.2318  1
 94:   0.3260  0.3040  0.0060  0.0110  0.1570  0.1960  1
 95:   0.1150  0.3110  0.0160  0.0890  0.2460  0.2230  1
 96:   0.0190  0.0150  0.0410  0.8790  0.0280  0.0180  1
 97:   0.0690  0.0400  0.0140  0.7200  0.0880  0.0690  1
 98:   0.0170  0.0200  0.9101  0.0160  0.0190  0.0180  1
 99:   0.3080  0.2870  0.0260  0.0250  0.1770  0.1770  1
100:   0.3130  0.1290  0.0350  0.0230  0.2070  0.2930  1
101:   0.3524  0.0661  0.0120  0.0080  0.3153  0.2462  1
102:   0.0530  0.0300  0.0050  0.7920  0.0760  0.0440  1
103:   0.2857  0.1209  0.0270  0.1029  0.1748  0.2887  1
104:   0.3570  0.0790  0.0300  0.0110  0.1740  0.3490  1
105:   0.3167  0.1349  0.0130  0.0210  0.2807  0.2338  1
106:   0.0220  0.0150  0.9139  0.0150  0.0150  0.0190  1
107:   0.1300  0.0740  0.0810  0.4860  0.1280  0.1010  1
108:   0.2997  0.3107  0.0070  0.0130  0.1818  0.1878  1
109:   0.0340  0.0650  0.0170  0.7770  0.0480  0.0590  1
110:   0.2360  0.0780  0.0070  0.0380  0.4740  0.1670  1
111:   0.1070  0.0730  0.4590  0.0580  0.1790  0.1240  1
112:   0.3263  0.0521  0.0060  0.0350  0.4224  0.1582  1
113:   0.1330  0.3420  0.0150  0.0280  0.2240  0.2580  1
114:   0.1360  0.0860  0.0710  0.4400  0.1450  0.1220  1
115:   0.2693  0.2312  0.0080  0.0270  0.2472  0.2172  1
116:   0.0400  0.5506  0.0060  0.0200  0.1201  0.2633  1
117:   0.3110  0.3010  0.0040  0.0140  0.2030  0.1670  1
118:   0.3037  0.1728  0.0120  0.0140  0.1918  0.3057  1
119:   0.1600  0.3600  0.0070  0.0130  0.2030  0.2570  1
120:   0.0661  0.5095  0.0230  0.0100  0.1301  0.2613  1
121:   0.3140  0.1860  0.0100  0.0140  0.2880  0.1880  1
122:   0.1510  0.3470  0.0090  0.0430  0.2200  0.2300  1
123:   0.1692  0.2853  0.0080  0.0501  0.2673  0.2202  1
124:   0.0811  0.4635  0.0260  0.0120  0.1502  0.2673  1
125:   0.2843  0.2703  0.0070  0.0130  0.2232  0.2022  1
126:   0.3473  0.2012  0.0070  0.0080  0.2322  0.2042  1
127:   0.3160  0.3430  0.0040  0.0080  0.1590  0.1700  1
128:   0.1850  0.2050  0.0140  0.0760  0.3030  0.2170  1
129:   0.2663  0.1061  0.0080  0.0611  0.3614  0.1972  1
130:   0.2720  0.2740  0.0120  0.0710  0.1930  0.1780  1
131:   0.1900  0.2880  0.0080  0.1660  0.1780  0.1700  1
132:   0.3150  0.2880  0.0130  0.0190  0.1650  0.2000  1
133:   0.1060  0.4610  0.0090  0.0120  0.1550  0.2570  1
134:   0.1479  0.3836  0.0180  0.0220  0.1708  0.2577  1
135:   0.1720  0.3010  0.0060  0.0520  0.2530  0.2160  1
136:   0.1199  0.4186  0.0070  0.0589  0.1598  0.2358  1
137:   0.0180  0.5180  0.0100  0.0100  0.1450  0.2990  1
138:   0.1089  0.1668  0.0080  0.4326  0.1518  0.1319  1
139:   0.2890  0.3490  0.0060  0.0080  0.1630  0.1850  1
140:   0.0420  0.5105  0.0050  0.0400  0.1269  0.2757  1
141:   0.1673  0.4098  0.0080  0.0251  0.1774  0.2124  1
142:   0.3140  0.1560  0.0090  0.0180  0.3030  0.2000  1
143:   0.3023  0.1451  0.0240  0.0370  0.2593  0.2322  1
144:   0.2268  0.3566  0.0050  0.0500  0.1608  0.2008  1
145:   0.2218  0.3307  0.0060  0.0230  0.1908  0.2278  1
146:   0.1600  0.0770  0.0060  0.3170  0.3070  0.1330  1
147:   0.1730  0.3370  0.0080  0.0190  0.2500  0.2130  1
148:   0.1470  0.3800  0.0100  0.0340  0.2180  0.2110  1
149:   0.3030  0.3320  0.0040  0.0090  0.1740  0.1780  1
150:   0.1630  0.3010  0.0140  0.1390  0.1590  0.2240  1
151:   0.0910  0.4010  0.0110  0.0940  0.1680  0.2350  1
152:   0.2790  0.1030  0.0040  0.0290  0.4340  0.1510  1
153:   0.1752  0.2482  0.0140  0.0601  0.3023  0.2002  1
154:   0.1319  0.3497  0.0130  0.0150  0.2637  0.2268  1
155:   0.0791  0.4464  0.0911  0.0200  0.1241  0.2392  1
156:   0.0380  0.5455  0.0060  0.0130  0.1211  0.2763  1
157:   0.1540  0.4260  0.0120  0.0110  0.1630  0.2340  1
158:   0.2310  0.1860  0.0980  0.0580  0.2170  0.2100  1
159:   0.1301  0.1381  0.0991  0.1011  0.3664  0.1652  1
160:   0.1450  0.1470  0.0360  0.1300  0.3600  0.1820  1
161:   0.0220  0.4925  0.0080  0.0180  0.1668  0.2927  1
162:   0.0470  0.4550  0.0060  0.0170  0.1940  0.2810  1
163:   0.0170  0.5040  0.0090  0.0070  0.1630  0.3000  1
164:   0.1310  0.2580  0.0240  0.2320  0.1420  0.2130  1
165:   0.0511  0.3944  0.0260  0.1582  0.1421  0.2282  1
166:   0.2350  0.1550  0.0050  0.1500  0.2300  0.2250  1
167:   0.1251  0.4244  0.0110  0.0180  0.1572  0.2643  1
168:   0.0340  0.4880  0.0050  0.0110  0.1730  0.2890  1
169:   0.0230  0.3367  0.0470  0.2757  0.1139  0.2038  1
170:   0.1191  0.2863  0.0050  0.2102  0.1732  0.2062  1
171:   0.0310  0.4865  0.0050  0.0100  0.1702  0.2973  1
172:   0.1281  0.3944  0.0090  0.0280  0.1942  0.2462  1

  1:   0.1738  0.1069  0.4336  0.1029  0.0549  0.1279  1
  2:   0.1778  0.1459  0.3257  0.0889  0.0739  0.1878  1
  3:   0.0789  0.1329  0.0070  0.0589  0.0200  0.7023  1
  4:   0.0340  0.1211  0.0170  0.0340  0.0210  0.7728  1
  5:   0.0370  0.1200  0.0400  0.0280  0.0110  0.7640  1
  6:   0.0140  0.1189  0.0270  0.0370  0.0250  0.7782  1
  7:   0.0260  0.1251  0.0120  0.0380  0.0210  0.7778  1
  8:   0.4740  0.2600  0.0070  0.0360  0.0180  0.2050  1
  9:   0.1660  0.1300  0.1360  0.0580  0.0180  0.4920  1
 10:   0.0771  0.1782  0.0160  0.0531  0.0721  0.6036  1
 11:   0.4740  0.2550  0.0380  0.0320  0.0240  0.1770  1
 12:   0.4960  0.2390  0.0290  0.0830  0.0130  0.1400  1
 13:   0.3117  0.1848  0.1938  0.0480  0.0240  0.2378  1
