1:    0.199 0.085 0.433 0.116 0.068 0.100 1    
2:    0.262 0.091 0.330 0.084 0.085 0.148 1    
3:    0.085 0.292 0.007 0.064 0.051 0.502 1    
4:    0.035 0.322 0.018 0.023 0.057 0.546 1    
5:    0.048 0.308 0.043 0.017 0.049 0.534 1    
6:    0.022 0.342 0.026 0.007 0.060 0.543 1    
7:    0.031 0.325 0.011 0.016 0.057 0.560 1    
8:    0.813 0.052 0.007 0.012 0.031 0.086 1    
9:    0.211 0.180 0.135 0.073 0.042 0.357 1    
10:   0.123 0.289 0.016 0.027 0.083 0.461 1    
11:   0.799 0.041 0.039 0.022 0.027 0.072 1    
12:   0.781 0.025 0.027 0.098 0.017 0.051 1    
13:   0.514 0.076 0.195 0.049 0.044 0.123 1    
14:   0.097 0.264 0.010 0.072 0.210 0.348 1    
15:   0.314 0.180 0.023 0.172 0.061 0.249 1    
16:   0.007 0.008 0.962 0.008 0.007 0.008 1    
17:   0.018 0.010 0.007 0.945 0.010 0.010 1    
18:   0.006 0.005 0.975 0.004 0.005 0.005 1    
19:   0.063 0.015 0.009 0.877 0.017 0.018 1    
20:   0.007 0.008 0.965 0.005 0.008 0.008 1    
21:   0.009 0.017 0.930 0.016 0.018 0.011 1    
22:   0.373 0.110 0.015 0.016 0.243 0.244 1    
23:   0.020 0.033 0.013 0.854 0.043 0.037 1    
24:   0.028 0.104 0.036 0.618 0.091 0.122 1    
25:   0.310 0.140 0.179 0.134 0.083 0.155 1    
26:   0.056 0.085 0.021 0.486 0.167 0.184 1    
27:   0.116 0.115 0.009 0.489 0.175 0.096 1    
28:   0.010 0.010 0.949 0.009 0.011 0.011 1    
29:   0.023 0.041 0.009 0.817 0.068 0.043 1    
30:   0.007 0.012 0.947 0.012 0.010 0.013 1    
31:   0.077 0.204 0.030 0.130 0.222 0.337 1    
32:   0.020 0.017 0.919 0.008 0.016 0.019 1    
33:   0.548 0.087 0.008 0.132 0.080 0.145 1    
34:   0.013 0.029 0.005 0.903 0.032 0.019 1    
35:   0.015 0.345 0.016 0.011 0.106 0.507 1    
36:   0.017 0.125 0.007 0.543 0.198 0.109 1    
37:   0.013 0.012 0.941 0.010 0.010 0.013 1    
38:   0.041 0.166 0.007 0.012 0.447 0.327 1    
39:   0.012 0.012 0.004 0.943 0.012 0.016 1    
40:   0.114 0.058 0.011 0.451 0.152 0.214 1    
41:   0.171 0.227 0.011 0.078 0.209 0.305 1    
42:   0.004 0.006 0.973 0.005 0.006 0.005 1    
43:   0.066 0.200 0.113 0.280 0.199 0.144 1    
44:   0.070 0.088 0.008 0.618 0.099 0.116 1    
45:   0.399 0.177 0.005 0.098 0.084 0.237 1    
46:   0.010 0.013 0.007 0.918 0.024 0.028 1    
47:   0.115 0.170 0.010 0.032 0.347 0.326 1    
48:   0.018 0.013 0.931 0.007 0.016 0.015 1    
49:   0.009 0.012 0.004 0.953 0.010 0.012 1    
50:   0.018 0.044 0.006 0.824 0.027 0.081 1    
51:   0.029 0.029 0.005 0.865 0.016 0.055 1    
52:   0.008 0.017 0.011 0.933 0.018 0.013 1    
53:   0.204 0.078 0.528 0.056 0.068 0.065 1    
54:   0.031 0.039 0.014 0.837 0.018 0.061 1    
55:   0.178 0.247 0.011 0.027 0.153 0.384 1    
56:   0.219 0.215 0.006 0.020 0.184 0.357 1    
57:   0.061 0.240 0.009 0.046 0.356 0.288 1    
58:   0.005 0.007 0.970 0.005 0.006 0.006 1    
59:   0.009 0.038 0.884 0.011 0.046 0.012 1    
60:   0.046 0.020 0.009 0.855 0.026 0.044 1    
61:   0.013 0.015 0.005 0.936 0.013 0.018 1    
62:   0.042 0.266 0.007 0.128 0.138 0.419 1    
63:   0.085 0.330 0.004 0.068 0.335 0.179 1    
64:   0.685 0.019 0.023 0.215 0.019 0.038 1    
65:   0.007 0.014 0.953 0.005 0.010 0.011 1    
66:   0.015 0.017 0.925 0.010 0.018 0.015 1    
67:   0.011 0.021 0.866 0.052 0.017 0.033 1    
68:   0.258 0.083 0.021 0.393 0.098 0.147 1    
69:   0.068 0.178 0.006 0.035 0.375 0.337 1    
70:   0.189 0.110 0.005 0.263 0.252 0.181 1    
71:   0.013 0.352 0.008 0.020 0.123 0.484 1    
72:   0.069 0.142 0.019 0.035 0.381 0.353 1    
73:   0.007 0.009 0.954 0.009 0.008 0.012 1    
74:   0.622 0.079 0.030 0.025 0.129 0.116 1    
75:   0.015 0.026 0.005 0.882 0.043 0.030 1    
76:   0.005 0.007 0.969 0.007 0.007 0.006 1    
77:   0.007 0.009 0.961 0.006 0.008 0.009 1    
78:   0.011 0.018 0.014 0.916 0.016 0.025 1    
79:   0.007 0.011 0.944 0.018 0.011 0.010 1    
80:   0.296 0.019 0.045 0.585 0.013 0.042 1    
81:   0.049 0.135 0.004 0.018 0.440 0.354 1    
82:   0.026 0.026 0.004 0.900 0.024 0.021 1    
83:   0.031 0.076 0.013 0.712 0.023 0.144 1    
84:   0.008 0.008 0.964 0.005 0.008 0.008 1    
85:   0.046 0.245 0.246 0.060 0.201 0.202 1    
86:   0.018 0.118 0.013 0.142 0.371 0.338 1    
87:   0.016 0.201 0.006 0.016 0.499 0.262 1    
88:   0.053 0.265 0.021 0.307 0.228 0.126 1    
89:   0.038 0.344 0.015 0.054 0.214 0.335 1    
90:   0.646 0.094 0.008 0.062 0.076 0.113 1    
91:   0.110 0.196 0.014 0.043 0.421 0.217 1    
92:   0.010 0.081 0.009 0.381 0.321 0.198 1    
93:   0.051 0.240 0.006 0.012 0.292 0.398 1    
94:   0.919 0.022 0.006 0.011 0.013 0.028 1    
95:   0.059 0.296 0.016 0.093 0.373 0.164 1    
96:   0.010 0.022 0.038 0.878 0.026 0.027 1    
97:   0.021 0.054 0.014 0.739 0.064 0.107 1    
98:   0.016 0.019 0.913 0.017 0.018 0.017 1    
99:   0.854 0.028 0.025 0.022 0.026 0.044 1    
100:  0.046 0.332 0.037 0.022 0.100 0.463 1    
101:  0.109 0.248 0.012 0.008 0.217 0.406 1    
102:  0.033 0.036 0.005 0.806 0.059 0.060 1    
103:  0.091 0.279 0.029 0.097 0.055 0.449 1    
104:  0.011 0.347 0.027 0.010 0.093 0.512 1    
105:  0.138 0.240 0.012 0.020 0.243 0.346 1    
106:  0.020 0.018 0.914 0.014 0.011 0.023 1    
107:  0.132 0.068 0.082 0.500 0.072 0.146 1    
108:  0.840 0.053 0.007 0.015 0.030 0.055 1    
109:  0.023 0.082 0.017 0.766 0.064 0.047 1    
110:  0.012 0.129 0.007 0.070 0.490 0.292 1    
111:  0.046 0.091 0.473 0.065 0.176 0.148 1    
112:  0.098 0.120 0.006 0.036 0.360 0.380 1    
113:  0.060 0.341 0.017 0.031 0.385 0.165 1    
114:  0.057 0.124 0.069 0.438 0.137 0.174 1    
115:  0.264 0.260 0.008 0.023 0.229 0.215 1    
116:  0.047 0.488 0.006 0.020 0.407 0.031 1    
117:  0.866 0.038 0.004 0.014 0.036 0.042 1    
118:  0.199 0.272 0.012 0.017 0.059 0.441 1    
119:  0.079 0.378 0.007 0.014 0.346 0.176 1    
120:  0.067 0.479 0.022 0.010 0.361 0.061 1    
121:  0.320 0.169 0.010 0.015 0.235 0.250 1    
122:  0.079 0.345 0.009 0.042 0.358 0.168 1    
123:  0.024 0.303 0.009 0.054 0.420 0.191 1    
124:  0.068 0.425 0.026 0.012 0.380 0.089 1    
125:  0.677 0.090 0.007 0.014 0.116 0.095 1    
126:  0.463 0.178 0.007 0.009 0.120 0.223 1    
127:  0.926 0.034 0.004 0.008 0.016 0.012 1    
128:  0.163 0.205 0.013 0.068 0.282 0.270 1    
129:  0.018 0.181 0.008 0.062 0.418 0.313 1    
130:  0.535 0.153 0.010 0.073 0.127 0.102 1    
131:  0.436 0.170 0.008 0.163 0.126 0.097 1    
132:  0.836 0.043 0.013 0.019 0.018 0.071 1    
133:  0.111 0.427 0.008 0.013 0.321 0.119 1    
134:  0.059 0.439 0.017 0.022 0.278 0.185 1    
135:  0.037 0.304 0.006 0.057 0.411 0.185 1    
136:  0.233 0.341 0.008 0.060 0.276 0.081 1    
137:  0.015 0.433 0.010 0.011 0.515 0.016 1    
138:  0.165 0.143 0.008 0.438 0.145 0.100 1    
139:  0.821 0.079 0.007 0.009 0.053 0.031 1    
140:  0.048 0.462 0.005 0.035 0.406 0.044 1    
141:  0.326 0.299 0.008 0.026 0.239 0.102 1    
142:  0.227 0.217 0.008 0.019 0.250 0.279 1    
143:  0.219 0.216 0.024 0.032 0.214 0.294 1    
144:  0.559 0.178 0.004 0.055 0.125 0.078 1    
145:  0.357 0.274 0.006 0.025 0.170 0.168 1    
146:  0.035 0.090 0.006 0.356 0.276 0.236 1    
147:  0.078 0.349 0.007 0.018 0.364 0.184 1    
148:  0.151 0.337 0.010 0.034 0.337 0.132 1    
149:  0.888 0.046 0.004 0.009 0.033 0.019 1    
150:  0.232 0.294 0.013 0.131 0.204 0.126 1    
151:  0.062 0.394 0.011 0.079 0.364 0.089 1    
152:  0.095 0.141 0.004 0.032 0.438 0.291 1    
153:  0.012 0.240 0.015 0.066 0.460 0.207 1    
154:  0.019 0.312 0.014 0.016 0.487 0.152 1    
155:  0.045 0.434 0.085 0.017 0.311 0.108 1    
156:  0.042 0.490 0.007 0.013 0.422 0.026 1    
157:  0.331 0.315 0.013 0.010 0.261 0.070 1    
158:  0.127 0.240 0.095 0.060 0.164 0.313 1    
159:  0.027 0.157 0.102 0.134 0.360 0.221 1    
160:  0.048 0.183 0.039 0.162 0.342 0.226 1    
161:  0.012 0.397 0.007 0.021 0.539 0.024 1    
162:  0.014 0.356 0.006 0.016 0.554 0.054 1    
163:  0.009 0.404 0.009 0.009 0.550 0.018 1    
164:  0.063 0.300 0.025 0.224 0.212 0.175 1    
165:  0.027 0.366 0.027 0.173 0.341 0.066 1    
166:  0.085 0.233 0.005 0.142 0.209 0.326 1    
167:  0.026 0.437 0.010 0.018 0.373 0.135 1    
168:  0.031 0.399 0.005 0.013 0.513 0.039 1    
169:  0.008 0.287 0.047 0.276 0.345 0.036 1    
170:  0.058 0.286 0.005 0.208 0.289 0.154 1    
171:  0.010 0.392 0.006 0.011 0.547 0.034 1    
172:  0.049 0.405 0.009 0.028 0.363 0.147 1    
                       
                       
1:    0.154 0.084 0.090 0.135 0.110 0.426 1    
2:    0.188 0.133 0.106 0.155 0.092 0.326 1    
3:    0.164 0.061 0.443 0.261 0.063 0.007 1    
4:    0.158 0.051 0.482 0.267 0.023 0.019 1    
5:    0.158 0.050 0.459 0.269 0.020 0.043 1    
6:    0.158 0.046 0.482 0.280 0.008 0.026 1    
7:    0.162 0.053 0.484 0.272 0.018 0.012 1    
8:    0.393 0.249 0.075 0.265 0.010 0.007 1    
9:    0.182 0.098 0.265 0.227 0.083 0.144 1    
10:   0.178 0.115 0.405 0.255 0.029 0.018 1    
11:   0.404 0.236 0.050 0.254 0.021 0.035 1    
12:   0.383 0.220 0.034 0.234 0.099 0.031 1    
13:   0.287 0.147 0.107 0.216 0.047 0.196 1    
14:   0.167 0.180 0.321 0.248 0.074 0.009 1    
15:   0.231 0.107 0.233 0.227 0.180 0.022 1    
16:   0.007 0.008 0.009 0.008 0.007 0.962 1    
17:   0.014 0.012 0.008 0.012 0.947 0.007 1    
18:   0.006 0.005 0.005 0.005 0.004 0.975 1    
19:   0.035 0.029 0.013 0.030 0.884 0.009 1    
20:   0.008 0.007 0.008 0.008 0.005 0.964 1    
21:   0.012 0.014 0.013 0.012 0.015 0.933 1    
22:   0.254 0.388 0.116 0.210 0.016 0.016 1    
23:   0.027 0.041 0.036 0.040 0.844 0.013 1    
24:   0.068 0.086 0.125 0.098 0.587 0.037 1    
25:   0.212 0.139 0.135 0.186 0.141 0.187 1    
26:   0.072 0.174 0.122 0.105 0.505 0.023 1    
27:   0.125 0.178 0.096 0.114 0.478 0.009 1    
28:   0.009 0.012 0.010 0.010 0.009 0.950 1    
29:   0.031 0.051 0.040 0.037 0.832 0.009 1    
30:   0.009 0.009 0.013 0.011 0.012 0.947 1    
31:   0.139 0.220 0.263 0.203 0.144 0.032 1    
32:   0.019 0.019 0.018 0.018 0.007 0.918 1    
33:   0.307 0.222 0.099 0.216 0.147 0.009 1    
34:   0.021 0.029 0.028 0.024 0.893 0.005 1    
35:   0.140 0.052 0.489 0.294 0.010 0.016 1    
36:   0.077 0.170 0.141 0.093 0.511 0.008 1    
37:   0.013 0.011 0.011 0.013 0.009 0.943 1    
38:   0.091 0.475 0.247 0.169 0.011 0.008 1    
39:   0.012 0.012 0.015 0.014 0.943 0.004 1    
40:   0.114 0.161 0.095 0.112 0.507 0.011 1    
41:   0.205 0.226 0.246 0.223 0.089 0.011 1    
42:   0.006 0.005 0.006 0.006 0.005 0.972 1    
43:   0.135 0.154 0.165 0.157 0.276 0.113 1    
44:   0.079 0.092 0.080 0.087 0.653 0.008 1    
45:   0.258 0.157 0.223 0.252 0.104 0.005 1    
46:   0.013 0.018 0.016 0.017 0.928 0.008 1    
47:   0.148 0.411 0.213 0.184 0.033 0.011 1    
48:   0.013 0.016 0.014 0.014 0.008 0.935 1    
49:   0.010 0.009 0.011 0.011 0.954 0.005 1    
50:   0.026 0.025 0.057 0.044 0.841 0.006 1    
51:   0.030 0.018 0.038 0.037 0.872 0.006 1    
52:   0.014 0.018 0.017 0.016 0.924 0.011 1    
53:   0.142 0.094 0.063 0.112 0.060 0.529 1    
54:   0.032 0.021 0.040 0.039 0.853 0.014 1    
55:   0.203 0.175 0.322 0.264 0.027 0.010 1    
56:   0.181 0.225 0.310 0.257 0.020 0.006 1    
57:   0.188 0.316 0.231 0.211 0.044 0.011 1    
58:   0.006 0.006 0.006 0.006 0.006 0.970 1    
59:   0.016 0.030 0.037 0.026 0.010 0.881 1    
60:   0.033 0.038 0.021 0.035 0.864 0.009 1    
61:   0.016 0.014 0.017 0.017 0.931 0.005 1    
62:   0.140 0.124 0.369 0.238 0.122 0.007 1    
63:   0.269 0.227 0.202 0.234 0.064 0.004 1    
64:   0.322 0.192 0.023 0.193 0.249 0.022 1    
65:   0.015 0.008 0.012 0.012 0.006 0.948 1    
66:   0.016 0.018 0.017 0.017 0.010 0.921 1    
67:   0.017 0.016 0.024 0.023 0.051 0.869 1    
68:   0.159 0.129 0.110 0.160 0.420 0.023 1    
69:   0.116 0.394 0.254 0.198 0.031 0.007 1    
70:   0.152 0.310 0.137 0.158 0.237 0.006 1    
71:   0.150 0.066 0.466 0.290 0.020 0.009 1    
72:   0.105 0.402 0.240 0.194 0.038 0.020 1    
73:   0.008 0.008 0.011 0.009 0.010 0.953 1    
74:   0.333 0.292 0.075 0.248 0.021 0.031 1    
75:   0.023 0.028 0.033 0.027 0.885 0.005 1    
76:   0.006 0.006 0.006 0.006 0.006 0.970 1    
77:   0.008 0.009 0.008 0.009 0.007 0.960 1    
78:   0.014 0.013 0.019 0.014 0.926 0.013 1    
79:   0.009 0.010 0.011 0.009 0.019 0.942 1    
80:   0.159 0.088 0.029 0.096 0.588 0.041 1    
81:   0.097 0.481 0.231 0.169 0.018 0.005 1    
82:   0.029 0.022 0.022 0.024 0.898 0.004 1    
83:   0.043 0.028 0.089 0.066 0.761 0.014 1    
84:   0.008 0.008 0.009 0.008 0.005 0.962 1    
85:   0.138 0.145 0.210 0.196 0.064 0.246 1    
86:   0.080 0.400 0.241 0.142 0.121 0.015 1    
87:   0.100 0.460 0.258 0.160 0.015 0.007 1    
88:   0.147 0.132 0.202 0.175 0.320 0.023 1    
89:   0.168 0.115 0.388 0.271 0.043 0.014 1    
90:   0.345 0.221 0.100 0.253 0.073 0.008 1    
91:   0.169 0.387 0.195 0.198 0.039 0.013 1    
92:   0.049 0.365 0.184 0.099 0.294 0.008 1    
93:   0.120 0.298 0.337 0.227 0.011 0.006 1    
94:   0.428 0.254 0.030 0.273 0.010 0.006 1    
95:   0.170 0.271 0.267 0.197 0.078 0.017 1    
96:   0.015 0.024 0.018 0.021 0.881 0.040 1    
97:   0.047 0.063 0.065 0.058 0.753 0.013 1    
98:   0.019 0.018 0.018 0.018 0.017 0.910 1    
99:   0.412 0.256 0.029 0.256 0.021 0.027 1    
100:  0.181 0.070 0.419 0.270 0.024 0.036 1    
101:  0.156 0.242 0.336 0.246 0.008 0.012 1    
102:  0.037 0.064 0.042 0.037 0.816 0.005 1    
103:  0.167 0.077 0.382 0.241 0.103 0.031 1    
104:  0.139 0.040 0.489 0.293 0.011 0.028 1    
105:  0.212 0.249 0.267 0.241 0.019 0.012 1    
106:  0.019 0.015 0.019 0.019 0.013 0.915 1    
107:  0.118 0.102 0.092 0.108 0.496 0.084 1    
108:  0.408 0.256 0.044 0.271 0.015 0.007 1    
109:  0.057 0.038 0.056 0.052 0.781 0.017 1    
110:  0.061 0.503 0.255 0.136 0.038 0.007 1    
111:  0.058 0.201 0.134 0.085 0.046 0.474 1    
112:  0.134 0.414 0.204 0.194 0.047 0.006 1    
113:  0.187 0.257 0.266 0.243 0.030 0.017 1    
114:  0.094 0.123 0.138 0.123 0.444 0.077 1    
115:  0.275 0.243 0.212 0.235 0.027 0.008 1    
116:  0.320 0.147 0.229 0.279 0.019 0.006 1    
117:  0.412 0.265 0.032 0.273 0.014 0.004 1    
118:  0.230 0.121 0.362 0.258 0.016 0.013 1    
119:  0.243 0.207 0.248 0.280 0.015 0.007 1    
120:  0.318 0.134 0.232 0.286 0.010 0.020 1    
121:  0.250 0.316 0.175 0.232 0.016 0.011 1    
122:  0.211 0.239 0.258 0.240 0.043 0.009 1    
123:  0.177 0.309 0.235 0.212 0.059 0.009 1    
124:  0.233 0.195 0.260 0.273 0.014 0.026 1    
125:  0.366 0.271 0.083 0.260 0.013 0.007 1    
126:  0.294 0.221 0.200 0.270 0.008 0.007 1    
127:  0.451 0.252 0.022 0.261 0.010 0.004 1    
128:  0.254 0.249 0.188 0.230 0.065 0.014 1    
129:  0.082 0.425 0.264 0.168 0.053 0.008 1    
130:  0.338 0.220 0.108 0.253 0.070 0.011 1    
131:  0.325 0.172 0.114 0.230 0.151 0.007 1    
132:  0.424 0.236 0.059 0.250 0.018 0.013 1    
133:  0.284 0.155 0.273 0.269 0.011 0.009 1    
134:  0.304 0.114 0.268 0.276 0.020 0.017 1    
135:  0.175 0.305 0.253 0.207 0.055 0.006 1    
136:  0.337 0.171 0.171 0.258 0.056 0.007 1    
137:  0.116 0.295 0.329 0.237 0.011 0.011 1    
138:  0.165 0.140 0.112 0.143 0.431 0.008 1    
139:  0.444 0.240 0.046 0.256 0.009 0.006 1    
140:  0.279 0.170 0.246 0.261 0.038 0.005 1    
141:  0.326 0.198 0.174 0.267 0.027 0.008 1    
142:  0.239 0.293 0.205 0.238 0.018 0.008 1    
143:  0.206 0.240 0.253 0.240 0.038 0.022 1    
144:  0.385 0.211 0.109 0.241 0.050 0.004 1    
145:  0.342 0.178 0.193 0.258 0.023 0.006 1    
146:  0.085 0.302 0.159 0.126 0.322 0.006 1    
147:  0.278 0.261 0.203 0.234 0.018 0.007 1    
148:  0.275 0.248 0.202 0.232 0.033 0.010 1    
149:  0.427 0.260 0.026 0.273 0.009 0.004 1    
150:  0.294 0.146 0.181 0.238 0.127 0.014 1    
151:  0.260 0.181 0.222 0.250 0.075 0.012 1    
152:  0.121 0.460 0.209 0.173 0.033 0.004 1    
153:  0.099 0.380 0.262 0.184 0.062 0.014 1    
154:  0.125 0.370 0.274 0.205 0.015 0.012 1    
155:  0.279 0.116 0.229 0.266 0.017 0.093 1    
156:  0.313 0.159 0.225 0.281 0.015 0.007 1    
157:  0.352 0.188 0.158 0.281 0.011 0.011 1    
158:  0.204 0.149 0.263 0.228 0.057 0.100 1    
159:  0.086 0.375 0.223 0.143 0.081 0.092 1    
160:  0.118 0.352 0.214 0.160 0.117 0.040 1    
161:  0.079 0.325 0.344 0.222 0.023 0.007 1    
162:  0.085 0.346 0.329 0.218 0.016 0.006 1    
163:  0.080 0.330 0.347 0.227 0.008 0.007 1    
164:  0.214 0.119 0.208 0.205 0.229 0.024 1    
165:  0.210 0.180 0.199 0.213 0.168 0.030 1    
166:  0.146 0.179 0.312 0.209 0.150 0.005 1    
167:  0.271 0.182 0.264 0.253 0.019 0.011 1    
168:  0.110 0.325 0.326 0.219 0.014 0.005 1    
169:  0.075 0.193 0.221 0.162 0.299 0.049 1    
170:  0.224 0.181 0.182 0.196 0.212 0.005 1    
171:  0.094 0.327 0.341 0.221 0.010 0.005 1    
172:  0.281 0.211 0.220 0.249 0.030 0.008 1    
                       
                       
1:    0.056 0.174 0.083 0.110 0.150 0.427 1    
2:    0.066 0.220 0.099 0.078 0.213 0.324 1    
3:    0.018 0.279 0.393 0.063 0.241 0.006 1    
4:    0.019 0.271 0.446 0.027 0.219 0.019 1    
5:    0.014 0.273 0.427 0.019 0.226 0.040 1    
6:    0.046 0.229 0.488 0.008 0.195 0.034 1    
7:    0.026 0.273 0.444 0.019 0.227 0.011 1    
8:    0.029 0.417 0.142 0.009 0.394 0.007 1    
9:    0.021 0.301 0.240 0.065 0.250 0.123 1    
10:   0.068 0.227 0.453 0.027 0.207 0.017 1    
11:   0.039 0.438 0.055 0.024 0.408 0.035 1    
12:   0.030 0.433 0.029 0.092 0.388 0.028 1    
13:   0.033 0.350 0.104 0.048 0.284 0.181 1    
14:   0.096 0.182 0.438 0.080 0.194 0.010 1    
15:   0.046 0.297 0.260 0.169 0.204 0.024 1    
16:   0.007 0.007 0.009 0.007 0.007 0.963 1    
17:   0.010 0.014 0.009 0.949 0.012 0.006 1    
18:   0.005 0.006 0.005 0.004 0.005 0.975 1    
19:   0.019 0.046 0.016 0.878 0.033 0.009 1    
20:   0.007 0.008 0.008 0.005 0.007 0.965 1    
21:   0.017 0.011 0.012 0.015 0.012 0.933 1    
22:   0.235 0.250 0.144 0.016 0.339 0.016 1    
23:   0.053 0.030 0.036 0.831 0.036 0.015 1    
24:   0.096 0.073 0.120 0.599 0.071 0.041 1    
25:   0.085 0.257 0.119 0.116 0.245 0.178 1    
26:   0.145 0.077 0.139 0.509 0.108 0.022 1    
27:   0.201 0.110 0.077 0.483 0.121 0.008 1    
28:   0.010 0.010 0.011 0.010 0.011 0.948 1    
29:   0.088 0.028 0.035 0.812 0.029 0.008 1    
30:   0.008 0.009 0.014 0.011 0.009 0.949 1    
31:   0.242 0.156 0.250 0.124 0.196 0.033 1    
32:   0.017 0.019 0.017 0.008 0.020 0.918 1    
33:   0.061 0.342 0.128 0.143 0.319 0.008 1    
34:   0.046 0.017 0.022 0.890 0.019 0.005 1    
35:   0.038 0.181 0.589 0.010 0.165 0.017 1    
36:   0.271 0.045 0.092 0.506 0.078 0.008 1    
37:   0.009 0.012 0.015 0.010 0.015 0.940 1    
38:   0.441 0.049 0.300 0.012 0.190 0.008 1    
39:   0.011 0.012 0.014 0.947 0.011 0.004 1    
40:   0.119 0.109 0.098 0.512 0.151 0.012 1    
41:   0.144 0.204 0.319 0.089 0.232 0.011 1    
42:   0.006 0.005 0.006 0.005 0.005 0.973 1    
43:   0.204 0.152 0.138 0.257 0.128 0.121 1    
44:   0.072 0.084 0.098 0.660 0.078 0.008 1    
45:   0.059 0.282 0.301 0.103 0.249 0.005 1    
46:   0.014 0.013 0.015 0.939 0.013 0.007 1    
47:   0.348 0.148 0.198 0.034 0.262 0.010 1    
48:   0.016 0.014 0.013 0.008 0.016 0.935 1    
49:   0.010 0.010 0.010 0.956 0.009 0.005 1    
50:   0.024 0.039 0.053 0.846 0.032 0.006 1    
51:   0.015 0.032 0.039 0.881 0.027 0.005 1    
52:   0.020 0.012 0.014 0.930 0.014 0.011 1    
53:   0.077 0.140 0.061 0.059 0.137 0.526 1    
54:   0.018 0.051 0.049 0.840 0.030 0.013 1    
55:   0.073 0.198 0.430 0.026 0.263 0.010 1    
56:   0.079 0.185 0.458 0.019 0.254 0.006 1    
57:   0.234 0.143 0.380 0.042 0.192 0.009 1    
58:   0.006 0.007 0.006 0.006 0.006 0.970 1    
59:   0.052 0.012 0.018 0.011 0.015 0.893 1    
60:   0.023 0.038 0.026 0.868 0.035 0.009 1    
61:   0.011 0.017 0.017 0.937 0.014 0.004 1    
62:   0.093 0.167 0.428 0.127 0.178 0.008 1    
63:   0.255 0.231 0.260 0.058 0.192 0.004 1    
64:   0.032 0.367 0.030 0.212 0.338 0.021 1    
65:   0.010 0.012 0.012 0.006 0.010 0.950 1    
66:   0.019 0.016 0.017 0.011 0.016 0.922 1    
67:   0.015 0.018 0.027 0.055 0.020 0.865 1    
68:   0.055 0.189 0.142 0.400 0.194 0.021 1    
69:   0.284 0.098 0.370 0.036 0.205 0.006 1    
70:   0.313 0.144 0.110 0.233 0.195 0.005 1    
71:   0.076 0.189 0.552 0.017 0.158 0.008 1    
72:   0.330 0.113 0.301 0.041 0.197 0.019 1    
73:   0.008 0.009 0.012 0.010 0.008 0.953 1    
74:   0.155 0.339 0.094 0.023 0.359 0.030 1    
75:   0.038 0.021 0.029 0.884 0.024 0.005 1    
76:   0.007 0.006 0.006 0.007 0.006 0.968 1    
77:   0.008 0.008 0.009 0.006 0.008 0.960 1    
78:   0.012 0.015 0.021 0.924 0.015 0.013 1    
79:   0.011 0.009 0.010 0.020 0.008 0.941 1    
80:   0.020 0.203 0.027 0.519 0.193 0.038 1    
81:   0.421 0.057 0.307 0.018 0.192 0.004 1    
82:   0.019 0.030 0.021 0.900 0.026 0.004 1    
83:   0.019 0.078 0.106 0.733 0.050 0.014 1    
84:   0.008 0.007 0.008 0.005 0.008 0.963 1    
85:   0.210 0.152 0.190 0.061 0.136 0.252 1    
86:   0.444 0.054 0.191 0.136 0.161 0.015 1    
87:   0.582 0.057 0.187 0.017 0.150 0.006 1    
88:   0.242 0.155 0.137 0.310 0.133 0.022 1    
89:   0.168 0.162 0.447 0.044 0.165 0.014 1    
90:   0.063 0.373 0.159 0.076 0.320 0.010 1    
91:   0.435 0.147 0.179 0.042 0.184 0.013 1    
92:   0.432 0.014 0.118 0.324 0.104 0.009 1    
93:   0.177 0.105 0.493 0.011 0.207 0.006 1    
94:   0.030 0.475 0.046 0.011 0.432 0.006 1    
95:   0.435 0.139 0.169 0.072 0.170 0.016 1    
96:   0.029 0.013 0.020 0.882 0.016 0.040 1    
97:   0.060 0.053 0.072 0.752 0.050 0.013 1    
98:   0.020 0.018 0.016 0.015 0.017 0.913 1    
99:   0.047 0.443 0.040 0.020 0.426 0.024 1    
100:  0.062 0.217 0.458 0.024 0.199 0.041 1    
101:  0.105 0.149 0.497 0.008 0.230 0.011 1    
102:  0.048 0.035 0.046 0.826 0.040 0.005 1    
103:  0.044 0.209 0.434 0.097 0.185 0.032 1    
104:  0.036 0.188 0.581 0.011 0.151 0.033 1    
105:  0.160 0.187 0.392 0.019 0.230 0.012 1    
106:  0.010 0.021 0.023 0.013 0.021 0.912 1    
107:  0.053 0.147 0.107 0.449 0.160 0.084 1    
108:  0.050 0.424 0.073 0.014 0.432 0.007 1    
109:  0.058 0.063 0.052 0.767 0.043 0.017 1    
110:  0.576 0.016 0.195 0.055 0.152 0.006 1    
111:  0.224 0.056 0.092 0.050 0.107 0.471 1    
112:  0.248 0.129 0.306 0.050 0.261 0.006 1    
113:  0.409 0.161 0.202 0.027 0.184 0.018 1    
114:  0.116 0.102 0.149 0.456 0.100 0.076 1    
115:  0.186 0.266 0.274 0.028 0.239 0.007 1    
116:  0.328 0.300 0.162 0.020 0.184 0.006 1    
117:  0.061 0.418 0.076 0.014 0.428 0.004 1    
118:  0.068 0.279 0.375 0.017 0.248 0.013 1    
119:  0.293 0.228 0.262 0.015 0.195 0.006 1    
120:  0.286 0.313 0.179 0.010 0.192 0.020 1    
121:  0.185 0.253 0.219 0.015 0.319 0.011 1    
122:  0.348 0.197 0.227 0.046 0.171 0.010 1    
123:  0.445 0.132 0.205 0.058 0.151 0.009 1    
124:  0.386 0.210 0.184 0.013 0.178 0.029 1    
125:  0.124 0.363 0.119 0.013 0.374 0.007 1    
126:  0.069 0.281 0.317 0.008 0.317 0.007 1    
127:  0.053 0.468 0.042 0.010 0.424 0.004 1    
128:  0.279 0.205 0.184 0.085 0.233 0.014 1    
129:  0.486 0.058 0.246 0.060 0.141 0.008 1    
130:  0.121 0.355 0.139 0.070 0.305 0.011 1    
131:  0.140 0.306 0.135 0.165 0.247 0.007 1    
132:  0.036 0.452 0.062 0.018 0.420 0.012 1    
133:  0.285 0.286 0.209 0.011 0.200 0.009 1    
134:  0.226 0.292 0.240 0.024 0.201 0.017 1    
135:  0.443 0.141 0.191 0.052 0.167 0.006 1    
136:  0.231 0.319 0.168 0.047 0.228 0.006 1    
137:  0.676 0.068 0.133 0.011 0.102 0.011 1    
138:  0.174 0.156 0.113 0.413 0.134 0.009 1    
139:  0.076 0.452 0.075 0.010 0.382 0.005 1    
140:  0.345 0.250 0.161 0.048 0.191 0.005 1    
141:  0.207 0.341 0.159 0.024 0.262 0.008 1    
142:  0.166 0.219 0.322 0.021 0.264 0.008 1    
143:  0.129 0.221 0.331 0.034 0.260 0.024 1    
144:  0.151 0.394 0.111 0.047 0.293 0.005 1    
145:  0.163 0.350 0.203 0.021 0.258 0.006 1    
146:  0.354 0.059 0.132 0.322 0.126 0.006 1    
147:  0.304 0.230 0.246 0.018 0.196 0.007 1    
148:  0.330 0.253 0.156 0.031 0.220 0.010 1    
149:  0.074 0.444 0.049 0.009 0.420 0.004 1    
150:  0.193 0.309 0.167 0.120 0.197 0.014 1    
151:  0.321 0.250 0.163 0.079 0.175 0.011 1    
152:  0.461 0.093 0.212 0.034 0.196 0.004 1    
153:  0.567 0.059 0.170 0.058 0.133 0.013 1    
154:  0.616 0.069 0.156 0.015 0.132 0.012 1    
155:  0.269 0.257 0.182 0.018 0.190 0.084 1    
156:  0.337 0.289 0.161 0.014 0.191 0.008 1    
157:  0.226 0.344 0.167 0.009 0.244 0.010 1    
158:  0.167 0.207 0.268 0.062 0.201 0.095 1    
159:  0.490 0.045 0.148 0.098 0.124 0.094 1    
160:  0.464 0.082 0.154 0.122 0.138 0.038 1    
161:  0.734 0.018 0.128 0.021 0.092 0.007 1    
162:  0.730 0.019 0.132 0.015 0.098 0.006 1    
163:  0.755 0.019 0.123 0.008 0.088 0.007 1    
164:  0.177 0.218 0.200 0.229 0.149 0.026 1    
165:  0.352 0.172 0.139 0.175 0.129 0.033 1    
166:  0.222 0.149 0.311 0.152 0.162 0.005 1    
167:  0.310 0.224 0.283 0.017 0.156 0.011 1    
168:  0.690 0.050 0.132 0.015 0.108 0.005 1    
169:  0.460 0.032 0.094 0.295 0.067 0.052 1    
170:  0.263 0.187 0.188 0.208 0.149 0.006 1    
171:  0.726 0.030 0.136 0.009 0.094 0.005 1    
172:  0.294 0.255 0.223 0.028 0.190 0.009 1    
                       
                       
1:    0.090 0.117 0.107 0.427 0.124 0.134 1    
2:    0.124 0.188 0.085 0.324 0.135 0.145 1    
3:    0.159 0.330 0.059 0.007 0.086 0.358 1    
4:    0.158 0.329 0.024 0.017 0.089 0.382 1    
5:    0.153 0.320 0.017 0.039 0.096 0.375 1    
6:    0.161 0.328 0.008 0.028 0.115 0.360 1    
7:    0.158 0.327 0.019 0.011 0.100 0.385 1    
8:    0.181 0.325 0.011 0.007 0.275 0.200 1    
9:    0.129 0.244 0.076 0.129 0.137 0.286 1    
10:   0.206 0.319 0.028 0.018 0.119 0.310 1    
11:   0.168 0.311 0.026 0.038 0.269 0.188 1    
12:   0.141 0.274 0.122 0.030 0.248 0.185 1    
13:   0.140 0.232 0.041 0.184 0.200 0.202 1    
14:   0.270 0.319 0.074 0.009 0.101 0.227 1    
15:   0.158 0.260 0.182 0.023 0.141 0.236 1    
16:   0.008 0.008 0.007 0.963 0.007 0.008 1    
17:   0.012 0.011 0.948 0.007 0.012 0.010 1    
18:   0.005 0.005 0.004 0.976 0.005 0.005 1    
19:   0.025 0.037 0.872 0.009 0.033 0.024 1    
20:   0.007 0.007 0.005 0.966 0.008 0.007 1    
21:   0.014 0.011 0.014 0.930 0.017 0.014 1    
22:   0.313 0.320 0.019 0.016 0.165 0.167 1    
23:   0.042 0.029 0.852 0.013 0.030 0.034 1    
24:   0.104 0.082 0.609 0.033 0.075 0.097 1    
25:   0.118 0.185 0.133 0.164 0.205 0.195 1    
26:   0.203 0.150 0.471 0.021 0.052 0.103 1    
27:   0.181 0.116 0.451 0.008 0.135 0.108 1    
28:   0.011 0.010 0.009 0.951 0.009 0.010 1    
29:   0.047 0.025 0.830 0.008 0.040 0.051 1    
30:   0.011 0.010 0.011 0.949 0.008 0.011 1    
31:   0.231 0.232 0.140 0.032 0.136 0.229 1    
32:   0.020 0.019 0.007 0.918 0.016 0.019 1    
33:   0.184 0.297 0.148 0.008 0.191 0.172 1    
34:   0.029 0.017 0.888 0.005 0.028 0.033 1    
35:   0.176 0.370 0.010 0.017 0.078 0.349 1    
36:   0.144 0.070 0.518 0.007 0.134 0.127 1    
37:   0.012 0.014 0.009 0.941 0.010 0.014 1    
38:   0.474 0.298 0.011 0.007 0.055 0.156 1    
39:   0.012 0.013 0.946 0.004 0.011 0.014 1    
40:   0.220 0.136 0.462 0.011 0.071 0.100 1    
41:   0.278 0.267 0.087 0.012 0.147 0.209 1    
42:   0.005 0.005 0.005 0.974 0.006 0.005 1    
43:   0.149 0.121 0.274 0.115 0.178 0.163 1    
44:   0.127 0.089 0.624 0.008 0.062 0.090 1    
45:   0.200 0.294 0.099 0.005 0.176 0.225 1    
46:   0.023 0.024 0.914 0.007 0.017 0.015 1    
47:   0.410 0.269 0.027 0.010 0.131 0.153 1    
48:   0.016 0.015 0.008 0.936 0.013 0.012 1    
49:   0.010 0.009 0.954 0.005 0.011 0.011 1    
50:   0.038 0.050 0.826 0.006 0.023 0.058 1    
51:   0.033 0.039 0.862 0.005 0.025 0.035 1    
52:   0.016 0.013 0.929 0.010 0.014 0.018 1    
53:   0.080 0.087 0.056 0.522 0.134 0.122 1    
54:   0.033 0.038 0.837 0.014 0.022 0.056 1    
55:   0.257 0.322 0.029 0.010 0.122 0.261 1    
56:   0.296 0.364 0.020 0.006 0.086 0.228 1    
57:   0.335 0.283 0.042 0.010 0.136 0.193 1    
58:   0.006 0.006 0.005 0.971 0.006 0.007 1    
59:   0.020 0.010 0.011 0.884 0.044 0.031 1    
60:   0.043 0.044 0.847 0.009 0.028 0.030 1    
61:   0.015 0.017 0.932 0.005 0.013 0.019 1    
62:   0.237 0.291 0.129 0.008 0.087 0.249 1    
63:   0.237 0.171 0.069 0.004 0.299 0.219 1    
64:   0.129 0.246 0.280 0.021 0.197 0.128 1    
65:   0.010 0.009 0.006 0.951 0.013 0.011 1    
66:   0.018 0.016 0.011 0.923 0.015 0.018 1    
67:   0.020 0.022 0.057 0.863 0.013 0.027 1    
68:   0.151 0.181 0.408 0.021 0.106 0.132 1    
69:   0.429 0.303 0.028 0.006 0.059 0.175 1    
70:   0.298 0.186 0.233 0.005 0.134 0.144 1    
71:   0.186 0.343 0.019 0.008 0.108 0.336 1    
72:   0.413 0.293 0.035 0.019 0.060 0.181 1    
73:   0.010 0.010 0.009 0.953 0.007 0.010 1    
74:   0.227 0.307 0.025 0.032 0.244 0.166 1    
75:   0.036 0.024 0.876 0.004 0.027 0.032 1    
76:   0.006 0.006 0.007 0.970 0.006 0.006 1    
77:   0.008 0.008 0.007 0.960 0.009 0.008 1    
78:   0.019 0.019 0.917 0.014 0.013 0.018 1    
79:   0.009 0.009 0.018 0.945 0.010 0.009 1    
80:   0.059 0.111 0.610 0.038 0.097 0.086 1    
81:   0.485 0.302 0.015 0.004 0.044 0.148 1    
82:   0.026 0.026 0.887 0.004 0.029 0.029 1    
83:   0.057 0.074 0.749 0.014 0.030 0.075 1    
84:   0.008 0.008 0.005 0.964 0.008 0.008 1    
85:   0.169 0.138 0.062 0.239 0.199 0.194 1    
86:   0.399 0.197 0.139 0.013 0.080 0.172 1    
87:   0.387 0.223 0.017 0.006 0.179 0.189 1    
88:   0.119 0.072 0.307 0.021 0.260 0.221 1    
89:   0.193 0.259 0.050 0.013 0.203 0.283 1    
90:   0.188 0.281 0.072 0.009 0.259 0.192 1    
91:   0.373 0.205 0.039 0.012 0.177 0.194 1    
92:   0.345 0.150 0.310 0.008 0.058 0.128 1    
93:   0.362 0.350 0.012 0.006 0.039 0.232 1    
94:   0.157 0.326 0.011 0.006 0.304 0.196 1    
95:   0.246 0.115 0.089 0.016 0.311 0.223 1    
96:   0.028 0.019 0.879 0.041 0.015 0.018 1    
97:   0.088 0.069 0.720 0.014 0.040 0.069 1    
98:   0.019 0.017 0.016 0.911 0.020 0.018 1    
99:   0.177 0.308 0.025 0.026 0.287 0.177 1    
100:  0.207 0.313 0.023 0.035 0.129 0.293 1    
101:  0.315 0.352 0.008 0.012 0.066 0.246 1    
102:  0.076 0.053 0.792 0.005 0.030 0.044 1    
103:  0.175 0.286 0.103 0.027 0.121 0.289 1    
104:  0.174 0.357 0.011 0.030 0.079 0.349 1    
105:  0.281 0.317 0.021 0.013 0.135 0.234 1    
106:  0.015 0.022 0.015 0.913 0.015 0.019 1    
107:  0.128 0.130 0.486 0.081 0.074 0.101 1    
108:  0.182 0.300 0.013 0.007 0.311 0.188 1    
109:  0.048 0.034 0.777 0.017 0.065 0.059 1    
110:  0.474 0.236 0.038 0.007 0.078 0.167 1    
111:  0.179 0.107 0.058 0.459 0.073 0.124 1    
112:  0.422 0.326 0.035 0.006 0.052 0.158 1    
113:  0.224 0.133 0.028 0.015 0.342 0.258 1    
114:  0.145 0.136 0.440 0.071 0.086 0.122 1    
115:  0.247 0.269 0.027 0.008 0.231 0.217 1    
116:  0.120 0.040 0.020 0.006 0.550 0.263 1    
117:  0.203 0.311 0.014 0.004 0.301 0.167 1    
118:  0.192 0.304 0.014 0.012 0.173 0.306 1    
119:  0.203 0.160 0.013 0.007 0.360 0.257 1    
120:  0.130 0.066 0.010 0.023 0.509 0.261 1    
121:  0.288 0.314 0.014 0.010 0.186 0.188 1    
122:  0.220 0.151 0.043 0.009 0.347 0.230 1    
123:  0.267 0.169 0.050 0.008 0.285 0.220 1    
124:  0.150 0.081 0.012 0.026 0.463 0.267 1    
125:  0.223 0.284 0.013 0.007 0.270 0.202 1    
126:  0.232 0.347 0.008 0.007 0.201 0.204 1    
127:  0.159 0.316 0.008 0.004 0.343 0.170 1    
128:  0.303 0.185 0.076 0.014 0.205 0.217 1    
129:  0.361 0.266 0.061 0.008 0.106 0.197 1    
130:  0.193 0.272 0.071 0.012 0.274 0.178 1    
131:  0.178 0.190 0.166 0.008 0.288 0.170 1    
132:  0.165 0.315 0.019 0.013 0.288 0.200 1    
133:  0.155 0.106 0.012 0.009 0.461 0.257 1    
134:  0.171 0.148 0.022 0.018 0.384 0.258 1    
135:  0.253 0.172 0.052 0.006 0.301 0.216 1    
136:  0.160 0.120 0.059 0.007 0.419 0.236 1    
137:  0.145 0.018 0.010 0.010 0.518 0.299 1    
138:  0.152 0.109 0.433 0.008 0.167 0.132 1    
139:  0.163 0.289 0.008 0.006 0.349 0.185 1    
140:  0.127 0.042 0.040 0.005 0.511 0.276 1    
141:  0.177 0.167 0.025 0.008 0.409 0.212 1    
142:  0.303 0.314 0.018 0.009 0.156 0.200 1    
143:  0.259 0.302 0.037 0.024 0.145 0.232 1    
144:  0.161 0.227 0.050 0.005 0.357 0.201 1    
145:  0.191 0.222 0.023 0.006 0.331 0.228 1    
146:  0.307 0.160 0.317 0.006 0.077 0.133 1    
147:  0.250 0.173 0.019 0.008 0.337 0.213 1    
148:  0.218 0.147 0.034 0.010 0.380 0.211 1    
149:  0.174 0.303 0.009 0.004 0.332 0.178 1    
150:  0.159 0.163 0.139 0.014 0.301 0.224 1    
151:  0.168 0.091 0.094 0.011 0.401 0.235 1    
152:  0.434 0.279 0.029 0.004 0.103 0.151 1    
153:  0.302 0.175 0.060 0.014 0.248 0.200 1    
154:  0.264 0.132 0.015 0.013 0.350 0.227 1    
155:  0.124 0.079 0.020 0.091 0.446 0.239 1    
156:  0.121 0.038 0.013 0.006 0.545 0.276 1    
157:  0.163 0.154 0.011 0.012 0.426 0.234 1    
158:  0.217 0.231 0.058 0.098 0.186 0.210 1    
159:  0.366 0.130 0.101 0.099 0.138 0.165 1    
160:  0.360 0.145 0.130 0.036 0.147 0.182 1    
161:  0.167 0.022 0.018 0.008 0.493 0.293 1    
162:  0.194 0.047 0.017 0.006 0.455 0.281 1    
163:  0.163 0.017 0.007 0.009 0.504 0.300 1    
164:  0.142 0.131 0.232 0.024 0.258 0.213 1    
165:  0.142 0.051 0.158 0.026 0.394 0.228 1    
166:  0.230 0.235 0.150 0.005 0.155 0.225 1    
167:  0.157 0.125 0.018 0.011 0.424 0.264 1    
168:  0.173 0.034 0.011 0.005 0.488 0.289 1    
169:  0.114 0.023 0.276 0.047 0.337 0.204 1    
170:  0.173 0.119 0.210 0.005 0.286 0.206 1    
171:  0.170 0.031 0.010 0.005 0.486 0.297 1    
172:  0.194 0.128 0.028 0.009 0.394 0.246 1    
                       
                       
1:    0.103 0.434 0.107 0.174 0.055 0.128 1    
2:    0.089 0.326 0.146 0.178 0.074 0.188 1    
3:    0.059 0.007 0.133 0.079 0.020 0.703 1    
4:    0.034 0.017 0.121 0.034 0.021 0.772 1    
5:    0.028 0.040 0.120 0.037 0.011 0.764 1    
6:    0.037 0.027 0.119 0.014 0.025 0.779 1    
7:    0.038 0.012 0.125 0.026 0.021 0.777 1    
8:    0.036 0.007 0.260 0.474 0.018 0.205 1    
9:    0.058 0.136 0.130 0.166 0.018 0.492 1    
10:   0.053 0.016 0.178 0.077 0.072 0.603 1    
11:   0.032 0.038 0.255 0.474 0.024 0.177 1    
12:   0.083 0.029 0.239 0.496 0.013 0.140 1    
13:   0.048 0.194 0.185 0.312 0.024 0.238 1    
14:   0.148 0.010 0.210 0.090 0.139 0.404 1    
15:   0.158 0.024 0.156 0.239 0.035 0.388 1    
16:   0.007 0.963 0.007 0.008 0.007 0.008 1    
17:   0.570 0.007 0.011 0.392 0.009 0.010 1    
18:   0.005 0.975 0.005 0.005 0.005 0.005 1    
19:   0.529 0.009 0.030 0.392 0.018 0.021 1    
20:   0.006 0.965 0.008 0.006 0.007 0.008 1    
21:   0.015 0.930 0.015 0.012 0.018 0.010 1    
22:   0.070 0.016 0.293 0.238 0.244 0.139 1    
23:   0.515 0.015 0.031 0.357 0.047 0.035 1    
24:   0.375 0.038 0.083 0.271 0.099 0.134 1    
25:   0.133 0.167 0.164 0.249 0.070 0.218 1    
26:   0.325 0.021 0.122 0.257 0.163 0.113 1    
27:   0.352 0.009 0.144 0.263 0.189 0.043 1    
28:   0.009 0.950 0.011 0.009 0.010 0.010 1    
29:   0.506 0.008 0.039 0.357 0.073 0.016 1    
30:   0.011 0.948 0.009 0.009 0.008 0.015 1    
31:   0.119 0.029 0.179 0.112 0.216 0.344 1    
32:   0.011 0.917 0.019 0.016 0.017 0.021 1    
33:   0.131 0.008 0.222 0.370 0.075 0.194 1    
34:   0.534 0.005 0.025 0.380 0.042 0.014 1    
35:   0.035 0.016 0.113 0.013 0.051 0.771 1    
36:   0.350 0.008 0.110 0.223 0.254 0.056 1    
37:   0.009 0.940 0.013 0.012 0.009 0.016 1    
38:   0.110 0.008 0.247 0.033 0.492 0.110 1    
39:   0.563 0.004 0.013 0.391 0.014 0.015 1    
40:   0.328 0.011 0.136 0.259 0.141 0.124 1    
41:   0.165 0.011 0.238 0.137 0.164 0.285 1    
42:   0.006 0.972 0.006 0.004 0.006 0.006 1    
43:   0.221 0.105 0.183 0.154 0.198 0.140 1    
44:   0.423 0.008 0.089 0.299 0.091 0.090 1    
45:   0.141 0.005 0.216 0.253 0.069 0.315 1    
46:   0.554 0.007 0.018 0.385 0.017 0.018 1    
47:   0.100 0.010 0.263 0.100 0.363 0.165 1    
48:   0.010 0.934 0.015 0.013 0.015 0.013 1    
49:   0.562 0.005 0.011 0.400 0.012 0.011 1    
50:   0.500 0.006 0.030 0.354 0.023 0.088 1    
51:   0.529 0.006 0.029 0.363 0.015 0.058 1    
52:   0.548 0.011 0.016 0.394 0.019 0.012 1    
53:   0.073 0.520 0.118 0.139 0.064 0.085 1    
54:   0.507 0.015 0.029 0.359 0.019 0.070 1    
55:   0.093 0.010 0.216 0.121 0.093 0.466 1    
56:   0.076 0.006 0.227 0.132 0.120 0.439 1    
57:   0.189 0.010 0.253 0.053 0.334 0.161 1    
58:   0.006 0.971 0.005 0.006 0.006 0.007 1    
59:   0.013 0.886 0.026 0.010 0.051 0.013 1    
60:   0.528 0.009 0.036 0.371 0.030 0.026 1    
61:   0.558 0.005 0.015 0.386 0.013 0.023 1    
62:   0.128 0.008 0.148 0.079 0.108 0.530 1    
63:   0.248 0.004 0.261 0.071 0.301 0.115 1    
64:   0.165 0.022 0.204 0.479 0.020 0.111 1    
65:   0.009 0.952 0.010 0.006 0.010 0.013 1    
66:   0.013 0.924 0.017 0.012 0.018 0.015 1    
67:   0.036 0.864 0.018 0.028 0.014 0.040 1    
68:   0.261 0.021 0.139 0.319 0.075 0.186 1    
69:   0.104 0.007 0.250 0.057 0.359 0.223 1    
70:   0.229 0.005 0.190 0.220 0.293 0.063 1    
71:   0.059 0.008 0.121 0.017 0.075 0.721 1    
72:   0.092 0.020 0.247 0.066 0.379 0.196 1    
73:   0.008 0.955 0.008 0.008 0.008 0.013 1    
74:   0.062 0.029 0.270 0.384 0.134 0.121 1    
75:   0.524 0.005 0.028 0.373 0.044 0.025 1    
76:   0.007 0.969 0.006 0.006 0.007 0.005 1    
77:   0.007 0.959 0.009 0.007 0.009 0.009 1    
78:   0.552 0.014 0.016 0.378 0.015 0.025 1    
79:   0.015 0.942 0.010 0.012 0.012 0.009 1    
80:   0.364 0.040 0.105 0.399 0.012 0.082 1    
81:   0.115 0.004 0.263 0.035 0.485 0.097 1    
82:   0.539 0.004 0.030 0.375 0.024 0.027 1    
83:   0.450 0.014 0.040 0.319 0.017 0.160 1    
84:   0.006 0.963 0.008 0.007 0.007 0.008 1    
85:   0.133 0.250 0.168 0.051 0.209 0.190 1    
86:   0.156 0.015 0.199 0.077 0.417 0.136 1    
87:   0.102 0.006 0.253 0.016 0.586 0.036 1    
88:   0.262 0.022 0.184 0.163 0.243 0.126 1    
89:   0.115 0.014 0.174 0.049 0.195 0.453 1    
90:   0.101 0.008 0.250 0.399 0.067 0.175 1    
91:   0.162 0.013 0.225 0.091 0.461 0.049 1    
92:   0.259 0.009 0.155 0.131 0.412 0.034 1    
93:   0.083 0.006 0.229 0.034 0.240 0.408 1    
94:   0.033 0.006 0.283 0.535 0.010 0.133 1    
95:   0.160 0.017 0.225 0.084 0.401 0.113 1    
96:   0.530 0.038 0.025 0.363 0.029 0.015 1    
97:   0.464 0.013 0.054 0.327 0.064 0.078 1    
98:   0.017 0.913 0.020 0.016 0.019 0.015 1    
99:   0.037 0.025 0.277 0.502 0.030 0.129 1    
100:  0.075 0.038 0.146 0.047 0.074 0.620 1    
101:  0.071 0.013 0.223 0.071 0.150 0.472 1    
102:  0.502 0.005 0.042 0.355 0.056 0.041 1    
103:  0.096 0.028 0.139 0.096 0.041 0.599 1    
104:  0.032 0.027 0.105 0.010 0.039 0.786 1    
105:  0.109 0.011 0.230 0.088 0.216 0.345 1    
106:  0.015 0.912 0.017 0.018 0.011 0.027 1    
107:  0.295 0.073 0.117 0.298 0.061 0.156 1    
108:  0.039 0.007 0.286 0.487 0.030 0.151 1    
109:  0.478 0.018 0.070 0.329 0.057 0.048 1    
110:  0.114 0.007 0.231 0.021 0.573 0.054 1    
111:  0.063 0.465 0.110 0.059 0.214 0.089 1    
112:  0.105 0.006 0.273 0.087 0.325 0.203 1    
113:  0.146 0.016 0.258 0.054 0.386 0.140 1    
114:  0.312 0.069 0.114 0.226 0.119 0.160 1    
115:  0.152 0.008 0.262 0.150 0.208 0.221 1    
116:  0.276 0.006 0.321 0.034 0.336 0.027 1    
117:  0.067 0.004 0.289 0.489 0.046 0.105 1    
118:  0.054 0.012 0.199 0.132 0.054 0.549 1    
119:  0.207 0.006 0.290 0.051 0.315 0.130 1    
120:  0.266 0.020 0.314 0.049 0.277 0.075 1    
121:  0.100 0.010 0.282 0.203 0.208 0.198 1    
122:  0.175 0.009 0.272 0.065 0.356 0.123 1    
123:  0.154 0.009 0.253 0.040 0.465 0.080 1    
124:  0.169 0.027 0.264 0.050 0.384 0.105 1    
125:  0.094 0.007 0.264 0.402 0.102 0.131 1    
126:  0.091 0.007 0.268 0.274 0.094 0.267 1    
127:  0.072 0.004 0.278 0.532 0.019 0.096 1    
128:  0.184 0.013 0.223 0.144 0.252 0.184 1    
129:  0.101 0.008 0.245 0.037 0.483 0.125 1    
130:  0.163 0.011 0.258 0.330 0.109 0.130 1    
131:  0.218 0.008 0.232 0.303 0.119 0.120 1    
132:  0.031 0.012 0.274 0.501 0.013 0.169 1    
133:  0.227 0.009 0.294 0.074 0.262 0.134 1    
134:  0.226 0.019 0.279 0.040 0.233 0.202 1    
135:  0.152 0.006 0.258 0.046 0.451 0.087 1    
136:  0.269 0.007 0.288 0.150 0.225 0.061 1    
137:  0.082 0.010 0.243 0.015 0.635 0.014 1    
138:  0.349 0.009 0.140 0.264 0.153 0.085 1    
139:  0.107 0.006 0.270 0.473 0.057 0.087 1    
140:  0.227 0.005 0.298 0.060 0.366 0.044 1    
141:  0.196 0.008 0.288 0.203 0.200 0.105 1    
