 1:   0.1702  0.1682  0.1702  0.1562  0.1652  0.1702  1
 2:   0.1660  0.1660  0.1660  0.1670  0.1670  0.1680  1
 3:   0.1688  0.1688  0.1728  0.1518  0.1658  0.1718  1
 4:   0.1702  0.1672  0.1742  0.1512  0.1642  0.1732  1
 5:   0.1620  0.1640  0.1620  0.1860  0.1650  0.1610  1
 6:   0.1670  0.1650  0.1670  0.1710  0.1650  0.1650  1
 7:   0.1660  0.1640  0.1660  0.1740  0.1640  0.1660  1
 8:   0.1670  0.1690  0.1700  0.1630  0.1640  0.1670  1
 9:   0.1660  0.1660  0.1670  0.1680  0.1670  0.1660  1
10:   0.1662  0.1692  0.1702  0.1612  0.1652  0.1682  1
11:   0.1680  0.1690  0.1710  0.1570  0.1660  0.1690  1
12:   0.1657  0.1667  0.1697  0.1637  0.1657  0.1687  1
13:   0.1682  0.1662  0.1692  0.1642  0.1652  0.1672  1
14:   0.1660  0.1670  0.1640  0.1720  0.1690  0.1620  1
15:   0.1660  0.1670  0.1700  0.1620  0.1660  0.1690  1
16:   0.1670  0.1650  0.1660  0.1690  0.1660  0.1670  1
17:   0.1662  0.1662  0.1692  0.1642  0.1662  0.1682  1
18:   0.1680  0.1670  0.1680  0.1630  0.1660  0.1680  1
19:   0.1680  0.1680  0.1660  0.1650  0.1660  0.1670  1
20:   0.1670  0.1660  0.1650  0.1730  0.1650  0.1640  1
21:   0.1672  0.1672  0.1682  0.1622  0.1662  0.1692  1

 1:   0.1710  0.1650  0.1690  0.1600  0.1670  0.1680  1
 2:   0.1680  0.1690  0.1650  0.1670  0.1680  0.1630  1
 3:   0.1668  0.1688  0.1728  0.1558  0.1638  0.1718  1
 4:   0.1710  0.1690  0.1740  0.1560  0.1640  0.1660  1
 5:   0.1640  0.1660  0.1610  0.1800  0.1660  0.1630  1
 6:   0.1690  0.1650  0.1680  0.1670  0.1640  0.1670  1
 7:   0.1710  0.1640  0.1680  0.1640  0.1680  0.1650  1
 8:   0.1650  0.1650  0.1730  0.1630  0.1660  0.1680  1
 9:   0.1668  0.1678  0.1678  0.1628  0.1678  0.1668  1
10:   0.1680  0.1680  0.1690  0.1600  0.1670  0.1680  1
11:   0.1650  0.1710  0.1690  0.1620  0.1640  0.1690  1
12:   0.1668  0.1678  0.1698  0.1598  0.1668  0.1688  1
13:   0.1708  0.1658  0.1688  0.1608  0.1668  0.1668  1
14:   0.1652  0.1632  0.1692  0.1652  0.1722  0.1652  1
15:   0.1670  0.1640  0.1720  0.1640  0.1650  0.1680  1
16:   0.1680  0.1650  0.1670  0.1710  0.1620  0.1670  1
17:   0.1702  0.1662  0.1672  0.1672  0.1662  0.1632  1
18:   0.1660  0.1680  0.1640  0.1670  0.1720  0.1630  1
19:   0.1680  0.1680  0.1680  0.1650  0.1650  0.1660  1
20:   0.1678  0.1638  0.1608  0.1838  0.1618  0.1618  1
21:   0.1690  0.1690  0.1690  0.1590  0.1640  0.1700  1

 1:   0.1690  0.1710  0.1690  0.1560  0.1660  0.1690  1
 2:   0.1710  0.1660  0.1650  0.1650  0.1680  0.1650  1
 3:   0.1688  0.1688  0.1728  0.1558  0.1628  0.1708  1
 4:   0.1732  0.1672  0.1702  0.1592  0.1622  0.1682  1
 5:   0.1648  0.1638  0.1618  0.1778  0.1718  0.1598  1
 6:   0.1670  0.1660  0.1650  0.1680  0.1690  0.1650  1
 7:   0.1670  0.1640  0.1660  0.1720  0.1660  0.1650  1
 8:   0.1672  0.1682  0.1662  0.1682  0.1622  0.1682  1
 9:   0.1670  0.1660  0.1660  0.1640  0.1690  0.1680  1
10:   0.1702  0.1692  0.1692  0.1612  0.1642  0.1662  1
11:   0.1688  0.1698  0.1678  0.1628  0.1638  0.1668  1
12:   0.1690  0.1660  0.1680  0.1670  0.1670  0.1630  1
13:   0.1662  0.1702  0.1702  0.1642  0.1632  0.1662  1
14:   0.1662  0.1672  0.1652  0.1672  0.1682  0.1662  1
15:   0.1708  0.1718  0.1658  0.1608  0.1658  0.1648  1
16:   0.1650  0.1660  0.1670  0.1700  0.1650  0.1670  1
17:   0.1672  0.1702  0.1692  0.1642  0.1652  0.1642  1
18:   0.1692  0.1672  0.1672  0.1652  0.1672  0.1642  1
19:   0.1698  0.1668  0.1688  0.1608  0.1688  0.1648  1
20:   0.1668  0.1658  0.1648  0.1748  0.1668  0.1608  1
21:   0.1682  0.1672  0.1662  0.1632  0.1652  0.1702  1

 1:   0.1650  0.1640  0.1760  0.1620  0.1640  0.1690  1
 2:   0.1670  0.1660  0.1640  0.1670  0.1670  0.1690  1
 3:   0.1678  0.1668  0.1748  0.1628  0.1598  0.1678  1
 4:   0.1690  0.1640  0.1740  0.1590  0.1620  0.1720  1
 5:   0.1710  0.1690  0.1620  0.1680  0.1690  0.1610  1
 6:   0.1710  0.1660  0.1700  0.1650  0.1630  0.1650  1
 7:   0.1690  0.1690  0.1730  0.1640  0.1620  0.1630  1
 8:   0.1680  0.1690  0.1720  0.1640  0.1630  0.1640  1
 9:   0.1670  0.1670  0.1630  0.1670  0.1680  0.1680  1
10:   0.1682  0.1672  0.1692  0.1642  0.1632  0.1682  1
11:   0.1632  0.1682  0.1712  0.1642  0.1692  0.1642  1
12:   0.1690  0.1670  0.1720  0.1640  0.1630  0.1650  1
13:   0.1650  0.1680  0.1750  0.1620  0.1630  0.1670  1
14:   0.1650  0.1680  0.1650  0.1680  0.1700  0.1640  1
15:   0.1660  0.1700  0.1680  0.1640  0.1650  0.1670  1
16:   0.1702  0.1632  0.1692  0.1652  0.1662  0.1662  1
17:   0.1690  0.1700  0.1670  0.1680  0.1610  0.1650  1
18:   0.1628  0.1658  0.1678  0.1678  0.1688  0.1668  1
19:   0.1642  0.1662  0.1672  0.1672  0.1662  0.1692  1
20:   0.1740  0.1660  0.1630  0.1650  0.1660  0.1660  1
21:   0.1650  0.1680  0.1690  0.1640  0.1650  0.1690  1

 1:   0.1678  0.1658  0.1678  0.1618  0.1648  0.1718  1
 2:   0.1670  0.1660  0.1670  0.1670  0.1670  0.1660  1
 3:   0.1672  0.1642  0.1732  0.1612  0.1642  0.1702  1
 4:   0.1660  0.1630  0.1720  0.1630  0.1650  0.1710  1
 5:   0.1660  0.1680  0.1640  0.1680  0.1660  0.1680  1
 6:   0.1660  0.1680  0.1670  0.1650  0.1670  0.1670  1
 7:   0.1660  0.1650  0.1690  0.1650  0.1670  0.1680  1
 8:   0.1680  0.1660  0.1700  0.1640  0.1640  0.1680  1
 9:   0.1672  0.1672  0.1672  0.1652  0.1672  0.1662  1
10:   0.1660  0.1660  0.1710  0.1640  0.1650  0.1680  1
11:   0.1662  0.1682  0.1672  0.1642  0.1672  0.1672  1
12:   0.1650  0.1660  0.1690  0.1680  0.1660  0.1660  1
13:   0.1680  0.1650  0.1690  0.1640  0.1660  0.1680  1
14:   0.1670  0.1650  0.1650  0.1710  0.1670  0.1650  1
15:   0.1650  0.1670  0.1690  0.1650  0.1680  0.1660  1
16:   0.1690  0.1660  0.1660  0.1650  0.1670  0.1670  1
17:   0.1670  0.1690  0.1660  0.1650  0.1680  0.1650  1
18:   0.1670  0.1660  0.1670  0.1660  0.1670  0.1670  1
19:   0.1670  0.1660  0.1660  0.1670  0.1670  0.1670  1
20:   0.1670  0.1680  0.1650  0.1650  0.1690  0.1660  1
21:   0.1660  0.1660  0.1710  0.1630  0.1650  0.1690  1

