  1:   0.7000  0.1190  0.1810  1
  2:   0.4404  0.3393  0.2202  1
  3:   0.4324  0.2953  0.2723  1
  4:   0.4360  0.4720  0.0920  1
  5:   0.6020  0.1620  0.2360  1
  6:   0.7758  0.1772  0.0470  1
  7:   0.2740  0.3760  0.3500  1
  8:   0.2587  0.2088  0.5325  1
  9:   0.1508  0.0390  0.8102  1
 10:   0.8100  0.0800  0.1100  1
 11:   0.8308  0.1201  0.0490  1
 12:   0.0600  0.1180  0.8220  1
 13:   0.1380  0.7930  0.0690  1
 14:   0.0580  0.6490  0.2930  1
 15:   0.3604  0.5766  0.0631  1
 16:   0.0480  0.1542  0.7978  1
 17:   0.0539  0.8122  0.1339  1
 18:   0.1730  0.4170  0.4100  1
 19:   0.7920  0.0380  0.1700  1
 20:   0.8660  0.0880  0.0460  1
 21:   0.0380  0.1251  0.8368  1
 22:   0.6933  0.2218  0.0849  1
 23:   0.1518  0.3696  0.4785  1
 24:   0.0230  0.0260  0.9510  1
 25:   0.0890  0.6610  0.2500  1
 26:   0.3966  0.2547  0.3487  1
 27:   0.1330  0.0710  0.7960  1
 28:   0.1490  0.7480  0.1030  1
 29:   0.2020  0.7250  0.0730  1
 30:   0.1060  0.7270  0.1670  1
 31:   0.2078  0.4186  0.3736  1
 32:   0.2940  0.5410  0.1650  1
 33:   0.0851  0.4805  0.4344  1
 34:   0.8920  0.0440  0.0640  1
 35:   0.2260  0.4210  0.3530  1
 36:   0.8470  0.0530  0.1000  1
 37:   0.1480  0.4410  0.4110  1
 38:   0.0751  0.1091  0.8158  1
 39:   0.5200  0.2890  0.1910  1
 40:   0.0881  0.3383  0.5736  1
 41:   0.0500  0.0590  0.8910  1
 42:   0.1630  0.6980  0.1390  1
 43:   0.0380  0.0990  0.8630  1
 44:   0.1300  0.0500  0.8200  1
 45:   0.3510  0.5020  0.1470  1
 46:   0.0561  0.5095  0.4344  1
 47:   0.1170  0.4110  0.4720  1
 48:   0.1578  0.4376  0.4046  1
 49:   0.0890  0.7600  0.1510  1
 50:   0.1960  0.5490  0.2550  1
 51:   0.0620  0.9000  0.0380  1
 52:   0.1500  0.7660  0.0840  1
 53:   0.6020  0.3460  0.0520  1
 54:   0.0740  0.8660  0.0600  1
 55:   0.1920  0.4870  0.3210  1
 56:   0.0749  0.5005  0.4246  1
 57:   0.0650  0.8550  0.0800  1
 58:   0.1430  0.5320  0.3250  1
 59:   0.7170  0.1920  0.0910  1
 60:   0.4980  0.3560  0.1460  1
 61:   0.0870  0.0680  0.8450  1
 62:   0.1390  0.7690  0.0920  1
 63:   0.1950  0.4250  0.3800  1
 64:   0.9359  0.0390  0.0250  1
 65:   0.0600  0.7020  0.2380  1
 66:   0.0450  0.0370  0.9179  1
 67:   0.0730  0.7920  0.1350  1
 68:   0.0591  0.7307  0.2102  1
 69:   0.1280  0.5680  0.3040  1
 70:   0.1592  0.6697  0.1712  1
 71:   0.1990  0.6770  0.1240  1
 72:   0.1269  0.6174  0.2557  1
 73:   0.1170  0.5250  0.3580  1
 74:   0.4500  0.4410  0.1090  1
 75:   0.1530  0.3560  0.4910  1
 76:   0.1380  0.7640  0.0980  1
 77:   0.7750  0.1470  0.0780  1
 78:   0.2308  0.2647  0.5045  1
 79:   0.7680  0.1130  0.1190  1
 80:   0.1340  0.5300  0.3360  1
 81:   0.1520  0.5350  0.3130  1
 82:   0.1600  0.6300  0.2100  1
 83:   0.0450  0.3487  0.6064  1
 84:   0.4860  0.1120  0.4020  1
 85:   0.0570  0.8470  0.0960  1
 86:   0.0750  0.7980  0.1270  1
 87:   0.6460  0.0740  0.2800  1
 88:   0.1179  0.3536  0.5285  1
 89:   0.2328  0.5884  0.1788  1
 90:   0.0950  0.5580  0.3470  1
 91:   0.1170  0.5040  0.3790  1
 92:   0.0460  0.8610  0.0930  1
 93:   0.1620  0.6150  0.2230  1
 94:   0.0930  0.7360  0.1710  1
 95:   0.4240  0.3010  0.2750  1
 96:   0.3340  0.2800  0.3860  1
 97:   0.8579  0.1151  0.0270  1
 98:   0.7243  0.1289  0.1469  1
 99:   0.0620  0.8870  0.0510  1
100:   0.1990  0.6760  0.1250  1
101:   0.0860  0.1590  0.7550  1
102:   0.0889  0.4316  0.4795  1
103:   0.0729  0.1568  0.7702  1
104:   0.6900  0.1610  0.1490  1
105:   0.4510  0.2880  0.2610  1
106:   0.1169  0.7243  0.1588  1
107:   0.7030  0.2300  0.0670  1
108:   0.0929  0.5095  0.3976  1
109:   0.0990  0.5910  0.3100  1
110:   0.5750  0.3470  0.0780  1
111:   0.7612  0.0999  0.1389  1
112:   0.6900  0.2030  0.1070  1
113:   0.1700  0.4100  0.4200  1
114:   0.2677  0.6993  0.0330  1
115:   0.1001  0.1451  0.7548  1
116:   0.1080  0.3960  0.4960  1
117:   0.4190  0.1000  0.4810  1
118:   0.4450  0.3750  0.1800  1
119:   0.1570  0.6150  0.2280  1
120:   0.4240  0.5160  0.0600  1
121:   0.0350  0.0760  0.8890  1
122:   0.2990  0.3290  0.3720  1
123:   0.9370  0.0320  0.0310  1
124:   0.0550  0.7400  0.2050  1
125:   0.7120  0.1750  0.1130  1
126:   0.8010  0.1270  0.0720  1
127:   0.1050  0.8490  0.0460  1
128:   0.4710  0.1470  0.3820  1
129:   0.1060  0.7840  0.1100  1
130:   0.3137  0.5155  0.1708  1
131:   0.3110  0.5100  0.1790  1
132:   0.6547  0.2382  0.1071  1
133:   0.0330  0.3380  0.6290  1
134:   0.0430  0.8859  0.0711  1
135:   0.0501  0.8559  0.0941  1
136:   0.0840  0.8680  0.0480  1
137:   0.5290  0.4230  0.0480  1
138:   0.4915  0.4104  0.0981  1
139:   0.5980  0.3190  0.0830  1
140:   0.8350  0.1210  0.0440  1
141:   0.6750  0.2510  0.0740  1
142:   0.7650  0.1610  0.0740  1
143:   0.6090  0.3140  0.0770  1
144:   0.0699  0.6344  0.2957  1
145:   0.6430  0.2110  0.1460  1
146:   0.0869  0.8681  0.0450  1
147:   0.0719  0.4016  0.5265  1
148:   0.1920  0.2490  0.5590  1
149:   0.1380  0.0890  0.7730  1
150:   0.2000  0.7120  0.0880  1
151:   0.0360  0.0350  0.9290  1
152:   0.2050  0.5420  0.2530  1
153:   0.1220  0.3350  0.5430  1
154:   0.0570  0.0550  0.8880  1
155:   0.1810  0.1720  0.6470  1
156:   0.3140  0.5790  0.1070  1
157:   0.8450  0.0940  0.0610  1
158:   0.2220  0.6590  0.1190  1
159:   0.9190  0.0430  0.0380  1
160:   0.1310  0.5820  0.2870  1
161:   0.7670  0.1310  0.1020  1
162:   0.1190  0.2740  0.6070  1
163:   0.8080  0.1370  0.0550  1
164:   0.8110  0.1070  0.0820  1
165:   0.9250  0.0440  0.0310  1
166:   0.4110  0.1450  0.4440  1
167:   0.0390  0.0779  0.8831  1
168:   0.0650  0.8170  0.1180  1
169:   0.1229  0.5734  0.3037  1
170:   0.0550  0.8760  0.0690  1
171:   0.6440  0.1780  0.1780  1
172:   0.0880  0.2090  0.7030  1
173:   0.1160  0.0900  0.7940  1
174:   0.5730  0.3300  0.0970  1
175:   0.1420  0.5140  0.3440  1
176:   0.0440  0.5440  0.4120  1
177:   0.0501  0.2923  0.6577  1
178:   0.0980  0.6970  0.2050  1
179:   0.4720  0.3660  0.1620  1
180:   0.7490  0.1570  0.0940  1
181:   0.0290  0.0410  0.9301  1
182:   0.0470  0.5390  0.4140  1
183:   0.4186  0.5305  0.0509  1
184:   0.0981  0.1862  0.7157  1
185:   0.7950  0.1650  0.0400  1
186:   0.5120  0.0960  0.3920  1
187:   0.4705  0.2647  0.2647  1
188:   0.1070  0.6200  0.2730  1
189:   0.4790  0.4870  0.0340  1
190:   0.0500  0.0780  0.8720  1
191:   0.4955  0.0949  0.4096  1
192:   0.0810  0.6440  0.2750  1
193:   0.9360  0.0320  0.0320  1
194:   0.8989  0.0691  0.0320  1
195:   0.7700  0.2040  0.0260  1
196:   0.8210  0.0640  0.1150  1
197:   0.8250  0.0650  0.1100  1
198:   0.7758  0.1782  0.0460  1
199:   0.1510  0.4610  0.3880  1
200:   0.7950  0.1240  0.0810  1
201:   0.9191  0.0380  0.0430  1
202:   0.1060  0.7590  0.1350  1
203:   0.0859  0.8661  0.0480  1
204:   0.0911  0.8579  0.0511  1
205:   0.1220  0.0790  0.7990  1
206:   0.6480  0.2640  0.0880  1
207:   0.0310  0.0570  0.9120  1
208:   0.7170  0.1350  0.1480  1
209:   0.7510  0.0770  0.1720  1
210:   0.8460  0.0860  0.0680  1
211:   0.1500  0.0460  0.8040  1
212:   0.1009  0.0669  0.8322  1
213:   0.0560  0.8860  0.0580  1
214:   0.7980  0.1200  0.0820  1
215:   0.5646  0.2843  0.1512  1
216:   0.3140  0.6380  0.0480  1
217:   0.4820  0.4830  0.0350  1
218:   0.1810  0.0630  0.7560  1
219:   0.9190  0.0380  0.0430  1
220:   0.1230  0.8040  0.0730  1
221:   0.8030  0.0880  0.1090  1
222:   0.2252  0.5576  0.2172  1
223:   0.2378  0.6014  0.1608  1
224:   0.3493  0.4034  0.2472  1
225:   0.0290  0.0340  0.9370  1
226:   0.0320  0.0380  0.9300  1
227:   0.0510  0.0920  0.8570  1
228:   0.7860  0.0960  0.1180  1
229:   0.2000  0.1810  0.6190  1
230:   0.1540  0.7960  0.0500  1
231:   0.2478  0.2278  0.5245  1
232:   0.4270  0.4070  0.1660  1
233:   0.1040  0.6550  0.2410  1
234:   0.2940  0.5140  0.1920  1
235:   0.0869  0.5614  0.3516  1
236:   0.1982  0.7367  0.0651  1
237:   0.0699  0.2987  0.6314  1
238:   0.0370  0.0711  0.8919  1
239:   0.4150  0.4840  0.1010  1
240:   0.3900  0.5290  0.0810  1
241:   0.0500  0.0340  0.9160  1
242:   0.7027  0.1351  0.1622  1
243:   0.0650  0.7300  0.2050  1
244:   0.1261  0.3213  0.5526  1
245:   0.6800  0.1090  0.2110  1
246:   0.7480  0.2040  0.0480  1
247:   0.3070  0.4340  0.2590  1
248:   0.1219  0.3167  0.5614  1
249:   0.3490  0.5040  0.1470  1
250:   0.0950  0.4400  0.4650  1
251:   0.0750  0.7330  0.1920  1
252:   0.3380  0.4940  0.1680  1
253:   0.8790  0.0750  0.0460  1
254:   0.2917  0.4955  0.2128  1
255:   0.8970  0.0590  0.0440  1
256:   0.9000  0.0570  0.0430  1
257:   0.7760  0.0990  0.1250  1
258:   0.7090  0.1690  0.1220  1
259:   0.8270  0.1380  0.0350  1
260:   0.2420  0.4640  0.2940  1

  1:   0.6973  0.1139  0.1888  1
  2:   0.4414  0.3604  0.1982  1
  3:   0.4364  0.1902  0.3734  1
  4:   0.4330  0.4740  0.0930  1
  5:   0.6150  0.1800  0.2050  1
  6:   0.7958  0.1552  0.0490  1
  7:   0.2720  0.3800  0.3480  1
  8:   0.2260  0.1680  0.6060  1
  9:   0.1580  0.0400  0.8020  1
 10:   0.8200  0.0800  0.1000  1
 11:   0.8260  0.1210  0.0530  1
 12:   0.0610  0.1250  0.8140  1
 13:   0.1310  0.7930  0.0760  1
 14:   0.0600  0.5210  0.4190  1
 15:   0.3050  0.6380  0.0570  1
 16:   0.0480  0.1610  0.7910  1
 17:   0.0530  0.7710  0.1760  1
 18:   0.1710  0.3390  0.4900  1
 19:   0.8000  0.0390  0.1610  1
 20:   0.8611  0.0929  0.0460  1
 21:   0.0380  0.1320  0.8300  1
 22:   0.6970  0.2230  0.0800  1
 23:   0.1600  0.3030  0.5370  1
 24:   0.0240  0.0270  0.9491  1
 25:   0.0860  0.5980  0.3160  1
 26:   0.4106  0.2507  0.3387  1
 27:   0.1451  0.0701  0.7848  1
 28:   0.1470  0.7410  0.1120  1
 29:   0.1900  0.7350  0.0750  1
 30:   0.1000  0.7210  0.1790  1
 31:   0.2090  0.3790  0.4120  1
 32:   0.3027  0.5365  0.1608  1
 33:   0.0790  0.3370  0.5840  1
 34:   0.8900  0.0400  0.0700  1
 35:   0.2170  0.2740  0.5090  1
 36:   0.8490  0.0510  0.1000  1
 37:   0.1470  0.3990  0.4540  1
 38:   0.0741  0.1141  0.8118  1
 39:   0.5120  0.3270  0.1610  1
 40:   0.0830  0.2630  0.6540  1
 41:   0.0529  0.0649  0.8821  1
 42:   0.1742  0.6386  0.1872  1
 43:   0.0350  0.0760  0.8890  1
 44:   0.1400  0.0530  0.8070  1
 45:   0.3520  0.5200  0.1280  1
 46:   0.0530  0.3690  0.5780  1
 47:   0.1120  0.4250  0.4630  1
 48:   0.1540  0.5340  0.3120  1
 49:   0.0860  0.7660  0.1480  1
 50:   0.1690  0.6320  0.1990  1
 51:   0.0540  0.9110  0.0350  1
 52:   0.1350  0.7820  0.0830  1
 53:   0.5816  0.3654  0.0531  1
 54:   0.0680  0.8790  0.0530  1
 55:   0.2000  0.4750  0.3250  1
 56:   0.0730  0.5180  0.4090  1
 57:   0.0610  0.8580  0.0810  1
 58:   0.1340  0.5480  0.3180  1
 59:   0.6940  0.2210  0.0850  1
 60:   0.4875  0.4004  0.1121  1
 61:   0.0890  0.0680  0.8430  1
 62:   0.1200  0.7930  0.0870  1
 63:   0.1830  0.2800  0.5370  1
 64:   0.9350  0.0400  0.0250  1
 65:   0.0540  0.7450  0.2010  1
 66:   0.0450  0.0370  0.9180  1
 67:   0.0730  0.7920  0.1350  1
 68:   0.0570  0.7630  0.1800  1
 69:   0.1130  0.6590  0.2280  1
 70:   0.1590  0.6770  0.1640  1
 71:   0.1730  0.6910  0.1360  1
 72:   0.1290  0.4960  0.3750  1
 73:   0.1060  0.5420  0.3520  1
 74:   0.4680  0.3860  0.1460  1
 75:   0.1550  0.2960  0.5490  1
 76:   0.1240  0.7920  0.0840  1
 77:   0.7600  0.1550  0.0850  1
 78:   0.2340  0.2240  0.5420  1
 79:   0.7772  0.1079  0.1149  1
 80:   0.1310  0.4000  0.4690  1
 81:   0.1440  0.6100  0.2460  1
 82:   0.1700  0.5430  0.2870  1
 83:   0.0400  0.2410  0.7190  1
 84:   0.4980  0.1090  0.3930  1
 85:   0.0570  0.8400  0.1030  1
 86:   0.0720  0.8120  0.1160  1
 87:   0.6530  0.0840  0.2630  1
 88:   0.1239  0.3177  0.5584  1
 89:   0.2380  0.5960  0.1660  1
 90:   0.0860  0.4040  0.5100  1
 91:   0.1240  0.4630  0.4130  1
 92:   0.0490  0.8510  0.1000  1
 93:   0.1552  0.6476  0.1972  1
 94:   0.0910  0.7290  0.1800  1
 95:   0.4370  0.2310  0.3320  1
 96:   0.3230  0.2970  0.3800  1
 97:   0.8509  0.1211  0.0280  1
 98:   0.6970  0.1320  0.1710  1
 99:   0.0550  0.8970  0.0480  1
100:   0.1900  0.6970  0.1130  1
101:   0.0800  0.1280  0.7920  1
102:   0.0850  0.3120  0.6030  1
103:   0.0700  0.1300  0.8000  1
104:   0.6983  0.1379  0.1638  1
105:   0.4340  0.2850  0.2810  1
106:   0.1121  0.7437  0.1441  1
107:   0.7100  0.2190  0.0710  1
108:   0.0950  0.4650  0.4400  1
109:   0.1059  0.5624  0.3317  1
110:   0.5824  0.3297  0.0879  1
111:   0.7692  0.0959  0.1349  1
112:   0.7080  0.1810  0.1110  1
113:   0.1570  0.2790  0.5640  1
114:   0.2613  0.7077  0.0310  1
115:   0.1070  0.1700  0.7230  1
116:   0.1150  0.3840  0.5010  1
117:   0.4350  0.1150  0.4500  1
118:   0.4430  0.3830  0.1740  1
119:   0.1670  0.5340  0.2990  1
120:   0.3710  0.5660  0.0630  1
121:   0.0370  0.0820  0.8810  1
122:   0.2930  0.3300  0.3770  1
123:   0.9360  0.0330  0.0310  1
124:   0.0579  0.6454  0.2967  1
125:   0.7060  0.1880  0.1060  1
126:   0.7778  0.1491  0.0731  1
127:   0.1050  0.8460  0.0490  1
128:   0.4765  0.1099  0.4136  1
129:   0.1070  0.7840  0.1090  1
130:   0.3040  0.5480  0.1480  1
131:   0.3220  0.4800  0.1980  1
132:   0.6070  0.2740  0.1190  1
133:   0.0330  0.3550  0.6120  1
134:   0.0460  0.8740  0.0800  1
135:   0.0529  0.8402  0.1069  1
136:   0.0850  0.8690  0.0460  1
137:   0.4740  0.4800  0.0460  1
138:   0.4310  0.4820  0.0870  1
139:   0.5375  0.3814  0.0811  1
140:   0.8248  0.1271  0.0480  1
141:   0.6460  0.2920  0.0620  1
142:   0.7800  0.1440  0.0760  1
143:   0.5550  0.3720  0.0730  1
144:   0.0679  0.5654  0.3666  1
145:   0.6240  0.2370  0.1390  1
146:   0.0800  0.8760  0.0440  1
147:   0.0700  0.4550  0.4750  1
148:   0.1990  0.2550  0.5460  1
149:   0.1460  0.0820  0.7720  1
150:   0.1970  0.7130  0.0900  1
151:   0.0370  0.0370  0.9260  1
152:   0.2160  0.4580  0.3260  1
153:   0.1220  0.4020  0.4760  1
154:   0.0550  0.0500  0.8950  1
155:   0.1800  0.1830  0.6370  1
156:   0.2780  0.6270  0.0950  1
157:   0.8332  0.0989  0.0679  1
158:   0.1800  0.7250  0.0950  1
159:   0.9210  0.0400  0.0390  1
160:   0.1320  0.5690  0.2990  1
161:   0.7698  0.1301  0.1001  1
162:   0.1220  0.2650  0.6130  1
163:   0.7940  0.1530  0.0530  1
164:   0.8050  0.1060  0.0890  1
165:   0.9210  0.0460  0.0330  1
166:   0.4200  0.1460  0.4340  1
167:   0.0380  0.0710  0.8910  1
168:   0.0610  0.8420  0.0970  1
169:   0.1299  0.4565  0.4136  1
170:   0.0511  0.8869  0.0621  1
171:   0.6260  0.2000  0.1740  1
172:   0.0909  0.2438  0.6653  1
173:   0.1261  0.1011  0.7728  1
174:   0.5480  0.3620  0.0900  1
175:   0.1330  0.5640  0.3030  1
176:   0.0440  0.6570  0.2990  1
177:   0.0490  0.3210  0.6300  1
178:   0.1050  0.6500  0.2450  1
179:   0.4760  0.3490  0.1750  1
180:   0.7350  0.1750  0.0900  1
181:   0.0290  0.0410  0.9300  1
182:   0.0470  0.4560  0.4970  1
183:   0.3490  0.6050  0.0460  1
184:   0.0990  0.1590  0.7420  1
185:   0.8150  0.1430  0.0420  1
186:   0.5590  0.1040  0.3370  1
187:   0.4825  0.2402  0.2773  1
188:   0.1000  0.6850  0.2150  1
189:   0.3930  0.5740  0.0330  1
190:   0.0509  0.0759  0.8731  1
191:   0.5035  0.0901  0.4064  1
192:   0.0841  0.6817  0.2342  1
193:   0.9360  0.0330  0.0310  1
194:   0.8990  0.0690  0.0320  1
195:   0.7303  0.2438  0.0260  1
196:   0.8270  0.0610  0.1120  1
197:   0.8240  0.0680  0.1080  1
198:   0.7682  0.1848  0.0470  1
199:   0.1380  0.3130  0.5490  1
200:   0.7990  0.1180  0.0830  1
201:   0.9200  0.0350  0.0450  1
202:   0.1070  0.7430  0.1500  1
203:   0.0820  0.8710  0.0470  1
204:   0.0920  0.8530  0.0550  1
205:   0.1209  0.0799  0.7992  1
206:   0.6860  0.2240  0.0900  1
207:   0.0330  0.0610  0.9060  1
208:   0.7180  0.1410  0.1410  1
209:   0.7610  0.0730  0.1660  1
210:   0.8410  0.0940  0.0650  1
211:   0.1620  0.0460  0.7920  1
212:   0.1030  0.0660  0.8310  1
213:   0.0500  0.8940  0.0560  1
214:   0.7968  0.1151  0.0881  1
215:   0.5100  0.3490  0.1410  1
216:   0.2953  0.6577  0.0470  1
217:   0.3916  0.5754  0.0330  1
218:   0.1912  0.0701  0.7387  1
219:   0.9200  0.0350  0.0450  1
220:   0.1130  0.8150  0.0720  1
221:   0.8050  0.0880  0.1070  1
222:   0.2150  0.5860  0.1990  1
223:   0.2530  0.5670  0.1800  1
224:   0.3157  0.4715  0.2128  1
225:   0.0300  0.0350  0.9349  1
226:   0.0320  0.0380  0.9300  1
227:   0.0510  0.0990  0.8500  1
228:   0.7850  0.0960  0.1190  1
229:   0.2192  0.1942  0.5866  1
230:   0.1598  0.7862  0.0539  1
231:   0.2600  0.2550  0.4850  1
232:   0.4426  0.3756  0.1818  1
233:   0.0951  0.7027  0.2022  1
234:   0.2633  0.5856  0.1512  1
235:   0.0820  0.4270  0.4910  1
236:   0.1890  0.7460  0.0650  1
237:   0.0639  0.2717  0.6643  1
238:   0.0390  0.0789  0.8821  1
239:   0.4200  0.4640  0.1160  1
240:   0.3410  0.5850  0.0740  1
241:   0.0510  0.0340  0.9150  1
242:   0.7123  0.1399  0.1479  1
243:   0.0670  0.6850  0.2480  1
244:   0.1010  0.2030  0.6960  1
245:   0.6850  0.1150  0.2000  1
246:   0.7040  0.2490  0.0470  1
247:   0.3073  0.4454  0.2472  1
248:   0.1201  0.3684  0.5115  1
249:   0.3317  0.5355  0.1329  1
250:   0.0960  0.4940  0.4100  1
251:   0.0780  0.7000  0.2220  1
252:   0.3000  0.5530  0.1470  1
253:   0.8760  0.0780  0.0460  1
254:   0.2950  0.4700  0.2350  1
255:   0.8980  0.0530  0.0490  1
256:   0.8991  0.0529  0.0480  1
257:   0.7720  0.1010  0.1270  1
258:   0.7260  0.1590  0.1150  1
259:   0.8140  0.1520  0.0340  1
260:   0.2000  0.5600  0.2400  1

  1:   0.7050  0.1200  0.1750  1
  2:   0.4496  0.3377  0.2128  1
  3:   0.3860  0.3270  0.2870  1
  4:   0.4430  0.4660  0.0910  1
  5:   0.6190  0.1410  0.2400  1
  6:   0.7660  0.1850  0.0490  1
  7:   0.2767  0.3646  0.3586  1
  8:   0.2450  0.2100  0.5450  1
  9:   0.1379  0.0380  0.8242  1
 10:   0.8220  0.0720  0.1060  1
 11:   0.8388  0.1141  0.0470  1
 12:   0.0589  0.1099  0.8312  1
 13:   0.1410  0.7940  0.0650  1
 14:   0.0540  0.6420  0.3040  1
 15:   0.3996  0.5385  0.0619  1
 16:   0.0460  0.1390  0.8150  1
 17:   0.0510  0.8090  0.1400  1
 18:   0.1510  0.4350  0.4140  1
 19:   0.8020  0.0360  0.1620  1
 20:   0.8700  0.0870  0.0430  1
 21:   0.0360  0.1170  0.8470  1
 22:   0.7113  0.2038  0.0849  1
 23:   0.1380  0.3960  0.4660  1
 24:   0.0220  0.0250  0.9530  1
 25:   0.0770  0.6870  0.2360  1
 26:   0.3900  0.2470  0.3630  1
 27:   0.1310  0.0690  0.8000  1
 28:   0.1391  0.7668  0.0941  1
 29:   0.2200  0.7070  0.0730  1
 30:   0.0970  0.7450  0.1580  1
 31:   0.1960  0.4370  0.3670  1
 32:   0.2750  0.5750  0.1500  1
 33:   0.0720  0.5040  0.4240  1
 34:   0.8970  0.0420  0.0610  1
 35:   0.1900  0.4480  0.3620  1
 36:   0.8550  0.0500  0.0950  1
 37:   0.1430  0.4480  0.4090  1
 38:   0.0720  0.1010  0.8270  1
 39:   0.5475  0.2683  0.1842  1
 40:   0.0750  0.3820  0.5430  1
 41:   0.0500  0.0580  0.8920  1
 42:   0.1520  0.7030  0.1450  1
 43:   0.0350  0.1070  0.8580  1
 44:   0.1240  0.0490  0.8270  1
 45:   0.3473  0.5095  0.1431  1
 46:   0.0480  0.5290  0.4230  1
 47:   0.1060  0.4000  0.4940  1
 48:   0.1520  0.4130  0.4350  1
 49:   0.0890  0.7590  0.1520  1
 50:   0.1940  0.5240  0.2820  1
 51:   0.0641  0.8969  0.0390  1
 52:   0.1400  0.7770  0.0830  1
 53:   0.6200  0.3310  0.0490  1
 54:   0.0810  0.8560  0.0630  1
 55:   0.1908  0.4975  0.3117  1
 56:   0.0721  0.4875  0.4404  1
 57:   0.0650  0.8590  0.0760  1
 58:   0.1371  0.5455  0.3173  1
 59:   0.7320  0.1840  0.0840  1
 60:   0.5335  0.3223  0.1441  1
 61:   0.0790  0.0640  0.8570  1
 62:   0.1490  0.7560  0.0950  1
 63:   0.1540  0.4560  0.3900  1
 64:   0.9390  0.0370  0.0240  1
 65:   0.0599  0.6983  0.2418  1
 66:   0.0420  0.0340  0.9240  1
 67:   0.0670  0.8050  0.1280  1
 68:   0.0550  0.7450  0.2000  1
 69:   0.1280  0.5310  0.3410  1
 70:   0.1558  0.6733  0.1708  1
 71:   0.2110  0.6600  0.1290  1
 72:   0.0990  0.6260  0.2750  1
 73:   0.1141  0.5015  0.3844  1
 74:   0.4236  0.4565  0.1199  1
 75:   0.1510  0.3450  0.5040  1
 76:   0.1410  0.7610  0.0980  1
 77:   0.7850  0.1380  0.0770  1
 78:   0.2100  0.2820  0.5080  1
 79:   0.7690  0.1110  0.1200  1
 80:   0.1120  0.5400  0.3480  1
 81:   0.1550  0.5160  0.3290  1
 82:   0.1380  0.6510  0.2110  1
 83:   0.0380  0.3700  0.5920  1
 84:   0.5035  0.1041  0.3924  1
 85:   0.0500  0.8620  0.0880  1
 86:   0.0740  0.8070  0.1190  1
 87:   0.6597  0.0711  0.2693  1
 88:   0.1110  0.3870  0.5020  1
 89:   0.2262  0.6046  0.1692  1
 90:   0.0780  0.5590  0.3630  1
 91:   0.1111  0.4995  0.3894  1
 92:   0.0450  0.8680  0.0870  1
 93:   0.1582  0.6176  0.2242  1
 94:   0.0840  0.7710  0.1450  1
 95:   0.4030  0.3230  0.2740  1
 96:   0.3240  0.2800  0.3960  1
 97:   0.8661  0.1069  0.0270  1
 98:   0.7247  0.1211  0.1542  1
 99:   0.0609  0.8911  0.0480  1
100:   0.1900  0.6900  0.1200  1
101:   0.0789  0.1748  0.7463  1
102:   0.0800  0.4400  0.4800  1
103:   0.0669  0.1748  0.7582  1
104:   0.6780  0.1660  0.1560  1
105:   0.4660  0.2780  0.2560  1
106:   0.1160  0.7300  0.1540  1
107:   0.6717  0.2613  0.0671  1
108:   0.0869  0.5265  0.3866  1
109:   0.0960  0.5720  0.3320  1
110:   0.5740  0.3450  0.0810  1
111:   0.7730  0.0960  0.1310  1
112:   0.6860  0.2060  0.1080  1
113:   0.1469  0.4376  0.4156  1
114:   0.2650  0.7040  0.0310  1
115:   0.0950  0.1340  0.7710  1
116:   0.1060  0.3820  0.5120  1
117:   0.4114  0.0911  0.4975  1
118:   0.4805  0.3423  0.1772  1
119:   0.1330  0.6480  0.2190  1
120:   0.4580  0.4830  0.0590  1
121:   0.0350  0.0709  0.8941  1
122:   0.2977  0.3387  0.3636  1
123:   0.9410  0.0290  0.0300  1
124:   0.0500  0.7300  0.2200  1
125:   0.7270  0.1720  0.1010  1
126:   0.8120  0.1170  0.0710  1
127:   0.1020  0.8530  0.0450  1
128:   0.4500  0.1640  0.3860  1
129:   0.1109  0.7822  0.1069  1
130:   0.3460  0.4890  0.1650  1
131:   0.2920  0.5400  0.1680  1
132:   0.6850  0.2140  0.1010  1
133:   0.0320  0.3380  0.6300  1
134:   0.0430  0.8869  0.0701  1
135:   0.0470  0.8650  0.0880  1
136:   0.0820  0.8730  0.0450  1
137:   0.5760  0.3800  0.0440  1
138:   0.5415  0.3676  0.0909  1
139:   0.6430  0.2790  0.0780  1
140:   0.8450  0.1110  0.0440  1
141:   0.6770  0.2530  0.0700  1
142:   0.7470  0.1820  0.0710  1
143:   0.6420  0.2830  0.0750  1
144:   0.0640  0.6630  0.2730  1
145:   0.6650  0.1940  0.1410  1
146:   0.0850  0.8720  0.0430  1
147:   0.0700  0.3630  0.5670  1
148:   0.1902  0.2653  0.5445  1
149:   0.1311  0.0891  0.7798  1
150:   0.1972  0.7157  0.0871  1
151:   0.0330  0.0340  0.9330  1
152:   0.1750  0.5660  0.2590  1
153:   0.1180  0.3190  0.5630  1
154:   0.0540  0.0540  0.8920  1
155:   0.1840  0.1720  0.6440  1
156:   0.3350  0.5520  0.1130  1
157:   0.8540  0.0850  0.0610  1
158:   0.2440  0.6390  0.1170  1
159:   0.9230  0.0420  0.0350  1
160:   0.1310  0.5880  0.2810  1
161:   0.7670  0.1340  0.0990  1
162:   0.1090  0.2630  0.6280  1
163:   0.8260  0.1220  0.0520  1
164:   0.8190  0.1010  0.0800  1
165:   0.9290  0.0410  0.0300  1
166:   0.4090  0.1430  0.4480  1
167:   0.0350  0.0710  0.8940  1
168:   0.0621  0.8248  0.1131  1
169:   0.1130  0.5640  0.3230  1
170:   0.0580  0.8760  0.0660  1
171:   0.6607  0.1672  0.1722  1
172:   0.0799  0.1898  0.7303  1
173:   0.1130  0.0810  0.8060  1
174:   0.5754  0.3257  0.0989  1
175:   0.1420  0.5150  0.3430  1
176:   0.0440  0.5125  0.4434  1
177:   0.0490  0.2710  0.6800  1
178:   0.0930  0.7130  0.1940  1
179:   0.4460  0.3960  0.1580  1
180:   0.7570  0.1530  0.0900  1
181:   0.0270  0.0390  0.9341  1
182:   0.0430  0.5810  0.3760  1
183:   0.4500  0.5010  0.0490  1
184:   0.0930  0.2070  0.7000  1
185:   0.7640  0.1980  0.0380  1
186:   0.5010  0.0930  0.4060  1
187:   0.4640  0.2820  0.2540  1
188:   0.1080  0.6120  0.2800  1
189:   0.5390  0.4280  0.0330  1
190:   0.0470  0.0730  0.8800  1
191:   0.4850  0.0870  0.4280  1
192:   0.0830  0.6570  0.2600  1
193:   0.9410  0.0290  0.0300  1
194:   0.9049  0.0641  0.0310  1
195:   0.7982  0.1768  0.0250  1
196:   0.8250  0.0620  0.1130  1
197:   0.8370  0.0630  0.1000  1
198:   0.7820  0.1740  0.0440  1
199:   0.1120  0.4920  0.3960  1
200:   0.8048  0.1171  0.0781  1
201:   0.9230  0.0360  0.0410  1
202:   0.1010  0.7650  0.1340  1
203:   0.0791  0.8759  0.0450  1
204:   0.0880  0.8600  0.0520  1
205:   0.1110  0.0800  0.8090  1
206:   0.6344  0.2827  0.0829  1
207:   0.0280  0.0521  0.9199  1
208:   0.7200  0.1360  0.1440  1
209:   0.7450  0.0790  0.1760  1
210:   0.8480  0.0870  0.0650  1
211:   0.1390  0.0430  0.8180  1
212:   0.0959  0.0619  0.8422  1
213:   0.0530  0.8910  0.0560  1
214:   0.8010  0.1200  0.0790  1
215:   0.6030  0.2560  0.1410  1
216:   0.3223  0.6326  0.0450  1
217:   0.5390  0.4270  0.0340  1
218:   0.1690  0.0610  0.7700  1
219:   0.9240  0.0350  0.0410  1
220:   0.1181  0.8088  0.0731  1
221:   0.8060  0.0870  0.1070  1
222:   0.2460  0.5370  0.2170  1
223:   0.2290  0.6060  0.1650  1
224:   0.3690  0.3800  0.2510  1
225:   0.0270  0.0340  0.9390  1
226:   0.0300  0.0370  0.9331  1
227:   0.0490  0.0870  0.8640  1
228:   0.7940  0.0940  0.1120  1
229:   0.1930  0.1870  0.6200  1
230:   0.1570  0.7940  0.0490  1
231:   0.2432  0.2412  0.5155  1
232:   0.4030  0.4380  0.1590  1
233:   0.1040  0.6800  0.2160  1
234:   0.3160  0.4800  0.2040  1
235:   0.0751  0.5676  0.3574  1
236:   0.1990  0.7350  0.0660  1
237:   0.0690  0.3070  0.6240  1
238:   0.0360  0.0680  0.8960  1
239:   0.4154  0.4845  0.1001  1
240:   0.4030  0.5160  0.0810  1
241:   0.0460  0.0330  0.9209  1
242:   0.7210  0.1290  0.1500  1
243:   0.0600  0.7520  0.1880  1
244:   0.1039  0.3497  0.5465  1
245:   0.6760  0.1090  0.2150  1
246:   0.7710  0.1840  0.0450  1
247:   0.2800  0.4520  0.2680  1
248:   0.1170  0.3100  0.5730  1
249:   0.3700  0.4900  0.1400  1
250:   0.0980  0.4400  0.4620  1
251:   0.0679  0.7483  0.1838  1
252:   0.3576  0.4875  0.1548  1
253:   0.8860  0.0710  0.0430  1
254:   0.2630  0.5220  0.2150  1
255:   0.9040  0.0530  0.0430  1
256:   0.9021  0.0539  0.0440  1
257:   0.7860  0.0940  0.1200  1
258:   0.6963  0.1938  0.1099  1
259:   0.8020  0.1640  0.0340  1
260:   0.2510  0.4370  0.3120  1

  1:   0.7130  0.1210  0.1660  1
  2:   0.4400  0.3390  0.2210  1
  3:   0.4210  0.3430  0.2360  1
  4:   0.4490  0.4590  0.0920  1
  5:   0.6020  0.1380  0.2600  1
  6:   0.7730  0.1800  0.0470  1
  7:   0.2743  0.3554  0.3704  1
  8:   0.2570  0.2320  0.5110  1
  9:   0.1400  0.0360  0.8240  1
 10:   0.8218  0.0691  0.1091  1
 11:   0.8420  0.1140  0.0440  1
 12:   0.0570  0.1130  0.8300  1
 13:   0.1440  0.7920  0.0640  1
 14:   0.0519  0.6993  0.2488  1
 15:   0.4120  0.5260  0.0620  1
 16:   0.0430  0.1369  0.8202  1
 17:   0.0500  0.8290  0.1210  1
 18:   0.1540  0.4760  0.3700  1
 19:   0.7960  0.0370  0.1670  1
 20:   0.8690  0.0890  0.0420  1
 21:   0.0370  0.1140  0.8490  1
 22:   0.7060  0.2130  0.0810  1
 23:   0.1390  0.4480  0.4130  1
 24:   0.0220  0.0240  0.9540  1
 25:   0.0741  0.7137  0.2122  1
 26:   0.3904  0.2583  0.3514  1
 27:   0.1230  0.0670  0.8100  1
 28:   0.1349  0.7732  0.0919  1
 29:   0.2160  0.7160  0.0680  1
 30:   0.0959  0.7582  0.1459  1
 31:   0.1950  0.4520  0.3530  1
 32:   0.2600  0.5780  0.1620  1
 33:   0.0729  0.5574  0.3696  1
 34:   0.8980  0.0420  0.0600  1
 35:   0.2082  0.4985  0.2933  1
 36:   0.8550  0.0490  0.0960  1
 37:   0.1530  0.4470  0.4000  1
 38:   0.0711  0.1001  0.8288  1
 39:   0.5540  0.2590  0.1870  1
 40:   0.0770  0.3960  0.5270  1
 41:   0.0460  0.0541  0.8999  1
 42:   0.1409  0.7343  0.1249  1
 43:   0.0350  0.1151  0.8498  1
 44:   0.1221  0.0450  0.8328  1
 45:   0.3530  0.4920  0.1550  1
 46:   0.0460  0.5834  0.3706  1
 47:   0.1040  0.3970  0.4990  1
 48:   0.1490  0.3790  0.4720  1
 49:   0.0841  0.7648  0.1512  1
 50:   0.2050  0.4920  0.3030  1
 51:   0.0659  0.8951  0.0390  1
 52:   0.1470  0.7720  0.0810  1
 53:   0.6360  0.3170  0.0470  1
 54:   0.0760  0.8590  0.0650  1
 55:   0.1820  0.5210  0.2970  1
 56:   0.0760  0.4900  0.4340  1
 57:   0.0630  0.8620  0.0750  1
 58:   0.1370  0.5580  0.3050  1
 59:   0.7540  0.1630  0.0830  1
 60:   0.5310  0.3130  0.1560  1
 61:   0.0791  0.0611  0.8599  1
 62:   0.1560  0.7460  0.0980  1
 63:   0.1640  0.5130  0.3230  1
 64:   0.9430  0.0340  0.0230  1
 65:   0.0640  0.6890  0.2470  1
 66:   0.0420  0.0370  0.9211  1
 67:   0.0660  0.8190  0.1150  1
 68:   0.0550  0.7280  0.2170  1
 69:   0.1299  0.5085  0.3616  1
 70:   0.1440  0.6760  0.1800  1
 71:   0.2110  0.6650  0.1240  1
 72:   0.0990  0.6880  0.2130  1
 73:   0.1150  0.5020  0.3830  1
 74:   0.4130  0.4850  0.1020  1
 75:   0.1500  0.3750  0.4750  1
 76:   0.1470  0.7510  0.1020  1
 77:   0.7998  0.1281  0.0721  1
 78:   0.2080  0.2910  0.5010  1
 79:   0.7720  0.1090  0.1190  1
 80:   0.1140  0.5990  0.2870  1
 81:   0.1608  0.5085  0.3307  1
 82:   0.1251  0.6997  0.1752  1
 83:   0.0390  0.4094  0.5516  1
 84:   0.4980  0.1100  0.3920  1
 85:   0.0520  0.8610  0.0870  1
 86:   0.0751  0.8018  0.1231  1
 87:   0.6580  0.0680  0.2740  1
 88:   0.1020  0.3870  0.5110  1
 89:   0.2300  0.5960  0.1740  1
 90:   0.0791  0.6296  0.2913  1
 91:   0.1011  0.5225  0.3764  1
 92:   0.0430  0.8790  0.0780  1
 93:   0.1580  0.6110  0.2310  1
 94:   0.0820  0.7780  0.1400  1
 95:   0.4190  0.3410  0.2400  1
 96:   0.3360  0.2860  0.3780  1
 97:   0.8740  0.1010  0.0250  1
 98:   0.7410  0.1160  0.1430  1
 99:   0.0590  0.8910  0.0500  1
100:   0.1890  0.6870  0.1240  1
101:   0.0811  0.2012  0.7177  1
102:   0.0750  0.5070  0.4180  1
103:   0.0621  0.1782  0.7598  1
104:   0.6847  0.1742  0.1411  1
105:   0.4760  0.2730  0.2510  1
106:   0.1180  0.7270  0.1550  1
107:   0.6900  0.2450  0.0650  1
108:   0.0840  0.5550  0.3610  1
109:   0.0930  0.5960  0.3110  1
110:   0.5820  0.3490  0.0690  1
111:   0.7660  0.0940  0.1400  1
112:   0.6900  0.2070  0.1030  1
113:   0.1520  0.4840  0.3640  1
114:   0.2680  0.7000  0.0320  1
115:   0.0890  0.1370  0.7740  1
116:   0.1040  0.4100  0.4860  1
117:   0.4040  0.0870  0.5090  1
118:   0.4880  0.3400  0.1720  1
119:   0.1260  0.6960  0.1780  1
120:   0.4860  0.4580  0.0560  1
121:   0.0340  0.0660  0.9000  1
122:   0.2970  0.3570  0.3460  1
123:   0.9430  0.0280  0.0290  1
124:   0.0470  0.7770  0.1760  1
125:   0.7310  0.1690  0.1000  1
126:   0.8190  0.1110  0.0700  1
127:   0.0990  0.8580  0.0430  1
128:   0.4690  0.1720  0.3590  1
129:   0.1111  0.7838  0.1051  1
130:   0.3280  0.5040  0.1680  1
131:   0.2963  0.5445  0.1592  1
132:   0.7117  0.1902  0.0981  1
133:   0.0300  0.3293  0.6406  1
134:   0.0420  0.8931  0.0649  1
135:   0.0450  0.8740  0.0810  1
136:   0.0800  0.8770  0.0430  1
137:   0.6094  0.3477  0.0430  1
138:   0.5676  0.3343  0.0981  1
139:   0.6610  0.2600  0.0790  1
140:   0.8510  0.1080  0.0410  1
141:   0.6990  0.2260  0.0750  1
142:   0.7550  0.1740  0.0710  1
143:   0.6760  0.2470  0.0770  1
144:   0.0650  0.6800  0.2550  1
145:   0.6763  0.1758  0.1479  1
146:   0.0860  0.8700  0.0440  1
147:   0.0670  0.3580  0.5750  1
148:   0.1852  0.2603  0.5546  1
149:   0.1309  0.0949  0.7742  1
150:   0.2000  0.7170  0.0830  1
151:   0.0320  0.0330  0.9350  1
152:   0.1760  0.6040  0.2200  1
153:   0.1200  0.2890  0.5910  1
154:   0.0550  0.0560  0.8890  1
155:   0.1702  0.1672  0.6627  1
156:   0.3400  0.5500  0.1100  1
157:   0.8610  0.0850  0.0540  1
158:   0.2490  0.6260  0.1250  1
159:   0.9240  0.0410  0.0350  1
160:   0.1310  0.6010  0.2680  1
161:   0.7690  0.1370  0.0940  1
162:   0.1080  0.2670  0.6250  1
163:   0.8368  0.1141  0.0490  1
164:   0.8262  0.0979  0.0759  1
165:   0.9310  0.0400  0.0290  1
166:   0.4066  0.1419  0.4515  1
167:   0.0350  0.0720  0.8930  1
168:   0.0650  0.8180  0.1170  1
169:   0.1140  0.6230  0.2630  1
170:   0.0550  0.8740  0.0710  1
171:   0.6670  0.1580  0.1750  1
172:   0.0799  0.1978  0.7223  1
173:   0.1090  0.0840  0.8070  1
174:   0.5850  0.3190  0.0960  1
175:   0.1359  0.5035  0.3606  1
176:   0.0410  0.4940  0.4650  1
177:   0.0470  0.2660  0.6870  1
178:   0.0890  0.7350  0.1760  1
179:   0.4550  0.3930  0.1520  1
180:   0.7652  0.1439  0.0909  1
181:   0.0260  0.0390  0.9349  1
182:   0.0420  0.6040  0.3540  1
183:   0.4795  0.4725  0.0480  1
184:   0.0880  0.2100  0.7020  1
185:   0.7800  0.1830  0.0370  1
186:   0.4845  0.0919  0.4236  1
187:   0.4520  0.2850  0.2630  1
188:   0.1120  0.5860  0.3020  1
189:   0.5750  0.3910  0.0340  1
190:   0.0460  0.0740  0.8800  1
191:   0.4830  0.0870  0.4300  1
192:   0.0760  0.6290  0.2950  1
193:   0.9420  0.0290  0.0290  1
194:   0.9040  0.0650  0.0310  1
195:   0.8220  0.1530  0.0250  1
196:   0.8230  0.0640  0.1130  1
197:   0.8390  0.0600  0.1010  1
198:   0.7940  0.1630  0.0430  1
199:   0.1260  0.5480  0.3260  1
200:   0.8028  0.1221  0.0751  1
201:   0.9240  0.0360  0.0400  1
202:   0.0940  0.7780  0.1280  1
203:   0.0811  0.8729  0.0460  1
204:   0.0879  0.8641  0.0480  1
205:   0.1110  0.0840  0.8050  1
206:   0.6350  0.2850  0.0800  1
207:   0.0280  0.0530  0.9190  1
208:   0.7340  0.1250  0.1410  1
209:   0.7510  0.0780  0.1710  1
210:   0.8559  0.0801  0.0641  1
211:   0.1379  0.0430  0.8192  1
212:   0.1001  0.0571  0.8428  1
213:   0.0540  0.8870  0.0590  1
214:   0.8060  0.1190  0.0750  1
215:   0.6286  0.2282  0.1431  1
216:   0.3260  0.6280  0.0460  1
217:   0.5794  0.3876  0.0330  1
218:   0.1690  0.0610  0.7700  1
219:   0.9230  0.0360  0.0410  1
220:   0.1150  0.8120  0.0730  1
221:   0.8100  0.0860  0.1040  1
222:   0.2280  0.5540  0.2180  1
223:   0.2220  0.6320  0.1460  1
224:   0.3890  0.3640  0.2470  1
225:   0.0260  0.0330  0.9410  1
226:   0.0290  0.0360  0.9350  1
227:   0.0490  0.0880  0.8630  1
228:   0.7900  0.0970  0.1130  1
229:   0.1900  0.1880  0.6220  1
230:   0.1440  0.8090  0.0470  1
231:   0.2480  0.2310  0.5210  1
232:   0.4010  0.4460  0.1530  1
233:   0.1099  0.6643  0.2258  1
234:   0.3280  0.4580  0.2140  1
235:   0.0790  0.6290  0.2920  1
236:   0.1970  0.7390  0.0640  1
237:   0.0670  0.3080  0.6250  1
238:   0.0330  0.0650  0.9020  1
239:   0.3880  0.5160  0.0960  1
240:   0.4200  0.4990  0.0810  1
241:   0.0450  0.0320  0.9230  1
242:   0.7160  0.1290  0.1550  1
243:   0.0609  0.7722  0.1668  1
244:   0.1190  0.4000  0.4810  1
245:   0.6890  0.1000  0.2110  1
246:   0.7930  0.1640  0.0430  1
247:   0.2793  0.4605  0.2603  1
248:   0.1170  0.2810  0.6020  1
249:   0.3550  0.5050  0.1400  1
250:   0.0980  0.4300  0.4720  1
251:   0.0681  0.7688  0.1632  1
252:   0.3746  0.4575  0.1678  1
253:   0.8880  0.0690  0.0430  1
254:   0.2630  0.5320  0.2050  1
255:   0.9050  0.0550  0.0400  1
256:   0.9040  0.0560  0.0400  1
257:   0.7830  0.0900  0.1270  1
258:   0.7000  0.1840  0.1160  1
259:   0.8288  0.1381  0.0330  1
260:   0.2587  0.4146  0.3267  1

  1:   0.7053  0.1249  0.1698  1
  2:   0.4340  0.3360  0.2300  1
  3:   0.4310  0.3370  0.2320  1
  4:   0.4450  0.4660  0.0890  1
  5:   0.5980  0.1430  0.2590  1
  6:   0.7898  0.1652  0.0450  1
  7:   0.2810  0.3560  0.3630  1
  8:   0.2490  0.2320  0.5190  1
  9:   0.1409  0.0370  0.8222  1
 10:   0.8160  0.0740  0.1100  1
 11:   0.8400  0.1160  0.0440  1
 12:   0.0550  0.1080  0.8370  1
 13:   0.1320  0.8070  0.0610  1
 14:   0.0540  0.6950  0.2510  1
 15:   0.3960  0.5480  0.0560  1
 16:   0.0440  0.1359  0.8202  1
 17:   0.0530  0.8220  0.1250  1
 18:   0.1690  0.4440  0.3870  1
 19:   0.7970  0.0370  0.1660  1
 20:   0.8700  0.0860  0.0440  1
 21:   0.0360  0.1191  0.8448  1
 22:   0.7050  0.2100  0.0850  1
 23:   0.1450  0.4170  0.4380  1
 24:   0.0220  0.0240  0.9540  1
 25:   0.0820  0.6950  0.2230  1
 26:   0.3920  0.2530  0.3550  1
 27:   0.1211  0.0661  0.8128  1
 28:   0.1360  0.7740  0.0900  1
 29:   0.2028  0.7303  0.0669  1
 30:   0.0950  0.7590  0.1460  1
 31:   0.2030  0.4320  0.3650  1
 32:   0.2830  0.5540  0.1630  1
 33:   0.0800  0.5350  0.3850  1
 34:   0.8950  0.0420  0.0630  1
 35:   0.2320  0.4730  0.2950  1
 36:   0.8519  0.0521  0.0961  1
 37:   0.1471  0.4545  0.3984  1
 38:   0.0690  0.1010  0.8300  1
 39:   0.5340  0.2740  0.1920  1
 40:   0.0870  0.3590  0.5540  1
 41:   0.0470  0.0569  0.8961  1
 42:   0.1410  0.7380  0.1210  1
 43:   0.0370  0.1080  0.8550  1
 44:   0.1190  0.0470  0.8340  1
 45:   0.3554  0.4955  0.1491  1
 46:   0.0520  0.5680  0.3800  1
 47:   0.1110  0.3940  0.4950  1
 48:   0.1540  0.3960  0.4500  1
 49:   0.0930  0.7510  0.1560  1
 50:   0.2140  0.4950  0.2910  1
 51:   0.0630  0.8990  0.0380  1
 52:   0.1430  0.7780  0.0790  1
 53:   0.6200  0.3330  0.0470  1
 54:   0.0840  0.8550  0.0610  1
 55:   0.1790  0.5230  0.2980  1
 56:   0.0770  0.4800  0.4430  1
 57:   0.0610  0.8660  0.0730  1
 58:   0.1360  0.5480  0.3160  1
 59:   0.7300  0.1860  0.0840  1
 60:   0.5200  0.3240  0.1560  1
 61:   0.0820  0.0610  0.8570  1
 62:   0.1459  0.7592  0.0949  1
 63:   0.1942  0.4745  0.3313  1
 64:   0.9390  0.0370  0.0240  1
 65:   0.0610  0.7050  0.2340  1
 66:   0.0430  0.0360  0.9210  1
 67:   0.0700  0.8100  0.1200  1
 68:   0.0580  0.7210  0.2210  1
 69:   0.1240  0.5390  0.3370  1
 70:   0.1600  0.6630  0.1770  1
 71:   0.2140  0.6650  0.1210  1
 72:   0.1160  0.6700  0.2140  1
 73:   0.1100  0.5070  0.3830  1
 74:   0.4270  0.4720  0.1010  1
 75:   0.1460  0.3750  0.4790  1
 76:   0.1441  0.7548  0.1011  1
 77:   0.7820  0.1430  0.0750  1
 78:   0.2150  0.2800  0.5050  1
 79:   0.7670  0.1100  0.1230  1
 80:   0.1250  0.5870  0.2880  1
 81:   0.1530  0.5100  0.3370  1
 82:   0.1420  0.6880  0.1700  1
 83:   0.0430  0.3860  0.5710  1
 84:   0.4885  0.1129  0.3986  1
 85:   0.0550  0.8520  0.0930  1
 86:   0.0770  0.7940  0.1290  1
 87:   0.6580  0.0700  0.2720  1
 88:   0.1100  0.3840  0.5060  1
 89:   0.2420  0.5740  0.1840  1
 90:   0.0879  0.6134  0.2987  1
 91:   0.1090  0.5150  0.3760  1
 92:   0.0450  0.8700  0.0850  1
 93:   0.1640  0.5990  0.2370  1
 94:   0.0890  0.7610  0.1500  1
 95:   0.4390  0.3130  0.2480  1
 96:   0.3240  0.2920  0.3840  1
 97:   0.8661  0.1069  0.0270  1
 98:   0.7360  0.1200  0.1440  1
 99:   0.0590  0.8910  0.0500  1
100:   0.1890  0.6840  0.1270  1
101:   0.0809  0.1808  0.7383  1
102:   0.0830  0.4800  0.4370  1
103:   0.0700  0.1640  0.7660  1
104:   0.6880  0.1660  0.1460  1
105:   0.4740  0.2770  0.2490  1
106:   0.1159  0.7243  0.1598  1
107:   0.7150  0.2230  0.0620  1
108:   0.0859  0.5255  0.3886  1
109:   0.0950  0.5820  0.3230  1
110:   0.5760  0.3530  0.0710  1
111:   0.7668  0.0891  0.1441  1
112:   0.6940  0.2020  0.1040  1
113:   0.1740  0.4560  0.3700  1
114:   0.2820  0.6860  0.0320  1
115:   0.0960  0.1410  0.7630  1
116:   0.1080  0.3930  0.4990  1
117:   0.4020  0.0920  0.5060  1
118:   0.4825  0.3473  0.1702  1
119:   0.1410  0.6590  0.2000  1
120:   0.4525  0.4915  0.0561  1
121:   0.0360  0.0699  0.8941  1
122:   0.2853  0.3524  0.3624  1
123:   0.9400  0.0300  0.0300  1
124:   0.0480  0.7760  0.1760  1
125:   0.7210  0.1770  0.1020  1
126:   0.8100  0.1200  0.0700  1
127:   0.1011  0.8549  0.0440  1
128:   0.4730  0.1580  0.3690  1
129:   0.1090  0.7860  0.1050  1
130:   0.3140  0.5140  0.1720  1
131:   0.2970  0.5340  0.1690  1
132:   0.6810  0.2200  0.0990  1
133:   0.0310  0.3210  0.6480  1
134:   0.0430  0.8899  0.0671  1
135:   0.0470  0.8701  0.0829  1
136:   0.0810  0.8720  0.0470  1
137:   0.5770  0.3790  0.0440  1
138:   0.5270  0.3770  0.0960  1
139:   0.6310  0.2870  0.0820  1
140:   0.8460  0.1120  0.0420  1
141:   0.6987  0.2282  0.0731  1
142:   0.7688  0.1592  0.0721  1
143:   0.6490  0.2770  0.0740  1
144:   0.0650  0.6810  0.2540  1
145:   0.6587  0.1972  0.1441  1
146:   0.0890  0.8670  0.0440  1
147:   0.0700  0.3660  0.5640  1
148:   0.1812  0.2553  0.5636  1
149:   0.1280  0.0910  0.7810  1
150:   0.2130  0.6990  0.0880  1
151:   0.0320  0.0340  0.9340  1
152:   0.1882  0.5886  0.2232  1
153:   0.1251  0.2823  0.5926  1
154:   0.0551  0.0541  0.8909  1
155:   0.1738  0.1618  0.6643  1
156:   0.3330  0.5520  0.1150  1
157:   0.8501  0.0909  0.0589  1
158:   0.2470  0.6300  0.1230  1
159:   0.9250  0.0410  0.0340  1
160:   0.1270  0.5910  0.2820  1
161:   0.7730  0.1260  0.1010  1
162:   0.1170  0.2510  0.6320  1
163:   0.8198  0.1281  0.0521  1
164:   0.8220  0.1010  0.0770  1
165:   0.9270  0.0420  0.0310  1
166:   0.4060  0.1390  0.4550  1
167:   0.0370  0.0711  0.8919  1
168:   0.0640  0.8220  0.1140  1
169:   0.1190  0.6120  0.2690  1
170:   0.0550  0.8750  0.0700  1
171:   0.6570  0.1700  0.1730  1
172:   0.0820  0.2010  0.7170  1
