  1:   0.7041  0.1761  0.1198  1
  2:   0.4411  0.2164  0.3425  1
  3:   0.4214  0.2801  0.2985  1
  4:   0.4412  0.0914  0.4674  1
  5:   0.6072  0.2400  0.1528  1
  6:   0.7801  0.0474  0.1725  1
  7:   0.2756  0.3580  0.3664  1
  8:   0.2471  0.5427  0.2102  1
  9:   0.1455  0.8165  0.0380  1
 10:   0.8180  0.1070  0.0750  1
 11:   0.8355  0.0474  0.1170  1
 12:   0.0584  0.8268  0.1148  1
 13:   0.1372  0.0670  0.7958  1
 14:   0.0556  0.3032  0.6413  1
 15:   0.3746  0.0600  0.5654  1
 16:   0.0458  0.8088  0.1454  1
 17:   0.0522  0.1392  0.8086  1
 18:   0.1636  0.4142  0.4222  1
 19:   0.7974  0.1652  0.0374  1
 20:   0.8672  0.0442  0.0886  1
 21:   0.0370  0.8415  0.1214  1
 22:   0.7025  0.0832  0.2143  1
 23:   0.1468  0.4665  0.3867  1
 24:   0.0226  0.9522  0.0252  1
 25:   0.0816  0.2474  0.6709  1
 26:   0.3959  0.3513  0.2528  1
 27:   0.1307  0.8007  0.0686  1
 28:   0.1412  0.0982  0.7606  1
 29:   0.2062  0.0712  0.7227  1
 30:   0.0988  0.1592  0.7420  1
 31:   0.2022  0.3741  0.4237  1
 32:   0.2829  0.1602  0.5569  1
 33:   0.0778  0.4394  0.4828  1
 34:   0.8944  0.0636  0.0420  1
 35:   0.2146  0.3625  0.4229  1
 36:   0.8516  0.0974  0.0510  1
 37:   0.1476  0.4145  0.4379  1
 38:   0.0722  0.8227  0.1051  1
 39:   0.5335  0.1830  0.2835  1
 40:   0.0820  0.5703  0.3477  1
 41:   0.0492  0.8922  0.0586  1
 42:   0.1542  0.1434  0.7024  1
 43:   0.0360  0.8630  0.1010  1
 44:   0.1270  0.8242  0.0488  1
 45:   0.3517  0.1445  0.5038  1
 46:   0.0510  0.4372  0.5118  1
 47:   0.1100  0.4846  0.4054  1
 48:   0.1534  0.4147  0.4319  1
 49:   0.0882  0.1516  0.7602  1
 50:   0.1956  0.2660  0.5384  1
 51:   0.0618  0.0378  0.9004  1
 52:   0.1430  0.0820  0.7750  1
 53:   0.6119  0.0496  0.3385  1
 54:   0.0766  0.0604  0.8630  1
 55:   0.1888  0.3105  0.5007  1
 56:   0.0746  0.4302  0.4952  1
 57:   0.0630  0.0770  0.8600  1
 58:   0.1374  0.3163  0.5463  1
 59:   0.7254  0.0854  0.1892  1
 60:   0.5140  0.1429  0.3431  1
 61:   0.0832  0.8524  0.0644  1
 62:   0.1420  0.0934  0.7646  1
 63:   0.1780  0.3923  0.4297  1
 64:   0.9384  0.0242  0.0374  1
 65:   0.0598  0.2324  0.7079  1
 66:   0.0434  0.9204  0.0362  1
 67:   0.0698  0.1266  0.8036  1
 68:   0.0568  0.2056  0.7375  1
 69:   0.1246  0.3143  0.5611  1
 70:   0.1556  0.1726  0.6718  1
 71:   0.2016  0.1268  0.6716  1
 72:   0.1140  0.2665  0.6195  1
 73:   0.1124  0.3721  0.5155  1
 74:   0.4363  0.1156  0.4481  1
 75:   0.1510  0.4996  0.3494  1
 76:   0.1388  0.0966  0.7646  1
 77:   0.7804  0.0774  0.1422  1
 78:   0.2196  0.5121  0.2683  1
 79:   0.7706  0.1192  0.1102  1
 80:   0.1232  0.3456  0.5312  1
 81:   0.1530  0.3111  0.5359  1
 82:   0.1470  0.2106  0.6423  1
 83:   0.0410  0.6080  0.3510  1
 84:   0.4948  0.3956  0.1096  1
 85:   0.0542  0.0934  0.8524  1
 86:   0.0746  0.1228  0.8026  1
 87:   0.6549  0.2717  0.0734  1
 88:   0.1130  0.5212  0.3659  1
 89:   0.2338  0.1744  0.5918  1
 90:   0.0852  0.3620  0.5528  1
 91:   0.1124  0.3868  0.5008  1
 92:   0.0456  0.0886  0.8658  1
 93:   0.1595  0.2225  0.6181  1
 94:   0.0878  0.1572  0.7550  1
 95:   0.4244  0.2738  0.3018  1
 96:   0.3282  0.3848  0.2870  1
 97:   0.8630  0.0268  0.1102  1
 98:   0.7246  0.1518  0.1236  1
 99:   0.0592  0.0494  0.8914  1
100:   0.1914  0.1218  0.6868  1
101:   0.0814  0.7498  0.1688  1
102:   0.0824  0.4835  0.4341  1
103:   0.0684  0.7708  0.1608  1
104:   0.6878  0.1512  0.1610  1
105:   0.4602  0.2596  0.2802  1
106:   0.1158  0.1544  0.7299  1
107:   0.6979  0.0664  0.2357  1
108:   0.0889  0.3948  0.5163  1
109:   0.0978  0.3215  0.5807  1
110:   0.5779  0.0774  0.3447  1
111:   0.7672  0.1378  0.0950  1
112:   0.6936  0.1066  0.1998  1
113:   0.1600  0.4267  0.4133  1
114:   0.2688  0.0318  0.6994  1
115:   0.0974  0.7572  0.1454  1
116:   0.1082  0.4988  0.3930  1
117:   0.4143  0.4887  0.0970  1
118:   0.4678  0.1747  0.3575  1
119:   0.1448  0.2248  0.6304  1
120:   0.4383  0.0588  0.5029  1
121:   0.0354  0.8916  0.0730  1
122:   0.2944  0.3642  0.3414  1
123:   0.9394  0.0302  0.0304  1
124:   0.0516  0.2147  0.7337  1
125:   0.7194  0.1044  0.1762  1
126:   0.8040  0.0712  0.1248  1
127:   0.1024  0.0454  0.8522  1
128:   0.4679  0.3819  0.1502  1
129:   0.1088  0.1072  0.7840  1
130:   0.3211  0.1648  0.5141  1
131:   0.3037  0.1746  0.5217  1
132:   0.6679  0.1048  0.2273  1
133:   0.0318  0.6319  0.3363  1
134:   0.0434  0.0706  0.8860  1
135:   0.0484  0.0906  0.8610  1
136:   0.0824  0.0458  0.8718  1
137:   0.5531  0.0450  0.4019  1
138:   0.5117  0.0940  0.3943  1
139:   0.6141  0.0806  0.3053  1
140:   0.8404  0.0438  0.1158  1
141:   0.6791  0.0708  0.2500  1
142:   0.7632  0.0728  0.1640  1
143:   0.6262  0.0752  0.2986  1
144:   0.0664  0.2889  0.6448  1
145:   0.6534  0.1436  0.2030  1
146:   0.0854  0.0440  0.8706  1
147:   0.0698  0.5415  0.3887  1
148:   0.1895  0.5535  0.2570  1
149:   0.1348  0.7760  0.0892  1
150:   0.2014  0.0872  0.7113  1
151:   0.0340  0.9314  0.0346  1
152:   0.1920  0.2562  0.5517  1
153:   0.1214  0.5531  0.3255  1
154:   0.0552  0.8910  0.0538  1
155:   0.1778  0.6510  0.1712  1
156:   0.3200  0.1080  0.5720  1
157:   0.8487  0.0606  0.0908  1
158:   0.2284  0.1158  0.6558  1
159:   0.9224  0.0362  0.0414  1
160:   0.1304  0.2834  0.5862  1
161:   0.7692  0.0992  0.1316  1
162:   0.1150  0.6210  0.2640  1
163:   0.8169  0.0522  0.1308  1
164:   0.8166  0.0808  0.1026  1
165:   0.9266  0.0308  0.0426  1
166:   0.4105  0.4465  0.1430  1
167:   0.0368  0.8906  0.0726  1
168:   0.0634  0.1118  0.8248  1
169:   0.1197  0.3145  0.5658  1
170:   0.0548  0.0676  0.8776  1
171:   0.6509  0.1744  0.1746  1
172:   0.0841  0.7076  0.2083  1
173:   0.1152  0.7972  0.0876  1
174:   0.5711  0.0964  0.3325  1
175:   0.1388  0.3419  0.5193  1
176:   0.0434  0.4159  0.5407  1
177:   0.0486  0.6671  0.2843  1
178:   0.0956  0.2016  0.7028  1
179:   0.4652  0.1614  0.3734  1
180:   0.7524  0.0914  0.1562  1
181:   0.0276  0.9324  0.0400  1
182:   0.0448  0.4042  0.5510  1
183:   0.4272  0.0488  0.5240  1
184:   0.0938  0.7135  0.1926  1
185:   0.7900  0.0392  0.1708  1
186:   0.5093  0.3949  0.0958  1
187:   0.4686  0.2646  0.2668  1
188:   0.1078  0.2737  0.6185  1
189:   0.5045  0.0336  0.4619  1
190:   0.0484  0.8770  0.0746  1
191:   0.4892  0.4202  0.0906  1
192:   0.0810  0.2702  0.6487  1
193:   0.9388  0.0304  0.0308  1
194:   0.9016  0.0316  0.0668  1
195:   0.7837  0.0254  0.1909  1
196:   0.8242  0.1134  0.0624  1
197:   0.8326  0.1042  0.0632  1
198:   0.7816  0.0448  0.1736  1
199:   0.1348  0.3977  0.4675  1
200:   0.8009  0.0782  0.1208  1
201:   0.9220  0.0418  0.0362  1
202:   0.1012  0.1358  0.7630  1
203:   0.0812  0.0462  0.8726  1
204:   0.0892  0.0514  0.8594  1
205:   0.1154  0.8045  0.0802  1
206:   0.6483  0.0848  0.2669  1
207:   0.0300  0.9146  0.0554  1
208:   0.7228  0.1434  0.1338  1
209:   0.7524  0.1708  0.0768  1
210:   0.8480  0.0660  0.0860  1
211:   0.1458  0.8100  0.0442  1
212:   0.0992  0.8382  0.0626  1
213:   0.0538  0.0574  0.8888  1
214:   0.8006  0.0804  0.1190  1
215:   0.5800  0.1445  0.2755  1
216:   0.3153  0.0464  0.6383  1
217:   0.5055  0.0338  0.4607  1
218:   0.1752  0.7613  0.0634  1
219:   0.9218  0.0422  0.0360  1
220:   0.1166  0.0720  0.8114  1
221:   0.8062  0.1062  0.0876  1
222:   0.2261  0.2149  0.5590  1
223:   0.2356  0.1608  0.6037  1
224:   0.3583  0.2404  0.4013  1
225:   0.0278  0.9384  0.0338  1
226:   0.0306  0.9324  0.0370  1
227:   0.0500  0.8586  0.0914  1
228:   0.7890  0.1152  0.0958  1
229:   0.1988  0.6141  0.1870  1
230:   0.1528  0.0494  0.7978  1
231:   0.2492  0.5148  0.2360  1
232:   0.4185  0.1634  0.4181  1
233:   0.1030  0.2240  0.6729  1
234:   0.3029  0.1956  0.5015  1
235:   0.0812  0.3580  0.5608  1
236:   0.1955  0.0648  0.7397  1
237:   0.0674  0.6362  0.2964  1
238:   0.0362  0.8938  0.0700  1
239:   0.4073  0.1026  0.4901  1
240:   0.3927  0.0800  0.5273  1
241:   0.0480  0.9190  0.0330  1
242:   0.7136  0.1546  0.1318  1
243:   0.0630  0.1970  0.7400  1
244:   0.1156  0.5581  0.3263  1
245:   0.6824  0.2094  0.1082  1
246:   0.7582  0.0456  0.1962  1
247:   0.2907  0.2588  0.4505  1
248:   0.1184  0.5683  0.3134  1
249:   0.3530  0.1414  0.5056  1
250:   0.0960  0.4604  0.4436  1
251:   0.0714  0.1868  0.7418  1
252:   0.3463  0.1599  0.4938  1
253:   0.8822  0.0444  0.0734  1
254:   0.2792  0.2154  0.5054  1
255:   0.9012  0.0436  0.0552  1
256:   0.9014  0.0434  0.0552  1
257:   0.7812  0.1232  0.0956  1
258:   0.7112  0.1166  0.1722  1
259:   0.8216  0.0340  0.1444  1
260:   0.2413  0.2987  0.4599  1
