1:    0.357 0.313 0.330 1    
2:    0.341 0.326 0.333 1    
3:    0.332 0.355 0.314 1    
4:    0.343 0.315 0.342 1    
5:    0.322 0.332 0.346 1    
6:    0.341 0.325 0.335 1    
7:    0.323 0.345 0.333 1    
8:    0.339 0.336 0.326 1    
9:    0.322 0.329 0.349 1    
10:   0.336 0.334 0.330 1    
11:   0.348 0.305 0.347 1    
12:   0.353 0.321 0.325 1    
13:   0.315 0.345 0.340 1    
14:   0.340 0.322 0.338 1    
15:   0.316 0.365 0.320 1    
16:   0.355 0.315 0.330 1    
17:   0.321 0.344 0.335 1    
18:   0.354 0.321 0.326 1    
19:   0.362 0.313 0.325 1    
20:   0.340 0.319 0.341 1    
21:   0.319 0.330 0.352 1    
22:   0.332 0.335 0.333 1    
23:   0.308 0.359 0.332 1    
24:   0.334 0.339 0.326 1    
25:   0.354 0.332 0.314 1    
26:   0.314 0.342 0.345 1    
27:   0.348 0.320 0.331 1    
28:   0.348 0.318 0.334 1    
29:   0.303 0.373 0.324 1    
30:   0.350 0.323 0.327 1    
31:   0.344 0.308 0.349 1    
32:   0.348 0.331 0.320 1    
33:   0.338 0.322 0.340 1    
34:   0.336 0.326 0.339 1    
35:   0.325 0.340 0.335 1    
36:   0.323 0.338 0.339 1    
37:   0.322 0.321 0.357 1    
38:   0.311 0.356 0.333 1    
39:   0.343 0.319 0.338 1    
40:   0.324 0.337 0.339 1    
41:   0.345 0.332 0.323 1    
42:   0.342 0.314 0.344 1    
43:   0.355 0.290 0.354 1    
44:   0.362 0.280 0.358 1    
45:   0.361 0.313 0.326 1    
46:   0.350 0.314 0.335 1    
47:   0.344 0.325 0.331 1    
48:   0.338 0.320 0.342 1    
49:   0.338 0.328 0.334 1    
50:   0.322 0.330 0.349 1    
51:   0.338 0.329 0.333 1    
52:   0.338 0.327 0.335 1    
53:   0.349 0.306 0.345 1    
54:   0.347 0.320 0.332 1    
55:   0.354 0.309 0.337 1    
56:   0.323 0.334 0.343 1    
57:   0.364 0.314 0.321 1    
58:   0.352 0.315 0.333 1    
59:   0.343 0.330 0.327 1    
60:   0.324 0.337 0.339 1    
61:   0.287 0.391 0.321 1    
62:   0.287 0.378 0.336 1    
63:   0.338 0.325 0.337 1    
64:   0.330 0.347 0.322 1    
65:   0.324 0.349 0.326 1    
66:   0.342 0.321 0.336 1    
67:   0.335 0.329 0.336 1    
68:   0.329 0.337 0.334 1    
69:   0.307 0.358 0.335 1    
70:   0.336 0.332 0.332 1    
71:   0.303 0.374 0.323 1    
72:   0.347 0.322 0.331 1    
73:   0.322 0.347 0.332 1    
74:   0.341 0.314 0.346 1    
75:   0.317 0.339 0.343 1    
76:   0.357 0.312 0.331 1    
77:   0.347 0.323 0.330 1    
78:   0.340 0.327 0.332 1    
79:   0.282 0.386 0.332 1    
80:   0.336 0.309 0.355 1    
81:   0.326 0.339 0.334 1    
82:   0.349 0.309 0.343 1    
83:   0.343 0.313 0.343 1    
84:   0.355 0.319 0.325 1    
85:   0.357 0.303 0.340 1    
86:   0.349 0.316 0.334 1    
87:   0.316 0.379 0.305 1    
88:   0.292 0.393 0.315 1    
89:   0.295 0.383 0.322 1    
90:   0.277 0.428 0.295 1    
91:   0.321 0.369 0.310 1    
92:   0.298 0.401 0.301 1    
93:   0.345 0.297 0.357 1    
94:   0.353 0.307 0.339 1    
95:   0.346 0.326 0.327 1    
96:   0.351 0.310 0.339 1    
97:   0.348 0.307 0.345 1    
98:   0.327 0.330 0.342 1    
99:   0.333 0.320 0.347 1    
100:  0.312 0.366 0.321 1    
101:  0.342 0.321 0.337 1    
102:  0.352 0.321 0.327 1    
103:  0.309 0.362 0.329 1    
104:  0.329 0.322 0.348 1    
105:  0.301 0.378 0.321 1    
106:  0.352 0.319 0.330 1    
107:  0.311 0.368 0.321 1    
108:  0.311 0.354 0.335 1    
109:  0.335 0.336 0.328 1    
              
              
1:    0.339 0.301 0.360 1    
2:    0.337 0.324 0.339 1    
3:    0.311 0.359 0.330 1    
4:    0.360 0.298 0.342 1    
5:    0.347 0.321 0.332 1    
6:    0.339 0.319 0.342 1    
7:    0.344 0.313 0.343 1    
8:    0.339 0.317 0.344 1    
9:    0.343 0.352 0.305 1    
10:   0.342 0.338 0.320 1    
11:   0.354 0.300 0.345 1    
12:   0.336 0.315 0.349 1    
13:   0.339 0.369 0.293 1    
14:   0.335 0.321 0.344 1    
15:   0.314 0.354 0.332 1    
16:   0.337 0.309 0.354 1    
17:   0.341 0.321 0.338 1    
18:   0.340 0.279 0.380 1    
19:   0.332 0.272 0.396 1    
20:   0.340 0.302 0.358 1    
21:   0.345 0.345 0.310 1    
22:   0.344 0.297 0.359 1    
23:   0.338 0.332 0.330 1    
24:   0.327 0.372 0.301 1    
25:   0.311 0.310 0.379 1    
26:   0.331 0.366 0.303 1    
27:   0.331 0.330 0.339 1    
28:   0.351 0.293 0.356 1    
29:   0.321 0.369 0.310 1    
30:   0.334 0.287 0.379 1    
31:   0.357 0.285 0.358 1    
32:   0.328 0.336 0.335 1    
33:   0.351 0.288 0.361 1    
34:   0.346 0.315 0.339 1    
35:   0.331 0.329 0.340 1    
36:   0.348 0.344 0.309 1    
37:   0.352 0.312 0.336 1    
38:   0.326 0.372 0.302 1    
39:   0.340 0.325 0.335 1    
40:   0.330 0.341 0.329 1    
41:   0.329 0.345 0.326 1    
42:   0.348 0.340 0.312 1    
43:   0.359 0.294 0.347 1    
44:   0.363 0.283 0.354 1    
45:   0.330 0.315 0.355 1    
46:   0.338 0.294 0.368 1    
47:   0.341 0.309 0.349 1    
48:   0.353 0.311 0.336 1    
49:   0.331 0.339 0.331 1    
50:   0.348 0.320 0.332 1    
51:   0.338 0.323 0.339 1    
52:   0.339 0.324 0.337 1    
53:   0.343 0.295 0.362 1    
54:   0.335 0.316 0.349 1    
55:   0.337 0.318 0.345 1    
56:   0.362 0.310 0.328 1    
57:   0.324 0.278 0.397 1    
58:   0.335 0.319 0.345 1    
59:   0.328 0.338 0.334 1    
60:   0.334 0.348 0.318 1    
61:   0.295 0.425 0.280 1    
62:   0.319 0.385 0.296 1    
63:   0.337 0.323 0.340 1    
64:   0.313 0.376 0.311 1    
65:   0.309 0.378 0.313 1    
66:   0.341 0.312 0.347 1    
67:   0.338 0.323 0.339 1    
68:   0.342 0.320 0.338 1    
69:   0.340 0.323 0.337 1    
70:   0.335 0.325 0.340 1    
71:   0.302 0.405 0.293 1    
72:   0.331 0.327 0.342 1    
73:   0.331 0.342 0.326 1    
74:   0.333 0.314 0.353 1    
75:   0.342 0.295 0.363 1    
76:   0.341 0.268 0.391 1    
77:   0.346 0.299 0.355 1    
78:   0.337 0.322 0.341 1    
79:   0.309 0.419 0.273 1    
80:   0.352 0.331 0.317 1    
81:   0.332 0.350 0.318 1    
82:   0.345 0.296 0.358 1    
83:   0.344 0.315 0.341 1    
84:   0.334 0.282 0.384 1    
85:   0.344 0.305 0.351 1    
86:   0.339 0.304 0.357 1    
87:   0.290 0.390 0.320 1    
88:   0.303 0.405 0.292 1    
89:   0.305 0.402 0.293 1    
90:   0.276 0.450 0.275 1    
91:   0.307 0.388 0.304 1    
92:   0.289 0.424 0.286 1    
93:   0.359 0.310 0.331 1    
94:   0.349 0.296 0.355 1    
95:   0.336 0.314 0.350 1    
96:   0.337 0.318 0.345 1    
97:   0.341 0.318 0.340 1    
98:   0.338 0.332 0.331 1    
99:   0.335 0.337 0.328 1    
100:  0.311 0.397 0.292 1    
101:  0.341 0.324 0.335 1    
102:  0.332 0.346 0.322 1    
103:  0.323 0.352 0.325 1    
104:  0.342 0.333 0.325 1    
105:  0.311 0.406 0.283 1    
106:  0.333 0.321 0.347 1    
107:  0.302 0.405 0.292 1    
108:  0.329 0.349 0.322 1    
109:  0.338 0.314 0.348 1    
              
              
1:    0.364 0.381 0.255 1    
2:    0.346 0.342 0.312 1    
3:    0.289 0.307 0.404 1    
4:    0.351 0.380 0.269 1    
5:    0.387 0.321 0.292 1    
6:    0.328 0.337 0.335 1    
7:    0.336 0.382 0.282 1    
8:    0.320 0.347 0.333 1    
9:    0.323 0.300 0.377 1    
10:   0.333 0.353 0.314 1    
11:   0.359 0.360 0.281 1    
12:   0.339 0.354 0.306 1    
13:   0.307 0.280 0.412 1    
14:   0.381 0.326 0.294 1    
15:   0.286 0.303 0.411 1    
16:   0.343 0.358 0.300 1    
17:   0.325 0.375 0.300 1    
18:   0.375 0.393 0.232 1    
19:   0.373 0.378 0.249 1    
20:   0.378 0.333 0.289 1    
21:   0.339 0.326 0.334 1    
22:   0.352 0.388 0.260 1    
23:   0.297 0.365 0.338 1    
24:   0.290 0.321 0.389 1    
25:   0.343 0.344 0.314 1    
26:   0.332 0.324 0.344 1    
27:   0.360 0.315 0.325 1    
28:   0.348 0.368 0.284 1    
29:   0.259 0.285 0.455 1    
30:   0.385 0.384 0.232 1    
31:   0.369 0.370 0.260 1    
32:   0.338 0.360 0.302 1    
33:   0.354 0.369 0.277 1    
34:   0.322 0.351 0.327 1    
35:   0.340 0.355 0.305 1    
36:   0.315 0.337 0.348 1    
37:   0.357 0.341 0.302 1    
38:   0.283 0.277 0.441 1    
39:   0.355 0.334 0.311 1    
40:   0.360 0.310 0.331 1    
41:   0.318 0.351 0.332 1    
42:   0.355 0.313 0.332 1    
43:   0.384 0.350 0.266 1    
44:   0.399 0.361 0.241 1    
45:   0.379 0.344 0.278 1    
46:   0.388 0.358 0.254 1    
47:   0.354 0.382 0.264 1    
48:   0.366 0.357 0.276 1    
49:   0.336 0.326 0.338 1    
50:   0.344 0.343 0.313 1    
51:   0.341 0.339 0.320 1    
52:   0.347 0.340 0.313 1    
53:   0.376 0.366 0.258 1    
54:   0.359 0.350 0.291 1    
55:   0.359 0.347 0.294 1    
56:   0.345 0.386 0.269 1    
57:   0.389 0.357 0.254 1    
58:   0.352 0.345 0.303 1    
59:   0.327 0.323 0.350 1    
60:   0.324 0.311 0.365 1    
61:   0.247 0.248 0.505 1    
62:   0.278 0.291 0.431 1    
63:   0.344 0.344 0.312 1    
64:   0.303 0.290 0.407 1    
65:   0.298 0.292 0.410 1    
66:   0.346 0.334 0.320 1    
67:   0.339 0.340 0.321 1    
68:   0.344 0.365 0.291 1    
69:   0.316 0.359 0.326 1    
70:   0.341 0.338 0.322 1    
71:   0.273 0.269 0.459 1    
72:   0.343 0.337 0.319 1    
73:   0.323 0.337 0.339 1    
74:   0.352 0.331 0.317 1    
75:   0.389 0.342 0.269 1    
76:   0.382 0.397 0.220 1    
77:   0.338 0.402 0.260 1    
78:   0.340 0.346 0.314 1    
79:   0.266 0.248 0.486 1    
80:   0.354 0.327 0.319 1    
81:   0.309 0.314 0.377 1    
82:   0.375 0.360 0.265 1    
83:   0.360 0.347 0.293 1    
84:   0.380 0.390 0.231 1    
85:   0.390 0.351 0.260 1    
86:   0.387 0.350 0.262 1    
87:   0.263 0.253 0.484 1    
88:   0.244 0.252 0.504 1    
89:   0.252 0.279 0.468 1    
90:   0.198 0.218 0.584 1    
91:   0.271 0.283 0.446 1    
92:   0.221 0.252 0.528 1    
93:   0.368 0.342 0.290 1    
94:   0.371 0.356 0.273 1    
95:   0.328 0.350 0.321 1    
96:   0.376 0.339 0.285 1    
97:   0.375 0.326 0.299 1    
98:   0.321 0.307 0.372 1    
99:   0.347 0.324 0.329 1    
100:  0.283 0.290 0.426 1    
101:  0.358 0.335 0.307 1    
102:  0.331 0.323 0.345 1    
103:  0.314 0.307 0.380 1    
104:  0.333 0.313 0.354 1    
105:  0.259 0.288 0.453 1    
106:  0.358 0.339 0.304 1    
107:  0.278 0.265 0.457 1    
108:  0.322 0.342 0.335 1    
109:  0.334 0.349 0.316 1    
              
              
1:    0.280 0.380 0.340 1    
2:    0.324 0.339 0.337 1    
3:    0.340 0.326 0.334 1    
4:    0.297 0.357 0.346 1    
5:    0.330 0.333 0.337 1    
6:    0.351 0.330 0.319 1    
7:    0.290 0.372 0.338 1    
8:    0.317 0.353 0.330 1    
9:    0.355 0.312 0.333 1    
10:   0.318 0.348 0.334 1    
11:   0.339 0.337 0.323 1    
12:   0.314 0.358 0.328 1    
13:   0.378 0.296 0.326 1    
14:   0.337 0.335 0.328 1    
15:   0.356 0.322 0.321 1    
16:   0.320 0.354 0.326 1    
17:   0.308 0.361 0.331 1    
18:   0.271 0.388 0.341 1    
19:   0.288 0.378 0.334 1    
20:   0.339 0.339 0.323 1    
21:   0.332 0.328 0.340 1    
22:   0.282 0.379 0.339 1    
23:   0.320 0.351 0.328 1    
24:   0.351 0.323 0.326 1    
25:   0.299 0.367 0.334 1    
26:   0.348 0.317 0.336 1    
27:   0.342 0.327 0.332 1    
28:   0.311 0.360 0.330 1    
29:   0.367 0.312 0.321 1    
30:   0.285 0.375 0.340 1    
31:   0.305 0.359 0.336 1    
32:   0.301 0.362 0.337 1    
33:   0.303 0.359 0.338 1    
34:   0.329 0.340 0.330 1    
35:   0.302 0.356 0.341 1    
36:   0.337 0.327 0.336 1    
37:   0.330 0.335 0.335 1    
38:   0.371 0.302 0.328 1    
39:   0.347 0.316 0.337 1    
40:   0.340 0.322 0.338 1    
41:   0.322 0.339 0.339 1    
42:   0.355 0.313 0.333 1    
43:   0.345 0.323 0.332 1    
44:   0.334 0.330 0.335 1    
45:   0.300 0.355 0.345 1    
46:   0.302 0.357 0.341 1    
47:   0.286 0.375 0.339 1    
48:   0.303 0.349 0.348 1    
49:   0.337 0.328 0.335 1    
50:   0.334 0.329 0.337 1    
51:   0.326 0.340 0.334 1    
52:   0.326 0.338 0.336 1    
53:   0.304 0.354 0.342 1    
54:   0.316 0.341 0.343 1    
55:   0.329 0.342 0.329 1    
56:   0.322 0.343 0.335 1    
57:   0.280 0.382 0.338 1    
58:   0.327 0.343 0.330 1    
59:   0.334 0.335 0.332 1    
60:   0.343 0.326 0.331 1    
61:   0.391 0.286 0.324 1    
62:   0.379 0.296 0.325 1    
63:   0.326 0.340 0.334 1    
64:   0.361 0.303 0.335 1    
65:   0.363 0.306 0.330 1    
66:   0.330 0.342 0.327 1    
67:   0.328 0.336 0.336 1    
68:   0.310 0.352 0.339 1    
69:   0.315 0.344 0.341 1    
70:   0.328 0.340 0.332 1    
71:   0.381 0.292 0.327 1    
72:   0.330 0.333 0.337 1    
73:   0.333 0.334 0.333 1    
74:   0.346 0.334 0.320 1    
75:   0.293 0.368 0.338 1    
76:   0.275 0.382 0.343 1    
77:   0.293 0.371 0.336 1    
78:   0.327 0.339 0.334 1    
79:   0.381 0.287 0.332 1    
80:   0.349 0.312 0.339 1    
81:   0.341 0.325 0.333 1    
82:   0.315 0.352 0.333 1    
83:   0.345 0.321 0.334 1    
84:   0.264 0.392 0.344 1    
85:   0.326 0.329 0.345 1    
86:   0.301 0.355 0.344 1    
87:   0.375 0.296 0.330 1    
88:   0.391 0.283 0.327 1    
89:   0.357 0.303 0.340 1    
90:   0.409 0.273 0.319 1    
91:   0.363 0.304 0.333 1    
92:   0.381 0.295 0.324 1    
93:   0.351 0.316 0.333 1    
94:   0.332 0.330 0.338 1    
95:   0.328 0.351 0.321 1    
96:   0.342 0.316 0.342 1    
97:   0.343 0.322 0.335 1    
98:   0.370 0.307 0.323 1    
99:   0.353 0.315 0.332 1    
100:  0.387 0.284 0.329 1    
101:  0.337 0.325 0.339 1    
102:  0.333 0.327 0.340 1    
103:  0.328 0.333 0.339 1    
104:  0.360 0.308 0.332 1    
105:  0.363 0.305 0.332 1    
106:  0.332 0.331 0.336 1    
107:  0.384 0.289 0.327 1    
108:  0.329 0.335 0.336 1    
109:  0.325 0.338 0.337 1    
              
              
1:    0.356 0.275 0.369 1    
2:    0.338 0.321 0.340 1    
3:    0.316 0.359 0.325 1    
4:    0.370 0.286 0.344 1    
5:    0.324 0.315 0.361 1    
6:    0.332 0.346 0.322 1    
7:    0.374 0.292 0.334 1    
8:    0.356 0.326 0.318 1    
9:    0.333 0.340 0.327 1    
10:   0.343 0.335 0.323 1    
11:   0.345 0.330 0.324 1    
12:   0.348 0.319 0.333 1    
13:   0.306 0.384 0.310 1    
14:   0.320 0.333 0.346 1    
15:   0.306 0.377 0.317 1    
16:   0.349 0.315 0.336 1    
17:   0.377 0.309 0.314 1    
18:   0.373 0.272 0.355 1    
19:   0.355 0.280 0.365 1    
20:   0.330 0.329 0.341 1    
21:   0.350 0.315 0.335 1    
22:   0.380 0.280 0.339 1    
23:   0.362 0.335 0.303 1    
24:   0.320 0.356 0.324 1    
25:   0.319 0.309 0.371 1    
26:   0.329 0.348 0.323 1    
27:   0.322 0.327 0.351 1    
28:   0.359 0.322 0.320 1    
29:   0.304 0.398 0.297 1    
30:   0.361 0.287 0.352 1    
31:   0.366 0.306 0.328 1    
32:   0.347 0.310 0.344 1    
33:   0.362 0.304 0.334 1    
34:   0.342 0.335 0.322 1    
35:   0.343 0.319 0.338 1    
36:   0.330 0.361 0.309 1    
37:   0.355 0.310 0.334 1    
38:   0.308 0.385 0.307 1    
39:   0.324 0.335 0.340 1    
40:   0.319 0.333 0.348 1    
41:   0.326 0.342 0.332 1    
42:   0.323 0.342 0.335 1    
43:   0.337 0.326 0.337 1    
44:   0.344 0.318 0.338 1    
45:   0.340 0.286 0.374 1    
46:   0.348 0.294 0.359 1    
47:   0.364 0.280 0.356 1    
48:   0.360 0.299 0.341 1    
49:   0.323 0.339 0.339 1    
50:   0.351 0.325 0.324 1    
51:   0.339 0.326 0.335 1    
52:   0.338 0.324 0.338 1    
53:   0.352 0.305 0.342 1    
54:   0.333 0.315 0.352 1    
55:   0.336 0.313 0.351 1    
56:   0.369 0.321 0.310 1    
57:   0.338 0.279 0.383 1    
58:   0.331 0.323 0.346 1    
59:   0.325 0.336 0.340 1    
60:   0.332 0.336 0.332 1    
61:   0.302 0.404 0.294 1    
62:   0.315 0.382 0.303 1    
63:   0.339 0.326 0.335 1    
64:   0.305 0.366 0.330 1    
65:   0.303 0.371 0.326 1    
66:   0.335 0.334 0.331 1    
67:   0.341 0.323 0.336 1    
68:   0.352 0.312 0.336 1    
69:   0.357 0.335 0.308 1    
70:   0.337 0.329 0.335 1    
71:   0.296 0.393 0.311 1    
72:   0.330 0.326 0.343 1    
73:   0.334 0.340 0.326 1    
74:   0.325 0.333 0.343 1    
75:   0.352 0.280 0.368 1    
76:   0.369 0.267 0.364 1    
77:   0.364 0.287 0.349 1    
78:   0.339 0.328 0.333 1    
79:   0.297 0.396 0.307 1    
80:   0.337 0.330 0.333 1    
81:   0.326 0.347 0.327 1    
82:   0.362 0.304 0.334 1    
83:   0.324 0.334 0.342 1    
84:   0.365 0.267 0.368 1    
85:   0.333 0.309 0.358 1    
86:   0.350 0.281 0.369 1    
87:   0.288 0.390 0.322 1    
88:   0.290 0.405 0.305 1    
89:   0.305 0.383 0.313 1    
90:   0.275 0.438 0.287 1    
91:   0.302 0.383 0.315 1    
92:   0.287 0.418 0.295 1    
93:   0.342 0.325 0.333 1    
94:   0.343 0.318 0.338 1    
95:   0.342 0.336 0.322 1    
96:   0.318 0.324 0.358 1    
97:   0.335 0.309 0.357 1    
98:   0.317 0.375 0.308 1    
99:   0.324 0.351 0.325 1    
100:  0.300 0.394 0.306 1    
101:  0.331 0.328 0.341 1    
102:  0.328 0.333 0.340 1    
103:  0.342 0.331 0.328 1    
104:  0.329 0.350 0.321 1    
105:  0.307 0.386 0.307 1    
106:  0.325 0.325 0.350 1    
107:  0.293 0.391 0.316 1    
108:  0.346 0.338 0.316 1    
109:  0.345 0.334 0.322 1    
