  1:   0.3660  0.3492  0.2848  1
  2:   0.3411  0.3375  0.3215  1
  3:   0.3203  0.3163  0.3633  1
  4:   0.3474  0.3596  0.2930  1
  5:   0.3470  0.3350  0.3180  1
  6:   0.3325  0.3323  0.3351  1
  7:   0.3415  0.3541  0.3043  1
  8:   0.3347  0.3395  0.3257  1
  9:   0.3178  0.3316  0.3506  1
 10:   0.3319  0.3403  0.3277  1
 11:   0.3428  0.3460  0.3112  1
 12:   0.3465  0.3383  0.3151  1
 13:   0.3042  0.3182  0.3776  1
 14:   0.3492  0.3294  0.3214  1
 15:   0.3146  0.3128  0.3726  1
 16:   0.3483  0.3399  0.3117  1
 17:   0.3318  0.3518  0.3164  1
 18:   0.3704  0.3546  0.2750  1
 19:   0.3748  0.3448  0.2804  1
 20:   0.3511  0.3333  0.3155  1
 21:   0.3262  0.3426  0.3312  1
 22:   0.3523  0.3569  0.2909  1
 23:   0.3179  0.3451  0.3369  1
 24:   0.3145  0.3241  0.3615  1
 25:   0.3628  0.3244  0.3128  1
 26:   0.3177  0.3329  0.3495  1
 27:   0.3450  0.3262  0.3288  1
 28:   0.3463  0.3483  0.3055  1
 29:   0.2963  0.3111  0.3926  1
 30:   0.3681  0.3491  0.2828  1
 31:   0.3516  0.3556  0.2928  1
 32:   0.3455  0.3385  0.3161  1
 33:   0.3492  0.3520  0.2988  1
 34:   0.3319  0.3417  0.3265  1
 35:   0.3399  0.3411  0.3191  1
 36:   0.3165  0.3379  0.3455  1
 37:   0.3369  0.3481  0.3151  1
 38:   0.3009  0.3143  0.3848  1
 39:   0.3379  0.3347  0.3275  1
 40:   0.3365  0.3271  0.3363  1
 41:   0.3319  0.3335  0.3345  1
 42:   0.3313  0.3321  0.3365  1
 43:   0.3493  0.3465  0.3043  1
 44:   0.3566  0.3522  0.2912  1
 45:   0.3647  0.3369  0.2983  1
 46:   0.3644  0.3440  0.2916  1
 47:   0.3557  0.3515  0.2929  1
 48:   0.3461  0.3521  0.3019  1
 49:   0.3343  0.3297  0.3361  1
 50:   0.3301  0.3455  0.3243  1
 51:   0.3386  0.3366  0.3248  1
 52:   0.3396  0.3376  0.3228  1
 53:   0.3567  0.3497  0.2937  1
 54:   0.3497  0.3387  0.3117  1
 55:   0.3502  0.3372  0.3126  1
 56:   0.3298  0.3590  0.3112  1
 57:   0.3832  0.3357  0.2811  1
 58:   0.3477  0.3349  0.3175  1
 59:   0.3357  0.3269  0.3375  1
 60:   0.3248  0.3294  0.3458  1
 61:   0.2788  0.2980  0.4232  1
 62:   0.2919  0.3171  0.3909  1
 63:   0.3394  0.3382  0.3224  1
 64:   0.3155  0.3131  0.3715  1
 65:   0.3135  0.3121  0.3743  1
 66:   0.3417  0.3347  0.3235  1
 67:   0.3370  0.3382  0.3248  1
 68:   0.3397  0.3463  0.3139  1
 69:   0.3223  0.3463  0.3313  1
 70:   0.3383  0.3347  0.3271  1
 71:   0.2943  0.3033  0.4023  1
 72:   0.3417  0.3333  0.3249  1
 73:   0.3263  0.3335  0.3403  1
 74:   0.3445  0.3309  0.3247  1
 75:   0.3611  0.3435  0.2953  1
 76:   0.3753  0.3563  0.2684  1
 77:   0.3520  0.3556  0.2924  1
 78:   0.3387  0.3377  0.3237  1
 79:   0.2829  0.3035  0.4135  1
 80:   0.3304  0.3420  0.3276  1
 81:   0.3211  0.3279  0.3509  1
 82:   0.3536  0.3486  0.2978  1
 83:   0.3415  0.3385  0.3201  1
 84:   0.3758  0.3516  0.2726  1
 85:   0.3569  0.3425  0.3005  1
 86:   0.3635  0.3435  0.2929  1
 87:   0.3033  0.2931  0.4035  1
 88:   0.2831  0.2973  0.4195  1
 89:   0.2912  0.3102  0.3986  1
 90:   0.2619  0.2765  0.4616  1
 91:   0.3031  0.3071  0.3899  1
 92:   0.2790  0.2906  0.4304  1
 93:   0.3387  0.3467  0.3147  1
 94:   0.3495  0.3451  0.3053  1
 95:   0.3395  0.3353  0.3251  1
 96:   0.3492  0.3350  0.3158  1
 97:   0.3484  0.3364  0.3152  1
 98:   0.3188  0.3254  0.3558  1
 99:   0.3296  0.3324  0.3380  1
100:   0.2955  0.3103  0.3942  1
101:   0.3401  0.3365  0.3233  1
102:   0.3344  0.3300  0.3356  1
103:   0.3217  0.3279  0.3505  1
104:   0.3233  0.3329  0.3439  1
105:   0.2910  0.3118  0.3972  1
106:   0.3475  0.3325  0.3201  1
107:   0.2973  0.3017  0.4011  1
108:   0.3213  0.3377  0.3411  1
109:   0.3355  0.3395  0.3251  1
