  1:   0.3660  0.2848  0.3492  1
  2:   0.3411  0.3215  0.3375  1
  3:   0.3203  0.3633  0.3163  1
  4:   0.3474  0.2930  0.3596  1
  5:   0.3470  0.3180  0.3350  1
  6:   0.3325  0.3351  0.3323  1
  7:   0.3415  0.3043  0.3541  1
  8:   0.3347  0.3257  0.3395  1
  9:   0.3178  0.3506  0.3316  1
 10:   0.3319  0.3277  0.3403  1
 11:   0.3428  0.3112  0.3460  1
 12:   0.3465  0.3151  0.3383  1
 13:   0.3042  0.3776  0.3182  1
 14:   0.3492  0.3214  0.3294  1
 15:   0.3146  0.3726  0.3128  1
 16:   0.3483  0.3117  0.3399  1
 17:   0.3318  0.3164  0.3518  1
 18:   0.3704  0.2750  0.3546  1
 19:   0.3748  0.2804  0.3448  1
 20:   0.3511  0.3155  0.3333  1
 21:   0.3262  0.3312  0.3426  1
 22:   0.3523  0.2909  0.3569  1
 23:   0.3179  0.3369  0.3451  1
 24:   0.3145  0.3615  0.3241  1
 25:   0.3628  0.3128  0.3244  1
 26:   0.3177  0.3495  0.3329  1
 27:   0.3450  0.3288  0.3262  1
 28:   0.3463  0.3055  0.3483  1
 29:   0.2963  0.3926  0.3111  1
 30:   0.3681  0.2828  0.3491  1
 31:   0.3516  0.2928  0.3556  1
 32:   0.3455  0.3161  0.3385  1
 33:   0.3492  0.2988  0.3520  1
 34:   0.3319  0.3265  0.3417  1
 35:   0.3399  0.3191  0.3411  1
 36:   0.3165  0.3455  0.3379  1
 37:   0.3369  0.3151  0.3481  1
 38:   0.3009  0.3848  0.3143  1
 39:   0.3379  0.3275  0.3347  1
 40:   0.3365  0.3363  0.3271  1
 41:   0.3319  0.3345  0.3335  1
 42:   0.3313  0.3365  0.3321  1
 43:   0.3493  0.3043  0.3465  1
 44:   0.3566  0.2912  0.3522  1
 45:   0.3647  0.2983  0.3369  1
 46:   0.3644  0.2916  0.3440  1
 47:   0.3557  0.2929  0.3515  1
 48:   0.3461  0.3019  0.3521  1
 49:   0.3343  0.3361  0.3297  1
 50:   0.3301  0.3243  0.3455  1
 51:   0.3386  0.3248  0.3366  1
 52:   0.3396  0.3228  0.3376  1
 53:   0.3567  0.2937  0.3497  1
 54:   0.3497  0.3117  0.3387  1
 55:   0.3502  0.3126  0.3372  1
 56:   0.3298  0.3112  0.3590  1
 57:   0.3832  0.2811  0.3357  1
 58:   0.3477  0.3175  0.3349  1
 59:   0.3357  0.3375  0.3269  1
 60:   0.3248  0.3458  0.3294  1
 61:   0.2788  0.4232  0.2980  1
 62:   0.2919  0.3909  0.3171  1
 63:   0.3394  0.3224  0.3382  1
 64:   0.3155  0.3715  0.3131  1
 65:   0.3135  0.3743  0.3121  1
 66:   0.3417  0.3235  0.3347  1
 67:   0.3370  0.3248  0.3382  1
 68:   0.3397  0.3139  0.3463  1
 69:   0.3223  0.3313  0.3463  1
 70:   0.3383  0.3271  0.3347  1
 71:   0.2943  0.4023  0.3033  1
 72:   0.3417  0.3249  0.3333  1
 73:   0.3263  0.3403  0.3335  1
 74:   0.3445  0.3247  0.3309  1
 75:   0.3611  0.2953  0.3435  1
 76:   0.3753  0.2684  0.3563  1
 77:   0.3520  0.2924  0.3556  1
 78:   0.3387  0.3237  0.3377  1
 79:   0.2829  0.4135  0.3035  1
 80:   0.3304  0.3276  0.3420  1
 81:   0.3211  0.3509  0.3279  1
 82:   0.3536  0.2978  0.3486  1
 83:   0.3415  0.3201  0.3385  1
 84:   0.3758  0.2726  0.3516  1
 85:   0.3569  0.3005  0.3425  1
 86:   0.3635  0.2929  0.3435  1
 87:   0.3033  0.4035  0.2931  1
 88:   0.2831  0.4195  0.2973  1
 89:   0.2912  0.3986  0.3102  1
 90:   0.2619  0.4616  0.2765  1
 91:   0.3031  0.3899  0.3071  1
 92:   0.2790  0.4304  0.2906  1
 93:   0.3387  0.3147  0.3467  1
 94:   0.3495  0.3053  0.3451  1
 95:   0.3395  0.3251  0.3353  1
 96:   0.3492  0.3158  0.3350  1
 97:   0.3484  0.3152  0.3364  1
 98:   0.3188  0.3558  0.3254  1
 99:   0.3296  0.3380  0.3324  1
100:   0.2955  0.3942  0.3103  1
101:   0.3401  0.3233  0.3365  1
102:   0.3344  0.3356  0.3300  1
103:   0.3217  0.3505  0.3279  1
104:   0.3233  0.3439  0.3329  1
105:   0.2910  0.3972  0.3118  1
106:   0.3475  0.3201  0.3325  1
107:   0.2973  0.4011  0.3017  1
108:   0.3213  0.3411  0.3377  1
109:   0.3355  0.3251  0.3395  1
