  1:   0.3570  0.3130  0.3300  1
  2:   0.3410  0.3260  0.3330  1
  3:   0.3317  0.3546  0.3137  1
  4:   0.3430  0.3150  0.3420  1
  5:   0.3220  0.3320  0.3460  1
  6:   0.3407  0.3247  0.3347  1
  7:   0.3227  0.3447  0.3327  1
  8:   0.3387  0.3357  0.3257  1
  9:   0.3220  0.3290  0.3490  1
 10:   0.3360  0.3340  0.3300  1
 11:   0.3480  0.3050  0.3470  1
 12:   0.3534  0.3213  0.3253  1
 13:   0.3150  0.3450  0.3400  1
 14:   0.3400  0.3220  0.3380  1
 15:   0.3157  0.3646  0.3197  1
 16:   0.3550  0.3150  0.3300  1
 17:   0.3210  0.3440  0.3350  1
 18:   0.3536  0.3207  0.3257  1
 19:   0.3620  0.3130  0.3250  1
 20:   0.3400  0.3190  0.3410  1
 21:   0.3187  0.3297  0.3516  1
 22:   0.3320  0.3350  0.3330  1
 23:   0.3083  0.3594  0.3323  1
 24:   0.3343  0.3393  0.3263  1
 25:   0.3540  0.3320  0.3140  1
 26:   0.3137  0.3417  0.3447  1
 27:   0.3483  0.3203  0.3313  1
 28:   0.3480  0.3180  0.3340  1
 29:   0.3030  0.3730  0.3240  1
 30:   0.3500  0.3230  0.3270  1
 31:   0.3437  0.3077  0.3487  1
 32:   0.3483  0.3313  0.3203  1
 33:   0.3380  0.3220  0.3400  1
 34:   0.3357  0.3257  0.3387  1
 35:   0.3250  0.3400  0.3350  1
 36:   0.3230  0.3380  0.3390  1
 37:   0.3220  0.3210  0.3570  1
 38:   0.3110  0.3560  0.3330  1
 39:   0.3430  0.3190  0.3380  1
 40:   0.3240  0.3370  0.3390  1
 41:   0.3450  0.3320  0.3230  1
 42:   0.3420  0.3140  0.3440  1
 43:   0.3554  0.2903  0.3544  1
 44:   0.3620  0.2800  0.3580  1
 45:   0.3610  0.3130  0.3260  1
 46:   0.3504  0.3143  0.3353  1
 47:   0.3440  0.3250  0.3310  1
 48:   0.3380  0.3200  0.3420  1
 49:   0.3380  0.3280  0.3340  1
 50:   0.3217  0.3297  0.3487  1
 51:   0.3380  0.3290  0.3330  1
 52:   0.3380  0.3270  0.3350  1
 53:   0.3490  0.3060  0.3450  1
 54:   0.3473  0.3203  0.3323  1
 55:   0.3540  0.3090  0.3370  1
 56:   0.3230  0.3340  0.3430  1
 57:   0.3644  0.3143  0.3213  1
 58:   0.3520  0.3150  0.3330  1
 59:   0.3430  0.3300  0.3270  1
 60:   0.3240  0.3370  0.3390  1
 61:   0.2873  0.3914  0.3213  1
 62:   0.2867  0.3776  0.3357  1
 63:   0.3380  0.3250  0.3370  1
 64:   0.3303  0.3473  0.3223  1
 65:   0.3243  0.3493  0.3263  1
 66:   0.3423  0.3213  0.3363  1
 67:   0.3350  0.3290  0.3360  1
 68:   0.3290  0.3370  0.3340  1
 69:   0.3070  0.3580  0.3350  1
 70:   0.3360  0.3320  0.3320  1
 71:   0.3030  0.3740  0.3230  1
 72:   0.3470  0.3220  0.3310  1
 73:   0.3217  0.3467  0.3317  1
 74:   0.3407  0.3137  0.3457  1
 75:   0.3173  0.3393  0.3433  1
 76:   0.3570  0.3120  0.3310  1
 77:   0.3470  0.3230  0.3300  1
 78:   0.3403  0.3273  0.3323  1
 79:   0.2820  0.3860  0.3320  1
 80:   0.3360  0.3090  0.3550  1
 81:   0.3263  0.3393  0.3343  1
 82:   0.3487  0.3087  0.3427  1
 83:   0.3433  0.3133  0.3433  1
 84:   0.3554  0.3193  0.3253  1
 85:   0.3570  0.3030  0.3400  1
 86:   0.3493  0.3163  0.3343  1
 87:   0.3160  0.3790  0.3050  1
 88:   0.2920  0.3930  0.3150  1
 89:   0.2950  0.3830  0.3220  1
 90:   0.2770  0.4280  0.2950  1
 91:   0.3210  0.3690  0.3100  1
 92:   0.2980  0.4010  0.3010  1
 93:   0.3453  0.2973  0.3574  1
 94:   0.3534  0.3073  0.3393  1
 95:   0.3463  0.3263  0.3273  1
 96:   0.3510  0.3100  0.3390  1
 97:   0.3480  0.3070  0.3450  1
 98:   0.3273  0.3303  0.3423  1
 99:   0.3330  0.3200  0.3470  1
100:   0.3123  0.3664  0.3213  1
101:   0.3420  0.3210  0.3370  1
102:   0.3520  0.3210  0.3270  1
103:   0.3090  0.3620  0.3290  1
104:   0.3293  0.3223  0.3483  1
105:   0.3010  0.3780  0.3210  1
106:   0.3516  0.3187  0.3297  1
107:   0.3110  0.3680  0.3210  1
108:   0.3110  0.3540  0.3350  1
109:   0.3353  0.3363  0.3283  1

  1:   0.3600  0.3010  0.3390  1
  2:   0.3390  0.3240  0.3370  1
  3:   0.3300  0.3590  0.3110  1
  4:   0.3420  0.2980  0.3600  1
  5:   0.3320  0.3210  0.3470  1
  6:   0.3420  0.3190  0.3390  1
  7:   0.3430  0.3130  0.3440  1
  8:   0.3440  0.3170  0.3390  1
  9:   0.3050  0.3520  0.3430  1
 10:   0.3200  0.3380  0.3420  1
 11:   0.3453  0.3003  0.3544  1
 12:   0.3490  0.3150  0.3360  1
 13:   0.2927  0.3686  0.3387  1
 14:   0.3440  0.3210  0.3350  1
 15:   0.3320  0.3540  0.3140  1
 16:   0.3540  0.3090  0.3370  1
 17:   0.3380  0.3210  0.3410  1
 18:   0.3804  0.2793  0.3403  1
 19:   0.3960  0.2720  0.3320  1
 20:   0.3580  0.3020  0.3400  1
 21:   0.3100  0.3450  0.3450  1
 22:   0.3590  0.2970  0.3440  1
 23:   0.3300  0.3320  0.3380  1
 24:   0.3010  0.3720  0.3270  1
 25:   0.3790  0.3100  0.3110  1
 26:   0.3030  0.3660  0.3310  1
 27:   0.3390  0.3300  0.3310  1
 28:   0.3560  0.2930  0.3510  1
 29:   0.3100  0.3690  0.3210  1
 30:   0.3790  0.2870  0.3340  1
 31:   0.3580  0.2850  0.3570  1
 32:   0.3353  0.3363  0.3283  1
 33:   0.3610  0.2880  0.3510  1
 34:   0.3390  0.3150  0.3460  1
 35:   0.3400  0.3290  0.3310  1
 36:   0.3087  0.3437  0.3477  1
 37:   0.3360  0.3120  0.3520  1
 38:   0.3020  0.3720  0.3260  1
 39:   0.3350  0.3250  0.3400  1
 40:   0.3290  0.3410  0.3300  1
 41:   0.3260  0.3450  0.3290  1
 42:   0.3120  0.3400  0.3480  1
 43:   0.3470  0.2940  0.3590  1
 44:   0.3540  0.2830  0.3630  1
 45:   0.3550  0.3150  0.3300  1
 46:   0.3680  0.2940  0.3380  1
 47:   0.3493  0.3093  0.3413  1
 48:   0.3360  0.3110  0.3530  1
 49:   0.3307  0.3387  0.3307  1
 50:   0.3320  0.3200  0.3480  1
 51:   0.3390  0.3230  0.3380  1
 52:   0.3370  0.3240  0.3390  1
 53:   0.3620  0.2950  0.3430  1
 54:   0.3490  0.3160  0.3350  1
 55:   0.3450  0.3180  0.3370  1
 56:   0.3280  0.3100  0.3620  1
 57:   0.3974  0.2783  0.3243  1
 58:   0.3453  0.3193  0.3353  1
 59:   0.3340  0.3380  0.3280  1
 60:   0.3180  0.3480  0.3340  1
 61:   0.2800  0.4250  0.2950  1
 62:   0.2960  0.3850  0.3190  1
 63:   0.3400  0.3230  0.3370  1
 64:   0.3110  0.3760  0.3130  1
 65:   0.3130  0.3780  0.3090  1
 66:   0.3470  0.3120  0.3410  1
 67:   0.3390  0.3230  0.3380  1
 68:   0.3380  0.3200  0.3420  1
 69:   0.3370  0.3230  0.3400  1
 70:   0.3400  0.3250  0.3350  1
 71:   0.2930  0.4050  0.3020  1
 72:   0.3420  0.3270  0.3310  1
 73:   0.3263  0.3423  0.3313  1
 74:   0.3530  0.3140  0.3330  1
 75:   0.3630  0.2950  0.3420  1
 76:   0.3910  0.2680  0.3410  1
 77:   0.3550  0.2990  0.3460  1
 78:   0.3410  0.3220  0.3370  1
 79:   0.2727  0.4186  0.3087  1
 80:   0.3170  0.3310  0.3520  1
 81:   0.3180  0.3500  0.3320  1
 82:   0.3584  0.2963  0.3453  1
 83:   0.3410  0.3150  0.3440  1
 84:   0.3840  0.2820  0.3340  1
 85:   0.3510  0.3050  0.3440  1
 86:   0.3570  0.3040  0.3390  1
 87:   0.3200  0.3900  0.2900  1
 88:   0.2920  0.4050  0.3030  1
 89:   0.2930  0.4020  0.3050  1
 90:   0.2747  0.4496  0.2757  1
 91:   0.3043  0.3884  0.3073  1
 92:   0.2863  0.4244  0.2893  1
 93:   0.3310  0.3100  0.3590  1
 94:   0.3550  0.2960  0.3490  1
 95:   0.3500  0.3140  0.3360  1
 96:   0.3450  0.3180  0.3370  1
 97:   0.3403  0.3183  0.3413  1
 98:   0.3307  0.3317  0.3377  1
 99:   0.3280  0.3370  0.3350  1
100:   0.2920  0.3970  0.3110  1
101:   0.3350  0.3240  0.3410  1
102:   0.3220  0.3460  0.3320  1
103:   0.3250  0.3520  0.3230  1
104:   0.3250  0.3330  0.3420  1
105:   0.2830  0.4060  0.3110  1
106:   0.3467  0.3207  0.3327  1
107:   0.2923  0.4054  0.3023  1
108:   0.3220  0.3490  0.3290  1
109:   0.3480  0.3140  0.3380  1

  1:   0.3640  0.2550  0.3810  1
  2:   0.3460  0.3120  0.3420  1
  3:   0.2890  0.4040  0.3070  1
  4:   0.3510  0.2690  0.3800  1
  5:   0.3870  0.2920  0.3210  1
  6:   0.3280  0.3350  0.3370  1
  7:   0.3360  0.2820  0.3820  1
  8:   0.3200  0.3330  0.3470  1
  9:   0.3230  0.3770  0.3000  1
 10:   0.3330  0.3140  0.3530  1
 11:   0.3590  0.2810  0.3600  1
 12:   0.3393  0.3063  0.3544  1
 13:   0.3073  0.4124  0.2803  1
 14:   0.3806  0.2937  0.3257  1
 15:   0.2860  0.4110  0.3030  1
 16:   0.3427  0.2997  0.3576  1
 17:   0.3250  0.3000  0.3750  1
 18:   0.3750  0.2320  0.3930  1
 19:   0.3730  0.2490  0.3780  1
 20:   0.3780  0.2890  0.3330  1
 21:   0.3393  0.3343  0.3263  1
 22:   0.3520  0.2600  0.3880  1
 23:   0.2970  0.3380  0.3650  1
 24:   0.2900  0.3890  0.3210  1
 25:   0.3427  0.3137  0.3437  1
 26:   0.3320  0.3440  0.3240  1
 27:   0.3600  0.3250  0.3150  1
 28:   0.3480  0.2840  0.3680  1
 29:   0.2593  0.4555  0.2853  1
 30:   0.3846  0.2318  0.3836  1
 31:   0.3694  0.2603  0.3704  1
 32:   0.3380  0.3020  0.3600  1
 33:   0.3540  0.2770  0.3690  1
 34:   0.3220  0.3270  0.3510  1
 35:   0.3400  0.3050  0.3550  1
 36:   0.3150  0.3480  0.3370  1
 37:   0.3570  0.3020  0.3410  1
 38:   0.2827  0.4406  0.2767  1
 39:   0.3550  0.3110  0.3340  1
 40:   0.3596  0.3307  0.3097  1
 41:   0.3177  0.3317  0.3506  1
 42:   0.3550  0.3320  0.3130  1
 43:   0.3840  0.2660  0.3500  1
 44:   0.3986  0.2408  0.3606  1
 45:   0.3786  0.2777  0.3437  1
 46:   0.3880  0.2540  0.3580  1
 47:   0.3540  0.2640  0.3820  1
 48:   0.3664  0.2763  0.3574  1
 49:   0.3360  0.3380  0.3260  1
 50:   0.3440  0.3130  0.3430  1
 51:   0.3410  0.3200  0.3390  1
 52:   0.3470  0.3130  0.3400  1
 53:   0.3760  0.2580  0.3660  1
 54:   0.3590  0.2910  0.3500  1
 55:   0.3590  0.2940  0.3470  1
 56:   0.3450  0.2690  0.3860  1
 57:   0.3890  0.2540  0.3570  1
 58:   0.3520  0.3030  0.3450  1
 59:   0.3270  0.3500  0.3230  1
 60:   0.3240  0.3650  0.3110  1
 61:   0.2470  0.5050  0.2480  1
 62:   0.2780  0.4310  0.2910  1
 63:   0.3440  0.3120  0.3440  1
 64:   0.3030  0.4070  0.2900  1
 65:   0.2980  0.4100  0.2920  1
 66:   0.3460  0.3200  0.3340  1
 67:   0.3390  0.3210  0.3400  1
 68:   0.3440  0.2910  0.3650  1
 69:   0.3157  0.3257  0.3586  1
 70:   0.3407  0.3217  0.3377  1
 71:   0.2727  0.4585  0.2687  1
 72:   0.3433  0.3193  0.3373  1
 73:   0.3233  0.3393  0.3373  1
 74:   0.3520  0.3170  0.3310  1
 75:   0.3890  0.2690  0.3420  1
 76:   0.3824  0.2202  0.3974  1
 77:   0.3380  0.2600  0.4020  1
 78:   0.3400  0.3140  0.3460  1
 79:   0.2660  0.4860  0.2480  1
 80:   0.3540  0.3190  0.3270  1
 81:   0.3090  0.3770  0.3140  1
 82:   0.3750  0.2650  0.3600  1
 83:   0.3600  0.2930  0.3470  1
 84:   0.3796  0.2308  0.3896  1
 85:   0.3896  0.2597  0.3506  1
 86:   0.3874  0.2623  0.3504  1
 87:   0.2630  0.4840  0.2530  1
 88:   0.2440  0.5040  0.2520  1
 89:   0.2523  0.4685  0.2793  1
 90:   0.1980  0.5840  0.2180  1
 91:   0.2710  0.4460  0.2830  1
 92:   0.2208  0.5275  0.2517  1
 93:   0.3680  0.2900  0.3420  1
 94:   0.3710  0.2730  0.3560  1
 95:   0.3283  0.3213  0.3504  1
 96:   0.3760  0.2850  0.3390  1
 97:   0.3750  0.2990  0.3260  1
 98:   0.3210  0.3720  0.3070  1
 99:   0.3470  0.3290  0.3240  1
100:   0.2833  0.4264  0.2903  1
101:   0.3580  0.3070  0.3350  1
102:   0.3313  0.3453  0.3233  1
103:   0.3137  0.3796  0.3067  1
104:   0.3330  0.3540  0.3130  1
105:   0.2590  0.4530  0.2880  1
106:   0.3576  0.3037  0.3387  1
107:   0.2780  0.4570  0.2650  1
108:   0.3223  0.3353  0.3423  1
109:   0.3343  0.3163  0.3493  1

  1:   0.3800  0.2800  0.3400  1
  2:   0.3390  0.3240  0.3370  1
  3:   0.3260  0.3400  0.3340  1
  4:   0.3570  0.2970  0.3460  1
  5:   0.3330  0.3300  0.3370  1
  6:   0.3300  0.3510  0.3190  1
  7:   0.3720  0.2900  0.3380  1
  8:   0.3530  0.3170  0.3300  1
  9:   0.3120  0.3550  0.3330  1
 10:   0.3480  0.3180  0.3340  1
 11:   0.3373  0.3393  0.3233  1
 12:   0.3580  0.3140  0.3280  1
 13:   0.2960  0.3780  0.3260  1
 14:   0.3350  0.3370  0.3280  1
 15:   0.3223  0.3564  0.3213  1
 16:   0.3540  0.3200  0.3260  1
 17:   0.3610  0.3080  0.3310  1
 18:   0.3880  0.2710  0.3410  1
 19:   0.3780  0.2880  0.3340  1
 20:   0.3387  0.3387  0.3227  1
 21:   0.3280  0.3320  0.3400  1
 22:   0.3790  0.2820  0.3390  1
 23:   0.3514  0.3203  0.3283  1
 24:   0.3230  0.3510  0.3260  1
 25:   0.3670  0.2990  0.3340  1
 26:   0.3167  0.3477  0.3357  1
 27:   0.3267  0.3417  0.3317  1
 28:   0.3596  0.3107  0.3297  1
 29:   0.3120  0.3670  0.3210  1
 30:   0.3750  0.2850  0.3400  1
 31:   0.3590  0.3050  0.3360  1
 32:   0.3620  0.3010  0.3370  1
 33:   0.3590  0.3030  0.3380  1
 34:   0.3403  0.3293  0.3303  1
 35:   0.3564  0.3023  0.3413  1
 36:   0.3270  0.3370  0.3360  1
 37:   0.3350  0.3300  0.3350  1
 38:   0.3017  0.3706  0.3277  1
 39:   0.3160  0.3470  0.3370  1
 40:   0.3220  0.3400  0.3380  1
 41:   0.3390  0.3220  0.3390  1
 42:   0.3127  0.3546  0.3327  1
 43:   0.3230  0.3450  0.3320  1
 44:   0.3303  0.3343  0.3353  1
 45:   0.3550  0.3000  0.3450  1
 46:   0.3570  0.3020  0.3410  1
 47:   0.3750  0.2860  0.3390  1
 48:   0.3490  0.3030  0.3480  1
 49:   0.3280  0.3370  0.3350  1
 50:   0.3290  0.3340  0.3370  1
 51:   0.3400  0.3260  0.3340  1
 52:   0.3380  0.3260  0.3360  1
 53:   0.3540  0.3040  0.3420  1
 54:   0.3410  0.3160  0.3430  1
 55:   0.3420  0.3290  0.3290  1
 56:   0.3430  0.3220  0.3350  1
 57:   0.3820  0.2800  0.3380  1
 58:   0.3430  0.3270  0.3300  1
 59:   0.3347  0.3337  0.3317  1
 60:   0.3260  0.3430  0.3310  1
 61:   0.2857  0.3906  0.3237  1
 62:   0.2960  0.3790  0.3250  1
 63:   0.3400  0.3260  0.3340  1
 64:   0.3033  0.3614  0.3353  1
 65:   0.3063  0.3634  0.3303  1
 66:   0.3423  0.3303  0.3273  1
 67:   0.3360  0.3280  0.3360  1
 68:   0.3516  0.3097  0.3387  1
 69:   0.3440  0.3150  0.3410  1
 70:   0.3400  0.3280  0.3320  1
 71:   0.2920  0.3810  0.3270  1
 72:   0.3330  0.3300  0.3370  1
 73:   0.3340  0.3330  0.3330  1
 74:   0.3340  0.3460  0.3200  1
 75:   0.3684  0.2933  0.3383  1
 76:   0.3820  0.2750  0.3430  1
 77:   0.3710  0.2930  0.3360  1
 78:   0.3390  0.3270  0.3340  1
 79:   0.2870  0.3810  0.3320  1
 80:   0.3120  0.3490  0.3390  1
 81:   0.3253  0.3413  0.3333  1
 82:   0.3520  0.3150  0.3330  1
 83:   0.3210  0.3450  0.3340  1
 84:   0.3920  0.2640  0.3440  1
 85:   0.3290  0.3260  0.3450  1
 86:   0.3550  0.3010  0.3440  1
 87:   0.2957  0.3746  0.3297  1
 88:   0.2827  0.3906  0.3267  1
 89:   0.3030  0.3570  0.3400  1
 90:   0.2727  0.4086  0.3187  1
 91:   0.3040  0.3630  0.3330  1
 92:   0.2950  0.3810  0.3240  1
 93:   0.3160  0.3510  0.3330  1
 94:   0.3300  0.3320  0.3380  1
 95:   0.3510  0.3280  0.3210  1
 96:   0.3160  0.3420  0.3420  1
 97:   0.3220  0.3430  0.3350  1
 98:   0.3070  0.3700  0.3230  1
 99:   0.3150  0.3530  0.3320  1
100:   0.2840  0.3870  0.3290  1
101:   0.3247  0.3367  0.3387  1
102:   0.3270  0.3330  0.3400  1
103:   0.3330  0.3280  0.3390  1
104:   0.3080  0.3600  0.3320  1
105:   0.3050  0.3630  0.3320  1
106:   0.3313  0.3323  0.3363  1
107:   0.2890  0.3840  0.3270  1
108:   0.3350  0.3290  0.3360  1
109:   0.3380  0.3250  0.3370  1

  1:   0.3690  0.2750  0.3560  1
  2:   0.3403  0.3213  0.3383  1
  3:   0.3250  0.3590  0.3160  1
  4:   0.3440  0.2860  0.3700  1
  5:   0.3610  0.3150  0.3240  1
  6:   0.3220  0.3460  0.3320  1
  7:   0.3340  0.2920  0.3740  1
  8:   0.3180  0.3260  0.3560  1
  9:   0.3270  0.3400  0.3330  1
 10:   0.3227  0.3347  0.3427  1
 11:   0.3243  0.3303  0.3453  1
 12:   0.3330  0.3190  0.3480  1
 13:   0.3100  0.3840  0.3060  1
 14:   0.3463  0.3333  0.3203  1
 15:   0.3170  0.3770  0.3060  1
 16:   0.3360  0.3150  0.3490  1
 17:   0.3140  0.3090  0.3770  1
 18:   0.3550  0.2720  0.3730  1
 19:   0.3650  0.2800  0.3550  1
 20:   0.3410  0.3290  0.3300  1
 21:   0.3350  0.3150  0.3500  1
 22:   0.3393  0.2803  0.3804  1
 23:   0.3030  0.3350  0.3620  1
 24:   0.3240  0.3560  0.3200  1
 25:   0.3714  0.3093  0.3193  1
 26:   0.3230  0.3480  0.3290  1
 27:   0.3510  0.3270  0.3220  1
 28:   0.3197  0.3217  0.3586  1
 29:   0.2973  0.3984  0.3043  1
 30:   0.3520  0.2870  0.3610  1
 31:   0.3280  0.3060  0.3660  1
 32:   0.3437  0.3097  0.3467  1
 33:   0.3340  0.3040  0.3620  1
 34:   0.3223  0.3353  0.3423  1
 35:   0.3380  0.3190  0.3430  1
 36:   0.3090  0.3610  0.3300  1
 37:   0.3343  0.3103  0.3554  1
 38:   0.3070  0.3850  0.3080  1
 39:   0.3403  0.3353  0.3243  1
 40:   0.3480  0.3330  0.3190  1
 41:   0.3320  0.3420  0.3260  1
 42:   0.3350  0.3420  0.3230  1
 43:   0.3370  0.3260  0.3370  1
 44:   0.3380  0.3180  0.3440  1
 45:   0.3740  0.2860  0.3400  1
 46:   0.3586  0.2937  0.3477  1
 47:   0.3560  0.2800  0.3640  1
 48:   0.3410  0.2990  0.3600  1
 49:   0.3387  0.3387  0.3227  1
 50:   0.3240  0.3250  0.3510  1
 51:   0.3350  0.3260  0.3390  1
 52:   0.3380  0.3240  0.3380  1
 53:   0.3423  0.3053  0.3524  1
 54:   0.3520  0.3150  0.3330  1
 55:   0.3510  0.3130  0.3360  1
 56:   0.3100  0.3210  0.3690  1
 57:   0.3830  0.2790  0.3380  1
 58:   0.3460  0.3230  0.3310  1
 59:   0.3397  0.3357  0.3247  1
 60:   0.3320  0.3360  0.3320  1
 61:   0.2940  0.4040  0.3020  1
 62:   0.3030  0.3820  0.3150  1
 63:   0.3350  0.3260  0.3390  1
 64:   0.3297  0.3656  0.3047  1
 65:   0.3260  0.3710  0.3030  1
 66:   0.3310  0.3340  0.3350  1
 67:   0.3360  0.3230  0.3410  1
 68:   0.3360  0.3120  0.3520  1
 69:   0.3080  0.3350  0.3570  1
 70:   0.3347  0.3287  0.3367  1
 71:   0.3110  0.3930  0.2960  1
 72:   0.3433  0.3263  0.3303  1
 73:   0.3260  0.3400  0.3340  1
 74:   0.3427  0.3327  0.3247  1
 75:   0.3680  0.2800  0.3520  1
 76:   0.3640  0.2670  0.3690  1
 77:   0.3490  0.2870  0.3640  1
 78:   0.3330  0.3280  0.3390  1
 79:   0.3070  0.3960  0.2970  1
 80:   0.3330  0.3300  0.3370  1
 81:   0.3270  0.3470  0.3260  1
 82:   0.3340  0.3040  0.3620  1
 83:   0.3420  0.3340  0.3240  1
 84:   0.3680  0.2670  0.3650  1
 85:   0.3580  0.3090  0.3330  1
 86:   0.3690  0.2810  0.3500  1
 87:   0.3220  0.3900  0.2880  1
 88:   0.3050  0.4050  0.2900  1
 89:   0.3127  0.3826  0.3047  1
 90:   0.2870  0.4380  0.2750  1
 91:   0.3150  0.3830  0.3020  1
 92:   0.2950  0.4180  0.2870  1
 93:   0.3330  0.3250  0.3420  1
 94:   0.3383  0.3183  0.3433  1
 95:   0.3220  0.3360  0.3420  1
 96:   0.3580  0.3240  0.3180  1
 97:   0.3566  0.3087  0.3347  1
 98:   0.3080  0.3750  0.3170  1
 99:   0.3250  0.3510  0.3240  1
100:   0.3060  0.3940  0.3000  1
101:   0.3410  0.3280  0.3310  1
102:   0.3397  0.3327  0.3277  1
103:   0.3277  0.3307  0.3417  1
104:   0.3210  0.3500  0.3290  1
105:   0.3070  0.3860  0.3070  1
106:   0.3500  0.3250  0.3250  1
107:   0.3160  0.3910  0.2930  1
108:   0.3160  0.3380  0.3460  1
109:   0.3217  0.3337  0.3447  1

