 1:   0.3263  0.3383  0.3353  1
 2:   0.3329  0.3327  0.3343  1
 3:   0.3223  0.3401  0.3377  1
 4:   0.3243  0.3389  0.3369  1
 5:   0.3392  0.3280  0.3328  1
 6:   0.3317  0.3341  0.3341  1
 7:   0.3324  0.3330  0.3346  1
 8:   0.3273  0.3377  0.3351  1
 9:   0.3339  0.3317  0.3343  1
10:   0.3287  0.3361  0.3353  1
11:   0.3297  0.3361  0.3341  1
12:   0.3311  0.3335  0.3355  1
13:   0.3266  0.3380  0.3354  1
14:   0.3361  0.3305  0.3335  1
15:   0.3273  0.3391  0.3337  1
16:   0.3344  0.3330  0.3326  1
17:   0.3328  0.3324  0.3348  1
18:   0.3311  0.3349  0.3339  1
19:   0.3302  0.3346  0.3352  1
20:   0.3385  0.3299  0.3317  1
21:   0.3306  0.3346  0.3348  1
