1:    0.335 0.341 0.323 1    
2:    0.335 0.332 0.334 1    
3:    0.341 0.342 0.317 1    
4:    0.340 0.343 0.317 1    
5:    0.332 0.328 0.340 1    
6:    0.336 0.333 0.331 1    
7:    0.340 0.328 0.332 1    
8:    0.338 0.337 0.324 1    
9:    0.333 0.332 0.335 1    
10:   0.337 0.339 0.325 1    
11:   0.334 0.339 0.327 1    
12:   0.336 0.334 0.330 1    
13:   0.337 0.341 0.322 1    
14:   0.334 0.330 0.335 1    
15:   0.332 0.345 0.323 1    
16:   0.332 0.332 0.337 1    
17:   0.334 0.333 0.334 1    
18:   0.332 0.333 0.335 1    
19:   0.338 0.332 0.331 1    
20:   0.329 0.328 0.343 1    
21:   0.338 0.332 0.330 1    
              
              
1:    0.338 0.335 0.328 1    
2:    0.335 0.333 0.332 1    
3:    0.339 0.333 0.328 1    
4:    0.339 0.333 0.328 1    
5:    0.330 0.333 0.337 1    
6:    0.336 0.331 0.333 1    
7:    0.335 0.332 0.333 1    
8:    0.340 0.333 0.327 1    
9:    0.326 0.338 0.336 1    
10:   0.331 0.336 0.333 1    
11:   0.332 0.335 0.332 1    
12:   0.332 0.334 0.334 1    
13:   0.340 0.333 0.327 1    
14:   0.329 0.335 0.336 1    
15:   0.340 0.330 0.330 1    
16:   0.337 0.331 0.332 1    
17:   0.335 0.334 0.331 1    
18:   0.334 0.334 0.332 1    
19:   0.336 0.333 0.331 1    
20:   0.333 0.331 0.336 1    
21:   0.337 0.330 0.333 1    
              
              
1:    0.332 0.332 0.336 1    
2:    0.331 0.333 0.336 1    
3:    0.325 0.333 0.341 1    
4:    0.329 0.334 0.337 1    
5:    0.333 0.341 0.326 1    
6:    0.328 0.338 0.335 1    
7:    0.335 0.334 0.331 1    
8:    0.330 0.334 0.336 1    
9:    0.331 0.336 0.333 1    
10:   0.329 0.332 0.339 1    
11:   0.333 0.331 0.336 1    
12:   0.331 0.337 0.332 1    
13:   0.328 0.336 0.336 1    
14:   0.335 0.332 0.333 1    
15:   0.328 0.335 0.336 1    
16:   0.333 0.335 0.331 1    
17:   0.331 0.336 0.333 1    
18:   0.332 0.332 0.336 1    
19:   0.327 0.336 0.337 1    
20:   0.338 0.333 0.329 1    
21:   0.331 0.334 0.335 1    
              
              
1:    0.320 0.341 0.339 1    
2:    0.334 0.330 0.336 1    
3:    0.313 0.344 0.343 1    
4:    0.319 0.340 0.341 1    
5:    0.350 0.324 0.326 1    
6:    0.334 0.333 0.333 1    
7:    0.330 0.336 0.334 1    
8:    0.322 0.340 0.338 1    
9:    0.335 0.336 0.330 1    
10:   0.326 0.336 0.337 1    
11:   0.325 0.338 0.336 1    
12:   0.327 0.337 0.337 1    
13:   0.323 0.340 0.337 1    
14:   0.339 0.328 0.333 1    
15:   0.324 0.339 0.337 1    
16:   0.338 0.331 0.331 1    
17:   0.334 0.330 0.335 1    
18:   0.326 0.338 0.337 1    
19:   0.328 0.336 0.336 1    
20:   0.341 0.327 0.332 1    
21:   0.329 0.335 0.336 1    
              
              
1:    0.336 0.329 0.336 1    
2:    0.331 0.334 0.335 1    
3:    0.334 0.328 0.338 1    
4:    0.335 0.328 0.336 1    
5:    0.332 0.336 0.332 1    
6:    0.334 0.333 0.333 1    
7:    0.335 0.332 0.333 1    
8:    0.335 0.333 0.332 1    
9:    0.332 0.333 0.335 1    
10:   0.335 0.330 0.334 1    
11:   0.335 0.331 0.334 1    
12:   0.333 0.334 0.334 1    
13:   0.333 0.333 0.334 1    
14:   0.332 0.335 0.333 1    
15:   0.335 0.331 0.334 1    
16:   0.334 0.332 0.334 1    
17:   0.331 0.334 0.335 1    
18:   0.334 0.331 0.335 1    
19:   0.332 0.334 0.333 1    
20:   0.332 0.334 0.333 1    
21:   0.334 0.330 0.336 1    
