 1:   0.2057  0.1917  0.2023  0.1963  0.2041  1
 2:   0.2001  0.2001  0.2013  0.1981  0.2003  1
 3:   0.2070  0.1880  0.2098  0.1936  0.2014  1
 4:   0.2087  0.1897  0.2047  0.1953  0.2015  1
 5:   0.1968  0.2098  0.1964  0.1994  0.1978  1
 6:   0.2030  0.1984  0.2016  0.1974  0.1996  1
 7:   0.2044  0.1990  0.1988  0.1984  0.1994  1
 8:   0.2066  0.1934  0.2036  0.1972  0.1994  1
 9:   0.1986  0.1982  0.2014  0.2038  0.1982  1
10:   0.2042  0.1952  0.2038  0.1976  0.1990  1
11:   0.2020  0.1934  0.2022  0.1990  0.2032  1
12:   0.2022  0.1976  0.2014  0.1992  0.1996  1
13:   0.2061  0.1941  0.2035  0.1959  0.2005  1
14:   0.1986  0.2020  0.1998  0.2010  0.1984  1
15:   0.2032  0.1976  0.2014  0.1966  0.2012  1
16:   0.1992  0.2020  0.2008  0.1992  0.1986  1
17:   0.2004  0.2002  0.2006  0.2002  0.1986  1
18:   0.1992  0.1998  0.1978  0.1990  0.2044  1
19:   0.2002  0.1972  0.2012  0.2006  0.2006  1
20:   0.1968  0.2100  0.1956  0.1986  0.1990  1
21:   0.2028  0.1942  0.2030  0.1990  0.2012  1
