1:    0.203 0.205 0.196 0.206 0.190 1    
2:    0.200 0.201 0.198 0.199 0.201 1    
3:    0.199 0.210 0.197 0.209 0.185 1    
4:    0.201 0.208 0.193 0.210 0.188 1    
5:    0.198 0.194 0.196 0.195 0.217 1    
6:    0.199 0.198 0.196 0.204 0.203 1    
7:    0.201 0.198 0.197 0.205 0.198 1    
8:    0.198 0.205 0.197 0.208 0.193 1    
9:    0.199 0.205 0.204 0.197 0.195 1    
10:   0.202 0.205 0.196 0.205 0.192 1    
11:   0.202 0.203 0.201 0.202 0.192 1    
12:   0.200 0.203 0.197 0.204 0.196 1    
13:   0.200 0.205 0.196 0.206 0.193 1    
14:   0.199 0.199 0.200 0.199 0.202 1    
15:   0.199 0.204 0.195 0.203 0.199 1    
16:   0.201 0.201 0.196 0.199 0.203 1    
17:   0.200 0.202 0.199 0.200 0.199 1    
18:   0.203 0.200 0.201 0.201 0.195 1    
19:   0.202 0.202 0.199 0.199 0.198 1    
20:   0.199 0.195 0.196 0.195 0.214 1    
21:   0.199 0.203 0.199 0.204 0.195 1    
                    
                    
1:    0.191 0.206 0.207 0.207 0.189 1    
2:    0.198 0.200 0.202 0.198 0.201 1    
3:    0.188 0.211 0.204 0.210 0.186 1    
4:    0.189 0.206 0.212 0.205 0.187 1    
5:    0.208 0.196 0.192 0.195 0.209 1    
6:    0.195 0.202 0.204 0.202 0.197 1    
7:    0.202 0.201 0.202 0.203 0.192 1    
8:    0.196 0.203 0.207 0.203 0.191 1    
9:    0.208 0.200 0.196 0.197 0.199 1    
10:   0.197 0.204 0.202 0.203 0.194 1    
11:   0.195 0.200 0.202 0.205 0.198 1    
12:   0.196 0.200 0.205 0.201 0.198 1    
13:   0.190 0.204 0.208 0.206 0.191 1    
14:   0.207 0.201 0.196 0.196 0.199 1    
15:   0.192 0.201 0.208 0.206 0.194 1    
16:   0.203 0.203 0.201 0.199 0.194 1    
17:   0.197 0.198 0.199 0.203 0.203 1    
18:   0.201 0.201 0.199 0.201 0.198 1    
19:   0.199 0.203 0.202 0.199 0.197 1    
20:   0.202 0.192 0.196 0.199 0.211 1    
21:   0.196 0.206 0.202 0.202 0.194 1    
                    
                    
1:    0.198 0.201 0.202 0.202 0.196 1    
2:    0.201 0.204 0.199 0.199 0.197 1    
3:    0.194 0.205 0.201 0.204 0.196 1    
4:    0.196 0.203 0.202 0.203 0.197 1    
5:    0.202 0.196 0.199 0.204 0.200 1    
6:    0.198 0.201 0.200 0.203 0.198 1    
7:    0.196 0.198 0.198 0.206 0.202 1    
8:    0.197 0.203 0.198 0.204 0.198 1    
9:    0.201 0.199 0.200 0.200 0.201 1    
10:   0.199 0.202 0.199 0.201 0.199 1    
11:   0.199 0.202 0.202 0.201 0.197 1    
12:   0.199 0.200 0.197 0.201 0.203 1    
13:   0.196 0.200 0.201 0.204 0.199 1    
14:   0.201 0.200 0.201 0.199 0.200 1    
15:   0.200 0.199 0.200 0.201 0.200 1    
16:   0.202 0.201 0.198 0.201 0.198 1    
17:   0.201 0.200 0.202 0.201 0.196 1    
18:   0.199 0.199 0.203 0.200 0.200 1    
19:   0.201 0.199 0.199 0.199 0.202 1    
20:   0.200 0.199 0.198 0.204 0.199 1    
21:   0.197 0.202 0.200 0.200 0.201 1    
                    
                    
1:    0.208 0.190 0.199 0.199 0.204 1    
2:    0.197 0.199 0.201 0.198 0.204 1    
3:    0.215 0.188 0.214 0.191 0.192 1    
4:    0.212 0.188 0.202 0.199 0.199 1    
5:    0.195 0.211 0.199 0.196 0.199 1    
6:    0.204 0.195 0.204 0.199 0.198 1    
7:    0.208 0.201 0.199 0.195 0.197 1    
8:    0.211 0.190 0.203 0.197 0.199 1    
9:    0.202 0.195 0.202 0.205 0.197 1    
10:   0.209 0.196 0.205 0.196 0.193 1    
11:   0.203 0.183 0.204 0.203 0.206 1    
12:   0.198 0.195 0.205 0.200 0.202 1    
13:   0.208 0.194 0.207 0.197 0.193 1    
14:   0.199 0.204 0.201 0.201 0.196 1    
15:   0.201 0.204 0.200 0.195 0.199 1    
16:   0.196 0.211 0.200 0.198 0.195 1    
17:   0.202 0.201 0.201 0.205 0.191 1    
18:   0.198 0.203 0.192 0.195 0.211 1    
19:   0.204 0.190 0.201 0.202 0.202 1    
20:   0.193 0.215 0.195 0.195 0.203 1    
21:   0.207 0.192 0.203 0.198 0.201 1    
                    
                    
1:    0.204 0.191 0.199 0.200 0.205 1    
2:    0.200 0.198 0.199 0.200 0.203 1    
3:    0.205 0.187 0.196 0.209 0.203 1    
4:    0.201 0.190 0.199 0.205 0.207 1    
5:    0.198 0.210 0.197 0.197 0.198 1    
6:    0.199 0.199 0.199 0.203 0.200 1    
7:    0.198 0.208 0.196 0.198 0.201 1    
8:    0.199 0.196 0.198 0.204 0.203 1    
9:    0.198 0.201 0.201 0.201 0.198 1    
10:   0.198 0.195 0.200 0.203 0.204 1    
11:   0.201 0.195 0.199 0.202 0.202 1    
12:   0.198 0.200 0.200 0.199 0.203 1    
13:   0.202 0.196 0.197 0.201 0.204 1    
14:   0.200 0.204 0.197 0.198 0.200 1    
15:   0.202 0.191 0.201 0.203 0.203 1    
16:   0.200 0.200 0.201 0.199 0.199 1    
17:   0.197 0.197 0.204 0.202 0.200 1    
18:   0.204 0.204 0.198 0.197 0.198 1    
19:   0.201 0.200 0.201 0.201 0.197 1    
20:   0.196 0.210 0.201 0.197 0.196 1    
21:   0.204 0.193 0.201 0.201 0.201 1    
