  1:   0.1184  0.2787  0.3167  0.2863  1
  2:   0.1673  0.3656  0.2780  0.1891  1
  3:   0.1989  0.2585  0.2867  0.2559  1
  4:   0.2822  0.2606  0.2412  0.2160  1
  5:   0.1805  0.2697  0.2759  0.2739  1
  6:   0.1522  0.2757  0.2999  0.2721  1
  7:   0.2386  0.2400  0.2690  0.2524  1
  8:   0.1795  0.2903  0.2769  0.2533  1
  9:   0.2004  0.2660  0.2768  0.2568  1
 10:   0.1431  0.2785  0.2789  0.2995  1
 11:   0.4007  0.2361  0.1886  0.1746  1
 12:   0.3225  0.2358  0.2425  0.1992  1
 13:   0.2749  0.2817  0.2422  0.2012  1
 14:   0.6525  0.1633  0.0944  0.0898  1
 15:   0.3564  0.2568  0.2066  0.1802  1
 16:   0.1874  0.2761  0.2737  0.2627  1
 17:   0.5434  0.1844  0.1352  0.1370  1
 18:   0.1681  0.2661  0.2897  0.2761  1
 19:   0.3491  0.2399  0.2202  0.1908  1
 20:   0.2528  0.2460  0.2666  0.2346  1
 21:   0.5419  0.1794  0.1370  0.1418  1
 22:   0.2419  0.2717  0.2601  0.2263  1
 23:   0.1874  0.2835  0.2727  0.2564  1
 24:   0.1594  0.2424  0.2890  0.3092  1
 25:   0.1780  0.2785  0.2861  0.2575  1
 26:   0.1523  0.2346  0.2599  0.3532  1
 27:   0.1578  0.2767  0.2749  0.2905  1
 28:   0.1298  0.2471  0.2664  0.3567  1
 29:   0.4044  0.2459  0.1869  0.1629  1
 30:   0.1714  0.2438  0.2663  0.3185  1
 31:   0.1800  0.3018  0.2676  0.2506  1
 32:   0.2330  0.2679  0.2465  0.2526  1
 33:   0.1343  0.2469  0.2697  0.3491  1
 34:   0.2963  0.2941  0.2266  0.1830  1
 35:   0.1316  0.3161  0.2849  0.2673  1
 36:   0.2348  0.2420  0.2449  0.2783  1
 37:   0.1276  0.2461  0.2704  0.3559  1
 38:   0.2527  0.2537  0.2411  0.2525  1
 39:   0.1569  0.2552  0.2689  0.3190  1
 40:   0.6426  0.1616  0.0978  0.0980  1
 41:   0.1698  0.2777  0.2765  0.2760  1
 42:   0.1414  0.2681  0.2975  0.2929  1
 43:   0.1227  0.2667  0.2793  0.3313  1
 44:   0.1910  0.2557  0.2729  0.2805  1
 45:   0.1146  0.2754  0.2848  0.3252  1
 46:   0.1692  0.2648  0.2705  0.2955  1
 47:   0.2322  0.2504  0.2447  0.2728  1
 48:   0.2178  0.2484  0.2777  0.2561  1
 49:   0.1164  0.2570  0.2952  0.3314  1
 50:   0.1663  0.2939  0.2795  0.2603  1
 51:   0.1846  0.2493  0.2579  0.3081  1
 52:   0.2290  0.2528  0.2478  0.2704  1
 53:   0.1374  0.2881  0.2965  0.2779  1
 54:   0.2724  0.2568  0.2320  0.2388  1
 55:   0.3468  0.2234  0.2120  0.2178  1
 56:   0.1520  0.2566  0.2868  0.3046  1
 57:   0.2119  0.2661  0.2667  0.2553  1
 58:   0.3111  0.2633  0.2216  0.2040  1
 59:   0.1199  0.2683  0.2843  0.3275  1
 60:   0.2308  0.2466  0.2460  0.2766  1
 61:   0.1314  0.2408  0.2752  0.3526  1
 62:   0.1213  0.2477  0.2765  0.3545  1
 63:   0.1356  0.2581  0.2785  0.3279  1
 64:   0.4744  0.1954  0.1658  0.1644  1
 65:   0.1580  0.2810  0.2793  0.2817  1
 66:   0.1126  0.2470  0.2776  0.3628  1
 67:   0.1284  0.2756  0.3106  0.2854  1
 68:   0.1780  0.2700  0.2862  0.2658  1
 69:   0.1368  0.2877  0.2947  0.2808  1
 70:   0.1026  0.2219  0.2853  0.3903  1
 71:   0.1298  0.2731  0.2931  0.3039  1
 72:   0.3735  0.2326  0.1936  0.2004  1
 73:   0.1620  0.3153  0.2707  0.2519  1
 74:   0.1868  0.2745  0.2878  0.2509  1
 75:   0.1760  0.2759  0.2927  0.2555  1
 76:   0.1239  0.2456  0.2823  0.3482  1
 77:   0.2639  0.2573  0.2535  0.2252  1
 78:   0.1162  0.2731  0.3065  0.3041  1
 79:   0.1264  0.2612  0.2796  0.3328  1
 80:   0.1200  0.2426  0.2983  0.3391  1
 81:   0.1368  0.2484  0.3163  0.2986  1
 82:   0.5863  0.1758  0.1226  0.1152  1
 83:   0.2508  0.2725  0.2563  0.2204  1
 84:   0.6258  0.1688  0.1024  0.1030  1
 85:   0.1470  0.2373  0.2677  0.3481  1
 86:   0.1612  0.2622  0.3079  0.2687  1
 87:   0.1212  0.2623  0.2763  0.3401  1
 88:   0.1116  0.2899  0.3253  0.2733  1
 89:   0.5005  0.1780  0.1706  0.1510  1
 90:   0.1180  0.2596  0.3262  0.2962  1
 91:   0.1731  0.2809  0.2683  0.2777  1
 92:   0.4335  0.2208  0.1828  0.1630  1
 93:   0.1608  0.2508  0.2990  0.2894  1
 94:   0.1006  0.2544  0.3416  0.3034  1
 95:   0.1020  0.2415  0.3379  0.3185  1
 96:   0.1022  0.2432  0.3424  0.3122  1
 97:   0.1348  0.2502  0.3204  0.2946  1
 98:   0.1108  0.2887  0.3161  0.2843  1
 99:   0.4480  0.2007  0.1857  0.1657  1
100:   0.4860  0.1987  0.1577  0.1575  1
101:   0.1444  0.2236  0.2936  0.3384  1
102:   0.2336  0.2793  0.2488  0.2383  1
103:   0.1474  0.2499  0.2851  0.3175  1
104:   0.0944  0.2614  0.3310  0.3132  1
105:   0.1729  0.2467  0.2616  0.3188  1
106:   0.2484  0.2896  0.2448  0.2172  1
107:   0.1816  0.2508  0.2848  0.2828  1
108:   0.2248  0.2464  0.2580  0.2707  1
109:   0.2338  0.2454  0.2701  0.2506  1
110:   0.2811  0.2366  0.2524  0.2300  1
111:   0.1252  0.2495  0.3337  0.2917  1
112:   0.1326  0.2698  0.3191  0.2785  1
113:   0.6186  0.1698  0.1088  0.1028  1
114:   0.1302  0.2586  0.2789  0.3323  1
115:   0.2444  0.2579  0.2583  0.2393  1
116:   0.2547  0.2651  0.2403  0.2399  1
117:   0.1348  0.2799  0.2869  0.2983  1
118:   0.1316  0.2633  0.2858  0.3193  1
119:   0.2941  0.2427  0.2351  0.2281  1
120:   0.4889  0.2088  0.1568  0.1454  1
121:   0.6950  0.1492  0.0774  0.0784  1
122:   0.1615  0.2389  0.2671  0.3325  1
123:   0.5099  0.2028  0.1516  0.1358  1
124:   0.1774  0.2408  0.3049  0.2769  1
125:   0.1654  0.2575  0.3043  0.2729  1
126:   0.1194  0.2344  0.2798  0.3664  1
127:   0.4015  0.2331  0.1980  0.1674  1
128:   0.1655  0.2641  0.2819  0.2885  1
129:   0.2223  0.2467  0.2863  0.2447  1
130:   0.1320  0.3003  0.2837  0.2840  1
131:   0.2697  0.2671  0.2406  0.2226  1
132:   0.1314  0.2692  0.2787  0.3207  1
133:   0.5816  0.1766  0.1188  0.1230  1
134:   0.1210  0.3185  0.3045  0.2560  1
135:   0.1548  0.3450  0.2824  0.2178  1
136:   0.3713  0.2210  0.2096  0.1981  1
137:   0.2784  0.2482  0.2316  0.2418  1
138:   0.0995  0.2741  0.3065  0.3199  1
139:   0.1702  0.2568  0.2728  0.3002  1
140:   0.1512  0.2629  0.2867  0.2993  1
141:   0.6244  0.1683  0.1018  0.1054  1
142:   0.2915  0.2426  0.2260  0.2400  1
143:   0.2211  0.2507  0.2571  0.2711  1
144:   0.1811  0.3277  0.2733  0.2179  1
145:   0.1067  0.2631  0.3265  0.3037  1
146:   0.1612  0.2659  0.3017  0.2713  1
147:   0.1586  0.2674  0.2960  0.2780  1
148:   0.1702  0.2933  0.2741  0.2624  1
149:   0.3301  0.2427  0.2203  0.2069  1
150:   0.2564  0.2461  0.2689  0.2285  1
151:   0.4761  0.1921  0.1749  0.1569  1
152:   0.1092  0.2399  0.2737  0.3772  1
153:   0.3885  0.2284  0.2048  0.1784  1
154:   0.2497  0.2603  0.2537  0.2364  1
155:   0.5501  0.1982  0.1314  0.1204  1
156:   0.1438  0.3054  0.2922  0.2586  1
157:   0.1615  0.3093  0.2831  0.2461  1
158:   0.1788  0.2623  0.2853  0.2737  1
159:   0.1908  0.2679  0.2673  0.2739  1
160:   0.5942  0.1807  0.1170  0.1081  1
161:   0.1460  0.2926  0.2766  0.2848  1
162:   0.3409  0.2320  0.2244  0.2028  1
163:   0.1712  0.2469  0.2716  0.3103  1
164:   0.0963  0.2571  0.3495  0.2971  1
165:   0.1966  0.2597  0.2953  0.2483  1
166:   0.6040  0.1701  0.1120  0.1140  1
167:   0.1486  0.2304  0.2690  0.3521  1
168:   0.2719  0.2353  0.2259  0.2669  1
169:   0.1622  0.2564  0.2841  0.2973  1
170:   0.6752  0.1536  0.0864  0.0848  1
171:   0.1534  0.2712  0.2787  0.2967  1
172:   0.1869  0.2449  0.2623  0.3059  1
173:   0.6268  0.1690  0.1059  0.0983  1
174:   0.1722  0.2569  0.2911  0.2799  1
175:   0.1474  0.2670  0.2763  0.3093  1
176:   0.1408  0.2871  0.2823  0.2899  1
177:   0.1640  0.2423  0.2680  0.3257  1
178:   0.2173  0.2857  0.2553  0.2417  1
179:   0.1300  0.2304  0.2671  0.3725  1
180:   0.2445  0.2523  0.2458  0.2575  1
181:   0.3932  0.2229  0.2059  0.1779  1
182:   0.1460  0.2809  0.2957  0.2775  1
183:   0.6167  0.1685  0.1092  0.1056  1
184:   0.1766  0.2494  0.2920  0.2820  1
185:   0.6067  0.1737  0.1124  0.1072  1
186:   0.6333  0.1598  0.1026  0.1042  1
187:   0.1389  0.2761  0.2897  0.2953  1
188:   0.1822  0.2527  0.3035  0.2617  1
189:   0.3442  0.2356  0.2208  0.1994  1
190:   0.1936  0.3158  0.2704  0.2202  1
191:   0.3257  0.2593  0.2193  0.1957  1
192:   0.1586  0.3572  0.2808  0.2034  1
193:   0.1748  0.2638  0.2925  0.2689  1
194:   0.2490  0.2664  0.2496  0.2350  1
195:   0.1492  0.2788  0.2678  0.3042  1
196:   0.5893  0.1677  0.1230  0.1200  1
197:   0.1412  0.2678  0.2816  0.3094  1
198:   0.5122  0.1936  0.1522  0.1420  1
199:   0.1290  0.2644  0.2981  0.3085  1
200:   0.1178  0.2418  0.3282  0.3122  1
201:   0.1433  0.2555  0.2709  0.3303  1
202:   0.1368  0.3236  0.3060  0.2336  1
203:   0.2045  0.2743  0.2609  0.2603  1
204:   0.1322  0.2393  0.2775  0.3509  1
205:   0.1664  0.2663  0.2643  0.3030  1
206:   0.2020  0.2720  0.2534  0.2726  1
207:   0.1834  0.3052  0.2748  0.2366  1
208:   0.5211  0.1859  0.1417  0.1513  1
209:   0.1684  0.2969  0.2708  0.2638  1
210:   0.1446  0.2876  0.2862  0.2816  1
211:   0.5055  0.1954  0.1456  0.1534  1
212:   0.5600  0.1842  0.1284  0.1274  1
213:   0.2091  0.2345  0.2485  0.3079  1
214:   0.1128  0.2710  0.3188  0.2974  1
215:   0.1460  0.2741  0.3065  0.2735  1
216:   0.6075  0.1739  0.1134  0.1052  1
217:   0.2818  0.2336  0.2380  0.2466  1
218:   0.2490  0.2671  0.2448  0.2392  1
219:   0.1193  0.2856  0.2798  0.3152  1
220:   0.1327  0.3236  0.2718  0.2718  1
221:   0.3047  0.2570  0.2253  0.2130  1
222:   0.1508  0.2823  0.2727  0.2943  1
223:   0.1889  0.2553  0.3012  0.2546  1
224:   0.1140  0.2568  0.2850  0.3442  1
