1:    0.288 0.074 0.370 0.268 1    
2:    0.443 0.130 0.307 0.120 1    
3:    0.257 0.168 0.336 0.240 1    
4:    0.251 0.306 0.253 0.190 1    
5:    0.288 0.150 0.290 0.272 1    
6:    0.278 0.112 0.342 0.268 1    
7:    0.222 0.224 0.315 0.239 1    
8:    0.328 0.151 0.278 0.243 1    
9:    0.264 0.184 0.309 0.243 1    
10:   0.327 0.107 0.239 0.328 1    
11:   0.199 0.488 0.166 0.148 1    
12:   0.201 0.333 0.298 0.167 1    
13:   0.293 0.282 0.250 0.175 1    
14:   0.056 0.843 0.055 0.046 1    
15:   0.241 0.423 0.193 0.143 1    
16:   0.284 0.165 0.301 0.251 1    
17:   0.110 0.688 0.098 0.104 1    
18:   0.274 0.131 0.318 0.278 1    
19:   0.222 0.380 0.226 0.172 1    
20:   0.215 0.240 0.327 0.218 1    
21:   0.107 0.683 0.101 0.110 1    
22:   0.277 0.248 0.266 0.208 1    
23:   0.316 0.162 0.275 0.247 1    
24:   0.251 0.119 0.323 0.307 1    
25:   0.300 0.138 0.316 0.246 1    
26:   0.290 0.094 0.174 0.443 1    
27:   0.306 0.116 0.253 0.326 1    
28:   0.308 0.055 0.176 0.462 1    
29:   0.220 0.483 0.164 0.133 1    
30:   0.262 0.139 0.253 0.346 1    
31:   0.329 0.151 0.266 0.254 1    
32:   0.283 0.230 0.210 0.277 1    
33:   0.289 0.072 0.191 0.448 1    
34:   0.297 0.330 0.229 0.144 1    
35:   0.378 0.069 0.276 0.277 1    
36:   0.253 0.226 0.216 0.305 1    
37:   0.304 0.062 0.188 0.445 1    
38:   0.261 0.268 0.211 0.259 1    
39:   0.300 0.106 0.204 0.389 1    
40:   0.060 0.829 0.055 0.057 1    
41:   0.317 0.132 0.252 0.299 1    
42:   0.282 0.092 0.323 0.304 1    
43:   0.318 0.057 0.212 0.413 1    
44:   0.267 0.177 0.280 0.276 1    
45:   0.320 0.047 0.239 0.393 1    
46:   0.292 0.133 0.241 0.334 1    
47:   0.263 0.209 0.198 0.330 1    
48:   0.244 0.201 0.327 0.228 1    
49:   0.281 0.054 0.276 0.388 1    
50:   0.322 0.127 0.295 0.256 1    
51:   0.285 0.145 0.220 0.350 1    
52:   0.270 0.216 0.237 0.277 1    
53:   0.328 0.085 0.318 0.269 1    
54:   0.264 0.283 0.192 0.260 1    
55:   0.199 0.383 0.199 0.220 1    
56:   0.270 0.103 0.283 0.344 1    
57:   0.267 0.197 0.287 0.249 1    
58:   0.262 0.333 0.222 0.183 1    
59:   0.309 0.055 0.225 0.411 1    
60:   0.264 0.224 0.199 0.313 1    
61:   0.293 0.066 0.221 0.420 1    
62:   0.288 0.055 0.215 0.442 1    
63:   0.294 0.076 0.258 0.373 1    
64:   0.141 0.574 0.155 0.130 1    
65:   0.322 0.109 0.275 0.293 1    
66:   0.283 0.042 0.212 0.462 1    
67:   0.298 0.074 0.346 0.281 1    
68:   0.263 0.139 0.332 0.266 1    
69:   0.320 0.088 0.303 0.288 1    
70:   0.270 0.033 0.253 0.443 1    
71:   0.313 0.075 0.308 0.304 1    
72:   0.208 0.437 0.158 0.198 1    
73:   0.373 0.127 0.253 0.247 1    
74:   0.278 0.160 0.340 0.222 1    
75:   0.279 0.146 0.343 0.232 1    
76:   0.278 0.067 0.252 0.404 1    
77:   0.249 0.272 0.268 0.211 1    
78:   0.299 0.062 0.343 0.297 1    
79:   0.316 0.061 0.217 0.406 1    
80:   0.267 0.064 0.295 0.374 1    
81:   0.237 0.087 0.404 0.272 1    
82:   0.088 0.740 0.098 0.074 1    
83:   0.272 0.251 0.287 0.190 1    
84:   0.064 0.818 0.056 0.062 1    
85:   0.267 0.088 0.198 0.447 1    
86:   0.244 0.119 0.402 0.235 1    
87:   0.314 0.055 0.225 0.406 1    
88:   0.300 0.052 0.395 0.253 1    
89:   0.106 0.587 0.193 0.114 1    
90:   0.246 0.062 0.417 0.275 1    
91:   0.322 0.126 0.230 0.323 1    
92:   0.168 0.527 0.175 0.130 1    
93:   0.247 0.129 0.350 0.274 1    
94:   0.242 0.040 0.437 0.282 1    
95:   0.228 0.043 0.441 0.288 1    
96:   0.217 0.043 0.453 0.287 1    
97:   0.235 0.081 0.406 0.278 1    
98:   0.305 0.052 0.386 0.258 1    
99:   0.147 0.534 0.190 0.128 1    
100:  0.148 0.586 0.120 0.146 1    
101:  0.227 0.103 0.315 0.355 1    
102:  0.284 0.239 0.236 0.241 1    
103:  0.286 0.093 0.284 0.337 1    
104:  0.257 0.034 0.419 0.289 1    
105:  0.285 0.128 0.194 0.393 1    
106:  0.304 0.264 0.245 0.187 1    
107:  0.252 0.158 0.332 0.259 1    
108:  0.257 0.219 0.265 0.259 1    
109:  0.227 0.207 0.319 0.247 1    
110:  0.213 0.289 0.290 0.208 1    
111:  0.221 0.069 0.445 0.265 1    
112:  0.257 0.081 0.397 0.265 1    
113:  0.078 0.790 0.071 0.060 1    
114:  0.303 0.066 0.227 0.404 1    
115:  0.259 0.240 0.283 0.218 1    
116:  0.279 0.276 0.211 0.234 1    
117:  0.317 0.077 0.276 0.329 1    
118:  0.302 0.072 0.243 0.382 1    
119:  0.221 0.312 0.246 0.220 1    
120:  0.153 0.608 0.130 0.109 1    
121:  0.035 0.901 0.032 0.032 1    
122:  0.267 0.113 0.234 0.386 1    
123:  0.141 0.635 0.126 0.098 1    
124:  0.223 0.130 0.395 0.251 1    
125:  0.249 0.125 0.367 0.259 1    
126:  0.285 0.054 0.215 0.446 1    
127:  0.203 0.484 0.189 0.124 1    
128:  0.279 0.126 0.292 0.304 1    
129:  0.235 0.189 0.355 0.221 1    
130:  0.351 0.082 0.273 0.294 1    
131:  0.274 0.287 0.232 0.206 1    
132:  0.322 0.072 0.252 0.354 1    
133:  0.091 0.744 0.074 0.091 1    
134:  0.356 0.060 0.346 0.238 1    
135:  0.408 0.125 0.296 0.171 1    
136:  0.190 0.424 0.215 0.171 1    
137:  0.249 0.291 0.223 0.237 1    
138:  0.298 0.037 0.340 0.326 1    
139:  0.291 0.131 0.264 0.314 1    
140:  0.285 0.114 0.292 0.309 1    
141:  0.070 0.806 0.057 0.066 1    
142:  0.228 0.326 0.206 0.241 1    
143:  0.253 0.217 0.258 0.273 1    
144:  0.380 0.153 0.290 0.176 1    
145:  0.255 0.049 0.400 0.296 1    
146:  0.259 0.124 0.372 0.245 1    
147:  0.274 0.117 0.349 0.259 1    
148:  0.327 0.134 0.277 0.263 1    
149:  0.223 0.368 0.214 0.195 1    
150:  0.221 0.240 0.333 0.206 1    
151:  0.130 0.551 0.182 0.136 1    
152:  0.300 0.037 0.200 0.463 1    
153:  0.195 0.447 0.208 0.151 1    
154:  0.251 0.258 0.259 0.231 1    
155:  0.122 0.709 0.093 0.076 1    
156:  0.350 0.100 0.309 0.240 1    
157:  0.353 0.128 0.289 0.230 1    
158:  0.267 0.143 0.309 0.281 1    
159:  0.277 0.174 0.266 0.283 1    
160:  0.091 0.764 0.080 0.066 1    
161:  0.322 0.098 0.268 0.312 1    
162:  0.201 0.364 0.248 0.186 1    
163:  0.264 0.138 0.242 0.357 1    
164:  0.226 0.034 0.466 0.275 1    
165:  0.242 0.155 0.368 0.235 1    
166:  0.081 0.769 0.072 0.078 1    
167:  0.268 0.088 0.226 0.418 1    
168:  0.237 0.285 0.176 0.301 1    
169:  0.271 0.123 0.296 0.310 1    
170:  0.045 0.868 0.047 0.039 1    
171:  0.303 0.113 0.269 0.315 1    
172:  0.274 0.158 0.231 0.337 1    
173:  0.072 0.802 0.070 0.055 1    
174:  0.264 0.135 0.319 0.282 1    
175:  0.291 0.094 0.273 0.341 1    
176:  0.338 0.084 0.248 0.330 1    
177:  0.267 0.120 0.231 0.381 1    
178:  0.310 0.206 0.248 0.236 1    
179:  0.278 0.067 0.205 0.450 1    
180:  0.257 0.251 0.235 0.256 1    
181:  0.188 0.447 0.222 0.144 1    
182:  0.299 0.107 0.331 0.263 1    
183:  0.079 0.783 0.074 0.063 1    
184:  0.243 0.135 0.350 0.273 1    
185:  0.075 0.787 0.076 0.062 1    
186:  0.061 0.809 0.069 0.062 1    
187:  0.302 0.085 0.279 0.334 1    
188:  0.246 0.133 0.387 0.234 1    
189:  0.202 0.386 0.225 0.187 1    
190:  0.365 0.168 0.278 0.189 1    
191:  0.239 0.382 0.215 0.165 1    
192:  0.419 0.118 0.315 0.148 1    
193:  0.275 0.145 0.339 0.241 1    
194:  0.270 0.249 0.256 0.225 1    
195:  0.321 0.095 0.213 0.370 1    
196:  0.077 0.751 0.095 0.076 1    
197:  0.307 0.093 0.253 0.347 1    
198:  0.126 0.648 0.127 0.099 1    
199:  0.291 0.074 0.316 0.319 1    
200:  0.230 0.064 0.412 0.293 1    
201:  0.302 0.085 0.207 0.405 1    
202:  0.374 0.085 0.347 0.194 1    
203:  0.307 0.172 0.258 0.263 1    
204:  0.271 0.079 0.228 0.422 1    
205:  0.304 0.123 0.198 0.375 1    
206:  0.299 0.176 0.217 0.308 1    
207:  0.346 0.162 0.278 0.215 1    
208:  0.116 0.658 0.096 0.130 1    
209:  0.339 0.141 0.249 0.270 1    
210:  0.322 0.094 0.303 0.280 1    
211:  0.130 0.637 0.106 0.127 1    
212:  0.108 0.709 0.091 0.092 1    
213:  0.251 0.184 0.200 0.366 1    
214:  0.278 0.052 0.368 0.302 1    
215:  0.288 0.101 0.356 0.254 1    
216:  0.079 0.774 0.081 0.066 1    
217:  0.226 0.283 0.256 0.235 1    
218:  0.276 0.248 0.231 0.246 1    
219:  0.368 0.052 0.224 0.356 1    
220:  0.402 0.070 0.247 0.281 1    
221:  0.254 0.322 0.219 0.206 1    
222:  0.334 0.099 0.217 0.351 1    
223:  0.243 0.145 0.380 0.232 1    
224:  0.305 0.044 0.256 0.395 1    
                 
                 
1:    0.260 0.238 0.252 0.250 1    
2:    0.234 0.249 0.268 0.249 1    
3:    0.258 0.244 0.251 0.248 1    
4:    0.245 0.253 0.249 0.253 1    
5:    0.249 0.242 0.253 0.256 1    
6:    0.259 0.240 0.250 0.251 1    
7:    0.252 0.248 0.250 0.250 1    
8:    0.244 0.241 0.258 0.256 1    
9:    0.253 0.244 0.251 0.251 1    
10:   0.251 0.239 0.257 0.252 1    
11:   0.246 0.262 0.245 0.247 1    
12:   0.247 0.259 0.249 0.245 1    
13:   0.240 0.250 0.254 0.256 1    
14:   0.235 0.295 0.236 0.234 1    
15:   0.236 0.266 0.247 0.250 1    
16:   0.250 0.245 0.252 0.252 1    
17:   0.240 0.283 0.238 0.239 1    
18:   0.257 0.240 0.247 0.257 1    
19:   0.244 0.258 0.246 0.252 1    
20:   0.253 0.253 0.247 0.248 1    
21:   0.240 0.284 0.236 0.241 1    
22:   0.249 0.241 0.253 0.256 1    
23:   0.250 0.241 0.255 0.254 1    
24:   0.269 0.237 0.246 0.247 1    
25:   0.252 0.241 0.251 0.255 1    
26:   0.258 0.239 0.250 0.252 1    
27:   0.251 0.237 0.254 0.258 1    
28:   0.253 0.238 0.253 0.256 1    
29:   0.241 0.262 0.250 0.247 1    
30:   0.256 0.242 0.251 0.251 1    
31:   0.244 0.243 0.259 0.253 1    
32:   0.246 0.248 0.252 0.254 1    
33:   0.253 0.235 0.255 0.257 1    
34:   0.238 0.257 0.259 0.246 1    
35:   0.245 0.237 0.261 0.257 1    
36:   0.254 0.243 0.250 0.253 1    
37:   0.256 0.238 0.255 0.251 1    
38:   0.252 0.248 0.247 0.253 1    
39:   0.253 0.240 0.251 0.257 1    
40:   0.236 0.297 0.232 0.235 1    
41:   0.248 0.241 0.253 0.257 1    
42:   0.256 0.235 0.257 0.252 1    
43:   0.253 0.237 0.259 0.250 1    
44:   0.256 0.243 0.248 0.253 1    
45:   0.252 0.233 0.260 0.255 1    
46:   0.252 0.240 0.255 0.253 1    
47:   0.250 0.247 0.249 0.255 1    
48:   0.255 0.249 0.248 0.248 1    
49:   0.258 0.233 0.257 0.252 1    
50:   0.252 0.239 0.254 0.254 1    
51:   0.254 0.244 0.252 0.250 1    
52:   0.252 0.246 0.251 0.252 1    
53:   0.253 0.237 0.256 0.255 1    
54:   0.250 0.250 0.249 0.252 1    
55:   0.248 0.258 0.246 0.248 1    
56:   0.260 0.238 0.252 0.251 1    
57:   0.249 0.247 0.252 0.253 1    
58:   0.243 0.257 0.252 0.248 1    
59:   0.252 0.234 0.256 0.257 1    
60:   0.251 0.248 0.248 0.253 1    
61:   0.262 0.237 0.248 0.253 1    
62:   0.257 0.234 0.252 0.258 1    
63:   0.261 0.236 0.250 0.253 1    
64:   0.243 0.276 0.241 0.240 1    
65:   0.251 0.241 0.253 0.255 1    
66:   0.257 0.232 0.251 0.260 1    
67:   0.253 0.235 0.255 0.257 1    
68:   0.252 0.240 0.251 0.257 1    
69:   0.257 0.236 0.254 0.254 1    
70:   0.272 0.233 0.245 0.250 1    
71:   0.254 0.235 0.257 0.254 1    
72:   0.243 0.256 0.254 0.247 1    
73:   0.246 0.241 0.256 0.257 1    
74:   0.253 0.245 0.253 0.248 1    
75:   0.253 0.240 0.254 0.253 1    
76:   0.261 0.233 0.251 0.254 1    
77:   0.247 0.247 0.253 0.253 1    
78:   0.257 0.235 0.252 0.256 1    
79:   0.253 0.235 0.257 0.255 1    
80:   0.266 0.234 0.248 0.252 1    
81:   0.262 0.238 0.250 0.251 1    
82:   0.235 0.290 0.237 0.238 1    
83:   0.247 0.247 0.253 0.253 1    
84:   0.236 0.295 0.236 0.233 1    
85:   0.257 0.234 0.254 0.255 1    
86:   0.254 0.244 0.251 0.251 1    
87:   0.256 0.235 0.256 0.253 1    
88:   0.255 0.240 0.253 0.253 1    
89:   0.241 0.282 0.239 0.238 1    
90:   0.264 0.237 0.251 0.249 1    
91:   0.247 0.239 0.255 0.259 1    
92:   0.243 0.270 0.244 0.244 1    
93:   0.259 0.242 0.248 0.251 1    
94:   0.264 0.235 0.251 0.250 1    
95:   0.267 0.234 0.246 0.253 1    
96:   0.263 0.235 0.249 0.253 1    
97:   0.259 0.241 0.249 0.251 1    
98:   0.258 0.238 0.251 0.253 1    
99:   0.248 0.270 0.237 0.245 1    
100:  0.241 0.271 0.243 0.245 1    
101:  0.268 0.237 0.245 0.250 1    
102:  0.243 0.247 0.257 0.253 1    
103:  0.256 0.241 0.251 0.252 1    
104:  0.262 0.237 0.252 0.250 1    
105:  0.254 0.236 0.257 0.254 1    
106:  0.241 0.248 0.259 0.252 1    
107:  0.258 0.244 0.249 0.249 1    
108:  0.256 0.250 0.245 0.249 1    
109:  0.251 0.255 0.248 0.246 1    
110:  0.252 0.252 0.245 0.251 1    
111:  0.263 0.237 0.250 0.250 1    
112:  0.254 0.239 0.253 0.254 1    
113:  0.235 0.291 0.237 0.237 1    
114:  0.254 0.233 0.255 0.258 1    
115:  0.251 0.250 0.247 0.252 1    
116:  0.245 0.255 0.252 0.249 1    
117:  0.252 0.236 0.256 0.256 1    
118:  0.256 0.235 0.254 0.255 1    
119:  0.248 0.257 0.247 0.248 1    
120:  0.241 0.273 0.242 0.243 1    
121:  0.236 0.301 0.229 0.234 1    
122:  0.260 0.239 0.250 0.251 1    
123:  0.241 0.276 0.241 0.242 1    
124:  0.263 0.244 0.246 0.247 1    
125:  0.259 0.243 0.249 0.249 1    
126:  0.262 0.234 0.249 0.254 1    
127:  0.243 0.265 0.246 0.246 1    
128:  0.253 0.241 0.252 0.254 1    
129:  0.256 0.248 0.249 0.248 1    
130:  0.249 0.235 0.259 0.258 1    
131:  0.249 0.251 0.250 0.251 1    
132:  0.253 0.234 0.255 0.258 1    
133:  0.232 0.294 0.238 0.236 1    
134:  0.243 0.239 0.263 0.255 1    
135:  0.242 0.242 0.260 0.256 1    
136:  0.246 0.264 0.245 0.246 1    
137:  0.253 0.250 0.248 0.249 1    
138:  0.261 0.235 0.253 0.250 1    
139:  0.256 0.239 0.249 0.256 1    
140:  0.258 0.239 0.250 0.252 1    
141:  0.232 0.294 0.238 0.236 1    
142:  0.248 0.256 0.248 0.248 1    
143:  0.253 0.248 0.249 0.250 1    
144:  0.241 0.245 0.265 0.248 1    
145:  0.262 0.234 0.251 0.254 1    
146:  0.257 0.241 0.252 0.250 1    
147:  0.259 0.240 0.249 0.251 1    
148:  0.248 0.241 0.258 0.253 1    
149:  0.246 0.257 0.249 0.248 1    
150:  0.246 0.251 0.248 0.255 1    
151:  0.246 0.272 0.239 0.242 1    
152:  0.255 0.236 0.254 0.255 1    
153:  0.241 0.261 0.247 0.251 1    
154:  0.250 0.247 0.250 0.253 1    
155:  0.238 0.282 0.241 0.240 1    
156:  0.246 0.245 0.257 0.253 1    
157:  0.249 0.239 0.260 0.252 1    
158:  0.252 0.241 0.253 0.254 1    
159:  0.248 0.243 0.252 0.256 1    
160:  0.233 0.288 0.241 0.237 1    
161:  0.255 0.239 0.256 0.250 1    
162:  0.244 0.263 0.245 0.248 1    
163:  0.259 0.239 0.251 0.251 1    
164:  0.258 0.238 0.252 0.253 1    
165:  0.250 0.246 0.253 0.251 1    
166:  0.236 0.292 0.235 0.237 1    
167:  0.264 0.239 0.247 0.250 1    
168:  0.248 0.258 0.246 0.248 1    
169:  0.256 0.238 0.250 0.256 1    
170:  0.235 0.298 0.231 0.236 1    
171:  0.254 0.237 0.257 0.252 1    
172:  0.259 0.242 0.248 0.251 1    
173:  0.236 0.290 0.236 0.237 1    
174:  0.257 0.241 0.249 0.253 1    
175:  0.250 0.238 0.259 0.253 1    
176:  0.245 0.238 0.256 0.262 1    
177:  0.259 0.240 0.251 0.250 1    
178:  0.245 0.245 0.256 0.254 1    
179:  0.259 0.235 0.252 0.254 1    
180:  0.253 0.246 0.250 0.251 1    
181:  0.243 0.265 0.249 0.243 1    
182:  0.256 0.238 0.256 0.250 1    
183:  0.233 0.294 0.238 0.235 1    
184:  0.256 0.245 0.252 0.247 1    
185:  0.236 0.292 0.235 0.237 1    
186:  0.240 0.292 0.231 0.236 1    
187:  0.252 0.237 0.253 0.257 1    
188:  0.258 0.244 0.248 0.250 1    
189:  0.247 0.254 0.249 0.250 1    
190:  0.243 0.243 0.256 0.258 1    
191:  0.245 0.259 0.248 0.248 1    
192:  0.240 0.242 0.265 0.253 1    
193:  0.258 0.240 0.251 0.251 1    
194:  0.248 0.249 0.252 0.251 1    
195:  0.244 0.238 0.260 0.258 1    
196:  0.239 0.290 0.235 0.237 1    
197:  0.248 0.241 0.256 0.255 1    
198:  0.241 0.278 0.241 0.240 1    
199:  0.256 0.238 0.253 0.253 1    
200:  0.266 0.235 0.247 0.252 1    
201:  0.255 0.235 0.255 0.255 1    
202:  0.247 0.241 0.262 0.250 1    
203:  0.245 0.249 0.252 0.254 1    
204:  0.261 0.236 0.247 0.256 1    
205:  0.246 0.242 0.259 0.252 1    
206:  0.244 0.248 0.253 0.255 1    
207:  0.251 0.240 0.254 0.255 1    
208:  0.237 0.284 0.239 0.241 1    
209:  0.246 0.242 0.257 0.254 1    
210:  0.246 0.239 0.258 0.257 1    
211:  0.241 0.277 0.241 0.241 1    
212:  0.236 0.286 0.239 0.239 1    
213:  0.261 0.243 0.247 0.249 1    
214:  0.255 0.236 0.261 0.249 1    
215:  0.257 0.237 0.251 0.255 1    
216:  0.233 0.289 0.241 0.237 1    
217:  0.252 0.253 0.247 0.247 1    
218:  0.245 0.248 0.253 0.254 1    
219:  0.252 0.239 0.257 0.253 1    
220:  0.242 0.242 0.266 0.250 1    
221:  0.242 0.254 0.250 0.253 1    
222:  0.250 0.238 0.256 0.255 1    
223:  0.255 0.245 0.249 0.252 1    
224:  0.256 0.237 0.258 0.249 1    
                 
                 
1:    0.109 0.242 0.348 0.301 1    
2:    0.148 0.350 0.223 0.280 1    
3:    0.190 0.238 0.304 0.268 1    
4:    0.256 0.270 0.237 0.237 1    
5:    0.175 0.248 0.290 0.287 1    
6:    0.150 0.256 0.324 0.270 1    
7:    0.218 0.231 0.285 0.266 1    
8:    0.186 0.273 0.251 0.290 1    
9:    0.193 0.269 0.278 0.261 1    
10:   0.148 0.257 0.288 0.306 1    
11:   0.396 0.273 0.158 0.173 1    
12:   0.296 0.247 0.255 0.202 1    
13:   0.254 0.290 0.215 0.242 1    
14:   0.627 0.260 0.054 0.058 1    
15:   0.346 0.299 0.168 0.188 1    
16:   0.186 0.274 0.270 0.270 1    
17:   0.531 0.259 0.101 0.108 1    
18:   0.166 0.251 0.289 0.294 1    
19:   0.319 0.259 0.213 0.209 1    
20:   0.229 0.247 0.285 0.239 1    
21:   0.527 0.252 0.108 0.112 1    
22:   0.236 0.268 0.242 0.254 1    
23:   0.203 0.259 0.256 0.282 1    
24:   0.168 0.221 0.309 0.303 1    
25:   0.163 0.256 0.303 0.278 1    
26:   0.201 0.202 0.283 0.314 1    
27:   0.174 0.265 0.269 0.292 1    
28:   0.194 0.206 0.281 0.319 1    
29:   0.383 0.292 0.156 0.169 1    
30:   0.186 0.233 0.285 0.296 1    
31:   0.172 0.291 0.251 0.286 1    
32:   0.236 0.265 0.234 0.265 1    
33:   0.184 0.224 0.268 0.323 1    
34:   0.268 0.316 0.185 0.230 1    
35:   0.142 0.288 0.278 0.293 1    
36:   0.239 0.239 0.251 0.272 1    
37:   0.174 0.209 0.283 0.334 1    
38:   0.263 0.248 0.238 0.251 1    
39:   0.192 0.227 0.282 0.299 1    
40:   0.611 0.265 0.061 0.062 1    
41:   0.185 0.264 0.268 0.283 1    
42:   0.150 0.231 0.321 0.297 1    
43:   0.164 0.242 0.278 0.315 1    
44:   0.188 0.257 0.281 0.274 1    
45:   0.147 0.238 0.282 0.333 1    
46:   0.184 0.252 0.277 0.287 1    
47:   0.257 0.250 0.230 0.263 1    
48:   0.212 0.248 0.285 0.255 1    
49:   0.143 0.219 0.322 0.316 1    
50:   0.160 0.275 0.273 0.292 1    
51:   0.216 0.223 0.263 0.298 1    
52:   0.240 0.249 0.247 0.264 1    
53:   0.145 0.260 0.289 0.306 1    
54:   0.279 0.265 0.219 0.237 1    
55:   0.339 0.245 0.208 0.208 1    
56:   0.171 0.241 0.288 0.299 1    
57:   0.213 0.258 0.270 0.259 1    
58:   0.299 0.274 0.199 0.227 1    
59:   0.148 0.237 0.294 0.321 1    
60:   0.239 0.250 0.239 0.272 1    
61:   0.180 0.211 0.299 0.310 1    
62:   0.166 0.222 0.293 0.319 1    
63:   0.163 0.229 0.301 0.308 1    
64:   0.467 0.245 0.150 0.139 1    
65:   0.165 0.255 0.285 0.296 1    
66:   0.161 0.214 0.290 0.335 1    
67:   0.130 0.243 0.327 0.300 1    
68:   0.175 0.264 0.302 0.258 1    
69:   0.134 0.259 0.312 0.295 1    
70:   0.151 0.181 0.337 0.331 1    
71:   0.148 0.239 0.284 0.329 1    
72:   0.383 0.267 0.160 0.190 1    
73:   0.160 0.295 0.252 0.293 1    
74:   0.190 0.255 0.302 0.253 1    
75:   0.166 0.255 0.311 0.268 1    
76:   0.153 0.224 0.313 0.310 1    
77:   0.232 0.265 0.254 0.249 1    
78:   0.115 0.233 0.337 0.314 1    
79:   0.168 0.221 0.295 0.316 1    
80:   0.138 0.207 0.329 0.325 1    
81:   0.133 0.224 0.350 0.293 1    
82:   0.558 0.256 0.094 0.092 1    
83:   0.230 0.273 0.252 0.246 1    
84:   0.601 0.268 0.056 0.074 1    
85:   0.191 0.217 0.277 0.315 1    
86:   0.148 0.245 0.347 0.261 1    
87:   0.158 0.229 0.289 0.324 1    
88:   0.108 0.258 0.332 0.301 1    
89:   0.458 0.236 0.180 0.126 1    
90:   0.116 0.224 0.358 0.302 1    
91:   0.196 0.265 0.252 0.288 1    
92:   0.407 0.279 0.157 0.156 1    
93:   0.150 0.227 0.331 0.292 1    
94:   0.099 0.216 0.397 0.287 1    
95:   0.106 0.205 0.398 0.290 1    
96:   0.100 0.202 0.404 0.294 1    
97:   0.124 0.223 0.366 0.287 1    
98:   0.110 0.247 0.327 0.316 1    
99:   0.420 0.238 0.177 0.165 1    
100:  0.476 0.249 0.128 0.148 1    
101:  0.150 0.204 0.342 0.304 1    
102:  0.222 0.281 0.224 0.272 1    
103:  0.170 0.218 0.318 0.294 1    
104:  0.097 0.216 0.368 0.319 1    
105:  0.210 0.223 0.267 0.301 1    
106:  0.253 0.290 0.209 0.248 1    
107:  0.178 0.235 0.310 0.277 1    
108:  0.227 0.233 0.271 0.269 1    
109:  0.215 0.240 0.302 0.242 1    
110:  0.258 0.245 0.261 0.236 1    
111:  0.117 0.217 0.380 0.286 1    
112:  0.117 0.236 0.355 0.291 1    
113:  0.592 0.262 0.072 0.074 1    
114:  0.167 0.224 0.286 0.324 1    
115:  0.236 0.251 0.258 0.256 1    
116:  0.262 0.276 0.210 0.252 1    
117:  0.159 0.242 0.279 0.320 1    
118:  0.158 0.235 0.306 0.301 1    
119:  0.268 0.256 0.242 0.235 1    
120:  0.471 0.270 0.123 0.136 1    
121:  0.661 0.263 0.036 0.040 1    
122:  0.198 0.219 0.280 0.304 1    
123:  0.497 0.266 0.114 0.123 1    
124:  0.170 0.223 0.340 0.267 1    
125:  0.164 0.235 0.324 0.277 1    
126:  0.165 0.202 0.303 0.331 1    
127:  0.373 0.269 0.183 0.174 1    
128:  0.173 0.239 0.292 0.297 1    
129:  0.196 0.229 0.326 0.250 1    
130:  0.147 0.285 0.253 0.315 1    
131:  0.272 0.278 0.218 0.231 1    
132:  0.153 0.240 0.279 0.327 1    
133:  0.561 0.269 0.078 0.092 1    
134:  0.118 0.288 0.304 0.290 1    
135:  0.129 0.323 0.252 0.295 1    
136:  0.366 0.261 0.187 0.186 1    
137:  0.285 0.256 0.215 0.244 1    
138:  0.106 0.249 0.327 0.318 1    
139:  0.194 0.224 0.285 0.297 1    
140:  0.156 0.249 0.311 0.284 1    
141:  0.597 0.270 0.059 0.074 1    
142:  0.293 0.265 0.207 0.236 1    
143:  0.230 0.256 0.250 0.264 1    
144:  0.160 0.311 0.250 0.279 1    
145:  0.105 0.224 0.366 0.305 1    
146:  0.144 0.258 0.329 0.268 1    
147:  0.159 0.240 0.320 0.282 1    
148:  0.178 0.272 0.247 0.303 1    
149:  0.332 0.263 0.198 0.208 1    
150:  0.211 0.256 0.283 0.251 1    
151:  0.424 0.247 0.176 0.153 1    
152:  0.165 0.198 0.293 0.343 1    
153:  0.344 0.262 0.203 0.191 1    
154:  0.248 0.260 0.243 0.249 1    
155:  0.526 0.273 0.091 0.110 1    
156:  0.130 0.267 0.294 0.309 1    
157:  0.148 0.289 0.273 0.291 1    
158:  0.189 0.240 0.301 0.270 1    
159:  0.194 0.259 0.257 0.290 1    
160:  0.564 0.270 0.079 0.086 1    
161:  0.158 0.258 0.270 0.314 1    
162:  0.296 0.275 0.236 0.193 1    
163:  0.191 0.238 0.275 0.296 1    
164:  0.097 0.212 0.392 0.299 1    
165:  0.174 0.256 0.321 0.249 1    
166:  0.584 0.255 0.078 0.084 1    
167:  0.194 0.202 0.296 0.308 1    
168:  0.279 0.250 0.227 0.244 1    
169:  0.172 0.229 0.303 0.297 1    
170:  0.639 0.263 0.051 0.047 1    
171:  0.167 0.241 0.292 0.299 1    
172:  0.209 0.223 0.277 0.292 1    
173:  0.593 0.266 0.072 0.069 1    
174:  0.170 0.232 0.317 0.281 1    
175:  0.160 0.237 0.270 0.332 1    
176:  0.162 0.256 0.265 0.317 1    
177:  0.191 0.218 0.282 0.309 1    
178:  0.219 0.284 0.240 0.258 1    
179:  0.183 0.197 0.293 0.328 1    
180:  0.241 0.264 0.234 0.261 1    
181:  0.373 0.251 0.195 0.181 1    
182:  0.147 0.252 0.311 0.290 1    
183:  0.588 0.261 0.075 0.077 1    
184:  0.172 0.234 0.322 0.272 1    
185:  0.581 0.269 0.076 0.075 1    
186:  0.607 0.253 0.070 0.070 1    
187:  0.154 0.253 0.290 0.302 1    
188:  0.161 0.236 0.330 0.273 1    
189:  0.317 0.254 0.223 0.206 1    
190:  0.169 0.304 0.249 0.278 1    
191:  0.311 0.284 0.192 0.213 1    
192:  0.133 0.341 0.245 0.282 1    
193:  0.171 0.243 0.309 0.278 1    
194:  0.241 0.267 0.240 0.252 1    
195:  0.181 0.254 0.246 0.319 1    
196:  0.565 0.250 0.095 0.090 1    
197:  0.158 0.243 0.301 0.298 1    
198:  0.500 0.250 0.128 0.122 1    
199:  0.137 0.241 0.334 0.287 1    
200:  0.111 0.204 0.386 0.299 1    
201:  0.181 0.225 0.285 0.308 1    
202:  0.113 0.274 0.316 0.297 1    
203:  0.213 0.267 0.257 0.264 1    
204:  0.163 0.219 0.299 0.319 1    
205:  0.192 0.257 0.250 0.301 1    
206:  0.217 0.276 0.231 0.276 1    
207:  0.174 0.288 0.255 0.283 1    
208:  0.510 0.257 0.111 0.123 1    
209:  0.157 0.284 0.255 0.304 1    
210:  0.144 0.263 0.292 0.301 1    
211:  0.508 0.258 0.104 0.130 1    
212:  0.542 0.256 0.093 0.109 1    
213:  0.241 0.215 0.247 0.297 1    
214:  0.115 0.232 0.359 0.293 1    
215:  0.149 0.244 0.317 0.290 1    
216:  0.574 0.266 0.080 0.081 1    
217:  0.271 0.236 0.244 0.249 1    
218:  0.242 0.269 0.227 0.262 1    
219:  0.145 0.235 0.292 0.328 1    
220:  0.149 0.290 0.236 0.326 1    
221:  0.276 0.279 0.216 0.229 1    
222:  0.182 0.255 0.257 0.307 1    
223:  0.166 0.227 0.336 0.270 1    
224:  0.153 0.220 0.318 0.309 1    
                 
                 
1:    0.100 0.310 0.302 0.287 1    
2:    0.200 0.265 0.367 0.169 1    
3:    0.203 0.275 0.271 0.251 1    
4:    0.295 0.216 0.277 0.212 1    
5:    0.168 0.262 0.266 0.303 1    
6:    0.144 0.294 0.293 0.269 1    
7:    0.233 0.262 0.270 0.236 1    
8:    0.179 0.282 0.275 0.264 1    
9:    0.199 0.272 0.268 0.261 1    
10:   0.132 0.321 0.244 0.303 1    
11:   0.424 0.177 0.251 0.147 1    
12:   0.337 0.198 0.260 0.205 1    
13:   0.301 0.219 0.298 0.182 1    
14:   0.700 0.056 0.191 0.053 1    
15:   0.385 0.192 0.260 0.163 1    
16:   0.186 0.269 0.278 0.268 1    
17:   0.585 0.117 0.190 0.108 1    
18:   0.164 0.288 0.268 0.280 1    
19:   0.377 0.193 0.256 0.173 1    
20:   0.249 0.241 0.283 0.227 1    
21:   0.579 0.118 0.184 0.119 1    
22:   0.255 0.250 0.280 0.215 1    
23:   0.184 0.279 0.277 0.260 1    
24:   0.144 0.309 0.252 0.295 1    
25:   0.183 0.253 0.293 0.271 1    
26:   0.121 0.334 0.183 0.361 1    
27:   0.149 0.292 0.249 0.310 1    
28:   0.096 0.335 0.195 0.374 1    
29:   0.440 0.164 0.247 0.148 1    
30:   0.150 0.290 0.227 0.333 1    
31:   0.183 0.265 0.291 0.262 1    
32:   0.235 0.262 0.255 0.247 1    
33:   0.100 0.334 0.188 0.378 1    
34:   0.328 0.210 0.300 0.162 1    
35:   0.137 0.290 0.301 0.272 1    
36:   0.233 0.266 0.231 0.270 1    
37:   0.093 0.338 0.192 0.377 1    
38:   0.249 0.249 0.249 0.253 1    
39:   0.130 0.311 0.215 0.345 1    
40:   0.687 0.066 0.179 0.068 1    
41:   0.153 0.301 0.254 0.292 1    
42:   0.123 0.302 0.279 0.296 1    
43:   0.093 0.355 0.212 0.340 1    
44:   0.182 0.298 0.248 0.272 1    
45:   0.094 0.330 0.232 0.345 1    
46:   0.165 0.296 0.236 0.302 1    
47:   0.216 0.271 0.225 0.288 1    
48:   0.217 0.275 0.260 0.248 1    
49:   0.089 0.319 0.239 0.354 1    
50:   0.172 0.278 0.300 0.250 1    
51:   0.163 0.296 0.233 0.308 1    
52:   0.222 0.251 0.252 0.274 1    
53:   0.132 0.302 0.277 0.289 1    
54:   0.286 0.236 0.249 0.229 1    
55:   0.362 0.199 0.232 0.206 1    
56:   0.138 0.313 0.239 0.310 1    
57:   0.204 0.245 0.288 0.263 1    
58:   0.327 0.201 0.281 0.190 1    
59:   0.101 0.334 0.226 0.339 1    
60:   0.222 0.281 0.223 0.275 1    
61:   0.093 0.339 0.214 0.355 1    
62:   0.088 0.337 0.197 0.379 1    
63:   0.111 0.316 0.246 0.327 1    
64:   0.504 0.142 0.202 0.152 1    
65:   0.147 0.285 0.270 0.298 1    
66:   0.076 0.335 0.204 0.386 1    
67:   0.118 0.308 0.272 0.302 1    
68:   0.171 0.264 0.290 0.276 1    
69:   0.134 0.303 0.277 0.286 1    
70:   0.057 0.347 0.202 0.394 1    
71:   0.115 0.315 0.251 0.320 1    
72:   0.396 0.193 0.216 0.194 1    
73:   0.164 0.284 0.294 0.259 1    
74:   0.181 0.267 0.284 0.268 1    
75:   0.172 0.266 0.290 0.272 1    
76:   0.092 0.330 0.230 0.347 1    
77:   0.271 0.238 0.263 0.228 1    
78:   0.100 0.301 0.298 0.302 1    
79:   0.097 0.321 0.226 0.356 1    
80:   0.094 0.346 0.239 0.321 1    
81:   0.114 0.304 0.263 0.320 1    
82:   0.625 0.089 0.196 0.090 1    
83:   0.277 0.219 0.285 0.219 1    
84:   0.672 0.076 0.180 0.072 1    
85:   0.118 0.328 0.188 0.366 1    
86:   0.142 0.265 0.306 0.287 1    
87:   0.094 0.317 0.215 0.374 1    
88:   0.094 0.303 0.307 0.296 1    
89:   0.534 0.129 0.201 0.136 1    
90:   0.092 0.308 0.285 0.315 1    
91:   0.162 0.284 0.259 0.295 1    
92:   0.457 0.162 0.233 0.149 1    
93:   0.134 0.296 0.278 0.292 1    
94:   0.065 0.323 0.285 0.327 1    
95:   0.062 0.319 0.276 0.342 1    
96:   0.062 0.311 0.278 0.349 1    
97:   0.111 0.294 0.279 0.316 1    
98:   0.092 0.302 0.316 0.290 1    
99:   0.467 0.156 0.228 0.148 1    
100:  0.512 0.142 0.205 0.141 1    
101:  0.115 0.323 0.232 0.330 1    
102:  0.236 0.247 0.280 0.237 1    
103:  0.128 0.294 0.243 0.335 1    
104:  0.063 0.326 0.290 0.321 1    
105:  0.154 0.309 0.205 0.333 1    
106:  0.257 0.240 0.277 0.226 1    
107:  0.168 0.286 0.261 0.284 1    
108:  0.216 0.266 0.252 0.266 1    
109:  0.229 0.246 0.275 0.250 1    
110:  0.286 0.228 0.257 0.229 1    
111:  0.093 0.301 0.293 0.313 1    
112:  0.112 0.282 0.308 0.298 1    
113:  0.661 0.078 0.185 0.076 1    
114:  0.105 0.318 0.220 0.357 1    
115:  0.240 0.236 0.280 0.244 1    
116:  0.262 0.268 0.247 0.223 1    
117:  0.118 0.309 0.264 0.309 1    
118:  0.110 0.317 0.238 0.335 1    
119:  0.297 0.219 0.264 0.219 1    
120:  0.507 0.136 0.227 0.130 1    
121:  0.745 0.040 0.174 0.040 1    
122:  0.135 0.318 0.213 0.334 1    
123:  0.561 0.121 0.214 0.105 1    
124:  0.158 0.272 0.268 0.302 1    
125:  0.152 0.291 0.278 0.279 1    
126:  0.080 0.355 0.192 0.373 1    
127:  0.418 0.178 0.246 0.158 1    
128:  0.150 0.287 0.268 0.295 1    
129:  0.213 0.247 0.284 0.256 1    
130:  0.121 0.310 0.268 0.301 1    
131:  0.281 0.244 0.261 0.214 1    
132:  0.110 0.315 0.236 0.339 1    
133:  0.623 0.098 0.181 0.098 1    
134:  0.123 0.284 0.328 0.265 1    
135:  0.181 0.263 0.346 0.210 1    
136:  0.393 0.202 0.218 0.186 1    
137:  0.274 0.233 0.253 0.240 1    
138:  0.077 0.300 0.260 0.362 1    
139:  0.151 0.287 0.242 0.320 1    
140:  0.132 0.314 0.257 0.297 1    
141:  0.669 0.073 0.178 0.079 1    
142:  0.286 0.235 0.245 0.233 1    
143:  0.216 0.272 0.238 0.274 1    
144:  0.216 0.244 0.327 0.212 1    
145:  0.079 0.312 0.297 0.312 1    
146:  0.153 0.274 0.287 0.286 1    
147:  0.134 0.286 0.298 0.282 1    
148:  0.165 0.284 0.282 0.268 1    
149:  0.367 0.208 0.232 0.194 1    
150:  0.256 0.226 0.278 0.240 1    
151:  0.509 0.132 0.222 0.137 1    
152:  0.066 0.338 0.194 0.402 1    
153:  0.402 0.171 0.253 0.174 1    
154:  0.249 0.251 0.268 0.232 1    
155:  0.589 0.102 0.215 0.094 1    
156:  0.143 0.288 0.313 0.256 1    
157:  0.182 0.275 0.299 0.245 1    
158:  0.166 0.290 0.273 0.270 1    
159:  0.178 0.277 0.261 0.285 1    
160:  0.648 0.085 0.187 0.080 1    
161:  0.135 0.295 0.288 0.282 1    
162:  0.359 0.194 0.242 0.206 1    
163:  0.160 0.313 0.219 0.308 1    
164:  0.056 0.320 0.304 0.320 1    
165:  0.188 0.263 0.289 0.261 1    
166:  0.644 0.085 0.189 0.083 1    
167:  0.114 0.328 0.199 0.359 1    
168:  0.260 0.255 0.224 0.260 1    
169:  0.147 0.286 0.255 0.313 1    
170:  0.722 0.048 0.177 0.053 1    
171:  0.141 0.297 0.263 0.299 1    
172:  0.173 0.313 0.226 0.288 1    
173:  0.670 0.073 0.190 0.068 1    
174:  0.162 0.293 0.270 0.275 1    
175:  0.131 0.296 0.255 0.318 1    
176:  0.133 0.319 0.248 0.299 1    
177:  0.146 0.318 0.221 0.315 1    
178:  0.227 0.254 0.279 0.241 1    
179:  0.089 0.331 0.178 0.402 1    
180:  0.242 0.268 0.237 0.253 1    
181:  0.425 0.173 0.234 0.169 1    
182:  0.135 0.287 0.289 0.289 1    
183:  0.664 0.076 0.180 0.080 1    
184:  0.161 0.274 0.268 0.296 1    
185:  0.648 0.078 0.194 0.080 1    
186:  0.676 0.070 0.184 0.071 1    
187:  0.126 0.310 0.255 0.310 1    
188:  0.174 0.260 0.282 0.284 1    
189:  0.366 0.192 0.258 0.184 1    
190:  0.214 0.246 0.323 0.217 1    
191:  0.345 0.199 0.273 0.184 1    
192:  0.195 0.253 0.360 0.192 1    
193:  0.164 0.288 0.266 0.282 1    
194:  0.256 0.238 0.274 0.232 1    
195:  0.134 0.303 0.234 0.329 1    
196:  0.627 0.093 0.185 0.096 1    
197:  0.122 0.313 0.241 0.324 1    
198:  0.544 0.130 0.206 0.120 1    
199:  0.112 0.307 0.270 0.312 1    
200:  0.085 0.312 0.279 0.324 1    
201:  0.117 0.314 0.222 0.347 1    
202:  0.151 0.283 0.328 0.238 1    
203:  0.207 0.260 0.264 0.269 1    
204:  0.106 0.343 0.203 0.348 1    
205:  0.146 0.320 0.209 0.325 1    
206:  0.203 0.278 0.242 0.277 1    
207:  0.197 0.272 0.305 0.226 1    
208:  0.551 0.132 0.185 0.132 1    
209:  0.171 0.284 0.272 0.274 1    
210:  0.132 0.269 0.288 0.312 1    
211:  0.532 0.134 0.201 0.132 1    
212:  0.596 0.103 0.200 0.101 1    
213:  0.193 0.293 0.214 0.300 1    
214:  0.093 0.299 0.281 0.327 1    
215:  0.134 0.303 0.291 0.272 1    
216:  0.658 0.076 0.192 0.074 1    
217:  0.278 0.225 0.246 0.252 1    
218:  0.257 0.248 0.260 0.235 1    
219:  0.103 0.327 0.247 0.324 1    
220:  0.134 0.295 0.296 0.276 1    
221:  0.309 0.211 0.273 0.207 1    
222:  0.140 0.315 0.237 0.309 1    
223:  0.186 0.254 0.296 0.265 1    
224:  0.087 0.324 0.231 0.358 1    
                 
                 
1:    0.071 0.309 0.305 0.315 1    
2:    0.110 0.401 0.347 0.143 1    
3:    0.190 0.276 0.271 0.263 1    
4:    0.301 0.256 0.247 0.196 1    
5:    0.167 0.293 0.281 0.258 1    
6:    0.115 0.302 0.289 0.295 1    
7:    0.270 0.227 0.233 0.269 1    
8:    0.140 0.317 0.317 0.225 1    
9:    0.182 0.278 0.274 0.266 1    
10:   0.089 0.307 0.294 0.309 1    
11:   0.433 0.212 0.195 0.159 1    
12:   0.387 0.222 0.216 0.175 1    
13:   0.288 0.274 0.271 0.167 1    
14:   0.797 0.073 0.073 0.057 1    
15:   0.362 0.237 0.230 0.171 1    
16:   0.155 0.293 0.277 0.275 1    
17:   0.630 0.125 0.121 0.125 1    
18:   0.140 0.291 0.297 0.272 1    
19:   0.411 0.216 0.217 0.156 1    
20:   0.293 0.238 0.232 0.236 1    
21:   0.637 0.118 0.117 0.128 1    
22:   0.229 0.280 0.286 0.205 1    
23:   0.147 0.311 0.300 0.243 1    
24:   0.129 0.242 0.257 0.372 1    
25:   0.165 0.292 0.303 0.240 1    
26:   0.106 0.248 0.256 0.390 1    
27:   0.113 0.310 0.303 0.274 1    
28:   0.066 0.274 0.284 0.376 1    
29:   0.453 0.220 0.203 0.123 1    
30:   0.140 0.246 0.253 0.362 1    
31:   0.151 0.339 0.303 0.207 1    
32:   0.216 0.284 0.272 0.228 1    
33:   0.080 0.278 0.298 0.343 1    
34:   0.298 0.298 0.263 0.141 1    
35:   0.073 0.353 0.324 0.250 1    
36:   0.233 0.237 0.239 0.291 1    
37:   0.071 0.270 0.292 0.367 1    
38:   0.235 0.263 0.254 0.247 1    
39:   0.117 0.283 0.291 0.309 1    
40:   0.789 0.072 0.072 0.067 1    
41:   0.138 0.300 0.304 0.258 1    
42:   0.107 0.292 0.290 0.312 1    
43:   0.062 0.302 0.301 0.335 1    
44:   0.165 0.258 0.252 0.324 1    
45:   0.052 0.327 0.318 0.303 1    
46:   0.124 0.289 0.285 0.302 1    
47:   0.232 0.265 0.270 0.233 1    
48:   0.210 0.242 0.254 0.295 1    
49:   0.063 0.289 0.307 0.341 1    
50:   0.133 0.318 0.297 0.251 1    
51:   0.155 0.254 0.261 0.331 1    
52:   0.221 0.242 0.252 0.285 1    
53:   0.088 0.320 0.319 0.273 1    
54:   0.264 0.257 0.261 0.218 1    
55:   0.392 0.195 0.206 0.207 1    
56:   0.110 0.281 0.299 0.310 1    
57:   0.199 0.266 0.279 0.257 1    
58:   0.339 0.247 0.238 0.177 1    
59:   0.061 0.313 0.311 0.314 1    
60:   0.221 0.248 0.258 0.272 1    
61:   0.081 0.238 0.264 0.416 1    
62:   0.064 0.280 0.280 0.376 1    
63:   0.092 0.272 0.265 0.371 1    
64:   0.551 0.148 0.142 0.158 1    
65:   0.128 0.305 0.297 0.271 1    
66:   0.052 0.283 0.291 0.374 1    
67:   0.085 0.310 0.315 0.291 1    
68:   0.165 0.282 0.276 0.277 1    
69:   0.092 0.329 0.302 0.278 1    
70:   0.039 0.211 0.239 0.511 1    
71:   0.076 0.306 0.305 0.313 1    
72:   0.396 0.218 0.210 0.177 1    
73:   0.118 0.359 0.308 0.215 1    
74:   0.158 0.302 0.282 0.258 1    
75:   0.156 0.301 0.290 0.252 1    
76:   0.074 0.245 0.262 0.419 1    
77:   0.298 0.257 0.255 0.191 1    
78:   0.069 0.284 0.296 0.351 1    
79:   0.071 0.286 0.310 0.333 1    
80:   0.070 0.252 0.269 0.409 1    
81:   0.112 0.268 0.273 0.346 1    
82:   0.718 0.102 0.094 0.085 1    
83:   0.249 0.280 0.271 0.200 1    
84:   0.743 0.096 0.091 0.071 1    
85:   0.104 0.260 0.280 0.355 1    
86:   0.153 0.265 0.275 0.307 1    
87:   0.064 0.298 0.298 0.341 1    
88:   0.064 0.331 0.343 0.261 1    
89:   0.642 0.108 0.113 0.138 1    
90:   0.083 0.292 0.299 0.325 1    
91:   0.143 0.304 0.317 0.236 1    
92:   0.507 0.180 0.176 0.137 1    
93:   0.149 0.254 0.267 0.330 1    
94:   0.064 0.278 0.301 0.357 1    
95:   0.065 0.252 0.278 0.405 1    
96:   0.071 0.270 0.291 0.368 1    
97:   0.117 0.265 0.285 0.333 1    
98:   0.062 0.325 0.313 0.300 1    
99:   0.548 0.153 0.160 0.139 1    
100:  0.586 0.149 0.154 0.112 1    
101:  0.117 0.210 0.238 0.435 1    
102:  0.224 0.294 0.284 0.198 1    
103:  0.105 0.252 0.278 0.366 1    
104:  0.041 0.292 0.292 0.375 1    
105:  0.137 0.264 0.285 0.314 1    
106:  0.220 0.318 0.278 0.184 1    
107:  0.160 0.257 0.247 0.336 1    
108:  0.212 0.245 0.239 0.303 1    
109:  0.263 0.237 0.237 0.263 1    
110:  0.321 0.223 0.232 0.225 1    
111:  0.110 0.266 0.292 0.331 1    
112:  0.114 0.295 0.307 0.284 1    
113:  0.758 0.087 0.086 0.069 1    
114:  0.080 0.291 0.306 0.323 1    
115:  0.256 0.253 0.263 0.228 1    
116:  0.219 0.272 0.264 0.246 1    
117:  0.084 0.320 0.314 0.281 1    
118:  0.083 0.287 0.308 0.322 1    
119:  0.336 0.225 0.220 0.218 1    
120:  0.585 0.152 0.152 0.111 1    
121:  0.867 0.045 0.045 0.044 1    
122:  0.123 0.246 0.253 0.379 1    
123:  0.581 0.152 0.155 0.112 1    
124:  0.185 0.244 0.270 0.301 1    
125:  0.143 0.276 0.290 0.290 1    
126:  0.064 0.244 0.272 0.420 1    
127:  0.467 0.201 0.194 0.138 1    
128:  0.138 0.283 0.285 0.294 1    
129:  0.266 0.237 0.256 0.241 1    
130:  0.075 0.339 0.325 0.261 1    
131:  0.257 0.272 0.258 0.213 1    
132:  0.088 0.293 0.289 0.330 1    
133:  0.686 0.104 0.108 0.102 1    
134:  0.065 0.357 0.333 0.244 1    
135:  0.097 0.388 0.345 0.171 1    
136:  0.410 0.191 0.198 0.202 1    
137:  0.292 0.235 0.238 0.235 1    
138:  0.042 0.310 0.315 0.332 1    
139:  0.136 0.278 0.272 0.314 1    
140:  0.115 0.273 0.264 0.348 1    
141:  0.754 0.085 0.084 0.076 1    
142:  0.297 0.227 0.234 0.242 1    
143:  0.195 0.258 0.256 0.292 1    
144:  0.131 0.355 0.334 0.181 1    
145:  0.067 0.289 0.301 0.344 1    
146:  0.144 0.273 0.283 0.300 1    
147:  0.143 0.276 0.274 0.308 1    
148:  0.133 0.328 0.310 0.230 1    
149:  0.327 0.247 0.234 0.192 1    
150:  0.324 0.228 0.248 0.200 1    
151:  0.623 0.122 0.142 0.112 1    
152:  0.042 0.253 0.282 0.422 1    
153:  0.489 0.185 0.191 0.135 1    
154:  0.246 0.272 0.262 0.220 1    
155:  0.645 0.140 0.131 0.084 1    
156:  0.101 0.340 0.317 0.242 1    
157:  0.111 0.346 0.327 0.216 1    
158:  0.155 0.278 0.272 0.295 1    
159:  0.165 0.291 0.281 0.264 1    
160:  0.707 0.114 0.104 0.075 1    
161:  0.100 0.339 0.300 0.261 1    
162:  0.423 0.197 0.196 0.185 1    
163:  0.128 0.263 0.277 0.332 1    
164:  0.057 0.292 0.317 0.334 1    
165:  0.220 0.259 0.274 0.247 1    
166:  0.732 0.091 0.088 0.089 1    
167:  0.108 0.236 0.245 0.412 1    
168:  0.277 0.219 0.223 0.281 1    
169:  0.131 0.277 0.280 0.311 1    
170:  0.849 0.052 0.050 0.050 1    
171:  0.109 0.292 0.283 0.316 1    
172:  0.153 0.254 0.240 0.354 1    
173:  0.778 0.081 0.077 0.063 1    
174:  0.153 0.269 0.273 0.304 1    
175:  0.114 0.293 0.289 0.305 1    
176:  0.087 0.337 0.317 0.258 1    
177:  0.123 0.254 0.259 0.364 1    
178:  0.190 0.300 0.281 0.229 1    
179:  0.076 0.247 0.253 0.424 1    
180:  0.242 0.253 0.241 0.264 1    
181:  0.457 0.193 0.197 0.153 1    
182:  0.103 0.308 0.299 0.289 1    
183:  0.755 0.085 0.086 0.075 1    
184:  0.170 0.250 0.267 0.313 1    
185:  0.726 0.096 0.095 0.083 1    
186:  0.783 0.070 0.068 0.078 1    
187:  0.092 0.317 0.312 0.278 1    
188:  0.199 0.251 0.290 0.259 1    
189:  0.398 0.215 0.214 0.173 1    
190:  0.174 0.331 0.321 0.174 1    
191:  0.332 0.253 0.243 0.172 1    
192:  0.105 0.401 0.338 0.155 1    
193:  0.154 0.284 0.276 0.286 1    
194:  0.250 0.269 0.263 0.218 1    
195:  0.098 0.325 0.319 0.259 1    
196:  0.713 0.092 0.095 0.099 1    
197:  0.092 0.292 0.286 0.330 1    
198:  0.591 0.145 0.136 0.128 1    
199:  0.084 0.267 0.280 0.368 1    
200:  0.094 0.249 0.279 0.379 1    
201:  0.098 0.273 0.293 0.336 1    
202:  0.094 0.380 0.334 0.192 1    
203:  0.182 0.282 0.276 0.261 1    
204:  0.077 0.257 0.262 0.405 1    
205:  0.129 0.302 0.301 0.268 1    
206:  0.166 0.290 0.286 0.258 1    
207:  0.144 0.333 0.314 0.208 1    
208:  0.604 0.133 0.129 0.135 1    
209:  0.131 0.332 0.312 0.225 1    
210:  0.114 0.307 0.310 0.269 1    
211:  0.573 0.147 0.143 0.137 1    
