  1:   0.4160  0.2700  0.3140  1
  2:   0.1870  0.4670  0.3460  1
  3:   0.1840  0.4210  0.3950  1
  4:   0.3060  0.3650  0.3290  1
  5:   0.0870  0.4180  0.4950  1
  6:   0.2140  0.4370  0.3490  1
  7:   0.0780  0.4250  0.4970  1
  8:   0.6947  0.1542  0.1512  1
  9:   0.0660  0.4890  0.4450  1
 10:   0.1340  0.4540  0.4120  1
 11:   0.0770  0.4380  0.4850  1
 12:   0.1260  0.4500  0.4240  1
 13:   0.1170  0.4810  0.4020  1
 14:   0.1620  0.4440  0.3940  1
 15:   0.2350  0.4270  0.3380  1
 16:   0.1220  0.4880  0.3900  1
 17:   0.1110  0.5130  0.3760  1
 18:   0.4610  0.2860  0.2530  1
 19:   0.2753  0.3213  0.4034  1
 20:   0.0809  0.4625  0.4565  1
 21:   0.1300  0.5020  0.3680  1
 22:   0.0650  0.5080  0.4270  1
 23:   0.2620  0.4060  0.3320  1
 24:   0.1620  0.4700  0.3680  1
 25:   0.1150  0.4470  0.4380  1
 26:   0.1249  0.4116  0.4635  1
 27:   0.1700  0.3940  0.4360  1
 28:   0.1269  0.5035  0.3696  1
 29:   0.0659  0.5834  0.3506  1
 30:   0.1249  0.4885  0.3866  1
 31:   0.2490  0.3650  0.3860  1
 32:   0.0980  0.5050  0.3970  1
 33:   0.2030  0.4560  0.3410  1
 34:   0.2100  0.3970  0.3930  1
 35:   0.1630  0.4140  0.4230  1
 36:   0.0680  0.5370  0.3950  1
 37:   0.0871  0.3884  0.5245  1
 38:   0.0710  0.4750  0.4540  1
 39:   0.1630  0.4600  0.3770  1
 40:   0.5330  0.2430  0.2240  1
 41:   0.1140  0.4640  0.4220  1
 42:   0.0770  0.5000  0.4230  1
 43:   0.2080  0.3340  0.4580  1
 44:   0.1310  0.4740  0.3950  1
 45:   0.0700  0.5640  0.3660  1
 46:   0.1130  0.5290  0.3580  1
 47:   0.1870  0.4320  0.3810  1
 48:   0.3940  0.3220  0.2840  1
 49:   0.1200  0.4880  0.3920  1
 50:   0.0570  0.5790  0.3640  1
 51:   0.1968  0.4605  0.3427  1
 52:   0.0910  0.4620  0.4470  1
 53:   0.1150  0.4870  0.3980  1
 54:   0.2750  0.3580  0.3670  1
 55:   0.5650  0.2400  0.1950  1
 56:   0.1350  0.4210  0.4440  1
 57:   0.0480  0.5584  0.3936  1
 58:   0.1170  0.4940  0.3890  1
 59:   0.0541  0.5636  0.3824  1
 60:   0.0810  0.5090  0.4100  1
 61:   0.4380  0.3200  0.2420  1
 62:   0.0520  0.5730  0.3750  1
 63:   0.1700  0.4610  0.3690  1
 64:   0.1050  0.5080  0.3870  1
 65:   0.1540  0.3770  0.4690  1
 66:   0.1300  0.4560  0.4140  1
 67:   0.0750  0.5200  0.4050  1
 68:   0.0830  0.5020  0.4150  1
 69:   0.1900  0.4200  0.3900  1
 70:   0.3137  0.3467  0.3397  1
 71:   0.4234  0.3213  0.2553  1
 72:   0.0710  0.5650  0.3640  1
 73:   0.3050  0.3440  0.3510  1
 74:   0.2208  0.3876  0.3916  1
 75:   0.1159  0.4665  0.4176  1
 76:   0.3280  0.3450  0.3270  1
 77:   0.3173  0.3423  0.3403  1
 78:   0.2418  0.3317  0.4266  1
 79:   0.0670  0.4270  0.5060  1
 80:   0.3190  0.3570  0.3240  1
 81:   0.4170  0.2720  0.3110  1
 82:   0.2180  0.4100  0.3720  1
 83:   0.2770  0.3570  0.3660  1
 84:   0.2460  0.3930  0.3610  1
 85:   0.1499  0.4945  0.3556  1
 86:   0.4620  0.2720  0.2660  1
 87:   0.0979  0.4665  0.4356  1
 88:   0.1818  0.4705  0.3477  1
 89:   0.2092  0.3844  0.4064  1
 90:   0.5130  0.2530  0.2340  1
 91:   0.2600  0.3850  0.3550  1
 92:   0.1870  0.4870  0.3260  1
 93:   0.1752  0.4655  0.3594  1
 94:   0.5640  0.2240  0.2120  1
 95:   0.1241  0.5195  0.3564  1
 96:   0.2090  0.4300  0.3610  1
 97:   0.0969  0.4446  0.4585  1
 98:   0.1139  0.4855  0.4006  1
 99:   0.1179  0.4486  0.4336  1
100:   0.1750  0.3620  0.4630  1
101:   0.3053  0.3163  0.3784  1
102:   0.0860  0.5550  0.3590  1
103:   0.5894  0.1938  0.2168  1
104:   0.1401  0.4454  0.4144  1
105:   0.1790  0.4320  0.3890  1
106:   0.1950  0.3790  0.4260  1
107:   0.1940  0.3880  0.4180  1
108:   0.1668  0.4715  0.3616  1
109:   0.1792  0.3754  0.4454  1
110:   0.1350  0.3830  0.4820  1
111:   0.2150  0.4190  0.3660  1
112:   0.2380  0.3740  0.3880  1
113:   0.0860  0.5140  0.4000  1
114:   0.2900  0.3600  0.3500  1
115:   0.1908  0.3846  0.4246  1
116:   0.1100  0.4790  0.4110  1
117:   0.1990  0.3970  0.4040  1
118:   0.2320  0.3760  0.3920  1
119:   0.2090  0.3380  0.4530  1
120:   0.5430  0.2360  0.2210  1
121:   0.2060  0.3280  0.4660  1
122:   0.1740  0.4160  0.4100  1
123:   0.0980  0.4870  0.4150  1
124:   0.1031  0.4955  0.4014  1
125:   0.3670  0.2840  0.3490  1
126:   0.0950  0.5390  0.3660  1
127:   0.1700  0.4370  0.3930  1
128:   0.1021  0.3994  0.4985  1
129:   0.5556  0.1972  0.2472  1
130:   0.2747  0.2987  0.4266  1
131:   0.1620  0.4620  0.3760  1
132:   0.1230  0.4290  0.4480  1
133:   0.0901  0.3654  0.5445  1
134:   0.1740  0.4140  0.4120  1
135:   0.7347  0.1181  0.1471  1
136:   0.1948  0.4336  0.3716  1
137:   0.4830  0.2100  0.3070  1
138:   0.1150  0.4770  0.4080  1
139:   0.2250  0.3560  0.4190  1
140:   0.2080  0.3760  0.4160  1
141:   0.3120  0.2990  0.3890  1
142:   0.3490  0.3220  0.3290  1
143:   0.2132  0.3684  0.4184  1
144:   0.1020  0.5370  0.3610  1
145:   0.0750  0.5400  0.3850  1
146:   0.3250  0.3400  0.3350  1
147:   0.1010  0.5160  0.3830  1
148:   0.1180  0.3980  0.4840  1
149:   0.3010  0.3080  0.3910  1
150:   0.4500  0.2560  0.2940  1
151:   0.2540  0.3830  0.3630  1
152:   0.2260  0.3600  0.4140  1
153:   0.2022  0.3544  0.4434  1
154:   0.0970  0.4170  0.4860  1
155:   0.2318  0.3696  0.3986  1
156:   0.1740  0.4090  0.4170  1
157:   0.1480  0.4270  0.4250  1
158:   0.4685  0.2597  0.2717  1
159:   0.1530  0.5040  0.3430  1
160:   0.1370  0.4600  0.4030  1
161:   0.4710  0.2600  0.2690  1
162:   0.1220  0.3770  0.5010  1
163:   0.2780  0.3550  0.3670  1
164:   0.2050  0.4280  0.3670  1
165:   0.1240  0.4510  0.4250  1
166:   0.2680  0.3730  0.3590  1
167:   0.1399  0.4885  0.3716  1
168:   0.4270  0.3050  0.2680  1
169:   0.2000  0.3770  0.4230  1
170:   0.0940  0.4930  0.4130  1
171:   0.1450  0.4700  0.3850  1
172:   0.1250  0.5020  0.3730  1
173:   0.2360  0.3720  0.3920  1
174:   0.1850  0.4590  0.3560  1
175:   0.1500  0.4200  0.4300  1
176:   0.3280  0.3470  0.3250  1
177:   0.3457  0.3586  0.2957  1
178:   0.1590  0.4050  0.4360  1
179:   0.1590  0.4370  0.4040  1
180:   0.0450  0.4210  0.5340  1
181:   0.3030  0.3560  0.3410  1
182:   0.5930  0.2040  0.2030  1
183:   0.4124  0.2763  0.3113  1
184:   0.3080  0.3100  0.3820  1
185:   0.2830  0.3660  0.3510  1
186:   0.1570  0.3530  0.4900  1
187:   0.1201  0.3684  0.5115  1
188:   0.1480  0.3870  0.4650  1
189:   0.1360  0.4470  0.4170  1
190:   0.2400  0.3290  0.4310  1
191:   0.1160  0.5130  0.3710  1
192:   0.7690  0.1090  0.1220  1
193:   0.7050  0.1400  0.1550  1
194:   0.4304  0.2723  0.2973  1
195:   0.2553  0.2973  0.4474  1
196:   0.1020  0.4190  0.4790  1
197:   0.3040  0.3890  0.3070  1
198:   0.1449  0.4755  0.3796  1
199:   0.3067  0.3716  0.3217  1
200:   0.3260  0.3330  0.3410  1
201:   0.4410  0.3100  0.2490  1
202:   0.0490  0.5400  0.4110  1
203:   0.3133  0.2833  0.4034  1
204:   0.0840  0.3680  0.5480  1
205:   0.0910  0.4620  0.4470  1
206:   0.1310  0.4820  0.3870  1
207:   0.1370  0.3610  0.5020  1
208:   0.0790  0.4380  0.4830  1
209:   0.5200  0.2330  0.2470  1
210:   0.1021  0.3954  0.5025  1
211:   0.1588  0.4036  0.4376  1
212:   0.3760  0.3260  0.2980  1
213:   0.2240  0.3300  0.4460  1
214:   0.2050  0.3350  0.4600  1
215:   0.2560  0.3310  0.4130  1
216:   0.1698  0.4196  0.4106  1
217:   0.1620  0.3320  0.5060  1
218:   0.1040  0.3460  0.5500  1
219:   0.0850  0.4610  0.4540  1
220:   0.4026  0.3067  0.2907  1
221:   0.1960  0.4450  0.3590  1
222:   0.3200  0.3390  0.3410  1
223:   0.5770  0.1950  0.2280  1
224:   0.1860  0.4630  0.3510  1
225:   0.1180  0.4940  0.3880  1
226:   0.1060  0.4830  0.4110  1
227:   0.4010  0.2760  0.3230  1
228:   0.2360  0.3780  0.3860  1
229:   0.0930  0.4430  0.4640  1
230:   0.2010  0.3360  0.4630  1
231:   0.0750  0.5090  0.4160  1
232:   0.1250  0.4280  0.4470  1
233:   0.2040  0.4510  0.3450  1
234:   0.1100  0.3910  0.4990  1
235:   0.0830  0.5100  0.4070  1
236:   0.1070  0.4420  0.4510  1
237:   0.1270  0.4820  0.3910  1
238:   0.3070  0.3490  0.3440  1
239:   0.0400  0.5784  0.3816  1
240:   0.4880  0.2320  0.2800  1
241:   0.1080  0.4190  0.4730  1
242:   0.2440  0.3860  0.3700  1
243:   0.1080  0.5110  0.3810  1
244:   0.1850  0.3810  0.4340  1
245:   0.0931  0.4955  0.4114  1
246:   0.0530  0.5420  0.4050  1
247:   0.2700  0.3490  0.3810  1
248:   0.2670  0.3970  0.3360  1
249:   0.4990  0.2480  0.2530  1
250:   0.1470  0.3800  0.4730  1
251:   0.1540  0.3250  0.5210  1
252:   0.0630  0.4510  0.4860  1
253:   0.5550  0.2260  0.2190  1
254:   0.8100  0.0890  0.1010  1
255:   0.2500  0.4190  0.3310  1
256:   0.1510  0.3400  0.5090  1
257:   0.3700  0.3220  0.3080  1
258:   0.1668  0.4815  0.3516  1
259:   0.1510  0.4170  0.4320  1
260:   0.0530  0.4660  0.4810  1
261:   0.1219  0.3856  0.4925  1
262:   0.1130  0.3740  0.5130  1
263:   0.2677  0.3756  0.3566  1
264:   0.0990  0.5180  0.3830  1
265:   0.4130  0.2920  0.2950  1
266:   0.1340  0.5120  0.3540  1
267:   0.1518  0.4086  0.4396  1
268:   0.1520  0.3560  0.4920  1
269:   0.2070  0.3930  0.4000  1
270:   0.6250  0.1560  0.2190  1
271:   0.1912  0.3584  0.4505  1
272:   0.1340  0.4470  0.4190  1
273:   0.0750  0.4550  0.4700  1
274:   0.0670  0.5630  0.3700  1
275:   0.1830  0.3840  0.4330  1
276:   0.1530  0.4110  0.4360  1
277:   0.2560  0.3240  0.4200  1
278:   0.2950  0.3220  0.3830  1
279:   0.0519  0.4216  0.5265  1
280:   0.1050  0.5220  0.3730  1
281:   0.4620  0.2550  0.2830  1
282:   0.1140  0.5160  0.3700  1
283:   0.0721  0.4474  0.4805  1
284:   0.0990  0.3590  0.5420  1
285:   0.1840  0.4550  0.3610  1
286:   0.5030  0.2420  0.2550  1
287:   0.1360  0.4970  0.3670  1
288:   0.1060  0.4380  0.4560  1
289:   0.1700  0.3590  0.4710  1
290:   0.1039  0.4326  0.4635  1
291:   0.1942  0.3243  0.4815  1
292:   0.2710  0.3120  0.4170  1
293:   0.0960  0.3600  0.5440  1
294:   0.1391  0.4164  0.4444  1
295:   0.1810  0.3560  0.4630  1
296:   0.4695  0.2603  0.2703  1
297:   0.1648  0.4316  0.4036  1
298:   0.0680  0.4980  0.4340  1
299:   0.2100  0.3670  0.4230  1
300:   0.3616  0.3227  0.3157  1
301:   0.4860  0.2450  0.2690  1
302:   0.1960  0.4100  0.3940  1
303:   0.1662  0.4635  0.3704  1
304:   0.1390  0.4990  0.3620  1
305:   0.1250  0.4810  0.3940  1
306:   0.3230  0.3300  0.3470  1
307:   0.0850  0.4750  0.4400  1
308:   0.1718  0.4625  0.3656  1
309:   0.1640  0.4460  0.3900  1
310:   0.2400  0.3050  0.4550  1
311:   0.1190  0.4730  0.4080  1
312:   0.1830  0.4180  0.3990  1
313:   0.1020  0.4820  0.4160  1
314:   0.1180  0.5010  0.3810  1
315:   0.0950  0.3810  0.5240  1
316:   0.5560  0.2270  0.2170  1
317:   0.1460  0.4300  0.4240  1
318:   0.1200  0.4020  0.4780  1
319:   0.1450  0.4290  0.4260  1
320:   0.1430  0.4650  0.3920  1
321:   0.6130  0.1900  0.1970  1
322:   0.1950  0.4240  0.3810  1
323:   0.1740  0.4770  0.3490  1
324:   0.1990  0.3800  0.4210  1
325:   0.0890  0.4960  0.4150  1
326:   0.0970  0.4040  0.4990  1
327:   0.4610  0.2210  0.3180  1
328:   0.0500  0.4290  0.5210  1
329:   0.1251  0.3844  0.4905  1
330:   0.3060  0.3510  0.3430  1
331:   0.1940  0.4450  0.3610  1
332:   0.0760  0.4060  0.5180  1
333:   0.1100  0.4340  0.4560  1
334:   0.1662  0.3934  0.4404  1
335:   0.5150  0.2250  0.2600  1
336:   0.2890  0.3760  0.3350  1
337:   0.0740  0.3840  0.5420  1
338:   0.0889  0.4446  0.4665  1
339:   0.2170  0.3250  0.4580  1
340:   0.5900  0.2050  0.2050  1
341:   0.3090  0.3280  0.3630  1
342:   0.1210  0.4230  0.4560  1
343:   0.1180  0.3730  0.5090  1
344:   0.1962  0.3664  0.4374  1
345:   0.1090  0.4230  0.4680  1
346:   0.1239  0.4316  0.4446  1
347:   0.1620  0.3490  0.4890  1
348:   0.1950  0.4300  0.3750  1
349:   0.2430  0.3930  0.3640  1
350:   0.4080  0.2980  0.2940  1
351:   0.2050  0.3640  0.4310  1
352:   0.0721  0.4695  0.4585  1
353:   0.7778  0.0991  0.1231  1
354:   0.1060  0.4830  0.4110  1
355:   0.1000  0.3790  0.5210  1
356:   0.2160  0.3620  0.4220  1
357:   0.2230  0.3100  0.4670  1
358:   0.1240  0.3790  0.4970  1
359:   0.3210  0.3370  0.3420  1
360:   0.2730  0.3110  0.4160  1
361:   0.1450  0.4150  0.4400  1
362:   0.5200  0.2110  0.2690  1
363:   0.4230  0.2800  0.2970  1
364:   0.2857  0.3317  0.3826  1
365:   0.5430  0.2350  0.2220  1
366:   0.2478  0.3986  0.3536  1
367:   0.7742  0.1129  0.1129  1
368:   0.1250  0.3970  0.4780  1
369:   0.1081  0.4595  0.4324  1
370:   0.2462  0.3123  0.4414  1
371:   0.3340  0.3590  0.3070  1
372:   0.1460  0.4840  0.3700  1
373:   0.3530  0.2910  0.3560  1
374:   0.1850  0.3570  0.4580  1
375:   0.2780  0.3550  0.3670  1
376:   0.3480  0.2670  0.3850  1
377:   0.1471  0.3524  0.5005  1
378:   0.1180  0.4300  0.4520  1
379:   0.2330  0.3710  0.3960  1
380:   0.2440  0.2840  0.4720  1
381:   0.1450  0.4380  0.4170  1
382:   0.1050  0.4740  0.4210  1
383:   0.1830  0.4290  0.3880  1
384:   0.0629  0.5355  0.4016  1
385:   0.3463  0.3353  0.3183  1
386:   0.1200  0.4540  0.4260  1
387:   0.3770  0.2780  0.3450  1
388:   0.7230  0.1130  0.1640  1
389:   0.6410  0.1520  0.2070  1
390:   0.1330  0.4340  0.4330  1
391:   0.1820  0.4140  0.4040  1
392:   0.3060  0.3120  0.3820  1
393:   0.1010  0.4180  0.4810  1
394:   0.2498  0.2957  0.4545  1
395:   0.3180  0.3270  0.3550  1
396:   0.1420  0.3450  0.5130  1
397:   0.5470  0.1990  0.2540  1
398:   0.0730  0.4800  0.4470  1
399:   0.0630  0.4390  0.4980  1
400:   0.2490  0.3660  0.3850  1
401:   0.3956  0.2448  0.3596  1
402:   0.2110  0.3900  0.3990  1
403:   0.4605  0.2352  0.3043  1
404:   0.1538  0.4505  0.3956  1
405:   0.1140  0.3780  0.5080  1
406:   0.7160  0.1330  0.1510  1
407:   0.5495  0.2252  0.2252  1
408:   0.0740  0.4850  0.4410  1
409:   0.2002  0.3874  0.4124  1
410:   0.4770  0.2560  0.2670  1
411:   0.1091  0.4454  0.4454  1
412:   0.1780  0.3280  0.4940  1
413:   0.0689  0.5115  0.4196  1
414:   0.4000  0.2600  0.3400  1
415:   0.1980  0.3830  0.4190  1
416:   0.0990  0.4260  0.4750  1
417:   0.3490  0.2910  0.3600  1
418:   0.0830  0.4890  0.4280  1
419:   0.2750  0.3580  0.3670  1
420:   0.6310  0.1770  0.1920  1
421:   0.1500  0.4340  0.4160  1
422:   0.0760  0.5170  0.4070  1
423:   0.1069  0.3536  0.5395  1
424:   0.4570  0.2910  0.2520  1
425:   0.4236  0.2907  0.2857  1
426:   0.2142  0.4134  0.3724  1
427:   0.0880  0.4510  0.4610  1
428:   0.1742  0.3493  0.4765  1
429:   0.6320  0.1840  0.1840  1
430:   0.1630  0.4340  0.4030  1
431:   0.1080  0.4530  0.4390  1
432:   0.0799  0.4056  0.5145  1
433:   0.0681  0.4244  0.5075  1
434:   0.1300  0.3670  0.5030  1
435:   0.2580  0.3780  0.3640  1
436:   0.1540  0.3770  0.4690  1
437:   0.1110  0.4420  0.4470  1
438:   0.1580  0.4130  0.4290  1
439:   0.2530  0.2980  0.4490  1
440:   0.0690  0.5730  0.3580  1
441:   0.3736  0.2807  0.3457  1
442:   0.4750  0.2240  0.3010  1
443:   0.0969  0.4246  0.4785  1
444:   0.0599  0.4835  0.4565  1
445:   0.1500  0.4160  0.4340  1
446:   0.1528  0.4545  0.3926  1
447:   0.5060  0.2470  0.2470  1
448:   0.1660  0.3960  0.4380  1
449:   0.0910  0.5510  0.3580  1
450:   0.4920  0.2830  0.2250  1
451:   0.5750  0.2100  0.2150  1
452:   0.0890  0.5190  0.3920  1
453:   0.2517  0.3596  0.3886  1
454:   0.2000  0.3850  0.4150  1
455:   0.1419  0.4845  0.3736  1
456:   0.2210  0.3910  0.3880  1
457:   0.0730  0.4800  0.4470  1
458:   0.1210  0.4860  0.3930  1
459:   0.4720  0.2810  0.2470  1
460:   0.6977  0.1471  0.1552  1
461:   0.2240  0.4200  0.3560  1
462:   0.1170  0.4440  0.4390  1
463:   0.0869  0.5395  0.3736  1
464:   0.1041  0.4294  0.4665  1
465:   0.2593  0.3734  0.3674  1
466:   0.5355  0.2452  0.2192  1
467:   0.1041  0.4114  0.4845  1
468:   0.1461  0.4695  0.3844  1
469:   0.0659  0.4176  0.5165  1
470:   0.4014  0.3223  0.2763  1
471:   0.3966  0.2957  0.3077  1
472:   0.2140  0.4020  0.3840  1
473:   0.0980  0.4190  0.4830  1
474:   0.1778  0.3956  0.4266  1
475:   0.0540  0.4860  0.4600  1
476:   0.5800  0.2120  0.2080  1
477:   0.2900  0.3310  0.3790  1
478:   0.2260  0.4220  0.3520  1
479:   0.2310  0.3790  0.3900  1
480:   0.3560  0.3170  0.3270  1
481:   0.3640  0.3280  0.3080  1
482:   0.4630  0.2950  0.2420  1
483:   0.0921  0.4344  0.4735  1
484:   0.3250  0.3040  0.3710  1
485:   0.4470  0.3180  0.2350  1
486:   0.3010  0.3210  0.3780  1
487:   0.2130  0.3850  0.4020  1
488:   0.4440  0.2720  0.2840  1
489:   0.1260  0.4870  0.3870  1
490:   0.2430  0.2950  0.4620  1
491:   0.2390  0.3920  0.3690  1
492:   0.4340  0.2750  0.2910  1
493:   0.0780  0.5110  0.4110  1
494:   0.1130  0.3840  0.5030  1
495:   0.2490  0.3490  0.4020  1
496:   0.3470  0.3110  0.3420  1
497:   0.1520  0.4390  0.4090  1
498:   0.0860  0.5640  0.3500  1
499:   0.5440  0.2310  0.2250  1
500:   0.1020  0.4900  0.4080  1
501:   0.3540  0.3360  0.3100  1
502:   0.1230  0.4310  0.4460  1
503:   0.1080  0.4770  0.4150  1
504:   0.0440  0.5710  0.3850  1
505:   0.7070  0.1400  0.1530  1
506:   0.6150  0.1730  0.2120  1
507:   0.4120  0.2830  0.3050  1
508:   0.1339  0.4885  0.3776  1
509:   0.6180  0.2060  0.1760  1
510:   0.2068  0.3846  0.4086  1
511:   0.1420  0.3750  0.4830  1
512:   0.4420  0.2490  0.3090  1
513:   0.1610  0.4510  0.3880  1
514:   0.4800  0.2790  0.2410  1
515:   0.2880  0.3220  0.3900  1
516:   0.4780  0.2500  0.2720  1
517:   0.1100  0.4560  0.4340  1
518:   0.2590  0.3410  0.4000  1
519:   0.0580  0.4530  0.4890  1
520:   0.2238  0.4346  0.3417  1
521:   0.1780  0.3630  0.4590  1
522:   0.6220  0.1950  0.1830  1
523:   0.0860  0.5190  0.3950  1
524:   0.2610  0.3480  0.3910  1
525:   0.4600  0.2470  0.2930  1
526:   0.0780  0.5100  0.4120  1
527:   0.5620  0.2490  0.1890  1
528:   0.4560  0.2940  0.2500  1
529:   0.1788  0.3776  0.4436  1
530:   0.4220  0.3200  0.2580  1
531:   0.2402  0.4054  0.3544  1
532:   0.1840  0.4250  0.3910  1
533:   0.1480  0.4060  0.4460  1
534:   0.1790  0.4910  0.3300  1
535:   0.2767  0.4156  0.3077  1
536:   0.3070  0.3680  0.3250  1
537:   0.3330  0.2880  0.3790  1
538:   0.7370  0.1260  0.1370  1
539:   0.4170  0.3330  0.2500  1
540:   0.1349  0.4735  0.3916  1
541:   0.0859  0.5225  0.3916  1
542:   0.1010  0.4150  0.4840  1
543:   0.0700  0.5360  0.3940  1
544:   0.1430  0.3990  0.4580  1
545:   0.1680  0.4470  0.3850  1
546:   0.0570  0.5320  0.4110  1
547:   0.2020  0.3900  0.4080  1
548:   0.0781  0.5175  0.4044  1
549:   0.1150  0.4200  0.4650  1
550:   0.0680  0.4940  0.4380  1
551:   0.1060  0.5230  0.3710  1
552:   0.1760  0.3980  0.4260  1
553:   0.1830  0.4380  0.3790  1
554:   0.0991  0.4184  0.4825  1
555:   0.2570  0.3500  0.3930  1
556:   0.2290  0.4110  0.3600  1
557:   0.3230  0.3110  0.3660  1
558:   0.4000  0.2440  0.3560  1
559:   0.8430  0.0760  0.0810  1
560:   0.3093  0.3774  0.3133  1
561:   0.7640  0.0990  0.1370  1
562:   0.5085  0.2482  0.2432  1
563:   0.8328  0.0771  0.0901  1
564:   0.5830  0.1930  0.2240  1
565:   0.8310  0.0840  0.0850  1
566:   0.5250  0.2510  0.2240  1
567:   0.6080  0.2110  0.1810  1
568:   0.2100  0.4010  0.3890  1
569:   0.6420  0.1750  0.1830  1
570:   0.4226  0.2877  0.2897  1
571:   0.6250  0.1680  0.2070  1
572:   0.6930  0.1470  0.1600  1
573:   0.8280  0.0910  0.0810  1
574:   0.5240  0.2130  0.2630  1
575:   0.6610  0.1600  0.1790  1
576:   0.6450  0.1760  0.1790  1
577:   0.7830  0.1110  0.1060  1
578:   0.6633  0.1728  0.1638  1
579:   0.7073  0.1429  0.1499  1
580:   0.8300  0.0820  0.0880  1
581:   0.5750  0.2380  0.1870  1
582:   0.7750  0.1140  0.1110  1
583:   0.8510  0.0700  0.0790  1
584:   0.7950  0.0950  0.1100  1
585:   0.8172  0.0949  0.0879  1
586:   0.5806  0.1832  0.2362  1
587:   0.4680  0.2430  0.2890  1
588:   0.5095  0.2673  0.2232  1
589:   0.4810  0.2330  0.2860  1
590:   0.8640  0.0680  0.0680  1
591:   0.6690  0.1670  0.1640  1
592:   0.7360  0.1270  0.1370  1
593:   0.6507  0.1672  0.1822  1
594:   0.8690  0.0660  0.0650  1
595:   0.8330  0.0770  0.0900  1
596:   0.7310  0.1390  0.1300  1
597:   0.7802  0.1139  0.1059  1
598:   0.9000  0.0490  0.0510  1
599:   0.7850  0.1010  0.1140  1
600:   0.2707  0.3227  0.4066  1
601:   0.7420  0.1130  0.1450  1
602:   0.9009  0.0490  0.0501  1
603:   0.6840  0.1490  0.1670  1
604:   0.7850  0.0980  0.1170  1
605:   0.8218  0.0891  0.0891  1
606:   0.4790  0.2410  0.2800  1
607:   0.4995  0.2422  0.2583  1
608:   0.7990  0.0950  0.1060  1
609:   0.5250  0.2170  0.2580  1
610:   0.8488  0.0741  0.0771  1
611:   0.5380  0.2170  0.2450  1
612:   0.8680  0.0640  0.0680  1
613:   0.5130  0.2440  0.2430  1
614:   0.7700  0.1130  0.1170  1
615:   0.6660  0.1440  0.1900  1
616:   0.7530  0.1140  0.1330  1
617:   0.6416  0.1942  0.1642  1
618:   0.8370  0.0810  0.0820  1
619:   0.8720  0.0650  0.0630  1
620:   0.8980  0.0490  0.0530  1
621:   0.7840  0.1000  0.1160  1
622:   0.8150  0.0900  0.0950  1
623:   0.8370  0.0810  0.0820  1
624:   0.7770  0.1140  0.1090  1
625:   0.8258  0.0841  0.0901  1
626:   0.9020  0.0490  0.0490  1
627:   0.8620  0.0600  0.0780  1
628:   0.8801  0.0639  0.0559  1
629:   0.8680  0.0640  0.0680  1
630:   0.8080  0.0930  0.0990  1
631:   0.8781  0.0599  0.0619  1
632:   0.6080  0.1570  0.2350  1
633:   0.8820  0.0570  0.0610  1
634:   0.6196  0.1912  0.1892  1
635:   0.6670  0.1590  0.1740  1
636:   0.7820  0.0950  0.1230  1
637:   0.8939  0.0531  0.0531  1
638:   0.6937  0.1471  0.1592  1
639:   0.8640  0.0600  0.0760  1
640:   0.8310  0.0790  0.0900  1
641:   0.8380  0.0740  0.0880  1
642:   0.7910  0.1080  0.1010  1
643:   0.8500  0.0760  0.0740  1
644:   0.7690  0.1080  0.1230  1
645:   0.7732  0.1009  0.1259  1
646:   0.8080  0.0990  0.0930  1
647:   0.4100  0.3020  0.2880  1
648:   0.6204  0.1658  0.2138  1
649:   0.8540  0.0760  0.0700  1
650:   0.6540  0.1540  0.1920  1
651:   0.8120  0.0830  0.1050  1
652:   0.7590  0.1110  0.1300  1
653:   0.7360  0.1300  0.1340  1
654:   0.8380  0.0760  0.0860  1
655:   0.8360  0.0870  0.0770  1
656:   0.9060  0.0470  0.0470  1
657:   0.8820  0.0560  0.0620  1
658:   0.8000  0.0900  0.1100  1
659:   0.6070  0.1910  0.2020  1
660:   0.8940  0.0500  0.0560  1
661:   0.5060  0.2520  0.2420  1
662:   0.8850  0.0580  0.0570  1
663:   0.7467  0.1161  0.1371  1
664:   0.7650  0.1260  0.1090  1
665:   0.8650  0.0610  0.0740  1
666:   0.8730  0.0610  0.0660  1
667:   0.7818  0.1021  0.1161  1
668:   0.7880  0.0890  0.1230  1

  1:   0.4140  0.2900  0.2960  1
  2:   0.1930  0.4150  0.3920  1
  3:   0.1850  0.3980  0.4170  1
  4:   0.3120  0.3540  0.3340  1
  5:   0.0910  0.4250  0.4840  1
  6:   0.2200  0.4030  0.3770  1
  7:   0.0830  0.4200  0.4970  1
  8:   0.6840  0.1570  0.1590  1
  9:   0.0689  0.4765  0.4545  1
 10:   0.1411  0.4074  0.4515  1
 11:   0.0810  0.4650  0.4540  1
 12:   0.1381  0.4344  0.4274  1
 13:   0.1189  0.4595  0.4216  1
 14:   0.1750  0.4010  0.4240  1
 15:   0.2380  0.3820  0.3800  1
 16:   0.1241  0.4164  0.4595  1
 17:   0.1200  0.4510  0.4290  1
 18:   0.4575  0.2777  0.2647  1
 19:   0.2870  0.3230  0.3900  1
 20:   0.0830  0.4420  0.4750  1
 21:   0.1390  0.4330  0.4280  1
 22:   0.0661  0.5025  0.4314  1
 23:   0.2700  0.3740  0.3560  1
 24:   0.1690  0.4340  0.3970  1
 25:   0.1240  0.4560  0.4200  1
 26:   0.1311  0.4244  0.4444  1
 27:   0.1798  0.3846  0.4356  1
 28:   0.1300  0.4560  0.4140  1
 29:   0.0680  0.4920  0.4400  1
 30:   0.1350  0.4170  0.4480  1
 31:   0.2620  0.3840  0.3540  1
 32:   0.1000  0.4650  0.4350  1
 33:   0.2108  0.4016  0.3876  1
 34:   0.2140  0.4090  0.3770  1
 35:   0.1680  0.4100  0.4220  1
 36:   0.0740  0.4720  0.4540  1
 37:   0.0929  0.4146  0.4925  1
 38:   0.0761  0.4615  0.4625  1
 39:   0.1680  0.4220  0.4100  1
 40:   0.5270  0.2420  0.2310  1
 41:   0.1200  0.4010  0.4790  1
 42:   0.0820  0.4850  0.4330  1
 43:   0.2102  0.3644  0.4254  1
 44:   0.1361  0.4254  0.4384  1
 45:   0.0721  0.4755  0.4525  1
 46:   0.1200  0.4630  0.4170  1
 47:   0.2000  0.4120  0.3880  1
 48:   0.3900  0.3210  0.2890  1
 49:   0.1279  0.4386  0.4336  1
 50:   0.0600  0.4950  0.4450  1
 51:   0.2030  0.4100  0.3870  1
 52:   0.0930  0.4130  0.4940  1
 53:   0.1210  0.4610  0.4180  1
 54:   0.2870  0.3570  0.3560  1
 55:   0.5530  0.2270  0.2200  1
 56:   0.1390  0.3920  0.4690  1
 57:   0.0510  0.4960  0.4530  1
 58:   0.1230  0.4750  0.4020  1
 59:   0.0589  0.5005  0.4406  1
 60:   0.0841  0.4635  0.4525  1
 61:   0.4460  0.2740  0.2800  1
 62:   0.0560  0.4980  0.4460  1
 63:   0.1770  0.4420  0.3810  1
 64:   0.1080  0.4170  0.4750  1
 65:   0.1570  0.3890  0.4540  1
 66:   0.1330  0.4490  0.4180  1
 67:   0.0800  0.4850  0.4350  1
 68:   0.0860  0.4840  0.4300  1
 69:   0.1920  0.4240  0.3840  1
 70:   0.3210  0.3420  0.3370  1
 71:   0.4170  0.2970  0.2860  1
 72:   0.0769  0.4885  0.4346  1
 73:   0.3050  0.3520  0.3430  1
 74:   0.2250  0.4050  0.3700  1
 75:   0.1220  0.4410  0.4370  1
 76:   0.3360  0.3130  0.3510  1
 77:   0.3210  0.3510  0.3280  1
 78:   0.2450  0.3630  0.3920  1
 79:   0.0720  0.4070  0.5210  1
 80:   0.3190  0.3390  0.3420  1
 81:   0.4160  0.2940  0.2900  1
 82:   0.2240  0.3970  0.3790  1
 83:   0.2803  0.3674  0.3524  1
 84:   0.2580  0.3640  0.3780  1
 85:   0.1558  0.4486  0.3956  1
 86:   0.4610  0.2710  0.2680  1
 87:   0.1040  0.4730  0.4230  1
 88:   0.1800  0.4400  0.3800  1
 89:   0.2220  0.3810  0.3970  1
 90:   0.5155  0.2498  0.2348  1
 91:   0.2600  0.3750  0.3650  1
 92:   0.1920  0.4260  0.3820  1
 93:   0.1840  0.4350  0.3810  1
 94:   0.5610  0.1940  0.2450  1
 95:   0.1290  0.4300  0.4410  1
 96:   0.2010  0.3450  0.4540  1
 97:   0.1050  0.4620  0.4330  1
 98:   0.1200  0.4710  0.4090  1
 99:   0.1190  0.4340  0.4470  1
100:   0.1850  0.4080  0.4070  1
101:   0.3150  0.3340  0.3510  1
102:   0.0919  0.4865  0.4216  1
103:   0.6080  0.2030  0.1890  1
104:   0.1490  0.4300  0.4210  1
105:   0.1812  0.3784  0.4404  1
106:   0.2008  0.3886  0.4106  1
107:   0.2090  0.4080  0.3830  1
108:   0.1718  0.4086  0.4196  1
109:   0.1870  0.4170  0.3960  1
110:   0.1340  0.4120  0.4540  1
111:   0.2180  0.4040  0.3780  1
112:   0.2482  0.3884  0.3634  1
113:   0.0880  0.4470  0.4650  1
114:   0.2980  0.3350  0.3670  1
115:   0.1960  0.4110  0.3930  1
116:   0.1170  0.4750  0.4080  1
117:   0.1980  0.3790  0.4230  1
118:   0.2258  0.3816  0.3926  1
119:   0.2048  0.3816  0.4136  1
120:   0.5310  0.2370  0.2320  1
121:   0.2020  0.3990  0.3990  1
122:   0.1770  0.4360  0.3870  1
123:   0.1030  0.4830  0.4140  1
124:   0.1040  0.4650  0.4310  1
125:   0.3620  0.3010  0.3370  1
126:   0.1020  0.4710  0.4270  1
127:   0.1738  0.4306  0.3956  1
128:   0.1040  0.4540  0.4420  1
129:   0.5440  0.2160  0.2400  1
130:   0.2690  0.3520  0.3790  1
131:   0.1730  0.4240  0.4030  1
132:   0.1260  0.4340  0.4400  1
133:   0.0920  0.4360  0.4720  1
134:   0.1792  0.3724  0.4484  1
135:   0.7170  0.1360  0.1470  1
136:   0.2030  0.4140  0.3830  1
137:   0.4580  0.2520  0.2900  1
138:   0.1179  0.4466  0.4356  1
139:   0.2278  0.3846  0.3876  1
140:   0.2120  0.3690  0.4190  1
141:   0.3210  0.3430  0.3360  1
142:   0.3570  0.3260  0.3170  1
143:   0.2190  0.3810  0.4000  1
144:   0.1051  0.4885  0.4064  1
145:   0.0800  0.4910  0.4290  1
146:   0.3420  0.3320  0.3260  1
147:   0.1020  0.4690  0.4290  1
148:   0.1240  0.4450  0.4310  1
149:   0.2890  0.3350  0.3760  1
150:   0.4470  0.2710  0.2820  1
151:   0.2650  0.3600  0.3750  1
152:   0.2260  0.3990  0.3750  1
153:   0.2020  0.3710  0.4270  1
154:   0.1010  0.4280  0.4710  1
155:   0.2430  0.3890  0.3680  1
156:   0.1840  0.3750  0.4410  1
157:   0.1530  0.4290  0.4180  1
158:   0.4680  0.2660  0.2660  1
159:   0.1580  0.4300  0.4120  1
160:   0.1430  0.4310  0.4260  1
161:   0.4700  0.2570  0.2730  1
162:   0.1270  0.4180  0.4550  1
163:   0.2877  0.3616  0.3506  1
164:   0.2112  0.4134  0.3754  1
165:   0.1249  0.4386  0.4366  1
166:   0.2710  0.3740  0.3550  1
167:   0.1470  0.4350  0.4180  1
168:   0.4364  0.2843  0.2793  1
169:   0.2060  0.3890  0.4050  1
170:   0.1010  0.4500  0.4490  1
171:   0.1480  0.4250  0.4270  1
172:   0.1319  0.4635  0.4046  1
173:   0.2492  0.3854  0.3654  1
174:   0.1920  0.4110  0.3970  1
175:   0.1570  0.4270  0.4160  1
176:   0.3353  0.3183  0.3463  1
177:   0.3500  0.3370  0.3130  1
178:   0.1580  0.4360  0.4060  1
179:   0.1648  0.4186  0.4166  1
180:   0.0480  0.4565  0.4955  1
181:   0.3000  0.3610  0.3390  1
182:   0.6050  0.1970  0.1980  1
183:   0.4146  0.2847  0.3007  1
184:   0.3120  0.3330  0.3550  1
185:   0.2880  0.3590  0.3530  1
186:   0.1640  0.3910  0.4450  1
187:   0.1219  0.4086  0.4695  1
188:   0.1558  0.4186  0.4256  1
189:   0.1460  0.4230  0.4310  1
190:   0.2360  0.3690  0.3950  1
191:   0.1240  0.4540  0.4220  1
192:   0.7630  0.1130  0.1240  1
193:   0.6917  0.1502  0.1582  1
194:   0.4360  0.2810  0.2830  1
195:   0.2537  0.3566  0.3896  1
196:   0.1040  0.4660  0.4300  1
197:   0.3190  0.3370  0.3440  1
198:   0.1451  0.4484  0.4064  1
199:   0.3120  0.3560  0.3320  1
200:   0.3300  0.3340  0.3360  1
201:   0.4460  0.2740  0.2800  1
202:   0.0539  0.4815  0.4645  1
203:   0.3170  0.3390  0.3440  1
204:   0.0880  0.4370  0.4750  1
205:   0.0960  0.4580  0.4460  1
206:   0.1380  0.4200  0.4420  1
207:   0.1439  0.4216  0.4346  1
208:   0.0810  0.4840  0.4350  1
209:   0.5210  0.2480  0.2310  1
210:   0.1070  0.4240  0.4690  1
211:   0.1640  0.4400  0.3960  1
212:   0.3814  0.3243  0.2943  1
213:   0.2302  0.3784  0.3914  1
214:   0.2042  0.3694  0.4264  1
215:   0.2570  0.3730  0.3700  1
216:   0.1790  0.4360  0.3850  1
217:   0.1680  0.3820  0.4500  1
218:   0.1030  0.4330  0.4640  1
219:   0.0870  0.4700  0.4430  1
220:   0.3990  0.2960  0.3050  1
221:   0.2060  0.4030  0.3910  1
222:   0.3190  0.3470  0.3340  1
223:   0.5770  0.2070  0.2160  1
224:   0.1960  0.4130  0.3910  1
225:   0.1190  0.4660  0.4150  1
226:   0.1130  0.4750  0.4120  1
227:   0.4070  0.2910  0.3020  1
228:   0.2390  0.3680  0.3930  1
229:   0.0950  0.4770  0.4280  1
230:   0.2110  0.3890  0.4000  1
231:   0.0820  0.4790  0.4390  1
232:   0.1280  0.4520  0.4200  1
233:   0.2100  0.3970  0.3930  1
234:   0.1139  0.4316  0.4545  1
235:   0.0850  0.4850  0.4300  1
236:   0.1110  0.4640  0.4250  1
237:   0.1340  0.4730  0.3930  1
238:   0.3020  0.3460  0.3520  1
239:   0.0410  0.5000  0.4590  1
240:   0.4845  0.2523  0.2633  1
241:   0.1140  0.4320  0.4540  1
242:   0.2550  0.3790  0.3660  1
243:   0.1151  0.4625  0.4224  1
244:   0.1940  0.4140  0.3920  1
245:   0.0970  0.4770  0.4260  1
246:   0.0540  0.4890  0.4570  1
247:   0.2760  0.3810  0.3430  1
248:   0.2787  0.3746  0.3467  1
249:   0.5050  0.2470  0.2480  1
250:   0.1530  0.4230  0.4240  1
251:   0.1590  0.3950  0.4460  1
252:   0.0690  0.4920  0.4390  1
253:   0.5514  0.2188  0.2298  1
254:   0.8030  0.0960  0.1010  1
255:   0.2530  0.3780  0.3690  1
256:   0.1520  0.3980  0.4500  1
257:   0.3814  0.3143  0.3043  1
258:   0.1748  0.4366  0.3886  1
259:   0.1560  0.4230  0.4210  1
260:   0.0580  0.5250  0.4170  1
261:   0.1240  0.4510  0.4250  1
262:   0.1141  0.4394  0.4464  1
263:   0.2660  0.3870  0.3470  1
264:   0.1030  0.4730  0.4240  1
265:   0.4120  0.2950  0.2930  1
266:   0.1409  0.4456  0.4136  1
267:   0.1590  0.4230  0.4180  1
268:   0.1598  0.3996  0.4406  1
269:   0.2100  0.4140  0.3760  1
270:   0.6034  0.1758  0.2208  1
271:   0.2010  0.4030  0.3960  1
272:   0.1451  0.4414  0.4134  1
273:   0.0799  0.4755  0.4446  1
274:   0.0710  0.4950  0.4340  1
275:   0.1880  0.4160  0.3960  1
276:   0.1580  0.4260  0.4160  1
277:   0.2600  0.3770  0.3630  1
278:   0.3090  0.3380  0.3530  1
279:   0.0540  0.4490  0.4970  1
280:   0.1100  0.4710  0.4190  1
281:   0.4675  0.2697  0.2627  1
282:   0.1190  0.4620  0.4190  1
283:   0.0739  0.4545  0.4715  1
284:   0.1000  0.4340  0.4660  1
285:   0.1830  0.4190  0.3980  1
286:   0.5015  0.2492  0.2492  1
287:   0.1420  0.4370  0.4210  1
288:   0.1110  0.4450  0.4440  1
289:   0.1750  0.4120  0.4130  1
290:   0.1080  0.4640  0.4280  1
291:   0.1940  0.3960  0.4100  1
292:   0.2730  0.3500  0.3770  1
293:   0.0980  0.3960  0.5060  1
294:   0.1411  0.4184  0.4404  1
295:   0.1800  0.3780  0.4420  1
296:   0.4735  0.2757  0.2507  1
297:   0.1650  0.4080  0.4270  1
298:   0.0730  0.4990  0.4280  1
299:   0.2170  0.3960  0.3870  1
300:   0.3640  0.3150  0.3210  1
301:   0.4815  0.2633  0.2553  1
302:   0.1978  0.3916  0.4106  1
303:   0.1742  0.4364  0.3894  1
304:   0.1420  0.4650  0.3930  1
305:   0.1299  0.4525  0.4176  1
306:   0.3390  0.3340  0.3270  1
307:   0.0899  0.4675  0.4426  1
308:   0.1800  0.4070  0.4130  1
309:   0.1712  0.3904  0.4384  1
310:   0.2222  0.3504  0.4274  1
311:   0.1200  0.4400  0.4400  1
312:   0.1880  0.3980  0.4140  1
313:   0.1070  0.4470  0.4460  1
314:   0.1201  0.4665  0.4134  1
315:   0.1020  0.4510  0.4470  1
316:   0.5630  0.2170  0.2200  1
317:   0.1520  0.4280  0.4200  1
318:   0.1180  0.4350  0.4470  1
319:   0.1530  0.3870  0.4600  1
320:   0.1500  0.4470  0.4030  1
321:   0.6090  0.1940  0.1970  1
322:   0.1960  0.3980  0.4060  1
323:   0.1810  0.4150  0.4040  1
324:   0.2032  0.4024  0.3944  1
325:   0.0950  0.4700  0.4350  1
326:   0.1040  0.4550  0.4410  1
327:   0.4585  0.2533  0.2883  1
328:   0.0530  0.4890  0.4580  1
329:   0.1270  0.3900  0.4830  1
330:   0.3120  0.3400  0.3480  1
331:   0.1998  0.4236  0.3766  1
332:   0.0811  0.4635  0.4555  1
333:   0.1150  0.4360  0.4490  1
334:   0.1700  0.4260  0.4040  1
335:   0.5050  0.2400  0.2550  1
336:   0.2923  0.3784  0.3293  1
337:   0.0770  0.4360  0.4870  1
338:   0.0920  0.4950  0.4130  1
339:   0.2120  0.3590  0.4290  1
340:   0.5900  0.2110  0.1990  1
341:   0.3100  0.3530  0.3370  1
342:   0.1270  0.4430  0.4300  1
343:   0.1220  0.4430  0.4350  1
344:   0.2020  0.3970  0.4010  1
345:   0.1130  0.4580  0.4290  1
346:   0.1200  0.4220  0.4580  1
347:   0.1630  0.4190  0.4180  1
348:   0.1970  0.4180  0.3850  1
349:   0.2530  0.3840  0.3630  1
350:   0.4010  0.3050  0.2940  1
351:   0.2018  0.3716  0.4266  1
352:   0.0760  0.4670  0.4570  1
353:   0.7860  0.1030  0.1110  1
354:   0.1120  0.4830  0.4050  1
355:   0.1051  0.4344  0.4605  1
356:   0.2210  0.3960  0.3830  1
357:   0.2228  0.3796  0.3976  1
358:   0.1290  0.4320  0.4390  1
359:   0.3350  0.3510  0.3140  1
360:   0.2800  0.3460  0.3740  1
361:   0.1510  0.4260  0.4230  1
362:   0.5105  0.2312  0.2583  1
363:   0.4226  0.3047  0.2727  1
364:   0.2950  0.3450  0.3600  1
365:   0.5440  0.2340  0.2220  1
366:   0.2540  0.3710  0.3750  1
367:   0.7708  0.1141  0.1151  1
368:   0.1279  0.4416  0.4306  1
369:   0.1100  0.4400  0.4500  1
370:   0.2580  0.3690  0.3730  1
371:   0.3440  0.3310  0.3250  1
372:   0.1460  0.4480  0.4060  1
373:   0.3506  0.3247  0.3247  1
374:   0.1958  0.3876  0.4166  1
375:   0.2743  0.3433  0.3824  1
376:   0.3467  0.3187  0.3347  1
377:   0.1530  0.4000  0.4470  1
378:   0.1259  0.4615  0.4126  1
379:   0.2300  0.3620  0.4080  1
380:   0.2430  0.3540  0.4030  1
381:   0.1500  0.4320  0.4180  1
382:   0.1101  0.4414  0.4484  1
383:   0.1940  0.3990  0.4070  1
384:   0.0650  0.4910  0.4440  1
385:   0.3594  0.3173  0.3233  1
386:   0.1269  0.4406  0.4326  1
387:   0.3560  0.3010  0.3430  1
388:   0.7100  0.1390  0.1510  1
389:   0.6350  0.1710  0.1940  1
390:   0.1350  0.4240  0.4410  1
391:   0.1900  0.4090  0.4010  1
392:   0.3140  0.3570  0.3290  1
393:   0.1000  0.4360  0.4640  1
394:   0.2448  0.3636  0.3916  1
395:   0.3250  0.3370  0.3380  1
396:   0.1420  0.3960  0.4620  1
397:   0.5520  0.2260  0.2220  1
398:   0.0760  0.4450  0.4790  1
399:   0.0680  0.5080  0.4240  1
400:   0.2520  0.3670  0.3810  1
401:   0.3856  0.2977  0.3167  1
402:   0.2220  0.3860  0.3920  1
403:   0.4490  0.2680  0.2830  1
404:   0.1640  0.4340  0.4020  1
405:   0.1230  0.4110  0.4660  1
406:   0.7173  0.1399  0.1429  1
407:   0.5430  0.2320  0.2250  1
408:   0.0800  0.4480  0.4720  1
409:   0.2080  0.3750  0.4170  1
410:   0.4640  0.2750  0.2610  1
411:   0.1150  0.4220  0.4630  1
412:   0.1840  0.4000  0.4160  1
413:   0.0729  0.4895  0.4376  1
414:   0.3960  0.2890  0.3150  1
415:   0.2090  0.3980  0.3930  1
416:   0.1009  0.4386  0.4605  1
417:   0.3900  0.3060  0.3040  1
418:   0.0879  0.4426  0.4695  1
419:   0.2890  0.3780  0.3330  1
420:   0.6214  0.1898  0.1888  1
421:   0.1540  0.4400  0.4060  1
422:   0.0800  0.4830  0.4370  1
423:   0.1100  0.4370  0.4530  1
424:   0.4630  0.2790  0.2580  1
425:   0.4166  0.3017  0.2817  1
426:   0.2220  0.3740  0.4040  1
427:   0.0930  0.4530  0.4540  1
428:   0.1760  0.3860  0.4380  1
429:   0.6130  0.1900  0.1970  1
430:   0.1690  0.4260  0.4050  1
431:   0.1080  0.4740  0.4180  1
432:   0.0840  0.4450  0.4710  1
433:   0.0720  0.4740  0.4540  1
434:   0.1330  0.4230  0.4440  1
435:   0.2650  0.3820  0.3530  1
436:   0.1580  0.4210  0.4210  1
437:   0.1159  0.4026  0.4815  1
438:   0.1638  0.4126  0.4236  1
439:   0.2540  0.3490  0.3970  1
440:   0.0750  0.4930  0.4320  1
441:   0.3740  0.3180  0.3080  1
442:   0.4805  0.2597  0.2597  1
443:   0.1020  0.4170  0.4810  1
444:   0.0649  0.4456  0.4895  1
445:   0.1461  0.3984  0.4555  1
446:   0.1560  0.4470  0.3970  1
447:   0.5180  0.2540  0.2280  1
448:   0.1640  0.4110  0.4250  1
449:   0.0971  0.4404  0.4625  1
450:   0.4870  0.2650  0.2480  1
451:   0.5720  0.2090  0.2190  1
452:   0.0940  0.4610  0.4450  1
453:   0.2547  0.3676  0.3776  1
454:   0.2032  0.3994  0.3974  1
455:   0.1440  0.4530  0.4030  1
456:   0.2290  0.3870  0.3840  1
457:   0.0761  0.4795  0.4444  1
458:   0.1280  0.4500  0.4220  1
459:   0.4590  0.2630  0.2780  1
460:   0.6723  0.1578  0.1698  1
461:   0.2290  0.3880  0.3830  1
462:   0.1240  0.4230  0.4530  1
463:   0.0930  0.4850  0.4220  1
464:   0.1110  0.4490  0.4400  1
465:   0.2600  0.3910  0.3490  1
466:   0.5370  0.2310  0.2320  1
467:   0.1110  0.4220  0.4670  1
468:   0.1512  0.4414  0.4074  1
469:   0.0680  0.4870  0.4450  1
470:   0.4044  0.3023  0.2933  1
471:   0.3950  0.3130  0.2920  1
472:   0.2250  0.3630  0.4120  1
473:   0.1010  0.4220  0.4770  1
474:   0.1870  0.4240  0.3890  1
475:   0.0570  0.4760  0.4670  1
476:   0.5660  0.2210  0.2130  1
477:   0.2990  0.3650  0.3360  1
478:   0.2360  0.3700  0.3940  1
479:   0.2338  0.3906  0.3756  1
480:   0.3696  0.3247  0.3057  1
481:   0.3650  0.3250  0.3100  1
482:   0.4520  0.2910  0.2570  1
483:   0.0950  0.4450  0.4600  1
484:   0.3307  0.3227  0.3467  1
485:   0.4480  0.2830  0.2690  1
486:   0.3100  0.3430  0.3470  1
487:   0.2170  0.4060  0.3770  1
488:   0.4400  0.2620  0.2980  1
489:   0.1360  0.4370  0.4270  1
490:   0.2452  0.3574  0.3974  1
491:   0.2470  0.3830  0.3700  1
492:   0.4234  0.2763  0.3003  1
493:   0.0810  0.4960  0.4230  1
494:   0.1191  0.4394  0.4414  1
495:   0.2590  0.3410  0.4000  1
496:   0.3556  0.3097  0.3347  1
497:   0.1512  0.4234  0.4254  1
498:   0.0900  0.4770  0.4330  1
499:   0.5400  0.2290  0.2310  1
500:   0.1050  0.4720  0.4230  1
501:   0.3524  0.3283  0.3193  1
502:   0.1251  0.4394  0.4354  1
503:   0.1160  0.4690  0.4150  1
504:   0.0460  0.5005  0.4535  1
505:   0.7010  0.1530  0.1460  1
506:   0.6080  0.1850  0.2070  1
507:   0.4000  0.2840  0.3160  1
508:   0.1430  0.4370  0.4200  1
509:   0.6030  0.2060  0.1910  1
510:   0.2092  0.4144  0.3764  1
511:   0.1421  0.4114  0.4464  1
512:   0.4310  0.2790  0.2900  1
513:   0.1630  0.4320  0.4050  1
514:   0.4790  0.2580  0.2630  1
515:   0.3000  0.3440  0.3560  1
516:   0.4780  0.2680  0.2540  1
517:   0.1101  0.4004  0.4895  1
518:   0.2480  0.3410  0.4110  1
519:   0.0590  0.4610  0.4800  1
520:   0.2190  0.3880  0.3930  1
521:   0.1810  0.4000  0.4190  1
522:   0.6180  0.1890  0.1930  1
523:   0.0859  0.4815  0.4326  1
524:   0.2510  0.3640  0.3850  1
525:   0.4790  0.2480  0.2730  1
526:   0.0810  0.4730  0.4460  1
527:   0.5620  0.2260  0.2120  1
528:   0.4680  0.2700  0.2620  1
529:   0.1910  0.4140  0.3950  1
530:   0.4140  0.2980  0.2880  1
531:   0.2450  0.3920  0.3630  1
532:   0.1880  0.4100  0.4020  1
533:   0.1520  0.4030  0.4450  1
534:   0.1822  0.4284  0.3894  1
535:   0.2763  0.3674  0.3564  1
536:   0.3080  0.3510  0.3410  1
537:   0.3190  0.3050  0.3760  1
538:   0.7333  0.1339  0.1329  1
539:   0.4230  0.2950  0.2820  1
540:   0.1360  0.4520  0.4120  1
541:   0.0910  0.4880  0.4210  1
542:   0.1010  0.4380  0.4610  1
543:   0.0759  0.4765  0.4476  1
544:   0.1530  0.4250  0.4220  1
