  1:   0.2200  0.2400  0.1690  0.2030  0.1680  1
  2:   0.0720  0.2060  0.2360  0.2690  0.2170  1
  3:   0.0480  0.2700  0.2480  0.2210  0.2130  1
  4:   0.1400  0.2180  0.2380  0.2070  0.1970  1
  5:   0.0240  0.3010  0.2570  0.2400  0.1780  1
  6:   0.0820  0.2110  0.2280  0.2630  0.2160  1
  7:   0.0210  0.2733  0.2282  0.2292  0.2482  1
  8:   0.5840  0.0990  0.1030  0.0930  0.1210  1
  9:   0.0180  0.2460  0.2730  0.2310  0.2320  1
 10:   0.0410  0.2310  0.2300  0.2390  0.2590  1
 11:   0.0230  0.2660  0.2460  0.2700  0.1950  1
 12:   0.0380  0.2750  0.2540  0.2510  0.1820  1
 13:   0.0380  0.2198  0.2567  0.2458  0.2398  1
 14:   0.0390  0.2730  0.2530  0.2200  0.2150  1
 15:   0.0801  0.2182  0.2292  0.2533  0.2192  1
 16:   0.0350  0.2533  0.2232  0.2252  0.2633  1
 17:   0.0320  0.2110  0.2640  0.2150  0.2780  1
 18:   0.3130  0.1680  0.1620  0.1960  0.1610  1
 19:   0.0909  0.3027  0.2318  0.2138  0.1608  1
 20:   0.0230  0.2490  0.2190  0.2690  0.2400  1
 21:   0.0370  0.2262  0.2653  0.2222  0.2492  1
 22:   0.0190  0.1920  0.2680  0.2730  0.2480  1
 23:   0.1089  0.2108  0.2498  0.2108  0.2198  1
 24:   0.0590  0.2280  0.2630  0.2420  0.2080  1
 25:   0.0330  0.2350  0.2420  0.2560  0.2340  1
 26:   0.0340  0.2953  0.2573  0.2282  0.1852  1
 27:   0.0470  0.3040  0.2550  0.2270  0.1670  1
 28:   0.0390  0.2270  0.2550  0.2430  0.2360  1
 29:   0.0180  0.2010  0.3010  0.2390  0.2410  1
 30:   0.0400  0.2358  0.2418  0.2448  0.2378  1
 31:   0.0880  0.1980  0.2170  0.2570  0.2400  1
 32:   0.0270  0.2338  0.2617  0.2707  0.2068  1
 33:   0.0740  0.1970  0.2370  0.2740  0.2180  1
 34:   0.0530  0.2250  0.2370  0.2400  0.2450  1
 35:   0.0410  0.2090  0.2250  0.2190  0.3060  1
 36:   0.0200  0.2308  0.2707  0.2617  0.2168  1
 37:   0.0230  0.3180  0.2670  0.2340  0.1580  1
 38:   0.0210  0.2458  0.2557  0.2737  0.2038  1
 39:   0.0500  0.2378  0.2587  0.2248  0.2288  1
 40:   0.3160  0.1390  0.1770  0.1610  0.2070  1
 41:   0.0330  0.2507  0.2308  0.2338  0.2517  1
 42:   0.0220  0.2310  0.2490  0.2560  0.2420  1
 43:   0.0621  0.3073  0.2362  0.2382  0.1562  1
 44:   0.0350  0.2560  0.2590  0.2400  0.2100  1
 45:   0.0210  0.2038  0.2917  0.2478  0.2358  1
 46:   0.0420  0.2160  0.2750  0.2510  0.2160  1
 47:   0.0480  0.2800  0.2610  0.2340  0.1770  1
 48:   0.1620  0.1980  0.2000  0.2200  0.2200  1
 49:   0.0360  0.2262  0.2452  0.2633  0.2292  1
 50:   0.0160  0.2060  0.2880  0.2590  0.2310  1
 51:   0.0611  0.2212  0.2653  0.2082  0.2442  1
 52:   0.0270  0.2540  0.2280  0.2500  0.2410  1
 53:   0.0320  0.2340  0.2590  0.2560  0.2190  1
 54:   0.1060  0.2650  0.2250  0.2560  0.1480  1
 55:   0.4476  0.1339  0.1469  0.1459  0.1259  1
 56:   0.0380  0.2890  0.2250  0.2530  0.1950  1
 57:   0.0130  0.2080  0.2540  0.3120  0.2130  1
 58:   0.0350  0.2408  0.2577  0.2657  0.2008  1
 59:   0.0150  0.2062  0.2743  0.2813  0.2232  1
 60:   0.0220  0.2560  0.2500  0.2510  0.2210  1
 61:   0.2390  0.1990  0.1920  0.2100  0.1600  1
 62:   0.0150  0.2052  0.2783  0.2773  0.2242  1
 63:   0.0520  0.2010  0.2400  0.2740  0.2330  1
 64:   0.0290  0.2320  0.2630  0.2250  0.2510  1
 65:   0.0460  0.2960  0.2520  0.2160  0.1900  1
 66:   0.0400  0.2440  0.2520  0.2330  0.2310  1
 67:   0.0210  0.2250  0.2440  0.2640  0.2460  1
 68:   0.0220  0.2507  0.2258  0.2807  0.2208  1
 69:   0.0611  0.2162  0.2102  0.2803  0.2322  1
 70:   0.0749  0.1668  0.2428  0.1838  0.3317  1
 71:   0.2920  0.1780  0.1910  0.1730  0.1660  1
 72:   0.0200  0.2172  0.2913  0.2462  0.2252  1
 73:   0.0981  0.2533  0.2302  0.2282  0.1902  1
 74:   0.0820  0.2130  0.2170  0.2450  0.2430  1
 75:   0.0370  0.2498  0.2468  0.2488  0.2178  1
 76:   0.1271  0.1872  0.2072  0.1822  0.2963  1
 77:   0.1181  0.2052  0.2222  0.2122  0.2422  1
 78:   0.0589  0.3207  0.2278  0.2398  0.1528  1
 79:   0.0180  0.3190  0.2480  0.2420  0.1730  1
 80:   0.1630  0.2000  0.2060  0.2310  0.2000  1
 81:   0.1730  0.2250  0.1880  0.2100  0.2040  1
 82:   0.0500  0.2498  0.2478  0.2178  0.2348  1
 83:   0.0879  0.2048  0.2108  0.2008  0.2957  1
 84:   0.0820  0.1870  0.2260  0.2130  0.2920  1
 85:   0.0460  0.2000  0.2460  0.2790  0.2290  1
 86:   0.2800  0.1690  0.1810  0.1870  0.1830  1
 87:   0.0290  0.2278  0.2278  0.3137  0.2018  1
 88:   0.0610  0.2050  0.2460  0.2780  0.2100  1
 89:   0.0690  0.2310  0.2300  0.2140  0.2560  1
 90:   0.2913  0.1822  0.1722  0.1732  0.1812  1
 91:   0.0960  0.2080  0.2400  0.2180  0.2380  1
 92:   0.0530  0.1980  0.2580  0.2490  0.2420  1
 93:   0.0519  0.2128  0.2597  0.2248  0.2507  1
 94:   0.3380  0.1770  0.1490  0.1500  0.1860  1
 95:   0.0460  0.2080  0.2600  0.2390  0.2470  1
 96:   0.0819  0.2328  0.2168  0.1878  0.2807  1
 97:   0.0260  0.2492  0.2513  0.2623  0.2112  1
 98:   0.0260  0.1760  0.2480  0.2450  0.3050  1
 99:   0.0280  0.1988  0.2328  0.2208  0.3197  1
100:   0.0450  0.3030  0.2650  0.2490  0.1380  1
101:   0.0990  0.2550  0.2150  0.2070  0.2240  1
102:   0.0260  0.1900  0.2700  0.2880  0.2260  1
103:   0.2937  0.2278  0.1828  0.1708  0.1249  1
104:   0.0400  0.2190  0.2510  0.2240  0.2660  1
105:   0.0580  0.2590  0.2410  0.2070  0.2350  1
106:   0.0600  0.1910  0.2140  0.1920  0.3430  1
107:   0.0511  0.2813  0.2553  0.2533  0.1592  1
108:   0.0531  0.2052  0.2392  0.2833  0.2192  1
109:   0.0560  0.2520  0.2390  0.2650  0.1880  1
110:   0.0410  0.2817  0.2278  0.2507  0.1988  1
111:   0.0631  0.2032  0.2292  0.2352  0.2693  1
112:   0.0560  0.2930  0.2480  0.2300  0.1730  1
113:   0.0250  0.2520  0.2330  0.2550  0.2350  1
114:   0.0950  0.2320  0.2170  0.2380  0.2180  1
115:   0.0670  0.2720  0.2330  0.2330  0.1950  1
116:   0.0270  0.2168  0.2647  0.2428  0.2488  1
117:   0.0630  0.2750  0.2210  0.2300  0.2110  1
118:   0.0781  0.2492  0.2282  0.2392  0.2052  1
119:   0.0500  0.1770  0.2560  0.2050  0.3120  1
120:   0.3130  0.1730  0.1680  0.1720  0.1740  1
121:   0.0620  0.2690  0.2420  0.2370  0.1900  1
122:   0.0500  0.1800  0.2390  0.2250  0.3060  1
123:   0.0260  0.2130  0.2470  0.2380  0.2760  1
124:   0.0290  0.2370  0.2260  0.2870  0.2210  1
125:   0.1200  0.1920  0.2270  0.1770  0.2840  1
126:   0.0270  0.1870  0.2660  0.2880  0.2320  1
127:   0.0520  0.2670  0.2510  0.2290  0.2010  1
128:   0.0290  0.2547  0.2438  0.2318  0.2408  1
129:   0.3260  0.1720  0.1530  0.1730  0.1760  1
130:   0.1021  0.2102  0.2212  0.2202  0.2462  1
131:   0.0520  0.2560  0.2430  0.2420  0.2070  1
132:   0.0310  0.2570  0.2220  0.2190  0.2710  1
133:   0.0260  0.2248  0.2408  0.2478  0.2607  1
134:   0.0560  0.2600  0.2240  0.2500  0.2100  1
135:   0.6513  0.0999  0.0859  0.0859  0.0769  1
136:   0.0620  0.2000  0.2170  0.2490  0.2720  1
137:   0.2500  0.2510  0.1860  0.1690  0.1440  1
138:   0.0340  0.2328  0.2368  0.2827  0.2138  1
139:   0.0559  0.2677  0.2378  0.2388  0.1998  1
140:   0.0669  0.2807  0.2218  0.2488  0.1818  1
141:   0.1209  0.2547  0.2008  0.2667  0.1568  1
142:   0.1021  0.2262  0.2212  0.2022  0.2482  1
143:   0.0690  0.2960  0.2430  0.2350  0.1570  1
144:   0.0290  0.1972  0.2713  0.2513  0.2513  1
145:   0.0210  0.1920  0.2550  0.3080  0.2240  1
146:   0.0810  0.2930  0.2110  0.2470  0.1680  1
147:   0.0290  0.2180  0.2450  0.2990  0.2090  1
148:   0.0300  0.2870  0.2100  0.2350  0.2380  1
149:   0.0750  0.2800  0.2180  0.2150  0.2120  1
150:   0.1788  0.2268  0.1938  0.1978  0.2028  1
151:   0.0810  0.2250  0.2170  0.2160  0.2610  1
152:   0.0660  0.2660  0.2190  0.2200  0.2290  1
153:   0.0510  0.2850  0.2140  0.2450  0.2050  1
154:   0.0240  0.1970  0.2600  0.1760  0.3430  1
155:   0.0781  0.2422  0.2272  0.2232  0.2292  1
156:   0.0621  0.2623  0.2202  0.2563  0.1992  1
157:   0.0480  0.2500  0.2430  0.2290  0.2300  1
158:   0.1942  0.1962  0.2032  0.1852  0.2212  1
159:   0.0520  0.2080  0.2700  0.2370  0.2330  1
160:   0.0400  0.2230  0.2440  0.2160  0.2770  1
161:   0.2640  0.1800  0.1910  0.1610  0.2040  1
162:   0.0410  0.2550  0.2430  0.2180  0.2430  1
163:   0.1140  0.2240  0.2190  0.2260  0.2170  1
164:   0.0570  0.1790  0.2260  0.2510  0.2870  1
165:   0.0390  0.2320  0.2600  0.2390  0.2300  1
166:   0.0711  0.2523  0.2252  0.2462  0.2052  1
167:   0.0410  0.1832  0.2432  0.2422  0.2903  1
168:   0.2470  0.1900  0.1910  0.2070  0.1650  1
169:   0.0501  0.1902  0.2503  0.1762  0.3333  1
170:   0.0250  0.2022  0.2452  0.2092  0.3183  1
171:   0.0390  0.2220  0.2490  0.2520  0.2380  1
172:   0.0370  0.2000  0.2370  0.2620  0.2640  1
173:   0.0710  0.2540  0.2230  0.2300  0.2220  1
174:   0.0580  0.2260  0.2450  0.2250  0.2460  1
175:   0.0480  0.1902  0.2402  0.2152  0.3063  1
176:   0.1030  0.2340  0.2380  0.2000  0.2250  1
177:   0.1479  0.2018  0.2118  0.2438  0.1948  1
178:   0.0500  0.2480  0.2500  0.2220  0.2300  1
179:   0.0480  0.2777  0.2228  0.2468  0.2048  1
180:   0.0110  0.2460  0.2340  0.2620  0.2470  1
181:   0.0980  0.2240  0.2150  0.2660  0.1970  1
182:   0.3570  0.1670  0.1640  0.1590  0.1530  1
183:   0.1950  0.1790  0.2130  0.1700  0.2430  1
184:   0.0820  0.1910  0.2310  0.1990  0.2970  1
185:   0.0880  0.2180  0.2370  0.2230  0.2340  1
186:   0.0440  0.1820  0.2590  0.1860  0.3290  1
187:   0.0290  0.1992  0.2402  0.1712  0.3604  1
188:   0.0330  0.1798  0.2527  0.1938  0.3407  1
189:   0.0470  0.2570  0.2340  0.2660  0.1960  1
190:   0.0529  0.1688  0.2507  0.1888  0.3387  1
191:   0.0310  0.2050  0.2400  0.2770  0.2470  1
192:   0.7150  0.0780  0.0740  0.0650  0.0680  1
193:   0.6320  0.0920  0.0870  0.0880  0.1010  1
194:   0.1998  0.1568  0.2148  0.1658  0.2627  1
195:   0.0879  0.2118  0.2328  0.2158  0.2517  1
196:   0.0280  0.2597  0.2488  0.2737  0.1898  1
197:   0.1300  0.2220  0.2490  0.2160  0.1830  1
198:   0.0370  0.2350  0.2460  0.2520  0.2300  1
199:   0.1249  0.2258  0.2098  0.2458  0.1938  1
200:   0.1131  0.2432  0.2242  0.2022  0.2172  1
201:   0.2248  0.1808  0.1978  0.2008  0.1958  1
202:   0.0140  0.2260  0.2700  0.2300  0.2600  1
203:   0.0941  0.2763  0.2192  0.2212  0.1892  1
204:   0.0220  0.2208  0.2547  0.2418  0.2607  1
205:   0.0230  0.2412  0.2372  0.2843  0.2142  1
206:   0.0430  0.2182  0.2482  0.2482  0.2422  1
207:   0.0350  0.2620  0.2340  0.2590  0.2100  1
208:   0.0200  0.2170  0.2490  0.2630  0.2510  1
209:   0.3260  0.1650  0.1680  0.1690  0.1720  1
210:   0.0330  0.2750  0.2300  0.2760  0.1860  1
211:   0.0440  0.2110  0.2470  0.2490  0.2490  1
212:   0.1440  0.1630  0.2190  0.2070  0.2670  1
213:   0.0630  0.2720  0.2300  0.2310  0.2040  1
214:   0.0719  0.3067  0.2318  0.2188  0.1708  1
215:   0.0851  0.2232  0.2232  0.2102  0.2583  1
216:   0.0519  0.1908  0.2488  0.2188  0.2897  1
217:   0.0460  0.3263  0.2563  0.2352  0.1361  1
218:   0.0300  0.2370  0.2480  0.2520  0.2330  1
219:   0.0230  0.2527  0.2408  0.2657  0.2178  1
220:   0.1410  0.2230  0.2350  0.1910  0.2100  1
221:   0.0779  0.2328  0.2488  0.2298  0.2108  1
222:   0.1221  0.2162  0.2082  0.2402  0.2132  1
223:   0.4170  0.1500  0.1460  0.1370  0.1500  1
224:   0.0590  0.2240  0.2600  0.2440  0.2130  1
225:   0.0320  0.2178  0.2358  0.2757  0.2388  1
226:   0.0320  0.2422  0.2482  0.2843  0.1932  1
227:   0.1480  0.1760  0.2010  0.1780  0.2970  1
228:   0.0720  0.2080  0.2550  0.2110  0.2540  1
229:   0.0250  0.2480  0.2410  0.2760  0.2100  1
230:   0.0500  0.2140  0.2130  0.1940  0.3290  1
231:   0.0230  0.2178  0.2547  0.2657  0.2388  1
232:   0.0330  0.2490  0.2440  0.2430  0.2310  1
233:   0.0630  0.2230  0.2250  0.2650  0.2240  1
234:   0.0320  0.2340  0.2220  0.2390  0.2730  1
235:   0.0240  0.2030  0.2450  0.2970  0.2310  1
236:   0.0240  0.2930  0.2480  0.2610  0.1740  1
237:   0.0410  0.2060  0.2190  0.3170  0.2170  1
238:   0.1010  0.2280  0.2110  0.2360  0.2240  1
239:   0.0110  0.2140  0.2830  0.2570  0.2350  1
240:   0.2810  0.1960  0.1770  0.1860  0.1600  1
241:   0.0290  0.2440  0.2400  0.2480  0.2390  1
242:   0.0859  0.2498  0.2308  0.2388  0.1948  1
243:   0.0320  0.2230  0.2670  0.2800  0.1980  1
244:   0.0591  0.2533  0.2412  0.2733  0.1732  1
245:   0.0270  0.1960  0.2400  0.2600  0.2770  1
246:   0.0140  0.2232  0.2753  0.2482  0.2392  1
247:   0.0931  0.2282  0.2202  0.2703  0.1882  1
248:   0.1001  0.2583  0.2352  0.2322  0.1742  1
249:   0.2430  0.1650  0.1840  0.1550  0.2530  1
250:   0.0370  0.2248  0.2188  0.2418  0.2777  1
251:   0.0370  0.2262  0.2202  0.2042  0.3123  1
252:   0.0180  0.2633  0.2422  0.2773  0.1992  1
253:   0.3590  0.1720  0.1640  0.1650  0.1400  1
254:   0.7890  0.0480  0.0540  0.0450  0.0640  1
255:   0.0970  0.2080  0.2320  0.2220  0.2410  1
256:   0.0390  0.1782  0.2392  0.1852  0.3584  1
257:   0.1300  0.2250  0.2100  0.1980  0.2370  1
258:   0.0549  0.2128  0.2388  0.2268  0.2667  1
259:   0.0519  0.2847  0.2537  0.2318  0.1778  1
260:   0.0130  0.2803  0.2322  0.3103  0.1642  1
261:   0.0280  0.2270  0.2530  0.2530  0.2390  1
262:   0.0320  0.2650  0.2300  0.2430  0.2300  1
263:   0.0861  0.2162  0.2272  0.2482  0.2222  1
264:   0.0260  0.2380  0.2540  0.2760  0.2060  1
265:   0.2198  0.2108  0.1768  0.1968  0.1958  1
266:   0.0360  0.1958  0.2677  0.2647  0.2358  1
267:   0.0400  0.2750  0.2490  0.2290  0.2070  1
268:   0.0430  0.2890  0.2310  0.2150  0.2220  1
269:   0.0760  0.2310  0.2150  0.2640  0.2140  1
270:   0.4150  0.1250  0.1450  0.1120  0.2030  1
271:   0.0410  0.2740  0.2250  0.2300  0.2300  1
272:   0.0340  0.2000  0.2570  0.2270  0.2820  1
273:   0.0200  0.2930  0.2680  0.2540  0.1650  1
274:   0.0200  0.1968  0.2847  0.2567  0.2418  1
275:   0.0540  0.2630  0.2310  0.2380  0.2140  1
276:   0.0350  0.2853  0.2222  0.2472  0.2102  1
277:   0.0910  0.1790  0.2540  0.1890  0.2870  1
278:   0.0930  0.2930  0.2410  0.2240  0.1490  1
279:   0.0140  0.2420  0.2000  0.2520  0.2920  1
280:   0.0300  0.2300  0.2650  0.2460  0.2290  1
281:   0.1950  0.2210  0.2000  0.1860  0.1980  1
282:   0.0330  0.2132  0.2362  0.2973  0.2202  1
283:   0.0190  0.1950  0.2550  0.2150  0.3160  1
284:   0.0230  0.1890  0.2440  0.2310  0.3130  1
285:   0.0509  0.2128  0.2338  0.2577  0.2448  1
286:   0.2990  0.1680  0.1750  0.1830  0.1750  1
287:   0.0410  0.2270  0.2570  0.2320  0.2430  1
288:   0.0270  0.2580  0.2540  0.2450  0.2160  1
289:   0.0490  0.2503  0.2543  0.2392  0.2072  1
290:   0.0290  0.2750  0.2350  0.2910  0.1700  1
291:   0.0600  0.2370  0.2280  0.2390  0.2360  1
292:   0.0561  0.1692  0.2372  0.1812  0.3564  1
293:   0.0300  0.3093  0.2362  0.2372  0.1872  1
294:   0.0330  0.2280  0.2350  0.2250  0.2790  1
295:   0.0560  0.2650  0.2050  0.2460  0.2280  1
296:   0.1940  0.2080  0.1890  0.1960  0.2130  1
297:   0.0571  0.2435  0.2415  0.2455  0.2124  1
298:   0.0190  0.2520  0.2640  0.2410  0.2240  1
299:   0.0640  0.2520  0.2350  0.2510  0.1980  1
300:   0.1770  0.1760  0.1930  0.2230  0.2310  1
301:   0.2887  0.1828  0.1528  0.2068  0.1688  1
302:   0.0589  0.2186  0.2385  0.2066  0.2774  1
303:   0.0570  0.2200  0.2560  0.2650  0.2020  1
304:   0.0470  0.2020  0.2350  0.3130  0.2030  1
305:   0.0340  0.2090  0.2720  0.2220  0.2630  1
306:   0.0921  0.2743  0.2292  0.2232  0.1812  1
307:   0.0260  0.1978  0.2577  0.2458  0.2727  1
308:   0.0570  0.2260  0.2530  0.2300  0.2340  1
309:   0.0579  0.2378  0.2388  0.2308  0.2348  1
310:   0.0571  0.1882  0.2392  0.1582  0.3574  1
311:   0.0410  0.2292  0.2573  0.2332  0.2392  1
312:   0.0580  0.2670  0.2180  0.2540  0.2030  1
313:   0.0320  0.2370  0.2670  0.2220  0.2420  1
314:   0.0360  0.2230  0.2500  0.2640  0.2270  1
315:   0.0250  0.2490  0.2360  0.2530  0.2370  1
316:   0.4220  0.1470  0.1380  0.1340  0.1590  1
317:   0.0480  0.1950  0.2470  0.2250  0.2850  1
318:   0.0330  0.2663  0.2292  0.2352  0.2362  1
319:   0.0420  0.2637  0.2198  0.2228  0.2517  1
320:   0.0410  0.2412  0.2593  0.2452  0.2132  1
321:   0.5090  0.1280  0.1200  0.1220  0.1210  1
322:   0.0710  0.2170  0.2600  0.1990  0.2530  1
323:   0.0550  0.2330  0.2420  0.2470  0.2230  1
324:   0.0500  0.1960  0.2420  0.2560  0.2560  1
325:   0.0220  0.2580  0.2670  0.2300  0.2230  1
326:   0.0220  0.2220  0.2200  0.2150  0.3210  1
327:   0.1858  0.2348  0.1938  0.1778  0.2078  1
328:   0.0140  0.2330  0.2570  0.2560  0.2400  1
329:   0.0430  0.2900  0.2050  0.2320  0.2300  1
330:   0.1350  0.2170  0.2110  0.2190  0.2180  1
331:   0.0610  0.2420  0.2440  0.2330  0.2200  1
332:   0.0220  0.2573  0.2613  0.2212  0.2382  1
333:   0.0280  0.2590  0.2320  0.2430  0.2380  1
334:   0.0410  0.1988  0.2547  0.2308  0.2747  1
335:   0.2820  0.2020  0.1890  0.1590  0.1680  1
336:   0.1021  0.2322  0.2172  0.2302  0.2182  1
337:   0.0150  0.1910  0.2570  0.1680  0.3690  1
338:   0.0230  0.2740  0.2400  0.2920  0.1710  1
339:   0.0521  0.1882  0.2452  0.1512  0.3634  1
340:   0.3880  0.1330  0.1580  0.1410  0.1800  1
341:   0.1320  0.2130  0.2120  0.2340  0.2090  1
342:   0.0380  0.2182  0.2633  0.2202  0.2603  1
343:   0.0290  0.2680  0.2090  0.2280  0.2660  1
344:   0.0571  0.2382  0.1982  0.2072  0.2993  1
345:   0.0270  0.3167  0.2478  0.2298  0.1788  1
346:   0.0450  0.2392  0.2192  0.2472  0.2492  1
347:   0.0340  0.2897  0.2128  0.2368  0.2268  1
348:   0.0629  0.2048  0.2278  0.2677  0.2368  1
349:   0.0721  0.2553  0.2232  0.2673  0.1822  1
350:   0.2140  0.1980  0.1890  0.2030  0.1960  1
351:   0.0870  0.2620  0.1940  0.2280  0.2290  1
352:   0.0220  0.2610  0.2410  0.2680  0.2080  1
353:   0.6717  0.0981  0.0821  0.0791  0.0691  1
354:   0.0300  0.2392  0.2553  0.2803  0.1952  1
355:   0.0240  0.2860  0.2210  0.2610  0.2080  1
356:   0.0809  0.2398  0.2308  0.2188  0.2298  1
357:   0.0540  0.3020  0.2430  0.2200  0.1810  1
358:   0.0350  0.3100  0.2560  0.2340  0.1650  1
359:   0.1180  0.2690  0.2090  0.2570  0.1470  1
360:   0.0739  0.3267  0.2348  0.2118  0.1528  1
361:   0.0410  0.2553  0.2412  0.2322  0.2302  1
362:   0.2910  0.2050  0.1720  0.1600  0.1720  1
363:   0.1742  0.1932  0.2052  0.1962  0.2312  1
364:   0.0820  0.2360  0.2200  0.2090  0.2530  1
365:   0.2663  0.1802  0.1762  0.1682  0.2092  1
366:   0.0920  0.2510  0.2180  0.2160  0.2230  1
367:   0.7050  0.0610  0.0730  0.0690  0.0920  1
368:   0.0340  0.2462  0.2282  0.2092  0.2823  1
369:   0.0350  0.2180  0.2380  0.2510  0.2580  1
370:   0.0750  0.2940  0.2280  0.2370  0.1660  1
371:   0.1479  0.2128  0.2128  0.2078  0.2188  1
372:   0.0440  0.2060  0.2630  0.2490  0.2380  1
373:   0.1620  0.2360  0.1980  0.2280  0.1760  1
374:   0.0660  0.2840  0.2280  0.2440  0.1780  1
375:   0.1100  0.2310  0.1790  0.2200  0.2600  1
376:   0.1169  0.2537  0.2038  0.2278  0.1978  1
377:   0.0380  0.3220  0.2540  0.2300  0.1560  1
378:   0.0300  0.1990  0.2260  0.2170  0.3280  1
379:   0.0920  0.2480  0.2000  0.2170  0.2430  1
380:   0.0860  0.2720  0.2370  0.2080  0.1970  1
381:   0.0450  0.2547  0.2288  0.2647  0.2068  1
382:   0.0310  0.2767  0.2547  0.2368  0.2008  1
383:   0.0669  0.2448  0.2288  0.2148  0.2448  1
384:   0.0160  0.2240  0.2610  0.2630  0.2360  1
385:   0.1360  0.1890  0.2120  0.2040  0.2590  1
386:   0.0330  0.2390  0.2460  0.2430  0.2390  1
387:   0.1870  0.1970  0.1760  0.1750  0.2650  1
388:   0.4900  0.1650  0.1280  0.1270  0.0900  1
389:   0.4560  0.1660  0.1320  0.1330  0.1130  1
390:   0.0410  0.2208  0.2378  0.2228  0.2777  1
391:   0.0440  0.2850  0.2440  0.2350  0.1920  1
392:   0.1180  0.1880  0.2110  0.2340  0.2490  1
393:   0.0380  0.2418  0.2158  0.2727  0.2318  1
394:   0.0600  0.2760  0.1950  0.2380  0.2310  1
395:   0.1030  0.1740  0.2290  0.2320  0.2620  1
396:   0.0340  0.1630  0.2620  0.1650  0.3760  1
397:   0.2660  0.2140  0.1720  0.1700  0.1780  1
398:   0.0210  0.2220  0.2180  0.2510  0.2880  1
399:   0.0170  0.2553  0.2302  0.2813  0.2162  1
400:   0.0870  0.1990  0.2330  0.2140  0.2670  1
401:   0.1850  0.2010  0.1930  0.1710  0.2500  1
402:   0.0550  0.1750  0.2430  0.2020  0.3250  1
403:   0.2653  0.1461  0.1722  0.1572  0.2593  1
404:   0.0500  0.2150  0.2270  0.3220  0.1860  1
405:   0.0290  0.2657  0.2527  0.2388  0.2138  1
406:   0.6110  0.0980  0.0960  0.0980  0.0970  1
407:   0.2900  0.1960  0.1610  0.1800  0.1730  1
408:   0.0230  0.2583  0.2442  0.2332  0.2412  1
409:   0.0669  0.2318  0.2278  0.1918  0.2817  1
410:   0.2860  0.1630  0.1740  0.1740  0.2030  1
411:   0.0330  0.2710  0.2360  0.2540  0.2060  1
412:   0.0440  0.2150  0.2290  0.2340  0.2780  1
413:   0.0190  0.2390  0.2570  0.2560  0.2290  1
414:   0.1720  0.2370  0.2090  0.1680  0.2140  1
415:   0.0420  0.2620  0.2150  0.2350  0.2460  1
416:   0.0270  0.2890  0.2300  0.2350  0.2190  1
417:   0.0840  0.3020  0.2350  0.2160  0.1630  1
418:   0.0250  0.2260  0.2390  0.2720  0.2380  1
419:   0.0699  0.2787  0.2328  0.2418  0.1768  1
420:   0.5100  0.1250  0.1190  0.1190  0.1270  1
421:   0.0460  0.1760  0.2590  0.2190  0.3000  1
422:   0.0200  0.2340  0.2710  0.2520  0.2230  1
423:   0.0270  0.2890  0.2290  0.2760  0.1790  1
424:   0.1730  0.2350  0.2050  0.2140  0.1730  1
425:   0.1409  0.2008  0.2008  0.2178  0.2398  1
426:   0.0630  0.2150  0.2230  0.2230  0.2760  1
427:   0.0220  0.2650  0.2330  0.2320  0.2480  1
428:   0.0370  0.1552  0.2472  0.1782  0.3824  1
429:   0.4590  0.1310  0.1200  0.1290  0.1610  1
430:   0.0440  0.2128  0.2498  0.2188  0.2747  1
431:   0.0290  0.2472  0.2332  0.2472  0.2432  1
432:   0.0200  0.3260  0.2420  0.2610  0.1510  1
433:   0.0190  0.2770  0.2520  0.2510  0.2010  1
434:   0.0410  0.2540  0.2420  0.2600  0.2030  1
435:   0.0751  0.2002  0.2242  0.2152  0.2853  1
436:   0.0440  0.2038  0.2408  0.2078  0.3037  1
437:   0.0310  0.2517  0.2168  0.2617  0.2388  1
438:   0.0440  0.2553  0.2342  0.2302  0.2362  1
439:   0.0739  0.1618  0.2527  0.1688  0.3427  1
440:   0.0200  0.2090  0.2950  0.2390  0.2370  1
441:   0.1341  0.2242  0.1892  0.1992  0.2533  1
442:   0.2040  0.2600  0.1880  0.1910  0.1570  1
443:   0.0260  0.2860  0.2210  0.2230  0.2440  1
444:   0.0160  0.2800  0.2410  0.2590  0.2040  1
445:   0.0519  0.2248  0.2318  0.2188  0.2727  1
446:   0.0500  0.2408  0.2298  0.2757  0.2038  1
447:   0.3050  0.1970  0.1730  0.1780  0.1470  1
448:   0.0440  0.2180  0.2400  0.2190  0.2790  1
449:   0.0260  0.2258  0.2847  0.2208  0.2428  1
450:   0.3397  0.1568  0.1578  0.1898  0.1558  1
451:   0.4230  0.1230  0.1400  0.1350  0.1790  1
452:   0.0260  0.2188  0.2268  0.3137  0.2148  1
453:   0.0691  0.1802  0.2352  0.1802  0.3353  1
454:   0.0521  0.2332  0.2262  0.2172  0.2713  1
455:   0.0470  0.1930  0.2320  0.3070  0.2210  1
456:   0.0680  0.2740  0.2430  0.2230  0.1920  1
457:   0.0210  0.2010  0.2440  0.2640  0.2700  1
458:   0.0330  0.2380  0.2530  0.2480  0.2280  1
459:   0.2442  0.2032  0.1882  0.1812  0.1832  1
460:   0.5550  0.1170  0.1050  0.1110  0.1120  1
461:   0.0800  0.2290  0.2310  0.2380  0.2220  1
462:   0.0290  0.2540  0.2410  0.2130  0.2630  1
463:   0.0240  0.2228  0.2657  0.2737  0.2138  1
464:   0.0340  0.2547  0.2318  0.2737  0.2058  1
465:   0.0889  0.2258  0.2328  0.2258  0.2268  1
466:   0.2857  0.1898  0.1668  0.1708  0.1868  1
467:   0.0270  0.2737  0.2238  0.2817  0.1938  1
468:   0.0470  0.2098  0.2378  0.2637  0.2418  1
469:   0.0170  0.2210  0.2450  0.2440  0.2730  1
470:   0.2020  0.2000  0.2000  0.2240  0.1740  1
471:   0.1650  0.2230  0.2160  0.2180  0.1780  1
472:   0.0801  0.2272  0.2322  0.2232  0.2372  1
473:   0.0280  0.2753  0.2422  0.2593  0.1952  1
474:   0.0580  0.2380  0.2310  0.2610  0.2120  1
475:   0.0150  0.2907  0.2408  0.3127  0.1409  1
476:   0.3946  0.1578  0.1409  0.1449  0.1618  1
477:   0.1261  0.2072  0.2122  0.2482  0.2062  1
478:   0.0799  0.2438  0.2438  0.2298  0.2028  1
479:   0.0621  0.2605  0.1994  0.2886  0.1894  1
480:   0.1091  0.2573  0.2272  0.2212  0.1852  1
481:   0.1410  0.1950  0.2050  0.2130  0.2460  1
482:   0.2218  0.1469  0.1908  0.2058  0.2348  1
483:   0.0240  0.2190  0.2400  0.2060  0.3110  1
484:   0.1310  0.1990  0.2230  0.1880  0.2590  1
485:   0.2200  0.1760  0.1970  0.1790  0.2280  1
486:   0.1351  0.2362  0.2112  0.2452  0.1722  1
487:   0.0530  0.2770  0.2290  0.2280  0.2130  1
488:   0.2090  0.2030  0.1620  0.1580  0.2680  1
489:   0.0330  0.2102  0.2462  0.2382  0.2723  1
490:   0.0759  0.2657  0.2408  0.1998  0.2178  1
491:   0.0780  0.2330  0.2290  0.2380  0.2220  1
492:   0.1369  0.2348  0.1998  0.1848  0.2438  1
493:   0.0210  0.2080  0.2590  0.2480  0.2640  1
494:   0.0310  0.2640  0.2310  0.2660  0.2080  1
495:   0.0839  0.2797  0.2408  0.2108  0.1848  1
496:   0.1380  0.1710  0.2340  0.1730  0.2840  1
497:   0.0430  0.2380  0.2250  0.2360  0.2580  1
498:   0.0240  0.2220  0.2730  0.2530  0.2280  1
499:   0.4016  0.1558  0.1419  0.1628  0.1379  1
500:   0.0260  0.2667  0.2448  0.2697  0.1928  1
501:   0.1830  0.1950  0.1880  0.2580  0.1760  1
502:   0.0360  0.2370  0.2180  0.2350  0.2740  1
503:   0.0260  0.2148  0.2617  0.2258  0.2717  1
504:   0.0120  0.1990  0.2620  0.2910  0.2360  1
505:   0.5956  0.0921  0.0901  0.1011  0.1211  1
506:   0.4930  0.1020  0.1140  0.1030  0.1880  1
507:   0.1718  0.2348  0.1968  0.1808  0.2158  1
508:   0.0400  0.2268  0.2647  0.2398  0.2288  1
509:   0.4880  0.1100  0.1260  0.1560  0.1200  1
510:   0.0740  0.2160  0.2030  0.2810  0.2260  1
511:   0.0390  0.2570  0.2390  0.2310  0.2340  1
512:   0.2550  0.2000  0.2020  0.1800  0.1630  1
513:   0.0590  0.2140  0.2350  0.2670  0.2250  1
514:   0.3140  0.1470  0.1650  0.1830  0.1910  1
515:   0.1210  0.2090  0.2030  0.1910  0.2760  1
516:   0.2250  0.1970  0.1740  0.1860  0.2180  1
517:   0.0370  0.2390  0.2170  0.2280  0.2790  1
518:   0.0760  0.2520  0.1950  0.1900  0.2870  1
519:   0.0160  0.2442  0.2162  0.2823  0.2412  1
520:   0.0960  0.2130  0.2230  0.2250  0.2430  1
521:   0.0600  0.2680  0.2090  0.2470  0.2160  1
522:   0.4150  0.1490  0.1360  0.1340  0.1660  1
523:   0.0230  0.2210  0.2380  0.3230  0.1950  1
524:   0.0950  0.2170  0.1850  0.2550  0.2480  1
525:   0.2368  0.2498  0.2118  0.1818  0.1199  1
526:   0.0210  0.2530  0.2540  0.2630  0.2090  1
527:   0.3800  0.1420  0.1640  0.1610  0.1530  1
528:   0.2232  0.1762  0.2152  0.1652  0.2202  1
529:   0.0569  0.2108  0.2288  0.2098  0.2937  1
530:   0.1750  0.2040  0.2050  0.1970  0.2190  1
531:   0.0860  0.2290  0.2270  0.2650  0.1930  1
532:   0.0530  0.2590  0.2270  0.2470  0.2140  1
533:   0.0460  0.2238  0.2268  0.2288  0.2747  1
534:   0.0510  0.2100  0.2740  0.2450  0.2200  1
535:   0.0889  0.2188  0.2478  0.2238  0.2208  1
536:   0.1121  0.2172  0.2122  0.2693  0.1892  1
537:   0.1010  0.2020  0.1960  0.1790  0.3220  1
538:   0.6370  0.1050  0.0880  0.0920  0.0780  1
539:   0.2200  0.1770  0.2030  0.2020  0.1980  1
540:   0.0380  0.2092  0.2152  0.3123  0.2252  1
541:   0.0260  0.1950  0.2400  0.3120  0.2270  1
542:   0.0290  0.2657  0.2288  0.2218  0.2547  1
543:   0.0210  0.2208  0.2797  0.2547  0.2238  1
544:   0.0410  0.2953  0.2392  0.2282  0.1962  1
545:   0.0480  0.2030  0.2500  0.2510  0.2480  1
546:   0.0170  0.2170  0.2430  0.3190  0.2040  1
547:   0.0620  0.2480  0.2060  0.2980  0.1860  1
548:   0.0240  0.2202  0.2583  0.2873  0.2102  1
549:   0.0320  0.2890  0.2530  0.2370  0.1890  1
550:   0.0170  0.2450  0.2160  0.3120  0.2100  1
551:   0.0300  0.1982  0.2472  0.2803  0.2442  1
552:   0.0611  0.2803  0.2282  0.2472  0.1832  1
553:   0.0600  0.2360  0.2420  0.2380  0.2240  1
554:   0.0270  0.2923  0.2482  0.2402  0.1922  1
555:   0.0901  0.2643  0.1912  0.1932  0.2613  1
556:   0.0940  0.1930  0.2420  0.2060  0.2650  1
557:   0.1310  0.1850  0.2250  0.1920  0.2670  1
558:   0.1820  0.1970  0.1870  0.1670  0.2670  1
559:   0.8352  0.0400  0.0380  0.0380  0.0490  1
560:   0.1040  0.2490  0.2150  0.2460  0.1860  1
561:   0.7283  0.0779  0.0529  0.0559  0.0849  1
562:   0.2670  0.1770  0.1630  0.1940  0.1990  1
563:   0.8310  0.0440  0.0420  0.0430  0.0400  1
564:   0.4865  0.1299  0.1219  0.1149  0.1469  1
565:   0.8410  0.0410  0.0380  0.0410  0.0390  1
566:   0.2740  0.1930  0.1830  0.1760  0.1740  1
567:   0.5140  0.1300  0.1300  0.1270  0.0990  1
568:   0.0780  0.2400  0.2260  0.2730  0.1830  1
569:   0.4250  0.1510  0.1370  0.1260  0.1610  1
570:   0.2260  0.1620  0.1990  0.1720  0.2410  1
571:   0.4110  0.1650  0.1290  0.1360  0.1590  1
572:   0.6570  0.0960  0.0760  0.0810  0.0900  1
573:   0.8540  0.0360  0.0380  0.0340  0.0380  1
574:   0.2610  0.2030  0.1700  0.1700  0.1960  1
575:   0.5300  0.1380  0.1060  0.1240  0.1020  1
576:   0.5560  0.1230  0.1020  0.1150  0.1040  1
577:   0.7980  0.0510  0.0530  0.0500  0.0480  1
578:   0.5055  0.1411  0.1271  0.1121  0.1141  1
579:   0.6420  0.0860  0.0890  0.0890  0.0940  1
580:   0.7900  0.0630  0.0510  0.0530  0.0430  1
581:   0.5040  0.1100  0.1290  0.1330  0.1240  1
582:   0.7477  0.0651  0.0631  0.0601  0.0641  1
583:   0.8631  0.0340  0.0340  0.0350  0.0340  1
584:   0.8182  0.0420  0.0450  0.0430  0.0519  1
585:   0.8040  0.0550  0.0500  0.0490  0.0420  1
586:   0.3534  0.1782  0.1532  0.1502  0.1652  1
587:   0.1842  0.2422  0.1872  0.2012  0.1852  1
588:   0.2850  0.1590  0.1820  0.1900  0.1840  1
589:   0.2138  0.2597  0.1588  0.1788  0.1888  1
590:   0.8920  0.0270  0.0250  0.0270  0.0290  1
591:   0.5910  0.1070  0.1030  0.0820  0.1170  1
592:   0.7213  0.0799  0.0699  0.0679  0.0609  1
593:   0.5455  0.1029  0.1229  0.0929  0.1359  1
594:   0.9021  0.0250  0.0250  0.0240  0.0240  1
595:   0.8260  0.0430  0.0400  0.0410  0.0500  1
596:   0.6690  0.0850  0.0820  0.0800  0.0840  1
597:   0.7353  0.0629  0.0649  0.0699  0.0669  1
598:   0.9320  0.0180  0.0170  0.0160  0.0170  1
599:   0.7910  0.0510  0.0510  0.0480  0.0590  1
600:   0.0710  0.1760  0.2310  0.1880  0.3340  1
601:   0.6720  0.0840  0.0820  0.0720  0.0900  1
602:   0.9300  0.0170  0.0170  0.0180  0.0180  1
603:   0.5445  0.1349  0.1069  0.0989  0.1149  1
604:   0.6444  0.0709  0.0869  0.0819  0.1159  1
605:   0.7750  0.0600  0.0540  0.0530  0.0580  1
606:   0.2600  0.2440  0.1810  0.1830  0.1320  1
607:   0.1770  0.1860  0.2040  0.2000  0.2330  1
608:   0.7578  0.0641  0.0581  0.0591  0.0611  1
609:   0.2723  0.2042  0.1752  0.1652  0.1832  1
610:   0.8670  0.0310  0.0360  0.0310  0.0350  1
611:   0.2543  0.1872  0.1792  0.1662  0.2132  1
612:   0.9040  0.0250  0.0230  0.0220  0.0260  1
613:   0.2740  0.1740  0.1820  0.1540  0.2160  1
614:   0.6980  0.0720  0.0710  0.0700  0.0890  1
615:   0.5700  0.0930  0.1090  0.0780  0.1500  1
616:   0.5281  0.0852  0.1232  0.0862  0.1774  1
617:   0.5530  0.1040  0.1050  0.1270  0.1110  1
618:   0.8600  0.0350  0.0360  0.0350  0.0340  1
619:   0.9140  0.0220  0.0220  0.0210  0.0210  1
620:   0.9269  0.0190  0.0180  0.0170  0.0190  1
621:   0.7870  0.0520  0.0520  0.0490  0.0600  1
622:   0.8430  0.0410  0.0380  0.0380  0.0400  1
623:   0.8819  0.0270  0.0320  0.0310  0.0280  1
624:   0.7910  0.0530  0.0480  0.0600  0.0480  1
625:   0.8699  0.0340  0.0330  0.0330  0.0300  1
626:   0.9370  0.0150  0.0160  0.0160  0.0160  1
627:   0.8980  0.0270  0.0250  0.0230  0.0270  1
628:   0.9200  0.0200  0.0200  0.0210  0.0190  1
629:   0.8981  0.0240  0.0250  0.0260  0.0270  1
630:   0.8458  0.0360  0.0370  0.0390  0.0420  1
631:   0.9110  0.0220  0.0200  0.0230  0.0240  1
632:   0.3920  0.2010  0.1200  0.1340  0.1530  1
633:   0.9211  0.0200  0.0200  0.0200  0.0190  1
634:   0.3650  0.1640  0.1530  0.1660  0.1520  1
635:   0.5430  0.1260  0.0960  0.1200  0.1150  1
636:   0.7017  0.0601  0.0721  0.0601  0.1061  1
637:   0.9281  0.0190  0.0180  0.0170  0.0180  1
638:   0.5295  0.1419  0.1069  0.1239  0.0979  1
639:   0.8950  0.0270  0.0240  0.0240  0.0300  1
640:   0.8462  0.0380  0.0400  0.0330  0.0430  1
641:   0.8559  0.0410  0.0350  0.0350  0.0330  1
642:   0.7550  0.0660  0.0590  0.0570  0.0630  1
643:   0.8889  0.0290  0.0280  0.0270  0.0270  1
644:   0.7680  0.0550  0.0530  0.0490  0.0750  1
645:   0.7157  0.0751  0.0601  0.0551  0.0941  1
646:   0.8539  0.0330  0.0360  0.0330  0.0440  1
647:   0.2022  0.2312  0.2112  0.1792  0.1762  1
648:   0.4130  0.1800  0.1300  0.1320  0.1450  1
649:   0.8770  0.0290  0.0320  0.0280  0.0340  1
650:   0.3660  0.1020  0.1710  0.1090  0.2520  1
651:   0.8412  0.0420  0.0380  0.0380  0.0410  1
652:   0.7690  0.0660  0.0530  0.0550  0.0570  1
653:   0.7320  0.0690  0.0680  0.0720  0.0590  1
654:   0.8851  0.0290  0.0300  0.0280  0.0280  1
655:   0.8690  0.0360  0.0330  0.0310  0.0310  1
656:   0.9439  0.0140  0.0140  0.0140  0.0140  1
657:   0.9119  0.0220  0.0220  0.0210  0.0230  1
658:   0.7930  0.0560  0.0500  0.0480  0.0530  1
659:   0.4026  0.1419  0.1518  0.1209  0.1828  1
660:   0.9160  0.0210  0.0210  0.0220  0.0200  1
661:   0.3700  0.1710  0.1540  0.1470  0.1580  1
662:   0.9189  0.0190  0.0200  0.0200  0.0220  1
663:   0.7190  0.0750  0.0670  0.0740  0.0650  1
664:   0.7303  0.0639  0.0659  0.0649  0.0749  1
665:   0.9000  0.0290  0.0240  0.0220  0.0250  1
666:   0.8890  0.0290  0.0280  0.0250  0.0290  1
667:   0.7720  0.0580  0.0560  0.0580  0.0560  1
668:   0.7650  0.0580  0.0560  0.0550  0.0660  1

  1:   0.2298  0.2438  0.1608  0.2108  0.1548  1
  2:   0.0680  0.2370  0.2440  0.2720  0.1790  1
  3:   0.0470  0.2650  0.2370  0.2560  0.1950  1
  4:   0.1430  0.2200  0.2340  0.2170  0.1860  1
  5:   0.0230  0.2603  0.2633  0.2653  0.1882  1
  6:   0.0810  0.2380  0.2510  0.2370  0.1930  1
  7:   0.0200  0.2600  0.2360  0.2200  0.2640  1
  8:   0.5830  0.0980  0.1040  0.0980  0.1170  1
  9:   0.0170  0.2470  0.2790  0.2620  0.1950  1
 10:   0.0400  0.2240  0.2430  0.2160  0.2770  1
 11:   0.0220  0.2673  0.2472  0.2613  0.2022  1
 12:   0.0380  0.2697  0.2567  0.2747  0.1608  1
 13:   0.0350  0.2320  0.2600  0.2400  0.2330  1
 14:   0.0370  0.2663  0.2683  0.2573  0.1712  1
 15:   0.0830  0.2150  0.2320  0.2590  0.2110  1
 16:   0.0320  0.2492  0.2623  0.2232  0.2332  1
 17:   0.0290  0.1950  0.2820  0.2660  0.2280  1
 18:   0.3050  0.1750  0.1840  0.1870  0.1490  1
 19:   0.0900  0.2540  0.2260  0.2430  0.1870  1
 20:   0.0210  0.2410  0.2270  0.2390  0.2720  1
 21:   0.0340  0.2058  0.2468  0.2737  0.2398  1
 22:   0.0190  0.1910  0.2470  0.2770  0.2660  1
 23:   0.1081  0.2232  0.2482  0.2312  0.1892  1
 24:   0.0559  0.2597  0.2507  0.2458  0.1878  1
 25:   0.0320  0.2460  0.2430  0.2370  0.2420  1
 26:   0.0340  0.2667  0.2488  0.2637  0.1868  1
 27:   0.0470  0.2660  0.2370  0.2730  0.1770  1
 28:   0.0380  0.2250  0.2550  0.2860  0.1960  1
 29:   0.0180  0.2328  0.2907  0.3057  0.1528  1
 30:   0.0380  0.2200  0.2550  0.2840  0.2030  1
 31:   0.0850  0.2080  0.2070  0.2190  0.2810  1
 32:   0.0270  0.2560  0.2780  0.2660  0.1730  1
 33:   0.0730  0.2160  0.2520  0.2700  0.1890  1
 34:   0.0570  0.2150  0.2310  0.2400  0.2570  1
 35:   0.0400  0.1990  0.2690  0.2280  0.2640  1
 36:   0.0200  0.2308  0.2637  0.3037  0.1818  1
 37:   0.0220  0.2780  0.2510  0.2820  0.1670  1
 38:   0.0210  0.2693  0.2563  0.2492  0.2042  1
 39:   0.0530  0.2380  0.2560  0.2610  0.1920  1
 40:   0.3220  0.1490  0.1680  0.1630  0.1980  1
 41:   0.0350  0.2160  0.2320  0.2550  0.2620  1
 42:   0.0220  0.2507  0.2498  0.2647  0.2128  1
 43:   0.0611  0.2813  0.2132  0.2553  0.1892  1
 44:   0.0350  0.2520  0.2680  0.2710  0.1740  1
 45:   0.0200  0.2262  0.2713  0.3073  0.1752  1
 46:   0.0400  0.2440  0.2820  0.2740  0.1600  1
 47:   0.0490  0.2733  0.2342  0.2773  0.1662  1
 48:   0.1550  0.2200  0.2110  0.2130  0.2010  1
 49:   0.0340  0.2593  0.2593  0.2543  0.1932  1
 50:   0.0150  0.2220  0.2950  0.3090  0.1590  1
 51:   0.0640  0.2190  0.2670  0.2420  0.2080  1
 52:   0.0260  0.2492  0.2392  0.2613  0.2242  1
 53:   0.0310  0.2550  0.2530  0.2620  0.1990  1
 54:   0.1060  0.2740  0.2200  0.2520  0.1480  1
 55:   0.4340  0.1490  0.1480  0.1510  0.1180  1
 56:   0.0420  0.2847  0.2018  0.2507  0.2208  1
 57:   0.0120  0.2700  0.2590  0.2910  0.1680  1
 58:   0.0320  0.2880  0.2620  0.2550  0.1630  1
 59:   0.0140  0.2550  0.2870  0.2940  0.1500  1
 60:   0.0210  0.2550  0.2540  0.2710  0.1990  1
 61:   0.2360  0.2130  0.1950  0.2050  0.1510  1
 62:   0.0140  0.2600  0.2720  0.3130  0.1410  1
 63:   0.0490  0.2410  0.2390  0.2460  0.2250  1
 64:   0.0280  0.2300  0.2370  0.2560  0.2490  1
 65:   0.0430  0.2523  0.2673  0.2472  0.1902  1
 66:   0.0400  0.2390  0.2630  0.2540  0.2040  1
 67:   0.0210  0.2620  0.2620  0.2440  0.2110  1
 68:   0.0220  0.2358  0.2547  0.2957  0.1918  1
 69:   0.0609  0.2577  0.2298  0.2448  0.2068  1
 70:   0.0741  0.1642  0.2232  0.2092  0.3293  1
 71:   0.2830  0.1810  0.1830  0.1910  0.1620  1
 72:   0.0200  0.2380  0.2870  0.3000  0.1550  1
 73:   0.0999  0.2428  0.2128  0.2438  0.2008  1
 74:   0.0800  0.2310  0.2270  0.2180  0.2440  1
 75:   0.0360  0.2537  0.2547  0.2627  0.1928  1
 76:   0.1291  0.1822  0.2022  0.2142  0.2723  1
 77:   0.1201  0.2252  0.2102  0.1982  0.2462  1
 78:   0.0541  0.3063  0.2102  0.2553  0.1742  1
 79:   0.0170  0.3050  0.2240  0.2530  0.2010  1
 80:   0.1622  0.2102  0.2212  0.2132  0.1932  1
 81:   0.1810  0.2140  0.2010  0.2020  0.2020  1
 82:   0.0500  0.2517  0.2507  0.2358  0.2118  1
 83:   0.0860  0.2040  0.2260  0.2100  0.2740  1
 84:   0.0731  0.1872  0.2172  0.2392  0.2833  1
 85:   0.0430  0.2472  0.2563  0.2733  0.1802  1
 86:   0.2653  0.1752  0.1802  0.1772  0.2022  1
 87:   0.0270  0.2360  0.2100  0.2710  0.2560  1
 88:   0.0589  0.2278  0.2368  0.2797  0.1968  1
 89:   0.0669  0.2228  0.2258  0.2098  0.2747  1
 90:   0.2783  0.1622  0.1952  0.1742  0.1902  1
 91:   0.0900  0.2240  0.2420  0.2240  0.2200  1
 92:   0.0550  0.2030  0.2390  0.2970  0.2060  1
 93:   0.0540  0.2260  0.2780  0.2540  0.1880  1
 94:   0.3160  0.1770  0.1790  0.1460  0.1820  1
 95:   0.0440  0.2280  0.2540  0.2560  0.2180  1
 96:   0.0720  0.2260  0.2430  0.1910  0.2680  1
 97:   0.0240  0.2500  0.2600  0.2470  0.2190  1
 98:   0.0270  0.1780  0.2210  0.2550  0.3190  1
 99:   0.0260  0.2040  0.2420  0.2080  0.3200  1
100:   0.0430  0.3260  0.2360  0.2640  0.1310  1
101:   0.0920  0.2640  0.2450  0.2060  0.1930  1
102:   0.0240  0.2400  0.2860  0.2950  0.1550  1
103:   0.3140  0.2320  0.1610  0.1840  0.1090  1
104:   0.0380  0.2272  0.2533  0.2172  0.2643  1
105:   0.0570  0.2280  0.2720  0.2450  0.1980  1
106:   0.0569  0.1938  0.2338  0.1858  0.3297  1
107:   0.0520  0.3060  0.2350  0.2530  0.1540  1
108:   0.0490  0.2430  0.2450  0.2500  0.2130  1
109:   0.0541  0.2613  0.2212  0.2352  0.2282  1
110:   0.0430  0.2620  0.2250  0.2470  0.2230  1
111:   0.0661  0.2112  0.2252  0.2312  0.2663  1
112:   0.0591  0.2883  0.2462  0.2482  0.1582  1
113:   0.0240  0.2258  0.2677  0.2847  0.1978  1
114:   0.0989  0.2398  0.2278  0.2188  0.2148  1
115:   0.0670  0.2620  0.2460  0.2360  0.1890  1
116:   0.0260  0.2310  0.2580  0.2450  0.2400  1
117:   0.0620  0.2500  0.2340  0.2410  0.2130  1
118:   0.0760  0.2580  0.2300  0.2340  0.2020  1
119:   0.0530  0.1660  0.2180  0.1910  0.3720  1
120:   0.3240  0.1760  0.1620  0.1630  0.1750  1
121:   0.0631  0.2623  0.2082  0.2222  0.2442  1
122:   0.0490  0.1810  0.2360  0.2280  0.3060  1
123:   0.0270  0.2160  0.2530  0.2570  0.2470  1
124:   0.0280  0.2630  0.2510  0.2290  0.2290  1
125:   0.1300  0.1680  0.2010  0.1950  0.3060  1
126:   0.0240  0.2400  0.2670  0.2850  0.1840  1
127:   0.0450  0.2530  0.2810  0.2400  0.1810  1
128:   0.0280  0.2690  0.2430  0.2360  0.2240  1
129:   0.3353  0.1732  0.1431  0.1481  0.2002  1
130:   0.1099  0.1728  0.1938  0.2008  0.3227  1
131:   0.0510  0.2360  0.2560  0.2570  0.2000  1
132:   0.0290  0.2430  0.2360  0.2390  0.2530  1
133:   0.0240  0.2020  0.2060  0.2110  0.3570  1
134:   0.0550  0.2470  0.2480  0.2270  0.2230  1
135:   0.6510  0.0920  0.0890  0.0800  0.0880  1
136:   0.0560  0.2210  0.2350  0.2380  0.2500  1
137:   0.2478  0.2158  0.1818  0.1858  0.1688  1
138:   0.0320  0.2420  0.2490  0.2730  0.2040  1
139:   0.0540  0.2630  0.2260  0.2420  0.2150  1
140:   0.0630  0.2810  0.2060  0.2460  0.2040  1
141:   0.1140  0.2720  0.1820  0.2220  0.2100  1
142:   0.1010  0.2200  0.2440  0.1970  0.2380  1
143:   0.0660  0.2620  0.2320  0.2580  0.1820  1
144:   0.0270  0.2338  0.2498  0.2847  0.2048  1
145:   0.0210  0.2420  0.2630  0.2910  0.1830  1
146:   0.0819  0.2927  0.2258  0.2428  0.1568  1
147:   0.0270  0.2657  0.2488  0.2707  0.1878  1
148:   0.0270  0.2783  0.2523  0.2232  0.2192  1
