  1:   0.1974  0.1944  0.1990  0.2056  0.2034  1
  2:   0.2046  0.2110  0.1954  0.1900  0.1990  1
  3:   0.2020  0.2136  0.2012  0.1910  0.1922  1
  4:   0.1995  0.2049  0.2013  0.1981  0.1963  1
  5:   0.2050  0.2124  0.1966  0.1882  0.1976  1
  6:   0.1985  0.1977  0.2003  0.2027  0.2009  1
  7:   0.1996  0.1946  0.1998  0.2038  0.2020  1
  8:   0.1984  0.1966  0.1992  0.2046  0.2014  1
  9:   0.2004  0.2068  0.1986  0.1948  0.1992  1
 10:   0.2018  0.1990  0.2000  0.1986  0.2004  1
 11:   0.2002  0.2090  0.1982  0.1944  0.1982  1
 12:   0.2002  0.2040  0.1982  0.1970  0.2004  1
 13:   0.2006  0.1944  0.2008  0.2028  0.2016  1
 14:   0.1934  0.1854  0.2012  0.2142  0.2058  1
 15:   0.1980  0.1914  0.2012  0.2070  0.2026  1
 16:   0.2024  0.2108  0.1990  0.1914  0.1964  1
 17:   0.2049  0.2097  0.1997  0.1901  0.1957  1
 18:   0.1950  0.1874  0.2032  0.2106  0.2040  1
 19:   0.1997  0.2063  0.2013  0.1955  0.1971  1
 20:   0.2014  0.2014  0.1996  0.1984  0.1992  1
 21:   0.2016  0.2088  0.1988  0.1942  0.1968  1
 22:   0.2032  0.2014  0.1990  0.1974  0.1990  1
 23:   0.2034  0.2032  0.1994  0.1954  0.1986  1
 24:   0.2046  0.2108  0.1958  0.1928  0.1962  1
 25:   0.2036  0.2070  0.1988  0.1914  0.1990  1
 26:   0.1986  0.1950  0.2004  0.2034  0.2024  1
 27:   0.2015  0.2043  0.2031  0.1949  0.1963  1
 28:   0.2035  0.2055  0.1997  0.1955  0.1957  1
 29:   0.2012  0.2012  0.1990  0.1972  0.2016  1
 30:   0.2033  0.2079  0.1977  0.1943  0.1969  1
 31:   0.1962  0.1898  0.1988  0.2114  0.2036  1
 32:   0.1986  0.2052  0.2016  0.1984  0.1960  1
 33:   0.2020  0.2040  0.2000  0.1964  0.1978  1
 34:   0.2000  0.2042  0.1992  0.1976  0.1988  1
 35:   0.2006  0.2004  0.1988  0.1994  0.2006  1
 36:   0.2000  0.1972  0.1984  0.2028  0.2016  1
 37:   0.1996  0.1942  0.1998  0.2032  0.2032  1
 38:   0.1992  0.1966  0.1992  0.2034  0.2016  1
 39:   0.1939  0.1893  0.2009  0.2103  0.2057  1
 40:   0.2012  0.2112  0.2012  0.1918  0.1944  1
 41:   0.2048  0.2110  0.1986  0.1912  0.1944  1
 42:   0.1948  0.1922  0.2008  0.2086  0.2036  1
 43:   0.1997  0.1963  0.1995  0.2037  0.2009  1
 44:   0.1982  0.1942  0.2036  0.2034  0.2008  1
 45:   0.1988  0.1936  0.1998  0.2072  0.2008  1
 46:   0.2013  0.2061  0.2013  0.1959  0.1955  1
 47:   0.1996  0.1948  0.2000  0.2028  0.2026  1
 48:   0.2061  0.2105  0.1983  0.1887  0.1963  1
 49:   0.1934  0.1810  0.2020  0.2158  0.2076  1
 50:   0.1979  0.1917  0.2001  0.2075  0.2029  1
 51:   0.1961  0.1965  0.2019  0.2041  0.2015  1
 52:   0.2044  0.2186  0.1998  0.1862  0.1912  1
 53:   0.2060  0.2156  0.1972  0.1878  0.1934  1
 54:   0.2038  0.2048  0.1992  0.1962  0.1960  1
 55:   0.2028  0.2062  0.2000  0.1926  0.1982  1
 56:   0.1984  0.1998  0.2002  0.1986  0.2030  1
 57:   0.1965  0.1915  0.1989  0.2103  0.2027  1
 58:   0.2028  0.2040  0.1988  0.1946  0.2000  1
 59:   0.1960  0.1904  0.2000  0.2100  0.2038  1
 60:   0.1957  0.1893  0.2011  0.2095  0.2045  1
 61:   0.1987  0.1959  0.2003  0.2023  0.2029  1
 62:   0.1990  0.2002  0.2048  0.1984  0.1976  1
 63:   0.1970  0.1976  0.2010  0.2044  0.2002  1
 64:   0.1995  0.1983  0.2019  0.2013  0.1989  1
 65:   0.2025  0.2147  0.1989  0.1889  0.1951  1
 66:   0.1967  0.1915  0.1995  0.2085  0.2039  1
 67:   0.1981  0.1925  0.1987  0.2079  0.2029  1
 68:   0.2010  0.2038  0.2024  0.1962  0.1966  1
 69:   0.1981  0.1981  0.1983  0.2027  0.2029  1
 70:   0.1997  0.1989  0.2003  0.1999  0.2011  1
 71:   0.1970  0.1934  0.2002  0.2062  0.2030  1
 72:   0.1984  0.1954  0.1990  0.2044  0.2026  1
 73:   0.2046  0.2070  0.1996  0.1918  0.1970  1
 74:   0.1967  0.1861  0.1991  0.2129  0.2053  1
 75:   0.1961  0.1887  0.2019  0.2091  0.2043  1
 76:   0.1972  0.1916  0.2036  0.2046  0.2032  1
 77:   0.2004  0.2010  0.2012  0.1988  0.1988  1
 78:   0.1974  0.1898  0.1988  0.2094  0.2046  1
 79:   0.1989  0.1953  0.2009  0.2027  0.2023  1
 80:   0.1898  0.1830  0.2004  0.2206  0.2062  1
 81:   0.1982  0.1930  0.2016  0.2064  0.2008  1
 82:   0.1993  0.2027  0.1989  0.1995  0.1995  1
 83:   0.1972  0.1942  0.2024  0.2050  0.2014  1
 84:   0.1997  0.1943  0.2005  0.2023  0.2031  1
 85:   0.1959  0.1897  0.2017  0.2099  0.2027  1
 86:   0.2039  0.1997  0.1997  0.1977  0.1991  1
 87:   0.1979  0.1945  0.2023  0.2037  0.2017  1
 88:   0.2026  0.2010  0.1982  0.1972  0.2012  1
 89:   0.1966  0.1978  0.2006  0.2038  0.2012  1
 90:   0.2014  0.2058  0.2020  0.1928  0.1978  1
 91:   0.2032  0.2060  0.1992  0.1930  0.1988  1
 92:   0.2052  0.2078  0.1992  0.1930  0.1950  1
 93:   0.2026  0.2118  0.2032  0.1896  0.1926  1
 94:   0.2020  0.2004  0.2020  0.1984  0.1972  1
 95:   0.2016  0.2012  0.2024  0.1958  0.1988  1
 96:   0.1968  0.1934  0.2002  0.2052  0.2046  1
 97:   0.2031  0.2029  0.2001  0.1947  0.1991  1
 98:   0.1998  0.2026  0.2016  0.1984  0.1976  1
 99:   0.2003  0.2099  0.2033  0.1929  0.1935  1
100:   0.2044  0.2122  0.1980  0.1900  0.1956  1
101:   0.2006  0.2016  0.1996  0.1988  0.1996  1
102:   0.1975  0.1935  0.1997  0.2057  0.2037  1
103:   0.2048  0.2084  0.1980  0.1930  0.1960  1
104:   0.2042  0.2116  0.1976  0.1910  0.1958  1
105:   0.2024  0.2058  0.1986  0.1926  0.2006  1
106:   0.1988  0.1970  0.1990  0.2020  0.2030  1
107:   0.1966  0.1972  0.2000  0.2030  0.2030  1
108:   0.1998  0.2032  0.1998  0.2000  0.1970  1
109:   0.1998  0.2036  0.1986  0.1964  0.2018  1
110:   0.1987  0.2011  0.2021  0.1999  0.1983  1
111:   0.1938  0.1898  0.2004  0.2116  0.2046  1
112:   0.2026  0.2064  0.1994  0.1944  0.1974  1
113:   0.2002  0.1966  0.1986  0.2034  0.2010  1
114:   0.2026  0.2098  0.1976  0.1930  0.1972  1
115:   0.1958  0.1986  0.2020  0.2018  0.2018  1
116:   0.2020  0.2154  0.1996  0.1908  0.1922  1
117:   0.2014  0.2096  0.2018  0.1922  0.1950  1
118:   0.1987  0.1941  0.1999  0.2049  0.2025  1
119:   0.1988  0.1978  0.2014  0.2026  0.1994  1
120:   0.1994  0.2042  0.1982  0.1994  0.1990  1
121:   0.2020  0.2010  0.2006  0.1958  0.2004  1
122:   0.1964  0.1942  0.2024  0.2060  0.2010  1
123:   0.1990  0.1950  0.2002  0.2042  0.2016  1
124:   0.2022  0.2104  0.2004  0.1918  0.1952  1
125:   0.1997  0.1959  0.2003  0.2027  0.2013  1
126:   0.1962  0.1904  0.2000  0.2098  0.2038  1
127:   0.2002  0.2020  0.2000  0.1982  0.1998  1
128:   0.2013  0.2003  0.1989  0.2009  0.1987  1
129:   0.2012  0.2058  0.1986  0.1960  0.1982  1
130:   0.1992  0.1980  0.1998  0.2018  0.2012  1
131:   0.2018  0.2008  0.1996  0.1982  0.1996  1
132:   0.2030  0.2026  0.1992  0.1962  0.1990  1
133:   0.2042  0.2042  0.1974  0.1942  0.1998  1
134:   0.1936  0.1898  0.2026  0.2098  0.2040  1
135:   0.2002  0.1970  0.2006  0.2024  0.1996  1
136:   0.1996  0.1954  0.2002  0.2020  0.2030  1
137:   0.1993  0.1959  0.2013  0.2019  0.2015  1
138:   0.2034  0.2090  0.1992  0.1918  0.1968  1
139:   0.2032  0.2054  0.1970  0.1942  0.2004  1
140:   0.1994  0.2036  0.2002  0.1976  0.1992  1
141:   0.2009  0.1997  0.1985  0.2015  0.1995  1
142:   0.2008  0.2070  0.2022  0.1944  0.1958  1
143:   0.2044  0.2154  0.1976  0.1884  0.1940  1
144:   0.1996  0.1956  0.1988  0.2046  0.2016  1
145:   0.2026  0.2010  0.1976  0.1978  0.2010  1
146:   0.1980  0.1980  0.1994  0.2018  0.2028  1
147:   0.1962  0.1912  0.2004  0.2104  0.2020  1
148:   0.1966  0.1890  0.1992  0.2110  0.2040  1
149:   0.1936  0.1862  0.1998  0.2148  0.2058  1
150:   0.1983  0.1949  0.2013  0.2047  0.2007  1
