           1  1 0.1676 0.1669 0.1661 0.1661 0.1664 0.1669 
           2  1 0.1676 0.1676 0.1658 0.1657 0.1663 0.1670 
           3  1 0.1648 0.1652 0.1678 0.1670 0.1664 0.1687 
           4  1 0.1670 0.1672 0.1657 0.1662 0.1678 0.1661 
           5  1 0.1655 0.1671 0.1674 0.1664 0.1650 0.1685 
           6  1 0.1678 0.1669 0.1664 0.1669 0.1657 0.1664 
           7  1 0.1657 0.1662 0.1671 0.1671 0.1664 0.1675 
           8  1 0.1698 0.1665 0.1661 0.1654 0.1666 0.1656 
           9  1 0.1679 0.1678 0.1649 0.1669 0.1661 0.1663 
          10  1 0.1660 0.1681 0.1666 0.1657 0.1671 0.1665 
          11  1 0.1678 0.1666 0.1662 0.1662 0.1668 0.1664 
          12  1 0.1664 0.1684 0.1655 0.1657 0.1671 0.1669 
          13  1 0.1657 0.1642 0.1688 0.1663 0.1654 0.1696 
          14  1 0.1660 0.1649 0.1685 0.1673 0.1656 0.1678 
          15  1 0.1658 0.1648 0.1680 0.1665 0.1664 0.1685 
          16  1 0.1650 0.1663 0.1673 0.1679 0.1651 0.1683 
          17  1 0.1671 0.1672 0.1662 0.1667 0.1667 0.1661 
          18  1 0.1659 0.1660 0.1680 0.1674 0.1665 0.1661 
          19  1 0.1678 0.1666 0.1651 0.1671 0.1681 0.1653 
          20  1 0.1696 0.1672 0.1664 0.1659 0.1657 0.1653 
          21  1 0.1690 0.1678 0.1656 0.1651 0.1661 0.1664 
          22  1 0.1672 0.1694 0.1650 0.1651 0.1667 0.1666 
          23  1 0.1671 0.1663 0.1654 0.1667 0.1680 0.1665 
          24  1 0.1661 0.1664 0.1672 0.1662 0.1663 0.1678 
          25  1 0.1665 0.1665 0.1670 0.1664 0.1664 0.1672 
          26  1 0.1663 0.1675 0.1664 0.1662 0.1677 0.1658 
          27  1 0.1681 0.1661 0.1658 0.1669 0.1661 0.1670 
          28  1 0.1653 0.1660 0.1673 0.1671 0.1662 0.1682 
          29  1 0.1658 0.1662 0.1669 0.1678 0.1674 0.1659 
          30  1 0.1634 0.1643 0.1686 0.1677 0.1649 0.1712 
          31  1 0.1660 0.1644 0.1672 0.1667 0.1672 0.1685 
          32  1 0.1640 0.1641 0.1687 0.1683 0.1652 0.1697 
          33  1 0.1656 0.1667 0.1673 0.1662 0.1664 0.1677 
          34  1 0.1663 0.1674 0.1672 0.1670 0.1659 0.1663 
          35  1 0.1664 0.1677 0.1657 0.1665 0.1675 0.1662 
          36  1 0.1661 0.1669 0.1666 0.1659 0.1682 0.1663 
          37  1 0.1664 0.1657 0.1674 0.1672 0.1666 0.1668 
          38  1 0.1686 0.1673 0.1656 0.1661 0.1669 0.1655 
          39  1 0.1683 0.1667 0.1670 0.1660 0.1663 0.1657 
          40  1 0.1692 0.1684 0.1658 0.1667 0.1654 0.1645 
          41  1 0.1677 0.1661 0.1665 0.1664 0.1664 0.1669 
          42  1 0.1652 0.1651 0.1685 0.1672 0.1657 0.1684 
          43  1 0.1696 0.1661 0.1664 0.1656 0.1664 0.1659 
          44  1 0.1653 0.1643 0.1680 0.1677 0.1669 0.1677 
          45  1 0.1695 0.1650 0.1657 0.1665 0.1667 0.1665 
          46  1 0.1656 0.1670 0.1669 0.1668 0.1665 0.1671 
          47  1 0.1646 0.1655 0.1679 0.1668 0.1677 0.1675 
          48  1 0.1657 0.1647 0.1681 0.1674 0.1660 0.1682 
          49  1 0.1668 0.1676 0.1660 0.1666 0.1661 0.1669 
          50  1 0.1677 0.1666 0.1671 0.1651 0.1671 0.1665 
          51  1 0.1663 0.1663 0.1667 0.1674 0.1669 0.1664 
          52  1 0.1653 0.1673 0.1668 0.1670 0.1687 0.1650 
          53  1 0.1659 0.1670 0.1673 0.1673 0.1659 0.1666 
          54  1 0.1648 0.1667 0.1679 0.1665 0.1671 0.1671 
          55  1 0.1683 0.1682 0.1655 0.1661 0.1669 0.1649 
          56  1 0.1655 0.1667 0.1674 0.1669 0.1666 0.1669 
          57  1 0.1668 0.1675 0.1671 0.1656 0.1658 0.1672 
          58  1 0.1677 0.1654 0.1670 0.1669 0.1661 0.1668 
          59  1 0.1657 0.1654 0.1684 0.1677 0.1649 0.1680 
          60  1 0.1665 0.1679 0.1659 0.1666 0.1669 0.1662 
          61  1 0.1671 0.1670 0.1659 0.1668 0.1675 0.1657 
          62  1 0.1660 0.1680 0.1673 0.1681 0.1649 0.1658 
          63  1 0.1689 0.1659 0.1665 0.1662 0.1662 0.1662 
          64  1 0.1688 0.1674 0.1654 0.1664 0.1668 0.1652 
          65  1 0.1684 0.1675 0.1645 0.1680 0.1675 0.1642 
          66  1 0.1680 0.1673 0.1659 0.1658 0.1670 0.1660 
          67  1 0.1658 0.1667 0.1666 0.1668 0.1667 0.1673 
          68  1 0.1683 0.1654 0.1665 0.1668 0.1658 0.1672 
          69  1 0.1705 0.1669 0.1656 0.1654 0.1662 0.1654 
          70  1 0.1634 0.1652 0.1692 0.1662 0.1675 0.1685 
          71  1 0.1669 0.1681 0.1646 0.1657 0.1688 0.1660 
          72  1 0.1666 0.1660 0.1670 0.1666 0.1656 0.1681 
          73  1 0.1648 0.1652 0.1687 0.1673 0.1663 0.1676 
          74  1 0.1670 0.1677 0.1653 0.1683 0.1661 0.1656 
          75  1 0.1690 0.1671 0.1648 0.1664 0.1682 0.1645 
          76  1 0.1672 0.1685 0.1655 0.1685 0.1656 0.1647 
          77  1 0.1673 0.1666 0.1660 0.1679 0.1673 0.1649 
          78  1 0.1664 0.1652 0.1681 0.1661 0.1663 0.1679 
          79  1 0.1656 0.1664 0.1671 0.1671 0.1665 0.1672 
          80  1 0.1660 0.1684 0.1660 0.1667 0.1669 0.1659 
          81  1 0.1654 0.1667 0.1664 0.1662 0.1668 0.1686 
          82  1 0.1650 0.1658 0.1685 0.1671 0.1670 0.1666 
          83  1 0.1641 0.1652 0.1690 0.1675 0.1654 0.1688 
          84  1 0.1651 0.1671 0.1670 0.1651 0.1681 0.1675 
          85  1 0.1655 0.1663 0.1678 0.1664 0.1667 0.1672 
          86  1 0.1671 0.1670 0.1664 0.1660 0.1663 0.1672 
          87  1 0.1660 0.1677 0.1650 0.1668 0.1694 0.1650 
          88  1 0.1657 0.1678 0.1663 0.1680 0.1662 0.1661 
          89  1 0.1654 0.1661 0.1670 0.1677 0.1665 0.1673 
          90  1 0.1638 0.1654 0.1687 0.1673 0.1652 0.1696 
