           1  1 0.1004 0.1002 0.0998 0.1003 0.0999 0.0997 0.0998 0.1003 0.1000 0.0995 
           2  1 0.1000 0.1003 0.0998 0.1001 0.1000 0.0999 0.0999 0.0997 0.0998 0.1006 
           3  1 0.1003 0.1000 0.1009 0.0997 0.0993 0.0998 0.1005 0.1003 0.1000 0.0992 
           4  1 0.0999 0.0995 0.0993 0.1008 0.0997 0.1005 0.0999 0.1006 0.0998 0.1000 
           5  1 0.1000 0.0999 0.1002 0.0995 0.1001 0.0997 0.1000 0.0999 0.1002 0.1005 
           6  1 0.0992 0.1006 0.0996 0.1000 0.1002 0.1009 0.0995 0.0995 0.1001 0.1004 
           7  1 0.1003 0.1001 0.1000 0.0999 0.0996 0.1000 0.0997 0.1004 0.1001 0.0999 
           8  1 0.1000 0.1008 0.0995 0.0997 0.1001 0.1000 0.1000 0.1001 0.0997 0.1000 
           9  1 0.1005 0.1002 0.0995 0.1005 0.0997 0.0993 0.1000 0.0996 0.1006 0.1001 
          10  1 0.1000 0.1001 0.0997 0.1001 0.1003 0.1000 0.0998 0.0998 0.1004 0.0999 
          11  1 0.0999 0.1004 0.1003 0.1004 0.0996 0.1000 0.0998 0.1003 0.1000 0.0994 
          12  1 0.1001 0.0995 0.1003 0.0999 0.0997 0.0998 0.1002 0.1003 0.1000 0.1002 
          13  1 0.1007 0.0998 0.1005 0.1003 0.0992 0.0997 0.0999 0.0997 0.1001 0.1001 
          14  1 0.1003 0.0997 0.1000 0.0994 0.1001 0.0996 0.1000 0.1011 0.1001 0.0998 
          15  1 0.1001 0.1003 0.1006 0.0999 0.1002 0.0999 0.0998 0.0999 0.0999 0.0995 
          16  1 0.0995 0.1003 0.1007 0.0999 0.0992 0.1003 0.1003 0.1001 0.0999 0.0998 
          17  1 0.1002 0.1004 0.1000 0.0996 0.0997 0.1004 0.1002 0.1000 0.0995 0.1000 
          18  1 0.1002 0.1000 0.1001 0.1001 0.0994 0.1001 0.1004 0.0996 0.1002 0.0999 
          19  1 0.1004 0.1001 0.0996 0.1001 0.1004 0.0996 0.1002 0.0997 0.1000 0.0999 
          20  1 0.1002 0.1002 0.0999 0.0998 0.1007 0.0999 0.1000 0.0995 0.0997 0.1002 
          21  1 0.1003 0.1003 0.0996 0.1004 0.1004 0.0995 0.1000 0.0996 0.0999 0.1000 
          22  1 0.1005 0.0995 0.0993 0.1002 0.1000 0.1005 0.1000 0.1000 0.1005 0.0996 
          23  1 0.0998 0.0999 0.1001 0.0994 0.1003 0.1001 0.0999 0.1001 0.1005 0.0998 
          24  1 0.0999 0.0999 0.1002 0.1000 0.0995 0.1001 0.1000 0.1005 0.0998 0.1001 
          25  1 0.0996 0.1001 0.1002 0.1001 0.0999 0.1002 0.1001 0.0999 0.0997 0.1002 
          26  1 0.1000 0.1003 0.1004 0.1003 0.0994 0.1005 0.0992 0.1001 0.0997 0.1001 
          27  1 0.1002 0.1004 0.1003 0.0998 0.1003 0.0994 0.1000 0.1002 0.0995 0.0998 
          28  1 0.0990 0.1005 0.1000 0.1001 0.0998 0.1005 0.1001 0.1006 0.0998 0.0997 
          29  1 0.1000 0.0999 0.1001 0.1002 0.0996 0.1002 0.1000 0.1003 0.1000 0.0997 
          30  1 0.1000 0.1005 0.1002 0.0995 0.0999 0.0995 0.0994 0.1012 0.0999 0.1000 
          31  1 0.1006 0.1001 0.0997 0.0994 0.0999 0.1002 0.0997 0.1005 0.1002 0.0997 
          32  1 0.1001 0.0997 0.1014 0.0993 0.0995 0.0997 0.1000 0.1003 0.1000 0.1001 
          33  1 0.1000 0.0995 0.1002 0.0998 0.1005 0.1002 0.1000 0.1000 0.0997 0.1001 
          34  1 0.1004 0.0999 0.1000 0.1006 0.1000 0.0989 0.1001 0.0996 0.1008 0.0998 
          35  1 0.1001 0.0996 0.1003 0.1000 0.1007 0.0997 0.0995 0.0997 0.1002 0.1001 
          36  1 0.1000 0.0995 0.1000 0.1006 0.1003 0.0994 0.1005 0.1000 0.1001 0.0995 
          37  1 0.0999 0.1002 0.1003 0.0995 0.1001 0.1000 0.0995 0.1003 0.0996 0.1007 
          38  1 0.1005 0.1003 0.0999 0.1000 0.0999 0.0997 0.0997 0.0999 0.1002 0.1000 
          39  1 0.0999 0.1002 0.0997 0.1001 0.1003 0.1002 0.0998 0.1001 0.0994 0.1004 
          40  1 0.1003 0.0998 0.0997 0.1004 0.1004 0.1002 0.1000 0.0997 0.0992 0.1003 
          41  1 0.1003 0.1000 0.0998 0.1001 0.0997 0.0998 0.1003 0.1002 0.0998 0.0998 
          42  1 0.0998 0.0998 0.1002 0.0997 0.1003 0.1005 0.1000 0.0999 0.1001 0.0998 
          43  1 0.0999 0.1007 0.0992 0.1001 0.0999 0.0997 0.1007 0.1002 0.0998 0.0998 
          44  1 0.1002 0.0998 0.1004 0.0997 0.1005 0.0997 0.1002 0.0995 0.1002 0.0997 
          45  1 0.0999 0.1003 0.1002 0.1000 0.1003 0.0999 0.1002 0.0998 0.0992 0.1002 
          46  1 0.0999 0.1001 0.1008 0.0999 0.0999 0.0998 0.0996 0.0999 0.1001 0.0999 
          47  1 0.1002 0.1005 0.1000 0.0999 0.0996 0.1000 0.0997 0.1000 0.1002 0.0998 
          48  1 0.1001 0.1004 0.1008 0.0996 0.0996 0.1001 0.0997 0.1003 0.0995 0.1000 
          49  1 0.0997 0.1005 0.0996 0.1000 0.1000 0.0998 0.1002 0.1000 0.0999 0.1003 
          50  1 0.0999 0.1001 0.0997 0.1002 0.1003 0.1000 0.0998 0.0999 0.1004 0.0997 
          51  1 0.1005 0.0998 0.1004 0.0997 0.1006 0.1000 0.0997 0.0998 0.0997 0.0999 
          52  1 0.1001 0.0996 0.0998 0.0995 0.1003 0.1002 0.1003 0.0997 0.1009 0.0997 
          53  1 0.0998 0.1006 0.0999 0.1007 0.0996 0.0999 0.0998 0.1002 0.0996 0.0999 
          54  1 0.0995 0.1003 0.1002 0.1000 0.0999 0.1001 0.0997 0.1004 0.1000 0.0999 
          55  1 0.0998 0.1003 0.0996 0.1005 0.0994 0.1005 0.0999 0.0999 0.0999 0.1002 
          56  1 0.1000 0.1001 0.0995 0.0999 0.0997 0.0996 0.1001 0.1003 0.0996 0.1011 
          57  1 0.0998 0.1003 0.1003 0.1002 0.0999 0.0998 0.1002 0.1004 0.0992 0.0998 
          58  1 0.0992 0.0996 0.1005 0.1003 0.1006 0.0996 0.1004 0.1000 0.1000 0.0997 
          59  1 0.0999 0.1001 0.1002 0.0999 0.0994 0.1004 0.0998 0.1008 0.0997 0.0998 
          60  1 0.0997 0.0999 0.0999 0.0997 0.1001 0.1003 0.1002 0.1001 0.1005 0.0996 
          61  1 0.1005 0.0996 0.0996 0.0994 0.1000 0.1006 0.0998 0.1001 0.1008 0.0997 
          62  1 0.0998 0.1000 0.0999 0.1001 0.1004 0.0996 0.0997 0.1000 0.1003 0.1003 
          63  1 0.1005 0.1002 0.0994 0.0999 0.1004 0.1000 0.0999 0.1001 0.0999 0.0998 
          64  1 0.1006 0.1002 0.0992 0.1006 0.0999 0.0996 0.1003 0.0995 0.1003 0.0999 
          65  1 0.1002 0.1000 0.0995 0.1000 0.0993 0.1004 0.1003 0.0999 0.0997 0.1007 
          66  1 0.0992 0.1001 0.0997 0.1004 0.1008 0.0998 0.0999 0.1000 0.1000 0.1000 
          67  1 0.0999 0.1004 0.1003 0.0998 0.0996 0.1001 0.1003 0.0998 0.0999 0.0999 
          68  1 0.0997 0.1008 0.1001 0.0996 0.1007 0.0999 0.0998 0.0995 0.1005 0.0995 
          69  1 0.1006 0.0999 0.0999 0.0997 0.0999 0.0998 0.1001 0.1004 0.1003 0.0994 
          70  1 0.0996 0.0998 0.1008 0.0999 0.0998 0.0997 0.1007 0.1000 0.0998 0.0999 
          71  1 0.0996 0.1004 0.0997 0.1008 0.0998 0.1000 0.0997 0.0995 0.1008 0.0998 
          72  1 0.0999 0.0996 0.1003 0.1001 0.1002 0.0995 0.0997 0.1003 0.1001 0.1003 
          73  1 0.1007 0.0998 0.1004 0.0994 0.0999 0.1000 0.1001 0.1003 0.0994 0.0999 
          74  1 0.0996 0.0998 0.0999 0.1006 0.0998 0.1001 0.0998 0.1000 0.0998 0.1006 
          75  1 0.1002 0.1009 0.0993 0.1005 0.0998 0.0997 0.1001 0.0997 0.0999 0.0998 
          76  1 0.1007 0.0997 0.0997 0.0999 0.1001 0.1003 0.1000 0.0996 0.0998 0.1003 
          77  1 0.0995 0.1002 0.0991 0.1003 0.1001 0.1001 0.0995 0.1004 0.1000 0.1007 
          78  1 0.0996 0.1004 0.1001 0.0998 0.1003 0.1002 0.0996 0.0999 0.1002 0.0999 
          79  1 0.1001 0.1003 0.1000 0.1000 0.0998 0.0997 0.1001 0.1007 0.1001 0.0993 
          80  1 0.0997 0.1002 0.1000 0.1002 0.1000 0.0998 0.1000 0.0997 0.0998 0.1005 
          81  1 0.1001 0.1002 0.1002 0.0997 0.0998 0.1003 0.0995 0.1002 0.1000 0.0999 
          82  1 0.1004 0.1004 0.0997 0.0998 0.0997 0.0998 0.0998 0.0997 0.1002 0.1005 
          83  1 0.1002 0.1001 0.1004 0.0994 0.1002 0.1000 0.1001 0.1001 0.0998 0.0998 
          84  1 0.0995 0.1001 0.1003 0.1000 0.0994 0.0997 0.1004 0.1004 0.1005 0.0996 
          85  1 0.1003 0.1004 0.1003 0.0999 0.1002 0.1005 0.0993 0.0998 0.0997 0.0997 
          86  1 0.0995 0.1000 0.1002 0.1000 0.1005 0.1005 0.0997 0.1002 0.0997 0.0997 
          87  1 0.0998 0.1002 0.1001 0.1000 0.1000 0.0998 0.1002 0.0999 0.1002 0.0998 
          88  1 0.1001 0.0998 0.0999 0.1001 0.0997 0.0999 0.0998 0.0999 0.1007 0.1001 
          89  1 0.0994 0.1002 0.1007 0.1000 0.1002 0.1000 0.1000 0.0999 0.0998 0.0998 
          90  1 0.1001 0.0995 0.1008 0.1002 0.0999 0.0999 0.0997 0.0998 0.1000 0.1001 
