           1  1 0.1120 0.1125 0.1100 0.1117 0.1100 0.1107 0.1107 0.1105 0.1119 
           2  1 0.1108 0.1114 0.1110 0.1114 0.1099 0.1097 0.1112 0.1118 0.1129 
           3  1 0.1112 0.1111 0.1103 0.1144 0.1126 0.1105 0.1110 0.1109 0.1080 
           4  1 0.1100 0.1106 0.1112 0.1121 0.1114 0.1115 0.1103 0.1129 0.1100 
           5  1 0.1109 0.1128 0.1107 0.1127 0.1112 0.1123 0.1100 0.1103 0.1091 
           6  1 0.1113 0.1100 0.1115 0.1099 0.1119 0.1122 0.1106 0.1105 0.1120 
           7  1 0.1118 0.1130 0.1112 0.1112 0.1116 0.1101 0.1120 0.1088 0.1103 
           8  1 0.1134 0.1103 0.1107 0.1105 0.1102 0.1112 0.1112 0.1102 0.1123 
           9  1 0.1113 0.1111 0.1106 0.1099 0.1091 0.1108 0.1126 0.1128 0.1118 
          10  1 0.1111 0.1107 0.1110 0.1111 0.1096 0.1100 0.1107 0.1131 0.1126 
          11  1 0.1101 0.1103 0.1104 0.1113 0.1117 0.1113 0.1111 0.1114 0.1125 
          12  1 0.1123 0.1118 0.1103 0.1113 0.1100 0.1119 0.1107 0.1111 0.1106 
          13  1 0.1117 0.1129 0.1124 0.1153 0.1107 0.1098 0.1097 0.1092 0.1082 
          14  1 0.1120 0.1130 0.1111 0.1121 0.1107 0.1120 0.1111 0.1087 0.1093 
          15  1 0.1111 0.1131 0.1083 0.1121 0.1097 0.1114 0.1129 0.1115 0.1100 
          16  1 0.1095 0.1112 0.1119 0.1136 0.1131 0.1116 0.1114 0.1095 0.1082 
          17  1 0.1103 0.1097 0.1119 0.1105 0.1122 0.1109 0.1126 0.1110 0.1110 
          18  1 0.1103 0.1130 0.1099 0.1131 0.1116 0.1108 0.1106 0.1106 0.1100 
          19  1 0.1097 0.1114 0.1124 0.1110 0.1104 0.1108 0.1105 0.1118 0.1119 
          20  1 0.1110 0.1111 0.1112 0.1122 0.1115 0.1113 0.1113 0.1093 0.1111 
          21  1 0.1115 0.1116 0.1104 0.1101 0.1112 0.1103 0.1106 0.1115 0.1129 
          22  1 0.1109 0.1100 0.1115 0.1088 0.1121 0.1123 0.1099 0.1121 0.1123 
          23  1 0.1100 0.1111 0.1096 0.1101 0.1111 0.1125 0.1113 0.1119 0.1125 
          24  1 0.1106 0.1128 0.1109 0.1129 0.1107 0.1099 0.1109 0.1113 0.1100 
          25  1 0.1106 0.1107 0.1102 0.1114 0.1099 0.1128 0.1108 0.1115 0.1121 
          26  1 0.1102 0.1120 0.1113 0.1117 0.1113 0.1104 0.1107 0.1115 0.1110 
          27  1 0.1118 0.1107 0.1124 0.1119 0.1088 0.1104 0.1113 0.1115 0.1112 
          28  1 0.1111 0.1118 0.1103 0.1118 0.1110 0.1120 0.1113 0.1110 0.1098 
          29  1 0.1104 0.1107 0.1121 0.1102 0.1113 0.1119 0.1122 0.1107 0.1104 
          30  1 0.1126 0.1129 0.1124 0.1137 0.1127 0.1111 0.1080 0.1088 0.1078 
          31  1 0.1120 0.1126 0.1120 0.1117 0.1116 0.1110 0.1103 0.1106 0.1083 
          32  1 0.1098 0.1142 0.1127 0.1147 0.1125 0.1096 0.1095 0.1086 0.1084 
          33  1 0.1105 0.1118 0.1107 0.1124 0.1116 0.1108 0.1109 0.1104 0.1109 
          34  1 0.1117 0.1118 0.1106 0.1107 0.1104 0.1102 0.1116 0.1116 0.1114 
          35  1 0.1107 0.1111 0.1096 0.1106 0.1111 0.1118 0.1120 0.1107 0.1123 
          36  1 0.1108 0.1100 0.1103 0.1121 0.1118 0.1095 0.1127 0.1107 0.1119 
          37  1 0.1114 0.1116 0.1117 0.1128 0.1120 0.1101 0.1092 0.1118 0.1094 
          38  1 0.1133 0.1094 0.1105 0.1093 0.1107 0.1123 0.1106 0.1126 0.1115 
          39  1 0.1132 0.1116 0.1098 0.1103 0.1110 0.1111 0.1097 0.1125 0.1109 
          40  1 0.1118 0.1103 0.1107 0.1099 0.1106 0.1108 0.1126 0.1116 0.1117 
          41  1 0.1118 0.1116 0.1108 0.1112 0.1108 0.1109 0.1112 0.1108 0.1110 
          42  1 0.1121 0.1121 0.1118 0.1111 0.1117 0.1102 0.1119 0.1093 0.1098 
          43  1 0.1133 0.1094 0.1103 0.1104 0.1105 0.1097 0.1114 0.1122 0.1127 
          44  1 0.1107 0.1110 0.1125 0.1113 0.1111 0.1104 0.1113 0.1118 0.1099 
          45  1 0.1142 0.1103 0.1103 0.1099 0.1105 0.1117 0.1121 0.1118 0.1092 
          46  1 0.1100 0.1117 0.1120 0.1133 0.1108 0.1103 0.1107 0.1098 0.1114 
          47  1 0.1115 0.1114 0.1108 0.1130 0.1115 0.1106 0.1116 0.1099 0.1097 
          48  1 0.1106 0.1124 0.1114 0.1131 0.1107 0.1099 0.1114 0.1102 0.1102 
          49  1 0.1127 0.1098 0.1107 0.1103 0.1104 0.1119 0.1117 0.1115 0.1111 
          50  1 0.1109 0.1109 0.1107 0.1107 0.1112 0.1114 0.1103 0.1137 0.1103 
          51  1 0.1100 0.1109 0.1102 0.1112 0.1119 0.1124 0.1112 0.1112 0.1110 
          52  1 0.1103 0.1111 0.1118 0.1092 0.1110 0.1108 0.1118 0.1133 0.1108 
          53  1 0.1112 0.1115 0.1119 0.1114 0.1115 0.1112 0.1107 0.1099 0.1108 
          54  1 0.1097 0.1112 0.1108 0.1127 0.1112 0.1120 0.1099 0.1112 0.1112 
          55  1 0.1115 0.1091 0.1100 0.1099 0.1113 0.1120 0.1112 0.1130 0.1120 
          56  1 0.1117 0.1114 0.1096 0.1117 0.1107 0.1115 0.1109 0.1108 0.1118 
          57  1 0.1115 0.1099 0.1107 0.1120 0.1138 0.1099 0.1104 0.1119 0.1100 
          58  1 0.1109 0.1131 0.1106 0.1090 0.1114 0.1112 0.1103 0.1111 0.1123 
          59  1 0.1099 0.1112 0.1106 0.1132 0.1115 0.1146 0.1107 0.1091 0.1092 
          60  1 0.1108 0.1108 0.1115 0.1098 0.1114 0.1124 0.1104 0.1102 0.1127 
          61  1 0.1122 0.1111 0.1105 0.1097 0.1106 0.1111 0.1115 0.1122 0.1110 
          62  1 0.1098 0.1102 0.1116 0.1114 0.1127 0.1100 0.1110 0.1113 0.1121 
          63  1 0.1113 0.1105 0.1100 0.1100 0.1105 0.1115 0.1102 0.1126 0.1134 
          64  1 0.1120 0.1092 0.1118 0.1103 0.1099 0.1115 0.1123 0.1112 0.1118 
          65  1 0.1116 0.1101 0.1110 0.1098 0.1114 0.1106 0.1110 0.1140 0.1106 
          66  1 0.1104 0.1089 0.1094 0.1097 0.1113 0.1121 0.1127 0.1104 0.1151 
          67  1 0.1116 0.1121 0.1097 0.1125 0.1113 0.1114 0.1104 0.1107 0.1102 
          68  1 0.1127 0.1114 0.1116 0.1115 0.1116 0.1097 0.1108 0.1118 0.1089 
          69  1 0.1116 0.1105 0.1119 0.1095 0.1100 0.1104 0.1097 0.1125 0.1141 
          70  1 0.1111 0.1114 0.1115 0.1136 0.1127 0.1119 0.1103 0.1096 0.1079 
          71  1 0.1114 0.1099 0.1101 0.1100 0.1109 0.1097 0.1117 0.1130 0.1132 
          72  1 0.1135 0.1127 0.1105 0.1126 0.1090 0.1113 0.1105 0.1104 0.1096 
          73  1 0.1101 0.1124 0.1095 0.1134 0.1125 0.1114 0.1108 0.1101 0.1098 
          74  1 0.1091 0.1108 0.1112 0.1098 0.1114 0.1114 0.1121 0.1111 0.1130 
          75  1 0.1126 0.1090 0.1099 0.1094 0.1117 0.1118 0.1119 0.1114 0.1124 
          76  1 0.1105 0.1108 0.1105 0.1107 0.1110 0.1111 0.1116 0.1110 0.1126 
          77  1 0.1092 0.1114 0.1121 0.1100 0.1104 0.1094 0.1121 0.1128 0.1125 
          78  1 0.1110 0.1119 0.1108 0.1127 0.1113 0.1100 0.1112 0.1123 0.1088 
          79  1 0.1102 0.1111 0.1112 0.1123 0.1099 0.1122 0.1120 0.1101 0.1109 
          80  1 0.1105 0.1108 0.1108 0.1132 0.1107 0.1100 0.1124 0.1114 0.1102 
          81  1 0.1100 0.1114 0.1104 0.1116 0.1124 0.1116 0.1115 0.1101 0.1109 
          82  1 0.1107 0.1108 0.1105 0.1113 0.1102 0.1111 0.1117 0.1119 0.1118 
          83  1 0.1122 0.1122 0.1117 0.1137 0.1117 0.1127 0.1084 0.1093 0.1081 
          84  1 0.1110 0.1110 0.1121 0.1107 0.1107 0.1128 0.1111 0.1101 0.1105 
          85  1 0.1111 0.1116 0.1113 0.1127 0.1103 0.1107 0.1104 0.1094 0.1125 
          86  1 0.1112 0.1103 0.1108 0.1088 0.1103 0.1133 0.1117 0.1104 0.1132 
          87  1 0.1129 0.1094 0.1103 0.1085 0.1105 0.1098 0.1120 0.1120 0.1147 
          88  1 0.1109 0.1101 0.1106 0.1107 0.1130 0.1100 0.1111 0.1129 0.1106 
          89  1 0.1117 0.1121 0.1101 0.1119 0.1114 0.1115 0.1112 0.1102 0.1100 
          90  1 0.1112 0.1128 0.1110 0.1169 0.1116 0.1107 0.1087 0.1088 0.1082 
