           1  1 0.2502 0.2498 0.2490 0.2510 
           2  1 0.2494 0.2496 0.2491 0.2518 
           3  1 0.2495 0.2509 0.2510 0.2486 
           4  1 0.2502 0.2501 0.2489 0.2508 
           5  1 0.2498 0.2506 0.2509 0.2486 
           6  1 0.2496 0.2496 0.2498 0.2509 
           7  1 0.2499 0.2503 0.2508 0.2489 
           8  1 0.2502 0.2492 0.2496 0.2510 
           9  1 0.2498 0.2499 0.2491 0.2513 
          10  1 0.2500 0.2504 0.2499 0.2497 
          11  1 0.2501 0.2490 0.2501 0.2509 
          12  1 0.2503 0.2497 0.2502 0.2498 
          13  1 0.2508 0.2512 0.2515 0.2465 
          14  1 0.2499 0.2503 0.2515 0.2483 
          15  1 0.2506 0.2499 0.2506 0.2488 
          16  1 0.2506 0.2508 0.2513 0.2473 
          17  1 0.2504 0.2498 0.2497 0.2502 
          18  1 0.2502 0.2499 0.2512 0.2486 
          19  1 0.2507 0.2491 0.2493 0.2510 
          20  1 0.2508 0.2493 0.2496 0.2503 
          21  1 0.2510 0.2491 0.2489 0.2510 
          22  1 0.2512 0.2492 0.2486 0.2510 
          23  1 0.2500 0.2492 0.2504 0.2504 
          24  1 0.2494 0.2503 0.2507 0.2495 
          25  1 0.2501 0.2498 0.2502 0.2498 
          26  1 0.2501 0.2498 0.2502 0.2500 
          27  1 0.2494 0.2503 0.2501 0.2502 
          28  1 0.2489 0.2509 0.2504 0.2498 
          29  1 0.2495 0.2501 0.2497 0.2507 
          30  1 0.2502 0.2518 0.2517 0.2463 
          31  1 0.2493 0.2512 0.2512 0.2483 
          32  1 0.2497 0.2525 0.2521 0.2458 
          33  1 0.2499 0.2510 0.2499 0.2493 
          34  1 0.2506 0.2503 0.2496 0.2495 
          35  1 0.2495 0.2494 0.2494 0.2517 
          36  1 0.2500 0.2498 0.2501 0.2501 
          37  1 0.2511 0.2502 0.2500 0.2487 
          38  1 0.2497 0.2491 0.2488 0.2525 
          39  1 0.2501 0.2502 0.2493 0.2504 
          40  1 0.2505 0.2497 0.2490 0.2508 
          41  1 0.2505 0.2502 0.2500 0.2492 
          42  1 0.2506 0.2503 0.2506 0.2484 
          43  1 0.2494 0.2498 0.2496 0.2512 
          44  1 0.2501 0.2505 0.2503 0.2492 
          45  1 0.2508 0.2503 0.2495 0.2494 
          46  1 0.2499 0.2508 0.2497 0.2496 
          47  1 0.2500 0.2505 0.2511 0.2484 
          48  1 0.2494 0.2507 0.2507 0.2493 
          49  1 0.2492 0.2489 0.2506 0.2513 
          50  1 0.2508 0.2495 0.2490 0.2507 
          51  1 0.2500 0.2505 0.2498 0.2497 
          52  1 0.2502 0.2495 0.2497 0.2506 
          53  1 0.2505 0.2500 0.2499 0.2496 
          54  1 0.2496 0.2512 0.2505 0.2487 
          55  1 0.2500 0.2488 0.2484 0.2528 
          56  1 0.2499 0.2501 0.2504 0.2495 
          57  1 0.2508 0.2501 0.2501 0.2491 
          58  1 0.2495 0.2494 0.2496 0.2514 
          59  1 0.2499 0.2504 0.2507 0.2489 
          60  1 0.2498 0.2500 0.2502 0.2500 
          61  1 0.2501 0.2497 0.2491 0.2511 
          62  1 0.2499 0.2499 0.2505 0.2497 
          63  1 0.2497 0.2489 0.2495 0.2520 
          64  1 0.2502 0.2493 0.2495 0.2510 
          65  1 0.2507 0.2490 0.2482 0.2522 
          66  1 0.2501 0.2490 0.2498 0.2510 
          67  1 0.2493 0.2508 0.2508 0.2491 
          68  1 0.2511 0.2495 0.2501 0.2493 
          69  1 0.2497 0.2487 0.2492 0.2523 
          70  1 0.2503 0.2506 0.2508 0.2483 
          71  1 0.2496 0.2484 0.2493 0.2527 
          72  1 0.2499 0.2509 0.2508 0.2484 
          73  1 0.2505 0.2514 0.2500 0.2481 
          74  1 0.2502 0.2494 0.2497 0.2507 
          75  1 0.2505 0.2492 0.2484 0.2519 
          76  1 0.2505 0.2487 0.2495 0.2513 
          77  1 0.2498 0.2495 0.2507 0.2500 
          78  1 0.2501 0.2503 0.2501 0.2494 
          79  1 0.2497 0.2501 0.2504 0.2498 
          80  1 0.2502 0.2495 0.2496 0.2506 
          81  1 0.2497 0.2504 0.2506 0.2493 
          82  1 0.2504 0.2501 0.2501 0.2494 
          83  1 0.2505 0.2508 0.2518 0.2469 
          84  1 0.2491 0.2507 0.2502 0.2500 
          85  1 0.2503 0.2496 0.2495 0.2506 
          86  1 0.2490 0.2499 0.2501 0.2510 
          87  1 0.2503 0.2491 0.2494 0.2512 
          88  1 0.2504 0.2495 0.2502 0.2499 
          89  1 0.2497 0.2504 0.2507 0.2492 
          90  1 0.2499 0.2513 0.2519 0.2469 
