           1  1 0.1263 0.1265 0.1241 0.1249 0.1233 0.1273 0.1231 0.1245 
           2  1 0.1262 0.1233 0.1257 0.1248 0.1277 0.1221 0.1267 0.1235 
           3  1 0.1207 0.1256 0.1243 0.1295 0.1226 0.1232 0.1241 0.1299 
           4  1 0.1276 0.1252 0.1256 0.1248 0.1234 0.1245 0.1220 0.1269 
           5  1 0.1247 0.1244 0.1251 0.1273 0.1233 0.1267 0.1227 0.1257 
           6  1 0.1259 0.1245 0.1255 0.1263 0.1261 0.1252 0.1235 0.1230 
           7  1 0.1240 0.1258 0.1265 0.1269 0.1236 0.1239 0.1232 0.1262 
           8  1 0.1263 0.1275 0.1233 0.1229 0.1265 0.1246 0.1249 0.1239 
           9  1 0.1274 0.1221 0.1245 0.1235 0.1275 0.1269 0.1262 0.1220 
          10  1 0.1258 0.1257 0.1250 0.1249 0.1234 0.1250 0.1241 0.1260 
          11  1 0.1272 0.1225 0.1258 0.1254 0.1254 0.1233 0.1257 0.1248 
          12  1 0.1240 0.1255 0.1229 0.1277 0.1225 0.1240 0.1300 0.1235 
          13  1 0.1196 0.1291 0.1245 0.1298 0.1226 0.1229 0.1206 0.1309 
          14  1 0.1236 0.1280 0.1239 0.1263 0.1210 0.1265 0.1197 0.1310 
          15  1 0.1245 0.1241 0.1255 0.1230 0.1249 0.1238 0.1294 0.1248 
          16  1 0.1242 0.1268 0.1268 0.1272 0.1211 0.1241 0.1213 0.1285 
          17  1 0.1268 0.1264 0.1235 0.1269 0.1237 0.1229 0.1271 0.1229 
          18  1 0.1246 0.1250 0.1253 0.1260 0.1217 0.1232 0.1273 0.1269 
          19  1 0.1246 0.1241 0.1255 0.1248 0.1229 0.1263 0.1258 0.1261 
          20  1 0.1257 0.1225 0.1273 0.1236 0.1258 0.1244 0.1266 0.1242 
          21  1 0.1229 0.1250 0.1260 0.1224 0.1245 0.1270 0.1266 0.1255 
          22  1 0.1257 0.1233 0.1258 0.1233 0.1243 0.1282 0.1291 0.1202 
          23  1 0.1244 0.1244 0.1232 0.1258 0.1244 0.1246 0.1268 0.1264 
          24  1 0.1254 0.1259 0.1234 0.1254 0.1242 0.1241 0.1228 0.1289 
          25  1 0.1245 0.1248 0.1248 0.1255 0.1297 0.1246 0.1242 0.1220 
          26  1 0.1235 0.1253 0.1262 0.1248 0.1257 0.1245 0.1252 0.1247 
          27  1 0.1253 0.1262 0.1241 0.1252 0.1221 0.1279 0.1240 0.1251 
          28  1 0.1217 0.1268 0.1239 0.1261 0.1241 0.1233 0.1231 0.1310 
          29  1 0.1240 0.1270 0.1236 0.1275 0.1244 0.1257 0.1226 0.1253 
          30  1 0.1234 0.1274 0.1255 0.1260 0.1242 0.1236 0.1201 0.1297 
          31  1 0.1199 0.1257 0.1251 0.1270 0.1237 0.1251 0.1251 0.1284 
          32  1 0.1198 0.1271 0.1267 0.1291 0.1197 0.1243 0.1199 0.1334 
          33  1 0.1238 0.1268 0.1241 0.1262 0.1228 0.1259 0.1240 0.1264 
          34  1 0.1238 0.1233 0.1262 0.1233 0.1262 0.1275 0.1264 0.1233 
          35  1 0.1245 0.1270 0.1241 0.1233 0.1244 0.1258 0.1280 0.1228 
          36  1 0.1252 0.1270 0.1241 0.1261 0.1218 0.1262 0.1242 0.1253 
          37  1 0.1267 0.1280 0.1246 0.1267 0.1235 0.1241 0.1198 0.1266 
          38  1 0.1252 0.1222 0.1246 0.1243 0.1274 0.1246 0.1307 0.1211 
          39  1 0.1256 0.1269 0.1243 0.1235 0.1250 0.1250 0.1261 0.1236 
          40  1 0.1255 0.1255 0.1238 0.1244 0.1253 0.1265 0.1255 0.1236 
          41  1 0.1223 0.1271 0.1258 0.1261 0.1252 0.1246 0.1226 0.1263 
          42  1 0.1233 0.1264 0.1218 0.1264 0.1240 0.1253 0.1248 0.1282 
          43  1 0.1257 0.1233 0.1256 0.1258 0.1277 0.1237 0.1254 0.1230 
          44  1 0.1236 0.1264 0.1242 0.1259 0.1241 0.1254 0.1254 0.1249 
          45  1 0.1254 0.1256 0.1230 0.1243 0.1259 0.1238 0.1272 0.1248 
          46  1 0.1235 0.1267 0.1236 0.1251 0.1251 0.1259 0.1222 0.1280 
          47  1 0.1226 0.1243 0.1260 0.1290 0.1245 0.1258 0.1216 0.1263 
          48  1 0.1231 0.1269 0.1263 0.1248 0.1264 0.1246 0.1212 0.1266 
          49  1 0.1267 0.1241 0.1243 0.1242 0.1251 0.1257 0.1279 0.1220 
          50  1 0.1238 0.1259 0.1236 0.1259 0.1248 0.1251 0.1267 0.1242 
          51  1 0.1220 0.1248 0.1257 0.1266 0.1227 0.1240 0.1269 0.1271 
          52  1 0.1248 0.1241 0.1228 0.1253 0.1232 0.1253 0.1300 0.1244 
          53  1 0.1256 0.1258 0.1234 0.1263 0.1242 0.1248 0.1238 0.1260 
          54  1 0.1211 0.1267 0.1253 0.1265 0.1256 0.1240 0.1220 0.1288 
          55  1 0.1264 0.1236 0.1243 0.1238 0.1300 0.1242 0.1278 0.1201 
          56  1 0.1246 0.1247 0.1255 0.1257 0.1239 0.1234 0.1258 0.1264 
          57  1 0.1236 0.1283 0.1252 0.1264 0.1206 0.1252 0.1233 0.1275 
          58  1 0.1263 0.1235 0.1276 0.1253 0.1231 0.1250 0.1250 0.1242 
          59  1 0.1220 0.1262 0.1249 0.1283 0.1258 0.1248 0.1214 0.1267 
          60  1 0.1255 0.1262 0.1254 0.1226 0.1231 0.1265 0.1253 0.1254 
          61  1 0.1254 0.1239 0.1239 0.1246 0.1262 0.1234 0.1279 0.1245 
          62  1 0.1270 0.1272 0.1248 0.1264 0.1219 0.1236 0.1242 0.1248 
          63  1 0.1253 0.1247 0.1256 0.1239 0.1257 0.1266 0.1247 0.1234 
          64  1 0.1252 0.1240 0.1253 0.1227 0.1263 0.1268 0.1291 0.1205 
          65  1 0.1290 0.1232 0.1240 0.1235 0.1270 0.1261 0.1242 0.1229 
          66  1 0.1290 0.1230 0.1280 0.1212 0.1263 0.1242 0.1268 0.1215 
          67  1 0.1242 0.1271 0.1264 0.1246 0.1236 0.1228 0.1227 0.1286 
          68  1 0.1246 0.1243 0.1239 0.1256 0.1254 0.1244 0.1235 0.1283 
          69  1 0.1271 0.1236 0.1215 0.1228 0.1281 0.1272 0.1265 0.1234 
          70  1 0.1230 0.1271 0.1244 0.1285 0.1227 0.1244 0.1214 0.1284 
          71  1 0.1260 0.1229 0.1260 0.1230 0.1294 0.1227 0.1286 0.1213 
          72  1 0.1236 0.1256 0.1264 0.1255 0.1226 0.1264 0.1220 0.1277 
          73  1 0.1205 0.1262 0.1238 0.1291 0.1230 0.1225 0.1285 0.1264 
          74  1 0.1262 0.1226 0.1241 0.1252 0.1270 0.1252 0.1262 0.1235 
          75  1 0.1260 0.1242 0.1258 0.1233 0.1253 0.1272 0.1266 0.1214 
          76  1 0.1264 0.1243 0.1260 0.1251 0.1261 0.1251 0.1251 0.1220 
          77  1 0.1278 0.1241 0.1237 0.1240 0.1270 0.1237 0.1265 0.1231 
          78  1 0.1239 0.1271 0.1250 0.1274 0.1243 0.1236 0.1206 0.1280 
          79  1 0.1234 0.1275 0.1255 0.1266 0.1238 0.1250 0.1221 0.1261 
          80  1 0.1268 0.1206 0.1263 0.1262 0.1263 0.1232 0.1260 0.1245 
          81  1 0.1239 0.1253 0.1255 0.1261 0.1243 0.1272 0.1214 0.1263 
          82  1 0.1238 0.1255 0.1246 0.1266 0.1278 0.1234 0.1234 0.1248 
          83  1 0.1238 0.1244 0.1282 0.1253 0.1234 0.1235 0.1224 0.1289 
          84  1 0.1243 0.1273 0.1270 0.1236 0.1234 0.1256 0.1226 0.1262 
          85  1 0.1242 0.1248 0.1234 0.1285 0.1220 0.1258 0.1245 0.1268 
          86  1 0.1249 0.1231 0.1251 0.1251 0.1259 0.1265 0.1247 0.1247 
          87  1 0.1243 0.1217 0.1293 0.1212 0.1308 0.1246 0.1302 0.1178 
          88  1 0.1260 0.1259 0.1230 0.1244 0.1261 0.1249 0.1249 0.1247 
          89  1 0.1234 0.1260 0.1243 0.1267 0.1227 0.1253 0.1238 0.1278 
          90  1 0.1217 0.1273 0.1245 0.1282 0.1216 0.1220 0.1216 0.1331 
