           1  1 0.2013 0.1993 0.2001 0.1988 0.2005 
           2  1 0.2001 0.1985 0.1985 0.2001 0.2028 
           3  1 0.2057 0.2029 0.1969 0.2001 0.1946 
           4  1 0.2018 0.1974 0.2022 0.2000 0.1987 
           5  1 0.2013 0.1988 0.2034 0.1993 0.1972 
           6  1 0.1980 0.2000 0.1998 0.1995 0.2027 
           7  1 0.2046 0.2005 0.2014 0.1979 0.1955 
           8  1 0.1990 0.1970 0.2012 0.1978 0.2049 
           9  1 0.1990 0.1975 0.2003 0.2034 0.1999 
          10  1 0.2004 0.2001 0.2005 0.2016 0.1974 
          11  1 0.1990 0.1962 0.1961 0.2008 0.2079 
          12  1 0.1987 0.1981 0.2040 0.1987 0.2005 
          13  1 0.2024 0.2011 0.2013 0.2013 0.1939 
          14  1 0.2047 0.2003 0.2017 0.1991 0.1942 
          15  1 0.2002 0.1985 0.1995 0.2022 0.1996 
          16  1 0.2038 0.2038 0.1997 0.2005 0.1922 
          17  1 0.2002 0.1995 0.2001 0.2007 0.1995 
          18  1 0.2022 0.1965 0.2015 0.1981 0.2017 
          19  1 0.1980 0.2004 0.1992 0.1996 0.2028 
          20  1 0.1991 0.2037 0.2011 0.1963 0.1998 
          21  1 0.1966 0.1988 0.2031 0.2024 0.1992 
          22  1 0.1994 0.1990 0.1974 0.1964 0.2078 
          23  1 0.1973 0.1995 0.2034 0.2005 0.1994 
          24  1 0.1998 0.2028 0.2016 0.1996 0.1961 
          25  1 0.2001 0.2046 0.1999 0.1992 0.1962 
          26  1 0.1997 0.1996 0.1992 0.2016 0.1999 
          27  1 0.1980 0.2029 0.2036 0.1985 0.1970 
          28  1 0.2037 0.2012 0.1991 0.1960 0.2001 
          29  1 0.1983 0.2012 0.1989 0.2018 0.1999 
          30  1 0.2045 0.2059 0.1993 0.1992 0.1911 
          31  1 0.2019 0.2020 0.1991 0.1966 0.2004 
          32  1 0.2086 0.2009 0.2035 0.1985 0.1885 
          33  1 0.2039 0.1991 0.2005 0.1996 0.1969 
          34  1 0.1981 0.2021 0.1977 0.2003 0.2019 
          35  1 0.2004 0.1981 0.1992 0.1975 0.2048 
          36  1 0.2010 0.2014 0.1998 0.2000 0.1977 
          37  1 0.2026 0.2008 0.1990 0.1999 0.1977 
          38  1 0.2001 0.1986 0.2019 0.1997 0.1997 
          39  1 0.1991 0.1972 0.2044 0.1974 0.2019 
          40  1 0.1972 0.1986 0.2032 0.1995 0.2015 
          41  1 0.2032 0.2004 0.1978 0.2003 0.1983 
          42  1 0.2036 0.2000 0.2003 0.2025 0.1935 
          43  1 0.1991 0.1986 0.2006 0.2003 0.2013 
          44  1 0.2001 0.1989 0.1994 0.1998 0.2018 
          45  1 0.2003 0.1997 0.2005 0.1997 0.1997 
          46  1 0.2031 0.2003 0.1998 0.1994 0.1974 
          47  1 0.2026 0.2011 0.1992 0.2019 0.1953 
          48  1 0.2008 0.2038 0.1995 0.2049 0.1910 
          49  1 0.1981 0.1996 0.2021 0.2016 0.1986 
          50  1 0.1981 0.1968 0.2036 0.1973 0.2042 
          51  1 0.1973 0.1979 0.2003 0.2005 0.2039 
          52  1 0.2000 0.1962 0.1997 0.2007 0.2034 
          53  1 0.2035 0.1993 0.1965 0.1989 0.2018 
          54  1 0.2036 0.2007 0.2003 0.1984 0.1970 
          55  1 0.1964 0.1970 0.1966 0.2014 0.2087 
          56  1 0.2005 0.1992 0.1997 0.2041 0.1965 
          57  1 0.2021 0.2041 0.1971 0.2016 0.1951 
          58  1 0.1987 0.1995 0.1995 0.2002 0.2021 
          59  1 0.2025 0.2007 0.2013 0.1988 0.1966 
          60  1 0.1999 0.2002 0.1996 0.1981 0.2022 
          61  1 0.2009 0.1999 0.1972 0.2023 0.1997 
          62  1 0.1996 0.2004 0.2057 0.1985 0.1957 
          63  1 0.1971 0.1971 0.2001 0.1991 0.2066 
          64  1 0.1959 0.1994 0.2026 0.2004 0.2018 
          65  1 0.1986 0.1979 0.2010 0.1977 0.2048 
          66  1 0.1941 0.1965 0.2007 0.2002 0.2084 
          67  1 0.2037 0.2010 0.1998 0.1991 0.1965 
          68  1 0.2030 0.1975 0.2020 0.1983 0.1992 
          69  1 0.1984 0.1980 0.2008 0.1980 0.2048 
          70  1 0.2057 0.2033 0.2022 0.1977 0.1912 
          71  1 0.1973 0.1955 0.1980 0.2025 0.2066 
          72  1 0.2018 0.1990 0.1983 0.2014 0.1996 
          73  1 0.2049 0.2014 0.1993 0.1990 0.1954 
          74  1 0.1963 0.1948 0.2010 0.2032 0.2047 
          75  1 0.1959 0.1971 0.1991 0.2011 0.2069 
          76  1 0.2000 0.1983 0.2003 0.2027 0.1986 
          77  1 0.1984 0.1959 0.2006 0.1979 0.2072 
          78  1 0.2014 0.2013 0.1990 0.2020 0.1963 
          79  1 0.2015 0.2013 0.1998 0.2016 0.1959 
          80  1 0.1988 0.1989 0.1998 0.2013 0.2011 
          81  1 0.1998 0.2014 0.2008 0.2044 0.1936 
          82  1 0.1990 0.2025 0.1994 0.2023 0.1969 
          83  1 0.2059 0.2004 0.1981 0.2025 0.1930 
          84  1 0.1987 0.1989 0.2000 0.2018 0.2006 
          85  1 0.2023 0.1999 0.2007 0.1986 0.1985 
          86  1 0.1974 0.2007 0.2030 0.2007 0.1983 
          87  1 0.1954 0.1981 0.1991 0.2038 0.2035 
          88  1 0.1962 0.2044 0.1991 0.1993 0.2011 
          89  1 0.2027 0.2001 0.1998 0.1991 0.1983 
          90  1 0.2045 0.2037 0.2037 0.1955 0.1926 
