           1  1 0.2011 0.2002 0.1988 0.2003 0.1996 
           2  1 0.1996 0.1997 0.2022 0.1998 0.1986 
           3  1 0.1979 0.2026 0.2007 0.1973 0.2015 
           4  1 0.2004 0.1999 0.2004 0.1998 0.1995 
           5  1 0.1994 0.2023 0.1989 0.1988 0.2006 
           6  1 0.2021 0.1997 0.1996 0.2003 0.1983 
           7  1 0.1992 0.2011 0.1992 0.1996 0.2009 
           8  1 0.2016 0.1994 0.1989 0.2007 0.1994 
           9  1 0.1994 0.1992 0.2000 0.2016 0.1998 
          10  1 0.1995 0.2007 0.2000 0.2007 0.1991 
          11  1 0.2012 0.1999 0.2001 0.2000 0.1989 
          12  1 0.1998 0.1996 0.1994 0.2009 0.2003 
          13  1 0.1990 0.2037 0.1992 0.1954 0.2026 
          14  1 0.1999 0.2010 0.1990 0.1981 0.2019 
          15  1 0.1996 0.2001 0.2013 0.1993 0.1997 
          16  1 0.1987 0.2030 0.1992 0.1970 0.2021 
          17  1 0.2003 0.1993 0.1993 0.2016 0.1996 
          18  1 0.1993 0.1994 0.2007 0.2006 0.2000 
          19  1 0.1991 0.1995 0.2005 0.2013 0.1995 
          20  1 0.2010 0.1984 0.2005 0.2003 0.1997 
          21  1 0.1999 0.1974 0.2006 0.2020 0.2001 
          22  1 0.2003 0.1985 0.2001 0.2003 0.2008 
          23  1 0.2004 0.2002 0.1996 0.2000 0.1998 
          24  1 0.1995 0.2006 0.2009 0.1987 0.2003 
          25  1 0.2000 0.1993 0.2007 0.1993 0.2006 
          26  1 0.2010 0.2004 0.1991 0.2005 0.1991 
          27  1 0.2006 0.1995 0.1993 0.1998 0.2008 
          28  1 0.1995 0.2008 0.1999 0.1986 0.2012 
          29  1 0.2007 0.2004 0.1999 0.1993 0.1997 
          30  1 0.1977 0.2037 0.1997 0.1962 0.2027 
          31  1 0.1999 0.2017 0.1984 0.1988 0.2011 
          32  1 0.1987 0.2030 0.1989 0.1965 0.2029 
          33  1 0.1982 0.2006 0.1994 0.2003 0.2015 
          34  1 0.2013 0.2004 0.1990 0.1992 0.2001 
          35  1 0.1995 0.1981 0.2006 0.2028 0.1990 
          36  1 0.1997 0.2000 0.2007 0.1995 0.2000 
          37  1 0.1989 0.2010 0.2001 0.1991 0.2008 
          38  1 0.2008 0.1983 0.2008 0.2027 0.1974 
          39  1 0.2014 0.1989 0.1993 0.2006 0.1997 
          40  1 0.2005 0.1989 0.2005 0.2024 0.1977 
          41  1 0.1994 0.2004 0.1996 0.1995 0.2011 
          42  1 0.1990 0.2025 0.2000 0.1986 0.1998 
          43  1 0.1998 0.1981 0.2000 0.2022 0.1999 
          44  1 0.2007 0.1998 0.2003 0.1987 0.2004 
          45  1 0.2005 0.2003 0.1992 0.2000 0.2000 
          46  1 0.1997 0.2002 0.1992 0.2003 0.2007 
          47  1 0.1995 0.2012 0.1999 0.1982 0.2012 
          48  1 0.1991 0.2031 0.1985 0.1983 0.2010 
          49  1 0.2008 0.1978 0.2000 0.2024 0.1990 
          50  1 0.2004 0.1983 0.1996 0.2012 0.2004 
          51  1 0.1986 0.2002 0.2007 0.2011 0.1994 
          52  1 0.2001 0.1994 0.1999 0.2003 0.2004 
          53  1 0.2000 0.1998 0.1999 0.1995 0.2008 
          54  1 0.1991 0.2005 0.1998 0.1990 0.2016 
          55  1 0.2006 0.1976 0.1999 0.2028 0.1991 
          56  1 0.1986 0.2010 0.2013 0.1994 0.1997 
          57  1 0.1984 0.2012 0.2001 0.2003 0.2000 
          58  1 0.2007 0.2008 0.1997 0.1988 0.2001 
          59  1 0.1992 0.2025 0.1997 0.1975 0.2011 
          60  1 0.2011 0.1988 0.2004 0.1990 0.2007 
          61  1 0.1997 0.1999 0.2005 0.2013 0.1986 
          62  1 0.1992 0.1998 0.2005 0.2007 0.1999 
          63  1 0.2029 0.1984 0.2005 0.2000 0.1983 
          64  1 0.1998 0.1981 0.2006 0.2026 0.1989 
          65  1 0.2003 0.1986 0.1992 0.2020 0.1998 
          66  1 0.2019 0.1988 0.2000 0.2004 0.1989 
          67  1 0.1992 0.2018 0.1993 0.1988 0.2009 
          68  1 0.2001 0.2001 0.2002 0.1984 0.2012 
          69  1 0.2022 0.1973 0.1989 0.2019 0.1997 
          70  1 0.1990 0.2020 0.1981 0.1984 0.2025 
          71  1 0.1998 0.1986 0.1994 0.2038 0.1984 
          72  1 0.1989 0.2016 0.1992 0.1973 0.2029 
          73  1 0.1997 0.2004 0.2005 0.1982 0.2011 
          74  1 0.2014 0.1980 0.2002 0.2017 0.1987 
          75  1 0.2009 0.1975 0.1991 0.2025 0.2000 
          76  1 0.2012 0.1989 0.1996 0.2005 0.1998 
          77  1 0.2006 0.1983 0.2003 0.2014 0.1994 
          78  1 0.1998 0.2012 0.1989 0.1984 0.2017 
          79  1 0.1993 0.2013 0.1987 0.2002 0.2004 
          80  1 0.2005 0.2001 0.2005 0.1987 0.2003 
          81  1 0.1990 0.2011 0.1999 0.2001 0.2000 
          82  1 0.1995 0.2002 0.1990 0.2012 0.2002 
          83  1 0.1988 0.2037 0.1994 0.1967 0.2015 
          84  1 0.2003 0.2011 0.1987 0.1988 0.2011 
          85  1 0.2004 0.2007 0.2001 0.1998 0.1990 
          86  1 0.2004 0.1983 0.2011 0.2015 0.1987 
          87  1 0.2005 0.1995 0.2004 0.2013 0.1984 
          88  1 0.1999 0.1999 0.2003 0.2010 0.1989 
          89  1 0.1989 0.2011 0.2000 0.1984 0.2015 
          90  1 0.1974 0.2024 0.1996 0.1969 0.2036 
