           1  1 0.1114 0.1120 0.1111 0.1110 0.1109 0.1111 0.1105 0.1120 0.1100 
           2  1 0.1104 0.1091 0.1118 0.1128 0.1105 0.1117 0.1122 0.1119 0.1096 
           3  1 0.1125 0.1095 0.1072 0.1111 0.1114 0.1124 0.1113 0.1111 0.1136 
           4  1 0.1121 0.1103 0.1098 0.1122 0.1123 0.1100 0.1123 0.1116 0.1093 
           5  1 0.1114 0.1114 0.1096 0.1100 0.1125 0.1108 0.1108 0.1120 0.1117 
           6  1 0.1099 0.1119 0.1125 0.1099 0.1110 0.1132 0.1109 0.1104 0.1104 
           7  1 0.1137 0.1114 0.1087 0.1112 0.1121 0.1095 0.1099 0.1094 0.1141 
           8  1 0.1093 0.1158 0.1138 0.1104 0.1094 0.1113 0.1097 0.1103 0.1100 
           9  1 0.1100 0.1126 0.1194 0.1101 0.1097 0.1105 0.1101 0.1100 0.1077 
          10  1 0.1111 0.1089 0.1113 0.1106 0.1110 0.1119 0.1113 0.1130 0.1108 
          11  1 0.1108 0.1105 0.1123 0.1120 0.1096 0.1119 0.1108 0.1119 0.1103 
          12  1 0.1113 0.1109 0.1122 0.1099 0.1112 0.1122 0.1118 0.1091 0.1114 
          13  1 0.1131 0.1125 0.1065 0.1101 0.1131 0.1101 0.1115 0.1085 0.1144 
          14  1 0.1140 0.1108 0.1073 0.1103 0.1120 0.1106 0.1090 0.1109 0.1152 
          15  1 0.1098 0.1099 0.1114 0.1102 0.1113 0.1119 0.1119 0.1127 0.1110 
          16  1 0.1134 0.1112 0.1060 0.1101 0.1139 0.1110 0.1102 0.1095 0.1146 
          17  1 0.1118 0.1097 0.1120 0.1117 0.1103 0.1109 0.1113 0.1118 0.1105 
          18  1 0.1104 0.1117 0.1107 0.1105 0.1112 0.1113 0.1109 0.1103 0.1130 
          19  1 0.1095 0.1118 0.1129 0.1113 0.1116 0.1104 0.1106 0.1103 0.1117 
          20  1 0.1104 0.1095 0.1113 0.1125 0.1114 0.1116 0.1098 0.1119 0.1115 
          21  1 0.1102 0.1145 0.1120 0.1125 0.1101 0.1108 0.1101 0.1090 0.1107 
          22  1 0.1098 0.1095 0.1151 0.1126 0.1106 0.1126 0.1110 0.1105 0.1083 
          23  1 0.1120 0.1098 0.1114 0.1113 0.1115 0.1123 0.1100 0.1108 0.1110 
          24  1 0.1124 0.1100 0.1083 0.1097 0.1112 0.1115 0.1126 0.1111 0.1132 
          25  1 0.1111 0.1097 0.1120 0.1112 0.1104 0.1121 0.1114 0.1121 0.1101 
          26  1 0.1120 0.1089 0.1104 0.1124 0.1109 0.1124 0.1116 0.1101 0.1113 
          27  1 0.1116 0.1125 0.1116 0.1099 0.1111 0.1122 0.1105 0.1092 0.1114 
          28  1 0.1128 0.1100 0.1091 0.1092 0.1117 0.1114 0.1114 0.1117 0.1128 
          29  1 0.1118 0.1115 0.1089 0.1121 0.1105 0.1119 0.1112 0.1110 0.1110 
          30  1 0.1128 0.1108 0.1051 0.1101 0.1137 0.1119 0.1105 0.1107 0.1146 
          31  1 0.1124 0.1120 0.1077 0.1106 0.1115 0.1096 0.1103 0.1109 0.1150 
          32  1 0.1140 0.1109 0.1041 0.1084 0.1130 0.1098 0.1120 0.1127 0.1150 
          33  1 0.1121 0.1108 0.1084 0.1105 0.1125 0.1098 0.1113 0.1116 0.1130 
          34  1 0.1107 0.1106 0.1114 0.1131 0.1110 0.1106 0.1113 0.1103 0.1110 
          35  1 0.1102 0.1092 0.1146 0.1124 0.1106 0.1120 0.1107 0.1105 0.1098 
          36  1 0.1112 0.1090 0.1106 0.1120 0.1108 0.1109 0.1117 0.1128 0.1110 
          37  1 0.1100 0.1127 0.1099 0.1113 0.1107 0.1104 0.1124 0.1089 0.1137 
          38  1 0.1104 0.1095 0.1138 0.1131 0.1105 0.1107 0.1104 0.1109 0.1106 
          39  1 0.1110 0.1154 0.1118 0.1108 0.1096 0.1108 0.1113 0.1103 0.1091 
          40  1 0.1101 0.1124 0.1111 0.1109 0.1098 0.1105 0.1129 0.1108 0.1114 
          41  1 0.1122 0.1143 0.1104 0.1099 0.1114 0.1096 0.1101 0.1119 0.1102 
          42  1 0.1107 0.1106 0.1089 0.1102 0.1132 0.1124 0.1121 0.1097 0.1123 
          43  1 0.1102 0.1141 0.1136 0.1115 0.1103 0.1128 0.1087 0.1096 0.1092 
          44  1 0.1123 0.1093 0.1094 0.1134 0.1113 0.1105 0.1104 0.1117 0.1118 
          45  1 0.1118 0.1127 0.1107 0.1109 0.1115 0.1102 0.1095 0.1121 0.1107 
          46  1 0.1119 0.1111 0.1113 0.1099 0.1124 0.1099 0.1114 0.1100 0.1121 
          47  1 0.1121 0.1112 0.1068 0.1094 0.1122 0.1117 0.1115 0.1113 0.1138 
          48  1 0.1122 0.1108 0.1084 0.1100 0.1116 0.1105 0.1116 0.1126 0.1123 
          49  1 0.1110 0.1107 0.1121 0.1100 0.1116 0.1122 0.1112 0.1102 0.1109 
          50  1 0.1102 0.1125 0.1126 0.1114 0.1097 0.1128 0.1114 0.1089 0.1106 
          51  1 0.1113 0.1105 0.1091 0.1108 0.1123 0.1123 0.1106 0.1114 0.1116 
          52  1 0.1111 0.1088 0.1116 0.1124 0.1104 0.1114 0.1112 0.1110 0.1120 
          53  1 0.1107 0.1102 0.1102 0.1112 0.1111 0.1114 0.1112 0.1136 0.1104 
          54  1 0.1124 0.1110 0.1085 0.1116 0.1131 0.1109 0.1098 0.1117 0.1109 
          55  1 0.1100 0.1086 0.1158 0.1113 0.1078 0.1121 0.1124 0.1142 0.1078 
          56  1 0.1118 0.1120 0.1097 0.1108 0.1120 0.1099 0.1114 0.1105 0.1120 
          57  1 0.1111 0.1118 0.1085 0.1110 0.1128 0.1103 0.1100 0.1113 0.1132 
          58  1 0.1114 0.1094 0.1101 0.1109 0.1106 0.1118 0.1103 0.1136 0.1119 
          59  1 0.1127 0.1103 0.1083 0.1095 0.1135 0.1106 0.1114 0.1119 0.1119 
          60  1 0.1116 0.1110 0.1122 0.1112 0.1107 0.1105 0.1114 0.1117 0.1096 
          61  1 0.1120 0.1088 0.1127 0.1113 0.1113 0.1126 0.1103 0.1112 0.1099 
          62  1 0.1120 0.1106 0.1092 0.1116 0.1125 0.1096 0.1110 0.1109 0.1126 
          63  1 0.1102 0.1103 0.1125 0.1113 0.1110 0.1100 0.1137 0.1118 0.1092 
          64  1 0.1084 0.1128 0.1171 0.1115 0.1098 0.1121 0.1094 0.1122 0.1068 
          65  1 0.1101 0.1132 0.1133 0.1134 0.1103 0.1107 0.1100 0.1112 0.1077 
          66  1 0.1102 0.1100 0.1137 0.1121 0.1095 0.1127 0.1113 0.1122 0.1085 
          67  1 0.1132 0.1121 0.1080 0.1095 0.1122 0.1111 0.1112 0.1112 0.1115 
          68  1 0.1096 0.1158 0.1107 0.1102 0.1106 0.1102 0.1108 0.1102 0.1119 
          69  1 0.1085 0.1132 0.1142 0.1116 0.1090 0.1117 0.1129 0.1097 0.1091 
          70  1 0.1114 0.1107 0.1076 0.1104 0.1123 0.1114 0.1107 0.1115 0.1139 
          71  1 0.1105 0.1115 0.1152 0.1114 0.1086 0.1123 0.1106 0.1105 0.1094 
          72  1 0.1124 0.1117 0.1089 0.1087 0.1118 0.1136 0.1104 0.1097 0.1129 
          73  1 0.1116 0.1108 0.1077 0.1110 0.1136 0.1116 0.1106 0.1104 0.1127 
          74  1 0.1108 0.1091 0.1129 0.1119 0.1088 0.1108 0.1147 0.1106 0.1103 
          75  1 0.1089 0.1107 0.1177 0.1115 0.1103 0.1115 0.1096 0.1119 0.1080 
          76  1 0.1108 0.1113 0.1122 0.1109 0.1108 0.1114 0.1129 0.1109 0.1088 
          77  1 0.1092 0.1106 0.1132 0.1133 0.1107 0.1093 0.1126 0.1100 0.1112 
          78  1 0.1109 0.1132 0.1099 0.1102 0.1097 0.1124 0.1102 0.1110 0.1126 
          79  1 0.1112 0.1108 0.1091 0.1089 0.1125 0.1104 0.1102 0.1131 0.1138 
          80  1 0.1108 0.1123 0.1112 0.1116 0.1119 0.1124 0.1105 0.1092 0.1101 
          81  1 0.1123 0.1105 0.1093 0.1116 0.1125 0.1122 0.1100 0.1111 0.1104 
          82  1 0.1120 0.1096 0.1104 0.1101 0.1108 0.1108 0.1120 0.1129 0.1114 
          83  1 0.1132 0.1118 0.1063 0.1089 0.1117 0.1111 0.1104 0.1120 0.1146 
          84  1 0.1141 0.1110 0.1092 0.1108 0.1114 0.1108 0.1111 0.1109 0.1108 
          85  1 0.1109 0.1102 0.1096 0.1100 0.1127 0.1110 0.1118 0.1114 0.1124 
          86  1 0.1114 0.1106 0.1139 0.1116 0.1107 0.1112 0.1105 0.1111 0.1090 
          87  1 0.1114 0.1088 0.1140 0.1106 0.1099 0.1117 0.1124 0.1131 0.1081 
          88  1 0.1107 0.1108 0.1109 0.1114 0.1105 0.1111 0.1118 0.1129 0.1098 
          89  1 0.1128 0.1113 0.1089 0.1098 0.1119 0.1103 0.1105 0.1117 0.1128 
          90  1 0.1138 0.1129 0.1040 0.1089 0.1128 0.1095 0.1106 0.1099 0.1177 
