           1  1 0.1427 0.1431 0.1430 0.1425 0.1427 0.1433 0.1429 
           2  1 0.1424 0.1430 0.1433 0.1424 0.1435 0.1429 0.1425 
           3  1 0.1442 0.1428 0.1419 0.1420 0.1414 0.1434 0.1443 
           4  1 0.1429 0.1433 0.1431 0.1426 0.1422 0.1432 0.1427 
           5  1 0.1435 0.1425 0.1425 0.1423 0.1416 0.1439 0.1436 
           6  1 0.1426 0.1431 0.1429 0.1425 0.1431 0.1433 0.1427 
           7  1 0.1443 0.1424 0.1423 0.1431 0.1419 0.1423 0.1436 
           8  1 0.1425 0.1429 0.1424 0.1437 0.1437 0.1426 0.1422 
           9  1 0.1418 0.1423 0.1429 0.1440 0.1444 0.1430 0.1416 
          10  1 0.1426 0.1426 0.1423 0.1429 0.1438 0.1436 0.1421 
          11  1 0.1424 0.1431 0.1428 0.1438 0.1432 0.1424 0.1423 
          12  1 0.1434 0.1431 0.1429 0.1419 0.1432 0.1427 0.1429 
          13  1 0.1445 0.1419 0.1433 0.1417 0.1407 0.1424 0.1455 
          14  1 0.1434 0.1430 0.1429 0.1421 0.1423 0.1418 0.1447 
          15  1 0.1439 0.1429 0.1430 0.1427 0.1408 0.1430 0.1437 
          16  1 0.1445 0.1425 0.1431 0.1415 0.1415 0.1428 0.1442 
          17  1 0.1416 0.1425 0.1425 0.1446 0.1442 0.1426 0.1420 
          18  1 0.1438 0.1425 0.1426 0.1422 0.1434 0.1428 0.1427 
          19  1 0.1424 0.1428 0.1436 0.1432 0.1422 0.1434 0.1424 
          20  1 0.1427 0.1428 0.1433 0.1432 0.1431 0.1429 0.1420 
          21  1 0.1425 0.1423 0.1429 0.1440 0.1433 0.1427 0.1423 
          22  1 0.1415 0.1430 0.1432 0.1439 0.1434 0.1433 0.1417 
          23  1 0.1426 0.1433 0.1423 0.1435 0.1428 0.1428 0.1427 
          24  1 0.1436 0.1436 0.1426 0.1421 0.1421 0.1425 0.1435 
          25  1 0.1427 0.1430 0.1431 0.1425 0.1420 0.1435 0.1432 
          26  1 0.1429 0.1433 0.1423 0.1430 0.1425 0.1428 0.1432 
          27  1 0.1424 0.1426 0.1431 0.1423 0.1439 0.1425 0.1432 
          28  1 0.1430 0.1430 0.1421 0.1432 0.1425 0.1430 0.1432 
          29  1 0.1423 0.1432 0.1434 0.1413 0.1431 0.1440 0.1427 
          30  1 0.1450 0.1427 0.1419 0.1410 0.1409 0.1428 0.1458 
          31  1 0.1439 0.1427 0.1428 0.1424 0.1416 0.1422 0.1445 
          32  1 0.1455 0.1425 0.1415 0.1408 0.1412 0.1425 0.1459 
          33  1 0.1430 0.1421 0.1430 0.1427 0.1421 0.1430 0.1441 
          34  1 0.1427 0.1430 0.1433 0.1435 0.1426 0.1425 0.1425 
          35  1 0.1426 0.1423 0.1422 0.1452 0.1435 0.1428 0.1414 
          36  1 0.1435 0.1423 0.1427 0.1428 0.1425 0.1430 0.1433 
          37  1 0.1438 0.1423 0.1427 0.1422 0.1422 0.1426 0.1441 
          38  1 0.1418 0.1434 0.1429 0.1434 0.1438 0.1429 0.1418 
          39  1 0.1428 0.1427 0.1433 0.1423 0.1430 0.1420 0.1439 
          40  1 0.1419 0.1428 0.1432 0.1430 0.1433 0.1429 0.1428 
          41  1 0.1437 0.1421 0.1429 0.1418 0.1425 0.1433 0.1437 
          42  1 0.1445 0.1431 0.1427 0.1422 0.1417 0.1424 0.1435 
          43  1 0.1422 0.1422 0.1432 0.1433 0.1433 0.1430 0.1428 
          44  1 0.1431 0.1428 0.1433 0.1428 0.1418 0.1430 0.1432 
          45  1 0.1432 0.1433 0.1429 0.1414 0.1423 0.1433 0.1436 
          46  1 0.1439 0.1427 0.1421 0.1436 0.1422 0.1426 0.1429 
          47  1 0.1444 0.1425 0.1425 0.1415 0.1419 0.1434 0.1438 
          48  1 0.1441 0.1425 0.1427 0.1418 0.1420 0.1425 0.1444 
          49  1 0.1418 0.1428 0.1427 0.1444 0.1442 0.1425 0.1415 
          50  1 0.1430 0.1431 0.1419 0.1426 0.1433 0.1433 0.1426 
          51  1 0.1440 0.1427 0.1428 0.1427 0.1420 0.1430 0.1428 
          52  1 0.1428 0.1436 0.1428 0.1417 0.1436 0.1435 0.1420 
          53  1 0.1426 0.1428 0.1438 0.1426 0.1435 0.1431 0.1417 
          54  1 0.1437 0.1424 0.1422 0.1423 0.1420 0.1431 0.1444 
          55  1 0.1417 0.1429 0.1432 0.1431 0.1441 0.1426 0.1424 
          56  1 0.1425 0.1427 0.1432 0.1416 0.1433 0.1432 0.1436 
          57  1 0.1429 0.1424 0.1430 0.1428 0.1426 0.1426 0.1437 
          58  1 0.1434 0.1427 0.1423 0.1430 0.1427 0.1431 0.1428 
          59  1 0.1439 0.1428 0.1431 0.1424 0.1413 0.1427 0.1438 
          60  1 0.1424 0.1430 0.1427 0.1431 0.1429 0.1430 0.1429 
          61  1 0.1425 0.1431 0.1422 0.1450 0.1430 0.1431 0.1412 
          62  1 0.1426 0.1430 0.1430 0.1435 0.1426 0.1424 0.1429 
          63  1 0.1419 0.1430 0.1433 0.1430 0.1434 0.1429 0.1425 
          64  1 0.1415 0.1429 0.1433 0.1435 0.1443 0.1431 0.1414 
          65  1 0.1412 0.1434 0.1433 0.1429 0.1446 0.1430 0.1416 
          66  1 0.1419 0.1421 0.1431 0.1441 0.1437 0.1431 0.1420 
          67  1 0.1438 0.1421 0.1434 0.1412 0.1422 0.1424 0.1447 
          68  1 0.1431 0.1424 0.1427 0.1427 0.1431 0.1421 0.1439 
          69  1 0.1424 0.1430 0.1429 0.1435 0.1429 0.1424 0.1429 
          70  1 0.1448 0.1418 0.1427 0.1427 0.1409 0.1431 0.1440 
          71  1 0.1412 0.1422 0.1425 0.1473 0.1446 0.1415 0.1407 
          72  1 0.1443 0.1428 0.1426 0.1409 0.1426 0.1431 0.1436 
          73  1 0.1438 0.1433 0.1428 0.1414 0.1420 0.1426 0.1441 
          74  1 0.1416 0.1430 0.1431 0.1433 0.1444 0.1430 0.1416 
          75  1 0.1420 0.1431 0.1440 0.1435 0.1433 0.1429 0.1413 
          76  1 0.1421 0.1430 0.1434 0.1431 0.1442 0.1425 0.1416 
          77  1 0.1428 0.1428 0.1426 0.1434 0.1439 0.1427 0.1418 
          78  1 0.1432 0.1425 0.1420 0.1438 0.1419 0.1429 0.1436 
          79  1 0.1432 0.1430 0.1424 0.1432 0.1429 0.1425 0.1429 
          80  1 0.1430 0.1419 0.1442 0.1419 0.1435 0.1432 0.1424 
          81  1 0.1430 0.1423 0.1431 0.1423 0.1425 0.1437 0.1430 
          82  1 0.1432 0.1424 0.1425 0.1437 0.1424 0.1426 0.1432 
          83  1 0.1447 0.1429 0.1426 0.1411 0.1412 0.1425 0.1448 
          84  1 0.1430 0.1427 0.1429 0.1435 0.1424 0.1428 0.1427 
          85  1 0.1432 0.1422 0.1423 0.1421 0.1433 0.1431 0.1439 
          86  1 0.1421 0.1426 0.1434 0.1439 0.1432 0.1424 0.1424 
          87  1 0.1421 0.1420 0.1433 0.1435 0.1444 0.1431 0.1417 
          88  1 0.1424 0.1424 0.1431 0.1427 0.1444 0.1424 0.1427 
          89  1 0.1436 0.1425 0.1428 0.1425 0.1427 0.1431 0.1427 
          90  1 0.1456 0.1421 0.1426 0.1411 0.1414 0.1417 0.1454 
