           1  1 0.1999 0.2009 0.1997 0.1999 0.1996 
           2  1 0.1987 0.2033 0.1986 0.1998 0.1996 
           3  1 0.2011 0.1975 0.2022 0.1994 0.1998 
           4  1 0.1985 0.1993 0.2011 0.2001 0.2009 
           5  1 0.2007 0.1979 0.2020 0.2000 0.1994 
           6  1 0.1995 0.1992 0.1999 0.2019 0.1996 
           7  1 0.2007 0.1989 0.2014 0.1993 0.1998 
           8  1 0.1990 0.2009 0.1995 0.1998 0.2009 
           9  1 0.1991 0.2032 0.1976 0.1999 0.2002 
          10  1 0.1997 0.2006 0.2000 0.1993 0.2004 
          11  1 0.1994 0.2025 0.1994 0.1994 0.1993 
          12  1 0.1999 0.2005 0.2001 0.1989 0.2006 
          13  1 0.2016 0.1962 0.2031 0.1997 0.1994 
          14  1 0.2021 0.1969 0.2016 0.1999 0.1995 
          15  1 0.2002 0.2014 0.1999 0.1990 0.1995 
          16  1 0.2024 0.1950 0.2025 0.1989 0.2012 
          17  1 0.1993 0.2007 0.1994 0.2006 0.2002 
          18  1 0.1999 0.2004 0.2002 0.1998 0.1997 
          19  1 0.1999 0.2007 0.1987 0.2007 0.2000 
          20  1 0.1997 0.2001 0.1992 0.2003 0.2007 
          21  1 0.1999 0.2010 0.1993 0.2006 0.1992 
          22  1 0.1990 0.2001 0.1993 0.2013 0.2003 
          23  1 0.1996 0.2004 0.2002 0.2008 0.1990 
          24  1 0.2011 0.1974 0.2018 0.1998 0.1999 
          25  1 0.2004 0.1991 0.1996 0.2000 0.2009 
          26  1 0.1998 0.1990 0.2005 0.2015 0.1992 
          27  1 0.1984 0.2008 0.2002 0.1998 0.2008 
          28  1 0.1998 0.1982 0.2020 0.2000 0.2000 
          29  1 0.1997 0.1997 0.1995 0.2003 0.2010 
          30  1 0.2015 0.1947 0.2049 0.1985 0.2003 
          31  1 0.1999 0.1982 0.2024 0.1999 0.1998 
          32  1 0.2034 0.1955 0.2038 0.1979 0.1994 
          33  1 0.2008 0.1989 0.2009 0.1994 0.2000 
          34  1 0.2005 0.2003 0.2001 0.1992 0.1998 
          35  1 0.1990 0.2036 0.1980 0.2005 0.1989 
          36  1 0.2006 0.1990 0.2004 0.2001 0.1999 
          37  1 0.2012 0.1992 0.2004 0.1993 0.1999 
          38  1 0.2000 0.2024 0.1981 0.2007 0.1988 
          39  1 0.1993 0.2009 0.1999 0.1996 0.2004 
          40  1 0.1993 0.2015 0.1993 0.1990 0.2008 
          41  1 0.2002 0.1996 0.2003 0.2004 0.1995 
          42  1 0.2007 0.1974 0.2016 0.1998 0.2005 
          43  1 0.1999 0.2023 0.1986 0.1999 0.1993 
          44  1 0.1992 0.1999 0.1997 0.2008 0.2004 
          45  1 0.2004 0.1987 0.2006 0.2002 0.2001 
          46  1 0.2011 0.1998 0.2006 0.1989 0.1996 
          47  1 0.2014 0.1967 0.2018 0.1986 0.2015 
          48  1 0.2001 0.1985 0.2007 0.1996 0.2011 
          49  1 0.1996 0.2024 0.1982 0.2004 0.1994 
          50  1 0.2001 0.2006 0.1994 0.2006 0.1993 
          51  1 0.2001 0.1990 0.2007 0.2011 0.1991 
          52  1 0.1996 0.2000 0.1994 0.2010 0.2001 
          53  1 0.1993 0.2000 0.1991 0.2016 0.2000 
          54  1 0.2002 0.1983 0.2010 0.1994 0.2010 
          55  1 0.1983 0.2037 0.1981 0.2000 0.1999 
          56  1 0.2005 0.1991 0.1995 0.2002 0.2007 
          57  1 0.2005 0.1991 0.2004 0.1997 0.2003 
          58  1 0.1991 0.2007 0.2002 0.1995 0.2004 
          59  1 0.2011 0.1975 0.2017 0.1999 0.1998 
          60  1 0.2013 0.1995 0.2001 0.2005 0.1986 
          61  1 0.1997 0.2001 0.1992 0.2011 0.1999 
          62  1 0.1999 0.2000 0.2001 0.2002 0.1999 
          63  1 0.1994 0.2022 0.1992 0.2001 0.1991 
          64  1 0.1981 0.2014 0.1989 0.2005 0.2011 
          65  1 0.1980 0.2017 0.1984 0.2005 0.2013 
          66  1 0.2003 0.2025 0.1981 0.1997 0.1995 
          67  1 0.2013 0.1978 0.2010 0.1996 0.2004 
          68  1 0.1992 0.1990 0.2016 0.1992 0.2010 
          69  1 0.1983 0.2050 0.1981 0.1993 0.1994 
          70  1 0.2012 0.1973 0.2023 0.1983 0.2009 
          71  1 0.1995 0.2037 0.1986 0.1998 0.1985 
          72  1 0.2001 0.1981 0.2019 0.1989 0.2009 
          73  1 0.1997 0.1985 0.2012 0.2001 0.2005 
          74  1 0.1990 0.2022 0.1984 0.2004 0.2000 
          75  1 0.1979 0.2039 0.1982 0.2003 0.1996 
          76  1 0.1996 0.2015 0.1985 0.1998 0.2007 
          77  1 0.1995 0.2021 0.1989 0.1999 0.1996 
          78  1 0.2006 0.1982 0.2023 0.1986 0.2003 
          79  1 0.2009 0.1978 0.2015 0.1997 0.2001 
          80  1 0.1995 0.2007 0.1998 0.2002 0.1997 
          81  1 0.2011 0.1981 0.2007 0.1997 0.2004 
          82  1 0.2007 0.2012 0.1997 0.1995 0.1989 
          83  1 0.2018 0.1983 0.2017 0.1981 0.2002 
          84  1 0.2005 0.2002 0.1996 0.1991 0.2007 
          85  1 0.2003 0.1983 0.2012 0.2002 0.2000 
          86  1 0.1999 0.1996 0.1992 0.2005 0.2008 
          87  1 0.1984 0.2045 0.1984 0.1986 0.2001 
          88  1 0.1998 0.1993 0.2009 0.2007 0.1993 
          89  1 0.2002 0.1985 0.2007 0.1996 0.2009 
          90  1 0.2015 0.1965 0.2048 0.1984 0.1989 
