           1  1 0.2485 0.2510 0.2509 0.2496 
           2  1 0.2521 0.2479 0.2494 0.2506 
           3  1 0.2480 0.2516 0.2508 0.2495 
           4  1 0.2508 0.2495 0.2508 0.2490 
           5  1 0.2510 0.2505 0.2509 0.2477 
           6  1 0.2492 0.2491 0.2507 0.2510 
           7  1 0.2493 0.2523 0.2498 0.2487 
           8  1 0.2512 0.2476 0.2506 0.2506 
           9  1 0.2499 0.2478 0.2507 0.2515 
          10  1 0.2495 0.2505 0.2508 0.2493 
          11  1 0.2513 0.2487 0.2502 0.2497 
          12  1 0.2504 0.2482 0.2505 0.2509 
          13  1 0.2484 0.2540 0.2494 0.2481 
          14  1 0.2472 0.2539 0.2492 0.2497 
          15  1 0.2505 0.2513 0.2497 0.2486 
          16  1 0.2499 0.2516 0.2492 0.2493 
          17  1 0.2496 0.2481 0.2509 0.2514 
          18  1 0.2490 0.2504 0.2497 0.2509 
          19  1 0.2508 0.2494 0.2496 0.2502 
          20  1 0.2503 0.2499 0.2512 0.2485 
          21  1 0.2506 0.2491 0.2487 0.2515 
          22  1 0.2491 0.2490 0.2494 0.2525 
          23  1 0.2504 0.2510 0.2492 0.2494 
          24  1 0.2497 0.2520 0.2506 0.2478 
          25  1 0.2517 0.2518 0.2488 0.2477 
          26  1 0.2511 0.2488 0.2502 0.2499 
          27  1 0.2488 0.2510 0.2503 0.2500 
          28  1 0.2493 0.2506 0.2499 0.2502 
          29  1 0.2486 0.2511 0.2493 0.2509 
          30  1 0.2460 0.2554 0.2508 0.2477 
          31  1 0.2488 0.2506 0.2512 0.2494 
          32  1 0.2469 0.2551 0.2504 0.2476 
          33  1 0.2511 0.2513 0.2498 0.2477 
          34  1 0.2494 0.2509 0.2497 0.2501 
          35  1 0.2533 0.2489 0.2483 0.2495 
          36  1 0.2484 0.2502 0.2507 0.2508 
          37  1 0.2497 0.2498 0.2504 0.2500 
          38  1 0.2503 0.2501 0.2473 0.2522 
          39  1 0.2475 0.2499 0.2499 0.2527 
          40  1 0.2500 0.2486 0.2499 0.2515 
          41  1 0.2477 0.2512 0.2488 0.2524 
          42  1 0.2492 0.2513 0.2523 0.2472 
          43  1 0.2514 0.2491 0.2476 0.2519 
          44  1 0.2490 0.2520 0.2509 0.2481 
          45  1 0.2492 0.2502 0.2504 0.2503 
          46  1 0.2494 0.2498 0.2518 0.2490 
          47  1 0.2495 0.2516 0.2499 0.2490 
          48  1 0.2481 0.2523 0.2508 0.2488 
          49  1 0.2509 0.2478 0.2494 0.2519 
          50  1 0.2495 0.2478 0.2495 0.2532 
          51  1 0.2514 0.2512 0.2497 0.2477 
          52  1 0.2497 0.2486 0.2523 0.2493 
          53  1 0.2518 0.2498 0.2503 0.2481 
          54  1 0.2497 0.2523 0.2501 0.2478 
          55  1 0.2522 0.2459 0.2495 0.2524 
          56  1 0.2498 0.2505 0.2498 0.2499 
          57  1 0.2497 0.2501 0.2496 0.2505 
          58  1 0.2509 0.2494 0.2504 0.2494 
          59  1 0.2496 0.2520 0.2507 0.2477 
          60  1 0.2494 0.2508 0.2487 0.2512 
          61  1 0.2501 0.2489 0.2503 0.2507 
          62  1 0.2482 0.2499 0.2510 0.2508 
          63  1 0.2507 0.2496 0.2496 0.2501 
          64  1 0.2505 0.2487 0.2476 0.2532 
          65  1 0.2510 0.2481 0.2494 0.2515 
          66  1 0.2525 0.2482 0.2490 0.2503 
          67  1 0.2499 0.2511 0.2495 0.2496 
          68  1 0.2466 0.2511 0.2515 0.2508 
          69  1 0.2507 0.2482 0.2501 0.2510 
          70  1 0.2499 0.2518 0.2505 0.2477 
          71  1 0.2517 0.2476 0.2506 0.2501 
          72  1 0.2500 0.2514 0.2491 0.2495 
          73  1 0.2495 0.2519 0.2492 0.2494 
          74  1 0.2527 0.2483 0.2485 0.2505 
          75  1 0.2505 0.2466 0.2507 0.2522 
          76  1 0.2497 0.2499 0.2502 0.2501 
          77  1 0.2494 0.2504 0.2508 0.2494 
          78  1 0.2482 0.2511 0.2495 0.2512 
          79  1 0.2503 0.2509 0.2507 0.2481 
          80  1 0.2480 0.2510 0.2511 0.2499 
          81  1 0.2503 0.2502 0.2521 0.2474 
          82  1 0.2488 0.2513 0.2512 0.2488 
          83  1 0.2496 0.2529 0.2506 0.2469 
          84  1 0.2500 0.2515 0.2499 0.2486 
          85  1 0.2492 0.2506 0.2503 0.2499 
          86  1 0.2516 0.2476 0.2504 0.2504 
          87  1 0.2512 0.2499 0.2488 0.2501 
          88  1 0.2490 0.2487 0.2516 0.2507 
          89  1 0.2494 0.2521 0.2490 0.2495 
          90  1 0.2479 0.2546 0.2494 0.2481 
