           1  1 0.1667 0.1660 0.1683 0.1666 0.1662 0.1663 
           2  1 0.1688 0.1657 0.1664 0.1652 0.1679 0.1661 
           3  1 0.1634 0.1662 0.1672 0.1671 0.1659 0.1702 
           4  1 0.1681 0.1667 0.1665 0.1654 0.1664 0.1669 
           5  1 0.1673 0.1671 0.1678 0.1667 0.1644 0.1667 
           6  1 0.1682 0.1675 0.1664 0.1653 0.1673 0.1654 
           7  1 0.1656 0.1653 0.1665 0.1686 0.1660 0.1680 
           8  1 0.1703 0.1659 0.1668 0.1665 0.1656 0.1650 
           9  1 0.1681 0.1668 0.1670 0.1664 0.1658 0.1660 
          10  1 0.1665 0.1658 0.1670 0.1671 0.1658 0.1678 
          11  1 0.1674 0.1662 0.1661 0.1657 0.1677 0.1669 
          12  1 0.1671 0.1663 0.1662 0.1672 0.1666 0.1666 
          13  1 0.1629 0.1646 0.1673 0.1700 0.1648 0.1704 
          14  1 0.1644 0.1647 0.1674 0.1690 0.1648 0.1697 
          15  1 0.1681 0.1657 0.1647 0.1656 0.1683 0.1675 
          16  1 0.1634 0.1667 0.1670 0.1697 0.1647 0.1686 
          17  1 0.1680 0.1667 0.1667 0.1666 0.1673 0.1646 
          18  1 0.1652 0.1679 0.1659 0.1664 0.1672 0.1673 
          19  1 0.1676 0.1664 0.1666 0.1661 0.1662 0.1671 
          20  1 0.1657 0.1665 0.1683 0.1668 0.1666 0.1661 
          21  1 0.1693 0.1649 0.1659 0.1667 0.1661 0.1669 
          22  1 0.1701 0.1674 0.1654 0.1655 0.1669 0.1647 
          23  1 0.1662 0.1654 0.1673 0.1661 0.1673 0.1677 
          24  1 0.1648 0.1674 0.1667 0.1668 0.1666 0.1677 
          25  1 0.1671 0.1682 0.1655 0.1666 0.1663 0.1661 
          26  1 0.1668 0.1682 0.1662 0.1656 0.1674 0.1657 
          27  1 0.1635 0.1679 0.1673 0.1675 0.1662 0.1676 
          28  1 0.1667 0.1643 0.1676 0.1665 0.1662 0.1687 
          29  1 0.1666 0.1663 0.1665 0.1672 0.1663 0.1672 
          30  1 0.1615 0.1652 0.1664 0.1695 0.1670 0.1704 
          31  1 0.1637 0.1666 0.1677 0.1674 0.1662 0.1684 
          32  1 0.1608 0.1646 0.1681 0.1690 0.1659 0.1717 
          33  1 0.1659 0.1668 0.1665 0.1678 0.1654 0.1677 
          34  1 0.1670 0.1663 0.1666 0.1669 0.1660 0.1673 
          35  1 0.1660 0.1666 0.1659 0.1664 0.1687 0.1664 
          36  1 0.1657 0.1670 0.1669 0.1678 0.1659 0.1666 
          37  1 0.1653 0.1658 0.1667 0.1683 0.1665 0.1675 
          38  1 0.1689 0.1680 0.1666 0.1652 0.1678 0.1636 
          39  1 0.1687 0.1670 0.1645 0.1678 0.1657 0.1662 
          40  1 0.1681 0.1661 0.1669 0.1656 0.1663 0.1670 
          41  1 0.1667 0.1656 0.1655 0.1683 0.1656 0.1683 
          42  1 0.1639 0.1668 0.1678 0.1678 0.1660 0.1676 
          43  1 0.1682 0.1647 0.1658 0.1672 0.1680 0.1661 
          44  1 0.1657 0.1659 0.1664 0.1668 0.1672 0.1680 
          45  1 0.1667 0.1660 0.1671 0.1674 0.1656 0.1672 
          46  1 0.1634 0.1657 0.1670 0.1683 0.1668 0.1687 
          47  1 0.1625 0.1656 0.1684 0.1688 0.1656 0.1690 
          48  1 0.1631 0.1655 0.1679 0.1676 0.1664 0.1695 
          49  1 0.1680 0.1660 0.1675 0.1658 0.1662 0.1664 
          50  1 0.1686 0.1660 0.1664 0.1666 0.1657 0.1666 
          51  1 0.1678 0.1665 0.1659 0.1665 0.1664 0.1671 
          52  1 0.1691 0.1668 0.1658 0.1659 0.1663 0.1661 
          53  1 0.1663 0.1671 0.1667 0.1668 0.1668 0.1664 
          54  1 0.1639 0.1671 0.1673 0.1680 0.1667 0.1670 
          55  1 0.1685 0.1663 0.1676 0.1653 0.1673 0.1650 
          56  1 0.1644 0.1643 0.1678 0.1664 0.1692 0.1680 
          57  1 0.1661 0.1665 0.1664 0.1659 0.1663 0.1689 
          58  1 0.1665 0.1665 0.1668 0.1657 0.1672 0.1674 
          59  1 0.1661 0.1666 0.1669 0.1683 0.1657 0.1664 
          60  1 0.1671 0.1674 0.1665 0.1677 0.1658 0.1656 
          61  1 0.1673 0.1669 0.1664 0.1668 0.1660 0.1666 
          62  1 0.1657 0.1662 0.1678 0.1660 0.1678 0.1665 
          63  1 0.1674 0.1669 0.1659 0.1658 0.1681 0.1660 
          64  1 0.1697 0.1672 0.1656 0.1654 0.1672 0.1649 
          65  1 0.1692 0.1667 0.1663 0.1650 0.1667 0.1661 
          66  1 0.1689 0.1674 0.1666 0.1640 0.1677 0.1654 
          67  1 0.1639 0.1678 0.1661 0.1674 0.1660 0.1689 
          68  1 0.1637 0.1648 0.1689 0.1692 0.1642 0.1693 
          69  1 0.1687 0.1672 0.1658 0.1656 0.1668 0.1658 
          70  1 0.1623 0.1657 0.1666 0.1701 0.1663 0.1689 
          71  1 0.1685 0.1674 0.1653 0.1663 0.1681 0.1644 
          72  1 0.1632 0.1670 0.1672 0.1685 0.1656 0.1685 
          73  1 0.1650 0.1661 0.1656 0.1687 0.1670 0.1677 
          74  1 0.1667 0.1675 0.1658 0.1651 0.1695 0.1653 
          75  1 0.1694 0.1673 0.1666 0.1654 0.1674 0.1639 
          76  1 0.1673 0.1671 0.1659 0.1665 0.1677 0.1655 
          77  1 0.1673 0.1681 0.1673 0.1646 0.1670 0.1656 
          78  1 0.1649 0.1661 0.1668 0.1694 0.1649 0.1678 
          79  1 0.1663 0.1652 0.1659 0.1681 0.1681 0.1664 
          80  1 0.1656 0.1675 0.1660 0.1671 0.1668 0.1670 
          81  1 0.1666 0.1656 0.1673 0.1680 0.1667 0.1657 
          82  1 0.1669 0.1658 0.1659 0.1670 0.1679 0.1665 
          83  1 0.1643 0.1660 0.1664 0.1693 0.1651 0.1689 
          84  1 0.1663 0.1651 0.1667 0.1666 0.1666 0.1687 
          85  1 0.1642 0.1659 0.1668 0.1670 0.1697 0.1665 
          86  1 0.1675 0.1668 0.1663 0.1667 0.1685 0.1643 
          87  1 0.1697 0.1671 0.1668 0.1634 0.1676 0.1654 
          88  1 0.1683 0.1683 0.1652 0.1656 0.1677 0.1650 
          89  1 0.1662 0.1649 0.1673 0.1668 0.1661 0.1686 
          90  1 0.1633 0.1643 0.1668 0.1711 0.1646 0.1700 
