           1  1 0.1390 0.1455 0.1452 0.1424 0.1415 0.1450 0.1413 
           2  1 0.1422 0.1404 0.1427 0.1455 0.1426 0.1405 0.1462 
           3  1 0.1392 0.1384 0.1511 0.1417 0.1374 0.1406 0.1517 
           4  1 0.1397 0.1444 0.1468 0.1398 0.1415 0.1425 0.1453 
           5  1 0.1393 0.1384 0.1477 0.1387 0.1435 0.1463 0.1461 
           6  1 0.1459 0.1420 0.1411 0.1432 0.1457 0.1400 0.1421 
           7  1 0.1393 0.1375 0.1488 0.1456 0.1383 0.1453 0.1452 
           8  1 0.1475 0.1492 0.1385 0.1400 0.1427 0.1422 0.1400 
           9  1 0.1449 0.1497 0.1385 0.1476 0.1397 0.1429 0.1367 
          10  1 0.1407 0.1401 0.1423 0.1452 0.1434 0.1438 0.1445 
          11  1 0.1419 0.1476 0.1409 0.1407 0.1441 0.1431 0.1419 
          12  1 0.1435 0.1424 0.1430 0.1428 0.1429 0.1423 0.1431 
          13  1 0.1373 0.1396 0.1501 0.1392 0.1384 0.1476 0.1478 
          14  1 0.1430 0.1404 0.1461 0.1393 0.1391 0.1443 0.1479 
          15  1 0.1425 0.1401 0.1446 0.1444 0.1426 0.1431 0.1428 
          16  1 0.1382 0.1382 0.1505 0.1380 0.1416 0.1430 0.1507 
          17  1 0.1452 0.1429 0.1424 0.1426 0.1429 0.1407 0.1434 
          18  1 0.1424 0.1407 0.1465 0.1413 0.1417 0.1431 0.1444 
          19  1 0.1421 0.1440 0.1408 0.1434 0.1417 0.1446 0.1434 
          20  1 0.1445 0.1429 0.1458 0.1395 0.1409 0.1434 0.1431 
          21  1 0.1472 0.1432 0.1411 0.1428 0.1411 0.1441 0.1404 
          22  1 0.1539 0.1454 0.1412 0.1414 0.1425 0.1405 0.1351 
          23  1 0.1414 0.1434 0.1429 0.1443 0.1424 0.1421 0.1436 
          24  1 0.1401 0.1429 0.1450 0.1417 0.1438 0.1400 0.1466 
          25  1 0.1440 0.1439 0.1414 0.1442 0.1442 0.1408 0.1415 
          26  1 0.1451 0.1423 0.1445 0.1410 0.1403 0.1423 0.1444 
          27  1 0.1404 0.1420 0.1441 0.1407 0.1437 0.1459 0.1431 
          28  1 0.1415 0.1420 0.1445 0.1399 0.1432 0.1429 0.1458 
          29  1 0.1387 0.1391 0.1454 0.1478 0.1458 0.1397 0.1436 
          30  1 0.1398 0.1343 0.1490 0.1388 0.1419 0.1426 0.1536 
          31  1 0.1360 0.1418 0.1481 0.1388 0.1427 0.1458 0.1468 
          32  1 0.1342 0.1353 0.1506 0.1370 0.1391 0.1488 0.1549 
          33  1 0.1404 0.1380 0.1479 0.1397 0.1406 0.1460 0.1472 
          34  1 0.1422 0.1442 0.1418 0.1441 0.1452 0.1426 0.1400 
          35  1 0.1492 0.1425 0.1375 0.1489 0.1407 0.1403 0.1410 
          36  1 0.1469 0.1442 0.1429 0.1395 0.1412 0.1436 0.1418 
          37  1 0.1391 0.1402 0.1461 0.1386 0.1450 0.1443 0.1466 
          38  1 0.1427 0.1452 0.1399 0.1452 0.1440 0.1432 0.1398 
          39  1 0.1470 0.1457 0.1388 0.1414 0.1420 0.1433 0.1418 
          40  1 0.1474 0.1461 0.1386 0.1396 0.1431 0.1472 0.1380 
          41  1 0.1419 0.1447 0.1444 0.1409 0.1389 0.1446 0.1446 
          42  1 0.1387 0.1384 0.1439 0.1459 0.1409 0.1436 0.1488 
          43  1 0.1428 0.1437 0.1410 0.1402 0.1424 0.1460 0.1440 
          44  1 0.1404 0.1412 0.1464 0.1421 0.1428 0.1441 0.1431 
          45  1 0.1517 0.1418 0.1395 0.1389 0.1426 0.1444 0.1410 
          46  1 0.1423 0.1392 0.1456 0.1479 0.1399 0.1422 0.1427 
          47  1 0.1385 0.1388 0.1472 0.1430 0.1379 0.1467 0.1480 
          48  1 0.1352 0.1423 0.1444 0.1457 0.1423 0.1448 0.1453 
          49  1 0.1455 0.1393 0.1417 0.1460 0.1430 0.1418 0.1426 
          50  1 0.1468 0.1453 0.1396 0.1421 0.1420 0.1409 0.1433 
          51  1 0.1448 0.1431 0.1439 0.1448 0.1418 0.1399 0.1416 
          52  1 0.1464 0.1427 0.1410 0.1447 0.1424 0.1398 0.1430 
          53  1 0.1427 0.1418 0.1420 0.1421 0.1417 0.1436 0.1461 
          54  1 0.1400 0.1385 0.1482 0.1428 0.1421 0.1417 0.1467 
          55  1 0.1471 0.1485 0.1399 0.1457 0.1424 0.1382 0.1382 
          56  1 0.1415 0.1409 0.1426 0.1450 0.1435 0.1426 0.1438 
          57  1 0.1390 0.1401 0.1458 0.1413 0.1427 0.1451 0.1461 
          58  1 0.1409 0.1423 0.1420 0.1430 0.1427 0.1443 0.1449 
          59  1 0.1412 0.1398 0.1429 0.1443 0.1416 0.1437 0.1465 
          60  1 0.1368 0.1408 0.1469 0.1458 0.1457 0.1435 0.1405 
          61  1 0.1453 0.1391 0.1420 0.1437 0.1411 0.1434 0.1453 
          62  1 0.1423 0.1416 0.1416 0.1424 0.1459 0.1415 0.1448 
          63  1 0.1458 0.1458 0.1409 0.1444 0.1439 0.1387 0.1405 
          64  1 0.1494 0.1503 0.1369 0.1400 0.1437 0.1428 0.1368 
          65  1 0.1434 0.1515 0.1390 0.1435 0.1421 0.1427 0.1379 
          66  1 0.1414 0.1471 0.1362 0.1476 0.1474 0.1394 0.1409 
          67  1 0.1407 0.1415 0.1493 0.1391 0.1398 0.1439 0.1459 
          68  1 0.1473 0.1487 0.1399 0.1374 0.1404 0.1427 0.1436 
          69  1 0.1460 0.1516 0.1381 0.1434 0.1430 0.1423 0.1357 
          70  1 0.1391 0.1387 0.1491 0.1387 0.1399 0.1451 0.1495 
          71  1 0.1487 0.1432 0.1374 0.1514 0.1429 0.1401 0.1363 
          72  1 0.1378 0.1389 0.1458 0.1390 0.1424 0.1481 0.1480 
          73  1 0.1407 0.1368 0.1482 0.1424 0.1407 0.1446 0.1466 
          74  1 0.1395 0.1465 0.1405 0.1451 0.1470 0.1415 0.1400 
          75  1 0.1471 0.1478 0.1361 0.1414 0.1499 0.1412 0.1364 
          76  1 0.1374 0.1449 0.1396 0.1440 0.1472 0.1451 0.1417 
          77  1 0.1450 0.1432 0.1425 0.1461 0.1421 0.1413 0.1398 
          78  1 0.1449 0.1439 0.1450 0.1421 0.1381 0.1420 0.1440 
          79  1 0.1415 0.1432 0.1439 0.1416 0.1397 0.1441 0.1461 
          80  1 0.1404 0.1454 0.1420 0.1466 0.1437 0.1406 0.1413 
          81  1 0.1433 0.1404 0.1467 0.1412 0.1404 0.1411 0.1468 
          82  1 0.1424 0.1404 0.1457 0.1487 0.1419 0.1385 0.1425 
          83  1 0.1343 0.1395 0.1498 0.1426 0.1405 0.1450 0.1484 
          84  1 0.1413 0.1405 0.1444 0.1452 0.1380 0.1449 0.1457 
          85  1 0.1388 0.1421 0.1458 0.1406 0.1417 0.1435 0.1475 
          86  1 0.1420 0.1419 0.1418 0.1462 0.1461 0.1417 0.1402 
          87  1 0.1399 0.1484 0.1342 0.1541 0.1454 0.1412 0.1368 
          88  1 0.1418 0.1459 0.1428 0.1409 0.1435 0.1419 0.1433 
          89  1 0.1378 0.1419 0.1457 0.1406 0.1441 0.1444 0.1455 
          90  1 0.1321 0.1336 0.1559 0.1408 0.1373 0.1450 0.1552 
