           1  1 0.1241 0.1253 0.1258 0.1255 0.1250 0.1247 0.1250 0.1246 
           2  1 0.1247 0.1232 0.1263 0.1247 0.1232 0.1259 0.1249 0.1270 
           3  1 0.1257 0.1265 0.1255 0.1263 0.1266 0.1236 0.1233 0.1224 
           4  1 0.1251 0.1251 0.1245 0.1259 0.1236 0.1261 0.1252 0.1245 
           5  1 0.1244 0.1251 0.1255 0.1254 0.1259 0.1252 0.1241 0.1244 
           6  1 0.1242 0.1253 0.1252 0.1252 0.1241 0.1250 0.1246 0.1265 
           7  1 0.1253 0.1252 0.1240 0.1249 0.1272 0.1239 0.1251 0.1244 
           8  1 0.1250 0.1250 0.1252 0.1244 0.1242 0.1247 0.1253 0.1261 
           9  1 0.1254 0.1240 0.1251 0.1257 0.1232 0.1252 0.1257 0.1258 
          10  1 0.1244 0.1247 0.1258 0.1260 0.1246 0.1250 0.1251 0.1243 
          11  1 0.1247 0.1245 0.1250 0.1260 0.1240 0.1255 0.1242 0.1261 
          12  1 0.1256 0.1252 0.1244 0.1253 0.1254 0.1247 0.1252 0.1243 
          13  1 0.1248 0.1260 0.1241 0.1251 0.1280 0.1234 0.1254 0.1232 
          14  1 0.1256 0.1261 0.1257 0.1246 0.1287 0.1224 0.1240 0.1230 
          15  1 0.1245 0.1250 0.1258 0.1246 0.1245 0.1244 0.1247 0.1264 
          16  1 0.1246 0.1255 0.1248 0.1248 0.1275 0.1237 0.1248 0.1242 
          17  1 0.1252 0.1247 0.1248 0.1252 0.1244 0.1261 0.1250 0.1246 
          18  1 0.1249 0.1247 0.1250 0.1251 0.1245 0.1247 0.1250 0.1260 
          19  1 0.1243 0.1253 0.1256 0.1245 0.1244 0.1239 0.1253 0.1267 
          20  1 0.1238 0.1249 0.1251 0.1253 0.1241 0.1246 0.1256 0.1267 
          21  1 0.1261 0.1251 0.1248 0.1239 0.1243 0.1244 0.1252 0.1262 
          22  1 0.1250 0.1258 0.1240 0.1252 0.1247 0.1257 0.1245 0.1251 
          23  1 0.1250 0.1252 0.1247 0.1249 0.1240 0.1251 0.1264 0.1247 
          24  1 0.1252 0.1251 0.1250 0.1257 0.1263 0.1255 0.1250 0.1223 
          25  1 0.1243 0.1251 0.1244 0.1250 0.1244 0.1271 0.1245 0.1252 
          26  1 0.1257 0.1256 0.1243 0.1259 0.1249 0.1253 0.1246 0.1237 
          27  1 0.1247 0.1252 0.1251 0.1259 0.1259 0.1237 0.1251 0.1243 
          28  1 0.1251 0.1250 0.1254 0.1249 0.1262 0.1253 0.1251 0.1231 
          29  1 0.1246 0.1257 0.1253 0.1258 0.1254 0.1249 0.1242 0.1242 
          30  1 0.1259 0.1272 0.1257 0.1242 0.1279 0.1234 0.1236 0.1222 
          31  1 0.1246 0.1258 0.1258 0.1259 0.1257 0.1237 0.1252 0.1234 
          32  1 0.1255 0.1268 0.1250 0.1249 0.1294 0.1226 0.1241 0.1217 
          33  1 0.1253 0.1255 0.1248 0.1260 0.1252 0.1247 0.1244 0.1239 
          34  1 0.1247 0.1250 0.1251 0.1245 0.1241 0.1244 0.1260 0.1264 
          35  1 0.1245 0.1248 0.1253 0.1250 0.1235 0.1261 0.1255 0.1253 
          36  1 0.1247 0.1257 0.1254 0.1256 0.1259 0.1243 0.1247 0.1235 
          37  1 0.1248 0.1265 0.1261 0.1233 0.1249 0.1243 0.1244 0.1256 
          38  1 0.1245 0.1244 0.1243 0.1249 0.1242 0.1260 0.1253 0.1264 
          39  1 0.1257 0.1246 0.1256 0.1247 0.1258 0.1240 0.1236 0.1260 
          40  1 0.1252 0.1252 0.1247 0.1255 0.1244 0.1254 0.1245 0.1250 
          41  1 0.1265 0.1242 0.1254 0.1250 0.1257 0.1231 0.1250 0.1251 
          42  1 0.1255 0.1257 0.1253 0.1256 0.1270 0.1229 0.1244 0.1237 
          43  1 0.1257 0.1247 0.1247 0.1244 0.1241 0.1253 0.1258 0.1252 
          44  1 0.1242 0.1240 0.1247 0.1252 0.1253 0.1249 0.1250 0.1268 
          45  1 0.1244 0.1249 0.1246 0.1248 0.1246 0.1242 0.1261 0.1262 
          46  1 0.1249 0.1255 0.1246 0.1243 0.1262 0.1246 0.1255 0.1243 
          47  1 0.1250 0.1253 0.1256 0.1255 0.1265 0.1232 0.1250 0.1239 
          48  1 0.1255 0.1249 0.1251 0.1251 0.1270 0.1234 0.1249 0.1242 
          49  1 0.1259 0.1259 0.1243 0.1250 0.1234 0.1267 0.1241 0.1247 
          50  1 0.1253 0.1254 0.1252 0.1244 0.1242 0.1251 0.1251 0.1253 
          51  1 0.1246 0.1255 0.1252 0.1254 0.1255 0.1248 0.1250 0.1240 
          52  1 0.1250 0.1248 0.1245 0.1239 0.1249 0.1248 0.1261 0.1258 
          53  1 0.1249 0.1250 0.1257 0.1247 0.1246 0.1255 0.1241 0.1255 
          54  1 0.1248 0.1257 0.1254 0.1247 0.1271 0.1242 0.1244 0.1236 
          55  1 0.1251 0.1236 0.1253 0.1247 0.1216 0.1256 0.1243 0.1298 
          56  1 0.1249 0.1256 0.1246 0.1238 0.1260 0.1259 0.1254 0.1237 
          57  1 0.1254 0.1269 0.1251 0.1245 0.1258 0.1243 0.1245 0.1234 
          58  1 0.1245 0.1243 0.1248 0.1243 0.1242 0.1254 0.1259 0.1266 
          59  1 0.1255 0.1253 0.1249 0.1261 0.1269 0.1246 0.1239 0.1229 
          60  1 0.1247 0.1254 0.1252 0.1243 0.1250 0.1253 0.1251 0.1250 
          61  1 0.1249 0.1256 0.1246 0.1260 0.1244 0.1253 0.1242 0.1251 
          62  1 0.1249 0.1259 0.1248 0.1256 0.1261 0.1247 0.1245 0.1236 
          63  1 0.1241 0.1230 0.1248 0.1253 0.1236 0.1253 0.1256 0.1284 
          64  1 0.1255 0.1235 0.1243 0.1250 0.1240 0.1253 0.1263 0.1261 
          65  1 0.1243 0.1248 0.1255 0.1255 0.1237 0.1259 0.1247 0.1256 
          66  1 0.1240 0.1243 0.1238 0.1245 0.1229 0.1266 0.1257 0.1282 
          67  1 0.1246 0.1260 0.1252 0.1248 0.1257 0.1244 0.1255 0.1238 
          68  1 0.1257 0.1251 0.1254 0.1242 0.1267 0.1233 0.1259 0.1240 
          69  1 0.1254 0.1246 0.1242 0.1240 0.1237 0.1260 0.1250 0.1271 
          70  1 0.1258 0.1261 0.1246 0.1252 0.1274 0.1234 0.1248 0.1226 
          71  1 0.1247 0.1246 0.1242 0.1255 0.1233 0.1267 0.1250 0.1259 
          72  1 0.1245 0.1256 0.1257 0.1241 0.1267 0.1232 0.1248 0.1253 
          73  1 0.1247 0.1263 0.1253 0.1245 0.1267 0.1243 0.1254 0.1229 
          74  1 0.1247 0.1231 0.1245 0.1248 0.1231 0.1265 0.1253 0.1280 
          75  1 0.1247 0.1238 0.1254 0.1242 0.1212 0.1252 0.1258 0.1297 
          76  1 0.1245 0.1238 0.1240 0.1253 0.1243 0.1269 0.1253 0.1259 
          77  1 0.1247 0.1253 0.1254 0.1252 0.1239 0.1255 0.1251 0.1249 
          78  1 0.1260 0.1259 0.1253 0.1252 0.1264 0.1233 0.1242 0.1237 
          79  1 0.1254 0.1261 0.1246 0.1257 0.1261 0.1235 0.1245 0.1240 
          80  1 0.1254 0.1236 0.1243 0.1256 0.1255 0.1242 0.1260 0.1254 
          81  1 0.1267 0.1260 0.1232 0.1253 0.1256 0.1244 0.1246 0.1242 
          82  1 0.1252 0.1250 0.1246 0.1249 0.1261 0.1251 0.1246 0.1245 
          83  1 0.1241 0.1251 0.1255 0.1237 0.1281 0.1242 0.1245 0.1248 
          84  1 0.1256 0.1245 0.1254 0.1244 0.1248 0.1244 0.1254 0.1254 
          85  1 0.1250 0.1244 0.1249 0.1251 0.1256 0.1248 0.1250 0.1252 
          86  1 0.1256 0.1248 0.1251 0.1238 0.1257 0.1243 0.1249 0.1258 
          87  1 0.1250 0.1239 0.1245 0.1247 0.1226 0.1270 0.1244 0.1279 
          88  1 0.1247 0.1239 0.1246 0.1251 0.1246 0.1265 0.1258 0.1248 
          89  1 0.1249 0.1259 0.1253 0.1256 0.1261 0.1235 0.1248 0.1239 
          90  1 0.1259 0.1268 0.1248 0.1235 0.1292 0.1232 0.1246 0.1219 
