           1  1 0.1250 0.1247 0.1249 0.1254 0.1251 0.1254 0.1244 0.1250 
           2  1 0.1253 0.1255 0.1255 0.1257 0.1247 0.1236 0.1247 0.1250 
           3  1 0.1234 0.1265 0.1232 0.1263 0.1253 0.1262 0.1238 0.1253 
           4  1 0.1255 0.1251 0.1256 0.1244 0.1248 0.1250 0.1248 0.1250 
           5  1 0.1246 0.1251 0.1242 0.1260 0.1250 0.1251 0.1246 0.1254 
           6  1 0.1271 0.1242 0.1257 0.1249 0.1249 0.1245 0.1240 0.1247 
           7  1 0.1256 0.1253 0.1243 0.1248 0.1247 0.1256 0.1248 0.1247 
           8  1 0.1257 0.1235 0.1271 0.1244 0.1253 0.1240 0.1254 0.1244 
           9  1 0.1255 0.1252 0.1237 0.1249 0.1257 0.1246 0.1257 0.1247 
          10  1 0.1253 0.1250 0.1252 0.1255 0.1248 0.1247 0.1247 0.1248 
          11  1 0.1260 0.1254 0.1246 0.1254 0.1249 0.1245 0.1242 0.1250 
          12  1 0.1238 0.1245 0.1259 0.1246 0.1257 0.1243 0.1265 0.1248 
          13  1 0.1226 0.1253 0.1257 0.1248 0.1249 0.1269 0.1253 0.1246 
          14  1 0.1231 0.1261 0.1244 0.1256 0.1254 0.1261 0.1247 0.1247 
          15  1 0.1240 0.1253 0.1240 0.1252 0.1256 0.1254 0.1250 0.1255 
          16  1 0.1235 0.1254 0.1239 0.1259 0.1255 0.1261 0.1240 0.1257 
          17  1 0.1246 0.1261 0.1236 0.1260 0.1257 0.1247 0.1246 0.1248 
          18  1 0.1237 0.1259 0.1241 0.1260 0.1251 0.1257 0.1245 0.1251 
          19  1 0.1266 0.1247 0.1248 0.1244 0.1253 0.1246 0.1254 0.1241 
          20  1 0.1258 0.1251 0.1264 0.1251 0.1250 0.1240 0.1246 0.1240 
          21  1 0.1251 0.1243 0.1272 0.1243 0.1250 0.1241 0.1261 0.1238 
          22  1 0.1257 0.1243 0.1255 0.1249 0.1246 0.1243 0.1267 0.1239 
          23  1 0.1247 0.1248 0.1243 0.1249 0.1253 0.1250 0.1257 0.1253 
          24  1 0.1249 0.1249 0.1245 0.1253 0.1253 0.1254 0.1242 0.1254 
          25  1 0.1262 0.1245 0.1248 0.1254 0.1250 0.1247 0.1249 0.1244 
          26  1 0.1248 0.1250 0.1241 0.1259 0.1249 0.1250 0.1241 0.1261 
          27  1 0.1238 0.1253 0.1236 0.1265 0.1253 0.1257 0.1242 0.1255 
          28  1 0.1239 0.1251 0.1242 0.1257 0.1251 0.1260 0.1248 0.1252 
          29  1 0.1249 0.1249 0.1245 0.1256 0.1251 0.1257 0.1248 0.1246 
          30  1 0.1222 0.1261 0.1232 0.1250 0.1255 0.1265 0.1251 0.1264 
          31  1 0.1242 0.1255 0.1238 0.1251 0.1255 0.1262 0.1241 0.1256 
          32  1 0.1208 0.1255 0.1230 0.1255 0.1258 0.1273 0.1247 0.1274 
          33  1 0.1241 0.1252 0.1244 0.1257 0.1245 0.1254 0.1253 0.1254 
          34  1 0.1249 0.1245 0.1246 0.1253 0.1252 0.1255 0.1251 0.1248 
          35  1 0.1259 0.1238 0.1260 0.1242 0.1257 0.1241 0.1270 0.1232 
          36  1 0.1242 0.1249 0.1244 0.1250 0.1262 0.1256 0.1251 0.1245 
          37  1 0.1236 0.1256 0.1251 0.1246 0.1252 0.1253 0.1251 0.1255 
          38  1 0.1257 0.1255 0.1252 0.1246 0.1246 0.1247 0.1257 0.1239 
          39  1 0.1235 0.1248 0.1278 0.1248 0.1250 0.1249 0.1245 0.1246 
          40  1 0.1252 0.1253 0.1263 0.1248 0.1253 0.1239 0.1248 0.1244 
          41  1 0.1248 0.1245 0.1252 0.1248 0.1251 0.1255 0.1252 0.1248 
          42  1 0.1241 0.1254 0.1235 0.1249 0.1255 0.1265 0.1247 0.1255 
          43  1 0.1254 0.1244 0.1262 0.1258 0.1245 0.1244 0.1251 0.1242 
          44  1 0.1253 0.1255 0.1239 0.1253 0.1248 0.1264 0.1245 0.1243 
          45  1 0.1235 0.1249 0.1274 0.1250 0.1245 0.1252 0.1247 0.1247 
          46  1 0.1251 0.1250 0.1252 0.1245 0.1253 0.1249 0.1252 0.1247 
          47  1 0.1250 0.1249 0.1244 0.1254 0.1247 0.1256 0.1249 0.1252 
          48  1 0.1242 0.1254 0.1240 0.1253 0.1254 0.1252 0.1246 0.1259 
          49  1 0.1255 0.1251 0.1250 0.1252 0.1250 0.1242 0.1255 0.1246 
          50  1 0.1252 0.1244 0.1249 0.1249 0.1248 0.1250 0.1259 0.1249 
          51  1 0.1239 0.1251 0.1244 0.1256 0.1247 0.1255 0.1255 0.1254 
          52  1 0.1245 0.1248 0.1240 0.1260 0.1258 0.1247 0.1247 0.1254 
          53  1 0.1245 0.1257 0.1256 0.1240 0.1244 0.1253 0.1256 0.1249 
          54  1 0.1248 0.1258 0.1232 0.1245 0.1250 0.1261 0.1247 0.1259 
          55  1 0.1265 0.1241 0.1279 0.1256 0.1247 0.1239 0.1239 0.1234 
          56  1 0.1242 0.1256 0.1243 0.1254 0.1250 0.1252 0.1249 0.1254 
          57  1 0.1246 0.1258 0.1248 0.1251 0.1247 0.1253 0.1242 0.1255 
          58  1 0.1259 0.1246 0.1253 0.1253 0.1247 0.1251 0.1243 0.1249 
          59  1 0.1246 0.1255 0.1240 0.1247 0.1258 0.1257 0.1240 0.1258 
          60  1 0.1255 0.1255 0.1257 0.1249 0.1244 0.1248 0.1241 0.1252 
          61  1 0.1254 0.1243 0.1244 0.1262 0.1260 0.1246 0.1241 0.1250 
          62  1 0.1254 0.1253 0.1242 0.1259 0.1242 0.1249 0.1252 0.1249 
          63  1 0.1250 0.1247 0.1275 0.1249 0.1244 0.1239 0.1255 0.1241 
          64  1 0.1269 0.1241 0.1269 0.1243 0.1242 0.1227 0.1267 0.1244 
          65  1 0.1260 0.1241 0.1263 0.1247 0.1249 0.1241 0.1251 0.1248 
          66  1 0.1272 0.1243 0.1270 0.1244 0.1246 0.1237 0.1246 0.1242 
          67  1 0.1247 0.1250 0.1252 0.1251 0.1245 0.1257 0.1249 0.1250 
          68  1 0.1232 0.1243 0.1259 0.1250 0.1255 0.1263 0.1254 0.1244 
          69  1 0.1258 0.1245 0.1258 0.1251 0.1255 0.1236 0.1249 0.1248 
          70  1 0.1230 0.1253 0.1239 0.1256 0.1250 0.1264 0.1255 0.1253 
          71  1 0.1277 0.1250 0.1257 0.1247 0.1248 0.1231 0.1253 0.1236 
          72  1 0.1239 0.1254 0.1242 0.1255 0.1249 0.1259 0.1242 0.1260 
          73  1 0.1231 0.1255 0.1241 0.1250 0.1259 0.1254 0.1248 0.1261 
          74  1 0.1247 0.1250 0.1260 0.1245 0.1255 0.1246 0.1246 0.1250 
          75  1 0.1258 0.1242 0.1274 0.1249 0.1241 0.1240 0.1259 0.1236 
          76  1 0.1258 0.1253 0.1250 0.1257 0.1248 0.1244 0.1237 0.1253 
          77  1 0.1262 0.1245 0.1258 0.1252 0.1253 0.1237 0.1244 0.1250 
          78  1 0.1245 0.1253 0.1243 0.1251 0.1257 0.1253 0.1249 0.1249 
          79  1 0.1244 0.1258 0.1240 0.1253 0.1246 0.1254 0.1246 0.1258 
          80  1 0.1248 0.1247 0.1256 0.1248 0.1249 0.1250 0.1248 0.1253 
          81  1 0.1237 0.1253 0.1241 0.1256 0.1250 0.1260 0.1240 0.1263 
          82  1 0.1255 0.1251 0.1241 0.1247 0.1257 0.1250 0.1245 0.1253 
          83  1 0.1230 0.1253 0.1242 0.1245 0.1250 0.1262 0.1253 0.1264 
          84  1 0.1265 0.1249 0.1253 0.1244 0.1247 0.1250 0.1248 0.1244 
          85  1 0.1249 0.1251 0.1253 0.1251 0.1254 0.1249 0.1246 0.1246 
          86  1 0.1260 0.1247 0.1253 0.1246 0.1251 0.1246 0.1250 0.1246 
          87  1 0.1257 0.1235 0.1272 0.1247 0.1247 0.1241 0.1250 0.1249 
          88  1 0.1270 0.1243 0.1260 0.1249 0.1250 0.1243 0.1239 0.1246 
          89  1 0.1247 0.1249 0.1247 0.1253 0.1255 0.1252 0.1245 0.1252 
          90  1 0.1228 0.1255 0.1240 0.1250 0.1253 0.1271 0.1253 0.1249 
