           1  1 0.3343 0.3330 0.3327 
           2  1 0.3320 0.3340 0.3339 
           3  1 0.3361 0.3320 0.3319 
           4  1 0.3331 0.3331 0.3338 
           5  1 0.3332 0.3344 0.3325 
           6  1 0.3336 0.3337 0.3327 
           7  1 0.3353 0.3326 0.3321 
           8  1 0.3329 0.3328 0.3343 
           9  1 0.3325 0.3337 0.3339 
          10  1 0.3324 0.3341 0.3335 
          11  1 0.3322 0.3338 0.3341 
          12  1 0.3342 0.3342 0.3317 
          13  1 0.3358 0.3327 0.3315 
          14  1 0.3356 0.3322 0.3322 
          15  1 0.3339 0.3344 0.3318 
          16  1 0.3353 0.3338 0.3309 
          17  1 0.3326 0.3343 0.3331 
          18  1 0.3348 0.3321 0.3331 
          19  1 0.3337 0.3324 0.3339 
          20  1 0.3326 0.3342 0.3332 
          21  1 0.3338 0.3321 0.3342 
          22  1 0.3330 0.3343 0.3327 
          23  1 0.3331 0.3331 0.3338 
          24  1 0.3342 0.3340 0.3318 
          25  1 0.3331 0.3332 0.3337 
          26  1 0.3327 0.3334 0.3339 
          27  1 0.3334 0.3333 0.3334 
          28  1 0.3355 0.3325 0.3320 
          29  1 0.3332 0.3332 0.3336 
          30  1 0.3355 0.3335 0.3309 
          31  1 0.3345 0.3328 0.3327 
          32  1 0.3365 0.3323 0.3312 
          33  1 0.3352 0.3326 0.3322 
          34  1 0.3322 0.3338 0.3339 
          35  1 0.3325 0.3337 0.3338 
          36  1 0.3325 0.3333 0.3342 
          37  1 0.3349 0.3338 0.3313 
          38  1 0.3326 0.3338 0.3336 
          39  1 0.3343 0.3338 0.3319 
          40  1 0.3338 0.3325 0.3338 
          41  1 0.3325 0.3342 0.3333 
          42  1 0.3341 0.3335 0.3324 
          43  1 0.3332 0.3332 0.3335 
          44  1 0.3329 0.3334 0.3337 
          45  1 0.3328 0.3346 0.3327 
          46  1 0.3348 0.3332 0.3321 
          47  1 0.3341 0.3339 0.3320 
          48  1 0.3357 0.3329 0.3314 
          49  1 0.3338 0.3324 0.3338 
          50  1 0.3326 0.3322 0.3351 
          51  1 0.3333 0.3336 0.3332 
          52  1 0.3331 0.3332 0.3336 
          53  1 0.3329 0.3340 0.3331 
          54  1 0.3336 0.3340 0.3324 
          55  1 0.3313 0.3342 0.3346 
          56  1 0.3336 0.3330 0.3334 
          57  1 0.3332 0.3332 0.3336 
          58  1 0.3326 0.3332 0.3342 
          59  1 0.3337 0.3335 0.3328 
          60  1 0.3339 0.3334 0.3327 
          61  1 0.3325 0.3336 0.3339 
          62  1 0.3347 0.3324 0.3330 
          63  1 0.3322 0.3329 0.3350 
          64  1 0.3321 0.3347 0.3332 
          65  1 0.3326 0.3342 0.3332 
          66  1 0.3321 0.3332 0.3347 
          67  1 0.3348 0.3341 0.3311 
          68  1 0.3340 0.3333 0.3328 
          69  1 0.3325 0.3340 0.3335 
          70  1 0.3350 0.3330 0.3319 
          71  1 0.3326 0.3329 0.3345 
          72  1 0.3341 0.3335 0.3324 
          73  1 0.3335 0.3347 0.3318 
          74  1 0.3329 0.3325 0.3345 
          75  1 0.3331 0.3327 0.3342 
          76  1 0.3324 0.3338 0.3338 
          77  1 0.3318 0.3329 0.3353 
          78  1 0.3346 0.3326 0.3328 
          79  1 0.3344 0.3339 0.3317 
          80  1 0.3327 0.3329 0.3345 
          81  1 0.3333 0.3336 0.3331 
          82  1 0.3343 0.3332 0.3325 
          83  1 0.3358 0.3338 0.3304 
          84  1 0.3326 0.3340 0.3335 
          85  1 0.3344 0.3320 0.3336 
          86  1 0.3324 0.3336 0.3340 
          87  1 0.3328 0.3333 0.3339 
          88  1 0.3340 0.3334 0.3327 
          89  1 0.3341 0.3326 0.3333 
          90  1 0.3363 0.3325 0.3312 
