           1  1 0.1114 0.1112 0.1112 0.1116 0.1102 0.1100 0.1133 0.1107 0.1104 
           2  1 0.1108 0.1114 0.1114 0.1118 0.1104 0.1119 0.1110 0.1104 0.1109 
           3  1 0.1120 0.1122 0.1111 0.1085 0.1124 0.1096 0.1120 0.1096 0.1126 
           4  1 0.1122 0.1113 0.1098 0.1107 0.1115 0.1119 0.1110 0.1106 0.1109 
           5  1 0.1117 0.1120 0.1100 0.1103 0.1111 0.1097 0.1125 0.1111 0.1117 
           6  1 0.1110 0.1107 0.1102 0.1129 0.1116 0.1110 0.1114 0.1109 0.1104 
           7  1 0.1115 0.1115 0.1110 0.1111 0.1108 0.1111 0.1100 0.1106 0.1124 
           8  1 0.1105 0.1115 0.1097 0.1151 0.1100 0.1104 0.1110 0.1125 0.1094 
           9  1 0.1095 0.1114 0.1127 0.1115 0.1103 0.1116 0.1114 0.1110 0.1106 
          10  1 0.1117 0.1109 0.1105 0.1109 0.1115 0.1122 0.1103 0.1107 0.1113 
          11  1 0.1110 0.1108 0.1120 0.1113 0.1108 0.1113 0.1114 0.1105 0.1109 
          12  1 0.1113 0.1122 0.1123 0.1096 0.1104 0.1106 0.1113 0.1114 0.1109 
          13  1 0.1123 0.1130 0.1086 0.1098 0.1121 0.1101 0.1107 0.1097 0.1137 
          14  1 0.1121 0.1114 0.1097 0.1099 0.1109 0.1099 0.1117 0.1108 0.1138 
          15  1 0.1129 0.1113 0.1122 0.1100 0.1110 0.1106 0.1105 0.1106 0.1109 
          16  1 0.1119 0.1105 0.1099 0.1093 0.1111 0.1097 0.1116 0.1105 0.1154 
          17  1 0.1095 0.1111 0.1112 0.1110 0.1103 0.1127 0.1126 0.1107 0.1110 
          18  1 0.1101 0.1102 0.1119 0.1105 0.1105 0.1110 0.1127 0.1108 0.1121 
          19  1 0.1115 0.1108 0.1113 0.1121 0.1109 0.1108 0.1101 0.1119 0.1106 
          20  1 0.1102 0.1110 0.1102 0.1110 0.1103 0.1121 0.1121 0.1127 0.1103 
          21  1 0.1103 0.1120 0.1097 0.1136 0.1108 0.1120 0.1111 0.1101 0.1104 
          22  1 0.1096 0.1117 0.1132 0.1112 0.1103 0.1112 0.1112 0.1117 0.1100 
          23  1 0.1110 0.1108 0.1112 0.1121 0.1103 0.1113 0.1112 0.1110 0.1111 
          24  1 0.1098 0.1124 0.1102 0.1101 0.1120 0.1112 0.1127 0.1092 0.1123 
          25  1 0.1111 0.1111 0.1092 0.1111 0.1105 0.1121 0.1107 0.1131 0.1111 
          26  1 0.1109 0.1118 0.1109 0.1105 0.1100 0.1112 0.1124 0.1107 0.1115 
          27  1 0.1118 0.1106 0.1116 0.1102 0.1114 0.1104 0.1112 0.1112 0.1116 
          28  1 0.1123 0.1123 0.1109 0.1091 0.1123 0.1099 0.1110 0.1111 0.1111 
          29  1 0.1111 0.1117 0.1105 0.1102 0.1115 0.1112 0.1122 0.1107 0.1108 
          30  1 0.1118 0.1128 0.1105 0.1092 0.1117 0.1092 0.1100 0.1100 0.1149 
          31  1 0.1132 0.1108 0.1101 0.1091 0.1113 0.1106 0.1118 0.1099 0.1131 
          32  1 0.1135 0.1118 0.1089 0.1090 0.1128 0.1086 0.1094 0.1099 0.1160 
          33  1 0.1128 0.1114 0.1095 0.1097 0.1124 0.1103 0.1108 0.1111 0.1121 
          34  1 0.1110 0.1094 0.1122 0.1116 0.1103 0.1125 0.1100 0.1133 0.1099 
          35  1 0.1094 0.1119 0.1115 0.1146 0.1108 0.1115 0.1105 0.1111 0.1087 
          36  1 0.1113 0.1120 0.1099 0.1102 0.1122 0.1121 0.1104 0.1105 0.1114 
          37  1 0.1119 0.1128 0.1092 0.1092 0.1117 0.1110 0.1108 0.1109 0.1123 
          38  1 0.1112 0.1109 0.1115 0.1101 0.1112 0.1112 0.1121 0.1118 0.1100 
          39  1 0.1118 0.1117 0.1093 0.1125 0.1114 0.1117 0.1097 0.1109 0.1111 
          40  1 0.1105 0.1109 0.1106 0.1107 0.1108 0.1132 0.1107 0.1119 0.1107 
          41  1 0.1110 0.1113 0.1104 0.1121 0.1118 0.1103 0.1112 0.1103 0.1116 
          42  1 0.1131 0.1119 0.1110 0.1094 0.1113 0.1104 0.1103 0.1102 0.1123 
          43  1 0.1112 0.1116 0.1108 0.1119 0.1110 0.1113 0.1113 0.1094 0.1114 
          44  1 0.1119 0.1102 0.1121 0.1100 0.1117 0.1106 0.1111 0.1114 0.1111 
          45  1 0.1127 0.1097 0.1100 0.1108 0.1113 0.1089 0.1118 0.1138 0.1111 
          46  1 0.1116 0.1114 0.1100 0.1117 0.1108 0.1110 0.1101 0.1094 0.1139 
          47  1 0.1114 0.1111 0.1108 0.1107 0.1119 0.1112 0.1110 0.1092 0.1126 
          48  1 0.1109 0.1118 0.1124 0.1095 0.1106 0.1113 0.1115 0.1097 0.1123 
          49  1 0.1108 0.1115 0.1104 0.1110 0.1114 0.1115 0.1117 0.1109 0.1108 
          50  1 0.1108 0.1133 0.1114 0.1101 0.1097 0.1119 0.1117 0.1110 0.1102 
          51  1 0.1119 0.1106 0.1131 0.1110 0.1097 0.1111 0.1103 0.1109 0.1115 
          52  1 0.1099 0.1097 0.1141 0.1107 0.1113 0.1113 0.1113 0.1119 0.1098 
          53  1 0.1115 0.1122 0.1107 0.1105 0.1126 0.1110 0.1107 0.1098 0.1110 
          54  1 0.1111 0.1100 0.1107 0.1117 0.1114 0.1116 0.1103 0.1102 0.1130 
          55  1 0.1106 0.1104 0.1107 0.1119 0.1111 0.1116 0.1112 0.1127 0.1099 
          56  1 0.1122 0.1105 0.1112 0.1102 0.1109 0.1100 0.1129 0.1102 0.1119 
          57  1 0.1113 0.1119 0.1104 0.1104 0.1117 0.1106 0.1122 0.1106 0.1109 
          58  1 0.1108 0.1102 0.1109 0.1109 0.1115 0.1125 0.1112 0.1116 0.1105 
          59  1 0.1115 0.1108 0.1090 0.1099 0.1111 0.1121 0.1121 0.1119 0.1116 
          60  1 0.1108 0.1103 0.1108 0.1134 0.1108 0.1111 0.1097 0.1123 0.1107 
          61  1 0.1112 0.1118 0.1117 0.1105 0.1104 0.1118 0.1110 0.1103 0.1113 
          62  1 0.1102 0.1113 0.1095 0.1114 0.1115 0.1121 0.1115 0.1115 0.1110 
          63  1 0.1102 0.1096 0.1114 0.1153 0.1097 0.1106 0.1104 0.1130 0.1097 
          64  1 0.1105 0.1087 0.1120 0.1127 0.1109 0.1118 0.1111 0.1128 0.1094 
          65  1 0.1106 0.1095 0.1110 0.1139 0.1114 0.1116 0.1113 0.1115 0.1092 
          66  1 0.1090 0.1099 0.1099 0.1153 0.1096 0.1125 0.1111 0.1138 0.1088 
          67  1 0.1115 0.1105 0.1102 0.1105 0.1121 0.1105 0.1107 0.1107 0.1132 
          68  1 0.1117 0.1112 0.1100 0.1115 0.1120 0.1101 0.1116 0.1098 0.1121 
          69  1 0.1110 0.1105 0.1090 0.1131 0.1114 0.1121 0.1101 0.1134 0.1093 
          70  1 0.1114 0.1105 0.1100 0.1091 0.1120 0.1108 0.1117 0.1107 0.1138 
          71  1 0.1090 0.1114 0.1129 0.1123 0.1107 0.1120 0.1108 0.1125 0.1085 
          72  1 0.1116 0.1116 0.1112 0.1091 0.1114 0.1098 0.1125 0.1113 0.1115 
          73  1 0.1110 0.1129 0.1117 0.1089 0.1114 0.1100 0.1108 0.1098 0.1134 
          74  1 0.1115 0.1099 0.1114 0.1124 0.1123 0.1114 0.1099 0.1109 0.1103 
          75  1 0.1103 0.1108 0.1113 0.1115 0.1116 0.1115 0.1112 0.1124 0.1093 
          76  1 0.1111 0.1110 0.1107 0.1120 0.1119 0.1118 0.1116 0.1096 0.1102 
          77  1 0.1101 0.1103 0.1103 0.1129 0.1102 0.1111 0.1119 0.1125 0.1107 
          78  1 0.1114 0.1128 0.1100 0.1101 0.1118 0.1118 0.1104 0.1106 0.1112 
          79  1 0.1121 0.1122 0.1102 0.1109 0.1105 0.1115 0.1108 0.1103 0.1116 
          80  1 0.1103 0.1113 0.1117 0.1110 0.1111 0.1110 0.1115 0.1107 0.1113 
          81  1 0.1124 0.1116 0.1117 0.1089 0.1099 0.1119 0.1115 0.1103 0.1118 
          82  1 0.1110 0.1117 0.1118 0.1100 0.1109 0.1107 0.1118 0.1106 0.1115 
          83  1 0.1123 0.1111 0.1116 0.1099 0.1103 0.1103 0.1109 0.1099 0.1137 
          84  1 0.1107 0.1100 0.1115 0.1135 0.1111 0.1101 0.1106 0.1109 0.1117 
          85  1 0.1111 0.1115 0.1108 0.1124 0.1115 0.1099 0.1101 0.1114 0.1112 
          86  1 0.1111 0.1111 0.1116 0.1099 0.1113 0.1117 0.1121 0.1109 0.1103 
          87  1 0.1105 0.1108 0.1124 0.1133 0.1096 0.1120 0.1103 0.1120 0.1090 
          88  1 0.1112 0.1104 0.1107 0.1136 0.1113 0.1111 0.1109 0.1098 0.1110 
          89  1 0.1111 0.1112 0.1098 0.1105 0.1111 0.1117 0.1122 0.1100 0.1124 
          90  1 0.1126 0.1123 0.1095 0.1097 0.1116 0.1089 0.1105 0.1100 0.1150 
