           1  1 0.1429 0.1432 0.1433 0.1433 0.1426 0.1426 0.1423 
           2  1 0.1425 0.1430 0.1435 0.1426 0.1431 0.1423 0.1430 
           3  1 0.1431 0.1424 0.1422 0.1428 0.1429 0.1432 0.1434 
           4  1 0.1429 0.1429 0.1425 0.1438 0.1430 0.1423 0.1425 
           5  1 0.1429 0.1429 0.1426 0.1430 0.1425 0.1434 0.1426 
           6  1 0.1427 0.1430 0.1428 0.1430 0.1431 0.1428 0.1427 
           7  1 0.1435 0.1428 0.1425 0.1425 0.1424 0.1429 0.1434 
           8  1 0.1427 0.1421 0.1433 0.1427 0.1433 0.1429 0.1430 
           9  1 0.1422 0.1428 0.1438 0.1429 0.1432 0.1427 0.1424 
          10  1 0.1427 0.1430 0.1432 0.1428 0.1428 0.1429 0.1426 
          11  1 0.1428 0.1426 0.1430 0.1428 0.1429 0.1430 0.1429 
          12  1 0.1427 0.1425 0.1425 0.1428 0.1431 0.1433 0.1431 
          13  1 0.1442 0.1424 0.1421 0.1427 0.1422 0.1433 0.1432 
          14  1 0.1438 0.1425 0.1425 0.1429 0.1422 0.1430 0.1432 
          15  1 0.1431 0.1427 0.1420 0.1430 0.1427 0.1430 0.1435 
          16  1 0.1439 0.1425 0.1419 0.1430 0.1425 0.1434 0.1428 
          17  1 0.1431 0.1428 0.1431 0.1424 0.1429 0.1428 0.1429 
          18  1 0.1432 0.1423 0.1432 0.1427 0.1430 0.1428 0.1429 
          19  1 0.1427 0.1429 0.1434 0.1427 0.1430 0.1425 0.1428 
          20  1 0.1424 0.1432 0.1433 0.1427 0.1430 0.1426 0.1428 
          21  1 0.1424 0.1434 0.1431 0.1430 0.1432 0.1424 0.1425 
          22  1 0.1429 0.1431 0.1430 0.1426 0.1430 0.1426 0.1429 
          23  1 0.1428 0.1429 0.1430 0.1429 0.1432 0.1430 0.1422 
          24  1 0.1429 0.1427 0.1426 0.1427 0.1429 0.1431 0.1431 
          25  1 0.1431 0.1432 0.1425 0.1431 0.1421 0.1425 0.1435 
          26  1 0.1428 0.1432 0.1428 0.1430 0.1426 0.1429 0.1427 
          27  1 0.1432 0.1425 0.1429 0.1430 0.1427 0.1425 0.1432 
          28  1 0.1430 0.1426 0.1429 0.1428 0.1425 0.1432 0.1430 
          29  1 0.1428 0.1430 0.1430 0.1427 0.1430 0.1429 0.1427 
          30  1 0.1436 0.1421 0.1422 0.1426 0.1423 0.1442 0.1431 
          31  1 0.1434 0.1421 0.1426 0.1427 0.1429 0.1433 0.1429 
          32  1 0.1448 0.1416 0.1421 0.1424 0.1423 0.1438 0.1430 
          33  1 0.1428 0.1425 0.1424 0.1427 0.1428 0.1434 0.1433 
          34  1 0.1427 0.1429 0.1432 0.1428 0.1431 0.1425 0.1428 
          35  1 0.1430 0.1428 0.1430 0.1429 0.1430 0.1426 0.1428 
          36  1 0.1428 0.1431 0.1429 0.1431 0.1423 0.1431 0.1428 
          37  1 0.1432 0.1428 0.1423 0.1433 0.1424 0.1431 0.1430 
          38  1 0.1424 0.1429 0.1433 0.1429 0.1433 0.1425 0.1426 
          39  1 0.1431 0.1428 0.1428 0.1426 0.1430 0.1427 0.1431 
          40  1 0.1425 0.1431 0.1434 0.1429 0.1431 0.1427 0.1423 
          41  1 0.1431 0.1428 0.1432 0.1427 0.1426 0.1426 0.1430 
          42  1 0.1437 0.1422 0.1423 0.1428 0.1426 0.1435 0.1428 
          43  1 0.1425 0.1434 0.1433 0.1428 0.1428 0.1422 0.1430 
          44  1 0.1432 0.1429 0.1427 0.1429 0.1426 0.1431 0.1424 
          45  1 0.1436 0.1422 0.1426 0.1428 0.1431 0.1427 0.1431 
          46  1 0.1428 0.1426 0.1426 0.1431 0.1426 0.1432 0.1431 
          47  1 0.1438 0.1424 0.1423 0.1427 0.1422 0.1435 0.1431 
          48  1 0.1431 0.1423 0.1428 0.1430 0.1427 0.1432 0.1429 
          49  1 0.1427 0.1427 0.1433 0.1428 0.1431 0.1425 0.1429 
          50  1 0.1424 0.1432 0.1431 0.1427 0.1429 0.1428 0.1430 
          51  1 0.1428 0.1425 0.1431 0.1428 0.1429 0.1432 0.1426 
          52  1 0.1427 0.1428 0.1428 0.1424 0.1432 0.1427 0.1432 
          53  1 0.1422 0.1429 0.1425 0.1433 0.1430 0.1430 0.1431 
          54  1 0.1435 0.1425 0.1428 0.1427 0.1423 0.1434 0.1428 
          55  1 0.1427 0.1434 0.1432 0.1428 0.1432 0.1420 0.1427 
          56  1 0.1426 0.1427 0.1431 0.1430 0.1428 0.1429 0.1429 
          57  1 0.1427 0.1426 0.1432 0.1430 0.1427 0.1430 0.1428 
          58  1 0.1425 0.1431 0.1432 0.1428 0.1430 0.1427 0.1427 
          59  1 0.1426 0.1428 0.1425 0.1429 0.1426 0.1434 0.1432 
          60  1 0.1426 0.1425 0.1428 0.1431 0.1429 0.1431 0.1431 
          61  1 0.1426 0.1432 0.1428 0.1426 0.1430 0.1430 0.1428 
          62  1 0.1433 0.1428 0.1431 0.1428 0.1427 0.1425 0.1429 
          63  1 0.1423 0.1432 0.1435 0.1426 0.1429 0.1428 0.1425 
          64  1 0.1426 0.1431 0.1430 0.1427 0.1430 0.1424 0.1432 
          65  1 0.1425 0.1430 0.1433 0.1431 0.1431 0.1429 0.1421 
          66  1 0.1425 0.1430 0.1435 0.1431 0.1430 0.1421 0.1427 
          67  1 0.1434 0.1426 0.1421 0.1427 0.1430 0.1432 0.1429 
          68  1 0.1432 0.1428 0.1427 0.1429 0.1426 0.1428 0.1430 
          69  1 0.1426 0.1433 0.1433 0.1428 0.1427 0.1424 0.1429 
          70  1 0.1437 0.1424 0.1420 0.1427 0.1428 0.1436 0.1429 
          71  1 0.1424 0.1431 0.1432 0.1428 0.1435 0.1423 0.1428 
          72  1 0.1433 0.1421 0.1429 0.1429 0.1427 0.1433 0.1428 
          73  1 0.1435 0.1423 0.1428 0.1430 0.1427 0.1429 0.1428 
          74  1 0.1420 0.1436 0.1431 0.1431 0.1432 0.1425 0.1426 
          75  1 0.1422 0.1432 0.1431 0.1431 0.1432 0.1421 0.1432 
          76  1 0.1422 0.1433 0.1434 0.1430 0.1429 0.1426 0.1425 
          77  1 0.1427 0.1436 0.1427 0.1432 0.1429 0.1424 0.1425 
          78  1 0.1430 0.1420 0.1426 0.1427 0.1428 0.1432 0.1436 
          79  1 0.1431 0.1427 0.1426 0.1433 0.1430 0.1428 0.1424 
          80  1 0.1430 0.1431 0.1428 0.1432 0.1424 0.1424 0.1429 
          81  1 0.1430 0.1424 0.1427 0.1432 0.1429 0.1431 0.1425 
          82  1 0.1432 0.1427 0.1423 0.1430 0.1427 0.1428 0.1433 
          83  1 0.1438 0.1422 0.1421 0.1430 0.1429 0.1433 0.1427 
          84  1 0.1430 0.1425 0.1427 0.1428 0.1429 0.1430 0.1431 
          85  1 0.1429 0.1432 0.1427 0.1425 0.1429 0.1428 0.1428 
          86  1 0.1424 0.1434 0.1428 0.1426 0.1430 0.1424 0.1434 
          87  1 0.1424 0.1437 0.1429 0.1429 0.1430 0.1426 0.1425 
          88  1 0.1425 0.1430 0.1430 0.1430 0.1424 0.1427 0.1433 
          89  1 0.1433 0.1424 0.1428 0.1431 0.1428 0.1430 0.1427 
          90  1 0.1434 0.1427 0.1422 0.1430 0.1420 0.1438 0.1430 
