           1  1 0.3318 0.3336 0.3346 
           2  1 0.3328 0.3331 0.3341 
           3  1 0.3344 0.3353 0.3303 
           4  1 0.3319 0.3335 0.3346 
           5  1 0.3343 0.3319 0.3338 
           6  1 0.3309 0.3332 0.3359 
           7  1 0.3322 0.3347 0.3331 
           8  1 0.3339 0.3322 0.3339 
           9  1 0.3324 0.3329 0.3348 
          10  1 0.3338 0.3331 0.3330 
          11  1 0.3332 0.3330 0.3338 
          12  1 0.3338 0.3325 0.3337 
          13  1 0.3355 0.3338 0.3307 
          14  1 0.3343 0.3332 0.3324 
          15  1 0.3347 0.3346 0.3307 
          16  1 0.3354 0.3342 0.3304 
          17  1 0.3333 0.3322 0.3345 
          18  1 0.3331 0.3338 0.3332 
          19  1 0.3323 0.3335 0.3342 
          20  1 0.3328 0.3326 0.3346 
          21  1 0.3327 0.3322 0.3351 
          22  1 0.3330 0.3318 0.3352 
          23  1 0.3339 0.3322 0.3339 
          24  1 0.3338 0.3327 0.3334 
          25  1 0.3320 0.3332 0.3347 
          26  1 0.3328 0.3343 0.3329 
          27  1 0.3336 0.3332 0.3332 
          28  1 0.3344 0.3338 0.3319 
          29  1 0.3321 0.3341 0.3338 
          30  1 0.3352 0.3350 0.3298 
          31  1 0.3331 0.3354 0.3316 
          32  1 0.3347 0.3338 0.3315 
          33  1 0.3339 0.3334 0.3328 
          34  1 0.3337 0.3333 0.3330 
          35  1 0.3331 0.3326 0.3344 
          36  1 0.3331 0.3337 0.3332 
          37  1 0.3324 0.3339 0.3337 
          38  1 0.3325 0.3332 0.3343 
          39  1 0.3333 0.3316 0.3351 
          40  1 0.3322 0.3318 0.3360 
          41  1 0.3338 0.3337 0.3325 
          42  1 0.3339 0.3347 0.3314 
          43  1 0.3328 0.3334 0.3338 
          44  1 0.3324 0.3342 0.3334 
          45  1 0.3339 0.3325 0.3336 
          46  1 0.3328 0.3339 0.3333 
          47  1 0.3336 0.3350 0.3315 
          48  1 0.3347 0.3343 0.3310 
          49  1 0.3339 0.3325 0.3335 
          50  1 0.3334 0.3317 0.3349 
          51  1 0.3339 0.3337 0.3323 
          52  1 0.3337 0.3336 0.3327 
          53  1 0.3323 0.3337 0.3340 
          54  1 0.3343 0.3350 0.3308 
          55  1 0.3308 0.3337 0.3355 
          56  1 0.3341 0.3330 0.3329 
          57  1 0.3329 0.3340 0.3331 
          58  1 0.3351 0.3330 0.3319 
          59  1 0.3341 0.3345 0.3314 
          60  1 0.3346 0.3317 0.3337 
          61  1 0.3331 0.3342 0.3326 
          62  1 0.3343 0.3338 0.3319 
          63  1 0.3332 0.3325 0.3343 
          64  1 0.3322 0.3334 0.3344 
          65  1 0.3322 0.3333 0.3345 
          66  1 0.3331 0.3326 0.3344 
          67  1 0.3344 0.3346 0.3310 
          68  1 0.3344 0.3322 0.3335 
          69  1 0.3318 0.3340 0.3341 
          70  1 0.3343 0.3339 0.3318 
          71  1 0.3326 0.3326 0.3348 
          72  1 0.3333 0.3332 0.3334 
          73  1 0.3349 0.3334 0.3317 
          74  1 0.3329 0.3329 0.3342 
          75  1 0.3316 0.3327 0.3357 
          76  1 0.3332 0.3327 0.3341 
          77  1 0.3333 0.3333 0.3334 
          78  1 0.3346 0.3339 0.3315 
          79  1 0.3344 0.3342 0.3314 
          80  1 0.3320 0.3349 0.3330 
          81  1 0.3337 0.3335 0.3328 
          82  1 0.3343 0.3336 0.3321 
          83  1 0.3333 0.3353 0.3314 
          84  1 0.3346 0.3338 0.3315 
          85  1 0.3331 0.3338 0.3331 
          86  1 0.3327 0.3323 0.3350 
          87  1 0.3330 0.3333 0.3338 
          88  1 0.3326 0.3348 0.3326 
          89  1 0.3353 0.3332 0.3315 
          90  1 0.3344 0.3354 0.3301 
