           1  1 0.2481 0.2511 0.2506 0.2502 
           2  1 0.2470 0.2492 0.2537 0.2501 
           3  1 0.2509 0.2505 0.2487 0.2499 
           4  1 0.2508 0.2503 0.2513 0.2476 
           5  1 0.2499 0.2510 0.2505 0.2486 
           6  1 0.2516 0.2507 0.2484 0.2493 
           7  1 0.2460 0.2535 0.2499 0.2505 
           8  1 0.2499 0.2491 0.2507 0.2502 
           9  1 0.2514 0.2467 0.2523 0.2496 
          10  1 0.2477 0.2499 0.2492 0.2532 
          11  1 0.2480 0.2509 0.2536 0.2476 
          12  1 0.2513 0.2497 0.2483 0.2508 
          13  1 0.2498 0.2508 0.2462 0.2532 
          14  1 0.2492 0.2502 0.2478 0.2529 
          15  1 0.2501 0.2497 0.2515 0.2488 
          16  1 0.2505 0.2508 0.2474 0.2513 
          17  1 0.2513 0.2477 0.2507 0.2502 
          18  1 0.2490 0.2511 0.2502 0.2496 
          19  1 0.2487 0.2506 0.2500 0.2508 
          20  1 0.2491 0.2490 0.2496 0.2523 
          21  1 0.2483 0.2484 0.2519 0.2515 
          22  1 0.2494 0.2494 0.2495 0.2518 
          23  1 0.2491 0.2485 0.2503 0.2521 
          24  1 0.2509 0.2515 0.2487 0.2488 
          25  1 0.2493 0.2518 0.2510 0.2479 
          26  1 0.2520 0.2501 0.2498 0.2480 
          27  1 0.2515 0.2480 0.2484 0.2521 
          28  1 0.2490 0.2495 0.2504 0.2511 
          29  1 0.2502 0.2496 0.2495 0.2507 
          30  1 0.2504 0.2528 0.2453 0.2515 
          31  1 0.2493 0.2532 0.2487 0.2489 
          32  1 0.2503 0.2514 0.2438 0.2545 
          33  1 0.2483 0.2511 0.2511 0.2496 
          34  1 0.2487 0.2531 0.2497 0.2484 
          35  1 0.2469 0.2488 0.2548 0.2495 
          36  1 0.2509 0.2516 0.2497 0.2478 
          37  1 0.2508 0.2504 0.2488 0.2501 
          38  1 0.2492 0.2504 0.2523 0.2480 
          39  1 0.2501 0.2498 0.2503 0.2498 
          40  1 0.2490 0.2511 0.2496 0.2504 
          41  1 0.2502 0.2474 0.2517 0.2507 
          42  1 0.2504 0.2521 0.2451 0.2524 
          43  1 0.2499 0.2490 0.2525 0.2486 
          44  1 0.2516 0.2524 0.2482 0.2478 
          45  1 0.2500 0.2487 0.2508 0.2505 
          46  1 0.2463 0.2534 0.2489 0.2514 
          47  1 0.2486 0.2530 0.2469 0.2515 
          48  1 0.2508 0.2524 0.2459 0.2508 
          49  1 0.2501 0.2472 0.2528 0.2499 
          50  1 0.2502 0.2505 0.2502 0.2491 
          51  1 0.2494 0.2500 0.2507 0.2499 
          52  1 0.2514 0.2510 0.2483 0.2493 
          53  1 0.2501 0.2504 0.2480 0.2515 
          54  1 0.2476 0.2525 0.2498 0.2501 
          55  1 0.2507 0.2493 0.2508 0.2493 
          56  1 0.2503 0.2507 0.2500 0.2491 
          57  1 0.2506 0.2489 0.2496 0.2510 
          58  1 0.2519 0.2522 0.2488 0.2471 
          59  1 0.2510 0.2487 0.2493 0.2510 
          60  1 0.2516 0.2482 0.2505 0.2496 
          61  1 0.2518 0.2512 0.2475 0.2494 
          62  1 0.2496 0.2501 0.2486 0.2517 
          63  1 0.2493 0.2522 0.2492 0.2492 
          64  1 0.2504 0.2483 0.2484 0.2529 
          65  1 0.2518 0.2507 0.2482 0.2492 
          66  1 0.2504 0.2502 0.2511 0.2483 
          67  1 0.2505 0.2510 0.2483 0.2503 
          68  1 0.2518 0.2502 0.2479 0.2501 
          69  1 0.2527 0.2480 0.2490 0.2503 
          70  1 0.2469 0.2514 0.2505 0.2513 
          71  1 0.2449 0.2515 0.2549 0.2487 
          72  1 0.2524 0.2511 0.2471 0.2494 
          73  1 0.2494 0.2516 0.2497 0.2493 
          74  1 0.2477 0.2503 0.2530 0.2491 
          75  1 0.2501 0.2488 0.2513 0.2497 
          76  1 0.2493 0.2506 0.2491 0.2510 
          77  1 0.2520 0.2488 0.2504 0.2487 
          78  1 0.2509 0.2507 0.2463 0.2521 
          79  1 0.2487 0.2512 0.2476 0.2525 
          80  1 0.2505 0.2513 0.2501 0.2482 
          81  1 0.2529 0.2492 0.2483 0.2495 
          82  1 0.2467 0.2508 0.2515 0.2510 
          83  1 0.2493 0.2509 0.2482 0.2516 
          84  1 0.2482 0.2507 0.2510 0.2501 
          85  1 0.2512 0.2483 0.2522 0.2483 
          86  1 0.2475 0.2513 0.2521 0.2491 
          87  1 0.2502 0.2502 0.2474 0.2522 
          88  1 0.2496 0.2516 0.2475 0.2513 
          89  1 0.2496 0.2510 0.2477 0.2517 
          90  1 0.2470 0.2528 0.2464 0.2539 
