           1  1 0.3357 0.3330 0.3312 
           2  1 0.3337 0.3296 0.3367 
           3  1 0.3345 0.3372 0.3283 
           4  1 0.3317 0.3315 0.3368 
           5  1 0.3331 0.3336 0.3333 
           6  1 0.3314 0.3330 0.3356 
           7  1 0.3318 0.3362 0.3320 
           8  1 0.3329 0.3340 0.3331 
           9  1 0.3319 0.3335 0.3346 
          10  1 0.3362 0.3293 0.3345 
          11  1 0.3320 0.3330 0.3350 
          12  1 0.3337 0.3321 0.3342 
          13  1 0.3348 0.3377 0.3275 
          14  1 0.3330 0.3366 0.3303 
          15  1 0.3328 0.3358 0.3314 
          16  1 0.3333 0.3367 0.3300 
          17  1 0.3309 0.3340 0.3351 
          18  1 0.3333 0.3358 0.3310 
          19  1 0.3316 0.3306 0.3378 
          20  1 0.3322 0.3334 0.3345 
          21  1 0.3334 0.3337 0.3329 
          22  1 0.3330 0.3287 0.3383 
          23  1 0.3328 0.3368 0.3304 
          24  1 0.3314 0.3395 0.3292 
          25  1 0.3346 0.3324 0.3330 
          26  1 0.3376 0.3311 0.3313 
          27  1 0.3335 0.3329 0.3336 
          28  1 0.3332 0.3350 0.3318 
          29  1 0.3343 0.3298 0.3358 
          30  1 0.3326 0.3414 0.3260 
          31  1 0.3330 0.3405 0.3265 
          32  1 0.3307 0.3444 0.3249 
          33  1 0.3306 0.3398 0.3296 
          34  1 0.3317 0.3351 0.3332 
          35  1 0.3296 0.3371 0.3333 
          36  1 0.3317 0.3354 0.3329 
          37  1 0.3330 0.3341 0.3329 
          38  1 0.3347 0.3294 0.3359 
          39  1 0.3319 0.3350 0.3331 
          40  1 0.3341 0.3331 0.3328 
          41  1 0.3346 0.3340 0.3314 
          42  1 0.3344 0.3359 0.3298 
          43  1 0.3319 0.3345 0.3337 
          44  1 0.3343 0.3315 0.3342 
          45  1 0.3332 0.3335 0.3333 
          46  1 0.3348 0.3358 0.3293 
          47  1 0.3351 0.3332 0.3317 
          48  1 0.3302 0.3356 0.3342 
          49  1 0.3291 0.3315 0.3394 
          50  1 0.3327 0.3326 0.3347 
          51  1 0.3369 0.3321 0.3310 
          52  1 0.3339 0.3311 0.3350 
          53  1 0.3322 0.3317 0.3361 
          54  1 0.3360 0.3350 0.3290 
          55  1 0.3320 0.3287 0.3392 
          56  1 0.3345 0.3351 0.3304 
          57  1 0.3340 0.3338 0.3322 
          58  1 0.3341 0.3330 0.3329 
          59  1 0.3322 0.3357 0.3321 
          60  1 0.3332 0.3339 0.3329 
          61  1 0.3318 0.3321 0.3361 
          62  1 0.3352 0.3323 0.3325 
          63  1 0.3341 0.3301 0.3358 
          64  1 0.3361 0.3285 0.3354 
          65  1 0.3349 0.3308 0.3343 
          66  1 0.3341 0.3295 0.3364 
          67  1 0.3313 0.3383 0.3304 
          68  1 0.3323 0.3339 0.3338 
          69  1 0.3357 0.3286 0.3358 
          70  1 0.3327 0.3390 0.3283 
          71  1 0.3303 0.3293 0.3404 
          72  1 0.3335 0.3358 0.3307 
          73  1 0.3366 0.3367 0.3267 
          74  1 0.3295 0.3360 0.3345 
          75  1 0.3319 0.3284 0.3396 
          76  1 0.3355 0.3298 0.3347 
          77  1 0.3325 0.3310 0.3365 
          78  1 0.3355 0.3386 0.3259 
          79  1 0.3332 0.3375 0.3293 
          80  1 0.3308 0.3341 0.3351 
          81  1 0.3339 0.3346 0.3315 
          82  1 0.3353 0.3314 0.3332 
          83  1 0.3312 0.3416 0.3271 
          84  1 0.3341 0.3338 0.3321 
          85  1 0.3360 0.3326 0.3314 
          86  1 0.3344 0.3279 0.3377 
          87  1 0.3339 0.3291 0.3370 
          88  1 0.3362 0.3319 0.3319 
          89  1 0.3335 0.3356 0.3310 
          90  1 0.3313 0.3423 0.3264 
