           1  1 0.1109 0.1103 0.1123 0.1106 0.1104 0.1115 0.1104 0.1120 0.1117 
           2  1 0.1103 0.1108 0.1115 0.1101 0.1123 0.1117 0.1098 0.1117 0.1117 
           3  1 0.1101 0.1109 0.1108 0.1113 0.1119 0.1116 0.1125 0.1095 0.1114 
           4  1 0.1109 0.1118 0.1097 0.1108 0.1117 0.1116 0.1121 0.1111 0.1102 
           5  1 0.1115 0.1128 0.1100 0.1099 0.1142 0.1105 0.1116 0.1095 0.1099 
           6  1 0.1094 0.1111 0.1106 0.1107 0.1118 0.1118 0.1107 0.1124 0.1115 
           7  1 0.1132 0.1116 0.1099 0.1110 0.1116 0.1120 0.1121 0.1097 0.1088 
           8  1 0.1095 0.1114 0.1107 0.1142 0.1101 0.1105 0.1086 0.1108 0.1142 
           9  1 0.1096 0.1110 0.1146 0.1107 0.1116 0.1093 0.1108 0.1096 0.1128 
          10  1 0.1121 0.1109 0.1102 0.1111 0.1104 0.1115 0.1119 0.1105 0.1114 
          11  1 0.1112 0.1122 0.1097 0.1111 0.1131 0.1105 0.1107 0.1121 0.1095 
          12  1 0.1102 0.1113 0.1121 0.1097 0.1109 0.1100 0.1114 0.1102 0.1141 
          13  1 0.1120 0.1118 0.1106 0.1095 0.1132 0.1129 0.1104 0.1092 0.1105 
          14  1 0.1122 0.1114 0.1107 0.1096 0.1135 0.1127 0.1109 0.1105 0.1085 
          15  1 0.1110 0.1124 0.1102 0.1120 0.1124 0.1105 0.1102 0.1106 0.1107 
          16  1 0.1127 0.1110 0.1101 0.1096 0.1139 0.1124 0.1132 0.1091 0.1080 
          17  1 0.1117 0.1102 0.1110 0.1100 0.1113 0.1106 0.1113 0.1114 0.1125 
          18  1 0.1122 0.1111 0.1112 0.1117 0.1123 0.1119 0.1114 0.1091 0.1090 
          19  1 0.1103 0.1118 0.1102 0.1116 0.1108 0.1108 0.1109 0.1123 0.1113 
          20  1 0.1121 0.1117 0.1105 0.1113 0.1109 0.1120 0.1107 0.1105 0.1103 
          21  1 0.1093 0.1112 0.1103 0.1120 0.1111 0.1118 0.1109 0.1115 0.1119 
          22  1 0.1110 0.1103 0.1105 0.1102 0.1096 0.1102 0.1097 0.1124 0.1162 
          23  1 0.1121 0.1119 0.1103 0.1104 0.1106 0.1108 0.1114 0.1113 0.1112 
          24  1 0.1107 0.1116 0.1099 0.1103 0.1130 0.1122 0.1112 0.1107 0.1104 
          25  1 0.1108 0.1118 0.1117 0.1111 0.1107 0.1107 0.1116 0.1114 0.1101 
          26  1 0.1118 0.1088 0.1100 0.1116 0.1117 0.1120 0.1122 0.1109 0.1111 
          27  1 0.1095 0.1097 0.1124 0.1114 0.1127 0.1122 0.1119 0.1098 0.1103 
          28  1 0.1111 0.1127 0.1098 0.1109 0.1119 0.1118 0.1112 0.1098 0.1108 
          29  1 0.1102 0.1111 0.1117 0.1116 0.1124 0.1113 0.1112 0.1107 0.1098 
          30  1 0.1116 0.1124 0.1095 0.1109 0.1140 0.1125 0.1111 0.1100 0.1080 
          31  1 0.1120 0.1113 0.1083 0.1112 0.1138 0.1113 0.1126 0.1099 0.1097 
          32  1 0.1139 0.1106 0.1092 0.1098 0.1127 0.1141 0.1136 0.1073 0.1088 
          33  1 0.1127 0.1115 0.1105 0.1109 0.1111 0.1131 0.1116 0.1092 0.1095 
          34  1 0.1119 0.1110 0.1127 0.1127 0.1103 0.1102 0.1104 0.1114 0.1094 
          35  1 0.1104 0.1117 0.1100 0.1121 0.1096 0.1098 0.1114 0.1123 0.1127 
          36  1 0.1131 0.1113 0.1100 0.1097 0.1120 0.1123 0.1114 0.1106 0.1095 
          37  1 0.1117 0.1136 0.1106 0.1108 0.1096 0.1137 0.1107 0.1097 0.1095 
          38  1 0.1092 0.1120 0.1110 0.1117 0.1100 0.1111 0.1116 0.1116 0.1118 
          39  1 0.1093 0.1115 0.1136 0.1126 0.1087 0.1109 0.1098 0.1123 0.1113 
          40  1 0.1108 0.1115 0.1123 0.1102 0.1117 0.1109 0.1109 0.1116 0.1101 
          41  1 0.1104 0.1113 0.1113 0.1113 0.1115 0.1119 0.1105 0.1109 0.1111 
          42  1 0.1105 0.1119 0.1119 0.1091 0.1123 0.1132 0.1098 0.1108 0.1104 
          43  1 0.1111 0.1125 0.1121 0.1123 0.1101 0.1110 0.1109 0.1098 0.1102 
          44  1 0.1098 0.1122 0.1107 0.1098 0.1112 0.1110 0.1123 0.1119 0.1111 
          45  1 0.1106 0.1098 0.1129 0.1107 0.1127 0.1107 0.1113 0.1096 0.1118 
          46  1 0.1105 0.1131 0.1104 0.1107 0.1115 0.1116 0.1094 0.1122 0.1106 
          47  1 0.1122 0.1116 0.1109 0.1105 0.1122 0.1116 0.1113 0.1094 0.1103 
          48  1 0.1109 0.1101 0.1137 0.1112 0.1126 0.1104 0.1098 0.1102 0.1110 
          49  1 0.1121 0.1112 0.1115 0.1100 0.1101 0.1116 0.1113 0.1107 0.1114 
          50  1 0.1106 0.1111 0.1098 0.1116 0.1111 0.1113 0.1099 0.1100 0.1146 
          51  1 0.1113 0.1102 0.1102 0.1117 0.1116 0.1112 0.1117 0.1106 0.1114 
          52  1 0.1120 0.1118 0.1097 0.1115 0.1087 0.1093 0.1120 0.1105 0.1145 
          53  1 0.1106 0.1119 0.1116 0.1103 0.1115 0.1113 0.1115 0.1110 0.1103 
          54  1 0.1113 0.1114 0.1109 0.1103 0.1142 0.1124 0.1105 0.1100 0.1090 
          55  1 0.1105 0.1125 0.1123 0.1100 0.1104 0.1098 0.1102 0.1130 0.1113 
          56  1 0.1102 0.1118 0.1122 0.1103 0.1111 0.1114 0.1105 0.1113 0.1111 
          57  1 0.1103 0.1125 0.1104 0.1117 0.1107 0.1138 0.1100 0.1108 0.1098 
          58  1 0.1124 0.1108 0.1127 0.1110 0.1105 0.1115 0.1108 0.1116 0.1088 
          59  1 0.1125 0.1124 0.1094 0.1105 0.1126 0.1127 0.1121 0.1104 0.1073 
          60  1 0.1115 0.1097 0.1111 0.1131 0.1113 0.1096 0.1093 0.1123 0.1123 
          61  1 0.1100 0.1118 0.1113 0.1106 0.1122 0.1097 0.1110 0.1123 0.1110 
          62  1 0.1119 0.1125 0.1106 0.1101 0.1103 0.1118 0.1120 0.1102 0.1107 
          63  1 0.1097 0.1099 0.1113 0.1116 0.1108 0.1098 0.1122 0.1128 0.1118 
          64  1 0.1114 0.1095 0.1129 0.1124 0.1094 0.1108 0.1095 0.1115 0.1126 
          65  1 0.1089 0.1097 0.1137 0.1097 0.1111 0.1101 0.1114 0.1115 0.1139 
          66  1 0.1114 0.1108 0.1107 0.1131 0.1089 0.1085 0.1124 0.1126 0.1116 
          67  1 0.1107 0.1122 0.1107 0.1117 0.1129 0.1116 0.1114 0.1097 0.1091 
          68  1 0.1097 0.1105 0.1127 0.1121 0.1109 0.1113 0.1091 0.1124 0.1114 
          69  1 0.1091 0.1117 0.1128 0.1128 0.1106 0.1089 0.1101 0.1122 0.1118 
          70  1 0.1112 0.1110 0.1127 0.1093 0.1129 0.1119 0.1126 0.1083 0.1102 
          71  1 0.1125 0.1103 0.1101 0.1105 0.1104 0.1095 0.1114 0.1135 0.1117 
          72  1 0.1106 0.1116 0.1132 0.1122 0.1100 0.1138 0.1113 0.1090 0.1084 
          73  1 0.1118 0.1106 0.1086 0.1110 0.1126 0.1107 0.1134 0.1084 0.1128 
          74  1 0.1092 0.1101 0.1127 0.1108 0.1095 0.1103 0.1124 0.1141 0.1108 
          75  1 0.1105 0.1113 0.1101 0.1108 0.1095 0.1106 0.1103 0.1135 0.1135 
          76  1 0.1115 0.1098 0.1140 0.1105 0.1107 0.1108 0.1114 0.1120 0.1093 
          77  1 0.1098 0.1106 0.1129 0.1114 0.1080 0.1117 0.1113 0.1110 0.1132 
          78  1 0.1112 0.1114 0.1104 0.1110 0.1118 0.1106 0.1120 0.1099 0.1117 
          79  1 0.1108 0.1111 0.1099 0.1119 0.1134 0.1122 0.1111 0.1112 0.1084 
          80  1 0.1106 0.1100 0.1127 0.1110 0.1114 0.1117 0.1121 0.1108 0.1097 
          81  1 0.1112 0.1122 0.1092 0.1106 0.1118 0.1132 0.1110 0.1108 0.1099 
          82  1 0.1111 0.1117 0.1111 0.1103 0.1133 0.1101 0.1106 0.1113 0.1104 
          83  1 0.1121 0.1109 0.1096 0.1131 0.1127 0.1110 0.1126 0.1092 0.1087 
          84  1 0.1108 0.1115 0.1097 0.1117 0.1110 0.1104 0.1126 0.1114 0.1108 
          85  1 0.1126 0.1121 0.1101 0.1089 0.1128 0.1091 0.1121 0.1120 0.1103 
          86  1 0.1131 0.1107 0.1104 0.1109 0.1113 0.1102 0.1106 0.1133 0.1094 
          87  1 0.1094 0.1088 0.1167 0.1132 0.1078 0.1101 0.1084 0.1121 0.1134 
          88  1 0.1102 0.1112 0.1122 0.1094 0.1106 0.1102 0.1113 0.1138 0.1111 
          89  1 0.1106 0.1120 0.1108 0.1101 0.1121 0.1121 0.1114 0.1115 0.1092 
          90  1 0.1135 0.1119 0.1110 0.1093 0.1119 0.1145 0.1125 0.1072 0.1083 
