           1  1 0.3331 0.3331 0.3338 
           2  1 0.3332 0.3354 0.3315 
           3  1 0.3327 0.3303 0.3370 
           4  1 0.3326 0.3340 0.3335 
           5  1 0.3335 0.3318 0.3347 
           6  1 0.3338 0.3348 0.3314 
           7  1 0.3314 0.3326 0.3360 
           8  1 0.3344 0.3339 0.3317 
           9  1 0.3351 0.3328 0.3322 
          10  1 0.3336 0.3342 0.3322 
          11  1 0.3334 0.3339 0.3328 
          12  1 0.3336 0.3322 0.3341 
          13  1 0.3313 0.3284 0.3403 
          14  1 0.3312 0.3304 0.3384 
          15  1 0.3339 0.3322 0.3339 
          16  1 0.3325 0.3294 0.3380 
          17  1 0.3345 0.3339 0.3316 
          18  1 0.3341 0.3296 0.3363 
          19  1 0.3337 0.3348 0.3315 
          20  1 0.3327 0.3351 0.3322 
          21  1 0.3330 0.3352 0.3319 
          22  1 0.3343 0.3341 0.3317 
          23  1 0.3337 0.3324 0.3339 
          24  1 0.3328 0.3324 0.3349 
          25  1 0.3331 0.3337 0.3332 
          26  1 0.3336 0.3328 0.3335 
          27  1 0.3340 0.3338 0.3321 
          28  1 0.3332 0.3323 0.3345 
          29  1 0.3330 0.3337 0.3333 
          30  1 0.3308 0.3280 0.3411 
          31  1 0.3338 0.3312 0.3350 
          32  1 0.3308 0.3278 0.3415 
          33  1 0.3334 0.3316 0.3350 
          34  1 0.3327 0.3342 0.3331 
          35  1 0.3347 0.3347 0.3306 
          36  1 0.3323 0.3327 0.3350 
          37  1 0.3332 0.3307 0.3361 
          38  1 0.3338 0.3368 0.3294 
          39  1 0.3342 0.3326 0.3331 
          40  1 0.3339 0.3353 0.3308 
          41  1 0.3327 0.3316 0.3357 
          42  1 0.3318 0.3324 0.3358 
          43  1 0.3331 0.3358 0.3311 
          44  1 0.3341 0.3334 0.3325 
          45  1 0.3322 0.3332 0.3345 
          46  1 0.3329 0.3314 0.3357 
          47  1 0.3319 0.3320 0.3361 
          48  1 0.3332 0.3305 0.3363 
          49  1 0.3326 0.3358 0.3316 
          50  1 0.3332 0.3353 0.3315 
          51  1 0.3335 0.3316 0.3348 
          52  1 0.3331 0.3353 0.3315 
          53  1 0.3340 0.3331 0.3330 
          54  1 0.3331 0.3312 0.3357 
          55  1 0.3328 0.3368 0.3304 
          56  1 0.3333 0.3329 0.3338 
          57  1 0.3323 0.3338 0.3338 
          58  1 0.3322 0.3354 0.3325 
          59  1 0.3340 0.3296 0.3363 
          60  1 0.3331 0.3344 0.3325 
          61  1 0.3336 0.3349 0.3315 
          62  1 0.3337 0.3331 0.3332 
          63  1 0.3337 0.3363 0.3300 
          64  1 0.3353 0.3354 0.3293 
          65  1 0.3331 0.3359 0.3310 
          66  1 0.3326 0.3367 0.3306 
          67  1 0.3314 0.3319 0.3366 
          68  1 0.3323 0.3322 0.3355 
          69  1 0.3330 0.3365 0.3305 
          70  1 0.3320 0.3300 0.3380 
          71  1 0.3335 0.3368 0.3298 
          72  1 0.3335 0.3297 0.3368 
          73  1 0.3325 0.3319 0.3356 
          74  1 0.3340 0.3347 0.3314 
          75  1 0.3338 0.3380 0.3281 
          76  1 0.3323 0.3368 0.3309 
          77  1 0.3344 0.3345 0.3310 
          78  1 0.3334 0.3319 0.3346 
          79  1 0.3334 0.3322 0.3344 
          80  1 0.3326 0.3343 0.3331 
          81  1 0.3336 0.3325 0.3339 
          82  1 0.3325 0.3327 0.3347 
          83  1 0.3312 0.3296 0.3392 
          84  1 0.3334 0.3336 0.3330 
          85  1 0.3341 0.3316 0.3343 
          86  1 0.3344 0.3338 0.3318 
          87  1 0.3350 0.3344 0.3306 
          88  1 0.3341 0.3340 0.3319 
          89  1 0.3326 0.3319 0.3355 
          90  1 0.3323 0.3266 0.3411 
