           1  1 0.1646 0.1669 0.1678 0.1669 0.1664 0.1673 
           2  1 0.1694 0.1675 0.1664 0.1620 0.1682 0.1665 
           3  1 0.1639 0.1614 0.1698 0.1733 0.1644 0.1671 
           4  1 0.1644 0.1676 0.1662 0.1675 0.1664 0.1679 
           5  1 0.1688 0.1619 0.1702 0.1691 0.1627 0.1674 
           6  1 0.1664 0.1650 0.1666 0.1666 0.1683 0.1672 
           7  1 0.1710 0.1636 0.1685 0.1703 0.1627 0.1639 
           8  1 0.1652 0.1654 0.1634 0.1698 0.1694 0.1668 
           9  1 0.1646 0.1707 0.1649 0.1622 0.1691 0.1685 
          10  1 0.1638 0.1695 0.1651 0.1650 0.1707 0.1659 
          11  1 0.1645 0.1675 0.1649 0.1674 0.1706 0.1652 
          12  1 0.1671 0.1675 0.1661 0.1654 0.1624 0.1715 
          13  1 0.1718 0.1621 0.1697 0.1719 0.1598 0.1647 
          14  1 0.1689 0.1583 0.1692 0.1725 0.1643 0.1669 
          15  1 0.1671 0.1673 0.1649 0.1672 0.1667 0.1668 
          16  1 0.1696 0.1599 0.1727 0.1713 0.1615 0.1650 
          17  1 0.1680 0.1617 0.1650 0.1681 0.1686 0.1686 
          18  1 0.1704 0.1614 0.1678 0.1674 0.1654 0.1677 
          19  1 0.1646 0.1675 0.1678 0.1683 0.1655 0.1662 
          20  1 0.1665 0.1649 0.1661 0.1646 0.1672 0.1707 
          21  1 0.1660 0.1658 0.1655 0.1690 0.1689 0.1649 
          22  1 0.1644 0.1695 0.1623 0.1628 0.1706 0.1704 
          23  1 0.1678 0.1643 0.1659 0.1674 0.1665 0.1681 
          24  1 0.1667 0.1619 0.1672 0.1669 0.1659 0.1714 
          25  1 0.1671 0.1699 0.1629 0.1668 0.1665 0.1667 
          26  1 0.1662 0.1649 0.1694 0.1672 0.1684 0.1638 
          27  1 0.1673 0.1669 0.1682 0.1682 0.1663 0.1631 
          28  1 0.1678 0.1623 0.1664 0.1725 0.1647 0.1663 
          29  1 0.1670 0.1634 0.1685 0.1677 0.1683 0.1651 
          30  1 0.1671 0.1598 0.1724 0.1744 0.1601 0.1662 
          31  1 0.1677 0.1635 0.1681 0.1707 0.1644 0.1657 
          32  1 0.1687 0.1557 0.1744 0.1756 0.1619 0.1637 
          33  1 0.1682 0.1585 0.1707 0.1727 0.1644 0.1654 
          34  1 0.1646 0.1703 0.1648 0.1646 0.1659 0.1698 
          35  1 0.1636 0.1671 0.1647 0.1658 0.1704 0.1684 
          36  1 0.1660 0.1619 0.1696 0.1668 0.1687 0.1671 
          37  1 0.1688 0.1623 0.1709 0.1711 0.1606 0.1664 
          38  1 0.1662 0.1710 0.1656 0.1639 0.1639 0.1693 
          39  1 0.1663 0.1671 0.1682 0.1662 0.1659 0.1664 
          40  1 0.1664 0.1655 0.1658 0.1660 0.1676 0.1688 
          41  1 0.1683 0.1641 0.1681 0.1688 0.1639 0.1668 
          42  1 0.1667 0.1609 0.1704 0.1700 0.1650 0.1670 
          43  1 0.1676 0.1674 0.1668 0.1647 0.1676 0.1659 
          44  1 0.1663 0.1653 0.1669 0.1690 0.1666 0.1659 
          45  1 0.1658 0.1633 0.1667 0.1672 0.1678 0.1692 
          46  1 0.1651 0.1646 0.1669 0.1716 0.1658 0.1659 
          47  1 0.1684 0.1720 0.1653 0.1676 0.1628 0.1638 
          48  1 0.1661 0.1666 0.1689 0.1704 0.1614 0.1666 
          49  1 0.1659 0.1652 0.1671 0.1683 0.1673 0.1661 
          50  1 0.1670 0.1696 0.1630 0.1646 0.1699 0.1659 
          51  1 0.1675 0.1680 0.1657 0.1666 0.1637 0.1684 
          52  1 0.1649 0.1667 0.1682 0.1633 0.1679 0.1690 
          53  1 0.1682 0.1641 0.1679 0.1665 0.1665 0.1667 
          54  1 0.1672 0.1622 0.1706 0.1703 0.1638 0.1660 
          55  1 0.1647 0.1757 0.1619 0.1621 0.1683 0.1673 
          56  1 0.1685 0.1707 0.1646 0.1658 0.1652 0.1652 
          57  1 0.1689 0.1637 0.1677 0.1698 0.1640 0.1658 
          58  1 0.1670 0.1680 0.1679 0.1669 0.1633 0.1669 
          59  1 0.1693 0.1650 0.1689 0.1674 0.1631 0.1662 
          60  1 0.1653 0.1630 0.1659 0.1665 0.1701 0.1693 
          61  1 0.1656 0.1687 0.1669 0.1642 0.1696 0.1650 
          62  1 0.1689 0.1635 0.1672 0.1687 0.1670 0.1647 
          63  1 0.1614 0.1678 0.1648 0.1634 0.1722 0.1704 
          64  1 0.1660 0.1667 0.1667 0.1640 0.1667 0.1699 
          65  1 0.1649 0.1737 0.1643 0.1613 0.1692 0.1666 
          66  1 0.1645 0.1672 0.1640 0.1605 0.1749 0.1689 
          67  1 0.1672 0.1649 0.1696 0.1695 0.1629 0.1658 
          68  1 0.1672 0.1638 0.1670 0.1694 0.1658 0.1667 
          69  1 0.1658 0.1668 0.1672 0.1665 0.1679 0.1658 
          70  1 0.1668 0.1607 0.1702 0.1730 0.1613 0.1681 
          71  1 0.1659 0.1677 0.1617 0.1614 0.1759 0.1674 
          72  1 0.1687 0.1643 0.1694 0.1693 0.1627 0.1656 
          73  1 0.1680 0.1616 0.1677 0.1733 0.1657 0.1637 
          74  1 0.1654 0.1714 0.1648 0.1578 0.1727 0.1679 
          75  1 0.1647 0.1756 0.1631 0.1591 0.1698 0.1677 
          76  1 0.1642 0.1702 0.1669 0.1657 0.1650 0.1679 
          77  1 0.1638 0.1697 0.1659 0.1644 0.1696 0.1665 
          78  1 0.1677 0.1628 0.1676 0.1709 0.1665 0.1644 
          79  1 0.1676 0.1665 0.1689 0.1697 0.1619 0.1652 
          80  1 0.1649 0.1728 0.1654 0.1657 0.1659 0.1654 
          81  1 0.1684 0.1631 0.1688 0.1687 0.1629 0.1680 
          82  1 0.1656 0.1654 0.1669 0.1662 0.1699 0.1660 
          83  1 0.1683 0.1645 0.1701 0.1721 0.1581 0.1669 
          84  1 0.1684 0.1663 0.1657 0.1678 0.1652 0.1666 
          85  1 0.1660 0.1658 0.1656 0.1651 0.1717 0.1658 
          86  1 0.1659 0.1669 0.1670 0.1631 0.1675 0.1696 
          87  1 0.1612 0.1793 0.1595 0.1585 0.1730 0.1684 
          88  1 0.1640 0.1702 0.1647 0.1622 0.1698 0.1692 
          89  1 0.1695 0.1664 0.1676 0.1649 0.1655 0.1662 
          90  1 0.1686 0.1556 0.1751 0.1786 0.1577 0.1643 
