           1  1 0.1001 0.1003 0.0999 0.1002 0.0997 0.0999 0.0998 0.1000 0.0997 0.1004 
           2  1 0.1002 0.0998 0.0997 0.1010 0.0999 0.0999 0.0996 0.1000 0.0998 0.1002 
           3  1 0.0996 0.1003 0.1002 0.0996 0.1004 0.1001 0.1003 0.0999 0.0999 0.0997 
           4  1 0.1000 0.0997 0.1000 0.1004 0.0999 0.0997 0.0998 0.0998 0.1003 0.1003 
           5  1 0.0996 0.1001 0.1001 0.1001 0.0999 0.1000 0.0997 0.1004 0.1005 0.0997 
           6  1 0.1002 0.1003 0.0996 0.1004 0.1000 0.0999 0.1005 0.0995 0.0997 0.0999 
           7  1 0.0999 0.1000 0.1005 0.0991 0.1004 0.1004 0.0995 0.1004 0.0998 0.1000 
           8  1 0.0997 0.0998 0.1002 0.1000 0.0998 0.1002 0.1003 0.1000 0.0998 0.1002 
           9  1 0.0999 0.0998 0.0999 0.1003 0.0997 0.0995 0.1003 0.0999 0.0999 0.1008 
          10  1 0.0999 0.1002 0.0999 0.1002 0.1000 0.1003 0.1002 0.1001 0.0997 0.0996 
          11  1 0.1001 0.0999 0.0999 0.1002 0.1000 0.0997 0.1000 0.0999 0.1003 0.1000 
          12  1 0.1001 0.1003 0.1002 0.0999 0.0997 0.1000 0.1000 0.1000 0.0996 0.1000 
          13  1 0.0994 0.1002 0.1012 0.0993 0.0998 0.0999 0.1002 0.1002 0.1002 0.0995 
          14  1 0.1003 0.0998 0.1006 0.0996 0.1005 0.0999 0.0998 0.1003 0.1000 0.0992 
          15  1 0.0998 0.1001 0.1005 0.1000 0.0998 0.1001 0.0997 0.0998 0.1005 0.0998 
          16  1 0.0999 0.1002 0.1006 0.1002 0.0999 0.0999 0.1001 0.0999 0.1001 0.0992 
          17  1 0.1000 0.0999 0.0997 0.1004 0.1002 0.1003 0.0996 0.0997 0.0999 0.1003 
          18  1 0.1003 0.0997 0.1004 0.1006 0.0999 0.0997 0.0998 0.0998 0.1001 0.0998 
          19  1 0.1000 0.1001 0.0999 0.1003 0.1001 0.0997 0.1000 0.0999 0.0997 0.1002 
          20  1 0.1002 0.1003 0.0993 0.1001 0.1002 0.0998 0.1000 0.1002 0.1003 0.0998 
          21  1 0.0997 0.1000 0.1003 0.0997 0.1001 0.1000 0.0998 0.0998 0.1000 0.1006 
          22  1 0.0997 0.1002 0.0996 0.1003 0.0999 0.1004 0.1001 0.1001 0.1000 0.0998 
          23  1 0.0999 0.1002 0.1002 0.0997 0.0998 0.1000 0.0999 0.0999 0.1002 0.1001 
          24  1 0.1000 0.0996 0.1000 0.1000 0.1002 0.1002 0.1001 0.0999 0.1004 0.0995 
          25  1 0.1002 0.1001 0.1001 0.1005 0.0999 0.0998 0.1001 0.0998 0.0996 0.0999 
          26  1 0.0997 0.1003 0.1000 0.1004 0.1000 0.0999 0.1002 0.0995 0.0998 0.1001 
          27  1 0.1000 0.1003 0.1000 0.1000 0.1002 0.1004 0.1001 0.0996 0.0994 0.0999 
          28  1 0.1004 0.1000 0.1001 0.1002 0.1006 0.1000 0.0999 0.0996 0.0999 0.0993 
          29  1 0.0999 0.1001 0.1001 0.0999 0.0998 0.0998 0.1002 0.0999 0.0999 0.1005 
          30  1 0.0998 0.1001 0.1009 0.0992 0.1003 0.0999 0.0998 0.1004 0.1003 0.0992 
          31  1 0.0997 0.1004 0.1006 0.0995 0.1002 0.1001 0.1001 0.0999 0.1001 0.0993 
          32  1 0.0998 0.1003 0.1010 0.0993 0.1004 0.1001 0.0999 0.1000 0.0999 0.0993 
          33  1 0.0997 0.1001 0.1006 0.0997 0.1001 0.1003 0.0996 0.1000 0.1000 0.0998 
          34  1 0.0999 0.0998 0.1001 0.1004 0.1000 0.1001 0.1002 0.0999 0.0998 0.0998 
          35  1 0.1003 0.0998 0.1000 0.0999 0.0995 0.1001 0.1001 0.0998 0.0999 0.1005 
          36  1 0.0999 0.1003 0.0998 0.0996 0.1000 0.1005 0.0996 0.0999 0.1004 0.0999 
          37  1 0.0996 0.1000 0.1005 0.0998 0.1000 0.1003 0.0998 0.1006 0.0998 0.0995 
          38  1 0.1003 0.0998 0.0996 0.1003 0.0998 0.1001 0.0999 0.0996 0.1004 0.1002 
          39  1 0.0996 0.1002 0.1004 0.0997 0.0997 0.0999 0.1006 0.1000 0.0997 0.1003 
          40  1 0.1003 0.1000 0.0995 0.1002 0.0999 0.1003 0.1003 0.0996 0.0996 0.1003 
          41  1 0.0995 0.0997 0.1001 0.1002 0.0998 0.1002 0.1001 0.0999 0.1001 0.1004 
          42  1 0.0995 0.1005 0.1006 0.0998 0.1004 0.1001 0.0997 0.0998 0.1002 0.0995 
          43  1 0.0999 0.0998 0.1001 0.1001 0.0999 0.0998 0.1000 0.1000 0.1001 0.1002 
          44  1 0.1000 0.0997 0.1000 0.1003 0.0998 0.1001 0.1001 0.1002 0.0998 0.1000 
          45  1 0.0998 0.1003 0.0999 0.0998 0.0999 0.0999 0.1001 0.1003 0.0999 0.1000 
          46  1 0.0999 0.0999 0.0999 0.0996 0.1002 0.1003 0.1000 0.1003 0.1000 0.0998 
          47  1 0.1000 0.0998 0.1001 0.0998 0.0998 0.1001 0.1002 0.1002 0.1005 0.0996 
          48  1 0.1002 0.1000 0.1004 0.0995 0.1002 0.0999 0.1001 0.1001 0.1001 0.0995 
          49  1 0.1001 0.0999 0.1002 0.1002 0.0999 0.1000 0.1001 0.0998 0.0998 0.1001 
          50  1 0.1000 0.1000 0.0999 0.1001 0.0997 0.1000 0.0999 0.1000 0.1000 0.1005 
          51  1 0.0998 0.0999 0.1001 0.1003 0.1000 0.0997 0.1001 0.1003 0.1002 0.0997 
          52  1 0.1001 0.0999 0.1000 0.1002 0.0999 0.1000 0.1000 0.1001 0.0999 0.0999 
          53  1 0.0995 0.1000 0.0999 0.1000 0.0996 0.1000 0.0999 0.1005 0.1003 0.1003 
          54  1 0.0998 0.1000 0.1003 0.1000 0.1004 0.1001 0.0997 0.0999 0.1004 0.0993 
          55  1 0.1002 0.0996 0.0991 0.1006 0.0997 0.0998 0.1003 0.0997 0.1002 0.1008 
          56  1 0.0995 0.1002 0.1000 0.1000 0.1000 0.1000 0.0997 0.1001 0.1003 0.1002 
          57  1 0.1002 0.0998 0.0998 0.1000 0.1002 0.0999 0.1001 0.1000 0.1001 0.0999 
          58  1 0.0999 0.0997 0.0997 0.1005 0.1000 0.0999 0.1002 0.1002 0.1002 0.0997 
          59  1 0.0999 0.1005 0.1005 0.0999 0.1003 0.0997 0.0999 0.1001 0.0997 0.0995 
          60  1 0.0994 0.1003 0.1002 0.1002 0.1000 0.0999 0.1000 0.0997 0.1003 0.0999 
          61  1 0.1001 0.0999 0.0995 0.1003 0.1000 0.0999 0.1000 0.0998 0.1000 0.1004 
          62  1 0.0998 0.1000 0.1003 0.1000 0.1006 0.0997 0.0994 0.0999 0.1000 0.1003 
          63  1 0.0997 0.1000 0.1000 0.1002 0.1000 0.1003 0.1002 0.0998 0.0998 0.0999 
          64  1 0.1004 0.0995 0.0996 0.1004 0.0997 0.1000 0.1003 0.0996 0.1001 0.1005 
          65  1 0.1001 0.0995 0.0999 0.1002 0.1001 0.0996 0.1002 0.1002 0.1000 0.1002 
          66  1 0.0997 0.1002 0.1000 0.1010 0.0998 0.0998 0.1000 0.0996 0.0999 0.0999 
          67  1 0.1000 0.0994 0.1004 0.0997 0.0998 0.1003 0.1000 0.0999 0.1007 0.0996 
          68  1 0.1001 0.1002 0.1003 0.0997 0.0998 0.0996 0.1005 0.0999 0.0999 0.1000 
          69  1 0.1000 0.1002 0.0996 0.1005 0.1000 0.0999 0.1001 0.0996 0.0997 0.1003 
          70  1 0.1000 0.1003 0.1009 0.0993 0.1001 0.0997 0.0997 0.1002 0.1002 0.0996 
          71  1 0.1002 0.0996 0.0994 0.1002 0.0997 0.0999 0.1000 0.1000 0.1002 0.1008 
          72  1 0.0999 0.1004 0.1005 0.0994 0.0998 0.1000 0.0998 0.1003 0.1003 0.0996 
          73  1 0.1002 0.1002 0.1004 0.0998 0.0999 0.0998 0.1001 0.1000 0.1000 0.0995 
          74  1 0.1003 0.0996 0.0998 0.1008 0.0998 0.0993 0.1004 0.0997 0.1001 0.1003 
          75  1 0.1002 0.0999 0.0993 0.1004 0.1000 0.1001 0.1000 0.0998 0.0999 0.1004 
          76  1 0.0998 0.0998 0.0996 0.1006 0.0995 0.1002 0.0998 0.1002 0.1001 0.1004 
          77  1 0.1006 0.0996 0.0997 0.1005 0.0998 0.0999 0.0999 0.0996 0.1002 0.1002 
          78  1 0.0997 0.0998 0.1002 0.0998 0.1001 0.1000 0.1003 0.1001 0.1000 0.1001 
          79  1 0.0999 0.1002 0.0999 0.0994 0.1002 0.1002 0.0998 0.0998 0.1007 0.0999 
          80  1 0.0998 0.0999 0.1004 0.0998 0.1002 0.0996 0.1000 0.1001 0.0999 0.1002 
          81  1 0.1003 0.0999 0.1001 0.0999 0.1000 0.1001 0.1000 0.0999 0.0999 0.0999 
          82  1 0.1003 0.1001 0.1000 0.0999 0.1002 0.0998 0.0998 0.1000 0.1001 0.0997 
          83  1 0.0996 0.1002 0.1008 0.0998 0.0999 0.1003 0.0993 0.1003 0.1003 0.0995 
          84  1 0.0999 0.1004 0.1000 0.1000 0.1001 0.0997 0.1000 0.1002 0.1000 0.0997 
          85  1 0.0996 0.1003 0.1001 0.0999 0.0998 0.1005 0.0997 0.1000 0.1004 0.0998 
          86  1 0.1001 0.0999 0.1001 0.0996 0.1000 0.1004 0.0995 0.0994 0.1001 0.1007 
          87  1 0.0997 0.0998 0.0996 0.1002 0.1000 0.1000 0.1001 0.1000 0.1001 0.1004 
          88  1 0.1003 0.0996 0.0998 0.1007 0.1000 0.0996 0.0997 0.0998 0.1003 0.1002 
          89  1 0.0997 0.1004 0.1003 0.1000 0.0993 0.1002 0.1001 0.1002 0.1000 0.0998 
          90  1 0.0995 0.0999 0.1016 0.0996 0.1000 0.1000 0.0994 0.1007 0.1003 0.0990 
