           1  1 0.1002 0.1003 0.1001 0.0998 0.1000 0.1000 0.0998 0.1001 0.1001 0.0996 
           2  1 0.1001 0.1000 0.1005 0.1000 0.0999 0.0998 0.1004 0.0996 0.0999 0.0998 
           3  1 0.0998 0.1010 0.0996 0.0998 0.1001 0.1000 0.0990 0.1000 0.1002 0.1005 
           4  1 0.1001 0.0997 0.0999 0.0996 0.1001 0.0996 0.1006 0.0998 0.1000 0.1004 
           5  1 0.1000 0.1002 0.0998 0.1001 0.1001 0.0996 0.0995 0.1002 0.0999 0.1006 
           6  1 0.0999 0.0997 0.0998 0.0999 0.1005 0.1007 0.1006 0.0998 0.0995 0.0997 
           7  1 0.1002 0.1004 0.0995 0.1000 0.1001 0.0999 0.0992 0.0999 0.1007 0.1000 
           8  1 0.0997 0.0992 0.0997 0.1003 0.0997 0.0998 0.1017 0.0997 0.1001 0.1000 
           9  1 0.1001 0.0993 0.1004 0.1002 0.0997 0.1001 0.0999 0.1000 0.1000 0.1002 
          10  1 0.0997 0.0997 0.1003 0.1001 0.0999 0.0998 0.0995 0.1004 0.1004 0.1001 
          11  1 0.1002 0.0998 0.0999 0.0998 0.1000 0.1002 0.0999 0.1000 0.1002 0.1000 
          12  1 0.0998 0.1001 0.1001 0.0998 0.1000 0.1001 0.1000 0.0999 0.1002 0.0999 
          13  1 0.0999 0.1014 0.0994 0.0995 0.1001 0.0989 0.0998 0.0998 0.1003 0.1007 
          14  1 0.0999 0.1007 0.0998 0.1001 0.1002 0.0997 0.0994 0.1001 0.1007 0.0994 
          15  1 0.1005 0.1005 0.1000 0.0997 0.1000 0.0995 0.0992 0.1001 0.1000 0.1006 
          16  1 0.0999 0.1009 0.0996 0.1003 0.1005 0.0994 0.0992 0.0998 0.1002 0.1002 
          17  1 0.0998 0.0998 0.0995 0.1004 0.1000 0.1001 0.0999 0.1000 0.1000 0.1006 
          18  1 0.1001 0.1003 0.0998 0.0998 0.1000 0.0996 0.0996 0.1003 0.1001 0.1005 
          19  1 0.1000 0.1001 0.1000 0.0996 0.0999 0.1001 0.1003 0.1000 0.1001 0.0998 
          20  1 0.1000 0.0998 0.0999 0.1000 0.1000 0.1002 0.0998 0.0999 0.1002 0.1001 
          21  1 0.1000 0.0995 0.0998 0.0997 0.1004 0.0998 0.1017 0.1002 0.0994 0.0993 
          22  1 0.1000 0.0998 0.1000 0.1001 0.1000 0.1002 0.1008 0.0997 0.0996 0.0998 
          23  1 0.0996 0.1003 0.1001 0.0999 0.1001 0.1000 0.1000 0.1001 0.0998 0.1001 
          24  1 0.1003 0.1002 0.1001 0.1001 0.1000 0.0999 0.0996 0.1000 0.1000 0.0997 
          25  1 0.1001 0.1001 0.0997 0.0998 0.0999 0.1006 0.0995 0.1001 0.1000 0.1002 
          26  1 0.0997 0.0998 0.1001 0.0999 0.0999 0.1005 0.0996 0.1005 0.0998 0.1004 
          27  1 0.1005 0.0999 0.1001 0.0997 0.1005 0.0999 0.0995 0.0997 0.1004 0.0998 
          28  1 0.1002 0.1006 0.0998 0.0997 0.1000 0.1000 0.0992 0.1002 0.1003 0.1000 
          29  1 0.0995 0.1000 0.1000 0.0999 0.1002 0.1004 0.0992 0.1003 0.1002 0.1003 
          30  1 0.0998 0.1009 0.0995 0.0998 0.1003 0.0992 0.0987 0.1003 0.1009 0.1006 
          31  1 0.0999 0.1008 0.1000 0.0998 0.1002 0.0996 0.0994 0.0997 0.1002 0.1004 
          32  1 0.0999 0.1011 0.0996 0.1001 0.1003 0.0992 0.0984 0.1000 0.1013 0.1001 
          33  1 0.1001 0.1006 0.0993 0.0996 0.1003 0.1003 0.0997 0.0999 0.1001 0.0999 
          34  1 0.1004 0.1001 0.1002 0.0997 0.0999 0.1006 0.1000 0.0999 0.0996 0.0998 
          35  1 0.1000 0.0996 0.1002 0.1000 0.1003 0.1002 0.1004 0.0994 0.0999 0.0999 
          36  1 0.1001 0.0999 0.1002 0.1009 0.1003 0.0995 0.0994 0.0999 0.1002 0.0997 
          37  1 0.1002 0.1006 0.0999 0.0997 0.1004 0.0992 0.0993 0.1003 0.1001 0.1004 
          38  1 0.1002 0.0995 0.1002 0.0996 0.0996 0.1003 0.1006 0.1000 0.1002 0.0998 
          39  1 0.0999 0.0996 0.0997 0.0996 0.1004 0.1000 0.1016 0.0996 0.1000 0.0997 
          40  1 0.0999 0.0999 0.1001 0.0999 0.0997 0.1004 0.1004 0.1000 0.1000 0.0997 
          41  1 0.1001 0.1000 0.0999 0.0996 0.1004 0.1000 0.1009 0.1000 0.0996 0.0996 
          42  1 0.0999 0.1005 0.0998 0.1004 0.1002 0.0992 0.0994 0.1001 0.1003 0.1001 
          43  1 0.1002 0.0995 0.1002 0.0999 0.1003 0.0995 0.1011 0.0997 0.1002 0.0995 
          44  1 0.1001 0.1003 0.1004 0.0996 0.1003 0.1001 0.0997 0.0999 0.0994 0.1001 
          45  1 0.0994 0.1003 0.0997 0.0995 0.0998 0.1004 0.1009 0.1004 0.1003 0.0993 
          46  1 0.1004 0.1007 0.0994 0.1000 0.1001 0.0999 0.0993 0.1000 0.1000 0.1001 
          47  1 0.0999 0.1003 0.1001 0.0996 0.1001 0.0998 0.0996 0.1003 0.1000 0.1003 
          48  1 0.0994 0.1008 0.0993 0.1003 0.1002 0.1001 0.0996 0.0995 0.1005 0.1004 
          49  1 0.1002 0.0995 0.1002 0.1003 0.0999 0.1001 0.0997 0.0998 0.1002 0.1002 
          50  1 0.0998 0.0993 0.0999 0.1004 0.0997 0.0998 0.1007 0.1003 0.1000 0.1000 
          51  1 0.1000 0.1000 0.1000 0.1006 0.0998 0.0997 0.0997 0.0998 0.1000 0.1004 
          52  1 0.0998 0.1004 0.0999 0.0998 0.1000 0.1000 0.0999 0.1002 0.1001 0.0999 
          53  1 0.1000 0.1001 0.1004 0.1000 0.1000 0.0997 0.0996 0.1007 0.0998 0.0996 
          54  1 0.0997 0.1007 0.0995 0.0996 0.1001 0.1007 0.0996 0.1002 0.1000 0.0998 
          55  1 0.1005 0.0994 0.1006 0.1001 0.0993 0.0999 0.1012 0.1000 0.0996 0.0993 
          56  1 0.0997 0.1003 0.1003 0.0999 0.1002 0.1000 0.0998 0.0999 0.0996 0.1002 
          57  1 0.0996 0.1003 0.0998 0.1001 0.1001 0.0999 0.1001 0.0998 0.1002 0.1001 
          58  1 0.1004 0.1001 0.1005 0.0997 0.0997 0.0997 0.1000 0.0999 0.0999 0.1001 
          59  1 0.0997 0.1005 0.0994 0.0999 0.1001 0.1007 0.0992 0.1000 0.1005 0.1002 
          60  1 0.0999 0.0999 0.1000 0.1000 0.0998 0.1002 0.1004 0.1004 0.0996 0.0999 
          61  1 0.1001 0.0995 0.1001 0.1005 0.0996 0.1005 0.0998 0.1004 0.0995 0.0998 
          62  1 0.0999 0.1001 0.0998 0.1006 0.1002 0.0998 0.0997 0.1003 0.1001 0.0995 
          63  1 0.1007 0.0996 0.1007 0.0996 0.0992 0.1000 0.1011 0.1000 0.0994 0.0998 
          64  1 0.1001 0.0996 0.0999 0.1001 0.0995 0.1005 0.1009 0.0999 0.0998 0.0996 
          65  1 0.1000 0.0994 0.1000 0.0991 0.1005 0.0999 0.1023 0.0991 0.1002 0.0995 
          66  1 0.0998 0.0992 0.1003 0.0997 0.0995 0.1010 0.1005 0.1002 0.0994 0.1004 
          67  1 0.0997 0.1003 0.1003 0.0998 0.1001 0.0999 0.1004 0.0997 0.0998 0.0999 
          68  1 0.0996 0.0997 0.0997 0.1001 0.1004 0.0997 0.1017 0.0992 0.1001 0.0998 
          69  1 0.1000 0.0991 0.1000 0.1001 0.0997 0.0999 0.1019 0.0994 0.1002 0.0998 
          70  1 0.0997 0.1008 0.1000 0.0999 0.1006 0.0994 0.0991 0.1005 0.1001 0.0999 
          71  1 0.0999 0.0999 0.1001 0.1000 0.1001 0.1004 0.1004 0.0996 0.0992 0.1004 
          72  1 0.0998 0.1003 0.1002 0.0998 0.1001 0.0997 0.0995 0.1000 0.1008 0.0999 
          73  1 0.0999 0.1006 0.0997 0.1002 0.0997 0.0997 0.0997 0.1001 0.1003 0.1001 
          74  1 0.1002 0.0995 0.1003 0.1001 0.1002 0.0999 0.1004 0.0997 0.0997 0.0999 
          75  1 0.0998 0.0993 0.0999 0.0996 0.0997 0.1012 0.1015 0.1000 0.0998 0.0992 
          76  1 0.1005 0.0991 0.1001 0.1002 0.1002 0.1000 0.1007 0.0999 0.0999 0.0994 
          77  1 0.1002 0.0998 0.1002 0.0999 0.1002 0.0998 0.1007 0.0997 0.0998 0.0997 
          78  1 0.0998 0.1009 0.0998 0.1002 0.1001 0.0995 0.0997 0.0998 0.1001 0.1001 
          79  1 0.0999 0.1003 0.1002 0.0996 0.1000 0.0998 0.0994 0.1004 0.1001 0.1002 
          80  1 0.0998 0.0999 0.0997 0.0998 0.1004 0.1000 0.1006 0.0998 0.1001 0.1000 
          81  1 0.0998 0.1002 0.0998 0.1001 0.1003 0.0998 0.0995 0.1002 0.0999 0.1004 
          82  1 0.1005 0.1000 0.0996 0.1003 0.0999 0.1001 0.0996 0.1000 0.1000 0.0999 
          83  1 0.1001 0.1009 0.0996 0.0996 0.1007 0.0991 0.0988 0.1002 0.1008 0.1003 
          84  1 0.1004 0.1002 0.0996 0.1000 0.0998 0.1001 0.1000 0.0996 0.1002 0.1002 
          85  1 0.1002 0.1005 0.0999 0.1003 0.0997 0.1002 0.0996 0.1001 0.1000 0.0996 
          86  1 0.0999 0.0998 0.1001 0.1002 0.0998 0.1007 0.1002 0.0997 0.0999 0.0998 
          87  1 0.1000 0.0994 0.1004 0.1001 0.0998 0.1003 0.1003 0.0999 0.0996 0.1001 
          88  1 0.1002 0.0995 0.0998 0.1001 0.1005 0.0998 0.1013 0.0993 0.1000 0.0994 
          89  1 0.1003 0.1002 0.1002 0.1000 0.1000 0.0998 0.0992 0.0998 0.1004 0.1000 
          90  1 0.0998 0.1013 0.0995 0.1002 0.1007 0.0990 0.0988 0.0996 0.1006 0.1005 
