           1  1 0.2487 0.2508 0.2516 0.2488 
           2  1 0.2465 0.2508 0.2533 0.2494 
           3  1 0.2497 0.2503 0.2475 0.2525 
           4  1 0.2479 0.2496 0.2532 0.2492 
           5  1 0.2497 0.2503 0.2480 0.2519 
           6  1 0.2494 0.2499 0.2524 0.2484 
           7  1 0.2530 0.2491 0.2463 0.2516 
           8  1 0.2513 0.2474 0.2527 0.2485 
           9  1 0.2484 0.2507 0.2513 0.2497 
          10  1 0.2466 0.2533 0.2519 0.2482 
          11  1 0.2498 0.2484 0.2521 0.2497 
          12  1 0.2506 0.2500 0.2479 0.2515 
          13  1 0.2511 0.2499 0.2446 0.2545 
          14  1 0.2522 0.2474 0.2483 0.2521 
          15  1 0.2528 0.2477 0.2470 0.2525 
          16  1 0.2538 0.2480 0.2475 0.2508 
          17  1 0.2477 0.2514 0.2485 0.2523 
          18  1 0.2540 0.2475 0.2488 0.2497 
          19  1 0.2488 0.2509 0.2523 0.2479 
          20  1 0.2509 0.2482 0.2527 0.2482 
          21  1 0.2506 0.2497 0.2520 0.2477 
          22  1 0.2501 0.2509 0.2505 0.2485 
          23  1 0.2497 0.2521 0.2464 0.2518 
          24  1 0.2505 0.2517 0.2462 0.2516 
          25  1 0.2484 0.2512 0.2500 0.2504 
          26  1 0.2493 0.2521 0.2475 0.2511 
          27  1 0.2514 0.2492 0.2505 0.2490 
          28  1 0.2542 0.2478 0.2491 0.2489 
          29  1 0.2506 0.2482 0.2492 0.2519 
          30  1 0.2492 0.2508 0.2456 0.2544 
          31  1 0.2503 0.2496 0.2509 0.2491 
          32  1 0.2554 0.2483 0.2436 0.2527 
          33  1 0.2511 0.2499 0.2466 0.2524 
          34  1 0.2515 0.2492 0.2501 0.2492 
          35  1 0.2474 0.2499 0.2528 0.2499 
          36  1 0.2489 0.2499 0.2488 0.2524 
          37  1 0.2506 0.2507 0.2479 0.2509 
          38  1 0.2486 0.2496 0.2514 0.2505 
          39  1 0.2485 0.2500 0.2538 0.2477 
          40  1 0.2503 0.2477 0.2523 0.2497 
          41  1 0.2494 0.2510 0.2489 0.2507 
          42  1 0.2501 0.2519 0.2479 0.2501 
          43  1 0.2485 0.2495 0.2529 0.2491 
          44  1 0.2500 0.2510 0.2485 0.2506 
          45  1 0.2521 0.2499 0.2469 0.2511 
          46  1 0.2528 0.2474 0.2483 0.2515 
          47  1 0.2501 0.2517 0.2460 0.2522 
          48  1 0.2513 0.2502 0.2462 0.2524 
          49  1 0.2499 0.2488 0.2488 0.2525 
          50  1 0.2484 0.2503 0.2501 0.2512 
          51  1 0.2508 0.2524 0.2492 0.2476 
          52  1 0.2498 0.2532 0.2491 0.2479 
          53  1 0.2499 0.2501 0.2493 0.2507 
          54  1 0.2539 0.2474 0.2466 0.2521 
          55  1 0.2479 0.2493 0.2564 0.2464 
          56  1 0.2501 0.2510 0.2471 0.2517 
          57  1 0.2478 0.2497 0.2509 0.2516 
          58  1 0.2493 0.2498 0.2516 0.2493 
          59  1 0.2505 0.2501 0.2474 0.2520 
          60  1 0.2491 0.2508 0.2494 0.2507 
          61  1 0.2504 0.2504 0.2501 0.2491 
          62  1 0.2508 0.2506 0.2484 0.2502 
          63  1 0.2468 0.2524 0.2521 0.2487 
          64  1 0.2485 0.2483 0.2548 0.2484 
          65  1 0.2476 0.2480 0.2547 0.2498 
          66  1 0.2473 0.2515 0.2507 0.2504 
          67  1 0.2512 0.2495 0.2493 0.2500 
          68  1 0.2488 0.2486 0.2505 0.2521 
          69  1 0.2476 0.2509 0.2546 0.2469 
          70  1 0.2523 0.2476 0.2469 0.2531 
          71  1 0.2487 0.2482 0.2562 0.2469 
          72  1 0.2517 0.2490 0.2479 0.2514 
          73  1 0.2507 0.2513 0.2461 0.2518 
          74  1 0.2475 0.2500 0.2524 0.2501 
          75  1 0.2480 0.2518 0.2529 0.2473 
          76  1 0.2504 0.2496 0.2515 0.2485 
          77  1 0.2479 0.2524 0.2535 0.2461 
          78  1 0.2518 0.2498 0.2477 0.2508 
          79  1 0.2514 0.2469 0.2501 0.2516 
          80  1 0.2517 0.2498 0.2478 0.2507 
          81  1 0.2505 0.2500 0.2496 0.2499 
          82  1 0.2486 0.2514 0.2506 0.2494 
          83  1 0.2523 0.2504 0.2469 0.2505 
          84  1 0.2516 0.2500 0.2478 0.2506 
          85  1 0.2497 0.2502 0.2483 0.2518 
          86  1 0.2499 0.2516 0.2499 0.2485 
          87  1 0.2464 0.2538 0.2518 0.2480 
          88  1 0.2505 0.2502 0.2503 0.2490 
          89  1 0.2510 0.2491 0.2498 0.2501 
          90  1 0.2528 0.2487 0.2444 0.2541 
