  1:   0.2540  0.2570  0.2520  0.2370  1
  2:   0.2440  0.2400  0.2470  0.2690  1
  3:   0.2462  0.2422  0.2523  0.2593  1
  4:   0.2507  0.2488  0.2517  0.2488  1
  5:   0.2400  0.2380  0.2470  0.2750  1
  6:   0.2492  0.2533  0.2523  0.2452  1
  7:   0.2540  0.2540  0.2500  0.2420  1
  8:   0.2530  0.2520  0.2490  0.2460  1
  9:   0.2460  0.2420  0.2490  0.2630  1
 10:   0.2482  0.2472  0.2503  0.2543  1
 11:   0.2470  0.2450  0.2480  0.2600  1
 12:   0.2450  0.2440  0.2490  0.2620  1
 13:   0.2530  0.2530  0.2510  0.2430  1
 14:   0.2570  0.2640  0.2520  0.2270  1
 15:   0.2570  0.2590  0.2520  0.2320  1
 16:   0.2430  0.2390  0.2480  0.2700  1
 17:   0.2430  0.2400  0.2480  0.2690  1
 18:   0.2597  0.2627  0.2507  0.2268  1
 19:   0.2480  0.2460  0.2500  0.2560  1
 20:   0.2490  0.2460  0.2510  0.2540  1
 21:   0.2460  0.2440  0.2510  0.2590  1
 22:   0.2480  0.2480  0.2510  0.2530  1
 23:   0.2470  0.2450  0.2490  0.2590  1
 24:   0.2460  0.2420  0.2480  0.2640  1
 25:   0.2450  0.2390  0.2470  0.2690  1
 26:   0.2553  0.2543  0.2503  0.2402  1
 27:   0.2460  0.2450  0.2510  0.2580  1
 28:   0.2458  0.2448  0.2507  0.2587  1
 29:   0.2480  0.2480  0.2510  0.2530  1
 30:   0.2460  0.2420  0.2460  0.2660  1
 31:   0.2540  0.2610  0.2490  0.2360  1
 32:   0.2462  0.2492  0.2513  0.2533  1
 33:   0.2472  0.2442  0.2503  0.2583  1
 34:   0.2510  0.2510  0.2510  0.2470  1
 35:   0.2507  0.2498  0.2507  0.2488  1
 36:   0.2498  0.2527  0.2488  0.2488  1
 37:   0.2500  0.2520  0.2490  0.2490  1
 38:   0.2510  0.2510  0.2490  0.2490  1
 39:   0.2550  0.2620  0.2510  0.2320  1
 40:   0.2450  0.2410  0.2510  0.2630  1
 41:   0.2440  0.2390  0.2470  0.2700  1
 42:   0.2573  0.2603  0.2492  0.2332  1
 43:   0.2520  0.2530  0.2490  0.2460  1
 44:   0.2547  0.2537  0.2517  0.2398  1
 45:   0.2510  0.2550  0.2500  0.2440  1
 46:   0.2490  0.2460  0.2500  0.2550  1
 47:   0.2530  0.2520  0.2470  0.2480  1
 48:   0.2430  0.2370  0.2480  0.2720  1
 49:   0.2610  0.2690  0.2520  0.2180  1
 50:   0.2540  0.2580  0.2500  0.2380  1
 51:   0.2523  0.2543  0.2513  0.2422  1
 52:   0.2408  0.2338  0.2498  0.2757  1
 53:   0.2408  0.2338  0.2478  0.2777  1
 54:   0.2440  0.2430  0.2480  0.2650  1
 55:   0.2460  0.2460  0.2460  0.2620  1
 56:   0.2540  0.2530  0.2520  0.2410  1
 57:   0.2540  0.2600  0.2500  0.2360  1
 58:   0.2470  0.2470  0.2480  0.2580  1
 59:   0.2550  0.2630  0.2520  0.2300  1
 60:   0.2573  0.2623  0.2513  0.2292  1
 61:   0.2520  0.2540  0.2500  0.2440  1
 62:   0.2520  0.2510  0.2540  0.2430  1
 63:   0.2540  0.2540  0.2500  0.2420  1
 64:   0.2462  0.2503  0.2513  0.2523  1
 65:   0.2450  0.2390  0.2490  0.2670  1
 66:   0.2523  0.2563  0.2492  0.2422  1
 67:   0.2510  0.2550  0.2490  0.2450  1
 68:   0.2472  0.2452  0.2503  0.2573  1
 69:   0.2500  0.2530  0.2500  0.2470  1
 70:   0.2490  0.2490  0.2490  0.2530  1
 71:   0.2500  0.2550  0.2510  0.2440  1
 72:   0.2540  0.2530  0.2490  0.2440  1
 73:   0.2460  0.2400  0.2470  0.2670  1
 74:   0.2590  0.2650  0.2520  0.2240  1
 75:   0.2553  0.2603  0.2523  0.2322  1
 76:   0.2540  0.2570  0.2520  0.2370  1
 77:   0.2490  0.2490  0.2520  0.2500  1
 78:   0.2550  0.2580  0.2490  0.2380  1
 79:   0.2520  0.2530  0.2490  0.2460  1
 80:   0.2590  0.2710  0.2520  0.2180  1
 81:   0.2530  0.2550  0.2520  0.2400  1
 82:   0.2482  0.2462  0.2482  0.2573  1
 83:   0.2530  0.2560  0.2510  0.2400  1
 84:   0.2500  0.2530  0.2510  0.2460  1
 85:   0.2530  0.2590  0.2510  0.2370  1
 86:   0.2468  0.2458  0.2498  0.2577  1
 87:   0.2530  0.2530  0.2520  0.2420  1
 88:   0.2490  0.2470  0.2490  0.2550  1
 89:   0.2537  0.2557  0.2507  0.2398  1
 90:   0.2460  0.2450  0.2480  0.2610  1
 91:   0.2450  0.2430  0.2490  0.2630  1
 92:   0.2442  0.2402  0.2503  0.2653  1
 93:   0.2440  0.2410  0.2530  0.2620  1
 94:   0.2470  0.2480  0.2520  0.2530  1
 95:   0.2468  0.2458  0.2488  0.2587  1
 96:   0.2553  0.2583  0.2492  0.2372  1
 97:   0.2452  0.2432  0.2492  0.2623  1
 98:   0.2480  0.2480  0.2510  0.2530  1
 99:   0.2470  0.2450  0.2510  0.2570  1
100:   0.2450  0.2400  0.2470  0.2680  1
101:   0.2490  0.2480  0.2500  0.2530  1
102:   0.2553  0.2563  0.2513  0.2372  1
103:   0.2460  0.2410  0.2490  0.2640  1
104:   0.2450  0.2360  0.2470  0.2720  1
105:   0.2462  0.2432  0.2472  0.2633  1
106:   0.2520  0.2550  0.2500  0.2430  1
107:   0.2560  0.2550  0.2500  0.2390  1
108:   0.2490  0.2490  0.2510  0.2510  1
109:   0.2500  0.2460  0.2510  0.2530  1
110:   0.2488  0.2527  0.2507  0.2478  1
111:   0.2570  0.2630  0.2520  0.2280  1
112:   0.2478  0.2448  0.2498  0.2577  1
113:   0.2450  0.2500  0.2480  0.2570  1
114:   0.2490  0.2430  0.2490  0.2590  1
115:   0.2517  0.2527  0.2527  0.2428  1
116:   0.2460  0.2410  0.2510  0.2620  1
117:   0.2450  0.2420  0.2520  0.2610  1
118:   0.2540  0.2560  0.2500  0.2400  1
119:   0.2517  0.2547  0.2537  0.2398  1
120:   0.2500  0.2460  0.2480  0.2560  1
121:   0.2470  0.2440  0.2490  0.2600  1
122:   0.2560  0.2580  0.2530  0.2330  1
123:   0.2540  0.2560  0.2500  0.2400  1
124:   0.2470  0.2420  0.2510  0.2600  1
125:   0.2517  0.2527  0.2498  0.2458  1
126:   0.2560  0.2600  0.2490  0.2350  1
127:   0.2517  0.2517  0.2517  0.2448  1
128:   0.2513  0.2513  0.2523  0.2452  1
129:   0.2488  0.2438  0.2478  0.2597  1
130:   0.2510  0.2510  0.2510  0.2470  1
131:   0.2510  0.2470  0.2500  0.2520  1
132:   0.2470  0.2430  0.2480  0.2620  1
133:   0.2462  0.2432  0.2472  0.2633  1
134:   0.2557  0.2617  0.2498  0.2328  1
135:   0.2500  0.2500  0.2500  0.2500  1
136:   0.2530  0.2550  0.2500  0.2420  1
137:   0.2498  0.2527  0.2498  0.2478  1
138:   0.2430  0.2400  0.2480  0.2690  1
139:   0.2460  0.2440  0.2500  0.2600  1
140:   0.2490  0.2500  0.2510  0.2500  1
141:   0.2492  0.2523  0.2503  0.2482  1
142:   0.2460  0.2460  0.2510  0.2570  1
143:   0.2452  0.2372  0.2492  0.2683  1
144:   0.2490  0.2520  0.2480  0.2510  1
145:   0.2472  0.2472  0.2472  0.2583  1
146:   0.2550  0.2540  0.2500  0.2410  1
147:   0.2550  0.2590  0.2510  0.2350  1
148:   0.2520  0.2570  0.2500  0.2410  1
149:   0.2590  0.2650  0.2510  0.2250  1
150:   0.2527  0.2527  0.2488  0.2458  1

  1:   0.2580  0.2570  0.2460  0.2390  1
  2:   0.2418  0.2388  0.2587  0.2607  1
  3:   0.2428  0.2418  0.2557  0.2597  1
  4:   0.2490  0.2490  0.2530  0.2490  1
  5:   0.2380  0.2380  0.2570  0.2670  1
  6:   0.2530  0.2530  0.2470  0.2470  1
  7:   0.2540  0.2540  0.2460  0.2460  1
  8:   0.2520  0.2520  0.2480  0.2480  1
  9:   0.2418  0.2428  0.2537  0.2617  1
 10:   0.2500  0.2480  0.2500  0.2520  1
 11:   0.2448  0.2458  0.2567  0.2527  1
 12:   0.2460  0.2460  0.2530  0.2550  1
 13:   0.2540  0.2530  0.2460  0.2470  1
 14:   0.2620  0.2670  0.2410  0.2300  1
 15:   0.2590  0.2590  0.2460  0.2360  1
 16:   0.2408  0.2388  0.2557  0.2647  1
 17:   0.2412  0.2412  0.2553  0.2623  1
 18:   0.2620  0.2630  0.2440  0.2310  1
 19:   0.2460  0.2460  0.2520  0.2560  1
 20:   0.2458  0.2458  0.2537  0.2547  1
 21:   0.2450  0.2450  0.2540  0.2560  1
 22:   0.2490  0.2470  0.2510  0.2530  1
 23:   0.2450  0.2430  0.2540  0.2580  1
 24:   0.2430  0.2420  0.2560  0.2590  1
 25:   0.2420  0.2410  0.2570  0.2600  1
 26:   0.2550  0.2530  0.2470  0.2450  1
 27:   0.2460  0.2450  0.2520  0.2570  1
 28:   0.2450  0.2450  0.2500  0.2600  1
 29:   0.2480  0.2480  0.2520  0.2520  1
 30:   0.2402  0.2402  0.2543  0.2653  1
 31:   0.2570  0.2620  0.2420  0.2390  1
 32:   0.2478  0.2498  0.2507  0.2517  1
 33:   0.2448  0.2438  0.2527  0.2587  1
 34:   0.2530  0.2510  0.2500  0.2460  1
 35:   0.2498  0.2498  0.2498  0.2507  1
 36:   0.2503  0.2503  0.2492  0.2503  1
 37:   0.2530  0.2510  0.2470  0.2490  1
 38:   0.2530  0.2510  0.2500  0.2460  1
 39:   0.2620  0.2630  0.2440  0.2310  1
 40:   0.2420  0.2400  0.2580  0.2600  1
 41:   0.2380  0.2380  0.2600  0.2640  1
 42:   0.2573  0.2603  0.2452  0.2372  1
 43:   0.2530  0.2530  0.2490  0.2450  1
 44:   0.2547  0.2537  0.2478  0.2438  1
 45:   0.2530  0.2560  0.2450  0.2460  1
 46:   0.2432  0.2442  0.2553  0.2573  1
 47:   0.2517  0.2517  0.2498  0.2468  1
 48:   0.2380  0.2360  0.2580  0.2680  1
 49:   0.2660  0.2690  0.2380  0.2270  1
 50:   0.2573  0.2583  0.2452  0.2392  1
 51:   0.2557  0.2547  0.2458  0.2438  1
 52:   0.2380  0.2360  0.2580  0.2680  1
 53:   0.2358  0.2348  0.2627  0.2667  1
 54:   0.2430  0.2420  0.2540  0.2610  1
 55:   0.2468  0.2458  0.2527  0.2547  1
 56:   0.2537  0.2537  0.2507  0.2418  1
 57:   0.2580  0.2580  0.2450  0.2390  1
 58:   0.2448  0.2448  0.2537  0.2567  1
 59:   0.2580  0.2600  0.2440  0.2380  1
 60:   0.2610  0.2620  0.2430  0.2340  1
 61:   0.2523  0.2523  0.2472  0.2482  1
 62:   0.2517  0.2507  0.2507  0.2468  1
 63:   0.2533  0.2553  0.2472  0.2442  1
 64:   0.2490  0.2500  0.2480  0.2530  1
 65:   0.2410  0.2400  0.2580  0.2610  1
 66:   0.2560  0.2580  0.2450  0.2410  1
 67:   0.2537  0.2567  0.2468  0.2428  1
 68:   0.2440  0.2450  0.2500  0.2610  1
 69:   0.2530  0.2540  0.2480  0.2450  1
 70:   0.2490  0.2470  0.2510  0.2530  1
 71:   0.2547  0.2567  0.2438  0.2448  1
 72:   0.2537  0.2527  0.2488  0.2448  1
 73:   0.2450  0.2410  0.2540  0.2600  1
 74:   0.2640  0.2660  0.2400  0.2300  1
 75:   0.2603  0.2593  0.2452  0.2352  1
 76:   0.2560  0.2570  0.2450  0.2420  1
 77:   0.2480  0.2490  0.2490  0.2540  1
 78:   0.2577  0.2597  0.2438  0.2388  1
 79:   0.2543  0.2543  0.2472  0.2442  1
 80:   0.2650  0.2700  0.2390  0.2260  1
 81:   0.2540  0.2550  0.2460  0.2450  1
 82:   0.2460  0.2480  0.2510  0.2550  1
 83:   0.2540  0.2540  0.2470  0.2450  1
 84:   0.2530  0.2540  0.2470  0.2460  1
 85:   0.2580  0.2590  0.2440  0.2390  1
 86:   0.2472  0.2472  0.2513  0.2543  1
 87:   0.2547  0.2537  0.2458  0.2458  1
 88:   0.2470  0.2470  0.2500  0.2560  1
 89:   0.2540  0.2540  0.2470  0.2450  1
 90:   0.2430  0.2430  0.2550  0.2590  1
 91:   0.2442  0.2432  0.2553  0.2573  1
 92:   0.2400  0.2390  0.2580  0.2630  1
 93:   0.2422  0.2412  0.2573  0.2593  1
 94:   0.2490  0.2480  0.2510  0.2520  1
 95:   0.2450  0.2460  0.2500  0.2590  1
 96:   0.2550  0.2570  0.2460  0.2420  1
 97:   0.2440  0.2440  0.2540  0.2580  1
 98:   0.2490  0.2490  0.2500  0.2520  1
 99:   0.2460  0.2450  0.2530  0.2560  1
100:   0.2382  0.2362  0.2593  0.2663  1
101:   0.2482  0.2482  0.2503  0.2533  1
102:   0.2577  0.2567  0.2478  0.2378  1
103:   0.2420  0.2420  0.2570  0.2590  1
104:   0.2370  0.2360  0.2580  0.2690  1
105:   0.2442  0.2442  0.2533  0.2583  1
106:   0.2547  0.2547  0.2468  0.2438  1
107:   0.2540  0.2540  0.2490  0.2430  1
108:   0.2472  0.2492  0.2513  0.2523  1
109:   0.2480  0.2470  0.2540  0.2510  1
110:   0.2510  0.2520  0.2490  0.2480  1
111:   0.2600  0.2630  0.2440  0.2330  1
112:   0.2448  0.2448  0.2537  0.2567  1
113:   0.2490  0.2520  0.2480  0.2510  1
114:   0.2420  0.2420  0.2550  0.2610  1
115:   0.2540  0.2540  0.2480  0.2440  1
116:   0.2420  0.2410  0.2560  0.2610  1
117:   0.2450  0.2450  0.2520  0.2580  1
118:   0.2560  0.2560  0.2470  0.2410  1
119:   0.2540  0.2550  0.2470  0.2440  1
120:   0.2480  0.2470  0.2520  0.2530  1
121:   0.2470  0.2480  0.2510  0.2540  1
122:   0.2580  0.2580  0.2460  0.2380  1
123:   0.2540  0.2530  0.2480  0.2450  1
124:   0.2420  0.2420  0.2540  0.2620  1
125:   0.2530  0.2530  0.2490  0.2450  1
126:   0.2563  0.2583  0.2452  0.2402  1
127:   0.2517  0.2517  0.2498  0.2468  1
128:   0.2503  0.2503  0.2492  0.2503  1
129:   0.2452  0.2432  0.2563  0.2553  1
130:   0.2513  0.2523  0.2482  0.2482  1
131:   0.2488  0.2488  0.2517  0.2507  1
132:   0.2430  0.2440  0.2520  0.2610  1
133:   0.2440  0.2430  0.2540  0.2590  1
134:   0.2600  0.2620  0.2430  0.2350  1
135:   0.2520  0.2510  0.2500  0.2470  1
136:   0.2540  0.2540  0.2480  0.2440  1
137:   0.2517  0.2527  0.2458  0.2498  1
138:   0.2420  0.2410  0.2540  0.2630  1
139:   0.2450  0.2440  0.2530  0.2580  1
140:   0.2510  0.2490  0.2510  0.2490  1
141:   0.2510  0.2520  0.2480  0.2490  1
142:   0.2448  0.2428  0.2527  0.2597  1
143:   0.2362  0.2352  0.2573  0.2713  1
144:   0.2527  0.2527  0.2488  0.2458  1
145:   0.2490  0.2490  0.2500  0.2520  1
146:   0.2517  0.2527  0.2507  0.2448  1
147:   0.2577  0.2587  0.2428  0.2408  1
148:   0.2560  0.2570  0.2440  0.2430  1
149:   0.2630  0.2650  0.2420  0.2300  1
150:   0.2530  0.2540  0.2470  0.2460  1

  1:   0.2500  0.2620  0.2470  0.2410  1
  2:   0.2482  0.2322  0.2583  0.2613  1
  3:   0.2470  0.2310  0.2460  0.2760  1
  4:   0.2462  0.2432  0.2452  0.2653  1
  5:   0.2533  0.2312  0.2533  0.2623  1
  6:   0.2498  0.2517  0.2478  0.2507  1
  7:   0.2478  0.2607  0.2517  0.2398  1
  8:   0.2490  0.2560  0.2510  0.2440  1
  9:   0.2500  0.2380  0.2540  0.2580  1
 10:   0.2530  0.2490  0.2530  0.2450  1
 11:   0.2480  0.2370  0.2470  0.2680  1
 12:   0.2490  0.2450  0.2510  0.2550  1
 13:   0.2523  0.2573  0.2523  0.2382  1
 14:   0.2510  0.2740  0.2450  0.2300  1
 15:   0.2520  0.2620  0.2470  0.2390  1
 16:   0.2513  0.2322  0.2533  0.2633  1
 17:   0.2513  0.2352  0.2533  0.2603  1
 18:   0.2480  0.2680  0.2470  0.2370  1
 19:   0.2510  0.2420  0.2470  0.2600  1
 20:   0.2510  0.2480  0.2530  0.2480  1
 21:   0.2490  0.2370  0.2490  0.2650  1
 22:   0.2513  0.2472  0.2513  0.2503  1
 23:   0.2530  0.2410  0.2540  0.2520  1
 24:   0.2503  0.2372  0.2533  0.2593  1
 25:   0.2537  0.2348  0.2577  0.2537  1
 26:   0.2513  0.2543  0.2523  0.2422  1
 27:   0.2520  0.2440  0.2500  0.2540  1
 28:   0.2488  0.2428  0.2547  0.2537  1
 29:   0.2500  0.2470  0.2550  0.2480  1
 30:   0.2490  0.2400  0.2550  0.2560  1
 31:   0.2480  0.2730  0.2420  0.2370  1
 32:   0.2468  0.2478  0.2438  0.2617  1
 33:   0.2490  0.2420  0.2510  0.2580  1
 34:   0.2490  0.2480  0.2470  0.2560  1
 35:   0.2482  0.2503  0.2513  0.2503  1
 36:   0.2490  0.2530  0.2550  0.2430  1
 37:   0.2480  0.2550  0.2560  0.2410  1
 38:   0.2530  0.2570  0.2500  0.2400  1
 39:   0.2490  0.2650  0.2430  0.2430  1
 40:   0.2500  0.2320  0.2500  0.2680  1
 41:   0.2500  0.2330  0.2570  0.2600  1
 42:   0.2492  0.2673  0.2432  0.2402  1
 43:   0.2490  0.2560  0.2480  0.2470  1
 44:   0.2550  0.2570  0.2480  0.2400  1
 45:   0.2490  0.2630  0.2440  0.2440  1
 46:   0.2470  0.2390  0.2530  0.2610  1
 47:   0.2510  0.2560  0.2540  0.2390  1
 48:   0.2540  0.2310  0.2570  0.2580  1
 49:   0.2480  0.2820  0.2420  0.2280  1
 50:   0.2490  0.2670  0.2480  0.2360  1
 51:   0.2490  0.2550  0.2460  0.2500  1
 52:   0.2507  0.2258  0.2478  0.2757  1
 53:   0.2500  0.2270  0.2520  0.2710  1
 54:   0.2500  0.2430  0.2540  0.2530  1
 55:   0.2510  0.2390  0.2530  0.2570  1
 56:   0.2500  0.2480  0.2470  0.2550  1
 57:   0.2482  0.2653  0.2472  0.2392  1
 58:   0.2480  0.2420  0.2590  0.2510  1
 59:   0.2492  0.2683  0.2462  0.2362  1
 60:   0.2503  0.2663  0.2462  0.2372  1
 61:   0.2520  0.2540  0.2510  0.2430  1
 62:   0.2500  0.2470  0.2470  0.2560  1
 63:   0.2460  0.2560  0.2450  0.2530  1
 64:   0.2523  0.2543  0.2462  0.2472  1
 65:   0.2503  0.2292  0.2472  0.2733  1
 66:   0.2478  0.2677  0.2468  0.2378  1
 67:   0.2500  0.2630  0.2470  0.2400  1
 68:   0.2520  0.2440  0.2510  0.2530  1
 69:   0.2488  0.2557  0.2498  0.2458  1
 70:   0.2510  0.2480  0.2490  0.2520  1
 71:   0.2500  0.2640  0.2490  0.2370  1
 72:   0.2490  0.2560  0.2500  0.2450  1
 73:   0.2530  0.2380  0.2540  0.2550  1
 74:   0.2498  0.2707  0.2448  0.2348  1
 75:   0.2510  0.2680  0.2460  0.2350  1
 76:   0.2510  0.2610  0.2470  0.2410  1
 77:   0.2510  0.2490  0.2500  0.2500  1
 78:   0.2500  0.2670  0.2490  0.2340  1
 79:   0.2520  0.2590  0.2500  0.2390  1
 80:   0.2450  0.2850  0.2380  0.2320  1
 81:   0.2530  0.2580  0.2490  0.2400  1
 82:   0.2530  0.2490  0.2470  0.2510  1
 83:   0.2510  0.2570  0.2500  0.2420  1
 84:   0.2507  0.2577  0.2498  0.2418  1
 85:   0.2503  0.2683  0.2482  0.2332  1
 86:   0.2520  0.2490  0.2550  0.2440  1
 87:   0.2500  0.2560  0.2450  0.2490  1
 88:   0.2482  0.2472  0.2563  0.2482  1
 89:   0.2482  0.2553  0.2442  0.2523  1
 90:   0.2510  0.2380  0.2520  0.2590  1
 91:   0.2530  0.2400  0.2530  0.2540  1
 92:   0.2550  0.2370  0.2530  0.2550  1
 93:   0.2492  0.2302  0.2472  0.2733  1
 94:   0.2520  0.2490  0.2500  0.2490  1
 95:   0.2503  0.2462  0.2553  0.2482  1
 96:   0.2490  0.2610  0.2490  0.2410  1
 97:   0.2520  0.2420  0.2560  0.2500  1
 98:   0.2492  0.2462  0.2492  0.2553  1
 99:   0.2480  0.2370  0.2480  0.2670  1
100:   0.2490  0.2330  0.2560  0.2620  1
101:   0.2520  0.2480  0.2520  0.2480  1
102:   0.2500  0.2570  0.2490  0.2440  1
103:   0.2490  0.2380  0.2540  0.2590  1
104:   0.2500  0.2320  0.2580  0.2600  1
105:   0.2480  0.2390  0.2570  0.2560  1
106:   0.2490  0.2570  0.2520  0.2420  1
107:   0.2480  0.2500  0.2450  0.2570  1
108:   0.2507  0.2498  0.2448  0.2547  1
109:   0.2480  0.2410  0.2520  0.2590  1
110:   0.2480  0.2500  0.2460  0.2560  1
111:   0.2488  0.2667  0.2448  0.2398  1
112:   0.2472  0.2392  0.2533  0.2603  1
113:   0.2500  0.2620  0.2480  0.2400  1
114:   0.2460  0.2390  0.2510  0.2640  1
115:   0.2470  0.2510  0.2460  0.2560  1
116:   0.2458  0.2308  0.2448  0.2787  1
117:   0.2482  0.2352  0.2482  0.2683  1
118:   0.2490  0.2570  0.2520  0.2420  1
119:   0.2460  0.2560  0.2470  0.2510  1
120:   0.2480  0.2450  0.2490  0.2580  1
121:   0.2540  0.2460  0.2560  0.2440  1
122:   0.2460  0.2610  0.2440  0.2490  1
123:   0.2500  0.2570  0.2510  0.2420  1
124:   0.2480  0.2350  0.2500  0.2670  1
125:   0.2520  0.2560  0.2490  0.2430  1
126:   0.2488  0.2667  0.2468  0.2378  1
127:   0.2490  0.2490  0.2480  0.2540  1
128:   0.2490  0.2490  0.2510  0.2510  1
129:   0.2500  0.2390  0.2550  0.2560  1
130:   0.2533  0.2523  0.2492  0.2452  1
131:   0.2530  0.2460  0.2560  0.2450  1
132:   0.2520  0.2440  0.2540  0.2500  1
133:   0.2530  0.2430  0.2550  0.2490  1
134:   0.2480  0.2640  0.2430  0.2450  1
135:   0.2540  0.2540  0.2490  0.2430  1
136:   0.2500  0.2550  0.2520  0.2430  1
137:   0.2510  0.2540  0.2540  0.2410  1
138:   0.2530  0.2370  0.2490  0.2610  1
139:   0.2490  0.2440  0.2550  0.2520  1
140:   0.2500  0.2460  0.2470  0.2570  1
141:   0.2500  0.2540  0.2480  0.2480  1
142:   0.2500  0.2400  0.2520  0.2580  1
143:   0.2490  0.2320  0.2510  0.2680  1
144:   0.2510  0.2600  0.2510  0.2380  1
145:   0.2530  0.2490  0.2540  0.2440  1
146:   0.2510  0.2480  0.2500  0.2510  1
147:   0.2500  0.2670  0.2460  0.2370  1
148:   0.2510  0.2680  0.2480  0.2330  1
149:   0.2490  0.2800  0.2440  0.2270  1
150:   0.2530  0.2560  0.2490  0.2420  1

  1:   0.2510  0.2570  0.2500  0.2420  1
  2:   0.2470  0.2390  0.2530  0.2610  1
  3:   0.2460  0.2410  0.2540  0.2590  1
  4:   0.2490  0.2480  0.2510  0.2520  1
  5:   0.2492  0.2362  0.2503  0.2643  1
  6:   0.2520  0.2540  0.2490  0.2450  1
  7:   0.2500  0.2520  0.2490  0.2490  1
  8:   0.2490  0.2520  0.2510  0.2480  1
  9:   0.2490  0.2430  0.2510  0.2570  1
 10:   0.2490  0.2480  0.2500  0.2530  1
 11:   0.2513  0.2462  0.2482  0.2543  1
 12:   0.2500  0.2460  0.2510  0.2530  1
 13:   0.2498  0.2537  0.2488  0.2478  1
 14:   0.2540  0.2650  0.2470  0.2340  1
 15:   0.2523  0.2593  0.2492  0.2392  1
 16:   0.2470  0.2400  0.2520  0.2610  1
 17:   0.2490  0.2410  0.2510  0.2590  1
 18:   0.2530  0.2650  0.2470  0.2350  1
 19:   0.2510  0.2480  0.2500  0.2510  1
 20:   0.2470  0.2460  0.2520  0.2550  1
 21:   0.2490  0.2430  0.2490  0.2590  1
 22:   0.2480  0.2460  0.2520  0.2540  1
 23:   0.2492  0.2452  0.2503  0.2553  1
 24:   0.2440  0.2400  0.2540  0.2620  1
 25:   0.2482  0.2392  0.2513  0.2613  1
 26:   0.2520  0.2550  0.2500  0.2430  1
 27:   0.2488  0.2448  0.2517  0.2547  1
 28:   0.2468  0.2448  0.2547  0.2537  1
 29:   0.2510  0.2470  0.2490  0.2530  1
 30:   0.2460  0.2430  0.2490  0.2620  1
 31:   0.2520  0.2610  0.2470  0.2400  1
 32:   0.2492  0.2503  0.2523  0.2482  1
 33:   0.2488  0.2458  0.2517  0.2537  1
 34:   0.2520  0.2530  0.2480  0.2470  1
 35:   0.2503  0.2492  0.2503  0.2503  1
 36:   0.2513  0.2523  0.2503  0.2462  1
 37:   0.2490  0.2510  0.2530  0.2470  1
 38:   0.2503  0.2523  0.2503  0.2472  1
 39:   0.2560  0.2630  0.2450  0.2360  1
 40:   0.2470  0.2410  0.2550  0.2570  1
 41:   0.2450  0.2370  0.2540  0.2640  1
 42:   0.2533  0.2603  0.2472  0.2392  1
 43:   0.2490  0.2520  0.2500  0.2490  1
 44:   0.2503  0.2553  0.2503  0.2442  1
 45:   0.2490  0.2550  0.2500  0.2460  1
 46:   0.2468  0.2438  0.2537  0.2557  1
 47:   0.2498  0.2517  0.2507  0.2478  1
 48:   0.2450  0.2360  0.2510  0.2680  1
 49:   0.2557  0.2707  0.2438  0.2298  1
 50:   0.2517  0.2587  0.2478  0.2418  1
 51:   0.2540  0.2560  0.2480  0.2420  1
 52:   0.2442  0.2342  0.2553  0.2663  1
 53:   0.2430  0.2340  0.2550  0.2680  1
 54:   0.2482  0.2442  0.2523  0.2553  1
 55:   0.2500  0.2440  0.2500  0.2560  1
 56:   0.2530  0.2530  0.2480  0.2460  1
 57:   0.2510  0.2600  0.2480  0.2410  1
 58:   0.2490  0.2460  0.2490  0.2560  1
 59:   0.2527  0.2587  0.2478  0.2408  1
 60:   0.2540  0.2610  0.2480  0.2370  1
 61:   0.2530  0.2540  0.2480  0.2450  1
 62:   0.2507  0.2498  0.2498  0.2498  1
 63:   0.2513  0.2543  0.2492  0.2452  1
 64:   0.2510  0.2510  0.2500  0.2480  1
 65:   0.2480  0.2400  0.2520  0.2600  1
 66:   0.2527  0.2577  0.2488  0.2408  1
 67:   0.2530  0.2560  0.2470  0.2440  1
 68:   0.2470  0.2450  0.2520  0.2560  1
 69:   0.2520  0.2540  0.2490  0.2450  1
 70:   0.2520  0.2510  0.2490  0.2480  1
 71:   0.2533  0.2563  0.2462  0.2442  1
 72:   0.2500  0.2550  0.2500  0.2450  1
 73:   0.2450  0.2390  0.2530  0.2630  1
 74:   0.2543  0.2643  0.2472  0.2342  1
 75:   0.2530  0.2620  0.2480  0.2370  1
 76:   0.2540  0.2570  0.2470  0.2420  1
 77:   0.2498  0.2488  0.2507  0.2507  1
 78:   0.2507  0.2577  0.2488  0.2428  1
 79:   0.2510  0.2550  0.2490  0.2450  1
 80:   0.2540  0.2710  0.2460  0.2290  1
 81:   0.2510  0.2560  0.2490  0.2440  1
 82:   0.2490  0.2470  0.2500  0.2540  1
 83:   0.2492  0.2553  0.2492  0.2462  1
 84:   0.2513  0.2543  0.2482  0.2462  1
 85:   0.2533  0.2603  0.2492  0.2372  1
 86:   0.2460  0.2440  0.2520  0.2580  1
 87:   0.2520  0.2540  0.2490  0.2450  1
 88:   0.2470  0.2460  0.2520  0.2550  1
 89:   0.2503  0.2523  0.2503  0.2472  1
 90:   0.2500  0.2430  0.2490  0.2580  1
 91:   0.2488  0.2428  0.2488  0.2597  1
 92:   0.2468  0.2388  0.2517  0.2627  1
 93:   0.2482  0.2402  0.2523  0.2593  1
 94:   0.2510  0.2470  0.2500  0.2520  1
 95:   0.2498  0.2478  0.2498  0.2527  1
 96:   0.2520  0.2580  0.2500  0.2400  1
 97:   0.2490  0.2450  0.2510  0.2550  1
 98:   0.2490  0.2480  0.2500  0.2530  1
 99:   0.2482  0.2452  0.2533  0.2533  1
100:   0.2450  0.2370  0.2530  0.2650  1
101:   0.2510  0.2490  0.2500  0.2500  1
102:   0.2533  0.2563  0.2482  0.2422  1
103:   0.2460  0.2390  0.2520  0.2630  1
104:   0.2418  0.2368  0.2557  0.2657  1
105:   0.2490  0.2440  0.2510  0.2560  1
106:   0.2530  0.2540  0.2480  0.2450  1
107:   0.2520  0.2550  0.2500  0.2430  1
108:   0.2470  0.2500  0.2530  0.2500  1
109:   0.2500  0.2470  0.2490  0.2540  1
110:   0.2520  0.2520  0.2490  0.2470  1
111:   0.2530  0.2620  0.2480  0.2370  1
112:   0.2490  0.2440  0.2490  0.2580  1
113:   0.2500  0.2510  0.2500  0.2490  1
114:   0.2448  0.2428  0.2517  0.2607  1
115:   0.2517  0.2547  0.2488  0.2448  1
116:   0.2450  0.2420  0.2540  0.2590  1
117:   0.2520  0.2460  0.2500  0.2520  1
118:   0.2523  0.2553  0.2492  0.2432  1
119:   0.2507  0.2527  0.2507  0.2458  1
120:   0.2482  0.2472  0.2503  0.2543  1
121:   0.2500  0.2460  0.2500  0.2540  1
122:   0.2530  0.2580  0.2480  0.2410  1
123:   0.2510  0.2540  0.2490  0.2460  1
124:   0.2500  0.2430  0.2490  0.2580  1
125:   0.2520  0.2530  0.2480  0.2470  1
126:   0.2530  0.2610  0.2470  0.2390  1
127:   0.2530  0.2520  0.2470  0.2480  1
128:   0.2498  0.2498  0.2488  0.2517  1
129:   0.2470  0.2440  0.2540  0.2550  1
130:   0.2470  0.2500  0.2520  0.2510  1
131:   0.2480  0.2460  0.2500  0.2560  1
132:   0.2470  0.2440  0.2490  0.2600  1
133:   0.2488  0.2418  0.2527  0.2567  1
134:   0.2557  0.2637  0.2458  0.2348  1
135:   0.2490  0.2510  0.2510  0.2490  1
136:   0.2520  0.2560  0.2470  0.2450  1
137:   0.2513  0.2533  0.2482  0.2472  1
138:   0.2490  0.2420  0.2510  0.2580  1
139:   0.2478  0.2438  0.2498  0.2587  1
140:   0.2510  0.2480  0.2480  0.2530  1
141:   0.2507  0.2507  0.2488  0.2498  1
142:   0.2500  0.2480  0.2510  0.2510  1
143:   0.2430  0.2360  0.2530  0.2680  1
144:   0.2492  0.2513  0.2503  0.2492  1
145:   0.2490  0.2460  0.2500  0.2550  1
146:   0.2520  0.2530  0.2480  0.2470  1
147:   0.2500  0.2590  0.2510  0.2400  1
148:   0.2520  0.2590  0.2500  0.2390  1
149:   0.2560  0.2650  0.2470  0.2320  1
150:   0.2510  0.2540  0.2500  0.2450  1

  1:   0.2550  0.2570  0.2460  0.2420  1
  2:   0.2400  0.2400  0.2610  0.2590  1
  3:   0.2450  0.2430  0.2550  0.2570  1
  4:   0.2490  0.2480  0.2490  0.2540  1
  5:   0.2370  0.2350  0.2620  0.2660  1
  6:   0.2500  0.2510  0.2500  0.2490  1
  7:   0.2530  0.2540  0.2480  0.2450  1
  8:   0.2540  0.2520  0.2490  0.2450  1
  9:   0.2438  0.2438  0.2567  0.2557  1
 10:   0.2490  0.2470  0.2540  0.2500  1
 11:   0.2450  0.2430  0.2540  0.2580  1
 12:   0.2462  0.2462  0.2533  0.2543  1
 13:   0.2513  0.2553  0.2472  0.2462  1
 14:   0.2623  0.2623  0.2372  0.2382  1
 15:   0.2570  0.2580  0.2430  0.2420  1
 16:   0.2410  0.2410  0.2580  0.2600  1
 17:   0.2418  0.2388  0.2567  0.2627  1
 18:   0.2613  0.2643  0.2382  0.2362  1
 19:   0.2480  0.2470  0.2510  0.2540  1
 20:   0.2480  0.2490  0.2530  0.2500  1
 21:   0.2470  0.2450  0.2540  0.2540  1
 22:   0.2480  0.2470  0.2530  0.2520  1
 23:   0.2450  0.2450  0.2540  0.2560  1
 24:   0.2440  0.2430  0.2580  0.2550  1
 25:   0.2400  0.2390  0.2620  0.2590  1
 26:   0.2540  0.2550  0.2480  0.2430  1
 27:   0.2458  0.2458  0.2547  0.2537  1
 28:   0.2480  0.2450  0.2540  0.2530  1
 29:   0.2490  0.2470  0.2530  0.2510  1
 30:   0.2432  0.2422  0.2543  0.2603  1
 31:   0.2587  0.2597  0.2398  0.2418  1
 32:   0.2500  0.2490  0.2500  0.2510  1
 33:   0.2478  0.2448  0.2537  0.2537  1
 34:   0.2503  0.2503  0.2472  0.2523  1
 35:   0.2510  0.2500  0.2490  0.2500  1
 36:   0.2500  0.2520  0.2490  0.2490  1
 37:   0.2510  0.2530  0.2490  0.2470  1
 38:   0.2510  0.2510  0.2500  0.2480  1
 39:   0.2583  0.2623  0.2392  0.2402  1
 40:   0.2440  0.2410  0.2560  0.2590  1
 41:   0.2418  0.2378  0.2587  0.2617  1
 42:   0.2570  0.2600  0.2420  0.2410  1
 43:   0.2530  0.2530  0.2490  0.2450  1
 44:   0.2543  0.2573  0.2462  0.2422  1
 45:   0.2550  0.2550  0.2460  0.2440  1
 46:   0.2450  0.2430  0.2560  0.2560  1
 47:   0.2517  0.2527  0.2488  0.2468  1
 48:   0.2380  0.2370  0.2610  0.2640  1
 49:   0.2670  0.2680  0.2320  0.2330  1
 50:   0.2570  0.2570  0.2440  0.2420  1
 51:   0.2553  0.2553  0.2462  0.2432  1
 52:   0.2390  0.2360  0.2620  0.2630  1
 53:   0.2388  0.2358  0.2617  0.2637  1
 54:   0.2452  0.2442  0.2543  0.2563  1
 55:   0.2430  0.2430  0.2570  0.2570  1
 56:   0.2520  0.2550  0.2470  0.2460  1
 57:   0.2590  0.2580  0.2400  0.2430  1
 58:   0.2458  0.2438  0.2547  0.2557  1
 59:   0.2560  0.2580  0.2440  0.2420  1
 60:   0.2567  0.2597  0.2448  0.2388  1
 61:   0.2517  0.2537  0.2458  0.2488  1
 62:   0.2510  0.2510  0.2480  0.2500  1
 63:   0.2537  0.2567  0.2448  0.2448  1
 64:   0.2500  0.2500  0.2510  0.2490  1
 65:   0.2410  0.2390  0.2580  0.2620  1
 66:   0.2560  0.2560  0.2450  0.2430  1
 67:   0.2550  0.2550  0.2460  0.2440  1
 68:   0.2480  0.2440  0.2550  0.2530  1
 69:   0.2510  0.2530  0.2480  0.2480  1
 70:   0.2503  0.2513  0.2452  0.2533  1
 71:   0.2540  0.2560  0.2450  0.2450  1
 72:   0.2550  0.2540  0.2460  0.2450  1
 73:   0.2440  0.2410  0.2580  0.2570  1
 74:   0.2610  0.2640  0.2370  0.2380  1
 75:   0.2590  0.2610  0.2410  0.2390  1
 76:   0.2530  0.2570  0.2460  0.2440  1
 77:   0.2490  0.2490  0.2510  0.2510  1
 78:   0.2580  0.2600  0.2420  0.2400  1
 79:   0.2537  0.2527  0.2478  0.2458  1
 80:   0.2667  0.2667  0.2338  0.2328  1
 81:   0.2540  0.2560  0.2460  0.2440  1
 82:   0.2490  0.2480  0.2520  0.2510  1
 83:   0.2547  0.2527  0.2468  0.2458  1
 84:   0.2530  0.2550  0.2460  0.2460  1
 85:   0.2570  0.2580  0.2430  0.2420  1
 86:   0.2470  0.2470  0.2560  0.2500  1
 87:   0.2540  0.2550  0.2450  0.2460  1
 88:   0.2500  0.2490  0.2520  0.2490  1
 89:   0.2550  0.2540  0.2470  0.2440  1
 90:   0.2440  0.2420  0.2560  0.2580  1
 91:   0.2440  0.2420  0.2560  0.2580  1
 92:   0.2410  0.2410  0.2570  0.2610  1
 93:   0.2410  0.2400  0.2580  0.2610  1
 94:   0.2488  0.2458  0.2537  0.2517  1
 95:   0.2472  0.2462  0.2533  0.2533  1
 96:   0.2560  0.2560  0.2450  0.2430  1
 97:   0.2460  0.2440  0.2550  0.2550  1
 98:   0.2500  0.2490  0.2500  0.2510  1
 99:   0.2460  0.2460  0.2510  0.2570  1
100:   0.2400  0.2380  0.2600  0.2620  1
101:   0.2488  0.2498  0.2507  0.2507  1
102:   0.2553  0.2573  0.2442  0.2432  1
103:   0.2430  0.2400  0.2590  0.2580  1
104:   0.2398  0.2378  0.2607  0.2617  1
105:   0.2438  0.2428  0.2567  0.2567  1
106:   0.2530  0.2540  0.2470  0.2460  1
107:   0.2540  0.2560  0.2450  0.2450  1
108:   0.2498  0.2498  0.2488  0.2517  1
109:   0.2460  0.2470  0.2530  0.2540  1
110:   0.2520  0.2500  0.2480  0.2500  1
111:   0.2577  0.2617  0.2398  0.2408  1
112:   0.2460  0.2450  0.2530  0.2560  1
113:   0.2510  0.2490  0.2500  0.2500  1
114:   0.2470  0.2450  0.2510  0.2570  1
115:   0.2533  0.2533  0.2472  0.2462  1
116:   0.2440  0.2430  0.2550  0.2580  1
117:   0.2450  0.2440  0.2520  0.2590  1
118:   0.2540  0.2560  0.2470  0.2430  1
119:   0.2540  0.2520  0.2480  0.2460  1
120:   0.2482  0.2482  0.2523  0.2513  1
121:   0.2460  0.2460  0.2550  0.2530  1
122:   0.2573  0.2583  0.2412  0.2432  1
123:   0.2550  0.2550  0.2460  0.2440  1
124:   0.2430  0.2420  0.2540  0.2610  1
125:   0.2520  0.2530  0.2500  0.2450  1
126:   0.2570  0.2590  0.2410  0.2430  1
127:   0.2500  0.2500  0.2480  0.2520  1
128:   0.2500  0.2510  0.2500  0.2490  1
129:   0.2442  0.2452  0.2553  0.2553  1
130:   0.2510  0.2500  0.2510  0.2480  1
131:   0.2480  0.2480  0.2550  0.2490  1
132:   0.2470  0.2470  0.2530  0.2530  1
133:   0.2448  0.2448  0.2537  0.2567  1
134:   0.2580  0.2600  0.2400  0.2420  1
135:   0.2500  0.2530  0.2490  0.2480  1
136:   0.2540  0.2530  0.2470  0.2460  1
137:   0.2530  0.2520  0.2480  0.2470  1
138:   0.2430  0.2410  0.2590  0.2570  1
139:   0.2440  0.2440  0.2560  0.2560  1
140:   0.2478  0.2488  0.2527  0.2507  1
141:   0.2513  0.2513  0.2482  0.2492  1
142:   0.2470  0.2460  0.2520  0.2550  1
143:   0.2422  0.2402  0.2563  0.2613  1
144:   0.2513  0.2513  0.2523  0.2452  1
145:   0.2470  0.2480  0.2530  0.2520  1
146:   0.2500  0.2520  0.2490  0.2490  1
147:   0.2580  0.2580  0.2430  0.2410  1
148:   0.2560  0.2580  0.2430  0.2430  1
149:   0.2610  0.2680  0.2360  0.2350  1
150:   0.2550  0.2540  0.2470  0.2440  1

