           1  1 0.2483 0.2514 0.2511 0.2492 
           2  1 0.2532 0.2447 0.2444 0.2577 
           3  1 0.2487 0.2541 0.2510 0.2462 
           4  1 0.2522 0.2424 0.2467 0.2587 
           5  1 0.2483 0.2564 0.2535 0.2418 
           6  1 0.2510 0.2570 0.2514 0.2405 
           7  1 0.2474 0.2555 0.2522 0.2449 
           8  1 0.2480 0.2513 0.2560 0.2447 
           9  1 0.2520 0.2460 0.2476 0.2545 
          10  1 0.2525 0.2460 0.2464 0.2551 
          11  1 0.2518 0.2425 0.2483 0.2574 
          12  1 0.2508 0.2436 0.2486 0.2570 
          13  1 0.2482 0.2555 0.2492 0.2471 
          14  1 0.2509 0.2537 0.2516 0.2438 
          15  1 0.2458 0.2540 0.2558 0.2443 
          16  1 0.2533 0.2446 0.2450 0.2571 
          17  1 0.2508 0.2461 0.2482 0.2549 
          18  1 0.2512 0.2489 0.2484 0.2515 
          19  1 0.2515 0.2448 0.2493 0.2543 
          20  1 0.2478 0.2538 0.2542 0.2442 
          21  1 0.2476 0.2576 0.2529 0.2419 
          22  1 0.2540 0.2421 0.2484 0.2555 
          23  1 0.2491 0.2456 0.2514 0.2539 
          24  1 0.2518 0.2478 0.2453 0.2552 
          25  1 0.2482 0.2544 0.2527 0.2447 
          26  1 0.2485 0.2547 0.2574 0.2394 
          27  1 0.2509 0.2428 0.2511 0.2552 
          28  1 0.2485 0.2548 0.2529 0.2438 
          29  1 0.2522 0.2440 0.2447 0.2591 
          30  1 0.2476 0.2502 0.2537 0.2485 
          31  1 0.2516 0.2491 0.2474 0.2520 
          32  1 0.2517 0.2485 0.2504 0.2494 
          33  1 0.2518 0.2475 0.2467 0.2541 
          34  1 0.2498 0.2456 0.2517 0.2528 
          35  1 0.2485 0.2516 0.2512 0.2488 
          36  1 0.2478 0.2549 0.2530 0.2443 
          37  1 0.2457 0.2562 0.2547 0.2435 
          38  1 0.2519 0.2515 0.2520 0.2446 
          39  1 0.2483 0.2495 0.2530 0.2492 
          40  1 0.2461 0.2564 0.2487 0.2488 
          41  1 0.2515 0.2492 0.2476 0.2517 
          42  1 0.2454 0.2538 0.2544 0.2464 
          43  1 0.2486 0.2549 0.2532 0.2432 
          44  1 0.2501 0.2420 0.2467 0.2612 
          45  1 0.2479 0.2475 0.2470 0.2576 
          46  1 0.2497 0.2516 0.2500 0.2488 
          47  1 0.2491 0.2493 0.2489 0.2526 
          48  1 0.2492 0.2463 0.2467 0.2579 
          49  1 0.2497 0.2498 0.2500 0.2505 
          50  1 0.2501 0.2462 0.2467 0.2569 
          51  1 0.2511 0.2466 0.2440 0.2583 
          52  1 0.2521 0.2434 0.2507 0.2538 
          53  1 0.2469 0.2569 0.2530 0.2433 
          54  1 0.2484 0.2560 0.2504 0.2452 
          55  1 0.2495 0.2483 0.2502 0.2520 
          56  1 0.2480 0.2490 0.2514 0.2516 
          57  1 0.2463 0.2514 0.2549 0.2474 
          58  1 0.2468 0.2541 0.2531 0.2460 
          59  1 0.2522 0.2468 0.2436 0.2574 
          60  1 0.2484 0.2471 0.2526 0.2519 
          61  1 0.2463 0.2537 0.2545 0.2455 
          62  1 0.2498 0.2467 0.2479 0.2556 
          63  1 0.2536 0.2449 0.2489 0.2527 
          64  1 0.2528 0.2451 0.2521 0.2501 
          65  1 0.2514 0.2488 0.2489 0.2509 
          66  1 0.2493 0.2550 0.2533 0.2424 
          67  1 0.2490 0.2494 0.2479 0.2538 
          68  1 0.2495 0.2506 0.2503 0.2496 
          69  1 0.2477 0.2545 0.2522 0.2456 
          70  1 0.2493 0.2537 0.2534 0.2436 
          71  1 0.2503 0.2533 0.2503 0.2461 
          72  1 0.2464 0.2576 0.2512 0.2448 
          73  1 0.2514 0.2559 0.2491 0.2436 
          74  1 0.2525 0.2468 0.2469 0.2538 
          75  1 0.2518 0.2450 0.2480 0.2552 
          76  1 0.2531 0.2405 0.2463 0.2601 
          77  1 0.2459 0.2604 0.2524 0.2413 
          78  1 0.2519 0.2460 0.2472 0.2548 
          79  1 0.2437 0.2583 0.2586 0.2394 
          80  1 0.2452 0.2539 0.2576 0.2433 
          81  1 0.2506 0.2478 0.2492 0.2524 
          82  1 0.2487 0.2527 0.2549 0.2437 
          83  1 0.2529 0.2489 0.2484 0.2497 
          84  1 0.2522 0.2527 0.2479 0.2472 
          85  1 0.2495 0.2489 0.2532 0.2483 
          86  1 0.2507 0.2518 0.2539 0.2436 
          87  1 0.2502 0.2445 0.2497 0.2556 
          88  1 0.2483 0.2519 0.2507 0.2491 
          89  1 0.2472 0.2515 0.2539 0.2474 
          90  1 0.2481 0.2503 0.2541 0.2475 
          91  1 0.2495 0.2446 0.2483 0.2576 
          92  1 0.2511 0.2523 0.2522 0.2444 
          93  1 0.2512 0.2499 0.2495 0.2494 
          94  1 0.2463 0.2526 0.2563 0.2448 
          95  1 0.2449 0.2555 0.2550 0.2446 
          96  1 0.2459 0.2590 0.2518 0.2432 
          97  1 0.2492 0.2501 0.2540 0.2467 
          98  1 0.2511 0.2484 0.2479 0.2525 
          99  1 0.2444 0.2625 0.2532 0.2399 
         100  1 0.2523 0.2416 0.2490 0.2570 
         101  1 0.2497 0.2524 0.2477 0.2501 
         102  1 0.2477 0.2521 0.2507 0.2495 
         103  1 0.2518 0.2471 0.2486 0.2525 
         104  1 0.2532 0.2475 0.2467 0.2526 
         105  1 0.2458 0.2529 0.2523 0.2490 
         106  1 0.2475 0.2517 0.2512 0.2495 
         107  1 0.2509 0.2523 0.2510 0.2458 
         108  1 0.2508 0.2509 0.2497 0.2486 
         109  1 0.2506 0.2497 0.2509 0.2488 
         110  1 0.2495 0.2546 0.2525 0.2435 
         111  1 0.2505 0.2501 0.2507 0.2487 
         112  1 0.2490 0.2526 0.2506 0.2477 
         113  1 0.2503 0.2483 0.2480 0.2534 
         114  1 0.2508 0.2474 0.2487 0.2532 
         115  1 0.2513 0.2513 0.2483 0.2491 
         116  1 0.2452 0.2560 0.2530 0.2458 
         117  1 0.2495 0.2554 0.2501 0.2450 
         118  1 0.2502 0.2481 0.2492 0.2525 
         119  1 0.2495 0.2421 0.2459 0.2625 
         120  1 0.2528 0.2451 0.2502 0.2519 
         121  1 0.2502 0.2491 0.2480 0.2527 
         122  1 0.2537 0.2471 0.2490 0.2501 
         123  1 0.2525 0.2424 0.2488 0.2564 
         124  1 0.2483 0.2492 0.2510 0.2515 
         125  1 0.2510 0.2450 0.2453 0.2587 
         126  1 0.2502 0.2458 0.2490 0.2550 
         127  1 0.2497 0.2496 0.2507 0.2499 
         128  1 0.2517 0.2440 0.2468 0.2574 
         129  1 0.2513 0.2510 0.2469 0.2508 
         130  1 0.2480 0.2551 0.2549 0.2420 
         131  1 0.2532 0.2479 0.2481 0.2508 
         132  1 0.2495 0.2513 0.2512 0.2480 
         133  1 0.2495 0.2517 0.2494 0.2494 
         134  1 0.2486 0.2513 0.2528 0.2473 
         135  1 0.2501 0.2510 0.2496 0.2492 
         136  1 0.2494 0.2516 0.2512 0.2478 
         137  1 0.2512 0.2471 0.2474 0.2543 
         138  1 0.2515 0.2462 0.2502 0.2520 
         139  1 0.2465 0.2541 0.2524 0.2471 
         140  1 0.2506 0.2551 0.2526 0.2416 
         141  1 0.2467 0.2547 0.2540 0.2446 
         142  1 0.2463 0.2565 0.2532 0.2440 
         143  1 0.2485 0.2579 0.2510 0.2426 
         144  1 0.2506 0.2490 0.2518 0.2486 
         145  1 0.2554 0.2409 0.2474 0.2564 
         146  1 0.2498 0.2513 0.2523 0.2466 
         147  1 0.2534 0.2450 0.2475 0.2541 
         148  1 0.2521 0.2449 0.2461 0.2569 
         149  1 0.2500 0.2564 0.2530 0.2406 
         150  1 0.2514 0.2460 0.2478 0.2548 
         151  1 0.2526 0.2510 0.2499 0.2465 
         152  1 0.2545 0.2402 0.2494 0.2559 
         153  1 0.2500 0.2556 0.2507 0.2436 
         154  1 0.2526 0.2428 0.2460 0.2587 
         155  1 0.2471 0.2552 0.2514 0.2463 
         156  1 0.2454 0.2599 0.2527 0.2420 
         157  1 0.2519 0.2458 0.2484 0.2540 
         158  1 0.2506 0.2509 0.2463 0.2522 
         159  1 0.2527 0.2462 0.2500 0.2511 
         160  1 0.2472 0.2552 0.2504 0.2471 
         161  1 0.2467 0.2561 0.2512 0.2459 
         162  1 0.2511 0.2408 0.2447 0.2634 
         163  1 0.2489 0.2541 0.2514 0.2456 
         164  1 0.2497 0.2579 0.2518 0.2406 
         165  1 0.2516 0.2474 0.2478 0.2533 
         166  1 0.2517 0.2485 0.2457 0.2541 
         167  1 0.2535 0.2447 0.2467 0.2551 
         168  1 0.2532 0.2442 0.2480 0.2545 
         169  1 0.2507 0.2449 0.2472 0.2572 
         170  1 0.2504 0.2495 0.2505 0.2497 
         171  1 0.2468 0.2565 0.2553 0.2415 
         172  1 0.2494 0.2405 0.2491 0.2610 
         173  1 0.2520 0.2482 0.2481 0.2517 
         174  1 0.2516 0.2493 0.2494 0.2497 
         175  1 0.2532 0.2461 0.2494 0.2514 
         176  1 0.2545 0.2483 0.2454 0.2518 
         177  1 0.2490 0.2551 0.2530 0.2429 
         178  1 0.2514 0.2427 0.2484 0.2575 
         179  1 0.2541 0.2453 0.2449 0.2557 
         180  1 0.2493 0.2472 0.2501 0.2534 
         181  1 0.2519 0.2441 0.2471 0.2569 
         182  1 0.2489 0.2544 0.2552 0.2415 
         183  1 0.2505 0.2528 0.2516 0.2451 
