           1  1 0.1296 0.1228 0.1259 0.1249 0.1239 0.1265 0.1229 0.1235 
           2  1 0.1230 0.1245 0.1238 0.1261 0.1241 0.1249 0.1270 0.1265 
           3  1 0.1324 0.1230 0.1259 0.1228 0.1234 0.1261 0.1236 0.1229 
           4  1 0.1234 0.1269 0.1242 0.1254 0.1245 0.1231 0.1263 0.1263 
           5  1 0.1253 0.1252 0.1261 0.1241 0.1270 0.1239 0.1240 0.1245 
           6  1 0.1256 0.1248 0.1267 0.1243 0.1261 0.1238 0.1237 0.1249 
           7  1 0.1244 0.1242 0.1261 0.1240 0.1280 0.1243 0.1242 0.1247 
           8  1 0.1244 0.1255 0.1243 0.1263 0.1248 0.1251 0.1245 0.1250 
           9  1 0.1237 0.1258 0.1235 0.1248 0.1240 0.1259 0.1269 0.1255 
          10  1 0.1252 0.1251 0.1248 0.1266 0.1231 0.1247 0.1248 0.1256 
          11  1 0.1255 0.1249 0.1253 0.1257 0.1235 0.1255 0.1256 0.1241 
          12  1 0.1232 0.1258 0.1248 0.1267 0.1249 0.1237 0.1250 0.1259 
          13  1 0.1252 0.1247 0.1249 0.1255 0.1246 0.1270 0.1232 0.1248 
          14  1 0.1280 0.1250 0.1260 0.1243 0.1260 0.1245 0.1217 0.1245 
          15  1 0.1260 0.1237 0.1255 0.1226 0.1273 0.1275 0.1235 0.1238 
          16  1 0.1244 0.1240 0.1254 0.1260 0.1239 0.1253 0.1256 0.1254 
          17  1 0.1246 0.1245 0.1250 0.1238 0.1251 0.1236 0.1259 0.1276 
          18  1 0.1255 0.1259 0.1260 0.1246 0.1242 0.1241 0.1243 0.1255 
          19  1 0.1240 0.1258 0.1253 0.1254 0.1229 0.1254 0.1267 0.1245 
          20  1 0.1236 0.1265 0.1251 0.1251 0.1258 0.1246 0.1254 0.1239 
          21  1 0.1265 0.1234 0.1262 0.1254 0.1253 0.1255 0.1227 0.1251 
          22  1 0.1230 0.1267 0.1262 0.1261 0.1236 0.1243 0.1242 0.1259 
          23  1 0.1274 0.1250 0.1259 0.1247 0.1232 0.1255 0.1238 0.1244 
          24  1 0.1265 0.1243 0.1250 0.1244 0.1248 0.1260 0.1246 0.1245 
          25  1 0.1242 0.1256 0.1248 0.1247 0.1268 0.1251 0.1244 0.1245 
          26  1 0.1268 0.1248 0.1263 0.1244 0.1263 0.1243 0.1221 0.1250 
          27  1 0.1237 0.1262 0.1242 0.1252 0.1243 0.1284 0.1236 0.1244 
          28  1 0.1255 0.1253 0.1277 0.1240 0.1245 0.1227 0.1246 0.1256 
          29  1 0.1225 0.1255 0.1235 0.1257 0.1239 0.1239 0.1283 0.1266 
          30  1 0.1241 0.1256 0.1239 0.1249 0.1254 0.1249 0.1258 0.1255 
          31  1 0.1249 0.1244 0.1254 0.1250 0.1259 0.1260 0.1233 0.1251 
          32  1 0.1244 0.1253 0.1245 0.1256 0.1245 0.1242 0.1259 0.1255 
          33  1 0.1247 0.1233 0.1251 0.1271 0.1239 0.1228 0.1270 0.1260 
          34  1 0.1237 0.1245 0.1253 0.1251 0.1243 0.1268 0.1248 0.1254 
          35  1 0.1228 0.1256 0.1243 0.1246 0.1279 0.1241 0.1246 0.1261 
          36  1 0.1252 0.1258 0.1240 0.1252 0.1259 0.1249 0.1242 0.1248 
          37  1 0.1273 0.1237 0.1264 0.1246 0.1259 0.1250 0.1232 0.1240 
          38  1 0.1245 0.1261 0.1240 0.1264 0.1260 0.1246 0.1238 0.1246 
          39  1 0.1243 0.1244 0.1241 0.1251 0.1257 0.1239 0.1263 0.1263 
          40  1 0.1239 0.1238 0.1252 0.1262 0.1253 0.1247 0.1249 0.1259 
          41  1 0.1226 0.1232 0.1262 0.1258 0.1263 0.1258 0.1252 0.1248 
          42  1 0.1242 0.1250 0.1260 0.1247 0.1264 0.1246 0.1244 0.1247 
          43  1 0.1258 0.1249 0.1247 0.1261 0.1250 0.1245 0.1239 0.1252 
          44  1 0.1224 0.1262 0.1219 0.1253 0.1232 0.1248 0.1286 0.1275 
          45  1 0.1228 0.1244 0.1231 0.1257 0.1239 0.1243 0.1290 0.1267 
          46  1 0.1225 0.1258 0.1260 0.1237 0.1264 0.1264 0.1240 0.1252 
          47  1 0.1240 0.1264 0.1234 0.1266 0.1224 0.1274 0.1244 0.1255 
          48  1 0.1231 0.1233 0.1237 0.1254 0.1254 0.1243 0.1291 0.1256 
          49  1 0.1239 0.1261 0.1243 0.1250 0.1253 0.1240 0.1259 0.1256 
          50  1 0.1230 0.1238 0.1256 0.1264 0.1252 0.1240 0.1271 0.1249 
          51  1 0.1234 0.1254 0.1217 0.1244 0.1230 0.1254 0.1284 0.1282 
          52  1 0.1229 0.1258 0.1252 0.1258 0.1252 0.1239 0.1257 0.1254 
          53  1 0.1236 0.1248 0.1256 0.1237 0.1265 0.1249 0.1246 0.1262 
          54  1 0.1269 0.1253 0.1258 0.1238 0.1258 0.1240 0.1249 0.1235 
          55  1 0.1249 0.1235 0.1247 0.1255 0.1241 0.1280 0.1241 0.1252 
          56  1 0.1285 0.1242 0.1244 0.1244 0.1238 0.1246 0.1247 0.1252 
          57  1 0.1265 0.1242 0.1264 0.1246 0.1245 0.1250 0.1231 0.1256 
          58  1 0.1246 0.1238 0.1254 0.1242 0.1258 0.1278 0.1240 0.1243 
          59  1 0.1244 0.1242 0.1245 0.1252 0.1244 0.1245 0.1268 0.1261 
          60  1 0.1255 0.1236 0.1259 0.1239 0.1247 0.1271 0.1241 0.1252 
          61  1 0.1285 0.1239 0.1255 0.1229 0.1247 0.1247 0.1247 0.1252 
          62  1 0.1254 0.1241 0.1250 0.1257 0.1240 0.1234 0.1270 0.1253 
          63  1 0.1253 0.1248 0.1239 0.1257 0.1251 0.1238 0.1257 0.1256 
          64  1 0.1271 0.1260 0.1276 0.1248 0.1235 0.1240 0.1228 0.1242 
          65  1 0.1267 0.1236 0.1261 0.1247 0.1261 0.1248 0.1223 0.1257 
          66  1 0.1264 0.1249 0.1262 0.1240 0.1249 0.1247 0.1242 0.1247 
          67  1 0.1281 0.1245 0.1242 0.1234 0.1240 0.1251 0.1255 0.1252 
          68  1 0.1250 0.1246 0.1243 0.1258 0.1255 0.1253 0.1252 0.1242 
          69  1 0.1264 0.1236 0.1260 0.1243 0.1259 0.1254 0.1238 0.1245 
          70  1 0.1257 0.1243 0.1248 0.1247 0.1249 0.1262 0.1243 0.1250 
          71  1 0.1244 0.1261 0.1242 0.1250 0.1246 0.1244 0.1262 0.1251 
          72  1 0.1255 0.1244 0.1246 0.1240 0.1257 0.1256 0.1254 0.1248 
          73  1 0.1267 0.1249 0.1258 0.1239 0.1266 0.1248 0.1228 0.1246 
          74  1 0.1239 0.1256 0.1253 0.1252 0.1246 0.1243 0.1264 0.1246 
          75  1 0.1237 0.1242 0.1252 0.1244 0.1238 0.1254 0.1256 0.1277 
          76  1 0.1225 0.1267 0.1217 0.1263 0.1233 0.1227 0.1292 0.1276 
          77  1 0.1245 0.1248 0.1265 0.1243 0.1261 0.1256 0.1240 0.1242 
          78  1 0.1261 0.1252 0.1249 0.1241 0.1263 0.1233 0.1256 0.1244 
          79  1 0.1266 0.1244 0.1241 0.1252 0.1261 0.1268 0.1226 0.1242 
          80  1 0.1243 0.1247 0.1267 0.1254 0.1250 0.1258 0.1238 0.1242 
          81  1 0.1247 0.1239 0.1271 0.1247 0.1244 0.1250 0.1252 0.1248 
          82  1 0.1252 0.1264 0.1236 0.1249 0.1257 0.1247 0.1244 0.1251 
          83  1 0.1275 0.1238 0.1272 0.1235 0.1245 0.1241 0.1248 0.1245 
          84  1 0.1256 0.1240 0.1257 0.1250 0.1261 0.1256 0.1235 0.1245 
          85  1 0.1253 0.1257 0.1245 0.1238 0.1232 0.1271 0.1241 0.1263 
          86  1 0.1255 0.1240 0.1253 0.1250 0.1251 0.1266 0.1231 0.1253 
          87  1 0.1261 0.1262 0.1256 0.1246 0.1222 0.1249 0.1248 0.1255 
          88  1 0.1271 0.1236 0.1259 0.1233 0.1262 0.1255 0.1237 0.1246 
          89  1 0.1248 0.1252 0.1267 0.1246 0.1264 0.1258 0.1229 0.1237 
          90  1 0.1280 0.1246 0.1251 0.1236 0.1249 0.1257 0.1238 0.1243 
          91  1 0.1231 0.1253 0.1247 0.1258 0.1240 0.1239 0.1271 0.1261 
          92  1 0.1265 0.1248 0.1262 0.1239 0.1248 0.1237 0.1241 0.1261 
          93  1 0.1245 0.1239 0.1237 0.1258 0.1249 0.1264 0.1254 0.1252 
          94  1 0.1257 0.1260 0.1253 0.1247 0.1246 0.1246 0.1241 0.1250 
          95  1 0.1282 0.1253 0.1246 0.1222 0.1252 0.1276 0.1238 0.1230 
          96  1 0.1267 0.1263 0.1251 0.1247 0.1248 0.1244 0.1237 0.1244 
          97  1 0.1253 0.1250 0.1244 0.1256 0.1271 0.1258 0.1226 0.1241 
          98  1 0.1241 0.1238 0.1243 0.1251 0.1254 0.1260 0.1262 0.1251 
          99  1 0.1285 0.1229 0.1263 0.1231 0.1262 0.1264 0.1233 0.1233 
         100  1 0.1233 0.1270 0.1242 0.1266 0.1228 0.1240 0.1259 0.1263 
         101  1 0.1250 0.1252 0.1253 0.1255 0.1241 0.1259 0.1247 0.1243 
         102  1 0.1254 0.1243 0.1230 0.1251 0.1243 0.1241 0.1272 0.1266 
         103  1 0.1253 0.1244 0.1244 0.1248 0.1231 0.1254 0.1257 0.1270 
         104  1 0.1235 0.1246 0.1263 0.1230 0.1256 0.1265 0.1256 0.1249 
         105  1 0.1266 0.1239 0.1243 0.1235 0.1259 0.1253 0.1251 0.1254 
         106  1 0.1258 0.1247 0.1262 0.1239 0.1240 0.1261 0.1245 0.1247 
         107  1 0.1281 0.1238 0.1250 0.1259 0.1232 0.1249 0.1250 0.1242 
         108  1 0.1241 0.1265 0.1251 0.1246 0.1253 0.1231 0.1260 0.1253 
         109  1 0.1234 0.1251 0.1237 0.1253 0.1241 0.1239 0.1270 0.1274 
         110  1 0.1269 0.1259 0.1251 0.1244 0.1251 0.1244 0.1249 0.1234 
         111  1 0.1224 0.1261 0.1236 0.1240 0.1257 0.1246 0.1276 0.1261 
         112  1 0.1232 0.1258 0.1255 0.1262 0.1235 0.1235 0.1259 0.1264 
         113  1 0.1272 0.1232 0.1254 0.1240 0.1274 0.1270 0.1227 0.1231 
         114  1 0.1242 0.1249 0.1250 0.1249 0.1256 0.1251 0.1253 0.1249 
         115  1 0.1240 0.1251 0.1270 0.1246 0.1262 0.1250 0.1241 0.1240 
         116  1 0.1265 0.1243 0.1268 0.1226 0.1257 0.1263 0.1236 0.1243 
         117  1 0.1243 0.1242 0.1257 0.1260 0.1260 0.1258 0.1235 0.1245 
         118  1 0.1244 0.1259 0.1257 0.1243 0.1238 0.1261 0.1239 0.1259 
         119  1 0.1227 0.1252 0.1238 0.1276 0.1228 0.1225 0.1280 0.1275 
         120  1 0.1254 0.1257 0.1245 0.1253 0.1249 0.1238 0.1247 0.1258 
         121  1 0.1242 0.1254 0.1248 0.1238 0.1236 0.1287 0.1252 0.1242 
         122  1 0.1243 0.1268 0.1245 0.1251 0.1252 0.1238 0.1247 0.1256 
         123  1 0.1227 0.1248 0.1218 0.1288 0.1237 0.1232 0.1285 0.1265 
         124  1 0.1228 0.1255 0.1258 0.1255 0.1248 0.1257 0.1252 0.1247 
         125  1 0.1246 0.1231 0.1262 0.1249 0.1254 0.1258 0.1257 0.1243 
         126  1 0.1244 0.1230 0.1249 0.1264 0.1235 0.1243 0.1269 0.1266 
         127  1 0.1263 0.1237 0.1242 0.1251 0.1241 0.1268 0.1254 0.1245 
         128  1 0.1245 0.1248 0.1243 0.1255 0.1230 0.1255 0.1262 0.1262 
         129  1 0.1246 0.1245 0.1266 0.1249 0.1240 0.1244 0.1258 0.1251 
         130  1 0.1265 0.1254 0.1269 0.1224 0.1283 0.1241 0.1228 0.1237 
         131  1 0.1238 0.1246 0.1261 0.1252 0.1298 0.1250 0.1231 0.1225 
         132  1 0.1268 0.1254 0.1248 0.1260 0.1249 0.1234 0.1244 0.1244 
         133  1 0.1251 0.1242 0.1246 0.1242 0.1267 0.1259 0.1243 0.1249 
         134  1 0.1234 0.1250 0.1240 0.1257 0.1266 0.1273 0.1239 0.1241 
         135  1 0.1260 0.1240 0.1262 0.1242 0.1253 0.1254 0.1241 0.1249 
         136  1 0.1224 0.1259 0.1250 0.1246 0.1272 0.1262 0.1246 0.1240 
         137  1 0.1244 0.1232 0.1266 0.1256 0.1253 0.1255 0.1249 0.1245 
         138  1 0.1218 0.1268 0.1220 0.1272 0.1247 0.1239 0.1273 0.1263 
         139  1 0.1238 0.1236 0.1254 0.1269 0.1251 0.1251 0.1250 0.1250 
         140  1 0.1240 0.1255 0.1255 0.1254 0.1264 0.1255 0.1244 0.1233 
         141  1 0.1276 0.1246 0.1260 0.1237 0.1247 0.1256 0.1236 0.1242 
         142  1 0.1281 0.1235 0.1255 0.1239 0.1257 0.1256 0.1242 0.1236 
         143  1 0.1254 0.1245 0.1257 0.1236 0.1278 0.1259 0.1228 0.1244 
         144  1 0.1246 0.1254 0.1267 0.1236 0.1288 0.1236 0.1237 0.1237 
         145  1 0.1239 0.1253 0.1250 0.1254 0.1227 0.1249 0.1269 0.1258 
         146  1 0.1258 0.1251 0.1240 0.1233 0.1237 0.1251 0.1263 0.1267 
         147  1 0.1225 0.1268 0.1230 0.1270 0.1247 0.1237 0.1275 0.1249 
         148  1 0.1248 0.1241 0.1260 0.1250 0.1256 0.1260 0.1247 0.1238 
         149  1 0.1251 0.1259 0.1251 0.1239 0.1258 0.1244 0.1255 0.1243 
         150  1 0.1283 0.1238 0.1255 0.1244 0.1242 0.1260 0.1240 0.1238 
         151  1 0.1231 0.1245 0.1250 0.1263 0.1247 0.1253 0.1248 0.1263 
         152  1 0.1239 0.1266 0.1227 0.1250 0.1230 0.1248 0.1271 0.1269 
         153  1 0.1241 0.1244 0.1273 0.1230 0.1269 0.1262 0.1234 0.1247 
         154  1 0.1236 0.1264 0.1255 0.1254 0.1258 0.1237 0.1249 0.1247 
         155  1 0.1249 0.1250 0.1251 0.1253 0.1252 0.1262 0.1243 0.1240 
         156  1 0.1258 0.1248 0.1253 0.1241 0.1274 0.1243 0.1238 0.1245 
         157  1 0.1243 0.1272 0.1268 0.1243 0.1228 0.1237 0.1252 0.1258 
         158  1 0.1254 0.1243 0.1256 0.1248 0.1247 0.1250 0.1259 0.1244 
         159  1 0.1278 0.1252 0.1245 0.1255 0.1226 0.1261 0.1255 0.1228 
         160  1 0.1238 0.1250 0.1251 0.1245 0.1268 0.1246 0.1248 0.1255 
         161  1 0.1250 0.1232 0.1252 0.1249 0.1272 0.1264 0.1249 0.1232 
         162  1 0.1231 0.1247 0.1231 0.1252 0.1229 0.1224 0.1300 0.1287 
         163  1 0.1248 0.1244 0.1249 0.1239 0.1265 0.1275 0.1246 0.1234 
         164  1 0.1256 0.1253 0.1270 0.1239 0.1260 0.1254 0.1236 0.1234 
         165  1 0.1245 0.1252 0.1258 0.1257 0.1230 0.1243 0.1270 0.1245 
         166  1 0.1245 0.1250 0.1241 0.1252 0.1252 0.1250 0.1262 0.1249 
         167  1 0.1228 0.1274 0.1233 0.1248 0.1235 0.1248 0.1267 0.1265 
         168  1 0.1243 0.1275 0.1282 0.1251 0.1245 0.1242 0.1230 0.1233 
         169  1 0.1250 0.1254 0.1251 0.1251 0.1260 0.1248 0.1249 0.1237 
         170  1 0.1284 0.1250 0.1234 0.1244 0.1239 0.1252 0.1248 0.1248 
         171  1 0.1249 0.1249 0.1238 0.1242 0.1293 0.1254 0.1225 0.1249 
         172  1 0.1250 0.1248 0.1218 0.1249 0.1235 0.1241 0.1287 0.1272 
         173  1 0.1236 0.1238 0.1258 0.1266 0.1244 0.1249 0.1258 0.1251 
         174  1 0.1248 0.1266 0.1244 0.1242 0.1282 0.1256 0.1222 0.1241 
         175  1 0.1253 0.1255 0.1240 0.1265 0.1239 0.1237 0.1257 0.1254 
         176  1 0.1231 0.1230 0.1267 0.1259 0.1257 0.1270 0.1240 0.1245 
         177  1 0.1251 0.1254 0.1243 0.1231 0.1247 0.1268 0.1253 0.1252 
         178  1 0.1235 0.1254 0.1222 0.1258 0.1249 0.1235 0.1278 0.1269 
         179  1 0.1237 0.1237 0.1263 0.1259 0.1254 0.1240 0.1249 0.1261 
         180  1 0.1244 0.1243 0.1231 0.1262 0.1235 0.1236 0.1279 0.1270 
         181  1 0.1227 0.1251 0.1236 0.1259 0.1250 0.1255 0.1271 0.1251 
         182  1 0.1260 0.1251 0.1261 0.1251 0.1253 0.1243 0.1238 0.1244 
         183  1 0.1240 0.1252 0.1254 0.1259 0.1244 0.1256 0.1247 0.1247 
