           1  1 0.1434 0.1429 0.1429 0.1430 0.1429 0.1425 0.1424 
           2  1 0.1422 0.1436 0.1414 0.1444 0.1428 0.1424 0.1432 
           3  1 0.1433 0.1424 0.1433 0.1420 0.1423 0.1435 0.1432 
           4  1 0.1420 0.1436 0.1419 0.1442 0.1424 0.1418 0.1440 
           5  1 0.1432 0.1425 0.1424 0.1424 0.1440 0.1435 0.1420 
           6  1 0.1440 0.1427 0.1423 0.1422 0.1439 0.1427 0.1423 
           7  1 0.1435 0.1419 0.1433 0.1413 0.1429 0.1443 0.1429 
           8  1 0.1428 0.1431 0.1429 0.1425 0.1429 0.1429 0.1429 
           9  1 0.1420 0.1437 0.1419 0.1434 0.1430 0.1429 0.1431 
          10  1 0.1427 0.1436 0.1423 0.1434 0.1429 0.1418 0.1432 
          11  1 0.1420 0.1434 0.1431 0.1429 0.1435 0.1418 0.1432 
          12  1 0.1411 0.1437 0.1417 0.1447 0.1433 0.1423 0.1432 
          13  1 0.1425 0.1421 0.1429 0.1429 0.1430 0.1442 0.1423 
          14  1 0.1448 0.1435 0.1426 0.1421 0.1428 0.1424 0.1418 
          15  1 0.1432 0.1420 0.1439 0.1419 0.1423 0.1446 0.1421 
          16  1 0.1412 0.1437 0.1423 0.1435 0.1429 0.1430 0.1433 
          17  1 0.1418 0.1436 0.1428 0.1430 0.1429 0.1429 0.1430 
          18  1 0.1428 0.1431 0.1429 0.1430 0.1428 0.1424 0.1430 
          19  1 0.1431 0.1438 0.1419 0.1428 0.1425 0.1421 0.1439 
          20  1 0.1427 0.1426 0.1436 0.1422 0.1426 0.1428 0.1435 
          21  1 0.1438 0.1423 0.1430 0.1418 0.1435 0.1430 0.1427 
          22  1 0.1419 0.1439 0.1415 0.1440 0.1431 0.1421 0.1435 
          23  1 0.1432 0.1431 0.1422 0.1432 0.1419 0.1428 0.1435 
          24  1 0.1426 0.1430 0.1432 0.1428 0.1429 0.1428 0.1426 
          25  1 0.1439 0.1424 0.1428 0.1424 0.1433 0.1431 0.1421 
          26  1 0.1448 0.1426 0.1414 0.1418 0.1435 0.1435 0.1425 
          27  1 0.1421 0.1435 0.1433 0.1432 0.1426 0.1422 0.1431 
          28  1 0.1436 0.1422 0.1426 0.1428 0.1428 0.1439 0.1421 
          29  1 0.1418 0.1430 0.1421 0.1445 0.1428 0.1425 0.1433 
          30  1 0.1430 0.1427 0.1421 0.1431 0.1426 0.1434 0.1433 
          31  1 0.1429 0.1425 0.1435 0.1422 0.1428 0.1435 0.1426 
          32  1 0.1430 0.1436 0.1423 0.1433 0.1423 0.1427 0.1427 
          33  1 0.1423 0.1436 0.1431 0.1436 0.1428 0.1419 0.1426 
          34  1 0.1424 0.1435 0.1427 0.1438 0.1423 0.1423 0.1431 
          35  1 0.1421 0.1429 0.1433 0.1423 0.1423 0.1434 0.1438 
          36  1 0.1435 0.1419 0.1436 0.1420 0.1430 0.1435 0.1425 
          37  1 0.1426 0.1425 0.1428 0.1428 0.1429 0.1435 0.1430 
          38  1 0.1442 0.1422 0.1436 0.1419 0.1434 0.1425 0.1422 
          39  1 0.1438 0.1428 0.1430 0.1427 0.1431 0.1425 0.1422 
          40  1 0.1421 0.1418 0.1435 0.1431 0.1430 0.1438 0.1427 
          41  1 0.1423 0.1430 0.1436 0.1423 0.1433 0.1426 0.1430 
          42  1 0.1431 0.1415 0.1443 0.1417 0.1423 0.1444 0.1427 
          43  1 0.1432 0.1431 0.1432 0.1422 0.1424 0.1434 0.1425 
          44  1 0.1417 0.1428 0.1434 0.1439 0.1423 0.1420 0.1439 
          45  1 0.1420 0.1434 0.1419 0.1437 0.1431 0.1425 0.1433 
          46  1 0.1427 0.1420 0.1440 0.1421 0.1432 0.1435 0.1424 
          47  1 0.1416 0.1426 0.1434 0.1434 0.1427 0.1423 0.1439 
          48  1 0.1417 0.1426 0.1426 0.1439 0.1430 0.1422 0.1439 
          49  1 0.1435 0.1428 0.1429 0.1426 0.1423 0.1430 0.1429 
          50  1 0.1420 0.1432 0.1419 0.1439 0.1429 0.1428 0.1432 
          51  1 0.1423 0.1428 0.1425 0.1431 0.1430 0.1427 0.1436 
          52  1 0.1430 0.1421 0.1430 0.1432 0.1435 0.1421 0.1430 
          53  1 0.1434 0.1415 0.1438 0.1416 0.1426 0.1441 0.1429 
          54  1 0.1435 0.1421 0.1436 0.1416 0.1427 0.1433 0.1431 
          55  1 0.1428 0.1428 0.1424 0.1437 0.1429 0.1437 0.1418 
          56  1 0.1421 0.1432 0.1430 0.1432 0.1424 0.1426 0.1436 
          57  1 0.1423 0.1430 0.1434 0.1427 0.1418 0.1432 0.1437 
          58  1 0.1421 0.1418 0.1443 0.1426 0.1425 0.1434 0.1433 
          59  1 0.1420 0.1434 0.1426 0.1436 0.1424 0.1421 0.1438 
          60  1 0.1419 0.1435 0.1423 0.1441 0.1423 0.1424 0.1435 
          61  1 0.1431 0.1421 0.1426 0.1422 0.1427 0.1443 0.1430 
          62  1 0.1416 0.1432 0.1432 0.1433 0.1424 0.1423 0.1441 
          63  1 0.1426 0.1433 0.1427 0.1438 0.1430 0.1421 0.1426 
          64  1 0.1427 0.1430 0.1436 0.1427 0.1433 0.1418 0.1428 
          65  1 0.1433 0.1431 0.1425 0.1427 0.1430 0.1428 0.1427 
          66  1 0.1438 0.1417 0.1436 0.1418 0.1430 0.1435 0.1426 
          67  1 0.1426 0.1436 0.1424 0.1438 0.1424 0.1421 0.1430 
          68  1 0.1422 0.1432 0.1433 0.1423 0.1427 0.1430 0.1433 
          69  1 0.1438 0.1424 0.1426 0.1419 0.1432 0.1438 0.1423 
          70  1 0.1439 0.1424 0.1431 0.1425 0.1435 0.1428 0.1417 
          71  1 0.1438 0.1430 0.1427 0.1429 0.1431 0.1432 0.1414 
          72  1 0.1430 0.1424 0.1432 0.1415 0.1427 0.1443 0.1428 
          73  1 0.1440 0.1431 0.1425 0.1416 0.1429 0.1435 0.1424 
          74  1 0.1425 0.1431 0.1428 0.1429 0.1430 0.1426 0.1432 
          75  1 0.1425 0.1433 0.1441 0.1433 0.1423 0.1417 0.1428 
          76  1 0.1412 0.1434 0.1423 0.1450 0.1420 0.1421 0.1441 
          77  1 0.1424 0.1424 0.1436 0.1419 0.1428 0.1446 0.1423 
          78  1 0.1426 0.1445 0.1414 0.1430 0.1430 0.1423 0.1432 
          79  1 0.1426 0.1418 0.1440 0.1418 0.1423 0.1444 0.1431 
          80  1 0.1415 0.1424 0.1444 0.1422 0.1419 0.1438 0.1436 
          81  1 0.1422 0.1432 0.1426 0.1431 0.1429 0.1423 0.1437 
          82  1 0.1441 0.1430 0.1428 0.1414 0.1423 0.1439 0.1425 
          83  1 0.1429 0.1442 0.1419 0.1426 0.1429 0.1423 0.1432 
          84  1 0.1440 0.1426 0.1426 0.1420 0.1431 0.1435 0.1422 
          85  1 0.1426 0.1435 0.1431 0.1431 0.1423 0.1424 0.1430 
          86  1 0.1443 0.1427 0.1420 0.1416 0.1436 0.1440 0.1418 
          87  1 0.1425 0.1426 0.1427 0.1435 0.1435 0.1418 0.1433 
          88  1 0.1431 0.1427 0.1431 0.1422 0.1422 0.1436 0.1432 
          89  1 0.1423 0.1424 0.1435 0.1429 0.1425 0.1436 0.1430 
          90  1 0.1432 0.1427 0.1419 0.1423 0.1430 0.1436 0.1431 
          91  1 0.1418 0.1437 0.1422 0.1432 0.1426 0.1424 0.1440 
          92  1 0.1442 0.1430 0.1423 0.1421 0.1434 0.1427 0.1423 
          93  1 0.1424 0.1427 0.1424 0.1434 0.1434 0.1428 0.1428 
          94  1 0.1433 0.1426 0.1436 0.1424 0.1425 0.1429 0.1427 
          95  1 0.1426 0.1427 0.1447 0.1419 0.1416 0.1431 0.1433 
          96  1 0.1423 0.1420 0.1446 0.1419 0.1424 0.1438 0.1429 
          97  1 0.1430 0.1424 0.1438 0.1426 0.1423 0.1433 0.1425 
          98  1 0.1424 0.1432 0.1422 0.1433 0.1423 0.1428 0.1438 
          99  1 0.1425 0.1419 0.1443 0.1418 0.1418 0.1448 0.1429 
         100  1 0.1417 0.1432 0.1435 0.1447 0.1423 0.1413 0.1433 
         101  1 0.1423 0.1427 0.1429 0.1431 0.1432 0.1429 0.1428 
         102  1 0.1432 0.1425 0.1430 0.1425 0.1428 0.1431 0.1428 
         103  1 0.1426 0.1436 0.1424 0.1433 0.1431 0.1422 0.1428 
         104  1 0.1428 0.1427 0.1428 0.1431 0.1428 0.1432 0.1426 
         105  1 0.1422 0.1426 0.1434 0.1421 0.1426 0.1433 0.1438 
         106  1 0.1423 0.1428 0.1430 0.1434 0.1422 0.1435 0.1430 
         107  1 0.1441 0.1433 0.1423 0.1425 0.1430 0.1425 0.1424 
         108  1 0.1438 0.1425 0.1427 0.1426 0.1437 0.1430 0.1417 
         109  1 0.1434 0.1434 0.1418 0.1430 0.1431 0.1429 0.1424 
         110  1 0.1439 0.1419 0.1430 0.1427 0.1432 0.1435 0.1419 
         111  1 0.1432 0.1425 0.1429 0.1429 0.1430 0.1429 0.1426 
         112  1 0.1429 0.1430 0.1425 0.1429 0.1433 0.1429 0.1425 
         113  1 0.1436 0.1418 0.1440 0.1419 0.1428 0.1431 0.1427 
         114  1 0.1415 0.1427 0.1430 0.1434 0.1434 0.1425 0.1435 
         115  1 0.1437 0.1426 0.1434 0.1419 0.1425 0.1438 0.1422 
         116  1 0.1431 0.1419 0.1443 0.1424 0.1426 0.1431 0.1428 
         117  1 0.1439 0.1410 0.1441 0.1420 0.1435 0.1436 0.1419 
         118  1 0.1423 0.1432 0.1425 0.1430 0.1428 0.1431 0.1430 
         119  1 0.1409 0.1431 0.1424 0.1446 0.1418 0.1422 0.1449 
         120  1 0.1425 0.1442 0.1425 0.1431 0.1426 0.1421 0.1430 
         121  1 0.1422 0.1439 0.1424 0.1430 0.1426 0.1430 0.1429 
         122  1 0.1425 0.1436 0.1419 0.1435 0.1431 0.1422 0.1431 
         123  1 0.1427 0.1437 0.1418 0.1434 0.1423 0.1423 0.1437 
         124  1 0.1422 0.1435 0.1428 0.1439 0.1419 0.1431 0.1426 
         125  1 0.1424 0.1433 0.1423 0.1442 0.1424 0.1426 0.1428 
         126  1 0.1418 0.1433 0.1427 0.1440 0.1415 0.1429 0.1438 
         127  1 0.1437 0.1428 0.1421 0.1431 0.1428 0.1426 0.1429 
         128  1 0.1419 0.1437 0.1412 0.1437 0.1424 0.1426 0.1445 
         129  1 0.1431 0.1432 0.1420 0.1431 0.1426 0.1438 0.1424 
         130  1 0.1442 0.1420 0.1427 0.1417 0.1432 0.1437 0.1425 
         131  1 0.1429 0.1428 0.1426 0.1426 0.1424 0.1438 0.1428 
         132  1 0.1430 0.1426 0.1433 0.1418 0.1426 0.1440 0.1428 
         133  1 0.1431 0.1424 0.1421 0.1427 0.1429 0.1443 0.1426 
         134  1 0.1428 0.1417 0.1445 0.1419 0.1427 0.1433 0.1431 
         135  1 0.1432 0.1431 0.1427 0.1426 0.1429 0.1428 0.1428 
         136  1 0.1422 0.1425 0.1426 0.1435 0.1436 0.1427 0.1429 
         137  1 0.1418 0.1437 0.1419 0.1435 0.1427 0.1430 0.1433 
         138  1 0.1436 0.1428 0.1423 0.1433 0.1435 0.1418 0.1427 
         139  1 0.1434 0.1414 0.1448 0.1413 0.1427 0.1438 0.1425 
         140  1 0.1444 0.1417 0.1432 0.1416 0.1438 0.1430 0.1423 
         141  1 0.1433 0.1420 0.1445 0.1419 0.1426 0.1436 0.1421 
         142  1 0.1433 0.1421 0.1444 0.1415 0.1424 0.1437 0.1426 
         143  1 0.1430 0.1413 0.1441 0.1413 0.1431 0.1448 0.1424 
         144  1 0.1435 0.1413 0.1442 0.1415 0.1425 0.1437 0.1433 
         145  1 0.1425 0.1444 0.1422 0.1436 0.1430 0.1414 0.1429 
         146  1 0.1444 0.1426 0.1420 0.1423 0.1436 0.1431 0.1420 
         147  1 0.1424 0.1435 0.1432 0.1425 0.1432 0.1419 0.1431 
         148  1 0.1421 0.1430 0.1433 0.1431 0.1429 0.1423 0.1433 
         149  1 0.1447 0.1430 0.1424 0.1415 0.1431 0.1434 0.1417 
         150  1 0.1430 0.1434 0.1421 0.1433 0.1429 0.1422 0.1430 
         151  1 0.1435 0.1432 0.1418 0.1428 0.1432 0.1428 0.1427 
         152  1 0.1423 0.1441 0.1420 0.1434 0.1425 0.1418 0.1439 
         153  1 0.1443 0.1413 0.1432 0.1414 0.1440 0.1439 0.1420 
         154  1 0.1414 0.1436 0.1429 0.1442 0.1424 0.1421 0.1434 
         155  1 0.1425 0.1422 0.1425 0.1429 0.1426 0.1443 0.1431 
         156  1 0.1436 0.1419 0.1441 0.1412 0.1429 0.1439 0.1425 
         157  1 0.1420 0.1440 0.1432 0.1436 0.1419 0.1424 0.1429 
         158  1 0.1427 0.1425 0.1431 0.1434 0.1428 0.1429 0.1426 
         159  1 0.1432 0.1436 0.1425 0.1435 0.1428 0.1418 0.1426 
         160  1 0.1426 0.1415 0.1439 0.1419 0.1435 0.1439 0.1427 
         161  1 0.1429 0.1418 0.1444 0.1420 0.1430 0.1441 0.1419 
         162  1 0.1423 0.1437 0.1417 0.1446 0.1427 0.1413 0.1437 
         163  1 0.1433 0.1417 0.1433 0.1424 0.1429 0.1444 0.1420 
         164  1 0.1443 0.1412 0.1435 0.1417 0.1433 0.1444 0.1416 
         165  1 0.1422 0.1434 0.1427 0.1439 0.1421 0.1419 0.1437 
         166  1 0.1423 0.1427 0.1433 0.1432 0.1424 0.1434 0.1427 
         167  1 0.1418 0.1433 0.1423 0.1446 0.1422 0.1423 0.1435 
         168  1 0.1430 0.1435 0.1434 0.1437 0.1436 0.1412 0.1415 
         169  1 0.1421 0.1439 0.1421 0.1438 0.1426 0.1425 0.1431 
         170  1 0.1439 0.1420 0.1430 0.1428 0.1431 0.1426 0.1427 
         171  1 0.1447 0.1406 0.1442 0.1411 0.1431 0.1440 0.1424 
         172  1 0.1417 0.1443 0.1416 0.1451 0.1417 0.1416 0.1439 
         173  1 0.1431 0.1428 0.1421 0.1435 0.1431 0.1422 0.1431 
         174  1 0.1438 0.1417 0.1437 0.1420 0.1436 0.1431 0.1422 
         175  1 0.1426 0.1441 0.1421 0.1433 0.1426 0.1420 0.1433 
         176  1 0.1427 0.1425 0.1426 0.1432 0.1431 0.1430 0.1430 
         177  1 0.1431 0.1423 0.1436 0.1420 0.1428 0.1432 0.1429 
         178  1 0.1420 0.1433 0.1427 0.1442 0.1423 0.1421 0.1434 
         179  1 0.1423 0.1434 0.1420 0.1442 0.1428 0.1419 0.1434 
         180  1 0.1428 0.1428 0.1417 0.1442 0.1434 0.1428 0.1424 
         181  1 0.1422 0.1432 0.1425 0.1437 0.1426 0.1428 0.1431 
         182  1 0.1445 0.1428 0.1417 0.1419 0.1439 0.1430 0.1421 
         183  1 0.1436 0.1424 0.1430 0.1423 0.1432 0.1432 0.1423 
