           1  1 0.3328 0.3245 0.3427 
           2  1 0.3258 0.3492 0.3250 
           3  1 0.3320 0.3270 0.3410 
           4  1 0.3197 0.3509 0.3294 
           5  1 0.3414 0.3195 0.3391 
           6  1 0.3442 0.3155 0.3402 
           7  1 0.3416 0.3238 0.3347 
           8  1 0.3471 0.3205 0.3324 
           9  1 0.3294 0.3403 0.3303 
          10  1 0.3227 0.3408 0.3365 
          11  1 0.3201 0.3441 0.3358 
          12  1 0.3209 0.3509 0.3281 
          13  1 0.3343 0.3274 0.3383 
          14  1 0.3394 0.3193 0.3413 
          15  1 0.3476 0.3173 0.3351 
          16  1 0.3184 0.3490 0.3326 
          17  1 0.3331 0.3378 0.3291 
          18  1 0.3282 0.3351 0.3367 
          19  1 0.3272 0.3414 0.3314 
          20  1 0.3474 0.3183 0.3344 
          21  1 0.3463 0.3145 0.3392 
          22  1 0.3215 0.3463 0.3322 
          23  1 0.3217 0.3391 0.3392 
          24  1 0.3228 0.3428 0.3345 
          25  1 0.3414 0.3219 0.3368 
          26  1 0.3516 0.3114 0.3370 
          27  1 0.3337 0.3319 0.3344 
          28  1 0.3363 0.3273 0.3364 
          29  1 0.3246 0.3523 0.3231 
          30  1 0.3360 0.3310 0.3330 
          31  1 0.3316 0.3322 0.3362 
          32  1 0.3317 0.3359 0.3323 
          33  1 0.3344 0.3389 0.3266 
          34  1 0.3352 0.3365 0.3283 
          35  1 0.3328 0.3336 0.3336 
          36  1 0.3510 0.3166 0.3325 
          37  1 0.3399 0.3228 0.3372 
          38  1 0.3492 0.3168 0.3340 
          39  1 0.3382 0.3257 0.3362 
          40  1 0.3372 0.3338 0.3290 
          41  1 0.3275 0.3409 0.3316 
          42  1 0.3411 0.3227 0.3363 
          43  1 0.3490 0.3174 0.3337 
          44  1 0.3278 0.3503 0.3218 
          45  1 0.3269 0.3475 0.3256 
          46  1 0.3329 0.3313 0.3358 
          47  1 0.3351 0.3343 0.3306 
          48  1 0.3257 0.3461 0.3282 
          49  1 0.3339 0.3347 0.3314 
          50  1 0.3260 0.3447 0.3294 
          51  1 0.3243 0.3509 0.3248 
          52  1 0.3315 0.3366 0.3319 
          53  1 0.3412 0.3223 0.3364 
          54  1 0.3356 0.3247 0.3396 
          55  1 0.3304 0.3369 0.3326 
          56  1 0.3271 0.3375 0.3354 
          57  1 0.3328 0.3293 0.3379 
          58  1 0.3406 0.3236 0.3358 
          59  1 0.3227 0.3493 0.3280 
          60  1 0.3368 0.3362 0.3270 
          61  1 0.3357 0.3265 0.3378 
          62  1 0.3297 0.3437 0.3266 
          63  1 0.3265 0.3405 0.3329 
          64  1 0.3317 0.3348 0.3335 
          65  1 0.3291 0.3351 0.3357 
          66  1 0.3468 0.3166 0.3366 
          67  1 0.3241 0.3387 0.3372 
          68  1 0.3286 0.3384 0.3330 
          69  1 0.3357 0.3237 0.3405 
          70  1 0.3460 0.3174 0.3366 
          71  1 0.3365 0.3289 0.3346 
          72  1 0.3388 0.3266 0.3346 
          73  1 0.3361 0.3260 0.3380 
          74  1 0.3241 0.3409 0.3350 
          75  1 0.3246 0.3430 0.3324 
          76  1 0.3262 0.3526 0.3212 
          77  1 0.3484 0.3141 0.3375 
          78  1 0.3269 0.3434 0.3297 
          79  1 0.3544 0.3124 0.3332 
          80  1 0.3457 0.3217 0.3326 
          81  1 0.3222 0.3446 0.3333 
          82  1 0.3469 0.3179 0.3352 
          83  1 0.3284 0.3389 0.3327 
          84  1 0.3387 0.3270 0.3343 
          85  1 0.3357 0.3269 0.3374 
          86  1 0.3407 0.3239 0.3353 
          87  1 0.3204 0.3435 0.3361 
          88  1 0.3306 0.3327 0.3368 
          89  1 0.3370 0.3323 0.3307 
          90  1 0.3355 0.3247 0.3398 
          91  1 0.3296 0.3475 0.3230 
          92  1 0.3363 0.3254 0.3382 
          93  1 0.3333 0.3347 0.3321 
          94  1 0.3496 0.3155 0.3349 
          95  1 0.3432 0.3189 0.3379 
          96  1 0.3443 0.3189 0.3368 
          97  1 0.3374 0.3233 0.3393 
          98  1 0.3257 0.3415 0.3329 
          99  1 0.3466 0.3135 0.3399 
         100  1 0.3202 0.3469 0.3328 
         101  1 0.3278 0.3374 0.3348 
         102  1 0.3359 0.3301 0.3339 
         103  1 0.3219 0.3423 0.3359 
         104  1 0.3310 0.3374 0.3316 
         105  1 0.3329 0.3311 0.3360 
         106  1 0.3271 0.3349 0.3380 
         107  1 0.3376 0.3244 0.3381 
         108  1 0.3332 0.3318 0.3351 
         109  1 0.3374 0.3279 0.3347 
         110  1 0.3435 0.3174 0.3391 
         111  1 0.3402 0.3281 0.3317 
         112  1 0.3339 0.3313 0.3348 
         113  1 0.3255 0.3389 0.3355 
         114  1 0.3221 0.3436 0.3343 
         115  1 0.3349 0.3296 0.3355 
         116  1 0.3377 0.3245 0.3378 
         117  1 0.3402 0.3246 0.3352 
         118  1 0.3300 0.3381 0.3319 
         119  1 0.3259 0.3537 0.3204 
         120  1 0.3265 0.3399 0.3336 
         121  1 0.3331 0.3329 0.3340 
         122  1 0.3252 0.3400 0.3348 
         123  1 0.3282 0.3444 0.3275 
         124  1 0.3301 0.3378 0.3321 
         125  1 0.3253 0.3477 0.3270 
         126  1 0.3246 0.3466 0.3288 
         127  1 0.3281 0.3361 0.3358 
         128  1 0.3201 0.3490 0.3309 
         129  1 0.3291 0.3365 0.3343 
         130  1 0.3489 0.3174 0.3338 
         131  1 0.3276 0.3410 0.3314 
         132  1 0.3401 0.3223 0.3376 
         133  1 0.3321 0.3358 0.3321 
         134  1 0.3380 0.3292 0.3328 
         135  1 0.3284 0.3361 0.3355 
         136  1 0.3302 0.3367 0.3331 
         137  1 0.3285 0.3431 0.3284 
         138  1 0.3401 0.3326 0.3273 
         139  1 0.3428 0.3276 0.3296 
         140  1 0.3517 0.3132 0.3351 
         141  1 0.3358 0.3221 0.3421 
         142  1 0.3369 0.3247 0.3384 
         143  1 0.3453 0.3187 0.3360 
         144  1 0.3373 0.3291 0.3336 
         145  1 0.3245 0.3460 0.3296 
         146  1 0.3394 0.3235 0.3371 
         147  1 0.3275 0.3426 0.3299 
         148  1 0.3246 0.3466 0.3288 
         149  1 0.3474 0.3152 0.3374 
         150  1 0.3206 0.3423 0.3371 
         151  1 0.3368 0.3305 0.3327 
         152  1 0.3305 0.3395 0.3300 
         153  1 0.3451 0.3179 0.3370 
         154  1 0.3181 0.3539 0.3280 
         155  1 0.3334 0.3317 0.3350 
         156  1 0.3421 0.3204 0.3375 
         157  1 0.3246 0.3417 0.3337 
         158  1 0.3218 0.3397 0.3385 
         159  1 0.3289 0.3363 0.3348 
         160  1 0.3405 0.3261 0.3334 
         161  1 0.3392 0.3242 0.3366 
         162  1 0.3230 0.3568 0.3202 
         163  1 0.3367 0.3253 0.3380 
         164  1 0.3441 0.3182 0.3377 
         165  1 0.3282 0.3443 0.3275 
         166  1 0.3247 0.3385 0.3369 
         167  1 0.3272 0.3455 0.3273 
         168  1 0.3302 0.3405 0.3293 
         169  1 0.3208 0.3487 0.3304 
         170  1 0.3277 0.3310 0.3413 
         171  1 0.3463 0.3195 0.3341 
         172  1 0.3241 0.3501 0.3259 
         173  1 0.3278 0.3414 0.3308 
         174  1 0.3356 0.3300 0.3345 
         175  1 0.3292 0.3401 0.3306 
         176  1 0.3221 0.3446 0.3332 
         177  1 0.3473 0.3173 0.3354 
         178  1 0.3242 0.3502 0.3256 
         179  1 0.3223 0.3528 0.3249 
         180  1 0.3318 0.3384 0.3298 
         181  1 0.3278 0.3456 0.3266 
         182  1 0.3410 0.3158 0.3431 
         183  1 0.3419 0.3240 0.3341 
