           1  1 0.1963 0.2011 0.2013 0.2033 0.1980 
           2  1 0.2016 0.1937 0.2013 0.1979 0.2056 
           3  1 0.1998 0.2028 0.1968 0.2044 0.1963 
           4  1 0.2035 0.2003 0.1980 0.1963 0.2019 
           5  1 0.1983 0.2014 0.2019 0.2015 0.1969 
           6  1 0.1965 0.2033 0.2007 0.2033 0.1962 
           7  1 0.1998 0.2008 0.1990 0.2016 0.1988 
           8  1 0.1991 0.2057 0.2000 0.1992 0.1961 
           9  1 0.2010 0.2003 0.2005 0.1979 0.2003 
          10  1 0.1990 0.2024 0.2007 0.1984 0.1995 
          11  1 0.2017 0.1996 0.1995 0.1979 0.2013 
          12  1 0.2053 0.1978 0.2016 0.1944 0.2009 
          13  1 0.2001 0.1999 0.1982 0.2020 0.1997 
          14  1 0.1971 0.2036 0.1999 0.2043 0.1951 
          15  1 0.1988 0.2012 0.2001 0.2017 0.1983 
          16  1 0.2013 0.2026 0.2003 0.1960 0.1998 
          17  1 0.2018 0.1965 0.1993 0.1988 0.2036 
          18  1 0.2023 0.2002 0.1982 0.2017 0.1976 
          19  1 0.1998 0.2019 0.1998 0.1996 0.1990 
          20  1 0.1983 0.2047 0.2001 0.1999 0.1969 
          21  1 0.1978 0.2041 0.2007 0.2030 0.1944 
          22  1 0.2023 0.1999 0.2002 0.1966 0.2010 
          23  1 0.1993 0.2002 0.2001 0.2031 0.1974 
          24  1 0.1990 0.2004 0.2000 0.2011 0.1994 
          25  1 0.1984 0.1996 0.1997 0.2023 0.2000 
          26  1 0.1975 0.1997 0.2018 0.2027 0.1982 
          27  1 0.2025 0.2016 0.1982 0.1966 0.2011 
          28  1 0.1992 0.2001 0.2016 0.2000 0.1991 
          29  1 0.2028 0.1932 0.2009 0.1964 0.2066 
          30  1 0.2012 0.1973 0.2015 0.1980 0.2020 
          31  1 0.1995 0.2012 0.1999 0.2009 0.1986 
          32  1 0.2005 0.1997 0.1979 0.2024 0.1995 
          33  1 0.2024 0.1961 0.2001 0.1961 0.2054 
          34  1 0.2014 0.2003 0.1990 0.1981 0.2013 
          35  1 0.1997 0.2003 0.2009 0.1999 0.1991 
          36  1 0.1975 0.2034 0.2005 0.2000 0.1986 
          37  1 0.1976 0.2019 0.1998 0.2022 0.1984 
          38  1 0.1985 0.2010 0.2000 0.2017 0.1987 
          39  1 0.1989 0.1989 0.2016 0.1985 0.2021 
          40  1 0.1983 0.1977 0.1996 0.2011 0.2032 
          41  1 0.2012 0.1983 0.2013 0.2006 0.1986 
          42  1 0.1997 0.2017 0.2002 0.2007 0.1977 
          43  1 0.1973 0.2058 0.1990 0.2012 0.1966 
          44  1 0.2022 0.1959 0.1991 0.1969 0.2059 
          45  1 0.2002 0.1950 0.2003 0.1999 0.2045 
          46  1 0.1992 0.2028 0.1997 0.1997 0.1986 
          47  1 0.2018 0.1993 0.1989 0.1986 0.2013 
          48  1 0.2021 0.1974 0.2016 0.1961 0.2029 
          49  1 0.2008 0.1979 0.2010 0.2001 0.2002 
          50  1 0.2008 0.1968 0.1995 0.1974 0.2054 
          51  1 0.2005 0.1940 0.1994 0.1990 0.2072 
          52  1 0.2004 0.1995 0.2009 0.1962 0.2030 
          53  1 0.1976 0.2021 0.2002 0.2016 0.1985 
          54  1 0.1976 0.2001 0.2018 0.2016 0.1989 
          55  1 0.1997 0.1992 0.1993 0.1992 0.2027 
          56  1 0.1971 0.2006 0.2015 0.2010 0.1998 
          57  1 0.1992 0.2018 0.1998 0.1997 0.1995 
          58  1 0.1984 0.2053 0.1987 0.2004 0.1972 
          59  1 0.2013 0.1984 0.1990 0.1996 0.2017 
          60  1 0.2022 0.2003 0.1999 0.1970 0.2006 
          61  1 0.1985 0.2005 0.1997 0.2033 0.1982 
          62  1 0.1999 0.1996 0.1996 0.1969 0.2041 
          63  1 0.2025 0.1996 0.1999 0.1959 0.2021 
          64  1 0.2025 0.2015 0.1998 0.1984 0.1978 
          65  1 0.1978 0.2010 0.1995 0.2024 0.1994 
          66  1 0.1967 0.2026 0.2008 0.2021 0.1978 
          67  1 0.1997 0.2016 0.1985 0.1999 0.2004 
          68  1 0.1987 0.2022 0.1999 0.2003 0.1990 
          69  1 0.1969 0.2012 0.1989 0.2045 0.1984 
          70  1 0.1993 0.2030 0.1995 0.2005 0.1977 
          71  1 0.2017 0.1972 0.1997 0.1988 0.2025 
          72  1 0.2006 0.1979 0.1999 0.2041 0.1975 
          73  1 0.1972 0.2031 0.1996 0.2029 0.1972 
          74  1 0.2018 0.1982 0.2010 0.1983 0.2007 
          75  1 0.2026 0.1987 0.1990 0.1974 0.2024 
          76  1 0.2004 0.1946 0.2017 0.1953 0.2080 
          77  1 0.1994 0.2014 0.2008 0.2011 0.1974 
          78  1 0.1998 0.1989 0.2012 0.1984 0.2017 
          79  1 0.1991 0.2047 0.2009 0.1997 0.1956 
          80  1 0.1987 0.2041 0.2001 0.1996 0.1976 
          81  1 0.2009 0.2001 0.2022 0.1988 0.1980 
          82  1 0.1988 0.2024 0.2004 0.1994 0.1990 
          83  1 0.2006 0.1993 0.1999 0.2007 0.1995 
          84  1 0.1991 0.2008 0.2006 0.2009 0.1987 
          85  1 0.2014 0.2024 0.1989 0.1987 0.1986 
          86  1 0.1985 0.2005 0.1989 0.2038 0.1983 
          87  1 0.2015 0.2002 0.1991 0.1979 0.2013 
          88  1 0.1973 0.2029 0.1984 0.2042 0.1972 
          89  1 0.2028 0.2006 0.1984 0.2000 0.1982 
          90  1 0.1971 0.2010 0.2010 0.2009 0.2000 
          91  1 0.1988 0.1993 0.1966 0.1999 0.2054 
          92  1 0.1986 0.2021 0.2001 0.2022 0.1971 
          93  1 0.2003 0.1979 0.2000 0.2006 0.2012 
          94  1 0.1991 0.2026 0.1996 0.2008 0.1979 
          95  1 0.1971 0.2068 0.1998 0.2019 0.1944 
          96  1 0.1966 0.2042 0.1997 0.2040 0.1956 
          97  1 0.1974 0.2031 0.2001 0.2007 0.1987 
          98  1 0.1996 0.1999 0.2005 0.2006 0.1994 
          99  1 0.1955 0.2063 0.2005 0.2030 0.1946 
         100  1 0.2005 0.2001 0.1986 0.2004 0.2004 
         101  1 0.2004 0.2007 0.2008 0.1990 0.1991 
         102  1 0.1991 0.1980 0.2009 0.2014 0.2005 
         103  1 0.2008 0.2008 0.1985 0.2015 0.1983 
         104  1 0.2010 0.1982 0.2004 0.1970 0.2035 
         105  1 0.1984 0.2023 0.1992 0.2029 0.1973 
         106  1 0.1980 0.1998 0.2030 0.2006 0.1986 
         107  1 0.1964 0.2027 0.2012 0.2015 0.1982 
         108  1 0.2012 0.1987 0.1992 0.1980 0.2029 
         109  1 0.2006 0.1974 0.2003 0.1991 0.2027 
         110  1 0.2008 0.1995 0.1989 0.2023 0.1986 
         111  1 0.2001 0.1972 0.2016 0.1995 0.2016 
         112  1 0.2005 0.1991 0.2004 0.1992 0.2008 
         113  1 0.1996 0.2007 0.1982 0.2047 0.1968 
         114  1 0.2008 0.1977 0.2004 0.1998 0.2013 
         115  1 0.1998 0.2000 0.1992 0.2020 0.1990 
         116  1 0.1968 0.2036 0.2012 0.2034 0.1951 
         117  1 0.1992 0.2004 0.1999 0.2000 0.2005 
         118  1 0.2013 0.1990 0.1984 0.2019 0.1993 
         119  1 0.2011 0.1956 0.2004 0.1967 0.2062 
         120  1 0.2022 0.1984 0.1997 0.1998 0.1998 
         121  1 0.2004 0.2036 0.1988 0.1976 0.1996 
         122  1 0.2001 0.2033 0.2007 0.1969 0.1989 
         123  1 0.1997 0.1938 0.2027 0.1948 0.2090 
         124  1 0.2018 0.1989 0.2007 0.1967 0.2018 
         125  1 0.2029 0.1947 0.1995 0.1987 0.2042 
         126  1 0.2022 0.1999 0.1995 0.1964 0.2020 
         127  1 0.2000 0.2007 0.1989 0.1996 0.2008 
         128  1 0.2000 0.2002 0.1994 0.1997 0.2007 
         129  1 0.2016 0.1987 0.2012 0.2008 0.1976 
         130  1 0.1998 0.2017 0.1991 0.2012 0.1982 
         131  1 0.2001 0.1987 0.2008 0.2019 0.1985 
         132  1 0.1973 0.2023 0.2006 0.2009 0.1989 
         133  1 0.2008 0.1967 0.1996 0.2028 0.2001 
         134  1 0.2009 0.2014 0.1995 0.2005 0.1978 
         135  1 0.1989 0.2010 0.1982 0.2037 0.1983 
         136  1 0.2017 0.1992 0.2012 0.2003 0.1975 
         137  1 0.2030 0.1961 0.2003 0.1980 0.2026 
         138  1 0.2008 0.1986 0.2007 0.1954 0.2045 
         139  1 0.1985 0.1976 0.2018 0.1989 0.2032 
         140  1 0.1991 0.2013 0.2002 0.2011 0.1983 
         141  1 0.1997 0.2007 0.2004 0.2005 0.1987 
         142  1 0.1979 0.2032 0.2006 0.2043 0.1940 
         143  1 0.1994 0.2016 0.1987 0.2038 0.1965 
         144  1 0.1996 0.2012 0.1994 0.1998 0.2000 
         145  1 0.2026 0.1981 0.1997 0.1978 0.2019 
         146  1 0.1993 0.1995 0.2012 0.2002 0.1997 
         147  1 0.2009 0.1993 0.2004 0.1965 0.2030 
         148  1 0.2003 0.1978 0.1999 0.2008 0.2012 
         149  1 0.1971 0.2021 0.1989 0.2042 0.1977 
         150  1 0.2018 0.2015 0.1982 0.2013 0.1971 
         151  1 0.2011 0.1998 0.1991 0.2016 0.1984 
         152  1 0.2006 0.2001 0.1988 0.1978 0.2026 
         153  1 0.1991 0.2001 0.2004 0.2034 0.1970 
         154  1 0.2030 0.1983 0.1997 0.1958 0.2032 
         155  1 0.1993 0.2012 0.2005 0.2016 0.1974 
         156  1 0.1985 0.2010 0.1990 0.2022 0.1993 
         157  1 0.2005 0.2014 0.2005 0.1989 0.1987 
         158  1 0.2003 0.1992 0.2001 0.2030 0.1974 
         159  1 0.2010 0.2041 0.1972 0.1997 0.1980 
         160  1 0.2003 0.1986 0.1993 0.1984 0.2034 
         161  1 0.2010 0.2000 0.1994 0.2009 0.1988 
         162  1 0.2013 0.1943 0.2017 0.1963 0.2065 
         163  1 0.2004 0.2002 0.2005 0.2003 0.1986 
         164  1 0.1996 0.1994 0.2007 0.2024 0.1979 
         165  1 0.1988 0.1999 0.1997 0.2011 0.2004 
         166  1 0.1988 0.1981 0.2014 0.2009 0.2008 
         167  1 0.2018 0.1983 0.1997 0.1958 0.2044 
         168  1 0.2016 0.1980 0.1998 0.1959 0.2046 
         169  1 0.2034 0.2000 0.2000 0.1969 0.1998 
         170  1 0.1995 0.2021 0.1982 0.2011 0.1990 
         171  1 0.2000 0.2012 0.1995 0.2003 0.1990 
         172  1 0.1991 0.1948 0.2003 0.1988 0.2069 
         173  1 0.2014 0.1995 0.1998 0.1967 0.2025 
         174  1 0.1990 0.2001 0.2010 0.2020 0.1979 
         175  1 0.1999 0.1996 0.1995 0.2014 0.1996 
         176  1 0.2011 0.1990 0.1987 0.2007 0.2005 
         177  1 0.1968 0.2035 0.2014 0.2007 0.1977 
         178  1 0.2018 0.1982 0.2011 0.1952 0.2038 
         179  1 0.2025 0.1973 0.1991 0.1984 0.2027 
         180  1 0.1997 0.1966 0.2007 0.1972 0.2057 
         181  1 0.2046 0.1955 0.1987 0.1985 0.2027 
         182  1 0.1975 0.2020 0.2003 0.2032 0.1970 
         183  1 0.1999 0.2044 0.1985 0.2025 0.1948 
