           1  1 0.3406 0.3215 0.3379 
           2  1 0.3303 0.3492 0.3205 
           3  1 0.3413 0.3245 0.3342 
           4  1 0.3208 0.3577 0.3215 
           5  1 0.3445 0.3129 0.3426 
           6  1 0.3491 0.3048 0.3461 
           7  1 0.3363 0.3191 0.3446 
           8  1 0.3330 0.3179 0.3490 
           9  1 0.3283 0.3451 0.3266 
          10  1 0.3317 0.3480 0.3203 
          11  1 0.3230 0.3566 0.3204 
          12  1 0.3169 0.3599 0.3232 
          13  1 0.3366 0.3248 0.3386 
          14  1 0.3485 0.3136 0.3379 
          15  1 0.3347 0.3192 0.3461 
          16  1 0.3186 0.3563 0.3251 
          17  1 0.3285 0.3425 0.3291 
          18  1 0.3354 0.3350 0.3296 
          19  1 0.3273 0.3440 0.3287 
          20  1 0.3307 0.3200 0.3493 
          21  1 0.3467 0.3092 0.3441 
          22  1 0.3250 0.3536 0.3214 
          23  1 0.3330 0.3389 0.3280 
          24  1 0.3329 0.3413 0.3258 
          25  1 0.3435 0.3171 0.3394 
          26  1 0.3449 0.3090 0.3461 
          27  1 0.3224 0.3441 0.3336 
          28  1 0.3391 0.3232 0.3377 
          29  1 0.3298 0.3504 0.3198 
          30  1 0.3304 0.3364 0.3332 
          31  1 0.3324 0.3316 0.3360 
          32  1 0.3359 0.3365 0.3277 
          33  1 0.3307 0.3420 0.3273 
          34  1 0.3229 0.3379 0.3392 
          35  1 0.3280 0.3388 0.3332 
          36  1 0.3392 0.3122 0.3486 
          37  1 0.3368 0.3229 0.3403 
          38  1 0.3414 0.3116 0.3470 
          39  1 0.3366 0.3312 0.3322 
          40  1 0.3427 0.3230 0.3342 
          41  1 0.3222 0.3447 0.3332 
          42  1 0.3336 0.3242 0.3422 
          43  1 0.3414 0.3120 0.3466 
          44  1 0.3257 0.3534 0.3209 
          45  1 0.3333 0.3416 0.3251 
          46  1 0.3325 0.3317 0.3358 
          47  1 0.3262 0.3417 0.3321 
          48  1 0.3294 0.3477 0.3229 
          49  1 0.3318 0.3361 0.3321 
          50  1 0.3314 0.3446 0.3240 
          51  1 0.3378 0.3403 0.3219 
          52  1 0.3284 0.3381 0.3335 
          53  1 0.3421 0.3176 0.3403 
          54  1 0.3407 0.3200 0.3394 
          55  1 0.3285 0.3393 0.3322 
          56  1 0.3306 0.3427 0.3268 
          57  1 0.3341 0.3292 0.3367 
          58  1 0.3291 0.3258 0.3451 
          59  1 0.3283 0.3507 0.3210 
          60  1 0.3219 0.3437 0.3344 
          61  1 0.3377 0.3249 0.3373 
          62  1 0.3310 0.3427 0.3263 
          63  1 0.3280 0.3463 0.3256 
          64  1 0.3295 0.3362 0.3343 
          65  1 0.3351 0.3323 0.3326 
          66  1 0.3397 0.3132 0.3470 
          67  1 0.3349 0.3392 0.3259 
          68  1 0.3303 0.3399 0.3298 
          69  1 0.3424 0.3189 0.3387 
          70  1 0.3385 0.3127 0.3488 
          71  1 0.3394 0.3261 0.3345 
          72  1 0.3347 0.3251 0.3402 
          73  1 0.3448 0.3182 0.3369 
          74  1 0.3315 0.3445 0.3240 
          75  1 0.3254 0.3473 0.3273 
          76  1 0.3303 0.3517 0.3180 
          77  1 0.3403 0.3129 0.3469 
          78  1 0.3315 0.3441 0.3243 
          79  1 0.3377 0.3100 0.3523 
          80  1 0.3304 0.3234 0.3462 
          81  1 0.3299 0.3451 0.3250 
          82  1 0.3428 0.3127 0.3445 
          83  1 0.3361 0.3376 0.3263 
          84  1 0.3401 0.3237 0.3362 
          85  1 0.3314 0.3308 0.3378 
          86  1 0.3422 0.3181 0.3397 
          87  1 0.3271 0.3479 0.3250 
          88  1 0.3375 0.3299 0.3325 
          89  1 0.3209 0.3390 0.3401 
          90  1 0.3399 0.3281 0.3320 
          91  1 0.3326 0.3431 0.3243 
          92  1 0.3434 0.3197 0.3370 
          93  1 0.3313 0.3323 0.3364 
          94  1 0.3385 0.3125 0.3490 
          95  1 0.3384 0.3151 0.3466 
          96  1 0.3414 0.3156 0.3429 
          97  1 0.3366 0.3244 0.3389 
          98  1 0.3250 0.3445 0.3306 
          99  1 0.3456 0.3078 0.3467 
         100  1 0.3219 0.3524 0.3257 
         101  1 0.3315 0.3415 0.3270 
         102  1 0.3391 0.3265 0.3345 
         103  1 0.3289 0.3452 0.3259 
         104  1 0.3326 0.3360 0.3314 
         105  1 0.3386 0.3288 0.3326 
         106  1 0.3339 0.3336 0.3325 
         107  1 0.3437 0.3212 0.3352 
         108  1 0.3353 0.3280 0.3367 
         109  1 0.3374 0.3287 0.3339 
         110  1 0.3441 0.3149 0.3410 
         111  1 0.3374 0.3275 0.3351 
         112  1 0.3361 0.3284 0.3354 
         113  1 0.3317 0.3403 0.3280 
         114  1 0.3229 0.3488 0.3283 
         115  1 0.3393 0.3241 0.3365 
         116  1 0.3380 0.3203 0.3416 
         117  1 0.3360 0.3250 0.3390 
         118  1 0.3268 0.3388 0.3344 
         119  1 0.3290 0.3527 0.3183 
         120  1 0.3317 0.3397 0.3286 
         121  1 0.3279 0.3385 0.3336 
         122  1 0.3338 0.3372 0.3291 
         123  1 0.3330 0.3437 0.3234 
         124  1 0.3239 0.3467 0.3293 
         125  1 0.3247 0.3506 0.3248 
         126  1 0.3226 0.3503 0.3271 
         127  1 0.3335 0.3366 0.3299 
         128  1 0.3246 0.3545 0.3208 
         129  1 0.3342 0.3375 0.3283 
         130  1 0.3395 0.3156 0.3448 
         131  1 0.3306 0.3395 0.3300 
         132  1 0.3392 0.3244 0.3364 
         133  1 0.3373 0.3322 0.3305 
         134  1 0.3279 0.3293 0.3428 
         135  1 0.3366 0.3333 0.3301 
         136  1 0.3283 0.3354 0.3363 
         137  1 0.3322 0.3418 0.3260 
         138  1 0.3368 0.3286 0.3346 
         139  1 0.3351 0.3247 0.3402 
         140  1 0.3428 0.3066 0.3506 
         141  1 0.3388 0.3242 0.3371 
         142  1 0.3401 0.3206 0.3393 
         143  1 0.3413 0.3128 0.3458 
         144  1 0.3297 0.3326 0.3378 
         145  1 0.3265 0.3527 0.3209 
         146  1 0.3450 0.3220 0.3330 
         147  1 0.3310 0.3445 0.3246 
         148  1 0.3267 0.3505 0.3228 
         149  1 0.3495 0.3063 0.3442 
         150  1 0.3292 0.3496 0.3212 
         151  1 0.3357 0.3266 0.3376 
         152  1 0.3273 0.3428 0.3299 
         153  1 0.3447 0.3105 0.3448 
         154  1 0.3161 0.3635 0.3204 
         155  1 0.3320 0.3325 0.3355 
         156  1 0.3391 0.3154 0.3455 
         157  1 0.3275 0.3433 0.3292 
         158  1 0.3329 0.3391 0.3280 
         159  1 0.3365 0.3356 0.3278 
         160  1 0.3373 0.3238 0.3389 
         161  1 0.3356 0.3242 0.3402 
         162  1 0.3252 0.3571 0.3177 
         163  1 0.3349 0.3231 0.3420 
         164  1 0.3424 0.3115 0.3461 
         165  1 0.3280 0.3434 0.3285 
         166  1 0.3254 0.3443 0.3302 
         167  1 0.3263 0.3472 0.3264 
         168  1 0.3249 0.3475 0.3276 
         169  1 0.3232 0.3531 0.3237 
         170  1 0.3378 0.3296 0.3326 
         171  1 0.3366 0.3183 0.3451 
         172  1 0.3282 0.3538 0.3180 
         173  1 0.3266 0.3468 0.3265 
         174  1 0.3344 0.3271 0.3385 
         175  1 0.3281 0.3407 0.3312 
         176  1 0.3268 0.3486 0.3246 
         177  1 0.3392 0.3158 0.3449 
         178  1 0.3248 0.3514 0.3239 
         179  1 0.3254 0.3546 0.3200 
         180  1 0.3367 0.3362 0.3272 
         181  1 0.3263 0.3464 0.3273 
         182  1 0.3488 0.3108 0.3405 
         183  1 0.3416 0.3154 0.3429 
