           1  1 0.1413 0.1437 0.1418 0.1452 0.1422 0.1422 0.1437 
           2  1 0.1419 0.1424 0.1433 0.1411 0.1437 0.1456 0.1420 
           3  1 0.1412 0.1411 0.1421 0.1477 0.1459 0.1392 0.1428 
           4  1 0.1394 0.1415 0.1440 0.1419 0.1460 0.1452 0.1420 
           5  1 0.1451 0.1470 0.1426 0.1429 0.1414 0.1422 0.1389 
           6  1 0.1425 0.1482 0.1439 0.1415 0.1412 0.1410 0.1417 
           7  1 0.1479 0.1389 0.1424 0.1434 0.1430 0.1417 0.1427 
           8  1 0.1457 0.1430 0.1414 0.1405 0.1420 0.1416 0.1458 
           9  1 0.1440 0.1400 0.1435 0.1437 0.1425 0.1458 0.1406 
          10  1 0.1414 0.1419 0.1440 0.1429 0.1431 0.1449 0.1419 
          11  1 0.1416 0.1414 0.1438 0.1458 0.1411 0.1435 0.1426 
          12  1 0.1398 0.1434 0.1427 0.1404 0.1441 0.1478 0.1417 
          13  1 0.1475 0.1424 0.1408 0.1403 0.1426 0.1419 0.1446 
          14  1 0.1404 0.1481 0.1425 0.1446 0.1439 0.1395 0.1409 
          15  1 0.1467 0.1421 0.1414 0.1421 0.1438 0.1416 0.1423 
          16  1 0.1415 0.1421 0.1423 0.1412 0.1429 0.1473 0.1426 
          17  1 0.1430 0.1439 0.1437 0.1418 0.1432 0.1448 0.1396 
          18  1 0.1425 0.1400 0.1415 0.1447 0.1455 0.1432 0.1425 
          19  1 0.1440 0.1402 0.1427 0.1421 0.1467 0.1420 0.1423 
          20  1 0.1427 0.1450 0.1424 0.1441 0.1413 0.1393 0.1453 
          21  1 0.1439 0.1458 0.1419 0.1420 0.1433 0.1411 0.1421 
          22  1 0.1385 0.1441 0.1438 0.1441 0.1420 0.1432 0.1444 
          23  1 0.1392 0.1419 0.1433 0.1456 0.1421 0.1426 0.1452 
          24  1 0.1424 0.1409 0.1422 0.1444 0.1436 0.1415 0.1451 
          25  1 0.1439 0.1450 0.1422 0.1400 0.1419 0.1418 0.1452 
          26  1 0.1433 0.1476 0.1427 0.1400 0.1418 0.1419 0.1428 
          27  1 0.1465 0.1406 0.1430 0.1425 0.1407 0.1434 0.1434 
          28  1 0.1416 0.1454 0.1423 0.1404 0.1449 0.1424 0.1429 
          29  1 0.1413 0.1419 0.1450 0.1426 0.1442 0.1459 0.1391 
          30  1 0.1447 0.1422 0.1413 0.1410 0.1458 0.1432 0.1417 
          31  1 0.1448 0.1419 0.1417 0.1418 0.1429 0.1446 0.1424 
          32  1 0.1419 0.1416 0.1434 0.1416 0.1453 0.1438 0.1424 
          33  1 0.1401 0.1440 0.1435 0.1434 0.1441 0.1432 0.1418 
          34  1 0.1417 0.1460 0.1434 0.1410 0.1412 0.1458 0.1410 
          35  1 0.1458 0.1422 0.1415 0.1429 0.1428 0.1424 0.1425 
          36  1 0.1467 0.1451 0.1418 0.1420 0.1415 0.1397 0.1432 
          37  1 0.1425 0.1422 0.1423 0.1436 0.1427 0.1417 0.1450 
          38  1 0.1443 0.1475 0.1406 0.1405 0.1409 0.1413 0.1450 
          39  1 0.1408 0.1399 0.1446 0.1455 0.1462 0.1410 0.1420 
          40  1 0.1446 0.1426 0.1429 0.1418 0.1434 0.1430 0.1418 
          41  1 0.1427 0.1408 0.1423 0.1444 0.1425 0.1439 0.1434 
          42  1 0.1462 0.1417 0.1413 0.1439 0.1416 0.1420 0.1432 
          43  1 0.1430 0.1459 0.1418 0.1438 0.1432 0.1413 0.1409 
          44  1 0.1411 0.1389 0.1457 0.1455 0.1409 0.1462 0.1417 
          45  1 0.1439 0.1426 0.1421 0.1421 0.1434 0.1437 0.1421 
          46  1 0.1469 0.1390 0.1416 0.1426 0.1413 0.1427 0.1460 
          47  1 0.1451 0.1398 0.1442 0.1399 0.1418 0.1463 0.1430 
          48  1 0.1401 0.1424 0.1434 0.1432 0.1448 0.1461 0.1399 
          49  1 0.1432 0.1405 0.1424 0.1439 0.1443 0.1422 0.1435 
          50  1 0.1421 0.1443 0.1443 0.1427 0.1415 0.1448 0.1404 
          51  1 0.1444 0.1435 0.1437 0.1420 0.1417 0.1444 0.1403 
          52  1 0.1428 0.1442 0.1417 0.1427 0.1427 0.1434 0.1425 
          53  1 0.1450 0.1408 0.1415 0.1432 0.1451 0.1410 0.1433 
          54  1 0.1413 0.1425 0.1421 0.1448 0.1435 0.1411 0.1447 
          55  1 0.1409 0.1412 0.1464 0.1426 0.1428 0.1438 0.1422 
          56  1 0.1412 0.1376 0.1452 0.1456 0.1451 0.1419 0.1434 
          57  1 0.1417 0.1406 0.1439 0.1454 0.1427 0.1437 0.1421 
          58  1 0.1452 0.1426 0.1430 0.1405 0.1416 0.1436 0.1435 
          59  1 0.1417 0.1414 0.1443 0.1428 0.1428 0.1450 0.1420 
          60  1 0.1416 0.1433 0.1437 0.1423 0.1430 0.1433 0.1427 
          61  1 0.1415 0.1440 0.1426 0.1434 0.1420 0.1443 0.1422 
          62  1 0.1446 0.1431 0.1427 0.1425 0.1440 0.1431 0.1400 
          63  1 0.1415 0.1425 0.1435 0.1456 0.1439 0.1417 0.1413 
          64  1 0.1410 0.1436 0.1435 0.1456 0.1424 0.1421 0.1418 
          65  1 0.1418 0.1445 0.1423 0.1430 0.1424 0.1420 0.1441 
          66  1 0.1436 0.1449 0.1436 0.1450 0.1399 0.1407 0.1424 
          67  1 0.1406 0.1432 0.1425 0.1462 0.1445 0.1406 0.1423 
          68  1 0.1445 0.1420 0.1430 0.1418 0.1431 0.1441 0.1415 
          69  1 0.1425 0.1455 0.1414 0.1436 0.1423 0.1411 0.1436 
          70  1 0.1436 0.1450 0.1416 0.1422 0.1408 0.1428 0.1439 
          71  1 0.1440 0.1444 0.1433 0.1409 0.1427 0.1422 0.1425 
          72  1 0.1446 0.1410 0.1434 0.1425 0.1410 0.1428 0.1447 
          73  1 0.1438 0.1462 0.1417 0.1418 0.1441 0.1414 0.1410 
          74  1 0.1423 0.1420 0.1419 0.1424 0.1429 0.1448 0.1438 
          75  1 0.1408 0.1416 0.1436 0.1446 0.1418 0.1452 0.1424 
          76  1 0.1449 0.1399 0.1447 0.1416 0.1441 0.1457 0.1391 
          77  1 0.1477 0.1437 0.1414 0.1415 0.1414 0.1419 0.1424 
          78  1 0.1428 0.1445 0.1441 0.1419 0.1437 0.1409 0.1421 
          79  1 0.1449 0.1432 0.1417 0.1418 0.1422 0.1429 0.1433 
          80  1 0.1438 0.1429 0.1427 0.1412 0.1400 0.1422 0.1473 
          81  1 0.1428 0.1418 0.1422 0.1418 0.1464 0.1422 0.1427 
          82  1 0.1470 0.1456 0.1405 0.1405 0.1428 0.1406 0.1429 
          83  1 0.1425 0.1437 0.1438 0.1423 0.1442 0.1410 0.1425 
          84  1 0.1441 0.1443 0.1414 0.1428 0.1425 0.1425 0.1424 
          85  1 0.1462 0.1438 0.1415 0.1405 0.1411 0.1444 0.1425 
          86  1 0.1457 0.1430 0.1415 0.1406 0.1415 0.1437 0.1440 
          87  1 0.1428 0.1427 0.1406 0.1454 0.1433 0.1421 0.1431 
          88  1 0.1430 0.1413 0.1422 0.1454 0.1450 0.1401 0.1431 
          89  1 0.1422 0.1425 0.1432 0.1414 0.1410 0.1436 0.1461 
          90  1 0.1411 0.1446 0.1434 0.1426 0.1430 0.1427 0.1425 
          91  1 0.1434 0.1429 0.1434 0.1406 0.1445 0.1441 0.1412 
          92  1 0.1422 0.1460 0.1424 0.1434 0.1429 0.1406 0.1425 
          93  1 0.1433 0.1434 0.1429 0.1408 0.1424 0.1448 0.1423 
          94  1 0.1438 0.1452 0.1425 0.1422 0.1397 0.1413 0.1453 
          95  1 0.1446 0.1416 0.1427 0.1450 0.1416 0.1400 0.1446 
          96  1 0.1479 0.1403 0.1415 0.1423 0.1433 0.1413 0.1433 
          97  1 0.1457 0.1416 0.1405 0.1445 0.1411 0.1418 0.1449 
          98  1 0.1433 0.1421 0.1443 0.1405 0.1420 0.1424 0.1455 
          99  1 0.1455 0.1407 0.1417 0.1445 0.1421 0.1405 0.1451 
         100  1 0.1410 0.1415 0.1426 0.1438 0.1428 0.1447 0.1436 
         101  1 0.1412 0.1424 0.1431 0.1426 0.1440 0.1444 0.1424 
         102  1 0.1424 0.1428 0.1434 0.1429 0.1437 0.1414 0.1435 
         103  1 0.1421 0.1410 0.1421 0.1445 0.1447 0.1437 0.1418 
         104  1 0.1454 0.1423 0.1433 0.1425 0.1401 0.1444 0.1419 
         105  1 0.1453 0.1393 0.1422 0.1430 0.1443 0.1405 0.1453 
         106  1 0.1427 0.1437 0.1430 0.1431 0.1422 0.1423 0.1429 
         107  1 0.1402 0.1435 0.1438 0.1447 0.1426 0.1428 0.1424 
         108  1 0.1441 0.1466 0.1415 0.1423 0.1407 0.1435 0.1414 
         109  1 0.1426 0.1444 0.1445 0.1390 0.1433 0.1441 0.1421 
         110  1 0.1433 0.1463 0.1396 0.1415 0.1433 0.1419 0.1442 
         111  1 0.1442 0.1432 0.1423 0.1412 0.1427 0.1439 0.1425 
         112  1 0.1424 0.1436 0.1407 0.1425 0.1446 0.1444 0.1417 
         113  1 0.1414 0.1415 0.1415 0.1476 0.1419 0.1408 0.1452 
         114  1 0.1421 0.1413 0.1420 0.1458 0.1428 0.1429 0.1431 
         115  1 0.1444 0.1442 0.1422 0.1427 0.1403 0.1420 0.1442 
         116  1 0.1419 0.1434 0.1432 0.1452 0.1415 0.1409 0.1439 
         117  1 0.1451 0.1433 0.1428 0.1428 0.1405 0.1421 0.1435 
         118  1 0.1440 0.1420 0.1417 0.1408 0.1429 0.1446 0.1440 
         119  1 0.1412 0.1421 0.1433 0.1430 0.1438 0.1464 0.1403 
         120  1 0.1426 0.1417 0.1429 0.1444 0.1421 0.1434 0.1429 
         121  1 0.1461 0.1411 0.1422 0.1420 0.1413 0.1438 0.1436 
         122  1 0.1434 0.1438 0.1422 0.1422 0.1444 0.1428 0.1413 
         123  1 0.1403 0.1428 0.1439 0.1431 0.1419 0.1464 0.1415 
         124  1 0.1432 0.1409 0.1451 0.1396 0.1439 0.1445 0.1429 
         125  1 0.1441 0.1423 0.1416 0.1437 0.1428 0.1441 0.1414 
         126  1 0.1417 0.1434 0.1453 0.1428 0.1431 0.1427 0.1410 
         127  1 0.1422 0.1429 0.1437 0.1406 0.1429 0.1451 0.1426 
         128  1 0.1419 0.1426 0.1428 0.1430 0.1422 0.1466 0.1408 
         129  1 0.1431 0.1426 0.1435 0.1410 0.1443 0.1425 0.1430 
         130  1 0.1456 0.1446 0.1406 0.1433 0.1417 0.1417 0.1425 
         131  1 0.1430 0.1424 0.1436 0.1419 0.1425 0.1421 0.1446 
         132  1 0.1443 0.1432 0.1429 0.1444 0.1409 0.1407 0.1437 
         133  1 0.1434 0.1422 0.1432 0.1419 0.1412 0.1442 0.1440 
         134  1 0.1445 0.1434 0.1417 0.1418 0.1412 0.1427 0.1447 
         135  1 0.1417 0.1452 0.1439 0.1451 0.1420 0.1384 0.1437 
         136  1 0.1407 0.1447 0.1427 0.1424 0.1426 0.1431 0.1438 
         137  1 0.1438 0.1416 0.1422 0.1417 0.1436 0.1441 0.1431 
         138  1 0.1426 0.1437 0.1421 0.1427 0.1425 0.1437 0.1428 
         139  1 0.1440 0.1429 0.1435 0.1440 0.1405 0.1411 0.1441 
         140  1 0.1420 0.1488 0.1417 0.1436 0.1405 0.1411 0.1423 
         141  1 0.1418 0.1430 0.1426 0.1456 0.1432 0.1406 0.1432 
         142  1 0.1456 0.1407 0.1414 0.1448 0.1453 0.1403 0.1419 
         143  1 0.1479 0.1398 0.1427 0.1428 0.1420 0.1398 0.1451 
         144  1 0.1452 0.1417 0.1416 0.1433 0.1413 0.1426 0.1441 
         145  1 0.1405 0.1430 0.1429 0.1451 0.1443 0.1434 0.1409 
         146  1 0.1407 0.1442 0.1433 0.1421 0.1426 0.1430 0.1440 
         147  1 0.1428 0.1420 0.1439 0.1416 0.1447 0.1437 0.1412 
         148  1 0.1419 0.1423 0.1436 0.1449 0.1412 0.1422 0.1440 
         149  1 0.1443 0.1485 0.1413 0.1424 0.1419 0.1402 0.1414 
         150  1 0.1395 0.1416 0.1438 0.1450 0.1418 0.1433 0.1450 
         151  1 0.1431 0.1427 0.1432 0.1401 0.1409 0.1446 0.1453 
         152  1 0.1447 0.1434 0.1447 0.1388 0.1416 0.1441 0.1427 
         153  1 0.1449 0.1454 0.1408 0.1419 0.1422 0.1420 0.1430 
         154  1 0.1408 0.1417 0.1432 0.1414 0.1425 0.1460 0.1444 
         155  1 0.1433 0.1413 0.1435 0.1408 0.1428 0.1438 0.1445 
         156  1 0.1465 0.1418 0.1420 0.1439 0.1424 0.1406 0.1428 
         157  1 0.1444 0.1426 0.1443 0.1421 0.1429 0.1425 0.1412 
         158  1 0.1415 0.1431 0.1433 0.1433 0.1417 0.1416 0.1456 
         159  1 0.1419 0.1421 0.1438 0.1435 0.1451 0.1413 0.1423 
         160  1 0.1450 0.1436 0.1426 0.1415 0.1430 0.1435 0.1409 
         161  1 0.1480 0.1415 0.1412 0.1434 0.1417 0.1406 0.1436 
         162  1 0.1426 0.1423 0.1440 0.1430 0.1445 0.1452 0.1385 
         163  1 0.1491 0.1424 0.1420 0.1413 0.1413 0.1422 0.1416 
         164  1 0.1454 0.1439 0.1418 0.1415 0.1412 0.1414 0.1448 
         165  1 0.1421 0.1448 0.1418 0.1418 0.1450 0.1432 0.1413 
         166  1 0.1445 0.1404 0.1439 0.1400 0.1430 0.1428 0.1455 
         167  1 0.1435 0.1420 0.1445 0.1426 0.1422 0.1451 0.1400 
         168  1 0.1408 0.1408 0.1428 0.1454 0.1437 0.1428 0.1437 
         169  1 0.1386 0.1443 0.1441 0.1418 0.1440 0.1450 0.1422 
         170  1 0.1420 0.1411 0.1445 0.1462 0.1439 0.1393 0.1430 
         171  1 0.1470 0.1431 0.1412 0.1452 0.1406 0.1412 0.1417 
         172  1 0.1370 0.1417 0.1455 0.1439 0.1498 0.1426 0.1394 
         173  1 0.1407 0.1410 0.1449 0.1443 0.1428 0.1453 0.1410 
         174  1 0.1471 0.1435 0.1403 0.1426 0.1415 0.1414 0.1437 
         175  1 0.1395 0.1439 0.1434 0.1405 0.1425 0.1452 0.1451 
         176  1 0.1399 0.1445 0.1432 0.1429 0.1426 0.1438 0.1431 
         177  1 0.1441 0.1441 0.1434 0.1413 0.1408 0.1422 0.1442 
         178  1 0.1403 0.1428 0.1443 0.1433 0.1442 0.1442 0.1408 
         179  1 0.1404 0.1406 0.1432 0.1431 0.1450 0.1454 0.1424 
         180  1 0.1405 0.1446 0.1442 0.1425 0.1433 0.1444 0.1405 
         181  1 0.1423 0.1407 0.1431 0.1419 0.1441 0.1465 0.1414 
         182  1 0.1410 0.1483 0.1426 0.1419 0.1418 0.1405 0.1439 
         183  1 0.1451 0.1467 0.1425 0.1396 0.1402 0.1415 0.1444 
