           1  1 0.1237 0.1245 0.1233 0.1268 0.1247 0.1241 0.1281 0.1249 
           2  1 0.1259 0.1260 0.1251 0.1244 0.1241 0.1255 0.1241 0.1248 
           3  1 0.1235 0.1240 0.1242 0.1273 0.1251 0.1251 0.1255 0.1253 
           4  1 0.1267 0.1267 0.1250 0.1241 0.1254 0.1254 0.1226 0.1240 
           5  1 0.1236 0.1253 0.1237 0.1268 0.1247 0.1246 0.1262 0.1250 
           6  1 0.1237 0.1254 0.1238 0.1267 0.1245 0.1240 0.1270 0.1249 
           7  1 0.1235 0.1233 0.1266 0.1243 0.1262 0.1247 0.1258 0.1257 
           8  1 0.1241 0.1257 0.1252 0.1247 0.1264 0.1239 0.1253 0.1246 
           9  1 0.1264 0.1253 0.1254 0.1237 0.1241 0.1239 0.1249 0.1264 
          10  1 0.1249 0.1256 0.1245 0.1254 0.1254 0.1250 0.1241 0.1252 
          11  1 0.1252 0.1250 0.1243 0.1249 0.1262 0.1246 0.1238 0.1259 
          12  1 0.1257 0.1245 0.1263 0.1236 0.1254 0.1252 0.1236 0.1258 
          13  1 0.1254 0.1244 0.1247 0.1242 0.1254 0.1241 0.1268 0.1250 
          14  1 0.1227 0.1256 0.1228 0.1281 0.1237 0.1241 0.1280 0.1250 
          15  1 0.1249 0.1247 0.1245 0.1251 0.1265 0.1233 0.1251 0.1259 
          16  1 0.1252 0.1255 0.1250 0.1241 0.1252 0.1259 0.1243 0.1249 
          17  1 0.1258 0.1249 0.1246 0.1236 0.1247 0.1256 0.1255 0.1252 
          18  1 0.1244 0.1240 0.1250 0.1258 0.1257 0.1240 0.1253 0.1257 
          19  1 0.1251 0.1235 0.1257 0.1251 0.1253 0.1256 0.1245 0.1253 
          20  1 0.1246 0.1256 0.1247 0.1254 0.1250 0.1248 0.1251 0.1249 
          21  1 0.1238 0.1256 0.1244 0.1264 0.1242 0.1240 0.1259 0.1257 
          22  1 0.1255 0.1263 0.1261 0.1253 0.1236 0.1253 0.1232 0.1248 
          23  1 0.1242 0.1237 0.1242 0.1263 0.1254 0.1254 0.1262 0.1245 
          24  1 0.1244 0.1239 0.1254 0.1244 0.1255 0.1260 0.1261 0.1244 
          25  1 0.1251 0.1242 0.1255 0.1252 0.1242 0.1239 0.1261 0.1257 
          26  1 0.1242 0.1259 0.1241 0.1269 0.1242 0.1243 0.1259 0.1245 
          27  1 0.1255 0.1243 0.1265 0.1231 0.1253 0.1239 0.1266 0.1247 
          28  1 0.1245 0.1250 0.1247 0.1262 0.1235 0.1257 0.1256 0.1247 
          29  1 0.1271 0.1264 0.1247 0.1240 0.1242 0.1253 0.1234 0.1249 
          30  1 0.1257 0.1242 0.1252 0.1252 0.1253 0.1254 0.1237 0.1252 
          31  1 0.1248 0.1252 0.1244 0.1248 0.1252 0.1240 0.1267 0.1248 
          32  1 0.1250 0.1257 0.1253 0.1246 0.1246 0.1249 0.1255 0.1246 
          33  1 0.1251 0.1268 0.1252 0.1252 0.1239 0.1255 0.1234 0.1249 
          34  1 0.1269 0.1258 0.1246 0.1246 0.1234 0.1259 0.1249 0.1240 
          35  1 0.1245 0.1248 0.1260 0.1246 0.1248 0.1256 0.1252 0.1244 
          36  1 0.1246 0.1241 0.1245 0.1246 0.1254 0.1239 0.1272 0.1257 
          37  1 0.1242 0.1252 0.1239 0.1254 0.1258 0.1252 0.1254 0.1249 
          38  1 0.1244 0.1248 0.1248 0.1253 0.1244 0.1241 0.1267 0.1255 
          39  1 0.1243 0.1248 0.1245 0.1257 0.1246 0.1253 0.1259 0.1249 
          40  1 0.1266 0.1257 0.1245 0.1241 0.1245 0.1255 0.1244 0.1248 
          41  1 0.1250 0.1242 0.1253 0.1242 0.1256 0.1252 0.1245 0.1258 
          42  1 0.1245 0.1242 0.1255 0.1247 0.1256 0.1247 0.1256 0.1253 
          43  1 0.1242 0.1253 0.1244 0.1256 0.1245 0.1246 0.1265 0.1250 
          44  1 0.1274 0.1252 0.1253 0.1236 0.1252 0.1253 0.1230 0.1249 
          45  1 0.1275 0.1247 0.1255 0.1235 0.1246 0.1260 0.1233 0.1249 
          46  1 0.1238 0.1240 0.1257 0.1240 0.1257 0.1248 0.1249 0.1272 
          47  1 0.1246 0.1254 0.1259 0.1242 0.1249 0.1257 0.1240 0.1253 
          48  1 0.1260 0.1251 0.1255 0.1245 0.1251 0.1261 0.1230 0.1247 
          49  1 0.1250 0.1239 0.1251 0.1254 0.1264 0.1244 0.1250 0.1248 
          50  1 0.1261 0.1260 0.1258 0.1245 0.1240 0.1258 0.1238 0.1242 
          51  1 0.1265 0.1259 0.1250 0.1244 0.1247 0.1257 0.1231 0.1248 
          52  1 0.1246 0.1243 0.1262 0.1257 0.1245 0.1249 0.1247 0.1252 
          53  1 0.1238 0.1259 0.1239 0.1251 0.1259 0.1247 0.1255 0.1253 
          54  1 0.1239 0.1253 0.1243 0.1252 0.1256 0.1246 0.1260 0.1251 
          55  1 0.1263 0.1252 0.1244 0.1243 0.1253 0.1250 0.1255 0.1240 
          56  1 0.1253 0.1237 0.1252 0.1247 0.1263 0.1263 0.1246 0.1240 
          57  1 0.1237 0.1257 0.1251 0.1252 0.1262 0.1244 0.1250 0.1248 
          58  1 0.1239 0.1248 0.1247 0.1251 0.1257 0.1249 0.1259 0.1250 
          59  1 0.1253 0.1252 0.1244 0.1241 0.1239 0.1262 0.1254 0.1255 
          60  1 0.1273 0.1239 0.1254 0.1237 0.1256 0.1255 0.1232 0.1255 
          61  1 0.1242 0.1253 0.1247 0.1242 0.1265 0.1247 0.1251 0.1253 
          62  1 0.1254 0.1245 0.1264 0.1241 0.1249 0.1265 0.1242 0.1239 
          63  1 0.1255 0.1247 0.1250 0.1250 0.1236 0.1252 0.1252 0.1259 
          64  1 0.1249 0.1241 0.1254 0.1257 0.1241 0.1239 0.1258 0.1261 
          65  1 0.1241 0.1251 0.1254 0.1254 0.1252 0.1245 0.1259 0.1243 
          66  1 0.1238 0.1250 0.1238 0.1260 0.1259 0.1243 0.1256 0.1256 
          67  1 0.1250 0.1242 0.1240 0.1256 0.1247 0.1253 0.1267 0.1246 
          68  1 0.1246 0.1247 0.1255 0.1243 0.1255 0.1254 0.1241 0.1258 
          69  1 0.1256 0.1255 0.1250 0.1252 0.1235 0.1246 0.1260 0.1246 
          70  1 0.1241 0.1243 0.1251 0.1248 0.1245 0.1241 0.1283 0.1248 
          71  1 0.1243 0.1259 0.1245 0.1255 0.1241 0.1250 0.1254 0.1253 
          72  1 0.1253 0.1253 0.1249 0.1245 0.1257 0.1247 0.1250 0.1246 
          73  1 0.1250 0.1255 0.1242 0.1252 0.1248 0.1242 0.1269 0.1242 
          74  1 0.1252 0.1252 0.1259 0.1243 0.1250 0.1244 0.1247 0.1254 
          75  1 0.1252 0.1251 0.1237 0.1244 0.1256 0.1261 0.1251 0.1247 
          76  1 0.1278 0.1253 0.1251 0.1254 0.1246 0.1252 0.1222 0.1244 
          77  1 0.1236 0.1237 0.1239 0.1258 0.1257 0.1248 0.1274 0.1251 
          78  1 0.1251 0.1251 0.1247 0.1254 0.1244 0.1252 0.1258 0.1243 
          79  1 0.1243 0.1245 0.1248 0.1250 0.1248 0.1246 0.1256 0.1264 
          80  1 0.1246 0.1254 0.1255 0.1244 0.1258 0.1250 0.1242 0.1251 
          81  1 0.1250 0.1249 0.1254 0.1250 0.1253 0.1256 0.1248 0.1239 
          82  1 0.1245 0.1248 0.1252 0.1257 0.1255 0.1234 0.1251 0.1258 
          83  1 0.1246 0.1251 0.1251 0.1246 0.1242 0.1258 0.1263 0.1242 
          84  1 0.1244 0.1252 0.1252 0.1258 0.1246 0.1237 0.1264 0.1247 
          85  1 0.1249 0.1240 0.1251 0.1246 0.1256 0.1246 0.1260 0.1253 
          86  1 0.1245 0.1247 0.1257 0.1251 0.1242 0.1246 0.1258 0.1252 
          87  1 0.1257 0.1247 0.1249 0.1247 0.1246 0.1262 0.1246 0.1245 
          88  1 0.1243 0.1244 0.1248 0.1257 0.1261 0.1248 0.1254 0.1244 
          89  1 0.1247 0.1248 0.1260 0.1241 0.1262 0.1247 0.1242 0.1252 
          90  1 0.1251 0.1253 0.1245 0.1257 0.1249 0.1250 0.1242 0.1253 
          91  1 0.1258 0.1250 0.1254 0.1247 0.1249 0.1260 0.1234 0.1249 
          92  1 0.1244 0.1243 0.1240 0.1266 0.1231 0.1249 0.1273 0.1255 
          93  1 0.1259 0.1250 0.1257 0.1240 0.1243 0.1244 0.1258 0.1249 
          94  1 0.1249 0.1248 0.1247 0.1255 0.1259 0.1242 0.1253 0.1247 
          95  1 0.1244 0.1237 0.1242 0.1262 0.1259 0.1249 0.1257 0.1251 
          96  1 0.1225 0.1249 0.1242 0.1246 0.1267 0.1256 0.1256 0.1259 
          97  1 0.1236 0.1242 0.1255 0.1256 0.1258 0.1247 0.1252 0.1254 
          98  1 0.1263 0.1236 0.1257 0.1246 0.1249 0.1253 0.1254 0.1243 
          99  1 0.1231 0.1241 0.1240 0.1261 0.1260 0.1249 0.1256 0.1262 
         100  1 0.1248 0.1247 0.1253 0.1252 0.1255 0.1258 0.1245 0.1242 
         101  1 0.1247 0.1248 0.1253 0.1249 0.1262 0.1251 0.1228 0.1262 
         102  1 0.1248 0.1259 0.1237 0.1260 0.1255 0.1253 0.1245 0.1243 
         103  1 0.1245 0.1242 0.1257 0.1258 0.1257 0.1252 0.1248 0.1242 
         104  1 0.1252 0.1249 0.1255 0.1241 0.1244 0.1248 0.1263 0.1249 
         105  1 0.1231 0.1239 0.1254 0.1256 0.1259 0.1251 0.1260 0.1250 
         106  1 0.1247 0.1252 0.1240 0.1248 0.1248 0.1262 0.1254 0.1249 
         107  1 0.1235 0.1263 0.1236 0.1267 0.1240 0.1251 0.1253 0.1254 
         108  1 0.1250 0.1250 0.1248 0.1250 0.1245 0.1257 0.1249 0.1251 
         109  1 0.1257 0.1262 0.1253 0.1255 0.1234 0.1253 0.1240 0.1245 
         110  1 0.1245 0.1253 0.1242 0.1263 0.1250 0.1243 0.1266 0.1240 
         111  1 0.1256 0.1261 0.1253 0.1250 0.1241 0.1242 0.1245 0.1251 
         112  1 0.1252 0.1261 0.1248 0.1245 0.1245 0.1248 0.1249 0.1251 
         113  1 0.1247 0.1237 0.1250 0.1254 0.1266 0.1246 0.1259 0.1242 
         114  1 0.1251 0.1243 0.1260 0.1242 0.1256 0.1257 0.1249 0.1241 
         115  1 0.1242 0.1251 0.1256 0.1248 0.1251 0.1238 0.1265 0.1249 
         116  1 0.1249 0.1232 0.1237 0.1263 0.1263 0.1246 0.1254 0.1256 
         117  1 0.1243 0.1257 0.1255 0.1243 0.1262 0.1243 0.1240 0.1258 
         118  1 0.1257 0.1243 0.1251 0.1238 0.1248 0.1257 0.1261 0.1245 
         119  1 0.1265 0.1262 0.1260 0.1224 0.1251 0.1269 0.1228 0.1240 
         120  1 0.1247 0.1237 0.1256 0.1259 0.1248 0.1262 0.1247 0.1246 
         121  1 0.1262 0.1250 0.1244 0.1236 0.1254 0.1238 0.1264 0.1251 
         122  1 0.1250 0.1255 0.1249 0.1259 0.1245 0.1247 0.1251 0.1243 
         123  1 0.1266 0.1265 0.1259 0.1244 0.1239 0.1251 0.1230 0.1246 
         124  1 0.1262 0.1249 0.1258 0.1231 0.1253 0.1262 0.1236 0.1249 
         125  1 0.1262 0.1264 0.1260 0.1232 0.1243 0.1250 0.1243 0.1245 
         126  1 0.1261 0.1251 0.1265 0.1240 0.1252 0.1253 0.1228 0.1249 
         127  1 0.1254 0.1261 0.1243 0.1252 0.1249 0.1250 0.1241 0.1252 
         128  1 0.1256 0.1251 0.1255 0.1251 0.1253 0.1258 0.1233 0.1243 
         129  1 0.1252 0.1258 0.1254 0.1241 0.1242 0.1255 0.1256 0.1242 
         130  1 0.1250 0.1253 0.1235 0.1254 0.1252 0.1241 0.1261 0.1254 
         131  1 0.1242 0.1249 0.1265 0.1243 0.1255 0.1246 0.1256 0.1244 
         132  1 0.1245 0.1248 0.1255 0.1263 0.1247 0.1245 0.1253 0.1243 
         133  1 0.1255 0.1259 0.1252 0.1237 0.1251 0.1251 0.1248 0.1247 
         134  1 0.1240 0.1250 0.1265 0.1250 0.1249 0.1248 0.1242 0.1255 
         135  1 0.1243 0.1249 0.1248 0.1255 0.1249 0.1251 0.1253 0.1252 
         136  1 0.1248 0.1250 0.1251 0.1241 0.1262 0.1254 0.1254 0.1240 
         137  1 0.1251 0.1257 0.1252 0.1254 0.1246 0.1260 0.1230 0.1249 
         138  1 0.1264 0.1261 0.1254 0.1238 0.1245 0.1248 0.1245 0.1245 
         139  1 0.1257 0.1239 0.1242 0.1253 0.1261 0.1251 0.1239 0.1258 
         140  1 0.1247 0.1252 0.1234 0.1260 0.1247 0.1242 0.1263 0.1256 
         141  1 0.1237 0.1242 0.1252 0.1259 0.1254 0.1246 0.1253 0.1258 
         142  1 0.1246 0.1236 0.1245 0.1260 0.1257 0.1244 0.1260 0.1252 
         143  1 0.1234 0.1246 0.1243 0.1250 0.1254 0.1245 0.1257 0.1271 
         144  1 0.1229 0.1239 0.1257 0.1256 0.1266 0.1252 0.1258 0.1244 
         145  1 0.1257 0.1244 0.1253 0.1250 0.1232 0.1261 0.1253 0.1250 
         146  1 0.1250 0.1263 0.1240 0.1262 0.1231 0.1248 0.1262 0.1243 
         147  1 0.1246 0.1271 0.1260 0.1251 0.1244 0.1244 0.1243 0.1241 
         148  1 0.1261 0.1236 0.1265 0.1235 0.1254 0.1251 0.1245 0.1252 
         149  1 0.1232 0.1262 0.1239 0.1255 0.1236 0.1244 0.1271 0.1261 
         150  1 0.1252 0.1238 0.1255 0.1270 0.1257 0.1247 0.1239 0.1241 
         151  1 0.1255 0.1247 0.1254 0.1252 0.1249 0.1244 0.1255 0.1244 
         152  1 0.1257 0.1251 0.1259 0.1247 0.1254 0.1255 0.1240 0.1237 
         153  1 0.1246 0.1254 0.1245 0.1251 0.1242 0.1244 0.1270 0.1249 
         154  1 0.1254 0.1243 0.1265 0.1234 0.1259 0.1264 0.1242 0.1241 
         155  1 0.1255 0.1244 0.1251 0.1243 0.1257 0.1255 0.1241 0.1254 
         156  1 0.1234 0.1253 0.1259 0.1249 0.1262 0.1237 0.1259 0.1247 
         157  1 0.1251 0.1247 0.1246 0.1257 0.1256 0.1244 0.1253 0.1246 
         158  1 0.1248 0.1248 0.1248 0.1252 0.1258 0.1249 0.1243 0.1254 
         159  1 0.1239 0.1258 0.1253 0.1263 0.1247 0.1248 0.1242 0.1250 
         160  1 0.1243 0.1252 0.1250 0.1244 0.1248 0.1255 0.1248 0.1261 
         161  1 0.1242 0.1246 0.1245 0.1243 0.1258 0.1245 0.1270 0.1251 
         162  1 0.1280 0.1258 0.1256 0.1245 0.1239 0.1251 0.1224 0.1248 
         163  1 0.1247 0.1248 0.1245 0.1249 0.1255 0.1248 0.1265 0.1244 
         164  1 0.1245 0.1246 0.1242 0.1251 0.1245 0.1243 0.1275 0.1253 
         165  1 0.1253 0.1249 0.1252 0.1244 0.1256 0.1252 0.1249 0.1246 
         166  1 0.1252 0.1234 0.1253 0.1252 0.1256 0.1250 0.1258 0.1245 
         167  1 0.1268 0.1271 0.1247 0.1237 0.1235 0.1250 0.1242 0.1250 
         168  1 0.1246 0.1250 0.1250 0.1248 0.1243 0.1251 0.1252 0.1259 
         169  1 0.1260 0.1251 0.1255 0.1245 0.1249 0.1250 0.1235 0.1255 
         170  1 0.1243 0.1249 0.1247 0.1266 0.1239 0.1250 0.1255 0.1251 
         171  1 0.1236 0.1245 0.1251 0.1244 0.1270 0.1241 0.1251 0.1262 
         172  1 0.1267 0.1255 0.1252 0.1247 0.1245 0.1267 0.1222 0.1245 
         173  1 0.1260 0.1254 0.1251 0.1241 0.1248 0.1243 0.1248 0.1256 
         174  1 0.1250 0.1238 0.1252 0.1261 0.1256 0.1233 0.1252 0.1257 
         175  1 0.1247 0.1253 0.1259 0.1236 0.1240 0.1262 0.1257 0.1246 
         176  1 0.1254 0.1252 0.1254 0.1239 0.1259 0.1243 0.1238 0.1260 
         177  1 0.1239 0.1253 0.1254 0.1254 0.1248 0.1247 0.1248 0.1257 
         178  1 0.1275 0.1253 0.1248 0.1239 0.1253 0.1252 0.1225 0.1254 
         179  1 0.1260 0.1257 0.1245 0.1244 0.1245 0.1259 0.1234 0.1255 
         180  1 0.1253 0.1269 0.1235 0.1244 0.1241 0.1253 0.1247 0.1258 
         181  1 0.1274 0.1254 0.1249 0.1246 0.1247 0.1246 0.1244 0.1240 
         182  1 0.1234 0.1261 0.1239 0.1267 0.1250 0.1242 0.1264 0.1243 
         183  1 0.1252 0.1252 0.1248 0.1249 0.1251 0.1243 0.1265 0.1240 
