           1  1 0.1240 0.1251 0.1254 0.1248 0.1269 0.1245 0.1250 0.1243 
           2  1 0.1266 0.1242 0.1249 0.1246 0.1238 0.1261 0.1239 0.1259 
           3  1 0.1247 0.1249 0.1257 0.1246 0.1266 0.1246 0.1249 0.1241 
           4  1 0.1259 0.1255 0.1241 0.1257 0.1235 0.1252 0.1241 0.1259 
           5  1 0.1242 0.1254 0.1254 0.1244 0.1264 0.1245 0.1255 0.1243 
           6  1 0.1240 0.1256 0.1252 0.1254 0.1258 0.1246 0.1252 0.1243 
           7  1 0.1242 0.1252 0.1247 0.1253 0.1250 0.1250 0.1261 0.1245 
           8  1 0.1237 0.1258 0.1241 0.1254 0.1252 0.1241 0.1280 0.1238 
           9  1 0.1255 0.1256 0.1241 0.1254 0.1237 0.1262 0.1241 0.1253 
          10  1 0.1255 0.1252 0.1247 0.1250 0.1247 0.1255 0.1243 0.1252 
          11  1 0.1254 0.1249 0.1247 0.1253 0.1239 0.1254 0.1242 0.1261 
          12  1 0.1271 0.1245 0.1240 0.1243 0.1228 0.1259 0.1248 0.1265 
          13  1 0.1244 0.1251 0.1253 0.1254 0.1257 0.1248 0.1252 0.1242 
          14  1 0.1240 0.1255 0.1259 0.1250 0.1257 0.1242 0.1255 0.1242 
          15  1 0.1240 0.1252 0.1252 0.1251 0.1255 0.1249 0.1258 0.1243 
          16  1 0.1262 0.1243 0.1243 0.1260 0.1239 0.1255 0.1242 0.1257 
          17  1 0.1265 0.1246 0.1251 0.1251 0.1235 0.1256 0.1238 0.1258 
          18  1 0.1239 0.1260 0.1251 0.1260 0.1238 0.1253 0.1255 0.1243 
          19  1 0.1249 0.1255 0.1251 0.1259 0.1234 0.1251 0.1254 0.1248 
          20  1 0.1235 0.1252 0.1247 0.1244 0.1261 0.1240 0.1294 0.1227 
          21  1 0.1244 0.1247 0.1259 0.1248 0.1253 0.1245 0.1259 0.1244 
          22  1 0.1260 0.1252 0.1250 0.1251 0.1236 0.1255 0.1237 0.1259 
          23  1 0.1241 0.1248 0.1250 0.1245 0.1263 0.1246 0.1249 0.1257 
          24  1 0.1253 0.1249 0.1259 0.1252 0.1247 0.1253 0.1240 0.1248 
          25  1 0.1235 0.1250 0.1252 0.1254 0.1259 0.1253 0.1253 0.1243 
          26  1 0.1245 0.1252 0.1253 0.1253 0.1259 0.1248 0.1247 0.1244 
          27  1 0.1245 0.1257 0.1247 0.1263 0.1245 0.1242 0.1251 0.1250 
          28  1 0.1246 0.1259 0.1251 0.1242 0.1258 0.1246 0.1255 0.1243 
          29  1 0.1268 0.1236 0.1251 0.1243 0.1241 0.1261 0.1236 0.1265 
          30  1 0.1252 0.1248 0.1248 0.1244 0.1244 0.1250 0.1255 0.1259 
          31  1 0.1246 0.1253 0.1260 0.1255 0.1247 0.1253 0.1245 0.1241 
          32  1 0.1250 0.1246 0.1254 0.1250 0.1249 0.1251 0.1250 0.1250 
          33  1 0.1262 0.1240 0.1247 0.1250 0.1233 0.1259 0.1243 0.1265 
          34  1 0.1249 0.1248 0.1244 0.1248 0.1260 0.1235 0.1263 0.1251 
          35  1 0.1248 0.1248 0.1247 0.1250 0.1245 0.1254 0.1257 0.1252 
          36  1 0.1236 0.1245 0.1251 0.1256 0.1255 0.1245 0.1276 0.1236 
          37  1 0.1248 0.1248 0.1244 0.1246 0.1265 0.1253 0.1254 0.1242 
          38  1 0.1243 0.1254 0.1253 0.1248 0.1254 0.1242 0.1266 0.1240 
          39  1 0.1250 0.1250 0.1249 0.1250 0.1257 0.1248 0.1248 0.1247 
          40  1 0.1254 0.1241 0.1247 0.1251 0.1253 0.1258 0.1249 0.1247 
          41  1 0.1246 0.1248 0.1257 0.1252 0.1247 0.1250 0.1250 0.1251 
          42  1 0.1244 0.1249 0.1251 0.1251 0.1247 0.1250 0.1263 0.1245 
          43  1 0.1236 0.1248 0.1255 0.1251 0.1263 0.1242 0.1270 0.1234 
          44  1 0.1268 0.1239 0.1237 0.1250 0.1237 0.1262 0.1239 0.1267 
          45  1 0.1266 0.1234 0.1248 0.1247 0.1242 0.1256 0.1242 0.1265 
          46  1 0.1240 0.1251 0.1250 0.1262 0.1248 0.1249 0.1254 0.1247 
          47  1 0.1250 0.1254 0.1240 0.1256 0.1241 0.1251 0.1258 0.1250 
          48  1 0.1266 0.1246 0.1239 0.1252 0.1231 0.1263 0.1241 0.1262 
          49  1 0.1246 0.1257 0.1255 0.1245 0.1242 0.1251 0.1244 0.1260 
          50  1 0.1265 0.1245 0.1253 0.1253 0.1240 0.1252 0.1239 0.1254 
          51  1 0.1269 0.1239 0.1240 0.1249 0.1243 0.1256 0.1242 0.1261 
          52  1 0.1247 0.1254 0.1242 0.1251 0.1248 0.1249 0.1255 0.1253 
          53  1 0.1244 0.1254 0.1250 0.1252 0.1255 0.1246 0.1260 0.1238 
          54  1 0.1245 0.1250 0.1253 0.1251 0.1258 0.1253 0.1248 0.1242 
          55  1 0.1257 0.1248 0.1246 0.1245 0.1250 0.1254 0.1243 0.1256 
          56  1 0.1252 0.1252 0.1250 0.1252 0.1253 0.1248 0.1246 0.1247 
          57  1 0.1251 0.1250 0.1248 0.1246 0.1264 0.1243 0.1255 0.1243 
          58  1 0.1242 0.1247 0.1248 0.1250 0.1257 0.1249 0.1269 0.1237 
          59  1 0.1259 0.1244 0.1254 0.1256 0.1245 0.1254 0.1232 0.1256 
          60  1 0.1253 0.1254 0.1237 0.1246 0.1259 0.1242 0.1263 0.1245 
          61  1 0.1250 0.1251 0.1255 0.1244 0.1261 0.1245 0.1253 0.1240 
          62  1 0.1258 0.1249 0.1240 0.1258 0.1233 0.1252 0.1246 0.1265 
          63  1 0.1262 0.1250 0.1253 0.1244 0.1241 0.1254 0.1236 0.1260 
          64  1 0.1251 0.1248 0.1255 0.1247 0.1251 0.1249 0.1252 0.1247 
          65  1 0.1252 0.1252 0.1250 0.1253 0.1250 0.1258 0.1238 0.1247 
          66  1 0.1241 0.1246 0.1254 0.1249 0.1268 0.1235 0.1268 0.1238 
          67  1 0.1258 0.1250 0.1247 0.1250 0.1259 0.1251 0.1235 0.1250 
          68  1 0.1247 0.1251 0.1252 0.1258 0.1242 0.1252 0.1245 0.1254 
          69  1 0.1248 0.1250 0.1259 0.1247 0.1263 0.1249 0.1243 0.1240 
          70  1 0.1240 0.1253 0.1254 0.1253 0.1262 0.1238 0.1263 0.1237 
          71  1 0.1255 0.1250 0.1253 0.1245 0.1247 0.1249 0.1244 0.1256 
          72  1 0.1242 0.1253 0.1251 0.1245 0.1252 0.1256 0.1257 0.1245 
          73  1 0.1247 0.1246 0.1260 0.1251 0.1250 0.1244 0.1258 0.1244 
          74  1 0.1251 0.1252 0.1258 0.1258 0.1233 0.1256 0.1241 0.1252 
          75  1 0.1253 0.1248 0.1252 0.1251 0.1249 0.1248 0.1248 0.1252 
          76  1 0.1265 0.1245 0.1238 0.1248 0.1226 0.1260 0.1244 0.1274 
          77  1 0.1247 0.1251 0.1257 0.1254 0.1256 0.1244 0.1256 0.1236 
          78  1 0.1264 0.1244 0.1257 0.1246 0.1232 0.1254 0.1242 0.1260 
          79  1 0.1230 0.1249 0.1247 0.1250 0.1266 0.1247 0.1282 0.1229 
          80  1 0.1241 0.1249 0.1238 0.1252 0.1255 0.1247 0.1282 0.1237 
          81  1 0.1257 0.1244 0.1255 0.1250 0.1246 0.1248 0.1246 0.1254 
          82  1 0.1236 0.1256 0.1245 0.1254 0.1253 0.1251 0.1265 0.1239 
          83  1 0.1251 0.1247 0.1254 0.1260 0.1248 0.1246 0.1251 0.1243 
          84  1 0.1246 0.1254 0.1258 0.1255 0.1246 0.1250 0.1246 0.1245 
          85  1 0.1245 0.1254 0.1253 0.1254 0.1252 0.1241 0.1261 0.1240 
          86  1 0.1238 0.1252 0.1257 0.1251 0.1258 0.1252 0.1250 0.1242 
          87  1 0.1257 0.1252 0.1247 0.1244 0.1249 0.1253 0.1248 0.1250 
          88  1 0.1238 0.1252 0.1249 0.1257 0.1262 0.1248 0.1255 0.1239 
          89  1 0.1250 0.1248 0.1247 0.1243 0.1250 0.1257 0.1257 0.1247 
          90  1 0.1248 0.1251 0.1245 0.1247 0.1252 0.1254 0.1255 0.1247 
          91  1 0.1267 0.1238 0.1239 0.1256 0.1241 0.1256 0.1248 0.1254 
          92  1 0.1244 0.1254 0.1257 0.1253 0.1253 0.1245 0.1254 0.1240 
          93  1 0.1245 0.1253 0.1251 0.1254 0.1257 0.1244 0.1252 0.1244 
          94  1 0.1231 0.1251 0.1244 0.1257 0.1258 0.1244 0.1270 0.1245 
          95  1 0.1236 0.1254 0.1246 0.1256 0.1266 0.1233 0.1278 0.1232 
          96  1 0.1242 0.1252 0.1251 0.1254 0.1251 0.1248 0.1268 0.1234 
          97  1 0.1246 0.1253 0.1252 0.1247 0.1250 0.1253 0.1253 0.1246 
          98  1 0.1248 0.1252 0.1252 0.1252 0.1250 0.1246 0.1250 0.1250 
          99  1 0.1233 0.1251 0.1256 0.1245 0.1272 0.1245 0.1268 0.1230 
         100  1 0.1242 0.1258 0.1245 0.1259 0.1242 0.1247 0.1261 0.1246 
         101  1 0.1248 0.1251 0.1249 0.1261 0.1242 0.1255 0.1247 0.1247 
         102  1 0.1257 0.1252 0.1248 0.1246 0.1249 0.1255 0.1245 0.1249 
         103  1 0.1248 0.1248 0.1254 0.1255 0.1242 0.1247 0.1247 0.1258 
         104  1 0.1252 0.1247 0.1257 0.1251 0.1244 0.1256 0.1239 0.1254 
         105  1 0.1240 0.1261 0.1246 0.1261 0.1250 0.1247 0.1262 0.1235 
         106  1 0.1246 0.1253 0.1248 0.1245 0.1261 0.1243 0.1256 0.1248 
         107  1 0.1242 0.1254 0.1247 0.1244 0.1273 0.1245 0.1253 0.1242 
         108  1 0.1256 0.1253 0.1250 0.1241 0.1242 0.1252 0.1251 0.1255 
         109  1 0.1246 0.1260 0.1243 0.1247 0.1248 0.1252 0.1251 0.1253 
         110  1 0.1246 0.1249 0.1257 0.1246 0.1255 0.1248 0.1254 0.1246 
         111  1 0.1255 0.1252 0.1250 0.1249 0.1245 0.1254 0.1242 0.1253 
         112  1 0.1250 0.1254 0.1255 0.1248 0.1254 0.1239 0.1244 0.1256 
         113  1 0.1240 0.1251 0.1256 0.1254 0.1263 0.1252 0.1238 0.1246 
         114  1 0.1257 0.1256 0.1250 0.1245 0.1249 0.1253 0.1240 0.1251 
         115  1 0.1244 0.1249 0.1256 0.1251 0.1255 0.1253 0.1247 0.1245 
         116  1 0.1236 0.1248 0.1253 0.1250 0.1273 0.1244 0.1261 0.1234 
         117  1 0.1249 0.1252 0.1256 0.1247 0.1248 0.1250 0.1252 0.1247 
         118  1 0.1242 0.1248 0.1253 0.1258 0.1257 0.1252 0.1248 0.1242 
         119  1 0.1275 0.1235 0.1239 0.1251 0.1229 0.1258 0.1241 0.1271 
         120  1 0.1257 0.1242 0.1252 0.1255 0.1241 0.1251 0.1247 0.1255 
         121  1 0.1247 0.1255 0.1248 0.1257 0.1261 0.1245 0.1243 0.1244 
         122  1 0.1247 0.1261 0.1252 0.1251 0.1246 0.1244 0.1248 0.1251 
         123  1 0.1266 0.1239 0.1241 0.1250 0.1236 0.1260 0.1240 0.1267 
         124  1 0.1259 0.1253 0.1244 0.1246 0.1246 0.1249 0.1249 0.1254 
         125  1 0.1259 0.1239 0.1248 0.1255 0.1244 0.1260 0.1233 0.1261 
         126  1 0.1259 0.1252 0.1240 0.1247 0.1244 0.1255 0.1243 0.1261 
         127  1 0.1260 0.1253 0.1248 0.1250 0.1253 0.1248 0.1238 0.1250 
         128  1 0.1257 0.1246 0.1249 0.1251 0.1246 0.1259 0.1239 0.1254 
         129  1 0.1250 0.1249 0.1259 0.1250 0.1249 0.1247 0.1246 0.1251 
         130  1 0.1241 0.1250 0.1252 0.1253 0.1251 0.1247 0.1258 0.1247 
         131  1 0.1247 0.1240 0.1259 0.1258 0.1256 0.1254 0.1245 0.1242 
         132  1 0.1242 0.1250 0.1257 0.1250 0.1254 0.1249 0.1252 0.1246 
         133  1 0.1241 0.1246 0.1261 0.1249 0.1261 0.1253 0.1249 0.1241 
         134  1 0.1243 0.1252 0.1245 0.1256 0.1255 0.1244 0.1261 0.1246 
         135  1 0.1244 0.1248 0.1253 0.1253 0.1263 0.1247 0.1249 0.1242 
         136  1 0.1243 0.1252 0.1254 0.1253 0.1255 0.1241 0.1261 0.1241 
         137  1 0.1265 0.1238 0.1249 0.1246 0.1244 0.1263 0.1243 0.1253 
         138  1 0.1250 0.1248 0.1246 0.1249 0.1247 0.1256 0.1253 0.1250 
         139  1 0.1247 0.1241 0.1248 0.1248 0.1252 0.1259 0.1252 0.1253 
         140  1 0.1235 0.1250 0.1252 0.1246 0.1267 0.1241 0.1274 0.1235 
         141  1 0.1241 0.1253 0.1254 0.1249 0.1258 0.1249 0.1251 0.1244 
         142  1 0.1248 0.1246 0.1258 0.1249 0.1258 0.1249 0.1253 0.1239 
         143  1 0.1241 0.1246 0.1264 0.1252 0.1257 0.1244 0.1252 0.1244 
         144  1 0.1252 0.1251 0.1250 0.1252 0.1244 0.1250 0.1256 0.1244 
         145  1 0.1268 0.1252 0.1240 0.1252 0.1237 0.1251 0.1238 0.1262 
         146  1 0.1253 0.1255 0.1254 0.1248 0.1252 0.1247 0.1242 0.1249 
         147  1 0.1261 0.1251 0.1240 0.1251 0.1232 0.1255 0.1244 0.1265 
         148  1 0.1255 0.1250 0.1251 0.1251 0.1258 0.1261 0.1233 0.1241 
         149  1 0.1239 0.1256 0.1252 0.1254 0.1260 0.1239 0.1257 0.1243 
         150  1 0.1252 0.1254 0.1252 0.1248 0.1260 0.1245 0.1235 0.1254 
         151  1 0.1239 0.1250 0.1254 0.1252 0.1261 0.1244 0.1256 0.1243 
         152  1 0.1249 0.1256 0.1243 0.1259 0.1234 0.1247 0.1255 0.1257 
         153  1 0.1243 0.1245 0.1261 0.1251 0.1267 0.1245 0.1249 0.1239 
         154  1 0.1264 0.1242 0.1248 0.1255 0.1231 0.1260 0.1242 0.1258 
         155  1 0.1252 0.1250 0.1248 0.1249 0.1247 0.1258 0.1249 0.1247 
         156  1 0.1240 0.1250 0.1260 0.1248 0.1256 0.1250 0.1256 0.1240 
         157  1 0.1247 0.1254 0.1249 0.1255 0.1239 0.1247 0.1262 0.1246 
         158  1 0.1244 0.1251 0.1253 0.1255 0.1257 0.1253 0.1240 0.1247 
         159  1 0.1248 0.1253 0.1246 0.1247 0.1260 0.1252 0.1248 0.1246 
         160  1 0.1246 0.1239 0.1249 0.1252 0.1255 0.1251 0.1255 0.1252 
         161  1 0.1242 0.1252 0.1260 0.1246 0.1252 0.1247 0.1249 0.1251 
         162  1 0.1266 0.1243 0.1239 0.1246 0.1239 0.1263 0.1233 0.1271 
         163  1 0.1243 0.1250 0.1261 0.1254 0.1252 0.1247 0.1243 0.1249 
         164  1 0.1242 0.1250 0.1260 0.1249 0.1257 0.1246 0.1250 0.1246 
         165  1 0.1250 0.1246 0.1256 0.1256 0.1247 0.1246 0.1247 0.1253 
         166  1 0.1258 0.1251 0.1254 0.1255 0.1235 0.1244 0.1248 0.1255 
         167  1 0.1258 0.1248 0.1242 0.1247 0.1236 0.1256 0.1249 0.1263 
         168  1 0.1257 0.1256 0.1253 0.1238 0.1255 0.1244 0.1240 0.1257 
         169  1 0.1255 0.1248 0.1248 0.1253 0.1243 0.1259 0.1244 0.1250 
         170  1 0.1247 0.1253 0.1251 0.1252 0.1260 0.1248 0.1241 0.1248 
         171  1 0.1245 0.1241 0.1253 0.1247 0.1258 0.1253 0.1254 0.1250 
         172  1 0.1278 0.1250 0.1230 0.1239 0.1251 0.1257 0.1232 0.1264 
         173  1 0.1260 0.1255 0.1246 0.1249 0.1236 0.1254 0.1238 0.1263 
         174  1 0.1245 0.1252 0.1265 0.1250 0.1249 0.1251 0.1241 0.1247 
         175  1 0.1249 0.1252 0.1250 0.1257 0.1248 0.1248 0.1252 0.1243 
         176  1 0.1250 0.1249 0.1257 0.1257 0.1251 0.1253 0.1232 0.1251 
         177  1 0.1239 0.1255 0.1254 0.1248 0.1259 0.1238 0.1270 0.1237 
         178  1 0.1276 0.1242 0.1237 0.1244 0.1237 0.1259 0.1241 0.1265 
         179  1 0.1259 0.1247 0.1252 0.1257 0.1240 0.1251 0.1236 0.1259 
         180  1 0.1253 0.1252 0.1247 0.1252 0.1236 0.1251 0.1245 0.1265 
         181  1 0.1255 0.1250 0.1245 0.1248 0.1247 0.1250 0.1252 0.1253 
         182  1 0.1244 0.1248 0.1254 0.1249 0.1268 0.1247 0.1251 0.1239 
         183  1 0.1234 0.1253 0.1257 0.1258 0.1256 0.1240 0.1263 0.1238 
