           1  1 0.2461 0.2546 0.2503 0.2490 
           2  1 0.2603 0.2469 0.2462 0.2466 
           3  1 0.2477 0.2542 0.2483 0.2498 
           4  1 0.2602 0.2395 0.2526 0.2478 
           5  1 0.2393 0.2606 0.2461 0.2540 
           6  1 0.2409 0.2603 0.2485 0.2503 
           7  1 0.2419 0.2545 0.2503 0.2533 
           8  1 0.2475 0.2531 0.2495 0.2499 
           9  1 0.2550 0.2463 0.2520 0.2466 
          10  1 0.2564 0.2460 0.2499 0.2478 
          11  1 0.2593 0.2393 0.2542 0.2472 
          12  1 0.2609 0.2362 0.2535 0.2495 
          13  1 0.2434 0.2610 0.2486 0.2470 
          14  1 0.2433 0.2568 0.2481 0.2518 
          15  1 0.2404 0.2534 0.2523 0.2539 
          16  1 0.2584 0.2387 0.2566 0.2464 
          17  1 0.2546 0.2418 0.2523 0.2513 
          18  1 0.2511 0.2519 0.2495 0.2475 
          19  1 0.2551 0.2461 0.2514 0.2474 
          20  1 0.2471 0.2508 0.2515 0.2506 
          21  1 0.2392 0.2602 0.2479 0.2526 
          22  1 0.2596 0.2340 0.2558 0.2506 
          23  1 0.2498 0.2530 0.2485 0.2488 
          24  1 0.2495 0.2489 0.2484 0.2532 
          25  1 0.2413 0.2624 0.2461 0.2502 
          26  1 0.2384 0.2582 0.2503 0.2531 
          27  1 0.2549 0.2388 0.2583 0.2480 
          28  1 0.2448 0.2552 0.2497 0.2503 
          29  1 0.2580 0.2488 0.2462 0.2470 
          30  1 0.2524 0.2475 0.2497 0.2503 
          31  1 0.2458 0.2523 0.2528 0.2491 
          32  1 0.2482 0.2552 0.2479 0.2487 
          33  1 0.2585 0.2431 0.2482 0.2501 
          34  1 0.2576 0.2396 0.2543 0.2485 
          35  1 0.2484 0.2463 0.2523 0.2530 
          36  1 0.2436 0.2547 0.2490 0.2526 
          37  1 0.2453 0.2529 0.2497 0.2521 
          38  1 0.2441 0.2529 0.2508 0.2522 
          39  1 0.2498 0.2486 0.2497 0.2519 
          40  1 0.2464 0.2626 0.2436 0.2474 
          41  1 0.2511 0.2476 0.2514 0.2499 
          42  1 0.2441 0.2512 0.2517 0.2530 
          43  1 0.2446 0.2549 0.2515 0.2490 
          44  1 0.2614 0.2414 0.2491 0.2482 
          45  1 0.2549 0.2523 0.2473 0.2456 
          46  1 0.2463 0.2561 0.2483 0.2492 
          47  1 0.2548 0.2431 0.2511 0.2510 
          48  1 0.2608 0.2405 0.2499 0.2488 
          49  1 0.2504 0.2486 0.2503 0.2507 
          50  1 0.2540 0.2502 0.2491 0.2467 
          51  1 0.2554 0.2547 0.2441 0.2457 
          52  1 0.2524 0.2403 0.2534 0.2539 
          53  1 0.2428 0.2590 0.2464 0.2518 
          54  1 0.2437 0.2523 0.2490 0.2550 
          55  1 0.2536 0.2425 0.2532 0.2508 
          56  1 0.2555 0.2466 0.2502 0.2476 
          57  1 0.2478 0.2517 0.2501 0.2504 
          58  1 0.2474 0.2506 0.2532 0.2489 
          59  1 0.2541 0.2467 0.2485 0.2507 
          60  1 0.2576 0.2373 0.2567 0.2483 
          61  1 0.2455 0.2543 0.2480 0.2522 
          62  1 0.2574 0.2401 0.2508 0.2517 
          63  1 0.2559 0.2386 0.2532 0.2523 
          64  1 0.2537 0.2417 0.2530 0.2516 
          65  1 0.2469 0.2515 0.2499 0.2516 
          66  1 0.2432 0.2530 0.2501 0.2536 
          67  1 0.2527 0.2502 0.2505 0.2467 
          68  1 0.2514 0.2506 0.2496 0.2483 
          69  1 0.2407 0.2631 0.2464 0.2498 
          70  1 0.2430 0.2548 0.2521 0.2501 
          71  1 0.2492 0.2533 0.2472 0.2503 
          72  1 0.2404 0.2604 0.2492 0.2500 
          73  1 0.2440 0.2577 0.2475 0.2508 
          74  1 0.2537 0.2433 0.2521 0.2509 
          75  1 0.2541 0.2419 0.2508 0.2532 
          76  1 0.2658 0.2414 0.2470 0.2458 
          77  1 0.2388 0.2607 0.2502 0.2503 
          78  1 0.2578 0.2408 0.2523 0.2490 
          79  1 0.2415 0.2581 0.2482 0.2521 
          80  1 0.2465 0.2502 0.2518 0.2515 
          81  1 0.2530 0.2459 0.2524 0.2487 
          82  1 0.2435 0.2574 0.2498 0.2492 
          83  1 0.2527 0.2421 0.2528 0.2524 
          84  1 0.2442 0.2565 0.2478 0.2515 
          85  1 0.2518 0.2471 0.2544 0.2467 
          86  1 0.2406 0.2636 0.2467 0.2491 
          87  1 0.2563 0.2393 0.2520 0.2524 
          88  1 0.2466 0.2594 0.2465 0.2475 
          89  1 0.2485 0.2471 0.2534 0.2510 
          90  1 0.2482 0.2483 0.2512 0.2523 
          91  1 0.2570 0.2456 0.2492 0.2483 
          92  1 0.2463 0.2540 0.2494 0.2503 
          93  1 0.2477 0.2536 0.2505 0.2482 
          94  1 0.2457 0.2538 0.2490 0.2515 
          95  1 0.2459 0.2542 0.2495 0.2503 
          96  1 0.2424 0.2586 0.2486 0.2503 
          97  1 0.2475 0.2496 0.2512 0.2517 
          98  1 0.2535 0.2475 0.2517 0.2472 
          99  1 0.2381 0.2630 0.2462 0.2526 
         100  1 0.2609 0.2392 0.2527 0.2472 
         101  1 0.2500 0.2512 0.2491 0.2496 
         102  1 0.2509 0.2520 0.2468 0.2503 
         103  1 0.2537 0.2473 0.2507 0.2483 
         104  1 0.2519 0.2449 0.2530 0.2502 
         105  1 0.2477 0.2558 0.2488 0.2478 
         106  1 0.2490 0.2487 0.2498 0.2525 
         107  1 0.2468 0.2559 0.2470 0.2503 
         108  1 0.2472 0.2511 0.2491 0.2526 
         109  1 0.2515 0.2476 0.2504 0.2506 
         110  1 0.2428 0.2563 0.2500 0.2509 
         111  1 0.2504 0.2514 0.2469 0.2513 
         112  1 0.2477 0.2547 0.2474 0.2501 
         113  1 0.2455 0.2587 0.2462 0.2496 
         114  1 0.2510 0.2429 0.2512 0.2550 
         115  1 0.2438 0.2579 0.2475 0.2508 
         116  1 0.2426 0.2615 0.2471 0.2488 
         117  1 0.2434 0.2527 0.2503 0.2536 
         118  1 0.2463 0.2572 0.2484 0.2481 
         119  1 0.2654 0.2374 0.2483 0.2488 
         120  1 0.2544 0.2449 0.2513 0.2494 
         121  1 0.2542 0.2463 0.2545 0.2449 
         122  1 0.2527 0.2467 0.2505 0.2501 
         123  1 0.2586 0.2380 0.2505 0.2529 
         124  1 0.2551 0.2383 0.2549 0.2517 
         125  1 0.2579 0.2460 0.2488 0.2473 
         126  1 0.2588 0.2384 0.2513 0.2514 
         127  1 0.2485 0.2536 0.2499 0.2480 
         128  1 0.2576 0.2467 0.2507 0.2449 
         129  1 0.2471 0.2565 0.2484 0.2480 
         130  1 0.2426 0.2523 0.2501 0.2550 
         131  1 0.2458 0.2567 0.2478 0.2498 
         132  1 0.2469 0.2508 0.2498 0.2526 
         133  1 0.2411 0.2646 0.2466 0.2477 
         134  1 0.2465 0.2534 0.2506 0.2494 
         135  1 0.2470 0.2556 0.2490 0.2485 
         136  1 0.2476 0.2549 0.2481 0.2495 
         137  1 0.2532 0.2535 0.2458 0.2475 
         138  1 0.2554 0.2460 0.2490 0.2497 
         139  1 0.2477 0.2493 0.2475 0.2554 
         140  1 0.2403 0.2556 0.2508 0.2533 
         141  1 0.2434 0.2530 0.2492 0.2544 
         142  1 0.2423 0.2585 0.2484 0.2507 
         143  1 0.2357 0.2655 0.2441 0.2547 
         144  1 0.2480 0.2455 0.2499 0.2566 
         145  1 0.2628 0.2353 0.2532 0.2488 
         146  1 0.2466 0.2536 0.2486 0.2513 
         147  1 0.2564 0.2418 0.2512 0.2506 
         148  1 0.2515 0.2475 0.2485 0.2525 
         149  1 0.2401 0.2603 0.2487 0.2508 
         150  1 0.2544 0.2498 0.2500 0.2458 
         151  1 0.2474 0.2586 0.2472 0.2468 
         152  1 0.2601 0.2388 0.2537 0.2473 
         153  1 0.2371 0.2656 0.2453 0.2520 
         154  1 0.2590 0.2328 0.2562 0.2520 
         155  1 0.2442 0.2553 0.2495 0.2510 
         156  1 0.2407 0.2582 0.2475 0.2536 
         157  1 0.2536 0.2468 0.2502 0.2495 
         158  1 0.2483 0.2559 0.2454 0.2505 
         159  1 0.2545 0.2458 0.2505 0.2492 
         160  1 0.2458 0.2537 0.2472 0.2533 
         161  1 0.2426 0.2535 0.2532 0.2507 
         162  1 0.2627 0.2442 0.2483 0.2448 
         163  1 0.2432 0.2532 0.2517 0.2519 
         164  1 0.2363 0.2655 0.2461 0.2521 
         165  1 0.2544 0.2496 0.2495 0.2465 
         166  1 0.2541 0.2402 0.2541 0.2516 
         167  1 0.2594 0.2429 0.2511 0.2467 
         168  1 0.2567 0.2400 0.2502 0.2531 
         169  1 0.2542 0.2456 0.2518 0.2484 
         170  1 0.2501 0.2476 0.2507 0.2516 
         171  1 0.2394 0.2521 0.2513 0.2572 
         172  1 0.2650 0.2373 0.2491 0.2487 
         173  1 0.2559 0.2450 0.2509 0.2482 
         174  1 0.2431 0.2535 0.2499 0.2536 
         175  1 0.2526 0.2439 0.2523 0.2512 
         176  1 0.2485 0.2581 0.2473 0.2461 
         177  1 0.2442 0.2574 0.2475 0.2509 
         178  1 0.2612 0.2377 0.2533 0.2479 
         179  1 0.2582 0.2486 0.2473 0.2460 
         180  1 0.2548 0.2489 0.2482 0.2481 
         181  1 0.2569 0.2467 0.2490 0.2474 
         182  1 0.2423 0.2579 0.2474 0.2524 
         183  1 0.2432 0.2622 0.2479 0.2467 
