           1  1 0.3283 0.3310 0.3407 
           2  1 0.3401 0.3360 0.3239 
           3  1 0.3304 0.3329 0.3366 
           4  1 0.3460 0.3380 0.3160 
           5  1 0.3247 0.3297 0.3456 
           6  1 0.3219 0.3259 0.3523 
           7  1 0.3273 0.3309 0.3419 
           8  1 0.3287 0.3312 0.3401 
           9  1 0.3389 0.3365 0.3245 
          10  1 0.3402 0.3350 0.3248 
          11  1 0.3411 0.3386 0.3204 
          12  1 0.3456 0.3403 0.3141 
          13  1 0.3280 0.3326 0.3394 
          14  1 0.3241 0.3281 0.3478 
          15  1 0.3235 0.3305 0.3460 
          16  1 0.3413 0.3373 0.3214 
          17  1 0.3361 0.3336 0.3303 
          18  1 0.3340 0.3364 0.3296 
          19  1 0.3377 0.3368 0.3255 
          20  1 0.3293 0.3295 0.3412 
          21  1 0.3224 0.3256 0.3520 
          22  1 0.3425 0.3376 0.3199 
          23  1 0.3381 0.3362 0.3257 
          24  1 0.3368 0.3352 0.3280 
          25  1 0.3254 0.3312 0.3434 
          26  1 0.3217 0.3280 0.3503 
          27  1 0.3360 0.3346 0.3294 
          28  1 0.3282 0.3328 0.3390 
          29  1 0.3426 0.3373 0.3201 
          30  1 0.3352 0.3353 0.3295 
          31  1 0.3317 0.3322 0.3361 
          32  1 0.3344 0.3345 0.3311 
          33  1 0.3367 0.3329 0.3304 
          34  1 0.3369 0.3345 0.3287 
          35  1 0.3337 0.3329 0.3334 
          36  1 0.3236 0.3300 0.3464 
          37  1 0.3293 0.3310 0.3397 
          38  1 0.3227 0.3283 0.3490 
          39  1 0.3307 0.3329 0.3364 
          40  1 0.3317 0.3313 0.3370 
          41  1 0.3367 0.3347 0.3286 
          42  1 0.3288 0.3324 0.3389 
          43  1 0.3243 0.3287 0.3471 
          44  1 0.3419 0.3367 0.3215 
          45  1 0.3388 0.3359 0.3253 
          46  1 0.3317 0.3333 0.3350 
          47  1 0.3363 0.3362 0.3275 
          48  1 0.3398 0.3384 0.3218 
          49  1 0.3336 0.3360 0.3304 
          50  1 0.3389 0.3338 0.3273 
          51  1 0.3396 0.3329 0.3275 
          52  1 0.3354 0.3342 0.3304 
          53  1 0.3267 0.3312 0.3421 
          54  1 0.3285 0.3299 0.3416 
          55  1 0.3373 0.3335 0.3292 
          56  1 0.3390 0.3372 0.3237 
          57  1 0.3332 0.3353 0.3315 
          58  1 0.3293 0.3328 0.3379 
          59  1 0.3393 0.3344 0.3262 
          60  1 0.3383 0.3367 0.3250 
          61  1 0.3302 0.3337 0.3361 
          62  1 0.3375 0.3360 0.3265 
          63  1 0.3370 0.3355 0.3275 
          64  1 0.3345 0.3333 0.3322 
          65  1 0.3332 0.3316 0.3352 
          66  1 0.3261 0.3286 0.3453 
          67  1 0.3378 0.3334 0.3288 
          68  1 0.3364 0.3343 0.3293 
          69  1 0.3260 0.3303 0.3438 
          70  1 0.3246 0.3288 0.3466 
          71  1 0.3290 0.3329 0.3381 
          72  1 0.3293 0.3303 0.3404 
          73  1 0.3278 0.3287 0.3435 
          74  1 0.3393 0.3337 0.3270 
          75  1 0.3399 0.3376 0.3225 
          76  1 0.3449 0.3379 0.3172 
          77  1 0.3223 0.3281 0.3496 
          78  1 0.3381 0.3340 0.3279 
          79  1 0.3230 0.3311 0.3458 
          80  1 0.3319 0.3331 0.3350 
          81  1 0.3401 0.3359 0.3240 
          82  1 0.3250 0.3326 0.3424 
          83  1 0.3363 0.3337 0.3300 
          84  1 0.3283 0.3289 0.3428 
          85  1 0.3316 0.3343 0.3341 
          86  1 0.3268 0.3302 0.3430 
          87  1 0.3396 0.3380 0.3224 
          88  1 0.3300 0.3313 0.3387 
          89  1 0.3336 0.3345 0.3319 
          90  1 0.3308 0.3326 0.3366 
          91  1 0.3414 0.3333 0.3253 
          92  1 0.3272 0.3292 0.3436 
          93  1 0.3321 0.3344 0.3335 
          94  1 0.3252 0.3312 0.3435 
          95  1 0.3287 0.3311 0.3403 
          96  1 0.3262 0.3299 0.3439 
          97  1 0.3309 0.3304 0.3386 
          98  1 0.3395 0.3354 0.3250 
          99  1 0.3227 0.3287 0.3486 
         100  1 0.3433 0.3400 0.3166 
         101  1 0.3364 0.3340 0.3295 
         102  1 0.3313 0.3326 0.3361 
         103  1 0.3373 0.3379 0.3248 
         104  1 0.3344 0.3322 0.3334 
         105  1 0.3320 0.3333 0.3347 
         106  1 0.3331 0.3362 0.3306 
         107  1 0.3298 0.3287 0.3415 
         108  1 0.3306 0.3342 0.3351 
         109  1 0.3310 0.3344 0.3346 
         110  1 0.3252 0.3315 0.3433 
         111  1 0.3287 0.3313 0.3399 
         112  1 0.3309 0.3348 0.3342 
         113  1 0.3341 0.3337 0.3322 
         114  1 0.3395 0.3387 0.3217 
         115  1 0.3269 0.3294 0.3437 
         116  1 0.3291 0.3308 0.3401 
         117  1 0.3274 0.3317 0.3409 
         118  1 0.3351 0.3340 0.3309 
         119  1 0.3458 0.3347 0.3195 
         120  1 0.3380 0.3344 0.3275 
         121  1 0.3324 0.3355 0.3320 
         122  1 0.3374 0.3344 0.3282 
         123  1 0.3383 0.3343 0.3274 
         124  1 0.3406 0.3349 0.3245 
         125  1 0.3395 0.3351 0.3254 
         126  1 0.3414 0.3406 0.3180 
         127  1 0.3345 0.3332 0.3322 
         128  1 0.3450 0.3361 0.3189 
         129  1 0.3343 0.3337 0.3320 
         130  1 0.3242 0.3281 0.3478 
         131  1 0.3332 0.3322 0.3346 
         132  1 0.3281 0.3305 0.3415 
         133  1 0.3299 0.3350 0.3351 
         134  1 0.3322 0.3323 0.3355 
         135  1 0.3338 0.3294 0.3369 
         136  1 0.3342 0.3338 0.3321 
         137  1 0.3369 0.3338 0.3293 
         138  1 0.3307 0.3319 0.3375 
         139  1 0.3282 0.3300 0.3419 
         140  1 0.3206 0.3280 0.3515 
         141  1 0.3283 0.3309 0.3408 
         142  1 0.3289 0.3302 0.3409 
         143  1 0.3220 0.3282 0.3498 
         144  1 0.3289 0.3341 0.3370 
         145  1 0.3396 0.3393 0.3211 
         146  1 0.3273 0.3322 0.3406 
         147  1 0.3399 0.3330 0.3271 
         148  1 0.3400 0.3368 0.3231 
         149  1 0.3210 0.3257 0.3534 
         150  1 0.3405 0.3367 0.3228 
         151  1 0.3304 0.3335 0.3361 
         152  1 0.3396 0.3355 0.3249 
         153  1 0.3223 0.3277 0.3500 
         154  1 0.3469 0.3398 0.3134 
         155  1 0.3325 0.3347 0.3328 
         156  1 0.3244 0.3301 0.3455 
         157  1 0.3389 0.3353 0.3258 
         158  1 0.3361 0.3342 0.3297 
         159  1 0.3351 0.3347 0.3302 
         160  1 0.3300 0.3295 0.3404 
         161  1 0.3277 0.3297 0.3427 
         162  1 0.3478 0.3374 0.3148 
         163  1 0.3276 0.3310 0.3414 
         164  1 0.3228 0.3273 0.3499 
         165  1 0.3398 0.3334 0.3268 
         166  1 0.3378 0.3365 0.3257 
         167  1 0.3423 0.3360 0.3218 
         168  1 0.3382 0.3338 0.3280 
         169  1 0.3417 0.3366 0.3217 
         170  1 0.3338 0.3315 0.3347 
         171  1 0.3232 0.3282 0.3487 
         172  1 0.3463 0.3395 0.3142 
         173  1 0.3395 0.3356 0.3248 
         174  1 0.3286 0.3293 0.3421 
         175  1 0.3378 0.3340 0.3282 
         176  1 0.3384 0.3354 0.3262 
         177  1 0.3263 0.3288 0.3450 
         178  1 0.3423 0.3386 0.3191 
         179  1 0.3405 0.3351 0.3244 
         180  1 0.3356 0.3335 0.3309 
         181  1 0.3407 0.3357 0.3236 
         182  1 0.3235 0.3276 0.3489 
         183  1 0.3264 0.3310 0.3426 
