           1  1 0.1133 0.1113 0.1099 0.1119 0.1117 0.1088 0.1092 0.1117 0.1122 
           2  1 0.1077 0.1124 0.1124 0.1112 0.1073 0.1134 0.1142 0.1120 0.1096 
           3  1 0.1148 0.1113 0.1090 0.1127 0.1139 0.1114 0.1075 0.1106 0.1087 
           4  1 0.1090 0.1116 0.1107 0.1125 0.1066 0.1129 0.1122 0.1113 0.1132 
           5  1 0.1122 0.1111 0.1117 0.1110 0.1147 0.1090 0.1070 0.1124 0.1108 
           6  1 0.1110 0.1110 0.1074 0.1120 0.1127 0.1094 0.1091 0.1145 0.1128 
           7  1 0.1125 0.1104 0.1114 0.1126 0.1151 0.1110 0.1079 0.1096 0.1094 
           8  1 0.1126 0.1102 0.1112 0.1099 0.1125 0.1103 0.1116 0.1112 0.1104 
           9  1 0.1083 0.1115 0.1126 0.1101 0.1092 0.1102 0.1135 0.1128 0.1117 
          10  1 0.1110 0.1123 0.1096 0.1118 0.1096 0.1117 0.1134 0.1109 0.1098 
          11  1 0.1122 0.1119 0.1105 0.1101 0.1089 0.1127 0.1128 0.1108 0.1102 
          12  1 0.1077 0.1127 0.1104 0.1094 0.1096 0.1119 0.1132 0.1122 0.1129 
          13  1 0.1093 0.1121 0.1116 0.1109 0.1118 0.1108 0.1102 0.1131 0.1102 
          14  1 0.1138 0.1110 0.1095 0.1093 0.1124 0.1108 0.1080 0.1131 0.1120 
          15  1 0.1115 0.1098 0.1121 0.1114 0.1130 0.1104 0.1095 0.1102 0.1122 
          16  1 0.1103 0.1117 0.1118 0.1113 0.1103 0.1106 0.1135 0.1096 0.1108 
          17  1 0.1103 0.1110 0.1109 0.1094 0.1114 0.1098 0.1105 0.1137 0.1129 
          18  1 0.1111 0.1110 0.1106 0.1124 0.1110 0.1118 0.1108 0.1115 0.1097 
          19  1 0.1104 0.1109 0.1126 0.1120 0.1110 0.1122 0.1109 0.1098 0.1102 
          20  1 0.1120 0.1115 0.1129 0.1110 0.1124 0.1105 0.1098 0.1089 0.1109 
          21  1 0.1140 0.1104 0.1114 0.1118 0.1162 0.1085 0.1066 0.1095 0.1115 
          22  1 0.1097 0.1127 0.1107 0.1095 0.1084 0.1135 0.1131 0.1113 0.1110 
          23  1 0.1145 0.1102 0.1096 0.1095 0.1127 0.1112 0.1096 0.1121 0.1106 
          24  1 0.1125 0.1105 0.1104 0.1115 0.1101 0.1097 0.1125 0.1119 0.1109 
          25  1 0.1107 0.1111 0.1107 0.1108 0.1121 0.1100 0.1102 0.1117 0.1127 
          26  1 0.1136 0.1103 0.1086 0.1107 0.1130 0.1090 0.1076 0.1138 0.1134 
          27  1 0.1112 0.1122 0.1117 0.1085 0.1095 0.1126 0.1106 0.1119 0.1117 
          28  1 0.1106 0.1110 0.1111 0.1103 0.1146 0.1116 0.1094 0.1124 0.1090 
          29  1 0.1082 0.1118 0.1136 0.1110 0.1081 0.1112 0.1160 0.1105 0.1096 
          30  1 0.1086 0.1139 0.1108 0.1116 0.1115 0.1133 0.1122 0.1094 0.1088 
          31  1 0.1125 0.1103 0.1101 0.1093 0.1100 0.1100 0.1120 0.1130 0.1128 
          32  1 0.1113 0.1113 0.1110 0.1098 0.1120 0.1124 0.1096 0.1107 0.1119 
          33  1 0.1093 0.1095 0.1112 0.1116 0.1101 0.1115 0.1117 0.1151 0.1100 
          34  1 0.1107 0.1111 0.1116 0.1097 0.1099 0.1117 0.1133 0.1097 0.1123 
          35  1 0.1108 0.1103 0.1114 0.1118 0.1128 0.1100 0.1120 0.1108 0.1102 
          36  1 0.1123 0.1095 0.1119 0.1112 0.1129 0.1111 0.1099 0.1102 0.1111 
          37  1 0.1126 0.1104 0.1115 0.1115 0.1135 0.1101 0.1097 0.1098 0.1108 
          38  1 0.1113 0.1128 0.1095 0.1107 0.1105 0.1108 0.1100 0.1135 0.1108 
          39  1 0.1112 0.1126 0.1119 0.1108 0.1104 0.1114 0.1107 0.1104 0.1106 
          40  1 0.1089 0.1117 0.1122 0.1134 0.1123 0.1104 0.1118 0.1093 0.1100 
          41  1 0.1103 0.1112 0.1131 0.1104 0.1083 0.1132 0.1122 0.1095 0.1118 
          42  1 0.1106 0.1107 0.1112 0.1122 0.1146 0.1106 0.1089 0.1102 0.1109 
          43  1 0.1134 0.1096 0.1119 0.1111 0.1138 0.1100 0.1076 0.1103 0.1123 
          44  1 0.1105 0.1096 0.1121 0.1095 0.1088 0.1127 0.1138 0.1125 0.1104 
          45  1 0.1084 0.1095 0.1139 0.1135 0.1088 0.1124 0.1151 0.1089 0.1094 
          46  1 0.1123 0.1090 0.1126 0.1089 0.1140 0.1116 0.1100 0.1095 0.1121 
          47  1 0.1094 0.1110 0.1149 0.1126 0.1104 0.1120 0.1115 0.1093 0.1089 
          48  1 0.1092 0.1087 0.1145 0.1147 0.1092 0.1100 0.1148 0.1096 0.1093 
          49  1 0.1100 0.1116 0.1121 0.1124 0.1098 0.1110 0.1123 0.1116 0.1093 
          50  1 0.1084 0.1088 0.1131 0.1109 0.1099 0.1111 0.1158 0.1108 0.1111 
          51  1 0.1076 0.1091 0.1130 0.1126 0.1101 0.1126 0.1159 0.1096 0.1095 
          52  1 0.1142 0.1150 0.1087 0.1092 0.1093 0.1093 0.1106 0.1126 0.1111 
          53  1 0.1105 0.1105 0.1116 0.1130 0.1161 0.1086 0.1096 0.1089 0.1113 
          54  1 0.1120 0.1090 0.1111 0.1121 0.1124 0.1120 0.1094 0.1116 0.1104 
          55  1 0.1100 0.1122 0.1118 0.1123 0.1108 0.1090 0.1102 0.1119 0.1119 
          56  1 0.1105 0.1108 0.1123 0.1103 0.1118 0.1113 0.1121 0.1107 0.1101 
          57  1 0.1115 0.1099 0.1095 0.1109 0.1155 0.1110 0.1090 0.1131 0.1097 
          58  1 0.1119 0.1110 0.1130 0.1097 0.1119 0.1103 0.1122 0.1107 0.1093 
          59  1 0.1106 0.1104 0.1109 0.1107 0.1096 0.1113 0.1128 0.1102 0.1136 
          60  1 0.1104 0.1107 0.1115 0.1091 0.1118 0.1130 0.1105 0.1107 0.1123 
          61  1 0.1130 0.1102 0.1084 0.1114 0.1141 0.1099 0.1100 0.1125 0.1105 
          62  1 0.1102 0.1089 0.1111 0.1109 0.1138 0.1109 0.1142 0.1092 0.1110 
          63  1 0.1115 0.1110 0.1101 0.1113 0.1076 0.1114 0.1140 0.1121 0.1110 
          64  1 0.1143 0.1126 0.1092 0.1085 0.1117 0.1108 0.1103 0.1131 0.1096 
          65  1 0.1130 0.1113 0.1114 0.1108 0.1097 0.1097 0.1097 0.1137 0.1108 
          66  1 0.1133 0.1111 0.1101 0.1115 0.1116 0.1106 0.1087 0.1112 0.1119 
          67  1 0.1114 0.1135 0.1122 0.1103 0.1097 0.1106 0.1111 0.1095 0.1116 
          68  1 0.1086 0.1112 0.1143 0.1127 0.1123 0.1110 0.1106 0.1090 0.1103 
          69  1 0.1134 0.1099 0.1105 0.1096 0.1127 0.1104 0.1099 0.1111 0.1124 
          70  1 0.1099 0.1109 0.1110 0.1106 0.1120 0.1102 0.1112 0.1119 0.1124 
          71  1 0.1081 0.1107 0.1121 0.1128 0.1113 0.1110 0.1127 0.1130 0.1082 
          72  1 0.1124 0.1086 0.1126 0.1121 0.1130 0.1115 0.1097 0.1094 0.1107 
          73  1 0.1108 0.1101 0.1104 0.1125 0.1123 0.1107 0.1093 0.1129 0.1110 
          74  1 0.1114 0.1124 0.1108 0.1107 0.1097 0.1119 0.1115 0.1105 0.1109 
          75  1 0.1105 0.1129 0.1105 0.1105 0.1080 0.1132 0.1132 0.1104 0.1109 
          76  1 0.1109 0.1111 0.1107 0.1095 0.1084 0.1132 0.1150 0.1138 0.1074 
          77  1 0.1090 0.1090 0.1129 0.1119 0.1185 0.1090 0.1083 0.1094 0.1120 
          78  1 0.1093 0.1106 0.1114 0.1126 0.1101 0.1115 0.1131 0.1118 0.1096 
          79  1 0.1115 0.1095 0.1127 0.1119 0.1182 0.1095 0.1077 0.1073 0.1116 
          80  1 0.1118 0.1096 0.1133 0.1117 0.1174 0.1091 0.1086 0.1087 0.1097 
          81  1 0.1102 0.1131 0.1098 0.1124 0.1114 0.1115 0.1116 0.1095 0.1105 
          82  1 0.1122 0.1100 0.1133 0.1118 0.1135 0.1094 0.1102 0.1099 0.1098 
          83  1 0.1121 0.1106 0.1094 0.1095 0.1106 0.1125 0.1103 0.1127 0.1123 
          84  1 0.1120 0.1108 0.1108 0.1098 0.1111 0.1112 0.1112 0.1106 0.1125 
          85  1 0.1104 0.1118 0.1116 0.1120 0.1093 0.1114 0.1108 0.1116 0.1111 
          86  1 0.1100 0.1103 0.1124 0.1116 0.1133 0.1102 0.1102 0.1099 0.1120 
          87  1 0.1141 0.1121 0.1096 0.1105 0.1100 0.1118 0.1101 0.1114 0.1104 
          88  1 0.1112 0.1109 0.1113 0.1116 0.1120 0.1122 0.1084 0.1115 0.1108 
          89  1 0.1104 0.1105 0.1118 0.1089 0.1120 0.1125 0.1121 0.1100 0.1118 
          90  1 0.1143 0.1107 0.1104 0.1101 0.1127 0.1120 0.1088 0.1105 0.1105 
          91  1 0.1094 0.1110 0.1111 0.1111 0.1104 0.1112 0.1122 0.1115 0.1123 
          92  1 0.1112 0.1130 0.1107 0.1094 0.1121 0.1100 0.1086 0.1123 0.1127 
          93  1 0.1095 0.1095 0.1125 0.1108 0.1097 0.1120 0.1126 0.1100 0.1135 
          94  1 0.1120 0.1102 0.1117 0.1125 0.1143 0.1099 0.1092 0.1097 0.1105 
          95  1 0.1115 0.1105 0.1117 0.1115 0.1179 0.1097 0.1061 0.1105 0.1105 
          96  1 0.1121 0.1074 0.1138 0.1145 0.1176 0.1075 0.1058 0.1086 0.1127 
          97  1 0.1104 0.1108 0.1125 0.1126 0.1118 0.1100 0.1104 0.1098 0.1117 
          98  1 0.1093 0.1106 0.1117 0.1123 0.1101 0.1126 0.1114 0.1112 0.1109 
          99  1 0.1127 0.1086 0.1131 0.1131 0.1195 0.1078 0.1066 0.1077 0.1109 
         100  1 0.1118 0.1100 0.1105 0.1095 0.1105 0.1122 0.1113 0.1122 0.1120 
         101  1 0.1112 0.1093 0.1125 0.1127 0.1116 0.1127 0.1123 0.1084 0.1093 
         102  1 0.1101 0.1113 0.1123 0.1109 0.1111 0.1098 0.1116 0.1100 0.1128 
         103  1 0.1116 0.1106 0.1143 0.1124 0.1089 0.1108 0.1123 0.1101 0.1090 
         104  1 0.1098 0.1102 0.1123 0.1127 0.1087 0.1106 0.1117 0.1111 0.1129 
         105  1 0.1115 0.1104 0.1133 0.1133 0.1141 0.1104 0.1082 0.1090 0.1098 
         106  1 0.1137 0.1094 0.1106 0.1100 0.1149 0.1114 0.1100 0.1097 0.1102 
         107  1 0.1129 0.1126 0.1094 0.1120 0.1094 0.1107 0.1093 0.1117 0.1118 
         108  1 0.1106 0.1132 0.1084 0.1095 0.1127 0.1101 0.1105 0.1130 0.1121 
         109  1 0.1101 0.1118 0.1118 0.1110 0.1099 0.1119 0.1125 0.1101 0.1108 
         110  1 0.1107 0.1125 0.1105 0.1099 0.1119 0.1129 0.1085 0.1110 0.1119 
         111  1 0.1096 0.1105 0.1106 0.1100 0.1144 0.1108 0.1105 0.1123 0.1113 
         112  1 0.1102 0.1094 0.1108 0.1092 0.1130 0.1120 0.1113 0.1130 0.1111 
         113  1 0.1179 0.1105 0.1108 0.1084 0.1093 0.1094 0.1093 0.1125 0.1118 
         114  1 0.1105 0.1121 0.1121 0.1088 0.1101 0.1117 0.1115 0.1122 0.1111 
         115  1 0.1126 0.1117 0.1102 0.1113 0.1111 0.1100 0.1080 0.1139 0.1112 
         116  1 0.1111 0.1115 0.1125 0.1106 0.1143 0.1108 0.1091 0.1099 0.1103 
         117  1 0.1114 0.1101 0.1129 0.1120 0.1103 0.1094 0.1107 0.1128 0.1104 
         118  1 0.1117 0.1108 0.1114 0.1103 0.1093 0.1139 0.1113 0.1106 0.1106 
         119  1 0.1096 0.1118 0.1111 0.1109 0.1094 0.1116 0.1157 0.1109 0.1090 
         120  1 0.1113 0.1115 0.1097 0.1134 0.1089 0.1122 0.1121 0.1103 0.1105 
         121  1 0.1126 0.1103 0.1107 0.1112 0.1109 0.1100 0.1087 0.1134 0.1124 
         122  1 0.1104 0.1115 0.1090 0.1103 0.1130 0.1115 0.1103 0.1125 0.1114 
         123  1 0.1091 0.1132 0.1115 0.1116 0.1072 0.1120 0.1144 0.1106 0.1103 
         124  1 0.1100 0.1123 0.1110 0.1109 0.1106 0.1120 0.1118 0.1097 0.1117 
         125  1 0.1078 0.1109 0.1114 0.1114 0.1083 0.1100 0.1127 0.1151 0.1124 
         126  1 0.1118 0.1101 0.1113 0.1098 0.1108 0.1127 0.1129 0.1110 0.1096 
         127  1 0.1093 0.1102 0.1109 0.1121 0.1102 0.1123 0.1127 0.1110 0.1114 
         128  1 0.1091 0.1110 0.1110 0.1101 0.1081 0.1114 0.1157 0.1119 0.1117 
         129  1 0.1099 0.1126 0.1102 0.1131 0.1088 0.1115 0.1128 0.1101 0.1109 
         130  1 0.1121 0.1107 0.1113 0.1113 0.1138 0.1110 0.1097 0.1089 0.1113 
         131  1 0.1119 0.1110 0.1111 0.1100 0.1114 0.1097 0.1106 0.1130 0.1113 
         132  1 0.1140 0.1105 0.1112 0.1123 0.1121 0.1091 0.1083 0.1125 0.1100 
         133  1 0.1095 0.1095 0.1132 0.1115 0.1108 0.1132 0.1102 0.1091 0.1130 
         134  1 0.1117 0.1111 0.1130 0.1121 0.1104 0.1110 0.1103 0.1097 0.1108 
         135  1 0.1113 0.1098 0.1106 0.1103 0.1100 0.1118 0.1122 0.1132 0.1107 
         136  1 0.1115 0.1121 0.1106 0.1106 0.1107 0.1115 0.1107 0.1114 0.1109 
         137  1 0.1086 0.1081 0.1130 0.1121 0.1110 0.1120 0.1120 0.1114 0.1118 
         138  1 0.1111 0.1132 0.1102 0.1112 0.1069 0.1099 0.1128 0.1127 0.1119 
         139  1 0.1116 0.1101 0.1126 0.1122 0.1121 0.1096 0.1099 0.1099 0.1120 
         140  1 0.1117 0.1123 0.1111 0.1099 0.1120 0.1099 0.1097 0.1114 0.1120 
         141  1 0.1130 0.1099 0.1098 0.1109 0.1133 0.1117 0.1089 0.1102 0.1124 
         142  1 0.1114 0.1107 0.1122 0.1153 0.1120 0.1101 0.1103 0.1084 0.1095 
         143  1 0.1112 0.1078 0.1128 0.1138 0.1140 0.1105 0.1084 0.1099 0.1116 
         144  1 0.1123 0.1111 0.1103 0.1085 0.1136 0.1118 0.1078 0.1129 0.1118 
         145  1 0.1109 0.1115 0.1105 0.1100 0.1073 0.1144 0.1123 0.1114 0.1116 
         146  1 0.1111 0.1118 0.1118 0.1112 0.1098 0.1099 0.1122 0.1111 0.1111 
         147  1 0.1108 0.1124 0.1117 0.1089 0.1083 0.1101 0.1141 0.1123 0.1114 
         148  1 0.1142 0.1112 0.1105 0.1089 0.1100 0.1109 0.1099 0.1125 0.1120 
         149  1 0.1114 0.1111 0.1112 0.1117 0.1136 0.1095 0.1067 0.1126 0.1121 
         150  1 0.1142 0.1110 0.1094 0.1116 0.1077 0.1121 0.1133 0.1116 0.1090 
         151  1 0.1105 0.1120 0.1121 0.1111 0.1092 0.1106 0.1112 0.1121 0.1112 
         152  1 0.1101 0.1112 0.1131 0.1105 0.1084 0.1126 0.1130 0.1092 0.1118 
         153  1 0.1127 0.1108 0.1113 0.1110 0.1111 0.1086 0.1103 0.1125 0.1119 
         154  1 0.1109 0.1129 0.1113 0.1106 0.1073 0.1116 0.1132 0.1115 0.1107 
         155  1 0.1108 0.1100 0.1114 0.1106 0.1132 0.1108 0.1121 0.1091 0.1121 
         156  1 0.1110 0.1109 0.1112 0.1134 0.1148 0.1087 0.1098 0.1091 0.1112 
         157  1 0.1103 0.1104 0.1120 0.1124 0.1105 0.1105 0.1104 0.1137 0.1097 
         158  1 0.1103 0.1109 0.1106 0.1122 0.1119 0.1128 0.1106 0.1108 0.1099 
         159  1 0.1156 0.1118 0.1078 0.1091 0.1103 0.1110 0.1110 0.1127 0.1107 
         160  1 0.1088 0.1106 0.1112 0.1120 0.1163 0.1089 0.1093 0.1111 0.1119 
         161  1 0.1103 0.1106 0.1099 0.1121 0.1116 0.1116 0.1096 0.1119 0.1123 
         162  1 0.1075 0.1117 0.1111 0.1107 0.1096 0.1122 0.1170 0.1113 0.1090 
         163  1 0.1106 0.1104 0.1099 0.1142 0.1136 0.1097 0.1112 0.1101 0.1103 
         164  1 0.1111 0.1095 0.1112 0.1097 0.1140 0.1102 0.1101 0.1115 0.1128 
         165  1 0.1100 0.1121 0.1111 0.1105 0.1098 0.1122 0.1129 0.1116 0.1097 
         166  1 0.1096 0.1120 0.1106 0.1102 0.1121 0.1121 0.1110 0.1115 0.1109 
         167  1 0.1094 0.1114 0.1097 0.1120 0.1088 0.1118 0.1148 0.1120 0.1102 
         168  1 0.1144 0.1113 0.1075 0.1114 0.1105 0.1106 0.1094 0.1130 0.1119 
         169  1 0.1102 0.1103 0.1095 0.1137 0.1097 0.1111 0.1126 0.1118 0.1111 
         170  1 0.1173 0.1110 0.1083 0.1094 0.1096 0.1118 0.1089 0.1128 0.1110 
         171  1 0.1139 0.1114 0.1100 0.1112 0.1123 0.1091 0.1098 0.1118 0.1105 
         172  1 0.1116 0.1105 0.1098 0.1106 0.1081 0.1138 0.1147 0.1121 0.1087 
         173  1 0.1094 0.1110 0.1123 0.1107 0.1092 0.1137 0.1131 0.1114 0.1092 
         174  1 0.1128 0.1114 0.1100 0.1103 0.1099 0.1118 0.1091 0.1113 0.1134 
         175  1 0.1126 0.1107 0.1088 0.1098 0.1104 0.1127 0.1127 0.1108 0.1115 
         176  1 0.1105 0.1116 0.1108 0.1107 0.1102 0.1112 0.1124 0.1120 0.1107 
         177  1 0.1102 0.1113 0.1138 0.1100 0.1128 0.1093 0.1114 0.1103 0.1110 
         178  1 0.1083 0.1123 0.1118 0.1122 0.1082 0.1116 0.1143 0.1105 0.1107 
         179  1 0.1092 0.1104 0.1107 0.1124 0.1077 0.1119 0.1129 0.1131 0.1117 
         180  1 0.1107 0.1115 0.1099 0.1121 0.1088 0.1107 0.1141 0.1098 0.1125 
         181  1 0.1079 0.1138 0.1121 0.1113 0.1071 0.1115 0.1130 0.1117 0.1116 
         182  1 0.1142 0.1102 0.1095 0.1094 0.1132 0.1092 0.1077 0.1144 0.1123 
         183  1 0.1127 0.1115 0.1109 0.1114 0.1107 0.1110 0.1093 0.1110 0.1116 
