           1  1 0.2469 0.2561 0.2501 0.2468 
           2  1 0.2535 0.2417 0.2536 0.2512 
           3  1 0.2463 0.2544 0.2492 0.2502 
           4  1 0.2536 0.2399 0.2495 0.2570 
           5  1 0.2526 0.2565 0.2485 0.2425 
           6  1 0.2502 0.2584 0.2502 0.2412 
           7  1 0.2504 0.2572 0.2484 0.2439 
           8  1 0.2499 0.2571 0.2457 0.2473 
           9  1 0.2502 0.2469 0.2500 0.2529 
          10  1 0.2524 0.2408 0.2540 0.2528 
          11  1 0.2501 0.2409 0.2548 0.2542 
          12  1 0.2508 0.2394 0.2511 0.2587 
          13  1 0.2500 0.2579 0.2463 0.2457 
          14  1 0.2510 0.2529 0.2519 0.2442 
          15  1 0.2456 0.2627 0.2481 0.2436 
          16  1 0.2506 0.2425 0.2509 0.2560 
          17  1 0.2515 0.2519 0.2495 0.2471 
          18  1 0.2506 0.2467 0.2532 0.2495 
          19  1 0.2504 0.2474 0.2491 0.2532 
          20  1 0.2485 0.2558 0.2496 0.2461 
          21  1 0.2496 0.2591 0.2471 0.2441 
          22  1 0.2526 0.2411 0.2525 0.2538 
          23  1 0.2462 0.2505 0.2506 0.2527 
          24  1 0.2511 0.2459 0.2531 0.2499 
          25  1 0.2490 0.2574 0.2479 0.2458 
          26  1 0.2495 0.2642 0.2475 0.2389 
          27  1 0.2469 0.2507 0.2509 0.2516 
          28  1 0.2500 0.2535 0.2499 0.2466 
          29  1 0.2546 0.2409 0.2506 0.2539 
          30  1 0.2498 0.2522 0.2464 0.2516 
          31  1 0.2495 0.2528 0.2499 0.2478 
          32  1 0.2475 0.2516 0.2503 0.2506 
          33  1 0.2527 0.2441 0.2515 0.2517 
          34  1 0.2482 0.2494 0.2504 0.2519 
          35  1 0.2511 0.2489 0.2501 0.2499 
          36  1 0.2485 0.2568 0.2496 0.2450 
          37  1 0.2485 0.2577 0.2481 0.2457 
          38  1 0.2511 0.2569 0.2502 0.2419 
          39  1 0.2495 0.2548 0.2485 0.2473 
          40  1 0.2554 0.2475 0.2494 0.2476 
          41  1 0.2494 0.2460 0.2511 0.2535 
          42  1 0.2493 0.2555 0.2475 0.2477 
          43  1 0.2491 0.2559 0.2490 0.2460 
          44  1 0.2527 0.2406 0.2502 0.2565 
          45  1 0.2524 0.2425 0.2517 0.2534 
          46  1 0.2516 0.2525 0.2460 0.2499 
          47  1 0.2535 0.2441 0.2493 0.2531 
          48  1 0.2543 0.2405 0.2485 0.2567 
          49  1 0.2507 0.2500 0.2497 0.2496 
          50  1 0.2531 0.2442 0.2493 0.2534 
          51  1 0.2540 0.2438 0.2513 0.2509 
          52  1 0.2505 0.2464 0.2546 0.2486 
          53  1 0.2494 0.2583 0.2464 0.2459 
          54  1 0.2506 0.2537 0.2486 0.2471 
          55  1 0.2486 0.2500 0.2519 0.2495 
          56  1 0.2477 0.2500 0.2487 0.2537 
          57  1 0.2491 0.2535 0.2477 0.2497 
          58  1 0.2480 0.2558 0.2496 0.2466 
          59  1 0.2501 0.2418 0.2537 0.2544 
          60  1 0.2469 0.2505 0.2480 0.2546 
          61  1 0.2485 0.2552 0.2485 0.2477 
          62  1 0.2550 0.2411 0.2486 0.2553 
          63  1 0.2493 0.2448 0.2541 0.2518 
          64  1 0.2507 0.2456 0.2514 0.2524 
          65  1 0.2480 0.2499 0.2516 0.2505 
          66  1 0.2461 0.2592 0.2507 0.2440 
          67  1 0.2488 0.2479 0.2531 0.2501 
          68  1 0.2509 0.2449 0.2524 0.2518 
          69  1 0.2479 0.2562 0.2499 0.2461 
          70  1 0.2481 0.2583 0.2487 0.2448 
          71  1 0.2496 0.2516 0.2511 0.2477 
          72  1 0.2511 0.2559 0.2436 0.2494 
          73  1 0.2513 0.2528 0.2520 0.2439 
          74  1 0.2544 0.2413 0.2518 0.2525 
          75  1 0.2493 0.2445 0.2537 0.2526 
          76  1 0.2547 0.2409 0.2488 0.2556 
          77  1 0.2480 0.2621 0.2450 0.2449 
          78  1 0.2518 0.2419 0.2542 0.2521 
          79  1 0.2487 0.2595 0.2468 0.2450 
          80  1 0.2490 0.2569 0.2450 0.2491 
          81  1 0.2495 0.2430 0.2555 0.2521 
          82  1 0.2487 0.2588 0.2450 0.2475 
          83  1 0.2482 0.2460 0.2535 0.2522 
          84  1 0.2495 0.2528 0.2502 0.2474 
          85  1 0.2467 0.2523 0.2519 0.2491 
          86  1 0.2476 0.2594 0.2468 0.2462 
          87  1 0.2482 0.2447 0.2550 0.2520 
          88  1 0.2489 0.2503 0.2478 0.2531 
          89  1 0.2476 0.2533 0.2469 0.2522 
          90  1 0.2492 0.2528 0.2475 0.2505 
          91  1 0.2530 0.2436 0.2494 0.2540 
          92  1 0.2477 0.2539 0.2541 0.2442 
          93  1 0.2505 0.2520 0.2470 0.2504 
          94  1 0.2509 0.2584 0.2463 0.2444 
          95  1 0.2483 0.2585 0.2473 0.2458 
          96  1 0.2514 0.2555 0.2468 0.2463 
          97  1 0.2495 0.2564 0.2474 0.2466 
          98  1 0.2508 0.2447 0.2520 0.2525 
          99  1 0.2495 0.2607 0.2447 0.2452 
         100  1 0.2505 0.2456 0.2520 0.2518 
         101  1 0.2485 0.2476 0.2531 0.2508 
         102  1 0.2487 0.2536 0.2478 0.2499 
         103  1 0.2511 0.2436 0.2500 0.2554 
         104  1 0.2508 0.2483 0.2533 0.2476 
         105  1 0.2491 0.2519 0.2500 0.2490 
         106  1 0.2486 0.2516 0.2491 0.2507 
         107  1 0.2482 0.2518 0.2543 0.2458 
         108  1 0.2523 0.2483 0.2526 0.2469 
         109  1 0.2509 0.2519 0.2496 0.2476 
         110  1 0.2505 0.2592 0.2465 0.2438 
         111  1 0.2500 0.2529 0.2519 0.2452 
         112  1 0.2537 0.2489 0.2505 0.2469 
         113  1 0.2464 0.2534 0.2490 0.2512 
         114  1 0.2492 0.2444 0.2506 0.2557 
         115  1 0.2503 0.2535 0.2497 0.2464 
         116  1 0.2454 0.2576 0.2490 0.2480 
         117  1 0.2522 0.2509 0.2484 0.2485 
         118  1 0.2477 0.2537 0.2476 0.2510 
         119  1 0.2571 0.2371 0.2503 0.2554 
         120  1 0.2498 0.2444 0.2516 0.2543 
         121  1 0.2482 0.2520 0.2507 0.2491 
         122  1 0.2493 0.2453 0.2524 0.2530 
         123  1 0.2538 0.2433 0.2500 0.2529 
         124  1 0.2502 0.2465 0.2503 0.2530 
         125  1 0.2501 0.2448 0.2533 0.2517 
         126  1 0.2505 0.2441 0.2471 0.2583 
         127  1 0.2490 0.2493 0.2495 0.2522 
         128  1 0.2516 0.2405 0.2496 0.2582 
         129  1 0.2503 0.2448 0.2517 0.2531 
         130  1 0.2513 0.2592 0.2463 0.2432 
         131  1 0.2509 0.2475 0.2502 0.2514 
         132  1 0.2502 0.2529 0.2495 0.2474 
         133  1 0.2481 0.2538 0.2473 0.2509 
         134  1 0.2478 0.2554 0.2480 0.2488 
         135  1 0.2485 0.2515 0.2504 0.2496 
         136  1 0.2480 0.2507 0.2516 0.2497 
         137  1 0.2500 0.2452 0.2525 0.2523 
         138  1 0.2556 0.2498 0.2476 0.2470 
         139  1 0.2548 0.2511 0.2462 0.2479 
         140  1 0.2489 0.2602 0.2506 0.2402 
         141  1 0.2495 0.2516 0.2509 0.2480 
         142  1 0.2504 0.2542 0.2478 0.2476 
         143  1 0.2494 0.2598 0.2456 0.2453 
         144  1 0.2503 0.2535 0.2501 0.2461 
         145  1 0.2503 0.2418 0.2535 0.2544 
         146  1 0.2480 0.2573 0.2493 0.2455 
         147  1 0.2533 0.2432 0.2510 0.2525 
         148  1 0.2517 0.2430 0.2519 0.2533 
         149  1 0.2497 0.2582 0.2505 0.2416 
         150  1 0.2489 0.2437 0.2518 0.2557 
         151  1 0.2491 0.2499 0.2501 0.2509 
         152  1 0.2522 0.2457 0.2497 0.2524 
         153  1 0.2494 0.2595 0.2484 0.2427 
         154  1 0.2508 0.2407 0.2500 0.2584 
         155  1 0.2475 0.2521 0.2468 0.2536 
         156  1 0.2512 0.2569 0.2473 0.2447 
         157  1 0.2490 0.2451 0.2535 0.2524 
         158  1 0.2508 0.2431 0.2535 0.2526 
         159  1 0.2473 0.2476 0.2534 0.2517 
         160  1 0.2513 0.2527 0.2496 0.2464 
         161  1 0.2490 0.2547 0.2486 0.2477 
         162  1 0.2557 0.2368 0.2506 0.2569 
         163  1 0.2502 0.2555 0.2488 0.2455 
         164  1 0.2491 0.2608 0.2489 0.2412 
         165  1 0.2508 0.2430 0.2523 0.2540 
         166  1 0.2481 0.2458 0.2533 0.2528 
         167  1 0.2501 0.2418 0.2516 0.2565 
         168  1 0.2508 0.2452 0.2529 0.2511 
         169  1 0.2515 0.2412 0.2487 0.2586 
         170  1 0.2476 0.2526 0.2508 0.2491 
         171  1 0.2493 0.2577 0.2477 0.2453 
         172  1 0.2532 0.2395 0.2483 0.2590 
         173  1 0.2503 0.2450 0.2517 0.2529 
         174  1 0.2505 0.2530 0.2509 0.2457 
         175  1 0.2494 0.2488 0.2504 0.2514 
         176  1 0.2483 0.2471 0.2502 0.2545 
         177  1 0.2502 0.2551 0.2478 0.2469 
         178  1 0.2525 0.2421 0.2489 0.2566 
         179  1 0.2495 0.2407 0.2516 0.2582 
         180  1 0.2525 0.2478 0.2483 0.2514 
         181  1 0.2508 0.2449 0.2513 0.2530 
         182  1 0.2483 0.2635 0.2478 0.2403 
         183  1 0.2511 0.2537 0.2469 0.2483 
