           1  1 0.1427 0.1431 0.1424 0.1435 0.1426 0.1435 0.1422 
           2  1 0.1431 0.1425 0.1429 0.1419 0.1423 0.1427 0.1445 
           3  1 0.1437 0.1428 0.1425 0.1429 0.1426 0.1427 0.1429 
           4  1 0.1428 0.1421 0.1429 0.1418 0.1430 0.1428 0.1446 
           5  1 0.1427 0.1432 0.1425 0.1448 0.1435 0.1423 0.1410 
           6  1 0.1427 0.1433 0.1432 0.1447 0.1433 0.1420 0.1408 
           7  1 0.1424 0.1421 0.1434 0.1436 0.1440 0.1429 0.1417 
           8  1 0.1435 0.1428 0.1428 0.1425 0.1442 0.1430 0.1411 
           9  1 0.1428 0.1416 0.1438 0.1421 0.1427 0.1429 0.1441 
          10  1 0.1433 0.1431 0.1421 0.1421 0.1420 0.1434 0.1440 
          11  1 0.1434 0.1426 0.1433 0.1415 0.1414 0.1434 0.1445 
          12  1 0.1441 0.1421 0.1424 0.1414 0.1428 0.1423 0.1449 
          13  1 0.1430 0.1429 0.1434 0.1432 0.1430 0.1426 0.1419 
          14  1 0.1427 0.1443 0.1428 0.1440 0.1426 0.1428 0.1408 
          15  1 0.1422 0.1429 0.1428 0.1443 0.1441 0.1424 0.1413 
          16  1 0.1437 0.1427 0.1434 0.1418 0.1416 0.1427 0.1442 
          17  1 0.1423 0.1427 0.1431 0.1425 0.1429 0.1429 0.1436 
          18  1 0.1431 0.1432 0.1427 0.1421 0.1436 0.1427 0.1426 
          19  1 0.1434 0.1427 0.1429 0.1423 0.1425 0.1428 0.1434 
          20  1 0.1431 0.1428 0.1421 0.1441 0.1428 0.1434 0.1416 
          21  1 0.1424 0.1433 0.1429 0.1448 0.1433 0.1425 0.1409 
          22  1 0.1439 0.1432 0.1421 0.1413 0.1419 0.1429 0.1447 
          23  1 0.1433 0.1435 0.1424 0.1416 0.1429 0.1429 0.1434 
          24  1 0.1431 0.1435 0.1430 0.1423 0.1418 0.1431 0.1433 
          25  1 0.1433 0.1435 0.1431 0.1428 0.1438 0.1420 0.1414 
          26  1 0.1421 0.1438 0.1430 0.1444 0.1440 0.1418 0.1408 
          27  1 0.1424 0.1420 0.1433 0.1425 0.1426 0.1438 0.1434 
          28  1 0.1432 0.1426 0.1421 0.1434 0.1435 0.1428 0.1423 
          29  1 0.1424 0.1419 0.1433 0.1421 0.1429 0.1425 0.1448 
          30  1 0.1425 0.1422 0.1434 0.1421 0.1439 0.1421 0.1439 
          31  1 0.1421 0.1429 0.1431 0.1431 0.1429 0.1429 0.1429 
          32  1 0.1426 0.1431 0.1431 0.1428 0.1434 0.1421 0.1430 
          33  1 0.1425 0.1417 0.1432 0.1430 0.1426 0.1431 0.1440 
          34  1 0.1436 0.1427 0.1419 0.1430 0.1421 0.1432 0.1435 
          35  1 0.1424 0.1428 0.1437 0.1425 0.1432 0.1427 0.1426 
          36  1 0.1426 0.1428 0.1431 0.1444 0.1429 0.1429 0.1413 
          37  1 0.1428 0.1433 0.1426 0.1431 0.1436 0.1426 0.1419 
          38  1 0.1430 0.1429 0.1431 0.1439 0.1436 0.1426 0.1410 
          39  1 0.1429 0.1431 0.1428 0.1427 0.1427 0.1427 0.1430 
          40  1 0.1425 0.1422 0.1430 0.1435 0.1429 0.1425 0.1433 
          41  1 0.1433 0.1422 0.1431 0.1431 0.1420 0.1428 0.1434 
          42  1 0.1422 0.1426 0.1428 0.1428 0.1439 0.1435 0.1423 
          43  1 0.1425 0.1434 0.1426 0.1447 0.1427 0.1430 0.1412 
          44  1 0.1424 0.1420 0.1440 0.1417 0.1417 0.1432 0.1450 
          45  1 0.1429 0.1419 0.1432 0.1423 0.1422 0.1425 0.1451 
          46  1 0.1426 0.1423 0.1446 0.1425 0.1431 0.1430 0.1419 
          47  1 0.1424 0.1424 0.1423 0.1431 0.1436 0.1426 0.1435 
          48  1 0.1428 0.1420 0.1428 0.1422 0.1423 0.1429 0.1449 
          49  1 0.1427 0.1423 0.1432 0.1429 0.1425 0.1431 0.1433 
          50  1 0.1429 0.1424 0.1432 0.1421 0.1418 0.1424 0.1450 
          51  1 0.1431 0.1426 0.1426 0.1420 0.1426 0.1426 0.1445 
          52  1 0.1427 0.1420 0.1436 0.1426 0.1422 0.1440 0.1429 
          53  1 0.1432 0.1426 0.1428 0.1443 0.1435 0.1421 0.1415 
          54  1 0.1428 0.1428 0.1429 0.1440 0.1427 0.1428 0.1418 
          55  1 0.1429 0.1430 0.1428 0.1425 0.1421 0.1431 0.1436 
          56  1 0.1429 0.1437 0.1431 0.1420 0.1427 0.1426 0.1431 
          57  1 0.1432 0.1425 0.1422 0.1427 0.1436 0.1431 0.1427 
          58  1 0.1428 0.1424 0.1431 0.1440 0.1432 0.1429 0.1417 
          59  1 0.1431 0.1428 0.1427 0.1423 0.1423 0.1428 0.1441 
          60  1 0.1428 0.1426 0.1420 0.1431 0.1432 0.1429 0.1435 
          61  1 0.1426 0.1429 0.1421 0.1437 0.1440 0.1429 0.1419 
          62  1 0.1420 0.1422 0.1432 0.1423 0.1438 0.1431 0.1435 
          63  1 0.1432 0.1430 0.1434 0.1422 0.1423 0.1427 0.1432 
          64  1 0.1430 0.1427 0.1425 0.1430 0.1421 0.1433 0.1433 
          65  1 0.1424 0.1437 0.1431 0.1427 0.1430 0.1425 0.1427 
          66  1 0.1427 0.1432 0.1422 0.1441 0.1428 0.1432 0.1419 
          67  1 0.1432 0.1431 0.1423 0.1424 0.1425 0.1429 0.1437 
          68  1 0.1428 0.1425 0.1430 0.1429 0.1428 0.1432 0.1427 
          69  1 0.1421 0.1438 0.1428 0.1434 0.1431 0.1423 0.1425 
          70  1 0.1428 0.1432 0.1428 0.1441 0.1427 0.1429 0.1415 
          71  1 0.1431 0.1423 0.1431 0.1430 0.1433 0.1423 0.1429 
          72  1 0.1426 0.1437 0.1428 0.1431 0.1440 0.1418 0.1420 
          73  1 0.1428 0.1435 0.1428 0.1434 0.1429 0.1428 0.1419 
          74  1 0.1428 0.1433 0.1429 0.1421 0.1425 0.1432 0.1432 
          75  1 0.1437 0.1422 0.1422 0.1418 0.1425 0.1438 0.1436 
          76  1 0.1439 0.1412 0.1431 0.1414 0.1426 0.1426 0.1452 
          77  1 0.1425 0.1431 0.1423 0.1446 0.1435 0.1427 0.1413 
          78  1 0.1430 0.1429 0.1429 0.1418 0.1427 0.1427 0.1439 
          79  1 0.1420 0.1425 0.1426 0.1445 0.1441 0.1424 0.1420 
          80  1 0.1429 0.1426 0.1422 0.1433 0.1439 0.1430 0.1421 
          81  1 0.1435 0.1431 0.1424 0.1423 0.1423 0.1431 0.1433 
          82  1 0.1427 0.1426 0.1438 0.1429 0.1446 0.1424 0.1409 
          83  1 0.1431 0.1431 0.1425 0.1431 0.1423 0.1432 0.1426 
          84  1 0.1424 0.1433 0.1440 0.1427 0.1428 0.1431 0.1417 
          85  1 0.1440 0.1427 0.1430 0.1436 0.1423 0.1428 0.1417 
          86  1 0.1426 0.1436 0.1431 0.1432 0.1435 0.1422 0.1418 
          87  1 0.1436 0.1424 0.1431 0.1417 0.1417 0.1435 0.1439 
          88  1 0.1422 0.1442 0.1428 0.1426 0.1434 0.1427 0.1422 
          89  1 0.1431 0.1423 0.1432 0.1426 0.1429 0.1430 0.1429 
          90  1 0.1426 0.1436 0.1422 0.1427 0.1434 0.1428 0.1427 
          91  1 0.1421 0.1428 0.1433 0.1417 0.1435 0.1425 0.1440 
          92  1 0.1428 0.1429 0.1428 0.1433 0.1431 0.1426 0.1424 
          93  1 0.1429 0.1430 0.1428 0.1435 0.1421 0.1431 0.1426 
          94  1 0.1426 0.1429 0.1424 0.1439 0.1438 0.1427 0.1416 
          95  1 0.1425 0.1424 0.1429 0.1438 0.1434 0.1433 0.1417 
          96  1 0.1423 0.1425 0.1429 0.1438 0.1447 0.1429 0.1409 
          97  1 0.1429 0.1427 0.1433 0.1435 0.1431 0.1427 0.1418 
          98  1 0.1434 0.1435 0.1427 0.1420 0.1427 0.1432 0.1426 
          99  1 0.1427 0.1429 0.1427 0.1441 0.1441 0.1422 0.1412 
         100  1 0.1433 0.1426 0.1426 0.1415 0.1421 0.1442 0.1437 
         101  1 0.1428 0.1422 0.1428 0.1435 0.1430 0.1426 0.1430 
         102  1 0.1423 0.1431 0.1429 0.1428 0.1436 0.1424 0.1428 
         103  1 0.1436 0.1423 0.1421 0.1421 0.1427 0.1434 0.1437 
         104  1 0.1426 0.1422 0.1432 0.1431 0.1424 0.1431 0.1433 
         105  1 0.1433 0.1430 0.1431 0.1422 0.1431 0.1432 0.1421 
         106  1 0.1433 0.1429 0.1422 0.1429 0.1430 0.1429 0.1429 
         107  1 0.1426 0.1437 0.1428 0.1437 0.1426 0.1425 0.1422 
         108  1 0.1428 0.1425 0.1427 0.1440 0.1431 0.1420 0.1430 
         109  1 0.1424 0.1429 0.1432 0.1433 0.1434 0.1425 0.1423 
         110  1 0.1429 0.1433 0.1424 0.1442 0.1434 0.1423 0.1416 
         111  1 0.1432 0.1422 0.1433 0.1429 0.1434 0.1421 0.1430 
         112  1 0.1430 0.1425 0.1431 0.1440 0.1428 0.1423 0.1423 
         113  1 0.1422 0.1434 0.1443 0.1423 0.1422 0.1430 0.1426 
         114  1 0.1429 0.1429 0.1433 0.1422 0.1428 0.1425 0.1434 
         115  1 0.1422 0.1431 0.1440 0.1426 0.1432 0.1428 0.1421 
         116  1 0.1429 0.1434 0.1433 0.1436 0.1423 0.1428 0.1417 
         117  1 0.1427 0.1422 0.1432 0.1434 0.1438 0.1423 0.1424 
         118  1 0.1429 0.1435 0.1424 0.1425 0.1430 0.1430 0.1427 
         119  1 0.1432 0.1421 0.1420 0.1418 0.1421 0.1423 0.1465 
         120  1 0.1430 0.1429 0.1430 0.1421 0.1436 0.1425 0.1430 
         121  1 0.1429 0.1429 0.1432 0.1431 0.1423 0.1430 0.1426 
         122  1 0.1434 0.1425 0.1424 0.1427 0.1428 0.1432 0.1430 
         123  1 0.1430 0.1424 0.1425 0.1426 0.1421 0.1421 0.1453 
         124  1 0.1431 0.1423 0.1427 0.1426 0.1432 0.1423 0.1438 
         125  1 0.1430 0.1421 0.1425 0.1428 0.1413 0.1433 0.1451 
         126  1 0.1432 0.1420 0.1424 0.1425 0.1436 0.1428 0.1437 
         127  1 0.1432 0.1428 0.1432 0.1426 0.1429 0.1427 0.1426 
         128  1 0.1436 0.1430 0.1427 0.1415 0.1421 0.1425 0.1446 
         129  1 0.1423 0.1430 0.1430 0.1423 0.1426 0.1435 0.1432 
         130  1 0.1423 0.1429 0.1427 0.1439 0.1438 0.1428 0.1415 
         131  1 0.1425 0.1431 0.1442 0.1423 0.1427 0.1428 0.1425 
         132  1 0.1424 0.1428 0.1431 0.1434 0.1434 0.1430 0.1419 
         133  1 0.1425 0.1429 0.1430 0.1430 0.1437 0.1426 0.1424 
         134  1 0.1426 0.1431 0.1433 0.1433 0.1429 0.1430 0.1417 
         135  1 0.1429 0.1442 0.1433 0.1423 0.1424 0.1427 0.1422 
         136  1 0.1432 0.1431 0.1425 0.1428 0.1429 0.1429 0.1425 
         137  1 0.1424 0.1428 0.1426 0.1431 0.1424 0.1428 0.1440 
         138  1 0.1430 0.1424 0.1431 0.1424 0.1431 0.1426 0.1433 
         139  1 0.1419 0.1418 0.1432 0.1442 0.1432 0.1426 0.1432 
         140  1 0.1430 0.1430 0.1426 0.1443 0.1433 0.1428 0.1409 
         141  1 0.1427 0.1429 0.1429 0.1434 0.1431 0.1428 0.1422 
         142  1 0.1431 0.1434 0.1428 0.1431 0.1428 0.1430 0.1418 
         143  1 0.1422 0.1433 0.1429 0.1441 0.1437 0.1429 0.1409 
         144  1 0.1420 0.1424 0.1436 0.1431 0.1434 0.1436 0.1419 
         145  1 0.1432 0.1429 0.1429 0.1420 0.1418 0.1425 0.1448 
         146  1 0.1424 0.1437 0.1427 0.1430 0.1434 0.1426 0.1422 
         147  1 0.1427 0.1427 0.1430 0.1421 0.1425 0.1434 0.1436 
         148  1 0.1423 0.1431 0.1437 0.1417 0.1418 0.1435 0.1438 
         149  1 0.1429 0.1435 0.1427 0.1443 0.1429 0.1423 0.1415 
         150  1 0.1438 0.1431 0.1431 0.1415 0.1418 0.1428 0.1439 
         151  1 0.1434 0.1425 0.1431 0.1428 0.1431 0.1428 0.1423 
         152  1 0.1430 0.1431 0.1428 0.1424 0.1427 0.1427 0.1433 
         153  1 0.1418 0.1436 0.1435 0.1446 0.1436 0.1421 0.1407 
         154  1 0.1433 0.1424 0.1434 0.1419 0.1423 0.1427 0.1441 
         155  1 0.1428 0.1434 0.1426 0.1430 0.1435 0.1424 0.1423 
         156  1 0.1420 0.1432 0.1430 0.1448 0.1432 0.1429 0.1410 
         157  1 0.1432 0.1428 0.1427 0.1423 0.1433 0.1429 0.1428 
         158  1 0.1430 0.1434 0.1426 0.1425 0.1423 0.1434 0.1428 
         159  1 0.1432 0.1433 0.1429 0.1423 0.1419 0.1429 0.1435 
         160  1 0.1420 0.1423 0.1430 0.1441 0.1433 0.1427 0.1425 
         161  1 0.1431 0.1426 0.1426 0.1442 0.1432 0.1427 0.1417 
         162  1 0.1429 0.1417 0.1427 0.1413 0.1417 0.1433 0.1463 
         163  1 0.1423 0.1430 0.1434 0.1429 0.1432 0.1430 0.1423 
         164  1 0.1424 0.1435 0.1431 0.1445 0.1431 0.1421 0.1413 
         165  1 0.1434 0.1430 0.1426 0.1427 0.1417 0.1430 0.1437 
         166  1 0.1425 0.1425 0.1427 0.1430 0.1425 0.1433 0.1435 
         167  1 0.1436 0.1417 0.1427 0.1422 0.1420 0.1431 0.1447 
         168  1 0.1427 0.1428 0.1430 0.1427 0.1423 0.1426 0.1439 
         169  1 0.1432 0.1428 0.1428 0.1418 0.1428 0.1429 0.1436 
         170  1 0.1435 0.1433 0.1434 0.1421 0.1424 0.1430 0.1423 
         171  1 0.1424 0.1420 0.1436 0.1443 0.1436 0.1428 0.1413 
         172  1 0.1433 0.1420 0.1424 0.1418 0.1416 0.1424 0.1465 
         173  1 0.1435 0.1423 0.1432 0.1417 0.1425 0.1423 0.1444 
         174  1 0.1421 0.1427 0.1447 0.1429 0.1432 0.1427 0.1417 
         175  1 0.1426 0.1437 0.1426 0.1421 0.1426 0.1432 0.1432 
         176  1 0.1433 0.1430 0.1430 0.1424 0.1429 0.1421 0.1433 
         177  1 0.1423 0.1430 0.1428 0.1441 0.1423 0.1435 0.1419 
         178  1 0.1432 0.1416 0.1425 0.1415 0.1430 0.1432 0.1451 
         179  1 0.1433 0.1426 0.1429 0.1419 0.1420 0.1426 0.1447 
         180  1 0.1434 0.1427 0.1416 0.1429 0.1428 0.1428 0.1438 
         181  1 0.1434 0.1426 0.1426 0.1423 0.1427 0.1430 0.1435 
         182  1 0.1429 0.1439 0.1422 0.1437 0.1434 0.1427 0.1412 
         183  1 0.1432 0.1434 0.1427 0.1432 0.1431 0.1430 0.1415 
