           1  1 0.1237 0.1278 0.1214 0.1283 0.1250 0.1239 0.1247 0.1251 
           2  1 0.1285 0.1227 0.1271 0.1216 0.1243 0.1283 0.1225 0.1250 
           3  1 0.1251 0.1266 0.1221 0.1286 0.1253 0.1230 0.1246 0.1246 
           4  1 0.1279 0.1228 0.1282 0.1211 0.1260 0.1269 0.1226 0.1244 
           5  1 0.1243 0.1262 0.1240 0.1283 0.1246 0.1232 0.1248 0.1247 
           6  1 0.1225 0.1263 0.1237 0.1313 0.1246 0.1237 0.1241 0.1237 
           7  1 0.1233 0.1269 0.1233 0.1262 0.1250 0.1230 0.1258 0.1265 
           8  1 0.1243 0.1244 0.1244 0.1298 0.1245 0.1226 0.1255 0.1246 
           9  1 0.1257 0.1221 0.1251 0.1231 0.1261 0.1266 0.1252 0.1262 
          10  1 0.1262 0.1237 0.1249 0.1250 0.1250 0.1263 0.1251 0.1238 
          11  1 0.1262 0.1240 0.1254 0.1230 0.1244 0.1262 0.1255 0.1252 
          12  1 0.1272 0.1235 0.1273 0.1204 0.1255 0.1269 0.1225 0.1268 
          13  1 0.1238 0.1246 0.1237 0.1265 0.1265 0.1224 0.1259 0.1266 
          14  1 0.1241 0.1263 0.1234 0.1314 0.1243 0.1233 0.1234 0.1239 
          15  1 0.1223 0.1263 0.1243 0.1260 0.1250 0.1232 0.1259 0.1270 
          16  1 0.1252 0.1257 0.1250 0.1200 0.1249 0.1260 0.1268 0.1265 
          17  1 0.1253 0.1240 0.1257 0.1215 0.1263 0.1260 0.1254 0.1258 
          18  1 0.1257 0.1231 0.1241 0.1272 0.1247 0.1251 0.1246 0.1255 
          19  1 0.1246 0.1264 0.1251 0.1244 0.1234 0.1263 0.1253 0.1244 
          20  1 0.1240 0.1265 0.1247 0.1265 0.1245 0.1232 0.1251 0.1256 
          21  1 0.1218 0.1265 0.1247 0.1287 0.1248 0.1231 0.1263 0.1242 
          22  1 0.1263 0.1232 0.1280 0.1232 0.1254 0.1267 0.1224 0.1247 
          23  1 0.1262 0.1257 0.1244 0.1245 0.1255 0.1250 0.1237 0.1249 
          24  1 0.1245 0.1269 0.1240 0.1219 0.1247 0.1258 0.1282 0.1241 
          25  1 0.1252 0.1242 0.1246 0.1279 0.1255 0.1230 0.1242 0.1254 
          26  1 0.1245 0.1247 0.1242 0.1305 0.1248 0.1222 0.1235 0.1256 
          27  1 0.1240 0.1246 0.1242 0.1225 0.1238 0.1238 0.1291 0.1278 
          28  1 0.1246 0.1253 0.1245 0.1263 0.1259 0.1240 0.1250 0.1245 
          29  1 0.1275 0.1221 0.1271 0.1209 0.1258 0.1285 0.1237 0.1244 
          30  1 0.1245 0.1239 0.1264 0.1249 0.1253 0.1255 0.1244 0.1252 
          31  1 0.1245 0.1253 0.1237 0.1250 0.1243 0.1233 0.1284 0.1253 
          32  1 0.1250 0.1240 0.1257 0.1231 0.1255 0.1247 0.1267 0.1253 
          33  1 0.1254 0.1233 0.1261 0.1231 0.1252 0.1273 0.1247 0.1249 
          34  1 0.1248 0.1251 0.1236 0.1227 0.1257 0.1250 0.1256 0.1276 
          35  1 0.1241 0.1270 0.1244 0.1244 0.1238 0.1239 0.1279 0.1246 
          36  1 0.1229 0.1257 0.1237 0.1266 0.1247 0.1236 0.1268 0.1261 
          37  1 0.1246 0.1260 0.1244 0.1260 0.1251 0.1237 0.1242 0.1260 
          38  1 0.1227 0.1258 0.1243 0.1292 0.1247 0.1242 0.1247 0.1244 
          39  1 0.1240 0.1255 0.1252 0.1264 0.1249 0.1254 0.1248 0.1239 
          40  1 0.1256 0.1239 0.1250 0.1253 0.1264 0.1250 0.1233 0.1255 
          41  1 0.1247 0.1260 0.1258 0.1220 0.1250 0.1246 0.1261 0.1258 
          42  1 0.1239 0.1282 0.1253 0.1252 0.1234 0.1218 0.1260 0.1262 
          43  1 0.1232 0.1264 0.1242 0.1265 0.1242 0.1238 0.1267 0.1249 
          44  1 0.1273 0.1241 0.1270 0.1211 0.1249 0.1277 0.1240 0.1239 
          45  1 0.1271 0.1245 0.1249 0.1214 0.1263 0.1260 0.1245 0.1252 
          46  1 0.1245 0.1253 0.1255 0.1262 0.1250 0.1232 0.1252 0.1251 
          47  1 0.1249 0.1248 0.1254 0.1222 0.1241 0.1264 0.1263 0.1257 
          48  1 0.1264 0.1255 0.1257 0.1208 0.1253 0.1282 0.1232 0.1249 
          49  1 0.1248 0.1248 0.1245 0.1235 0.1253 0.1253 0.1266 0.1252 
          50  1 0.1275 0.1222 0.1255 0.1220 0.1261 0.1273 0.1230 0.1264 
          51  1 0.1277 0.1233 0.1266 0.1226 0.1250 0.1290 0.1216 0.1241 
          52  1 0.1264 0.1248 0.1243 0.1241 0.1250 0.1251 0.1252 0.1251 
          53  1 0.1236 0.1249 0.1243 0.1268 0.1252 0.1243 0.1261 0.1247 
          54  1 0.1242 0.1252 0.1244 0.1268 0.1246 0.1234 0.1262 0.1251 
          55  1 0.1262 0.1257 0.1241 0.1222 0.1257 0.1249 0.1247 0.1265 
          56  1 0.1250 0.1253 0.1246 0.1238 0.1246 0.1267 0.1250 0.1248 
          57  1 0.1260 0.1260 0.1245 0.1242 0.1257 0.1248 0.1245 0.1243 
          58  1 0.1237 0.1254 0.1240 0.1262 0.1256 0.1226 0.1252 0.1273 
          59  1 0.1259 0.1249 0.1266 0.1219 0.1239 0.1270 0.1251 0.1247 
          60  1 0.1266 0.1242 0.1258 0.1221 0.1246 0.1255 0.1253 0.1260 
          61  1 0.1240 0.1253 0.1258 0.1262 0.1251 0.1241 0.1255 0.1241 
          62  1 0.1248 0.1241 0.1248 0.1232 0.1247 0.1264 0.1270 0.1249 
          63  1 0.1248 0.1238 0.1261 0.1247 0.1254 0.1265 0.1238 0.1249 
          64  1 0.1241 0.1258 0.1236 0.1270 0.1245 0.1245 0.1266 0.1241 
          65  1 0.1229 0.1280 0.1256 0.1256 0.1237 0.1250 0.1251 0.1241 
          66  1 0.1235 0.1263 0.1235 0.1272 0.1243 0.1244 0.1268 0.1241 
          67  1 0.1255 0.1260 0.1247 0.1241 0.1254 0.1250 0.1236 0.1256 
          68  1 0.1243 0.1250 0.1249 0.1245 0.1245 0.1246 0.1265 0.1257 
          69  1 0.1239 0.1251 0.1244 0.1288 0.1265 0.1234 0.1240 0.1239 
          70  1 0.1231 0.1252 0.1221 0.1270 0.1257 0.1246 0.1256 0.1267 
          71  1 0.1269 0.1240 0.1262 0.1257 0.1258 0.1241 0.1227 0.1245 
          72  1 0.1233 0.1277 0.1242 0.1254 0.1258 0.1247 0.1244 0.1245 
          73  1 0.1228 0.1266 0.1243 0.1281 0.1257 0.1238 0.1262 0.1225 
          74  1 0.1260 0.1226 0.1266 0.1259 0.1255 0.1255 0.1237 0.1243 
          75  1 0.1268 0.1236 0.1258 0.1225 0.1258 0.1258 0.1252 0.1246 
          76  1 0.1292 0.1217 0.1274 0.1196 0.1247 0.1287 0.1241 0.1246 
          77  1 0.1222 0.1265 0.1227 0.1276 0.1246 0.1224 0.1276 0.1265 
          78  1 0.1251 0.1249 0.1253 0.1225 0.1232 0.1279 0.1262 0.1249 
          79  1 0.1218 0.1267 0.1252 0.1279 0.1252 0.1219 0.1259 0.1254 
          80  1 0.1241 0.1257 0.1255 0.1252 0.1250 0.1229 0.1254 0.1263 
          81  1 0.1240 0.1266 0.1245 0.1222 0.1238 0.1264 0.1268 0.1258 
          82  1 0.1239 0.1257 0.1230 0.1288 0.1244 0.1240 0.1248 0.1255 
          83  1 0.1261 0.1252 0.1255 0.1249 0.1234 0.1253 0.1264 0.1232 
          84  1 0.1238 0.1253 0.1240 0.1275 0.1248 0.1239 0.1263 0.1243 
          85  1 0.1244 0.1232 0.1230 0.1265 0.1253 0.1248 0.1261 0.1268 
          86  1 0.1239 0.1251 0.1238 0.1287 0.1255 0.1232 0.1235 0.1264 
          87  1 0.1251 0.1253 0.1253 0.1249 0.1252 0.1251 0.1246 0.1245 
          88  1 0.1242 0.1270 0.1232 0.1262 0.1255 0.1234 0.1261 0.1244 
          89  1 0.1241 0.1271 0.1262 0.1244 0.1249 0.1245 0.1238 0.1251 
          90  1 0.1250 0.1246 0.1253 0.1255 0.1259 0.1258 0.1236 0.1242 
          91  1 0.1274 0.1242 0.1258 0.1231 0.1246 0.1256 0.1247 0.1247 
          92  1 0.1234 0.1253 0.1252 0.1284 0.1239 0.1241 0.1251 0.1247 
          93  1 0.1248 0.1238 0.1249 0.1236 0.1260 0.1260 0.1250 0.1260 
          94  1 0.1243 0.1255 0.1257 0.1281 0.1248 0.1240 0.1237 0.1239 
          95  1 0.1239 0.1268 0.1225 0.1276 0.1251 0.1225 0.1265 0.1251 
          96  1 0.1236 0.1265 0.1243 0.1276 0.1251 0.1227 0.1263 0.1238 
          97  1 0.1254 0.1268 0.1239 0.1267 0.1245 0.1242 0.1246 0.1240 
          98  1 0.1244 0.1260 0.1249 0.1234 0.1243 0.1250 0.1260 0.1259 
          99  1 0.1220 0.1281 0.1233 0.1286 0.1250 0.1226 0.1260 0.1244 
         100  1 0.1271 0.1240 0.1248 0.1230 0.1263 0.1257 0.1256 0.1235 
         101  1 0.1262 0.1239 0.1250 0.1242 0.1263 0.1246 0.1244 0.1254 
         102  1 0.1257 0.1244 0.1253 0.1247 0.1251 0.1254 0.1235 0.1259 
         103  1 0.1272 0.1249 0.1246 0.1229 0.1256 0.1256 0.1246 0.1246 
         104  1 0.1240 0.1256 0.1262 0.1226 0.1241 0.1251 0.1271 0.1253 
         105  1 0.1232 0.1270 0.1249 0.1267 0.1249 0.1231 0.1261 0.1242 
         106  1 0.1247 0.1256 0.1254 0.1237 0.1258 0.1256 0.1246 0.1245 
         107  1 0.1253 0.1250 0.1235 0.1286 0.1253 0.1255 0.1230 0.1238 
         108  1 0.1258 0.1227 0.1258 0.1263 0.1250 0.1250 0.1247 0.1247 
         109  1 0.1254 0.1219 0.1264 0.1269 0.1249 0.1257 0.1232 0.1255 
         110  1 0.1246 0.1248 0.1241 0.1292 0.1259 0.1228 0.1249 0.1238 
         111  1 0.1257 0.1228 0.1248 0.1266 0.1253 0.1253 0.1242 0.1253 
         112  1 0.1254 0.1235 0.1263 0.1254 0.1253 0.1256 0.1235 0.1250 
         113  1 0.1241 0.1286 0.1226 0.1268 0.1255 0.1232 0.1251 0.1242 
         114  1 0.1249 0.1248 0.1267 0.1229 0.1254 0.1248 0.1252 0.1253 
         115  1 0.1233 0.1262 0.1236 0.1280 0.1249 0.1233 0.1257 0.1249 
         116  1 0.1240 0.1262 0.1237 0.1266 0.1252 0.1237 0.1255 0.1251 
         117  1 0.1248 0.1269 0.1248 0.1253 0.1248 0.1226 0.1258 0.1250 
         118  1 0.1252 0.1244 0.1242 0.1247 0.1254 0.1238 0.1259 0.1266 
         119  1 0.1295 0.1214 0.1286 0.1193 0.1254 0.1289 0.1234 0.1236 
         120  1 0.1258 0.1236 0.1258 0.1242 0.1261 0.1252 0.1248 0.1245 
         121  1 0.1231 0.1238 0.1236 0.1249 0.1257 0.1247 0.1266 0.1277 
         122  1 0.1254 0.1245 0.1239 0.1251 0.1254 0.1255 0.1257 0.1245 
         123  1 0.1276 0.1221 0.1269 0.1229 0.1251 0.1280 0.1227 0.1248 
         124  1 0.1264 0.1228 0.1275 0.1219 0.1252 0.1250 0.1253 0.1259 
         125  1 0.1269 0.1242 0.1251 0.1219 0.1242 0.1270 0.1254 0.1251 
         126  1 0.1271 0.1243 0.1272 0.1224 0.1252 0.1254 0.1234 0.1248 
         127  1 0.1259 0.1256 0.1250 0.1246 0.1241 0.1252 0.1233 0.1263 
         128  1 0.1275 0.1249 0.1259 0.1229 0.1251 0.1254 0.1236 0.1248 
         129  1 0.1258 0.1256 0.1240 0.1250 0.1250 0.1248 0.1249 0.1250 
         130  1 0.1228 0.1269 0.1246 0.1276 0.1247 0.1235 0.1245 0.1254 
         131  1 0.1238 0.1264 0.1246 0.1255 0.1260 0.1245 0.1244 0.1248 
         132  1 0.1241 0.1271 0.1233 0.1270 0.1243 0.1252 0.1257 0.1233 
         133  1 0.1245 0.1238 0.1254 0.1258 0.1268 0.1241 0.1241 0.1255 
         134  1 0.1261 0.1266 0.1252 0.1241 0.1247 0.1231 0.1257 0.1243 
         135  1 0.1243 0.1272 0.1242 0.1254 0.1252 0.1235 0.1250 0.1251 
         136  1 0.1263 0.1248 0.1249 0.1227 0.1263 0.1245 0.1245 0.1260 
         137  1 0.1262 0.1241 0.1263 0.1227 0.1248 0.1266 0.1256 0.1237 
         138  1 0.1246 0.1233 0.1271 0.1257 0.1257 0.1270 0.1216 0.1250 
         139  1 0.1243 0.1269 0.1242 0.1249 0.1254 0.1253 0.1258 0.1233 
         140  1 0.1230 0.1273 0.1237 0.1289 0.1243 0.1229 0.1246 0.1252 
         141  1 0.1244 0.1265 0.1239 0.1261 0.1267 0.1232 0.1262 0.1231 
         142  1 0.1228 0.1283 0.1225 0.1277 0.1261 0.1229 0.1254 0.1242 
         143  1 0.1227 0.1263 0.1232 0.1276 0.1257 0.1239 0.1255 0.1251 
         144  1 0.1250 0.1279 0.1244 0.1246 0.1230 0.1240 0.1276 0.1235 
         145  1 0.1257 0.1224 0.1267 0.1233 0.1245 0.1280 0.1259 0.1235 
         146  1 0.1244 0.1258 0.1256 0.1275 0.1245 0.1251 0.1227 0.1244 
         147  1 0.1264 0.1239 0.1262 0.1236 0.1244 0.1267 0.1244 0.1244 
         148  1 0.1261 0.1251 0.1239 0.1235 0.1251 0.1262 0.1254 0.1246 
         149  1 0.1236 0.1276 0.1232 0.1314 0.1236 0.1230 0.1240 0.1236 
         150  1 0.1258 0.1255 0.1244 0.1242 0.1244 0.1257 0.1249 0.1252 
         151  1 0.1255 0.1236 0.1243 0.1261 0.1250 0.1248 0.1254 0.1252 
         152  1 0.1254 0.1251 0.1241 0.1249 0.1243 0.1265 0.1249 0.1247 
         153  1 0.1235 0.1262 0.1230 0.1291 0.1255 0.1220 0.1256 0.1251 
         154  1 0.1263 0.1241 0.1260 0.1234 0.1251 0.1259 0.1246 0.1246 
         155  1 0.1265 0.1233 0.1274 0.1234 0.1250 0.1239 0.1245 0.1260 
         156  1 0.1223 0.1279 0.1246 0.1267 0.1246 0.1220 0.1266 0.1254 
         157  1 0.1247 0.1235 0.1256 0.1252 0.1252 0.1256 0.1243 0.1259 
         158  1 0.1273 0.1238 0.1244 0.1242 0.1250 0.1265 0.1244 0.1243 
         159  1 0.1252 0.1236 0.1255 0.1265 0.1252 0.1257 0.1246 0.1238 
         160  1 0.1245 0.1255 0.1257 0.1256 0.1245 0.1232 0.1256 0.1255 
         161  1 0.1222 0.1272 0.1226 0.1260 0.1247 0.1240 0.1267 0.1266 
         162  1 0.1281 0.1226 0.1271 0.1196 0.1250 0.1288 0.1233 0.1255 
         163  1 0.1217 0.1267 0.1244 0.1251 0.1247 0.1233 0.1273 0.1268 
         164  1 0.1232 0.1260 0.1249 0.1284 0.1250 0.1223 0.1253 0.1249 
         165  1 0.1258 0.1243 0.1265 0.1223 0.1238 0.1257 0.1264 0.1251 
         166  1 0.1234 0.1236 0.1248 0.1238 0.1242 0.1243 0.1277 0.1282 
         167  1 0.1275 0.1232 0.1260 0.1213 0.1262 0.1273 0.1238 0.1248 
         168  1 0.1269 0.1235 0.1258 0.1236 0.1233 0.1270 0.1253 0.1246 
         169  1 0.1265 0.1241 0.1252 0.1229 0.1263 0.1259 0.1244 0.1247 
         170  1 0.1248 0.1257 0.1232 0.1284 0.1229 0.1257 0.1253 0.1240 
         171  1 0.1227 0.1275 0.1230 0.1284 0.1246 0.1222 0.1261 0.1255 
         172  1 0.1257 0.1226 0.1261 0.1227 0.1253 0.1291 0.1238 0.1248 
         173  1 0.1275 0.1220 0.1266 0.1242 0.1255 0.1257 0.1236 0.1249 
         174  1 0.1239 0.1271 0.1235 0.1274 0.1235 0.1239 0.1255 0.1253 
         175  1 0.1255 0.1246 0.1264 0.1246 0.1247 0.1250 0.1242 0.1249 
         176  1 0.1250 0.1265 0.1254 0.1213 0.1252 0.1256 0.1253 0.1256 
         177  1 0.1247 0.1268 0.1242 0.1259 0.1259 0.1228 0.1256 0.1241 
         178  1 0.1277 0.1222 0.1274 0.1216 0.1266 0.1278 0.1240 0.1227 
         179  1 0.1272 0.1220 0.1261 0.1217 0.1259 0.1281 0.1233 0.1258 
         180  1 0.1270 0.1225 0.1259 0.1242 0.1269 0.1276 0.1219 0.1239 
         181  1 0.1272 0.1238 0.1265 0.1220 0.1258 0.1275 0.1232 0.1241 
         182  1 0.1251 0.1248 0.1230 0.1307 0.1254 0.1244 0.1225 0.1240 
         183  1 0.1244 0.1247 0.1238 0.1273 0.1274 0.1227 0.1240 0.1258 
