           1  1 0.1391 0.1474 0.1437 0.1428 0.1428 0.1408 0.1434 
           2  1 0.1448 0.1406 0.1430 0.1426 0.1424 0.1441 0.1424 
           3  1 0.1387 0.1455 0.1451 0.1420 0.1431 0.1412 0.1444 
           4  1 0.1461 0.1395 0.1417 0.1442 0.1418 0.1443 0.1424 
           5  1 0.1415 0.1429 0.1433 0.1414 0.1441 0.1421 0.1447 
           6  1 0.1398 0.1435 0.1412 0.1410 0.1436 0.1411 0.1498 
           7  1 0.1416 0.1454 0.1426 0.1416 0.1441 0.1421 0.1427 
           8  1 0.1426 0.1438 0.1431 0.1411 0.1431 0.1441 0.1423 
           9  1 0.1450 0.1435 0.1420 0.1419 0.1423 0.1435 0.1417 
          10  1 0.1444 0.1423 0.1427 0.1420 0.1420 0.1429 0.1438 
          11  1 0.1446 0.1429 0.1414 0.1445 0.1406 0.1436 0.1425 
          12  1 0.1451 0.1387 0.1424 0.1436 0.1432 0.1459 0.1410 
          13  1 0.1419 0.1457 0.1407 0.1409 0.1434 0.1431 0.1444 
          14  1 0.1403 0.1443 0.1418 0.1416 0.1429 0.1414 0.1477 
          15  1 0.1423 0.1459 0.1432 0.1412 0.1432 0.1421 0.1422 
          16  1 0.1441 0.1414 0.1421 0.1439 0.1423 0.1439 0.1424 
          17  1 0.1456 0.1404 0.1419 0.1444 0.1423 0.1433 0.1420 
          18  1 0.1420 0.1437 0.1420 0.1419 0.1417 0.1449 0.1437 
          19  1 0.1428 0.1424 0.1437 0.1436 0.1422 0.1424 0.1429 
          20  1 0.1402 0.1454 0.1452 0.1396 0.1463 0.1418 0.1415 
          21  1 0.1403 0.1432 0.1449 0.1412 0.1433 0.1416 0.1455 
          22  1 0.1452 0.1391 0.1411 0.1447 0.1431 0.1432 0.1436 
          23  1 0.1429 0.1449 0.1430 0.1425 0.1423 0.1430 0.1413 
          24  1 0.1442 0.1437 0.1410 0.1445 0.1421 0.1434 0.1411 
          25  1 0.1421 0.1431 0.1423 0.1406 0.1441 0.1427 0.1451 
          26  1 0.1422 0.1432 0.1431 0.1413 0.1446 0.1422 0.1435 
          27  1 0.1436 0.1466 0.1397 0.1436 0.1410 0.1439 0.1416 
          28  1 0.1416 0.1420 0.1432 0.1405 0.1438 0.1435 0.1455 
          29  1 0.1471 0.1389 0.1429 0.1457 0.1420 0.1424 0.1411 
          30  1 0.1445 0.1415 0.1415 0.1429 0.1446 0.1418 0.1432 
          31  1 0.1421 0.1455 0.1414 0.1432 0.1431 0.1421 0.1425 
          32  1 0.1446 0.1406 0.1411 0.1451 0.1437 0.1424 0.1426 
          33  1 0.1456 0.1418 0.1427 0.1443 0.1422 0.1420 0.1414 
          34  1 0.1451 0.1416 0.1416 0.1428 0.1419 0.1448 0.1421 
          35  1 0.1411 0.1444 0.1428 0.1433 0.1430 0.1437 0.1418 
          36  1 0.1403 0.1463 0.1439 0.1414 0.1435 0.1427 0.1418 
          37  1 0.1413 0.1439 0.1441 0.1405 0.1445 0.1420 0.1436 
          38  1 0.1429 0.1431 0.1415 0.1406 0.1434 0.1434 0.1451 
          39  1 0.1435 0.1424 0.1432 0.1444 0.1426 0.1414 0.1425 
          40  1 0.1442 0.1425 0.1441 0.1412 0.1435 0.1425 0.1420 
          41  1 0.1433 0.1404 0.1429 0.1434 0.1438 0.1444 0.1418 
          42  1 0.1418 0.1444 0.1426 0.1418 0.1448 0.1427 0.1420 
          43  1 0.1416 0.1435 0.1437 0.1411 0.1444 0.1407 0.1450 
          44  1 0.1463 0.1403 0.1436 0.1458 0.1413 0.1422 0.1405 
          45  1 0.1445 0.1390 0.1416 0.1435 0.1441 0.1444 0.1429 
          46  1 0.1425 0.1444 0.1423 0.1410 0.1415 0.1454 0.1429 
          47  1 0.1442 0.1420 0.1446 0.1427 0.1430 0.1428 0.1407 
          48  1 0.1443 0.1404 0.1437 0.1453 0.1432 0.1422 0.1409 
          49  1 0.1435 0.1421 0.1431 0.1430 0.1422 0.1438 0.1423 
          50  1 0.1453 0.1409 0.1414 0.1453 0.1422 0.1423 0.1427 
          51  1 0.1453 0.1411 0.1429 0.1431 0.1419 0.1422 0.1435 
          52  1 0.1447 0.1426 0.1410 0.1436 0.1420 0.1447 0.1413 
          53  1 0.1415 0.1440 0.1448 0.1423 0.1440 0.1406 0.1429 
          54  1 0.1412 0.1439 0.1440 0.1425 0.1436 0.1408 0.1440 
          55  1 0.1447 0.1426 0.1422 0.1454 0.1414 0.1429 0.1408 
          56  1 0.1425 0.1434 0.1473 0.1428 0.1409 0.1417 0.1414 
          57  1 0.1408 0.1444 0.1451 0.1425 0.1414 0.1438 0.1419 
          58  1 0.1401 0.1443 0.1439 0.1407 0.1459 0.1427 0.1424 
          59  1 0.1433 0.1414 0.1431 0.1446 0.1415 0.1438 0.1423 
          60  1 0.1442 0.1422 0.1433 0.1424 0.1438 0.1433 0.1407 
          61  1 0.1431 0.1450 0.1443 0.1426 0.1427 0.1414 0.1409 
          62  1 0.1446 0.1429 0.1438 0.1433 0.1444 0.1400 0.1409 
          63  1 0.1434 0.1422 0.1425 0.1435 0.1425 0.1435 0.1425 
          64  1 0.1431 0.1427 0.1401 0.1434 0.1429 0.1437 0.1441 
          65  1 0.1418 0.1435 0.1440 0.1430 0.1426 0.1415 0.1437 
          66  1 0.1410 0.1448 0.1446 0.1415 0.1439 0.1405 0.1436 
          67  1 0.1419 0.1452 0.1446 0.1436 0.1407 0.1418 0.1422 
          68  1 0.1428 0.1432 0.1431 0.1427 0.1431 0.1437 0.1413 
          69  1 0.1425 0.1447 0.1439 0.1417 0.1428 0.1418 0.1427 
          70  1 0.1408 0.1452 0.1421 0.1415 0.1436 0.1429 0.1439 
          71  1 0.1436 0.1408 0.1424 0.1420 0.1436 0.1420 0.1455 
          72  1 0.1407 0.1419 0.1440 0.1420 0.1455 0.1437 0.1421 
          73  1 0.1402 0.1452 0.1415 0.1419 0.1433 0.1425 0.1455 
          74  1 0.1434 0.1424 0.1419 0.1442 0.1420 0.1426 0.1436 
          75  1 0.1434 0.1426 0.1433 0.1439 0.1405 0.1449 0.1415 
          76  1 0.1462 0.1395 0.1427 0.1438 0.1410 0.1434 0.1434 
          77  1 0.1397 0.1479 0.1428 0.1413 0.1442 0.1405 0.1435 
          78  1 0.1447 0.1402 0.1427 0.1444 0.1421 0.1416 0.1443 
          79  1 0.1398 0.1447 0.1446 0.1419 0.1454 0.1423 0.1412 
          80  1 0.1415 0.1435 0.1460 0.1403 0.1454 0.1433 0.1399 
          81  1 0.1438 0.1421 0.1406 0.1432 0.1433 0.1444 0.1427 
          82  1 0.1413 0.1447 0.1443 0.1421 0.1432 0.1432 0.1411 
          83  1 0.1425 0.1427 0.1414 0.1436 0.1433 0.1426 0.1439 
          84  1 0.1416 0.1442 0.1409 0.1436 0.1429 0.1415 0.1453 
          85  1 0.1419 0.1444 0.1412 0.1418 0.1429 0.1443 0.1435 
          86  1 0.1418 0.1439 0.1429 0.1407 0.1434 0.1430 0.1443 
          87  1 0.1448 0.1422 0.1418 0.1450 0.1401 0.1430 0.1430 
          88  1 0.1399 0.1450 0.1438 0.1421 0.1432 0.1429 0.1431 
          89  1 0.1428 0.1423 0.1440 0.1412 0.1451 0.1441 0.1406 
          90  1 0.1445 0.1431 0.1435 0.1421 0.1433 0.1414 0.1421 
          91  1 0.1452 0.1391 0.1421 0.1456 0.1419 0.1436 0.1424 
          92  1 0.1405 0.1445 0.1422 0.1418 0.1424 0.1418 0.1468 
          93  1 0.1438 0.1432 0.1418 0.1417 0.1434 0.1439 0.1422 
          94  1 0.1403 0.1449 0.1436 0.1414 0.1442 0.1431 0.1426 
          95  1 0.1391 0.1465 0.1466 0.1409 0.1430 0.1425 0.1414 
          96  1 0.1393 0.1478 0.1445 0.1405 0.1434 0.1419 0.1426 
          97  1 0.1413 0.1455 0.1451 0.1420 0.1434 0.1413 0.1414 
          98  1 0.1424 0.1428 0.1418 0.1430 0.1442 0.1438 0.1420 
          99  1 0.1396 0.1472 0.1471 0.1410 0.1443 0.1396 0.1413 
         100  1 0.1440 0.1427 0.1427 0.1429 0.1407 0.1448 0.1422 
         101  1 0.1441 0.1411 0.1439 0.1416 0.1422 0.1441 0.1430 
         102  1 0.1422 0.1435 0.1449 0.1403 0.1437 0.1428 0.1427 
         103  1 0.1440 0.1427 0.1419 0.1425 0.1421 0.1430 0.1439 
         104  1 0.1432 0.1421 0.1404 0.1454 0.1420 0.1435 0.1434 
         105  1 0.1406 0.1456 0.1438 0.1424 0.1433 0.1428 0.1414 
         106  1 0.1427 0.1437 0.1444 0.1429 0.1422 0.1425 0.1417 
         107  1 0.1428 0.1442 0.1426 0.1418 0.1417 0.1405 0.1465 
         108  1 0.1447 0.1439 0.1437 0.1403 0.1417 0.1423 0.1434 
         109  1 0.1438 0.1418 0.1432 0.1417 0.1434 0.1434 0.1427 
         110  1 0.1428 0.1417 0.1415 0.1419 0.1438 0.1436 0.1446 
         111  1 0.1439 0.1427 0.1431 0.1427 0.1415 0.1420 0.1442 
         112  1 0.1428 0.1419 0.1436 0.1431 0.1430 0.1418 0.1438 
         113  1 0.1405 0.1467 0.1430 0.1437 0.1415 0.1428 0.1419 
         114  1 0.1450 0.1416 0.1425 0.1429 0.1430 0.1439 0.1412 
         115  1 0.1414 0.1435 0.1418 0.1422 0.1429 0.1432 0.1450 
         116  1 0.1410 0.1445 0.1436 0.1426 0.1439 0.1419 0.1425 
         117  1 0.1428 0.1435 0.1433 0.1410 0.1439 0.1432 0.1424 
         118  1 0.1431 0.1436 0.1430 0.1429 0.1424 0.1431 0.1419 
         119  1 0.1496 0.1386 0.1433 0.1441 0.1417 0.1424 0.1404 
         120  1 0.1439 0.1418 0.1417 0.1438 0.1413 0.1453 0.1422 
         121  1 0.1420 0.1450 0.1410 0.1423 0.1423 0.1437 0.1436 
         122  1 0.1445 0.1416 0.1432 0.1418 0.1419 0.1425 0.1444 
         123  1 0.1467 0.1392 0.1423 0.1431 0.1421 0.1443 0.1423 
         124  1 0.1438 0.1412 0.1428 0.1448 0.1436 0.1424 0.1415 
         125  1 0.1448 0.1435 0.1422 0.1459 0.1398 0.1436 0.1401 
         126  1 0.1439 0.1417 0.1448 0.1435 0.1434 0.1431 0.1395 
         127  1 0.1430 0.1436 0.1424 0.1419 0.1431 0.1432 0.1428 
         128  1 0.1439 0.1413 0.1434 0.1451 0.1402 0.1429 0.1432 
         129  1 0.1433 0.1417 0.1411 0.1435 0.1436 0.1424 0.1444 
         130  1 0.1437 0.1437 0.1430 0.1416 0.1430 0.1410 0.1440 
         131  1 0.1410 0.1433 0.1423 0.1439 0.1428 0.1428 0.1439 
         132  1 0.1400 0.1454 0.1443 0.1411 0.1439 0.1414 0.1439 
         133  1 0.1457 0.1413 0.1409 0.1442 0.1426 0.1422 0.1430 
         134  1 0.1416 0.1427 0.1441 0.1421 0.1445 0.1440 0.1409 
         135  1 0.1414 0.1429 0.1427 0.1429 0.1438 0.1412 0.1452 
         136  1 0.1424 0.1432 0.1427 0.1417 0.1434 0.1436 0.1431 
         137  1 0.1446 0.1422 0.1448 0.1440 0.1412 0.1418 0.1414 
         138  1 0.1451 0.1395 0.1435 0.1432 0.1434 0.1427 0.1427 
         139  1 0.1422 0.1427 0.1449 0.1440 0.1435 0.1425 0.1403 
         140  1 0.1409 0.1440 0.1441 0.1400 0.1426 0.1428 0.1455 
         141  1 0.1415 0.1450 0.1421 0.1415 0.1430 0.1428 0.1442 
         142  1 0.1397 0.1455 0.1454 0.1415 0.1434 0.1415 0.1431 
         143  1 0.1410 0.1463 0.1427 0.1416 0.1432 0.1421 0.1430 
         144  1 0.1425 0.1433 0.1424 0.1423 0.1420 0.1441 0.1434 
         145  1 0.1449 0.1420 0.1405 0.1439 0.1406 0.1444 0.1438 
         146  1 0.1438 0.1429 0.1425 0.1423 0.1432 0.1410 0.1442 
         147  1 0.1451 0.1402 0.1417 0.1437 0.1431 0.1428 0.1434 
         148  1 0.1445 0.1444 0.1404 0.1453 0.1415 0.1442 0.1397 
         149  1 0.1403 0.1426 0.1432 0.1402 0.1437 0.1408 0.1491 
         150  1 0.1424 0.1426 0.1435 0.1438 0.1415 0.1431 0.1431 
         151  1 0.1413 0.1430 0.1423 0.1426 0.1439 0.1439 0.1430 
         152  1 0.1446 0.1407 0.1420 0.1430 0.1427 0.1450 0.1420 
         153  1 0.1404 0.1440 0.1423 0.1410 0.1443 0.1423 0.1457 
         154  1 0.1457 0.1397 0.1417 0.1455 0.1425 0.1437 0.1413 
         155  1 0.1423 0.1423 0.1448 0.1417 0.1454 0.1424 0.1412 
         156  1 0.1400 0.1460 0.1437 0.1421 0.1435 0.1412 0.1436 
         157  1 0.1424 0.1440 0.1416 0.1418 0.1421 0.1454 0.1426 
         158  1 0.1435 0.1434 0.1426 0.1433 0.1429 0.1417 0.1427 
         159  1 0.1419 0.1439 0.1420 0.1424 0.1403 0.1429 0.1466 
         160  1 0.1434 0.1424 0.1438 0.1419 0.1450 0.1410 0.1426 
         161  1 0.1414 0.1458 0.1422 0.1410 0.1433 0.1429 0.1434 
         162  1 0.1477 0.1386 0.1422 0.1441 0.1427 0.1428 0.1418 
         163  1 0.1408 0.1468 0.1414 0.1424 0.1428 0.1422 0.1436 
         164  1 0.1410 0.1445 0.1421 0.1414 0.1435 0.1427 0.1448 
         165  1 0.1426 0.1413 0.1430 0.1441 0.1430 0.1429 0.1432 
         166  1 0.1451 0.1430 0.1409 0.1433 0.1423 0.1434 0.1420 
         167  1 0.1464 0.1398 0.1422 0.1444 0.1420 0.1436 0.1417 
         168  1 0.1439 0.1421 0.1405 0.1440 0.1421 0.1448 0.1426 
         169  1 0.1452 0.1393 0.1424 0.1438 0.1430 0.1443 0.1420 
         170  1 0.1407 0.1448 0.1434 0.1435 0.1405 0.1412 0.1459 
         171  1 0.1401 0.1431 0.1435 0.1410 0.1457 0.1434 0.1432 
         172  1 0.1458 0.1397 0.1455 0.1469 0.1409 0.1415 0.1397 
         173  1 0.1441 0.1402 0.1432 0.1447 0.1417 0.1427 0.1434 
         174  1 0.1424 0.1449 0.1413 0.1423 0.1418 0.1432 0.1442 
         175  1 0.1437 0.1418 0.1423 0.1429 0.1437 0.1432 0.1424 
         176  1 0.1425 0.1417 0.1424 0.1446 0.1418 0.1431 0.1439 
         177  1 0.1425 0.1427 0.1430 0.1414 0.1444 0.1424 0.1436 
         178  1 0.1453 0.1397 0.1423 0.1448 0.1424 0.1432 0.1422 
         179  1 0.1457 0.1405 0.1421 0.1449 0.1417 0.1438 0.1413 
         180  1 0.1456 0.1392 0.1436 0.1434 0.1430 0.1422 0.1430 
         181  1 0.1456 0.1413 0.1436 0.1429 0.1415 0.1447 0.1404 
         182  1 0.1422 0.1435 0.1433 0.1400 0.1440 0.1415 0.1455 
         183  1 0.1406 0.1438 0.1424 0.1396 0.1441 0.1435 0.1460 
