           1  1 0.2503 0.2465 0.2523 0.2509 
           2  1 0.2471 0.2563 0.2467 0.2498 
           3  1 0.2517 0.2454 0.2537 0.2492 
           4  1 0.2462 0.2578 0.2467 0.2493 
           5  1 0.2535 0.2452 0.2515 0.2498 
           6  1 0.2543 0.2431 0.2528 0.2498 
           7  1 0.2534 0.2455 0.2510 0.2501 
           8  1 0.2538 0.2463 0.2491 0.2508 
           9  1 0.2474 0.2549 0.2464 0.2513 
          10  1 0.2470 0.2540 0.2493 0.2497 
          11  1 0.2447 0.2554 0.2499 0.2499 
          12  1 0.2457 0.2585 0.2465 0.2493 
          13  1 0.2526 0.2465 0.2503 0.2506 
          14  1 0.2523 0.2448 0.2525 0.2504 
          15  1 0.2530 0.2444 0.2514 0.2513 
          16  1 0.2468 0.2550 0.2493 0.2489 
          17  1 0.2473 0.2539 0.2484 0.2504 
          18  1 0.2509 0.2501 0.2499 0.2491 
          19  1 0.2492 0.2531 0.2482 0.2496 
          20  1 0.2534 0.2469 0.2509 0.2488 
          21  1 0.2563 0.2422 0.2532 0.2483 
          22  1 0.2474 0.2554 0.2489 0.2482 
          23  1 0.2477 0.2509 0.2488 0.2527 
          24  1 0.2483 0.2514 0.2500 0.2503 
          25  1 0.2534 0.2454 0.2511 0.2501 
          26  1 0.2527 0.2446 0.2515 0.2512 
          27  1 0.2461 0.2536 0.2478 0.2525 
          28  1 0.2522 0.2481 0.2506 0.2492 
          29  1 0.2470 0.2557 0.2478 0.2495 
          30  1 0.2505 0.2510 0.2496 0.2488 
          31  1 0.2490 0.2496 0.2498 0.2516 
          32  1 0.2497 0.2498 0.2499 0.2506 
          33  1 0.2481 0.2541 0.2480 0.2498 
          34  1 0.2481 0.2525 0.2488 0.2505 
          35  1 0.2509 0.2497 0.2495 0.2499 
          36  1 0.2535 0.2451 0.2511 0.2502 
          37  1 0.2531 0.2457 0.2515 0.2497 
          38  1 0.2521 0.2459 0.2507 0.2514 
          39  1 0.2479 0.2507 0.2504 0.2510 
          40  1 0.2526 0.2488 0.2502 0.2485 
          41  1 0.2475 0.2528 0.2495 0.2502 
          42  1 0.2517 0.2464 0.2507 0.2511 
          43  1 0.2553 0.2440 0.2515 0.2492 
          44  1 0.2455 0.2576 0.2468 0.2501 
          45  1 0.2476 0.2557 0.2475 0.2492 
          46  1 0.2509 0.2486 0.2493 0.2512 
          47  1 0.2511 0.2507 0.2492 0.2490 
          48  1 0.2472 0.2564 0.2472 0.2493 
          49  1 0.2492 0.2506 0.2504 0.2498 
          50  1 0.2476 0.2547 0.2484 0.2493 
          51  1 0.2489 0.2543 0.2480 0.2487 
          52  1 0.2469 0.2522 0.2493 0.2516 
          53  1 0.2550 0.2448 0.2525 0.2478 
          54  1 0.2518 0.2463 0.2517 0.2502 
          55  1 0.2471 0.2524 0.2486 0.2519 
          56  1 0.2490 0.2525 0.2485 0.2501 
          57  1 0.2507 0.2488 0.2493 0.2512 
          58  1 0.2528 0.2479 0.2506 0.2487 
          59  1 0.2465 0.2534 0.2487 0.2514 
          60  1 0.2480 0.2527 0.2491 0.2501 
          61  1 0.2517 0.2465 0.2509 0.2509 
          62  1 0.2514 0.2519 0.2478 0.2489 
          63  1 0.2466 0.2536 0.2493 0.2505 
          64  1 0.2487 0.2507 0.2509 0.2497 
          65  1 0.2483 0.2491 0.2520 0.2506 
          66  1 0.2534 0.2448 0.2522 0.2497 
          67  1 0.2485 0.2518 0.2497 0.2500 
          68  1 0.2505 0.2511 0.2496 0.2487 
          69  1 0.2521 0.2444 0.2531 0.2503 
          70  1 0.2535 0.2458 0.2512 0.2494 
          71  1 0.2500 0.2498 0.2508 0.2494 
          72  1 0.2541 0.2443 0.2515 0.2501 
          73  1 0.2526 0.2464 0.2519 0.2491 
          74  1 0.2483 0.2519 0.2499 0.2499 
          75  1 0.2453 0.2532 0.2500 0.2514 
          76  1 0.2456 0.2606 0.2450 0.2488 
          77  1 0.2561 0.2428 0.2520 0.2491 
          78  1 0.2475 0.2543 0.2494 0.2488 
          79  1 0.2564 0.2425 0.2529 0.2482 
          80  1 0.2540 0.2466 0.2500 0.2495 
          81  1 0.2499 0.2511 0.2501 0.2490 
          82  1 0.2539 0.2460 0.2498 0.2503 
          83  1 0.2496 0.2500 0.2505 0.2500 
          84  1 0.2513 0.2470 0.2511 0.2506 
          85  1 0.2507 0.2503 0.2501 0.2490 
          86  1 0.2531 0.2459 0.2504 0.2507 
          87  1 0.2452 0.2540 0.2501 0.2507 
          88  1 0.2526 0.2464 0.2506 0.2504 
          89  1 0.2500 0.2493 0.2498 0.2508 
          90  1 0.2511 0.2478 0.2510 0.2502 
          91  1 0.2486 0.2535 0.2476 0.2504 
          92  1 0.2526 0.2456 0.2534 0.2484 
          93  1 0.2504 0.2489 0.2502 0.2505 
          94  1 0.2536 0.2450 0.2510 0.2503 
          95  1 0.2550 0.2444 0.2522 0.2484 
          96  1 0.2570 0.2436 0.2513 0.2482 
          97  1 0.2512 0.2473 0.2513 0.2502 
          98  1 0.2494 0.2527 0.2479 0.2500 
          99  1 0.2571 0.2406 0.2539 0.2484 
         100  1 0.2462 0.2552 0.2471 0.2516 
         101  1 0.2509 0.2489 0.2515 0.2487 
         102  1 0.2513 0.2494 0.2502 0.2491 
         103  1 0.2475 0.2534 0.2493 0.2498 
         104  1 0.2486 0.2514 0.2497 0.2503 
         105  1 0.2523 0.2477 0.2492 0.2508 
         106  1 0.2502 0.2486 0.2504 0.2509 
         107  1 0.2515 0.2472 0.2519 0.2495 
         108  1 0.2489 0.2514 0.2494 0.2503 
         109  1 0.2505 0.2508 0.2487 0.2500 
         110  1 0.2529 0.2460 0.2521 0.2489 
         111  1 0.2490 0.2509 0.2488 0.2514 
         112  1 0.2509 0.2502 0.2493 0.2495 
         113  1 0.2467 0.2494 0.2502 0.2538 
         114  1 0.2457 0.2532 0.2493 0.2519 
         115  1 0.2510 0.2470 0.2503 0.2517 
         116  1 0.2538 0.2438 0.2526 0.2498 
         117  1 0.2515 0.2470 0.2516 0.2498 
         118  1 0.2512 0.2492 0.2493 0.2502 
         119  1 0.2473 0.2573 0.2472 0.2481 
         120  1 0.2485 0.2512 0.2499 0.2504 
         121  1 0.2486 0.2521 0.2481 0.2512 
         122  1 0.2494 0.2518 0.2493 0.2495 
         123  1 0.2457 0.2576 0.2468 0.2498 
         124  1 0.2484 0.2531 0.2494 0.2491 
         125  1 0.2455 0.2550 0.2485 0.2511 
         126  1 0.2476 0.2551 0.2474 0.2499 
         127  1 0.2481 0.2495 0.2505 0.2519 
         128  1 0.2465 0.2556 0.2481 0.2499 
         129  1 0.2510 0.2494 0.2504 0.2491 
         130  1 0.2539 0.2451 0.2512 0.2498 
         131  1 0.2488 0.2505 0.2493 0.2514 
         132  1 0.2516 0.2470 0.2508 0.2506 
         133  1 0.2502 0.2472 0.2509 0.2517 
         134  1 0.2519 0.2474 0.2492 0.2515 
         135  1 0.2508 0.2481 0.2513 0.2498 
         136  1 0.2499 0.2497 0.2502 0.2503 
         137  1 0.2502 0.2509 0.2496 0.2492 
         138  1 0.2481 0.2536 0.2472 0.2511 
         139  1 0.2515 0.2484 0.2509 0.2492 
         140  1 0.2536 0.2445 0.2520 0.2500 
         141  1 0.2519 0.2454 0.2532 0.2496 
         142  1 0.2547 0.2451 0.2530 0.2472 
         143  1 0.2552 0.2418 0.2538 0.2491 
         144  1 0.2487 0.2493 0.2503 0.2517 
         145  1 0.2464 0.2568 0.2476 0.2492 
         146  1 0.2509 0.2483 0.2506 0.2502 
         147  1 0.2480 0.2545 0.2482 0.2494 
         148  1 0.2455 0.2537 0.2489 0.2519 
         149  1 0.2554 0.2429 0.2526 0.2492 
         150  1 0.2464 0.2526 0.2508 0.2502 
         151  1 0.2510 0.2473 0.2507 0.2510 
         152  1 0.2474 0.2547 0.2469 0.2509 
         153  1 0.2536 0.2436 0.2532 0.2496 
         154  1 0.2449 0.2566 0.2482 0.2503 
         155  1 0.2532 0.2477 0.2501 0.2490 
         156  1 0.2542 0.2436 0.2530 0.2491 
         157  1 0.2486 0.2520 0.2490 0.2504 
         158  1 0.2504 0.2485 0.2515 0.2496 
         159  1 0.2480 0.2522 0.2495 0.2504 
         160  1 0.2521 0.2479 0.2512 0.2488 
         161  1 0.2512 0.2478 0.2511 0.2499 
         162  1 0.2457 0.2599 0.2463 0.2481 
         163  1 0.2514 0.2464 0.2516 0.2507 
         164  1 0.2534 0.2437 0.2527 0.2502 
         165  1 0.2499 0.2530 0.2478 0.2492 
         166  1 0.2478 0.2538 0.2487 0.2496 
         167  1 0.2471 0.2559 0.2479 0.2492 
         168  1 0.2462 0.2543 0.2501 0.2494 
         169  1 0.2479 0.2529 0.2497 0.2495 
         170  1 0.2474 0.2511 0.2509 0.2506 
         171  1 0.2518 0.2458 0.2520 0.2504 
         172  1 0.2430 0.2598 0.2481 0.2491 
         173  1 0.2469 0.2546 0.2496 0.2488 
         174  1 0.2494 0.2475 0.2503 0.2528 
         175  1 0.2487 0.2515 0.2495 0.2503 
         176  1 0.2481 0.2504 0.2511 0.2504 
         177  1 0.2535 0.2456 0.2525 0.2483 
         178  1 0.2460 0.2569 0.2482 0.2488 
         179  1 0.2470 0.2535 0.2495 0.2500 
         180  1 0.2484 0.2530 0.2491 0.2495 
         181  1 0.2482 0.2532 0.2483 0.2503 
         182  1 0.2534 0.2443 0.2522 0.2501 
         183  1 0.2524 0.2458 0.2512 0.2506 
