           1  1 0.0974 0.1011 0.0985 0.1031 0.0996 0.0990 0.1003 0.0980 0.1028 0.1000 
           2  1 0.1010 0.0994 0.1007 0.0990 0.1005 0.1001 0.0986 0.1000 0.0986 0.1022 
           3  1 0.0986 0.1002 0.0996 0.1037 0.0970 0.0981 0.1018 0.0984 0.1031 0.0994 
           4  1 0.0999 0.0992 0.0999 0.0987 0.1014 0.1009 0.1006 0.1015 0.0978 0.1001 
           5  1 0.1003 0.1007 0.0996 0.1014 0.0994 0.0998 0.0998 0.0997 0.1001 0.0992 
           6  1 0.0990 0.1017 0.0977 0.1024 0.0987 0.0985 0.0997 0.0995 0.1033 0.0995 
           7  1 0.1001 0.1005 0.0999 0.1004 0.0998 0.0995 0.1004 0.0994 0.1004 0.0996 
           8  1 0.0990 0.1005 0.0995 0.1008 0.0993 0.0994 0.1010 0.1006 0.1001 0.0998 
           9  1 0.1007 0.1003 0.0999 0.0993 0.1014 0.1003 0.0986 0.1004 0.0997 0.0995 
          10  1 0.0985 0.0997 0.1010 0.0993 0.1003 0.1002 0.0999 0.1018 0.0993 0.1000 
          11  1 0.1005 0.0997 0.1012 0.0991 0.1006 0.1017 0.0991 0.0991 0.0992 0.0999 
          12  1 0.0993 0.0989 0.1015 0.0989 0.0995 0.1022 0.0998 0.1007 0.0993 0.0999 
          13  1 0.1000 0.1004 0.0994 0.1015 0.1008 0.0991 0.0992 0.0993 0.1008 0.0995 
          14  1 0.0992 0.1006 0.0984 0.1015 0.0981 0.0983 0.1002 0.0996 0.1046 0.0994 
          15  1 0.0998 0.1002 0.0996 0.1015 0.1006 0.1006 0.0995 0.0992 0.0994 0.0997 
          16  1 0.1018 0.0981 0.1010 0.0977 0.1015 0.1017 0.0994 0.0991 0.0998 0.1000 
          17  1 0.0998 0.0992 0.0994 0.0989 0.1025 0.1006 0.0996 0.0995 0.1010 0.0994 
          18  1 0.1000 0.1012 0.0999 0.1004 0.0994 0.0996 0.1000 0.1006 0.0997 0.0992 
          19  1 0.0991 0.0989 0.1000 0.1005 0.1002 0.0996 0.1010 0.1002 0.1013 0.0993 
          20  1 0.0991 0.1003 0.0988 0.1007 0.0990 0.0999 0.1017 0.1008 0.0993 0.1004 
          21  1 0.1002 0.1018 0.0984 0.1014 0.0979 0.0992 0.0998 0.0991 0.1025 0.0998 
          22  1 0.1009 0.0988 0.0996 0.0979 0.1008 0.1017 0.0999 0.1000 0.0991 0.1014 
          23  1 0.0984 0.1006 0.0999 0.1014 0.0984 0.1008 0.0992 0.1012 0.1003 0.0998 
          24  1 0.0988 0.0996 0.1003 0.0998 0.1012 0.1001 0.0994 0.1009 0.1005 0.0993 
          25  1 0.1008 0.1008 0.0989 0.1003 0.0994 0.0999 0.0993 0.1006 0.0996 0.1004 
          26  1 0.0997 0.1010 0.0982 0.1022 0.0988 0.0994 0.1003 0.0992 0.1004 0.1008 
          27  1 0.0983 0.0994 0.0990 0.1015 0.1024 0.0990 0.0989 0.1003 0.1012 0.0998 
          28  1 0.1004 0.1006 0.0988 0.0992 0.0995 0.0994 0.0996 0.1012 0.0999 0.1015 
          29  1 0.1015 0.0994 0.1015 0.0974 0.1023 0.1003 0.0988 0.0999 0.0991 0.0998 
          30  1 0.1005 0.1007 0.1002 0.0997 0.1008 0.0994 0.0999 0.0987 0.0998 0.1001 
          31  1 0.0995 0.0992 0.1003 0.0991 0.1002 0.1011 0.0998 0.1010 0.0996 0.1002 
          32  1 0.1001 0.0979 0.0981 0.0997 0.1001 0.1006 0.1013 0.0997 0.1007 0.1019 
          33  1 0.1006 0.0992 0.1014 0.0978 0.1011 0.1009 0.1000 0.0996 0.0992 0.1003 
          34  1 0.0983 0.0986 0.0995 0.1010 0.1008 0.0996 0.1004 0.0991 0.1003 0.1025 
          35  1 0.1004 0.0999 0.0989 0.0990 0.0997 0.1013 0.1001 0.1013 0.0990 0.1006 
          36  1 0.1002 0.1002 0.0995 0.0999 0.0994 0.1010 0.1018 0.0998 0.0989 0.0992 
          37  1 0.0995 0.1007 0.0990 0.1004 0.0987 0.1000 0.1011 0.1005 0.0998 0.1002 
          38  1 0.0992 0.1011 0.1000 0.1013 0.0988 0.0992 0.1000 0.1009 0.1000 0.0995 
          39  1 0.1002 0.0996 0.0992 0.1003 0.0991 0.1004 0.1009 0.0995 0.1006 0.1002 
          40  1 0.1014 0.0994 0.1000 0.0983 0.1021 0.1000 0.0997 0.1003 0.0996 0.0992 
          41  1 0.1004 0.0997 0.0998 0.0992 0.1006 0.1015 0.1007 0.1000 0.0987 0.0994 
          42  1 0.0990 0.1007 0.1008 0.0999 0.1004 0.0995 0.1002 0.0994 0.0994 0.1008 
          43  1 0.1004 0.0995 0.0999 0.1004 0.0980 0.0991 0.1014 0.1003 0.1011 0.0999 
          44  1 0.1016 0.0976 0.1012 0.0977 0.1008 0.1011 0.1005 0.1003 0.0995 0.0997 
          45  1 0.1008 0.1000 0.1005 0.0974 0.1015 0.1015 0.0992 0.1001 0.0997 0.0993 
          46  1 0.1001 0.1017 0.1006 0.0998 0.1006 0.0999 0.0995 0.1003 0.0983 0.0993 
          47  1 0.1003 0.0995 0.1009 0.0991 0.1022 0.1001 0.0998 0.1002 0.0986 0.0992 
          48  1 0.1009 0.0979 0.1016 0.0979 0.1010 0.1008 0.1006 0.1003 0.0987 0.1003 
          49  1 0.0994 0.1000 0.1004 0.0999 0.1002 0.1014 0.0997 0.0994 0.0999 0.0998 
          50  1 0.1016 0.0989 0.1010 0.0970 0.1015 0.1013 0.0992 0.0989 0.0994 0.1012 
          51  1 0.1022 0.0985 0.1010 0.0988 0.1008 0.1010 0.0991 0.0998 0.0992 0.0997 
          52  1 0.1008 0.0992 0.1013 0.0993 0.1009 0.1005 0.0994 0.1007 0.0976 0.1003 
          53  1 0.1000 0.1006 0.0990 0.1015 0.0978 0.0991 0.1010 0.0999 0.1006 0.1004 
          54  1 0.1005 0.1009 0.0995 0.0999 0.0993 0.1000 0.0999 0.0996 0.0999 0.1005 
          55  1 0.0997 0.0990 0.1006 0.0996 0.1012 0.1006 0.0994 0.0990 0.1002 0.1008 
          56  1 0.0984 0.1008 0.0986 0.1028 0.0980 0.0979 0.1023 0.0995 0.1017 0.1002 
          57  1 0.0991 0.1012 0.0990 0.1015 0.0985 0.0996 0.1006 0.1003 0.0999 0.1004 
          58  1 0.0997 0.1002 0.0985 0.1001 0.1003 0.0997 0.0999 0.0998 0.1012 0.1006 
          59  1 0.1007 0.1000 0.1000 0.0987 0.0998 0.1013 0.0992 0.0999 0.0996 0.1007 
          60  1 0.0996 0.0991 0.1005 0.0996 0.1006 0.1005 0.1005 0.0989 0.0993 0.1013 
          61  1 0.0995 0.1012 0.1002 0.1015 0.0995 0.0982 0.1003 0.0995 0.1008 0.0993 
          62  1 0.1011 0.0985 0.1011 0.0969 0.1014 0.1000 0.1012 0.1005 0.0991 0.1002 
          63  1 0.0996 0.0985 0.1009 0.0999 0.1005 0.1004 0.1008 0.1000 0.0996 0.0998 
          64  1 0.0995 0.0991 0.0998 0.1009 0.0986 0.1000 0.0996 0.1006 0.1011 0.1007 
          65  1 0.0994 0.1008 0.1001 0.1002 0.0996 0.0996 0.1003 0.1014 0.0994 0.0993 
          66  1 0.0991 0.1007 0.0987 0.1026 0.0991 0.0993 0.1001 0.1002 0.0995 0.1007 
          67  1 0.0997 0.1004 0.0992 0.1017 0.0988 0.0991 0.0996 0.0996 0.1014 0.1005 
          68  1 0.1004 0.1012 0.1000 0.0997 0.1002 0.0999 0.1002 0.0998 0.0989 0.0996 
          69  1 0.0997 0.1022 0.0994 0.1006 0.0989 0.0997 0.0989 0.0992 0.1015 0.1001 
          70  1 0.0998 0.1008 0.0986 0.1025 0.0997 0.0986 0.0996 0.0990 0.1012 0.1002 
          71  1 0.1013 0.1003 0.1010 0.1008 0.0993 0.0995 0.1001 0.0989 0.1003 0.0986 
          72  1 0.1000 0.1008 0.0997 0.0997 0.1008 0.0987 0.1013 0.0998 0.0987 0.1006 
          73  1 0.0996 0.1005 0.1000 0.1005 0.0994 0.1008 0.0992 0.1002 0.1010 0.0988 
          74  1 0.1013 0.0994 0.1009 0.0981 0.0999 0.1004 0.0999 0.1002 0.0990 0.1008 
          75  1 0.1007 0.0995 0.0998 0.1004 0.0995 0.1007 0.0998 0.1003 0.0990 0.1004 
          76  1 0.1015 0.0996 0.1014 0.0980 0.1006 0.0996 0.0992 0.0995 0.0995 0.1012 
          77  1 0.1001 0.1015 0.0993 0.1009 0.1002 0.0989 0.0995 0.0990 0.1015 0.0991 
          78  1 0.1000 0.0990 0.1007 0.0970 0.1017 0.1009 0.0993 0.1007 0.1006 0.1001 
          79  1 0.0992 0.1007 0.0994 0.1019 0.0999 0.0994 0.1015 0.0980 0.1009 0.0990 
          80  1 0.0996 0.1000 0.1000 0.0995 0.1003 0.0991 0.1015 0.0999 0.0994 0.1007 
          81  1 0.0990 0.0998 0.1008 0.0990 0.1011 0.1013 0.0998 0.0995 0.0995 0.1001 
          82  1 0.1011 0.1018 0.0977 0.1004 0.0987 0.0986 0.1004 0.1003 0.0998 0.1012 
          83  1 0.0996 0.0992 0.1007 0.0993 0.0996 0.1001 0.0995 0.0996 0.1016 0.1008 
          84  1 0.1011 0.1005 0.0999 0.0995 0.0994 0.1000 0.0984 0.1009 0.1001 0.1002 
          85  1 0.0995 0.0994 0.0996 0.1013 0.1003 0.1001 0.1001 0.0990 0.1004 0.1003 
          86  1 0.1003 0.1014 0.0992 0.0999 0.1003 0.0998 0.0995 0.1002 0.0995 0.1000 
          87  1 0.0999 0.0997 0.1002 0.1012 0.1000 0.1001 0.0992 0.0998 0.0992 0.1008 
          88  1 0.0988 0.1007 0.0994 0.1011 0.0991 0.0994 0.1013 0.0995 0.1010 0.0997 
          89  1 0.0987 0.1002 0.0989 0.0994 0.1001 0.1003 0.1029 0.1001 0.0980 0.1014 
          90  1 0.1001 0.1012 0.0994 0.1001 0.0984 0.0995 0.1008 0.0993 0.1007 0.1006 
          91  1 0.1004 0.0990 0.1005 0.0971 0.1006 0.1005 0.0999 0.1016 0.0993 0.1010 
          92  1 0.1008 0.0993 0.1000 0.1011 0.0988 0.1005 0.0993 0.0986 0.1017 0.0999 
          93  1 0.1001 0.0988 0.1000 0.0998 0.1009 0.1001 0.0992 0.1006 0.1005 0.1000 
          94  1 0.1009 0.1006 0.0991 0.1007 0.1005 0.0992 0.0996 0.0994 0.0998 0.1002 
          95  1 0.0979 0.1015 0.0986 0.1017 0.0981 0.0992 0.1024 0.1001 0.1011 0.0993 
          96  1 0.0992 0.1018 0.0987 0.1010 0.0995 0.0992 0.1009 0.1001 0.1001 0.0996 
          97  1 0.1005 0.1009 0.0996 0.1002 0.0996 0.1001 0.1012 0.0999 0.0990 0.0991 
          98  1 0.1001 0.0981 0.1012 0.0996 0.1006 0.1008 0.1006 0.1005 0.0990 0.0996 
          99  1 0.0976 0.1011 0.0990 0.1029 0.0982 0.0988 0.1019 0.0995 0.1017 0.0993 
         100  1 0.0994 0.0995 0.1004 0.1008 0.0999 0.1003 0.0993 0.1009 0.0994 0.1001 
         101  1 0.1003 0.0999 0.0994 0.1002 0.1000 0.1004 0.1005 0.1014 0.0983 0.0996 
         102  1 0.1002 0.1013 0.1006 0.0987 0.1000 0.1002 0.0998 0.1001 0.0997 0.0994 
         103  1 0.0998 0.0997 0.1001 0.1004 0.0999 0.1014 0.1003 0.1002 0.0992 0.0991 
         104  1 0.1003 0.0988 0.0999 0.0997 0.1005 0.1003 0.0994 0.0996 0.1010 0.1006 
         105  1 0.0990 0.1010 0.1005 0.1012 0.0989 0.1000 0.1007 0.0998 0.0996 0.0993 
         106  1 0.0999 0.0994 0.1002 0.0996 0.1001 0.0998 0.0995 0.1006 0.1003 0.1005 
         107  1 0.0988 0.1005 0.0986 0.1034 0.0975 0.0997 0.1007 0.0995 0.1021 0.0992 
         108  1 0.1005 0.1008 0.1006 0.0989 0.1001 0.1000 0.1000 0.1002 0.0990 0.0999 
         109  1 0.1019 0.1008 0.0993 0.0991 0.1003 0.0999 0.0994 0.0997 0.0998 0.0998 
         110  1 0.1009 0.1002 0.0993 0.1009 0.0998 0.0994 0.0997 0.0992 0.1010 0.0996 
         111  1 0.1007 0.1014 0.1000 0.0996 0.0992 0.1001 0.0999 0.0999 0.0992 0.0999 
         112  1 0.1003 0.1009 0.1003 0.0987 0.1005 0.1005 0.1005 0.0999 0.0987 0.0998 
         113  1 0.0992 0.1004 0.0992 0.1013 0.0997 0.0995 0.0995 0.1001 0.1007 0.1004 
         114  1 0.0997 0.0997 0.1006 0.0992 0.0998 0.1001 0.1007 0.1003 0.0992 0.1008 
         115  1 0.1010 0.1004 0.0998 0.0997 0.0996 0.1006 0.0988 0.1014 0.0988 0.0999 
         116  1 0.0991 0.1017 0.0994 0.1024 0.0981 0.1002 0.1015 0.0984 0.1000 0.0993 
         117  1 0.1005 0.1010 0.0993 0.0986 0.1000 0.1002 0.1005 0.1000 0.0994 0.1005 
         118  1 0.0991 0.0984 0.0995 0.0995 0.1021 0.1005 0.0997 0.1011 0.0995 0.1007 
         119  1 0.1006 0.0981 0.1019 0.0973 0.1012 0.0998 0.1001 0.1000 0.0992 0.1019 
         120  1 0.1010 0.0986 0.1005 0.0995 0.1004 0.1005 0.0991 0.1002 0.0996 0.1007 
         121  1 0.0997 0.1010 0.0991 0.1014 0.1009 0.0988 0.0987 0.0980 0.1025 0.0999 
         122  1 0.1010 0.0998 0.1007 0.0988 0.0993 0.1001 0.0993 0.1010 0.0996 0.1003 
         123  1 0.1021 0.0982 0.1008 0.0971 0.1006 0.1010 0.0995 0.1004 0.0990 0.1012 
         124  1 0.1002 0.0993 0.1000 0.0990 0.1016 0.1014 0.0996 0.0988 0.0991 0.1010 
         125  1 0.1001 0.0980 0.0999 0.0999 0.1014 0.0996 0.0996 0.1011 0.1016 0.0988 
         126  1 0.0992 0.1005 0.1019 0.0982 0.1003 0.1003 0.1006 0.1000 0.0983 0.1006 
         127  1 0.0994 0.1003 0.0991 0.0995 0.0997 0.0995 0.1012 0.0998 0.0997 0.1020 
         128  1 0.0992 0.0995 0.1001 0.0993 0.1012 0.1009 0.1004 0.1001 0.0994 0.0998 
         129  1 0.0999 0.1002 0.1016 0.0988 0.0997 0.0995 0.0999 0.1003 0.1002 0.0997 
         130  1 0.0998 0.1007 0.0994 0.0995 0.0993 0.1012 0.1009 0.0999 0.1004 0.0989 
         131  1 0.1014 0.0991 0.0994 0.0992 0.1011 0.1006 0.1000 0.1005 0.0982 0.1005 
         132  1 0.0992 0.1010 0.1000 0.1006 0.0996 0.0993 0.1008 0.0999 0.1007 0.0990 
         133  1 0.1007 0.1008 0.0989 0.0997 0.1004 0.0998 0.0999 0.1003 0.0999 0.0996 
         134  1 0.1007 0.1005 0.0996 0.0992 0.0999 0.1005 0.1006 0.1005 0.0991 0.0995 
         135  1 0.0989 0.1004 0.0987 0.1008 0.0987 0.1000 0.1015 0.1002 0.1007 0.1000 
         136  1 0.1002 0.0998 0.0999 0.0998 0.0999 0.1011 0.1013 0.1004 0.0973 0.1004 
         137  1 0.1005 0.0984 0.1000 0.0994 0.1005 0.1004 0.1002 0.1008 0.1006 0.0993 
         138  1 0.1009 0.0988 0.1001 0.0985 0.1005 0.0996 0.1002 0.1006 0.0998 0.1009 
         139  1 0.1008 0.1007 0.1015 0.0988 0.1006 0.0994 0.1007 0.0988 0.0986 0.1000 
         140  1 0.0997 0.1008 0.0983 0.1021 0.0989 0.0997 0.0990 0.0997 0.1017 0.1002 
         141  1 0.0992 0.1015 0.0990 0.1014 0.0989 0.0993 0.1004 0.0991 0.1010 0.1002 
         142  1 0.0990 0.1005 0.0993 0.1015 0.0989 0.0990 0.0998 0.1001 0.1029 0.0989 
         143  1 0.0987 0.1014 0.0997 0.1008 0.1001 0.0997 0.1004 0.1002 0.0994 0.0996 
         144  1 0.1000 0.1013 0.1012 0.1003 0.0994 0.0992 0.1002 0.1007 0.0982 0.0995 
         145  1 0.1009 0.0991 0.1003 0.0986 0.1004 0.1009 0.0999 0.1000 0.0997 0.1002 
         146  1 0.1000 0.1015 0.0990 0.0996 0.0991 0.1004 0.0995 0.0988 0.1015 0.1006 
         147  1 0.1010 0.0998 0.1001 0.0982 0.0994 0.1014 0.0994 0.1006 0.0991 0.1011 
         148  1 0.1004 0.0998 0.1001 0.1002 0.0999 0.1005 0.0996 0.1009 0.0991 0.0994 
         149  1 0.0990 0.1015 0.0991 0.1006 0.0984 0.0995 0.1001 0.0993 0.1037 0.0988 
         150  1 0.0992 0.0995 0.1000 0.1008 0.0990 0.1000 0.1015 0.1007 0.0994 0.0999 
         151  1 0.0989 0.1006 0.0997 0.0996 0.1010 0.1010 0.1005 0.1001 0.0986 0.0998 
         152  1 0.1006 0.0996 0.0998 0.0989 0.1007 0.1008 0.0991 0.1005 0.1002 0.0998 
         153  1 0.0999 0.1014 0.0990 0.1019 0.0998 0.0990 0.0998 0.1001 0.0998 0.0994 
         154  1 0.1000 0.0987 0.1001 0.0977 0.1006 0.1011 0.1001 0.1010 0.0997 0.1012 
         155  1 0.1002 0.1000 0.0998 0.0990 0.1013 0.0995 0.1003 0.1007 0.0990 0.1001 
         156  1 0.0993 0.1006 0.1000 0.1002 0.0998 0.0997 0.1008 0.1008 0.1000 0.0988 
         157  1 0.0994 0.1018 0.1012 0.1002 0.0996 0.0990 0.0990 0.1007 0.0996 0.0996 
         158  1 0.0994 0.1005 0.1000 0.0995 0.0991 0.1011 0.1005 0.1009 0.0995 0.0995 
         159  1 0.0997 0.0998 0.0988 0.1021 0.0991 0.0985 0.1005 0.0990 0.1014 0.1011 
         160  1 0.0997 0.1010 0.0992 0.1002 0.1005 0.1009 0.1007 0.0994 0.0988 0.0996 
         161  1 0.0995 0.1006 0.0993 0.1006 0.1015 0.1000 0.0989 0.0996 0.1004 0.0997 
         162  1 0.1001 0.0993 0.1018 0.0971 0.1026 0.1002 0.0986 0.0997 0.1003 0.1003 
         163  1 0.0999 0.1008 0.0983 0.1012 0.1001 0.1004 0.0996 0.0985 0.1011 0.1002 
         164  1 0.1000 0.1002 0.0998 0.1012 0.0997 0.1002 0.1003 0.1007 0.0985 0.0994 
         165  1 0.1005 0.0988 0.1009 0.0982 0.1005 0.1006 0.0998 0.1005 0.0995 0.1006 
         166  1 0.1004 0.1003 0.1000 0.0981 0.1012 0.1010 0.0995 0.0997 0.1000 0.0998 
         167  1 0.0999 0.0992 0.1022 0.0989 0.0998 0.1006 0.1001 0.0994 0.0985 0.1014 
         168  1 0.0998 0.1004 0.0989 0.1010 0.1002 0.1003 0.1007 0.0994 0.0990 0.1003 
         169  1 0.1002 0.0991 0.1017 0.0988 0.1015 0.0997 0.1002 0.1004 0.0986 0.0998 
         170  1 0.0985 0.1004 0.0995 0.1035 0.0987 0.0986 0.1009 0.0990 0.1005 0.1005 
         171  1 0.0999 0.0999 0.1001 0.1004 0.1008 0.0999 0.1003 0.1005 0.0989 0.0994 
         172  1 0.0982 0.0991 0.0998 0.1009 0.0994 0.0979 0.1016 0.0984 0.1033 0.1012 
         173  1 0.1015 0.0991 0.1011 0.0984 0.1004 0.0992 0.0998 0.0994 0.0992 0.1018 
         174  1 0.0993 0.1007 0.0995 0.1001 0.0994 0.1024 0.1001 0.1000 0.0983 0.1002 
         175  1 0.0990 0.1003 0.0991 0.0981 0.1007 0.1017 0.1008 0.1005 0.0998 0.1000 
         176  1 0.1004 0.0994 0.0986 0.0990 0.1009 0.1003 0.1007 0.1011 0.0987 0.1008 
         177  1 0.1003 0.1013 0.1006 0.0992 0.0995 0.0993 0.1012 0.0995 0.0993 0.0999 
         178  1 0.1010 0.0997 0.1024 0.0982 0.1004 0.1003 0.1010 0.0982 0.0973 0.1014 
         179  1 0.1008 0.0988 0.1009 0.0986 0.0995 0.0997 0.0997 0.1023 0.0997 0.0999 
         180  1 0.1008 0.0993 0.1012 0.0993 0.1005 0.1001 0.1001 0.0988 0.0987 0.1013 
         181  1 0.1004 0.0996 0.1004 0.0989 0.0999 0.1016 0.1001 0.1004 0.0985 0.1002 
         182  1 0.0994 0.1016 0.0979 0.1013 0.0975 0.0993 0.0998 0.0994 0.1033 0.1006 
         183  1 0.0992 0.1002 0.0987 0.1006 0.0999 0.0997 0.0998 0.1016 0.1007 0.0996 
