  1:   0.7000  0.1810  0.1190  1
  2:   0.4404  0.2202  0.3393  1
  3:   0.4324  0.2723  0.2953  1
  4:   0.4360  0.0920  0.4720  1
  5:   0.6020  0.2360  0.1620  1
  6:   0.7758  0.0470  0.1772  1
  7:   0.2740  0.3500  0.3760  1
  8:   0.2587  0.5325  0.2088  1
  9:   0.1508  0.8102  0.0390  1
 10:   0.8100  0.1100  0.0800  1
 11:   0.8308  0.0490  0.1201  1
 12:   0.0600  0.8220  0.1180  1
 13:   0.1380  0.0690  0.7930  1
 14:   0.0580  0.2930  0.6490  1
 15:   0.3604  0.0631  0.5766  1
 16:   0.0480  0.7978  0.1542  1
 17:   0.0539  0.1339  0.8122  1
 18:   0.1730  0.4100  0.4170  1
 19:   0.7920  0.1700  0.0380  1
 20:   0.8660  0.0460  0.0880  1
 21:   0.0380  0.8368  0.1251  1
 22:   0.6933  0.0849  0.2218  1
 23:   0.1518  0.4785  0.3696  1
 24:   0.0230  0.9510  0.0260  1
 25:   0.0890  0.2500  0.6610  1
 26:   0.3966  0.3487  0.2547  1
 27:   0.1330  0.7960  0.0710  1
 28:   0.1490  0.1030  0.7480  1
 29:   0.2020  0.0730  0.7250  1
 30:   0.1060  0.1670  0.7270  1
 31:   0.2078  0.3736  0.4186  1
 32:   0.2940  0.1650  0.5410  1
 33:   0.0851  0.4344  0.4805  1
 34:   0.8920  0.0640  0.0440  1
 35:   0.2260  0.3530  0.4210  1
 36:   0.8470  0.1000  0.0530  1
 37:   0.1480  0.4110  0.4410  1
 38:   0.0751  0.8158  0.1091  1
 39:   0.5200  0.1910  0.2890  1
 40:   0.0881  0.5736  0.3383  1
 41:   0.0500  0.8910  0.0590  1
 42:   0.1630  0.1390  0.6980  1
 43:   0.0380  0.8630  0.0990  1
 44:   0.1300  0.8200  0.0500  1
 45:   0.3510  0.1470  0.5020  1
 46:   0.0561  0.4344  0.5095  1
 47:   0.1170  0.4720  0.4110  1
 48:   0.1578  0.4046  0.4376  1
 49:   0.0890  0.1510  0.7600  1
 50:   0.1960  0.2550  0.5490  1
 51:   0.0620  0.0380  0.9000  1
 52:   0.1500  0.0840  0.7660  1
 53:   0.6020  0.0520  0.3460  1
 54:   0.0740  0.0600  0.8660  1
 55:   0.1920  0.3210  0.4870  1
 56:   0.0749  0.4246  0.5005  1
 57:   0.0650  0.0800  0.8550  1
 58:   0.1430  0.3250  0.5320  1
 59:   0.7170  0.0910  0.1920  1
 60:   0.4980  0.1460  0.3560  1
 61:   0.0870  0.8450  0.0680  1
 62:   0.1390  0.0920  0.7690  1
 63:   0.1950  0.3800  0.4250  1
 64:   0.9359  0.0250  0.0390  1
 65:   0.0600  0.2380  0.7020  1
 66:   0.0450  0.9179  0.0370  1
 67:   0.0730  0.1350  0.7920  1
 68:   0.0591  0.2102  0.7307  1
 69:   0.1280  0.3040  0.5680  1
 70:   0.1592  0.1712  0.6697  1
 71:   0.1990  0.1240  0.6770  1
 72:   0.1269  0.2557  0.6174  1
 73:   0.1170  0.3580  0.5250  1
 74:   0.4500  0.1090  0.4410  1
 75:   0.1530  0.4910  0.3560  1
 76:   0.1380  0.0980  0.7640  1
 77:   0.7750  0.0780  0.1470  1
 78:   0.2308  0.5045  0.2647  1
 79:   0.7680  0.1190  0.1130  1
 80:   0.1340  0.3360  0.5300  1
 81:   0.1520  0.3130  0.5350  1
 82:   0.1600  0.2100  0.6300  1
 83:   0.0450  0.6064  0.3487  1
 84:   0.4860  0.4020  0.1120  1
 85:   0.0570  0.0960  0.8470  1
 86:   0.0750  0.1270  0.7980  1
 87:   0.6460  0.2800  0.0740  1
 88:   0.1179  0.5285  0.3536  1
 89:   0.2328  0.1788  0.5884  1
 90:   0.0950  0.3470  0.5580  1
 91:   0.1170  0.3790  0.5040  1
 92:   0.0460  0.0930  0.8610  1
 93:   0.1620  0.2230  0.6150  1
 94:   0.0930  0.1710  0.7360  1
 95:   0.4240  0.2750  0.3010  1
 96:   0.3340  0.3860  0.2800  1
 97:   0.8579  0.0270  0.1151  1
 98:   0.7243  0.1469  0.1289  1
 99:   0.0620  0.0510  0.8870  1
100:   0.1990  0.1250  0.6760  1
101:   0.0860  0.7550  0.1590  1
102:   0.0889  0.4795  0.4316  1
103:   0.0729  0.7702  0.1568  1
104:   0.6900  0.1490  0.1610  1
105:   0.4510  0.2610  0.2880  1
106:   0.1169  0.1588  0.7243  1
107:   0.7030  0.0670  0.2300  1
108:   0.0929  0.3976  0.5095  1
109:   0.0990  0.3100  0.5910  1
110:   0.5750  0.0780  0.3470  1
111:   0.7612  0.1389  0.0999  1
112:   0.6900  0.1070  0.2030  1
113:   0.1700  0.4200  0.4100  1
114:   0.2677  0.0330  0.6993  1
115:   0.1001  0.7548  0.1451  1
116:   0.1080  0.4960  0.3960  1
117:   0.4190  0.4810  0.1000  1
118:   0.4450  0.1800  0.3750  1
119:   0.1570  0.2280  0.6150  1
120:   0.4240  0.0600  0.5160  1
121:   0.0350  0.8890  0.0760  1
122:   0.2990  0.3720  0.3290  1
123:   0.9370  0.0310  0.0320  1
124:   0.0550  0.2050  0.7400  1
125:   0.7120  0.1130  0.1750  1
126:   0.8010  0.0720  0.1270  1
127:   0.1050  0.0460  0.8490  1
128:   0.4710  0.3820  0.1470  1
129:   0.1060  0.1100  0.7840  1
130:   0.3137  0.1708  0.5155  1
131:   0.3110  0.1790  0.5100  1
132:   0.6547  0.1071  0.2382  1
133:   0.0330  0.6290  0.3380  1
134:   0.0430  0.0711  0.8859  1
135:   0.0501  0.0941  0.8559  1
136:   0.0840  0.0480  0.8680  1
137:   0.5290  0.0480  0.4230  1
138:   0.4915  0.0981  0.4104  1
139:   0.5980  0.0830  0.3190  1
140:   0.8350  0.0440  0.1210  1
141:   0.6750  0.0740  0.2510  1
142:   0.7650  0.0740  0.1610  1
143:   0.6090  0.0770  0.3140  1
144:   0.0699  0.2957  0.6344  1
145:   0.6430  0.1460  0.2110  1
146:   0.0869  0.0450  0.8681  1
147:   0.0719  0.5265  0.4016  1
148:   0.1920  0.5590  0.2490  1
149:   0.1380  0.7730  0.0890  1
150:   0.2000  0.0880  0.7120  1
151:   0.0360  0.9290  0.0350  1
152:   0.2050  0.2530  0.5420  1
153:   0.1220  0.5430  0.3350  1
154:   0.0570  0.8880  0.0550  1
155:   0.1810  0.6470  0.1720  1
156:   0.3140  0.1070  0.5790  1
157:   0.8450  0.0610  0.0940  1
158:   0.2220  0.1190  0.6590  1
159:   0.9190  0.0380  0.0430  1
160:   0.1310  0.2870  0.5820  1
161:   0.7670  0.1020  0.1310  1
162:   0.1190  0.6070  0.2740  1
163:   0.8080  0.0550  0.1370  1
164:   0.8110  0.0820  0.1070  1
165:   0.9250  0.0310  0.0440  1
166:   0.4110  0.4440  0.1450  1
167:   0.0390  0.8831  0.0779  1
168:   0.0650  0.1180  0.8170  1
169:   0.1229  0.3037  0.5734  1
170:   0.0550  0.0690  0.8760  1
171:   0.6440  0.1780  0.1780  1
172:   0.0880  0.7030  0.2090  1
173:   0.1160  0.7940  0.0900  1
174:   0.5730  0.0970  0.3300  1
175:   0.1420  0.3440  0.5140  1
176:   0.0440  0.4120  0.5440  1
177:   0.0501  0.6577  0.2923  1
178:   0.0980  0.2050  0.6970  1
179:   0.4720  0.1620  0.3660  1
180:   0.7490  0.0940  0.1570  1
181:   0.0290  0.9301  0.0410  1
182:   0.0470  0.4140  0.5390  1
183:   0.4186  0.0509  0.5305  1
184:   0.0981  0.7157  0.1862  1
185:   0.7950  0.0400  0.1650  1
186:   0.5120  0.3920  0.0960  1
187:   0.4705  0.2647  0.2647  1
188:   0.1070  0.2730  0.6200  1
189:   0.4790  0.0340  0.4870  1
190:   0.0500  0.8720  0.0780  1
191:   0.4955  0.4096  0.0949  1
192:   0.0810  0.2750  0.6440  1
193:   0.9360  0.0320  0.0320  1
194:   0.8989  0.0320  0.0691  1
195:   0.7700  0.0260  0.2040  1
196:   0.8210  0.1150  0.0640  1
197:   0.8250  0.1100  0.0650  1
198:   0.7758  0.0460  0.1782  1
199:   0.1510  0.3880  0.4610  1
200:   0.7950  0.0810  0.1240  1
201:   0.9191  0.0430  0.0380  1
202:   0.1060  0.1350  0.7590  1
203:   0.0859  0.0480  0.8661  1
204:   0.0911  0.0511  0.8579  1
205:   0.1220  0.7990  0.0790  1
206:   0.6480  0.0880  0.2640  1
207:   0.0310  0.9120  0.0570  1
208:   0.7170  0.1480  0.1350  1
209:   0.7510  0.1720  0.0770  1
210:   0.8460  0.0680  0.0860  1
211:   0.1500  0.8040  0.0460  1
212:   0.1009  0.8322  0.0669  1
213:   0.0560  0.0580  0.8860  1
214:   0.7980  0.0820  0.1200  1
215:   0.5646  0.1512  0.2843  1
216:   0.3140  0.0480  0.6380  1
217:   0.4820  0.0350  0.4830  1
218:   0.1810  0.7560  0.0630  1
219:   0.9190  0.0430  0.0380  1
220:   0.1230  0.0730  0.8040  1
221:   0.8030  0.1090  0.0880  1
222:   0.2252  0.2172  0.5576  1
223:   0.2378  0.1608  0.6014  1
224:   0.3493  0.2472  0.4034  1
225:   0.0290  0.9370  0.0340  1
226:   0.0320  0.9300  0.0380  1
227:   0.0510  0.8570  0.0920  1
228:   0.7860  0.1180  0.0960  1
229:   0.2000  0.6190  0.1810  1
230:   0.1540  0.0500  0.7960  1
231:   0.2478  0.5245  0.2278  1
232:   0.4270  0.1660  0.4070  1
233:   0.1040  0.2410  0.6550  1
234:   0.2940  0.1920  0.5140  1
235:   0.0869  0.3516  0.5614  1
236:   0.1982  0.0651  0.7367  1
237:   0.0699  0.6314  0.2987  1
238:   0.0370  0.8919  0.0711  1
239:   0.4150  0.1010  0.4840  1
240:   0.3900  0.0810  0.5290  1
241:   0.0500  0.9160  0.0340  1
242:   0.7027  0.1622  0.1351  1
243:   0.0650  0.2050  0.7300  1
244:   0.1261  0.5526  0.3213  1
245:   0.6800  0.2110  0.1090  1
246:   0.7480  0.0480  0.2040  1
247:   0.3070  0.2590  0.4340  1
248:   0.1219  0.5614  0.3167  1
249:   0.3490  0.1470  0.5040  1
250:   0.0950  0.4650  0.4400  1
251:   0.0750  0.1920  0.7330  1
252:   0.3380  0.1680  0.4940  1
253:   0.8790  0.0460  0.0750  1
254:   0.2917  0.2128  0.4955  1
255:   0.8970  0.0440  0.0590  1
256:   0.9000  0.0430  0.0570  1
257:   0.7760  0.1250  0.0990  1
258:   0.7090  0.1220  0.1690  1
259:   0.8270  0.0350  0.1380  1
260:   0.2420  0.2940  0.4640  1

  1:   0.6973  0.1888  0.1139  1
  2:   0.4414  0.1982  0.3604  1
  3:   0.4364  0.3734  0.1902  1
  4:   0.4330  0.0930  0.4740  1
  5:   0.6150  0.2050  0.1800  1
  6:   0.7958  0.0490  0.1552  1
  7:   0.2720  0.3480  0.3800  1
  8:   0.2260  0.6060  0.1680  1
  9:   0.1580  0.8020  0.0400  1
 10:   0.8200  0.1000  0.0800  1
 11:   0.8260  0.0530  0.1210  1
 12:   0.0610  0.8140  0.1250  1
 13:   0.1310  0.0760  0.7930  1
 14:   0.0600  0.4190  0.5210  1
 15:   0.3050  0.0570  0.6380  1
 16:   0.0480  0.7910  0.1610  1
 17:   0.0530  0.1760  0.7710  1
 18:   0.1710  0.4900  0.3390  1
 19:   0.8000  0.1610  0.0390  1
 20:   0.8611  0.0460  0.0929  1
 21:   0.0380  0.8300  0.1320  1
 22:   0.6970  0.0800  0.2230  1
 23:   0.1600  0.5370  0.3030  1
 24:   0.0240  0.9491  0.0270  1
 25:   0.0860  0.3160  0.5980  1
 26:   0.4106  0.3387  0.2507  1
 27:   0.1451  0.7848  0.0701  1
 28:   0.1470  0.1120  0.7410  1
 29:   0.1900  0.0750  0.7350  1
 30:   0.1000  0.1790  0.7210  1
 31:   0.2090  0.4120  0.3790  1
 32:   0.3027  0.1608  0.5365  1
 33:   0.0790  0.5840  0.3370  1
 34:   0.8900  0.0700  0.0400  1
 35:   0.2170  0.5090  0.2740  1
 36:   0.8490  0.1000  0.0510  1
 37:   0.1470  0.4540  0.3990  1
 38:   0.0741  0.8118  0.1141  1
 39:   0.5120  0.1610  0.3270  1
 40:   0.0830  0.6540  0.2630  1
 41:   0.0529  0.8821  0.0649  1
 42:   0.1742  0.1872  0.6386  1
 43:   0.0350  0.8890  0.0760  1
 44:   0.1400  0.8070  0.0530  1
 45:   0.3520  0.1280  0.5200  1
 46:   0.0530  0.5780  0.3690  1
 47:   0.1120  0.4630  0.4250  1
 48:   0.1540  0.3120  0.5340  1
 49:   0.0860  0.1480  0.7660  1
 50:   0.1690  0.1990  0.6320  1
 51:   0.0540  0.0350  0.9110  1
 52:   0.1350  0.0830  0.7820  1
 53:   0.5816  0.0531  0.3654  1
 54:   0.0680  0.0530  0.8790  1
 55:   0.2000  0.3250  0.4750  1
 56:   0.0730  0.4090  0.5180  1
 57:   0.0610  0.0810  0.8580  1
 58:   0.1340  0.3180  0.5480  1
 59:   0.6940  0.0850  0.2210  1
 60:   0.4875  0.1121  0.4004  1
 61:   0.0890  0.8430  0.0680  1
 62:   0.1200  0.0870  0.7930  1
 63:   0.1830  0.5370  0.2800  1
 64:   0.9350  0.0250  0.0400  1
 65:   0.0540  0.2010  0.7450  1
 66:   0.0450  0.9180  0.0370  1
 67:   0.0730  0.1350  0.7920  1
 68:   0.0570  0.1800  0.7630  1
 69:   0.1130  0.2280  0.6590  1
 70:   0.1590  0.1640  0.6770  1
 71:   0.1730  0.1360  0.6910  1
 72:   0.1290  0.3750  0.4960  1
 73:   0.1060  0.3520  0.5420  1
 74:   0.4680  0.1460  0.3860  1
 75:   0.1550  0.5490  0.2960  1
 76:   0.1240  0.0840  0.7920  1
 77:   0.7600  0.0850  0.1550  1
 78:   0.2340  0.5420  0.2240  1
 79:   0.7772  0.1149  0.1079  1
 80:   0.1310  0.4690  0.4000  1
 81:   0.1440  0.2460  0.6100  1
 82:   0.1700  0.2870  0.5430  1
 83:   0.0400  0.7190  0.2410  1
 84:   0.4980  0.3930  0.1090  1
 85:   0.0570  0.1030  0.8400  1
 86:   0.0720  0.1160  0.8120  1
 87:   0.6530  0.2630  0.0840  1
 88:   0.1239  0.5584  0.3177  1
 89:   0.2380  0.1660  0.5960  1
 90:   0.0860  0.5100  0.4040  1
 91:   0.1240  0.4130  0.4630  1
 92:   0.0490  0.1000  0.8510  1
 93:   0.1552  0.1972  0.6476  1
 94:   0.0910  0.1800  0.7290  1
 95:   0.4370  0.3320  0.2310  1
 96:   0.3230  0.3800  0.2970  1
 97:   0.8509  0.0280  0.1211  1
 98:   0.6970  0.1710  0.1320  1
 99:   0.0550  0.0480  0.8970  1
100:   0.1900  0.1130  0.6970  1
101:   0.0800  0.7920  0.1280  1
102:   0.0850  0.6030  0.3120  1
103:   0.0700  0.8000  0.1300  1
104:   0.6983  0.1638  0.1379  1
105:   0.4340  0.2810  0.2850  1
106:   0.1121  0.1441  0.7437  1
107:   0.7100  0.0710  0.2190  1
108:   0.0950  0.4400  0.4650  1
109:   0.1059  0.3317  0.5624  1
110:   0.5824  0.0879  0.3297  1
111:   0.7692  0.1349  0.0959  1
112:   0.7080  0.1110  0.1810  1
113:   0.1570  0.5640  0.2790  1
114:   0.2613  0.0310  0.7077  1
115:   0.1070  0.7230  0.1700  1
116:   0.1150  0.5010  0.3840  1
117:   0.4350  0.4500  0.1150  1
118:   0.4430  0.1740  0.3830  1
119:   0.1670  0.2990  0.5340  1
120:   0.3710  0.0630  0.5660  1
121:   0.0370  0.8810  0.0820  1
122:   0.2930  0.3770  0.3300  1
123:   0.9360  0.0310  0.0330  1
124:   0.0579  0.2967  0.6454  1
125:   0.7060  0.1060  0.1880  1
126:   0.7778  0.0731  0.1491  1
127:   0.1050  0.0490  0.8460  1
128:   0.4765  0.4136  0.1099  1
129:   0.1070  0.1090  0.7840  1
130:   0.3040  0.1480  0.5480  1
131:   0.3220  0.1980  0.4800  1
132:   0.6070  0.1190  0.2740  1
133:   0.0330  0.6120  0.3550  1
134:   0.0460  0.0800  0.8740  1
135:   0.0529  0.1069  0.8402  1
136:   0.0850  0.0460  0.8690  1
137:   0.4740  0.0460  0.4800  1
138:   0.4310  0.0870  0.4820  1
139:   0.5375  0.0811  0.3814  1
140:   0.8248  0.0480  0.1271  1
141:   0.6460  0.0620  0.2920  1
142:   0.7800  0.0760  0.1440  1
143:   0.5550  0.0730  0.3720  1
144:   0.0679  0.3666  0.5654  1
145:   0.6240  0.1390  0.2370  1
146:   0.0800  0.0440  0.8760  1
147:   0.0700  0.4750  0.4550  1
148:   0.1990  0.5460  0.2550  1
149:   0.1460  0.7720  0.0820  1
150:   0.1970  0.0900  0.7130  1
151:   0.0370  0.9260  0.0370  1
152:   0.2160  0.3260  0.4580  1
153:   0.1220  0.4760  0.4020  1
154:   0.0550  0.8950  0.0500  1
155:   0.1800  0.6370  0.1830  1
156:   0.2780  0.0950  0.6270  1
157:   0.8332  0.0679  0.0989  1
158:   0.1800  0.0950  0.7250  1
159:   0.9210  0.0390  0.0400  1
160:   0.1320  0.2990  0.5690  1
161:   0.7698  0.1001  0.1301  1
162:   0.1220  0.6130  0.2650  1
163:   0.7940  0.0530  0.1530  1
164:   0.8050  0.0890  0.1060  1
165:   0.9210  0.0330  0.0460  1
166:   0.4200  0.4340  0.1460  1
167:   0.0380  0.8910  0.0710  1
168:   0.0610  0.0970  0.8420  1
169:   0.1299  0.4136  0.4565  1
170:   0.0511  0.0621  0.8869  1
171:   0.6260  0.1740  0.2000  1
172:   0.0909  0.6653  0.2438  1
173:   0.1261  0.7728  0.1011  1
174:   0.5480  0.0900  0.3620  1
175:   0.1330  0.3030  0.5640  1
176:   0.0440  0.2990  0.6570  1
177:   0.0490  0.6300  0.3210  1
178:   0.1050  0.2450  0.6500  1
179:   0.4760  0.1750  0.3490  1
180:   0.7350  0.0900  0.1750  1
181:   0.0290  0.9300  0.0410  1
182:   0.0470  0.4970  0.4560  1
183:   0.3490  0.0460  0.6050  1
184:   0.0990  0.7420  0.1590  1
185:   0.8150  0.0420  0.1430  1
186:   0.5590  0.3370  0.1040  1
187:   0.4825  0.2773  0.2402  1
188:   0.1000  0.2150  0.6850  1
189:   0.3930  0.0330  0.5740  1
190:   0.0509  0.8731  0.0759  1
191:   0.5035  0.4064  0.0901  1
192:   0.0841  0.2342  0.6817  1
193:   0.9360  0.0310  0.0330  1
194:   0.8990  0.0320  0.0690  1
195:   0.7303  0.0260  0.2438  1
196:   0.8270  0.1120  0.0610  1
197:   0.8240  0.1080  0.0680  1
198:   0.7682  0.0470  0.1848  1
199:   0.1380  0.5490  0.3130  1
200:   0.7990  0.0830  0.1180  1
201:   0.9200  0.0450  0.0350  1
202:   0.1070  0.1500  0.7430  1
203:   0.0820  0.0470  0.8710  1
204:   0.0920  0.0550  0.8530  1
205:   0.1209  0.7992  0.0799  1
206:   0.6860  0.0900  0.2240  1
207:   0.0330  0.9060  0.0610  1
208:   0.7180  0.1410  0.1410  1
209:   0.7610  0.1660  0.0730  1
210:   0.8410  0.0650  0.0940  1
211:   0.1620  0.7920  0.0460  1
212:   0.1030  0.8310  0.0660  1
213:   0.0500  0.0560  0.8940  1
214:   0.7968  0.0881  0.1151  1
215:   0.5100  0.1410  0.3490  1
216:   0.2953  0.0470  0.6577  1
217:   0.3916  0.0330  0.5754  1
218:   0.1912  0.7387  0.0701  1
219:   0.9200  0.0450  0.0350  1
220:   0.1130  0.0720  0.8150  1
221:   0.8050  0.1070  0.0880  1
222:   0.2150  0.1990  0.5860  1
223:   0.2530  0.1800  0.5670  1
224:   0.3157  0.2128  0.4715  1
225:   0.0300  0.9349  0.0350  1
226:   0.0320  0.9300  0.0380  1
227:   0.0510  0.8500  0.0990  1
228:   0.7850  0.1190  0.0960  1
229:   0.2192  0.5866  0.1942  1
230:   0.1598  0.0539  0.7862  1
231:   0.2600  0.4850  0.2550  1
232:   0.4426  0.1818  0.3756  1
233:   0.0951  0.2022  0.7027  1
234:   0.2633  0.1512  0.5856  1
235:   0.0820  0.4910  0.4270  1
236:   0.1890  0.0650  0.7460  1
237:   0.0639  0.6643  0.2717  1
238:   0.0390  0.8821  0.0789  1
239:   0.4200  0.1160  0.4640  1
240:   0.3410  0.0740  0.5850  1
241:   0.0510  0.9150  0.0340  1
242:   0.7123  0.1479  0.1399  1
243:   0.0670  0.2480  0.6850  1
244:   0.1010  0.6960  0.2030  1
245:   0.6850  0.2000  0.1150  1
246:   0.7040  0.0470  0.2490  1
247:   0.3073  0.2472  0.4454  1
248:   0.1201  0.5115  0.3684  1
249:   0.3317  0.1329  0.5355  1
250:   0.0960  0.4100  0.4940  1
251:   0.0780  0.2220  0.7000  1
252:   0.3000  0.1470  0.5530  1
253:   0.8760  0.0460  0.0780  1
254:   0.2950  0.2350  0.4700  1
255:   0.8980  0.0490  0.0530  1
256:   0.8991  0.0480  0.0529  1
257:   0.7720  0.1270  0.1010  1
258:   0.7260  0.1150  0.1590  1
259:   0.8140  0.0340  0.1520  1
260:   0.2000  0.2400  0.5600  1

  1:   0.7050  0.1750  0.1200  1
  2:   0.4496  0.2128  0.3377  1
  3:   0.3860  0.2870  0.3270  1
  4:   0.4430  0.0910  0.4660  1
  5:   0.6190  0.2400  0.1410  1
  6:   0.7660  0.0490  0.1850  1
  7:   0.2767  0.3586  0.3646  1
  8:   0.2450  0.5450  0.2100  1
  9:   0.1379  0.8242  0.0380  1
 10:   0.8220  0.1060  0.0720  1
 11:   0.8388  0.0470  0.1141  1
 12:   0.0589  0.8312  0.1099  1
 13:   0.1410  0.0650  0.7940  1
 14:   0.0540  0.3040  0.6420  1
 15:   0.3996  0.0619  0.5385  1
 16:   0.0460  0.8150  0.1390  1
 17:   0.0510  0.1400  0.8090  1
 18:   0.1510  0.4140  0.4350  1
 19:   0.8020  0.1620  0.0360  1
 20:   0.8700  0.0430  0.0870  1
 21:   0.0360  0.8470  0.1170  1
 22:   0.7113  0.0849  0.2038  1
 23:   0.1380  0.4660  0.3960  1
 24:   0.0220  0.9530  0.0250  1
 25:   0.0770  0.2360  0.6870  1
 26:   0.3900  0.3630  0.2470  1
 27:   0.1310  0.8000  0.0690  1
 28:   0.1391  0.0941  0.7668  1
 29:   0.2200  0.0730  0.7070  1
 30:   0.0970  0.1580  0.7450  1
 31:   0.1960  0.3670  0.4370  1
 32:   0.2750  0.1500  0.5750  1
 33:   0.0720  0.4240  0.5040  1
 34:   0.8970  0.0610  0.0420  1
 35:   0.1900  0.3620  0.4480  1
 36:   0.8550  0.0950  0.0500  1
 37:   0.1430  0.4090  0.4480  1
 38:   0.0720  0.8270  0.1010  1
 39:   0.5475  0.1842  0.2683  1
 40:   0.0750  0.5430  0.3820  1
 41:   0.0500  0.8920  0.0580  1
 42:   0.1520  0.1450  0.7030  1
 43:   0.0350  0.8580  0.1070  1
 44:   0.1240  0.8270  0.0490  1
 45:   0.3473  0.1431  0.5095  1
 46:   0.0480  0.4230  0.5290  1
 47:   0.1060  0.4940  0.4000  1
 48:   0.1520  0.4350  0.4130  1
 49:   0.0890  0.1520  0.7590  1
 50:   0.1940  0.2820  0.5240  1
 51:   0.0641  0.0390  0.8969  1
 52:   0.1400  0.0830  0.7770  1
 53:   0.6200  0.0490  0.3310  1
 54:   0.0810  0.0630  0.8560  1
 55:   0.1908  0.3117  0.4975  1
 56:   0.0721  0.4404  0.4875  1
 57:   0.0650  0.0760  0.8590  1
 58:   0.1371  0.3173  0.5455  1
 59:   0.7320  0.0840  0.1840  1
 60:   0.5335  0.1441  0.3223  1
 61:   0.0790  0.8570  0.0640  1
 62:   0.1490  0.0950  0.7560  1
 63:   0.1540  0.3900  0.4560  1
 64:   0.9390  0.0240  0.0370  1
 65:   0.0599  0.2418  0.6983  1
 66:   0.0420  0.9240  0.0340  1
 67:   0.0670  0.1280  0.8050  1
 68:   0.0550  0.2000  0.7450  1
 69:   0.1280  0.3410  0.5310  1
 70:   0.1558  0.1708  0.6733  1
 71:   0.2110  0.1290  0.6600  1
 72:   0.0990  0.2750  0.6260  1
 73:   0.1141  0.3844  0.5015  1
 74:   0.4236  0.1199  0.4565  1
 75:   0.1510  0.5040  0.3450  1
 76:   0.1410  0.0980  0.7610  1
 77:   0.7850  0.0770  0.1380  1
 78:   0.2100  0.5080  0.2820  1
 79:   0.7690  0.1200  0.1110  1
 80:   0.1120  0.3480  0.5400  1
 81:   0.1550  0.3290  0.5160  1
 82:   0.1380  0.2110  0.6510  1
 83:   0.0380  0.5920  0.3700  1
 84:   0.5035  0.3924  0.1041  1
 85:   0.0500  0.0880  0.8620  1
 86:   0.0740  0.1190  0.8070  1
 87:   0.6597  0.2693  0.0711  1
 88:   0.1110  0.5020  0.3870  1
 89:   0.2262  0.1692  0.6046  1
 90:   0.0780  0.3630  0.5590  1
 91:   0.1111  0.3894  0.4995  1
 92:   0.0450  0.0870  0.8680  1
 93:   0.1582  0.2242  0.6176  1
 94:   0.0840  0.1450  0.7710  1
 95:   0.4030  0.2740  0.3230  1
 96:   0.3240  0.3960  0.2800  1
 97:   0.8661  0.0270  0.1069  1
 98:   0.7247  0.1542  0.1211  1
 99:   0.0609  0.0480  0.8911  1
100:   0.1900  0.1200  0.6900  1
101:   0.0789  0.7463  0.1748  1
102:   0.0800  0.4800  0.4400  1
103:   0.0669  0.7582  0.1748  1
104:   0.6780  0.1560  0.1660  1
105:   0.4660  0.2560  0.2780  1
106:   0.1160  0.1540  0.7300  1
107:   0.6717  0.0671  0.2613  1
108:   0.0869  0.3866  0.5265  1
109:   0.0960  0.3320  0.5720  1
110:   0.5740  0.0810  0.3450  1
111:   0.7730  0.1310  0.0960  1
112:   0.6860  0.1080  0.2060  1
113:   0.1469  0.4156  0.4376  1
114:   0.2650  0.0310  0.7040  1
115:   0.0950  0.7710  0.1340  1
116:   0.1060  0.5120  0.3820  1
117:   0.4114  0.4975  0.0911  1
118:   0.4805  0.1772  0.3423  1
119:   0.1330  0.2190  0.6480  1
120:   0.4580  0.0590  0.4830  1
121:   0.0350  0.8941  0.0709  1
122:   0.2977  0.3636  0.3387  1
123:   0.9410  0.0300  0.0290  1
124:   0.0500  0.2200  0.7300  1
125:   0.7270  0.1010  0.1720  1
126:   0.8120  0.0710  0.1170  1
127:   0.1020  0.0450  0.8530  1
128:   0.4500  0.3860  0.1640  1
129:   0.1109  0.1069  0.7822  1
130:   0.3460  0.1650  0.4890  1
131:   0.2920  0.1680  0.5400  1
132:   0.6850  0.1010  0.2140  1
133:   0.0320  0.6300  0.3380  1
134:   0.0430  0.0701  0.8869  1
135:   0.0470  0.0880  0.8650  1
136:   0.0820  0.0450  0.8730  1
137:   0.5760  0.0440  0.3800  1
138:   0.5415  0.0909  0.3676  1
139:   0.6430  0.0780  0.2790  1
140:   0.8450  0.0440  0.1110  1
141:   0.6770  0.0700  0.2530  1
142:   0.7470  0.0710  0.1820  1
143:   0.6420  0.0750  0.2830  1
144:   0.0640  0.2730  0.6630  1
145:   0.6650  0.1410  0.1940  1
146:   0.0850  0.0430  0.8720  1
147:   0.0700  0.5670  0.3630  1
148:   0.1902  0.5445  0.2653  1
149:   0.1311  0.7798  0.0891  1
150:   0.1972  0.0871  0.7157  1
151:   0.0330  0.9330  0.0340  1
152:   0.1750  0.2590  0.5660  1
153:   0.1180  0.5630  0.3190  1
154:   0.0540  0.8920  0.0540  1
155:   0.1840  0.6440  0.1720  1
156:   0.3350  0.1130  0.5520  1
157:   0.8540  0.0610  0.0850  1
158:   0.2440  0.1170  0.6390  1
159:   0.9230  0.0350  0.0420  1
160:   0.1310  0.2810  0.5880  1
161:   0.7670  0.0990  0.1340  1
162:   0.1090  0.6280  0.2630  1
163:   0.8260  0.0520  0.1220  1
164:   0.8190  0.0800  0.1010  1
165:   0.9290  0.0300  0.0410  1
166:   0.4090  0.4480  0.1430  1
167:   0.0350  0.8940  0.0710  1
168:   0.0621  0.1131  0.8248  1
169:   0.1130  0.3230  0.5640  1
170:   0.0580  0.0660  0.8760  1
171:   0.6607  0.1722  0.1672  1
172:   0.0799  0.7303  0.1898  1
173:   0.1130  0.8060  0.0810  1
174:   0.5754  0.0989  0.3257  1
175:   0.1420  0.3430  0.5150  1
176:   0.0440  0.4434  0.5125  1
177:   0.0490  0.6800  0.2710  1
178:   0.0930  0.1940  0.7130  1
179:   0.4460  0.1580  0.3960  1
180:   0.7570  0.0900  0.1530  1
181:   0.0270  0.9341  0.0390  1
182:   0.0430  0.3760  0.5810  1
183:   0.4500  0.0490  0.5010  1
184:   0.0930  0.7000  0.2070  1
185:   0.7640  0.0380  0.1980  1
186:   0.5010  0.4060  0.0930  1
187:   0.4640  0.2540  0.2820  1
188:   0.1080  0.2800  0.6120  1
189:   0.5390  0.0330  0.4280  1
190:   0.0470  0.8800  0.0730  1
191:   0.4850  0.4280  0.0870  1
192:   0.0830  0.2600  0.6570  1
193:   0.9410  0.0300  0.0290  1
194:   0.9049  0.0310  0.0641  1
195:   0.7982  0.0250  0.1768  1
196:   0.8250  0.1130  0.0620  1
197:   0.8370  0.1000  0.0630  1
198:   0.7820  0.0440  0.1740  1
199:   0.1120  0.3960  0.4920  1
200:   0.8048  0.0781  0.1171  1
201:   0.9230  0.0410  0.0360  1
202:   0.1010  0.1340  0.7650  1
203:   0.0791  0.0450  0.8759  1
204:   0.0880  0.0520  0.8600  1
205:   0.1110  0.8090  0.0800  1
206:   0.6344  0.0829  0.2827  1
207:   0.0280  0.9199  0.0521  1
208:   0.7200  0.1440  0.1360  1
209:   0.7450  0.1760  0.0790  1
210:   0.8480  0.0650  0.0870  1
211:   0.1390  0.8180  0.0430  1
212:   0.0959  0.8422  0.0619  1
213:   0.0530  0.0560  0.8910  1
214:   0.8010  0.0790  0.1200  1
215:   0.6030  0.1410  0.2560  1
216:   0.3223  0.0450  0.6326  1
217:   0.5390  0.0340  0.4270  1
218:   0.1690  0.7700  0.0610  1
219:   0.9240  0.0410  0.0350  1
220:   0.1181  0.0731  0.8088  1
221:   0.8060  0.1070  0.0870  1
222:   0.2460  0.2170  0.5370  1
223:   0.2290  0.1650  0.6060  1
224:   0.3690  0.2510  0.3800  1
225:   0.0270  0.9390  0.0340  1
226:   0.0300  0.9331  0.0370  1
227:   0.0490  0.8640  0.0870  1
228:   0.7940  0.1120  0.0940  1
229:   0.1930  0.6200  0.1870  1
230:   0.1570  0.0490  0.7940  1
231:   0.2432  0.5155  0.2412  1
232:   0.4030  0.1590  0.4380  1
233:   0.1040  0.2160  0.6800  1
234:   0.3160  0.2040  0.4800  1
235:   0.0751  0.3574  0.5676  1
236:   0.1990  0.0660  0.7350  1
237:   0.0690  0.6240  0.3070  1
238:   0.0360  0.8960  0.0680  1
239:   0.4154  0.1001  0.4845  1
240:   0.4030  0.0810  0.5160  1
241:   0.0460  0.9209  0.0330  1
242:   0.7210  0.1500  0.1290  1
243:   0.0600  0.1880  0.7520  1
244:   0.1039  0.5465  0.3497  1
245:   0.6760  0.2150  0.1090  1
246:   0.7710  0.0450  0.1840  1
247:   0.2800  0.2680  0.4520  1
248:   0.1170  0.5730  0.3100  1
249:   0.3700  0.1400  0.4900  1
250:   0.0980  0.4620  0.4400  1
251:   0.0679  0.1838  0.7483  1
252:   0.3576  0.1548  0.4875  1
253:   0.8860  0.0430  0.0710  1
254:   0.2630  0.2150  0.5220  1
255:   0.9040  0.0430  0.0530  1
256:   0.9021  0.0440  0.0539  1
257:   0.7860  0.1200  0.0940  1
258:   0.6963  0.1099  0.1938  1
259:   0.8020  0.0340  0.1640  1
260:   0.2510  0.3120  0.4370  1

  1:   0.7130  0.1660  0.1210  1
  2:   0.4400  0.2210  0.3390  1
  3:   0.4210  0.2360  0.3430  1
  4:   0.4490  0.0920  0.4590  1
  5:   0.6020  0.2600  0.1380  1
  6:   0.7730  0.0470  0.1800  1
  7:   0.2743  0.3704  0.3554  1
  8:   0.2570  0.5110  0.2320  1
  9:   0.1400  0.8240  0.0360  1
 10:   0.8218  0.1091  0.0691  1
 11:   0.8420  0.0440  0.1140  1
 12:   0.0570  0.8300  0.1130  1
 13:   0.1440  0.0640  0.7920  1
 14:   0.0519  0.2488  0.6993  1
 15:   0.4120  0.0620  0.5260  1
 16:   0.0430  0.8202  0.1369  1
 17:   0.0500  0.1210  0.8290  1
 18:   0.1540  0.3700  0.4760  1
 19:   0.7960  0.1670  0.0370  1
 20:   0.8690  0.0420  0.0890  1
 21:   0.0370  0.8490  0.1140  1
 22:   0.7060  0.0810  0.2130  1
 23:   0.1390  0.4130  0.4480  1
 24:   0.0220  0.9540  0.0240  1
 25:   0.0741  0.2122  0.7137  1
 26:   0.3904  0.3514  0.2583  1
 27:   0.1230  0.8100  0.0670  1
 28:   0.1349  0.0919  0.7732  1
 29:   0.2160  0.0680  0.7160  1
 30:   0.0959  0.1459  0.7582  1
 31:   0.1950  0.3530  0.4520  1
 32:   0.2600  0.1620  0.5780  1
 33:   0.0729  0.3696  0.5574  1
 34:   0.8980  0.0600  0.0420  1
 35:   0.2082  0.2933  0.4985  1
 36:   0.8550  0.0960  0.0490  1
 37:   0.1530  0.4000  0.4470  1
 38:   0.0711  0.8288  0.1001  1
 39:   0.5540  0.1870  0.2590  1
 40:   0.0770  0.5270  0.3960  1
 41:   0.0460  0.8999  0.0541  1
 42:   0.1409  0.1249  0.7343  1
 43:   0.0350  0.8498  0.1151  1
 44:   0.1221  0.8328  0.0450  1
 45:   0.3530  0.1550  0.4920  1
 46:   0.0460  0.3706  0.5834  1
 47:   0.1040  0.4990  0.3970  1
 48:   0.1490  0.4720  0.3790  1
 49:   0.0841  0.1512  0.7648  1
 50:   0.2050  0.3030  0.4920  1
 51:   0.0659  0.0390  0.8951  1
 52:   0.1470  0.0810  0.7720  1
 53:   0.6360  0.0470  0.3170  1
 54:   0.0760  0.0650  0.8590  1
 55:   0.1820  0.2970  0.5210  1
 56:   0.0760  0.4340  0.4900  1
 57:   0.0630  0.0750  0.8620  1
 58:   0.1370  0.3050  0.5580  1
 59:   0.7540  0.0830  0.1630  1
 60:   0.5310  0.1560  0.3130  1
 61:   0.0791  0.8599  0.0611  1
 62:   0.1560  0.0980  0.7460  1
 63:   0.1640  0.3230  0.5130  1
 64:   0.9430  0.0230  0.0340  1
 65:   0.0640  0.2470  0.6890  1
 66:   0.0420  0.9211  0.0370  1
 67:   0.0660  0.1150  0.8190  1
 68:   0.0550  0.2170  0.7280  1
 69:   0.1299  0.3616  0.5085  1
 70:   0.1440  0.1800  0.6760  1
 71:   0.2110  0.1240  0.6650  1
 72:   0.0990  0.2130  0.6880  1
 73:   0.1150  0.3830  0.5020  1
 74:   0.4130  0.1020  0.4850  1
 75:   0.1500  0.4750  0.3750  1
 76:   0.1470  0.1020  0.7510  1
 77:   0.7998  0.0721  0.1281  1
 78:   0.2080  0.5010  0.2910  1
 79:   0.7720  0.1190  0.1090  1
 80:   0.1140  0.2870  0.5990  1
 81:   0.1608  0.3307  0.5085  1
 82:   0.1251  0.1752  0.6997  1
 83:   0.0390  0.5516  0.4094  1
 84:   0.4980  0.3920  0.1100  1
 85:   0.0520  0.0870  0.8610  1
 86:   0.0751  0.1231  0.8018  1
 87:   0.6580  0.2740  0.0680  1
 88:   0.1020  0.5110  0.3870  1
 89:   0.2300  0.1740  0.5960  1
 90:   0.0791  0.2913  0.6296  1
 91:   0.1011  0.3764  0.5225  1
 92:   0.0430  0.0780  0.8790  1
 93:   0.1580  0.2310  0.6110  1
 94:   0.0820  0.1400  0.7780  1
 95:   0.4190  0.2400  0.3410  1
 96:   0.3360  0.3780  0.2860  1
 97:   0.8740  0.0250  0.1010  1
 98:   0.7410  0.1430  0.1160  1
 99:   0.0590  0.0500  0.8910  1
100:   0.1890  0.1240  0.6870  1
101:   0.0811  0.7177  0.2012  1
102:   0.0750  0.4180  0.5070  1
103:   0.0621  0.7598  0.1782  1
104:   0.6847  0.1411  0.1742  1
105:   0.4760  0.2510  0.2730  1
106:   0.1180  0.1550  0.7270  1
107:   0.6900  0.0650  0.2450  1
108:   0.0840  0.3610  0.5550  1
109:   0.0930  0.3110  0.5960  1
110:   0.5820  0.0690  0.3490  1
111:   0.7660  0.1400  0.0940  1
112:   0.6900  0.1030  0.2070  1
113:   0.1520  0.3640  0.4840  1
114:   0.2680  0.0320  0.7000  1
115:   0.0890  0.7740  0.1370  1
116:   0.1040  0.4860  0.4100  1
117:   0.4040  0.5090  0.0870  1
118:   0.4880  0.1720  0.3400  1
119:   0.1260  0.1780  0.6960  1
120:   0.4860  0.0560  0.4580  1
121:   0.0340  0.9000  0.0660  1
122:   0.2970  0.3460  0.3570  1
123:   0.9430  0.0290  0.0280  1
124:   0.0470  0.1760  0.7770  1
125:   0.7310  0.1000  0.1690  1
126:   0.8190  0.0700  0.1110  1
127:   0.0990  0.0430  0.8580  1
128:   0.4690  0.3590  0.1720  1
129:   0.1111  0.1051  0.7838  1
130:   0.3280  0.1680  0.5040  1
131:   0.2963  0.1592  0.5445  1
132:   0.7117  0.0981  0.1902  1
133:   0.0300  0.6406  0.3293  1
134:   0.0420  0.0649  0.8931  1
135:   0.0450  0.0810  0.8740  1
136:   0.0800  0.0430  0.8770  1
137:   0.6094  0.0430  0.3477  1
138:   0.5676  0.0981  0.3343  1
139:   0.6610  0.0790  0.2600  1
140:   0.8510  0.0410  0.1080  1
141:   0.6990  0.0750  0.2260  1
142:   0.7550  0.0710  0.1740  1
143:   0.6760  0.0770  0.2470  1
144:   0.0650  0.2550  0.6800  1
145:   0.6763  0.1479  0.1758  1
146:   0.0860  0.0440  0.8700  1
147:   0.0670  0.5750  0.3580  1
148:   0.1852  0.5546  0.2603  1
149:   0.1309  0.7742  0.0949  1
150:   0.2000  0.0830  0.7170  1
151:   0.0320  0.9350  0.0330  1
152:   0.1760  0.2200  0.6040  1
153:   0.1200  0.5910  0.2890  1
154:   0.0550  0.8890  0.0560  1
155:   0.1702  0.6627  0.1672  1
156:   0.3400  0.1100  0.5500  1
157:   0.8610  0.0540  0.0850  1
158:   0.2490  0.1250  0.6260  1
159:   0.9240  0.0350  0.0410  1
160:   0.1310  0.2680  0.6010  1
161:   0.7690  0.0940  0.1370  1
162:   0.1080  0.6250  0.2670  1
163:   0.8368  0.0490  0.1141  1
164:   0.8262  0.0759  0.0979  1
165:   0.9310  0.0290  0.0400  1
166:   0.4066  0.4515  0.1419  1
167:   0.0350  0.8930  0.0720  1
168:   0.0650  0.1170  0.8180  1
169:   0.1140  0.2630  0.6230  1
170:   0.0550  0.0710  0.8740  1
171:   0.6670  0.1750  0.1580  1
172:   0.0799  0.7223  0.1978  1
173:   0.1090  0.8070  0.0840  1
174:   0.5850  0.0960  0.3190  1
175:   0.1359  0.3606  0.5035  1
176:   0.0410  0.4650  0.4940  1
177:   0.0470  0.6870  0.2660  1
178:   0.0890  0.1760  0.7350  1
179:   0.4550  0.1520  0.3930  1
180:   0.7652  0.0909  0.1439  1
181:   0.0260  0.9349  0.0390  1
182:   0.0420  0.3540  0.6040  1
183:   0.4795  0.0480  0.4725  1
184:   0.0880  0.7020  0.2100  1
185:   0.7800  0.0370  0.1830  1
186:   0.4845  0.4236  0.0919  1
187:   0.4520  0.2630  0.2850  1
188:   0.1120  0.3020  0.5860  1
189:   0.5750  0.0340  0.3910  1
190:   0.0460  0.8800  0.0740  1
191:   0.4830  0.4300  0.0870  1
192:   0.0760  0.2950  0.6290  1
193:   0.9420  0.0290  0.0290  1
194:   0.9040  0.0310  0.0650  1
195:   0.8220  0.0250  0.1530  1
196:   0.8230  0.1130  0.0640  1
197:   0.8390  0.1010  0.0600  1
198:   0.7940  0.0430  0.1630  1
199:   0.1260  0.3260  0.5480  1
200:   0.8028  0.0751  0.1221  1
201:   0.9240  0.0400  0.0360  1
202:   0.0940  0.1280  0.7780  1
203:   0.0811  0.0460  0.8729  1
204:   0.0879  0.0480  0.8641  1
205:   0.1110  0.8050  0.0840  1
206:   0.6350  0.0800  0.2850  1
207:   0.0280  0.9190  0.0530  1
208:   0.7340  0.1410  0.1250  1
209:   0.7510  0.1710  0.0780  1
210:   0.8559  0.0641  0.0801  1
211:   0.1379  0.8192  0.0430  1
212:   0.1001  0.8428  0.0571  1
213:   0.0540  0.0590  0.8870  1
214:   0.8060  0.0750  0.1190  1
215:   0.6286  0.1431  0.2282  1
216:   0.3260  0.0460  0.6280  1
217:   0.5794  0.0330  0.3876  1
218:   0.1690  0.7700  0.0610  1
219:   0.9230  0.0410  0.0360  1
220:   0.1150  0.0730  0.8120  1
221:   0.8100  0.1040  0.0860  1
222:   0.2280  0.2180  0.5540  1
223:   0.2220  0.1460  0.6320  1
224:   0.3890  0.2470  0.3640  1
225:   0.0260  0.9410  0.0330  1
226:   0.0290  0.9350  0.0360  1
227:   0.0490  0.8630  0.0880  1
228:   0.7900  0.1130  0.0970  1
229:   0.1900  0.6220  0.1880  1
230:   0.1440  0.0470  0.8090  1
231:   0.2480  0.5210  0.2310  1
232:   0.4010  0.1530  0.4460  1
233:   0.1099  0.2258  0.6643  1
234:   0.3280  0.2140  0.4580  1
235:   0.0790  0.2920  0.6290  1
236:   0.1970  0.0640  0.7390  1
237:   0.0670  0.6250  0.3080  1
238:   0.0330  0.9020  0.0650  1
239:   0.3880  0.0960  0.5160  1
240:   0.4200  0.0810  0.4990  1
241:   0.0450  0.9230  0.0320  1
242:   0.7160  0.1550  0.1290  1
243:   0.0609  0.1668  0.7722  1
244:   0.1190  0.4810  0.4000  1
245:   0.6890  0.2110  0.1000  1
246:   0.7930  0.0430  0.1640  1
247:   0.2793  0.2603  0.4605  1
248:   0.1170  0.6020  0.2810  1
249:   0.3550  0.1400  0.5050  1
250:   0.0980  0.4720  0.4300  1
251:   0.0681  0.1632  0.7688  1
252:   0.3746  0.1678  0.4575  1
253:   0.8880  0.0430  0.0690  1
254:   0.2630  0.2050  0.5320  1
255:   0.9050  0.0400  0.0550  1
256:   0.9040  0.0400  0.0560  1
257:   0.7830  0.1270  0.0900  1
258:   0.7000  0.1160  0.1840  1
259:   0.8288  0.0330  0.1381  1
260:   0.2587  0.3267  0.4146  1

  1:   0.7053  0.1698  0.1249  1
  2:   0.4340  0.2300  0.3360  1
  3:   0.4310  0.2320  0.3370  1
  4:   0.4450  0.0890  0.4660  1
  5:   0.5980  0.2590  0.1430  1
  6:   0.7898  0.0450  0.1652  1
  7:   0.2810  0.3630  0.3560  1
  8:   0.2490  0.5190  0.2320  1
  9:   0.1409  0.8222  0.0370  1
 10:   0.8160  0.1100  0.0740  1
 11:   0.8400  0.0440  0.1160  1
 12:   0.0550  0.8370  0.1080  1
 13:   0.1320  0.0610  0.8070  1
 14:   0.0540  0.2510  0.6950  1
 15:   0.3960  0.0560  0.5480  1
 16:   0.0440  0.8202  0.1359  1
 17:   0.0530  0.1250  0.8220  1
 18:   0.1690  0.3870  0.4440  1
 19:   0.7970  0.1660  0.0370  1
 20:   0.8700  0.0440  0.0860  1
 21:   0.0360  0.8448  0.1191  1
 22:   0.7050  0.0850  0.2100  1
 23:   0.1450  0.4380  0.4170  1
 24:   0.0220  0.9540  0.0240  1
 25:   0.0820  0.2230  0.6950  1
 26:   0.3920  0.3550  0.2530  1
 27:   0.1211  0.8128  0.0661  1
 28:   0.1360  0.0900  0.7740  1
 29:   0.2028  0.0669  0.7303  1
 30:   0.0950  0.1460  0.7590  1
 31:   0.2030  0.3650  0.4320  1
 32:   0.2830  0.1630  0.5540  1
 33:   0.0800  0.3850  0.5350  1
 34:   0.8950  0.0630  0.0420  1
 35:   0.2320  0.2950  0.4730  1
 36:   0.8519  0.0961  0.0521  1
 37:   0.1471  0.3984  0.4545  1
 38:   0.0690  0.8300  0.1010  1
 39:   0.5340  0.1920  0.2740  1
 40:   0.0870  0.5540  0.3590  1
 41:   0.0470  0.8961  0.0569  1
 42:   0.1410  0.1210  0.7380  1
 43:   0.0370  0.8550  0.1080  1
 44:   0.1190  0.8340  0.0470  1
 45:   0.3554  0.1491  0.4955  1
 46:   0.0520  0.3800  0.5680  1
 47:   0.1110  0.4950  0.3940  1
 48:   0.1540  0.4500  0.3960  1
 49:   0.0930  0.1560  0.7510  1
 50:   0.2140  0.2910  0.4950  1
 51:   0.0630  0.0380  0.8990  1
 52:   0.1430  0.0790  0.7780  1
 53:   0.6200  0.0470  0.3330  1
 54:   0.0840  0.0610  0.8550  1
 55:   0.1790  0.2980  0.5230  1
 56:   0.0770  0.4430  0.4800  1
 57:   0.0610  0.0730  0.8660  1
 58:   0.1360  0.3160  0.5480  1
 59:   0.7300  0.0840  0.1860  1
 60:   0.5200  0.1560  0.3240  1
 61:   0.0820  0.8570  0.0610  1
 62:   0.1459  0.0949  0.7592  1
 63:   0.1942  0.3313  0.4745  1
 64:   0.9390  0.0240  0.0370  1
 65:   0.0610  0.2340  0.7050  1
 66:   0.0430  0.9210  0.0360  1
 67:   0.0700  0.1200  0.8100  1
 68:   0.0580  0.2210  0.7210  1
 69:   0.1240  0.3370  0.5390  1
 70:   0.1600  0.1770  0.6630  1
 71:   0.2140  0.1210  0.6650  1
 72:   0.1160  0.2140  0.6700  1
 73:   0.1100  0.3830  0.5070  1
 74:   0.4270  0.1010  0.4720  1
 75:   0.1460  0.4790  0.3750  1
 76:   0.1441  0.1011  0.7548  1
 77:   0.7820  0.0750  0.1430  1
 78:   0.2150  0.5050  0.2800  1
 79:   0.7670  0.1230  0.1100  1
 80:   0.1250  0.2880  0.5870  1
 81:   0.1530  0.3370  0.5100  1
 82:   0.1420  0.1700  0.6880  1
 83:   0.0430  0.5710  0.3860  1
 84:   0.4885  0.3986  0.1129  1
 85:   0.0550  0.0930  0.8520  1
 86:   0.0770  0.1290  0.7940  1
 87:   0.6580  0.2720  0.0700  1
 88:   0.1100  0.5060  0.3840  1
 89:   0.2420  0.1840  0.5740  1
 90:   0.0879  0.2987  0.6134  1
 91:   0.1090  0.3760  0.5150  1
 92:   0.0450  0.0850  0.8700  1
 93:   0.1640  0.2370  0.5990  1
 94:   0.0890  0.1500  0.7610  1
 95:   0.4390  0.2480  0.3130  1
 96:   0.3240  0.3840  0.2920  1
 97:   0.8661  0.0270  0.1069  1
 98:   0.7360  0.1440  0.1200  1
 99:   0.0590  0.0500  0.8910  1
100:   0.1890  0.1270  0.6840  1
101:   0.0809  0.7383  0.1808  1
102:   0.0830  0.4370  0.4800  1
103:   0.0700  0.7660  0.1640  1
104:   0.6880  0.1460  0.1660  1
105:   0.4740  0.2490  0.2770  1
106:   0.1159  0.1598  0.7243  1
107:   0.7150  0.0620  0.2230  1
108:   0.0859  0.3886  0.5255  1
109:   0.0950  0.3230  0.5820  1
110:   0.5760  0.0710  0.3530  1
111:   0.7668  0.1441  0.0891  1
112:   0.6940  0.1040  0.2020  1
113:   0.1740  0.3700  0.4560  1
114:   0.2820  0.0320  0.6860  1
115:   0.0960  0.7630  0.1410  1
116:   0.1080  0.4990  0.3930  1
117:   0.4020  0.5060  0.0920  1
118:   0.4825  0.1702  0.3473  1
119:   0.1410  0.2000  0.6590  1
120:   0.4525  0.0561  0.4915  1
121:   0.0360  0.8941  0.0699  1
122:   0.2853  0.3624  0.3524  1
123:   0.9400  0.0300  0.0300  1
124:   0.0480  0.1760  0.7760  1
125:   0.7210  0.1020  0.1770  1
126:   0.8100  0.0700  0.1200  1
127:   0.1011  0.0440  0.8549  1
128:   0.4730  0.3690  0.1580  1
129:   0.1090  0.1050  0.7860  1
130:   0.3140  0.1720  0.5140  1
131:   0.2970  0.1690  0.5340  1
132:   0.6810  0.0990  0.2200  1
133:   0.0310  0.6480  0.3210  1
134:   0.0430  0.0671  0.8899  1
135:   0.0470  0.0829  0.8701  1
136:   0.0810  0.0470  0.8720  1
137:   0.5770  0.0440  0.3790  1
138:   0.5270  0.0960  0.3770  1
139:   0.6310  0.0820  0.2870  1
140:   0.8460  0.0420  0.1120  1
141:   0.6987  0.0731  0.2282  1
142:   0.7688  0.0721  0.1592  1
143:   0.6490  0.0740  0.2770  1
144:   0.0650  0.2540  0.6810  1
145:   0.6587  0.1441  0.1972  1
146:   0.0890  0.0440  0.8670  1
147:   0.0700  0.5640  0.3660  1
148:   0.1812  0.5636  0.2553  1
149:   0.1280  0.7810  0.0910  1
150:   0.2130  0.0880  0.6990  1
151:   0.0320  0.9340  0.0340  1
152:   0.1882  0.2232  0.5886  1
153:   0.1251  0.5926  0.2823  1
154:   0.0551  0.8909  0.0541  1
155:   0.1738  0.6643  0.1618  1
156:   0.3330  0.1150  0.5520  1
157:   0.8501  0.0589  0.0909  1
158:   0.2470  0.1230  0.6300  1
159:   0.9250  0.0340  0.0410  1
160:   0.1270  0.2820  0.5910  1
161:   0.7730  0.1010  0.1260  1
162:   0.1170  0.6320  0.2510  1
163:   0.8198  0.0521  0.1281  1
164:   0.8220  0.0770  0.1010  1
165:   0.9270  0.0310  0.0420  1
166:   0.4060  0.4550  0.1390  1
167:   0.0370  0.8919  0.0711  1
168:   0.0640  0.1140  0.8220  1
169:   0.1190  0.2690  0.6120  1
170:   0.0550  0.0700  0.8750  1
171:   0.6570  0.1730  0.1700  1
172:   0.0820  0.7170  0.2010  1
