1:    0.288 0.369 0.343 1    
2:    0.323 0.370 0.308 1    
3:    0.336 0.325 0.339 1    
4:    0.368 0.290 0.342 1    
5:    0.340 0.282 0.378 1    
6:    0.335 0.332 0.332 1    
7:    0.307 0.341 0.351 1    
8:    0.318 0.290 0.392 1    
9:    0.321 0.356 0.323 1    
10:   0.320 0.307 0.373 1    
11:   0.363 0.339 0.298 1    
12:   0.338 0.343 0.319 1    
13:   0.376 0.300 0.325 1    
14:   0.305 0.338 0.358 1    
15:   0.292 0.359 0.350 1    
16:   0.306 0.371 0.323 1    
17:   0.453 0.280 0.267 1    
18:   0.319 0.345 0.335 1    
19:   0.322 0.373 0.305 1    
20:   0.319 0.385 0.296 1    
21:   0.303 0.386 0.311 1    
22:   0.302 0.405 0.294 1    
23:   0.331 0.353 0.316 1    
24:   0.344 0.314 0.342 1    
25:   0.334 0.358 0.308 1    
26:   0.363 0.326 0.312 1    
27:   0.318 0.334 0.349 1    
28:   0.285 0.414 0.301 1    
29:   0.353 0.351 0.296 1    
30:   0.307 0.340 0.353 1    
31:   0.329 0.314 0.357 1    
32:   0.309 0.338 0.353 1    
33:   0.316 0.367 0.317 1    
34:   0.359 0.335 0.306 1    
35:   0.296 0.372 0.332 1    
36:   0.287 0.349 0.364 1    
37:   0.389 0.284 0.327 1    
38:   0.363 0.282 0.355 1    
39:   0.307 0.399 0.294 1    
40:   0.302 0.417 0.281 1    
41:   0.357 0.359 0.283 1    
42:   0.341 0.326 0.333 1    
43:   0.340 0.350 0.310 1    
44:   0.319 0.267 0.413 1    
45:   0.334 0.381 0.285 1    
46:   0.303 0.335 0.363 1    
47:   0.297 0.344 0.359 1    
48:   0.324 0.281 0.395 1    
49:   0.415 0.314 0.271 1    
50:   0.341 0.321 0.338 1    
51:   0.376 0.291 0.333 1    
52:   0.343 0.319 0.338 1    
53:   0.344 0.380 0.276 1    
54:   0.287 0.358 0.354 1    
55:   0.303 0.383 0.313 1    
56:   0.339 0.343 0.318 1    
57:   0.337 0.384 0.279 1    
58:   0.359 0.321 0.320 1    
59:   0.360 0.314 0.326 1    
60:   0.319 0.405 0.276 1    
61:   0.303 0.404 0.293 1    
62:   0.291 0.295 0.414 1    
63:   0.352 0.283 0.365 1    
64:   0.300 0.408 0.292 1    
65:   0.308 0.347 0.345 1    
66:   0.326 0.363 0.311 1    
67:   0.337 0.278 0.385 1    
68:   0.308 0.293 0.399 1    
69:   0.338 0.311 0.351 1    
70:   0.322 0.328 0.350 1    
71:   0.347 0.356 0.297 1    
72:   0.360 0.306 0.334 1    
73:   0.394 0.339 0.267 1    
74:   0.342 0.353 0.305 1    
75:   0.332 0.325 0.342 1    
76:   0.289 0.387 0.324 1    
77:   0.316 0.305 0.379 1    
78:   0.318 0.299 0.383 1    
79:   0.282 0.428 0.290 1    
80:   0.323 0.344 0.333 1    
81:   0.340 0.320 0.339 1    
82:   0.328 0.364 0.308 1    
83:   0.335 0.331 0.334 1    
84:   0.294 0.333 0.372 1    
85:   0.378 0.330 0.292 1    
86:   0.351 0.301 0.348 1    
87:   0.406 0.297 0.297 1    
88:   0.267 0.371 0.362 1    
89:   0.373 0.297 0.330 1    
90:   0.291 0.337 0.372 1    
91:   0.299 0.308 0.394 1    
92:   0.344 0.334 0.322 1    
93:   0.299 0.332 0.369 1    
94:   0.299 0.327 0.374 1    
95:   0.292 0.334 0.373 1    
96:   0.309 0.331 0.360 1    
97:   0.345 0.307 0.347 1    
98:   0.326 0.319 0.354 1    
99:   0.338 0.318 0.344 1    
100:  0.301 0.367 0.331 1    
101:  0.340 0.289 0.371 1    
102:  0.337 0.332 0.331 1    
103:  0.307 0.299 0.394 1    
104:  0.288 0.355 0.358 1    
105:  0.334 0.312 0.355 1    
106:  0.346 0.270 0.384 1    
107:  0.319 0.336 0.345 1    
108:  0.304 0.361 0.335 1    
109:  0.289 0.355 0.357 1    
110:  0.318 0.344 0.338 1    
111:  0.361 0.308 0.331 1    
112:  0.373 0.351 0.276 1    
113:  0.290 0.406 0.305 1    
114:  0.306 0.344 0.350 1    
115:  0.337 0.319 0.343 1    
116:  0.324 0.337 0.339 1    
117:  0.332 0.339 0.329 1    
118:  0.312 0.279 0.409 1    
119:  0.364 0.311 0.325 1    
120:  0.351 0.267 0.382 1    
121:  0.316 0.337 0.347 1    
122:  0.277 0.379 0.344 1    
123:  0.321 0.388 0.291 1    
124:  0.274 0.462 0.264 1    
125:  0.331 0.362 0.307 1    
126:  0.283 0.398 0.319 1    
127:  0.324 0.288 0.389 1    
128:  0.393 0.331 0.276 1    
129:  0.306 0.367 0.327 1    
130:  0.289 0.371 0.340 1    
131:  0.332 0.328 0.340 1    
132:  0.339 0.329 0.333 1    
133:  0.275 0.414 0.312 1    
134:  0.311 0.395 0.294 1    
135:  0.393 0.308 0.298 1    
136:  0.267 0.317 0.416 1    
137:  0.268 0.307 0.425 1    
138:  0.312 0.300 0.388 1    
139:  0.346 0.288 0.366 1    
140:  0.261 0.374 0.365 1    
141:  0.321 0.293 0.386 1    
142:  0.305 0.315 0.380 1    
143:  0.341 0.330 0.328 1    
144:  0.388 0.311 0.300 1    
145:  0.277 0.328 0.394 1    
146:  0.295 0.404 0.301 1    
147:  0.310 0.338 0.352 1    
148:  0.416 0.320 0.264 1    
149:  0.365 0.286 0.349 1    
150:  0.352 0.334 0.315 1    
151:  0.368 0.338 0.294 1    
152:  0.344 0.346 0.309 1    
153:  0.386 0.306 0.309 1    
154:  0.345 0.332 0.323 1    
155:  0.288 0.369 0.343 1    
156:  0.274 0.301 0.425 1    
157:  0.274 0.373 0.353 1    
158:  0.321 0.381 0.297 1    
159:  0.322 0.289 0.389 1    
160:  0.321 0.377 0.302 1    
161:  0.320 0.342 0.338 1    
162:  0.369 0.329 0.301 1    
163:  0.328 0.369 0.303 1    
164:  0.346 0.321 0.333 1    
165:  0.356 0.330 0.314 1    
166:  0.338 0.343 0.320 1    
167:  0.333 0.297 0.370 1    
168:  0.286 0.414 0.299 1    
169:  0.354 0.311 0.335 1    
170:  0.299 0.328 0.373 1    
171:  0.325 0.355 0.319 1    
172:  0.310 0.434 0.256 1    
173:  0.293 0.343 0.364 1    
174:  0.308 0.345 0.347 1    
175:  0.302 0.341 0.357 1    
176:  0.312 0.370 0.318 1    
177:  0.415 0.298 0.287 1    
178:  0.331 0.358 0.311 1    
179:  0.304 0.337 0.359 1    
180:  0.355 0.307 0.338 1    
181:  0.391 0.283 0.327 1    
182:  0.311 0.362 0.326 1    
183:  0.300 0.325 0.375 1    
184:  0.321 0.331 0.348 1    
185:  0.407 0.300 0.293 1    
186:  0.317 0.285 0.398 1    
187:  0.315 0.309 0.376 1    
188:  0.349 0.315 0.335 1    
189:  0.302 0.313 0.385 1    
190:  0.326 0.344 0.330 1    
191:  0.345 0.300 0.356 1    
192:  0.309 0.329 0.362 1    
193:  0.274 0.351 0.375 1    
194:  0.333 0.340 0.327 1    
195:  0.348 0.314 0.338 1    
196:  0.310 0.339 0.350 1    
197:  0.358 0.323 0.319 1    
198:  0.367 0.351 0.283 1    
199:  0.350 0.318 0.331 1    
200:  0.363 0.323 0.314 1    
201:  0.272 0.419 0.310 1    
202:  0.403 0.331 0.266 1    
203:  0.375 0.332 0.293 1    
204:  0.309 0.403 0.288 1    
205:  0.335 0.333 0.332 1    
206:  0.298 0.360 0.343 1    
207:  0.262 0.311 0.427 1    
208:  0.309 0.374 0.316 1    
209:  0.272 0.296 0.432 1    
210:  0.332 0.352 0.315 1    
211:  0.387 0.337 0.276 1    
212:  0.301 0.378 0.321 1    
213:  0.292 0.364 0.344 1    
214:  0.293 0.365 0.342 1    
215:  0.313 0.336 0.352 1    
216:  0.306 0.343 0.351 1    
217:  0.372 0.306 0.323 1    
218:  0.319 0.340 0.341 1    
219:  0.383 0.316 0.301 1    
220:  0.339 0.369 0.292 1    
221:  0.283 0.338 0.379 1    
222:  0.353 0.279 0.368 1    
223:  0.319 0.317 0.364 1    
224:  0.384 0.350 0.266 1    
225:  0.252 0.296 0.451 1    
226:  0.289 0.326 0.385 1    
227:  0.339 0.346 0.316 1    
228:  0.309 0.381 0.310 1    
229:  0.333 0.331 0.335 1    
230:  0.316 0.372 0.312 1    
231:  0.335 0.319 0.346 1    
232:  0.372 0.327 0.301 1    
233:  0.310 0.417 0.273 1    
234:  0.286 0.365 0.349 1    
235:  0.283 0.338 0.379 1    
236:  0.352 0.336 0.312 1    
237:  0.324 0.362 0.315 1    
238:  0.321 0.336 0.344 1    
239:  0.289 0.342 0.369 1    
240:  0.301 0.329 0.370 1    
241:  0.305 0.380 0.314 1    
242:  0.321 0.321 0.358 1    
243:  0.346 0.360 0.294 1    
244:  0.290 0.338 0.371 1    
245:  0.306 0.376 0.318 1    
246:  0.348 0.351 0.301 1    
247:  0.293 0.310 0.397 1    
248:  0.328 0.274 0.398 1    
249:  0.279 0.311 0.410 1    
250:  0.279 0.326 0.396 1    
251:  0.329 0.316 0.355 1    
252:  0.331 0.288 0.381 1    
253:  0.327 0.346 0.327 1    
254:  0.382 0.271 0.347 1    
255:  0.436 0.247 0.317 1    
256:  0.363 0.277 0.360 1    
257:  0.340 0.297 0.363 1    
258:  0.404 0.290 0.307 1    
259:  0.286 0.356 0.358 1    
260:  0.379 0.300 0.321 1    
261:  0.386 0.299 0.315 1    
262:  0.311 0.384 0.305 1    
263:  0.294 0.293 0.413 1    
264:  0.357 0.316 0.327 1    
265:  0.421 0.268 0.310 1    
266:  0.343 0.324 0.333 1    
267:  0.401 0.294 0.305 1    
268:  0.304 0.361 0.335 1    
269:  0.363 0.321 0.316 1    
270:  0.392 0.306 0.302 1    
271:  0.357 0.332 0.312 1    
272:  0.324 0.369 0.307 1    
273:  0.290 0.337 0.373 1    
274:  0.352 0.333 0.315 1    
275:  0.358 0.354 0.288 1    
276:  0.388 0.284 0.328 1    
277:  0.389 0.287 0.323 1    
278:  0.358 0.292 0.350 1    
279:  0.329 0.338 0.333 1    
280:  0.388 0.346 0.267 1    
281:  0.343 0.391 0.266 1    
282:  0.355 0.268 0.376 1    
283:  0.409 0.327 0.265 1    
284:  0.312 0.328 0.360 1    
285:  0.387 0.287 0.325 1    
286:  0.316 0.356 0.327 1    
287:  0.367 0.317 0.317 1    
288:  0.365 0.360 0.275 1    
289:  0.334 0.306 0.360 1    
290:  0.368 0.363 0.270 1    
291:  0.390 0.321 0.289 1    
292:  0.356 0.325 0.319 1    
293:  0.382 0.292 0.326 1    
294:  0.434 0.276 0.290 1    
295:  0.347 0.311 0.342 1    
296:  0.322 0.354 0.324 1    
297:  0.408 0.293 0.299 1    
298:  0.317 0.306 0.377 1    
299:  0.333 0.354 0.313 1    
300:  0.369 0.319 0.312 1    
301:  0.436 0.254 0.310 1    
302:  0.316 0.388 0.296 1    
303:  0.385 0.343 0.272 1    
304:  0.329 0.365 0.306 1    
305:  0.382 0.323 0.296 1    
306:  0.367 0.330 0.303 1    
307:  0.313 0.350 0.337 1    
308:  0.455 0.283 0.262 1    
309:  0.263 0.366 0.371 1    
310:  0.269 0.296 0.435 1    
311:  0.361 0.300 0.339 1    
312:  0.390 0.307 0.303 1    
313:  0.345 0.336 0.318 1    
314:  0.374 0.327 0.299 1    
315:  0.319 0.295 0.386 1    
316:  0.321 0.314 0.364 1    
317:  0.345 0.334 0.322 1    
318:  0.301 0.299 0.400 1    
319:  0.397 0.328 0.275 1    
320:  0.333 0.308 0.359 1    
321:  0.300 0.321 0.378 1    
322:  0.413 0.274 0.313 1    
323:  0.321 0.356 0.323 1    
324:  0.331 0.296 0.374 1    
325:  0.332 0.337 0.331 1    
326:  0.313 0.292 0.395 1    
327:  0.318 0.318 0.364 1    
328:  0.366 0.296 0.338 1    
329:  0.330 0.323 0.347 1    
330:  0.348 0.313 0.339 1    
331:  0.320 0.336 0.345 1    
332:  0.293 0.318 0.389 1    
333:  0.341 0.328 0.331 1    
334:  0.353 0.328 0.319 1    
335:  0.386 0.289 0.326 1    
336:  0.364 0.367 0.269 1    
337:  0.365 0.354 0.281 1    
338:  0.365 0.339 0.296 1    
339:  0.321 0.369 0.310 1    
340:  0.311 0.351 0.338 1    
341:  0.336 0.351 0.312 1    
342:  0.369 0.339 0.292 1    
343:  0.285 0.364 0.351 1    
344:  0.325 0.309 0.365 1    
345:  0.296 0.334 0.371 1    
346:  0.285 0.379 0.336 1    
347:  0.338 0.363 0.299 1    
              
              
1:    0.276 0.337 0.387 1    
2:    0.325 0.289 0.387 1    
3:    0.349 0.337 0.314 1    
4:    0.371 0.360 0.270 1    
5:    0.340 0.405 0.255 1    
6:    0.339 0.331 0.330 1    
7:    0.288 0.365 0.348 1    
8:    0.320 0.424 0.256 1    
9:    0.312 0.321 0.367 1    
10:   0.318 0.390 0.291 1    
11:   0.372 0.276 0.353 1    
12:   0.334 0.309 0.357 1    
13:   0.386 0.328 0.286 1    
14:   0.296 0.373 0.331 1    
15:   0.273 0.351 0.376 1    
16:   0.296 0.317 0.387 1    
17:   0.492 0.239 0.269 1    
18:   0.312 0.332 0.357 1    
19:   0.322 0.283 0.395 1    
20:   0.313 0.262 0.426 1    
21:   0.287 0.283 0.430 1    
22:   0.287 0.271 0.443 1    
23:   0.325 0.305 0.369 1    
24:   0.344 0.356 0.300 1    
25:   0.337 0.294 0.369 1    
26:   0.363 0.299 0.337 1    
27:   0.305 0.362 0.332 1    
28:   0.269 0.272 0.459 1    
29:   0.364 0.274 0.362 1    
30:   0.298 0.362 0.340 1    
31:   0.333 0.370 0.297 1    
32:   0.300 0.360 0.340 1    
33:   0.301 0.296 0.403 1    
34:   0.360 0.293 0.347 1    
35:   0.293 0.320 0.387 1    
36:   0.276 0.371 0.352 1    
37:   0.412 0.328 0.260 1    
38:   0.376 0.372 0.253 1    
39:   0.283 0.264 0.453 1    
40:   0.277 0.243 0.481 1    
41:   0.344 0.261 0.395 1    
42:   0.335 0.335 0.330 1    
43:   0.349 0.296 0.355 1    
44:   0.314 0.468 0.218 1    
45:   0.337 0.247 0.416 1    
46:   0.286 0.385 0.329 1    
47:   0.283 0.367 0.350 1    
48:   0.324 0.441 0.235 1    
49:   0.445 0.238 0.317 1    
50:   0.344 0.346 0.309 1    
51:   0.384 0.345 0.271 1    
52:   0.344 0.350 0.307 1    
53:   0.344 0.232 0.425 1    
54:   0.281 0.354 0.365 1    
55:   0.294 0.294 0.413 1    
56:   0.341 0.307 0.352 1    
57:   0.327 0.250 0.423 1    
58:   0.372 0.316 0.313 1    
59:   0.373 0.337 0.291 1    
60:   0.303 0.233 0.464 1    
61:   0.291 0.248 0.462 1    
62:   0.276 0.465 0.259 1    
63:   0.355 0.389 0.256 1    
64:   0.291 0.253 0.455 1    
65:   0.307 0.332 0.361 1    
66:   0.320 0.290 0.389 1    
67:   0.330 0.431 0.239 1    
68:   0.301 0.440 0.259 1    
69:   0.326 0.368 0.306 1    
70:   0.317 0.359 0.324 1    
71:   0.358 0.265 0.377 1    
72:   0.372 0.329 0.299 1    
73:   0.416 0.232 0.352 1    
74:   0.336 0.281 0.383 1    
75:   0.338 0.344 0.318 1    
76:   0.274 0.295 0.431 1    
77:   0.309 0.411 0.280 1    
78:   0.307 0.418 0.275 1    
79:   0.262 0.252 0.486 1    
80:   0.324 0.331 0.346 1    
81:   0.334 0.348 0.318 1    
82:   0.329 0.285 0.387 1    
83:   0.335 0.334 0.331 1    
84:   0.286 0.394 0.319 1    
85:   0.387 0.267 0.346 1    
86:   0.354 0.362 0.284 1    
87:   0.435 0.279 0.286 1    
88:   0.250 0.365 0.385 1    
89:   0.387 0.332 0.281 1    
90:   0.280 0.395 0.325 1    
91:   0.295 0.423 0.282 1    
92:   0.346 0.316 0.338 1    
93:   0.289 0.390 0.321 1    
94:   0.282 0.399 0.319 1    
95:   0.279 0.391 0.331 1    
96:   0.307 0.363 0.330 1    
97:   0.344 0.355 0.301 1    
98:   0.322 0.368 0.311 1    
99:   0.336 0.349 0.315 1    
100:  0.290 0.333 0.377 1    
101:  0.327 0.411 0.262 1    
102:  0.341 0.339 0.320 1    
103:  0.292 0.447 0.261 1    
104:  0.280 0.369 0.351 1    
105:  0.333 0.370 0.297 1    
106:  0.344 0.424 0.232 1    
107:  0.313 0.359 0.327 1    
108:  0.300 0.328 0.372 1    
109:  0.280 0.362 0.358 1    
110:  0.314 0.341 0.344 1    
111:  0.373 0.338 0.288 1    
112:  0.381 0.240 0.378 1    
113:  0.275 0.265 0.459 1    
114:  0.299 0.351 0.350 1    
115:  0.337 0.356 0.307 1    
116:  0.331 0.339 0.329 1    
117:  0.324 0.329 0.347 1    
118:  0.308 0.458 0.234 1    
119:  0.380 0.325 0.295 1    
120:  0.352 0.423 0.225 1    
121:  0.311 0.348 0.341 1    
122:  0.259 0.333 0.408 1    
123:  0.317 0.257 0.425 1    
124:  0.256 0.207 0.537 1    
125:  0.326 0.295 0.379 1    
126:  0.262 0.293 0.446 1    
127:  0.317 0.429 0.253 1    
128:  0.413 0.248 0.340 1    
129:  0.295 0.321 0.384 1    
130:  0.275 0.335 0.390 1    
131:  0.337 0.352 0.311 1    
132:  0.337 0.343 0.320 1    
133:  0.258 0.282 0.460 1    
134:  0.303 0.262 0.435 1    
135:  0.415 0.277 0.308 1    
136:  0.242 0.481 0.277 1    
137:  0.250 0.475 0.275 1    
138:  0.314 0.421 0.265 1    
139:  0.354 0.388 0.258 1    
140:  0.238 0.370 0.392 1    
141:  0.301 0.431 0.268 1    
142:  0.297 0.417 0.286 1    
143:  0.351 0.320 0.329 1    
144:  0.404 0.289 0.307 1    
145:  0.262 0.431 0.307 1    
146:  0.280 0.262 0.458 1    
147:  0.302 0.368 0.329 1    
148:  0.440 0.232 0.328 1    
149:  0.375 0.357 0.269 1    
150:  0.369 0.300 0.331 1    
151:  0.385 0.267 0.348 1    
152:  0.351 0.296 0.354 1    
153:  0.406 0.306 0.288 1    
154:  0.354 0.316 0.330 1    
155:  0.280 0.350 0.369 1    
156:  0.250 0.483 0.267 1    
157:  0.256 0.352 0.392 1    
158:  0.311 0.273 0.416 1    
159:  0.306 0.440 0.254 1    
160:  0.314 0.279 0.406 1    
161:  0.318 0.330 0.352 1    
162:  0.380 0.286 0.334 1    
163:  0.327 0.274 0.400 1    
164:  0.353 0.322 0.325 1    
165:  0.358 0.305 0.337 1    
166:  0.339 0.305 0.356 1    
167:  0.317 0.412 0.271 1    
168:  0.273 0.266 0.461 1    
169:  0.365 0.344 0.291 1    
170:  0.284 0.395 0.322 1    
171:  0.322 0.308 0.370 1    
172:  0.289 0.202 0.509 1    
173:  0.283 0.380 0.337 1    
174:  0.305 0.343 0.351 1    
175:  0.290 0.370 0.340 1    
176:  0.302 0.301 0.397 1    
177:  0.449 0.269 0.281 1    
178:  0.324 0.302 0.374 1    
179:  0.299 0.370 0.330 1    
180:  0.355 0.353 0.292 1    
181:  0.408 0.337 0.255 1    
182:  0.305 0.323 0.373 1    
183:  0.286 0.398 0.316 1    
184:  0.311 0.353 0.336 1    
185:  0.435 0.281 0.284 1    
186:  0.306 0.451 0.243 1    
187:  0.308 0.397 0.296 1    
188:  0.359 0.334 0.307 1    
189:  0.294 0.414 0.293 1    
190:  0.319 0.333 0.348 1    
191:  0.336 0.385 0.279 1    
192:  0.301 0.379 0.320 1    
193:  0.260 0.382 0.358 1    
194:  0.326 0.325 0.349 1    
195:  0.351 0.345 0.304 1    
196:  0.313 0.357 0.330 1    
197:  0.365 0.312 0.323 1    
198:  0.378 0.249 0.373 1    
199:  0.355 0.342 0.303 1    
200:  0.374 0.292 0.334 1    
201:  0.251 0.278 0.471 1    
202:  0.430 0.232 0.337 1    
203:  0.389 0.278 0.333 1    
204:  0.296 0.251 0.453 1    
205:  0.326 0.333 0.341 1    
206:  0.291 0.341 0.367 1    
207:  0.245 0.482 0.274 1    
208:  0.298 0.298 0.405 1    
209:  0.254 0.493 0.253 1    
210:  0.332 0.293 0.375 1    
211:  0.412 0.238 0.350 1    
212:  0.287 0.305 0.408 1    
213:  0.276 0.338 0.386 1    
214:  0.287 0.343 0.371 1    
215:  0.306 0.359 0.334 1    
216:  0.304 0.351 0.345 1    
217:  0.385 0.317 0.298 1    
218:  0.311 0.349 0.340 1    
219:  0.405 0.282 0.313 1    
220:  0.334 0.264 0.403 1    
221:  0.271 0.400 0.328 1    
222:  0.353 0.396 0.251 1    
223:  0.307 0.384 0.309 1    
224:  0.394 0.230 0.376 1    
225:  0.229 0.524 0.247 1    
226:  0.277 0.407 0.316 1    
227:  0.327 0.302 0.371 1    
228:  0.296 0.285 0.419 1    
229:  0.332 0.343 0.325 1    
230:  0.313 0.292 0.395 1    
231:  0.349 0.348 0.302 1    
232:  0.395 0.277 0.328 1    
233:  0.289 0.222 0.489 1    
234:  0.268 0.355 0.377 1    
235:  0.265 0.412 0.323 1    
236:  0.372 0.300 0.328 1    
237:  0.316 0.301 0.383 1    
238:  0.305 0.355 0.340 1    
239:  0.270 0.384 0.346 1    
240:  0.293 0.396 0.311 1    
241:  0.298 0.294 0.408 1    
242:  0.319 0.366 0.315 1    
243:  0.349 0.269 0.382 1    
244:  0.283 0.389 0.328 1    
245:  0.295 0.301 0.404 1    
246:  0.349 0.278 0.373 1    
247:  0.271 0.451 0.278 1    
248:  0.323 0.443 0.234 1    
249:  0.256 0.464 0.280 1    
250:  0.262 0.425 0.313 1    
251:  0.329 0.368 0.303 1    
252:  0.322 0.417 0.261 1    
253:  0.328 0.312 0.360 1    
254:  0.400 0.367 0.233 1    
255:  0.468 0.327 0.204 1    
256:  0.364 0.393 0.243 1    
257:  0.334 0.391 0.275 1    
258:  0.431 0.302 0.267 1    
259:  0.272 0.366 0.362 1    
260:  0.393 0.323 0.284 1    
261:  0.415 0.306 0.279 1    
262:  0.304 0.284 0.412 1    
263:  0.286 0.451 0.263 1    
264:  0.359 0.331 0.310 1    
265:  0.450 0.311 0.239 1    
266:  0.350 0.336 0.314 1    
267:  0.432 0.282 0.285 1    
268:  0.300 0.333 0.366 1    
269:  0.373 0.307 0.320 1    
270:  0.417 0.292 0.291 1    
271:  0.367 0.311 0.321 1    
272:  0.319 0.291 0.390 1    
273:  0.273 0.402 0.325 1    
274:  0.368 0.307 0.324 1    
275:  0.372 0.259 0.369 1    
276:  0.393 0.342 0.265 1    
277:  0.417 0.311 0.271 1    
278:  0.362 0.374 0.265 1    
279:  0.326 0.338 0.336 1    
280:  0.403 0.224 0.373 1    
281:  0.339 0.216 0.445 1    
282:  0.360 0.415 0.225 1    
283:  0.432 0.232 0.336 1    
284:  0.304 0.384 0.311 1    
285:  0.403 0.327 0.270 1    
286:  0.313 0.316 0.371 1    
287:  0.376 0.315 0.309 1    
288:  0.365 0.245 0.390 1    
289:  0.339 0.377 0.283 1    
290:  0.379 0.231 0.390 1    
291:  0.416 0.273 0.312 1    
292:  0.369 0.317 0.314 1    
293:  0.400 0.333 0.267 1    
294:  0.463 0.283 0.253 1    
295:  0.353 0.354 0.292 1    
296:  0.327 0.313 0.360 1    
297:  0.443 0.288 0.268 1    
298:  0.309 0.411 0.280 1    
299:  0.332 0.294 0.374 1    
300:  0.389 0.302 0.309 1    
301:  0.470 0.312 0.219 1    
302:  0.309 0.269 0.422 1    
303:  0.407 0.242 0.351 1    
304:  0.328 0.281 0.392 1    
305:  0.402 0.267 0.331 1    
306:  0.380 0.283 0.337 1    
307:  0.318 0.333 0.349 1    
308:  0.493 0.233 0.274 1    
309:  0.246 0.366 0.388 1    
310:  0.252 0.490 0.258 1    
311:  0.374 0.347 0.279 1    
312:  0.405 0.293 0.301 1    
313:  0.352 0.310 0.338 1    
314:  0.389 0.286 0.326 1    
315:  0.320 0.417 0.264 1    
316:  0.316 0.385 0.298 1    
317:  0.349 0.312 0.339 1    
318:  0.291 0.444 0.265 1    
319:  0.426 0.243 0.331 1    
320:  0.331 0.386 0.283 1    
321:  0.284 0.406 0.310 1    
322:  0.444 0.309 0.247 1    
323:  0.320 0.312 0.368 1    
324:  0.330 0.405 0.265 1    
325:  0.339 0.328 0.333 1    
326:  0.291 0.453 0.257 1    
327:  0.317 0.387 0.296 1    
328:  0.382 0.354 0.264 1    
329:  0.334 0.358 0.308 1    
330:  0.343 0.351 0.306 1    
331:  0.306 0.363 0.331 1    
332:  0.280 0.424 0.295 1    
333:  0.351 0.325 0.324 1    
334:  0.357 0.308 0.335 1    
335:  0.404 0.329 0.266 1    
336:  0.373 0.235 0.392 1    
337:  0.363 0.252 0.384 1    
338:  0.364 0.281 0.355 1    
339:  0.319 0.289 0.392 1    
340:  0.304 0.339 0.358 1    
341:  0.340 0.299 0.362 1    
342:  0.385 0.262 0.353 1    
343:  0.271 0.361 0.368 1    
344:  0.331 0.389 0.281 1    
345:  0.287 0.388 0.325 1    
346:  0.269 0.327 0.404 1    
347:  0.337 0.278 0.385 1    
              
              
1:    0.350 0.364 0.285 1    
2:    0.320 0.355 0.325 1    
3:    0.337 0.323 0.340 1    
4:    0.331 0.296 0.373 1    
5:    0.362 0.304 0.334 1    
6:    0.324 0.329 0.347 1    
7:    0.359 0.347 0.293 1    
8:    0.375 0.308 0.317 1    
9:    0.334 0.349 0.317 1    
10:   0.356 0.322 0.322 1    
11:   0.300 0.328 0.373 1    
12:   0.325 0.340 0.335 1    
13:   0.320 0.302 0.379 1    
14:   0.354 0.342 0.304 1    
15:   0.357 0.361 0.282 1    
16:   0.343 0.362 0.295 1    
17:   0.256 0.266 0.478 1    
18:   0.339 0.347 0.315 1    
19:   0.319 0.358 0.323 1    
20:   0.313 0.370 0.317 1    
21:   0.327 0.377 0.295 1    
22:   0.321 0.382 0.297 1    
23:   0.324 0.351 0.325 1    
24:   0.339 0.321 0.340 1    
25:   0.318 0.346 0.335 1    
26:   0.317 0.324 0.360 1    
27:   0.352 0.334 0.313 1    
28:   0.326 0.391 0.283 1    
29:   0.303 0.338 0.359 1    
30:   0.353 0.348 0.299 1    
31:   0.343 0.325 0.332 1    
32:   0.351 0.347 0.302 1    
33:   0.330 0.360 0.309 1    
34:   0.308 0.324 0.368 1    
35:   0.337 0.364 0.300 1    
36:   0.366 0.352 0.282 1    
37:   0.315 0.290 0.394 1    
38:   0.337 0.296 0.367 1    
39:   0.319 0.382 0.299 1    
40:   0.312 0.395 0.294 1    
41:   0.299 0.350 0.351 1    
42:   0.333 0.329 0.338 1    
43:   0.314 0.343 0.343 1    
44:   0.387 0.301 0.312 1    
45:   0.302 0.365 0.333 1    
46:   0.364 0.342 0.293 1    
47:   0.365 0.348 0.288 1    
48:   0.376 0.298 0.327 1    
49:   0.270 0.297 0.433 1    
50:   0.332 0.325 0.343 1    
51:   0.323 0.297 0.380 1    
52:   0.337 0.317 0.346 1    
53:   0.292 0.363 0.346 1    
54:   0.356 0.360 0.284 1    
55:   0.329 0.373 0.298 1    
56:   0.324 0.332 0.344 1    
57:   0.305 0.357 0.338 1    
58:   0.314 0.315 0.370 1    
59:   0.322 0.312 0.366 1    
60:   0.301 0.382 0.317 1    
61:   0.315 0.386 0.300 1    
62:   0.398 0.321 0.282 1    
63:   0.352 0.301 0.347 1    
64:   0.316 0.387 0.297 1    
65:   0.344 0.350 0.306 1    
66:   0.324 0.351 0.324 1    
67:   0.369 0.298 0.333 1    
68:   0.380 0.315 0.305 1    
69:   0.346 0.326 0.328 1    
70:   0.349 0.331 0.319 1    
71:   0.304 0.342 0.354 1    
72:   0.326 0.309 0.365 1    
73:   0.274 0.318 0.407 1    
74:   0.314 0.346 0.340 1    
75:   0.340 0.324 0.335 1    
76:   0.335 0.383 0.282 1    
77:   0.367 0.323 0.310 1    
78:   0.373 0.319 0.308 1    
79:   0.320 0.409 0.271 1    
80:   0.339 0.336 0.325 1    
81:   0.337 0.329 0.334 1    
82:   0.317 0.353 0.330 1    
83:   0.331 0.329 0.339 1    
84:   0.375 0.336 0.289 1    
85:   0.296 0.323 0.381 1    
86:   0.339 0.306 0.354 1    
87:   0.288 0.290 0.422 1    
88:   0.366 0.374 0.260 1    
89:   0.325 0.296 0.379 1    
90:   0.366 0.346 0.288 1    
91:   0.376 0.322 0.301 1    
92:   0.321 0.325 0.354 1    
93:   0.367 0.341 0.292 1    
94:   0.367 0.338 0.295 1    
95:   0.367 0.349 0.285 1    
96:   0.352 0.337 0.311 1    
97:   0.340 0.315 0.346 1    
98:   0.355 0.328 0.317 1    
99:   0.343 0.326 0.330 1    
100:  0.344 0.363 0.294 1    
101:  0.364 0.307 0.329 1    
102:  0.330 0.328 0.342 1    
103:  0.378 0.322 0.300 1    
104:  0.358 0.357 0.285 1    
105:  0.344 0.322 0.334 1    
106:  0.361 0.293 0.345 1    
107:  0.347 0.334 0.319 1    
108:  0.342 0.354 0.304 1    
109:  0.358 0.355 0.287 1    
110:  0.338 0.347 0.316 1    
111:  0.326 0.306 0.368 1    
112:  0.286 0.337 0.378 1    
113:  0.324 0.390 0.286 1    
114:  0.350 0.346 0.304 1    
115:  0.337 0.329 0.334 1    
116:  0.339 0.336 0.325 1    
117:  0.332 0.333 0.335 1    
118:  0.388 0.302 0.310 1    
119:  0.321 0.310 0.370 1    
120:  0.358 0.290 0.352 1    
121:  0.346 0.338 0.316 1    
122:  0.355 0.379 0.265 1    
123:  0.308 0.371 0.322 1    
124:  0.305 0.429 0.265 1    
125:  0.319 0.357 0.324 1    
126:  0.337 0.387 0.276 1    
127:  0.374 0.311 0.314 1    
128:  0.280 0.314 0.407 1    
129:  0.337 0.360 0.303 1    
130:  0.345 0.369 0.286 1    
131:  0.340 0.327 0.333 1    
132:  0.335 0.328 0.337 1    
133:  0.336 0.396 0.269 1    
134:  0.315 0.379 0.307 1    
135:  0.293 0.303 0.404 1    
136:  0.411 0.336 0.253 1    
137:  0.412 0.331 0.258 1    
138:  0.372 0.316 0.312 1    
139:  0.347 0.304 0.349 1    
140:  0.373 0.375 0.252 1    
141:  0.375 0.316 0.309 1    
142:  0.375 0.327 0.299 1    
143:  0.320 0.330 0.350 1    
144:  0.297 0.308 0.395 1    
145:  0.385 0.344 0.271 1    
146:  0.321 0.389 0.290 1    
147:  0.353 0.347 0.301 1    
148:  0.267 0.305 0.427 1    
149:  0.331 0.298 0.371 1    
150:  0.311 0.323 0.367 1    
151:  0.296 0.324 0.380 1    
152:  0.316 0.341 0.343 1    
153:  0.301 0.303 0.397 1    
154:  0.317 0.332 0.351 1    
155:  0.352 0.361 0.287 1    
156:  0.407 0.330 0.263 1    
157:  0.363 0.370 0.267 1    
158:  0.320 0.365 0.315 1    
159:  0.377 0.312 0.311 1    
160:  0.313 0.369 0.319 1    
161:  0.335 0.343 0.322 1    
162:  0.307 0.317 0.376 1    
163:  0.314 0.352 0.335 1    
164:  0.325 0.322 0.353 1    
165:  0.314 0.326 0.361 1    
166:  0.326 0.340 0.334 1    
167:  0.363 0.314 0.323 1    
168:  0.322 0.399 0.279 1    
169:  0.327 0.315 0.359 1    
170:  0.368 0.341 0.291 1    
171:  0.326 0.354 0.320 1    
172:  0.294 0.406 0.299 1    
173:  0.360 0.351 0.289 1    
174:  0.342 0.346 0.312 1    
175:  0.356 0.346 0.298 1    
176:  0.332 0.362 0.306 1    
177:  0.281 0.286 0.433 1    
178:  0.325 0.354 0.322 1    
179:  0.354 0.344 0.302 1    
180:  0.332 0.313 0.355 1    
181:  0.316 0.282 0.402 1    
182:  0.334 0.353 0.314 1    
183:  0.373 0.338 0.290 1    
184:  0.348 0.336 0.316 1    
185:  0.287 0.302 0.411 1    
186:  0.382 0.307 0.311 1    
187:  0.363 0.325 0.312 1    
188:  0.329 0.320 0.351 1    
189:  0.372 0.326 0.301 1    
190:  0.337 0.345 0.317 1    
191:  0.350 0.312 0.338 1    
192:  0.363 0.333 0.304 1    
193:  0.374 0.361 0.265 1    
194:  0.328 0.346 0.326 1    
195:  0.333 0.317 0.350 1    
196:  0.347 0.345 0.308 1    
197:  0.319 0.323 0.358 1    
198:  0.290 0.338 0.372 1    
199:  0.327 0.318 0.354 1    
200:  0.307 0.321 0.372 1    
201:  0.333 0.401 0.266 1    
202:  0.267 0.309 0.424 1    
203:  0.299 0.319 0.382 1    
204:  0.309 0.384 0.307 1    
205:  0.336 0.335 0.330 1    
206:  0.347 0.359 0.295 1    
207:  0.414 0.334 0.253 1    
208:  0.331 0.367 0.302 1    
209:  0.409 0.331 0.261 1    
210:  0.319 0.347 0.334 1    
211:  0.279 0.322 0.398 1    
212:  0.333 0.370 0.297 1    
213:  0.351 0.366 0.283 1    
214:  0.346 0.366 0.288 1    
215:  0.350 0.339 0.312 1    
216:  0.348 0.345 0.307 1    
217:  0.315 0.303 0.382 1    
218:  0.339 0.344 0.317 1    
219:  0.298 0.302 0.400 1    
220:  0.308 0.360 0.332 1    
221:  0.375 0.349 0.276 1    
222:  0.351 0.293 0.355 1    
223:  0.363 0.331 0.306 1    
224:  0.278 0.332 0.390 1    
225:  0.432 0.331 0.237 1    
226:  0.378 0.339 0.283 1    
227:  0.324 0.347 0.329 1    
228:  0.322 0.374 0.303 1    
229:  0.340 0.334 0.326 1    
230:  0.324 0.360 0.317 1    
231:  0.337 0.318 0.345 1    
232:  0.297 0.319 0.384 1    
233:  0.303 0.392 0.305 1    
234:  0.355 0.366 0.279 1    
235:  0.380 0.345 0.275 1    
236:  0.317 0.324 0.360 1    
237:  0.325 0.358 0.318 1    
238:  0.346 0.343 0.311 1    
239:  0.371 0.350 0.279 1    
240:  0.370 0.335 0.295 1    
241:  0.330 0.368 0.302 1    
242:  0.353 0.326 0.321 1    
243:  0.306 0.344 0.350 1    
244:  0.370 0.341 0.289 1    
245:  0.331 0.374 0.294 1    
246:  0.304 0.351 0.345 1    
247:  0.388 0.331 0.281 1    
248:  0.376 0.301 0.323 1    
249:  0.399 0.334 0.267 1    
250:  0.391 0.341 0.268 1    
251:  0.351 0.322 0.328 1    
252:  0.366 0.309 0.325 1    
253:  0.331 0.343 0.326 1    
254:  0.328 0.284 0.388 1    
255:  0.296 0.254 0.450 1    
256:  0.349 0.291 0.360 1    
257:  0.357 0.308 0.335 1    
258:  0.299 0.285 0.416 1    
259:  0.359 0.364 0.277 1    
260:  0.311 0.302 0.386 1    
261:  0.304 0.294 0.402 1    
262:  0.316 0.376 0.308 1    
263:  0.394 0.319 0.287 1    
264:  0.323 0.321 0.357 1    
265:  0.297 0.275 0.428 1    
266:  0.326 0.327 0.346 1    
267:  0.289 0.295 0.416 1    
268:  0.342 0.360 0.298 1    
269:  0.314 0.322 0.364 1    
270:  0.297 0.293 0.410 1    
271:  0.314 0.327 0.359 1    
272:  0.322 0.360 0.318 1    
273:  0.370 0.352 0.277 1    
274:  0.315 0.327 0.357 1    
275:  0.294 0.338 0.367 1    
276:  0.318 0.289 0.393 1    
277:  0.309 0.293 0.398 1    
278:  0.344 0.298 0.358 1    
279:  0.335 0.334 0.331 1    
280:  0.275 0.326 0.398 1    
281:  0.290 0.371 0.339 1    
282:  0.353 0.287 0.360 1    
283:  0.272 0.311 0.417 1    
284:  0.354 0.343 0.303 1    
285:  0.311 0.297 0.392 1    
286:  0.334 0.353 0.313 1    
287:  0.318 0.312 0.370 1    
288:  0.290 0.344 0.366 1    
289:  0.347 0.323 0.330 1    
290:  0.282 0.342 0.376 1    
291:  0.290 0.305 0.405 1    
292:  0.315 0.327 0.358 1    
293:  0.316 0.291 0.392 1    
294:  0.277 0.269 0.454 1    
295:  0.334 0.308 0.358 1    
296:  0.326 0.346 0.329 1    
297:  0.291 0.289 0.421 1    
298:  0.362 0.324 0.314 1    
299:  0.314 0.347 0.338 1    
300:  0.310 0.313 0.377 1    
301:  0.287 0.260 0.453 1    
302:  0.313 0.369 0.318 1    
303:  0.281 0.320 0.399 1    
304:  0.317 0.353 0.330 1    
305:  0.292 0.318 0.390 1    
306:  0.304 0.323 0.372 1    
307:  0.339 0.347 0.314 1    
308:  0.257 0.276 0.467 1    
309:  0.375 0.371 0.254 1    
310:  0.413 0.325 0.263 1    
311:  0.328 0.301 0.371 1    
312:  0.302 0.305 0.393 1    
313:  0.315 0.332 0.353 1    
314:  0.297 0.319 0.384 1    
315:  0.371 0.307 0.322 1    
316:  0.355 0.326 0.319 1    
317:  0.322 0.324 0.354 1    
318:  0.384 0.319 0.297 1    
319:  0.278 0.305 0.417 1    
320:  0.352 0.321 0.327 1    
321:  0.370 0.338 0.293 1    
322:  0.301 0.272 0.427 1    
323:  0.329 0.345 0.326 1    
324:  0.366 0.309 0.324 1    
325:  0.327 0.336 0.337 1    
326:  0.383 0.314 0.303 1    
327:  0.355 0.328 0.317 1    
328:  0.327 0.297 0.376 1    
329:  0.345 0.323 0.332 1    
330:  0.335 0.320 0.346 1    
331:  0.349 0.339 0.312 1    
332:  0.378 0.333 0.289 1    
333:  0.325 0.326 0.349 1    
334:  0.313 0.332 0.355 1    
335:  0.313 0.295 0.392 1    
336:  0.282 0.348 0.370 1    
337:  0.296 0.344 0.360 1    
338:  0.302 0.334 0.364 1    
339:  0.318 0.356 0.326 1    
340:  0.341 0.358 0.300 1    
341:  0.319 0.344 0.337 1    
342:  0.293 0.329 0.378 1    
343:  0.358 0.360 0.282 1    
344:  0.354 0.318 0.328 1    
345:  0.367 0.342 0.290 1    
346:  0.349 0.375 0.276 1    
347:  0.313 0.353 0.334 1    
              
              
1:    0.356 0.360 0.284 1    
2:    0.342 0.340 0.319 1    
3:    0.331 0.328 0.341 1    
4:    0.318 0.313 0.369 1    
5:    0.334 0.330 0.336 1    
6:    0.332 0.328 0.340 1    
7:    0.349 0.358 0.293 1    
8:    0.344 0.337 0.319 1    
9:    0.340 0.339 0.321 1    
10:   0.345 0.336 0.319 1    
11:   0.310 0.322 0.368 1    
12:   0.328 0.341 0.331 1    
13:   0.310 0.316 0.375 1    
14:   0.350 0.343 0.307 1    
15:   0.356 0.363 0.282 1    
16:   0.346 0.352 0.302 1    
17:   0.262 0.267 0.471 1    
18:   0.344 0.345 0.311 1    
19:   0.337 0.342 0.320 1    
20:   0.341 0.347 0.312 1    
21:   0.347 0.359 0.294 1    
22:   0.348 0.352 0.300 1    
23:   0.334 0.339 0.326 1    
24:   0.330 0.328 0.342 1    
25:   0.333 0.333 0.334 1    
26:   0.319 0.330 0.351 1    
27:   0.341 0.350 0.309 1    
28:   0.351 0.370 0.278 1    
29:   0.319 0.325 0.356 1    
30:   0.346 0.352 0.302 1    
31:   0.339 0.331 0.330 1    
32:   0.352 0.344 0.304 1    
33:   0.345 0.352 0.303 1    
34:   0.321 0.326 0.352 1    
35:   0.345 0.352 0.304 1    
36:   0.359 0.362 0.279 1    
37:   0.307 0.303 0.390 1    
38:   0.319 0.314 0.367 1    
39:   0.344 0.358 0.298 1    
40:   0.344 0.362 0.294 1    
41:   0.314 0.334 0.351 1    
42:   0.327 0.341 0.332 1    
43:   0.332 0.324 0.343 1    
44:   0.351 0.332 0.317 1    
45:   0.331 0.341 0.328 1    
46:   0.355 0.352 0.293 1    
47:   0.356 0.359 0.285 1    
48:   0.348 0.326 0.326 1    
49:   0.279 0.294 0.427 1    
50:   0.332 0.324 0.344 1    
51:   0.309 0.308 0.384 1    
52:   0.328 0.331 0.342 1    
53:   0.317 0.335 0.349 1    
54:   0.358 0.359 0.283 1    
55:   0.352 0.351 0.297 1    
56:   0.330 0.336 0.334 1    
57:   0.333 0.336 0.331 1    
58:   0.309 0.315 0.376 1    
59:   0.323 0.308 0.369 1    
60:   0.331 0.347 0.323 1    
61:   0.339 0.360 0.301 1    
62:   0.366 0.349 0.285 1    
63:   0.325 0.323 0.352 1    
64:   0.348 0.356 0.296 1    
65:   0.345 0.348 0.307 1    
66:   0.333 0.345 0.321 1    
67:   0.337 0.329 0.334 1    
68:   0.356 0.337 0.307 1    
69:   0.333 0.334 0.333 1    
70:   0.346 0.338 0.317 1    
71:   0.316 0.327 0.356 1    
72:   0.317 0.322 0.362 1    
73:   0.291 0.300 0.409 1    
74:   0.320 0.339 0.340 1    
75:   0.328 0.335 0.337 1    
76:   0.357 0.362 0.281 1    
77:   0.347 0.339 0.314 1    
78:   0.346 0.346 0.307 1    
79:   0.355 0.368 0.277 1    
80:   0.337 0.345 0.318 1    
81:   0.332 0.331 0.337 1    
82:   0.334 0.342 0.324 1    
83:   0.333 0.327 0.340 1    
84:   0.356 0.356 0.288 1    
85:   0.308 0.313 0.379 1    
86:   0.330 0.317 0.353 1    
87:   0.291 0.294 0.415 1    
88:   0.378 0.364 0.258 1    
89:   0.312 0.308 0.380 1    
90:   0.359 0.348 0.293 1    
91:   0.351 0.350 0.299 1    
92:   0.329 0.321 0.350 1    
93:   0.355 0.348 0.297 1    
94:   0.355 0.349 0.296 1    
95:   0.357 0.360 0.284 1    
96:   0.344 0.350 0.306 1    
97:   0.333 0.327 0.340 1    
98:   0.339 0.339 0.323 1    
99:   0.336 0.332 0.332 1    
100:  0.349 0.353 0.297 1    
101:  0.334 0.333 0.333 1    
102:  0.333 0.322 0.345 1    
103:  0.353 0.342 0.305 1    
104:  0.360 0.349 0.290 1    
105:  0.336 0.331 0.332 1    
106:  0.330 0.327 0.344 1    
107:  0.341 0.343 0.316 1    
108:  0.353 0.348 0.299 1    
109:  0.355 0.361 0.284 1    
110:  0.345 0.335 0.320 1    
111:  0.320 0.316 0.365 1    
112:  0.307 0.315 0.378 1    
113:  0.347 0.370 0.283 1    
114:  0.348 0.347 0.305 1    
115:  0.331 0.323 0.345 1    
116:  0.341 0.329 0.330 1    
117:  0.334 0.332 0.334 1    
118:  0.354 0.335 0.311 1    
119:  0.312 0.316 0.371 1    
120:  0.330 0.319 0.351 1    
121:  0.341 0.351 0.308 1    
122:  0.361 0.372 0.267 1    
123:  0.341 0.343 0.316 1    
124:  0.355 0.379 0.266 1    
125:  0.337 0.335 0.328 1    
126:  0.364 0.366 0.271 1    
127:  0.342 0.331 0.327 1    
128:  0.295 0.305 0.400 1    
129:  0.349 0.350 0.300 1    
130:  0.361 0.358 0.280 1    
131:  0.336 0.332 0.332 1    
132:  0.333 0.329 0.337 1    
133:  0.365 0.369 0.266 1    
134:  0.346 0.354 0.301 1    
135:  0.295 0.306 0.399 1    
136:  0.384 0.360 0.256 1    
137:  0.371 0.366 0.263 1    
138:  0.349 0.339 0.312 1    
139:  0.327 0.317 0.355 1    
140:  0.377 0.373 0.250 1    
141:  0.345 0.342 0.313 1    
142:  0.358 0.341 0.301 1    
143:  0.322 0.332 0.346 1    
144:  0.304 0.307 0.389 1    
145:  0.367 0.359 0.273 1    
146:  0.349 0.363 0.287 1    
147:  0.349 0.343 0.308 1    
148:  0.283 0.295 0.422 1    
149:  0.317 0.313 0.369 1    
150:  0.313 0.319 0.368 1    
151:  0.303 0.316 0.381 1    
152:  0.326 0.327 0.347 1    
153:  0.298 0.302 0.400 1    
154:  0.326 0.323 0.351 1    
155:  0.353 0.352 0.295 1    
156:  0.379 0.357 0.264 1    
157:  0.368 0.365 0.266 1    
158:  0.333 0.348 0.319 1    
159:  0.346 0.344 0.311 1    
160:  0.335 0.340 0.325 1    
161:  0.341 0.340 0.320 1    
162:  0.308 0.316 0.375 1    
163:  0.326 0.340 0.334 1    
164:  0.323 0.330 0.347 1    
165:  0.320 0.322 0.357 1    
166:  0.328 0.336 0.336 1    
167:  0.342 0.330 0.327 1    
168:  0.350 0.366 0.284 1    
169:  0.324 0.312 0.364 1    
170:  0.354 0.351 0.295 1    
171:  0.339 0.337 0.324 1    
172:  0.340 0.358 0.302 1    
173:  0.360 0.349 0.291 1    
174:  0.346 0.346 0.308 1    
175:  0.348 0.349 0.302 1    
176:  0.345 0.355 0.300 1    
177:  0.280 0.286 0.434 1    
178:  0.331 0.345 0.323 1    
179:  0.351 0.345 0.304 1    
180:  0.325 0.321 0.354 1    
181:  0.303 0.303 0.394 1    
182:  0.343 0.342 0.316 1    
183:  0.357 0.351 0.292 1    
184:  0.344 0.337 0.319 1    
185:  0.289 0.288 0.423 1    
186:  0.345 0.334 0.321 1    
187:  0.345 0.341 0.314 1    
188:  0.325 0.323 0.352 1    
189:  0.361 0.344 0.295 1    
190:  0.340 0.342 0.318 1    
191:  0.332 0.322 0.345 1    
192:  0.354 0.349 0.297 1    
193:  0.366 0.367 0.267 1    
194:  0.333 0.341 0.327 1    
195:  0.323 0.327 0.350 1    
196:  0.347 0.345 0.308 1    
197:  0.319 0.324 0.357 1    
198:  0.312 0.320 0.368 1    
199:  0.327 0.316 0.357 1    
200:  0.316 0.318 0.366 1    
201:  0.360 0.374 0.265 1    
202:  0.286 0.297 0.417 1    
203:  0.307 0.307 0.386 1    
204:  0.343 0.351 0.305 1    
205:  0.333 0.339 0.328 1    
206:  0.355 0.349 0.296 1    
207:  0.380 0.367 0.253 1    
208:  0.346 0.355 0.299 1    
209:  0.374 0.361 0.265 1    
210:  0.332 0.338 0.329 1    
211:  0.299 0.305 0.397 1    
212:  0.350 0.355 0.295 1    
213:  0.355 0.359 0.286 1    
214:  0.359 0.349 0.291 1    
215:  0.342 0.349 0.310 1    
216:  0.347 0.348 0.305 1    
217:  0.308 0.317 0.376 1    
218:  0.337 0.343 0.320 1    
219:  0.303 0.311 0.387 1    
220:  0.329 0.338 0.333 1    
221:  0.371 0.356 0.273 1    
222:  0.326 0.323 0.352 1    
223:  0.346 0.347 0.307 1    
224:  0.294 0.315 0.391 1    
225:  0.391 0.369 0.240 1    
226:  0.362 0.359 0.279 1    
227:  0.332 0.340 0.328 1    
228:  0.344 0.349 0.307 1    
229:  0.338 0.332 0.330 1    
230:  0.343 0.349 0.309 1    
231:  0.331 0.326 0.343 1    
232:  0.302 0.313 0.385 1    
233:  0.342 0.360 0.298 1    
234:  0.363 0.358 0.279 1    
235:  0.365 0.362 0.273 1    
236:  0.317 0.322 0.361 1    
237:  0.336 0.337 0.327 1    
238:  0.343 0.344 0.313 1    
239:  0.362 0.361 0.277 1    
240:  0.354 0.349 0.297 1    
241:  0.344 0.351 0.306 1    
242:  0.344 0.343 0.313 1    
243:  0.325 0.329 0.346 1    
244:  0.360 0.352 0.288 1    
245:  0.350 0.356 0.294 1    
246:  0.325 0.327 0.348 1    
247:  0.369 0.347 0.284 1    
248:  0.347 0.328 0.325 1    
249:  0.373 0.359 0.268 1    
250:  0.364 0.367 0.269 1    
251:  0.339 0.339 0.322 1    
252:  0.340 0.334 0.326 1    
253:  0.338 0.343 0.318 1    
254:  0.308 0.304 0.388 1    
255:  0.279 0.271 0.450 1    
256:  0.326 0.314 0.360 1    
257:  0.335 0.330 0.335 1    
258:  0.297 0.291 0.412 1    
259:  0.367 0.356 0.277 1    
260:  0.307 0.307 0.385 1    
261:  0.305 0.298 0.397 1    
262:  0.345 0.344 0.311 1    
263:  0.360 0.354 0.287 1    
264:  0.323 0.318 0.359 1    
265:  0.291 0.283 0.426 1    
266:  0.326 0.324 0.350 1    
267:  0.288 0.294 0.418 1    
268:  0.351 0.351 0.298 1    
269:  0.315 0.315 0.370 1    
270:  0.296 0.299 0.406 1    
271:  0.316 0.318 0.366 1    
272:  0.340 0.345 0.316 1    
273:  0.365 0.354 0.281 1    
274:  0.322 0.318 0.360 1    
275:  0.313 0.318 0.369 1    
276:  0.306 0.302 0.393 1    
277:  0.298 0.301 0.401 1    
278:  0.322 0.318 0.360 1    
279:  0.341 0.326 0.332 1    
280:  0.291 0.314 0.395 1    
281:  0.324 0.344 0.332 1    
282:  0.323 0.312 0.365 1    
283:  0.288 0.294 0.417 1    
284:  0.345 0.342 0.314 1    
285:  0.307 0.297 0.397 1    
286:  0.347 0.344 0.309 1    
287:  0.313 0.321 0.366 1    
288:  0.312 0.321 0.367 1    
289:  0.337 0.328 0.335 1    
