  1:   0.3430  0.3690  0.2880  1
  2:   0.3077  0.3696  0.3227  1
  3:   0.3390  0.3250  0.3360  1
  4:   0.3420  0.2900  0.3680  1
  5:   0.3780  0.2820  0.3400  1
  6:   0.3323  0.3323  0.3353  1
  7:   0.3514  0.3413  0.3073  1
  8:   0.3920  0.2900  0.3180  1
  9:   0.3230  0.3560  0.3210  1
 10:   0.3730  0.3070  0.3200  1
 11:   0.2980  0.3390  0.3630  1
 12:   0.3190  0.3430  0.3380  1
 13:   0.3247  0.2997  0.3756  1
 14:   0.3576  0.3377  0.3047  1
 15:   0.3497  0.3586  0.2917  1
 16:   0.3230  0.3710  0.3060  1
 17:   0.2670  0.2800  0.4530  1
 18:   0.3353  0.3453  0.3193  1
 19:   0.3050  0.3730  0.3220  1
 20:   0.2960  0.3850  0.3190  1
 21:   0.3110  0.3860  0.3030  1
 22:   0.2937  0.4046  0.3017  1
 23:   0.3160  0.3530  0.3310  1
 24:   0.3420  0.3140  0.3440  1
 25:   0.3080  0.3580  0.3340  1
 26:   0.3117  0.3257  0.3626  1
 27:   0.3487  0.3337  0.3177  1
 28:   0.3010  0.4140  0.2850  1
 29:   0.2960  0.3510  0.3530  1
 30:   0.3530  0.3400  0.3070  1
 31:   0.3570  0.3140  0.3290  1
 32:   0.3530  0.3380  0.3090  1
 33:   0.3170  0.3670  0.3160  1
 34:   0.3060  0.3350  0.3590  1
 35:   0.3320  0.3720  0.2960  1
 36:   0.3640  0.3490  0.2870  1
 37:   0.3270  0.2840  0.3890  1
 38:   0.3550  0.2820  0.3630  1
 39:   0.2940  0.3990  0.3070  1
 40:   0.2810  0.4170  0.3020  1
 41:   0.2833  0.3594  0.3574  1
 42:   0.3330  0.3260  0.3410  1
 43:   0.3100  0.3500  0.3400  1
 44:   0.4134  0.2673  0.3193  1
 45:   0.2850  0.3810  0.3340  1
 46:   0.3626  0.3347  0.3027  1
 47:   0.3590  0.3440  0.2970  1
 48:   0.3950  0.2810  0.3240  1
 49:   0.2710  0.3140  0.4150  1
 50:   0.3380  0.3210  0.3410  1
 51:   0.3330  0.2910  0.3760  1
 52:   0.3380  0.3190  0.3430  1
 53:   0.2760  0.3800  0.3440  1
 54:   0.3544  0.3584  0.2873  1
 55:   0.3133  0.3834  0.3033  1
 56:   0.3180  0.3430  0.3390  1
 57:   0.2790  0.3840  0.3370  1
 58:   0.3200  0.3210  0.3590  1
 59:   0.3260  0.3140  0.3600  1
 60:   0.2760  0.4050  0.3190  1
 61:   0.2930  0.4040  0.3030  1
 62:   0.4140  0.2950  0.2910  1
 63:   0.3650  0.2830  0.3520  1
 64:   0.2920  0.4080  0.3000  1
 65:   0.3450  0.3470  0.3080  1
 66:   0.3110  0.3630  0.3260  1
 67:   0.3850  0.2780  0.3370  1
 68:   0.3990  0.2930  0.3080  1
 69:   0.3510  0.3110  0.3380  1
 70:   0.3500  0.3280  0.3220  1
 71:   0.2970  0.3560  0.3470  1
 72:   0.3340  0.3060  0.3600  1
 73:   0.2670  0.3390  0.3940  1
 74:   0.3050  0.3530  0.3420  1
 75:   0.3423  0.3253  0.3323  1
 76:   0.3240  0.3870  0.2890  1
 77:   0.3790  0.3050  0.3160  1
 78:   0.3830  0.2990  0.3180  1
 79:   0.2900  0.4280  0.2820  1
 80:   0.3330  0.3440  0.3230  1
 81:   0.3393  0.3203  0.3403  1
 82:   0.3080  0.3640  0.3280  1
 83:   0.3340  0.3310  0.3350  1
 84:   0.3724  0.3333  0.2943  1
 85:   0.2920  0.3300  0.3780  1
 86:   0.3480  0.3010  0.3510  1
 87:   0.2970  0.2970  0.4060  1
 88:   0.3620  0.3710  0.2670  1
 89:   0.3300  0.2970  0.3730  1
 90:   0.3720  0.3370  0.2910  1
 91:   0.3936  0.3077  0.2987  1
 92:   0.3220  0.3340  0.3440  1
 93:   0.3690  0.3320  0.2990  1
 94:   0.3740  0.3270  0.2990  1
 95:   0.3734  0.3343  0.2923  1
 96:   0.3600  0.3310  0.3090  1
 97:   0.3473  0.3073  0.3453  1
 98:   0.3544  0.3193  0.3263  1
 99:   0.3440  0.3180  0.3380  1
100:   0.3313  0.3674  0.3013  1
101:   0.3710  0.2890  0.3400  1
102:   0.3310  0.3320  0.3370  1
103:   0.3940  0.2990  0.3070  1
104:   0.3576  0.3546  0.2877  1
105:   0.3546  0.3117  0.3337  1
106:   0.3840  0.2700  0.3460  1
107:   0.3450  0.3360  0.3190  1
108:   0.3350  0.3610  0.3040  1
109:   0.3566  0.3546  0.2887  1
110:   0.3380  0.3440  0.3180  1
111:   0.3310  0.3080  0.3610  1
112:   0.2760  0.3510  0.3730  1
113:   0.3047  0.4056  0.2897  1
114:   0.3500  0.3440  0.3060  1
115:   0.3433  0.3193  0.3373  1
116:   0.3390  0.3370  0.3240  1
117:   0.3290  0.3390  0.3320  1
118:   0.4090  0.2790  0.3120  1
119:   0.3250  0.3110  0.3640  1
120:   0.3820  0.2670  0.3510  1
121:   0.3470  0.3370  0.3160  1
122:   0.3440  0.3790  0.2770  1
123:   0.2910  0.3880  0.3210  1
124:   0.2640  0.4620  0.2740  1
125:   0.3070  0.3620  0.3310  1
126:   0.3190  0.3980  0.2830  1
127:   0.3886  0.2877  0.3237  1
128:   0.2760  0.3310  0.3930  1
129:   0.3270  0.3670  0.3060  1
130:   0.3400  0.3710  0.2890  1
131:   0.3400  0.3280  0.3320  1
132:   0.3327  0.3287  0.3387  1
133:   0.3117  0.4136  0.2747  1
134:   0.2940  0.3950  0.3110  1
135:   0.2983  0.3083  0.3934  1
136:   0.4160  0.3170  0.2670  1
137:   0.4250  0.3070  0.2680  1
138:   0.3880  0.3000  0.3120  1
139:   0.3660  0.2880  0.3460  1
140:   0.3650  0.3740  0.2610  1
141:   0.3860  0.2930  0.3210  1
142:   0.3800  0.3150  0.3050  1
143:   0.3283  0.3303  0.3413  1
144:   0.3003  0.3113  0.3884  1
145:   0.3944  0.3283  0.2773  1
146:   0.3010  0.4040  0.2950  1
147:   0.3520  0.3380  0.3100  1
148:   0.2640  0.3200  0.4160  1
149:   0.3490  0.2860  0.3650  1
150:   0.3147  0.3337  0.3516  1
151:   0.2940  0.3380  0.3680  1
152:   0.3093  0.3463  0.3443  1
153:   0.3087  0.3057  0.3856  1
154:   0.3230  0.3320  0.3450  1
155:   0.3430  0.3690  0.2880  1
156:   0.4250  0.3010  0.2740  1
157:   0.3530  0.3730  0.2740  1
158:   0.2973  0.3814  0.3213  1
159:   0.3890  0.2890  0.3220  1
160:   0.3020  0.3770  0.3210  1
161:   0.3380  0.3420  0.3200  1
162:   0.3013  0.3293  0.3694  1
163:   0.3030  0.3690  0.3280  1
164:   0.3330  0.3210  0.3460  1
165:   0.3140  0.3300  0.3560  1
166:   0.3197  0.3427  0.3377  1
167:   0.3700  0.2970  0.3330  1
168:   0.2993  0.4144  0.2863  1
169:   0.3350  0.3110  0.3540  1
170:   0.3730  0.3280  0.2990  1
171:   0.3193  0.3554  0.3253  1
172:   0.2560  0.4340  0.3100  1
173:   0.3640  0.3430  0.2930  1
174:   0.3470  0.3450  0.3080  1
175:   0.3570  0.3410  0.3020  1
176:   0.3180  0.3700  0.3120  1
177:   0.2870  0.2980  0.4150  1
178:   0.3110  0.3580  0.3310  1
179:   0.3590  0.3370  0.3040  1
180:   0.3380  0.3070  0.3550  1
181:   0.3267  0.2827  0.3906  1
182:   0.3263  0.3624  0.3113  1
183:   0.3750  0.3250  0.3000  1
184:   0.3480  0.3310  0.3210  1
185:   0.2930  0.3000  0.4070  1
186:   0.3980  0.2850  0.3170  1
187:   0.3760  0.3090  0.3150  1
188:   0.3353  0.3153  0.3493  1
189:   0.3850  0.3130  0.3020  1
190:   0.3300  0.3440  0.3260  1
191:   0.3556  0.2997  0.3447  1
192:   0.3620  0.3290  0.3090  1
193:   0.3750  0.3510  0.2740  1
194:   0.3270  0.3400  0.3330  1
195:   0.3380  0.3140  0.3480  1
196:   0.3504  0.3393  0.3103  1
197:   0.3190  0.3230  0.3580  1
198:   0.2827  0.3506  0.3666  1
199:   0.3313  0.3183  0.3504  1
200:   0.3140  0.3230  0.3630  1
201:   0.3097  0.4186  0.2717  1
202:   0.2660  0.3310  0.4030  1
203:   0.2930  0.3320  0.3750  1
204:   0.2880  0.4030  0.3090  1
205:   0.3320  0.3330  0.3350  1
206:   0.3427  0.3596  0.2977  1
207:   0.4270  0.3110  0.2620  1
208:   0.3163  0.3744  0.3093  1
209:   0.4320  0.2960  0.2720  1
210:   0.3153  0.3524  0.3323  1
211:   0.2760  0.3370  0.3870  1
212:   0.3210  0.3780  0.3010  1
213:   0.3440  0.3640  0.2920  1
214:   0.3420  0.3650  0.2930  1
215:   0.3516  0.3357  0.3127  1
216:   0.3510  0.3430  0.3060  1
217:   0.3227  0.3057  0.3716  1
218:   0.3410  0.3400  0.3190  1
219:   0.3010  0.3160  0.3830  1
220:   0.2920  0.3690  0.3390  1
221:   0.3790  0.3380  0.2830  1
222:   0.3680  0.2790  0.3530  1
223:   0.3640  0.3170  0.3190  1
224:   0.2660  0.3500  0.3840  1
225:   0.4515  0.2963  0.2523  1
226:   0.3850  0.3260  0.2890  1
227:   0.3157  0.3457  0.3387  1
228:   0.3100  0.3810  0.3090  1
229:   0.3353  0.3313  0.3333  1
230:   0.3120  0.3720  0.3160  1
231:   0.3460  0.3190  0.3350  1
232:   0.3010  0.3270  0.3720  1
233:   0.2730  0.4170  0.3100  1
234:   0.3490  0.3650  0.2860  1
235:   0.3790  0.3380  0.2830  1
236:   0.3120  0.3360  0.3520  1
237:   0.3147  0.3616  0.3237  1
238:   0.3437  0.3357  0.3207  1
239:   0.3690  0.3420  0.2890  1
240:   0.3700  0.3290  0.3010  1
241:   0.3143  0.3804  0.3053  1
242:   0.3580  0.3210  0.3210  1
243:   0.2940  0.3600  0.3460  1
244:   0.3714  0.3383  0.2903  1
245:   0.3180  0.3760  0.3060  1
246:   0.3010  0.3510  0.3480  1
247:   0.3970  0.3100  0.2930  1
248:   0.3980  0.2740  0.3280  1
249:   0.4100  0.3110  0.2790  1
250:   0.3956  0.3257  0.2787  1
251:   0.3550  0.3160  0.3290  1
252:   0.3810  0.2880  0.3310  1
253:   0.3270  0.3460  0.3270  1
254:   0.3470  0.2710  0.3820  1
255:   0.3170  0.2470  0.4360  1
256:   0.3600  0.2770  0.3630  1
257:   0.3630  0.2970  0.3400  1
258:   0.3067  0.2897  0.4036  1
259:   0.3580  0.3560  0.2860  1
260:   0.3210  0.3000  0.3790  1
261:   0.3150  0.2990  0.3860  1
262:   0.3050  0.3840  0.3110  1
263:   0.4130  0.2930  0.2940  1
264:   0.3270  0.3160  0.3570  1
265:   0.3103  0.2683  0.4214  1
266:   0.3330  0.3240  0.3430  1
267:   0.3050  0.2940  0.4010  1
268:   0.3350  0.3610  0.3040  1
269:   0.3160  0.3210  0.3630  1
270:   0.3020  0.3060  0.3920  1
271:   0.3117  0.3317  0.3566  1
272:   0.3070  0.3690  0.3240  1
273:   0.3730  0.3370  0.2900  1
274:   0.3150  0.3330  0.3520  1
275:   0.2880  0.3540  0.3580  1
276:   0.3280  0.2840  0.3880  1
277:   0.3233  0.2873  0.3894  1
278:   0.3500  0.2920  0.3580  1
279:   0.3330  0.3380  0.3290  1
280:   0.2667  0.3457  0.3876  1
281:   0.2660  0.3910  0.3430  1
282:   0.3764  0.2683  0.3554  1
283:   0.2647  0.3267  0.4086  1
284:   0.3600  0.3280  0.3120  1
285:   0.3253  0.2873  0.3874  1
286:   0.3273  0.3564  0.3163  1
287:   0.3167  0.3167  0.3666  1
288:   0.2750  0.3600  0.3650  1
289:   0.3600  0.3060  0.3340  1
290:   0.2697  0.3626  0.3676  1
291:   0.2890  0.3210  0.3900  1
292:   0.3190  0.3250  0.3560  1
293:   0.3260  0.2920  0.3820  1
294:   0.2900  0.2760  0.4340  1
295:   0.3420  0.3110  0.3470  1
296:   0.3240  0.3540  0.3220  1
297:   0.2990  0.2930  0.4080  1
298:   0.3770  0.3060  0.3170  1
299:   0.3130  0.3540  0.3330  1
300:   0.3120  0.3190  0.3690  1
301:   0.3100  0.2540  0.4360  1
302:   0.2960  0.3880  0.3160  1
303:   0.2720  0.3430  0.3850  1
304:   0.3060  0.3650  0.3290  1
305:   0.2957  0.3227  0.3816  1
306:   0.3030  0.3300  0.3670  1
307:   0.3370  0.3500  0.3130  1
308:   0.2620  0.2830  0.4550  1
309:   0.3710  0.3660  0.2630  1
310:   0.4350  0.2960  0.2690  1
311:   0.3390  0.3000  0.3610  1
312:   0.3030  0.3070  0.3900  1
313:   0.3183  0.3363  0.3453  1
314:   0.2990  0.3270  0.3740  1
315:   0.3860  0.2950  0.3190  1
316:   0.3644  0.3143  0.3213  1
317:   0.3217  0.3337  0.3447  1
318:   0.4000  0.2990  0.3010  1
319:   0.2750  0.3280  0.3970  1
320:   0.3590  0.3080  0.3330  1
321:   0.3784  0.3213  0.3003  1
322:   0.3130  0.2740  0.4130  1
323:   0.3230  0.3560  0.3210  1
324:   0.3736  0.2957  0.3307  1
325:   0.3310  0.3370  0.3320  1
326:   0.3950  0.2920  0.3130  1
327:   0.3640  0.3180  0.3180  1
328:   0.3380  0.2960  0.3660  1
329:   0.3470  0.3230  0.3300  1
330:   0.3390  0.3130  0.3480  1
331:   0.3447  0.3357  0.3197  1
332:   0.3890  0.3180  0.2930  1
333:   0.3310  0.3280  0.3410  1
334:   0.3190  0.3280  0.3530  1
335:   0.3257  0.2887  0.3856  1
336:   0.2690  0.3670  0.3640  1
337:   0.2810  0.3540  0.3650  1
338:   0.2960  0.3390  0.3650  1
339:   0.3100  0.3690  0.3210  1
340:   0.3380  0.3510  0.3110  1
341:   0.3123  0.3514  0.3363  1
342:   0.2920  0.3390  0.3690  1
343:   0.3510  0.3640  0.2850  1
344:   0.3654  0.3093  0.3253  1
345:   0.3706  0.3337  0.2957  1
346:   0.3360  0.3790  0.2850  1
347:   0.2990  0.3630  0.3380  1

  1:   0.3370  0.3870  0.2760  1
  2:   0.2887  0.3866  0.3247  1
  3:   0.3370  0.3140  0.3490  1
  4:   0.3596  0.2697  0.3706  1
  5:   0.4050  0.2550  0.3400  1
  6:   0.3310  0.3300  0.3390  1
  7:   0.3646  0.3477  0.2877  1
  8:   0.4240  0.2560  0.3200  1
  9:   0.3210  0.3670  0.3120  1
 10:   0.3904  0.2913  0.3183  1
 11:   0.2757  0.3526  0.3716  1
 12:   0.3090  0.3570  0.3340  1
 13:   0.3280  0.2860  0.3860  1
 14:   0.3730  0.3310  0.2960  1
 15:   0.3510  0.3760  0.2730  1
 16:   0.3170  0.3870  0.2960  1
 17:   0.2390  0.2690  0.4920  1
 18:   0.3317  0.3566  0.3117  1
 19:   0.2830  0.3950  0.3220  1
 20:   0.2617  0.4256  0.3127  1
 21:   0.2830  0.4300  0.2870  1
 22:   0.2707  0.4426  0.2867  1
 23:   0.3053  0.3694  0.3253  1
 24:   0.3560  0.3000  0.3440  1
 25:   0.2940  0.3690  0.3370  1
 26:   0.2993  0.3373  0.3634  1
 27:   0.3624  0.3323  0.3053  1
 28:   0.2720  0.4590  0.2690  1
 29:   0.2740  0.3620  0.3640  1
 30:   0.3620  0.3400  0.2980  1
 31:   0.3700  0.2970  0.3330  1
 32:   0.3600  0.3400  0.3000  1
 33:   0.2960  0.4030  0.3010  1
 34:   0.2930  0.3470  0.3600  1
 35:   0.3200  0.3870  0.2930  1
 36:   0.3714  0.3524  0.2763  1
 37:   0.3280  0.2600  0.4120  1
 38:   0.3716  0.2527  0.3756  1
 39:   0.2640  0.4530  0.2830  1
 40:   0.2428  0.4805  0.2767  1
 41:   0.2610  0.3950  0.3440  1
 42:   0.3350  0.3300  0.3350  1
 43:   0.2960  0.3550  0.3490  1
 44:   0.4680  0.2180  0.3140  1
 45:   0.2470  0.4160  0.3370  1
 46:   0.3850  0.3290  0.2860  1
 47:   0.3670  0.3500  0.2830  1
 48:   0.4410  0.2350  0.3240  1
 49:   0.2380  0.3170  0.4450  1
 50:   0.3463  0.3093  0.3443  1
 51:   0.3450  0.2710  0.3840  1
 52:   0.3497  0.3067  0.3437  1
 53:   0.2318  0.4246  0.3437  1
 54:   0.3540  0.3650  0.2810  1
 55:   0.2937  0.4126  0.2937  1
 56:   0.3070  0.3520  0.3410  1
 57:   0.2500  0.4230  0.3270  1
 58:   0.3157  0.3127  0.3716  1
 59:   0.3367  0.2907  0.3726  1
 60:   0.2330  0.4640  0.3030  1
 61:   0.2478  0.4615  0.2907  1
 62:   0.4650  0.2590  0.2760  1
 63:   0.3890  0.2560  0.3550  1
 64:   0.2533  0.4555  0.2913  1
 65:   0.3320  0.3610  0.3070  1
 66:   0.2903  0.3894  0.3203  1
 67:   0.4310  0.2390  0.3300  1
 68:   0.4400  0.2590  0.3010  1
 69:   0.3680  0.3060  0.3260  1
 70:   0.3590  0.3240  0.3170  1
 71:   0.2650  0.3770  0.3580  1
 72:   0.3290  0.2990  0.3720  1
 73:   0.2320  0.3520  0.4160  1
 74:   0.2810  0.3830  0.3360  1
 75:   0.3440  0.3180  0.3380  1
 76:   0.2950  0.4310  0.2740  1
 77:   0.4110  0.2800  0.3090  1
 78:   0.4180  0.2750  0.3070  1
 79:   0.2520  0.4860  0.2620  1
 80:   0.3307  0.3457  0.3237  1
 81:   0.3480  0.3180  0.3340  1
 82:   0.2847  0.3866  0.3287  1
 83:   0.3340  0.3310  0.3350  1
 84:   0.3944  0.3193  0.2863  1
 85:   0.2670  0.3460  0.3870  1
 86:   0.3620  0.2840  0.3540  1
 87:   0.2790  0.2860  0.4350  1
 88:   0.3650  0.3850  0.2500  1
 89:   0.3320  0.2810  0.3870  1
 90:   0.3950  0.3250  0.2800  1
 91:   0.4230  0.2820  0.2950  1
 92:   0.3160  0.3380  0.3460  1
 93:   0.3900  0.3210  0.2890  1
 94:   0.3990  0.3190  0.2820  1
 95:   0.3906  0.3307  0.2787  1
 96:   0.3630  0.3300  0.3070  1
 97:   0.3550  0.3010  0.3440  1
 98:   0.3676  0.3107  0.3217  1
 99:   0.3490  0.3150  0.3360  1
100:   0.3330  0.3770  0.2900  1
101:   0.4110  0.2620  0.3270  1
102:   0.3390  0.3200  0.3410  1
103:   0.4470  0.2610  0.2920  1
104:   0.3690  0.3510  0.2800  1
105:   0.3700  0.2970  0.3330  1
106:   0.4240  0.2320  0.3440  1
107:   0.3594  0.3273  0.3133  1
108:   0.3280  0.3720  0.3000  1
109:   0.3620  0.3580  0.2800  1
110:   0.3413  0.3443  0.3143  1
111:   0.3383  0.2883  0.3734  1
112:   0.2402  0.3784  0.3814  1
113:   0.2653  0.4595  0.2753  1
114:   0.3510  0.3500  0.2990  1
115:   0.3560  0.3070  0.3370  1
116:   0.3393  0.3293  0.3313  1
117:   0.3290  0.3470  0.3240  1
118:   0.4580  0.2340  0.3080  1
119:   0.3250  0.2950  0.3800  1
120:   0.4230  0.2250  0.3520  1
121:   0.3480  0.3410  0.3110  1
122:   0.3330  0.4080  0.2590  1
123:   0.2573  0.4254  0.3173  1
124:   0.2070  0.5370  0.2560  1
125:   0.2950  0.3790  0.3260  1
126:   0.2927  0.4456  0.2617  1
127:   0.4294  0.2533  0.3173  1
128:   0.2478  0.3397  0.4126  1
129:   0.3210  0.3840  0.2950  1
130:   0.3350  0.3900  0.2750  1
131:   0.3520  0.3110  0.3370  1
132:   0.3430  0.3200  0.3370  1
133:   0.2820  0.4600  0.2580  1
134:   0.2620  0.4350  0.3030  1
135:   0.2770  0.3080  0.4150  1
136:   0.4810  0.2770  0.2420  1
137:   0.4750  0.2750  0.2500  1
138:   0.4210  0.2650  0.3140  1
139:   0.3880  0.2580  0.3540  1
140:   0.3700  0.3920  0.2380  1
141:   0.4310  0.2680  0.3010  1
142:   0.4170  0.2860  0.2970  1
143:   0.3200  0.3290  0.3510  1
144:   0.2890  0.3070  0.4040  1
145:   0.4310  0.3070  0.2620  1
146:   0.2620  0.4580  0.2800  1
147:   0.3684  0.3293  0.3023  1
148:   0.2320  0.3280  0.4400  1
149:   0.3566  0.2687  0.3746  1
150:   0.3000  0.3310  0.3690  1
151:   0.2670  0.3480  0.3850  1
152:   0.2957  0.3536  0.3506  1
153:   0.3060  0.2880  0.4060  1
154:   0.3160  0.3300  0.3540  1
155:   0.3504  0.3694  0.2803  1
156:   0.4830  0.2670  0.2500  1
157:   0.3520  0.3920  0.2560  1
158:   0.2730  0.4160  0.3110  1
159:   0.4400  0.2540  0.3060  1
160:   0.2793  0.4064  0.3143  1
161:   0.3300  0.3520  0.3180  1
162:   0.2860  0.3340  0.3800  1
163:   0.2737  0.3996  0.3267  1
164:   0.3220  0.3250  0.3530  1
165:   0.3050  0.3370  0.3580  1
166:   0.3050  0.3560  0.3390  1
167:   0.4120  0.2710  0.3170  1
168:   0.2660  0.4610  0.2730  1
169:   0.3440  0.2910  0.3650  1
170:   0.3946  0.3217  0.2837  1
171:   0.3080  0.3700  0.3220  1
172:   0.2020  0.5090  0.2890  1
173:   0.3800  0.3370  0.2830  1
174:   0.3433  0.3514  0.3053  1
175:   0.3700  0.3400  0.2900  1
176:   0.3010  0.3970  0.3020  1
177:   0.2693  0.2813  0.4494  1
178:   0.3020  0.3740  0.3240  1
179:   0.3704  0.3303  0.2993  1
180:   0.3530  0.2920  0.3550  1
181:   0.3370  0.2550  0.4080  1
182:   0.3227  0.3726  0.3047  1
183:   0.3980  0.3160  0.2860  1
184:   0.3530  0.3360  0.3110  1
185:   0.2810  0.2840  0.4350  1
186:   0.4510  0.2430  0.3060  1
187:   0.3966  0.2957  0.3077  1
188:   0.3340  0.3070  0.3590  1
189:   0.4136  0.2927  0.2937  1
190:   0.3330  0.3480  0.3190  1
191:   0.3850  0.2790  0.3360  1
192:   0.3790  0.3200  0.3010  1
193:   0.3820  0.3580  0.2600  1
194:   0.3250  0.3490  0.3260  1
195:   0.3450  0.3040  0.3510  1
196:   0.3570  0.3300  0.3130  1
197:   0.3120  0.3230  0.3650  1
198:   0.2490  0.3730  0.3780  1
199:   0.3420  0.3030  0.3550  1
200:   0.2920  0.3340  0.3740  1
201:   0.2780  0.4710  0.2510  1
202:   0.2322  0.3373  0.4304  1
203:   0.2780  0.3330  0.3890  1
204:   0.2510  0.4530  0.2960  1
205:   0.3330  0.3410  0.3260  1
206:   0.3413  0.3674  0.2913  1
207:   0.4815  0.2737  0.2448  1
208:   0.2977  0.4046  0.2977  1
209:   0.4930  0.2530  0.2540  1
210:   0.2930  0.3750  0.3320  1
211:   0.2380  0.3500  0.4120  1
212:   0.3050  0.4080  0.2870  1
213:   0.3380  0.3860  0.2760  1
214:   0.3427  0.3706  0.2867  1
215:   0.3594  0.3343  0.3063  1
216:   0.3510  0.3450  0.3040  1
217:   0.3170  0.2980  0.3850  1
218:   0.3490  0.3400  0.3110  1
219:   0.2820  0.3130  0.4050  1
220:   0.2637  0.4026  0.3337  1
221:   0.4004  0.3283  0.2713  1
222:   0.3960  0.2510  0.3530  1
223:   0.3840  0.3090  0.3070  1
224:   0.2300  0.3760  0.3940  1
225:   0.5240  0.2470  0.2290  1
226:   0.4070  0.3160  0.2770  1
227:   0.3020  0.3710  0.3270  1
228:   0.2850  0.4190  0.2960  1
229:   0.3430  0.3250  0.3320  1
230:   0.2920  0.3950  0.3130  1
231:   0.3483  0.3023  0.3493  1
232:   0.2770  0.3280  0.3950  1
233:   0.2220  0.4890  0.2890  1
234:   0.3550  0.3770  0.2680  1
235:   0.4120  0.3230  0.2650  1
236:   0.3000  0.3280  0.3720  1
237:   0.3010  0.3830  0.3160  1
238:   0.3550  0.3400  0.3050  1
239:   0.3840  0.3460  0.2700  1
240:   0.3960  0.3110  0.2930  1
241:   0.2940  0.4080  0.2980  1
242:   0.3660  0.3150  0.3190  1
243:   0.2690  0.3820  0.3490  1
244:   0.3890  0.3280  0.2830  1
245:   0.3010  0.4040  0.2950  1
246:   0.2780  0.3730  0.3490  1
247:   0.4510  0.2780  0.2710  1
248:   0.4430  0.2340  0.3230  1
249:   0.4640  0.2800  0.2560  1
250:   0.4250  0.3130  0.2620  1
251:   0.3680  0.3030  0.3290  1
252:   0.4170  0.2610  0.3220  1
253:   0.3120  0.3600  0.3280  1
254:   0.3670  0.2330  0.4000  1
255:   0.3273  0.2042  0.4685  1
256:   0.3930  0.2430  0.3640  1
257:   0.3910  0.2750  0.3340  1
258:   0.3020  0.2670  0.4310  1
259:   0.3660  0.3620  0.2720  1
260:   0.3230  0.2840  0.3930  1
261:   0.3060  0.2790  0.4150  1
262:   0.2840  0.4120  0.3040  1
263:   0.4510  0.2630  0.2860  1
264:   0.3310  0.3100  0.3590  1
265:   0.3110  0.2390  0.4500  1
266:   0.3360  0.3140  0.3500  1
267:   0.2823  0.2853  0.4324  1
268:   0.3333  0.3664  0.3003  1
269:   0.3070  0.3200  0.3730  1
270:   0.2920  0.2910  0.4170  1
271:   0.3113  0.3213  0.3674  1
272:   0.2910  0.3900  0.3190  1
273:   0.4020  0.3250  0.2730  1
274:   0.3073  0.3243  0.3684  1
275:   0.2590  0.3690  0.3720  1
276:   0.3420  0.2650  0.3930  1
277:   0.3113  0.2713  0.4174  1
278:   0.3736  0.2647  0.3616  1
279:   0.3380  0.3360  0.3260  1
280:   0.2240  0.3730  0.4030  1
281:   0.2160  0.4450  0.3390  1
282:   0.4150  0.2250  0.3600  1
283:   0.2320  0.3360  0.4320  1
284:   0.3844  0.3113  0.3043  1
285:   0.3270  0.2700  0.4030  1
286:   0.3160  0.3710  0.3130  1
287:   0.3150  0.3090  0.3760  1
288:   0.2450  0.3900  0.3650  1
289:   0.3774  0.2833  0.3393  1
290:   0.2310  0.3900  0.3790  1
291:   0.2727  0.3117  0.4156  1
292:   0.3170  0.3140  0.3690  1
293:   0.3330  0.2670  0.4000  1
294:   0.2833  0.2533  0.4635  1
295:   0.3544  0.2923  0.3534  1
296:   0.3130  0.3600  0.3270  1
297:   0.2883  0.2683  0.4434  1
298:   0.4110  0.2800  0.3090  1
299:   0.2940  0.3740  0.3320  1
300:   0.3020  0.3090  0.3890  1
301:   0.3117  0.2188  0.4695  1
302:   0.2690  0.4220  0.3090  1
303:   0.2420  0.3510  0.4070  1
304:   0.2807  0.3916  0.3277  1
305:   0.2670  0.3310  0.4020  1
306:   0.2830  0.3370  0.3800  1
307:   0.3330  0.3490  0.3180  1
308:   0.2330  0.2740  0.4930  1
309:   0.3660  0.3880  0.2460  1
310:   0.4900  0.2580  0.2520  1
311:   0.3470  0.2790  0.3740  1
312:   0.2933  0.3013  0.4054  1
313:   0.3100  0.3380  0.3520  1
314:   0.2857  0.3257  0.3886  1
315:   0.4166  0.2637  0.3197  1
316:   0.3854  0.2983  0.3163  1
317:   0.3120  0.3390  0.3490  1
318:   0.4440  0.2650  0.2910  1
319:   0.2430  0.3310  0.4260  1
320:   0.3860  0.2830  0.3310  1
321:   0.4060  0.3100  0.2840  1
322:   0.3090  0.2470  0.4440  1
323:   0.3120  0.3680  0.3200  1
324:   0.4050  0.2650  0.3300  1
325:   0.3280  0.3330  0.3390  1
326:   0.4525  0.2567  0.2907  1
327:   0.3870  0.2960  0.3170  1
328:   0.3540  0.2640  0.3820  1
329:   0.3580  0.3080  0.3340  1
330:   0.3510  0.3060  0.3430  1
331:   0.3630  0.3310  0.3060  1
332:   0.4244  0.2953  0.2803  1
333:   0.3250  0.3240  0.3510  1
334:   0.3080  0.3350  0.3570  1
335:   0.3293  0.2663  0.4044  1
336:   0.2350  0.3920  0.3730  1
337:   0.2523  0.3844  0.3634  1
338:   0.2810  0.3550  0.3640  1
339:   0.2890  0.3920  0.3190  1
340:   0.3387  0.3576  0.3037  1
341:   0.2987  0.3616  0.3397  1
342:   0.2620  0.3530  0.3850  1
343:   0.3610  0.3680  0.2710  1
344:   0.3886  0.2807  0.3307  1
345:   0.3880  0.3250  0.2870  1
346:   0.3270  0.4040  0.2690  1
347:   0.2780  0.3850  0.3370  1

  1:   0.3504  0.3644  0.2853  1
  2:   0.3200  0.3550  0.3250  1
  3:   0.3370  0.3230  0.3400  1
  4:   0.3310  0.2960  0.3730  1
  5:   0.3620  0.3040  0.3340  1
  6:   0.3240  0.3290  0.3470  1
  7:   0.3594  0.3473  0.2933  1
  8:   0.3750  0.3080  0.3170  1
  9:   0.3340  0.3490  0.3170  1
 10:   0.3560  0.3220  0.3220  1
 11:   0.2997  0.3277  0.3726  1
 12:   0.3250  0.3400  0.3350  1
 13:   0.3197  0.3017  0.3786  1
 14:   0.3540  0.3420  0.3040  1
 15:   0.3570  0.3610  0.2820  1
 16:   0.3430  0.3620  0.2950  1
 17:   0.2560  0.2660  0.4780  1
 18:   0.3387  0.3467  0.3147  1
 19:   0.3190  0.3580  0.3230  1
 20:   0.3130  0.3700  0.3170  1
 21:   0.3273  0.3774  0.2953  1
 22:   0.3210  0.3820  0.2970  1
 23:   0.3240  0.3510  0.3250  1
 24:   0.3390  0.3210  0.3400  1
 25:   0.3183  0.3463  0.3353  1
 26:   0.3167  0.3237  0.3596  1
 27:   0.3524  0.3343  0.3133  1
 28:   0.3260  0.3910  0.2830  1
 29:   0.3030  0.3380  0.3590  1
 30:   0.3530  0.3480  0.2990  1
 31:   0.3430  0.3250  0.3320  1
 32:   0.3510  0.3470  0.3020  1
 33:   0.3303  0.3604  0.3093  1
 34:   0.3080  0.3240  0.3680  1
 35:   0.3367  0.3636  0.2997  1
 36:   0.3660  0.3520  0.2820  1
 37:   0.3153  0.2903  0.3944  1
 38:   0.3370  0.2960  0.3670  1
 39:   0.3190  0.3820  0.2990  1
 40:   0.3117  0.3946  0.2937  1
 41:   0.2990  0.3500  0.3510  1
 42:   0.3330  0.3290  0.3380  1
 43:   0.3140  0.3430  0.3430  1
 44:   0.3870  0.3010  0.3120  1
 45:   0.3020  0.3650  0.3330  1
 46:   0.3644  0.3423  0.2933  1
 47:   0.3646  0.3477  0.2877  1
 48:   0.3756  0.2977  0.3267  1
 49:   0.2700  0.2970  0.4330  1
 50:   0.3320  0.3250  0.3430  1
 51:   0.3230  0.2970  0.3800  1
 52:   0.3370  0.3170  0.3460  1
 53:   0.2917  0.3626  0.3457  1
 54:   0.3560  0.3600  0.2840  1
 55:   0.3290  0.3730  0.2980  1
 56:   0.3240  0.3320  0.3440  1
 57:   0.3050  0.3570  0.3380  1
 58:   0.3143  0.3153  0.3704  1
 59:   0.3220  0.3120  0.3660  1
 60:   0.3010  0.3820  0.3170  1
 61:   0.3147  0.3856  0.2997  1
 62:   0.3976  0.3207  0.2817  1
 63:   0.3520  0.3010  0.3470  1
 64:   0.3160  0.3870  0.2970  1
 65:   0.3440  0.3500  0.3060  1
 66:   0.3243  0.3514  0.3243  1
 67:   0.3690  0.2980  0.3330  1
 68:   0.3800  0.3150  0.3050  1
 69:   0.3460  0.3260  0.3280  1
 70:   0.3493  0.3313  0.3193  1
 71:   0.3040  0.3420  0.3540  1
 72:   0.3260  0.3090  0.3650  1
 73:   0.2743  0.3183  0.4074  1
 74:   0.3140  0.3460  0.3400  1
 75:   0.3403  0.3243  0.3353  1
 76:   0.3350  0.3830  0.2820  1
 77:   0.3670  0.3230  0.3100  1
 78:   0.3730  0.3190  0.3080  1
 79:   0.3200  0.4090  0.2710  1
 80:   0.3390  0.3360  0.3250  1
 81:   0.3370  0.3290  0.3340  1
 82:   0.3170  0.3530  0.3300  1
 83:   0.3313  0.3293  0.3393  1
 84:   0.3750  0.3360  0.2890  1
 85:   0.2960  0.3230  0.3810  1
 86:   0.3393  0.3063  0.3544  1
 87:   0.2880  0.2900  0.4220  1
 88:   0.3660  0.3740  0.2600  1
 89:   0.3250  0.2960  0.3790  1
 90:   0.3660  0.3460  0.2880  1
 91:   0.3764  0.3223  0.3013  1
 92:   0.3210  0.3250  0.3540  1
 93:   0.3670  0.3410  0.2920  1
 94:   0.3670  0.3380  0.2950  1
 95:   0.3666  0.3487  0.2847  1
 96:   0.3520  0.3370  0.3110  1
 97:   0.3397  0.3147  0.3457  1
 98:   0.3550  0.3280  0.3170  1
 99:   0.3433  0.3263  0.3303  1
100:   0.3437  0.3626  0.2937  1
101:   0.3640  0.3070  0.3290  1
102:   0.3300  0.3280  0.3420  1
103:   0.3780  0.3220  0.3000  1
104:   0.3580  0.3570  0.2850  1
105:   0.3440  0.3220  0.3340  1
106:   0.3614  0.2933  0.3453  1
107:   0.3470  0.3340  0.3190  1
108:   0.3420  0.3540  0.3040  1
109:   0.3580  0.3550  0.2870  1
110:   0.3377  0.3467  0.3157  1
111:   0.3260  0.3060  0.3680  1
112:   0.2857  0.3367  0.3776  1
113:   0.3240  0.3900  0.2860  1
114:   0.3500  0.3460  0.3040  1
115:   0.3370  0.3290  0.3340  1
116:   0.3390  0.3360  0.3250  1
117:   0.3320  0.3330  0.3350  1
118:   0.3880  0.3020  0.3100  1
119:   0.3207  0.3097  0.3696  1
120:   0.3580  0.2900  0.3520  1
121:   0.3460  0.3380  0.3160  1
122:   0.3554  0.3794  0.2653  1
123:   0.3077  0.3706  0.3217  1
124:   0.3053  0.4294  0.2653  1
125:   0.3190  0.3570  0.3240  1
126:   0.3370  0.3870  0.2760  1
127:   0.3744  0.3113  0.3143  1
128:   0.2797  0.3137  0.4066  1
129:   0.3370  0.3600  0.3030  1
130:   0.3450  0.3690  0.2860  1
131:   0.3400  0.3270  0.3330  1
132:   0.3350  0.3280  0.3370  1
133:   0.3357  0.3956  0.2687  1
134:   0.3147  0.3786  0.3067  1
135:   0.2930  0.3030  0.4040  1
136:   0.4110  0.3360  0.2530  1
137:   0.4116  0.3307  0.2577  1
138:   0.3720  0.3160  0.3120  1
139:   0.3470  0.3040  0.3490  1
140:   0.3730  0.3750  0.2520  1
141:   0.3750  0.3160  0.3090  1
142:   0.3746  0.3267  0.2987  1
143:   0.3200  0.3300  0.3500  1
144:   0.2970  0.3080  0.3950  1
145:   0.3850  0.3440  0.2710  1
146:   0.3210  0.3890  0.2900  1
147:   0.3526  0.3467  0.3007  1
148:   0.2673  0.3053  0.4274  1
149:   0.3310  0.2980  0.3710  1
150:   0.3107  0.3227  0.3666  1
151:   0.2960  0.3240  0.3800  1
152:   0.3160  0.3410  0.3430  1
153:   0.3007  0.3027  0.3966  1
154:   0.3170  0.3320  0.3510  1
155:   0.3520  0.3610  0.2870  1
156:   0.4070  0.3300  0.2630  1
157:   0.3630  0.3700  0.2670  1
158:   0.3200  0.3650  0.3150  1
159:   0.3770  0.3120  0.3110  1
160:   0.3127  0.3686  0.3187  1
161:   0.3350  0.3430  0.3220  1
162:   0.3070  0.3170  0.3760  1
163:   0.3137  0.3516  0.3347  1
164:   0.3250  0.3220  0.3530  1
165:   0.3137  0.3257  0.3606  1
166:   0.3260  0.3400  0.3340  1
167:   0.3630  0.3140  0.3230  1
168:   0.3220  0.3990  0.2790  1
169:   0.3267  0.3147  0.3586  1
170:   0.3680  0.3410  0.2910  1
171:   0.3260  0.3540  0.3200  1
172:   0.2943  0.4064  0.2993  1
173:   0.3600  0.3510  0.2890  1
174:   0.3420  0.3460  0.3120  1
175:   0.3560  0.3460  0.2980  1
176:   0.3320  0.3620  0.3060  1
177:   0.2810  0.2860  0.4330  1
178:   0.3247  0.3536  0.3217  1
179:   0.3540  0.3440  0.3020  1
180:   0.3320  0.3130  0.3550  1
181:   0.3160  0.2820  0.4020  1
182:   0.3337  0.3526  0.3137  1
183:   0.3726  0.3377  0.2897  1
184:   0.3480  0.3360  0.3160  1
185:   0.2870  0.3020  0.4110  1
186:   0.3820  0.3070  0.3110  1
187:   0.3630  0.3250  0.3120  1
188:   0.3290  0.3200  0.3510  1
189:   0.3724  0.3263  0.3013  1
190:   0.3373  0.3453  0.3173  1
191:   0.3500  0.3120  0.3380  1
192:   0.3630  0.3330  0.3040  1
193:   0.3740  0.3610  0.2650  1
194:   0.3280  0.3460  0.3260  1
195:   0.3330  0.3170  0.3500  1
196:   0.3470  0.3450  0.3080  1
197:   0.3190  0.3230  0.3580  1
198:   0.2900  0.3380  0.3720  1
199:   0.3273  0.3183  0.3544  1
200:   0.3070  0.3210  0.3720  1
201:   0.3330  0.4010  0.2660  1
202:   0.2670  0.3090  0.4240  1
203:   0.2990  0.3190  0.3820  1
204:   0.3090  0.3840  0.3070  1
205:   0.3357  0.3347  0.3297  1
206:   0.3467  0.3586  0.2947  1
207:   0.4136  0.3337  0.2527  1
208:   0.3310  0.3670  0.3020  1
209:   0.4086  0.3307  0.2607  1
210:   0.3190  0.3470  0.3340  1
211:   0.2793  0.3223  0.3984  1
212:   0.3330  0.3700  0.2970  1
213:   0.3510  0.3660  0.2830  1
214:   0.3460  0.3660  0.2880  1
215:   0.3497  0.3387  0.3117  1
216:   0.3480  0.3450  0.3070  1
217:   0.3150  0.3030  0.3820  1
218:   0.3390  0.3440  0.3170  1
219:   0.2980  0.3020  0.4000  1
220:   0.3080  0.3600  0.3320  1
221:   0.3750  0.3490  0.2760  1
222:   0.3514  0.2933  0.3554  1
223:   0.3630  0.3310  0.3060  1
224:   0.2780  0.3320  0.3900  1
225:   0.4320  0.3310  0.2370  1
226:   0.3780  0.3390  0.2830  1
227:   0.3240  0.3470  0.3290  1
228:   0.3223  0.3744  0.3033  1
229:   0.3400  0.3340  0.3260  1
230:   0.3237  0.3596  0.3167  1
231:   0.3370  0.3180  0.3450  1
232:   0.2970  0.3190  0.3840  1
233:   0.3030  0.3920  0.3050  1
234:   0.3550  0.3660  0.2790  1
235:   0.3800  0.3450  0.2750  1
236:   0.3167  0.3237  0.3596  1
237:   0.3247  0.3576  0.3177  1
238:   0.3460  0.3430  0.3110  1
239:   0.3710  0.3500  0.2790  1
240:   0.3700  0.3350  0.2950  1
241:   0.3300  0.3680  0.3020  1
242:   0.3530  0.3260  0.3210  1
243:   0.3060  0.3440  0.3500  1
244:   0.3700  0.3410  0.2890  1
245:   0.3313  0.3744  0.2943  1
246:   0.3040  0.3510  0.3450  1
247:   0.3880  0.3310  0.2810  1
248:   0.3760  0.3010  0.3230  1
249:   0.3990  0.3340  0.2670  1
250:   0.3910  0.3410  0.2680  1
251:   0.3506  0.3217  0.3277  1
252:   0.3660  0.3090  0.3250  1
253:   0.3310  0.3430  0.3260  1
254:   0.3280  0.2840  0.3880  1
255:   0.2960  0.2540  0.4500  1
256:   0.3490  0.2910  0.3600  1
257:   0.3570  0.3080  0.3350  1
258:   0.2990  0.2850  0.4160  1
259:   0.3590  0.3640  0.2770  1
260:   0.3113  0.3023  0.3864  1
261:   0.3040  0.2940  0.4020  1
262:   0.3160  0.3760  0.3080  1
263:   0.3940  0.3190  0.2870  1
264:   0.3227  0.3207  0.3566  1
265:   0.2970  0.2750  0.4280  1
266:   0.3263  0.3273  0.3463  1
267:   0.2890  0.2950  0.4160  1
268:   0.3420  0.3600  0.2980  1
269:   0.3140  0.3220  0.3640  1
270:   0.2970  0.2930  0.4100  1
271:   0.3140  0.3270  0.3590  1
272:   0.3220  0.3600  0.3180  1
273:   0.3704  0.3524  0.2773  1
274:   0.3153  0.3273  0.3574  1
275:   0.2943  0.3383  0.3674  1
276:   0.3180  0.2890  0.3930  1
277:   0.3090  0.2930  0.3980  1
278:   0.3440  0.2980  0.3580  1
279:   0.3350  0.3340  0.3310  1
280:   0.2753  0.3263  0.3984  1
281:   0.2900  0.3710  0.3390  1
282:   0.3530  0.2870  0.3600  1
283:   0.2720  0.3110  0.4170  1
284:   0.3540  0.3430  0.3030  1
285:   0.3110  0.2970  0.3920  1
286:   0.3340  0.3530  0.3130  1
287:   0.3180  0.3120  0.3700  1
288:   0.2900  0.3440  0.3660  1
289:   0.3470  0.3230  0.3300  1
290:   0.2820  0.3420  0.3760  1
291:   0.2900  0.3050  0.4050  1
292:   0.3150  0.3270  0.3580  1
293:   0.3163  0.2913  0.3924  1
294:   0.2770  0.2690  0.4540  1
295:   0.3340  0.3080  0.3580  1
296:   0.3257  0.3457  0.3287  1
297:   0.2907  0.2887  0.4206  1
298:   0.3620  0.3240  0.3140  1
299:   0.3143  0.3473  0.3383  1
300:   0.3100  0.3130  0.3770  1
301:   0.2870  0.2600  0.4530  1
302:   0.3130  0.3690  0.3180  1
303:   0.2810  0.3200  0.3990  1
304:   0.3170  0.3530  0.3300  1
305:   0.2920  0.3180  0.3900  1
306:   0.3043  0.3233  0.3724  1
307:   0.3390  0.3470  0.3140  1
308:   0.2570  0.2760  0.4670  1
309:   0.3750  0.3710  0.2540  1
310:   0.4126  0.3247  0.2627  1
311:   0.3280  0.3010  0.3710  1
312:   0.3020  0.3050  0.3930  1
313:   0.3150  0.3320  0.3530  1
314:   0.2970  0.3190  0.3840  1
315:   0.3710  0.3070  0.3220  1
316:   0.3550  0.3260  0.3190  1
317:   0.3220  0.3240  0.3540  1
318:   0.3840  0.3190  0.2970  1
319:   0.2780  0.3050  0.4170  1
320:   0.3520  0.3210  0.3270  1
321:   0.3696  0.3377  0.2927  1
322:   0.3010  0.2720  0.4270  1
323:   0.3290  0.3450  0.3260  1
324:   0.3664  0.3093  0.3243  1
325:   0.3270  0.3360  0.3370  1
326:   0.3830  0.3140  0.3030  1
327:   0.3550  0.3280  0.3170  1
328:   0.3270  0.2970  0.3760  1
329:   0.3450  0.3230  0.3320  1
330:   0.3347  0.3197  0.3457  1
331:   0.3490  0.3390  0.3120  1
332:   0.3780  0.3330  0.2890  1
333:   0.3250  0.3260  0.3490  1
334:   0.3130  0.3320  0.3550  1
335:   0.3130  0.2950  0.3920  1
336:   0.2820  0.3480  0.3700  1
337:   0.2960  0.3440  0.3600  1
338:   0.3020  0.3340  0.3640  1
339:   0.3180  0.3560  0.3260  1
340:   0.3413  0.3584  0.3003  1
341:   0.3190  0.3440  0.3370  1
342:   0.2930  0.3290  0.3780  1
343:   0.3580  0.3600  0.2820  1
344:   0.3540  0.3180  0.3280  1
345:   0.3674  0.3423  0.2903  1
346:   0.3490  0.3750  0.2760  1
347:   0.3130  0.3530  0.3340  1

  1:   0.3560  0.3600  0.2840  1
  2:   0.3417  0.3397  0.3187  1
  3:   0.3310  0.3280  0.3410  1
  4:   0.3180  0.3130  0.3690  1
  5:   0.3340  0.3300  0.3360  1
  6:   0.3320  0.3280  0.3400  1
  7:   0.3490  0.3580  0.2930  1
  8:   0.3440  0.3370  0.3190  1
  9:   0.3400  0.3390  0.3210  1
 10:   0.3450  0.3360  0.3190  1
 11:   0.3100  0.3220  0.3680  1
 12:   0.3280  0.3410  0.3310  1
 13:   0.3097  0.3157  0.3746  1
 14:   0.3500  0.3430  0.3070  1
 15:   0.3556  0.3626  0.2817  1
 16:   0.3460  0.3520  0.3020  1
 17:   0.2620  0.2670  0.4710  1
 18:   0.3440  0.3450  0.3110  1
 19:   0.3373  0.3423  0.3203  1
 20:   0.3410  0.3470  0.3120  1
 21:   0.3470  0.3590  0.2940  1
 22:   0.3480  0.3520  0.3000  1
 23:   0.3343  0.3393  0.3263  1
 24:   0.3300  0.3280  0.3420  1
 25:   0.3330  0.3330  0.3340  1
 26:   0.3190  0.3300  0.3510  1
 27:   0.3410  0.3500  0.3090  1
 28:   0.3514  0.3704  0.2783  1
 29:   0.3190  0.3250  0.3560  1
 30:   0.3460  0.3520  0.3020  1
 31:   0.3390  0.3310  0.3300  1
 32:   0.3520  0.3440  0.3040  1
 33:   0.3450  0.3520  0.3030  1
 34:   0.3213  0.3263  0.3524  1
 35:   0.3447  0.3516  0.3037  1
 36:   0.3590  0.3620  0.2790  1
 37:   0.3070  0.3030  0.3900  1
 38:   0.3190  0.3140  0.3670  1
 39:   0.3440  0.3580  0.2980  1
 40:   0.3440  0.3620  0.2940  1
 41:   0.3143  0.3343  0.3514  1
 42:   0.3270  0.3410  0.3320  1
 43:   0.3323  0.3243  0.3433  1
 44:   0.3510  0.3320  0.3170  1
 45:   0.3310  0.3410  0.3280  1
 46:   0.3550  0.3520  0.2930  1
 47:   0.3560  0.3590  0.2850  1
 48:   0.3480  0.3260  0.3260  1
 49:   0.2790  0.2940  0.4270  1
 50:   0.3320  0.3240  0.3440  1
 51:   0.3087  0.3077  0.3836  1
 52:   0.3277  0.3307  0.3417  1
 53:   0.3167  0.3347  0.3487  1
 54:   0.3580  0.3590  0.2830  1
 55:   0.3520  0.3510  0.2970  1
 56:   0.3300  0.3360  0.3340  1
 57:   0.3330  0.3360  0.3310  1
 58:   0.3090  0.3150  0.3760  1
 59:   0.3230  0.3080  0.3690  1
 60:   0.3307  0.3467  0.3227  1
 61:   0.3390  0.3600  0.3010  1
 62:   0.3660  0.3490  0.2850  1
 63:   0.3250  0.3230  0.3520  1
 64:   0.3480  0.3560  0.2960  1
 65:   0.3450  0.3480  0.3070  1
 66:   0.3333  0.3453  0.3213  1
 67:   0.3370  0.3290  0.3340  1
 68:   0.3560  0.3370  0.3070  1
 69:   0.3330  0.3340  0.3330  1
 70:   0.3457  0.3377  0.3167  1
 71:   0.3163  0.3273  0.3564  1
 72:   0.3167  0.3217  0.3616  1
 73:   0.2910  0.3000  0.4090  1
 74:   0.3203  0.3393  0.3403  1
 75:   0.3280  0.3350  0.3370  1
 76:   0.3570  0.3620  0.2810  1
 77:   0.3470  0.3390  0.3140  1
 78:   0.3463  0.3463  0.3073  1
 79:   0.3550  0.3680  0.2770  1
 80:   0.3370  0.3450  0.3180  1
 81:   0.3320  0.3310  0.3370  1
 82:   0.3340  0.3420  0.3240  1
 83:   0.3330  0.3270  0.3400  1
 84:   0.3560  0.3560  0.2880  1
 85:   0.3080  0.3130  0.3790  1
 86:   0.3300  0.3170  0.3530  1
 87:   0.2910  0.2940  0.4150  1
 88:   0.3780  0.3640  0.2580  1
 89:   0.3120  0.3080  0.3800  1
 90:   0.3590  0.3480  0.2930  1
 91:   0.3510  0.3500  0.2990  1
 92:   0.3290  0.3210  0.3500  1
 93:   0.3550  0.3480  0.2970  1
 94:   0.3550  0.3490  0.2960  1
 95:   0.3566  0.3596  0.2837  1
 96:   0.3440  0.3500  0.3060  1
 97:   0.3330  0.3270  0.3400  1
 98:   0.3387  0.3387  0.3227  1
 99:   0.3360  0.3320  0.3320  1
100:   0.3493  0.3534  0.2973  1
101:   0.3340  0.3330  0.3330  1
102:   0.3330  0.3220  0.3450  1
103:   0.3530  0.3420  0.3050  1
104:   0.3604  0.3493  0.2903  1
105:   0.3363  0.3313  0.3323  1
106:   0.3297  0.3267  0.3437  1
107:   0.3410  0.3430  0.3160  1
108:   0.3530  0.3480  0.2990  1
109:   0.3550  0.3610  0.2840  1
110:   0.3450  0.3350  0.3200  1
111:   0.3197  0.3157  0.3646  1
112:   0.3070  0.3150  0.3780  1
113:   0.3470  0.3700  0.2830  1
114:   0.3480  0.3470  0.3050  1
115:   0.3313  0.3233  0.3453  1
116:   0.3410  0.3290  0.3300  1
117:   0.3340  0.3320  0.3340  1
118:   0.3540  0.3350  0.3110  1
119:   0.3123  0.3163  0.3714  1
120:   0.3300  0.3190  0.3510  1
121:   0.3410  0.3510  0.3080  1
122:   0.3610  0.3720  0.2670  1
123:   0.3410  0.3430  0.3160  1
124:   0.3550  0.3790  0.2660  1
125:   0.3370  0.3350  0.3280  1
126:   0.3636  0.3656  0.2707  1
127:   0.3420  0.3310  0.3270  1
128:   0.2950  0.3050  0.4000  1
129:   0.3493  0.3504  0.3003  1
130:   0.3614  0.3584  0.2803  1
131:   0.3360  0.3320  0.3320  1
132:   0.3333  0.3293  0.3373  1
133:   0.3650  0.3690  0.2660  1
134:   0.3457  0.3536  0.3007  1
135:   0.2950  0.3060  0.3990  1
136:   0.3840  0.3600  0.2560  1
137:   0.3710  0.3660  0.2630  1
138:   0.3490  0.3390  0.3120  1
139:   0.3273  0.3173  0.3554  1
140:   0.3770  0.3730  0.2500  1
141:   0.3450  0.3420  0.3130  1
142:   0.3580  0.3410  0.3010  1
143:   0.3220  0.3320  0.3460  1
144:   0.3040  0.3070  0.3890  1
145:   0.3674  0.3594  0.2733  1
146:   0.3493  0.3634  0.2873  1
147:   0.3490  0.3430  0.3080  1
148:   0.2830  0.2950  0.4220  1
149:   0.3173  0.3133  0.3694  1
150:   0.3130  0.3190  0.3680  1
151:   0.3030  0.3160  0.3810  1
152:   0.3260  0.3270  0.3470  1
153:   0.2980  0.3020  0.4000  1
154:   0.3260  0.3230  0.3510  1
155:   0.3530  0.3520  0.2950  1
156:   0.3790  0.3570  0.2640  1
157:   0.3684  0.3654  0.2663  1
158:   0.3330  0.3480  0.3190  1
159:   0.3457  0.3437  0.3107  1
160:   0.3350  0.3400  0.3250  1
161:   0.3407  0.3397  0.3197  1
162:   0.3083  0.3163  0.3754  1
163:   0.3260  0.3400  0.3340  1
164:   0.3230  0.3300  0.3470  1
165:   0.3203  0.3223  0.3574  1
166:   0.3280  0.3360  0.3360  1
167:   0.3423  0.3303  0.3273  1
168:   0.3500  0.3660  0.2840  1
169:   0.3240  0.3120  0.3640  1
170:   0.3540  0.3510  0.2950  1
171:   0.3390  0.3370  0.3240  1
