  1:   0.2092  0.2004  0.1714  0.2180  0.2010  1
  2:   0.2021  0.2015  0.1961  0.2007  0.1997  1
  3:   0.1887  0.1885  0.2131  0.2005  0.2091  1
  4:   0.2092  0.2042  0.1892  0.2012  0.1962  1
  5:   0.2226  0.2024  0.1844  0.2018  0.1890  1
  6:   0.1938  0.2020  0.2070  0.1974  0.1998  1
  7:   0.2008  0.2034  0.1926  0.1968  0.2066  1
  8:   0.1968  0.2014  0.2044  0.1906  0.2068  1
  9:   0.2013  0.2083  0.2057  0.1883  0.1963  1
 10:   0.1926  0.2000  0.2036  0.1992  0.2048  1
 11:   0.2020  0.2034  0.2040  0.1964  0.1944  1
 12:   0.1965  0.1991  0.1967  0.2063  0.2013  1
 13:   0.1888  0.2126  0.2144  0.1862  0.1978  1
 14:   0.2075  0.2011  0.1971  0.2007  0.1937  1
 15:   0.1918  0.1964  0.2150  0.1896  0.2074  1
 16:   0.1996  0.2004  0.1952  0.2024  0.2022  1
 17:   0.1991  0.2005  0.1983  0.1971  0.2049  1
 18:   0.2082  0.1990  0.1784  0.2104  0.2040  1
 19:   0.2075  0.1979  0.1811  0.2171  0.1965  1
 20:   0.2038  0.2050  0.1994  0.2000  0.1916  1
 21:   0.2064  0.2084  0.2018  0.1928  0.1908  1
 22:   0.2032  0.2000  0.1848  0.2054  0.2064  1
 23:   0.1991  0.2011  0.2037  0.1909  0.2053  1
 24:   0.1915  0.2007  0.2113  0.1975  0.1989  1
 25:   0.2074  0.1922  0.1766  0.2238  0.2000  1
 26:   0.2019  0.2017  0.2065  0.1919  0.1981  1
 27:   0.2041  0.2007  0.1989  0.2011  0.1951  1
 28:   0.1968  0.2046  0.1982  0.1984  0.2020  1
 29:   0.1875  0.2003  0.2189  0.1831  0.2101  1
 30:   0.2057  0.1993  0.1815  0.2137  0.1997  1
 31:   0.2004  0.2060  0.1942  0.1996  0.1998  1
 32:   0.2002  0.1986  0.1898  0.2112  0.2004  1
 33:   0.1982  0.2006  0.1934  0.2014  0.2066  1
 34:   0.1932  0.2050  0.2038  0.1968  0.2010  1
 35:   0.2007  0.1971  0.1989  0.2007  0.2027  1
 36:   0.1933  0.2023  0.2103  0.1877  0.2065  1
 37:   0.2077  0.2081  0.1981  0.1943  0.1919  1
 38:   0.1874  0.2034  0.2160  0.1892  0.2040  1
 39:   0.2040  0.2014  0.2002  0.2024  0.1922  1
 40:   0.2051  0.2013  0.1997  0.1973  0.1965  1
 41:   0.1984  0.1966  0.2040  0.1980  0.2028  1
 42:   0.1978  0.2094  0.2016  0.1966  0.1946  1
 43:   0.1994  0.2124  0.2000  0.1986  0.1896  1
 44:   0.2031  0.2127  0.1947  0.2029  0.1867  1
 45:   0.2133  0.1979  0.1779  0.2177  0.1931  1
 46:   0.2117  0.2017  0.1801  0.2117  0.1949  1
 47:   0.2068  0.2004  0.1798  0.2126  0.2002  1
 48:   0.2042  0.2018  0.1948  0.2008  0.1986  1
 49:   0.1990  0.2018  0.2008  0.2018  0.1966  1
 50:   0.2028  0.2068  0.2012  0.1896  0.1994  1
 51:   0.2010  0.2000  0.1968  0.2028  0.1994  1
 52:   0.2023  0.2009  0.1963  0.2017  0.1989  1
 53:   0.2044  0.2036  0.1946  0.2014  0.1958  1
 54:   0.2052  0.2002  0.1930  0.2066  0.1952  1
 55:   0.2040  0.2016  0.1948  0.2064  0.1934  1
 56:   0.2022  0.2056  0.1970  0.1930  0.2024  1
 57:   0.2186  0.1938  0.1640  0.2278  0.1956  1
 58:   0.1970  0.1992  0.1992  0.2042  0.2006  1
 59:   0.1954  0.1984  0.2006  0.2070  0.1988  1
 60:   0.1945  0.2011  0.2069  0.1955  0.2019  1
 61:   0.1890  0.1934  0.2224  0.1878  0.2074  1
 62:   0.1915  0.1991  0.2159  0.1887  0.2047  1
 63:   0.2032  0.2010  0.1974  0.2000  0.1984  1
 64:   0.1986  0.1984  0.2038  0.2012  0.1978  1
 65:   0.1979  0.1981  0.2037  0.2023  0.1981  1
 66:   0.2004  0.2016  0.2012  0.2002  0.1968  1
 67:   0.2029  0.1983  0.1975  0.2013  0.2001  1
 68:   0.2038  0.2002  0.1928  0.2006  0.2028  1
 69:   0.2002  0.2050  0.2028  0.1886  0.2034  1
 70:   0.1995  0.1991  0.1989  0.2011  0.2015  1
 71:   0.1960  0.1972  0.2084  0.1978  0.2006  1
 72:   0.2026  0.1994  0.1940  0.2074  0.1964  1
 73:   0.1980  0.2004  0.2028  0.1972  0.2016  1
 74:   0.1980  0.2028  0.2026  0.2016  0.1952  1
 75:   0.2263  0.2003  0.1721  0.2081  0.1931  1
 76:   0.2084  0.1984  0.1790  0.2146  0.1998  1
 77:   0.2010  0.2014  0.1882  0.2076  0.2018  1
 78:   0.2006  0.1994  0.1994  0.2014  0.1992  1
 79:   0.1877  0.1967  0.2199  0.1867  0.2091  1
 80:   0.2060  0.2094  0.2006  0.1914  0.1924  1
 81:   0.1910  0.2002  0.2124  0.1940  0.2026  1
 82:   0.2034  0.2022  0.1974  0.2024  0.1944  1
 83:   0.2033  0.2057  0.1999  0.1987  0.1925  1
 84:   0.2068  0.1978  0.1700  0.2230  0.2026  1
 85:   0.2105  0.2049  0.1879  0.2069  0.1897  1
 86:   0.2208  0.2004  0.1750  0.2110  0.1930  1
 87:   0.1902  0.1880  0.2058  0.2082  0.2078  1
 88:   0.1884  0.1880  0.2146  0.1982  0.2108  1
 89:   0.1887  0.1919  0.2129  0.1927  0.2137  1
 90:   0.1791  0.1817  0.2257  0.1961  0.2175  1
 91:   0.1867  0.1899  0.2179  0.1969  0.2085  1
 92:   0.1818  0.1856  0.2226  0.1948  0.2152  1
 93:   0.1984  0.2124  0.2022  0.1956  0.1914  1
 94:   0.2036  0.2026  0.1984  0.2006  0.1950  1
 95:   0.1993  0.2013  0.2009  0.1995  0.1989  1
 96:   0.2109  0.2027  0.1945  0.2041  0.1879  1
 97:   0.2120  0.2064  0.1930  0.1980  0.1904  1
 98:   0.1896  0.2062  0.2136  0.1908  0.1998  1
 99:   0.1996  0.2040  0.2042  0.1946  0.1978  1
100:   0.1912  0.1952  0.2156  0.1942  0.2040  1
101:   0.2020  0.2020  0.1978  0.2042  0.1942  1
102:   0.1942  0.2020  0.1996  0.2058  0.1984  1
103:   0.1944  0.1940  0.2050  0.1996  0.2072  1
104:   0.1955  0.2025  0.2085  0.1929  0.2005  1
105:   0.1876  0.1958  0.2174  0.1930  0.2060  1
106:   0.2052  0.2004  0.1914  0.2094  0.1936  1
107:   0.1970  0.1982  0.2078  0.2002  0.1966  1
108:   0.1982  0.2006  0.2014  0.1960  0.2040  1
109:   0.1978  0.1992  0.1996  0.2008  0.2024  1
