  1:   0.2202  0.1722  0.1712  0.1762  0.2132  0.0470  1
  2:   0.1340  0.2370  0.2960  0.1420  0.1120  0.0790  1
  3:   0.2042  0.1612  0.1622  0.1652  0.2112  0.0961  1
  4:   0.1572  0.1882  0.1912  0.1552  0.1552  0.1532  1
  5:   0.1828  0.1758  0.1778  0.1718  0.2068  0.0849  1
  6:   0.2040  0.1930  0.1730  0.1800  0.1830  0.0670  1
  7:   0.2160  0.1510  0.1540  0.1840  0.1990  0.0960  1
  8:   0.1580  0.2150  0.2310  0.1560  0.1450  0.0950  1
  9:   0.1792  0.1802  0.1822  0.1752  0.1742  0.1091  1
 10:   0.1610  0.2260  0.2070  0.2000  0.1450  0.0610  1
 11:   0.1281  0.1772  0.1702  0.1421  0.1281  0.2543  1
 12:   0.1978  0.1199  0.1289  0.1399  0.1878  0.2258  1
 13:   0.1530  0.2020  0.2140  0.1560  0.1470  0.1280  1
 14:   0.0571  0.0701  0.0691  0.0631  0.0561  0.6847  1
 15:   0.1248  0.1747  0.1866  0.1567  0.1218  0.2355  1
 16:   0.1798  0.1978  0.1958  0.1788  0.1638  0.0839  1
 17:   0.0851  0.1011  0.0951  0.0891  0.0871  0.5425  1
 18:   0.1970  0.1940  0.1810  0.1760  0.1830  0.0690  1
 19:   0.1660  0.1680  0.1680  0.1460  0.1590  0.1930  1
 20:   0.2190  0.1430  0.1600  0.1680  0.2040  0.1060  1
 21:   0.0789  0.0869  0.0839  0.0819  0.0819  0.5864  1
 22:   0.1710  0.2120  0.2080  0.1640  0.1640  0.0810  1
 23:   0.1828  0.1998  0.2078  0.1738  0.1578  0.0779  1
 24:   0.2072  0.1652  0.1461  0.1982  0.2162  0.0671  1
 25:   0.1710  0.1830  0.1850  0.1710  0.2080  0.0820  1
 26:   0.1730  0.1540  0.1550  0.2620  0.2040  0.0520  1
 27:   0.1668  0.2178  0.1998  0.1848  0.1528  0.0779  1
 28:   0.1662  0.1602  0.1652  0.2683  0.2012  0.0390  1
 29:   0.1150  0.1740  0.1770  0.1200  0.0980  0.3160  1
 30:   0.1840  0.1640  0.1660  0.2000  0.1880  0.0980  1
 31:   0.1530  0.2260  0.2250  0.1630  0.1430  0.0900  1
 32:   0.1660  0.2230  0.1980  0.1770  0.1410  0.0950  1
 33:   0.1612  0.2152  0.1892  0.2142  0.1742  0.0460  1
 34:   0.1360  0.2180  0.2300  0.1420  0.1120  0.1620  1
 35:   0.1528  0.2378  0.2358  0.1888  0.1409  0.0440  1
 36:   0.1747  0.1717  0.1677  0.1896  0.1727  0.1238  1
 37:   0.1662  0.1902  0.1832  0.2292  0.1782  0.0531  1
 38:   0.1570  0.1940  0.1880  0.1680  0.1380  0.1550  1
 39:   0.1642  0.2102  0.1992  0.1952  0.1532  0.0781  1
 40:   0.0510  0.0610  0.0610  0.0580  0.0530  0.7160  1
 41:   0.1592  0.2032  0.2092  0.1972  0.1542  0.0771  1
 42:   0.1938  0.1778  0.1908  0.1848  0.1948  0.0579  1
 43:   0.1612  0.2162  0.2122  0.2122  0.1592  0.0390  1
 44:   0.1730  0.1850  0.1820  0.1880  0.1870  0.0850  1
 45:   0.1520  0.2450  0.2150  0.2010  0.1540  0.0330  1
 46:   0.1700  0.1980  0.1890  0.2090  0.1590  0.0750  1
 47:   0.1480  0.2070  0.1950  0.1780  0.1390  0.1330  1
 48:   0.2030  0.1730  0.1610  0.1670  0.1830  0.1130  1
 49:   0.2000  0.1830  0.1760  0.2070  0.1990  0.0350  1
 50:   0.1750  0.1920  0.2090  0.1820  0.1770  0.0650  1
 51:   0.1848  0.1538  0.1598  0.2318  0.1958  0.0739  1
 52:   0.1608  0.1499  0.1608  0.2088  0.1778  0.1419  1
 53:   0.1942  0.1992  0.2082  0.1712  0.1742  0.0531  1
 54:   0.1491  0.2072  0.1982  0.1782  0.1361  0.1311  1
 55:   0.1520  0.1600  0.1510  0.1660  0.1510  0.2200  1
 56:   0.1800  0.1900  0.1950  0.1900  0.1860  0.0590  1
 57:   0.1832  0.1752  0.1832  0.1762  0.1712  0.1111  1
 58:   0.1419  0.1708  0.1758  0.1728  0.1479  0.1908  1
 59:   0.1622  0.2513  0.2112  0.1802  0.1582  0.0370  1
 60:   0.1530  0.2070  0.1760  0.1800  0.1440  0.1400  1
 61:   0.1762  0.1361  0.1411  0.2643  0.2342  0.0480  1
 62:   0.1638  0.2388  0.1918  0.1998  0.1598  0.0460  1
 63:   0.1750  0.1710  0.1730  0.2210  0.2080  0.0520  1
 64:   0.1160  0.0930  0.0910  0.1090  0.1150  0.4760  1
 65:   0.1668  0.1908  0.1948  0.2028  0.1858  0.0589  1
 66:   0.1650  0.2240  0.1900  0.2100  0.1750  0.0360  1
 67:   0.2188  0.1698  0.1788  0.1898  0.1998  0.0430  1
 68:   0.1960  0.1590  0.1780  0.1900  0.2010  0.0760  1
 69:   0.1768  0.2168  0.2178  0.1758  0.1638  0.0490  1
 70:   0.2020  0.1110  0.1280  0.2790  0.2540  0.0260  1
 71:   0.1860  0.2130  0.2040  0.1800  0.1690  0.0480  1
 72:   0.1150  0.1620  0.1530  0.1360  0.1060  0.3280  1
 73:   0.1460  0.2510  0.2340  0.1630  0.1340  0.0720  1
 74:   0.1872  0.1712  0.1842  0.1692  0.1962  0.0921  1
 75:   0.2098  0.1678  0.1708  0.1698  0.1968  0.0849  1
 76:   0.1780  0.1800  0.1730  0.2230  0.2010  0.0450  1
 77:   0.1660  0.1840  0.1920  0.1690  0.1670  0.1220  1
 78:   0.2112  0.1852  0.1832  0.1892  0.1922  0.0390  1
 79:   0.1660  0.1940  0.1860  0.2320  0.1780  0.0440  1
 80:   0.2030  0.1740  0.1690  0.2110  0.2010  0.0420  1
 81:   0.2570  0.1340  0.1310  0.1720  0.2470  0.0590  1
 82:   0.0851  0.0881  0.0821  0.0831  0.0841  0.5776  1
 83:   0.1702  0.1792  0.2042  0.1542  0.1602  0.1321  1
 84:   0.0500  0.0720  0.0660  0.0590  0.0540  0.6990  1
 85:   0.1610  0.2300  0.1800  0.1900  0.1680  0.0710  1
 86:   0.2372  0.1241  0.1441  0.1762  0.2322  0.0861  1
 87:   0.1648  0.2088  0.1928  0.2058  0.1828  0.0450  1
 88:   0.2500  0.1510  0.1630  0.1690  0.2240  0.0430  1
 89:   0.1548  0.0559  0.0609  0.0929  0.1429  0.4925  1
 90:   0.2707  0.1249  0.1269  0.1698  0.2587  0.0490  1
 91:   0.1600  0.2300  0.2140  0.1760  0.1510  0.0690  1
 92:   0.1280  0.1490  0.1520  0.1240  0.1300  0.3170  1
 93:   0.2216  0.1607  0.1527  0.1707  0.2116  0.0828  1
 94:   0.2987  0.0969  0.1019  0.1758  0.2977  0.0290  1
 95:   0.2990  0.0990  0.1030  0.1770  0.2880  0.0340  1
 96:   0.3150  0.0810  0.0830  0.1710  0.3200  0.0300  1
 97:   0.2420  0.1310  0.1330  0.1830  0.2570  0.0540  1
 98:   0.2402  0.1662  0.1772  0.1712  0.2092  0.0360  1
 99:   0.1431  0.1371  0.1281  0.1301  0.1401  0.3213  1
100:   0.1010  0.1360  0.1270  0.1080  0.0960  0.4320  1
101:   0.2202  0.1401  0.1351  0.2092  0.2332  0.0621  1
102:   0.1370  0.2220  0.2170  0.1680  0.1390  0.1170  1
103:   0.1890  0.1500  0.1590  0.2180  0.2180  0.0660  1
104:   0.2910  0.1240  0.1220  0.1790  0.2570  0.0270  1
105:   0.1600  0.2190  0.1950  0.1960  0.1540  0.0760  1
106:   0.1540  0.2010  0.2070  0.1530  0.1450  0.1400  1
107:   0.1918  0.1558  0.1518  0.1958  0.1918  0.1129  1
108:   0.1612  0.1622  0.1702  0.1822  0.1832  0.1411  1
109:   0.2040  0.1310  0.1350  0.1720  0.2250  0.1330  1
110:   0.1940  0.1430  0.1570  0.1660  0.1830  0.1570  1
111:   0.3073  0.0901  0.0911  0.1732  0.2893  0.0490  1
112:   0.2520  0.1300  0.1510  0.1700  0.2460  0.0510  1
113:   0.0631  0.0701  0.0711  0.0641  0.0601  0.6717  1
114:   0.1700  0.2240  0.2010  0.1980  0.1640  0.0430  1
115:   0.1822  0.1672  0.1692  0.1662  0.1712  0.1441  1
116:   0.1460  0.2050  0.1970  0.1720  0.1400  0.1400  1
117:   0.1818  0.2248  0.2058  0.1798  0.1618  0.0460  1
118:   0.1650  0.2040  0.2010  0.2020  0.1780  0.0500  1
119:   0.1522  0.1632  0.1672  0.1622  0.1712  0.1842  1
120:   0.1061  0.1361  0.1401  0.1171  0.1021  0.3984  1
121:   0.0300  0.0340  0.0360  0.0360  0.0330  0.8310  1
122:   0.1678  0.1648  0.1738  0.2218  0.2018  0.0699  1
123:   0.0961  0.1211  0.1271  0.0971  0.0911  0.4675  1
124:   0.2480  0.1180  0.1260  0.1740  0.2420  0.0920  1
125:   0.2270  0.1420  0.1510  0.1680  0.2180  0.0940  1
126:   0.1830  0.1690  0.1620  0.2390  0.2080  0.0390  1
127:   0.1421  0.1431  0.1552  0.1251  0.1371  0.2973  1
128:   0.1810  0.1820  0.1840  0.1850  0.1920  0.0760  1
129:   0.2210  0.1280  0.1360  0.1620  0.2360  0.1170  1
130:   0.1728  0.2378  0.2178  0.1738  0.1518  0.0460  1
131:   0.1510  0.1940  0.2000  0.1580  0.1360  0.1610  1
132:   0.1550  0.2420  0.2070  0.1920  0.1620  0.0420  1
133:   0.0620  0.0800  0.0750  0.0770  0.0630  0.6430  1
134:   0.1928  0.2048  0.2208  0.1628  0.1798  0.0390  1
135:   0.1390  0.2540  0.2710  0.1530  0.1180  0.0650  1
136:   0.1500  0.1400  0.1370  0.1300  0.1440  0.2990  1
137:   0.1708  0.1648  0.1808  0.1828  0.1588  0.1419  1
138:   0.1852  0.1802  0.1852  0.1962  0.2272  0.0260  1
139:   0.1720  0.1840  0.1840  0.1880  0.1870  0.0850  1
140:   0.1930  0.1730  0.1720  0.2090  0.1940  0.0590  1
141:   0.0540  0.0700  0.0690  0.0650  0.0580  0.6840  1
142:   0.1400  0.1900  0.1780  0.1600  0.1360  0.1960  1
143:   0.1640  0.1700  0.1790  0.1710  0.1720  0.1440  1
144:   0.1389  0.2338  0.2408  0.1568  0.1239  0.1059  1
145:   0.2600  0.1400  0.1500  0.1740  0.2420  0.0340  1
146:   0.2038  0.1658  0.1708  0.1728  0.2128  0.0739  1
147:   0.2288  0.1489  0.1578  0.1858  0.2128  0.0659  1
148:   0.1542  0.2202  0.2252  0.1712  0.1632  0.0661  1
149:   0.1490  0.1840  0.1790  0.1580  0.1480  0.1820  1
150:   0.2122  0.1401  0.1391  0.1602  0.2432  0.1051  1
151:   0.1410  0.1080  0.1160  0.1330  0.1630  0.3390  1
152:   0.1808  0.1489  0.1499  0.2597  0.2318  0.0290  1
153:   0.1389  0.1518  0.1618  0.1349  0.1658  0.2468  1
154:   0.1688  0.1778  0.1888  0.1658  0.1588  0.1399  1
155:   0.0771  0.1121  0.1211  0.0841  0.0771  0.5285  1
156:   0.1700  0.2040  0.2210  0.1750  0.1650  0.0650  1
157:   0.1610  0.2210  0.2310  0.1640  0.1520  0.0710  1
158:   0.1880  0.1700  0.1780  0.1870  0.1790  0.0980  1
159:   0.1692  0.2082  0.1912  0.1732  0.1602  0.0981  1
160:   0.0701  0.0901  0.0911  0.0711  0.0711  0.6066  1
161:   0.1710  0.2050  0.2170  0.1830  0.1530  0.0710  1
162:   0.1558  0.1359  0.1389  0.1419  0.1748  0.2527  1
163:   0.1620  0.1960  0.1840  0.2030  0.1740  0.0810  1
164:   0.3197  0.0839  0.0919  0.1718  0.3037  0.0290  1
165:   0.2290  0.1390  0.1430  0.1680  0.2450  0.0760  1
166:   0.0650  0.0710  0.0710  0.0750  0.0650  0.6530  1
167:   0.1800  0.1360  0.1430  0.2470  0.2200  0.0740  1
168:   0.1490  0.1690  0.1680  0.2020  0.1570  0.1550  1
169:   0.1900  0.1770  0.1760  0.1810  0.1940  0.0820  1
170:   0.0410  0.0350  0.0360  0.0380  0.0420  0.8080  1
171:   0.1680  0.2050  0.1910  0.1900  0.1760  0.0700  1
172:   0.1620  0.1880  0.1710  0.2130  0.1860  0.0800  1
173:   0.0569  0.0589  0.0649  0.0589  0.0579  0.7023  1
174:   0.2030  0.1720  0.1720  0.1800  0.2040  0.0690  1
175:   0.1840  0.1740  0.1830  0.2170  0.1860  0.0560  1
176:   0.1658  0.2148  0.2278  0.1798  0.1628  0.0490  1
177:   0.1608  0.1758  0.1618  0.2268  0.1938  0.0809  1
178:   0.1642  0.2002  0.2012  0.1812  0.1471  0.1061  1
179:   0.1792  0.1391  0.1461  0.2673  0.2142  0.0541  1
180:   0.1580  0.2000  0.1870  0.1680  0.1560  0.1310  1
181:   0.1510  0.1390  0.1420  0.1410  0.1520  0.2750  1
182:   0.1960  0.1980  0.1880  0.1720  0.1780  0.0680  1
183:   0.0631  0.0611  0.0621  0.0591  0.0581  0.6967  1
184:   0.2100  0.1470  0.1450  0.1780  0.2220  0.0980  1
185:   0.0640  0.0750  0.0690  0.0630  0.0620  0.6670  1
186:   0.0650  0.0560  0.0590  0.0650  0.0640  0.6910  1
187:   0.1690  0.2210  0.2070  0.1860  0.1610  0.0560  1
188:   0.2670  0.1200  0.1240  0.1630  0.2480  0.0780  1
189:   0.1552  0.1512  0.1602  0.1602  0.1622  0.2112  1
190:   0.1610  0.2190  0.2380  0.1610  0.1500  0.0710  1
191:   0.1570  0.2000  0.1920  0.1590  0.1360  0.1560  1
192:   0.1532  0.2392  0.2803  0.1391  0.1201  0.0681  1
193:   0.2228  0.1618  0.1708  0.1678  0.2048  0.0719  1
194:   0.1622  0.1932  0.1952  0.1702  0.1502  0.1291  1
195:   0.1510  0.2490  0.2110  0.1750  0.1460  0.0680  1
196:   0.0890  0.0660  0.0710  0.0730  0.0880  0.6130  1
197:   0.1770  0.1920  0.1950  0.2000  0.1770  0.0590  1
198:   0.1120  0.0990  0.1030  0.0960  0.1060  0.4840  1
199:   0.1930  0.1740  0.1770  0.2090  0.1930  0.0540  1
200:   0.2870  0.1050  0.1040  0.1730  0.2900  0.0410  1
201:   0.1770  0.2020  0.1920  0.2040  0.1680  0.0570  1
202:   0.1563  0.2224  0.2255  0.1633  0.1743  0.0581  1
203:   0.1658  0.1668  0.1938  0.2038  0.1678  0.1019  1
204:   0.1760  0.1890  0.1760  0.2180  0.1980  0.0430  1
205:   0.1540  0.2460  0.1950  0.1860  0.1470  0.0720  1
206:   0.1538  0.2268  0.2148  0.1858  0.1279  0.0909  1
207:   0.1580  0.2200  0.2400  0.1540  0.1430  0.0850  1
208:   0.0870  0.1150  0.0990  0.0970  0.0820  0.5200  1
209:   0.1530  0.2590  0.2240  0.1640  0.1370  0.0630  1
210:   0.1690  0.1880  0.1970  0.1880  0.1980  0.0600  1
211:   0.0929  0.1279  0.1199  0.1049  0.0939  0.4605  1
212:   0.0781  0.0921  0.0981  0.0891  0.0781  0.5646  1
213:   0.1598  0.1878  0.1758  0.2018  0.1728  0.1019  1
214:   0.2240  0.1570  0.1610  0.1850  0.2350  0.0380  1
215:   0.2200  0.1670  0.1810  0.1700  0.2040  0.0580  1
216:   0.0700  0.0770  0.0780  0.0660  0.0750  0.6340  1
217:   0.1638  0.1269  0.1489  0.1868  0.1928  0.1808  1
218:   0.1608  0.2158  0.2078  0.1618  0.1339  0.1199  1
219:   0.1658  0.1968  0.2138  0.2118  0.1738  0.0380  1
220:   0.1500  0.2210  0.2590  0.1830  0.1430  0.0440  1
221:   0.1449  0.1668  0.1828  0.1658  0.1638  0.1758  1
222:   0.1550  0.2440  0.2180  0.1740  0.1490  0.0600  1
223:   0.2132  0.1361  0.1441  0.1712  0.2482  0.0871  1
224:   0.1900  0.1570  0.1730  0.2280  0.2150  0.0370  1

  1:   0.2240  0.1630  0.1840  0.1940  0.1830  0.0520  1
  2:   0.1942  0.2022  0.2422  0.1261  0.1532  0.0821  1
  3:   0.2102  0.1562  0.1832  0.1822  0.1772  0.0911  1
  4:   0.1698  0.1728  0.1828  0.1518  0.1648  0.1578  1
  5:   0.1780  0.1850  0.1770  0.1780  0.1970  0.0850  1
  6:   0.2042  0.1822  0.1912  0.1842  0.1682  0.0701  1
  7:   0.1838  0.1608  0.1728  0.1828  0.2048  0.0949  1
  8:   0.1740  0.1990  0.2020  0.1690  0.1590  0.0970  1
  9:   0.1882  0.1782  0.1852  0.1712  0.1672  0.1101  1
 10:   0.1712  0.2092  0.1852  0.1992  0.1682  0.0671  1
 11:   0.1481  0.1582  0.1642  0.1351  0.1401  0.2543  1
 12:   0.1780  0.1240  0.1440  0.1570  0.1740  0.2230  1
 13:   0.1658  0.2068  0.1918  0.1379  0.1738  0.1239  1
 14:   0.0609  0.0729  0.0689  0.0599  0.0629  0.6743  1
 15:   0.1350  0.1810  0.1840  0.1280  0.1370  0.2350  1
 16:   0.1738  0.1858  0.1928  0.1758  0.1778  0.0939  1
 17:   0.0890  0.0970  0.0980  0.0990  0.0830  0.5340  1
 18:   0.1888  0.1778  0.1928  0.1838  0.1878  0.0689  1
 19:   0.1550  0.1580  0.1800  0.1450  0.1730  0.1890  1
 20:   0.1890  0.1630  0.1700  0.1800  0.1930  0.1050  1
 21:   0.0831  0.0871  0.0851  0.0901  0.0871  0.5676  1
 22:   0.1810  0.1960  0.2030  0.1630  0.1770  0.0800  1
 23:   0.1782  0.1872  0.2052  0.1712  0.1802  0.0781  1
 24:   0.2100  0.1630  0.1720  0.2110  0.1730  0.0710  1
 25:   0.1946  0.1766  0.2006  0.1567  0.1916  0.0798  1
 26:   0.1652  0.2102  0.1391  0.2292  0.2042  0.0521  1
 27:   0.1748  0.1878  0.2008  0.1968  0.1598  0.0799  1
 28:   0.1680  0.2150  0.1500  0.2130  0.2140  0.0400  1
 29:   0.1270  0.1520  0.1580  0.1160  0.1210  0.3260  1
 30:   0.1780  0.1830  0.1600  0.2030  0.1750  0.1010  1
 31:   0.1718  0.1918  0.2068  0.1718  0.1578  0.0999  1
 32:   0.1612  0.2012  0.1992  0.1722  0.1702  0.0961  1
 33:   0.1540  0.2060  0.1780  0.2320  0.1790  0.0510  1
 34:   0.1700  0.1840  0.1990  0.1220  0.1530  0.1720  1
 35:   0.1800  0.2260  0.2130  0.1680  0.1670  0.0460  1
 36:   0.1700  0.1860  0.1660  0.1770  0.1780  0.1230  1
 37:   0.1602  0.2062  0.1752  0.2232  0.1822  0.0531  1
 38:   0.1520  0.1800  0.1760  0.1710  0.1640  0.1570  1
 39:   0.1518  0.2068  0.1888  0.1998  0.1718  0.0809  1
 40:   0.0550  0.0640  0.0580  0.0600  0.0610  0.7020  1
 41:   0.1710  0.2100  0.1940  0.1700  0.1740  0.0810  1
 42:   0.2000  0.1790  0.1860  0.1770  0.2010  0.0570  1
 43:   0.1760  0.2180  0.1930  0.1970  0.1770  0.0390  1
 44:   0.1730  0.1920  0.1830  0.1770  0.1830  0.0920  1
 45:   0.1660  0.2200  0.1980  0.2060  0.1750  0.0350  1
 46:   0.1810  0.1920  0.1820  0.1890  0.1750  0.0810  1
 47:   0.1530  0.1910  0.1840  0.1760  0.1590  0.1370  1
 48:   0.1890  0.1590  0.1800  0.1830  0.1710  0.1180  1
 49:   0.1830  0.1900  0.1850  0.2140  0.1910  0.0370  1
 50:   0.1932  0.1992  0.1862  0.1672  0.1902  0.0641  1
 51:   0.1702  0.1982  0.1642  0.1992  0.1972  0.0711  1
 52:   0.1790  0.1830  0.1520  0.1640  0.1850  0.1370  1
 53:   0.1900  0.1880  0.2050  0.1820  0.1760  0.0590  1
 54:   0.1642  0.1992  0.1742  0.1712  0.1582  0.1331  1
 55:   0.1540  0.1590  0.1480  0.1600  0.1600  0.2190  1
 56:   0.1920  0.1810  0.1870  0.1980  0.1850  0.0570  1
 57:   0.1810  0.1750  0.1840  0.1670  0.1790  0.1140  1
 58:   0.1638  0.1788  0.1658  0.1429  0.1588  0.1898  1
 59:   0.1600  0.2040  0.2080  0.2050  0.1840  0.0390  1
 60:   0.1540  0.1850  0.1700  0.1710  0.1690  0.1510  1
 61:   0.1792  0.1992  0.1391  0.2182  0.2162  0.0480  1
 62:   0.1500  0.1920  0.1880  0.2360  0.1880  0.0460  1
 63:   0.1812  0.1902  0.1732  0.1922  0.2072  0.0561  1
 64:   0.1131  0.0981  0.1041  0.1071  0.1141  0.4635  1
 65:   0.1870  0.1930  0.1900  0.1780  0.1910  0.0610  1
 66:   0.1552  0.2072  0.1902  0.2282  0.1832  0.0360  1
 67:   0.2068  0.1778  0.1878  0.1808  0.2018  0.0450  1
 68:   0.1878  0.1808  0.1758  0.1738  0.2048  0.0769  1
 69:   0.1860  0.1920  0.2090  0.1810  0.1790  0.0530  1
 70:   0.1752  0.2042  0.1291  0.2352  0.2282  0.0280  1
 71:   0.1780  0.1890  0.2020  0.1970  0.1840  0.0500  1
 72:   0.1311  0.1471  0.1421  0.1311  0.1181  0.3303  1
 73:   0.1700  0.2050  0.2170  0.1820  0.1500  0.0760  1
 74:   0.2032  0.1632  0.1842  0.1642  0.1792  0.1061  1
 75:   0.2092  0.1592  0.1752  0.1752  0.1902  0.0911  1
 76:   0.1840  0.1890  0.1780  0.2080  0.1950  0.0460  1
 77:   0.1730  0.1830  0.1810  0.1550  0.1900  0.1180  1
 78:   0.1938  0.1878  0.1998  0.1848  0.1928  0.0410  1
 79:   0.1670  0.2140  0.1770  0.1920  0.2030  0.0470  1
 80:   0.1970  0.1780  0.1670  0.2270  0.1870  0.0440  1
 81:   0.2198  0.1379  0.1648  0.2078  0.2098  0.0599  1
 82:   0.0890  0.0890  0.0890  0.0830  0.0840  0.5660  1
 83:   0.1840  0.1770  0.1930  0.1490  0.1610  0.1360  1
 84:   0.0599  0.0649  0.0719  0.0639  0.0559  0.6833  1
 85:   0.1460  0.1900  0.1850  0.2220  0.1880  0.0690  1
 86:   0.2122  0.1552  0.1552  0.1732  0.2222  0.0821  1
 87:   0.1580  0.2000  0.1900  0.2160  0.1880  0.0480  1
 88:   0.2300  0.1550  0.1970  0.1820  0.1930  0.0430  1
 89:   0.1299  0.0629  0.0809  0.1149  0.1209  0.4905  1
 90:   0.2368  0.1259  0.1698  0.2148  0.2038  0.0490  1
 91:   0.1512  0.2092  0.2132  0.1802  0.1712  0.0751  1
 92:   0.1370  0.1490  0.1470  0.1280  0.1320  0.3070  1
 93:   0.2030  0.1570  0.1670  0.2050  0.1860  0.0820  1
 94:   0.2408  0.1219  0.1469  0.2078  0.2517  0.0310  1
 95:   0.2380  0.1170  0.1470  0.2320  0.2310  0.0350  1
 96:   0.2540  0.1070  0.1360  0.2220  0.2490  0.0320  1
 97:   0.2218  0.1439  0.1578  0.2118  0.2118  0.0529  1
 98:   0.2280  0.1520  0.1950  0.1900  0.1970  0.0380  1
 99:   0.1510  0.1280  0.1330  0.1340  0.1430  0.3110  1
100:   0.0969  0.1289  0.1309  0.1149  0.1069  0.4216  1
101:   0.1888  0.1698  0.1618  0.2188  0.1948  0.0659  1
102:   0.1590  0.1960  0.1980  0.1610  0.1650  0.1210  1
103:   0.1858  0.1818  0.1568  0.1988  0.2078  0.0689  1
104:   0.2370  0.1390  0.1780  0.2220  0.1950  0.0290  1
105:   0.1530  0.2130  0.1840  0.1980  0.1710  0.0810  1
106:   0.1628  0.1878  0.2148  0.1449  0.1439  0.1459  1
107:   0.1920  0.1600  0.1610  0.1930  0.1800  0.1140  1
108:   0.1718  0.1748  0.1678  0.1748  0.1718  0.1389  1
109:   0.1940  0.1440  0.1480  0.1740  0.2050  0.1350  1
110:   0.1740  0.1540  0.1670  0.1550  0.1910  0.1590  1
111:   0.2530  0.1170  0.1510  0.2090  0.2200  0.0500  1
112:   0.2130  0.1520  0.1650  0.1910  0.2260  0.0530  1
113:   0.0680  0.0740  0.0700  0.0630  0.0650  0.6600  1
114:   0.1580  0.2140  0.1940  0.2150  0.1740  0.0450  1
115:   0.1690  0.1700  0.1740  0.1690  0.1740  0.1440  1
116:   0.1620  0.1920  0.1910  0.1550  0.1520  0.1480  1
117:   0.1790  0.2050  0.2100  0.1860  0.1730  0.0470  1
118:   0.1852  0.2012  0.1742  0.1962  0.1902  0.0531  1
119:   0.1590  0.1720  0.1560  0.1600  0.1720  0.1810  1
120:   0.1199  0.1369  0.1349  0.1119  0.1149  0.3816  1
121:   0.0350  0.0380  0.0350  0.0380  0.0360  0.8182  1
122:   0.1670  0.1990  0.1770  0.1950  0.1910  0.0710  1
123:   0.1019  0.1209  0.1219  0.0959  0.0979  0.4615  1
124:   0.2248  0.1249  0.1538  0.1988  0.2108  0.0869  1
125:   0.2088  0.1469  0.1758  0.1848  0.1908  0.0929  1
126:   0.1710  0.1970  0.1540  0.2270  0.2090  0.0420  1
127:   0.1499  0.1459  0.1508  0.1259  0.1369  0.2907  1
128:   0.1788  0.1918  0.1878  0.1798  0.1868  0.0749  1
129:   0.2162  0.1371  0.1522  0.1772  0.2002  0.1171  1
130:   0.1790  0.1950  0.2230  0.1910  0.1660  0.0460  1
131:   0.1662  0.1782  0.1842  0.1491  0.1512  0.1712  1
132:   0.1760  0.2120  0.1970  0.1990  0.1720  0.0440  1
133:   0.0660  0.0750  0.0720  0.0740  0.0700  0.6430  1
134:   0.2150  0.1920  0.2120  0.1620  0.1790  0.0400  1
135:   0.1874  0.2074  0.2415  0.1463  0.1523  0.0651  1
136:   0.1380  0.1370  0.1390  0.1360  0.1510  0.2990  1
137:   0.1758  0.1718  0.1678  0.1658  0.1708  0.1479  1
138:   0.2020  0.1870  0.1820  0.2100  0.1910  0.0280  1
139:   0.1810  0.2040  0.1750  0.1900  0.1650  0.0850  1
140:   0.1892  0.1832  0.1762  0.2002  0.1862  0.0651  1
141:   0.0619  0.0719  0.0679  0.0619  0.0609  0.6753  1
142:   0.1470  0.1670  0.1560  0.1710  0.1520  0.2070  1
143:   0.1620  0.1710  0.1660  0.1820  0.1660  0.1530  1
144:   0.1710  0.2090  0.2100  0.1510  0.1520  0.1070  1
145:   0.2150  0.1490  0.1800  0.2050  0.2150  0.0360  1
146:   0.2148  0.1698  0.1768  0.1708  0.1918  0.0759  1
147:   0.1980  0.1660  0.1730  0.1730  0.2190  0.0710  1
148:   0.1770  0.2020  0.2180  0.1700  0.1650  0.0680  1
149:   0.1570  0.1740  0.1770  0.1540  0.1510  0.1870  1
150:   0.1852  0.1572  0.1552  0.1612  0.2342  0.1071  1
151:   0.1270  0.1420  0.1240  0.1260  0.1680  0.3130  1
152:   0.1710  0.2150  0.1370  0.2440  0.2040  0.0290  1
153:   0.1400  0.1590  0.1530  0.1300  0.1800  0.2380  1
154:   0.1760  0.1730  0.1830  0.1610  0.1620  0.1450  1
155:   0.0831  0.1051  0.1071  0.0831  0.0901  0.5315  1
156:   0.2050  0.1850  0.2080  0.1710  0.1660  0.0650  1
157:   0.1880  0.1950  0.2130  0.1630  0.1660  0.0750  1
158:   0.1860  0.1740  0.1750  0.1870  0.1750  0.1030  1
159:   0.1688  0.1818  0.1878  0.1858  0.1748  0.1009  1
160:   0.0781  0.0871  0.0941  0.0751  0.0731  0.5926  1
161:   0.1876  0.1886  0.1986  0.1826  0.1717  0.0709  1
162:   0.1520  0.1420  0.1360  0.1350  0.1760  0.2590  1
163:   0.1722  0.1812  0.1832  0.1882  0.1852  0.0901  1
164:   0.2550  0.1090  0.1510  0.2110  0.2430  0.0310  1
165:   0.2030  0.1490  0.1670  0.1740  0.2270  0.0800  1
166:   0.0730  0.0710  0.0690  0.0720  0.0700  0.6450  1
167:   0.1702  0.1982  0.1381  0.2162  0.2042  0.0731  1
168:   0.1568  0.1778  0.1548  0.1788  0.1678  0.1638  1
169:   0.1768  0.1808  0.1768  0.1868  0.1918  0.0869  1
170:   0.0430  0.0400  0.0400  0.0380  0.0400  0.7990  1
171:   0.1852  0.1922  0.1962  0.1832  0.1722  0.0711  1
172:   0.1680  0.1870  0.1730  0.2050  0.1880  0.0790  1
173:   0.0631  0.0631  0.0641  0.0601  0.0581  0.6914  1
174:   0.1920  0.1790  0.1710  0.1900  0.2000  0.0680  1
175:   0.1808  0.1988  0.1778  0.1958  0.1898  0.0569  1
176:   0.1720  0.2220  0.2050  0.1770  0.1730  0.0510  1
177:   0.1770  0.1850  0.1610  0.2060  0.1860  0.0850  1
178:   0.1678  0.1968  0.1918  0.1598  0.1748  0.1089  1
179:   0.1700  0.2040  0.1390  0.2340  0.1980  0.0550  1
180:   0.1672  0.1872  0.1762  0.1702  0.1622  0.1371  1
181:   0.1630  0.1400  0.1570  0.1310  0.1490  0.2600  1
182:   0.2100  0.1760  0.1910  0.1890  0.1600  0.0740  1
183:   0.0609  0.0609  0.0679  0.0649  0.0609  0.6843  1
184:   0.2038  0.1568  0.1688  0.1908  0.1838  0.0959  1
185:   0.0679  0.0709  0.0699  0.0659  0.0659  0.6593  1
186:   0.0681  0.0601  0.0611  0.0691  0.0661  0.6757  1
187:   0.1720  0.2030  0.2000  0.1870  0.1790  0.0590  1
188:   0.2152  0.1321  0.1682  0.1852  0.2192  0.0801  1
189:   0.1628  0.1628  0.1548  0.1399  0.1738  0.2058  1
190:   0.1708  0.1988  0.2348  0.1538  0.1728  0.0689  1
191:   0.1642  0.1782  0.1982  0.1532  0.1481  0.1582  1
192:   0.1972  0.2052  0.2262  0.1411  0.1582  0.0721  1
193:   0.2150  0.1630  0.1840  0.1780  0.1880  0.0720  1
194:   0.1602  0.1862  0.1882  0.1722  0.1662  0.1271  1
195:   0.1489  0.2098  0.2078  0.1968  0.1668  0.0699  1
196:   0.0909  0.0739  0.0749  0.0839  0.0839  0.5924  1
197:   0.1840  0.2030  0.1870  0.1830  0.1770  0.0660  1
198:   0.1100  0.1010  0.1100  0.0930  0.1030  0.4830  1
199:   0.1980  0.1890  0.1800  0.1850  0.1870  0.0610  1
200:   0.2250  0.1250  0.1580  0.2220  0.2280  0.0420  1
201:   0.1692  0.2072  0.1812  0.1972  0.1862  0.0591  1
202:   0.2100  0.1970  0.2220  0.1480  0.1610  0.0620  1
203:   0.1718  0.1948  0.1678  0.1768  0.1788  0.1099  1
204:   0.1772  0.1882  0.1712  0.2232  0.1952  0.0450  1
205:   0.1540  0.2110  0.2000  0.2000  0.1610  0.0740  1
206:   0.1520  0.2040  0.2000  0.1840  0.1580  0.1020  1
207:   0.1800  0.1900  0.2160  0.1580  0.1640  0.0920  1
208:   0.0850  0.1030  0.0970  0.1030  0.0940  0.5180  1
209:   0.1738  0.2188  0.2058  0.1658  0.1688  0.0669  1
210:   0.1890  0.1940  0.1940  0.1720  0.1920  0.0590  1
211:   0.0970  0.1130  0.1150  0.1110  0.0980  0.4660  1
212:   0.0900  0.0990  0.0940  0.0800  0.0790  0.5580  1
213:   0.1640  0.1960  0.1680  0.2050  0.1630  0.1040  1
214:   0.2218  0.1638  0.1748  0.2028  0.1968  0.0400  1
215:   0.2032  0.1692  0.1952  0.1772  0.1952  0.0601  1
216:   0.0730  0.0790  0.0800  0.0650  0.0730  0.6300  1
217:   0.1690  0.1580  0.1440  0.1640  0.1860  0.1790  1
218:   0.1530  0.1850  0.1970  0.1650  0.1650  0.1350  1
219:   0.1918  0.2148  0.1858  0.1878  0.1798  0.0400  1
220:   0.1820  0.2180  0.2180  0.1620  0.1730  0.0470  1
221:   0.1620  0.1820  0.1730  0.1370  0.1730  0.1730  1
222:   0.1499  0.2238  0.2218  0.1838  0.1598  0.0609  1
223:   0.2098  0.1558  0.1678  0.1758  0.2068  0.0839  1
224:   0.1880  0.2030  0.1640  0.2090  0.2000  0.0360  1

  1:   0.2160  0.1790  0.1960  0.1720  0.1850  0.0520  1
  2:   0.1041  0.2022  0.2312  0.1732  0.2102  0.0791  1
  3:   0.2000  0.1640  0.1760  0.1670  0.1930  0.1000  1
  4:   0.1430  0.1710  0.1830  0.1580  0.1960  0.1490  1
  5:   0.1728  0.1818  0.1968  0.1808  0.1828  0.0849  1
  6:   0.1948  0.1838  0.1818  0.1768  0.1988  0.0639  1
  7:   0.2140  0.1670  0.1710  0.1640  0.1900  0.0940  1
  8:   0.1449  0.1888  0.2008  0.1848  0.1838  0.0969  1
  9:   0.1740  0.1770  0.1940  0.1610  0.1830  0.1110  1
 10:   0.1502  0.2042  0.1832  0.2092  0.1842  0.0691  1
 11:   0.1211  0.1602  0.1522  0.1502  0.1582  0.2583  1
 12:   0.1930  0.1270  0.1500  0.1270  0.1550  0.2480  1
 13:   0.1320  0.1930  0.1840  0.1660  0.2010  0.1240  1
 14:   0.0501  0.0631  0.0671  0.0651  0.0741  0.6807  1
 15:   0.1129  0.1578  0.1748  0.1449  0.1618  0.2478  1
 16:   0.1760  0.1860  0.1910  0.1690  0.1870  0.0910  1
 17:   0.0821  0.0941  0.0931  0.0901  0.0921  0.5485  1
 18:   0.1820  0.1900  0.1850  0.1810  0.1950  0.0670  1
 19:   0.1400  0.1610  0.1670  0.1550  0.1850  0.1920  1
 20:   0.2132  0.1582  0.1762  0.1602  0.1832  0.1091  1
 21:   0.0811  0.0881  0.0861  0.0871  0.0801  0.5776  1
 22:   0.1360  0.1950  0.1980  0.1880  0.2010  0.0820  1
 23:   0.1630  0.1900  0.1980  0.1890  0.1860  0.0740  1
 24:   0.2218  0.1788  0.1768  0.1768  0.1768  0.0689  1
 25:   0.1940  0.1820  0.2020  0.1720  0.1710  0.0790  1
 26:   0.2040  0.1840  0.1610  0.2360  0.1640  0.0510  1
 27:   0.1530  0.2120  0.1850  0.1830  0.1890  0.0780  1
 28:   0.2110  0.1880  0.1590  0.2280  0.1740  0.0400  1
 29:   0.0969  0.1618  0.1489  0.1339  0.1588  0.2997  1
 30:   0.1958  0.1788  0.1718  0.1918  0.1618  0.0999  1
 31:   0.1360  0.2140  0.1980  0.1820  0.1790  0.0910  1
 32:   0.1339  0.2058  0.1758  0.1818  0.2128  0.0899  1
 33:   0.1818  0.2078  0.1708  0.2238  0.1698  0.0460  1
 34:   0.1140  0.1840  0.1930  0.1590  0.1930  0.1570  1
 35:   0.1379  0.2028  0.1988  0.2078  0.2078  0.0450  1
 36:   0.1742  0.1702  0.1722  0.1872  0.1742  0.1221  1
 37:   0.1872  0.1972  0.1612  0.2282  0.1732  0.0531  1
 38:   0.1357  0.1866  0.1697  0.1816  0.1727  0.1537  1
 39:   0.1578  0.1978  0.1788  0.2058  0.1828  0.0769  1
 40:   0.0520  0.0590  0.0610  0.0590  0.0610  0.7080  1
 41:   0.1600  0.1980  0.1960  0.1910  0.1770  0.0780  1
 42:   0.1920  0.1820  0.1950  0.1840  0.1900  0.0570  1
 43:   0.1840  0.2140  0.1670  0.2140  0.1810  0.0400  1
 44:   0.1820  0.1750  0.1840  0.1880  0.1800  0.0910  1
 45:   0.1568  0.2328  0.1758  0.2138  0.1888  0.0320  1
 46:   0.1648  0.1968  0.1828  0.1958  0.1868  0.0729  1
 47:   0.1440  0.1940  0.1730  0.1920  0.1710  0.1260  1
 48:   0.1930  0.1660  0.1800  0.1600  0.1750  0.1260  1
 49:   0.2072  0.1992  0.1772  0.1992  0.1822  0.0350  1
 50:   0.1680  0.1930  0.1880  0.1850  0.2020  0.0640  1
 51:   0.1910  0.1830  0.1700  0.2110  0.1750  0.0700  1
 52:   0.1798  0.1668  0.1638  0.1828  0.1648  0.1419  1
 53:   0.1612  0.1922  0.2092  0.1862  0.1942  0.0571  1
 54:   0.1341  0.1892  0.1852  0.1792  0.1852  0.1271  1
 55:   0.1520  0.1670  0.1520  0.1660  0.1610  0.2020  1
 56:   0.1840  0.1950  0.1890  0.1910  0.1830  0.0580  1
 57:   0.1690  0.1770  0.1880  0.1750  0.1810  0.1100  1
 58:   0.1360  0.1740  0.1730  0.1630  0.1810  0.1730  1
 59:   0.1658  0.2138  0.1728  0.2148  0.1948  0.0380  1
 60:   0.1548  0.1818  0.1608  0.1888  0.1748  0.1389  1
 61:   0.2300  0.1710  0.1610  0.2280  0.1620  0.0480  1
 62:   0.1758  0.2218  0.1708  0.2238  0.1618  0.0460  1
 63:   0.2110  0.1830  0.1740  0.2130  0.1650  0.0540  1
 64:   0.1211  0.0951  0.1061  0.1021  0.1001  0.4755  1
 65:   0.1822  0.1922  0.1832  0.2022  0.1822  0.0581  1
 66:   0.1830  0.2190  0.1660  0.2270  0.1690  0.0360  1
 67:   0.2150  0.1740  0.1960  0.1730  0.2000  0.0420  1
 68:   0.2100  0.1830  0.1710  0.1770  0.1830  0.0760  1
 69:   0.1640  0.1950  0.2090  0.1950  0.1840  0.0530  1
 70:   0.2650  0.1640  0.1530  0.2290  0.1620  0.0270  1
 71:   0.1768  0.1948  0.1918  0.2028  0.1838  0.0500  1
 72:   0.1050  0.1500  0.1330  0.1380  0.1350  0.3390  1
 73:   0.1400  0.2140  0.1980  0.1920  0.1860  0.0700  1
 74:   0.1890  0.1660  0.1940  0.1670  0.1830  0.1010  1
 75:   0.1980  0.1680  0.2020  0.1590  0.1880  0.0850  1
 76:   0.2092  0.1862  0.1772  0.2082  0.1732  0.0460  1
 77:   0.1690  0.1840  0.1710  0.1740  0.1920  0.1100  1
 78:   0.1902  0.1842  0.1922  0.1862  0.2082  0.0390  1
 79:   0.1920  0.2010  0.1670  0.2190  0.1780  0.0430  1
 80:   0.2210  0.1740  0.1740  0.2050  0.1820  0.0440  1
 81:   0.2640  0.1650  0.1760  0.1560  0.1750  0.0640  1
 82:   0.0830  0.0860  0.0880  0.0840  0.0940  0.5650  1
 83:   0.1520  0.1810  0.1970  0.1570  0.1810  0.1320  1
 84:   0.0520  0.0630  0.0620  0.0610  0.0600  0.7020  1
 85:   0.1818  0.2188  0.1618  0.2108  0.1618  0.0649  1
 86:   0.2300  0.1610  0.1810  0.1530  0.1950  0.0800  1
 87:   0.1958  0.1938  0.1768  0.2188  0.1688  0.0460  1
 88:   0.2430  0.1570  0.2120  0.1520  0.1910  0.0450  1
 89:   0.1580  0.0690  0.0900  0.0820  0.0920  0.5090  1
 90:   0.2750  0.1550  0.1880  0.1500  0.1820  0.0500  1
 91:   0.1430  0.2070  0.1790  0.2030  0.1960  0.0720  1
 92:   0.1220  0.1460  0.1410  0.1310  0.1480  0.3120  1
 93:   0.2230  0.1710  0.1770  0.1710  0.1770  0.0810  1
 94:   0.3150  0.1370  0.1810  0.1520  0.1850  0.0300  1
 95:   0.3263  0.1371  0.1772  0.1522  0.1732  0.0340  1
 96:   0.3440  0.1330  0.1750  0.1420  0.1730  0.0330  1
 97:   0.2723  0.1582  0.1772  0.1632  0.1742  0.0551  1
 98:   0.2252  0.1712  0.2092  0.1602  0.1952  0.0390  1
 99:   0.1439  0.1389  0.1459  0.1219  0.1389  0.3107  1
100:   0.0889  0.1269  0.1179  0.1189  0.1289  0.4186  1
101:   0.2440  0.1660  0.1520  0.1960  0.1740  0.0680  1
102:   0.1341  0.1822  0.1912  0.1802  0.1972  0.1151  1
103:   0.2180  0.1850  0.1660  0.2000  0.1630  0.0680  1
104:   0.2897  0.1518  0.1878  0.1548  0.1878  0.0280  1
105:   0.1600  0.2000  0.1830  0.2060  0.1750  0.0760  1
106:   0.1350  0.1780  0.1790  0.1750  0.1840  0.1490  1
107:   0.2050  0.1670  0.1650  0.1670  0.1810  0.1150  1
108:   0.1770  0.1660  0.1720  0.1750  0.1680  0.1420  1
109:   0.2308  0.1538  0.1618  0.1568  0.1598  0.1369  1
110:   0.1912  0.1562  0.1722  0.1602  0.1752  0.1451  1
111:   0.3170  0.1380  0.1740  0.1400  0.1800  0.0510  1
112:   0.2520  0.1610  0.1910  0.1590  0.1870  0.0500  1
113:   0.0570  0.0660  0.0700  0.0660  0.0710  0.6700  1
114:   0.1680  0.2060  0.1810  0.2090  0.1930  0.0430  1
115:   0.1702  0.1632  0.1852  0.1592  0.1862  0.1361  1
116:   0.1340  0.1830  0.1870  0.1730  0.1750  0.1480  1
117:   0.1610  0.2060  0.1890  0.1980  0.1990  0.0470  1
118:   0.1920  0.1970  0.1750  0.2050  0.1800  0.0510  1
119:   0.1600  0.1800  0.1590  0.1610  0.1740  0.1660  1
120:   0.0960  0.1290  0.1290  0.1270  0.1230  0.3960  1
121:   0.0310  0.0360  0.0370  0.0350  0.0370  0.8242  1
122:   0.2042  0.1832  0.1672  0.2032  0.1752  0.0671  1
123:   0.0871  0.1081  0.1121  0.1111  0.1141  0.4675  1
124:   0.2523  0.1461  0.1812  0.1481  0.1842  0.0881  1
125:   0.2208  0.1628  0.1868  0.1548  0.1768  0.0979  1
126:   0.2230  0.1780  0.1680  0.2260  0.1610  0.0440  1
127:   0.1230  0.1400  0.1560  0.1240  0.1520  0.3050  1
128:   0.1842  0.1842  0.1902  0.1842  0.1832  0.0741  1
129:   0.2258  0.1469  0.1678  0.1648  0.1708  0.1239  1
130:   0.1450  0.2140  0.2060  0.2050  0.1850  0.0450  1
131:   0.1310  0.1730  0.1770  0.1750  0.1790  0.1650  1
132:   0.1717  0.1966  0.1896  0.2136  0.1846  0.0439  1
133:   0.0640  0.0700  0.0700  0.0760  0.0670  0.6530  1
134:   0.1632  0.1912  0.2132  0.1822  0.2082  0.0420  1
135:   0.1110  0.2090  0.2050  0.1990  0.2160  0.0600  1
136:   0.1429  0.1289  0.1419  0.1359  0.1389  0.3117  1
137:   0.1657  0.1776  0.1657  0.1756  0.1786  0.1367  1
138:   0.2224  0.1904  0.2014  0.1824  0.1764  0.0271  1
139:   0.1680  0.1860  0.1890  0.2030  0.1750  0.0790  1
140:   0.1932  0.1782  0.1832  0.1932  0.1872  0.0651  1
141:   0.0551  0.0671  0.0641  0.0671  0.0631  0.6837  1
142:   0.1389  0.1738  0.1648  0.1748  0.1578  0.1898  1
143:   0.1720  0.1700  0.1730  0.1660  0.1620  0.1570  1
144:   0.1170  0.2020  0.2070  0.1800  0.1870  0.1070  1
145:   0.2653  0.1602  0.1862  0.1662  0.1882  0.0340  1
146:   0.2090  0.1710  0.1860  0.1690  0.1850  0.0800  1
147:   0.2122  0.1682  0.1892  0.1672  0.1942  0.0691  1
148:   0.1538  0.2028  0.1998  0.1858  0.1888  0.0689  1
149:   0.1310  0.1670  0.1680  0.1760  0.1750  0.1830  1
150:   0.2218  0.1558  0.1708  0.1598  0.1838  0.1079  1
151:   0.1620  0.1300  0.1260  0.1210  0.1440  0.3170  1
152:   0.2290  0.1900  0.1600  0.2380  0.1540  0.0290  1
153:   0.1460  0.1560  0.1570  0.1330  0.1730  0.2350  1
154:   0.1572  0.1802  0.1822  0.1632  0.1812  0.1361  1
155:   0.0720  0.1030  0.1040  0.0920  0.1050  0.5240  1
156:   0.1710  0.1930  0.2070  0.1760  0.1860  0.0670  1
157:   0.1409  0.1958  0.2038  0.1948  0.1928  0.0719  1
158:   0.1842  0.1842  0.1772  0.1752  0.1852  0.0941  1
159:   0.1682  0.1912  0.1772  0.1862  0.1702  0.1071  1
160:   0.0620  0.0780  0.0850  0.0740  0.0880  0.6130  1
161:   0.1570  0.2090  0.1940  0.1830  0.1830  0.0740  1
162:   0.1640  0.1420  0.1430  0.1530  0.1460  0.2520  1
163:   0.1798  0.1898  0.1738  0.1978  0.1718  0.0869  1
164:   0.3370  0.1260  0.1810  0.1440  0.1810  0.0310  1
165:   0.2412  0.1552  0.1732  0.1622  0.1862  0.0821  1
166:   0.0661  0.0731  0.0731  0.0701  0.0701  0.6476  1
167:   0.2178  0.1748  0.1578  0.2178  0.1578  0.0739  1
168:   0.1658  0.1718  0.1548  0.1908  0.1678  0.1489  1
169:   0.1840  0.1910  0.1810  0.1800  0.1790  0.0850  1
170:   0.0420  0.0380  0.0360  0.0400  0.0390  0.8050  1
171:   0.1708  0.1918  0.1938  0.1898  0.1848  0.0689  1
172:   0.1818  0.1808  0.1748  0.2028  0.1788  0.0809  1
173:   0.0569  0.0589  0.0609  0.0559  0.0649  0.7023  1
174:   0.2052  0.1732  0.1812  0.1802  0.1932  0.0671  1
175:   0.1920  0.2000  0.1820  0.2020  0.1690  0.0550  1
176:   0.1480  0.1990  0.2000  0.2040  0.1990  0.0500  1
177:   0.2100  0.1740  0.1610  0.2080  0.1650  0.0820  1
178:   0.1520  0.1860  0.1900  0.1810  0.1940  0.0970  1
179:   0.2342  0.1802  0.1512  0.2342  0.1471  0.0531  1
180:   0.1540  0.1890  0.1650  0.1820  0.1740  0.1360  1
181:   0.1480  0.1400  0.1610  0.1290  0.1590  0.2630  1
182:   0.1812  0.1932  0.1992  0.1712  0.1842  0.0711  1
183:   0.0611  0.0611  0.0621  0.0581  0.0611  0.6967  1
184:   0.2188  0.1718  0.1738  0.1648  0.1758  0.0949  1
185:   0.0600  0.0670  0.0730  0.0630  0.0700  0.6670  1
186:   0.0669  0.0609  0.0609  0.0609  0.0649  0.6853  1
187:   0.1640  0.2060  0.1890  0.1970  0.1880  0.0560  1
188:   0.2647  0.1479  0.1828  0.1439  0.1848  0.0759  1
189:   0.1542  0.1612  0.1652  0.1612  0.1622  0.1962  1
190:   0.1291  0.2012  0.2092  0.1792  0.2132  0.0681  1
191:   0.1340  0.1810  0.1860  0.1590  0.1870  0.1530  1
192:   0.1271  0.2002  0.2212  0.1842  0.2022  0.0651  1
193:   0.2044  0.1774  0.1974  0.1693  0.1794  0.0721  1
194:   0.1592  0.1902  0.1812  0.1712  0.1732  0.1251  1
195:   0.1471  0.2142  0.1802  0.2152  0.1702  0.0731  1
196:   0.0940  0.0690  0.0790  0.0710  0.0780  0.6090  1
197:   0.1860  0.1860  0.1780  0.2030  0.1860  0.0610  1
198:   0.1030  0.0990  0.1020  0.0970  0.0980  0.5010  1
199:   0.1990  0.1830  0.1830  0.1920  0.1850  0.0580  1
200:   0.3050  0.1510  0.1710  0.1600  0.1700  0.0430  1
201:   0.1798  0.1928  0.1728  0.2138  0.1848  0.0559  1
202:   0.1652  0.1942  0.2132  0.1682  0.2002  0.0591  1
203:   0.1688  0.1798  0.1838  0.1938  0.1708  0.1029  1
204:   0.1960  0.1940  0.1700  0.2160  0.1780  0.0460  1
205:   0.1399  0.2068  0.1788  0.2068  0.1948  0.0729  1
206:   0.1470  0.2070  0.1820  0.1880  0.1800  0.0960  1
207:   0.1339  0.1968  0.2018  0.1798  0.2028  0.0849  1
208:   0.0901  0.1021  0.0931  0.1031  0.0921  0.5195  1
209:   0.1299  0.2048  0.1958  0.1988  0.2058  0.0649  1
210:   0.1700  0.1860  0.1950  0.1900  0.1990  0.0600  1
211:   0.0860  0.1090  0.1090  0.1170  0.1020  0.4770  1
212:   0.0751  0.0941  0.0931  0.0851  0.0941  0.5586  1
213:   0.1860  0.1810  0.1680  0.2050  0.1660  0.0940  1
214:   0.2500  0.1680  0.1860  0.1730  0.1850  0.0380  1
215:   0.2058  0.1668  0.2008  0.1748  0.1978  0.0539  1
216:   0.0680  0.0700  0.0770  0.0710  0.0780  0.6360  1
217:   0.1860  0.1640  0.1540  0.1680  0.1550  0.1730  1
218:   0.1290  0.1980  0.1820  0.1720  0.1910  0.1280  1
219:   0.1870  0.1880  0.1650  0.2330  0.1870  0.0400  1
220:   0.1341  0.2142  0.2052  0.1992  0.2002  0.0470  1
221:   0.1520  0.1700  0.1660  0.1720  0.1770  0.1630  1
222:   0.1401  0.2122  0.1902  0.2032  0.1992  0.0551  1
223:   0.2520  0.1600  0.1660  0.1640  0.1750  0.0830  1
224:   0.2078  0.1868  0.1728  0.2198  0.1768  0.0360  1

  1:   0.2650  0.1570  0.1660  0.1730  0.1930  0.0460  1
  2:   0.0929  0.2198  0.2647  0.2238  0.1199  0.0789  1
  3:   0.2240  0.1550  0.1740  0.1680  0.1850  0.0940  1
  4:   0.1400  0.1840  0.2000  0.1870  0.1480  0.1410  1
  5:   0.1780  0.1870  0.1860  0.1890  0.1850  0.0750  1
  6:   0.2300  0.1680  0.1870  0.1810  0.1750  0.0590  1
  7:   0.2553  0.1532  0.1572  0.1582  0.1882  0.0881  1
  8:   0.1380  0.2010  0.2040  0.2010  0.1580  0.0980  1
  9:   0.1768  0.1818  0.1838  0.1718  0.1778  0.1079  1
 10:   0.1390  0.2090  0.2150  0.1950  0.1780  0.0640  1
 11:   0.1130  0.1640  0.1640  0.1710  0.1370  0.2510  1
 12:   0.2482  0.1141  0.1331  0.1221  0.1411  0.2412  1
 13:   0.1290  0.1930  0.2100  0.2010  0.1510  0.1160  1
 14:   0.0500  0.0640  0.0650  0.0630  0.0530  0.7050  1
 15:   0.1070  0.1640  0.1860  0.1720  0.1300  0.2410  1
 16:   0.1860  0.1880  0.1890  0.1940  0.1650  0.0780  1
 17:   0.0770  0.0910  0.0910  0.0910  0.0820  0.5680  1
 18:   0.2140  0.1890  0.1840  0.1790  0.1670  0.0670  1
 19:   0.1672  0.1802  0.1752  0.1652  0.1341  0.1782  1
 20:   0.2580  0.1490  0.1510  0.1570  0.1840  0.1010  1
 21:   0.0770  0.0850  0.0820  0.0790  0.0770  0.6000  1
 22:   0.1610  0.2000  0.2030  0.2010  0.1600  0.0750  1
 23:   0.1560  0.1950  0.2150  0.1910  0.1660  0.0770  1
 24:   0.2478  0.1648  0.1538  0.1678  0.2048  0.0609  1
 25:   0.1888  0.1828  0.1958  0.1878  0.1668  0.0779  1
 26:   0.1582  0.1872  0.1672  0.1772  0.2643  0.0460  1
 27:   0.1379  0.2108  0.2048  0.2048  0.1708  0.0709  1
 28:   0.1451  0.2012  0.1602  0.1892  0.2693  0.0350  1
 29:   0.0890  0.1570  0.1720  0.1590  0.1050  0.3180  1
