  1:   0.2388  0.3327  0.1638  0.2647  1
  2:   0.2860  0.2720  0.1700  0.2720  1
  3:   0.1772  0.2102  0.3534  0.2593  1
  4:   0.1648  0.2547  0.1648  0.4156  1
  5:   0.4204  0.2322  0.1862  0.1612  1
  6:   0.2807  0.2957  0.1958  0.2278  1
  7:   0.2560  0.1820  0.3320  0.2300  1
  8:   0.2200  0.2830  0.3160  0.1810  1
  9:   0.1538  0.1798  0.2118  0.4545  1
 10:   0.1170  0.4030  0.3520  0.1280  1
 11:   0.2780  0.2480  0.2960  0.1780  1
 12:   0.2150  0.3080  0.2380  0.2390  1
 13:   0.1850  0.2480  0.3310  0.2360  1
 14:   0.2098  0.1648  0.1638  0.4615  1
 15:   0.5584  0.1279  0.1469  0.1668  1
 16:   0.2232  0.2663  0.3554  0.1552  1
 17:   0.1898  0.1888  0.2438  0.3776  1
 18:   0.2620  0.2870  0.1170  0.3340  1
 19:   0.1892  0.2733  0.1652  0.3724  1
 20:   0.1380  0.2100  0.3100  0.3420  1
 21:   0.2130  0.4390  0.2030  0.1450  1
 22:   0.1788  0.2587  0.2268  0.3357  1
 23:   0.4050  0.2140  0.2120  0.1690  1
 24:   0.1738  0.2587  0.2967  0.2707  1
 25:   0.2192  0.3493  0.2052  0.2262  1
 26:   0.2840  0.2540  0.1930  0.2690  1
 27:   0.2060  0.1970  0.3230  0.2740  1
 28:   0.3330  0.2630  0.2450  0.1590  1
 29:   0.2370  0.2530  0.1580  0.3520  1
 30:   0.1890  0.2300  0.2380  0.3430  1
 31:   0.1780  0.2700  0.3080  0.2440  1
 32:   0.4735  0.1858  0.1598  0.1808  1
 33:   0.3676  0.1878  0.1798  0.2647  1
 34:   0.2657  0.2667  0.1568  0.3107  1
 35:   0.2877  0.2008  0.1578  0.3536  1
 36:   0.3453  0.2022  0.1992  0.2533  1
 37:   0.3090  0.2150  0.2120  0.2640  1
 38:   0.2170  0.2610  0.2620  0.2600  1
 39:   0.2432  0.3373  0.2022  0.2172  1
 40:   0.2597  0.3467  0.2458  0.1479  1
 41:   0.1712  0.3143  0.3013  0.2132  1
 42:   0.3910  0.1730  0.2910  0.1450  1
 43:   0.1502  0.3483  0.1612  0.3403  1
 44:   0.1950  0.2250  0.2880  0.2920  1
 45:   0.3984  0.2442  0.2062  0.1512  1
 46:   0.2800  0.2630  0.2810  0.1760  1
 47:   0.1450  0.3430  0.2450  0.2670  1
 48:   0.5690  0.1420  0.1270  0.1620  1
 49:   0.1020  0.2000  0.3150  0.3830  1
 50:   0.1972  0.2042  0.2773  0.3213  1
 51:   0.1668  0.3247  0.1868  0.3217  1
 52:   0.1570  0.2590  0.4210  0.1630  1
 53:   0.1920  0.3250  0.2290  0.2540  1
 54:   0.2120  0.2450  0.1910  0.3520  1
 55:   0.4086  0.2657  0.1728  0.1528  1
 56:   0.5115  0.2052  0.1572  0.1261  1
 57:   0.1910  0.2760  0.2820  0.2510  1
 58:   0.6240  0.1660  0.0920  0.1180  1
 59:   0.3443  0.2262  0.2743  0.1552  1
 60:   0.2070  0.2140  0.2950  0.2840  1
 61:   0.1720  0.2600  0.3370  0.2310  1
 62:   0.2490  0.3400  0.2940  0.1170  1
 63:   0.1922  0.2132  0.4074  0.1872  1
 64:   0.1610  0.3910  0.2410  0.2070  1
 65:   0.1940  0.2950  0.2770  0.2340  1
 66:   0.1792  0.2603  0.2723  0.2883  1
 67:   0.1400  0.3220  0.3300  0.2080  1
 68:   0.2090  0.1890  0.3720  0.2300  1
 69:   0.1822  0.3173  0.3674  0.1331  1
 70:   0.3260  0.2300  0.2150  0.2290  1
 71:   0.2090  0.3240  0.2330  0.2340  1
 72:   0.1950  0.2890  0.2790  0.2370  1
 73:   0.3293  0.2202  0.1792  0.2713  1
 74:   0.1750  0.2680  0.2840  0.2730  1
 75:   0.2280  0.1860  0.2610  0.3250  1
 76:   0.1660  0.3170  0.2970  0.2200  1
 77:   0.3050  0.2250  0.2360  0.2340  1
 78:   0.1450  0.3560  0.2600  0.2390  1
 79:   0.3516  0.2378  0.2048  0.2058  1
 80:   0.2048  0.2338  0.3487  0.2128  1
 81:   0.1240  0.3090  0.4130  0.1540  1
 82:   0.3420  0.2660  0.2370  0.1550  1
 83:   0.1189  0.1389  0.5904  0.1518  1
 84:   0.2340  0.2270  0.3350  0.2040  1
 85:   0.3130  0.2330  0.2610  0.1930  1
 86:   0.3280  0.3210  0.2140  0.1370  1
 87:   0.1230  0.3170  0.3830  0.1770  1
 88:   0.3540  0.2350  0.1830  0.2280  1
 89:   0.1640  0.2400  0.2760  0.3200  1
 90:   0.2587  0.2787  0.3087  0.1538  1
 91:   0.2583  0.2482  0.2613  0.2322  1
 92:   0.3450  0.2480  0.2720  0.1350  1
 93:   0.1550  0.2290  0.4050  0.2110  1
 94:   0.1349  0.3277  0.1948  0.3427  1
 95:   0.2947  0.2887  0.2188  0.1978  1
 96:   0.2400  0.2020  0.2430  0.3150  1
 97:   0.1900  0.2800  0.3390  0.1910  1
 98:   0.1950  0.2210  0.3210  0.2630  1
 99:   0.1710  0.2760  0.3480  0.2050  1
100:   0.2208  0.2048  0.2797  0.2947  1
101:   0.1788  0.2368  0.3227  0.2617  1
102:   0.4380  0.1860  0.1920  0.1840  1
103:   0.3650  0.1600  0.1510  0.3240  1
104:   0.2488  0.2567  0.2997  0.1948  1
105:   0.2018  0.1988  0.2567  0.3427  1
106:   0.2202  0.2663  0.2623  0.2513  1
107:   0.2720  0.3300  0.2570  0.1410  1
108:   0.3017  0.2448  0.3107  0.1429  1
109:   0.1888  0.1828  0.3327  0.2957  1
110:   0.1560  0.1680  0.1360  0.5400  1
111:   0.2770  0.2850  0.2110  0.2270  1
112:   0.2270  0.2050  0.1780  0.3900  1
113:   0.2877  0.3556  0.1918  0.1648  1
114:   0.1890  0.2100  0.2240  0.3770  1
115:   0.2603  0.2793  0.2913  0.1692  1
116:   0.2850  0.2790  0.2640  0.1720  1
117:   0.5250  0.1920  0.1290  0.1540  1
118:   0.1660  0.1790  0.2040  0.4510  1
119:   0.4016  0.2068  0.1628  0.2288  1
120:   0.4685  0.1712  0.1221  0.2382  1
121:   0.1852  0.2042  0.3093  0.3013  1
122:   0.1231  0.3193  0.3483  0.2092  1
123:   0.4680  0.2000  0.1580  0.1740  1
124:   0.1742  0.3263  0.3233  0.1762  1
125:   0.4595  0.1778  0.2338  0.1289  1
126:   0.2148  0.3776  0.1908  0.2168  1
127:   0.2973  0.3083  0.1912  0.2032  1
128:   0.3974  0.2523  0.2252  0.1251  1
129:   0.2010  0.3140  0.3470  0.1380  1
130:   0.1459  0.3676  0.1718  0.3147  1
131:   0.1658  0.3746  0.3047  0.1548  1
132:   0.5340  0.1990  0.1180  0.1490  1
133:   0.3020  0.2140  0.1350  0.3490  1
134:   0.2380  0.3110  0.2420  0.2090  1
135:   0.1160  0.2200  0.1220  0.5420  1
136:   0.2890  0.2260  0.2720  0.2130  1
137:   0.2110  0.4040  0.2190  0.1660  1
138:   0.3053  0.3143  0.1702  0.2102  1
139:   0.3430  0.2240  0.1370  0.2960  1
140:   0.1560  0.2820  0.4000  0.1620  1
141:   0.2503  0.2162  0.1692  0.3644  1
142:   0.4880  0.1850  0.1750  0.1520  1
143:   0.1740  0.3200  0.3550  0.1510  1
144:   0.2400  0.2240  0.2850  0.2510  1
145:   0.2830  0.2290  0.1640  0.3240  1
146:   0.1491  0.2663  0.2252  0.3594  1
147:   0.2220  0.2140  0.2660  0.2980  1
148:   0.1882  0.1852  0.2943  0.3323  1
149:   0.4380  0.2080  0.1960  0.1580  1
150:   0.1240  0.2220  0.1940  0.4600  1
151:   0.1489  0.2028  0.2727  0.3756  1
152:   0.1960  0.2830  0.2760  0.2450  1
153:   0.1970  0.1960  0.3560  0.2510  1
154:   0.2840  0.2440  0.2510  0.2210  1
155:   0.5100  0.1650  0.1910  0.1340  1
156:   0.1970  0.2050  0.3150  0.2830  1
157:   0.2650  0.3470  0.2120  0.1760  1
158:   0.2138  0.4326  0.2158  0.1379  1
159:   0.3990  0.1920  0.2210  0.1880  1
160:   0.3610  0.2820  0.1640  0.1930  1
161:   0.2900  0.3090  0.1170  0.2840  1
162:   0.2340  0.1980  0.1760  0.3920  1
163:   0.2210  0.2100  0.2040  0.3650  1
164:   0.4900  0.1530  0.2580  0.0990  1
165:   0.2162  0.2813  0.2603  0.2422  1
166:   0.2420  0.3250  0.2300  0.2030  1
167:   0.5850  0.1590  0.1050  0.1510  1
168:   0.2523  0.2292  0.2442  0.2743  1
169:   0.1970  0.3560  0.2280  0.2190  1
170:   0.1201  0.2132  0.2132  0.4535  1
171:   0.3340  0.2080  0.2300  0.2280  1
172:   0.1572  0.1902  0.2172  0.4354  1
173:   0.3546  0.2697  0.1568  0.2188  1
174:   0.2098  0.2597  0.3287  0.2018  1
175:   0.1598  0.2857  0.2358  0.3187  1
176:   0.1340  0.1930  0.2080  0.4650  1
177:   0.1369  0.2008  0.5205  0.1419  1
178:   0.2060  0.3000  0.2660  0.2280  1
179:   0.3300  0.2690  0.2170  0.1840  1
180:   0.1632  0.2172  0.3193  0.3003  1
181:   0.4210  0.1920  0.1590  0.2280  1
182:   0.1260  0.1080  0.6740  0.0920  1
183:   0.1940  0.2670  0.1390  0.4000  1
184:   0.1912  0.2292  0.2733  0.3063  1
185:   0.2850  0.2670  0.1990  0.2490  1
186:   0.2593  0.2032  0.2272  0.3103  1
187:   0.1852  0.2693  0.1742  0.3714  1
188:   0.3900  0.1850  0.1940  0.2310  1
189:   0.1710  0.2490  0.2660  0.3140  1
190:   0.1890  0.2070  0.2550  0.3490  1
191:   0.2498  0.3417  0.1698  0.2388  1
192:   0.2010  0.3570  0.2940  0.1480  1
193:   0.2150  0.2650  0.2170  0.3030  1
194:   0.3890  0.2390  0.1900  0.1820  1
195:   0.1690  0.3560  0.2960  0.1790  1
196:   0.2122  0.2933  0.1762  0.3183  1
197:   0.4020  0.1730  0.2200  0.2050  1
198:   0.2460  0.2370  0.1440  0.3730  1
199:   0.2118  0.2048  0.4645  0.1189  1
200:   0.3393  0.2242  0.1642  0.2723  1
201:   0.1410  0.2290  0.4500  0.1800  1
202:   0.2238  0.2148  0.2847  0.2767  1
203:   0.2200  0.2290  0.3790  0.1720  1
204:   0.1670  0.2040  0.3060  0.3230  1
205:   0.1972  0.2693  0.3483  0.1852  1
206:   0.1858  0.3307  0.3007  0.1828  1
207:   0.2703  0.3103  0.2713  0.1481  1
208:   0.1550  0.2170  0.2930  0.3350  1
209:   0.2550  0.3730  0.2260  0.1460  1
210:   0.2060  0.2580  0.2310  0.3050  1
211:   0.1190  0.3560  0.3520  0.1730  1
212:   0.2500  0.2340  0.1540  0.3620  1
213:   0.3357  0.2627  0.1938  0.2078  1
214:   0.1510  0.4350  0.2240  0.1900  1
215:   0.3467  0.2068  0.1998  0.2468  1
216:   0.2513  0.2753  0.2673  0.2062  1
217:   0.2777  0.2907  0.1538  0.2777  1
218:   0.4680  0.2160  0.1460  0.1700  1
219:   0.1830  0.1730  0.2170  0.4270  1
220:   0.2152  0.3243  0.2903  0.1702  1
221:   0.1640  0.1740  0.5240  0.1380  1
222:   0.2793  0.3043  0.1902  0.2262  1
223:   0.3477  0.2997  0.1758  0.1768  1
224:   0.1940  0.3100  0.2950  0.2010  1
225:   0.1409  0.4196  0.2747  0.1648  1
226:   0.2690  0.2150  0.1640  0.3520  1
227:   0.2460  0.2770  0.2960  0.1810  1
228:   0.2810  0.2260  0.2440  0.2490  1
229:   0.2248  0.2378  0.3027  0.2348  1
230:   0.1812  0.1481  0.1311  0.5395  1
231:   0.2192  0.3023  0.1962  0.2823  1
232:   0.2660  0.2490  0.3650  0.1200  1
233:   0.1728  0.2617  0.1439  0.4216  1
234:   0.2630  0.2960  0.1810  0.2600  1
235:   0.1900  0.2360  0.2600  0.3140  1
236:   0.3566  0.1838  0.2368  0.2228  1
237:   0.2200  0.2890  0.3340  0.1570  1
238:   0.1940  0.3040  0.1960  0.3060  1
239:   0.1770  0.1700  0.2510  0.4020  1
240:   0.2540  0.2110  0.2570  0.2780  1
241:   0.1880  0.3230  0.2830  0.2060  1
242:   0.2410  0.2500  0.3300  0.1790  1
243:   0.3556  0.2328  0.2248  0.1868  1
244:   0.1560  0.3120  0.3610  0.1710  1
245:   0.2790  0.1750  0.2170  0.3290  1
246:   0.3820  0.1710  0.1960  0.2510  1
247:   0.1800  0.2600  0.2290  0.3310  1
248:   0.1700  0.3550  0.1550  0.3200  1
249:   0.1970  0.2510  0.2170  0.3350  1
250:   0.4490  0.1680  0.1780  0.2050  1
251:   0.2920  0.3100  0.1610  0.2370  1
252:   0.1662  0.3634  0.2973  0.1732  1
253:   0.3100  0.2060  0.2940  0.1900  1
254:   0.2138  0.2278  0.1399  0.4186  1
255:   0.1912  0.1732  0.4114  0.2242  1
256:   0.3740  0.2730  0.1940  0.1590  1
257:   0.2218  0.2757  0.2098  0.2927  1
258:   0.2330  0.2040  0.2900  0.2730  1
259:   0.1582  0.2663  0.2563  0.3193  1
260:   0.2750  0.2110  0.3420  0.1720  1
261:   0.1772  0.2783  0.1982  0.3463  1
262:   0.2400  0.2250  0.2680  0.2670  1
263:   0.1480  0.3130  0.2170  0.3220  1
264:   0.2390  0.2540  0.3170  0.1900  1
265:   0.1420  0.3330  0.2750  0.2500  1
266:   0.3240  0.2810  0.1940  0.2010  1
267:   0.1750  0.2780  0.3340  0.2130  1
268:   0.1710  0.2600  0.1340  0.4350  1
269:   0.1280  0.1770  0.3770  0.3180  1
270:   0.1360  0.2520  0.3000  0.3120  1
271:   0.2462  0.2913  0.2262  0.2362  1
272:   0.1652  0.2913  0.2482  0.2953  1
273:   0.2368  0.2937  0.2837  0.1858  1
274:   0.1260  0.1540  0.1560  0.5640  1
275:   0.1479  0.1858  0.3437  0.3227  1
276:   0.4190  0.2360  0.2170  0.1280  1
277:   0.1340  0.1270  0.5640  0.1750  1
278:   0.1030  0.2010  0.4240  0.2720  1
279:   0.3576  0.1968  0.2458  0.1998  1
280:   0.3227  0.2068  0.2368  0.2338  1
281:   0.1280  0.3250  0.2680  0.2790  1
282:   0.1950  0.2270  0.2000  0.3780  1
283:   0.3420  0.1860  0.2520  0.2200  1
284:   0.2240  0.1760  0.4650  0.1350  1
285:   0.2500  0.3300  0.2030  0.2170  1
286:   0.1542  0.2783  0.3243  0.2432  1
287:   0.4330  0.1560  0.1840  0.2270  1
288:   0.1141  0.1351  0.6376  0.1131  1
289:   0.2570  0.2380  0.2270  0.2780  1
290:   0.1978  0.3636  0.1768  0.2617  1
291:   0.3320  0.2690  0.1190  0.2800  1
292:   0.3050  0.2630  0.2730  0.1590  1
293:   0.2192  0.1732  0.1451  0.4625  1
294:   0.1950  0.2630  0.2980  0.2440  1
295:   0.6500  0.1420  0.1080  0.1000  1
296:   0.2260  0.1580  0.4140  0.2020  1
297:   0.1960  0.2040  0.2370  0.3630  1
298:   0.3173  0.2583  0.1682  0.2563  1
299:   0.5956  0.1582  0.1321  0.1141  1
300:   0.2270  0.1870  0.2200  0.3660  1
301:   0.3227  0.2118  0.2308  0.2348  1
302:   0.5554  0.1698  0.1149  0.1598  1
303:   0.1618  0.3287  0.1888  0.3207  1
304:   0.2507  0.2627  0.2378  0.2488  1
305:   0.2850  0.2540  0.2000  0.2610  1
306:   0.3460  0.1580  0.3670  0.1290  1
307:   0.2442  0.2472  0.2673  0.2412  1
308:   0.2340  0.2620  0.3020  0.2020  1
309:   0.1528  0.2228  0.3417  0.2827  1
310:   0.1469  0.2627  0.3107  0.2797  1
311:   0.2697  0.1828  0.4026  0.1449  1
312:   0.1420  0.1760  0.3070  0.3750  1
313:   0.2720  0.2200  0.2880  0.2200  1
314:   0.2867  0.2817  0.2927  0.1389  1
315:   0.3150  0.2050  0.3350  0.1450  1
316:   0.2300  0.2500  0.2590  0.2610  1
317:   0.1410  0.1640  0.3170  0.3780  1
318:   0.1340  0.2030  0.1770  0.4860  1
319:   0.2970  0.2740  0.1700  0.2590  1
320:   0.4470  0.1540  0.2580  0.1410  1
321:   0.2120  0.2840  0.1430  0.3610  1
322:   0.1970  0.3300  0.2360  0.2370  1
323:   0.2460  0.1670  0.3610  0.2260  1
324:   0.1530  0.4000  0.2400  0.2070  1
325:   0.1990  0.2080  0.2120  0.3810  1
326:   0.1489  0.1708  0.4995  0.1808  1
327:   0.2450  0.2330  0.1980  0.3240  1
328:   0.2210  0.3040  0.1920  0.2830  1
329:   0.2130  0.2680  0.3420  0.1770  1
330:   0.1632  0.3904  0.3143  0.1321  1
331:   0.2090  0.2660  0.3300  0.1950  1
332:   0.1460  0.2550  0.2430  0.3560  1
333:   0.1828  0.2238  0.3816  0.2118  1
334:   0.1512  0.2072  0.2422  0.3994  1
335:   0.2590  0.2250  0.2870  0.2290  1
336:   0.2230  0.2470  0.3290  0.2010  1
337:   0.2140  0.1850  0.1980  0.4030  1
338:   0.1930  0.2350  0.4020  0.1700  1
339:   0.3506  0.2737  0.2028  0.1728  1
340:   0.1572  0.2442  0.1872  0.4114  1
341:   0.4170  0.2140  0.2040  0.1650  1
342:   0.1908  0.3087  0.2897  0.2108  1
343:   0.1510  0.1970  0.4410  0.2110  1
344:   0.1512  0.1942  0.2202  0.4344  1
345:   0.1778  0.1818  0.4166  0.2238  1
346:   0.2820  0.2370  0.2030  0.2780  1
347:   0.2408  0.4036  0.2028  0.1528  1
348:   0.3230  0.2030  0.1920  0.2820  1
349:   0.2040  0.1740  0.3680  0.2540  1
350:   0.2600  0.2640  0.2000  0.2760  1
351:   0.2800  0.2240  0.2080  0.2880  1
352:   0.2570  0.1990  0.2620  0.2820  1
353:   0.3960  0.2100  0.2570  0.1370  1
354:   0.2010  0.2550  0.3550  0.1890  1
355:   0.1828  0.2268  0.3017  0.2887  1
356:   0.2930  0.2050  0.2290  0.2730  1
357:   0.2460  0.2920  0.2450  0.2170  1
358:   0.2390  0.2060  0.3590  0.1960  1
359:   0.4650  0.1890  0.1600  0.1860  1
360:   0.2823  0.2392  0.1622  0.3163  1
361:   0.3766  0.2228  0.2328  0.1678  1
362:   0.2080  0.2290  0.2320  0.3310  1
363:   0.1470  0.2300  0.2150  0.4080  1
364:   0.1800  0.1780  0.3030  0.3390  1
365:   0.2830  0.2210  0.1830  0.3130  1
366:   0.3750  0.1880  0.2190  0.2180  1
367:   0.2770  0.2410  0.2220  0.2600  1
368:   0.2670  0.4240  0.1420  0.1670  1
369:   0.3330  0.2360  0.2890  0.1420  1
370:   0.3400  0.2380  0.2740  0.1480  1
371:   0.3120  0.1560  0.3770  0.1550  1
372:   0.3936  0.2098  0.2058  0.1908  1
373:   0.3100  0.2210  0.2480  0.2210  1
374:   0.2272  0.2903  0.2392  0.2432  1
375:   0.1888  0.2617  0.3037  0.2458  1
376:   0.2372  0.2352  0.2092  0.3183  1
377:   0.3213  0.3664  0.1261  0.1862  1
378:   0.2268  0.3606  0.1918  0.2208  1
379:   0.5075  0.1682  0.1371  0.1872  1
380:   0.3403  0.3714  0.1471  0.1411  1
381:   0.2600  0.2200  0.2610  0.2590  1
382:   0.2320  0.2410  0.3110  0.2160  1
383:   0.2800  0.2080  0.3540  0.1580  1
384:   0.3360  0.1870  0.1080  0.3690  1
385:   0.1370  0.3030  0.2410  0.3190  1
386:   0.6170  0.1660  0.1130  0.1040  1
387:   0.2260  0.3610  0.1880  0.2250  1
388:   0.4330  0.2190  0.1280  0.2200  1
389:   0.2128  0.1668  0.3766  0.2438  1
390:   0.2010  0.3590  0.2910  0.1490  1
391:   0.4364  0.2182  0.1411  0.2042  1
392:   0.2470  0.2050  0.3970  0.1510  1
393:   0.3590  0.1910  0.1150  0.3350  1
394:   0.1100  0.3430  0.3910  0.1560  1
395:   0.2190  0.1960  0.2890  0.2960  1
396:   0.1590  0.2310  0.2160  0.3940  1
397:   0.1240  0.1580  0.3130  0.4050  1
398:   0.2960  0.2810  0.1900  0.2330  1
399:   0.3380  0.2280  0.1820  0.2520  1
400:   0.3720  0.1720  0.2870  0.1690  1
401:   0.2623  0.2803  0.1562  0.3013  1
402:   0.2218  0.2458  0.2298  0.3027  1
403:   0.1130  0.2230  0.3530  0.3110  1
404:   0.2190  0.2700  0.3150  0.1960  1
405:   0.1670  0.2890  0.2270  0.3170  1
406:   0.2360  0.3240  0.2690  0.1710  1
407:   0.4420  0.1820  0.1320  0.2440  1
408:   0.2170  0.2990  0.2010  0.2830  1
409:   0.2530  0.2290  0.2180  0.3000  1
410:   0.2100  0.2400  0.2650  0.2850  1
411:   0.1150  0.2260  0.3190  0.3400  1
412:   0.2680  0.3450  0.1240  0.2630  1
413:   0.1080  0.2060  0.4260  0.2600  1
414:   0.2883  0.3263  0.1522  0.2332  1
415:   0.2867  0.4296  0.1469  0.1369  1
416:   0.1220  0.1680  0.1410  0.5690  1
417:   0.2472  0.3664  0.1872  0.1992  1
418:   0.2258  0.3347  0.2058  0.2338  1
419:   0.2210  0.3270  0.3010  0.1510  1
420:   0.1300  0.2340  0.2170  0.4190  1
421:   0.1580  0.3350  0.2740  0.2330  1
422:   0.1930  0.2970  0.3130  0.1970  1
423:   0.1770  0.3090  0.2190  0.2950  1
424:   0.1449  0.2238  0.2488  0.3826  1
425:   0.2660  0.2810  0.2540  0.1990  1
426:   0.3666  0.3057  0.1788  0.1489  1
427:   0.2920  0.3590  0.1690  0.1800  1
428:   0.2633  0.2963  0.2022  0.2382  1
429:   0.3680  0.1550  0.3350  0.1420  1
430:   0.2180  0.3880  0.2030  0.1910  1
431:   0.1491  0.2743  0.2282  0.3483  1
432:   0.3280  0.2140  0.1990  0.2590  1
433:   0.3033  0.2763  0.1582  0.2623  1
434:   0.1940  0.2360  0.2060  0.3640  1
435:   0.2090  0.2200  0.2300  0.3410  1
436:   0.2010  0.3470  0.2640  0.1880  1
437:   0.3050  0.2130  0.1560  0.3260  1
438:   0.4695  0.2382  0.1231  0.1692  1
439:   0.2070  0.3670  0.2420  0.1840  1
440:   0.1620  0.1860  0.4660  0.1860  1
441:   0.3330  0.2350  0.2050  0.2270  1
442:   0.1420  0.2570  0.2430  0.3580  1
443:   0.2388  0.1928  0.2957  0.2727  1
444:   0.3660  0.2040  0.2140  0.2160  1
445:   0.2220  0.3100  0.3450  0.1230  1
446:   0.2080  0.2890  0.2780  0.2250  1
447:   0.1850  0.2000  0.1660  0.4490  1
448:   0.3240  0.2230  0.1850  0.2680  1
449:   0.2328  0.1658  0.3057  0.2957  1
450:   0.1470  0.2220  0.3950  0.2360  1
451:   0.2863  0.1892  0.3614  0.1632  1
452:   0.1760  0.1710  0.4880  0.1650  1
453:   0.2308  0.2168  0.2138  0.3387  1
454:   0.1211  0.2102  0.3514  0.3173  1
455:   0.2152  0.3954  0.2222  0.1672  1
456:   0.3247  0.2667  0.2408  0.1678  1
457:   0.3370  0.3140  0.1650  0.1840  1
458:   0.2458  0.1638  0.4845  0.1059  1
459:   0.3920  0.2540  0.1990  0.1550  1
460:   0.2270  0.2260  0.2390  0.3080  1
461:   0.1121  0.1401  0.1381  0.6096  1
462:   0.1220  0.4220  0.2500  0.2060  1
463:   0.3624  0.2923  0.2052  0.1401  1
464:   0.2970  0.2740  0.2200  0.2090  1
465:   0.2050  0.3020  0.3230  0.1700  1
466:   0.3860  0.2660  0.1510  0.1970  1
467:   0.1840  0.2300  0.4110  0.1750  1
468:   0.2963  0.1862  0.3133  0.2042  1
469:   0.3263  0.2563  0.2192  0.1982  1
470:   0.3520  0.2670  0.1440  0.2370  1
471:   0.1370  0.1260  0.5870  0.1500  1
472:   0.4024  0.1712  0.1201  0.3063  1
473:   0.2018  0.3536  0.1558  0.2887  1
474:   0.1850  0.1930  0.2480  0.3740  1
475:   0.2470  0.3090  0.2760  0.1680  1
476:   0.3083  0.2292  0.3273  0.1351  1
477:   0.1930  0.3350  0.2500  0.2220  1
478:   0.1730  0.2190  0.1400  0.4680  1
479:   0.1702  0.3213  0.3293  0.1792  1
480:   0.2300  0.2070  0.1390  0.4240  1
481:   0.2190  0.2790  0.3070  0.1950  1
482:   0.3950  0.2150  0.1430  0.2470  1
483:   0.2570  0.2060  0.3670  0.1700  1
484:   0.1160  0.4480  0.1840  0.2520  1
485:   0.1650  0.3640  0.3000  0.1710  1
486:   0.2180  0.2270  0.2640  0.2910  1
487:   0.3370  0.2140  0.1930  0.2560  1
488:   0.3230  0.3110  0.2240  0.1420  1
489:   0.2060  0.2240  0.2360  0.3340  1
490:   0.3313  0.2523  0.1762  0.2402  1
491:   0.4745  0.1828  0.1269  0.2158  1
492:   0.2440  0.2830  0.2990  0.1740  1
493:   0.2422  0.3393  0.1982  0.2202  1
494:   0.3590  0.2540  0.2200  0.1670  1
495:   0.1210  0.1510  0.5580  0.1700  1
496:   0.1370  0.2460  0.2750  0.3420  1
497:   0.1500  0.2840  0.1590  0.4070  1
498:   0.1610  0.1730  0.2250  0.4410  1
499:   0.3650  0.2000  0.1430  0.2920  1
500:   0.3477  0.2048  0.2897  0.1578  1
501:   0.1660  0.2420  0.2800  0.3120  1
502:   0.2210  0.2610  0.3110  0.2070  1
503:   0.2060  0.2200  0.1840  0.3900  1
504:   0.1510  0.3470  0.1710  0.3310  1
505:   0.3510  0.2160  0.2780  0.1550  1
506:   0.1950  0.2900  0.2950  0.2200  1
507:   0.2733  0.1842  0.2813  0.2613  1
508:   0.1020  0.1800  0.2050  0.5130  1
509:   0.2122  0.2553  0.3754  0.1572  1
510:   0.1299  0.2617  0.2228  0.3856  1
511:   0.4000  0.2060  0.1800  0.2140  1
512:   0.1119  0.1818  0.1149  0.5914  1
513:   0.1111  0.2523  0.3493  0.2873  1
514:   0.1710  0.1960  0.1830  0.4500  1
515:   0.5604  0.1329  0.1089  0.1978  1
516:   0.2430  0.2170  0.3880  0.1520  1
517:   0.1900  0.2760  0.4030  0.1310  1
518:   0.1440  0.2370  0.1780  0.4410  1
519:   0.1652  0.4214  0.1952  0.2182  1
520:   0.3370  0.2190  0.2500  0.1940  1
521:   0.2220  0.3070  0.1750  0.2960  1
522:   0.1708  0.3407  0.2737  0.2148  1
523:   0.2840  0.2720  0.2190  0.2250  1
524:   0.1461  0.1922  0.5506  0.1111  1
525:   0.3310  0.2610  0.2000  0.2080  1
526:   0.2570  0.1610  0.2010  0.3810  1
527:   0.2170  0.2610  0.2080  0.3140  1
528:   0.4610  0.2370  0.1280  0.1740  1
529:   0.2260  0.3070  0.2330  0.2340  1
530:   0.3267  0.3047  0.1668  0.2018  1
531:   0.3237  0.2498  0.2677  0.1588  1
532:   0.0980  0.1800  0.5710  0.1510  1
533:   0.1419  0.1578  0.1269  0.5734  1
534:   0.3453  0.2653  0.1932  0.1962  1
535:   0.3100  0.2060  0.2270  0.2570  1
536:   0.1900  0.2300  0.2670  0.3130  1
537:   0.3624  0.2342  0.1471  0.2563  1
538:   0.2178  0.2507  0.3337  0.1978  1
539:   0.2780  0.2140  0.1900  0.3180  1
540:   0.3240  0.1720  0.2880  0.2160  1
541:   0.2707  0.2837  0.2797  0.1658  1
542:   0.4980  0.1800  0.1580  0.1640  1
543:   0.5195  0.2428  0.1289  0.1089  1
544:   0.4186  0.2527  0.1678  0.1608  1
545:   0.2840  0.2030  0.2260  0.2870  1
546:   0.4595  0.1638  0.1748  0.2018  1
547:   0.2090  0.2930  0.2990  0.1990  1
548:   0.2470  0.2450  0.2300  0.2780  1
549:   0.2260  0.2660  0.2530  0.2550  1
550:   0.2182  0.2332  0.1882  0.3604  1
551:   0.4310  0.2110  0.1660  0.1920  1
552:   0.2260  0.1920  0.1970  0.3850  1
553:   0.1770  0.2400  0.3310  0.2520  1
554:   0.5060  0.2090  0.0980  0.1870  1
555:   0.1870  0.2750  0.3090  0.2290  1
556:   0.1209  0.1938  0.2318  0.4535  1
557:   0.2080  0.3710  0.2090  0.2120  1
558:   0.3810  0.1760  0.3190  0.1240  1
559:   0.2440  0.2540  0.2410  0.2610  1
560:   0.4190  0.2550  0.1410  0.1850  1
561:   0.2030  0.2480  0.3610  0.1880  1
562:   0.3820  0.1820  0.1850  0.2510  1
563:   0.2442  0.3203  0.2653  0.1702  1
564:   0.2200  0.2330  0.2210  0.3260  1
565:   0.2680  0.2680  0.2400  0.2240  1
566:   0.2010  0.2460  0.2660  0.2870  1
567:   0.2880  0.2350  0.3220  0.1550  1
568:   0.2460  0.2800  0.1420  0.3320  1
569:   0.1570  0.1780  0.3500  0.3150  1
570:   0.2520  0.1970  0.2750  0.2760  1
571:   0.2533  0.2583  0.2432  0.2452  1
572:   0.1618  0.1788  0.1518  0.5075  1
573:   0.3150  0.2480  0.2660  0.1710  1
574:   0.1790  0.2600  0.3590  0.2020  1
575:   0.2580  0.1530  0.4430  0.1460  1
576:   0.2840  0.3250  0.1980  0.1930  1
577:   0.1860  0.2100  0.2700  0.3340  1
578:   0.2330  0.2430  0.3790  0.1450  1
579:   0.2418  0.1958  0.3067  0.2557  1
580:   0.1490  0.3440  0.1920  0.3150  1
581:   0.3620  0.2140  0.2610  0.1630  1
582:   0.1510  0.3170  0.3070  0.2250  1
583:   0.3213  0.2633  0.2272  0.1882  1
584:   0.2770  0.3340  0.2030  0.1860  1
585:   0.1940  0.2300  0.3140  0.2620  1
586:   0.2850  0.2440  0.3240  0.1470  1
587:   0.1310  0.2750  0.2850  0.3090  1
588:   0.1568  0.2188  0.3846  0.2398  1
589:   0.3040  0.2870  0.2080  0.2010  1
590:   0.2020  0.2040  0.3560  0.2380  1
591:   0.2700  0.3190  0.2380  0.1730  1
592:   0.1620  0.2280  0.2490  0.3610  1
593:   0.3143  0.2603  0.2673  0.1582  1
594:   0.3520  0.2500  0.1640  0.2340  1
595:   0.3020  0.2140  0.2130  0.2710  1
596:   0.1990  0.2980  0.1940  0.3090  1
597:   0.2870  0.2380  0.2030  0.2720  1
598:   0.3806  0.1738  0.2348  0.2108  1
599:   0.3826  0.1808  0.3187  0.1179  1
600:   0.2230  0.2600  0.2470  0.2700  1
601:   0.1740  0.2980  0.2590  0.2690  1
602:   0.1610  0.2070  0.3110  0.3210  1
603:   0.1998  0.3227  0.1758  0.3017  1
604:   0.2770  0.2860  0.1580  0.2790  1
605:   0.1141  0.2422  0.1662  0.4775  1
606:   0.3976  0.2458  0.2018  0.1548  1
607:   0.1662  0.3423  0.2472  0.2442  1
608:   0.2180  0.3090  0.1850  0.2880  1
609:   0.2800  0.2870  0.2090  0.2240  1
610:   0.1812  0.1972  0.4845  0.1371  1
611:   0.2028  0.2847  0.3467  0.1658  1
612:   0.2440  0.2040  0.3410  0.2110  1
613:   0.1840  0.2670  0.2740  0.2750  1
614:   0.3360  0.2350  0.1820  0.2470  1
615:   0.1070  0.2820  0.1750  0.4360  1
616:   0.1770  0.3150  0.3080  0.2000  1
617:   0.2252  0.2943  0.2272  0.2533  1
618:   0.1129  0.2038  0.4645  0.2188  1
619:   0.2310  0.3480  0.2870  0.1340  1
620:   0.4466  0.2378  0.1508  0.1648  1
621:   0.2623  0.2603  0.1952  0.2823  1
622:   0.1792  0.3263  0.2322  0.2623  1
623:   0.1898  0.2857  0.2967  0.2278  1
624:   0.1340  0.2370  0.3870  0.2420  1
625:   0.3153  0.2312  0.2122  0.2412  1
626:   0.1379  0.1908  0.4835  0.1878  1
627:   0.2900  0.2160  0.1360  0.3580  1
628:   0.1810  0.2540  0.1600  0.4050  1
629:   0.1950  0.2600  0.3340  0.2110  1
630:   0.2667  0.2248  0.1928  0.3157  1
631:   0.3167  0.2368  0.1728  0.2737  1
632:   0.4490  0.2240  0.1570  0.1700  1
633:   0.2200  0.2620  0.2430  0.2750  1
634:   0.1320  0.2420  0.4060  0.2200  1
635:   0.1680  0.2080  0.2020  0.4220  1
636:   0.2440  0.2030  0.2710  0.2820  1
637:   0.2600  0.2170  0.2060  0.3170  1
638:   0.1280  0.1780  0.4630  0.2310  1
639:   0.2088  0.3846  0.1708  0.2358  1
640:   0.2438  0.2298  0.2328  0.2937  1
641:   0.2250  0.3020  0.2600  0.2130  1
642:   0.1910  0.2520  0.3880  0.1690  1
643:   0.2022  0.2122  0.1381  0.4474  1
644:   0.0990  0.2610  0.4830  0.1570  1
645:   0.3720  0.2350  0.1870  0.2060  1
646:   0.2230  0.1890  0.3400  0.2480  1
647:   0.2817  0.1648  0.1538  0.3996  1
648:   0.1820  0.4700  0.1460  0.2020  1
649:   0.3530  0.1880  0.3380  0.1210  1
650:   0.2700  0.2560  0.3160  0.1580  1
651:   0.1240  0.6970  0.0770  0.1020  1
652:   0.5534  0.1728  0.1169  0.1568  1
653:   0.5130  0.1620  0.1650  0.1600  1
654:   0.2488  0.2817  0.2088  0.2607  1
655:   0.1720  0.3860  0.1710  0.2710  1
656:   0.0981  0.1431  0.1291  0.6296  1
657:   0.2088  0.3247  0.2318  0.2348  1
658:   0.3660  0.2760  0.1970  0.1610  1
659:   0.2970  0.2380  0.2020  0.2630  1
660:   0.2560  0.2260  0.2150  0.3030  1
661:   0.1099  0.2757  0.3746  0.2398  1
662:   0.1360  0.2290  0.4400  0.1950  1
663:   0.1930  0.2910  0.1960  0.3200  1
664:   0.3120  0.2240  0.2220  0.2420  1
665:   0.3640  0.2230  0.1570  0.2560  1
666:   0.2757  0.3816  0.1369  0.2058  1
667:   0.2820  0.2420  0.3550  0.1210  1
668:   0.1690  0.4130  0.1860  0.2320  1
669:   0.3140  0.2940  0.2060  0.1860  1
670:   0.2770  0.1870  0.2580  0.2780  1
671:   0.1321  0.1481  0.1612  0.5586  1
672:   0.5190  0.1810  0.1470  0.1530  1
673:   0.1850  0.2310  0.2460  0.3380  1
674:   0.1852  0.2482  0.1962  0.3704  1
675:   0.1652  0.2262  0.1121  0.4965  1
676:   0.1160  0.2760  0.4090  0.1990  1
677:   0.2040  0.2020  0.4430  0.1510  1
678:   0.2468  0.2338  0.2717  0.2478  1
679:   0.2150  0.2420  0.1990  0.3440  1
680:   0.1900  0.2280  0.4050  0.1770  1
681:   0.2500  0.2420  0.1480  0.3600  1
682:   0.1079  0.3457  0.2398  0.3067  1
683:   0.1840  0.2710  0.2970  0.2480  1
684:   0.3970  0.2740  0.1130  0.2160  1
685:   0.2138  0.2278  0.2198  0.3387  1
686:   0.2760  0.2640  0.1820  0.2780  1
687:   0.1782  0.2823  0.1552  0.3844  1
688:   0.2270  0.4080  0.2270  0.1380  1
689:   0.0950  0.1610  0.1090  0.6350  1
690:   0.2700  0.3020  0.1830  0.2450  1
691:   0.2777  0.2408  0.1409  0.3407  1
692:   0.2360  0.1760  0.4240  0.1640  1
693:   0.1490  0.3680  0.3010  0.1820  1
694:   0.3760  0.2000  0.2250  0.1990  1
695:   0.1339  0.2008  0.1688  0.4965  1
696:   0.2950  0.2470  0.2940  0.1640  1
697:   0.3640  0.1890  0.2600  0.1870  1
698:   0.1832  0.2342  0.1592  0.4234  1
699:   0.1450  0.2340  0.1400  0.4810  1
700:   0.2222  0.2713  0.3734  0.1331  1
701:   0.2362  0.2923  0.2052  0.2663  1
702:   0.3030  0.2300  0.2340  0.2330  1
703:   0.2480  0.3090  0.3260  0.1170  1
704:   0.1532  0.2402  0.3954  0.2112  1
705:   0.4160  0.1970  0.2180  0.1690  1
706:   0.2610  0.2370  0.3050  0.1970  1
707:   0.2020  0.3410  0.2590  0.1980  1
708:   0.3554  0.2122  0.2533  0.1792  1
709:   0.1720  0.2310  0.2930  0.3040  1
710:   0.3200  0.1970  0.2910  0.1920  1
711:   0.3370  0.2460  0.2150  0.2020  1
712:   0.1191  0.2503  0.1632  0.4675  1
713:   0.2640  0.2440  0.2140  0.2780  1
714:   0.2468  0.2987  0.2787  0.1758  1
715:   0.2460  0.3140  0.2160  0.2240  1
716:   0.1780  0.2040  0.1730  0.4450  1
717:   0.3610  0.3100  0.1570  0.1720  1
718:   0.2670  0.1850  0.3300  0.2180  1
719:   0.1210  0.2770  0.3890  0.2130  1
720:   0.4166  0.1998  0.1948  0.1888  1
721:   0.1632  0.1972  0.2763  0.3634  1
722:   0.3273  0.3083  0.2462  0.1181  1
723:   0.2042  0.2302  0.3343  0.2312  1
724:   0.2032  0.1592  0.1201  0.5175  1
725:   0.1602  0.2032  0.3053  0.3313  1
726:   0.2260  0.2100  0.2940  0.2700  1
727:   0.3117  0.1948  0.2118  0.2817  1
728:   0.2510  0.3650  0.2190  0.1650  1
729:   0.1530  0.3610  0.1940  0.2920  1
730:   0.4510  0.1970  0.2170  0.1350  1
731:   0.3450  0.2460  0.1800  0.2290  1
732:   0.3736  0.2208  0.2308  0.1748  1
733:   0.2332  0.2062  0.1592  0.4014  1
734:   0.2318  0.3177  0.2418  0.2088  1
735:   0.2580  0.2830  0.2870  0.1720  1
736:   0.2543  0.3193  0.2462  0.1802  1
737:   0.1620  0.1430  0.1500  0.5450  1
738:   0.2498  0.2817  0.2627  0.2058  1
739:   0.3590  0.2780  0.1770  0.1860  1
740:   0.3440  0.2350  0.1820  0.2390  1
741:   0.2500  0.3360  0.1990  0.2150  1
742:   0.1702  0.3504  0.3173  0.1622  1
743:   0.1359  0.1998  0.1109  0.5534  1
744:   0.1900  0.1890  0.1460  0.4750  1
745:   0.2022  0.2192  0.3854  0.1932  1
746:   0.1420  0.2160  0.4830  0.1590  1
747:   0.4510  0.1530  0.2200  0.1760  1
748:   0.2440  0.1840  0.2260  0.3460  1
749:   0.2580  0.1930  0.1750  0.3740  1
750:   0.2250  0.2690  0.2810  0.2250  1
751:   0.3237  0.2827  0.1968  0.1968  1
752:   0.1538  0.2238  0.2118  0.4106  1
753:   0.3407  0.1728  0.1768  0.3097  1
754:   0.3310  0.1700  0.3720  0.1270  1
755:   0.2730  0.2040  0.1970  0.3260  1
756:   0.2790  0.2930  0.2930  0.1350  1
757:   0.2650  0.3190  0.2400  0.1760  1
758:   0.4880  0.1730  0.2040  0.1350  1
759:   0.1968  0.2158  0.3007  0.2867  1
760:   0.1240  0.1760  0.2570  0.4430  1
761:   0.2170  0.2430  0.3290  0.2110  1
762:   0.5780  0.1590  0.1180  0.1450  1
763:   0.1720  0.2680  0.2360  0.3240  1
764:   0.2160  0.2700  0.3120  0.2020  1
765:   0.1530  0.1880  0.4960  0.1630  1
766:   0.3620  0.2570  0.1680  0.2130  1
767:   0.4565  0.1758  0.1339  0.2338  1
768:   0.3127  0.2867  0.2098  0.1908  1
769:   0.2082  0.2092  0.4374  0.1451  1
770:   0.1251  0.2022  0.2402  0.4324  1
771:   0.1590  0.2390  0.2510  0.3510  1
772:   0.1530  0.2660  0.3630  0.2180  1
773:   0.4555  0.2298  0.1778  0.1369  1
774:   0.3970  0.1680  0.2430  0.1920  1
775:   0.1750  0.2330  0.4340  0.1580  1
776:   0.1770  0.2740  0.3120  0.2370  1
777:   0.2490  0.2230  0.2680  0.2600  1
778:   0.2010  0.3160  0.2600  0.2230  1
779:   0.2260  0.2380  0.2600  0.2760  1
780:   0.1440  0.1590  0.2590  0.4380  1
781:   0.2823  0.2442  0.3113  0.1622  1

  1:   0.2563  0.2312  0.2032  0.3093  1
  2:   0.2810  0.2250  0.2030  0.2910  1
  3:   0.1860  0.2550  0.2870  0.2720  1
  4:   0.1570  0.2260  0.1970  0.4200  1
  5:   0.4416  0.2018  0.1998  0.1568  1
  6:   0.2663  0.2713  0.2322  0.2302  1
  7:   0.2750  0.2430  0.2720  0.2100  1
  8:   0.2200  0.3000  0.2980  0.1820  1
  9:   0.1420  0.2000  0.1960  0.4620  1
 10:   0.1059  0.4116  0.3756  0.1069  1
 11:   0.2523  0.2993  0.2913  0.1572  1
 12:   0.1900  0.3240  0.2860  0.2000  1
 13:   0.1702  0.3073  0.2973  0.2252  1
 14:   0.2052  0.1431  0.1532  0.4985  1
 15:   0.5980  0.1180  0.1340  0.1500  1
 16:   0.2108  0.3177  0.3237  0.1479  1
 17:   0.1760  0.2190  0.2510  0.3540  1
 18:   0.2640  0.1600  0.1460  0.4300  1
 19:   0.2090  0.1710  0.1720  0.4480  1
 20:   0.1251  0.2603  0.2763  0.3383  1
 21:   0.2072  0.3544  0.3073  0.1311  1
 22:   0.1820  0.2130  0.2160  0.3890  1
 23:   0.3970  0.2380  0.2180  0.1470  1
 24:   0.1550  0.3360  0.2910  0.2180  1
 25:   0.2500  0.2510  0.2610  0.2380  1
 26:   0.2960  0.2200  0.2040  0.2800  1
 27:   0.1980  0.2400  0.2710  0.2910  1
 28:   0.3057  0.2947  0.2707  0.1289  1
 29:   0.2557  0.1748  0.1778  0.3916  1
 30:   0.1860  0.2320  0.2380  0.3440  1
 31:   0.1602  0.3183  0.3023  0.2192  1
 32:   0.4940  0.1710  0.1690  0.1660  1
 33:   0.3650  0.1880  0.1850  0.2620  1
 34:   0.2553  0.2212  0.2012  0.3223  1
 35:   0.2920  0.1660  0.1660  0.3760  1
 36:   0.3430  0.1720  0.1900  0.2950  1
 37:   0.2963  0.2232  0.2132  0.2673  1
 38:   0.2220  0.2350  0.2440  0.2990  1
 39:   0.2398  0.2947  0.2757  0.1898  1
 40:   0.2990  0.2400  0.2730  0.1880  1
 41:   0.1570  0.3430  0.3050  0.1950  1
 42:   0.3884  0.2212  0.2573  0.1331  1
 43:   0.1420  0.2310  0.2200  0.4070  1
 44:   0.1820  0.2570  0.2670  0.2940  1
 45:   0.3730  0.2450  0.2250  0.1570  1
 46:   0.3133  0.2342  0.2673  0.1852  1
 47:   0.1598  0.2707  0.2847  0.2847  1
 48:   0.6020  0.1140  0.1190  0.1650  1
 49:   0.0899  0.2737  0.2637  0.3726  1
 50:   0.2008  0.2178  0.2428  0.3387  1
 51:   0.1700  0.2680  0.2300  0.3320  1
 52:   0.1290  0.3750  0.3600  0.1360  1
 53:   0.1870  0.2700  0.2590  0.2840  1
 54:   0.2100  0.2460  0.2240  0.3200  1
 55:   0.4640  0.1790  0.1890  0.1680  1
 56:   0.5290  0.1860  0.1690  0.1160  1
 57:   0.1758  0.2927  0.2847  0.2468  1
 58:   0.6710  0.1130  0.1060  0.1100  1
 59:   0.3480  0.2270  0.2810  0.1440  1
 60:   0.1908  0.2408  0.2627  0.3057  1
 61:   0.1598  0.2817  0.3027  0.2557  1
 62:   0.2500  0.3320  0.3120  0.1060  1
 63:   0.1792  0.3113  0.3353  0.1742  1
 64:   0.1750  0.3240  0.2910  0.2100  1
 65:   0.2030  0.2570  0.2850  0.2550  1
 66:   0.1852  0.2563  0.2703  0.2883  1
 67:   0.1170  0.3910  0.3370  0.1550  1
 68:   0.1970  0.2530  0.3010  0.2490  1
 69:   0.1612  0.3744  0.3453  0.1191  1
 70:   0.3417  0.2268  0.2108  0.2208  1
 71:   0.1768  0.3287  0.2847  0.2098  1
 72:   0.1690  0.3480  0.2900  0.1930  1
 73:   0.3310  0.1870  0.2040  0.2780  1
 74:   0.1600  0.2830  0.2690  0.2880  1
 75:   0.2260  0.2270  0.2340  0.3130  1
 76:   0.1720  0.2850  0.3290  0.2140  1
 77:   0.3173  0.2272  0.2442  0.2112  1
 78:   0.1499  0.3037  0.3007  0.2458  1
 79:   0.3057  0.2897  0.2348  0.1698  1
 80:   0.2030  0.2910  0.3140  0.1920  1
 81:   0.1111  0.3894  0.3614  0.1381  1
 82:   0.3480  0.2660  0.2480  0.1380  1
 83:   0.1020  0.3390  0.4260  0.1330  1
 84:   0.2270  0.2690  0.2980  0.2060  1
 85:   0.3097  0.2517  0.2488  0.1898  1
 86:   0.3790  0.2370  0.2540  0.1300  1
 87:   0.1110  0.3670  0.3740  0.1480  1
 88:   0.3784  0.2012  0.2092  0.2112  1
 89:   0.1652  0.2202  0.2573  0.3574  1
 90:   0.2747  0.2797  0.2937  0.1518  1
 91:   0.2398  0.2677  0.2677  0.2248  1
 92:   0.3180  0.2950  0.2640  0.1230  1
 93:   0.1390  0.3070  0.3470  0.2070  1
 94:   0.1251  0.2492  0.2452  0.3804  1
 95:   0.3210  0.2550  0.2280  0.1960  1
 96:   0.2320  0.2040  0.2260  0.3380  1
 97:   0.1690  0.3500  0.3180  0.1630  1
 98:   0.1920  0.2730  0.2950  0.2400  1
 99:   0.1510  0.3430  0.3160  0.1900  1
100:   0.2058  0.2577  0.2547  0.2817  1
101:   0.1640  0.2810  0.2970  0.2580  1
102:   0.4460  0.1810  0.1840  0.1890  1
103:   0.3664  0.1411  0.1522  0.3403  1
104:   0.2270  0.2920  0.2990  0.1820  1
105:   0.1850  0.2400  0.2340  0.3410  1
106:   0.2272  0.2593  0.2623  0.2513  1
107:   0.2973  0.2883  0.2823  0.1321  1
108:   0.2760  0.3120  0.2890  0.1230  1
109:   0.1740  0.2420  0.2870  0.2970  1
110:   0.1560  0.1510  0.1410  0.5520  1
111:   0.3270  0.2020  0.2130  0.2580  1
112:   0.2220  0.1830  0.1860  0.4090  1
113:   0.3130  0.2720  0.2640  0.1510  1
114:   0.1840  0.1870  0.2210  0.4080  1
115:   0.2513  0.3173  0.2863  0.1451  1
116:   0.2953  0.2693  0.2543  0.1812  1
117:   0.5495  0.1578  0.1479  0.1449  1
118:   0.1600  0.1940  0.1940  0.4520  1
119:   0.4326  0.1568  0.1668  0.2438  1
120:   0.4955  0.1391  0.1391  0.2262  1
121:   0.1700  0.2560  0.2610  0.3130  1
122:   0.1049  0.3826  0.3477  0.1648  1
123:   0.5000  0.1650  0.1570  0.1780  1
124:   0.1610  0.3370  0.3380  0.1640  1
125:   0.4650  0.2050  0.2130  0.1170  1
126:   0.2372  0.2783  0.2553  0.2292  1
127:   0.2620  0.3040  0.2600  0.1740  1
128:   0.4230  0.2410  0.2200  0.1160  1
129:   0.1680  0.3790  0.3290  0.1240  1
130:   0.1410  0.3080  0.2620  0.2890  1
131:   0.1700  0.3300  0.3560  0.1440  1
132:   0.5790  0.1430  0.1390  0.1390  1
133:   0.2980  0.1590  0.1530  0.3900  1
134:   0.2593  0.2583  0.2603  0.2222  1
135:   0.1150  0.1670  0.1450  0.5730  1
136:   0.2860  0.2350  0.2660  0.2130  1
137:   0.1968  0.3187  0.3257  0.1588  1
138:   0.3240  0.2200  0.2190  0.2370  1
139:   0.3320  0.2110  0.1830  0.2740  1
140:   0.1411  0.3353  0.3784  0.1451  1
141:   0.2382  0.2122  0.1852  0.3644  1
142:   0.5400  0.1470  0.1680  0.1450  1
143:   0.1760  0.3370  0.3410  0.1460  1
144:   0.2348  0.2368  0.2767  0.2517  1
145:   0.2680  0.1730  0.1690  0.3900  1
146:   0.1470  0.2670  0.2420  0.3440  1
147:   0.2310  0.2340  0.2510  0.2840  1
148:   0.1670  0.2490  0.2630  0.3210  1
149:   0.4370  0.2120  0.2050  0.1460  1
150:   0.1111  0.2122  0.2012  0.4755  1
151:   0.1440  0.2320  0.2240  0.4000  1
152:   0.1960  0.2700  0.2750  0.2590  1
153:   0.1870  0.2660  0.2940  0.2530  1
154:   0.2720  0.2650  0.2510  0.2120  1
155:   0.5250  0.1670  0.1760  0.1320  1
156:   0.1850  0.2820  0.2670  0.2660  1
157:   0.2767  0.2677  0.2687  0.1868  1
158:   0.2000  0.3510  0.3250  0.1240  1
159:   0.3910  0.2190  0.2180  0.1720  1
160:   0.3684  0.2352  0.2142  0.1822  1
161:   0.3620  0.1590  0.1520  0.3270  1
162:   0.2280  0.1950  0.1970  0.3800  1
163:   0.2220  0.1930  0.1960  0.3890  1
164:   0.5015  0.1862  0.2212  0.0911  1
165:   0.2110  0.2800  0.2890  0.2200  1
166:   0.2388  0.2947  0.2527  0.2138  1
167:   0.5964  0.1379  0.1199  0.1459  1
168:   0.2503  0.2432  0.2452  0.2613  1
169:   0.2190  0.3000  0.2570  0.2240  1
170:   0.1131  0.2462  0.2132  0.4274  1
171:   0.3313  0.2292  0.2212  0.2182  1
172:   0.1469  0.2028  0.2088  0.4416  1
173:   0.3690  0.2250  0.2020  0.2040  1
174:   0.2118  0.2667  0.3037  0.2178  1
175:   0.1469  0.2587  0.2468  0.3477  1
176:   0.1269  0.1848  0.1888  0.4995  1
177:   0.1230  0.3410  0.4140  0.1220  1
178:   0.1830  0.3030  0.2910  0.2230  1
179:   0.3307  0.2368  0.2428  0.1898  1
180:   0.1510  0.2750  0.2810  0.2930  1
181:   0.4154  0.1852  0.1692  0.2302  1
182:   0.1030  0.3510  0.4670  0.0790  1
183:   0.2000  0.1700  0.1480  0.4820  1
184:   0.1850  0.2660  0.2580  0.2910  1
185:   0.3080  0.2110  0.2120  0.2690  1
186:   0.2637  0.1968  0.2178  0.3217  1
187:   0.1798  0.2168  0.1998  0.4036  1
188:   0.4040  0.1700  0.1810  0.2450  1
189:   0.1740  0.2370  0.2490  0.3400  1
190:   0.1750  0.2650  0.2460  0.3140  1
191:   0.2790  0.2320  0.2180  0.2710  1
192:   0.2130  0.3350  0.3190  0.1330  1
193:   0.2262  0.2212  0.2212  0.3313  1
194:   0.4220  0.1830  0.1910  0.2040  1
