  1:   0.3576  0.2577  0.3846  1
  2:   0.3704  0.2643  0.3654  1
  3:   0.2690  0.3980  0.3330  1
  4:   0.2543  0.2763  0.4695  1
  5:   0.5160  0.2370  0.2470  1
  6:   0.3280  0.3440  0.3280  1
  7:   0.3420  0.3530  0.3050  1
  8:   0.3020  0.4280  0.2700  1
  9:   0.2018  0.2667  0.5315  1
 10:   0.2050  0.6120  0.1830  1
 11:   0.3524  0.4154  0.2322  1
 12:   0.2900  0.4230  0.2870  1
 13:   0.2510  0.4600  0.2890  1
 14:   0.2620  0.1800  0.5580  1
 15:   0.5970  0.1700  0.2330  1
 16:   0.3010  0.4570  0.2420  1
 17:   0.2630  0.2820  0.4550  1
 18:   0.3610  0.1680  0.4710  1
 19:   0.2950  0.2180  0.4870  1
 20:   0.1850  0.3670  0.4480  1
 21:   0.3710  0.3900  0.2390  1
 22:   0.2570  0.2630  0.4800  1
 23:   0.4460  0.3330  0.2210  1
 24:   0.2300  0.4580  0.3120  1
 25:   0.4140  0.2600  0.3260  1
 26:   0.3716  0.2907  0.3377  1
 27:   0.2990  0.3360  0.3650  1
 28:   0.4210  0.3740  0.2050  1
 29:   0.3330  0.1970  0.4700  1
 30:   0.2663  0.3073  0.4264  1
 31:   0.2520  0.4480  0.3000  1
 32:   0.5115  0.2318  0.2567  1
 33:   0.4124  0.2372  0.3504  1
 34:   0.3427  0.2358  0.4216  1
 35:   0.3570  0.2060  0.4370  1
 36:   0.4360  0.2190  0.3450  1
 37:   0.3666  0.2887  0.3447  1
 38:   0.2940  0.3390  0.3670  1
 39:   0.3780  0.3160  0.3060  1
 40:   0.4494  0.2733  0.2773  1
 41:   0.2310  0.4960  0.2730  1
 42:   0.4640  0.3220  0.2140  1
 43:   0.2500  0.2480  0.5020  1
 44:   0.2530  0.3490  0.3980  1
 45:   0.4720  0.3220  0.2060  1
 46:   0.4270  0.2990  0.2740  1
 47:   0.2440  0.3310  0.4250  1
 48:   0.6100  0.1600  0.2300  1
 49:   0.1430  0.4000  0.4570  1
 50:   0.2890  0.2900  0.4210  1
 51:   0.2670  0.3020  0.4310  1
 52:   0.1970  0.5860  0.2170  1
 53:   0.2910  0.3180  0.3910  1
 54:   0.3000  0.2930  0.4070  1
 55:   0.5694  0.2098  0.2208  1
 56:   0.5660  0.2530  0.1810  1
 57:   0.2500  0.4120  0.3380  1
 58:   0.6760  0.1460  0.1780  1
 59:   0.4705  0.2873  0.2422  1
 60:   0.2603  0.3443  0.3954  1
 61:   0.2540  0.3960  0.3500  1
 62:   0.3654  0.4605  0.1742  1
 63:   0.2527  0.4955  0.2517  1
 64:   0.2770  0.4220  0.3010  1
 65:   0.3153  0.3303  0.3544  1
 66:   0.2870  0.3330  0.3800  1
 67:   0.2128  0.5255  0.2617  1
 68:   0.3173  0.3704  0.3123  1
 69:   0.2420  0.5670  0.1910  1
 70:   0.3770  0.3290  0.2940  1
 71:   0.2860  0.3870  0.3270  1
 72:   0.2452  0.4745  0.2803  1
 73:   0.4140  0.2320  0.3540  1
 74:   0.2390  0.3830  0.3780  1
 75:   0.2893  0.3343  0.3764  1
 76:   0.3030  0.3540  0.3430  1
 77:   0.4140  0.2920  0.2940  1
 78:   0.2340  0.4130  0.3530  1
 79:   0.3646  0.3736  0.2617  1
 80:   0.2917  0.4216  0.2867  1
 81:   0.1790  0.6060  0.2150  1
 82:   0.4260  0.3630  0.2110  1
 83:   0.1818  0.5774  0.2408  1
 84:   0.3293  0.3534  0.3173  1
 85:   0.3946  0.3427  0.2627  1
 86:   0.5085  0.2787  0.2128  1
 87:   0.1952  0.5506  0.2543  1
 88:   0.4630  0.2310  0.3060  1
 89:   0.2500  0.2960  0.4540  1
 90:   0.3590  0.3950  0.2460  1
 91:   0.3410  0.3440  0.3150  1
 92:   0.3824  0.4254  0.1922  1
 93:   0.2110  0.4970  0.2920  1
 94:   0.2020  0.2990  0.4990  1
 95:   0.3760  0.3480  0.2760  1
 96:   0.2970  0.3010  0.4020  1
 97:   0.2430  0.5270  0.2300  1
 98:   0.2740  0.4030  0.3230  1
 99:   0.2180  0.5130  0.2690  1
100:   0.2800  0.3670  0.3530  1
101:   0.2460  0.4050  0.3490  1
102:   0.4990  0.2440  0.2570  1
103:   0.4150  0.1740  0.4110  1
104:   0.3320  0.4070  0.2610  1
105:   0.2610  0.3240  0.4150  1
106:   0.3140  0.3470  0.3390  1
107:   0.3856  0.4026  0.2118  1
108:   0.3590  0.4470  0.1940  1
109:   0.2630  0.3330  0.4040  1
110:   0.2080  0.1950  0.5970  1
111:   0.3860  0.2630  0.3510  1
112:   0.2810  0.2230  0.4960  1
113:   0.4500  0.3060  0.2440  1
114:   0.2730  0.2560  0.4710  1
115:   0.3210  0.4550  0.2240  1
116:   0.3710  0.3630  0.2660  1
117:   0.5860  0.2000  0.2140  1
118:   0.2330  0.2730  0.4940  1
119:   0.5120  0.1880  0.3000  1
120:   0.5530  0.1540  0.2930  1
121:   0.2523  0.3564  0.3914  1
122:   0.1840  0.5400  0.2760  1
123:   0.5210  0.2300  0.2490  1
124:   0.2520  0.4850  0.2630  1
125:   0.5105  0.3023  0.1872  1
126:   0.3350  0.3050  0.3600  1
127:   0.3640  0.3450  0.2910  1
128:   0.4660  0.3430  0.1910  1
129:   0.2410  0.5690  0.1900  1
130:   0.2272  0.3353  0.4374  1
131:   0.2860  0.4570  0.2570  1
132:   0.6170  0.1750  0.2080  1
133:   0.3790  0.1890  0.4320  1
134:   0.3830  0.3180  0.2990  1
135:   0.1728  0.2078  0.6194  1
136:   0.4034  0.2793  0.3173  1
137:   0.3473  0.3564  0.2963  1
138:   0.4520  0.2340  0.3140  1
139:   0.4190  0.2250  0.3560  1
140:   0.2370  0.5170  0.2460  1
141:   0.3120  0.2700  0.4180  1
142:   0.5690  0.2040  0.2270  1
143:   0.2790  0.4920  0.2290  1
144:   0.3460  0.2950  0.3590  1
145:   0.3520  0.2110  0.4370  1
146:   0.2272  0.3193  0.4535  1
147:   0.3230  0.2760  0.4010  1
148:   0.2370  0.3350  0.4280  1
149:   0.5010  0.2830  0.2160  1
150:   0.1698  0.2987  0.5315  1
151:   0.2050  0.3590  0.4360  1
152:   0.2970  0.3390  0.3640  1
153:   0.2763  0.3974  0.3263  1
154:   0.3650  0.3450  0.2900  1
155:   0.5690  0.2370  0.1940  1
156:   0.2470  0.3990  0.3540  1
157:   0.4120  0.3190  0.2690  1
158:   0.3920  0.3670  0.2410  1
159:   0.4450  0.3070  0.2480  1
160:   0.4680  0.2580  0.2740  1
161:   0.4270  0.1740  0.3990  1
162:   0.3060  0.2510  0.4430  1
163:   0.2940  0.2750  0.4310  1
164:   0.5520  0.2920  0.1560  1
165:   0.3260  0.3390  0.3350  1
166:   0.3220  0.3760  0.3020  1
167:   0.5920  0.1820  0.2260  1
168:   0.3330  0.3100  0.3570  1
169:   0.3080  0.3910  0.3010  1
170:   0.1760  0.3350  0.4890  1
171:   0.3926  0.3217  0.2857  1
172:   0.2260  0.2780  0.4960  1
173:   0.4815  0.2378  0.2807  1
174:   0.3377  0.3497  0.3127  1
175:   0.2300  0.3330  0.4370  1
176:   0.1930  0.2570  0.5500  1
177:   0.2110  0.5720  0.2170  1
178:   0.2880  0.3740  0.3380  1
179:   0.4380  0.3100  0.2520  1
180:   0.2170  0.4000  0.3830  1
181:   0.4680  0.2240  0.3080  1
182:   0.2150  0.6110  0.1740  1
183:   0.2723  0.1732  0.5546  1
184:   0.2640  0.3530  0.3830  1
185:   0.3890  0.2700  0.3410  1
186:   0.3373  0.2583  0.4044  1
187:   0.2690  0.2490  0.4820  1
188:   0.4570  0.2250  0.3180  1
189:   0.2482  0.3333  0.4184  1
190:   0.2418  0.3626  0.3956  1
191:   0.3950  0.2530  0.3520  1
192:   0.3510  0.4290  0.2200  1
193:   0.3320  0.2820  0.3860  1
194:   0.5040  0.2330  0.2630  1
195:   0.2707  0.4655  0.2637  1
196:   0.3120  0.2620  0.4260  1
197:   0.4590  0.2410  0.3000  1
198:   0.3350  0.2460  0.4190  1
199:   0.2980  0.5260  0.1760  1
200:   0.4014  0.2503  0.3483  1
201:   0.2148  0.5125  0.2727  1
202:   0.2983  0.3283  0.3734  1
203:   0.3180  0.4330  0.2490  1
204:   0.2330  0.3690  0.3980  1
205:   0.2950  0.4310  0.2740  1
206:   0.2600  0.4810  0.2590  1
207:   0.4530  0.3290  0.2180  1
208:   0.2118  0.3586  0.4296  1
209:   0.4080  0.3700  0.2220  1
210:   0.2697  0.3387  0.3916  1
211:   0.2072  0.5115  0.2813  1
212:   0.3614  0.1792  0.4595  1
213:   0.4180  0.3020  0.2800  1
214:   0.2170  0.5230  0.2600  1
215:   0.4040  0.2630  0.3330  1
216:   0.3363  0.3904  0.2733  1
217:   0.3846  0.2248  0.3906  1
218:   0.5100  0.2510  0.2390  1
219:   0.2440  0.2680  0.4880  1
220:   0.3500  0.3890  0.2610  1
221:   0.2400  0.5480  0.2120  1
222:   0.4060  0.2880  0.3060  1
223:   0.4700  0.2600  0.2700  1
224:   0.3090  0.4190  0.2720  1
225:   0.2617  0.4885  0.2498  1
226:   0.3407  0.2288  0.4306  1
227:   0.3167  0.4496  0.2338  1
228:   0.3526  0.3097  0.3377  1
229:   0.2960  0.3550  0.3490  1
230:   0.2482  0.1732  0.5786  1
231:   0.3380  0.2770  0.3850  1
232:   0.4130  0.4020  0.1850  1
233:   0.2570  0.2190  0.5240  1
234:   0.3530  0.2960  0.3510  1
235:   0.2713  0.3073  0.4214  1
236:   0.4210  0.2650  0.3140  1
237:   0.3630  0.3980  0.2390  1
238:   0.2860  0.2830  0.4310  1
239:   0.2200  0.3330  0.4470  1
240:   0.3170  0.3080  0.3750  1
241:   0.2740  0.4650  0.2610  1
242:   0.3070  0.4600  0.2330  1
243:   0.4120  0.3240  0.2640  1
244:   0.2640  0.4680  0.2680  1
245:   0.3150  0.2870  0.3980  1
246:   0.4206  0.2687  0.3107  1
247:   0.2760  0.3250  0.3990  1
248:   0.3000  0.2450  0.4550  1
249:   0.2640  0.3280  0.4080  1
250:   0.4980  0.2190  0.2830  1
251:   0.4396  0.2368  0.3237  1
252:   0.2583  0.4765  0.2653  1
253:   0.3510  0.4060  0.2430  1
254:   0.2780  0.2110  0.5110  1
255:   0.2697  0.3976  0.3327  1
256:   0.4840  0.2800  0.2360  1
257:   0.2700  0.4120  0.3180  1
258:   0.2960  0.3280  0.3760  1
259:   0.2060  0.4230  0.3710  1
260:   0.3620  0.4190  0.2190  1
261:   0.2527  0.3197  0.4276  1
262:   0.3280  0.3160  0.3560  1
263:   0.2160  0.3450  0.4390  1
264:   0.3450  0.4000  0.2550  1
265:   0.2460  0.3540  0.4000  1
266:   0.4220  0.2860  0.2920  1
267:   0.2783  0.3714  0.3504  1
268:   0.2600  0.2390  0.5010  1
269:   0.1748  0.4306  0.3946  1
270:   0.2170  0.3510  0.4320  1
271:   0.3390  0.3160  0.3450  1
272:   0.2390  0.4150  0.3460  1
273:   0.3420  0.3650  0.2930  1
274:   0.1790  0.1860  0.6350  1
275:   0.2152  0.3674  0.4174  1
276:   0.4940  0.3270  0.1790  1
277:   0.2120  0.5050  0.2830  1
278:   0.1480  0.5320  0.3200  1
279:   0.4440  0.2760  0.2800  1
280:   0.4110  0.2870  0.3020  1
281:   0.1990  0.3930  0.4080  1
282:   0.2380  0.3440  0.4180  1
283:   0.4020  0.2740  0.3240  1
284:   0.3357  0.4476  0.2168  1
285:   0.3580  0.3430  0.2990  1
286:   0.2130  0.4760  0.3110  1
287:   0.4760  0.2120  0.3120  1
288:   0.2020  0.5950  0.2030  1
289:   0.3470  0.2900  0.3630  1
290:   0.3620  0.2700  0.3680  1
291:   0.4430  0.1850  0.3720  1
292:   0.3660  0.3920  0.2420  1
293:   0.2777  0.2108  0.5115  1
294:   0.2797  0.4036  0.3167  1
295:   0.6843  0.1758  0.1399  1
296:   0.3130  0.3850  0.3020  1
297:   0.2640  0.2810  0.4550  1
298:   0.3680  0.3260  0.3060  1
299:   0.6350  0.2020  0.1630  1
300:   0.2870  0.2830  0.4300  1
301:   0.3840  0.3040  0.3120  1
302:   0.6070  0.1540  0.2390  1
303:   0.2780  0.2840  0.4380  1
304:   0.3120  0.4000  0.2880  1
305:   0.4040  0.2350  0.3610  1
306:   0.4290  0.3580  0.2130  1
307:   0.3150  0.3810  0.3040  1
308:   0.3190  0.3990  0.2820  1
309:   0.2170  0.4500  0.3330  1
310:   0.2090  0.3650  0.4260  1
311:   0.3330  0.4440  0.2230  1
312:   0.1898  0.3526  0.4575  1
313:   0.3267  0.3656  0.3077  1
314:   0.4070  0.3970  0.1960  1
315:   0.3970  0.3880  0.2150  1
316:   0.2890  0.3760  0.3350  1
317:   0.1940  0.3520  0.4540  1
318:   0.1848  0.2428  0.5724  1
319:   0.3920  0.2490  0.3590  1
320:   0.4790  0.3220  0.1990  1
321:   0.3007  0.2088  0.4905  1
322:   0.2970  0.3650  0.3380  1
323:   0.3223  0.3564  0.3213  1
324:   0.2550  0.4120  0.3330  1
325:   0.2617  0.2947  0.4436  1
326:   0.2130  0.5130  0.2740  1
327:   0.3260  0.2960  0.3780  1
328:   0.3040  0.3120  0.3840  1
329:   0.2990  0.4340  0.2670  1
330:   0.2797  0.5265  0.1938  1
331:   0.2980  0.4080  0.2940  1
332:   0.2258  0.3756  0.3986  1
333:   0.2620  0.4400  0.2980  1
334:   0.2020  0.3140  0.4840  1
335:   0.3500  0.3740  0.2760  1
336:   0.3220  0.3930  0.2850  1
337:   0.2730  0.2310  0.4960  1
338:   0.2420  0.5420  0.2160  1
339:   0.4330  0.3410  0.2260  1
340:   0.2547  0.2697  0.4755  1
341:   0.4935  0.2492  0.2573  1
342:   0.2540  0.4910  0.2550  1
343:   0.1800  0.5900  0.2300  1
344:   0.2192  0.3183  0.4625  1
345:   0.2340  0.4830  0.2830  1
346:   0.3690  0.2660  0.3650  1
347:   0.3890  0.3830  0.2280  1
348:   0.3860  0.2640  0.3500  1
349:   0.2940  0.3480  0.3580  1
350:   0.3340  0.2940  0.3720  1
351:   0.3640  0.2480  0.3880  1
352:   0.3110  0.3250  0.3640  1
353:   0.4980  0.2890  0.2130  1
354:   0.2530  0.5090  0.2380  1
355:   0.2400  0.3830  0.3770  1
356:   0.3233  0.3403  0.3363  1
357:   0.3754  0.3243  0.3003  1
358:   0.3147  0.4056  0.2797  1
359:   0.5245  0.2282  0.2472  1
360:   0.3700  0.2300  0.4000  1
361:   0.4130  0.3650  0.2220  1
362:   0.2727  0.2937  0.4336  1
363:   0.2020  0.2830  0.5150  1
364:   0.2440  0.3660  0.3900  1
365:   0.3380  0.2630  0.3990  1
366:   0.4610  0.2720  0.2670  1
367:   0.3610  0.2890  0.3500  1
368:   0.4490  0.2790  0.2720  1
369:   0.4930  0.3070  0.2000  1
370:   0.4346  0.3367  0.2288  1
371:   0.3790  0.4080  0.2130  1
372:   0.4540  0.2830  0.2630  1
373:   0.3800  0.3080  0.3120  1
374:   0.3140  0.3170  0.3690  1
375:   0.2550  0.4430  0.3020  1
376:   0.3197  0.2597  0.4206  1
377:   0.5035  0.1982  0.2983  1
378:   0.3500  0.2970  0.3530  1
379:   0.5405  0.1918  0.2677  1
380:   0.5610  0.2120  0.2270  1
381:   0.3410  0.3020  0.3570  1
382:   0.3203  0.3924  0.2873  1
383:   0.3420  0.4380  0.2200  1
384:   0.3834  0.1742  0.4424  1
385:   0.2210  0.3940  0.3850  1
386:   0.6850  0.1620  0.1530  1
387:   0.3600  0.3110  0.3290  1
388:   0.5070  0.2010  0.2920  1
389:   0.2910  0.3750  0.3340  1
390:   0.2940  0.5010  0.2050  1
391:   0.4810  0.2460  0.2730  1
392:   0.3130  0.4910  0.1960  1
393:   0.4450  0.1730  0.3820  1
394:   0.1610  0.6310  0.2080  1
395:   0.2870  0.3480  0.3650  1
396:   0.2300  0.2970  0.4730  1
397:   0.1790  0.3570  0.4640  1
398:   0.3830  0.3340  0.2830  1
399:   0.4010  0.2690  0.3300  1
400:   0.4330  0.3030  0.2640  1
401:   0.3520  0.2390  0.4090  1
402:   0.3050  0.2930  0.4020  1
403:   0.1560  0.4570  0.3870  1
404:   0.2737  0.4795  0.2468  1
405:   0.2510  0.3580  0.3910  1
406:   0.3150  0.4370  0.2480  1
407:   0.5100  0.1620  0.3280  1
408:   0.3160  0.2830  0.4010  1
409:   0.3140  0.3130  0.3730  1
410:   0.2870  0.3470  0.3660  1
411:   0.1782  0.3734  0.4484  1
412:   0.3960  0.2440  0.3600  1
413:   0.1670  0.4500  0.3830  1
414:   0.4320  0.2240  0.3440  1
415:   0.5040  0.2650  0.2310  1
416:   0.1780  0.1710  0.6510  1
417:   0.3784  0.3413  0.2803  1
418:   0.3620  0.2940  0.3440  1
419:   0.3540  0.4270  0.2190  1
420:   0.1810  0.2720  0.5470  1
421:   0.2440  0.4450  0.3110  1
422:   0.2930  0.4160  0.2910  1
423:   0.2720  0.2930  0.4350  1
424:   0.2140  0.3210  0.4650  1
425:   0.3780  0.2860  0.3360  1
426:   0.5040  0.2830  0.2130  1
427:   0.4450  0.3080  0.2470  1
428:   0.3210  0.3520  0.3270  1
429:   0.4376  0.3407  0.2218  1
430:   0.3100  0.3740  0.3160  1
431:   0.2210  0.3530  0.4260  1
432:   0.4210  0.2380  0.3410  1
433:   0.4240  0.2160  0.3600  1
434:   0.2667  0.2967  0.4366  1
435:   0.2887  0.3067  0.4046  1
436:   0.3510  0.2990  0.3500  1
437:   0.3770  0.2290  0.3940  1
438:   0.5570  0.2010  0.2420  1
439:   0.3170  0.3710  0.3120  1
440:   0.2298  0.4985  0.2717  1
441:   0.4380  0.2530  0.3090  1
442:   0.2050  0.3310  0.4640  1
443:   0.3020  0.3230  0.3750  1
444:   0.4450  0.2780  0.2770  1
445:   0.3020  0.5140  0.1840  1
446:   0.2440  0.4540  0.3020  1
447:   0.2470  0.2600  0.4930  1
448:   0.3760  0.2850  0.3390  1
449:   0.2950  0.2700  0.4350  1
450:   0.2390  0.4140  0.3470  1
451:   0.3880  0.3800  0.2320  1
452:   0.2340  0.5450  0.2210  1
453:   0.3220  0.2500  0.4280  1
454:   0.1810  0.3970  0.4220  1
455:   0.3620  0.4020  0.2360  1
456:   0.3590  0.4150  0.2260  1
457:   0.5045  0.1978  0.2977  1
458:   0.3490  0.4770  0.1740  1
459:   0.4700  0.3130  0.2170  1
460:   0.2757  0.3536  0.3706  1
461:   0.1600  0.1810  0.6590  1
462:   0.1880  0.5070  0.3050  1
463:   0.4940  0.2870  0.2190  1
464:   0.3814  0.3183  0.3003  1
465:   0.2740  0.4830  0.2430  1
466:   0.4970  0.2090  0.2940  1
467:   0.2750  0.4230  0.3020  1
468:   0.3690  0.3500  0.2810  1
469:   0.4380  0.2670  0.2950  1
470:   0.4470  0.2350  0.3180  1
471:   0.2230  0.5330  0.2440  1
472:   0.4360  0.1840  0.3800  1
473:   0.3047  0.2208  0.4745  1
474:   0.2500  0.3220  0.4280  1
475:   0.3530  0.3960  0.2510  1
476:   0.3430  0.4760  0.1810  1
477:   0.3500  0.3370  0.3130  1
478:   0.2370  0.2120  0.5510  1
479:   0.2412  0.5085  0.2503  1
480:   0.3210  0.1800  0.4990  1
481:   0.3223  0.3654  0.3123  1
482:   0.4595  0.2038  0.3367  1
483:   0.3140  0.4620  0.2240  1
484:   0.1860  0.4250  0.3890  1
485:   0.2270  0.5480  0.2250  1
486:   0.3050  0.3160  0.3790  1
487:   0.3880  0.2680  0.3440  1
488:   0.4004  0.3884  0.2112  1
489:   0.2760  0.3350  0.3890  1
490:   0.3980  0.2590  0.3430  1
491:   0.5485  0.1732  0.2783  1
492:   0.3980  0.3460  0.2560  1
493:   0.3860  0.2940  0.3200  1
494:   0.4454  0.3283  0.2262  1
495:   0.2000  0.5130  0.2870  1
496:   0.1878  0.4126  0.3996  1
497:   0.2470  0.2210  0.5320  1
498:   0.2150  0.2650  0.5200  1
499:   0.4250  0.1900  0.3850  1
500:   0.4550  0.3050  0.2400  1
501:   0.2503  0.3614  0.3884  1
502:   0.3320  0.3740  0.2940  1
503:   0.2943  0.2482  0.4575  1
504:   0.2730  0.2950  0.4320  1
505:   0.4340  0.3510  0.2150  1
506:   0.2803  0.3874  0.3323  1
507:   0.3043  0.3574  0.3383  1
508:   0.1530  0.3040  0.5430  1
509:   0.3180  0.4430  0.2390  1
510:   0.1930  0.3390  0.4680  1
511:   0.4660  0.2360  0.2980  1
512:   0.1610  0.1640  0.6750  1
513:   0.1670  0.4350  0.3980  1
514:   0.2198  0.2667  0.5135  1
515:   0.5810  0.1470  0.2720  1
516:   0.3000  0.5030  0.1970  1
517:   0.2620  0.5480  0.1900  1
518:   0.2028  0.2827  0.5145  1
519:   0.2963  0.3413  0.3624  1
520:   0.4186  0.3007  0.2807  1
521:   0.3080  0.2850  0.4070  1
522:   0.2667  0.4236  0.3097  1
523:   0.4070  0.2670  0.3260  1
524:   0.2220  0.5960  0.1820  1
525:   0.4424  0.2733  0.2843  1
526:   0.3190  0.2520  0.4290  1
527:   0.3080  0.2950  0.3970  1
528:   0.5450  0.2230  0.2320  1
529:   0.3626  0.2947  0.3427  1
530:   0.4550  0.2670  0.2780  1
531:   0.3710  0.4250  0.2040  1
532:   0.1720  0.5670  0.2610  1
533:   0.2040  0.1510  0.6450  1
534:   0.4320  0.2920  0.2760  1
535:   0.3850  0.2380  0.3770  1
536:   0.3067  0.2767  0.4166  1
537:   0.4320  0.2350  0.3330  1
538:   0.3090  0.4090  0.2820  1
539:   0.3343  0.2362  0.4294  1
540:   0.3480  0.3460  0.3060  1
541:   0.3510  0.4030  0.2460  1
542:   0.5750  0.1910  0.2340  1
543:   0.6404  0.1968  0.1628  1
544:   0.5200  0.2310  0.2490  1
545:   0.3260  0.3160  0.3580  1
546:   0.5085  0.2218  0.2697  1
547:   0.2777  0.4306  0.2917  1
548:   0.2980  0.3300  0.3720  1
549:   0.3330  0.3530  0.3140  1
550:   0.3173  0.2653  0.4174  1
551:   0.5150  0.2140  0.2710  1
552:   0.2950  0.2620  0.4430  1
553:   0.2402  0.4364  0.3233  1
554:   0.6070  0.1340  0.2590  1
555:   0.2727  0.4336  0.2937  1
556:   0.1812  0.2773  0.5415  1
557:   0.2907  0.3756  0.3337  1
558:   0.4510  0.3690  0.1800  1
559:   0.3020  0.3600  0.3380  1
560:   0.5696  0.1942  0.2362  1
561:   0.2830  0.4580  0.2590  1
562:   0.4550  0.2360  0.3090  1
563:   0.3370  0.4070  0.2560  1
564:   0.2980  0.3120  0.3900  1
565:   0.3680  0.3140  0.3180  1
566:   0.2627  0.4136  0.3237  1
567:   0.3710  0.3870  0.2420  1
568:   0.3483  0.1992  0.4525  1
569:   0.2190  0.3680  0.4130  1
570:   0.3510  0.2850  0.3640  1
571:   0.3383  0.3413  0.3203  1
572:   0.2190  0.2130  0.5680  1
573:   0.3910  0.3770  0.2320  1
574:   0.2498  0.4725  0.2777  1
575:   0.3160  0.4930  0.1910  1
576:   0.3920  0.3470  0.2610  1
577:   0.2480  0.3410  0.4110  1
578:   0.3630  0.3980  0.2390  1
579:   0.3120  0.3730  0.3150  1
580:   0.2372  0.3483  0.4144  1
581:   0.4750  0.2570  0.2680  1
582:   0.2627  0.3906  0.3467  1
583:   0.4214  0.3153  0.2633  1
584:   0.4040  0.3130  0.2830  1
585:   0.2470  0.4100  0.3430  1
586:   0.3800  0.4240  0.1960  1
587:   0.2110  0.3230  0.4660  1
588:   0.2200  0.4810  0.2990  1
589:   0.4230  0.3070  0.2700  1
590:   0.2583  0.4004  0.3413  1
591:   0.4310  0.3060  0.2630  1
592:   0.2410  0.3070  0.4520  1
593:   0.4310  0.3290  0.2400  1
594:   0.4600  0.2240  0.3160  1
595:   0.4026  0.2577  0.3397  1
596:   0.3023  0.2402  0.4575  1
597:   0.3650  0.2700  0.3650  1
598:   0.4160  0.3110  0.2730  1
599:   0.4580  0.3600  0.1820  1
600:   0.3010  0.3090  0.3900  1
601:   0.2530  0.3710  0.3760  1
602:   0.2520  0.3400  0.4080  1
603:   0.3100  0.3010  0.3890  1
604:   0.3780  0.2160  0.4060  1
605:   0.1700  0.2840  0.5460  1
606:   0.4840  0.2980  0.2180  1
607:   0.2510  0.4120  0.3370  1
608:   0.3060  0.2700  0.4240  1
609:   0.3650  0.3460  0.2890  1
610:   0.2410  0.5660  0.1930  1
611:   0.2753  0.5005  0.2242  1
612:   0.2980  0.4010  0.3010  1
613:   0.2700  0.3560  0.3740  1
614:   0.4150  0.2530  0.3320  1
615:   0.1760  0.2960  0.5280  1
616:   0.2580  0.5010  0.2410  1
617:   0.3450  0.2610  0.3940  1
618:   0.1640  0.5440  0.2920  1
619:   0.3470  0.4470  0.2060  1
620:   0.5145  0.2617  0.2238  1
621:   0.3690  0.2510  0.3800  1
622:   0.2570  0.4180  0.3250  1
623:   0.2450  0.4690  0.2860  1
624:   0.2240  0.4380  0.3380  1
625:   0.3820  0.3400  0.2780  1
626:   0.1920  0.5470  0.2610  1
627:   0.3670  0.1940  0.4390  1
628:   0.2680  0.2240  0.5080  1
629:   0.2680  0.4360  0.2960  1
630:   0.3620  0.2720  0.3660  1
631:   0.4540  0.2110  0.3350  1
632:   0.5410  0.2330  0.2260  1
633:   0.2973  0.3564  0.3463  1
634:   0.2080  0.4650  0.3270  1
635:   0.2150  0.3480  0.4370  1
636:   0.3087  0.3457  0.3457  1
637:   0.3410  0.2520  0.4070  1
638:   0.1912  0.4865  0.3223  1
639:   0.3734  0.2803  0.3463  1
640:   0.3240  0.2980  0.3780  1
641:   0.3367  0.3596  0.3037  1
642:   0.2920  0.4530  0.2550  1
643:   0.2840  0.1990  0.5170  1
644:   0.1430  0.6370  0.2200  1
645:   0.5010  0.2200  0.2790  1
646:   0.2820  0.3900  0.3280  1
647:   0.3210  0.2190  0.4600  1
648:   0.3590  0.3020  0.3390  1
649:   0.4300  0.4000  0.1700  1
650:   0.3504  0.4254  0.2242  1
651:   0.4815  0.2178  0.3007  1
652:   0.5950  0.1810  0.2240  1
653:   0.5730  0.1830  0.2440  1
654:   0.3220  0.3290  0.3490  1
655:   0.2557  0.3776  0.3666  1
656:   0.1421  0.2042  0.6537  1
657:   0.3820  0.2950  0.3230  1
658:   0.4400  0.3390  0.2210  1
659:   0.3964  0.2803  0.3233  1
660:   0.3380  0.2130  0.4490  1
661:   0.2040  0.3900  0.4060  1
662:   0.2080  0.5240  0.2680  1
663:   0.2797  0.3027  0.4176  1
664:   0.3680  0.3100  0.3220  1
665:   0.4290  0.2210  0.3500  1
666:   0.4800  0.2180  0.3020  1
667:   0.3600  0.4600  0.1800  1
668:   0.2887  0.3826  0.3287  1
669:   0.4090  0.3260  0.2650  1
670:   0.3696  0.2587  0.3716  1
671:   0.1812  0.1992  0.6196  1
672:   0.6040  0.1900  0.2060  1
673:   0.2693  0.2923  0.4384  1
674:   0.2850  0.2460  0.4690  1
675:   0.2268  0.1638  0.6094  1
676:   0.2062  0.4625  0.3313  1
677:   0.2740  0.5190  0.2070  1
678:   0.3273  0.3423  0.3303  1
679:   0.3060  0.2440  0.4500  1
680:   0.2780  0.4660  0.2560  1
681:   0.3510  0.2090  0.4400  1
682:   0.1570  0.4250  0.4180  1
683:   0.2480  0.4430  0.3090  1
684:   0.5215  0.1722  0.3063  1
685:   0.3017  0.2977  0.4006  1
686:   0.4010  0.2460  0.3530  1
687:   0.2720  0.2190  0.5090  1
688:   0.3440  0.4560  0.2000  1
689:   0.1380  0.1690  0.6930  1
690:   0.3427  0.3017  0.3556  1
691:   0.3580  0.1860  0.4560  1
692:   0.3077  0.4446  0.2478  1
693:   0.2330  0.4730  0.2940  1
694:   0.4330  0.2860  0.2810  1
695:   0.1840  0.2400  0.5760  1
696:   0.3864  0.3784  0.2352  1
697:   0.4270  0.3170  0.2560  1
698:   0.2613  0.2603  0.4785  1
699:   0.2330  0.1920  0.5750  1
700:   0.2790  0.5550  0.1660  1
701:   0.3180  0.3280  0.3540  1
702:   0.3790  0.3160  0.3050  1
703:   0.3890  0.4220  0.1890  1
704:   0.2060  0.5260  0.2680  1
705:   0.4850  0.2890  0.2260  1
706:   0.3220  0.4120  0.2660  1
707:   0.2890  0.4490  0.2620  1
708:   0.4330  0.3140  0.2530  1
709:   0.2680  0.3020  0.4300  1
710:   0.3780  0.3280  0.2940  1
711:   0.4380  0.2890  0.2730  1
712:   0.2050  0.2160  0.5790  1
713:   0.3350  0.3330  0.3320  1
714:   0.3217  0.4346  0.2438  1
715:   0.3650  0.3290  0.3060  1
716:   0.2400  0.2270  0.5330  1
717:   0.5090  0.2320  0.2590  1
718:   0.3190  0.3950  0.2860  1
719:   0.1660  0.5780  0.2560  1
720:   0.4690  0.2700  0.2610  1
721:   0.2368  0.3227  0.4406  1
722:   0.4605  0.3554  0.1842  1
723:   0.2687  0.4316  0.2997  1
724:   0.2830  0.1730  0.5440  1
725:   0.2290  0.3350  0.4360  1
726:   0.2790  0.3350  0.3860  1
727:   0.3900  0.2550  0.3550  1
728:   0.3730  0.4140  0.2130  1
729:   0.2577  0.3447  0.3976  1
730:   0.5130  0.2950  0.1920  1
731:   0.4370  0.2530  0.3100  1
732:   0.4310  0.3210  0.2480  1
733:   0.3030  0.2300  0.4670  1
734:   0.3140  0.3590  0.3270  1
735:   0.3340  0.4320  0.2340  1
736:   0.3510  0.4090  0.2400  1
737:   0.2020  0.1900  0.6080  1
738:   0.3483  0.3493  0.3023  1
739:   0.4980  0.2310  0.2710  1
740:   0.4184  0.2933  0.2883  1
741:   0.3910  0.2840  0.3250  1
742:   0.2570  0.5040  0.2390  1
743:   0.2070  0.1440  0.6490  1
744:   0.2750  0.2100  0.5150  1
745:   0.2360  0.5280  0.2360  1
746:   0.1850  0.6020  0.2130  1
747:   0.4810  0.2750  0.2440  1
748:   0.2860  0.2850  0.4290  1
749:   0.3130  0.2660  0.4210  1
750:   0.3250  0.3640  0.3110  1
751:   0.4246  0.3227  0.2527  1
752:   0.2140  0.3260  0.4600  1
753:   0.3940  0.2360  0.3700  1
754:   0.3990  0.4090  0.1920  1
755:   0.3590  0.2260  0.4150  1
756:   0.3173  0.5205  0.1622  1
757:   0.4140  0.3200  0.2660  1
758:   0.5656  0.2342  0.2002  1
759:   0.2510  0.3900  0.3590  1
760:   0.1710  0.3050  0.5240  1
761:   0.3287  0.3876  0.2837  1
762:   0.6236  0.1602  0.2162  1
763:   0.2370  0.3300  0.4330  1
764:   0.2990  0.4220  0.2790  1
765:   0.2210  0.5480  0.2310  1
766:   0.4390  0.2490  0.3120  1
767:   0.5195  0.1812  0.2993  1
768:   0.4560  0.2650  0.2790  1
769:   0.2920  0.5120  0.1960  1
770:   0.1752  0.3614  0.4635  1
771:   0.2192  0.3514  0.4294  1
772:   0.2230  0.4680  0.3090  1
773:   0.5740  0.2220  0.2040  1
774:   0.4575  0.2797  0.2627  1
775:   0.2470  0.5260  0.2270  1
776:   0.2810  0.3820  0.3370  1
777:   0.3290  0.3060  0.3650  1
778:   0.3010  0.3430  0.3560  1
779:   0.3103  0.3063  0.3834  1
780:   0.1940  0.3100  0.4960  1
781:   0.3910  0.3650  0.2440  1

  1:   0.3220  0.2730  0.4050  1
  2:   0.3660  0.2730  0.3610  1
  3:   0.2670  0.4270  0.3060  1
  4:   0.2570  0.3470  0.3960  1
  5:   0.5025  0.2152  0.2823  1
  6:   0.3463  0.3003  0.3534  1
  7:   0.3397  0.3766  0.2837  1
  8:   0.3010  0.3760  0.3230  1
  9:   0.2462  0.3504  0.4034  1
 10:   0.1900  0.4560  0.3540  1
 11:   0.3800  0.3500  0.2700  1
 12:   0.2840  0.4150  0.3010  1
 13:   0.2630  0.4190  0.3180  1
 14:   0.3320  0.2610  0.4070  1
 15:   0.6110  0.1790  0.2100  1
 16:   0.3120  0.3530  0.3350  1
 17:   0.2833  0.3844  0.3323  1
 18:   0.3453  0.2052  0.4494  1
 19:   0.2810  0.2570  0.4620  1
 20:   0.2040  0.4450  0.3510  1
 21:   0.3087  0.3007  0.3906  1
 22:   0.2800  0.2840  0.4360  1
 23:   0.4570  0.3040  0.2390  1
 24:   0.2400  0.4810  0.2790  1
 25:   0.3380  0.2570  0.4050  1
 26:   0.3514  0.2963  0.3524  1
 27:   0.3090  0.3720  0.3190  1
 28:   0.4170  0.3320  0.2510  1
 29:   0.3263  0.2513  0.4224  1
 30:   0.2660  0.3710  0.3630  1
 31:   0.2550  0.4300  0.3150  1
 32:   0.5220  0.2180  0.2600  1
 33:   0.4440  0.2660  0.2900  1
 34:   0.3483  0.2863  0.3654  1
 35:   0.3530  0.2930  0.3540  1
 36:   0.4290  0.2440  0.3270  1
 37:   0.3920  0.3050  0.3030  1
 38:   0.3010  0.3300  0.3690  1
 39:   0.3410  0.3210  0.3380  1
 40:   0.3620  0.2310  0.4070  1
 41:   0.2320  0.4400  0.3280  1
 42:   0.4635  0.3067  0.2298  1
 43:   0.2350  0.2740  0.4910  1
 44:   0.2913  0.3624  0.3463  1
 45:   0.4630  0.2820  0.2550  1
 46:   0.3780  0.2910  0.3310  1
 47:   0.2240  0.3240  0.4520  1
 48:   0.6100  0.1710  0.2190  1
 49:   0.1630  0.4690  0.3680  1
 50:   0.3147  0.3267  0.3586  1
 51:   0.2510  0.3280  0.4210  1
 52:   0.2240  0.4740  0.3020  1
 53:   0.2840  0.2990  0.4170  1
 54:   0.3087  0.3467  0.3447  1
 55:   0.4940  0.1980  0.3080  1
 56:   0.5540  0.2150  0.2310  1
 57:   0.2640  0.3810  0.3550  1
 58:   0.6440  0.1400  0.2160  1
 59:   0.4446  0.2677  0.2877  1
 60:   0.2970  0.3640  0.3390  1
 61:   0.2540  0.3670  0.3790  1
 62:   0.3430  0.3370  0.3200  1
 63:   0.2790  0.4320  0.2890  1
 64:   0.2320  0.3490  0.4190  1
 65:   0.2930  0.3220  0.3850  1
 66:   0.2640  0.3860  0.3500  1
 67:   0.2160  0.4960  0.2880  1
 68:   0.3290  0.3650  0.3060  1
 69:   0.2680  0.3960  0.3360  1
 70:   0.3974  0.2893  0.3133  1
 71:   0.2920  0.3590  0.3490  1
 72:   0.2680  0.4300  0.3020  1
 73:   0.4140  0.2600  0.3260  1
 74:   0.2560  0.3570  0.3870  1
 75:   0.3080  0.3980  0.2940  1
 76:   0.2610  0.3640  0.3750  1
 77:   0.3966  0.3217  0.2817  1
 78:   0.2200  0.3580  0.4220  1
 79:   0.3910  0.3540  0.2550  1
 80:   0.2890  0.4220  0.2890  1
 81:   0.1802  0.5055  0.3143  1
 82:   0.4180  0.2980  0.2840  1
 83:   0.2150  0.5090  0.2760  1
 84:   0.3410  0.3390  0.3200  1
 85:   0.4056  0.3227  0.2717  1
 86:   0.4304  0.2553  0.3143  1
 87:   0.1932  0.4925  0.3143  1
 88:   0.4460  0.2550  0.2990  1
 89:   0.2560  0.3390  0.4050  1
 90:   0.3540  0.2900  0.3560  1
 91:   0.3470  0.3460  0.3070  1
 92:   0.4036  0.3067  0.2897  1
 93:   0.2282  0.4755  0.2963  1
 94:   0.2150  0.3010  0.4840  1
 95:   0.3790  0.2800  0.3410  1
 96:   0.3130  0.3610  0.3260  1
 97:   0.2587  0.4515  0.2897  1
 98:   0.2770  0.4200  0.3030  1
 99:   0.2370  0.4530  0.3100  1
100:   0.3170  0.3960  0.2870  1
101:   0.2630  0.3890  0.3480  1
102:   0.4910  0.2360  0.2730  1
103:   0.4590  0.2330  0.3080  1
104:   0.3330  0.3790  0.2880  1
105:   0.2900  0.3900  0.3200  1
106:   0.2980  0.3520  0.3500  1
107:   0.3470  0.3180  0.3350  1
108:   0.3810  0.3600  0.2590  1
109:   0.2880  0.3940  0.3180  1
110:   0.2500  0.3350  0.4150  1
111:   0.3520  0.2580  0.3900  1
112:   0.3353  0.2803  0.3844  1
113:   0.3884  0.2673  0.3443  1
114:   0.2887  0.3037  0.4076  1
115:   0.3353  0.3634  0.3013  1
116:   0.3600  0.2960  0.3440  1
117:   0.5640  0.1940  0.2420  1
118:   0.2590  0.3940  0.3470  1
119:   0.4965  0.2082  0.2953  1
120:   0.5430  0.1950  0.2620  1
121:   0.2690  0.4100  0.3210  1
122:   0.1770  0.5040  0.3190  1
123:   0.5055  0.2278  0.2667  1
124:   0.2510  0.3970  0.3520  1
125:   0.5250  0.2610  0.2140  1
126:   0.2950  0.2620  0.4430  1
127:   0.3670  0.3140  0.3190  1
128:   0.4490  0.2670  0.2840  1
129:   0.2733  0.4154  0.3113  1
130:   0.2140  0.3590  0.4270  1
131:   0.2560  0.3590  0.3850  1
132:   0.5716  0.1722  0.2563  1
133:   0.3844  0.2442  0.3714  1
134:   0.3420  0.2840  0.3740  1
135:   0.1840  0.3440  0.4720  1
136:   0.4000  0.2830  0.3170  1
137:   0.3030  0.2790  0.4180  1
138:   0.4150  0.2310  0.3540  1
139:   0.4310  0.2670  0.3020  1
140:   0.2340  0.4310  0.3350  1
141:   0.3340  0.3210  0.3450  1
142:   0.5400  0.2100  0.2500  1
143:   0.2550  0.3880  0.3570  1
144:   0.3380  0.3400  0.3220  1
145:   0.3874  0.2292  0.3834  1
146:   0.2290  0.3630  0.4080  1
147:   0.3323  0.3213  0.3463  1
148:   0.2780  0.4010  0.3210  1
149:   0.5065  0.2567  0.2368  1
150:   0.1920  0.4000  0.4080  1
151:   0.2182  0.4344  0.3473  1
152:   0.2900  0.3360  0.3740  1
153:   0.2810  0.4260  0.2930  1
154:   0.3660  0.3350  0.2990  1
155:   0.5700  0.2180  0.2120  1
156:   0.2800  0.4210  0.2990  1
157:   0.3640  0.2510  0.3850  1
158:   0.3293  0.2783  0.3924  1
159:   0.4585  0.3017  0.2398  1
160:   0.4466  0.2408  0.3127  1
161:   0.3710  0.2020  0.4270  1
162:   0.3310  0.3280  0.3410  1
163:   0.3030  0.3430  0.3540  1
164:   0.5410  0.2600  0.1990  1
165:   0.3140  0.3360  0.3500  1
166:   0.3160  0.3200  0.3640  1
167:   0.6094  0.1638  0.2268  1
168:   0.3390  0.3590  0.3020  1
169:   0.2720  0.3340  0.3940  1
170:   0.1940  0.4570  0.3490  1
171:   0.3940  0.3230  0.2830  1
172:   0.2550  0.3890  0.3560  1
173:   0.4505  0.2428  0.3067  1
174:   0.3200  0.3410  0.3390  1
175:   0.2250  0.3670  0.4080  1
176:   0.2140  0.3810  0.4050  1
177:   0.2220  0.5280  0.2500  1
178:   0.3000  0.3500  0.3500  1
179:   0.4030  0.2830  0.3140  1
180:   0.2452  0.4254  0.3293  1
181:   0.4940  0.2360  0.2700  1
182:   0.2630  0.5240  0.2130  1
183:   0.2853  0.2472  0.4675  1
184:   0.2893  0.3614  0.3493  1
185:   0.3710  0.2640  0.3650  1
186:   0.3550  0.3120  0.3330  1
187:   0.2697  0.3137  0.4166  1
188:   0.4775  0.2368  0.2857  1
189:   0.2537  0.3497  0.3966  1
190:   0.2760  0.4160  0.3080  1
191:   0.3440  0.2410  0.4150  1
192:   0.3130  0.3180  0.3690  1
193:   0.3153  0.3153  0.3694  1
194:   0.4620  0.2370  0.3010  1
195:   0.2563  0.4084  0.3353  1
196:   0.2947  0.2847  0.4206  1
197:   0.4795  0.2468  0.2737  1
198:   0.3280  0.2900  0.3820  1
199:   0.3060  0.4210  0.2730  1
200:   0.4210  0.2620  0.3170  1
201:   0.2220  0.5000  0.2780  1
202:   0.3157  0.3387  0.3457  1
203:   0.3290  0.3900  0.2810  1
204:   0.2510  0.4350  0.3140  1
205:   0.2840  0.3820  0.3340  1
206:   0.2690  0.4030  0.3280  1
207:   0.3870  0.2860  0.3270  1
208:   0.2290  0.4080  0.3630  1
209:   0.3470  0.3150  0.3380  1
210:   0.2720  0.3690  0.3590  1
211:   0.1880  0.4370  0.3750  1
212:   0.3340  0.2440  0.4220  1
213:   0.4134  0.2813  0.3053  1
214:   0.2148  0.3876  0.3976  1
215:   0.4170  0.2680  0.3150  1
216:   0.3470  0.3520  0.3010  1
217:   0.3600  0.2370  0.4030  1
218:   0.5170  0.2190  0.2640  1
219:   0.2693  0.4014  0.3293  1
220:   0.3190  0.3220  0.3590  1
221:   0.2830  0.4420  0.2750  1
222:   0.3700  0.2660  0.3640  1
223:   0.4290  0.2470  0.3240  1
224:   0.2777  0.4036  0.3187  1
225:   0.2170  0.4150  0.3680  1
226:   0.3580  0.2990  0.3430  1
227:   0.3280  0.3970  0.2750  1
228:   0.3596  0.3297  0.3107  1
229:   0.3140  0.3360  0.3500  1
230:   0.2880  0.3120  0.4000  1
231:   0.3037  0.3187  0.3776  1
232:   0.3790  0.3320  0.2890  1
233:   0.2470  0.2920  0.4610  1
234:   0.3420  0.2940  0.3640  1
235:   0.2710  0.3640  0.3650  1
236:   0.4464  0.2613  0.2923  1
237:   0.3283  0.3564  0.3153  1
238:   0.2710  0.3010  0.4280  1
239:   0.2540  0.4360  0.3100  1
240:   0.3260  0.3380  0.3360  1
241:   0.2660  0.4280  0.3060  1
242:   0.3210  0.3670  0.3120  1
243:   0.4294  0.2893  0.2813  1
244:   0.2422  0.3994  0.3584  1
245:   0.3460  0.3600  0.2940  1
246:   0.4590  0.2820  0.2590  1
247:   0.2660  0.3640  0.3700  1
248:   0.2560  0.2830  0.4610  1
249:   0.2660  0.3780  0.3560  1
250:   0.5195  0.2242  0.2563  1
251:   0.3840  0.2610  0.3550  1
252:   0.2360  0.4160  0.3480  1
253:   0.3660  0.3880  0.2460  1
254:   0.3030  0.2790  0.4180  1
255:   0.2930  0.4250  0.2820  1
256:   0.4540  0.2520  0.2940  1
257:   0.2877  0.4116  0.3007  1
258:   0.3310  0.3580  0.3110  1
259:   0.2380  0.4290  0.3330  1
260:   0.3660  0.4020  0.2320  1
261:   0.2620  0.3750  0.3630  1
262:   0.3300  0.3510  0.3190  1
263:   0.2250  0.3370  0.4380  1
264:   0.3227  0.3566  0.3207  1
265:   0.2328  0.3327  0.4346  1
266:   0.3940  0.2860  0.3200  1
267:   0.2553  0.3514  0.3934  1
268:   0.2450  0.2890  0.4660  1
269:   0.1978  0.5005  0.3017  1
270:   0.2160  0.3970  0.3870  1
271:   0.3320  0.2910  0.3770  1
272:   0.2422  0.4064  0.3514  1
273:   0.3200  0.3260  0.3540  1
274:   0.2110  0.3510  0.4380  1
275:   0.2220  0.4540  0.3240  1
276:   0.4910  0.2700  0.2390  1
277:   0.2330  0.5290  0.2380  1
278:   0.1560  0.5730  0.2710  1
279:   0.4530  0.2550  0.2920  1
280:   0.4226  0.2877  0.2897  1
281:   0.1960  0.3730  0.4310  1
282:   0.2690  0.4140  0.3170  1
283:   0.4300  0.2850  0.2850  1
284:   0.3360  0.4040  0.2600  1
285:   0.3387  0.2997  0.3616  1
286:   0.2322  0.3914  0.3764  1
287:   0.5120  0.2380  0.2500  1
288:   0.2300  0.5050  0.2650  1
289:   0.3440  0.3210  0.3350  1
290:   0.2980  0.2790  0.4230  1
291:   0.4070  0.2050  0.3880  1
292:   0.3770  0.3270  0.2960  1
293:   0.3100  0.3220  0.3680  1
294:   0.2810  0.4040  0.3150  1
295:   0.6690  0.1630  0.1680  1
296:   0.3500  0.3940  0.2560  1
297:   0.2790  0.3820  0.3390  1
298:   0.4030  0.3090  0.2880  1
299:   0.6210  0.1910  0.1880  1
300:   0.3220  0.3560  0.3220  1
301:   0.4066  0.3027  0.2907  1
302:   0.5770  0.1650  0.2580  1
303:   0.2412  0.3263  0.4324  1
304:   0.3187  0.3756  0.3057  1
305:   0.3706  0.2767  0.3526  1
306:   0.4580  0.3140  0.2280  1
307:   0.3230  0.3720  0.3050  1
308:   0.3320  0.3310  0.3370  1
309:   0.2250  0.4640  0.3110  1
310:   0.2240  0.3710  0.4050  1
311:   0.3560  0.4030  0.2410  1
312:   0.2200  0.4450  0.3350  1
313:   0.3390  0.3540  0.3070  1
314:   0.3860  0.3220  0.2920  1
315:   0.4090  0.3560  0.2350  1
316:   0.3050  0.3600  0.3350  1
317:   0.2220  0.4540  0.3240  1
318:   0.1960  0.3830  0.4210  1
319:   0.3860  0.2470  0.3670  1
320:   0.5040  0.2890  0.2070  1
321:   0.2983  0.2623  0.4394  1
322:   0.2897  0.3207  0.3896  1
323:   0.3504  0.3804  0.2693  1
324:   0.2258  0.3506  0.4236  1
325:   0.2870  0.3310  0.3820  1
326:   0.2420  0.4920  0.2660  1
327:   0.3273  0.3473  0.3253  1
328:   0.3107  0.3277  0.3616  1
329:   0.2947  0.4166  0.2887  1
330:   0.2590  0.3930  0.3480  1
331:   0.2790  0.3840  0.3370  1
332:   0.2090  0.4510  0.3400  1
333:   0.2703  0.4364  0.2933  1
334:   0.2352  0.4064  0.3584  1
335:   0.3420  0.3720  0.2860  1
336:   0.3257  0.3656  0.3087  1
337:   0.3127  0.3217  0.3656  1
338:   0.2760  0.4600  0.2640  1
339:   0.4220  0.2910  0.2870  1
340:   0.2583  0.3473  0.3944  1
341:   0.4880  0.2280  0.2840  1
342:   0.2610  0.4360  0.3030  1
343:   0.2270  0.5400  0.2330  1
344:   0.2330  0.4320  0.3350  1
345:   0.2530  0.4940  0.2530  1
346:   0.3680  0.2940  0.3380  1
347:   0.3437  0.2987  0.3576  1
348:   0.4086  0.2887  0.3027  1
349:   0.3173  0.3784  0.3043  1
350:   0.3440  0.2860  0.3700  1
351:   0.3750  0.2640  0.3610  1
352:   0.3500  0.3360  0.3140  1
353:   0.4805  0.2687  0.2507  1
354:   0.2820  0.4560  0.2620  1
355:   0.2540  0.3920  0.3540  1
356:   0.3614  0.3534  0.2853  1
357:   0.3410  0.3130  0.3460  1
358:   0.3353  0.3734  0.2913  1
359:   0.5345  0.2228  0.2428  1
360:   0.3700  0.2600  0.3700  1
361:   0.4440  0.2970  0.2590  1
362:   0.2910  0.3330  0.3760  1
363:   0.2308  0.3606  0.4086  1
364:   0.2550  0.4570  0.2880  1
365:   0.3720  0.3010  0.3270  1
366:   0.4615  0.2797  0.2587  1
367:   0.3500  0.3030  0.3470  1
368:   0.3676  0.2537  0.3786  1
369:   0.4494  0.2993  0.2513  1
370:   0.4324  0.2923  0.2753  1
371:   0.4220  0.3690  0.2090  1
372:   0.4590  0.2570  0.2840  1
373:   0.3850  0.3080  0.3070  1
374:   0.3163  0.2723  0.4114  1
375:   0.2740  0.3960  0.3300  1
376:   0.3417  0.2817  0.3766  1
377:   0.4060  0.1920  0.4020  1
378:   0.3070  0.2510  0.4420  1
379:   0.5485  0.1912  0.2603  1
380:   0.4450  0.2020  0.3530  1
381:   0.3480  0.3400  0.3120  1
382:   0.3140  0.3900  0.2960  1
383:   0.3594  0.3914  0.2492  1
384:   0.3990  0.2460  0.3550  1
385:   0.2002  0.4525  0.3473  1
386:   0.6406  0.1542  0.2052  1
387:   0.3220  0.2870  0.3910  1
388:   0.4890  0.2080  0.3030  1
389:   0.3150  0.4100  0.2750  1
390:   0.2760  0.3990  0.3250  1
391:   0.4905  0.2342  0.2753  1
392:   0.3390  0.4140  0.2470  1
393:   0.4394  0.2192  0.3413  1
394:   0.1690  0.4840  0.3470  1
395:   0.3080  0.3910  0.3010  1
396:   0.2340  0.4060  0.3600  1
397:   0.1980  0.4920  0.3100  1
398:   0.3760  0.3260  0.2980  1
399:   0.4130  0.2780  0.3090  1
400:   0.4650  0.2800  0.2550  1
401:   0.3353  0.2763  0.3884  1
402:   0.3047  0.3407  0.3546  1
403:   0.1740  0.4750  0.3510  1
404:   0.3020  0.4160  0.2820  1
405:   0.2440  0.3670  0.3890  1
406:   0.3040  0.3640  0.3320  1
407:   0.5130  0.1910  0.2960  1
408:   0.3070  0.2950  0.3980  1
409:   0.3330  0.3380  0.3290  1
410:   0.3000  0.3750  0.3250  1
411:   0.1900  0.4430  0.3670  1
412:   0.3644  0.2462  0.3894  1
413:   0.1810  0.4900  0.3290  1
414:   0.3850  0.2270  0.3880  1
415:   0.3860  0.2270  0.3870  1
416:   0.2018  0.3127  0.4855  1
417:   0.3450  0.3080  0.3470  1
418:   0.3190  0.2760  0.4050  1
419:   0.3200  0.3550  0.3250  1
420:   0.2020  0.3320  0.4660  1
421:   0.2360  0.4030  0.3610  1
422:   0.2803  0.3824  0.3373  1
423:   0.2530  0.3070  0.4400  1
424:   0.2120  0.4100  0.3780  1
425:   0.3570  0.2580  0.3850  1
426:   0.4550  0.2330  0.3120  1
427:   0.3974  0.2773  0.3253  1
428:   0.3330  0.2970  0.3700  1
429:   0.4850  0.2850  0.2300  1
430:   0.3070  0.2780  0.4150  1
431:   0.2228  0.3816  0.3956  1
