           1  1 0.2096 0.1792 0.1957 0.2069 0.2087 
           2  1 0.2167 0.1663 0.1978 0.2142 0.2050 
           3  1 0.1990 0.2008 0.1895 0.2041 0.2067 
           4  1 0.1826 0.2444 0.2082 0.1789 0.1860 
           5  1 0.2003 0.1896 0.1991 0.2052 0.2058 
           6  1 0.2040 0.1893 0.2053 0.1999 0.2015 
           7  1 0.2023 0.1896 0.2033 0.2023 0.2024 
           8  1 0.2086 0.1849 0.2002 0.2044 0.2019 
           9  1 0.1862 0.2372 0.1985 0.1876 0.1904 
          10  1 0.1902 0.2106 0.2037 0.1964 0.1991 
          11  1 0.2127 0.1684 0.1896 0.2129 0.2165 
          12  1 0.1885 0.2393 0.1947 0.1886 0.1889 
          13  1 0.1788 0.2613 0.1938 0.1786 0.1875 
          14  1 0.1887 0.2278 0.2072 0.1823 0.1939 
          15  1 0.2074 0.1969 0.1888 0.2056 0.2013 
          16  1 0.2029 0.2008 0.1960 0.2002 0.2001 
          17  1 0.1888 0.2134 0.2078 0.1934 0.1966 
          18  1 0.1931 0.2000 0.2016 0.1988 0.2065 
          19  1 0.1976 0.1998 0.2037 0.1978 0.2010 
          20  1 0.1935 0.2093 0.2019 0.1954 0.1999 
          21  1 0.2022 0.1782 0.2028 0.2111 0.2057 
          22  1 0.1905 0.2197 0.2030 0.1954 0.1915 
          23  1 0.2019 0.1819 0.2084 0.2031 0.2048 
          24  1 0.1999 0.2017 0.2083 0.1928 0.1973 
          25  1 0.2003 0.1986 0.2028 0.1985 0.1998 
          26  1 0.1975 0.2005 0.2017 0.2029 0.1975 
          27  1 0.1930 0.2076 0.2076 0.1944 0.1975 
          28  1 0.1997 0.1969 0.1999 0.2056 0.1979 
          29  1 0.1967 0.1977 0.1973 0.2063 0.2020 
          30  1 0.1967 0.2074 0.1964 0.2025 0.1970 
          31  1 0.2228 0.1664 0.1941 0.2133 0.2034 
          32  1 0.1972 0.2000 0.2063 0.1967 0.1997 
          33  1 0.2076 0.2036 0.1911 0.1971 0.2006 
          34  1 0.2019 0.2000 0.2014 0.1929 0.2038 
          35  1 0.1876 0.2288 0.2080 0.1830 0.1926 
          36  1 0.2083 0.1768 0.1949 0.2110 0.2089 
          37  1 0.2196 0.1625 0.1936 0.2223 0.2020 
          38  1 0.1992 0.2022 0.2036 0.2002 0.1949 
          39  1 0.1956 0.2093 0.1942 0.2021 0.1987 
          40  1 0.2017 0.1867 0.2079 0.1994 0.2043 
          41  1 0.1998 0.1944 0.2077 0.2000 0.1981 
          42  1 0.1870 0.2345 0.1978 0.1854 0.1953 
          43  1 0.1907 0.2181 0.2000 0.1935 0.1976 
          44  1 0.2023 0.1847 0.1951 0.2096 0.2082 
          45  1 0.2077 0.1850 0.1977 0.1991 0.2104 
          46  1 0.1919 0.2127 0.2006 0.1993 0.1955 
          47  1 0.2099 0.1705 0.2033 0.2197 0.1967 
          48  1 0.2035 0.1912 0.1909 0.2114 0.2031 
          49  1 0.1871 0.2204 0.2024 0.1945 0.1957 
          50  1 0.2112 0.1721 0.1946 0.2109 0.2113 
          51  1 0.1813 0.2590 0.1963 0.1806 0.1828 
          52  1 0.1993 0.1962 0.1979 0.2023 0.2043 
          53  1 0.1942 0.1982 0.2155 0.1942 0.1979 
          54  1 0.1990 0.1840 0.2063 0.2098 0.2010 
          55  1 0.2017 0.2022 0.2002 0.1973 0.1986 
          56  1 0.2006 0.1910 0.2109 0.1975 0.2000 
          57  1 0.2037 0.1788 0.2046 0.2091 0.2039 
          58  1 0.2005 0.1965 0.2084 0.1920 0.2026 
          59  1 0.2045 0.1841 0.2004 0.2077 0.2033 
          60  1 0.2052 0.1795 0.1969 0.2085 0.2100 
          61  1 0.1933 0.2132 0.2017 0.1954 0.1964 
          62  1 0.2056 0.2016 0.1969 0.1978 0.1981 
          63  1 0.2044 0.1985 0.1997 0.2024 0.1950 
          64  1 0.2151 0.1623 0.1898 0.2146 0.2181 
          65  1 0.2010 0.2014 0.1968 0.2035 0.1973 
          66  1 0.2032 0.1996 0.1998 0.2009 0.1965 
          67  1 0.1890 0.2127 0.2010 0.1975 0.1999 
          68  1 0.2004 0.1927 0.1930 0.2103 0.2036 
          69  1 0.2025 0.2041 0.1990 0.1989 0.1954 
          70  1 0.2049 0.1907 0.1987 0.2040 0.2017 
          71  1 0.2051 0.1789 0.1967 0.2113 0.2080 
          72  1 0.1946 0.2132 0.1947 0.1968 0.2007 
          73  1 0.2054 0.1831 0.2021 0.2054 0.2040 
          74  1 0.2105 0.1905 0.1899 0.2063 0.2029 
          75  1 0.2022 0.1986 0.1990 0.1964 0.2037 
          76  1 0.2059 0.1794 0.2002 0.2037 0.2108 
          77  1 0.2021 0.1932 0.1999 0.2055 0.1994 
          78  1 0.2088 0.1732 0.1968 0.2162 0.2049 
          79  1 0.1920 0.2036 0.2008 0.2027 0.2009 
          80  1 0.1814 0.2499 0.2021 0.1789 0.1876 
          81  1 0.1995 0.1873 0.2020 0.2014 0.2099 
          82  1 0.2175 0.1683 0.1994 0.2115 0.2033 
          83  1 0.2095 0.1827 0.2007 0.1985 0.2086 
          84  1 0.1908 0.2074 0.2114 0.1929 0.1975 
          85  1 0.2060 0.1763 0.1984 0.2160 0.2033 
          86  1 0.1990 0.1923 0.2002 0.2021 0.2064 
          87  1 0.2042 0.1874 0.1993 0.2027 0.2064 
          88  1 0.1907 0.2114 0.2096 0.1953 0.1930 
          89  1 0.1987 0.2134 0.1948 0.1930 0.2000 
          90  1 0.2000 0.2062 0.2039 0.1948 0.1951 
          91  1 0.2030 0.1824 0.1974 0.2126 0.2046 
          92  1 0.2021 0.1931 0.1983 0.2050 0.2015 
          93  1 0.2041 0.1938 0.1978 0.1993 0.2050 
          94  1 0.2146 0.1792 0.1936 0.2037 0.2090 
          95  1 0.2075 0.1859 0.1997 0.2068 0.2001 
          96  1 0.1884 0.2209 0.2032 0.1899 0.1977 
          97  1 0.1865 0.2138 0.2055 0.1964 0.1978 
          98  1 0.1935 0.2117 0.2029 0.1942 0.1977 
          99  1 0.1991 0.2013 0.2049 0.1956 0.1991 
         100  1 0.1989 0.1894 0.2069 0.2052 0.1996 
         101  1 0.2034 0.1931 0.2042 0.1989 0.2004 
         102  1 0.2097 0.1795 0.2014 0.2056 0.2039 
         103  1 0.1890 0.2366 0.1968 0.1945 0.1830 
         104  1 0.2014 0.1921 0.1988 0.2074 0.2002 
         105  1 0.2120 0.1678 0.1917 0.2192 0.2093 
         106  1 0.2002 0.2054 0.1993 0.1987 0.1965 
         107  1 0.1929 0.2230 0.1937 0.1924 0.1981 
         108  1 0.1985 0.1946 0.2062 0.1994 0.2014 
         109  1 0.1878 0.2252 0.2004 0.1925 0.1941 
         110  1 0.2053 0.1941 0.1954 0.2054 0.1998 
         111  1 0.2002 0.2017 0.1962 0.2034 0.1985 
         112  1 0.1936 0.2051 0.2033 0.2013 0.1968 
         113  1 0.1812 0.2586 0.1929 0.1870 0.1803 
         114  1 0.1988 0.2019 0.1985 0.2061 0.1947 
         115  1 0.1905 0.2247 0.1981 0.1936 0.1930 
         116  1 0.1913 0.2044 0.2066 0.2005 0.1973 
         117  1 0.2046 0.1875 0.2006 0.2079 0.1994 
         118  1 0.2102 0.1790 0.1921 0.2140 0.2047 
         119  1 0.2011 0.1805 0.2094 0.2045 0.2044 
         120  1 0.1911 0.2060 0.2103 0.1923 0.2002 
         121  1 0.1914 0.2252 0.2051 0.1884 0.1899 
         122  1 0.2097 0.1936 0.2016 0.1979 0.1972 
         123  1 0.2027 0.1894 0.1974 0.2038 0.2067 
         124  1 0.2054 0.2049 0.1921 0.1996 0.1980 
         125  1 0.2046 0.1810 0.2021 0.2079 0.2045 
         126  1 0.2041 0.1917 0.2031 0.1976 0.2035 
         127  1 0.2052 0.1960 0.2009 0.2018 0.1962 
         128  1 0.1850 0.2279 0.2071 0.1932 0.1868 
         129  1 0.1910 0.2235 0.1990 0.1977 0.1888 
         130  1 0.2023 0.1978 0.1992 0.1952 0.2054 
         131  1 0.2043 0.1765 0.2012 0.2118 0.2062 
         132  1 0.2055 0.1874 0.1974 0.2075 0.2022 
         133  1 0.2139 0.1752 0.1951 0.2068 0.2090 
         134  1 0.2105 0.1884 0.2004 0.2003 0.2004 
         135  1 0.1991 0.2003 0.2008 0.2044 0.1955 
         136  1 0.2000 0.1996 0.2014 0.1998 0.1992 
         137  1 0.2002 0.1990 0.1940 0.2001 0.2067 
         138  1 0.1879 0.2354 0.2009 0.1868 0.1890 
         139  1 0.2069 0.1880 0.1994 0.2056 0.2001 
         140  1 0.2094 0.1833 0.2005 0.2053 0.2014 
         141  1 0.2006 0.1976 0.2037 0.1934 0.2047 
         142  1 0.2089 0.1841 0.1998 0.2043 0.2029 
         143  1 0.1926 0.2196 0.2066 0.1839 0.1973 
         144  1 0.2130 0.1851 0.1944 0.2075 0.2000 
         145  1 0.1959 0.2181 0.1997 0.1899 0.1965 
         146  1 0.1968 0.1909 0.2129 0.1971 0.2023 
         147  1 0.1953 0.1962 0.2060 0.2029 0.1997 
         148  1 0.1903 0.2285 0.2002 0.1926 0.1884 
         149  1 0.2006 0.1990 0.2048 0.1996 0.1960 
         150  1 0.2001 0.1972 0.1974 0.2001 0.2052 
         151  1 0.1992 0.1937 0.1961 0.2063 0.2047 
         152  1 0.2034 0.1835 0.2018 0.2092 0.2020 
         153  1 0.1985 0.1903 0.2047 0.2030 0.2036 
         154  1 0.1926 0.2093 0.2020 0.1980 0.1981 
         155  1 0.1975 0.2161 0.1997 0.1934 0.1933 
         156  1 0.2186 0.1706 0.1935 0.2137 0.2037 
         157  1 0.2146 0.1737 0.1958 0.2060 0.2099 
         158  1 0.1948 0.1949 0.2013 0.2047 0.2044 
         159  1 0.2077 0.1897 0.2013 0.1959 0.2054 
         160  1 0.2021 0.1928 0.2043 0.2014 0.1993 
         161  1 0.1867 0.2223 0.2086 0.1868 0.1956 
         162  1 0.1326 0.4310 0.1698 0.1313 0.1353 
         163  1 0.2144 0.1653 0.1918 0.2224 0.2061 
         164  1 0.1945 0.2010 0.2050 0.2002 0.1992 
         165  1 0.2053 0.1775 0.1973 0.2138 0.2061 
         166  1 0.2029 0.1944 0.1970 0.2023 0.2034 
         167  1 0.1804 0.2488 0.2026 0.1818 0.1864 
         168  1 0.1960 0.2052 0.2079 0.1958 0.1951 
         169  1 0.2157 0.1791 0.1995 0.1993 0.2064 
         170  1 0.1973 0.2172 0.2058 0.1878 0.1919 
         171  1 0.2176 0.1865 0.1907 0.2036 0.2016 
         172  1 0.2024 0.1963 0.1996 0.1996 0.2021 
         173  1 0.2118 0.1836 0.1996 0.2012 0.2037 
         174  1 0.1912 0.2181 0.2065 0.1859 0.1982 
         175  1 0.1923 0.2293 0.1964 0.1908 0.1912 
         176  1 0.2129 0.1777 0.1882 0.2056 0.2156 
         177  1 0.2117 0.1677 0.1937 0.2195 0.2073 
         178  1 0.2137 0.1733 0.1951 0.2121 0.2059 
         179  1 0.1965 0.2054 0.2017 0.1935 0.2028 
         180  1 0.1909 0.2110 0.2021 0.1954 0.2007 
         181  1 0.2086 0.1855 0.1997 0.1981 0.2081 
         182  1 0.1957 0.2086 0.2080 0.1926 0.1951 
         183  1 0.1989 0.1933 0.2031 0.1985 0.2062 
         184  1 0.2051 0.1947 0.2035 0.2051 0.1916 
         185  1 0.2087 0.1896 0.1952 0.2038 0.2027 
         186  1 0.2039 0.1911 0.2001 0.2071 0.1979 
         187  1 0.2139 0.1803 0.1953 0.2023 0.2081 
         188  1 0.2148 0.1811 0.1936 0.2121 0.1984 
         189  1 0.2015 0.1985 0.2012 0.1967 0.2020 
         190  1 0.1957 0.2043 0.2077 0.1956 0.1967 
         191  1 0.1945 0.2069 0.2074 0.1975 0.1937 
         192  1 0.2011 0.1986 0.2010 0.1986 0.2007 
         193  1 0.2030 0.1957 0.1934 0.1969 0.2110 
         194  1 0.1930 0.2157 0.1991 0.1959 0.1963 
         195  1 0.1948 0.2004 0.2178 0.1878 0.1992 
         196  1 0.1826 0.2375 0.2056 0.1864 0.1879 
         197  1 0.2025 0.1899 0.2027 0.2013 0.2037 
         198  1 0.1992 0.2031 0.1959 0.1974 0.2045 
         199  1 0.2021 0.1807 0.2054 0.2035 0.2083 
         200  1 0.2109 0.1789 0.2021 0.2028 0.2053 
         201  1 0.1884 0.2245 0.2003 0.1967 0.1901 
         202  1 0.2161 0.1819 0.1943 0.2058 0.2017 
         203  1 0.2009 0.1966 0.2067 0.1952 0.2006 
         204  1 0.1990 0.1946 0.2025 0.2012 0.2027 
         205  1 0.1962 0.2054 0.2013 0.1926 0.2045 
         206  1 0.1982 0.1948 0.2062 0.2021 0.1987 
         207  1 0.1950 0.2016 0.1981 0.2013 0.2039 
         208  1 0.2048 0.1878 0.2026 0.2034 0.2014 
         209  1 0.1889 0.2209 0.2007 0.2007 0.1889 
         210  1 0.2075 0.1838 0.1962 0.2042 0.2084 
         211  1 0.2076 0.1847 0.1975 0.2080 0.2021 
         212  1 0.1846 0.2289 0.2090 0.1854 0.1920 
         213  1 0.2049 0.1862 0.1969 0.2055 0.2065 
         214  1 0.2051 0.1995 0.1978 0.2057 0.1919 
         215  1 0.2115 0.1951 0.1935 0.1988 0.2012 
         216  1 0.1844 0.2365 0.2034 0.1850 0.1906 
         217  1 0.2136 0.1730 0.1952 0.2080 0.2103 
         218  1 0.2027 0.1931 0.2011 0.2036 0.1995 
         219  1 0.1761 0.2667 0.1908 0.1850 0.1813 
         220  1 0.1981 0.2066 0.2035 0.1925 0.1993 
         221  1 0.2006 0.2092 0.2015 0.1953 0.1935 
         222  1 0.1973 0.1978 0.2012 0.1989 0.2047 
         223  1 0.2036 0.1810 0.2042 0.2070 0.2041 
         224  1 0.2027 0.1927 0.1964 0.2070 0.2012 
         225  1 0.1903 0.2149 0.2063 0.1944 0.1941 
         226  1 0.1819 0.2448 0.1987 0.1834 0.1912 
         227  1 0.1977 0.1986 0.2014 0.2017 0.2006 
         228  1 0.2133 0.1795 0.1951 0.2018 0.2103 
         229  1 0.2050 0.1795 0.1964 0.2131 0.2060 
         230  1 0.1942 0.2151 0.1992 0.1935 0.1980 
         231  1 0.1917 0.2205 0.1968 0.1928 0.1982 
         232  1 0.2133 0.1788 0.1965 0.2043 0.2071 
         233  1 0.1878 0.2099 0.2105 0.1914 0.2004 
         234  1 0.2071 0.1765 0.1958 0.2173 0.2033 
         235  1 0.2103 0.1728 0.1931 0.2077 0.2160 
         236  1 0.1820 0.2322 0.2041 0.1896 0.1920 
         237  1 0.2096 0.1652 0.1970 0.2114 0.2169 
         238  1 0.2108 0.1792 0.1888 0.2142 0.2071 
         239  1 0.2112 0.1742 0.1916 0.2123 0.2108 
         240  1 0.1817 0.2365 0.2037 0.1904 0.1877 
         241  1 0.1889 0.2203 0.2000 0.1955 0.1952 
         242  1 0.2059 0.1701 0.1970 0.2117 0.2154 
         243  1 0.2057 0.1717 0.2005 0.2100 0.2121 
         244  1 0.2018 0.1922 0.2032 0.2010 0.2017 
         245  1 0.1992 0.2066 0.1972 0.1988 0.1982 
         246  1 0.1964 0.2153 0.1966 0.1917 0.2000 
         247  1 0.1940 0.2257 0.1946 0.1950 0.1907 
         248  1 0.2038 0.1963 0.1935 0.2026 0.2039 
         249  1 0.1981 0.2077 0.2009 0.1978 0.1955 
         250  1 0.1943 0.2206 0.1957 0.1976 0.1917 
         251  1 0.1977 0.2080 0.1981 0.1969 0.1994 
         252  1 0.2016 0.1979 0.1997 0.2006 0.2002 
         253  1 0.2048 0.1864 0.2069 0.2084 0.1936 
         254  1 0.2049 0.1931 0.2052 0.1977 0.1992 
         255  1 0.2006 0.2125 0.2003 0.1928 0.1938 
         256  1 0.1907 0.2308 0.2010 0.1878 0.1897 
         257  1 0.2048 0.1918 0.2039 0.2060 0.1935 
         258  1 0.1967 0.2262 0.1967 0.1900 0.1904 
         259  1 0.2025 0.1912 0.1968 0.2003 0.2091 
         260  1 0.1961 0.2105 0.1970 0.1970 0.1994 
         261  1 0.1992 0.1935 0.1970 0.2017 0.2086 
         262  1 0.2214 0.1875 0.1893 0.2047 0.1971 
         263  1 0.2103 0.1840 0.1922 0.2104 0.2031 
         264  1 0.2032 0.1837 0.1902 0.2161 0.2067 
         265  1 0.1980 0.1962 0.2066 0.1941 0.2051 
         266  1 0.1981 0.2042 0.1988 0.1972 0.2016 
         267  1 0.1958 0.1943 0.2062 0.2020 0.2017 
         268  1 0.1968 0.2278 0.1964 0.1854 0.1937 
         269  1 0.1793 0.2422 0.2031 0.1844 0.1910 
         270  1 0.1927 0.2060 0.1973 0.2053 0.1987 
         271  1 0.1996 0.2036 0.2042 0.1961 0.1965 
         272  1 0.1772 0.2535 0.2024 0.1805 0.1864 
         273  1 0.2222 0.1646 0.1920 0.2130 0.2082 
         274  1 0.2122 0.1677 0.1979 0.2102 0.2120 
         275  1 0.2051 0.1815 0.1983 0.2085 0.2066 
         276  1 0.2130 0.1764 0.2021 0.2077 0.2008 
         277  1 0.2119 0.1726 0.1987 0.2122 0.2046 
         278  1 0.2094 0.1705 0.2043 0.2080 0.2078 
         279  1 0.2036 0.1895 0.1906 0.2075 0.2088 
         280  1 0.2017 0.2262 0.1879 0.1885 0.1957 
         281  1 0.2082 0.1789 0.1989 0.2068 0.2073 
         282  1 0.1966 0.2085 0.1958 0.2018 0.1972 
         283  1 0.2121 0.1740 0.2004 0.2064 0.2072 
         284  1 0.2056 0.1961 0.2023 0.1987 0.1973 
         285  1 0.1836 0.2510 0.1990 0.1799 0.1865 
         286  1 0.2010 0.1906 0.1990 0.2029 0.2065 
         287  1 0.1899 0.2225 0.2012 0.1880 0.1984 
         288  1 0.1886 0.2246 0.2001 0.1864 0.2002 
         289  1 0.2002 0.2019 0.1992 0.2034 0.1952 
         290  1 0.2079 0.1807 0.2039 0.2081 0.1993 
         291  1 0.2166 0.1730 0.2031 0.2084 0.1990 
         292  1 0.2072 0.1873 0.1993 0.2049 0.2013 
         293  1 0.1878 0.2288 0.2023 0.1879 0.1932 
         294  1 0.2045 0.1766 0.1966 0.2166 0.2057 
         295  1 0.1949 0.2064 0.2044 0.1990 0.1954 
         296  1 0.1957 0.2206 0.2004 0.1924 0.1909 
         297  1 0.1908 0.2327 0.1990 0.1884 0.1891 
         298  1 0.1767 0.2519 0.1991 0.1877 0.1846 
         299  1 0.2159 0.1718 0.1980 0.2154 0.1989 
         300  1 0.2109 0.1754 0.1955 0.2126 0.2056 
