           1  1 0.1105 0.1072 0.1194 0.1040 0.1110 0.1164 0.1155 0.1130 0.1031 
           2  1 0.1118 0.1053 0.1158 0.0999 0.1101 0.1169 0.1232 0.1162 0.1009 
           3  1 0.1102 0.1116 0.1088 0.1112 0.1138 0.1191 0.1060 0.1081 0.1112 
           4  1 0.1089 0.1192 0.1121 0.1266 0.1065 0.0968 0.1009 0.1023 0.1267 
           5  1 0.1127 0.1103 0.1149 0.1080 0.1139 0.1117 0.1101 0.1097 0.1087 
           6  1 0.1127 0.1104 0.1126 0.1085 0.1112 0.1071 0.1132 0.1164 0.1080 
           7  1 0.1126 0.1089 0.1177 0.1073 0.1093 0.1112 0.1149 0.1108 0.1073 
           8  1 0.1136 0.1085 0.1121 0.1082 0.1070 0.1130 0.1183 0.1119 0.1075 
           9  1 0.1070 0.1184 0.1035 0.1230 0.1135 0.1060 0.1045 0.1026 0.1215 
          10  1 0.1119 0.1130 0.1124 0.1152 0.1132 0.1081 0.1051 0.1051 0.1160 
          11  1 0.1122 0.1058 0.1130 0.0985 0.1148 0.1293 0.1133 0.1145 0.0985 
          12  1 0.1063 0.1146 0.1013 0.1205 0.1080 0.1114 0.1120 0.1045 0.1215 
          13  1 0.1074 0.1218 0.1029 0.1287 0.1116 0.1026 0.0986 0.0982 0.1282 
          14  1 0.1096 0.1177 0.1090 0.1202 0.1075 0.1002 0.1055 0.1080 0.1222 
          15  1 0.1070 0.1089 0.1103 0.1092 0.1101 0.1195 0.1148 0.1114 0.1088 
          16  1 0.1112 0.1113 0.1096 0.1094 0.1100 0.1099 0.1187 0.1112 0.1088 
          17  1 0.1142 0.1142 0.1120 0.1174 0.1099 0.1014 0.1039 0.1099 0.1172 
          18  1 0.1126 0.1093 0.1144 0.1103 0.1126 0.1153 0.1067 0.1089 0.1099 
          19  1 0.1125 0.1119 0.1106 0.1125 0.1117 0.1059 0.1109 0.1118 0.1123 
          20  1 0.1098 0.1128 0.1107 0.1161 0.1090 0.1067 0.1099 0.1090 0.1160 
          21  1 0.1115 0.1071 0.1172 0.1053 0.1133 0.1141 0.1106 0.1157 0.1053 
          22  1 0.1108 0.1158 0.1091 0.1185 0.1100 0.1037 0.1066 0.1073 0.1182 
          23  1 0.1156 0.1076 0.1179 0.1075 0.1120 0.1070 0.1106 0.1148 0.1069 
          24  1 0.1117 0.1120 0.1160 0.1115 0.1099 0.1056 0.1099 0.1114 0.1120 
          25  1 0.1124 0.1126 0.1094 0.1137 0.1120 0.1094 0.1110 0.1072 0.1124 
          26  1 0.1122 0.1107 0.1116 0.1113 0.1087 0.1090 0.1120 0.1144 0.1101 
          27  1 0.1122 0.1124 0.1084 0.1147 0.1098 0.1076 0.1096 0.1107 0.1147 
          28  1 0.1129 0.1109 0.1106 0.1107 0.1103 0.1075 0.1114 0.1152 0.1105 
          29  1 0.1101 0.1107 0.1152 0.1093 0.1127 0.1138 0.1085 0.1099 0.1097 
          30  1 0.1093 0.1120 0.1057 0.1128 0.1083 0.1129 0.1143 0.1119 0.1127 
          31  1 0.1119 0.1003 0.1094 0.0978 0.1050 0.1289 0.1324 0.1165 0.0978 
          32  1 0.1101 0.1136 0.1123 0.1133 0.1136 0.1090 0.1047 0.1100 0.1135 
          33  1 0.1094 0.1133 0.1076 0.1079 0.1107 0.1087 0.1220 0.1124 0.1082 
          34  1 0.1119 0.1104 0.1137 0.1095 0.1102 0.1108 0.1123 0.1128 0.1085 
          35  1 0.1102 0.1156 0.1086 0.1205 0.1091 0.1063 0.1043 0.1045 0.1211 
          36  1 0.1101 0.1086 0.1122 0.1044 0.1139 0.1183 0.1143 0.1141 0.1043 
          37  1 0.1107 0.1006 0.1078 0.0952 0.1068 0.1218 0.1344 0.1267 0.0959 
          38  1 0.1135 0.1106 0.1105 0.1128 0.1093 0.1058 0.1126 0.1136 0.1115 
          39  1 0.1094 0.1106 0.1071 0.1136 0.1091 0.1143 0.1125 0.1106 0.1128 
          40  1 0.1131 0.1106 0.1171 0.1071 0.1135 0.1103 0.1056 0.1150 0.1077 
          41  1 0.1114 0.1117 0.1151 0.1064 0.1143 0.1060 0.1108 0.1168 0.1075 
          42  1 0.1110 0.1164 0.1050 0.1215 0.1116 0.1035 0.1043 0.1044 0.1224 
          43  1 0.1103 0.1133 0.1124 0.1164 0.1109 0.1049 0.1060 0.1099 0.1159 
          44  1 0.1107 0.1097 0.1123 0.1082 0.1135 0.1121 0.1135 0.1126 0.1076 
          45  1 0.1105 0.1090 0.1110 0.1071 0.1127 0.1221 0.1086 0.1119 0.1070 
          46  1 0.1104 0.1127 0.1081 0.1148 0.1113 0.1028 0.1134 0.1106 0.1159 
          47  1 0.1118 0.1064 0.1172 0.1014 0.1127 0.1162 0.1126 0.1199 0.1019 
          48  1 0.1111 0.1075 0.1067 0.1073 0.1135 0.1151 0.1174 0.1140 0.1074 
          49  1 0.1091 0.1168 0.1075 0.1182 0.1142 0.1034 0.1071 0.1051 0.1187 
          50  1 0.1118 0.1082 0.1138 0.1021 0.1128 0.1239 0.1120 0.1131 0.1023 
          51  1 0.1050 0.1208 0.1032 0.1299 0.1065 0.0981 0.1047 0.1021 0.1297 
          52  1 0.1101 0.1117 0.1139 0.1118 0.1134 0.1104 0.1075 0.1085 0.1127 
          53  1 0.1151 0.1114 0.1175 0.1125 0.1089 0.1054 0.1080 0.1097 0.1116 
          54  1 0.1137 0.1073 0.1145 0.1056 0.1125 0.1094 0.1112 0.1195 0.1062 
          55  1 0.1085 0.1104 0.1107 0.1103 0.1098 0.1119 0.1151 0.1131 0.1101 
          56  1 0.1124 0.1094 0.1097 0.1109 0.1096 0.1096 0.1130 0.1134 0.1119 
          57  1 0.1121 0.1077 0.1182 0.1050 0.1148 0.1110 0.1103 0.1154 0.1054 
          58  1 0.1128 0.1103 0.1142 0.1122 0.1085 0.1082 0.1114 0.1107 0.1116 
          59  1 0.1107 0.1081 0.1154 0.1054 0.1121 0.1142 0.1148 0.1132 0.1061 
          60  1 0.1120 0.1051 0.1138 0.1045 0.1124 0.1201 0.1153 0.1130 0.1039 
          61  1 0.1116 0.1147 0.1119 0.1159 0.1102 0.1068 0.1055 0.1073 0.1162 
          62  1 0.1125 0.1110 0.1090 0.1111 0.1087 0.1138 0.1121 0.1100 0.1118 
          63  1 0.1119 0.1100 0.1076 0.1092 0.1105 0.1101 0.1146 0.1167 0.1096 
          64  1 0.1117 0.1038 0.1138 0.0992 0.1154 0.1291 0.1124 0.1155 0.0992 
          65  1 0.1111 0.1101 0.1135 0.1110 0.1104 0.1148 0.1096 0.1087 0.1108 
          66  1 0.1115 0.1103 0.1106 0.1086 0.1076 0.1168 0.1147 0.1111 0.1088 
          67  1 0.1110 0.1146 0.1094 0.1166 0.1132 0.1063 0.1070 0.1054 0.1166 
          68  1 0.1107 0.1108 0.1092 0.1116 0.1155 0.1129 0.1084 0.1099 0.1109 
          69  1 0.1117 0.1108 0.1073 0.1114 0.1065 0.1115 0.1174 0.1116 0.1117 
          70  1 0.1113 0.1068 0.1104 0.1060 0.1131 0.1205 0.1117 0.1135 0.1068 
          71  1 0.1134 0.1069 0.1121 0.1060 0.1112 0.1168 0.1136 0.1147 0.1053 
          72  1 0.1099 0.1129 0.1069 0.1162 0.1102 0.1094 0.1101 0.1086 0.1158 
          73  1 0.1099 0.1090 0.1172 0.1069 0.1140 0.1132 0.1097 0.1142 0.1058 
          74  1 0.1102 0.1075 0.1100 0.1063 0.1080 0.1213 0.1154 0.1147 0.1066 
          75  1 0.1098 0.1131 0.1086 0.1137 0.1145 0.1093 0.1086 0.1086 0.1137 
          76  1 0.1119 0.1065 0.1169 0.1054 0.1121 0.1164 0.1131 0.1126 0.1049 
          77  1 0.1109 0.1068 0.1075 0.1065 0.1081 0.1135 0.1206 0.1201 0.1060 
          78  1 0.1128 0.1046 0.1163 0.1020 0.1113 0.1191 0.1163 0.1163 0.1014 
          79  1 0.1114 0.1124 0.1090 0.1131 0.1159 0.1111 0.1067 0.1072 0.1132 
          80  1 0.1073 0.1197 0.1041 0.1254 0.1093 0.0989 0.1051 0.1035 0.1265 
          81  1 0.1139 0.1094 0.1138 0.1086 0.1147 0.1111 0.1092 0.1111 0.1081 
          82  1 0.1133 0.1060 0.1169 0.0998 0.1105 0.1178 0.1186 0.1177 0.0994 
          83  1 0.1145 0.1094 0.1153 0.1055 0.1152 0.1107 0.1113 0.1122 0.1058 
          84  1 0.1115 0.1137 0.1183 0.1126 0.1098 0.1025 0.1061 0.1127 0.1127 
          85  1 0.1132 0.1071 0.1116 0.1033 0.1114 0.1130 0.1166 0.1197 0.1040 
          86  1 0.1099 0.1097 0.1104 0.1086 0.1142 0.1153 0.1116 0.1125 0.1079 
          87  1 0.1121 0.1095 0.1134 0.1090 0.1142 0.1137 0.1069 0.1126 0.1086 
          88  1 0.1101 0.1143 0.1101 0.1150 0.1104 0.1096 0.1064 0.1097 0.1145 
          89  1 0.1077 0.1128 0.1055 0.1143 0.1108 0.1145 0.1094 0.1105 0.1146 
          90  1 0.1107 0.1130 0.1107 0.1127 0.1098 0.1068 0.1084 0.1150 0.1127 
          91  1 0.1109 0.1083 0.1126 0.1057 0.1163 0.1139 0.1124 0.1142 0.1057 
          92  1 0.1124 0.1098 0.1120 0.1079 0.1121 0.1115 0.1107 0.1163 0.1073 
          93  1 0.1115 0.1118 0.1109 0.1082 0.1131 0.1141 0.1094 0.1125 0.1086 
          94  1 0.1097 0.1091 0.1138 0.1041 0.1129 0.1156 0.1175 0.1131 0.1042 
          95  1 0.1128 0.1067 0.1118 0.1066 0.1100 0.1143 0.1156 0.1155 0.1068 
          96  1 0.1081 0.1160 0.1080 0.1189 0.1125 0.1041 0.1058 0.1068 0.1197 
          97  1 0.1104 0.1145 0.1115 0.1167 0.1141 0.1027 0.1049 0.1080 0.1174 
          98  1 0.1116 0.1149 0.1149 0.1159 0.1112 0.1021 0.1042 0.1093 0.1160 
          99  1 0.1110 0.1143 0.1123 0.1124 0.1123 0.1035 0.1124 0.1097 0.1120 
         100  1 0.1124 0.1124 0.1175 0.1103 0.1132 0.1078 0.1075 0.1094 0.1095 
         101  1 0.1124 0.1083 0.1148 0.1089 0.1095 0.1116 0.1122 0.1139 0.1084 
         102  1 0.1113 0.1066 0.1110 0.1046 0.1083 0.1131 0.1226 0.1192 0.1033 
         103  1 0.1072 0.1162 0.1059 0.1217 0.1055 0.1052 0.1089 0.1069 0.1225 
         104  1 0.1150 0.1098 0.1136 0.1068 0.1119 0.1097 0.1119 0.1143 0.1069 
         105  1 0.1099 0.1032 0.1151 0.0990 0.1135 0.1265 0.1170 0.1167 0.0989 
         106  1 0.1112 0.1112 0.1133 0.1134 0.1096 0.1067 0.1108 0.1107 0.1131 
         107  1 0.1091 0.1145 0.1088 0.1170 0.1139 0.1084 0.1047 0.1066 0.1170 
         108  1 0.1129 0.1114 0.1102 0.1124 0.1110 0.1057 0.1121 0.1122 0.1120 
         109  1 0.1130 0.1148 0.1103 0.1186 0.1087 0.1015 0.1062 0.1082 0.1187 
         110  1 0.1131 0.1105 0.1122 0.1107 0.1111 0.1134 0.1110 0.1077 0.1102 
         111  1 0.1073 0.1102 0.1142 0.1109 0.1102 0.1130 0.1080 0.1143 0.1118 
         112  1 0.1119 0.1130 0.1111 0.1154 0.1117 0.1058 0.1063 0.1102 0.1146 
         113  1 0.1079 0.1197 0.1037 0.1291 0.1093 0.0995 0.0999 0.1015 0.1295 
         114  1 0.1103 0.1121 0.1096 0.1121 0.1108 0.1080 0.1123 0.1127 0.1120 
         115  1 0.1109 0.1160 0.1077 0.1201 0.1110 0.1063 0.1040 0.1054 0.1186 
         116  1 0.1119 0.1130 0.1117 0.1141 0.1135 0.1064 0.1048 0.1103 0.1143 
         117  1 0.1124 0.1055 0.1081 0.1059 0.1068 0.1221 0.1176 0.1167 0.1050 
         118  1 0.1108 0.1069 0.1128 0.1048 0.1152 0.1175 0.1124 0.1149 0.1047 
         119  1 0.1103 0.1075 0.1154 0.1052 0.1166 0.1142 0.1107 0.1149 0.1051 
         120  1 0.1117 0.1120 0.1109 0.1141 0.1139 0.1066 0.1068 0.1112 0.1129 
         121  1 0.1112 0.1147 0.1080 0.1191 0.1087 0.1041 0.1071 0.1069 0.1203 
         122  1 0.1115 0.1085 0.1117 0.1091 0.1046 0.1172 0.1171 0.1112 0.1091 
         123  1 0.1101 0.1097 0.1096 0.1071 0.1152 0.1193 0.1108 0.1116 0.1066 
         124  1 0.1089 0.1129 0.1097 0.1103 0.1087 0.1084 0.1192 0.1112 0.1108 
         125  1 0.1153 0.1074 0.1144 0.1049 0.1100 0.1159 0.1120 0.1144 0.1055 
         126  1 0.1128 0.1109 0.1129 0.1093 0.1107 0.1086 0.1127 0.1127 0.1094 
         127  1 0.1109 0.1128 0.1145 0.1100 0.1117 0.1084 0.1104 0.1118 0.1094 
         128  1 0.1113 0.1161 0.1062 0.1222 0.1077 0.1029 0.1067 0.1051 0.1218 
         129  1 0.1106 0.1132 0.1055 0.1174 0.1073 0.1084 0.1125 0.1080 0.1171 
         130  1 0.1104 0.1127 0.1091 0.1089 0.1106 0.1107 0.1154 0.1124 0.1098 
         131  1 0.1104 0.1069 0.1125 0.1032 0.1147 0.1163 0.1157 0.1164 0.1037 
         132  1 0.1119 0.1095 0.1102 0.1074 0.1114 0.1155 0.1137 0.1134 0.1071 
         133  1 0.1116 0.1098 0.1140 0.1021 0.1139 0.1155 0.1176 0.1128 0.1028 
         134  1 0.1106 0.1117 0.1119 0.1063 0.1101 0.1105 0.1167 0.1165 0.1056 
         135  1 0.1088 0.1107 0.1133 0.1115 0.1096 0.1113 0.1088 0.1138 0.1123 
         136  1 0.1123 0.1108 0.1145 0.1103 0.1103 0.1064 0.1138 0.1119 0.1096 
         137  1 0.1102 0.1111 0.1102 0.1078 0.1136 0.1155 0.1126 0.1106 0.1084 
         138  1 0.1111 0.1182 0.1067 0.1220 0.1076 0.1035 0.1050 0.1048 0.1210 
         139  1 0.1128 0.1089 0.1143 0.1074 0.1107 0.1087 0.1145 0.1154 0.1073 
         140  1 0.1090 0.1062 0.1128 0.1058 0.1136 0.1195 0.1136 0.1133 0.1062 
         141  1 0.1130 0.1140 0.1124 0.1101 0.1124 0.1078 0.1083 0.1106 0.1113 
         142  1 0.1121 0.1053 0.1134 0.1051 0.1082 0.1153 0.1158 0.1198 0.1051 
         143  1 0.1126 0.1171 0.1097 0.1209 0.1110 0.0994 0.1039 0.1059 0.1196 
         144  1 0.1091 0.1067 0.1119 0.1046 0.1102 0.1198 0.1194 0.1133 0.1051 
         145  1 0.1120 0.1115 0.1091 0.1167 0.1058 0.1120 0.1083 0.1064 0.1182 
         146  1 0.1141 0.1101 0.1169 0.1086 0.1112 0.1065 0.1114 0.1128 0.1085 
         147  1 0.1130 0.1112 0.1114 0.1116 0.1127 0.1070 0.1089 0.1127 0.1114 
         148  1 0.1089 0.1145 0.1098 0.1202 0.1101 0.1030 0.1042 0.1088 0.1206 
         149  1 0.1121 0.1121 0.1137 0.1101 0.1093 0.1093 0.1137 0.1100 0.1098 
         150  1 0.1095 0.1116 0.1109 0.1113 0.1125 0.1111 0.1109 0.1111 0.1112 
         151  1 0.1103 0.1129 0.1086 0.1099 0.1139 0.1108 0.1150 0.1092 0.1092 
         152  1 0.1103 0.1099 0.1154 0.1072 0.1148 0.1152 0.1087 0.1111 0.1074 
         153  1 0.1155 0.1096 0.1141 0.1109 0.1137 0.1068 0.1084 0.1112 0.1100 
         154  1 0.1097 0.1120 0.1069 0.1164 0.1143 0.1093 0.1049 0.1095 0.1169 
         155  1 0.1088 0.1138 0.1111 0.1142 0.1099 0.1051 0.1104 0.1121 0.1147 
         156  1 0.1116 0.1020 0.1121 0.0990 0.1103 0.1238 0.1252 0.1170 0.0990 
         157  1 0.1106 0.1061 0.1139 0.1015 0.1129 0.1241 0.1155 0.1143 0.1012 
         158  1 0.1114 0.1095 0.1159 0.1097 0.1159 0.1072 0.1082 0.1140 0.1082 
         159  1 0.1113 0.1097 0.1125 0.1084 0.1104 0.1132 0.1117 0.1155 0.1072 
         160  1 0.1115 0.1083 0.1094 0.1060 0.1095 0.1103 0.1229 0.1163 0.1057 
         161  1 0.1117 0.1153 0.1144 0.1184 0.1092 0.1035 0.1042 0.1052 0.1180 
         162  1 0.0896 0.1376 0.0815 0.1785 0.0957 0.0761 0.0777 0.0786 0.1848 
         163  1 0.1151 0.1006 0.1161 0.0972 0.1076 0.1236 0.1216 0.1206 0.0975 
         164  1 0.1117 0.1117 0.1158 0.1126 0.1101 0.1095 0.1064 0.1105 0.1116 
         165  1 0.1118 0.1069 0.1127 0.1059 0.1154 0.1141 0.1149 0.1128 0.1054 
         166  1 0.1089 0.1105 0.1082 0.1091 0.1097 0.1161 0.1138 0.1145 0.1092 
         167  1 0.1092 0.1199 0.1060 0.1253 0.1112 0.0980 0.1013 0.1036 0.1254 
         168  1 0.1120 0.1133 0.1126 0.1130 0.1103 0.1067 0.1089 0.1105 0.1128 
         169  1 0.1161 0.1075 0.1151 0.1056 0.1071 0.1164 0.1166 0.1117 0.1040 
         170  1 0.1093 0.1152 0.1102 0.1181 0.1104 0.0998 0.1088 0.1102 0.1181 
         171  1 0.1090 0.1046 0.1049 0.1025 0.1074 0.1227 0.1291 0.1175 0.1023 
         172  1 0.1097 0.1097 0.1125 0.1117 0.1108 0.1107 0.1137 0.1105 0.1108 
         173  1 0.1093 0.1094 0.1151 0.1059 0.1093 0.1132 0.1178 0.1141 0.1059 
         174  1 0.1122 0.1163 0.1089 0.1168 0.1114 0.1048 0.1063 0.1060 0.1173 
         175  1 0.1083 0.1157 0.1053 0.1213 0.1081 0.1087 0.1077 0.1037 0.1212 
         176  1 0.1111 0.1103 0.1099 0.1023 0.1149 0.1218 0.1145 0.1130 0.1021 
         177  1 0.1129 0.1042 0.1148 0.1001 0.1114 0.1205 0.1171 0.1195 0.0995 
         178  1 0.1104 0.1031 0.1151 0.0994 0.1098 0.1219 0.1230 0.1179 0.0995 
         179  1 0.1114 0.1125 0.1116 0.1128 0.1129 0.1107 0.1055 0.1103 0.1126 
         180  1 0.1109 0.1133 0.1113 0.1155 0.1137 0.1056 0.1062 0.1086 0.1149 
         181  1 0.1139 0.1064 0.1143 0.1051 0.1099 0.1207 0.1117 0.1129 0.1051 
         182  1 0.1117 0.1127 0.1107 0.1152 0.1101 0.1050 0.1077 0.1122 0.1145 
         183  1 0.1108 0.1105 0.1128 0.1091 0.1135 0.1108 0.1093 0.1142 0.1089 
         184  1 0.1099 0.1096 0.1116 0.1078 0.1067 0.1122 0.1169 0.1170 0.1084 
         185  1 0.1103 0.1110 0.1129 0.1063 0.1089 0.1139 0.1197 0.1101 0.1068 
         186  1 0.1109 0.1081 0.1124 0.1101 0.1113 0.1103 0.1153 0.1117 0.1099 
         187  1 0.1115 0.1102 0.1137 0.1049 0.1117 0.1163 0.1151 0.1123 0.1044 
         188  1 0.1123 0.1019 0.1070 0.1024 0.1040 0.1264 0.1284 0.1159 0.1017 
         189  1 0.1101 0.1102 0.1117 0.1094 0.1147 0.1113 0.1123 0.1099 0.1103 
         190  1 0.1113 0.1118 0.1180 0.1121 0.1099 0.1054 0.1063 0.1125 0.1126 
         191  1 0.1142 0.1106 0.1150 0.1111 0.1090 0.1074 0.1095 0.1119 0.1113 
         192  1 0.1101 0.1132 0.1122 0.1126 0.1117 0.1092 0.1085 0.1106 0.1118 
         193  1 0.1092 0.1111 0.1081 0.1087 0.1159 0.1246 0.1076 0.1057 0.1091 
         194  1 0.1110 0.1138 0.1088 0.1158 0.1138 0.1086 0.1052 0.1086 0.1144 
         195  1 0.1156 0.1119 0.1183 0.1113 0.1093 0.1022 0.1080 0.1112 0.1123 
         196  1 0.1103 0.1164 0.1051 0.1235 0.1083 0.1007 0.1067 0.1060 0.1229 
         197  1 0.1089 0.1118 0.1149 0.1091 0.1132 0.1098 0.1081 0.1145 0.1097 
         198  1 0.1111 0.1111 0.1075 0.1134 0.1128 0.1164 0.1049 0.1093 0.1135 
         199  1 0.1102 0.1084 0.1157 0.1068 0.1151 0.1141 0.1093 0.1133 0.1072 
         200  1 0.1103 0.1094 0.1184 0.1029 0.1125 0.1108 0.1168 0.1155 0.1034 
         201  1 0.1080 0.1168 0.1058 0.1198 0.1105 0.1044 0.1074 0.1065 0.1209 
         202  1 0.1136 0.1081 0.1111 0.1060 0.1083 0.1204 0.1164 0.1110 0.1050 
         203  1 0.1113 0.1093 0.1129 0.1103 0.1112 0.1112 0.1107 0.1129 0.1101 
         204  1 0.1119 0.1112 0.1144 0.1103 0.1123 0.1114 0.1071 0.1122 0.1092 
         205  1 0.1111 0.1129 0.1148 0.1138 0.1142 0.1083 0.1037 0.1070 0.1142 
         206  1 0.1134 0.1082 0.1125 0.1094 0.1114 0.1100 0.1102 0.1157 0.1092 
         207  1 0.1110 0.1100 0.1095 0.1125 0.1138 0.1111 0.1106 0.1103 0.1112 
         208  1 0.1116 0.1109 0.1174 0.1082 0.1115 0.1102 0.1113 0.1115 0.1073 
         209  1 0.1102 0.1142 0.1051 0.1174 0.1097 0.1065 0.1076 0.1113 0.1181 
         210  1 0.1111 0.1097 0.1130 0.1056 0.1141 0.1149 0.1119 0.1130 0.1068 
         211  1 0.1090 0.1077 0.1103 0.1058 0.1139 0.1162 0.1184 0.1128 0.1058 
         212  1 0.1149 0.1168 0.1119 0.1201 0.1097 0.0988 0.1022 0.1053 0.1202 
         213  1 0.1113 0.1103 0.1146 0.1064 0.1121 0.1171 0.1100 0.1119 0.1063 
         214  1 0.1145 0.1092 0.1092 0.1103 0.1072 0.1115 0.1155 0.1124 0.1103 
         215  1 0.1123 0.1096 0.1076 0.1066 0.1082 0.1123 0.1232 0.1132 0.1070 
         216  1 0.1109 0.1167 0.1080 0.1225 0.1117 0.1003 0.1035 0.1057 0.1208 
         217  1 0.1162 0.1054 0.1128 0.1032 0.1106 0.1200 0.1141 0.1149 0.1028 
         218  1 0.1140 0.1093 0.1103 0.1074 0.1106 0.1137 0.1146 0.1119 0.1083 
         219  1 0.1064 0.1189 0.1045 0.1295 0.1103 0.0986 0.0988 0.1036 0.1293 
         220  1 0.1112 0.1108 0.1116 0.1124 0.1115 0.1072 0.1114 0.1117 0.1121 
         221  1 0.1122 0.1137 0.1067 0.1133 0.1101 0.1092 0.1098 0.1112 0.1138 
         222  1 0.1096 0.1110 0.1122 0.1101 0.1188 0.1120 0.1071 0.1097 0.1096 
         223  1 0.1121 0.1071 0.1159 0.1044 0.1130 0.1138 0.1130 0.1172 0.1034 
         224  1 0.1139 0.1091 0.1124 0.1080 0.1092 0.1106 0.1129 0.1155 0.1084 
         225  1 0.1100 0.1147 0.1120 0.1159 0.1144 0.1065 0.1050 0.1060 0.1156 
         226  1 0.1093 0.1194 0.1078 0.1237 0.1110 0.1002 0.1020 0.1018 0.1249 
         227  1 0.1092 0.1114 0.1130 0.1122 0.1108 0.1088 0.1107 0.1115 0.1125 
         228  1 0.1126 0.1088 0.1105 0.1060 0.1145 0.1197 0.1116 0.1114 0.1048 
         229  1 0.1094 0.1079 0.1162 0.1038 0.1167 0.1142 0.1117 0.1167 0.1036 
         230  1 0.1128 0.1137 0.1101 0.1127 0.1094 0.1081 0.1114 0.1081 0.1138 
         231  1 0.1116 0.1136 0.1088 0.1186 0.1109 0.1049 0.1069 0.1065 0.1182 
         232  1 0.1125 0.1059 0.1130 0.1020 0.1079 0.1195 0.1207 0.1156 0.1028 
         233  1 0.1126 0.1125 0.1158 0.1144 0.1120 0.1061 0.1044 0.1078 0.1143 
         234  1 0.1140 0.1079 0.1112 0.1060 0.1141 0.1119 0.1146 0.1150 0.1053 
         235  1 0.1081 0.1067 0.1146 0.1018 0.1149 0.1315 0.1069 0.1145 0.1011 
         236  1 0.1084 0.1191 0.1059 0.1222 0.1150 0.1017 0.1021 0.1033 0.1222 
         237  1 0.1123 0.1055 0.1148 0.1019 0.1151 0.1202 0.1118 0.1173 0.1011 
         238  1 0.1111 0.1057 0.1118 0.1038 0.1117 0.1195 0.1174 0.1149 0.1042 
         239  1 0.1136 0.1074 0.1112 0.1027 0.1129 0.1233 0.1118 0.1145 0.1025 
         240  1 0.1091 0.1180 0.1082 0.1249 0.1106 0.0977 0.1022 0.1045 0.1247 
         241  1 0.1113 0.1153 0.1108 0.1182 0.1083 0.1034 0.1093 0.1054 0.1180 
         242  1 0.1133 0.1052 0.1143 0.1020 0.1155 0.1246 0.1126 0.1110 0.1015 
         243  1 0.1136 0.1043 0.1196 0.1019 0.1166 0.1151 0.1120 0.1153 0.1016 
         244  1 0.1128 0.1085 0.1114 0.1091 0.1118 0.1111 0.1123 0.1143 0.1087 
         245  1 0.1076 0.1104 0.1050 0.1127 0.1085 0.1163 0.1182 0.1093 0.1119 
         246  1 0.1122 0.1142 0.1065 0.1156 0.1101 0.1089 0.1093 0.1076 0.1155 
         247  1 0.1079 0.1148 0.1048 0.1184 0.1098 0.1077 0.1078 0.1084 0.1203 
         248  1 0.1102 0.1090 0.1114 0.1113 0.1135 0.1203 0.1071 0.1051 0.1120 
         249  1 0.1120 0.1135 0.1109 0.1155 0.1093 0.1087 0.1069 0.1068 0.1164 
         250  1 0.1103 0.1123 0.1056 0.1177 0.1075 0.1091 0.1105 0.1085 0.1183 
         251  1 0.1106 0.1133 0.1064 0.1149 0.1100 0.1102 0.1108 0.1099 0.1139 
         252  1 0.1130 0.1110 0.1114 0.1110 0.1100 0.1132 0.1110 0.1081 0.1113 
         253  1 0.1116 0.1082 0.1159 0.1070 0.1097 0.1144 0.1120 0.1151 0.1062 
         254  1 0.1140 0.1097 0.1115 0.1071 0.1114 0.1087 0.1139 0.1166 0.1070 
         255  1 0.1103 0.1132 0.1081 0.1130 0.1074 0.1032 0.1180 0.1139 0.1129 
         256  1 0.1097 0.1176 0.1109 0.1190 0.1105 0.1005 0.1045 0.1086 0.1187 
         257  1 0.1137 0.1055 0.1084 0.1064 0.1059 0.1163 0.1193 0.1184 0.1060 
         258  1 0.1118 0.1135 0.1042 0.1186 0.1061 0.1104 0.1109 0.1056 0.1190 
         259  1 0.1123 0.1092 0.1113 0.1089 0.1117 0.1146 0.1112 0.1111 0.1097 
         260  1 0.1097 0.1151 0.1080 0.1159 0.1120 0.1125 0.1052 0.1051 0.1165 
         261  1 0.1093 0.1108 0.1068 0.1102 0.1165 0.1201 0.1086 0.1078 0.1098 
         262  1 0.1089 0.1030 0.1056 0.1006 0.1017 0.1238 0.1338 0.1208 0.1019 
         263  1 0.1094 0.1076 0.1098 0.1061 0.1133 0.1216 0.1167 0.1104 0.1050 
         264  1 0.1105 0.1083 0.1104 0.1057 0.1162 0.1241 0.1086 0.1105 0.1056 
         265  1 0.1127 0.1128 0.1155 0.1117 0.1117 0.1069 0.1079 0.1093 0.1115 
         266  1 0.1101 0.1107 0.1086 0.1126 0.1107 0.1175 0.1097 0.1066 0.1134 
         267  1 0.1124 0.1116 0.1144 0.1106 0.1143 0.1062 0.1077 0.1108 0.1121 
         268  1 0.1111 0.1159 0.1065 0.1189 0.1090 0.1050 0.1079 0.1065 0.1191 
         269  1 0.1106 0.1159 0.1065 0.1244 0.1097 0.0989 0.1037 0.1069 0.1233 
         270  1 0.1111 0.1118 0.1090 0.1152 0.1144 0.1082 0.1064 0.1088 0.1150 
         271  1 0.1130 0.1144 0.1109 0.1141 0.1092 0.1090 0.1080 0.1078 0.1136 
         272  1 0.1074 0.1212 0.1042 0.1279 0.1108 0.0959 0.1019 0.1004 0.1302 
         273  1 0.1123 0.1007 0.1133 0.0965 0.1073 0.1266 0.1301 0.1165 0.0968 
         274  1 0.1096 0.1061 0.1163 0.1010 0.1156 0.1209 0.1138 0.1162 0.1005 
         275  1 0.1096 0.1075 0.1102 0.1036 0.1130 0.1183 0.1195 0.1138 0.1045 
         276  1 0.1144 0.1066 0.1191 0.1032 0.1089 0.1176 0.1146 0.1130 0.1026 
         277  1 0.1161 0.1063 0.1155 0.1029 0.1091 0.1125 0.1146 0.1196 0.1034 
         278  1 0.1126 0.1042 0.1162 0.1018 0.1118 0.1180 0.1147 0.1187 0.1021 
         279  1 0.1110 0.1085 0.1133 0.1068 0.1140 0.1155 0.1148 0.1100 0.1062 
         280  1 0.1109 0.1146 0.1041 0.1155 0.1108 0.1085 0.1126 0.1079 0.1151 
         281  1 0.1135 0.1084 0.1141 0.1055 0.1141 0.1173 0.1084 0.1134 0.1055 
         282  1 0.1110 0.1139 0.1058 0.1129 0.1138 0.1106 0.1086 0.1097 0.1136 
         283  1 0.1126 0.1047 0.1173 0.1016 0.1108 0.1220 0.1157 0.1130 0.1024 
         284  1 0.1125 0.1102 0.1129 0.1101 0.1068 0.1099 0.1151 0.1118 0.1107 
         285  1 0.1082 0.1216 0.1058 0.1283 0.1102 0.0946 0.1015 0.1017 0.1280 
         286  1 0.1132 0.1100 0.1127 0.1091 0.1126 0.1150 0.1092 0.1096 0.1086 
         287  1 0.1101 0.1166 0.1111 0.1164 0.1110 0.1075 0.1047 0.1064 0.1161 
         288  1 0.1100 0.1160 0.1093 0.1194 0.1101 0.1074 0.1044 0.1037 0.1197 
         289  1 0.1100 0.1125 0.1080 0.1123 0.1101 0.1097 0.1128 0.1117 0.1128 
         290  1 0.1127 0.1055 0.1142 0.1037 0.1082 0.1179 0.1162 0.1183 0.1034 
         291  1 0.1146 0.1061 0.1182 0.1020 0.1101 0.1103 0.1164 0.1208 0.1013 
         292  1 0.1097 0.1097 0.1119 0.1084 0.1136 0.1188 0.1087 0.1114 0.1077 
         293  1 0.1095 0.1177 0.1067 0.1210 0.1103 0.1039 0.1047 0.1050 0.1211 
         294  1 0.1147 0.1065 0.1115 0.1023 0.1154 0.1151 0.1150 0.1181 0.1014 
         295  1 0.1099 0.1117 0.1118 0.1139 0.1105 0.1081 0.1090 0.1114 0.1137 
         296  1 0.1108 0.1151 0.1088 0.1175 0.1085 0.1067 0.1079 0.1068 0.1180 
         297  1 0.1095 0.1169 0.1071 0.1196 0.1111 0.1002 0.1077 0.1069 0.1210 
         298  1 0.1082 0.1205 0.1044 0.1268 0.1094 0.0984 0.1016 0.1034 0.1272 
         299  1 0.1149 0.1049 0.1116 0.1006 0.1092 0.1179 0.1197 0.1202 0.1011 
         300  1 0.1097 0.1052 0.1127 0.1013 0.1091 0.1190 0.1223 0.1190 0.1016 
