           1  1 0.2629 0.2606 0.2587 0.2178 
           2  1 0.2662 0.2639 0.2658 0.2041 
           3  1 0.2489 0.2557 0.2460 0.2494 
           4  1 0.2248 0.2276 0.2390 0.3086 
           5  1 0.2595 0.2531 0.2506 0.2369 
           6  1 0.2487 0.2575 0.2619 0.2320 
           7  1 0.2508 0.2509 0.2565 0.2418 
           8  1 0.2563 0.2537 0.2572 0.2327 
           9  1 0.2304 0.2336 0.2282 0.3078 
          10  1 0.2468 0.2399 0.2422 0.2711 
          11  1 0.2663 0.2651 0.2600 0.2086 
          12  1 0.2333 0.2322 0.2280 0.3065 
          13  1 0.2215 0.2250 0.2210 0.3326 
          14  1 0.2255 0.2365 0.2426 0.2955 
          15  1 0.2547 0.2518 0.2450 0.2484 
          16  1 0.2482 0.2476 0.2508 0.2533 
          17  1 0.2438 0.2371 0.2478 0.2712 
          18  1 0.2462 0.2552 0.2542 0.2443 
          19  1 0.2506 0.2491 0.2521 0.2482 
          20  1 0.2428 0.2491 0.2493 0.2588 
          21  1 0.2660 0.2616 0.2554 0.2171 
          22  1 0.2405 0.2422 0.2448 0.2725 
          23  1 0.2608 0.2549 0.2627 0.2215 
          24  1 0.2459 0.2451 0.2568 0.2521 
          25  1 0.2484 0.2490 0.2517 0.2509 
          26  1 0.2529 0.2483 0.2472 0.2516 
          27  1 0.2429 0.2431 0.2461 0.2680 
          28  1 0.2567 0.2457 0.2512 0.2464 
          29  1 0.2505 0.2529 0.2490 0.2477 
          30  1 0.2519 0.2463 0.2411 0.2606 
          31  1 0.2684 0.2646 0.2626 0.2044 
          32  1 0.2490 0.2524 0.2496 0.2490 
          33  1 0.2361 0.2499 0.2482 0.2657 
          34  1 0.2492 0.2516 0.2513 0.2479 
          35  1 0.2285 0.2351 0.2409 0.2955 
          36  1 0.2576 0.2608 0.2594 0.2223 
          37  1 0.2752 0.2659 0.2601 0.1988 
          38  1 0.2519 0.2469 0.2476 0.2535 
          39  1 0.2436 0.2512 0.2432 0.2621 
          40  1 0.2520 0.2583 0.2622 0.2274 
          41  1 0.2519 0.2528 0.2567 0.2386 
          42  1 0.2329 0.2363 0.2369 0.2939 
          43  1 0.2442 0.2386 0.2423 0.2749 
          44  1 0.2580 0.2593 0.2509 0.2318 
          45  1 0.2556 0.2581 0.2558 0.2304 
          46  1 0.2449 0.2436 0.2422 0.2693 
          47  1 0.2677 0.2631 0.2624 0.2068 
          48  1 0.2558 0.2577 0.2490 0.2376 
          49  1 0.2340 0.2417 0.2406 0.2838 
          50  1 0.2670 0.2654 0.2552 0.2124 
          51  1 0.2207 0.2210 0.2243 0.3340 
          52  1 0.2511 0.2535 0.2548 0.2406 
          53  1 0.2502 0.2440 0.2610 0.2448 
          54  1 0.2610 0.2565 0.2578 0.2247 
          55  1 0.2467 0.2494 0.2517 0.2521 
          56  1 0.2523 0.2521 0.2553 0.2403 
          57  1 0.2620 0.2613 0.2605 0.2162 
          58  1 0.2433 0.2519 0.2592 0.2456 
          59  1 0.2592 0.2603 0.2533 0.2273 
          60  1 0.2642 0.2590 0.2562 0.2206 
          61  1 0.2476 0.2393 0.2447 0.2685 
          62  1 0.2513 0.2451 0.2481 0.2556 
          63  1 0.2542 0.2509 0.2449 0.2499 
          64  1 0.2677 0.2747 0.2583 0.1993 
          65  1 0.2541 0.2477 0.2486 0.2496 
          66  1 0.2526 0.2470 0.2519 0.2486 
          67  1 0.2419 0.2460 0.2394 0.2727 
          68  1 0.2506 0.2586 0.2486 0.2422 
          69  1 0.2524 0.2455 0.2436 0.2586 
          70  1 0.2550 0.2561 0.2533 0.2356 
          71  1 0.2604 0.2613 0.2560 0.2222 
          72  1 0.2453 0.2475 0.2407 0.2665 
          73  1 0.2603 0.2587 0.2569 0.2241 
          74  1 0.2551 0.2574 0.2537 0.2338 
          75  1 0.2443 0.2551 0.2504 0.2502 
          76  1 0.2563 0.2641 0.2639 0.2157 
          77  1 0.2590 0.2539 0.2509 0.2362 
          78  1 0.2672 0.2604 0.2571 0.2153 
          79  1 0.2443 0.2524 0.2468 0.2565 
          80  1 0.2256 0.2252 0.2331 0.3160 
          81  1 0.2586 0.2564 0.2554 0.2297 
          82  1 0.2623 0.2629 0.2689 0.2059 
          83  1 0.2576 0.2604 0.2584 0.2237 
          84  1 0.2442 0.2428 0.2552 0.2578 
          85  1 0.2642 0.2640 0.2586 0.2132 
          86  1 0.2505 0.2608 0.2528 0.2359 
          87  1 0.2544 0.2571 0.2529 0.2357 
          88  1 0.2394 0.2423 0.2496 0.2687 
          89  1 0.2390 0.2467 0.2423 0.2720 
          90  1 0.2474 0.2432 0.2496 0.2599 
          91  1 0.2586 0.2616 0.2560 0.2237 
          92  1 0.2557 0.2524 0.2532 0.2387 
          93  1 0.2533 0.2548 0.2510 0.2409 
          94  1 0.2580 0.2627 0.2578 0.2214 
          95  1 0.2626 0.2562 0.2563 0.2248 
          96  1 0.2416 0.2420 0.2382 0.2783 
          97  1 0.2420 0.2441 0.2458 0.2681 
          98  1 0.2477 0.2394 0.2456 0.2674 
          99  1 0.2478 0.2465 0.2514 0.2542 
         100  1 0.2590 0.2517 0.2545 0.2348 
         101  1 0.2472 0.2560 0.2608 0.2361 
         102  1 0.2579 0.2633 0.2621 0.2166 
         103  1 0.2406 0.2341 0.2300 0.2953 
         104  1 0.2580 0.2523 0.2543 0.2353 
         105  1 0.2737 0.2681 0.2551 0.2031 
         106  1 0.2456 0.2475 0.2487 0.2581 
         107  1 0.2389 0.2468 0.2405 0.2738 
         108  1 0.2528 0.2521 0.2526 0.2426 
         109  1 0.2430 0.2327 0.2393 0.2850 
         110  1 0.2587 0.2502 0.2465 0.2446 
         111  1 0.2523 0.2533 0.2500 0.2444 
         112  1 0.2468 0.2488 0.2489 0.2555 
         113  1 0.2301 0.2256 0.2234 0.3209 
         114  1 0.2548 0.2449 0.2473 0.2530 
         115  1 0.2425 0.2379 0.2380 0.2816 
         116  1 0.2457 0.2494 0.2489 0.2560 
         117  1 0.2615 0.2533 0.2538 0.2314 
         118  1 0.2618 0.2614 0.2555 0.2213 
         119  1 0.2568 0.2608 0.2636 0.2188 
         120  1 0.2427 0.2517 0.2543 0.2513 
         121  1 0.2377 0.2353 0.2401 0.2869 
         122  1 0.2483 0.2472 0.2570 0.2475 
         123  1 0.2528 0.2604 0.2511 0.2357 
         124  1 0.2485 0.2474 0.2468 0.2573 
         125  1 0.2601 0.2573 0.2625 0.2202 
         126  1 0.2476 0.2545 0.2598 0.2381 
         127  1 0.2549 0.2490 0.2523 0.2438 
         128  1 0.2375 0.2370 0.2390 0.2865 
         129  1 0.2415 0.2400 0.2364 0.2821 
         130  1 0.2459 0.2555 0.2528 0.2458 
         131  1 0.2600 0.2598 0.2605 0.2197 
         132  1 0.2610 0.2547 0.2531 0.2312 
         133  1 0.2606 0.2613 0.2626 0.2155 
         134  1 0.2498 0.2541 0.2593 0.2368 
         135  1 0.2533 0.2513 0.2513 0.2442 
         136  1 0.2545 0.2462 0.2525 0.2468 
         137  1 0.2473 0.2527 0.2498 0.2502 
         138  1 0.2379 0.2285 0.2309 0.3026 
         139  1 0.2625 0.2489 0.2556 0.2331 
         140  1 0.2546 0.2591 0.2569 0.2294 
         141  1 0.2541 0.2500 0.2531 0.2429 
         142  1 0.2625 0.2561 0.2587 0.2226 
         143  1 0.2364 0.2383 0.2453 0.2800 
         144  1 0.2600 0.2535 0.2516 0.2349 
         145  1 0.2390 0.2399 0.2467 0.2744 
         146  1 0.2481 0.2526 0.2629 0.2364 
         147  1 0.2544 0.2518 0.2533 0.2404 
         148  1 0.2377 0.2361 0.2378 0.2884 
         149  1 0.2456 0.2474 0.2530 0.2541 
         150  1 0.2466 0.2562 0.2518 0.2454 
         151  1 0.2531 0.2532 0.2494 0.2443 
         152  1 0.2635 0.2570 0.2557 0.2238 
         153  1 0.2563 0.2546 0.2561 0.2329 
         154  1 0.2455 0.2477 0.2432 0.2636 
         155  1 0.2420 0.2398 0.2424 0.2757 
         156  1 0.2685 0.2616 0.2587 0.2112 
         157  1 0.2597 0.2676 0.2585 0.2141 
         158  1 0.2537 0.2554 0.2522 0.2386 
         159  1 0.2528 0.2564 0.2555 0.2353 
         160  1 0.2514 0.2560 0.2561 0.2365 
         161  1 0.2340 0.2381 0.2477 0.2802 
         162  1 0.1627 0.1606 0.1588 0.5180 
         163  1 0.2752 0.2618 0.2627 0.2003 
         164  1 0.2529 0.2502 0.2515 0.2454 
         165  1 0.2605 0.2656 0.2577 0.2162 
         166  1 0.2496 0.2544 0.2495 0.2465 
         167  1 0.2302 0.2257 0.2330 0.3111 
         168  1 0.2458 0.2423 0.2563 0.2556 
         169  1 0.2564 0.2567 0.2656 0.2213 
         170  1 0.2419 0.2410 0.2473 0.2698 
         171  1 0.2531 0.2593 0.2485 0.2391 
         172  1 0.2517 0.2507 0.2530 0.2447 
         173  1 0.2571 0.2544 0.2621 0.2265 
         174  1 0.2350 0.2411 0.2443 0.2796 
         175  1 0.2357 0.2363 0.2333 0.2947 
         176  1 0.2603 0.2637 0.2572 0.2188 
         177  1 0.2728 0.2672 0.2581 0.2020 
         178  1 0.2659 0.2636 0.2581 0.2124 
         179  1 0.2432 0.2486 0.2492 0.2590 
         180  1 0.2499 0.2429 0.2400 0.2672 
         181  1 0.2533 0.2617 0.2596 0.2255 
         182  1 0.2477 0.2431 0.2437 0.2654 
         183  1 0.2481 0.2574 0.2578 0.2366 
         184  1 0.2554 0.2446 0.2526 0.2474 
         185  1 0.2485 0.2577 0.2556 0.2382 
         186  1 0.2565 0.2522 0.2504 0.2409 
         187  1 0.2593 0.2577 0.2601 0.2229 
         188  1 0.2615 0.2581 0.2549 0.2255 
         189  1 0.2433 0.2577 0.2512 0.2479 
         190  1 0.2446 0.2477 0.2567 0.2510 
         191  1 0.2438 0.2475 0.2532 0.2555 
         192  1 0.2506 0.2435 0.2512 0.2547 
         193  1 0.2468 0.2543 0.2438 0.2552 
         194  1 0.2444 0.2406 0.2416 0.2734 
         195  1 0.2402 0.2466 0.2617 0.2515 
         196  1 0.2293 0.2264 0.2356 0.3086 
         197  1 0.2541 0.2586 0.2530 0.2344 
         198  1 0.2493 0.2523 0.2457 0.2528 
         199  1 0.2570 0.2604 0.2614 0.2212 
         200  1 0.2600 0.2569 0.2635 0.2196 
         201  1 0.2394 0.2342 0.2346 0.2917 
         202  1 0.2565 0.2546 0.2593 0.2296 
         203  1 0.2490 0.2547 0.2560 0.2403 
         204  1 0.2523 0.2532 0.2542 0.2403 
         205  1 0.2468 0.2497 0.2447 0.2587 
         206  1 0.2569 0.2502 0.2554 0.2375 
         207  1 0.2515 0.2526 0.2473 0.2486 
         208  1 0.2563 0.2513 0.2581 0.2343 
         209  1 0.2436 0.2386 0.2384 0.2795 
         210  1 0.2558 0.2591 0.2578 0.2273 
         211  1 0.2591 0.2592 0.2554 0.2263 
         212  1 0.2369 0.2310 0.2430 0.2891 
         213  1 0.2533 0.2536 0.2588 0.2343 
         214  1 0.2578 0.2458 0.2466 0.2499 
         215  1 0.2492 0.2527 0.2516 0.2464 
         216  1 0.2342 0.2333 0.2362 0.2963 
         217  1 0.2618 0.2654 0.2607 0.2121 
         218  1 0.2537 0.2573 0.2534 0.2356 
         219  1 0.2259 0.2265 0.2249 0.3226 
         220  1 0.2460 0.2456 0.2495 0.2588 
         221  1 0.2456 0.2463 0.2470 0.2612 
         222  1 0.2512 0.2546 0.2486 0.2456 
         223  1 0.2603 0.2600 0.2593 0.2204 
         224  1 0.2577 0.2543 0.2509 0.2371 
         225  1 0.2409 0.2453 0.2440 0.2698 
         226  1 0.2303 0.2290 0.2299 0.3107 
         227  1 0.2507 0.2520 0.2478 0.2496 
         228  1 0.2578 0.2601 0.2587 0.2234 
         229  1 0.2594 0.2614 0.2584 0.2208 
         230  1 0.2434 0.2437 0.2448 0.2681 
         231  1 0.2403 0.2411 0.2415 0.2771 
         232  1 0.2584 0.2586 0.2628 0.2202 
         233  1 0.2407 0.2499 0.2508 0.2586 
         234  1 0.2651 0.2621 0.2535 0.2193 
         235  1 0.2619 0.2701 0.2548 0.2132 
         236  1 0.2363 0.2346 0.2319 0.2972 
         237  1 0.2645 0.2712 0.2649 0.1995 
         238  1 0.2660 0.2627 0.2512 0.2201 
         239  1 0.2650 0.2626 0.2583 0.2141 
         240  1 0.2339 0.2281 0.2325 0.3055 
         241  1 0.2402 0.2366 0.2412 0.2820 
         242  1 0.2621 0.2691 0.2624 0.2065 
         243  1 0.2666 0.2619 0.2633 0.2083 
         244  1 0.2546 0.2513 0.2575 0.2365 
         245  1 0.2463 0.2485 0.2401 0.2651 
         246  1 0.2373 0.2474 0.2459 0.2694 
         247  1 0.2380 0.2384 0.2374 0.2863 
         248  1 0.2478 0.2561 0.2455 0.2506 
         249  1 0.2515 0.2373 0.2421 0.2690 
         250  1 0.2393 0.2382 0.2405 0.2820 
         251  1 0.2470 0.2455 0.2445 0.2631 
         252  1 0.2518 0.2448 0.2513 0.2521 
         253  1 0.2617 0.2521 0.2567 0.2295 
         254  1 0.2506 0.2504 0.2613 0.2377 
         255  1 0.2391 0.2415 0.2443 0.2752 
         256  1 0.2336 0.2350 0.2419 0.2894 
         257  1 0.2610 0.2516 0.2521 0.2352 
         258  1 0.2387 0.2361 0.2404 0.2847 
         259  1 0.2524 0.2562 0.2527 0.2386 
         260  1 0.2468 0.2453 0.2418 0.2661 
         261  1 0.2470 0.2548 0.2480 0.2501 
         262  1 0.2541 0.2564 0.2559 0.2337 
         263  1 0.2610 0.2566 0.2514 0.2311 
         264  1 0.2592 0.2621 0.2474 0.2313 
         265  1 0.2466 0.2500 0.2586 0.2448 
         266  1 0.2446 0.2521 0.2481 0.2552 
         267  1 0.2566 0.2502 0.2519 0.2413 
         268  1 0.2297 0.2378 0.2390 0.2935 
         269  1 0.2276 0.2299 0.2327 0.3098 
         270  1 0.2494 0.2451 0.2432 0.2623 
         271  1 0.2462 0.2431 0.2510 0.2598 
         272  1 0.2225 0.2278 0.2247 0.3250 
         273  1 0.2662 0.2645 0.2666 0.2027 
         274  1 0.2623 0.2671 0.2656 0.2050 
         275  1 0.2609 0.2601 0.2559 0.2231 
         276  1 0.2645 0.2574 0.2642 0.2139 
         277  1 0.2702 0.2553 0.2615 0.2130 
         278  1 0.2617 0.2666 0.2691 0.2027 
         279  1 0.2538 0.2585 0.2512 0.2365 
         280  1 0.2293 0.2431 0.2405 0.2871 
         281  1 0.2646 0.2568 0.2558 0.2228 
         282  1 0.2424 0.2514 0.2425 0.2636 
         283  1 0.2620 0.2608 0.2637 0.2135 
         284  1 0.2484 0.2466 0.2560 0.2490 
         285  1 0.2238 0.2240 0.2302 0.3219 
         286  1 0.2570 0.2523 0.2543 0.2364 
         287  1 0.2412 0.2388 0.2424 0.2776 
         288  1 0.2342 0.2392 0.2404 0.2862 
         289  1 0.2501 0.2481 0.2477 0.2541 
         290  1 0.2584 0.2578 0.2604 0.2234 
         291  1 0.2670 0.2578 0.2641 0.2112 
         292  1 0.2567 0.2571 0.2520 0.2342 
         293  1 0.2359 0.2384 0.2335 0.2921 
         294  1 0.2607 0.2634 0.2578 0.2181 
         295  1 0.2502 0.2444 0.2470 0.2584 
         296  1 0.2379 0.2370 0.2447 0.2803 
         297  1 0.2356 0.2339 0.2346 0.2959 
         298  1 0.2253 0.2249 0.2247 0.3251 
         299  1 0.2703 0.2592 0.2571 0.2134 
         300  1 0.2699 0.2583 0.2546 0.2172 
