           1  1 0.1246 0.1245 0.1216 0.1274 0.1279 0.1254 0.1186 0.1300 
           2  1 0.1227 0.1247 0.1210 0.1299 0.1272 0.1250 0.1170 0.1324 
           3  1 0.1248 0.1237 0.1227 0.1279 0.1262 0.1233 0.1248 0.1267 
           4  1 0.1254 0.1239 0.1286 0.1230 0.1211 0.1230 0.1344 0.1207 
           5  1 0.1264 0.1263 0.1246 0.1235 0.1251 0.1250 0.1232 0.1259 
           6  1 0.1249 0.1236 0.1238 0.1254 0.1286 0.1259 0.1228 0.1249 
           7  1 0.1223 0.1246 0.1244 0.1272 0.1262 0.1239 0.1239 0.1275 
           8  1 0.1221 0.1253 0.1254 0.1259 0.1260 0.1247 0.1219 0.1288 
           9  1 0.1248 0.1244 0.1286 0.1226 0.1203 0.1266 0.1334 0.1193 
          10  1 0.1273 0.1238 0.1250 0.1239 0.1236 0.1237 0.1287 0.1239 
          11  1 0.1265 0.1247 0.1200 0.1288 0.1285 0.1256 0.1187 0.1273 
          12  1 0.1245 0.1245 0.1299 0.1219 0.1208 0.1256 0.1331 0.1196 
          13  1 0.1268 0.1230 0.1288 0.1250 0.1175 0.1236 0.1369 0.1184 
          14  1 0.1240 0.1247 0.1285 0.1227 0.1217 0.1269 0.1322 0.1193 
          15  1 0.1248 0.1253 0.1247 0.1249 0.1260 0.1238 0.1236 0.1268 
          16  1 0.1248 0.1244 0.1245 0.1258 0.1235 0.1274 0.1247 0.1248 
          17  1 0.1268 0.1241 0.1275 0.1236 0.1235 0.1232 0.1283 0.1231 
          18  1 0.1248 0.1231 0.1223 0.1287 0.1269 0.1246 0.1241 0.1255 
          19  1 0.1262 0.1237 0.1256 0.1239 0.1261 0.1254 0.1248 0.1242 
          20  1 0.1251 0.1250 0.1261 0.1249 0.1241 0.1261 0.1269 0.1219 
          21  1 0.1271 0.1247 0.1221 0.1289 0.1265 0.1242 0.1197 0.1269 
          22  1 0.1246 0.1249 0.1264 0.1245 0.1223 0.1253 0.1298 0.1222 
          23  1 0.1248 0.1246 0.1221 0.1267 0.1293 0.1233 0.1207 0.1284 
          24  1 0.1247 0.1255 0.1263 0.1232 0.1237 0.1247 0.1266 0.1251 
          25  1 0.1241 0.1245 0.1266 0.1240 0.1249 0.1258 0.1254 0.1247 
          26  1 0.1238 0.1273 0.1271 0.1224 0.1225 0.1276 0.1258 0.1235 
          27  1 0.1254 0.1234 0.1266 0.1241 0.1252 0.1243 0.1277 0.1235 
          28  1 0.1244 0.1264 0.1241 0.1257 0.1247 0.1243 0.1244 0.1259 
          29  1 0.1255 0.1259 0.1238 0.1266 0.1251 0.1239 0.1236 0.1255 
          30  1 0.1253 0.1259 0.1264 0.1227 0.1241 0.1257 0.1281 0.1217 
          31  1 0.1208 0.1242 0.1265 0.1244 0.1282 0.1264 0.1165 0.1330 
          32  1 0.1254 0.1257 0.1249 0.1250 0.1230 0.1259 0.1262 0.1239 
          33  1 0.1236 0.1221 0.1268 0.1252 0.1244 0.1269 0.1261 0.1247 
          34  1 0.1249 0.1268 0.1249 0.1231 0.1250 0.1270 0.1246 0.1238 
          35  1 0.1253 0.1235 0.1285 0.1230 0.1223 0.1245 0.1307 0.1221 
          36  1 0.1226 0.1246 0.1225 0.1280 0.1279 0.1254 0.1195 0.1294 
          37  1 0.1210 0.1287 0.1232 0.1241 0.1308 0.1264 0.1159 0.1300 
          38  1 0.1246 0.1276 0.1267 0.1214 0.1241 0.1259 0.1266 0.1230 
          39  1 0.1248 0.1248 0.1262 0.1242 0.1249 0.1260 0.1263 0.1228 
          40  1 0.1255 0.1229 0.1231 0.1283 0.1272 0.1241 0.1212 0.1277 
          41  1 0.1254 0.1262 0.1239 0.1244 0.1243 0.1267 0.1249 0.1242 
          42  1 0.1263 0.1238 0.1280 0.1233 0.1213 0.1256 0.1319 0.1198 
          43  1 0.1254 0.1271 0.1268 0.1221 0.1237 0.1257 0.1283 0.1208 
          44  1 0.1271 0.1246 0.1235 0.1257 0.1265 0.1252 0.1221 0.1252 
          45  1 0.1249 0.1252 0.1226 0.1262 0.1266 0.1254 0.1238 0.1252 
          46  1 0.1248 0.1245 0.1259 0.1246 0.1231 0.1260 0.1281 0.1230 
          47  1 0.1249 0.1261 0.1220 0.1286 0.1278 0.1234 0.1172 0.1299 
          48  1 0.1260 0.1240 0.1238 0.1281 0.1260 0.1251 0.1217 0.1253 
          49  1 0.1247 0.1251 0.1266 0.1251 0.1210 0.1263 0.1300 0.1213 
          50  1 0.1266 0.1248 0.1202 0.1278 0.1275 0.1251 0.1192 0.1287 
          51  1 0.1261 0.1245 0.1315 0.1226 0.1172 0.1245 0.1374 0.1162 
          52  1 0.1243 0.1231 0.1222 0.1283 0.1270 0.1217 0.1246 0.1288 
          53  1 0.1238 0.1240 0.1244 0.1241 0.1285 0.1224 0.1250 0.1278 
          54  1 0.1264 0.1252 0.1226 0.1273 0.1264 0.1238 0.1209 0.1274 
          55  1 0.1229 0.1264 0.1265 0.1225 0.1254 0.1258 0.1263 0.1242 
          56  1 0.1253 0.1243 0.1245 0.1256 0.1273 0.1237 0.1231 0.1263 
          57  1 0.1255 0.1237 0.1216 0.1285 0.1287 0.1240 0.1185 0.1294 
          58  1 0.1242 0.1230 0.1255 0.1234 0.1291 0.1246 0.1243 0.1258 
          59  1 0.1250 0.1260 0.1233 0.1258 0.1246 0.1273 0.1211 0.1270 
          60  1 0.1256 0.1269 0.1212 0.1251 0.1278 0.1261 0.1207 0.1266 
          61  1 0.1252 0.1249 0.1265 0.1249 0.1233 0.1218 0.1265 0.1269 
          62  1 0.1240 0.1268 0.1265 0.1212 0.1231 0.1273 0.1269 0.1242 
          63  1 0.1239 0.1276 0.1257 0.1234 0.1224 0.1264 0.1262 0.1246 
          64  1 0.1253 0.1263 0.1191 0.1275 0.1310 0.1251 0.1171 0.1285 
          65  1 0.1258 0.1255 0.1238 0.1254 0.1242 0.1245 0.1245 0.1263 
          66  1 0.1234 0.1272 0.1263 0.1236 0.1244 0.1256 0.1242 0.1254 
          67  1 0.1247 0.1252 0.1265 0.1247 0.1220 0.1252 0.1291 0.1227 
          68  1 0.1250 0.1244 0.1218 0.1305 0.1253 0.1243 0.1227 0.1260 
          69  1 0.1236 0.1267 0.1271 0.1227 0.1234 0.1256 0.1261 0.1248 
          70  1 0.1263 0.1244 0.1230 0.1261 0.1295 0.1232 0.1212 0.1262 
          71  1 0.1247 0.1251 0.1250 0.1258 0.1272 0.1247 0.1208 0.1266 
          72  1 0.1264 0.1231 0.1250 0.1268 0.1240 0.1242 0.1266 0.1238 
          73  1 0.1269 0.1247 0.1230 0.1288 0.1261 0.1234 0.1191 0.1281 
          74  1 0.1237 0.1241 0.1246 0.1272 0.1271 0.1242 0.1219 0.1272 
          75  1 0.1249 0.1243 0.1243 0.1259 0.1260 0.1254 0.1250 0.1242 
          76  1 0.1251 0.1239 0.1231 0.1281 0.1271 0.1247 0.1196 0.1282 
          77  1 0.1233 0.1275 0.1247 0.1229 0.1269 0.1264 0.1237 0.1246 
          78  1 0.1241 0.1276 0.1209 0.1265 0.1271 0.1260 0.1190 0.1289 
          79  1 0.1270 0.1247 0.1238 0.1273 0.1240 0.1243 0.1258 0.1231 
          80  1 0.1262 0.1252 0.1311 0.1209 0.1175 0.1263 0.1373 0.1156 
          81  1 0.1263 0.1245 0.1239 0.1248 0.1266 0.1251 0.1222 0.1266 
          82  1 0.1228 0.1241 0.1223 0.1278 0.1281 0.1257 0.1178 0.1313 
          83  1 0.1273 0.1241 0.1223 0.1274 0.1265 0.1243 0.1215 0.1265 
          84  1 0.1231 0.1242 0.1258 0.1235 0.1257 0.1262 0.1270 0.1246 
          85  1 0.1247 0.1251 0.1217 0.1285 0.1281 0.1243 0.1190 0.1287 
          86  1 0.1269 0.1245 0.1233 0.1269 0.1247 0.1265 0.1235 0.1237 
          87  1 0.1280 0.1242 0.1233 0.1282 0.1251 0.1233 0.1229 0.1249 
          88  1 0.1245 0.1245 0.1275 0.1239 0.1230 0.1251 0.1275 0.1240 
          89  1 0.1260 0.1226 0.1266 0.1255 0.1251 0.1243 0.1275 0.1225 
          90  1 0.1238 0.1255 0.1269 0.1225 0.1242 0.1263 0.1274 0.1233 
          91  1 0.1245 0.1253 0.1215 0.1294 0.1283 0.1235 0.1199 0.1277 
          92  1 0.1251 0.1238 0.1231 0.1274 0.1258 0.1239 0.1218 0.1292 
          93  1 0.1263 0.1235 0.1247 0.1249 0.1267 0.1246 0.1257 0.1235 
          94  1 0.1254 0.1233 0.1226 0.1270 0.1281 0.1255 0.1205 0.1276 
          95  1 0.1255 0.1245 0.1235 0.1267 0.1273 0.1238 0.1206 0.1282 
          96  1 0.1263 0.1255 0.1265 0.1247 0.1200 0.1255 0.1292 0.1224 
          97  1 0.1271 0.1247 0.1260 0.1267 0.1221 0.1250 0.1269 0.1215 
          98  1 0.1276 0.1238 0.1260 0.1233 0.1236 0.1228 0.1277 0.1252 
          99  1 0.1255 0.1234 0.1242 0.1240 0.1257 0.1262 0.1259 0.1250 
         100  1 0.1249 0.1247 0.1231 0.1263 0.1252 0.1241 0.1227 0.1291 
         101  1 0.1249 0.1219 0.1235 0.1287 0.1275 0.1244 0.1221 0.1270 
         102  1 0.1233 0.1250 0.1245 0.1240 0.1289 0.1279 0.1206 0.1259 
         103  1 0.1247 0.1268 0.1290 0.1218 0.1185 0.1243 0.1328 0.1221 
         104  1 0.1241 0.1272 0.1236 0.1264 0.1246 0.1256 0.1221 0.1265 
         105  1 0.1246 0.1256 0.1212 0.1273 0.1282 0.1254 0.1160 0.1317 
         106  1 0.1249 0.1244 0.1245 0.1256 0.1267 0.1227 0.1258 0.1253 
         107  1 0.1273 0.1243 0.1248 0.1266 0.1215 0.1236 0.1290 0.1230 
         108  1 0.1244 0.1255 0.1252 0.1228 0.1259 0.1263 0.1245 0.1254 
         109  1 0.1267 0.1261 0.1267 0.1232 0.1219 0.1247 0.1310 0.1196 
         110  1 0.1249 0.1283 0.1258 0.1221 0.1253 0.1235 0.1260 0.1241 
         111  1 0.1268 0.1231 0.1239 0.1290 0.1249 0.1216 0.1242 0.1266 
         112  1 0.1254 0.1246 0.1255 0.1259 0.1245 0.1234 0.1261 0.1245 
         113  1 0.1256 0.1253 0.1296 0.1242 0.1166 0.1221 0.1373 0.1192 
         114  1 0.1254 0.1253 0.1237 0.1261 0.1254 0.1227 0.1245 0.1270 
         115  1 0.1258 0.1268 0.1271 0.1228 0.1219 0.1234 0.1306 0.1217 
         116  1 0.1268 0.1246 0.1243 0.1272 0.1242 0.1233 0.1256 0.1241 
         117  1 0.1229 0.1270 0.1243 0.1248 0.1272 0.1254 0.1222 0.1262 
         118  1 0.1273 0.1228 0.1206 0.1311 0.1272 0.1238 0.1194 0.1279 
         119  1 0.1250 0.1241 0.1226 0.1275 0.1303 0.1234 0.1197 0.1274 
         120  1 0.1267 0.1235 0.1252 0.1257 0.1269 0.1242 0.1246 0.1232 
         121  1 0.1245 0.1260 0.1293 0.1218 0.1209 0.1251 0.1302 0.1221 
         122  1 0.1209 0.1249 0.1264 0.1233 0.1280 0.1249 0.1229 0.1287 
         123  1 0.1272 0.1230 0.1227 0.1272 0.1274 0.1250 0.1227 0.1249 
         124  1 0.1240 0.1252 0.1268 0.1239 0.1232 0.1260 0.1264 0.1244 
         125  1 0.1251 0.1252 0.1229 0.1270 0.1281 0.1223 0.1199 0.1296 
         126  1 0.1234 0.1242 0.1247 0.1251 0.1266 0.1268 0.1239 0.1253 
         127  1 0.1252 0.1245 0.1246 0.1257 0.1226 0.1256 0.1247 0.1272 
         128  1 0.1247 0.1264 0.1289 0.1212 0.1211 0.1244 0.1316 0.1218 
         129  1 0.1258 0.1258 0.1279 0.1235 0.1215 0.1238 0.1291 0.1226 
         130  1 0.1239 0.1243 0.1252 0.1244 0.1276 0.1273 0.1249 0.1225 
         131  1 0.1236 0.1249 0.1221 0.1274 0.1299 0.1243 0.1198 0.1280 
         132  1 0.1234 0.1249 0.1243 0.1262 0.1277 0.1249 0.1216 0.1269 
         133  1 0.1236 0.1250 0.1233 0.1262 0.1264 0.1264 0.1206 0.1285 
         134  1 0.1242 0.1231 0.1235 0.1277 0.1257 0.1255 0.1222 0.1281 
         135  1 0.1264 0.1239 0.1241 0.1277 0.1257 0.1215 0.1231 0.1274 
         136  1 0.1251 0.1263 0.1264 0.1231 0.1246 0.1247 0.1241 0.1257 
         137  1 0.1259 0.1239 0.1243 0.1269 0.1245 0.1270 0.1246 0.1229 
         138  1 0.1255 0.1264 0.1287 0.1221 0.1197 0.1249 0.1330 0.1198 
         139  1 0.1247 0.1251 0.1245 0.1253 0.1275 0.1233 0.1214 0.1281 
         140  1 0.1239 0.1233 0.1225 0.1276 0.1306 0.1230 0.1200 0.1290 
         141  1 0.1249 0.1267 0.1248 0.1240 0.1243 0.1267 0.1250 0.1235 
         142  1 0.1241 0.1272 0.1246 0.1230 0.1284 0.1256 0.1204 0.1268 
         143  1 0.1256 0.1242 0.1272 0.1234 0.1225 0.1240 0.1309 0.1221 
         144  1 0.1237 0.1249 0.1243 0.1248 0.1274 0.1247 0.1212 0.1290 
         145  1 0.1237 0.1237 0.1272 0.1241 0.1240 0.1242 0.1292 0.1240 
         146  1 0.1244 0.1255 0.1235 0.1261 0.1252 0.1246 0.1234 0.1273 
         147  1 0.1255 0.1262 0.1239 0.1260 0.1254 0.1252 0.1233 0.1245 
         148  1 0.1261 0.1245 0.1276 0.1241 0.1208 0.1233 0.1312 0.1224 
         149  1 0.1221 0.1242 0.1249 0.1241 0.1255 0.1263 0.1259 0.1269 
         150  1 0.1250 0.1234 0.1237 0.1273 0.1257 0.1258 0.1239 0.1253 
         151  1 0.1243 0.1238 0.1240 0.1265 0.1246 0.1266 0.1254 0.1249 
         152  1 0.1257 0.1262 0.1236 0.1253 0.1259 0.1239 0.1216 0.1277 
         153  1 0.1273 0.1251 0.1227 0.1267 0.1257 0.1225 0.1225 0.1276 
         154  1 0.1269 0.1240 0.1255 0.1267 0.1248 0.1236 0.1267 0.1219 
         155  1 0.1257 0.1246 0.1270 0.1238 0.1226 0.1260 0.1290 0.1212 
         156  1 0.1243 0.1270 0.1249 0.1225 0.1287 0.1252 0.1185 0.1288 
         157  1 0.1238 0.1244 0.1214 0.1268 0.1282 0.1276 0.1197 0.1283 
         158  1 0.1264 0.1252 0.1225 0.1283 0.1266 0.1240 0.1227 0.1244 
         159  1 0.1247 0.1251 0.1244 0.1251 0.1265 0.1256 0.1233 0.1254 
         160  1 0.1224 0.1253 0.1254 0.1242 0.1270 0.1271 0.1231 0.1255 
         161  1 0.1240 0.1249 0.1271 0.1234 0.1237 0.1242 0.1294 0.1232 
         162  1 0.1286 0.1228 0.1455 0.1114 0.0979 0.1166 0.1797 0.0975 
         163  1 0.1220 0.1287 0.1226 0.1243 0.1317 0.1236 0.1167 0.1305 
         164  1 0.1266 0.1256 0.1231 0.1276 0.1244 0.1224 0.1239 0.1264 
         165  1 0.1243 0.1247 0.1216 0.1300 0.1275 0.1248 0.1192 0.1279 
         166  1 0.1251 0.1235 0.1257 0.1266 0.1245 0.1274 0.1242 0.1231 
         167  1 0.1265 0.1244 0.1288 0.1221 0.1211 0.1227 0.1349 0.1196 
         168  1 0.1244 0.1250 0.1260 0.1232 0.1239 0.1256 0.1270 0.1249 
         169  1 0.1223 0.1243 0.1244 0.1233 0.1290 0.1268 0.1203 0.1295 
         170  1 0.1268 0.1241 0.1256 0.1225 0.1258 0.1245 0.1287 0.1220 
         171  1 0.1218 0.1242 0.1270 0.1234 0.1280 0.1285 0.1213 0.1259 
         172  1 0.1233 0.1234 0.1246 0.1237 0.1277 0.1251 0.1237 0.1285 
         173  1 0.1226 0.1236 0.1250 0.1242 0.1283 0.1249 0.1217 0.1296 
         174  1 0.1259 0.1239 0.1274 0.1241 0.1220 0.1253 0.1307 0.1206 
         175  1 0.1248 0.1250 0.1289 0.1229 0.1215 0.1236 0.1326 0.1206 
         176  1 0.1269 0.1224 0.1198 0.1308 0.1274 0.1256 0.1196 0.1273 
         177  1 0.1225 0.1290 0.1200 0.1276 0.1280 0.1260 0.1168 0.1302 
         178  1 0.1249 0.1253 0.1239 0.1247 0.1289 0.1250 0.1178 0.1296 
         179  1 0.1270 0.1230 0.1232 0.1275 0.1249 0.1240 0.1254 0.1250 
         180  1 0.1288 0.1252 0.1266 0.1228 0.1230 0.1241 0.1288 0.1206 
         181  1 0.1231 0.1243 0.1232 0.1259 0.1287 0.1262 0.1217 0.1269 
         182  1 0.1250 0.1281 0.1272 0.1211 0.1216 0.1266 0.1285 0.1219 
         183  1 0.1256 0.1229 0.1231 0.1279 0.1272 0.1254 0.1233 0.1246 
         184  1 0.1249 0.1265 0.1274 0.1224 0.1224 0.1264 0.1241 0.1260 
         185  1 0.1213 0.1249 0.1246 0.1254 0.1252 0.1270 0.1228 0.1287 
         186  1 0.1238 0.1269 0.1253 0.1245 0.1246 0.1254 0.1231 0.1263 
         187  1 0.1236 0.1244 0.1228 0.1259 0.1264 0.1259 0.1218 0.1292 
         188  1 0.1209 0.1250 0.1276 0.1230 0.1278 0.1267 0.1195 0.1295 
         189  1 0.1252 0.1241 0.1244 0.1249 0.1273 0.1263 0.1245 0.1234 
         190  1 0.1252 0.1246 0.1244 0.1245 0.1259 0.1239 0.1256 0.1258 
         191  1 0.1232 0.1250 0.1271 0.1222 0.1254 0.1278 0.1252 0.1240 
         192  1 0.1242 0.1243 0.1255 0.1256 0.1245 0.1247 0.1247 0.1266 
         193  1 0.1255 0.1249 0.1238 0.1245 0.1257 0.1275 0.1246 0.1234 
         194  1 0.1266 0.1257 0.1245 0.1245 0.1240 0.1238 0.1280 0.1229 
         195  1 0.1238 0.1230 0.1248 0.1248 0.1287 0.1253 0.1256 0.1240 
         196  1 0.1253 0.1238 0.1294 0.1210 0.1214 0.1252 0.1333 0.1206 
         197  1 0.1257 0.1256 0.1240 0.1260 0.1237 0.1269 0.1243 0.1239 
         198  1 0.1263 0.1250 0.1251 0.1279 0.1229 0.1251 0.1259 0.1220 
         199  1 0.1259 0.1239 0.1217 0.1271 0.1277 0.1252 0.1215 0.1269 
         200  1 0.1250 0.1243 0.1227 0.1263 0.1277 0.1251 0.1200 0.1288 
         201  1 0.1261 0.1253 0.1277 0.1232 0.1201 0.1252 0.1314 0.1210 
         202  1 0.1236 0.1243 0.1235 0.1255 0.1260 0.1246 0.1224 0.1301 
         203  1 0.1254 0.1253 0.1252 0.1232 0.1276 0.1252 0.1231 0.1249 
         204  1 0.1252 0.1258 0.1244 0.1264 0.1252 0.1241 0.1239 0.1251 
         205  1 0.1259 0.1249 0.1255 0.1238 0.1242 0.1243 0.1272 0.1241 
         206  1 0.1249 0.1264 0.1254 0.1228 0.1262 0.1252 0.1240 0.1250 
         207  1 0.1271 0.1241 0.1236 0.1260 0.1276 0.1255 0.1240 0.1221 
         208  1 0.1259 0.1231 0.1237 0.1266 0.1258 0.1246 0.1221 0.1282 
         209  1 0.1256 0.1271 0.1261 0.1270 0.1205 0.1233 0.1279 0.1224 
         210  1 0.1239 0.1252 0.1218 0.1278 0.1272 0.1255 0.1210 0.1276 
         211  1 0.1241 0.1266 0.1236 0.1260 0.1264 0.1256 0.1207 0.1269 
         212  1 0.1259 0.1244 0.1282 0.1226 0.1222 0.1234 0.1306 0.1227 
         213  1 0.1246 0.1252 0.1249 0.1260 0.1251 0.1258 0.1225 0.1257 
         214  1 0.1235 0.1279 0.1261 0.1232 0.1234 0.1241 0.1254 0.1266 
         215  1 0.1223 0.1262 0.1270 0.1223 0.1246 0.1284 0.1260 0.1233 
         216  1 0.1266 0.1260 0.1278 0.1227 0.1199 0.1249 0.1328 0.1193 
         217  1 0.1231 0.1254 0.1220 0.1257 0.1291 0.1261 0.1197 0.1289 
         218  1 0.1241 0.1246 0.1247 0.1261 0.1267 0.1253 0.1224 0.1260 
         219  1 0.1271 0.1234 0.1284 0.1262 0.1171 0.1221 0.1373 0.1184 
         220  1 0.1258 0.1244 0.1258 0.1226 0.1261 0.1256 0.1269 0.1228 
         221  1 0.1255 0.1240 0.1277 0.1235 0.1224 0.1265 0.1271 0.1233 
         222  1 0.1265 0.1244 0.1231 0.1259 0.1265 0.1243 0.1247 0.1246 
         223  1 0.1254 0.1265 0.1208 0.1297 0.1264 0.1236 0.1193 0.1284 
         224  1 0.1240 0.1276 0.1230 0.1254 0.1265 0.1250 0.1238 0.1247 
         225  1 0.1266 0.1244 0.1266 0.1253 0.1225 0.1237 0.1282 0.1227 
         226  1 0.1262 0.1255 0.1287 0.1227 0.1183 0.1257 0.1346 0.1183 
         227  1 0.1240 0.1261 0.1247 0.1262 0.1247 0.1242 0.1247 0.1253 
         228  1 0.1248 0.1258 0.1234 0.1239 0.1282 0.1258 0.1225 0.1256 
         229  1 0.1255 0.1233 0.1220 0.1293 0.1272 0.1252 0.1195 0.1280 
         230  1 0.1255 0.1266 0.1262 0.1238 0.1225 0.1245 0.1282 0.1228 
         231  1 0.1263 0.1251 0.1253 0.1244 0.1241 0.1232 0.1293 0.1224 
         232  1 0.1231 0.1256 0.1242 0.1256 0.1281 0.1248 0.1195 0.1290 
         233  1 0.1267 0.1246 0.1246 0.1241 0.1257 0.1247 0.1268 0.1229 
         234  1 0.1259 0.1260 0.1219 0.1274 0.1262 0.1247 0.1200 0.1279 
         235  1 0.1247 0.1230 0.1191 0.1306 0.1300 0.1244 0.1191 0.1290 
         236  1 0.1263 0.1264 0.1275 0.1219 0.1201 0.1255 0.1337 0.1185 
         237  1 0.1236 0.1249 0.1199 0.1292 0.1302 0.1248 0.1171 0.1303 
         238  1 0.1243 0.1266 0.1217 0.1284 0.1275 0.1238 0.1195 0.1283 
         239  1 0.1250 0.1266 0.1211 0.1284 0.1264 0.1253 0.1198 0.1275 
         240  1 0.1259 0.1255 0.1277 0.1236 0.1208 0.1232 0.1327 0.1207 
         241  1 0.1258 0.1250 0.1271 0.1233 0.1223 0.1248 0.1291 0.1226 
         242  1 0.1258 0.1232 0.1193 0.1310 0.1304 0.1228 0.1174 0.1300 
         243  1 0.1260 0.1250 0.1199 0.1274 0.1312 0.1239 0.1183 0.1282 
         244  1 0.1243 0.1263 0.1248 0.1239 0.1270 0.1259 0.1234 0.1244 
         245  1 0.1241 0.1249 0.1268 0.1234 0.1246 0.1264 0.1267 0.1230 
         246  1 0.1248 0.1242 0.1262 0.1248 0.1237 0.1263 0.1283 0.1217 
         247  1 0.1270 0.1243 0.1271 0.1240 0.1199 0.1259 0.1308 0.1211 
         248  1 0.1245 0.1244 0.1236 0.1262 0.1245 0.1252 0.1240 0.1276 
         249  1 0.1253 0.1269 0.1278 0.1224 0.1245 0.1223 0.1271 0.1238 
         250  1 0.1239 0.1259 0.1294 0.1220 0.1223 0.1243 0.1303 0.1219 
         251  1 0.1250 0.1254 0.1274 0.1220 0.1235 0.1267 0.1285 0.1215 
         252  1 0.1248 0.1249 0.1250 0.1237 0.1244 0.1252 0.1247 0.1272 
         253  1 0.1226 0.1265 0.1243 0.1233 0.1266 0.1248 0.1219 0.1301 
         254  1 0.1247 0.1225 0.1240 0.1253 0.1281 0.1247 0.1232 0.1276 
         255  1 0.1232 0.1234 0.1287 0.1218 0.1244 0.1268 0.1287 0.1230 
         256  1 0.1260 0.1223 0.1284 0.1245 0.1206 0.1247 0.1318 0.1217 
         257  1 0.1230 0.1272 0.1271 0.1210 0.1262 0.1268 0.1231 0.1256 
         258  1 0.1239 0.1242 0.1305 0.1201 0.1227 0.1248 0.1308 0.1231 
         259  1 0.1260 0.1243 0.1242 0.1267 0.1263 0.1251 0.1225 0.1248 
         260  1 0.1263 0.1251 0.1253 0.1233 0.1240 0.1242 0.1288 0.1229 
         261  1 0.1259 0.1260 0.1231 0.1264 0.1256 0.1258 0.1248 0.1225 
         262  1 0.1200 0.1232 0.1289 0.1223 0.1290 0.1281 0.1207 0.1277 
         263  1 0.1236 0.1264 0.1255 0.1235 0.1268 0.1257 0.1219 0.1267 
         264  1 0.1263 0.1236 0.1202 0.1325 0.1269 0.1207 0.1201 0.1297 
         265  1 0.1253 0.1232 0.1230 0.1256 0.1280 0.1251 0.1242 0.1256 
         266  1 0.1238 0.1249 0.1248 0.1244 0.1255 0.1259 0.1253 0.1254 
         267  1 0.1266 0.1253 0.1224 0.1282 0.1252 0.1225 0.1224 0.1274 
         268  1 0.1248 0.1251 0.1283 0.1224 0.1211 0.1269 0.1313 0.1203 
         269  1 0.1254 0.1265 0.1298 0.1194 0.1201 0.1277 0.1354 0.1156 
         270  1 0.1284 0.1252 0.1256 0.1262 0.1223 0.1236 0.1258 0.1228 
         271  1 0.1234 0.1254 0.1263 0.1225 0.1244 0.1257 0.1265 0.1257 
         272  1 0.1268 0.1241 0.1289 0.1219 0.1190 0.1256 0.1357 0.1180 
         273  1 0.1218 0.1233 0.1241 0.1264 0.1303 0.1254 0.1154 0.1333 
         274  1 0.1264 0.1221 0.1188 0.1314 0.1302 0.1239 0.1172 0.1299 
         275  1 0.1240 0.1245 0.1229 0.1260 0.1283 0.1251 0.1213 0.1279 
         276  1 0.1226 0.1257 0.1222 0.1251 0.1273 0.1258 0.1203 0.1309 
         277  1 0.1249 0.1247 0.1237 0.1267 0.1285 0.1224 0.1181 0.1310 
         278  1 0.1240 0.1222 0.1206 0.1294 0.1331 0.1236 0.1160 0.1309 
         279  1 0.1240 0.1256 0.1245 0.1257 0.1250 0.1262 0.1230 0.1260 
         280  1 0.1245 0.1236 0.1264 0.1244 0.1223 0.1269 0.1317 0.1202 
         281  1 0.1259 0.1255 0.1233 0.1252 0.1257 0.1244 0.1206 0.1294 
         282  1 0.1245 0.1241 0.1240 0.1275 0.1246 0.1239 0.1262 0.1251 
         283  1 0.1221 0.1253 0.1237 0.1248 0.1289 0.1243 0.1173 0.1337 
         284  1 0.1224 0.1257 0.1285 0.1210 0.1253 0.1268 0.1239 0.1264 
         285  1 0.1266 0.1244 0.1311 0.1194 0.1184 0.1244 0.1373 0.1183 
         286  1 0.1273 0.1242 0.1236 0.1268 0.1251 0.1248 0.1231 0.1251 
         287  1 0.1265 0.1264 0.1259 0.1235 0.1207 0.1255 0.1306 0.1209 
         288  1 0.1271 0.1232 0.1263 0.1251 0.1236 0.1244 0.1307 0.1197 
         289  1 0.1238 0.1267 0.1256 0.1235 0.1237 0.1256 0.1256 0.1255 
         290  1 0.1220 0.1249 0.1230 0.1269 0.1293 0.1243 0.1190 0.1306 
         291  1 0.1233 0.1259 0.1239 0.1241 0.1298 0.1246 0.1186 0.1297 
         292  1 0.1256 0.1251 0.1242 0.1252 0.1254 0.1241 0.1238 0.1267 
         293  1 0.1263 0.1253 0.1281 0.1216 0.1198 0.1274 0.1318 0.1197 
         294  1 0.1239 0.1258 0.1206 0.1275 0.1285 0.1255 0.1206 0.1277 
         295  1 0.1251 0.1240 0.1249 0.1241 0.1260 0.1251 0.1270 0.1237 
         296  1 0.1246 0.1245 0.1287 0.1217 0.1213 0.1267 0.1302 0.1223 
         297  1 0.1254 0.1246 0.1278 0.1231 0.1200 0.1261 0.1317 0.1213 
         298  1 0.1252 0.1250 0.1306 0.1224 0.1185 0.1251 0.1358 0.1174 
         299  1 0.1258 0.1267 0.1231 0.1238 0.1263 0.1247 0.1195 0.1302 
         300  1 0.1244 0.1269 0.1243 0.1240 0.1273 0.1265 0.1190 0.1276 
