           1  1 0.1886 0.1910 0.2089 0.2039 0.2076 
           2  1 0.1831 0.1870 0.2073 0.2106 0.2120 
           3  1 0.2003 0.1932 0.2051 0.1974 0.2040 
           4  1 0.2267 0.2168 0.1781 0.1906 0.1877 
           5  1 0.1954 0.1987 0.2034 0.1987 0.2038 
           6  1 0.1957 0.1986 0.2028 0.2048 0.1982 
           7  1 0.1966 0.1992 0.1965 0.2053 0.2025 
           8  1 0.1931 0.1958 0.1990 0.2072 0.2049 
           9  1 0.2240 0.2125 0.1892 0.1887 0.1857 
          10  1 0.2098 0.2051 0.1957 0.1923 0.1970 
          11  1 0.1815 0.1858 0.2168 0.2051 0.2108 
          12  1 0.2215 0.2108 0.1890 0.1920 0.1866 
          13  1 0.2369 0.2168 0.1821 0.1829 0.1813 
          14  1 0.2220 0.2166 0.1848 0.1911 0.1854 
          15  1 0.1964 0.1935 0.2050 0.2017 0.2034 
          16  1 0.2015 0.2016 0.1992 0.1993 0.1985 
          17  1 0.2092 0.2089 0.1915 0.1965 0.1939 
          18  1 0.2000 0.1983 0.1992 0.1982 0.2043 
          19  1 0.1974 0.2029 0.2006 0.1994 0.1995 
          20  1 0.2063 0.2070 0.1929 0.1982 0.1957 
          21  1 0.1873 0.1901 0.2070 0.2038 0.2118 
          22  1 0.2111 0.2082 0.1932 0.1940 0.1934 
          23  1 0.1857 0.1933 0.2034 0.2069 0.2107 
          24  1 0.2060 0.2052 0.1919 0.1995 0.1974 
          25  1 0.1993 0.2008 0.2019 0.2000 0.1981 
          26  1 0.1996 0.2046 0.2004 0.1982 0.1973 
          27  1 0.2075 0.2056 0.1938 0.1967 0.1964 
          28  1 0.1997 0.1996 0.1980 0.2012 0.2016 
          29  1 0.1984 0.1988 0.2038 0.1982 0.2008 
          30  1 0.2021 0.2010 0.2008 0.1989 0.1972 
          31  1 0.1780 0.1827 0.2097 0.2173 0.2123 
          32  1 0.2016 0.2048 0.2022 0.1952 0.1961 
          33  1 0.2037 0.2016 0.1985 0.2003 0.1959 
          34  1 0.1988 0.2036 0.1971 0.2028 0.1978 
          35  1 0.2183 0.2135 0.1845 0.1950 0.1887 
          36  1 0.1862 0.1901 0.2120 0.2030 0.2087 
          37  1 0.1721 0.1819 0.2154 0.2180 0.2126 
          38  1 0.1995 0.2031 0.1984 0.2001 0.1990 
          39  1 0.2067 0.2029 0.1968 0.1973 0.1962 
          40  1 0.1926 0.1940 0.2053 0.2037 0.2045 
          41  1 0.2002 0.2030 0.2001 0.1983 0.1985 
          42  1 0.2175 0.2108 0.1931 0.1904 0.1883 
          43  1 0.2087 0.2069 0.1950 0.1948 0.1945 
          44  1 0.1912 0.1944 0.2100 0.2000 0.2044 
          45  1 0.1951 0.1950 0.2073 0.2009 0.2017 
          46  1 0.2066 0.2055 0.1949 0.1948 0.1981 
          47  1 0.1801 0.1850 0.2131 0.2091 0.2127 
          48  1 0.1924 0.1919 0.2070 0.2011 0.2075 
          49  1 0.2143 0.2128 0.1907 0.1910 0.1912 
          50  1 0.1867 0.1899 0.2137 0.2039 0.2057 
          51  1 0.2361 0.2168 0.1797 0.1854 0.1819 
          52  1 0.1990 0.1935 0.2019 0.1980 0.2075 
          53  1 0.1999 0.1984 0.1959 0.2029 0.2029 
          54  1 0.1893 0.1918 0.2065 0.2031 0.2093 
          55  1 0.1995 0.2030 0.1963 0.2032 0.1979 
          56  1 0.1981 0.1983 0.1983 0.2028 0.2026 
          57  1 0.1871 0.1901 0.2054 0.2067 0.2107 
          58  1 0.2009 0.2020 0.1955 0.2033 0.1983 
          59  1 0.1901 0.1987 0.2051 0.2021 0.2041 
          60  1 0.1871 0.1919 0.2109 0.2040 0.2060 
          61  1 0.2076 0.2027 0.1941 0.1975 0.1981 
          62  1 0.2030 0.2012 0.1994 0.2000 0.1964 
          63  1 0.1963 0.1995 0.2043 0.2010 0.1988 
          64  1 0.1769 0.1832 0.2207 0.2041 0.2151 
          65  1 0.2001 0.1980 0.1993 0.2016 0.2010 
          66  1 0.1964 0.2023 0.1971 0.2056 0.1985 
          67  1 0.2101 0.2090 0.1928 0.1945 0.1935 
          68  1 0.1954 0.1939 0.2065 0.1979 0.2064 
          69  1 0.2015 0.2006 0.1967 0.2052 0.1959 
          70  1 0.1929 0.1919 0.2052 0.2023 0.2077 
          71  1 0.1856 0.1935 0.2073 0.2079 0.2057 
          72  1 0.2081 0.2020 0.1967 0.1966 0.1966 
          73  1 0.1880 0.1928 0.2055 0.2046 0.2091 
          74  1 0.1939 0.1910 0.2023 0.2063 0.2065 
          75  1 0.1964 0.1982 0.2057 0.1992 0.2006 
          76  1 0.1865 0.1918 0.2089 0.2043 0.2085 
          77  1 0.1932 0.1986 0.2020 0.2035 0.2028 
          78  1 0.1842 0.1911 0.2092 0.2057 0.2098 
          79  1 0.2012 0.2012 0.2024 0.1956 0.1996 
          80  1 0.2313 0.2200 0.1818 0.1865 0.1804 
          81  1 0.1920 0.1948 0.2087 0.1993 0.2052 
          82  1 0.1839 0.1859 0.2096 0.2120 0.2086 
          83  1 0.1916 0.1939 0.2071 0.2035 0.2040 
          84  1 0.2068 0.2072 0.1972 0.1946 0.1942 
          85  1 0.1862 0.1883 0.2101 0.2060 0.2095 
          86  1 0.1955 0.2014 0.2037 0.1989 0.2006 
          87  1 0.1957 0.1944 0.2060 0.2003 0.2036 
          88  1 0.2058 0.2093 0.1934 0.1971 0.1944 
          89  1 0.2063 0.1999 0.2011 0.1986 0.1941 
          90  1 0.2016 0.2035 0.1994 0.2010 0.1946 
          91  1 0.1865 0.1884 0.2111 0.2025 0.2115 
          92  1 0.1923 0.1926 0.2053 0.2032 0.2067 
          93  1 0.1969 0.1962 0.2062 0.1999 0.2007 
          94  1 0.1891 0.1919 0.2097 0.2057 0.2036 
          95  1 0.1888 0.1916 0.2048 0.2071 0.2076 
          96  1 0.2132 0.2078 0.1937 0.1924 0.1930 
          97  1 0.2086 0.2067 0.1979 0.1915 0.1953 
          98  1 0.2063 0.2052 0.1925 0.1974 0.1985 
          99  1 0.2024 0.2045 0.1970 0.2008 0.1953 
         100  1 0.1965 0.1980 0.2023 0.1988 0.2043 
         101  1 0.1939 0.1966 0.2021 0.2046 0.2027 
         102  1 0.1864 0.1935 0.2079 0.2085 0.2037 
         103  1 0.2203 0.2083 0.1908 0.1920 0.1886 
         104  1 0.1938 0.1987 0.2014 0.2012 0.2050 
         105  1 0.1771 0.1848 0.2155 0.2059 0.2168 
         106  1 0.2003 0.1993 0.1968 0.2035 0.2002 
         107  1 0.2142 0.2057 0.1923 0.1931 0.1948 
         108  1 0.1991 0.1993 0.2017 0.1989 0.2010 
         109  1 0.2160 0.2126 0.1897 0.1918 0.1900 
         110  1 0.1942 0.1983 0.2057 0.2040 0.1978 
         111  1 0.1994 0.1925 0.2047 0.1988 0.2045 
         112  1 0.2015 0.2051 0.1973 0.1984 0.1977 
         113  1 0.2315 0.2123 0.1853 0.1838 0.1871 
         114  1 0.2004 0.1968 0.1991 0.2002 0.2036 
         115  1 0.2126 0.2070 0.1942 0.1938 0.1925 
         116  1 0.2028 0.2031 0.1930 0.1987 0.2025 
         117  1 0.1896 0.1949 0.2029 0.2081 0.2045 
         118  1 0.1883 0.1882 0.2098 0.2045 0.2092 
         119  1 0.1864 0.1906 0.2071 0.2054 0.2105 
         120  1 0.2030 0.2028 0.1986 0.1966 0.1990 
         121  1 0.2114 0.2135 0.1892 0.1946 0.1912 
         122  1 0.1988 0.1972 0.1941 0.2076 0.2022 
         123  1 0.1907 0.1953 0.2083 0.2013 0.2045 
         124  1 0.2016 0.1991 0.2020 0.2012 0.1961 
         125  1 0.1889 0.1909 0.2055 0.2061 0.2086 
         126  1 0.1977 0.1990 0.2002 0.2028 0.2003 
         127  1 0.1981 0.2018 0.2016 0.1974 0.2011 
         128  1 0.2151 0.2146 0.1872 0.1934 0.1897 
         129  1 0.2092 0.2084 0.1913 0.1974 0.1937 
         130  1 0.1977 0.2008 0.2034 0.2024 0.1957 
         131  1 0.1838 0.1873 0.2084 0.2088 0.2117 
         132  1 0.1904 0.1954 0.2037 0.2037 0.2068 
         133  1 0.1871 0.1936 0.2079 0.2053 0.2061 
         134  1 0.1950 0.1956 0.2012 0.2058 0.2023 
         135  1 0.1977 0.1939 0.1995 0.2036 0.2053 
         136  1 0.1974 0.2026 0.1995 0.2021 0.1983 
         137  1 0.1993 0.2017 0.2015 0.1990 0.1985 
         138  1 0.2227 0.2129 0.1849 0.1924 0.1870 
         139  1 0.1897 0.1919 0.2045 0.2079 0.2060 
         140  1 0.1903 0.1924 0.2028 0.2051 0.2094 
         141  1 0.1990 0.2043 0.2008 0.1997 0.1962 
         142  1 0.1862 0.1921 0.2078 0.2072 0.2066 
         143  1 0.2149 0.2111 0.1890 0.1951 0.1899 
         144  1 0.1911 0.1896 0.2033 0.2092 0.2069 
         145  1 0.2137 0.2040 0.1898 0.1980 0.1945 
         146  1 0.1964 0.2038 0.1954 0.2026 0.2019 
         147  1 0.1979 0.2018 0.1981 0.1983 0.2039 
         148  1 0.2172 0.2071 0.1898 0.1941 0.1918 
         149  1 0.2008 0.2034 0.1960 0.2032 0.1967 
         150  1 0.1994 0.1988 0.1994 0.2015 0.2010 
         151  1 0.1963 0.1995 0.2062 0.1979 0.2001 
         152  1 0.1869 0.1934 0.2102 0.2025 0.2071 
         153  1 0.1937 0.1945 0.2019 0.2020 0.2079 
         154  1 0.2055 0.2001 0.1992 0.1969 0.1984 
         155  1 0.2077 0.2062 0.1984 0.1972 0.1905 
         156  1 0.1813 0.1884 0.2090 0.2113 0.2100 
         157  1 0.1853 0.1887 0.2148 0.2059 0.2053 
         158  1 0.1937 0.1971 0.2045 0.1988 0.2059 
         159  1 0.1937 0.1982 0.2040 0.2034 0.2008 
         160  1 0.1934 0.1981 0.2028 0.2046 0.2010 
         161  1 0.2174 0.2124 0.1876 0.1933 0.1893 
         162  1 0.3239 0.2536 0.1374 0.1449 0.1402 
         163  1 0.1747 0.1835 0.2144 0.2158 0.2116 
         164  1 0.1993 0.2026 0.1977 0.1992 0.2012 
         165  1 0.1854 0.1887 0.2099 0.2058 0.2102 
         166  1 0.1978 0.1971 0.2050 0.2012 0.1989 
         167  1 0.2287 0.2138 0.1841 0.1868 0.1865 
         168  1 0.2072 0.2070 0.1938 0.1986 0.1935 
         169  1 0.1921 0.1930 0.2033 0.2072 0.2045 
         170  1 0.2095 0.2069 0.1917 0.1990 0.1929 
         171  1 0.1901 0.1930 0.2055 0.2077 0.2037 
         172  1 0.1961 0.1952 0.2020 0.2026 0.2040 
         173  1 0.1900 0.1957 0.2038 0.2078 0.2027 
         174  1 0.2110 0.2100 0.1939 0.1974 0.1876 
         175  1 0.2185 0.2107 0.1893 0.1925 0.1891 
         176  1 0.1890 0.1897 0.2126 0.2029 0.2058 
         177  1 0.1793 0.1840 0.2145 0.2083 0.2139 
         178  1 0.1827 0.1886 0.2079 0.2101 0.2107 
         179  1 0.2027 0.2023 0.1964 0.1996 0.1990 
         180  1 0.2094 0.2062 0.1964 0.1920 0.1960 
         181  1 0.1930 0.1957 0.2032 0.2047 0.2034 
         182  1 0.2080 0.2088 0.1957 0.1949 0.1927 
         183  1 0.1960 0.1964 0.2058 0.1991 0.2026 
         184  1 0.1963 0.1991 0.1994 0.2038 0.2014 
         185  1 0.1954 0.1972 0.2020 0.2030 0.2024 
         186  1 0.1946 0.1960 0.2028 0.2033 0.2034 
         187  1 0.1916 0.1912 0.2075 0.2069 0.2028 
         188  1 0.1867 0.1885 0.2050 0.2131 0.2067 
         189  1 0.1980 0.2035 0.1996 0.1996 0.1993 
         190  1 0.2024 0.2031 0.1961 0.1991 0.1993 
         191  1 0.2050 0.2077 0.1948 0.1971 0.1955 
         192  1 0.2017 0.1993 0.1999 0.1989 0.2001 
         193  1 0.2017 0.1998 0.2038 0.1964 0.1984 
         194  1 0.2083 0.2043 0.1952 0.1950 0.1972 
         195  1 0.2029 0.2080 0.1904 0.2002 0.1986 
         196  1 0.2226 0.2128 0.1866 0.1916 0.1864 
         197  1 0.1954 0.1991 0.2071 0.1990 0.1994 
         198  1 0.2012 0.2013 0.2017 0.1956 0.2001 
         199  1 0.1918 0.1957 0.2052 0.2010 0.2064 
         200  1 0.1887 0.1930 0.2037 0.2078 0.2067 
         201  1 0.2154 0.2113 0.1901 0.1944 0.1889 
         202  1 0.1915 0.1891 0.2043 0.2093 0.2058 
         203  1 0.1964 0.1997 0.2020 0.2006 0.2013 
         204  1 0.1974 0.1974 0.2057 0.1973 0.2022 
         205  1 0.2051 0.2044 0.2014 0.1921 0.1969 
         206  1 0.1966 0.1984 0.2018 0.2008 0.2023 
         207  1 0.2023 0.2028 0.2010 0.1951 0.1987 
         208  1 0.1943 0.1954 0.2031 0.2015 0.2057 
         209  1 0.2100 0.2058 0.1912 0.1953 0.1976 
         210  1 0.1911 0.1932 0.2081 0.2022 0.2053 
         211  1 0.1903 0.1919 0.2053 0.2050 0.2075 
         212  1 0.2152 0.2125 0.1872 0.1916 0.1935 
         213  1 0.1938 0.1962 0.2059 0.2006 0.2036 
         214  1 0.1972 0.1987 0.2004 0.2037 0.2000 
         215  1 0.1972 0.2002 0.2013 0.2052 0.1962 
         216  1 0.2215 0.2177 0.1846 0.1877 0.1885 
         217  1 0.1852 0.1871 0.2117 0.2075 0.2085 
         218  1 0.1931 0.1970 0.2042 0.2029 0.2028 
         219  1 0.2337 0.2129 0.1828 0.1830 0.1876 
         220  1 0.1992 0.2060 0.1960 0.1994 0.1994 
         221  1 0.2054 0.2057 0.1952 0.1979 0.1957 
         222  1 0.1987 0.1981 0.2044 0.1964 0.2025 
         223  1 0.1880 0.1898 0.2074 0.2053 0.2095 
         224  1 0.1963 0.1968 0.2042 0.2009 0.2018 
         225  1 0.2055 0.2095 0.1939 0.1958 0.1953 
         226  1 0.2262 0.2174 0.1860 0.1861 0.1843 
         227  1 0.2008 0.2023 0.1996 0.1996 0.1978 
         228  1 0.1915 0.1919 0.2087 0.2045 0.2035 
         229  1 0.1875 0.1919 0.2115 0.2019 0.2072 
         230  1 0.2075 0.2053 0.1947 0.1976 0.1950 
         231  1 0.2119 0.2065 0.1918 0.1950 0.1948 
         232  1 0.1861 0.1926 0.2036 0.2113 0.2063 
         233  1 0.2062 0.2092 0.1932 0.1943 0.1971 
         234  1 0.1857 0.1895 0.2108 0.2039 0.2101 
         235  1 0.1856 0.1850 0.2181 0.2018 0.2095 
         236  1 0.2208 0.2181 0.1882 0.1852 0.1878 
         237  1 0.1784 0.1837 0.2162 0.2071 0.2145 
         238  1 0.1844 0.1871 0.2116 0.2085 0.2085 
         239  1 0.1864 0.1881 0.2140 0.2035 0.2080 
         240  1 0.2220 0.2132 0.1862 0.1901 0.1885 
         241  1 0.2174 0.2102 0.1898 0.1911 0.1914 
         242  1 0.1823 0.1854 0.2141 0.2049 0.2132 
         243  1 0.1838 0.1893 0.2088 0.2032 0.2150 
         244  1 0.1959 0.1984 0.2010 0.2027 0.2020 
         245  1 0.2045 0.2015 0.1974 0.2004 0.1962 
         246  1 0.2096 0.2052 0.1954 0.1972 0.1926 
         247  1 0.2153 0.2047 0.1955 0.1926 0.1920 
         248  1 0.2042 0.1993 0.1994 0.1951 0.2021 
         249  1 0.2032 0.2042 0.1944 0.1995 0.1988 
         250  1 0.2102 0.2052 0.1933 0.1987 0.1926 
         251  1 0.2039 0.2022 0.2025 0.1962 0.1952 
         252  1 0.2004 0.1999 0.1972 0.2028 0.1997 
         253  1 0.1899 0.1954 0.2042 0.2057 0.2047 
         254  1 0.1960 0.1968 0.2010 0.2040 0.2021 
         255  1 0.2082 0.2074 0.1904 0.1984 0.1957 
         256  1 0.2169 0.2092 0.1913 0.1937 0.1890 
         257  1 0.1916 0.1993 0.2021 0.2050 0.2021 
         258  1 0.2159 0.2084 0.1883 0.1975 0.1899 
         259  1 0.1943 0.1975 0.2025 0.2026 0.2031 
         260  1 0.2076 0.2037 0.1987 0.1951 0.1950 
         261  1 0.1980 0.2000 0.2040 0.1979 0.2001 
         262  1 0.1898 0.1905 0.2029 0.2135 0.2033 
         263  1 0.1864 0.1955 0.2078 0.2053 0.2050 
         264  1 0.1909 0.1870 0.2095 0.2005 0.2122 
         265  1 0.2017 0.1998 0.1995 0.2006 0.1984 
         266  1 0.2035 0.2010 0.1992 0.1978 0.1985 
         267  1 0.1961 0.1985 0.2001 0.1995 0.2059 
         268  1 0.2186 0.2132 0.1872 0.1942 0.1867 
         269  1 0.2249 0.2212 0.1849 0.1863 0.1827 
         270  1 0.2030 0.2003 0.2008 0.1960 0.2000 
         271  1 0.2034 0.2035 0.1984 0.1994 0.1953 
         272  1 0.2324 0.2226 0.1811 0.1824 0.1815 
         273  1 0.1789 0.1818 0.2105 0.2146 0.2142 
         274  1 0.1834 0.1857 0.2126 0.2065 0.2119 
         275  1 0.1870 0.1919 0.2105 0.2047 0.2060 
         276  1 0.1886 0.1917 0.2056 0.2086 0.2056 
         277  1 0.1818 0.1859 0.2082 0.2096 0.2145 
         278  1 0.1815 0.1837 0.2102 0.2094 0.2152 
         279  1 0.1933 0.1979 0.2040 0.2004 0.2043 
         280  1 0.2139 0.2062 0.1945 0.1956 0.1897 
         281  1 0.1878 0.1897 0.2114 0.2018 0.2093 
         282  1 0.2045 0.1992 0.1986 0.1980 0.1997 
         283  1 0.1842 0.1867 0.2072 0.2099 0.2121 
         284  1 0.1978 0.2037 0.1962 0.2042 0.1981 
         285  1 0.2302 0.2208 0.1805 0.1870 0.1815 
         286  1 0.1949 0.2000 0.2025 0.1994 0.2031 
         287  1 0.2159 0.2121 0.1940 0.1910 0.1871 
         288  1 0.2151 0.2128 0.1898 0.1908 0.1915 
         289  1 0.2012 0.2022 0.1973 0.2002 0.1990 
         290  1 0.1866 0.1897 0.2028 0.2102 0.2106 
         291  1 0.1803 0.1883 0.2099 0.2120 0.2095 
         292  1 0.1923 0.1927 0.2115 0.1998 0.2038 
         293  1 0.2188 0.2141 0.1919 0.1879 0.1874 
         294  1 0.1858 0.1894 0.2111 0.2028 0.2108 
         295  1 0.2047 0.2026 0.1955 0.1978 0.1993 
         296  1 0.2134 0.2113 0.1883 0.1953 0.1918 
         297  1 0.2213 0.2139 0.1886 0.1890 0.1871 
         298  1 0.2305 0.2168 0.1857 0.1835 0.1834 
         299  1 0.1823 0.1863 0.2118 0.2103 0.2093 
         300  1 0.1831 0.1934 0.2085 0.2089 0.2061 
