           1  1 0.1117 0.1117 0.1109 0.1180 0.1160 0.1087 0.1111 0.1077 0.1042 
           2  1 0.1131 0.1163 0.1087 0.1151 0.1186 0.1099 0.1105 0.1053 0.1024 
           3  1 0.1105 0.1097 0.1146 0.1107 0.1094 0.1105 0.1112 0.1107 0.1126 
           4  1 0.1083 0.1119 0.1098 0.1002 0.1047 0.1114 0.1154 0.1153 0.1231 
           5  1 0.1121 0.1117 0.1118 0.1137 0.1142 0.1104 0.1066 0.1113 0.1082 
           6  1 0.1129 0.1121 0.1143 0.1087 0.1124 0.1096 0.1099 0.1108 0.1092 
           7  1 0.1146 0.1142 0.1091 0.1087 0.1126 0.1118 0.1121 0.1091 0.1079 
           8  1 0.1124 0.1108 0.1079 0.1100 0.1140 0.1147 0.1148 0.1076 0.1079 
           9  1 0.1078 0.1080 0.1132 0.1042 0.1018 0.1140 0.1126 0.1172 0.1211 
          10  1 0.1095 0.1122 0.1103 0.1080 0.1119 0.1114 0.1091 0.1140 0.1136 
          11  1 0.1131 0.1167 0.1138 0.1217 0.1146 0.1066 0.1044 0.1075 0.1016 
          12  1 0.1097 0.1054 0.1099 0.1085 0.1038 0.1149 0.1168 0.1130 0.1180 
          13  1 0.1055 0.1075 0.1128 0.1018 0.0994 0.1128 0.1146 0.1198 0.1258 
          14  1 0.1115 0.1089 0.1140 0.1028 0.1046 0.1106 0.1139 0.1142 0.1196 
          15  1 0.1123 0.1126 0.1118 0.1139 0.1091 0.1110 0.1110 0.1081 0.1101 
          16  1 0.1115 0.1141 0.1115 0.1122 0.1112 0.1095 0.1093 0.1107 0.1101 
          17  1 0.1072 0.1132 0.1113 0.1072 0.1090 0.1116 0.1102 0.1140 0.1162 
          18  1 0.1125 0.1129 0.1127 0.1088 0.1154 0.1094 0.1077 0.1105 0.1101 
          19  1 0.1101 0.1108 0.1120 0.1099 0.1091 0.1136 0.1099 0.1130 0.1115 
          20  1 0.1099 0.1107 0.1110 0.1106 0.1104 0.1083 0.1144 0.1118 0.1128 
          21  1 0.1091 0.1138 0.1087 0.1175 0.1196 0.1084 0.1091 0.1086 0.1052 
          22  1 0.1102 0.1072 0.1114 0.1091 0.1090 0.1116 0.1128 0.1123 0.1164 
          23  1 0.1087 0.1160 0.1075 0.1134 0.1183 0.1094 0.1098 0.1106 0.1064 
          24  1 0.1119 0.1142 0.1098 0.1067 0.1129 0.1099 0.1099 0.1120 0.1127 
          25  1 0.1120 0.1094 0.1108 0.1088 0.1097 0.1118 0.1137 0.1123 0.1115 
          26  1 0.1109 0.1092 0.1093 0.1126 0.1121 0.1115 0.1120 0.1113 0.1111 
          27  1 0.1087 0.1104 0.1108 0.1062 0.1107 0.1142 0.1135 0.1120 0.1135 
          28  1 0.1109 0.1122 0.1099 0.1100 0.1100 0.1123 0.1111 0.1118 0.1119 
          29  1 0.1113 0.1126 0.1128 0.1127 0.1122 0.1087 0.1082 0.1109 0.1107 
          30  1 0.1106 0.1103 0.1125 0.1134 0.1107 0.1107 0.1108 0.1097 0.1114 
          31  1 0.1175 0.1072 0.1088 0.1181 0.1142 0.1146 0.1181 0.1008 0.1006 
          32  1 0.1112 0.1100 0.1115 0.1110 0.1123 0.1081 0.1098 0.1138 0.1123 
          33  1 0.1201 0.1065 0.1154 0.1084 0.1029 0.1156 0.1107 0.1087 0.1116 
          34  1 0.1118 0.1124 0.1099 0.1108 0.1139 0.1098 0.1087 0.1121 0.1105 
          35  1 0.1091 0.1102 0.1112 0.1016 0.1049 0.1135 0.1151 0.1158 0.1188 
          36  1 0.1138 0.1102 0.1132 0.1153 0.1114 0.1107 0.1094 0.1088 0.1070 
          37  1 0.1165 0.1096 0.1068 0.1243 0.1185 0.1107 0.1131 0.1021 0.0983 
          38  1 0.1114 0.1111 0.1091 0.1102 0.1134 0.1143 0.1093 0.1112 0.1098 
          39  1 0.1109 0.1094 0.1122 0.1108 0.1093 0.1114 0.1125 0.1099 0.1137 
          40  1 0.1112 0.1141 0.1109 0.1130 0.1125 0.1073 0.1115 0.1109 0.1088 
          41  1 0.1145 0.1122 0.1094 0.1102 0.1137 0.1091 0.1088 0.1117 0.1104 
          42  1 0.1091 0.1075 0.1138 0.1055 0.1037 0.1134 0.1127 0.1150 0.1195 
          43  1 0.1078 0.1115 0.1102 0.1082 0.1108 0.1112 0.1091 0.1150 0.1162 
          44  1 0.1110 0.1111 0.1103 0.1142 0.1161 0.1093 0.1076 0.1120 0.1085 
          45  1 0.1121 0.1108 0.1136 0.1132 0.1132 0.1099 0.1068 0.1113 0.1090 
          46  1 0.1095 0.1111 0.1085 0.1112 0.1121 0.1096 0.1139 0.1123 0.1120 
          47  1 0.1097 0.1135 0.1088 0.1191 0.1180 0.1095 0.1116 0.1063 0.1035 
          48  1 0.1129 0.1094 0.1121 0.1174 0.1104 0.1107 0.1102 0.1080 0.1089 
          49  1 0.1093 0.1080 0.1115 0.1072 0.1074 0.1117 0.1136 0.1136 0.1176 
          50  1 0.1122 0.1133 0.1140 0.1167 0.1160 0.1090 0.1064 0.1086 0.1037 
          51  1 0.1069 0.1065 0.1100 0.1034 0.1014 0.1131 0.1187 0.1141 0.1258 
          52  1 0.1104 0.1108 0.1108 0.1100 0.1135 0.1099 0.1111 0.1113 0.1121 
          53  1 0.1091 0.1156 0.1090 0.1071 0.1143 0.1104 0.1122 0.1121 0.1104 
          54  1 0.1088 0.1148 0.1090 0.1142 0.1201 0.1096 0.1084 0.1095 0.1056 
          55  1 0.1125 0.1125 0.1106 0.1113 0.1099 0.1112 0.1111 0.1088 0.1120 
          56  1 0.1104 0.1101 0.1083 0.1093 0.1167 0.1123 0.1139 0.1104 0.1085 
          57  1 0.1104 0.1140 0.1105 0.1155 0.1139 0.1089 0.1091 0.1102 0.1075 
          58  1 0.1117 0.1122 0.1121 0.1069 0.1109 0.1121 0.1123 0.1103 0.1114 
          59  1 0.1120 0.1111 0.1104 0.1140 0.1177 0.1079 0.1095 0.1104 0.1070 
          60  1 0.1117 0.1127 0.1107 0.1200 0.1185 0.1074 0.1070 0.1086 0.1035 
          61  1 0.1094 0.1103 0.1116 0.1064 0.1077 0.1143 0.1119 0.1137 0.1148 
          62  1 0.1125 0.1081 0.1106 0.1135 0.1100 0.1107 0.1108 0.1111 0.1125 
          63  1 0.1109 0.1080 0.1085 0.1152 0.1138 0.1120 0.1099 0.1116 0.1102 
          64  1 0.1141 0.1127 0.1117 0.1209 0.1231 0.1064 0.1058 0.1056 0.0997 
          65  1 0.1099 0.1122 0.1111 0.1120 0.1125 0.1105 0.1099 0.1107 0.1112 
          66  1 0.1111 0.1097 0.1100 0.1111 0.1102 0.1139 0.1135 0.1100 0.1105 
          67  1 0.1103 0.1092 0.1103 0.1087 0.1081 0.1127 0.1126 0.1137 0.1145 
          68  1 0.1098 0.1112 0.1113 0.1145 0.1109 0.1100 0.1118 0.1114 0.1089 
          69  1 0.1101 0.1093 0.1102 0.1124 0.1099 0.1137 0.1140 0.1099 0.1104 
          70  1 0.1110 0.1145 0.1102 0.1138 0.1135 0.1104 0.1106 0.1090 0.1070 
          71  1 0.1122 0.1150 0.1115 0.1141 0.1121 0.1111 0.1088 0.1092 0.1060 
          72  1 0.1084 0.1082 0.1124 0.1099 0.1084 0.1126 0.1146 0.1114 0.1141 
          73  1 0.1110 0.1152 0.1111 0.1138 0.1150 0.1090 0.1090 0.1086 0.1074 
          74  1 0.1129 0.1121 0.1125 0.1120 0.1113 0.1129 0.1100 0.1070 0.1093 
          75  1 0.1105 0.1105 0.1140 0.1117 0.1080 0.1111 0.1114 0.1125 0.1103 
          76  1 0.1113 0.1136 0.1119 0.1173 0.1165 0.1078 0.1092 0.1075 0.1050 
          77  1 0.1118 0.1103 0.1081 0.1168 0.1175 0.1115 0.1115 0.1074 0.1052 
          78  1 0.1127 0.1164 0.1102 0.1215 0.1163 0.1065 0.1060 0.1066 0.1038 
          79  1 0.1092 0.1106 0.1110 0.1121 0.1083 0.1110 0.1124 0.1131 0.1123 
          80  1 0.1070 0.1066 0.1121 0.1030 0.1039 0.1118 0.1148 0.1166 0.1243 
          81  1 0.1089 0.1114 0.1115 0.1151 0.1141 0.1095 0.1107 0.1107 0.1081 
          82  1 0.1172 0.1105 0.1102 0.1165 0.1125 0.1096 0.1131 0.1064 0.1041 
          83  1 0.1125 0.1126 0.1120 0.1116 0.1151 0.1091 0.1087 0.1115 0.1069 
          84  1 0.1111 0.1136 0.1104 0.1049 0.1122 0.1094 0.1107 0.1141 0.1137 
          85  1 0.1128 0.1138 0.1089 0.1147 0.1196 0.1096 0.1092 0.1073 0.1041 
          86  1 0.1112 0.1120 0.1131 0.1161 0.1111 0.1074 0.1093 0.1101 0.1097 
          87  1 0.1088 0.1123 0.1114 0.1175 0.1131 0.1086 0.1088 0.1106 0.1090 
          88  1 0.1097 0.1114 0.1103 0.1101 0.1070 0.1107 0.1134 0.1123 0.1151 
          89  1 0.1104 0.1089 0.1143 0.1094 0.1065 0.1116 0.1120 0.1113 0.1155 
          90  1 0.1113 0.1108 0.1110 0.1098 0.1076 0.1114 0.1106 0.1127 0.1147 
          91  1 0.1107 0.1113 0.1103 0.1156 0.1172 0.1097 0.1107 0.1093 0.1051 
          92  1 0.1110 0.1112 0.1100 0.1133 0.1116 0.1116 0.1103 0.1109 0.1101 
          93  1 0.1139 0.1104 0.1136 0.1111 0.1110 0.1106 0.1080 0.1108 0.1107 
          94  1 0.1167 0.1104 0.1168 0.1133 0.1108 0.1098 0.1080 0.1088 0.1056 
          95  1 0.1100 0.1133 0.1092 0.1140 0.1147 0.1126 0.1100 0.1091 0.1070 
          96  1 0.1071 0.1088 0.1097 0.1090 0.1095 0.1108 0.1136 0.1158 0.1155 
          97  1 0.1097 0.1107 0.1119 0.1087 0.1100 0.1091 0.1104 0.1143 0.1151 
          98  1 0.1084 0.1124 0.1099 0.1078 0.1092 0.1108 0.1118 0.1139 0.1158 
          99  1 0.1111 0.1131 0.1115 0.1081 0.1088 0.1115 0.1089 0.1136 0.1132 
         100  1 0.1102 0.1128 0.1101 0.1109 0.1151 0.1084 0.1103 0.1124 0.1096 
         101  1 0.1117 0.1151 0.1109 0.1110 0.1120 0.1088 0.1117 0.1094 0.1094 
         102  1 0.1144 0.1093 0.1111 0.1154 0.1141 0.1100 0.1132 0.1078 0.1047 
         103  1 0.1079 0.1036 0.1105 0.1082 0.1075 0.1136 0.1176 0.1116 0.1195 
         104  1 0.1108 0.1143 0.1101 0.1114 0.1155 0.1099 0.1084 0.1113 0.1085 
         105  1 0.1126 0.1166 0.1098 0.1207 0.1205 0.1075 0.1068 0.1057 0.0999 
         106  1 0.1102 0.1116 0.1094 0.1104 0.1099 0.1119 0.1124 0.1115 0.1127 
         107  1 0.1107 0.1111 0.1130 0.1080 0.1072 0.1097 0.1104 0.1117 0.1182 
         108  1 0.1099 0.1096 0.1073 0.1136 0.1161 0.1100 0.1139 0.1105 0.1092 
         109  1 0.1073 0.1091 0.1100 0.1083 0.1082 0.1134 0.1110 0.1162 0.1164 
         110  1 0.1102 0.1088 0.1133 0.1148 0.1107 0.1132 0.1096 0.1118 0.1076 
         111  1 0.1082 0.1109 0.1088 0.1148 0.1128 0.1093 0.1136 0.1091 0.1126 
         112  1 0.1087 0.1101 0.1111 0.1088 0.1111 0.1121 0.1108 0.1140 0.1131 
         113  1 0.1046 0.1079 0.1106 0.1019 0.1038 0.1121 0.1167 0.1158 0.1266 
         114  1 0.1082 0.1124 0.1075 0.1108 0.1138 0.1118 0.1130 0.1106 0.1118 
         115  1 0.1067 0.1089 0.1119 0.1088 0.1077 0.1127 0.1127 0.1141 0.1164 
         116  1 0.1090 0.1146 0.1106 0.1086 0.1106 0.1105 0.1092 0.1138 0.1132 
         117  1 0.1123 0.1087 0.1093 0.1151 0.1124 0.1137 0.1132 0.1090 0.1062 
         118  1 0.1109 0.1158 0.1112 0.1177 0.1133 0.1080 0.1085 0.1078 0.1068 
         119  1 0.1103 0.1158 0.1089 0.1110 0.1183 0.1093 0.1117 0.1097 0.1050 
         120  1 0.1083 0.1140 0.1109 0.1067 0.1128 0.1099 0.1132 0.1123 0.1118 
         121  1 0.1085 0.1080 0.1108 0.1044 0.1072 0.1146 0.1133 0.1151 0.1181 
         122  1 0.1135 0.1129 0.1104 0.1073 0.1097 0.1158 0.1155 0.1060 0.1088 
         123  1 0.1118 0.1125 0.1132 0.1135 0.1127 0.1096 0.1089 0.1101 0.1077 
         124  1 0.1130 0.1095 0.1116 0.1103 0.1093 0.1111 0.1126 0.1098 0.1129 
         125  1 0.1102 0.1163 0.1117 0.1113 0.1153 0.1113 0.1096 0.1082 0.1060 
         126  1 0.1125 0.1125 0.1122 0.1081 0.1126 0.1100 0.1116 0.1103 0.1102 
         127  1 0.1122 0.1122 0.1096 0.1109 0.1111 0.1103 0.1098 0.1125 0.1114 
         128  1 0.1089 0.1106 0.1107 0.1063 0.1066 0.1137 0.1132 0.1135 0.1164 
         129  1 0.1076 0.1094 0.1107 0.1090 0.1072 0.1140 0.1147 0.1119 0.1155 
         130  1 0.1137 0.1116 0.1154 0.1103 0.1070 0.1109 0.1097 0.1114 0.1099 
         131  1 0.1137 0.1127 0.1094 0.1121 0.1171 0.1116 0.1119 0.1075 0.1040 
         132  1 0.1138 0.1119 0.1112 0.1124 0.1107 0.1132 0.1101 0.1086 0.1080 
         133  1 0.1161 0.1131 0.1147 0.1127 0.1121 0.1105 0.1068 0.1086 0.1054 
         134  1 0.1155 0.1123 0.1112 0.1117 0.1086 0.1106 0.1107 0.1102 0.1092 
         135  1 0.1080 0.1136 0.1090 0.1114 0.1112 0.1113 0.1137 0.1094 0.1123 
         136  1 0.1100 0.1150 0.1112 0.1094 0.1118 0.1117 0.1108 0.1105 0.1096 
         137  1 0.1131 0.1122 0.1137 0.1102 0.1085 0.1114 0.1070 0.1125 0.1114 
         138  1 0.1067 0.1092 0.1108 0.1046 0.1068 0.1142 0.1130 0.1153 0.1195 
         139  1 0.1096 0.1135 0.1090 0.1150 0.1134 0.1127 0.1110 0.1088 0.1070 
         140  1 0.1134 0.1134 0.1102 0.1112 0.1136 0.1125 0.1115 0.1076 0.1065 
         141  1 0.1121 0.1111 0.1126 0.1079 0.1116 0.1109 0.1089 0.1136 0.1114 
         142  1 0.1111 0.1114 0.1083 0.1143 0.1193 0.1117 0.1100 0.1087 0.1050 
         143  1 0.1082 0.1099 0.1116 0.1040 0.1076 0.1117 0.1113 0.1179 0.1179 
         144  1 0.1131 0.1123 0.1101 0.1148 0.1121 0.1117 0.1129 0.1057 0.1072 
         145  1 0.1106 0.1105 0.1100 0.1060 0.1073 0.1120 0.1147 0.1114 0.1176 
         146  1 0.1126 0.1171 0.1100 0.1084 0.1155 0.1085 0.1077 0.1111 0.1091 
         147  1 0.1109 0.1117 0.1101 0.1097 0.1130 0.1108 0.1094 0.1127 0.1116 
         148  1 0.1080 0.1082 0.1110 0.1090 0.1053 0.1111 0.1138 0.1135 0.1200 
         149  1 0.1143 0.1121 0.1109 0.1100 0.1068 0.1116 0.1111 0.1120 0.1113 
         150  1 0.1127 0.1100 0.1125 0.1104 0.1076 0.1114 0.1117 0.1111 0.1126 
         151  1 0.1133 0.1103 0.1118 0.1129 0.1084 0.1113 0.1102 0.1120 0.1098 
         152  1 0.1107 0.1135 0.1122 0.1122 0.1153 0.1091 0.1086 0.1108 0.1075 
         153  1 0.1095 0.1146 0.1108 0.1114 0.1153 0.1108 0.1083 0.1106 0.1088 
         154  1 0.1079 0.1115 0.1120 0.1105 0.1069 0.1111 0.1124 0.1129 0.1147 
         155  1 0.1117 0.1090 0.1120 0.1113 0.1055 0.1103 0.1124 0.1123 0.1155 
         156  1 0.1158 0.1127 0.1096 0.1208 0.1156 0.1114 0.1089 0.1039 0.1014 
         157  1 0.1155 0.1103 0.1123 0.1175 0.1156 0.1080 0.1085 0.1076 0.1047 
         158  1 0.1111 0.1112 0.1101 0.1115 0.1179 0.1111 0.1073 0.1114 0.1085 
         159  1 0.1129 0.1129 0.1111 0.1106 0.1121 0.1109 0.1098 0.1107 0.1090 
         160  1 0.1134 0.1111 0.1104 0.1134 0.1147 0.1089 0.1131 0.1084 0.1065 
         161  1 0.1094 0.1102 0.1120 0.1048 0.1096 0.1111 0.1102 0.1158 0.1169 
         162  1 0.0942 0.0906 0.1144 0.0820 0.0789 0.1195 0.1329 0.1160 0.1715 
         163  1 0.1154 0.1117 0.1090 0.1194 0.1183 0.1121 0.1094 0.1044 0.1002 
         164  1 0.1087 0.1135 0.1129 0.1117 0.1133 0.1089 0.1084 0.1122 0.1104 
         165  1 0.1124 0.1091 0.1094 0.1152 0.1150 0.1108 0.1143 0.1077 0.1060 
         166  1 0.1119 0.1103 0.1121 0.1159 0.1069 0.1095 0.1138 0.1089 0.1108 
         167  1 0.1054 0.1070 0.1115 0.1027 0.1054 0.1131 0.1151 0.1157 0.1242 
         168  1 0.1104 0.1124 0.1117 0.1094 0.1068 0.1101 0.1127 0.1128 0.1138 
         169  1 0.1142 0.1110 0.1123 0.1118 0.1123 0.1130 0.1118 0.1076 0.1061 
         170  1 0.1099 0.1110 0.1110 0.1060 0.1098 0.1115 0.1129 0.1117 0.1162 
         171  1 0.1171 0.1058 0.1108 0.1177 0.1111 0.1123 0.1162 0.1033 0.1056 
         172  1 0.1115 0.1109 0.1098 0.1114 0.1096 0.1113 0.1150 0.1103 0.1101 
         173  1 0.1142 0.1133 0.1112 0.1101 0.1107 0.1123 0.1118 0.1085 0.1079 
         174  1 0.1101 0.1105 0.1135 0.1045 0.1055 0.1111 0.1109 0.1162 0.1176 
         175  1 0.1093 0.1074 0.1108 0.1054 0.1074 0.1132 0.1145 0.1139 0.1181 
         176  1 0.1129 0.1171 0.1162 0.1153 0.1124 0.1086 0.1052 0.1073 0.1049 
         177  1 0.1131 0.1119 0.1086 0.1205 0.1216 0.1089 0.1071 0.1059 0.1022 
         178  1 0.1145 0.1152 0.1087 0.1170 0.1173 0.1100 0.1111 0.1039 0.1024 
         179  1 0.1092 0.1135 0.1116 0.1086 0.1088 0.1100 0.1105 0.1136 0.1141 
         180  1 0.1072 0.1108 0.1113 0.1103 0.1126 0.1111 0.1082 0.1140 0.1145 
         181  1 0.1139 0.1127 0.1125 0.1113 0.1168 0.1090 0.1078 0.1083 0.1077 
         182  1 0.1096 0.1086 0.1092 0.1096 0.1138 0.1107 0.1103 0.1146 0.1136 
         183  1 0.1117 0.1118 0.1120 0.1130 0.1147 0.1080 0.1090 0.1117 0.1082 
         184  1 0.1102 0.1105 0.1083 0.1176 0.1124 0.1100 0.1144 0.1081 0.1086 
         185  1 0.1173 0.1069 0.1126 0.1119 0.1091 0.1132 0.1137 0.1080 0.1072 
         186  1 0.1103 0.1091 0.1099 0.1151 0.1115 0.1120 0.1138 0.1099 0.1083 
         187  1 0.1139 0.1115 0.1131 0.1112 0.1111 0.1114 0.1098 0.1101 0.1079 
         188  1 0.1143 0.1108 0.1104 0.1161 0.1123 0.1167 0.1137 0.1023 0.1034 
         189  1 0.1141 0.1101 0.1131 0.1102 0.1093 0.1102 0.1122 0.1100 0.1109 
         190  1 0.1113 0.1141 0.1112 0.1079 0.1133 0.1085 0.1083 0.1125 0.1129 
         191  1 0.1125 0.1097 0.1128 0.1118 0.1099 0.1122 0.1103 0.1095 0.1113 
         192  1 0.1108 0.1110 0.1119 0.1108 0.1079 0.1123 0.1111 0.1113 0.1128 
         193  1 0.1127 0.1109 0.1155 0.1127 0.1084 0.1103 0.1082 0.1112 0.1100 
         194  1 0.1083 0.1125 0.1106 0.1078 0.1097 0.1112 0.1104 0.1152 0.1143 
         195  1 0.1130 0.1188 0.1104 0.1052 0.1140 0.1077 0.1065 0.1130 0.1114 
         196  1 0.1078 0.1072 0.1096 0.1049 0.1032 0.1142 0.1152 0.1162 0.1218 
         197  1 0.1111 0.1088 0.1118 0.1170 0.1124 0.1081 0.1121 0.1094 0.1093 
         198  1 0.1096 0.1111 0.1141 0.1117 0.1096 0.1102 0.1083 0.1126 0.1128 
         199  1 0.1104 0.1145 0.1106 0.1126 0.1166 0.1081 0.1093 0.1106 0.1073 
         200  1 0.1139 0.1165 0.1106 0.1107 0.1175 0.1100 0.1062 0.1093 0.1053 
         201  1 0.1076 0.1098 0.1108 0.1099 0.1046 0.1115 0.1133 0.1139 0.1185 
         202  1 0.1142 0.1126 0.1105 0.1131 0.1092 0.1133 0.1128 0.1079 0.1066 
         203  1 0.1106 0.1139 0.1112 0.1101 0.1142 0.1103 0.1111 0.1102 0.1085 
         204  1 0.1113 0.1088 0.1117 0.1122 0.1143 0.1091 0.1099 0.1128 0.1099 
         205  1 0.1094 0.1083 0.1110 0.1111 0.1125 0.1113 0.1100 0.1132 0.1133 
         206  1 0.1103 0.1105 0.1094 0.1133 0.1153 0.1117 0.1092 0.1105 0.1097 
         207  1 0.1095 0.1124 0.1143 0.1127 0.1098 0.1107 0.1082 0.1112 0.1111 
         208  1 0.1111 0.1133 0.1092 0.1129 0.1136 0.1093 0.1109 0.1109 0.1089 
         209  1 0.1069 0.1095 0.1090 0.1108 0.1086 0.1127 0.1134 0.1129 0.1161 
         210  1 0.1137 0.1117 0.1130 0.1125 0.1121 0.1092 0.1078 0.1104 0.1095 
         211  1 0.1132 0.1099 0.1121 0.1152 0.1141 0.1101 0.1118 0.1075 0.1061 
         212  1 0.1060 0.1113 0.1101 0.1048 0.1063 0.1133 0.1130 0.1169 0.1182 
         213  1 0.1122 0.1117 0.1134 0.1132 0.1114 0.1092 0.1097 0.1100 0.1091 
         214  1 0.1096 0.1094 0.1094 0.1132 0.1110 0.1141 0.1116 0.1103 0.1114 
         215  1 0.1170 0.1073 0.1138 0.1126 0.1078 0.1133 0.1099 0.1087 0.1096 
         216  1 0.1073 0.1100 0.1089 0.1040 0.1083 0.1116 0.1130 0.1176 0.1194 
         217  1 0.1130 0.1113 0.1121 0.1178 0.1134 0.1099 0.1097 0.1076 0.1053 
         218  1 0.1114 0.1099 0.1116 0.1110 0.1113 0.1141 0.1127 0.1095 0.1086 
         219  1 0.1054 0.1058 0.1109 0.1018 0.1021 0.1126 0.1169 0.1162 0.1282 
         220  1 0.1101 0.1142 0.1088 0.1101 0.1128 0.1096 0.1104 0.1128 0.1112 
         221  1 0.1118 0.1103 0.1121 0.1085 0.1056 0.1133 0.1133 0.1122 0.1128 
         222  1 0.1128 0.1118 0.1122 0.1117 0.1119 0.1114 0.1063 0.1116 0.1102 
         223  1 0.1103 0.1137 0.1085 0.1164 0.1197 0.1065 0.1109 0.1082 0.1058 
         224  1 0.1114 0.1106 0.1102 0.1143 0.1174 0.1113 0.1075 0.1097 0.1076 
         225  1 0.1096 0.1106 0.1102 0.1071 0.1112 0.1108 0.1115 0.1149 0.1141 
         226  1 0.1078 0.1075 0.1099 0.1035 0.1044 0.1114 0.1143 0.1191 0.1221 
         227  1 0.1111 0.1108 0.1092 0.1086 0.1147 0.1114 0.1120 0.1119 0.1104 
         228  1 0.1141 0.1113 0.1146 0.1110 0.1129 0.1117 0.1082 0.1095 0.1066 
         229  1 0.1129 0.1136 0.1119 0.1180 0.1112 0.1076 0.1079 0.1093 0.1076 
         230  1 0.1097 0.1072 0.1096 0.1094 0.1107 0.1118 0.1136 0.1138 0.1141 
         231  1 0.1086 0.1080 0.1119 0.1075 0.1070 0.1124 0.1126 0.1145 0.1175 
         232  1 0.1143 0.1146 0.1108 0.1112 0.1144 0.1120 0.1115 0.1065 0.1048 
         233  1 0.1102 0.1155 0.1110 0.1065 0.1141 0.1082 0.1087 0.1129 0.1128 
         234  1 0.1098 0.1138 0.1093 0.1170 0.1160 0.1100 0.1104 0.1086 0.1051 
         235  1 0.1125 0.1138 0.1147 0.1187 0.1165 0.1064 0.1061 0.1067 0.1047 
         236  1 0.1071 0.1100 0.1115 0.1060 0.1077 0.1120 0.1105 0.1183 0.1169 
         237  1 0.1118 0.1138 0.1114 0.1178 0.1179 0.1070 0.1088 0.1077 0.1036 
         238  1 0.1120 0.1140 0.1098 0.1201 0.1158 0.1087 0.1086 0.1063 0.1046 
         239  1 0.1108 0.1140 0.1147 0.1193 0.1144 0.1082 0.1056 0.1087 0.1043 
         240  1 0.1062 0.1116 0.1094 0.1059 0.1046 0.1127 0.1124 0.1170 0.1202 
         241  1 0.1085 0.1111 0.1107 0.1096 0.1078 0.1111 0.1111 0.1137 0.1163 
         242  1 0.1120 0.1161 0.1125 0.1157 0.1161 0.1076 0.1081 0.1081 0.1038 
         243  1 0.1113 0.1154 0.1091 0.1149 0.1239 0.1097 0.1040 0.1087 0.1030 
         244  1 0.1137 0.1123 0.1123 0.1114 0.1122 0.1106 0.1086 0.1099 0.1090 
         245  1 0.1126 0.1055 0.1132 0.1118 0.1104 0.1139 0.1148 0.1084 0.1095 
         246  1 0.1130 0.1095 0.1151 0.1052 0.1047 0.1127 0.1117 0.1131 0.1152 
         247  1 0.1085 0.1073 0.1114 0.1109 0.1058 0.1092 0.1159 0.1119 0.1192 
         248  1 0.1128 0.1091 0.1126 0.1114 0.1116 0.1109 0.1109 0.1100 0.1108 
         249  1 0.1084 0.1100 0.1102 0.1104 0.1088 0.1136 0.1119 0.1129 0.1139 
         250  1 0.1105 0.1088 0.1109 0.1080 0.1059 0.1161 0.1151 0.1107 0.1140 
         251  1 0.1107 0.1073 0.1128 0.1126 0.1066 0.1120 0.1123 0.1117 0.1142 
         252  1 0.1112 0.1132 0.1106 0.1080 0.1101 0.1126 0.1122 0.1097 0.1124 
         253  1 0.1112 0.1116 0.1090 0.1158 0.1134 0.1109 0.1118 0.1084 0.1078 
         254  1 0.1136 0.1119 0.1110 0.1121 0.1093 0.1118 0.1102 0.1120 0.1081 
         255  1 0.1166 0.1057 0.1116 0.1102 0.1066 0.1146 0.1123 0.1099 0.1126 
         256  1 0.1104 0.1087 0.1125 0.1049 0.1032 0.1127 0.1131 0.1151 0.1193 
         257  1 0.1107 0.1129 0.1079 0.1159 0.1175 0.1126 0.1104 0.1067 0.1054 
         258  1 0.1096 0.1062 0.1113 0.1080 0.1038 0.1152 0.1178 0.1115 0.1165 
         259  1 0.1116 0.1099 0.1108 0.1122 0.1117 0.1112 0.1107 0.1114 0.1104 
         260  1 0.1093 0.1104 0.1149 0.1109 0.1054 0.1121 0.1099 0.1137 0.1135 
         261  1 0.1116 0.1123 0.1145 0.1132 0.1080 0.1091 0.1094 0.1119 0.1100 
         262  1 0.1198 0.1067 0.1113 0.1151 0.1087 0.1158 0.1161 0.1012 0.1054 
         263  1 0.1129 0.1136 0.1126 0.1158 0.1119 0.1108 0.1080 0.1074 0.1070 
         264  1 0.1110 0.1124 0.1116 0.1150 0.1145 0.1103 0.1095 0.1088 0.1069 
         265  1 0.1115 0.1115 0.1117 0.1074 0.1123 0.1112 0.1114 0.1121 0.1109 
         266  1 0.1123 0.1116 0.1119 0.1074 0.1110 0.1117 0.1128 0.1100 0.1113 
         267  1 0.1084 0.1105 0.1093 0.1127 0.1159 0.1104 0.1098 0.1126 0.1104 
         268  1 0.1106 0.1064 0.1142 0.1061 0.1035 0.1127 0.1143 0.1132 0.1192 
         269  1 0.1070 0.1068 0.1101 0.1064 0.1069 0.1128 0.1133 0.1168 0.1199 
         270  1 0.1079 0.1109 0.1102 0.1131 0.1095 0.1121 0.1102 0.1129 0.1131 
         271  1 0.1098 0.1114 0.1115 0.1082 0.1064 0.1143 0.1125 0.1126 0.1132 
         272  1 0.1069 0.1097 0.1098 0.1029 0.1033 0.1125 0.1135 0.1195 0.1218 
         273  1 0.1174 0.1108 0.1094 0.1166 0.1146 0.1143 0.1147 0.1014 0.1008 
         274  1 0.1129 0.1162 0.1123 0.1180 0.1171 0.1059 0.1067 0.1081 0.1027 
         275  1 0.1112 0.1104 0.1114 0.1174 0.1161 0.1076 0.1126 0.1075 0.1057 
         276  1 0.1139 0.1109 0.1103 0.1168 0.1142 0.1095 0.1104 0.1087 0.1053 
         277  1 0.1103 0.1139 0.1098 0.1159 0.1153 0.1136 0.1085 0.1078 0.1049 
         278  1 0.1130 0.1159 0.1097 0.1131 0.1188 0.1097 0.1113 0.1059 0.1026 
         279  1 0.1150 0.1106 0.1116 0.1133 0.1124 0.1113 0.1097 0.1083 0.1077 
         280  1 0.1138 0.1061 0.1161 0.1061 0.1023 0.1142 0.1128 0.1116 0.1170 
         281  1 0.1122 0.1128 0.1121 0.1151 0.1150 0.1087 0.1077 0.1097 0.1068 
         282  1 0.1110 0.1090 0.1127 0.1081 0.1072 0.1127 0.1130 0.1129 0.1135 
         283  1 0.1142 0.1122 0.1093 0.1141 0.1149 0.1120 0.1136 0.1058 0.1040 
         284  1 0.1148 0.1102 0.1110 0.1085 0.1079 0.1148 0.1125 0.1103 0.1100 
         285  1 0.1085 0.1073 0.1129 0.1022 0.1001 0.1145 0.1139 0.1174 0.1232 
         286  1 0.1092 0.1148 0.1107 0.1135 0.1131 0.1087 0.1089 0.1113 0.1098 
         287  1 0.1088 0.1113 0.1119 0.1062 0.1088 0.1087 0.1112 0.1176 0.1154 
         288  1 0.1074 0.1129 0.1123 0.1077 0.1075 0.1109 0.1088 0.1160 0.1165 
         289  1 0.1104 0.1104 0.1097 0.1120 0.1100 0.1129 0.1116 0.1119 0.1110 
         290  1 0.1126 0.1146 0.1105 0.1130 0.1150 0.1117 0.1098 0.1063 0.1064 
         291  1 0.1128 0.1145 0.1100 0.1147 0.1169 0.1111 0.1073 0.1084 0.1044 
         292  1 0.1108 0.1083 0.1111 0.1163 0.1140 0.1098 0.1126 0.1094 0.1076 
         293  1 0.1099 0.1058 0.1120 0.1066 0.1067 0.1130 0.1121 0.1154 0.1185 
         294  1 0.1157 0.1092 0.1100 0.1148 0.1177 0.1128 0.1078 0.1086 0.1034 
         295  1 0.1116 0.1122 0.1088 0.1092 0.1101 0.1116 0.1114 0.1124 0.1126 
         296  1 0.1099 0.1081 0.1116 0.1069 0.1066 0.1121 0.1135 0.1135 0.1178 
         297  1 0.1097 0.1105 0.1105 0.1042 0.1054 0.1130 0.1135 0.1150 0.1183 
         298  1 0.1065 0.1071 0.1099 0.1042 0.1023 0.1124 0.1146 0.1174 0.1256 
         299  1 0.1126 0.1137 0.1071 0.1199 0.1166 0.1103 0.1114 0.1054 0.1031 
         300  1 0.1130 0.1154 0.1094 0.1200 0.1158 0.1078 0.1097 0.1057 0.1030 
