           1  1 0.1500 0.1357 0.1373 0.1437 0.1479 0.1425 0.1429 
           2  1 0.1472 0.1289 0.1379 0.1440 0.1535 0.1475 0.1409 
           3  1 0.1439 0.1438 0.1399 0.1431 0.1435 0.1439 0.1420 
           4  1 0.1349 0.1592 0.1474 0.1399 0.1342 0.1424 0.1420 
           5  1 0.1465 0.1382 0.1435 0.1419 0.1436 0.1422 0.1441 
           6  1 0.1432 0.1395 0.1411 0.1412 0.1412 0.1465 0.1472 
           7  1 0.1439 0.1366 0.1407 0.1410 0.1472 0.1482 0.1424 
           8  1 0.1450 0.1355 0.1417 0.1410 0.1504 0.1462 0.1402 
           9  1 0.1353 0.1567 0.1499 0.1394 0.1358 0.1409 0.1419 
          10  1 0.1405 0.1478 0.1434 0.1416 0.1397 0.1434 0.1436 
          11  1 0.1499 0.1343 0.1363 0.1465 0.1457 0.1428 0.1446 
          12  1 0.1369 0.1544 0.1493 0.1383 0.1404 0.1407 0.1400 
          13  1 0.1368 0.1644 0.1507 0.1393 0.1302 0.1367 0.1419 
          14  1 0.1354 0.1547 0.1488 0.1410 0.1341 0.1425 0.1436 
          15  1 0.1478 0.1418 0.1427 0.1406 0.1430 0.1420 0.1421 
          16  1 0.1412 0.1428 0.1435 0.1429 0.1442 0.1424 0.1430 
          17  1 0.1415 0.1491 0.1457 0.1425 0.1371 0.1398 0.1443 
          18  1 0.1421 0.1431 0.1396 0.1424 0.1409 0.1455 0.1464 
          19  1 0.1426 0.1422 0.1441 0.1440 0.1407 0.1416 0.1448 
          20  1 0.1401 0.1461 0.1417 0.1442 0.1410 0.1445 0.1422 
          21  1 0.1482 0.1349 0.1374 0.1453 0.1480 0.1419 0.1444 
          22  1 0.1388 0.1494 0.1441 0.1435 0.1411 0.1418 0.1412 
          23  1 0.1457 0.1352 0.1375 0.1447 0.1466 0.1443 0.1459 
          24  1 0.1418 0.1432 0.1445 0.1434 0.1413 0.1415 0.1443 
          25  1 0.1394 0.1433 0.1435 0.1412 0.1453 0.1432 0.1440 
          26  1 0.1416 0.1448 0.1455 0.1435 0.1417 0.1437 0.1394 
          27  1 0.1391 0.1465 0.1458 0.1392 0.1419 0.1450 0.1426 
          28  1 0.1440 0.1406 0.1436 0.1452 0.1436 0.1411 0.1419 
          29  1 0.1441 0.1434 0.1415 0.1409 0.1416 0.1473 0.1411 
          30  1 0.1388 0.1470 0.1445 0.1410 0.1455 0.1418 0.1414 
          31  1 0.1479 0.1265 0.1402 0.1404 0.1572 0.1465 0.1412 
          32  1 0.1407 0.1433 0.1418 0.1432 0.1418 0.1431 0.1462 
          33  1 0.1405 0.1420 0.1475 0.1411 0.1414 0.1425 0.1450 
          34  1 0.1439 0.1413 0.1419 0.1435 0.1442 0.1405 0.1445 
          35  1 0.1380 0.1527 0.1481 0.1391 0.1373 0.1419 0.1430 
          36  1 0.1452 0.1351 0.1402 0.1449 0.1452 0.1457 0.1437 
          37  1 0.1480 0.1242 0.1384 0.1435 0.1613 0.1449 0.1397 
          38  1 0.1412 0.1452 0.1457 0.1426 0.1434 0.1417 0.1401 
          39  1 0.1417 0.1479 0.1455 0.1425 0.1395 0.1431 0.1398 
          40  1 0.1454 0.1373 0.1379 0.1459 0.1421 0.1439 0.1476 
          41  1 0.1465 0.1415 0.1427 0.1454 0.1406 0.1401 0.1434 
          42  1 0.1364 0.1551 0.1481 0.1411 0.1360 0.1387 0.1446 
          43  1 0.1369 0.1503 0.1444 0.1433 0.1409 0.1420 0.1423 
          44  1 0.1426 0.1404 0.1406 0.1420 0.1462 0.1465 0.1416 
          45  1 0.1432 0.1411 0.1395 0.1410 0.1426 0.1442 0.1485 
          46  1 0.1415 0.1464 0.1452 0.1436 0.1421 0.1411 0.1401 
          47  1 0.1493 0.1324 0.1359 0.1460 0.1494 0.1453 0.1417 
          48  1 0.1460 0.1365 0.1416 0.1443 0.1455 0.1428 0.1433 
          49  1 0.1363 0.1489 0.1456 0.1428 0.1401 0.1438 0.1425 
          50  1 0.1484 0.1351 0.1373 0.1443 0.1458 0.1467 0.1424 
          51  1 0.1341 0.1632 0.1516 0.1416 0.1336 0.1375 0.1385 
          52  1 0.1447 0.1422 0.1387 0.1446 0.1438 0.1422 0.1438 
          53  1 0.1392 0.1420 0.1421 0.1414 0.1449 0.1460 0.1444 
          54  1 0.1447 0.1357 0.1396 0.1458 0.1476 0.1453 0.1412 
          55  1 0.1422 0.1433 0.1434 0.1426 0.1424 0.1445 0.1416 
          56  1 0.1418 0.1391 0.1422 0.1418 0.1470 0.1445 0.1436 
          57  1 0.1510 0.1347 0.1368 0.1465 0.1432 0.1426 0.1453 
          58  1 0.1392 0.1431 0.1424 0.1399 0.1421 0.1475 0.1459 
          59  1 0.1459 0.1385 0.1411 0.1427 0.1468 0.1448 0.1403 
          60  1 0.1466 0.1369 0.1387 0.1459 0.1476 0.1415 0.1428 
          61  1 0.1429 0.1449 0.1464 0.1426 0.1392 0.1398 0.1443 
          62  1 0.1430 0.1435 0.1447 0.1437 0.1436 0.1415 0.1400 
          63  1 0.1424 0.1413 0.1446 0.1458 0.1462 0.1403 0.1394 
          64  1 0.1463 0.1350 0.1338 0.1450 0.1479 0.1475 0.1444 
          65  1 0.1452 0.1416 0.1427 0.1432 0.1442 0.1423 0.1408 
          66  1 0.1419 0.1405 0.1444 0.1429 0.1468 0.1413 0.1423 
          67  1 0.1408 0.1459 0.1444 0.1413 0.1399 0.1439 0.1438 
          68  1 0.1452 0.1422 0.1386 0.1423 0.1419 0.1454 0.1445 
          69  1 0.1414 0.1420 0.1450 0.1402 0.1491 0.1409 0.1415 
          70  1 0.1441 0.1394 0.1424 0.1439 0.1410 0.1448 0.1444 
          71  1 0.1475 0.1363 0.1409 0.1423 0.1439 0.1458 0.1432 
          72  1 0.1416 0.1465 0.1449 0.1423 0.1407 0.1394 0.1446 
          73  1 0.1504 0.1374 0.1407 0.1445 0.1405 0.1413 0.1453 
          74  1 0.1458 0.1381 0.1420 0.1430 0.1433 0.1420 0.1458 
          75  1 0.1407 0.1452 0.1408 0.1422 0.1405 0.1425 0.1481 
          76  1 0.1463 0.1352 0.1369 0.1458 0.1444 0.1461 0.1454 
          77  1 0.1417 0.1396 0.1436 0.1455 0.1511 0.1392 0.1393 
          78  1 0.1464 0.1337 0.1375 0.1453 0.1498 0.1460 0.1414 
          79  1 0.1416 0.1453 0.1432 0.1436 0.1386 0.1446 0.1432 
          80  1 0.1322 0.1612 0.1522 0.1431 0.1330 0.1380 0.1402 
          81  1 0.1422 0.1392 0.1409 0.1446 0.1464 0.1418 0.1449 
          82  1 0.1489 0.1288 0.1358 0.1451 0.1522 0.1456 0.1435 
          83  1 0.1461 0.1383 0.1385 0.1435 0.1443 0.1425 0.1468 
          84  1 0.1383 0.1464 0.1442 0.1427 0.1397 0.1458 0.1430 
          85  1 0.1465 0.1336 0.1385 0.1445 0.1470 0.1465 0.1434 
          86  1 0.1432 0.1417 0.1397 0.1443 0.1422 0.1439 0.1449 
          87  1 0.1465 0.1403 0.1378 0.1433 0.1433 0.1433 0.1454 
          88  1 0.1409 0.1449 0.1452 0.1447 0.1401 0.1418 0.1423 
          89  1 0.1413 0.1483 0.1457 0.1419 0.1368 0.1411 0.1449 
          90  1 0.1432 0.1447 0.1446 0.1436 0.1404 0.1394 0.1441 
          91  1 0.1449 0.1370 0.1378 0.1456 0.1478 0.1430 0.1439 
          92  1 0.1460 0.1386 0.1415 0.1450 0.1440 0.1408 0.1442 
          93  1 0.1436 0.1423 0.1411 0.1428 0.1421 0.1422 0.1459 
          94  1 0.1479 0.1366 0.1391 0.1417 0.1434 0.1439 0.1473 
          95  1 0.1469 0.1355 0.1402 0.1430 0.1487 0.1424 0.1434 
          96  1 0.1403 0.1496 0.1454 0.1433 0.1411 0.1397 0.1407 
          97  1 0.1410 0.1497 0.1436 0.1438 0.1377 0.1426 0.1418 
          98  1 0.1437 0.1469 0.1442 0.1423 0.1386 0.1396 0.1448 
          99  1 0.1417 0.1425 0.1447 0.1432 0.1408 0.1415 0.1456 
         100  1 0.1455 0.1402 0.1402 0.1432 0.1430 0.1443 0.1436 
         101  1 0.1425 0.1391 0.1388 0.1430 0.1423 0.1464 0.1479 
         102  1 0.1446 0.1348 0.1402 0.1435 0.1486 0.1449 0.1434 
         103  1 0.1382 0.1546 0.1484 0.1409 0.1415 0.1417 0.1347 
         104  1 0.1455 0.1388 0.1417 0.1453 0.1443 0.1435 0.1409 
         105  1 0.1487 0.1311 0.1385 0.1436 0.1502 0.1460 0.1419 
         106  1 0.1428 0.1432 0.1404 0.1420 0.1438 0.1433 0.1445 
         107  1 0.1433 0.1517 0.1428 0.1434 0.1353 0.1403 0.1432 
         108  1 0.1414 0.1416 0.1433 0.1442 0.1471 0.1419 0.1405 
         109  1 0.1407 0.1523 0.1466 0.1429 0.1385 0.1399 0.1391 
         110  1 0.1442 0.1429 0.1407 0.1419 0.1442 0.1438 0.1422 
         111  1 0.1457 0.1424 0.1382 0.1452 0.1445 0.1410 0.1429 
         112  1 0.1414 0.1442 0.1432 0.1427 0.1432 0.1439 0.1414 
         113  1 0.1344 0.1657 0.1491 0.1448 0.1335 0.1368 0.1357 
         114  1 0.1442 0.1412 0.1428 0.1440 0.1468 0.1401 0.1409 
         115  1 0.1391 0.1526 0.1460 0.1429 0.1377 0.1417 0.1400 
         116  1 0.1435 0.1444 0.1424 0.1435 0.1397 0.1429 0.1435 
         117  1 0.1451 0.1356 0.1417 0.1426 0.1501 0.1422 0.1427 
         118  1 0.1500 0.1356 0.1350 0.1452 0.1439 0.1464 0.1440 
         119  1 0.1442 0.1356 0.1403 0.1443 0.1460 0.1443 0.1453 
         120  1 0.1393 0.1461 0.1460 0.1439 0.1384 0.1423 0.1441 
         121  1 0.1385 0.1497 0.1481 0.1422 0.1400 0.1426 0.1388 
         122  1 0.1427 0.1393 0.1457 0.1408 0.1444 0.1459 0.1412 
         123  1 0.1430 0.1400 0.1394 0.1435 0.1423 0.1457 0.1461 
         124  1 0.1413 0.1432 0.1454 0.1424 0.1442 0.1420 0.1416 
         125  1 0.1459 0.1351 0.1413 0.1422 0.1447 0.1468 0.1440 
         126  1 0.1412 0.1420 0.1416 0.1434 0.1427 0.1461 0.1429 
         127  1 0.1443 0.1422 0.1446 0.1429 0.1419 0.1439 0.1403 
         128  1 0.1355 0.1526 0.1501 0.1403 0.1409 0.1422 0.1384 
         129  1 0.1386 0.1480 0.1482 0.1404 0.1449 0.1407 0.1390 
         130  1 0.1418 0.1448 0.1440 0.1431 0.1411 0.1410 0.1443 
         131  1 0.1469 0.1341 0.1394 0.1428 0.1477 0.1461 0.1429 
         132  1 0.1475 0.1379 0.1416 0.1422 0.1444 0.1419 0.1445 
         133  1 0.1452 0.1345 0.1403 0.1436 0.1456 0.1454 0.1455 
         134  1 0.1454 0.1369 0.1420 0.1437 0.1445 0.1421 0.1455 
         135  1 0.1459 0.1398 0.1398 0.1459 0.1439 0.1412 0.1435 
         136  1 0.1430 0.1424 0.1474 0.1421 0.1426 0.1409 0.1417 
         137  1 0.1421 0.1439 0.1427 0.1441 0.1424 0.1413 0.1435 
         138  1 0.1370 0.1547 0.1499 0.1404 0.1395 0.1380 0.1406 
         139  1 0.1479 0.1364 0.1431 0.1448 0.1448 0.1393 0.1438 
         140  1 0.1475 0.1359 0.1396 0.1401 0.1445 0.1488 0.1437 
         141  1 0.1437 0.1425 0.1442 0.1437 0.1416 0.1395 0.1449 
         142  1 0.1460 0.1353 0.1419 0.1451 0.1484 0.1422 0.1412 
         143  1 0.1379 0.1506 0.1472 0.1413 0.1369 0.1407 0.1454 
         144  1 0.1486 0.1350 0.1416 0.1408 0.1486 0.1439 0.1414 
         145  1 0.1381 0.1502 0.1445 0.1413 0.1393 0.1432 0.1434 
         146  1 0.1423 0.1391 0.1417 0.1429 0.1427 0.1459 0.1453 
         147  1 0.1450 0.1425 0.1427 0.1438 0.1417 0.1428 0.1415 
         148  1 0.1417 0.1522 0.1453 0.1432 0.1374 0.1406 0.1397 
         149  1 0.1408 0.1429 0.1429 0.1407 0.1427 0.1460 0.1440 
         150  1 0.1455 0.1416 0.1405 0.1429 0.1423 0.1437 0.1435 
         151  1 0.1435 0.1417 0.1417 0.1441 0.1437 0.1438 0.1414 
         152  1 0.1444 0.1377 0.1410 0.1412 0.1455 0.1447 0.1456 
         153  1 0.1460 0.1388 0.1403 0.1447 0.1440 0.1437 0.1425 
         154  1 0.1435 0.1493 0.1437 0.1425 0.1355 0.1420 0.1435 
         155  1 0.1411 0.1461 0.1442 0.1435 0.1396 0.1414 0.1442 
         156  1 0.1479 0.1298 0.1419 0.1427 0.1522 0.1439 0.1416 
         157  1 0.1476 0.1341 0.1362 0.1427 0.1484 0.1472 0.1438 
         158  1 0.1461 0.1436 0.1394 0.1434 0.1432 0.1426 0.1417 
         159  1 0.1461 0.1388 0.1426 0.1451 0.1415 0.1411 0.1448 
         160  1 0.1407 0.1375 0.1454 0.1435 0.1490 0.1417 0.1423 
         161  1 0.1379 0.1507 0.1473 0.1421 0.1356 0.1441 0.1422 
         162  1 0.1094 0.2398 0.1681 0.1462 0.1049 0.1115 0.1202 
         163  1 0.1490 0.1293 0.1381 0.1443 0.1536 0.1454 0.1403 
         164  1 0.1457 0.1407 0.1410 0.1457 0.1404 0.1428 0.1436 
         165  1 0.1477 0.1353 0.1353 0.1439 0.1497 0.1468 0.1413 
         166  1 0.1429 0.1427 0.1423 0.1436 0.1412 0.1443 0.1430 
         167  1 0.1340 0.1597 0.1487 0.1428 0.1363 0.1363 0.1423 
         168  1 0.1417 0.1420 0.1438 0.1433 0.1413 0.1443 0.1437 
         169  1 0.1439 0.1350 0.1400 0.1446 0.1466 0.1478 0.1421 
         170  1 0.1390 0.1484 0.1441 0.1425 0.1406 0.1416 0.1437 
         171  1 0.1446 0.1345 0.1451 0.1407 0.1481 0.1431 0.1438 
         172  1 0.1440 0.1410 0.1425 0.1425 0.1449 0.1415 0.1436 
         173  1 0.1466 0.1348 0.1430 0.1428 0.1442 0.1429 0.1457 
         174  1 0.1392 0.1486 0.1462 0.1399 0.1383 0.1416 0.1461 
         175  1 0.1381 0.1522 0.1474 0.1387 0.1397 0.1431 0.1407 
         176  1 0.1462 0.1382 0.1372 0.1442 0.1437 0.1434 0.1471 
         177  1 0.1469 0.1303 0.1361 0.1466 0.1553 0.1448 0.1400 
         178  1 0.1506 0.1310 0.1410 0.1421 0.1487 0.1426 0.1440 
         179  1 0.1457 0.1441 0.1410 0.1415 0.1385 0.1408 0.1485 
         180  1 0.1400 0.1485 0.1458 0.1416 0.1392 0.1420 0.1429 
         181  1 0.1428 0.1380 0.1391 0.1413 0.1450 0.1462 0.1475 
         182  1 0.1401 0.1483 0.1465 0.1437 0.1403 0.1419 0.1392 
         183  1 0.1434 0.1415 0.1394 0.1445 0.1419 0.1437 0.1456 
         184  1 0.1453 0.1366 0.1451 0.1444 0.1479 0.1399 0.1407 
         185  1 0.1434 0.1400 0.1426 0.1416 0.1459 0.1458 0.1406 
         186  1 0.1466 0.1387 0.1419 0.1436 0.1448 0.1446 0.1398 
         187  1 0.1461 0.1353 0.1387 0.1434 0.1471 0.1451 0.1443 
         188  1 0.1463 0.1333 0.1435 0.1406 0.1506 0.1454 0.1404 
         189  1 0.1432 0.1450 0.1422 0.1412 0.1392 0.1451 0.1440 
         190  1 0.1418 0.1454 0.1421 0.1419 0.1391 0.1455 0.1443 
         191  1 0.1430 0.1471 0.1460 0.1428 0.1367 0.1438 0.1405 
         192  1 0.1428 0.1421 0.1426 0.1433 0.1405 0.1433 0.1454 
         193  1 0.1414 0.1435 0.1420 0.1417 0.1414 0.1451 0.1449 
         194  1 0.1419 0.1475 0.1434 0.1434 0.1394 0.1408 0.1435 
         195  1 0.1362 0.1448 0.1432 0.1409 0.1395 0.1492 0.1463 
         196  1 0.1351 0.1544 0.1491 0.1426 0.1366 0.1404 0.1417 
         197  1 0.1431 0.1428 0.1384 0.1454 0.1418 0.1440 0.1445 
         198  1 0.1412 0.1475 0.1412 0.1420 0.1387 0.1420 0.1474 
         199  1 0.1436 0.1373 0.1380 0.1445 0.1454 0.1470 0.1443 
         200  1 0.1476 0.1334 0.1424 0.1423 0.1455 0.1412 0.1476 
         201  1 0.1410 0.1509 0.1465 0.1415 0.1400 0.1404 0.1397 
         202  1 0.1464 0.1367 0.1407 0.1413 0.1462 0.1450 0.1436 
         203  1 0.1408 0.1419 0.1450 0.1426 0.1417 0.1455 0.1425 
         204  1 0.1407 0.1436 0.1412 0.1448 0.1412 0.1446 0.1439 
         205  1 0.1391 0.1487 0.1429 0.1412 0.1415 0.1444 0.1422 
         206  1 0.1426 0.1391 0.1432 0.1463 0.1449 0.1411 0.1427 
         207  1 0.1429 0.1465 0.1417 0.1413 0.1405 0.1425 0.1446 
         208  1 0.1461 0.1372 0.1391 0.1434 0.1454 0.1458 0.1429 
         209  1 0.1397 0.1468 0.1446 0.1452 0.1433 0.1408 0.1396 
         210  1 0.1455 0.1378 0.1397 0.1427 0.1433 0.1455 0.1456 
         211  1 0.1459 0.1351 0.1408 0.1433 0.1490 0.1423 0.1434 
         212  1 0.1389 0.1506 0.1471 0.1423 0.1380 0.1396 0.1434 
         213  1 0.1438 0.1401 0.1410 0.1441 0.1414 0.1459 0.1437 
         214  1 0.1430 0.1406 0.1447 0.1424 0.1499 0.1416 0.1378 
         215  1 0.1409 0.1406 0.1449 0.1407 0.1472 0.1411 0.1446 
         216  1 0.1377 0.1544 0.1497 0.1437 0.1369 0.1363 0.1413 
         217  1 0.1453 0.1359 0.1370 0.1448 0.1462 0.1463 0.1445 
         218  1 0.1431 0.1376 0.1422 0.1434 0.1469 0.1434 0.1434 
         219  1 0.1377 0.1675 0.1465 0.1458 0.1317 0.1343 0.1365 
         220  1 0.1388 0.1442 0.1445 0.1416 0.1416 0.1426 0.1467 
         221  1 0.1406 0.1447 0.1466 0.1428 0.1395 0.1411 0.1447 
         222  1 0.1434 0.1435 0.1421 0.1419 0.1417 0.1429 0.1445 
         223  1 0.1451 0.1335 0.1372 0.1456 0.1486 0.1452 0.1448 
         224  1 0.1424 0.1431 0.1412 0.1430 0.1466 0.1439 0.1397 
         225  1 0.1410 0.1483 0.1431 0.1407 0.1391 0.1421 0.1457 
         226  1 0.1373 0.1586 0.1497 0.1413 0.1340 0.1383 0.1409 
         227  1 0.1439 0.1420 0.1426 0.1425 0.1450 0.1429 0.1410 
         228  1 0.1420 0.1389 0.1399 0.1439 0.1448 0.1473 0.1431 
         229  1 0.1471 0.1350 0.1373 0.1456 0.1445 0.1446 0.1458 
         230  1 0.1396 0.1452 0.1451 0.1431 0.1442 0.1412 0.1416 
         231  1 0.1410 0.1495 0.1453 0.1422 0.1412 0.1407 0.1400 
         232  1 0.1457 0.1337 0.1421 0.1411 0.1468 0.1448 0.1458 
         233  1 0.1384 0.1468 0.1427 0.1429 0.1404 0.1445 0.1443 
         234  1 0.1467 0.1348 0.1387 0.1452 0.1468 0.1476 0.1401 
         235  1 0.1475 0.1381 0.1346 0.1425 0.1448 0.1459 0.1465 
         236  1 0.1363 0.1557 0.1492 0.1412 0.1357 0.1391 0.1427 
         237  1 0.1466 0.1327 0.1342 0.1468 0.1471 0.1479 0.1448 
         238  1 0.1478 0.1353 0.1372 0.1452 0.1504 0.1418 0.1423 
         239  1 0.1464 0.1347 0.1377 0.1482 0.1466 0.1432 0.1433 
         240  1 0.1384 0.1552 0.1485 0.1422 0.1354 0.1400 0.1403 
         241  1 0.1392 0.1503 0.1476 0.1423 0.1383 0.1437 0.1385 
         242  1 0.1471 0.1322 0.1352 0.1427 0.1475 0.1481 0.1473 
         243  1 0.1486 0.1351 0.1361 0.1450 0.1487 0.1429 0.1437 
         244  1 0.1427 0.1404 0.1434 0.1442 0.1421 0.1424 0.1448 
         245  1 0.1408 0.1432 0.1464 0.1391 0.1454 0.1429 0.1421 
         246  1 0.1401 0.1492 0.1441 0.1434 0.1386 0.1427 0.1419 
         247  1 0.1375 0.1512 0.1445 0.1470 0.1381 0.1403 0.1414 
         248  1 0.1431 0.1440 0.1413 0.1406 0.1417 0.1477 0.1416 
         249  1 0.1435 0.1457 0.1463 0.1413 0.1402 0.1414 0.1416 
         250  1 0.1413 0.1499 0.1476 0.1424 0.1396 0.1407 0.1384 
         251  1 0.1388 0.1471 0.1464 0.1441 0.1408 0.1415 0.1413 
         252  1 0.1433 0.1412 0.1436 0.1409 0.1448 0.1434 0.1430 
         253  1 0.1473 0.1363 0.1419 0.1441 0.1468 0.1445 0.1391 
         254  1 0.1454 0.1378 0.1427 0.1442 0.1415 0.1410 0.1475 
         255  1 0.1402 0.1461 0.1479 0.1389 0.1416 0.1411 0.1441 
         256  1 0.1395 0.1517 0.1461 0.1432 0.1366 0.1389 0.1440 
         257  1 0.1436 0.1369 0.1447 0.1430 0.1492 0.1430 0.1396 
         258  1 0.1396 0.1517 0.1481 0.1404 0.1388 0.1390 0.1424 
         259  1 0.1426 0.1402 0.1410 0.1426 0.1438 0.1443 0.1455 
         260  1 0.1413 0.1487 0.1439 0.1427 0.1390 0.1429 0.1415 
         261  1 0.1421 0.1435 0.1415 0.1425 0.1400 0.1462 0.1442 
         262  1 0.1441 0.1352 0.1447 0.1415 0.1495 0.1432 0.1418 
         263  1 0.1436 0.1369 0.1416 0.1425 0.1482 0.1426 0.1445 
         264  1 0.1481 0.1367 0.1362 0.1416 0.1456 0.1472 0.1447 
         265  1 0.1436 0.1421 0.1410 0.1426 0.1421 0.1437 0.1449 
         266  1 0.1400 0.1458 0.1437 0.1401 0.1425 0.1457 0.1422 
         267  1 0.1465 0.1391 0.1406 0.1464 0.1442 0.1411 0.1421 
         268  1 0.1388 0.1517 0.1475 0.1428 0.1381 0.1411 0.1401 
         269  1 0.1343 0.1580 0.1491 0.1423 0.1364 0.1403 0.1396 
         270  1 0.1438 0.1445 0.1427 0.1442 0.1395 0.1426 0.1427 
         271  1 0.1414 0.1446 0.1448 0.1413 0.1408 0.1439 0.1432 
         272  1 0.1339 0.1618 0.1525 0.1407 0.1325 0.1389 0.1396 
         273  1 0.1493 0.1261 0.1387 0.1429 0.1554 0.1458 0.1418 
         274  1 0.1497 0.1330 0.1330 0.1452 0.1464 0.1453 0.1474 
         275  1 0.1434 0.1345 0.1393 0.1431 0.1502 0.1442 0.1455 
         276  1 0.1494 0.1343 0.1386 0.1440 0.1462 0.1464 0.1411 
         277  1 0.1503 0.1313 0.1385 0.1445 0.1480 0.1429 0.1446 
         278  1 0.1486 0.1328 0.1365 0.1435 0.1458 0.1467 0.1461 
         279  1 0.1447 0.1408 0.1420 0.1421 0.1440 0.1447 0.1417 
         280  1 0.1393 0.1526 0.1467 0.1419 0.1365 0.1406 0.1424 
         281  1 0.1470 0.1367 0.1396 0.1436 0.1434 0.1432 0.1464 
         282  1 0.1434 0.1434 0.1426 0.1425 0.1413 0.1436 0.1432 
         283  1 0.1487 0.1327 0.1397 0.1434 0.1491 0.1431 0.1433 
         284  1 0.1424 0.1411 0.1465 0.1414 0.1423 0.1429 0.1434 
         285  1 0.1372 0.1610 0.1521 0.1408 0.1310 0.1353 0.1426 
         286  1 0.1440 0.1403 0.1405 0.1445 0.1428 0.1426 0.1453 
         287  1 0.1392 0.1504 0.1456 0.1437 0.1377 0.1403 0.1432 
         288  1 0.1367 0.1531 0.1457 0.1412 0.1370 0.1407 0.1456 
         289  1 0.1423 0.1424 0.1454 0.1446 0.1455 0.1402 0.1397 
         290  1 0.1455 0.1344 0.1398 0.1414 0.1497 0.1451 0.1440 
         291  1 0.1475 0.1327 0.1391 0.1453 0.1488 0.1428 0.1439 
         292  1 0.1444 0.1395 0.1411 0.1431 0.1444 0.1448 0.1428 
         293  1 0.1359 0.1561 0.1492 0.1414 0.1374 0.1406 0.1393 
         294  1 0.1448 0.1341 0.1389 0.1449 0.1491 0.1468 0.1413 
         295  1 0.1432 0.1440 0.1427 0.1428 0.1418 0.1429 0.1426 
         296  1 0.1383 0.1492 0.1462 0.1412 0.1400 0.1421 0.1427 
         297  1 0.1393 0.1547 0.1492 0.1416 0.1364 0.1395 0.1393 
         298  1 0.1340 0.1609 0.1508 0.1420 0.1336 0.1399 0.1388 
         299  1 0.1481 0.1301 0.1402 0.1449 0.1523 0.1434 0.1412 
         300  1 0.1492 0.1324 0.1414 0.1433 0.1498 0.1424 0.1415 
