           1  1 0.2113 0.2539 0.2646 0.2703 
           2  1 0.2015 0.2589 0.2758 0.2638 
           3  1 0.2489 0.2427 0.2430 0.2653 
           4  1 0.3186 0.2406 0.2212 0.2196 
           5  1 0.2348 0.2582 0.2535 0.2535 
           6  1 0.2294 0.2553 0.2568 0.2585 
           7  1 0.2360 0.2536 0.2631 0.2472 
           8  1 0.2248 0.2524 0.2750 0.2478 
           9  1 0.3165 0.2328 0.2218 0.2289 
          10  1 0.2713 0.2568 0.2273 0.2445 
          11  1 0.2032 0.2613 0.2469 0.2885 
          12  1 0.3106 0.2214 0.2402 0.2278 
          13  1 0.3533 0.2191 0.2038 0.2237 
          14  1 0.2901 0.2381 0.2394 0.2325 
          15  1 0.2431 0.2384 0.2558 0.2627 
          16  1 0.2544 0.2418 0.2498 0.2539 
          17  1 0.2790 0.2518 0.2344 0.2348 
          18  1 0.2482 0.2596 0.2345 0.2577 
          19  1 0.2480 0.2624 0.2413 0.2483 
          20  1 0.2600 0.2503 0.2428 0.2469 
          21  1 0.2164 0.2695 0.2537 0.2603 
          22  1 0.2742 0.2422 0.2460 0.2375 
          23  1 0.2179 0.2748 0.2513 0.2561 
          24  1 0.2549 0.2557 0.2506 0.2388 
          25  1 0.2466 0.2549 0.2530 0.2455 
          26  1 0.2498 0.2450 0.2645 0.2406 
          27  1 0.2643 0.2493 0.2433 0.2431 
          28  1 0.2536 0.2523 0.2595 0.2346 
          29  1 0.2425 0.2485 0.2502 0.2588 
          30  1 0.2596 0.2396 0.2523 0.2484 
          31  1 0.1971 0.2450 0.3000 0.2578 
          32  1 0.2466 0.2678 0.2365 0.2491 
          33  1 0.2577 0.2331 0.2610 0.2482 
          34  1 0.2497 0.2553 0.2470 0.2481 
          35  1 0.2965 0.2403 0.2320 0.2313 
          36  1 0.2157 0.2557 0.2611 0.2675 
          37  1 0.1908 0.2459 0.3049 0.2583 
          38  1 0.2525 0.2483 0.2594 0.2398 
          39  1 0.2640 0.2358 0.2527 0.2475 
          40  1 0.2264 0.2687 0.2436 0.2613 
          41  1 0.2412 0.2603 0.2540 0.2445 
          42  1 0.3033 0.2400 0.2197 0.2371 
          43  1 0.2816 0.2486 0.2351 0.2347 
          44  1 0.2219 0.2572 0.2486 0.2723 
          45  1 0.2255 0.2561 0.2435 0.2750 
          46  1 0.2691 0.2464 0.2469 0.2376 
          47  1 0.2038 0.2662 0.2727 0.2572 
          48  1 0.2382 0.2467 0.2574 0.2578 
          49  1 0.2827 0.2421 0.2363 0.2389 
          50  1 0.2018 0.2674 0.2465 0.2844 
          51  1 0.3452 0.2170 0.2243 0.2135 
          52  1 0.2502 0.2572 0.2396 0.2529 
          53  1 0.2460 0.2647 0.2484 0.2409 
          54  1 0.2209 0.2659 0.2624 0.2508 
          55  1 0.2532 0.2459 0.2582 0.2427 
          56  1 0.2355 0.2595 0.2532 0.2518 
          57  1 0.2179 0.2695 0.2530 0.2596 
          58  1 0.2400 0.2557 0.2500 0.2543 
          59  1 0.2215 0.2521 0.2670 0.2593 
          60  1 0.2123 0.2618 0.2529 0.2730 
          61  1 0.2761 0.2441 0.2456 0.2343 
          62  1 0.2526 0.2431 0.2600 0.2443 
          63  1 0.2501 0.2457 0.2649 0.2392 
          64  1 0.1891 0.2626 0.2513 0.2971 
          65  1 0.2506 0.2447 0.2539 0.2507 
          66  1 0.2475 0.2449 0.2662 0.2414 
          67  1 0.2741 0.2490 0.2373 0.2396 
          68  1 0.2368 0.2536 0.2439 0.2657 
          69  1 0.2552 0.2412 0.2679 0.2358 
          70  1 0.2340 0.2519 0.2525 0.2616 
          71  1 0.2175 0.2554 0.2620 0.2650 
          72  1 0.2696 0.2399 0.2391 0.2514 
          73  1 0.2244 0.2648 0.2472 0.2636 
          74  1 0.2353 0.2433 0.2626 0.2588 
          75  1 0.2423 0.2567 0.2323 0.2687 
          76  1 0.2104 0.2645 0.2559 0.2691 
          77  1 0.2355 0.2473 0.2747 0.2425 
          78  1 0.2090 0.2633 0.2629 0.2649 
          79  1 0.2553 0.2532 0.2335 0.2580 
          80  1 0.3281 0.2257 0.2268 0.2194 
          81  1 0.2278 0.2662 0.2464 0.2597 
          82  1 0.2011 0.2612 0.2774 0.2604 
          83  1 0.2220 0.2625 0.2439 0.2716 
          84  1 0.2599 0.2600 0.2426 0.2375 
          85  1 0.2122 0.2560 0.2738 0.2580 
          86  1 0.2348 0.2599 0.2421 0.2632 
          87  1 0.2316 0.2610 0.2380 0.2693 
          88  1 0.2712 0.2490 0.2474 0.2324 
          89  1 0.2715 0.2371 0.2365 0.2549 
          90  1 0.2662 0.2495 0.2471 0.2372 
          91  1 0.2168 0.2593 0.2542 0.2697 
          92  1 0.2409 0.2535 0.2550 0.2507 
          93  1 0.2387 0.2556 0.2446 0.2610 
          94  1 0.2118 0.2510 0.2608 0.2765 
          95  1 0.2236 0.2569 0.2637 0.2559 
          96  1 0.2849 0.2464 0.2294 0.2394 
          97  1 0.2687 0.2546 0.2294 0.2472 
          98  1 0.2774 0.2573 0.2324 0.2329 
          99  1 0.2561 0.2580 0.2387 0.2472 
         100  1 0.2372 0.2652 0.2455 0.2521 
         101  1 0.2334 0.2589 0.2483 0.2594 
         102  1 0.2162 0.2531 0.2715 0.2592 
         103  1 0.3062 0.2217 0.2519 0.2202 
         104  1 0.2362 0.2556 0.2599 0.2483 
         105  1 0.1982 0.2635 0.2663 0.2720 
         106  1 0.2575 0.2484 0.2487 0.2454 
         107  1 0.2826 0.2429 0.2274 0.2471 
         108  1 0.2423 0.2577 0.2574 0.2426 
         109  1 0.2956 0.2435 0.2331 0.2278 
         110  1 0.2339 0.2456 0.2597 0.2608 
         111  1 0.2523 0.2510 0.2459 0.2507 
         112  1 0.2580 0.2537 0.2460 0.2424 
         113  1 0.3473 0.2180 0.2182 0.2165 
         114  1 0.2582 0.2471 0.2545 0.2402 
         115  1 0.2884 0.2390 0.2331 0.2395 
         116  1 0.2583 0.2541 0.2411 0.2464 
         117  1 0.2322 0.2500 0.2724 0.2454 
         118  1 0.2213 0.2594 0.2481 0.2711 
         119  1 0.2159 0.2680 0.2532 0.2628 
         120  1 0.2535 0.2582 0.2385 0.2498 
         121  1 0.2895 0.2384 0.2459 0.2262 
         122  1 0.2416 0.2416 0.2745 0.2424 
         123  1 0.2289 0.2587 0.2414 0.2710 
         124  1 0.2574 0.2342 0.2617 0.2467 
         125  1 0.2163 0.2610 0.2616 0.2611 
         126  1 0.2358 0.2530 0.2541 0.2571 
         127  1 0.2466 0.2552 0.2519 0.2463 
         128  1 0.2939 0.2407 0.2430 0.2224 
         129  1 0.2851 0.2371 0.2493 0.2285 
         130  1 0.2421 0.2493 0.2467 0.2619 
         131  1 0.2149 0.2564 0.2694 0.2594 
         132  1 0.2280 0.2577 0.2592 0.2551 
         133  1 0.2133 0.2592 0.2589 0.2685 
         134  1 0.2326 0.2485 0.2700 0.2489 
         135  1 0.2505 0.2567 0.2492 0.2437 
         136  1 0.2473 0.2531 0.2580 0.2416 
         137  1 0.2495 0.2486 0.2372 0.2647 
         138  1 0.3098 0.2327 0.2362 0.2213 
         139  1 0.2327 0.2569 0.2657 0.2448 
         140  1 0.2226 0.2531 0.2644 0.2599 
         141  1 0.2429 0.2596 0.2440 0.2535 
         142  1 0.2166 0.2566 0.2736 0.2532 
         143  1 0.2838 0.2486 0.2277 0.2399 
         144  1 0.2284 0.2439 0.2728 0.2549 
         145  1 0.2794 0.2396 0.2376 0.2434 
         146  1 0.2370 0.2633 0.2535 0.2462 
         147  1 0.2439 0.2606 0.2467 0.2487 
         148  1 0.2986 0.2344 0.2406 0.2264 
         149  1 0.2534 0.2516 0.2556 0.2395 
         150  1 0.2424 0.2477 0.2493 0.2606 
         151  1 0.2407 0.2539 0.2434 0.2620 
         152  1 0.2221 0.2672 0.2490 0.2618 
         153  1 0.2319 0.2633 0.2508 0.2540 
         154  1 0.2657 0.2462 0.2341 0.2541 
         155  1 0.2762 0.2411 0.2445 0.2381 
         156  1 0.2023 0.2521 0.2841 0.2616 
         157  1 0.2060 0.2581 0.2584 0.2776 
         158  1 0.2363 0.2571 0.2428 0.2638 
         159  1 0.2334 0.2576 0.2508 0.2582 
         160  1 0.2311 0.2478 0.2737 0.2474 
         161  1 0.2851 0.2452 0.2378 0.2319 
         162  1 0.5608 0.1473 0.1468 0.1451 
         163  1 0.1952 0.2522 0.2935 0.2590 
         164  1 0.2476 0.2571 0.2427 0.2525 
         165  1 0.2117 0.2576 0.2630 0.2676 
         166  1 0.2441 0.2472 0.2481 0.2607 
         167  1 0.3216 0.2361 0.2232 0.2191 
         168  1 0.2639 0.2529 0.2480 0.2351 
         169  1 0.2132 0.2537 0.2686 0.2645 
         170  1 0.2722 0.2514 0.2363 0.2402 
         171  1 0.2284 0.2325 0.2815 0.2576 
         172  1 0.2442 0.2507 0.2534 0.2516 
         173  1 0.2255 0.2536 0.2685 0.2524 
         174  1 0.2777 0.2468 0.2317 0.2438 
         175  1 0.2951 0.2326 0.2369 0.2354 
         176  1 0.2145 0.2558 0.2386 0.2911 
         177  1 0.1965 0.2570 0.2767 0.2698 
         178  1 0.2064 0.2534 0.2806 0.2596 
         179  1 0.2596 0.2524 0.2312 0.2568 
         180  1 0.2708 0.2481 0.2352 0.2459 
         181  1 0.2198 0.2579 0.2567 0.2656 
         182  1 0.2611 0.2495 0.2510 0.2384 
         183  1 0.2335 0.2582 0.2438 0.2645 
         184  1 0.2474 0.2488 0.2706 0.2332 
         185  1 0.2297 0.2403 0.2724 0.2576 
         186  1 0.2405 0.2473 0.2665 0.2457 
         187  1 0.2209 0.2551 0.2557 0.2684 
         188  1 0.2181 0.2382 0.2933 0.2504 
         189  1 0.2396 0.2504 0.2475 0.2625 
         190  1 0.2548 0.2552 0.2434 0.2466 
         191  1 0.2516 0.2413 0.2625 0.2446 
         192  1 0.2482 0.2546 0.2485 0.2487 
         193  1 0.2514 0.2523 0.2255 0.2707 
         194  1 0.2799 0.2450 0.2336 0.2416 
         195  1 0.2451 0.2645 0.2455 0.2449 
         196  1 0.3218 0.2305 0.2280 0.2197 
         197  1 0.2317 0.2604 0.2415 0.2664 
         198  1 0.2503 0.2512 0.2317 0.2669 
         199  1 0.2228 0.2696 0.2438 0.2639 
         200  1 0.2152 0.2620 0.2605 0.2623 
         201  1 0.2984 0.2386 0.2314 0.2317 
         202  1 0.2249 0.2463 0.2675 0.2613 
         203  1 0.2347 0.2577 0.2547 0.2528 
         204  1 0.2366 0.2559 0.2471 0.2604 
         205  1 0.2562 0.2516 0.2351 0.2571 
         206  1 0.2393 0.2597 0.2623 0.2386 
         207  1 0.2513 0.2519 0.2348 0.2620 
         208  1 0.2306 0.2611 0.2536 0.2547 
         209  1 0.2864 0.2364 0.2505 0.2267 
         210  1 0.2276 0.2560 0.2506 0.2659 
         211  1 0.2223 0.2531 0.2654 0.2592 
         212  1 0.2941 0.2491 0.2360 0.2208 
         213  1 0.2308 0.2553 0.2476 0.2663 
         214  1 0.2484 0.2403 0.2761 0.2352 
         215  1 0.2366 0.2412 0.2719 0.2502 
         216  1 0.3124 0.2405 0.2242 0.2228 
         217  1 0.2059 0.2565 0.2633 0.2742 
         218  1 0.2372 0.2555 0.2573 0.2499 
         219  1 0.3526 0.2212 0.2140 0.2123 
         220  1 0.2587 0.2554 0.2413 0.2446 
         221  1 0.2679 0.2430 0.2473 0.2417 
         222  1 0.2433 0.2589 0.2361 0.2617 
         223  1 0.2152 0.2640 0.2636 0.2573 
         224  1 0.2332 0.2470 0.2649 0.2548 
         225  1 0.2674 0.2522 0.2366 0.2437 
         226  1 0.3178 0.2305 0.2205 0.2313 
         227  1 0.2486 0.2495 0.2533 0.2486 
         228  1 0.2148 0.2584 0.2498 0.2770 
         229  1 0.2192 0.2665 0.2480 0.2664 
         230  1 0.2702 0.2397 0.2500 0.2401 
         231  1 0.2840 0.2413 0.2377 0.2370 
         232  1 0.2141 0.2502 0.2729 0.2628 
         233  1 0.2608 0.2658 0.2297 0.2437 
         234  1 0.2138 0.2608 0.2610 0.2644 
         235  1 0.2069 0.2631 0.2410 0.2890 
         236  1 0.3052 0.2426 0.2174 0.2348 
         237  1 0.1967 0.2705 0.2508 0.2820 
         238  1 0.2151 0.2522 0.2625 0.2701 
         239  1 0.2078 0.2583 0.2559 0.2779 
         240  1 0.3166 0.2388 0.2238 0.2208 
         241  1 0.2891 0.2399 0.2380 0.2330 
         242  1 0.2006 0.2694 0.2450 0.2850 
         243  1 0.2049 0.2703 0.2516 0.2733 
         244  1 0.2348 0.2563 0.2553 0.2536 
         245  1 0.2584 0.2362 0.2598 0.2456 
         246  1 0.2740 0.2391 0.2364 0.2505 
         247  1 0.2934 0.2378 0.2318 0.2370 
         248  1 0.2480 0.2437 0.2442 0.2641 
         249  1 0.2712 0.2449 0.2527 0.2312 
         250  1 0.2861 0.2315 0.2514 0.2311 
         251  1 0.2620 0.2438 0.2450 0.2492 
         252  1 0.2490 0.2528 0.2541 0.2442 
         253  1 0.2253 0.2564 0.2748 0.2435 
         254  1 0.2381 0.2547 0.2640 0.2432 
         255  1 0.2699 0.2341 0.2619 0.2340 
         256  1 0.3015 0.2367 0.2315 0.2303 
         257  1 0.2271 0.2517 0.2779 0.2433 
         258  1 0.2956 0.2297 0.2479 0.2269 
         259  1 0.2328 0.2538 0.2494 0.2640 
         260  1 0.2686 0.2463 0.2315 0.2536 
         261  1 0.2475 0.2541 0.2283 0.2701 
         262  1 0.2299 0.2282 0.2959 0.2460 
         263  1 0.2220 0.2540 0.2581 0.2659 
         264  1 0.2301 0.2519 0.2496 0.2685 
         265  1 0.2379 0.2572 0.2434 0.2615 
         266  1 0.2492 0.2486 0.2472 0.2550 
         267  1 0.2404 0.2631 0.2463 0.2503 
         268  1 0.2994 0.2291 0.2398 0.2317 
         269  1 0.3210 0.2360 0.2243 0.2187 
         270  1 0.2691 0.2533 0.2341 0.2435 
         271  1 0.2530 0.2517 0.2503 0.2450 
         272  1 0.3359 0.2304 0.2111 0.2226 
         273  1 0.1956 0.2483 0.2940 0.2621 
         274  1 0.1978 0.2707 0.2451 0.2864 
         275  1 0.2202 0.2560 0.2626 0.2612 
         276  1 0.2104 0.2544 0.2758 0.2595 
         277  1 0.2105 0.2631 0.2739 0.2525 
         278  1 0.1991 0.2663 0.2649 0.2697 
         279  1 0.2271 0.2454 0.2545 0.2730 
         280  1 0.2916 0.2257 0.2369 0.2458 
         281  1 0.2194 0.2652 0.2553 0.2601 
         282  1 0.2690 0.2409 0.2446 0.2455 
         283  1 0.2070 0.2581 0.2733 0.2617 
         284  1 0.2440 0.2466 0.2730 0.2364 
         285  1 0.3416 0.2277 0.2165 0.2142 
         286  1 0.2358 0.2621 0.2376 0.2645 
         287  1 0.2842 0.2484 0.2215 0.2459 
         288  1 0.2931 0.2489 0.2146 0.2434 
         289  1 0.2598 0.2442 0.2578 0.2382 
         290  1 0.2126 0.2520 0.2812 0.2542 
         291  1 0.2042 0.2620 0.2770 0.2568 
         292  1 0.2281 0.2531 0.2545 0.2643 
         293  1 0.2936 0.2369 0.2264 0.2432 
         294  1 0.2164 0.2564 0.2725 0.2548 
         295  1 0.2599 0.2510 0.2483 0.2407 
         296  1 0.2919 0.2390 0.2403 0.2287 
         297  1 0.3071 0.2313 0.2359 0.2257 
         298  1 0.3358 0.2248 0.2215 0.2179 
         299  1 0.2080 0.2558 0.2822 0.2540 
         300  1 0.2130 0.2531 0.2720 0.2619 
