           1  1 0.2140 0.2708 0.2586 0.2566 
           2  1 0.2024 0.2534 0.2799 0.2643 
           3  1 0.2510 0.2570 0.2463 0.2457 
           4  1 0.3208 0.2209 0.2260 0.2324 
           5  1 0.2335 0.2557 0.2535 0.2573 
           6  1 0.2309 0.2567 0.2528 0.2596 
           7  1 0.2415 0.2405 0.2608 0.2572 
           8  1 0.2300 0.2421 0.2690 0.2589 
           9  1 0.3101 0.2340 0.2239 0.2321 
          10  1 0.2736 0.2434 0.2390 0.2441 
          11  1 0.2058 0.2801 0.2571 0.2570 
          12  1 0.3079 0.2214 0.2337 0.2369 
          13  1 0.3411 0.2250 0.2130 0.2208 
          14  1 0.2979 0.2347 0.2243 0.2430 
          15  1 0.2476 0.2508 0.2531 0.2485 
          16  1 0.2522 0.2490 0.2483 0.2505 
          17  1 0.2748 0.2410 0.2391 0.2450 
          18  1 0.2517 0.2552 0.2441 0.2490 
          19  1 0.2476 0.2570 0.2458 0.2497 
          20  1 0.2637 0.2491 0.2411 0.2461 
          21  1 0.2161 0.2633 0.2639 0.2567 
          22  1 0.2745 0.2419 0.2386 0.2450 
          23  1 0.2221 0.2571 0.2616 0.2592 
          24  1 0.2567 0.2412 0.2480 0.2541 
          25  1 0.2483 0.2508 0.2479 0.2530 
          26  1 0.2526 0.2421 0.2537 0.2516 
          27  1 0.2668 0.2438 0.2448 0.2446 
          28  1 0.2458 0.2406 0.2574 0.2563 
          29  1 0.2462 0.2568 0.2481 0.2490 
          30  1 0.2586 0.2483 0.2454 0.2476 
          31  1 0.2011 0.2477 0.2800 0.2712 
          32  1 0.2482 0.2573 0.2438 0.2508 
          33  1 0.2601 0.2457 0.2463 0.2479 
          34  1 0.2486 0.2475 0.2509 0.2530 
          35  1 0.3008 0.2287 0.2327 0.2379 
          36  1 0.2187 0.2634 0.2589 0.2590 
          37  1 0.1927 0.2488 0.2858 0.2727 
          38  1 0.2556 0.2391 0.2547 0.2507 
          39  1 0.2630 0.2463 0.2483 0.2424 
          40  1 0.2271 0.2668 0.2511 0.2550 
          41  1 0.2377 0.2488 0.2574 0.2561 
          42  1 0.2945 0.2479 0.2237 0.2339 
          43  1 0.2760 0.2424 0.2344 0.2473 
          44  1 0.2271 0.2652 0.2529 0.2549 
          45  1 0.2304 0.2714 0.2427 0.2556 
          46  1 0.2687 0.2376 0.2519 0.2417 
          47  1 0.2036 0.2587 0.2787 0.2590 
          48  1 0.2336 0.2562 0.2593 0.2508 
          49  1 0.2801 0.2386 0.2357 0.2456 
          50  1 0.2101 0.2778 0.2611 0.2510 
          51  1 0.3336 0.2158 0.2254 0.2252 
          52  1 0.2427 0.2553 0.2497 0.2523 
          53  1 0.2489 0.2449 0.2534 0.2528 
          54  1 0.2224 0.2548 0.2677 0.2551 
          55  1 0.2531 0.2399 0.2526 0.2544 
          56  1 0.2388 0.2492 0.2559 0.2562 
          57  1 0.2149 0.2631 0.2666 0.2553 
          58  1 0.2472 0.2526 0.2484 0.2518 
          59  1 0.2248 0.2565 0.2609 0.2578 
          60  1 0.2147 0.2701 0.2570 0.2582 
          61  1 0.2735 0.2416 0.2425 0.2424 
          62  1 0.2558 0.2453 0.2484 0.2505 
          63  1 0.2455 0.2415 0.2622 0.2507 
          64  1 0.1974 0.2866 0.2561 0.2600 
          65  1 0.2467 0.2503 0.2539 0.2491 
          66  1 0.2454 0.2430 0.2570 0.2545 
          67  1 0.2712 0.2415 0.2418 0.2455 
          68  1 0.2408 0.2610 0.2537 0.2445 
          69  1 0.2564 0.2363 0.2553 0.2520 
          70  1 0.2362 0.2585 0.2590 0.2463 
          71  1 0.2199 0.2619 0.2613 0.2569 
          72  1 0.2675 0.2477 0.2405 0.2443 
          73  1 0.2235 0.2645 0.2611 0.2509 
          74  1 0.2342 0.2557 0.2553 0.2548 
          75  1 0.2496 0.2672 0.2386 0.2446 
          76  1 0.2179 0.2698 0.2558 0.2565 
          77  1 0.2347 0.2450 0.2618 0.2585 
          78  1 0.2089 0.2601 0.2698 0.2612 
          79  1 0.2544 0.2557 0.2450 0.2449 
          80  1 0.3200 0.2266 0.2207 0.2327 
          81  1 0.2269 0.2693 0.2493 0.2545 
          82  1 0.2007 0.2611 0.2703 0.2678 
          83  1 0.2215 0.2730 0.2513 0.2542 
          84  1 0.2607 0.2473 0.2404 0.2516 
          85  1 0.2133 0.2549 0.2727 0.2591 
          86  1 0.2365 0.2656 0.2468 0.2511 
          87  1 0.2307 0.2711 0.2480 0.2503 
          88  1 0.2673 0.2397 0.2462 0.2467 
          89  1 0.2723 0.2531 0.2350 0.2396 
          90  1 0.2583 0.2442 0.2459 0.2516 
          91  1 0.2206 0.2671 0.2574 0.2549 
          92  1 0.2350 0.2537 0.2581 0.2532 
          93  1 0.2405 0.2612 0.2459 0.2524 
          94  1 0.2219 0.2716 0.2521 0.2544 
          95  1 0.2245 0.2556 0.2641 0.2558 
          96  1 0.2786 0.2422 0.2389 0.2403 
          97  1 0.2681 0.2524 0.2388 0.2407 
          98  1 0.2690 0.2411 0.2419 0.2480 
          99  1 0.2529 0.2515 0.2453 0.2503 
         100  1 0.2357 0.2570 0.2531 0.2542 
         101  1 0.2392 0.2570 0.2506 0.2532 
         102  1 0.2155 0.2572 0.2645 0.2627 
         103  1 0.2968 0.2201 0.2458 0.2372 
         104  1 0.2355 0.2471 0.2596 0.2579 
         105  1 0.2019 0.2643 0.2726 0.2613 
         106  1 0.2599 0.2420 0.2513 0.2468 
         107  1 0.2771 0.2468 0.2385 0.2376 
         108  1 0.2407 0.2470 0.2571 0.2552 
         109  1 0.2836 0.2376 0.2398 0.2390 
         110  1 0.2422 0.2578 0.2475 0.2525 
         111  1 0.2425 0.2540 0.2564 0.2471 
         112  1 0.2544 0.2433 0.2497 0.2527 
         113  1 0.3261 0.2182 0.2310 0.2247 
         114  1 0.2511 0.2380 0.2602 0.2507 
         115  1 0.2808 0.2473 0.2359 0.2360 
         116  1 0.2605 0.2429 0.2506 0.2460 
         117  1 0.2298 0.2495 0.2610 0.2597 
         118  1 0.2188 0.2669 0.2623 0.2519 
         119  1 0.2183 0.2633 0.2579 0.2605 
         120  1 0.2532 0.2551 0.2433 0.2485 
         121  1 0.2871 0.2325 0.2408 0.2396 
         122  1 0.2501 0.2338 0.2600 0.2562 
         123  1 0.2371 0.2673 0.2449 0.2507 
         124  1 0.2530 0.2448 0.2503 0.2519 
         125  1 0.2201 0.2568 0.2639 0.2592 
         126  1 0.2369 0.2555 0.2530 0.2547 
         127  1 0.2451 0.2466 0.2560 0.2523 
         128  1 0.2938 0.2255 0.2387 0.2420 
         129  1 0.2812 0.2303 0.2473 0.2412 
         130  1 0.2466 0.2622 0.2413 0.2499 
         131  1 0.2165 0.2549 0.2667 0.2619 
         132  1 0.2302 0.2566 0.2597 0.2534 
         133  1 0.2141 0.2670 0.2554 0.2635 
         134  1 0.2335 0.2523 0.2584 0.2559 
         135  1 0.2438 0.2478 0.2610 0.2475 
         136  1 0.2499 0.2466 0.2510 0.2525 
         137  1 0.2481 0.2605 0.2420 0.2494 
         138  1 0.3049 0.2266 0.2341 0.2345 
         139  1 0.2342 0.2503 0.2602 0.2553 
         140  1 0.2314 0.2500 0.2650 0.2537 
         141  1 0.2437 0.2591 0.2413 0.2559 
         142  1 0.2220 0.2542 0.2645 0.2593 
         143  1 0.2819 0.2455 0.2296 0.2430 
         144  1 0.2310 0.2445 0.2681 0.2564 
         145  1 0.2780 0.2384 0.2396 0.2440 
         146  1 0.2424 0.2425 0.2569 0.2582 
         147  1 0.2440 0.2498 0.2555 0.2507 
         148  1 0.2872 0.2318 0.2439 0.2371 
         149  1 0.2557 0.2376 0.2520 0.2546 
         150  1 0.2431 0.2552 0.2512 0.2505 
         151  1 0.2415 0.2570 0.2491 0.2524 
         152  1 0.2234 0.2644 0.2552 0.2570 
         153  1 0.2361 0.2554 0.2570 0.2514 
         154  1 0.2687 0.2531 0.2413 0.2369 
         155  1 0.2712 0.2440 0.2396 0.2451 
         156  1 0.2068 0.2538 0.2741 0.2654 
         157  1 0.2109 0.2682 0.2604 0.2604 
         158  1 0.2366 0.2613 0.2500 0.2522 
         159  1 0.2364 0.2581 0.2510 0.2545 
         160  1 0.2345 0.2486 0.2602 0.2568 
         161  1 0.2862 0.2400 0.2302 0.2436 
         162  1 0.5332 0.1533 0.1563 0.1573 
         163  1 0.1956 0.2584 0.2742 0.2719 
         164  1 0.2500 0.2585 0.2468 0.2447 
         165  1 0.2137 0.2644 0.2656 0.2562 
         166  1 0.2452 0.2569 0.2487 0.2491 
         167  1 0.3129 0.2270 0.2269 0.2332 
         168  1 0.2580 0.2422 0.2447 0.2552 
         169  1 0.2212 0.2596 0.2571 0.2621 
         170  1 0.2713 0.2430 0.2432 0.2426 
         171  1 0.2329 0.2477 0.2631 0.2564 
         172  1 0.2448 0.2499 0.2512 0.2541 
         173  1 0.2289 0.2507 0.2566 0.2638 
         174  1 0.2781 0.2463 0.2321 0.2435 
         175  1 0.3013 0.2274 0.2349 0.2364 
         176  1 0.2188 0.2833 0.2470 0.2508 
         177  1 0.1982 0.2625 0.2744 0.2649 
         178  1 0.2085 0.2548 0.2739 0.2627 
         179  1 0.2604 0.2537 0.2412 0.2448 
         180  1 0.2716 0.2503 0.2378 0.2403 
         181  1 0.2287 0.2630 0.2494 0.2588 
         182  1 0.2662 0.2417 0.2467 0.2454 
         183  1 0.2376 0.2649 0.2460 0.2515 
         184  1 0.2422 0.2391 0.2637 0.2550 
         185  1 0.2343 0.2546 0.2557 0.2554 
         186  1 0.2388 0.2451 0.2653 0.2509 
         187  1 0.2203 0.2633 0.2554 0.2610 
         188  1 0.2227 0.2444 0.2730 0.2599 
         189  1 0.2473 0.2568 0.2465 0.2495 
         190  1 0.2553 0.2460 0.2490 0.2497 
         191  1 0.2581 0.2436 0.2476 0.2507 
         192  1 0.2548 0.2509 0.2443 0.2500 
         193  1 0.2549 0.2659 0.2346 0.2446 
         194  1 0.2749 0.2431 0.2418 0.2402 
         195  1 0.2621 0.2408 0.2407 0.2563 
         196  1 0.3095 0.2266 0.2283 0.2356 
         197  1 0.2318 0.2718 0.2444 0.2519 
         198  1 0.2575 0.2669 0.2354 0.2402 
         199  1 0.2237 0.2652 0.2525 0.2586 
         200  1 0.2165 0.2603 0.2607 0.2625 
         201  1 0.2879 0.2345 0.2407 0.2369 
         202  1 0.2265 0.2537 0.2627 0.2571 
         203  1 0.2463 0.2504 0.2524 0.2509 
         204  1 0.2407 0.2652 0.2419 0.2522 
         205  1 0.2588 0.2621 0.2344 0.2446 
         206  1 0.2354 0.2465 0.2576 0.2604 
         207  1 0.2515 0.2616 0.2437 0.2431 
         208  1 0.2347 0.2530 0.2559 0.2564 
         209  1 0.2776 0.2322 0.2500 0.2403 
         210  1 0.2273 0.2617 0.2512 0.2597 
         211  1 0.2245 0.2526 0.2650 0.2579 
         212  1 0.2955 0.2300 0.2349 0.2396 
         213  1 0.2340 0.2627 0.2480 0.2553 
         214  1 0.2461 0.2364 0.2655 0.2521 
         215  1 0.2431 0.2526 0.2488 0.2554 
         216  1 0.3022 0.2295 0.2336 0.2347 
         217  1 0.2120 0.2682 0.2609 0.2589 
         218  1 0.2357 0.2538 0.2578 0.2527 
         219  1 0.3293 0.2193 0.2299 0.2215 
         220  1 0.2631 0.2453 0.2425 0.2491 
         221  1 0.2646 0.2437 0.2440 0.2477 
         222  1 0.2474 0.2592 0.2452 0.2483 
         223  1 0.2172 0.2561 0.2668 0.2599 
         224  1 0.2359 0.2551 0.2570 0.2520 
         225  1 0.2701 0.2450 0.2386 0.2463 
         226  1 0.3144 0.2341 0.2203 0.2311 
         227  1 0.2472 0.2475 0.2560 0.2492 
         228  1 0.2244 0.2686 0.2488 0.2582 
         229  1 0.2163 0.2691 0.2567 0.2579 
         230  1 0.2665 0.2405 0.2470 0.2460 
         231  1 0.2767 0.2401 0.2407 0.2425 
         232  1 0.2180 0.2541 0.2623 0.2656 
         233  1 0.2679 0.2482 0.2379 0.2460 
         234  1 0.2159 0.2560 0.2718 0.2562 
         235  1 0.2135 0.2840 0.2526 0.2499 
         236  1 0.3041 0.2357 0.2239 0.2362 
         237  1 0.2000 0.2794 0.2597 0.2609 
         238  1 0.2154 0.2623 0.2663 0.2560 
         239  1 0.2114 0.2772 0.2542 0.2572 
         240  1 0.3090 0.2242 0.2346 0.2323 
         241  1 0.2826 0.2350 0.2400 0.2424 
         242  1 0.2054 0.2787 0.2574 0.2585 
         243  1 0.2079 0.2700 0.2596 0.2626 
         244  1 0.2373 0.2532 0.2514 0.2581 
         245  1 0.2624 0.2422 0.2477 0.2478 
         246  1 0.2714 0.2531 0.2355 0.2401 
         247  1 0.2833 0.2430 0.2369 0.2369 
         248  1 0.2531 0.2554 0.2483 0.2433 
         249  1 0.2696 0.2368 0.2476 0.2461 
         250  1 0.2816 0.2294 0.2478 0.2412 
         251  1 0.2630 0.2498 0.2422 0.2450 
         252  1 0.2493 0.2459 0.2532 0.2517 
         253  1 0.2286 0.2433 0.2692 0.2589 
         254  1 0.2346 0.2500 0.2582 0.2573 
         255  1 0.2742 0.2338 0.2472 0.2448 
         256  1 0.2909 0.2364 0.2325 0.2402 
         257  1 0.2369 0.2418 0.2661 0.2552 
         258  1 0.2903 0.2298 0.2372 0.2427 
         259  1 0.2377 0.2592 0.2469 0.2561 
         260  1 0.2694 0.2525 0.2387 0.2394 
         261  1 0.2499 0.2648 0.2395 0.2459 
         262  1 0.2300 0.2405 0.2668 0.2627 
         263  1 0.2281 0.2586 0.2546 0.2586 
         264  1 0.2306 0.2618 0.2593 0.2482 
         265  1 0.2428 0.2589 0.2451 0.2532 
         266  1 0.2588 0.2488 0.2442 0.2481 
         267  1 0.2384 0.2556 0.2560 0.2500 
         268  1 0.2914 0.2383 0.2316 0.2387 
         269  1 0.3130 0.2286 0.2254 0.2331 
         270  1 0.2627 0.2495 0.2466 0.2413 
         271  1 0.2608 0.2438 0.2471 0.2483 
         272  1 0.3291 0.2265 0.2205 0.2238 
         273  1 0.1973 0.2548 0.2780 0.2699 
         274  1 0.2022 0.2816 0.2607 0.2555 
         275  1 0.2253 0.2569 0.2594 0.2585 
         276  1 0.2147 0.2567 0.2660 0.2626 
         277  1 0.2127 0.2549 0.2699 0.2625 
         278  1 0.2030 0.2695 0.2673 0.2602 
         279  1 0.2338 0.2632 0.2494 0.2536 
         280  1 0.2875 0.2445 0.2317 0.2363 
         281  1 0.2210 0.2640 0.2572 0.2578 
         282  1 0.2637 0.2440 0.2482 0.2440 
         283  1 0.2095 0.2623 0.2670 0.2612 
         284  1 0.2474 0.2401 0.2535 0.2590 
         285  1 0.3272 0.2230 0.2180 0.2317 
         286  1 0.2372 0.2648 0.2463 0.2518 
         287  1 0.2802 0.2517 0.2287 0.2395 
         288  1 0.2936 0.2470 0.2276 0.2318 
         289  1 0.2551 0.2390 0.2564 0.2494 
         290  1 0.2206 0.2454 0.2722 0.2617 
         291  1 0.2079 0.2570 0.2706 0.2646 
         292  1 0.2340 0.2604 0.2532 0.2524 
         293  1 0.2920 0.2447 0.2298 0.2335 
         294  1 0.2171 0.2552 0.2678 0.2599 
         295  1 0.2602 0.2385 0.2533 0.2479 
         296  1 0.2810 0.2348 0.2381 0.2462 
         297  1 0.2968 0.2310 0.2352 0.2369 
         298  1 0.3258 0.2238 0.2240 0.2263 
         299  1 0.2090 0.2510 0.2780 0.2620 
         300  1 0.2126 0.2556 0.2682 0.2636 
