           1  1 0.1286 0.1279 0.1181 0.1245 0.1212 0.1273 0.1256 0.1269 
           2  1 0.1270 0.1313 0.1160 0.1246 0.1211 0.1281 0.1254 0.1265 
           3  1 0.1249 0.1264 0.1234 0.1249 0.1230 0.1288 0.1261 0.1225 
           4  1 0.1201 0.1158 0.1380 0.1274 0.1322 0.1194 0.1247 0.1225 
           5  1 0.1233 0.1277 0.1219 0.1257 0.1240 0.1268 0.1237 0.1269 
           6  1 0.1261 0.1257 0.1236 0.1234 0.1259 0.1254 0.1235 0.1264 
           7  1 0.1247 0.1276 0.1223 0.1231 0.1252 0.1274 0.1247 0.1250 
           8  1 0.1245 0.1292 0.1215 0.1257 0.1250 0.1252 0.1249 0.1241 
           9  1 0.1240 0.1170 0.1341 0.1277 0.1288 0.1203 0.1239 0.1243 
          10  1 0.1227 0.1218 0.1280 0.1254 0.1270 0.1239 0.1258 0.1255 
          11  1 0.1269 0.1301 0.1155 0.1216 0.1176 0.1353 0.1260 0.1269 
          12  1 0.1200 0.1226 0.1333 0.1278 0.1284 0.1214 0.1251 0.1215 
          13  1 0.1184 0.1139 0.1380 0.1312 0.1310 0.1184 0.1266 0.1226 
          14  1 0.1225 0.1185 0.1329 0.1262 0.1307 0.1196 0.1235 0.1261 
          15  1 0.1230 0.1282 0.1236 0.1281 0.1216 0.1284 0.1253 0.1218 
          16  1 0.1247 0.1261 0.1236 0.1246 0.1238 0.1262 0.1260 0.1249 
          17  1 0.1234 0.1209 0.1300 0.1255 0.1292 0.1207 0.1250 0.1253 
          18  1 0.1288 0.1233 0.1244 0.1232 0.1234 0.1266 0.1250 0.1253 
          19  1 0.1245 0.1234 0.1257 0.1244 0.1264 0.1246 0.1245 0.1265 
          20  1 0.1249 0.1227 0.1273 0.1230 0.1268 0.1242 0.1238 0.1273 
          21  1 0.1271 0.1296 0.1187 0.1219 0.1218 0.1289 0.1252 0.1268 
          22  1 0.1251 0.1223 0.1300 0.1243 0.1277 0.1213 0.1238 0.1256 
          23  1 0.1248 0.1279 0.1202 0.1224 0.1240 0.1280 0.1267 0.1261 
          24  1 0.1256 0.1220 0.1262 0.1267 0.1274 0.1217 0.1243 0.1261 
          25  1 0.1250 0.1234 0.1256 0.1239 0.1278 0.1242 0.1244 0.1258 
          26  1 0.1278 0.1267 0.1257 0.1237 0.1256 0.1213 0.1240 0.1252 
          27  1 0.1217 0.1210 0.1288 0.1260 0.1278 0.1237 0.1265 0.1245 
          28  1 0.1264 0.1281 0.1240 0.1238 0.1254 0.1228 0.1242 0.1253 
          29  1 0.1277 0.1252 0.1239 0.1237 0.1232 0.1240 0.1257 0.1267 
          30  1 0.1236 0.1266 0.1257 0.1233 0.1237 0.1296 0.1248 0.1227 
          31  1 0.1264 0.1372 0.1148 0.1246 0.1204 0.1306 0.1241 0.1219 
          32  1 0.1263 0.1233 0.1258 0.1239 0.1261 0.1234 0.1238 0.1276 
          33  1 0.1242 0.1271 0.1251 0.1243 0.1258 0.1279 0.1223 0.1233 
          34  1 0.1229 0.1254 0.1247 0.1253 0.1244 0.1253 0.1244 0.1277 
          35  1 0.1200 0.1181 0.1334 0.1281 0.1298 0.1206 0.1269 0.1231 
          36  1 0.1295 0.1296 0.1187 0.1225 0.1216 0.1277 0.1251 0.1254 
          37  1 0.1294 0.1431 0.1132 0.1186 0.1162 0.1343 0.1229 0.1222 
          38  1 0.1258 0.1264 0.1258 0.1239 0.1250 0.1235 0.1253 0.1241 
          39  1 0.1248 0.1235 0.1274 0.1276 0.1252 0.1231 0.1246 0.1238 
          40  1 0.1261 0.1258 0.1216 0.1226 0.1242 0.1271 0.1257 0.1269 
          41  1 0.1275 0.1246 0.1237 0.1257 0.1254 0.1211 0.1242 0.1279 
          42  1 0.1203 0.1181 0.1336 0.1263 0.1303 0.1224 0.1256 0.1234 
          43  1 0.1245 0.1226 0.1297 0.1231 0.1276 0.1217 0.1246 0.1262 
          44  1 0.1286 0.1286 0.1208 0.1226 0.1235 0.1255 0.1250 0.1254 
          45  1 0.1256 0.1262 0.1213 0.1235 0.1220 0.1297 0.1259 0.1257 
          46  1 0.1260 0.1222 0.1288 0.1270 0.1271 0.1202 0.1239 0.1248 
          47  1 0.1332 0.1307 0.1170 0.1221 0.1207 0.1248 0.1256 0.1259 
          48  1 0.1268 0.1285 0.1208 0.1233 0.1224 0.1303 0.1238 0.1242 
          49  1 0.1241 0.1188 0.1302 0.1249 0.1298 0.1206 0.1245 0.1270 
          50  1 0.1268 0.1291 0.1168 0.1222 0.1201 0.1318 0.1247 0.1286 
          51  1 0.1183 0.1175 0.1395 0.1301 0.1316 0.1167 0.1249 0.1214 
          52  1 0.1251 0.1260 0.1244 0.1231 0.1250 0.1271 0.1261 0.1232 
          53  1 0.1262 0.1227 0.1259 0.1235 0.1267 0.1251 0.1254 0.1244 
          54  1 0.1297 0.1306 0.1201 0.1228 0.1227 0.1240 0.1244 0.1258 
          55  1 0.1242 0.1237 0.1271 0.1274 0.1250 0.1239 0.1242 0.1244 
          56  1 0.1241 0.1265 0.1229 0.1223 0.1274 0.1260 0.1255 0.1253 
          57  1 0.1297 0.1257 0.1191 0.1256 0.1219 0.1261 0.1257 0.1261 
          58  1 0.1260 0.1220 0.1263 0.1240 0.1273 0.1251 0.1245 0.1248 
          59  1 0.1280 0.1281 0.1212 0.1243 0.1222 0.1240 0.1240 0.1282 
          60  1 0.1256 0.1297 0.1182 0.1225 0.1202 0.1304 0.1249 0.1285 
          61  1 0.1234 0.1238 0.1292 0.1268 0.1271 0.1221 0.1259 0.1217 
          62  1 0.1259 0.1259 0.1254 0.1249 0.1242 0.1244 0.1243 0.1250 
          63  1 0.1264 0.1288 0.1235 0.1251 0.1250 0.1221 0.1240 0.1250 
          64  1 0.1272 0.1305 0.1152 0.1216 0.1178 0.1347 0.1257 0.1273 
          65  1 0.1237 0.1257 0.1256 0.1274 0.1235 0.1228 0.1268 0.1244 
          66  1 0.1246 0.1255 0.1250 0.1251 0.1247 0.1246 0.1256 0.1250 
          67  1 0.1231 0.1206 0.1300 0.1254 0.1282 0.1222 0.1250 0.1257 
          68  1 0.1294 0.1236 0.1239 0.1258 0.1227 0.1253 0.1266 0.1226 
          69  1 0.1235 0.1269 0.1257 0.1252 0.1247 0.1241 0.1263 0.1236 
          70  1 0.1235 0.1247 0.1217 0.1277 0.1233 0.1296 0.1252 0.1243 
          71  1 0.1269 0.1294 0.1186 0.1225 0.1210 0.1308 0.1255 0.1253 
          72  1 0.1211 0.1246 0.1276 0.1258 0.1260 0.1263 0.1262 0.1224 
          73  1 0.1254 0.1257 0.1206 0.1269 0.1223 0.1278 0.1258 0.1254 
          74  1 0.1243 0.1295 0.1215 0.1254 0.1221 0.1299 0.1253 0.1220 
          75  1 0.1237 0.1208 0.1265 0.1246 0.1259 0.1280 0.1262 0.1244 
          76  1 0.1306 0.1266 0.1192 0.1231 0.1212 0.1281 0.1249 0.1263 
          77  1 0.1255 0.1316 0.1222 0.1233 0.1229 0.1255 0.1243 0.1248 
          78  1 0.1281 0.1318 0.1161 0.1213 0.1190 0.1304 0.1257 0.1276 
          79  1 0.1254 0.1204 0.1267 0.1262 0.1257 0.1243 0.1253 0.1260 
          80  1 0.1191 0.1150 0.1387 0.1278 0.1325 0.1165 0.1258 0.1246 
          81  1 0.1275 0.1248 0.1217 0.1227 0.1246 0.1273 0.1263 0.1251 
          82  1 0.1303 0.1331 0.1160 0.1211 0.1209 0.1284 0.1237 0.1265 
          83  1 0.1250 0.1241 0.1212 0.1244 0.1242 0.1278 0.1256 0.1277 
          84  1 0.1286 0.1220 0.1284 0.1219 0.1281 0.1201 0.1246 0.1263 
          85  1 0.1309 0.1324 0.1182 0.1229 0.1201 0.1264 0.1250 0.1241 
          86  1 0.1248 0.1233 0.1225 0.1243 0.1239 0.1282 0.1245 0.1286 
          87  1 0.1253 0.1256 0.1216 0.1240 0.1228 0.1284 0.1253 0.1270 
          88  1 0.1259 0.1210 0.1290 0.1260 0.1279 0.1205 0.1251 0.1246 
          89  1 0.1224 0.1223 0.1293 0.1255 0.1254 0.1279 0.1247 0.1225 
          90  1 0.1246 0.1247 0.1279 0.1242 0.1260 0.1225 0.1247 0.1254 
          91  1 0.1295 0.1287 0.1198 0.1222 0.1216 0.1276 0.1262 0.1244 
          92  1 0.1265 0.1290 0.1222 0.1241 0.1233 0.1256 0.1265 0.1228 
          93  1 0.1260 0.1265 0.1233 0.1233 0.1237 0.1278 0.1245 0.1250 
          94  1 0.1276 0.1274 0.1193 0.1253 0.1208 0.1297 0.1251 0.1248 
          95  1 0.1273 0.1277 0.1212 0.1247 0.1226 0.1257 0.1276 0.1233 
          96  1 0.1224 0.1214 0.1300 0.1270 0.1275 0.1194 0.1263 0.1260 
          97  1 0.1281 0.1218 0.1284 0.1246 0.1269 0.1199 0.1243 0.1260 
          98  1 0.1216 0.1233 0.1277 0.1265 0.1276 0.1231 0.1249 0.1252 
          99  1 0.1230 0.1226 0.1257 0.1248 0.1264 0.1254 0.1248 0.1273 
         100  1 0.1277 0.1231 0.1223 0.1251 0.1253 0.1237 0.1246 0.1282 
         101  1 0.1271 0.1242 0.1228 0.1236 0.1246 0.1268 0.1249 0.1260 
         102  1 0.1286 0.1300 0.1198 0.1218 0.1228 0.1289 0.1232 0.1249 
         103  1 0.1245 0.1219 0.1348 0.1282 0.1279 0.1157 0.1241 0.1229 
         104  1 0.1269 0.1276 0.1223 0.1236 0.1236 0.1250 0.1244 0.1267 
         105  1 0.1286 0.1342 0.1141 0.1223 0.1175 0.1327 0.1249 0.1258 
         106  1 0.1234 0.1240 0.1267 0.1243 0.1258 0.1262 0.1266 0.1230 
         107  1 0.1218 0.1175 0.1316 0.1306 0.1260 0.1235 0.1250 0.1240 
         108  1 0.1267 0.1273 0.1246 0.1226 0.1271 0.1225 0.1229 0.1264 
         109  1 0.1234 0.1214 0.1308 0.1265 0.1292 0.1183 0.1244 0.1259 
         110  1 0.1254 0.1273 0.1231 0.1239 0.1228 0.1272 0.1256 0.1248 
         111  1 0.1257 0.1273 0.1247 0.1251 0.1239 0.1231 0.1261 0.1242 
         112  1 0.1274 0.1240 0.1263 0.1237 0.1262 0.1223 0.1244 0.1258 
         113  1 0.1193 0.1167 0.1402 0.1298 0.1310 0.1165 0.1263 0.1201 
         114  1 0.1245 0.1288 0.1244 0.1249 0.1247 0.1248 0.1263 0.1217 
         115  1 0.1230 0.1200 0.1303 0.1262 0.1277 0.1220 0.1259 0.1250 
         116  1 0.1230 0.1231 0.1261 0.1254 0.1259 0.1258 0.1257 0.1250 
         117  1 0.1266 0.1316 0.1213 0.1225 0.1218 0.1267 0.1252 0.1242 
         118  1 0.1255 0.1284 0.1181 0.1240 0.1218 0.1316 0.1249 0.1256 
         119  1 0.1259 0.1263 0.1199 0.1228 0.1242 0.1294 0.1261 0.1254 
         120  1 0.1254 0.1209 0.1265 0.1256 0.1266 0.1244 0.1257 0.1248 
         121  1 0.1231 0.1207 0.1323 0.1268 0.1307 0.1180 0.1247 0.1237 
         122  1 0.1236 0.1274 0.1237 0.1268 0.1257 0.1251 0.1248 0.1228 
         123  1 0.1257 0.1260 0.1218 0.1227 0.1219 0.1319 0.1258 0.1242 
         124  1 0.1239 0.1283 0.1261 0.1254 0.1235 0.1254 0.1244 0.1230 
         125  1 0.1267 0.1287 0.1193 0.1237 0.1218 0.1305 0.1247 0.1245 
         126  1 0.1272 0.1242 0.1237 0.1237 0.1255 0.1244 0.1256 0.1258 
         127  1 0.1275 0.1247 0.1240 0.1246 0.1260 0.1212 0.1250 0.1269 
         128  1 0.1228 0.1195 0.1325 0.1263 0.1286 0.1215 0.1249 0.1238 
         129  1 0.1207 0.1234 0.1305 0.1260 0.1281 0.1241 0.1251 0.1220 
         130  1 0.1251 0.1233 0.1248 0.1244 0.1240 0.1291 0.1245 0.1249 
         131  1 0.1284 0.1298 0.1194 0.1232 0.1214 0.1279 0.1270 0.1229 
         132  1 0.1265 0.1278 0.1218 0.1248 0.1233 0.1276 0.1244 0.1239 
         133  1 0.1274 0.1289 0.1176 0.1231 0.1213 0.1313 0.1241 0.1263 
         134  1 0.1239 0.1275 0.1230 0.1257 0.1243 0.1250 0.1246 0.1259 
         135  1 0.1242 0.1271 0.1244 0.1247 0.1243 0.1268 0.1257 0.1229 
         136  1 0.1244 0.1258 0.1243 0.1267 0.1250 0.1250 0.1248 0.1240 
         137  1 0.1245 0.1251 0.1244 0.1253 0.1229 0.1278 0.1243 0.1258 
         138  1 0.1197 0.1200 0.1339 0.1281 0.1291 0.1189 0.1265 0.1238 
         139  1 0.1274 0.1297 0.1210 0.1262 0.1228 0.1245 0.1257 0.1227 
         140  1 0.1262 0.1260 0.1216 0.1288 0.1236 0.1251 0.1245 0.1242 
         141  1 0.1242 0.1234 0.1252 0.1253 0.1254 0.1245 0.1251 0.1269 
         142  1 0.1285 0.1307 0.1203 0.1240 0.1214 0.1253 0.1244 0.1254 
         143  1 0.1188 0.1195 0.1302 0.1256 0.1312 0.1235 0.1256 0.1256 
         144  1 0.1236 0.1311 0.1202 0.1273 0.1217 0.1285 0.1242 0.1235 
         145  1 0.1207 0.1221 0.1303 0.1268 0.1264 0.1245 0.1260 0.1231 
         146  1 0.1262 0.1231 0.1248 0.1246 0.1252 0.1244 0.1242 0.1274 
         147  1 0.1265 0.1241 0.1244 0.1243 0.1248 0.1242 0.1250 0.1267 
         148  1 0.1240 0.1202 0.1330 0.1291 0.1280 0.1174 0.1244 0.1239 
         149  1 0.1276 0.1238 0.1249 0.1248 0.1251 0.1250 0.1239 0.1250 
         150  1 0.1251 0.1239 0.1246 0.1253 0.1245 0.1260 0.1254 0.1252 
         151  1 0.1277 0.1246 0.1227 0.1237 0.1247 0.1270 0.1234 0.1262 
         152  1 0.1268 0.1279 0.1205 0.1226 0.1227 0.1283 0.1249 0.1263 
         153  1 0.1266 0.1251 0.1226 0.1251 0.1242 0.1269 0.1256 0.1239 
         154  1 0.1248 0.1199 0.1281 0.1292 0.1262 0.1235 0.1255 0.1228 
         155  1 0.1228 0.1233 0.1290 0.1262 0.1260 0.1230 0.1245 0.1252 
         156  1 0.1257 0.1330 0.1157 0.1245 0.1194 0.1332 0.1236 0.1249 
         157  1 0.1276 0.1291 0.1174 0.1244 0.1201 0.1294 0.1248 0.1272 
         158  1 0.1269 0.1264 0.1238 0.1237 0.1240 0.1238 0.1244 0.1271 
         159  1 0.1235 0.1258 0.1228 0.1255 0.1239 0.1276 0.1252 0.1257 
         160  1 0.1268 0.1285 0.1222 0.1230 0.1238 0.1282 0.1236 0.1240 
         161  1 0.1244 0.1187 0.1312 0.1269 0.1288 0.1184 0.1246 0.1269 
         162  1 0.0975 0.0944 0.1932 0.1373 0.1450 0.1001 0.1259 0.1066 
         163  1 0.1305 0.1392 0.1137 0.1192 0.1186 0.1301 0.1242 0.1246 
         164  1 0.1257 0.1244 0.1245 0.1234 0.1248 0.1256 0.1250 0.1265 
         165  1 0.1301 0.1286 0.1197 0.1222 0.1226 0.1259 0.1250 0.1258 
         166  1 0.1255 0.1258 0.1245 0.1238 0.1229 0.1275 0.1245 0.1255 
         167  1 0.1191 0.1169 0.1378 0.1274 0.1319 0.1184 0.1268 0.1217 
         168  1 0.1259 0.1212 0.1279 0.1243 0.1272 0.1213 0.1242 0.1280 
         169  1 0.1252 0.1277 0.1201 0.1226 0.1256 0.1266 0.1251 0.1269 
         170  1 0.1213 0.1203 0.1300 0.1255 0.1304 0.1223 0.1258 0.1245 
         171  1 0.1229 0.1314 0.1203 0.1269 0.1215 0.1315 0.1225 0.1230 
         172  1 0.1251 0.1264 0.1239 0.1247 0.1250 0.1268 0.1258 0.1222 
         173  1 0.1249 0.1305 0.1212 0.1257 0.1227 0.1259 0.1244 0.1246 
         174  1 0.1205 0.1188 0.1309 0.1266 0.1283 0.1237 0.1260 0.1250 
         175  1 0.1208 0.1209 0.1335 0.1277 0.1285 0.1220 0.1239 0.1228 
         176  1 0.1248 0.1271 0.1174 0.1225 0.1192 0.1366 0.1261 0.1262 
         177  1 0.1309 0.1347 0.1152 0.1203 0.1180 0.1299 0.1264 0.1247 
         178  1 0.1261 0.1332 0.1162 0.1262 0.1199 0.1311 0.1227 0.1246 
         179  1 0.1206 0.1217 0.1257 0.1274 0.1257 0.1273 0.1266 0.1251 
         180  1 0.1232 0.1231 0.1288 0.1267 0.1272 0.1223 0.1248 0.1240 
         181  1 0.1270 0.1268 0.1215 0.1234 0.1223 0.1282 0.1245 0.1263 
         182  1 0.1246 0.1228 0.1292 0.1265 0.1262 0.1182 0.1264 0.1261 
         183  1 0.1270 0.1250 0.1236 0.1225 0.1247 0.1255 0.1255 0.1263 
         184  1 0.1268 0.1286 0.1232 0.1240 0.1241 0.1241 0.1234 0.1257 
         185  1 0.1264 0.1265 0.1220 0.1244 0.1245 0.1261 0.1252 0.1249 
         186  1 0.1278 0.1262 0.1231 0.1269 0.1247 0.1213 0.1242 0.1258 
         187  1 0.1263 0.1301 0.1194 0.1235 0.1222 0.1277 0.1252 0.1257 
         188  1 0.1276 0.1344 0.1184 0.1256 0.1206 0.1288 0.1234 0.1212 
         189  1 0.1260 0.1198 0.1256 0.1279 0.1260 0.1246 0.1234 0.1266 
         190  1 0.1278 0.1219 0.1262 0.1249 0.1273 0.1219 0.1237 0.1265 
         191  1 0.1294 0.1218 0.1263 0.1263 0.1273 0.1195 0.1231 0.1263 
         192  1 0.1250 0.1272 0.1246 0.1242 0.1243 0.1255 0.1257 0.1235 
         193  1 0.1223 0.1221 0.1235 0.1241 0.1225 0.1329 0.1261 0.1266 
         194  1 0.1224 0.1218 0.1293 0.1281 0.1263 0.1223 0.1267 0.1231 
         195  1 0.1249 0.1206 0.1266 0.1235 0.1277 0.1271 0.1234 0.1262 
         196  1 0.1218 0.1182 0.1352 0.1266 0.1303 0.1192 0.1254 0.1233 
         197  1 0.1261 0.1236 0.1243 0.1228 0.1246 0.1235 0.1248 0.1302 
         198  1 0.1257 0.1212 0.1257 0.1258 0.1242 0.1275 0.1259 0.1240 
         199  1 0.1257 0.1265 0.1209 0.1231 0.1237 0.1268 0.1242 0.1291 
         200  1 0.1241 0.1297 0.1185 0.1254 0.1231 0.1282 0.1256 0.1253 
         201  1 0.1216 0.1212 0.1318 0.1261 0.1282 0.1224 0.1248 0.1239 
         202  1 0.1236 0.1292 0.1197 0.1262 0.1218 0.1297 0.1263 0.1236 
         203  1 0.1248 0.1232 0.1254 0.1266 0.1244 0.1261 0.1244 0.1250 
         204  1 0.1281 0.1230 0.1252 0.1237 0.1244 0.1229 0.1255 0.1271 
         205  1 0.1235 0.1221 0.1277 0.1235 0.1285 0.1214 0.1264 0.1268 
         206  1 0.1271 0.1271 0.1242 0.1230 0.1260 0.1213 0.1240 0.1272 
         207  1 0.1252 0.1219 0.1263 0.1270 0.1243 0.1244 0.1248 0.1261 
         208  1 0.1271 0.1269 0.1217 0.1235 0.1246 0.1248 0.1253 0.1262 
         209  1 0.1244 0.1237 0.1299 0.1256 0.1270 0.1201 0.1260 0.1231 
         210  1 0.1278 0.1272 0.1210 0.1227 0.1219 0.1274 0.1248 0.1271 
         211  1 0.1260 0.1277 0.1208 0.1257 0.1226 0.1281 0.1241 0.1249 
         212  1 0.1227 0.1196 0.1319 0.1275 0.1307 0.1188 0.1268 0.1219 
         213  1 0.1272 0.1256 0.1206 0.1232 0.1229 0.1285 0.1257 0.1264 
         214  1 0.1277 0.1291 0.1241 0.1254 0.1241 0.1217 0.1256 0.1223 
         215  1 0.1252 0.1282 0.1235 0.1229 0.1236 0.1283 0.1248 0.1236 
         216  1 0.1207 0.1176 0.1336 0.1298 0.1296 0.1179 0.1258 0.1250 
         217  1 0.1292 0.1282 0.1183 0.1219 0.1211 0.1311 0.1262 0.1240 
         218  1 0.1277 0.1260 0.1231 0.1229 0.1242 0.1263 0.1253 0.1245 
         219  1 0.1197 0.1164 0.1422 0.1310 0.1301 0.1150 0.1255 0.1201 
         220  1 0.1218 0.1222 0.1270 0.1248 0.1266 0.1273 0.1252 0.1251 
         221  1 0.1231 0.1232 0.1279 0.1257 0.1267 0.1250 0.1247 0.1238 
         222  1 0.1257 0.1245 0.1238 0.1248 0.1251 0.1261 0.1234 0.1265 
         223  1 0.1294 0.1286 0.1189 0.1238 0.1215 0.1255 0.1259 0.1265 
         224  1 0.1266 0.1279 0.1239 0.1234 0.1233 0.1242 0.1257 0.1250 
         225  1 0.1243 0.1185 0.1300 0.1275 0.1285 0.1212 0.1248 0.1250 
         226  1 0.1192 0.1162 0.1362 0.1289 0.1305 0.1185 0.1258 0.1248 
         227  1 0.1250 0.1248 0.1256 0.1247 0.1259 0.1219 0.1256 0.1264 
         228  1 0.1244 0.1254 0.1210 0.1227 0.1237 0.1326 0.1241 0.1261 
         229  1 0.1305 0.1279 0.1183 0.1218 0.1221 0.1278 0.1234 0.1281 
         230  1 0.1218 0.1242 0.1281 0.1247 0.1275 0.1227 0.1240 0.1269 
         231  1 0.1212 0.1221 0.1294 0.1264 0.1289 0.1231 0.1246 0.1242 
         232  1 0.1259 0.1302 0.1189 0.1241 0.1215 0.1297 0.1256 0.1241 
         233  1 0.1256 0.1202 0.1281 0.1231 0.1266 0.1254 0.1250 0.1260 
         234  1 0.1298 0.1287 0.1188 0.1218 0.1221 0.1271 0.1259 0.1259 
         235  1 0.1285 0.1288 0.1177 0.1224 0.1177 0.1335 0.1257 0.1257 
         236  1 0.1191 0.1180 0.1334 0.1267 0.1296 0.1206 0.1250 0.1275 
         237  1 0.1298 0.1303 0.1150 0.1188 0.1202 0.1341 0.1256 0.1262 
         238  1 0.1262 0.1321 0.1186 0.1232 0.1193 0.1296 0.1269 0.1240 
         239  1 0.1273 0.1298 0.1168 0.1204 0.1187 0.1343 0.1259 0.1266 
         240  1 0.1218 0.1183 0.1337 0.1276 0.1296 0.1185 0.1274 0.1231 
         241  1 0.1234 0.1221 0.1291 0.1240 0.1276 0.1227 0.1240 0.1271 
         242  1 0.1282 0.1286 0.1166 0.1201 0.1194 0.1355 0.1252 0.1264 
         243  1 0.1279 0.1305 0.1175 0.1230 0.1215 0.1278 0.1245 0.1273 
         244  1 0.1264 0.1240 0.1231 0.1250 0.1248 0.1269 0.1245 0.1254 
         245  1 0.1242 0.1266 0.1263 0.1254 0.1244 0.1263 0.1232 0.1236 
         246  1 0.1224 0.1206 0.1297 0.1254 0.1270 0.1256 0.1249 0.1244 
         247  1 0.1211 0.1222 0.1317 0.1249 0.1271 0.1242 0.1243 0.1246 
         248  1 0.1238 0.1228 0.1240 0.1259 0.1246 0.1277 0.1257 0.1255 
         249  1 0.1225 0.1245 0.1278 0.1269 0.1266 0.1228 0.1262 0.1228 
         250  1 0.1233 0.1234 0.1299 0.1269 0.1282 0.1219 0.1244 0.1220 
         251  1 0.1250 0.1238 0.1271 0.1244 0.1259 0.1243 0.1249 0.1246 
         252  1 0.1231 0.1250 0.1247 0.1258 0.1257 0.1267 0.1251 0.1239 
         253  1 0.1285 0.1289 0.1215 0.1259 0.1238 0.1218 0.1245 0.1250 
         254  1 0.1276 0.1259 0.1232 0.1259 0.1245 0.1232 0.1241 0.1256 
         255  1 0.1240 0.1235 0.1295 0.1263 0.1280 0.1232 0.1227 0.1228 
         256  1 0.1225 0.1204 0.1319 0.1261 0.1292 0.1210 0.1249 0.1241 
         257  1 0.1282 0.1300 0.1220 0.1235 0.1224 0.1272 0.1237 0.1231 
         258  1 0.1211 0.1216 0.1325 0.1254 0.1283 0.1228 0.1257 0.1228 
         259  1 0.1249 0.1255 0.1232 0.1242 0.1238 0.1269 0.1260 0.1254 
         260  1 0.1226 0.1207 0.1279 0.1262 0.1259 0.1259 0.1250 0.1259 
         261  1 0.1234 0.1217 0.1242 0.1246 0.1235 0.1318 0.1257 0.1252 
         262  1 0.1234 0.1352 0.1205 0.1253 0.1220 0.1305 0.1223 0.1209 
         263  1 0.1244 0.1296 0.1199 0.1237 0.1212 0.1329 0.1248 0.1234 
         264  1 0.1270 0.1298 0.1203 0.1227 0.1191 0.1311 0.1270 0.1230 
         265  1 0.1245 0.1224 0.1244 0.1255 0.1275 0.1238 0.1256 0.1263 
         266  1 0.1243 0.1229 0.1262 0.1258 0.1254 0.1260 0.1245 0.1248 
         267  1 0.1255 0.1244 0.1236 0.1251 0.1250 0.1234 0.1268 0.1262 
         268  1 0.1195 0.1191 0.1325 0.1281 0.1296 0.1215 0.1246 0.1250 
         269  1 0.1222 0.1188 0.1351 0.1273 0.1299 0.1168 0.1241 0.1259 
         270  1 0.1256 0.1252 0.1257 0.1243 0.1251 0.1235 0.1256 0.1251 
         271  1 0.1246 0.1215 0.1276 0.1260 0.1273 0.1233 0.1249 0.1248 
         272  1 0.1197 0.1140 0.1388 0.1301 0.1328 0.1151 0.1243 0.1252 
         273  1 0.1282 0.1369 0.1141 0.1247 0.1197 0.1289 0.1240 0.1235 
         274  1 0.1286 0.1276 0.1157 0.1235 0.1196 0.1314 0.1256 0.1280 
         275  1 0.1290 0.1303 0.1187 0.1219 0.1203 0.1317 0.1245 0.1236 
         276  1 0.1298 0.1271 0.1187 0.1256 0.1220 0.1234 0.1249 0.1285 
         277  1 0.1300 0.1340 0.1169 0.1230 0.1218 0.1268 0.1253 0.1222 
         278  1 0.1310 0.1291 0.1173 0.1245 0.1203 0.1284 0.1248 0.1245 
         279  1 0.1244 0.1265 0.1218 0.1250 0.1229 0.1289 0.1248 0.1256 
         280  1 0.1199 0.1209 0.1315 0.1273 0.1281 0.1256 0.1243 0.1223 
         281  1 0.1266 0.1296 0.1194 0.1234 0.1224 0.1278 0.1252 0.1257 
         282  1 0.1247 0.1242 0.1264 0.1263 0.1252 0.1251 0.1246 0.1236 
         283  1 0.1272 0.1312 0.1165 0.1246 0.1216 0.1296 0.1258 0.1235 
         284  1 0.1273 0.1275 0.1246 0.1232 0.1256 0.1234 0.1238 0.1247 
         285  1 0.1178 0.1161 0.1389 0.1291 0.1326 0.1175 0.1244 0.1235 
         286  1 0.1238 0.1250 0.1226 0.1236 0.1236 0.1298 0.1259 0.1258 
         287  1 0.1216 0.1195 0.1300 0.1258 0.1283 0.1213 0.1254 0.1282 
         288  1 0.1232 0.1175 0.1321 0.1269 0.1274 0.1221 0.1258 0.1251 
         289  1 0.1256 0.1257 0.1261 0.1259 0.1253 0.1221 0.1254 0.1239 
         290  1 0.1283 0.1302 0.1196 0.1250 0.1214 0.1274 0.1255 0.1225 
         291  1 0.1287 0.1311 0.1180 0.1231 0.1225 0.1277 0.1243 0.1246 
         292  1 0.1260 0.1262 0.1225 0.1253 0.1232 0.1260 0.1244 0.1264 
         293  1 0.1226 0.1168 0.1330 0.1266 0.1300 0.1197 0.1252 0.1260 
         294  1 0.1324 0.1330 0.1183 0.1207 0.1209 0.1268 0.1232 0.1246 
         295  1 0.1243 0.1240 0.1274 0.1265 0.1262 0.1227 0.1248 0.1241 
         296  1 0.1236 0.1198 0.1310 0.1272 0.1289 0.1201 0.1238 0.1255 
         297  1 0.1211 0.1181 0.1332 0.1298 0.1301 0.1178 0.1249 0.1251 
         298  1 0.1216 0.1169 0.1386 0.1274 0.1317 0.1165 0.1240 0.1234 
         299  1 0.1261 0.1348 0.1170 0.1227 0.1202 0.1305 0.1246 0.1240 
         300  1 0.1253 0.1345 0.1165 0.1235 0.1182 0.1309 0.1246 0.1264 
