           1  1 0.1254 0.1320 0.1157 0.1280 0.1280 0.1215 0.1277 0.1218 
           2  1 0.1267 0.1308 0.1137 0.1279 0.1251 0.1227 0.1304 0.1227 
           3  1 0.1240 0.1393 0.1247 0.1236 0.1212 0.1216 0.1245 0.1211 
           4  1 0.1214 0.1102 0.1429 0.1202 0.1228 0.1296 0.1196 0.1332 
           5  1 0.1239 0.1280 0.1215 0.1273 0.1259 0.1251 0.1259 0.1226 
           6  1 0.1256 0.1231 0.1212 0.1286 0.1260 0.1252 0.1235 0.1268 
           7  1 0.1263 0.1212 0.1214 0.1228 0.1269 0.1273 0.1272 0.1269 
           8  1 0.1257 0.1230 0.1198 0.1258 0.1239 0.1260 0.1313 0.1244 
           9  1 0.1231 0.1204 0.1375 0.1170 0.1219 0.1287 0.1240 0.1275 
          10  1 0.1224 0.1269 0.1309 0.1227 0.1225 0.1273 0.1212 0.1261 
          11  1 0.1252 0.1471 0.1138 0.1276 0.1235 0.1205 0.1243 0.1179 
          12  1 0.1230 0.1153 0.1387 0.1165 0.1245 0.1272 0.1275 0.1274 
          13  1 0.1208 0.1223 0.1437 0.1161 0.1191 0.1302 0.1179 0.1299 
          14  1 0.1223 0.1144 0.1349 0.1204 0.1245 0.1301 0.1224 0.1311 
          15  1 0.1250 0.1298 0.1240 0.1227 0.1248 0.1214 0.1278 0.1245 
          16  1 0.1265 0.1290 0.1245 0.1229 0.1233 0.1246 0.1247 0.1245 
          17  1 0.1247 0.1145 0.1302 0.1270 0.1253 0.1294 0.1214 0.1275 
          18  1 0.1239 0.1328 0.1241 0.1239 0.1242 0.1253 0.1207 0.1252 
          19  1 0.1257 0.1206 0.1250 0.1276 0.1265 0.1277 0.1218 0.1251 
          20  1 0.1254 0.1197 0.1282 0.1227 0.1267 0.1250 0.1244 0.1279 
          21  1 0.1252 0.1290 0.1180 0.1300 0.1278 0.1230 0.1252 0.1219 
          22  1 0.1245 0.1199 0.1318 0.1225 0.1237 0.1256 0.1232 0.1289 
          23  1 0.1264 0.1247 0.1180 0.1336 0.1269 0.1260 0.1219 0.1226 
          24  1 0.1252 0.1193 0.1263 0.1249 0.1245 0.1278 0.1241 0.1281 
          25  1 0.1250 0.1208 0.1256 0.1228 0.1273 0.1264 0.1273 0.1247 
          26  1 0.1256 0.1184 0.1257 0.1253 0.1254 0.1264 0.1269 0.1263 
          27  1 0.1250 0.1196 0.1298 0.1217 0.1232 0.1274 0.1244 0.1288 
          28  1 0.1252 0.1181 0.1251 0.1291 0.1257 0.1269 0.1247 0.1252 
          29  1 0.1256 0.1300 0.1224 0.1252 0.1243 0.1220 0.1256 0.1249 
          30  1 0.1245 0.1267 0.1293 0.1234 0.1224 0.1242 0.1253 0.1242 
          31  1 0.1263 0.1259 0.1121 0.1250 0.1312 0.1191 0.1414 0.1188 
          32  1 0.1250 0.1275 0.1251 0.1246 0.1261 0.1242 0.1229 0.1245 
          33  1 0.1229 0.1216 0.1260 0.1207 0.1299 0.1259 0.1284 0.1246 
          34  1 0.1254 0.1201 0.1237 0.1248 0.1269 0.1286 0.1248 0.1257 
          35  1 0.1234 0.1137 0.1365 0.1193 0.1240 0.1299 0.1218 0.1313 
          36  1 0.1237 0.1316 0.1191 0.1276 0.1271 0.1227 0.1273 0.1209 
          37  1 0.1302 0.1247 0.1109 0.1301 0.1300 0.1198 0.1345 0.1199 
          38  1 0.1255 0.1193 0.1267 0.1252 0.1254 0.1264 0.1251 0.1266 
          39  1 0.1244 0.1258 0.1273 0.1229 0.1234 0.1254 0.1265 0.1243 
          40  1 0.1251 0.1280 0.1191 0.1283 0.1274 0.1250 0.1227 0.1244 
          41  1 0.1266 0.1194 0.1215 0.1284 0.1281 0.1268 0.1225 0.1266 
          42  1 0.1233 0.1242 0.1361 0.1198 0.1212 0.1286 0.1197 0.1270 
          43  1 0.1250 0.1181 0.1303 0.1241 0.1253 0.1279 0.1226 0.1267 
          44  1 0.1235 0.1332 0.1204 0.1285 0.1234 0.1231 0.1256 0.1222 
          45  1 0.1213 0.1397 0.1206 0.1241 0.1248 0.1237 0.1243 0.1215 
          46  1 0.1259 0.1203 0.1276 0.1248 0.1232 0.1268 0.1236 0.1277 
          47  1 0.1269 0.1231 0.1137 0.1331 0.1300 0.1206 0.1287 0.1240 
          48  1 0.1269 0.1315 0.1204 0.1275 0.1255 0.1225 0.1248 0.1210 
          49  1 0.1234 0.1202 0.1320 0.1216 0.1234 0.1290 0.1246 0.1258 
          50  1 0.1259 0.1431 0.1145 0.1272 0.1227 0.1192 0.1260 0.1215 
          51  1 0.1217 0.1125 0.1459 0.1173 0.1197 0.1286 0.1217 0.1325 
          52  1 0.1226 0.1317 0.1261 0.1260 0.1239 0.1237 0.1217 0.1243 
          53  1 0.1264 0.1200 0.1246 0.1267 0.1260 0.1268 0.1226 0.1271 
          54  1 0.1258 0.1258 0.1180 0.1345 0.1250 0.1238 0.1248 0.1223 
          55  1 0.1246 0.1189 0.1267 0.1232 0.1264 0.1258 0.1281 0.1263 
          56  1 0.1242 0.1228 0.1223 0.1278 0.1273 0.1260 0.1244 0.1253 
          57  1 0.1279 0.1254 0.1163 0.1329 0.1265 0.1232 0.1246 0.1231 
          58  1 0.1242 0.1206 0.1245 0.1261 0.1248 0.1273 0.1246 0.1279 
          59  1 0.1264 0.1271 0.1193 0.1271 0.1253 0.1231 0.1285 0.1232 
          60  1 0.1264 0.1387 0.1186 0.1267 0.1232 0.1222 0.1243 0.1199 
          61  1 0.1256 0.1159 0.1302 0.1262 0.1246 0.1276 0.1239 0.1261 
          62  1 0.1256 0.1255 0.1249 0.1205 0.1261 0.1252 0.1266 0.1256 
          63  1 0.1271 0.1213 0.1239 0.1271 0.1250 0.1249 0.1260 0.1246 
          64  1 0.1241 0.1544 0.1123 0.1263 0.1236 0.1184 0.1253 0.1155 
          65  1 0.1250 0.1273 0.1248 0.1248 0.1223 0.1241 0.1257 0.1261 
          66  1 0.1268 0.1202 0.1246 0.1239 0.1242 0.1258 0.1290 0.1255 
          67  1 0.1255 0.1197 0.1286 0.1222 0.1244 0.1290 0.1246 0.1260 
          68  1 0.1257 0.1328 0.1233 0.1248 0.1233 0.1224 0.1246 0.1231 
          69  1 0.1261 0.1180 0.1254 0.1243 0.1251 0.1265 0.1298 0.1248 
          70  1 0.1252 0.1320 0.1216 0.1266 0.1245 0.1228 0.1240 0.1233 
          71  1 0.1262 0.1286 0.1184 0.1279 0.1255 0.1231 0.1279 0.1224 
          72  1 0.1232 0.1250 0.1295 0.1233 0.1244 0.1254 0.1235 0.1257 
          73  1 0.1260 0.1236 0.1189 0.1289 0.1283 0.1240 0.1246 0.1256 
          74  1 0.1225 0.1279 0.1232 0.1255 0.1264 0.1224 0.1278 0.1242 
          75  1 0.1251 0.1334 0.1258 0.1221 0.1240 0.1253 0.1214 0.1229 
          76  1 0.1256 0.1322 0.1174 0.1279 0.1261 0.1230 0.1258 0.1220 
          77  1 0.1263 0.1230 0.1215 0.1300 0.1240 0.1256 0.1273 0.1222 
          78  1 0.1281 0.1308 0.1154 0.1278 0.1255 0.1221 0.1281 0.1222 
          79  1 0.1251 0.1304 0.1262 0.1244 0.1232 0.1250 0.1215 0.1242 
          80  1 0.1232 0.1120 0.1430 0.1185 0.1217 0.1302 0.1208 0.1305 
          81  1 0.1230 0.1315 0.1202 0.1319 0.1241 0.1250 0.1241 0.1202 
          82  1 0.1256 0.1275 0.1141 0.1287 0.1304 0.1197 0.1306 0.1233 
          83  1 0.1265 0.1315 0.1196 0.1274 0.1264 0.1238 0.1227 0.1221 
          84  1 0.1250 0.1192 0.1269 0.1254 0.1253 0.1283 0.1210 0.1288 
          85  1 0.1263 0.1278 0.1165 0.1328 0.1250 0.1232 0.1259 0.1225 
          86  1 0.1256 0.1321 0.1218 0.1262 0.1238 0.1241 0.1240 0.1224 
          87  1 0.1246 0.1356 0.1213 0.1265 0.1240 0.1230 0.1223 0.1226 
          88  1 0.1269 0.1154 0.1280 0.1222 0.1260 0.1263 0.1269 0.1284 
          89  1 0.1234 0.1297 0.1302 0.1198 0.1246 0.1232 0.1240 0.1251 
          90  1 0.1251 0.1183 0.1269 0.1250 0.1273 0.1259 0.1242 0.1274 
          91  1 0.1250 0.1365 0.1188 0.1289 0.1244 0.1216 0.1241 0.1207 
          92  1 0.1250 0.1254 0.1231 0.1299 0.1256 0.1244 0.1232 0.1233 
          93  1 0.1219 0.1302 0.1243 0.1246 0.1278 0.1241 0.1232 0.1239 
          94  1 0.1239 0.1359 0.1176 0.1263 0.1268 0.1208 0.1266 0.1221 
          95  1 0.1261 0.1251 0.1194 0.1287 0.1263 0.1237 0.1265 0.1242 
          96  1 0.1235 0.1198 0.1327 0.1251 0.1233 0.1274 0.1225 0.1255 
          97  1 0.1241 0.1233 0.1295 0.1258 0.1238 0.1260 0.1207 0.1267 
          98  1 0.1239 0.1138 0.1291 0.1273 0.1257 0.1294 0.1229 0.1279 
          99  1 0.1266 0.1214 0.1263 0.1247 0.1246 0.1274 0.1234 0.1256 
         100  1 0.1259 0.1262 0.1218 0.1269 0.1269 0.1240 0.1238 0.1245 
         101  1 0.1257 0.1248 0.1224 0.1245 0.1276 0.1239 0.1247 0.1264 
         102  1 0.1260 0.1219 0.1189 0.1277 0.1308 0.1227 0.1286 0.1235 
         103  1 0.1227 0.1131 0.1389 0.1201 0.1234 0.1253 0.1268 0.1296 
         104  1 0.1266 0.1233 0.1208 0.1286 0.1246 0.1265 0.1251 0.1246 
         105  1 0.1262 0.1365 0.1134 0.1292 0.1268 0.1200 0.1300 0.1179 
         106  1 0.1258 0.1193 0.1275 0.1257 0.1240 0.1270 0.1240 0.1266 
         107  1 0.1237 0.1258 0.1330 0.1220 0.1221 0.1251 0.1204 0.1279 
         108  1 0.1248 0.1208 0.1230 0.1279 0.1274 0.1253 0.1269 0.1239 
         109  1 0.1250 0.1166 0.1323 0.1240 0.1220 0.1285 0.1216 0.1300 
         110  1 0.1265 0.1299 0.1235 0.1248 0.1226 0.1228 0.1268 0.1231 
         111  1 0.1230 0.1250 0.1257 0.1280 0.1263 0.1210 0.1248 0.1262 
         112  1 0.1253 0.1188 0.1274 0.1269 0.1239 0.1286 0.1234 0.1258 
         113  1 0.1212 0.1148 0.1482 0.1182 0.1196 0.1264 0.1188 0.1327 
         114  1 0.1251 0.1228 0.1258 0.1278 0.1233 0.1243 0.1253 0.1255 
         115  1 0.1238 0.1236 0.1341 0.1219 0.1207 0.1268 0.1220 0.1272 
         116  1 0.1258 0.1211 0.1275 0.1267 0.1232 0.1271 0.1224 0.1263 
         117  1 0.1264 0.1240 0.1202 0.1263 0.1274 0.1232 0.1284 0.1240 
         118  1 0.1261 0.1366 0.1177 0.1272 0.1247 0.1200 0.1247 0.1231 
         119  1 0.1239 0.1297 0.1187 0.1288 0.1278 0.1242 0.1239 0.1230 
         120  1 0.1236 0.1240 0.1269 0.1282 0.1249 0.1263 0.1211 0.1250 
         121  1 0.1265 0.1123 0.1323 0.1222 0.1229 0.1292 0.1250 0.1295 
         122  1 0.1239 0.1167 0.1228 0.1231 0.1273 0.1251 0.1332 0.1279 
         123  1 0.1258 0.1371 0.1209 0.1239 0.1245 0.1226 0.1239 0.1212 
         124  1 0.1242 0.1225 0.1268 0.1236 0.1253 0.1253 0.1267 0.1255 
         125  1 0.1256 0.1256 0.1194 0.1287 0.1251 0.1255 0.1264 0.1237 
         126  1 0.1261 0.1280 0.1209 0.1258 0.1242 0.1240 0.1259 0.1252 
         127  1 0.1252 0.1229 0.1232 0.1250 0.1278 0.1250 0.1244 0.1264 
         128  1 0.1247 0.1137 0.1353 0.1207 0.1229 0.1295 0.1234 0.1298 
         129  1 0.1264 0.1167 0.1321 0.1235 0.1215 0.1266 0.1259 0.1273 
         130  1 0.1252 0.1274 0.1254 0.1240 0.1249 0.1258 0.1240 0.1234 
         131  1 0.1259 0.1304 0.1174 0.1262 0.1267 0.1214 0.1292 0.1228 
         132  1 0.1261 0.1261 0.1216 0.1258 0.1278 0.1233 0.1259 0.1233 
         133  1 0.1247 0.1330 0.1173 0.1265 0.1264 0.1229 0.1279 0.1213 
         134  1 0.1249 0.1233 0.1202 0.1273 0.1280 0.1242 0.1264 0.1256 
         135  1 0.1254 0.1194 0.1259 0.1298 0.1250 0.1227 0.1249 0.1270 
         136  1 0.1262 0.1176 0.1244 0.1281 0.1262 0.1275 0.1254 0.1247 
         137  1 0.1248 0.1347 0.1246 0.1235 0.1220 0.1258 0.1228 0.1217 
         138  1 0.1234 0.1163 0.1378 0.1203 0.1203 0.1301 0.1233 0.1285 
         139  1 0.1254 0.1207 0.1209 0.1322 0.1264 0.1251 0.1264 0.1230 
         140  1 0.1252 0.1273 0.1185 0.1255 0.1262 0.1222 0.1298 0.1252 
         141  1 0.1235 0.1257 0.1249 0.1266 0.1237 0.1284 0.1220 0.1252 
         142  1 0.1264 0.1239 0.1179 0.1310 0.1258 0.1248 0.1270 0.1232 
         143  1 0.1236 0.1207 0.1327 0.1222 0.1236 0.1304 0.1192 0.1276 
         144  1 0.1259 0.1261 0.1188 0.1235 0.1266 0.1218 0.1331 0.1243 
         145  1 0.1227 0.1211 0.1345 0.1187 0.1242 0.1260 0.1238 0.1289 
         146  1 0.1273 0.1186 0.1220 0.1295 0.1246 0.1301 0.1217 0.1262 
         147  1 0.1272 0.1212 0.1238 0.1258 0.1266 0.1260 0.1227 0.1268 
         148  1 0.1237 0.1161 0.1350 0.1221 0.1236 0.1252 0.1241 0.1301 
         149  1 0.1260 0.1203 0.1254 0.1205 0.1284 0.1271 0.1263 0.1260 
         150  1 0.1247 0.1253 0.1244 0.1257 0.1248 0.1250 0.1249 0.1251 
         151  1 0.1248 0.1328 0.1231 0.1242 0.1233 0.1243 0.1252 0.1224 
         152  1 0.1247 0.1291 0.1202 0.1278 0.1268 0.1225 0.1254 0.1234 
         153  1 0.1272 0.1264 0.1207 0.1299 0.1233 0.1263 0.1228 0.1234 
         154  1 0.1254 0.1280 0.1270 0.1254 0.1232 0.1250 0.1212 0.1249 
         155  1 0.1251 0.1177 0.1306 0.1211 0.1276 0.1259 0.1244 0.1276 
         156  1 0.1277 0.1282 0.1138 0.1261 0.1284 0.1221 0.1328 0.1209 
         157  1 0.1253 0.1383 0.1168 0.1236 0.1264 0.1196 0.1292 0.1208 
         158  1 0.1250 0.1316 0.1219 0.1275 0.1254 0.1235 0.1215 0.1237 
         159  1 0.1250 0.1255 0.1210 0.1266 0.1267 0.1261 0.1246 0.1247 
         160  1 0.1268 0.1211 0.1217 0.1278 0.1278 0.1240 0.1268 0.1238 
         161  1 0.1251 0.1204 0.1313 0.1217 0.1230 0.1281 0.1218 0.1285 
         162  1 0.1057 0.0894 0.2276 0.0974 0.1014 0.1263 0.1004 0.1518 
         163  1 0.1278 0.1286 0.1127 0.1316 0.1280 0.1206 0.1313 0.1194 
         164  1 0.1262 0.1242 0.1241 0.1261 0.1249 0.1244 0.1235 0.1266 
         165  1 0.1262 0.1312 0.1174 0.1279 0.1268 0.1209 0.1276 0.1220 
         166  1 0.1248 0.1291 0.1236 0.1231 0.1261 0.1225 0.1269 0.1239 
         167  1 0.1209 0.1126 0.1434 0.1253 0.1202 0.1297 0.1184 0.1295 
         168  1 0.1266 0.1172 0.1261 0.1248 0.1252 0.1281 0.1246 0.1274 
         169  1 0.1251 0.1288 0.1177 0.1240 0.1271 0.1232 0.1301 0.1240 
         170  1 0.1253 0.1164 0.1308 0.1239 0.1250 0.1264 0.1214 0.1307 
         171  1 0.1265 0.1278 0.1177 0.1213 0.1308 0.1206 0.1341 0.1212 
         172  1 0.1247 0.1229 0.1252 0.1245 0.1268 0.1249 0.1275 0.1235 
         173  1 0.1248 0.1213 0.1189 0.1290 0.1289 0.1245 0.1294 0.1232 
         174  1 0.1243 0.1213 0.1314 0.1208 0.1243 0.1290 0.1214 0.1274 
         175  1 0.1237 0.1179 0.1369 0.1176 0.1221 0.1273 0.1252 0.1292 
         176  1 0.1246 0.1497 0.1178 0.1236 0.1230 0.1206 0.1213 0.1195 
         177  1 0.1276 0.1345 0.1140 0.1310 0.1248 0.1205 0.1289 0.1188 
         178  1 0.1271 0.1254 0.1142 0.1294 0.1296 0.1207 0.1315 0.1220 
         179  1 0.1246 0.1270 0.1271 0.1239 0.1248 0.1263 0.1216 0.1248 
         180  1 0.1233 0.1234 0.1287 0.1253 0.1252 0.1274 0.1219 0.1248 
         181  1 0.1237 0.1319 0.1194 0.1244 0.1269 0.1238 0.1268 0.1232 
         182  1 0.1243 0.1163 0.1280 0.1248 0.1249 0.1289 0.1254 0.1274 
         183  1 0.1238 0.1325 0.1215 0.1266 0.1260 0.1236 0.1220 0.1241 
         184  1 0.1280 0.1147 0.1221 0.1268 0.1296 0.1226 0.1290 0.1271 
         185  1 0.1250 0.1249 0.1216 0.1220 0.1286 0.1234 0.1316 0.1229 
         186  1 0.1261 0.1215 0.1207 0.1281 0.1258 0.1231 0.1297 0.1251 
         187  1 0.1241 0.1323 0.1187 0.1253 0.1264 0.1232 0.1273 0.1227 
         188  1 0.1264 0.1229 0.1170 0.1240 0.1285 0.1209 0.1383 0.1221 
         189  1 0.1253 0.1255 0.1252 0.1226 0.1268 0.1237 0.1248 0.1261 
         190  1 0.1245 0.1196 0.1269 0.1260 0.1259 0.1255 0.1223 0.1293 
         191  1 0.1260 0.1172 0.1243 0.1252 0.1269 0.1264 0.1256 0.1284 
         192  1 0.1232 0.1255 0.1252 0.1252 0.1243 0.1256 0.1262 0.1249 
         193  1 0.1229 0.1451 0.1238 0.1195 0.1227 0.1234 0.1239 0.1187 
         194  1 0.1247 0.1274 0.1310 0.1227 0.1208 0.1258 0.1219 0.1258 
         195  1 0.1247 0.1188 0.1260 0.1227 0.1274 0.1314 0.1209 0.1282 
         196  1 0.1235 0.1125 0.1384 0.1198 0.1239 0.1303 0.1217 0.1301 
         197  1 0.1250 0.1267 0.1217 0.1274 0.1270 0.1226 0.1248 0.1247 
         198  1 0.1231 0.1389 0.1255 0.1223 0.1224 0.1241 0.1220 0.1218 
         199  1 0.1246 0.1318 0.1196 0.1267 0.1259 0.1239 0.1247 0.1228 
         200  1 0.1245 0.1277 0.1175 0.1296 0.1253 0.1252 0.1251 0.1251 
         201  1 0.1241 0.1166 0.1361 0.1208 0.1218 0.1276 0.1228 0.1302 
         202  1 0.1250 0.1325 0.1189 0.1243 0.1239 0.1216 0.1313 0.1224 
         203  1 0.1243 0.1231 0.1242 0.1264 0.1256 0.1270 0.1244 0.1251 
         204  1 0.1231 0.1261 0.1238 0.1262 0.1277 0.1245 0.1232 0.1254 
         205  1 0.1227 0.1262 0.1277 0.1243 0.1257 0.1264 0.1232 0.1238 
         206  1 0.1254 0.1183 0.1222 0.1319 0.1267 0.1269 0.1254 0.1232 
         207  1 0.1250 0.1319 0.1248 0.1250 0.1232 0.1250 0.1208 0.1243 
         208  1 0.1250 0.1252 0.1214 0.1258 0.1282 0.1230 0.1249 0.1266 
         209  1 0.1262 0.1154 0.1325 0.1270 0.1229 0.1257 0.1228 0.1275 
         210  1 0.1243 0.1325 0.1203 0.1252 0.1264 0.1237 0.1247 0.1229 
         211  1 0.1262 0.1272 0.1188 0.1278 0.1267 0.1228 0.1281 0.1224 
         212  1 0.1248 0.1133 0.1335 0.1262 0.1223 0.1316 0.1203 0.1280 
         213  1 0.1240 0.1345 0.1220 0.1231 0.1240 0.1230 0.1261 0.1232 
         214  1 0.1279 0.1201 0.1235 0.1261 0.1236 0.1252 0.1285 0.1250 
         215  1 0.1246 0.1248 0.1240 0.1216 0.1277 0.1251 0.1293 0.1228 
         216  1 0.1242 0.1155 0.1370 0.1218 0.1216 0.1301 0.1198 0.1300 
         217  1 0.1259 0.1380 0.1155 0.1276 0.1256 0.1220 0.1267 0.1187 
         218  1 0.1258 0.1243 0.1218 0.1276 0.1273 0.1239 0.1252 0.1240 
         219  1 0.1213 0.1152 0.1500 0.1196 0.1193 0.1257 0.1162 0.1327 
         220  1 0.1262 0.1237 0.1257 0.1239 0.1262 0.1265 0.1215 0.1263 
         221  1 0.1250 0.1183 0.1279 0.1224 0.1301 0.1259 0.1241 0.1262 
         222  1 0.1234 0.1345 0.1230 0.1231 0.1268 0.1249 0.1211 0.1232 
         223  1 0.1249 0.1261 0.1174 0.1333 0.1270 0.1236 0.1254 0.1224 
         224  1 0.1258 0.1271 0.1233 0.1278 0.1221 0.1253 0.1253 0.1232 
         225  1 0.1256 0.1200 0.1292 0.1231 0.1260 0.1260 0.1226 0.1275 
         226  1 0.1226 0.1168 0.1400 0.1182 0.1221 0.1300 0.1194 0.1308 
         227  1 0.1259 0.1237 0.1254 0.1261 0.1232 0.1259 0.1253 0.1245 
         228  1 0.1251 0.1428 0.1185 0.1217 0.1227 0.1221 0.1263 0.1208 
         229  1 0.1263 0.1309 0.1171 0.1302 0.1267 0.1225 0.1251 0.1211 
         230  1 0.1241 0.1208 0.1302 0.1235 0.1226 0.1274 0.1244 0.1269 
         231  1 0.1235 0.1208 0.1320 0.1240 0.1219 0.1281 0.1231 0.1266 
         232  1 0.1250 0.1264 0.1185 0.1259 0.1272 0.1241 0.1301 0.1228 
         233  1 0.1250 0.1219 0.1267 0.1253 0.1261 0.1285 0.1194 0.1270 
         234  1 0.1263 0.1311 0.1177 0.1277 0.1261 0.1209 0.1273 0.1228 
         235  1 0.1221 0.1494 0.1152 0.1269 0.1248 0.1188 0.1237 0.1190 
         236  1 0.1227 0.1217 0.1368 0.1199 0.1225 0.1298 0.1196 0.1271 
         237  1 0.1247 0.1414 0.1132 0.1297 0.1275 0.1206 0.1253 0.1177 
         238  1 0.1268 0.1319 0.1184 0.1283 0.1240 0.1230 0.1269 0.1207 
         239  1 0.1249 0.1439 0.1156 0.1273 0.1240 0.1207 0.1248 0.1188 
         240  1 0.1241 0.1129 0.1384 0.1227 0.1218 0.1302 0.1195 0.1304 
         241  1 0.1250 0.1186 0.1316 0.1215 0.1239 0.1282 0.1231 0.1283 
         242  1 0.1238 0.1435 0.1147 0.1282 0.1253 0.1207 0.1245 0.1194 
         243  1 0.1244 0.1425 0.1143 0.1299 0.1230 0.1229 0.1225 0.1205 
         244  1 0.1244 0.1235 0.1234 0.1272 0.1267 0.1263 0.1243 0.1242 
         245  1 0.1244 0.1248 0.1266 0.1191 0.1260 0.1248 0.1309 0.1234 
         246  1 0.1245 0.1261 0.1301 0.1196 0.1249 0.1261 0.1229 0.1258 
         247  1 0.1240 0.1251 0.1359 0.1209 0.1224 0.1230 0.1218 0.1269 
         248  1 0.1233 0.1376 0.1228 0.1205 0.1230 0.1219 0.1283 0.1226 
         249  1 0.1249 0.1161 0.1297 0.1238 0.1254 0.1269 0.1267 0.1265 
         250  1 0.1255 0.1186 0.1317 0.1203 0.1227 0.1259 0.1275 0.1277 
         251  1 0.1246 0.1272 0.1278 0.1228 0.1241 0.1255 0.1241 0.1238 
         252  1 0.1250 0.1251 0.1241 0.1248 0.1230 0.1264 0.1265 0.1250 
         253  1 0.1276 0.1193 0.1194 0.1274 0.1281 0.1236 0.1299 0.1247 
         254  1 0.1257 0.1203 0.1205 0.1300 0.1284 0.1259 0.1236 0.1256 
         255  1 0.1260 0.1140 0.1287 0.1205 0.1293 0.1271 0.1262 0.1281 
         256  1 0.1230 0.1157 0.1353 0.1215 0.1260 0.1276 0.1218 0.1291 
         257  1 0.1287 0.1186 0.1209 0.1261 0.1277 0.1250 0.1295 0.1234 
         258  1 0.1246 0.1156 0.1335 0.1200 0.1251 0.1270 0.1275 0.1267 
         259  1 0.1231 0.1262 0.1233 0.1250 0.1272 0.1253 0.1263 0.1236 
         260  1 0.1249 0.1305 0.1284 0.1213 0.1212 0.1253 0.1233 0.1251 
         261  1 0.1246 0.1399 0.1248 0.1197 0.1236 0.1230 0.1232 0.1212 
         262  1 0.1267 0.1196 0.1203 0.1208 0.1323 0.1200 0.1372 0.1231 
         263  1 0.1259 0.1345 0.1201 0.1232 0.1250 0.1216 0.1286 0.1211 
         264  1 0.1242 0.1400 0.1195 0.1274 0.1215 0.1203 0.1258 0.1213 
         265  1 0.1239 0.1272 0.1238 0.1256 0.1249 0.1262 0.1215 0.1268 
         266  1 0.1238 0.1299 0.1265 0.1200 0.1230 0.1236 0.1280 0.1253 
         267  1 0.1279 0.1245 0.1218 0.1303 0.1246 0.1253 0.1219 0.1236 
         268  1 0.1244 0.1210 0.1338 0.1190 0.1225 0.1269 0.1245 0.1280 
         269  1 0.1236 0.1158 0.1379 0.1216 0.1207 0.1305 0.1207 0.1293 
         270  1 0.1244 0.1256 0.1276 0.1272 0.1218 0.1255 0.1231 0.1248 
         271  1 0.1259 0.1210 0.1273 0.1238 0.1241 0.1258 0.1263 0.1258 
         272  1 0.1239 0.1138 0.1424 0.1182 0.1205 0.1317 0.1183 0.1312 
         273  1 0.1251 0.1288 0.1113 0.1284 0.1293 0.1198 0.1376 0.1197 
         274  1 0.1247 0.1426 0.1138 0.1269 0.1251 0.1197 0.1252 0.1220 
         275  1 0.1265 0.1322 0.1175 0.1284 0.1261 0.1221 0.1267 0.1205 
         276  1 0.1275 0.1279 0.1159 0.1271 0.1272 0.1217 0.1279 0.1248 
         277  1 0.1251 0.1241 0.1160 0.1343 0.1273 0.1240 0.1280 0.1214 
         278  1 0.1259 0.1319 0.1132 0.1306 0.1278 0.1216 0.1268 0.1221 
         279  1 0.1242 0.1317 0.1225 0.1237 0.1245 0.1245 0.1262 0.1227 
         280  1 0.1228 0.1295 0.1326 0.1179 0.1233 0.1251 0.1232 0.1257 
         281  1 0.1243 0.1338 0.1168 0.1311 0.1264 0.1223 0.1252 0.1202 
         282  1 0.1248 0.1274 0.1263 0.1244 0.1242 0.1245 0.1237 0.1247 
         283  1 0.1259 0.1275 0.1154 0.1300 0.1273 0.1222 0.1309 0.1208 
         284  1 0.1244 0.1126 0.1236 0.1264 0.1303 0.1260 0.1307 0.1259 
         285  1 0.1211 0.1100 0.1441 0.1191 0.1221 0.1320 0.1204 0.1312 
         286  1 0.1257 0.1334 0.1230 0.1253 0.1235 0.1243 0.1226 0.1222 
         287  1 0.1239 0.1251 0.1320 0.1226 0.1215 0.1275 0.1201 0.1272 
         288  1 0.1244 0.1249 0.1333 0.1203 0.1209 0.1277 0.1193 0.1291 
         289  1 0.1266 0.1208 0.1257 0.1267 0.1241 0.1256 0.1260 0.1246 
         290  1 0.1268 0.1232 0.1179 0.1292 0.1264 0.1232 0.1296 0.1237 
         291  1 0.1274 0.1212 0.1153 0.1332 0.1278 0.1236 0.1283 0.1232 
         292  1 0.1256 0.1330 0.1199 0.1249 0.1260 0.1212 0.1271 0.1222 
         293  1 0.1245 0.1182 0.1358 0.1199 0.1229 0.1282 0.1219 0.1285 
         294  1 0.1244 0.1327 0.1162 0.1290 0.1279 0.1230 0.1266 0.1201 
         295  1 0.1264 0.1177 0.1280 0.1232 0.1274 0.1261 0.1226 0.1286 
         296  1 0.1242 0.1161 0.1321 0.1202 0.1253 0.1269 0.1262 0.1291 
         297  1 0.1246 0.1158 0.1352 0.1218 0.1218 0.1289 0.1224 0.1296 
         298  1 0.1241 0.1109 0.1428 0.1185 0.1215 0.1306 0.1205 0.1311 
         299  1 0.1285 0.1277 0.1144 0.1298 0.1274 0.1211 0.1303 0.1209 
         300  1 0.1276 0.1263 0.1159 0.1279 0.1284 0.1230 0.1303 0.1208 
