           1  1 0.1650 0.1814 0.1502 0.1623 0.1718 0.1693 
           2  1 0.1671 0.1785 0.1438 0.1677 0.1674 0.1754 
           3  1 0.1648 0.1663 0.1659 0.1617 0.1717 0.1697 
           4  1 0.1639 0.1535 0.2019 0.1710 0.1558 0.1538 
           5  1 0.1698 0.1689 0.1596 0.1681 0.1672 0.1663 
           6  1 0.1673 0.1660 0.1596 0.1723 0.1674 0.1675 
           7  1 0.1665 0.1687 0.1585 0.1755 0.1614 0.1694 
           8  1 0.1663 0.1739 0.1558 0.1716 0.1619 0.1706 
           9  1 0.1633 0.1558 0.1932 0.1668 0.1626 0.1584 
          10  1 0.1667 0.1610 0.1758 0.1689 0.1664 0.1611 
          11  1 0.1662 0.1718 0.1442 0.1608 0.1785 0.1785 
          12  1 0.1632 0.1589 0.1901 0.1653 0.1576 0.1650 
          13  1 0.1619 0.1538 0.2079 0.1601 0.1592 0.1572 
          14  1 0.1637 0.1555 0.1886 0.1714 0.1593 0.1615 
          15  1 0.1645 0.1722 0.1660 0.1595 0.1672 0.1705 
          16  1 0.1646 0.1677 0.1679 0.1624 0.1670 0.1703 
          17  1 0.1676 0.1609 0.1780 0.1684 0.1634 0.1618 
          18  1 0.1636 0.1667 0.1661 0.1692 0.1661 0.1683 
          19  1 0.1683 0.1631 0.1673 0.1690 0.1692 0.1631 
          20  1 0.1634 0.1657 0.1727 0.1673 0.1652 0.1657 
          21  1 0.1711 0.1702 0.1515 0.1688 0.1708 0.1676 
          22  1 0.1643 0.1623 0.1813 0.1679 0.1635 0.1609 
          23  1 0.1719 0.1680 0.1532 0.1727 0.1695 0.1647 
          24  1 0.1669 0.1672 0.1688 0.1731 0.1596 0.1644 
          25  1 0.1677 0.1662 0.1668 0.1699 0.1629 0.1665 
          26  1 0.1693 0.1656 0.1672 0.1654 0.1666 0.1660 
          27  1 0.1653 0.1620 0.1743 0.1728 0.1623 0.1632 
          28  1 0.1722 0.1677 0.1643 0.1671 0.1645 0.1642 
          29  1 0.1617 0.1728 0.1638 0.1642 0.1687 0.1687 
          30  1 0.1680 0.1620 0.1729 0.1640 0.1650 0.1681 
          31  1 0.1660 0.1836 0.1408 0.1702 0.1601 0.1794 
          32  1 0.1667 0.1622 0.1663 0.1697 0.1678 0.1672 
          33  1 0.1662 0.1674 0.1679 0.1631 0.1578 0.1777 
          34  1 0.1702 0.1647 0.1642 0.1681 0.1653 0.1676 
          35  1 0.1655 0.1593 0.1873 0.1698 0.1571 0.1611 
          36  1 0.1670 0.1717 0.1520 0.1655 0.1708 0.1730 
          37  1 0.1702 0.1805 0.1374 0.1657 0.1678 0.1784 
          38  1 0.1707 0.1634 0.1676 0.1680 0.1666 0.1637 
          39  1 0.1641 0.1654 0.1741 0.1631 0.1653 0.1681 
          40  1 0.1660 0.1691 0.1559 0.1688 0.1708 0.1694 
          41  1 0.1719 0.1675 0.1591 0.1653 0.1685 0.1678 
          42  1 0.1643 0.1568 0.1909 0.1651 0.1622 0.1606 
          43  1 0.1695 0.1593 0.1780 0.1706 0.1627 0.1598 
          44  1 0.1666 0.1684 0.1563 0.1669 0.1720 0.1698 
          45  1 0.1653 0.1691 0.1565 0.1681 0.1704 0.1706 
          46  1 0.1666 0.1620 0.1750 0.1660 0.1669 0.1635 
          47  1 0.1706 0.1768 0.1459 0.1645 0.1744 0.1678 
          48  1 0.1687 0.1712 0.1577 0.1605 0.1676 0.1744 
          49  1 0.1665 0.1599 0.1803 0.1684 0.1618 0.1630 
          50  1 0.1640 0.1705 0.1464 0.1650 0.1810 0.1732 
          51  1 0.1608 0.1533 0.2131 0.1601 0.1574 0.1553 
          52  1 0.1652 0.1681 0.1689 0.1664 0.1658 0.1656 
          53  1 0.1648 0.1656 0.1686 0.1766 0.1639 0.1605 
          54  1 0.1707 0.1670 0.1554 0.1702 0.1729 0.1638 
          55  1 0.1667 0.1663 0.1676 0.1696 0.1626 0.1671 
          56  1 0.1657 0.1667 0.1621 0.1755 0.1651 0.1649 
          57  1 0.1697 0.1770 0.1498 0.1653 0.1722 0.1660 
          58  1 0.1637 0.1648 0.1652 0.1756 0.1647 0.1661 
          59  1 0.1663 0.1738 0.1540 0.1645 0.1713 0.1701 
          60  1 0.1642 0.1708 0.1515 0.1651 0.1755 0.1729 
          61  1 0.1693 0.1645 0.1753 0.1677 0.1618 0.1613 
          62  1 0.1653 0.1683 0.1674 0.1643 0.1656 0.1692 
          63  1 0.1694 0.1624 0.1645 0.1648 0.1711 0.1678 
          64  1 0.1652 0.1708 0.1405 0.1657 0.1823 0.1755 
          65  1 0.1639 0.1725 0.1661 0.1627 0.1673 0.1675 
          66  1 0.1677 0.1700 0.1630 0.1679 0.1625 0.1688 
          67  1 0.1663 0.1598 0.1744 0.1707 0.1648 0.1640 
          68  1 0.1660 0.1691 0.1616 0.1623 0.1743 0.1667 
          69  1 0.1681 0.1690 0.1667 0.1656 0.1624 0.1681 
          70  1 0.1660 0.1672 0.1608 0.1668 0.1715 0.1676 
          71  1 0.1678 0.1710 0.1528 0.1669 0.1708 0.1708 
          72  1 0.1661 0.1660 0.1747 0.1638 0.1623 0.1672 
          73  1 0.1710 0.1724 0.1550 0.1621 0.1711 0.1684 
          74  1 0.1668 0.1744 0.1607 0.1630 0.1628 0.1723 
          75  1 0.1654 0.1618 0.1671 0.1669 0.1735 0.1653 
          76  1 0.1639 0.1727 0.1508 0.1689 0.1713 0.1724 
          77  1 0.1731 0.1658 0.1590 0.1669 0.1684 0.1668 
          78  1 0.1674 0.1736 0.1479 0.1645 0.1723 0.1742 
          79  1 0.1650 0.1636 0.1669 0.1668 0.1703 0.1674 
          80  1 0.1626 0.1520 0.2071 0.1643 0.1577 0.1563 
          81  1 0.1708 0.1670 0.1571 0.1670 0.1726 0.1655 
          82  1 0.1681 0.1785 0.1432 0.1682 0.1658 0.1761 
          83  1 0.1679 0.1716 0.1550 0.1650 0.1724 0.1681 
          84  1 0.1677 0.1615 0.1727 0.1730 0.1626 0.1625 
          85  1 0.1707 0.1711 0.1485 0.1667 0.1732 0.1697 
          86  1 0.1670 0.1656 0.1583 0.1659 0.1715 0.1716 
          87  1 0.1632 0.1694 0.1593 0.1660 0.1727 0.1694 
          88  1 0.1661 0.1615 0.1737 0.1713 0.1646 0.1628 
          89  1 0.1635 0.1595 0.1795 0.1657 0.1652 0.1666 
          90  1 0.1686 0.1628 0.1703 0.1671 0.1659 0.1653 
          91  1 0.1686 0.1701 0.1532 0.1658 0.1741 0.1681 
          92  1 0.1703 0.1702 0.1604 0.1647 0.1680 0.1664 
          93  1 0.1679 0.1665 0.1631 0.1643 0.1674 0.1708 
          94  1 0.1673 0.1764 0.1511 0.1623 0.1692 0.1738 
          95  1 0.1699 0.1719 0.1550 0.1680 0.1683 0.1670 
          96  1 0.1674 0.1574 0.1817 0.1665 0.1669 0.1601 
          97  1 0.1651 0.1628 0.1754 0.1656 0.1680 0.1632 
          98  1 0.1709 0.1617 0.1770 0.1675 0.1627 0.1602 
          99  1 0.1678 0.1629 0.1682 0.1713 0.1649 0.1649 
         100  1 0.1678 0.1728 0.1596 0.1657 0.1700 0.1641 
         101  1 0.1621 0.1690 0.1613 0.1710 0.1664 0.1703 
         102  1 0.1702 0.1710 0.1514 0.1669 0.1681 0.1723 
         103  1 0.1616 0.1591 0.1965 0.1632 0.1611 0.1586 
         104  1 0.1695 0.1700 0.1599 0.1662 0.1685 0.1659 
         105  1 0.1707 0.1739 0.1434 0.1630 0.1740 0.1751 
         106  1 0.1673 0.1649 0.1717 0.1689 0.1634 0.1639 
         107  1 0.1634 0.1651 0.1808 0.1607 0.1651 0.1649 
         108  1 0.1688 0.1645 0.1648 0.1700 0.1676 0.1643 
         109  1 0.1666 0.1601 0.1848 0.1657 0.1652 0.1576 
         110  1 0.1653 0.1684 0.1624 0.1652 0.1714 0.1671 
         111  1 0.1643 0.1694 0.1696 0.1615 0.1677 0.1675 
         112  1 0.1669 0.1640 0.1708 0.1711 0.1638 0.1633 
         113  1 0.1611 0.1527 0.2167 0.1556 0.1601 0.1538 
         114  1 0.1693 0.1670 0.1703 0.1639 0.1658 0.1637 
         115  1 0.1622 0.1587 0.1857 0.1646 0.1695 0.1594 
         116  1 0.1692 0.1619 0.1718 0.1680 0.1679 0.1613 
         117  1 0.1694 0.1722 0.1552 0.1674 0.1660 0.1698 
         118  1 0.1655 0.1737 0.1522 0.1639 0.1735 0.1712 
         119  1 0.1714 0.1688 0.1532 0.1739 0.1686 0.1642 
         120  1 0.1667 0.1619 0.1704 0.1715 0.1681 0.1613 
         121  1 0.1654 0.1588 0.1837 0.1696 0.1610 0.1616 
         122  1 0.1637 0.1727 0.1638 0.1737 0.1591 0.1670 
         123  1 0.1680 0.1651 0.1582 0.1662 0.1707 0.1718 
         124  1 0.1669 0.1697 0.1721 0.1616 0.1604 0.1693 
         125  1 0.1662 0.1712 0.1534 0.1713 0.1687 0.1692 
         126  1 0.1654 0.1678 0.1613 0.1699 0.1680 0.1675 
         127  1 0.1671 0.1701 0.1640 0.1629 0.1674 0.1685 
         128  1 0.1655 0.1543 0.1880 0.1710 0.1618 0.1595 
         129  1 0.1673 0.1613 0.1813 0.1651 0.1606 0.1644 
         130  1 0.1648 0.1667 0.1650 0.1651 0.1685 0.1699 
         131  1 0.1696 0.1734 0.1505 0.1684 0.1688 0.1693 
         132  1 0.1688 0.1725 0.1571 0.1656 0.1665 0.1696 
         133  1 0.1689 0.1719 0.1498 0.1669 0.1668 0.1756 
         134  1 0.1685 0.1708 0.1571 0.1665 0.1651 0.1721 
         135  1 0.1691 0.1669 0.1698 0.1662 0.1649 0.1631 
         136  1 0.1717 0.1656 0.1643 0.1689 0.1637 0.1657 
         137  1 0.1665 0.1670 0.1633 0.1628 0.1680 0.1724 
         138  1 0.1650 0.1584 0.1905 0.1662 0.1619 0.1580 
         139  1 0.1750 0.1710 0.1556 0.1656 0.1686 0.1642 
         140  1 0.1657 0.1742 0.1541 0.1693 0.1679 0.1688 
         141  1 0.1705 0.1647 0.1622 0.1691 0.1666 0.1670 
         142  1 0.1729 0.1690 0.1524 0.1696 0.1697 0.1664 
         143  1 0.1656 0.1600 0.1831 0.1690 0.1617 0.1606 
         144  1 0.1656 0.1769 0.1557 0.1639 0.1652 0.1728 
         145  1 0.1608 0.1639 0.1821 0.1690 0.1590 0.1653 
         146  1 0.1689 0.1658 0.1609 0.1732 0.1649 0.1663 
         147  1 0.1679 0.1683 0.1644 0.1667 0.1682 0.1645 
         148  1 0.1618 0.1633 0.1895 0.1621 0.1633 0.1600 
         149  1 0.1646 0.1682 0.1671 0.1722 0.1598 0.1682 
         150  1 0.1656 0.1713 0.1643 0.1629 0.1650 0.1709 
         151  1 0.1649 0.1668 0.1621 0.1670 0.1677 0.1715 
         152  1 0.1700 0.1684 0.1557 0.1671 0.1705 0.1683 
         153  1 0.1700 0.1682 0.1582 0.1679 0.1711 0.1646 
         154  1 0.1663 0.1633 0.1743 0.1628 0.1711 0.1622 
         155  1 0.1638 0.1647 0.1784 0.1640 0.1626 0.1665 
         156  1 0.1693 0.1780 0.1444 0.1653 0.1666 0.1763 
         157  1 0.1636 0.1725 0.1471 0.1657 0.1751 0.1760 
         158  1 0.1682 0.1708 0.1608 0.1659 0.1691 0.1652 
         159  1 0.1707 0.1644 0.1586 0.1676 0.1680 0.1707 
         160  1 0.1698 0.1657 0.1603 0.1675 0.1661 0.1706 
         161  1 0.1617 0.1626 0.1831 0.1716 0.1625 0.1586 
         162  1 0.1362 0.1132 0.3706 0.1293 0.1302 0.1204 
         163  1 0.1699 0.1806 0.1391 0.1663 0.1688 0.1752 
         164  1 0.1639 0.1698 0.1657 0.1658 0.1704 0.1645 
         165  1 0.1665 0.1759 0.1499 0.1648 0.1717 0.1712 
         166  1 0.1651 0.1657 0.1636 0.1658 0.1688 0.1710 
         167  1 0.1675 0.1521 0.2061 0.1621 0.1597 0.1525 
         168  1 0.1654 0.1649 0.1704 0.1730 0.1620 0.1644 
         169  1 0.1629 0.1740 0.1546 0.1712 0.1669 0.1703 
         170  1 0.1668 0.1586 0.1781 0.1717 0.1643 0.1604 
         171  1 0.1666 0.1737 0.1548 0.1634 0.1634 0.1781 
         172  1 0.1673 0.1689 0.1646 0.1687 0.1638 0.1667 
         173  1 0.1708 0.1737 0.1542 0.1682 0.1622 0.1708 
         174  1 0.1656 0.1599 0.1778 0.1691 0.1621 0.1656 
         175  1 0.1618 0.1619 0.1866 0.1661 0.1581 0.1655 
         176  1 0.1639 0.1704 0.1516 0.1616 0.1764 0.1760 
         177  1 0.1699 0.1750 0.1423 0.1633 0.1766 0.1729 
         178  1 0.1703 0.1773 0.1459 0.1659 0.1656 0.1748 
         179  1 0.1663 0.1666 0.1699 0.1647 0.1657 0.1668 
         180  1 0.1688 0.1640 0.1755 0.1655 0.1652 0.1611 
         181  1 0.1653 0.1716 0.1540 0.1697 0.1658 0.1737 
         182  1 0.1693 0.1592 0.1720 0.1681 0.1696 0.1617 
         183  1 0.1652 0.1666 0.1612 0.1678 0.1697 0.1695 
         184  1 0.1702 0.1682 0.1630 0.1663 0.1647 0.1676 
         185  1 0.1644 0.1745 0.1598 0.1663 0.1639 0.1711 
         186  1 0.1666 0.1735 0.1609 0.1654 0.1678 0.1658 
         187  1 0.1670 0.1729 0.1515 0.1674 0.1682 0.1729 
         188  1 0.1645 0.1786 0.1521 0.1682 0.1617 0.1748 
         189  1 0.1652 0.1692 0.1645 0.1662 0.1683 0.1666 
         190  1 0.1628 0.1680 0.1715 0.1702 0.1644 0.1632 
         191  1 0.1630 0.1719 0.1693 0.1677 0.1659 0.1622 
         192  1 0.1678 0.1670 0.1660 0.1671 0.1647 0.1674 
         193  1 0.1640 0.1642 0.1640 0.1643 0.1717 0.1718 
         194  1 0.1680 0.1591 0.1799 0.1651 0.1675 0.1603 
         195  1 0.1644 0.1603 0.1703 0.1809 0.1612 0.1628 
         196  1 0.1635 0.1530 0.1958 0.1699 0.1588 0.1590 
         197  1 0.1677 0.1634 0.1597 0.1685 0.1737 0.1671 
         198  1 0.1642 0.1665 0.1678 0.1631 0.1731 0.1653 
         199  1 0.1683 0.1660 0.1547 0.1738 0.1708 0.1664 
         200  1 0.1723 0.1711 0.1516 0.1699 0.1670 0.1682 
         201  1 0.1639 0.1585 0.1866 0.1648 0.1635 0.1627 
         202  1 0.1632 0.1745 0.1557 0.1654 0.1666 0.1747 
         203  1 0.1675 0.1633 0.1622 0.1739 0.1687 0.1645 
         204  1 0.1666 0.1680 0.1619 0.1668 0.1711 0.1654 
         205  1 0.1663 0.1649 0.1716 0.1669 0.1682 0.1622 
         206  1 0.1734 0.1645 0.1606 0.1724 0.1676 0.1617 
         207  1 0.1657 0.1691 0.1668 0.1626 0.1697 0.1661 
         208  1 0.1659 0.1715 0.1596 0.1698 0.1678 0.1654 
         209  1 0.1690 0.1616 0.1793 0.1651 0.1644 0.1606 
         210  1 0.1647 0.1736 0.1556 0.1642 0.1704 0.1715 
         211  1 0.1698 0.1726 0.1530 0.1659 0.1661 0.1727 
         212  1 0.1687 0.1562 0.1866 0.1711 0.1632 0.1542 
         213  1 0.1659 0.1693 0.1592 0.1655 0.1688 0.1713 
         214  1 0.1660 0.1728 0.1639 0.1653 0.1655 0.1663 
         215  1 0.1675 0.1674 0.1614 0.1656 0.1633 0.1748 
         216  1 0.1675 0.1564 0.1901 0.1657 0.1632 0.1572 
         217  1 0.1656 0.1711 0.1475 0.1664 0.1755 0.1739 
         218  1 0.1686 0.1681 0.1603 0.1670 0.1675 0.1684 
         219  1 0.1594 0.1548 0.2230 0.1534 0.1576 0.1517 
         220  1 0.1692 0.1603 0.1712 0.1721 0.1634 0.1637 
         221  1 0.1677 0.1632 0.1721 0.1678 0.1643 0.1649 
         222  1 0.1674 0.1668 0.1641 0.1644 0.1694 0.1680 
         223  1 0.1697 0.1708 0.1500 0.1690 0.1709 0.1696 
         224  1 0.1666 0.1680 0.1613 0.1651 0.1739 0.1651 
         225  1 0.1676 0.1624 0.1752 0.1701 0.1635 0.1613 
         226  1 0.1631 0.1568 0.1974 0.1639 0.1604 0.1584 
         227  1 0.1672 0.1662 0.1651 0.1686 0.1676 0.1653 
         228  1 0.1651 0.1674 0.1526 0.1709 0.1705 0.1735 
         229  1 0.1681 0.1731 0.1514 0.1644 0.1713 0.1716 
         230  1 0.1649 0.1660 0.1747 0.1649 0.1631 0.1665 
         231  1 0.1647 0.1649 0.1816 0.1644 0.1615 0.1629 
         232  1 0.1672 0.1757 0.1506 0.1691 0.1640 0.1734 
         233  1 0.1673 0.1595 0.1717 0.1731 0.1672 0.1612 
         234  1 0.1673 0.1696 0.1515 0.1654 0.1757 0.1705 
         235  1 0.1634 0.1731 0.1475 0.1612 0.1798 0.1750 
         236  1 0.1674 0.1507 0.1912 0.1680 0.1661 0.1565 
         237  1 0.1672 0.1726 0.1431 0.1669 0.1761 0.1740 
         238  1 0.1675 0.1737 0.1501 0.1604 0.1736 0.1746 
         239  1 0.1663 0.1720 0.1488 0.1626 0.1781 0.1721 
         240  1 0.1692 0.1541 0.1938 0.1648 0.1637 0.1544 
         241  1 0.1651 0.1619 0.1832 0.1657 0.1626 0.1615 
         242  1 0.1629 0.1742 0.1453 0.1674 0.1748 0.1753 
         243  1 0.1701 0.1749 0.1465 0.1694 0.1727 0.1663 
         244  1 0.1694 0.1676 0.1617 0.1695 0.1662 0.1657 
         245  1 0.1647 0.1653 0.1691 0.1683 0.1610 0.1716 
         246  1 0.1630 0.1610 0.1780 0.1645 0.1662 0.1672 
         247  1 0.1632 0.1585 0.1900 0.1612 0.1639 0.1633 
         248  1 0.1609 0.1712 0.1651 0.1638 0.1685 0.1704 
         249  1 0.1670 0.1675 0.1743 0.1668 0.1628 0.1616 
         250  1 0.1644 0.1607 0.1822 0.1653 0.1630 0.1645 
         251  1 0.1670 0.1625 0.1717 0.1650 0.1668 0.1670 
         252  1 0.1671 0.1689 0.1657 0.1677 0.1626 0.1680 
         253  1 0.1687 0.1756 0.1544 0.1671 0.1681 0.1661 
         254  1 0.1688 0.1681 0.1589 0.1701 0.1657 0.1684 
         255  1 0.1662 0.1659 0.1756 0.1668 0.1580 0.1674 
         256  1 0.1637 0.1611 0.1882 0.1654 0.1584 0.1632 
         257  1 0.1700 0.1662 0.1581 0.1699 0.1682 0.1676 
         258  1 0.1643 0.1623 0.1841 0.1668 0.1577 0.1647 
         259  1 0.1678 0.1700 0.1589 0.1689 0.1644 0.1701 
         260  1 0.1630 0.1607 0.1754 0.1654 0.1704 0.1651 
         261  1 0.1654 0.1626 0.1631 0.1657 0.1721 0.1710 
         262  1 0.1651 0.1791 0.1583 0.1656 0.1566 0.1754 
         263  1 0.1672 0.1709 0.1545 0.1668 0.1692 0.1714 
         264  1 0.1650 0.1737 0.1559 0.1615 0.1728 0.1711 
         265  1 0.1641 0.1665 0.1655 0.1716 0.1668 0.1656 
         266  1 0.1631 0.1654 0.1691 0.1695 0.1649 0.1680 
         267  1 0.1697 0.1721 0.1620 0.1649 0.1701 0.1614 
         268  1 0.1618 0.1602 0.1882 0.1653 0.1608 0.1637 
         269  1 0.1671 0.1502 0.1956 0.1684 0.1639 0.1548 
         270  1 0.1686 0.1621 0.1729 0.1623 0.1700 0.1641 
         271  1 0.1666 0.1639 0.1694 0.1705 0.1661 0.1635 
         272  1 0.1625 0.1503 0.2042 0.1646 0.1637 0.1547 
         273  1 0.1689 0.1854 0.1388 0.1676 0.1619 0.1774 
         274  1 0.1633 0.1782 0.1437 0.1647 0.1760 0.1741 
         275  1 0.1691 0.1714 0.1520 0.1660 0.1670 0.1745 
         276  1 0.1627 0.1832 0.1492 0.1648 0.1705 0.1697 
         277  1 0.1720 0.1757 0.1477 0.1680 0.1699 0.1668 
         278  1 0.1682 0.1764 0.1448 0.1705 0.1718 0.1683 
         279  1 0.1652 0.1740 0.1571 0.1624 0.1668 0.1745 
         280  1 0.1617 0.1589 0.1864 0.1604 0.1628 0.1698 
         281  1 0.1723 0.1687 0.1524 0.1652 0.1713 0.1702 
         282  1 0.1656 0.1646 0.1716 0.1633 0.1681 0.1668 
         283  1 0.1693 0.1782 0.1477 0.1682 0.1668 0.1698 
         284  1 0.1702 0.1691 0.1643 0.1717 0.1578 0.1669 
         285  1 0.1663 0.1502 0.2063 0.1649 0.1575 0.1549 
         286  1 0.1661 0.1667 0.1603 0.1667 0.1712 0.1690 
         287  1 0.1640 0.1593 0.1805 0.1655 0.1681 0.1626 
         288  1 0.1640 0.1575 0.1850 0.1646 0.1660 0.1629 
         289  1 0.1701 0.1631 0.1691 0.1663 0.1679 0.1636 
         290  1 0.1667 0.1774 0.1513 0.1690 0.1659 0.1697 
         291  1 0.1731 0.1750 0.1477 0.1685 0.1684 0.1672 
         292  1 0.1652 0.1682 0.1592 0.1648 0.1735 0.1690 
         293  1 0.1629 0.1536 0.1873 0.1676 0.1682 0.1603 
         294  1 0.1728 0.1676 0.1496 0.1664 0.1722 0.1714 
         295  1 0.1695 0.1658 0.1695 0.1689 0.1634 0.1629 
         296  1 0.1651 0.1610 0.1828 0.1689 0.1589 0.1633 
         297  1 0.1648 0.1578 0.1910 0.1633 0.1629 0.1602 
         298  1 0.1636 0.1515 0.2039 0.1641 0.1604 0.1565 
         299  1 0.1707 0.1725 0.1449 0.1652 0.1719 0.1748 
         300  1 0.1713 0.1734 0.1489 0.1643 0.1686 0.1735 
