           1  1 0.1682 0.2169 0.2086 0.2008 0.2054 
           2  1 0.1592 0.2048 0.2070 0.2153 0.2138 
           3  1 0.2028 0.2124 0.1969 0.1954 0.1925 
           4  1 0.2617 0.1725 0.1811 0.1934 0.1913 
           5  1 0.1857 0.2120 0.2058 0.1995 0.1969 
           6  1 0.1830 0.1964 0.2026 0.2062 0.2117 
           7  1 0.1838 0.1934 0.1977 0.2192 0.2059 
           8  1 0.1790 0.1932 0.1994 0.2205 0.2079 
           9  1 0.2480 0.1907 0.1930 0.1826 0.1856 
          10  1 0.2165 0.2071 0.1981 0.1873 0.1909 
          11  1 0.1623 0.2322 0.2078 0.1952 0.2026 
          12  1 0.2470 0.1761 0.1854 0.2030 0.1884 
          13  1 0.2864 0.1801 0.1812 0.1763 0.1760 
          14  1 0.2367 0.1757 0.1915 0.1982 0.1979 
          15  1 0.2044 0.2025 0.1959 0.2006 0.1966 
          16  1 0.1992 0.1962 0.1988 0.2052 0.2006 
          17  1 0.2224 0.1881 0.1981 0.1962 0.1953 
          18  1 0.1969 0.2086 0.1958 0.1915 0.2071 
          19  1 0.1963 0.2016 0.2068 0.1952 0.2001 
          20  1 0.2076 0.1908 0.2020 0.1940 0.2055 
          21  1 0.1739 0.2178 0.2111 0.1969 0.2003 
          22  1 0.2243 0.1914 0.1980 0.1907 0.1955 
          23  1 0.1771 0.2081 0.2012 0.2046 0.2090 
          24  1 0.2025 0.1918 0.1975 0.2026 0.2055 
          25  1 0.1971 0.2013 0.1960 0.2061 0.1995 
          26  1 0.1985 0.1909 0.2073 0.2012 0.2021 
          27  1 0.2099 0.1998 0.1948 0.1968 0.1986 
          28  1 0.2002 0.1902 0.2030 0.2066 0.2001 
          29  1 0.1971 0.2038 0.2076 0.1867 0.2047 
          30  1 0.2082 0.2025 0.1927 0.2012 0.1954 
          31  1 0.1566 0.1931 0.1998 0.2412 0.2093 
          32  1 0.1995 0.2044 0.2093 0.1871 0.1997 
          33  1 0.1959 0.1878 0.1902 0.2293 0.1968 
          34  1 0.1957 0.1968 0.1994 0.2036 0.2045 
          35  1 0.2361 0.1799 0.1867 0.2021 0.1951 
          36  1 0.1733 0.2143 0.2087 0.2046 0.1990 
          37  1 0.1521 0.1950 0.2032 0.2369 0.2129 
          38  1 0.1984 0.1992 0.1952 0.2073 0.1999 
          39  1 0.2127 0.1898 0.1952 0.2021 0.2003 
          40  1 0.1835 0.2054 0.2121 0.1919 0.2071 
          41  1 0.1869 0.1952 0.2085 0.2023 0.2071 
          42  1 0.2450 0.1971 0.1863 0.1860 0.1855 
          43  1 0.2231 0.1995 0.1943 0.1899 0.1932 
          44  1 0.1794 0.2229 0.2034 0.1910 0.2033 
          45  1 0.1816 0.2262 0.1979 0.1918 0.2025 
          46  1 0.2171 0.1879 0.1986 0.1948 0.2016 
          47  1 0.1641 0.2054 0.2207 0.1989 0.2109 
          48  1 0.1893 0.2007 0.2013 0.2105 0.1983 
          49  1 0.2187 0.1928 0.1957 0.1993 0.1935 
          50  1 0.1640 0.2293 0.2148 0.1839 0.2080 
          51  1 0.2813 0.1659 0.1814 0.1899 0.1815 
          52  1 0.2055 0.2100 0.2010 0.1936 0.1900 
          53  1 0.1975 0.1976 0.1936 0.2034 0.2078 
          54  1 0.1774 0.2059 0.2105 0.1972 0.2090 
          55  1 0.2029 0.1898 0.1967 0.2080 0.2026 
          56  1 0.1902 0.1995 0.1978 0.2063 0.2062 
          57  1 0.1755 0.2033 0.2158 0.1962 0.2093 
          58  1 0.1930 0.1970 0.1956 0.2047 0.2097 
          59  1 0.1780 0.2032 0.2150 0.1962 0.2075 
          60  1 0.1702 0.2230 0.2078 0.1922 0.2068 
          61  1 0.2225 0.1897 0.1970 0.2016 0.1892 
          62  1 0.2034 0.1939 0.1990 0.2028 0.2010 
          63  1 0.1988 0.1902 0.2046 0.2035 0.2029 
          64  1 0.1538 0.2511 0.2038 0.1872 0.2041 
          65  1 0.2030 0.1999 0.2042 0.1929 0.2000 
          66  1 0.1921 0.1920 0.1971 0.2156 0.2032 
          67  1 0.2131 0.1989 0.2007 0.1923 0.1950 
          68  1 0.1934 0.2093 0.2045 0.1911 0.2017 
          69  1 0.2010 0.1865 0.1958 0.2149 0.2018 
          70  1 0.1957 0.2040 0.2012 0.1975 0.2016 
          71  1 0.1770 0.2069 0.2060 0.2055 0.2045 
          72  1 0.2165 0.1978 0.1933 0.2004 0.1920 
          73  1 0.1773 0.2084 0.2151 0.1967 0.2025 
          74  1 0.1919 0.2003 0.1957 0.2122 0.1998 
          75  1 0.1976 0.2196 0.1969 0.1889 0.1970 
          76  1 0.1710 0.2119 0.2054 0.1977 0.2140 
          77  1 0.1831 0.1957 0.1990 0.2169 0.2054 
          78  1 0.1656 0.2160 0.2118 0.1989 0.2078 
          79  1 0.2019 0.2067 0.2028 0.1884 0.2002 
          80  1 0.2672 0.1734 0.1837 0.1891 0.1866 
          81  1 0.1807 0.2266 0.2013 0.1944 0.1969 
          82  1 0.1587 0.2058 0.2102 0.2163 0.2091 
          83  1 0.1750 0.2236 0.2066 0.1897 0.2051 
          84  1 0.2037 0.1970 0.2012 0.1955 0.2026 
          85  1 0.1721 0.2041 0.2057 0.2055 0.2126 
          86  1 0.1854 0.2067 0.2092 0.1938 0.2048 
          87  1 0.1862 0.2205 0.2070 0.1842 0.2021 
          88  1 0.2155 0.1856 0.2037 0.1954 0.1998 
          89  1 0.2242 0.1979 0.1926 0.1938 0.1915 
          90  1 0.2119 0.1929 0.1993 0.1988 0.1971 
          91  1 0.1763 0.2249 0.2035 0.1948 0.2006 
          92  1 0.1936 0.2024 0.2043 0.2027 0.1971 
          93  1 0.1912 0.2133 0.2002 0.1981 0.1973 
          94  1 0.1705 0.2168 0.2010 0.2076 0.2040 
          95  1 0.1836 0.2026 0.2061 0.2051 0.2026 
          96  1 0.2257 0.1957 0.1989 0.1870 0.1926 
          97  1 0.2144 0.2008 0.2058 0.1816 0.1974 
          98  1 0.2223 0.1891 0.2055 0.1929 0.1902 
          99  1 0.2018 0.1991 0.2019 0.1987 0.1984 
         100  1 0.1852 0.2109 0.2133 0.1902 0.2004 
         101  1 0.1912 0.1986 0.2013 0.2002 0.2087 
         102  1 0.1703 0.1979 0.2054 0.2150 0.2115 
         103  1 0.2483 0.1767 0.1944 0.1876 0.1931 
         104  1 0.1892 0.1990 0.2051 0.2028 0.2038 
         105  1 0.1618 0.2205 0.2107 0.2032 0.2038 
         106  1 0.2098 0.1936 0.1934 0.2025 0.2007 
         107  1 0.2348 0.1925 0.1945 0.1841 0.1941 
         108  1 0.1921 0.1989 0.2027 0.2022 0.2040 
         109  1 0.2297 0.1921 0.1999 0.1858 0.1925 
         110  1 0.1903 0.2131 0.1990 0.1956 0.2019 
         111  1 0.2100 0.1993 0.2059 0.1868 0.1980 
         112  1 0.2066 0.1926 0.2026 0.1968 0.2015 
         113  1 0.2943 0.1727 0.1827 0.1746 0.1758 
         114  1 0.2136 0.1928 0.1987 0.2014 0.1935 
         115  1 0.2338 0.1984 0.1939 0.1820 0.1919 
         116  1 0.2064 0.1932 0.2014 0.1982 0.2008 
         117  1 0.1844 0.1974 0.2014 0.2098 0.2071 
         118  1 0.1811 0.2157 0.2116 0.1905 0.2011 
         119  1 0.1738 0.2204 0.2009 0.2016 0.2033 
         120  1 0.2058 0.2020 0.1968 0.1926 0.2029 
         121  1 0.2307 0.1788 0.1968 0.1999 0.1938 
         122  1 0.1931 0.1832 0.1935 0.2249 0.2053 
         123  1 0.1832 0.2211 0.2005 0.1941 0.2010 
         124  1 0.2079 0.1950 0.1908 0.2122 0.1941 
         125  1 0.1768 0.2003 0.2016 0.2110 0.2103 
         126  1 0.1892 0.1982 0.2002 0.2040 0.2085 
         127  1 0.1927 0.1974 0.2119 0.1978 0.2002 
         128  1 0.2349 0.1777 0.1882 0.1999 0.1993 
         129  1 0.2266 0.1814 0.1895 0.2067 0.1958 
         130  1 0.1926 0.2052 0.1949 0.2035 0.2038 
         131  1 0.1735 0.2107 0.2013 0.2112 0.2033 
         132  1 0.1822 0.2070 0.2022 0.2066 0.2020 
         133  1 0.1690 0.2170 0.2033 0.2102 0.2006 
         134  1 0.1850 0.1913 0.2050 0.2154 0.2032 
         135  1 0.2073 0.1966 0.2008 0.1980 0.1973 
         136  1 0.1984 0.1936 0.1950 0.2124 0.2006 
         137  1 0.1929 0.2126 0.1998 0.1983 0.1965 
         138  1 0.2464 0.1834 0.1854 0.1952 0.1896 
         139  1 0.1871 0.1995 0.2004 0.2131 0.1999 
         140  1 0.1817 0.2002 0.2024 0.2083 0.2074 
         141  1 0.1915 0.2100 0.2007 0.1986 0.1992 
         142  1 0.1742 0.2008 0.2038 0.2127 0.2086 
         143  1 0.2285 0.1918 0.1920 0.1936 0.1941 
         144  1 0.1853 0.1972 0.2031 0.2136 0.2008 
         145  1 0.2304 0.1874 0.1866 0.1971 0.1986 
         146  1 0.1864 0.1906 0.2003 0.2083 0.2144 
         147  1 0.1924 0.2009 0.2093 0.1945 0.2029 
         148  1 0.2457 0.1784 0.1972 0.1874 0.1912 
         149  1 0.1986 0.1893 0.1962 0.2120 0.2039 
         150  1 0.1934 0.1974 0.2018 0.2047 0.2027 
         151  1 0.1892 0.2185 0.2020 0.1945 0.1958 
         152  1 0.1790 0.2189 0.2104 0.1940 0.1976 
         153  1 0.1873 0.2056 0.2012 0.1987 0.2072 
         154  1 0.2206 0.1989 0.1961 0.1874 0.1971 
         155  1 0.2173 0.1885 0.2028 0.1965 0.1949 
         156  1 0.1615 0.2044 0.2032 0.2249 0.2060 
         157  1 0.1673 0.2184 0.2083 0.1970 0.2090 
         158  1 0.1911 0.2192 0.2022 0.1891 0.1984 
         159  1 0.1859 0.2012 0.2047 0.2049 0.2032 
         160  1 0.1824 0.1913 0.1967 0.2189 0.2107 
         161  1 0.2255 0.1895 0.1947 0.1895 0.2007 
         162  1 0.5169 0.1138 0.1203 0.1237 0.1253 
         163  1 0.1554 0.2101 0.2065 0.2193 0.2087 
         164  1 0.1972 0.2008 0.2091 0.1885 0.2044 
         165  1 0.1698 0.2164 0.2052 0.2010 0.2076 
         166  1 0.1954 0.2023 0.2043 0.1974 0.2006 
         167  1 0.2669 0.1804 0.1820 0.1868 0.1838 
         168  1 0.2049 0.1860 0.2049 0.1987 0.2055 
         169  1 0.1717 0.2071 0.1999 0.2111 0.2103 
         170  1 0.2213 0.1917 0.1939 0.1941 0.1990 
         171  1 0.1802 0.1891 0.1967 0.2308 0.2032 
         172  1 0.1978 0.2006 0.1980 0.2108 0.1928 
         173  1 0.1786 0.1925 0.2018 0.2230 0.2041 
         174  1 0.2187 0.1939 0.1893 0.1998 0.1982 
         175  1 0.2386 0.1834 0.1879 0.1968 0.1933 
         176  1 0.1708 0.2346 0.2019 0.1902 0.2025 
         177  1 0.1565 0.2250 0.2072 0.2061 0.2052 
         178  1 0.1648 0.1978 0.2048 0.2220 0.2106 
         179  1 0.2093 0.1982 0.1957 0.1989 0.1979 
         180  1 0.2110 0.2087 0.1986 0.1888 0.1929 
         181  1 0.1790 0.2072 0.1991 0.2031 0.2116 
         182  1 0.2089 0.1946 0.2032 0.1930 0.2003 
         183  1 0.1891 0.2096 0.2047 0.1937 0.2029 
         184  1 0.1935 0.1844 0.2103 0.2104 0.2014 
         185  1 0.1799 0.2041 0.1974 0.2165 0.2021 
         186  1 0.1891 0.1958 0.2067 0.2021 0.2063 
         187  1 0.1752 0.2120 0.2032 0.2060 0.2036 
         188  1 0.1758 0.1886 0.1982 0.2286 0.2088 
         189  1 0.1926 0.2017 0.2031 0.1959 0.2066 
         190  1 0.2047 0.1926 0.2024 0.1924 0.2080 
         191  1 0.1991 0.1848 0.2059 0.2004 0.2098 
         192  1 0.2002 0.2023 0.2025 0.2015 0.1935 
         193  1 0.1932 0.2244 0.2003 0.1876 0.1945 
         194  1 0.2266 0.1971 0.1960 0.1897 0.1906 
         195  1 0.1935 0.1920 0.1896 0.2099 0.2152 
         196  1 0.2535 0.1750 0.1890 0.1938 0.1887 
         197  1 0.1817 0.2220 0.2120 0.1811 0.2032 
         198  1 0.2017 0.2204 0.1963 0.1829 0.1986 
         199  1 0.1767 0.2172 0.2086 0.1935 0.2039 
         200  1 0.1720 0.2091 0.2055 0.2107 0.2027 
         201  1 0.2371 0.1872 0.1969 0.1871 0.1916 
         202  1 0.1837 0.2024 0.1959 0.2146 0.2034 
         203  1 0.1924 0.1935 0.1978 0.2072 0.2091 
         204  1 0.1867 0.2189 0.2080 0.1877 0.1987 
         205  1 0.1990 0.2240 0.2018 0.1824 0.1928 
         206  1 0.1912 0.1968 0.2063 0.2038 0.2020 
         207  1 0.1998 0.2097 0.2002 0.1905 0.1998 
         208  1 0.1844 0.2057 0.2102 0.1985 0.2012 
         209  1 0.2248 0.1840 0.1973 0.1983 0.1956 
         210  1 0.1805 0.2109 0.2039 0.1995 0.2053 
         211  1 0.1768 0.2001 0.2029 0.2173 0.2029 
         212  1 0.2389 0.1812 0.1928 0.1968 0.1903 
         213  1 0.1847 0.2139 0.2072 0.1953 0.1989 
         214  1 0.2002 0.1863 0.2014 0.2094 0.2026 
         215  1 0.1849 0.1983 0.1926 0.2212 0.2030 
         216  1 0.2489 0.1795 0.1938 0.1874 0.1904 
         217  1 0.1700 0.2180 0.1993 0.2018 0.2109 
         218  1 0.1872 0.1982 0.2025 0.2085 0.2036 
         219  1 0.2975 0.1703 0.1819 0.1723 0.1780 
         220  1 0.2100 0.1938 0.1939 0.2025 0.1997 
         221  1 0.2095 0.1907 0.1993 0.2056 0.1949 
         222  1 0.1933 0.2198 0.1993 0.1904 0.1972 
         223  1 0.1742 0.2057 0.2072 0.2014 0.2114 
         224  1 0.1858 0.2119 0.1983 0.1957 0.2082 
         225  1 0.2158 0.1959 0.2024 0.1898 0.1960 
         226  1 0.2554 0.1883 0.1909 0.1810 0.1843 
         227  1 0.1964 0.2016 0.1998 0.1990 0.2032 
         228  1 0.1749 0.2259 0.1973 0.1995 0.2023 
         229  1 0.1753 0.2160 0.2164 0.1924 0.1999 
         230  1 0.2105 0.1905 0.1949 0.2039 0.2003 
         231  1 0.2271 0.1906 0.1914 0.1975 0.1934 
         232  1 0.1709 0.1999 0.1956 0.2249 0.2086 
         233  1 0.2082 0.2000 0.1971 0.1910 0.2037 
         234  1 0.1727 0.2092 0.2108 0.1968 0.2105 
         235  1 0.1673 0.2375 0.2094 0.1819 0.2038 
         236  1 0.2412 0.1971 0.1923 0.1832 0.1862 
         237  1 0.1605 0.2286 0.2077 0.1955 0.2077 
         238  1 0.1749 0.2177 0.2005 0.2003 0.2065 
         239  1 0.1672 0.2285 0.2086 0.1948 0.2009 
         240  1 0.2511 0.1801 0.1920 0.1894 0.1875 
         241  1 0.2231 0.1869 0.1972 0.1959 0.1968 
         242  1 0.1628 0.2298 0.2053 0.1934 0.2087 
         243  1 0.1636 0.2350 0.2066 0.1933 0.2014 
         244  1 0.1864 0.2013 0.1973 0.2070 0.2080 
         245  1 0.2034 0.1942 0.1942 0.2109 0.1973 
         246  1 0.2186 0.1966 0.1894 0.1958 0.1996 
         247  1 0.2438 0.1876 0.1938 0.1881 0.1867 
         248  1 0.1954 0.2106 0.1999 0.1955 0.1986 
         249  1 0.2181 0.1887 0.1996 0.1992 0.1944 
         250  1 0.2294 0.1825 0.1901 0.2039 0.1942 
         251  1 0.2122 0.1995 0.1954 0.1988 0.1941 
         252  1 0.2012 0.1960 0.1952 0.2098 0.1979 
         253  1 0.1818 0.1918 0.2155 0.2028 0.2081 
         254  1 0.1879 0.1899 0.2035 0.2105 0.2083 
         255  1 0.2119 0.1808 0.1906 0.2181 0.1986 
         256  1 0.2415 0.1819 0.1943 0.1950 0.1874 
         257  1 0.1852 0.1915 0.2010 0.2122 0.2101 
         258  1 0.2367 0.1770 0.1873 0.2083 0.1906 
         259  1 0.1883 0.2103 0.1988 0.2032 0.1994 
         260  1 0.2150 0.2081 0.1993 0.1840 0.1937 
         261  1 0.1963 0.2220 0.1991 0.1874 0.1951 
         262  1 0.1847 0.1814 0.1914 0.2407 0.2018 
         263  1 0.1801 0.2178 0.1992 0.2064 0.1966 
         264  1 0.1864 0.2202 0.2062 0.1898 0.1974 
         265  1 0.1932 0.2070 0.1969 0.1989 0.2041 
         266  1 0.2054 0.2040 0.1920 0.1973 0.2013 
         267  1 0.1931 0.2051 0.2115 0.1910 0.1993 
         268  1 0.2396 0.1809 0.1915 0.1975 0.1905 
         269  1 0.2518 0.1820 0.1915 0.1865 0.1882 
         270  1 0.2125 0.2022 0.2055 0.1890 0.1909 
         271  1 0.2079 0.1934 0.1975 0.2025 0.1987 
         272  1 0.2648 0.1820 0.1859 0.1771 0.1903 
         273  1 0.1541 0.2001 0.2006 0.2370 0.2082 
         274  1 0.1621 0.2284 0.2123 0.1884 0.2088 
         275  1 0.1761 0.2089 0.2007 0.2103 0.2040 
         276  1 0.1690 0.2013 0.2183 0.1990 0.2125 
         277  1 0.1693 0.2084 0.2068 0.2116 0.2040 
         278  1 0.1637 0.2111 0.2054 0.2056 0.2141 
         279  1 0.1787 0.2172 0.1972 0.2074 0.1995 
         280  1 0.2314 0.1871 0.1839 0.2076 0.1901 
         281  1 0.1781 0.2153 0.2110 0.1983 0.1974 
         282  1 0.2146 0.1955 0.1969 0.1977 0.1952 
         283  1 0.1659 0.2090 0.2028 0.2192 0.2031 
         284  1 0.1919 0.1820 0.1974 0.2233 0.2054 
         285  1 0.2698 0.1742 0.1850 0.1907 0.1802 
         286  1 0.1847 0.2206 0.2065 0.1910 0.1973 
         287  1 0.2258 0.2022 0.1988 0.1797 0.1935 
         288  1 0.2319 0.1986 0.1923 0.1814 0.1958 
         289  1 0.2064 0.1895 0.1976 0.2066 0.1999 
         290  1 0.1729 0.1941 0.1980 0.2206 0.2144 
         291  1 0.1666 0.2043 0.2080 0.2141 0.2069 
         292  1 0.1859 0.2117 0.2099 0.1905 0.2020 
         293  1 0.2296 0.2007 0.1961 0.1814 0.1923 
         294  1 0.1681 0.2124 0.2051 0.2113 0.2030 
         295  1 0.2073 0.1914 0.1992 0.2006 0.2015 
         296  1 0.2305 0.1826 0.1982 0.1969 0.1918 
         297  1 0.2412 0.1840 0.1929 0.1895 0.1925 
         298  1 0.2693 0.1769 0.1890 0.1835 0.1813 
         299  1 0.1684 0.2002 0.2088 0.2158 0.2068 
         300  1 0.1701 0.2025 0.2052 0.2163 0.2059 
