           1  1 0.0985 0.1091 0.1004 0.0984 0.0986 0.1001 0.1001 0.1032 0.0933 0.0984 
           2  1 0.0964 0.1023 0.0983 0.1018 0.0975 0.1044 0.0990 0.1083 0.0913 0.1006 
           3  1 0.0994 0.1038 0.1024 0.1008 0.0981 0.0962 0.1003 0.1000 0.0993 0.0998 
           4  1 0.1037 0.0887 0.0956 0.1006 0.1026 0.1024 0.1025 0.0910 0.1111 0.1017 
           5  1 0.1002 0.1021 0.1011 0.1005 0.1000 0.1004 0.0990 0.0996 0.0985 0.0987 
           6  1 0.1018 0.0994 0.1012 0.0995 0.0965 0.1012 0.1017 0.0997 0.0972 0.1019 
           7  1 0.0993 0.0996 0.0972 0.1003 0.0991 0.1039 0.0996 0.1043 0.0967 0.1001 
           8  1 0.0990 0.0991 0.0967 0.1005 0.0990 0.1035 0.0979 0.1064 0.0963 0.1016 
           9  1 0.1032 0.0964 0.1010 0.1006 0.1000 0.0958 0.0997 0.0943 0.1088 0.1001 
          10  1 0.1026 0.0990 0.1018 0.0994 0.1011 0.1006 0.0997 0.0922 0.1026 0.1010 
          11  1 0.0955 0.1122 0.1043 0.1012 0.0965 0.0977 0.1022 0.1007 0.0913 0.0984 
          12  1 0.1007 0.0985 0.1010 0.0982 0.1005 0.0946 0.0983 0.1014 0.1088 0.0980 
          13  1 0.1036 0.0930 0.1001 0.0997 0.1033 0.0962 0.1029 0.0886 0.1133 0.0991 
          14  1 0.1033 0.0930 0.0998 0.1007 0.1001 0.0998 0.1013 0.0951 0.1061 0.1007 
          15  1 0.0984 0.1053 0.1005 0.0988 0.0979 0.0997 0.1014 0.1023 0.0993 0.0965 
          16  1 0.0984 0.1023 0.1011 0.0994 0.0981 0.0988 0.1010 0.1025 0.0991 0.0992 
          17  1 0.1038 0.0943 0.0991 0.1001 0.1014 0.1017 0.1008 0.0940 0.1041 0.1005 
          18  1 0.0986 0.1026 0.1016 0.0995 0.1007 0.0975 0.1020 0.0975 0.0997 0.1003 
          19  1 0.1019 0.0976 0.1016 0.0987 0.1006 0.1011 0.0999 0.0976 0.1002 0.1009 
          20  1 0.1016 0.0991 0.1004 0.0980 0.1016 0.0984 0.1016 0.0964 0.1016 0.1013 
          21  1 0.1000 0.1037 0.1029 0.1000 0.0988 0.1009 0.0997 0.0991 0.0952 0.0997 
          22  1 0.1017 0.0969 0.0996 0.0984 0.1021 0.0982 0.1002 0.0985 0.1046 0.0998 
          23  1 0.0996 0.0956 0.0978 0.1025 0.1001 0.1035 0.0991 0.1010 0.0958 0.1051 
          24  1 0.1011 0.0948 0.0974 0.1011 0.1008 0.1040 0.1017 0.0987 0.0996 0.1010 
          25  1 0.1014 0.0982 0.0989 0.1005 0.1008 0.1001 0.0994 0.0995 0.1008 0.1004 
          26  1 0.1018 0.1005 0.0966 0.0994 0.1023 0.1016 0.0979 0.1009 0.0997 0.0994 
          27  1 0.1024 0.0968 0.0982 0.1014 0.1014 0.1008 0.0979 0.0966 0.1025 0.1021 
          28  1 0.1010 0.0969 0.0979 0.0995 0.1006 0.1028 0.1008 0.0995 0.1008 0.1001 
          29  1 0.0992 0.1070 0.1012 0.0976 0.0997 0.0990 0.1022 0.0960 0.0975 0.1005 
          30  1 0.1001 0.1023 0.1008 0.0989 0.1004 0.0969 0.0985 0.0996 0.1038 0.0986 
          31  1 0.0940 0.1089 0.0990 0.0995 0.0962 0.0994 0.0935 0.1247 0.0898 0.0950 
          32  1 0.1018 0.0980 0.0990 0.1007 0.1000 0.0996 0.1022 0.0937 0.1022 0.1028 
          33  1 0.0957 0.0995 0.1005 0.1016 0.0950 0.0985 0.0979 0.1197 0.0970 0.0945 
          34  1 0.0996 0.0975 0.0989 0.1021 0.1012 0.1007 0.1010 0.1025 0.0979 0.0987 
          35  1 0.1018 0.0922 0.0994 0.1012 0.1024 0.1000 0.0995 0.0955 0.1072 0.1007 
          36  1 0.0989 0.1031 0.1022 0.0992 0.0979 0.0995 0.1002 0.1031 0.0956 0.1003 
          37  1 0.0937 0.1131 0.0988 0.0977 0.0945 0.0988 0.0959 0.1211 0.0891 0.0972 
          38  1 0.0986 0.0966 0.0982 0.1011 0.1020 0.1026 0.0968 0.1041 0.0988 0.1012 
          39  1 0.0997 0.1033 0.0996 0.0987 0.0997 0.0972 0.1007 0.1003 0.1022 0.0986 
          40  1 0.1011 0.0987 0.1008 0.0992 0.0999 0.1013 0.1027 0.0979 0.0973 0.1012 
          41  1 0.1006 0.1010 0.0967 0.1013 0.0984 0.1022 0.1019 0.1000 0.0968 0.1011 
          42  1 0.1023 0.0949 0.1026 0.0994 0.1027 0.0950 0.1007 0.0944 0.1082 0.0999 
          43  1 0.1021 0.0940 0.1002 0.1003 0.1034 0.1009 0.0994 0.0948 0.1051 0.0997 
          44  1 0.1003 0.1036 0.1042 0.0997 0.0995 0.1001 0.0989 0.0980 0.0956 0.1001 
          45  1 0.0982 0.1051 0.1030 0.1027 0.1004 0.0981 0.0991 0.0970 0.0973 0.0991 
          46  1 0.1025 0.0982 0.0974 0.0982 0.1005 0.1006 0.1008 0.0976 0.1031 0.1012 
          47  1 0.0984 0.1047 0.1000 0.0983 0.0980 0.1042 0.1009 0.1006 0.0926 0.1022 
          48  1 0.0972 0.1089 0.1011 0.0967 0.0974 0.0976 0.1001 0.1056 0.0971 0.0984 
          49  1 0.1013 0.0951 0.1013 0.1006 0.1019 0.0983 0.1000 0.0973 0.1029 0.1013 
          50  1 0.0978 0.1105 0.1026 0.1009 0.0987 0.0993 0.1014 0.0980 0.0911 0.0999 
          51  1 0.1042 0.0910 0.0983 0.0976 0.1019 0.0987 0.1017 0.0931 0.1144 0.0990 
          52  1 0.0999 0.0993 0.1012 0.1002 0.1004 0.0988 0.1003 0.0976 0.1020 0.1003 
          53  1 0.1009 0.0946 0.0972 0.1016 0.1004 0.1030 0.0991 0.0987 0.0999 0.1044 
          54  1 0.1004 0.0997 0.0999 0.0996 0.1002 0.1024 0.0980 0.1012 0.0953 0.1032 
          55  1 0.1004 0.0971 0.0990 0.0997 0.0984 0.1026 0.1004 0.1033 0.0997 0.0995 
          56  1 0.1000 0.0990 0.0983 0.1024 0.1002 0.1022 0.0972 0.1001 0.0980 0.1027 
          57  1 0.1012 0.1029 0.0998 0.0978 0.0989 0.1023 0.1018 0.0986 0.0948 0.1018 
          58  1 0.1005 0.0967 0.0995 0.1006 0.0999 0.1009 0.1000 0.0984 0.0997 0.1037 
          59  1 0.0989 0.1072 0.0994 0.0984 0.0994 0.1007 0.1000 0.1017 0.0950 0.0995 
          60  1 0.0986 0.1060 0.1024 0.1006 0.0985 0.0990 0.0997 0.0994 0.0958 0.0999 
          61  1 0.1026 0.0943 0.0980 0.1005 0.1025 0.1017 0.1012 0.0967 0.1023 0.1002 
          62  1 0.0999 0.1031 0.0982 0.0986 0.1002 0.0977 0.0998 0.1034 0.1011 0.0980 
          63  1 0.1002 0.0999 0.0972 0.1001 0.1007 0.0997 0.0993 0.1037 0.0986 0.1006 
          64  1 0.0946 0.1115 0.1049 0.1042 0.0988 0.0975 0.0985 0.0999 0.0908 0.0993 
          65  1 0.0994 0.1006 0.1017 0.0979 0.1009 0.1008 0.1011 0.0976 0.1013 0.0988 
          66  1 0.0994 0.0969 0.0988 0.1011 0.1018 0.1005 0.0984 0.1040 0.0995 0.0997 
          67  1 0.1020 0.0977 0.0984 0.0996 0.1014 0.0999 0.1015 0.0948 0.1038 0.1010 
          68  1 0.0992 0.1059 0.1006 0.0993 0.0993 0.0991 0.1024 0.0965 0.0974 0.1002 
          69  1 0.0994 0.0991 0.0991 0.0997 0.1013 0.0994 0.0969 0.1043 0.1018 0.0993 
          70  1 0.0988 0.1046 0.0992 0.1004 0.0977 0.0994 0.1002 0.0996 0.0978 0.1023 
          71  1 0.1003 0.1043 0.0990 0.1007 0.0973 0.1027 0.0986 0.1028 0.0949 0.0993 
          72  1 0.1006 0.0974 0.1018 0.0999 0.1007 0.0984 0.0999 0.0995 0.1028 0.0990 
          73  1 0.0998 0.1020 0.1003 0.1000 0.0997 0.1025 0.1032 0.0967 0.0959 0.1001 
          74  1 0.0983 0.1013 0.1026 0.1004 0.0994 0.0997 0.0980 0.1059 0.0973 0.0971 
          75  1 0.1008 0.1001 0.1010 0.1022 0.0999 0.0977 0.1017 0.0955 0.0992 0.1018 
          76  1 0.0989 0.1028 0.1021 0.0991 0.0991 0.1000 0.1003 0.1018 0.0947 0.1012 
          77  1 0.0988 0.1006 0.0986 0.1009 0.0996 0.0987 0.0968 0.1066 0.0981 0.1014 
          78  1 0.0961 0.1054 0.1007 0.0991 0.0991 0.1019 0.0990 0.1055 0.0935 0.0998 
          79  1 0.0997 0.1032 0.1001 0.0997 0.1011 0.1000 0.1013 0.0929 0.1010 0.1010 
          80  1 0.1036 0.0910 0.0980 0.0997 0.1026 0.0976 0.1006 0.0929 0.1145 0.0997 
          81  1 0.1016 0.0982 0.1018 0.1026 0.1013 0.0993 0.0966 0.0985 0.0974 0.1027 
          82  1 0.0967 0.1039 0.1024 0.0990 0.0968 0.1029 0.0980 0.1106 0.0912 0.0985 
          83  1 0.0997 0.1031 0.1012 0.0998 0.1000 0.1004 0.1021 0.0962 0.0966 0.1009 
          84  1 0.1011 0.0945 0.0970 0.1022 0.1021 0.1033 0.1013 0.0935 0.1021 0.1027 
          85  1 0.0993 0.1029 0.1002 0.0990 0.0984 0.1006 0.1001 0.1042 0.0939 0.1013 
          86  1 0.1006 0.1025 0.1016 0.1012 0.0987 0.0992 0.0996 0.0979 0.0982 0.1005 
          87  1 0.1002 0.1030 0.1032 0.0996 0.1002 0.1002 0.1002 0.0949 0.0981 0.1003 
          88  1 0.1012 0.0969 0.0982 0.0995 0.1010 0.1020 0.1010 0.0963 0.1024 0.1014 
          89  1 0.0997 0.1010 0.1007 0.1017 0.0982 0.0966 0.1013 0.0988 0.1033 0.0987 
          90  1 0.1005 0.0961 0.0983 0.1010 0.1004 0.1030 0.1006 0.0977 0.1017 0.1007 
          91  1 0.0989 0.1013 0.1032 0.1006 0.0994 0.0990 0.0986 0.1001 0.0952 0.1039 
          92  1 0.0990 0.1006 0.1004 0.0988 0.0988 0.1003 0.1002 0.1015 0.0999 0.1005 
          93  1 0.0984 0.1022 0.1030 0.1016 0.0989 0.0986 0.0991 0.1008 0.0980 0.0995 
          94  1 0.0977 0.1054 0.1023 0.1012 0.0969 0.0998 0.0992 0.1062 0.0927 0.0986 
          95  1 0.1006 0.1008 0.0994 0.1005 0.1001 0.1010 0.0994 0.1001 0.0977 0.1005 
          96  1 0.1034 0.0950 0.1000 0.1009 0.1018 0.0984 0.0997 0.0950 0.1057 0.1001 
          97  1 0.1023 0.0988 0.1006 0.0981 0.1016 0.1003 0.1009 0.0927 0.1033 0.1013 
          98  1 0.1024 0.0929 0.0984 0.1018 0.1017 0.1026 0.1024 0.0949 0.1034 0.0995 
          99  1 0.1010 0.0967 0.0999 0.1002 0.1010 0.1015 0.1007 0.0968 0.0999 0.1022 
         100  1 0.1005 0.1009 0.1000 0.0997 0.1006 0.1034 0.1004 0.0961 0.0980 0.1005 
         101  1 0.0989 0.0999 0.1014 0.1003 0.0986 0.1005 0.1030 0.0992 0.0971 0.1011 
         102  1 0.0976 0.1040 0.0999 0.0990 0.0970 0.1003 0.0983 0.1098 0.0946 0.0996 
         103  1 0.1010 0.0980 0.0980 0.0965 0.1013 0.0981 0.1010 0.0984 0.1103 0.0975 
         104  1 0.0991 0.1011 0.0973 0.1003 0.1007 0.1022 0.1019 0.1011 0.0968 0.0995 
         105  1 0.0956 0.1101 0.1015 0.0994 0.0979 0.1006 0.0987 0.1065 0.0910 0.0987 
         106  1 0.0999 0.0969 0.0993 0.0996 0.1013 0.1014 0.1005 0.0985 0.1014 0.1013 
         107  1 0.1006 0.1007 0.0993 0.0978 0.1008 0.0985 0.1069 0.0930 0.1057 0.0968 
         108  1 0.0999 0.0978 0.1001 0.1007 0.1015 0.0999 0.0979 0.1015 0.0998 0.1008 
         109  1 0.1034 0.0960 0.0989 0.0975 0.1029 0.1007 0.1006 0.0933 0.1042 0.1026 
         110  1 0.1014 0.1029 0.0992 0.1009 0.1004 0.0998 0.0981 0.0979 0.0976 0.1018 
         111  1 0.1006 0.1000 0.1019 0.0975 0.0989 0.1009 0.1005 0.0975 0.1029 0.0993 
         112  1 0.1027 0.0962 0.0994 0.0998 0.1010 0.1012 0.1001 0.0961 0.1025 0.1010 
         113  1 0.1035 0.0922 0.0980 0.0967 0.1024 0.0980 0.1028 0.0912 0.1171 0.0981 
         114  1 0.1007 0.0974 0.0993 0.1002 0.0995 0.1019 0.0996 0.1004 0.1008 0.1002 
         115  1 0.1023 0.0959 0.0982 0.0998 0.1033 0.0991 0.1013 0.0921 0.1071 0.1010 
         116  1 0.1016 0.0995 0.0979 0.1007 0.0994 0.1018 0.1011 0.0961 0.1008 0.1011 
         117  1 0.0981 0.1058 0.1002 0.0993 0.0979 0.0985 0.0981 0.1049 0.0979 0.0992 
         118  1 0.0969 0.1083 0.1023 0.0992 0.0970 0.1018 0.1021 0.0988 0.0934 0.1002 
         119  1 0.0982 0.0976 0.0994 0.1024 0.0994 0.1022 0.0983 0.1019 0.0949 0.1056 
         120  1 0.1025 0.0933 0.1004 0.1013 0.1006 0.1000 0.0990 0.0969 0.1021 0.1038 
         121  1 0.1025 0.0941 0.0956 0.0997 0.1032 0.1014 0.1001 0.0965 0.1057 0.1013 
         122  1 0.0974 0.0973 0.0981 0.1001 0.1003 0.1031 0.0975 0.1096 0.0977 0.0990 
         123  1 0.0983 0.1059 0.1035 0.1007 0.0993 0.0981 0.0990 0.0984 0.0966 0.1002 
         124  1 0.0983 0.1000 0.1003 0.0999 0.0986 0.0992 0.1000 0.1067 0.1011 0.0960 
         125  1 0.0994 0.0995 0.0995 0.0999 0.0995 0.1019 0.1015 0.1031 0.0956 0.1001 
         126  1 0.1003 0.0994 0.0988 0.1000 0.0995 0.1013 0.0995 0.1001 0.0981 0.1030 
         127  1 0.0996 0.1007 0.0983 0.0991 0.1001 0.1048 0.1016 0.0981 0.0985 0.0993 
         128  1 0.1037 0.0952 0.0958 0.1014 0.1028 0.0995 0.0985 0.0956 0.1073 0.1001 
         129  1 0.1017 0.0985 0.0991 0.0994 0.1006 0.0991 0.0984 0.0985 0.1043 0.1005 
         130  1 0.1008 0.0979 0.1017 0.1009 0.0984 0.0973 0.1009 0.1019 0.1009 0.0995 
         131  1 0.0980 0.1031 0.1009 0.1001 0.0973 0.1035 0.0983 0.1051 0.0933 0.1003 
         132  1 0.0998 0.1050 0.0991 0.0990 0.0976 0.0999 0.1001 0.1042 0.0968 0.0985 
         133  1 0.0982 0.1003 0.1011 0.1021 0.0980 0.1015 0.0993 0.1072 0.0939 0.0984 
         134  1 0.0990 0.0978 0.1017 0.1000 0.0964 0.1020 0.0998 0.1089 0.0960 0.0984 
         135  1 0.1003 0.0966 0.1006 0.0995 0.0999 0.1016 0.1008 0.0993 0.1023 0.0992 
         136  1 0.1009 0.0958 0.0973 0.1015 0.1012 0.1017 0.0988 0.1020 0.1004 0.1003 
         137  1 0.0985 0.1047 0.1027 0.1002 0.0983 0.0980 0.1009 0.1004 0.0983 0.0981 
         138  1 0.1030 0.0930 0.0990 0.1003 0.1029 0.0992 0.1008 0.0937 0.1077 0.1003 
         139  1 0.1008 0.0955 0.0986 0.1021 0.1000 0.1029 0.0977 0.1036 0.0972 0.1015 
         140  1 0.0958 0.1066 0.0989 0.0986 0.0972 0.1028 0.1023 0.1013 0.0949 0.1015 
         141  1 0.1016 0.0949 0.1015 0.1022 0.1032 0.0999 0.1012 0.0968 0.0993 0.0994 
         142  1 0.0994 0.1003 0.0985 0.1019 0.0995 0.1021 0.0981 0.1035 0.0963 0.1005 
         143  1 0.1017 0.0921 0.0982 0.1023 0.1026 0.0997 0.1014 0.0941 0.1072 0.1007 
         144  1 0.0959 0.1059 0.1006 0.0982 0.0975 0.1000 0.1007 0.1074 0.0965 0.0972 
         145  1 0.1002 0.0975 0.0995 0.0987 0.1011 0.0989 0.1009 0.0985 0.1066 0.0981 
         146  1 0.1017 0.0943 0.0970 0.1012 0.1002 0.1034 0.1030 0.1003 0.0976 0.1013 
         147  1 0.1008 0.1020 0.0979 0.0981 0.0994 0.1013 0.1026 0.0967 0.0992 0.1021 
         148  1 0.1023 0.0963 0.0989 0.0969 0.1014 0.1003 0.1026 0.0954 0.1084 0.0976 
         149  1 0.0997 0.0988 0.0993 0.0990 0.1007 0.1017 0.0999 0.1036 0.0993 0.0980 
         150  1 0.0992 0.1019 0.1017 0.0983 0.0985 0.1000 0.1009 0.1015 0.0997 0.0982 
         151  1 0.0991 0.1034 0.1021 0.0998 0.0996 0.0981 0.0993 0.1001 0.0981 0.1004 
         152  1 0.0988 0.1038 0.1006 0.1009 0.0999 0.1010 0.1008 0.0968 0.0967 0.1008 
         153  1 0.1010 0.1009 0.0997 0.1008 0.1002 0.1010 0.0990 0.0983 0.0982 0.1008 
         154  1 0.1020 0.1001 0.0996 0.0992 0.1012 0.0986 0.1004 0.0950 0.1025 0.1015 
         155  1 0.1007 0.0989 0.1013 0.0980 0.0994 0.0996 0.1018 0.0993 0.1033 0.0978 
         156  1 0.0950 0.1098 0.0984 0.0994 0.0960 0.1007 0.0961 0.1150 0.0917 0.0979 
         157  1 0.0961 0.1089 0.1035 0.0994 0.0967 0.0987 0.1019 0.1047 0.0924 0.0976 
         158  1 0.0982 0.1048 0.1017 0.0987 0.1003 0.1020 0.1022 0.0964 0.0966 0.0990 
         159  1 0.0994 0.0986 0.0986 0.1038 0.0998 0.1005 0.1003 0.1016 0.0977 0.0998 
         160  1 0.0992 0.1025 0.0979 0.1001 0.0979 0.0991 0.0968 0.1091 0.0973 0.1000 
         161  1 0.1031 0.0954 0.0998 0.0993 0.1027 0.1005 0.0998 0.0937 0.1046 0.1012 
         162  1 0.1053 0.0746 0.0955 0.0890 0.1029 0.0810 0.1087 0.0725 0.1836 0.0868 
         163  1 0.0975 0.1088 0.0999 0.0981 0.0977 0.1015 0.0963 0.1110 0.0912 0.0980 
         164  1 0.1002 0.1026 0.1003 0.0976 0.1017 0.0996 0.1024 0.0963 0.0980 0.1013 
         165  1 0.0983 0.1074 0.1011 0.0984 0.0988 0.1002 0.0993 0.1012 0.0944 0.1010 
         166  1 0.0996 0.1030 0.1016 0.0990 0.0978 0.0989 0.1008 0.1013 0.0989 0.0990 
         167  1 0.1042 0.0884 0.0995 0.1005 0.1034 0.0993 0.0996 0.0912 0.1125 0.1015 
         168  1 0.1018 0.0948 0.0979 0.0995 0.0998 0.1028 0.1027 0.0961 0.1024 0.1022 
         169  1 0.0969 0.1020 0.1000 0.1007 0.1009 0.1017 0.0972 0.1068 0.0944 0.0996 
         170  1 0.1021 0.0927 0.0992 0.1004 0.1013 0.1013 0.0997 0.0951 0.1041 0.1041 
         171  1 0.0942 0.1118 0.1000 0.0992 0.0940 0.0969 0.0970 0.1207 0.0928 0.0933 
         172  1 0.1008 0.0984 0.0999 0.1016 0.1000 0.0994 0.0977 0.1032 0.0993 0.0997 
         173  1 0.0992 0.0981 0.0999 0.1034 0.0985 0.1025 0.0973 0.1076 0.0950 0.0987 
         174  1 0.1017 0.0944 0.1005 0.1016 0.1018 0.0985 0.1011 0.0961 0.1044 0.0998 
         175  1 0.1015 0.0969 0.0986 0.0995 0.1013 0.0989 0.1012 0.0962 0.1072 0.0987 
         176  1 0.0969 0.1081 0.1063 0.1018 0.0975 0.0973 0.1025 0.0993 0.0936 0.0965 
         177  1 0.0959 0.1065 0.0995 0.1022 0.0993 0.0990 0.0979 0.1081 0.0912 0.1005 
         178  1 0.0974 0.1079 0.0995 0.0999 0.0960 0.1014 0.0982 0.1114 0.0919 0.0964 
         179  1 0.0995 0.1010 0.1022 0.1002 0.0996 0.0999 0.1034 0.0957 0.0999 0.0986 
         180  1 0.1019 0.1023 0.1017 0.0999 0.1012 0.0999 0.0985 0.0935 0.1011 0.0999 
         181  1 0.0976 0.1034 0.1008 0.1015 0.1002 0.0989 0.0994 0.1020 0.0958 0.1004 
         182  1 0.1017 0.0945 0.0966 0.1014 0.1032 0.1008 0.0993 0.0975 0.1030 0.1020 
         183  1 0.1000 0.1002 0.1034 0.1004 0.0988 0.0994 0.1008 0.0984 0.0986 0.1000 
         184  1 0.0993 0.1011 0.0975 0.0987 0.0976 0.1030 0.0985 0.1058 0.0985 0.0999 
         185  1 0.0967 0.1026 0.0989 0.1014 0.0983 0.1000 0.0971 0.1128 0.0952 0.0970 
         186  1 0.0994 0.1026 0.0978 0.0984 0.0998 0.1018 0.0983 0.1029 0.0977 0.1013 
         187  1 0.0982 0.1011 0.1023 0.0999 0.1000 0.1012 0.1000 0.1038 0.0956 0.0981 
         188  1 0.0958 0.1081 0.0993 0.0974 0.0970 0.0985 0.0945 0.1182 0.0932 0.0980 
         189  1 0.0992 0.1041 0.0993 0.0985 0.0987 0.0991 0.1035 0.0978 0.0996 0.1002 
         190  1 0.1004 0.0991 0.0977 0.0984 0.0995 0.1029 0.1031 0.0962 0.1011 0.1015 
         191  1 0.1001 0.1042 0.0959 0.0988 0.0990 0.0993 0.1022 0.1008 0.0996 0.1001 
         192  1 0.1014 0.0959 0.1016 0.1005 0.1011 0.1008 0.0994 0.0993 0.1007 0.0992 
         193  1 0.0976 0.1074 0.1050 0.1014 0.0985 0.0968 0.0984 0.0970 0.0975 0.1004 
         194  1 0.1006 0.0978 0.0995 0.1009 0.1020 0.0998 0.1013 0.0931 0.1039 0.1012 
         195  1 0.0991 0.0932 0.0972 0.1049 0.1012 0.1035 0.0999 0.0987 0.0994 0.1029 
         196  1 0.1046 0.0943 0.0976 0.0988 0.1024 0.0981 0.0990 0.0944 0.1096 0.1012 
         197  1 0.1003 0.0983 0.1019 0.1023 0.1009 0.1000 0.1011 0.0953 0.0980 0.1019 
         198  1 0.0993 0.1041 0.1024 0.1004 0.1013 0.0976 0.0991 0.0953 0.1010 0.0995 
         199  1 0.0986 0.1012 0.1022 0.1020 0.0988 0.1023 0.0995 0.0977 0.0952 0.1025 
         200  1 0.1002 0.0984 0.1000 0.1028 0.0985 0.1036 0.1012 0.1016 0.0940 0.0997 
         201  1 0.1018 0.0970 0.0996 0.0981 0.1019 0.1002 0.1006 0.0941 0.1062 0.1004 
         202  1 0.0988 0.1015 0.0992 0.1013 0.0988 0.1015 0.0978 0.1080 0.0954 0.0978 
         203  1 0.1004 0.0963 0.0982 0.1029 0.1004 0.0998 0.1004 0.1001 0.0983 0.1032 
         204  1 0.0984 0.0994 0.1006 0.1008 0.1032 0.0997 0.0997 0.0969 0.0988 0.1026 
         205  1 0.1009 0.1008 0.1003 0.1015 0.1023 0.0985 0.0990 0.0927 0.1017 0.1023 
         206  1 0.1006 0.0969 0.0992 0.1023 0.1004 0.1017 0.0973 0.1002 0.0993 0.1021 
         207  1 0.1012 0.1054 0.1029 0.0990 0.0995 0.0973 0.1016 0.0953 0.0991 0.0986 
         208  1 0.0989 0.0991 0.1014 0.0988 0.0997 0.1048 0.1009 0.0994 0.0967 0.1003 
         209  1 0.1004 0.0964 0.0984 0.0984 0.1021 0.0989 0.0996 0.0981 0.1040 0.1036 
         210  1 0.0976 0.1050 0.1023 0.0996 0.0995 0.0992 0.1020 0.1008 0.0957 0.0983 
         211  1 0.0978 0.1056 0.0994 0.0992 0.0994 0.0990 0.0999 0.1045 0.0951 0.0999 
         212  1 0.1049 0.0908 0.0985 0.1001 0.1013 0.1012 0.0987 0.0944 0.1090 0.1012 
         213  1 0.0987 0.1016 0.1018 0.1008 0.0988 0.1021 0.1009 0.0992 0.0978 0.0983 
         214  1 0.1002 0.1021 0.0965 0.0986 0.1008 0.1000 0.0970 0.1036 0.1007 0.1005 
         215  1 0.0979 0.0997 0.1010 0.1016 0.0996 0.0976 0.0964 0.1132 0.0963 0.0967 
         216  1 0.1033 0.0933 0.0969 0.1018 0.1025 0.0988 0.1009 0.0923 0.1091 0.1010 
         217  1 0.0978 0.1033 0.1011 0.1004 0.0991 0.0995 0.0998 0.1043 0.0951 0.0996 
         218  1 0.0997 0.1025 0.0997 0.0990 0.0992 0.0991 0.0981 0.1024 0.0986 0.1017 
         219  1 0.1030 0.0963 0.0988 0.0949 0.1017 0.0961 0.1060 0.0893 0.1183 0.0956 
         220  1 0.1003 0.0978 0.0975 0.1026 0.1008 0.1015 0.0988 0.0985 0.1001 0.1019 
         221  1 0.1003 0.0988 0.0996 0.1009 0.0986 0.1004 0.0993 0.1033 0.1004 0.0983 
         222  1 0.0979 0.1042 0.1024 0.1010 0.0990 0.0979 0.1006 0.0980 0.0993 0.0998 
         223  1 0.0980 0.0975 0.1007 0.1004 0.1004 0.1019 0.1011 0.1024 0.0953 0.1023 
         224  1 0.0988 0.1014 0.0998 0.1016 0.1015 0.0986 0.0989 0.1003 0.0986 0.1006 
         225  1 0.1040 0.0979 0.0994 0.0993 0.1016 0.1013 0.1008 0.0926 0.1028 0.1002 
         226  1 0.1033 0.0937 0.1003 0.0999 0.1035 0.0981 0.1026 0.0908 0.1093 0.0986 
         227  1 0.1014 0.0986 0.0990 0.0992 0.1004 0.1028 0.1011 0.0979 0.0994 0.1003 
         228  1 0.0965 0.1041 0.1016 0.1025 0.0997 0.1000 0.0988 0.1006 0.0952 0.1010 
         229  1 0.0986 0.1039 0.1018 0.1003 0.0974 0.1015 0.1011 0.0985 0.0958 0.1010 
         230  1 0.1008 0.0973 0.0989 0.0994 0.1012 0.0994 0.0988 0.1016 0.1021 0.1006 
         231  1 0.1014 0.0973 0.1001 0.0998 0.1016 0.0988 0.0996 0.0971 0.1061 0.0982 
         232  1 0.0974 0.1001 0.1004 0.1021 0.0987 0.1016 0.0982 0.1096 0.0937 0.0983 
         233  1 0.1014 0.0962 0.0987 0.1018 0.1015 0.1005 0.1004 0.0953 0.1005 0.1037 
         234  1 0.0993 0.1050 0.0995 0.0986 0.0994 0.1034 0.1001 0.1006 0.0938 0.1003 
         235  1 0.0959 0.1122 0.1061 0.1008 0.0979 0.0953 0.1031 0.0963 0.0933 0.0990 
         236  1 0.1036 0.0945 0.1001 0.1024 0.1024 0.0986 0.1001 0.0915 0.1059 0.1010 
         237  1 0.0971 0.1053 0.1024 0.1014 0.0996 0.0996 0.1004 0.1008 0.0922 0.1013 
         238  1 0.0979 0.1046 0.1028 0.0993 0.0993 0.0993 0.1013 0.1026 0.0945 0.0985 
         239  1 0.0970 0.1067 0.1033 0.1006 0.0991 0.0980 0.1003 0.1017 0.0943 0.0991 
         240  1 0.1035 0.0914 0.0991 0.0990 0.1018 0.1005 0.1003 0.0925 0.1093 0.1026 
         241  1 0.1023 0.0992 0.0987 0.0973 0.1009 0.1004 0.1003 0.0961 0.1045 0.1003 
         242  1 0.0980 0.1097 0.1040 0.1002 0.0978 0.0986 0.0991 0.0989 0.0927 0.1010 
         243  1 0.0971 0.1054 0.1035 0.1027 0.0989 0.1024 0.0982 0.0986 0.0920 0.1013 
         244  1 0.1000 0.0995 0.0984 0.1012 0.1005 0.1003 0.0985 0.1015 0.0990 0.1011 
         245  1 0.0999 0.1035 0.1010 0.0989 0.0981 0.0964 0.0988 0.1056 0.1005 0.0974 
         246  1 0.1004 0.0986 0.1023 0.0997 0.1009 0.0975 0.1006 0.0995 0.1020 0.0985 
         247  1 0.1014 0.0972 0.1007 0.0997 0.0994 0.0978 0.1005 0.0962 0.1093 0.0979 
         248  1 0.0969 0.1089 0.0990 0.0998 0.1010 0.0981 0.0997 0.0991 0.0973 0.1002 
         249  1 0.1025 0.0979 0.0979 0.0999 0.1018 0.1013 0.0984 0.0972 0.1025 0.1006 
         250  1 0.1003 0.0983 0.0978 0.0983 0.1002 0.1012 0.1006 0.0997 0.1049 0.0986 
         251  1 0.1019 0.0996 0.0984 0.0999 0.0995 0.0978 0.1001 0.0993 0.1033 0.1001 
         252  1 0.1009 0.0969 0.1003 0.1000 0.1011 0.1021 0.0997 0.0993 0.1013 0.0985 
         253  1 0.0984 0.1030 0.0978 0.0976 0.1001 0.1034 0.0992 0.1030 0.0960 0.1015 
         254  1 0.0992 0.0980 0.1000 0.1000 0.0981 0.1013 0.0995 0.1048 0.0974 0.1017 
         255  1 0.0996 0.1006 0.0972 0.1007 0.0973 0.1010 0.0976 0.1117 0.0987 0.0955 
         256  1 0.1019 0.0929 0.1005 0.0997 0.1007 0.0997 0.1017 0.0973 0.1074 0.0981 
         257  1 0.0992 0.1047 0.0982 0.0989 0.0994 0.0988 0.0963 0.1069 0.0971 0.1005 
         258  1 0.1025 0.0965 0.0974 0.0994 0.1015 0.0986 0.0979 0.1005 0.1073 0.0983 
         259  1 0.0991 0.1002 0.1021 0.1000 0.1008 0.0999 0.1004 0.1008 0.0987 0.0979 
         260  1 0.1012 0.1004 0.1010 0.0999 0.1007 0.0983 0.1006 0.0938 0.1041 0.1000 
         261  1 0.0988 0.1057 0.1015 0.1011 0.0984 0.0976 0.1016 0.0954 0.0990 0.1009 
         262  1 0.0931 0.1082 0.0990 0.0994 0.0937 0.0981 0.0933 0.1286 0.0948 0.0917 
         263  1 0.0986 0.1061 0.1001 0.1004 0.0986 0.0987 0.0984 0.1025 0.0962 0.1003 
         264  1 0.0972 0.1110 0.1034 0.0984 0.0983 0.0969 0.1015 0.0965 0.0964 0.1004 
         265  1 0.1003 0.0962 0.1022 0.1005 0.0999 0.1016 0.1017 0.0966 0.1000 0.1011 
         266  1 0.0993 0.1008 0.1014 0.1011 0.1002 0.0979 0.1002 0.0991 0.1006 0.0993 
         267  1 0.1007 0.0997 0.0990 0.0991 0.1007 0.1019 0.1021 0.0964 0.0987 0.1018 
         268  1 0.1004 0.0955 0.0997 0.0990 0.1025 0.0986 0.1011 0.0991 0.1066 0.0974 
         269  1 0.1040 0.0921 0.0998 0.0988 0.1016 0.0992 0.0996 0.0928 0.1108 0.1011 
         270  1 0.1034 0.0999 0.0994 0.0981 0.1003 0.0998 0.0999 0.0953 0.1011 0.1028 
         271  1 0.1025 0.0944 0.0976 0.1010 0.1002 0.1005 0.1002 0.0994 0.1018 0.1025 
         272  1 0.1046 0.0926 0.0983 0.0997 0.1027 0.0989 0.1021 0.0887 0.1129 0.0996 
         273  1 0.0945 0.1056 0.1008 0.0995 0.0963 0.1021 0.0935 0.1211 0.0891 0.0975 
         274  1 0.0963 0.1081 0.1050 0.0989 0.0977 0.1001 0.1026 0.0993 0.0915 0.1005 
         275  1 0.0998 0.1057 0.1008 0.1002 0.0973 0.0983 0.0982 0.1041 0.0963 0.0992 
         276  1 0.0982 0.1066 0.0993 0.0968 0.0992 0.1019 0.1018 0.1020 0.0944 0.0997 
         277  1 0.0991 0.1019 0.1001 0.1000 0.0990 0.1032 0.0969 0.1061 0.0938 0.0998 
         278  1 0.0992 0.1045 0.0998 0.1004 0.0982 0.1004 0.1005 0.1020 0.0919 0.1034 
         279  1 0.0967 0.1045 0.1010 0.1016 0.0989 0.0995 0.0997 0.1063 0.0958 0.0961 
         280  1 0.0977 0.0978 0.1028 0.1005 0.0987 0.0965 0.1009 0.1069 0.1030 0.0952 
         281  1 0.0993 0.1021 0.1005 0.1018 0.1000 0.1013 0.0993 0.0995 0.0969 0.0993 
         282  1 0.1003 0.1028 0.1004 0.0980 0.0994 0.0981 0.1006 0.0987 0.1019 0.0999 
         283  1 0.0968 0.1021 0.0986 0.1015 0.0994 0.1014 0.0982 0.1080 0.0925 0.1015 
         284  1 0.1000 0.0978 0.0964 0.1031 0.0990 0.1030 0.0977 0.1066 0.0990 0.0975 
         285  1 0.1050 0.0883 0.0982 0.1004 0.1019 0.1000 0.1001 0.0944 0.1122 0.0995 
         286  1 0.0996 0.1024 0.1020 0.1006 0.0989 0.0999 0.0998 0.0959 0.0982 0.1027 
         287  1 0.1009 0.0955 0.1006 0.1004 0.1018 0.0991 0.1029 0.0924 0.1054 0.1010 
         288  1 0.1023 0.0963 0.1008 0.1000 0.1016 0.0987 0.1019 0.0918 0.1052 0.1015 
         289  1 0.1003 0.0978 0.0974 0.1004 0.1004 0.1017 0.0981 0.1014 0.1010 0.1014 
         290  1 0.0974 0.1023 0.0992 0.1006 0.0987 0.1000 0.0988 0.1084 0.0949 0.0997 
         291  1 0.0984 0.1001 0.0983 0.1008 0.0982 0.1046 0.0984 0.1055 0.0938 0.1020 
         292  1 0.0992 0.1037 0.0997 0.1009 0.0992 0.0998 0.1004 0.0979 0.0984 0.1007 
         293  1 0.1018 0.0974 0.0985 0.1010 0.1017 0.0973 0.1009 0.0937 0.1081 0.0995 
         294  1 0.0961 0.1081 0.1011 0.1004 0.0974 0.1000 0.0962 0.1098 0.0917 0.0992 
         295  1 0.1010 0.1005 0.0987 0.0992 0.0999 0.1014 0.1007 0.0983 0.1010 0.0994 
         296  1 0.1007 0.0956 0.0983 0.1004 0.1014 0.1006 0.0996 0.0974 0.1059 0.1002 
         297  1 0.1039 0.0943 0.0980 0.1002 0.1021 0.0994 0.1010 0.0944 0.1067 0.1000 
         298  1 0.1047 0.0933 0.0978 0.0980 0.1033 0.0981 0.1025 0.0905 0.1120 0.0998 
         299  1 0.0970 0.1055 0.0982 0.1012 0.0974 0.1022 0.0974 0.1102 0.0926 0.0984 
         300  1 0.0972 0.1064 0.0998 0.1003 0.0966 0.1012 0.0983 0.1091 0.0942 0.0969 
