           1  1 0.3662 0.2803 0.3535 
           2  1 0.3725 0.2641 0.3635 
           3  1 0.3412 0.3248 0.3340 
           4  1 0.2832 0.4295 0.2873 
           5  1 0.3425 0.3171 0.3404 
           6  1 0.3439 0.3107 0.3454 
           7  1 0.3334 0.3314 0.3352 
           8  1 0.3513 0.3056 0.3431 
           9  1 0.2917 0.4134 0.2949 
          10  1 0.3182 0.3678 0.3140 
          11  1 0.3702 0.2639 0.3659 
          12  1 0.2942 0.4096 0.2962 
          13  1 0.2803 0.4451 0.2746 
          14  1 0.2946 0.4085 0.2969 
          15  1 0.3481 0.3135 0.3384 
          16  1 0.3360 0.3343 0.3296 
          17  1 0.3085 0.3778 0.3137 
          18  1 0.3365 0.3294 0.3341 
          19  1 0.3294 0.3373 0.3333 
          20  1 0.3208 0.3579 0.3213 
          21  1 0.3575 0.2857 0.3569 
          22  1 0.3146 0.3654 0.3200 
          23  1 0.3472 0.2993 0.3535 
          24  1 0.3285 0.3431 0.3284 
          25  1 0.3332 0.3310 0.3359 
          26  1 0.3248 0.3453 0.3299 
          27  1 0.3218 0.3591 0.3190 
          28  1 0.3297 0.3346 0.3357 
          29  1 0.3408 0.3234 0.3358 
          30  1 0.3285 0.3372 0.3343 
          31  1 0.3698 0.2616 0.3686 
          32  1 0.3259 0.3411 0.3330 
          33  1 0.3323 0.3429 0.3249 
          34  1 0.3339 0.3310 0.3351 
          35  1 0.2944 0.4096 0.2961 
          36  1 0.3534 0.2874 0.3591 
          37  1 0.3699 0.2533 0.3768 
          38  1 0.3283 0.3372 0.3345 
          39  1 0.3315 0.3446 0.3239 
          40  1 0.3435 0.3120 0.3445 
          41  1 0.3364 0.3252 0.3384 
          42  1 0.3031 0.3959 0.3009 
          43  1 0.3105 0.3709 0.3186 
          44  1 0.3514 0.2972 0.3514 
          45  1 0.3498 0.3017 0.3484 
          46  1 0.3199 0.3630 0.3171 
          47  1 0.3632 0.2655 0.3713 
          48  1 0.3481 0.3083 0.3436 
          49  1 0.3066 0.3852 0.3082 
          50  1 0.3638 0.2740 0.3622 
          51  1 0.2799 0.4386 0.2815 
          52  1 0.3416 0.3178 0.3406 
          53  1 0.3294 0.3374 0.3332 
          54  1 0.3493 0.2981 0.3526 
          55  1 0.3317 0.3341 0.3342 
          56  1 0.3361 0.3275 0.3364 
          57  1 0.3577 0.2889 0.3535 
          58  1 0.3328 0.3365 0.3307 
          59  1 0.3520 0.2998 0.3482 
          60  1 0.3589 0.2824 0.3587 
          61  1 0.3132 0.3712 0.3156 
          62  1 0.3279 0.3414 0.3307 
          63  1 0.3293 0.3319 0.3388 
          64  1 0.3785 0.2471 0.3744 
          65  1 0.3433 0.3201 0.3366 
          66  1 0.3291 0.3337 0.3372 
          67  1 0.3116 0.3757 0.3128 
          68  1 0.3473 0.3118 0.3409 
          69  1 0.3234 0.3462 0.3305 
          70  1 0.3485 0.3061 0.3454 
          71  1 0.3576 0.2897 0.3527 
          72  1 0.3237 0.3525 0.3238 
          73  1 0.3539 0.2919 0.3542 
          74  1 0.3517 0.2994 0.3490 
          75  1 0.3368 0.3267 0.3365 
          76  1 0.3569 0.2868 0.3563 
          77  1 0.3362 0.3177 0.3461 
          78  1 0.3611 0.2774 0.3614 
          79  1 0.3287 0.3453 0.3259 
          80  1 0.2819 0.4288 0.2893 
          81  1 0.3454 0.3023 0.3523 
          82  1 0.3641 0.2674 0.3686 
          83  1 0.3611 0.2858 0.3530 
          84  1 0.3170 0.3639 0.3191 
          85  1 0.3601 0.2750 0.3648 
          86  1 0.3416 0.3193 0.3391 
          87  1 0.3509 0.3055 0.3436 
          88  1 0.3050 0.3818 0.3132 
          89  1 0.3219 0.3593 0.3188 
          90  1 0.3176 0.3553 0.3272 
          91  1 0.3542 0.2838 0.3620 
          92  1 0.3421 0.3106 0.3473 
          93  1 0.3432 0.3115 0.3453 
          94  1 0.3641 0.2798 0.3561 
          95  1 0.3533 0.2939 0.3529 
          96  1 0.3107 0.3753 0.3140 
          97  1 0.3181 0.3628 0.3191 
          98  1 0.3160 0.3636 0.3204 
          99  1 0.3254 0.3483 0.3263 
         100  1 0.3377 0.3226 0.3397 
         101  1 0.3437 0.3184 0.3379 
         102  1 0.3509 0.2886 0.3604 
         103  1 0.2983 0.3919 0.3098 
         104  1 0.3444 0.3104 0.3452 
         105  1 0.3682 0.2611 0.3707 
         106  1 0.3301 0.3390 0.3309 
         107  1 0.3280 0.3571 0.3149 
         108  1 0.3323 0.3298 0.3379 
         109  1 0.3033 0.3932 0.3035 
         110  1 0.3388 0.3195 0.3418 
         111  1 0.3415 0.3163 0.3422 
         112  1 0.3251 0.3467 0.3282 
         113  1 0.2880 0.4224 0.2896 
         114  1 0.3328 0.3341 0.3331 
         115  1 0.3096 0.3772 0.3131 
         116  1 0.3241 0.3538 0.3222 
         117  1 0.3401 0.3099 0.3500 
         118  1 0.3663 0.2806 0.3531 
         119  1 0.3531 0.2904 0.3565 
         120  1 0.3251 0.3442 0.3307 
         121  1 0.2986 0.3962 0.3052 
         122  1 0.3329 0.3350 0.3320 
         123  1 0.3430 0.3132 0.3438 
         124  1 0.3345 0.3316 0.3338 
         125  1 0.3555 0.2898 0.3547 
         126  1 0.3433 0.3158 0.3409 
         127  1 0.3398 0.3242 0.3359 
         128  1 0.2990 0.3973 0.3037 
         129  1 0.3094 0.3806 0.3100 
         130  1 0.3366 0.3269 0.3366 
         131  1 0.3594 0.2859 0.3546 
         132  1 0.3523 0.3006 0.3471 
         133  1 0.3619 0.2778 0.3603 
         134  1 0.3435 0.3148 0.3418 
         135  1 0.3365 0.3191 0.3444 
         136  1 0.3328 0.3324 0.3348 
         137  1 0.3401 0.3320 0.3280 
         138  1 0.2949 0.4063 0.2987 
         139  1 0.3439 0.3047 0.3513 
         140  1 0.3553 0.3047 0.3400 
         141  1 0.3296 0.3286 0.3418 
         142  1 0.3509 0.2904 0.3587 
         143  1 0.3080 0.3840 0.3080 
         144  1 0.3523 0.2997 0.3480 
         145  1 0.3181 0.3682 0.3137 
         146  1 0.3322 0.3328 0.3350 
         147  1 0.3340 0.3287 0.3373 
         148  1 0.3105 0.3826 0.3068 
         149  1 0.3227 0.3526 0.3246 
         150  1 0.3431 0.3219 0.3349 
         151  1 0.3393 0.3192 0.3414 
         152  1 0.3512 0.2893 0.3595 
         153  1 0.3487 0.3068 0.3446 
         154  1 0.3263 0.3523 0.3213 
         155  1 0.3129 0.3725 0.3146 
         156  1 0.3676 0.2678 0.3646 
         157  1 0.3633 0.2751 0.3616 
         158  1 0.3530 0.3081 0.3389 
         159  1 0.3405 0.3147 0.3448 
         160  1 0.3381 0.3168 0.3451 
         161  1 0.2981 0.4018 0.3000 
         162  1 0.1814 0.6342 0.1844 
         163  1 0.3718 0.2533 0.3749 
         164  1 0.3286 0.3414 0.3301 
         165  1 0.3659 0.2753 0.3588 
         166  1 0.3353 0.3299 0.3348 
         167  1 0.2875 0.4136 0.2989 
         168  1 0.3151 0.3630 0.3219 
         169  1 0.3572 0.2924 0.3504 
         170  1 0.3176 0.3596 0.3228 
         171  1 0.3495 0.3090 0.3415 
         172  1 0.3365 0.3254 0.3381 
         173  1 0.3466 0.3048 0.3487 
         174  1 0.3084 0.3837 0.3079 
         175  1 0.3036 0.3938 0.3026 
         176  1 0.3691 0.2760 0.3548 
         177  1 0.3680 0.2570 0.3750 
         178  1 0.3679 0.2717 0.3603 
         179  1 0.3284 0.3514 0.3202 
         180  1 0.3243 0.3604 0.3153 
         181  1 0.3511 0.2987 0.3502 
         182  1 0.3135 0.3644 0.3222 
         183  1 0.3436 0.3135 0.3430 
         184  1 0.3235 0.3394 0.3371 
         185  1 0.3469 0.3115 0.3416 
         186  1 0.3401 0.3212 0.3387 
         187  1 0.3558 0.2912 0.3530 
         188  1 0.3566 0.2894 0.3540 
         189  1 0.3411 0.3312 0.3277 
         190  1 0.3301 0.3425 0.3275 
         191  1 0.3263 0.3527 0.3210 
         192  1 0.3250 0.3431 0.3320 
         193  1 0.3321 0.3383 0.3296 
         194  1 0.3183 0.3629 0.3187 
         195  1 0.3176 0.3630 0.3194 
         196  1 0.2838 0.4259 0.2904 
         197  1 0.3420 0.3096 0.3484 
         198  1 0.3356 0.3317 0.3327 
         199  1 0.3528 0.2989 0.3484 
         200  1 0.3587 0.2842 0.3572 
         201  1 0.3023 0.3914 0.3063 
         202  1 0.3573 0.2917 0.3510 
         203  1 0.3323 0.3263 0.3413 
         204  1 0.3344 0.3207 0.3449 
         205  1 0.3308 0.3422 0.3270 
         206  1 0.3337 0.3216 0.3447 
         207  1 0.3428 0.3282 0.3290 
         208  1 0.3433 0.3118 0.3449 
         209  1 0.3053 0.3763 0.3185 
         210  1 0.3514 0.3002 0.3483 
         211  1 0.3543 0.2901 0.3556 
         212  1 0.2922 0.4081 0.2997 
         213  1 0.3488 0.3044 0.3468 
         214  1 0.3333 0.3292 0.3375 
         215  1 0.3353 0.3232 0.3416 
         216  1 0.2933 0.4123 0.2944 
         217  1 0.3616 0.2740 0.3643 
         218  1 0.3379 0.3207 0.3414 
         219  1 0.2907 0.4238 0.2855 
         220  1 0.3231 0.3552 0.3217 
         221  1 0.3222 0.3551 0.3227 
         222  1 0.3411 0.3233 0.3356 
         223  1 0.3522 0.2863 0.3615 
         224  1 0.3470 0.3076 0.3455 
         225  1 0.3203 0.3642 0.3155 
         226  1 0.2887 0.4221 0.2892 
         227  1 0.3363 0.3287 0.3350 
         228  1 0.3583 0.2886 0.3531 
         229  1 0.3574 0.2873 0.3553 
         230  1 0.3217 0.3577 0.3206 
         231  1 0.3191 0.3682 0.3126 
         232  1 0.3592 0.2856 0.3552 
         233  1 0.3143 0.3655 0.3203 
         234  1 0.3585 0.2839 0.3575 
         235  1 0.3633 0.2714 0.3653 
         236  1 0.2898 0.4175 0.2926 
         237  1 0.3688 0.2582 0.3729 
         238  1 0.3616 0.2747 0.3636 
         239  1 0.3600 0.2766 0.3634 
         240  1 0.2862 0.4178 0.2959 
         241  1 0.3060 0.3903 0.3037 
         242  1 0.3706 0.2664 0.3630 
         243  1 0.3770 0.2660 0.3569 
         244  1 0.3389 0.3140 0.3471 
         245  1 0.3239 0.3533 0.3228 
         246  1 0.3218 0.3609 0.3173 
         247  1 0.3112 0.3737 0.3152 
         248  1 0.3426 0.3298 0.3276 
         249  1 0.3157 0.3627 0.3215 
         250  1 0.3134 0.3726 0.3140 
         251  1 0.3235 0.3465 0.3300 
         252  1 0.3377 0.3313 0.3311 
         253  1 0.3394 0.3109 0.3497 
         254  1 0.3335 0.3258 0.3408 
         255  1 0.3196 0.3667 0.3137 
         256  1 0.3049 0.3917 0.3034 
         257  1 0.3365 0.3171 0.3464 
         258  1 0.3046 0.3867 0.3087 
         259  1 0.3429 0.3154 0.3417 
         260  1 0.3205 0.3602 0.3193 
         261  1 0.3310 0.3375 0.3315 
         262  1 0.3541 0.2970 0.3489 
         263  1 0.3539 0.2925 0.3536 
         264  1 0.3561 0.2951 0.3488 
         265  1 0.3388 0.3266 0.3347 
         266  1 0.3338 0.3377 0.3285 
         267  1 0.3373 0.3229 0.3398 
         268  1 0.3076 0.3934 0.2990 
         269  1 0.2859 0.4299 0.2842 
         270  1 0.3209 0.3535 0.3257 
         271  1 0.3199 0.3544 0.3257 
         272  1 0.2822 0.4401 0.2777 
         273  1 0.3738 0.2559 0.3703 
         274  1 0.3754 0.2634 0.3612 
         275  1 0.3501 0.2955 0.3544 
         276  1 0.3586 0.2853 0.3560 
         277  1 0.3603 0.2772 0.3625 
         278  1 0.3716 0.2646 0.3638 
         279  1 0.3552 0.3041 0.3406 
         280  1 0.3218 0.3713 0.3069 
         281  1 0.3511 0.2879 0.3610 
         282  1 0.3264 0.3510 0.3226 
         283  1 0.3617 0.2766 0.3616 
         284  1 0.3304 0.3315 0.3380 
         285  1 0.2786 0.4377 0.2837 
         286  1 0.3423 0.3179 0.3398 
         287  1 0.3073 0.3818 0.3109 
         288  1 0.3040 0.3936 0.3025 
         289  1 0.3248 0.3449 0.3303 
         290  1 0.3558 0.2886 0.3555 
         291  1 0.3622 0.2713 0.3665 
         292  1 0.3445 0.3049 0.3506 
         293  1 0.3022 0.3929 0.3049 
         294  1 0.3582 0.2823 0.3595 
         295  1 0.3243 0.3539 0.3218 
         296  1 0.3065 0.3835 0.3100 
         297  1 0.3043 0.3972 0.2985 
         298  1 0.2763 0.4443 0.2794 
         299  1 0.3589 0.2780 0.3630 
         300  1 0.3581 0.2827 0.3592 
