           1  1 0.3647 0.3538 0.2816 
           2  1 0.3670 0.3680 0.2650 
           3  1 0.3385 0.3365 0.3250 
           4  1 0.2861 0.2902 0.4236 
           5  1 0.3413 0.3418 0.3169 
           6  1 0.3463 0.3472 0.3065 
           7  1 0.3291 0.3370 0.3339 
           8  1 0.3425 0.3549 0.3026 
           9  1 0.2939 0.2856 0.4205 
          10  1 0.3204 0.3112 0.3683 
          11  1 0.3734 0.3587 0.2680 
          12  1 0.2906 0.2962 0.4132 
          13  1 0.2814 0.2694 0.4492 
          14  1 0.3016 0.2984 0.4000 
          15  1 0.3414 0.3399 0.3187 
          16  1 0.3381 0.3239 0.3380 
          17  1 0.3094 0.3143 0.3763 
          18  1 0.3409 0.3303 0.3288 
          19  1 0.3309 0.3300 0.3392 
          20  1 0.3287 0.3223 0.3490 
          21  1 0.3532 0.3587 0.2881 
          22  1 0.3194 0.3139 0.3667 
          23  1 0.3472 0.3584 0.2944 
          24  1 0.3285 0.3292 0.3423 
          25  1 0.3331 0.3365 0.3304 
          26  1 0.3296 0.3308 0.3395 
          27  1 0.3179 0.3178 0.3644 
          28  1 0.3266 0.3430 0.3304 
          29  1 0.3409 0.3335 0.3255 
          30  1 0.3273 0.3325 0.3402 
          31  1 0.3597 0.3777 0.2625 
          32  1 0.3409 0.3245 0.3346 
          33  1 0.3236 0.3329 0.3434 
          34  1 0.3302 0.3360 0.3338 
          35  1 0.2964 0.2980 0.4056 
          36  1 0.3550 0.3567 0.2883 
          37  1 0.3580 0.3890 0.2530 
          38  1 0.3235 0.3373 0.3392 
          39  1 0.3244 0.3316 0.3439 
          40  1 0.3551 0.3388 0.3060 
          41  1 0.3388 0.3395 0.3217 
          42  1 0.3078 0.2978 0.3945 
          43  1 0.3140 0.3163 0.3697 
          44  1 0.3557 0.3446 0.2997 
          45  1 0.3553 0.3378 0.3069 
          46  1 0.3191 0.3207 0.3602 
          47  1 0.3596 0.3756 0.2648 
          48  1 0.3390 0.3520 0.3091 
          49  1 0.3062 0.3037 0.3900 
          50  1 0.3763 0.3512 0.2725 
          51  1 0.2815 0.2802 0.4383 
          52  1 0.3435 0.3403 0.3161 
          53  1 0.3327 0.3356 0.3316 
          54  1 0.3435 0.3612 0.2953 
          55  1 0.3253 0.3341 0.3406 
          56  1 0.3381 0.3414 0.3206 
          57  1 0.3535 0.3608 0.2857 
          58  1 0.3365 0.3362 0.3273 
          59  1 0.3522 0.3479 0.2998 
          60  1 0.3643 0.3498 0.2858 
          61  1 0.3103 0.3246 0.3651 
          62  1 0.3347 0.3267 0.3385 
          63  1 0.3313 0.3402 0.3285 
          64  1 0.3822 0.3655 0.2523 
          65  1 0.3392 0.3365 0.3243 
          66  1 0.3279 0.3380 0.3342 
          67  1 0.3078 0.3123 0.3799 
          68  1 0.3441 0.3435 0.3125 
          69  1 0.3181 0.3325 0.3494 
          70  1 0.3451 0.3501 0.3048 
          71  1 0.3531 0.3567 0.2902 
          72  1 0.3202 0.3258 0.3540 
          73  1 0.3522 0.3551 0.2927 
          74  1 0.3440 0.3551 0.3009 
          75  1 0.3397 0.3285 0.3318 
          76  1 0.3598 0.3546 0.2856 
          77  1 0.3334 0.3507 0.3159 
          78  1 0.3610 0.3593 0.2797 
          79  1 0.3314 0.3229 0.3458 
          80  1 0.2849 0.2819 0.4332 
          81  1 0.3466 0.3476 0.3058 
          82  1 0.3685 0.3650 0.2665 
          83  1 0.3639 0.3474 0.2888 
          84  1 0.3292 0.3165 0.3543 
          85  1 0.3554 0.3715 0.2731 
          86  1 0.3441 0.3343 0.3216 
          87  1 0.3554 0.3359 0.3087 
          88  1 0.3103 0.3118 0.3779 
          89  1 0.3230 0.3174 0.3596 
          90  1 0.3225 0.3224 0.3551 
          91  1 0.3567 0.3533 0.2900 
          92  1 0.3403 0.3477 0.3119 
          93  1 0.3457 0.3357 0.3186 
          94  1 0.3636 0.3495 0.2869 
          95  1 0.3467 0.3565 0.2968 
          96  1 0.3122 0.3093 0.3785 
          97  1 0.3261 0.3143 0.3596 
          98  1 0.3156 0.3223 0.3621 
          99  1 0.3311 0.3238 0.3451 
         100  1 0.3447 0.3336 0.3217 
         101  1 0.3438 0.3390 0.3173 
         102  1 0.3572 0.3589 0.2839 
         103  1 0.3022 0.3087 0.3892 
         104  1 0.3406 0.3496 0.3097 
         105  1 0.3680 0.3707 0.2614 
         106  1 0.3242 0.3347 0.3411 
         107  1 0.3219 0.3193 0.3588 
         108  1 0.3344 0.3418 0.3238 
         109  1 0.3085 0.3012 0.3903 
         110  1 0.3412 0.3343 0.3245 
         111  1 0.3417 0.3398 0.3184 
         112  1 0.3251 0.3322 0.3426 
         113  1 0.2890 0.2914 0.4197 
         114  1 0.3263 0.3418 0.3320 
         115  1 0.3149 0.3096 0.3755 
         116  1 0.3206 0.3309 0.3485 
         117  1 0.3389 0.3489 0.3122 
         118  1 0.3611 0.3559 0.2830 
         119  1 0.3530 0.3546 0.2924 
         120  1 0.3294 0.3301 0.3405 
         121  1 0.3028 0.3047 0.3924 
         122  1 0.3275 0.3435 0.3291 
         123  1 0.3447 0.3364 0.3189 
         124  1 0.3322 0.3346 0.3332 
         125  1 0.3499 0.3642 0.2859 
         126  1 0.3492 0.3374 0.3133 
         127  1 0.3422 0.3322 0.3256 
         128  1 0.2969 0.3086 0.3945 
         129  1 0.3013 0.3206 0.3781 
         130  1 0.3390 0.3326 0.3285 
         131  1 0.3505 0.3569 0.2926 
         132  1 0.3472 0.3514 0.3014 
         133  1 0.3649 0.3532 0.2819 
         134  1 0.3399 0.3418 0.3183 
         135  1 0.3321 0.3498 0.3181 
         136  1 0.3292 0.3418 0.3290 
         137  1 0.3381 0.3275 0.3343 
         138  1 0.2914 0.3007 0.4079 
         139  1 0.3370 0.3569 0.3061 
         140  1 0.3423 0.3530 0.3047 
         141  1 0.3387 0.3295 0.3318 
         142  1 0.3504 0.3639 0.2857 
         143  1 0.3133 0.3035 0.3832 
         144  1 0.3439 0.3527 0.3033 
         145  1 0.3187 0.3128 0.3686 
         146  1 0.3301 0.3413 0.3287 
         147  1 0.3394 0.3369 0.3237 
         148  1 0.3082 0.3110 0.3808 
         149  1 0.3247 0.3217 0.3537 
         150  1 0.3395 0.3394 0.3210 
         151  1 0.3441 0.3303 0.3257 
         152  1 0.3548 0.3511 0.2941 
         153  1 0.3378 0.3526 0.3096 
         154  1 0.3265 0.3241 0.3495 
         155  1 0.3155 0.3111 0.3735 
         156  1 0.3562 0.3720 0.2718 
         157  1 0.3707 0.3475 0.2818 
         158  1 0.3472 0.3402 0.3126 
         159  1 0.3429 0.3420 0.3150 
         160  1 0.3381 0.3478 0.3141 
         161  1 0.3098 0.2987 0.3915 
         162  1 0.1813 0.1848 0.6339 
         163  1 0.3654 0.3805 0.2540 
         164  1 0.3355 0.3275 0.3370 
         165  1 0.3620 0.3601 0.2778 
         166  1 0.3403 0.3277 0.3320 
         167  1 0.2885 0.2981 0.4134 
         168  1 0.3221 0.3189 0.3591 
         169  1 0.3589 0.3529 0.2882 
         170  1 0.3250 0.3193 0.3557 
         171  1 0.3388 0.3474 0.3138 
         172  1 0.3360 0.3411 0.3229 
         173  1 0.3436 0.3515 0.3049 
         174  1 0.3121 0.3025 0.3854 
         175  1 0.3027 0.3041 0.3932 
         176  1 0.3681 0.3478 0.2841 
         177  1 0.3677 0.3759 0.2564 
         178  1 0.3565 0.3717 0.2718 
         179  1 0.3263 0.3211 0.3526 
         180  1 0.3179 0.3176 0.3645 
         181  1 0.3553 0.3471 0.2976 
         182  1 0.3176 0.3213 0.3610 
         183  1 0.3482 0.3344 0.3174 
         184  1 0.3287 0.3393 0.3320 
         185  1 0.3453 0.3414 0.3133 
         186  1 0.3387 0.3416 0.3197 
         187  1 0.3631 0.3449 0.2921 
         188  1 0.3450 0.3662 0.2887 
         189  1 0.3403 0.3312 0.3286 
         190  1 0.3374 0.3271 0.3355 
         191  1 0.3309 0.3277 0.3414 
         192  1 0.3305 0.3285 0.3410 
         193  1 0.3371 0.3144 0.3484 
         194  1 0.3185 0.3166 0.3649 
         195  1 0.3222 0.3214 0.3564 
         196  1 0.2896 0.2908 0.4195 
         197  1 0.3541 0.3354 0.3104 
         198  1 0.3380 0.3221 0.3399 
         199  1 0.3547 0.3441 0.3012 
         200  1 0.3582 0.3570 0.2848 
         201  1 0.3051 0.3033 0.3917 
         202  1 0.3518 0.3530 0.2953 
         203  1 0.3346 0.3420 0.3234 
         204  1 0.3459 0.3312 0.3229 
         205  1 0.3326 0.3183 0.3492 
         206  1 0.3301 0.3501 0.3198 
         207  1 0.3404 0.3300 0.3296 
         208  1 0.3480 0.3362 0.3158 
         209  1 0.3041 0.3205 0.3754 
         210  1 0.3532 0.3469 0.2999 
         211  1 0.3469 0.3602 0.2929 
         212  1 0.2935 0.3039 0.4026 
         213  1 0.3553 0.3378 0.3069 
         214  1 0.3286 0.3426 0.3288 
         215  1 0.3352 0.3387 0.3262 
         216  1 0.2943 0.2990 0.4067 
         217  1 0.3659 0.3641 0.2700 
         218  1 0.3381 0.3450 0.3169 
         219  1 0.2893 0.2924 0.4183 
         220  1 0.3232 0.3228 0.3541 
         221  1 0.3198 0.3226 0.3576 
         222  1 0.3415 0.3305 0.3280 
         223  1 0.3496 0.3613 0.2890 
         224  1 0.3437 0.3473 0.3090 
         225  1 0.3172 0.3140 0.3688 
         226  1 0.2964 0.2811 0.4224 
         227  1 0.3370 0.3346 0.3284 
         228  1 0.3622 0.3458 0.2920 
         229  1 0.3594 0.3545 0.2861 
         230  1 0.3185 0.3216 0.3598 
         231  1 0.3146 0.3192 0.3662 
         232  1 0.3523 0.3633 0.2844 
         233  1 0.3214 0.3173 0.3614 
         234  1 0.3559 0.3582 0.2859 
         235  1 0.3755 0.3530 0.2715 
         236  1 0.2962 0.2878 0.4160 
         237  1 0.3759 0.3676 0.2565 
         238  1 0.3557 0.3649 0.2794 
         239  1 0.3650 0.3583 0.2768 
         240  1 0.2879 0.2937 0.4185 
         241  1 0.3090 0.3048 0.3862 
         242  1 0.3728 0.3609 0.2663 
         243  1 0.3694 0.3597 0.2708 
         244  1 0.3383 0.3487 0.3130 
         245  1 0.3182 0.3229 0.3589 
         246  1 0.3254 0.3148 0.3598 
         247  1 0.3138 0.3122 0.3740 
         248  1 0.3414 0.3284 0.3302 
         249  1 0.3116 0.3263 0.3621 
         250  1 0.3094 0.3192 0.3714 
         251  1 0.3264 0.3258 0.3479 
         252  1 0.3335 0.3359 0.3307 
         253  1 0.3387 0.3499 0.3114 
         254  1 0.3344 0.3413 0.3242 
         255  1 0.3130 0.3181 0.3690 
         256  1 0.3070 0.3034 0.3896 
         257  1 0.3355 0.3534 0.3111 
         258  1 0.3018 0.3111 0.3872 
         259  1 0.3384 0.3415 0.3201 
         260  1 0.3243 0.3158 0.3599 
         261  1 0.3352 0.3183 0.3465 
         262  1 0.3403 0.3583 0.3015 
         263  1 0.3518 0.3485 0.2997 
         264  1 0.3477 0.3540 0.2983 
         265  1 0.3429 0.3294 0.3276 
         266  1 0.3351 0.3274 0.3375 
         267  1 0.3389 0.3385 0.3226 
         268  1 0.3074 0.2961 0.3964 
         269  1 0.2898 0.2859 0.4244 
         270  1 0.3225 0.3242 0.3532 
         271  1 0.3246 0.3272 0.3482 
         272  1 0.2814 0.2773 0.4413 
         273  1 0.3625 0.3797 0.2578 
         274  1 0.3812 0.3565 0.2622 
         275  1 0.3475 0.3538 0.2987 
         276  1 0.3637 0.3535 0.2828 
         277  1 0.3519 0.3707 0.2774 
         278  1 0.3695 0.3716 0.2589 
         279  1 0.3467 0.3428 0.3105 
         280  1 0.3163 0.3088 0.3749 
         281  1 0.3569 0.3551 0.2880 
         282  1 0.3246 0.3244 0.3510 
         283  1 0.3582 0.3691 0.2727 
         284  1 0.3272 0.3468 0.3260 
         285  1 0.2804 0.2828 0.4368 
         286  1 0.3487 0.3341 0.3172 
         287  1 0.3203 0.2973 0.3824 
         288  1 0.3085 0.2991 0.3924 
         289  1 0.3216 0.3374 0.3411 
         290  1 0.3452 0.3683 0.2865 
         291  1 0.3594 0.3741 0.2665 
         292  1 0.3530 0.3411 0.3059 
         293  1 0.3108 0.2963 0.3929 
         294  1 0.3540 0.3614 0.2846 
         295  1 0.3205 0.3273 0.3522 
         296  1 0.3140 0.3042 0.3818 
         297  1 0.3014 0.3006 0.3980 
         298  1 0.2817 0.2821 0.4363 
         299  1 0.3521 0.3691 0.2788 
         300  1 0.3547 0.3625 0.2828 
