           1  1 0.1040 0.0985 0.0994 0.1004 0.0937 0.1067 0.1034 0.1015 0.1015 0.0909 
           2  1 0.1051 0.1007 0.1072 0.1024 0.0963 0.1014 0.0993 0.1048 0.0938 0.0889 
           3  1 0.0981 0.0994 0.1010 0.1040 0.0988 0.0984 0.1023 0.0973 0.1005 0.1001 
           4  1 0.0902 0.1004 0.1052 0.1035 0.1080 0.0891 0.0977 0.0909 0.1000 0.1150 
           5  1 0.1002 0.1026 0.0977 0.1003 0.1000 0.1004 0.1004 0.1009 0.0995 0.0980 
           6  1 0.1035 0.0992 0.0985 0.1045 0.0982 0.1037 0.0998 0.0996 0.0982 0.0949 
           7  1 0.1038 0.0995 0.1066 0.1004 0.1003 0.0994 0.0971 0.1005 0.0966 0.0958 
           8  1 0.1040 0.1015 0.1028 0.0993 0.1018 0.0977 0.0978 0.1042 0.0962 0.0947 
           9  1 0.0923 0.0981 0.0947 0.0987 0.1049 0.0962 0.1022 0.0936 0.1078 0.1115 
          10  1 0.0948 0.1019 0.0996 0.1031 0.1037 0.0966 0.1019 0.0931 0.0997 0.1058 
          11  1 0.1013 0.0965 0.1058 0.1053 0.0949 0.1016 0.1040 0.1007 0.1012 0.0888 
          12  1 0.1025 0.1002 0.0967 0.0912 0.1007 0.0988 0.0973 0.1030 0.1000 0.1095 
          13  1 0.0895 0.0995 0.0924 0.0959 0.1106 0.0915 0.1013 0.0927 0.1070 0.1195 
          14  1 0.0953 0.0983 0.0955 0.0988 0.1057 0.0967 0.1007 0.0964 0.1022 0.1106 
          15  1 0.1027 0.1007 0.1014 0.0959 0.0957 0.1052 0.1004 0.1032 0.0980 0.0968 
          16  1 0.1003 0.0992 0.1010 0.0993 0.0993 0.1024 0.0991 0.1006 0.0998 0.0990 
          17  1 0.0936 0.0980 0.0948 0.1005 0.1057 0.1006 0.1022 0.0960 0.1019 0.1068 
          18  1 0.0961 0.1000 0.1056 0.1078 0.0987 0.0994 0.1012 0.0945 0.0989 0.0977 
          19  1 0.0996 0.0996 0.0966 0.0994 0.1043 0.0990 0.1005 0.0976 0.1016 0.1018 
          20  1 0.0970 0.0983 0.0977 0.1006 0.1012 0.1032 0.1008 0.0977 0.1007 0.1030 
          21  1 0.1006 0.1012 0.1002 0.1034 0.0987 0.1018 0.1019 0.0993 0.0979 0.0948 
          22  1 0.0975 0.1020 0.0962 0.0980 0.1036 0.0986 0.1016 0.0962 0.1007 0.1056 
          23  1 0.0963 0.1050 0.1088 0.1093 0.1019 0.0950 0.0978 0.0962 0.0968 0.0930 
          24  1 0.0987 0.1012 0.1024 0.1031 0.1015 0.0987 0.0984 0.0976 0.0988 0.0996 
          25  1 0.1013 0.0989 0.0986 0.1004 0.1021 0.0987 0.0997 0.0994 0.0997 0.1012 
          26  1 0.0992 0.1012 0.0971 0.0951 0.1024 0.1025 0.0986 0.1012 0.1010 0.1017 
          27  1 0.0954 0.1013 0.1000 0.1018 0.1029 0.0962 0.0997 0.0955 0.1020 0.1052 
          28  1 0.1010 0.1019 0.0983 0.0980 0.1030 0.0978 0.0997 0.1015 0.0978 0.1010 
          29  1 0.0979 0.0970 0.0980 0.1040 0.0987 0.1077 0.1015 0.0964 0.1014 0.0974 
          30  1 0.1016 0.0998 0.0998 0.0967 0.0991 0.1004 0.0990 0.1019 0.1009 0.1008 
          31  1 0.1233 0.0992 0.1047 0.0898 0.0897 0.1070 0.0918 0.1191 0.0918 0.0836 
          32  1 0.0956 0.0995 0.0988 0.1027 0.1012 0.0981 0.1023 0.0973 0.1025 0.1020 
          33  1 0.1239 0.0935 0.0936 0.0905 0.0928 0.1021 0.0962 0.1180 0.0973 0.0921 
          34  1 0.1001 0.1014 0.1009 0.0982 0.0981 0.0999 0.0984 0.1030 0.1003 0.0996 
          35  1 0.0941 0.1002 0.1022 0.1004 0.1059 0.0933 0.0988 0.0963 0.1009 0.1079 
          36  1 0.1050 0.0993 0.0987 0.1014 0.0981 0.1024 0.1014 0.1012 0.0999 0.0926 
          37  1 0.1253 0.1016 0.1031 0.0898 0.0873 0.1096 0.0932 0.1194 0.0900 0.0807 
          38  1 0.1023 0.1041 0.0987 0.0954 0.1018 0.0990 0.0980 0.1026 0.0990 0.0992 
          39  1 0.1008 0.0985 0.0997 0.0981 0.1000 0.1009 0.0990 0.1006 0.1001 0.1022 
          40  1 0.0960 0.1004 0.0997 0.1043 0.0996 0.1013 0.1024 0.1001 0.0995 0.0967 
          41  1 0.1032 0.0991 0.0977 0.0980 0.0986 0.0997 0.1015 0.1039 0.1004 0.0978 
          42  1 0.0935 0.0976 0.0964 0.1005 0.1044 0.0938 0.1007 0.0955 0.1059 0.1117 
          43  1 0.0958 0.1005 0.0970 0.0981 0.1041 0.0979 0.1009 0.0950 0.1040 0.1066 
          44  1 0.0989 0.1013 0.0992 0.1023 0.0982 0.1044 0.1013 0.0999 0.0992 0.0954 
          45  1 0.0980 0.0993 0.1032 0.1048 0.0958 0.1001 0.1025 0.0991 0.1022 0.0949 
          46  1 0.0965 0.1005 0.0999 0.0977 0.1056 0.0978 0.0995 0.0973 0.1009 0.1044 
          47  1 0.1028 0.1001 0.0986 0.1026 0.0968 0.1101 0.1018 0.1003 0.0970 0.0898 
          48  1 0.1067 0.0986 0.0995 0.0968 0.0974 0.1025 0.1004 0.1068 0.0963 0.0951 
          49  1 0.1001 0.0998 0.0919 0.0969 0.1051 0.0964 0.0988 0.1010 0.1032 0.1069 
          50  1 0.0977 0.0994 0.1066 0.1054 0.0949 0.1043 0.1036 0.0981 0.1000 0.0900 
          51  1 0.0911 0.1001 0.0941 0.0935 0.1064 0.0957 0.1001 0.0957 0.1034 0.1199 
          52  1 0.0984 0.1029 0.1017 0.1016 0.1010 0.0955 0.1015 0.0947 0.0996 0.1030 
          53  1 0.0936 0.1002 0.1106 0.1098 0.1031 0.0954 0.0986 0.0905 0.0982 0.1000 
          54  1 0.0967 0.1021 0.1017 0.1039 0.1021 0.1014 0.1005 0.0976 0.0975 0.0965 
          55  1 0.0998 0.1003 0.1025 0.1002 0.0988 0.1033 0.0981 0.1006 0.0981 0.0984 
          56  1 0.1005 0.1027 0.1040 0.1034 0.1011 0.0969 0.0984 0.0980 0.0980 0.0971 
          57  1 0.0993 0.0981 0.0999 0.1049 0.0994 0.1046 0.1022 0.0992 0.0979 0.0946 
          58  1 0.0971 0.1013 0.1050 0.1058 0.1012 0.0988 0.0984 0.0938 0.0996 0.0989 
          59  1 0.1003 0.0984 0.1015 0.0998 0.0980 0.1073 0.0985 0.1013 0.1003 0.0946 
          60  1 0.0998 0.1001 0.1012 0.1022 0.0964 0.1047 0.1010 0.1010 0.1002 0.0934 
          61  1 0.0980 0.0996 0.0977 0.0991 0.1042 0.0969 0.0994 0.0969 0.1017 0.1064 
          62  1 0.1002 0.0989 0.0989 0.0964 0.1000 0.1011 0.0988 0.1025 0.1028 0.1005 
          63  1 0.1005 0.1027 0.0987 0.0961 0.1009 0.0995 0.0991 0.1031 0.1000 0.0995 
          64  1 0.0983 0.1033 0.1097 0.1068 0.0886 0.1053 0.1047 0.0995 0.0983 0.0855 
          65  1 0.0985 0.0985 0.0974 0.0998 0.0991 0.1040 0.0996 0.0998 0.1018 0.1014 
          66  1 0.1050 0.0986 0.1006 0.0945 0.0992 0.0996 0.0976 0.1058 0.0992 0.0999 
          67  1 0.0954 0.1011 0.0968 0.0985 0.1045 0.0972 0.0996 0.0981 0.1031 0.1056 
          68  1 0.0976 0.0983 0.1011 0.1031 0.1002 0.1010 0.1027 0.0977 0.0998 0.0985 
          69  1 0.1049 0.1005 0.0988 0.0949 0.1011 0.0992 0.0956 0.1048 0.0993 0.1009 
          70  1 0.0978 0.1010 0.1095 0.1038 0.0980 0.0997 0.0992 0.0973 0.0969 0.0967 
          71  1 0.1015 0.1001 0.0990 0.1019 0.0995 0.1028 0.0984 0.1029 0.0975 0.0965 
          72  1 0.0998 0.1010 0.0962 0.0952 0.1017 0.0977 0.1007 0.1004 0.1024 0.1049 
          73  1 0.1018 0.0967 0.1008 0.1009 0.0980 0.1058 0.1010 0.1016 0.0984 0.0949 
          74  1 0.1066 0.1005 0.1010 0.0960 0.0974 0.0999 0.0987 0.1065 0.0964 0.0968 
          75  1 0.0968 0.0985 0.1006 0.1042 0.0989 0.0973 0.1041 0.0988 0.1022 0.0985 
          76  1 0.1004 0.1005 0.1047 0.1057 0.0958 0.1042 0.1000 0.0987 0.0971 0.0930 
          77  1 0.1052 0.1037 0.1018 0.0948 0.0982 0.1017 0.0967 0.1059 0.0962 0.0957 
          78  1 0.1010 0.1037 0.1010 0.1020 0.0961 0.1068 0.0984 0.1011 0.0979 0.0920 
          79  1 0.0949 0.0990 0.0984 0.1019 0.1016 0.1000 0.1026 0.0993 0.1010 0.1013 
          80  1 0.0921 0.0991 0.0957 0.0945 0.1079 0.0951 0.0991 0.0951 0.1023 0.1191 
          81  1 0.0982 0.1001 0.0995 0.1039 0.1003 0.0977 0.1019 0.0966 0.1040 0.0978 
          82  1 0.1151 0.0997 0.0977 0.0976 0.0942 0.1071 0.0986 0.1084 0.0947 0.0869 
          83  1 0.1001 0.0980 0.1015 0.1035 0.0962 0.1020 0.1027 0.0994 0.1010 0.0955 
          84  1 0.0959 0.1004 0.1017 0.1017 0.1025 0.0969 0.1012 0.0942 0.1026 0.1029 
          85  1 0.1036 0.1031 0.1012 0.1014 0.0980 0.1018 0.1013 0.1015 0.0948 0.0932 
          86  1 0.0982 0.0985 0.0991 0.1020 0.0991 0.1008 0.1015 0.1002 0.1015 0.0991 
          87  1 0.0963 0.1005 0.0982 0.1052 0.0978 0.1028 0.1050 0.0987 0.0999 0.0956 
          88  1 0.0953 0.1014 0.0978 0.0994 0.1027 0.1009 0.0998 0.0977 0.1014 0.1038 
          89  1 0.0986 0.0954 0.1002 0.0993 0.0997 0.0973 0.1032 0.1007 0.1028 0.1028 
          90  1 0.0962 0.1014 0.0960 0.0972 0.1008 0.1002 0.1026 0.1006 0.1034 0.1016 
          91  1 0.1013 0.1032 0.1013 0.1008 0.0968 0.1008 0.1036 0.0983 0.0986 0.0952 
          92  1 0.1022 0.1000 0.0981 0.0976 0.1010 0.0983 0.1005 0.1035 0.1005 0.0982 
          93  1 0.1030 0.0982 0.0975 0.0986 0.0984 0.0988 0.1029 0.1039 0.1012 0.0976 
          94  1 0.1121 0.0958 0.0985 0.1009 0.0935 0.1038 0.1007 0.1073 0.0989 0.0884 
          95  1 0.1032 0.1012 0.1025 0.1001 0.1001 0.0994 0.0995 0.1014 0.0971 0.0956 
          96  1 0.0930 0.1018 0.0949 0.0982 0.1049 0.0965 0.1028 0.0961 0.1037 0.1080 
          97  1 0.0940 0.1001 0.0962 0.1028 0.1043 0.1004 0.1008 0.0948 0.1001 0.1064 
          98  1 0.0948 0.1008 0.0982 0.1003 0.1048 0.0958 0.1005 0.0966 0.1023 0.1059 
          99  1 0.0985 0.1006 0.1000 0.1013 0.1017 0.0978 0.0995 0.0973 0.1010 0.1023 
         100  1 0.0973 0.0986 0.1002 0.1020 0.1003 0.1011 0.1033 0.0965 0.1023 0.0984 
         101  1 0.0977 0.0990 0.1025 0.1072 0.0991 0.1026 0.1012 0.0980 0.0975 0.0951 
         102  1 0.1095 0.0981 0.1005 0.0980 0.0951 0.1078 0.0984 0.1068 0.0957 0.0902 
         103  1 0.0951 0.1004 0.0958 0.0919 0.1025 0.1040 0.0995 0.0960 0.1030 0.1118 
         104  1 0.0994 0.1031 0.0992 0.1003 0.1006 0.1009 0.0995 0.1004 0.0989 0.0978 
         105  1 0.1034 0.1022 0.1048 0.1020 0.0946 0.1065 0.0990 0.1025 0.0952 0.0897 
         106  1 0.0987 0.1015 0.1025 0.1033 0.1009 0.0965 0.0983 0.0976 0.0993 0.1015 
         107  1 0.0943 0.1003 0.0974 0.0988 0.1005 0.0973 0.1010 0.0975 0.1024 0.1105 
         108  1 0.0990 0.1031 0.0996 0.0981 0.1012 0.0998 0.0995 0.0999 0.0998 0.1000 
         109  1 0.0940 0.1010 0.0963 0.0970 0.1055 0.0960 0.1000 0.0967 0.1051 0.1085 
         110  1 0.1003 0.0990 0.0962 0.0999 0.0989 0.1036 0.1011 0.1006 0.1029 0.0975 
         111  1 0.0955 0.1002 0.0977 0.1000 0.0993 0.1032 0.1031 0.0986 0.0987 0.1037 
         112  1 0.0971 0.1006 0.0965 0.1026 0.1048 0.0981 0.0996 0.0961 0.1004 0.1042 
         113  1 0.0885 0.1012 0.0968 0.0932 0.1065 0.0931 0.1010 0.0925 0.1024 0.1248 
         114  1 0.0988 0.1024 0.1009 0.0968 0.1032 0.0976 0.0997 0.0994 0.0996 0.1016 
         115  1 0.0915 0.0994 0.0981 0.0990 0.1042 0.0970 0.1022 0.0944 0.1051 0.1090 
         116  1 0.0959 0.0996 0.1041 0.1025 0.1039 0.0972 0.1001 0.0944 0.0989 0.1034 
         117  1 0.1055 0.1011 0.1018 0.0979 0.0980 0.1020 0.0972 0.1057 0.0979 0.0930 
         118  1 0.0992 0.1006 0.1027 0.1044 0.0974 0.1030 0.1025 0.0982 0.0966 0.0953 
         119  1 0.0979 0.1028 0.1097 0.1092 0.0985 0.0978 0.0995 0.0962 0.0963 0.0921 
         120  1 0.0949 0.1000 0.1037 0.1053 0.1013 0.0974 0.1004 0.0952 0.1011 0.1007 
         121  1 0.0946 0.1006 0.0970 0.0989 0.1057 0.0981 0.0990 0.0960 0.1025 0.1078 
         122  1 0.1072 0.0981 0.1076 0.0985 0.0988 0.1002 0.0952 0.1030 0.0959 0.0954 
         123  1 0.0992 0.0978 0.1054 0.1035 0.0975 0.1024 0.1020 0.0989 0.0988 0.0946 
         124  1 0.1092 0.0981 0.0986 0.0915 0.0976 0.1031 0.0965 0.1065 0.0984 0.1004 
         125  1 0.1011 0.1012 0.1057 0.1068 0.0983 0.1005 0.0986 0.0988 0.0947 0.0942 
         126  1 0.0993 0.0993 0.0997 0.1040 0.1007 0.0999 0.1007 0.0976 0.0994 0.0994 
         127  1 0.1014 0.0979 0.0972 0.0980 0.0991 0.1037 0.1001 0.1027 0.1017 0.0983 
         128  1 0.0951 0.1006 0.0999 0.1002 0.1065 0.0943 0.0973 0.0958 0.1009 0.1093 
         129  1 0.1000 0.1000 0.0995 0.0966 0.1034 0.0968 0.0974 0.1002 0.0995 0.1067 
         130  1 0.1011 0.0972 0.0986 0.1008 0.0976 0.1018 0.1019 0.1001 0.1017 0.0992 
         131  1 0.1037 0.1019 0.1026 0.1002 0.0962 0.1027 0.0995 0.1047 0.0966 0.0918 
         132  1 0.1090 0.0996 0.0999 0.0978 0.0969 0.0999 0.0988 0.1049 0.0979 0.0953 
         133  1 0.1100 0.0981 0.0982 0.1001 0.0960 0.1014 0.0992 0.1046 0.1007 0.0918 
         134  1 0.1100 0.0986 0.0978 0.0965 0.0973 0.1015 0.0989 0.1094 0.0972 0.0927 
         135  1 0.0976 0.1016 0.1031 0.0998 0.1000 0.0980 0.1006 0.0980 0.0977 0.1035 
         136  1 0.1034 0.1004 0.1017 0.0983 0.1005 0.0971 0.0966 0.1027 0.0993 0.1001 
         137  1 0.1012 0.0970 0.0993 0.1002 0.0988 0.1004 0.0997 0.1008 0.1037 0.0990 
         138  1 0.0929 0.1006 0.0961 0.0957 0.1075 0.0925 0.1011 0.0975 0.1041 0.1119 
         139  1 0.1027 0.1025 0.0986 0.0977 0.1020 0.0984 0.0978 0.1042 0.0975 0.0986 
         140  1 0.1020 0.0989 0.1074 0.1036 0.0970 0.1021 0.1010 0.0995 0.0961 0.0925 
         141  1 0.1000 0.1026 0.0984 0.0983 0.1003 0.0974 0.1002 0.1000 0.1020 0.1008 
         142  1 0.1017 0.1051 0.1045 0.0990 0.0965 0.1019 0.0957 0.1041 0.0974 0.0942 
         143  1 0.0936 0.1002 0.0993 0.1048 0.1037 0.0918 0.1007 0.0951 0.1034 0.1075 
         144  1 0.1062 0.0982 0.1031 0.0966 0.0959 0.1065 0.0979 0.1063 0.0961 0.0932 
         145  1 0.0962 0.0993 0.1033 0.1003 0.1025 0.0966 0.0982 0.0965 0.1006 0.1064 
         146  1 0.0988 0.1008 0.1093 0.1049 0.1016 0.0985 0.0974 0.0956 0.0963 0.0967 
         147  1 0.0966 0.1014 0.1002 0.1019 0.1008 0.0998 0.1003 0.0969 0.1008 0.1012 
         148  1 0.0933 0.1016 0.0938 0.0975 0.1045 0.1003 0.1007 0.0942 0.1025 0.1115 
         149  1 0.1040 0.0975 0.1027 0.0991 0.1004 0.1031 0.0989 0.0988 0.0981 0.0975 
         150  1 0.1012 0.0990 0.0989 0.0989 0.1002 0.1024 0.1005 0.1016 0.0993 0.0980 
         151  1 0.1013 0.1000 0.0968 0.0991 0.1007 0.0993 0.1013 0.0987 0.1036 0.0992 
         152  1 0.1005 0.0979 0.0998 0.1029 0.0985 0.1027 0.1032 0.0995 0.0993 0.0958 
         153  1 0.0985 0.0987 0.1040 0.1063 0.1015 0.0962 0.0993 0.0980 0.0988 0.0988 
         154  1 0.0948 0.0983 0.0989 0.1018 0.1028 0.0981 0.1020 0.0965 0.1005 0.1064 
         155  1 0.1002 0.0971 0.0942 0.0970 0.0999 0.1040 0.1015 0.1025 0.1025 0.1012 
         156  1 0.1172 0.0978 0.1026 0.0952 0.0912 0.1073 0.0943 0.1116 0.0951 0.0877 
         157  1 0.0993 0.0992 0.1051 0.1043 0.0931 0.1089 0.1007 0.1012 0.0997 0.0886 
         158  1 0.0996 0.1027 0.0992 0.1013 0.0964 0.1046 0.1027 0.0984 0.1007 0.0945 
         159  1 0.1004 0.0999 0.1032 0.1016 0.0974 0.0980 0.0988 0.1039 0.0996 0.0972 
         160  1 0.1089 0.0993 0.1046 0.0947 0.0969 0.1015 0.0969 0.1069 0.0961 0.0943 
         161  1 0.0957 0.0985 0.0989 0.1024 0.1040 0.0996 0.1003 0.0926 0.1033 0.1048 
         162  1 0.0644 0.1024 0.0841 0.0714 0.1130 0.0758 0.1020 0.0809 0.1118 0.1940 
         163  1 0.1146 0.1032 0.0986 0.0963 0.0919 0.1102 0.0964 0.1095 0.0938 0.0856 
         164  1 0.0948 0.0976 0.0983 0.1055 0.1013 0.1047 0.1019 0.0948 0.1012 0.1001 
         165  1 0.1038 0.1023 0.0995 0.1005 0.0965 0.1049 0.1002 0.1034 0.0974 0.0916 
         166  1 0.0988 0.0975 0.0994 0.1000 0.0975 0.1049 0.1015 0.1008 0.1021 0.0976 
         167  1 0.0903 0.1013 0.0973 0.0982 0.1079 0.0913 0.1004 0.0946 0.1022 0.1165 
         168  1 0.0975 0.0983 0.0972 0.1019 0.1034 0.1008 0.1010 0.0960 0.1009 0.1029 
         169  1 0.1041 0.0989 0.1063 0.1026 0.0973 0.1015 0.0990 0.0999 0.0983 0.0921 
         170  1 0.0965 0.1012 0.1000 0.1010 0.1009 0.0962 0.1010 0.0960 0.1008 0.1065 
         171  1 0.1209 0.0964 0.1046 0.0895 0.0885 0.1076 0.0944 0.1192 0.0930 0.0858 
         172  1 0.1043 0.0999 0.1011 0.0981 0.0984 0.0985 0.1000 0.0999 0.1003 0.0994 
         173  1 0.1079 0.1006 0.1005 0.0985 0.0965 0.1007 0.0973 0.1099 0.0953 0.0929 
         174  1 0.0971 0.0976 0.0991 0.1017 0.1023 0.0955 0.1003 0.0990 0.1020 0.1054 
         175  1 0.0982 0.0999 0.0990 0.0962 0.1019 0.0991 0.1001 0.0970 0.1009 0.1078 
         176  1 0.1001 0.0973 0.1072 0.1060 0.0933 0.0996 0.1050 0.1000 0.1015 0.0900 
         177  1 0.1054 0.1049 0.1034 0.0981 0.0933 0.1047 0.0998 0.1049 0.0973 0.0882 
         178  1 0.1117 0.1001 0.1036 0.0956 0.0926 0.1065 0.0972 0.1109 0.0935 0.0883 
         179  1 0.0946 0.0989 0.1011 0.1058 0.1010 0.0952 0.1006 0.0998 0.1010 0.1020 
         180  1 0.0957 0.1001 0.0946 0.1014 0.1031 0.1003 0.1019 0.0963 0.1022 0.1044 
         181  1 0.0996 0.0983 0.1047 0.1058 0.0980 0.1015 0.0993 0.1001 0.0981 0.0944 
         182  1 0.0952 0.1017 0.0974 0.0992 0.1043 0.0993 0.0981 0.0981 0.1030 0.1037 
         183  1 0.0976 0.0994 0.0993 0.1034 0.0989 0.1020 0.1050 0.0976 0.1009 0.0957 
         184  1 0.1070 0.1008 0.0986 0.0929 0.0974 0.1071 0.0985 0.1063 0.0973 0.0941 
         185  1 0.1149 0.0969 0.0967 0.0935 0.0955 0.1035 0.0963 0.1096 0.1007 0.0924 
         186  1 0.1025 0.1001 0.0985 0.0973 0.1014 0.1038 0.1001 0.1005 0.0985 0.0974 
         187  1 0.1048 0.1000 0.1011 0.0990 0.0968 0.1010 0.1013 0.1026 0.0994 0.0941 
         188  1 0.1182 0.0990 0.1036 0.0927 0.0937 0.1056 0.0926 0.1133 0.0924 0.0888 
         189  1 0.0986 0.0977 0.0999 0.1019 0.0976 0.1040 0.1013 0.0993 0.1025 0.0972 
         190  1 0.0948 0.0997 0.1005 0.1053 0.1024 0.1035 0.1016 0.0921 0.1001 0.1000 
         191  1 0.1005 0.0976 0.0975 0.0996 0.1004 0.1063 0.1009 0.0970 0.1017 0.0985 
         192  1 0.0977 0.0994 0.0967 0.1010 0.1010 0.0995 0.1030 0.0983 0.1011 0.1023 
         193  1 0.0969 0.0957 0.1034 0.1052 0.0980 0.0979 0.1028 0.0974 0.1047 0.0980 
         194  1 0.0933 0.1005 0.0989 0.1019 0.1047 0.0953 0.1013 0.0938 0.1024 0.1077 
         195  1 0.0963 0.0983 0.1150 0.1135 0.1012 0.0952 0.0965 0.0923 0.0952 0.0966 
         196  1 0.0960 0.0993 0.0972 0.0951 0.1066 0.0949 0.0995 0.0942 0.1030 0.1143 
         197  1 0.0957 0.1012 0.0952 0.1009 0.0968 0.1057 0.1048 0.0988 0.1056 0.0953 
         198  1 0.0948 0.0965 0.1027 0.1045 0.0989 0.0962 0.1032 0.0991 0.1046 0.0995 
         199  1 0.0964 0.0992 0.1044 0.1080 0.0994 0.1007 0.1023 0.0960 0.0983 0.0953 
         200  1 0.1071 0.1014 0.1007 0.1011 0.0979 0.0993 0.1002 0.1035 0.0962 0.0925 
         201  1 0.0951 0.1002 0.0948 0.0967 0.1041 0.0991 0.1013 0.0952 0.1030 0.1106 
         202  1 0.1059 0.0986 0.1023 0.1014 0.0973 0.0995 0.0983 0.1040 0.0982 0.0946 
         203  1 0.0992 0.1006 0.1107 0.1054 0.0989 0.0982 0.0970 0.0975 0.0959 0.0967 
         204  1 0.0974 0.1011 0.0989 0.0981 0.0993 0.1028 0.1029 0.0969 0.1039 0.0987 
         205  1 0.0944 0.1000 0.0955 0.0997 0.1010 0.1018 0.1054 0.0958 0.1058 0.1005 
         206  1 0.0993 0.1024 0.0972 0.1001 0.1021 0.0981 0.1007 0.1000 0.0996 0.1005 
         207  1 0.0975 0.0983 0.0983 0.1019 0.0996 0.1022 0.1034 0.0971 0.1019 0.0999 
         208  1 0.0999 0.1008 0.0996 0.1026 0.0998 0.1038 0.1020 0.0966 0.0978 0.0971 
         209  1 0.0973 0.1024 0.0952 0.0972 0.1036 0.0976 0.1002 0.0988 0.1008 0.1069 
         210  1 0.1027 0.0978 0.1008 0.1032 0.0965 0.1029 0.1012 0.1003 0.0994 0.0951 
         211  1 0.1096 0.0996 0.1011 0.0961 0.0979 0.1029 0.0988 0.1045 0.0966 0.0930 
         212  1 0.0929 0.1004 0.1010 0.0996 0.1097 0.0916 0.0999 0.0930 0.1025 0.1093 
         213  1 0.0989 0.0998 0.1010 0.1028 0.0968 0.1045 0.1016 0.0987 0.1004 0.0955 
         214  1 0.1032 0.1014 0.0986 0.0962 0.1031 0.0986 0.0990 0.1018 0.0995 0.0986 
         215  1 0.1155 0.0973 0.0953 0.0925 0.0960 0.0998 0.0966 0.1126 0.0999 0.0945 
         216  1 0.0918 0.1016 0.0994 0.0980 0.1061 0.0908 0.0992 0.0954 0.1043 0.1134 
         217  1 0.0990 0.1015 0.1054 0.1051 0.0961 0.1020 0.0999 0.1007 0.0991 0.0913 
         218  1 0.1028 0.0985 0.1018 0.0999 0.0999 0.0997 0.0988 0.1024 0.0993 0.0969 
         219  1 0.0890 0.1000 0.0961 0.0918 0.1069 0.0930 0.1025 0.0923 0.1040 0.1244 
         220  1 0.0966 0.1018 0.1045 0.1037 0.1005 0.0957 0.0985 0.1000 0.0987 0.0999 
         221  1 0.1054 0.0978 0.0964 0.0965 0.0988 0.0994 0.0987 0.1058 0.1003 0.1009 
         222  1 0.1012 0.0977 0.0996 0.1024 0.0981 0.0999 0.1009 0.0994 0.1021 0.0987 
         223  1 0.1011 0.1032 0.1029 0.1029 0.0990 0.1027 0.0993 0.1006 0.0956 0.0927 
         224  1 0.0967 0.1053 0.1012 0.0995 0.0981 0.1002 0.1009 0.1006 0.1012 0.0964 
         225  1 0.0970 0.1004 0.0962 0.1009 0.1028 0.0983 0.1009 0.0971 0.1031 0.1032 
         226  1 0.0918 0.0999 0.0938 0.0956 0.1076 0.0947 0.1002 0.0946 0.1066 0.1151 
         227  1 0.0982 0.1015 0.0989 0.0993 0.1000 0.1003 0.1006 0.1000 0.1010 0.1002 
         228  1 0.0992 0.1012 0.1076 0.1058 0.0952 0.0981 0.1019 0.0985 0.0985 0.0941 
         229  1 0.1002 0.0973 0.0940 0.1026 0.0988 0.1040 0.1063 0.1007 0.1012 0.0950 
         230  1 0.1011 0.1003 0.0971 0.0949 0.1033 0.0973 0.0994 0.1022 0.1009 0.1035 
         231  1 0.0961 0.1018 0.0972 0.0989 0.1017 0.0966 0.0996 0.0974 0.1022 0.1084 
         232  1 0.1121 0.0998 0.1030 0.0978 0.0948 0.1024 0.0948 0.1107 0.0938 0.0908 
         233  1 0.0931 0.0979 0.1091 0.1094 0.1017 0.0949 0.0990 0.0928 0.1004 0.1018 
         234  1 0.1002 0.1040 0.1015 0.1012 0.0980 0.1053 0.0998 0.1006 0.0957 0.0936 
         235  1 0.0962 0.0967 0.1078 0.1066 0.0916 0.1056 0.1067 0.0987 0.1006 0.0895 
         236  1 0.0917 0.1029 0.0963 0.1004 0.1069 0.0930 0.1015 0.0940 0.1043 0.1089 
         237  1 0.0993 0.1010 0.1077 0.1081 0.0960 0.1023 0.1003 0.0976 0.0987 0.0888 
         238  1 0.1016 0.1019 0.1000 0.0984 0.0959 0.1032 0.1008 0.1055 0.0992 0.0936 
         239  1 0.1010 0.0990 0.1031 0.1047 0.0963 0.1004 0.1033 0.0987 0.1013 0.0922 
         240  1 0.0926 0.1009 0.0984 0.0981 0.1068 0.0932 0.1001 0.0935 0.1030 0.1136 
         241  1 0.0965 0.0976 0.0987 0.0980 0.1050 0.0994 0.1005 0.0961 0.1021 0.1060 
         242  1 0.0990 0.0975 0.1061 0.1108 0.0957 0.1031 0.1023 0.0973 0.0974 0.0908 
         243  1 0.1014 0.1046 0.1039 0.1079 0.0961 0.1003 0.1022 0.0970 0.0969 0.0895 
         244  1 0.1003 0.1020 0.1020 0.0995 0.0993 0.0987 0.0976 0.1008 0.0992 0.1005 
         245  1 0.1086 0.0970 0.0992 0.0941 0.0973 0.1022 0.0976 0.1071 0.0988 0.0982 
         246  1 0.0982 0.0962 0.0986 0.1002 0.1015 0.0987 0.0999 0.1011 0.1010 0.1046 
         247  1 0.0938 0.1004 0.0968 0.0961 0.1020 0.0986 0.1021 0.0974 0.1016 0.1113 
         248  1 0.0999 0.0991 0.1037 0.1030 0.0971 0.1020 0.1024 0.0953 0.0991 0.0983 
         249  1 0.0979 0.1011 0.0972 0.0989 0.1037 0.0999 0.0975 0.0981 0.0994 0.1064 
         250  1 0.0984 0.0988 0.0978 0.0961 0.1026 0.0990 0.0983 0.1008 0.1015 0.1067 
         251  1 0.0987 0.0982 0.0971 0.0989 0.1012 0.0979 0.1010 0.0999 0.1033 0.1038 
         252  1 0.1004 0.0990 0.1018 0.0986 0.1025 0.0963 0.0993 0.1027 0.0986 0.1009 
         253  1 0.1021 0.0999 0.1000 0.1001 0.0989 0.1076 0.0994 0.0984 0.0981 0.0956 
         254  1 0.1040 0.0996 0.0988 0.0999 0.0999 0.0996 0.0987 0.1043 0.0988 0.0965 
         255  1 0.1132 0.0970 0.0958 0.0901 0.0963 0.1020 0.0971 0.1110 0.0989 0.0987 
         256  1 0.0984 0.0973 0.0924 0.0950 0.1033 0.0977 0.1014 0.1009 0.1035 0.1100 
         257  1 0.1037 0.1010 0.1070 0.0972 0.0980 0.1015 0.0949 0.1048 0.0967 0.0954 
         258  1 0.1011 0.0978 0.0958 0.0928 0.1040 0.0970 0.0993 0.1026 0.1013 0.1082 
         259  1 0.1023 0.1002 0.0992 0.0994 0.0982 0.1010 0.0998 0.1025 0.0987 0.0987 
         260  1 0.0939 0.0989 0.1006 0.1008 0.1019 0.0984 0.1045 0.0936 0.1038 0.1036 
         261  1 0.0944 0.0970 0.1029 0.1070 0.0982 0.1010 0.1016 0.0970 0.1030 0.0980 
         262  1 0.1257 0.0956 0.1049 0.0848 0.0878 0.1081 0.0917 0.1245 0.0902 0.0868 
         263  1 0.1067 0.1001 0.0997 0.0989 0.0949 0.1022 0.0999 0.1036 0.0998 0.0942 
         264  1 0.0997 0.1009 0.1022 0.1043 0.0969 0.1034 0.1022 0.0977 0.0975 0.0953 
         265  1 0.0975 0.1008 0.1022 0.1034 0.1001 0.0992 0.1005 0.0975 0.0993 0.0993 
         266  1 0.0976 0.0995 0.1046 0.1032 0.0989 0.0987 0.1002 0.0981 0.0981 0.1011 
         267  1 0.0988 0.1018 0.0981 0.1012 0.1017 0.0993 0.1027 0.0957 0.1014 0.0992 
         268  1 0.0974 0.0974 0.0959 0.0966 0.1014 0.0972 0.1003 0.1018 0.1035 0.1084 
         269  1 0.0902 0.1018 0.0949 0.0958 0.1077 0.0960 0.1015 0.0943 0.1035 0.1143 
         270  1 0.0959 0.1007 0.0968 0.0990 0.1055 0.0976 0.1012 0.0981 0.1014 0.1038 
         271  1 0.0965 0.0998 0.1036 0.1037 0.1029 0.0969 0.0981 0.0945 0.1007 0.1032 
         272  1 0.0891 0.0996 0.0943 0.0951 0.1079 0.0939 0.1030 0.0948 0.1062 0.1162 
         273  1 0.1217 0.0984 0.1041 0.0937 0.0918 0.1052 0.0943 0.1138 0.0919 0.0850 
         274  1 0.0999 0.0989 0.1053 0.1074 0.0940 0.1067 0.1038 0.0988 0.0976 0.0876 
         275  1 0.1054 0.0975 0.1023 0.1006 0.0969 0.1024 0.1003 0.1045 0.0973 0.0928 
         276  1 0.1030 0.0965 0.0999 0.1020 0.0960 0.1096 0.1010 0.1006 0.1010 0.0905 
         277  1 0.1059 0.1027 0.0986 0.0993 0.0998 0.0996 0.0991 0.1042 0.0975 0.0934 
         278  1 0.1018 0.1000 0.1082 0.1088 0.0952 0.1023 0.1005 0.0984 0.0946 0.0900 
         279  1 0.1087 0.1008 0.0986 0.0943 0.0942 0.1040 0.0998 0.1058 0.1003 0.0935 
         280  1 0.1087 0.0952 0.0960 0.0958 0.0973 0.0974 0.0978 0.1070 0.1012 0.1035 
         281  1 0.1014 0.1001 0.1010 0.1028 0.0981 0.1000 0.1023 0.1013 0.0998 0.0933 
         282  1 0.1000 0.0989 0.0968 0.0994 0.1015 0.0985 0.1012 0.1004 0.1000 0.1034 
         283  1 0.1062 0.1021 0.1050 0.0993 0.0961 0.1006 0.0984 0.1050 0.0981 0.0893 
         284  1 0.1089 0.0999 0.0978 0.0958 0.0998 0.0999 0.0950 0.1079 0.0972 0.0979 
         285  1 0.0949 0.0990 0.0916 0.0936 0.1080 0.0930 0.0988 0.0965 0.1057 0.1187 
         286  1 0.0974 0.0975 0.1033 0.1041 0.1023 0.0977 0.1014 0.0972 0.1018 0.0974 
         287  1 0.0918 0.0988 0.0989 0.1001 0.1022 0.0952 0.1028 0.0973 0.1068 0.1061 
         288  1 0.0906 0.0967 0.1014 0.1030 0.1049 0.0952 0.1042 0.0925 0.1033 0.1081 
         289  1 0.0991 0.1012 0.0986 0.0970 0.1038 0.0970 0.0993 0.1006 0.1005 0.1030 
         290  1 0.1065 0.1004 0.1071 0.1029 0.0969 0.1022 0.0951 0.1039 0.0940 0.0909 
         291  1 0.1059 0.1009 0.1037 0.1020 0.0984 0.1028 0.0978 0.1018 0.0966 0.0902 
         292  1 0.0969 0.0981 0.1023 0.1044 0.0968 0.1041 0.1042 0.0970 0.1015 0.0946 
         293  1 0.0912 0.1002 0.0976 0.0951 0.1028 0.0972 0.1025 0.0964 0.1088 0.1082 
         294  1 0.1127 0.1010 0.0998 0.0990 0.0949 0.1021 0.0968 0.1076 0.0961 0.0900 
         295  1 0.0984 0.1003 0.1022 0.0986 0.1016 0.1016 0.1004 0.0974 0.0984 0.1011 
         296  1 0.0964 0.0987 0.0955 0.0973 0.1047 0.0980 0.1012 0.0984 0.1026 0.1073 
         297  1 0.0947 0.0998 0.0961 0.0952 0.1034 0.0975 0.1012 0.0968 0.1048 0.1104 
         298  1 0.0915 0.0998 0.0935 0.0944 0.1077 0.0958 0.1008 0.0948 0.1056 0.1160 
         299  1 0.1087 0.1021 0.1030 0.0982 0.0956 0.1034 0.0958 0.1081 0.0950 0.0902 
         300  1 0.1095 0.1020 0.1019 0.0961 0.0942 0.1060 0.0957 0.1085 0.0953 0.0908 
