           1  1 0.1051 0.0956 0.0991 0.1027 0.0992 0.1001 0.1007 0.0926 0.1027 0.1022 
           2  1 0.1099 0.0972 0.0993 0.0943 0.0927 0.1086 0.1011 0.0892 0.1073 0.1004 
           3  1 0.0992 0.0993 0.0999 0.1031 0.1026 0.0941 0.0983 0.1012 0.1002 0.1021 
           4  1 0.0919 0.1145 0.0953 0.0998 0.0982 0.0998 0.0986 0.1106 0.0928 0.0985 
           5  1 0.1014 0.0966 0.1022 0.0985 0.1008 0.0997 0.0989 0.0979 0.0996 0.1043 
           6  1 0.0972 0.1036 0.1012 0.0968 0.0991 0.1054 0.1000 0.0975 0.1008 0.0983 
           7  1 0.1031 0.1036 0.0973 0.0941 0.0942 0.1064 0.1035 0.0937 0.1060 0.0980 
           8  1 0.1088 0.0979 0.0972 0.0955 0.0934 0.1047 0.1026 0.0933 0.1076 0.0991 
           9  1 0.0907 0.1050 0.1004 0.1033 0.1060 0.0960 0.0975 0.1088 0.0928 0.0995 
          10  1 0.0939 0.1036 0.1025 0.0990 0.1042 0.0989 0.0967 0.1035 0.0960 0.1016 
          11  1 0.1028 0.0925 0.1038 0.1029 0.1033 0.0998 0.1002 0.0903 0.1038 0.1007 
          12  1 0.0991 0.1009 0.0970 0.1007 0.0997 0.0984 0.1031 0.1078 0.0946 0.0986 
          13  1 0.0872 0.1048 0.1018 0.1047 0.1068 0.0936 0.0965 0.1177 0.0884 0.0984 
          14  1 0.0902 0.1059 0.0999 0.1002 0.1001 0.1000 0.1003 0.1092 0.0968 0.0974 
          15  1 0.1029 0.0972 0.1015 0.1017 0.0985 0.0995 0.0992 0.1001 0.1007 0.0988 
          16  1 0.0988 0.0986 0.0991 0.0985 0.1006 0.1049 0.1009 0.0994 0.0999 0.0992 
          17  1 0.0945 0.1031 0.1020 0.1002 0.1016 0.0978 0.0998 0.1050 0.0958 0.1002 
          18  1 0.0970 0.1056 0.0982 0.0975 0.1002 0.0996 0.1006 0.1004 0.0979 0.1030 
          19  1 0.0984 0.1001 0.1004 0.1001 0.1031 0.1000 0.0972 0.1017 0.0980 0.1010 
          20  1 0.0957 0.1036 0.0997 0.0969 0.1009 0.0997 0.0998 0.1037 0.0989 0.1011 
          21  1 0.1029 0.0951 0.1012 0.0981 0.0997 0.1000 0.0990 0.0962 0.1033 0.1046 
          22  1 0.0934 0.1031 0.1008 0.1011 0.1028 0.0987 0.0977 0.1069 0.0956 0.0999 
          23  1 0.1059 0.1056 0.0975 0.0971 0.0949 0.1021 0.0998 0.0924 0.1017 0.1031 
          24  1 0.0982 0.1053 0.0988 0.0965 0.0987 0.1037 0.0989 0.1004 0.0998 0.0997 
          25  1 0.1010 0.1006 0.0985 0.0984 0.1017 0.0991 0.0999 0.0997 0.1016 0.0995 
          26  1 0.0983 0.0995 0.1001 0.1015 0.0993 0.1009 0.1011 0.1027 0.0985 0.0980 
          27  1 0.0961 0.1062 0.0968 0.1011 0.0977 0.1005 0.0987 0.1045 0.0985 0.0999 
          28  1 0.1013 0.0990 0.1018 0.0985 0.0995 0.1006 0.0998 0.0996 0.0988 0.1011 
          29  1 0.0967 0.0989 0.1026 0.0991 0.1030 0.0991 0.0983 0.0996 0.0997 0.1030 
          30  1 0.0966 0.0976 0.1004 0.1037 0.1015 0.0982 0.1001 0.1041 0.0980 0.0998 
          31  1 0.1209 0.0923 0.0930 0.0937 0.0886 0.1073 0.1139 0.0847 0.1124 0.0932 
          32  1 0.0968 0.1001 0.1026 0.0988 0.1041 0.1004 0.0964 0.1008 0.0996 0.1003 
          33  1 0.1049 0.0923 0.0958 0.0977 0.0977 0.1056 0.1156 0.0943 0.1029 0.0931 
          34  1 0.1021 0.1006 0.0996 0.0980 0.0987 0.1033 0.1013 0.0988 0.0975 0.1001 
          35  1 0.0938 0.1117 0.0960 0.1021 0.0990 0.1000 0.1000 0.1071 0.0927 0.0976 
          36  1 0.1047 0.0955 0.1010 0.1001 0.1015 0.0990 0.0995 0.0949 0.1053 0.0985 
          37  1 0.1173 0.0891 0.0985 0.0939 0.0888 0.1072 0.1132 0.0843 0.1094 0.0983 
          38  1 0.1002 0.0994 0.1001 0.1008 0.0982 0.0994 0.1017 0.0997 0.1019 0.0987 
          39  1 0.0987 0.0999 0.0982 0.1015 0.1001 0.0974 0.1025 0.1032 0.0989 0.0997 
          40  1 0.1006 0.1039 0.1003 0.0976 0.1007 0.1019 0.0975 0.0971 0.1017 0.0987 
          41  1 0.1000 0.0989 0.1030 0.0984 0.0993 0.1060 0.0996 0.0980 0.0987 0.0982 
          42  1 0.0935 0.1023 0.0980 0.1035 0.1075 0.0948 0.0978 0.1103 0.0925 0.0997 
          43  1 0.0947 0.1023 0.1025 0.1004 0.1038 0.0969 0.0981 0.1049 0.0947 0.1016 
          44  1 0.1004 0.0970 0.1002 0.1009 0.1040 0.0988 0.0979 0.0976 0.1006 0.1026 
          45  1 0.1011 0.0976 0.0998 0.1029 0.1034 0.0985 0.0978 0.0961 0.1005 0.1023 
          46  1 0.0973 0.1006 0.1005 0.0996 0.0991 0.0998 0.0989 0.1039 0.0985 0.1018 
          47  1 0.1059 0.0971 0.1029 0.0967 0.0958 0.1019 0.0971 0.0925 0.1092 0.1008 
          48  1 0.1054 0.0940 0.1018 0.0988 0.0994 0.1014 0.1031 0.0960 0.0996 0.1004 
          49  1 0.0937 0.1015 0.1003 0.1000 0.1031 0.0966 0.1026 0.1062 0.0960 0.1001 
          50  1 0.0987 0.0960 0.1042 0.1028 0.1032 0.0995 0.0971 0.0915 0.1052 0.1018 
          51  1 0.0910 0.1029 0.0984 0.1025 0.1018 0.0954 0.0981 0.1177 0.0943 0.0980 
          52  1 0.1009 0.1003 0.1003 0.0989 0.1001 0.0976 0.0971 0.1027 0.1006 0.1015 
          53  1 0.1007 0.1100 0.0963 0.0970 0.0947 0.1030 0.0998 0.0971 0.0991 0.1024 
          54  1 0.1020 0.0999 0.0994 0.1000 0.0980 0.0977 0.0982 0.0972 0.1041 0.1033 
          55  1 0.1007 0.1045 0.0963 0.0983 0.0966 0.1023 0.1020 0.0996 0.1018 0.0980 
          56  1 0.1030 0.1041 0.0960 0.0983 0.0963 0.1027 0.0993 0.0962 0.1026 0.1015 
          57  1 0.1011 0.1008 0.1021 0.0993 0.0986 0.1007 0.0980 0.0955 0.1023 0.1016 
          58  1 0.0962 0.1103 0.0971 0.0982 0.0965 0.1039 0.0993 0.0986 0.1012 0.0987 
          59  1 0.1014 0.0968 0.1021 0.0984 0.0995 0.1033 0.1002 0.0957 0.1005 0.1021 
          60  1 0.1036 0.0953 0.0997 0.0993 0.1032 0.1021 0.0986 0.0944 0.1004 0.1035 
          61  1 0.0993 0.1010 0.0998 0.1044 0.0984 0.0961 0.0987 0.1037 0.0985 0.1000 
          62  1 0.1026 0.0973 0.0995 0.0994 0.1001 0.1038 0.0996 0.0998 0.0993 0.0984 
          63  1 0.1037 0.0960 0.1006 0.1004 0.0984 0.1026 0.0990 0.0999 0.0998 0.0997 
          64  1 0.1056 0.0922 0.1008 0.1065 0.1051 0.0955 0.0973 0.0874 0.1053 0.1043 
          65  1 0.1004 0.0992 0.0999 0.0983 0.0994 0.1009 0.0985 0.1005 0.1005 0.1023 
          66  1 0.1037 0.0981 0.0997 0.0973 0.0977 0.1010 0.1052 0.0980 0.1022 0.0971 
          67  1 0.0966 0.1005 0.1004 0.0987 0.1021 0.0991 0.0996 0.1028 0.0990 0.1012 
          68  1 0.1009 0.0976 0.1012 0.1009 0.1035 0.0965 0.0978 0.0997 0.1005 0.1014 
          69  1 0.1048 0.0977 0.0994 0.0985 0.0957 0.1017 0.1044 0.0992 0.0997 0.0990 
          70  1 0.1013 0.1010 0.0997 0.1024 0.0975 0.0981 0.0984 0.0960 0.1045 0.1010 
          71  1 0.1012 0.0992 0.1010 0.0989 0.0995 0.0992 0.1009 0.0961 0.1039 0.1001 
          72  1 0.0976 0.0995 0.1001 0.1025 0.1014 0.0968 0.1009 0.1045 0.0966 0.1000 
          73  1 0.1036 0.0987 0.1023 0.0993 0.0977 0.1023 0.0969 0.0960 0.1026 0.1007 
          74  1 0.1045 0.0971 0.0994 0.1010 0.0966 0.0997 0.1016 0.0975 0.1056 0.0969 
          75  1 0.1019 0.0999 0.0989 0.1034 0.1058 0.0960 0.0962 0.0991 0.0988 0.1000 
          76  1 0.1026 0.1028 0.0966 0.0993 0.0993 0.1005 0.1004 0.0929 0.1048 0.1007 
          77  1 0.1045 0.0938 0.0995 0.1009 0.0956 0.1017 0.1049 0.0963 0.1013 0.1014 
          78  1 0.1029 0.0975 0.1011 0.0975 0.0975 0.1033 0.1015 0.0923 0.1050 0.1014 
          79  1 0.0967 0.1019 0.1016 0.1026 0.1036 0.0972 0.0955 0.1013 0.0978 0.1017 
          80  1 0.0885 0.1041 0.0999 0.1016 0.1039 0.0980 0.0983 0.1167 0.0910 0.0980 
          81  1 0.1051 0.0979 0.0974 0.1029 0.1018 0.0962 0.0998 0.0961 0.1006 0.1022 
          82  1 0.1088 0.0958 0.0990 0.0942 0.0965 0.1056 0.1032 0.0891 0.1104 0.0973 
          83  1 0.1018 0.0962 0.1024 0.0988 0.1010 0.1035 0.0963 0.0960 0.1016 0.1023 
          84  1 0.0933 0.1067 0.1011 0.0981 0.1002 0.1024 0.0986 0.1036 0.0961 0.0999 
          85  1 0.1031 0.0984 0.1016 0.0989 0.0963 0.1012 0.0995 0.0946 0.1044 0.1020 
          86  1 0.0962 0.0997 0.1020 0.1006 0.1040 0.1001 0.0991 0.0989 0.0990 0.1004 
          87  1 0.1007 0.0976 0.1008 0.1006 0.1043 0.0967 0.0959 0.0965 0.1040 0.1029 
          88  1 0.0976 0.1048 0.1002 0.1004 0.1010 0.0969 0.0975 0.1022 0.1018 0.0976 
          89  1 0.0963 0.0992 0.1022 0.1019 0.1042 0.0967 0.0990 0.1037 0.0994 0.0975 
          90  1 0.0988 0.0995 0.1018 0.0999 0.1031 0.1012 0.0970 0.1019 0.0992 0.0977 
          91  1 0.1027 0.0965 0.0980 0.1041 0.1026 0.0971 0.0973 0.0951 0.1037 0.1029 
          92  1 0.1048 0.0969 0.0995 0.1001 0.0993 0.1012 0.0992 0.0980 0.1004 0.1004 
          93  1 0.0999 0.0970 0.1003 0.0999 0.1027 0.1024 0.0992 0.0992 0.1008 0.0987 
          94  1 0.1011 0.0943 0.1008 0.1016 0.1038 0.1020 0.1026 0.0924 0.1016 0.0998 
          95  1 0.1063 0.0976 0.0989 0.1004 0.0970 0.1005 0.0979 0.0966 0.1035 0.1013 
          96  1 0.0970 0.1015 0.0989 0.1022 0.1017 0.0972 0.0974 0.1086 0.0943 0.1014 
          97  1 0.0945 0.1015 0.1008 0.1004 0.1035 0.0965 0.0974 0.1068 0.0963 0.1025 
          98  1 0.0988 0.1043 0.1015 0.0990 0.0994 0.0984 0.0972 0.1044 0.0961 0.1011 
          99  1 0.0960 0.1028 0.1012 0.0995 0.1019 0.1017 0.0969 0.1025 0.0973 0.1002 
         100  1 0.0985 0.0998 0.1039 0.0982 0.1011 0.1025 0.0958 0.0986 0.0992 0.1024 
         101  1 0.1007 0.1050 0.0998 0.0959 0.0979 0.1017 0.1001 0.0971 0.1021 0.0996 
         102  1 0.1071 0.0987 0.0985 0.0970 0.0944 0.1047 0.1042 0.0927 0.1032 0.0994 
         103  1 0.0955 0.1019 0.1001 0.1016 0.0983 0.0987 0.0982 0.1122 0.0950 0.0985 
         104  1 0.1007 0.0989 0.1055 0.0975 0.0987 0.1006 0.0997 0.0980 0.1012 0.0993 
         105  1 0.1070 0.0927 0.1025 0.0990 0.0987 0.1001 0.1015 0.0918 0.1050 0.1016 
         106  1 0.0999 0.1056 0.0971 0.0998 0.0966 0.1003 0.0997 0.1014 0.0979 0.1017 
         107  1 0.0949 0.1019 0.1042 0.0998 0.1004 0.0985 0.0962 0.1078 0.0969 0.0994 
         108  1 0.1012 0.1002 0.0993 0.0988 0.0999 0.0988 0.0999 0.0995 0.1006 0.1018 
         109  1 0.0947 0.1009 0.1012 0.1018 0.1048 0.0986 0.0965 0.1068 0.0937 0.1008 
         110  1 0.1006 0.0966 0.1006 0.1029 0.1038 0.0974 0.0985 0.0989 0.0993 0.1014 
         111  1 0.1010 0.1007 0.0997 0.0984 0.0998 0.0978 0.0957 0.1032 0.1023 0.1014 
         112  1 0.0982 0.1026 0.0990 0.0988 0.1007 0.0987 0.0993 0.1031 0.0983 0.1012 
         113  1 0.0894 0.1037 0.1040 0.1026 0.1021 0.0937 0.0922 0.1227 0.0905 0.0992 
         114  1 0.1009 0.0996 0.1010 0.1002 0.0982 0.0991 0.0977 0.1016 0.1004 0.1013 
         115  1 0.0928 0.1021 0.0999 0.1041 0.1040 0.0939 0.0965 0.1078 0.0976 0.1013 
         116  1 0.0950 0.1047 0.1007 0.1003 0.0988 0.0994 0.1008 0.1032 0.0968 0.1003 
         117  1 0.1067 0.0974 0.0979 0.1004 0.0975 0.1018 0.1025 0.0951 0.1019 0.0988 
         118  1 0.1002 0.0982 0.1055 0.0983 0.1010 0.0998 0.0959 0.0963 0.1039 0.1010 
         119  1 0.1055 0.1020 0.0975 0.1010 0.0974 0.0990 0.0988 0.0934 0.1034 0.1020 
         120  1 0.0987 0.1062 0.0968 0.1021 0.0996 0.0971 0.0990 0.1020 0.0986 0.0999 
         121  1 0.0972 0.1046 0.0992 0.1011 0.0987 0.0981 0.0991 0.1072 0.0968 0.0979 
         122  1 0.1066 0.1053 0.0968 0.0945 0.0909 0.1027 0.1038 0.0962 0.1074 0.0958 
         123  1 0.0988 0.0994 0.1027 0.1031 0.1054 0.0982 0.0968 0.0957 0.0995 0.1005 
         124  1 0.1024 0.0957 0.1000 0.0993 0.0989 0.1024 0.1028 0.1012 0.0994 0.0979 
         125  1 0.1026 0.1028 0.0988 0.0976 0.0959 0.0994 0.1002 0.0957 0.1066 0.1004 
         126  1 0.0974 0.1019 0.1004 0.0981 0.0994 0.1041 0.0997 0.0989 0.1011 0.0989 
         127  1 0.1008 0.0982 0.1027 0.0969 0.0993 0.1046 0.0983 0.0988 0.1021 0.0982 
         128  1 0.0938 0.1071 0.0987 0.1002 0.0998 0.0991 0.0992 0.1069 0.0926 0.1025 
         129  1 0.1004 0.1005 0.0996 0.0982 0.0985 0.0978 0.1015 0.1051 0.0969 0.1014 
         130  1 0.0971 0.1012 0.0986 0.1021 0.1030 0.1005 0.1016 0.0998 0.0989 0.0973 
         131  1 0.1075 0.0980 0.0962 0.1007 0.0979 0.0995 0.1016 0.0918 0.1075 0.0994 
         132  1 0.1049 0.0954 0.0992 0.0995 0.1002 0.1011 0.1034 0.0945 0.1016 0.1003 
         133  1 0.1030 0.0945 0.1009 0.0976 0.1014 0.1031 0.1040 0.0941 0.1047 0.0967 
         134  1 0.1035 0.0976 0.0971 0.0972 0.0985 0.1055 0.1043 0.0965 0.1039 0.0960 
         135  1 0.1003 0.1053 0.1003 0.1007 0.0961 0.0971 0.0980 0.1025 0.1006 0.0992 
         136  1 0.1029 0.0997 0.0989 0.1004 0.0987 0.0986 0.1028 0.0996 0.0994 0.0990 
         137  1 0.0993 0.0953 0.1003 0.1007 0.1044 0.0989 0.1019 0.1009 0.0974 0.1009 
         138  1 0.0935 0.1023 0.0996 0.1005 0.1016 0.0975 0.0981 0.1102 0.0970 0.0999 
         139  1 0.1065 0.0972 0.0984 0.1046 0.0958 0.0982 0.1014 0.0954 0.1032 0.0993 
         140  1 0.1045 0.0996 0.1012 0.0975 0.0961 0.1022 0.0992 0.0931 0.1083 0.0982 
         141  1 0.1009 0.0994 0.1005 0.0995 0.1033 0.1011 0.0986 0.0996 0.0981 0.0990 
         142  1 0.1067 0.0980 0.0981 0.1011 0.0960 0.1002 0.1008 0.0938 0.1048 0.1004 
         143  1 0.0948 0.1055 0.0996 0.0993 0.1018 0.0996 0.0979 0.1067 0.0937 0.1011 
         144  1 0.1087 0.0950 0.1006 0.0950 0.0950 0.1046 0.1038 0.0931 0.1063 0.0979 
         145  1 0.0973 0.1065 0.0972 0.0976 0.0986 0.1020 0.0984 0.1063 0.0963 0.0998 
         146  1 0.0983 0.1081 0.0988 0.0951 0.0946 0.1072 0.1033 0.0956 0.0979 0.1011 
         147  1 0.0974 0.1022 0.1023 0.0987 0.0994 0.1020 0.0993 0.1006 0.0984 0.0997 
         148  1 0.0957 0.1044 0.1017 0.1001 0.1006 0.0975 0.0960 0.1100 0.0947 0.0991 
         149  1 0.1012 0.1068 0.0990 0.0964 0.0967 0.1060 0.1009 0.0971 0.0977 0.0983 
         150  1 0.0985 0.1008 0.1013 0.1007 0.0992 0.0999 0.1025 0.1002 0.0985 0.0985 
         151  1 0.1011 0.0963 0.1012 0.1007 0.1050 0.0992 0.0990 0.0991 0.0987 0.0996 
         152  1 0.1013 0.0965 0.1033 0.0986 0.1027 0.0995 0.0959 0.0971 0.1019 0.1032 
         153  1 0.1022 0.1014 0.1004 0.0985 0.0987 0.0983 0.0995 0.0970 0.1005 0.1036 
         154  1 0.0947 0.1019 0.1005 0.1055 0.1025 0.0963 0.0974 0.1047 0.0965 0.0999 
         155  1 0.0964 0.1009 0.1015 0.0988 0.1027 0.1027 0.0974 0.1031 0.0967 0.0998 
         156  1 0.1108 0.0908 0.0992 0.0943 0.0943 0.1056 0.1091 0.0891 0.1086 0.0982 
         157  1 0.1052 0.0971 0.0994 0.0994 0.1009 0.1033 0.0988 0.0913 0.1047 0.1000 
         158  1 0.1027 0.0949 0.1030 0.1001 0.1010 0.0989 0.0966 0.0978 0.0992 0.1060 
         159  1 0.1027 0.0987 0.1006 0.0987 0.1006 0.1035 0.0989 0.0963 0.1000 0.1000 
         160  1 0.1059 0.0976 0.0966 0.0996 0.0955 0.1035 0.1074 0.0950 0.1002 0.0987 
         161  1 0.0932 0.1077 0.0975 0.0999 0.1018 0.0991 0.0983 0.1057 0.0947 0.1021 
         162  1 0.0631 0.1139 0.0969 0.1104 0.1010 0.0791 0.0840 0.1897 0.0671 0.0949 
         163  1 0.1118 0.0909 0.0993 0.0987 0.0953 0.1029 0.1048 0.0878 0.1080 0.1003 
         164  1 0.0982 0.1023 0.1011 0.0994 0.1020 0.0979 0.0986 0.0989 0.1007 0.1009 
         165  1 0.1054 0.0957 0.0993 0.0995 0.0986 0.0991 0.0992 0.0935 0.1060 0.1037 
         166  1 0.0996 0.0984 0.1021 0.1004 0.1016 0.0997 0.0987 0.0991 0.1015 0.0990 
         167  1 0.0927 0.1044 0.1012 0.1032 0.1004 0.0945 0.0970 0.1150 0.0923 0.0994 
         168  1 0.0949 0.1045 0.1006 0.0968 0.1017 0.1014 0.0987 0.1035 0.0993 0.0986 
         169  1 0.1068 0.0990 0.0989 0.0960 0.0971 0.1031 0.1023 0.0923 0.1082 0.0962 
         170  1 0.0952 0.1054 0.0997 0.1005 0.0997 0.1029 0.0971 0.1040 0.0970 0.0985 
         171  1 0.1130 0.0905 0.0959 0.0962 0.0929 0.1081 0.1138 0.0896 0.1044 0.0955 
         172  1 0.1072 0.1011 0.0969 0.1031 0.0975 0.0991 0.0999 0.0982 0.0996 0.0973 
         173  1 0.1071 0.0983 0.0967 0.1008 0.0958 0.1040 0.1035 0.0944 0.1013 0.0980 
         174  1 0.0961 0.1049 0.0988 0.1001 0.1036 0.1009 0.0996 0.1032 0.0941 0.0985 
         175  1 0.0960 0.1025 0.0988 0.0998 0.1009 0.0980 0.1003 0.1070 0.0970 0.0997 
         176  1 0.0984 0.0954 0.1048 0.1054 0.1060 0.0985 0.0981 0.0917 0.1023 0.0993 
         177  1 0.1078 0.0912 0.1008 0.1031 0.0958 0.1000 0.1024 0.0895 0.1062 0.1031 
         178  1 0.1094 0.0965 0.0988 0.0971 0.0943 0.1033 0.1056 0.0906 0.1054 0.0990 
         179  1 0.0994 0.1022 0.0988 0.1002 0.1010 0.1009 0.0996 0.1009 0.0966 0.1004 
         180  1 0.0946 0.0982 0.1019 0.1019 0.1036 0.0963 0.0980 0.1047 0.0953 0.1054 
         181  1 0.1002 0.1021 0.0996 0.0981 0.0989 0.1029 0.1018 0.0949 0.1016 0.0998 
         182  1 0.0957 0.1018 0.1004 0.1007 0.1000 0.1017 0.0986 0.1032 0.0977 0.1002 
         183  1 0.0987 0.0991 0.1011 0.0999 0.1020 0.1001 0.0982 0.0984 0.1009 0.1016 
         184  1 0.1044 0.0963 0.1004 0.0980 0.0963 0.1024 0.1014 0.0972 0.1055 0.0978 
         185  1 0.1045 0.0954 0.0955 0.1002 0.0973 0.1031 0.1099 0.0936 0.1038 0.0968 
         186  1 0.1057 0.0980 0.1011 0.1003 0.0980 0.1003 0.0994 0.0962 0.1016 0.0993 
         187  1 0.1040 0.0972 0.1015 0.0985 0.1015 0.1037 0.0986 0.0944 0.1017 0.0987 
         188  1 0.1133 0.0948 0.0940 0.0977 0.0901 0.1026 0.1124 0.0897 0.1099 0.0954 
         189  1 0.0967 0.1013 0.1008 0.1014 0.1007 0.0991 0.0993 0.0992 0.1003 0.1011 
         190  1 0.0952 0.1086 0.1015 0.0969 0.0997 0.1027 0.0988 0.1018 0.0977 0.0972 
         191  1 0.0964 0.1009 0.1002 0.1001 0.0997 0.1030 0.1030 0.0993 0.0992 0.0980 
         192  1 0.0986 0.1001 0.1014 0.0994 0.1036 0.0981 0.0988 0.1008 0.1018 0.0973 
         193  1 0.0967 0.0962 0.1027 0.1020 0.1093 0.0977 0.0980 0.0975 0.0986 0.1013 
         194  1 0.0979 0.1014 0.1017 0.1021 0.1032 0.0967 0.0964 0.1044 0.0957 0.1004 
         195  1 0.0955 0.1157 0.0957 0.0946 0.0953 0.1087 0.1008 0.0968 0.0972 0.0996 
         196  1 0.0941 0.1064 0.0976 0.1024 0.1015 0.0961 0.0980 0.1118 0.0931 0.0991 
         197  1 0.0956 0.0999 0.1012 0.1041 0.1038 0.0982 0.0956 0.0972 0.1022 0.1023 
         198  1 0.0971 0.0971 0.1017 0.1050 0.1067 0.0943 0.0965 0.1002 0.0994 0.1019 
         199  1 0.0993 0.1006 0.0989 0.1000 0.1016 0.0986 0.0977 0.0966 0.1017 0.1050 
         200  1 0.1069 0.0969 0.1000 0.0971 0.0973 0.1057 0.0987 0.0936 0.1039 0.1000 
         201  1 0.0951 0.1028 0.1015 0.0999 0.1018 0.0996 0.0969 0.1075 0.0953 0.0997 
         202  1 0.1074 0.0973 0.0987 0.0967 0.0979 0.1029 0.1019 0.0934 0.1064 0.0976 
         203  1 0.1005 0.1070 0.0970 0.0994 0.0972 0.1014 0.0997 0.0968 0.1024 0.0985 
         204  1 0.0989 0.0980 0.1007 0.1038 0.1022 0.0985 0.0966 0.0993 0.1014 0.1006 
         205  1 0.0979 0.0986 0.0990 0.1037 0.1036 0.0976 0.0976 0.1024 0.0976 0.1021 
         206  1 0.1023 0.0985 0.0993 0.1008 0.0994 0.1004 0.0988 0.0985 0.1005 0.1015 
         207  1 0.0947 0.1005 0.1022 0.1042 0.1041 0.0989 0.0983 0.0997 0.0959 0.1014 
         208  1 0.1011 0.1014 0.1011 0.0969 0.0979 0.1035 0.0967 0.0980 0.1024 0.1011 
         209  1 0.0963 0.1010 0.1018 0.1022 0.0986 0.0967 0.0988 0.1058 0.0984 0.1005 
         210  1 0.1026 0.0988 0.1024 0.0972 0.1028 0.1018 0.0984 0.0955 0.1004 0.1001 
         211  1 0.1068 0.0952 0.1004 0.0978 0.0983 0.1015 0.1036 0.0942 0.1016 0.1006 
         212  1 0.0982 0.1060 0.0982 0.1034 0.0986 0.0960 0.0993 0.1061 0.0935 0.1005 
         213  1 0.0999 0.0979 0.1032 0.0997 0.1023 0.0985 0.0973 0.0983 0.1037 0.0992 
         214  1 0.1046 0.0969 0.0988 0.0986 0.0967 0.1027 0.1020 0.0987 0.1008 0.1003 
         215  1 0.1047 0.0932 0.0971 0.0985 0.1004 0.1036 0.1094 0.0957 0.1018 0.0957 
         216  1 0.0937 0.1043 0.0997 0.1017 0.1023 0.0983 0.0980 0.1101 0.0916 0.1003 
         217  1 0.1063 0.0994 0.0994 0.1016 0.0981 0.1009 0.1009 0.0913 0.1029 0.0992 
         218  1 0.1039 0.0986 0.0981 0.0984 0.0988 0.1005 0.1022 0.0967 0.1024 0.1003 
         219  1 0.0893 0.1032 0.1016 0.1033 0.1016 0.0928 0.0946 0.1239 0.0894 0.1001 
         220  1 0.0991 0.1042 0.0991 0.0988 0.1000 0.1018 0.0981 0.0996 0.0983 0.1011 
         221  1 0.0990 0.0989 0.1000 0.1003 0.1001 0.1009 0.1015 0.1008 0.1000 0.0984 
         222  1 0.0977 0.0976 0.1027 0.0989 0.1051 0.0983 0.0992 0.0987 0.0988 0.1029 
         223  1 0.1045 0.1005 0.0998 0.0995 0.0962 0.1008 0.0988 0.0935 0.1045 0.1019 
         224  1 0.1003 0.0974 0.0990 0.1055 0.0984 0.0974 0.0995 0.0993 0.0999 0.1033 
         225  1 0.0956 0.1031 0.1011 0.1000 0.1015 0.0987 0.0969 0.1056 0.0954 0.1021 
         226  1 0.0916 0.1031 0.1004 0.1031 0.1040 0.0969 0.0961 0.1136 0.0899 0.1013 
         227  1 0.1009 0.0988 0.0994 0.1013 0.0988 0.0995 0.0993 0.0994 0.1021 0.1005 
         228  1 0.1018 0.0965 0.1022 0.1007 0.1034 0.0986 0.0991 0.0938 0.1052 0.0987 
         229  1 0.1005 0.0961 0.1042 0.0997 0.1040 0.0986 0.0974 0.0965 0.1017 0.1013 
         230  1 0.1002 0.0977 0.0987 0.0987 0.0981 0.1008 0.1038 0.1020 0.0984 0.1018 
         231  1 0.0970 0.1016 0.0997 0.0997 0.1019 0.0970 0.1001 0.1066 0.0958 0.1005 
         232  1 0.1069 0.0976 0.0964 0.0971 0.0936 0.1033 0.1079 0.0918 0.1084 0.0970 
         233  1 0.0940 0.1123 0.0970 0.0969 0.0998 0.0999 0.1016 0.1012 0.0958 0.1016 
         234  1 0.1027 0.0975 0.1037 0.0975 0.0995 0.1018 0.0969 0.0945 0.1037 0.1022 
         235  1 0.0991 0.0969 0.1021 0.1054 0.1047 0.0958 0.0955 0.0915 0.1071 0.1019 
         236  1 0.0901 0.1039 0.1011 0.1011 0.1050 0.0939 0.0983 0.1102 0.0935 0.1029 
         237  1 0.1041 0.0984 0.1024 0.1013 0.1010 0.0990 0.0975 0.0908 0.1038 0.1017 
         238  1 0.1072 0.0939 0.1015 0.1014 0.0971 0.0989 0.0994 0.0942 0.1038 0.1025 
         239  1 0.1010 0.0934 0.1036 0.1048 0.1043 0.0957 0.0992 0.0927 0.1048 0.1005 
         240  1 0.0915 0.1063 0.0993 0.1030 0.1010 0.0970 0.0970 0.1116 0.0930 0.1004 
         241  1 0.0941 0.1018 0.1007 0.0970 0.1017 0.1004 0.1001 0.1072 0.0959 0.1011 
         242  1 0.1038 0.0994 0.0984 0.0981 0.1025 0.0976 0.0995 0.0918 0.1039 0.1049 
         243  1 0.1057 0.0946 0.1001 0.0988 0.0998 0.1000 0.1001 0.0915 0.1005 0.1091 
         244  1 0.0992 0.1000 0.0993 0.1010 0.1008 0.1017 0.1005 0.0982 0.1008 0.0986 
         245  1 0.1035 0.0958 0.0968 0.0983 0.0985 0.0999 0.1058 0.0985 0.1026 0.1004 
         246  1 0.0967 0.1015 0.1002 0.1004 0.1024 0.0978 0.1000 0.1036 0.0983 0.0990 
         247  1 0.0923 0.1000 0.1024 0.1006 0.1044 0.0954 0.0956 0.1119 0.0981 0.0992 
         248  1 0.0976 0.0971 0.1020 0.1019 0.1016 0.0977 0.1003 0.0979 0.1030 0.1010 
         249  1 0.1011 0.1011 0.1004 0.0986 0.0993 0.0971 0.0989 0.1030 0.0994 0.1012 
         250  1 0.0984 0.0997 0.1010 0.0992 0.1003 0.0961 0.1008 0.1045 0.1035 0.0965 
         251  1 0.0972 0.0980 0.1026 0.1012 0.1042 0.0983 0.1003 0.1023 0.0984 0.0976 
         252  1 0.1017 0.0998 0.0986 0.0985 0.0981 0.1017 0.0999 0.1003 0.1012 0.1002 
         253  1 0.1040 0.1012 0.1010 0.0975 0.0964 0.1059 0.0978 0.0956 0.1014 0.0992 
         254  1 0.1027 0.0995 0.0975 0.0993 0.0981 0.1053 0.1014 0.0965 0.1023 0.0974 
         255  1 0.1011 0.0949 0.0962 0.1005 0.0958 0.1067 0.1110 0.0993 0.0995 0.0951 
         256  1 0.0934 0.1018 0.0992 0.1005 0.1024 0.0990 0.0995 0.1090 0.0948 0.1006 
         257  1 0.1045 0.1009 0.0964 0.0982 0.0937 0.1030 0.1043 0.0958 0.1036 0.0996 
         258  1 0.0980 0.0998 0.0980 0.1023 0.0996 0.0982 0.1025 0.1056 0.0977 0.0982 
         259  1 0.1026 0.0989 0.0982 0.1006 0.1000 0.0983 0.1006 0.0986 0.1014 0.1009 
         260  1 0.0920 0.1020 0.1032 0.1043 0.1061 0.0954 0.0966 0.1037 0.0978 0.0988 
         261  1 0.0974 0.0996 0.1032 0.1040 0.1065 0.0941 0.0981 0.0995 0.0979 0.0997 
         262  1 0.1139 0.0902 0.0924 0.0963 0.0897 0.1094 0.1177 0.0896 0.1095 0.0913 
         263  1 0.1038 0.0952 0.1010 0.0984 0.1031 0.1002 0.1014 0.0943 0.1037 0.0990 
         264  1 0.1016 0.0959 0.1036 0.0986 0.1004 0.0952 0.0984 0.0965 0.1048 0.1050 
         265  1 0.1001 0.1051 0.0986 0.0984 0.1006 0.1016 0.0988 0.0983 0.0991 0.0993 
         266  1 0.1002 0.1011 0.0983 0.1010 0.1009 0.0976 0.0985 0.0999 0.1008 0.1017 
         267  1 0.1019 0.0969 0.1030 0.0990 0.0974 0.0994 0.0973 0.1011 0.0992 0.1047 
         268  1 0.0943 0.1004 0.1000 0.0992 0.1037 0.0995 0.1008 0.1074 0.0974 0.0974 
         269  1 0.0906 0.1046 0.0990 0.1020 0.1051 0.0960 0.0968 0.1126 0.0907 0.1024 
         270  1 0.0972 0.0980 0.1014 0.1013 0.1033 0.0963 0.0979 0.1040 0.0978 0.1028 
         271  1 0.0992 0.1043 0.1007 0.0979 0.0999 0.0989 0.1009 0.1007 0.0999 0.0976 
         272  1 0.0894 0.1058 0.0995 0.1044 0.1042 0.0953 0.0956 0.1142 0.0904 0.1012 
         273  1 0.1180 0.0901 0.0958 0.0960 0.0897 0.1046 0.1111 0.0854 0.1135 0.0959 
         274  1 0.1023 0.0987 0.1015 0.0988 0.1023 0.1012 0.0965 0.0909 0.1065 0.1013 
         275  1 0.1046 0.0977 0.0998 0.0994 0.0986 0.1012 0.1023 0.0935 0.1005 0.1023 
         276  1 0.1044 0.0981 0.1017 0.0970 0.0964 0.1072 0.0986 0.0921 0.1042 0.1003 
         277  1 0.1113 0.0952 0.0990 0.1001 0.0952 0.1004 0.1006 0.0915 0.1048 0.1018 
         278  1 0.1054 0.1031 0.0968 0.0996 0.0950 0.1023 0.0998 0.0906 0.1063 0.1011 
         279  1 0.1016 0.0940 0.0977 0.1032 0.0996 0.0986 0.1078 0.0950 0.1011 0.1015 
         280  1 0.0988 0.0962 0.0991 0.1002 0.1034 0.1004 0.1062 0.1035 0.0964 0.0957 
         281  1 0.1037 0.0950 0.1038 0.1009 0.1012 0.0997 0.0956 0.0950 0.1020 0.1031 
         282  1 0.0966 0.0998 0.1030 0.0986 0.1017 0.0987 0.0984 0.1035 0.0984 0.1014 
         283  1 0.1106 0.0962 0.0950 0.1029 0.0934 0.0996 0.1038 0.0903 0.1084 0.0999 
         284  1 0.1026 0.1007 0.0975 0.0987 0.0960 0.1024 0.1067 0.0968 0.1042 0.0945 
         285  1 0.0912 0.1041 0.0989 0.1021 0.1039 0.0967 0.0978 0.1160 0.0897 0.0997 
         286  1 0.1020 0.0988 0.1007 0.0986 0.1016 0.0970 0.0987 0.0992 0.1019 0.1014 
         287  1 0.0949 0.0997 0.1012 0.1019 0.1042 0.1000 0.0969 0.1066 0.0944 0.1001 
         288  1 0.0918 0.1061 0.0985 0.1002 0.1055 0.0970 0.0983 0.1068 0.0950 0.1009 
         289  1 0.0999 0.0991 0.1004 0.1020 0.0996 0.0978 0.1017 0.1007 0.0996 0.0991 
         290  1 0.1061 0.1029 0.0967 0.0978 0.0911 0.1026 0.1078 0.0922 0.1044 0.0983 
         291  1 0.1085 0.0966 0.1012 0.0974 0.0947 0.1020 0.0999 0.0921 0.1076 0.1000 
         292  1 0.1023 0.0970 0.1024 0.1010 0.1034 0.0990 0.0965 0.0965 0.1027 0.0992 
         293  1 0.0921 0.1020 0.0985 0.1072 0.1020 0.0969 0.0982 0.1080 0.0945 0.1006 
         294  1 0.1072 0.0924 0.0988 0.0995 0.1003 0.1015 0.1050 0.0910 0.1029 0.1012 
         295  1 0.0984 0.1037 0.0999 0.1008 0.0981 0.1026 0.0994 0.1019 0.0953 0.0998 
         296  1 0.0939 0.1021 0.1008 0.1002 0.1008 0.1005 0.0985 0.1062 0.0980 0.0989 
         297  1 0.0929 0.1018 0.0998 0.1032 0.1015 0.1006 0.0974 0.1100 0.0940 0.0988 
         298  1 0.0899 0.1044 0.1006 0.1039 0.1029 0.0956 0.0978 0.1138 0.0909 0.1002 
         299  1 0.1106 0.0938 0.1004 0.0959 0.0958 0.1049 0.1023 0.0908 0.1066 0.0988 
         300  1 0.1075 0.0940 0.1016 0.0982 0.0960 0.1039 0.1039 0.0931 0.1022 0.0997 
