           1  1 0.1045 0.1070 0.1121 0.1114 0.1183 0.1167 0.1081 0.1018 0.1200 
           2  1 0.1038 0.1044 0.1132 0.1141 0.1186 0.1149 0.1108 0.0985 0.1218 
           3  1 0.1091 0.1130 0.1064 0.1099 0.1090 0.1126 0.1161 0.1110 0.1128 
           4  1 0.1226 0.1198 0.1086 0.1049 0.0952 0.1078 0.1079 0.1262 0.1070 
           5  1 0.1068 0.1080 0.1141 0.1100 0.1149 0.1128 0.1159 0.1063 0.1112 
           6  1 0.1148 0.1098 0.1144 0.1055 0.1107 0.1118 0.1098 0.1079 0.1152 
           7  1 0.1081 0.1051 0.1120 0.1101 0.1145 0.1140 0.1097 0.1052 0.1214 
           8  1 0.1056 0.1043 0.1113 0.1137 0.1177 0.1152 0.1101 0.1044 0.1177 
           9  1 0.1175 0.1173 0.1067 0.1120 0.1034 0.1061 0.1144 0.1214 0.1011 
          10  1 0.1144 0.1141 0.1137 0.1074 0.1050 0.1083 0.1131 0.1150 0.1090 
          11  1 0.1029 0.1082 0.1114 0.1119 0.1158 0.1140 0.1178 0.0989 0.1192 
          12  1 0.1159 0.1140 0.1013 0.1174 0.1137 0.1059 0.1096 0.1196 0.1025 
          13  1 0.1236 0.1235 0.1042 0.1038 0.0941 0.1043 0.1157 0.1328 0.0981 
          14  1 0.1190 0.1167 0.1094 0.1051 0.1026 0.1103 0.1095 0.1217 0.1057 
          15  1 0.1108 0.1102 0.1056 0.1163 0.1186 0.1113 0.1072 0.1099 0.1103 
          16  1 0.1129 0.1102 0.1085 0.1140 0.1110 0.1098 0.1123 0.1090 0.1123 
          17  1 0.1187 0.1146 0.1131 0.1046 0.1020 0.1103 0.1109 0.1182 0.1075 
          18  1 0.1136 0.1114 0.1136 0.1083 0.1084 0.1066 0.1134 0.1109 0.1138 
          19  1 0.1121 0.1128 0.1126 0.1096 0.1094 0.1105 0.1118 0.1135 0.1077 
          20  1 0.1134 0.1124 0.1140 0.1103 0.1084 0.1108 0.1069 0.1151 0.1088 
          21  1 0.1064 0.1082 0.1178 0.1106 0.1131 0.1130 0.1122 0.1038 0.1147 
          22  1 0.1163 0.1147 0.1103 0.1087 0.1055 0.1076 0.1092 0.1194 0.1084 
          23  1 0.1099 0.1067 0.1185 0.1085 0.1084 0.1090 0.1125 0.1065 0.1199 
          24  1 0.1151 0.1120 0.1165 0.1089 0.1046 0.1079 0.1102 0.1123 0.1125 
          25  1 0.1100 0.1088 0.1092 0.1114 0.1131 0.1141 0.1115 0.1102 0.1115 
          26  1 0.1117 0.1102 0.1126 0.1124 0.1132 0.1120 0.1098 0.1117 0.1065 
          27  1 0.1152 0.1106 0.1114 0.1104 0.1057 0.1090 0.1121 0.1162 0.1093 
          28  1 0.1120 0.1111 0.1147 0.1088 0.1123 0.1099 0.1132 0.1103 0.1077 
          29  1 0.1109 0.1123 0.1116 0.1082 0.1111 0.1151 0.1066 0.1109 0.1133 
          30  1 0.1124 0.1120 0.1082 0.1167 0.1125 0.1074 0.1114 0.1127 0.1067 
          31  1 0.0963 0.0963 0.1013 0.1281 0.1413 0.1173 0.1049 0.0913 0.1231 
          32  1 0.1091 0.1118 0.1156 0.1095 0.1076 0.1122 0.1134 0.1122 0.1087 
          33  1 0.1068 0.1064 0.1041 0.1126 0.1267 0.1144 0.1121 0.1056 0.1113 
          34  1 0.1123 0.1098 0.1150 0.1122 0.1107 0.1088 0.1114 0.1118 0.1080 
          35  1 0.1199 0.1164 0.1106 0.1077 0.1009 0.1059 0.1102 0.1213 0.1071 
          36  1 0.1051 0.1084 0.1113 0.1116 0.1164 0.1138 0.1131 0.1035 0.1169 
          37  1 0.0989 0.0960 0.1078 0.1305 0.1398 0.1148 0.1042 0.0925 0.1156 
          38  1 0.1121 0.1110 0.1129 0.1121 0.1128 0.1092 0.1110 0.1128 0.1062 
          39  1 0.1131 0.1140 0.1063 0.1123 0.1129 0.1097 0.1099 0.1142 0.1076 
          40  1 0.1082 0.1096 0.1177 0.1068 0.1088 0.1148 0.1096 0.1074 0.1171 
          41  1 0.1096 0.1096 0.1202 0.1092 0.1083 0.1098 0.1125 0.1101 0.1107 
          42  1 0.1182 0.1181 0.1058 0.1081 0.1025 0.1062 0.1147 0.1233 0.1030 
          43  1 0.1155 0.1137 0.1137 0.1085 0.1078 0.1085 0.1085 0.1183 0.1055 
          44  1 0.1074 0.1096 0.1121 0.1085 0.1120 0.1135 0.1125 0.1092 0.1151 
          45  1 0.1087 0.1114 0.1123 0.1121 0.1110 0.1096 0.1151 0.1083 0.1114 
          46  1 0.1162 0.1138 0.1096 0.1128 0.1064 0.1090 0.1120 0.1151 0.1051 
          47  1 0.1042 0.1070 0.1181 0.1136 0.1158 0.1159 0.1063 0.1017 0.1175 
          48  1 0.1080 0.1073 0.1084 0.1149 0.1189 0.1100 0.1133 0.1060 0.1132 
          49  1 0.1147 0.1142 0.1126 0.1094 0.1039 0.1073 0.1134 0.1163 0.1082 
          50  1 0.1026 0.1096 0.1128 0.1114 0.1145 0.1168 0.1138 0.1019 0.1167 
          51  1 0.1251 0.1222 0.1019 0.1106 0.0988 0.1038 0.1083 0.1296 0.0998 
          52  1 0.1093 0.1130 0.1133 0.1100 0.1067 0.1075 0.1129 0.1124 0.1149 
          53  1 0.1132 0.1101 0.1153 0.1069 0.1059 0.1102 0.1087 0.1111 0.1186 
          54  1 0.1086 0.1087 0.1178 0.1089 0.1140 0.1129 0.1109 0.1044 0.1137 
          55  1 0.1131 0.1102 0.1098 0.1164 0.1140 0.1105 0.1078 0.1096 0.1087 
          56  1 0.1090 0.1073 0.1141 0.1140 0.1104 0.1109 0.1108 0.1076 0.1158 
          57  1 0.1083 0.1099 0.1180 0.1067 0.1106 0.1117 0.1088 0.1062 0.1197 
          58  1 0.1139 0.1107 0.1112 0.1066 0.1067 0.1133 0.1096 0.1089 0.1191 
          59  1 0.1069 0.1081 0.1144 0.1137 0.1150 0.1145 0.1074 0.1059 0.1140 
          60  1 0.1064 0.1070 0.1112 0.1139 0.1170 0.1150 0.1122 0.1040 0.1133 
          61  1 0.1149 0.1149 0.1128 0.1065 0.1082 0.1086 0.1104 0.1167 0.1070 
          62  1 0.1103 0.1092 0.1087 0.1184 0.1146 0.1094 0.1107 0.1101 0.1086 
          63  1 0.1121 0.1102 0.1099 0.1155 0.1149 0.1097 0.1127 0.1100 0.1050 
          64  1 0.0973 0.1074 0.1108 0.1168 0.1197 0.1156 0.1196 0.0962 0.1166 
          65  1 0.1100 0.1130 0.1098 0.1109 0.1100 0.1126 0.1087 0.1130 0.1120 
          66  1 0.1095 0.1075 0.1111 0.1135 0.1167 0.1141 0.1078 0.1094 0.1106 
          67  1 0.1149 0.1137 0.1140 0.1084 0.1054 0.1107 0.1137 0.1157 0.1035 
          68  1 0.1102 0.1144 0.1089 0.1079 0.1097 0.1135 0.1128 0.1106 0.1121 
          69  1 0.1106 0.1083 0.1076 0.1180 0.1124 0.1109 0.1110 0.1114 0.1098 
          70  1 0.1082 0.1111 0.1090 0.1123 0.1165 0.1110 0.1093 0.1079 0.1146 
          71  1 0.1080 0.1076 0.1127 0.1103 0.1175 0.1165 0.1083 0.1053 0.1138 
          72  1 0.1127 0.1143 0.1087 0.1105 0.1077 0.1090 0.1115 0.1171 0.1087 
          73  1 0.1094 0.1088 0.1157 0.1100 0.1110 0.1113 0.1094 0.1082 0.1162 
          74  1 0.1077 0.1097 0.1074 0.1130 0.1191 0.1119 0.1077 0.1081 0.1153 
          75  1 0.1103 0.1141 0.1080 0.1100 0.1072 0.1143 0.1171 0.1107 0.1084 
          76  1 0.1085 0.1082 0.1129 0.1098 0.1151 0.1131 0.1114 0.1040 0.1171 
          77  1 0.1090 0.1065 0.1104 0.1201 0.1189 0.1075 0.1121 0.1059 0.1096 
          78  1 0.1038 0.1062 0.1162 0.1156 0.1196 0.1124 0.1094 0.1009 0.1160 
          79  1 0.1138 0.1138 0.1119 0.1055 0.1063 0.1126 0.1128 0.1145 0.1089 
          80  1 0.1249 0.1232 0.1056 0.1073 0.0974 0.1056 0.1086 0.1299 0.0975 
          81  1 0.1074 0.1088 0.1136 0.1089 0.1116 0.1103 0.1169 0.1085 0.1140 
          82  1 0.0999 0.1035 0.1158 0.1141 0.1239 0.1145 0.1082 0.0982 0.1218 
          83  1 0.1084 0.1097 0.1175 0.1062 0.1091 0.1128 0.1124 0.1071 0.1165 
          84  1 0.1116 0.1098 0.1157 0.1047 0.1042 0.1109 0.1134 0.1146 0.1150 
          85  1 0.1090 0.1070 0.1137 0.1113 0.1172 0.1122 0.1120 0.1035 0.1141 
          86  1 0.1106 0.1123 0.1128 0.1086 0.1095 0.1108 0.1134 0.1111 0.1109 
          87  1 0.1077 0.1121 0.1144 0.1083 0.1083 0.1140 0.1123 0.1080 0.1149 
          88  1 0.1153 0.1130 0.1120 0.1115 0.1060 0.1118 0.1094 0.1156 0.1055 
          89  1 0.1138 0.1150 0.1040 0.1127 0.1100 0.1104 0.1118 0.1156 0.1068 
          90  1 0.1148 0.1137 0.1110 0.1095 0.1055 0.1129 0.1117 0.1149 0.1060 
          91  1 0.1062 0.1112 0.1109 0.1122 0.1145 0.1116 0.1129 0.1047 0.1158 
          92  1 0.1101 0.1110 0.1123 0.1102 0.1136 0.1096 0.1123 0.1088 0.1121 
          93  1 0.1077 0.1112 0.1105 0.1113 0.1136 0.1110 0.1138 0.1096 0.1114 
          94  1 0.1042 0.1086 0.1090 0.1105 0.1202 0.1145 0.1126 0.1037 0.1167 
          95  1 0.1094 0.1087 0.1133 0.1131 0.1131 0.1098 0.1094 0.1079 0.1155 
          96  1 0.1152 0.1155 0.1112 0.1102 0.1024 0.1078 0.1149 0.1213 0.1016 
          97  1 0.1175 0.1172 0.1112 0.1052 0.1023 0.1109 0.1103 0.1166 0.1088 
          98  1 0.1152 0.1135 0.1168 0.1059 0.1029 0.1082 0.1113 0.1170 0.1092 
          99  1 0.1136 0.1142 0.1147 0.1076 0.1048 0.1095 0.1133 0.1124 0.1100 
         100  1 0.1088 0.1113 0.1173 0.1071 0.1083 0.1126 0.1108 0.1084 0.1155 
         101  1 0.1132 0.1110 0.1121 0.1082 0.1089 0.1122 0.1102 0.1087 0.1156 
         102  1 0.1069 0.1046 0.1093 0.1160 0.1212 0.1133 0.1080 0.1038 0.1169 
         103  1 0.1179 0.1160 0.1055 0.1157 0.1086 0.1072 0.1053 0.1225 0.1013 
         104  1 0.1111 0.1087 0.1173 0.1099 0.1110 0.1097 0.1111 0.1099 0.1111 
         105  1 0.1001 0.1043 0.1121 0.1187 0.1254 0.1135 0.1112 0.0987 0.1160 
         106  1 0.1148 0.1122 0.1114 0.1093 0.1069 0.1099 0.1108 0.1131 0.1117 
         107  1 0.1158 0.1158 0.1126 0.1052 0.1018 0.1063 0.1118 0.1221 0.1087 
         108  1 0.1095 0.1096 0.1138 0.1128 0.1111 0.1120 0.1133 0.1086 0.1093 
         109  1 0.1173 0.1151 0.1125 0.1074 0.1029 0.1098 0.1121 0.1207 0.1022 
         110  1 0.1090 0.1103 0.1091 0.1107 0.1135 0.1182 0.1103 0.1095 0.1095 
         111  1 0.1113 0.1140 0.1119 0.1095 0.1085 0.1117 0.1076 0.1140 0.1115 
         112  1 0.1147 0.1113 0.1144 0.1078 0.1070 0.1105 0.1093 0.1154 0.1095 
         113  1 0.1234 0.1237 0.1047 0.1054 0.0966 0.1056 0.1072 0.1337 0.0999 
         114  1 0.1109 0.1133 0.1108 0.1125 0.1101 0.1075 0.1103 0.1144 0.1103 
         115  1 0.1191 0.1182 0.1083 0.1062 0.1028 0.1136 0.1080 0.1211 0.1026 
         116  1 0.1158 0.1128 0.1141 0.1057 0.1053 0.1100 0.1105 0.1137 0.1121 
         117  1 0.1079 0.1055 0.1095 0.1210 0.1214 0.1118 0.1088 0.1054 0.1088 
         118  1 0.1060 0.1091 0.1141 0.1097 0.1129 0.1119 0.1121 0.1045 0.1196 
         119  1 0.1063 0.1057 0.1142 0.1142 0.1143 0.1096 0.1121 0.1037 0.1199 
         120  1 0.1144 0.1116 0.1116 0.1081 0.1058 0.1093 0.1119 0.1125 0.1146 
         121  1 0.1170 0.1157 0.1096 0.1097 0.1050 0.1105 0.1082 0.1193 0.1051 
         122  1 0.1072 0.1053 0.1075 0.1138 0.1207 0.1148 0.1056 0.1048 0.1205 
         123  1 0.1075 0.1116 0.1112 0.1125 0.1153 0.1108 0.1124 0.1060 0.1127 
         124  1 0.1097 0.1100 0.1073 0.1153 0.1185 0.1108 0.1093 0.1104 0.1086 
         125  1 0.1089 0.1061 0.1159 0.1104 0.1156 0.1123 0.1078 0.1050 0.1180 
         126  1 0.1112 0.1103 0.1103 0.1073 0.1081 0.1146 0.1108 0.1088 0.1186 
         127  1 0.1094 0.1104 0.1155 0.1105 0.1104 0.1114 0.1085 0.1107 0.1131 
         128  1 0.1186 0.1161 0.1111 0.1101 0.1030 0.1069 0.1099 0.1230 0.1014 
         129  1 0.1155 0.1133 0.1080 0.1137 0.1103 0.1073 0.1074 0.1180 0.1065 
         130  1 0.1112 0.1119 0.1073 0.1120 0.1124 0.1119 0.1143 0.1101 0.1090 
         131  1 0.1051 0.1056 0.1112 0.1138 0.1198 0.1143 0.1109 0.1015 0.1177 
         132  1 0.1062 0.1074 0.1121 0.1137 0.1206 0.1121 0.1114 0.1064 0.1101 
         133  1 0.1040 0.1053 0.1147 0.1119 0.1184 0.1111 0.1139 0.1027 0.1179 
         134  1 0.1089 0.1090 0.1120 0.1095 0.1178 0.1116 0.1104 0.1068 0.1141 
         135  1 0.1108 0.1119 0.1142 0.1118 0.1115 0.1091 0.1077 0.1112 0.1118 
         136  1 0.1122 0.1087 0.1119 0.1115 0.1150 0.1100 0.1094 0.1106 0.1107 
         137  1 0.1085 0.1111 0.1087 0.1111 0.1106 0.1090 0.1192 0.1100 0.1117 
         138  1 0.1202 0.1181 0.1097 0.1071 0.1006 0.1074 0.1121 0.1238 0.1010 
         139  1 0.1090 0.1088 0.1135 0.1101 0.1146 0.1118 0.1112 0.1074 0.1136 
         140  1 0.1080 0.1086 0.1096 0.1126 0.1154 0.1155 0.1089 0.1051 0.1162 
         141  1 0.1106 0.1097 0.1156 0.1097 0.1046 0.1090 0.1152 0.1149 0.1106 
         142  1 0.1066 0.1067 0.1130 0.1183 0.1181 0.1108 0.1099 0.1050 0.1116 
         143  1 0.1180 0.1162 0.1127 0.1049 0.0987 0.1081 0.1161 0.1191 0.1062 
         144  1 0.1052 0.1068 0.1070 0.1186 0.1217 0.1126 0.1066 0.1040 0.1175 
         145  1 0.1148 0.1159 0.1068 0.1102 0.1061 0.1086 0.1086 0.1190 0.1099 
         146  1 0.1146 0.1087 0.1198 0.1071 0.1085 0.1084 0.1104 0.1082 0.1143 
         147  1 0.1122 0.1097 0.1152 0.1106 0.1084 0.1112 0.1092 0.1119 0.1117 
         148  1 0.1169 0.1192 0.1100 0.1051 0.1030 0.1090 0.1081 0.1247 0.1039 
         149  1 0.1105 0.1091 0.1107 0.1102 0.1126 0.1101 0.1110 0.1110 0.1147 
         150  1 0.1111 0.1128 0.1097 0.1073 0.1102 0.1117 0.1103 0.1121 0.1147 
         151  1 0.1076 0.1092 0.1094 0.1134 0.1114 0.1106 0.1182 0.1088 0.1115 
         152  1 0.1059 0.1090 0.1161 0.1111 0.1143 0.1144 0.1111 0.1053 0.1128 
         153  1 0.1117 0.1099 0.1171 0.1071 0.1068 0.1111 0.1121 0.1099 0.1143 
         154  1 0.1173 0.1157 0.1079 0.1060 0.1051 0.1107 0.1115 0.1182 0.1076 
         155  1 0.1130 0.1146 0.1114 0.1100 0.1105 0.1113 0.1084 0.1141 0.1067 
         156  1 0.1003 0.0992 0.1110 0.1257 0.1326 0.1126 0.1070 0.0977 0.1140 
         157  1 0.1038 0.1084 0.1102 0.1157 0.1172 0.1133 0.1151 0.0999 0.1164 
         158  1 0.1078 0.1125 0.1157 0.1091 0.1092 0.1108 0.1103 0.1100 0.1145 
         159  1 0.1098 0.1098 0.1136 0.1124 0.1102 0.1109 0.1139 0.1090 0.1105 
         160  1 0.1078 0.1058 0.1101 0.1162 0.1222 0.1087 0.1102 0.1050 0.1139 
         161  1 0.1191 0.1157 0.1114 0.1046 0.1026 0.1108 0.1088 0.1178 0.1092 
         162  1 0.1441 0.1592 0.0793 0.1037 0.0672 0.0879 0.0960 0.1940 0.0686 
         163  1 0.0973 0.1007 0.1111 0.1212 0.1316 0.1170 0.1067 0.0957 0.1188 
         164  1 0.1129 0.1111 0.1152 0.1066 0.1085 0.1141 0.1086 0.1117 0.1114 
         165  1 0.1034 0.1082 0.1103 0.1125 0.1169 0.1157 0.1130 0.1032 0.1168 
         166  1 0.1101 0.1102 0.1077 0.1154 0.1127 0.1128 0.1120 0.1079 0.1112 
         167  1 0.1231 0.1223 0.1084 0.1034 0.0961 0.1031 0.1110 0.1305 0.1020 
         168  1 0.1169 0.1134 0.1151 0.1073 0.1055 0.1111 0.1088 0.1140 0.1079 
         169  1 0.1047 0.1052 0.1088 0.1108 0.1160 0.1175 0.1100 0.1023 0.1247 
         170  1 0.1166 0.1154 0.1128 0.1090 0.1025 0.1081 0.1087 0.1169 0.1101 
         171  1 0.1033 0.1030 0.1009 0.1250 0.1368 0.1138 0.1082 0.0967 0.1125 
         172  1 0.1084 0.1091 0.1095 0.1151 0.1115 0.1115 0.1110 0.1078 0.1161 
         173  1 0.1090 0.1072 0.1126 0.1134 0.1179 0.1132 0.1098 0.1033 0.1136 
         174  1 0.1165 0.1152 0.1118 0.1066 0.1024 0.1069 0.1150 0.1189 0.1067 
         175  1 0.1174 0.1146 0.1059 0.1148 0.1099 0.1060 0.1086 0.1194 0.1033 
         176  1 0.1047 0.1098 0.1105 0.1104 0.1125 0.1125 0.1192 0.1020 0.1183 
         177  1 0.1007 0.1051 0.1138 0.1181 0.1204 0.1134 0.1130 0.0985 0.1171 
         178  1 0.1023 0.1020 0.1109 0.1180 0.1302 0.1132 0.1071 0.0983 0.1180 
         179  1 0.1146 0.1149 0.1137 0.1045 0.1027 0.1086 0.1154 0.1146 0.1110 
         180  1 0.1137 0.1133 0.1119 0.1074 0.1083 0.1089 0.1142 0.1146 0.1077 
         181  1 0.1074 0.1097 0.1122 0.1108 0.1143 0.1106 0.1104 0.1067 0.1179 
         182  1 0.1155 0.1123 0.1126 0.1093 0.1061 0.1134 0.1114 0.1157 0.1037 
         183  1 0.1130 0.1121 0.1129 0.1074 0.1075 0.1115 0.1144 0.1086 0.1127 
         184  1 0.1068 0.1066 0.1131 0.1214 0.1217 0.1107 0.1051 0.1055 0.1091 
         185  1 0.1030 0.1072 0.1078 0.1128 0.1226 0.1169 0.1099 0.1035 0.1162 
         186  1 0.1093 0.1098 0.1099 0.1117 0.1151 0.1146 0.1081 0.1094 0.1121 
         187  1 0.1046 0.1079 0.1116 0.1108 0.1143 0.1132 0.1124 0.1055 0.1197 
         188  1 0.1022 0.1010 0.1026 0.1244 0.1370 0.1146 0.1036 0.0986 0.1161 
         189  1 0.1115 0.1125 0.1105 0.1092 0.1104 0.1124 0.1090 0.1111 0.1133 
         190  1 0.1160 0.1115 0.1140 0.1051 0.1054 0.1122 0.1070 0.1124 0.1164 
         191  1 0.1142 0.1093 0.1126 0.1078 0.1108 0.1140 0.1075 0.1118 0.1120 
         192  1 0.1102 0.1115 0.1127 0.1083 0.1072 0.1123 0.1132 0.1110 0.1136 
         193  1 0.1061 0.1130 0.1058 0.1140 0.1128 0.1106 0.1200 0.1080 0.1098 
         194  1 0.1154 0.1157 0.1091 0.1085 0.1042 0.1097 0.1141 0.1185 0.1049 
         195  1 0.1154 0.1070 0.1191 0.1044 0.1047 0.1090 0.1127 0.1097 0.1180 
         196  1 0.1212 0.1178 0.1056 0.1111 0.1018 0.1056 0.1080 0.1262 0.1026 
         197  1 0.1081 0.1124 0.1164 0.1092 0.1080 0.1136 0.1128 0.1074 0.1121 
         198  1 0.1125 0.1148 0.1108 0.1083 0.1058 0.1091 0.1177 0.1125 0.1085 
         199  1 0.1074 0.1081 0.1160 0.1118 0.1111 0.1122 0.1142 0.1049 0.1143 
         200  1 0.1058 0.1062 0.1156 0.1114 0.1138 0.1125 0.1129 0.1021 0.1195 
         201  1 0.1172 0.1152 0.1104 0.1119 0.1028 0.1081 0.1109 0.1213 0.1021 
         202  1 0.1060 0.1081 0.1087 0.1122 0.1174 0.1156 0.1098 0.1049 0.1174 
         203  1 0.1129 0.1080 0.1106 0.1139 0.1118 0.1102 0.1095 0.1087 0.1145 
         204  1 0.1087 0.1122 0.1144 0.1086 0.1104 0.1130 0.1107 0.1094 0.1126 
         205  1 0.1108 0.1115 0.1125 0.1087 0.1084 0.1135 0.1132 0.1120 0.1096 
         206  1 0.1095 0.1090 0.1154 0.1115 0.1116 0.1107 0.1128 0.1099 0.1098 
         207  1 0.1122 0.1147 0.1104 0.1078 0.1085 0.1099 0.1118 0.1127 0.1119 
         208  1 0.1096 0.1082 0.1155 0.1085 0.1102 0.1113 0.1083 0.1085 0.1199 
         209  1 0.1155 0.1146 0.1120 0.1106 0.1084 0.1068 0.1094 0.1182 0.1045 
         210  1 0.1074 0.1099 0.1138 0.1106 0.1143 0.1117 0.1120 0.1069 0.1133 
         211  1 0.1069 0.1060 0.1094 0.1162 0.1193 0.1112 0.1116 0.1044 0.1149 
         212  1 0.1201 0.1170 0.1120 0.1031 0.1000 0.1062 0.1123 0.1212 0.1081 
         213  1 0.1078 0.1112 0.1109 0.1100 0.1120 0.1127 0.1109 0.1077 0.1167 
         214  1 0.1112 0.1084 0.1092 0.1166 0.1149 0.1135 0.1074 0.1094 0.1095 
         215  1 0.1057 0.1075 0.1076 0.1176 0.1207 0.1119 0.1117 0.1071 0.1104 
         216  1 0.1217 0.1184 0.1117 0.1092 0.0977 0.1042 0.1133 0.1237 0.1001 
         217  1 0.1049 0.1101 0.1102 0.1112 0.1147 0.1140 0.1133 0.1036 0.1180 
         218  1 0.1099 0.1087 0.1098 0.1116 0.1156 0.1119 0.1097 0.1091 0.1136 
         219  1 0.1231 0.1267 0.1049 0.1042 0.0944 0.1016 0.1081 0.1371 0.0999 
         220  1 0.1129 0.1112 0.1140 0.1111 0.1072 0.1077 0.1141 0.1109 0.1108 
         221  1 0.1125 0.1111 0.1102 0.1118 0.1137 0.1113 0.1112 0.1121 0.1061 
         222  1 0.1080 0.1097 0.1121 0.1093 0.1133 0.1117 0.1146 0.1099 0.1114 
         223  1 0.1063 0.1091 0.1171 0.1090 0.1152 0.1095 0.1123 0.1052 0.1163 
         224  1 0.1089 0.1100 0.1117 0.1120 0.1116 0.1126 0.1143 0.1091 0.1100 
         225  1 0.1157 0.1140 0.1146 0.1070 0.1038 0.1091 0.1096 0.1165 0.1096 
         226  1 0.1200 0.1212 0.1083 0.1082 0.0976 0.1078 0.1109 0.1263 0.0996 
         227  1 0.1096 0.1099 0.1127 0.1128 0.1111 0.1146 0.1110 0.1096 0.1086 
         228  1 0.1030 0.1070 0.1108 0.1157 0.1154 0.1142 0.1136 0.1026 0.1179 
         229  1 0.1053 0.1100 0.1148 0.1080 0.1133 0.1151 0.1126 0.1044 0.1166 
         230  1 0.1129 0.1119 0.1095 0.1095 0.1113 0.1107 0.1110 0.1162 0.1070 
         231  1 0.1157 0.1141 0.1089 0.1069 0.1066 0.1083 0.1126 0.1183 0.1086 
         232  1 0.1041 0.1032 0.1102 0.1129 0.1258 0.1148 0.1088 0.1003 0.1199 
         233  1 0.1155 0.1104 0.1156 0.1062 0.1044 0.1078 0.1105 0.1156 0.1141 
         234  1 0.1062 0.1080 0.1134 0.1103 0.1155 0.1162 0.1124 0.1035 0.1146 
         235  1 0.1027 0.1104 0.1110 0.1127 0.1146 0.1132 0.1172 0.1022 0.1161 
         236  1 0.1187 0.1183 0.1112 0.1086 0.0996 0.1072 0.1167 0.1205 0.0991 
         237  1 0.1032 0.1078 0.1160 0.1112 0.1148 0.1131 0.1132 0.0995 0.1211 
         238  1 0.1057 0.1085 0.1116 0.1142 0.1178 0.1120 0.1128 0.1049 0.1125 
         239  1 0.1021 0.1084 0.1134 0.1122 0.1150 0.1137 0.1155 0.1020 0.1176 
         240  1 0.1228 0.1187 0.1090 0.1063 0.0984 0.1068 0.1103 0.1249 0.1028 
         241  1 0.1163 0.1129 0.1105 0.1084 0.1061 0.1111 0.1099 0.1173 0.1076 
         242  1 0.1042 0.1070 0.1133 0.1103 0.1163 0.1131 0.1127 0.1022 0.1209 
         243  1 0.1008 0.1067 0.1175 0.1124 0.1125 0.1108 0.1186 0.1001 0.1207 
         244  1 0.1119 0.1082 0.1124 0.1132 0.1144 0.1094 0.1117 0.1086 0.1102 
         245  1 0.1100 0.1079 0.1042 0.1201 0.1214 0.1116 0.1080 0.1076 0.1093 
         246  1 0.1146 0.1147 0.1059 0.1088 0.1072 0.1100 0.1135 0.1174 0.1079 
         247  1 0.1155 0.1192 0.1069 0.1101 0.1074 0.1083 0.1091 0.1203 0.1033 
         248  1 0.1070 0.1113 0.1065 0.1114 0.1140 0.1151 0.1122 0.1070 0.1154 
         249  1 0.1159 0.1133 0.1106 0.1113 0.1096 0.1107 0.1089 0.1154 0.1044 
         250  1 0.1145 0.1132 0.1037 0.1114 0.1115 0.1141 0.1080 0.1178 0.1058 
         251  1 0.1131 0.1131 0.1062 0.1124 0.1088 0.1119 0.1134 0.1139 0.1070 
         252  1 0.1094 0.1086 0.1106 0.1109 0.1112 0.1108 0.1139 0.1118 0.1128 
         253  1 0.1088 0.1079 0.1123 0.1159 0.1159 0.1135 0.1056 0.1067 0.1133 
         254  1 0.1120 0.1097 0.1136 0.1076 0.1157 0.1120 0.1098 0.1091 0.1105 
         255  1 0.1109 0.1104 0.1057 0.1159 0.1202 0.1111 0.1090 0.1101 0.1066 
         256  1 0.1166 0.1194 0.1116 0.1042 0.1034 0.1092 0.1096 0.1216 0.1044 
         257  1 0.1080 0.1042 0.1111 0.1240 0.1223 0.1102 0.1055 0.1051 0.1095 
         258  1 0.1158 0.1142 0.1051 0.1138 0.1103 0.1093 0.1087 0.1173 0.1055 
         259  1 0.1093 0.1096 0.1114 0.1101 0.1128 0.1130 0.1113 0.1103 0.1121 
         260  1 0.1143 0.1156 0.1086 0.1086 0.1052 0.1110 0.1124 0.1177 0.1066 
         261  1 0.1094 0.1131 0.1080 0.1106 0.1097 0.1150 0.1156 0.1093 0.1092 
         262  1 0.0986 0.1011 0.0990 0.1277 0.1442 0.1143 0.1030 0.0969 0.1151 
         263  1 0.1044 0.1047 0.1106 0.1201 0.1224 0.1118 0.1125 0.1021 0.1115 
         264  1 0.1063 0.1092 0.1127 0.1111 0.1165 0.1105 0.1141 0.1059 0.1138 
         265  1 0.1108 0.1124 0.1117 0.1070 0.1065 0.1127 0.1114 0.1119 0.1156 
         266  1 0.1107 0.1112 0.1062 0.1131 0.1131 0.1119 0.1114 0.1127 0.1096 
         267  1 0.1117 0.1108 0.1155 0.1081 0.1066 0.1117 0.1119 0.1108 0.1128 
         268  1 0.1170 0.1158 0.1059 0.1091 0.1057 0.1106 0.1104 0.1200 0.1055 
         269  1 0.1192 0.1195 0.1079 0.1079 0.0995 0.1072 0.1139 0.1266 0.0983 
         270  1 0.1125 0.1150 0.1123 0.1081 0.1073 0.1093 0.1151 0.1143 0.1061 
         271  1 0.1139 0.1114 0.1104 0.1076 0.1061 0.1127 0.1113 0.1154 0.1113 
         272  1 0.1254 0.1229 0.1068 0.1043 0.0950 0.1069 0.1130 0.1309 0.0949 
         273  1 0.0978 0.0989 0.1050 0.1197 0.1349 0.1179 0.1071 0.0940 0.1246 
         274  1 0.1034 0.1089 0.1149 0.1110 0.1124 0.1131 0.1135 0.1001 0.1226 
         275  1 0.1063 0.1055 0.1108 0.1176 0.1194 0.1105 0.1123 0.1033 0.1143 
         276  1 0.1059 0.1064 0.1157 0.1115 0.1160 0.1167 0.1053 0.1033 0.1192 
         277  1 0.1061 0.1055 0.1156 0.1101 0.1172 0.1133 0.1122 0.1022 0.1178 
         278  1 0.1067 0.1062 0.1140 0.1107 0.1159 0.1136 0.1089 0.1007 0.1232 
         279  1 0.1052 0.1081 0.1082 0.1109 0.1198 0.1143 0.1125 0.1052 0.1158 
         280  1 0.1120 0.1148 0.1024 0.1078 0.1116 0.1127 0.1149 0.1159 0.1078 
         281  1 0.1047 0.1090 0.1158 0.1087 0.1127 0.1125 0.1157 0.1051 0.1157 
         282  1 0.1135 0.1145 0.1079 0.1109 0.1094 0.1087 0.1129 0.1152 0.1069 
         283  1 0.1014 0.1046 0.1112 0.1156 0.1220 0.1139 0.1090 0.1009 0.1214 
         284  1 0.1078 0.1061 0.1109 0.1132 0.1203 0.1165 0.1070 0.1082 0.1100 
         285  1 0.1223 0.1203 0.1090 0.1064 0.0982 0.1061 0.1109 0.1293 0.0976 
         286  1 0.1079 0.1101 0.1150 0.1107 0.1068 0.1110 0.1153 0.1084 0.1148 
         287  1 0.1176 0.1184 0.1108 0.1082 0.1013 0.1095 0.1110 0.1193 0.1040 
         288  1 0.1205 0.1208 0.1098 0.1056 0.0998 0.1077 0.1120 0.1210 0.1027 
         289  1 0.1147 0.1111 0.1093 0.1130 0.1108 0.1114 0.1113 0.1117 0.1066 
         290  1 0.1075 0.1055 0.1123 0.1145 0.1216 0.1117 0.1066 0.1024 0.1179 
         291  1 0.1056 0.1056 0.1152 0.1126 0.1164 0.1137 0.1071 0.1033 0.1204 
         292  1 0.1087 0.1086 0.1095 0.1144 0.1135 0.1162 0.1106 0.1068 0.1116 
         293  1 0.1171 0.1185 0.1072 0.1096 0.1012 0.1094 0.1148 0.1216 0.1005 
         294  1 0.1006 0.1044 0.1133 0.1151 0.1244 0.1119 0.1170 0.1010 0.1124 
         295  1 0.1132 0.1112 0.1119 0.1103 0.1117 0.1080 0.1117 0.1126 0.1094 
         296  1 0.1162 0.1149 0.1110 0.1108 0.1047 0.1077 0.1099 0.1173 0.1075 
         297  1 0.1194 0.1177 0.1097 0.1085 0.1016 0.1071 0.1133 0.1232 0.0995 
         298  1 0.1240 0.1192 0.1081 0.1077 0.0992 0.1081 0.1089 0.1268 0.0980 
         299  1 0.1038 0.1023 0.1132 0.1205 0.1246 0.1123 0.1089 0.0987 0.1156 
         300  1 0.1036 0.1036 0.1108 0.1221 0.1262 0.1124 0.1081 0.0998 0.1134 
