           1  1 0.1443 0.1696 0.1522 0.1762 0.1816 0.1762 
           2  1 0.1399 0.1767 0.1485 0.1708 0.1811 0.1829 
           3  1 0.1692 0.1594 0.1684 0.1670 0.1731 0.1629 
           4  1 0.2022 0.1635 0.1865 0.1614 0.1450 0.1414 
           5  1 0.1601 0.1730 0.1641 0.1682 0.1668 0.1678 
           6  1 0.1555 0.1741 0.1632 0.1716 0.1706 0.1650 
           7  1 0.1595 0.1731 0.1652 0.1647 0.1687 0.1688 
           8  1 0.1579 0.1694 0.1626 0.1666 0.1707 0.1728 
           9  1 0.1961 0.1492 0.1876 0.1617 0.1535 0.1519 
          10  1 0.1802 0.1636 0.1770 0.1648 0.1558 0.1587 
          11  1 0.1409 0.1692 0.1487 0.1744 0.1892 0.1776 
          12  1 0.1954 0.1463 0.1833 0.1551 0.1558 0.1642 
          13  1 0.2174 0.1423 0.1971 0.1581 0.1421 0.1430 
          14  1 0.1919 0.1568 0.1837 0.1623 0.1548 0.1505 
          15  1 0.1633 0.1637 0.1616 0.1637 0.1736 0.1742 
          16  1 0.1669 0.1607 0.1674 0.1641 0.1721 0.1689 
          17  1 0.1845 0.1675 0.1783 0.1670 0.1490 0.1537 
          18  1 0.1616 0.1693 0.1656 0.1736 0.1679 0.1620 
          19  1 0.1668 0.1705 0.1701 0.1666 0.1633 0.1628 
          20  1 0.1734 0.1609 0.1736 0.1656 0.1612 0.1654 
          21  1 0.1494 0.1776 0.1554 0.1717 0.1687 0.1771 
          22  1 0.1825 0.1611 0.1754 0.1637 0.1591 0.1581 
          23  1 0.1513 0.1878 0.1579 0.1712 0.1693 0.1626 
          24  1 0.1668 0.1747 0.1660 0.1700 0.1616 0.1608 
          25  1 0.1681 0.1681 0.1702 0.1675 0.1654 0.1607 
          26  1 0.1673 0.1663 0.1662 0.1631 0.1652 0.1719 
          27  1 0.1759 0.1647 0.1735 0.1677 0.1603 0.1578 
          28  1 0.1655 0.1742 0.1648 0.1640 0.1598 0.1717 
          29  1 0.1629 0.1623 0.1640 0.1711 0.1689 0.1708 
          30  1 0.1698 0.1617 0.1654 0.1636 0.1701 0.1694 
          31  1 0.1372 0.1712 0.1482 0.1636 0.1853 0.1944 
          32  1 0.1668 0.1634 0.1687 0.1743 0.1627 0.1640 
          33  1 0.1657 0.1607 0.1680 0.1556 0.1762 0.1738 
          34  1 0.1645 0.1701 0.1661 0.1675 0.1648 0.1670 
          35  1 0.1915 0.1608 0.1836 0.1630 0.1507 0.1504 
          36  1 0.1490 0.1692 0.1539 0.1700 0.1821 0.1757 
          37  1 0.1287 0.1774 0.1404 0.1600 0.1907 0.2029 
          38  1 0.1689 0.1720 0.1657 0.1616 0.1641 0.1677 
          39  1 0.1708 0.1595 0.1688 0.1632 0.1683 0.1694 
          40  1 0.1577 0.1728 0.1620 0.1733 0.1675 0.1667 
          41  1 0.1582 0.1758 0.1624 0.1679 0.1646 0.1712 
          42  1 0.1941 0.1521 0.1854 0.1644 0.1556 0.1484 
          43  1 0.1828 0.1630 0.1760 0.1634 0.1566 0.1581 
          44  1 0.1549 0.1635 0.1595 0.1720 0.1767 0.1734 
          45  1 0.1556 0.1612 0.1582 0.1794 0.1797 0.1660 
          46  1 0.1767 0.1617 0.1728 0.1625 0.1607 0.1655 
          47  1 0.1391 0.1844 0.1479 0.1713 0.1716 0.1857 
          48  1 0.1562 0.1668 0.1585 0.1647 0.1751 0.1788 
          49  1 0.1842 0.1542 0.1801 0.1632 0.1588 0.1594 
          50  1 0.1433 0.1660 0.1500 0.1771 0.1852 0.1783 
          51  1 0.2143 0.1452 0.1924 0.1520 0.1446 0.1516 
          52  1 0.1673 0.1697 0.1636 0.1665 0.1693 0.1636 
          53  1 0.1644 0.1808 0.1675 0.1723 0.1618 0.1532 
          54  1 0.1532 0.1803 0.1568 0.1719 0.1674 0.1703 
          55  1 0.1660 0.1676 0.1647 0.1674 0.1661 0.1682 
          56  1 0.1600 0.1753 0.1636 0.1694 0.1695 0.1623 
          57  1 0.1481 0.1816 0.1570 0.1713 0.1676 0.1744 
          58  1 0.1633 0.1708 0.1674 0.1701 0.1686 0.1598 
          59  1 0.1507 0.1676 0.1540 0.1718 0.1782 0.1777 
          60  1 0.1479 0.1671 0.1538 0.1737 0.1803 0.1772 
          61  1 0.1796 0.1710 0.1752 0.1629 0.1534 0.1578 
          62  1 0.1681 0.1591 0.1668 0.1639 0.1706 0.1714 
          63  1 0.1656 0.1677 0.1650 0.1628 0.1655 0.1734 
          64  1 0.1344 0.1664 0.1447 0.1839 0.1943 0.1762 
          65  1 0.1670 0.1638 0.1633 0.1666 0.1680 0.1714 
          66  1 0.1675 0.1653 0.1675 0.1636 0.1653 0.1708 
          67  1 0.1803 0.1576 0.1786 0.1659 0.1560 0.1616 
          68  1 0.1625 0.1644 0.1657 0.1698 0.1701 0.1676 
          69  1 0.1699 0.1634 0.1682 0.1600 0.1653 0.1732 
          70  1 0.1578 0.1741 0.1592 0.1666 0.1725 0.1697 
          71  1 0.1520 0.1753 0.1565 0.1680 0.1729 0.1754 
          72  1 0.1789 0.1592 0.1746 0.1634 0.1619 0.1620 
          73  1 0.1496 0.1820 0.1562 0.1707 0.1665 0.1749 
          74  1 0.1607 0.1698 0.1614 0.1614 0.1727 0.1741 
          75  1 0.1641 0.1646 0.1708 0.1738 0.1711 0.1557 
          76  1 0.1473 0.1736 0.1544 0.1753 0.1762 0.1732 
          77  1 0.1571 0.1707 0.1571 0.1620 0.1731 0.1799 
          78  1 0.1433 0.1735 0.1508 0.1692 0.1784 0.1849 
          79  1 0.1696 0.1609 0.1714 0.1699 0.1649 0.1633 
          80  1 0.2090 0.1504 0.1898 0.1569 0.1461 0.1478 
          81  1 0.1558 0.1719 0.1603 0.1763 0.1710 0.1648 
          82  1 0.1391 0.1752 0.1494 0.1672 0.1794 0.1898 
          83  1 0.1529 0.1715 0.1589 0.1759 0.1733 0.1675 
          84  1 0.1722 0.1690 0.1714 0.1693 0.1615 0.1566 
          85  1 0.1462 0.1812 0.1529 0.1670 0.1733 0.1794 
          86  1 0.1584 0.1636 0.1615 0.1727 0.1731 0.1706 
          87  1 0.1594 0.1632 0.1626 0.1757 0.1705 0.1686 
          88  1 0.1783 0.1627 0.1760 0.1650 0.1559 0.1621 
          89  1 0.1808 0.1563 0.1746 0.1632 0.1670 0.1582 
          90  1 0.1765 0.1634 0.1718 0.1653 0.1607 0.1622 
          91  1 0.1494 0.1733 0.1557 0.1736 0.1785 0.1696 
          92  1 0.1613 0.1737 0.1616 0.1652 0.1675 0.1706 
          93  1 0.1633 0.1656 0.1643 0.1674 0.1710 0.1683 
          94  1 0.1484 0.1692 0.1550 0.1716 0.1821 0.1736 
          95  1 0.1533 0.1776 0.1569 0.1672 0.1701 0.1748 
          96  1 0.1840 0.1601 0.1769 0.1649 0.1550 0.1590 
          97  1 0.1760 0.1626 0.1728 0.1682 0.1602 0.1602 
          98  1 0.1797 0.1738 0.1749 0.1624 0.1519 0.1573 
          99  1 0.1706 0.1688 0.1715 0.1644 0.1649 0.1599 
         100  1 0.1583 0.1711 0.1612 0.1749 0.1669 0.1676 
         101  1 0.1605 0.1708 0.1661 0.1712 0.1663 0.1651 
         102  1 0.1470 0.1726 0.1537 0.1672 0.1799 0.1795 
         103  1 0.1920 0.1533 0.1772 0.1575 0.1540 0.1661 
         104  1 0.1607 0.1732 0.1626 0.1666 0.1664 0.1706 
         105  1 0.1392 0.1763 0.1461 0.1691 0.1811 0.1883 
         106  1 0.1708 0.1725 0.1704 0.1641 0.1611 0.1611 
         107  1 0.1844 0.1588 0.1758 0.1650 0.1579 0.1582 
         108  1 0.1649 0.1683 0.1667 0.1680 0.1640 0.1681 
         109  1 0.1913 0.1580 0.1808 0.1607 0.1532 0.1560 
         110  1 0.1638 0.1628 0.1656 0.1695 0.1714 0.1670 
         111  1 0.1674 0.1665 0.1638 0.1683 0.1631 0.1709 
         112  1 0.1738 0.1704 0.1701 0.1675 0.1572 0.1610 
         113  1 0.2141 0.1507 0.1903 0.1523 0.1423 0.1503 
         114  1 0.1719 0.1709 0.1665 0.1594 0.1627 0.1686 
         115  1 0.1883 0.1563 0.1803 0.1647 0.1567 0.1537 
         116  1 0.1719 0.1741 0.1707 0.1662 0.1601 0.1572 
         117  1 0.1542 0.1715 0.1574 0.1661 0.1713 0.1795 
         118  1 0.1509 0.1716 0.1535 0.1686 0.1784 0.1771 
         119  1 0.1472 0.1854 0.1548 0.1741 0.1750 0.1634 
         120  1 0.1696 0.1756 0.1689 0.1697 0.1614 0.1549 
         121  1 0.1878 0.1594 0.1828 0.1608 0.1543 0.1549 
         122  1 0.1656 0.1711 0.1681 0.1630 0.1652 0.1670 
         123  1 0.1550 0.1649 0.1602 0.1741 0.1775 0.1683 
         124  1 0.1693 0.1640 0.1660 0.1602 0.1683 0.1723 
         125  1 0.1486 0.1826 0.1560 0.1714 0.1712 0.1702 
         126  1 0.1626 0.1690 0.1659 0.1690 0.1701 0.1634 
         127  1 0.1625 0.1686 0.1626 0.1685 0.1654 0.1723 
         128  1 0.1865 0.1655 0.1790 0.1622 0.1516 0.1551 
         129  1 0.1837 0.1616 0.1739 0.1596 0.1566 0.1646 
         130  1 0.1650 0.1659 0.1659 0.1693 0.1715 0.1624 
         131  1 0.1477 0.1741 0.1550 0.1676 0.1789 0.1767 
         132  1 0.1559 0.1737 0.1610 0.1650 0.1673 0.1771 
         133  1 0.1479 0.1739 0.1530 0.1700 0.1806 0.1746 
         134  1 0.1570 0.1698 0.1616 0.1643 0.1718 0.1756 
         135  1 0.1663 0.1775 0.1627 0.1629 0.1608 0.1697 
         136  1 0.1643 0.1801 0.1658 0.1623 0.1616 0.1659 
         137  1 0.1653 0.1579 0.1689 0.1659 0.1768 0.1653 
         138  1 0.1988 0.1544 0.1860 0.1595 0.1495 0.1518 
         139  1 0.1585 0.1845 0.1599 0.1610 0.1639 0.1722 
         140  1 0.1520 0.1708 0.1596 0.1709 0.1745 0.1722 
         141  1 0.1668 0.1704 0.1650 0.1695 0.1656 0.1627 
         142  1 0.1499 0.1776 0.1527 0.1659 0.1757 0.1781 
         143  1 0.1860 0.1637 0.1814 0.1651 0.1574 0.1464 
         144  1 0.1531 0.1660 0.1563 0.1621 0.1798 0.1827 
         145  1 0.1849 0.1578 0.1768 0.1642 0.1596 0.1567 
         146  1 0.1571 0.1825 0.1633 0.1737 0.1616 0.1619 
         147  1 0.1641 0.1724 0.1657 0.1687 0.1643 0.1648 
         148  1 0.1905 0.1559 0.1793 0.1617 0.1519 0.1606 
         149  1 0.1669 0.1687 0.1705 0.1653 0.1622 0.1664 
         150  1 0.1624 0.1642 0.1649 0.1654 0.1718 0.1713 
         151  1 0.1626 0.1611 0.1644 0.1686 0.1752 0.1682 
         152  1 0.1498 0.1758 0.1560 0.1748 0.1713 0.1722 
         153  1 0.1579 0.1788 0.1633 0.1729 0.1645 0.1625 
         154  1 0.1773 0.1637 0.1744 0.1677 0.1599 0.1570 
         155  1 0.1769 0.1557 0.1736 0.1647 0.1620 0.1671 
         156  1 0.1398 0.1744 0.1485 0.1635 0.1839 0.1897 
         157  1 0.1444 0.1636 0.1518 0.1742 0.1860 0.1799 
         158  1 0.1580 0.1703 0.1609 0.1736 0.1720 0.1652 
         159  1 0.1604 0.1724 0.1621 0.1689 0.1688 0.1674 
         160  1 0.1556 0.1731 0.1584 0.1630 0.1755 0.1743 
         161  1 0.1854 0.1611 0.1786 0.1690 0.1549 0.1510 
         162  1 0.3474 0.1008 0.2373 0.1160 0.0970 0.1015 
         163  1 0.1348 0.1795 0.1441 0.1639 0.1825 0.1952 
         164  1 0.1657 0.1681 0.1694 0.1717 0.1628 0.1622 
         165  1 0.1457 0.1685 0.1568 0.1718 0.1779 0.1793 
         166  1 0.1622 0.1592 0.1644 0.1675 0.1737 0.1731 
         167  1 0.2085 0.1593 0.1889 0.1556 0.1457 0.1420 
         168  1 0.1727 0.1658 0.1740 0.1694 0.1573 0.1607 
         169  1 0.1513 0.1700 0.1612 0.1695 0.1808 0.1671 
         170  1 0.1776 0.1692 0.1758 0.1603 0.1590 0.1581 
         171  1 0.1519 0.1595 0.1541 0.1617 0.1856 0.1873 
         172  1 0.1607 0.1703 0.1653 0.1658 0.1733 0.1646 
         173  1 0.1539 0.1773 0.1589 0.1663 0.1715 0.1722 
         174  1 0.1859 0.1589 0.1827 0.1656 0.1549 0.1520 
         175  1 0.1883 0.1532 0.1816 0.1619 0.1563 0.1587 
         176  1 0.1479 0.1619 0.1547 0.1789 0.1866 0.1699 
         177  1 0.1370 0.1740 0.1465 0.1709 0.1855 0.1862 
         178  1 0.1416 0.1795 0.1508 0.1631 0.1773 0.1876 
         179  1 0.1755 0.1653 0.1746 0.1680 0.1609 0.1558 
         180  1 0.1767 0.1611 0.1739 0.1689 0.1612 0.1583 
         181  1 0.1519 0.1701 0.1587 0.1749 0.1754 0.1690 
         182  1 0.1775 0.1632 0.1711 0.1678 0.1586 0.1617 
         183  1 0.1602 0.1660 0.1621 0.1735 0.1735 0.1648 
         184  1 0.1582 0.1723 0.1580 0.1643 0.1645 0.1828 
         185  1 0.1553 0.1641 0.1608 0.1648 0.1807 0.1743 
         186  1 0.1599 0.1674 0.1614 0.1659 0.1694 0.1760 
         187  1 0.1526 0.1682 0.1588 0.1684 0.1796 0.1724 
         188  1 0.1483 0.1725 0.1527 0.1601 0.1772 0.1892 
         189  1 0.1643 0.1613 0.1684 0.1690 0.1726 0.1645 
         190  1 0.1682 0.1728 0.1666 0.1723 0.1623 0.1579 
         191  1 0.1672 0.1665 0.1677 0.1694 0.1658 0.1634 
         192  1 0.1693 0.1642 0.1694 0.1644 0.1681 0.1647 
         193  1 0.1662 0.1514 0.1688 0.1741 0.1783 0.1613 
         194  1 0.1826 0.1625 0.1766 0.1622 0.1591 0.1569 
         195  1 0.1650 0.1790 0.1684 0.1732 0.1635 0.1510 
         196  1 0.2001 0.1556 0.1871 0.1572 0.1489 0.1511 
         197  1 0.1558 0.1647 0.1574 0.1767 0.1718 0.1736 
         198  1 0.1689 0.1557 0.1680 0.1746 0.1712 0.1615 
         199  1 0.1513 0.1721 0.1588 0.1763 0.1746 0.1670 
         200  1 0.1493 0.1859 0.1551 0.1673 0.1731 0.1694 
         201  1 0.1874 0.1551 0.1808 0.1581 0.1554 0.1632 
         202  1 0.1561 0.1677 0.1615 0.1661 0.1767 0.1719 
         203  1 0.1611 0.1766 0.1638 0.1684 0.1656 0.1645 
         204  1 0.1604 0.1655 0.1616 0.1732 0.1721 0.1672 
         205  1 0.1688 0.1582 0.1703 0.1784 0.1660 0.1583 
         206  1 0.1611 0.1779 0.1636 0.1698 0.1625 0.1652 
         207  1 0.1648 0.1606 0.1660 0.1712 0.1700 0.1675 
         208  1 0.1594 0.1718 0.1619 0.1681 0.1678 0.1710 
         209  1 0.1821 0.1620 0.1765 0.1600 0.1533 0.1661 
         210  1 0.1523 0.1672 0.1595 0.1715 0.1771 0.1724 
         211  1 0.1497 0.1733 0.1569 0.1677 0.1757 0.1768 
         212  1 0.1917 0.1677 0.1855 0.1635 0.1469 0.1448 
         213  1 0.1566 0.1655 0.1606 0.1698 0.1770 0.1705 
         214  1 0.1664 0.1675 0.1670 0.1621 0.1630 0.1739 
         215  1 0.1599 0.1631 0.1625 0.1611 0.1789 0.1745 
         216  1 0.1960 0.1600 0.1833 0.1600 0.1489 0.1518 
         217  1 0.1460 0.1720 0.1542 0.1726 0.1819 0.1733 
         218  1 0.1600 0.1712 0.1618 0.1680 0.1681 0.1710 
         219  1 0.2187 0.1512 0.1888 0.1524 0.1403 0.1486 
         220  1 0.1707 0.1701 0.1700 0.1634 0.1674 0.1584 
         221  1 0.1753 0.1655 0.1712 0.1612 0.1611 0.1656 
         222  1 0.1638 0.1641 0.1664 0.1716 0.1686 0.1654 
         223  1 0.1484 0.1793 0.1543 0.1709 0.1696 0.1776 
         224  1 0.1591 0.1683 0.1599 0.1701 0.1727 0.1699 
         225  1 0.1781 0.1657 0.1738 0.1658 0.1575 0.1592 
         226  1 0.2035 0.1472 0.1876 0.1608 0.1499 0.1511 
         227  1 0.1646 0.1666 0.1677 0.1694 0.1635 0.1683 
         228  1 0.1524 0.1638 0.1587 0.1747 0.1856 0.1649 
         229  1 0.1488 0.1716 0.1556 0.1739 0.1756 0.1745 
         230  1 0.1778 0.1568 0.1754 0.1648 0.1623 0.1630 
         231  1 0.1844 0.1588 0.1803 0.1623 0.1588 0.1554 
         232  1 0.1498 0.1747 0.1550 0.1664 0.1761 0.1781 
         233  1 0.1726 0.1718 0.1719 0.1721 0.1594 0.1522 
         234  1 0.1489 0.1725 0.1573 0.1679 0.1728 0.1805 
         235  1 0.1426 0.1626 0.1491 0.1819 0.1852 0.1785 
         236  1 0.1974 0.1558 0.1838 0.1627 0.1530 0.1473 
         237  1 0.1371 0.1757 0.1492 0.1758 0.1862 0.1759 
         238  1 0.1473 0.1708 0.1542 0.1675 0.1763 0.1839 
         239  1 0.1451 0.1667 0.1525 0.1749 0.1861 0.1747 
         240  1 0.1974 0.1625 0.1878 0.1567 0.1457 0.1500 
         241  1 0.1851 0.1566 0.1797 0.1642 0.1557 0.1586 
         242  1 0.1416 0.1740 0.1531 0.1774 0.1824 0.1715 
         243  1 0.1423 0.1779 0.1504 0.1770 0.1831 0.1693 
         244  1 0.1597 0.1747 0.1621 0.1669 0.1694 0.1672 
         245  1 0.1685 0.1530 0.1670 0.1662 0.1715 0.1738 
         246  1 0.1791 0.1574 0.1803 0.1631 0.1639 0.1561 
         247  1 0.1923 0.1540 0.1764 0.1589 0.1588 0.1596 
         248  1 0.1637 0.1557 0.1659 0.1721 0.1758 0.1669 
         249  1 0.1806 0.1663 0.1762 0.1607 0.1544 0.1619 
         250  1 0.1883 0.1568 0.1786 0.1559 0.1587 0.1618 
         251  1 0.1739 0.1603 0.1713 0.1658 0.1673 0.1614 
         252  1 0.1695 0.1670 0.1686 0.1660 0.1642 0.1647 
         253  1 0.1519 0.1755 0.1570 0.1689 0.1680 0.1788 
         254  1 0.1600 0.1745 0.1633 0.1680 0.1662 0.1679 
         255  1 0.1733 0.1622 0.1703 0.1603 0.1660 0.1679 
         256  1 0.1942 0.1588 0.1822 0.1601 0.1498 0.1549 
         257  1 0.1555 0.1772 0.1561 0.1630 0.1688 0.1795 
         258  1 0.1903 0.1569 0.1809 0.1583 0.1531 0.1606 
         259  1 0.1611 0.1644 0.1666 0.1689 0.1718 0.1672 
         260  1 0.1777 0.1557 0.1745 0.1691 0.1650 0.1580 
         261  1 0.1671 0.1557 0.1689 0.1721 0.1744 0.1618 
         262  1 0.1518 0.1693 0.1533 0.1538 0.1841 0.1877 
         263  1 0.1549 0.1684 0.1590 0.1658 0.1779 0.1738 
         264  1 0.1547 0.1663 0.1578 0.1728 0.1730 0.1753 
         265  1 0.1656 0.1681 0.1701 0.1696 0.1680 0.1586 
         266  1 0.1708 0.1591 0.1718 0.1686 0.1687 0.1610 
         267  1 0.1643 0.1733 0.1665 0.1719 0.1605 0.1635 
         268  1 0.1938 0.1473 0.1851 0.1602 0.1577 0.1559 
         269  1 0.2042 0.1501 0.1891 0.1582 0.1477 0.1507 
         270  1 0.1728 0.1661 0.1708 0.1654 0.1583 0.1666 
         271  1 0.1755 0.1679 0.1739 0.1652 0.1623 0.1553 
         272  1 0.2071 0.1479 0.1963 0.1613 0.1425 0.1448 
         273  1 0.1373 0.1763 0.1472 0.1645 0.1870 0.1877 
         274  1 0.1397 0.1691 0.1485 0.1754 0.1875 0.1797 
         275  1 0.1489 0.1702 0.1544 0.1718 0.1759 0.1788 
         276  1 0.1460 0.1723 0.1531 0.1739 0.1751 0.1796 
         277  1 0.1482 0.1845 0.1552 0.1660 0.1699 0.1763 
         278  1 0.1406 0.1854 0.1506 0.1734 0.1772 0.1728 
         279  1 0.1546 0.1633 0.1588 0.1684 0.1809 0.1740 
         280  1 0.1878 0.1505 0.1791 0.1575 0.1682 0.1569 
         281  1 0.1521 0.1752 0.1550 0.1707 0.1744 0.1727 
         282  1 0.1754 0.1607 0.1756 0.1618 0.1634 0.1631 
         283  1 0.1438 0.1807 0.1525 0.1710 0.1778 0.1742 
         284  1 0.1626 0.1773 0.1636 0.1625 0.1624 0.1715 
         285  1 0.2091 0.1577 0.1950 0.1529 0.1420 0.1433 
         286  1 0.1611 0.1666 0.1633 0.1695 0.1734 0.1661 
         287  1 0.1855 0.1552 0.1782 0.1688 0.1568 0.1554 
         288  1 0.1874 0.1554 0.1801 0.1692 0.1551 0.1528 
         289  1 0.1723 0.1687 0.1684 0.1616 0.1620 0.1669 
         290  1 0.1461 0.1805 0.1535 0.1688 0.1736 0.1775 
         291  1 0.1445 0.1853 0.1509 0.1679 0.1768 0.1746 
         292  1 0.1555 0.1644 0.1589 0.1749 0.1752 0.1710 
         293  1 0.1880 0.1520 0.1784 0.1678 0.1583 0.1555 
         294  1 0.1457 0.1738 0.1538 0.1661 0.1781 0.1825 
         295  1 0.1690 0.1700 0.1671 0.1657 0.1610 0.1672 
         296  1 0.1861 0.1584 0.1795 0.1596 0.1573 0.1591 
         297  1 0.1939 0.1554 0.1811 0.1625 0.1521 0.1551 
         298  1 0.2072 0.1478 0.1898 0.1574 0.1473 0.1505 
         299  1 0.1439 0.1768 0.1499 0.1639 0.1753 0.1901 
         300  1 0.1445 0.1746 0.1484 0.1655 0.1773 0.1897 
