           1  1 0.3704 0.2786 0.3510 
           2  1 0.3675 0.2645 0.3679 
           3  1 0.3392 0.3321 0.3287 
           4  1 0.2816 0.4330 0.2854 
           5  1 0.3468 0.3201 0.3331 
           6  1 0.3360 0.3099 0.3540 
           7  1 0.3285 0.3367 0.3349 
           8  1 0.3493 0.3010 0.3498 
           9  1 0.2939 0.4207 0.2855 
          10  1 0.3238 0.3696 0.3066 
          11  1 0.3690 0.2651 0.3659 
          12  1 0.2921 0.4098 0.2981 
          13  1 0.2817 0.4481 0.2701 
          14  1 0.2823 0.4165 0.3012 
          15  1 0.3370 0.3193 0.3437 
          16  1 0.3267 0.3373 0.3360 
          17  1 0.3074 0.3838 0.3087 
          18  1 0.3345 0.3330 0.3325 
          19  1 0.3394 0.3313 0.3293 
          20  1 0.3172 0.3596 0.3231 
          21  1 0.3647 0.2849 0.3504 
          22  1 0.3128 0.3783 0.3089 
          23  1 0.3516 0.2919 0.3565 
          24  1 0.3285 0.3447 0.3268 
          25  1 0.3381 0.3316 0.3303 
          26  1 0.3245 0.3428 0.3327 
          27  1 0.3171 0.3621 0.3208 
          28  1 0.3308 0.3430 0.3262 
          29  1 0.3373 0.3285 0.3341 
          30  1 0.3224 0.3421 0.3355 
          31  1 0.3622 0.2612 0.3766 
          32  1 0.3390 0.3354 0.3256 
          33  1 0.3189 0.3449 0.3361 
          34  1 0.3350 0.3257 0.3393 
          35  1 0.2927 0.4073 0.2999 
          36  1 0.3566 0.2898 0.3536 
          37  1 0.3588 0.2542 0.3870 
          38  1 0.3266 0.3313 0.3421 
          39  1 0.3213 0.3461 0.3326 
          40  1 0.3474 0.3045 0.3480 
          41  1 0.3415 0.3194 0.3391 
          42  1 0.3037 0.3989 0.2974 
          43  1 0.3141 0.3750 0.3109 
          44  1 0.3627 0.2874 0.3499 
          45  1 0.3526 0.2951 0.3523 
          46  1 0.3196 0.3645 0.3159 
          47  1 0.3716 0.2633 0.3652 
          48  1 0.3459 0.3097 0.3444 
          49  1 0.3000 0.3985 0.3016 
          50  1 0.3725 0.2719 0.3556 
          51  1 0.2768 0.4426 0.2806 
          52  1 0.3471 0.3240 0.3288 
          53  1 0.3348 0.3263 0.3389 
          54  1 0.3543 0.2871 0.3587 
          55  1 0.3229 0.3347 0.3424 
          56  1 0.3342 0.3235 0.3423 
          57  1 0.3631 0.2835 0.3534 
          58  1 0.3286 0.3318 0.3397 
          59  1 0.3505 0.2973 0.3522 
          60  1 0.3598 0.2843 0.3560 
          61  1 0.3175 0.3677 0.3148 
          62  1 0.3236 0.3469 0.3295 
          63  1 0.3354 0.3292 0.3354 
          64  1 0.3780 0.2508 0.3712 
          65  1 0.3433 0.3191 0.3376 
          66  1 0.3312 0.3298 0.3390 
          67  1 0.3127 0.3808 0.3065 
          68  1 0.3521 0.3090 0.3390 
          69  1 0.3229 0.3461 0.3311 
          70  1 0.3429 0.3025 0.3545 
          71  1 0.3459 0.2914 0.3627 
          72  1 0.3236 0.3548 0.3216 
          73  1 0.3656 0.2858 0.3486 
          74  1 0.3435 0.3007 0.3557 
          75  1 0.3454 0.3226 0.3320 
          76  1 0.3609 0.2750 0.3641 
          77  1 0.3331 0.3201 0.3468 
          78  1 0.3587 0.2775 0.3637 
          79  1 0.3319 0.3411 0.3269 
          80  1 0.2784 0.4334 0.2882 
          81  1 0.3596 0.2950 0.3454 
          82  1 0.3692 0.2661 0.3646 
          83  1 0.3690 0.2839 0.3471 
          84  1 0.3154 0.3719 0.3127 
          85  1 0.3597 0.2748 0.3655 
          86  1 0.3374 0.3193 0.3433 
          87  1 0.3519 0.3017 0.3464 
          88  1 0.3066 0.3783 0.3151 
          89  1 0.3124 0.3633 0.3243 
          90  1 0.3182 0.3527 0.3291 
          91  1 0.3648 0.2840 0.3512 
          92  1 0.3509 0.3075 0.3416 
          93  1 0.3466 0.3151 0.3383 
          94  1 0.3657 0.2839 0.3504 
          95  1 0.3608 0.2845 0.3547 
          96  1 0.3234 0.3679 0.3087 
          97  1 0.3249 0.3578 0.3172 
          98  1 0.3241 0.3671 0.3088 
          99  1 0.3308 0.3483 0.3209 
         100  1 0.3462 0.3301 0.3238 
         101  1 0.3385 0.3139 0.3476 
         102  1 0.3503 0.2836 0.3661 
         103  1 0.3026 0.3978 0.2996 
         104  1 0.3400 0.3125 0.3475 
         105  1 0.3748 0.2587 0.3664 
         106  1 0.3277 0.3409 0.3315 
         107  1 0.3236 0.3585 0.3179 
         108  1 0.3351 0.3270 0.3379 
         109  1 0.3078 0.3970 0.2953 
         110  1 0.3384 0.3289 0.3326 
         111  1 0.3511 0.3127 0.3362 
         112  1 0.3241 0.3497 0.3262 
         113  1 0.2899 0.4292 0.2808 
         114  1 0.3319 0.3372 0.3308 
         115  1 0.3116 0.3759 0.3125 
         116  1 0.3172 0.3564 0.3264 
         117  1 0.3430 0.3113 0.3456 
         118  1 0.3624 0.2878 0.3498 
         119  1 0.3580 0.2832 0.3588 
         120  1 0.3278 0.3344 0.3378 
         121  1 0.3012 0.3880 0.3108 
         122  1 0.3220 0.3354 0.3427 
         123  1 0.3434 0.3127 0.3439 
         124  1 0.3278 0.3410 0.3312 
         125  1 0.3508 0.2819 0.3673 
         126  1 0.3390 0.3169 0.3441 
         127  1 0.3433 0.3240 0.3328 
         128  1 0.2937 0.3960 0.3103 
         129  1 0.3047 0.3778 0.3175 
         130  1 0.3300 0.3278 0.3422 
         131  1 0.3528 0.2819 0.3653 
         132  1 0.3560 0.2985 0.3455 
         133  1 0.3619 0.2808 0.3573 
         134  1 0.3368 0.3115 0.3518 
         135  1 0.3408 0.3196 0.3396 
         136  1 0.3345 0.3250 0.3404 
         137  1 0.3349 0.3318 0.3334 
         138  1 0.2983 0.4034 0.2983 
         139  1 0.3507 0.2999 0.3494 
         140  1 0.3491 0.3024 0.3485 
         141  1 0.3379 0.3251 0.3370 
         142  1 0.3537 0.2811 0.3651 
         143  1 0.3057 0.3927 0.3016 
         144  1 0.3451 0.3026 0.3523 
         145  1 0.3097 0.3652 0.3251 
         146  1 0.3289 0.3285 0.3425 
         147  1 0.3388 0.3247 0.3365 
         148  1 0.3052 0.3906 0.3042 
         149  1 0.3157 0.3590 0.3253 
         150  1 0.3395 0.3218 0.3386 
         151  1 0.3426 0.3315 0.3258 
         152  1 0.3662 0.2895 0.3443 
         153  1 0.3548 0.2994 0.3458 
         154  1 0.3261 0.3519 0.3220 
         155  1 0.3107 0.3794 0.3099 
         156  1 0.3643 0.2636 0.3720 
         157  1 0.3648 0.2714 0.3638 
         158  1 0.3517 0.3096 0.3387 
         159  1 0.3426 0.3126 0.3449 
         160  1 0.3339 0.3121 0.3540 
         161  1 0.2979 0.4026 0.2995 
         162  1 0.1806 0.6386 0.1808 
         163  1 0.3677 0.2594 0.3729 
         164  1 0.3289 0.3434 0.3277 
         165  1 0.3705 0.2732 0.3563 
         166  1 0.3262 0.3376 0.3362 
         167  1 0.2923 0.4138 0.2939 
         168  1 0.3148 0.3682 0.3169 
         169  1 0.3521 0.2925 0.3554 
         170  1 0.3257 0.3577 0.3166 
         171  1 0.3336 0.3119 0.3545 
         172  1 0.3413 0.3259 0.3327 
         173  1 0.3460 0.3051 0.3489 
         174  1 0.3047 0.3811 0.3142 
         175  1 0.3021 0.3937 0.3042 
         176  1 0.3639 0.2814 0.3546 
         177  1 0.3737 0.2529 0.3733 
         178  1 0.3613 0.2718 0.3669 
         179  1 0.3201 0.3517 0.3282 
         180  1 0.3284 0.3568 0.3148 
         181  1 0.3491 0.2934 0.3575 
         182  1 0.3185 0.3565 0.3250 
         183  1 0.3405 0.3111 0.3484 
         184  1 0.3298 0.3349 0.3354 
         185  1 0.3411 0.3147 0.3442 
         186  1 0.3440 0.3182 0.3378 
         187  1 0.3602 0.2897 0.3502 
         188  1 0.3470 0.2847 0.3683 
         189  1 0.3336 0.3309 0.3355 
         190  1 0.3240 0.3473 0.3287 
         191  1 0.3164 0.3550 0.3286 
         192  1 0.3257 0.3476 0.3267 
         193  1 0.3350 0.3408 0.3241 
         194  1 0.3220 0.3645 0.3135 
         195  1 0.3051 0.3635 0.3313 
         196  1 0.2845 0.4283 0.2873 
         197  1 0.3516 0.3063 0.3420 
         198  1 0.3394 0.3303 0.3302 
         199  1 0.3560 0.2988 0.3452 
         200  1 0.3617 0.2869 0.3515 
         201  1 0.3016 0.3943 0.3041 
         202  1 0.3531 0.2906 0.3563 
         203  1 0.3366 0.3176 0.3457 
         204  1 0.3397 0.3252 0.3351 
         205  1 0.3412 0.3392 0.3196 
         206  1 0.3394 0.3252 0.3354 
         207  1 0.3450 0.3288 0.3262 
         208  1 0.3541 0.3088 0.3371 
         209  1 0.3120 0.3735 0.3145 
         210  1 0.3484 0.3037 0.3480 
         211  1 0.3580 0.2886 0.3534 
         212  1 0.3011 0.4027 0.2962 
         213  1 0.3469 0.3080 0.3450 
         214  1 0.3380 0.3263 0.3357 
         215  1 0.3319 0.3226 0.3455 
         216  1 0.3003 0.4033 0.2964 
         217  1 0.3579 0.2713 0.3709 
         218  1 0.3434 0.3103 0.3462 
         219  1 0.2896 0.4343 0.2761 
         220  1 0.3178 0.3572 0.3250 
         221  1 0.3212 0.3509 0.3279 
         222  1 0.3429 0.3248 0.3323 
         223  1 0.3591 0.2797 0.3612 
         224  1 0.3431 0.3088 0.3481 
         225  1 0.3233 0.3661 0.3105 
         226  1 0.2858 0.4307 0.2835 
         227  1 0.3360 0.3288 0.3352 
         228  1 0.3546 0.2922 0.3533 
         229  1 0.3642 0.2912 0.3446 
         230  1 0.3230 0.3539 0.3231 
         231  1 0.3144 0.3739 0.3117 
         232  1 0.3491 0.2791 0.3718 
         233  1 0.3211 0.3545 0.3244 
         234  1 0.3613 0.2824 0.3562 
         235  1 0.3708 0.2650 0.3642 
         236  1 0.2907 0.4243 0.2851 
         237  1 0.3718 0.2597 0.3684 
         238  1 0.3636 0.2733 0.3631 
         239  1 0.3601 0.2781 0.3618 
         240  1 0.2901 0.4208 0.2891 
         241  1 0.2981 0.4026 0.2993 
         242  1 0.3731 0.2588 0.3681 
         243  1 0.3792 0.2690 0.3519 
         244  1 0.3372 0.3165 0.3463 
         245  1 0.3163 0.3595 0.3242 
         246  1 0.3123 0.3640 0.3237 
         247  1 0.3062 0.3833 0.3105 
         248  1 0.3376 0.3341 0.3283 
         249  1 0.3213 0.3626 0.3161 
         250  1 0.3061 0.3758 0.3181 
         251  1 0.3257 0.3531 0.3211 
         252  1 0.3363 0.3335 0.3302 
         253  1 0.3457 0.3123 0.3420 
         254  1 0.3366 0.3160 0.3474 
         255  1 0.3149 0.3663 0.3187 
         256  1 0.3039 0.3972 0.2989 
         257  1 0.3349 0.3076 0.3575 
         258  1 0.3003 0.3929 0.3068 
         259  1 0.3421 0.3130 0.3448 
         260  1 0.3197 0.3667 0.3136 
         261  1 0.3263 0.3444 0.3293 
         262  1 0.3331 0.3031 0.3637 
         263  1 0.3558 0.2958 0.3484 
         264  1 0.3601 0.2957 0.3441 
         265  1 0.3348 0.3296 0.3356 
         266  1 0.3357 0.3298 0.3345 
         267  1 0.3516 0.3181 0.3303 
         268  1 0.2953 0.4009 0.3038 
         269  1 0.2838 0.4306 0.2855 
         270  1 0.3304 0.3518 0.3178 
         271  1 0.3237 0.3549 0.3214 
         272  1 0.2825 0.4354 0.2822 
         273  1 0.3732 0.2543 0.3725 
         274  1 0.3770 0.2615 0.3615 
         275  1 0.3533 0.2979 0.3488 
         276  1 0.3594 0.2883 0.3523 
         277  1 0.3676 0.2756 0.3567 
         278  1 0.3676 0.2584 0.3739 
         279  1 0.3448 0.3072 0.3480 
         280  1 0.3060 0.3806 0.3133 
         281  1 0.3619 0.2903 0.3478 
         282  1 0.3219 0.3580 0.3201 
         283  1 0.3649 0.2691 0.3659 
         284  1 0.3274 0.3325 0.3401 
         285  1 0.2778 0.4437 0.2784 
         286  1 0.3470 0.3100 0.3430 
         287  1 0.3113 0.3781 0.3106 
         288  1 0.3096 0.3837 0.3066 
         289  1 0.3275 0.3402 0.3323 
         290  1 0.3469 0.2836 0.3695 
         291  1 0.3624 0.2645 0.3731 
         292  1 0.3509 0.3048 0.3443 
         293  1 0.3071 0.3852 0.3077 
         294  1 0.3607 0.2858 0.3535 
         295  1 0.3217 0.3585 0.3198 
         296  1 0.3071 0.3859 0.3070 
         297  1 0.2957 0.4061 0.2982 
         298  1 0.2780 0.4442 0.2778 
         299  1 0.3576 0.2713 0.3711 
         300  1 0.3499 0.2869 0.3632 
