           1  1 0.2117 0.1826 0.2129 0.2054 0.1873 
           2  1 0.2095 0.1756 0.2127 0.2213 0.1808 
           3  1 0.2016 0.1977 0.2041 0.1993 0.1973 
           4  1 0.1841 0.2283 0.1849 0.1800 0.2226 
           5  1 0.2070 0.1930 0.2015 0.2015 0.1970 
           6  1 0.2040 0.1945 0.2025 0.1991 0.1999 
           7  1 0.1960 0.1977 0.1994 0.2055 0.2015 
           8  1 0.2030 0.1915 0.2018 0.2104 0.1934 
           9  1 0.1850 0.2273 0.1860 0.1817 0.2200 
          10  1 0.1982 0.2090 0.1942 0.1910 0.2077 
          11  1 0.2137 0.1787 0.2151 0.2097 0.1828 
          12  1 0.1858 0.2252 0.1861 0.1885 0.2145 
          13  1 0.1813 0.2376 0.1803 0.1765 0.2243 
          14  1 0.1866 0.2235 0.1874 0.1817 0.2208 
          15  1 0.2049 0.1952 0.2024 0.2049 0.1926 
          16  1 0.1959 0.1992 0.1990 0.2076 0.1984 
          17  1 0.1955 0.2129 0.1923 0.1870 0.2123 
          18  1 0.2005 0.1970 0.2024 0.1993 0.2008 
          19  1 0.2004 0.2009 0.1990 0.1967 0.2029 
          20  1 0.1972 0.2052 0.1989 0.1914 0.2073 
          21  1 0.2124 0.1843 0.2120 0.2031 0.1882 
          22  1 0.1953 0.2093 0.1958 0.1945 0.2051 
          23  1 0.2075 0.1851 0.2070 0.2104 0.1899 
          24  1 0.1997 0.2026 0.1963 0.1990 0.2024 
          25  1 0.1997 0.2024 0.1984 0.1962 0.2033 
          26  1 0.1975 0.2018 0.1955 0.2027 0.2024 
          27  1 0.1926 0.2105 0.1963 0.1905 0.2102 
          28  1 0.1989 0.1974 0.1965 0.2099 0.1973 
          29  1 0.2025 0.1971 0.2025 0.1995 0.1984 
          30  1 0.1968 0.2039 0.1968 0.2006 0.2019 
          31  1 0.2109 0.1756 0.2088 0.2249 0.1798 
          32  1 0.2002 0.2050 0.2013 0.1869 0.2065 
          33  1 0.1932 0.2054 0.1958 0.2033 0.2024 
          34  1 0.1995 0.1993 0.1989 0.2021 0.2003 
          35  1 0.1868 0.2212 0.1903 0.1848 0.2169 
          36  1 0.2057 0.1860 0.2072 0.2120 0.1892 
          37  1 0.2112 0.1710 0.2058 0.2369 0.1751 
          38  1 0.1956 0.2044 0.1924 0.2044 0.2032 
          39  1 0.1977 0.2055 0.1951 0.1984 0.2033 
          40  1 0.2086 0.1893 0.2124 0.1965 0.1932 
          41  1 0.2018 0.1977 0.1966 0.2027 0.2012 
          42  1 0.1883 0.2227 0.1891 0.1848 0.2151 
          43  1 0.1938 0.2115 0.1927 0.1938 0.2082 
          44  1 0.2069 0.1902 0.2058 0.2037 0.1934 
          45  1 0.2052 0.1929 0.2095 0.1961 0.1962 
          46  1 0.1943 0.2065 0.1937 0.2006 0.2050 
          47  1 0.2143 0.1784 0.2125 0.2112 0.1836 
          48  1 0.2058 0.1904 0.2008 0.2134 0.1896 
          49  1 0.1901 0.2165 0.1894 0.1902 0.2138 
          50  1 0.2139 0.1811 0.2152 0.2048 0.1851 
          51  1 0.1809 0.2344 0.1807 0.1821 0.2219 
          52  1 0.2024 0.1935 0.2055 0.2064 0.1921 
          53  1 0.1985 0.1995 0.2026 0.1969 0.2025 
          54  1 0.2083 0.1867 0.2081 0.2061 0.1907 
          55  1 0.1971 0.2008 0.1984 0.2015 0.2022 
          56  1 0.2025 0.1968 0.2014 0.2004 0.1989 
          57  1 0.2135 0.1823 0.2104 0.2059 0.1879 
          58  1 0.1989 0.2013 0.2006 0.1933 0.2059 
          59  1 0.2050 0.1898 0.2029 0.2098 0.1925 
          60  1 0.2106 0.1838 0.2114 0.2062 0.1881 
          61  1 0.1950 0.2091 0.1937 0.1952 0.2071 
          62  1 0.1981 0.2028 0.1954 0.2041 0.1996 
          63  1 0.1990 0.1989 0.1960 0.2079 0.1983 
          64  1 0.2157 0.1743 0.2214 0.2072 0.1813 
          65  1 0.2008 0.1997 0.2011 0.2016 0.1969 
          66  1 0.1976 0.1995 0.1996 0.2038 0.1996 
          67  1 0.1928 0.2130 0.1915 0.1887 0.2139 
          68  1 0.2046 0.1938 0.2036 0.2021 0.1958 
          69  1 0.1947 0.2043 0.1952 0.2047 0.2010 
          70  1 0.2065 0.1916 0.2073 0.2031 0.1914 
          71  1 0.2082 0.1858 0.2068 0.2090 0.1902 
          72  1 0.1997 0.2060 0.1980 0.1959 0.2003 
          73  1 0.2080 0.1883 0.2086 0.2047 0.1904 
          74  1 0.2054 0.1898 0.2081 0.2089 0.1878 
          75  1 0.1997 0.2023 0.2043 0.1898 0.2040 
          76  1 0.2091 0.1844 0.2136 0.2025 0.1904 
          77  1 0.1998 0.1940 0.1977 0.2141 0.1944 
          78  1 0.2103 0.1803 0.2093 0.2150 0.1851 
          79  1 0.2004 0.2037 0.2002 0.1920 0.2038 
          80  1 0.1829 0.2324 0.1806 0.1825 0.2215 
          81  1 0.2058 0.1909 0.2089 0.1996 0.1948 
          82  1 0.2119 0.1779 0.2149 0.2141 0.1812 
          83  1 0.2078 0.1899 0.2068 0.2024 0.1932 
          84  1 0.1933 0.2073 0.1960 0.1932 0.2102 
          85  1 0.2081 0.1795 0.2084 0.2197 0.1843 
          86  1 0.2055 0.1944 0.2068 0.1947 0.1986 
          87  1 0.2109 0.1918 0.2110 0.1919 0.1943 
          88  1 0.1941 0.2122 0.1943 0.1864 0.2130 
          89  1 0.1974 0.2100 0.1979 0.1896 0.2052 
          90  1 0.1958 0.2065 0.1971 0.1951 0.2055 
          91  1 0.2087 0.1841 0.2131 0.2075 0.1866 
          92  1 0.2035 0.1918 0.2052 0.2090 0.1903 
          93  1 0.2029 0.1974 0.2044 0.1979 0.1974 
          94  1 0.2072 0.1865 0.2109 0.2055 0.1900 
          95  1 0.2045 0.1889 0.2065 0.2088 0.1914 
          96  1 0.1924 0.2136 0.1953 0.1892 0.2095 
          97  1 0.1974 0.2076 0.1961 0.1927 0.2062 
          98  1 0.1979 0.2061 0.1950 0.1959 0.2050 
          99  1 0.1962 0.2034 0.1979 0.1988 0.2037 
         100  1 0.2051 0.1941 0.2040 0.2004 0.1964 
         101  1 0.2039 0.1952 0.2070 0.1970 0.1970 
         102  1 0.2038 0.1866 0.2065 0.2116 0.1916 
         103  1 0.1898 0.2201 0.1857 0.1953 0.2092 
         104  1 0.2025 0.1914 0.1987 0.2136 0.1938 
         105  1 0.2135 0.1743 0.2136 0.2186 0.1800 
         106  1 0.1974 0.2022 0.2003 0.1991 0.2010 
         107  1 0.1959 0.2090 0.1954 0.1954 0.2044 
         108  1 0.2013 0.1976 0.2008 0.2007 0.1995 
         109  1 0.1920 0.2161 0.1893 0.1906 0.2120 
         110  1 0.2036 0.1986 0.1999 0.1982 0.1998 
         111  1 0.2078 0.1942 0.2102 0.1976 0.1902 
         112  1 0.2021 0.2023 0.1964 0.1965 0.2027 
         113  1 0.1848 0.2313 0.1820 0.1890 0.2129 
         114  1 0.2012 0.1969 0.1979 0.2110 0.1931 
         115  1 0.1938 0.2154 0.1931 0.1865 0.2112 
         116  1 0.1990 0.2040 0.1960 0.1966 0.2043 
         117  1 0.2037 0.1902 0.2058 0.2094 0.1909 
         118  1 0.2134 0.1808 0.2126 0.2112 0.1820 
         119  1 0.2069 0.1859 0.2139 0.2025 0.1908 
         120  1 0.1992 0.2035 0.2021 0.1907 0.2045 
         121  1 0.1901 0.2188 0.1865 0.1902 0.2144 
         122  1 0.1974 0.1991 0.1990 0.2045 0.2001 
         123  1 0.2064 0.1935 0.2064 0.1992 0.1945 
         124  1 0.1961 0.2007 0.1947 0.2119 0.1967 
         125  1 0.2074 0.1848 0.2090 0.2076 0.1912 
         126  1 0.2004 0.1952 0.2034 0.2031 0.1979 
         127  1 0.2016 0.1969 0.1985 0.2040 0.1990 
         128  1 0.1885 0.2210 0.1862 0.1879 0.2165 
         129  1 0.1918 0.2155 0.1884 0.1957 0.2087 
         130  1 0.1967 0.1998 0.2036 0.1983 0.2015 
         131  1 0.2029 0.1857 0.2089 0.2123 0.1901 
         132  1 0.2052 0.1916 0.2042 0.2054 0.1936 
         133  1 0.2055 0.1831 0.2085 0.2129 0.1899 
         134  1 0.2032 0.1913 0.2064 0.2064 0.1928 
         135  1 0.2044 0.1951 0.2062 0.2015 0.1928 
         136  1 0.1958 0.2012 0.1960 0.2048 0.2022 
         137  1 0.1994 0.2023 0.1983 0.1988 0.2012 
         138  1 0.1854 0.2248 0.1854 0.1875 0.2170 
         139  1 0.2038 0.1893 0.2052 0.2113 0.1904 
         140  1 0.2066 0.1909 0.2033 0.2037 0.1954 
         141  1 0.1995 0.1999 0.1996 0.1994 0.2016 
         142  1 0.2056 0.1864 0.2067 0.2112 0.1902 
         143  1 0.1916 0.2168 0.1898 0.1892 0.2125 
         144  1 0.2056 0.1899 0.2024 0.2136 0.1886 
         145  1 0.1932 0.2125 0.1965 0.1921 0.2057 
         146  1 0.2000 0.1933 0.1982 0.2081 0.2004 
         147  1 0.1994 0.1985 0.1987 0.2023 0.2011 
         148  1 0.1938 0.2158 0.1918 0.1903 0.2083 
         149  1 0.1944 0.2029 0.1952 0.2035 0.2041 
         150  1 0.2033 0.1958 0.2019 0.2023 0.1967 
         151  1 0.1993 0.1967 0.2024 0.2046 0.1970 
         152  1 0.2081 0.1910 0.2071 0.2003 0.1935 
         153  1 0.2057 0.1927 0.2030 0.2036 0.1950 
         154  1 0.2001 0.2064 0.1992 0.1911 0.2032 
         155  1 0.1944 0.2110 0.1959 0.1922 0.2065 
         156  1 0.2108 0.1798 0.2061 0.2195 0.1839 
         157  1 0.2094 0.1824 0.2160 0.2061 0.1862 
         158  1 0.2070 0.1950 0.2018 0.2016 0.1945 
         159  1 0.2017 0.1934 0.2041 0.2042 0.1967 
         160  1 0.1968 0.1934 0.2032 0.2107 0.1959 
         161  1 0.1921 0.2160 0.1914 0.1858 0.2146 
         162  1 0.1402 0.3239 0.1381 0.1392 0.2586 
         163  1 0.2100 0.1751 0.2091 0.2270 0.1788 
         164  1 0.2005 0.2005 0.2033 0.1936 0.2021 
         165  1 0.2088 0.1851 0.2091 0.2080 0.1890 
         166  1 0.2016 0.1990 0.2030 0.1978 0.1986 
         167  1 0.1853 0.2282 0.1844 0.1859 0.2162 
         168  1 0.2009 0.2039 0.1975 0.1918 0.2059 
         169  1 0.2079 0.1880 0.2051 0.2059 0.1931 
         170  1 0.1940 0.2103 0.1964 0.1920 0.2073 
         171  1 0.2037 0.1916 0.2001 0.2137 0.1909 
         172  1 0.1993 0.1953 0.2045 0.2037 0.1972 
         173  1 0.2040 0.1890 0.2054 0.2091 0.1925 
         174  1 0.1897 0.2182 0.1921 0.1849 0.2151 
         175  1 0.1894 0.2199 0.1857 0.1900 0.2150 
         176  1 0.2095 0.1832 0.2159 0.2054 0.1860 
         177  1 0.2095 0.1756 0.2111 0.2222 0.1816 
         178  1 0.2130 0.1789 0.2092 0.2163 0.1827 
         179  1 0.1985 0.2040 0.2012 0.1942 0.2021 
         180  1 0.1975 0.2106 0.1924 0.1887 0.2107 
         181  1 0.2045 0.1897 0.2110 0.2015 0.1934 
         182  1 0.1917 0.2109 0.1926 0.1934 0.2113 
         183  1 0.2024 0.1943 0.2089 0.1968 0.1976 
         184  1 0.2016 0.1982 0.1999 0.2025 0.1978 
         185  1 0.1999 0.1949 0.2015 0.2056 0.1981 
         186  1 0.2036 0.1932 0.2017 0.2058 0.1957 
         187  1 0.2060 0.1865 0.2080 0.2108 0.1887 
         188  1 0.2049 0.1851 0.2067 0.2178 0.1855 
         189  1 0.1999 0.2027 0.1980 0.1938 0.2055 
         190  1 0.1994 0.2017 0.1982 0.1977 0.2030 
         191  1 0.1986 0.2054 0.1923 0.1952 0.2085 
         192  1 0.1966 0.2014 0.2020 0.1986 0.2013 
         193  1 0.2021 0.2029 0.2037 0.1895 0.2018 
         194  1 0.1954 0.2096 0.1938 0.1954 0.2059 
         195  1 0.1925 0.2068 0.1965 0.1925 0.2118 
         196  1 0.1850 0.2254 0.1861 0.1868 0.2167 
         197  1 0.2052 0.1960 0.2102 0.1894 0.1992 
         198  1 0.2006 0.2035 0.2031 0.1893 0.2035 
         199  1 0.2095 0.1879 0.2119 0.1962 0.1945 
         200  1 0.2059 0.1843 0.2062 0.2142 0.1893 
         201  1 0.1897 0.2166 0.1912 0.1912 0.2113 
         202  1 0.2081 0.1871 0.2088 0.2093 0.1867 
         203  1 0.1990 0.1985 0.2004 0.1983 0.2038 
         204  1 0.1998 0.1972 0.2056 0.1981 0.1993 
         205  1 0.2010 0.2065 0.1972 0.1848 0.2104 
         206  1 0.2052 0.1954 0.1991 0.2021 0.1982 
         207  1 0.2015 0.2010 0.1999 0.1957 0.2020 
         208  1 0.2034 0.1931 0.2068 0.2020 0.1947 
         209  1 0.1910 0.2118 0.1921 0.1985 0.2065 
         210  1 0.2048 0.1882 0.2054 0.2107 0.1909 
         211  1 0.2052 0.1883 0.2018 0.2136 0.1911 
         212  1 0.1890 0.2209 0.1873 0.1861 0.2166 
         213  1 0.2042 0.1931 0.2054 0.2018 0.1956 
         214  1 0.1989 0.1981 0.1947 0.2125 0.1958 
         215  1 0.1945 0.1979 0.2005 0.2075 0.1995 
         216  1 0.1872 0.2239 0.1850 0.1871 0.2168 
         217  1 0.2091 0.1819 0.2106 0.2122 0.1863 
         218  1 0.2027 0.1962 0.2032 0.2009 0.1969 
         219  1 0.1864 0.2311 0.1821 0.1878 0.2127 
         220  1 0.1954 0.2056 0.1949 0.1999 0.2042 
         221  1 0.1959 0.2101 0.1957 0.1915 0.2068 
         222  1 0.2042 0.1996 0.2017 0.1948 0.1997 
         223  1 0.2074 0.1827 0.2126 0.2116 0.1857 
         224  1 0.2000 0.1943 0.2016 0.2073 0.1968 
         225  1 0.1976 0.2104 0.1950 0.1875 0.2095 
         226  1 0.1855 0.2268 0.1847 0.1839 0.2191 
         227  1 0.1996 0.2011 0.1986 0.1990 0.2016 
         228  1 0.2065 0.1897 0.2073 0.2035 0.1931 
         229  1 0.2124 0.1834 0.2105 0.2055 0.1882 
         230  1 0.1958 0.2081 0.1950 0.1964 0.2047 
         231  1 0.1944 0.2113 0.1906 0.1964 0.2073 
         232  1 0.2034 0.1841 0.2094 0.2145 0.1887 
         233  1 0.1946 0.2076 0.1977 0.1883 0.2118 
         234  1 0.2101 0.1833 0.2061 0.2128 0.1877 
         235  1 0.2130 0.1820 0.2205 0.1986 0.1859 
         236  1 0.1909 0.2227 0.1870 0.1814 0.2178 
         237  1 0.2119 0.1739 0.2192 0.2140 0.1809 
         238  1 0.2085 0.1819 0.2111 0.2144 0.1841 
         239  1 0.2112 0.1825 0.2143 0.2067 0.1852 
         240  1 0.1864 0.2256 0.1848 0.1868 0.2164 
         241  1 0.1943 0.2137 0.1886 0.1922 0.2113 
         242  1 0.2136 0.1780 0.2196 0.2049 0.1839 
         243  1 0.2148 0.1790 0.2105 0.2113 0.1844 
         244  1 0.2010 0.1927 0.2023 0.2074 0.1966 
         245  1 0.1960 0.2060 0.1959 0.1981 0.2040 
         246  1 0.1922 0.2126 0.1947 0.1922 0.2084 
         247  1 0.1952 0.2127 0.1956 0.1920 0.2045 
         248  1 0.2012 0.2005 0.1996 0.1968 0.2020 
         249  1 0.1960 0.2078 0.1921 0.1986 0.2055 
         250  1 0.1904 0.2160 0.1882 0.1946 0.2107 
         251  1 0.1976 0.2080 0.1944 0.1956 0.2045 
         252  1 0.1974 0.2011 0.1989 0.2023 0.2003 
         253  1 0.2060 0.1897 0.2031 0.2087 0.1924 
         254  1 0.2052 0.1939 0.2031 0.2037 0.1941 
         255  1 0.1902 0.2105 0.1905 0.1992 0.2095 
         256  1 0.1910 0.2183 0.1913 0.1874 0.2120 
         257  1 0.2023 0.1947 0.2006 0.2073 0.1951 
         258  1 0.1912 0.2181 0.1887 0.1919 0.2101 
         259  1 0.2023 0.1955 0.2030 0.2021 0.1971 
         260  1 0.1982 0.2092 0.1964 0.1895 0.2067 
         261  1 0.1988 0.2005 0.2045 0.1928 0.2034 
         262  1 0.2027 0.1876 0.2028 0.2213 0.1857 
         263  1 0.2044 0.1911 0.2037 0.2079 0.1930 
         264  1 0.2097 0.1862 0.2091 0.2071 0.1879 
         265  1 0.2010 0.2006 0.2027 0.1949 0.2010 
         266  1 0.1968 0.2042 0.2021 0.1936 0.2033 
         267  1 0.2047 0.1946 0.2024 0.2025 0.1958 
         268  1 0.1883 0.2226 0.1866 0.1878 0.2146 
         269  1 0.1854 0.2314 0.1812 0.1781 0.2239 
         270  1 0.2009 0.2034 0.1978 0.1957 0.2022 
         271  1 0.1965 0.2061 0.1952 0.1961 0.2061 
         272  1 0.1824 0.2370 0.1795 0.1731 0.2280 
         273  1 0.2118 0.1736 0.2129 0.2251 0.1765 
         274  1 0.2148 0.1753 0.2210 0.2090 0.1799 
         275  1 0.2055 0.1865 0.2077 0.2115 0.1889 
         276  1 0.2101 0.1832 0.2072 0.2108 0.1886 
         277  1 0.2113 0.1802 0.2071 0.2173 0.1840 
         278  1 0.2122 0.1771 0.2168 0.2102 0.1837 
         279  1 0.2042 0.1935 0.1996 0.2064 0.1963 
         280  1 0.1907 0.2166 0.1901 0.1943 0.2082 
         281  1 0.2096 0.1865 0.2070 0.2067 0.1902 
         282  1 0.1974 0.2040 0.1957 0.2018 0.2010 
         283  1 0.2094 0.1822 0.2102 0.2116 0.1866 
         284  1 0.1984 0.1994 0.1977 0.2032 0.2014 
         285  1 0.1847 0.2321 0.1804 0.1812 0.2217 
         286  1 0.2043 0.1963 0.2041 0.1966 0.1987 
         287  1 0.1932 0.2143 0.1963 0.1845 0.2117 
         288  1 0.1921 0.2170 0.1942 0.1825 0.2143 
         289  1 0.1978 0.2016 0.1953 0.2046 0.2007 
         290  1 0.2033 0.1857 0.2058 0.2166 0.1886 
         291  1 0.2081 0.1824 0.2052 0.2173 0.1869 
         292  1 0.2081 0.1928 0.2076 0.1982 0.1933 
         293  1 0.1880 0.2246 0.1878 0.1797 0.2199 
         294  1 0.2048 0.1848 0.2059 0.2168 0.1877 
         295  1 0.1969 0.2044 0.1958 0.1979 0.2050 
         296  1 0.1921 0.2139 0.1919 0.1915 0.2106 
         297  1 0.1891 0.2195 0.1867 0.1901 0.2146 
         298  1 0.1817 0.2329 0.1811 0.1807 0.2236 
         299  1 0.2116 0.1801 0.2076 0.2176 0.1830 
         300  1 0.2101 0.1807 0.2073 0.2178 0.1842 
