           1  1 0.3628 0.2905 0.3466 
           2  1 0.3526 0.2768 0.3706 
           3  1 0.3435 0.3271 0.3294 
           4  1 0.2908 0.4098 0.2994 
           5  1 0.3434 0.3172 0.3395 
           6  1 0.3438 0.3140 0.3421 
           7  1 0.3256 0.3381 0.3364 
           8  1 0.3285 0.3181 0.3534 
           9  1 0.3021 0.3988 0.2991 
          10  1 0.3256 0.3615 0.3129 
          11  1 0.3703 0.2772 0.3525 
          12  1 0.2986 0.3959 0.3055 
          13  1 0.2973 0.4221 0.2806 
          14  1 0.3002 0.3942 0.3057 
          15  1 0.3438 0.3184 0.3377 
          16  1 0.3309 0.3348 0.3342 
          17  1 0.3197 0.3696 0.3107 
          18  1 0.3404 0.3342 0.3254 
          19  1 0.3353 0.3383 0.3264 
          20  1 0.3295 0.3485 0.3220 
          21  1 0.3584 0.2952 0.3464 
          22  1 0.3210 0.3563 0.3226 
          23  1 0.3442 0.3039 0.3519 
          24  1 0.3244 0.3384 0.3372 
          25  1 0.3326 0.3353 0.3321 
          26  1 0.3266 0.3363 0.3371 
          27  1 0.3188 0.3571 0.3241 
          28  1 0.3305 0.3272 0.3423 
          29  1 0.3436 0.3239 0.3326 
          30  1 0.3348 0.3389 0.3264 
          31  1 0.3439 0.2812 0.3749 
          32  1 0.3352 0.3361 0.3287 
          33  1 0.3276 0.3480 0.3244 
          34  1 0.3319 0.3349 0.3332 
          35  1 0.3004 0.3940 0.3056 
          36  1 0.3521 0.2965 0.3514 
          37  1 0.3543 0.2686 0.3771 
          38  1 0.3234 0.3393 0.3373 
          39  1 0.3279 0.3424 0.3296 
          40  1 0.3490 0.3115 0.3394 
          41  1 0.3380 0.3242 0.3378 
          42  1 0.3137 0.3862 0.3001 
          43  1 0.3212 0.3619 0.3169 
          44  1 0.3553 0.3037 0.3410 
          45  1 0.3534 0.3104 0.3362 
          46  1 0.3189 0.3544 0.3267 
          47  1 0.3603 0.2754 0.3642 
          48  1 0.3475 0.3115 0.3410 
          49  1 0.3117 0.3783 0.3099 
          50  1 0.3675 0.2845 0.3480 
          51  1 0.2887 0.4158 0.2955 
          52  1 0.3470 0.3165 0.3365 
          53  1 0.3245 0.3352 0.3404 
          54  1 0.3466 0.2992 0.3542 
          55  1 0.3223 0.3357 0.3421 
          56  1 0.3287 0.3291 0.3423 
          57  1 0.3577 0.2943 0.3480 
          58  1 0.3281 0.3370 0.3349 
          59  1 0.3451 0.3062 0.3487 
          60  1 0.3526 0.2946 0.3529 
          61  1 0.3215 0.3560 0.3225 
          62  1 0.3220 0.3424 0.3357 
          63  1 0.3220 0.3297 0.3483 
          64  1 0.3740 0.2692 0.3567 
          65  1 0.3375 0.3202 0.3423 
          66  1 0.3230 0.3380 0.3390 
          67  1 0.3169 0.3717 0.3114 
          68  1 0.3506 0.3159 0.3334 
          69  1 0.3189 0.3474 0.3337 
          70  1 0.3446 0.3096 0.3457 
          71  1 0.3543 0.2985 0.3471 
          72  1 0.3329 0.3497 0.3175 
          73  1 0.3584 0.3030 0.3386 
          74  1 0.3503 0.3047 0.3450 
          75  1 0.3412 0.3370 0.3218 
          76  1 0.3545 0.2951 0.3504 
          77  1 0.3274 0.3225 0.3501 
          78  1 0.3495 0.2903 0.3602 
          79  1 0.3352 0.3437 0.3211 
          80  1 0.2907 0.4101 0.2992 
          81  1 0.3494 0.3117 0.3389 
          82  1 0.3576 0.2762 0.3662 
          83  1 0.3625 0.3004 0.3371 
          84  1 0.3192 0.3557 0.3251 
          85  1 0.3548 0.2833 0.3619 
          86  1 0.3431 0.3222 0.3347 
          87  1 0.3549 0.3096 0.3355 
          88  1 0.3127 0.3644 0.3229 
          89  1 0.3295 0.3537 0.3168 
          90  1 0.3229 0.3456 0.3315 
          91  1 0.3586 0.2927 0.3488 
          92  1 0.3437 0.3125 0.3439 
          93  1 0.3498 0.3198 0.3304 
          94  1 0.3634 0.2961 0.3405 
          95  1 0.3486 0.2988 0.3526 
          96  1 0.3158 0.3636 0.3206 
          97  1 0.3279 0.3527 0.3194 
          98  1 0.3269 0.3533 0.3198 
          99  1 0.3298 0.3440 0.3262 
         100  1 0.3443 0.3220 0.3337 
         101  1 0.3391 0.3199 0.3410 
         102  1 0.3477 0.2982 0.3541 
         103  1 0.3025 0.3751 0.3224 
         104  1 0.3401 0.3118 0.3481 
         105  1 0.3648 0.2739 0.3613 
         106  1 0.3297 0.3409 0.3294 
         107  1 0.3326 0.3518 0.3156 
         108  1 0.3266 0.3314 0.3420 
         109  1 0.3133 0.3761 0.3105 
         110  1 0.3417 0.3234 0.3349 
         111  1 0.3466 0.3116 0.3418 
         112  1 0.3288 0.3401 0.3311 
         113  1 0.3029 0.3980 0.2991 
         114  1 0.3325 0.3266 0.3409 
         115  1 0.3189 0.3633 0.3178 
         116  1 0.3261 0.3522 0.3217 
         117  1 0.3373 0.3128 0.3499 
         118  1 0.3639 0.2877 0.3485 
         119  1 0.3519 0.2979 0.3502 
         120  1 0.3319 0.3400 0.3281 
         121  1 0.3012 0.3811 0.3177 
         122  1 0.3150 0.3394 0.3456 
         123  1 0.3511 0.3220 0.3269 
         124  1 0.3330 0.3320 0.3350 
         125  1 0.3504 0.2989 0.3507 
         126  1 0.3379 0.3211 0.3410 
         127  1 0.3373 0.3240 0.3387 
         128  1 0.2976 0.3870 0.3155 
         129  1 0.3097 0.3721 0.3182 
         130  1 0.3388 0.3354 0.3258 
         131  1 0.3482 0.2965 0.3553 
         132  1 0.3479 0.3138 0.3383 
         133  1 0.3583 0.2915 0.3502 
         134  1 0.3334 0.3164 0.3502 
         135  1 0.3418 0.3172 0.3410 
         136  1 0.3306 0.3336 0.3357 
         137  1 0.3378 0.3371 0.3251 
         138  1 0.2985 0.3956 0.3059 
         139  1 0.3427 0.3068 0.3505 
         140  1 0.3410 0.3108 0.3482 
         141  1 0.3373 0.3333 0.3294 
         142  1 0.3424 0.2976 0.3600 
         143  1 0.3136 0.3760 0.3104 
         144  1 0.3379 0.3106 0.3515 
         145  1 0.3149 0.3633 0.3218 
         146  1 0.3256 0.3335 0.3409 
         147  1 0.3365 0.3286 0.3349 
         148  1 0.3126 0.3659 0.3215 
         149  1 0.3174 0.3528 0.3298 
         150  1 0.3435 0.3264 0.3301 
         151  1 0.3412 0.3275 0.3313 
         152  1 0.3586 0.3000 0.3414 
         153  1 0.3477 0.3135 0.3388 
         154  1 0.3334 0.3485 0.3181 
         155  1 0.3197 0.3635 0.3168 
         156  1 0.3510 0.2848 0.3643 
         157  1 0.3551 0.2879 0.3570 
         158  1 0.3510 0.3164 0.3326 
         159  1 0.3410 0.3199 0.3390 
         160  1 0.3307 0.3214 0.3479 
         161  1 0.3067 0.3794 0.3139 
         162  1 0.2079 0.5828 0.2094 
         163  1 0.3608 0.2678 0.3714 
         164  1 0.3397 0.3330 0.3273 
         165  1 0.3582 0.2897 0.3520 
         166  1 0.3377 0.3306 0.3318 
         167  1 0.3027 0.3928 0.3045 
         168  1 0.3174 0.3508 0.3318 
         169  1 0.3418 0.3040 0.3542 
         170  1 0.3223 0.3546 0.3231 
         171  1 0.3306 0.3208 0.3486 
         172  1 0.3369 0.3269 0.3362 
         173  1 0.3417 0.3075 0.3508 
         174  1 0.3167 0.3779 0.3054 
         175  1 0.3069 0.3840 0.3091 
         176  1 0.3704 0.2953 0.3343 
         177  1 0.3599 0.2719 0.3681 
         178  1 0.3541 0.2862 0.3597 
         179  1 0.3339 0.3460 0.3200 
         180  1 0.3317 0.3598 0.3085 
         181  1 0.3463 0.3091 0.3445 
         182  1 0.3113 0.3590 0.3297 
         183  1 0.3432 0.3156 0.3412 
         184  1 0.3225 0.3300 0.3475 
         185  1 0.3354 0.3230 0.3416 
         186  1 0.3309 0.3201 0.3491 
         187  1 0.3528 0.2994 0.3478 
         188  1 0.3364 0.3000 0.3635 
         189  1 0.3363 0.3374 0.3263 
         190  1 0.3301 0.3364 0.3335 
         191  1 0.3183 0.3497 0.3320 
         192  1 0.3322 0.3380 0.3299 
         193  1 0.3391 0.3449 0.3159 
         194  1 0.3240 0.3529 0.3231 
         195  1 0.3109 0.3651 0.3240 
         196  1 0.2948 0.4013 0.3039 
         197  1 0.3489 0.3164 0.3347 
         198  1 0.3440 0.3408 0.3152 
         199  1 0.3507 0.3032 0.3461 
         200  1 0.3525 0.2960 0.3515 
         201  1 0.3106 0.3758 0.3136 
         202  1 0.3442 0.3008 0.3550 
         203  1 0.3275 0.3322 0.3403 
         204  1 0.3412 0.3245 0.3343 
         205  1 0.3366 0.3472 0.3162 
         206  1 0.3275 0.3229 0.3496 
         207  1 0.3457 0.3366 0.3177 
         208  1 0.3435 0.3146 0.3419 
         209  1 0.3126 0.3623 0.3251 
         210  1 0.3510 0.3067 0.3424 
         211  1 0.3464 0.3029 0.3507 
         212  1 0.3031 0.3855 0.3114 
         213  1 0.3485 0.3114 0.3401 
         214  1 0.3247 0.3251 0.3502 
         215  1 0.3328 0.3307 0.3364 
         216  1 0.3017 0.3896 0.3087 
         217  1 0.3545 0.2877 0.3578 
         218  1 0.3400 0.3211 0.3389 
         219  1 0.3067 0.3957 0.2976 
         220  1 0.3213 0.3538 0.3250 
         221  1 0.3244 0.3552 0.3204 
         222  1 0.3432 0.3332 0.3236 
         223  1 0.3461 0.2934 0.3605 
         224  1 0.3375 0.3155 0.3471 
         225  1 0.3264 0.3606 0.3129 
         226  1 0.3002 0.4036 0.2962 
         227  1 0.3323 0.3327 0.3350 
         228  1 0.3498 0.3050 0.3452 
         229  1 0.3632 0.2917 0.3451 
         230  1 0.3179 0.3547 0.3274 
         231  1 0.3208 0.3611 0.3180 
         232  1 0.3463 0.2992 0.3545 
         233  1 0.3249 0.3594 0.3157 
         234  1 0.3528 0.2927 0.3545 
         235  1 0.3764 0.2821 0.3415 
         236  1 0.3027 0.3993 0.2980 
         237  1 0.3732 0.2720 0.3547 
         238  1 0.3604 0.2874 0.3522 
         239  1 0.3640 0.2865 0.3495 
         240  1 0.2999 0.3965 0.3037 
         241  1 0.3111 0.3789 0.3100 
         242  1 0.3734 0.2781 0.3486 
         243  1 0.3638 0.2822 0.3541 
         244  1 0.3388 0.3191 0.3421 
         245  1 0.3191 0.3568 0.3242 
         246  1 0.3251 0.3596 0.3153 
         247  1 0.3202 0.3594 0.3203 
         248  1 0.3352 0.3372 0.3276 
         249  1 0.3199 0.3550 0.3251 
         250  1 0.3097 0.3674 0.3230 
         251  1 0.3257 0.3474 0.3269 
         252  1 0.3295 0.3337 0.3368 
         253  1 0.3304 0.3137 0.3559 
         254  1 0.3302 0.3205 0.3493 
         255  1 0.3112 0.3702 0.3186 
         256  1 0.3148 0.3755 0.3097 
         257  1 0.3271 0.3227 0.3502 
         258  1 0.3066 0.3787 0.3147 
         259  1 0.3454 0.3227 0.3319 
         260  1 0.3293 0.3539 0.3168 
         261  1 0.3415 0.3396 0.3189 
         262  1 0.3310 0.3097 0.3592 
         263  1 0.3462 0.3096 0.3442 
         264  1 0.3604 0.2983 0.3413 
         265  1 0.3341 0.3323 0.3335 
         266  1 0.3286 0.3388 0.3326 
         267  1 0.3424 0.3226 0.3350 
         268  1 0.3024 0.3852 0.3124 
         269  1 0.2932 0.4083 0.2985 
         270  1 0.3342 0.3410 0.3249 
         271  1 0.3203 0.3494 0.3304 
         272  1 0.2924 0.4208 0.2868 
         273  1 0.3546 0.2719 0.3735 
         274  1 0.3730 0.2739 0.3531 
         275  1 0.3513 0.3065 0.3422 
         276  1 0.3478 0.2905 0.3617 
         277  1 0.3552 0.2854 0.3594 
         278  1 0.3626 0.2765 0.3608 
         279  1 0.3463 0.3207 0.3330 
         280  1 0.3168 0.3715 0.3118 
         281  1 0.3538 0.2960 0.3502 
         282  1 0.3332 0.3420 0.3247 
         283  1 0.3502 0.2879 0.3618 
         284  1 0.3214 0.3361 0.3424 
         285  1 0.2912 0.4148 0.2939 
         286  1 0.3470 0.3208 0.3322 
         287  1 0.3232 0.3639 0.3129 
         288  1 0.3215 0.3764 0.3022 
         289  1 0.3226 0.3376 0.3398 
         290  1 0.3380 0.3015 0.3605 
         291  1 0.3516 0.2797 0.3687 
         292  1 0.3450 0.3095 0.3455 
         293  1 0.3075 0.3868 0.3057 
         294  1 0.3519 0.2945 0.3537 
         295  1 0.3225 0.3520 0.3255 
         296  1 0.3112 0.3688 0.3200 
         297  1 0.3018 0.3861 0.3121 
         298  1 0.2954 0.4149 0.2897 
         299  1 0.3447 0.2871 0.3681 
         300  1 0.3517 0.2931 0.3552 
