           1  1 0.1289 0.1282 0.1293 0.1310 0.1274 0.1185 0.1176 0.1191 
           2  1 0.1290 0.1309 0.1316 0.1350 0.1274 0.1157 0.1145 0.1159 
           3  1 0.1251 0.1246 0.1266 0.1249 0.1252 0.1245 0.1250 0.1240 
           4  1 0.1188 0.1190 0.1172 0.1150 0.1203 0.1358 0.1393 0.1346 
           5  1 0.1258 0.1260 0.1264 0.1261 0.1258 0.1237 0.1228 0.1235 
           6  1 0.1260 0.1267 0.1269 0.1261 0.1249 0.1222 0.1226 0.1245 
           7  1 0.1259 0.1255 0.1250 0.1299 0.1243 0.1234 0.1231 0.1228 
           8  1 0.1269 0.1297 0.1240 0.1332 0.1250 0.1201 0.1203 0.1209 
           9  1 0.1209 0.1201 0.1181 0.1177 0.1196 0.1346 0.1348 0.1342 
          10  1 0.1236 0.1194 0.1241 0.1206 0.1252 0.1297 0.1293 0.1281 
          11  1 0.1275 0.1268 0.1328 0.1288 0.1297 0.1187 0.1171 0.1185 
          12  1 0.1221 0.1230 0.1159 0.1251 0.1169 0.1320 0.1332 0.1320 
          13  1 0.1179 0.1166 0.1160 0.1140 0.1195 0.1387 0.1404 0.1369 
          14  1 0.1203 0.1203 0.1209 0.1191 0.1188 0.1333 0.1347 0.1326 
          15  1 0.1256 0.1262 0.1264 0.1293 0.1245 0.1224 0.1234 0.1223 
          16  1 0.1234 0.1263 0.1246 0.1266 0.1243 0.1251 0.1250 0.1248 
          17  1 0.1229 0.1219 0.1211 0.1188 0.1261 0.1301 0.1291 0.1299 
          18  1 0.1234 0.1232 0.1273 0.1227 0.1263 0.1262 0.1259 0.1249 
          19  1 0.1251 0.1258 0.1246 0.1217 0.1265 0.1261 0.1251 0.1252 
          20  1 0.1252 0.1224 0.1258 0.1244 0.1231 0.1262 0.1266 0.1263 
          21  1 0.1290 0.1244 0.1294 0.1277 0.1306 0.1200 0.1190 0.1198 
          22  1 0.1235 0.1219 0.1243 0.1231 0.1222 0.1279 0.1290 0.1281 
          23  1 0.1260 0.1270 0.1272 0.1261 0.1310 0.1212 0.1206 0.1209 
          24  1 0.1241 0.1238 0.1235 0.1224 0.1256 0.1269 0.1269 0.1268 
          25  1 0.1247 0.1255 0.1238 0.1249 0.1228 0.1259 0.1257 0.1267 
          26  1 0.1233 0.1260 0.1244 0.1267 0.1240 0.1254 0.1249 0.1253 
          27  1 0.1229 0.1220 0.1221 0.1216 0.1233 0.1299 0.1297 0.1285 
          28  1 0.1244 0.1240 0.1254 0.1262 0.1279 0.1242 0.1241 0.1238 
          29  1 0.1268 0.1226 0.1288 0.1271 0.1252 0.1233 0.1227 0.1235 
          30  1 0.1248 0.1221 0.1227 0.1255 0.1234 0.1274 0.1270 0.1270 
          31  1 0.1323 0.1372 0.1242 0.1431 0.1213 0.1141 0.1129 0.1149 
          32  1 0.1275 0.1232 0.1269 0.1217 0.1238 0.1258 0.1253 0.1257 
          33  1 0.1247 0.1299 0.1228 0.1276 0.1189 0.1253 0.1247 0.1260 
          34  1 0.1250 0.1266 0.1245 0.1241 0.1279 0.1242 0.1240 0.1237 
          35  1 0.1209 0.1230 0.1195 0.1192 0.1215 0.1317 0.1332 0.1310 
          36  1 0.1269 0.1273 0.1292 0.1285 0.1252 0.1208 0.1207 0.1213 
          37  1 0.1322 0.1328 0.1268 0.1426 0.1269 0.1127 0.1121 0.1140 
          38  1 0.1227 0.1251 0.1229 0.1237 0.1264 0.1268 0.1263 0.1261 
          39  1 0.1236 0.1252 0.1227 0.1268 0.1225 0.1271 0.1262 0.1259 
          40  1 0.1277 0.1253 0.1315 0.1245 0.1280 0.1218 0.1199 0.1213 
          41  1 0.1246 0.1240 0.1267 0.1249 0.1278 0.1242 0.1233 0.1245 
          42  1 0.1214 0.1217 0.1190 0.1165 0.1207 0.1340 0.1344 0.1324 
          43  1 0.1221 0.1214 0.1251 0.1186 0.1260 0.1287 0.1289 0.1292 
          44  1 0.1264 0.1281 0.1300 0.1253 0.1256 0.1222 0.1208 0.1216 
          45  1 0.1256 0.1257 0.1289 0.1241 0.1261 0.1232 0.1226 0.1238 
          46  1 0.1225 0.1254 0.1216 0.1247 0.1233 0.1272 0.1280 0.1274 
          47  1 0.1312 0.1260 0.1321 0.1320 0.1296 0.1169 0.1149 0.1172 
          48  1 0.1271 0.1298 0.1256 0.1297 0.1251 0.1212 0.1209 0.1206 
          49  1 0.1206 0.1214 0.1225 0.1202 0.1212 0.1316 0.1319 0.1308 
          50  1 0.1280 0.1252 0.1321 0.1309 0.1287 0.1183 0.1175 0.1193 
          51  1 0.1188 0.1190 0.1152 0.1192 0.1168 0.1356 0.1391 0.1362 
          52  1 0.1242 0.1228 0.1286 0.1254 0.1266 0.1241 0.1242 0.1241 
          53  1 0.1237 0.1235 0.1235 0.1217 0.1278 0.1266 0.1266 0.1266 
          54  1 0.1262 0.1266 0.1267 0.1261 0.1314 0.1214 0.1203 0.1213 
          55  1 0.1252 0.1279 0.1241 0.1236 0.1244 0.1248 0.1252 0.1248 
          56  1 0.1246 0.1264 0.1240 0.1290 0.1242 0.1242 0.1236 0.1240 
          57  1 0.1276 0.1273 0.1308 0.1263 0.1308 0.1200 0.1176 0.1196 
          58  1 0.1241 0.1255 0.1243 0.1250 0.1228 0.1260 0.1257 0.1266 
          59  1 0.1276 0.1267 0.1281 0.1296 0.1265 0.1207 0.1197 0.1210 
          60  1 0.1273 0.1256 0.1307 0.1282 0.1295 0.1203 0.1186 0.1197 
          61  1 0.1228 0.1232 0.1229 0.1213 0.1255 0.1281 0.1279 0.1283 
          62  1 0.1251 0.1245 0.1225 0.1282 0.1223 0.1258 0.1261 0.1254 
          63  1 0.1259 0.1287 0.1224 0.1274 0.1249 0.1236 0.1234 0.1236 
          64  1 0.1286 0.1280 0.1369 0.1274 0.1298 0.1162 0.1158 0.1174 
          65  1 0.1260 0.1216 0.1264 0.1270 0.1274 0.1239 0.1244 0.1231 
          66  1 0.1249 0.1270 0.1249 0.1277 0.1238 0.1239 0.1231 0.1249 
          67  1 0.1242 0.1226 0.1228 0.1221 0.1227 0.1297 0.1282 0.1276 
          68  1 0.1249 0.1257 0.1288 0.1262 0.1281 0.1222 0.1215 0.1227 
          69  1 0.1248 0.1270 0.1188 0.1287 0.1235 0.1263 0.1250 0.1260 
          70  1 0.1243 0.1261 0.1270 0.1269 0.1271 0.1226 0.1231 0.1229 
          71  1 0.1266 0.1258 0.1291 0.1283 0.1299 0.1200 0.1199 0.1204 
          72  1 0.1239 0.1248 0.1228 0.1247 0.1227 0.1269 0.1277 0.1266 
          73  1 0.1288 0.1266 0.1282 0.1253 0.1302 0.1211 0.1196 0.1202 
          74  1 0.1260 0.1287 0.1264 0.1294 0.1260 0.1217 0.1210 0.1208 
          75  1 0.1252 0.1255 0.1266 0.1184 0.1254 0.1263 0.1264 0.1263 
          76  1 0.1278 0.1300 0.1301 0.1254 0.1287 0.1191 0.1191 0.1197 
          77  1 0.1242 0.1282 0.1240 0.1283 0.1264 0.1227 0.1229 0.1232 
          78  1 0.1286 0.1270 0.1328 0.1307 0.1298 0.1175 0.1163 0.1173 
          79  1 0.1245 0.1228 0.1285 0.1219 0.1241 0.1261 0.1266 0.1255 
          80  1 0.1183 0.1201 0.1172 0.1154 0.1191 0.1348 0.1398 0.1353 
          81  1 0.1263 0.1283 0.1259 0.1209 0.1282 0.1238 0.1228 0.1238 
          82  1 0.1323 0.1286 0.1333 0.1343 0.1272 0.1148 0.1136 0.1160 
          83  1 0.1282 0.1273 0.1283 0.1246 0.1281 0.1211 0.1208 0.1216 
          84  1 0.1237 0.1217 0.1270 0.1199 0.1241 0.1274 0.1280 0.1282 
          85  1 0.1269 0.1291 0.1284 0.1324 0.1297 0.1185 0.1172 0.1179 
          86  1 0.1261 0.1259 0.1289 0.1222 0.1257 0.1242 0.1235 0.1233 
          87  1 0.1273 0.1221 0.1318 0.1235 0.1281 0.1228 0.1221 0.1223 
          88  1 0.1248 0.1228 0.1254 0.1216 0.1210 0.1280 0.1283 0.1281 
          89  1 0.1245 0.1243 0.1227 0.1227 0.1190 0.1286 0.1299 0.1283 
          90  1 0.1249 0.1247 0.1253 0.1211 0.1240 0.1264 0.1268 0.1269 
          91  1 0.1262 0.1262 0.1308 0.1263 0.1299 0.1204 0.1194 0.1209 
          92  1 0.1267 0.1268 0.1262 0.1262 0.1295 0.1215 0.1213 0.1218 
          93  1 0.1265 0.1255 0.1258 0.1243 0.1255 0.1244 0.1239 0.1240 
          94  1 0.1286 0.1316 0.1270 0.1271 0.1259 0.1198 0.1191 0.1210 
          95  1 0.1283 0.1278 0.1262 0.1285 0.1286 0.1210 0.1190 0.1206 
          96  1 0.1224 0.1242 0.1222 0.1185 0.1237 0.1298 0.1303 0.1288 
          97  1 0.1219 0.1218 0.1261 0.1196 0.1248 0.1292 0.1290 0.1276 
          98  1 0.1268 0.1215 0.1229 0.1203 0.1266 0.1269 0.1278 0.1271 
          99  1 0.1244 0.1252 0.1248 0.1212 0.1244 0.1273 0.1263 0.1265 
         100  1 0.1277 0.1221 0.1279 0.1244 0.1282 0.1238 0.1221 0.1239 
         101  1 0.1272 0.1259 0.1293 0.1244 0.1244 0.1230 0.1230 0.1229 
         102  1 0.1303 0.1329 0.1267 0.1302 0.1228 0.1188 0.1182 0.1202 
         103  1 0.1239 0.1216 0.1186 0.1264 0.1178 0.1301 0.1319 0.1298 
         104  1 0.1230 0.1244 0.1272 0.1276 0.1290 0.1235 0.1225 0.1228 
         105  1 0.1297 0.1302 0.1321 0.1317 0.1286 0.1163 0.1149 0.1165 
         106  1 0.1252 0.1248 0.1230 0.1236 0.1269 0.1257 0.1262 0.1247 
         107  1 0.1215 0.1212 0.1244 0.1209 0.1255 0.1280 0.1307 0.1277 
         108  1 0.1253 0.1292 0.1235 0.1263 0.1231 0.1243 0.1235 0.1249 
         109  1 0.1213 0.1195 0.1206 0.1213 0.1247 0.1307 0.1316 0.1304 
         110  1 0.1281 0.1229 0.1248 0.1273 0.1258 0.1232 0.1237 0.1241 
         111  1 0.1282 0.1251 0.1308 0.1261 0.1253 0.1210 0.1227 0.1208 
         112  1 0.1236 0.1227 0.1260 0.1243 0.1257 0.1255 0.1260 0.1263 
         113  1 0.1196 0.1162 0.1187 0.1185 0.1199 0.1342 0.1395 0.1334 
         114  1 0.1248 0.1233 0.1247 0.1292 0.1264 0.1237 0.1246 0.1233 
         115  1 0.1215 0.1192 0.1231 0.1211 0.1239 0.1300 0.1315 0.1297 
         116  1 0.1213 0.1217 0.1241 0.1237 0.1266 0.1280 0.1277 0.1269 
         117  1 0.1272 0.1259 0.1256 0.1313 0.1274 0.1213 0.1203 0.1210 
         118  1 0.1284 0.1252 0.1339 0.1302 0.1286 0.1182 0.1174 0.1180 
         119  1 0.1257 0.1275 0.1290 0.1245 0.1294 0.1218 0.1202 0.1220 
         120  1 0.1226 0.1245 0.1252 0.1196 0.1252 0.1285 0.1270 0.1274 
         121  1 0.1204 0.1234 0.1193 0.1220 0.1216 0.1310 0.1318 0.1305 
         122  1 0.1244 0.1284 0.1221 0.1319 0.1216 0.1234 0.1236 0.1247 
         123  1 0.1279 0.1265 0.1274 0.1237 0.1248 0.1239 0.1230 0.1229 
         124  1 0.1250 0.1275 0.1235 0.1282 0.1224 0.1233 0.1261 0.1240 
         125  1 0.1256 0.1268 0.1270 0.1289 0.1303 0.1209 0.1196 0.1210 
         126  1 0.1242 0.1268 0.1276 0.1258 0.1250 0.1237 0.1232 0.1238 
         127  1 0.1272 0.1237 0.1270 0.1264 0.1258 0.1234 0.1231 0.1234 
         128  1 0.1217 0.1206 0.1184 0.1204 0.1215 0.1319 0.1339 0.1317 
         129  1 0.1231 0.1220 0.1185 0.1267 0.1210 0.1292 0.1302 0.1294 
         130  1 0.1249 0.1275 0.1258 0.1214 0.1232 0.1254 0.1255 0.1264 
         131  1 0.1268 0.1285 0.1296 0.1280 0.1274 0.1198 0.1192 0.1207 
         132  1 0.1261 0.1265 0.1261 0.1282 0.1287 0.1218 0.1203 0.1222 
         133  1 0.1275 0.1270 0.1289 0.1280 0.1285 0.1199 0.1192 0.1210 
         134  1 0.1267 0.1277 0.1275 0.1274 0.1266 0.1208 0.1208 0.1223 
         135  1 0.1267 0.1248 0.1256 0.1250 0.1275 0.1231 0.1242 0.1231 
         136  1 0.1233 0.1274 0.1218 0.1238 0.1268 0.1256 0.1255 0.1258 
         137  1 0.1234 0.1258 0.1245 0.1244 0.1241 0.1261 0.1255 0.1262 
         138  1 0.1203 0.1196 0.1171 0.1187 0.1225 0.1338 0.1350 0.1331 
         139  1 0.1260 0.1299 0.1239 0.1249 0.1312 0.1215 0.1203 0.1223 
         140  1 0.1263 0.1286 0.1257 0.1321 0.1236 0.1212 0.1206 0.1219 
         141  1 0.1233 0.1243 0.1257 0.1211 0.1277 0.1269 0.1255 0.1255 
         142  1 0.1259 0.1292 0.1259 0.1286 0.1297 0.1198 0.1196 0.1213 
         143  1 0.1213 0.1215 0.1200 0.1175 0.1229 0.1318 0.1332 0.1318 
         144  1 0.1287 0.1274 0.1249 0.1346 0.1233 0.1206 0.1201 0.1205 
         145  1 0.1226 0.1221 0.1209 0.1238 0.1226 0.1283 0.1306 0.1291 
         146  1 0.1237 0.1263 0.1255 0.1230 0.1289 0.1246 0.1233 0.1247 
         147  1 0.1242 0.1242 0.1261 0.1238 0.1271 0.1250 0.1252 0.1244 
         148  1 0.1229 0.1220 0.1214 0.1214 0.1224 0.1291 0.1318 0.1290 
         149  1 0.1263 0.1261 0.1247 0.1249 0.1231 0.1250 0.1243 0.1256 
         150  1 0.1241 0.1274 0.1275 0.1259 0.1243 0.1236 0.1239 0.1234 
         151  1 0.1258 0.1259 0.1265 0.1250 0.1234 0.1251 0.1243 0.1240 
         152  1 0.1302 0.1226 0.1292 0.1247 0.1283 0.1221 0.1209 0.1219 
         153  1 0.1248 0.1254 0.1245 0.1247 0.1305 0.1242 0.1229 0.1230 
         154  1 0.1225 0.1243 0.1225 0.1209 0.1254 0.1284 0.1282 0.1278 
         155  1 0.1274 0.1242 0.1240 0.1224 0.1207 0.1271 0.1271 0.1270 
         156  1 0.1297 0.1292 0.1266 0.1359 0.1270 0.1171 0.1158 0.1186 
         157  1 0.1292 0.1312 0.1328 0.1285 0.1257 0.1176 0.1166 0.1184 
         158  1 0.1235 0.1245 0.1295 0.1243 0.1291 0.1232 0.1227 0.1233 
         159  1 0.1255 0.1286 0.1272 0.1238 0.1270 0.1225 0.1225 0.1230 
         160  1 0.1256 0.1324 0.1227 0.1284 0.1236 0.1223 0.1223 0.1228 
         161  1 0.1215 0.1201 0.1227 0.1200 0.1231 0.1308 0.1307 0.1311 
         162  1 0.1004 0.0962 0.0944 0.0955 0.1033 0.1608 0.1903 0.1593 
         163  1 0.1301 0.1282 0.1313 0.1381 0.1298 0.1135 0.1134 0.1156 
         164  1 0.1253 0.1222 0.1269 0.1242 0.1269 0.1246 0.1251 0.1248 
         165  1 0.1281 0.1280 0.1311 0.1311 0.1272 0.1180 0.1175 0.1190 
         166  1 0.1267 0.1248 0.1257 0.1273 0.1215 0.1244 0.1241 0.1254 
         167  1 0.1179 0.1191 0.1170 0.1144 0.1221 0.1360 0.1387 0.1348 
         168  1 0.1268 0.1216 0.1262 0.1212 0.1244 0.1269 0.1266 0.1264 
         169  1 0.1253 0.1297 0.1278 0.1314 0.1236 0.1205 0.1200 0.1218 
         170  1 0.1245 0.1236 0.1233 0.1206 0.1234 0.1282 0.1281 0.1283 
         171  1 0.1295 0.1364 0.1211 0.1359 0.1189 0.1195 0.1188 0.1198 
         172  1 0.1266 0.1282 0.1247 0.1253 0.1238 0.1238 0.1232 0.1244 
         173  1 0.1285 0.1326 0.1253 0.1270 0.1260 0.1203 0.1192 0.1210 
         174  1 0.1221 0.1229 0.1207 0.1182 0.1230 0.1306 0.1318 0.1308 
         175  1 0.1215 0.1210 0.1182 0.1249 0.1194 0.1309 0.1332 0.1308 
         176  1 0.1270 0.1283 0.1309 0.1252 0.1279 0.1205 0.1197 0.1204 
         177  1 0.1278 0.1290 0.1313 0.1330 0.1307 0.1165 0.1149 0.1168 
         178  1 0.1297 0.1331 0.1276 0.1345 0.1262 0.1167 0.1152 0.1169 
         179  1 0.1228 0.1244 0.1249 0.1211 0.1267 0.1270 0.1270 0.1260 
         180  1 0.1232 0.1224 0.1200 0.1204 0.1250 0.1298 0.1298 0.1294 
         181  1 0.1266 0.1289 0.1272 0.1261 0.1262 0.1220 0.1210 0.1221 
         182  1 0.1231 0.1252 0.1212 0.1209 0.1234 0.1282 0.1292 0.1288 
         183  1 0.1260 0.1274 0.1295 0.1224 0.1247 0.1240 0.1225 0.1236 
         184  1 0.1302 0.1249 0.1238 0.1294 0.1234 0.1228 0.1221 0.1233 
         185  1 0.1257 0.1276 0.1266 0.1312 0.1223 0.1224 0.1218 0.1224 
         186  1 0.1272 0.1294 0.1239 0.1293 0.1254 0.1216 0.1211 0.1220 
         187  1 0.1265 0.1294 0.1294 0.1294 0.1258 0.1196 0.1194 0.1204 
         188  1 0.1296 0.1328 0.1228 0.1373 0.1224 0.1189 0.1176 0.1186 
         189  1 0.1252 0.1262 0.1259 0.1223 0.1222 0.1263 0.1259 0.1260 
         190  1 0.1230 0.1236 0.1261 0.1242 0.1249 0.1256 0.1263 0.1262 
         191  1 0.1229 0.1261 0.1224 0.1257 0.1226 0.1262 0.1272 0.1269 
         192  1 0.1258 0.1232 0.1255 0.1231 0.1248 0.1264 0.1251 0.1261 
         193  1 0.1252 0.1241 0.1253 0.1225 0.1238 0.1269 0.1260 0.1262 
         194  1 0.1227 0.1210 0.1232 0.1204 0.1259 0.1290 0.1297 0.1281 
         195  1 0.1218 0.1243 0.1241 0.1184 0.1248 0.1288 0.1287 0.1291 
         196  1 0.1214 0.1207 0.1168 0.1207 0.1189 0.1334 0.1346 0.1334 
         197  1 0.1308 0.1249 0.1319 0.1215 0.1236 0.1227 0.1222 0.1224 
         198  1 0.1219 0.1238 0.1244 0.1196 0.1261 0.1280 0.1283 0.1278 
         199  1 0.1280 0.1245 0.1311 0.1234 0.1278 0.1220 0.1211 0.1221 
         200  1 0.1260 0.1266 0.1293 0.1285 0.1294 0.1202 0.1193 0.1206 
         201  1 0.1221 0.1195 0.1233 0.1209 0.1222 0.1305 0.1314 0.1300 
         202  1 0.1272 0.1268 0.1265 0.1317 0.1269 0.1204 0.1201 0.1203 
         203  1 0.1250 0.1278 0.1242 0.1230 0.1245 0.1254 0.1249 0.1252 
         204  1 0.1260 0.1235 0.1296 0.1231 0.1249 0.1237 0.1236 0.1255 
         205  1 0.1254 0.1223 0.1247 0.1226 0.1236 0.1273 0.1271 0.1271 
         206  1 0.1249 0.1261 0.1248 0.1237 0.1276 0.1242 0.1239 0.1248 
         207  1 0.1248 0.1255 0.1258 0.1220 0.1251 0.1253 0.1253 0.1260 
         208  1 0.1296 0.1250 0.1305 0.1261 0.1257 0.1210 0.1208 0.1213 
         209  1 0.1220 0.1227 0.1217 0.1238 0.1248 0.1279 0.1294 0.1277 
         210  1 0.1258 0.1267 0.1307 0.1252 0.1270 0.1218 0.1209 0.1219 
         211  1 0.1268 0.1290 0.1248 0.1311 0.1260 0.1211 0.1199 0.1213 
         212  1 0.1209 0.1212 0.1171 0.1176 0.1251 0.1327 0.1332 0.1323 
         213  1 0.1268 0.1243 0.1309 0.1251 0.1260 0.1225 0.1221 0.1224 
         214  1 0.1258 0.1246 0.1213 0.1331 0.1250 0.1235 0.1232 0.1236 
         215  1 0.1263 0.1290 0.1216 0.1275 0.1226 0.1238 0.1237 0.1256 
         216  1 0.1194 0.1204 0.1202 0.1172 0.1227 0.1336 0.1342 0.1323 
         217  1 0.1276 0.1299 0.1300 0.1277 0.1282 0.1189 0.1182 0.1195 
         218  1 0.1267 0.1281 0.1234 0.1282 0.1258 0.1229 0.1217 0.1231 
         219  1 0.1164 0.1163 0.1182 0.1189 0.1226 0.1348 0.1403 0.1327 
         220  1 0.1243 0.1245 0.1233 0.1211 0.1243 0.1273 0.1277 0.1275 
         221  1 0.1264 0.1248 0.1226 0.1223 0.1228 0.1268 0.1269 0.1274 
         222  1 0.1245 0.1229 0.1259 0.1228 0.1250 0.1269 0.1263 0.1256 
         223  1 0.1284 0.1294 0.1319 0.1253 0.1305 0.1184 0.1176 0.1186 
         224  1 0.1237 0.1254 0.1256 0.1272 0.1275 0.1233 0.1233 0.1239 
         225  1 0.1250 0.1207 0.1245 0.1194 0.1246 0.1292 0.1286 0.1279 
         226  1 0.1190 0.1178 0.1191 0.1177 0.1211 0.1348 0.1366 0.1338 
         227  1 0.1244 0.1240 0.1263 0.1267 0.1263 0.1242 0.1240 0.1241 
         228  1 0.1256 0.1266 0.1286 0.1272 0.1254 0.1221 0.1221 0.1223 
         229  1 0.1318 0.1247 0.1337 0.1258 0.1268 0.1197 0.1180 0.1195 
         230  1 0.1233 0.1250 0.1224 0.1256 0.1236 0.1266 0.1270 0.1265 
         231  1 0.1213 0.1229 0.1214 0.1239 0.1231 0.1296 0.1295 0.1284 
         232  1 0.1254 0.1317 0.1280 0.1316 0.1261 0.1188 0.1178 0.1206 
         233  1 0.1222 0.1211 0.1234 0.1190 0.1263 0.1293 0.1296 0.1291 
         234  1 0.1274 0.1288 0.1317 0.1304 0.1283 0.1181 0.1176 0.1178 
         235  1 0.1282 0.1260 0.1344 0.1260 0.1276 0.1198 0.1184 0.1196 
         236  1 0.1196 0.1178 0.1202 0.1167 0.1216 0.1347 0.1351 0.1343 
         237  1 0.1283 0.1286 0.1355 0.1259 0.1295 0.1173 0.1163 0.1187 
         238  1 0.1276 0.1279 0.1311 0.1299 0.1293 0.1179 0.1180 0.1183 
         239  1 0.1276 0.1249 0.1318 0.1282 0.1291 0.1201 0.1181 0.1202 
         240  1 0.1197 0.1191 0.1181 0.1172 0.1252 0.1341 0.1343 0.1323 
         241  1 0.1221 0.1208 0.1199 0.1246 0.1219 0.1296 0.1315 0.1295 
         242  1 0.1273 0.1265 0.1342 0.1274 0.1297 0.1190 0.1172 0.1188 
         243  1 0.1257 0.1259 0.1313 0.1273 0.1336 0.1194 0.1176 0.1191 
         244  1 0.1242 0.1282 0.1258 0.1230 0.1269 0.1238 0.1235 0.1247 
         245  1 0.1261 0.1259 0.1185 0.1301 0.1191 0.1262 0.1271 0.1270 
         246  1 0.1217 0.1233 0.1232 0.1213 0.1226 0.1287 0.1301 0.1291 
         247  1 0.1236 0.1204 0.1232 0.1218 0.1215 0.1289 0.1313 0.1292 
         248  1 0.1242 0.1253 0.1257 0.1296 0.1219 0.1246 0.1241 0.1245 
         249  1 0.1238 0.1234 0.1208 0.1239 0.1245 0.1275 0.1284 0.1277 
         250  1 0.1218 0.1226 0.1204 0.1262 0.1203 0.1291 0.1305 0.1292 
         251  1 0.1242 0.1248 0.1224 0.1224 0.1221 0.1281 0.1286 0.1274 
         252  1 0.1249 0.1235 0.1235 0.1277 0.1254 0.1248 0.1251 0.1251 
         253  1 0.1296 0.1276 0.1267 0.1301 0.1263 0.1200 0.1190 0.1207 
         254  1 0.1267 0.1288 0.1250 0.1253 0.1280 0.1223 0.1217 0.1222 
         255  1 0.1247 0.1270 0.1186 0.1264 0.1200 0.1273 0.1276 0.1284 
         256  1 0.1233 0.1199 0.1228 0.1193 0.1215 0.1308 0.1323 0.1299 
         257  1 0.1268 0.1286 0.1209 0.1309 0.1256 0.1229 0.1220 0.1223 
         258  1 0.1241 0.1232 0.1169 0.1246 0.1202 0.1301 0.1310 0.1297 
         259  1 0.1243 0.1286 0.1275 0.1239 0.1249 0.1236 0.1233 0.1240 
         260  1 0.1239 0.1201 0.1232 0.1225 0.1227 0.1304 0.1291 0.1282 
         261  1 0.1250 0.1228 0.1279 0.1210 0.1234 0.1264 0.1268 0.1267 
         262  1 0.1287 0.1365 0.1224 0.1382 0.1195 0.1181 0.1178 0.1188 
         263  1 0.1278 0.1255 0.1269 0.1281 0.1270 0.1217 0.1212 0.1218 
         264  1 0.1273 0.1223 0.1294 0.1320 0.1286 0.1206 0.1199 0.1198 
         265  1 0.1238 0.1251 0.1273 0.1223 0.1251 0.1257 0.1253 0.1253 
         266  1 0.1234 0.1261 0.1248 0.1248 0.1229 0.1260 0.1261 0.1259 
         267  1 0.1244 0.1241 0.1257 0.1251 0.1303 0.1238 0.1233 0.1234 
         268  1 0.1215 0.1231 0.1203 0.1220 0.1188 0.1313 0.1324 0.1307 
         269  1 0.1205 0.1190 0.1187 0.1151 0.1213 0.1350 0.1357 0.1348 
         270  1 0.1244 0.1233 0.1223 0.1226 0.1271 0.1265 0.1273 0.1264 
         271  1 0.1234 0.1235 0.1230 0.1229 0.1239 0.1269 0.1280 0.1285 
         272  1 0.1180 0.1192 0.1171 0.1146 0.1194 0.1370 0.1384 0.1362 
         273  1 0.1305 0.1371 0.1263 0.1393 0.1261 0.1136 0.1120 0.1152 
         274  1 0.1286 0.1266 0.1373 0.1284 0.1289 0.1171 0.1159 0.1172 
         275  1 0.1302 0.1281 0.1255 0.1297 0.1247 0.1204 0.1200 0.1214 
         276  1 0.1302 0.1252 0.1301 0.1332 0.1270 0.1179 0.1173 0.1192 
         277  1 0.1282 0.1293 0.1252 0.1301 0.1311 0.1188 0.1177 0.1197 
         278  1 0.1272 0.1302 0.1304 0.1288 0.1299 0.1182 0.1165 0.1188 
         279  1 0.1235 0.1264 0.1280 0.1292 0.1249 0.1226 0.1224 0.1230 
         280  1 0.1216 0.1251 0.1202 0.1228 0.1198 0.1293 0.1318 0.1294 
         281  1 0.1293 0.1268 0.1281 0.1261 0.1281 0.1207 0.1201 0.1208 
         282  1 0.1238 0.1245 0.1234 0.1259 0.1236 0.1269 0.1259 0.1261 
         283  1 0.1277 0.1311 0.1272 0.1314 0.1285 0.1179 0.1174 0.1189 
         284  1 0.1250 0.1271 0.1233 0.1274 0.1233 0.1240 0.1245 0.1253 
         285  1 0.1189 0.1191 0.1164 0.1150 0.1206 0.1362 0.1385 0.1354 
         286  1 0.1264 0.1227 0.1276 0.1232 0.1271 0.1244 0.1239 0.1247 
         287  1 0.1203 0.1202 0.1229 0.1193 0.1248 0.1310 0.1315 0.1302 
         288  1 0.1213 0.1203 0.1213 0.1162 0.1244 0.1317 0.1332 0.1315 
         289  1 0.1237 0.1254 0.1226 0.1257 0.1257 0.1260 0.1251 0.1257 
         290  1 0.1248 0.1294 0.1261 0.1315 0.1281 0.1197 0.1192 0.1212 
         291  1 0.1286 0.1295 0.1267 0.1291 0.1293 0.1184 0.1183 0.1202 
         292  1 0.1294 0.1268 0.1274 0.1281 0.1232 0.1221 0.1213 0.1217 
         293  1 0.1215 0.1211 0.1200 0.1176 0.1201 0.1337 0.1340 0.1320 
         294  1 0.1276 0.1278 0.1281 0.1307 0.1296 0.1183 0.1178 0.1200 
         295  1 0.1250 0.1254 0.1225 0.1244 0.1244 0.1267 0.1260 0.1257 
         296  1 0.1252 0.1215 0.1224 0.1215 0.1205 0.1291 0.1304 0.1294 
         297  1 0.1212 0.1223 0.1195 0.1196 0.1210 0.1320 0.1335 0.1310 
         298  1 0.1188 0.1177 0.1181 0.1188 0.1175 0.1358 0.1388 0.1345 
         299  1 0.1309 0.1282 0.1271 0.1353 0.1293 0.1168 0.1154 0.1170 
         300  1 0.1289 0.1303 0.1286 0.1327 0.1282 0.1170 0.1168 0.1175 
