           1  1 0.1706 0.1679 0.1728 0.1556 0.1668 0.1664 
           2  1 0.1696 0.1679 0.1757 0.1471 0.1671 0.1725 
           3  1 0.1700 0.1658 0.1694 0.1653 0.1666 0.1629 
           4  1 0.1581 0.1656 0.1587 0.1935 0.1549 0.1693 
           5  1 0.1681 0.1669 0.1702 0.1596 0.1680 0.1672 
           6  1 0.1715 0.1687 0.1668 0.1599 0.1671 0.1660 
           7  1 0.1657 0.1686 0.1703 0.1623 0.1619 0.1712 
           8  1 0.1684 0.1697 0.1676 0.1578 0.1622 0.1742 
           9  1 0.1618 0.1658 0.1618 0.1894 0.1600 0.1612 
          10  1 0.1637 0.1638 0.1684 0.1737 0.1651 0.1654 
          11  1 0.1736 0.1654 0.1726 0.1494 0.1786 0.1604 
          12  1 0.1624 0.1658 0.1580 0.1882 0.1586 0.1670 
          13  1 0.1605 0.1637 0.1561 0.2018 0.1609 0.1569 
          14  1 0.1654 0.1705 0.1553 0.1845 0.1603 0.1640 
          15  1 0.1708 0.1665 0.1652 0.1636 0.1671 0.1669 
          16  1 0.1671 0.1660 0.1671 0.1684 0.1658 0.1656 
          17  1 0.1644 0.1643 0.1619 0.1770 0.1673 0.1651 
          18  1 0.1653 0.1664 0.1733 0.1662 0.1653 0.1634 
          19  1 0.1650 0.1682 0.1685 0.1661 0.1680 0.1642 
          20  1 0.1647 0.1699 0.1634 0.1734 0.1628 0.1658 
          21  1 0.1688 0.1630 0.1730 0.1544 0.1730 0.1679 
          22  1 0.1638 0.1653 0.1669 0.1763 0.1623 0.1655 
          23  1 0.1668 0.1638 0.1719 0.1543 0.1686 0.1747 
          24  1 0.1633 0.1687 0.1663 0.1683 0.1643 0.1692 
          25  1 0.1661 0.1687 0.1677 0.1675 0.1634 0.1667 
          26  1 0.1661 0.1673 0.1632 0.1669 0.1676 0.1689 
          27  1 0.1637 0.1660 0.1665 0.1721 0.1621 0.1695 
          28  1 0.1654 0.1632 0.1674 0.1640 0.1705 0.1694 
          29  1 0.1689 0.1665 0.1674 0.1650 0.1668 0.1654 
          30  1 0.1644 0.1669 0.1627 0.1705 0.1689 0.1666 
          31  1 0.1713 0.1737 0.1704 0.1465 0.1621 0.1762 
          32  1 0.1659 0.1660 0.1680 0.1678 0.1699 0.1623 
          33  1 0.1708 0.1728 0.1618 0.1688 0.1651 0.1606 
          34  1 0.1638 0.1677 0.1640 0.1667 0.1695 0.1683 
          35  1 0.1607 0.1674 0.1610 0.1829 0.1598 0.1682 
          36  1 0.1714 0.1665 0.1720 0.1555 0.1701 0.1646 
          37  1 0.1718 0.1687 0.1672 0.1425 0.1714 0.1783 
          38  1 0.1650 0.1654 0.1624 0.1681 0.1692 0.1699 
          39  1 0.1668 0.1688 0.1638 0.1690 0.1663 0.1653 
          40  1 0.1704 0.1664 0.1719 0.1583 0.1695 0.1634 
          41  1 0.1674 0.1683 0.1634 0.1635 0.1732 0.1642 
          42  1 0.1615 0.1673 0.1625 0.1850 0.1644 0.1594 
          43  1 0.1609 0.1636 0.1634 0.1769 0.1680 0.1672 
          44  1 0.1687 0.1643 0.1698 0.1581 0.1733 0.1657 
          45  1 0.1703 0.1654 0.1689 0.1602 0.1722 0.1630 
          46  1 0.1623 0.1668 0.1632 0.1749 0.1648 0.1681 
          47  1 0.1711 0.1633 0.1730 0.1488 0.1723 0.1714 
          48  1 0.1680 0.1667 0.1686 0.1599 0.1726 0.1644 
          49  1 0.1618 0.1690 0.1609 0.1803 0.1638 0.1642 
          50  1 0.1727 0.1664 0.1759 0.1504 0.1726 0.1621 
          51  1 0.1592 0.1646 0.1538 0.2007 0.1585 0.1630 
          52  1 0.1674 0.1637 0.1721 0.1652 0.1670 0.1645 
          53  1 0.1624 0.1676 0.1723 0.1656 0.1596 0.1724 
          54  1 0.1677 0.1630 0.1710 0.1543 0.1731 0.1709 
          55  1 0.1633 0.1688 0.1644 0.1691 0.1644 0.1699 
          56  1 0.1671 0.1668 0.1681 0.1623 0.1624 0.1732 
          57  1 0.1707 0.1667 0.1729 0.1522 0.1703 0.1673 
          58  1 0.1684 0.1719 0.1663 0.1652 0.1592 0.1690 
          59  1 0.1682 0.1669 0.1669 0.1589 0.1673 0.1718 
          60  1 0.1688 0.1651 0.1722 0.1552 0.1717 0.1669 
          61  1 0.1650 0.1646 0.1650 0.1730 0.1625 0.1698 
          62  1 0.1663 0.1681 0.1625 0.1704 0.1663 0.1665 
          63  1 0.1656 0.1662 0.1633 0.1650 0.1717 0.1681 
          64  1 0.1736 0.1657 0.1765 0.1440 0.1770 0.1633 
          65  1 0.1674 0.1624 0.1687 0.1668 0.1649 0.1697 
          66  1 0.1645 0.1681 0.1678 0.1647 0.1652 0.1697 
          67  1 0.1633 0.1677 0.1635 0.1749 0.1642 0.1664 
          68  1 0.1701 0.1643 0.1702 0.1634 0.1688 0.1632 
          69  1 0.1642 0.1676 0.1619 0.1699 0.1646 0.1717 
          70  1 0.1698 0.1681 0.1720 0.1576 0.1649 0.1675 
          71  1 0.1716 0.1673 0.1678 0.1552 0.1691 0.1690 
          72  1 0.1664 0.1671 0.1644 0.1739 0.1643 0.1639 
          73  1 0.1702 0.1663 0.1721 0.1564 0.1686 0.1665 
          74  1 0.1714 0.1666 0.1697 0.1594 0.1665 0.1665 
          75  1 0.1681 0.1672 0.1698 0.1671 0.1679 0.1598 
          76  1 0.1679 0.1680 0.1751 0.1534 0.1697 0.1658 
          77  1 0.1638 0.1666 0.1662 0.1596 0.1718 0.1720 
          78  1 0.1681 0.1668 0.1717 0.1500 0.1726 0.1707 
          79  1 0.1676 0.1656 0.1678 0.1679 0.1685 0.1625 
          80  1 0.1581 0.1653 0.1545 0.1963 0.1614 0.1644 
          81  1 0.1653 0.1665 0.1714 0.1600 0.1723 0.1645 
          82  1 0.1722 0.1683 0.1735 0.1482 0.1706 0.1672 
          83  1 0.1699 0.1691 0.1706 0.1568 0.1701 0.1635 
          84  1 0.1639 0.1668 0.1647 0.1728 0.1661 0.1657 
          85  1 0.1717 0.1653 0.1706 0.1498 0.1715 0.1711 
          86  1 0.1670 0.1681 0.1683 0.1610 0.1728 0.1628 
          87  1 0.1707 0.1638 0.1693 0.1603 0.1738 0.1622 
          88  1 0.1626 0.1654 0.1674 0.1740 0.1634 0.1672 
          89  1 0.1692 0.1675 0.1629 0.1750 0.1654 0.1600 
          90  1 0.1646 0.1637 0.1622 0.1725 0.1712 0.1658 
          91  1 0.1676 0.1640 0.1742 0.1559 0.1719 0.1665 
          92  1 0.1688 0.1633 0.1690 0.1612 0.1717 0.1660 
          93  1 0.1697 0.1678 0.1670 0.1639 0.1715 0.1601 
          94  1 0.1733 0.1698 0.1703 0.1553 0.1707 0.1606 
          95  1 0.1691 0.1639 0.1702 0.1589 0.1687 0.1693 
          96  1 0.1614 0.1629 0.1641 0.1793 0.1656 0.1667 
          97  1 0.1637 0.1633 0.1648 0.1749 0.1676 0.1658 
          98  1 0.1637 0.1643 0.1634 0.1731 0.1667 0.1688 
          99  1 0.1651 0.1687 0.1666 0.1679 0.1661 0.1656 
         100  1 0.1662 0.1660 0.1719 0.1610 0.1670 0.1679 
         101  1 0.1681 0.1669 0.1710 0.1627 0.1659 0.1654 
         102  1 0.1696 0.1704 0.1670 0.1550 0.1677 0.1703 
         103  1 0.1614 0.1644 0.1583 0.1873 0.1594 0.1691 
         104  1 0.1681 0.1651 0.1674 0.1591 0.1705 0.1698 
         105  1 0.1697 0.1660 0.1758 0.1454 0.1737 0.1695 
         106  1 0.1645 0.1662 0.1655 0.1700 0.1640 0.1698 
         107  1 0.1663 0.1671 0.1617 0.1775 0.1657 0.1617 
         108  1 0.1649 0.1688 0.1646 0.1641 0.1684 0.1692 
         109  1 0.1620 0.1631 0.1630 0.1800 0.1663 0.1655 
         110  1 0.1713 0.1669 0.1627 0.1648 0.1680 0.1664 
         111  1 0.1663 0.1613 0.1713 0.1663 0.1701 0.1647 
         112  1 0.1667 0.1642 0.1654 0.1705 0.1645 0.1687 
         113  1 0.1592 0.1596 0.1573 0.2007 0.1601 0.1630 
         114  1 0.1648 0.1627 0.1671 0.1675 0.1660 0.1719 
         115  1 0.1650 0.1636 0.1612 0.1811 0.1650 0.1640 
         116  1 0.1662 0.1652 0.1665 0.1685 0.1652 0.1685 
         117  1 0.1666 0.1650 0.1697 0.1585 0.1682 0.1720 
         118  1 0.1728 0.1647 0.1729 0.1526 0.1727 0.1642 
         119  1 0.1667 0.1657 0.1772 0.1548 0.1653 0.1701 
         120  1 0.1642 0.1670 0.1702 0.1693 0.1641 0.1651 
         121  1 0.1617 0.1664 0.1608 0.1813 0.1609 0.1690 
         122  1 0.1688 0.1719 0.1664 0.1632 0.1567 0.1730 
         123  1 0.1689 0.1663 0.1712 0.1596 0.1719 0.1621 
         124  1 0.1677 0.1684 0.1621 0.1691 0.1664 0.1664 
         125  1 0.1702 0.1671 0.1717 0.1534 0.1664 0.1712 
         126  1 0.1701 0.1698 0.1673 0.1630 0.1642 0.1655 
         127  1 0.1672 0.1648 0.1666 0.1650 0.1705 0.1659 
         128  1 0.1613 0.1657 0.1611 0.1835 0.1590 0.1694 
         129  1 0.1633 0.1664 0.1607 0.1791 0.1611 0.1694 
         130  1 0.1676 0.1715 0.1670 0.1652 0.1670 0.1618 
         131  1 0.1679 0.1646 0.1743 0.1532 0.1684 0.1716 
         132  1 0.1689 0.1678 0.1704 0.1588 0.1681 0.1659 
         133  1 0.1718 0.1698 0.1703 0.1538 0.1705 0.1638 
         134  1 0.1707 0.1675 0.1684 0.1599 0.1681 0.1655 
         135  1 0.1655 0.1645 0.1704 0.1644 0.1664 0.1687 
         136  1 0.1657 0.1698 0.1654 0.1656 0.1660 0.1676 
         137  1 0.1666 0.1686 0.1670 0.1656 0.1711 0.1610 
         138  1 0.1606 0.1641 0.1589 0.1868 0.1622 0.1673 
         139  1 0.1688 0.1642 0.1660 0.1600 0.1716 0.1693 
         140  1 0.1713 0.1684 0.1711 0.1569 0.1636 0.1687 
         141  1 0.1672 0.1662 0.1648 0.1658 0.1714 0.1646 
         142  1 0.1670 0.1656 0.1676 0.1559 0.1724 0.1714 
         143  1 0.1632 0.1666 0.1627 0.1803 0.1611 0.1662 
         144  1 0.1702 0.1685 0.1668 0.1575 0.1636 0.1734 
         145  1 0.1646 0.1677 0.1626 0.1781 0.1595 0.1675 
         146  1 0.1641 0.1687 0.1699 0.1607 0.1653 0.1712 
         147  1 0.1666 0.1648 0.1682 0.1642 0.1669 0.1693 
         148  1 0.1638 0.1641 0.1596 0.1844 0.1640 0.1641 
         149  1 0.1648 0.1692 0.1693 0.1671 0.1631 0.1664 
         150  1 0.1686 0.1692 0.1664 0.1635 0.1668 0.1655 
         151  1 0.1662 0.1682 0.1693 0.1641 0.1695 0.1627 
         152  1 0.1683 0.1652 0.1712 0.1583 0.1707 0.1664 
         153  1 0.1669 0.1661 0.1700 0.1605 0.1681 0.1684 
         154  1 0.1675 0.1675 0.1654 0.1704 0.1668 0.1623 
         155  1 0.1650 0.1663 0.1617 0.1760 0.1679 0.1630 
         156  1 0.1702 0.1717 0.1685 0.1491 0.1690 0.1714 
         157  1 0.1707 0.1673 0.1737 0.1517 0.1714 0.1652 
         158  1 0.1676 0.1642 0.1675 0.1615 0.1725 0.1667 
         159  1 0.1675 0.1686 0.1665 0.1606 0.1709 0.1659 
         160  1 0.1656 0.1711 0.1667 0.1606 0.1655 0.1703 
         161  1 0.1626 0.1667 0.1668 0.1798 0.1578 0.1663 
         162  1 0.1414 0.1519 0.1191 0.2982 0.1412 0.1483 
         163  1 0.1709 0.1648 0.1711 0.1449 0.1738 0.1746 
         164  1 0.1679 0.1639 0.1715 0.1662 0.1640 0.1665 
         165  1 0.1700 0.1670 0.1717 0.1545 0.1693 0.1675 
         166  1 0.1680 0.1693 0.1658 0.1648 0.1694 0.1628 
         167  1 0.1583 0.1620 0.1589 0.1931 0.1616 0.1660 
         168  1 0.1632 0.1676 0.1678 0.1697 0.1650 0.1667 
         169  1 0.1720 0.1728 0.1714 0.1553 0.1615 0.1670 
         170  1 0.1635 0.1678 0.1638 0.1758 0.1622 0.1669 
         171  1 0.1705 0.1741 0.1636 0.1576 0.1652 0.1690 
         172  1 0.1661 0.1676 0.1691 0.1653 0.1619 0.1700 
         173  1 0.1688 0.1692 0.1679 0.1556 0.1667 0.1719 
         174  1 0.1648 0.1682 0.1608 0.1775 0.1659 0.1628 
         175  1 0.1629 0.1674 0.1592 0.1842 0.1584 0.1679 
         176  1 0.1729 0.1681 0.1751 0.1533 0.1751 0.1556 
         177  1 0.1694 0.1654 0.1730 0.1457 0.1752 0.1713 
         178  1 0.1711 0.1709 0.1718 0.1477 0.1671 0.1715 
         179  1 0.1673 0.1657 0.1662 0.1685 0.1673 0.1651 
         180  1 0.1654 0.1650 0.1621 0.1738 0.1685 0.1652 
         181  1 0.1702 0.1699 0.1695 0.1570 0.1670 0.1664 
         182  1 0.1628 0.1667 0.1600 0.1740 0.1672 0.1693 
         183  1 0.1681 0.1642 0.1708 0.1623 0.1720 0.1627 
         184  1 0.1634 0.1690 0.1657 0.1642 0.1674 0.1703 
         185  1 0.1712 0.1721 0.1669 0.1615 0.1611 0.1671 
         186  1 0.1670 0.1678 0.1665 0.1625 0.1660 0.1702 
         187  1 0.1724 0.1673 0.1709 0.1562 0.1687 0.1645 
         188  1 0.1709 0.1715 0.1694 0.1532 0.1620 0.1730 
         189  1 0.1688 0.1724 0.1648 0.1652 0.1643 0.1645 
         190  1 0.1673 0.1660 0.1676 0.1689 0.1633 0.1669 
         191  1 0.1684 0.1713 0.1633 0.1685 0.1614 0.1671 
         192  1 0.1679 0.1655 0.1663 0.1667 0.1683 0.1653 
         193  1 0.1676 0.1709 0.1689 0.1667 0.1685 0.1574 
         194  1 0.1663 0.1618 0.1658 0.1750 0.1665 0.1646 
         195  1 0.1637 0.1684 0.1692 0.1680 0.1608 0.1699 
         196  1 0.1602 0.1657 0.1590 0.1902 0.1589 0.1661 
         197  1 0.1680 0.1673 0.1671 0.1611 0.1742 0.1622 
         198  1 0.1679 0.1647 0.1678 0.1693 0.1710 0.1592 
         199  1 0.1662 0.1655 0.1741 0.1562 0.1694 0.1685 
         200  1 0.1712 0.1678 0.1713 0.1536 0.1671 0.1691 
         201  1 0.1614 0.1643 0.1601 0.1826 0.1646 0.1671 
         202  1 0.1728 0.1678 0.1703 0.1566 0.1652 0.1673 
         203  1 0.1669 0.1699 0.1690 0.1631 0.1639 0.1672 
         204  1 0.1672 0.1645 0.1692 0.1643 0.1680 0.1668 
         205  1 0.1657 0.1654 0.1650 0.1722 0.1671 0.1647 
         206  1 0.1641 0.1651 0.1673 0.1619 0.1709 0.1707 
         207  1 0.1666 0.1677 0.1681 0.1664 0.1701 0.1611 
         208  1 0.1674 0.1646 0.1735 0.1611 0.1670 0.1664 
         209  1 0.1624 0.1615 0.1643 0.1757 0.1671 0.1690 
         210  1 0.1707 0.1661 0.1698 0.1573 0.1711 0.1651 
         211  1 0.1693 0.1689 0.1684 0.1579 0.1679 0.1676 
         212  1 0.1595 0.1642 0.1634 0.1839 0.1625 0.1665 
         213  1 0.1694 0.1663 0.1703 0.1599 0.1699 0.1642 
         214  1 0.1668 0.1651 0.1656 0.1656 0.1655 0.1714 
         215  1 0.1683 0.1712 0.1614 0.1648 0.1685 0.1659 
         216  1 0.1574 0.1644 0.1597 0.1883 0.1640 0.1661 
         217  1 0.1719 0.1695 0.1716 0.1509 0.1710 0.1651 
         218  1 0.1668 0.1687 0.1691 0.1623 0.1666 0.1665 
         219  1 0.1594 0.1592 0.1561 0.2027 0.1618 0.1608 
         220  1 0.1628 0.1664 0.1658 0.1716 0.1649 0.1686 
         221  1 0.1659 0.1682 0.1631 0.1728 0.1649 0.1651 
         222  1 0.1691 0.1686 0.1677 0.1646 0.1706 0.1594 
         223  1 0.1663 0.1634 0.1735 0.1527 0.1734 0.1707 
         224  1 0.1680 0.1654 0.1667 0.1609 0.1699 0.1692 
         225  1 0.1652 0.1658 0.1659 0.1753 0.1613 0.1664 
         226  1 0.1615 0.1633 0.1558 0.1938 0.1602 0.1654 
         227  1 0.1662 0.1666 0.1665 0.1662 0.1648 0.1697 
         228  1 0.1705 0.1702 0.1710 0.1564 0.1685 0.1633 
         229  1 0.1698 0.1653 0.1721 0.1545 0.1751 0.1633 
         230  1 0.1627 0.1674 0.1647 0.1730 0.1645 0.1678 
         231  1 0.1634 0.1658 0.1627 0.1774 0.1627 0.1679 
         232  1 0.1696 0.1692 0.1700 0.1534 0.1653 0.1725 
         233  1 0.1614 0.1676 0.1688 0.1726 0.1640 0.1656 
         234  1 0.1706 0.1639 0.1719 0.1528 0.1731 0.1678 
         235  1 0.1745 0.1662 0.1750 0.1509 0.1759 0.1575 
         236  1 0.1604 0.1636 0.1610 0.1869 0.1629 0.1653 
         237  1 0.1709 0.1660 0.1768 0.1467 0.1741 0.1655 
         238  1 0.1703 0.1644 0.1695 0.1538 0.1747 0.1674 
         239  1 0.1729 0.1644 0.1725 0.1519 0.1769 0.1614 
         240  1 0.1599 0.1620 0.1577 0.1893 0.1639 0.1672 
         241  1 0.1640 0.1674 0.1624 0.1779 0.1629 0.1654 
         242  1 0.1719 0.1669 0.1791 0.1483 0.1690 0.1647 
         243  1 0.1696 0.1639 0.1766 0.1499 0.1727 0.1674 
         244  1 0.1661 0.1679 0.1691 0.1607 0.1688 0.1673 
         245  1 0.1666 0.1706 0.1615 0.1725 0.1616 0.1671 
         246  1 0.1671 0.1690 0.1631 0.1760 0.1644 0.1604 
         247  1 0.1635 0.1647 0.1616 0.1814 0.1662 0.1626 
         248  1 0.1704 0.1699 0.1679 0.1663 0.1619 0.1636 
         249  1 0.1641 0.1637 0.1635 0.1741 0.1629 0.1717 
         250  1 0.1650 0.1671 0.1591 0.1788 0.1623 0.1677 
         251  1 0.1659 0.1675 0.1633 0.1714 0.1699 0.1621 
         252  1 0.1651 0.1676 0.1685 0.1664 0.1645 0.1679 
         253  1 0.1670 0.1658 0.1708 0.1577 0.1651 0.1736 
         254  1 0.1693 0.1660 0.1696 0.1604 0.1690 0.1657 
         255  1 0.1657 0.1717 0.1606 0.1751 0.1610 0.1658 
         256  1 0.1640 0.1653 0.1605 0.1839 0.1647 0.1616 
         257  1 0.1655 0.1706 0.1660 0.1600 0.1651 0.1727 
         258  1 0.1635 0.1690 0.1583 0.1825 0.1595 0.1671 
         259  1 0.1668 0.1668 0.1684 0.1623 0.1683 0.1674 
         260  1 0.1665 0.1676 0.1657 0.1729 0.1662 0.1610 
         261  1 0.1676 0.1679 0.1696 0.1653 0.1688 0.1609 
         262  1 0.1712 0.1749 0.1656 0.1573 0.1599 0.1711 
         263  1 0.1685 0.1683 0.1689 0.1587 0.1674 0.1682 
         264  1 0.1726 0.1626 0.1744 0.1559 0.1688 0.1658 
         265  1 0.1677 0.1676 0.1692 0.1658 0.1648 0.1649 
         266  1 0.1657 0.1678 0.1700 0.1686 0.1611 0.1668 
         267  1 0.1643 0.1638 0.1722 0.1630 0.1674 0.1693 
         268  1 0.1641 0.1692 0.1574 0.1850 0.1612 0.1631 
         269  1 0.1590 0.1639 0.1561 0.1918 0.1652 0.1640 
         270  1 0.1656 0.1629 0.1664 0.1700 0.1722 0.1628 
         271  1 0.1662 0.1686 0.1667 0.1702 0.1620 0.1663 
         272  1 0.1585 0.1650 0.1565 0.1975 0.1604 0.1620 
         273  1 0.1714 0.1708 0.1751 0.1447 0.1658 0.1721 
         274  1 0.1733 0.1655 0.1785 0.1472 0.1731 0.1624 
         275  1 0.1667 0.1689 0.1723 0.1560 0.1694 0.1667 
         276  1 0.1716 0.1684 0.1734 0.1523 0.1648 0.1694 
         277  1 0.1704 0.1637 0.1718 0.1510 0.1730 0.1700 
         278  1 0.1725 0.1668 0.1784 0.1472 0.1675 0.1676 
         279  1 0.1697 0.1710 0.1664 0.1598 0.1670 0.1662 
         280  1 0.1685 0.1684 0.1592 0.1812 0.1655 0.1572 
         281  1 0.1702 0.1649 0.1698 0.1559 0.1737 0.1654 
         282  1 0.1685 0.1666 0.1669 0.1691 0.1653 0.1636 
         283  1 0.1689 0.1709 0.1733 0.1490 0.1641 0.1739 
         284  1 0.1671 0.1707 0.1621 0.1657 0.1623 0.1720 
         285  1 0.1593 0.1661 0.1550 0.1957 0.1593 0.1647 
         286  1 0.1670 0.1666 0.1704 0.1616 0.1701 0.1643 
         287  1 0.1625 0.1642 0.1643 0.1803 0.1670 0.1617 
         288  1 0.1605 0.1651 0.1646 0.1827 0.1662 0.1609 
         289  1 0.1656 0.1650 0.1647 0.1684 0.1670 0.1694 
         290  1 0.1691 0.1682 0.1718 0.1517 0.1641 0.1750 
         291  1 0.1716 0.1667 0.1678 0.1506 0.1699 0.1735 
         292  1 0.1701 0.1658 0.1701 0.1607 0.1685 0.1648 
         293  1 0.1619 0.1676 0.1594 0.1843 0.1629 0.1639 
         294  1 0.1701 0.1655 0.1721 0.1524 0.1740 0.1660 
         295  1 0.1636 0.1657 0.1659 0.1706 0.1659 0.1684 
         296  1 0.1630 0.1677 0.1612 0.1800 0.1618 0.1664 
         297  1 0.1627 0.1673 0.1583 0.1841 0.1631 0.1644 
         298  1 0.1589 0.1634 0.1543 0.1975 0.1608 0.1651 
         299  1 0.1705 0.1673 0.1677 0.1495 0.1743 0.1707 
         300  1 0.1693 0.1676 0.1654 0.1520 0.1726 0.1731 
