           1  1 0.1118 0.1116 0.1166 0.1179 0.1093 0.1073 0.1059 0.1158 0.1038 
           2  1 0.1066 0.1108 0.1143 0.1149 0.1102 0.1173 0.1073 0.1170 0.1014 
           3  1 0.1108 0.1155 0.1076 0.1143 0.1102 0.1076 0.1076 0.1154 0.1112 
           4  1 0.1079 0.1051 0.1032 0.1073 0.1110 0.1161 0.1198 0.1024 0.1271 
           5  1 0.1158 0.1138 0.1114 0.1107 0.1104 0.1083 0.1081 0.1123 0.1090 
           6  1 0.1101 0.1088 0.1167 0.1135 0.1087 0.1112 0.1104 0.1145 0.1061 
           7  1 0.1081 0.1100 0.1135 0.1129 0.1099 0.1168 0.1096 0.1116 0.1075 
           8  1 0.1075 0.1070 0.1159 0.1146 0.1113 0.1157 0.1084 0.1119 0.1077 
           9  1 0.1140 0.1097 0.1014 0.1035 0.1168 0.1082 0.1171 0.1056 0.1236 
          10  1 0.1148 0.1113 0.1041 0.1115 0.1119 0.1095 0.1118 0.1101 0.1149 
          11  1 0.1109 0.1213 0.1153 0.1195 0.1060 0.1075 0.1024 0.1183 0.0989 
          12  1 0.1095 0.1094 0.1050 0.1051 0.1181 0.1096 0.1137 0.1081 0.1213 
          13  1 0.1158 0.1096 0.0994 0.1027 0.1165 0.1062 0.1182 0.1026 0.1289 
          14  1 0.1126 0.1061 0.1086 0.1054 0.1140 0.1108 0.1186 0.1037 0.1202 
          15  1 0.1102 0.1161 0.1105 0.1120 0.1127 0.1063 0.1076 0.1134 0.1111 
          16  1 0.1096 0.1110 0.1117 0.1124 0.1134 0.1124 0.1092 0.1104 0.1099 
          17  1 0.1117 0.1089 0.1113 0.1079 0.1112 0.1098 0.1131 0.1096 0.1165 
          18  1 0.1111 0.1155 0.1128 0.1117 0.1076 0.1119 0.1079 0.1116 0.1100 
          19  1 0.1125 0.1096 0.1098 0.1100 0.1119 0.1094 0.1129 0.1107 0.1132 
          20  1 0.1111 0.1089 0.1114 0.1080 0.1111 0.1123 0.1143 0.1084 0.1144 
          21  1 0.1124 0.1124 0.1142 0.1143 0.1091 0.1107 0.1071 0.1157 0.1042 
          22  1 0.1134 0.1066 0.1073 0.1081 0.1121 0.1118 0.1147 0.1083 0.1178 
          23  1 0.1097 0.1113 0.1158 0.1134 0.1071 0.1159 0.1101 0.1119 0.1049 
          24  1 0.1133 0.1073 0.1101 0.1101 0.1093 0.1149 0.1135 0.1088 0.1127 
          25  1 0.1115 0.1099 0.1110 0.1101 0.1127 0.1093 0.1110 0.1122 0.1121 
          26  1 0.1139 0.1083 0.1120 0.1098 0.1112 0.1131 0.1128 0.1079 0.1111 
          27  1 0.1128 0.1085 0.1073 0.1086 0.1119 0.1122 0.1138 0.1100 0.1148 
          28  1 0.1120 0.1100 0.1109 0.1092 0.1114 0.1127 0.1130 0.1097 0.1111 
          29  1 0.1126 0.1129 0.1094 0.1110 0.1116 0.1089 0.1101 0.1131 0.1103 
          30  1 0.1077 0.1138 0.1112 0.1092 0.1140 0.1090 0.1111 0.1108 0.1132 
          31  1 0.0989 0.1153 0.1237 0.1185 0.1142 0.1121 0.1002 0.1204 0.0967 
          32  1 0.1167 0.1093 0.1092 0.1095 0.1093 0.1104 0.1147 0.1100 0.1110 
          33  1 0.1040 0.1161 0.1175 0.1142 0.1101 0.1054 0.1071 0.1164 0.1091 
          34  1 0.1124 0.1132 0.1135 0.1059 0.1111 0.1144 0.1108 0.1090 0.1098 
          35  1 0.1110 0.1061 0.1056 0.1071 0.1122 0.1143 0.1168 0.1062 0.1207 
          36  1 0.1101 0.1141 0.1128 0.1162 0.1104 0.1088 0.1077 0.1147 0.1052 
          37  1 0.0992 0.1193 0.1252 0.1150 0.1157 0.1107 0.1003 0.1200 0.0945 
          38  1 0.1118 0.1100 0.1121 0.1080 0.1137 0.1139 0.1115 0.1076 0.1114 
          39  1 0.1101 0.1112 0.1105 0.1109 0.1128 0.1107 0.1094 0.1114 0.1131 
          40  1 0.1121 0.1099 0.1136 0.1164 0.1054 0.1095 0.1141 0.1129 0.1062 
          41  1 0.1141 0.1085 0.1148 0.1124 0.1086 0.1126 0.1134 0.1091 0.1066 
          42  1 0.1126 0.1106 0.1045 0.1058 0.1118 0.1085 0.1155 0.1079 0.1228 
          43  1 0.1148 0.1126 0.1060 0.1037 0.1128 0.1119 0.1151 0.1056 0.1175 
          44  1 0.1127 0.1130 0.1081 0.1155 0.1118 0.1099 0.1087 0.1136 0.1067 
          45  1 0.1113 0.1173 0.1123 0.1127 0.1084 0.1091 0.1077 0.1139 0.1072 
          46  1 0.1121 0.1082 0.1091 0.1072 0.1131 0.1135 0.1147 0.1065 0.1157 
          47  1 0.1109 0.1071 0.1166 0.1208 0.1081 0.1112 0.1084 0.1171 0.0999 
          48  1 0.1078 0.1187 0.1138 0.1129 0.1102 0.1086 0.1050 0.1160 0.1070 
          49  1 0.1120 0.1101 0.1062 0.1061 0.1124 0.1121 0.1163 0.1061 0.1187 
          50  1 0.1144 0.1144 0.1139 0.1200 0.1061 0.1092 0.1052 0.1161 0.1007 
          51  1 0.1084 0.1025 0.1011 0.1035 0.1163 0.1120 0.1198 0.1033 0.1331 
          52  1 0.1085 0.1122 0.1088 0.1147 0.1076 0.1099 0.1118 0.1133 0.1131 
          53  1 0.1096 0.1072 0.1129 0.1111 0.1088 0.1169 0.1124 0.1095 0.1116 
          54  1 0.1125 0.1084 0.1137 0.1137 0.1100 0.1141 0.1087 0.1138 0.1052 
          55  1 0.1097 0.1123 0.1132 0.1072 0.1113 0.1143 0.1110 0.1109 0.1103 
          56  1 0.1090 0.1099 0.1149 0.1118 0.1097 0.1147 0.1112 0.1102 0.1086 
          57  1 0.1112 0.1097 0.1137 0.1189 0.1066 0.1110 0.1097 0.1157 0.1036 
          58  1 0.1087 0.1057 0.1131 0.1139 0.1099 0.1162 0.1139 0.1085 0.1102 
          59  1 0.1123 0.1137 0.1115 0.1111 0.1123 0.1128 0.1091 0.1105 0.1067 
          60  1 0.1137 0.1142 0.1158 0.1126 0.1097 0.1102 0.1067 0.1124 0.1046 
          61  1 0.1105 0.1098 0.1077 0.1093 0.1113 0.1126 0.1132 0.1104 0.1152 
          62  1 0.1130 0.1102 0.1123 0.1093 0.1114 0.1123 0.1119 0.1095 0.1100 
          63  1 0.1135 0.1097 0.1131 0.1075 0.1109 0.1150 0.1115 0.1086 0.1102 
          64  1 0.1107 0.1243 0.1155 0.1182 0.1052 0.1065 0.1001 0.1204 0.0990 
          65  1 0.1131 0.1076 0.1084 0.1117 0.1137 0.1110 0.1121 0.1094 0.1131 
          66  1 0.1116 0.1076 0.1147 0.1124 0.1121 0.1147 0.1092 0.1090 0.1087 
          67  1 0.1142 0.1139 0.1075 0.1041 0.1123 0.1116 0.1131 0.1060 0.1173 
          68  1 0.1126 0.1134 0.1094 0.1133 0.1093 0.1090 0.1091 0.1143 0.1095 
          69  1 0.1079 0.1079 0.1126 0.1102 0.1161 0.1141 0.1102 0.1104 0.1106 
          70  1 0.1080 0.1141 0.1139 0.1156 0.1099 0.1108 0.1059 0.1127 0.1092 
          71  1 0.1102 0.1158 0.1145 0.1125 0.1108 0.1080 0.1079 0.1145 0.1057 
          72  1 0.1089 0.1129 0.1100 0.1101 0.1103 0.1089 0.1119 0.1108 0.1162 
          73  1 0.1114 0.1108 0.1129 0.1180 0.1087 0.1080 0.1112 0.1142 0.1048 
          74  1 0.1066 0.1119 0.1145 0.1167 0.1116 0.1090 0.1064 0.1144 0.1089 
          75  1 0.1106 0.1134 0.1105 0.1118 0.1088 0.1059 0.1113 0.1147 0.1129 
          76  1 0.1102 0.1133 0.1159 0.1122 0.1071 0.1142 0.1074 0.1155 0.1042 
          77  1 0.1086 0.1123 0.1173 0.1113 0.1143 0.1128 0.1074 0.1109 0.1052 
          78  1 0.1110 0.1151 0.1125 0.1136 0.1082 0.1166 0.1091 0.1124 0.1015 
          79  1 0.1140 0.1126 0.1090 0.1113 0.1102 0.1085 0.1111 0.1111 0.1123 
          80  1 0.1122 0.1053 0.1040 0.1017 0.1159 0.1125 0.1188 0.1006 0.1290 
          81  1 0.1103 0.1123 0.1117 0.1145 0.1090 0.1109 0.1088 0.1142 0.1084 
          82  1 0.1081 0.1097 0.1138 0.1186 0.1072 0.1123 0.1096 0.1209 0.0997 
          83  1 0.1139 0.1113 0.1126 0.1178 0.1081 0.1079 0.1091 0.1139 0.1054 
          84  1 0.1141 0.1066 0.1087 0.1117 0.1084 0.1145 0.1169 0.1067 0.1125 
          85  1 0.1103 0.1099 0.1159 0.1132 0.1103 0.1138 0.1075 0.1154 0.1037 
          86  1 0.1115 0.1145 0.1096 0.1105 0.1087 0.1125 0.1098 0.1143 0.1086 
          87  1 0.1134 0.1126 0.1103 0.1137 0.1079 0.1070 0.1103 0.1166 0.1083 
          88  1 0.1130 0.1047 0.1082 0.1099 0.1114 0.1143 0.1150 0.1089 0.1147 
          89  1 0.1081 0.1148 0.1120 0.1119 0.1117 0.1038 0.1095 0.1127 0.1155 
          90  1 0.1129 0.1083 0.1124 0.1076 0.1119 0.1117 0.1154 0.1070 0.1129 
          91  1 0.1106 0.1128 0.1126 0.1150 0.1092 0.1099 0.1085 0.1148 0.1066 
          92  1 0.1096 0.1114 0.1127 0.1131 0.1098 0.1104 0.1104 0.1141 0.1086 
          93  1 0.1126 0.1138 0.1098 0.1128 0.1111 0.1071 0.1108 0.1133 0.1087 
          94  1 0.1086 0.1166 0.1143 0.1168 0.1104 0.1036 0.1055 0.1207 0.1035 
          95  1 0.1088 0.1081 0.1130 0.1135 0.1139 0.1113 0.1097 0.1143 0.1074 
          96  1 0.1161 0.1071 0.1042 0.1040 0.1142 0.1121 0.1174 0.1057 0.1192 
          97  1 0.1146 0.1096 0.1066 0.1087 0.1111 0.1102 0.1166 0.1061 0.1166 
          98  1 0.1113 0.1097 0.1078 0.1109 0.1109 0.1101 0.1146 0.1094 0.1153 
          99  1 0.1124 0.1090 0.1090 0.1107 0.1118 0.1117 0.1132 0.1092 0.1129 
         100  1 0.1148 0.1102 0.1096 0.1136 0.1076 0.1122 0.1126 0.1114 0.1080 
         101  1 0.1092 0.1101 0.1149 0.1129 0.1078 0.1120 0.1109 0.1139 0.1083 
         102  1 0.1060 0.1125 0.1186 0.1134 0.1112 0.1117 0.1082 0.1152 0.1032 
         103  1 0.1100 0.1045 0.1037 0.1068 0.1144 0.1126 0.1166 0.1058 0.1257 
         104  1 0.1124 0.1107 0.1138 0.1098 0.1109 0.1143 0.1103 0.1091 0.1089 
         105  1 0.1098 0.1200 0.1138 0.1164 0.1108 0.1100 0.1020 0.1180 0.0992 
         106  1 0.1072 0.1104 0.1108 0.1110 0.1107 0.1137 0.1117 0.1115 0.1130 
         107  1 0.1141 0.1116 0.1066 0.1087 0.1090 0.1094 0.1116 0.1082 0.1208 
         108  1 0.1116 0.1075 0.1142 0.1091 0.1111 0.1142 0.1121 0.1104 0.1097 
         109  1 0.1173 0.1052 0.1064 0.1081 0.1123 0.1117 0.1164 0.1047 0.1179 
         110  1 0.1143 0.1115 0.1128 0.1107 0.1141 0.1069 0.1083 0.1115 0.1099 
         111  1 0.1097 0.1060 0.1090 0.1158 0.1086 0.1090 0.1135 0.1151 0.1135 
         112  1 0.1140 0.1079 0.1097 0.1075 0.1106 0.1139 0.1135 0.1086 0.1143 
         113  1 0.1128 0.1041 0.0977 0.1046 0.1147 0.1090 0.1201 0.1017 0.1353 
         114  1 0.1101 0.1090 0.1108 0.1105 0.1126 0.1124 0.1112 0.1097 0.1136 
         115  1 0.1150 0.1071 0.1073 0.1073 0.1110 0.1111 0.1156 0.1051 0.1206 
         116  1 0.1110 0.1099 0.1104 0.1120 0.1104 0.1125 0.1119 0.1096 0.1123 
         117  1 0.1082 0.1108 0.1165 0.1109 0.1135 0.1131 0.1083 0.1127 0.1060 
         118  1 0.1105 0.1165 0.1099 0.1171 0.1067 0.1092 0.1068 0.1186 0.1046 
         119  1 0.1090 0.1142 0.1149 0.1130 0.1095 0.1110 0.1071 0.1157 0.1056 
         120  1 0.1128 0.1083 0.1110 0.1091 0.1110 0.1122 0.1123 0.1098 0.1134 
         121  1 0.1122 0.1062 0.1059 0.1058 0.1144 0.1156 0.1165 0.1037 0.1198 
         122  1 0.1051 0.1063 0.1175 0.1152 0.1118 0.1159 0.1097 0.1111 0.1073 
         123  1 0.1104 0.1201 0.1123 0.1138 0.1107 0.1071 0.1036 0.1166 0.1054 
         124  1 0.1078 0.1135 0.1120 0.1091 0.1145 0.1092 0.1098 0.1117 0.1124 
         125  1 0.1103 0.1120 0.1166 0.1134 0.1084 0.1137 0.1076 0.1131 0.1050 
         126  1 0.1103 0.1086 0.1132 0.1123 0.1097 0.1125 0.1124 0.1112 0.1098 
         127  1 0.1123 0.1098 0.1091 0.1128 0.1101 0.1117 0.1148 0.1103 0.1092 
         128  1 0.1139 0.1071 0.1075 0.1027 0.1140 0.1141 0.1146 0.1048 0.1214 
         129  1 0.1090 0.1080 0.1092 0.1071 0.1156 0.1127 0.1122 0.1083 0.1178 
         130  1 0.1102 0.1122 0.1150 0.1097 0.1116 0.1075 0.1094 0.1137 0.1107 
         131  1 0.1080 0.1135 0.1158 0.1131 0.1128 0.1098 0.1064 0.1167 0.1038 
         132  1 0.1122 0.1125 0.1131 0.1138 0.1105 0.1072 0.1084 0.1160 0.1063 
         133  1 0.1101 0.1169 0.1119 0.1139 0.1115 0.1101 0.1076 0.1148 0.1031 
         134  1 0.1084 0.1091 0.1129 0.1113 0.1116 0.1125 0.1125 0.1142 0.1073 
         135  1 0.1081 0.1082 0.1103 0.1121 0.1102 0.1131 0.1118 0.1137 0.1126 
         136  1 0.1116 0.1112 0.1122 0.1081 0.1147 0.1124 0.1093 0.1103 0.1102 
         137  1 0.1123 0.1146 0.1102 0.1149 0.1102 0.1079 0.1082 0.1114 0.1103 
         138  1 0.1142 0.1034 0.1057 0.1055 0.1161 0.1140 0.1161 0.1033 0.1217 
         139  1 0.1091 0.1085 0.1145 0.1120 0.1131 0.1130 0.1103 0.1138 0.1057 
         140  1 0.1076 0.1113 0.1145 0.1160 0.1105 0.1097 0.1077 0.1164 0.1063 
         141  1 0.1166 0.1099 0.1108 0.1071 0.1112 0.1124 0.1142 0.1066 0.1111 
         142  1 0.1096 0.1099 0.1177 0.1119 0.1116 0.1153 0.1080 0.1116 0.1044 
         143  1 0.1140 0.1090 0.1065 0.1061 0.1113 0.1103 0.1158 0.1076 0.1193 
         144  1 0.1065 0.1125 0.1135 0.1153 0.1151 0.1104 0.1072 0.1144 0.1051 
         145  1 0.1105 0.1079 0.1077 0.1067 0.1111 0.1149 0.1142 0.1066 0.1203 
         146  1 0.1109 0.1117 0.1142 0.1091 0.1082 0.1203 0.1116 0.1068 0.1071 
         147  1 0.1133 0.1089 0.1117 0.1110 0.1100 0.1106 0.1142 0.1084 0.1118 
         148  1 0.1142 0.1053 0.1043 0.1067 0.1104 0.1118 0.1173 0.1088 0.1213 
         149  1 0.1107 0.1104 0.1104 0.1103 0.1101 0.1140 0.1122 0.1118 0.1101 
         150  1 0.1103 0.1117 0.1101 0.1131 0.1118 0.1092 0.1112 0.1122 0.1104 
         151  1 0.1127 0.1145 0.1097 0.1130 0.1101 0.1081 0.1104 0.1113 0.1101 
         152  1 0.1141 0.1140 0.1108 0.1136 0.1108 0.1077 0.1095 0.1126 0.1069 
         153  1 0.1129 0.1102 0.1130 0.1126 0.1094 0.1109 0.1070 0.1156 0.1085 
         154  1 0.1125 0.1113 0.1086 0.1111 0.1106 0.1064 0.1116 0.1118 0.1161 
         155  1 0.1127 0.1094 0.1091 0.1071 0.1117 0.1077 0.1160 0.1118 0.1145 
         156  1 0.1061 0.1178 0.1192 0.1150 0.1134 0.1119 0.1011 0.1167 0.0988 
         157  1 0.1090 0.1165 0.1123 0.1149 0.1095 0.1115 0.1063 0.1194 0.1007 
         158  1 0.1145 0.1138 0.1122 0.1103 0.1086 0.1092 0.1105 0.1109 0.1100 
         159  1 0.1116 0.1116 0.1151 0.1101 0.1092 0.1115 0.1099 0.1125 0.1084 
         160  1 0.1068 0.1109 0.1172 0.1093 0.1140 0.1133 0.1089 0.1123 0.1073 
         161  1 0.1151 0.1072 0.1095 0.1071 0.1116 0.1141 0.1154 0.1031 0.1169 
         162  1 0.0989 0.0857 0.0757 0.0848 0.1168 0.1030 0.1370 0.0811 0.2168 
         163  1 0.1091 0.1148 0.1210 0.1165 0.1127 0.1101 0.1017 0.1174 0.0967 
         164  1 0.1131 0.1073 0.1136 0.1128 0.1099 0.1104 0.1115 0.1109 0.1106 
         165  1 0.1111 0.1116 0.1128 0.1135 0.1103 0.1091 0.1088 0.1177 0.1050 
         166  1 0.1105 0.1135 0.1110 0.1131 0.1107 0.1081 0.1100 0.1137 0.1096 
         167  1 0.1111 0.1032 0.1036 0.1060 0.1141 0.1136 0.1189 0.1016 0.1278 
         168  1 0.1125 0.1065 0.1089 0.1086 0.1101 0.1152 0.1155 0.1099 0.1127 
         169  1 0.1080 0.1093 0.1189 0.1175 0.1089 0.1142 0.1067 0.1130 0.1035 
         170  1 0.1109 0.1056 0.1075 0.1110 0.1122 0.1106 0.1180 0.1083 0.1158 
         171  1 0.1018 0.1200 0.1228 0.1139 0.1141 0.1067 0.1007 0.1185 0.1016 
         172  1 0.1068 0.1115 0.1126 0.1146 0.1116 0.1085 0.1092 0.1142 0.1110 
         173  1 0.1063 0.1139 0.1166 0.1135 0.1116 0.1098 0.1082 0.1159 0.1043 
         174  1 0.1143 0.1101 0.1071 0.1059 0.1126 0.1112 0.1154 0.1080 0.1154 
         175  1 0.1119 0.1119 0.1069 0.1043 0.1130 0.1120 0.1134 0.1057 0.1208 
         176  1 0.1111 0.1196 0.1142 0.1204 0.1069 0.1031 0.1023 0.1199 0.1024 
         177  1 0.1073 0.1142 0.1178 0.1160 0.1090 0.1156 0.1050 0.1154 0.0996 
         178  1 0.1073 0.1149 0.1199 0.1183 0.1106 0.1107 0.1028 0.1164 0.0991 
         179  1 0.1113 0.1124 0.1103 0.1112 0.1086 0.1100 0.1124 0.1121 0.1118 
         180  1 0.1161 0.1136 0.1069 0.1098 0.1141 0.1063 0.1093 0.1098 0.1141 
         181  1 0.1090 0.1157 0.1133 0.1122 0.1084 0.1141 0.1078 0.1135 0.1060 
         182  1 0.1176 0.1055 0.1110 0.1052 0.1123 0.1177 0.1151 0.1029 0.1126 
         183  1 0.1102 0.1127 0.1135 0.1121 0.1086 0.1098 0.1109 0.1143 0.1079 
         184  1 0.1088 0.1103 0.1133 0.1117 0.1118 0.1121 0.1128 0.1125 0.1068 
         185  1 0.1081 0.1112 0.1158 0.1143 0.1116 0.1096 0.1097 0.1129 0.1070 
         186  1 0.1120 0.1079 0.1115 0.1114 0.1119 0.1140 0.1108 0.1115 0.1090 
         187  1 0.1115 0.1121 0.1113 0.1164 0.1106 0.1106 0.1092 0.1131 0.1051 
         188  1 0.1033 0.1115 0.1203 0.1164 0.1151 0.1120 0.1030 0.1170 0.1014 
         189  1 0.1113 0.1131 0.1122 0.1114 0.1100 0.1079 0.1111 0.1115 0.1115 
         190  1 0.1130 0.1080 0.1118 0.1109 0.1079 0.1132 0.1137 0.1082 0.1132 
         191  1 0.1125 0.1055 0.1171 0.1117 0.1113 0.1103 0.1128 0.1081 0.1107 
         192  1 0.1104 0.1082 0.1091 0.1136 0.1110 0.1106 0.1142 0.1110 0.1118 
         193  1 0.1123 0.1221 0.1093 0.1121 0.1101 0.1055 0.1053 0.1137 0.1096 
         194  1 0.1139 0.1100 0.1055 0.1094 0.1124 0.1109 0.1130 0.1091 0.1159 
         195  1 0.1089 0.1111 0.1122 0.1092 0.1063 0.1199 0.1130 0.1101 0.1093 
         196  1 0.1099 0.1068 0.1050 0.1056 0.1146 0.1126 0.1176 0.1035 0.1243 
         197  1 0.1123 0.1093 0.1101 0.1144 0.1075 0.1104 0.1148 0.1129 0.1083 
         198  1 0.1120 0.1148 0.1095 0.1142 0.1092 0.1074 0.1076 0.1133 0.1119 
         199  1 0.1107 0.1135 0.1088 0.1121 0.1101 0.1118 0.1105 0.1150 0.1075 
         200  1 0.1125 0.1100 0.1145 0.1155 0.1109 0.1113 0.1096 0.1113 0.1044 
         201  1 0.1147 0.1080 0.1033 0.1046 0.1141 0.1117 0.1170 0.1068 0.1197 
         202  1 0.1079 0.1109 0.1146 0.1162 0.1105 0.1107 0.1078 0.1159 0.1055 
         203  1 0.1104 0.1095 0.1126 0.1090 0.1121 0.1148 0.1104 0.1124 0.1086 
         204  1 0.1144 0.1120 0.1111 0.1114 0.1091 0.1113 0.1125 0.1077 0.1105 
         205  1 0.1151 0.1122 0.1089 0.1114 0.1095 0.1084 0.1131 0.1083 0.1132 
         206  1 0.1132 0.1095 0.1145 0.1087 0.1120 0.1145 0.1098 0.1090 0.1087 
         207  1 0.1139 0.1129 0.1082 0.1136 0.1114 0.1068 0.1087 0.1128 0.1117 
         208  1 0.1102 0.1074 0.1081 0.1172 0.1104 0.1114 0.1125 0.1152 0.1075 
         209  1 0.1118 0.1076 0.1074 0.1082 0.1138 0.1136 0.1135 0.1072 0.1171 
         210  1 0.1102 0.1166 0.1121 0.1120 0.1094 0.1111 0.1080 0.1140 0.1067 
         211  1 0.1096 0.1151 0.1154 0.1114 0.1129 0.1102 0.1068 0.1128 0.1058 
         212  1 0.1110 0.1045 0.1053 0.1072 0.1118 0.1159 0.1166 0.1069 0.1209 
         213  1 0.1109 0.1138 0.1093 0.1166 0.1094 0.1082 0.1106 0.1135 0.1078 
         214  1 0.1115 0.1061 0.1113 0.1095 0.1143 0.1154 0.1103 0.1104 0.1113 
         215  1 0.1079 0.1125 0.1156 0.1114 0.1128 0.1099 0.1090 0.1130 0.1079 
         216  1 0.1154 0.1063 0.1037 0.1040 0.1128 0.1150 0.1176 0.1022 0.1231 
         217  1 0.1077 0.1157 0.1165 0.1168 0.1061 0.1123 0.1053 0.1171 0.1025 
         218  1 0.1095 0.1105 0.1138 0.1120 0.1114 0.1126 0.1082 0.1131 0.1089 
         219  1 0.1115 0.1031 0.0976 0.1062 0.1097 0.1086 0.1205 0.1027 0.1402 
         220  1 0.1108 0.1143 0.1113 0.1093 0.1099 0.1110 0.1109 0.1088 0.1137 
         221  1 0.1108 0.1106 0.1108 0.1102 0.1139 0.1068 0.1125 0.1110 0.1132 
         222  1 0.1150 0.1162 0.1095 0.1111 0.1102 0.1060 0.1093 0.1130 0.1098 
         223  1 0.1135 0.1110 0.1126 0.1111 0.1097 0.1153 0.1090 0.1135 0.1042 
         224  1 0.1129 0.1098 0.1142 0.1100 0.1111 0.1134 0.1099 0.1097 0.1089 
         225  1 0.1156 0.1096 0.1064 0.1075 0.1121 0.1103 0.1140 0.1090 0.1156 
         226  1 0.1167 0.1074 0.1032 0.1015 0.1148 0.1105 0.1215 0.0993 0.1251 
         227  1 0.1139 0.1089 0.1109 0.1085 0.1117 0.1123 0.1132 0.1081 0.1125 
         228  1 0.1109 0.1183 0.1142 0.1150 0.1087 0.1076 0.1059 0.1152 0.1043 
         229  1 0.1115 0.1153 0.1111 0.1171 0.1065 0.1091 0.1087 0.1159 0.1049 
         230  1 0.1131 0.1079 0.1110 0.1088 0.1115 0.1139 0.1112 0.1080 0.1145 
         231  1 0.1131 0.1090 0.1063 0.1077 0.1132 0.1105 0.1128 0.1079 0.1194 
         232  1 0.1076 0.1140 0.1201 0.1146 0.1116 0.1108 0.1041 0.1146 0.1026 
         233  1 0.1118 0.1114 0.1099 0.1077 0.1107 0.1166 0.1124 0.1066 0.1127 
         234  1 0.1126 0.1108 0.1114 0.1162 0.1081 0.1130 0.1088 0.1149 0.1043 
         235  1 0.1094 0.1194 0.1134 0.1198 0.1060 0.1068 0.1035 0.1199 0.1019 
         236  1 0.1173 0.1114 0.1038 0.1032 0.1124 0.1086 0.1169 0.1041 0.1224 
         237  1 0.1078 0.1180 0.1154 0.1190 0.1045 0.1109 0.1046 0.1197 0.1001 
         238  1 0.1089 0.1147 0.1141 0.1135 0.1118 0.1111 0.1065 0.1154 0.1039 
         239  1 0.1124 0.1177 0.1148 0.1180 0.1061 0.1085 0.1031 0.1173 0.1021 
         240  1 0.1121 0.1060 0.1032 0.1044 0.1134 0.1146 0.1204 0.1034 0.1224 
         241  1 0.1133 0.1086 0.1085 0.1085 0.1112 0.1127 0.1143 0.1071 0.1159 
         242  1 0.1086 0.1176 0.1136 0.1190 0.1077 0.1086 0.1041 0.1187 0.1020 
         243  1 0.1140 0.1143 0.1133 0.1176 0.1074 0.1095 0.1053 0.1161 0.1026 
         244  1 0.1106 0.1123 0.1152 0.1117 0.1107 0.1126 0.1075 0.1109 0.1085 
         245  1 0.1073 0.1139 0.1132 0.1102 0.1148 0.1095 0.1074 0.1120 0.1116 
         246  1 0.1120 0.1101 0.1105 0.1094 0.1110 0.1093 0.1125 0.1090 0.1162 
         247  1 0.1093 0.1104 0.1048 0.1072 0.1113 0.1094 0.1157 0.1099 0.1220 
         248  1 0.1103 0.1174 0.1093 0.1138 0.1082 0.1096 0.1073 0.1130 0.1112 
         249  1 0.1123 0.1069 0.1090 0.1097 0.1145 0.1101 0.1128 0.1095 0.1152 
         250  1 0.1096 0.1067 0.1114 0.1088 0.1136 0.1114 0.1129 0.1071 0.1185 
         251  1 0.1119 0.1120 0.1114 0.1106 0.1116 0.1080 0.1110 0.1107 0.1130 
         252  1 0.1122 0.1095 0.1103 0.1105 0.1117 0.1126 0.1113 0.1107 0.1111 
         253  1 0.1109 0.1054 0.1142 0.1120 0.1123 0.1148 0.1122 0.1132 0.1051 
         254  1 0.1100 0.1101 0.1140 0.1105 0.1096 0.1140 0.1131 0.1114 0.1073 
         255  1 0.1065 0.1119 0.1136 0.1093 0.1144 0.1074 0.1124 0.1117 0.1128 
         256  1 0.1123 0.1073 0.1047 0.1069 0.1126 0.1084 0.1172 0.1097 0.1209 
         257  1 0.1080 0.1088 0.1186 0.1095 0.1148 0.1169 0.1078 0.1107 0.1050 
         258  1 0.1070 0.1110 0.1106 0.1082 0.1144 0.1105 0.1116 0.1090 0.1176 
         259  1 0.1117 0.1150 0.1127 0.1103 0.1107 0.1102 0.1089 0.1113 0.1092 
         260  1 0.1138 0.1122 0.1082 0.1106 0.1115 0.1068 0.1115 0.1107 0.1147 
         261  1 0.1125 0.1214 0.1073 0.1109 0.1105 0.1062 0.1073 0.1148 0.1091 
         262  1 0.0958 0.1153 0.1245 0.1148 0.1162 0.1078 0.1024 0.1190 0.1044 
         263  1 0.1103 0.1165 0.1127 0.1134 0.1138 0.1066 0.1069 0.1148 0.1050 
         264  1 0.1094 0.1182 0.1090 0.1148 0.1092 0.1085 0.1050 0.1186 0.1072 
         265  1 0.1127 0.1076 0.1122 0.1117 0.1102 0.1128 0.1138 0.1088 0.1102 
         266  1 0.1117 0.1119 0.1100 0.1091 0.1117 0.1104 0.1113 0.1105 0.1132 
         267  1 0.1145 0.1088 0.1116 0.1126 0.1099 0.1106 0.1115 0.1099 0.1106 
         268  1 0.1128 0.1090 0.1054 0.1049 0.1144 0.1107 0.1153 0.1070 0.1205 
         269  1 0.1171 0.1068 0.1032 0.1026 0.1143 0.1105 0.1184 0.1038 0.1233 
         270  1 0.1138 0.1116 0.1054 0.1085 0.1103 0.1109 0.1133 0.1110 0.1152 
         271  1 0.1123 0.1076 0.1098 0.1108 0.1097 0.1125 0.1141 0.1089 0.1142 
         272  1 0.1158 0.1052 0.1023 0.1011 0.1149 0.1110 0.1199 0.1007 0.1293 
         273  1 0.1020 0.1126 0.1217 0.1200 0.1127 0.1123 0.1013 0.1194 0.0980 
         274  1 0.1101 0.1150 0.1114 0.1208 0.1061 0.1090 0.1069 0.1196 0.1011 
         275  1 0.1066 0.1187 0.1147 0.1130 0.1114 0.1092 0.1046 0.1179 0.1039 
         276  1 0.1126 0.1069 0.1161 0.1164 0.1084 0.1131 0.1097 0.1146 0.1021 
         277  1 0.1086 0.1083 0.1172 0.1179 0.1094 0.1114 0.1064 0.1176 0.1033 
         278  1 0.1066 0.1097 0.1181 0.1197 0.1064 0.1115 0.1076 0.1185 0.1018 
         279  1 0.1105 0.1195 0.1125 0.1137 0.1090 0.1089 0.1052 0.1124 0.1083 
         280  1 0.1092 0.1137 0.1113 0.1109 0.1097 0.1054 0.1104 0.1128 0.1166 
         281  1 0.1130 0.1150 0.1111 0.1167 0.1070 0.1100 0.1082 0.1139 0.1052 
         282  1 0.1123 0.1125 0.1073 0.1093 0.1126 0.1082 0.1110 0.1113 0.1155 
         283  1 0.1053 0.1122 0.1189 0.1197 0.1091 0.1133 0.1064 0.1142 0.1010 
         284  1 0.1074 0.1105 0.1175 0.1112 0.1126 0.1118 0.1106 0.1101 0.1083 
         285  1 0.1120 0.1072 0.1021 0.1020 0.1146 0.1096 0.1224 0.1020 0.1281 
         286  1 0.1111 0.1132 0.1096 0.1156 0.1090 0.1100 0.1102 0.1133 0.1078 
         287  1 0.1166 0.1077 0.1063 0.1051 0.1100 0.1142 0.1175 0.1039 0.1186 
         288  1 0.1132 0.1097 0.1065 0.1078 0.1098 0.1129 0.1147 0.1067 0.1187 
         289  1 0.1104 0.1084 0.1115 0.1111 0.1139 0.1137 0.1117 0.1083 0.1110 
         290  1 0.1068 0.1095 0.1184 0.1144 0.1107 0.1159 0.1068 0.1147 0.1029 
         291  1 0.1076 0.1094 0.1191 0.1173 0.1110 0.1129 0.1085 0.1123 0.1019 
         292  1 0.1123 0.1135 0.1136 0.1140 0.1102 0.1077 0.1085 0.1140 0.1062 
         293  1 0.1142 0.1089 0.1051 0.1079 0.1131 0.1112 0.1166 0.1022 0.1207 
         294  1 0.1110 0.1154 0.1128 0.1140 0.1090 0.1110 0.1058 0.1185 0.1025 
         295  1 0.1115 0.1096 0.1095 0.1108 0.1122 0.1127 0.1125 0.1093 0.1118 
         296  1 0.1111 0.1081 0.1047 0.1066 0.1137 0.1134 0.1161 0.1055 0.1206 
         297  1 0.1141 0.1071 0.1060 0.1038 0.1118 0.1139 0.1167 0.1045 0.1220 
         298  1 0.1150 0.1073 0.1025 0.1036 0.1149 0.1102 0.1200 0.0994 0.1270 
         299  1 0.1095 0.1137 0.1162 0.1136 0.1102 0.1141 0.1059 0.1172 0.0996 
         300  1 0.1087 0.1176 0.1162 0.1117 0.1150 0.1112 0.1049 0.1137 0.1010 
