           1  1 0.1475 0.1365 0.1511 0.1516 0.1469 0.1362 0.1302 
           2  1 0.1440 0.1375 0.1505 0.1555 0.1485 0.1396 0.1244 
           3  1 0.1403 0.1469 0.1456 0.1425 0.1403 0.1425 0.1419 
           4  1 0.1407 0.1487 0.1289 0.1276 0.1333 0.1516 0.1691 
           5  1 0.1428 0.1422 0.1487 0.1415 0.1467 0.1420 0.1362 
           6  1 0.1454 0.1415 0.1445 0.1447 0.1457 0.1402 0.1380 
           7  1 0.1413 0.1418 0.1446 0.1484 0.1437 0.1398 0.1404 
           8  1 0.1419 0.1410 0.1426 0.1541 0.1465 0.1395 0.1345 
           9  1 0.1412 0.1490 0.1283 0.1339 0.1368 0.1472 0.1636 
          10  1 0.1454 0.1459 0.1386 0.1324 0.1427 0.1459 0.1490 
          11  1 0.1428 0.1449 0.1592 0.1503 0.1443 0.1346 0.1239 
          12  1 0.1340 0.1449 0.1330 0.1434 0.1350 0.1474 0.1623 
          13  1 0.1389 0.1486 0.1290 0.1263 0.1313 0.1522 0.1736 
          14  1 0.1403 0.1434 0.1323 0.1346 0.1381 0.1485 0.1628 
          15  1 0.1378 0.1402 0.1539 0.1489 0.1399 0.1396 0.1397 
          16  1 0.1422 0.1416 0.1432 0.1459 0.1399 0.1437 0.1434 
          17  1 0.1483 0.1459 0.1387 0.1330 0.1381 0.1437 0.1523 
          18  1 0.1430 0.1463 0.1456 0.1392 0.1433 0.1435 0.1390 
          19  1 0.1480 0.1444 0.1391 0.1366 0.1460 0.1428 0.1432 
          20  1 0.1442 0.1413 0.1403 0.1403 0.1418 0.1433 0.1489 
          21  1 0.1474 0.1407 0.1531 0.1434 0.1464 0.1395 0.1295 
          22  1 0.1411 0.1428 0.1340 0.1377 0.1418 0.1488 0.1538 
          23  1 0.1460 0.1470 0.1475 0.1406 0.1455 0.1420 0.1313 
          24  1 0.1441 0.1414 0.1382 0.1396 0.1459 0.1461 0.1447 
          25  1 0.1425 0.1445 0.1399 0.1437 0.1438 0.1416 0.1442 
          26  1 0.1406 0.1400 0.1409 0.1449 0.1445 0.1452 0.1439 
          27  1 0.1437 0.1455 0.1360 0.1379 0.1434 0.1441 0.1494 
          28  1 0.1437 0.1438 0.1396 0.1394 0.1437 0.1473 0.1424 
          29  1 0.1463 0.1398 0.1463 0.1441 0.1429 0.1395 0.1411 
          30  1 0.1368 0.1463 0.1427 0.1442 0.1405 0.1436 0.1458 
          31  1 0.1354 0.1331 0.1524 0.1781 0.1471 0.1322 0.1219 
          32  1 0.1465 0.1436 0.1407 0.1391 0.1447 0.1425 0.1428 
          33  1 0.1353 0.1392 0.1483 0.1556 0.1376 0.1396 0.1444 
          34  1 0.1426 0.1423 0.1419 0.1398 0.1440 0.1463 0.1432 
          35  1 0.1414 0.1451 0.1329 0.1339 0.1372 0.1489 0.1606 
          36  1 0.1450 0.1436 0.1448 0.1512 0.1453 0.1378 0.1323 
          37  1 0.1328 0.1361 0.1541 0.1751 0.1449 0.1368 0.1201 
          38  1 0.1421 0.1435 0.1397 0.1418 0.1414 0.1478 0.1437 
          39  1 0.1380 0.1431 0.1442 0.1458 0.1405 0.1423 0.1462 
          40  1 0.1486 0.1388 0.1497 0.1429 0.1455 0.1403 0.1342 
          41  1 0.1455 0.1405 0.1431 0.1415 0.1461 0.1435 0.1399 
          42  1 0.1394 0.1498 0.1329 0.1320 0.1389 0.1474 0.1596 
          43  1 0.1420 0.1469 0.1373 0.1305 0.1426 0.1492 0.1515 
          44  1 0.1451 0.1406 0.1470 0.1440 0.1486 0.1412 0.1335 
          45  1 0.1428 0.1452 0.1452 0.1432 0.1489 0.1388 0.1360 
          46  1 0.1406 0.1443 0.1390 0.1398 0.1410 0.1459 0.1493 
          47  1 0.1498 0.1362 0.1500 0.1521 0.1460 0.1400 0.1260 
          48  1 0.1386 0.1418 0.1505 0.1520 0.1417 0.1407 0.1348 
          49  1 0.1412 0.1460 0.1338 0.1360 0.1401 0.1477 0.1552 
          50  1 0.1501 0.1430 0.1501 0.1464 0.1478 0.1373 0.1253 
          51  1 0.1362 0.1439 0.1255 0.1320 0.1319 0.1546 0.1759 
          52  1 0.1426 0.1439 0.1457 0.1401 0.1431 0.1433 0.1413 
          53  1 0.1485 0.1461 0.1407 0.1376 0.1443 0.1413 0.1415 
          54  1 0.1492 0.1419 0.1471 0.1408 0.1467 0.1417 0.1327 
          55  1 0.1427 0.1410 0.1420 0.1478 0.1391 0.1426 0.1447 
          56  1 0.1422 0.1449 0.1397 0.1441 0.1482 0.1424 0.1386 
          57  1 0.1501 0.1395 0.1532 0.1434 0.1467 0.1368 0.1304 
          58  1 0.1445 0.1433 0.1413 0.1418 0.1455 0.1403 0.1432 
          59  1 0.1449 0.1383 0.1478 0.1490 0.1461 0.1401 0.1338 
          60  1 0.1429 0.1434 0.1520 0.1444 0.1483 0.1395 0.1295 
          61  1 0.1433 0.1442 0.1392 0.1353 0.1421 0.1451 0.1507 
          62  1 0.1392 0.1415 0.1402 0.1478 0.1422 0.1436 0.1455 
          63  1 0.1413 0.1425 0.1384 0.1448 0.1437 0.1464 0.1428 
          64  1 0.1419 0.1462 0.1597 0.1467 0.1516 0.1353 0.1186 
          65  1 0.1436 0.1415 0.1436 0.1420 0.1428 0.1438 0.1428 
          66  1 0.1432 0.1404 0.1415 0.1455 0.1438 0.1429 0.1427 
          67  1 0.1441 0.1467 0.1376 0.1365 0.1414 0.1425 0.1511 
          68  1 0.1450 0.1431 0.1468 0.1433 0.1411 0.1426 0.1381 
          69  1 0.1402 0.1415 0.1366 0.1511 0.1408 0.1437 0.1461 
          70  1 0.1415 0.1450 0.1528 0.1449 0.1444 0.1376 0.1337 
          71  1 0.1433 0.1406 0.1521 0.1487 0.1448 0.1383 0.1321 
          72  1 0.1399 0.1428 0.1431 0.1416 0.1383 0.1443 0.1501 
          73  1 0.1508 0.1386 0.1516 0.1439 0.1418 0.1403 0.1330 
          74  1 0.1398 0.1394 0.1500 0.1507 0.1430 0.1402 0.1369 
          75  1 0.1451 0.1484 0.1421 0.1385 0.1426 0.1400 0.1434 
          76  1 0.1453 0.1397 0.1519 0.1483 0.1466 0.1392 0.1291 
          77  1 0.1397 0.1444 0.1410 0.1489 0.1453 0.1443 0.1364 
          78  1 0.1450 0.1397 0.1535 0.1479 0.1475 0.1396 0.1268 
          79  1 0.1460 0.1443 0.1449 0.1386 0.1407 0.1413 0.1442 
          80  1 0.1389 0.1457 0.1274 0.1284 0.1358 0.1518 0.1721 
          81  1 0.1478 0.1464 0.1426 0.1410 0.1486 0.1394 0.1343 
          82  1 0.1444 0.1339 0.1489 0.1579 0.1510 0.1378 0.1260 
          83  1 0.1493 0.1410 0.1464 0.1436 0.1475 0.1398 0.1325 
          84  1 0.1452 0.1427 0.1369 0.1338 0.1449 0.1461 0.1503 
          85  1 0.1428 0.1409 0.1494 0.1473 0.1467 0.1437 0.1293 
          86  1 0.1436 0.1431 0.1493 0.1433 0.1447 0.1392 0.1369 
          87  1 0.1461 0.1410 0.1494 0.1395 0.1469 0.1407 0.1364 
          88  1 0.1452 0.1430 0.1352 0.1398 0.1426 0.1429 0.1512 
          89  1 0.1385 0.1447 0.1423 0.1448 0.1374 0.1420 0.1504 
          90  1 0.1447 0.1428 0.1382 0.1387 0.1412 0.1458 0.1485 
          91  1 0.1449 0.1442 0.1469 0.1445 0.1466 0.1419 0.1311 
          92  1 0.1443 0.1435 0.1434 0.1426 0.1448 0.1419 0.1395 
          93  1 0.1420 0.1423 0.1475 0.1436 0.1447 0.1397 0.1402 
          94  1 0.1439 0.1403 0.1499 0.1541 0.1441 0.1368 0.1308 
          95  1 0.1439 0.1404 0.1434 0.1499 0.1449 0.1430 0.1344 
          96  1 0.1445 0.1442 0.1348 0.1317 0.1422 0.1496 0.1530 
          97  1 0.1465 0.1420 0.1404 0.1348 0.1411 0.1450 0.1503 
          98  1 0.1457 0.1436 0.1402 0.1346 0.1398 0.1463 0.1499 
          99  1 0.1455 0.1452 0.1403 0.1382 0.1439 0.1432 0.1439 
         100  1 0.1493 0.1408 0.1454 0.1401 0.1464 0.1409 0.1369 
         101  1 0.1439 0.1404 0.1480 0.1451 0.1443 0.1396 0.1387 
         102  1 0.1423 0.1388 0.1474 0.1576 0.1445 0.1388 0.1306 
         103  1 0.1381 0.1396 0.1303 0.1404 0.1379 0.1521 0.1616 
         104  1 0.1443 0.1418 0.1476 0.1413 0.1434 0.1439 0.1377 
         105  1 0.1418 0.1406 0.1606 0.1537 0.1470 0.1354 0.1210 
         106  1 0.1410 0.1448 0.1417 0.1402 0.1397 0.1456 0.1469 
         107  1 0.1406 0.1439 0.1441 0.1339 0.1373 0.1466 0.1536 
         108  1 0.1445 0.1417 0.1418 0.1456 0.1448 0.1428 0.1389 
         109  1 0.1455 0.1437 0.1325 0.1295 0.1416 0.1522 0.1550 
         110  1 0.1429 0.1437 0.1417 0.1463 0.1434 0.1415 0.1406 
         111  1 0.1449 0.1353 0.1464 0.1426 0.1429 0.1461 0.1419 
         112  1 0.1443 0.1441 0.1380 0.1372 0.1432 0.1449 0.1483 
         113  1 0.1371 0.1433 0.1296 0.1263 0.1308 0.1579 0.1749 
         114  1 0.1407 0.1430 0.1424 0.1419 0.1407 0.1476 0.1437 
         115  1 0.1419 0.1463 0.1361 0.1323 0.1403 0.1477 0.1554 
         116  1 0.1444 0.1450 0.1455 0.1362 0.1384 0.1433 0.1473 
         117  1 0.1391 0.1415 0.1417 0.1522 0.1458 0.1427 0.1370 
         118  1 0.1448 0.1387 0.1563 0.1465 0.1446 0.1390 0.1300 
         119  1 0.1467 0.1453 0.1486 0.1430 0.1472 0.1390 0.1301 
         120  1 0.1465 0.1452 0.1422 0.1350 0.1436 0.1424 0.1451 
         121  1 0.1410 0.1448 0.1330 0.1350 0.1398 0.1491 0.1573 
         122  1 0.1419 0.1386 0.1412 0.1534 0.1425 0.1401 0.1423 
         123  1 0.1443 0.1446 0.1468 0.1472 0.1437 0.1393 0.1342 
         124  1 0.1368 0.1390 0.1426 0.1507 0.1408 0.1456 0.1444 
         125  1 0.1437 0.1421 0.1518 0.1454 0.1458 0.1396 0.1316 
         126  1 0.1446 0.1421 0.1419 0.1433 0.1456 0.1415 0.1411 
         127  1 0.1459 0.1380 0.1439 0.1441 0.1440 0.1441 0.1401 
         128  1 0.1410 0.1464 0.1315 0.1344 0.1390 0.1481 0.1596 
         129  1 0.1397 0.1448 0.1354 0.1422 0.1366 0.1463 0.1551 
         130  1 0.1434 0.1447 0.1460 0.1439 0.1417 0.1380 0.1423 
         131  1 0.1447 0.1429 0.1488 0.1513 0.1449 0.1386 0.1289 
         132  1 0.1429 0.1410 0.1507 0.1470 0.1449 0.1387 0.1348 
         133  1 0.1409 0.1420 0.1507 0.1504 0.1482 0.1379 0.1298 
         134  1 0.1405 0.1382 0.1463 0.1502 0.1454 0.1425 0.1368 
         135  1 0.1439 0.1419 0.1450 0.1411 0.1411 0.1458 0.1412 
         136  1 0.1429 0.1434 0.1416 0.1439 0.1421 0.1440 0.1422 
         137  1 0.1415 0.1446 0.1475 0.1429 0.1403 0.1403 0.1429 
         138  1 0.1423 0.1485 0.1289 0.1307 0.1369 0.1500 0.1626 
         139  1 0.1450 0.1436 0.1419 0.1461 0.1443 0.1432 0.1361 
         140  1 0.1442 0.1407 0.1481 0.1541 0.1426 0.1368 0.1335 
         141  1 0.1445 0.1448 0.1393 0.1360 0.1469 0.1464 0.1421 
         142  1 0.1410 0.1412 0.1451 0.1477 0.1487 0.1442 0.1320 
         143  1 0.1435 0.1487 0.1335 0.1315 0.1392 0.1462 0.1574 
         144  1 0.1393 0.1375 0.1500 0.1616 0.1414 0.1369 0.1334 
         145  1 0.1403 0.1430 0.1391 0.1384 0.1405 0.1438 0.1548 
         146  1 0.1455 0.1441 0.1422 0.1392 0.1436 0.1457 0.1397 
         147  1 0.1487 0.1428 0.1443 0.1404 0.1413 0.1416 0.1408 
         148  1 0.1438 0.1413 0.1363 0.1348 0.1359 0.1489 0.1590 
         149  1 0.1428 0.1413 0.1409 0.1445 0.1425 0.1429 0.1451 
         150  1 0.1428 0.1406 0.1466 0.1456 0.1408 0.1408 0.1429 
         151  1 0.1424 0.1455 0.1419 0.1451 0.1435 0.1424 0.1392 
         152  1 0.1469 0.1444 0.1453 0.1430 0.1471 0.1398 0.1334 
         153  1 0.1471 0.1454 0.1446 0.1405 0.1446 0.1418 0.1360 
         154  1 0.1429 0.1469 0.1439 0.1366 0.1395 0.1420 0.1483 
         155  1 0.1408 0.1409 0.1390 0.1415 0.1399 0.1453 0.1525 
         156  1 0.1376 0.1369 0.1555 0.1647 0.1449 0.1348 0.1257 
         157  1 0.1454 0.1392 0.1504 0.1533 0.1483 0.1367 0.1267 
         158  1 0.1426 0.1422 0.1501 0.1392 0.1468 0.1433 0.1357 
         159  1 0.1428 0.1407 0.1454 0.1434 0.1447 0.1434 0.1396 
         160  1 0.1396 0.1413 0.1447 0.1528 0.1439 0.1412 0.1365 
         161  1 0.1454 0.1434 0.1345 0.1335 0.1410 0.1470 0.1552 
         162  1 0.1156 0.1520 0.0940 0.0917 0.1016 0.1807 0.2644 
         163  1 0.1400 0.1401 0.1542 0.1589 0.1474 0.1391 0.1203 
         164  1 0.1491 0.1415 0.1470 0.1377 0.1427 0.1403 0.1418 
         165  1 0.1448 0.1413 0.1498 0.1496 0.1461 0.1390 0.1294 
         166  1 0.1412 0.1413 0.1446 0.1505 0.1421 0.1406 0.1397 
         167  1 0.1425 0.1500 0.1275 0.1248 0.1363 0.1522 0.1667 
         168  1 0.1473 0.1430 0.1376 0.1366 0.1463 0.1413 0.1479 
         169  1 0.1464 0.1388 0.1440 0.1530 0.1478 0.1372 0.1329 
         170  1 0.1432 0.1446 0.1358 0.1352 0.1423 0.1458 0.1531 
         171  1 0.1323 0.1359 0.1507 0.1708 0.1425 0.1355 0.1324 
         172  1 0.1423 0.1430 0.1443 0.1493 0.1423 0.1382 0.1406 
         173  1 0.1427 0.1384 0.1465 0.1533 0.1466 0.1379 0.1345 
         174  1 0.1411 0.1463 0.1367 0.1343 0.1400 0.1456 0.1561 
         175  1 0.1361 0.1450 0.1345 0.1391 0.1368 0.1478 0.1606 
         176  1 0.1440 0.1434 0.1541 0.1476 0.1431 0.1385 0.1293 
         177  1 0.1445 0.1413 0.1508 0.1515 0.1491 0.1395 0.1233 
         178  1 0.1413 0.1330 0.1603 0.1592 0.1449 0.1359 0.1253 
         179  1 0.1436 0.1438 0.1478 0.1368 0.1400 0.1417 0.1463 
         180  1 0.1463 0.1443 0.1409 0.1357 0.1405 0.1439 0.1483 
         181  1 0.1438 0.1416 0.1475 0.1462 0.1488 0.1378 0.1343 
         182  1 0.1469 0.1446 0.1335 0.1346 0.1419 0.1477 0.1508 
         183  1 0.1449 0.1403 0.1477 0.1428 0.1448 0.1416 0.1379 
         184  1 0.1421 0.1377 0.1423 0.1519 0.1446 0.1432 0.1382 
         185  1 0.1409 0.1375 0.1460 0.1558 0.1431 0.1386 0.1381 
         186  1 0.1442 0.1387 0.1417 0.1504 0.1440 0.1422 0.1388 
         187  1 0.1431 0.1398 0.1464 0.1502 0.1477 0.1393 0.1334 
         188  1 0.1377 0.1342 0.1492 0.1689 0.1438 0.1360 0.1302 
         189  1 0.1446 0.1416 0.1459 0.1456 0.1416 0.1375 0.1432 
         190  1 0.1466 0.1409 0.1452 0.1378 0.1418 0.1426 0.1451 
         191  1 0.1451 0.1387 0.1415 0.1477 0.1406 0.1402 0.1462 
         192  1 0.1445 0.1441 0.1404 0.1423 0.1429 0.1417 0.1440 
         193  1 0.1414 0.1476 0.1448 0.1425 0.1453 0.1377 0.1407 
         194  1 0.1405 0.1477 0.1371 0.1320 0.1411 0.1504 0.1512 
         195  1 0.1457 0.1459 0.1408 0.1349 0.1428 0.1430 0.1470 
         196  1 0.1389 0.1460 0.1296 0.1338 0.1373 0.1499 0.1645 
         197  1 0.1497 0.1394 0.1432 0.1403 0.1482 0.1417 0.1374 
         198  1 0.1449 0.1461 0.1443 0.1377 0.1413 0.1412 0.1445 
         199  1 0.1459 0.1442 0.1466 0.1406 0.1498 0.1398 0.1331 
         200  1 0.1457 0.1407 0.1481 0.1445 0.1481 0.1407 0.1322 
         201  1 0.1407 0.1466 0.1348 0.1345 0.1377 0.1470 0.1586 
         202  1 0.1402 0.1401 0.1482 0.1527 0.1451 0.1389 0.1347 
         203  1 0.1438 0.1434 0.1425 0.1417 0.1453 0.1424 0.1409 
         204  1 0.1463 0.1420 0.1415 0.1396 0.1464 0.1434 0.1408 
         205  1 0.1484 0.1427 0.1379 0.1364 0.1453 0.1423 0.1470 
         206  1 0.1450 0.1452 0.1389 0.1400 0.1473 0.1437 0.1398 
         207  1 0.1436 0.1453 0.1447 0.1397 0.1434 0.1406 0.1427 
         208  1 0.1489 0.1370 0.1428 0.1451 0.1456 0.1434 0.1373 
         209  1 0.1424 0.1451 0.1355 0.1354 0.1396 0.1500 0.1520 
         210  1 0.1444 0.1424 0.1494 0.1472 0.1444 0.1384 0.1338 
         211  1 0.1410 0.1416 0.1466 0.1535 0.1432 0.1411 0.1330 
         212  1 0.1449 0.1492 0.1303 0.1297 0.1382 0.1486 0.1591 
         213  1 0.1436 0.1411 0.1473 0.1457 0.1460 0.1399 0.1363 
         214  1 0.1407 0.1409 0.1358 0.1497 0.1426 0.1466 0.1437 
         215  1 0.1372 0.1416 0.1431 0.1539 0.1421 0.1405 0.1417 
         216  1 0.1415 0.1472 0.1311 0.1273 0.1392 0.1523 0.1614 
         217  1 0.1439 0.1444 0.1511 0.1494 0.1476 0.1357 0.1280 
         218  1 0.1446 0.1426 0.1402 0.1477 0.1452 0.1412 0.1384 
         219  1 0.1368 0.1448 0.1330 0.1250 0.1293 0.1556 0.1754 
         220  1 0.1406 0.1463 0.1420 0.1384 0.1415 0.1450 0.1463 
         221  1 0.1411 0.1409 0.1399 0.1433 0.1407 0.1440 0.1501 
         222  1 0.1444 0.1448 0.1485 0.1413 0.1425 0.1395 0.1390 
         223  1 0.1473 0.1407 0.1482 0.1427 0.1479 0.1431 0.1301 
         224  1 0.1437 0.1447 0.1423 0.1401 0.1458 0.1452 0.1382 
         225  1 0.1447 0.1435 0.1388 0.1350 0.1402 0.1453 0.1525 
         226  1 0.1410 0.1453 0.1308 0.1284 0.1356 0.1516 0.1673 
         227  1 0.1435 0.1428 0.1423 0.1393 0.1460 0.1443 0.1418 
         228  1 0.1387 0.1483 0.1465 0.1490 0.1472 0.1382 0.1321 
         229  1 0.1475 0.1394 0.1527 0.1454 0.1467 0.1373 0.1310 
         230  1 0.1421 0.1421 0.1384 0.1383 0.1420 0.1473 0.1498 
         231  1 0.1401 0.1444 0.1400 0.1368 0.1386 0.1463 0.1537 
         232  1 0.1431 0.1376 0.1521 0.1553 0.1442 0.1375 0.1301 
         233  1 0.1483 0.1479 0.1389 0.1324 0.1402 0.1442 0.1481 
         234  1 0.1455 0.1402 0.1499 0.1459 0.1464 0.1421 0.1300 
         235  1 0.1467 0.1434 0.1565 0.1466 0.1473 0.1338 0.1257 
         236  1 0.1403 0.1503 0.1333 0.1272 0.1373 0.1505 0.1610 
         237  1 0.1449 0.1440 0.1564 0.1471 0.1501 0.1345 0.1230 
         238  1 0.1432 0.1420 0.1548 0.1477 0.1440 0.1395 0.1288 
         239  1 0.1439 0.1454 0.1519 0.1472 0.1454 0.1385 0.1278 
         240  1 0.1434 0.1487 0.1307 0.1266 0.1359 0.1520 0.1626 
         241  1 0.1438 0.1428 0.1375 0.1372 0.1370 0.1466 0.1551 
         242  1 0.1481 0.1432 0.1574 0.1480 0.1461 0.1329 0.1244 
         243  1 0.1450 0.1451 0.1514 0.1420 0.1514 0.1412 0.1238 
         244  1 0.1431 0.1428 0.1430 0.1437 0.1443 0.1432 0.1398 
         245  1 0.1360 0.1432 0.1404 0.1540 0.1404 0.1409 0.1450 
         246  1 0.1400 0.1460 0.1400 0.1378 0.1395 0.1445 0.1521 
         247  1 0.1383 0.1435 0.1377 0.1364 0.1382 0.1494 0.1565 
         248  1 0.1432 0.1419 0.1449 0.1467 0.1425 0.1394 0.1413 
         249  1 0.1452 0.1444 0.1372 0.1397 0.1394 0.1454 0.1488 
         250  1 0.1402 0.1453 0.1354 0.1431 0.1361 0.1456 0.1543 
         251  1 0.1388 0.1452 0.1376 0.1439 0.1412 0.1450 0.1482 
         252  1 0.1424 0.1452 0.1408 0.1416 0.1423 0.1446 0.1430 
         253  1 0.1479 0.1380 0.1426 0.1510 0.1453 0.1400 0.1351 
         254  1 0.1443 0.1397 0.1434 0.1446 0.1483 0.1413 0.1383 
         255  1 0.1361 0.1407 0.1406 0.1500 0.1419 0.1413 0.1494 
         256  1 0.1402 0.1428 0.1361 0.1340 0.1388 0.1484 0.1597 
         257  1 0.1405 0.1414 0.1423 0.1523 0.1454 0.1419 0.1363 
         258  1 0.1382 0.1444 0.1349 0.1441 0.1383 0.1438 0.1562 
         259  1 0.1435 0.1416 0.1477 0.1443 0.1442 0.1392 0.1396 
         260  1 0.1434 0.1469 0.1395 0.1395 0.1391 0.1434 0.1482 
         261  1 0.1420 0.1493 0.1477 0.1417 0.1404 0.1381 0.1408 
         262  1 0.1299 0.1331 0.1484 0.1736 0.1447 0.1359 0.1343 
         263  1 0.1405 0.1442 0.1479 0.1519 0.1436 0.1378 0.1341 
         264  1 0.1428 0.1445 0.1514 0.1452 0.1432 0.1410 0.1319 
         265  1 0.1468 0.1430 0.1418 0.1380 0.1446 0.1424 0.1433 
         266  1 0.1423 0.1454 0.1432 0.1419 0.1430 0.1413 0.1429 
         267  1 0.1490 0.1434 0.1445 0.1362 0.1446 0.1430 0.1393 
         268  1 0.1383 0.1441 0.1328 0.1382 0.1389 0.1477 0.1600 
         269  1 0.1419 0.1478 0.1275 0.1261 0.1390 0.1519 0.1658 
         270  1 0.1433 0.1464 0.1406 0.1363 0.1417 0.1470 0.1446 
         271  1 0.1448 0.1452 0.1375 0.1409 0.1410 0.1426 0.1479 
         272  1 0.1436 0.1460 0.1302 0.1238 0.1350 0.1507 0.1707 
         273  1 0.1397 0.1326 0.1489 0.1733 0.1482 0.1358 0.1215 
         274  1 0.1483 0.1404 0.1564 0.1477 0.1486 0.1347 0.1240 
         275  1 0.1397 0.1435 0.1473 0.1540 0.1449 0.1387 0.1319 
         276  1 0.1479 0.1360 0.1462 0.1525 0.1486 0.1378 0.1310 
         277  1 0.1466 0.1412 0.1474 0.1495 0.1469 0.1397 0.1286 
         278  1 0.1462 0.1402 0.1537 0.1504 0.1488 0.1360 0.1247 
         279  1 0.1395 0.1405 0.1555 0.1489 0.1435 0.1367 0.1354 
         280  1 0.1349 0.1439 0.1410 0.1434 0.1358 0.1462 0.1547 
         281  1 0.1470 0.1437 0.1476 0.1448 0.1468 0.1394 0.1308 
         282  1 0.1395 0.1443 0.1410 0.1417 0.1406 0.1461 0.1469 
         283  1 0.1455 0.1393 0.1506 0.1546 0.1482 0.1347 0.1271 
         284  1 0.1414 0.1399 0.1411 0.1502 0.1425 0.1415 0.1436 
         285  1 0.1394 0.1475 0.1275 0.1256 0.1367 0.1524 0.1708 
         286  1 0.1465 0.1459 0.1465 0.1404 0.1443 0.1388 0.1376 
         287  1 0.1455 0.1470 0.1356 0.1284 0.1434 0.1464 0.1536 
         288  1 0.1436 0.1479 0.1373 0.1304 0.1382 0.1478 0.1549 
         289  1 0.1413 0.1438 0.1375 0.1452 0.1399 0.1471 0.1451 
         290  1 0.1430 0.1392 0.1493 0.1541 0.1443 0.1395 0.1306 
         291  1 0.1451 0.1409 0.1472 0.1524 0.1473 0.1388 0.1281 
         292  1 0.1440 0.1409 0.1461 0.1498 0.1436 0.1402 0.1354 
         293  1 0.1432 0.1466 0.1330 0.1318 0.1404 0.1469 0.1582 
         294  1 0.1399 0.1446 0.1488 0.1491 0.1474 0.1427 0.1276 
         295  1 0.1409 0.1430 0.1419 0.1406 0.1404 0.1470 0.1463 
         296  1 0.1413 0.1432 0.1338 0.1370 0.1415 0.1475 0.1558 
         297  1 0.1424 0.1427 0.1338 0.1320 0.1392 0.1487 0.1612 
         298  1 0.1385 0.1451 0.1300 0.1288 0.1336 0.1536 0.1704 
         299  1 0.1393 0.1386 0.1517 0.1565 0.1481 0.1394 0.1264 
         300  1 0.1400 0.1369 0.1546 0.1561 0.1442 0.1389 0.1292 
