           1  1 0.0988 0.0977 0.1037 0.1012 0.0961 0.1054 0.1024 0.0992 0.0956 0.0999 
           2  1 0.0998 0.0985 0.1029 0.0974 0.0952 0.1092 0.1049 0.0973 0.0960 0.0987 
           3  1 0.0976 0.1029 0.1030 0.0993 0.1028 0.0973 0.0998 0.1003 0.0981 0.0990 
           4  1 0.1028 0.0986 0.0975 0.1030 0.1053 0.0927 0.0964 0.1023 0.1025 0.0989 
           5  1 0.1016 0.1011 0.1009 0.0994 0.0991 0.1002 0.1029 0.0976 0.0975 0.0998 
           6  1 0.0982 0.1019 0.1024 0.0985 0.0977 0.0993 0.1041 0.0984 0.0988 0.1006 
           7  1 0.1013 0.1023 0.0989 0.0982 0.0961 0.1084 0.1008 0.0962 0.0992 0.0986 
           8  1 0.1007 0.0978 0.0970 0.0969 0.0972 0.1131 0.1011 0.0988 0.0975 0.1000 
           9  1 0.0966 0.1025 0.0973 0.1008 0.1054 0.0957 0.0940 0.1032 0.1037 0.1008 
          10  1 0.0993 0.1019 0.1012 0.1013 0.1017 0.0948 0.1015 0.0990 0.1000 0.0993 
          11  1 0.0960 0.1045 0.1103 0.0974 0.0987 0.0981 0.1026 0.0998 0.0969 0.0957 
          12  1 0.0994 0.0991 0.0915 0.0988 0.1044 0.1056 0.0922 0.1037 0.1065 0.0990 
          13  1 0.0971 0.1016 0.0952 0.1025 0.1119 0.0895 0.0911 0.1040 0.1055 0.1016 
          14  1 0.0982 0.1016 0.0958 0.1008 0.1029 0.0999 0.0963 0.1030 0.1001 0.1013 
          15  1 0.1005 0.0981 0.0987 0.0991 0.0999 0.1050 0.0971 0.0992 0.1026 0.1000 
          16  1 0.0974 0.1001 0.1002 0.1003 0.1000 0.1033 0.0986 0.0995 0.1025 0.0981 
          17  1 0.1005 0.1013 0.0997 0.1018 0.1015 0.0929 0.1001 0.0999 0.1002 0.1021 
          18  1 0.1006 0.1031 0.1072 0.0990 0.1005 0.0932 0.1007 0.0987 0.0977 0.0993 
          19  1 0.0991 0.1010 0.0997 0.0999 0.1010 0.0978 0.1006 0.1002 0.1010 0.0998 
          20  1 0.0985 0.0992 0.0994 0.1002 0.1005 0.0991 0.0992 0.1005 0.1010 0.1023 
          21  1 0.1014 0.1015 0.1036 0.0988 0.0984 0.0987 0.1043 0.0975 0.0964 0.0992 
          22  1 0.0987 0.0982 0.0990 0.1023 0.1033 0.0966 0.0974 0.1021 0.1002 0.1022 
          23  1 0.1035 0.1002 0.1055 0.1005 0.0950 0.0966 0.1069 0.0973 0.0947 0.0997 
          24  1 0.1021 0.0994 0.1015 0.1020 0.0995 0.0970 0.1014 0.0991 0.0993 0.0988 
          25  1 0.0996 0.1005 0.0962 0.0987 0.1002 0.1042 0.1004 0.0994 0.0998 0.1011 
          26  1 0.1008 0.0977 0.0983 0.1033 0.1001 0.0996 0.0985 0.1015 0.0993 0.1008 
          27  1 0.0991 0.1024 0.0979 0.0993 0.1006 0.0989 0.0996 0.1021 0.1005 0.0995 
          28  1 0.1028 0.0970 0.0981 0.1019 0.0997 0.0967 0.1022 0.0980 0.1005 0.1031 
          29  1 0.0986 0.0999 0.1036 0.1028 0.1000 0.0972 0.1000 0.1004 0.0976 0.0999 
          30  1 0.0985 0.1001 0.0978 0.1002 0.1018 0.0981 0.0987 0.1007 0.1030 0.1010 
          31  1 0.1019 0.0917 0.0943 0.0908 0.0910 0.1340 0.0983 0.0974 0.1001 0.1006 
          32  1 0.0991 0.1021 0.1041 0.1019 0.0999 0.0950 0.1001 0.1012 0.0973 0.0994 
          33  1 0.0993 0.0955 0.0925 0.0940 0.0977 0.1191 0.0961 0.0994 0.1085 0.0979 
          34  1 0.1007 0.1001 0.1007 0.1000 0.0997 0.0982 0.1011 0.0981 0.1011 0.1002 
          35  1 0.1005 0.1000 0.0984 0.1002 0.1017 0.0977 0.0965 0.1028 0.1019 0.1005 
          36  1 0.0991 0.1020 0.1009 0.0986 0.0972 0.1055 0.1005 0.0984 0.0975 0.1003 
          37  1 0.1030 0.0930 0.0954 0.0956 0.0907 0.1219 0.1020 0.0961 0.1013 0.1010 
          38  1 0.1027 0.0986 0.0988 0.1010 0.0997 0.0980 0.1005 0.0995 0.1000 0.1012 
          39  1 0.0997 0.0995 0.0987 0.1003 0.1021 0.1021 0.0966 0.1000 0.1011 0.0999 
          40  1 0.0991 0.1006 0.1055 0.1004 0.0978 0.0975 0.1024 0.1004 0.0957 0.1007 
          41  1 0.1017 0.1006 0.1005 0.1052 0.0979 0.0949 0.1010 0.0981 0.0987 0.1014 
          42  1 0.0989 0.1023 0.0977 0.1010 0.1062 0.0927 0.0948 0.1018 0.1056 0.0990 
          43  1 0.1011 0.1006 0.0987 0.0997 0.1016 0.0930 0.1027 0.1006 0.0996 0.1023 
          44  1 0.0967 0.1028 0.1050 0.0989 0.0992 0.0989 0.1035 0.0989 0.0965 0.0996 
          45  1 0.0979 0.1036 0.1055 0.0980 0.0983 0.0983 0.1029 0.1002 0.0981 0.0972 
          46  1 0.1016 0.0991 0.0977 0.1032 0.1004 0.0969 0.0987 0.1001 0.1017 0.1007 
          47  1 0.1029 0.0972 0.1033 0.1044 0.0937 0.1010 0.1055 0.0983 0.0929 0.1008 
          48  1 0.1003 0.0994 0.0992 0.0989 0.0987 0.1036 0.0981 0.0981 0.1040 0.0996 
          49  1 0.0982 0.1004 0.0972 0.1003 0.1038 0.0990 0.0979 0.1020 0.1000 0.1013 
          50  1 0.0961 0.1046 0.1116 0.0979 0.0967 0.0958 0.1033 0.1014 0.0948 0.0978 
          51  1 0.0980 0.0973 0.0914 0.1018 0.1097 0.0979 0.0911 0.1041 0.1074 0.1013 
          52  1 0.1004 0.1006 0.1022 0.1001 0.1016 0.0967 0.1013 0.0979 0.0988 0.1004 
          53  1 0.1020 0.1001 0.1015 0.1007 0.0987 0.0965 0.1045 0.0988 0.0982 0.0991 
          54  1 0.1019 0.1001 0.1033 0.1020 0.0981 0.0968 0.1035 0.0980 0.0961 0.1002 
          55  1 0.1010 0.1017 0.1002 0.0981 0.0989 0.1030 0.0995 0.0999 0.0988 0.0988 
          56  1 0.1017 0.0986 0.1004 0.0989 0.0958 0.1038 0.1019 0.1005 0.0986 0.0998 
          57  1 0.1024 0.0992 0.1039 0.1027 0.0973 0.0952 0.1048 0.0972 0.0956 0.1017 
          58  1 0.1002 0.1038 0.1016 0.0986 0.0974 0.1000 0.1009 0.1009 0.0966 0.1000 
          59  1 0.0990 0.0989 0.1023 0.1033 0.0966 0.0998 0.1028 0.0998 0.0970 0.1004 
          60  1 0.0982 0.1023 0.1076 0.0986 0.0966 0.0965 0.1049 0.0989 0.0967 0.0998 
          61  1 0.1029 0.0976 0.0980 0.1007 0.1018 0.0979 0.0975 0.1004 0.1009 0.1023 
          62  1 0.0994 0.0988 0.0967 0.1027 0.0991 0.1026 0.0971 0.1013 0.1029 0.0993 
          63  1 0.1010 0.0990 0.0974 0.1015 0.0998 0.0994 0.0992 0.1008 0.1026 0.0993 
          64  1 0.0961 0.1074 0.1103 0.0937 0.0966 0.0975 0.1103 0.0986 0.0925 0.0970 
          65  1 0.0983 0.0987 0.0999 0.1039 0.1002 0.0982 0.1011 0.1005 0.0989 0.1003 
          66  1 0.1022 0.0983 0.0977 0.1000 0.0985 0.1057 0.0982 0.0984 0.1007 0.1004 
          67  1 0.0999 0.1032 0.0973 0.0981 0.1022 0.0969 0.0997 0.1016 0.1003 0.1008 
          68  1 0.0994 0.1012 0.1022 0.1014 0.1012 0.0969 0.1003 0.0997 0.0976 0.1001 
          69  1 0.1013 0.0975 0.0947 0.1004 0.0990 0.1060 0.0985 0.1005 0.1011 0.1009 
          70  1 0.1033 0.1002 0.1012 0.0991 0.0995 0.0984 0.0995 0.1003 0.1003 0.0983 
          71  1 0.1010 0.0994 0.1026 0.0987 0.0982 0.1022 0.1031 0.0973 0.0978 0.0996 
          72  1 0.0991 0.1002 0.0968 0.0984 0.1024 0.1001 0.0974 0.1008 0.1025 0.1023 
          73  1 0.1027 0.0994 0.1042 0.1007 0.0976 0.0986 0.1016 0.0971 0.0970 0.1012 
          74  1 0.1014 0.0968 0.0975 0.0980 0.0983 0.1092 0.0994 0.0990 0.1010 0.0994 
          75  1 0.0971 0.1036 0.1036 0.0972 0.1023 0.0953 0.1024 0.0996 0.0992 0.0997 
          76  1 0.1013 0.0999 0.1068 0.0984 0.0979 0.1004 0.1025 0.0993 0.0945 0.0990 
          77  1 0.1034 0.0977 0.0984 0.0998 0.0977 0.1022 0.1005 0.0988 0.1005 0.1011 
          78  1 0.1005 0.1004 0.1052 0.1012 0.0959 0.1004 0.1051 0.0984 0.0950 0.0980 
          79  1 0.0975 0.1036 0.1020 0.1013 0.1026 0.0945 0.0990 0.1001 0.1003 0.0992 
          80  1 0.0978 0.0982 0.0933 0.1042 0.1079 0.0921 0.0935 0.1041 0.1072 0.1018 
          81  1 0.0998 0.1031 0.1032 0.0989 0.0979 0.0971 0.1020 0.1003 0.0967 0.1011 
          82  1 0.0993 0.0951 0.1019 0.0978 0.0932 0.1134 0.1038 0.0981 0.0975 0.0999 
          83  1 0.0979 0.1026 0.1045 0.1002 0.0978 0.0963 0.1043 0.0987 0.0986 0.0991 
          84  1 0.0993 0.1004 0.1024 0.1023 0.0993 0.0944 0.1005 0.1001 0.0998 0.1015 
          85  1 0.1009 0.0998 0.1013 0.1005 0.0982 0.1007 0.1047 0.0964 0.0966 0.1009 
          86  1 0.0982 0.1023 0.1051 0.0999 0.0995 0.0958 0.1007 0.1009 0.0979 0.0995 
          87  1 0.0972 0.1022 0.1053 0.0997 0.0997 0.0974 0.1046 0.1003 0.0962 0.0974 
          88  1 0.1007 0.0998 0.1001 0.1015 0.1003 0.0989 0.0960 0.1027 0.0990 0.1010 
          89  1 0.0984 0.1026 0.0985 0.0983 0.1037 0.1001 0.0946 0.1021 0.1034 0.0984 
          90  1 0.0999 0.1005 0.0995 0.1009 0.1007 0.0972 0.0992 0.1002 0.1012 0.1007 
          91  1 0.1004 0.1003 0.1039 0.0989 0.0973 0.0988 0.1047 0.0983 0.0959 0.1015 
          92  1 0.1006 0.0976 0.1014 0.1011 0.1002 0.1001 0.0996 0.0979 0.1017 0.0999 
          93  1 0.0979 0.1020 0.1018 0.0995 0.1004 0.1002 0.0994 0.0983 0.1007 0.1000 
          94  1 0.0975 0.1004 0.1033 0.0972 0.0964 0.1055 0.1012 0.0986 0.1004 0.0994 
          95  1 0.1013 0.0993 0.1004 0.0999 0.0973 0.1024 0.1033 0.0977 0.0973 0.1011 
          96  1 0.0986 0.1012 0.0968 0.1023 0.1046 0.0947 0.0979 0.1019 0.1007 0.1013 
          97  1 0.1006 0.0994 0.1021 0.1027 0.1021 0.0936 0.0991 0.1010 0.0984 0.1010 
          98  1 0.1016 0.0986 0.1003 0.1028 0.1018 0.0941 0.1007 0.1001 0.0991 0.1009 
          99  1 0.0997 0.1013 0.1002 0.1007 0.0998 0.0953 0.1029 0.0985 0.1006 0.1011 
         100  1 0.1001 0.1007 0.1038 0.1030 0.0978 0.0952 0.1034 0.0997 0.0958 0.1004 
         101  1 0.0995 0.1011 0.1034 0.0988 0.0990 0.1004 0.1003 0.1000 0.0978 0.0997 
         102  1 0.0996 0.0995 0.0989 0.0960 0.0953 0.1084 0.1032 0.0996 0.1002 0.0992 
         103  1 0.0984 0.0954 0.0933 0.1044 0.1057 0.0979 0.0944 0.1060 0.1034 0.1010 
         104  1 0.1018 0.0994 0.1000 0.1032 0.1001 0.0955 0.1018 0.0977 0.0987 0.1017 
         105  1 0.1022 0.1012 0.1068 0.0978 0.0967 0.1019 0.1038 0.0963 0.0947 0.0985 
         106  1 0.1012 0.0990 0.0988 0.0996 0.1018 0.0975 0.1022 0.0988 0.0998 0.1013 
         107  1 0.0987 0.1014 0.0992 0.1039 0.1063 0.0910 0.0965 0.1009 0.1032 0.0990 
         108  1 0.1018 0.0996 0.0985 0.0984 0.0983 0.1006 0.1024 0.1006 0.0968 0.1029 
         109  1 0.0995 0.0999 0.0996 0.1044 0.1032 0.0931 0.0976 0.0999 0.1017 0.1010 
         110  1 0.0981 0.1003 0.0998 0.0998 0.1002 0.0990 0.1042 0.0994 0.0985 0.1007 
         111  1 0.0996 0.0977 0.1007 0.1006 0.1024 0.0999 0.0995 0.1013 0.0975 0.1010 
         112  1 0.1009 0.1004 0.1000 0.1011 0.1011 0.0954 0.1013 0.1006 0.0980 0.1012 
         113  1 0.0982 0.0984 0.0925 0.1052 0.1115 0.0887 0.0927 0.1051 0.1067 0.1010 
         114  1 0.1008 0.0966 0.0966 0.1019 0.1015 0.1006 0.0989 0.0998 0.1014 0.1021 
         115  1 0.0988 0.0995 0.0987 0.1018 0.1050 0.0913 0.0979 0.1037 0.1028 0.1005 
         116  1 0.1024 0.1008 0.0999 0.1029 0.1012 0.0927 0.0995 0.0993 0.1009 0.1004 
         117  1 0.1037 0.0980 0.0974 0.0985 0.0960 0.1050 0.1009 0.0978 0.1009 0.1018 
         118  1 0.0976 0.1011 0.1051 0.0988 0.0996 0.0982 0.1038 0.0989 0.0967 0.1001 
         119  1 0.1020 0.1025 0.1050 0.0956 0.0972 0.0980 0.1062 0.0981 0.0953 0.1001 
         120  1 0.0999 0.1020 0.1021 0.0984 0.1004 0.0965 0.0998 0.1028 0.0974 0.1007 
         121  1 0.1013 0.0984 0.0961 0.1021 0.1025 0.0976 0.0976 0.1022 0.1016 0.1006 
         122  1 0.1012 0.0972 0.0942 0.0949 0.0966 0.1182 0.0967 0.1001 0.0999 0.1009 
         123  1 0.0972 0.1048 0.1047 0.0963 0.0993 0.0975 0.0999 0.1010 0.1003 0.0990 
         124  1 0.0993 0.0966 0.0946 0.0975 0.1003 0.1093 0.0974 0.1001 0.1048 0.1003 
         125  1 0.1026 0.0989 0.1036 0.0989 0.0977 0.1012 0.1033 0.0973 0.0962 0.1002 
         126  1 0.0984 0.1016 0.1014 0.0995 0.0988 0.1005 0.1031 0.0982 0.0982 0.1005 
         127  1 0.0994 0.0982 0.1012 0.1034 0.0987 0.0996 0.0995 0.1003 0.0998 0.0999 
         128  1 0.1002 0.0997 0.0964 0.1021 0.1036 0.0945 0.0960 0.1029 0.1037 0.1009 
         129  1 0.1010 0.0977 0.0945 0.1007 0.1027 0.1023 0.0944 0.1023 0.1043 0.1001 
         130  1 0.0978 0.1034 0.1001 0.0976 0.0988 0.1024 0.0985 0.1000 0.1014 0.1000 
         131  1 0.1013 0.1018 0.1011 0.0971 0.0953 0.1066 0.1041 0.0977 0.0951 0.0998 
         132  1 0.1024 0.0990 0.0982 0.0988 0.0988 0.1033 0.1010 0.0966 0.1019 0.0999 
         133  1 0.0977 0.1014 0.1029 0.0966 0.0969 0.1045 0.1029 0.0973 0.0992 0.1007 
         134  1 0.0993 0.0967 0.0978 0.0989 0.0967 0.1081 0.1009 0.1005 0.1016 0.0995 
         135  1 0.1023 0.0974 0.1008 0.1014 0.1008 0.0977 0.0997 0.1005 0.0982 0.1011 
         136  1 0.1036 0.0983 0.0993 0.0991 0.0992 0.1006 0.0989 0.0989 0.1003 0.1016 
         137  1 0.0973 0.1043 0.1012 0.0991 0.1014 0.1008 0.0973 0.0994 0.1019 0.0974 
         138  1 0.0997 0.1010 0.0939 0.1030 0.1045 0.0952 0.0962 0.1025 0.1038 0.1002 
         139  1 0.1028 0.0967 0.0993 0.0996 0.0987 0.1012 0.1036 0.0972 0.0986 0.1025 
         140  1 0.1028 0.1031 0.1002 0.0975 0.0964 0.1078 0.0999 0.0985 0.0955 0.0983 
         141  1 0.0995 0.1028 0.1014 0.0993 0.1004 0.0959 0.1015 0.0994 0.0978 0.1021 
         142  1 0.1052 0.0967 0.1012 0.1005 0.0965 0.1006 0.1044 0.0967 0.0974 0.1008 
         143  1 0.1001 0.1019 0.0978 0.1010 0.1036 0.0934 0.0983 0.1027 0.1030 0.0981 
         144  1 0.1003 0.0972 0.0976 0.0981 0.0955 0.1140 0.0984 0.1000 0.0999 0.0991 
         145  1 0.0986 0.1005 0.0977 0.1007 0.1037 0.1015 0.0967 0.1016 0.1021 0.0970 
         146  1 0.1020 0.1005 0.1045 0.1006 0.0970 0.0952 0.1033 0.0985 0.0982 0.0999 
         147  1 0.1014 0.0998 0.0999 0.1043 0.0993 0.0952 0.1012 0.1000 0.0990 0.0998 
         148  1 0.0994 0.0982 0.0956 0.1052 0.1055 0.0953 0.0959 0.1029 0.1021 0.1000 
         149  1 0.1001 0.0989 0.0996 0.0998 0.0993 0.1033 0.0980 0.0990 0.1031 0.0989 
         150  1 0.0995 0.1000 0.1003 0.1007 0.0996 0.1011 0.0992 0.1000 0.1000 0.0998 
         151  1 0.0962 0.1016 0.1025 0.0989 0.0997 0.1015 0.1004 0.0999 0.0989 0.1005 
         152  1 0.0998 0.1017 0.1044 0.0995 0.0978 0.0962 0.1049 0.0981 0.0969 0.1007 
         153  1 0.1015 0.1005 0.1020 0.1022 0.0984 0.0951 0.1024 0.0989 0.0975 0.1015 
         154  1 0.1007 0.1005 0.0993 0.1012 0.1043 0.0925 0.0981 0.0997 0.1015 0.1021 
         155  1 0.0981 0.0982 0.0982 0.0999 0.1009 0.1013 0.0969 0.1024 0.1042 0.0999 
         156  1 0.1035 0.0971 0.0980 0.0976 0.0930 0.1149 0.1026 0.0949 0.0997 0.0987 
         157  1 0.0958 0.1047 0.1072 0.0958 0.0960 0.1038 0.1036 0.1004 0.0964 0.0963 
         158  1 0.1000 0.1008 0.1023 0.1013 0.1007 0.0951 0.1038 0.0972 0.0980 0.1009 
         159  1 0.1000 0.1013 0.1007 0.0993 0.0987 0.1009 0.0998 0.0990 0.0999 0.1002 
         160  1 0.1016 0.0968 0.0982 0.0985 0.0972 0.1059 0.0994 0.1006 0.1019 0.0999 
         161  1 0.0997 0.0988 0.1007 0.1034 0.1021 0.0948 0.0988 0.1022 0.0986 0.1009 
         162  1 0.0897 0.0910 0.0747 0.1166 0.1469 0.0701 0.0715 0.1166 0.1267 0.0962 
         163  1 0.1039 0.0951 0.1008 0.0977 0.0938 0.1099 0.1060 0.0951 0.0963 0.1013 
         164  1 0.0995 0.1009 0.1042 0.1031 0.1005 0.0937 0.0997 0.1008 0.0978 0.1000 
         165  1 0.0996 0.0991 0.1021 0.0995 0.0979 0.1053 0.1041 0.0969 0.0950 0.1007 
         166  1 0.0962 0.1021 0.1001 0.0981 0.0990 0.1030 0.0977 0.1028 0.1017 0.0993 
         167  1 0.0994 0.0978 0.0940 0.1052 0.1072 0.0911 0.0957 0.1035 0.1042 0.1018 
         168  1 0.0992 0.0997 0.1008 0.1008 0.0998 0.0967 0.1030 0.1004 0.0990 0.1007 
         169  1 0.0986 0.1001 0.1004 0.0958 0.0954 0.1116 0.1014 0.0997 0.0980 0.0993 
         170  1 0.0989 0.1001 0.1002 0.1017 0.0999 0.0940 0.1033 0.0995 0.1002 0.1022 
         171  1 0.1005 0.0960 0.0928 0.0929 0.0946 0.1242 0.0944 0.1012 0.1063 0.0971 
         172  1 0.1014 0.0974 0.0995 0.0968 0.0982 0.1063 0.1000 0.0996 0.0985 0.1024 
         173  1 0.1024 0.0959 0.1008 0.0952 0.0953 0.1111 0.1027 0.0971 0.0988 0.1007 
         174  1 0.0984 0.1032 0.0975 0.0995 0.1028 0.0966 0.0979 0.1005 0.1041 0.0995 
         175  1 0.0998 0.0994 0.0958 0.0993 0.1048 0.1005 0.0953 0.1011 0.1040 0.1000 
         176  1 0.0942 0.1053 0.1098 0.0954 0.0991 0.0973 0.1015 0.1003 0.0993 0.0977 
         177  1 0.1016 0.0994 0.1036 0.1008 0.0957 0.1016 0.1062 0.0973 0.0948 0.0991 
         178  1 0.1055 0.0966 0.0993 0.0962 0.0942 0.1119 0.1008 0.0970 0.0986 0.0998 
         179  1 0.1002 0.1012 0.1013 0.1015 0.1021 0.0958 0.0985 0.1003 0.1002 0.0989 
         180  1 0.1004 0.1028 0.0998 0.1004 0.1016 0.0939 0.0994 0.0999 0.1011 0.1006 
         181  1 0.1002 0.1017 0.1044 0.0978 0.0991 0.1011 0.1021 0.0988 0.0968 0.0979 
         182  1 0.0999 0.1024 0.0980 0.1038 0.1015 0.0947 0.0984 0.1016 0.0999 0.0997 
         183  1 0.0984 0.1022 0.1060 0.0979 0.0996 0.0986 0.1011 0.1002 0.0972 0.0988 
         184  1 0.1036 0.0947 0.0985 0.1013 0.0955 0.1064 0.0992 0.0998 0.1014 0.0996 
         185  1 0.1008 0.0959 0.0960 0.0969 0.0963 0.1144 0.0992 0.0996 0.1007 0.1002 
         186  1 0.1009 0.0977 0.0984 0.1007 0.0992 0.1043 0.0995 0.1001 0.0988 0.1005 
         187  1 0.0970 0.1008 0.1019 0.0977 0.0976 0.1055 0.1024 0.0989 0.0982 0.1001 
         188  1 0.1042 0.0930 0.0955 0.0934 0.0952 0.1232 0.0957 0.0990 0.1009 0.0999 
         189  1 0.0992 0.1031 0.0984 0.0995 0.0998 0.1009 0.0997 0.1013 0.0986 0.0996 
         190  1 0.1017 0.1007 0.1037 0.1037 0.0990 0.0931 0.1005 0.1005 0.0979 0.0992 
         191  1 0.0998 0.0983 0.0995 0.1041 0.0995 0.0992 0.0977 0.1010 0.0992 0.1017 
         192  1 0.0988 0.1007 0.0989 0.0995 0.0995 0.1025 0.0997 0.1005 0.0990 0.1008 
         193  1 0.0946 0.1096 0.1052 0.0947 0.1002 0.0997 0.0994 0.0983 0.1015 0.0969 
         194  1 0.0996 0.1015 0.0990 0.1020 0.1029 0.0928 0.1000 0.0995 0.1018 0.1009 
         195  1 0.1015 0.1025 0.1044 0.1003 0.0968 0.0953 0.1025 0.0999 0.0985 0.0982 
         196  1 0.0993 0.0996 0.0947 0.1013 0.1051 0.0963 0.0942 0.1019 0.1061 0.1016 
         197  1 0.0967 0.1009 0.1051 0.0990 0.0981 0.0966 0.1043 0.1041 0.0951 0.1000 
         198  1 0.0981 0.1038 0.1030 0.0996 0.1036 0.0925 0.1006 0.1016 0.0989 0.0982 
         199  1 0.0994 0.1021 0.1056 0.0983 0.0976 0.0973 0.1064 0.0988 0.0946 0.0999 
         200  1 0.1012 0.1004 0.1023 0.0986 0.0959 0.1037 0.1047 0.0955 0.0977 0.1000 
         201  1 0.0985 0.0986 0.0984 0.1029 0.1033 0.0947 0.0981 0.1026 0.1023 0.1005 
         202  1 0.0984 0.0977 0.0991 0.0964 0.0976 0.1097 0.1018 0.0985 0.1005 0.1002 
         203  1 0.1017 0.1022 0.1026 0.0982 0.0974 0.0992 0.1001 0.1002 0.0979 0.1006 
         204  1 0.0980 0.1011 0.1021 0.1015 0.0997 0.0968 0.1010 0.1023 0.0979 0.0996 
         205  1 0.0992 0.1026 0.1006 0.0993 0.1010 0.0974 0.1008 0.1006 0.0981 0.1003 
         206  1 0.1030 0.0997 0.0990 0.1015 0.0990 0.0968 0.1024 0.0990 0.0980 0.1015 
         207  1 0.0980 0.1030 0.1045 0.1014 0.1000 0.0942 0.0996 0.1002 0.0986 0.1005 
         208  1 0.0986 0.1002 0.1032 0.0996 0.0965 0.1028 0.1035 0.0991 0.0966 0.0999 
         209  1 0.1025 0.0981 0.0960 0.1028 0.1037 0.0961 0.0973 0.1007 0.1021 0.1007 
         210  1 0.0986 0.1018 0.1028 0.0982 0.0992 0.1001 0.1025 0.0982 0.1000 0.0987 
         211  1 0.1016 0.0986 0.0997 0.0977 0.0981 0.1059 0.1001 0.0966 0.0997 0.1020 
         212  1 0.1009 0.0994 0.0978 0.1028 0.1022 0.0951 0.0969 0.1015 0.1028 0.1006 
         213  1 0.0987 0.1009 0.1031 0.0991 0.0981 0.1010 0.1024 0.1012 0.0972 0.0984 
         214  1 0.1016 0.0961 0.0963 0.1031 0.0984 0.1049 0.0985 0.0999 0.1013 0.1000 
         215  1 0.1003 0.0981 0.0944 0.0961 0.0975 0.1122 0.1000 0.0987 0.1039 0.0989 
         216  1 0.1010 0.1011 0.0963 0.1045 0.1060 0.0899 0.0962 0.1020 0.1035 0.0996 
         217  1 0.0978 0.1022 0.1036 0.0998 0.0969 0.1003 0.1049 0.1001 0.0965 0.0978 
         218  1 0.1011 0.0992 0.0999 0.0976 0.0984 0.1041 0.0990 0.0983 0.1008 0.1016 
         219  1 0.1001 0.0976 0.0923 0.1078 0.1139 0.0868 0.0906 0.1028 0.1073 0.1008 
         220  1 0.1014 0.1017 0.0997 0.1000 0.0994 0.0957 0.1008 0.0999 0.1012 0.1002 
         221  1 0.0996 0.0994 0.0966 0.0971 0.0993 0.1040 0.0990 0.1011 0.1035 0.1003 
         222  1 0.0991 0.1035 0.1044 0.0999 0.1010 0.0964 0.1010 0.0978 0.0986 0.0982 
         223  1 0.1010 0.0984 0.1046 0.1012 0.0983 0.0975 0.1039 0.0993 0.0953 0.1005 
         224  1 0.1006 0.0985 0.1007 0.1014 0.1001 0.0961 0.1028 0.1009 0.0979 0.1010 
         225  1 0.1002 0.1005 0.0981 0.1021 0.1007 0.0948 0.1018 0.1013 0.0999 0.1006 
         226  1 0.0974 0.1004 0.0943 0.1037 0.1078 0.0926 0.0942 0.1044 0.1038 0.1013 
         227  1 0.1022 0.0997 0.0999 0.1002 0.0999 0.0989 0.1021 0.0995 0.0975 0.1001 
         228  1 0.0964 0.1042 0.1036 0.0947 0.0995 0.1010 0.1045 0.0993 0.0974 0.0995 
         229  1 0.0998 0.1001 0.1039 0.1010 0.0974 0.0990 0.1031 0.0986 0.0957 0.1012 
         230  1 0.0996 0.0999 0.0962 0.1021 0.1024 0.1008 0.0968 0.1003 0.1024 0.0995 
         231  1 0.0996 0.0992 0.0967 0.1018 0.1036 0.0982 0.0971 0.1016 0.1017 0.1006 
         232  1 0.1024 0.0962 0.0990 0.0950 0.0957 0.1156 0.1009 0.0976 0.0981 0.0995 
         233  1 0.0999 0.1042 0.1048 0.1019 0.0996 0.0910 0.1011 0.1004 0.0987 0.0984 
         234  1 0.0987 0.1017 0.1019 0.1013 0.0986 0.0992 0.1042 0.0982 0.0957 0.1004 
         235  1 0.0956 0.1050 0.1118 0.0970 0.0980 0.0969 0.1030 0.1027 0.0940 0.0961 
         236  1 0.0991 0.1030 0.0982 0.1007 0.1064 0.0896 0.0979 0.1028 0.1024 0.0998 
         237  1 0.0986 0.1035 0.1091 0.0978 0.0960 0.0966 0.1069 0.0986 0.0943 0.0986 
         238  1 0.1003 0.0999 0.1018 0.0997 0.0993 0.1005 0.1041 0.0978 0.0970 0.0996 
         239  1 0.0972 0.1028 0.1066 0.0991 0.0987 0.0977 0.1028 0.0999 0.0967 0.0985 
         240  1 0.0993 0.1006 0.0971 0.1038 0.1048 0.0918 0.0976 0.1015 0.1028 0.1007 
         241  1 0.0988 0.1003 0.0987 0.1017 0.1029 0.0979 0.0956 0.1011 0.1028 0.1001 
         242  1 0.0979 0.1045 0.1068 0.0975 0.0975 0.1006 0.1049 0.0980 0.0955 0.0968 
         243  1 0.1003 0.1023 0.1063 0.0994 0.0960 0.0982 0.1106 0.0945 0.0932 0.0993 
         244  1 0.1030 0.0994 0.0997 0.1005 0.0995 0.0978 0.1012 0.0988 0.1001 0.0999 
         245  1 0.0985 0.0998 0.0946 0.0964 0.0989 0.1121 0.0947 0.1015 0.1033 0.1003 
         246  1 0.0972 0.1008 0.0977 0.0995 0.1057 0.0980 0.0952 0.1005 0.1053 0.0999 
         247  1 0.0971 0.0984 0.0971 0.1004 0.1063 0.0964 0.0958 0.1029 0.1052 0.1004 
         248  1 0.0978 0.1036 0.1036 0.0978 0.0997 0.1028 0.0981 0.1008 0.0984 0.0976 
         249  1 0.1014 0.0981 0.0960 0.1007 0.1011 0.1009 0.0992 0.1001 0.1009 0.1016 
         250  1 0.1011 0.0992 0.0941 0.1001 0.1040 0.1034 0.0954 0.1007 0.1019 0.1001 
         251  1 0.0988 0.1004 0.0995 0.0995 0.1017 0.0985 0.0974 0.1009 0.1028 0.1004 
         252  1 0.1017 0.0994 0.0996 0.1006 0.0988 0.1017 0.0997 0.0980 0.0995 0.1009 
         253  1 0.1015 0.0952 0.1007 0.1034 0.0959 0.1035 0.1007 0.1013 0.0964 0.1014 
         254  1 0.1020 0.0974 0.1014 0.0993 0.0971 0.1020 0.1014 0.0979 0.1017 0.0998 
         255  1 0.1005 0.0959 0.0908 0.0987 0.0977 0.1100 0.0981 0.1005 0.1094 0.0983 
         256  1 0.0981 0.0983 0.0964 0.1025 0.1044 0.0966 0.0960 0.1022 0.1053 0.1001 
         257  1 0.1046 0.0965 0.0986 0.1010 0.0968 0.1042 0.0994 0.0983 0.1011 0.0994 
         258  1 0.0998 0.0962 0.0931 0.0981 0.1034 0.1067 0.0947 0.1009 0.1045 0.1027 
         259  1 0.0992 0.1026 0.0997 0.0980 0.0982 0.1031 0.1019 0.0993 0.0977 0.1001 
         260  1 0.0974 0.1023 0.1017 0.1000 0.1035 0.0934 0.0971 0.1046 0.1005 0.0996 
         261  1 0.0958 0.1088 0.1060 0.0963 0.1002 0.0960 0.0996 0.1009 0.0992 0.0972 
         262  1 0.1014 0.0887 0.0893 0.0909 0.0935 0.1348 0.0953 0.0999 0.1082 0.0980 
         263  1 0.0996 0.1016 0.1005 0.0969 0.0980 0.1048 0.1033 0.0973 0.0988 0.0991 
         264  1 0.0995 0.1029 0.1041 0.0991 0.1001 0.0985 0.1012 0.0980 0.0977 0.0988 
         265  1 0.0987 0.1031 0.1022 0.0985 0.0987 0.0997 0.1009 0.1006 0.0976 0.1000 
         266  1 0.1002 0.1019 0.1003 0.0974 0.1006 0.1023 0.0989 0.1005 0.0980 0.0998 
         267  1 0.1021 0.0994 0.1019 0.1042 0.0995 0.0946 0.1019 0.0984 0.0972 0.1010 
         268  1 0.0974 0.1003 0.0954 0.1006 0.1020 0.1014 0.0951 0.1044 0.1040 0.0993 
         269  1 0.0976 0.1015 0.0972 0.1017 0.1064 0.0911 0.0970 0.1031 0.1029 0.1015 
         270  1 0.0997 0.1011 0.1026 0.1003 0.1037 0.0942 0.0992 0.0994 0.0995 0.1003 
         271  1 0.0997 0.1010 0.0986 0.1007 0.1007 0.0987 0.0993 0.1010 0.1010 0.0994 
         272  1 0.0992 0.1018 0.0957 0.1015 0.1082 0.0895 0.0946 0.1039 0.1041 0.1014 
         273  1 0.1015 0.0928 0.0975 0.0923 0.0923 0.1281 0.0993 0.0967 0.0997 0.0999 
         274  1 0.0967 0.1027 0.1117 0.0985 0.0945 0.0997 0.1044 0.0998 0.0942 0.0978 
         275  1 0.0989 0.0995 0.1016 0.0973 0.0972 0.1040 0.1005 0.0989 0.1003 0.1016 
         276  1 0.0978 0.0973 0.1028 0.1048 0.0943 0.1038 0.1016 0.1009 0.0965 0.1002 
         277  1 0.1026 0.0969 0.1006 0.1000 0.0967 0.1039 0.1048 0.0962 0.0973 0.1010 
         278  1 0.1030 0.1000 0.1042 0.0979 0.0959 0.1020 0.1055 0.0962 0.0939 0.1014 
         279  1 0.1011 0.0999 0.0992 0.0980 0.0994 0.1063 0.1010 0.0975 0.0994 0.0982 
         280  1 0.0964 0.1009 0.0942 0.0972 0.1040 0.1047 0.0952 0.1016 0.1086 0.0972 
         281  1 0.1005 0.1018 0.1034 0.0995 0.0969 0.0970 0.1049 0.0989 0.0972 0.0999 
         282  1 0.0988 0.1008 0.0969 0.1002 0.1028 0.0986 0.0973 0.1007 0.1036 0.1003 
         283  1 0.1053 0.0954 0.1008 0.0973 0.0941 0.1123 0.1022 0.0959 0.0965 0.1001 
         284  1 0.1042 0.0949 0.0962 0.0978 0.0968 0.1107 0.1002 0.0976 0.0997 0.1018 
         285  1 0.0989 0.0988 0.0933 0.1010 0.1070 0.0939 0.0957 0.1038 0.1047 0.1030 
         286  1 0.0990 0.1028 0.1054 0.0997 0.0987 0.0975 0.1018 0.0997 0.0980 0.0974 
         287  1 0.0971 0.1022 0.1035 0.1026 0.1032 0.0906 0.0985 0.1018 0.1009 0.0996 
         288  1 0.0982 0.1042 0.1036 0.1006 0.1038 0.0908 0.0968 0.1012 0.1023 0.0986 
         289  1 0.1015 0.0993 0.0986 0.1007 0.1005 0.0983 0.0994 0.1003 0.0998 0.1017 
         290  1 0.1054 0.0960 0.0992 0.0993 0.0949 0.1071 0.1021 0.0985 0.0975 0.1000 
         291  1 0.1031 0.0975 0.1004 0.1012 0.0942 0.1041 0.1055 0.0977 0.0964 0.1000 
         292  1 0.0983 0.1015 0.1017 0.1001 0.0988 0.0999 0.1006 0.1024 0.0978 0.0987 
         293  1 0.0984 0.1015 0.0980 0.1021 0.1042 0.0923 0.0973 0.1049 0.1017 0.0994 
         294  1 0.1012 0.1003 0.1016 0.0992 0.0970 0.1019 0.1039 0.0952 0.0990 0.1008 
         295  1 0.1015 0.0995 0.0990 0.1008 0.0998 0.0959 0.0996 0.0998 0.1025 0.1017 
         296  1 0.0987 0.0982 0.0962 0.1012 0.1024 0.0999 0.0973 0.1016 0.1033 0.1013 
         297  1 0.0994 0.0994 0.0958 0.1015 0.1039 0.0950 0.0962 0.1028 0.1050 0.1010 
         298  1 0.1000 0.0990 0.0934 0.1026 0.1075 0.0919 0.0941 0.1054 0.1043 0.1018 
         299  1 0.1020 0.0970 0.1004 0.1001 0.0944 0.1073 0.1032 0.0983 0.0983 0.0991 
         300  1 0.1015 0.0972 0.1017 0.0975 0.0952 0.1070 0.1025 0.0970 0.0998 0.1006 
