           1  1 0.1354 0.1494 0.1508 0.1442 0.1454 0.1295 0.1454 
           2  1 0.1328 0.1508 0.1500 0.1465 0.1410 0.1251 0.1539 
           3  1 0.1414 0.1435 0.1424 0.1414 0.1462 0.1425 0.1424 
           4  1 0.1551 0.1290 0.1285 0.1398 0.1444 0.1697 0.1335 
           5  1 0.1401 0.1473 0.1453 0.1376 0.1450 0.1375 0.1471 
           6  1 0.1419 0.1466 0.1436 0.1498 0.1383 0.1378 0.1420 
           7  1 0.1389 0.1419 0.1449 0.1466 0.1420 0.1375 0.1481 
           8  1 0.1382 0.1448 0.1451 0.1487 0.1404 0.1354 0.1473 
           9  1 0.1531 0.1361 0.1359 0.1375 0.1421 0.1625 0.1327 
          10  1 0.1470 0.1416 0.1391 0.1351 0.1460 0.1505 0.1407 
          11  1 0.1302 0.1559 0.1524 0.1418 0.1479 0.1217 0.1501 
          12  1 0.1502 0.1338 0.1371 0.1412 0.1385 0.1617 0.1375 
          13  1 0.1563 0.1329 0.1295 0.1327 0.1453 0.1738 0.1294 
          14  1 0.1525 0.1354 0.1374 0.1459 0.1386 0.1578 0.1325 
          15  1 0.1387 0.1442 0.1488 0.1417 0.1443 0.1397 0.1427 
          16  1 0.1402 0.1472 0.1457 0.1410 0.1416 0.1410 0.1433 
          17  1 0.1495 0.1391 0.1354 0.1394 0.1448 0.1530 0.1388 
          18  1 0.1427 0.1455 0.1367 0.1407 0.1468 0.1426 0.1451 
          19  1 0.1466 0.1407 0.1446 0.1388 0.1427 0.1455 0.1410 
          20  1 0.1481 0.1404 0.1398 0.1450 0.1419 0.1484 0.1365 
          21  1 0.1403 0.1468 0.1503 0.1401 0.1434 0.1310 0.1481 
          22  1 0.1490 0.1370 0.1400 0.1431 0.1375 0.1545 0.1390 
          23  1 0.1397 0.1457 0.1399 0.1416 0.1474 0.1335 0.1522 
          24  1 0.1447 0.1432 0.1412 0.1426 0.1396 0.1460 0.1426 
          25  1 0.1457 0.1403 0.1419 0.1430 0.1419 0.1470 0.1402 
          26  1 0.1428 0.1410 0.1441 0.1447 0.1410 0.1427 0.1437 
          27  1 0.1469 0.1415 0.1370 0.1413 0.1452 0.1487 0.1393 
          28  1 0.1442 0.1392 0.1429 0.1435 0.1407 0.1434 0.1460 
          29  1 0.1405 0.1443 0.1448 0.1399 0.1461 0.1406 0.1438 
          30  1 0.1442 0.1421 0.1436 0.1418 0.1427 0.1464 0.1393 
          31  1 0.1275 0.1474 0.1581 0.1541 0.1406 0.1218 0.1506 
          32  1 0.1482 0.1442 0.1415 0.1425 0.1393 0.1423 0.1421 
          33  1 0.1390 0.1382 0.1523 0.1462 0.1395 0.1443 0.1404 
          34  1 0.1436 0.1437 0.1418 0.1418 0.1416 0.1411 0.1464 
          35  1 0.1505 0.1344 0.1315 0.1420 0.1440 0.1594 0.1382 
          36  1 0.1345 0.1463 0.1523 0.1466 0.1426 0.1300 0.1478 
          37  1 0.1280 0.1466 0.1618 0.1527 0.1367 0.1190 0.1553 
          38  1 0.1426 0.1423 0.1413 0.1433 0.1429 0.1417 0.1457 
          39  1 0.1432 0.1401 0.1426 0.1445 0.1437 0.1461 0.1398 
          40  1 0.1427 0.1450 0.1449 0.1449 0.1412 0.1357 0.1456 
          41  1 0.1416 0.1437 0.1482 0.1410 0.1384 0.1380 0.1491 
          42  1 0.1516 0.1357 0.1329 0.1372 0.1450 0.1634 0.1342 
          43  1 0.1507 0.1378 0.1354 0.1406 0.1420 0.1547 0.1388 
          44  1 0.1402 0.1486 0.1444 0.1401 0.1452 0.1335 0.1479 
          45  1 0.1394 0.1539 0.1404 0.1460 0.1439 0.1331 0.1432 
          46  1 0.1468 0.1400 0.1389 0.1415 0.1407 0.1501 0.1420 
          47  1 0.1373 0.1432 0.1561 0.1485 0.1388 0.1257 0.1504 
          48  1 0.1373 0.1431 0.1479 0.1417 0.1443 0.1362 0.1496 
          49  1 0.1502 0.1360 0.1364 0.1407 0.1426 0.1558 0.1384 
          50  1 0.1355 0.1561 0.1486 0.1432 0.1433 0.1254 0.1478 
          51  1 0.1546 0.1305 0.1342 0.1397 0.1382 0.1730 0.1298 
          52  1 0.1414 0.1423 0.1428 0.1389 0.1441 0.1451 0.1453 
          53  1 0.1435 0.1423 0.1359 0.1430 0.1466 0.1442 0.1446 
          54  1 0.1397 0.1459 0.1451 0.1433 0.1421 0.1333 0.1507 
          55  1 0.1426 0.1406 0.1409 0.1442 0.1441 0.1439 0.1437 
          56  1 0.1437 0.1433 0.1405 0.1464 0.1420 0.1417 0.1425 
          57  1 0.1390 0.1459 0.1493 0.1420 0.1444 0.1314 0.1480 
          58  1 0.1436 0.1433 0.1385 0.1494 0.1430 0.1416 0.1405 
          59  1 0.1385 0.1475 0.1483 0.1425 0.1424 0.1324 0.1484 
          60  1 0.1348 0.1525 0.1483 0.1425 0.1455 0.1280 0.1483 
          61  1 0.1476 0.1381 0.1381 0.1407 0.1427 0.1516 0.1413 
          62  1 0.1407 0.1416 0.1470 0.1440 0.1415 0.1450 0.1402 
          63  1 0.1429 0.1417 0.1469 0.1442 0.1376 0.1411 0.1456 
          64  1 0.1328 0.1589 0.1461 0.1462 0.1473 0.1200 0.1486 
          65  1 0.1414 0.1438 0.1473 0.1404 0.1435 0.1413 0.1423 
          66  1 0.1403 0.1442 0.1420 0.1461 0.1403 0.1412 0.1460 
          67  1 0.1497 0.1392 0.1384 0.1393 0.1424 0.1517 0.1392 
          68  1 0.1413 0.1421 0.1445 0.1421 0.1451 0.1381 0.1469 
          69  1 0.1418 0.1410 0.1434 0.1462 0.1405 0.1434 0.1437 
          70  1 0.1375 0.1458 0.1432 0.1447 0.1479 0.1360 0.1448 
          71  1 0.1366 0.1457 0.1479 0.1431 0.1489 0.1318 0.1460 
          72  1 0.1459 0.1392 0.1404 0.1409 0.1430 0.1505 0.1401 
          73  1 0.1409 0.1454 0.1501 0.1413 0.1433 0.1313 0.1476 
          74  1 0.1360 0.1479 0.1455 0.1484 0.1413 0.1377 0.1432 
          75  1 0.1451 0.1415 0.1412 0.1438 0.1447 0.1421 0.1417 
          76  1 0.1387 0.1503 0.1425 0.1467 0.1446 0.1297 0.1476 
          77  1 0.1376 0.1472 0.1452 0.1458 0.1393 0.1358 0.1490 
          78  1 0.1343 0.1504 0.1545 0.1404 0.1434 0.1252 0.1517 
          79  1 0.1444 0.1416 0.1398 0.1391 0.1476 0.1445 0.1431 
          80  1 0.1537 0.1343 0.1315 0.1369 0.1397 0.1703 0.1336 
          81  1 0.1415 0.1491 0.1416 0.1405 0.1479 0.1348 0.1447 
          82  1 0.1341 0.1482 0.1583 0.1493 0.1359 0.1240 0.1503 
          83  1 0.1415 0.1512 0.1460 0.1422 0.1436 0.1337 0.1418 
          84  1 0.1472 0.1397 0.1412 0.1420 0.1430 0.1473 0.1396 
          85  1 0.1369 0.1488 0.1476 0.1468 0.1397 0.1294 0.1507 
          86  1 0.1422 0.1484 0.1440 0.1418 0.1427 0.1368 0.1440 
          87  1 0.1436 0.1475 0.1457 0.1420 0.1429 0.1379 0.1404 
          88  1 0.1495 0.1371 0.1392 0.1436 0.1399 0.1504 0.1403 
          89  1 0.1452 0.1379 0.1409 0.1456 0.1442 0.1518 0.1344 
          90  1 0.1447 0.1413 0.1432 0.1436 0.1398 0.1461 0.1413 
          91  1 0.1384 0.1464 0.1461 0.1438 0.1439 0.1320 0.1494 
          92  1 0.1395 0.1423 0.1490 0.1416 0.1420 0.1363 0.1492 
          93  1 0.1425 0.1451 0.1472 0.1411 0.1422 0.1392 0.1428 
          94  1 0.1355 0.1520 0.1510 0.1448 0.1427 0.1290 0.1450 
          95  1 0.1394 0.1457 0.1464 0.1435 0.1429 0.1346 0.1475 
          96  1 0.1500 0.1408 0.1376 0.1376 0.1398 0.1522 0.1421 
          97  1 0.1479 0.1412 0.1394 0.1388 0.1436 0.1488 0.1404 
          98  1 0.1495 0.1350 0.1412 0.1360 0.1443 0.1535 0.1405 
          99  1 0.1456 0.1433 0.1419 0.1401 0.1432 0.1452 0.1407 
         100  1 0.1435 0.1447 0.1444 0.1386 0.1446 0.1395 0.1448 
         101  1 0.1432 0.1433 0.1428 0.1471 0.1417 0.1384 0.1435 
         102  1 0.1380 0.1443 0.1494 0.1516 0.1398 0.1310 0.1459 
         103  1 0.1497 0.1318 0.1380 0.1423 0.1389 0.1641 0.1352 
         104  1 0.1396 0.1464 0.1446 0.1424 0.1408 0.1372 0.1489 
         105  1 0.1316 0.1533 0.1520 0.1414 0.1464 0.1222 0.1532 
         106  1 0.1457 0.1387 0.1390 0.1425 0.1440 0.1471 0.1430 
         107  1 0.1486 0.1391 0.1365 0.1357 0.1448 0.1563 0.1390 
         108  1 0.1450 0.1410 0.1415 0.1450 0.1406 0.1434 0.1435 
         109  1 0.1499 0.1373 0.1365 0.1365 0.1428 0.1570 0.1400 
         110  1 0.1419 0.1452 0.1427 0.1429 0.1462 0.1404 0.1407 
         111  1 0.1433 0.1415 0.1452 0.1419 0.1372 0.1449 0.1459 
         112  1 0.1486 0.1383 0.1372 0.1420 0.1432 0.1495 0.1413 
         113  1 0.1550 0.1272 0.1319 0.1340 0.1402 0.1785 0.1333 
         114  1 0.1417 0.1378 0.1447 0.1402 0.1422 0.1457 0.1476 
         115  1 0.1501 0.1376 0.1345 0.1400 0.1455 0.1556 0.1367 
         116  1 0.1465 0.1377 0.1378 0.1387 0.1467 0.1472 0.1453 
         117  1 0.1394 0.1441 0.1465 0.1479 0.1391 0.1346 0.1484 
         118  1 0.1380 0.1476 0.1498 0.1399 0.1451 0.1319 0.1476 
         119  1 0.1383 0.1470 0.1432 0.1420 0.1475 0.1334 0.1486 
         120  1 0.1452 0.1417 0.1369 0.1433 0.1467 0.1452 0.1409 
         121  1 0.1499 0.1365 0.1328 0.1434 0.1401 0.1588 0.1385 
         122  1 0.1401 0.1402 0.1438 0.1524 0.1408 0.1407 0.1420 
         123  1 0.1406 0.1449 0.1426 0.1418 0.1481 0.1367 0.1453 
         124  1 0.1400 0.1417 0.1469 0.1438 0.1405 0.1445 0.1425 
         125  1 0.1389 0.1457 0.1427 0.1456 0.1450 0.1342 0.1481 
         126  1 0.1406 0.1465 0.1442 0.1457 0.1412 0.1397 0.1422 
         127  1 0.1414 0.1431 0.1478 0.1405 0.1401 0.1418 0.1452 
         128  1 0.1531 0.1345 0.1325 0.1406 0.1436 0.1593 0.1364 
         129  1 0.1473 0.1344 0.1379 0.1408 0.1449 0.1542 0.1404 
         130  1 0.1426 0.1447 0.1431 0.1458 0.1437 0.1421 0.1381 
         131  1 0.1336 0.1462 0.1466 0.1474 0.1455 0.1293 0.1513 
         132  1 0.1409 0.1454 0.1486 0.1424 0.1423 0.1359 0.1445 
         133  1 0.1368 0.1501 0.1524 0.1426 0.1416 0.1299 0.1466 
         134  1 0.1394 0.1429 0.1523 0.1461 0.1368 0.1372 0.1453 
         135  1 0.1443 0.1384 0.1443 0.1427 0.1417 0.1446 0.1440 
         136  1 0.1422 0.1410 0.1410 0.1426 0.1468 0.1416 0.1449 
         137  1 0.1393 0.1477 0.1452 0.1396 0.1464 0.1383 0.1435 
         138  1 0.1518 0.1364 0.1329 0.1396 0.1409 0.1607 0.1377 
         139  1 0.1376 0.1467 0.1457 0.1446 0.1406 0.1355 0.1494 
         140  1 0.1369 0.1444 0.1476 0.1477 0.1420 0.1349 0.1465 
         141  1 0.1451 0.1464 0.1410 0.1409 0.1408 0.1410 0.1448 
         142  1 0.1360 0.1479 0.1447 0.1498 0.1414 0.1313 0.1491 
         143  1 0.1523 0.1399 0.1344 0.1380 0.1429 0.1576 0.1350 
         144  1 0.1351 0.1434 0.1548 0.1448 0.1421 0.1338 0.1461 
         145  1 0.1465 0.1397 0.1337 0.1429 0.1415 0.1562 0.1395 
         146  1 0.1434 0.1450 0.1355 0.1428 0.1433 0.1395 0.1505 
         147  1 0.1431 0.1433 0.1428 0.1409 0.1429 0.1425 0.1445 
         148  1 0.1502 0.1338 0.1383 0.1405 0.1410 0.1612 0.1349 
         149  1 0.1435 0.1384 0.1415 0.1420 0.1444 0.1466 0.1436 
         150  1 0.1412 0.1416 0.1461 0.1435 0.1448 0.1395 0.1433 
         151  1 0.1425 0.1440 0.1465 0.1383 0.1447 0.1396 0.1444 
         152  1 0.1417 0.1457 0.1510 0.1406 0.1427 0.1316 0.1467 
         153  1 0.1430 0.1436 0.1407 0.1392 0.1480 0.1398 0.1457 
         154  1 0.1459 0.1409 0.1385 0.1402 0.1466 0.1488 0.1391 
         155  1 0.1474 0.1346 0.1482 0.1419 0.1393 0.1519 0.1367 
         156  1 0.1305 0.1492 0.1583 0.1457 0.1417 0.1232 0.1514 
         157  1 0.1342 0.1551 0.1500 0.1478 0.1402 0.1255 0.1471 
         158  1 0.1425 0.1462 0.1432 0.1389 0.1440 0.1380 0.1472 
         159  1 0.1404 0.1475 0.1444 0.1429 0.1421 0.1383 0.1445 
         160  1 0.1382 0.1452 0.1459 0.1481 0.1400 0.1363 0.1462 
         161  1 0.1488 0.1389 0.1327 0.1430 0.1444 0.1558 0.1364 
         162  1 0.1786 0.0976 0.1003 0.1179 0.1299 0.2808 0.0949 
         163  1 0.1282 0.1491 0.1556 0.1499 0.1447 0.1203 0.1522 
         164  1 0.1432 0.1444 0.1411 0.1417 0.1458 0.1428 0.1409 
         165  1 0.1386 0.1460 0.1478 0.1460 0.1430 0.1313 0.1474 
         166  1 0.1422 0.1423 0.1475 0.1451 0.1412 0.1397 0.1420 
         167  1 0.1527 0.1334 0.1301 0.1370 0.1430 0.1690 0.1349 
         168  1 0.1473 0.1403 0.1420 0.1439 0.1391 0.1492 0.1381 
         169  1 0.1364 0.1476 0.1450 0.1508 0.1449 0.1344 0.1408 
         170  1 0.1502 0.1405 0.1393 0.1431 0.1400 0.1510 0.1358 
         171  1 0.1324 0.1442 0.1547 0.1520 0.1395 0.1310 0.1462 
         172  1 0.1417 0.1398 0.1457 0.1433 0.1446 0.1414 0.1434 
         173  1 0.1362 0.1454 0.1478 0.1473 0.1413 0.1359 0.1461 
         174  1 0.1493 0.1406 0.1356 0.1394 0.1429 0.1543 0.1380 
         175  1 0.1500 0.1362 0.1350 0.1415 0.1416 0.1600 0.1357 
         176  1 0.1366 0.1544 0.1477 0.1426 0.1458 0.1297 0.1433 
         177  1 0.1319 0.1532 0.1519 0.1479 0.1405 0.1202 0.1545 
         178  1 0.1308 0.1488 0.1534 0.1493 0.1427 0.1255 0.1496 
         179  1 0.1451 0.1438 0.1379 0.1383 0.1449 0.1462 0.1439 
         180  1 0.1464 0.1417 0.1418 0.1345 0.1479 0.1473 0.1405 
         181  1 0.1379 0.1519 0.1409 0.1483 0.1424 0.1333 0.1453 
         182  1 0.1461 0.1425 0.1372 0.1432 0.1412 0.1464 0.1434 
         183  1 0.1410 0.1478 0.1428 0.1445 0.1422 0.1381 0.1436 
         184  1 0.1417 0.1390 0.1535 0.1479 0.1341 0.1382 0.1456 
         185  1 0.1378 0.1424 0.1492 0.1486 0.1422 0.1359 0.1440 
         186  1 0.1401 0.1427 0.1456 0.1440 0.1423 0.1398 0.1455 
         187  1 0.1382 0.1491 0.1487 0.1451 0.1404 0.1332 0.1452 
         188  1 0.1305 0.1463 0.1529 0.1537 0.1409 0.1285 0.1472 
         189  1 0.1439 0.1435 0.1432 0.1456 0.1427 0.1419 0.1391 
         190  1 0.1449 0.1429 0.1385 0.1413 0.1443 0.1467 0.1415 
         191  1 0.1420 0.1417 0.1436 0.1467 0.1431 0.1442 0.1387 
         192  1 0.1440 0.1416 0.1452 0.1429 0.1408 0.1432 0.1423 
         193  1 0.1413 0.1525 0.1408 0.1396 0.1465 0.1375 0.1418 
         194  1 0.1462 0.1405 0.1389 0.1370 0.1440 0.1513 0.1420 
         195  1 0.1466 0.1422 0.1320 0.1435 0.1474 0.1471 0.1412 
         196  1 0.1521 0.1319 0.1334 0.1412 0.1426 0.1637 0.1351 
         197  1 0.1465 0.1454 0.1494 0.1464 0.1382 0.1341 0.1400 
         198  1 0.1440 0.1483 0.1370 0.1430 0.1459 0.1424 0.1394 
         199  1 0.1410 0.1484 0.1448 0.1414 0.1436 0.1355 0.1453 
         200  1 0.1353 0.1526 0.1516 0.1442 0.1390 0.1298 0.1474 
         201  1 0.1503 0.1349 0.1414 0.1373 0.1422 0.1565 0.1373 
         202  1 0.1363 0.1464 0.1512 0.1458 0.1410 0.1346 0.1447 
         203  1 0.1416 0.1429 0.1413 0.1468 0.1447 0.1406 0.1422 
         204  1 0.1421 0.1439 0.1417 0.1450 0.1434 0.1401 0.1439 
         205  1 0.1470 0.1439 0.1409 0.1400 0.1457 0.1437 0.1388 
         206  1 0.1419 0.1432 0.1443 0.1422 0.1415 0.1409 0.1462 
         207  1 0.1442 0.1442 0.1425 0.1388 0.1461 0.1425 0.1417 
         208  1 0.1426 0.1427 0.1485 0.1432 0.1407 0.1360 0.1463 
         209  1 0.1473 0.1370 0.1377 0.1426 0.1372 0.1526 0.1456 
         210  1 0.1376 0.1483 0.1470 0.1438 0.1439 0.1347 0.1446 
         211  1 0.1367 0.1470 0.1487 0.1442 0.1399 0.1320 0.1514 
         212  1 0.1523 0.1345 0.1325 0.1370 0.1444 0.1608 0.1385 
         213  1 0.1392 0.1472 0.1476 0.1425 0.1438 0.1359 0.1437 
         214  1 0.1415 0.1413 0.1457 0.1445 0.1392 0.1427 0.1451 
         215  1 0.1378 0.1455 0.1476 0.1497 0.1398 0.1382 0.1414 
         216  1 0.1529 0.1354 0.1325 0.1368 0.1417 0.1609 0.1398 
         217  1 0.1354 0.1498 0.1464 0.1489 0.1459 0.1287 0.1450 
         218  1 0.1403 0.1431 0.1430 0.1459 0.1442 0.1378 0.1457 
         219  1 0.1539 0.1277 0.1293 0.1321 0.1405 0.1824 0.1341 
         220  1 0.1437 0.1407 0.1387 0.1417 0.1452 0.1489 0.1410 
         221  1 0.1460 0.1368 0.1445 0.1429 0.1416 0.1491 0.1391 
         222  1 0.1430 0.1459 0.1454 0.1363 0.1452 0.1411 0.1431 
         223  1 0.1382 0.1468 0.1457 0.1446 0.1404 0.1305 0.1537 
         224  1 0.1411 0.1483 0.1414 0.1467 0.1425 0.1360 0.1440 
         225  1 0.1501 0.1376 0.1371 0.1407 0.1424 0.1532 0.1387 
         226  1 0.1526 0.1329 0.1324 0.1364 0.1455 0.1680 0.1323 
         227  1 0.1455 0.1422 0.1411 0.1442 0.1405 0.1437 0.1428 
         228  1 0.1388 0.1496 0.1440 0.1449 0.1458 0.1347 0.1421 
         229  1 0.1398 0.1448 0.1534 0.1405 0.1426 0.1316 0.1472 
         230  1 0.1456 0.1427 0.1388 0.1408 0.1406 0.1479 0.1436 
         231  1 0.1483 0.1369 0.1377 0.1382 0.1469 0.1545 0.1374 
         232  1 0.1330 0.1504 0.1456 0.1497 0.1452 0.1297 0.1463 
         233  1 0.1488 0.1398 0.1328 0.1398 0.1480 0.1480 0.1428 
         234  1 0.1379 0.1449 0.1488 0.1417 0.1441 0.1307 0.1518 
         235  1 0.1356 0.1576 0.1482 0.1460 0.1448 0.1233 0.1445 
         236  1 0.1535 0.1359 0.1331 0.1355 0.1436 0.1608 0.1376 
         237  1 0.1352 0.1515 0.1469 0.1469 0.1475 0.1235 0.1485 
         238  1 0.1359 0.1504 0.1484 0.1436 0.1440 0.1285 0.1490 
         239  1 0.1342 0.1526 0.1492 0.1461 0.1445 0.1266 0.1467 
         240  1 0.1520 0.1327 0.1329 0.1359 0.1435 0.1640 0.1390 
         241  1 0.1471 0.1366 0.1369 0.1389 0.1459 0.1572 0.1375 
         242  1 0.1346 0.1538 0.1445 0.1423 0.1519 0.1243 0.1485 
         243  1 0.1352 0.1548 0.1488 0.1373 0.1461 0.1260 0.1518 
         244  1 0.1406 0.1450 0.1412 0.1450 0.1439 0.1395 0.1447 
         245  1 0.1427 0.1382 0.1451 0.1461 0.1407 0.1462 0.1409 
         246  1 0.1462 0.1378 0.1393 0.1418 0.1452 0.1528 0.1368 
         247  1 0.1497 0.1359 0.1423 0.1398 0.1380 0.1584 0.1359 
         248  1 0.1388 0.1495 0.1411 0.1423 0.1482 0.1391 0.1411 
         249  1 0.1449 0.1391 0.1402 0.1409 0.1444 0.1516 0.1390 
         250  1 0.1437 0.1351 0.1402 0.1455 0.1434 0.1538 0.1384 
         251  1 0.1446 0.1403 0.1434 0.1423 0.1415 0.1478 0.1402 
         252  1 0.1435 0.1410 0.1415 0.1417 0.1445 0.1442 0.1436 
         253  1 0.1391 0.1412 0.1514 0.1435 0.1405 0.1364 0.1478 
         254  1 0.1391 0.1435 0.1465 0.1472 0.1389 0.1385 0.1463 
         255  1 0.1435 0.1378 0.1478 0.1465 0.1379 0.1472 0.1393 
         256  1 0.1506 0.1342 0.1430 0.1393 0.1389 0.1596 0.1345 
         257  1 0.1384 0.1435 0.1455 0.1494 0.1426 0.1346 0.1460 
         258  1 0.1464 0.1354 0.1382 0.1448 0.1428 0.1565 0.1358 
         259  1 0.1432 0.1446 0.1385 0.1426 0.1471 0.1389 0.1451 
         260  1 0.1459 0.1405 0.1394 0.1410 0.1460 0.1515 0.1358 
         261  1 0.1427 0.1447 0.1387 0.1392 0.1496 0.1409 0.1441 
         262  1 0.1295 0.1427 0.1583 0.1556 0.1356 0.1343 0.1441 
         263  1 0.1369 0.1486 0.1515 0.1428 0.1436 0.1317 0.1450 
         264  1 0.1374 0.1489 0.1457 0.1402 0.1481 0.1329 0.1469 
         265  1 0.1426 0.1436 0.1407 0.1428 0.1439 0.1422 0.1443 
         266  1 0.1437 0.1444 0.1384 0.1454 0.1434 0.1450 0.1397 
         267  1 0.1435 0.1462 0.1419 0.1366 0.1441 0.1402 0.1475 
         268  1 0.1494 0.1356 0.1380 0.1419 0.1419 0.1593 0.1339 
         269  1 0.1533 0.1332 0.1336 0.1386 0.1414 0.1644 0.1355 
         270  1 0.1452 0.1423 0.1427 0.1359 0.1439 0.1441 0.1458 
         271  1 0.1463 0.1384 0.1397 0.1418 0.1424 0.1504 0.1410 
         272  1 0.1583 0.1328 0.1275 0.1344 0.1428 0.1716 0.1326 
         273  1 0.1283 0.1495 0.1560 0.1518 0.1409 0.1200 0.1535 
         274  1 0.1353 0.1536 0.1521 0.1439 0.1445 0.1232 0.1474 
         275  1 0.1364 0.1466 0.1492 0.1440 0.1439 0.1318 0.1481 
         276  1 0.1349 0.1500 0.1522 0.1468 0.1409 0.1309 0.1444 
         277  1 0.1358 0.1478 0.1503 0.1429 0.1437 0.1304 0.1491 
         278  1 0.1336 0.1484 0.1474 0.1509 0.1455 0.1257 0.1485 
         279  1 0.1371 0.1464 0.1460 0.1423 0.1472 0.1336 0.1473 
         280  1 0.1440 0.1383 0.1421 0.1423 0.1404 0.1564 0.1365 
         281  1 0.1377 0.1494 0.1471 0.1426 0.1442 0.1303 0.1486 
         282  1 0.1460 0.1399 0.1409 0.1422 0.1412 0.1482 0.1416 
         283  1 0.1328 0.1502 0.1486 0.1494 0.1448 0.1253 0.1489 
         284  1 0.1417 0.1404 0.1450 0.1496 0.1403 0.1415 0.1415 
         285  1 0.1554 0.1312 0.1340 0.1356 0.1411 0.1713 0.1313 
         286  1 0.1408 0.1489 0.1426 0.1380 0.1485 0.1364 0.1448 
         287  1 0.1500 0.1437 0.1330 0.1378 0.1434 0.1517 0.1404 
         288  1 0.1512 0.1401 0.1311 0.1383 0.1463 0.1555 0.1376 
         289  1 0.1428 0.1395 0.1427 0.1435 0.1430 0.1445 0.1440 
         290  1 0.1352 0.1463 0.1468 0.1488 0.1426 0.1305 0.1498 
         291  1 0.1347 0.1479 0.1536 0.1479 0.1413 0.1274 0.1472 
         292  1 0.1404 0.1450 0.1487 0.1457 0.1411 0.1361 0.1430 
         293  1 0.1522 0.1380 0.1369 0.1410 0.1412 0.1558 0.1350 
         294  1 0.1352 0.1458 0.1510 0.1428 0.1427 0.1287 0.1537 
         295  1 0.1450 0.1361 0.1412 0.1401 0.1432 0.1509 0.1435 
         296  1 0.1492 0.1372 0.1408 0.1419 0.1386 0.1549 0.1373 
         297  1 0.1516 0.1355 0.1360 0.1381 0.1429 0.1600 0.1358 
         298  1 0.1562 0.1279 0.1337 0.1368 0.1421 0.1710 0.1323 
         299  1 0.1330 0.1445 0.1577 0.1444 0.1402 0.1273 0.1529 
         300  1 0.1346 0.1472 0.1527 0.1432 0.1440 0.1270 0.1514 
