           1  1 0.1454 0.1303 0.1378 0.1536 0.1463 0.1371 0.1496 
           2  1 0.1492 0.1274 0.1397 0.1485 0.1472 0.1348 0.1532 
           3  1 0.1370 0.1426 0.1429 0.1488 0.1446 0.1404 0.1437 
           4  1 0.1332 0.1660 0.1469 0.1309 0.1363 0.1589 0.1278 
           5  1 0.1416 0.1394 0.1435 0.1470 0.1459 0.1411 0.1416 
           6  1 0.1464 0.1368 0.1441 0.1420 0.1435 0.1442 0.1431 
           7  1 0.1463 0.1377 0.1411 0.1422 0.1438 0.1427 0.1463 
           8  1 0.1501 0.1356 0.1439 0.1417 0.1404 0.1389 0.1494 
           9  1 0.1369 0.1609 0.1452 0.1360 0.1366 0.1514 0.1331 
          10  1 0.1344 0.1497 0.1438 0.1462 0.1429 0.1474 0.1356 
          11  1 0.1433 0.1274 0.1374 0.1574 0.1518 0.1338 0.1488 
          12  1 0.1452 0.1577 0.1474 0.1314 0.1339 0.1485 0.1359 
          13  1 0.1297 0.1697 0.1499 0.1320 0.1357 0.1562 0.1269 
          14  1 0.1401 0.1565 0.1464 0.1342 0.1373 0.1543 0.1312 
          15  1 0.1440 0.1420 0.1407 0.1441 0.1439 0.1384 0.1470 
          16  1 0.1471 0.1429 0.1429 0.1442 0.1415 0.1403 0.1411 
          17  1 0.1359 0.1501 0.1424 0.1385 0.1426 0.1491 0.1414 
          18  1 0.1386 0.1395 0.1400 0.1491 0.1503 0.1448 0.1376 
          19  1 0.1451 0.1436 0.1431 0.1430 0.1422 0.1431 0.1399 
          20  1 0.1423 0.1462 0.1414 0.1404 0.1422 0.1453 0.1423 
          21  1 0.1413 0.1326 0.1391 0.1499 0.1480 0.1379 0.1513 
          22  1 0.1394 0.1517 0.1457 0.1400 0.1376 0.1491 0.1365 
          23  1 0.1399 0.1340 0.1411 0.1467 0.1472 0.1442 0.1469 
          24  1 0.1407 0.1440 0.1437 0.1398 0.1453 0.1475 0.1389 
          25  1 0.1444 0.1434 0.1446 0.1401 0.1427 0.1439 0.1409 
          26  1 0.1458 0.1451 0.1431 0.1406 0.1392 0.1427 0.1434 
          27  1 0.1419 0.1477 0.1440 0.1396 0.1403 0.1494 0.1372 
          28  1 0.1435 0.1442 0.1434 0.1370 0.1425 0.1428 0.1466 
          29  1 0.1381 0.1397 0.1381 0.1482 0.1451 0.1428 0.1481 
          30  1 0.1462 0.1462 0.1418 0.1426 0.1406 0.1420 0.1406 
          31  1 0.1680 0.1234 0.1425 0.1411 0.1401 0.1262 0.1586 
          32  1 0.1398 0.1441 0.1420 0.1444 0.1433 0.1466 0.1399 
          33  1 0.1583 0.1419 0.1463 0.1343 0.1373 0.1376 0.1443 
          34  1 0.1450 0.1431 0.1457 0.1392 0.1461 0.1424 0.1385 
          35  1 0.1377 0.1576 0.1459 0.1331 0.1395 0.1538 0.1324 
          36  1 0.1460 0.1333 0.1397 0.1503 0.1460 0.1361 0.1486 
          37  1 0.1723 0.1207 0.1387 0.1412 0.1407 0.1238 0.1626 
          38  1 0.1440 0.1443 0.1445 0.1391 0.1422 0.1444 0.1414 
          39  1 0.1459 0.1463 0.1436 0.1391 0.1398 0.1411 0.1444 
          40  1 0.1390 0.1369 0.1408 0.1489 0.1460 0.1435 0.1448 
          41  1 0.1442 0.1405 0.1430 0.1399 0.1456 0.1421 0.1447 
          42  1 0.1382 0.1583 0.1452 0.1386 0.1390 0.1510 0.1296 
          43  1 0.1361 0.1515 0.1451 0.1403 0.1419 0.1496 0.1354 
          44  1 0.1399 0.1366 0.1404 0.1510 0.1461 0.1400 0.1460 
          45  1 0.1409 0.1380 0.1406 0.1517 0.1489 0.1426 0.1371 
          46  1 0.1421 0.1484 0.1417 0.1397 0.1390 0.1462 0.1430 
          47  1 0.1442 0.1288 0.1386 0.1474 0.1440 0.1350 0.1619 
          48  1 0.1523 0.1350 0.1430 0.1419 0.1432 0.1338 0.1507 
          49  1 0.1374 0.1538 0.1451 0.1378 0.1400 0.1497 0.1363 
          50  1 0.1408 0.1295 0.1377 0.1592 0.1496 0.1364 0.1469 
          51  1 0.1360 0.1702 0.1485 0.1287 0.1303 0.1543 0.1319 
          52  1 0.1356 0.1455 0.1413 0.1491 0.1438 0.1430 0.1417 
          53  1 0.1398 0.1436 0.1402 0.1432 0.1442 0.1501 0.1389 
          54  1 0.1394 0.1340 0.1403 0.1459 0.1479 0.1397 0.1528 
          55  1 0.1467 0.1437 0.1409 0.1380 0.1443 0.1442 0.1423 
          56  1 0.1474 0.1392 0.1437 0.1430 0.1416 0.1439 0.1412 
          57  1 0.1411 0.1318 0.1393 0.1485 0.1452 0.1396 0.1545 
          58  1 0.1454 0.1406 0.1419 0.1437 0.1424 0.1477 0.1382 
          59  1 0.1446 0.1352 0.1402 0.1472 0.1457 0.1380 0.1491 
          60  1 0.1437 0.1322 0.1386 0.1558 0.1508 0.1374 0.1414 
          61  1 0.1378 0.1488 0.1442 0.1373 0.1421 0.1474 0.1423 
          62  1 0.1494 0.1445 0.1434 0.1405 0.1407 0.1413 0.1401 
          63  1 0.1500 0.1426 0.1481 0.1369 0.1391 0.1388 0.1445 
          64  1 0.1388 0.1246 0.1380 0.1649 0.1550 0.1356 0.1430 
          65  1 0.1401 0.1415 0.1416 0.1464 0.1436 0.1421 0.1447 
          66  1 0.1474 0.1432 0.1430 0.1389 0.1441 0.1398 0.1435 
          67  1 0.1379 0.1495 0.1433 0.1399 0.1431 0.1473 0.1390 
          68  1 0.1376 0.1389 0.1435 0.1458 0.1446 0.1402 0.1493 
          69  1 0.1492 0.1438 0.1440 0.1358 0.1405 0.1390 0.1478 
          70  1 0.1427 0.1377 0.1422 0.1456 0.1465 0.1394 0.1459 
          71  1 0.1434 0.1334 0.1414 0.1467 0.1476 0.1373 0.1502 
          72  1 0.1411 0.1482 0.1445 0.1410 0.1399 0.1432 0.1421 
          73  1 0.1403 0.1324 0.1407 0.1469 0.1480 0.1390 0.1527 
          74  1 0.1474 0.1387 0.1442 0.1427 0.1421 0.1375 0.1473 
          75  1 0.1380 0.1426 0.1442 0.1482 0.1461 0.1454 0.1356 
          76  1 0.1433 0.1298 0.1393 0.1515 0.1492 0.1401 0.1468 
          77  1 0.1544 0.1383 0.1421 0.1400 0.1434 0.1381 0.1438 
          78  1 0.1461 0.1294 0.1366 0.1517 0.1482 0.1364 0.1517 
          79  1 0.1377 0.1462 0.1419 0.1461 0.1432 0.1429 0.1420 
          80  1 0.1358 0.1693 0.1496 0.1306 0.1351 0.1527 0.1269 
          81  1 0.1408 0.1361 0.1396 0.1514 0.1468 0.1421 0.1431 
          82  1 0.1516 0.1273 0.1397 0.1478 0.1458 0.1331 0.1548 
          83  1 0.1430 0.1357 0.1439 0.1484 0.1447 0.1412 0.1431 
          84  1 0.1381 0.1481 0.1416 0.1418 0.1432 0.1501 0.1372 
          85  1 0.1460 0.1302 0.1423 0.1450 0.1434 0.1375 0.1555 
          86  1 0.1429 0.1398 0.1402 0.1492 0.1445 0.1400 0.1434 
          87  1 0.1361 0.1381 0.1401 0.1537 0.1461 0.1412 0.1448 
          88  1 0.1426 0.1485 0.1413 0.1390 0.1397 0.1466 0.1422 
          89  1 0.1440 0.1487 0.1449 0.1397 0.1413 0.1436 0.1378 
          90  1 0.1428 0.1485 0.1443 0.1378 0.1419 0.1449 0.1398 
          91  1 0.1382 0.1346 0.1394 0.1537 0.1487 0.1388 0.1466 
          92  1 0.1437 0.1409 0.1430 0.1428 0.1437 0.1399 0.1462 
          93  1 0.1436 0.1413 0.1426 0.1450 0.1444 0.1416 0.1416 
          94  1 0.1486 0.1299 0.1433 0.1497 0.1473 0.1361 0.1451 
          95  1 0.1474 0.1343 0.1417 0.1434 0.1433 0.1384 0.1515 
          96  1 0.1361 0.1546 0.1461 0.1380 0.1404 0.1488 0.1359 
          97  1 0.1331 0.1481 0.1429 0.1451 0.1423 0.1482 0.1404 
          98  1 0.1370 0.1495 0.1444 0.1377 0.1406 0.1474 0.1434 
          99  1 0.1425 0.1451 0.1447 0.1410 0.1413 0.1469 0.1384 
         100  1 0.1375 0.1395 0.1388 0.1500 0.1456 0.1424 0.1461 
         101  1 0.1443 0.1383 0.1404 0.1435 0.1456 0.1436 0.1444 
         102  1 0.1559 0.1314 0.1424 0.1423 0.1410 0.1363 0.1507 
         103  1 0.1410 0.1589 0.1468 0.1316 0.1321 0.1487 0.1410 
         104  1 0.1415 0.1405 0.1415 0.1421 0.1442 0.1411 0.1492 
         105  1 0.1476 0.1269 0.1374 0.1524 0.1498 0.1317 0.1542 
         106  1 0.1422 0.1447 0.1437 0.1373 0.1421 0.1464 0.1438 
         107  1 0.1330 0.1531 0.1462 0.1386 0.1440 0.1457 0.1394 
         108  1 0.1445 0.1421 0.1446 0.1413 0.1396 0.1420 0.1460 
         109  1 0.1376 0.1556 0.1432 0.1395 0.1388 0.1487 0.1367 
         110  1 0.1411 0.1380 0.1433 0.1491 0.1441 0.1417 0.1428 
         111  1 0.1373 0.1449 0.1418 0.1438 0.1407 0.1421 0.1494 
         112  1 0.1386 0.1457 0.1438 0.1401 0.1405 0.1479 0.1434 
         113  1 0.1279 0.1759 0.1470 0.1297 0.1324 0.1527 0.1344 
         114  1 0.1402 0.1468 0.1442 0.1406 0.1398 0.1425 0.1460 
         115  1 0.1342 0.1561 0.1434 0.1421 0.1401 0.1488 0.1352 
         116  1 0.1360 0.1462 0.1438 0.1395 0.1443 0.1465 0.1438 
         117  1 0.1534 0.1356 0.1415 0.1405 0.1445 0.1356 0.1489 
         118  1 0.1387 0.1332 0.1393 0.1519 0.1466 0.1371 0.1533 
         119  1 0.1412 0.1326 0.1399 0.1503 0.1508 0.1428 0.1423 
         120  1 0.1382 0.1442 0.1422 0.1442 0.1448 0.1489 0.1374 
         121  1 0.1409 0.1538 0.1476 0.1357 0.1355 0.1500 0.1365 
         122  1 0.1510 0.1402 0.1427 0.1379 0.1387 0.1418 0.1477 
         123  1 0.1433 0.1362 0.1422 0.1517 0.1480 0.1393 0.1393 
         124  1 0.1500 0.1460 0.1459 0.1367 0.1391 0.1410 0.1412 
         125  1 0.1431 0.1321 0.1394 0.1472 0.1478 0.1385 0.1520 
         126  1 0.1429 0.1396 0.1442 0.1448 0.1430 0.1441 0.1414 
         127  1 0.1418 0.1434 0.1422 0.1442 0.1410 0.1412 0.1461 
         128  1 0.1417 0.1561 0.1450 0.1323 0.1385 0.1517 0.1348 
         129  1 0.1441 0.1521 0.1441 0.1339 0.1378 0.1452 0.1427 
         130  1 0.1463 0.1413 0.1432 0.1434 0.1444 0.1419 0.1396 
         131  1 0.1455 0.1318 0.1388 0.1475 0.1483 0.1384 0.1497 
         132  1 0.1473 0.1364 0.1412 0.1447 0.1447 0.1380 0.1478 
         133  1 0.1471 0.1312 0.1415 0.1503 0.1479 0.1370 0.1451 
         134  1 0.1490 0.1379 0.1435 0.1416 0.1423 0.1390 0.1467 
         135  1 0.1396 0.1449 0.1416 0.1392 0.1428 0.1418 0.1500 
         136  1 0.1463 0.1409 0.1436 0.1383 0.1442 0.1428 0.1439 
         137  1 0.1440 0.1424 0.1435 0.1480 0.1425 0.1396 0.1399 
         138  1 0.1359 0.1591 0.1462 0.1346 0.1377 0.1506 0.1359 
         139  1 0.1446 0.1365 0.1433 0.1412 0.1441 0.1392 0.1512 
         140  1 0.1448 0.1327 0.1404 0.1480 0.1449 0.1389 0.1504 
         141  1 0.1396 0.1422 0.1443 0.1455 0.1477 0.1452 0.1354 
         142  1 0.1495 0.1337 0.1422 0.1441 0.1468 0.1371 0.1466 
         143  1 0.1377 0.1538 0.1472 0.1380 0.1400 0.1526 0.1306 
         144  1 0.1515 0.1338 0.1402 0.1451 0.1414 0.1340 0.1541 
         145  1 0.1417 0.1534 0.1427 0.1383 0.1390 0.1479 0.1370 
         146  1 0.1425 0.1385 0.1420 0.1426 0.1487 0.1463 0.1396 
         147  1 0.1411 0.1431 0.1416 0.1416 0.1432 0.1439 0.1454 
         148  1 0.1348 0.1580 0.1429 0.1346 0.1376 0.1498 0.1423 
         149  1 0.1479 0.1420 0.1428 0.1388 0.1434 0.1447 0.1403 
         150  1 0.1448 0.1411 0.1419 0.1436 0.1420 0.1422 0.1444 
         151  1 0.1442 0.1402 0.1407 0.1496 0.1421 0.1426 0.1407 
         152  1 0.1402 0.1361 0.1404 0.1500 0.1478 0.1401 0.1454 
         153  1 0.1395 0.1366 0.1431 0.1451 0.1467 0.1416 0.1475 
         154  1 0.1364 0.1471 0.1441 0.1426 0.1411 0.1447 0.1439 
         155  1 0.1463 0.1484 0.1424 0.1388 0.1396 0.1441 0.1403 
         156  1 0.1615 0.1265 0.1402 0.1456 0.1447 0.1287 0.1528 
         157  1 0.1488 0.1295 0.1393 0.1521 0.1477 0.1362 0.1465 
         158  1 0.1379 0.1397 0.1412 0.1500 0.1472 0.1409 0.1431 
         159  1 0.1457 0.1390 0.1458 0.1413 0.1470 0.1405 0.1407 
         160  1 0.1560 0.1374 0.1434 0.1388 0.1415 0.1388 0.1442 
         161  1 0.1364 0.1515 0.1437 0.1426 0.1415 0.1521 0.1322 
         162  1 0.1038 0.2697 0.1539 0.0946 0.1024 0.1799 0.0957 
         163  1 0.1560 0.1239 0.1380 0.1477 0.1469 0.1287 0.1588 
         164  1 0.1362 0.1407 0.1380 0.1480 0.1456 0.1452 0.1464 
         165  1 0.1432 0.1329 0.1400 0.1494 0.1446 0.1359 0.1540 
         166  1 0.1483 0.1388 0.1411 0.1455 0.1409 0.1401 0.1453 
         167  1 0.1315 0.1688 0.1493 0.1316 0.1339 0.1549 0.1301 
         168  1 0.1418 0.1458 0.1413 0.1409 0.1423 0.1476 0.1403 
         169  1 0.1501 0.1333 0.1420 0.1481 0.1439 0.1391 0.1436 
         170  1 0.1421 0.1514 0.1465 0.1374 0.1376 0.1507 0.1343 
         171  1 0.1702 0.1313 0.1450 0.1373 0.1395 0.1294 0.1473 
         172  1 0.1452 0.1421 0.1428 0.1432 0.1409 0.1424 0.1434 
         173  1 0.1511 0.1358 0.1447 0.1390 0.1441 0.1388 0.1465 
         174  1 0.1398 0.1519 0.1470 0.1358 0.1413 0.1516 0.1326 
         175  1 0.1416 0.1543 0.1464 0.1355 0.1371 0.1494 0.1357 
         176  1 0.1411 0.1320 0.1409 0.1574 0.1492 0.1371 0.1422 
         177  1 0.1473 0.1285 0.1378 0.1519 0.1469 0.1332 0.1544 
         178  1 0.1548 0.1282 0.1414 0.1416 0.1463 0.1322 0.1554 
         179  1 0.1385 0.1447 0.1447 0.1400 0.1449 0.1455 0.1417 
         180  1 0.1364 0.1469 0.1430 0.1433 0.1444 0.1461 0.1399 
         181  1 0.1450 0.1338 0.1406 0.1479 0.1497 0.1413 0.1418 
         182  1 0.1416 0.1479 0.1448 0.1387 0.1396 0.1479 0.1395 
         183  1 0.1406 0.1389 0.1401 0.1490 0.1458 0.1434 0.1421 
         184  1 0.1519 0.1394 0.1415 0.1397 0.1395 0.1385 0.1495 
         185  1 0.1521 0.1372 0.1429 0.1443 0.1405 0.1380 0.1450 
         186  1 0.1451 0.1382 0.1440 0.1429 0.1399 0.1395 0.1504 
         187  1 0.1467 0.1336 0.1429 0.1489 0.1463 0.1381 0.1434 
         188  1 0.1616 0.1303 0.1414 0.1383 0.1409 0.1299 0.1576 
         189  1 0.1454 0.1413 0.1424 0.1445 0.1415 0.1427 0.1423 
         190  1 0.1369 0.1444 0.1407 0.1428 0.1440 0.1499 0.1414 
         191  1 0.1466 0.1427 0.1422 0.1413 0.1385 0.1439 0.1448 
         192  1 0.1396 0.1451 0.1421 0.1452 0.1408 0.1439 0.1433 
         193  1 0.1417 0.1403 0.1433 0.1532 0.1471 0.1402 0.1342 
         194  1 0.1348 0.1510 0.1469 0.1412 0.1431 0.1472 0.1358 
         195  1 0.1417 0.1419 0.1423 0.1410 0.1466 0.1538 0.1327 
         196  1 0.1398 0.1607 0.1469 0.1326 0.1338 0.1523 0.1339 
         197  1 0.1399 0.1386 0.1390 0.1498 0.1442 0.1440 0.1444 
         198  1 0.1356 0.1433 0.1420 0.1492 0.1460 0.1448 0.1390 
         199  1 0.1389 0.1357 0.1391 0.1510 0.1493 0.1428 0.1432 
         200  1 0.1439 0.1319 0.1439 0.1490 0.1479 0.1400 0.1433 
         201  1 0.1385 0.1574 0.1435 0.1373 0.1372 0.1479 0.1382 
         202  1 0.1468 0.1359 0.1425 0.1463 0.1429 0.1379 0.1478 
         203  1 0.1456 0.1393 0.1435 0.1409 0.1453 0.1451 0.1404 
         204  1 0.1386 0.1407 0.1397 0.1494 0.1450 0.1439 0.1427 
         205  1 0.1371 0.1462 0.1424 0.1484 0.1443 0.1462 0.1353 
         206  1 0.1444 0.1396 0.1443 0.1411 0.1449 0.1422 0.1434 
         207  1 0.1417 0.1404 0.1396 0.1492 0.1443 0.1426 0.1422 
         208  1 0.1417 0.1380 0.1412 0.1465 0.1437 0.1412 0.1478 
         209  1 0.1390 0.1528 0.1456 0.1344 0.1378 0.1454 0.1451 
         210  1 0.1431 0.1371 0.1417 0.1486 0.1460 0.1389 0.1444 
         211  1 0.1503 0.1337 0.1446 0.1422 0.1454 0.1352 0.1487 
         212  1 0.1357 0.1547 0.1463 0.1347 0.1385 0.1538 0.1364 
         213  1 0.1414 0.1385 0.1393 0.1527 0.1450 0.1397 0.1434 
         214  1 0.1495 0.1407 0.1443 0.1378 0.1381 0.1386 0.1509 
         215  1 0.1559 0.1394 0.1443 0.1395 0.1402 0.1379 0.1427 
         216  1 0.1355 0.1621 0.1478 0.1313 0.1386 0.1526 0.1321 
         217  1 0.1461 0.1298 0.1407 0.1519 0.1466 0.1370 0.1480 
         218  1 0.1503 0.1364 0.1417 0.1423 0.1427 0.1390 0.1476 
         219  1 0.1271 0.1780 0.1467 0.1270 0.1326 0.1534 0.1353 
         220  1 0.1442 0.1438 0.1451 0.1394 0.1462 0.1472 0.1341 
         221  1 0.1474 0.1461 0.1455 0.1366 0.1409 0.1423 0.1412 
         222  1 0.1380 0.1420 0.1422 0.1497 0.1470 0.1420 0.1391 
         223  1 0.1408 0.1326 0.1389 0.1453 0.1515 0.1398 0.1511 
         224  1 0.1427 0.1392 0.1423 0.1449 0.1435 0.1425 0.1449 
         225  1 0.1381 0.1489 0.1452 0.1392 0.1401 0.1479 0.1406 
         226  1 0.1326 0.1668 0.1454 0.1351 0.1383 0.1540 0.1277 
         227  1 0.1405 0.1433 0.1428 0.1436 0.1432 0.1434 0.1432 
         228  1 0.1442 0.1354 0.1418 0.1546 0.1489 0.1386 0.1364 
         229  1 0.1399 0.1329 0.1382 0.1520 0.1470 0.1384 0.1516 
         230  1 0.1439 0.1478 0.1476 0.1384 0.1399 0.1441 0.1383 
         231  1 0.1391 0.1523 0.1456 0.1376 0.1381 0.1465 0.1410 
         232  1 0.1510 0.1320 0.1418 0.1419 0.1489 0.1365 0.1479 
         233  1 0.1377 0.1468 0.1407 0.1433 0.1463 0.1503 0.1349 
         234  1 0.1425 0.1331 0.1412 0.1483 0.1446 0.1370 0.1533 
         235  1 0.1388 0.1298 0.1364 0.1616 0.1491 0.1375 0.1468 
         236  1 0.1321 0.1599 0.1472 0.1378 0.1421 0.1537 0.1272 
         237  1 0.1412 0.1281 0.1376 0.1575 0.1502 0.1371 0.1482 
         238  1 0.1445 0.1328 0.1394 0.1471 0.1467 0.1351 0.1544 
         239  1 0.1415 0.1302 0.1382 0.1570 0.1497 0.1355 0.1479 
         240  1 0.1339 0.1625 0.1472 0.1331 0.1357 0.1523 0.1353 
         241  1 0.1398 0.1536 0.1438 0.1390 0.1393 0.1474 0.1372 
         242  1 0.1389 0.1287 0.1366 0.1585 0.1511 0.1381 0.1481 
         243  1 0.1391 0.1293 0.1388 0.1612 0.1519 0.1381 0.1416 
         244  1 0.1460 0.1409 0.1437 0.1416 0.1456 0.1423 0.1398 
         245  1 0.1508 0.1421 0.1416 0.1417 0.1420 0.1401 0.1417 
         246  1 0.1417 0.1501 0.1457 0.1391 0.1421 0.1453 0.1361 
         247  1 0.1394 0.1572 0.1465 0.1385 0.1370 0.1442 0.1372 
         248  1 0.1408 0.1402 0.1416 0.1514 0.1447 0.1413 0.1399 
         249  1 0.1396 0.1497 0.1444 0.1388 0.1395 0.1452 0.1428 
         250  1 0.1429 0.1532 0.1446 0.1359 0.1367 0.1451 0.1417 
         251  1 0.1467 0.1483 0.1449 0.1395 0.1397 0.1441 0.1369 
         252  1 0.1430 0.1427 0.1440 0.1410 0.1442 0.1417 0.1434 
         253  1 0.1471 0.1355 0.1397 0.1433 0.1425 0.1387 0.1531 
         254  1 0.1484 0.1380 0.1427 0.1408 0.1441 0.1415 0.1444 
         255  1 0.1553 0.1472 0.1455 0.1337 0.1356 0.1432 0.1395 
         256  1 0.1382 0.1562 0.1467 0.1348 0.1389 0.1481 0.1371 
         257  1 0.1567 0.1365 0.1412 0.1378 0.1412 0.1370 0.1496 
         258  1 0.1456 0.1540 0.1469 0.1322 0.1371 0.1455 0.1386 
         259  1 0.1436 0.1392 0.1419 0.1449 0.1465 0.1411 0.1429 
         260  1 0.1361 0.1485 0.1436 0.1477 0.1416 0.1455 0.1371 
         261  1 0.1369 0.1412 0.1392 0.1521 0.1489 0.1437 0.1381 
         262  1 0.1735 0.1345 0.1449 0.1327 0.1361 0.1288 0.1497 
         263  1 0.1475 0.1358 0.1417 0.1490 0.1452 0.1376 0.1432 
         264  1 0.1371 0.1362 0.1390 0.1518 0.1465 0.1368 0.1527 
         265  1 0.1403 0.1427 0.1400 0.1480 0.1452 0.1474 0.1364 
         266  1 0.1407 0.1453 0.1433 0.1446 0.1432 0.1447 0.1382 
         267  1 0.1381 0.1410 0.1413 0.1461 0.1441 0.1426 0.1467 
         268  1 0.1441 0.1548 0.1477 0.1360 0.1360 0.1479 0.1335 
         269  1 0.1363 0.1622 0.1475 0.1345 0.1369 0.1519 0.1307 
         270  1 0.1362 0.1456 0.1426 0.1448 0.1420 0.1436 0.1453 
         271  1 0.1417 0.1469 0.1436 0.1398 0.1416 0.1457 0.1406 
         272  1 0.1314 0.1661 0.1482 0.1332 0.1351 0.1562 0.1299 
         273  1 0.1622 0.1241 0.1421 0.1445 0.1428 0.1279 0.1566 
         274  1 0.1403 0.1262 0.1354 0.1609 0.1494 0.1372 0.1507 
         275  1 0.1509 0.1316 0.1385 0.1481 0.1485 0.1358 0.1466 
         276  1 0.1476 0.1301 0.1383 0.1516 0.1440 0.1368 0.1516 
         277  1 0.1456 0.1295 0.1412 0.1465 0.1439 0.1354 0.1579 
         278  1 0.1447 0.1271 0.1385 0.1510 0.1475 0.1385 0.1527 
         279  1 0.1446 0.1370 0.1406 0.1500 0.1458 0.1381 0.1439 
         280  1 0.1472 0.1535 0.1499 0.1347 0.1376 0.1434 0.1337 
         281  1 0.1404 0.1350 0.1424 0.1496 0.1475 0.1387 0.1466 
         282  1 0.1411 0.1464 0.1473 0.1399 0.1391 0.1434 0.1429 
         283  1 0.1491 0.1311 0.1406 0.1469 0.1458 0.1359 0.1505 
         284  1 0.1505 0.1427 0.1452 0.1337 0.1415 0.1415 0.1447 
         285  1 0.1337 0.1699 0.1521 0.1292 0.1333 0.1554 0.1264 
         286  1 0.1388 0.1398 0.1379 0.1516 0.1462 0.1418 0.1438 
         287  1 0.1353 0.1527 0.1423 0.1436 0.1427 0.1502 0.1332 
         288  1 0.1338 0.1517 0.1415 0.1442 0.1439 0.1519 0.1329 
         289  1 0.1441 0.1449 0.1454 0.1378 0.1405 0.1428 0.1445 
         290  1 0.1486 0.1315 0.1404 0.1418 0.1459 0.1381 0.1537 
         291  1 0.1491 0.1293 0.1422 0.1453 0.1426 0.1370 0.1544 
         292  1 0.1427 0.1364 0.1424 0.1501 0.1437 0.1399 0.1449 
         293  1 0.1376 0.1577 0.1444 0.1392 0.1366 0.1527 0.1317 
         294  1 0.1476 0.1303 0.1417 0.1468 0.1470 0.1348 0.1519 
         295  1 0.1439 0.1442 0.1425 0.1384 0.1428 0.1454 0.1428 
         296  1 0.1405 0.1533 0.1453 0.1353 0.1376 0.1497 0.1382 
         297  1 0.1382 0.1591 0.1477 0.1331 0.1367 0.1506 0.1345 
         298  1 0.1343 0.1678 0.1476 0.1312 0.1329 0.1540 0.1322 
         299  1 0.1533 0.1286 0.1408 0.1440 0.1436 0.1312 0.1585 
         300  1 0.1541 0.1300 0.1400 0.1445 0.1482 0.1331 0.1501 
