           1  1 0.1683 0.1763 0.1665 0.1708 0.1528 0.1654 
           2  1 0.1835 0.1683 0.1634 0.1780 0.1470 0.1598 
           3  1 0.1666 0.1687 0.1670 0.1676 0.1649 0.1652 
           4  1 0.1574 0.1559 0.1594 0.1612 0.1904 0.1756 
           5  1 0.1702 0.1703 0.1680 0.1626 0.1627 0.1662 
           6  1 0.1664 0.1684 0.1647 0.1712 0.1616 0.1678 
           7  1 0.1746 0.1649 0.1649 0.1685 0.1593 0.1677 
           8  1 0.1774 0.1637 0.1655 0.1734 0.1573 0.1627 
           9  1 0.1566 0.1616 0.1678 0.1559 0.1870 0.1710 
          10  1 0.1649 0.1656 0.1664 0.1575 0.1733 0.1722 
          11  1 0.1720 0.1776 0.1678 0.1695 0.1483 0.1648 
          12  1 0.1618 0.1563 0.1702 0.1590 0.1860 0.1667 
          13  1 0.1536 0.1585 0.1666 0.1510 0.2002 0.1701 
          14  1 0.1570 0.1606 0.1702 0.1569 0.1851 0.1703 
          15  1 0.1684 0.1717 0.1675 0.1656 0.1660 0.1608 
          16  1 0.1690 0.1624 0.1679 0.1680 0.1662 0.1664 
          17  1 0.1590 0.1665 0.1658 0.1618 0.1756 0.1712 
          18  1 0.1655 0.1671 0.1638 0.1680 0.1634 0.1722 
          19  1 0.1642 0.1660 0.1679 0.1646 0.1684 0.1689 
          20  1 0.1613 0.1659 0.1669 0.1638 0.1729 0.1693 
          21  1 0.1727 0.1711 0.1671 0.1712 0.1543 0.1637 
          22  1 0.1619 0.1639 0.1673 0.1616 0.1777 0.1676 
          23  1 0.1723 0.1656 0.1606 0.1785 0.1542 0.1688 
          24  1 0.1669 0.1663 0.1619 0.1669 0.1679 0.1701 
          25  1 0.1664 0.1655 0.1677 0.1658 0.1685 0.1659 
          26  1 0.1659 0.1673 0.1684 0.1657 0.1670 0.1656 
          27  1 0.1671 0.1631 0.1641 0.1642 0.1709 0.1707 
          28  1 0.1717 0.1632 0.1670 0.1678 0.1665 0.1638 
          29  1 0.1640 0.1751 0.1648 0.1637 0.1656 0.1668 
          30  1 0.1656 0.1638 0.1674 0.1669 0.1719 0.1644 
          31  1 0.1798 0.1636 0.1738 0.1806 0.1463 0.1560 
          32  1 0.1639 0.1701 0.1663 0.1619 0.1689 0.1688 
          33  1 0.1653 0.1635 0.1784 0.1652 0.1657 0.1619 
          34  1 0.1682 0.1638 0.1668 0.1690 0.1662 0.1660 
          35  1 0.1598 0.1579 0.1646 0.1630 0.1829 0.1718 
          36  1 0.1706 0.1714 0.1693 0.1702 0.1551 0.1633 
          37  1 0.1798 0.1624 0.1720 0.1861 0.1463 0.1534 
          38  1 0.1713 0.1615 0.1657 0.1693 0.1665 0.1657 
          39  1 0.1658 0.1649 0.1685 0.1651 0.1703 0.1654 
          40  1 0.1628 0.1719 0.1670 0.1719 0.1588 0.1677 
          41  1 0.1676 0.1702 0.1650 0.1670 0.1621 0.1680 
          42  1 0.1569 0.1619 0.1676 0.1579 0.1852 0.1705 
          43  1 0.1630 0.1638 0.1672 0.1619 0.1770 0.1671 
          44  1 0.1727 0.1694 0.1662 0.1667 0.1583 0.1667 
          45  1 0.1693 0.1713 0.1668 0.1666 0.1588 0.1671 
          46  1 0.1672 0.1647 0.1663 0.1625 0.1719 0.1673 
          47  1 0.1708 0.1763 0.1622 0.1760 0.1509 0.1639 
          48  1 0.1685 0.1665 0.1707 0.1694 0.1629 0.1621 
          49  1 0.1639 0.1615 0.1694 0.1586 0.1778 0.1688 
          50  1 0.1740 0.1778 0.1633 0.1672 0.1506 0.1671 
          51  1 0.1551 0.1552 0.1677 0.1537 0.2001 0.1681 
          52  1 0.1682 0.1677 0.1660 0.1660 0.1683 0.1637 
          53  1 0.1664 0.1651 0.1591 0.1736 0.1617 0.1741 
          54  1 0.1701 0.1673 0.1632 0.1749 0.1571 0.1674 
          55  1 0.1695 0.1634 0.1647 0.1700 0.1664 0.1660 
          56  1 0.1693 0.1619 0.1648 0.1730 0.1621 0.1689 
          57  1 0.1666 0.1760 0.1634 0.1745 0.1543 0.1652 
          58  1 0.1666 0.1665 0.1619 0.1709 0.1627 0.1714 
          59  1 0.1712 0.1718 0.1660 0.1677 0.1585 0.1649 
          60  1 0.1728 0.1713 0.1663 0.1687 0.1553 0.1656 
          61  1 0.1619 0.1662 0.1677 0.1647 0.1711 0.1683 
          62  1 0.1662 0.1649 0.1682 0.1651 0.1693 0.1663 
          63  1 0.1701 0.1628 0.1678 0.1695 0.1664 0.1634 
          64  1 0.1793 0.1776 0.1645 0.1687 0.1448 0.1651 
          65  1 0.1679 0.1685 0.1657 0.1665 0.1674 0.1640 
          66  1 0.1721 0.1624 0.1694 0.1671 0.1649 0.1642 
          67  1 0.1660 0.1661 0.1675 0.1573 0.1741 0.1689 
          68  1 0.1673 0.1702 0.1642 0.1688 0.1624 0.1671 
          69  1 0.1696 0.1592 0.1688 0.1696 0.1688 0.1639 
          70  1 0.1673 0.1713 0.1651 0.1704 0.1604 0.1655 
          71  1 0.1695 0.1702 0.1694 0.1708 0.1575 0.1626 
          72  1 0.1640 0.1629 0.1703 0.1644 0.1729 0.1656 
          73  1 0.1672 0.1740 0.1642 0.1710 0.1567 0.1670 
          74  1 0.1712 0.1657 0.1712 0.1709 0.1630 0.1581 
          75  1 0.1635 0.1680 0.1649 0.1656 0.1648 0.1733 
          76  1 0.1683 0.1713 0.1647 0.1736 0.1535 0.1686 
          77  1 0.1741 0.1597 0.1683 0.1746 0.1609 0.1624 
          78  1 0.1763 0.1722 0.1641 0.1735 0.1513 0.1625 
          79  1 0.1646 0.1697 0.1656 0.1621 0.1677 0.1703 
          80  1 0.1556 0.1553 0.1674 0.1530 0.2004 0.1682 
          81  1 0.1685 0.1698 0.1666 0.1681 0.1577 0.1692 
          82  1 0.1756 0.1710 0.1695 0.1745 0.1504 0.1590 
          83  1 0.1692 0.1742 0.1653 0.1676 0.1577 0.1660 
          84  1 0.1637 0.1673 0.1655 0.1628 0.1687 0.1720 
          85  1 0.1766 0.1670 0.1645 0.1780 0.1525 0.1614 
          86  1 0.1653 0.1727 0.1690 0.1640 0.1621 0.1669 
          87  1 0.1649 0.1742 0.1671 0.1636 0.1626 0.1676 
          88  1 0.1603 0.1693 0.1658 0.1626 0.1715 0.1706 
          89  1 0.1570 0.1686 0.1694 0.1625 0.1748 0.1676 
          90  1 0.1653 0.1650 0.1669 0.1640 0.1717 0.1670 
          91  1 0.1703 0.1701 0.1669 0.1726 0.1549 0.1652 
          92  1 0.1673 0.1647 0.1670 0.1736 0.1636 0.1638 
          93  1 0.1653 0.1712 0.1711 0.1634 0.1649 0.1641 
          94  1 0.1670 0.1740 0.1713 0.1683 0.1554 0.1640 
          95  1 0.1713 0.1673 0.1648 0.1757 0.1581 0.1629 
          96  1 0.1651 0.1599 0.1653 0.1626 0.1793 0.1678 
          97  1 0.1625 0.1670 0.1658 0.1609 0.1732 0.1705 
          98  1 0.1615 0.1652 0.1651 0.1627 0.1745 0.1710 
          99  1 0.1645 0.1660 0.1666 0.1656 0.1697 0.1676 
         100  1 0.1664 0.1727 0.1640 0.1645 0.1617 0.1706 
         101  1 0.1663 0.1688 0.1646 0.1720 0.1599 0.1684 
         102  1 0.1719 0.1667 0.1685 0.1731 0.1565 0.1635 
         103  1 0.1620 0.1607 0.1623 0.1597 0.1907 0.1646 
         104  1 0.1721 0.1684 0.1646 0.1701 0.1609 0.1638 
         105  1 0.1772 0.1735 0.1657 0.1744 0.1472 0.1619 
         106  1 0.1654 0.1631 0.1625 0.1718 0.1691 0.1682 
         107  1 0.1608 0.1668 0.1637 0.1601 0.1821 0.1666 
         108  1 0.1715 0.1640 0.1654 0.1679 0.1637 0.1674 
         109  1 0.1619 0.1627 0.1671 0.1567 0.1828 0.1688 
         110  1 0.1662 0.1721 0.1662 0.1639 0.1652 0.1665 
         111  1 0.1651 0.1691 0.1653 0.1684 0.1700 0.1622 
         112  1 0.1626 0.1661 0.1663 0.1673 0.1703 0.1674 
         113  1 0.1566 0.1557 0.1627 0.1539 0.2071 0.1640 
         114  1 0.1704 0.1615 0.1649 0.1712 0.1696 0.1624 
         115  1 0.1611 0.1649 0.1641 0.1597 0.1809 0.1692 
         116  1 0.1630 0.1668 0.1634 0.1688 0.1677 0.1704 
         117  1 0.1710 0.1639 0.1688 0.1751 0.1602 0.1610 
         118  1 0.1707 0.1759 0.1658 0.1687 0.1567 0.1622 
         119  1 0.1702 0.1697 0.1630 0.1764 0.1535 0.1672 
         120  1 0.1622 0.1643 0.1635 0.1699 0.1662 0.1738 
         121  1 0.1615 0.1617 0.1676 0.1623 0.1787 0.1681 
         122  1 0.1706 0.1616 0.1653 0.1734 0.1626 0.1666 
         123  1 0.1651 0.1700 0.1662 0.1687 0.1601 0.1699 
         124  1 0.1682 0.1638 0.1703 0.1663 0.1726 0.1589 
         125  1 0.1693 0.1688 0.1624 0.1779 0.1542 0.1674 
         126  1 0.1672 0.1669 0.1669 0.1700 0.1627 0.1662 
         127  1 0.1683 0.1715 0.1658 0.1637 0.1652 0.1655 
         128  1 0.1607 0.1591 0.1633 0.1622 0.1825 0.1723 
         129  1 0.1640 0.1584 0.1661 0.1656 0.1789 0.1670 
         130  1 0.1626 0.1690 0.1695 0.1673 0.1642 0.1674 
         131  1 0.1752 0.1662 0.1672 0.1765 0.1515 0.1634 
         132  1 0.1700 0.1692 0.1690 0.1684 0.1598 0.1636 
         133  1 0.1724 0.1712 0.1701 0.1696 0.1542 0.1625 
         134  1 0.1691 0.1661 0.1714 0.1702 0.1609 0.1623 
         135  1 0.1654 0.1648 0.1607 0.1746 0.1698 0.1647 
         136  1 0.1662 0.1638 0.1661 0.1723 0.1631 0.1685 
         137  1 0.1676 0.1660 0.1701 0.1641 0.1643 0.1679 
         138  1 0.1630 0.1585 0.1653 0.1592 0.1843 0.1697 
         139  1 0.1693 0.1658 0.1663 0.1751 0.1590 0.1644 
         140  1 0.1710 0.1737 0.1636 0.1705 0.1562 0.1650 
         141  1 0.1691 0.1652 0.1666 0.1657 0.1662 0.1673 
         142  1 0.1729 0.1645 0.1652 0.1779 0.1556 0.1640 
         143  1 0.1616 0.1613 0.1660 0.1595 0.1800 0.1717 
         144  1 0.1734 0.1695 0.1662 0.1706 0.1590 0.1613 
         145  1 0.1657 0.1600 0.1651 0.1636 0.1796 0.1660 
         146  1 0.1684 0.1638 0.1603 0.1746 0.1601 0.1728 
         147  1 0.1680 0.1678 0.1644 0.1669 0.1650 0.1679 
         148  1 0.1601 0.1664 0.1645 0.1587 0.1833 0.1671 
         149  1 0.1663 0.1660 0.1670 0.1651 0.1664 0.1692 
         150  1 0.1647 0.1687 0.1704 0.1672 0.1647 0.1643 
         151  1 0.1703 0.1689 0.1684 0.1644 0.1622 0.1658 
         152  1 0.1689 0.1738 0.1642 0.1682 0.1596 0.1653 
         153  1 0.1674 0.1679 0.1619 0.1732 0.1597 0.1700 
         154  1 0.1598 0.1693 0.1660 0.1646 0.1721 0.1681 
         155  1 0.1591 0.1668 0.1675 0.1601 0.1775 0.1690 
         156  1 0.1743 0.1703 0.1702 0.1759 0.1496 0.1597 
         157  1 0.1733 0.1729 0.1670 0.1698 0.1520 0.1650 
         158  1 0.1705 0.1716 0.1638 0.1665 0.1608 0.1668 
         159  1 0.1679 0.1662 0.1674 0.1701 0.1619 0.1664 
         160  1 0.1691 0.1611 0.1702 0.1744 0.1602 0.1649 
         161  1 0.1577 0.1648 0.1644 0.1612 0.1780 0.1738 
         162  1 0.1235 0.1247 0.1488 0.1201 0.3206 0.1622 
         163  1 0.1797 0.1707 0.1693 0.1761 0.1472 0.1571 
         164  1 0.1614 0.1734 0.1647 0.1668 0.1640 0.1698 
         165  1 0.1742 0.1712 0.1671 0.1709 0.1532 0.1634 
         166  1 0.1651 0.1683 0.1689 0.1655 0.1651 0.1671 
         167  1 0.1581 0.1540 0.1644 0.1584 0.1971 0.1681 
         168  1 0.1630 0.1706 0.1655 0.1618 0.1698 0.1692 
         169  1 0.1719 0.1694 0.1667 0.1709 0.1554 0.1658 
         170  1 0.1643 0.1631 0.1635 0.1647 0.1756 0.1688 
         171  1 0.1712 0.1633 0.1761 0.1715 0.1585 0.1594 
         172  1 0.1651 0.1654 0.1682 0.1701 0.1646 0.1665 
         173  1 0.1710 0.1653 0.1703 0.1731 0.1579 0.1625 
         174  1 0.1611 0.1627 0.1661 0.1616 0.1779 0.1707 
         175  1 0.1615 0.1602 0.1666 0.1605 0.1815 0.1696 
         176  1 0.1700 0.1748 0.1673 0.1680 0.1524 0.1674 
         177  1 0.1820 0.1699 0.1652 0.1774 0.1453 0.1601 
         178  1 0.1739 0.1708 0.1699 0.1738 0.1516 0.1600 
         179  1 0.1629 0.1667 0.1670 0.1670 0.1684 0.1681 
         180  1 0.1624 0.1693 0.1679 0.1578 0.1718 0.1708 
         181  1 0.1686 0.1704 0.1679 0.1701 0.1570 0.1660 
         182  1 0.1680 0.1627 0.1617 0.1647 0.1718 0.1711 
         183  1 0.1663 0.1691 0.1689 0.1679 0.1592 0.1685 
         184  1 0.1672 0.1684 0.1668 0.1686 0.1646 0.1644 
         185  1 0.1684 0.1684 0.1732 0.1682 0.1591 0.1626 
         186  1 0.1698 0.1705 0.1644 0.1683 0.1627 0.1642 
         187  1 0.1734 0.1684 0.1679 0.1706 0.1576 0.1621 
         188  1 0.1738 0.1644 0.1729 0.1777 0.1534 0.1578 
         189  1 0.1622 0.1730 0.1671 0.1622 0.1665 0.1689 
         190  1 0.1630 0.1709 0.1611 0.1673 0.1670 0.1707 
         191  1 0.1587 0.1720 0.1656 0.1658 0.1658 0.1720 
         192  1 0.1658 0.1671 0.1690 0.1642 0.1677 0.1662 
         193  1 0.1642 0.1734 0.1685 0.1589 0.1655 0.1694 
         194  1 0.1639 0.1646 0.1657 0.1615 0.1756 0.1687 
         195  1 0.1645 0.1635 0.1587 0.1692 0.1646 0.1795 
         196  1 0.1558 0.1582 0.1686 0.1592 0.1879 0.1703 
         197  1 0.1669 0.1752 0.1645 0.1624 0.1613 0.1696 
         198  1 0.1645 0.1694 0.1667 0.1634 0.1671 0.1688 
         199  1 0.1693 0.1717 0.1661 0.1682 0.1580 0.1667 
         200  1 0.1749 0.1676 0.1668 0.1731 0.1555 0.1622 
         201  1 0.1613 0.1631 0.1660 0.1580 0.1845 0.1672 
         202  1 0.1719 0.1673 0.1683 0.1728 0.1587 0.1610 
         203  1 0.1657 0.1641 0.1617 0.1731 0.1623 0.1732 
         204  1 0.1663 0.1709 0.1675 0.1648 0.1619 0.1686 
         205  1 0.1632 0.1725 0.1668 0.1595 0.1680 0.1700 
         206  1 0.1685 0.1650 0.1668 0.1694 0.1632 0.1671 
         207  1 0.1635 0.1714 0.1661 0.1626 0.1657 0.1707 
         208  1 0.1695 0.1705 0.1642 0.1680 0.1606 0.1673 
         209  1 0.1655 0.1598 0.1677 0.1660 0.1764 0.1646 
         210  1 0.1693 0.1722 0.1667 0.1671 0.1586 0.1661 
         211  1 0.1725 0.1670 0.1658 0.1738 0.1579 0.1630 
         212  1 0.1588 0.1611 0.1628 0.1618 0.1813 0.1741 
         213  1 0.1678 0.1726 0.1664 0.1659 0.1611 0.1662 
         214  1 0.1716 0.1630 0.1663 0.1722 0.1645 0.1624 
         215  1 0.1690 0.1631 0.1767 0.1653 0.1636 0.1622 
         216  1 0.1601 0.1601 0.1650 0.1582 0.1853 0.1713 
         217  1 0.1719 0.1714 0.1642 0.1743 0.1523 0.1659 
         218  1 0.1656 0.1665 0.1681 0.1708 0.1620 0.1670 
         219  1 0.1533 0.1568 0.1625 0.1528 0.2113 0.1632 
         220  1 0.1631 0.1638 0.1666 0.1660 0.1697 0.1709 
         221  1 0.1619 0.1636 0.1697 0.1642 0.1722 0.1684 
         222  1 0.1649 0.1723 0.1683 0.1618 0.1640 0.1688 
         223  1 0.1745 0.1682 0.1632 0.1750 0.1548 0.1644 
         224  1 0.1738 0.1668 0.1647 0.1689 0.1597 0.1662 
         225  1 0.1617 0.1684 0.1660 0.1602 0.1739 0.1697 
         226  1 0.1584 0.1604 0.1684 0.1540 0.1900 0.1687 
         227  1 0.1713 0.1659 0.1656 0.1665 0.1653 0.1654 
         228  1 0.1711 0.1719 0.1659 0.1685 0.1562 0.1665 
         229  1 0.1673 0.1772 0.1683 0.1665 0.1551 0.1657 
         230  1 0.1689 0.1608 0.1704 0.1619 0.1730 0.1650 
         231  1 0.1627 0.1619 0.1687 0.1605 0.1790 0.1672 
         232  1 0.1752 0.1651 0.1718 0.1743 0.1529 0.1607 
         233  1 0.1619 0.1645 0.1601 0.1689 0.1678 0.1768 
         234  1 0.1766 0.1711 0.1628 0.1703 0.1544 0.1647 
         235  1 0.1693 0.1806 0.1647 0.1683 0.1489 0.1682 
         236  1 0.1609 0.1599 0.1677 0.1546 0.1841 0.1728 
         237  1 0.1734 0.1739 0.1663 0.1747 0.1463 0.1653 
         238  1 0.1781 0.1692 0.1659 0.1719 0.1541 0.1607 
         239  1 0.1711 0.1744 0.1669 0.1706 0.1526 0.1646 
         240  1 0.1585 0.1582 0.1640 0.1601 0.1876 0.1716 
         241  1 0.1615 0.1639 0.1656 0.1583 0.1799 0.1709 
         242  1 0.1706 0.1741 0.1670 0.1732 0.1484 0.1667 
         243  1 0.1779 0.1744 0.1639 0.1698 0.1497 0.1643 
         244  1 0.1667 0.1660 0.1671 0.1698 0.1620 0.1684 
         245  1 0.1676 0.1635 0.1722 0.1636 0.1684 0.1648 
         246  1 0.1605 0.1635 0.1698 0.1620 0.1757 0.1685 
         247  1 0.1603 0.1604 0.1669 0.1599 0.1878 0.1647 
         248  1 0.1687 0.1731 0.1663 0.1611 0.1633 0.1675 
         249  1 0.1644 0.1652 0.1671 0.1611 0.1750 0.1672 
         250  1 0.1649 0.1627 0.1675 0.1625 0.1769 0.1655 
         251  1 0.1625 0.1663 0.1686 0.1635 0.1729 0.1662 
         252  1 0.1706 0.1628 0.1668 0.1678 0.1670 0.1650 
         253  1 0.1689 0.1730 0.1622 0.1717 0.1592 0.1650 
         254  1 0.1645 0.1674 0.1689 0.1706 0.1616 0.1669 
         255  1 0.1626 0.1628 0.1750 0.1620 0.1727 0.1649 
         256  1 0.1567 0.1623 0.1704 0.1591 0.1837 0.1679 
         257  1 0.1691 0.1634 0.1636 0.1772 0.1605 0.1661 
         258  1 0.1611 0.1586 0.1710 0.1614 0.1813 0.1666 
         259  1 0.1701 0.1673 0.1703 0.1661 0.1613 0.1648 
         260  1 0.1629 0.1711 0.1632 0.1591 0.1727 0.1711 
         261  1 0.1657 0.1728 0.1684 0.1589 0.1645 0.1696 
         262  1 0.1710 0.1598 0.1772 0.1754 0.1618 0.1548 
         263  1 0.1706 0.1681 0.1684 0.1708 0.1592 0.1629 
         264  1 0.1709 0.1758 0.1643 0.1683 0.1573 0.1633 
         265  1 0.1672 0.1665 0.1654 0.1683 0.1639 0.1687 
         266  1 0.1692 0.1659 0.1656 0.1653 0.1662 0.1678 
         267  1 0.1679 0.1708 0.1632 0.1692 0.1627 0.1662 
         268  1 0.1605 0.1611 0.1704 0.1567 0.1830 0.1683 
         269  1 0.1582 0.1590 0.1673 0.1531 0.1903 0.1721 
         270  1 0.1641 0.1674 0.1679 0.1622 0.1718 0.1665 
         271  1 0.1650 0.1639 0.1636 0.1669 0.1704 0.1704 
         272  1 0.1574 0.1614 0.1621 0.1527 0.1922 0.1742 
         273  1 0.1783 0.1656 0.1744 0.1800 0.1456 0.1562 
         274  1 0.1716 0.1788 0.1658 0.1719 0.1470 0.1650 
         275  1 0.1696 0.1681 0.1687 0.1723 0.1559 0.1653 
         276  1 0.1691 0.1765 0.1643 0.1704 0.1543 0.1654 
         277  1 0.1729 0.1687 0.1669 0.1752 0.1541 0.1624 
         278  1 0.1690 0.1720 0.1639 0.1809 0.1480 0.1663 
         279  1 0.1716 0.1700 0.1733 0.1644 0.1569 0.1637 
         280  1 0.1610 0.1611 0.1748 0.1580 0.1801 0.1651 
         281  1 0.1734 0.1729 0.1659 0.1665 0.1568 0.1646 
         282  1 0.1645 0.1666 0.1685 0.1639 0.1720 0.1645 
         283  1 0.1726 0.1699 0.1674 0.1781 0.1493 0.1627 
         284  1 0.1661 0.1629 0.1707 0.1697 0.1663 0.1643 
         285  1 0.1549 0.1560 0.1689 0.1517 0.1991 0.1694 
         286  1 0.1670 0.1694 0.1655 0.1672 0.1628 0.1682 
         287  1 0.1625 0.1652 0.1639 0.1596 0.1786 0.1703 
         288  1 0.1596 0.1656 0.1635 0.1592 0.1778 0.1743 
         289  1 0.1683 0.1633 0.1657 0.1712 0.1667 0.1648 
         290  1 0.1737 0.1643 0.1633 0.1811 0.1524 0.1652 
         291  1 0.1728 0.1703 0.1622 0.1786 0.1532 0.1629 
         292  1 0.1657 0.1750 0.1666 0.1662 0.1599 0.1665 
         293  1 0.1619 0.1648 0.1652 0.1555 0.1806 0.1719 
         294  1 0.1755 0.1685 0.1696 0.1704 0.1536 0.1624 
         295  1 0.1655 0.1667 0.1635 0.1677 0.1684 0.1683 
         296  1 0.1626 0.1643 0.1678 0.1576 0.1809 0.1668 
         297  1 0.1624 0.1624 0.1651 0.1560 0.1853 0.1687 
         298  1 0.1556 0.1600 0.1681 0.1545 0.1930 0.1687 
         299  1 0.1767 0.1674 0.1662 0.1768 0.1529 0.1599 
         300  1 0.1736 0.1683 0.1690 0.1761 0.1539 0.1591 
