1:    0.514 0.415 0.071 1    
2:    0.502 0.427 0.071 1    
3:    0.526 0.442 0.032 1    
4:    0.396 0.493 0.111 1    
5:    0.233 0.188 0.579 1    
6:    0.043 0.046 0.911 1    
7:    0.475 0.453 0.073 1    
8:    0.387 0.494 0.119 1    
9:    0.417 0.543 0.040 1    
10:   0.339 0.391 0.270 1    
11:   0.257 0.257 0.486 1    
12:   0.515 0.412 0.073 1    
13:   0.475 0.490 0.035 1    
14:   0.455 0.481 0.064 1    
15:   0.536 0.417 0.047 1    
16:   0.080 0.091 0.828 1    
17:   0.406 0.535 0.059 1    
18:   0.423 0.536 0.041 1    
19:   0.255 0.242 0.503 1    
20:   0.468 0.493 0.039 1    
21:   0.490 0.371 0.139 1    
22:   0.020 0.021 0.959 1    
23:   0.029 0.029 0.942 1    
24:   0.226 0.208 0.566 1    
25:   0.255 0.225 0.520 1    
26:   0.363 0.331 0.306 1    
27:   0.028 0.028 0.944 1    
28:   0.393 0.327 0.281 1    
29:   0.031 0.031 0.938 1    
30:   0.085 0.079 0.836 1    
31:   0.018 0.018 0.964 1    
32:   0.072 0.057 0.871 1    
33:   0.356 0.291 0.353 1    
34:   0.033 0.032 0.935 1    
35:   0.071 0.072 0.857 1    
36:   0.087 0.069 0.844 1    
37:   0.021 0.023 0.956 1    
38:   0.063 0.066 0.871 1    
39:   0.033 0.034 0.933 1    
40:   0.412 0.366 0.222 1    
41:   0.062 0.063 0.875 1    
42:   0.104 0.092 0.804 1    
43:   0.051 0.040 0.909 1    
44:   0.107 0.092 0.801 1    
45:   0.037 0.038 0.924 1    
46:   0.032 0.034 0.934 1    
47:   0.088 0.082 0.830 1    
48:   0.034 0.037 0.929 1    
49:   0.046 0.046 0.908 1    
50:   0.114 0.124 0.761 1    
51:   0.038 0.038 0.924 1    
52:   0.061 0.067 0.873 1    
53:   0.066 0.079 0.855 1    
54:   0.028 0.027 0.945 1    
55:   0.432 0.498 0.071 1    
56:   0.415 0.338 0.247 1    
57:   0.411 0.503 0.086 1    
58:   0.418 0.487 0.095 1    
59:   0.210 0.209 0.581 1    
60:   0.422 0.534 0.044 1    
61:   0.434 0.526 0.041 1    
62:   0.539 0.393 0.068 1    
63:   0.488 0.402 0.111 1    
64:   0.484 0.432 0.084 1    
65:   0.390 0.454 0.156 1    
66:   0.400 0.451 0.149 1    
67:   0.468 0.482 0.050 1    
68:   0.544 0.393 0.062 1    
69:   0.482 0.489 0.029 1    
70:   0.446 0.516 0.038 1    
71:   0.490 0.406 0.104 1    
72:   0.410 0.552 0.039 1    
73:   0.053 0.062 0.886 1    
74:   0.551 0.410 0.039 1    
75:   0.417 0.556 0.027 1    
76:   0.105 0.081 0.814 1    
77:   0.551 0.415 0.033 1    
78:   0.448 0.483 0.069 1    
79:   0.381 0.507 0.113 1    
80:   0.075 0.092 0.833 1    
81:   0.415 0.435 0.150 1    
82:   0.374 0.363 0.263 1    
83:   0.503 0.461 0.035 1    
84:   0.393 0.504 0.103 1    
85:   0.417 0.434 0.149 1    
86:   0.095 0.105 0.799 1    
87:   0.431 0.529 0.040 1    
88:   0.489 0.477 0.033 1    
89:   0.442 0.497 0.060 1    
90:   0.497 0.444 0.059 1    
91:   0.345 0.381 0.273 1    
92:   0.546 0.419 0.035 1    
93:   0.092 0.093 0.814 1    
94:   0.410 0.490 0.100 1    
95:   0.337 0.349 0.314 1    
96:   0.538 0.425 0.037 1    
97:   0.088 0.089 0.823 1    
98:   0.465 0.420 0.115 1    
99:   0.567 0.415 0.018 1    
100:  0.418 0.463 0.119 1    
101:  0.415 0.504 0.081 1    
102:  0.431 0.498 0.071 1    
103:  0.393 0.436 0.170 1    
104:  0.515 0.457 0.027 1    
105:  0.119 0.117 0.764 1    
106:  0.289 0.237 0.475 1    
107:  0.131 0.161 0.707 1    
108:  0.512 0.434 0.054 1    
109:  0.451 0.365 0.184 1    
110:  0.038 0.043 0.919 1    
111:  0.432 0.522 0.046 1    
112:  0.419 0.526 0.055 1    
113:  0.505 0.445 0.050 1    
114:  0.418 0.538 0.044 1    
115:  0.039 0.041 0.920 1    
116:  0.462 0.465 0.073 1    
117:  0.566 0.414 0.020 1    
118:  0.425 0.535 0.040 1    
119:  0.073 0.072 0.856 1    
120:  0.427 0.459 0.114 1    
121:  0.490 0.468 0.042 1    
122:  0.064 0.064 0.872 1    
123:  0.427 0.404 0.169 1    
124:  0.346 0.333 0.320 1    
125:  0.396 0.421 0.183 1    
126:  0.468 0.482 0.050 1    
127:  0.422 0.489 0.089 1    
128:  0.418 0.537 0.045 1    
129:  0.531 0.439 0.030 1    
130:  0.395 0.472 0.133 1    
131:  0.080 0.061 0.859 1    
132:  0.552 0.413 0.035 1    
133:  0.099 0.102 0.799 1    
134:  0.510 0.448 0.042 1    
135:  0.484 0.455 0.061 1    
136:  0.423 0.520 0.056 1    
137:  0.486 0.449 0.065 1    
138:  0.131 0.128 0.741 1    
139:  0.084 0.096 0.820 1    
140:  0.450 0.505 0.045 1    
141:  0.182 0.176 0.642 1    
142:  0.093 0.108 0.798 1    
143:  0.412 0.550 0.037 1    
144:  0.160 0.187 0.653 1    
145:  0.497 0.444 0.059 1    
146:  0.555 0.416 0.029 1    
147:  0.392 0.436 0.172 1    
148:  0.466 0.454 0.080 1    
149:  0.465 0.475 0.060 1    
150:  0.486 0.451 0.063 1    
151:  0.441 0.527 0.033 1    
152:  0.505 0.458 0.037 1    
153:  0.483 0.455 0.061 1    
154:  0.456 0.474 0.071 1    
155:  0.420 0.539 0.041 1    
156:  0.463 0.484 0.054 1    
157:  0.495 0.458 0.047 1    
158:  0.445 0.491 0.065 1    
159:  0.341 0.387 0.272 1    
160:  0.417 0.509 0.074 1    
161:  0.385 0.380 0.236 1    
162:  0.428 0.528 0.043 1    
163:  0.441 0.498 0.060 1    
164:  0.377 0.455 0.168 1    
165:  0.209 0.252 0.539 1    
166:  0.504 0.406 0.091 1    
167:  0.474 0.445 0.081 1    
168:  0.429 0.532 0.040 1    
169:  0.313 0.331 0.356 1    
170:  0.071 0.080 0.849 1    
171:  0.401 0.421 0.178 1    
172:  0.410 0.537 0.053 1    
173:  0.481 0.421 0.098 1    
174:  0.416 0.460 0.124 1    
175:  0.472 0.474 0.054 1    
176:  0.522 0.450 0.029 1    
177:  0.386 0.458 0.156 1    
178:  0.431 0.522 0.047 1    
179:  0.528 0.410 0.062 1    
180:  0.371 0.351 0.279 1    
181:  0.531 0.416 0.053 1    
182:  0.478 0.473 0.049 1    
183:  0.540 0.408 0.052 1    
184:  0.504 0.460 0.035 1    
185:  0.535 0.438 0.028 1    
186:  0.419 0.536 0.045 1    
187:  0.443 0.441 0.115 1    
188:  0.457 0.413 0.130 1    
189:  0.433 0.514 0.053 1    
190:  0.403 0.530 0.066 1    
191:  0.495 0.402 0.103 1    
192:  0.437 0.514 0.049 1    
193:  0.417 0.545 0.038 1    
194:  0.461 0.489 0.050 1    
195:  0.076 0.065 0.859 1    
196:  0.410 0.494 0.097 1    
197:  0.381 0.458 0.160 1    
198:  0.542 0.395 0.063 1    
199:  0.482 0.483 0.035 1    
200:  0.486 0.416 0.098 1    
201:  0.518 0.456 0.026 1    
202:  0.474 0.471 0.054 1    
203:  0.530 0.426 0.044 1    
204:  0.541 0.429 0.030 1    
205:  0.020 0.023 0.958 1    
              
              
1:    0.086 0.270 0.644 1    
2:    0.063 0.223 0.714 1    
3:    0.034 0.268 0.697 1    
4:    0.129 0.643 0.228 1    
5:    0.524 0.091 0.385 1    
6:    0.911 0.049 0.040 1    
7:    0.070 0.446 0.485 1    
8:    0.126 0.677 0.197 1    
9:    0.043 0.807 0.150 1    
10:   0.310 0.363 0.327 1    
11:   0.450 0.174 0.376 1    
12:   0.069 0.317 0.614 1    
13:   0.037 0.459 0.504 1    
14:   0.071 0.490 0.439 1    
15:   0.049 0.172 0.779 1    
16:   0.810 0.112 0.078 1    
17:   0.066 0.748 0.185 1    
18:   0.043 0.757 0.200 1    
19:   0.494 0.184 0.322 1    
20:   0.040 0.546 0.414 1    
21:   0.132 0.176 0.692 1    
22:   0.954 0.024 0.022 1    
23:   0.934 0.021 0.045 1    
24:   0.545 0.204 0.252 1    
25:   0.479 0.116 0.406 1    
26:   0.304 0.250 0.447 1    
27:   0.940 0.028 0.032 1    
28:   0.265 0.183 0.552 1    
29:   0.930 0.040 0.030 1    
30:   0.829 0.095 0.076 1    
31:   0.965 0.019 0.016 1    
32:   0.853 0.076 0.070 1    
33:   0.341 0.197 0.461 1    
34:   0.933 0.034 0.033 1    
35:   0.816 0.081 0.103 1    
36:   0.832 0.062 0.106 1    
37:   0.951 0.021 0.027 1    
38:   0.857 0.048 0.095 1    
39:   0.924 0.029 0.047 1    
40:   0.220 0.207 0.573 1    
41:   0.876 0.058 0.067 1    
42:   0.786 0.063 0.151 1    
43:   0.904 0.041 0.055 1    
44:   0.750 0.056 0.194 1    
45:   0.921 0.032 0.047 1    
46:   0.931 0.040 0.030 1    
47:   0.817 0.061 0.122 1    
48:   0.930 0.039 0.031 1    
49:   0.907 0.050 0.042 1    
50:   0.715 0.154 0.131 1    
51:   0.917 0.034 0.048 1    
52:   0.874 0.056 0.070 1    
53:   0.845 0.080 0.075 1    
54:   0.941 0.024 0.034 1    
55:   0.075 0.652 0.272 1    
56:   0.258 0.220 0.522 1    
57:   0.093 0.564 0.343 1    
58:   0.097 0.571 0.332 1    
59:   0.519 0.166 0.315 1    
60:   0.049 0.748 0.204 1    
61:   0.041 0.718 0.241 1    
62:   0.067 0.179 0.754 1    
63:   0.114 0.272 0.613 1    
64:   0.088 0.448 0.464 1    
65:   0.157 0.395 0.448 1    
66:   0.148 0.534 0.319 1    
67:   0.052 0.472 0.476 1    
68:   0.057 0.152 0.790 1    
69:   0.031 0.578 0.391 1    
70:   0.038 0.716 0.246 1    
71:   0.110 0.292 0.599 1    
72:   0.047 0.794 0.159 1    
73:   0.890 0.058 0.052 1    
74:   0.041 0.165 0.795 1    
75:   0.030 0.816 0.154 1    
76:   0.797 0.045 0.158 1    
77:   0.033 0.207 0.761 1    
78:   0.070 0.627 0.303 1    
79:   0.123 0.716 0.161 1    
80:   0.831 0.106 0.063 1    
81:   0.162 0.578 0.260 1    
82:   0.262 0.436 0.301 1    
83:   0.036 0.537 0.426 1    
84:   0.107 0.730 0.164 1    
85:   0.159 0.365 0.475 1    
86:   0.774 0.074 0.152 1    
87:   0.039 0.673 0.288 1    
88:   0.039 0.467 0.494 1    
89:   0.059 0.526 0.415 1    
90:   0.057 0.350 0.593 1    
91:   0.270 0.374 0.357 1    
92:   0.039 0.324 0.637 1    
93:   0.809 0.105 0.086 1    
94:   0.102 0.636 0.262 1    
95:   0.295 0.251 0.454 1    
96:   0.035 0.344 0.621 1    
97:   0.813 0.105 0.081 1    
98:   0.108 0.413 0.479 1    
99:   0.018 0.193 0.789 1    
100:  0.114 0.603 0.283 1    
101:  0.075 0.730 0.195 1    
102:  0.066 0.644 0.290 1    
103:  0.178 0.482 0.339 1    
104:  0.027 0.522 0.451 1    
105:  0.737 0.134 0.129 1    
106:  0.466 0.117 0.417 1    
107:  0.666 0.196 0.138 1    
108:  0.062 0.293 0.645 1    
109:  0.183 0.188 0.628 1    
110:  0.910 0.051 0.039 1    
111:  0.052 0.733 0.214 1    
112:  0.059 0.660 0.281 1    
113:  0.048 0.420 0.532 1    
114:  0.045 0.753 0.201 1    
115:  0.915 0.043 0.042 1    
116:  0.076 0.555 0.369 1    
117:  0.019 0.233 0.748 1    
118:  0.044 0.704 0.252 1    
119:  0.858 0.078 0.064 1    
120:  0.114 0.543 0.343 1    
121:  0.043 0.573 0.385 1    
122:  0.875 0.063 0.062 1    
123:  0.187 0.379 0.434 1    
124:  0.322 0.275 0.403 1    
125:  0.187 0.454 0.359 1    
126:  0.054 0.499 0.448 1    
127:  0.100 0.613 0.287 1    
128:  0.053 0.713 0.234 1    
129:  0.030 0.371 0.599 1    
130:  0.146 0.538 0.316 1    
131:  0.850 0.071 0.078 1    
132:  0.033 0.244 0.724 1    
133:  0.783 0.082 0.135 1    
134:  0.042 0.495 0.463 1    
135:  0.063 0.361 0.576 1    
136:  0.062 0.712 0.226 1    
137:  0.065 0.486 0.449 1    
138:  0.708 0.102 0.190 1    
139:  0.812 0.129 0.059 1    
140:  0.046 0.698 0.256 1    
141:  0.645 0.133 0.223 1    
142:  0.786 0.147 0.067 1    
143:  0.042 0.792 0.166 1    
144:  0.649 0.265 0.086 1    
145:  0.058 0.370 0.572 1    
146:  0.030 0.301 0.669 1    
147:  0.178 0.458 0.364 1    
148:  0.077 0.487 0.435 1    
149:  0.066 0.488 0.446 1    
150:  0.066 0.384 0.550 1    
151:  0.034 0.715 0.251 1    
152:  0.034 0.473 0.493 1    
153:  0.065 0.359 0.576 1    
154:  0.070 0.603 0.327 1    
155:  0.043 0.731 0.226 1    
156:  0.055 0.581 0.363 1    
157:  0.052 0.414 0.534 1    
158:  0.081 0.593 0.326 1    
159:  0.281 0.342 0.378 1    
160:  0.080 0.648 0.271 1    
161:  0.253 0.299 0.449 1    
162:  0.045 0.741 0.214 1    
163:  0.061 0.520 0.419 1    
164:  0.168 0.649 0.183 1    
165:  0.530 0.223 0.247 1    
166:  0.095 0.214 0.690 1    
167:  0.084 0.467 0.449 1    
168:  0.043 0.601 0.356 1    
169:  0.345 0.323 0.332 1    
170:  0.857 0.091 0.052 1    
171:  0.188 0.468 0.345 1    
172:  0.056 0.760 0.185 1    
173:  0.098 0.429 0.473 1    
174:  0.136 0.517 0.347 1    
175:  0.047 0.386 0.567 1    
176:  0.029 0.336 0.635 1    
177:  0.157 0.550 0.294 1    
178:  0.049 0.733 0.218 1    
179:  0.066 0.198 0.735 1    
180:  0.287 0.278 0.435 1    
181:  0.057 0.238 0.705 1    
182:  0.052 0.440 0.508 1    
183:  0.054 0.188 0.759 1    
184:  0.035 0.398 0.568 1    
185:  0.029 0.339 0.632 1    
186:  0.050 0.737 0.213 1    
187:  0.129 0.496 0.375 1    
188:  0.121 0.236 0.643 1    
189:  0.057 0.635 0.308 1    
190:  0.076 0.761 0.163 1    
191:  0.099 0.312 0.589 1    
192:  0.052 0.682 0.266 1    
193:  0.039 0.785 0.176 1    
194:  0.060 0.649 0.291 1    
195:  0.842 0.040 0.118 1    
196:  0.110 0.646 0.244 1    
197:  0.168 0.638 0.194 1    
198:  0.060 0.168 0.772 1    
199:  0.034 0.522 0.444 1    
200:  0.094 0.254 0.652 1    
201:  0.024 0.485 0.491 1    
202:  0.055 0.574 0.372 1    
203:  0.045 0.215 0.740 1    
204:  0.027 0.216 0.757 1    
205:  0.958 0.021 0.020 1    
              
              
1:    0.224 0.137 0.639 1    
2:    0.276 0.147 0.577 1    
3:    0.306 0.100 0.593 1    
4:    0.607 0.157 0.236 1    
5:    0.141 0.509 0.350 1    
6:    0.107 0.821 0.072 1    
7:    0.378 0.123 0.499 1    
8:    0.624 0.171 0.205 1    
9:    0.708 0.073 0.219 1    
10:   0.433 0.330 0.237 1    
11:   0.230 0.509 0.262 1    
12:   0.282 0.106 0.612 1    
13:   0.472 0.073 0.455 1    
14:   0.456 0.120 0.424 1    
15:   0.206 0.108 0.686 1    
16:   0.144 0.771 0.086 1    
17:   0.680 0.104 0.216 1    
18:   0.667 0.089 0.244 1    
19:   0.227 0.484 0.289 1    
20:   0.500 0.079 0.421 1    
21:   0.212 0.168 0.621 1    
22:   0.065 0.893 0.043 1    
23:   0.068 0.871 0.061 1    
24:   0.209 0.499 0.292 1    
25:   0.159 0.478 0.362 1    
26:   0.254 0.303 0.443 1    
27:   0.069 0.863 0.068 1    
28:   0.246 0.283 0.471 1    
29:   0.092 0.843 0.065 1    
30:   0.127 0.754 0.119 1    
31:   0.064 0.895 0.042 1    
32:   0.123 0.719 0.158 1    
33:   0.237 0.375 0.388 1    
34:   0.082 0.837 0.081 1    
35:   0.114 0.787 0.099 1    
36:   0.096 0.713 0.191 1    
37:   0.051 0.905 0.044 1    
38:   0.095 0.799 0.106 1    
39:   0.072 0.862 0.066 1    
40:   0.256 0.295 0.449 1    
41:   0.099 0.774 0.127 1    
42:   0.093 0.697 0.211 1    
43:   0.084 0.800 0.116 1    
44:   0.091 0.695 0.214 1    
45:   0.080 0.838 0.082 1    
46:   0.097 0.844 0.059 1    
47:   0.105 0.764 0.131 1    
48:   0.101 0.838 0.062 1    
49:   0.095 0.815 0.090 1    
50:   0.193 0.679 0.129 1    
51:   0.073 0.839 0.088 1    
52:   0.104 0.809 0.088 1    
53:   0.126 0.768 0.106 1    
54:   0.060 0.875 0.065 1    
55:   0.539 0.108 0.353 1    
56:   0.234 0.302 0.465 1    
57:   0.564 0.145 0.291 1    
58:   0.540 0.148 0.312 1    
59:   0.196 0.537 0.267 1    
60:   0.656 0.086 0.258 1    
61:   0.647 0.073 0.281 1    
62:   0.204 0.158 0.638 1    
63:   0.315 0.198 0.487 1    
64:   0.373 0.129 0.498 1    
65:   0.418 0.244 0.339 1    
66:   0.504 0.176 0.320 1    
67:   0.472 0.119 0.409 1    
68:   0.202 0.138 0.660 1    
69:   0.518 0.061 0.421 1    
70:   0.603 0.068 0.329 1    
71:   0.302 0.138 0.560 1    
72:   0.694 0.074 0.232 1    
73:   0.112 0.789 0.100 1    
74:   0.190 0.105 0.704 1    
75:   0.696 0.058 0.246 1    
76:   0.080 0.767 0.153 1    
77:   0.226 0.089 0.685 1    
78:   0.512 0.108 0.380 1    
79:   0.640 0.144 0.216 1    
80:   0.160 0.698 0.142 1    
81:   0.523 0.186 0.291 1    
82:   0.362 0.289 0.349 1    
83:   0.423 0.065 0.512 1    
84:   0.624 0.134 0.242 1    
85:   0.432 0.218 0.350 1    
86:   0.113 0.746 0.141 1    
87:   0.623 0.104 0.273 1    
88:   0.434 0.081 0.484 1    
89:   0.516 0.108 0.376 1    
90:   0.401 0.110 0.489 1    
91:   0.409 0.317 0.274 1    
92:   0.291 0.064 0.644 1    
93:   0.168 0.689 0.143 1    
94:   0.578 0.158 0.263 1    
95:   0.319 0.343 0.338 1    
96:   0.266 0.072 0.662 1    
97:   0.165 0.686 0.149 1    
98:   0.359 0.161 0.480 1    
99:   0.188 0.051 0.760 1    
100:  0.517 0.190 0.293 1    
101:  0.628 0.110 0.261 1    
102:  0.586 0.124 0.291 1    
103:  0.462 0.227 0.311 1    
104:  0.399 0.051 0.550 1    
105:  0.161 0.681 0.158 1    
106:  0.149 0.464 0.387 1    
107:  0.233 0.597 0.170 1    
108:  0.273 0.120 0.607 1    
109:  0.179 0.211 0.610 1    
110:  0.105 0.823 0.072 1    
111:  0.667 0.089 0.244 1    
112:  0.607 0.090 0.302 1    
113:  0.318 0.085 0.597 1    
114:  0.685 0.091 0.225 1    
115:  0.090 0.851 0.059 1    
116:  0.482 0.115 0.403 1    
117:  0.191 0.047 0.763 1    
118:  0.649 0.089 0.262 1    
119:  0.141 0.740 0.119 1    
120:  0.455 0.144 0.402 1    
121:  0.464 0.081 0.455 1    
122:  0.118 0.761 0.121 1    
123:  0.376 0.221 0.403 1    
124:  0.301 0.352 0.347 1    
125:  0.417 0.284 0.300 1    
126:  0.432 0.094 0.474 1    
127:  0.573 0.126 0.301 1    
128:  0.645 0.096 0.258 1    
129:  0.330 0.057 0.612 1    
130:  0.524 0.187 0.289 1    
131:  0.109 0.742 0.149 1    
132:  0.230 0.075 0.694 1    
133:  0.137 0.765 0.098 1    
134:  0.393 0.077 0.530 1    
135:  0.358 0.119 0.523 1    
136:  0.639 0.089 0.273 1    
137:  0.405 0.091 0.503 1    
138:  0.156 0.666 0.178 1    
139:  0.186 0.725 0.089 1    
140:  0.571 0.080 0.349 1    
141:  0.176 0.585 0.239 1    
142:  0.210 0.688 0.102 1    
143:  0.738 0.076 0.187 1    
144:  0.308 0.533 0.159 1    
145:  0.372 0.107 0.521 1    
146:  0.259 0.062 0.679 1    
147:  0.442 0.246 0.312 1    
148:  0.418 0.130 0.453 1    
149:  0.450 0.118 0.432 1    
150:  0.345 0.142 0.513 1    
151:  0.608 0.062 0.330 1    
152:  0.434 0.082 0.484 1    
153:  0.352 0.114 0.534 1    
154:  0.513 0.100 0.387 1    
155:  0.656 0.079 0.265 1    
156:  0.475 0.084 0.441 1    
157:  0.349 0.085 0.566 1    
158:  0.552 0.127 0.321 1    
159:  0.374 0.314 0.312 1    
160:  0.607 0.114 0.278 1    
161:  0.330 0.314 0.356 1    
162:  0.651 0.076 0.273 1    
163:  0.525 0.128 0.347 1    
164:  0.585 0.201 0.214 1    
165:  0.215 0.514 0.270 1    
166:  0.244 0.157 0.600 1    
167:  0.417 0.126 0.458 1    
168:  0.602 0.103 0.295 1    
169:  0.380 0.367 0.253 1    
170:  0.151 0.745 0.104 1    
171:  0.405 0.210 0.385 1    
172:  0.670 0.104 0.226 1    
173:  0.407 0.127 0.466 1    
174:  0.521 0.165 0.314 1    
175:  0.388 0.119 0.493 1    
176:  0.359 0.067 0.574 1    
177:  0.558 0.207 0.235 1    
178:  0.679 0.087 0.234 1    
179:  0.216 0.153 0.631 1    
180:  0.317 0.333 0.350 1    
181:  0.295 0.132 0.573 1    
182:  0.462 0.091 0.447 1    
183:  0.187 0.103 0.710 1    
184:  0.370 0.074 0.556 1    
185:  0.329 0.082 0.589 1    
186:  0.639 0.081 0.279 1    
187:  0.497 0.154 0.348 1    
188:  0.294 0.173 0.532 1    
189:  0.637 0.110 0.252 1    
190:  0.675 0.099 0.226 1    
191:  0.268 0.159 0.573 1    
192:  0.636 0.097 0.267 1    
193:  0.682 0.074 0.244 1    
194:  0.532 0.078 0.390 1    
195:  0.075 0.787 0.137 1    
196:  0.609 0.158 0.233 1    
197:  0.594 0.200 0.206 1    
198:  0.217 0.110 0.672 1    
199:  0.426 0.077 0.497 1    
200:  0.258 0.194 0.548 1    
201:  0.363 0.048 0.589 1    
202:  0.457 0.093 0.450 1    
203:  0.228 0.111 0.661 1    
204:  0.209 0.073 0.717 1    
205:  0.073 0.888 0.039 1    
              
              
1:    0.392 0.265 0.343 1    
2:    0.314 0.310 0.375 1    
3:    0.285 0.349 0.366 1    
4:    0.348 0.364 0.288 1    
5:    0.260 0.330 0.410 1    
6:    0.242 0.354 0.404 1    
7:    0.384 0.317 0.299 1    
8:    0.297 0.396 0.308 1    
9:    0.424 0.348 0.228 1    
10:   0.192 0.392 0.417 1    
11:   0.171 0.379 0.450 1    
12:   0.447 0.289 0.264 1    
13:   0.387 0.346 0.267 1    
14:   0.329 0.341 0.329 1    
15:   0.310 0.315 0.375 1    
16:   0.218 0.358 0.423 1    
17:   0.309 0.404 0.288 1    
18:   0.377 0.349 0.274 1    
19:   0.289 0.343 0.368 1    
20:   0.474 0.283 0.243 1    
21:   0.401 0.306 0.293 1    
22:   0.151 0.332 0.518 1    
23:   0.150 0.370 0.480 1    
24:   0.360 0.331 0.309 1    
25:   0.274 0.303 0.423 1    
26:   0.356 0.299 0.345 1    
27:   0.226 0.332 0.442 1    
28:   0.309 0.334 0.356 1    
29:   0.260 0.330 0.410 1    
30:   0.333 0.302 0.364 1    
31:   0.178 0.335 0.488 1    
32:   0.494 0.264 0.242 1    
33:   0.204 0.346 0.450 1    
34:   0.286 0.324 0.390 1    
35:   0.204 0.323 0.473 1    
36:   0.376 0.301 0.323 1    
37:   0.131 0.315 0.554 1    
38:   0.233 0.328 0.440 1    
39:   0.203 0.311 0.486 1    
40:   0.208 0.347 0.445 1    
41:   0.303 0.306 0.391 1    
42:   0.337 0.286 0.377 1    
43:   0.338 0.307 0.356 1    
44:   0.274 0.318 0.407 1    
45:   0.239 0.337 0.424 1    
46:   0.200 0.370 0.430 1    
47:   0.220 0.338 0.442 1    
48:   0.224 0.355 0.422 1    
49:   0.256 0.343 0.402 1    
50:   0.227 0.338 0.436 1    
51:   0.225 0.314 0.462 1    
52:   0.173 0.350 0.477 1    
53:   0.238 0.333 0.429 1    
54:   0.170 0.325 0.505 1    
55:   0.493 0.296 0.211 1    
56:   0.280 0.319 0.400 1    
57:   0.335 0.346 0.319 1    
58:   0.300 0.382 0.318 1    
59:   0.182 0.336 0.482 1    
60:   0.448 0.309 0.243 1    
61:   0.428 0.343 0.230 1    
62:   0.296 0.287 0.416 1    
63:   0.274 0.318 0.408 1    
64:   0.429 0.290 0.281 1    
65:   0.188 0.394 0.418 1    
66:   0.365 0.336 0.300 1    
67:   0.258 0.377 0.365 1    
68:   0.289 0.314 0.397 1    
69:   0.507 0.286 0.207 1    
70:   0.497 0.296 0.207 1    
71:   0.388 0.312 0.300 1    
72:   0.435 0.331 0.235 1    
73:   0.279 0.346 0.376 1    
74:   0.315 0.307 0.377 1    
75:   0.507 0.302 0.191 1    
76:   0.173 0.326 0.501 1    
77:   0.374 0.311 0.315 1    
78:   0.445 0.295 0.260 1    
79:   0.394 0.337 0.269 1    
80:   0.417 0.294 0.289 1    
81:   0.356 0.362 0.283 1    
82:   0.361 0.300 0.339 1    
83:   0.592 0.223 0.186 1    
84:   0.445 0.313 0.242 1    
85:   0.218 0.418 0.364 1    
86:   0.184 0.327 0.489 1    
87:   0.296 0.359 0.345 1    
88:   0.386 0.320 0.295 1    
89:   0.327 0.380 0.293 1    
90:   0.310 0.367 0.323 1    
91:   0.185 0.392 0.423 1    
92:   0.526 0.270 0.204 1    
93:   0.388 0.308 0.305 1    
94:   0.299 0.352 0.349 1    
95:   0.219 0.408 0.373 1    
96:   0.523 0.254 0.223 1    
97:   0.366 0.321 0.313 1    
98:   0.371 0.304 0.325 1    
99:   0.444 0.290 0.267 1    
100:  0.290 0.354 0.357 1    
101:  0.405 0.340 0.255 1    
102:  0.311 0.367 0.322 1    
103:  0.259 0.391 0.351 1    
104:  0.636 0.209 0.154 1    
105:  0.261 0.330 0.409 1    
106:  0.249 0.317 0.434 1    
107:  0.325 0.331 0.344 1    
108:  0.325 0.311 0.364 1    
109:  0.443 0.275 0.282 1    
110:  0.242 0.352 0.406 1    
111:  0.376 0.368 0.256 1    
112:  0.427 0.329 0.244 1    
113:  0.486 0.282 0.232 1    
114:  0.401 0.319 0.280 1    
115:  0.163 0.339 0.498 1    
116:  0.426 0.304 0.270 1    
117:  0.505 0.257 0.238 1    
118:  0.304 0.381 0.315 1    
119:  0.348 0.319 0.333 1    
120:  0.415 0.333 0.251 1    
121:  0.475 0.284 0.241 1    
122:  0.325 0.341 0.334 1    
123:  0.310 0.335 0.355 1    
124:  0.257 0.351 0.392 1    
125:  0.218 0.343 0.439 1    
126:  0.450 0.293 0.257 1    
127:  0.372 0.344 0.284 1    
128:  0.347 0.352 0.300 1    
129:  0.491 0.292 0.217 1    
130:  0.290 0.358 0.353 1    
131:  0.357 0.298 0.345 1    
132:  0.429 0.295 0.276 1    
133:  0.134 0.371 0.495 1    
134:  0.522 0.248 0.229 1    
135:  0.371 0.314 0.315 1    
136:  0.407 0.358 0.235 1    
137:  0.463 0.301 0.236 1    
138:  0.182 0.382 0.436 1    
139:  0.261 0.343 0.396 1    
140:  0.524 0.261 0.216 1    
141:  0.300 0.338 0.362 1    
142:  0.306 0.347 0.347 1    
143:  0.342 0.389 0.269 1    
144:  0.468 0.301 0.231 1    
145:  0.362 0.348 0.291 1    
146:  0.484 0.275 0.242 1    
147:  0.233 0.393 0.374 1    
148:  0.337 0.334 0.329 1    
149:  0.327 0.355 0.318 1    
150:  0.298 0.320 0.381 1    
151:  0.508 0.292 0.200 1    
152:  0.426 0.296 0.279 1    
153:  0.332 0.359 0.309 1    
154:  0.513 0.271 0.216 1    
155:  0.402 0.348 0.250 1    
156:  0.453 0.317 0.230 1    
157:  0.506 0.264 0.229 1    
158:  0.339 0.334 0.327 1    
159:  0.253 0.371 0.376 1    
160:  0.411 0.330 0.259 1    
161:  0.232 0.347 0.421 1    
162:  0.419 0.340 0.241 1    
163:  0.300 0.352 0.349 1    
164:  0.401 0.307 0.293 1    
165:  0.332 0.323 0.346 1    
166:  0.302 0.312 0.387 1    
167:  0.381 0.328 0.291 1    
168:  0.318 0.348 0.334 1    
169:  0.232 0.398 0.370 1    
170:  0.324 0.338 0.338 1    
171:  0.433 0.303 0.264 1    
172:  0.330 0.352 0.318 1    
173:  0.360 0.351 0.289 1    
174:  0.358 0.349 0.294 1    
175:  0.309 0.339 0.353 1    
176:  0.408 0.318 0.274 1    
177:  0.250 0.386 0.364 1    
178:  0.371 0.371 0.259 1    
179:  0.239 0.315 0.446 1    
180:  0.235 0.372 0.394 1    
181:  0.296 0.322 0.382 1    
182:  0.300 0.377 0.324 1    
183:  0.356 0.322 0.322 1    
184:  0.448 0.296 0.256 1    
185:  0.372 0.310 0.318 1    
186:  0.447 0.327 0.226 1    
187:  0.329 0.372 0.299 1    
188:  0.306 0.357 0.337 1    
189:  0.247 0.425 0.327 1    
190:  0.456 0.331 0.213 1    
191:  0.333 0.321 0.346 1    
192:  0.326 0.391 0.283 1    
193:  0.417 0.350 0.233 1    
194:  0.573 0.256 0.171 1    
195:  0.202 0.324 0.474 1    
196:  0.251 0.364 0.385 1    
197:  0.314 0.363 0.323 1    
198:  0.363 0.333 0.304 1    
199:  0.440 0.292 0.268 1    
200:  0.209 0.345 0.446 1    
201:  0.651 0.203 0.146 1    
202:  0.473 0.288 0.239 1    
203:  0.332 0.318 0.350 1    
204:  0.461 0.268 0.271 1    
205:  0.154 0.379 0.467 1    
              
              
1:    0.275 0.625 0.100 1    
2:    0.204 0.682 0.114 1    
3:    0.205 0.724 0.071 1    
4:    0.594 0.248 0.158 1    
5:    0.095 0.419 0.487 1    
6:    0.082 0.093 0.824 1    
7:    0.477 0.413 0.110 1    
8:    0.621 0.193 0.186 1    
9:    0.800 0.116 0.084 1    
10:   0.268 0.450 0.282 1    
11:   0.129 0.465 0.407 1    
12:   0.386 0.501 0.112 1    
13:   0.512 0.412 0.075 1    
14:   0.497 0.395 0.108 1    
15:   0.163 0.754 0.082 1    
16:   0.108 0.167 0.725 1    
17:   0.703 0.185 0.112 1    
18:   0.722 0.190 0.088 1    
19:   0.173 0.396 0.430 1    
20:   0.618 0.311 0.071 1    
21:   0.181 0.643 0.176 1    
22:   0.037 0.082 0.881 1    
23:   0.035 0.108 0.857 1    
24:   0.212 0.266 0.522 1    
25:   0.105 0.518 0.377 1    
26:   0.277 0.408 0.314 1    
27:   0.055 0.091 0.854 1    
28:   0.168 0.554 0.278 1    
29:   0.063 0.084 0.852 1    
30:   0.116 0.122 0.762 1    
31:   0.040 0.070 0.890 1    
32:   0.140 0.093 0.767 1    
33:   0.146 0.495 0.358 1    
34:   0.064 0.083 0.853 1    
35:   0.079 0.229 0.692 1    
36:   0.093 0.147 0.760 1    
37:   0.031 0.092 0.877 1    
38:   0.067 0.142 0.790 1    
39:   0.051 0.144 0.805 1    
40:   0.152 0.603 0.246 1    
41:   0.103 0.116 0.782 1    
42:   0.099 0.199 0.702 1    
43:   0.079 0.103 0.818 1    
44:   0.070 0.238 0.692 1    
45:   0.059 0.098 0.843 1    
46:   0.058 0.084 0.858 1    
47:   0.073 0.185 0.743 1    
48:   0.065 0.083 0.852 1    
49:   0.073 0.098 0.829 1    
50:   0.137 0.275 0.589 1    
51:   0.056 0.115 0.829 1    
52:   0.060 0.168 0.772 1    
53:   0.105 0.150 0.745 1    
54:   0.042 0.096 0.862 1    
55:   0.687 0.205 0.108 1    
56:   0.213 0.498 0.289 1    
57:   0.550 0.319 0.131 1    
58:   0.523 0.337 0.139 1    
59:   0.119 0.478 0.403 1    
60:   0.779 0.145 0.076 1    
61:   0.732 0.191 0.077 1    
62:   0.144 0.748 0.108 1    
63:   0.192 0.662 0.146 1    
64:   0.503 0.381 0.116 1    
65:   0.278 0.527 0.195 1    
66:   0.533 0.285 0.182 1    
67:   0.443 0.462 0.095 1    
68:   0.128 0.768 0.104 1    
69:   0.676 0.264 0.060 1    
70:   0.754 0.175 0.071 1    
71:   0.321 0.542 0.137 1    
72:   0.815 0.109 0.077 1    
73:   0.097 0.100 0.803 1    
74:   0.153 0.764 0.083 1    
75:   0.856 0.087 0.057 1    
76:   0.053 0.246 0.701 1    
77:   0.228 0.702 0.070 1    
78:   0.642 0.257 0.101 1    
79:   0.740 0.122 0.138 1    
80:   0.155 0.091 0.754 1    
81:   0.558 0.245 0.197 1    
82:   0.426 0.301 0.272 1    
83:   0.633 0.309 0.059 1    
84:   0.743 0.126 0.131 1    
85:   0.287 0.516 0.198 1    
86:   0.072 0.298 0.630 1    
87:   0.581 0.334 0.085 1    
88:   0.473 0.456 0.071 1    
89:   0.536 0.360 0.104 1    
90:   0.349 0.545 0.106 1    
91:   0.268 0.442 0.290 1    
92:   0.431 0.503 0.066 1    
93:   0.161 0.121 0.718 1    
94:   0.571 0.289 0.140 1    
95:   0.191 0.474 0.335 1    
96:   0.456 0.471 0.073 1    
97:   0.147 0.118 0.735 1    
98:   0.384 0.475 0.142 1    
99:   0.264 0.683 0.052 1    
100:  0.473 0.377 0.150 1    
101:  0.718 0.165 0.117 1    
102:  0.574 0.314 0.113 1    
103:  0.413 0.377 0.211 1    
104:  0.650 0.306 0.044 1    
105:  0.137 0.206 0.657 1    
106:  0.090 0.523 0.388 1    
107:  0.234 0.193 0.573 1    
108:  0.278 0.629 0.094 1    
109:  0.239 0.539 0.223 1    
110:  0.071 0.098 0.831 1    
111:  0.719 0.187 0.094 1    
112:  0.683 0.226 0.091 1    
113:  0.508 0.414 0.078 1    
114:  0.735 0.182 0.083 1    
115:  0.052 0.124 0.823 1    
116:  0.626 0.265 0.109 1    
117:  0.346 0.605 0.049 1    
118:  0.673 0.242 0.086 1    
119:  0.122 0.109 0.769 1    
120:  0.576 0.284 0.140 1    
121:  0.611 0.318 0.071 1    
122:  0.104 0.103 0.794 1    
123:  0.282 0.534 0.184 1    
124:  0.231 0.443 0.326 1    
125:  0.303 0.503 0.194 1    
126:  0.584 0.326 0.090 1    
127:  0.605 0.272 0.123 1    
128:  0.741 0.171 0.088 1    
129:  0.453 0.487 0.060 1    
130:  0.481 0.351 0.168 1    
131:  0.111 0.127 0.762 1    
132:  0.307 0.623 0.071 1    
133:  0.075 0.209 0.716 1    
134:  0.601 0.332 0.068 1    
135:  0.357 0.557 0.087 1    
136:  0.737 0.171 0.092 1    
137:  0.563 0.344 0.092 1    
138:  0.091 0.283 0.626 1    
139:  0.146 0.134 0.720 1    
140:  0.711 0.216 0.073 1    
141:  0.150 0.267 0.584 1    
142:  0.168 0.129 0.704 1    
143:  0.755 0.152 0.093 1    
144:  0.335 0.092 0.573 1    
145:  0.379 0.519 0.101 1    
146:  0.378 0.565 0.057 1    
147:  0.360 0.413 0.227 1    
148:  0.465 0.416 0.118 1    
149:  0.505 0.392 0.103 1    
150:  0.298 0.605 0.097 1    
151:  0.771 0.167 0.062 1    
152:  0.513 0.417 0.070 1    
153:  0.362 0.532 0.106 1    
154:  0.690 0.217 0.093 1    
155:  0.759 0.161 0.080 1    
156:  0.611 0.299 0.089 1    
157:  0.512 0.412 0.076 1    
158:  0.568 0.315 0.118 1    
159:  0.284 0.411 0.305 1    
160:  0.658 0.233 0.109 1    
161:  0.211 0.521 0.268 1    
162:  0.754 0.168 0.078 1    
163:  0.433 0.466 0.101 1    
164:  0.608 0.211 0.181 1    
165:  0.229 0.244 0.527 1    
166:  0.203 0.673 0.123 1    
167:  0.475 0.409 0.116 1    
168:  0.551 0.370 0.079 1    
169:  0.248 0.409 0.343 1    
170:  0.138 0.099 0.762 1    
171:  0.461 0.312 0.227 1    
172:  0.720 0.186 0.094 1    
173:  0.448 0.426 0.126 1    
174:  0.540 0.294 0.165 1    
175:  0.414 0.488 0.099 1    
176:  0.404 0.534 0.063 1    
177:  0.433 0.366 0.201 1    
178:  0.703 0.202 0.095 1    
179:  0.158 0.743 0.099 1    
180:  0.230 0.479 0.291 1    
181:  0.198 0.706 0.096 1    
182:  0.407 0.502 0.091 1    
183:  0.207 0.690 0.103 1    
184:  0.498 0.431 0.072 1    
185:  0.393 0.541 0.066 1    
186:  0.778 0.143 0.079 1    
187:  0.446 0.385 0.170 1    
188:  0.195 0.645 0.160 1    
189:  0.505 0.390 0.105 1    
190:  0.796 0.102 0.102 1    
191:  0.304 0.557 0.139 1    
192:  0.582 0.316 0.102 1    
193:  0.791 0.131 0.078 1    
194:  0.758 0.170 0.072 1    
195:  0.056 0.199 0.744 1    
196:  0.523 0.337 0.140 1    
197:  0.566 0.250 0.185 1    
198:  0.194 0.694 0.112 1    
199:  0.564 0.367 0.069 1    
200:  0.224 0.643 0.133 1    
201:  0.612 0.346 0.043 1    
202:  0.640 0.273 0.088 1    
203:  0.218 0.699 0.083 1    
204:  0.267 0.671 0.062 1    
205:  0.040 0.073 0.886 1    
