  1:   0.1474  0.3152  0.5374  1
  2:   0.1541  0.2889  0.5571  1
  3:   0.1206  0.3013  0.5781  1
  4:   0.1686  0.5370  0.2944  1
  5:   0.5017  0.1550  0.3433  1
  6:   0.7744  0.1052  0.1204  1
  7:   0.1350  0.4274  0.4376  1
  8:   0.1819  0.5425  0.2755  1
  9:   0.0936  0.6564  0.2500  1
 10:   0.3217  0.3294  0.3489  1
 11:   0.4602  0.1921  0.3477  1
 12:   0.1248  0.3689  0.5063  1
 13:   0.0974  0.4641  0.4385  1
 14:   0.1385  0.4507  0.4109  1
 15:   0.1322  0.2536  0.6142  1
 16:   0.7115  0.1346  0.1539  1
 17:   0.1258  0.5951  0.2792  1
 18:   0.1070  0.6118  0.2812  1
 19:   0.4559  0.2230  0.3211  1
 20:   0.0944  0.5262  0.3794  1
 21:   0.1816  0.2682  0.5503  1
 22:   0.8407  0.0596  0.0997  1
 23:   0.8168  0.0606  0.1226  1
 24:   0.4881  0.2386  0.2733  1
 25:   0.4554  0.1758  0.3688  1
 26:   0.3144  0.2936  0.3920  1
 27:   0.8086  0.0812  0.1102  1
 28:   0.2926  0.2466  0.4608  1
 29:   0.7948  0.0972  0.1080  1
 30:   0.7091  0.1501  0.1409  1
 31:   0.8401  0.0638  0.0961  1
 32:   0.6906  0.1780  0.1314  1
 33:   0.3755  0.2151  0.4094  1
 34:   0.7896  0.0996  0.1108  1
 35:   0.7250  0.1100  0.1650  1
 36:   0.6944  0.1392  0.1664  1
 37:   0.8488  0.0514  0.0998  1
 38:   0.7515  0.1018  0.1468  1
 39:   0.8020  0.0778  0.1202  1
 40:   0.2856  0.2378  0.4767  1
 41:   0.7393  0.1252  0.1356  1
 42:   0.6731  0.1368  0.1902  1
 43:   0.7573  0.1163  0.1263  1
 44:   0.6691  0.1167  0.2143  1
 45:   0.7902  0.0896  0.1202  1
 46:   0.7992  0.0858  0.1150  1
 47:   0.7191  0.1082  0.1728  1
 48:   0.7939  0.0931  0.1129  1
 49:   0.7723  0.1040  0.1237  1
 50:   0.6358  0.1669  0.1973  1
 51:   0.7943  0.0852  0.1205  1
 52:   0.7607  0.0920  0.1474  1
 53:   0.7284  0.1256  0.1460  1
 54:   0.8258  0.0646  0.1096  1
 55:   0.1146  0.5738  0.3116  1
 56:   0.2992  0.2570  0.4438  1
 57:   0.1548  0.5032  0.3420  1
 58:   0.1594  0.4843  0.3563  1
 59:   0.5044  0.1744  0.3212  1
 60:   0.0996  0.6329  0.2676  1
 61:   0.0923  0.6099  0.2978  1
 62:   0.1635  0.2433  0.5933  1
 63:   0.1954  0.2910  0.5136  1
 64:   0.1396  0.4370  0.4234  1
 65:   0.2340  0.3465  0.4195  1
 66:   0.1909  0.4772  0.3319  1
 67:   0.1362  0.4254  0.4384  1
 68:   0.1516  0.2329  0.6155  1
 69:   0.0776  0.5536  0.3688  1
 70:   0.0844  0.6172  0.2984  1
 71:   0.1578  0.3417  0.5005  1
 72:   0.0943  0.6576  0.2480  1
 73:   0.7484  0.1215  0.1301  1
 74:   0.1291  0.2467  0.6242  1
 75:   0.0726  0.6862  0.2412  1
 76:   0.7160  0.0864  0.1976  1
 77:   0.1080  0.2900  0.6020  1
 78:   0.1216  0.5418  0.3366  1
 79:   0.1574  0.5993  0.2433  1
 80:   0.6810  0.1860  0.1330  1
 81:   0.1955  0.4899  0.3145  1
 82:   0.2851  0.3898  0.3251  1
 83:   0.0762  0.5292  0.3947  1
 84:   0.1434  0.6091  0.2476  1
 85:   0.2176  0.3472  0.4352  1
 86:   0.6878  0.1096  0.2026  1
 87:   0.1226  0.5404  0.3370  1
 88:   0.1038  0.4475  0.4487  1
 89:   0.1248  0.4805  0.3947  1
 90:   0.1310  0.3708  0.4982  1
 91:   0.3146  0.3234  0.3620  1
 92:   0.0816  0.3983  0.5201  1
 93:   0.6671  0.1829  0.1500  1
 94:   0.1698  0.5149  0.3153  1
 95:   0.3320  0.2658  0.4022  1
 96:   0.0880  0.4028  0.5092  1
 97:   0.6742  0.1744  0.1514  1
 98:   0.1702  0.3893  0.4405  1
 99:   0.0812  0.3008  0.6180  1
100:   0.1859  0.4691  0.3449  1
101:   0.1276  0.5971  0.2753  1
102:   0.1392  0.5224  0.3385  1
103:   0.2274  0.4104  0.3622  1
104:   0.0606  0.5330  0.4063  1
105:   0.6496  0.1620  0.1884  1
106:   0.4452  0.1683  0.3864  1
107:   0.5775  0.2298  0.1926  1
108:   0.1388  0.3205  0.5407  1
109:   0.2166  0.2828  0.5006  1
110:   0.7778  0.1024  0.1198  1
111:   0.1074  0.6035  0.2890  1
112:   0.1078  0.5807  0.3115  1
113:   0.0986  0.4354  0.4660  1
114:   0.1086  0.6224  0.2690  1
115:   0.8016  0.0778  0.1206  1
116:   0.1286  0.5108  0.3606  1
117:   0.0746  0.3378  0.5876  1
118:   0.1148  0.5729  0.3124  1
119:   0.7110  0.1522  0.1368  1
120:   0.1526  0.4896  0.3578  1
121:   0.0956  0.5181  0.3863  1
122:   0.7270  0.1348  0.1382  1
123:   0.2232  0.3502  0.4266  1
124:   0.3425  0.2795  0.3781  1
125:   0.2573  0.3625  0.3801  1
126:   0.1090  0.4893  0.4017  1
127:   0.1444  0.5304  0.3252  1
128:   0.1165  0.5968  0.2867  1
129:   0.0788  0.4169  0.5043  1
130:   0.1973  0.4609  0.3417  1
131:   0.7118  0.1418  0.1464  1
132:   0.0980  0.3245  0.5775  1
133:   0.7116  0.1060  0.1824  1
134:   0.0916  0.4918  0.4166  1
135:   0.1290  0.3803  0.4907  1
136:   0.1068  0.6030  0.2902  1
137:   0.1098  0.4734  0.4168  1
138:   0.6354  0.1318  0.2328  1
139:   0.6946  0.1636  0.1418  1
140:   0.0920  0.6017  0.3063  1
141:   0.5634  0.1869  0.2497  1
142:   0.6646  0.1878  0.1476  1
143:   0.1034  0.6354  0.2612  1
144:   0.5278  0.3126  0.1596  1
145:   0.1232  0.3854  0.4914  1
146:   0.0840  0.3675  0.5485  1
147:   0.2394  0.3858  0.3748  1
148:   0.1468  0.4323  0.4209  1
149:   0.1330  0.4490  0.4180  1
150:   0.1499  0.3553  0.4949  1
151:   0.0782  0.6257  0.2961  1
152:   0.1003  0.4607  0.4389  1
153:   0.1310  0.3721  0.4969  1
154:   0.1100  0.5585  0.3315  1
155:   0.0986  0.6174  0.2840  1
156:   0.1024  0.5209  0.3766  1
157:   0.0978  0.4479  0.4543  1
158:   0.1436  0.5084  0.3480  1
159:   0.3095  0.3279  0.3625  1
160:   0.1272  0.5669  0.3059  1
161:   0.2983  0.2903  0.4114  1
162:   0.0966  0.6187  0.2847  1
163:   0.1397  0.4552  0.4050  1
164:   0.2021  0.5395  0.2583  1
165:   0.4912  0.2502  0.2586  1
166:   0.1705  0.2737  0.5558  1
167:   0.1396  0.4369  0.4235  1
168:   0.1198  0.5207  0.3595  1
169:   0.3562  0.3028  0.3410  1
170:   0.7104  0.1568  0.1328  1
171:   0.2134  0.4375  0.3491  1
172:   0.1250  0.6032  0.2718  1
173:   0.1476  0.4130  0.4394  1
174:   0.1768  0.4792  0.3440  1
175:   0.1343  0.3941  0.4716  1
176:   0.0924  0.3912  0.5164  1
177:   0.2170  0.4497  0.3333  1
178:   0.1073  0.6015  0.2911  1
179:   0.1652  0.2442  0.5905  1
180:   0.3167  0.2821  0.4013  1
181:   0.1440  0.2886  0.5674  1
182:   0.1213  0.4163  0.4623  1
183:   0.1268  0.2692  0.6040  1
184:   0.0944  0.4347  0.4709  1
185:   0.1046  0.3741  0.5213  1
186:   0.0962  0.6275  0.2763  1
187:   0.1734  0.4419  0.3847  1
188:   0.1842  0.2889  0.5269  1
189:   0.1305  0.5078  0.3617  1
190:   0.1112  0.6437  0.2451  1
191:   0.1692  0.3238  0.5070  1
192:   0.1166  0.5480  0.3354  1
193:   0.0924  0.6440  0.2636  1
194:   0.0862  0.6002  0.3136  1
195:   0.7415  0.0876  0.1709  1
196:   0.1780  0.5045  0.3175  1
197:   0.2072  0.5140  0.2788  1
198:   0.1298  0.2674  0.6027  1
199:   0.0966  0.4870  0.4164  1
200:   0.1930  0.2722  0.5348  1
201:   0.0574  0.5133  0.4293  1
202:   0.1058  0.5229  0.3714  1
203:   0.1266  0.2838  0.5896  1
204:   0.0926  0.3164  0.5909  1
205:   0.8316  0.0622  0.1062  1
