           1  1 0.1606 0.1557 0.1113 0.1749 0.1834 0.2142 
           2  1 0.1754 0.1275 0.1139 0.1870 0.2135 0.1828 
           3  1 0.1885 0.1439 0.1237 0.2064 0.1820 0.1557 
           4  1 0.1850 0.1785 0.1959 0.1453 0.1596 0.1356 
           5  1 0.2238 0.1360 0.1297 0.1722 0.1882 0.1501 
           6  1 0.1149 0.1891 0.0931 0.1430 0.1922 0.2677 
           7  1 0.1456 0.1794 0.1875 0.1715 0.1584 0.1576 
           8  1 0.2398 0.1181 0.1210 0.1797 0.1941 0.1473 
           9  1 0.1560 0.1605 0.1538 0.1728 0.1849 0.1720 
          10  1 0.2140 0.1280 0.1127 0.1797 0.1933 0.1724 
          11  1 0.1639 0.1542 0.1235 0.1932 0.1743 0.1909 
          12  1 0.1548 0.1634 0.1055 0.1664 0.1790 0.2309 
          13  1 0.2111 0.1310 0.1255 0.1814 0.1852 0.1657 
          14  1 0.1665 0.1743 0.1843 0.1628 0.1674 0.1446 
          15  1 0.2013 0.1415 0.1422 0.2020 0.1769 0.1361 
          16  1 0.1919 0.1524 0.1697 0.1862 0.1567 0.1431 
          17  1 0.2010 0.1492 0.1404 0.1662 0.1749 0.1682 
          18  1 0.1925 0.1390 0.1493 0.1749 0.1923 0.1521 
          19  1 0.1578 0.1646 0.1363 0.1844 0.1722 0.1848 
          20  1 0.1711 0.1708 0.1321 0.1674 0.1670 0.1916 
          21  1 0.1345 0.2107 0.2629 0.1250 0.1355 0.1314 
          22  1 0.1675 0.1697 0.1450 0.1991 0.1602 0.1584 
          23  1 0.1790 0.1525 0.1163 0.1765 0.1765 0.1991 
          24  1 0.0807 0.2689 0.3974 0.0840 0.0806 0.0885 
          25  1 0.1409 0.1700 0.1994 0.1509 0.1583 0.1805 
          26  1 0.1389 0.1821 0.1479 0.1572 0.1724 0.2015 
          27  1 0.1435 0.1630 0.1099 0.1677 0.1810 0.2349 
          28  1 0.1381 0.2061 0.1754 0.1864 0.1498 0.1442 
          29  1 0.1562 0.1589 0.1262 0.1626 0.1973 0.1988 
          30  1 0.1560 0.1797 0.1789 0.1908 0.1588 0.1358 
          31  1 0.2118 0.1396 0.1423 0.1706 0.1899 0.1457 
          32  1 0.1683 0.1675 0.1439 0.1908 0.1716 0.1579 
          33  1 0.1849 0.1480 0.1633 0.1804 0.1750 0.1484 
          34  1 0.1874 0.1600 0.1460 0.1839 0.1689 0.1539 
          35  1 0.1784 0.1486 0.1379 0.1977 0.1768 0.1607 
          36  1 0.1096 0.2049 0.1227 0.1387 0.1715 0.2526 
          37  1 0.2364 0.1239 0.1090 0.1798 0.1833 0.1676 
          38  1 0.1801 0.1344 0.1009 0.1807 0.1916 0.2123 
          39  1 0.1019 0.2495 0.3503 0.0977 0.0994 0.1011 
          40  1 0.1671 0.1449 0.1071 0.1827 0.1848 0.2134 
          41  1 0.1627 0.1705 0.1453 0.2010 0.1597 0.1608 
          42  1 0.1951 0.1562 0.1605 0.1861 0.1700 0.1321 
          43  1 0.1706 0.1643 0.1833 0.1602 0.1646 0.1570 
          44  1 0.1870 0.1455 0.1380 0.1896 0.1755 0.1645 
          45  1 0.1492 0.1914 0.2084 0.1825 0.1445 0.1240 
          46  1 0.1851 0.1674 0.1416 0.1704 0.1683 0.1673 
          47  1 0.1562 0.1622 0.1844 0.1704 0.1642 0.1626 
          48  1 0.1370 0.1729 0.1149 0.1585 0.1826 0.2342 
          49  1 0.1638 0.1583 0.1305 0.1837 0.1756 0.1881 
          50  1 0.1846 0.1371 0.1334 0.1798 0.1851 0.1799 
          51  1 0.0986 0.2518 0.3607 0.0934 0.0995 0.0959 
          52  1 0.1440 0.1881 0.2453 0.1451 0.1490 0.1284 
          53  1 0.1672 0.1611 0.1472 0.1665 0.1834 0.1746 
          54  1 0.1982 0.1547 0.1563 0.1802 0.1696 0.1411 
          55  1 0.1641 0.1405 0.1007 0.1703 0.1876 0.2367 
          56  1 0.1805 0.1709 0.1834 0.1533 0.1658 0.1462 
          57  1 0.1552 0.1914 0.2241 0.1720 0.1358 0.1214 
          58  1 0.0713 0.2854 0.4295 0.0739 0.0695 0.0705 
          59  1 0.1794 0.1498 0.1154 0.1786 0.1845 0.1923 
          60  1 0.1599 0.1361 0.1124 0.1921 0.1825 0.2171 
          61  1 0.1938 0.1396 0.1402 0.1777 0.1716 0.1772 
          62  1 0.1364 0.2019 0.2649 0.1403 0.1293 0.1273 
          63  1 0.0846 0.2603 0.3610 0.0924 0.0973 0.1044 
          64  1 0.1737 0.1495 0.1356 0.1668 0.1811 0.1933 
          65  1 0.1851 0.1492 0.1497 0.1764 0.1796 0.1599 
          66  1 0.1585 0.1790 0.2008 0.1514 0.1563 0.1540 
          67  1 0.1913 0.1520 0.1627 0.1837 0.1658 0.1445 
          68  1 0.1725 0.1552 0.1319 0.1981 0.1776 0.1646 
          69  1 0.1583 0.1522 0.1060 0.1707 0.1859 0.2270 
          70  1 0.1799 0.1508 0.1335 0.1875 0.1783 0.1700 
          71  1 0.1874 0.1513 0.1300 0.1654 0.1899 0.1761 
          72  1 0.2132 0.1403 0.1169 0.1815 0.1797 0.1685 
          73  1 0.1565 0.1538 0.1357 0.1568 0.1804 0.2167 
          74  1 0.1337 0.2076 0.2961 0.1348 0.1181 0.1097 
          75  1 0.1994 0.1497 0.1254 0.1764 0.1845 0.1647 
          76  1 0.1988 0.1394 0.1322 0.1974 0.1776 0.1545 
          77  1 0.1410 0.1706 0.1082 0.1730 0.1756 0.2317 
          78  1 0.2213 0.1364 0.1375 0.1781 0.1721 0.1547 
          79  1 0.1657 0.1284 0.1277 0.1722 0.1870 0.2191 
          80  1 0.1866 0.1439 0.1411 0.1990 0.1766 0.1527 
          81  1 0.1695 0.1700 0.1874 0.1508 0.1618 0.1605 
          82  1 0.1572 0.1567 0.1174 0.1709 0.1877 0.2100 
          83  1 0.1724 0.1708 0.1828 0.1659 0.1624 0.1457 
          84  1 0.1693 0.1540 0.1564 0.1678 0.1827 0.1698 
          85  1 0.1446 0.1866 0.1953 0.1572 0.1497 0.1666 
          86  1 0.1511 0.1801 0.1996 0.1885 0.1490 0.1318 
          87  1 0.1938 0.1547 0.1450 0.1871 0.1671 0.1523 
          88  1 0.1890 0.1534 0.1537 0.1776 0.1687 0.1576 
          89  1 0.1707 0.1660 0.1501 0.1797 0.1714 0.1622 
          90  1 0.1735 0.1379 0.1103 0.1648 0.2034 0.2102 
          91  1 0.1439 0.1827 0.1642 0.1425 0.1753 0.1915 
          92  1 0.1498 0.1797 0.1901 0.1991 0.1422 0.1391 
          93  1 0.1884 0.1444 0.1247 0.1874 0.1800 0.1750 
          94  1 0.1514 0.1785 0.1481 0.1950 0.1649 0.1621 
          95  1 0.1749 0.1443 0.1403 0.1852 0.1716 0.1836 
          96  1 0.1665 0.1719 0.1661 0.1728 0.1681 0.1546 
          97  1 0.1613 0.1702 0.1450 0.1902 0.1641 0.1693 
          98  1 0.1772 0.1326 0.1043 0.1901 0.1894 0.2064 
          99  1 0.1980 0.1255 0.1081 0.1834 0.1958 0.1892 
         100  1 0.2095 0.1268 0.1228 0.1798 0.1826 0.1785 
         101  1 0.1471 0.1915 0.2505 0.1451 0.1396 0.1262 
         102  1 0.1682 0.1620 0.1384 0.1741 0.1805 0.1767 
         103  1 0.1489 0.2084 0.2607 0.1396 0.1308 0.1115 
         104  1 0.1699 0.1800 0.1928 0.1568 0.1572 0.1433 
         105  1 0.1643 0.1612 0.1792 0.1537 0.1676 0.1740 
         106  1 0.1766 0.1916 0.2667 0.1358 0.1266 0.1027 
         107  1 0.1443 0.1553 0.1204 0.1757 0.1916 0.2127 
         108  1 0.1967 0.1425 0.1314 0.1888 0.1827 0.1579 
         109  1 0.1812 0.1491 0.1365 0.1948 0.1795 0.1588 
         110  1 0.1721 0.1751 0.2003 0.1542 0.1594 0.1389 
         111  1 0.1711 0.1603 0.1723 0.1739 0.1672 0.1551 
         112  1 0.2226 0.1229 0.1348 0.1749 0.1881 0.1567 
         113  1 0.1541 0.1790 0.1649 0.1963 0.1577 0.1480 
         114  1 0.1705 0.1511 0.1247 0.1855 0.1842 0.1839 
         115  1 0.1673 0.1769 0.1719 0.1801 0.1602 0.1437 
         116  1 0.1749 0.1501 0.1282 0.2011 0.1776 0.1681 
         117  1 0.1637 0.1596 0.1270 0.1674 0.1807 0.2016 
         118  1 0.1665 0.1414 0.1238 0.1664 0.1722 0.2296 
         119  1 0.1698 0.1482 0.1293 0.1751 0.1803 0.1973 
         120  1 0.1312 0.2084 0.2759 0.1335 0.1267 0.1241 
         121  1 0.1916 0.1448 0.1342 0.1790 0.1875 0.1628 
         122  1 0.1845 0.1493 0.1340 0.1928 0.1791 0.1603 
         123  1 0.1756 0.1517 0.1487 0.1696 0.1771 0.1773 
         124  1 0.1800 0.1542 0.1229 0.1766 0.1793 0.1870 
         125  1 0.1681 0.1785 0.2234 0.1532 0.1479 0.1289 
         126  1 0.2108 0.1381 0.1199 0.1987 0.1777 0.1548 
         127  1 0.1648 0.1582 0.1262 0.1799 0.1749 0.1959 
         128  1 0.1970 0.1377 0.1067 0.1784 0.1943 0.1859 
         129  1 0.2250 0.1484 0.1628 0.1760 0.1615 0.1263 
         130  1 0.1630 0.1615 0.1466 0.1670 0.1852 0.1768 
         131  1 0.1868 0.1425 0.1449 0.1965 0.1807 0.1486 
         132  1 0.1913 0.1275 0.1062 0.1915 0.1910 0.1925 
         133  1 0.1658 0.1669 0.1829 0.1794 0.1588 0.1462 
         134  1 0.1839 0.1369 0.1390 0.1675 0.1863 0.1864 
         135  1 0.1743 0.1793 0.2132 0.1494 0.1557 0.1280 
         136  1 0.2064 0.1365 0.1440 0.1745 0.1835 0.1552 
         137  1 0.1713 0.1744 0.1806 0.1929 0.1517 0.1291 
         138  1 0.2019 0.1495 0.1572 0.1825 0.1649 0.1441 
         139  1 0.1717 0.1545 0.1379 0.1637 0.1766 0.1956 
         140  1 0.1684 0.1608 0.1100 0.1721 0.1838 0.2050 
         141  1 0.2612 0.1221 0.1305 0.1875 0.1658 0.1329 
         142  1 0.1914 0.1401 0.1175 0.1752 0.1915 0.1842 
         143  1 0.1541 0.1656 0.1108 0.1751 0.1782 0.2163 
         144  1 0.1724 0.1547 0.1301 0.1829 0.1811 0.1788 
         145  1 0.2115 0.1541 0.1703 0.1749 0.1603 0.1290 
         146  1 0.1551 0.1463 0.1017 0.1587 0.1931 0.2452 
         147  1 0.1773 0.1539 0.1682 0.1708 0.1726 0.1573 
         148  1 0.2033 0.1479 0.1585 0.1694 0.1668 0.1541 
         149  1 0.2084 0.1330 0.1153 0.1773 0.1933 0.1727 
         150  1 0.1570 0.1676 0.1363 0.1660 0.1718 0.2014 
         151  1 0.1482 0.1819 0.1170 0.1686 0.1719 0.2124 
         152  1 0.1898 0.1300 0.1254 0.1800 0.2000 0.1748 
         153  1 0.1780 0.1600 0.1429 0.1858 0.1683 0.1650 
         154  1 0.1783 0.1578 0.1571 0.1883 0.1730 0.1455 
         155  1 0.1718 0.1623 0.1401 0.1886 0.1681 0.1690 
         156  1 0.1478 0.1950 0.2415 0.1515 0.1401 0.1241 
         157  1 0.1385 0.1811 0.2059 0.1524 0.1668 0.1553 
         158  1 0.2028 0.1333 0.1122 0.1807 0.1882 0.1829 
         159  1 0.2035 0.1231 0.1102 0.1898 0.1929 0.1805 
         160  1 0.2133 0.1466 0.1565 0.1635 0.1702 0.1499 
         161  1 0.1844 0.1361 0.1270 0.1822 0.1934 0.1770 
         162  1 0.1772 0.1535 0.1307 0.1745 0.1818 0.1823 
         163  1 0.1539 0.1841 0.2218 0.1390 0.1526 0.1486 
         164  1 0.1866 0.1402 0.1313 0.1957 0.1764 0.1698 
         165  1 0.1975 0.1592 0.1636 0.1856 0.1596 0.1344 
         166  1 0.2104 0.1357 0.1166 0.1809 0.1873 0.1691 
         167  1 0.1465 0.2083 0.2326 0.1509 0.1374 0.1244 
         168  1 0.2084 0.1382 0.1102 0.1892 0.1742 0.1797 
         169  1 0.2049 0.1473 0.1524 0.1651 0.1825 0.1479 
         170  1 0.1947 0.1352 0.1279 0.1714 0.2014 0.1694 
         171  1 0.1099 0.1769 0.0691 0.1183 0.2071 0.3186 
         172  1 0.1635 0.1630 0.1437 0.1657 0.1788 0.1853 
         173  1 0.2190 0.1424 0.1343 0.1619 0.1796 0.1626 
         174  1 0.1728 0.1534 0.1179 0.1761 0.1911 0.1887 
         175  1 0.1920 0.1383 0.1278 0.1864 0.1831 0.1724 
         176  1 0.1881 0.1389 0.1372 0.1864 0.1740 0.1754 
         177  1 0.1645 0.1626 0.1636 0.1611 0.1680 0.1802 
         178  1 0.1804 0.1606 0.1939 0.1682 0.1594 0.1375 
         179  1 0.1098 0.1763 0.0687 0.1192 0.2062 0.3197 
         180  1 0.1672 0.1555 0.1371 0.1669 0.1769 0.1963 
         181  1 0.2102 0.1469 0.1424 0.1850 0.1748 0.1408 
         182  1 0.1426 0.1664 0.1148 0.1588 0.1849 0.2325 
         183  1 0.1546 0.1680 0.1632 0.1560 0.1804 0.1778 
         184  1 0.1601 0.1655 0.1478 0.1483 0.1707 0.2077 
         185  1 0.2021 0.1417 0.1371 0.1864 0.1916 0.1410 
         186  1 0.1622 0.1698 0.1899 0.1506 0.1618 0.1657 
         187  1 0.1868 0.1734 0.2106 0.1558 0.1467 0.1267 
         188  1 0.1682 0.1495 0.1157 0.1517 0.1945 0.2203 
         189  1 0.1255 0.2128 0.2109 0.1868 0.1346 0.1293 
         190  1 0.1655 0.1577 0.1614 0.1624 0.1803 0.1727 
         191  1 0.1581 0.1663 0.1260 0.1591 0.1900 0.2005 
         192  1 0.1694 0.1607 0.1417 0.1632 0.1812 0.1839 
         193  1 0.1739 0.1472 0.1220 0.1903 0.1730 0.1936 
         194  1 0.1936 0.1407 0.1335 0.1934 0.1800 0.1587 
         195  1 0.2422 0.1278 0.1194 0.1869 0.1830 0.1407 
         196  1 0.1740 0.1455 0.1209 0.1787 0.1824 0.1984 
         197  1 0.1793 0.1556 0.1447 0.1803 0.1726 0.1675 
         198  1 0.1398 0.1741 0.1039 0.1715 0.1814 0.2293 
         199  1 0.1654 0.1521 0.1424 0.1625 0.1836 0.1939 
         200  1 0.1485 0.1637 0.1193 0.1861 0.1798 0.2027 
         201  1 0.1659 0.1611 0.1416 0.1692 0.1790 0.1831 
         202  1 0.1652 0.1794 0.1721 0.1500 0.1698 0.1636 
         203  1 0.1332 0.1637 0.0849 0.1491 0.1845 0.2846 
         204  1 0.2350 0.1296 0.1326 0.1772 0.1787 0.1468 
         205  1 0.0496 0.3098 0.4952 0.0516 0.0489 0.0449 
         206  1 0.1942 0.1341 0.0988 0.1655 0.1940 0.2134 
         207  1 0.2173 0.1278 0.1161 0.1889 0.1792 0.1707 
         208  1 0.0484 0.3093 0.4958 0.0519 0.0485 0.0461 
         209  1 0.1842 0.1578 0.1398 0.1730 0.1766 0.1686 
         210  1 0.1478 0.1874 0.1781 0.1531 0.1595 0.1740 
         211  1 0.2239 0.1239 0.1405 0.1715 0.1939 0.1464 
         212  1 0.1831 0.1595 0.1330 0.1744 0.1779 0.1720 
         213  1 0.1758 0.1614 0.1357 0.1847 0.1663 0.1761 
         214  1 0.1556 0.1751 0.1964 0.1518 0.1615 0.1596 
         215  1 0.1694 0.1502 0.1183 0.1798 0.1817 0.2006 
         216  1 0.1631 0.1845 0.2127 0.1536 0.1472 0.1390 
         217  1 0.1049 0.2442 0.3467 0.1061 0.0979 0.1002 
         218  1 0.1410 0.1988 0.1686 0.1961 0.1512 0.1443 
         219  1 0.1896 0.1386 0.1393 0.1925 0.1782 0.1619 
         220  1 0.1644 0.1687 0.1919 0.1613 0.1596 0.1540 
         221  1 0.1877 0.1682 0.1817 0.1667 0.1586 0.1371 
         222  1 0.1917 0.1313 0.1207 0.1845 0.1967 0.1752 
         223  1 0.1627 0.1723 0.1838 0.1612 0.1599 0.1602 
         224  1 0.1737 0.1557 0.1528 0.2035 0.1644 0.1500 
         225  1 0.1362 0.2020 0.1941 0.1925 0.1414 0.1339 
         226  1 0.1742 0.1693 0.1720 0.1760 0.1639 0.1446 
         227  1 0.1598 0.1654 0.1252 0.1640 0.1851 0.2005 
         228  1 0.1674 0.1683 0.1935 0.1550 0.1732 0.1425 
         229  1 0.1391 0.1987 0.1731 0.1945 0.1491 0.1455 
         230  1 0.1654 0.1713 0.1919 0.1696 0.1550 0.1468 
         231  1 0.1662 0.1744 0.1611 0.1793 0.1649 0.1541 
         232  1 0.1298 0.1984 0.2677 0.1412 0.1370 0.1259 
         233  1 0.2028 0.1416 0.1358 0.1747 0.1789 0.1661 
         234  1 0.2106 0.1487 0.1458 0.1878 0.1645 0.1427 
         235  1 0.1629 0.1685 0.1420 0.1563 0.1780 0.1923 
         236  1 0.1705 0.1558 0.1359 0.1626 0.1779 0.1974 
         237  1 0.1667 0.1288 0.1015 0.1766 0.1926 0.2338 
         238  1 0.1797 0.1566 0.1524 0.1695 0.1818 0.1601 
         239  1 0.1413 0.1680 0.1202 0.1616 0.1804 0.2285 
         240  1 0.1528 0.1537 0.1715 0.1711 0.1710 0.1798 
         241  1 0.1585 0.1801 0.2155 0.1636 0.1507 0.1315 
         242  1 0.1044 0.2287 0.3415 0.1104 0.1098 0.1052 
         243  1 0.1163 0.2217 0.3106 0.1208 0.1179 0.1127 
         244  1 0.1631 0.1570 0.1057 0.1568 0.2027 0.2146 
         245  1 0.1714 0.1515 0.1414 0.1734 0.1786 0.1836 
         246  1 0.1602 0.1686 0.1980 0.1691 0.1584 0.1457 
