           1  1 0.1675 0.0576 0.1605 0.1406 0.1528 0.1659 0.1552 
           2  1 0.1585 0.0343 0.1562 0.1658 0.1578 0.1657 0.1617 
           3  1 0.1461 0.0426 0.1677 0.1572 0.1573 0.1660 0.1631 
           4  1 0.1068 0.2339 0.1125 0.1186 0.1436 0.1354 0.1491 
           5  1 0.1455 0.0854 0.1283 0.1354 0.1745 0.1455 0.1855 
           6  1 0.2091 0.0540 0.1975 0.1435 0.1243 0.1585 0.1132 
           7  1 0.1377 0.1380 0.1619 0.1506 0.1337 0.1476 0.1305 
           8  1 0.1367 0.0674 0.1262 0.1398 0.1835 0.1537 0.1927 
           9  1 0.1453 0.0945 0.1577 0.1468 0.1460 0.1575 0.1522 
          10  1 0.1503 0.0502 0.1433 0.1515 0.1600 0.1610 0.1836 
          11  1 0.1708 0.0593 0.1556 0.1553 0.1523 0.1594 0.1474 
          12  1 0.1868 0.0553 0.1698 0.1524 0.1392 0.1544 0.1421 
          13  1 0.1399 0.0594 0.1481 0.1464 0.1721 0.1526 0.1815 
          14  1 0.1256 0.1395 0.1429 0.1632 0.1472 0.1462 0.1354 
          15  1 0.1339 0.0608 0.1497 0.1606 0.1664 0.1606 0.1680 
          16  1 0.1354 0.1020 0.1460 0.1605 0.1511 0.1516 0.1533 
          17  1 0.1431 0.1108 0.1327 0.1385 0.1563 0.1459 0.1727 
          18  1 0.1351 0.0876 0.1396 0.1504 0.1623 0.1574 0.1675 
          19  1 0.1693 0.0712 0.1527 0.1549 0.1472 0.1570 0.1477 
          20  1 0.1573 0.0785 0.1553 0.1475 0.1514 0.1595 0.1505 
          21  1 0.1029 0.3815 0.0999 0.0981 0.1124 0.1004 0.1049 
          22  1 0.1441 0.0629 0.1695 0.1793 0.1398 0.1623 0.1421 
          23  1 0.1615 0.0776 0.1592 0.1469 0.1458 0.1560 0.1530 
          24  1 0.0584 0.6597 0.0596 0.0551 0.0555 0.0568 0.0551 
          25  1 0.1482 0.1990 0.1346 0.1192 0.1347 0.1336 0.1307 
          26  1 0.1618 0.1186 0.1605 0.1406 0.1336 0.1556 0.1293 
          27  1 0.1959 0.0732 0.1657 0.1356 0.1318 0.1555 0.1424 
          28  1 0.1285 0.0854 0.1727 0.1973 0.1305 0.1629 0.1227 
          29  1 0.1673 0.0715 0.1613 0.1504 0.1421 0.1686 0.1388 
          30  1 0.1304 0.0884 0.1777 0.1756 0.1405 0.1629 0.1245 
          31  1 0.1329 0.0939 0.1287 0.1423 0.1809 0.1407 0.1806 
          32  1 0.1510 0.0554 0.1684 0.1641 0.1548 0.1621 0.1442 
          33  1 0.1441 0.1169 0.1363 0.1416 0.1504 0.1505 0.1603 
          34  1 0.1356 0.0892 0.1434 0.1586 0.1557 0.1508 0.1667 
          35  1 0.1410 0.0522 0.1647 0.1658 0.1604 0.1536 0.1622 
          36  1 0.2044 0.0950 0.1821 0.1427 0.1142 0.1595 0.1020 
          37  1 0.1419 0.0333 0.1488 0.1486 0.1852 0.1550 0.1873 
          38  1 0.1681 0.0427 0.1569 0.1499 0.1566 0.1663 0.1596 
          39  1 0.0752 0.5429 0.0765 0.0744 0.0783 0.0758 0.0768 
          40  1 0.1714 0.0423 0.1655 0.1598 0.1436 0.1714 0.1460 
          41  1 0.1526 0.0688 0.1813 0.1700 0.1371 0.1531 0.1371 
          42  1 0.1242 0.1068 0.1401 0.1604 0.1599 0.1487 0.1598 
          43  1 0.1299 0.1761 0.1349 0.1274 0.1424 0.1428 0.1465 
          44  1 0.1487 0.0869 0.1560 0.1579 0.1475 0.1543 0.1487 
          45  1 0.1184 0.1371 0.1599 0.1705 0.1390 0.1465 0.1286 
          46  1 0.1476 0.1000 0.1460 0.1542 0.1437 0.1493 0.1591 
          47  1 0.1444 0.1540 0.1381 0.1399 0.1436 0.1365 0.1435 
          48  1 0.1894 0.0780 0.1651 0.1416 0.1371 0.1587 0.1300 
          49  1 0.1649 0.0828 0.1555 0.1521 0.1437 0.1461 0.1547 
          50  1 0.1633 0.0899 0.1387 0.1441 0.1526 0.1508 0.1606 
          51  1 0.0695 0.5745 0.0681 0.0672 0.0745 0.0707 0.0755 
          52  1 0.1170 0.2619 0.1207 0.1169 0.1347 0.1214 0.1275 
          53  1 0.1475 0.1078 0.1490 0.1469 0.1552 0.1431 0.1505 
          54  1 0.1322 0.1167 0.1374 0.1400 0.1485 0.1515 0.1737 
          55  1 0.1847 0.0627 0.1647 0.1602 0.1407 0.1499 0.1371 
          56  1 0.1285 0.1990 0.1137 0.1285 0.1405 0.1357 0.1542 
          57  1 0.1170 0.2029 0.1387 0.1418 0.1337 0.1356 0.1302 
          58  1 0.0454 0.7213 0.0455 0.0458 0.0485 0.0473 0.0464 
          59  1 0.1759 0.0473 0.1698 0.1549 0.1478 0.1473 0.1570 
          60  1 0.1927 0.0515 0.1471 0.1551 0.1542 0.1556 0.1438 
          61  1 0.1536 0.0930 0.1358 0.1383 0.1652 0.1459 0.1683 
          62  1 0.1062 0.3015 0.1221 0.1207 0.1102 0.1187 0.1206 
          63  1 0.0754 0.5647 0.0799 0.0720 0.0698 0.0717 0.0664 
          64  1 0.1535 0.1012 0.1622 0.1477 0.1487 0.1468 0.1400 
          65  1 0.1403 0.0911 0.1451 0.1508 0.1582 0.1520 0.1625 
          66  1 0.1377 0.1965 0.1449 0.1302 0.1288 0.1323 0.1295 
          67  1 0.1311 0.1004 0.1351 0.1503 0.1639 0.1499 0.1694 
          68  1 0.1491 0.0479 0.1676 0.1647 0.1543 0.1628 0.1535 
          69  1 0.1732 0.0436 0.1779 0.1682 0.1475 0.1500 0.1397 
          70  1 0.1420 0.0656 0.1614 0.1655 0.1654 0.1486 0.1515 
          71  1 0.1440 0.0787 0.1640 0.1554 0.1540 0.1410 0.1628 
          72  1 0.1503 0.0529 0.1516 0.1472 0.1695 0.1578 0.1708 
          73  1 0.1608 0.1110 0.1565 0.1476 0.1468 0.1401 0.1370 
          74  1 0.0984 0.3901 0.0954 0.1006 0.1068 0.0981 0.1105 
          75  1 0.1399 0.0534 0.1452 0.1731 0.1607 0.1590 0.1688 
          76  1 0.1453 0.0593 0.1517 0.1658 0.1571 0.1523 0.1685 
          77  1 0.1975 0.0433 0.1761 0.1525 0.1368 0.1635 0.1302 
          78  1 0.1564 0.0783 0.1228 0.1326 0.1730 0.1515 0.1854 
          79  1 0.1645 0.0797 0.1499 0.1501 0.1595 0.1415 0.1549 
          80  1 0.1414 0.0525 0.1630 0.1653 0.1562 0.1717 0.1498 
          81  1 0.1319 0.1850 0.1327 0.1295 0.1403 0.1380 0.1425 
          82  1 0.1875 0.0642 0.1547 0.1518 0.1414 0.1578 0.1427 
          83  1 0.1285 0.1811 0.1213 0.1287 0.1405 0.1385 0.1614 
          84  1 0.1519 0.1116 0.1418 0.1437 0.1589 0.1490 0.1432 
          85  1 0.1390 0.1611 0.1512 0.1507 0.1307 0.1375 0.1299 
          86  1 0.1290 0.1326 0.1654 0.1539 0.1345 0.1530 0.1316 
          87  1 0.1372 0.0910 0.1417 0.1581 0.1569 0.1459 0.1693 
          88  1 0.1471 0.0991 0.1457 0.1495 0.1581 0.1475 0.1530 
          89  1 0.1437 0.0674 0.1562 0.1745 0.1459 0.1631 0.1491 
          90  1 0.1834 0.0487 0.1466 0.1491 0.1653 0.1579 0.1490 
          91  1 0.1412 0.1630 0.1531 0.1339 0.1367 0.1437 0.1284 
          92  1 0.1269 0.1386 0.1546 0.1676 0.1340 0.1511 0.1272 
          93  1 0.1595 0.0627 0.1505 0.1627 0.1563 0.1432 0.1650 
          94  1 0.1465 0.0558 0.1771 0.1835 0.1353 0.1727 0.1291 
          95  1 0.1559 0.0770 0.1516 0.1459 0.1568 0.1517 0.1610 
          96  1 0.1377 0.1058 0.1484 0.1584 0.1451 0.1538 0.1508 
          97  1 0.1439 0.0701 0.1670 0.1747 0.1405 0.1626 0.1412 
          98  1 0.1829 0.0371 0.1531 0.1602 0.1540 0.1536 0.1590 
          99  1 0.1902 0.0429 0.1435 0.1502 0.1603 0.1548 0.1580 
         100  1 0.1659 0.0685 0.1369 0.1357 0.1687 0.1526 0.1717 
         101  1 0.1088 0.2972 0.1042 0.1074 0.1272 0.1206 0.1346 
         102  1 0.1593 0.0734 0.1711 0.1525 0.1460 0.1566 0.1410 
         103  1 0.0994 0.3355 0.1043 0.1063 0.1236 0.1066 0.1242 
         104  1 0.1266 0.1913 0.1336 0.1341 0.1361 0.1327 0.1456 
         105  1 0.1555 0.1632 0.1319 0.1300 0.1369 0.1426 0.1399 
         106  1 0.0943 0.3509 0.0871 0.1017 0.1307 0.1006 0.1346 
         107  1 0.1718 0.0560 0.1731 0.1527 0.1479 0.1681 0.1304 
         108  1 0.1329 0.0717 0.1462 0.1495 0.1700 0.1587 0.1711 
         109  1 0.1414 0.0752 0.1616 0.1521 0.1483 0.1557 0.1657 
         110  1 0.1319 0.2006 0.1244 0.1215 0.1344 0.1358 0.1514 
         111  1 0.1418 0.1281 0.1472 0.1425 0.1468 0.1387 0.1548 
         112  1 0.1481 0.0813 0.1361 0.1362 0.1754 0.1519 0.1709 
         113  1 0.1409 0.0807 0.1684 0.1790 0.1391 0.1635 0.1283 
         114  1 0.1574 0.0588 0.1632 0.1617 0.1493 0.1546 0.1550 
         115  1 0.1368 0.1108 0.1446 0.1694 0.1442 0.1567 0.1376 
         116  1 0.1442 0.0424 0.1730 0.1725 0.1516 0.1666 0.1496 
         117  1 0.1718 0.0679 0.1656 0.1540 0.1455 0.1555 0.1397 
         118  1 0.1711 0.0717 0.1593 0.1594 0.1485 0.1434 0.1465 
         119  1 0.1834 0.0843 0.1350 0.1411 0.1517 0.1597 0.1448 
         120  1 0.1008 0.3610 0.1082 0.1022 0.1133 0.1017 0.1126 
         121  1 0.1481 0.0940 0.1405 0.1406 0.1583 0.1431 0.1754 
         122  1 0.1481 0.0580 0.1564 0.1642 0.1500 0.1605 0.1629 
         123  1 0.1458 0.1120 0.1339 0.1473 0.1499 0.1491 0.1620 
         124  1 0.1575 0.0580 0.1670 0.1661 0.1532 0.1490 0.1493 
         125  1 0.1221 0.2313 0.1173 0.1242 0.1405 0.1296 0.1351 
         126  1 0.1425 0.0427 0.1598 0.1655 0.1653 0.1451 0.1791 
         127  1 0.1632 0.0903 0.1637 0.1559 0.1445 0.1462 0.1361 
         128  1 0.1690 0.0387 0.1366 0.1571 0.1656 0.1528 0.1802 
         129  1 0.1233 0.1196 0.1220 0.1403 0.1730 0.1388 0.1830 
         130  1 0.1466 0.0991 0.1540 0.1450 0.1537 0.1532 0.1485 
         131  1 0.1464 0.0646 0.1466 0.1575 0.1633 0.1544 0.1673 
         132  1 0.1641 0.0361 0.1466 0.1632 0.1724 0.1597 0.1580 
         133  1 0.1309 0.1438 0.1365 0.1451 0.1423 0.1499 0.1515 
         134  1 0.1469 0.1044 0.1411 0.1355 0.1620 0.1477 0.1624 
         135  1 0.1171 0.2489 0.1128 0.1158 0.1370 0.1262 0.1422 
         136  1 0.1317 0.1028 0.1362 0.1422 0.1659 0.1409 0.1804 
         137  1 0.1235 0.1112 0.1526 0.1684 0.1440 0.1614 0.1389 
         138  1 0.1358 0.1195 0.1394 0.1381 0.1577 0.1389 0.1707 
         139  1 0.1585 0.1107 0.1467 0.1393 0.1502 0.1459 0.1487 
         140  1 0.1748 0.0537 0.1736 0.1510 0.1480 0.1539 0.1451 
         141  1 0.1297 0.0736 0.1221 0.1332 0.1903 0.1455 0.2056 
         142  1 0.1528 0.0453 0.1541 0.1549 0.1585 0.1649 0.1695 
         143  1 0.1693 0.0663 0.1861 0.1389 0.1381 0.1581 0.1433 
         144  1 0.1556 0.0710 0.1541 0.1520 0.1601 0.1568 0.1504 
         145  1 0.1205 0.1346 0.1350 0.1315 0.1540 0.1372 0.1872 
         146  1 0.1825 0.0549 0.1731 0.1617 0.1509 0.1432 0.1338 
         147  1 0.1418 0.1154 0.1363 0.1433 0.1575 0.1496 0.1561 
         148  1 0.1389 0.1399 0.1236 0.1313 0.1603 0.1390 0.1670 
         149  1 0.1489 0.0619 0.1462 0.1472 0.1641 0.1478 0.1838 
         150  1 0.1511 0.1053 0.1592 0.1558 0.1384 0.1556 0.1346 
         151  1 0.1761 0.0708 0.1630 0.1487 0.1395 0.1676 0.1344 
         152  1 0.1518 0.0638 0.1441 0.1384 0.1717 0.1598 0.1703 
         153  1 0.1558 0.0717 0.1542 0.1528 0.1528 0.1589 0.1538 
         154  1 0.1287 0.0862 0.1472 0.1653 0.1554 0.1587 0.1584 
         155  1 0.1517 0.0813 0.1467 0.1543 0.1491 0.1603 0.1567 
         156  1 0.1118 0.2658 0.1214 0.1228 0.1287 0.1266 0.1229 
         157  1 0.1389 0.1496 0.1497 0.1525 0.1323 0.1420 0.1350 
         158  1 0.1646 0.0499 0.1396 0.1510 0.1621 0.1630 0.1699 
         159  1 0.1664 0.0472 0.1449 0.1467 0.1763 0.1496 0.1690 
         160  1 0.1281 0.1360 0.1284 0.1304 0.1639 0.1410 0.1722 
         161  1 0.1563 0.0723 0.1421 0.1383 0.1649 0.1529 0.1734 
         162  1 0.1537 0.0766 0.1455 0.1458 0.1651 0.1516 0.1616 
         163  1 0.1223 0.2693 0.1212 0.1146 0.1317 0.1189 0.1220 
         164  1 0.1382 0.0630 0.1419 0.1687 0.1571 0.1591 0.1720 
         165  1 0.1257 0.1085 0.1415 0.1560 0.1584 0.1474 0.1626 
         166  1 0.1375 0.0487 0.1439 0.1535 0.1837 0.1511 0.1815 
         167  1 0.1119 0.2361 0.1384 0.1384 0.1266 0.1282 0.1204 
         168  1 0.1502 0.0443 0.1547 0.1539 0.1596 0.1574 0.1800 
         169  1 0.1316 0.1105 0.1324 0.1342 0.1738 0.1427 0.1749 
         170  1 0.1501 0.0805 0.1399 0.1340 0.1687 0.1655 0.1613 
         171  1 0.2228 0.0289 0.2178 0.1632 0.1257 0.1566 0.0849 
         172  1 0.1472 0.0881 0.1529 0.1553 0.1484 0.1512 0.1568 
         173  1 0.1450 0.1016 0.1263 0.1336 0.1732 0.1413 0.1789 
         174  1 0.1570 0.0483 0.1748 0.1575 0.1506 0.1582 0.1536 
         175  1 0.1532 0.0690 0.1455 0.1557 0.1585 0.1465 0.1716 
         176  1 0.1567 0.0952 0.1407 0.1552 0.1491 0.1447 0.1584 
         177  1 0.1426 0.1403 0.1475 0.1569 0.1368 0.1374 0.1386 
         178  1 0.1230 0.1605 0.1311 0.1344 0.1509 0.1464 0.1536 
         179  1 0.2231 0.0292 0.2170 0.1614 0.1253 0.1552 0.0889 
         180  1 0.1536 0.1003 0.1568 0.1453 0.1505 0.1485 0.1451 
         181  1 0.1371 0.0771 0.1408 0.1519 0.1671 0.1504 0.1756 
         182  1 0.1883 0.0697 0.1710 0.1543 0.1371 0.1578 0.1217 
         183  1 0.1590 0.1135 0.1457 0.1397 0.1482 0.1489 0.1448 
         184  1 0.1450 0.1243 0.1557 0.1469 0.1425 0.1457 0.1399 
         185  1 0.1377 0.0616 0.1437 0.1657 0.1672 0.1562 0.1680 
         186  1 0.1357 0.2014 0.1334 0.1235 0.1436 0.1292 0.1332 
         187  1 0.1088 0.2409 0.1138 0.1204 0.1396 0.1244 0.1522 
         188  1 0.1688 0.0700 0.1727 0.1512 0.1582 0.1445 0.1346 
         189  1 0.1116 0.1110 0.1813 0.2037 0.1233 0.1598 0.1093 
         190  1 0.1457 0.1191 0.1507 0.1416 0.1582 0.1392 0.1456 
         191  1 0.1696 0.0918 0.1656 0.1431 0.1443 0.1520 0.1336 
         192  1 0.1465 0.1028 0.1514 0.1450 0.1399 0.1668 0.1475 
         193  1 0.1667 0.0608 0.1540 0.1584 0.1464 0.1611 0.1527 
         194  1 0.1465 0.0673 0.1441 0.1650 0.1591 0.1503 0.1676 
         195  1 0.1329 0.0493 0.1309 0.1408 0.1957 0.1562 0.1941 
         196  1 0.1734 0.0704 0.1451 0.1486 0.1518 0.1496 0.1612 
         197  1 0.1428 0.0947 0.1461 0.1423 0.1600 0.1542 0.1599 
         198  1 0.1814 0.0518 0.1754 0.1517 0.1360 0.1684 0.1352 
         199  1 0.1601 0.1015 0.1556 0.1430 0.1484 0.1495 0.1419 
         200  1 0.1899 0.0576 0.1636 0.1531 0.1333 0.1671 0.1354 
         201  1 0.1512 0.1049 0.1496 0.1440 0.1491 0.1505 0.1508 
         202  1 0.1298 0.1778 0.1367 0.1277 0.1410 0.1408 0.1462 
         203  1 0.2144 0.0391 0.1753 0.1376 0.1471 0.1608 0.1257 
         204  1 0.1346 0.0764 0.1319 0.1393 0.1806 0.1479 0.1893 
         205  1 0.0266 0.8348 0.0274 0.0273 0.0286 0.0272 0.0280 
         206  1 0.1690 0.0498 0.1470 0.1564 0.1588 0.1599 0.1591 
         207  1 0.1484 0.0493 0.1526 0.1444 0.1729 0.1510 0.1813 
         208  1 0.0266 0.8356 0.0270 0.0274 0.0287 0.0272 0.0276 
         209  1 0.1550 0.0972 0.1505 0.1466 0.1506 0.1392 0.1609 
         210  1 0.1410 0.1942 0.1417 0.1303 0.1273 0.1339 0.1316 
         211  1 0.1348 0.0896 0.1344 0.1480 0.1734 0.1477 0.1720 
         212  1 0.1692 0.0810 0.1355 0.1455 0.1569 0.1569 0.1550 
         213  1 0.1510 0.0705 0.1592 0.1604 0.1524 0.1531 0.1534 
         214  1 0.1406 0.1941 0.1288 0.1342 0.1399 0.1278 0.1346 
         215  1 0.1730 0.0617 0.1591 0.1523 0.1540 0.1540 0.1458 
         216  1 0.1195 0.2270 0.1232 0.1242 0.1361 0.1243 0.1457 
         217  1 0.0752 0.5289 0.0729 0.0799 0.0821 0.0757 0.0853 
         218  1 0.1333 0.0606 0.1844 0.1964 0.1369 0.1724 0.1160 
         219  1 0.1418 0.0641 0.1435 0.1600 0.1636 0.1595 0.1675 
         220  1 0.1339 0.2148 0.1269 0.1219 0.1410 0.1260 0.1354 
         221  1 0.1239 0.1601 0.1365 0.1481 0.1487 0.1309 0.1517 
         222  1 0.1575 0.0584 0.1486 0.1498 0.1659 0.1628 0.1570 
         223  1 0.1352 0.1820 0.1350 0.1363 0.1356 0.1365 0.1394 
         224  1 0.1370 0.0619 0.1575 0.1770 0.1521 0.1639 0.1506 
         225  1 0.1235 0.0811 0.1834 0.2094 0.1297 0.1629 0.1099 
         226  1 0.1406 0.1272 0.1407 0.1502 0.1474 0.1379 0.1560 
         227  1 0.1649 0.0691 0.1763 0.1605 0.1458 0.1481 0.1354 
         228  1 0.1280 0.1888 0.1306 0.1204 0.1435 0.1383 0.1504 
         229  1 0.1244 0.0782 0.1814 0.2009 0.1354 0.1609 0.1187 
         230  1 0.1355 0.1672 0.1379 0.1490 0.1355 0.1354 0.1394 
         231  1 0.1458 0.0883 0.1516 0.1554 0.1549 0.1524 0.1515 
         232  1 0.1131 0.3070 0.1166 0.1218 0.1161 0.1119 0.1135 
         233  1 0.1414 0.0905 0.1417 0.1453 0.1626 0.1417 0.1766 
         234  1 0.1282 0.0759 0.1373 0.1455 0.1695 0.1559 0.1878 
         235  1 0.1518 0.1098 0.1601 0.1501 0.1370 0.1512 0.1399 
         236  1 0.1674 0.1015 0.1354 0.1439 0.1544 0.1447 0.1527 
         237  1 0.1775 0.0427 0.1624 0.1767 0.1505 0.1552 0.1349 
         238  1 0.1508 0.1050 0.1461 0.1455 0.1541 0.1436 0.1549 
         239  1 0.1882 0.0610 0.1803 0.1479 0.1405 0.1659 0.1161 
         240  1 0.1554 0.1481 0.1403 0.1422 0.1385 0.1366 0.1390 
         241  1 0.1200 0.2011 0.1299 0.1495 0.1340 0.1321 0.1334 
         242  1 0.0901 0.4689 0.0890 0.0896 0.0874 0.0922 0.0828 
         243  1 0.0920 0.4197 0.0954 0.0953 0.1007 0.0986 0.0981 
         244  1 0.1646 0.0531 0.1768 0.1541 0.1503 0.1548 0.1461 
         245  1 0.1480 0.0874 0.1550 0.1535 0.1521 0.1551 0.1489 
         246  1 0.1361 0.1608 0.1394 0.1386 0.1426 0.1446 0.1380 
