           1  1 0.1319 0.0401 0.1432 0.1153 0.1317 0.1269 0.1361 0.1750 
           2  1 0.1482 0.0209 0.1480 0.1254 0.1319 0.1394 0.1505 0.1355 
           3  1 0.1506 0.0265 0.1414 0.1463 0.1503 0.1511 0.1376 0.0962 
           4  1 0.0972 0.2415 0.1035 0.0829 0.1330 0.1344 0.1087 0.0988 
           5  1 0.1418 0.0579 0.1143 0.1065 0.1742 0.1804 0.1278 0.0971 
           6  1 0.1203 0.0368 0.1231 0.1289 0.0883 0.0866 0.1163 0.2998 
           7  1 0.1410 0.0811 0.1291 0.1470 0.1222 0.1282 0.1344 0.1170 
           8  1 0.1342 0.0492 0.1271 0.1074 0.1873 0.1711 0.1365 0.0872 
           9  1 0.1492 0.0671 0.1287 0.1303 0.1298 0.1268 0.1424 0.1257 
          10  1 0.1470 0.0321 0.1359 0.1186 0.1561 0.1652 0.1469 0.0983 
          11  1 0.1432 0.0401 0.1594 0.1282 0.1345 0.1308 0.1359 0.1279 
          12  1 0.1230 0.0374 0.1369 0.1245 0.1145 0.1156 0.1202 0.2280 
          13  1 0.1419 0.0380 0.1217 0.1193 0.1643 0.1702 0.1449 0.0998 
          14  1 0.1318 0.1023 0.1439 0.1476 0.1222 0.1244 0.1286 0.0992 
          15  1 0.1424 0.0369 0.1379 0.1702 0.1465 0.1452 0.1310 0.0899 
          16  1 0.1331 0.0594 0.1252 0.1639 0.1583 0.1404 0.1233 0.0965 
          17  1 0.1376 0.0796 0.1255 0.1090 0.1529 0.1586 0.1253 0.1116 
          18  1 0.1464 0.0569 0.1305 0.1312 0.1432 0.1390 0.1498 0.1030 
          19  1 0.1419 0.0497 0.1416 0.1373 0.1266 0.1272 0.1403 0.1355 
          20  1 0.1255 0.0612 0.1470 0.1357 0.1313 0.1228 0.1279 0.1486 
          21  1 0.0851 0.4004 0.0831 0.0760 0.0901 0.0948 0.0826 0.0878 
          22  1 0.1361 0.0370 0.1447 0.1898 0.1287 0.1171 0.1218 0.1248 
          23  1 0.1292 0.0576 0.1359 0.1112 0.1313 0.1304 0.1409 0.1634 
          24  1 0.0395 0.7117 0.0395 0.0384 0.0411 0.0406 0.0414 0.0479 
          25  1 0.1247 0.1689 0.1133 0.1057 0.1211 0.1164 0.1182 0.1317 
          26  1 0.1227 0.0992 0.1319 0.1136 0.1098 0.1076 0.1211 0.1941 
          27  1 0.1245 0.0544 0.1466 0.1217 0.1080 0.1071 0.1240 0.2136 
          28  1 0.1418 0.0563 0.1559 0.2323 0.0904 0.0949 0.1000 0.1284 
          29  1 0.1385 0.0474 0.1331 0.1246 0.1258 0.1221 0.1298 0.1787 
          30  1 0.1262 0.0557 0.1368 0.2496 0.0992 0.0984 0.1194 0.1146 
          31  1 0.1442 0.0613 0.1174 0.1226 0.1555 0.1628 0.1403 0.0958 
          32  1 0.1373 0.0372 0.1427 0.1852 0.1210 0.1232 0.1209 0.1325 
          33  1 0.1389 0.0784 0.1340 0.1195 0.1536 0.1475 0.1245 0.1036 
          34  1 0.1351 0.0693 0.1313 0.1443 0.1451 0.1440 0.1293 0.1017 
          35  1 0.1466 0.0328 0.1510 0.1532 0.1366 0.1448 0.1309 0.1041 
          36  1 0.1161 0.0689 0.1221 0.1296 0.0802 0.0801 0.1057 0.2972 
          37  1 0.1303 0.0209 0.1325 0.1261 0.1623 0.1772 0.1325 0.1182 
          38  1 0.1351 0.0293 0.1324 0.1074 0.1470 0.1422 0.1549 0.1517 
          39  1 0.0562 0.6092 0.0553 0.0517 0.0556 0.0551 0.0561 0.0610 
          40  1 0.1439 0.0272 0.1602 0.1219 0.1205 0.1212 0.1474 0.1578 
          41  1 0.1317 0.0424 0.1358 0.1990 0.1176 0.1218 0.1272 0.1244 
          42  1 0.1346 0.0685 0.1330 0.1497 0.1516 0.1511 0.1240 0.0875 
          43  1 0.1290 0.1532 0.1154 0.1135 0.1313 0.1316 0.1162 0.1097 
          44  1 0.1364 0.0556 0.1427 0.1262 0.1391 0.1374 0.1337 0.1290 
          45  1 0.1265 0.0887 0.1427 0.2307 0.1015 0.1052 0.1020 0.1026 
          46  1 0.1315 0.0747 0.1314 0.1264 0.1362 0.1348 0.1401 0.1248 
          47  1 0.1408 0.1179 0.1366 0.1081 0.1254 0.1270 0.1383 0.1059 
          48  1 0.1350 0.0564 0.1376 0.1169 0.1119 0.1040 0.1439 0.1943 
          49  1 0.1369 0.0596 0.1395 0.1163 0.1382 0.1337 0.1399 0.1360 
          50  1 0.1410 0.0676 0.1394 0.1047 0.1442 0.1473 0.1404 0.1154 
          51  1 0.0534 0.6288 0.0510 0.0460 0.0569 0.0566 0.0552 0.0521 
          52  1 0.1146 0.2002 0.1095 0.1197 0.1299 0.1244 0.1133 0.0884 
          53  1 0.1336 0.0756 0.1285 0.1198 0.1415 0.1321 0.1373 0.1317 
          54  1 0.1354 0.0823 0.1303 0.1425 0.1454 0.1489 0.1266 0.0887 
          55  1 0.1193 0.0451 0.1549 0.1060 0.1155 0.1167 0.1628 0.1798 
          56  1 0.1291 0.1645 0.1176 0.0997 0.1361 0.1430 0.1283 0.0817 
          57  1 0.1205 0.1456 0.1183 0.1911 0.1166 0.1089 0.1055 0.0934 
          58  1 0.0326 0.7711 0.0321 0.0313 0.0321 0.0332 0.0353 0.0323 
          59  1 0.1374 0.0300 0.1282 0.1283 0.1382 0.1406 0.1534 0.1439 
          60  1 0.1385 0.0336 0.1516 0.1148 0.1307 0.1366 0.1500 0.1443 
          61  1 0.1401 0.0683 0.1194 0.1096 0.1604 0.1508 0.1429 0.1086 
          62  1 0.1153 0.2467 0.1029 0.1076 0.1183 0.1124 0.1145 0.0823 
          63  1 0.0530 0.6247 0.0487 0.0564 0.0523 0.0490 0.0505 0.0654 
          64  1 0.1240 0.0718 0.1313 0.1176 0.1310 0.1279 0.1459 0.1505 
          65  1 0.1367 0.0595 0.1263 0.1255 0.1529 0.1574 0.1351 0.1065 
          66  1 0.1250 0.1426 0.1086 0.1281 0.1267 0.1262 0.1213 0.1216 
          67  1 0.1412 0.0661 0.1276 0.1292 0.1589 0.1469 0.1337 0.0965 
          68  1 0.1444 0.0300 0.1433 0.1505 0.1393 0.1383 0.1307 0.1235 
          69  1 0.1300 0.0285 0.1452 0.1176 0.1241 0.1200 0.1526 0.1819 
          70  1 0.1386 0.0398 0.1494 0.1506 0.1344 0.1354 0.1378 0.1141 
          71  1 0.1400 0.0555 0.1272 0.1160 0.1361 0.1459 0.1421 0.1372 
          72  1 0.1321 0.0338 0.1227 0.1243 0.1558 0.1606 0.1221 0.1485 
          73  1 0.1201 0.0847 0.1382 0.1037 0.1141 0.1096 0.1479 0.1817 
          74  1 0.0936 0.3542 0.0931 0.0926 0.1017 0.1056 0.0913 0.0680 
          75  1 0.1427 0.0340 0.1391 0.1334 0.1447 0.1522 0.1238 0.1301 
          76  1 0.1422 0.0389 0.1388 0.1502 0.1443 0.1519 0.1322 0.1014 
          77  1 0.1246 0.0283 0.1416 0.1392 0.1131 0.1159 0.1265 0.2109 
          78  1 0.1349 0.0546 0.1300 0.1093 0.1748 0.1779 0.1242 0.0943 
          79  1 0.1410 0.0577 0.1356 0.1074 0.1304 0.1334 0.1490 0.1456 
          80  1 0.1448 0.0308 0.1590 0.1744 0.1280 0.1302 0.1267 0.1062 
          81  1 0.1152 0.1676 0.1123 0.1044 0.1284 0.1315 0.1244 0.1163 
          82  1 0.1362 0.0420 0.1393 0.1349 0.1222 0.1228 0.1276 0.1750 
          83  1 0.1234 0.1523 0.1174 0.1107 0.1402 0.1337 0.1158 0.1063 
          84  1 0.1396 0.0847 0.1340 0.1219 0.1401 0.1323 0.1414 0.1059 
          85  1 0.1199 0.1337 0.1320 0.1328 0.1121 0.1139 0.1218 0.1338 
          86  1 0.1374 0.0902 0.1157 0.1991 0.1132 0.1151 0.1084 0.1208 
          87  1 0.1297 0.0621 0.1257 0.1346 0.1551 0.1543 0.1278 0.1108 
          88  1 0.1404 0.0672 0.1285 0.1388 0.1372 0.1368 0.1350 0.1161 
          89  1 0.1326 0.0476 0.1546 0.1716 0.1162 0.1236 0.1227 0.1310 
          90  1 0.1431 0.0329 0.1416 0.1285 0.1317 0.1275 0.1431 0.1515 
          91  1 0.1074 0.1611 0.1186 0.0956 0.1070 0.1075 0.1022 0.2006 
          92  1 0.1213 0.1032 0.1353 0.1966 0.1112 0.1143 0.1148 0.1033 
          93  1 0.1333 0.0418 0.1374 0.1188 0.1509 0.1539 0.1429 0.1211 
          94  1 0.1401 0.0372 0.1557 0.2026 0.1113 0.1106 0.1182 0.1243 
          95  1 0.1445 0.0542 0.1346 0.1270 0.1403 0.1413 0.1369 0.1211 
          96  1 0.1397 0.0745 0.1278 0.1360 0.1283 0.1309 0.1308 0.1321 
          97  1 0.1452 0.0435 0.1501 0.1550 0.1213 0.1205 0.1254 0.1389 
          98  1 0.1427 0.0233 0.1491 0.1179 0.1306 0.1425 0.1488 0.1451 
          99  1 0.1449 0.0278 0.1412 0.1139 0.1528 0.1446 0.1563 0.1185 
         100  1 0.1332 0.0461 0.1336 0.1031 0.1631 0.1683 0.1452 0.1074 
         101  1 0.1119 0.2628 0.0971 0.0997 0.1166 0.1178 0.1078 0.0864 
         102  1 0.1419 0.0430 0.1216 0.1419 0.1229 0.1327 0.1296 0.1664 
         103  1 0.0923 0.3202 0.0920 0.1014 0.1155 0.1124 0.0930 0.0731 
         104  1 0.1213 0.1531 0.1081 0.1188 0.1357 0.1362 0.1196 0.1073 
         105  1 0.1327 0.1350 0.1287 0.0976 0.1294 0.1243 0.1376 0.1148 
         106  1 0.0979 0.3051 0.0889 0.0830 0.1314 0.1342 0.0969 0.0626 
         107  1 0.1360 0.0368 0.1358 0.1489 0.1169 0.1160 0.1417 0.1679 
         108  1 0.1444 0.0408 0.1296 0.1386 0.1580 0.1580 0.1323 0.0982 
         109  1 0.1425 0.0456 0.1343 0.1417 0.1443 0.1399 0.1440 0.1077 
         110  1 0.1293 0.1578 0.1139 0.1123 0.1351 0.1354 0.1190 0.0972 
         111  1 0.1258 0.0871 0.1387 0.1193 0.1421 0.1412 0.1293 0.1165 
         112  1 0.1345 0.0563 0.1337 0.1009 0.1573 0.1701 0.1418 0.1055 
         113  1 0.1443 0.0490 0.1354 0.2215 0.1111 0.1077 0.1195 0.1116 
         114  1 0.1428 0.0357 0.1422 0.1322 0.1385 0.1324 0.1362 0.1400 
         115  1 0.1361 0.0744 0.1471 0.1533 0.1222 0.1231 0.1152 0.1286 
         116  1 0.1376 0.0253 0.1525 0.1862 0.1302 0.1233 0.1367 0.1083 
         117  1 0.1347 0.0465 0.1329 0.1266 0.1228 0.1209 0.1423 0.1734 
         118  1 0.1258 0.0520 0.1415 0.1155 0.1177 0.1177 0.1361 0.1938 
         119  1 0.1366 0.0643 0.1470 0.1161 0.1330 0.1327 0.1443 0.1261 
         120  1 0.1024 0.3111 0.0922 0.0961 0.1085 0.1056 0.1054 0.0786 
         121  1 0.1334 0.0617 0.1323 0.1096 0.1513 0.1633 0.1392 0.1092 
         122  1 0.1388 0.0375 0.1554 0.1453 0.1361 0.1379 0.1226 0.1264 
         123  1 0.1401 0.0836 0.1358 0.1137 0.1307 0.1325 0.1326 0.1310 
         124  1 0.1405 0.0389 0.1352 0.1503 0.1382 0.1341 0.1329 0.1299 
         125  1 0.1177 0.1584 0.1135 0.1190 0.1430 0.1307 0.1255 0.0921 
         126  1 0.1312 0.0263 0.1427 0.1583 0.1578 0.1549 0.1227 0.1060 
         127  1 0.1206 0.0676 0.1367 0.1168 0.1247 0.1280 0.1434 0.1623 
         128  1 0.1496 0.0238 0.1380 0.1214 0.1527 0.1555 0.1299 0.1291 
         129  1 0.1346 0.0815 0.1191 0.1233 0.1681 0.1663 0.1273 0.0797 
         130  1 0.1432 0.0787 0.1247 0.1225 0.1322 0.1355 0.1360 0.1272 
         131  1 0.1429 0.0401 0.1324 0.1700 0.1448 0.1412 0.1247 0.1039 
         132  1 0.1606 0.0217 0.1339 0.1120 0.1517 0.1495 0.1488 0.1217 
         133  1 0.1342 0.1150 0.1307 0.1378 0.1223 0.1345 0.1181 0.1074 
         134  1 0.1256 0.0774 0.1332 0.1113 0.1436 0.1461 0.1353 0.1274 
         135  1 0.1172 0.2179 0.1079 0.0933 0.1386 0.1366 0.1084 0.0801 
         136  1 0.1373 0.0723 0.1296 0.1061 0.1565 0.1659 0.1367 0.0955 
         137  1 0.1416 0.0782 0.1413 0.1760 0.1260 0.1245 0.1191 0.0935 
         138  1 0.1190 0.0967 0.1196 0.1233 0.1575 0.1631 0.1226 0.0982 
         139  1 0.1219 0.0852 0.1357 0.1127 0.1284 0.1256 0.1385 0.1519 
         140  1 0.1417 0.0355 0.1282 0.1135 0.1300 0.1299 0.1392 0.1821 
         141  1 0.1267 0.0490 0.1217 0.1146 0.2015 0.1886 0.1297 0.0683 
         142  1 0.1414 0.0302 0.1335 0.1284 0.1477 0.1471 0.1368 0.1349 
         143  1 0.1376 0.0478 0.1206 0.1225 0.1282 0.1131 0.1339 0.1962 
         144  1 0.1408 0.0478 0.1401 0.1455 0.1293 0.1363 0.1327 0.1276 
         145  1 0.1245 0.0973 0.1203 0.1434 0.1601 0.1558 0.1137 0.0849 
         146  1 0.1152 0.0340 0.1393 0.1043 0.1102 0.1152 0.1651 0.2167 
         147  1 0.1474 0.0811 0.1167 0.1243 0.1493 0.1400 0.1351 0.1062 
         148  1 0.1334 0.1076 0.1223 0.1093 0.1380 0.1506 0.1385 0.1003 
         149  1 0.1318 0.0391 0.1282 0.1251 0.1644 0.1645 0.1409 0.1060 
         150  1 0.1253 0.0854 0.1288 0.1127 0.1262 0.1240 0.1286 0.1690 
         151  1 0.1255 0.0534 0.1414 0.1294 0.1136 0.1153 0.1275 0.1938 
         152  1 0.1541 0.0422 0.1349 0.1204 0.1581 0.1474 0.1344 0.1084 
         153  1 0.1398 0.0472 0.1473 0.1507 0.1313 0.1293 0.1316 0.1229 
         154  1 0.1413 0.0565 0.1483 0.1548 0.1369 0.1447 0.1225 0.0950 
         155  1 0.1436 0.0542 0.1509 0.1411 0.1291 0.1288 0.1310 0.1214 
         156  1 0.1158 0.2133 0.1144 0.1128 0.1209 0.1196 0.1102 0.0929 
         157  1 0.1349 0.1075 0.1288 0.1303 0.1097 0.1155 0.1221 0.1511 
         158  1 0.1455 0.0325 0.1430 0.1110 0.1510 0.1582 0.1416 0.1172 
         159  1 0.1461 0.0295 0.1412 0.1166 0.1438 0.1530 0.1578 0.1119 
         160  1 0.1296 0.1119 0.1233 0.1077 0.1500 0.1436 0.1211 0.1128 
         161  1 0.1484 0.0493 0.1282 0.1234 0.1518 0.1438 0.1435 0.1116 
         162  1 0.1301 0.0521 0.1356 0.1251 0.1373 0.1463 0.1400 0.1335 
         163  1 0.1045 0.2539 0.1044 0.0903 0.1140 0.1105 0.1188 0.1036 
         164  1 0.1398 0.0419 0.1462 0.1451 0.1454 0.1336 0.1391 0.1088 
         165  1 0.1373 0.0671 0.1335 0.1643 0.1473 0.1442 0.1233 0.0830 
         166  1 0.1505 0.0295 0.1431 0.1235 0.1556 0.1518 0.1421 0.1040 
         167  1 0.1155 0.2019 0.1060 0.1584 0.1147 0.1060 0.1091 0.0884 
         168  1 0.1408 0.0296 0.1453 0.1200 0.1548 0.1577 0.1343 0.1174 
         169  1 0.1328 0.0789 0.1232 0.1067 0.1660 0.1624 0.1294 0.1006 
         170  1 0.1493 0.0525 0.1291 0.1117 0.1477 0.1491 0.1436 0.1170 
         171  1 0.0966 0.0181 0.1525 0.0999 0.0560 0.0548 0.1583 0.3637 
         172  1 0.1360 0.0657 0.1447 0.1371 0.1197 0.1233 0.1227 0.1509 
         173  1 0.1195 0.0751 0.1187 0.1061 0.1726 0.1677 0.1291 0.1113 
         174  1 0.1418 0.0308 0.1399 0.1357 0.1317 0.1261 0.1303 0.1637 
         175  1 0.1378 0.0485 0.1328 0.1185 0.1588 0.1607 0.1422 0.1007 
         176  1 0.1286 0.0620 0.1471 0.1115 0.1352 0.1439 0.1542 0.1177 
         177  1 0.1262 0.1098 0.1421 0.1081 0.1172 0.1255 0.1522 0.1189 
         178  1 0.1251 0.1227 0.1307 0.1236 0.1425 0.1420 0.1175 0.0959 
         179  1 0.0970 0.0185 0.1537 0.1011 0.0546 0.0550 0.1573 0.3629 
         180  1 0.1173 0.0721 0.1246 0.1153 0.1263 0.1267 0.1485 0.1691 
         181  1 0.1421 0.0489 0.1312 0.1450 0.1494 0.1552 0.1243 0.1039 
         182  1 0.1216 0.0473 0.1393 0.1335 0.1010 0.1038 0.1434 0.2100 
         183  1 0.1347 0.0843 0.1249 0.1218 0.1217 0.1210 0.1413 0.1503 
         184  1 0.1128 0.0985 0.1239 0.0951 0.1136 0.1141 0.1512 0.1907 
         185  1 0.1587 0.0378 0.1490 0.1287 0.1530 0.1569 0.1335 0.0824 
         186  1 0.1120 0.1867 0.1070 0.1006 0.1225 0.1172 0.1191 0.1348 
         187  1 0.1201 0.2128 0.1031 0.1073 0.1368 0.1360 0.1093 0.0745 
         188  1 0.1197 0.0487 0.1391 0.1144 0.1131 0.1149 0.1485 0.2016 
         189  1 0.1359 0.0672 0.1662 0.2590 0.0788 0.0821 0.0979 0.1129 
         190  1 0.1284 0.0834 0.1259 0.1244 0.1312 0.1323 0.1352 0.1392 
         191  1 0.1246 0.0651 0.1242 0.1250 0.1191 0.1221 0.1320 0.1879 
         192  1 0.1287 0.0711 0.1300 0.1168 0.1352 0.1352 0.1390 0.1440 
         193  1 0.1379 0.0460 0.1454 0.1331 0.1318 0.1320 0.1466 0.1271 
         194  1 0.1377 0.0473 0.1524 0.1355 0.1449 0.1483 0.1337 0.1001 
         195  1 0.1424 0.0301 0.1190 0.1402 0.1778 0.1815 0.1280 0.0809 
         196  1 0.1385 0.0508 0.1349 0.1085 0.1387 0.1392 0.1562 0.1333 
         197  1 0.1411 0.0610 0.1289 0.1271 0.1449 0.1440 0.1457 0.1073 
         198  1 0.1306 0.0373 0.1512 0.1263 0.1055 0.1120 0.1178 0.2193 
         199  1 0.1253 0.0787 0.1319 0.1187 0.1253 0.1281 0.1493 0.1427 
         200  1 0.1299 0.0391 0.1500 0.1434 0.1110 0.1173 0.1401 0.1691 
         201  1 0.1383 0.0751 0.1220 0.1145 0.1372 0.1361 0.1303 0.1465 
         202  1 0.1218 0.1390 0.1100 0.1040 0.1416 0.1329 0.1214 0.1294 
         203  1 0.1207 0.0251 0.1466 0.1154 0.0939 0.0995 0.1310 0.2678 
         204  1 0.1384 0.0547 0.1279 0.1098 0.1666 0.1703 0.1330 0.0993 
         205  1 0.0187 0.8728 0.0179 0.0194 0.0187 0.0184 0.0182 0.0159 
         206  1 0.1261 0.0318 0.1366 0.1111 0.1405 0.1373 0.1444 0.1722 
         207  1 0.1439 0.0310 0.1251 0.1327 0.1599 0.1535 0.1498 0.1041 
         208  1 0.0178 0.8740 0.0186 0.0190 0.0186 0.0182 0.0177 0.0161 
         209  1 0.1246 0.0672 0.1345 0.1203 0.1474 0.1487 0.1327 0.1246 
         210  1 0.1100 0.1665 0.1101 0.0966 0.1183 0.1238 0.1312 0.1434 
         211  1 0.1389 0.0679 0.1224 0.1041 0.1600 0.1636 0.1442 0.0988 
         212  1 0.1351 0.0622 0.1337 0.1152 0.1348 0.1319 0.1466 0.1406 
         213  1 0.1271 0.0443 0.1407 0.1579 0.1295 0.1394 0.1357 0.1253 
         214  1 0.1257 0.1595 0.1186 0.1128 0.1179 0.1222 0.1366 0.1065 
         215  1 0.1346 0.0408 0.1309 0.1409 0.1371 0.1474 0.1349 0.1334 
         216  1 0.1154 0.1830 0.1175 0.1183 0.1304 0.1298 0.1207 0.0850 
         217  1 0.0690 0.5529 0.0589 0.0599 0.0684 0.0681 0.0678 0.0548 
         218  1 0.1393 0.0336 0.1525 0.2756 0.0868 0.0872 0.1005 0.1245 
         219  1 0.1394 0.0414 0.1400 0.1376 0.1517 0.1544 0.1373 0.0982 
         220  1 0.1095 0.1934 0.1206 0.0906 0.1314 0.1245 0.1175 0.1125 
         221  1 0.1290 0.1225 0.1192 0.1433 0.1396 0.1364 0.1229 0.0871 
         222  1 0.1427 0.0381 0.1276 0.1233 0.1648 0.1505 0.1326 0.1203 
         223  1 0.1171 0.1852 0.1173 0.1122 0.1178 0.1191 0.1192 0.1121 
         224  1 0.1410 0.0418 0.1577 0.1868 0.1188 0.1305 0.1244 0.0989 
         225  1 0.1392 0.0435 0.1583 0.2775 0.0792 0.0890 0.0936 0.1198 
         226  1 0.1330 0.0872 0.1228 0.1575 0.1415 0.1370 0.1245 0.0965 
         227  1 0.1309 0.0480 0.1352 0.1407 0.1132 0.1140 0.1445 0.1735 
         228  1 0.1327 0.1392 0.1084 0.1060 0.1406 0.1368 0.1271 0.1091 
         229  1 0.1381 0.0461 0.1543 0.2625 0.0907 0.0821 0.1036 0.1226 
         230  1 0.1290 0.1187 0.1254 0.1360 0.1342 0.1302 0.1312 0.0953 
         231  1 0.1391 0.0581 0.1259 0.1824 0.1309 0.1250 0.1193 0.1192 
         232  1 0.1117 0.2494 0.1027 0.1211 0.1097 0.1089 0.1084 0.0880 
         233  1 0.1326 0.0644 0.1240 0.1193 0.1622 0.1631 0.1325 0.1020 
         234  1 0.1460 0.0529 0.1341 0.1386 0.1523 0.1489 0.1353 0.0919 
         235  1 0.1350 0.0819 0.1337 0.1145 0.1217 0.1212 0.1442 0.1479 
         236  1 0.1297 0.0742 0.1248 0.1099 0.1389 0.1306 0.1492 0.1427 
         237  1 0.1345 0.0295 0.1603 0.1080 0.1222 0.1119 0.1750 0.1586 
         238  1 0.1322 0.0743 0.1181 0.1444 0.1310 0.1390 0.1359 0.1251 
         239  1 0.1197 0.0401 0.1426 0.1346 0.1004 0.1028 0.1434 0.2163 
         240  1 0.1325 0.1144 0.1307 0.1100 0.1270 0.1264 0.1423 0.1167 
         241  1 0.1254 0.1460 0.1249 0.1448 0.1341 0.1275 0.1141 0.0831 
         242  1 0.0768 0.4581 0.0748 0.0824 0.0769 0.0719 0.0714 0.0876 
         243  1 0.0850 0.3920 0.0825 0.0897 0.0951 0.0856 0.0861 0.0840 
         244  1 0.1293 0.0354 0.1301 0.1120 0.1304 0.1162 0.1571 0.1893 
         245  1 0.1404 0.0578 0.1387 0.1204 0.1309 0.1406 0.1503 0.1207 
         246  1 0.1361 0.1205 0.1311 0.1321 0.1258 0.1303 0.1183 0.1058 
