           1  1 0.2168 0.2081 0.1898 0.1902 0.1951 
           2  1 0.2005 0.2054 0.1928 0.1826 0.2186 
           3  1 0.1930 0.2112 0.1976 0.1675 0.2307 
           4  1 0.1681 0.1899 0.2077 0.1930 0.2412 
           5  1 0.1730 0.1890 0.1988 0.1722 0.2669 
           6  1 0.2321 0.2165 0.1711 0.2172 0.1632 
           7  1 0.1989 0.2119 0.1988 0.2198 0.1706 
           8  1 0.1675 0.1877 0.2095 0.1522 0.2831 
           9  1 0.2011 0.1975 0.2066 0.1985 0.1963 
          10  1 0.1810 0.2000 0.2029 0.1753 0.2408 
          11  1 0.2208 0.2033 0.1924 0.1821 0.2014 
          12  1 0.2130 0.2093 0.1806 0.2066 0.1904 
          13  1 0.1794 0.2021 0.2043 0.1603 0.2539 
          14  1 0.2032 0.1998 0.2007 0.2086 0.1878 
          15  1 0.1844 0.2139 0.2106 0.1582 0.2329 
          16  1 0.1869 0.2179 0.2009 0.1799 0.2144 
          17  1 0.1946 0.1952 0.2046 0.1757 0.2299 
          18  1 0.1783 0.2021 0.2019 0.1888 0.2289 
          19  1 0.2103 0.2076 0.1960 0.1955 0.1906 
          20  1 0.2126 0.2059 0.1916 0.1788 0.2110 
          21  1 0.1998 0.1807 0.2101 0.2413 0.1680 
          22  1 0.2025 0.2285 0.1932 0.1815 0.1943 
          23  1 0.2078 0.2050 0.1938 0.1916 0.2019 
          24  1 0.2045 0.1607 0.2169 0.3047 0.1132 
          25  1 0.2045 0.1911 0.1902 0.2390 0.1752 
          26  1 0.2194 0.2070 0.1861 0.2161 0.1714 
          27  1 0.2247 0.2061 0.1820 0.2093 0.1778 
          28  1 0.2161 0.2300 0.1860 0.1961 0.1718 
          29  1 0.2092 0.2108 0.1891 0.2009 0.1900 
          30  1 0.2070 0.2165 0.2060 0.1878 0.1827 
          31  1 0.1728 0.1880 0.2115 0.1788 0.2489 
          32  1 0.2044 0.2149 0.1960 0.1786 0.2061 
          33  1 0.1856 0.2040 0.2081 0.1876 0.2147 
          34  1 0.1979 0.2062 0.1960 0.1751 0.2248 
          35  1 0.2058 0.2194 0.1933 0.1705 0.2110 
          36  1 0.2230 0.2190 0.1713 0.2410 0.1457 
          37  1 0.1741 0.2033 0.1999 0.1496 0.2731 
          38  1 0.2057 0.2054 0.1894 0.1746 0.2250 
          39  1 0.2015 0.1680 0.2169 0.2737 0.1400 
          40  1 0.2186 0.2123 0.1904 0.1784 0.2003 
          41  1 0.2064 0.2254 0.1959 0.1779 0.1945 
          42  1 0.1815 0.2043 0.2133 0.1797 0.2212 
          43  1 0.1952 0.1932 0.2015 0.2028 0.2072 
          44  1 0.1964 0.2005 0.1950 0.1931 0.2150 
          45  1 0.2026 0.2092 0.2077 0.2058 0.1747 
          46  1 0.2047 0.1993 0.1931 0.1863 0.2166 
          47  1 0.2090 0.1956 0.2060 0.2065 0.1830 
          48  1 0.2322 0.2029 0.1854 0.2098 0.1697 
          49  1 0.2076 0.2061 0.1952 0.1882 0.2030 
          50  1 0.2041 0.1918 0.1960 0.1859 0.2222 
          51  1 0.1944 0.1662 0.2257 0.2710 0.1428 
          52  1 0.1877 0.1938 0.2069 0.2400 0.1716 
          53  1 0.2023 0.1921 0.2039 0.2022 0.1995 
          54  1 0.1858 0.2037 0.2051 0.1763 0.2291 
          55  1 0.2321 0.1987 0.1836 0.2052 0.1805 
          56  1 0.1941 0.1827 0.2128 0.2032 0.2072 
          57  1 0.1890 0.2063 0.2075 0.2197 0.1776 
          58  1 0.2024 0.1606 0.2266 0.3071 0.1034 
          59  1 0.2087 0.2169 0.1958 0.1710 0.2075 
          60  1 0.2208 0.2005 0.1921 0.1924 0.1941 
          61  1 0.1858 0.1984 0.1987 0.1869 0.2302 
          62  1 0.1879 0.1904 0.2143 0.2479 0.1595 
          63  1 0.2057 0.1752 0.2193 0.2697 0.1301 
          64  1 0.2160 0.1892 0.1904 0.2020 0.2025 
          65  1 0.1856 0.2017 0.2012 0.2025 0.2090 
          66  1 0.1998 0.2019 0.1984 0.2176 0.1824 
          67  1 0.1782 0.2008 0.2159 0.1772 0.2280 
          68  1 0.2042 0.2193 0.1990 0.1725 0.2050 
          69  1 0.2185 0.2101 0.1863 0.1836 0.2016 
          70  1 0.1966 0.2065 0.1962 0.1839 0.2168 
          71  1 0.1948 0.2030 0.1944 0.1872 0.2206 
          72  1 0.1838 0.1987 0.1976 0.1642 0.2557 
          73  1 0.2153 0.1980 0.1911 0.2089 0.1868 
          74  1 0.1901 0.1826 0.2164 0.2512 0.1596 
          75  1 0.1816 0.2163 0.1928 0.1715 0.2378 
          76  1 0.1937 0.2086 0.2048 0.1622 0.2307 
          77  1 0.2288 0.2123 0.1853 0.2019 0.1716 
          78  1 0.1725 0.1930 0.2101 0.1634 0.2610 
          79  1 0.2148 0.1902 0.1915 0.2003 0.2032 
          80  1 0.2000 0.2190 0.1905 0.1810 0.2097 
          81  1 0.2012 0.1909 0.2046 0.1980 0.2053 
          82  1 0.2164 0.2137 0.1816 0.2056 0.1827 
          83  1 0.1892 0.1931 0.2097 0.1986 0.2094 
          84  1 0.2047 0.1926 0.2035 0.1996 0.1996 
          85  1 0.2140 0.1967 0.2017 0.2089 0.1787 
          86  1 0.1951 0.2182 0.1969 0.2136 0.1763 
          87  1 0.1840 0.2110 0.2059 0.1721 0.2270 
          88  1 0.1974 0.2050 0.2024 0.1897 0.2054 
          89  1 0.2096 0.2164 0.1925 0.1827 0.1987 
          90  1 0.2189 0.1954 0.1940 0.1852 0.2065 
          91  1 0.1911 0.2038 0.1939 0.2254 0.1858 
          92  1 0.1954 0.2204 0.2009 0.1943 0.1891 
          93  1 0.1925 0.2068 0.1970 0.1833 0.2205 
          94  1 0.2169 0.2220 0.1874 0.1775 0.1963 
          95  1 0.2057 0.2060 0.1986 0.1905 0.1992 
          96  1 0.1909 0.2099 0.2015 0.2067 0.1910 
          97  1 0.2114 0.2264 0.1848 0.1940 0.1833 
          98  1 0.2128 0.2026 0.1976 0.1716 0.2154 
          99  1 0.2028 0.1902 0.1948 0.1757 0.2366 
         100  1 0.1884 0.1968 0.1995 0.1729 0.2423 
         101  1 0.1835 0.1871 0.2093 0.2396 0.1805 
         102  1 0.2030 0.2160 0.1950 0.2011 0.1849 
         103  1 0.1810 0.1883 0.2090 0.2333 0.1884 
         104  1 0.1860 0.1932 0.2015 0.2157 0.2035 
         105  1 0.2036 0.1896 0.2044 0.2110 0.1913 
         106  1 0.1665 0.1883 0.2167 0.2177 0.2108 
         107  1 0.2214 0.2115 0.1866 0.1951 0.1853 
         108  1 0.1852 0.2075 0.2030 0.1827 0.2216 
         109  1 0.1995 0.2049 0.1982 0.1815 0.2159 
         110  1 0.1825 0.1862 0.2006 0.2196 0.2110 
         111  1 0.1944 0.2020 0.1970 0.2056 0.2010 
         112  1 0.1822 0.1947 0.1963 0.1710 0.2558 
         113  1 0.1982 0.2232 0.1927 0.1939 0.1920 
         114  1 0.2065 0.2097 0.1933 0.1918 0.1988 
         115  1 0.1974 0.2182 0.1952 0.1958 0.1934 
         116  1 0.2041 0.2245 0.1969 0.1732 0.2013 
         117  1 0.2162 0.2060 0.1879 0.1944 0.1956 
         118  1 0.2038 0.2049 0.1951 0.1980 0.1982 
         119  1 0.2171 0.1925 0.1952 0.1947 0.2005 
         120  1 0.1903 0.1857 0.2183 0.2394 0.1663 
         121  1 0.1949 0.1977 0.1924 0.1867 0.2283 
         122  1 0.2012 0.2101 0.1931 0.1777 0.2179 
         123  1 0.1952 0.2007 0.1963 0.1978 0.2100 
         124  1 0.2017 0.2104 0.1948 0.1762 0.2169 
         125  1 0.1906 0.1884 0.2146 0.2183 0.1881 
         126  1 0.1880 0.2126 0.1957 0.1467 0.2570 
         127  1 0.2144 0.2092 0.1987 0.1840 0.1937 
         128  1 0.2019 0.1937 0.1961 0.1645 0.2437 
         129  1 0.1670 0.1987 0.2239 0.1619 0.2484 
         130  1 0.2097 0.2023 0.1916 0.1990 0.1974 
         131  1 0.1887 0.2004 0.2115 0.1727 0.2267 
         132  1 0.2064 0.1985 0.1920 0.1748 0.2283 
         133  1 0.1923 0.1987 0.2077 0.2059 0.1954 
         134  1 0.1979 0.1854 0.1950 0.1944 0.2273 
         135  1 0.1831 0.1936 0.2028 0.2255 0.1951 
         136  1 0.1780 0.1898 0.2055 0.1849 0.2417 
         137  1 0.1935 0.2271 0.1949 0.1892 0.1953 
         138  1 0.1863 0.1940 0.2212 0.1650 0.2335 
         139  1 0.2170 0.1935 0.1942 0.2003 0.1949 
         140  1 0.2168 0.2040 0.1872 0.1896 0.2024 
         141  1 0.1516 0.1950 0.2048 0.1484 0.3002 
         142  1 0.1973 0.2158 0.1952 0.1674 0.2243 
         143  1 0.2073 0.2115 0.1845 0.2037 0.1931 
         144  1 0.2101 0.2068 0.1934 0.1867 0.2030 
         145  1 0.1768 0.1989 0.2135 0.1789 0.2319 
         146  1 0.2328 0.1898 0.1840 0.2019 0.1914 
         147  1 0.1929 0.1930 0.2066 0.1991 0.2084 
         148  1 0.1978 0.1971 0.1997 0.1761 0.2292 
         149  1 0.1886 0.1918 0.2063 0.1609 0.2523 
         150  1 0.2022 0.2007 0.1931 0.2134 0.1906 
         151  1 0.2164 0.2128 0.1916 0.2029 0.1762 
         152  1 0.1964 0.1947 0.2012 0.1773 0.2304 
         153  1 0.2092 0.2072 0.1965 0.1819 0.2053 
         154  1 0.1897 0.2075 0.2011 0.1804 0.2213 
         155  1 0.2020 0.2066 0.1960 0.1945 0.2009 
         156  1 0.1943 0.1943 0.2056 0.2325 0.1734 
         157  1 0.2018 0.2076 0.1996 0.2311 0.1600 
         158  1 0.1947 0.1949 0.2055 0.1736 0.2313 
         159  1 0.1920 0.1971 0.1987 0.1671 0.2452 
         160  1 0.1798 0.1962 0.2010 0.1877 0.2353 
         161  1 0.1992 0.1960 0.1950 0.1786 0.2312 
         162  1 0.2110 0.1995 0.1893 0.1874 0.2128 
         163  1 0.2102 0.1776 0.2066 0.2137 0.1919 
         164  1 0.1920 0.2164 0.1918 0.1725 0.2273 
         165  1 0.1791 0.2043 0.1995 0.1908 0.2262 
         166  1 0.1934 0.2016 0.1874 0.1720 0.2456 
         167  1 0.1969 0.1958 0.2097 0.2273 0.1703 
         168  1 0.1935 0.2064 0.1950 0.1653 0.2399 
         169  1 0.1847 0.1953 0.2036 0.1813 0.2351 
         170  1 0.1906 0.2017 0.2022 0.1847 0.2208 
         171  1 0.2636 0.1969 0.1653 0.2137 0.1605 
         172  1 0.1944 0.2094 0.1967 0.2059 0.1935 
         173  1 0.1762 0.1933 0.2013 0.1734 0.2559 
         174  1 0.2091 0.2127 0.1950 0.1773 0.2059 
         175  1 0.2054 0.2027 0.1995 0.1707 0.2217 
         176  1 0.2006 0.2000 0.1961 0.1931 0.2102 
         177  1 0.2110 0.1912 0.2018 0.2072 0.1888 
         178  1 0.1873 0.1947 0.2069 0.2005 0.2105 
         179  1 0.2676 0.1985 0.1642 0.2108 0.1589 
         180  1 0.1971 0.1950 0.1932 0.2117 0.2030 
         181  1 0.1806 0.2058 0.2104 0.1690 0.2341 
         182  1 0.2289 0.2029 0.1891 0.2046 0.1744 
         183  1 0.2061 0.1908 0.2025 0.2157 0.1849 
         184  1 0.2076 0.1933 0.1954 0.2049 0.1987 
         185  1 0.1874 0.2004 0.1965 0.1765 0.2392 
         186  1 0.2070 0.1892 0.1956 0.2108 0.1975 
         187  1 0.1819 0.1848 0.2156 0.2004 0.2173 
         188  1 0.2219 0.1909 0.1884 0.1995 0.1992 
         189  1 0.2054 0.2326 0.1960 0.2148 0.1512 
         190  1 0.2032 0.1942 0.2045 0.1994 0.1986 
         191  1 0.2118 0.2013 0.1905 0.2009 0.1955 
         192  1 0.2017 0.2054 0.2011 0.2061 0.1857 
         193  1 0.2177 0.2021 0.1921 0.1869 0.2011 
         194  1 0.1945 0.2121 0.1955 0.1759 0.2221 
         195  1 0.1589 0.1949 0.2030 0.1399 0.3033 
         196  1 0.2205 0.1855 0.1906 0.1893 0.2141 
         197  1 0.1868 0.2001 0.2000 0.1965 0.2165 
         198  1 0.2223 0.2215 0.1793 0.2036 0.1733 
         199  1 0.2139 0.1940 0.1961 0.2023 0.1937 
         200  1 0.2268 0.2136 0.1901 0.1987 0.1707 
         201  1 0.2021 0.2001 0.1944 0.2058 0.1976 
         202  1 0.1808 0.1976 0.2030 0.2156 0.2030 
         203  1 0.2326 0.2144 0.1710 0.2036 0.1784 
         204  1 0.1761 0.1956 0.2093 0.1523 0.2667 
         205  1 0.1846 0.1559 0.2328 0.3526 0.0741 
         206  1 0.1913 0.2069 0.1863 0.1940 0.2215 
         207  1 0.1899 0.1948 0.2006 0.1636 0.2511 
         208  1 0.1850 0.1553 0.2341 0.3541 0.0715 
         209  1 0.1952 0.2073 0.2042 0.1702 0.2232 
         210  1 0.2184 0.1988 0.2006 0.2005 0.1817 
         211  1 0.1720 0.1999 0.1982 0.1638 0.2661 
         212  1 0.1985 0.1885 0.2061 0.1840 0.2228 
         213  1 0.2027 0.2116 0.1925 0.1752 0.2179 
         214  1 0.2177 0.1832 0.2008 0.2136 0.1846 
         215  1 0.2108 0.2013 0.1885 0.1977 0.2017 
         216  1 0.1947 0.1954 0.2085 0.2165 0.1849 
         217  1 0.1861 0.1701 0.2273 0.2736 0.1430 
         218  1 0.2090 0.2255 0.2002 0.1933 0.1720 
         219  1 0.1888 0.2063 0.1957 0.1796 0.2296 
         220  1 0.1903 0.1908 0.2129 0.2118 0.1942 
         221  1 0.1896 0.1921 0.2227 0.1909 0.2047 
         222  1 0.1923 0.2053 0.1932 0.1825 0.2267 
         223  1 0.1991 0.1953 0.2066 0.2034 0.1956 
         224  1 0.2000 0.2210 0.1929 0.1820 0.2041 
         225  1 0.2111 0.2354 0.1893 0.2034 0.1608 
         226  1 0.2047 0.1979 0.1996 0.1854 0.2123 
         227  1 0.2266 0.2083 0.1889 0.1859 0.1904 
         228  1 0.1812 0.1843 0.2101 0.2248 0.1996 
         229  1 0.2076 0.2374 0.1929 0.1928 0.1693 
         230  1 0.1987 0.1973 0.2108 0.2082 0.1850 
         231  1 0.2000 0.2070 0.2094 0.1798 0.2037 
         232  1 0.1990 0.1847 0.2106 0.2482 0.1575 
         233  1 0.1986 0.1944 0.2071 0.1679 0.2319 
         234  1 0.1817 0.2022 0.2011 0.1674 0.2476 
         235  1 0.2089 0.2015 0.1962 0.2044 0.1890 
         236  1 0.2115 0.1929 0.1945 0.1944 0.2066 
         237  1 0.2334 0.1931 0.1848 0.1903 0.1984 
         238  1 0.2060 0.1952 0.2000 0.1863 0.2124 
         239  1 0.2325 0.2050 0.1778 0.2008 0.1839 
         240  1 0.2068 0.1912 0.2012 0.2171 0.1837 
         241  1 0.1957 0.1960 0.2035 0.2268 0.1780 
         242  1 0.1959 0.1759 0.2075 0.2864 0.1344 
         243  1 0.1902 0.1714 0.2223 0.2686 0.1475 
         244  1 0.2176 0.2033 0.1874 0.1875 0.2042 
         245  1 0.2111 0.1975 0.1965 0.1965 0.1985 
         246  1 0.1982 0.2022 0.2079 0.1975 0.1943 
