           1  1 0.1227 0.1323 0.0926 0.1070 0.1255 0.0242 0.0931 0.0961 0.0980 0.1086 
           2  1 0.1063 0.1101 0.1087 0.1164 0.1242 0.0117 0.1136 0.0978 0.0920 0.1191 
           3  1 0.1082 0.1144 0.1134 0.1211 0.1158 0.0155 0.1206 0.0850 0.0815 0.1245 
           4  1 0.0784 0.1000 0.1105 0.1001 0.0963 0.1950 0.0875 0.0845 0.0650 0.0828 
           5  1 0.0899 0.1145 0.1270 0.1144 0.1270 0.0393 0.1176 0.0934 0.0704 0.1064 
           6  1 0.1516 0.1231 0.0664 0.0820 0.0960 0.0239 0.0635 0.1262 0.1941 0.0732 
           7  1 0.1092 0.1083 0.1053 0.1012 0.1105 0.0469 0.1097 0.0860 0.1109 0.1118 
           8  1 0.0862 0.1211 0.1293 0.1258 0.1277 0.0318 0.1158 0.0874 0.0692 0.1058 
           9  1 0.0995 0.1095 0.1064 0.1107 0.1164 0.0340 0.1044 0.1022 0.1032 0.1137 
          10  1 0.0962 0.1123 0.1219 0.1216 0.1235 0.0199 0.1174 0.0906 0.0820 0.1146 
          11  1 0.1019 0.1140 0.1051 0.1122 0.1106 0.0243 0.1145 0.0969 0.1072 0.1133 
          12  1 0.1403 0.1316 0.0940 0.1020 0.1091 0.0230 0.0837 0.0994 0.1246 0.0921 
          13  1 0.0933 0.1263 0.1212 0.1218 0.1238 0.0235 0.1101 0.0900 0.0750 0.1150 
          14  1 0.0988 0.0971 0.1000 0.1030 0.0908 0.0652 0.1090 0.1117 0.1050 0.1195 
          15  1 0.1078 0.1102 0.1150 0.1028 0.1118 0.0214 0.1371 0.0781 0.0966 0.1192 
          16  1 0.1061 0.1021 0.1122 0.1204 0.1122 0.0369 0.1227 0.0752 0.1025 0.1097 
          17  1 0.1015 0.1110 0.1149 0.1071 0.1201 0.0503 0.1101 0.1100 0.0778 0.0971 
          18  1 0.1211 0.1205 0.1066 0.1139 0.1213 0.0284 0.1083 0.0756 0.0756 0.1288 
          19  1 0.1210 0.1174 0.1032 0.1144 0.1192 0.0276 0.1058 0.0823 0.1005 0.1085 
          20  1 0.1072 0.0909 0.1080 0.1028 0.0879 0.0411 0.1081 0.1290 0.1291 0.0958 
          21  1 0.0705 0.0753 0.0774 0.0696 0.0709 0.3573 0.0710 0.0711 0.0682 0.0686 
          22  1 0.1205 0.0971 0.0933 0.1035 0.0985 0.0230 0.1248 0.0860 0.1408 0.1125 
          23  1 0.0990 0.1089 0.1120 0.1109 0.1043 0.0423 0.1016 0.1232 0.1017 0.0962 
          24  1 0.0345 0.0377 0.0351 0.0374 0.0342 0.6779 0.0344 0.0392 0.0371 0.0325 
          25  1 0.1038 0.1153 0.0898 0.1054 0.1014 0.1180 0.0881 0.0879 0.0918 0.0985 
          26  1 0.1431 0.1378 0.0775 0.1019 0.1173 0.0664 0.0694 0.0844 0.1085 0.0937 
          27  1 0.1554 0.1434 0.0732 0.0961 0.1195 0.0336 0.0713 0.0867 0.1269 0.0940 
          28  1 0.1338 0.0720 0.0799 0.0745 0.0722 0.0356 0.1372 0.0697 0.1997 0.1253 
          29  1 0.1163 0.1020 0.1097 0.0996 0.1034 0.0270 0.0986 0.1132 0.1374 0.0928 
          30  1 0.1219 0.0756 0.0876 0.0812 0.0740 0.0318 0.1488 0.0686 0.1815 0.1288 
          31  1 0.0936 0.1217 0.1155 0.1175 0.1271 0.0317 0.1180 0.0925 0.0704 0.1121 
          32  1 0.1237 0.1003 0.0972 0.0894 0.0938 0.0224 0.1159 0.0728 0.1515 0.1331 
          33  1 0.1015 0.1082 0.1231 0.1154 0.1098 0.0522 0.1134 0.0863 0.0829 0.1073 
          34  1 0.0977 0.1097 0.1191 0.1077 0.1099 0.0495 0.1139 0.0899 0.0885 0.1141 
          35  1 0.1070 0.1121 0.1099 0.1134 0.1124 0.0212 0.1179 0.0835 0.1008 0.1219 
          36  1 0.1624 0.1245 0.0605 0.0773 0.0927 0.0506 0.0633 0.1047 0.1891 0.0749 
          37  1 0.0980 0.0999 0.1311 0.1078 0.1107 0.0123 0.1303 0.1117 0.0946 0.1035 
          38  1 0.0927 0.1282 0.1157 0.1250 0.1103 0.0181 0.1078 0.0984 0.0902 0.1135 
          39  1 0.0460 0.0514 0.0490 0.0507 0.0506 0.5546 0.0475 0.0529 0.0495 0.0478 
          40  1 0.1095 0.1195 0.1059 0.1144 0.1129 0.0169 0.1101 0.1014 0.0935 0.1160 
          41  1 0.1291 0.0955 0.0963 0.0911 0.0965 0.0275 0.1194 0.0792 0.1483 0.1169 
          42  1 0.1008 0.1028 0.1185 0.1144 0.1106 0.0403 0.1245 0.0855 0.0843 0.1183 
          43  1 0.0998 0.1071 0.1060 0.1089 0.1102 0.1001 0.0986 0.0905 0.0796 0.0993 
          44  1 0.1179 0.1240 0.1051 0.1198 0.1146 0.0339 0.1148 0.0874 0.0740 0.1086 
          45  1 0.1177 0.0755 0.0832 0.0771 0.0756 0.0570 0.1411 0.0652 0.1845 0.1231 
          46  1 0.0987 0.0998 0.1082 0.1048 0.1057 0.0522 0.1152 0.1158 0.0991 0.1005 
          47  1 0.0904 0.1166 0.1062 0.1150 0.1127 0.0846 0.1020 0.0968 0.0736 0.1020 
          48  1 0.1179 0.1241 0.0870 0.1064 0.1046 0.0384 0.0853 0.1141 0.1223 0.0999 
          49  1 0.1037 0.1117 0.1162 0.1126 0.1118 0.0449 0.0937 0.1098 0.0908 0.1048 
          50  1 0.1011 0.1083 0.1156 0.1112 0.1184 0.0419 0.1041 0.1046 0.0897 0.1052 
          51  1 0.0441 0.0519 0.0472 0.0476 0.0486 0.5889 0.0447 0.0434 0.0384 0.0452 
          52  1 0.0999 0.1052 0.1034 0.1002 0.1099 0.1298 0.1055 0.0733 0.0787 0.0941 
          53  1 0.1041 0.1052 0.1050 0.1025 0.1076 0.0442 0.1092 0.1166 0.1040 0.1017 
          54  1 0.1025 0.1114 0.1037 0.1136 0.1158 0.0587 0.1241 0.0831 0.0799 0.1071 
          55  1 0.0857 0.0977 0.0976 0.1114 0.0818 0.0308 0.0964 0.1922 0.1158 0.0907 
          56  1 0.0963 0.1065 0.1098 0.1068 0.1108 0.1127 0.0971 0.0832 0.0677 0.1090 
          57  1 0.1099 0.0807 0.1022 0.0861 0.0812 0.0903 0.1258 0.0712 0.1355 0.1171 
          58  1 0.0248 0.0263 0.0252 0.0283 0.0260 0.7618 0.0265 0.0289 0.0251 0.0271 
          59  1 0.1059 0.1182 0.1163 0.1145 0.1133 0.0180 0.1027 0.1090 0.0887 0.1134 
          60  1 0.1143 0.1141 0.1089 0.1143 0.1103 0.0227 0.1049 0.1009 0.0945 0.1152 
          61  1 0.0962 0.1127 0.1171 0.1138 0.1138 0.0461 0.1041 0.0987 0.0821 0.1155 
          62  1 0.0863 0.0916 0.0946 0.1017 0.1016 0.1887 0.0934 0.0776 0.0714 0.0931 
          63  1 0.0451 0.0453 0.0414 0.0417 0.0415 0.5980 0.0467 0.0457 0.0509 0.0438 
          64  1 0.0909 0.1001 0.1100 0.1026 0.0965 0.0515 0.0927 0.1645 0.1014 0.0899 
          65  1 0.0990 0.1135 0.1218 0.1182 0.1129 0.0403 0.1105 0.0900 0.0836 0.1102 
          66  1 0.1118 0.1121 0.1067 0.1055 0.1105 0.0796 0.1061 0.0826 0.0870 0.0982 
          67  1 0.1050 0.1138 0.1122 0.1093 0.1154 0.0439 0.1156 0.0825 0.0858 0.1166 
          68  1 0.1086 0.1131 0.1028 0.1174 0.1095 0.0180 0.1165 0.0880 0.1090 0.1170 
          69  1 0.0959 0.1089 0.1059 0.1091 0.1001 0.0204 0.0941 0.1564 0.1094 0.0996 
          70  1 0.1069 0.0976 0.1066 0.1021 0.0955 0.0243 0.1218 0.1105 0.1188 0.1161 
          71  1 0.1002 0.1049 0.1148 0.1172 0.1130 0.0362 0.0976 0.1179 0.0875 0.1107 
          72  1 0.1084 0.0955 0.1162 0.1115 0.1108 0.0218 0.1123 0.1068 0.1154 0.1014 
          73  1 0.0936 0.0840 0.1030 0.0938 0.0844 0.0671 0.0812 0.1753 0.1282 0.0893 
          74  1 0.0779 0.0827 0.0882 0.0918 0.0824 0.2839 0.0848 0.0668 0.0595 0.0820 
          75  1 0.1156 0.1129 0.1092 0.1103 0.1179 0.0211 0.1060 0.0942 0.1001 0.1126 
          76  1 0.0994 0.1053 0.1205 0.1122 0.1105 0.0264 0.1229 0.0874 0.1006 0.1146 
          77  1 0.1259 0.1167 0.0850 0.0998 0.0974 0.0177 0.0900 0.1255 0.1480 0.0940 
          78  1 0.0976 0.1171 0.1235 0.1151 0.1207 0.0312 0.1254 0.0843 0.0732 0.1119 
          79  1 0.0958 0.1059 0.1113 0.1091 0.0939 0.0370 0.0996 0.1388 0.0975 0.1112 
          80  1 0.1273 0.1089 0.1030 0.0989 0.1140 0.0176 0.1137 0.0741 0.1241 0.1183 
          81  1 0.0894 0.0935 0.1110 0.0971 0.0984 0.1227 0.0976 0.1136 0.0880 0.0887 
          82  1 0.1278 0.1270 0.0942 0.1000 0.1097 0.0253 0.0955 0.0988 0.1180 0.1037 
          83  1 0.1016 0.1100 0.1090 0.1022 0.1023 0.1237 0.1019 0.0787 0.0730 0.0977 
          84  1 0.0957 0.1102 0.1019 0.1154 0.1106 0.0569 0.1076 0.0942 0.0873 0.1200 
          85  1 0.0937 0.0871 0.0964 0.0951 0.0876 0.1032 0.0958 0.1314 0.1172 0.0926 
          86  1 0.1324 0.1048 0.0911 0.0918 0.0952 0.0521 0.1270 0.0679 0.1305 0.1072 
          87  1 0.1005 0.1057 0.1243 0.1021 0.1186 0.0478 0.1181 0.0874 0.0887 0.1068 
          88  1 0.0997 0.1062 0.1053 0.1132 0.1080 0.0432 0.1211 0.0962 0.0982 0.1089 
          89  1 0.1309 0.0984 0.0935 0.0931 0.0944 0.0301 0.1177 0.0823 0.1417 0.1179 
          90  1 0.1089 0.1054 0.1078 0.1148 0.1120 0.0195 0.1053 0.1060 0.1095 0.1108 
          91  1 0.1327 0.1196 0.0745 0.0931 0.1106 0.1137 0.0694 0.0907 0.1139 0.0818 
          92  1 0.1086 0.0837 0.0875 0.0903 0.0886 0.0904 0.1189 0.0706 0.1479 0.1134 
          93  1 0.0990 0.1116 0.1091 0.1243 0.1162 0.0258 0.1135 0.0944 0.0870 0.1191 
          94  1 0.1319 0.0857 0.0887 0.0910 0.0774 0.0209 0.1288 0.0835 0.1620 0.1302 
          95  1 0.0969 0.1210 0.1026 0.1188 0.1153 0.0329 0.1123 0.0878 0.0942 0.1183 
          96  1 0.1266 0.1228 0.1018 0.1038 0.1128 0.0391 0.1015 0.0852 0.1008 0.1056 
          97  1 0.1136 0.1042 0.0971 0.1047 0.1013 0.0258 0.1277 0.0883 0.1180 0.1193 
          98  1 0.0993 0.1186 0.1256 0.1082 0.1147 0.0140 0.1082 0.1102 0.0956 0.1056 
          99  1 0.0969 0.1086 0.1105 0.1310 0.1148 0.0156 0.1115 0.1028 0.0922 0.1161 
         100  1 0.0929 0.1106 0.1232 0.1136 0.1265 0.0288 0.1169 0.1034 0.0844 0.0998 
         101  1 0.0928 0.0993 0.0999 0.0927 0.1064 0.1706 0.1012 0.0740 0.0703 0.0929 
         102  1 0.1324 0.1422 0.0939 0.1015 0.1098 0.0224 0.0975 0.0818 0.1127 0.1058 
         103  1 0.0814 0.0841 0.1003 0.0917 0.1004 0.2338 0.0907 0.0672 0.0629 0.0876 
         104  1 0.1008 0.1025 0.0985 0.1069 0.1159 0.1145 0.0994 0.0790 0.0796 0.1030 
         105  1 0.0953 0.1117 0.0995 0.1073 0.1064 0.0914 0.1021 0.0842 0.0851 0.1169 
         106  1 0.0679 0.0791 0.0976 0.0851 0.0920 0.2959 0.0903 0.0668 0.0460 0.0794 
         107  1 0.1097 0.1019 0.1039 0.0981 0.1025 0.0219 0.0975 0.1171 0.1393 0.1082 
         108  1 0.1068 0.1129 0.1178 0.1228 0.1315 0.0218 0.1073 0.0890 0.0783 0.1118 
         109  1 0.1065 0.1192 0.1054 0.1171 0.1141 0.0266 0.1148 0.1068 0.0766 0.1130 
         110  1 0.0936 0.1073 0.1163 0.1019 0.1130 0.1138 0.0980 0.0843 0.0729 0.0988 
         111  1 0.1199 0.1250 0.1073 0.1081 0.1136 0.0488 0.1117 0.0821 0.0859 0.0975 
         112  1 0.0973 0.1244 0.1226 0.1136 0.1123 0.0372 0.1058 0.0985 0.0810 0.1073 
         113  1 0.1273 0.0854 0.0874 0.0883 0.0917 0.0292 0.1354 0.0679 0.1656 0.1219 
         114  1 0.1258 0.1130 0.0978 0.1174 0.1192 0.0232 0.1046 0.0896 0.0927 0.1167 
         115  1 0.1190 0.1092 0.1012 0.1013 0.1013 0.0506 0.1177 0.0804 0.1087 0.1107 
         116  1 0.1157 0.0923 0.0985 0.1067 0.1079 0.0151 0.1225 0.0886 0.1262 0.1263 
         117  1 0.1139 0.1002 0.0980 0.1093 0.0972 0.0308 0.1040 0.1340 0.1133 0.0993 
         118  1 0.1152 0.0901 0.0928 0.1060 0.0983 0.0345 0.0916 0.1424 0.1353 0.0939 
         119  1 0.1035 0.1050 0.1101 0.1113 0.1093 0.0417 0.1046 0.0990 0.0969 0.1186 
         120  1 0.0831 0.0852 0.0904 0.0845 0.0857 0.2679 0.0896 0.0643 0.0679 0.0815 
         121  1 0.0965 0.1250 0.1214 0.1124 0.1172 0.0371 0.1050 0.1023 0.0794 0.1038 
         122  1 0.1126 0.1034 0.1095 0.1032 0.1143 0.0249 0.1162 0.0896 0.1178 0.1085 
         123  1 0.1004 0.1028 0.1034 0.1133 0.1142 0.0568 0.1124 0.0940 0.0982 0.1044 
         124  1 0.0996 0.1031 0.1115 0.1105 0.0949 0.0251 0.1116 0.1175 0.1101 0.1162 
         125  1 0.0999 0.1014 0.1048 0.1080 0.1095 0.1034 0.1055 0.0857 0.0770 0.1048 
         126  1 0.1041 0.1034 0.1294 0.1031 0.1113 0.0157 0.1122 0.0959 0.1146 0.1102 
         127  1 0.0957 0.1016 0.1056 0.0965 0.1081 0.0481 0.0995 0.1299 0.1128 0.1022 
         128  1 0.1124 0.1096 0.1127 0.1182 0.1160 0.0147 0.1167 0.0973 0.0877 0.1146 
         129  1 0.0969 0.1138 0.1178 0.0996 0.1132 0.0537 0.1261 0.0876 0.0788 0.1126 
         130  1 0.1075 0.1134 0.1082 0.1169 0.1123 0.0549 0.1089 0.0889 0.0820 0.1069 
         131  1 0.1144 0.1037 0.1096 0.0996 0.1060 0.0251 0.1214 0.0763 0.1212 0.1226 
         132  1 0.1087 0.1159 0.1225 0.1178 0.1166 0.0128 0.1087 0.1077 0.0799 0.1095 
         133  1 0.1093 0.1102 0.0986 0.0969 0.0993 0.0751 0.1083 0.0799 0.1060 0.1164 
         134  1 0.0906 0.1034 0.1105 0.0997 0.1149 0.0465 0.0988 0.1325 0.0972 0.1061 
         135  1 0.0834 0.0993 0.0988 0.0982 0.1109 0.1573 0.1050 0.0823 0.0690 0.0958 
         136  1 0.0900 0.1231 0.1200 0.1183 0.1195 0.0485 0.1125 0.0931 0.0703 0.1048 
         137  1 0.1104 0.0906 0.1022 0.0984 0.0965 0.0586 0.1292 0.0727 0.1225 0.1190 
         138  1 0.0905 0.1012 0.1250 0.1130 0.1092 0.0713 0.1161 0.0907 0.0821 0.1010 
         139  1 0.0965 0.0976 0.1052 0.1069 0.0947 0.0489 0.1024 0.1460 0.1081 0.0936 
         140  1 0.1070 0.1201 0.1022 0.1003 0.1144 0.0210 0.0937 0.1280 0.1132 0.1001 
         141  1 0.0966 0.1193 0.1325 0.1262 0.1283 0.0317 0.1123 0.0786 0.0646 0.1101 
         142  1 0.1068 0.1193 0.1144 0.1123 0.1139 0.0188 0.1155 0.0895 0.0920 0.1173 
         143  1 0.1484 0.1452 0.0863 0.1089 0.1127 0.0299 0.0795 0.0909 0.1030 0.0952 
         144  1 0.1065 0.1112 0.1056 0.1096 0.1049 0.0296 0.1082 0.1073 0.1057 0.1114 
         145  1 0.0951 0.0985 0.1226 0.0951 0.1032 0.0744 0.1191 0.0815 0.1069 0.1037 
         146  1 0.0970 0.0874 0.1019 0.0991 0.0752 0.0217 0.0765 0.2237 0.1371 0.0805 
         147  1 0.0970 0.1161 0.1135 0.1097 0.1162 0.0529 0.1077 0.0965 0.0781 0.1123 
         148  1 0.0885 0.1044 0.1157 0.1151 0.1079 0.0767 0.1023 0.1034 0.0699 0.1162 
         149  1 0.0976 0.1131 0.1197 0.1138 0.1182 0.0250 0.1197 0.1066 0.0786 0.1076 
         150  1 0.1232 0.1221 0.0951 0.1179 0.1091 0.0562 0.0860 0.0952 0.0953 0.0999 
         151  1 0.1211 0.1119 0.0941 0.0974 0.1062 0.0349 0.1009 0.1076 0.1249 0.1009 
         152  1 0.1004 0.1174 0.1189 0.1282 0.1127 0.0251 0.1049 0.1011 0.0776 0.1137 
         153  1 0.1131 0.1048 0.1053 0.1035 0.1129 0.0294 0.1129 0.0882 0.1179 0.1120 
         154  1 0.1123 0.1069 0.1147 0.1049 0.1074 0.0359 0.1250 0.0795 0.0966 0.1168 
         155  1 0.1045 0.1104 0.1009 0.1136 0.1196 0.0352 0.1108 0.0915 0.0974 0.1161 
         156  1 0.0892 0.0974 0.0998 0.0918 0.0992 0.1612 0.0938 0.0748 0.0867 0.1062 
         157  1 0.1124 0.1098 0.0912 0.0920 0.1020 0.0682 0.1045 0.0864 0.1230 0.1104 
         158  1 0.0943 0.1189 0.1213 0.1224 0.1168 0.0199 0.1137 0.0963 0.0832 0.1133 
         159  1 0.0957 0.1126 0.1176 0.1326 0.1268 0.0175 0.1102 0.1006 0.0737 0.1127 
         160  1 0.0976 0.1092 0.1188 0.1155 0.1148 0.0813 0.1005 0.0852 0.0789 0.0983 
         161  1 0.0915 0.1227 0.1121 0.1241 0.1164 0.0313 0.1063 0.1086 0.0807 0.1062 
         162  1 0.0956 0.1134 0.1163 0.1135 0.1101 0.0316 0.1064 0.1183 0.0915 0.1034 
         163  1 0.0785 0.0909 0.1036 0.0934 0.0901 0.1715 0.0904 0.1203 0.0812 0.0801 
         164  1 0.0887 0.1061 0.1139 0.1079 0.1148 0.0272 0.1226 0.1023 0.0975 0.1189 
         165  1 0.1072 0.1039 0.1101 0.1091 0.1131 0.0419 0.1234 0.0809 0.0921 0.1181 
         166  1 0.0966 0.1065 0.1232 0.1107 0.1147 0.0185 0.1159 0.1061 0.0939 0.1138 
         167  1 0.0973 0.0828 0.0913 0.0875 0.0868 0.1577 0.1037 0.0764 0.1104 0.1060 
         168  1 0.0977 0.1195 0.1231 0.1121 0.1218 0.0181 0.1149 0.1043 0.0771 0.1114 
         169  1 0.1018 0.1059 0.1233 0.1240 0.1227 0.0476 0.1033 0.0885 0.0769 0.1059 
         170  1 0.0991 0.1205 0.1146 0.1201 0.1215 0.0292 0.1061 0.0910 0.0842 0.1136 
         171  1 0.0783 0.0363 0.0753 0.0591 0.0329 0.0106 0.0489 0.3509 0.2652 0.0425 
         172  1 0.1127 0.1068 0.1009 0.1002 0.1127 0.0456 0.1082 0.0975 0.1037 0.1117 
         173  1 0.0859 0.1006 0.1277 0.1089 0.1205 0.0494 0.1040 0.1278 0.0767 0.0985 
         174  1 0.1220 0.1216 0.1080 0.1092 0.1128 0.0202 0.1055 0.0975 0.0980 0.1052 
         175  1 0.0986 0.1187 0.1193 0.1134 0.1166 0.0303 0.1110 0.0994 0.0797 0.1130 
         176  1 0.1007 0.1153 0.1092 0.1104 0.1101 0.0428 0.1100 0.1056 0.0870 0.1088 
         177  1 0.0833 0.0950 0.1026 0.1051 0.0888 0.0745 0.0941 0.1686 0.0866 0.1014 
         178  1 0.0932 0.0987 0.1134 0.1114 0.1012 0.1039 0.1194 0.0797 0.0827 0.0963 
         179  1 0.0792 0.0344 0.0752 0.0598 0.0355 0.0104 0.0485 0.3531 0.2634 0.0405 
         180  1 0.1092 0.1101 0.1088 0.1032 0.0994 0.0382 0.0986 0.1350 0.1047 0.0927 
         181  1 0.1064 0.1116 0.1191 0.1115 0.1140 0.0265 0.1148 0.0819 0.1024 0.1118 
         182  1 0.0973 0.0775 0.0894 0.0948 0.0868 0.0309 0.0921 0.1771 0.1688 0.0853 
         183  1 0.1085 0.1228 0.0971 0.1048 0.1141 0.0459 0.1014 0.0914 0.1025 0.1114 
         184  1 0.0903 0.0868 0.1050 0.0936 0.0818 0.0789 0.0807 0.1780 0.1242 0.0808 
         185  1 0.1012 0.1111 0.1217 0.1170 0.1163 0.0227 0.1238 0.0876 0.0827 0.1157 
         186  1 0.0867 0.0952 0.0890 0.0988 0.0911 0.1498 0.0953 0.1149 0.0921 0.0873 
         187  1 0.0815 0.0954 0.1112 0.0911 0.1069 0.1734 0.1042 0.0684 0.0667 0.1013 
         188  1 0.0945 0.0786 0.1009 0.0974 0.0944 0.0321 0.0881 0.1992 0.1350 0.0797 
         189  1 0.1288 0.0594 0.0717 0.0675 0.0619 0.0455 0.1553 0.0610 0.2166 0.1324 
         190  1 0.1061 0.1047 0.1070 0.1202 0.1010 0.0567 0.0953 0.1048 0.0993 0.1051 
         191  1 0.1075 0.1034 0.0940 0.1084 0.1090 0.0496 0.0912 0.1189 0.1241 0.0940 
         192  1 0.1142 0.1135 0.1029 0.1231 0.1213 0.0410 0.0917 0.0972 0.0869 0.1081 
         193  1 0.0996 0.1154 0.1154 0.1173 0.1081 0.0291 0.1109 0.1033 0.0856 0.1153 
         194  1 0.1069 0.0973 0.1111 0.1068 0.1161 0.0318 0.1078 0.0984 0.1046 0.1192 
         195  1 0.0973 0.1107 0.1293 0.1130 0.1324 0.0175 0.1224 0.1000 0.0654 0.1120 
         196  1 0.0970 0.1146 0.1067 0.1224 0.1091 0.0356 0.0985 0.1167 0.0862 0.1131 
         197  1 0.0991 0.1193 0.1069 0.1158 0.1187 0.0402 0.1100 0.0944 0.0865 0.1092 
         198  1 0.1407 0.1338 0.0840 0.1008 0.1155 0.0238 0.0777 0.0936 0.1249 0.1053 
         199  1 0.1026 0.0973 0.1016 0.1067 0.1020 0.0545 0.0939 0.1325 0.1119 0.0970 
         200  1 0.1262 0.1223 0.0854 0.1117 0.1168 0.0232 0.1006 0.0864 0.1148 0.1126 
         201  1 0.1078 0.1253 0.1059 0.1129 0.1150 0.0476 0.1052 0.0941 0.0893 0.0970 
         202  1 0.1070 0.1078 0.1069 0.0973 0.1134 0.1015 0.0941 0.0930 0.0845 0.0944 
         203  1 0.1374 0.1159 0.0722 0.0876 0.0864 0.0155 0.0683 0.1460 0.1864 0.0843 
         204  1 0.0869 0.1109 0.1409 0.1222 0.1207 0.0332 0.1106 0.1053 0.0705 0.0988 
         205  1 0.0121 0.0123 0.0116 0.0120 0.0123 0.8930 0.0124 0.0112 0.0113 0.0119 
         206  1 0.1168 0.1054 0.1116 0.0978 0.1197 0.0204 0.0933 0.1230 0.1135 0.0986 
         207  1 0.0968 0.1075 0.1104 0.1291 0.1169 0.0182 0.1061 0.1196 0.0842 0.1111 
         208  1 0.0123 0.0120 0.0121 0.0116 0.0120 0.8924 0.0124 0.0109 0.0116 0.0126 
         209  1 0.1040 0.1059 0.1213 0.1055 0.1012 0.0434 0.1081 0.1156 0.0931 0.1019 
         210  1 0.0878 0.0980 0.1036 0.0927 0.0898 0.1266 0.0951 0.1205 0.0970 0.0888 
         211  1 0.0874 0.1101 0.1196 0.1139 0.1184 0.0398 0.1038 0.1191 0.0808 0.1071 
         212  1 0.1056 0.1130 0.1000 0.1196 0.0995 0.0397 0.0996 0.1131 0.0960 0.1138 
         213  1 0.0977 0.0939 0.1146 0.1018 0.0988 0.0261 0.1182 0.1171 0.1212 0.1105 
         214  1 0.0914 0.1006 0.0950 0.0954 0.0943 0.0997 0.1026 0.1307 0.0856 0.1047 
         215  1 0.1180 0.1156 0.0995 0.1198 0.1155 0.0250 0.1082 0.0987 0.0949 0.1047 
         216  1 0.0925 0.1006 0.1073 0.1026 0.0996 0.1215 0.1067 0.0854 0.0806 0.1032 
         217  1 0.0518 0.0512 0.0559 0.0581 0.0525 0.5257 0.0520 0.0524 0.0454 0.0552 
         218  1 0.1279 0.0746 0.0808 0.0680 0.0664 0.0195 0.1550 0.0585 0.2169 0.1324 
         219  1 0.0981 0.1126 0.1196 0.1147 0.1225 0.0227 0.1116 0.0911 0.0919 0.1153 
         220  1 0.0858 0.0974 0.0943 0.0941 0.0937 0.1840 0.0910 0.0851 0.0818 0.0927 
         221  1 0.0888 0.1017 0.1110 0.1074 0.1103 0.0898 0.1170 0.0849 0.0861 0.1029 
         222  1 0.1054 0.1161 0.1186 0.1099 0.1141 0.0213 0.1106 0.1008 0.0963 0.1069 
         223  1 0.0923 0.0904 0.0944 0.0949 0.0920 0.1593 0.0926 0.0961 0.0947 0.0932 
         224  1 0.1077 0.1004 0.1028 0.0971 0.1006 0.0256 0.1327 0.0826 0.1284 0.1222 
         225  1 0.1326 0.0567 0.0711 0.0655 0.0566 0.0270 0.1609 0.0670 0.2330 0.1296 
         226  1 0.0998 0.1069 0.1016 0.1121 0.1127 0.0511 0.1129 0.0947 0.0956 0.1128 
         227  1 0.0948 0.0933 0.1038 0.0994 0.0887 0.0321 0.0982 0.1615 0.1289 0.0993 
         228  1 0.0960 0.1138 0.1092 0.1050 0.1148 0.0820 0.1019 0.0913 0.0850 0.1009 
         229  1 0.1283 0.0706 0.0788 0.0783 0.0712 0.0280 0.1463 0.0663 0.2045 0.1278 
         230  1 0.1020 0.0965 0.1065 0.1124 0.0988 0.0800 0.1129 0.0840 0.0876 0.1194 
         231  1 0.1130 0.0958 0.1016 0.0863 0.0905 0.0410 0.1221 0.0793 0.1417 0.1287 
         232  1 0.0898 0.0915 0.0890 0.0938 0.0925 0.1834 0.1008 0.0757 0.0843 0.0992 
         233  1 0.1008 0.1137 0.1113 0.1144 0.1166 0.0443 0.1129 0.0986 0.0718 0.1156 
         234  1 0.1000 0.1009 0.1234 0.1137 0.1065 0.0333 0.1248 0.0837 0.0856 0.1280 
         235  1 0.0991 0.1151 0.1090 0.1054 0.1025 0.0534 0.0949 0.1195 0.0961 0.1050 
         236  1 0.0939 0.1082 0.1058 0.1196 0.1099 0.0518 0.1082 0.1080 0.0952 0.0993 
         237  1 0.0907 0.1032 0.1019 0.1107 0.0871 0.0167 0.0947 0.1930 0.1011 0.1008 
         238  1 0.0967 0.1031 0.1145 0.1055 0.1064 0.0489 0.1060 0.1098 0.1109 0.0980 
         239  1 0.0988 0.0801 0.1067 0.0878 0.0734 0.0240 0.0879 0.1934 0.1634 0.0845 
         240  1 0.1113 0.1060 0.1018 0.1126 0.1062 0.0832 0.1020 0.0873 0.0811 0.1084 
         241  1 0.0975 0.0973 0.0967 0.1032 0.1078 0.1007 0.1143 0.0889 0.0870 0.1067 
         242  1 0.0776 0.0640 0.0632 0.0687 0.0656 0.3888 0.0679 0.0630 0.0746 0.0666 
         243  1 0.0705 0.0748 0.0808 0.0758 0.0664 0.3378 0.0771 0.0659 0.0733 0.0778 
         244  1 0.0950 0.1020 0.1095 0.0995 0.1007 0.0238 0.0879 0.1699 0.1178 0.0939 
         245  1 0.1038 0.1085 0.1146 0.1157 0.1014 0.0365 0.1082 0.1138 0.0897 0.1076 
         246  1 0.1059 0.1025 0.1077 0.1050 0.0957 0.0841 0.1141 0.0781 0.0993 0.1077 
