           1  1 0.1218 0.1193 0.1275 0.0308 0.1095 0.1378 0.1235 0.1237 0.1062 
           2  1 0.1257 0.1174 0.1199 0.0153 0.1301 0.1164 0.1201 0.1386 0.1163 
           3  1 0.1214 0.1175 0.1286 0.0202 0.1344 0.1103 0.1167 0.1340 0.1168 
           4  1 0.1062 0.0910 0.0968 0.2155 0.1096 0.1004 0.1080 0.0977 0.0747 
           5  1 0.1385 0.1063 0.1241 0.0497 0.1287 0.1023 0.1300 0.1281 0.0924 
           6  1 0.1056 0.1192 0.0887 0.0291 0.0914 0.1622 0.1241 0.1069 0.1727 
           7  1 0.1147 0.1168 0.1247 0.0631 0.1228 0.1144 0.1070 0.1185 0.1179 
           8  1 0.1345 0.1169 0.1305 0.0395 0.1208 0.1079 0.1317 0.1345 0.0836 
           9  1 0.1230 0.1148 0.1230 0.0502 0.1248 0.1266 0.1064 0.1151 0.1161 
          10  1 0.1276 0.1178 0.1324 0.0255 0.1405 0.1076 0.1225 0.1295 0.0967 
          11  1 0.1166 0.1347 0.1218 0.0311 0.1185 0.1209 0.1161 0.1308 0.1096 
          12  1 0.1151 0.1124 0.1085 0.0297 0.1118 0.1404 0.1273 0.1294 0.1255 
          13  1 0.1202 0.1237 0.1338 0.0324 0.1249 0.1198 0.1306 0.1236 0.0910 
          14  1 0.1122 0.1216 0.1077 0.0797 0.1173 0.1086 0.1051 0.1200 0.1279 
          15  1 0.1160 0.1271 0.1260 0.0268 0.1372 0.1079 0.1226 0.1163 0.1201 
          16  1 0.1069 0.1265 0.1283 0.0500 0.1363 0.1034 0.1082 0.1179 0.1225 
          17  1 0.1263 0.1072 0.1184 0.0673 0.1277 0.1089 0.1203 0.1244 0.0995 
          18  1 0.1204 0.1190 0.1242 0.0395 0.1314 0.1141 0.1113 0.1424 0.0977 
          19  1 0.1095 0.1312 0.1297 0.0368 0.1116 0.1250 0.1163 0.1304 0.1096 
          20  1 0.1138 0.1226 0.1020 0.0501 0.1114 0.1269 0.1215 0.1111 0.1407 
          21  1 0.0810 0.0759 0.0745 0.3778 0.0747 0.0775 0.0840 0.0784 0.0762 
          22  1 0.1078 0.1249 0.1140 0.0294 0.1244 0.1204 0.1048 0.1136 0.1607 
          23  1 0.1252 0.1141 0.1217 0.0502 0.1103 0.1210 0.1227 0.1168 0.1179 
          24  1 0.0407 0.0369 0.0372 0.6901 0.0374 0.0407 0.0391 0.0388 0.0392 
          25  1 0.1135 0.1072 0.1100 0.1399 0.0986 0.1090 0.1087 0.1145 0.0986 
          26  1 0.1013 0.1090 0.1220 0.0851 0.0955 0.1560 0.1043 0.1208 0.1060 
          27  1 0.1022 0.1235 0.1202 0.0428 0.1016 0.1452 0.1223 0.1233 0.1190 
          28  1 0.0882 0.1653 0.0968 0.0447 0.1157 0.1103 0.0935 0.1077 0.1777 
          29  1 0.1168 0.1213 0.1082 0.0350 0.1136 0.1197 0.1232 0.1153 0.1470 
          30  1 0.0915 0.1620 0.1037 0.0442 0.1238 0.1077 0.0909 0.1033 0.1728 
          31  1 0.1192 0.1228 0.1388 0.0465 0.1230 0.1101 0.1166 0.1343 0.0886 
          32  1 0.1080 0.1571 0.1184 0.0279 0.1204 0.1060 0.1070 0.1116 0.1436 
          33  1 0.1247 0.1134 0.1309 0.0590 0.1176 0.1079 0.1216 0.1257 0.0994 
          34  1 0.1254 0.1196 0.1222 0.0581 0.1219 0.1090 0.1149 0.1197 0.1092 
          35  1 0.1169 0.1216 0.1358 0.0261 0.1383 0.1143 0.1141 0.1245 0.1086 
          36  1 0.1058 0.1137 0.0880 0.0592 0.0864 0.1596 0.1200 0.1044 0.1630 
          37  1 0.1117 0.1194 0.1284 0.0159 0.1270 0.1263 0.1288 0.1212 0.1215 
          38  1 0.1242 0.1129 0.1244 0.0229 0.1340 0.1251 0.1248 0.1255 0.1061 
          39  1 0.0545 0.0555 0.0507 0.5732 0.0521 0.0520 0.0560 0.0538 0.0523 
          40  1 0.1298 0.1070 0.1283 0.0198 0.1181 0.1307 0.1205 0.1289 0.1169 
          41  1 0.1032 0.1298 0.1199 0.0325 0.1301 0.1207 0.0962 0.1080 0.1596 
          42  1 0.1246 0.1152 0.1279 0.0533 0.1265 0.1107 0.1128 0.1210 0.1081 
          43  1 0.1172 0.1038 0.1119 0.1296 0.1078 0.1061 0.1135 0.1129 0.0970 
          44  1 0.1249 0.1128 0.1305 0.0436 0.1256 0.1268 0.1075 0.1230 0.1052 
          45  1 0.0919 0.1570 0.0945 0.0762 0.1167 0.1002 0.0920 0.1079 0.1638 
          46  1 0.1098 0.1169 0.1189 0.0651 0.1166 0.1138 0.1214 0.1168 0.1207 
          47  1 0.1173 0.1150 0.1310 0.0967 0.1149 0.1088 0.1067 0.1198 0.0898 
          48  1 0.1026 0.1256 0.1163 0.0478 0.1054 0.1409 0.1268 0.1208 0.1138 
          49  1 0.1214 0.1184 0.1285 0.0522 0.1156 0.1207 0.1162 0.1144 0.1126 
          50  1 0.1284 0.1182 0.1248 0.0523 0.1183 0.1112 0.1277 0.1227 0.0965 
          51  1 0.0497 0.0470 0.0514 0.6038 0.0490 0.0484 0.0519 0.0532 0.0455 
          52  1 0.1148 0.1043 0.1106 0.1598 0.1113 0.0881 0.1050 0.1111 0.0949 
          53  1 0.1168 0.1233 0.1175 0.0575 0.1161 0.1164 0.1182 0.1219 0.1123 
          54  1 0.1164 0.1158 0.1246 0.0668 0.1370 0.1029 0.1131 0.1254 0.0981 
          55  1 0.1314 0.1179 0.1148 0.0379 0.1075 0.1302 0.1304 0.1160 0.1139 
          56  1 0.1168 0.1067 0.1203 0.1407 0.1148 0.0929 0.1043 0.1179 0.0856 
          57  1 0.1027 0.1315 0.1067 0.1159 0.1131 0.0955 0.1045 0.0999 0.1303 
          58  1 0.0304 0.0286 0.0308 0.7615 0.0285 0.0318 0.0303 0.0290 0.0291 
          59  1 0.1257 0.1108 0.1226 0.0242 0.1171 0.1371 0.1156 0.1200 0.1269 
          60  1 0.1244 0.1290 0.1397 0.0268 0.1227 0.1050 0.1257 0.1241 0.1025 
          61  1 0.1232 0.1191 0.1346 0.0584 0.1238 0.1026 0.1164 0.1268 0.0951 
          62  1 0.1025 0.0981 0.1034 0.2127 0.1071 0.0956 0.0907 0.1061 0.0838 
          63  1 0.0489 0.0458 0.0498 0.6094 0.0450 0.0534 0.0461 0.0487 0.0530 
          64  1 0.1277 0.1088 0.1091 0.0618 0.1033 0.1246 0.1306 0.1075 0.1267 
          65  1 0.1190 0.1209 0.1357 0.0461 0.1245 0.1086 0.1156 0.1266 0.1030 
          66  1 0.1121 0.1108 0.1143 0.1066 0.1184 0.1147 0.1059 0.1052 0.1121 
          67  1 0.1159 0.1185 0.1315 0.0556 0.1286 0.1071 0.1213 0.1142 0.1073 
          68  1 0.1106 0.1232 0.1304 0.0240 0.1331 0.1108 0.1104 0.1271 0.1305 
          69  1 0.1295 0.0974 0.1094 0.0256 0.1138 0.1377 0.1337 0.1189 0.1339 
          70  1 0.1120 0.1307 0.1162 0.0325 0.1199 0.1150 0.1274 0.1254 0.1210 
          71  1 0.1280 0.1136 0.1121 0.0448 0.1170 0.1266 0.1129 0.1296 0.1156 
          72  1 0.1143 0.1240 0.1129 0.0282 0.1204 0.1258 0.1228 0.1205 0.1312 
          73  1 0.1217 0.1040 0.1007 0.0773 0.0999 0.1299 0.1283 0.1033 0.1350 
          74  1 0.0926 0.0867 0.0911 0.3101 0.0870 0.0796 0.0892 0.0897 0.0741 
          75  1 0.1194 0.1281 0.1205 0.0288 0.1320 0.1259 0.1106 0.1294 0.1053 
          76  1 0.1220 0.1182 0.1319 0.0309 0.1343 0.1102 0.1162 0.1166 0.1197 
          77  1 0.1079 0.1218 0.1207 0.0223 0.1114 0.1386 0.1245 0.1107 0.1420 
          78  1 0.1237 0.1111 0.1260 0.0422 0.1304 0.1074 0.1390 0.1315 0.0886 
          79  1 0.1263 0.1212 0.1238 0.0450 0.1166 0.1174 0.1237 0.1205 0.1057 
          80  1 0.1118 0.1262 0.1198 0.0226 0.1325 0.1070 0.1125 0.1316 0.1360 
          81  1 0.1035 0.1037 0.0995 0.1566 0.0966 0.1068 0.1149 0.0993 0.1191 
          82  1 0.1085 0.1213 0.1259 0.0320 0.1102 0.1365 0.1203 0.1255 0.1199 
          83  1 0.1130 0.0985 0.1172 0.1404 0.1144 0.0960 0.1053 0.1177 0.0976 
          84  1 0.1202 0.1179 0.1272 0.0674 0.1121 0.1128 0.1136 0.1200 0.1089 
          85  1 0.1070 0.1140 0.1016 0.1206 0.1056 0.1122 0.1109 0.1056 0.1224 
          86  1 0.0972 0.1307 0.1210 0.0686 0.1247 0.1127 0.0958 0.1125 0.1366 
          87  1 0.1167 0.1183 0.1260 0.0546 0.1253 0.1144 0.1200 0.1202 0.1044 
          88  1 0.1185 0.1198 0.1241 0.0545 0.1253 0.1073 0.1143 0.1158 0.1204 
          89  1 0.1029 0.1386 0.1108 0.0371 0.1213 0.1182 0.1011 0.1246 0.1453 
          90  1 0.1168 0.1206 0.1241 0.0256 0.1232 0.1186 0.1231 0.1157 0.1323 
          91  1 0.1036 0.1008 0.1013 0.1357 0.0949 0.1428 0.1031 0.1132 0.1046 
          92  1 0.0996 0.1274 0.1096 0.0906 0.1277 0.1052 0.0948 0.1055 0.1396 
          93  1 0.1281 0.1210 0.1341 0.0333 0.1246 0.1155 0.1137 0.1258 0.1039 
          94  1 0.0911 0.1490 0.1080 0.0273 0.1208 0.1056 0.1055 0.1164 0.1764 
          95  1 0.1136 0.1223 0.1337 0.0424 0.1235 0.1151 0.1231 0.1278 0.0985 
          96  1 0.1181 0.1138 0.1262 0.0535 0.1245 0.1220 0.1072 0.1273 0.1073 
          97  1 0.1213 0.1291 0.1258 0.0337 0.1267 0.1191 0.1010 0.1210 0.1223 
          98  1 0.1285 0.1139 0.1252 0.0190 0.1174 0.1136 0.1355 0.1346 0.1123 
          99  1 0.1242 0.1246 0.1405 0.0211 0.1297 0.1065 0.1312 0.1293 0.0929 
         100  1 0.1229 0.1194 0.1281 0.0372 0.1259 0.1115 0.1381 0.1253 0.0916 
         101  1 0.1024 0.1026 0.1122 0.2092 0.1057 0.0895 0.0925 0.1031 0.0829 
         102  1 0.1105 0.1142 0.1384 0.0315 0.1351 0.1400 0.1027 0.1116 0.1161 
         103  1 0.0959 0.0940 0.0948 0.2823 0.0907 0.0838 0.0908 0.0840 0.0837 
         104  1 0.1155 0.1077 0.1178 0.1323 0.1140 0.1003 0.1133 0.1104 0.0888 
         105  1 0.1151 0.1108 0.1356 0.1018 0.1118 0.1040 0.1097 0.1178 0.0933 
         106  1 0.0952 0.0813 0.1010 0.3093 0.0914 0.0719 0.0943 0.0894 0.0661 
         107  1 0.1179 0.1262 0.1135 0.0273 0.1089 0.1266 0.1234 0.1117 0.1445 
         108  1 0.1281 0.1195 0.1320 0.0327 0.1275 0.1050 0.1275 0.1263 0.1015 
         109  1 0.1253 0.1062 0.1320 0.0357 0.1295 0.1170 0.1127 0.1279 0.1136 
         110  1 0.1221 0.0989 0.1097 0.1480 0.1123 0.1066 0.1044 0.1096 0.0882 
         111  1 0.1215 0.1115 0.1308 0.0659 0.1315 0.1084 0.1075 0.1198 0.1032 
         112  1 0.1311 0.1173 0.1351 0.0463 0.1255 0.1008 0.1199 0.1309 0.0930 
         113  1 0.1010 0.1497 0.1099 0.0371 0.1239 0.1070 0.1042 0.1176 0.1497 
         114  1 0.1181 0.1155 0.1273 0.0284 0.1217 0.1281 0.1118 0.1279 0.1211 
         115  1 0.1170 0.1167 0.1232 0.0634 0.1220 0.1170 0.1011 0.1207 0.1188 
         116  1 0.1050 0.1387 0.1173 0.0197 0.1351 0.1141 0.1112 0.1172 0.1416 
         117  1 0.1240 0.1077 0.1049 0.0387 0.1109 0.1337 0.1218 0.1190 0.1393 
         118  1 0.1210 0.1113 0.1148 0.0428 0.1022 0.1304 0.1281 0.1133 0.1361 
         119  1 0.1190 0.1338 0.1178 0.0513 0.1169 0.1114 0.1198 0.1308 0.0992 
         120  1 0.0907 0.0824 0.0923 0.2998 0.0919 0.0803 0.0939 0.0904 0.0783 
         121  1 0.1308 0.1105 0.1300 0.0497 0.1238 0.1080 0.1229 0.1182 0.1060 
         122  1 0.1162 0.1253 0.1209 0.0308 0.1258 0.1102 0.1092 0.1274 0.1343 
         123  1 0.1248 0.1129 0.1111 0.0704 0.1196 0.1144 0.1089 0.1350 0.1030 
         124  1 0.1204 0.1271 0.1155 0.0301 0.1225 0.1202 0.1215 0.1156 0.1270 
         125  1 0.1198 0.1063 0.1178 0.1285 0.1144 0.1008 0.1109 0.1084 0.0931 
         126  1 0.1311 0.1260 0.1132 0.0210 0.1384 0.1144 0.1147 0.1199 0.1213 
         127  1 0.1334 0.1070 0.1169 0.0563 0.1120 0.1301 0.1147 0.1086 0.1209 
         128  1 0.1298 0.1178 0.1270 0.0194 0.1277 0.1174 0.1276 0.1328 0.1005 
         129  1 0.1274 0.1169 0.1224 0.0655 0.1292 0.0968 0.1245 0.1150 0.1023 
         130  1 0.1258 0.1156 0.1163 0.0667 0.1235 0.1158 0.1113 0.1227 0.1023 
         131  1 0.1187 0.1330 0.1303 0.0341 0.1297 0.0984 0.1183 0.1219 0.1154 
         132  1 0.1276 0.1131 0.1367 0.0168 0.1260 0.1175 0.1274 0.1325 0.1025 
         133  1 0.1100 0.1202 0.1225 0.0906 0.1185 0.0957 0.1066 0.1217 0.1142 
         134  1 0.1219 0.1189 0.1207 0.0575 0.1094 0.1120 0.1268 0.1267 0.1061 
         135  1 0.1103 0.0969 0.1056 0.1838 0.1101 0.0955 0.1078 0.1082 0.0818 
         136  1 0.1218 0.1168 0.1317 0.0581 0.1263 0.1076 0.1252 0.1249 0.0876 
         137  1 0.1063 0.1262 0.1165 0.0690 0.1213 0.1014 0.1125 0.1108 0.1359 
         138  1 0.1135 0.1101 0.1205 0.0861 0.1211 0.1085 0.1168 0.1160 0.1073 
         139  1 0.1224 0.1197 0.1172 0.0623 0.1092 0.1188 0.1325 0.1114 0.1065 
         140  1 0.1188 0.1200 0.1126 0.0297 0.1129 0.1417 0.1222 0.1154 0.1266 
         141  1 0.1332 0.1122 0.1235 0.0414 0.1354 0.1029 0.1311 0.1235 0.0967 
         142  1 0.1179 0.1184 0.1295 0.0239 0.1311 0.1177 0.1176 0.1352 0.1087 
         143  1 0.1113 0.1056 0.1312 0.0386 0.1109 0.1486 0.1064 0.1306 0.1169 
         144  1 0.1191 0.1175 0.1198 0.0385 0.1216 0.1129 0.1205 0.1177 0.1324 
         145  1 0.1173 0.1262 0.1117 0.0836 0.1232 0.0965 0.1197 0.1088 0.1131 
         146  1 0.1339 0.1081 0.0970 0.0288 0.0907 0.1537 0.1338 0.0998 0.1541 
         147  1 0.1171 0.1201 0.1272 0.0674 0.1181 0.1121 0.1091 0.1225 0.1064 
         148  1 0.1171 0.1081 0.1249 0.0907 0.1294 0.1045 0.1098 0.1179 0.0975 
         149  1 0.1296 0.1146 0.1265 0.0312 0.1367 0.1165 0.1238 0.1214 0.0997 
         150  1 0.1168 0.1076 0.1200 0.0698 0.1152 0.1291 0.1165 0.1229 0.1020 
         151  1 0.1048 0.1211 0.1182 0.0428 0.1070 0.1369 0.1307 0.1101 0.1284 
         152  1 0.1295 0.1270 0.1287 0.0339 0.1280 0.1052 0.1256 0.1250 0.0971 
         153  1 0.1164 0.1225 0.1242 0.0397 0.1159 0.1158 0.1235 0.1211 0.1209 
         154  1 0.1191 0.1246 0.1188 0.0436 0.1251 0.1042 0.1160 0.1235 0.1250 
         155  1 0.1138 0.1259 0.1260 0.0425 0.1309 0.1185 0.1191 0.1256 0.0977 
         156  1 0.1007 0.1079 0.1083 0.1826 0.1148 0.0878 0.0952 0.1025 0.1001 
         157  1 0.1102 0.1168 0.1068 0.0875 0.1144 0.1220 0.1033 0.1161 0.1228 
         158  1 0.1273 0.1128 0.1298 0.0254 0.1326 0.1117 0.1266 0.1359 0.0980 
         159  1 0.1199 0.1251 0.1390 0.0226 0.1243 0.1150 0.1340 0.1277 0.0923 
         160  1 0.1174 0.1043 0.1128 0.0990 0.1129 0.1170 0.1237 0.1161 0.0968 
         161  1 0.1212 0.1208 0.1357 0.0427 0.1292 0.1104 0.1175 0.1275 0.0949 
         162  1 0.1297 0.1173 0.1260 0.0380 0.1152 0.1152 0.1242 0.1237 0.1108 
         163  1 0.1112 0.0945 0.0888 0.2150 0.0936 0.0954 0.1078 0.0942 0.0994 
         164  1 0.1166 0.1190 0.1301 0.0340 0.1240 0.1119 0.1230 0.1230 0.1184 
         165  1 0.1162 0.1275 0.1202 0.0525 0.1294 0.1038 0.1219 0.1182 0.1102 
         166  1 0.1314 0.1250 0.1247 0.0235 0.1162 0.1178 0.1271 0.1299 0.1044 
         167  1 0.0948 0.1264 0.1003 0.1692 0.1030 0.1004 0.0916 0.0985 0.1157 
         168  1 0.1242 0.1107 0.1314 0.0237 0.1317 0.1169 0.1261 0.1348 0.1005 
         169  1 0.1208 0.1098 0.1217 0.0605 0.1209 0.1148 0.1255 0.1264 0.0998 
         170  1 0.1196 0.1207 0.1316 0.0410 0.1252 0.1094 0.1242 0.1268 0.1014 
         171  1 0.1195 0.1055 0.0524 0.0145 0.0584 0.1921 0.1573 0.0671 0.2333 
         172  1 0.1115 0.1128 0.1201 0.0534 0.1176 0.1274 0.1166 0.1219 0.1188 
         173  1 0.1336 0.1024 0.1191 0.0657 0.1121 0.1205 0.1268 0.1192 0.1005 
         174  1 0.1259 0.1096 0.1150 0.0254 0.1330 0.1247 0.1152 0.1283 0.1230 
         175  1 0.1326 0.1181 0.1208 0.0384 0.1298 0.1162 0.1197 0.1245 0.0998 
         176  1 0.1262 0.1100 0.1378 0.0501 0.1177 0.1047 0.1174 0.1298 0.1064 
         177  1 0.1224 0.1061 0.1230 0.0933 0.1098 0.1289 0.1045 0.1156 0.0965 
         178  1 0.1093 0.1182 0.1068 0.1144 0.1216 0.1040 0.1082 0.1178 0.0998 
         179  1 0.1203 0.1064 0.0483 0.0140 0.0588 0.1919 0.1554 0.0672 0.2377 
         180  1 0.1262 0.1166 0.1192 0.0534 0.1092 0.1180 0.1237 0.1162 0.1177 
         181  1 0.1231 0.1282 0.1191 0.0357 0.1220 0.1068 0.1230 0.1251 0.1170 
         182  1 0.1141 0.1144 0.0963 0.0402 0.0959 0.1393 0.1403 0.1003 0.1593 
         183  1 0.1127 0.1237 0.1258 0.0618 0.1125 0.1266 0.1068 0.1214 0.1087 
         184  1 0.1236 0.1076 0.0978 0.0878 0.0915 0.1339 0.1285 0.1010 0.1282 
         185  1 0.1261 0.1161 0.1301 0.0279 0.1284 0.1080 0.1243 0.1365 0.1027 
         186  1 0.1062 0.0995 0.0964 0.1662 0.1053 0.1051 0.1054 0.1004 0.1155 
         187  1 0.1039 0.1007 0.1049 0.1939 0.1112 0.0877 0.1033 0.1061 0.0884 
         188  1 0.1238 0.1143 0.0933 0.0392 0.1017 0.1396 0.1329 0.1018 0.1533 
         189  1 0.0792 0.1661 0.0895 0.0566 0.1179 0.1074 0.0844 0.1044 0.1946 
         190  1 0.1200 0.1231 0.1076 0.0685 0.1141 0.1200 0.1187 0.1078 0.1203 
         191  1 0.1167 0.1075 0.1105 0.0568 0.1093 0.1213 0.1281 0.1057 0.1440 
         192  1 0.1198 0.1107 0.1185 0.0541 0.1151 0.1315 0.1118 0.1331 0.1054 
         193  1 0.1300 0.1238 0.1256 0.0332 0.1235 0.1145 0.1172 0.1248 0.1075 
         194  1 0.1148 0.1240 0.1331 0.0399 0.1356 0.1028 0.1146 0.1274 0.1078 
         195  1 0.1350 0.1107 0.1324 0.0236 0.1293 0.1151 0.1303 0.1233 0.1003 
         196  1 0.1242 0.1233 0.1262 0.0425 0.1266 0.1133 0.1179 0.1289 0.0970 
         197  1 0.1142 0.1190 0.1269 0.0533 0.1166 0.1164 0.1196 0.1323 0.1016 
         198  1 0.1087 0.1173 0.1214 0.0297 0.1078 0.1630 0.1114 0.1260 0.1146 
         199  1 0.1228 0.1034 0.1138 0.0677 0.1098 0.1195 0.1224 0.1150 0.1257 
         200  1 0.1085 0.1307 0.1283 0.0289 0.1139 0.1224 0.1138 0.1250 0.1284 
         201  1 0.1150 0.1163 0.1217 0.0564 0.1152 0.1216 0.1203 0.1280 0.1054 
         202  1 0.1203 0.1050 0.1096 0.1229 0.1098 0.1100 0.1169 0.1123 0.0933 
         203  1 0.1051 0.1264 0.0979 0.0197 0.0903 0.1575 0.1387 0.1114 0.1530 
         204  1 0.1323 0.1069 0.1200 0.0437 0.1241 0.1113 0.1319 0.1286 0.1011 
         205  1 0.0153 0.0147 0.0147 0.8817 0.0149 0.0146 0.0151 0.0153 0.0138 
         206  1 0.1269 0.1135 0.1217 0.0270 0.1120 0.1285 0.1389 0.1195 0.1120 
         207  1 0.1293 0.1189 0.1301 0.0230 0.1220 0.1127 0.1268 0.1265 0.1106 
         208  1 0.0149 0.0148 0.0149 0.8824 0.0146 0.0141 0.0150 0.0148 0.0146 
         209  1 0.1288 0.1001 0.1133 0.0574 0.1147 0.1343 0.1250 0.1122 0.1142 
         210  1 0.1173 0.1004 0.0975 0.1544 0.0977 0.1201 0.1094 0.0919 0.1114 
         211  1 0.1183 0.1245 0.1313 0.0531 0.1292 0.1170 0.1164 0.1107 0.0995 
         212  1 0.1207 0.1283 0.1237 0.0456 0.1196 0.1199 0.1157 0.1233 0.1033 
         213  1 0.1274 0.1195 0.1124 0.0346 0.1178 0.1201 0.1196 0.1179 0.1306 
         214  1 0.1133 0.1115 0.1075 0.1251 0.1147 0.1043 0.1103 0.1183 0.0949 
         215  1 0.1154 0.1261 0.1289 0.0330 0.1167 0.1155 0.1227 0.1268 0.1148 
         216  1 0.1111 0.1045 0.1154 0.1459 0.1091 0.1027 0.1021 0.1079 0.1013 
         217  1 0.0657 0.0634 0.0625 0.5340 0.0541 0.0563 0.0594 0.0553 0.0494 
         218  1 0.0817 0.1727 0.0921 0.0262 0.1242 0.1075 0.0971 0.0987 0.1998 
         219  1 0.1319 0.1190 0.1324 0.0297 0.1240 0.1054 0.1154 0.1348 0.1073 
         220  1 0.1090 0.1004 0.1189 0.1891 0.0995 0.0905 0.0982 0.1029 0.0915 
         221  1 0.1112 0.1109 0.1141 0.1048 0.1214 0.1017 0.1078 0.1150 0.1132 
         222  1 0.1284 0.1137 0.1303 0.0296 0.1263 0.1140 0.1173 0.1225 0.1178 
         223  1 0.1044 0.1055 0.1053 0.1707 0.1033 0.1032 0.1007 0.1023 0.1046 
         224  1 0.1150 0.1319 0.1252 0.0318 0.1272 0.1108 0.1117 0.1194 0.1270 
         225  1 0.0855 0.1686 0.0926 0.0345 0.1215 0.1038 0.0872 0.1106 0.1959 
         226  1 0.1251 0.1255 0.1090 0.0673 0.1155 0.1101 0.1097 0.1109 0.1269 
         227  1 0.1167 0.1140 0.1036 0.0409 0.1091 0.1413 0.1187 0.1052 0.1505 
         228  1 0.1150 0.1066 0.1175 0.1103 0.1267 0.1034 0.1073 0.1135 0.0996 
         229  1 0.0825 0.1540 0.0971 0.0357 0.1264 0.1118 0.0939 0.1009 0.1977 
         230  1 0.1092 0.1179 0.1207 0.0923 0.1250 0.0973 0.1115 0.1215 0.1045 
         231  1 0.1136 0.1415 0.0997 0.0470 0.1224 0.1121 0.1017 0.1179 0.1440 
         232  1 0.0963 0.1014 0.1092 0.2144 0.1035 0.0888 0.0919 0.0971 0.0974 
         233  1 0.1211 0.1175 0.1254 0.0513 0.1223 0.1103 0.1263 0.1241 0.1016 
         234  1 0.1214 0.1262 0.1225 0.0417 0.1171 0.1058 0.1302 0.1225 0.1126 
         235  1 0.1234 0.1191 0.1113 0.0650 0.1156 0.1241 0.1168 0.1159 0.1088 
         236  1 0.1153 0.1140 0.1285 0.0642 0.1148 0.1173 0.1241 0.1197 0.1020 
         237  1 0.1322 0.1098 0.1220 0.0224 0.1240 0.1349 0.1241 0.1139 0.1166 
         238  1 0.1198 0.1157 0.1133 0.0641 0.1050 0.1126 0.1244 0.1101 0.1351 
         239  1 0.1199 0.1150 0.0839 0.0301 0.0953 0.1442 0.1370 0.0969 0.1775 
         240  1 0.1155 0.1097 0.1351 0.0966 0.1154 0.1019 0.1139 0.1197 0.0922 
         241  1 0.1110 0.1158 0.1085 0.1262 0.1146 0.1028 0.1040 0.1149 0.1021 
         242  1 0.0726 0.0745 0.0733 0.4209 0.0698 0.0715 0.0697 0.0714 0.0763 
         243  1 0.0815 0.0824 0.0830 0.3601 0.0763 0.0774 0.0764 0.0834 0.0794 
         244  1 0.1276 0.1075 0.1029 0.0298 0.0995 0.1442 0.1407 0.1102 0.1376 
         245  1 0.1309 0.1095 0.1309 0.0463 0.1194 0.1084 0.1153 0.1229 0.1164 
         246  1 0.1101 0.1096 0.1208 0.0989 0.1232 0.1017 0.1005 0.1244 0.1109 
