           1  1 0.1205 0.1186 0.1205 0.1165 0.0310 0.1353 0.1154 0.1223 0.1200 
           2  1 0.1251 0.1214 0.1321 0.1295 0.0157 0.1084 0.1305 0.1185 0.1189 
           3  1 0.1268 0.1282 0.1339 0.1331 0.0194 0.1057 0.1110 0.1189 0.1230 
           4  1 0.1111 0.0961 0.1106 0.1161 0.2256 0.0823 0.0919 0.0801 0.0861 
           5  1 0.1338 0.1236 0.1522 0.1434 0.0494 0.0813 0.1188 0.0909 0.1068 
           6  1 0.0792 0.1129 0.0750 0.0730 0.0312 0.2130 0.1659 0.1349 0.1149 
           7  1 0.1136 0.1101 0.1136 0.1117 0.0618 0.1147 0.1058 0.1434 0.1252 
           8  1 0.1428 0.1147 0.1503 0.1472 0.0379 0.0855 0.1165 0.0966 0.1086 
           9  1 0.1250 0.1235 0.1152 0.1122 0.0502 0.1157 0.1161 0.1183 0.1237 
          10  1 0.1407 0.1204 0.1413 0.1438 0.0255 0.0965 0.1159 0.1036 0.1124 
          11  1 0.1240 0.1179 0.1210 0.1249 0.0299 0.1174 0.0983 0.1296 0.1369 
          12  1 0.1076 0.1128 0.1087 0.1119 0.0311 0.1501 0.1230 0.1311 0.1236 
          13  1 0.1434 0.1284 0.1411 0.1458 0.0305 0.0880 0.1108 0.0998 0.1121 
          14  1 0.1104 0.1154 0.1138 0.1140 0.0766 0.1090 0.1042 0.1313 0.1253 
          15  1 0.1215 0.1210 0.1234 0.1393 0.0265 0.1004 0.1017 0.1412 0.1251 
          16  1 0.1201 0.1099 0.1232 0.1195 0.0459 0.1171 0.0950 0.1344 0.1351 
          17  1 0.1329 0.1175 0.1330 0.1387 0.0611 0.0973 0.1159 0.0911 0.1126 
          18  1 0.1321 0.1182 0.1396 0.1330 0.0360 0.0940 0.1206 0.1102 0.1162 
          19  1 0.1222 0.1202 0.1171 0.1164 0.0366 0.1173 0.1093 0.1272 0.1337 
          20  1 0.1039 0.1190 0.1071 0.1064 0.0469 0.1366 0.1388 0.1213 0.1201 
          21  1 0.0784 0.0779 0.0820 0.0845 0.3755 0.0759 0.0838 0.0654 0.0767 
          22  1 0.1049 0.1104 0.1054 0.1021 0.0282 0.1385 0.0929 0.1754 0.1422 
          23  1 0.1298 0.1220 0.1188 0.1182 0.0512 0.1193 0.1283 0.1061 0.1063 
          24  1 0.0369 0.0390 0.0357 0.0379 0.6950 0.0405 0.0389 0.0382 0.0379 
          25  1 0.1044 0.1110 0.1112 0.1067 0.1411 0.1084 0.1045 0.1066 0.1061 
          26  1 0.0972 0.1121 0.0924 0.0929 0.0841 0.1583 0.1037 0.1366 0.1226 
          27  1 0.1114 0.1101 0.0953 0.1037 0.0441 0.1608 0.1033 0.1410 0.1302 
          28  1 0.0766 0.1137 0.0825 0.0829 0.0474 0.1457 0.0874 0.2207 0.1432 
          29  1 0.1097 0.1176 0.1078 0.1058 0.0352 0.1335 0.1568 0.1224 0.1113 
          30  1 0.0859 0.1055 0.0835 0.0924 0.0420 0.1506 0.0787 0.2126 0.1488 
          31  1 0.1351 0.1133 0.1410 0.1498 0.0431 0.0941 0.1128 0.0923 0.1184 
          32  1 0.1052 0.1159 0.1087 0.1082 0.0294 0.1382 0.0995 0.1700 0.1248 
          33  1 0.1264 0.1154 0.1452 0.1343 0.0608 0.0904 0.1087 0.1038 0.1149 
          34  1 0.1212 0.1220 0.1342 0.1320 0.0569 0.0963 0.1025 0.1167 0.1183 
          35  1 0.1271 0.1202 0.1212 0.1166 0.0271 0.1174 0.1062 0.1293 0.1350 
          36  1 0.0754 0.0982 0.0730 0.0720 0.0645 0.1904 0.1571 0.1535 0.1159 
          37  1 0.1369 0.1272 0.1324 0.1435 0.0163 0.1166 0.1168 0.1047 0.1056 
          38  1 0.1392 0.1160 0.1255 0.1261 0.0229 0.1173 0.1204 0.1059 0.1266 
          39  1 0.0526 0.0530 0.0528 0.0524 0.5810 0.0563 0.0530 0.0513 0.0477 
          40  1 0.1304 0.1249 0.1192 0.1189 0.0205 0.1211 0.1190 0.1202 0.1258 
          41  1 0.0996 0.1135 0.0995 0.0989 0.0327 0.1512 0.0865 0.1760 0.1420 
          42  1 0.1222 0.1157 0.1323 0.1354 0.0509 0.1050 0.0965 0.1209 0.1211 
          43  1 0.1145 0.1095 0.1185 0.1285 0.1216 0.0896 0.1157 0.0946 0.1076 
          44  1 0.1247 0.1120 0.1293 0.1267 0.0429 0.1145 0.1061 0.1168 0.1270 
          45  1 0.0854 0.1042 0.0875 0.0931 0.0716 0.1357 0.0764 0.2015 0.1447 
          46  1 0.1179 0.1263 0.1224 0.1228 0.0594 0.1098 0.1208 0.1059 0.1146 
          47  1 0.1223 0.1216 0.1215 0.1173 0.1015 0.0960 0.1080 0.0971 0.1146 
          48  1 0.1144 0.1121 0.0950 0.1020 0.0490 0.1656 0.1135 0.1278 0.1205 
          49  1 0.1243 0.1217 0.1206 0.1226 0.0555 0.1085 0.1180 0.1071 0.1217 
          50  1 0.1291 0.1242 0.1322 0.1282 0.0538 0.1009 0.1191 0.0936 0.1188 
          51  1 0.0512 0.0495 0.0500 0.0539 0.6058 0.0473 0.0520 0.0427 0.0477 
          52  1 0.1080 0.1041 0.1131 0.1139 0.1625 0.0884 0.0989 0.1038 0.1072 
          53  1 0.1227 0.1211 0.1225 0.1202 0.0579 0.1125 0.1305 0.1029 0.1095 
          54  1 0.1296 0.1180 0.1393 0.1231 0.0645 0.0967 0.0971 0.1113 0.1203 
          55  1 0.1278 0.1328 0.1069 0.1107 0.0376 0.1256 0.1441 0.0996 0.1148 
          56  1 0.1282 0.1058 0.1327 0.1265 0.1344 0.0812 0.1061 0.0861 0.0991 
          57  1 0.0958 0.1055 0.1008 0.1016 0.1107 0.1162 0.0869 0.1561 0.1263 
          58  1 0.0305 0.0308 0.0299 0.0304 0.7631 0.0297 0.0295 0.0274 0.0287 
          59  1 0.1287 0.1227 0.1180 0.1201 0.0224 0.1279 0.1186 0.1173 0.1242 
          60  1 0.1308 0.1311 0.1174 0.1221 0.0278 0.1186 0.1165 0.1162 0.1195 
          61  1 0.1345 0.1164 0.1398 0.1368 0.0551 0.0935 0.1160 0.0950 0.1128 
          62  1 0.1115 0.0979 0.1036 0.1058 0.2072 0.0827 0.0928 0.0948 0.1038 
          63  1 0.0473 0.0509 0.0455 0.0440 0.6148 0.0510 0.0474 0.0511 0.0479 
          64  1 0.1143 0.1251 0.1085 0.1156 0.0629 0.1195 0.1446 0.0989 0.1107 
          65  1 0.1246 0.1153 0.1349 0.1361 0.0457 0.0988 0.1185 0.1056 0.1204 
          66  1 0.1126 0.1126 0.1165 0.1167 0.1036 0.1166 0.1080 0.1030 0.1103 
          67  1 0.1267 0.1159 0.1329 0.1342 0.0538 0.0927 0.1084 0.1099 0.1256 
          68  1 0.1174 0.1240 0.1180 0.1208 0.0237 0.1171 0.1084 0.1421 0.1286 
          69  1 0.1128 0.1287 0.1137 0.1124 0.0255 0.1338 0.1480 0.1086 0.1165 
          70  1 0.1204 0.1299 0.1191 0.1213 0.0336 0.1089 0.1076 0.1336 0.1257 
          71  1 0.1278 0.1283 0.1214 0.1229 0.0448 0.1212 0.1233 0.1052 0.1052 
          72  1 0.1213 0.1121 0.1250 0.1300 0.0277 0.1280 0.1335 0.1156 0.1068 
          73  1 0.1125 0.1140 0.1030 0.1041 0.0784 0.1174 0.1675 0.0906 0.1125 
          74  1 0.0926 0.0834 0.0998 0.0952 0.3115 0.0732 0.0757 0.0837 0.0849 
          75  1 0.1183 0.1170 0.1287 0.1372 0.0287 0.1045 0.1082 0.1345 0.1229 
          76  1 0.1261 0.1260 0.1290 0.1192 0.0326 0.1146 0.0961 0.1312 0.1252 
          77  1 0.1001 0.1170 0.0959 0.1019 0.0215 0.1681 0.1313 0.1400 0.1242 
          78  1 0.1374 0.1245 0.1452 0.1422 0.0417 0.0870 0.1103 0.0935 0.1182 
          79  1 0.1289 0.1296 0.1215 0.1102 0.0441 0.1051 0.1509 0.0960 0.1137 
          80  1 0.1161 0.1161 0.1172 0.1206 0.0230 0.1164 0.1068 0.1565 0.1273 
          81  1 0.1102 0.1124 0.1069 0.1079 0.1478 0.1112 0.1147 0.0919 0.0971 
          82  1 0.1114 0.1211 0.1097 0.1171 0.0335 0.1296 0.1216 0.1239 0.1320 
          83  1 0.1145 0.1068 0.1208 0.1217 0.1393 0.0877 0.1013 0.0941 0.1138 
          84  1 0.1220 0.1188 0.1219 0.1247 0.0674 0.0963 0.1133 0.1126 0.1231 
          85  1 0.1037 0.1154 0.1021 0.1022 0.1160 0.1221 0.1086 0.1154 0.1145 
          86  1 0.0962 0.1054 0.1013 0.0969 0.0669 0.1337 0.0934 0.1746 0.1317 
          87  1 0.1263 0.1231 0.1266 0.1306 0.0559 0.1003 0.1100 0.1103 0.1170 
          88  1 0.1211 0.1151 0.1211 0.1256 0.0491 0.1136 0.1174 0.1162 0.1207 
          89  1 0.1045 0.1185 0.1063 0.1091 0.0384 0.1256 0.1079 0.1538 0.1359 
          90  1 0.1247 0.1260 0.1145 0.1199 0.0258 0.1183 0.1418 0.1089 0.1202 
          91  1 0.0909 0.1093 0.0966 0.0990 0.1494 0.1342 0.1067 0.1194 0.0945 
          92  1 0.0910 0.1063 0.0929 0.0984 0.0962 0.1282 0.0852 0.1687 0.1331 
          93  1 0.1255 0.1154 0.1397 0.1248 0.0325 0.1131 0.1057 0.1170 0.1263 
          94  1 0.0969 0.1142 0.0951 0.1019 0.0285 0.1447 0.0946 0.1766 0.1476 
          95  1 0.1292 0.1190 0.1223 0.1276 0.0413 0.0993 0.1191 0.1141 0.1281 
          96  1 0.1112 0.1142 0.1119 0.1249 0.0561 0.1182 0.1031 0.1382 0.1222 
          97  1 0.1076 0.1138 0.1095 0.1150 0.0341 0.1213 0.0988 0.1565 0.1433 
          98  1 0.1350 0.1275 0.1293 0.1273 0.0192 0.1085 0.1236 0.1043 0.1253 
          99  1 0.1331 0.1342 0.1346 0.1318 0.0206 0.1165 0.1210 0.1003 0.1080 
         100  1 0.1360 0.1212 0.1370 0.1486 0.0369 0.1020 0.1231 0.0862 0.1090 
         101  1 0.1090 0.0939 0.1158 0.1152 0.1988 0.0803 0.0961 0.0910 0.0998 
         102  1 0.1095 0.1129 0.1020 0.1078 0.0301 0.1472 0.1128 0.1444 0.1333 
         103  1 0.0986 0.0910 0.1026 0.1080 0.2622 0.0776 0.0810 0.0864 0.0925 
         104  1 0.1153 0.1105 0.1262 0.1182 0.1292 0.0965 0.0985 0.0992 0.1064 
         105  1 0.1277 0.1089 0.1174 0.1194 0.1094 0.1005 0.1034 0.1023 0.1110 
         106  1 0.1082 0.0844 0.1062 0.1118 0.3043 0.0622 0.0769 0.0696 0.0765 
         107  1 0.1089 0.1197 0.1030 0.1003 0.0273 0.1415 0.1489 0.1310 0.1193 
         108  1 0.1356 0.1205 0.1407 0.1329 0.0298 0.0968 0.1109 0.1157 0.1171 
         109  1 0.1213 0.1349 0.1252 0.1239 0.0351 0.1047 0.1119 0.1235 0.1196 
         110  1 0.1192 0.1071 0.1173 0.1339 0.1330 0.0891 0.1011 0.0851 0.1141 
         111  1 0.1228 0.1157 0.1296 0.1279 0.0669 0.0986 0.1067 0.1180 0.1136 
         112  1 0.1425 0.1158 0.1311 0.1432 0.0452 0.0949 0.1132 0.0981 0.1161 
         113  1 0.0904 0.1131 0.0958 0.0987 0.0382 0.1382 0.0809 0.1941 0.1506 
         114  1 0.1183 0.1165 0.1254 0.1319 0.0284 0.1161 0.1182 0.1231 0.1220 
         115  1 0.1122 0.1045 0.1204 0.1182 0.0664 0.1169 0.0883 0.1550 0.1182 
         116  1 0.1143 0.1213 0.1123 0.1162 0.0197 0.1287 0.1040 0.1570 0.1266 
         117  1 0.1106 0.1168 0.1180 0.1156 0.0386 0.1211 0.1474 0.1140 0.1181 
         118  1 0.0966 0.1167 0.1086 0.1055 0.0421 0.1282 0.1751 0.1084 0.1188 
         119  1 0.1227 0.1165 0.1220 0.1189 0.0510 0.1163 0.1169 0.1123 0.1234 
         120  1 0.0964 0.0884 0.0924 0.0989 0.2862 0.0808 0.0831 0.0826 0.0912 
         121  1 0.1348 0.1206 0.1391 0.1445 0.0461 0.0966 0.1180 0.0869 0.1133 
         122  1 0.1196 0.1200 0.1238 0.1207 0.0312 0.1174 0.1079 0.1362 0.1231 
         123  1 0.1225 0.1152 0.1260 0.1282 0.0718 0.1028 0.1164 0.1025 0.1146 
         124  1 0.1239 0.1237 0.1213 0.1211 0.0305 0.1338 0.1127 0.1167 0.1163 
         125  1 0.1136 0.1079 0.1196 0.1266 0.1198 0.0986 0.1050 0.1011 0.1079 
         126  1 0.1319 0.1158 0.1315 0.1321 0.0206 0.1171 0.1077 0.1248 0.1186 
         127  1 0.1174 0.1235 0.1160 0.1132 0.0571 0.1290 0.1161 0.1082 0.1194 
         128  1 0.1358 0.1214 0.1438 0.1343 0.0182 0.1051 0.1196 0.1014 0.1204 
         129  1 0.1388 0.1103 0.1409 0.1403 0.0661 0.0858 0.1011 0.1076 0.1091 
         130  1 0.1244 0.1215 0.1214 0.1232 0.0619 0.1102 0.1090 0.1126 0.1158 
         131  1 0.1233 0.1117 0.1175 0.1258 0.0321 0.1122 0.1119 0.1401 0.1255 
         132  1 0.1298 0.1283 0.1315 0.1274 0.0170 0.1041 0.1284 0.1044 0.1291 
         133  1 0.1136 0.1159 0.1157 0.1148 0.0934 0.0943 0.0979 0.1314 0.1228 
         134  1 0.1191 0.1169 0.1298 0.1286 0.0560 0.1085 0.1402 0.0975 0.1034 
         135  1 0.1186 0.1027 0.1241 0.1166 0.1804 0.0767 0.0996 0.0802 0.1009 
         136  1 0.1329 0.1137 0.1388 0.1376 0.0592 0.0952 0.1120 0.0998 0.1109 
         137  1 0.1044 0.1161 0.1093 0.1118 0.0705 0.1090 0.0970 0.1573 0.1245 
         138  1 0.1302 0.1171 0.1338 0.1326 0.0830 0.0922 0.1052 0.1020 0.1038 
         139  1 0.1273 0.1240 0.1182 0.1181 0.0657 0.1189 0.1284 0.0959 0.1035 
         140  1 0.1159 0.1252 0.1125 0.1106 0.0278 0.1553 0.1254 0.1127 0.1146 
         141  1 0.1509 0.1097 0.1573 0.1536 0.0389 0.0817 0.1083 0.0880 0.1116 
         142  1 0.1395 0.1208 0.1326 0.1260 0.0240 0.1097 0.1127 0.1155 0.1191 
         143  1 0.1192 0.1135 0.1170 0.1113 0.0370 0.1449 0.1154 0.1301 0.1117 
         144  1 0.1178 0.1242 0.1262 0.1162 0.0375 0.1054 0.1254 0.1252 0.1221 
         145  1 0.1167 0.1118 0.1362 0.1290 0.0867 0.0980 0.0882 0.1223 0.1110 
         146  1 0.1091 0.1369 0.1044 0.1024 0.0279 0.1413 0.1887 0.0877 0.1015 
         147  1 0.1213 0.1227 0.1269 0.1275 0.0662 0.1007 0.1135 0.1053 0.1160 
         148  1 0.1366 0.1085 0.1332 0.1302 0.0882 0.0905 0.1078 0.0916 0.1135 
         149  1 0.1395 0.1197 0.1421 0.1445 0.0314 0.1029 0.1207 0.0885 0.1107 
         150  1 0.1170 0.1200 0.1059 0.1102 0.0733 0.1303 0.1074 0.1198 0.1162 
         151  1 0.1102 0.1148 0.1073 0.1093 0.0433 0.1436 0.1273 0.1261 0.1183 
         152  1 0.1358 0.1290 0.1352 0.1365 0.0327 0.0940 0.1185 0.1021 0.1162 
         153  1 0.1113 0.1182 0.1221 0.1183 0.0386 0.1285 0.1121 0.1263 0.1246 
         154  1 0.1165 0.1242 0.1299 0.1264 0.0460 0.1020 0.0979 0.1279 0.1292 
         155  1 0.1212 0.1162 0.1206 0.1149 0.0458 0.1118 0.1122 0.1297 0.1277 
         156  1 0.1054 0.1021 0.1082 0.1074 0.1744 0.0941 0.0955 0.1091 0.1038 
         157  1 0.1050 0.1114 0.0987 0.1029 0.0893 0.1254 0.1104 0.1364 0.1206 
         158  1 0.1339 0.1219 0.1342 0.1372 0.0257 0.1011 0.1176 0.1025 0.1259 
         159  1 0.1402 0.1263 0.1442 0.1338 0.0221 0.1031 0.1189 0.0966 0.1148 
         160  1 0.1200 0.1066 0.1345 0.1353 0.0972 0.1003 0.1214 0.0910 0.0938 
         161  1 0.1386 0.1351 0.1332 0.1362 0.0407 0.0950 0.1104 0.1000 0.1109 
         162  1 0.1229 0.1233 0.1229 0.1330 0.0396 0.1140 0.1307 0.1048 0.1088 
         163  1 0.1016 0.1012 0.1023 0.1024 0.2047 0.1021 0.1206 0.0787 0.0865 
         164  1 0.1295 0.1191 0.1298 0.1323 0.0340 0.0926 0.1058 0.1312 0.1257 
         165  1 0.1204 0.1175 0.1315 0.1246 0.0511 0.0958 0.1003 0.1306 0.1283 
         166  1 0.1306 0.1255 0.1355 0.1384 0.0242 0.0986 0.1147 0.1217 0.1109 
         167  1 0.0955 0.0975 0.0955 0.1000 0.1792 0.1021 0.0885 0.1260 0.1158 
         168  1 0.1275 0.1314 0.1376 0.1349 0.0236 0.1090 0.1081 0.1087 0.1191 
         169  1 0.1252 0.1119 0.1350 0.1379 0.0623 0.0973 0.1252 0.0967 0.1085 
         170  1 0.1304 0.1181 0.1324 0.1360 0.0367 0.0965 0.1194 0.1047 0.1259 
         171  1 0.0687 0.1338 0.0474 0.0476 0.0150 0.2497 0.2543 0.0956 0.0878 
         172  1 0.1135 0.1145 0.1132 0.1166 0.0520 0.1155 0.1169 0.1345 0.1232 
         173  1 0.1332 0.1139 0.1346 0.1416 0.0621 0.0987 0.1202 0.0895 0.1062 
         174  1 0.1233 0.1281 0.1207 0.1184 0.0248 0.1315 0.1118 0.1178 0.1235 
         175  1 0.1380 0.1219 0.1368 0.1375 0.0378 0.1003 0.1177 0.1019 0.1081 
         176  1 0.1365 0.1294 0.1231 0.1263 0.0507 0.0911 0.1256 0.1035 0.1139 
         177  1 0.1136 0.1184 0.1125 0.1161 0.0909 0.1136 0.1176 0.0980 0.1193 
         178  1 0.1184 0.1071 0.1256 0.1278 0.1136 0.0879 0.1013 0.1051 0.1132 
         179  1 0.0730 0.1380 0.0493 0.0456 0.0150 0.2481 0.2538 0.0927 0.0845 
         180  1 0.1182 0.1227 0.1145 0.1142 0.0552 0.1187 0.1365 0.1096 0.1103 
         181  1 0.1317 0.1104 0.1396 0.1341 0.0343 0.1078 0.1044 0.1219 0.1158 
         182  1 0.1036 0.1218 0.0953 0.0916 0.0389 0.1638 0.1536 0.1126 0.1188 
         183  1 0.1161 0.1200 0.1082 0.1140 0.0609 0.1302 0.1037 0.1244 0.1225 
         184  1 0.1114 0.1175 0.1092 0.1064 0.0953 0.1265 0.1404 0.0905 0.1031 
         185  1 0.1388 0.1283 0.1341 0.1361 0.0291 0.0925 0.1102 0.1125 0.1183 
         186  1 0.1021 0.1083 0.1073 0.1040 0.1607 0.1030 0.1252 0.0858 0.1034 
         187  1 0.1162 0.1020 0.1193 0.1187 0.1863 0.0815 0.0890 0.0928 0.0942 
         188  1 0.1055 0.1282 0.1058 0.1060 0.0388 0.1271 0.1910 0.0953 0.1023 
         189  1 0.0687 0.1135 0.0757 0.0699 0.0555 0.1458 0.0628 0.2454 0.1627 
         190  1 0.1141 0.1256 0.1166 0.1192 0.0665 0.1171 0.1203 0.1089 0.1117 
         191  1 0.1060 0.1131 0.1139 0.1066 0.0602 0.1227 0.1581 0.1080 0.1114 
         192  1 0.1182 0.1260 0.1163 0.1245 0.0547 0.1126 0.1227 0.1116 0.1132 
         193  1 0.1271 0.1282 0.1218 0.1271 0.0380 0.0982 0.1181 0.1140 0.1275 
         194  1 0.1241 0.1162 0.1202 0.1279 0.0402 0.1064 0.1123 0.1285 0.1241 
         195  1 0.1403 0.1152 0.1461 0.1484 0.0228 0.0953 0.1118 0.1011 0.1190 
         196  1 0.1319 0.1258 0.1221 0.1250 0.0446 0.1154 0.1205 0.1004 0.1142 
         197  1 0.1292 0.1268 0.1245 0.1294 0.0513 0.1082 0.1057 0.1159 0.1089 
         198  1 0.1025 0.1223 0.0966 0.1046 0.0300 0.1528 0.1205 0.1501 0.1206 
         199  1 0.1221 0.1187 0.1199 0.1113 0.0647 0.1111 0.1456 0.1005 0.1062 
         200  1 0.1166 0.1204 0.1033 0.1082 0.0288 0.1446 0.1083 0.1343 0.1355 
         201  1 0.1258 0.1129 0.1226 0.1202 0.0584 0.1195 0.1118 0.1116 0.1172 
         202  1 0.1167 0.1130 0.1246 0.1230 0.1210 0.1036 0.1064 0.0922 0.0994 
         203  1 0.0908 0.1163 0.0842 0.0878 0.0206 0.1951 0.1556 0.1333 0.1163 
         204  1 0.1371 0.1225 0.1504 0.1425 0.0417 0.0889 0.1209 0.0852 0.1108 
         205  1 0.0145 0.0152 0.0143 0.0153 0.8833 0.0140 0.0141 0.0143 0.0150 
         206  1 0.1185 0.1263 0.1232 0.1309 0.0251 0.1162 0.1501 0.0977 0.1120 
         207  1 0.1336 0.1280 0.1345 0.1253 0.0226 0.1068 0.1298 0.1067 0.1128 
         208  1 0.0147 0.0143 0.0152 0.0147 0.8829 0.0149 0.0137 0.0146 0.0149 
         209  1 0.1130 0.1168 0.1196 0.1264 0.0577 0.1337 0.1193 0.1021 0.1114 
         210  1 0.1061 0.1085 0.1029 0.1002 0.1546 0.1215 0.1185 0.0890 0.0986 
         211  1 0.1334 0.1187 0.1410 0.1425 0.0498 0.1039 0.1108 0.0922 0.1077 
         212  1 0.1174 0.1278 0.1229 0.1160 0.0465 0.1304 0.1309 0.1057 0.1024 
         213  1 0.1106 0.1237 0.1178 0.1119 0.0365 0.1343 0.1157 0.1336 0.1159 
         214  1 0.1164 0.1142 0.1111 0.1182 0.1183 0.1095 0.1067 0.1023 0.1034 
         215  1 0.1237 0.1222 0.1223 0.1225 0.0315 0.1139 0.1111 0.1226 0.1303 
         216  1 0.1196 0.1108 0.1160 0.1097 0.1400 0.0875 0.1014 0.1051 0.1099 
         217  1 0.0587 0.0638 0.0642 0.0590 0.5432 0.0496 0.0544 0.0527 0.0545 
         218  1 0.0737 0.1137 0.0739 0.0759 0.0264 0.1647 0.0719 0.2359 0.1639 
         219  1 0.1274 0.1307 0.1269 0.1354 0.0289 0.0935 0.1224 0.1114 0.1235 
         220  1 0.1132 0.1019 0.1094 0.1079 0.1941 0.0865 0.0979 0.0868 0.1023 
         221  1 0.1196 0.1088 0.1204 0.1196 0.1021 0.0982 0.1032 0.1118 0.1162 
         222  1 0.1310 0.1257 0.1318 0.1266 0.0284 0.0950 0.1328 0.1078 0.1209 
         223  1 0.1040 0.1050 0.1052 0.1058 0.1698 0.1033 0.1057 0.0996 0.1017 
         224  1 0.1127 0.1183 0.1158 0.1203 0.0320 0.1115 0.1011 0.1585 0.1298 
         225  1 0.0756 0.1106 0.0677 0.0683 0.0342 0.1579 0.0622 0.2563 0.1672 
         226  1 0.1116 0.1264 0.1217 0.1238 0.0626 0.1062 0.1054 0.1242 0.1182 
         227  1 0.1032 0.1267 0.1053 0.1041 0.0397 0.1494 0.1407 0.1143 0.1165 
         228  1 0.1140 0.1159 0.1233 0.1240 0.1060 0.0971 0.1200 0.0968 0.1029 
         229  1 0.0798 0.1098 0.0735 0.0790 0.0346 0.1516 0.0748 0.2369 0.1600 
         230  1 0.1167 0.1182 0.1138 0.1159 0.0933 0.1035 0.0990 0.1249 0.1147 
         231  1 0.1033 0.1163 0.1111 0.1095 0.0480 0.1247 0.0979 0.1590 0.1302 
         232  1 0.0973 0.1008 0.0997 0.1035 0.2023 0.0958 0.0858 0.1116 0.1033 
         233  1 0.1361 0.1220 0.1335 0.1339 0.0537 0.0968 0.1098 0.1027 0.1115 
         234  1 0.1232 0.1178 0.1341 0.1371 0.0421 0.0932 0.1103 0.1184 0.1238 
         235  1 0.1184 0.1172 0.1075 0.1129 0.0675 0.1236 0.1168 0.1188 0.1173 
         236  1 0.1240 0.1234 0.1184 0.1240 0.0620 0.1179 0.1149 0.1010 0.1144 
         237  1 0.1346 0.1308 0.1166 0.1145 0.0224 0.1202 0.1411 0.0976 0.1221 
         238  1 0.1142 0.1183 0.1161 0.1164 0.0578 0.1199 0.1320 0.1133 0.1120 
         239  1 0.0967 0.1252 0.0818 0.0811 0.0310 0.1748 0.1872 0.1125 0.1097 
         240  1 0.1251 0.1219 0.1105 0.1185 0.0968 0.1004 0.1039 0.1068 0.1162 
         241  1 0.1084 0.1121 0.1130 0.1149 0.1203 0.0940 0.1051 0.1193 0.1129 
         242  1 0.0680 0.0699 0.0704 0.0696 0.4232 0.0751 0.0710 0.0784 0.0745 
         243  1 0.0808 0.0742 0.0856 0.0794 0.3648 0.0746 0.0779 0.0781 0.0845 
         244  1 0.1127 0.1227 0.1047 0.1136 0.0286 0.1482 0.1649 0.1026 0.1021 
         245  1 0.1253 0.1237 0.1261 0.1252 0.0427 0.1062 0.1190 0.1080 0.1238 
         246  1 0.1066 0.1106 0.1192 0.1170 0.1059 0.1063 0.0961 0.1233 0.1150 
