           1  1 0.1693 0.1644 0.1431 0.1810 0.1687 0.1735 
           2  1 0.1525 0.1752 0.1431 0.1550 0.1848 0.1894 
           3  1 0.1442 0.1799 0.1532 0.1409 0.1994 0.1824 
           4  1 0.1689 0.1625 0.1620 0.1677 0.1680 0.1710 
           5  1 0.1458 0.1754 0.1283 0.1381 0.1994 0.2129 
           6  1 0.1894 0.1486 0.1864 0.1931 0.1475 0.1351 
           7  1 0.1724 0.1574 0.1789 0.1792 0.1559 0.1563 
           8  1 0.1363 0.1966 0.1208 0.1224 0.2029 0.2210 
           9  1 0.1590 0.1723 0.1540 0.1668 0.1683 0.1797 
          10  1 0.1405 0.1868 0.1311 0.1413 0.1913 0.2090 
          11  1 0.1543 0.1738 0.1530 0.1562 0.1771 0.1856 
          12  1 0.1722 0.1582 0.1667 0.1813 0.1637 0.1578 
          13  1 0.1430 0.1886 0.1274 0.1335 0.2053 0.2022 
          14  1 0.1599 0.1611 0.1883 0.1672 0.1615 0.1620 
          15  1 0.1467 0.1762 0.1525 0.1342 0.1880 0.2025 
          16  1 0.1551 0.1737 0.1698 0.1462 0.1759 0.1793 
          17  1 0.1570 0.1753 0.1461 0.1483 0.1822 0.1910 
          18  1 0.1548 0.1745 0.1451 0.1531 0.1780 0.1945 
          19  1 0.1619 0.1693 0.1626 0.1615 0.1677 0.1770 
          20  1 0.1574 0.1729 0.1693 0.1589 0.1662 0.1753 
          21  1 0.1966 0.1453 0.1940 0.1912 0.1346 0.1382 
          22  1 0.1521 0.1724 0.1782 0.1567 0.1678 0.1729 
          23  1 0.1616 0.1659 0.1536 0.1670 0.1748 0.1770 
          24  1 0.2334 0.1154 0.2397 0.2489 0.0826 0.0801 
          25  1 0.1769 0.1514 0.1691 0.1961 0.1578 0.1485 
          26  1 0.1822 0.1507 0.1728 0.1956 0.1472 0.1515 
          27  1 0.1852 0.1504 0.1579 0.1894 0.1630 0.1540 
          28  1 0.1607 0.1634 0.2056 0.1591 0.1629 0.1483 
          29  1 0.1712 0.1623 0.1772 0.1679 0.1625 0.1589 
          30  1 0.1573 0.1696 0.2025 0.1530 0.1553 0.1623 
          31  1 0.1530 0.1863 0.1366 0.1395 0.1900 0.1947 
          32  1 0.1553 0.1713 0.1770 0.1535 0.1753 0.1676 
          33  1 0.1567 0.1765 0.1570 0.1543 0.1779 0.1776 
          34  1 0.1470 0.1845 0.1523 0.1440 0.1847 0.1874 
          35  1 0.1482 0.1857 0.1541 0.1378 0.1893 0.1849 
          36  1 0.1973 0.1403 0.1998 0.2070 0.1301 0.1255 
          37  1 0.1342 0.1866 0.1358 0.1283 0.2167 0.1983 
          38  1 0.1555 0.1733 0.1445 0.1622 0.1778 0.1867 
          39  1 0.2126 0.1252 0.2315 0.2210 0.1066 0.1030 
          40  1 0.1588 0.1684 0.1462 0.1669 0.1816 0.1780 
          41  1 0.1542 0.1776 0.1788 0.1556 0.1698 0.1641 
          42  1 0.1542 0.1813 0.1626 0.1445 0.1759 0.1815 
          43  1 0.1663 0.1647 0.1639 0.1647 0.1683 0.1721 
          44  1 0.1496 0.1742 0.1575 0.1579 0.1786 0.1823 
          45  1 0.1685 0.1598 0.2029 0.1635 0.1526 0.1527 
          46  1 0.1605 0.1729 0.1640 0.1490 0.1769 0.1767 
          47  1 0.1726 0.1680 0.1678 0.1662 0.1647 0.1606 
          48  1 0.1864 0.1567 0.1540 0.1956 0.1536 0.1537 
          49  1 0.1639 0.1757 0.1587 0.1516 0.1744 0.1757 
          50  1 0.1620 0.1814 0.1381 0.1575 0.1795 0.1816 
          51  1 0.2195 0.1247 0.2335 0.2251 0.0995 0.0977 
          52  1 0.1883 0.1584 0.1848 0.1780 0.1475 0.1431 
          53  1 0.1666 0.1721 0.1592 0.1538 0.1703 0.1780 
          54  1 0.1558 0.1764 0.1535 0.1409 0.1811 0.1923 
          55  1 0.1711 0.1689 0.1479 0.1858 0.1649 0.1614 
          56  1 0.1642 0.1714 0.1628 0.1632 0.1665 0.1719 
          57  1 0.1704 0.1556 0.2123 0.1645 0.1477 0.1495 
          58  1 0.2375 0.1195 0.2473 0.2444 0.0774 0.0739 
          59  1 0.1509 0.1706 0.1497 0.1611 0.1882 0.1795 
          60  1 0.1655 0.1791 0.1512 0.1586 0.1701 0.1755 
          61  1 0.1546 0.1775 0.1435 0.1526 0.1852 0.1867 
          62  1 0.1882 0.1476 0.2043 0.1925 0.1338 0.1337 
          63  1 0.2286 0.1186 0.2340 0.2303 0.0954 0.0932 
          64  1 0.1637 0.1715 0.1592 0.1608 0.1736 0.1712 
          65  1 0.1560 0.1769 0.1476 0.1518 0.1819 0.1859 
          66  1 0.1734 0.1606 0.1854 0.1761 0.1530 0.1516 
          67  1 0.1549 0.1786 0.1482 0.1518 0.1816 0.1850 
          68  1 0.1518 0.1797 0.1663 0.1459 0.1812 0.1750 
          69  1 0.1510 0.1700 0.1526 0.1720 0.1809 0.1734 
          70  1 0.1486 0.1852 0.1623 0.1516 0.1798 0.1725 
          71  1 0.1566 0.1804 0.1430 0.1570 0.1796 0.1834 
          72  1 0.1423 0.1804 0.1434 0.1494 0.1972 0.1873 
          73  1 0.1713 0.1617 0.1607 0.1784 0.1653 0.1627 
          74  1 0.1916 0.1448 0.2140 0.1869 0.1313 0.1315 
          75  1 0.1440 0.1742 0.1404 0.1480 0.1941 0.1993 
          76  1 0.1503 0.1857 0.1384 0.1443 0.1891 0.1922 
          77  1 0.1698 0.1631 0.1735 0.1816 0.1540 0.1580 
          78  1 0.1400 0.1848 0.1344 0.1358 0.2017 0.2032 
          79  1 0.1605 0.1706 0.1488 0.1696 0.1776 0.1729 
          80  1 0.1586 0.1698 0.1773 0.1373 0.1788 0.1781 
          81  1 0.1635 0.1653 0.1685 0.1696 0.1712 0.1621 
          82  1 0.1689 0.1578 0.1779 0.1756 0.1583 0.1616 
          83  1 0.1587 0.1675 0.1545 0.1665 0.1779 0.1749 
          84  1 0.1649 0.1611 0.1595 0.1677 0.1737 0.1731 
          85  1 0.1759 0.1637 0.1789 0.1759 0.1553 0.1504 
          86  1 0.1626 0.1605 0.1998 0.1692 0.1562 0.1517 
          87  1 0.1495 0.1857 0.1466 0.1453 0.1850 0.1877 
          88  1 0.1570 0.1757 0.1580 0.1486 0.1784 0.1823 
          89  1 0.1526 0.1688 0.1671 0.1517 0.1827 0.1771 
          90  1 0.1653 0.1688 0.1536 0.1638 0.1712 0.1773 
          91  1 0.1862 0.1500 0.1706 0.1972 0.1473 0.1488 
          92  1 0.1678 0.1713 0.1850 0.1565 0.1584 0.1609 
          93  1 0.1525 0.1795 0.1488 0.1528 0.1850 0.1814 
          94  1 0.1629 0.1676 0.1913 0.1489 0.1726 0.1566 
          95  1 0.1551 0.1709 0.1517 0.1671 0.1760 0.1793 
          96  1 0.1618 0.1649 0.1711 0.1655 0.1654 0.1714 
          97  1 0.1474 0.1704 0.1784 0.1688 0.1684 0.1665 
          98  1 0.1553 0.1785 0.1366 0.1527 0.1927 0.1841 
          99  1 0.1560 0.1830 0.1303 0.1487 0.1920 0.1901 
         100  1 0.1521 0.1801 0.1304 0.1459 0.1876 0.2039 
         101  1 0.1845 0.1540 0.1863 0.1840 0.1430 0.1482 
         102  1 0.1621 0.1617 0.1667 0.1697 0.1721 0.1677 
         103  1 0.1771 0.1520 0.1977 0.1838 0.1422 0.1471 
         104  1 0.1716 0.1553 0.1784 0.1695 0.1604 0.1648 
         105  1 0.1786 0.1663 0.1546 0.1775 0.1612 0.1618 
         106  1 0.1803 0.1559 0.1836 0.1740 0.1520 0.1542 
         107  1 0.1640 0.1562 0.1775 0.1651 0.1671 0.1702 
         108  1 0.1451 0.1817 0.1544 0.1427 0.1858 0.1904 
         109  1 0.1488 0.1747 0.1512 0.1535 0.1846 0.1872 
         110  1 0.1620 0.1669 0.1635 0.1718 0.1681 0.1678 
         111  1 0.1692 0.1629 0.1678 0.1684 0.1638 0.1679 
         112  1 0.1534 0.1862 0.1321 0.1434 0.1877 0.1972 
         113  1 0.1584 0.1731 0.1990 0.1547 0.1603 0.1545 
         114  1 0.1540 0.1706 0.1595 0.1601 0.1759 0.1799 
         115  1 0.1581 0.1705 0.1674 0.1615 0.1654 0.1770 
         116  1 0.1478 0.1775 0.1662 0.1507 0.1844 0.1734 
         117  1 0.1604 0.1651 0.1689 0.1609 0.1770 0.1676 
         118  1 0.1615 0.1634 0.1660 0.1787 0.1646 0.1658 
         119  1 0.1685 0.1695 0.1490 0.1650 0.1745 0.1736 
         120  1 0.2024 0.1446 0.2066 0.1851 0.1277 0.1337 
         121  1 0.1500 0.1838 0.1411 0.1487 0.1854 0.1910 
         122  1 0.1535 0.1770 0.1523 0.1476 0.1829 0.1866 
         123  1 0.1601 0.1750 0.1438 0.1661 0.1758 0.1792 
         124  1 0.1579 0.1768 0.1634 0.1528 0.1770 0.1722 
         125  1 0.1756 0.1683 0.1728 0.1693 0.1534 0.1606 
         126  1 0.1387 0.1832 0.1416 0.1289 0.2082 0.1993 
         127  1 0.1683 0.1689 0.1628 0.1740 0.1650 0.1610 
         128  1 0.1512 0.1843 0.1319 0.1358 0.1965 0.2002 
         129  1 0.1555 0.1845 0.1324 0.1497 0.1896 0.1882 
         130  1 0.1631 0.1675 0.1561 0.1707 0.1686 0.1740 
         131  1 0.1572 0.1760 0.1516 0.1396 0.1830 0.1926 
         132  1 0.1412 0.1764 0.1394 0.1539 0.1894 0.1997 
         133  1 0.1675 0.1671 0.1681 0.1561 0.1683 0.1729 
         134  1 0.1620 0.1784 0.1445 0.1547 0.1773 0.1831 
         135  1 0.1731 0.1673 0.1631 0.1646 0.1689 0.1629 
         136  1 0.1511 0.1716 0.1394 0.1455 0.1901 0.2023 
         137  1 0.1561 0.1758 0.1750 0.1549 0.1671 0.1711 
         138  1 0.1519 0.1806 0.1481 0.1518 0.1843 0.1833 
         139  1 0.1698 0.1673 0.1561 0.1681 0.1749 0.1638 
         140  1 0.1597 0.1692 0.1605 0.1639 0.1755 0.1713 
         141  1 0.1343 0.1884 0.1197 0.1222 0.2102 0.2252 
         142  1 0.1528 0.1761 0.1525 0.1469 0.1839 0.1879 
         143  1 0.1665 0.1579 0.1704 0.1759 0.1648 0.1645 
         144  1 0.1567 0.1702 0.1638 0.1588 0.1770 0.1735 
         145  1 0.1558 0.1776 0.1511 0.1461 0.1863 0.1831 
         146  1 0.1673 0.1654 0.1555 0.1809 0.1724 0.1584 
         147  1 0.1606 0.1763 0.1498 0.1614 0.1746 0.1773 
         148  1 0.1547 0.1745 0.1494 0.1533 0.1811 0.1869 
         149  1 0.1495 0.1847 0.1302 0.1413 0.1949 0.1994 
         150  1 0.1724 0.1606 0.1699 0.1804 0.1596 0.1571 
         151  1 0.1853 0.1553 0.1702 0.1811 0.1570 0.1511 
         152  1 0.1494 0.1850 0.1319 0.1537 0.1838 0.1963 
         153  1 0.1579 0.1707 0.1588 0.1534 0.1803 0.1789 
         154  1 0.1543 0.1744 0.1587 0.1411 0.1880 0.1836 
         155  1 0.1566 0.1787 0.1508 0.1607 0.1771 0.1762 
         156  1 0.1838 0.1602 0.1834 0.1720 0.1504 0.1502 
         157  1 0.1814 0.1541 0.1767 0.1966 0.1482 0.1429 
         158  1 0.1507 0.1818 0.1302 0.1505 0.1877 0.1992 
         159  1 0.1510 0.1859 0.1237 0.1424 0.1952 0.2018 
         160  1 0.1593 0.1739 0.1406 0.1597 0.1818 0.1847 
         161  1 0.1495 0.1742 0.1419 0.1487 0.1863 0.1994 
         162  1 0.1628 0.1700 0.1533 0.1561 0.1787 0.1792 
         163  1 0.1847 0.1625 0.1821 0.1727 0.1491 0.1488 
         164  1 0.1447 0.1759 0.1601 0.1498 0.1754 0.1941 
         165  1 0.1476 0.1749 0.1688 0.1390 0.1830 0.1866 
         166  1 0.1390 0.1830 0.1367 0.1429 0.1948 0.2034 
         167  1 0.1776 0.1545 0.2002 0.1743 0.1509 0.1425 
         168  1 0.1392 0.1889 0.1379 0.1404 0.1947 0.1989 
         169  1 0.1533 0.1789 0.1393 0.1489 0.1884 0.1911 
         170  1 0.1578 0.1771 0.1396 0.1491 0.1853 0.1911 
         171  1 0.1905 0.1478 0.1794 0.2094 0.1476 0.1253 
         172  1 0.1636 0.1650 0.1643 0.1661 0.1719 0.1690 
         173  1 0.1506 0.1780 0.1321 0.1463 0.1935 0.1995 
         174  1 0.1480 0.1737 0.1586 0.1551 0.1866 0.1780 
         175  1 0.1565 0.1850 0.1357 0.1481 0.1795 0.1953 
         176  1 0.1578 0.1801 0.1465 0.1538 0.1830 0.1786 
         177  1 0.1627 0.1603 0.1652 0.1725 0.1697 0.1697 
         178  1 0.1632 0.1734 0.1549 0.1589 0.1723 0.1773 
         179  1 0.1893 0.1513 0.1776 0.2082 0.1457 0.1280 
         180  1 0.1654 0.1665 0.1678 0.1706 0.1641 0.1655 
         181  1 0.1502 0.1754 0.1493 0.1371 0.1918 0.1961 
         182  1 0.1829 0.1611 0.1741 0.1748 0.1552 0.1519 
         183  1 0.1786 0.1602 0.1684 0.1783 0.1530 0.1615 
         184  1 0.1715 0.1659 0.1621 0.1821 0.1603 0.1582 
         185  1 0.1422 0.1874 0.1411 0.1408 0.1913 0.1972 
         186  1 0.1772 0.1617 0.1662 0.1734 0.1659 0.1556 
         187  1 0.1632 0.1719 0.1639 0.1643 0.1669 0.1698 
         188  1 0.1638 0.1698 0.1523 0.1710 0.1713 0.1717 
         189  1 0.1585 0.1676 0.2193 0.1673 0.1453 0.1420 
         190  1 0.1642 0.1774 0.1531 0.1673 0.1693 0.1688 
         191  1 0.1677 0.1646 0.1646 0.1689 0.1695 0.1647 
         192  1 0.1626 0.1645 0.1609 0.1733 0.1727 0.1660 
         193  1 0.1480 0.1696 0.1582 0.1662 0.1773 0.1807 
         194  1 0.1533 0.1808 0.1447 0.1422 0.1904 0.1886 
         195  1 0.1346 0.1944 0.1257 0.1270 0.2074 0.2109 
         196  1 0.1615 0.1765 0.1371 0.1615 0.1823 0.1812 
         197  1 0.1661 0.1667 0.1558 0.1591 0.1760 0.1763 
         198  1 0.1727 0.1609 0.1691 0.1907 0.1515 0.1551 
         199  1 0.1630 0.1676 0.1566 0.1700 0.1764 0.1664 
         200  1 0.1838 0.1574 0.1673 0.1742 0.1587 0.1585 
         201  1 0.1630 0.1633 0.1556 0.1747 0.1733 0.1701 
         202  1 0.1700 0.1673 0.1714 0.1686 0.1627 0.1600 
         203  1 0.1826 0.1484 0.1681 0.1988 0.1601 0.1420 
         204  1 0.1389 0.1835 0.1280 0.1304 0.2068 0.2124 
         205  1 0.2536 0.1076 0.2589 0.2700 0.0574 0.0524 
         206  1 0.1600 0.1709 0.1451 0.1605 0.1759 0.1877 
         207  1 0.1412 0.1903 0.1329 0.1338 0.1999 0.2019 
         208  1 0.2535 0.1081 0.2589 0.2668 0.0598 0.0528 
         209  1 0.1546 0.1830 0.1497 0.1564 0.1776 0.1787 
         210  1 0.1790 0.1622 0.1682 0.1785 0.1581 0.1540 
         211  1 0.1496 0.1857 0.1299 0.1364 0.1948 0.2036 
         212  1 0.1596 0.1797 0.1491 0.1576 0.1730 0.1810 
         213  1 0.1521 0.1744 0.1563 0.1529 0.1835 0.1808 
         214  1 0.1782 0.1629 0.1787 0.1694 0.1529 0.1579 
         215  1 0.1624 0.1691 0.1629 0.1623 0.1683 0.1749 
         216  1 0.1775 0.1628 0.1876 0.1659 0.1559 0.1503 
         217  1 0.2104 0.1324 0.2234 0.2235 0.1051 0.1052 
         218  1 0.1612 0.1597 0.2165 0.1637 0.1491 0.1497 
         219  1 0.1436 0.1760 0.1483 0.1421 0.1910 0.1989 
         220  1 0.1764 0.1681 0.1677 0.1641 0.1592 0.1646 
         221  1 0.1626 0.1708 0.1623 0.1524 0.1757 0.1762 
         222  1 0.1486 0.1811 0.1546 0.1433 0.1872 0.1851 
         223  1 0.1707 0.1629 0.1719 0.1706 0.1595 0.1645 
         224  1 0.1519 0.1796 0.1692 0.1484 0.1683 0.1826 
         225  1 0.1618 0.1654 0.2158 0.1634 0.1548 0.1389 
         226  1 0.1646 0.1707 0.1757 0.1481 0.1672 0.1737 
         227  1 0.1620 0.1605 0.1712 0.1646 0.1751 0.1667 
         228  1 0.1716 0.1737 0.1559 0.1696 0.1629 0.1662 
         229  1 0.1599 0.1599 0.2127 0.1584 0.1570 0.1521 
         230  1 0.1732 0.1662 0.1765 0.1632 0.1587 0.1623 
         231  1 0.1624 0.1708 0.1752 0.1531 0.1663 0.1723 
         232  1 0.1913 0.1441 0.2067 0.1839 0.1359 0.1381 
         233  1 0.1551 0.1811 0.1433 0.1522 0.1829 0.1855 
         234  1 0.1518 0.1797 0.1523 0.1377 0.1859 0.1925 
         235  1 0.1677 0.1624 0.1721 0.1818 0.1598 0.1562 
         236  1 0.1715 0.1670 0.1536 0.1701 0.1663 0.1715 
         237  1 0.1558 0.1692 0.1486 0.1779 0.1822 0.1663 
         238  1 0.1586 0.1792 0.1577 0.1558 0.1795 0.1692 
         239  1 0.1667 0.1628 0.1719 0.1715 0.1675 0.1596 
         240  1 0.1666 0.1699 0.1630 0.1724 0.1660 0.1620 
         241  1 0.1665 0.1694 0.1837 0.1647 0.1573 0.1584 
         242  1 0.2072 0.1358 0.2206 0.2153 0.1103 0.1107 
         243  1 0.1996 0.1390 0.2131 0.2137 0.1165 0.1180 
         244  1 0.1615 0.1673 0.1469 0.1726 0.1749 0.1767 
         245  1 0.1595 0.1737 0.1622 0.1611 0.1766 0.1671 
         246  1 0.1713 0.1611 0.1747 0.1717 0.1645 0.1567 
