           1  1 0.1457 0.1713 0.0593 0.1614 0.1645 0.1489 0.1487 
           2  1 0.1585 0.1787 0.0372 0.1625 0.1671 0.1461 0.1500 
           3  1 0.1636 0.1622 0.0467 0.1455 0.1582 0.1580 0.1657 
           4  1 0.1252 0.1187 0.2110 0.1260 0.1396 0.0993 0.1802 
           5  1 0.1416 0.1336 0.0881 0.1522 0.1585 0.1158 0.2102 
           6  1 0.1620 0.1804 0.0595 0.1604 0.1366 0.1949 0.1062 
           7  1 0.1492 0.1458 0.1400 0.1416 0.1409 0.1516 0.1310 
           8  1 0.1458 0.1432 0.0688 0.1444 0.1642 0.1092 0.2243 
           9  1 0.1632 0.1496 0.1035 0.1514 0.1524 0.1405 0.1394 
          10  1 0.1514 0.1575 0.0549 0.1646 0.1693 0.1263 0.1760 
          11  1 0.1609 0.1640 0.0634 0.1543 0.1495 0.1632 0.1447 
          12  1 0.1487 0.1756 0.0574 0.1540 0.1515 0.1717 0.1410 
          13  1 0.1490 0.1497 0.0633 0.1535 0.1706 0.1254 0.1886 
          14  1 0.1457 0.1460 0.1431 0.1384 0.1381 0.1490 0.1397 
          15  1 0.1718 0.1506 0.0630 0.1368 0.1509 0.1500 0.1770 
          16  1 0.1559 0.1455 0.1032 0.1338 0.1411 0.1560 0.1645 
          17  1 0.1399 0.1438 0.1088 0.1500 0.1607 0.1199 0.1768 
          18  1 0.1430 0.1588 0.0947 0.1472 0.1729 0.1233 0.1600 
          19  1 0.1509 0.1629 0.0792 0.1599 0.1521 0.1538 0.1413 
          20  1 0.1626 0.1505 0.0802 0.1554 0.1428 0.1576 0.1509 
          21  1 0.1062 0.1037 0.3557 0.1029 0.1124 0.0980 0.1210 
          22  1 0.1796 0.1585 0.0674 0.1342 0.1350 0.1930 0.1323 
          23  1 0.1425 0.1543 0.0823 0.1628 0.1608 0.1520 0.1453 
          24  1 0.0610 0.0594 0.6313 0.0638 0.0642 0.0624 0.0579 
          25  1 0.1262 0.1414 0.2113 0.1364 0.1306 0.1288 0.1253 
          26  1 0.1434 0.1577 0.1233 0.1599 0.1483 0.1428 0.1246 
          27  1 0.1439 0.1800 0.0741 0.1633 0.1487 0.1621 0.1280 
          28  1 0.1862 0.1524 0.0954 0.1202 0.1164 0.2220 0.1073 
          29  1 0.1521 0.1651 0.0825 0.1590 0.1454 0.1623 0.1336 
          30  1 0.1795 0.1513 0.0846 0.1214 0.1324 0.2103 0.1205 
          31  1 0.1468 0.1478 0.0967 0.1428 0.1679 0.1124 0.1856 
          32  1 0.1812 0.1477 0.0623 0.1340 0.1415 0.1980 0.1353 
          33  1 0.1414 0.1485 0.1107 0.1466 0.1583 0.1314 0.1631 
          34  1 0.1572 0.1390 0.0957 0.1461 0.1514 0.1397 0.1709 
          35  1 0.1626 0.1642 0.0539 0.1523 0.1502 0.1679 0.1489 
          36  1 0.1549 0.1793 0.0985 0.1476 0.1237 0.1971 0.0988 
          37  1 0.1527 0.1555 0.0357 0.1446 0.1607 0.1405 0.2103 
          38  1 0.1516 0.1657 0.0472 0.1660 0.1712 0.1439 0.1544 
          39  1 0.0793 0.0793 0.5185 0.0811 0.0795 0.0801 0.0823 
          40  1 0.1518 0.1772 0.0445 0.1664 0.1649 0.1564 0.1388 
          41  1 0.1769 0.1558 0.0707 0.1363 0.1352 0.1947 0.1304 
          42  1 0.1598 0.1389 0.1068 0.1343 0.1464 0.1486 0.1652 
          43  1 0.1370 0.1367 0.1755 0.1365 0.1422 0.1181 0.1539 
          44  1 0.1448 0.1533 0.0848 0.1585 0.1558 0.1450 0.1578 
          45  1 0.1695 0.1399 0.1343 0.1166 0.1179 0.2064 0.1155 
          46  1 0.1515 0.1419 0.0991 0.1534 0.1470 0.1519 0.1553 
          47  1 0.1470 0.1419 0.1670 0.1406 0.1457 0.1272 0.1305 
          48  1 0.1412 0.1606 0.0851 0.1749 0.1540 0.1684 0.1158 
          49  1 0.1440 0.1527 0.0878 0.1663 0.1553 0.1482 0.1458 
          50  1 0.1435 0.1535 0.0963 0.1606 0.1523 0.1309 0.1628 
          51  1 0.0752 0.0715 0.5453 0.0770 0.0788 0.0695 0.0827 
          52  1 0.1247 0.1238 0.2498 0.1172 0.1290 0.1195 0.1361 
          53  1 0.1504 0.1502 0.1125 0.1464 0.1560 0.1381 0.1463 
          54  1 0.1478 0.1514 0.1137 0.1315 0.1568 0.1367 0.1622 
          55  1 0.1392 0.1441 0.0663 0.1857 0.1639 0.1738 0.1270 
          56  1 0.1280 0.1374 0.1894 0.1412 0.1433 0.1110 0.1497 
          57  1 0.1496 0.1226 0.1888 0.1166 0.1187 0.1696 0.1342 
          58  1 0.0508 0.0501 0.6945 0.0515 0.0510 0.0501 0.0520 
          59  1 0.1564 0.1508 0.0521 0.1625 0.1645 0.1588 0.1548 
          60  1 0.1490 0.1700 0.0533 0.1683 0.1614 0.1588 0.1391 
          61  1 0.1441 0.1484 0.1031 0.1563 0.1572 0.1258 0.1651 
          62  1 0.1234 0.1173 0.3037 0.1123 0.1199 0.1068 0.1167 
          63  1 0.0759 0.0785 0.5237 0.0790 0.0827 0.0837 0.0764 
          64  1 0.1408 0.1394 0.1028 0.1692 0.1470 0.1627 0.1380 
          65  1 0.1509 0.1450 0.1044 0.1487 0.1545 0.1368 0.1598 
          66  1 0.1307 0.1409 0.1895 0.1333 0.1376 0.1342 0.1337 
          67  1 0.1495 0.1401 0.1147 0.1393 0.1591 0.1288 0.1685 
          68  1 0.1713 0.1518 0.0537 0.1479 0.1523 0.1771 0.1459 
          69  1 0.1482 0.1540 0.0463 0.1871 0.1605 0.1662 0.1378 
          70  1 0.1616 0.1431 0.0697 0.1510 0.1519 0.1712 0.1516 
          71  1 0.1490 0.1527 0.0840 0.1540 0.1591 0.1453 0.1559 
          72  1 0.1552 0.1433 0.0565 0.1398 0.1588 0.1578 0.1886 
          73  1 0.1366 0.1438 0.1167 0.1744 0.1421 0.1579 0.1286 
          74  1 0.1012 0.1061 0.3650 0.1052 0.1141 0.0942 0.1141 
          75  1 0.1576 0.1658 0.0577 0.1412 0.1500 0.1487 0.1790 
          76  1 0.1632 0.1474 0.0647 0.1456 0.1504 0.1641 0.1646 
          77  1 0.1696 0.1705 0.0460 0.1627 0.1441 0.1820 0.1252 
          78  1 0.1355 0.1453 0.0828 0.1394 0.1630 0.1174 0.2167 
          79  1 0.1380 0.1521 0.0860 0.1739 0.1576 0.1492 0.1431 
          80  1 0.1725 0.1515 0.0565 0.1470 0.1421 0.1832 0.1473 
          81  1 0.1282 0.1265 0.1785 0.1397 0.1417 0.1364 0.1491 
          82  1 0.1526 0.1751 0.0655 0.1561 0.1504 0.1659 0.1344 
          83  1 0.1304 0.1362 0.1793 0.1352 0.1438 0.1163 0.1588 
          84  1 0.1463 0.1526 0.1214 0.1537 0.1501 0.1308 0.1451 
          85  1 0.1452 0.1368 0.1610 0.1453 0.1303 0.1525 0.1289 
          86  1 0.1621 0.1454 0.1347 0.1302 0.1282 0.1777 0.1217 
          87  1 0.1478 0.1387 0.0982 0.1437 0.1562 0.1369 0.1785 
          88  1 0.1483 0.1530 0.1033 0.1406 0.1560 0.1485 0.1502 
          89  1 0.1754 0.1655 0.0746 0.1332 0.1370 0.1759 0.1385 
          90  1 0.1524 0.1663 0.0550 0.1711 0.1519 0.1557 0.1476 
          91  1 0.1334 0.1495 0.1520 0.1476 0.1459 0.1415 0.1303 
          92  1 0.1642 0.1401 0.1308 0.1249 0.1247 0.1893 0.1260 
          93  1 0.1601 0.1516 0.0664 0.1534 0.1612 0.1446 0.1627 
          94  1 0.1759 0.1554 0.0620 0.1421 0.1284 0.2138 0.1223 
          95  1 0.1494 0.1555 0.0842 0.1603 0.1592 0.1440 0.1475 
          96  1 0.1458 0.1627 0.1145 0.1380 0.1511 0.1467 0.1412 
          97  1 0.1649 0.1586 0.0760 0.1434 0.1433 0.1813 0.1326 
          98  1 0.1472 0.1642 0.0391 0.1692 0.1669 0.1517 0.1615 
          99  1 0.1539 0.1586 0.0460 0.1709 0.1749 0.1354 0.1602 
         100  1 0.1442 0.1545 0.0758 0.1547 0.1684 0.1237 0.1788 
         101  1 0.1178 0.1170 0.2991 0.1156 0.1231 0.1038 0.1236 
         102  1 0.1585 0.1673 0.0761 0.1585 0.1442 0.1505 0.1449 
         103  1 0.1042 0.1060 0.3259 0.1081 0.1160 0.1021 0.1376 
         104  1 0.1258 0.1345 0.1939 0.1302 0.1404 0.1226 0.1526 
         105  1 0.1312 0.1452 0.1678 0.1546 0.1432 0.1198 0.1383 
         106  1 0.1029 0.0961 0.3469 0.0986 0.1169 0.0840 0.1545 
         107  1 0.1577 0.1704 0.0638 0.1645 0.1499 0.1638 0.1299 
         108  1 0.1491 0.1514 0.0750 0.1508 0.1583 0.1392 0.1762 
         109  1 0.1471 0.1618 0.0822 0.1480 0.1667 0.1405 0.1537 
         110  1 0.1257 0.1311 0.2072 0.1305 0.1381 0.1111 0.1563 
         111  1 0.1418 0.1505 0.1287 0.1452 0.1511 0.1363 0.1465 
         112  1 0.1408 0.1507 0.0892 0.1530 0.1599 0.1158 0.1907 
         113  1 0.1800 0.1512 0.0876 0.1248 0.1250 0.2131 0.1183 
         114  1 0.1573 0.1673 0.0587 0.1483 0.1590 0.1606 0.1487 
         115  1 0.1567 0.1511 0.1117 0.1322 0.1415 0.1680 0.1389 
         116  1 0.1719 0.1608 0.0464 0.1421 0.1457 0.1821 0.1510 
         117  1 0.1533 0.1569 0.0705 0.1544 0.1570 0.1629 0.1448 
         118  1 0.1468 0.1660 0.0793 0.1698 0.1388 0.1557 0.1436 
         119  1 0.1389 0.1648 0.0888 0.1610 0.1582 0.1401 0.1483 
         120  1 0.1078 0.1128 0.3424 0.1075 0.1126 0.1028 0.1141 
         121  1 0.1392 0.1490 0.0929 0.1559 0.1618 0.1251 0.1761 
         122  1 0.1619 0.1555 0.0638 0.1413 0.1425 0.1710 0.1640 
         123  1 0.1444 0.1522 0.1202 0.1476 0.1484 0.1369 0.1504 
         124  1 0.1612 0.1468 0.0590 0.1522 0.1592 0.1685 0.1530 
         125  1 0.1281 0.1270 0.2241 0.1229 0.1386 0.1085 0.1509 
         126  1 0.1548 0.1470 0.0456 0.1481 0.1599 0.1582 0.1864 
         127  1 0.1414 0.1530 0.0937 0.1616 0.1516 0.1503 0.1484 
         128  1 0.1536 0.1595 0.0417 0.1586 0.1716 0.1349 0.1802 
         129  1 0.1456 0.1239 0.1236 0.1257 0.1567 0.1157 0.2089 
         130  1 0.1476 0.1633 0.1055 0.1440 0.1515 0.1432 0.1449 
         131  1 0.1580 0.1506 0.0735 0.1460 0.1525 0.1566 0.1628 
         132  1 0.1503 0.1644 0.0405 0.1743 0.1683 0.1467 0.1555 
         133  1 0.1510 0.1393 0.1598 0.1372 0.1339 0.1398 0.1389 
         134  1 0.1383 0.1454 0.1086 0.1609 0.1431 0.1375 0.1662 
         135  1 0.1218 0.1209 0.2428 0.1294 0.1330 0.1032 0.1488 
         136  1 0.1445 0.1443 0.1074 0.1493 0.1588 0.1145 0.1811 
         137  1 0.1632 0.1355 0.1201 0.1264 0.1312 0.1835 0.1402 
         138  1 0.1419 0.1315 0.1214 0.1361 0.1536 0.1296 0.1859 
         139  1 0.1360 0.1471 0.1063 0.1570 0.1596 0.1465 0.1474 
         140  1 0.1606 0.1597 0.0566 0.1641 0.1560 0.1586 0.1444 
         141  1 0.1352 0.1405 0.0789 0.1305 0.1691 0.1120 0.2338 
         142  1 0.1544 0.1618 0.0496 0.1537 0.1653 0.1480 0.1673 
         143  1 0.1511 0.1730 0.0713 0.1618 0.1557 0.1580 0.1291 
         144  1 0.1577 0.1558 0.0749 0.1566 0.1533 0.1546 0.1470 
         145  1 0.1450 0.1292 0.1352 0.1198 0.1397 0.1399 0.1913 
         146  1 0.1421 0.1555 0.0577 0.1844 0.1550 0.1721 0.1332 
         147  1 0.1460 0.1457 0.1298 0.1420 0.1510 0.1273 0.1582 
         148  1 0.1370 0.1341 0.1382 0.1422 0.1533 0.1277 0.1675 
         149  1 0.1512 0.1510 0.0645 0.1518 0.1615 0.1286 0.1914 
         150  1 0.1363 0.1450 0.1074 0.1569 0.1580 0.1538 0.1426 
         151  1 0.1530 0.1637 0.0763 0.1599 0.1504 0.1663 0.1304 
         152  1 0.1605 0.1571 0.0700 0.1610 0.1642 0.1278 0.1594 
         153  1 0.1569 0.1578 0.0729 0.1451 0.1507 0.1648 0.1518 
         154  1 0.1573 0.1477 0.0906 0.1382 0.1475 0.1561 0.1625 
         155  1 0.1579 0.1581 0.0863 0.1496 0.1498 0.1521 0.1462 
         156  1 0.1329 0.1162 0.2663 0.1156 0.1156 0.1286 0.1248 
         157  1 0.1456 0.1522 0.1633 0.1412 0.1289 0.1512 0.1176 
         158  1 0.1526 0.1577 0.0536 0.1606 0.1644 0.1320 0.1791 
         159  1 0.1555 0.1581 0.0491 0.1582 0.1773 0.1246 0.1772 
         160  1 0.1395 0.1339 0.1439 0.1335 0.1502 0.1163 0.1828 
         161  1 0.1565 0.1529 0.0811 0.1554 0.1632 0.1248 0.1660 
         162  1 0.1463 0.1578 0.0825 0.1626 0.1534 0.1440 0.1533 
         163  1 0.1242 0.1149 0.2587 0.1298 0.1291 0.1134 0.1299 
         164  1 0.1572 0.1523 0.0673 0.1491 0.1589 0.1464 0.1688 
         165  1 0.1522 0.1415 0.1093 0.1265 0.1508 0.1420 0.1776 
         166  1 0.1523 0.1579 0.0552 0.1519 0.1593 0.1435 0.1800 
         167  1 0.1439 0.1243 0.2340 0.1148 0.1238 0.1374 0.1218 
         168  1 0.1497 0.1517 0.0481 0.1595 0.1671 0.1465 0.1774 
         169  1 0.1461 0.1383 0.1159 0.1451 0.1640 0.1158 0.1748 
         170  1 0.1511 0.1512 0.0828 0.1536 0.1555 0.1326 0.1732 
         171  1 0.1501 0.1581 0.0312 0.2219 0.1335 0.2250 0.0801 
         172  1 0.1579 0.1556 0.0970 0.1365 0.1532 0.1617 0.1382 
         173  1 0.1367 0.1365 0.1032 0.1418 0.1573 0.1181 0.2064 
         174  1 0.1633 0.1638 0.0507 0.1564 0.1460 0.1686 0.1512 
         175  1 0.1534 0.1467 0.0738 0.1527 0.1679 0.1390 0.1665 
         176  1 0.1390 0.1491 0.0944 0.1667 0.1580 0.1396 0.1532 
         177  1 0.1403 0.1396 0.1399 0.1629 0.1464 0.1348 0.1361 
         178  1 0.1386 0.1378 0.1689 0.1254 0.1403 0.1321 0.1569 
         179  1 0.1505 0.1578 0.0320 0.2215 0.1362 0.2216 0.0804 
         180  1 0.1381 0.1464 0.0893 0.1741 0.1453 0.1590 0.1478 
         181  1 0.1660 0.1389 0.0839 0.1357 0.1433 0.1612 0.1710 
         182  1 0.1545 0.1473 0.0709 0.1792 0.1435 0.1824 0.1221 
         183  1 0.1468 0.1503 0.1216 0.1546 0.1484 0.1399 0.1385 
         184  1 0.1337 0.1368 0.1253 0.1727 0.1426 0.1516 0.1374 
         185  1 0.1463 0.1544 0.0624 0.1507 0.1637 0.1419 0.1805 
         186  1 0.1294 0.1313 0.2035 0.1391 0.1340 0.1276 0.1350 
         187  1 0.1275 0.1139 0.2427 0.1169 0.1329 0.1099 0.1563 
         188  1 0.1505 0.1489 0.0731 0.1697 0.1462 0.1760 0.1356 
         189  1 0.1922 0.1444 0.1218 0.1075 0.1017 0.2431 0.0894 
         190  1 0.1539 0.1429 0.1268 0.1402 0.1450 0.1461 0.1451 
         191  1 0.1500 0.1560 0.0930 0.1572 0.1408 0.1647 0.1384 
         192  1 0.1460 0.1582 0.1001 0.1558 0.1532 0.1436 0.1429 
         193  1 0.1566 0.1538 0.0659 0.1524 0.1647 0.1529 0.1537 
         194  1 0.1524 0.1500 0.0746 0.1539 0.1522 0.1548 0.1621 
         195  1 0.1545 0.1398 0.0536 0.1414 0.1727 0.1258 0.2123 
         196  1 0.1457 0.1507 0.0770 0.1622 0.1603 0.1486 0.1556 
         197  1 0.1487 0.1511 0.1006 0.1495 0.1566 0.1367 0.1568 
         198  1 0.1532 0.1705 0.0552 0.1664 0.1530 0.1765 0.1251 
         199  1 0.1460 0.1489 0.1126 0.1671 0.1471 0.1444 0.1337 
         200  1 0.1571 0.1786 0.0581 0.1524 0.1600 0.1696 0.1242 
         201  1 0.1365 0.1579 0.1091 0.1523 0.1497 0.1399 0.1546 
         202  1 0.1361 0.1386 0.1671 0.1376 0.1450 0.1238 0.1518 
         203  1 0.1593 0.1780 0.0416 0.1801 0.1403 0.1797 0.1210 
         204  1 0.1491 0.1400 0.0762 0.1481 0.1683 0.1187 0.1996 
         205  1 0.0305 0.0295 0.8199 0.0292 0.0302 0.0302 0.0305 
         206  1 0.1424 0.1518 0.0507 0.1819 0.1577 0.1461 0.1695 
         207  1 0.1448 0.1576 0.0529 0.1484 0.1737 0.1404 0.1823 
         208  1 0.0303 0.0289 0.8185 0.0305 0.0300 0.0308 0.0309 
         209  1 0.1492 0.1461 0.0907 0.1504 0.1596 0.1330 0.1711 
         210  1 0.1303 0.1312 0.1901 0.1462 0.1364 0.1285 0.1373 
         211  1 0.1424 0.1358 0.0953 0.1575 0.1609 0.1124 0.1957 
         212  1 0.1490 0.1466 0.0784 0.1567 0.1574 0.1397 0.1722 
         213  1 0.1571 0.1433 0.0737 0.1543 0.1444 0.1657 0.1614 
         214  1 0.1333 0.1303 0.1830 0.1437 0.1463 0.1321 0.1313 
         215  1 0.1522 0.1669 0.0645 0.1631 0.1494 0.1646 0.1393 
         216  1 0.1301 0.1288 0.2101 0.1245 0.1413 0.1230 0.1422 
         217  1 0.0755 0.0768 0.5206 0.0806 0.0849 0.0737 0.0879 
         218  1 0.2016 0.1499 0.0671 0.1226 0.1170 0.2368 0.1051 
         219  1 0.1582 0.1589 0.0701 0.1487 0.1587 0.1390 0.1664 
         220  1 0.1231 0.1212 0.2163 0.1401 0.1404 0.1156 0.1432 
         221  1 0.1456 0.1289 0.1669 0.1295 0.1396 0.1272 0.1623 
         222  1 0.1497 0.1528 0.0627 0.1626 0.1637 0.1459 0.1627 
         223  1 0.1362 0.1368 0.1805 0.1386 0.1347 0.1349 0.1383 
         224  1 0.1703 0.1494 0.0696 0.1390 0.1467 0.1835 0.1415 
         225  1 0.1957 0.1521 0.0837 0.1128 0.1139 0.2498 0.0920 
         226  1 0.1538 0.1345 0.1258 0.1324 0.1446 0.1526 0.1563 
         227  1 0.1616 0.1410 0.0718 0.1639 0.1445 0.1836 0.1337 
         228  1 0.1347 0.1345 0.1890 0.1429 0.1392 0.1071 0.1525 
         229  1 0.1941 0.1574 0.0780 0.1135 0.1165 0.2316 0.1089 
         230  1 0.1433 0.1426 0.1609 0.1322 0.1415 0.1399 0.1395 
         231  1 0.1669 0.1416 0.0935 0.1316 0.1402 0.1796 0.1465 
         232  1 0.1213 0.1147 0.2984 0.1168 0.1143 0.1203 0.1141 
         233  1 0.1444 0.1356 0.0952 0.1454 0.1620 0.1399 0.1775 
         234  1 0.1581 0.1385 0.0809 0.1385 0.1501 0.1487 0.1852 
         235  1 0.1385 0.1435 0.1159 0.1640 0.1548 0.1460 0.1373 
         236  1 0.1365 0.1532 0.1076 0.1596 0.1572 0.1389 0.1469 
         237  1 0.1418 0.1466 0.0441 0.1947 0.1742 0.1709 0.1278 
         238  1 0.1502 0.1417 0.1117 0.1490 0.1424 0.1576 0.1473 
         239  1 0.1583 0.1604 0.0665 0.1788 0.1394 0.1816 0.1151 
         240  1 0.1305 0.1514 0.1526 0.1511 0.1451 0.1387 0.1305 
         241  1 0.1352 0.1388 0.2005 0.1163 0.1346 0.1345 0.1401 
         242  1 0.0948 0.0962 0.4564 0.0883 0.0837 0.0931 0.0875 
         243  1 0.1010 0.0968 0.4019 0.0987 0.1036 0.0972 0.1009 
         244  1 0.1497 0.1503 0.0549 0.1799 0.1545 0.1664 0.1444 
         245  1 0.1508 0.1487 0.0926 0.1561 0.1587 0.1505 0.1425 
         246  1 0.1458 0.1375 0.1632 0.1339 0.1303 0.1473 0.1420 
