           1  1 0.1270 0.0393 0.1610 0.1271 0.1286 0.1452 0.1447 0.1271 
           2  1 0.1222 0.0206 0.1415 0.1396 0.1312 0.1544 0.1493 0.1413 
           3  1 0.1212 0.0278 0.1373 0.1500 0.1377 0.1423 0.1336 0.1501 
           4  1 0.0904 0.2209 0.0821 0.1472 0.1304 0.1047 0.1018 0.1225 
           5  1 0.0998 0.0596 0.1059 0.1935 0.1559 0.1320 0.1063 0.1470 
           6  1 0.1768 0.0370 0.1862 0.0783 0.1195 0.1467 0.1597 0.0957 
           7  1 0.1412 0.0904 0.1413 0.1148 0.1172 0.1287 0.1430 0.1234 
           8  1 0.1045 0.0440 0.1001 0.1936 0.1630 0.1304 0.1123 0.1521 
           9  1 0.1351 0.0595 0.1341 0.1232 0.1472 0.1385 0.1334 0.1290 
          10  1 0.1005 0.0307 0.1181 0.1667 0.1506 0.1567 0.1319 0.1448 
          11  1 0.1395 0.0394 0.1375 0.1300 0.1320 0.1321 0.1430 0.1464 
          12  1 0.1301 0.0368 0.1555 0.1200 0.1383 0.1462 0.1455 0.1277 
          13  1 0.1209 0.0391 0.1103 0.1800 0.1356 0.1463 0.1222 0.1457 
          14  1 0.1373 0.1074 0.1288 0.1313 0.1131 0.1138 0.1291 0.1391 
          15  1 0.1292 0.0388 0.1219 0.1520 0.1364 0.1277 0.1355 0.1585 
          16  1 0.1355 0.0627 0.1174 0.1470 0.1269 0.1304 0.1318 0.1483 
          17  1 0.1165 0.0766 0.1173 0.1618 0.1456 0.1284 0.1198 0.1341 
          18  1 0.1185 0.0521 0.1296 0.1318 0.1378 0.1577 0.1382 0.1343 
          19  1 0.1289 0.0470 0.1650 0.1198 0.1279 0.1367 0.1409 0.1338 
          20  1 0.1441 0.0621 0.1494 0.1277 0.1427 0.1255 0.1298 0.1187 
          21  1 0.0807 0.4062 0.0814 0.0956 0.0909 0.0872 0.0756 0.0824 
          22  1 0.1556 0.0391 0.1430 0.1246 0.1213 0.1264 0.1409 0.1493 
          23  1 0.1308 0.0572 0.1430 0.1367 0.1368 0.1360 0.1276 0.1320 
          24  1 0.0444 0.6910 0.0439 0.0415 0.0439 0.0479 0.0454 0.0421 
          25  1 0.1169 0.1471 0.1349 0.1147 0.1194 0.1370 0.1190 0.1110 
          26  1 0.1305 0.0886 0.1740 0.0965 0.1190 0.1330 0.1442 0.1142 
          27  1 0.1375 0.0487 0.1866 0.0986 0.1172 0.1519 0.1462 0.1132 
          28  1 0.1818 0.0600 0.1475 0.0877 0.0959 0.1096 0.1777 0.1397 
          29  1 0.1481 0.0480 0.1555 0.1237 0.1208 0.1444 0.1381 0.1213 
          30  1 0.1755 0.0588 0.1370 0.0980 0.1062 0.0962 0.1630 0.1653 
          31  1 0.1145 0.0613 0.1134 0.1579 0.1512 0.1335 0.1246 0.1436 
          32  1 0.1611 0.0370 0.1316 0.1174 0.1180 0.1194 0.1623 0.1531 
          33  1 0.1135 0.0829 0.1211 0.1405 0.1354 0.1317 0.1266 0.1483 
          34  1 0.1144 0.0656 0.1264 0.1518 0.1385 0.1235 0.1373 0.1426 
          35  1 0.1329 0.0348 0.1338 0.1439 0.1303 0.1323 0.1391 0.1530 
          36  1 0.1628 0.0677 0.1866 0.0724 0.1078 0.1413 0.1599 0.1015 
          37  1 0.1336 0.0221 0.1222 0.1835 0.1483 0.1277 0.1190 0.1435 
          38  1 0.1223 0.0288 0.1400 0.1408 0.1482 0.1541 0.1290 0.1369 
          39  1 0.0579 0.6034 0.0546 0.0600 0.0585 0.0597 0.0529 0.0530 
          40  1 0.1305 0.0267 0.1615 0.1227 0.1329 0.1325 0.1613 0.1318 
          41  1 0.1762 0.0456 0.1521 0.1058 0.1131 0.1165 0.1459 0.1448 
          42  1 0.1353 0.0740 0.1138 0.1460 0.1338 0.1243 0.1330 0.1398 
          43  1 0.1084 0.1440 0.1158 0.1345 0.1277 0.1226 0.1194 0.1275 
          44  1 0.1215 0.0556 0.1239 0.1474 0.1443 0.1313 0.1369 0.1392 
          45  1 0.1686 0.0972 0.1269 0.0997 0.1005 0.1043 0.1493 0.1536 
          46  1 0.1318 0.0750 0.1231 0.1355 0.1361 0.1372 0.1232 0.1382 
          47  1 0.1063 0.1218 0.1300 0.1292 0.1202 0.1407 0.1293 0.1225 
          48  1 0.1438 0.0542 0.1776 0.0982 0.1286 0.1483 0.1385 0.1108 
          49  1 0.1287 0.0603 0.1477 0.1264 0.1361 0.1322 0.1248 0.1437 
          50  1 0.1152 0.0649 0.1258 0.1410 0.1460 0.1416 0.1244 0.1411 
          51  1 0.0477 0.6173 0.0530 0.0576 0.0577 0.0583 0.0523 0.0561 
          52  1 0.1057 0.2109 0.0997 0.1245 0.1110 0.1234 0.1074 0.1175 
          53  1 0.1234 0.0732 0.1291 0.1391 0.1410 0.1353 0.1207 0.1381 
          54  1 0.1147 0.0863 0.1177 0.1569 0.1330 0.1199 0.1255 0.1460 
          55  1 0.1292 0.0452 0.1439 0.1154 0.1664 0.1383 0.1400 0.1215 
          56  1 0.1073 0.1599 0.1016 0.1359 0.1323 0.1261 0.1144 0.1225 
          57  1 0.1453 0.1574 0.1061 0.1150 0.1058 0.1006 0.1350 0.1348 
          58  1 0.0334 0.7671 0.0333 0.0342 0.0331 0.0341 0.0322 0.0326 
          59  1 0.1418 0.0288 0.1395 0.1413 0.1404 0.1410 0.1386 0.1286 
          60  1 0.1328 0.0348 0.1402 0.1346 0.1360 0.1578 0.1396 0.1241 
          61  1 0.1141 0.0697 0.1158 0.1622 0.1369 0.1489 0.1255 0.1270 
          62  1 0.1058 0.2544 0.1028 0.1080 0.1021 0.1081 0.1091 0.1097 
          63  1 0.0563 0.6255 0.0546 0.0490 0.0510 0.0538 0.0583 0.0514 
          64  1 0.1298 0.0715 0.1340 0.1294 0.1433 0.1303 0.1335 0.1283 
          65  1 0.1228 0.0653 0.1240 0.1423 0.1357 0.1450 0.1316 0.1332 
          66  1 0.1175 0.1409 0.1118 0.1327 0.1280 0.1247 0.1173 0.1271 
          67  1 0.1201 0.0699 0.1152 0.1479 0.1355 0.1416 0.1221 0.1478 
          68  1 0.1438 0.0310 0.1295 0.1338 0.1247 0.1376 0.1539 0.1456 
          69  1 0.1269 0.0300 0.1567 0.1171 0.1504 0.1334 0.1581 0.1274 
          70  1 0.1346 0.0446 0.1241 0.1370 0.1478 0.1299 0.1428 0.1392 
          71  1 0.1313 0.0543 0.1285 0.1382 0.1451 0.1317 0.1363 0.1346 
          72  1 0.1410 0.0355 0.1258 0.1707 0.1307 0.1261 0.1356 0.1346 
          73  1 0.1393 0.0859 0.1351 0.1178 0.1363 0.1242 0.1379 0.1235 
          74  1 0.0817 0.3714 0.0799 0.1007 0.0927 0.0870 0.0863 0.1004 
          75  1 0.1193 0.0360 0.1459 0.1563 0.1361 0.1247 0.1431 0.1386 
          76  1 0.1327 0.0410 0.1355 0.1407 0.1332 0.1340 0.1308 0.1520 
          77  1 0.1605 0.0282 0.1756 0.1075 0.1255 0.1480 0.1375 0.1171 
          78  1 0.1120 0.0523 0.1059 0.1815 0.1484 0.1343 0.1178 0.1477 
          79  1 0.1322 0.0546 0.1439 0.1298 0.1319 0.1490 0.1349 0.1237 
          80  1 0.1449 0.0344 0.1295 0.1341 0.1146 0.1253 0.1494 0.1677 
          81  1 0.1192 0.1754 0.1137 0.1297 0.1273 0.1128 0.1070 0.1149 
          82  1 0.1334 0.0422 0.1658 0.1195 0.1240 0.1393 0.1431 0.1326 
          83  1 0.1081 0.1571 0.1121 0.1411 0.1186 0.1176 0.1171 0.1283 
          84  1 0.1251 0.0831 0.1303 0.1369 0.1261 0.1344 0.1298 0.1342 
          85  1 0.1370 0.1419 0.1313 0.1067 0.1176 0.1136 0.1298 0.1222 
          86  1 0.1603 0.0886 0.1290 0.1068 0.1028 0.1099 0.1489 0.1538 
          87  1 0.1222 0.0649 0.1318 0.1586 0.1256 0.1315 0.1197 0.1457 
          88  1 0.1305 0.0668 0.1190 0.1376 0.1352 0.1396 0.1323 0.1387 
          89  1 0.1435 0.0478 0.1568 0.1151 0.1168 0.1267 0.1594 0.1340 
          90  1 0.1428 0.0323 0.1548 0.1246 0.1336 0.1505 0.1323 0.1292 
          91  1 0.1193 0.1318 0.1419 0.1055 0.1283 0.1270 0.1361 0.1102 
          92  1 0.1492 0.1077 0.1432 0.1132 0.1024 0.1076 0.1404 0.1363 
          93  1 0.1286 0.0432 0.1308 0.1373 0.1426 0.1400 0.1339 0.1437 
          94  1 0.1725 0.0381 0.1504 0.1015 0.1043 0.1192 0.1649 0.1490 
          95  1 0.1180 0.0515 0.1355 0.1400 0.1362 0.1452 0.1390 0.1345 
          96  1 0.1225 0.0692 0.1397 0.1204 0.1230 0.1471 0.1442 0.1338 
          97  1 0.1429 0.0454 0.1578 0.1217 0.1207 0.1258 0.1485 0.1371 
          98  1 0.1242 0.0238 0.1529 0.1416 0.1443 0.1388 0.1317 0.1427 
          99  1 0.1222 0.0262 0.1280 0.1522 0.1515 0.1597 0.1232 0.1369 
         100  1 0.1185 0.0488 0.1229 0.1586 0.1627 0.1451 0.1104 0.1330 
         101  1 0.0992 0.2429 0.0917 0.1163 0.1042 0.1202 0.1150 0.1104 
         102  1 0.1343 0.0412 0.1592 0.1205 0.1243 0.1434 0.1463 0.1307 
         103  1 0.0934 0.2952 0.0827 0.1267 0.1076 0.0927 0.0917 0.1100 
         104  1 0.1061 0.1497 0.1173 0.1423 0.1258 0.1210 0.1140 0.1240 
         105  1 0.1161 0.1243 0.1237 0.1252 0.1232 0.1401 0.1187 0.1288 
         106  1 0.0804 0.3259 0.0739 0.1341 0.1092 0.0903 0.0793 0.1069 
         107  1 0.1534 0.0357 0.1607 0.1116 0.1197 0.1450 0.1449 0.1289 
         108  1 0.1220 0.0463 0.1089 0.1606 0.1380 0.1465 0.1249 0.1528 
         109  1 0.1221 0.0460 0.1333 0.1407 0.1380 0.1458 0.1423 0.1318 
         110  1 0.1105 0.1601 0.1043 0.1508 0.1221 0.1246 0.1093 0.1183 
         111  1 0.1191 0.0855 0.1115 0.1438 0.1366 0.1395 0.1336 0.1304 
         112  1 0.1167 0.0539 0.1160 0.1513 0.1476 0.1414 0.1309 0.1422 
         113  1 0.1665 0.0531 0.1405 0.1094 0.1030 0.1091 0.1760 0.1423 
         114  1 0.1288 0.0383 0.1474 0.1299 0.1308 0.1380 0.1501 0.1366 
         115  1 0.1369 0.0792 0.1505 0.1258 0.1180 0.1193 0.1448 0.1254 
         116  1 0.1555 0.0274 0.1510 0.1290 0.1239 0.1323 0.1302 0.1508 
         117  1 0.1417 0.0463 0.1520 0.1218 0.1313 0.1332 0.1422 0.1315 
         118  1 0.1395 0.0515 0.1550 0.1196 0.1312 0.1371 0.1426 0.1235 
         119  1 0.1289 0.0636 0.1528 0.1333 0.1254 0.1339 0.1296 0.1324 
         120  1 0.0915 0.3277 0.0862 0.1043 0.0914 0.1013 0.0945 0.1030 
         121  1 0.1135 0.0608 0.1212 0.1706 0.1444 0.1291 0.1179 0.1426 
         122  1 0.1389 0.0383 0.1378 0.1366 0.1335 0.1260 0.1536 0.1352 
         123  1 0.1093 0.0860 0.1281 0.1386 0.1372 0.1370 0.1286 0.1351 
         124  1 0.1535 0.0385 0.1256 0.1336 0.1499 0.1322 0.1294 0.1373 
         125  1 0.1179 0.1628 0.1118 0.1281 0.1380 0.1136 0.1085 0.1192 
         126  1 0.1379 0.0273 0.1318 0.1627 0.1391 0.1224 0.1206 0.1582 
         127  1 0.1266 0.0678 0.1484 0.1240 0.1358 0.1336 0.1372 0.1265 
         128  1 0.1233 0.0246 0.1348 0.1690 0.1440 0.1452 0.1239 0.1353 
         129  1 0.1179 0.0872 0.0973 0.1764 0.1468 0.1208 0.1113 0.1422 
         130  1 0.1276 0.0764 0.1258 0.1330 0.1313 0.1434 0.1319 0.1306 
         131  1 0.1438 0.0430 0.1329 0.1382 0.1253 0.1283 0.1379 0.1505 
         132  1 0.1193 0.0221 0.1319 0.1484 0.1468 0.1582 0.1344 0.1390 
         133  1 0.1252 0.1198 0.1191 0.1271 0.1147 0.1260 0.1300 0.1381 
         134  1 0.1214 0.0764 0.1225 0.1543 0.1457 0.1382 0.1158 0.1256 
         135  1 0.0963 0.2125 0.0982 0.1340 0.1225 0.1159 0.1026 0.1179 
         136  1 0.1042 0.0714 0.1156 0.1631 0.1471 0.1470 0.1209 0.1307 
         137  1 0.1381 0.0854 0.1267 0.1252 0.1174 0.1168 0.1488 0.1417 
         138  1 0.1210 0.0969 0.1077 0.1547 0.1425 0.1250 0.1092 0.1429 
         139  1 0.1283 0.0854 0.1261 0.1320 0.1419 0.1481 0.1147 0.1235 
         140  1 0.1409 0.0347 0.1485 0.1219 0.1467 0.1521 0.1261 0.1292 
         141  1 0.1069 0.0493 0.0922 0.2063 0.1505 0.1335 0.1113 0.1501 
         142  1 0.1241 0.0313 0.1310 0.1524 0.1389 0.1469 0.1389 0.1365 
         143  1 0.1386 0.0444 0.1416 0.1236 0.1400 0.1517 0.1426 0.1176 
         144  1 0.1382 0.0480 0.1353 0.1323 0.1333 0.1437 0.1322 0.1371 
         145  1 0.1312 0.1015 0.1034 0.1543 0.1351 0.1058 0.1288 0.1399 
         146  1 0.1537 0.0351 0.1590 0.1147 0.1476 0.1316 0.1338 0.1245 
         147  1 0.1249 0.0811 0.1198 0.1433 0.1351 0.1280 0.1292 0.1387 
         148  1 0.1130 0.1076 0.1108 0.1517 0.1407 0.1315 0.1144 0.1303 
         149  1 0.1274 0.0425 0.1201 0.1641 0.1530 0.1367 0.1123 0.1438 
         150  1 0.1271 0.0829 0.1443 0.1199 0.1310 0.1393 0.1331 0.1224 
         151  1 0.1456 0.0530 0.1584 0.1115 0.1259 0.1415 0.1428 0.1214 
         152  1 0.1291 0.0431 0.1247 0.1601 0.1544 0.1330 0.1196 0.1360 
         153  1 0.1334 0.0500 0.1428 0.1351 0.1308 0.1273 0.1378 0.1428 
         154  1 0.1248 0.0603 0.1257 0.1452 0.1333 0.1269 0.1398 0.1441 
         155  1 0.1264 0.0591 0.1418 0.1377 0.1278 0.1263 0.1515 0.1295 
         156  1 0.1140 0.2025 0.0986 0.1226 0.1148 0.1175 0.1116 0.1184 
         157  1 0.1339 0.1046 0.1274 0.1078 0.1220 0.1390 0.1382 0.1271 
         158  1 0.1171 0.0336 0.1300 0.1544 0.1446 0.1470 0.1251 0.1483 
         159  1 0.1221 0.0289 0.1266 0.1569 0.1464 0.1544 0.1242 0.1406 
         160  1 0.1147 0.1078 0.1076 0.1670 0.1459 0.1233 0.1052 0.1286 
         161  1 0.1274 0.0499 0.1275 0.1501 0.1526 0.1389 0.1191 0.1345 
         162  1 0.1235 0.0495 0.1335 0.1475 0.1333 0.1450 0.1287 0.1390 
         163  1 0.1094 0.2378 0.1098 0.1166 0.1202 0.1166 0.0935 0.0961 
         164  1 0.1231 0.0406 0.1200 0.1435 0.1466 0.1406 0.1448 0.1407 
         165  1 0.1231 0.0727 0.1149 0.1489 0.1319 0.1347 0.1242 0.1496 
         166  1 0.1195 0.0320 0.1259 0.1728 0.1448 0.1447 0.1234 0.1369 
         167  1 0.1381 0.2080 0.1090 0.1071 0.1004 0.1007 0.1161 0.1207 
         168  1 0.1192 0.0291 0.1244 0.1544 0.1493 0.1433 0.1354 0.1449 
         169  1 0.1310 0.0744 0.1131 0.1676 0.1364 0.1274 0.1112 0.1389 
         170  1 0.1326 0.0501 0.1277 0.1612 0.1384 0.1420 0.1169 0.1312 
         171  1 0.2138 0.0189 0.2080 0.0493 0.1567 0.1471 0.1350 0.0712 
         172  1 0.1240 0.0635 0.1442 0.1325 0.1322 0.1225 0.1504 0.1308 
         173  1 0.1171 0.0706 0.1081 0.1794 0.1653 0.1139 0.1054 0.1402 
         174  1 0.1263 0.0323 0.1466 0.1345 0.1344 0.1348 0.1470 0.1442 
         175  1 0.1215 0.0461 0.1171 0.1567 0.1488 0.1455 0.1189 0.1453 
         176  1 0.1148 0.0629 0.1240 0.1374 0.1397 0.1413 0.1363 0.1436 
         177  1 0.1230 0.1034 0.1303 0.1293 0.1482 0.1202 0.1230 0.1226 
         178  1 0.1118 0.1338 0.1124 0.1407 0.1243 0.1214 0.1189 0.1366 
         179  1 0.2129 0.0188 0.2076 0.0516 0.1559 0.1449 0.1372 0.0711 
         180  1 0.1246 0.0611 0.1356 0.1327 0.1450 0.1405 0.1285 0.1319 
         181  1 0.1336 0.0478 0.1066 0.1583 0.1356 0.1226 0.1373 0.1583 
         182  1 0.1718 0.0468 0.1557 0.0979 0.1326 0.1501 0.1298 0.1154 
         183  1 0.1403 0.0794 0.1400 0.1114 0.1283 0.1399 0.1350 0.1257 
         184  1 0.1336 0.0978 0.1349 0.1188 0.1502 0.1270 0.1201 0.1176 
         185  1 0.1084 0.0429 0.1292 0.1557 0.1341 0.1452 0.1366 0.1479 
         186  1 0.1192 0.1777 0.1182 0.1248 0.1137 0.1182 0.1089 0.1192 
         187  1 0.1027 0.2142 0.0875 0.1450 0.1167 0.1083 0.1004 0.1252 
         188  1 0.1502 0.0480 0.1436 0.1184 0.1541 0.1302 0.1303 0.1253 
         189  1 0.1841 0.0772 0.1423 0.0778 0.0817 0.1035 0.1851 0.1483 
         190  1 0.1447 0.0850 0.1326 0.1307 0.1436 0.1187 0.1197 0.1250 
         191  1 0.1357 0.0667 0.1478 0.1122 0.1249 0.1436 0.1356 0.1335 
         192  1 0.1292 0.0659 0.1293 0.1289 0.1366 0.1393 0.1400 0.1308 
         193  1 0.1307 0.0426 0.1385 0.1412 0.1335 0.1397 0.1470 0.1268 
         194  1 0.1253 0.0484 0.1440 0.1454 0.1295 0.1347 0.1300 0.1428 
         195  1 0.1163 0.0300 0.1135 0.1971 0.1502 0.1269 0.1156 0.1504 
         196  1 0.1245 0.0510 0.1353 0.1416 0.1410 0.1469 0.1337 0.1260 
         197  1 0.1199 0.0666 0.1223 0.1386 0.1419 0.1364 0.1435 0.1308 
         198  1 0.1404 0.0364 0.1849 0.0993 0.1240 0.1389 0.1588 0.1173 
         199  1 0.1223 0.0778 0.1318 0.1309 0.1353 0.1457 0.1222 0.1339 
         200  1 0.1408 0.0366 0.1679 0.1118 0.1176 0.1549 0.1427 0.1276 
         201  1 0.1232 0.0692 0.1392 0.1369 0.1314 0.1364 0.1359 0.1277 
         202  1 0.1110 0.1340 0.1055 0.1474 0.1333 0.1247 0.1207 0.1234 
         203  1 0.1641 0.0240 0.2033 0.0880 0.1152 0.1489 0.1602 0.0963 
         204  1 0.1070 0.0510 0.1062 0.1805 0.1538 0.1323 0.1168 0.1525 
         205  1 0.0174 0.8739 0.0175 0.0185 0.0182 0.0183 0.0176 0.0186 
         206  1 0.1323 0.0320 0.1416 0.1425 0.1399 0.1513 0.1287 0.1318 
         207  1 0.1272 0.0322 0.1138 0.1636 0.1401 0.1444 0.1270 0.1516 
         208  1 0.0181 0.8735 0.0178 0.0188 0.0180 0.0171 0.0177 0.0191 
         209  1 0.1277 0.0741 0.1424 0.1395 0.1492 0.1247 0.1256 0.1167 
         210  1 0.1246 0.1678 0.1261 0.1157 0.1255 0.1180 0.1209 0.1014 
         211  1 0.1126 0.0643 0.1137 0.1616 0.1553 0.1381 0.1143 0.1401 
         212  1 0.1264 0.0653 0.1391 0.1325 0.1405 0.1344 0.1293 0.1326 
         213  1 0.1367 0.0471 0.1415 0.1366 0.1434 0.1202 0.1436 0.1309 
         214  1 0.1177 0.1694 0.1133 0.1203 0.1312 0.1161 0.1193 0.1126 
         215  1 0.1364 0.0400 0.1382 0.1384 0.1358 0.1372 0.1332 0.1408 
         216  1 0.1072 0.1794 0.1075 0.1267 0.1154 0.1227 0.1169 0.1241 
         217  1 0.0610 0.5516 0.0570 0.0710 0.0635 0.0688 0.0599 0.0672 
         218  1 0.1954 0.0402 0.1566 0.0890 0.0878 0.1003 0.1684 0.1625 
         219  1 0.1230 0.0410 0.1244 0.1503 0.1303 0.1503 0.1386 0.1422 
         220  1 0.1105 0.1969 0.1004 0.1261 0.1219 0.1272 0.1010 0.1160 
         221  1 0.1277 0.1255 0.1088 0.1422 0.1252 0.1189 0.1075 0.1442 
         222  1 0.1205 0.0359 0.1283 0.1543 0.1360 0.1464 0.1321 0.1466 
         223  1 0.1158 0.1792 0.1185 0.1190 0.1198 0.1144 0.1139 0.1193 
         224  1 0.1412 0.0430 0.1453 0.1244 0.1229 0.1260 0.1495 0.1478 
         225  1 0.1977 0.0545 0.1469 0.0794 0.0840 0.1024 0.1846 0.1506 
         226  1 0.1334 0.0951 0.1117 0.1410 0.1275 0.1254 0.1261 0.1398 
         227  1 0.1641 0.0477 0.1518 0.1085 0.1499 0.1290 0.1249 0.1241 
         228  1 0.0971 0.1293 0.1210 0.1363 0.1400 0.1433 0.1091 0.1238 
         229  1 0.1884 0.0522 0.1439 0.0893 0.0895 0.1093 0.1673 0.1600 
         230  1 0.1245 0.1292 0.1146 0.1282 0.1160 0.1198 0.1313 0.1364 
         231  1 0.1590 0.0659 0.1354 0.1265 0.1174 0.1084 0.1455 0.1420 
         232  1 0.1109 0.2592 0.0975 0.1082 0.0990 0.1064 0.1037 0.1152 
         233  1 0.1266 0.0655 0.1154 0.1544 0.1467 0.1341 0.1197 0.1375 
         234  1 0.1187 0.0536 0.1066 0.1575 0.1407 0.1326 0.1357 0.1547 
         235  1 0.1396 0.0818 0.1365 0.1223 0.1353 0.1385 0.1250 0.1210 
         236  1 0.1289 0.0717 0.1369 0.1291 0.1450 0.1493 0.1195 0.1196 
         237  1 0.1282 0.0290 0.1447 0.1212 0.1535 0.1474 0.1451 0.1307 
         238  1 0.1372 0.0771 0.1240 0.1442 0.1339 0.1258 0.1256 0.1322 
         239  1 0.1851 0.0400 0.1747 0.0973 0.1367 0.1333 0.1345 0.0985 
         240  1 0.1152 0.1119 0.1295 0.1248 0.1236 0.1383 0.1311 0.1255 
         241  1 0.1143 0.1593 0.1120 0.1303 0.1146 0.1144 0.1223 0.1328 
         242  1 0.0798 0.4588 0.0843 0.0756 0.0720 0.0766 0.0798 0.0731 
         243  1 0.0901 0.3828 0.0815 0.0894 0.0874 0.0860 0.0909 0.0920 
         244  1 0.1478 0.0354 0.1439 0.1223 0.1524 0.1404 0.1357 0.1221 
         245  1 0.1285 0.0579 0.1357 0.1360 0.1264 0.1420 0.1364 0.1372 
         246  1 0.1192 0.1181 0.1219 0.1264 0.1190 0.1272 0.1353 0.1330 
