           1  1 0.0448 0.1335 0.1354 0.1463 0.1347 0.1310 0.1278 0.1465 
           2  1 0.0276 0.1427 0.1388 0.1348 0.1501 0.1391 0.1399 0.1270 
           3  1 0.0313 0.1467 0.1472 0.1243 0.1336 0.1436 0.1500 0.1233 
           4  1 0.2212 0.1279 0.1287 0.0960 0.1071 0.1138 0.1181 0.0873 
           5  1 0.0615 0.1652 0.1568 0.1097 0.1307 0.1391 0.1412 0.0958 
           6  1 0.0412 0.1021 0.0909 0.1689 0.1263 0.1396 0.0973 0.2337 
           7  1 0.0937 0.1293 0.1316 0.1379 0.1236 0.1284 0.1327 0.1229 
           8  1 0.0492 0.1597 0.1623 0.1092 0.1376 0.1381 0.1518 0.0922 
           9  1 0.0743 0.1303 0.1308 0.1359 0.1363 0.1315 0.1347 0.1262 
          10  1 0.0378 0.1609 0.1566 0.1163 0.1388 0.1396 0.1445 0.1055 
          11  1 0.0431 0.1321 0.1329 0.1500 0.1458 0.1249 0.1473 0.1240 
          12  1 0.0437 0.1174 0.1207 0.1512 0.1217 0.1334 0.1300 0.1817 
          13  1 0.0429 0.1544 0.1543 0.1138 0.1375 0.1417 0.1459 0.1095 
          14  1 0.1004 0.1252 0.1270 0.1225 0.1306 0.1280 0.1378 0.1285 
          15  1 0.0389 0.1491 0.1396 0.1221 0.1338 0.1431 0.1612 0.1121 
          16  1 0.0654 0.1375 0.1429 0.1496 0.1205 0.1272 0.1503 0.1065 
          17  1 0.0793 0.1492 0.1544 0.1096 0.1336 0.1319 0.1350 0.1069 
          18  1 0.0610 0.1492 0.1426 0.1241 0.1483 0.1365 0.1411 0.0974 
          19  1 0.0500 0.1273 0.1309 0.1476 0.1385 0.1274 0.1413 0.1370 
          20  1 0.0629 0.1238 0.1282 0.1375 0.1309 0.1409 0.1266 0.1491 
          21  1 0.3653 0.0992 0.0935 0.0817 0.0930 0.0890 0.0913 0.0871 
          22  1 0.0425 0.1233 0.1329 0.1680 0.1276 0.1234 0.1461 0.1363 
          23  1 0.0641 0.1239 0.1329 0.1480 0.1271 0.1405 0.1238 0.1396 
          24  1 0.6691 0.0459 0.0469 0.0487 0.0477 0.0466 0.0471 0.0481 
          25  1 0.1632 0.1118 0.1198 0.1216 0.1265 0.1195 0.1213 0.1164 
          26  1 0.0952 0.1173 0.1091 0.1507 0.1316 0.1190 0.1129 0.1643 
          27  1 0.0552 0.1129 0.1127 0.1609 0.1405 0.1254 0.1145 0.1778 
          28  1 0.0629 0.1034 0.1081 0.1801 0.1095 0.1182 0.1331 0.1847 
          29  1 0.0498 0.1196 0.1271 0.1325 0.1351 0.1481 0.1163 0.1714 
          30  1 0.0623 0.1156 0.1186 0.1631 0.1116 0.1300 0.1447 0.1542 
          31  1 0.0615 0.1566 0.1548 0.1108 0.1342 0.1422 0.1447 0.0952 
          32  1 0.0407 0.1295 0.1272 0.1636 0.1216 0.1276 0.1430 0.1468 
          33  1 0.0764 0.1410 0.1483 0.1227 0.1448 0.1238 0.1420 0.1010 
          34  1 0.0731 0.1449 0.1464 0.1340 0.1187 0.1238 0.1407 0.1185 
          35  1 0.0377 0.1365 0.1444 0.1378 0.1418 0.1347 0.1402 0.1270 
          36  1 0.0749 0.0881 0.0866 0.1698 0.1202 0.1277 0.0973 0.2354 
          37  1 0.0269 0.1603 0.1538 0.1261 0.1299 0.1457 0.1409 0.1164 
          38  1 0.0346 0.1461 0.1394 0.1380 0.1477 0.1440 0.1294 0.1207 
          39  1 0.5734 0.0610 0.0624 0.0597 0.0626 0.0593 0.0590 0.0626 
          40  1 0.0334 0.1312 0.1342 0.1498 0.1421 0.1373 0.1275 0.1445 
          41  1 0.0468 0.1241 0.1236 0.1694 0.1180 0.1244 0.1407 0.1531 
          42  1 0.0709 0.1470 0.1417 0.1300 0.1272 0.1238 0.1514 0.1080 
          43  1 0.1378 0.1327 0.1257 0.1163 0.1327 0.1213 0.1264 0.1071 
          44  1 0.0599 0.1396 0.1375 0.1368 0.1328 0.1298 0.1411 0.1224 
          45  1 0.0979 0.1195 0.1179 0.1533 0.1055 0.1237 0.1379 0.1442 
          46  1 0.0765 0.1290 0.1377 0.1286 0.1325 0.1351 0.1314 0.1292 
          47  1 0.1096 0.1271 0.1272 0.1163 0.1451 0.1282 0.1363 0.1102 
          48  1 0.0602 0.1177 0.1081 0.1591 0.1431 0.1351 0.1140 0.1627 
          49  1 0.0637 0.1332 0.1376 0.1309 0.1357 0.1336 0.1311 0.1342 
          50  1 0.0674 0.1380 0.1455 0.1240 0.1446 0.1365 0.1300 0.1141 
          51  1 0.5878 0.0602 0.0637 0.0572 0.0610 0.0594 0.0570 0.0539 
          52  1 0.1971 0.1257 0.1174 0.1051 0.1174 0.1171 0.1219 0.0983 
          53  1 0.0762 0.1356 0.1353 0.1234 0.1329 0.1314 0.1324 0.1327 
          54  1 0.0808 0.1501 0.1467 0.1250 0.1312 0.1213 0.1431 0.1018 
          55  1 0.0467 0.1141 0.1161 0.1436 0.1516 0.1419 0.1173 0.1686 
          56  1 0.1530 0.1357 0.1339 0.1044 0.1282 0.1211 0.1274 0.0963 
          57  1 0.1383 0.1262 0.1206 0.1351 0.1130 0.1154 0.1309 0.1206 
          58  1 0.7297 0.0385 0.0379 0.0392 0.0387 0.0382 0.0393 0.0384 
          59  1 0.0355 0.1343 0.1412 0.1489 0.1349 0.1327 0.1363 0.1361 
          60  1 0.0384 0.1231 0.1400 0.1346 0.1460 0.1475 0.1382 0.1322 
          61  1 0.0701 0.1434 0.1454 0.1176 0.1327 0.1367 0.1403 0.1139 
          62  1 0.2395 0.1130 0.1146 0.1024 0.1114 0.1069 0.1151 0.0971 
          63  1 0.5932 0.0558 0.0569 0.0658 0.0537 0.0585 0.0549 0.0612 
          64  1 0.0729 0.1208 0.1247 0.1262 0.1291 0.1451 0.1240 0.1571 
          65  1 0.0674 0.1406 0.1422 0.1289 0.1376 0.1340 0.1377 0.1117 
          66  1 0.1360 0.1251 0.1205 0.1351 0.1200 0.1232 0.1242 0.1159 
          67  1 0.0715 0.1427 0.1482 0.1180 0.1340 0.1280 0.1534 0.1042 
          68  1 0.0356 0.1322 0.1300 0.1444 0.1402 0.1317 0.1451 0.1408 
          69  1 0.0357 0.1235 0.1272 0.1352 0.1333 0.1529 0.1132 0.1789 
          70  1 0.0480 0.1311 0.1331 0.1323 0.1293 0.1391 0.1405 0.1467 
          71  1 0.0606 0.1388 0.1431 0.1248 0.1361 0.1409 0.1271 0.1286 
          72  1 0.0399 0.1482 0.1515 0.1229 0.1231 0.1438 0.1389 0.1316 
          73  1 0.0854 0.1148 0.1087 0.1248 0.1373 0.1392 0.1078 0.1820 
          74  1 0.3425 0.1025 0.1002 0.0860 0.0964 0.0931 0.1057 0.0735 
          75  1 0.0400 0.1382 0.1380 0.1441 0.1344 0.1336 0.1397 0.1321 
          76  1 0.0439 0.1407 0.1473 0.1306 0.1332 0.1340 0.1501 0.1203 
          77  1 0.0330 0.1101 0.1215 0.1649 0.1360 0.1363 0.1242 0.1739 
          78  1 0.0524 0.1622 0.1581 0.1131 0.1328 0.1379 0.1512 0.0923 
          79  1 0.0566 0.1298 0.1276 0.1247 0.1407 0.1404 0.1296 0.1505 
          80  1 0.0374 0.1365 0.1397 0.1441 0.1346 0.1380 0.1387 0.1310 
          81  1 0.1582 0.1251 0.1255 0.1178 0.1120 0.1282 0.1186 0.1146 
          82  1 0.0464 0.1230 0.1298 0.1491 0.1394 0.1294 0.1274 0.1556 
          83  1 0.1580 0.1431 0.1333 0.1089 0.1178 0.1178 0.1239 0.0971 
          84  1 0.0870 0.1379 0.1323 0.1232 0.1400 0.1305 0.1316 0.1176 
          85  1 0.1330 0.1208 0.1130 0.1264 0.1218 0.1259 0.1167 0.1425 
          86  1 0.0935 0.1154 0.1232 0.1579 0.1247 0.1175 0.1340 0.1337 
          87  1 0.0646 0.1467 0.1425 0.1277 0.1326 0.1356 0.1438 0.1065 
          88  1 0.0687 0.1415 0.1358 0.1327 0.1315 0.1305 0.1418 0.1175 
          89  1 0.0515 0.1267 0.1335 0.1421 0.1294 0.1318 0.1349 0.1500 
          90  1 0.0373 0.1317 0.1300 0.1275 0.1493 0.1439 0.1372 0.1432 
          91  1 0.1523 0.1136 0.1109 0.1298 0.1189 0.1244 0.1033 0.1468 
          92  1 0.1066 0.1170 0.1197 0.1557 0.1134 0.1182 0.1286 0.1409 
          93  1 0.0463 0.1443 0.1462 0.1364 0.1341 0.1285 0.1443 0.1199 
          94  1 0.0419 0.1175 0.1194 0.1649 0.1292 0.1294 0.1368 0.1610 
          95  1 0.0573 0.1425 0.1372 0.1203 0.1515 0.1281 0.1437 0.1193 
          96  1 0.0722 0.1265 0.1340 0.1466 0.1344 0.1255 0.1301 0.1307 
          97  1 0.0505 0.1231 0.1245 0.1665 0.1317 0.1199 0.1410 0.1428 
          98  1 0.0285 0.1357 0.1383 0.1427 0.1479 0.1362 0.1393 0.1315 
          99  1 0.0314 0.1490 0.1416 0.1238 0.1625 0.1350 0.1428 0.1139 
         100  1 0.0516 0.1505 0.1483 0.1200 0.1472 0.1433 0.1381 0.1009 
         101  1 0.2403 0.1162 0.1164 0.0940 0.1139 0.1157 0.1147 0.0887 
         102  1 0.0493 0.1278 0.1304 0.1582 0.1418 0.1278 0.1249 0.1398 
         103  1 0.2817 0.1155 0.1153 0.0898 0.0985 0.0994 0.1149 0.0851 
         104  1 0.1428 0.1309 0.1345 0.1150 0.1252 0.1223 0.1284 0.1009 
         105  1 0.1374 0.1267 0.1253 0.1270 0.1425 0.1154 0.1193 0.1066 
         106  1 0.3010 0.1214 0.1183 0.0850 0.1004 0.1007 0.1069 0.0663 
         107  1 0.0418 0.1209 0.1152 0.1503 0.1318 0.1431 0.1242 0.1727 
         108  1 0.0484 0.1492 0.1563 0.1199 0.1307 0.1383 0.1486 0.1085 
         109  1 0.0483 0.1422 0.1415 0.1259 0.1387 0.1367 0.1422 0.1244 
         110  1 0.1501 0.1333 0.1435 0.1058 0.1168 0.1191 0.1352 0.0963 
         111  1 0.0844 0.1374 0.1376 0.1290 0.1480 0.1223 0.1379 0.1034 
         112  1 0.0571 0.1544 0.1558 0.1158 0.1452 0.1322 0.1380 0.1014 
         113  1 0.0574 0.1175 0.1216 0.1622 0.1151 0.1259 0.1406 0.1599 
         114  1 0.0424 0.1400 0.1352 0.1369 0.1441 0.1325 0.1348 0.1341 
         115  1 0.0834 0.1282 0.1315 0.1460 0.1251 0.1171 0.1364 0.1322 
         116  1 0.0327 0.1382 0.1407 0.1366 0.1345 0.1362 0.1389 0.1423 
         117  1 0.0495 0.1263 0.1299 0.1271 0.1269 0.1382 0.1332 0.1687 
         118  1 0.0545 0.1182 0.1185 0.1281 0.1408 0.1387 0.1214 0.1797 
         119  1 0.0641 0.1307 0.1332 0.1373 0.1426 0.1309 0.1354 0.1258 
         120  1 0.3246 0.1027 0.0981 0.0980 0.0937 0.0926 0.1036 0.0867 
         121  1 0.0639 0.1516 0.1504 0.1157 0.1457 0.1243 0.1422 0.1061 
         122  1 0.0427 0.1334 0.1412 0.1565 0.1303 0.1255 0.1437 0.1267 
         123  1 0.0835 0.1362 0.1332 0.1204 0.1360 0.1376 0.1321 0.1211 
         124  1 0.0440 0.1401 0.1309 0.1377 0.1285 0.1432 0.1369 0.1386 
         125  1 0.1654 0.1333 0.1326 0.1127 0.1163 0.1248 0.1215 0.0933 
         126  1 0.0320 0.1487 0.1448 0.1386 0.1302 0.1327 0.1466 0.1263 
         127  1 0.0716 0.1275 0.1273 0.1335 0.1278 0.1394 0.1298 0.1431 
         128  1 0.0304 0.1468 0.1504 0.1231 0.1388 0.1446 0.1396 0.1263 
         129  1 0.0795 0.1527 0.1593 0.1057 0.1300 0.1327 0.1547 0.0855 
         130  1 0.0814 0.1337 0.1341 0.1360 0.1339 0.1220 0.1344 0.1246 
         131  1 0.0476 0.1475 0.1462 0.1354 0.1282 0.1327 0.1430 0.1193 
         132  1 0.0288 0.1419 0.1381 0.1334 0.1604 0.1385 0.1328 0.1261 
         133  1 0.1111 0.1343 0.1314 0.1284 0.1245 0.1183 0.1328 0.1192 
         134  1 0.0792 0.1274 0.1404 0.1220 0.1330 0.1304 0.1363 0.1312 
         135  1 0.2234 0.1272 0.1315 0.0948 0.1126 0.1053 0.1200 0.0851 
         136  1 0.0730 0.1439 0.1469 0.1105 0.1411 0.1374 0.1478 0.0995 
         137  1 0.0874 0.1260 0.1298 0.1347 0.1215 0.1249 0.1355 0.1402 
         138  1 0.0962 0.1464 0.1484 0.1128 0.1195 0.1329 0.1431 0.1008 
         139  1 0.0825 0.1237 0.1286 0.1348 0.1357 0.1332 0.1278 0.1337 
         140  1 0.0422 0.1317 0.1291 0.1477 0.1410 0.1375 0.1297 0.1411 
         141  1 0.0559 0.1823 0.1619 0.1059 0.1286 0.1286 0.1546 0.0821 
         142  1 0.0348 0.1471 0.1435 0.1344 0.1349 0.1377 0.1394 0.1282 
         143  1 0.0516 0.1166 0.1265 0.1473 0.1425 0.1322 0.1229 0.1604 
         144  1 0.0510 0.1343 0.1385 0.1304 0.1289 0.1387 0.1435 0.1347 
         145  1 0.0995 0.1542 0.1457 0.1192 0.1129 0.1297 0.1409 0.0979 
         146  1 0.0409 0.1168 0.1180 0.1410 0.1372 0.1462 0.1076 0.1923 
         147  1 0.0811 0.1416 0.1448 0.1195 0.1382 0.1308 0.1358 0.1082 
         148  1 0.0978 0.1442 0.1428 0.1092 0.1419 0.1277 0.1379 0.0986 
         149  1 0.0433 0.1667 0.1577 0.1107 0.1354 0.1379 0.1433 0.1051 
         150  1 0.0911 0.1214 0.1242 0.1387 0.1331 0.1266 0.1249 0.1401 
         151  1 0.0582 0.1200 0.1187 0.1575 0.1306 0.1277 0.1260 0.1613 
         152  1 0.0481 0.1455 0.1503 0.1225 0.1517 0.1321 0.1476 0.1022 
         153  1 0.0520 0.1393 0.1410 0.1393 0.1272 0.1286 0.1360 0.1366 
         154  1 0.0583 0.1390 0.1419 0.1318 0.1265 0.1245 0.1495 0.1284 
         155  1 0.0592 0.1367 0.1310 0.1356 0.1412 0.1313 0.1292 0.1359 
         156  1 0.2130 0.1178 0.1170 0.1175 0.1126 0.1082 0.1183 0.0957 
         157  1 0.1174 0.1136 0.1188 0.1395 0.1357 0.1231 0.1211 0.1308 
         158  1 0.0388 0.1481 0.1479 0.1225 0.1501 0.1409 0.1451 0.1067 
         159  1 0.0349 0.1493 0.1445 0.1245 0.1551 0.1492 0.1449 0.0975 
         160  1 0.1057 0.1459 0.1434 0.1061 0.1280 0.1334 0.1338 0.1036 
         161  1 0.0536 0.1517 0.1473 0.1180 0.1442 0.1311 0.1435 0.1105 
         162  1 0.0514 0.1340 0.1347 0.1279 0.1382 0.1368 0.1369 0.1399 
         163  1 0.2237 0.1158 0.1162 0.0960 0.1169 0.1145 0.1073 0.1097 
         164  1 0.0468 0.1424 0.1384 0.1213 0.1469 0.1338 0.1450 0.1255 
         165  1 0.0744 0.1475 0.1474 0.1216 0.1236 0.1329 0.1380 0.1147 
         166  1 0.0361 0.1433 0.1477 0.1286 0.1459 0.1343 0.1479 0.1162 
         167  1 0.2055 0.1096 0.1156 0.1169 0.1101 0.1093 0.1225 0.1106 
         168  1 0.0343 0.1462 0.1467 0.1351 0.1360 0.1355 0.1485 0.1177 
         169  1 0.0814 0.1551 0.1515 0.1103 0.1346 0.1337 0.1336 0.0999 
         170  1 0.0543 0.1446 0.1481 0.1192 0.1469 0.1379 0.1359 0.1131 
         171  1 0.0253 0.0706 0.0731 0.1792 0.1205 0.1742 0.0681 0.2890 
         172  1 0.0697 0.1247 0.1279 0.1406 0.1181 0.1314 0.1320 0.1556 
         173  1 0.0762 0.1503 0.1488 0.1094 0.1315 0.1429 0.1398 0.1010 
         174  1 0.0368 0.1333 0.1375 0.1389 0.1366 0.1361 0.1321 0.1487 
         175  1 0.0506 0.1603 0.1439 0.1153 0.1338 0.1429 0.1430 0.1103 
         176  1 0.0637 0.1363 0.1402 0.1286 0.1457 0.1315 0.1306 0.1234 
         177  1 0.1083 0.1226 0.1273 0.1296 0.1306 0.1266 0.1203 0.1348 
         178  1 0.1263 0.1379 0.1370 0.1117 0.1227 0.1174 0.1477 0.0994 
         179  1 0.0250 0.0721 0.0727 0.1789 0.1182 0.1731 0.0670 0.2931 
         180  1 0.0724 0.1285 0.1245 0.1347 0.1325 0.1345 0.1183 0.1546 
         181  1 0.0511 0.1507 0.1468 0.1311 0.1282 0.1379 0.1477 0.1065 
         182  1 0.0544 0.1093 0.1089 0.1506 0.1258 0.1450 0.1146 0.1914 
         183  1 0.0799 0.1311 0.1264 0.1377 0.1365 0.1322 0.1217 0.1346 
         184  1 0.1035 0.1224 0.1200 0.1298 0.1226 0.1310 0.1164 0.1543 
         185  1 0.0440 0.1496 0.1496 0.1255 0.1360 0.1357 0.1449 0.1147 
         186  1 0.1723 0.1116 0.1196 0.1149 0.1255 0.1204 0.1070 0.1287 
         187  1 0.2009 0.1295 0.1356 0.1002 0.1050 0.1103 0.1282 0.0902 
         188  1 0.0520 0.1124 0.1207 0.1301 0.1296 0.1498 0.1141 0.1913 
         189  1 0.0844 0.1017 0.1044 0.1836 0.0978 0.1123 0.1312 0.1846 
         190  1 0.0884 0.1308 0.1301 0.1274 0.1325 0.1351 0.1331 0.1227 
         191  1 0.0680 0.1212 0.1257 0.1286 0.1230 0.1438 0.1148 0.1749 
         192  1 0.0752 0.1306 0.1347 0.1295 0.1336 0.1360 0.1309 0.1296 
         193  1 0.0481 0.1355 0.1359 0.1295 0.1456 0.1314 0.1484 0.1256 
         194  1 0.0508 0.1399 0.1360 0.1356 0.1310 0.1314 0.1477 0.1277 
         195  1 0.0364 0.1659 0.1652 0.1123 0.1336 0.1319 0.1620 0.0928 
         196  1 0.0524 0.1321 0.1417 0.1261 0.1515 0.1372 0.1400 0.1191 
         197  1 0.0619 0.1437 0.1420 0.1224 0.1343 0.1340 0.1427 0.1189 
         198  1 0.0417 0.1131 0.1155 0.1719 0.1341 0.1278 0.1169 0.1791 
         199  1 0.0757 0.1264 0.1220 0.1200 0.1307 0.1371 0.1258 0.1622 
         200  1 0.0424 0.1225 0.1258 0.1588 0.1374 0.1246 0.1335 0.1550 
         201  1 0.0765 0.1355 0.1378 0.1288 0.1338 0.1287 0.1307 0.1283 
         202  1 0.1363 0.1303 0.1369 0.1140 0.1095 0.1291 0.1354 0.1086 
         203  1 0.0304 0.1020 0.1026 0.1684 0.1407 0.1389 0.0997 0.2172 
         204  1 0.0526 0.1676 0.1650 0.1028 0.1325 0.1351 0.1469 0.0975 
         205  1 0.8285 0.0249 0.0249 0.0243 0.0250 0.0245 0.0238 0.0241 
         206  1 0.0378 0.1380 0.1345 0.1302 0.1344 0.1327 0.1348 0.1577 
         207  1 0.0363 0.1489 0.1557 0.1229 0.1309 0.1408 0.1435 0.1210 
         208  1 0.8283 0.0251 0.0252 0.0244 0.0242 0.0242 0.0240 0.0246 
         209  1 0.0664 0.1444 0.1470 0.1268 0.1288 0.1368 0.1369 0.1129 
         210  1 0.1531 0.1234 0.1180 0.1227 0.1208 0.1267 0.1142 0.1212 
         211  1 0.0661 0.1503 0.1513 0.1188 0.1409 0.1334 0.1349 0.1042 
         212  1 0.0692 0.1313 0.1337 0.1349 0.1439 0.1366 0.1348 0.1155 
         213  1 0.0482 0.1363 0.1330 0.1435 0.1225 0.1335 0.1351 0.1479 
         214  1 0.1530 0.1189 0.1158 0.1161 0.1374 0.1253 0.1174 0.1161 
         215  1 0.0468 0.1361 0.1382 0.1362 0.1287 0.1369 0.1354 0.1416 
         216  1 0.1581 0.1268 0.1232 0.1118 0.1301 0.1145 0.1325 0.1030 
         217  1 0.5316 0.0680 0.0706 0.0595 0.0693 0.0680 0.0720 0.0611 
         218  1 0.0414 0.1057 0.1170 0.1832 0.1088 0.1284 0.1459 0.1695 
         219  1 0.0452 0.1485 0.1517 0.1275 0.1405 0.1330 0.1393 0.1144 
         220  1 0.1883 0.1221 0.1243 0.1059 0.1227 0.1155 0.1162 0.1050 
         221  1 0.1264 0.1452 0.1353 0.1100 0.1183 0.1250 0.1407 0.0991 
         222  1 0.0418 0.1407 0.1390 0.1250 0.1402 0.1425 0.1384 0.1325 
         223  1 0.1812 0.1182 0.1188 0.1171 0.1184 0.1174 0.1147 0.1142 
         224  1 0.0474 0.1294 0.1262 0.1461 0.1353 0.1320 0.1403 0.1433 
         225  1 0.0570 0.1015 0.0987 0.1857 0.1103 0.1221 0.1351 0.1896 
         226  1 0.0862 0.1351 0.1430 0.1248 0.1299 0.1302 0.1385 0.1124 
         227  1 0.0536 0.1161 0.1197 0.1434 0.1253 0.1439 0.1183 0.1797 
         228  1 0.1440 0.1342 0.1370 0.1027 0.1273 0.1209 0.1343 0.0996 
         229  1 0.0529 0.1053 0.1151 0.1700 0.1166 0.1259 0.1400 0.1741 
         230  1 0.1193 0.1317 0.1287 0.1253 0.1251 0.1219 0.1358 0.1123 
         231  1 0.0646 0.1358 0.1365 0.1431 0.1156 0.1261 0.1381 0.1401 
         232  1 0.2464 0.1064 0.1090 0.1139 0.1057 0.1029 0.1127 0.1030 
         233  1 0.0676 0.1498 0.1449 0.1215 0.1277 0.1341 0.1492 0.1052 
         234  1 0.0562 0.1612 0.1558 0.1150 0.1270 0.1320 0.1476 0.1052 
         235  1 0.0841 0.1146 0.1274 0.1426 0.1347 0.1371 0.1224 0.1371 
         236  1 0.0779 0.1370 0.1279 0.1291 0.1399 0.1312 0.1375 0.1196 
         237  1 0.0338 0.1168 0.1120 0.1489 0.1561 0.1478 0.1186 0.1661 
         238  1 0.0766 0.1356 0.1307 0.1215 0.1250 0.1448 0.1292 0.1365 
         239  1 0.0441 0.0989 0.1084 0.1574 0.1240 0.1544 0.1033 0.2095 
         240  1 0.1115 0.1235 0.1234 0.1260 0.1384 0.1212 0.1373 0.1189 
         241  1 0.1591 0.1273 0.1264 0.1178 0.1189 0.1177 0.1250 0.1076 
         242  1 0.4350 0.0760 0.0797 0.0838 0.0830 0.0780 0.0791 0.0855 
         243  1 0.3873 0.0910 0.0926 0.0808 0.0896 0.0845 0.0881 0.0860 
         244  1 0.0418 0.1215 0.1314 0.1399 0.1315 0.1518 0.1161 0.1660 
         245  1 0.0608 0.1393 0.1347 0.1267 0.1403 0.1323 0.1367 0.1291 
         246  1 0.1149 0.1255 0.1286 0.1268 0.1309 0.1301 0.1308 0.1124 
