           1  1 0.3134 0.3426 0.3440 
           2  1 0.3283 0.3348 0.3369 
           3  1 0.3339 0.3304 0.3357 
           4  1 0.3751 0.3043 0.3206 
           5  1 0.3731 0.3037 0.3232 
           6  1 0.3101 0.3509 0.3390 
           7  1 0.3099 0.3546 0.3354 
           8  1 0.3751 0.3006 0.3243 
           9  1 0.3223 0.3426 0.3352 
          10  1 0.3507 0.3185 0.3309 
          11  1 0.3237 0.3353 0.3410 
          12  1 0.3216 0.3417 0.3367 
          13  1 0.3587 0.3175 0.3237 
          14  1 0.3253 0.3394 0.3353 
          15  1 0.3485 0.3237 0.3277 
          16  1 0.3510 0.3200 0.3290 
          17  1 0.3492 0.3188 0.3321 
          18  1 0.3429 0.3247 0.3325 
          19  1 0.3092 0.3491 0.3417 
          20  1 0.3351 0.3375 0.3274 
          21  1 0.3289 0.3320 0.3391 
          22  1 0.3254 0.3410 0.3337 
          23  1 0.3284 0.3374 0.3342 
          24  1 0.3049 0.3489 0.3463 
          25  1 0.3114 0.3504 0.3382 
          26  1 0.3112 0.3452 0.3436 
          27  1 0.3115 0.3461 0.3424 
          28  1 0.3199 0.3476 0.3325 
          29  1 0.3208 0.3426 0.3366 
          30  1 0.3190 0.3483 0.3326 
          31  1 0.3574 0.3116 0.3309 
          32  1 0.3248 0.3456 0.3296 
          33  1 0.3393 0.3284 0.3323 
          34  1 0.3399 0.3282 0.3320 
          35  1 0.3300 0.3367 0.3334 
          36  1 0.3075 0.3567 0.3358 
          37  1 0.3824 0.2982 0.3194 
          38  1 0.3365 0.3319 0.3316 
          39  1 0.3181 0.3452 0.3367 
          40  1 0.3273 0.3323 0.3404 
          41  1 0.3412 0.3334 0.3253 
          42  1 0.3511 0.3253 0.3236 
          43  1 0.3362 0.3299 0.3339 
          44  1 0.3290 0.3326 0.3384 
          45  1 0.3219 0.3429 0.3352 
          46  1 0.3315 0.3399 0.3286 
          47  1 0.3158 0.3468 0.3374 
          48  1 0.3078 0.3466 0.3457 
          49  1 0.3262 0.3469 0.3270 
          50  1 0.3373 0.3264 0.3363 
          51  1 0.3312 0.3301 0.3387 
          52  1 0.3238 0.3424 0.3338 
          53  1 0.3192 0.3417 0.3391 
          54  1 0.3417 0.3260 0.3323 
          55  1 0.3206 0.3430 0.3364 
          56  1 0.3372 0.3230 0.3398 
          57  1 0.3287 0.3393 0.3320 
          58  1 0.3094 0.3414 0.3492 
          59  1 0.3361 0.3294 0.3345 
          60  1 0.3228 0.3413 0.3358 
          61  1 0.3504 0.3237 0.3259 
          62  1 0.3175 0.3469 0.3356 
          63  1 0.3132 0.3467 0.3401 
          64  1 0.3281 0.3332 0.3387 
          65  1 0.3351 0.3320 0.3329 
          66  1 0.3245 0.3369 0.3386 
          67  1 0.3464 0.3322 0.3214 
          68  1 0.3305 0.3454 0.3241 
          69  1 0.3346 0.3344 0.3310 
          70  1 0.3340 0.3320 0.3340 
          71  1 0.3399 0.3237 0.3363 
          72  1 0.3724 0.3088 0.3188 
          73  1 0.3347 0.3315 0.3338 
          74  1 0.3213 0.3347 0.3440 
          75  1 0.3576 0.3203 0.3221 
          76  1 0.3558 0.3224 0.3218 
          77  1 0.3133 0.3534 0.3333 
          78  1 0.3590 0.3125 0.3285 
          79  1 0.3268 0.3366 0.3366 
          80  1 0.3326 0.3406 0.3268 
          81  1 0.3431 0.3284 0.3285 
          82  1 0.3104 0.3545 0.3350 
          83  1 0.3441 0.3236 0.3323 
          84  1 0.3188 0.3401 0.3411 
          85  1 0.3237 0.3389 0.3374 
          86  1 0.3137 0.3522 0.3341 
          87  1 0.3508 0.3262 0.3230 
          88  1 0.3355 0.3334 0.3311 
          89  1 0.3232 0.3424 0.3345 
          90  1 0.3231 0.3392 0.3377 
          91  1 0.3428 0.3260 0.3313 
          92  1 0.3282 0.3403 0.3315 
          93  1 0.3336 0.3292 0.3372 
          94  1 0.3237 0.3433 0.3330 
          95  1 0.3166 0.3443 0.3391 
          96  1 0.3258 0.3385 0.3357 
          97  1 0.3121 0.3427 0.3452 
          98  1 0.3453 0.3299 0.3248 
          99  1 0.3457 0.3218 0.3325 
         100  1 0.3683 0.3062 0.3255 
         101  1 0.3278 0.3354 0.3368 
         102  1 0.3259 0.3429 0.3312 
         103  1 0.3385 0.3263 0.3353 
         104  1 0.3297 0.3329 0.3374 
         105  1 0.3182 0.3402 0.3416 
         106  1 0.3787 0.2991 0.3222 
         107  1 0.3110 0.3574 0.3316 
         108  1 0.3398 0.3260 0.3342 
         109  1 0.3412 0.3306 0.3282 
         110  1 0.3454 0.3196 0.3350 
         111  1 0.3267 0.3408 0.3326 
         112  1 0.3750 0.3039 0.3211 
         113  1 0.3173 0.3432 0.3395 
         114  1 0.3126 0.3415 0.3460 
         115  1 0.3289 0.3343 0.3368 
         116  1 0.3372 0.3321 0.3307 
         117  1 0.3275 0.3428 0.3297 
         118  1 0.3335 0.3340 0.3326 
         119  1 0.3275 0.3377 0.3348 
         120  1 0.3262 0.3338 0.3400 
         121  1 0.3447 0.3262 0.3291 
         122  1 0.3407 0.3329 0.3265 
         123  1 0.3359 0.3268 0.3373 
         124  1 0.3422 0.3245 0.3333 
         125  1 0.3391 0.3318 0.3291 
         126  1 0.3761 0.3071 0.3168 
         127  1 0.3321 0.3375 0.3304 
         128  1 0.3519 0.3199 0.3282 
         129  1 0.3932 0.2919 0.3148 
         130  1 0.3180 0.3392 0.3428 
         131  1 0.3391 0.3283 0.3326 
         132  1 0.3404 0.3275 0.3321 
         133  1 0.3263 0.3400 0.3337 
         134  1 0.3447 0.3227 0.3326 
         135  1 0.3434 0.3196 0.3370 
         136  1 0.3598 0.3129 0.3272 
         137  1 0.3359 0.3362 0.3279 
         138  1 0.3697 0.3121 0.3182 
         139  1 0.3286 0.3383 0.3330 
         140  1 0.3292 0.3420 0.3288 
         141  1 0.3944 0.2926 0.3129 
         142  1 0.3351 0.3278 0.3370 
         143  1 0.3268 0.3356 0.3376 
         144  1 0.3256 0.3366 0.3378 
         145  1 0.3724 0.3105 0.3171 
         146  1 0.3234 0.3393 0.3373 
         147  1 0.3328 0.3324 0.3347 
         148  1 0.3426 0.3207 0.3367 
         149  1 0.3587 0.3097 0.3316 
         150  1 0.3240 0.3380 0.3381 
         151  1 0.3126 0.3468 0.3406 
         152  1 0.3424 0.3235 0.3341 
         153  1 0.3280 0.3395 0.3325 
         154  1 0.3409 0.3261 0.3330 
         155  1 0.3285 0.3332 0.3383 
         156  1 0.3246 0.3369 0.3385 
         157  1 0.3093 0.3467 0.3440 
         158  1 0.3400 0.3250 0.3349 
         159  1 0.3626 0.3067 0.3307 
         160  1 0.3578 0.3187 0.3235 
         161  1 0.3381 0.3303 0.3316 
         162  1 0.3273 0.3359 0.3368 
         163  1 0.3309 0.3360 0.3331 
         164  1 0.3422 0.3275 0.3303 
         165  1 0.3523 0.3243 0.3234 
         166  1 0.3573 0.3170 0.3258 
         167  1 0.3268 0.3443 0.3290 
         168  1 0.3495 0.3224 0.3281 
         169  1 0.3517 0.3245 0.3238 
         170  1 0.3327 0.3282 0.3391 
         171  1 0.3243 0.3432 0.3325 
         172  1 0.3295 0.3406 0.3299 
         173  1 0.3673 0.3066 0.3260 
         174  1 0.3312 0.3376 0.3313 
         175  1 0.3341 0.3283 0.3376 
         176  1 0.3329 0.3301 0.3371 
         177  1 0.3298 0.3372 0.3330 
         178  1 0.3384 0.3292 0.3324 
         179  1 0.3249 0.3453 0.3298 
         180  1 0.3332 0.3366 0.3302 
         181  1 0.3576 0.3174 0.3250 
         182  1 0.3182 0.3489 0.3329 
         183  1 0.3161 0.3384 0.3454 
         184  1 0.3372 0.3322 0.3305 
         185  1 0.3486 0.3116 0.3398 
         186  1 0.3315 0.3327 0.3358 
         187  1 0.3527 0.3229 0.3244 
         188  1 0.3366 0.3294 0.3340 
         189  1 0.3141 0.3507 0.3352 
         190  1 0.3280 0.3313 0.3407 
         191  1 0.3338 0.3338 0.3324 
         192  1 0.3101 0.3413 0.3486 
         193  1 0.3222 0.3405 0.3373 
         194  1 0.3472 0.3230 0.3298 
         195  1 0.3811 0.2986 0.3203 
         196  1 0.3295 0.3310 0.3395 
         197  1 0.3337 0.3311 0.3351 
         198  1 0.3055 0.3544 0.3400 
         199  1 0.3227 0.3464 0.3309 
         200  1 0.2982 0.3535 0.3483 
         201  1 0.3180 0.3356 0.3463 
         202  1 0.3404 0.3267 0.3329 
         203  1 0.3278 0.3444 0.3279 
         204  1 0.3785 0.3024 0.3191 
         205  1 0.3147 0.3424 0.3429 
         206  1 0.3561 0.3204 0.3235 
         207  1 0.3593 0.3130 0.3277 
         208  1 0.3142 0.3417 0.3441 
         209  1 0.3548 0.3214 0.3238 
         210  1 0.3360 0.3304 0.3336 
         211  1 0.3770 0.2997 0.3234 
         212  1 0.3528 0.3186 0.3286 
         213  1 0.3445 0.3347 0.3208 
         214  1 0.3252 0.3387 0.3361 
         215  1 0.3165 0.3393 0.3442 
         216  1 0.3243 0.3419 0.3337 
         217  1 0.3250 0.3381 0.3369 
         218  1 0.3146 0.3553 0.3301 
         219  1 0.3391 0.3277 0.3332 
         220  1 0.3405 0.3328 0.3267 
         221  1 0.3451 0.3274 0.3275 
         222  1 0.3427 0.3248 0.3325 
         223  1 0.3333 0.3340 0.3327 
         224  1 0.3229 0.3416 0.3355 
         225  1 0.3130 0.3525 0.3346 
         226  1 0.3327 0.3358 0.3314 
         227  1 0.3241 0.3405 0.3354 
         228  1 0.3402 0.3236 0.3362 
         229  1 0.3114 0.3539 0.3347 
         230  1 0.3156 0.3422 0.3422 
         231  1 0.3295 0.3377 0.3329 
         232  1 0.3095 0.3484 0.3422 
         233  1 0.3460 0.3217 0.3323 
         234  1 0.3560 0.3189 0.3250 
         235  1 0.3207 0.3361 0.3432 
         236  1 0.3268 0.3350 0.3382 
         237  1 0.3293 0.3403 0.3305 
         238  1 0.3390 0.3278 0.3332 
         239  1 0.3156 0.3563 0.3281 
         240  1 0.3075 0.3494 0.3431 
         241  1 0.3255 0.3319 0.3425 
         242  1 0.3127 0.3438 0.3435 
         243  1 0.3130 0.3476 0.3394 
         244  1 0.3301 0.3297 0.3402 
         245  1 0.3165 0.3492 0.3343 
         246  1 0.3369 0.3340 0.3291 
