           1  1 0.2053 0.2168 0.2044 0.1686 0.2049 
           2  1 0.2080 0.2111 0.2042 0.1699 0.2067 
           3  1 0.2117 0.1991 0.2014 0.1809 0.2069 
           4  1 0.1995 0.1983 0.2116 0.1836 0.2070 
           5  1 0.2074 0.1971 0.2151 0.1769 0.2035 
           6  1 0.1967 0.2288 0.2039 0.1704 0.2002 
           7  1 0.1963 0.1864 0.1916 0.2342 0.1915 
           8  1 0.2083 0.2069 0.2104 0.1633 0.2111 
           9  1 0.2039 0.1997 0.1986 0.1972 0.2005 
          10  1 0.2100 0.2034 0.2082 0.1675 0.2110 
          11  1 0.2107 0.2069 0.1953 0.1857 0.2013 
          12  1 0.2040 0.2149 0.2024 0.1723 0.2064 
          13  1 0.2052 0.2054 0.2065 0.1702 0.2127 
          14  1 0.1903 0.1864 0.1883 0.2416 0.1934 
          15  1 0.2070 0.1918 0.1996 0.1998 0.2019 
          16  1 0.2010 0.1850 0.1893 0.2300 0.1948 
          17  1 0.2065 0.2042 0.2036 0.1786 0.2070 
          18  1 0.2049 0.1942 0.1988 0.1954 0.2068 
          19  1 0.2071 0.2108 0.1966 0.1819 0.2037 
          20  1 0.2041 0.2035 0.2054 0.1876 0.1994 
          21  1 0.1905 0.1939 0.2068 0.2175 0.1913 
          22  1 0.2028 0.1883 0.1926 0.2211 0.1952 
          23  1 0.2033 0.2079 0.2048 0.1789 0.2051 
          24  1 0.1721 0.1781 0.1937 0.2856 0.1705 
          25  1 0.1970 0.2012 0.1979 0.2117 0.1922 
          26  1 0.1983 0.2197 0.2069 0.1742 0.2010 
          27  1 0.2017 0.2244 0.2015 0.1725 0.1998 
          28  1 0.2034 0.1916 0.1890 0.2227 0.1934 
          29  1 0.2009 0.2027 0.1994 0.1950 0.2020 
          30  1 0.1984 0.1866 0.1916 0.2369 0.1866 
          31  1 0.2049 0.2018 0.2063 0.1769 0.2101 
          32  1 0.2079 0.2017 0.1984 0.1901 0.2018 
          33  1 0.2048 0.1920 0.1999 0.2009 0.2024 
          34  1 0.2078 0.2007 0.2032 0.1787 0.2096 
          35  1 0.2055 0.2019 0.1988 0.1842 0.2095 
          36  1 0.1967 0.2157 0.2012 0.1902 0.1962 
          37  1 0.2089 0.2033 0.2040 0.1691 0.2147 
          38  1 0.2053 0.2100 0.2041 0.1679 0.2128 
          39  1 0.1814 0.1859 0.2015 0.2490 0.1821 
          40  1 0.2017 0.2133 0.2081 0.1686 0.2083 
          41  1 0.2034 0.1978 0.1987 0.1993 0.2009 
          42  1 0.2106 0.1941 0.1987 0.1929 0.2038 
          43  1 0.1952 0.1958 0.2020 0.2061 0.2010 
          44  1 0.1999 0.1970 0.1996 0.2006 0.2029 
          45  1 0.1898 0.1817 0.1854 0.2597 0.1833 
          46  1 0.2118 0.2077 0.1993 0.1802 0.2009 
          47  1 0.1992 0.1966 0.1989 0.2049 0.2005 
          48  1 0.1989 0.2239 0.2042 0.1770 0.1961 
          49  1 0.2026 0.2140 0.2019 0.1792 0.2023 
          50  1 0.2025 0.2058 0.2032 0.1803 0.2083 
          51  1 0.1820 0.1815 0.2097 0.2420 0.1848 
          52  1 0.1859 0.1835 0.1928 0.2543 0.1835 
          53  1 0.2050 0.1994 0.2021 0.1941 0.1995 
          54  1 0.2055 0.1938 0.2020 0.1961 0.2027 
          55  1 0.2036 0.2224 0.2025 0.1672 0.2043 
          56  1 0.2018 0.1979 0.2050 0.1948 0.2004 
          57  1 0.1887 0.1772 0.1886 0.2660 0.1796 
          58  1 0.1717 0.1720 0.1926 0.2934 0.1703 
          59  1 0.2031 0.2104 0.2044 0.1729 0.2091 
          60  1 0.2105 0.2140 0.1993 0.1724 0.2038 
          61  1 0.2035 0.2035 0.1982 0.1817 0.2130 
          62  1 0.1846 0.1787 0.1908 0.2599 0.1860 
          63  1 0.1775 0.1852 0.2025 0.2556 0.1792 
          64  1 0.1969 0.2094 0.2021 0.1851 0.2066 
          65  1 0.2041 0.1914 0.1994 0.2012 0.2039 
          66  1 0.1848 0.1824 0.1945 0.2534 0.1849 
          67  1 0.2094 0.1945 0.1971 0.1960 0.2031 
          68  1 0.2072 0.2015 0.1989 0.1852 0.2072 
          69  1 0.2074 0.2107 0.2048 0.1646 0.2125 
          70  1 0.2099 0.1980 0.1982 0.1925 0.2015 
          71  1 0.2019 0.2069 0.2037 0.1782 0.2094 
          72  1 0.2088 0.2030 0.2129 0.1709 0.2044 
          73  1 0.1989 0.2133 0.2008 0.1848 0.2022 
          74  1 0.1841 0.1748 0.1897 0.2698 0.1816 
          75  1 0.2056 0.2030 0.2020 0.1778 0.2116 
          76  1 0.2106 0.1989 0.2019 0.1779 0.2107 
          77  1 0.2077 0.2111 0.2017 0.1752 0.2044 
          78  1 0.2068 0.1981 0.2040 0.1885 0.2026 
          79  1 0.2058 0.2140 0.2007 0.1763 0.2031 
          80  1 0.2035 0.1985 0.1948 0.2050 0.1983 
          81  1 0.1938 0.1970 0.2038 0.2087 0.1968 
          82  1 0.2025 0.2087 0.2001 0.1851 0.2036 
          83  1 0.2017 0.2019 0.2013 0.1923 0.2028 
          84  1 0.1994 0.1985 0.2008 0.2030 0.1983 
          85  1 0.1978 0.1971 0.1968 0.2141 0.1943 
          86  1 0.1931 0.1859 0.1908 0.2426 0.1875 
          87  1 0.2068 0.1980 0.2013 0.1863 0.2075 
          88  1 0.1984 0.1948 0.1949 0.2132 0.1987 
          89  1 0.2070 0.1938 0.1964 0.2016 0.2013 
          90  1 0.2047 0.2116 0.2042 0.1752 0.2043 
          91  1 0.1994 0.2144 0.2108 0.1743 0.2012 
          92  1 0.1989 0.1897 0.1885 0.2263 0.1966 
          93  1 0.2044 0.2055 0.2002 0.1802 0.2097 
          94  1 0.2047 0.2005 0.1939 0.2011 0.1998 
          95  1 0.2054 0.2057 0.2030 0.1835 0.2025 
          96  1 0.1968 0.1961 0.1985 0.2098 0.1987 
          97  1 0.2021 0.1960 0.1942 0.2081 0.1996 
          98  1 0.2078 0.2144 0.2060 0.1637 0.2083 
          99  1 0.2099 0.2104 0.2084 0.1665 0.2049 
         100  1 0.2034 0.2057 0.2048 0.1816 0.2044 
         101  1 0.1932 0.1857 0.1984 0.2317 0.1910 
         102  1 0.1983 0.2078 0.2051 0.1929 0.1959 
         103  1 0.1907 0.1859 0.2011 0.2321 0.1902 
         104  1 0.1898 0.1946 0.2045 0.2175 0.1936 
         105  1 0.2032 0.1962 0.2009 0.2005 0.1992 
         106  1 0.1897 0.1839 0.2034 0.2311 0.1918 
         107  1 0.2013 0.2086 0.2019 0.1852 0.2031 
         108  1 0.2055 0.1944 0.2046 0.1905 0.2050 
         109  1 0.2048 0.2000 0.1993 0.1902 0.2057 
         110  1 0.1946 0.1990 0.2029 0.2049 0.1987 
         111  1 0.1961 0.1995 0.1975 0.2115 0.1953 
         112  1 0.2061 0.2066 0.2097 0.1693 0.2082 
         113  1 0.2001 0.1923 0.1882 0.2280 0.1914 
         114  1 0.2105 0.2011 0.1995 0.1826 0.2064 
         115  1 0.2062 0.1898 0.1965 0.2069 0.2006 
         116  1 0.2071 0.1977 0.2001 0.1896 0.2055 
         117  1 0.2051 0.2090 0.2005 0.1805 0.2049 
         118  1 0.2011 0.2059 0.2031 0.1811 0.2087 
         119  1 0.2044 0.2128 0.1992 0.1774 0.2063 
         120  1 0.1874 0.1845 0.2020 0.2379 0.1881 
         121  1 0.2030 0.2041 0.2071 0.1788 0.2070 
         122  1 0.2078 0.2019 0.1948 0.1873 0.2081 
         123  1 0.2099 0.1968 0.1987 0.1884 0.2062 
         124  1 0.2048 0.2101 0.2003 0.1787 0.2061 
         125  1 0.1867 0.1895 0.2024 0.2241 0.1974 
         126  1 0.2073 0.2000 0.2040 0.1759 0.2128 
         127  1 0.1997 0.2101 0.2090 0.1743 0.2069 
         128  1 0.2108 0.2125 0.2005 0.1664 0.2098 
         129  1 0.2018 0.1959 0.2051 0.1945 0.2028 
         130  1 0.2028 0.2046 0.2042 0.1852 0.2031 
         131  1 0.2042 0.1988 0.1970 0.1912 0.2088 
         132  1 0.2016 0.2151 0.2034 0.1671 0.2128 
         133  1 0.1987 0.1928 0.1983 0.2132 0.1969 
         134  1 0.2069 0.2005 0.2039 0.1826 0.2061 
         135  1 0.1939 0.1885 0.1988 0.2258 0.1929 
         136  1 0.2038 0.1971 0.2083 0.1815 0.2093 
         137  1 0.2023 0.1893 0.1903 0.2281 0.1900 
         138  1 0.2021 0.1980 0.2029 0.1916 0.2054 
         139  1 0.2022 0.2092 0.2025 0.1850 0.2010 
         140  1 0.2039 0.2155 0.2033 0.1711 0.2061 
         141  1 0.2145 0.1931 0.2073 0.1785 0.2065 
         142  1 0.2101 0.2081 0.2021 0.1704 0.2094 
         143  1 0.2005 0.2141 0.2044 0.1764 0.2045 
         144  1 0.2041 0.2025 0.2003 0.1880 0.2051 
         145  1 0.2002 0.1935 0.1986 0.2060 0.2016 
         146  1 0.1976 0.2226 0.2063 0.1692 0.2043 
         147  1 0.1979 0.1979 0.2002 0.1984 0.2056 
         148  1 0.2032 0.2048 0.2037 0.1820 0.2064 
         149  1 0.2062 0.2092 0.2074 0.1675 0.2097 
         150  1 0.1998 0.2082 0.2053 0.1846 0.2021 
         151  1 0.2027 0.2163 0.2006 0.1781 0.2022 
         152  1 0.2004 0.2098 0.2060 0.1713 0.2124 
         153  1 0.2026 0.2031 0.2024 0.1875 0.2044 
         154  1 0.2041 0.1980 0.1974 0.2014 0.1991 
         155  1 0.2037 0.2053 0.1943 0.1943 0.2024 
         156  1 0.1908 0.1818 0.1909 0.2513 0.1852 
         157  1 0.1937 0.1870 0.1895 0.2424 0.1874 
         158  1 0.2121 0.2070 0.2029 0.1684 0.2095 
         159  1 0.2096 0.2117 0.2087 0.1644 0.2056 
         160  1 0.2009 0.2003 0.2144 0.1786 0.2057 
         161  1 0.2043 0.2071 0.2060 0.1770 0.2056 
         162  1 0.2041 0.2051 0.1962 0.1844 0.2101 
         163  1 0.1949 0.2018 0.2014 0.2047 0.1971 
         164  1 0.2064 0.2016 0.2005 0.1832 0.2082 
         165  1 0.1987 0.1888 0.1928 0.2254 0.1942 
         166  1 0.2127 0.2000 0.2027 0.1778 0.2067 
         167  1 0.1917 0.1845 0.1942 0.2423 0.1872 
         168  1 0.2077 0.2118 0.2027 0.1674 0.2105 
         169  1 0.2043 0.2001 0.2039 0.1856 0.2061 
         170  1 0.2056 0.2043 0.2058 0.1800 0.2044 
         171  1 0.1955 0.2256 0.2085 0.1622 0.2081 
         172  1 0.2034 0.2074 0.1997 0.1887 0.2008 
         173  1 0.2083 0.2041 0.2080 0.1727 0.2069 
         174  1 0.2036 0.2083 0.2030 0.1746 0.2104 
         175  1 0.2092 0.2082 0.2014 0.1747 0.2065 
         176  1 0.2063 0.2057 0.2003 0.1862 0.2016 
         177  1 0.2002 0.2086 0.1991 0.1879 0.2043 
         178  1 0.2014 0.1880 0.1962 0.2188 0.1956 
         179  1 0.1944 0.2315 0.2069 0.1606 0.2066 
         180  1 0.2000 0.2083 0.2037 0.1845 0.2035 
         181  1 0.1996 0.1991 0.1979 0.2027 0.2007 
         182  1 0.2014 0.2133 0.2035 0.1831 0.1987 
         183  1 0.2012 0.2035 0.1985 0.1976 0.1992 
         184  1 0.2001 0.2127 0.2047 0.1743 0.2082 
         185  1 0.2072 0.1968 0.1984 0.1905 0.2071 
         186  1 0.1982 0.2019 0.2019 0.1956 0.2025 
         187  1 0.1979 0.1873 0.2069 0.2133 0.1946 
         188  1 0.2024 0.2123 0.2030 0.1761 0.2063 
         189  1 0.1957 0.1752 0.1792 0.2670 0.1828 
         190  1 0.2023 0.2005 0.2003 0.1947 0.2022 
         191  1 0.1973 0.2085 0.2023 0.1885 0.2034 
         192  1 0.2028 0.2025 0.2033 0.1882 0.2032 
         193  1 0.2031 0.2105 0.1989 0.1826 0.2048 
         194  1 0.2074 0.2016 0.2033 0.1795 0.2081 
         195  1 0.2067 0.2026 0.2101 0.1720 0.2086 
         196  1 0.2086 0.2146 0.1990 0.1725 0.2054 
         197  1 0.1985 0.2007 0.1998 0.1988 0.2022 
         198  1 0.2045 0.2133 0.2039 0.1710 0.2072 
         199  1 0.1990 0.2028 0.2078 0.1867 0.2037 
         200  1 0.2073 0.2128 0.1984 0.1807 0.2008 
         201  1 0.2005 0.2061 0.1995 0.1933 0.2007 
         202  1 0.1962 0.1980 0.2035 0.2064 0.1959 
         203  1 0.2016 0.2277 0.2032 0.1636 0.2039 
         204  1 0.2053 0.2029 0.2080 0.1694 0.2145 
         205  1 0.1556 0.1538 0.1804 0.3574 0.1528 
         206  1 0.2020 0.2166 0.2084 0.1623 0.2107 
         207  1 0.2113 0.1977 0.2086 0.1752 0.2071 
         208  1 0.1567 0.1528 0.1822 0.3557 0.1526 
         209  1 0.2070 0.2004 0.2079 0.1798 0.2049 
         210  1 0.1969 0.2067 0.2080 0.1878 0.2006 
         211  1 0.2020 0.2100 0.2121 0.1682 0.2077 
         212  1 0.2066 0.2086 0.2086 0.1708 0.2055 
         213  1 0.2048 0.2000 0.2025 0.1836 0.2091 
         214  1 0.1975 0.2040 0.2030 0.1983 0.1972 
         215  1 0.2061 0.2109 0.1967 0.1788 0.2075 
         216  1 0.1987 0.1924 0.1948 0.2179 0.1962 
         217  1 0.1846 0.1793 0.1932 0.2591 0.1838 
         218  1 0.2003 0.1863 0.1870 0.2343 0.1920 
         219  1 0.2052 0.1969 0.1987 0.1943 0.2049 
         220  1 0.1993 0.2047 0.2014 0.1962 0.1985 
         221  1 0.1982 0.1923 0.2011 0.2106 0.1979 
         222  1 0.2090 0.2010 0.2032 0.1783 0.2086 
         223  1 0.1979 0.1995 0.1988 0.2032 0.2005 
         224  1 0.2080 0.1927 0.1931 0.2021 0.2041 
         225  1 0.1979 0.1804 0.1822 0.2546 0.1849 
         226  1 0.2024 0.1934 0.1975 0.2101 0.1966 
         227  1 0.2065 0.2102 0.2030 0.1769 0.2033 
         228  1 0.1970 0.1924 0.2004 0.2147 0.1955 
         229  1 0.2009 0.1874 0.1871 0.2323 0.1922 
         230  1 0.1951 0.1901 0.1951 0.2235 0.1963 
         231  1 0.2050 0.2000 0.1992 0.1992 0.1967 
         232  1 0.1827 0.1800 0.1875 0.2668 0.1830 
         233  1 0.2086 0.2038 0.2023 0.1772 0.2081 
         234  1 0.2073 0.2016 0.2023 0.1836 0.2052 
         235  1 0.1973 0.2070 0.2071 0.1893 0.1993 
         236  1 0.2010 0.2109 0.2073 0.1789 0.2020 
         237  1 0.2025 0.2218 0.2036 0.1618 0.2104 
         238  1 0.1992 0.1992 0.1991 0.1991 0.2033 
         239  1 0.1980 0.2064 0.1985 0.1912 0.2059 
         240  1 0.1984 0.2042 0.1958 0.2005 0.2010 
         241  1 0.1862 0.1770 0.1831 0.2691 0.1846 
         242  1 0.1720 0.1729 0.1819 0.3000 0.1733 
         243  1 0.1858 0.1806 0.1965 0.2497 0.1873 
         244  1 0.2033 0.2120 0.2071 0.1681 0.2094 
         245  1 0.2044 0.2016 0.1970 0.1909 0.2060 
         246  1 0.1938 0.1882 0.1914 0.2369 0.1897 
