           1  1 0.2507 0.2482 0.2486 0.2525 
           2  1 0.2443 0.2467 0.2548 0.2541 
           3  1 0.2436 0.2396 0.2598 0.2570 
           4  1 0.2243 0.2529 0.2656 0.2572 
           5  1 0.2282 0.2402 0.2725 0.2592 
           6  1 0.2698 0.2561 0.2342 0.2398 
           7  1 0.2625 0.2633 0.2341 0.2401 
           8  1 0.2225 0.2394 0.2761 0.2620 
           9  1 0.2611 0.2461 0.2445 0.2483 
          10  1 0.2425 0.2400 0.2645 0.2530 
          11  1 0.2584 0.2439 0.2501 0.2477 
          12  1 0.2525 0.2529 0.2486 0.2460 
          13  1 0.2352 0.2397 0.2655 0.2596 
          14  1 0.2531 0.2604 0.2403 0.2462 
          15  1 0.2362 0.2455 0.2602 0.2581 
          16  1 0.2453 0.2512 0.2526 0.2509 
          17  1 0.2384 0.2488 0.2586 0.2541 
          18  1 0.2408 0.2440 0.2555 0.2598 
          19  1 0.2579 0.2526 0.2419 0.2476 
          20  1 0.2474 0.2462 0.2552 0.2512 
          21  1 0.2488 0.2590 0.2408 0.2513 
          22  1 0.2543 0.2520 0.2497 0.2441 
          23  1 0.2503 0.2493 0.2507 0.2496 
          24  1 0.2593 0.2758 0.2262 0.2386 
          25  1 0.2615 0.2572 0.2388 0.2424 
          26  1 0.2557 0.2594 0.2444 0.2405 
          27  1 0.2586 0.2552 0.2443 0.2419 
          28  1 0.2629 0.2550 0.2380 0.2441 
          29  1 0.2562 0.2497 0.2439 0.2502 
          30  1 0.2599 0.2599 0.2346 0.2457 
          31  1 0.2321 0.2405 0.2683 0.2591 
          32  1 0.2515 0.2488 0.2498 0.2499 
          33  1 0.2447 0.2435 0.2553 0.2566 
          34  1 0.2447 0.2449 0.2564 0.2541 
          35  1 0.2526 0.2463 0.2495 0.2516 
          36  1 0.2673 0.2656 0.2310 0.2361 
          37  1 0.2282 0.2386 0.2780 0.2552 
          38  1 0.2491 0.2435 0.2542 0.2532 
          39  1 0.2517 0.2661 0.2352 0.2469 
          40  1 0.2545 0.2466 0.2505 0.2483 
          41  1 0.2502 0.2511 0.2524 0.2464 
          42  1 0.2367 0.2429 0.2640 0.2565 
          43  1 0.2469 0.2503 0.2516 0.2512 
          44  1 0.2499 0.2479 0.2518 0.2504 
          45  1 0.2570 0.2600 0.2395 0.2436 
          46  1 0.2439 0.2529 0.2489 0.2543 
          47  1 0.2606 0.2471 0.2450 0.2473 
          48  1 0.2682 0.2561 0.2340 0.2417 
          49  1 0.2553 0.2492 0.2468 0.2487 
          50  1 0.2467 0.2442 0.2569 0.2522 
          51  1 0.2465 0.2632 0.2429 0.2475 
          52  1 0.2557 0.2588 0.2392 0.2463 
          53  1 0.2540 0.2517 0.2456 0.2487 
          54  1 0.2388 0.2476 0.2627 0.2509 
          55  1 0.2599 0.2511 0.2426 0.2464 
          56  1 0.2434 0.2440 0.2564 0.2563 
          57  1 0.2498 0.2584 0.2399 0.2518 
          58  1 0.2549 0.2699 0.2298 0.2454 
          59  1 0.2497 0.2419 0.2554 0.2530 
          60  1 0.2580 0.2459 0.2490 0.2470 
          61  1 0.2417 0.2434 0.2584 0.2565 
          62  1 0.2624 0.2590 0.2355 0.2431 
          63  1 0.2579 0.2690 0.2300 0.2432 
          64  1 0.2543 0.2466 0.2464 0.2527 
          65  1 0.2505 0.2465 0.2504 0.2526 
          66  1 0.2573 0.2589 0.2398 0.2441 
          67  1 0.2429 0.2453 0.2582 0.2536 
          68  1 0.2548 0.2442 0.2481 0.2529 
          69  1 0.2572 0.2518 0.2476 0.2434 
          70  1 0.2512 0.2444 0.2510 0.2534 
          71  1 0.2492 0.2449 0.2528 0.2531 
          72  1 0.2280 0.2400 0.2770 0.2550 
          73  1 0.2576 0.2487 0.2485 0.2452 
          74  1 0.2479 0.2606 0.2457 0.2459 
          75  1 0.2375 0.2446 0.2691 0.2488 
          76  1 0.2391 0.2445 0.2613 0.2551 
          77  1 0.2663 0.2541 0.2376 0.2421 
          78  1 0.2299 0.2412 0.2700 0.2589 
          79  1 0.2563 0.2472 0.2479 0.2486 
          80  1 0.2455 0.2499 0.2537 0.2509 
          81  1 0.2437 0.2534 0.2487 0.2542 
          82  1 0.2645 0.2559 0.2390 0.2406 
          83  1 0.2422 0.2472 0.2571 0.2535 
          84  1 0.2602 0.2524 0.2436 0.2438 
          85  1 0.2594 0.2552 0.2407 0.2446 
          86  1 0.2617 0.2571 0.2384 0.2427 
          87  1 0.2370 0.2461 0.2586 0.2582 
          88  1 0.2477 0.2446 0.2526 0.2551 
          89  1 0.2527 0.2493 0.2470 0.2511 
          90  1 0.2571 0.2459 0.2487 0.2483 
          91  1 0.2411 0.2614 0.2505 0.2470 
          92  1 0.2530 0.2513 0.2469 0.2489 
          93  1 0.2462 0.2485 0.2556 0.2496 
          94  1 0.2651 0.2475 0.2402 0.2471 
          95  1 0.2545 0.2488 0.2484 0.2483 
          96  1 0.2517 0.2521 0.2480 0.2482 
          97  1 0.2682 0.2542 0.2379 0.2396 
          98  1 0.2440 0.2452 0.2562 0.2546 
          99  1 0.2381 0.2455 0.2620 0.2544 
         100  1 0.2340 0.2429 0.2711 0.2520 
         101  1 0.2509 0.2447 0.2510 0.2534 
         102  1 0.2593 0.2515 0.2440 0.2452 
         103  1 0.2456 0.2525 0.2514 0.2505 
         104  1 0.2459 0.2528 0.2499 0.2514 
         105  1 0.2534 0.2496 0.2457 0.2513 
         106  1 0.2296 0.2512 0.2625 0.2567 
         107  1 0.2628 0.2493 0.2427 0.2452 
         108  1 0.2483 0.2449 0.2530 0.2538 
         109  1 0.2453 0.2439 0.2587 0.2521 
         110  1 0.2426 0.2495 0.2533 0.2546 
         111  1 0.2517 0.2503 0.2469 0.2511 
         112  1 0.2282 0.2392 0.2727 0.2600 
         113  1 0.2654 0.2507 0.2399 0.2440 
         114  1 0.2613 0.2471 0.2447 0.2469 
         115  1 0.2549 0.2539 0.2460 0.2453 
         116  1 0.2480 0.2432 0.2547 0.2541 
         117  1 0.2573 0.2505 0.2447 0.2475 
         118  1 0.2466 0.2541 0.2497 0.2496 
         119  1 0.2535 0.2510 0.2501 0.2454 
         120  1 0.2501 0.2585 0.2430 0.2485 
         121  1 0.2450 0.2426 0.2613 0.2511 
         122  1 0.2450 0.2467 0.2553 0.2531 
         123  1 0.2515 0.2454 0.2504 0.2526 
         124  1 0.2514 0.2475 0.2497 0.2514 
         125  1 0.2425 0.2523 0.2550 0.2502 
         126  1 0.2308 0.2412 0.2739 0.2542 
         127  1 0.2528 0.2528 0.2470 0.2474 
         128  1 0.2382 0.2407 0.2648 0.2563 
         129  1 0.2220 0.2411 0.2721 0.2647 
         130  1 0.2581 0.2528 0.2424 0.2467 
         131  1 0.2400 0.2453 0.2602 0.2545 
         132  1 0.2451 0.2431 0.2595 0.2523 
         133  1 0.2512 0.2504 0.2471 0.2513 
         134  1 0.2421 0.2461 0.2563 0.2555 
         135  1 0.2422 0.2508 0.2522 0.2548 
         136  1 0.2366 0.2474 0.2629 0.2532 
         137  1 0.2459 0.2499 0.2528 0.2513 
         138  1 0.2354 0.2465 0.2624 0.2557 
         139  1 0.2476 0.2505 0.2501 0.2518 
         140  1 0.2589 0.2472 0.2470 0.2469 
         141  1 0.2165 0.2344 0.2869 0.2622 
         142  1 0.2432 0.2468 0.2564 0.2535 
         143  1 0.2537 0.2545 0.2446 0.2472 
         144  1 0.2522 0.2491 0.2455 0.2532 
         145  1 0.2310 0.2448 0.2693 0.2549 
         146  1 0.2647 0.2490 0.2419 0.2444 
         147  1 0.2498 0.2475 0.2513 0.2514 
         148  1 0.2343 0.2417 0.2619 0.2621 
         149  1 0.2312 0.2430 0.2652 0.2606 
         150  1 0.2534 0.2628 0.2421 0.2418 
         151  1 0.2581 0.2591 0.2397 0.2432 
         152  1 0.2474 0.2448 0.2564 0.2514 
         153  1 0.2476 0.2493 0.2495 0.2536 
         154  1 0.2426 0.2414 0.2582 0.2578 
         155  1 0.2573 0.2502 0.2473 0.2453 
         156  1 0.2557 0.2563 0.2413 0.2466 
         157  1 0.2717 0.2582 0.2308 0.2392 
         158  1 0.2447 0.2409 0.2589 0.2556 
         159  1 0.2320 0.2399 0.2693 0.2588 
         160  1 0.2332 0.2432 0.2663 0.2574 
         161  1 0.2432 0.2419 0.2618 0.2531 
         162  1 0.2511 0.2481 0.2531 0.2477 
         163  1 0.2460 0.2545 0.2434 0.2562 
         164  1 0.2425 0.2471 0.2555 0.2550 
         165  1 0.2478 0.2463 0.2529 0.2531 
         166  1 0.2401 0.2414 0.2645 0.2540 
         167  1 0.2564 0.2598 0.2371 0.2467 
         168  1 0.2403 0.2386 0.2616 0.2595 
         169  1 0.2374 0.2399 0.2646 0.2582 
         170  1 0.2450 0.2456 0.2573 0.2520 
         171  1 0.2668 0.2606 0.2345 0.2381 
         172  1 0.2518 0.2554 0.2446 0.2482 
         173  1 0.2290 0.2449 0.2702 0.2560 
         174  1 0.2469 0.2478 0.2538 0.2514 
         175  1 0.2502 0.2426 0.2542 0.2530 
         176  1 0.2450 0.2459 0.2579 0.2511 
         177  1 0.2572 0.2491 0.2431 0.2506 
         178  1 0.2461 0.2519 0.2518 0.2503 
         179  1 0.2681 0.2619 0.2314 0.2386 
         180  1 0.2514 0.2576 0.2434 0.2476 
         181  1 0.2324 0.2442 0.2655 0.2579 
         182  1 0.2627 0.2617 0.2340 0.2416 
         183  1 0.2596 0.2554 0.2385 0.2465 
         184  1 0.2470 0.2542 0.2497 0.2491 
         185  1 0.2375 0.2430 0.2640 0.2555 
         186  1 0.2466 0.2490 0.2492 0.2552 
         187  1 0.2379 0.2457 0.2594 0.2569 
         188  1 0.2540 0.2496 0.2461 0.2503 
         189  1 0.2686 0.2585 0.2306 0.2424 
         190  1 0.2497 0.2495 0.2507 0.2501 
         191  1 0.2556 0.2500 0.2458 0.2485 
         192  1 0.2577 0.2543 0.2406 0.2474 
         193  1 0.2583 0.2475 0.2446 0.2496 
         194  1 0.2393 0.2462 0.2598 0.2547 
         195  1 0.2220 0.2388 0.2810 0.2581 
         196  1 0.2506 0.2422 0.2519 0.2553 
         197  1 0.2532 0.2477 0.2469 0.2521 
         198  1 0.2688 0.2517 0.2376 0.2420 
         199  1 0.2546 0.2468 0.2473 0.2513 
         200  1 0.2686 0.2548 0.2349 0.2417 
         201  1 0.2554 0.2490 0.2460 0.2496 
         202  1 0.2448 0.2508 0.2549 0.2495 
         203  1 0.2613 0.2532 0.2477 0.2378 
         204  1 0.2231 0.2408 0.2759 0.2602 
         205  1 0.2671 0.2798 0.2181 0.2350 
         206  1 0.2400 0.2517 0.2573 0.2510 
         207  1 0.2345 0.2378 0.2706 0.2572 
         208  1 0.2671 0.2757 0.2205 0.2366 
         209  1 0.2399 0.2482 0.2616 0.2502 
         210  1 0.2516 0.2565 0.2476 0.2443 
         211  1 0.2311 0.2419 0.2679 0.2591 
         212  1 0.2309 0.2460 0.2654 0.2576 
         213  1 0.2443 0.2475 0.2576 0.2507 
         214  1 0.2518 0.2498 0.2439 0.2546 
         215  1 0.2592 0.2509 0.2437 0.2462 
         216  1 0.2539 0.2503 0.2436 0.2523 
         217  1 0.2499 0.2645 0.2381 0.2475 
         218  1 0.2617 0.2584 0.2311 0.2487 
         219  1 0.2413 0.2425 0.2602 0.2560 
         220  1 0.2482 0.2467 0.2538 0.2513 
         221  1 0.2381 0.2511 0.2577 0.2531 
         222  1 0.2471 0.2442 0.2579 0.2509 
         223  1 0.2499 0.2492 0.2502 0.2507 
         224  1 0.2445 0.2511 0.2504 0.2540 
         225  1 0.2695 0.2610 0.2286 0.2409 
         226  1 0.2454 0.2515 0.2497 0.2534 
         227  1 0.2612 0.2510 0.2405 0.2473 
         228  1 0.2484 0.2480 0.2536 0.2500 
         229  1 0.2561 0.2599 0.2376 0.2464 
         230  1 0.2538 0.2534 0.2441 0.2487 
         231  1 0.2452 0.2511 0.2485 0.2552 
         232  1 0.2656 0.2601 0.2304 0.2440 
         233  1 0.2421 0.2409 0.2614 0.2555 
         234  1 0.2378 0.2423 0.2614 0.2585 
         235  1 0.2584 0.2590 0.2385 0.2441 
         236  1 0.2513 0.2494 0.2496 0.2497 
         237  1 0.2618 0.2425 0.2467 0.2490 
         238  1 0.2461 0.2481 0.2514 0.2544 
         239  1 0.2655 0.2537 0.2390 0.2418 
         240  1 0.2603 0.2562 0.2391 0.2444 
         241  1 0.2529 0.2567 0.2426 0.2478 
         242  1 0.2625 0.2681 0.2322 0.2371 
         243  1 0.2563 0.2621 0.2355 0.2461 
         244  1 0.2514 0.2510 0.2492 0.2483 
         245  1 0.2607 0.2519 0.2439 0.2435 
         246  1 0.2529 0.2541 0.2428 0.2502 
