           1  1 0.0997 0.1311 0.0219 0.1013 0.1020 0.1265 0.1057 0.1174 0.0837 0.1107 
           2  1 0.1145 0.1140 0.0105 0.0893 0.1058 0.1364 0.1005 0.1112 0.1067 0.1112 
           3  1 0.1061 0.1198 0.0132 0.0848 0.1311 0.1236 0.0953 0.1076 0.0958 0.1227 
           4  1 0.0740 0.1006 0.1917 0.0680 0.1101 0.0971 0.0805 0.0930 0.0761 0.1089 
           5  1 0.0908 0.1111 0.0374 0.0767 0.1355 0.1112 0.0933 0.1162 0.0926 0.1351 
           6  1 0.1186 0.0827 0.0212 0.1408 0.0690 0.0906 0.1891 0.0839 0.1367 0.0674 
           7  1 0.1156 0.1054 0.0422 0.1128 0.1072 0.1089 0.0957 0.1070 0.1014 0.1037 
           8  1 0.1059 0.1124 0.0285 0.0714 0.1429 0.1071 0.0835 0.1190 0.0875 0.1418 
           9  1 0.1022 0.1167 0.0343 0.1124 0.1049 0.1127 0.0995 0.1001 0.1151 0.1022 
          10  1 0.1063 0.1226 0.0160 0.0804 0.1297 0.1140 0.0853 0.1097 0.0977 0.1383 
          11  1 0.1142 0.1111 0.0222 0.1163 0.1074 0.1154 0.0965 0.1071 0.0980 0.1118 
          12  1 0.1075 0.1060 0.0205 0.1100 0.0947 0.1142 0.1280 0.1047 0.1039 0.1106 
          13  1 0.1041 0.1078 0.0223 0.0885 0.1338 0.1187 0.0889 0.1156 0.0909 0.1295 
          14  1 0.1000 0.1013 0.0625 0.1107 0.0985 0.1068 0.0920 0.1127 0.1092 0.1063 
          15  1 0.1271 0.1144 0.0192 0.0987 0.1205 0.1097 0.0873 0.1069 0.1082 0.1079 
          16  1 0.1101 0.1108 0.0333 0.1141 0.1139 0.1073 0.0793 0.1156 0.1053 0.1104 
          17  1 0.0939 0.1212 0.0480 0.0832 0.1260 0.1088 0.0932 0.1149 0.0859 0.1249 
          18  1 0.1164 0.1160 0.0247 0.0907 0.1048 0.1297 0.1048 0.1066 0.0969 0.1094 
          19  1 0.1131 0.1131 0.0240 0.1095 0.1086 0.1220 0.0968 0.1114 0.0864 0.1150 
          20  1 0.1070 0.0987 0.0383 0.1214 0.1013 0.0916 0.1256 0.0928 0.1233 0.1002 
          21  1 0.0632 0.0684 0.3923 0.0629 0.0713 0.0649 0.0741 0.0686 0.0603 0.0740 
          22  1 0.1160 0.1042 0.0206 0.1546 0.0956 0.0977 0.0909 0.1039 0.1241 0.0925 
          23  1 0.1037 0.1081 0.0361 0.0961 0.1102 0.1092 0.1106 0.1127 0.1015 0.1118 
          24  1 0.0337 0.0326 0.7050 0.0326 0.0305 0.0338 0.0346 0.0324 0.0323 0.0323 
          25  1 0.1072 0.1026 0.1045 0.0887 0.1046 0.1112 0.1020 0.0975 0.0852 0.0966 
          26  1 0.1015 0.1294 0.0595 0.1020 0.0923 0.1255 0.0980 0.1071 0.0882 0.0965 
          27  1 0.1173 0.1249 0.0296 0.1177 0.0919 0.1317 0.1112 0.1014 0.0826 0.0918 
          28  1 0.1155 0.0931 0.0360 0.1456 0.0796 0.0827 0.1025 0.0951 0.1807 0.0691 
          29  1 0.1190 0.0900 0.0263 0.1243 0.0899 0.0940 0.1447 0.0892 0.1297 0.0929 
          30  1 0.1320 0.0946 0.0325 0.1525 0.0941 0.0854 0.0783 0.0965 0.1553 0.0788 
          31  1 0.1128 0.1168 0.0306 0.0697 0.1252 0.1258 0.0915 0.0974 0.0927 0.1374 
          32  1 0.1241 0.1051 0.0198 0.1252 0.1089 0.0945 0.0889 0.0990 0.1358 0.0987 
          33  1 0.1020 0.1190 0.0473 0.0845 0.1111 0.1247 0.0958 0.1047 0.0920 0.1189 
          34  1 0.1048 0.1131 0.0456 0.0983 0.1187 0.1063 0.0937 0.1107 0.0874 0.1216 
          35  1 0.1140 0.1224 0.0192 0.1018 0.1169 0.1018 0.0968 0.1095 0.0971 0.1204 
          36  1 0.1244 0.0786 0.0467 0.1424 0.0660 0.0907 0.1783 0.0775 0.1300 0.0653 
          37  1 0.1020 0.1035 0.0109 0.0930 0.1323 0.0993 0.1024 0.1154 0.1053 0.1359 
          38  1 0.1101 0.1076 0.0153 0.1019 0.1204 0.1242 0.0979 0.1130 0.0895 0.1200 
          39  1 0.0460 0.0453 0.5858 0.0420 0.0466 0.0482 0.0433 0.0441 0.0484 0.0502 
          40  1 0.1047 0.1236 0.0143 0.1105 0.0970 0.1285 0.0979 0.1260 0.0927 0.1048 
          41  1 0.1213 0.1008 0.0243 0.1518 0.0961 0.0883 0.1084 0.0931 0.1273 0.0884 
          42  1 0.1015 0.1108 0.0343 0.0866 0.1234 0.1210 0.0927 0.1115 0.0952 0.1230 
          43  1 0.0952 0.1050 0.1005 0.0804 0.1121 0.1121 0.0922 0.0948 0.0941 0.1137 
          44  1 0.1024 0.1283 0.0297 0.0988 0.1078 0.1195 0.0881 0.1226 0.0944 0.1086 
          45  1 0.1265 0.0970 0.0589 0.1397 0.0946 0.0820 0.0791 0.0922 0.1471 0.0829 
          46  1 0.0981 0.1048 0.0514 0.1002 0.1176 0.1157 0.1004 0.0986 0.1017 0.1115 
          47  1 0.1049 0.1126 0.0703 0.0952 0.1059 0.1169 0.0899 0.1098 0.0854 0.1091 
          48  1 0.1134 0.1240 0.0345 0.1188 0.0942 0.1221 0.1102 0.1016 0.0881 0.0931 
          49  1 0.1006 0.1062 0.0387 0.1085 0.1091 0.1103 0.0997 0.1211 0.1014 0.1045 
          50  1 0.0985 0.1120 0.0391 0.1011 0.1156 0.1101 0.1030 0.1103 0.0876 0.1227 
          51  1 0.0435 0.0428 0.6167 0.0336 0.0485 0.0451 0.0413 0.0439 0.0377 0.0468 
          52  1 0.1147 0.1017 0.1243 0.0836 0.1100 0.1001 0.0871 0.0893 0.0891 0.1002 
          53  1 0.1009 0.1047 0.0413 0.0993 0.1155 0.1105 0.1087 0.0960 0.1084 0.1145 
          54  1 0.1034 0.1160 0.0544 0.0876 0.1202 0.1194 0.0854 0.1012 0.0943 0.1180 
          55  1 0.0958 0.0936 0.0251 0.1260 0.0927 0.0987 0.1325 0.1264 0.1130 0.0962 
          56  1 0.0921 0.1154 0.1131 0.0722 0.1029 0.1114 0.0865 0.0958 0.0873 0.1234 
          57  1 0.1158 0.0982 0.0900 0.1026 0.0968 0.0899 0.0768 0.1053 0.1266 0.0982 
          58  1 0.0237 0.0237 0.7886 0.0243 0.0221 0.0225 0.0244 0.0224 0.0243 0.0238 
          59  1 0.1012 0.1169 0.0161 0.1097 0.1104 0.1088 0.1053 0.1174 0.1002 0.1142 
          60  1 0.1225 0.1090 0.0185 0.1144 0.0941 0.1282 0.1147 0.1025 0.0963 0.0996 
          61  1 0.1047 0.1122 0.0403 0.0882 0.1242 0.1119 0.0967 0.1069 0.0891 0.1259 
          62  1 0.0939 0.1038 0.1702 0.0804 0.0964 0.1020 0.0774 0.0946 0.0795 0.1016 
          63  1 0.0417 0.0402 0.6135 0.0425 0.0409 0.0468 0.0428 0.0466 0.0444 0.0406 
          64  1 0.0913 0.0925 0.0459 0.1066 0.0964 0.0873 0.1392 0.1150 0.1260 0.0998 
          65  1 0.1130 0.1252 0.0349 0.0833 0.1103 0.1125 0.0932 0.1145 0.0939 0.1190 
          66  1 0.1058 0.1105 0.0765 0.0942 0.1102 0.1055 0.0929 0.1069 0.0905 0.1070 
          67  1 0.1103 0.1167 0.0394 0.0961 0.1145 0.1101 0.0860 0.1114 0.0923 0.1232 
          68  1 0.1066 0.1108 0.0161 0.1112 0.1128 0.1173 0.0971 0.1097 0.1094 0.1091 
          69  1 0.0961 0.1024 0.0178 0.1197 0.0992 0.0941 0.1254 0.1305 0.1170 0.0979 
          70  1 0.1059 0.1069 0.0241 0.1086 0.1050 0.1185 0.1036 0.1087 0.1082 0.1105 
          71  1 0.1012 0.1155 0.0305 0.0914 0.1131 0.1077 0.1137 0.1088 0.1028 0.1152 
          72  1 0.1108 0.0956 0.0197 0.0976 0.1105 0.0919 0.1342 0.1017 0.1194 0.1187 
          73  1 0.0991 0.0868 0.0585 0.1249 0.0884 0.0858 0.1417 0.1143 0.1177 0.0826 
          74  1 0.0823 0.0831 0.2827 0.0642 0.0889 0.0891 0.0645 0.0838 0.0702 0.0913 
          75  1 0.1045 0.1208 0.0204 0.0953 0.1178 0.1177 0.1079 0.1090 0.0914 0.1152 
          76  1 0.1010 0.1118 0.0220 0.1048 0.1200 0.1206 0.0947 0.1040 0.1026 0.1183 
          77  1 0.1106 0.0993 0.0156 0.1376 0.0873 0.1028 0.1378 0.1048 0.1143 0.0900 
          78  1 0.0993 0.1074 0.0276 0.0844 0.1340 0.1181 0.0908 0.1137 0.0867 0.1380 
          79  1 0.1032 0.1096 0.0300 0.1171 0.0968 0.1088 0.1123 0.1110 0.1010 0.1102 
          80  1 0.1243 0.1093 0.0159 0.1178 0.1000 0.1047 0.0958 0.1058 0.1204 0.1061 
          81  1 0.0847 0.0915 0.1327 0.0973 0.0952 0.0904 0.1030 0.1026 0.1017 0.1009 
          82  1 0.1184 0.1109 0.0221 0.1117 0.1047 0.1130 0.1124 0.1044 0.0971 0.1052 
          83  1 0.0922 0.1030 0.1173 0.0786 0.1136 0.1183 0.0855 0.0987 0.0781 0.1148 
          84  1 0.1126 0.1106 0.0497 0.0921 0.1151 0.1147 0.1015 0.1043 0.0918 0.1075 
          85  1 0.0899 0.1000 0.0954 0.1170 0.0924 0.0906 0.1055 0.1008 0.1116 0.0967 
          86  1 0.1270 0.1014 0.0503 0.1226 0.1008 0.0974 0.0772 0.1055 0.1207 0.0973 
          87  1 0.1012 0.1124 0.0395 0.0886 0.1211 0.1202 0.0859 0.1138 0.0881 0.1292 
          88  1 0.1095 0.1080 0.0387 0.1083 0.1076 0.1083 0.1030 0.1077 0.1057 0.1033 
          89  1 0.1176 0.1052 0.0278 0.1167 0.1008 0.1065 0.1113 0.1029 0.1146 0.0967 
          90  1 0.1214 0.1053 0.0176 0.1105 0.1000 0.1137 0.1193 0.1018 0.1039 0.1066 
          91  1 0.0992 0.1080 0.1165 0.0816 0.0857 0.1182 0.0997 0.1002 0.0854 0.1056 
          92  1 0.1111 0.0970 0.0754 0.1337 0.0955 0.0905 0.0855 0.1040 0.1213 0.0860 
          93  1 0.1136 0.1187 0.0224 0.0963 0.1167 0.1126 0.0927 0.1139 0.0927 0.1203 
          94  1 0.1273 0.0909 0.0203 0.1432 0.0958 0.0843 0.0953 0.1049 0.1568 0.0813 
          95  1 0.1035 0.1102 0.0282 0.1051 0.1194 0.1232 0.0955 0.1060 0.0935 0.1154 
          96  1 0.1126 0.1201 0.0381 0.0955 0.1065 0.1136 0.0926 0.1080 0.1029 0.1100 
          97  1 0.1032 0.1223 0.0246 0.1343 0.1047 0.1043 0.0972 0.1073 0.1043 0.0977 
          98  1 0.1068 0.1207 0.0128 0.1103 0.1042 0.1161 0.0989 0.1190 0.0977 0.1134 
          99  1 0.1164 0.1113 0.0140 0.1026 0.1144 0.1255 0.1045 0.1020 0.0902 0.1192 
         100  1 0.1013 0.1105 0.0267 0.0949 0.1242 0.1166 0.1008 0.1042 0.0974 0.1235 
         101  1 0.0916 0.0944 0.1780 0.0726 0.1044 0.0997 0.0781 0.0912 0.0834 0.1066 
         102  1 0.1175 0.1286 0.0195 0.1047 0.0973 0.1226 0.0968 0.1070 0.1024 0.1036 
         103  1 0.0777 0.0962 0.2409 0.0593 0.0947 0.0869 0.0691 0.0965 0.0796 0.0990 
         104  1 0.1049 0.1062 0.1001 0.0764 0.1200 0.1061 0.0904 0.0951 0.0876 0.1133 
         105  1 0.1057 0.1149 0.0815 0.0967 0.1019 0.1257 0.0872 0.0993 0.0847 0.1023 
         106  1 0.0815 0.0804 0.2756 0.0572 0.1008 0.0892 0.0639 0.0807 0.0654 0.1052 
         107  1 0.1194 0.0938 0.0203 0.1289 0.0924 0.0915 0.1379 0.0935 0.1339 0.0884 
         108  1 0.1137 0.1141 0.0215 0.0864 0.1263 0.1125 0.0911 0.1138 0.1012 0.1193 
         109  1 0.1033 0.1086 0.0221 0.0972 0.1230 0.1200 0.0979 0.1085 0.1032 0.1161 
         110  1 0.0932 0.1068 0.1096 0.0816 0.1098 0.1147 0.0867 0.1005 0.0809 0.1162 
         111  1 0.1164 0.1101 0.0432 0.0894 0.1184 0.1136 0.0868 0.1092 0.0938 0.1192 
         112  1 0.1111 0.1180 0.0305 0.0842 0.1223 0.1176 0.0943 0.1132 0.0844 0.1245 
         113  1 0.1198 0.0941 0.0278 0.1320 0.1012 0.0953 0.0982 0.1001 0.1428 0.0887 
         114  1 0.0984 0.1196 0.0209 0.1029 0.1114 0.1155 0.1027 0.1112 0.0986 0.1187 
         115  1 0.0962 0.1213 0.0466 0.1224 0.1053 0.1049 0.0924 0.1151 0.0957 0.1000 
         116  1 0.1184 0.1029 0.0130 0.1220 0.1061 0.1045 0.1013 0.1091 0.1196 0.1031 
         117  1 0.1115 0.0947 0.0281 0.1194 0.0991 0.1017 0.1284 0.1015 0.1198 0.0958 
         118  1 0.1117 0.0855 0.0309 0.1210 0.0888 0.0908 0.1623 0.1022 0.1136 0.0931 
         119  1 0.1063 0.1105 0.0391 0.1069 0.1038 0.1178 0.1081 0.1107 0.0854 0.1113 
         120  1 0.0847 0.0897 0.2432 0.0725 0.0939 0.0940 0.0748 0.0829 0.0771 0.0872 
         121  1 0.1017 0.1141 0.0337 0.0877 0.1235 0.1115 0.0929 0.1168 0.0961 0.1221 
         122  1 0.1121 0.1082 0.0242 0.1179 0.1107 0.1019 0.1085 0.1058 0.1086 0.1020 
         123  1 0.1100 0.1015 0.0565 0.0953 0.1058 0.1114 0.1094 0.1008 0.0938 0.1156 
         124  1 0.1069 0.1035 0.0223 0.1121 0.1107 0.1076 0.1073 0.1154 0.1077 0.1064 
         125  1 0.1085 0.1091 0.0902 0.0744 0.1116 0.1142 0.0967 0.0944 0.0944 0.1064 
         126  1 0.1087 0.1134 0.0144 0.1064 0.1197 0.0915 0.1045 0.1227 0.0979 0.1209 
         127  1 0.0968 0.1001 0.0403 0.1137 0.0992 0.0978 0.1419 0.1015 0.1021 0.1065 
         128  1 0.1131 0.1119 0.0135 0.0972 0.1183 0.1225 0.0951 0.1150 0.0984 0.1149 
         129  1 0.1126 0.1030 0.0497 0.0857 0.1256 0.1092 0.0770 0.1105 0.0875 0.1391 
         130  1 0.1084 0.1150 0.0534 0.0981 0.1135 0.1121 0.0942 0.1048 0.0916 0.1089 
         131  1 0.1264 0.1098 0.0247 0.0990 0.1187 0.1022 0.0836 0.1072 0.1128 0.1155 
         132  1 0.1079 0.1178 0.0107 0.0969 0.1115 0.1271 0.0956 0.1207 0.0935 0.1183 
         133  1 0.1076 0.1016 0.0711 0.0944 0.1172 0.0996 0.0888 0.1051 0.1099 0.1048 
         134  1 0.0951 0.1029 0.0447 0.1073 0.1137 0.0981 0.1111 0.1130 0.0986 0.1155 
         135  1 0.0867 0.0969 0.1745 0.0610 0.1091 0.1000 0.0779 0.0965 0.0861 0.1112 
         136  1 0.1134 0.1212 0.0394 0.0787 0.1160 0.1205 0.0878 0.1129 0.0881 0.1220 
         137  1 0.1088 0.1022 0.0565 0.1144 0.1019 0.0955 0.0962 0.1086 0.1184 0.0975 
         138  1 0.0904 0.1056 0.0687 0.0863 0.1317 0.1077 0.0842 0.1142 0.0914 0.1199 
         139  1 0.0988 0.0986 0.0489 0.1063 0.1087 0.1007 0.1213 0.1094 0.1073 0.0999 
         140  1 0.1087 0.1019 0.0203 0.1070 0.1101 0.1100 0.1178 0.1049 0.1123 0.1071 
         141  1 0.0977 0.1134 0.0285 0.0714 0.1501 0.1153 0.0811 0.1136 0.0905 0.1385 
         142  1 0.1037 0.1148 0.0162 0.0886 0.1235 0.1171 0.0989 0.1136 0.1028 0.1208 
         143  1 0.1149 0.1288 0.0271 0.1014 0.0979 0.1097 0.1130 0.1068 0.0919 0.1085 
         144  1 0.1022 0.1016 0.0262 0.1131 0.1120 0.1096 0.1144 0.1028 0.1104 0.1075 
         145  1 0.1005 0.1039 0.0622 0.0951 0.1268 0.1026 0.0760 0.1059 0.1066 0.1204 
         146  1 0.1013 0.0808 0.0189 0.1390 0.0786 0.0785 0.1697 0.1188 0.1330 0.0815 
         147  1 0.1007 0.1157 0.0485 0.0873 0.1168 0.1121 0.0991 0.1019 0.1003 0.1177 
         148  1 0.0965 0.1103 0.0624 0.0904 0.1198 0.1123 0.0888 0.1100 0.0869 0.1226 
         149  1 0.1016 0.1144 0.0229 0.0912 0.1261 0.1153 0.1032 0.1060 0.0989 0.1204 
         150  1 0.0990 0.1174 0.0519 0.0994 0.0982 0.1162 0.1056 0.1183 0.0884 0.1056 
         151  1 0.1023 0.0970 0.0331 0.1170 0.0984 0.1199 0.1278 0.0990 0.1060 0.0994 
         152  1 0.1117 0.1260 0.0225 0.0945 0.1126 0.1172 0.0980 0.1037 0.0928 0.1211 
         153  1 0.1137 0.1063 0.0283 0.1133 0.1080 0.1045 0.1047 0.1023 0.1083 0.1107 
         154  1 0.1076 0.1087 0.0322 0.0978 0.1196 0.1183 0.0878 0.1100 0.1121 0.1059 
         155  1 0.1039 0.1224 0.0322 0.1062 0.1106 0.1066 0.1007 0.1121 0.0958 0.1096 
         156  1 0.0916 0.0920 0.1474 0.0864 0.1019 0.1037 0.0868 0.0948 0.0930 0.1025 
         157  1 0.1090 0.1082 0.0647 0.1149 0.0935 0.1052 0.1041 0.1033 0.1051 0.0921 
         158  1 0.1037 0.1217 0.0188 0.0874 0.1135 0.1232 0.0937 0.1164 0.0944 0.1272 
         159  1 0.1125 0.1154 0.0154 0.1054 0.1131 0.1338 0.0964 0.1007 0.0857 0.1215 
         160  1 0.1032 0.1063 0.0743 0.0817 0.1190 0.0996 0.1085 0.1041 0.0842 0.1191 
         161  1 0.1082 0.1160 0.0276 0.0908 0.1169 0.1209 0.0963 0.1170 0.0921 0.1143 
         162  1 0.1025 0.1007 0.0262 0.1002 0.1129 0.1129 0.1110 0.1090 0.1052 0.1193 
         163  1 0.0803 0.0843 0.1866 0.0863 0.0885 0.0939 0.1024 0.0902 0.0907 0.0968 
         164  1 0.1031 0.1125 0.0232 0.0972 0.1177 0.1151 0.0946 0.1171 0.1068 0.1127 
         165  1 0.1006 0.1121 0.0392 0.0885 0.1201 0.1029 0.0949 0.1185 0.0997 0.1235 
         166  1 0.0983 0.1188 0.0157 0.0917 0.1300 0.1140 0.0947 0.1226 0.0975 0.1166 
         167  1 0.1019 0.0914 0.1593 0.0987 0.0974 0.0877 0.0805 0.0877 0.1025 0.0930 
         168  1 0.0980 0.1212 0.0168 0.0972 0.1270 0.1036 0.1018 0.1195 0.0938 0.1210 
         169  1 0.1055 0.1192 0.0435 0.0818 0.1228 0.1091 0.0933 0.1091 0.0938 0.1219 
         170  1 0.1169 0.1193 0.0279 0.0860 0.1296 0.1175 0.0900 0.1075 0.0902 0.1151 
         171  1 0.0875 0.0209 0.0096 0.2182 0.0310 0.0307 0.2834 0.0893 0.2072 0.0221 
         172  1 0.1121 0.1084 0.0424 0.1053 0.1063 0.1048 0.1014 0.1073 0.1031 0.1089 
         173  1 0.0938 0.1145 0.0438 0.0902 0.1267 0.1083 0.0988 0.1007 0.0927 0.1304 
         174  1 0.1051 0.1200 0.0182 0.1088 0.1040 0.1119 0.1081 0.1099 0.1048 0.1091 
         175  1 0.1088 0.1111 0.0277 0.0852 0.1213 0.1186 0.0939 0.1170 0.0917 0.1248 
         176  1 0.1055 0.1091 0.0328 0.0945 0.1092 0.1126 0.1077 0.1219 0.0912 0.1155 
         177  1 0.0986 0.1000 0.0720 0.1112 0.0949 0.0971 0.1108 0.1204 0.1010 0.0941 
         178  1 0.0934 0.1000 0.0974 0.0858 0.1186 0.1004 0.0811 0.1130 0.0953 0.1152 
         179  1 0.0877 0.0235 0.0094 0.2162 0.0314 0.0293 0.2842 0.0874 0.2067 0.0243 
         180  1 0.1038 0.1065 0.0354 0.0985 0.1054 0.1101 0.1106 0.1186 0.1081 0.1029 
         181  1 0.1112 0.1079 0.0243 0.0936 0.1189 0.0976 0.0864 0.1079 0.1247 0.1275 
         182  1 0.1088 0.0871 0.0308 0.1446 0.0804 0.0862 0.1558 0.0884 0.1344 0.0836 
         183  1 0.1161 0.1098 0.0431 0.0999 0.1120 0.1241 0.0953 0.1066 0.0925 0.1005 
         184  1 0.0860 0.0875 0.0666 0.1066 0.0890 0.0967 0.1425 0.1171 0.1164 0.0916 
         185  1 0.1048 0.1240 0.0207 0.0847 0.1225 0.1139 0.0908 0.1230 0.0933 0.1222 
         186  1 0.0952 0.0865 0.1419 0.0980 0.0944 0.0949 0.1002 0.0917 0.0985 0.0985 
         187  1 0.0948 0.1013 0.1749 0.0692 0.1128 0.0927 0.0727 0.0944 0.0831 0.1042 
         188  1 0.1023 0.0820 0.0306 0.1295 0.0815 0.0827 0.1585 0.1129 0.1377 0.0824 
         189  1 0.1347 0.0901 0.0458 0.1740 0.0759 0.0724 0.0776 0.0972 0.1689 0.0636 
         190  1 0.1113 0.1047 0.0509 0.1014 0.0995 0.0974 0.1075 0.1014 0.1192 0.1067 
         191  1 0.1076 0.0950 0.0451 0.1141 0.0947 0.0890 0.1405 0.1083 0.1111 0.0946 
         192  1 0.1090 0.1297 0.0377 0.0941 0.1060 0.1101 0.0965 0.1108 0.0942 0.1118 
         193  1 0.1063 0.1130 0.0250 0.1139 0.1103 0.1147 0.0999 0.1120 0.0920 0.1129 
         194  1 0.1145 0.1169 0.0280 0.1050 0.1116 0.1051 0.0975 0.1142 0.0933 0.1139 
         195  1 0.1082 0.1078 0.0159 0.0815 0.1386 0.1153 0.0814 0.1119 0.1045 0.1349 
         196  1 0.1048 0.1060 0.0314 0.1155 0.0996 0.1224 0.1020 0.1103 0.0955 0.1126 
         197  1 0.0978 0.1116 0.0361 0.0972 0.1173 0.1180 0.1012 0.1031 0.1004 0.1173 
         198  1 0.1058 0.1244 0.0204 0.1193 0.0928 0.1132 0.1213 0.1106 0.0933 0.0989 
         199  1 0.1060 0.0920 0.0506 0.1166 0.0999 0.1025 0.1266 0.1058 0.1043 0.0957 
         200  1 0.1171 0.1053 0.0196 0.1239 0.0969 0.1382 0.1138 0.1005 0.0921 0.0925 
         201  1 0.1073 0.1116 0.0429 0.0952 0.1092 0.1188 0.0966 0.1062 0.0874 0.1247 
         202  1 0.0863 0.1080 0.0991 0.0851 0.1105 0.1104 0.0942 0.1030 0.0855 0.1180 
         203  1 0.1148 0.0882 0.0139 0.1362 0.0761 0.1034 0.1797 0.0857 0.1241 0.0779 
         204  1 0.0924 0.1150 0.0302 0.0736 0.1389 0.1069 0.0842 0.1221 0.0899 0.1469 
         205  1 0.0103 0.0102 0.9101 0.0097 0.0100 0.0101 0.0098 0.0101 0.0096 0.0102 
         206  1 0.1084 0.1142 0.0167 0.0998 0.1156 0.1150 0.1154 0.1091 0.0968 0.1091 
         207  1 0.1142 0.1093 0.0160 0.0991 0.1214 0.1123 0.0953 0.1164 0.0995 0.1166 
         208  1 0.0099 0.0104 0.9100 0.0094 0.0104 0.0104 0.0094 0.0098 0.0102 0.0100 
         209  1 0.0962 0.1046 0.0415 0.1058 0.1043 0.0999 0.1347 0.1013 0.1030 0.1086 
         210  1 0.0888 0.0898 0.1216 0.1031 0.0889 0.0893 0.1344 0.0879 0.1067 0.0894 
         211  1 0.1099 0.1159 0.0400 0.0835 0.1197 0.0973 0.0978 0.1106 0.0925 0.1327 
         212  1 0.1185 0.1068 0.0372 0.1219 0.1044 0.1112 0.1057 0.0931 0.0997 0.1015 
         213  1 0.1110 0.1035 0.0236 0.1232 0.1006 0.0884 0.1167 0.1118 0.1246 0.0966 
         214  1 0.1019 0.0965 0.0987 0.1064 0.0983 0.0928 0.1034 0.1049 0.0932 0.1040 
         215  1 0.1153 0.1264 0.0217 0.0979 0.1079 0.1107 0.1044 0.1042 0.0981 0.1134 
         216  1 0.1067 0.1043 0.1172 0.0834 0.1086 0.0977 0.0807 0.1049 0.0841 0.1122 
         217  1 0.0512 0.0523 0.5359 0.0515 0.0548 0.0502 0.0482 0.0524 0.0517 0.0518 
         218  1 0.1485 0.0892 0.0171 0.1650 0.0883 0.0784 0.0813 0.0948 0.1705 0.0668 
         219  1 0.1121 0.1210 0.0201 0.0875 0.1185 0.1179 0.0932 0.1091 0.1060 0.1147 
         220  1 0.1035 0.0939 0.1628 0.0834 0.1018 0.0946 0.0849 0.0998 0.0783 0.0969 
         221  1 0.1112 0.1041 0.0890 0.0893 0.1150 0.1019 0.0844 0.0977 0.0943 0.1132 
         222  1 0.1034 0.1097 0.0189 0.0878 0.1193 0.1154 0.1057 0.1151 0.0982 0.1264 
         223  1 0.0906 0.0919 0.1670 0.0938 0.0909 0.0933 0.0933 0.0931 0.0911 0.0950 
         224  1 0.1204 0.1033 0.0218 0.1292 0.1079 0.0991 0.0930 0.1065 0.1245 0.0942 
         225  1 0.1318 0.0829 0.0275 0.1845 0.0762 0.0726 0.0858 0.1011 0.1775 0.0601 
         226  1 0.1109 0.1007 0.0510 0.1030 0.1131 0.1090 0.0872 0.1023 0.1086 0.1141 
         227  1 0.0976 0.0864 0.0307 0.1200 0.0928 0.0898 0.1295 0.1174 0.1491 0.0867 
         228  1 0.1116 0.1122 0.0782 0.0761 0.1061 0.1122 0.0932 0.0990 0.0985 0.1127 
         229  1 0.1451 0.0862 0.0267 0.1678 0.0833 0.0776 0.0821 0.1072 0.1579 0.0662 
         230  1 0.1080 0.1051 0.0724 0.0939 0.1086 0.1120 0.0834 0.1115 0.0947 0.1104 
         231  1 0.1204 0.0932 0.0363 0.1142 0.1125 0.0948 0.0915 0.1005 0.1302 0.1063 
         232  1 0.0960 0.0864 0.1729 0.0852 0.1003 0.0939 0.0767 0.0947 0.0931 0.1008 
         233  1 0.1038 0.1114 0.0405 0.0938 0.1249 0.1194 0.0887 0.1017 0.0996 0.1163 
         234  1 0.0970 0.1074 0.0306 0.0896 0.1241 0.1126 0.0901 0.1158 0.1090 0.1237 
         235  1 0.1054 0.1164 0.0472 0.1081 0.1020 0.1129 0.1022 0.1098 0.0945 0.1014 
         236  1 0.1029 0.1121 0.0453 0.0981 0.1075 0.1176 0.1117 0.0994 0.0934 0.1117 
         237  1 0.1062 0.0951 0.0151 0.1163 0.0916 0.1050 0.1287 0.1405 0.1048 0.0967 
         238  1 0.1008 0.0955 0.0472 0.1059 0.1042 0.0966 0.1074 0.1089 0.1226 0.1108 
         239  1 0.0982 0.0610 0.0218 0.1649 0.0687 0.0690 0.1934 0.0929 0.1639 0.0662 
         240  1 0.1072 0.1066 0.0718 0.0979 0.1020 0.1184 0.0922 0.1104 0.0882 0.1053 
         241  1 0.1021 0.1012 0.1005 0.0912 0.1037 0.0984 0.0913 0.1082 0.1006 0.1026 
         242  1 0.0743 0.0553 0.4195 0.0643 0.0607 0.0635 0.0684 0.0588 0.0707 0.0646 
         243  1 0.0825 0.0758 0.3259 0.0684 0.0747 0.0812 0.0700 0.0717 0.0715 0.0784 
         244  1 0.0946 0.1005 0.0219 0.1224 0.0902 0.0925 0.1456 0.1162 0.1216 0.0946 
         245  1 0.1115 0.1015 0.0305 0.1037 0.1066 0.1162 0.1104 0.1170 0.0927 0.1099 
         246  1 0.1109 0.1094 0.0729 0.1008 0.1061 0.1087 0.0803 0.1078 0.0949 0.1083 
