           1  1 0.1328 0.0405 0.1267 0.1456 0.1523 0.1397 0.1214 0.1410 
           2  1 0.1406 0.0207 0.1227 0.1411 0.1641 0.1423 0.1291 0.1393 
           3  1 0.1383 0.0270 0.1453 0.1366 0.1405 0.1253 0.1512 0.1358 
           4  1 0.1316 0.2388 0.1187 0.1011 0.1192 0.0821 0.1148 0.0936 
           5  1 0.1719 0.0623 0.1442 0.1259 0.1456 0.0973 0.1455 0.1073 
           6  1 0.1263 0.0359 0.1203 0.1522 0.1117 0.1788 0.0959 0.1790 
           7  1 0.1214 0.0894 0.1269 0.1290 0.1192 0.1369 0.1473 0.1299 
           8  1 0.1693 0.0480 0.1511 0.1231 0.1437 0.1076 0.1478 0.1094 
           9  1 0.1286 0.0679 0.1306 0.1276 0.1403 0.1348 0.1482 0.1219 
          10  1 0.1584 0.0325 0.1350 0.1454 0.1472 0.1133 0.1421 0.1261 
          11  1 0.1402 0.0379 0.1374 0.1291 0.1471 0.1389 0.1367 0.1328 
          12  1 0.1346 0.0360 0.1249 0.1436 0.1268 0.1506 0.1135 0.1699 
          13  1 0.1544 0.0406 0.1383 0.1347 0.1509 0.1172 0.1422 0.1216 
          14  1 0.1196 0.0958 0.1275 0.1337 0.1285 0.1220 0.1315 0.1414 
          15  1 0.1336 0.0359 0.1479 0.1339 0.1268 0.1225 0.1606 0.1388 
          16  1 0.1260 0.0617 0.1482 0.1368 0.1269 0.1117 0.1565 0.1322 
          17  1 0.1546 0.0827 0.1280 0.1246 0.1440 0.1084 0.1362 0.1216 
          18  1 0.1397 0.0564 0.1219 0.1306 0.1582 0.1380 0.1336 0.1217 
          19  1 0.1246 0.0462 0.1258 0.1454 0.1416 0.1544 0.1339 0.1280 
          20  1 0.1280 0.0600 0.1346 0.1357 0.1364 0.1405 0.1361 0.1286 
          21  1 0.0926 0.4044 0.0867 0.0848 0.0867 0.0825 0.0805 0.0819 
          22  1 0.1080 0.0370 0.1545 0.1400 0.1242 0.1409 0.1595 0.1359 
          23  1 0.1388 0.0584 0.1319 0.1352 0.1437 0.1363 0.1161 0.1396 
          24  1 0.0415 0.7007 0.0415 0.0425 0.0434 0.0437 0.0408 0.0460 
          25  1 0.1295 0.1664 0.1096 0.1168 0.1248 0.1241 0.1086 0.1202 
          26  1 0.1195 0.0944 0.1102 0.1399 0.1272 0.1513 0.1107 0.1469 
          27  1 0.1284 0.0519 0.1172 0.1422 0.1241 0.1666 0.1147 0.1550 
          28  1 0.0876 0.0576 0.1561 0.1241 0.0973 0.1493 0.1666 0.1615 
          29  1 0.1364 0.0487 0.1304 0.1442 0.1315 0.1522 0.1176 0.1389 
          30  1 0.0937 0.0546 0.1512 0.1391 0.0932 0.1355 0.1752 0.1574 
          31  1 0.1525 0.0692 0.1422 0.1264 0.1455 0.1118 0.1403 0.1121 
          32  1 0.1103 0.0373 0.1609 0.1141 0.1140 0.1462 0.1670 0.1502 
          33  1 0.1469 0.0790 0.1374 0.1271 0.1319 0.1159 0.1387 0.1232 
          34  1 0.1359 0.0673 0.1371 0.1194 0.1373 0.1207 0.1471 0.1353 
          35  1 0.1316 0.0334 0.1369 0.1425 0.1465 0.1161 0.1429 0.1499 
          36  1 0.1182 0.0698 0.1129 0.1452 0.1046 0.1719 0.0965 0.1809 
          37  1 0.1566 0.0213 0.1638 0.1297 0.1361 0.1150 0.1445 0.1330 
          38  1 0.1401 0.0289 0.1351 0.1475 0.1463 0.1344 0.1338 0.1340 
          39  1 0.0571 0.6092 0.0553 0.0552 0.0587 0.0530 0.0579 0.0536 
          40  1 0.1352 0.0263 0.1254 0.1481 0.1614 0.1416 0.1259 0.1360 
          41  1 0.1158 0.0419 0.1444 0.1473 0.1144 0.1290 0.1467 0.1605 
          42  1 0.1333 0.0735 0.1511 0.1193 0.1269 0.1179 0.1512 0.1268 
          43  1 0.1364 0.1456 0.1234 0.1169 0.1307 0.1079 0.1231 0.1159 
          44  1 0.1320 0.0530 0.1198 0.1433 0.1416 0.1290 0.1460 0.1352 
          45  1 0.0889 0.0877 0.1464 0.1305 0.0929 0.1288 0.1617 0.1631 
          46  1 0.1381 0.0809 0.1391 0.1163 0.1294 0.1309 0.1324 0.1328 
          47  1 0.1356 0.1195 0.1114 0.1283 0.1390 0.1239 0.1254 0.1170 
          48  1 0.1318 0.0551 0.1251 0.1381 0.1293 0.1628 0.1041 0.1537 
          49  1 0.1390 0.0630 0.1283 0.1309 0.1335 0.1389 0.1344 0.1319 
          50  1 0.1539 0.0670 0.1304 0.1319 0.1434 0.1231 0.1306 0.1197 
          51  1 0.0577 0.6296 0.0524 0.0508 0.0631 0.0456 0.0509 0.0498 
          52  1 0.1211 0.2073 0.1134 0.1151 0.1170 0.1005 0.1192 0.1064 
          53  1 0.1301 0.0767 0.1282 0.1241 0.1371 0.1449 0.1260 0.1329 
          54  1 0.1410 0.0830 0.1355 0.1206 0.1346 0.1122 0.1428 0.1303 
          55  1 0.1241 0.0426 0.1172 0.1513 0.1380 0.1717 0.1103 0.1447 
          56  1 0.1434 0.1650 0.1189 0.1121 0.1288 0.1094 0.1138 0.1086 
          57  1 0.1096 0.1469 0.1410 0.1111 0.1004 0.1150 0.1485 0.1275 
          58  1 0.0333 0.7675 0.0319 0.0341 0.0352 0.0323 0.0340 0.0319 
          59  1 0.1321 0.0310 0.1310 0.1517 0.1476 0.1351 0.1314 0.1401 
          60  1 0.1466 0.0336 0.1268 0.1374 0.1408 0.1544 0.1206 0.1396 
          61  1 0.1441 0.0731 0.1329 0.1293 0.1417 0.1219 0.1354 0.1217 
          62  1 0.1115 0.2432 0.1083 0.1129 0.1142 0.1040 0.1095 0.0963 
          63  1 0.0476 0.6313 0.0566 0.0528 0.0555 0.0516 0.0496 0.0551 
          64  1 0.1268 0.0743 0.1256 0.1531 0.1343 0.1506 0.1163 0.1190 
          65  1 0.1436 0.0623 0.1330 0.1379 0.1423 0.1248 0.1388 0.1174 
          66  1 0.1319 0.1461 0.1221 0.1336 0.1229 0.1076 0.1190 0.1166 
          67  1 0.1418 0.0751 0.1320 0.1324 0.1338 0.1185 0.1445 0.1220 
          68  1 0.1235 0.0316 0.1395 0.1349 0.1327 0.1426 0.1556 0.1396 
          69  1 0.1318 0.0304 0.1273 0.1524 0.1407 0.1625 0.1151 0.1398 
          70  1 0.1295 0.0417 0.1415 0.1307 0.1344 0.1468 0.1378 0.1376 
          71  1 0.1428 0.0563 0.1341 0.1331 0.1361 0.1314 0.1370 0.1293 
          72  1 0.1452 0.0378 0.1555 0.1213 0.1340 0.1269 0.1419 0.1375 
          73  1 0.1270 0.0861 0.1202 0.1437 0.1379 0.1503 0.1039 0.1309 
          74  1 0.1015 0.3530 0.0920 0.0869 0.1051 0.0837 0.0943 0.0836 
          75  1 0.1462 0.0347 0.1422 0.1247 0.1437 0.1164 0.1585 0.1335 
          76  1 0.1360 0.0411 0.1470 0.1353 0.1372 0.1219 0.1458 0.1357 
          77  1 0.1281 0.0288 0.1318 0.1429 0.1341 0.1574 0.1263 0.1507 
          78  1 0.1631 0.0531 0.1461 0.1137 0.1372 0.1184 0.1545 0.1139 
          79  1 0.1327 0.0547 0.1253 0.1431 0.1464 0.1471 0.1197 0.1308 
          80  1 0.1327 0.0312 0.1568 0.1270 0.1210 0.1273 0.1622 0.1419 
          81  1 0.1183 0.1611 0.1263 0.1173 0.1268 0.1098 0.1236 0.1169 
          82  1 0.1368 0.0413 0.1238 0.1379 0.1267 0.1463 0.1346 0.1525 
          83  1 0.1364 0.1669 0.1184 0.1147 0.1231 0.1090 0.1201 0.1114 
          84  1 0.1392 0.0839 0.1268 0.1298 0.1409 0.1342 0.1223 0.1229 
          85  1 0.1109 0.1325 0.1249 0.1281 0.1233 0.1338 0.1236 0.1228 
          86  1 0.1073 0.0847 0.1292 0.1340 0.1112 0.1331 0.1608 0.1397 
          87  1 0.1449 0.0634 0.1466 0.1176 0.1287 0.1261 0.1470 0.1257 
          88  1 0.1296 0.0669 0.1386 0.1371 0.1348 0.1295 0.1321 0.1315 
          89  1 0.1259 0.0456 0.1372 0.1315 0.1312 0.1375 0.1469 0.1441 
          90  1 0.1300 0.0330 0.1314 0.1438 0.1409 0.1594 0.1230 0.1385 
          91  1 0.1244 0.1503 0.0998 0.1268 0.1244 0.1257 0.1085 0.1401 
          92  1 0.1035 0.0961 0.1448 0.1276 0.1091 0.1312 0.1512 0.1365 
          93  1 0.1434 0.0428 0.1357 0.1298 0.1398 0.1284 0.1473 0.1328 
          94  1 0.0999 0.0343 0.1541 0.1350 0.1062 0.1520 0.1585 0.1600 
          95  1 0.1403 0.0538 0.1214 0.1367 0.1467 0.1411 0.1316 0.1284 
          96  1 0.1287 0.0740 0.1222 0.1290 0.1299 0.1364 0.1396 0.1402 
          97  1 0.1237 0.0423 0.1341 0.1383 0.1266 0.1408 0.1533 0.1410 
          98  1 0.1458 0.0237 0.1361 0.1486 0.1439 0.1373 0.1314 0.1332 
          99  1 0.1576 0.0296 0.1298 0.1407 0.1394 0.1459 0.1237 0.1332 
         100  1 0.1577 0.0481 0.1548 0.1299 0.1463 0.1176 0.1303 0.1152 
         101  1 0.1138 0.2659 0.1057 0.1016 0.1128 0.0970 0.1069 0.0963 
         102  1 0.1337 0.0441 0.1184 0.1536 0.1317 0.1346 0.1427 0.1412 
         103  1 0.1061 0.3000 0.1094 0.0907 0.0971 0.0870 0.1150 0.0947 
         104  1 0.1346 0.1570 0.1201 0.1161 0.1216 0.1117 0.1237 0.1153 
         105  1 0.1352 0.1319 0.1132 0.1230 0.1395 0.1255 0.1176 0.1141 
         106  1 0.1224 0.3270 0.1095 0.0903 0.0946 0.0698 0.1035 0.0830 
         107  1 0.1344 0.0401 0.1302 0.1444 0.1325 0.1550 0.1243 0.1392 
         108  1 0.1557 0.0446 0.1333 0.1285 0.1384 0.1225 0.1425 0.1344 
         109  1 0.1403 0.0461 0.1268 0.1468 0.1352 0.1268 0.1358 0.1422 
         110  1 0.1340 0.1598 0.1199 0.1134 0.1270 0.1087 0.1199 0.1174 
         111  1 0.1390 0.0922 0.1251 0.1295 0.1375 0.1163 0.1358 0.1245 
         112  1 0.1591 0.0591 0.1358 0.1328 0.1354 0.1180 0.1414 0.1185 
         113  1 0.1043 0.0468 0.1596 0.1337 0.1064 0.1341 0.1607 0.1544 
         114  1 0.1345 0.0376 0.1270 0.1432 0.1476 0.1297 0.1447 0.1357 
         115  1 0.1188 0.0756 0.1354 0.1333 0.1253 0.1280 0.1506 0.1330 
         116  1 0.1295 0.0261 0.1481 0.1413 0.1249 0.1335 0.1481 0.1483 
         117  1 0.1419 0.0459 0.1369 0.1398 0.1292 0.1453 0.1265 0.1345 
         118  1 0.1312 0.0516 0.1217 0.1412 0.1436 0.1525 0.1114 0.1467 
         119  1 0.1411 0.0633 0.1355 0.1282 0.1323 0.1452 0.1231 0.1314 
         120  1 0.1027 0.3369 0.0950 0.0933 0.0964 0.0850 0.0964 0.0942 
         121  1 0.1537 0.0615 0.1350 0.1263 0.1425 0.1166 0.1374 0.1270 
         122  1 0.1302 0.0372 0.1350 0.1320 0.1380 0.1307 0.1585 0.1385 
         123  1 0.1425 0.0855 0.1285 0.1205 0.1409 0.1240 0.1281 0.1299 
         124  1 0.1250 0.0404 0.1499 0.1340 0.1404 0.1422 0.1268 0.1412 
         125  1 0.1312 0.1718 0.1214 0.1191 0.1189 0.1072 0.1243 0.1061 
         126  1 0.1405 0.0264 0.1617 0.1338 0.1346 0.1146 0.1496 0.1388 
         127  1 0.1331 0.0666 0.1286 0.1379 0.1327 0.1257 0.1271 0.1483 
         128  1 0.1518 0.0252 0.1333 0.1313 0.1559 0.1428 0.1337 0.1260 
         129  1 0.1500 0.0791 0.1425 0.1181 0.1311 0.0941 0.1545 0.1306 
         130  1 0.1384 0.0792 0.1263 0.1333 0.1377 0.1270 0.1302 0.1279 
         131  1 0.1332 0.0420 0.1419 0.1335 0.1313 0.1339 0.1530 0.1312 
         132  1 0.1454 0.0223 0.1286 0.1538 0.1506 0.1336 0.1377 0.1278 
         133  1 0.1274 0.1097 0.1249 0.1217 0.1278 0.1149 0.1385 0.1351 
         134  1 0.1483 0.0780 0.1360 0.1243 0.1403 0.1275 0.1219 0.1236 
         135  1 0.1336 0.2135 0.1074 0.1107 0.1190 0.0941 0.1157 0.1061 
         136  1 0.1613 0.0741 0.1355 0.1290 0.1425 0.1056 0.1386 0.1134 
         137  1 0.1171 0.0798 0.1468 0.1300 0.1099 0.1254 0.1569 0.1340 
         138  1 0.1415 0.1017 0.1442 0.1164 0.1284 0.1058 0.1445 0.1175 
         139  1 0.1334 0.0808 0.1326 0.1226 0.1387 0.1417 0.1131 0.1372 
         140  1 0.1415 0.0372 0.1282 0.1490 0.1380 0.1386 0.1233 0.1442 
         141  1 0.1713 0.0540 0.1468 0.1110 0.1555 0.0964 0.1430 0.1219 
         142  1 0.1392 0.0300 0.1315 0.1325 0.1592 0.1375 0.1316 0.1386 
         143  1 0.1369 0.0470 0.1125 0.1453 0.1266 0.1508 0.1182 0.1628 
         144  1 0.1388 0.0477 0.1396 0.1410 0.1364 0.1295 0.1298 0.1371 
         145  1 0.1409 0.1008 0.1457 0.1155 0.1095 0.1003 0.1622 0.1252 
         146  1 0.1217 0.0360 0.1243 0.1530 0.1335 0.1773 0.1056 0.1487 
         147  1 0.1462 0.0817 0.1281 0.1239 0.1400 0.1200 0.1317 0.1284 
         148  1 0.1373 0.1141 0.1360 0.1262 0.1369 0.1095 0.1311 0.1088 
         149  1 0.1632 0.0428 0.1398 0.1162 0.1477 0.1210 0.1420 0.1271 
         150  1 0.1335 0.0823 0.1200 0.1351 0.1232 0.1388 0.1175 0.1497 
         151  1 0.1211 0.0578 0.1343 0.1329 0.1358 0.1572 0.1234 0.1375 
         152  1 0.1461 0.0482 0.1357 0.1360 0.1454 0.1270 0.1424 0.1192 
         153  1 0.1267 0.0479 0.1414 0.1324 0.1362 0.1285 0.1442 0.1426 
         154  1 0.1358 0.0578 0.1444 0.1308 0.1275 0.1211 0.1482 0.1343 
         155  1 0.1399 0.0543 0.1271 0.1411 0.1332 0.1342 0.1364 0.1340 
         156  1 0.1097 0.2202 0.1148 0.1033 0.1227 0.0993 0.1222 0.1077 
         157  1 0.1223 0.1087 0.1208 0.1235 0.1248 0.1314 0.1411 0.1273 
         158  1 0.1453 0.0353 0.1350 0.1352 0.1555 0.1233 0.1453 0.1251 
         159  1 0.1617 0.0299 0.1354 0.1256 0.1643 0.1308 0.1357 0.1165 
         160  1 0.1549 0.1174 0.1361 0.1145 0.1282 0.1114 0.1230 0.1145 
         161  1 0.1533 0.0515 0.1319 0.1261 0.1404 0.1244 0.1450 0.1273 
         162  1 0.1302 0.0554 0.1341 0.1442 0.1379 0.1469 0.1278 0.1235 
         163  1 0.1056 0.2464 0.1100 0.1043 0.1190 0.1110 0.0982 0.1054 
         164  1 0.1331 0.0422 0.1364 0.1264 0.1404 0.1353 0.1440 0.1421 
         165  1 0.1375 0.0656 0.1493 0.1280 0.1286 0.1155 0.1399 0.1356 
         166  1 0.1526 0.0313 0.1444 0.1246 0.1583 0.1247 0.1394 0.1246 
         167  1 0.1001 0.2091 0.1268 0.1115 0.1055 0.1138 0.1116 0.1216 
         168  1 0.1483 0.0282 0.1479 0.1287 0.1436 0.1225 0.1481 0.1328 
         169  1 0.1454 0.0854 0.1422 0.1216 0.1378 0.1130 0.1365 0.1181 
         170  1 0.1515 0.0517 0.1324 0.1337 0.1417 0.1267 0.1341 0.1283 
         171  1 0.0878 0.0183 0.1248 0.1795 0.1303 0.2301 0.0602 0.1690 
         172  1 0.1284 0.0606 0.1332 0.1306 0.1254 0.1421 0.1431 0.1367 
         173  1 0.1597 0.0752 0.1413 0.1186 0.1337 0.1116 0.1405 0.1194 
         174  1 0.1333 0.0304 0.1269 0.1494 0.1484 0.1320 0.1403 0.1393 
         175  1 0.1391 0.0485 0.1422 0.1330 0.1485 0.1235 0.1394 0.1259 
         176  1 0.1381 0.0622 0.1315 0.1431 0.1406 0.1269 0.1380 0.1197 
         177  1 0.1218 0.1118 0.1205 0.1353 0.1346 0.1423 0.1191 0.1145 
         178  1 0.1382 0.1298 0.1346 0.1101 0.1221 0.1100 0.1334 0.1218 
         179  1 0.0872 0.0184 0.1242 0.1791 0.1352 0.2265 0.0617 0.1677 
         180  1 0.1382 0.0701 0.1187 0.1398 0.1368 0.1386 0.1226 0.1352 
         181  1 0.1416 0.0508 0.1588 0.1234 0.1290 0.1071 0.1621 0.1271 
         182  1 0.1154 0.0507 0.1411 0.1427 0.1164 0.1634 0.1019 0.1683 
         183  1 0.1347 0.0802 0.1190 0.1334 0.1340 0.1376 0.1257 0.1354 
         184  1 0.1206 0.1057 0.1261 0.1318 0.1364 0.1408 0.1094 0.1292 
         185  1 0.1534 0.0382 0.1428 0.1320 0.1583 0.1095 0.1482 0.1175 
         186  1 0.1167 0.1893 0.1163 0.1243 0.1258 0.1156 0.1029 0.1092 
         187  1 0.1249 0.2149 0.1221 0.0984 0.1128 0.0898 0.1250 0.1122 
         188  1 0.1282 0.0493 0.1311 0.1513 0.1423 0.1623 0.1044 0.1311 
         189  1 0.0723 0.0622 0.1586 0.1297 0.0887 0.1395 0.1808 0.1682 
         190  1 0.1311 0.0937 0.1347 0.1176 0.1348 0.1449 0.1240 0.1192 
         191  1 0.1385 0.0677 0.1288 0.1465 0.1253 0.1442 0.1132 0.1358 
         192  1 0.1408 0.0687 0.1232 0.1381 0.1365 0.1335 0.1219 0.1373 
         193  1 0.1389 0.0425 0.1343 0.1365 0.1354 0.1452 0.1340 0.1332 
         194  1 0.1462 0.0496 0.1420 0.1330 0.1398 0.1199 0.1410 0.1285 
         195  1 0.1606 0.0317 0.1632 0.1212 0.1394 0.1042 0.1537 0.1259 
         196  1 0.1399 0.0517 0.1405 0.1331 0.1359 0.1401 0.1275 0.1314 
         197  1 0.1455 0.0619 0.1267 0.1339 0.1388 0.1269 0.1326 0.1336 
         198  1 0.1325 0.0364 0.1179 0.1393 0.1281 0.1612 0.1324 0.1522 
         199  1 0.1369 0.0792 0.1295 0.1414 0.1362 0.1327 0.1127 0.1314 
         200  1 0.1253 0.0376 0.1280 0.1453 0.1358 0.1622 0.1208 0.1450 
         201  1 0.1343 0.0753 0.1256 0.1359 0.1283 0.1389 0.1244 0.1372 
         202  1 0.1341 0.1424 0.1226 0.1190 0.1201 0.1117 0.1234 0.1268 
         203  1 0.1290 0.0252 0.1200 0.1565 0.1246 0.1800 0.0954 0.1693 
         204  1 0.1612 0.0532 0.1475 0.1267 0.1508 0.1079 0.1375 0.1152 
         205  1 0.0189 0.8711 0.0183 0.0179 0.0175 0.0181 0.0191 0.0191 
         206  1 0.1547 0.0324 0.1292 0.1302 0.1371 0.1444 0.1305 0.1415 
         207  1 0.1512 0.0313 0.1404 0.1298 0.1446 0.1309 0.1425 0.1292 
         208  1 0.0182 0.8704 0.0189 0.0182 0.0180 0.0190 0.0194 0.0178 
         209  1 0.1323 0.0687 0.1441 0.1288 0.1471 0.1187 0.1313 0.1290 
         210  1 0.1146 0.1698 0.1247 0.1242 0.1213 0.1117 0.1070 0.1267 
         211  1 0.1490 0.0702 0.1421 0.1280 0.1428 0.1107 0.1395 0.1178 
         212  1 0.1286 0.0691 0.1359 0.1114 0.1295 0.1546 0.1343 0.1365 
         213  1 0.1232 0.0459 0.1344 0.1369 0.1363 0.1365 0.1508 0.1360 
         214  1 0.1195 0.1626 0.1134 0.1148 0.1180 0.1298 0.1211 0.1209 
         215  1 0.1383 0.0411 0.1319 0.1356 0.1278 0.1486 0.1308 0.1459 
         216  1 0.1208 0.1773 0.1225 0.1076 0.1227 0.1040 0.1267 0.1184 
         217  1 0.0670 0.5533 0.0641 0.0545 0.0685 0.0651 0.0659 0.0616 
         218  1 0.0838 0.0334 0.1594 0.1349 0.0852 0.1539 0.1772 0.1723 
         219  1 0.1518 0.0409 0.1326 0.1232 0.1611 0.1239 0.1430 0.1235 
         220  1 0.1327 0.1988 0.1189 0.1139 0.1146 0.0997 0.1141 0.1073 
         221  1 0.1313 0.1233 0.1322 0.1184 0.1239 0.1090 0.1397 0.1222 
         222  1 0.1420 0.0380 0.1352 0.1419 0.1487 0.1242 0.1328 0.1373 
         223  1 0.1191 0.1861 0.1163 0.1146 0.1169 0.1148 0.1173 0.1148 
         224  1 0.1188 0.0398 0.1442 0.1340 0.1303 0.1347 0.1628 0.1355 
         225  1 0.0735 0.0411 0.1588 0.1319 0.0911 0.1497 0.1825 0.1714 
         226  1 0.1246 0.0909 0.1398 0.1142 0.1332 0.1300 0.1351 0.1320 
         227  1 0.1186 0.0489 0.1307 0.1498 0.1339 0.1702 0.1265 0.1213 
         228  1 0.1493 0.1351 0.1170 0.1269 0.1266 0.1112 0.1265 0.1074 
         229  1 0.0851 0.0427 0.1537 0.1437 0.0908 0.1456 0.1766 0.1618 
         230  1 0.1271 0.1207 0.1343 0.1178 0.1240 0.1182 0.1323 0.1256 
         231  1 0.1110 0.0630 0.1502 0.1232 0.1117 0.1340 0.1644 0.1425 
         232  1 0.1098 0.2429 0.1101 0.1068 0.1033 0.0999 0.1136 0.1135 
         233  1 0.1488 0.0694 0.1414 0.1223 0.1341 0.1107 0.1438 0.1296 
         234  1 0.1384 0.0571 0.1619 0.1176 0.1325 0.1146 0.1500 0.1278 
         235  1 0.1306 0.0843 0.1186 0.1460 0.1424 0.1358 0.1128 0.1295 
         236  1 0.1421 0.0780 0.1347 0.1256 0.1411 0.1336 0.1152 0.1297 
         237  1 0.1283 0.0280 0.1218 0.1620 0.1369 0.1666 0.1124 0.1439 
         238  1 0.1402 0.0773 0.1429 0.1373 0.1287 0.1258 0.1226 0.1254 
         239  1 0.1106 0.0405 0.1288 0.1555 0.1357 0.1762 0.1105 0.1422 
         240  1 0.1342 0.1097 0.1193 0.1221 0.1357 0.1347 0.1226 0.1217 
         241  1 0.1216 0.1495 0.1286 0.1196 0.1189 0.1110 0.1375 0.1132 
         242  1 0.0718 0.4528 0.0781 0.0775 0.0730 0.0845 0.0811 0.0812 
         243  1 0.0883 0.4023 0.0912 0.0825 0.0890 0.0808 0.0842 0.0816 
         244  1 0.1330 0.0374 0.1245 0.1461 0.1444 0.1646 0.1173 0.1327 
         245  1 0.1307 0.0562 0.1311 0.1408 0.1440 0.1332 0.1307 0.1333 
         246  1 0.1262 0.1187 0.1262 0.1308 0.1180 0.1166 0.1368 0.1266 
