           1  1 0.1173 0.1214 0.0927 0.1147 0.0882 0.0256 0.1123 0.1164 0.1028 0.1087 
           2  1 0.1328 0.1136 0.0967 0.1109 0.0836 0.0126 0.1276 0.1019 0.1091 0.1112 
           3  1 0.1216 0.1019 0.1042 0.1215 0.0915 0.0168 0.1088 0.1018 0.1249 0.1070 
           4  1 0.1053 0.1024 0.0805 0.1092 0.0541 0.1873 0.0911 0.0937 0.1038 0.0726 
           5  1 0.1186 0.1032 0.0956 0.1276 0.0735 0.0434 0.1144 0.1060 0.1313 0.0865 
           6  1 0.0677 0.1383 0.1344 0.0781 0.1482 0.0239 0.0939 0.1124 0.0728 0.1303 
           7  1 0.1108 0.0939 0.0964 0.1017 0.1164 0.0505 0.0969 0.1074 0.1069 0.1192 
           8  1 0.1232 0.1132 0.0931 0.1367 0.0688 0.0312 0.1143 0.0996 0.1307 0.0892 
           9  1 0.1115 0.0969 0.1164 0.0985 0.1073 0.0403 0.1061 0.1052 0.0982 0.1196 
          10  1 0.1339 0.1094 0.0977 0.1339 0.0701 0.0202 0.1083 0.1055 0.1208 0.1000 
          11  1 0.1089 0.0960 0.0908 0.1156 0.1118 0.0274 0.1095 0.1041 0.1119 0.1240 
          12  1 0.1051 0.1344 0.1037 0.1065 0.1088 0.0234 0.1017 0.1049 0.0972 0.1144 
          13  1 0.1228 0.1168 0.0950 0.1327 0.0670 0.0258 0.1136 0.0990 0.1266 0.1007 
          14  1 0.1087 0.1017 0.1010 0.0958 0.1080 0.0746 0.1010 0.1037 0.1031 0.1025 
          15  1 0.1147 0.1007 0.0961 0.1192 0.1181 0.0221 0.0969 0.1020 0.1146 0.1157 
          16  1 0.1050 0.0957 0.0889 0.1070 0.1298 0.0413 0.0884 0.1043 0.1353 0.1043 
          17  1 0.1112 0.1043 0.0993 0.1336 0.0742 0.0514 0.1123 0.1103 0.1173 0.0861 
          18  1 0.1355 0.1006 0.1007 0.1040 0.0899 0.0327 0.1134 0.1019 0.1119 0.1095 
          19  1 0.1086 0.0995 0.1032 0.1105 0.0937 0.0301 0.1140 0.1043 0.0972 0.1390 
          20  1 0.0889 0.1066 0.1187 0.1001 0.1262 0.0421 0.1011 0.1124 0.0955 0.1083 
          21  1 0.0683 0.0779 0.0699 0.0780 0.0660 0.3479 0.0753 0.0747 0.0753 0.0668 
          22  1 0.0901 0.0777 0.0928 0.0932 0.1688 0.0236 0.0920 0.1095 0.1173 0.1348 
          23  1 0.1187 0.1106 0.1030 0.1043 0.0950 0.0416 0.1109 0.1067 0.1106 0.0985 
          24  1 0.0362 0.0401 0.0376 0.0386 0.0345 0.6647 0.0371 0.0376 0.0384 0.0353 
          25  1 0.1060 0.1084 0.0859 0.1013 0.0815 0.1243 0.0959 0.0985 0.0984 0.0997 
          26  1 0.1085 0.1229 0.0985 0.0940 0.0850 0.0658 0.0989 0.1130 0.0851 0.1283 
          27  1 0.0991 0.1323 0.0896 0.1038 0.1038 0.0328 0.1042 0.1089 0.0892 0.1363 
          28  1 0.0760 0.0627 0.0956 0.0658 0.2245 0.0371 0.0815 0.1095 0.0830 0.1643 
          29  1 0.1063 0.1120 0.1222 0.0934 0.1246 0.0286 0.0990 0.1065 0.0993 0.1082 
          30  1 0.0792 0.0745 0.0955 0.0727 0.2254 0.0331 0.0737 0.1128 0.0985 0.1346 
          31  1 0.1395 0.1056 0.0995 0.1226 0.0766 0.0361 0.1019 0.1028 0.1204 0.0949 
          32  1 0.0967 0.0869 0.1029 0.1030 0.1567 0.0217 0.0912 0.1157 0.0954 0.1298 
          33  1 0.1121 0.1047 0.0998 0.1217 0.0849 0.0507 0.1047 0.1092 0.1210 0.0914 
          34  1 0.1210 0.1009 0.1015 0.1219 0.0924 0.0493 0.1004 0.1011 0.1074 0.1040 
          35  1 0.1180 0.1052 0.1054 0.1047 0.1077 0.0220 0.1031 0.1153 0.1170 0.1017 
          36  1 0.0639 0.1369 0.1172 0.0714 0.1514 0.0510 0.0916 0.1133 0.0688 0.1345 
          37  1 0.1148 0.1178 0.1015 0.1254 0.0877 0.0131 0.1081 0.1103 0.1254 0.0959 
          38  1 0.1188 0.1254 0.1056 0.1160 0.0796 0.0193 0.1093 0.1140 0.1140 0.0980 
          39  1 0.0497 0.0544 0.0510 0.0551 0.0488 0.5396 0.0510 0.0523 0.0505 0.0477 
          40  1 0.1260 0.1059 0.1129 0.1122 0.0864 0.0169 0.1041 0.1173 0.1105 0.1078 
          41  1 0.0832 0.0871 0.1059 0.0856 0.1694 0.0276 0.0809 0.1132 0.1220 0.1252 
          42  1 0.1188 0.0960 0.0979 0.1161 0.1080 0.0448 0.1060 0.1071 0.1171 0.0882 
          43  1 0.1088 0.1139 0.0965 0.1074 0.0782 0.1021 0.1013 0.0911 0.1047 0.0960 
          44  1 0.1165 0.1096 0.0999 0.1162 0.0917 0.0339 0.1097 0.1085 0.1095 0.1045 
          45  1 0.0743 0.0701 0.0932 0.0806 0.2054 0.0599 0.0740 0.1148 0.0973 0.1305 
          46  1 0.1001 0.1004 0.1085 0.1096 0.1060 0.0505 0.1161 0.1001 0.1049 0.1036 
          47  1 0.1183 0.1073 0.0980 0.1084 0.0671 0.0939 0.0980 0.1035 0.0991 0.1065 
          48  1 0.1055 0.1167 0.0998 0.1048 0.1042 0.0409 0.0950 0.1127 0.0898 0.1305 
          49  1 0.1114 0.1061 0.1161 0.1156 0.0895 0.0458 0.1054 0.1040 0.1076 0.0985 
          50  1 0.1074 0.1176 0.1040 0.1165 0.0760 0.0497 0.1132 0.1066 0.1158 0.0932 
          51  1 0.0460 0.0521 0.0440 0.0508 0.0374 0.5795 0.0491 0.0492 0.0486 0.0434 
          52  1 0.1105 0.0923 0.0877 0.1008 0.0853 0.1447 0.0930 0.0885 0.1062 0.0910 
          53  1 0.1015 0.1114 0.1112 0.1061 0.0977 0.0452 0.1166 0.1091 0.1042 0.0971 
          54  1 0.1133 0.1041 0.0926 0.1242 0.0911 0.0566 0.1110 0.0918 0.1202 0.0951 
          55  1 0.1008 0.1189 0.1357 0.0988 0.1022 0.0318 0.1254 0.1009 0.0913 0.0943 
          56  1 0.1093 0.0977 0.0918 0.1101 0.0717 0.1208 0.1107 0.0967 0.1088 0.0825 
          57  1 0.0867 0.0778 0.0863 0.0946 0.1592 0.0943 0.0832 0.1030 0.0993 0.1155 
          58  1 0.0274 0.0273 0.0293 0.0272 0.0264 0.7535 0.0285 0.0271 0.0276 0.0256 
          59  1 0.1092 0.1018 0.1244 0.1135 0.0919 0.0193 0.1085 0.1109 0.1120 0.1084 
          60  1 0.1104 0.1105 0.1001 0.1104 0.0904 0.0231 0.1187 0.1081 0.1068 0.1214 
          61  1 0.1150 0.1141 0.0962 0.1214 0.0712 0.0480 0.1083 0.1017 0.1228 0.1012 
          62  1 0.1023 0.0911 0.0885 0.0903 0.0729 0.2052 0.0876 0.0821 0.0937 0.0864 
          63  1 0.0421 0.0568 0.0472 0.0443 0.0474 0.5756 0.0452 0.0464 0.0436 0.0513 
          64  1 0.0979 0.1010 0.1336 0.0993 0.0974 0.0523 0.1194 0.1033 0.0933 0.1024 
          65  1 0.1178 0.1133 0.0985 0.1107 0.0899 0.0404 0.1026 0.1097 0.1115 0.1057 
          66  1 0.1030 0.1069 0.0952 0.1036 0.1013 0.0899 0.0972 0.0973 0.1066 0.0990 
          67  1 0.1202 0.0984 0.0904 0.1230 0.0909 0.0496 0.1062 0.1063 0.1144 0.1006 
          68  1 0.1139 0.1021 0.1063 0.1075 0.1206 0.0199 0.0983 0.1143 0.1037 0.1133 
          69  1 0.1074 0.1133 0.1470 0.0940 0.0889 0.0223 0.1114 0.1133 0.0937 0.1088 
          70  1 0.1020 0.0978 0.1094 0.1018 0.1185 0.0277 0.1097 0.1092 0.1109 0.1130 
          71  1 0.1098 0.1025 0.1251 0.1119 0.0872 0.0370 0.1086 0.1058 0.1129 0.0992 
          72  1 0.0928 0.0998 0.1150 0.1286 0.1165 0.0226 0.1047 0.0992 0.1071 0.1136 
          73  1 0.0941 0.1184 0.1397 0.0906 0.1023 0.0691 0.1076 0.1077 0.0914 0.0791 
          74  1 0.0944 0.0808 0.0753 0.0881 0.0637 0.2846 0.0763 0.0800 0.0874 0.0693 
          75  1 0.1186 0.1150 0.0891 0.1191 0.0977 0.0234 0.1011 0.1056 0.1211 0.1093 
          76  1 0.1143 0.0980 0.1015 0.1119 0.1054 0.0282 0.1051 0.1080 0.1284 0.0992 
          77  1 0.0904 0.1224 0.1110 0.0941 0.1375 0.0185 0.0977 0.1105 0.0943 0.1236 
          78  1 0.1123 0.1093 0.0943 0.1429 0.0748 0.0342 0.1083 0.1015 0.1242 0.0980 
          79  1 0.1098 0.1246 0.1087 0.1109 0.0806 0.0378 0.1200 0.1038 0.1062 0.0976 
          80  1 0.1102 0.0954 0.0976 0.1054 0.1384 0.0197 0.1019 0.1097 0.1043 0.1174 
          81  1 0.0930 0.0994 0.1083 0.0998 0.0879 0.1278 0.1002 0.1038 0.0932 0.0865 
          82  1 0.0996 0.1252 0.1045 0.1062 0.1106 0.0265 0.1047 0.1162 0.1017 0.1048 
          83  1 0.1095 0.0977 0.0877 0.1189 0.0784 0.1217 0.0980 0.0931 0.1066 0.0884 
          84  1 0.1187 0.1099 0.1046 0.1140 0.0831 0.0598 0.0984 0.1029 0.1089 0.0998 
          85  1 0.0898 0.1025 0.1205 0.0870 0.1150 0.1019 0.0940 0.0991 0.0928 0.0973 
          86  1 0.0920 0.0813 0.0882 0.0937 0.1567 0.0577 0.0882 0.0972 0.1154 0.1297 
          87  1 0.1095 0.1051 0.0929 0.1287 0.0935 0.0459 0.1034 0.1064 0.1138 0.1008 
          88  1 0.1159 0.0973 0.0997 0.1060 0.1004 0.0459 0.1096 0.1027 0.1199 0.1026 
          89  1 0.1046 0.1045 0.0938 0.0965 0.1446 0.0323 0.0938 0.1013 0.0998 0.1286 
          90  1 0.1136 0.1131 0.1106 0.1079 0.0981 0.0214 0.1145 0.1032 0.1039 0.1137 
          91  1 0.1097 0.1269 0.0911 0.0846 0.0771 0.1058 0.0923 0.1126 0.0885 0.1114 
          92  1 0.0954 0.0737 0.0943 0.0844 0.1563 0.0826 0.0782 0.1120 0.1010 0.1221 
          93  1 0.1093 0.1107 0.1050 0.1203 0.0963 0.0256 0.1056 0.1102 0.1169 0.1001 
          94  1 0.0838 0.0861 0.0936 0.0853 0.1813 0.0232 0.0928 0.1210 0.0930 0.1400 
          95  1 0.1201 0.1087 0.0972 0.1095 0.0885 0.0345 0.1170 0.1058 0.1039 0.1147 
          96  1 0.1182 0.1019 0.0988 0.0994 0.1060 0.0434 0.1042 0.1033 0.1022 0.1227 
          97  1 0.1006 0.0906 0.1041 0.0922 0.1419 0.0279 0.0993 0.1139 0.1071 0.1226 
          98  1 0.1141 0.1159 0.1124 0.1145 0.0844 0.0153 0.1112 0.1203 0.1159 0.0959 
          99  1 0.1168 0.1071 0.1004 0.1182 0.0847 0.0164 0.1191 0.1103 0.1173 0.1098 
         100  1 0.1266 0.1159 0.0943 0.1187 0.0800 0.0310 0.1137 0.1025 0.1227 0.0946 
         101  1 0.1045 0.0822 0.0831 0.1046 0.0754 0.1860 0.0952 0.0876 0.0937 0.0878 
         102  1 0.1179 0.1166 0.0990 0.1007 0.0993 0.0252 0.1033 0.1046 0.1015 0.1319 
         103  1 0.0939 0.0808 0.0739 0.1019 0.0734 0.2434 0.0809 0.0798 0.0950 0.0770 
         104  1 0.1099 0.0950 0.0856 0.1184 0.0837 0.1165 0.1049 0.0885 0.1102 0.0873 
         105  1 0.1230 0.0986 0.0868 0.1084 0.0773 0.0948 0.1049 0.1051 0.0948 0.1064 
         106  1 0.0836 0.0785 0.0722 0.0990 0.0481 0.3075 0.0774 0.0726 0.0991 0.0620 
         107  1 0.1011 0.1148 0.1206 0.0895 0.1260 0.0233 0.1095 0.1107 0.0969 0.1076 
         108  1 0.1128 0.1000 0.1069 0.1224 0.0961 0.0252 0.1144 0.1033 0.1183 0.1004 
         109  1 0.1320 0.1049 0.1111 0.1122 0.0850 0.0291 0.0977 0.0933 0.1127 0.1221 
         110  1 0.0991 0.1040 0.0906 0.1156 0.0767 0.1223 0.1034 0.0929 0.1073 0.0882 
         111  1 0.1146 0.1170 0.0942 0.1151 0.0852 0.0519 0.1025 0.1049 0.1139 0.1007 
         112  1 0.1136 0.1181 0.0900 0.1256 0.0690 0.0401 0.1133 0.1163 0.1266 0.0873 
         113  1 0.0868 0.0774 0.0911 0.0831 0.1869 0.0333 0.0792 0.1085 0.1004 0.1532 
         114  1 0.1116 0.1034 0.1062 0.1152 0.0930 0.0244 0.1143 0.1094 0.1122 0.1101 
         115  1 0.0977 0.0898 0.0989 0.0945 0.1381 0.0532 0.0918 0.1040 0.1115 0.1204 
         116  1 0.0995 0.0939 0.1040 0.0941 0.1495 0.0156 0.1043 0.1077 0.1173 0.1141 
         117  1 0.0967 0.1126 0.1278 0.1009 0.1075 0.0334 0.1110 0.1074 0.0975 0.1052 
         118  1 0.0905 0.1386 0.1196 0.0976 0.1053 0.0374 0.1046 0.1065 0.0962 0.1038 
         119  1 0.1095 0.1216 0.0943 0.1082 0.0856 0.0422 0.1159 0.1056 0.1047 0.1123 
         120  1 0.0861 0.0784 0.0691 0.0863 0.0736 0.2764 0.0817 0.0818 0.0890 0.0775 
         121  1 0.1162 0.1175 0.1034 0.1194 0.0811 0.0406 0.1091 0.1055 0.1192 0.0881 
         122  1 0.1056 0.1016 0.0992 0.1051 0.1215 0.0268 0.1023 0.1080 0.1159 0.1140 
         123  1 0.1195 0.1010 0.0997 0.1141 0.0880 0.0650 0.1032 0.0973 0.1047 0.1074 
         124  1 0.0991 0.1076 0.1209 0.1041 0.1095 0.0253 0.1083 0.1063 0.1122 0.1068 
         125  1 0.1094 0.0974 0.0898 0.1078 0.0830 0.1115 0.0990 0.0959 0.1160 0.0902 
         126  1 0.1055 0.0975 0.1093 0.1118 0.1080 0.0173 0.1055 0.1218 0.1289 0.0945 
         127  1 0.1050 0.1141 0.1156 0.1001 0.1057 0.0471 0.1010 0.1043 0.1122 0.0947 
         128  1 0.1143 0.1104 0.1022 0.1204 0.0822 0.0155 0.1233 0.1025 0.1254 0.1038 
         129  1 0.1176 0.1025 0.0905 0.1345 0.0994 0.0588 0.1024 0.0960 0.1180 0.0802 
         130  1 0.1174 0.1092 0.1001 0.1028 0.0966 0.0538 0.1152 0.1026 0.1048 0.0973 
         131  1 0.1048 0.0942 0.0969 0.1128 0.1165 0.0276 0.1045 0.1083 0.1122 0.1222 
         132  1 0.1181 0.1099 0.1070 0.1110 0.0822 0.0136 0.1126 0.1196 0.1192 0.1068 
         133  1 0.1172 0.0993 0.0898 0.1014 0.1047 0.0825 0.0903 0.1028 0.1045 0.1075 
         134  1 0.1063 0.1164 0.1047 0.1165 0.0933 0.0486 0.1103 0.1048 0.1052 0.0938 
         135  1 0.1058 0.0957 0.0807 0.1050 0.0659 0.1703 0.0984 0.0891 0.1094 0.0797 
         136  1 0.1140 0.1137 0.0924 0.1225 0.0691 0.0521 0.1158 0.1145 0.1210 0.0850 
         137  1 0.0919 0.0821 0.0898 0.0973 0.1472 0.0590 0.0933 0.1080 0.1028 0.1287 
         138  1 0.1018 0.0985 0.0910 0.1192 0.0936 0.0728 0.1047 0.1037 0.1287 0.0860 
         139  1 0.1031 0.1189 0.0974 0.1028 0.0974 0.0502 0.1178 0.1145 0.1020 0.0960 
         140  1 0.1030 0.1295 0.1230 0.0994 0.1129 0.0224 0.1040 0.1095 0.0950 0.1013 
         141  1 0.1200 0.1027 0.0971 0.1443 0.0739 0.0357 0.1120 0.0976 0.1334 0.0833 
         142  1 0.1132 0.1121 0.1047 0.1217 0.0889 0.0194 0.1175 0.1043 0.1211 0.0972 
         143  1 0.1039 0.1173 0.1017 0.1020 0.0928 0.0321 0.1190 0.1078 0.0985 0.1249 
         144  1 0.1081 0.1082 0.1081 0.1071 0.1088 0.0318 0.1092 0.1027 0.1047 0.1114 
         145  1 0.0979 0.0927 0.0877 0.1231 0.1189 0.0753 0.0967 0.1028 0.1193 0.0856 
         146  1 0.0808 0.1219 0.1559 0.0888 0.1113 0.0233 0.1252 0.1161 0.0875 0.0893 
         147  1 0.1193 0.1049 0.0969 0.1214 0.0765 0.0586 0.1031 0.1028 0.1080 0.1086 
         148  1 0.1122 0.0956 0.1008 0.1162 0.0817 0.0758 0.1157 0.0990 0.1124 0.0906 
         149  1 0.1155 0.1215 0.1033 0.1282 0.0811 0.0248 0.1131 0.1078 0.1218 0.0828 
         150  1 0.1104 0.1176 0.0999 0.0994 0.0860 0.0534 0.1095 0.1129 0.1014 0.1095 
         151  1 0.0980 0.1126 0.1067 0.0990 0.1191 0.0358 0.1015 0.1111 0.1004 0.1158 
         152  1 0.1199 0.1145 0.0941 0.1184 0.0865 0.0272 0.1235 0.1005 0.1161 0.0993 
         153  1 0.1081 0.1008 0.1038 0.1117 0.1170 0.0312 0.1009 0.1116 0.1081 0.1068 
         154  1 0.1168 0.0966 0.0907 0.1117 0.1083 0.0378 0.1049 0.1111 0.1154 0.1067 
         155  1 0.1148 0.1103 0.1039 0.1071 0.0950 0.0386 0.0988 0.1115 0.1143 0.1057 
         156  1 0.0984 0.0894 0.0898 0.0916 0.0966 0.1687 0.0882 0.0910 0.0953 0.0910 
         157  1 0.1081 0.0990 0.0978 0.0868 0.1133 0.0793 0.0921 0.1037 0.0986 0.1215 
         158  1 0.1214 0.1158 0.0938 0.1226 0.0794 0.0233 0.1113 0.1129 0.1144 0.1050 
         159  1 0.1254 0.1081 0.0948 0.1218 0.0831 0.0190 0.1266 0.1049 0.1156 0.1006 
         160  1 0.1092 0.1053 0.0931 0.1240 0.0746 0.0867 0.1121 0.0962 0.1105 0.0884 
         161  1 0.1267 0.1097 0.0997 0.1204 0.0839 0.0344 0.1148 0.0997 0.1111 0.0996 
         162  1 0.1122 0.1148 0.1113 0.1145 0.0850 0.0310 0.1087 0.1035 0.1119 0.1071 
         163  1 0.0882 0.0987 0.0971 0.0910 0.0782 0.1786 0.1091 0.0941 0.0858 0.0791 
         164  1 0.1067 0.1133 0.1006 0.1153 0.1013 0.0282 0.1031 0.1064 0.1166 0.1085 
         165  1 0.1031 0.1036 0.0976 0.1167 0.1111 0.0449 0.0949 0.1072 0.1165 0.1046 
         166  1 0.1190 0.1046 0.0910 0.1193 0.1007 0.0204 0.1097 0.1063 0.1184 0.1106 
         167  1 0.0831 0.0782 0.0885 0.0847 0.1302 0.1609 0.0815 0.0933 0.0882 0.1114 
         168  1 0.1156 0.1038 0.0967 0.1318 0.0814 0.0192 0.1225 0.1047 0.1229 0.1015 
         169  1 0.1110 0.1052 0.1055 0.1288 0.0797 0.0499 0.1013 0.1098 0.1166 0.0922 
         170  1 0.1198 0.1151 0.1044 0.1190 0.0835 0.0304 0.1131 0.1008 0.1143 0.0995 
         171  1 0.0266 0.1490 0.2265 0.0317 0.1945 0.0116 0.1165 0.1186 0.0304 0.0945 
         172  1 0.1097 0.0972 0.1038 0.0964 0.1092 0.0478 0.1067 0.1079 0.1021 0.1192 
         173  1 0.1017 0.1168 0.1010 0.1265 0.0768 0.0538 0.1150 0.1097 0.1175 0.0812 
         174  1 0.1124 0.1105 0.1204 0.0957 0.0963 0.0214 0.1184 0.1071 0.1103 0.1074 
         175  1 0.1188 0.1083 0.1095 0.1277 0.0764 0.0307 0.1053 0.1073 0.1198 0.0963 
         176  1 0.1209 0.1057 0.1072 0.1165 0.0786 0.0435 0.1153 0.1044 0.1123 0.0955 
         177  1 0.1054 0.0996 0.1204 0.1023 0.0880 0.0828 0.1090 0.1018 0.0961 0.0946 
         178  1 0.1056 0.0904 0.0904 0.1171 0.0976 0.1016 0.0961 0.0965 0.1107 0.0939 
         179  1 0.0293 0.1488 0.2249 0.0292 0.1941 0.0109 0.1174 0.1188 0.0321 0.0945 
         180  1 0.1056 0.1128 0.1080 0.1031 0.0995 0.0372 0.1098 0.1091 0.1087 0.1062 
         181  1 0.1065 0.0978 0.0986 0.1186 0.1132 0.0291 0.1031 0.1114 0.1184 0.1034 
         182  1 0.0746 0.1197 0.1437 0.0776 0.1343 0.0331 0.1121 0.1145 0.0850 0.1052 
         183  1 0.1182 0.1151 0.1012 0.1053 0.0929 0.0514 0.1017 0.0996 0.0985 0.1160 
         184  1 0.0965 0.1225 0.1252 0.0922 0.1028 0.0724 0.1120 0.1095 0.0869 0.0799 
         185  1 0.1230 0.1009 0.1113 0.1156 0.0823 0.0252 0.1187 0.1015 0.1228 0.0989 
         186  1 0.0945 0.0982 0.1021 0.1008 0.0785 0.1470 0.1062 0.0995 0.0880 0.0852 
         187  1 0.0950 0.0824 0.0845 0.1078 0.0839 0.1765 0.0923 0.0877 0.1122 0.0776 
         188  1 0.0825 0.1068 0.1600 0.0887 0.1244 0.0346 0.1169 0.1071 0.0835 0.0956 
         189  1 0.0654 0.0486 0.0900 0.0557 0.2516 0.0511 0.0625 0.1137 0.0908 0.1706 
         190  1 0.0967 0.1016 0.1213 0.1151 0.1060 0.0597 0.1047 0.0942 0.0970 0.1038 
         191  1 0.0877 0.1057 0.1290 0.0987 0.1075 0.0497 0.1055 0.1129 0.1004 0.1028 
         192  1 0.1208 0.1078 0.1039 0.1165 0.0864 0.0420 0.1096 0.1089 0.1047 0.0995 
         193  1 0.1183 0.1133 0.1047 0.1104 0.0902 0.0301 0.1109 0.1033 0.1028 0.1159 
         194  1 0.1098 0.1047 0.0996 0.1132 0.1046 0.0340 0.1040 0.1149 0.1155 0.0998 
         195  1 0.1211 0.1070 0.0931 0.1303 0.0918 0.0189 0.1094 0.1061 0.1315 0.0908 
         196  1 0.1105 0.1142 0.1020 0.1105 0.0892 0.0352 0.1101 0.1050 0.1065 0.1167 
         197  1 0.1169 0.1173 0.1021 0.1201 0.0874 0.0430 0.0958 0.1017 0.1130 0.1027 
         198  1 0.1042 0.1250 0.1076 0.1020 0.1099 0.0250 0.1000 0.1105 0.0901 0.1255 
         199  1 0.0972 0.1092 0.1283 0.1059 0.0949 0.0595 0.1085 0.1028 0.1014 0.0922 
         200  1 0.1092 0.1093 0.0986 0.1041 0.1195 0.0228 0.1050 0.1068 0.1026 0.1223 
         201  1 0.1175 0.1081 0.1005 0.1178 0.0871 0.0493 0.1093 0.0969 0.1107 0.1028 
         202  1 0.1097 0.1065 0.0935 0.1069 0.0757 0.1019 0.1054 0.1035 0.1098 0.0871 
         203  1 0.0827 0.1493 0.1244 0.0888 0.1332 0.0163 0.0972 0.1153 0.0720 0.1208 
         204  1 0.1193 0.1074 0.1006 0.1358 0.0663 0.0347 0.1159 0.1074 0.1256 0.0871 
         205  1 0.0123 0.0120 0.0117 0.0123 0.0119 0.8901 0.0125 0.0118 0.0130 0.0124 
         206  1 0.1127 0.1274 0.1137 0.1173 0.0880 0.0202 0.1128 0.1014 0.1115 0.0950 
         207  1 0.1238 0.1235 0.1037 0.1174 0.0837 0.0184 0.1172 0.1003 0.1176 0.0947 
         208  1 0.0122 0.0122 0.0116 0.0121 0.0115 0.8908 0.0119 0.0123 0.0126 0.0129 
         209  1 0.0955 0.1157 0.1155 0.1085 0.1088 0.0481 0.0975 0.1046 0.1138 0.0919 
         210  1 0.0887 0.1123 0.1094 0.0914 0.0951 0.1264 0.0947 0.0984 0.0921 0.0915 
         211  1 0.1152 0.1181 0.1072 0.1220 0.0712 0.0475 0.1143 0.1087 0.1191 0.0766 
         212  1 0.1093 0.1082 0.1175 0.1119 0.1020 0.0376 0.1105 0.1086 0.0919 0.1025 
         213  1 0.1060 0.0960 0.1190 0.1050 0.1224 0.0295 0.0945 0.1085 0.1057 0.1134 
         214  1 0.1010 0.1052 0.0978 0.0975 0.0929 0.1113 0.1093 0.0976 0.0967 0.0909 
         215  1 0.1122 0.1027 0.1074 0.1099 0.1018 0.0258 0.1151 0.1068 0.1055 0.1128 
         216  1 0.1126 0.1005 0.0943 0.1019 0.0883 0.1295 0.0905 0.0925 0.0997 0.0902 
         217  1 0.0566 0.0568 0.0488 0.0545 0.0501 0.5312 0.0514 0.0512 0.0510 0.0485 
         218  1 0.0700 0.0631 0.0945 0.0643 0.2474 0.0202 0.0675 0.1187 0.0907 0.1636 
         219  1 0.1185 0.0974 0.0991 0.1199 0.1033 0.0254 0.1136 0.0989 0.1124 0.1115 
         220  1 0.1012 0.0961 0.0857 0.1017 0.0741 0.1750 0.0942 0.0943 0.0936 0.0841 
         221  1 0.1024 0.0894 0.0955 0.1113 0.1007 0.0962 0.1038 0.0979 0.1162 0.0865 
         222  1 0.1202 0.1078 0.1085 0.1155 0.0879 0.0226 0.1180 0.1034 0.1094 0.1069 
         223  1 0.0986 0.0955 0.0920 0.0954 0.0920 0.1539 0.0946 0.0954 0.0916 0.0911 
         224  1 0.1037 0.0816 0.0977 0.0979 0.1506 0.0269 0.1006 0.1119 0.1017 0.1275 
         225  1 0.0569 0.0488 0.0899 0.0509 0.2675 0.0291 0.0614 0.1161 0.0985 0.1809 
         226  1 0.1087 0.1022 0.0918 0.1050 0.1189 0.0537 0.1128 0.1055 0.1066 0.0949 
         227  1 0.0863 0.1007 0.1509 0.0848 0.1277 0.0343 0.1058 0.1115 0.0831 0.1149 
         228  1 0.1104 0.0917 0.0981 0.1049 0.0773 0.0961 0.1081 0.0955 0.1126 0.1053 
         229  1 0.0734 0.0612 0.0927 0.0692 0.2338 0.0314 0.0689 0.1128 0.0997 0.1569 
         230  1 0.1076 0.0949 0.0936 0.1088 0.0941 0.0806 0.1003 0.1104 0.1061 0.1036 
         231  1 0.0978 0.0866 0.0959 0.1018 0.1453 0.0420 0.0936 0.1015 0.1140 0.1216 
         232  1 0.0972 0.0842 0.0813 0.0909 0.0936 0.1992 0.0771 0.0913 0.0925 0.0928 
         233  1 0.1212 0.1073 0.0952 0.1264 0.0868 0.0450 0.1085 0.0984 0.1205 0.0907 
         234  1 0.1103 0.0974 0.0968 0.1283 0.0960 0.0361 0.1092 0.1082 0.1162 0.1016 
         235  1 0.1085 0.1068 0.1200 0.0960 0.0946 0.0570 0.1092 0.1068 0.0956 0.1055 
         236  1 0.1111 0.1129 0.1054 0.1155 0.0894 0.0549 0.1042 0.0959 0.1053 0.1054 
         237  1 0.1073 0.1195 0.1379 0.0968 0.0949 0.0183 0.1266 0.1033 0.0984 0.0972 
         238  1 0.0965 0.0974 0.1149 0.1035 0.1037 0.0526 0.1135 0.1063 0.1137 0.0980 
         239  1 0.0711 0.1275 0.1613 0.0706 0.1512 0.0244 0.1136 0.1058 0.0693 0.1051 
         240  1 0.1155 0.1048 0.0992 0.0996 0.0745 0.0897 0.1064 0.0984 0.1052 0.1069 
         241  1 0.0981 0.0826 0.0943 0.0963 0.1094 0.1158 0.0957 0.0945 0.1095 0.1038 
         242  1 0.0663 0.0682 0.0647 0.0588 0.0742 0.4039 0.0638 0.0626 0.0565 0.0810 
         243  1 0.0735 0.0673 0.0707 0.0721 0.0721 0.3378 0.0764 0.0767 0.0777 0.0756 
         244  1 0.0916 0.1161 0.1375 0.1007 0.0997 0.0248 0.1233 0.1080 0.0950 0.1034 
         245  1 0.1117 0.1118 0.1091 0.1016 0.0935 0.0380 0.1065 0.1085 0.1146 0.1047 
         246  1 0.1045 0.0960 0.0898 0.1075 0.1032 0.0910 0.0976 0.0966 0.1050 0.1089 
