           1  1 0.2353 0.2582 0.2555 0.2511 
           2  1 0.2394 0.2527 0.2537 0.2542 
           3  1 0.2457 0.2509 0.2520 0.2514 
           4  1 0.2360 0.2459 0.2556 0.2625 
           5  1 0.2339 0.2477 0.2569 0.2615 
           6  1 0.2322 0.2741 0.2500 0.2437 
           7  1 0.2690 0.2452 0.2445 0.2413 
           8  1 0.2332 0.2456 0.2559 0.2653 
           9  1 0.2529 0.2511 0.2489 0.2471 
          10  1 0.2333 0.2456 0.2618 0.2593 
          11  1 0.2416 0.2554 0.2509 0.2521 
          12  1 0.2325 0.2659 0.2559 0.2457 
          13  1 0.2359 0.2449 0.2592 0.2600 
          14  1 0.2727 0.2401 0.2448 0.2424 
          15  1 0.2599 0.2409 0.2492 0.2501 
          16  1 0.2701 0.2390 0.2474 0.2436 
          17  1 0.2429 0.2515 0.2512 0.2545 
          18  1 0.2565 0.2404 0.2524 0.2507 
          19  1 0.2423 0.2571 0.2526 0.2480 
          20  1 0.2450 0.2559 0.2473 0.2517 
          21  1 0.2529 0.2487 0.2463 0.2521 
          22  1 0.2701 0.2432 0.2434 0.2433 
          23  1 0.2422 0.2509 0.2542 0.2526 
          24  1 0.2747 0.2404 0.2444 0.2405 
          25  1 0.2462 0.2543 0.2534 0.2461 
          26  1 0.2339 0.2620 0.2552 0.2489 
          27  1 0.2317 0.2651 0.2538 0.2495 
          28  1 0.2603 0.2571 0.2395 0.2432 
          29  1 0.2461 0.2600 0.2477 0.2462 
          30  1 0.2783 0.2383 0.2418 0.2416 
          31  1 0.2419 0.2408 0.2566 0.2608 
          32  1 0.2465 0.2565 0.2480 0.2490 
          33  1 0.2574 0.2450 0.2486 0.2490 
          34  1 0.2391 0.2503 0.2550 0.2556 
          35  1 0.2490 0.2469 0.2510 0.2531 
          36  1 0.2395 0.2740 0.2474 0.2391 
          37  1 0.2376 0.2443 0.2592 0.2589 
          38  1 0.2340 0.2505 0.2570 0.2585 
          39  1 0.2634 0.2447 0.2469 0.2451 
          40  1 0.2360 0.2549 0.2550 0.2542 
          41  1 0.2546 0.2490 0.2460 0.2504 
          42  1 0.2561 0.2425 0.2495 0.2519 
          43  1 0.2454 0.2478 0.2511 0.2557 
          44  1 0.2476 0.2475 0.2546 0.2503 
          45  1 0.2892 0.2372 0.2362 0.2375 
          46  1 0.2439 0.2566 0.2495 0.2500 
          47  1 0.2532 0.2462 0.2517 0.2489 
          48  1 0.2401 0.2605 0.2517 0.2477 
          49  1 0.2390 0.2594 0.2518 0.2498 
          50  1 0.2384 0.2520 0.2519 0.2577 
          51  1 0.2587 0.2411 0.2503 0.2498 
          52  1 0.2719 0.2421 0.2425 0.2434 
          53  1 0.2508 0.2468 0.2488 0.2536 
          54  1 0.2541 0.2403 0.2524 0.2532 
          55  1 0.2371 0.2569 0.2507 0.2553 
          56  1 0.2494 0.2431 0.2521 0.2554 
          57  1 0.2784 0.2386 0.2396 0.2434 
          58  1 0.2829 0.2377 0.2409 0.2385 
          59  1 0.2383 0.2534 0.2555 0.2528 
          60  1 0.2357 0.2576 0.2544 0.2523 
          61  1 0.2365 0.2517 0.2561 0.2557 
          62  1 0.2786 0.2373 0.2434 0.2407 
          63  1 0.2676 0.2422 0.2465 0.2436 
          64  1 0.2403 0.2586 0.2498 0.2513 
          65  1 0.2560 0.2473 0.2495 0.2472 
          66  1 0.2643 0.2462 0.2475 0.2420 
          67  1 0.2512 0.2440 0.2530 0.2518 
          68  1 0.2464 0.2535 0.2506 0.2494 
          69  1 0.2347 0.2638 0.2504 0.2510 
          70  1 0.2562 0.2444 0.2468 0.2526 
          71  1 0.2388 0.2561 0.2536 0.2516 
          72  1 0.2334 0.2584 0.2552 0.2529 
          73  1 0.2388 0.2584 0.2496 0.2532 
          74  1 0.2800 0.2367 0.2431 0.2403 
          75  1 0.2349 0.2530 0.2557 0.2564 
          76  1 0.2462 0.2480 0.2493 0.2565 
          77  1 0.2390 0.2672 0.2494 0.2444 
          78  1 0.2433 0.2459 0.2504 0.2604 
          79  1 0.2381 0.2565 0.2503 0.2551 
          80  1 0.2591 0.2505 0.2417 0.2487 
          81  1 0.2509 0.2465 0.2504 0.2522 
          82  1 0.2425 0.2614 0.2504 0.2457 
          83  1 0.2399 0.2540 0.2512 0.2549 
          84  1 0.2558 0.2431 0.2509 0.2502 
          85  1 0.2614 0.2465 0.2459 0.2463 
          86  1 0.2688 0.2437 0.2472 0.2403 
          87  1 0.2450 0.2498 0.2519 0.2533 
          88  1 0.2651 0.2426 0.2485 0.2438 
          89  1 0.2458 0.2563 0.2510 0.2469 
          90  1 0.2396 0.2518 0.2535 0.2551 
          91  1 0.2320 0.2578 0.2570 0.2532 
          92  1 0.2713 0.2403 0.2459 0.2425 
          93  1 0.2437 0.2510 0.2515 0.2538 
          94  1 0.2498 0.2594 0.2437 0.2471 
          95  1 0.2447 0.2510 0.2562 0.2481 
          96  1 0.2505 0.2487 0.2518 0.2490 
          97  1 0.2588 0.2486 0.2468 0.2458 
          98  1 0.2321 0.2628 0.2517 0.2533 
          99  1 0.2350 0.2533 0.2568 0.2549 
         100  1 0.2351 0.2488 0.2553 0.2608 
         101  1 0.2634 0.2417 0.2474 0.2476 
         102  1 0.2460 0.2521 0.2535 0.2484 
         103  1 0.2640 0.2420 0.2461 0.2479 
         104  1 0.2584 0.2443 0.2518 0.2455 
         105  1 0.2485 0.2451 0.2534 0.2531 
         106  1 0.2606 0.2396 0.2498 0.2500 
         107  1 0.2442 0.2593 0.2484 0.2481 
         108  1 0.2537 0.2456 0.2500 0.2507 
         109  1 0.2429 0.2489 0.2513 0.2568 
         110  1 0.2452 0.2473 0.2522 0.2553 
         111  1 0.2557 0.2471 0.2508 0.2463 
         112  1 0.2331 0.2484 0.2594 0.2592 
         113  1 0.2676 0.2482 0.2429 0.2413 
         114  1 0.2484 0.2532 0.2498 0.2487 
         115  1 0.2607 0.2456 0.2492 0.2445 
         116  1 0.2531 0.2453 0.2475 0.2541 
         117  1 0.2416 0.2623 0.2474 0.2487 
         118  1 0.2368 0.2590 0.2503 0.2539 
         119  1 0.2387 0.2565 0.2521 0.2527 
         120  1 0.2653 0.2392 0.2485 0.2471 
         121  1 0.2375 0.2534 0.2505 0.2587 
         122  1 0.2439 0.2569 0.2481 0.2512 
         123  1 0.2400 0.2563 0.2502 0.2535 
         124  1 0.2416 0.2530 0.2489 0.2564 
         125  1 0.2626 0.2372 0.2492 0.2510 
         126  1 0.2428 0.2477 0.2542 0.2553 
         127  1 0.2390 0.2509 0.2543 0.2558 
         128  1 0.2333 0.2591 0.2525 0.2551 
         129  1 0.2495 0.2404 0.2515 0.2586 
         130  1 0.2430 0.2546 0.2524 0.2500 
         131  1 0.2484 0.2441 0.2518 0.2557 
         132  1 0.2333 0.2534 0.2525 0.2608 
         133  1 0.2508 0.2487 0.2491 0.2515 
         134  1 0.2424 0.2524 0.2522 0.2529 
         135  1 0.2623 0.2407 0.2511 0.2459 
         136  1 0.2399 0.2472 0.2574 0.2555 
         137  1 0.2665 0.2454 0.2431 0.2450 
         138  1 0.2446 0.2459 0.2529 0.2565 
         139  1 0.2427 0.2508 0.2521 0.2544 
         140  1 0.2380 0.2594 0.2530 0.2497 
         141  1 0.2437 0.2422 0.2546 0.2595 
         142  1 0.2388 0.2481 0.2556 0.2576 
         143  1 0.2323 0.2638 0.2561 0.2478 
         144  1 0.2476 0.2480 0.2520 0.2524 
         145  1 0.2530 0.2406 0.2521 0.2543 
         146  1 0.2368 0.2599 0.2497 0.2537 
         147  1 0.2486 0.2512 0.2503 0.2499 
         148  1 0.2414 0.2454 0.2546 0.2587 
         149  1 0.2370 0.2480 0.2558 0.2592 
         150  1 0.2414 0.2497 0.2582 0.2506 
         151  1 0.2430 0.2579 0.2476 0.2515 
         152  1 0.2369 0.2502 0.2522 0.2607 
         153  1 0.2510 0.2494 0.2504 0.2491 
         154  1 0.2543 0.2458 0.2483 0.2516 
         155  1 0.2466 0.2533 0.2517 0.2484 
         156  1 0.2702 0.2423 0.2430 0.2445 
         157  1 0.2655 0.2458 0.2469 0.2417 
         158  1 0.2382 0.2542 0.2547 0.2528 
         159  1 0.2330 0.2459 0.2588 0.2623 
         160  1 0.2372 0.2534 0.2585 0.2509 
         161  1 0.2348 0.2511 0.2564 0.2577 
         162  1 0.2393 0.2541 0.2534 0.2531 
         163  1 0.2501 0.2469 0.2493 0.2537 
         164  1 0.2466 0.2456 0.2525 0.2553 
         165  1 0.2659 0.2450 0.2461 0.2430 
         166  1 0.2383 0.2545 0.2550 0.2521 
         167  1 0.2763 0.2420 0.2414 0.2403 
         168  1 0.2334 0.2607 0.2543 0.2516 
         169  1 0.2452 0.2504 0.2523 0.2521 
         170  1 0.2391 0.2499 0.2572 0.2537 
         171  1 0.2325 0.2734 0.2459 0.2482 
         172  1 0.2492 0.2553 0.2502 0.2453 
         173  1 0.2357 0.2501 0.2571 0.2571 
         174  1 0.2386 0.2578 0.2519 0.2516 
         175  1 0.2412 0.2525 0.2523 0.2540 
         176  1 0.2460 0.2507 0.2542 0.2491 
         177  1 0.2480 0.2533 0.2479 0.2508 
         178  1 0.2660 0.2422 0.2442 0.2477 
         179  1 0.2307 0.2754 0.2444 0.2496 
         180  1 0.2403 0.2556 0.2514 0.2527 
         181  1 0.2527 0.2458 0.2522 0.2493 
         182  1 0.2463 0.2591 0.2479 0.2467 
         183  1 0.2494 0.2505 0.2501 0.2499 
         184  1 0.2359 0.2522 0.2538 0.2582 
         185  1 0.2518 0.2462 0.2531 0.2488 
         186  1 0.2471 0.2502 0.2538 0.2489 
         187  1 0.2594 0.2410 0.2493 0.2504 
         188  1 0.2386 0.2576 0.2497 0.2541 
         189  1 0.2898 0.2420 0.2352 0.2330 
         190  1 0.2486 0.2541 0.2468 0.2505 
         191  1 0.2447 0.2624 0.2493 0.2436 
         192  1 0.2467 0.2515 0.2506 0.2512 
         193  1 0.2418 0.2565 0.2485 0.2532 
         194  1 0.2392 0.2533 0.2523 0.2552 
         195  1 0.2367 0.2422 0.2587 0.2624 
         196  1 0.2344 0.2594 0.2510 0.2552 
         197  1 0.2499 0.2500 0.2530 0.2471 
         198  1 0.2322 0.2716 0.2528 0.2434 
         199  1 0.2438 0.2555 0.2491 0.2515 
         200  1 0.2471 0.2552 0.2496 0.2481 
         201  1 0.2431 0.2531 0.2541 0.2497 
         202  1 0.2456 0.2511 0.2529 0.2503 
         203  1 0.2284 0.2718 0.2505 0.2493 
         204  1 0.2349 0.2495 0.2565 0.2591 
         205  1 0.3098 0.2291 0.2344 0.2267 
         206  1 0.2322 0.2570 0.2574 0.2534 
         207  1 0.2431 0.2408 0.2612 0.2548 
         208  1 0.3100 0.2302 0.2320 0.2277 
         209  1 0.2417 0.2516 0.2499 0.2568 
         210  1 0.2411 0.2541 0.2500 0.2548 
         211  1 0.2354 0.2478 0.2563 0.2605 
         212  1 0.2364 0.2548 0.2538 0.2551 
         213  1 0.2425 0.2538 0.2509 0.2528 
         214  1 0.2511 0.2468 0.2500 0.2521 
         215  1 0.2424 0.2545 0.2545 0.2486 
         216  1 0.2653 0.2403 0.2454 0.2491 
         217  1 0.2695 0.2407 0.2452 0.2445 
         218  1 0.2781 0.2434 0.2404 0.2381 
         219  1 0.2514 0.2431 0.2507 0.2547 
         220  1 0.2481 0.2451 0.2538 0.2530 
         221  1 0.2661 0.2402 0.2465 0.2472 
         222  1 0.2435 0.2527 0.2503 0.2535 
         223  1 0.2519 0.2491 0.2496 0.2494 
         224  1 0.2583 0.2478 0.2467 0.2472 
         225  1 0.2844 0.2419 0.2357 0.2380 
         226  1 0.2603 0.2450 0.2441 0.2507 
         227  1 0.2431 0.2622 0.2470 0.2477 
         228  1 0.2552 0.2447 0.2498 0.2502 
         229  1 0.2818 0.2431 0.2395 0.2357 
         230  1 0.2694 0.2384 0.2463 0.2458 
         231  1 0.2603 0.2503 0.2447 0.2448 
         232  1 0.2825 0.2374 0.2414 0.2386 
         233  1 0.2417 0.2476 0.2548 0.2559 
         234  1 0.2456 0.2498 0.2502 0.2544 
         235  1 0.2470 0.2476 0.2530 0.2524 
         236  1 0.2390 0.2514 0.2564 0.2532 
         237  1 0.2367 0.2547 0.2550 0.2536 
         238  1 0.2527 0.2494 0.2503 0.2476 
         239  1 0.2433 0.2642 0.2455 0.2470 
         240  1 0.2519 0.2472 0.2508 0.2500 
         241  1 0.2841 0.2402 0.2397 0.2360 
         242  1 0.2770 0.2428 0.2416 0.2387 
         243  1 0.2710 0.2410 0.2439 0.2441 
         244  1 0.2354 0.2617 0.2509 0.2520 
         245  1 0.2506 0.2487 0.2514 0.2492 
         246  1 0.2570 0.2437 0.2512 0.2482 
