           1  1 0.1972 0.1956 0.1925 0.1936 0.2211 
           2  1 0.2110 0.1950 0.2207 0.1743 0.1990 
           3  1 0.2109 0.1869 0.2163 0.1890 0.1970 
           4  1 0.2171 0.1782 0.2309 0.1797 0.1940 
           5  1 0.2396 0.1693 0.2446 0.1649 0.1816 
           6  1 0.1763 0.1997 0.1737 0.2099 0.2404 
           7  1 0.1780 0.2186 0.1728 0.2200 0.2106 
           8  1 0.2490 0.1680 0.2478 0.1573 0.1780 
           9  1 0.1985 0.2022 0.1996 0.1975 0.2023 
          10  1 0.2271 0.1803 0.2296 0.1678 0.1952 
          11  1 0.1992 0.2107 0.1972 0.1928 0.2000 
          12  1 0.1929 0.2074 0.1892 0.1868 0.2237 
          13  1 0.2281 0.1788 0.2304 0.1702 0.1925 
          14  1 0.1996 0.2071 0.1934 0.2121 0.1878 
          15  1 0.2197 0.1855 0.2252 0.1884 0.1812 
          16  1 0.2148 0.1939 0.2111 0.1949 0.1854 
          17  1 0.2141 0.1846 0.2210 0.1886 0.1917 
          18  1 0.2162 0.1867 0.2219 0.1847 0.1905 
          19  1 0.1886 0.2150 0.1865 0.2030 0.2069 
          20  1 0.1950 0.1966 0.2025 0.1967 0.2093 
          21  1 0.1905 0.2017 0.1890 0.2258 0.1929 
          22  1 0.1901 0.2047 0.1957 0.2048 0.2048 
          23  1 0.2080 0.1937 0.1990 0.1867 0.2126 
          24  1 0.1486 0.2324 0.1466 0.2715 0.2009 
          25  1 0.1883 0.2071 0.1823 0.2095 0.2128 
          26  1 0.1761 0.2070 0.1795 0.2087 0.2287 
          27  1 0.1834 0.2010 0.1834 0.2045 0.2277 
          28  1 0.1739 0.2189 0.1738 0.2218 0.2116 
          29  1 0.2012 0.2003 0.1996 0.1905 0.2085 
          30  1 0.1846 0.2129 0.1840 0.2220 0.1967 
          31  1 0.2247 0.1756 0.2343 0.1802 0.1852 
          32  1 0.1907 0.2028 0.1956 0.2001 0.2108 
          33  1 0.1989 0.1973 0.2146 0.1986 0.1906 
          34  1 0.2008 0.1991 0.2077 0.1955 0.1969 
          35  1 0.2074 0.1957 0.2075 0.1899 0.1996 
          36  1 0.1636 0.2138 0.1680 0.2158 0.2388 
          37  1 0.2430 0.1678 0.2522 0.1537 0.1833 
          38  1 0.2129 0.1899 0.2044 0.1762 0.2166 
          39  1 0.1699 0.2166 0.1649 0.2478 0.2008 
          40  1 0.1969 0.2058 0.1981 0.1807 0.2185 
          41  1 0.1933 0.1967 0.1976 0.2158 0.1965 
          42  1 0.2140 0.1883 0.2190 0.1969 0.1818 
          43  1 0.2042 0.1952 0.2053 0.1959 0.1994 
          44  1 0.2090 0.1992 0.2049 0.1824 0.2045 
          45  1 0.1780 0.2180 0.1790 0.2305 0.1945 
          46  1 0.2049 0.2005 0.1977 0.1958 0.2011 
          47  1 0.1865 0.2147 0.1890 0.2109 0.1989 
          48  1 0.1796 0.2088 0.1783 0.2018 0.2315 
          49  1 0.1947 0.2049 0.1986 0.1970 0.2049 
          50  1 0.2119 0.1910 0.2127 0.1867 0.1977 
          51  1 0.1677 0.2157 0.1776 0.2475 0.1915 
          52  1 0.1867 0.2132 0.1869 0.2186 0.1946 
          53  1 0.2045 0.1951 0.1997 0.2019 0.1987 
          54  1 0.2184 0.1908 0.2181 0.1897 0.1828 
          55  1 0.2051 0.2045 0.1873 0.1854 0.2177 
          56  1 0.2034 0.1986 0.2062 0.1984 0.1934 
          57  1 0.1831 0.2093 0.1876 0.2363 0.1837 
          58  1 0.1483 0.2394 0.1479 0.2778 0.1866 
          59  1 0.2070 0.1937 0.2041 0.1907 0.2044 
          60  1 0.2022 0.2075 0.1975 0.1942 0.1986 
          61  1 0.2247 0.1917 0.2194 0.1749 0.1893 
          62  1 0.1761 0.2196 0.1727 0.2367 0.1949 
          63  1 0.1568 0.2223 0.1575 0.2571 0.2064 
          64  1 0.2030 0.1926 0.2001 0.1981 0.2062 
          65  1 0.2065 0.1941 0.2087 0.1943 0.1964 
          66  1 0.1872 0.2065 0.1868 0.2192 0.2004 
          67  1 0.2088 0.1973 0.2185 0.1892 0.1862 
          68  1 0.1986 0.1946 0.2082 0.1927 0.2059 
          69  1 0.2028 0.1990 0.2011 0.1818 0.2152 
          70  1 0.2073 0.1956 0.2042 0.1942 0.1987 
          71  1 0.2146 0.1949 0.2124 0.1827 0.1954 
          72  1 0.2329 0.1717 0.2384 0.1656 0.1914 
          73  1 0.2010 0.1977 0.2013 0.1935 0.2065 
          74  1 0.1778 0.2180 0.1826 0.2289 0.1928 
          75  1 0.2196 0.1763 0.2272 0.1762 0.2007 
          76  1 0.2082 0.1928 0.2196 0.1923 0.1871 
          77  1 0.1864 0.2031 0.1807 0.2008 0.2291 
          78  1 0.2340 0.1803 0.2352 0.1704 0.1801 
          79  1 0.2090 0.2011 0.2038 0.1800 0.2061 
          80  1 0.1914 0.2050 0.2051 0.1984 0.2001 
          81  1 0.1973 0.1970 0.2090 0.1938 0.2028 
          82  1 0.1881 0.2028 0.1909 0.2038 0.2144 
          83  1 0.2053 0.1937 0.2147 0.1986 0.1877 
          84  1 0.1985 0.2034 0.1959 0.2043 0.1980 
          85  1 0.1872 0.2109 0.1848 0.2166 0.2005 
          86  1 0.1778 0.2201 0.1777 0.2229 0.2016 
          87  1 0.2105 0.1898 0.2201 0.1923 0.1873 
          88  1 0.2137 0.1935 0.2033 0.1977 0.1919 
          89  1 0.1973 0.1974 0.1983 0.2025 0.2045 
          90  1 0.2075 0.1982 0.2001 0.1905 0.2038 
          91  1 0.1924 0.1997 0.1879 0.1915 0.2285 
          92  1 0.1878 0.2099 0.1927 0.2123 0.1972 
          93  1 0.2083 0.2049 0.2077 0.1820 0.1971 
          94  1 0.1846 0.2114 0.1833 0.2059 0.2148 
          95  1 0.2020 0.2105 0.1968 0.1895 0.2011 
          96  1 0.1949 0.2014 0.1986 0.1986 0.2066 
          97  1 0.1778 0.2144 0.1839 0.2051 0.2189 
          98  1 0.2079 0.1890 0.2161 0.1801 0.2069 
          99  1 0.2214 0.1920 0.2172 0.1756 0.1938 
         100  1 0.2394 0.1726 0.2330 0.1676 0.1874 
         101  1 0.1864 0.2097 0.1857 0.2267 0.1916 
         102  1 0.1984 0.2036 0.1918 0.1924 0.2139 
         103  1 0.1848 0.2035 0.1947 0.2230 0.1940 
         104  1 0.1952 0.1971 0.2014 0.2104 0.1959 
         105  1 0.1961 0.2049 0.1934 0.2013 0.2042 
         106  1 0.2066 0.1970 0.2102 0.2127 0.1735 
         107  1 0.1922 0.2063 0.1913 0.1955 0.2148 
         108  1 0.2063 0.1901 0.2138 0.1967 0.1930 
         109  1 0.2090 0.1854 0.2110 0.2021 0.1925 
         110  1 0.2057 0.1943 0.2091 0.2010 0.1898 
         111  1 0.1985 0.1991 0.2065 0.1967 0.1991 
         112  1 0.2271 0.1741 0.2394 0.1706 0.1888 
         113  1 0.1807 0.2118 0.1851 0.2130 0.2093 
         114  1 0.1936 0.2011 0.2002 0.1973 0.2078 
         115  1 0.1911 0.2073 0.1916 0.2071 0.2029 
         116  1 0.2068 0.1897 0.2049 0.2014 0.1972 
         117  1 0.1980 0.2017 0.1950 0.1968 0.2085 
         118  1 0.2067 0.1904 0.2053 0.1886 0.2090 
         119  1 0.1973 0.2081 0.1957 0.1953 0.2036 
         120  1 0.1805 0.2099 0.1834 0.2287 0.1974 
         121  1 0.2262 0.1797 0.2148 0.1843 0.1951 
         122  1 0.2086 0.1931 0.2148 0.1866 0.1969 
         123  1 0.2061 0.1993 0.2121 0.1887 0.1938 
         124  1 0.2100 0.1897 0.2063 0.1899 0.2041 
         125  1 0.1976 0.2014 0.1981 0.2173 0.1855 
         126  1 0.2335 0.1714 0.2347 0.1775 0.1829 
         127  1 0.2041 0.1894 0.1996 0.2013 0.2056 
         128  1 0.2181 0.1891 0.2237 0.1730 0.1962 
         129  1 0.2341 0.1734 0.2418 0.1792 0.1714 
         130  1 0.1947 0.2095 0.1946 0.1948 0.2064 
         131  1 0.2061 0.1959 0.2130 0.1941 0.1909 
         132  1 0.2198 0.1978 0.2115 0.1717 0.1992 
         133  1 0.1957 0.2018 0.1897 0.2118 0.2011 
         134  1 0.2244 0.1803 0.2205 0.1828 0.1920 
         135  1 0.2036 0.1977 0.2033 0.2064 0.1891 
         136  1 0.2263 0.1814 0.2256 0.1761 0.1905 
         137  1 0.1936 0.2061 0.1943 0.2130 0.1929 
         138  1 0.2224 0.1818 0.2240 0.1914 0.1804 
         139  1 0.2143 0.1943 0.1963 0.1880 0.2072 
         140  1 0.1984 0.1938 0.1991 0.1888 0.2199 
         141  1 0.2451 0.1630 0.2580 0.1584 0.1755 
         142  1 0.2082 0.1900 0.2160 0.1788 0.2070 
         143  1 0.1933 0.2026 0.1928 0.1934 0.2178 
         144  1 0.2081 0.1938 0.1984 0.1996 0.2001 
         145  1 0.2223 0.1838 0.2278 0.1884 0.1777 
         146  1 0.2085 0.1939 0.1992 0.1863 0.2120 
         147  1 0.2039 0.1959 0.2054 0.1992 0.1956 
         148  1 0.2117 0.2006 0.2169 0.1926 0.1782 
         149  1 0.2288 0.1803 0.2328 0.1733 0.1848 
         150  1 0.1927 0.2018 0.1826 0.1971 0.2258 
         151  1 0.1856 0.2025 0.1858 0.1975 0.2286 
         152  1 0.2171 0.1949 0.2197 0.1749 0.1934 
         153  1 0.2016 0.2013 0.2020 0.1931 0.2020 
         154  1 0.2110 0.1965 0.2127 0.1880 0.1918 
         155  1 0.1918 0.1983 0.1994 0.2029 0.2077 
         156  1 0.1859 0.2149 0.1847 0.2235 0.1910 
         157  1 0.1772 0.2172 0.1760 0.2185 0.2111 
         158  1 0.2113 0.1927 0.2220 0.1773 0.1967 
         159  1 0.2426 0.1784 0.2290 0.1647 0.1853 
         160  1 0.2283 0.1775 0.2285 0.1818 0.1838 
         161  1 0.2163 0.1933 0.2202 0.1805 0.1897 
         162  1 0.2104 0.1929 0.2043 0.1877 0.2046 
         163  1 0.1978 0.1951 0.2024 0.2107 0.1940 
         164  1 0.2181 0.1881 0.2169 0.1863 0.1906 
         165  1 0.2052 0.1963 0.2103 0.1983 0.1900 
         166  1 0.2339 0.1760 0.2273 0.1737 0.1892 
         167  1 0.1794 0.2214 0.1777 0.2309 0.1905 
         168  1 0.2169 0.1903 0.2218 0.1708 0.2003 
         169  1 0.2213 0.1828 0.2225 0.1854 0.1880 
         170  1 0.2204 0.1868 0.2161 0.1850 0.1917 
         171  1 0.1938 0.1865 0.1748 0.1976 0.2474 
         172  1 0.1936 0.2124 0.1947 0.1917 0.2075 
         173  1 0.2295 0.1765 0.2391 0.1719 0.1829 
         174  1 0.2053 0.1932 0.2042 0.1893 0.2080 
         175  1 0.2130 0.1926 0.2141 0.1858 0.1944 
         176  1 0.2112 0.1960 0.2084 0.1877 0.1967 
         177  1 0.1919 0.2122 0.1931 0.2037 0.1991 
         178  1 0.2052 0.2009 0.2025 0.2044 0.1871 
         179  1 0.2004 0.1841 0.1756 0.1945 0.2454 
         180  1 0.2048 0.1986 0.1928 0.1904 0.2134 
         181  1 0.2223 0.1831 0.2199 0.1853 0.1895 
         182  1 0.1956 0.1941 0.1838 0.2071 0.2194 
         183  1 0.1890 0.1983 0.1875 0.2071 0.2181 
         184  1 0.2051 0.1926 0.1953 0.1905 0.2164 
         185  1 0.2246 0.1888 0.2232 0.1761 0.1873 
         186  1 0.2061 0.1965 0.1970 0.2043 0.1961 
         187  1 0.2039 0.1955 0.2022 0.2166 0.1818 
         188  1 0.2168 0.1838 0.2151 0.1814 0.2029 
         189  1 0.1614 0.2338 0.1625 0.2369 0.2054 
         190  1 0.2081 0.1908 0.1995 0.2049 0.1966 
         191  1 0.1976 0.1916 0.2056 0.1984 0.2067 
         192  1 0.1890 0.2060 0.1893 0.2048 0.2109 
         193  1 0.2010 0.2101 0.1968 0.1848 0.2073 
         194  1 0.2084 0.1953 0.2101 0.1941 0.1921 
         195  1 0.2475 0.1656 0.2547 0.1603 0.1718 
         196  1 0.2045 0.2062 0.2066 0.1900 0.1927 
         197  1 0.2018 0.1960 0.2028 0.1993 0.2002 
         198  1 0.1814 0.2135 0.1822 0.1934 0.2295 
         199  1 0.2040 0.1944 0.2045 0.1998 0.1972 
         200  1 0.1824 0.2103 0.1848 0.2080 0.2145 
         201  1 0.1966 0.2047 0.1956 0.1917 0.2114 
         202  1 0.1969 0.1988 0.1982 0.2024 0.2036 
         203  1 0.1962 0.1918 0.1879 0.1958 0.2283 
         204  1 0.2394 0.1651 0.2425 0.1654 0.1876 
         205  1 0.1262 0.2573 0.1236 0.3062 0.1867 
         206  1 0.2135 0.1842 0.2123 0.1808 0.2093 
         207  1 0.2388 0.1745 0.2371 0.1706 0.1790 
         208  1 0.1254 0.2555 0.1244 0.3063 0.1884 
         209  1 0.2187 0.1823 0.2184 0.1861 0.1945 
         210  1 0.1954 0.1971 0.1953 0.2052 0.2070 
         211  1 0.2351 0.1770 0.2377 0.1692 0.1810 
         212  1 0.2128 0.1948 0.2132 0.1842 0.1950 
         213  1 0.2051 0.1974 0.2056 0.1934 0.1985 
         214  1 0.1937 0.2158 0.1860 0.2101 0.1944 
         215  1 0.2009 0.2034 0.1950 0.1924 0.2083 
         216  1 0.1885 0.2105 0.1868 0.2249 0.1893 
         217  1 0.1639 0.2319 0.1638 0.2529 0.1875 
         218  1 0.1752 0.2209 0.1745 0.2230 0.2063 
         219  1 0.2215 0.1818 0.2237 0.1804 0.1925 
         220  1 0.2051 0.1994 0.1985 0.2007 0.1964 
         221  1 0.2036 0.2011 0.2060 0.2068 0.1824 
         222  1 0.2203 0.1864 0.2137 0.1802 0.1994 
         223  1 0.1983 0.2009 0.1977 0.2051 0.1980 
         224  1 0.2009 0.2068 0.1985 0.2016 0.1922 
         225  1 0.1667 0.2303 0.1635 0.2331 0.2064 
         226  1 0.2039 0.1978 0.2056 0.2061 0.1866 
         227  1 0.1959 0.2076 0.1907 0.1948 0.2110 
         228  1 0.2071 0.1980 0.2044 0.1918 0.1986 
         229  1 0.1724 0.2213 0.1735 0.2297 0.2031 
         230  1 0.1833 0.2177 0.1877 0.2205 0.1908 
         231  1 0.1951 0.2094 0.1912 0.2110 0.1932 
         232  1 0.1684 0.2263 0.1704 0.2390 0.1960 
         233  1 0.2153 0.1844 0.2176 0.1953 0.1874 
         234  1 0.2151 0.1821 0.2296 0.1888 0.1844 
         235  1 0.1875 0.2034 0.1900 0.2051 0.2141 
         236  1 0.2039 0.2030 0.1925 0.1894 0.2112 
         237  1 0.2009 0.2141 0.1940 0.1791 0.2118 
         238  1 0.2121 0.1907 0.2086 0.1929 0.1958 
         239  1 0.1930 0.1977 0.1853 0.1971 0.2269 
         240  1 0.1916 0.2154 0.1846 0.2076 0.2008 
         241  1 0.1807 0.2152 0.1887 0.2222 0.1931 
         242  1 0.1622 0.2306 0.1635 0.2469 0.1968 
         243  1 0.1699 0.2220 0.1644 0.2504 0.1933 
         244  1 0.2076 0.1862 0.2051 0.1802 0.2209 
         245  1 0.1945 0.2044 0.1957 0.2022 0.2033 
         246  1 0.1959 0.2058 0.2006 0.2007 0.1970 
