           1  1 0.3217 0.3500 0.3284 
           2  1 0.3273 0.3426 0.3300 
           3  1 0.3373 0.3226 0.3401 
           4  1 0.3148 0.3269 0.3583 
           5  1 0.3175 0.3167 0.3659 
           6  1 0.3166 0.3685 0.3149 
           7  1 0.3406 0.3446 0.3149 
           8  1 0.3161 0.3159 0.3680 
           9  1 0.3416 0.3300 0.3284 
          10  1 0.3256 0.3296 0.3448 
          11  1 0.3387 0.3276 0.3337 
          12  1 0.3194 0.3543 0.3263 
          13  1 0.3223 0.3175 0.3603 
          14  1 0.3452 0.3300 0.3249 
          15  1 0.3487 0.3101 0.3412 
          16  1 0.3307 0.3216 0.3476 
          17  1 0.3196 0.3267 0.3537 
          18  1 0.3203 0.3351 0.3446 
          19  1 0.3392 0.3316 0.3292 
          20  1 0.3348 0.3373 0.3280 
          21  1 0.3264 0.3394 0.3341 
          22  1 0.3391 0.3353 0.3256 
          23  1 0.3291 0.3440 0.3270 
          24  1 0.3384 0.3519 0.3097 
          25  1 0.3313 0.3518 0.3169 
          26  1 0.3198 0.3620 0.3182 
          27  1 0.3239 0.3561 0.3199 
          28  1 0.3591 0.3224 0.3185 
          29  1 0.3223 0.3504 0.3274 
          30  1 0.3584 0.3233 0.3183 
          31  1 0.3157 0.3308 0.3535 
          32  1 0.3548 0.3218 0.3234 
          33  1 0.3445 0.3184 0.3371 
          34  1 0.3439 0.3192 0.3369 
          35  1 0.3453 0.3206 0.3341 
          36  1 0.3134 0.3771 0.3095 
          37  1 0.3163 0.3162 0.3675 
          38  1 0.3228 0.3463 0.3309 
          39  1 0.3454 0.3311 0.3234 
          40  1 0.3257 0.3449 0.3294 
          41  1 0.3312 0.3274 0.3414 
          42  1 0.3505 0.3122 0.3373 
          43  1 0.3266 0.3366 0.3368 
          44  1 0.3332 0.3319 0.3349 
          45  1 0.3583 0.3225 0.3192 
          46  1 0.3410 0.3245 0.3345 
          47  1 0.3525 0.3226 0.3249 
          48  1 0.3239 0.3546 0.3216 
          49  1 0.3430 0.3227 0.3343 
          50  1 0.3304 0.3333 0.3364 
          51  1 0.3327 0.3415 0.3258 
          52  1 0.3438 0.3373 0.3189 
          53  1 0.3341 0.3389 0.3270 
          54  1 0.3380 0.3194 0.3425 
          55  1 0.3275 0.3489 0.3236 
          56  1 0.3239 0.3333 0.3428 
          57  1 0.3502 0.3271 0.3227 
          58  1 0.3458 0.3364 0.3178 
          59  1 0.3310 0.3328 0.3362 
          60  1 0.3336 0.3372 0.3292 
          61  1 0.3294 0.3289 0.3417 
          62  1 0.3514 0.3293 0.3193 
          63  1 0.3375 0.3497 0.3128 
          64  1 0.3275 0.3370 0.3355 
          65  1 0.3237 0.3400 0.3363 
          66  1 0.3304 0.3492 0.3204 
          67  1 0.3394 0.3106 0.3500 
          68  1 0.3472 0.3128 0.3400 
          69  1 0.3216 0.3419 0.3365 
          70  1 0.3409 0.3276 0.3315 
          71  1 0.3232 0.3326 0.3442 
          72  1 0.3120 0.3250 0.3630 
          73  1 0.3202 0.3512 0.3286 
          74  1 0.3532 0.3223 0.3245 
          75  1 0.3173 0.3359 0.3468 
          76  1 0.3412 0.3075 0.3513 
          77  1 0.3290 0.3478 0.3232 
          78  1 0.3314 0.3114 0.3572 
          79  1 0.3250 0.3383 0.3367 
          80  1 0.3469 0.3182 0.3349 
          81  1 0.3316 0.3300 0.3384 
          82  1 0.3325 0.3496 0.3179 
          83  1 0.3307 0.3244 0.3450 
          84  1 0.3412 0.3350 0.3238 
          85  1 0.3437 0.3321 0.3242 
          86  1 0.3499 0.3333 0.3168 
          87  1 0.3383 0.3158 0.3458 
          88  1 0.3367 0.3270 0.3364 
          89  1 0.3374 0.3316 0.3310 
          90  1 0.3230 0.3452 0.3318 
          91  1 0.3098 0.3643 0.3258 
          92  1 0.3516 0.3191 0.3293 
          93  1 0.3344 0.3301 0.3355 
          94  1 0.3489 0.3238 0.3272 
          95  1 0.3369 0.3371 0.3259 
          96  1 0.3273 0.3410 0.3316 
          97  1 0.3385 0.3438 0.3177 
          98  1 0.3318 0.3273 0.3409 
          99  1 0.3277 0.3265 0.3459 
         100  1 0.3184 0.3311 0.3506 
         101  1 0.3400 0.3252 0.3348 
         102  1 0.3277 0.3429 0.3294 
         103  1 0.3258 0.3272 0.3470 
         104  1 0.3265 0.3404 0.3331 
         105  1 0.3270 0.3369 0.3361 
         106  1 0.3297 0.3094 0.3609 
         107  1 0.3267 0.3530 0.3203 
         108  1 0.3260 0.3330 0.3411 
         109  1 0.3388 0.3286 0.3327 
         110  1 0.3258 0.3301 0.3441 
         111  1 0.3443 0.3275 0.3282 
         112  1 0.3239 0.3141 0.3621 
         113  1 0.3483 0.3315 0.3201 
         114  1 0.3270 0.3444 0.3287 
         115  1 0.3382 0.3320 0.3298 
         116  1 0.3384 0.3257 0.3358 
         117  1 0.3294 0.3401 0.3305 
         118  1 0.3127 0.3585 0.3288 
         119  1 0.3375 0.3306 0.3319 
         120  1 0.3429 0.3316 0.3256 
         121  1 0.3269 0.3289 0.3442 
         122  1 0.3393 0.3215 0.3393 
         123  1 0.3219 0.3426 0.3356 
         124  1 0.3327 0.3279 0.3393 
         125  1 0.3319 0.3353 0.3328 
         126  1 0.3209 0.3153 0.3638 
         127  1 0.3283 0.3325 0.3393 
         128  1 0.3247 0.3315 0.3439 
         129  1 0.3389 0.3033 0.3578 
         130  1 0.3311 0.3444 0.3245 
         131  1 0.3356 0.3171 0.3474 
         132  1 0.3286 0.3348 0.3366 
         133  1 0.3505 0.3187 0.3307 
         134  1 0.3227 0.3366 0.3407 
         135  1 0.3269 0.3393 0.3338 
         136  1 0.3277 0.3267 0.3456 
         137  1 0.3533 0.3189 0.3278 
         138  1 0.3349 0.3156 0.3495 
         139  1 0.3320 0.3388 0.3292 
         140  1 0.3282 0.3385 0.3333 
         141  1 0.3183 0.3053 0.3763 
         142  1 0.3214 0.3351 0.3434 
         143  1 0.3185 0.3564 0.3251 
         144  1 0.3307 0.3405 0.3288 
         145  1 0.3391 0.3066 0.3543 
         146  1 0.3174 0.3558 0.3268 
         147  1 0.3373 0.3237 0.3391 
         148  1 0.3376 0.3167 0.3457 
         149  1 0.3252 0.3256 0.3491 
         150  1 0.3184 0.3598 0.3218 
         151  1 0.3310 0.3479 0.3211 
         152  1 0.3269 0.3329 0.3403 
         153  1 0.3404 0.3290 0.3306 
         154  1 0.3523 0.3062 0.3414 
         155  1 0.3335 0.3325 0.3340 
         156  1 0.3477 0.3250 0.3272 
         157  1 0.3348 0.3489 0.3163 
         158  1 0.3246 0.3332 0.3422 
         159  1 0.3246 0.3249 0.3506 
         160  1 0.3141 0.3339 0.3520 
         161  1 0.3309 0.3246 0.3445 
         162  1 0.3306 0.3355 0.3338 
         163  1 0.3371 0.3298 0.3330 
         164  1 0.3364 0.3216 0.3420 
         165  1 0.3331 0.3224 0.3446 
         166  1 0.3305 0.3161 0.3534 
         167  1 0.3477 0.3299 0.3224 
         168  1 0.3305 0.3254 0.3440 
         169  1 0.3278 0.3216 0.3505 
         170  1 0.3206 0.3404 0.3390 
         171  1 0.3089 0.3748 0.3163 
         172  1 0.3268 0.3502 0.3230 
         173  1 0.3163 0.3231 0.3606 
         174  1 0.3340 0.3267 0.3393 
         175  1 0.3386 0.3216 0.3399 
         176  1 0.3378 0.3237 0.3385 
         177  1 0.3342 0.3352 0.3307 
         178  1 0.3470 0.3196 0.3335 
         179  1 0.3082 0.3749 0.3170 
         180  1 0.3209 0.3469 0.3322 
         181  1 0.3317 0.3167 0.3516 
         182  1 0.3268 0.3541 0.3191 
         183  1 0.3304 0.3455 0.3241 
         184  1 0.3228 0.3418 0.3354 
         185  1 0.3311 0.3238 0.3451 
         186  1 0.3247 0.3396 0.3357 
         187  1 0.3381 0.3164 0.3455 
         188  1 0.3191 0.3549 0.3259 
         189  1 0.3624 0.3250 0.3126 
         190  1 0.3312 0.3352 0.3337 
         191  1 0.3223 0.3503 0.3274 
         192  1 0.3190 0.3567 0.3243 
         193  1 0.3376 0.3350 0.3275 
         194  1 0.3427 0.3188 0.3386 
         195  1 0.3195 0.3024 0.3781 
         196  1 0.3411 0.3219 0.3370 
         197  1 0.3243 0.3409 0.3348 
         198  1 0.3248 0.3609 0.3143 
         199  1 0.3230 0.3486 0.3284 
         200  1 0.3367 0.3431 0.3202 
         201  1 0.3294 0.3415 0.3291 
         202  1 0.3258 0.3439 0.3303 
         203  1 0.3185 0.3597 0.3218 
         204  1 0.3225 0.3101 0.3674 
         205  1 0.3600 0.3331 0.3070 
         206  1 0.3155 0.3446 0.3399 
         207  1 0.3336 0.3155 0.3509 
         208  1 0.3610 0.3342 0.3048 
         209  1 0.3297 0.3226 0.3477 
         210  1 0.3307 0.3329 0.3364 
         211  1 0.3128 0.3232 0.3639 
         212  1 0.3253 0.3283 0.3464 
         213  1 0.3445 0.3192 0.3363 
         214  1 0.3464 0.3228 0.3307 
         215  1 0.3311 0.3426 0.3264 
         216  1 0.3533 0.3213 0.3254 
         217  1 0.3433 0.3261 0.3306 
         218  1 0.3580 0.3241 0.3179 
         219  1 0.3319 0.3279 0.3402 
         220  1 0.3423 0.3200 0.3377 
         221  1 0.3379 0.3208 0.3413 
         222  1 0.3199 0.3436 0.3365 
         223  1 0.3359 0.3318 0.3324 
         224  1 0.3501 0.3187 0.3312 
         225  1 0.3613 0.3264 0.3123 
         226  1 0.3523 0.3132 0.3345 
         227  1 0.3362 0.3387 0.3251 
         228  1 0.3238 0.3452 0.3310 
         229  1 0.3556 0.3233 0.3212 
         230  1 0.3534 0.3292 0.3174 
         231  1 0.3550 0.3151 0.3298 
         232  1 0.3497 0.3329 0.3174 
         233  1 0.3384 0.3141 0.3474 
         234  1 0.3396 0.3145 0.3459 
         235  1 0.3254 0.3561 0.3185 
         236  1 0.3238 0.3457 0.3305 
         237  1 0.3284 0.3447 0.3269 
         238  1 0.3245 0.3365 0.3390 
         239  1 0.3282 0.3518 0.3200 
         240  1 0.3370 0.3424 0.3206 
         241  1 0.3356 0.3390 0.3253 
         242  1 0.3344 0.3473 0.3183 
         243  1 0.3388 0.3412 0.3199 
         244  1 0.3156 0.3546 0.3297 
         245  1 0.3423 0.3347 0.3231 
         246  1 0.3451 0.3274 0.3276 
