           1  1 0.0364 0.1393 0.1343 0.1580 0.1173 0.1421 0.1400 0.1326 
           2  1 0.0184 0.1546 0.1440 0.1203 0.1315 0.1453 0.1469 0.1391 
           3  1 0.0242 0.1564 0.1545 0.1023 0.1421 0.1400 0.1526 0.1280 
           4  1 0.2313 0.1268 0.1321 0.0746 0.1118 0.1050 0.1259 0.0926 
           5  1 0.0551 0.1647 0.1615 0.0872 0.1350 0.1288 0.1567 0.1110 
           6  1 0.0339 0.1019 0.0919 0.2350 0.0947 0.1389 0.0946 0.2092 
           7  1 0.0858 0.1240 0.1246 0.1380 0.1467 0.1220 0.1325 0.1263 
           8  1 0.0427 0.1595 0.1676 0.0772 0.1475 0.1430 0.1560 0.1065 
           9  1 0.0578 0.1326 0.1343 0.1334 0.1345 0.1291 0.1419 0.1364 
          10  1 0.0288 0.1559 0.1607 0.0969 0.1364 0.1474 0.1498 0.1240 
          11  1 0.0360 0.1360 0.1386 0.1389 0.1448 0.1414 0.1389 0.1254 
          12  1 0.0341 0.1268 0.1172 0.1767 0.1205 0.1427 0.1215 0.1605 
          13  1 0.0368 0.1700 0.1628 0.0843 0.1346 0.1439 0.1548 0.1128 
          14  1 0.1030 0.1180 0.1221 0.1310 0.1395 0.1183 0.1313 0.1368 
          15  1 0.0342 0.1434 0.1484 0.1027 0.1598 0.1365 0.1569 0.1181 
          16  1 0.0588 0.1407 0.1422 0.1131 0.1538 0.1239 0.1374 0.1299 
          17  1 0.0772 0.1494 0.1498 0.0934 0.1264 0.1381 0.1515 0.1142 
          18  1 0.0495 0.1433 0.1468 0.0910 0.1379 0.1490 0.1604 0.1222 
          19  1 0.0426 0.1311 0.1401 0.1437 0.1310 0.1380 0.1397 0.1336 
          20  1 0.0547 0.1262 0.1292 0.1447 0.1305 0.1384 0.1288 0.1477 
          21  1 0.4027 0.0840 0.0933 0.0823 0.0798 0.0845 0.0883 0.0851 
          22  1 0.0341 0.1109 0.1224 0.1657 0.1753 0.1256 0.1195 0.1464 
          23  1 0.0562 0.1356 0.1331 0.1382 0.1253 0.1404 0.1383 0.1327 
          24  1 0.7156 0.0412 0.0366 0.0434 0.0377 0.0410 0.0403 0.0443 
          25  1 0.1536 0.1198 0.1239 0.1168 0.1092 0.1285 0.1275 0.1207 
          26  1 0.0877 0.1238 0.1130 0.1775 0.1067 0.1396 0.1202 0.1314 
          27  1 0.0483 0.1256 0.1165 0.1849 0.1097 0.1400 0.1138 0.1610 
          28  1 0.0579 0.0969 0.0962 0.1991 0.1982 0.1013 0.0991 0.1513 
          29  1 0.0435 0.1242 0.1181 0.1716 0.1140 0.1413 0.1231 0.1642 
          30  1 0.0563 0.1091 0.1142 0.1650 0.1907 0.1038 0.1166 0.1443 
          31  1 0.0572 0.1535 0.1518 0.0877 0.1335 0.1420 0.1569 0.1174 
          32  1 0.0351 0.1273 0.1204 0.1621 0.1652 0.1235 0.1268 0.1394 
          33  1 0.0787 0.1497 0.1505 0.0858 0.1379 0.1405 0.1471 0.1099 
          34  1 0.0635 0.1408 0.1488 0.1101 0.1499 0.1316 0.1409 0.1144 
          35  1 0.0310 0.1386 0.1433 0.1144 0.1596 0.1307 0.1498 0.1328 
          36  1 0.0657 0.0957 0.0823 0.2357 0.0993 0.1336 0.0919 0.1958 
          37  1 0.0185 0.1606 0.1614 0.1123 0.1419 0.1305 0.1503 0.1245 
          38  1 0.0261 0.1458 0.1485 0.1205 0.1209 0.1542 0.1383 0.1455 
          39  1 0.6172 0.0558 0.0589 0.0546 0.0519 0.0542 0.0554 0.0519 
          40  1 0.0251 0.1425 0.1330 0.1468 0.1229 0.1462 0.1441 0.1394 
          41  1 0.0389 0.1214 0.1184 0.1622 0.1652 0.1265 0.1150 0.1524 
          42  1 0.0647 0.1386 0.1459 0.1041 0.1491 0.1257 0.1606 0.1114 
          43  1 0.1373 0.1396 0.1358 0.0962 0.1174 0.1240 0.1372 0.1125 
          44  1 0.0517 0.1433 0.1397 0.1221 0.1315 0.1432 0.1432 0.1253 
          45  1 0.0929 0.1142 0.1117 0.1462 0.1829 0.0991 0.1131 0.1399 
          46  1 0.0736 0.1352 0.1393 0.1276 0.1336 0.1287 0.1366 0.1254 
          47  1 0.1161 0.1363 0.1275 0.1123 0.1258 0.1364 0.1307 0.1149 
          48  1 0.0544 0.1222 0.1177 0.1930 0.1097 0.1376 0.1179 0.1475 
          49  1 0.0569 0.1380 0.1356 0.1358 0.1233 0.1381 0.1412 0.1311 
          50  1 0.0612 0.1350 0.1442 0.1129 0.1194 0.1495 0.1507 0.1272 
          51  1 0.6337 0.0559 0.0545 0.0433 0.0506 0.0549 0.0597 0.0474 
          52  1 0.2084 0.1248 0.1194 0.0894 0.1202 0.1098 0.1157 0.1123 
          53  1 0.0711 0.1330 0.1397 0.1242 0.1319 0.1364 0.1274 0.1362 
          54  1 0.0780 0.1419 0.1491 0.0930 0.1472 0.1330 0.1502 0.1075 
          55  1 0.0402 0.1216 0.1281 0.1784 0.1184 0.1474 0.1213 0.1447 
          56  1 0.1636 0.1269 0.1385 0.0812 0.1203 0.1330 0.1380 0.0986 
          57  1 0.1529 0.1128 0.1211 0.1153 0.1541 0.1037 0.1216 0.1185 
          58  1 0.7879 0.0312 0.0307 0.0288 0.0311 0.0317 0.0295 0.0291 
          59  1 0.0282 0.1423 0.1423 0.1400 0.1329 0.1398 0.1425 0.1320 
          60  1 0.0313 0.1351 0.1329 0.1431 0.1302 0.1448 0.1392 0.1433 
          61  1 0.0628 0.1537 0.1505 0.0931 0.1278 0.1410 0.1471 0.1240 
          62  1 0.2572 0.1081 0.1103 0.0978 0.1084 0.1098 0.1133 0.0951 
          63  1 0.6508 0.0497 0.0463 0.0541 0.0483 0.0490 0.0500 0.0519 
          64  1 0.0684 0.1357 0.1222 0.1517 0.1227 0.1321 0.1296 0.1374 
          65  1 0.0608 0.1385 0.1451 0.1044 0.1339 0.1395 0.1486 0.1293 
          66  1 0.1443 0.1201 0.1223 0.1172 0.1247 0.1268 0.1262 0.1184 
          67  1 0.0655 0.1490 0.1498 0.0973 0.1485 0.1285 0.1477 0.1138 
          68  1 0.0269 0.1405 0.1407 0.1371 0.1468 0.1286 0.1441 0.1351 
          69  1 0.0274 0.1370 0.1192 0.1818 0.1216 0.1425 0.1215 0.1490 
          70  1 0.0427 0.1322 0.1343 0.1363 0.1484 0.1342 0.1328 0.1391 
          71  1 0.0496 0.1471 0.1393 0.1303 0.1250 0.1445 0.1393 0.1251 
          72  1 0.0306 0.1394 0.1560 0.1296 0.1355 0.1323 0.1420 0.1345 
          73  1 0.0804 0.1172 0.1160 0.1798 0.1068 0.1337 0.1161 0.1500 
          74  1 0.3731 0.0975 0.0981 0.0671 0.0926 0.0913 0.1025 0.0779 
          75  1 0.0317 0.1317 0.1383 0.1290 0.1559 0.1278 0.1430 0.1427 
          76  1 0.0392 0.1371 0.1504 0.1135 0.1475 0.1327 0.1590 0.1206 
          77  1 0.0246 0.1153 0.1134 0.1940 0.1274 0.1289 0.1129 0.1836 
          78  1 0.0488 0.1524 0.1618 0.0943 0.1388 0.1334 0.1598 0.1109 
          79  1 0.0530 0.1314 0.1390 0.1286 0.1190 0.1480 0.1412 0.1399 
          80  1 0.0301 0.1347 0.1372 0.1316 0.1638 0.1261 0.1369 0.1394 
          81  1 0.1516 0.1282 0.1213 0.1216 0.1167 0.1153 0.1288 0.1165 
          82  1 0.0389 0.1233 0.1200 0.1600 0.1263 0.1436 0.1295 0.1585 
          83  1 0.1534 0.1401 0.1383 0.0872 0.1150 0.1275 0.1379 0.1006 
          84  1 0.0795 0.1277 0.1303 0.1173 0.1285 0.1431 0.1412 0.1324 
          85  1 0.1351 0.1180 0.1181 0.1458 0.1227 0.1155 0.1149 0.1299 
          86  1 0.0876 0.1258 0.1174 0.1435 0.1569 0.1128 0.1187 0.1374 
          87  1 0.0596 0.1511 0.1433 0.1114 0.1459 0.1262 0.1442 0.1183 
          88  1 0.0646 0.1342 0.1423 0.1122 0.1391 0.1367 0.1411 0.1297 
          89  1 0.0456 0.1288 0.1255 0.1363 0.1644 0.1219 0.1220 0.1555 
          90  1 0.0289 0.1289 0.1273 0.1531 0.1192 0.1526 0.1429 0.1470 
          91  1 0.1422 0.1261 0.1089 0.1499 0.1003 0.1288 0.1093 0.1345 
          92  1 0.1063 0.1160 0.1110 0.1437 0.1662 0.1131 0.1113 0.1323 
          93  1 0.0372 0.1415 0.1426 0.1273 0.1386 0.1434 0.1494 0.1199 
          94  1 0.0338 0.1146 0.1113 0.1740 0.1710 0.1229 0.1144 0.1579 
          95  1 0.0511 0.1428 0.1455 0.1152 0.1269 0.1473 0.1424 0.1287 
          96  1 0.0699 0.1384 0.1290 0.1244 0.1395 0.1319 0.1298 0.1372 
          97  1 0.0406 0.1250 0.1220 0.1642 0.1616 0.1308 0.1223 0.1334 
          98  1 0.0214 0.1485 0.1511 0.1245 0.1262 0.1451 0.1460 0.1371 
          99  1 0.0257 0.1386 0.1518 0.1160 0.1342 0.1587 0.1481 0.1269 
         100  1 0.0428 0.1512 0.1570 0.1110 0.1210 0.1461 0.1481 0.1228 
         101  1 0.2593 0.1112 0.1171 0.0789 0.1068 0.1138 0.1138 0.0991 
         102  1 0.0388 0.1298 0.1278 0.1496 0.1314 0.1431 0.1314 0.1482 
         103  1 0.2997 0.1109 0.1066 0.0824 0.1084 0.1001 0.1102 0.0817 
         104  1 0.1536 0.1302 0.1303 0.1043 0.1157 0.1196 0.1356 0.1107 
         105  1 0.1311 0.1272 0.1299 0.1011 0.1197 0.1398 0.1385 0.1127 
         106  1 0.3300 0.1159 0.1173 0.0574 0.0950 0.0981 0.1129 0.0735 
         107  1 0.0350 0.1264 0.1185 0.1722 0.1249 0.1374 0.1222 0.1633 
         108  1 0.0407 0.1508 0.1600 0.0928 0.1483 0.1389 0.1438 0.1248 
         109  1 0.0433 0.1469 0.1484 0.1060 0.1401 0.1375 0.1513 0.1266 
         110  1 0.1480 0.1295 0.1441 0.0862 0.1219 0.1283 0.1338 0.1081 
         111  1 0.0839 0.1433 0.1353 0.1006 0.1282 0.1396 0.1419 0.1272 
         112  1 0.0514 0.1707 0.1516 0.0900 0.1255 0.1473 0.1524 0.1112 
         113  1 0.0525 0.1061 0.1156 0.1728 0.1803 0.1133 0.1117 0.1477 
         114  1 0.0339 0.1410 0.1382 0.1271 0.1363 0.1414 0.1421 0.1399 
         115  1 0.0745 0.1250 0.1267 0.1369 0.1564 0.1297 0.1328 0.1180 
         116  1 0.0248 0.1265 0.1290 0.1407 0.1640 0.1298 0.1347 0.1505 
         117  1 0.0395 0.1308 0.1297 0.1605 0.1247 0.1323 0.1303 0.1522 
         118  1 0.0487 0.1271 0.1225 0.1636 0.1099 0.1370 0.1235 0.1676 
         119  1 0.0604 0.1292 0.1316 0.1403 0.1242 0.1446 0.1406 0.1291 
         120  1 0.3543 0.1018 0.0937 0.0768 0.0964 0.0912 0.0998 0.0861 
         121  1 0.0558 0.1464 0.1511 0.0995 0.1335 0.1469 0.1438 0.1230 
         122  1 0.0362 0.1344 0.1438 0.1291 0.1524 0.1337 0.1351 0.1354 
         123  1 0.0787 0.1379 0.1370 0.1161 0.1245 0.1422 0.1322 0.1315 
         124  1 0.0374 0.1359 0.1289 0.1474 0.1466 0.1332 0.1350 0.1355 
         125  1 0.1650 0.1353 0.1290 0.0966 0.1228 0.1204 0.1246 0.1063 
         126  1 0.0238 0.1503 0.1391 0.1181 0.1587 0.1349 0.1445 0.1304 
         127  1 0.0642 0.1324 0.1301 0.1453 0.1198 0.1416 0.1323 0.1342 
         128  1 0.0215 0.1455 0.1531 0.1187 0.1238 0.1460 0.1529 0.1386 
         129  1 0.0758 0.1533 0.1735 0.0721 0.1411 0.1284 0.1554 0.1003 
         130  1 0.0715 0.1407 0.1383 0.1267 0.1236 0.1407 0.1347 0.1238 
         131  1 0.0396 0.1411 0.1373 0.1205 0.1565 0.1275 0.1499 0.1276 
         132  1 0.0196 0.1444 0.1381 0.1212 0.1305 0.1598 0.1592 0.1271 
         133  1 0.1115 0.1357 0.1289 0.1068 0.1415 0.1143 0.1305 0.1308 
         134  1 0.0727 0.1388 0.1406 0.1134 0.1271 0.1445 0.1378 0.1249 
         135  1 0.2182 0.1234 0.1327 0.0709 0.1109 0.1178 0.1274 0.0987 
         136  1 0.0680 0.1634 0.1477 0.0922 0.1289 0.1395 0.1419 0.1183 
         137  1 0.0814 0.1270 0.1276 0.1304 0.1668 0.1169 0.1282 0.1218 
         138  1 0.0861 0.1448 0.1449 0.0918 0.1362 0.1311 0.1451 0.1201 
         139  1 0.0809 0.1352 0.1324 0.1298 0.1264 0.1328 0.1251 0.1374 
         140  1 0.0326 0.1406 0.1306 0.1577 0.1173 0.1420 0.1315 0.1477 
         141  1 0.0469 0.1540 0.1671 0.0704 0.1454 0.1369 0.1738 0.1055 
         142  1 0.0270 0.1467 0.1467 0.1194 0.1289 0.1435 0.1545 0.1333 
         143  1 0.0443 0.1328 0.1298 0.1404 0.1256 0.1471 0.1304 0.1498 
         144  1 0.0446 0.1305 0.1370 0.1287 0.1483 0.1363 0.1358 0.1388 
         145  1 0.0935 0.1450 0.1449 0.0986 0.1470 0.1161 0.1467 0.1081 
         146  1 0.0339 0.1232 0.1161 0.1977 0.1050 0.1334 0.1181 0.1725 
         147  1 0.0775 0.1402 0.1472 0.0995 0.1392 0.1312 0.1471 0.1181 
         148  1 0.1041 0.1380 0.1531 0.0933 0.1345 0.1299 0.1386 0.1085 
         149  1 0.0387 0.1542 0.1622 0.0990 0.1308 0.1413 0.1554 0.1183 
         150  1 0.0808 0.1299 0.1219 0.1384 0.1211 0.1463 0.1285 0.1330 
         151  1 0.0494 0.1224 0.1223 0.1813 0.1258 0.1316 0.1264 0.1409 
         152  1 0.0388 0.1553 0.1545 0.1041 0.1309 0.1376 0.1561 0.1228 
         153  1 0.0483 0.1348 0.1394 0.1325 0.1419 0.1308 0.1435 0.1287 
         154  1 0.0555 0.1459 0.1409 0.1109 0.1542 0.1332 0.1377 0.1217 
         155  1 0.0517 0.1333 0.1358 0.1364 0.1479 0.1344 0.1307 0.1298 
         156  1 0.2264 0.1066 0.1083 0.0950 0.1196 0.1141 0.1181 0.1120 
         157  1 0.1045 0.1234 0.1155 0.1431 0.1254 0.1257 0.1219 0.1404 
         158  1 0.0312 0.1492 0.1506 0.1055 0.1366 0.1509 0.1517 0.1241 
         159  1 0.0264 0.1577 0.1550 0.1028 0.1269 0.1582 0.1532 0.1199 
         160  1 0.1046 0.1349 0.1425 0.0984 0.1196 0.1325 0.1451 0.1224 
         161  1 0.0461 0.1470 0.1551 0.0993 0.1379 0.1363 0.1561 0.1222 
         162  1 0.0479 0.1370 0.1373 0.1335 0.1320 0.1388 0.1364 0.1370 
         163  1 0.2403 0.1139 0.1211 0.0990 0.0932 0.1082 0.1134 0.1109 
         164  1 0.0423 0.1418 0.1421 0.1193 0.1438 0.1342 0.1482 0.1283 
         165  1 0.0679 0.1335 0.1492 0.1069 0.1573 0.1240 0.1409 0.1203 
         166  1 0.0263 0.1428 0.1514 0.1069 0.1423 0.1425 0.1465 0.1413 
         167  1 0.2079 0.1061 0.1042 0.1211 0.1347 0.1081 0.1023 0.1157 
         168  1 0.0266 0.1472 0.1547 0.1073 0.1430 0.1438 0.1540 0.1234 
         169  1 0.0709 0.1526 0.1635 0.0917 0.1298 0.1384 0.1466 0.1065 
         170  1 0.0483 0.1522 0.1546 0.1018 0.1240 0.1476 0.1470 0.1245 
         171  1 0.0169 0.0743 0.0629 0.3460 0.0651 0.1369 0.0652 0.2327 
         172  1 0.0602 0.1290 0.1235 0.1566 0.1241 0.1357 0.1208 0.1499 
         173  1 0.0666 0.1551 0.1584 0.1047 0.1212 0.1273 0.1510 0.1158 
         174  1 0.0288 0.1423 0.1323 0.1375 0.1312 0.1426 0.1334 0.1519 
         175  1 0.0419 0.1461 0.1548 0.1069 0.1395 0.1389 0.1554 0.1165 
         176  1 0.0624 0.1467 0.1384 0.1119 0.1336 0.1394 0.1441 0.1236 
         177  1 0.1094 0.1167 0.1155 0.1562 0.1133 0.1352 0.1254 0.1284 
         178  1 0.1254 0.1321 0.1362 0.0867 0.1376 0.1313 0.1397 0.1110 
         179  1 0.0174 0.0717 0.0679 0.3453 0.0650 0.1382 0.0629 0.2315 
         180  1 0.0628 0.1405 0.1299 0.1480 0.1205 0.1281 0.1280 0.1423 
         181  1 0.0437 0.1453 0.1540 0.1068 0.1539 0.1223 0.1475 0.1266 
         182  1 0.0472 0.1126 0.1096 0.2099 0.1126 0.1265 0.1098 0.1719 
         183  1 0.0763 0.1340 0.1320 0.1513 0.1180 0.1289 0.1264 0.1332 
         184  1 0.0967 0.1194 0.1249 0.1661 0.1062 0.1244 0.1218 0.1404 
         185  1 0.0364 0.1539 0.1516 0.0994 0.1411 0.1456 0.1538 0.1182 
         186  1 0.1830 0.1260 0.1222 0.1112 0.1015 0.1178 0.1171 0.1212 
         187  1 0.2065 0.1263 0.1287 0.0759 0.1225 0.1166 0.1314 0.0921 
         188  1 0.0442 0.1190 0.1223 0.1909 0.1088 0.1419 0.1137 0.1592 
         189  1 0.0735 0.0852 0.0869 0.2010 0.2097 0.0935 0.0928 0.1575 
         190  1 0.0799 0.1320 0.1322 0.1347 0.1250 0.1305 0.1288 0.1367 
         191  1 0.0610 0.1214 0.1222 0.1642 0.1091 0.1418 0.1208 0.1596 
         192  1 0.0631 0.1413 0.1403 0.1262 0.1306 0.1375 0.1401 0.1209 
         193  1 0.0401 0.1334 0.1388 0.1293 0.1298 0.1463 0.1482 0.1340 
         194  1 0.0457 0.1433 0.1421 0.1116 0.1515 0.1385 0.1342 0.1330 
         195  1 0.0284 0.1591 0.1613 0.0971 0.1513 0.1266 0.1693 0.1067 
         196  1 0.0489 0.1456 0.1479 0.1258 0.1240 0.1391 0.1406 0.1281 
         197  1 0.0597 0.1409 0.1442 0.1160 0.1349 0.1423 0.1360 0.1260 
         198  1 0.0327 0.1193 0.1138 0.2067 0.1146 0.1386 0.1128 0.1614 
         199  1 0.0745 0.1250 0.1264 0.1457 0.1167 0.1381 0.1279 0.1457 
         200  1 0.0359 0.1333 0.1201 0.1628 0.1317 0.1399 0.1354 0.1409 
         201  1 0.0657 0.1366 0.1329 0.1354 0.1169 0.1408 0.1334 0.1382 
         202  1 0.1384 0.1297 0.1323 0.1030 0.1166 0.1298 0.1357 0.1146 
         203  1 0.0223 0.1076 0.1035 0.2199 0.0944 0.1466 0.1069 0.1987 
         204  1 0.0484 0.1675 0.1626 0.0827 0.1321 0.1416 0.1554 0.1097 
         205  1 0.8907 0.0159 0.0161 0.0153 0.0160 0.0154 0.0156 0.0149 
         206  1 0.0286 0.1361 0.1418 0.1463 0.1194 0.1453 0.1403 0.1421 
         207  1 0.0288 0.1483 0.1614 0.1019 0.1410 0.1403 0.1522 0.1261 
         208  1 0.8902 0.0162 0.0163 0.0147 0.0166 0.0152 0.0159 0.0149 
         209  1 0.0662 0.1459 0.1425 0.1310 0.1251 0.1277 0.1366 0.1249 
         210  1 0.1623 0.1218 0.1198 0.1332 0.1010 0.1210 0.1130 0.1279 
         211  1 0.0620 0.1596 0.1481 0.1013 0.1281 0.1331 0.1514 0.1164 
         212  1 0.0605 0.1282 0.1358 0.1458 0.1319 0.1319 0.1367 0.1292 
         213  1 0.0420 0.1303 0.1354 0.1453 0.1522 0.1307 0.1302 0.1340 
         214  1 0.1610 0.1239 0.1255 0.1123 0.1158 0.1312 0.1195 0.1109 
         215  1 0.0382 0.1346 0.1337 0.1321 0.1382 0.1428 0.1373 0.1430 
         216  1 0.1797 0.1257 0.1257 0.0923 0.1270 0.1228 0.1264 0.1005 
         217  1 0.5751 0.0637 0.0654 0.0580 0.0635 0.0613 0.0606 0.0524 
         218  1 0.0339 0.0998 0.0935 0.2024 0.2058 0.1028 0.1035 0.1584 
         219  1 0.0358 0.1434 0.1577 0.1022 0.1463 0.1376 0.1502 0.1268 
         220  1 0.1941 0.1303 0.1193 0.0954 0.1119 0.1229 0.1219 0.1042 
         221  1 0.1286 0.1344 0.1348 0.0897 0.1361 0.1206 0.1393 0.1164 
         222  1 0.0337 0.1487 0.1480 0.1063 0.1325 0.1468 0.1490 0.1349 
         223  1 0.1857 0.1165 0.1186 0.1133 0.1138 0.1181 0.1174 0.1165 
         224  1 0.0389 0.1257 0.1311 0.1326 0.1776 0.1193 0.1347 0.1402 
         225  1 0.0481 0.0933 0.0922 0.2018 0.2174 0.0929 0.0966 0.1578 
         226  1 0.0888 0.1275 0.1435 0.1121 0.1431 0.1281 0.1414 0.1156 
         227  1 0.0455 0.1178 0.1170 0.1933 0.1308 0.1341 0.1085 0.1531 
         228  1 0.1315 0.1353 0.1275 0.1011 0.1176 0.1267 0.1365 0.1239 
         229  1 0.0441 0.1022 0.0963 0.1879 0.2013 0.1043 0.1055 0.1583 
         230  1 0.1242 0.1271 0.1314 0.1074 0.1336 0.1263 0.1288 0.1213 
         231  1 0.0575 0.1291 0.1290 0.1376 0.1654 0.1205 0.1270 0.1339 
         232  1 0.2600 0.1049 0.1112 0.0974 0.1135 0.1025 0.1100 0.1006 
         233  1 0.0632 0.1517 0.1610 0.0978 0.1349 0.1351 0.1417 0.1147 
         234  1 0.0501 0.1546 0.1461 0.0981 0.1523 0.1261 0.1472 0.1254 
         235  1 0.0816 0.1326 0.1281 0.1449 0.1125 0.1378 0.1335 0.1290 
         236  1 0.0751 0.1341 0.1365 0.1412 0.1158 0.1340 0.1304 0.1329 
         237  1 0.0254 0.1234 0.1196 0.1894 0.1159 0.1498 0.1287 0.1478 
         238  1 0.0716 0.1379 0.1404 0.1301 0.1366 0.1258 0.1276 0.1299 
         239  1 0.0366 0.1085 0.1065 0.2173 0.1122 0.1340 0.1043 0.1806 
         240  1 0.1158 0.1303 0.1317 0.1124 0.1224 0.1373 0.1295 0.1207 
         241  1 0.1567 0.1254 0.1282 0.1094 0.1375 0.1132 0.1242 0.1053 
         242  1 0.4643 0.0692 0.0741 0.0823 0.0775 0.0728 0.0745 0.0853 
         243  1 0.3966 0.0839 0.0818 0.0807 0.0928 0.0826 0.0933 0.0883 
         244  1 0.0327 0.1274 0.1248 0.1815 0.1147 0.1466 0.1278 0.1444 
         245  1 0.0564 0.1440 0.1418 0.1258 0.1296 0.1353 0.1385 0.1286 
         246  1 0.1139 0.1332 0.1300 0.1158 0.1269 0.1306 0.1275 0.1220 
