           1  1 0.1946 0.1983 0.2162 0.1932 0.1977 
           2  1 0.1888 0.2220 0.2264 0.1881 0.1747 
           3  1 0.1893 0.2292 0.2225 0.1990 0.1600 
           4  1 0.2055 0.2116 0.2046 0.2029 0.1754 
           5  1 0.1927 0.2286 0.2222 0.1960 0.1605 
           6  1 0.1816 0.1763 0.2285 0.1919 0.2217 
           7  1 0.2128 0.1826 0.1819 0.2087 0.2141 
           8  1 0.1973 0.2319 0.2167 0.1913 0.1628 
           9  1 0.1926 0.2058 0.2009 0.1972 0.2035 
          10  1 0.1872 0.2244 0.2345 0.1959 0.1580 
          11  1 0.1964 0.2096 0.2112 0.1992 0.1836 
          12  1 0.1839 0.1977 0.2321 0.1941 0.1922 
          13  1 0.1857 0.2273 0.2242 0.1987 0.1641 
          14  1 0.2097 0.1969 0.1733 0.2063 0.2139 
          15  1 0.1933 0.2236 0.1994 0.2102 0.1734 
          16  1 0.2108 0.2006 0.1946 0.2021 0.1919 
          17  1 0.1947 0.2186 0.2041 0.1946 0.1880 
          18  1 0.1926 0.2155 0.1971 0.1988 0.1960 
          19  1 0.1936 0.2037 0.2073 0.2042 0.1912 
          20  1 0.1910 0.2050 0.2134 0.2029 0.1877 
          21  1 0.2155 0.1733 0.1801 0.2057 0.2254 
          22  1 0.2043 0.1986 0.1930 0.2083 0.1958 
          23  1 0.1846 0.2042 0.2225 0.1931 0.1956 
          24  1 0.2539 0.1294 0.1298 0.2105 0.2764 
          25  1 0.2067 0.1839 0.1973 0.1979 0.2142 
          26  1 0.2033 0.1817 0.2129 0.1913 0.2108 
          27  1 0.1963 0.1866 0.2204 0.1885 0.2082 
          28  1 0.2009 0.1940 0.1847 0.2175 0.2030 
          29  1 0.1810 0.2115 0.2055 0.1893 0.2127 
          30  1 0.2144 0.1905 0.1641 0.2249 0.2060 
          31  1 0.1975 0.2224 0.2015 0.1990 0.1796 
          32  1 0.1993 0.2085 0.2034 0.2084 0.1803 
          33  1 0.1981 0.2049 0.1950 0.1985 0.2035 
          34  1 0.1978 0.2219 0.2117 0.1997 0.1689 
          35  1 0.1931 0.2158 0.2161 0.2006 0.1744 
          36  1 0.1803 0.1670 0.2235 0.1980 0.2313 
          37  1 0.1864 0.2303 0.2309 0.1948 0.1574 
          38  1 0.1842 0.2156 0.2365 0.1855 0.1783 
          39  1 0.2331 0.1450 0.1533 0.2092 0.2593 
          40  1 0.1788 0.2115 0.2275 0.1838 0.1983 
          41  1 0.1990 0.2020 0.2092 0.2100 0.1797 
          42  1 0.1989 0.2153 0.1985 0.2103 0.1770 
          43  1 0.2099 0.2016 0.1965 0.1952 0.1967 
          44  1 0.2027 0.2078 0.2133 0.1986 0.1776 
          45  1 0.2243 0.1744 0.1570 0.2211 0.2232 
          46  1 0.1941 0.2076 0.2059 0.1960 0.1964 
          47  1 0.2059 0.1943 0.1966 0.2011 0.2021 
          48  1 0.2003 0.1792 0.2182 0.1883 0.2141 
          49  1 0.1896 0.2066 0.2231 0.1904 0.1903 
          50  1 0.1938 0.2063 0.2142 0.1907 0.1951 
          51  1 0.2317 0.1522 0.1505 0.2119 0.2536 
          52  1 0.2215 0.1763 0.1652 0.2026 0.2343 
          53  1 0.1941 0.1951 0.1999 0.2022 0.2086 
          54  1 0.2018 0.2123 0.1998 0.2085 0.1777 
          55  1 0.1915 0.1969 0.2300 0.1779 0.2037 
          56  1 0.2066 0.2053 0.1899 0.1982 0.2001 
          57  1 0.2235 0.1694 0.1491 0.2174 0.2407 
          58  1 0.2548 0.1231 0.1130 0.2083 0.3007 
          59  1 0.1894 0.2026 0.2290 0.1938 0.1851 
          60  1 0.1925 0.2059 0.2263 0.1869 0.1884 
          61  1 0.1880 0.2189 0.2209 0.1980 0.1741 
          62  1 0.2214 0.1596 0.1591 0.2130 0.2469 
          63  1 0.2334 0.1411 0.1482 0.2076 0.2698 
          64  1 0.1907 0.2145 0.2142 0.1944 0.1862 
          65  1 0.1981 0.2080 0.1964 0.2000 0.1974 
          66  1 0.2156 0.1786 0.1798 0.2070 0.2189 
          67  1 0.1972 0.2175 0.2033 0.1955 0.1865 
          68  1 0.1802 0.2215 0.2192 0.2046 0.1745 
          69  1 0.1784 0.2094 0.2313 0.1876 0.1933 
          70  1 0.1975 0.2025 0.2019 0.2013 0.1968 
          71  1 0.1843 0.2152 0.2194 0.1947 0.1865 
          72  1 0.1867 0.2285 0.2209 0.1921 0.1719 
          73  1 0.1846 0.2008 0.2165 0.1941 0.2039 
          74  1 0.2290 0.1598 0.1495 0.2129 0.2489 
          75  1 0.1878 0.2265 0.2229 0.2008 0.1620 
          76  1 0.1929 0.2229 0.2250 0.1980 0.1611 
          77  1 0.1861 0.1902 0.2259 0.1930 0.2048 
          78  1 0.1932 0.2259 0.2042 0.2017 0.1749 
          79  1 0.1872 0.2249 0.2186 0.1885 0.1809 
          80  1 0.1980 0.2204 0.1899 0.2054 0.1863 
          81  1 0.2045 0.2008 0.1950 0.1997 0.1999 
          82  1 0.1887 0.1970 0.2095 0.1988 0.2060 
          83  1 0.2066 0.2059 0.2040 0.1983 0.1851 
          84  1 0.2048 0.1912 0.1948 0.2007 0.2085 
          85  1 0.2042 0.1848 0.1925 0.2019 0.2166 
          86  1 0.2099 0.1911 0.1757 0.2117 0.2116 
          87  1 0.1917 0.2117 0.2168 0.1991 0.1807 
          88  1 0.2049 0.2007 0.1897 0.2010 0.2037 
          89  1 0.1940 0.2161 0.2124 0.1997 0.1777 
          90  1 0.1950 0.2106 0.2125 0.1923 0.1896 
          91  1 0.1989 0.1828 0.2210 0.1943 0.2029 
          92  1 0.2128 0.1945 0.1859 0.2116 0.1952 
          93  1 0.1971 0.2121 0.2126 0.2037 0.1745 
          94  1 0.1919 0.2192 0.2036 0.2017 0.1836 
          95  1 0.1979 0.2160 0.2086 0.1899 0.1876 
          96  1 0.1990 0.2087 0.1943 0.2019 0.1961 
          97  1 0.1949 0.1957 0.2100 0.2028 0.1966 
          98  1 0.1847 0.2136 0.2346 0.1916 0.1756 
          99  1 0.1834 0.2235 0.2230 0.1889 0.1811 
         100  1 0.1902 0.2310 0.2186 0.1931 0.1671 
         101  1 0.2194 0.1795 0.1670 0.2025 0.2315 
         102  1 0.2062 0.1970 0.2088 0.1952 0.1927 
         103  1 0.2229 0.1762 0.1666 0.2066 0.2277 
         104  1 0.2090 0.1908 0.1901 0.2015 0.2086 
         105  1 0.2042 0.1931 0.1999 0.1894 0.2134 
         106  1 0.2168 0.1866 0.1700 0.2038 0.2227 
         107  1 0.1852 0.2099 0.2060 0.1868 0.2121 
         108  1 0.1981 0.2132 0.2046 0.1967 0.1874 
         109  1 0.1995 0.2214 0.2133 0.1979 0.1679 
         110  1 0.2150 0.1958 0.1875 0.2011 0.2007 
         111  1 0.2038 0.2121 0.2014 0.1963 0.1864 
         112  1 0.1920 0.2306 0.2225 0.1979 0.1570 
         113  1 0.2052 0.1961 0.1810 0.2144 0.2034 
         114  1 0.1820 0.2110 0.2202 0.1907 0.1960 
         115  1 0.2081 0.1911 0.1959 0.2081 0.1969 
         116  1 0.1858 0.2334 0.2199 0.1955 0.1654 
         117  1 0.1816 0.2102 0.2215 0.1893 0.1975 
         118  1 0.1884 0.2183 0.2122 0.1972 0.1839 
         119  1 0.1954 0.2021 0.2122 0.1921 0.1983 
         120  1 0.2264 0.1815 0.1580 0.2037 0.2304 
         121  1 0.1980 0.2127 0.2150 0.1940 0.1803 
         122  1 0.1918 0.2243 0.2059 0.2034 0.1745 
         123  1 0.1878 0.2121 0.2140 0.1923 0.1938 
         124  1 0.1914 0.2121 0.2156 0.2007 0.1803 
         125  1 0.2196 0.1871 0.1698 0.1996 0.2238 
         126  1 0.1872 0.2295 0.2239 0.2006 0.1588 
         127  1 0.1926 0.2017 0.2298 0.1943 0.1816 
         128  1 0.1847 0.2278 0.2242 0.1959 0.1674 
         129  1 0.2013 0.2292 0.1967 0.1962 0.1765 
         130  1 0.1941 0.1919 0.2188 0.1960 0.1991 
         131  1 0.1913 0.2227 0.2009 0.2078 0.1772 
         132  1 0.1900 0.2324 0.2273 0.1862 0.1641 
         133  1 0.2061 0.1998 0.1896 0.2099 0.1945 
         134  1 0.1952 0.2190 0.2063 0.1908 0.1887 
         135  1 0.2127 0.1902 0.1788 0.2040 0.2143 
         136  1 0.1976 0.2216 0.2090 0.2036 0.1682 
         137  1 0.2067 0.2041 0.1811 0.2061 0.2020 
         138  1 0.1992 0.2087 0.2149 0.2038 0.1733 
         139  1 0.1995 0.1914 0.2112 0.1951 0.2027 
         140  1 0.1877 0.2009 0.2248 0.1959 0.1907 
         141  1 0.1950 0.2358 0.2217 0.1933 0.1542 
         142  1 0.1823 0.2215 0.2340 0.1931 0.1690 
         143  1 0.1797 0.2020 0.2364 0.1940 0.1879 
         144  1 0.1926 0.2189 0.2075 0.1956 0.1853 
         145  1 0.2016 0.2103 0.1970 0.2071 0.1839 
         146  1 0.1843 0.1999 0.2182 0.1894 0.2082 
         147  1 0.1986 0.2128 0.2028 0.1991 0.1867 
         148  1 0.1989 0.2229 0.2036 0.1956 0.1789 
         149  1 0.1916 0.2278 0.2136 0.1964 0.1706 
         150  1 0.1959 0.1864 0.2257 0.1959 0.1960 
         151  1 0.1877 0.1884 0.2115 0.1944 0.2180 
         152  1 0.1931 0.2276 0.2102 0.2002 0.1688 
         153  1 0.1942 0.2117 0.2018 0.2019 0.1904 
         154  1 0.1978 0.2193 0.2065 0.1976 0.1788 
         155  1 0.2024 0.2019 0.2022 0.1925 0.2010 
         156  1 0.2122 0.1857 0.1667 0.2035 0.2320 
         157  1 0.2031 0.1811 0.1800 0.2026 0.2332 
         158  1 0.1903 0.2262 0.2209 0.1896 0.1730 
         159  1 0.1909 0.2339 0.2204 0.1882 0.1666 
         160  1 0.1927 0.2210 0.2062 0.1959 0.1843 
         161  1 0.1964 0.2267 0.2152 0.1966 0.1652 
         162  1 0.1948 0.2126 0.2126 0.1953 0.1846 
         163  1 0.2095 0.1911 0.1797 0.2019 0.2179 
         164  1 0.1966 0.2268 0.2128 0.1992 0.1646 
         165  1 0.2000 0.2091 0.1901 0.2094 0.1914 
         166  1 0.1833 0.2420 0.2185 0.1968 0.1593 
         167  1 0.2062 0.1648 0.1625 0.2236 0.2429 
         168  1 0.1810 0.2360 0.2309 0.1942 0.1579 
         169  1 0.1894 0.2194 0.2020 0.1974 0.1918 
         170  1 0.1920 0.2131 0.2185 0.1977 0.1787 
         171  1 0.1719 0.1720 0.2373 0.1761 0.2427 
         172  1 0.1915 0.1930 0.2022 0.2024 0.2109 
         173  1 0.2001 0.2152 0.2197 0.1952 0.1699 
         174  1 0.1814 0.2158 0.2320 0.1894 0.1814 
         175  1 0.1913 0.2126 0.2276 0.1907 0.1779 
         176  1 0.1883 0.2134 0.2172 0.1971 0.1840 
         177  1 0.2017 0.1991 0.1987 0.2005 0.2000 
         178  1 0.2048 0.1923 0.1869 0.2108 0.2052 
         179  1 0.1726 0.1746 0.2336 0.1770 0.2423 
         180  1 0.1943 0.1996 0.2205 0.1911 0.1945 
         181  1 0.1988 0.2184 0.1960 0.1985 0.1883 
         182  1 0.1884 0.1877 0.2153 0.1960 0.2126 
         183  1 0.2013 0.1875 0.1993 0.1995 0.2123 
         184  1 0.1957 0.1953 0.2218 0.1957 0.1916 
         185  1 0.1915 0.2313 0.2014 0.2006 0.1751 
         186  1 0.1981 0.2027 0.1955 0.1921 0.2117 
         187  1 0.2064 0.1895 0.1727 0.2087 0.2227 
         188  1 0.1941 0.1994 0.2117 0.1856 0.2092 
         189  1 0.2221 0.1643 0.1575 0.2231 0.2330 
         190  1 0.1975 0.2005 0.1947 0.2019 0.2054 
         191  1 0.1814 0.1975 0.2147 0.1918 0.2147 
         192  1 0.1976 0.1938 0.2140 0.1969 0.1977 
         193  1 0.1961 0.2103 0.2205 0.1948 0.1783 
         194  1 0.1983 0.2202 0.2112 0.1987 0.1715 
         195  1 0.1941 0.2315 0.2180 0.2090 0.1475 
         196  1 0.1914 0.2207 0.2187 0.1870 0.1821 
         197  1 0.2052 0.2131 0.2036 0.1985 0.1796 
         198  1 0.1840 0.1931 0.2197 0.1901 0.2130 
         199  1 0.1905 0.2060 0.2115 0.1900 0.2020 
         200  1 0.1901 0.1940 0.2172 0.1932 0.2056 
         201  1 0.1973 0.2029 0.2109 0.1898 0.1991 
         202  1 0.2016 0.1902 0.2040 0.1991 0.2051 
         203  1 0.1873 0.1890 0.2302 0.1814 0.2121 
         204  1 0.1952 0.2400 0.2132 0.1955 0.1561 
         205  1 0.2663 0.0856 0.0676 0.2239 0.3567 
         206  1 0.1818 0.2134 0.2339 0.1941 0.1768 
         207  1 0.1976 0.2355 0.2119 0.1886 0.1663 
         208  1 0.2647 0.0842 0.0708 0.2235 0.3568 
         209  1 0.2072 0.2065 0.2073 0.2010 0.1781 
         210  1 0.2102 0.1869 0.2106 0.1945 0.1977 
         211  1 0.1955 0.2239 0.2114 0.1988 0.1703 
         212  1 0.1972 0.1971 0.2078 0.2069 0.1910 
         213  1 0.1906 0.2100 0.2142 0.2035 0.1817 
         214  1 0.2106 0.1906 0.1842 0.2008 0.2139 
         215  1 0.1901 0.2042 0.2225 0.1999 0.1833 
         216  1 0.2096 0.1898 0.1768 0.2070 0.2168 
         217  1 0.2334 0.1452 0.1435 0.2157 0.2622 
         218  1 0.2088 0.1835 0.1784 0.2215 0.2078 
         219  1 0.1901 0.2199 0.2143 0.2046 0.1711 
         220  1 0.2036 0.1956 0.2039 0.1945 0.2024 
         221  1 0.2111 0.1939 0.1802 0.2125 0.2023 
         222  1 0.1810 0.2210 0.2162 0.1954 0.1864 
         223  1 0.2005 0.1954 0.1959 0.2040 0.2041 
         224  1 0.1993 0.2165 0.1915 0.2080 0.1847 
         225  1 0.2142 0.1759 0.1704 0.2187 0.2207 
         226  1 0.2063 0.1960 0.1845 0.2047 0.2085 
         227  1 0.1932 0.1988 0.2121 0.1911 0.2048 
         228  1 0.2033 0.1954 0.1905 0.1934 0.2175 
         229  1 0.2082 0.1900 0.1734 0.2158 0.2126 
         230  1 0.2143 0.1877 0.1806 0.2071 0.2103 
         231  1 0.2052 0.1894 0.1840 0.2191 0.2023 
         232  1 0.2172 0.1615 0.1454 0.2152 0.2608 
         233  1 0.1965 0.2141 0.2173 0.1931 0.1789 
         234  1 0.1977 0.2260 0.1973 0.2101 0.1688 
         235  1 0.2052 0.1859 0.2032 0.1959 0.2099 
         236  1 0.1992 0.1966 0.2133 0.1972 0.1937 
         237  1 0.1866 0.2065 0.2384 0.1810 0.1875 
         238  1 0.2040 0.2027 0.1929 0.1950 0.2054 
         239  1 0.1807 0.2004 0.2117 0.1923 0.2149 
         240  1 0.1997 0.2001 0.2058 0.1926 0.2018 
         241  1 0.2125 0.1841 0.1594 0.2107 0.2332 
         242  1 0.2332 0.1493 0.1361 0.2115 0.2699 
         243  1 0.2277 0.1545 0.1506 0.2172 0.2500 
         244  1 0.1856 0.1983 0.2242 0.1943 0.1976 
         245  1 0.1965 0.2013 0.2044 0.2019 0.1959 
         246  1 0.2079 0.2036 0.1855 0.2045 0.1986 
