1:    0.828 0.008 0.098 0.066 1    
2:    0.051 0.006 0.068 0.875 1    
3:    0.272 0.011 0.386 0.331 1    
4:    0.628 0.007 0.040 0.326 1    
5:    0.115 0.055 0.017 0.813 1    
6:    0.580 0.023 0.017 0.380 1    
7:    0.041 0.008 0.017 0.935 1    
8:    0.033 0.005 0.433 0.529 1    
9:    0.695 0.010 0.087 0.208 1    
10:   0.336 0.069 0.403 0.192 1    
11:   0.652 0.009 0.030 0.309 1    
12:   0.115 0.005 0.225 0.655 1    
13:   0.157 0.008 0.181 0.654 1    
14:   0.417 0.011 0.065 0.507 1    
15:   0.730 0.012 0.185 0.073 1    
16:   0.532 0.008 0.044 0.416 1    
17:   0.354 0.026 0.063 0.556 1    
18:   0.307 0.014 0.338 0.341 1    
19:   0.599 0.012 0.239 0.150 1    
20:   0.030 0.291 0.131 0.547 1    
21:   0.292 0.060 0.315 0.334 1    
22:   0.850 0.006 0.016 0.127 1    
23:   0.094 0.014 0.034 0.858 1    
24:   0.421 0.069 0.090 0.420 1    
25:   0.386 0.036 0.232 0.347 1    
26:   0.377 0.005 0.041 0.576 1    
27:   0.495 0.009 0.040 0.456 1    
28:   0.469 0.169 0.162 0.200 1    
29:   0.194 0.051 0.156 0.599 1    
30:   0.569 0.004 0.044 0.383 1    
31:   0.399 0.009 0.015 0.576 1    
32:   0.132 0.006 0.014 0.847 1    
33:   0.358 0.006 0.020 0.617 1    
34:   0.233 0.022 0.542 0.203 1    
35:   0.086 0.011 0.031 0.873 1    
36:   0.170 0.006 0.014 0.810 1    
37:   0.347 0.110 0.108 0.435 1    
38:   0.233 0.008 0.079 0.679 1    
39:   0.913 0.011 0.026 0.050 1    
40:   0.341 0.017 0.018 0.624 1    
41:   0.427 0.015 0.051 0.507 1    
42:   0.073 0.018 0.223 0.685 1    
43:   0.240 0.012 0.272 0.476 1    
44:   0.391 0.045 0.036 0.528 1    
45:   0.118 0.005 0.483 0.395 1    
46:   0.204 0.012 0.073 0.711 1    
47:   0.707 0.042 0.027 0.223 1    
48:   0.113 0.044 0.065 0.778 1    
49:   0.188 0.023 0.644 0.144 1    
50:   0.298 0.009 0.229 0.464 1    
51:   0.070 0.006 0.133 0.792 1    
52:   0.150 0.006 0.015 0.829 1    
53:   0.015 0.006 0.779 0.200 1    
54:   0.292 0.116 0.040 0.552 1    
55:   0.045 0.013 0.821 0.122 1    
56:   0.734 0.020 0.018 0.228 1    
57:   0.209 0.008 0.091 0.692 1    
58:   0.472 0.032 0.069 0.427 1    
59:   0.292 0.007 0.018 0.683 1    
60:   0.339 0.018 0.094 0.550 1    
61:   0.439 0.210 0.069 0.283 1    
62:   0.084 0.008 0.098 0.810 1    
63:   0.168 0.016 0.115 0.702 1    
64:   0.653 0.006 0.072 0.268 1    
65:   0.383 0.011 0.048 0.559 1    
66:   0.054 0.012 0.073 0.861 1    
67:   0.158 0.066 0.061 0.715 1    
68:   0.702 0.022 0.049 0.226 1    
69:   0.437 0.144 0.027 0.393 1    
70:   0.391 0.022 0.131 0.456 1    
71:   0.258 0.030 0.020 0.693 1    
72:   0.098 0.017 0.169 0.716 1    
73:   0.681 0.011 0.174 0.134 1    
74:   0.661 0.009 0.035 0.294 1    
75:   0.055 0.008 0.093 0.844 1    
76:   0.166 0.009 0.031 0.794 1    
77:   0.008 0.014 0.971 0.007 1    
78:   0.010 0.022 0.958 0.009 1    
79:   0.007 0.011 0.975 0.008 1    
80:   0.008 0.005 0.979 0.008 1    
81:   0.007 0.006 0.979 0.009 1    
82:   0.007 0.010 0.974 0.009 1    
83:   0.009 0.019 0.962 0.009 1    
84:   0.014 0.009 0.965 0.011 1    
85:   0.010 0.009 0.970 0.011 1    
86:   0.050 0.010 0.886 0.055 1    
87:   0.009 0.007 0.975 0.009 1    
88:   0.010 0.013 0.967 0.010 1    
89:   0.008 0.025 0.958 0.009 1    
90:   0.080 0.014 0.823 0.083 1    
91:   0.011 0.013 0.967 0.009 1    
92:   0.007 0.035 0.949 0.008 1    
93:   0.007 0.007 0.977 0.009 1    
94:   0.007 0.014 0.971 0.008 1    
95:   0.016 0.018 0.949 0.017 1    
96:   0.010 0.006 0.976 0.008 1    
97:   0.025 0.123 0.829 0.023 1    
98:   0.088 0.018 0.823 0.070 1    
99:   0.010 0.005 0.977 0.008 1    
100:  0.009 0.009 0.971 0.011 1    
101:  0.010 0.005 0.974 0.010 1    
102:  0.016 0.033 0.932 0.019 1    
103:  0.742 0.008 0.037 0.212 1    
104:  0.497 0.006 0.048 0.449 1    
105:  0.386 0.027 0.189 0.399 1    
106:  0.172 0.015 0.207 0.606 1    
107:  0.757 0.009 0.039 0.195 1    
108:  0.414 0.021 0.433 0.131 1    
109:  0.448 0.044 0.142 0.366 1    
110:  0.223 0.020 0.017 0.740 1    
111:  0.144 0.008 0.097 0.750 1    
112:  0.342 0.006 0.139 0.513 1    
113:  0.080 0.010 0.176 0.734 1    
114:  0.047 0.009 0.079 0.865 1    
115:  0.723 0.049 0.044 0.183 1    
116:  0.575 0.005 0.034 0.386 1    
117:  0.305 0.009 0.136 0.550 1    
118:  0.573 0.008 0.029 0.389 1    
119:  0.274 0.006 0.043 0.677 1    
120:  0.196 0.006 0.562 0.236 1    
121:  0.407 0.014 0.301 0.277 1    
122:  0.510 0.019 0.057 0.414 1    
123:  0.560 0.015 0.159 0.266 1    
124:  0.438 0.011 0.199 0.352 1    
125:  0.101 0.010 0.053 0.836 1    
126:  0.263 0.020 0.466 0.251 1    
127:  0.396 0.012 0.088 0.504 1    
128:  0.024 0.006 0.930 0.040 1    
129:  0.275 0.015 0.413 0.297 1    
130:  0.382 0.014 0.054 0.550 1    
131:  0.377 0.007 0.466 0.150 1    
132:  0.028 0.004 0.071 0.896 1    
133:  0.073 0.006 0.718 0.203 1    
134:  0.056 0.008 0.332 0.604 1    
135:  0.102 0.047 0.687 0.163 1    
136:  0.137 0.014 0.643 0.206 1    
137:  0.787 0.012 0.021 0.180 1    
138:  0.080 0.009 0.245 0.666 1    
139:  0.562 0.007 0.148 0.283 1    
140:  0.415 0.071 0.236 0.278 1    
141:  0.163 0.008 0.032 0.797 1    
142:  0.340 0.010 0.037 0.613 1    
143:  0.425 0.007 0.427 0.141 1    
144:  0.495 0.007 0.114 0.384 1    
145:  0.662 0.060 0.052 0.226 1    
146:  0.213 0.028 0.430 0.329 1    
147:  0.818 0.023 0.034 0.125 1    
148:  0.057 0.009 0.563 0.371 1    
149:  0.727 0.040 0.032 0.201 1    
150:  0.053 0.072 0.725 0.151 1    
151:  0.159 0.011 0.086 0.745 1    
152:  0.615 0.233 0.060 0.092 1    
153:  0.297 0.051 0.039 0.613 1    
154:  0.679 0.077 0.091 0.153 1    
155:  0.272 0.011 0.125 0.592 1    
156:  0.162 0.027 0.762 0.049 1    
157:  0.148 0.009 0.325 0.518 1    
158:  0.242 0.007 0.180 0.572 1    
159:  0.210 0.316 0.262 0.212 1    
160:  0.753 0.011 0.083 0.154 1    
161:  0.489 0.034 0.162 0.314 1    
162:  0.319 0.014 0.093 0.574 1    
163:  0.648 0.006 0.057 0.289 1    
164:  0.333 0.009 0.033 0.624 1    
165:  0.034 0.099 0.013 0.854 1    
166:  0.069 0.005 0.849 0.077 1    
167:  0.822 0.008 0.046 0.124 1    
168:  0.140 0.017 0.353 0.490 1    
169:  0.140 0.005 0.026 0.829 1    
170:  0.619 0.014 0.098 0.269 1    
171:  0.459 0.033 0.234 0.274 1    
172:  0.677 0.012 0.026 0.285 1    
173:  0.313 0.023 0.050 0.614 1    
174:  0.453 0.128 0.025 0.394 1    
175:  0.804 0.013 0.024 0.159 1    
176:  0.684 0.015 0.129 0.173 1    
177:  0.288 0.006 0.023 0.683 1    
178:  0.249 0.019 0.044 0.688 1    
179:  0.689 0.023 0.206 0.083 1    
180:  0.698 0.006 0.096 0.200 1    
181:  0.194 0.015 0.660 0.131 1    
182:  0.188 0.012 0.560 0.240 1    
183:  0.416 0.022 0.316 0.246 1    
184:  0.345 0.010 0.137 0.509 1    
185:  0.329 0.009 0.402 0.259 1    
186:  0.562 0.004 0.174 0.259 1    
187:  0.401 0.032 0.039 0.528 1    
188:  0.402 0.025 0.104 0.470 1    
189:  0.622 0.013 0.066 0.299 1    
190:  0.531 0.028 0.032 0.409 1    
191:  0.378 0.064 0.416 0.142 1    
192:  0.806 0.052 0.017 0.126 1    
193:  0.183 0.011 0.111 0.695 1    
194:  0.293 0.023 0.035 0.649 1    
195:  0.277 0.031 0.059 0.632 1    
196:  0.032 0.007 0.880 0.081 1    
197:  0.235 0.006 0.292 0.467 1    
198:  0.306 0.013 0.218 0.464 1    
199:  0.581 0.011 0.214 0.193 1    
200:  0.117 0.007 0.223 0.654 1    
201:  0.516 0.078 0.059 0.347 1    
202:  0.077 0.007 0.384 0.532 1    
203:  0.531 0.009 0.305 0.155 1    
204:  0.034 0.014 0.294 0.659 1    
205:  0.144 0.031 0.240 0.585 1    
206:  0.734 0.024 0.036 0.206 1    
207:  0.589 0.006 0.210 0.195 1    
208:  0.038 0.006 0.839 0.118 1    
209:  0.113 0.037 0.052 0.797 1    
210:  0.263 0.010 0.070 0.657 1    
211:  0.131 0.006 0.448 0.415 1    
212:  0.368 0.028 0.306 0.298 1    
213:  0.204 0.015 0.263 0.518 1    
214:  0.108 0.033 0.096 0.763 1    
215:  0.565 0.010 0.227 0.198 1    
216:  0.438 0.014 0.040 0.508 1    
217:  0.356 0.038 0.093 0.512 1    
218:  0.229 0.018 0.317 0.435 1    
219:  0.444 0.004 0.023 0.528 1    
220:  0.031 0.014 0.837 0.118 1    
221:  0.302 0.021 0.438 0.239 1    
222:  0.496 0.105 0.043 0.356 1    
223:  0.805 0.025 0.024 0.146 1    
224:  0.509 0.017 0.027 0.447 1    
225:  0.588 0.255 0.045 0.113 1    
226:  0.216 0.038 0.431 0.314 1    
227:  0.184 0.007 0.030 0.779 1    
228:  0.476 0.008 0.041 0.476 1    
229:  0.270 0.019 0.141 0.570 1    
230:  0.474 0.025 0.022 0.479 1    
231:  0.648 0.009 0.081 0.261 1    
232:  0.621 0.004 0.044 0.331 1    
233:  0.612 0.013 0.172 0.202 1    
234:  0.450 0.032 0.088 0.431 1    
235:  0.122 0.012 0.045 0.820 1    
236:  0.553 0.016 0.216 0.215 1    
237:  0.164 0.027 0.660 0.149 1    
238:  0.248 0.038 0.219 0.495 1    
239:  0.105 0.013 0.266 0.616 1    
240:  0.303 0.018 0.399 0.280 1    
241:  0.548 0.008 0.084 0.360 1    
242:  0.181 0.013 0.454 0.351 1    
243:  0.113 0.014 0.125 0.748 1    
244:  0.813 0.005 0.091 0.092 1    
245:  0.054 0.017 0.066 0.863 1    
246:  0.221 0.006 0.673 0.099 1    
247:  0.311 0.032 0.015 0.641 1    
248:  0.094 0.011 0.545 0.349 1    
249:  0.515 0.010 0.066 0.409 1    
250:  0.468 0.039 0.343 0.149 1    
251:  0.722 0.007 0.112 0.159 1    
252:  0.152 0.035 0.280 0.533 1    
253:  0.021 0.008 0.879 0.091 1    
254:  0.129 0.009 0.182 0.680 1    
255:  0.038 0.006 0.790 0.166 1    
256:  0.773 0.011 0.025 0.191 1    
257:  0.273 0.021 0.256 0.449 1    
258:  0.533 0.006 0.019 0.441 1    
259:  0.287 0.007 0.081 0.626 1    
260:  0.363 0.023 0.047 0.567 1    
261:  0.287 0.008 0.027 0.679 1    
262:  0.103 0.008 0.035 0.853 1    
263:  0.052 0.140 0.054 0.753 1    
264:  0.025 0.036 0.062 0.878 1    
265:  0.251 0.031 0.022 0.696 1    
266:  0.197 0.010 0.050 0.743 1    
267:  0.233 0.013 0.257 0.498 1    
268:  0.206 0.091 0.436 0.268 1    
269:  0.831 0.015 0.047 0.107 1    
270:  0.379 0.007 0.199 0.415 1    
271:  0.109 0.041 0.294 0.555 1    
272:  0.904 0.027 0.014 0.055 1    
273:  0.436 0.027 0.039 0.498 1    
274:  0.441 0.030 0.206 0.322 1    
275:  0.236 0.012 0.308 0.444 1    
276:  0.731 0.107 0.043 0.119 1    
277:  0.657 0.015 0.018 0.310 1    
278:  0.116 0.106 0.496 0.282 1    
279:  0.375 0.033 0.150 0.442 1    
280:  0.535 0.006 0.222 0.237 1    
281:  0.051 0.005 0.557 0.387 1    
282:  0.230 0.071 0.450 0.249 1    
283:  0.163 0.303 0.170 0.364 1    
284:  0.598 0.044 0.029 0.329 1    
285:  0.060 0.020 0.176 0.744 1    
286:  0.173 0.010 0.501 0.316 1    
287:  0.191 0.012 0.591 0.206 1    
288:  0.437 0.017 0.248 0.297 1    
289:  0.099 0.010 0.017 0.874 1    
290:  0.171 0.009 0.385 0.435 1    
291:  0.354 0.022 0.196 0.428 1    
292:  0.631 0.043 0.112 0.214 1    
293:  0.770 0.009 0.125 0.096 1    
294:  0.165 0.106 0.427 0.303 1    
295:  0.643 0.012 0.253 0.092 1    
296:  0.499 0.060 0.045 0.396 1    
297:  0.324 0.085 0.165 0.426 1    
298:  0.130 0.009 0.218 0.642 1    
299:  0.121 0.037 0.305 0.537 1    
300:  0.263 0.022 0.243 0.472 1    
301:  0.115 0.006 0.808 0.071 1    
302:  0.192 0.012 0.201 0.596 1    
303:  0.078 0.070 0.074 0.778 1    
304:  0.615 0.011 0.025 0.349 1    
305:  0.347 0.009 0.367 0.277 1    
306:  0.365 0.010 0.048 0.576 1    
307:  0.337 0.034 0.172 0.457 1    
308:  0.192 0.009 0.486 0.313 1    
309:  0.659 0.055 0.041 0.245 1    
310:  0.334 0.196 0.066 0.403 1    
311:  0.618 0.025 0.089 0.268 1    
312:  0.278 0.035 0.539 0.147 1    
313:  0.485 0.007 0.034 0.475 1    
314:  0.109 0.049 0.770 0.072 1    
315:  0.670 0.010 0.047 0.272 1    
316:  0.354 0.110 0.076 0.460 1    
317:  0.310 0.032 0.295 0.363 1    
318:  0.846 0.017 0.011 0.126 1    
319:  0.417 0.223 0.060 0.299 1    
320:  0.129 0.050 0.726 0.095 1    
321:  0.159 0.006 0.106 0.728 1    
322:  0.590 0.016 0.289 0.104 1    
323:  0.272 0.016 0.181 0.531 1    
324:  0.295 0.008 0.088 0.609 1    
325:  0.753 0.028 0.067 0.152 1    
326:  0.248 0.009 0.123 0.620 1    
327:  0.459 0.006 0.144 0.391 1    
328:  0.157 0.019 0.497 0.326 1    
329:  0.135 0.023 0.680 0.162 1    
330:  0.487 0.005 0.293 0.215 1    
331:  0.863 0.006 0.037 0.094 1    
332:  0.538 0.010 0.051 0.401 1    
333:  0.127 0.013 0.156 0.704 1    
334:  0.174 0.007 0.111 0.708 1    
335:  0.226 0.009 0.306 0.459 1    
336:  0.932 0.008 0.023 0.038 1    
337:  0.688 0.044 0.050 0.218 1    
338:  0.753 0.010 0.195 0.043 1    
339:  0.971 0.010 0.008 0.011 1    
340:  0.909 0.045 0.014 0.031 1    
341:  0.359 0.008 0.059 0.573 1    
342:  0.971 0.008 0.008 0.012 1    
343:  0.893 0.009 0.064 0.034 1    
344:  0.940 0.016 0.027 0.018 1    
345:  0.962 0.013 0.010 0.014 1    
346:  0.949 0.018 0.012 0.021 1    
347:  0.926 0.014 0.013 0.047 1    
348:  0.740 0.036 0.122 0.101 1    
349:  0.971 0.007 0.011 0.010 1    
350:  0.600 0.010 0.356 0.033 1    
351:  0.883 0.086 0.012 0.019 1    
352:  0.473 0.007 0.277 0.243 1    
353:  0.936 0.027 0.017 0.020 1    
354:  0.948 0.024 0.011 0.017 1    
355:  0.904 0.034 0.030 0.033 1    
356:  0.106 0.011 0.305 0.578 1    
357:  0.675 0.170 0.061 0.095 1    
358:  0.402 0.014 0.324 0.260 1    
359:  0.172 0.025 0.030 0.772 1    
360:  0.466 0.061 0.394 0.079 1    
361:  0.417 0.129 0.192 0.261 1    
362:  0.120 0.006 0.513 0.360 1    
363:  0.848 0.007 0.023 0.121 1    
364:  0.165 0.008 0.046 0.782 1    
365:  0.861 0.009 0.023 0.107 1    
366:  0.854 0.006 0.018 0.122 1    
367:  0.170 0.019 0.475 0.336 1    
368:  0.347 0.015 0.265 0.373 1    
369:  0.761 0.005 0.093 0.141 1    
370:  0.723 0.053 0.042 0.181 1    
371:  0.589 0.066 0.105 0.240 1    
372:  0.715 0.052 0.017 0.216 1    
373:  0.404 0.022 0.088 0.486 1    
374:  0.224 0.049 0.580 0.146 1    
375:  0.461 0.031 0.020 0.489 1    
376:  0.554 0.016 0.097 0.333 1    
377:  0.193 0.012 0.274 0.521 1    
378:  0.798 0.010 0.149 0.043 1    
379:  0.439 0.014 0.078 0.470 1    
380:  0.100 0.017 0.033 0.851 1    
381:  0.721 0.014 0.076 0.189 1    
382:  0.128 0.028 0.024 0.820 1    
383:  0.210 0.020 0.456 0.314 1    
384:  0.409 0.016 0.225 0.350 1    
385:  0.201 0.005 0.013 0.781 1    
386:  0.399 0.010 0.456 0.134 1    
387:  0.784 0.009 0.021 0.186 1    
388:  0.416 0.016 0.281 0.287 1    
389:  0.180 0.008 0.166 0.646 1    
390:  0.661 0.005 0.218 0.116 1    
391:  0.565 0.008 0.064 0.363 1    
392:  0.485 0.020 0.043 0.451 1    
393:  0.317 0.009 0.268 0.406 1    
394:  0.166 0.009 0.294 0.531 1    
395:  0.245 0.008 0.155 0.592 1    
396:  0.232 0.008 0.133 0.627 1    
397:  0.331 0.009 0.117 0.544 1    
398:  0.056 0.024 0.857 0.062 1    
399:  0.253 0.014 0.120 0.614 1    
400:  0.121 0.052 0.334 0.493 1    
401:  0.440 0.009 0.185 0.366 1    
402:  0.267 0.022 0.118 0.594 1    
403:  0.483 0.008 0.208 0.301 1    
404:  0.525 0.023 0.058 0.394 1    
405:  0.628 0.013 0.252 0.106 1    
406:  0.354 0.062 0.117 0.468 1    
407:  0.114 0.015 0.052 0.819 1    
408:  0.289 0.010 0.189 0.511 1    
409:  0.457 0.024 0.053 0.466 1    
410:  0.092 0.012 0.291 0.606 1    
411:  0.476 0.036 0.063 0.424 1    
412:  0.229 0.018 0.077 0.677 1    
413:  0.350 0.007 0.172 0.470 1    
414:  0.608 0.020 0.153 0.219 1    
415:  0.082 0.009 0.747 0.163 1    
416:  0.172 0.011 0.098 0.719 1    
417:  0.226 0.014 0.558 0.202 1    
418:  0.405 0.006 0.242 0.347 1    
419:  0.244 0.014 0.534 0.208 1    
420:  0.037 0.007 0.867 0.089 1    
421:  0.085 0.010 0.689 0.216 1    
422:  0.252 0.128 0.534 0.086 1    
423:  0.357 0.017 0.026 0.600 1    
424:  0.495 0.022 0.081 0.402 1    
425:  0.745 0.008 0.030 0.216 1    
426:  0.704 0.044 0.046 0.206 1    
427:  0.259 0.006 0.129 0.605 1    
428:  0.563 0.007 0.094 0.336 1    
429:  0.084 0.019 0.018 0.879 1    
430:  0.273 0.402 0.045 0.280 1    
431:  0.069 0.008 0.050 0.873 1    
432:  0.751 0.011 0.055 0.183 1    
433:  0.532 0.031 0.067 0.370 1    
434:  0.121 0.010 0.194 0.676 1    
435:  0.058 0.015 0.753 0.174 1    
436:  0.019 0.011 0.894 0.077 1    
437:  0.150 0.225 0.377 0.249 1    
438:  0.091 0.049 0.034 0.827 1    
439:  0.845 0.017 0.034 0.104 1    
440:  0.626 0.006 0.193 0.175 1    
441:  0.052 0.117 0.336 0.495 1    
442:  0.118 0.238 0.217 0.427 1    
443:  0.614 0.024 0.048 0.314 1    
444:  0.368 0.018 0.091 0.524 1    
445:  0.656 0.011 0.068 0.265 1    
446:  0.801 0.015 0.058 0.127 1    
447:  0.552 0.010 0.290 0.148 1    
448:  0.600 0.057 0.306 0.037 1    
449:  0.411 0.009 0.432 0.148 1    
450:  0.786 0.096 0.082 0.036 1    
451:  0.438 0.006 0.433 0.123 1    
452:  0.100 0.021 0.113 0.766 1    
453:  0.071 0.012 0.793 0.124 1    
454:  0.241 0.062 0.110 0.587 1    
455:  0.226 0.011 0.034 0.729 1    
456:  0.360 0.015 0.037 0.588 1    
457:  0.032 0.006 0.226 0.736 1    
458:  0.633 0.019 0.043 0.305 1    
459:  0.526 0.049 0.127 0.298 1    
460:  0.096 0.090 0.644 0.169 1    
461:  0.091 0.037 0.755 0.117 1    
462:  0.486 0.010 0.182 0.322 1    
463:  0.564 0.039 0.253 0.144 1    
464:  0.071 0.012 0.843 0.075 1    
465:  0.559 0.081 0.135 0.225 1    
466:  0.520 0.159 0.238 0.083 1    
467:  0.298 0.019 0.188 0.495 1    
468:  0.642 0.009 0.198 0.151 1    
469:  0.491 0.009 0.172 0.327 1    
470:  0.265 0.059 0.110 0.566 1    
471:  0.120 0.007 0.321 0.551 1    
472:  0.095 0.042 0.366 0.496 1    
473:  0.178 0.020 0.050 0.751 1    
474:  0.292 0.008 0.047 0.652 1    
475:  0.129 0.005 0.037 0.828 1    
476:  0.116 0.007 0.309 0.568 1    
477:  0.417 0.080 0.162 0.341 1    
478:  0.536 0.099 0.060 0.305 1    
479:  0.034 0.007 0.928 0.030 1    
480:  0.378 0.010 0.199 0.412 1    
481:  0.161 0.013 0.191 0.635 1    
482:  0.816 0.006 0.032 0.146 1    
483:  0.167 0.021 0.045 0.767 1    
484:  0.240 0.007 0.563 0.189 1    
485:  0.183 0.541 0.205 0.072 1    
486:  0.377 0.011 0.239 0.373 1    
487:  0.594 0.009 0.081 0.315 1    
488:  0.313 0.023 0.449 0.215 1    
489:  0.117 0.009 0.761 0.112 1    
490:  0.836 0.014 0.065 0.085 1    
491:  0.556 0.007 0.205 0.231 1    
492:  0.392 0.017 0.065 0.525 1    
493:  0.635 0.004 0.054 0.307 1    
494:  0.177 0.009 0.079 0.735 1    
495:  0.135 0.028 0.192 0.646 1    
496:  0.162 0.101 0.123 0.614 1    
497:  0.646 0.010 0.194 0.149 1    
498:  0.269 0.013 0.203 0.515 1    
499:  0.246 0.007 0.145 0.602 1    
500:  0.270 0.010 0.047 0.673 1    
501:  0.391 0.014 0.097 0.498 1    
502:  0.067 0.049 0.659 0.225 1    
503:  0.431 0.008 0.087 0.473 1    
504:  0.650 0.009 0.206 0.135 1    
505:  0.431 0.104 0.044 0.421 1    
506:  0.284 0.029 0.324 0.363 1    
507:  0.243 0.113 0.384 0.261 1    
508:  0.241 0.011 0.066 0.681 1    
509:  0.068 0.005 0.016 0.911 1    
510:  0.252 0.008 0.443 0.297 1    
511:  0.575 0.012 0.126 0.287 1    
512:  0.665 0.012 0.085 0.238 1    
513:  0.510 0.015 0.041 0.434 1    
514:  0.751 0.021 0.056 0.172 1    
515:  0.425 0.007 0.109 0.459 1    
516:  0.637 0.029 0.045 0.289 1    
517:  0.799 0.027 0.016 0.158 1    
518:  0.265 0.202 0.138 0.395 1    
519:  0.228 0.038 0.639 0.095 1    
520:  0.235 0.018 0.177 0.570 1    
521:  0.425 0.008 0.420 0.147 1    
522:  0.048 0.012 0.885 0.055 1    
523:  0.352 0.024 0.080 0.544 1    
524:  0.359 0.005 0.112 0.523 1    
525:  0.336 0.012 0.047 0.604 1    
526:  0.774 0.021 0.128 0.077 1    
527:  0.055 0.009 0.604 0.332 1    
528:  0.506 0.011 0.087 0.397 1    
529:  0.018 0.014 0.933 0.035 1    
530:  0.577 0.064 0.181 0.178 1    
531:  0.365 0.009 0.376 0.250 1    
532:  0.171 0.015 0.688 0.126 1    
533:  0.401 0.015 0.289 0.296 1    
534:  0.703 0.057 0.068 0.172 1    
535:  0.617 0.017 0.055 0.310 1    
536:  0.051 0.013 0.762 0.174 1    
537:  0.499 0.049 0.211 0.242 1    
538:  0.244 0.005 0.014 0.737 1    
539:  0.780 0.014 0.033 0.172 1    
540:  0.317 0.010 0.229 0.444 1    
541:  0.162 0.011 0.592 0.235 1    
542:  0.656 0.011 0.221 0.112 1    
543:  0.100 0.004 0.077 0.819 1    
544:  0.621 0.045 0.188 0.145 1    
545:  0.800 0.035 0.067 0.099 1    
546:  0.202 0.021 0.081 0.696 1    
547:  0.330 0.009 0.319 0.341 1    
548:  0.586 0.007 0.109 0.298 1    
549:  0.838 0.022 0.090 0.051 1    
550:  0.447 0.006 0.026 0.521 1    
551:  0.148 0.007 0.427 0.418 1    
552:  0.706 0.004 0.055 0.235 1    
553:  0.452 0.029 0.212 0.308 1    
554:  0.275 0.051 0.174 0.500 1    
555:  0.573 0.029 0.065 0.333 1    
556:  0.766 0.025 0.087 0.121 1    
557:  0.460 0.012 0.160 0.368 1    
558:  0.479 0.008 0.121 0.391 1    
559:  0.125 0.043 0.025 0.807 1    
560:  0.694 0.020 0.080 0.207 1    
561:  0.541 0.016 0.132 0.311 1    
562:  0.179 0.013 0.389 0.419 1    
563:  0.653 0.009 0.062 0.277 1    
564:  0.193 0.290 0.125 0.392 1    
565:  0.264 0.010 0.422 0.305 1    
566:  0.164 0.027 0.337 0.472 1    
567:  0.055 0.010 0.737 0.198 1    
568:  0.071 0.042 0.152 0.735 1    
569:  0.470 0.005 0.051 0.474 1    
570:  0.119 0.008 0.424 0.450 1    
571:  0.096 0.009 0.444 0.450 1    
572:  0.372 0.012 0.231 0.385 1    
573:  0.333 0.217 0.042 0.408 1    
574:  0.264 0.035 0.301 0.401 1    
575:  0.633 0.018 0.060 0.289 1    
576:  0.621 0.054 0.134 0.190 1    
577:  0.438 0.060 0.221 0.281 1    
578:  0.097 0.220 0.550 0.133 1    
579:  0.467 0.031 0.049 0.452 1    
580:  0.054 0.009 0.721 0.216 1    
581:  0.534 0.007 0.024 0.434 1    
582:  0.330 0.133 0.223 0.314 1    
583:  0.420 0.103 0.333 0.144 1    
584:  0.620 0.019 0.093 0.268 1    
585:  0.449 0.024 0.442 0.086 1    
586:  0.546 0.013 0.048 0.394 1    
587:  0.719 0.012 0.028 0.241 1    
588:  0.215 0.031 0.263 0.491 1    
589:  0.043 0.047 0.087 0.823 1    
590:  0.453 0.020 0.055 0.471 1    
591:  0.041 0.007 0.732 0.220 1    
592:  0.143 0.018 0.018 0.821 1    
593:  0.274 0.019 0.043 0.664 1    
594:  0.561 0.028 0.030 0.381 1    
595:  0.023 0.011 0.940 0.026 1    
596:  0.256 0.016 0.240 0.488 1    
597:  0.383 0.020 0.465 0.133 1    
598:  0.921 0.007 0.020 0.052 1    
599:  0.285 0.055 0.227 0.433 1    
600:  0.447 0.044 0.273 0.236 1    
601:  0.634 0.129 0.032 0.204 1    
602:  0.266 0.071 0.331 0.332 1    
603:  0.206 0.012 0.650 0.131 1    
604:  0.050 0.015 0.409 0.526 1    
605:  0.248 0.009 0.114 0.630 1    
606:  0.208 0.023 0.496 0.273 1    
607:  0.239 0.029 0.109 0.623 1    
608:  0.432 0.010 0.039 0.519 1    
609:  0.523 0.011 0.086 0.380 1    
610:  0.281 0.042 0.170 0.506 1    
611:  0.080 0.007 0.055 0.858 1    
612:  0.596 0.032 0.025 0.347 1    
613:  0.204 0.029 0.347 0.420 1    
614:  0.537 0.008 0.162 0.293 1    
615:  0.645 0.023 0.120 0.213 1    
616:  0.561 0.015 0.095 0.328 1    
617:  0.122 0.012 0.363 0.502 1    
618:  0.506 0.014 0.291 0.189 1    
619:  0.097 0.025 0.810 0.068 1    
620:  0.811 0.008 0.093 0.088 1    
621:  0.781 0.077 0.019 0.123 1    
622:  0.819 0.016 0.036 0.129 1    
623:  0.134 0.003 0.020 0.843 1    
624:  0.698 0.024 0.075 0.203 1    
625:  0.285 0.009 0.320 0.387 1    
626:  0.015 0.005 0.938 0.042 1    
627:  0.490 0.052 0.081 0.377 1    
628:  0.612 0.009 0.108 0.271 1    
629:  0.031 0.018 0.899 0.052 1    
630:  0.412 0.007 0.061 0.521 1    
631:  0.664 0.008 0.029 0.299 1    
632:  0.678 0.015 0.088 0.219 1    
633:  0.103 0.111 0.137 0.649 1    
634:  0.713 0.020 0.041 0.225 1    
635:  0.341 0.011 0.166 0.482 1    
636:  0.348 0.019 0.586 0.047 1    
637:  0.221 0.010 0.418 0.350 1    
638:  0.584 0.045 0.182 0.189 1    
639:  0.074 0.011 0.722 0.194 1    
640:  0.781 0.012 0.062 0.145 1    
641:  0.127 0.014 0.175 0.684 1    
642:  0.678 0.010 0.082 0.230 1    
643:  0.316 0.034 0.074 0.576 1    
644:  0.504 0.072 0.195 0.230 1    
645:  0.577 0.053 0.037 0.333 1    
646:  0.715 0.021 0.096 0.169 1    
647:  0.126 0.007 0.377 0.490 1    
648:  0.594 0.142 0.077 0.187 1    
649:  0.455 0.048 0.074 0.423 1    
650:  0.545 0.007 0.137 0.311 1    
651:  0.756 0.014 0.141 0.089 1    
652:  0.415 0.037 0.022 0.526 1    
653:  0.217 0.012 0.558 0.213 1    
654:  0.452 0.008 0.200 0.340 1    
655:  0.626 0.045 0.138 0.191 1    
656:  0.764 0.018 0.067 0.151 1    
657:  0.803 0.020 0.017 0.160 1    
658:  0.125 0.040 0.538 0.296 1    
659:  0.175 0.015 0.254 0.557 1    
660:  0.867 0.019 0.042 0.072 1    
661:  0.073 0.010 0.804 0.112 1    
662:  0.019 0.028 0.912 0.042 1    
663:  0.892 0.007 0.031 0.070 1    
664:  0.468 0.017 0.030 0.484 1    
665:  0.435 0.097 0.112 0.356 1    
666:  0.774 0.005 0.099 0.122 1    
667:  0.387 0.013 0.190 0.410 1    
668:  0.270 0.117 0.447 0.166 1    
669:  0.689 0.010 0.036 0.266 1    
670:  0.145 0.010 0.385 0.459 1    
671:  0.586 0.072 0.014 0.328 1    
672:  0.549 0.016 0.058 0.377 1    
673:  0.456 0.005 0.034 0.505 1    
674:  0.635 0.033 0.246 0.086 1    
675:  0.735 0.020 0.044 0.201 1    
676:  0.518 0.043 0.103 0.336 1    
677:  0.800 0.006 0.055 0.138 1    
678:  0.663 0.007 0.050 0.281 1    
679:  0.900 0.007 0.026 0.067 1    
680:  0.213 0.037 0.405 0.345 1    
681:  0.420 0.012 0.249 0.319 1    
682:  0.073 0.015 0.667 0.245 1    
683:  0.251 0.076 0.501 0.172 1    
684:  0.132 0.009 0.624 0.235 1    
685:  0.646 0.097 0.075 0.183 1    
686:  0.164 0.139 0.022 0.675 1    
687:  0.597 0.010 0.022 0.371 1    
688:  0.334 0.008 0.055 0.603 1    
689:  0.185 0.037 0.096 0.682 1    
690:  0.265 0.016 0.214 0.505 1    
691:  0.323 0.161 0.417 0.098 1    
692:  0.181 0.042 0.221 0.555 1    
693:  0.375 0.007 0.086 0.532 1    
694:  0.624 0.012 0.068 0.296 1    
695:  0.352 0.008 0.188 0.452 1    
696:  0.549 0.033 0.129 0.289 1    
697:  0.205 0.021 0.536 0.238 1    
698:  0.574 0.026 0.168 0.232 1    
699:  0.333 0.017 0.249 0.400 1    
700:  0.668 0.021 0.193 0.118 1    
701:  0.556 0.011 0.100 0.333 1    
702:  0.421 0.054 0.090 0.434 1    
703:  0.084 0.011 0.518 0.387 1    
704:  0.246 0.033 0.555 0.165 1    
705:  0.336 0.013 0.403 0.248 1    
706:  0.626 0.006 0.032 0.335 1    
707:  0.395 0.021 0.427 0.156 1    
708:  0.725 0.013 0.167 0.096 1    
709:  0.339 0.043 0.124 0.493 1    
710:  0.409 0.072 0.101 0.418 1    
711:  0.569 0.013 0.208 0.210 1    
712:  0.279 0.010 0.337 0.373 1    
713:  0.444 0.009 0.369 0.178 1    
714:  0.150 0.064 0.258 0.527 1    
715:  0.158 0.260 0.321 0.260 1    
716:  0.370 0.017 0.075 0.538 1    
717:  0.437 0.135 0.032 0.396 1    
718:  0.794 0.020 0.046 0.140 1    
719:  0.122 0.014 0.029 0.835 1    
720:  0.413 0.160 0.190 0.237 1    
721:  0.220 0.027 0.501 0.253 1    
722:  0.255 0.020 0.630 0.095 1    
723:  0.318 0.019 0.381 0.282 1    
724:  0.305 0.024 0.084 0.587 1    
725:  0.227 0.006 0.400 0.367 1    
726:  0.261 0.099 0.146 0.494 1    
727:  0.581 0.008 0.180 0.231 1    
728:  0.698 0.016 0.052 0.234 1    
729:  0.156 0.016 0.506 0.322 1    
730:  0.519 0.010 0.066 0.405 1    
731:  0.386 0.011 0.168 0.434 1    
732:  0.163 0.029 0.071 0.737 1    
733:  0.580 0.007 0.355 0.058 1    
734:  0.501 0.015 0.166 0.317 1    
735:  0.765 0.011 0.015 0.209 1    
736:  0.537 0.008 0.079 0.376 1    
737:  0.072 0.029 0.776 0.123 1    
738:  0.451 0.015 0.151 0.383 1    
739:  0.153 0.025 0.353 0.469 1    
740:  0.178 0.043 0.477 0.302 1    
741:  0.396 0.009 0.217 0.377 1    
742:  0.015 0.071 0.899 0.015 1    
743:  0.010 0.012 0.967 0.011 1    
744:  0.009 0.027 0.956 0.008 1    
745:  0.007 0.006 0.980 0.007 1    
746:  0.006 0.016 0.971 0.007 1    
747:  0.017 0.005 0.963 0.014 1    
748:  0.016 0.047 0.916 0.020 1    
749:  0.006 0.008 0.979 0.007 1    
750:  0.006 0.008 0.980 0.006 1    
751:  0.010 0.023 0.959 0.008 1    
752:  0.012 0.064 0.914 0.009 1    
753:  0.006 0.036 0.948 0.009 1    
754:  0.009 0.050 0.932 0.009 1    
755:  0.716 0.092 0.092 0.100 1    
756:  0.053 0.045 0.032 0.869 1    
757:  0.052 0.018 0.661 0.269 1    
758:  0.018 0.027 0.251 0.704 1    
759:  0.402 0.104 0.031 0.463 1    
760:  0.257 0.332 0.081 0.331 1    
761:  0.039 0.066 0.195 0.700 1    
762:  0.060 0.797 0.082 0.061 1    
763:  0.139 0.017 0.340 0.503 1    
764:  0.210 0.015 0.073 0.701 1    
765:  0.008 0.978 0.008 0.007 1    
766:  0.117 0.011 0.321 0.551 1    
767:  0.225 0.020 0.162 0.592 1    
768:  0.235 0.020 0.547 0.198 1    
769:  0.093 0.055 0.174 0.678 1    
770:  0.154 0.025 0.219 0.602 1    
771:  0.340 0.014 0.013 0.633 1    
772:  0.429 0.021 0.175 0.374 1    
773:  0.367 0.020 0.236 0.378 1    
774:  0.571 0.013 0.170 0.246 1    
775:  0.010 0.973 0.010 0.008 1    
776:  0.020 0.948 0.014 0.019 1    
777:  0.005 0.985 0.005 0.005 1    
778:  0.189 0.106 0.209 0.496 1    
779:  0.011 0.970 0.008 0.011 1    
780:  0.031 0.920 0.031 0.018 1    
781:  0.009 0.978 0.006 0.007 1    
782:  0.005 0.983 0.006 0.005 1    
783:  0.031 0.922 0.027 0.020 1    
784:  0.007 0.973 0.013 0.007 1    
785:  0.011 0.967 0.013 0.010 1    
786:  0.024 0.921 0.023 0.032 1    
787:  0.008 0.977 0.007 0.008 1    
788:  0.008 0.977 0.008 0.007 1    
789:  0.006 0.978 0.009 0.007 1    
790:  0.012 0.967 0.013 0.009 1    
791:  0.027 0.755 0.182 0.036 1    
792:  0.005 0.978 0.011 0.007 1    
793:  0.035 0.920 0.019 0.026 1    
794:  0.020 0.931 0.022 0.027 1    
795:  0.008 0.977 0.009 0.006 1    
796:  0.033 0.929 0.018 0.020 1    
797:  0.008 0.972 0.010 0.010 1    
798:  0.008 0.952 0.028 0.011 1    
799:  0.005 0.983 0.006 0.006 1    
800:  0.010 0.966 0.013 0.011 1    
801:  0.010 0.971 0.009 0.010 1    
802:  0.005 0.987 0.004 0.004 1    
803:  0.009 0.971 0.008 0.012 1    
804:  0.033 0.907 0.014 0.046 1    
805:  0.059 0.896 0.016 0.029 1    
806:  0.013 0.948 0.027 0.012 1    
807:  0.017 0.966 0.008 0.009 1    
808:  0.014 0.964 0.009 0.013 1    
809:  0.026 0.913 0.038 0.022 1    
810:  0.019 0.950 0.018 0.013 1    
811:  0.005 0.984 0.006 0.005 1    
812:  0.005 0.984 0.006 0.005 1    
813:  0.068 0.833 0.037 0.061 1    
814:  0.007 0.975 0.011 0.007 1    
815:  0.058 0.826 0.062 0.054 1    
816:  0.006 0.981 0.007 0.006 1    
817:  0.010 0.939 0.034 0.017 1    
818:  0.024 0.841 0.065 0.070 1    
819:  0.007 0.976 0.010 0.007 1    
820:  0.006 0.982 0.007 0.005 1    
821:  0.008 0.980 0.006 0.006 1    
822:  0.008 0.976 0.008 0.009 1    
823:  0.015 0.966 0.007 0.012 1    
824:  0.011 0.963 0.015 0.012 1    
825:  0.055 0.817 0.080 0.049 1    
826:  0.008 0.937 0.046 0.009 1    
827:  0.007 0.981 0.005 0.007 1    
828:  0.005 0.986 0.005 0.005 1    
829:  0.004 0.987 0.004 0.004 1    
830:  0.005 0.985 0.005 0.005 1    
831:  0.011 0.964 0.011 0.015 1    
832:  0.018 0.936 0.028 0.018 1    
833:  0.010 0.970 0.011 0.008 1    
834:  0.043 0.877 0.050 0.029 1    
835:  0.006 0.982 0.007 0.006 1    
836:  0.016 0.950 0.021 0.013 1    
837:  0.011 0.970 0.009 0.010 1    
838:  0.074 0.842 0.022 0.062 1    
839:  0.018 0.953 0.012 0.017 1    
840:  0.006 0.983 0.006 0.005 1    
841:  0.280 0.032 0.041 0.647 1    
842:  0.015 0.942 0.024 0.019 1    
843:  0.006 0.983 0.005 0.006 1    
844:  0.006 0.983 0.006 0.006 1    
845:  0.011 0.972 0.007 0.010 1    
846:  0.013 0.963 0.014 0.010 1    
847:  0.008 0.979 0.007 0.006 1    
848:  0.008 0.963 0.021 0.008 1    
849:  0.081 0.015 0.052 0.852 1    
850:  0.087 0.183 0.409 0.321 1    
851:  0.112 0.031 0.053 0.805 1    
852:  0.076 0.195 0.033 0.696 1    
853:  0.476 0.019 0.033 0.472 1    
854:  0.192 0.592 0.037 0.179 1    
855:  0.100 0.025 0.280 0.595 1    
856:  0.366 0.021 0.169 0.444 1    
857:  0.016 0.947 0.019 0.017 1    
858:  0.115 0.078 0.233 0.574 1    
859:  0.015 0.958 0.011 0.016 1    
860:  0.151 0.015 0.085 0.749 1    
861:  0.114 0.654 0.076 0.155 1    
862:  0.275 0.023 0.031 0.670 1    
863:  0.046 0.018 0.245 0.691 1    
864:  0.006 0.981 0.005 0.007 1    
865:  0.291 0.262 0.058 0.389 1    
866:  0.031 0.087 0.245 0.638 1    
867:  0.189 0.017 0.276 0.518 1    
868:  0.160 0.010 0.035 0.794 1    
869:  0.156 0.011 0.127 0.706 1    
870:  0.011 0.969 0.009 0.011 1    
871:  0.283 0.043 0.082 0.592 1    
872:  0.289 0.339 0.104 0.269 1    
873:  0.082 0.033 0.090 0.795 1    
874:  0.275 0.076 0.346 0.303 1    
875:  0.175 0.066 0.157 0.602 1    
876:  0.247 0.130 0.065 0.559 1    
877:  0.306 0.067 0.053 0.573 1    
878:  0.040 0.019 0.019 0.922 1    
879:  0.370 0.252 0.119 0.260 1    
880:  0.180 0.020 0.618 0.181 1    
881:  0.006 0.982 0.007 0.005 1    
882:  0.145 0.138 0.044 0.674 1    
883:  0.024 0.340 0.306 0.330 1    
884:  0.520 0.039 0.127 0.314 1    
885:  0.308 0.029 0.372 0.291 1    
886:  0.675 0.008 0.070 0.247 1    
887:  0.480 0.191 0.110 0.219 1    
888:  0.261 0.027 0.024 0.688 1    
889:  0.042 0.054 0.017 0.888 1    
890:  0.077 0.011 0.034 0.878 1    
891:  0.766 0.004 0.049 0.181 1    
892:  0.005 0.985 0.005 0.005 1    
893:  0.033 0.913 0.016 0.038 1    
                 
                 
1:    0.286 0.008 0.113 0.592 1    
2:    0.239 0.007 0.745 0.009 1    
3:    0.381 0.011 0.412 0.196 1    
4:    0.471 0.007 0.491 0.031 1    
5:    0.082 0.053 0.844 0.021 1    
6:    0.163 0.028 0.763 0.046 1    
7:    0.200 0.008 0.785 0.008 1    
8:    0.146 0.005 0.767 0.082 1    
9:    0.461 0.010 0.341 0.188 1    
10:   0.497 0.083 0.301 0.119 1    
11:   0.457 0.011 0.509 0.023 1    
12:   0.470 0.005 0.512 0.013 1    
13:   0.562 0.008 0.415 0.015 1    
14:   0.564 0.010 0.404 0.021 1    
15:   0.242 0.012 0.072 0.674 1    
16:   0.415 0.009 0.552 0.024 1    
17:   0.212 0.029 0.657 0.102 1    
18:   0.271 0.014 0.534 0.181 1    
19:   0.248 0.012 0.187 0.553 1    
20:   0.083 0.301 0.588 0.028 1    
21:   0.356 0.050 0.537 0.057 1    
22:   0.673 0.007 0.267 0.054 1    
23:   0.104 0.015 0.834 0.047 1    
24:   0.194 0.071 0.654 0.081 1    
25:   0.428 0.036 0.294 0.241 1    
26:   0.564 0.005 0.386 0.045 1    
27:   0.297 0.010 0.651 0.043 1    
28:   0.171 0.180 0.268 0.381 1    
29:   0.628 0.052 0.305 0.014 1    
30:   0.849 0.004 0.138 0.008 1    
31:   0.264 0.010 0.713 0.014 1    
32:   0.107 0.006 0.874 0.013 1    
33:   0.025 0.006 0.930 0.038 1    
34:   0.412 0.022 0.398 0.168 1    
35:   0.235 0.011 0.733 0.021 1    
36:   0.060 0.007 0.922 0.010 1    
37:   0.481 0.096 0.380 0.044 1    
38:   0.090 0.008 0.791 0.110 1    
39:   0.038 0.011 0.043 0.908 1    
40:   0.292 0.020 0.665 0.023 1    
41:   0.205 0.014 0.722 0.059 1    
42:   0.185 0.018 0.753 0.044 1    
43:   0.177 0.012 0.586 0.225 1    
44:   0.362 0.047 0.577 0.013 1    
45:   0.637 0.005 0.327 0.031 1    
46:   0.430 0.013 0.528 0.029 1    
47:   0.459 0.053 0.458 0.030 1    
48:   0.159 0.044 0.772 0.025 1    
49:   0.467 0.026 0.207 0.300 1    
50:   0.481 0.008 0.484 0.027 1    
51:   0.263 0.006 0.707 0.025 1    
52:   0.140 0.006 0.846 0.009 1    
53:   0.227 0.008 0.722 0.044 1    
54:   0.231 0.124 0.615 0.030 1    
55:   0.308 0.018 0.479 0.196 1    
56:   0.569 0.024 0.380 0.027 1    
57:   0.355 0.009 0.599 0.037 1    
58:   0.698 0.033 0.251 0.017 1    
59:   0.210 0.007 0.771 0.012 1    
60:   0.536 0.017 0.411 0.035 1    
61:   0.413 0.237 0.306 0.044 1    
62:   0.331 0.008 0.639 0.023 1    
63:   0.164 0.015 0.694 0.126 1    
64:   0.505 0.007 0.452 0.036 1    
65:   0.240 0.011 0.720 0.030 1    
66:   0.210 0.012 0.764 0.014 1    
67:   0.092 0.064 0.805 0.038 1    
68:   0.130 0.020 0.313 0.537 1    
69:   0.065 0.170 0.655 0.110 1    
70:   0.646 0.022 0.307 0.024 1    
71:   0.081 0.027 0.876 0.015 1    
72:   0.240 0.016 0.729 0.015 1    
73:   0.197 0.011 0.334 0.458 1    
74:   0.332 0.009 0.603 0.056 1    
75:   0.108 0.009 0.850 0.033 1    
76:   0.061 0.009 0.913 0.017 1    
77:   0.007 0.010 0.007 0.976 1    
78:   0.013 0.014 0.012 0.960 1    
79:   0.008 0.012 0.009 0.972 1    
80:   0.008 0.005 0.009 0.978 1    
81:   0.009 0.006 0.010 0.975 1    
82:   0.008 0.008 0.010 0.974 1    
83:   0.011 0.015 0.011 0.963 1    
84:   0.009 0.006 0.008 0.977 1    
85:   0.014 0.012 0.014 0.961 1    
86:   0.024 0.010 0.034 0.932 1    
87:   0.008 0.006 0.008 0.978 1    
88:   0.006 0.009 0.007 0.979 1    
89:   0.007 0.013 0.008 0.971 1    
90:   0.130 0.017 0.147 0.706 1    
91:   0.007 0.009 0.007 0.977 1    
92:   0.008 0.021 0.008 0.964 1    
93:   0.008 0.007 0.009 0.976 1    
94:   0.008 0.012 0.008 0.973 1    
95:   0.010 0.013 0.013 0.964 1    
96:   0.008 0.006 0.008 0.978 1    
97:   0.041 0.136 0.033 0.791 1    
98:   0.164 0.027 0.123 0.686 1    
99:   0.006 0.005 0.006 0.983 1    
100:  0.026 0.009 0.032 0.932 1    
101:  0.009 0.006 0.009 0.976 1    
102:  0.024 0.053 0.030 0.893 1    
103:  0.473 0.010 0.430 0.086 1    
104:  0.596 0.006 0.390 0.009 1    
105:  0.590 0.025 0.372 0.013 1    
106:  0.397 0.014 0.564 0.024 1    
107:  0.574 0.010 0.369 0.047 1    
108:  0.496 0.021 0.156 0.327 1    
109:  0.317 0.044 0.458 0.181 1    
110:  0.262 0.021 0.699 0.018 1    
111:  0.461 0.008 0.517 0.014 1    
112:  0.252 0.006 0.649 0.092 1    
113:  0.205 0.010 0.680 0.106 1    
114:  0.239 0.009 0.739 0.013 1    
115:  0.566 0.065 0.340 0.029 1    
116:  0.573 0.005 0.403 0.018 1    
117:  0.805 0.009 0.177 0.010 1    
118:  0.398 0.009 0.561 0.032 1    
119:  0.344 0.006 0.624 0.026 1    
120:  0.693 0.006 0.176 0.125 1    
121:  0.429 0.015 0.326 0.230 1    
122:  0.579 0.020 0.340 0.061 1    
123:  0.659 0.015 0.271 0.056 1    
124:  0.265 0.010 0.444 0.281 1    
125:  0.337 0.012 0.643 0.009 1    
126:  0.576 0.019 0.325 0.080 1    
127:  0.523 0.012 0.441 0.024 1    
128:  0.237 0.007 0.120 0.636 1    
129:  0.423 0.016 0.311 0.249 1    
130:  0.360 0.015 0.597 0.028 1    
131:  0.685 0.007 0.205 0.103 1    
132:  0.164 0.004 0.818 0.014 1    
133:  0.563 0.007 0.306 0.125 1    
134:  0.095 0.008 0.855 0.042 1    
135:  0.537 0.077 0.266 0.120 1    
136:  0.453 0.013 0.330 0.204 1    
137:  0.503 0.013 0.455 0.029 1    
138:  0.324 0.009 0.616 0.051 1    
139:  0.147 0.007 0.318 0.528 1    
140:  0.407 0.074 0.311 0.208 1    
141:  0.225 0.008 0.752 0.015 1    
142:  0.704 0.011 0.272 0.012 1    
143:  0.596 0.007 0.277 0.119 1    
144:  0.492 0.007 0.400 0.101 1    
145:  0.486 0.070 0.372 0.072 1    
146:  0.456 0.023 0.466 0.054 1    
147:  0.607 0.027 0.316 0.050 1    
148:  0.238 0.011 0.643 0.109 1    
149:  0.558 0.037 0.366 0.039 1    
150:  0.544 0.106 0.295 0.055 1    
151:  0.282 0.011 0.673 0.033 1    
152:  0.076 0.396 0.123 0.404 1    
153:  0.074 0.040 0.795 0.091 1    
154:  0.190 0.104 0.509 0.197 1    
155:  0.222 0.010 0.750 0.019 1    
156:  0.317 0.039 0.170 0.474 1    
157:  0.207 0.009 0.734 0.050 1    
158:  0.256 0.006 0.690 0.047 1    
159:  0.272 0.319 0.312 0.097 1    
160:  0.702 0.013 0.203 0.082 1    
161:  0.419 0.034 0.441 0.107 1    
162:  0.552 0.014 0.420 0.014 1    
163:  0.805 0.007 0.179 0.010 1    
164:  0.569 0.010 0.410 0.011 1    
165:  0.085 0.097 0.812 0.006 1    
166:  0.387 0.005 0.203 0.405 1    
167:  0.577 0.009 0.368 0.046 1    
168:  0.555 0.017 0.384 0.044 1    
169:  0.363 0.006 0.622 0.010 1    
170:  0.735 0.015 0.224 0.026 1    
171:  0.674 0.035 0.250 0.042 1    
172:  0.606 0.013 0.367 0.013 1    
173:  0.505 0.025 0.446 0.024 1    
174:  0.299 0.143 0.541 0.016 1    
175:  0.611 0.018 0.349 0.023 1    
176:  0.666 0.017 0.253 0.063 1    
177:  0.493 0.007 0.487 0.013 1    
178:  0.377 0.018 0.590 0.015 1    
179:  0.347 0.024 0.150 0.479 1    
180:  0.784 0.006 0.180 0.029 1    
181:  0.602 0.017 0.193 0.188 1    
182:  0.586 0.013 0.273 0.128 1    
183:  0.144 0.024 0.336 0.497 1    
184:  0.310 0.009 0.549 0.131 1    
185:  0.587 0.010 0.326 0.078 1    
186:  0.887 0.004 0.094 0.015 1    
187:  0.434 0.032 0.490 0.044 1    
188:  0.528 0.023 0.407 0.042 1    
189:  0.515 0.015 0.420 0.050 1    
190:  0.509 0.030 0.447 0.014 1    
191:  0.456 0.070 0.198 0.276 1    
192:  0.492 0.089 0.382 0.036 1    
193:  0.187 0.011 0.774 0.028 1    
194:  0.438 0.023 0.518 0.021 1    
195:  0.527 0.033 0.425 0.014 1    
196:  0.075 0.007 0.203 0.715 1    
197:  0.350 0.006 0.476 0.167 1    
198:  0.256 0.013 0.645 0.086 1    
199:  0.790 0.011 0.135 0.064 1    
200:  0.255 0.007 0.682 0.056 1    
201:  0.516 0.096 0.364 0.024 1    
202:  0.174 0.007 0.738 0.081 1    
203:  0.748 0.009 0.116 0.128 1    
204:  0.309 0.014 0.663 0.014 1    
205:  0.349 0.032 0.599 0.020 1    
206:  0.657 0.026 0.257 0.060 1    
207:  0.648 0.007 0.201 0.145 1    
208:  0.659 0.006 0.287 0.048 1    
209:  0.160 0.036 0.791 0.014 1    
210:  0.384 0.011 0.561 0.043 1    
211:  0.607 0.007 0.369 0.017 1    
212:  0.628 0.036 0.285 0.052 1    
213:  0.238 0.015 0.716 0.031 1    
214:  0.219 0.034 0.730 0.017 1    
215:  0.517 0.012 0.362 0.109 1    
216:  0.235 0.014 0.723 0.028 1    
217:  0.560 0.041 0.378 0.021 1    
