  1:   0.5965  0.0082  0.3087  0.0866  1
  2:   0.1240  0.0064  0.0422  0.8274  1
  3:   0.3258  0.0108  0.3042  0.3592  1
  4:   0.5651  0.0070  0.0364  0.3915  1
  5:   0.0948  0.0542  0.0184  0.8326  1
  6:   0.3703  0.0256  0.0304  0.5737  1
  7:   0.1092  0.0080  0.0130  0.8698  1
  8:   0.0782  0.0052  0.2871  0.6295  1
  9:   0.5923  0.0096  0.1352  0.2628  1
 10:   0.3937  0.0746  0.2944  0.2373  1
 11:   0.5701  0.0104  0.0272  0.3923  1
 12:   0.2538  0.0050  0.1366  0.6045  1
 13:   0.3390  0.0080  0.1056  0.5474  1
 14:   0.4899  0.0106  0.0466  0.4529  1
 15:   0.5302  0.0120  0.3845  0.0734  1
 16:   0.4806  0.0086  0.0362  0.4746  1
 17:   0.2856  0.0276  0.0814  0.6054  1
 18:   0.2791  0.0142  0.2791  0.4277  1
 19:   0.4454  0.0120  0.3772  0.1654  1
 20:   0.0490  0.2903  0.0926  0.5681  1
 21:   0.3099  0.0562  0.2133  0.4205  1
 22:   0.7740  0.0064  0.0322  0.1874  1
 23:   0.0874  0.0144  0.0380  0.8602  1
 24:   0.3206  0.0714  0.0854  0.5225  1
 25:   0.4072  0.0356  0.2378  0.3194  1
 26:   0.4742  0.0052  0.0434  0.4772  1
 27:   0.4075  0.0094  0.0424  0.5407  1
 28:   0.3461  0.1752  0.2472  0.2314  1
 29:   0.3644  0.0524  0.0966  0.4865  1
 30:   0.7111  0.0040  0.0252  0.2597  1
 31:   0.3506  0.0096  0.0146  0.6253  1
 32:   0.1232  0.0062  0.0132  0.8574  1
 33:   0.1639  0.0060  0.0270  0.8031  1
 34:   0.3012  0.0228  0.3889  0.2870  1
 35:   0.1434  0.0108  0.0252  0.8206  1
 36:   0.1022  0.0068  0.0138  0.8772  1
 37:   0.4117  0.1072  0.0768  0.4043  1
 38:   0.1616  0.0084  0.0860  0.7439  1
 39:   0.5652  0.0104  0.3804  0.0440  1
 40:   0.3296  0.0180  0.0196  0.6328  1
 41:   0.3515  0.0146  0.0548  0.5791  1
 42:   0.1234  0.0186  0.1556  0.7024  1
 43:   0.2124  0.0122  0.2553  0.5201  1
 44:   0.3773  0.0450  0.0258  0.5519  1
 45:   0.3181  0.0050  0.3115  0.3654  1
 46:   0.2980  0.0132  0.0596  0.6291  1
 47:   0.6070  0.0470  0.0284  0.3176  1
 48:   0.1375  0.0460  0.0452  0.7713  1
 49:   0.2976  0.0238  0.5122  0.1664  1
 50:   0.3699  0.0086  0.1356  0.4859  1
 51:   0.1505  0.0060  0.0870  0.7565  1
 52:   0.1347  0.0060  0.0132  0.8461  1
 53:   0.0956  0.0068  0.4639  0.4337  1
 54:   0.2702  0.1220  0.0376  0.5702  1
 55:   0.1549  0.0148  0.5670  0.2633  1
 56:   0.6748  0.0216  0.0226  0.2810  1
 57:   0.2756  0.0082  0.0716  0.6446  1
 58:   0.5753  0.0330  0.0472  0.3445  1
 59:   0.2497  0.0070  0.0174  0.7259  1
 60:   0.4201  0.0176  0.0724  0.4899  1
 61:   0.4382  0.2196  0.0584  0.2838  1
 62:   0.1886  0.0082  0.0684  0.7348  1
 63:   0.1574  0.0158  0.1186  0.7083  1
 64:   0.5899  0.0068  0.0634  0.3399  1
 65:   0.3258  0.0108  0.0404  0.6230  1
 66:   0.1246  0.0116  0.0480  0.8158  1
 67:   0.1160  0.0634  0.0506  0.7700  1
 68:   0.4767  0.0206  0.2508  0.2518  1
 69:   0.2678  0.1568  0.0636  0.5119  1
 70:   0.5047  0.0218  0.0892  0.3843  1
 71:   0.1482  0.0294  0.0180  0.8044  1
 72:   0.1656  0.0168  0.1014  0.7161  1
 73:   0.4670  0.0108  0.2991  0.2231  1
 74:   0.5195  0.0094  0.0432  0.4279  1
 75:   0.0676  0.0084  0.0692  0.8548  1
 76:   0.0978  0.0090  0.0224  0.8708  1
 77:   0.0078  0.0124  0.9728  0.0070  1
 78:   0.0122  0.0188  0.9590  0.0100  1
 79:   0.0072  0.0114  0.9730  0.0084  1
 80:   0.0080  0.0050  0.9784  0.0086  1
 81:   0.0076  0.0058  0.9770  0.0096  1
 82:   0.0074  0.0096  0.9736  0.0094  1
 83:   0.0098  0.0180  0.9628  0.0094  1
 84:   0.0120  0.0076  0.9704  0.0100  1
 85:   0.0116  0.0102  0.9666  0.0116  1
 86:   0.0376  0.0100  0.9050  0.0474  1
 87:   0.0084  0.0062  0.9768  0.0086  1
 88:   0.0086  0.0118  0.9708  0.0088  1
 89:   0.0076  0.0196  0.9640  0.0088  1
 90:   0.0948  0.0150  0.7770  0.1132  1
 91:   0.0098  0.0118  0.9702  0.0082  1
 92:   0.0076  0.0280  0.9566  0.0078  1
 93:   0.0074  0.0072  0.9764  0.0090  1
 94:   0.0072  0.0132  0.9714  0.0082  1
 95:   0.0134  0.0164  0.9546  0.0156  1
 96:   0.0088  0.0060  0.9772  0.0080  1
 97:   0.0306  0.1242  0.8198  0.0254  1
 98:   0.1212  0.0214  0.7692  0.0882  1
 99:   0.0084  0.0052  0.9788  0.0076  1
100:   0.0156  0.0092  0.9558  0.0194  1
101:   0.0098  0.0058  0.9740  0.0104  1
102:   0.0192  0.0414  0.9156  0.0238  1
103:   0.6279  0.0090  0.0576  0.3055  1
104:   0.5387  0.0060  0.0286  0.4267  1
105:   0.4632  0.0260  0.1150  0.3958  1
106:   0.2800  0.0152  0.1296  0.5752  1
107:   0.6859  0.0092  0.0438  0.2611  1
108:   0.4252  0.0204  0.4054  0.1491  1
109:   0.3901  0.0444  0.1616  0.4039  1
110:   0.2236  0.0200  0.0172  0.7392  1
111:   0.2714  0.0080  0.0586  0.6620  1
112:   0.3077  0.0060  0.1226  0.5637  1
113:   0.1303  0.0102  0.1481  0.7113  1
114:   0.1379  0.0092  0.0444  0.8084  1
115:   0.6646  0.0550  0.0370  0.2434  1
116:   0.5705  0.0050  0.0308  0.3937  1
117:   0.5329  0.0090  0.0866  0.3715  1
118:   0.4813  0.0086  0.0300  0.4801  1
119:   0.2975  0.0058  0.0368  0.6599  1
120:   0.3914  0.0060  0.3982  0.2044  1
121:   0.4189  0.0144  0.2787  0.2881  1
122:   0.5569  0.0190  0.0554  0.3687  1
123:   0.6034  0.0156  0.1188  0.2623  1
124:   0.3525  0.0108  0.2414  0.3953  1
125:   0.1946  0.0108  0.0340  0.7606  1
126:   0.3930  0.0194  0.3174  0.2702  1
127:   0.4561  0.0122  0.0562  0.4755  1
128:   0.1056  0.0064  0.8173  0.0708  1
129:   0.3276  0.0152  0.3632  0.2940  1
130:   0.3622  0.0142  0.0390  0.5846  1
131:   0.5036  0.0070  0.3196  0.1698  1
132:   0.0820  0.0042  0.0464  0.8674  1
133:   0.2691  0.0064  0.4845  0.2400  1
134:   0.0646  0.0080  0.2031  0.7243  1
135:   0.2867  0.0578  0.4666  0.1889  1
136:   0.2476  0.0136  0.4799  0.2590  1
137:   0.6831  0.0126  0.0244  0.2799  1
138:   0.1563  0.0090  0.1623  0.6725  1
139:   0.3938  0.0068  0.3029  0.2965  1
140:   0.4090  0.0712  0.2308  0.2890  1
141:   0.1987  0.0080  0.0236  0.7697  1
142:   0.5132  0.0106  0.0280  0.4482  1
143:   0.4778  0.0070  0.3063  0.2089  1
144:   0.4940  0.0070  0.1110  0.3880  1
145:   0.5909  0.0642  0.0626  0.2823  1
146:   0.3087  0.0254  0.2798  0.3861  1
147:   0.7309  0.0244  0.0416  0.2031  1
148:   0.1253  0.0100  0.3821  0.4826  1
149:   0.6511  0.0386  0.0336  0.2767  1
150:   0.2507  0.0854  0.4468  0.2171  1
151:   0.2112  0.0108  0.0654  0.7126  1
152:   0.3866  0.3023  0.1999  0.1112  1
153:   0.1866  0.0450  0.0622  0.7061  1
154:   0.4848  0.0850  0.1372  0.2930  1
155:   0.2428  0.0106  0.0788  0.6679  1
156:   0.2116  0.0314  0.6586  0.0984  1
157:   0.1629  0.0092  0.1903  0.6377  1
158:   0.2327  0.0066  0.1151  0.6456  1
159:   0.2324  0.3163  0.1946  0.2568  1
160:   0.7379  0.0118  0.0838  0.1665  1
161:   0.4474  0.0356  0.1406  0.3764  1
162:   0.4210  0.0144  0.0618  0.5028  1
163:   0.7322  0.0064  0.0334  0.2280  1
164:   0.4441  0.0096  0.0236  0.5227  1
165:   0.0546  0.0990  0.0100  0.8364  1
166:   0.1825  0.0050  0.6843  0.1282  1
167:   0.7089  0.0088  0.0456  0.2367  1
168:   0.3075  0.0168  0.2282  0.4475  1
169:   0.2440  0.0052  0.0184  0.7324  1
170:   0.6750  0.0150  0.0712  0.2388  1
171:   0.5564  0.0346  0.1516  0.2574  1
172:   0.6586  0.0126  0.0200  0.3088  1
173:   0.4085  0.0234  0.0410  0.5270  1
174:   0.3975  0.1338  0.0214  0.4473  1
175:   0.7345  0.0154  0.0244  0.2257  1
176:   0.6801  0.0154  0.1024  0.2022  1
177:   0.3839  0.0068  0.0198  0.5895  1
178:   0.2998  0.0180  0.0302  0.6519  1
179:   0.5536  0.0228  0.3172  0.1064  1
180:   0.7416  0.0060  0.0694  0.1830  1
181:   0.3606  0.0156  0.4760  0.1478  1
182:   0.3584  0.0122  0.3903  0.2390  1
183:   0.2954  0.0228  0.3930  0.2888  1
184:   0.3378  0.0094  0.1328  0.5200  1
185:   0.4353  0.0094  0.2683  0.2870  1
186:   0.7073  0.0040  0.1124  0.1763  1
187:   0.4355  0.0330  0.0420  0.4895  1
188:   0.4554  0.0244  0.0832  0.4370  1
189:   0.5788  0.0136  0.0640  0.3436  1
190:   0.5248  0.0286  0.0250  0.4216  1
191:   0.4132  0.0654  0.3638  0.1576  1
192:   0.6690  0.0674  0.0254  0.2382  1
193:   0.1804  0.0108  0.0722  0.7366  1
194:   0.3580  0.0232  0.0296  0.5892  1
195:   0.4047  0.0314  0.0424  0.5215  1
196:   0.0476  0.0070  0.8242  0.1212  1
197:   0.2833  0.0060  0.2581  0.4526  1
198:   0.2853  0.0128  0.1671  0.5348  1
199:   0.6695  0.0112  0.1468  0.1726  1
200:   0.1717  0.0068  0.1483  0.6731  1
201:   0.5210  0.0852  0.0460  0.3478  1
202:   0.1094  0.0066  0.2489  0.6351  1
203:   0.6247  0.0092  0.2256  0.1406  1
204:   0.1430  0.0136  0.1705  0.6729  1
205:   0.2192  0.0316  0.1455  0.6037  1
206:   0.7165  0.0252  0.0448  0.2135  1
207:   0.6234  0.0064  0.1848  0.1854  1
208:   0.2808  0.0060  0.5234  0.1898  1
209:   0.1302  0.0362  0.0374  0.7962  1
210:   0.3142  0.0106  0.0586  0.6166  1
211:   0.3246  0.0064  0.2698  0.3992  1
212:   0.4757  0.0304  0.2154  0.2785  1
213:   0.2146  0.0148  0.1646  0.6060  1
214:   0.1570  0.0342  0.0588  0.7500  1
215:   0.5519  0.0110  0.1760  0.2610  1
216:   0.3493  0.0140  0.0354  0.6013  1
217:   0.4478  0.0398  0.0648  0.4476  1
218:   0.2902  0.0168  0.2037  0.4893  1
219:   0.5178  0.0044  0.0192  0.4586  1
220:   0.0884  0.0142  0.7120  0.1854  1
221:   0.4541  0.0218  0.3114  0.2126  1
222:   0.3881  0.1242  0.0498  0.4379  1
223:   0.7099  0.0276  0.0274  0.2351  1
224:   0.5840  0.0172  0.0216  0.3772  1
225:   0.4833  0.3046  0.0656  0.1465  1
226:   0.4152  0.0372  0.2551  0.2925  1
227:   0.2356  0.0070  0.0266  0.7309  1
228:   0.4662  0.0080  0.0362  0.4896  1
229:   0.3605  0.0192  0.1160  0.5043  1
230:   0.5948  0.0252  0.0162  0.3638  1
231:   0.7275  0.0090  0.0524  0.2111  1
232:   0.6214  0.0046  0.0322  0.3418  1
233:   0.6403  0.0128  0.1619  0.1851  1
234:   0.5219  0.0306  0.0648  0.3827  1
235:   0.1419  0.0118  0.0332  0.8131  1
236:   0.6232  0.0156  0.1457  0.2155  1
237:   0.2759  0.0286  0.4700  0.2255  1
238:   0.3164  0.0380  0.1406  0.5050  1
239:   0.1860  0.0126  0.1662  0.6353  1
240:   0.2068  0.0196  0.5344  0.2392  1
241:   0.6241  0.0076  0.0636  0.3047  1
242:   0.2618  0.0128  0.2976  0.4278  1
243:   0.3018  0.0144  0.0786  0.6051  1
244:   0.7816  0.0050  0.0752  0.1382  1
245:   0.0420  0.0158  0.0412  0.9010  1
246:   0.3271  0.0064  0.4661  0.2004  1
247:   0.1982  0.0356  0.0154  0.7508  1
248:   0.2528  0.0116  0.3659  0.3697  1
249:   0.4519  0.0100  0.0440  0.4941  1
250:   0.6234  0.0388  0.2121  0.1257  1
251:   0.6728  0.0072  0.0888  0.2312  1
252:   0.2406  0.0354  0.1930  0.5310  1
253:   0.2271  0.0096  0.5455  0.2178  1
254:   0.2921  0.0086  0.1106  0.5887  1
255:   0.1800  0.0064  0.5192  0.2944  1
256:   0.7893  0.0116  0.0192  0.1798  1
257:   0.4472  0.0210  0.1700  0.3618  1
258:   0.4123  0.0068  0.0166  0.5643  1
259:   0.3415  0.0064  0.0586  0.5935  1
260:   0.3987  0.0232  0.0388  0.5393  1
261:   0.2679  0.0080  0.0252  0.6989  1
262:   0.1302  0.0080  0.0262  0.8356  1
263:   0.1569  0.1512  0.0394  0.6525  1
264:   0.0444  0.0326  0.0456  0.8775  1
265:   0.1242  0.0312  0.0224  0.8222  1
266:   0.1522  0.0104  0.0606  0.7768  1
267:   0.1734  0.0136  0.3033  0.5097  1
268:   0.1526  0.0786  0.5403  0.2286  1
269:   0.6010  0.0158  0.1650  0.2182  1
270:   0.3811  0.0078  0.1506  0.4605  1
271:   0.1608  0.0426  0.2455  0.5511  1
272:   0.7079  0.0358  0.0990  0.1573  1
273:   0.4678  0.0282  0.0308  0.4732  1
274:   0.4310  0.0298  0.1842  0.3550  1
275:   0.3312  0.0114  0.2282  0.4292  1
276:   0.6523  0.1236  0.0490  0.1751  1
277:   0.6154  0.0154  0.0164  0.3528  1
278:   0.1736  0.1058  0.3655  0.3551  1
279:   0.3745  0.0334  0.1305  0.4616  1
280:   0.6195  0.0062  0.1627  0.2115  1
281:   0.1430  0.0050  0.3461  0.5059  1
282:   0.3098  0.0698  0.3048  0.3156  1
283:   0.2407  0.2997  0.1270  0.3327  1
284:   0.6156  0.0464  0.0256  0.3124  1
285:   0.0908  0.0210  0.1202  0.7680  1
286:   0.3821  0.0108  0.3254  0.2818  1
287:   0.3411  0.0128  0.4361  0.2100  1
288:   0.4764  0.0172  0.2000  0.3064  1
289:   0.1868  0.0112  0.0148  0.7872  1
290:   0.3151  0.0092  0.2545  0.4212  1
291:   0.4371  0.0212  0.1378  0.4039  1
292:   0.5013  0.0442  0.1542  0.3003  1
293:   0.7314  0.0094  0.1206  0.1386  1
294:   0.2963  0.1148  0.3087  0.2802  1
295:   0.6247  0.0112  0.2447  0.1194  1
296:   0.4876  0.0608  0.0442  0.4074  1
297:   0.3861  0.0858  0.1142  0.4139  1
298:   0.3168  0.0088  0.1374  0.5369  1
299:   0.2103  0.0376  0.2006  0.5516  1
300:   0.2192  0.0232  0.1616  0.5960  1
301:   0.3692  0.0056  0.5404  0.0848  1
302:   0.4297  0.0116  0.1204  0.4383  1
303:   0.2142  0.0720  0.0524  0.6614  1
304:   0.6513  0.0112  0.0194  0.3181  1
305:   0.4195  0.0084  0.2455  0.3267  1
306:   0.3487  0.0100  0.0396  0.6017  1
307:   0.3103  0.0358  0.1229  0.5310  1
308:   0.3043  0.0090  0.3094  0.3773  1
309:   0.5840  0.0564  0.0380  0.3216  1
310:   0.3631  0.1826  0.0460  0.4083  1
311:   0.5968  0.0262  0.0622  0.3147  1
312:   0.2546  0.0326  0.5635  0.1492  1
313:   0.5320  0.0070  0.0310  0.4300  1
314:   0.1251  0.0490  0.6749  0.1509  1
315:   0.5022  0.0106  0.0526  0.4346  1
316:   0.3361  0.1074  0.0554  0.5011  1
317:   0.4205  0.0338  0.2014  0.3444  1
318:   0.7064  0.0228  0.0188  0.2520  1
319:   0.4183  0.2303  0.0516  0.2999  1
320:   0.2303  0.0634  0.5813  0.1250  1
321:   0.1516  0.0064  0.0754  0.7666  1
322:   0.6435  0.0168  0.2033  0.1364  1
323:   0.4277  0.0150  0.1162  0.4410  1
324:   0.3375  0.0080  0.0610  0.5934  1
325:   0.6082  0.0330  0.0954  0.2634  1
326:   0.4175  0.0090  0.0714  0.5021  1
327:   0.5355  0.0062  0.1065  0.3518  1
328:   0.2830  0.0208  0.3654  0.3308  1
329:   0.3653  0.0220  0.4374  0.1752  1
330:   0.4494  0.0050  0.3750  0.1706  1
331:   0.6312  0.0064  0.1687  0.1937  1
332:   0.6340  0.0106  0.0318  0.3236  1
333:   0.3098  0.0134  0.1036  0.5732  1
334:   0.1170  0.0070  0.1374  0.7387  1
335:   0.2350  0.0092  0.2626  0.4932  1
336:   0.5658  0.0076  0.3972  0.0294  1
337:   0.4416  0.0412  0.2950  0.2222  1
338:   0.4490  0.0088  0.5120  0.0302  1
339:   0.5860  0.0104  0.3924  0.0112  1
340:   0.5758  0.0658  0.3114  0.0470  1
341:   0.3453  0.0080  0.0468  0.5998  1
342:   0.5862  0.0078  0.3938  0.0122  1
343:   0.5378  0.0102  0.4236  0.0284  1
344:   0.5688  0.0150  0.3988  0.0174  1
345:   0.5830  0.0148  0.3868  0.0154  1
346:   0.5740  0.0182  0.3892  0.0186  1
347:   0.5644  0.0128  0.3862  0.0366  1
348:   0.4581  0.0298  0.4362  0.0758  1
349:   0.5856  0.0078  0.3968  0.0098  1
350:   0.3585  0.0092  0.6017  0.0306  1
351:   0.5464  0.1028  0.3280  0.0228  1
352:   0.5797  0.0070  0.1683  0.2451  1
353:   0.5786  0.0298  0.3676  0.0240  1
354:   0.5808  0.0248  0.3746  0.0198  1
355:   0.5550  0.0288  0.3874  0.0288  1
356:   0.1313  0.0110  0.2033  0.6545  1
357:   0.6517  0.1594  0.0766  0.1124  1
358:   0.5001  0.0134  0.2278  0.2586  1
359:   0.1936  0.0270  0.0298  0.7496  1
360:   0.4068  0.0634  0.4032  0.1266  1
361:   0.3955  0.1464  0.2020  0.2561  1
362:   0.2852  0.0060  0.3469  0.3618  1
363:   0.7429  0.0074  0.0252  0.2244  1
364:   0.1942  0.0080  0.0320  0.7658  1
365:   0.6496  0.0092  0.1031  0.2382  1
366:   0.7332  0.0062  0.0248  0.2358  1
367:   0.3173  0.0188  0.3170  0.3469  1
368:   0.4492  0.0148  0.1654  0.3706  1
369:   0.6855  0.0058  0.0910  0.2177  1
370:   0.6534  0.0626  0.0448  0.2392  1
371:   0.6280  0.0636  0.0792  0.2292  1
372:   0.5010  0.0564  0.0703  0.3723  1
373:   0.4988  0.0210  0.0658  0.4145  1
374:   0.2723  0.0518  0.5070  0.1689  1
375:   0.3767  0.0304  0.0198  0.5731  1
376:   0.5094  0.0168  0.0848  0.3890  1
377:   0.3116  0.0126  0.1829  0.4929  1
378:   0.7078  0.0102  0.2188  0.0632  1
379:   0.4635  0.0148  0.0522  0.4695  1
380:   0.2022  0.0182  0.0256  0.7540  1
381:   0.6500  0.0146  0.0718  0.2636  1
382:   0.1228  0.0282  0.0224  0.8266  1
383:   0.2911  0.0198  0.2948  0.3943  1
384:   0.4802  0.0162  0.1544  0.3492  1
385:   0.1896  0.0052  0.0106  0.7946  1
386:   0.5112  0.0106  0.3023  0.1759  1
387:   0.6983  0.0092  0.0244  0.2681  1
388:   0.5037  0.0158  0.1894  0.2911  1
389:   0.1972  0.0082  0.1798  0.6148  1
390:   0.5196  0.0050  0.2819  0.1935  1
391:   0.5159  0.0080  0.0452  0.4309  1
392:   0.6524  0.0200  0.0306  0.2969  1
393:   0.3089  0.0090  0.1896  0.4925  1
394:   0.3679  0.0086  0.1848  0.4387  1
395:   0.4536  0.0074  0.1042  0.4348  1
396:   0.2913  0.0074  0.0934  0.6078  1
397:   0.4758  0.0090  0.0778  0.4374  1
398:   0.0558  0.0220  0.8648  0.0574  1
399:   0.2550  0.0140  0.0910  0.6400  1
400:   0.2600  0.0468  0.2097  0.4835  1
401:   0.5592  0.0096  0.1264  0.3048  1
402:   0.4435  0.0208  0.0772  0.4584  1
403:   0.4821  0.0076  0.1356  0.3747  1
404:   0.5734  0.0246  0.0464  0.3556  1
405:   0.5112  0.0120  0.3740  0.1028  1
406:   0.3400  0.0608  0.0868  0.5124  1
407:   0.1302  0.0150  0.0346  0.8202  1
408:   0.4287  0.0102  0.1294  0.4317  1
409:   0.3967  0.0246  0.0408  0.5379  1
410:   0.2282  0.0118  0.1895  0.5705  1
411:   0.5077  0.0364  0.0490  0.4069  1
412:   0.2737  0.0180  0.0468  0.6615  1
413:   0.5053  0.0070  0.1076  0.3800  1
414:   0.6616  0.0208  0.1082  0.2094  1
415:   0.1928  0.0086  0.4756  0.3230  1
416:   0.3342  0.0116  0.0654  0.5888  1
417:   0.3239  0.0148  0.4018  0.2595  1
418:   0.3391  0.0066  0.2826  0.3717  1
419:   0.3429  0.0146  0.3806  0.2619  1
420:   0.2096  0.0082  0.6520  0.1302  1
421:   0.1492  0.0106  0.4556  0.3846  1
422:   0.2594  0.1329  0.4931  0.1147  1
423:   0.4605  0.0190  0.0198  0.5007  1
424:   0.5793  0.0212  0.0578  0.3417  1
425:   0.7487  0.0084  0.0226  0.2202  1
426:   0.6841  0.0484  0.0398  0.2276  1
427:   0.3732  0.0060  0.0846  0.5362  1
428:   0.5542  0.0070  0.0660  0.3728  1
429:   0.0726  0.0182  0.0134  0.8958  1
430:   0.2326  0.4074  0.0630  0.2970  1
431:   0.1862  0.0082  0.0340  0.7716  1
432:   0.6771  0.0110  0.0524  0.2594  1
433:   0.4533  0.0340  0.0594  0.4533  1
434:   0.1907  0.0100  0.1311  0.6681  1
435:   0.2913  0.0140  0.4602  0.2345  1
436:   0.2250  0.0110  0.5626  0.2014  1
437:   0.1710  0.2318  0.3220  0.2752  1
438:   0.1164  0.0500  0.0224  0.8112  1
439:   0.6812  0.0190  0.0664  0.2334  1
440:   0.5533  0.0060  0.2243  0.2165  1
441:   0.1128  0.0930  0.1930  0.6012  1
442:   0.1825  0.2377  0.1563  0.4234  1
443:   0.4201  0.0258  0.0574  0.4967  1
444:   0.2676  0.0178  0.0936  0.6210  1
445:   0.5867  0.0110  0.0498  0.3525  1
446:   0.7203  0.0156  0.0852  0.1788  1
447:   0.5750  0.0104  0.2188  0.1959  1
448:   0.4443  0.0548  0.4571  0.0438  1
449:   0.5857  0.0098  0.2739  0.1306  1
450:   0.5040  0.0872  0.3666  0.0422  1
451:   0.4708  0.0060  0.3750  0.1482  1
452:   0.1524  0.0198  0.0722  0.7556  1
453:   0.3150  0.0126  0.5080  0.1644  1
454:   0.2490  0.0624  0.0894  0.5993  1
455:   0.3541  0.0110  0.0242  0.6107  1
456:   0.3606  0.0156  0.0518  0.5720  1
457:   0.0688  0.0062  0.1388  0.7863  1
458:   0.4364  0.0208  0.1196  0.4232  1
459:   0.5208  0.0468  0.1278  0.3046  1
460:   0.3278  0.0848  0.4003  0.1870  1
461:   0.2036  0.0406  0.5724  0.1834  1
462:   0.6138  0.0092  0.1252  0.2518  1
463:   0.5208  0.0390  0.2319  0.2083  1
464:   0.3051  0.0128  0.5446  0.1375  1
465:   0.4718  0.0918  0.1386  0.2978  1
466:   0.3978  0.1740  0.3235  0.1048  1
467:   0.3692  0.0190  0.1270  0.4848  1
468:   0.6489  0.0096  0.1431  0.1983  1
469:   0.5877  0.0088  0.1143  0.2893  1
470:   0.3931  0.0596  0.0724  0.4749  1
471:   0.3312  0.0068  0.1953  0.4666  1
472:   0.2943  0.0422  0.2259  0.4375  1
473:   0.1993  0.0190  0.0404  0.7412  1
474:   0.3919  0.0084  0.0310  0.5687  1
475:   0.2616  0.0054  0.0262  0.7068  1
476:   0.1874  0.0066  0.1903  0.6156  1
477:   0.4326  0.0760  0.1176  0.3738  1
478:   0.5097  0.1050  0.0618  0.3235  1
479:   0.3009  0.0074  0.6210  0.0708  1
480:   0.5023  0.0104  0.1300  0.3573  1
481:   0.1743  0.0128  0.1396  0.6733  1
482:   0.7581  0.0060  0.0376  0.1983  1
483:   0.1790  0.0208  0.0310  0.7692  1
484:   0.2262  0.0074  0.5986  0.1678  1
485:   0.1258  0.5499  0.2476  0.0768  1
486:   0.3207  0.0108  0.1901  0.4783  1
487:   0.6687  0.0098  0.0558  0.2657  1
488:   0.3944  0.0238  0.3672  0.2146  1
489:   0.2703  0.0098  0.4985  0.2214  1
490:   0.6042  0.0144  0.2676  0.1138  1
491:   0.6453  0.0072  0.1348  0.2127  1
492:   0.4750  0.0174  0.0452  0.4624  1
493:   0.6278  0.0042  0.0408  0.3272  1
494:   0.2713  0.0092  0.0580  0.6615  1
495:   0.2337  0.0276  0.1275  0.6111  1
496:   0.2292  0.1028  0.0936  0.5745  1
497:   0.6949  0.0106  0.1444  0.1500  1
498:   0.2927  0.0134  0.1534  0.5405  1
499:   0.3306  0.0070  0.0948  0.5675  1
500:   0.4562  0.0106  0.0348  0.4984  1
501:   0.4033  0.0144  0.0820  0.5003  1
502:   0.2175  0.0574  0.4420  0.2831  1
503:   0.5720  0.0080  0.0624  0.3575  1
504:   0.6322  0.0092  0.1768  0.1818  1
505:   0.3446  0.1050  0.0400  0.5104  1
506:   0.3590  0.0290  0.2488  0.3632  1
507:   0.2312  0.1184  0.3259  0.3245  1
508:   0.3691  0.0116  0.0496  0.5697  1
509:   0.0786  0.0050  0.0140  0.9024  1
510:   0.3143  0.0080  0.3618  0.3159  1
511:   0.5312  0.0122  0.1052  0.3514  1
512:   0.6611  0.0122  0.0684  0.2582  1
513:   0.5092  0.0148  0.0318  0.4442  1
514:   0.7777  0.0220  0.0432  0.1571  1
515:   0.5059  0.0070  0.0868  0.4003  1
516:   0.6687  0.0294  0.0338  0.2680  1
517:   0.8190  0.0282  0.0148  0.1380  1
518:   0.2679  0.2002  0.1264  0.4055  1
519:   0.2232  0.0352  0.6493  0.0922  1
520:   0.3090  0.0170  0.1216  0.5525  1
521:   0.5400  0.0086  0.2990  0.1524  1
522:   0.0596  0.0120  0.8548  0.0736  1
523:   0.3461  0.0242  0.0602  0.5694  1
524:   0.4233  0.0054  0.0718  0.4994  1
525:   0.4967  0.0124  0.0318  0.4591  1
526:   0.7635  0.0204  0.1016  0.1146  1
527:   0.2012  0.0092  0.3642  0.4254  1
528:   0.6835  0.0106  0.0534  0.2525  1
529:   0.2439  0.0172  0.6546  0.0844  1
530:   0.4707  0.0674  0.2096  0.2522  1
531:   0.4457  0.0092  0.2670  0.2781  1
532:   0.1368  0.0148  0.7370  0.1114  1
533:   0.5024  0.0146  0.1915  0.2915  1
534:   0.6624  0.0604  0.0740  0.2032  1
535:   0.5893  0.0186  0.0386  0.3534  1
536:   0.2420  0.0134  0.4695  0.2751  1
537:   0.4530  0.0490  0.2189  0.2791  1
538:   0.2507  0.0050  0.0182  0.7261  1
539:   0.7370  0.0162  0.0386  0.2082  1
540:   0.4306  0.0100  0.1571  0.4024  1
541:   0.3309  0.0124  0.4157  0.2411  1
542:   0.6235  0.0104  0.1962  0.1698  1
543:   0.1430  0.0042  0.0560  0.7967  1
544:   0.4611  0.0524  0.3270  0.1594  1
545:   0.5832  0.0384  0.2573  0.1211  1
546:   0.2881  0.0214  0.0590  0.6315  1
547:   0.4854  0.0092  0.2155  0.2899  1
548:   0.5447  0.0070  0.1141  0.3342  1
549:   0.7658  0.0238  0.1438  0.0666  1
550:   0.4673  0.0060  0.0186  0.5081  1
551:   0.1841  0.0072  0.2943  0.5144  1
552:   0.7978  0.0042  0.0398  0.1582  1
553:   0.5637  0.0276  0.1470  0.2616  1
554:   0.3204  0.0486  0.1174  0.5136  1
555:   0.6098  0.0296  0.0460  0.3146  1
556:   0.7076  0.0250  0.1094  0.1580  1
557:   0.5893  0.0116  0.1101  0.2889  1
558:   0.5892  0.0082  0.0874  0.3151  1
559:   0.1228  0.0408  0.0178  0.8186  1
560:   0.6674  0.0216  0.0628  0.2482  1
561:   0.4673  0.0160  0.1516  0.3651  1
562:   0.3625  0.0126  0.2360  0.3889  1
563:   0.6635  0.0090  0.0442  0.2833  1
564:   0.2560  0.2794  0.0758  0.3888  1
565:   0.4314  0.0102  0.2665  0.2918  1
566:   0.2984  0.0268  0.2097  0.4651  1
567:   0.1982  0.0106  0.4909  0.3002  1
568:   0.1754  0.0428  0.0994  0.6824  1
569:   0.5266  0.0052  0.0386  0.4296  1
570:   0.2391  0.0074  0.2990  0.4545  1
571:   0.2098  0.0090  0.3112  0.4700  1
572:   0.5091  0.0114  0.1544  0.3251  1
573:   0.2740  0.2348  0.0494  0.4418  1
574:   0.3070  0.0338  0.2051  0.4541  1
575:   0.6607  0.0184  0.0472  0.2737  1
576:   0.7169  0.0528  0.0874  0.1428  1
577:   0.4387  0.0638  0.1838  0.3137  1
578:   0.2713  0.2476  0.3422  0.1389  1
579:   0.4380  0.0308  0.0392  0.4920  1
580:   0.3075  0.0092  0.4443  0.2390  1
581:   0.7038  0.0072  0.0166  0.2724  1
582:   0.3212  0.1270  0.2076  0.3442  1
583:   0.3911  0.1258  0.3271  0.1560  1
584:   0.6150  0.0188  0.1280  0.2382  1
585:   0.3583  0.0218  0.5380  0.0820  1
586:   0.4666  0.0128  0.0668  0.4538  1
587:   0.7178  0.0126  0.0242  0.2454  1
588:   0.2981  0.0314  0.1558  0.5147  1
589:   0.0752  0.0448  0.0610  0.8190  1
590:   0.3384  0.0214  0.0862  0.5541  1
591:   0.2541  0.0072  0.4611  0.2776  1
592:   0.0924  0.0176  0.0162  0.8738  1
593:   0.4426  0.0202  0.0296  0.5076  1
594:   0.4234  0.0308  0.0262  0.5196  1
595:   0.0280  0.0108  0.9356  0.0256  1
596:   0.2968  0.0158  0.2002  0.4872  1
597:   0.4602  0.0216  0.3720  0.1462  1
598:   0.8513  0.0070  0.0422  0.0995  1
599:   0.2673  0.0524  0.1719  0.5084  1
600:   0.4669  0.0482  0.2307  0.2542  1
601:   0.5093  0.1504  0.0416  0.2988  1
602:   0.2717  0.0676  0.2114  0.4493  1
603:   0.3904  0.0126  0.4375  0.1594  1
604:   0.2256  0.0136  0.2491  0.5117  1
605:   0.2652  0.0092  0.0928  0.6329  1
606:   0.3293  0.0218  0.3036  0.3453  1
607:   0.3938  0.0274  0.0700  0.5088  1
608:   0.2999  0.0100  0.0348  0.6553  1
609:   0.4918  0.0108  0.0604  0.4370  1
610:   0.3341  0.0412  0.1191  0.5056  1
611:   0.2232  0.0070  0.0402  0.7297  1
612:   0.5616  0.0352  0.0246  0.3786  1
613:   0.1612  0.0296  0.2365  0.5727  1
614:   0.6327  0.0074  0.0982  0.2617  1
615:   0.6838  0.0238  0.0848  0.2076  1
616:   0.5509  0.0154  0.0694  0.3643  1
617:   0.2406  0.0124  0.2249  0.5221  1
618:   0.5446  0.0148  0.1998  0.2408  1
619:   0.2511  0.0310  0.6045  0.1134  1
620:   0.7372  0.0086  0.1246  0.1296  1
621:   0.7402  0.0846  0.0326  0.1426  1
622:   0.7003  0.0200  0.0846  0.1951  1
623:   0.2027  0.0030  0.0136  0.7807  1
624:   0.6695  0.0242  0.0646  0.2417  1
625:   0.4382  0.0082  0.1982  0.3554  1
626:   0.0572  0.0054  0.8221  0.1152  1
627:   0.5603  0.0476  0.0536  0.3385  1
628:   0.6996  0.0086  0.0832  0.2086  1
629:   0.2102  0.0220  0.6624  0.1054  1
630:   0.4726  0.0070  0.0430  0.4774  1
631:   0.6172  0.0088  0.0350  0.3390  1
632:   0.5759  0.0158  0.1364  0.2719  1
633:   0.1939  0.1100  0.0960  0.6002  1
634:   0.6743  0.0224  0.0384  0.2649  1
635:   0.4793  0.0114  0.1186  0.3908  1
636:   0.2804  0.0182  0.6299  0.0714  1
637:   0.3298  0.0108  0.2663  0.3931  1
638:   0.5049  0.0454  0.2435  0.2062  1
639:   0.3587  0.0118  0.4341  0.1954  1
640:   0.7068  0.0124  0.0822  0.1986  1
641:   0.1624  0.0134  0.1058  0.7183  1
642:   0.6773  0.0096  0.0574  0.2557  1
643:   0.3440  0.0338  0.0534  0.5689  1
644:   0.4185  0.0736  0.1584  0.3495  1
645:   0.5186  0.0598  0.0318  0.3898  1
646:   0.6360  0.0246  0.1442  0.1952  1
647:   0.3796  0.0070  0.2299  0.3835  1
648:   0.5196  0.1532  0.0720  0.2552  1
649:   0.5903  0.0460  0.0474  0.3163  1
650:   0.5790  0.0072  0.1408  0.2730  1
651:   0.5657  0.0144  0.2701  0.1498  1
652:   0.3775  0.0390  0.0190  0.5645  1
653:   0.3317  0.0120  0.3472  0.3091  1
654:   0.5351  0.0080  0.1384  0.3185  1
655:   0.6016  0.0502  0.1497  0.1985  1
656:   0.7212  0.0186  0.0758  0.1844  1
657:   0.6296  0.0216  0.0238  0.3250  1
658:   0.1906  0.0402  0.4055  0.3638  1
659:   0.2874  0.0142  0.1645  0.5339  1
660:   0.7652  0.0198  0.0842  0.1308  1
661:   0.2892  0.0116  0.5346  0.1646  1
662:   0.0412  0.0364  0.8100  0.1124  1
663:   0.6785  0.0084  0.1893  0.1238  1
664:   0.5623  0.0174  0.0232  0.3971  1
665:   0.4429  0.1010  0.1032  0.3529  1
666:   0.7462  0.0052  0.1068  0.1418  1
667:   0.5362  0.0132  0.1314  0.3192  1
668:   0.3192  0.1214  0.3168  0.2426  1
669:   0.6713  0.0098  0.0262  0.2927  1
670:   0.2400  0.0100  0.2520  0.4980  1
671:   0.4331  0.0826  0.0162  0.4681  1
672:   0.4604  0.0162  0.0452  0.4782  1
673:   0.4417  0.0050  0.0236  0.5297  1
674:   0.4542  0.0358  0.4250  0.0850  1
675:   0.5927  0.0212  0.0712  0.3148  1
676:   0.4861  0.0462  0.0882  0.3795  1
677:   0.7926  0.0064  0.0490  0.1520  1
678:   0.7175  0.0068  0.0356  0.2401  1
679:   0.7738  0.0074  0.0550  0.1638  1
680:   0.2579  0.0380  0.2959  0.4082  1
681:   0.4359  0.0124  0.1874  0.3643  1
682:   0.2678  0.0154  0.4673  0.2494  1
683:   0.3490  0.0796  0.3921  0.1794  1
684:   0.3229  0.0084  0.4390  0.2298  1
685:   0.5404  0.1176  0.1042  0.2379  1
686:   0.2543  0.1473  0.0168  0.5816  1
687:   0.5335  0.0100  0.0210  0.4355  1
688:   0.3235  0.0084  0.0388  0.6294  1
689:   0.2857  0.0390  0.0592  0.6161  1
690:   0.3533  0.0158  0.1492  0.4817  1
691:   0.2412  0.1478  0.5028  0.1082  1
692:   0.1906  0.0412  0.1506  0.6175  1
693:   0.5167  0.0068  0.0638  0.4128  1
694:   0.5978  0.0122  0.0476  0.3424  1
695:   0.3946  0.0078  0.1226  0.4750  1
696:   0.6508  0.0304  0.0940  0.2248  1
697:   0.2705  0.0216  0.3720  0.3359  1
698:   0.7108  0.0260  0.1032  0.1600  1
699:   0.4810  0.0166  0.1586  0.3437  1
700:   0.7212  0.0238  0.1420  0.1130  1
701:   0.5133  0.0124  0.1100  0.3643  1
702:   0.5505  0.0516  0.0618  0.3361  1
703:   0.2296  0.0120  0.3161  0.4423  1
704:   0.4630  0.0294  0.3423  0.1653  1
705:   0.3586  0.0122  0.2962  0.3330  1
706:   0.6146  0.0062  0.0414  0.3378  1
707:   0.3847  0.0214  0.4006  0.1933  1
708:   0.5895  0.0142  0.1955  0.2008  1
709:   0.4852  0.0390  0.0802  0.3956  1
710:   0.3323  0.0778  0.0900  0.5000  1
711:   0.5834  0.0138  0.1526  0.2502  1
712:   0.4795  0.0112  0.2155  0.2938  1
713:   0.5183  0.0096  0.2825  0.1896  1
714:   0.1922  0.0646  0.1901  0.5531  1
715:   0.2361  0.2685  0.2276  0.2677  1
716:   0.3760  0.0154  0.0636  0.5450  1
717:   0.3471  0.1448  0.0932  0.4149  1
718:   0.6317  0.0194  0.1364  0.2125  1
719:   0.1521  0.0144  0.0272  0.8063  1
720:   0.3819  0.1632  0.1756  0.2793  1
721:   0.3830  0.0248  0.3323  0.2599  1
722:   0.4806  0.0194  0.3925  0.1074  1
723:   0.4575  0.0176  0.2459  0.2789  1
724:   0.3908  0.0248  0.0592  0.5252  1
725:   0.3936  0.0068  0.2747  0.3249  1
726:   0.3141  0.0992  0.1142  0.4725  1
727:   0.6183  0.0080  0.1610  0.2126  1
728:   0.6889  0.0162  0.0444  0.2505  1
729:   0.3379  0.0164  0.3198  0.3259  1
730:   0.5630  0.0098  0.0496  0.3776  1
731:   0.5001  0.0114  0.1170  0.3715  1
732:   0.1872  0.0290  0.0598  0.7241  1
733:   0.4344  0.0086  0.4942  0.0628  1
734:   0.4956  0.0148  0.1425  0.3471  1
735:   0.6241  0.0114  0.0232  0.3413  1
736:   0.4785  0.0078  0.0614  0.4523  1
737:   0.2175  0.0326  0.5370  0.2129  1
738:   0.5104  0.0148  0.1064  0.3684  1
739:   0.2518  0.0264  0.2222  0.4996  1
740:   0.3371  0.0454  0.2938  0.3237  1
741:   0.4648  0.0094  0.1792  0.3466  1
742:   0.0124  0.0486  0.9262  0.0128  1
743:   0.0100  0.0106  0.9666  0.0128  1
744:   0.0076  0.0192  0.9660  0.0072  1
745:   0.0070  0.0060  0.9808  0.0062  1
746:   0.0070  0.0186  0.9662  0.0082  1
747:   0.0164  0.0050  0.9648  0.0138  1
748:   0.0316  0.0486  0.8940  0.0258  1
749:   0.0062  0.0070  0.9802  0.0066  1
750:   0.0076  0.0078  0.9778  0.0068  1
751:   0.0080  0.0172  0.9680  0.0068  1
752:   0.0094  0.0472  0.9352  0.0082  1
753:   0.0078  0.0414  0.9386  0.0122  1
754:   0.0086  0.0380  0.9448  0.0086  1
755:   0.5985  0.1040  0.1912  0.1064  1
756:   0.0636  0.0480  0.0224  0.8660  1
757:   0.0870  0.0200  0.5554  0.3376  1
758:   0.0498  0.0282  0.1602  0.7618  1
759:   0.3185  0.1162  0.0430  0.5223  1
760:   0.2470  0.3316  0.0674  0.3540  1
761:   0.0686  0.0618  0.1204  0.7492  1
762:   0.0666  0.7997  0.0654  0.0684  1
763:   0.1338  0.0186  0.2440  0.6036  1
764:   0.2842  0.0154  0.0544  0.6460  1
765:   0.0072  0.9770  0.0084  0.0074  1
766:   0.2178  0.0110  0.1989  0.5722  1
767:   0.2463  0.0212  0.1192  0.6133  1
768:   0.2866  0.0202  0.4884  0.2048  1
769:   0.1813  0.0522  0.1148  0.6517  1
770:   0.1868  0.0254  0.1938  0.5940  1
771:   0.3376  0.0156  0.0128  0.6340  1
772:   0.4725  0.0222  0.1068  0.3984  1
773:   0.4055  0.0194  0.1560  0.4191  1
774:   0.5686  0.0132  0.1398  0.2784  1
775:   0.0098  0.9726  0.0096  0.0080  1
776:   0.0180  0.9474  0.0148  0.0198  1
777:   0.0052  0.9842  0.0050  0.0056  1
778:   0.2490  0.1034  0.1348  0.5128  1
779:   0.0106  0.9694  0.0088  0.0112  1
780:   0.0350  0.9222  0.0252  0.0176  1
781:   0.0088  0.9780  0.0056  0.0076  1
782:   0.0052  0.9836  0.0062  0.0050  1
783:   0.0300  0.9162  0.0330  0.0208  1
784:   0.0068  0.9718  0.0140  0.0074  1
785:   0.0112  0.9658  0.0128  0.0102  1
786:   0.0260  0.9206  0.0238  0.0296  1
787:   0.0078  0.9770  0.0074  0.0078  1
788:   0.0080  0.9768  0.0078  0.0074  1
789:   0.0064  0.9780  0.0086  0.0070  1
790:   0.0106  0.9662  0.0138  0.0094  1
791:   0.0266  0.7285  0.2058  0.0390  1
792:   0.0050  0.9764  0.0118  0.0068  1
793:   0.0358  0.9238  0.0168  0.0236  1
794:   0.0214  0.9354  0.0162  0.0270  1
795:   0.0076  0.9742  0.0118  0.0064  1
796:   0.0290  0.9280  0.0216  0.0214  1
797:   0.0086  0.9720  0.0088  0.0106  1
798:   0.0094  0.9516  0.0278  0.0112  1
799:   0.0056  0.9830  0.0060  0.0054  1
800:   0.0108  0.9670  0.0116  0.0106  1
801:   0.0106  0.9714  0.0082  0.0098  1
802:   0.0046  0.9870  0.0044  0.0040  1
803:   0.0096  0.9722  0.0068  0.0114  1
804:   0.0322  0.9092  0.0114  0.0472  1
805:   0.0444  0.8932  0.0322  0.0302  1
806:   0.0130  0.9400  0.0352  0.0118  1
807:   0.0144  0.9670  0.0098  0.0088  1
808:   0.0128  0.9662  0.0082  0.0128  1
809:   0.0262  0.9103  0.0400  0.0234  1
810:   0.0148  0.9374  0.0348  0.0130  1
811:   0.0052  0.9834  0.0060  0.0054  1
812:   0.0050  0.9848  0.0052  0.0050  1
813:   0.0632  0.8415  0.0328  0.0624  1
814:   0.0076  0.9728  0.0122  0.0074  1
815:   0.0660  0.8344  0.0500  0.0496  1
816:   0.0060  0.9806  0.0074  0.0060  1
817:   0.0114  0.9394  0.0306  0.0186  1
818:   0.0374  0.8448  0.0454  0.0724  1
819:   0.0072  0.9754  0.0100  0.0074  1
820:   0.0060  0.9814  0.0070  0.0056  1
821:   0.0068  0.9798  0.0070  0.0064  1
822:   0.0082  0.9756  0.0078  0.0084  1
823:   0.0144  0.9650  0.0086  0.0120  1
824:   0.0116  0.9642  0.0122  0.0120  1
825:   0.0602  0.8173  0.0732  0.0494  1
826:   0.0088  0.9216  0.0598  0.0098  1
827:   0.0068  0.9804  0.0058  0.0070  1
828:   0.0050  0.9850  0.0050  0.0050  1
829:   0.0040  0.9876  0.0040  0.0044  1
830:   0.0052  0.9840  0.0054  0.0054  1
831:   0.0110  0.9626  0.0116  0.0148  1
832:   0.0182  0.9354  0.0276  0.0188  1
833:   0.0100  0.9690  0.0130  0.0080  1
834:   0.0360  0.8494  0.0880  0.0266  1
835:   0.0060  0.9806  0.0074  0.0060  1
836:   0.0170  0.9460  0.0238  0.0132  1
837:   0.0114  0.9708  0.0082  0.0096  1
838:   0.0662  0.8532  0.0176  0.0630  1
839:   0.0172  0.9530  0.0126  0.0172  1
840:   0.0058  0.9828  0.0060  0.0054  1
841:   0.2426  0.0308  0.0290  0.6977  1
842:   0.0166  0.9458  0.0188  0.0188  1
843:   0.0056  0.9834  0.0050  0.0060  1
844:   0.0060  0.9820  0.0060  0.0060  1
845:   0.0106  0.9724  0.0076  0.0094  1
846:   0.0134  0.9630  0.0136  0.0100  1
847:   0.0076  0.9784  0.0074  0.0066  1
848:   0.0076  0.9602  0.0238  0.0084  1
849:   0.0718  0.0144  0.0392  0.8746  1
850:   0.1600  0.2014  0.2672  0.3714  1
851:   0.1744  0.0300  0.0356  0.7601  1
852:   0.1246  0.1970  0.0254  0.6530  1
853:   0.4601  0.0190  0.0266  0.4943  1
854:   0.1944  0.6061  0.0278  0.1716  1
855:   0.1582  0.0276  0.1909  0.6233  1
856:   0.5286  0.0208  0.1134  0.3373  1
857:   0.0182  0.9416  0.0226  0.0176  1
858:   0.1640  0.0760  0.1565  0.6035  1
859:   0.0152  0.9578  0.0114  0.0156  1
860:   0.2677  0.0148  0.0608  0.6567  1
861:   0.1066  0.6651  0.0682  0.1601  1
862:   0.2528  0.0242  0.0260  0.6971  1
863:   0.0680  0.0178  0.1354  0.7788  1
864:   0.0064  0.9812  0.0050  0.0074  1
865:   0.3646  0.2545  0.0410  0.3399  1
866:   0.0398  0.0812  0.1664  0.7126  1
867:   0.1602  0.0164  0.2492  0.5742  1
868:   0.2290  0.0104  0.0276  0.7330  1
869:   0.2219  0.0110  0.0972  0.6699  1
870:   0.0102  0.9692  0.0098  0.0108  1
871:   0.3700  0.0436  0.0546  0.5318  1
872:   0.3085  0.3403  0.0846  0.2667  1
873:   0.0978  0.0320  0.0618  0.8084  1
874:   0.2336  0.0798  0.2660  0.4205  1
875:   0.2785  0.0676  0.1140  0.5399  1
876:   0.2040  0.1290  0.0498  0.6172  1
877:   0.3698  0.0666  0.0398  0.5238  1
878:   0.0882  0.0210  0.0158  0.8750  1
879:   0.3252  0.2636  0.1704  0.2408  1
880:   0.2776  0.0218  0.4524  0.2482  1
881:   0.0060  0.9808  0.0076  0.0056  1
882:   0.1132  0.1246  0.0354  0.7269  1
883:   0.0438  0.3409  0.2003  0.4150  1
884:   0.5582  0.0394  0.0962  0.3062  1
885:   0.4521  0.0298  0.2533  0.2648  1
886:   0.5566  0.0080  0.0896  0.3457  1
887:   0.3435  0.1903  0.2262  0.2399  1
888:   0.2458  0.0274  0.0192  0.7075  1
889:   0.0552  0.0552  0.0128  0.8768  1
890:   0.1490  0.0120  0.0302  0.8087  1
891:   0.5839  0.0044  0.0692  0.3424  1
892:   0.0050  0.9850  0.0050  0.0050  1
893:   0.0332  0.9170  0.0128  0.0370  1
