  1:   0.2460  0.2590  0.2450  0.2500  1
  2:   0.2633  0.2272  0.2633  0.2462  1
  3:   0.2540  0.2520  0.2530  0.2410  1
  4:   0.2580  0.2470  0.2580  0.2370  1
  5:   0.2730  0.2230  0.2730  0.2310  1
  6:   0.2510  0.2590  0.2510  0.2390  1
  7:   0.2340  0.2660  0.2330  0.2670  1
  8:   0.2448  0.2577  0.2428  0.2547  1
  9:   0.2460  0.2530  0.2470  0.2540  1
 10:   0.2537  0.2398  0.2547  0.2517  1
 11:   0.2800  0.2160  0.2850  0.2190  1
 12:   0.2530  0.2520  0.2520  0.2430  1
 13:   0.2640  0.2310  0.2660  0.2390  1
 14:   0.2533  0.2492  0.2523  0.2452  1
 15:   0.2420  0.2650  0.2400  0.2530  1
 16:   0.2492  0.2462  0.2553  0.2492  1
 17:   0.2370  0.2640  0.2360  0.2630  1
 18:   0.2510  0.2530  0.2520  0.2440  1
 19:   0.2740  0.2290  0.2780  0.2190  1
 20:   0.2098  0.2797  0.2088  0.3017  1
 21:   0.2388  0.2607  0.2388  0.2617  1
 22:   0.2567  0.2418  0.2567  0.2448  1
 23:   0.2583  0.2372  0.2603  0.2442  1
 24:   0.2410  0.2560  0.2400  0.2630  1
 25:   0.2490  0.2570  0.2470  0.2470  1
 26:   0.2560  0.2420  0.2560  0.2460  1
 27:   0.2550  0.2490  0.2570  0.2390  1
 28:   0.2820  0.2250  0.2810  0.2120  1
 29:   0.2740  0.2250  0.2740  0.2270  1
 30:   0.2390  0.2660  0.2370  0.2580  1
 31:   0.2410  0.2610  0.2430  0.2550  1
 32:   0.2830  0.2150  0.2860  0.2160  1
 33:   0.2510  0.2560  0.2510  0.2420  1
 34:   0.2550  0.2390  0.2550  0.2510  1
 35:   0.2322  0.2693  0.2312  0.2673  1
 36:   0.2498  0.2507  0.2498  0.2498  1
 37:   0.2560  0.2440  0.2550  0.2450  1
 38:   0.2720  0.2290  0.2740  0.2250  1
 39:   0.2330  0.2680  0.2330  0.2660  1
 40:   0.2480  0.2600  0.2490  0.2430  1
 41:   0.2510  0.2450  0.2510  0.2530  1
 42:   0.2240  0.2750  0.2240  0.2770  1
 43:   0.2600  0.2360  0.2640  0.2400  1
 44:   0.2390  0.2570  0.2390  0.2650  1
 45:   0.2392  0.2633  0.2392  0.2583  1
 46:   0.2410  0.2550  0.2420  0.2620  1
 47:   0.2488  0.2458  0.2478  0.2577  1
 48:   0.2507  0.2547  0.2517  0.2428  1
 49:   0.2580  0.2470  0.2590  0.2360  1
 50:   0.2610  0.2410  0.2640  0.2340  1
 51:   0.2550  0.2520  0.2550  0.2380  1
 52:   0.2550  0.2460  0.2550  0.2440  1
 53:   0.2750  0.2300  0.2740  0.2210  1
 54:   0.2380  0.2510  0.2390  0.2720  1
 55:   0.2340  0.2630  0.2340  0.2690  1
 56:   0.2690  0.2340  0.2690  0.2280  1
 57:   0.2480  0.2390  0.2500  0.2630  1
 58:   0.2527  0.2478  0.2507  0.2488  1
 59:   0.2288  0.2727  0.2288  0.2697  1
 60:   0.2408  0.2488  0.2388  0.2717  1
 61:   0.2490  0.2490  0.2490  0.2530  1
 62:   0.2567  0.2438  0.2557  0.2438  1
 63:   0.2420  0.2570  0.2430  0.2580  1
 64:   0.2390  0.2750  0.2390  0.2470  1
 65:   0.2603  0.2432  0.2613  0.2352  1
 66:   0.2607  0.2438  0.2597  0.2358  1
 67:   0.2430  0.2540  0.2440  0.2590  1
 68:   0.2198  0.2707  0.2188  0.2907  1
 69:   0.2478  0.2567  0.2488  0.2468  1
 70:   0.2420  0.2590  0.2410  0.2580  1
 71:   0.2488  0.2537  0.2488  0.2488  1
 72:   0.2360  0.2610  0.2340  0.2690  1
 73:   0.2560  0.2500  0.2570  0.2370  1
 74:   0.2450  0.2560  0.2450  0.2540  1
 75:   0.2280  0.2590  0.2280  0.2850  1
 76:   0.2500  0.2480  0.2490  0.2530  1
 77:   0.2430  0.2510  0.2440  0.2620  1
 78:   0.2587  0.2368  0.2607  0.2438  1
 79:   0.2490  0.2500  0.2480  0.2530  1
 80:   0.2350  0.2580  0.2330  0.2740  1
 81:   0.2620  0.2420  0.2620  0.2340  1
 82:   0.2520  0.2330  0.2550  0.2600  1
 83:   0.2280  0.2560  0.2280  0.2880  1
 84:   0.2422  0.2623  0.2422  0.2533  1
 85:   0.2292  0.2623  0.2282  0.2803  1
 86:   0.2312  0.2743  0.2302  0.2643  1
 87:   0.2480  0.2530  0.2470  0.2520  1
 88:   0.2440  0.2550  0.2450  0.2560  1
 89:   0.2540  0.2480  0.2570  0.2410  1
 90:   0.2540  0.2560  0.2520  0.2380  1
 91:   0.2620  0.2370  0.2620  0.2390  1
 92:   0.2600  0.2410  0.2610  0.2380  1
 93:   0.2640  0.2420  0.2650  0.2290  1
 94:   0.2270  0.2590  0.2270  0.2870  1
 95:   0.2410  0.2600  0.2390  0.2600  1
 96:   0.2400  0.2490  0.2390  0.2720  1
 97:   0.2480  0.2560  0.2480  0.2480  1
 98:   0.2510  0.2510  0.2520  0.2460  1
 99:   0.2510  0.2560  0.2500  0.2430  1
100:   0.2600  0.2420  0.2620  0.2360  1
101:   0.2242  0.2673  0.2222  0.2863  1
102:   0.2703  0.2252  0.2713  0.2332  1
103:   0.2510  0.2380  0.2530  0.2580  1
104:   0.2523  0.2432  0.2553  0.2492  1
105:   0.2408  0.2647  0.2408  0.2537  1
106:   0.2472  0.2593  0.2472  0.2462  1
107:   0.2338  0.2677  0.2328  0.2657  1
108:   0.2790  0.2290  0.2770  0.2150  1
109:   0.2800  0.2260  0.2780  0.2160  1
110:   0.2750  0.2300  0.2740  0.2210  1
111:   0.2498  0.2448  0.2537  0.2517  1
112:   0.2513  0.2412  0.2503  0.2573  1
113:   0.2390  0.2550  0.2380  0.2680  1
114:   0.2603  0.2432  0.2603  0.2362  1
115:   0.2430  0.2590  0.2410  0.2570  1
116:   0.2520  0.2450  0.2510  0.2520  1
117:   0.2440  0.2670  0.2420  0.2470  1
118:   0.2570  0.2460  0.2570  0.2400  1
119:   0.2360  0.2550  0.2380  0.2710  1
120:   0.2577  0.2478  0.2557  0.2388  1
121:   0.2330  0.2620  0.2320  0.2730  1
122:   0.2480  0.2550  0.2460  0.2510  1
123:   0.2610  0.2370  0.2630  0.2390  1
124:   0.2510  0.2460  0.2520  0.2510  1
125:   0.2570  0.2460  0.2600  0.2370  1
126:   0.2490  0.2480  0.2480  0.2550  1
127:   0.2390  0.2590  0.2380  0.2640  1
128:   0.2320  0.2750  0.2300  0.2630  1
129:   0.2510  0.2470  0.2540  0.2480  1
130:   0.2570  0.2440  0.2580  0.2410  1
131:   0.2408  0.2647  0.2398  0.2547  1
132:   0.2392  0.2653  0.2382  0.2573  1
133:   0.2553  0.2462  0.2563  0.2422  1
134:   0.2580  0.2360  0.2570  0.2490  1
135:   0.2272  0.2753  0.2262  0.2713  1
136:   0.2590  0.2460  0.2570  0.2380  1
137:   0.2458  0.2547  0.2438  0.2557  1
138:   0.2370  0.2720  0.2370  0.2540  1
139:   0.2462  0.2583  0.2503  0.2452  1
140:   0.2663  0.2362  0.2683  0.2292  1
141:   0.2472  0.2543  0.2472  0.2513  1
142:   0.2420  0.2530  0.2420  0.2630  1
143:   0.2530  0.2500  0.2510  0.2460  1
144:   0.2442  0.2503  0.2432  0.2623  1
145:   0.2550  0.2500  0.2530  0.2420  1
146:   0.2440  0.2480  0.2450  0.2630  1
147:   0.2590  0.2490  0.2590  0.2330  1
148:   0.2550  0.2550  0.2560  0.2340  1
149:   0.2540  0.2490  0.2540  0.2430  1
150:   0.2470  0.2510  0.2490  0.2530  1
151:   0.2590  0.2450  0.2590  0.2370  1
152:   0.2630  0.2330  0.2650  0.2390  1
153:   0.2498  0.2547  0.2498  0.2458  1
154:   0.2600  0.2430  0.2600  0.2370  1
155:   0.2360  0.2660  0.2350  0.2630  1
156:   0.2478  0.2527  0.2478  0.2517  1
157:   0.2360  0.2670  0.2370  0.2600  1
158:   0.2630  0.2370  0.2630  0.2370  1
159:   0.2510  0.2380  0.2540  0.2570  1
160:   0.2783  0.2152  0.2803  0.2262  1
161:   0.2370  0.2610  0.2350  0.2670  1
162:   0.2332  0.2623  0.2352  0.2693  1
163:   0.2420  0.2440  0.2420  0.2720  1
164:   0.2460  0.2520  0.2450  0.2570  1
165:   0.2577  0.2527  0.2597  0.2298  1
166:   0.2442  0.2503  0.2452  0.2603  1
167:   0.2410  0.2560  0.2400  0.2630  1
168:   0.2420  0.2620  0.2410  0.2550  1
169:   0.2362  0.2653  0.2342  0.2643  1
170:   0.2630  0.2470  0.2610  0.2290  1
171:   0.2527  0.2537  0.2577  0.2358  1
172:   0.2700  0.2290  0.2690  0.2320  1
173:   0.2390  0.2550  0.2400  0.2660  1
174:   0.2478  0.2567  0.2488  0.2468  1
175:   0.2422  0.2513  0.2422  0.2643  1
176:   0.2660  0.2330  0.2650  0.2360  1
177:   0.2260  0.2760  0.2250  0.2730  1
178:   0.2540  0.2540  0.2530  0.2390  1
179:   0.2550  0.2430  0.2550  0.2470  1
180:   0.2530  0.2480  0.2540  0.2450  1
181:   0.2230  0.2770  0.2230  0.2770  1
182:   0.2400  0.2590  0.2410  0.2600  1
183:   0.2547  0.2527  0.2557  0.2368  1
184:   0.2420  0.2650  0.2420  0.2510  1
185:   0.2750  0.2260  0.2760  0.2230  1
186:   0.2310  0.2700  0.2300  0.2690  1
187:   0.2540  0.2510  0.2560  0.2390  1
188:   0.2540  0.2390  0.2560  0.2510  1
189:   0.2590  0.2410  0.2600  0.2400  1
190:   0.2650  0.2330  0.2680  0.2340  1
191:   0.2733  0.2342  0.2733  0.2192  1
192:   0.2390  0.2570  0.2380  0.2660  1
193:   0.2392  0.2673  0.2382  0.2553  1
194:   0.2540  0.2370  0.2580  0.2510  1
195:   0.2460  0.2470  0.2450  0.2620  1
196:   0.2690  0.2310  0.2720  0.2280  1
197:   0.2500  0.2420  0.2500  0.2580  1
198:   0.2520  0.2580  0.2540  0.2360  1
199:   0.2547  0.2448  0.2537  0.2468  1
200:   0.2540  0.2510  0.2530  0.2420  1
201:   0.2158  0.2867  0.2148  0.2827  1
202:   0.2330  0.2560  0.2330  0.2780  1
203:   0.2590  0.2310  0.2670  0.2430  1
204:   0.2623  0.2432  0.2603  0.2342  1
205:   0.2580  0.2370  0.2580  0.2470  1
206:   0.2480  0.2460  0.2500  0.2560  1
207:   0.2460  0.2480  0.2460  0.2600  1
208:   0.3090  0.1830  0.3250  0.1830  1
209:   0.2410  0.2600  0.2420  0.2570  1
210:   0.2260  0.2590  0.2250  0.2900  1
211:   0.2500  0.2430  0.2510  0.2560  1
212:   0.2320  0.2610  0.2310  0.2760  1
213:   0.2560  0.2450  0.2600  0.2390  1
214:   0.2590  0.2490  0.2580  0.2340  1
215:   0.2480  0.2580  0.2490  0.2450  1
216:   0.2458  0.2517  0.2458  0.2567  1
217:   0.2442  0.2613  0.2432  0.2513  1
218:   0.2278  0.2857  0.2278  0.2587  1
219:   0.2290  0.2700  0.2280  0.2730  1
220:   0.2500  0.2540  0.2510  0.2450  1
221:   0.2540  0.2520  0.2530  0.2410  1
222:   0.2470  0.2550  0.2480  0.2500  1
223:   0.2763  0.2232  0.2763  0.2242  1
224:   0.2670  0.2330  0.2700  0.2300  1
225:   0.2440  0.2540  0.2430  0.2590  1
226:   0.2533  0.2432  0.2543  0.2492  1
227:   0.2500  0.2590  0.2480  0.2430  1
228:   0.2450  0.2560  0.2440  0.2550  1
229:   0.2458  0.2657  0.2438  0.2448  1
230:   0.2220  0.2660  0.2210  0.2910  1
231:   0.2480  0.2520  0.2460  0.2540  1
232:   0.2390  0.2630  0.2390  0.2590  1
233:   0.2208  0.2727  0.2208  0.2857  1
234:   0.2630  0.2360  0.2680  0.2330  1
235:   0.2430  0.2600  0.2430  0.2540  1
236:   0.2553  0.2412  0.2563  0.2472  1
237:   0.2503  0.2573  0.2503  0.2422  1
238:   0.2330  0.2570  0.2330  0.2770  1
239:   0.2573  0.2432  0.2563  0.2432  1
240:   0.2560  0.2470  0.2560  0.2410  1
241:   0.2398  0.2677  0.2388  0.2537  1
242:   0.2478  0.2647  0.2468  0.2408  1
243:   0.2190  0.2830  0.2200  0.2780  1
244:   0.2520  0.2500  0.2510  0.2470  1
245:   0.2510  0.2430  0.2510  0.2550  1
246:   0.2390  0.2730  0.2370  0.2510  1
247:   0.2550  0.2460  0.2560  0.2430  1
248:   0.2680  0.2310  0.2690  0.2320  1
249:   0.2450  0.2500  0.2490  0.2560  1
250:   0.2252  0.2763  0.2252  0.2733  1
251:   0.2557  0.2507  0.2537  0.2398  1
252:   0.2382  0.2633  0.2392  0.2593  1
253:   0.2260  0.2710  0.2260  0.2770  1
254:   0.2720  0.2340  0.2750  0.2190  1
255:   0.2547  0.2438  0.2527  0.2488  1
256:   0.2650  0.2370  0.2650  0.2330  1
257:   0.2580  0.2490  0.2590  0.2340  1
258:   0.2428  0.2488  0.2438  0.2647  1
259:   0.2507  0.2488  0.2498  0.2507  1
260:   0.2360  0.2530  0.2350  0.2760  1
261:   0.2470  0.2560  0.2460  0.2510  1
262:   0.2760  0.2250  0.2810  0.2180  1
263:   0.2218  0.2727  0.2208  0.2847  1
264:   0.2420  0.2530  0.2430  0.2620  1
265:   0.2462  0.2543  0.2462  0.2533  1
266:   0.2663  0.2442  0.2683  0.2212  1
267:   0.2320  0.2640  0.2310  0.2730  1
268:   0.2440  0.2530  0.2430  0.2600  1
269:   0.2690  0.2310  0.2690  0.2310  1
270:   0.2280  0.2780  0.2270  0.2670  1
271:   0.2507  0.2537  0.2507  0.2448  1
272:   0.2490  0.2530  0.2490  0.2490  1
273:   0.2580  0.2450  0.2590  0.2380  1
274:   0.2420  0.2550  0.2410  0.2620  1
275:   0.2462  0.2613  0.2462  0.2462  1
276:   0.2410  0.2610  0.2410  0.2570  1
277:   0.2550  0.2490  0.2520  0.2440  1
278:   0.2482  0.2523  0.2472  0.2523  1
279:   0.2160  0.2660  0.2180  0.3000  1
280:   0.2440  0.2500  0.2430  0.2630  1
281:   0.2753  0.2282  0.2763  0.2202  1
282:   0.2710  0.2240  0.2690  0.2360  1
283:   0.2580  0.2430  0.2610  0.2380  1
284:   0.2523  0.2472  0.2513  0.2492  1
285:   0.2320  0.2730  0.2310  0.2640  1
286:   0.2850  0.2110  0.2920  0.2120  1
287:   0.2657  0.2348  0.2647  0.2348  1
288:   0.2533  0.2482  0.2533  0.2452  1
289:   0.2452  0.2422  0.2472  0.2653  1
290:   0.2530  0.2470  0.2500  0.2500  1
291:   0.2320  0.2660  0.2310  0.2710  1
292:   0.2680  0.2310  0.2680  0.2330  1
293:   0.2400  0.2520  0.2400  0.2680  1
294:   0.2370  0.2570  0.2370  0.2690  1
295:   0.2733  0.2272  0.2753  0.2242  1
296:   0.2242  0.2663  0.2242  0.2853  1
297:   0.2228  0.2677  0.2208  0.2887  1
298:   0.2450  0.2450  0.2500  0.2600  1
299:   0.2520  0.2390  0.2520  0.2570  1
300:   0.2438  0.2468  0.2438  0.2657  1
301:   0.2620  0.2350  0.2620  0.2410  1
302:   0.2390  0.2620  0.2390  0.2600  1
303:   0.2220  0.2670  0.2220  0.2890  1

  1:   0.2500  0.2540  0.2300  0.2660  1
  2:   0.2250  0.2380  0.2890  0.2480  1
  3:   0.2590  0.2510  0.2370  0.2530  1
  4:   0.2530  0.2530  0.2510  0.2430  1
  5:   0.2320  0.2320  0.3080  0.2280  1
  6:   0.2600  0.2380  0.2460  0.2560  1
  7:   0.2560  0.2540  0.2130  0.2770  1
  8:   0.2543  0.2503  0.2352  0.2603  1
  9:   0.2500  0.2440  0.2540  0.2520  1
 10:   0.2440  0.2470  0.2650  0.2440  1
 11:   0.2172  0.2182  0.3413  0.2232  1
 12:   0.2480  0.2410  0.2610  0.2500  1
 13:   0.2340  0.2410  0.2920  0.2330  1
 14:   0.2533  0.2533  0.2392  0.2543  1
 15:   0.2547  0.2488  0.2338  0.2627  1
 16:   0.2370  0.2380  0.2750  0.2500  1
 17:   0.2667  0.2547  0.2238  0.2547  1
 18:   0.2530  0.2500  0.2510  0.2460  1
 19:   0.2302  0.2192  0.3273  0.2232  1
 20:   0.2550  0.2680  0.1930  0.2840  1
 21:   0.2527  0.2537  0.2248  0.2687  1
 22:   0.2500  0.2500  0.2540  0.2460  1
 23:   0.2370  0.2340  0.2900  0.2390  1
 24:   0.2428  0.2597  0.2448  0.2527  1
 25:   0.2680  0.2590  0.2260  0.2470  1
 26:   0.2430  0.2450  0.2610  0.2510  1
 27:   0.2430  0.2530  0.2670  0.2370  1
 28:   0.2378  0.2308  0.2987  0.2328  1
 29:   0.2400  0.2360  0.2940  0.2300  1
 30:   0.2630  0.2660  0.2200  0.2510  1
 31:   0.2570  0.2450  0.2390  0.2590  1
 32:   0.2300  0.2280  0.3270  0.2150  1
 33:   0.2610  0.2440  0.2490  0.2460  1
 34:   0.2420  0.2550  0.2600  0.2430  1
 35:   0.2590  0.2560  0.2180  0.2670  1
 36:   0.2550  0.2510  0.2450  0.2490  1
 37:   0.2482  0.2563  0.2533  0.2422  1
 38:   0.2342  0.2412  0.3073  0.2172  1
 39:   0.2590  0.2540  0.2130  0.2740  1
 40:   0.2650  0.2560  0.2290  0.2500  1
 41:   0.2470  0.2570  0.2440  0.2520  1
 42:   0.2523  0.2593  0.2122  0.2763  1
 43:   0.2380  0.2360  0.2750  0.2510  1
 44:   0.2500  0.2570  0.2390  0.2540  1
 45:   0.2550  0.2540  0.2320  0.2590  1
 46:   0.2488  0.2607  0.2308  0.2597  1
 47:   0.2438  0.2398  0.2438  0.2727  1
 48:   0.2510  0.2530  0.2490  0.2470  1
 49:   0.2468  0.2448  0.2727  0.2358  1
 50:   0.2390  0.2360  0.2840  0.2410  1
 51:   0.2557  0.2567  0.2478  0.2398  1
 52:   0.2600  0.2500  0.2430  0.2470  1
 53:   0.2430  0.2410  0.2780  0.2380  1
 54:   0.2410  0.2440  0.2360  0.2790  1
 55:   0.2410  0.2530  0.2310  0.2750  1
 56:   0.2312  0.2292  0.2933  0.2462  1
 57:   0.2390  0.2480  0.2630  0.2500  1
 58:   0.2468  0.2458  0.2537  0.2537  1
 59:   0.2637  0.2597  0.2228  0.2537  1
 60:   0.2450  0.2520  0.2320  0.2710  1
 61:   0.2523  0.2563  0.2362  0.2553  1
 62:   0.2480  0.2470  0.2550  0.2500  1
 63:   0.2560  0.2500  0.2470  0.2470  1
 64:   0.2660  0.2600  0.2210  0.2530  1
 65:   0.2490  0.2370  0.2780  0.2360  1
 66:   0.2510  0.2510  0.2570  0.2410  1
 67:   0.2460  0.2440  0.2450  0.2650  1
 68:   0.2580  0.2520  0.2120  0.2780  1
 69:   0.2560  0.2570  0.2440  0.2430  1
 70:   0.2570  0.2710  0.2220  0.2500  1
 71:   0.2550  0.2630  0.2430  0.2390  1
 72:   0.2520  0.2670  0.2180  0.2630  1
 73:   0.2500  0.2360  0.2610  0.2530  1
 74:   0.2550  0.2450  0.2420  0.2580  1
 75:   0.2510  0.2640  0.2210  0.2640  1
 76:   0.2520  0.2500  0.2420  0.2560  1
 77:   0.2540  0.2470  0.2490  0.2500  1
 78:   0.2380  0.2400  0.2850  0.2370  1
 79:   0.2420  0.2480  0.2440  0.2660  1
 80:   0.2510  0.2610  0.2230  0.2650  1
 81:   0.2438  0.2398  0.2807  0.2358  1
 82:   0.2340  0.2500  0.2740  0.2420  1
 83:   0.2490  0.2630  0.2090  0.2790  1
 84:   0.2570  0.2490  0.2520  0.2420  1
 85:   0.2503  0.2482  0.2202  0.2813  1
 86:   0.2680  0.2620  0.2160  0.2540  1
 87:   0.2490  0.2670  0.2410  0.2430  1
 88:   0.2527  0.2398  0.2517  0.2557  1
 89:   0.2438  0.2358  0.2757  0.2448  1
 90:   0.2603  0.2553  0.2382  0.2462  1
 91:   0.2402  0.2462  0.2853  0.2282  1
 92:   0.2490  0.2380  0.2720  0.2410  1
 93:   0.2412  0.2352  0.2863  0.2372  1
 94:   0.2560  0.2670  0.2160  0.2610  1
 95:   0.2523  0.2513  0.2312  0.2653  1
 96:   0.2442  0.2553  0.2422  0.2583  1
 97:   0.2570  0.2530  0.2440  0.2460  1
 98:   0.2500  0.2570  0.2460  0.2470  1
 99:   0.2567  0.2488  0.2388  0.2557  1
100:   0.2480  0.2450  0.2740  0.2330  1
101:   0.2523  0.2573  0.2062  0.2843  1
102:   0.2290  0.2380  0.2890  0.2440  1
103:   0.2358  0.2428  0.2727  0.2488  1
104:   0.2400  0.2510  0.2650  0.2440  1
105:   0.2630  0.2620  0.2230  0.2520  1
106:   0.2587  0.2627  0.2328  0.2458  1
107:   0.2567  0.2637  0.2208  0.2587  1
108:   0.2470  0.2320  0.2880  0.2330  1
109:   0.2470  0.2400  0.2770  0.2360  1
110:   0.2410  0.2400  0.2880  0.2310  1
111:   0.2370  0.2410  0.2840  0.2380  1
112:   0.2418  0.2617  0.2567  0.2398  1
113:   0.2470  0.2490  0.2260  0.2780  1
114:   0.2440  0.2340  0.2600  0.2620  1
115:   0.2620  0.2670  0.2240  0.2470  1
116:   0.2482  0.2533  0.2442  0.2543  1
117:   0.2590  0.2450  0.2320  0.2640  1
118:   0.2590  0.2570  0.2420  0.2420  1
119:   0.2460  0.2480  0.2450  0.2610  1
120:   0.2550  0.2570  0.2390  0.2490  1
121:   0.2570  0.2510  0.2200  0.2720  1
122:   0.2580  0.2490  0.2300  0.2630  1
123:   0.2410  0.2390  0.2830  0.2370  1
124:   0.2472  0.2573  0.2523  0.2432  1
125:   0.2520  0.2370  0.2690  0.2420  1
126:   0.2530  0.2560  0.2410  0.2500  1
127:   0.2458  0.2647  0.2398  0.2498  1
128:   0.2630  0.2580  0.2230  0.2560  1
129:   0.2408  0.2398  0.2767  0.2428  1
130:   0.2440  0.2500  0.2690  0.2370  1
131:   0.2530  0.2400  0.2280  0.2790  1
132:   0.2537  0.2587  0.2208  0.2667  1
133:   0.2410  0.2420  0.2700  0.2470  1
134:   0.2370  0.2510  0.2740  0.2380  1
135:   0.2633  0.2573  0.2082  0.2713  1
136:   0.2530  0.2550  0.2480  0.2440  1
137:   0.2640  0.2560  0.2270  0.2530  1
138:   0.2600  0.2570  0.2290  0.2540  1
139:   0.2460  0.2520  0.2560  0.2460  1
140:   0.2392  0.2362  0.2753  0.2492  1
141:   0.2597  0.2527  0.2328  0.2547  1
142:   0.2593  0.2643  0.2252  0.2513  1
143:   0.2590  0.2570  0.2370  0.2470  1
144:   0.2570  0.2630  0.2240  0.2560  1
145:   0.2560  0.2440  0.2490  0.2510  1
146:   0.2430  0.2520  0.2490  0.2560  1
147:   0.2563  0.2513  0.2492  0.2432  1
148:   0.2600  0.2510  0.2440  0.2450  1
149:   0.2440  0.2510  0.2660  0.2390  1
150:   0.2540  0.2570  0.2530  0.2360  1
151:   0.2488  0.2458  0.2488  0.2567  1
152:   0.2400  0.2490  0.2730  0.2380  1
153:   0.2570  0.2430  0.2480  0.2520  1
154:   0.2547  0.2478  0.2577  0.2398  1
155:   0.2600  0.2650  0.2170  0.2580  1
156:   0.2560  0.2550  0.2520  0.2370  1
157:   0.2550  0.2550  0.2370  0.2530  1
158:   0.2440  0.2400  0.2610  0.2550  1
159:   0.2290  0.2450  0.2800  0.2460  1
160:   0.2290  0.2280  0.3190  0.2240  1
161:   0.2600  0.2480  0.2300  0.2620  1
162:   0.2570  0.2540  0.2320  0.2570  1
163:   0.2430  0.2520  0.2340  0.2710  1
164:   0.2500  0.2520  0.2260  0.2720  1
165:   0.2460  0.2340  0.2790  0.2410  1
166:   0.2462  0.2583  0.2392  0.2563  1
167:   0.2543  0.2543  0.2252  0.2663  1
168:   0.2583  0.2593  0.2302  0.2523  1
169:   0.2570  0.2530  0.2190  0.2710  1
170:   0.2458  0.2378  0.2727  0.2438  1
171:   0.2490  0.2380  0.2760  0.2370  1
172:   0.2382  0.2462  0.2773  0.2382  1
173:   0.2480  0.2430  0.2420  0.2670  1
174:   0.2520  0.2420  0.2620  0.2440  1
175:   0.2470  0.2460  0.2430  0.2640  1
176:   0.2450  0.2470  0.2690  0.2390  1
177:   0.2610  0.2750  0.2060  0.2580  1
178:   0.2570  0.2450  0.2410  0.2570  1
179:   0.2553  0.2503  0.2523  0.2422  1
180:   0.2468  0.2498  0.2547  0.2488  1
181:   0.2610  0.2750  0.2090  0.2550  1
182:   0.2573  0.2503  0.2372  0.2553  1
183:   0.2510  0.2470  0.2550  0.2470  1
184:   0.2577  0.2438  0.2428  0.2557  1
185:   0.2390  0.2380  0.2940  0.2290  1
186:   0.2590  0.2680  0.2120  0.2610  1
187:   0.2472  0.2523  0.2553  0.2452  1
188:   0.2452  0.2503  0.2693  0.2352  1
189:   0.2440  0.2500  0.2710  0.2350  1
190:   0.2400  0.2300  0.2970  0.2330  1
191:   0.2458  0.2358  0.2807  0.2378  1
192:   0.2510  0.2550  0.2380  0.2560  1
193:   0.2620  0.2540  0.2260  0.2580  1
194:   0.2352  0.2422  0.2833  0.2392  1
195:   0.2480  0.2530  0.2390  0.2600  1
196:   0.2370  0.2410  0.2900  0.2320  1
197:   0.2420  0.2450  0.2690  0.2440  1
198:   0.2510  0.2380  0.2620  0.2490  1
199:   0.2490  0.2590  0.2470  0.2450  1
200:   0.2590  0.2550  0.2410  0.2450  1
201:   0.2620  0.2780  0.1960  0.2640  1
202:   0.2490  0.2750  0.2240  0.2520  1
203:   0.2310  0.2350  0.3020  0.2320  1
204:   0.2470  0.2470  0.2640  0.2420  1
205:   0.2500  0.2500  0.2620  0.2380  1
206:   0.2452  0.2513  0.2533  0.2503  1
207:   0.2402  0.2583  0.2593  0.2422  1
208:   0.1900  0.1870  0.4420  0.1810  1
209:   0.2557  0.2507  0.2358  0.2577  1
210:   0.2520  0.2590  0.2070  0.2820  1
211:   0.2470  0.2490  0.2620  0.2420  1
212:   0.2550  0.2630  0.2170  0.2650  1
213:   0.2410  0.2400  0.2800  0.2390  1
214:   0.2620  0.2530  0.2420  0.2430  1
215:   0.2570  0.2570  0.2470  0.2390  1
216:   0.2422  0.2482  0.2442  0.2653  1
217:   0.2613  0.2643  0.2232  0.2513  1
218:   0.2693  0.2583  0.2102  0.2623  1
219:   0.2570  0.2640  0.2180  0.2610  1
220:   0.2583  0.2442  0.2442  0.2533  1
221:   0.2560  0.2330  0.2510  0.2600  1
222:   0.2550  0.2390  0.2520  0.2540  1
223:   0.2352  0.2352  0.2913  0.2382  1
224:   0.2388  0.2318  0.2927  0.2368  1
225:   0.2458  0.2507  0.2438  0.2597  1
226:   0.2400  0.2440  0.2780  0.2380  1
227:   0.2550  0.2450  0.2510  0.2490  1
228:   0.2560  0.2590  0.2330  0.2520  1
229:   0.2650  0.2600  0.2190  0.2560  1
230:   0.2570  0.2630  0.2060  0.2740  1
231:   0.2553  0.2523  0.2392  0.2533  1
232:   0.2537  0.2488  0.2368  0.2607  1
233:   0.2630  0.2680  0.2060  0.2630  1
234:   0.2300  0.2240  0.3180  0.2280  1
235:   0.2580  0.2480  0.2420  0.2520  1
236:   0.2370  0.2360  0.2780  0.2490  1
237:   0.2560  0.2570  0.2430  0.2440  1
238:   0.2490  0.2580  0.2250  0.2680  1
239:   0.2430  0.2450  0.2660  0.2460  1
240:   0.2550  0.2440  0.2630  0.2380  1
241:   0.2640  0.2610  0.2230  0.2520  1
242:   0.2597  0.2557  0.2358  0.2488  1
243:   0.2647  0.2577  0.2038  0.2737  1
244:   0.2600  0.2580  0.2350  0.2470  1
245:   0.2408  0.2527  0.2498  0.2567  1
246:   0.2727  0.2527  0.2198  0.2547  1
247:   0.2480  0.2420  0.2540  0.2560  1
248:   0.2380  0.2340  0.2950  0.2330  1
249:   0.2458  0.2488  0.2647  0.2408  1
250:   0.2650  0.2680  0.2040  0.2630  1
251:   0.2590  0.2630  0.2390  0.2390  1
252:   0.2560  0.2670  0.2270  0.2500  1
253:   0.2610  0.2680  0.2090  0.2620  1
254:   0.2380  0.2390  0.2980  0.2250  1
255:   0.2553  0.2523  0.2442  0.2482  1
256:   0.2392  0.2342  0.2873  0.2392  1
257:   0.2460  0.2480  0.2660  0.2400  1
258:   0.2520  0.2560  0.2480  0.2440  1
259:   0.2500  0.2490  0.2390  0.2620  1
260:   0.2450  0.2570  0.2230  0.2750  1
261:   0.2613  0.2563  0.2292  0.2533  1
262:   0.2312  0.2202  0.3223  0.2262  1
263:   0.2500  0.2510  0.2070  0.2920  1
264:   0.2488  0.2667  0.2428  0.2418  1
265:   0.2468  0.2507  0.2507  0.2517  1
266:   0.2400  0.2350  0.2910  0.2340  1
267:   0.2567  0.2587  0.2158  0.2687  1
268:   0.2550  0.2510  0.2370  0.2570  1
269:   0.2410  0.2290  0.2840  0.2460  1
270:   0.2680  0.2570  0.2190  0.2560  1
271:   0.2523  0.2533  0.2503  0.2442  1
272:   0.2503  0.2462  0.2573  0.2462  1
273:   0.2560  0.2480  0.2520  0.2440  1
274:   0.2550  0.2480  0.2320  0.2650  1
275:   0.2530  0.2490  0.2530  0.2450  1
276:   0.2590  0.2540  0.2390  0.2480  1
277:   0.2570  0.2600  0.2340  0.2490  1
278:   0.2537  0.2597  0.2378  0.2488  1
279:   0.2503  0.2663  0.2112  0.2723  1
280:   0.2470  0.2720  0.2360  0.2450  1
281:   0.2470  0.2440  0.2820  0.2270  1
282:   0.2360  0.2470  0.2870  0.2300  1
283:   0.2418  0.2408  0.2817  0.2358  1
284:   0.2478  0.2527  0.2527  0.2468  1
285:   0.2613  0.2573  0.2232  0.2583  1
286:   0.2098  0.2108  0.3706  0.2088  1
287:   0.2402  0.2362  0.2843  0.2392  1
288:   0.2530  0.2570  0.2490  0.2410  1
289:   0.2400  0.2480  0.2540  0.2580  1
290:   0.2530  0.2540  0.2450  0.2480  1
291:   0.2580  0.2650  0.2190  0.2580  1
292:   0.2400  0.2440  0.2840  0.2320  1
293:   0.2500  0.2580  0.2390  0.2530  1
294:   0.2600  0.2650  0.2240  0.2510  1
295:   0.2368  0.2358  0.2987  0.2288  1
296:   0.2587  0.2657  0.2088  0.2667  1
297:   0.2630  0.2760  0.2070  0.2540  1
298:   0.2370  0.2410  0.2720  0.2500  1
299:   0.2460  0.2560  0.2580  0.2400  1
300:   0.2550  0.2590  0.2290  0.2570  1
301:   0.2440  0.2500  0.2740  0.2320  1
302:   0.2520  0.2530  0.2230  0.2720  1
303:   0.2590  0.2670  0.2140  0.2600  1

  1:   0.2460  0.2470  0.2440  0.2630  1
  2:   0.2630  0.2390  0.2650  0.2330  1
  3:   0.2600  0.2400  0.2590  0.2410  1
  4:   0.2560  0.2470  0.2570  0.2400  1
  5:   0.2790  0.2160  0.2800  0.2250  1
  6:   0.2540  0.2500  0.2520  0.2440  1
  7:   0.2310  0.2730  0.2300  0.2660  1
  8:   0.2460  0.2510  0.2450  0.2580  1
  9:   0.2430  0.2580  0.2440  0.2550  1
 10:   0.2533  0.2452  0.2543  0.2472  1
 11:   0.2890  0.2090  0.2920  0.2100  1
 12:   0.2533  0.2472  0.2543  0.2452  1
 13:   0.2680  0.2300  0.2690  0.2330  1
 14:   0.2567  0.2478  0.2567  0.2388  1
 15:   0.2440  0.2540  0.2440  0.2580  1
 16:   0.2530  0.2440  0.2550  0.2480  1
 17:   0.2400  0.2630  0.2390  0.2580  1
 18:   0.2520  0.2500  0.2520  0.2460  1
 19:   0.2780  0.2230  0.2790  0.2200  1
 20:   0.2008  0.3017  0.2008  0.2967  1
 21:   0.2448  0.2488  0.2458  0.2607  1
 22:   0.2563  0.2442  0.2553  0.2442  1
 23:   0.2620  0.2360  0.2620  0.2400  1
 24:   0.2380  0.2700  0.2370  0.2550  1
 25:   0.2500  0.2490  0.2520  0.2490  1
 26:   0.2530  0.2440  0.2530  0.2500  1
 27:   0.2560  0.2500  0.2570  0.2370  1
 28:   0.2880  0.2150  0.2870  0.2100  1
 29:   0.2807  0.2188  0.2827  0.2178  1
 30:   0.2340  0.2640  0.2330  0.2690  1
 31:   0.2430  0.2590  0.2440  0.2540  1
 32:   0.2857  0.2128  0.2887  0.2128  1
 33:   0.2480  0.2530  0.2470  0.2520  1
 34:   0.2577  0.2418  0.2567  0.2438  1
 35:   0.2280  0.2760  0.2270  0.2690  1
 36:   0.2520  0.2480  0.2510  0.2490  1
 37:   0.2560  0.2480  0.2550  0.2410  1
 38:   0.2750  0.2250  0.2760  0.2240  1
 39:   0.2338  0.2617  0.2328  0.2717  1
 40:   0.2480  0.2530  0.2490  0.2500  1
 41:   0.2510  0.2500  0.2500  0.2490  1
 42:   0.2230  0.2630  0.2230  0.2910  1
 43:   0.2610  0.2440  0.2610  0.2340  1
 44:   0.2360  0.2700  0.2350  0.2590  1
 45:   0.2370  0.2620  0.2370  0.2640  1
 46:   0.2378  0.2707  0.2388  0.2527  1
 47:   0.2500  0.2480  0.2510  0.2510  1
 48:   0.2563  0.2503  0.2553  0.2382  1
 49:   0.2597  0.2378  0.2607  0.2418  1
 50:   0.2600  0.2390  0.2610  0.2400  1
 51:   0.2560  0.2480  0.2550  0.2410  1
 52:   0.2563  0.2452  0.2563  0.2422  1
 53:   0.2820  0.2180  0.2810  0.2190  1
 54:   0.2428  0.2527  0.2428  0.2617  1
 55:   0.2260  0.2700  0.2260  0.2780  1
 56:   0.2763  0.2222  0.2773  0.2242  1
 57:   0.2490  0.2480  0.2520  0.2510  1
 58:   0.2500  0.2440  0.2490  0.2570  1
 59:   0.2200  0.2810  0.2220  0.2770  1
 60:   0.2410  0.2550  0.2400  0.2640  1
 61:   0.2482  0.2492  0.2492  0.2533  1
 62:   0.2580  0.2400  0.2580  0.2440  1
 63:   0.2378  0.2587  0.2378  0.2657  1
 64:   0.2360  0.2630  0.2370  0.2640  1
 65:   0.2650  0.2330  0.2660  0.2360  1
 66:   0.2610  0.2400  0.2600  0.2390  1
 67:   0.2430  0.2600  0.2430  0.2540  1
 68:   0.2150  0.2760  0.2150  0.2940  1
 69:   0.2520  0.2480  0.2530  0.2470  1
 70:   0.2370  0.2650  0.2370  0.2610  1
 71:   0.2470  0.2610  0.2470  0.2450  1
 72:   0.2320  0.2690  0.2320  0.2670  1
 73:   0.2610  0.2390  0.2620  0.2380  1
 74:   0.2428  0.2567  0.2428  0.2577  1
 75:   0.2248  0.2757  0.2248  0.2747  1
 76:   0.2530  0.2440  0.2540  0.2490  1
 77:   0.2422  0.2563  0.2412  0.2603  1
 78:   0.2640  0.2370  0.2630  0.2360  1
 79:   0.2482  0.2523  0.2472  0.2523  1
 80:   0.2300  0.2690  0.2300  0.2710  1
 81:   0.2630  0.2320  0.2630  0.2420  1
 82:   0.2510  0.2470  0.2520  0.2500  1
 83:   0.2230  0.2660  0.2220  0.2890  1
 84:   0.2370  0.2610  0.2370  0.2650  1
 85:   0.2260  0.2690  0.2270  0.2780  1
 86:   0.2250  0.2760  0.2250  0.2740  1
 87:   0.2440  0.2650  0.2420  0.2490  1
 88:   0.2500  0.2460  0.2490  0.2550  1
 89:   0.2557  0.2438  0.2557  0.2448  1
 90:   0.2520  0.2550  0.2520  0.2410  1
 91:   0.2650  0.2350  0.2660  0.2340  1
 92:   0.2683  0.2312  0.2693  0.2312  1
 93:   0.2680  0.2270  0.2680  0.2370  1
 94:   0.2230  0.2720  0.2230  0.2820  1
 95:   0.2352  0.2673  0.2352  0.2623  1
 96:   0.2342  0.2633  0.2342  0.2683  1
 97:   0.2478  0.2567  0.2478  0.2478  1
 98:   0.2500  0.2550  0.2480  0.2470  1
 99:   0.2482  0.2543  0.2492  0.2482  1
100:   0.2600  0.2350  0.2620  0.2430  1
101:   0.2160  0.2880  0.2160  0.2800  1
102:   0.2703  0.2292  0.2713  0.2292  1
103:   0.2500  0.2520  0.2520  0.2460  1
104:   0.2503  0.2573  0.2523  0.2402  1
105:   0.2350  0.2710  0.2350  0.2590  1
106:   0.2442  0.2593  0.2432  0.2533  1
107:   0.2278  0.2747  0.2278  0.2697  1
108:   0.2843  0.2212  0.2833  0.2112  1
109:   0.2930  0.2080  0.2910  0.2080  1
110:   0.2777  0.2268  0.2797  0.2158  1
111:   0.2520  0.2510  0.2530  0.2440  1
112:   0.2498  0.2517  0.2488  0.2498  1
113:   0.2338  0.2647  0.2318  0.2697  1
114:   0.2650  0.2340  0.2650  0.2360  1
115:   0.2412  0.2623  0.2412  0.2553  1
116:   0.2560  0.2480  0.2550  0.2410  1
117:   0.2372  0.2623  0.2352  0.2653  1
118:   0.2580  0.2470  0.2570  0.2380  1
119:   0.2358  0.2577  0.2358  0.2707  1
120:   0.2560  0.2470  0.2560  0.2410  1
121:   0.2320  0.2670  0.2330  0.2680  1
122:   0.2500  0.2480  0.2510  0.2510  1
123:   0.2657  0.2338  0.2677  0.2328  1
124:   0.2480  0.2530  0.2490  0.2500  1
125:   0.2640  0.2350  0.2650  0.2360  1
126:   0.2430  0.2550  0.2440  0.2580  1
127:   0.2372  0.2663  0.2372  0.2593  1
128:   0.2270  0.2720  0.2270  0.2740  1
129:   0.2540  0.2390  0.2560  0.2510  1
130:   0.2590  0.2410  0.2580  0.2420  1
131:   0.2452  0.2583  0.2432  0.2533  1
132:   0.2410  0.2710  0.2410  0.2470  1
133:   0.2610  0.2380  0.2620  0.2390  1
134:   0.2570  0.2420  0.2580  0.2430  1
135:   0.2250  0.2760  0.2250  0.2740  1
136:   0.2590  0.2480  0.2580  0.2350  1
137:   0.2500  0.2430  0.2500  0.2570  1
138:   0.2318  0.2727  0.2318  0.2637  1
139:   0.2520  0.2510  0.2520  0.2450  1
140:   0.2780  0.2180  0.2800  0.2240  1
141:   0.2470  0.2500  0.2470  0.2560  1
142:   0.2398  0.2597  0.2388  0.2617  1
143:   0.2510  0.2510  0.2490  0.2490  1
144:   0.2400  0.2570  0.2410  0.2620  1
145:   0.2527  0.2448  0.2517  0.2507  1
146:   0.2398  0.2627  0.2388  0.2587  1
147:   0.2613  0.2442  0.2603  0.2342  1
148:   0.2540  0.2490  0.2530  0.2440  1
149:   0.2510  0.2510  0.2520  0.2460  1
150:   0.2470  0.2530  0.2460  0.2540  1
151:   0.2620  0.2380  0.2620  0.2380  1
152:   0.2703  0.2312  0.2673  0.2312  1
153:   0.2550  0.2470  0.2560  0.2420  1
154:   0.2610  0.2390  0.2600  0.2400  1
155:   0.2270  0.2770  0.2280  0.2680  1
156:   0.2490  0.2480  0.2490  0.2540  1
157:   0.2330  0.2670  0.2340  0.2660  1
158:   0.2670  0.2350  0.2650  0.2330  1
159:   0.2520  0.2510  0.2530  0.2440  1
160:   0.2830  0.2130  0.2850  0.2190  1
161:   0.2382  0.2653  0.2382  0.2583  1
162:   0.2302  0.2703  0.2302  0.2693  1
163:   0.2422  0.2623  0.2422  0.2533  1
164:   0.2470  0.2530  0.2460  0.2540  1
165:   0.2557  0.2408  0.2557  0.2478  1
166:   0.2450  0.2590  0.2460  0.2500  1
167:   0.2370  0.2620  0.2360  0.2650  1
168:   0.2392  0.2703  0.2382  0.2523  1
169:   0.2320  0.2660  0.2320  0.2700  1
170:   0.2620  0.2460  0.2600  0.2320  1
171:   0.2550  0.2450  0.2580  0.2420  1
172:   0.2740  0.2270  0.2740  0.2250  1
173:   0.2410  0.2580  0.2400  0.2610  1
174:   0.2480  0.2480  0.2490  0.2550  1
175:   0.2438  0.2567  0.2448  0.2547  1
176:   0.2740  0.2260  0.2720  0.2280  1
177:   0.2242  0.2763  0.2232  0.2763  1
178:   0.2560  0.2440  0.2540  0.2460  1
179:   0.2543  0.2412  0.2543  0.2503  1
180:   0.2520  0.2490  0.2520  0.2470  1
181:   0.2162  0.2863  0.2162  0.2813  1
182:   0.2420  0.2610  0.2430  0.2540  1
183:   0.2520  0.2490  0.2530  0.2460  1
184:   0.2390  0.2600  0.2390  0.2620  1
185:   0.2783  0.2212  0.2793  0.2212  1
186:   0.2240  0.2800  0.2230  0.2730  1
187:   0.2580  0.2410  0.2580  0.2430  1
188:   0.2540  0.2420  0.2560  0.2480  1
189:   0.2593  0.2402  0.2603  0.2402  1
190:   0.2697  0.2288  0.2687  0.2328  1
191:   0.2833  0.2162  0.2833  0.2172  1
192:   0.2380  0.2600  0.2370  0.2650  1
193:   0.2340  0.2650  0.2340  0.2670  1
194:   0.2580  0.2420  0.2590  0.2410  1
195:   0.2398  0.2557  0.2398  0.2647  1
196:   0.2743  0.2172  0.2753  0.2332  1
197:   0.2503  0.2492  0.2503  0.2503  1
198:   0.2540  0.2470  0.2540  0.2450  1
199:   0.2530  0.2500  0.2550  0.2420  1
200:   0.2527  0.2488  0.2527  0.2458  1
201:   0.2062  0.2973  0.2062  0.2903  1
202:   0.2290  0.2760  0.2280  0.2670  1
203:   0.2640  0.2370  0.2680  0.2310  1
204:   0.2597  0.2388  0.2597  0.2418  1
205:   0.2590  0.2430  0.2590  0.2390  1
206:   0.2480  0.2530  0.2470  0.2520  1
207:   0.2438  0.2637  0.2458  0.2468  1
208:   0.3237  0.1738  0.3317  0.1708  1
209:   0.2390  0.2660  0.2410  0.2540  1
210:   0.2172  0.2783  0.2172  0.2873  1
211:   0.2510  0.2500  0.2510  0.2480  1
212:   0.2260  0.2760  0.2250  0.2730  1
213:   0.2567  0.2438  0.2577  0.2418  1
214:   0.2610  0.2410  0.2610  0.2370  1
215:   0.2510  0.2450  0.2530  0.2510  1
216:   0.2503  0.2553  0.2513  0.2432  1
217:   0.2438  0.2567  0.2438  0.2557  1
218:   0.2230  0.2730  0.2230  0.2810  1
219:   0.2232  0.2713  0.2232  0.2823  1
220:   0.2490  0.2500  0.2470  0.2540  1
221:   0.2567  0.2368  0.2587  0.2478  1
222:   0.2540  0.2440  0.2550  0.2470  1
223:   0.2800  0.2190  0.2800  0.2210  1
224:   0.2730  0.2220  0.2740  0.2310  1
225:   0.2340  0.2640  0.2350  0.2670  1
226:   0.2610  0.2370  0.2620  0.2400  1
227:   0.2500  0.2480  0.2510  0.2510  1
228:   0.2450  0.2570  0.2450  0.2530  1
229:   0.2408  0.2617  0.2398  0.2577  1
230:   0.2182  0.2773  0.2172  0.2873  1
231:   0.2480  0.2510  0.2470  0.2540  1
232:   0.2350  0.2610  0.2350  0.2690  1
233:   0.2118  0.2857  0.2118  0.2907  1
234:   0.2710  0.2220  0.2750  0.2320  1
235:   0.2360  0.2620  0.2370  0.2650  1
236:   0.2560  0.2380  0.2550  0.2510  1
237:   0.2510  0.2520  0.2510  0.2460  1
238:   0.2288  0.2767  0.2278  0.2667  1
239:   0.2590  0.2390  0.2590  0.2430  1
240:   0.2593  0.2452  0.2583  0.2372  1
241:   0.2320  0.2740  0.2320  0.2620  1
242:   0.2430  0.2650  0.2410  0.2510  1
243:   0.2142  0.2863  0.2132  0.2863  1
244:   0.2560  0.2450  0.2550  0.2440  1
245:   0.2498  0.2537  0.2498  0.2468  1
246:   0.2338  0.2647  0.2328  0.2687  1
247:   0.2603  0.2412  0.2603  0.2382  1
248:   0.2700  0.2240  0.2700  0.2360  1
249:   0.2490  0.2480  0.2500  0.2530  1
250:   0.2180  0.2800  0.2190  0.2830  1
251:   0.2530  0.2510  0.2540  0.2420  1
252:   0.2360  0.2680  0.2350  0.2610  1
253:   0.2190  0.2750  0.2200  0.2860  1
254:   0.2750  0.2280  0.2760  0.2210  1
255:   0.2573  0.2452  0.2573  0.2402  1
256:   0.2680  0.2320  0.2670  0.2330  1
257:   0.2590  0.2450  0.2590  0.2370  1
258:   0.2400  0.2570  0.2410  0.2620  1
259:   0.2480  0.2450  0.2490  0.2580  1
260:   0.2320  0.2680  0.2330  0.2670  1
261:   0.2430  0.2600  0.2440  0.2530  1
262:   0.2830  0.2150  0.2840  0.2180  1
263:   0.2160  0.2780  0.2150  0.2910  1
264:   0.2428  0.2537  0.2438  0.2597  1
265:   0.2422  0.2623  0.2432  0.2523  1
266:   0.2680  0.2310  0.2680  0.2330  1
267:   0.2310  0.2700  0.2300  0.2690  1
268:   0.2430  0.2520  0.2430  0.2620  1
269:   0.2720  0.2290  0.2720  0.2270  1
270:   0.2230  0.2730  0.2220  0.2820  1
271:   0.2530  0.2500  0.2520  0.2450  1
272:   0.2520  0.2430  0.2520  0.2530  1
273:   0.2597  0.2418  0.2597  0.2388  1
274:   0.2410  0.2580  0.2400  0.2610  1
275:   0.2420  0.2570  0.2420  0.2590  1
276:   0.2382  0.2573  0.2392  0.2653  1
277:   0.2577  0.2498  0.2577  0.2348  1
278:   0.2448  0.2577  0.2458  0.2517  1
279:   0.2090  0.2870  0.2100  0.2940  1
280:   0.2400  0.2660  0.2400  0.2540  1
281:   0.2830  0.2190  0.2820  0.2160  1
282:   0.2710  0.2300  0.2710  0.2280  1
283:   0.2613  0.2342  0.2623  0.2422  1
284:   0.2500  0.2490  0.2490  0.2520  1
285:   0.2288  0.2637  0.2288  0.2787  1
286:   0.2917  0.2068  0.2937  0.2078  1
287:   0.2723  0.2262  0.2713  0.2302  1
288:   0.2498  0.2517  0.2507  0.2478  1
289:   0.2418  0.2537  0.2438  0.2607  1
290:   0.2513  0.2503  0.2503  0.2482  1
291:   0.2300  0.2680  0.2280  0.2740  1
292:   0.2690  0.2320  0.2680  0.2310  1
293:   0.2372  0.2643  0.2372  0.2613  1
294:   0.2300  0.2650  0.2300  0.2750  1
295:   0.2757  0.2278  0.2777  0.2188  1
296:   0.2210  0.2790  0.2200  0.2800  1
297:   0.2180  0.2830  0.2170  0.2820  1
298:   0.2432  0.2533  0.2462  0.2573  1
299:   0.2480  0.2490  0.2490  0.2540  1
300:   0.2410  0.2570  0.2400  0.2620  1
301:   0.2610  0.2380  0.2620  0.2390  1
302:   0.2360  0.2610  0.2360  0.2670  1
303:   0.2182  0.2783  0.2182  0.2853  1

  1:   0.2492  0.2533  0.2482  0.2492  1
  2:   0.2587  0.2388  0.2597  0.2428  1
  3:   0.2540  0.2480  0.2530  0.2450  1
  4:   0.2530  0.2460  0.2540  0.2470  1
  5:   0.2667  0.2368  0.2667  0.2298  1
  6:   0.2537  0.2517  0.2537  0.2408  1
  7:   0.2372  0.2623  0.2362  0.2643  1
  8:   0.2440  0.2570  0.2430  0.2560  1
  9:   0.2460  0.2530  0.2460  0.2550  1
 10:   0.2530  0.2460  0.2530  0.2480  1
 11:   0.2757  0.2268  0.2797  0.2178  1
 12:   0.2540  0.2480  0.2530  0.2450  1
 13:   0.2610  0.2390  0.2600  0.2400  1
 14:   0.2553  0.2472  0.2553  0.2422  1
 15:   0.2472  0.2533  0.2462  0.2533  1
 16:   0.2498  0.2478  0.2537  0.2488  1
 17:   0.2380  0.2590  0.2390  0.2640  1
 18:   0.2530  0.2490  0.2530  0.2450  1
 19:   0.2730  0.2330  0.2740  0.2200  1
 20:   0.2162  0.2693  0.2152  0.2993  1
 21:   0.2422  0.2573  0.2422  0.2583  1
 22:   0.2560  0.2440  0.2560  0.2440  1
 23:   0.2570  0.2410  0.2570  0.2450  1
 24:   0.2412  0.2533  0.2412  0.2643  1
 25:   0.2480  0.2530  0.2470  0.2520  1
 26:   0.2540  0.2460  0.2530  0.2470  1
 27:   0.2540  0.2460  0.2540  0.2460  1
 28:   0.2777  0.2308  0.2787  0.2128  1
 29:   0.2690  0.2350  0.2690  0.2270  1
 30:   0.2408  0.2587  0.2408  0.2597  1
 31:   0.2442  0.2523  0.2442  0.2593  1
 32:   0.2747  0.2308  0.2767  0.2178  1
 33:   0.2510  0.2520  0.2510  0.2460  1
 34:   0.2523  0.2462  0.2533  0.2482  1
 35:   0.2370  0.2620  0.2360  0.2650  1
 36:   0.2498  0.2527  0.2507  0.2468  1
 37:   0.2530  0.2500  0.2540  0.2430  1
 38:   0.2673  0.2382  0.2683  0.2262  1
 39:   0.2402  0.2593  0.2412  0.2593  1
 40:   0.2480  0.2530  0.2470  0.2520  1
 41:   0.2480  0.2480  0.2480  0.2560  1
 42:   0.2310  0.2680  0.2300  0.2710  1
 43:   0.2610  0.2400  0.2620  0.2370  1
 44:   0.2402  0.2523  0.2402  0.2673  1
 45:   0.2418  0.2567  0.2418  0.2597  1
 46:   0.2430  0.2520  0.2440  0.2610  1
 47:   0.2523  0.2482  0.2523  0.2472  1
 48:   0.2540  0.2500  0.2530  0.2430  1
 49:   0.2557  0.2478  0.2577  0.2388  1
 50:   0.2600  0.2430  0.2610  0.2360  1
 51:   0.2560  0.2480  0.2560  0.2400  1
 52:   0.2570  0.2460  0.2560  0.2410  1
 53:   0.2713  0.2352  0.2713  0.2222  1
 54:   0.2440  0.2500  0.2440  0.2620  1
 55:   0.2390  0.2590  0.2390  0.2630  1
 56:   0.2657  0.2398  0.2647  0.2298  1
 57:   0.2480  0.2470  0.2490  0.2560  1
 58:   0.2470  0.2520  0.2470  0.2540  1
 59:   0.2330  0.2640  0.2320  0.2710  1
 60:   0.2420  0.2520  0.2400  0.2660  1
 61:   0.2500  0.2500  0.2500  0.2500  1
 62:   0.2560  0.2470  0.2570  0.2400  1
 63:   0.2430  0.2540  0.2430  0.2600  1
 64:   0.2450  0.2590  0.2430  0.2530  1
 65:   0.2590  0.2440  0.2600  0.2370  1
 66:   0.2583  0.2482  0.2573  0.2362  1
