  1:   0.3490  0.3410  0.3100  1
  2:   0.3093  0.3153  0.3754  1
  3:   0.3420  0.3340  0.3240  1
  4:   0.3253  0.3323  0.3423  1
  5:   0.3030  0.2990  0.3980  1
  6:   0.3430  0.3310  0.3260  1
  7:   0.3590  0.3530  0.2880  1
  8:   0.3437  0.3427  0.3137  1
  9:   0.3380  0.3310  0.3310  1
 10:   0.3303  0.3223  0.3473  1
 11:   0.2880  0.2890  0.4230  1
 12:   0.3310  0.3300  0.3390  1
 13:   0.3073  0.3153  0.3774  1
 14:   0.3380  0.3340  0.3280  1
 15:   0.3450  0.3350  0.3200  1
 16:   0.3300  0.3240  0.3460  1
 17:   0.3520  0.3440  0.3040  1
 18:   0.3280  0.3340  0.3380  1
 19:   0.2947  0.2967  0.4086  1
 20:   0.3630  0.3780  0.2590  1
 21:   0.3470  0.3420  0.3110  1
 22:   0.3313  0.3253  0.3433  1
 23:   0.3147  0.3197  0.3656  1
 24:   0.3337  0.3417  0.3247  1
 25:   0.3380  0.3410  0.3210  1
 26:   0.3260  0.3330  0.3410  1
 27:   0.3223  0.3323  0.3453  1
 28:   0.3037  0.2997  0.3966  1
 29:   0.3070  0.3030  0.3900  1
 30:   0.3440  0.3470  0.3090  1
 31:   0.3470  0.3420  0.3110  1
 32:   0.2900  0.2880  0.4220  1
 33:   0.3350  0.3330  0.3320  1
 34:   0.3297  0.3257  0.3447  1
 35:   0.3606  0.3497  0.2897  1
 36:   0.3380  0.3300  0.3320  1
 37:   0.3230  0.3360  0.3410  1
 38:   0.3000  0.3070  0.3930  1
 39:   0.3620  0.3450  0.2930  1
 40:   0.3400  0.3380  0.3220  1
 41:   0.3330  0.3380  0.3290  1
 42:   0.3690  0.3520  0.2790  1
 43:   0.3210  0.3220  0.3570  1
 44:   0.3327  0.3516  0.3157  1
 45:   0.3470  0.3440  0.3090  1
 46:   0.3440  0.3470  0.3090  1
 47:   0.3420  0.3290  0.3290  1
 48:   0.3290  0.3360  0.3350  1
 49:   0.3250  0.3220  0.3530  1
 50:   0.3207  0.3187  0.3606  1
 51:   0.3300  0.3330  0.3370  1
 52:   0.3270  0.3330  0.3400  1
 53:   0.3130  0.3120  0.3750  1
 54:   0.3483  0.3363  0.3153  1
 55:   0.3530  0.3390  0.3080  1
 56:   0.3100  0.3080  0.3820  1
 57:   0.3290  0.3290  0.3420  1
 58:   0.3330  0.3290  0.3380  1
 59:   0.3447  0.3586  0.2967  1
 60:   0.3360  0.3390  0.3250  1
 61:   0.3400  0.3360  0.3240  1
 62:   0.3320  0.3230  0.3450  1
 63:   0.3317  0.3447  0.3237  1
 64:   0.3530  0.3470  0.3000  1
 65:   0.3193  0.3223  0.3584  1
 66:   0.3330  0.3240  0.3430  1
 67:   0.3420  0.3360  0.3220  1
 68:   0.3636  0.3546  0.2817  1
 69:   0.3370  0.3380  0.3250  1
 70:   0.3420  0.3530  0.3050  1
 71:   0.3253  0.3423  0.3323  1
 72:   0.3497  0.3556  0.2947  1
 73:   0.3330  0.3220  0.3450  1
 74:   0.3370  0.3440  0.3190  1
 75:   0.3480  0.3550  0.2970  1
 76:   0.3390  0.3330  0.3280  1
 77:   0.3370  0.3340  0.3290  1
 78:   0.3140  0.3210  0.3650  1
 79:   0.3380  0.3310  0.3310  1
 80:   0.3480  0.3540  0.2980  1
 81:   0.3230  0.3160  0.3610  1
 82:   0.3160  0.3300  0.3540  1
 83:   0.3580  0.3590  0.2830  1
 84:   0.3323  0.3363  0.3313  1
 85:   0.3574  0.3483  0.2943  1
 86:   0.3500  0.3570  0.2930  1
 87:   0.3270  0.3480  0.3250  1
 88:   0.3380  0.3310  0.3310  1
 89:   0.3260  0.3200  0.3540  1
 90:   0.3320  0.3380  0.3300  1
 91:   0.3160  0.3190  0.3650  1
 92:   0.3240  0.3200  0.3560  1
 93:   0.3200  0.3120  0.3680  1
 94:   0.3530  0.3530  0.2940  1
 95:   0.3490  0.3420  0.3090  1
 96:   0.3430  0.3390  0.3180  1
 97:   0.3327  0.3377  0.3297  1
 98:   0.3313  0.3413  0.3273  1
 99:   0.3310  0.3450  0.3240  1
100:   0.3140  0.3210  0.3650  1
101:   0.3600  0.3610  0.2790  1
102:   0.3170  0.3060  0.3770  1
103:   0.3260  0.3250  0.3490  1
104:   0.3260  0.3300  0.3440  1
105:   0.3410  0.3490  0.3100  1
106:   0.3387  0.3477  0.3137  1
107:   0.3524  0.3524  0.2953  1
108:   0.3077  0.3027  0.3896  1
109:   0.3167  0.3037  0.3796  1
110:   0.3090  0.3090  0.3820  1
111:   0.3170  0.3260  0.3570  1
112:   0.3240  0.3350  0.3410  1
113:   0.3520  0.3440  0.3040  1
114:   0.3310  0.3190  0.3500  1
115:   0.3380  0.3480  0.3140  1
116:   0.3260  0.3390  0.3350  1
117:   0.3490  0.3380  0.3130  1
118:   0.3280  0.3370  0.3350  1
119:   0.3450  0.3380  0.3170  1
120:   0.3340  0.3350  0.3310  1
121:   0.3480  0.3510  0.3010  1
122:   0.3490  0.3380  0.3130  1
123:   0.3217  0.3147  0.3636  1
124:   0.3263  0.3353  0.3383  1
125:   0.3240  0.3230  0.3530  1
126:   0.3270  0.3440  0.3290  1
127:   0.3350  0.3490  0.3160  1
128:   0.3480  0.3560  0.2960  1
129:   0.3320  0.3210  0.3470  1
130:   0.3223  0.3293  0.3483  1
131:   0.3506  0.3397  0.3097  1
132:   0.3500  0.3500  0.3000  1
133:   0.3267  0.3247  0.3487  1
134:   0.3210  0.3230  0.3560  1
135:   0.3620  0.3590  0.2790  1
136:   0.3310  0.3350  0.3340  1
137:   0.3450  0.3430  0.3120  1
138:   0.3400  0.3580  0.3020  1
139:   0.3350  0.3370  0.3280  1
140:   0.3247  0.3127  0.3626  1
141:   0.3470  0.3360  0.3170  1
142:   0.3440  0.3450  0.3110  1
143:   0.3390  0.3380  0.3230  1
144:   0.3413  0.3443  0.3143  1
145:   0.3367  0.3287  0.3347  1
146:   0.3380  0.3360  0.3260  1
147:   0.3347  0.3287  0.3367  1
148:   0.3400  0.3320  0.3280  1
149:   0.3280  0.3280  0.3440  1
150:   0.3260  0.3390  0.3350  1
151:   0.3260  0.3260  0.3480  1
152:   0.3140  0.3130  0.3730  1
153:   0.3360  0.3360  0.3280  1
154:   0.3243  0.3223  0.3534  1
155:   0.3514  0.3544  0.2943  1
156:   0.3290  0.3320  0.3390  1
157:   0.3383  0.3413  0.3203  1
158:   0.3310  0.3200  0.3490  1
159:   0.3167  0.3297  0.3536  1
160:   0.3020  0.2920  0.4060  1
161:   0.3520  0.3420  0.3060  1
162:   0.3487  0.3467  0.3047  1
163:   0.3387  0.3387  0.3227  1
164:   0.3510  0.3370  0.3120  1
165:   0.3237  0.3157  0.3606  1
166:   0.3350  0.3430  0.3220  1
167:   0.3510  0.3440  0.3050  1
168:   0.3420  0.3490  0.3090  1
169:   0.3500  0.3540  0.2960  1
170:   0.3220  0.3210  0.3570  1
171:   0.3270  0.3210  0.3520  1
172:   0.3120  0.3140  0.3740  1
173:   0.3490  0.3390  0.3120  1
174:   0.3300  0.3300  0.3400  1
175:   0.3400  0.3370  0.3230  1
176:   0.3190  0.3150  0.3660  1
177:   0.3600  0.3600  0.2800  1
178:   0.3410  0.3320  0.3270  1
179:   0.3243  0.3353  0.3403  1
180:   0.3317  0.3327  0.3357  1
181:   0.3530  0.3640  0.2830  1
182:   0.3390  0.3430  0.3180  1
183:   0.3330  0.3330  0.3340  1
184:   0.3430  0.3380  0.3190  1
185:   0.3080  0.3050  0.3870  1
186:   0.3520  0.3610  0.2870  1
187:   0.3280  0.3310  0.3410  1
188:   0.3270  0.3240  0.3490  1
189:   0.3250  0.3230  0.3520  1
190:   0.3100  0.3090  0.3810  1
191:   0.3160  0.3040  0.3800  1
192:   0.3450  0.3370  0.3180  1
193:   0.3457  0.3477  0.3067  1
194:   0.3177  0.3207  0.3616  1
195:   0.3387  0.3377  0.3237  1
196:   0.3120  0.3040  0.3840  1
197:   0.3190  0.3290  0.3520  1
198:   0.3317  0.3247  0.3437  1
199:   0.3290  0.3360  0.3350  1
200:   0.3337  0.3337  0.3327  1
201:   0.3570  0.3760  0.2670  1
202:   0.3430  0.3530  0.3040  1
203:   0.3110  0.3160  0.3730  1
204:   0.3243  0.3213  0.3544  1
205:   0.3180  0.3280  0.3540  1
206:   0.3330  0.3300  0.3370  1
207:   0.3170  0.3410  0.3420  1
208:   0.2430  0.2410  0.5160  1
209:   0.3453  0.3443  0.3103  1
210:   0.3590  0.3560  0.2850  1
211:   0.3260  0.3340  0.3400  1
212:   0.3540  0.3530  0.2930  1
213:   0.3210  0.3260  0.3530  1
214:   0.3290  0.3340  0.3370  1
215:   0.3370  0.3320  0.3310  1
216:   0.3400  0.3360  0.3240  1
217:   0.3440  0.3450  0.3110  1
218:   0.3660  0.3530  0.2810  1
219:   0.3560  0.3560  0.2880  1
220:   0.3380  0.3340  0.3280  1
221:   0.3420  0.3250  0.3330  1
222:   0.3340  0.3340  0.3320  1
223:   0.3100  0.3000  0.3900  1
224:   0.3170  0.3050  0.3780  1
225:   0.3400  0.3390  0.3210  1
226:   0.3210  0.3250  0.3540  1
227:   0.3350  0.3310  0.3340  1
228:   0.3430  0.3410  0.3160  1
229:   0.3480  0.3520  0.3000  1
230:   0.3630  0.3600  0.2770  1
231:   0.3460  0.3360  0.3180  1
232:   0.3506  0.3387  0.3107  1
233:   0.3534  0.3694  0.2773  1
234:   0.3080  0.3020  0.3900  1
235:   0.3400  0.3410  0.3190  1
236:   0.3297  0.3227  0.3477  1
237:   0.3370  0.3340  0.3290  1
238:   0.3480  0.3530  0.2990  1
239:   0.3290  0.3240  0.3470  1
240:   0.3277  0.3277  0.3447  1
241:   0.3460  0.3520  0.3020  1
242:   0.3427  0.3407  0.3167  1
243:   0.3630  0.3630  0.2740  1
244:   0.3370  0.3330  0.3300  1
245:   0.3340  0.3350  0.3310  1
246:   0.3480  0.3460  0.3060  1
247:   0.3360  0.3250  0.3390  1
248:   0.3110  0.3050  0.3840  1
249:   0.3290  0.3310  0.3400  1
250:   0.3610  0.3560  0.2830  1
251:   0.3330  0.3350  0.3320  1
252:   0.3440  0.3530  0.3030  1
253:   0.3570  0.3600  0.2830  1
254:   0.3080  0.3050  0.3870  1
255:   0.3330  0.3360  0.3310  1
256:   0.3110  0.3090  0.3800  1
257:   0.3210  0.3280  0.3510  1
258:   0.3300  0.3440  0.3260  1
259:   0.3370  0.3310  0.3320  1
260:   0.3483  0.3463  0.3053  1
261:   0.3450  0.3410  0.3140  1
262:   0.3060  0.2950  0.3990  1
263:   0.3690  0.3550  0.2760  1
264:   0.3310  0.3450  0.3240  1
265:   0.3370  0.3380  0.3250  1
266:   0.3110  0.3110  0.3780  1
267:   0.3490  0.3570  0.2940  1
268:   0.3453  0.3383  0.3163  1
269:   0.3143  0.3113  0.3744  1
270:   0.3544  0.3524  0.2933  1
271:   0.3300  0.3340  0.3360  1
272:   0.3330  0.3310  0.3360  1
273:   0.3320  0.3260  0.3420  1
274:   0.3450  0.3410  0.3140  1
275:   0.3340  0.3370  0.3290  1
276:   0.3520  0.3340  0.3140  1
277:   0.3380  0.3400  0.3220  1
278:   0.3357  0.3377  0.3267  1
279:   0.3530  0.3670  0.2800  1
280:   0.3310  0.3490  0.3200  1
281:   0.3020  0.3100  0.3880  1
282:   0.3080  0.3110  0.3810  1
283:   0.3210  0.3180  0.3610  1
284:   0.3237  0.3317  0.3447  1
285:   0.3520  0.3500  0.2980  1
286:   0.2760  0.2800  0.4440  1
287:   0.3150  0.3150  0.3700  1
288:   0.3270  0.3350  0.3380  1
289:   0.3330  0.3360  0.3310  1
290:   0.3397  0.3287  0.3317  1
291:   0.3497  0.3566  0.2937  1
292:   0.3117  0.3157  0.3726  1
293:   0.3370  0.3440  0.3190  1
294:   0.3420  0.3520  0.3060  1
295:   0.3080  0.3050  0.3870  1
296:   0.3540  0.3630  0.2830  1
297:   0.3550  0.3630  0.2820  1
298:   0.3340  0.3270  0.3390  1
299:   0.3320  0.3280  0.3400  1
300:   0.3473  0.3413  0.3113  1
301:   0.3120  0.3200  0.3680  1
302:   0.3560  0.3450  0.2990  1
303:   0.3550  0.3600  0.2850  1

  1:   0.3483  0.3393  0.3123  1
  2:   0.3020  0.3240  0.3740  1
  3:   0.3470  0.3260  0.3270  1
  4:   0.3350  0.3260  0.3390  1
  5:   0.3103  0.2963  0.3934  1
  6:   0.3520  0.3190  0.3290  1
  7:   0.3536  0.3526  0.2937  1
  8:   0.3463  0.3353  0.3183  1
  9:   0.3370  0.3330  0.3300  1
 10:   0.3320  0.3230  0.3450  1
 11:   0.2907  0.2957  0.4136  1
 12:   0.3390  0.3240  0.3370  1
 13:   0.3110  0.3180  0.3710  1
 14:   0.3350  0.3350  0.3300  1
 15:   0.3510  0.3290  0.3200  1
 16:   0.3330  0.3200  0.3470  1
 17:   0.3590  0.3350  0.3060  1
 18:   0.3380  0.3270  0.3350  1
 19:   0.3080  0.2910  0.4010  1
 20:   0.3483  0.3894  0.2623  1
 21:   0.3410  0.3480  0.3110  1
 22:   0.3320  0.3240  0.3440  1
 23:   0.3190  0.3180  0.3630  1
 24:   0.3203  0.3584  0.3213  1
 25:   0.3443  0.3373  0.3183  1
 26:   0.3310  0.3300  0.3390  1
 27:   0.3210  0.3380  0.3410  1
 28:   0.3160  0.2950  0.3890  1
 29:   0.3100  0.3040  0.3860  1
 30:   0.3574  0.3313  0.3113  1
 31:   0.3450  0.3390  0.3160  1
 32:   0.3080  0.2780  0.4140  1
 33:   0.3510  0.3180  0.3310  1
 34:   0.3150  0.3410  0.3440  1
 35:   0.3530  0.3510  0.2960  1
 36:   0.3300  0.3400  0.3300  1
 37:   0.3250  0.3360  0.3390  1
 38:   0.3080  0.3040  0.3880  1
 39:   0.3510  0.3510  0.2980  1
 40:   0.3516  0.3277  0.3207  1
 41:   0.3300  0.3430  0.3270  1
 42:   0.3566  0.3586  0.2847  1
 43:   0.3243  0.3213  0.3544  1
 44:   0.3300  0.3540  0.3160  1
 45:   0.3470  0.3420  0.3110  1
 46:   0.3340  0.3550  0.3110  1
 47:   0.3290  0.3400  0.3310  1
 48:   0.3350  0.3290  0.3360  1
 49:   0.3387  0.3097  0.3516  1
 50:   0.3270  0.3110  0.3620  1
 51:   0.3347  0.3317  0.3337  1
 52:   0.3390  0.3260  0.3350  1
 53:   0.3200  0.3060  0.3740  1
 54:   0.3357  0.3467  0.3177  1
 55:   0.3400  0.3500  0.3100  1
 56:   0.3180  0.3020  0.3800  1
 57:   0.3143  0.3433  0.3423  1
 58:   0.3350  0.3290  0.3360  1
 59:   0.3500  0.3520  0.2980  1
 60:   0.3297  0.3477  0.3227  1
 61:   0.3330  0.3420  0.3250  1
 62:   0.3350  0.3190  0.3460  1
 63:   0.3460  0.3320  0.3220  1
 64:   0.3550  0.3410  0.3040  1
 65:   0.3200  0.3220  0.3580  1
 66:   0.3360  0.3170  0.3470  1
 67:   0.3250  0.3520  0.3230  1
 68:   0.3620  0.3530  0.2850  1
 69:   0.3380  0.3320  0.3300  1
 70:   0.3360  0.3610  0.3030  1
 71:   0.3270  0.3420  0.3310  1
 72:   0.3360  0.3670  0.2970  1
 73:   0.3400  0.3140  0.3460  1
 74:   0.3380  0.3390  0.3230  1
 75:   0.3330  0.3690  0.2980  1
 76:   0.3410  0.3280  0.3310  1
 77:   0.3370  0.3360  0.3270  1
 78:   0.3130  0.3250  0.3620  1
 79:   0.3247  0.3457  0.3297  1
 80:   0.3300  0.3700  0.3000  1
 81:   0.3270  0.3140  0.3590  1
 82:   0.3030  0.3440  0.3530  1
 83:   0.3370  0.3760  0.2870  1
 84:   0.3460  0.3250  0.3290  1
 85:   0.3480  0.3550  0.2970  1
 86:   0.3490  0.3540  0.2970  1
 87:   0.3180  0.3580  0.3240  1
 88:   0.3350  0.3330  0.3320  1
 89:   0.3303  0.3153  0.3544  1
 90:   0.3473  0.3203  0.3323  1
 91:   0.3150  0.3210  0.3640  1
 92:   0.3270  0.3180  0.3550  1
 93:   0.3363  0.2963  0.3674  1
 94:   0.3373  0.3684  0.2943  1
 95:   0.3516  0.3357  0.3127  1
 96:   0.3273  0.3534  0.3193  1
 97:   0.3330  0.3340  0.3330  1
 98:   0.3290  0.3440  0.3270  1
 99:   0.3443  0.3283  0.3273  1
100:   0.3303  0.3103  0.3594  1
101:   0.3487  0.3686  0.2827  1
102:   0.3037  0.3217  0.3746  1
103:   0.3093  0.3413  0.3493  1
104:   0.3200  0.3360  0.3440  1
105:   0.3480  0.3460  0.3060  1
106:   0.3440  0.3370  0.3190  1
107:   0.3480  0.3500  0.3020  1
108:   0.3180  0.2930  0.3890  1
109:   0.3223  0.2973  0.3804  1
110:   0.3130  0.3010  0.3860  1
111:   0.3100  0.3380  0.3520  1
112:   0.3150  0.3460  0.3390  1
113:   0.3300  0.3640  0.3060  1
114:   0.3360  0.3140  0.3500  1
115:   0.3470  0.3400  0.3130  1
116:   0.3310  0.3350  0.3340  1
117:   0.3570  0.3260  0.3170  1
118:   0.3370  0.3260  0.3370  1
119:   0.3340  0.3460  0.3200  1
120:   0.3437  0.3257  0.3307  1
121:   0.3403  0.3584  0.3013  1
122:   0.3504  0.3353  0.3143  1
123:   0.3227  0.3127  0.3646  1
124:   0.3230  0.3390  0.3380  1
125:   0.3240  0.3200  0.3560  1
126:   0.3243  0.3493  0.3263  1
127:   0.3337  0.3506  0.3157  1
128:   0.3526  0.3487  0.2987  1
129:   0.3180  0.3360  0.3460  1
130:   0.3260  0.3290  0.3450  1
131:   0.3490  0.3350  0.3160  1
132:   0.3420  0.3570  0.3010  1
133:   0.3250  0.3230  0.3520  1
134:   0.3130  0.3340  0.3530  1
135:   0.3620  0.3540  0.2840  1
136:   0.3380  0.3250  0.3370  1
137:   0.3520  0.3330  0.3150  1
138:   0.3470  0.3470  0.3060  1
139:   0.3323  0.3403  0.3273  1
140:   0.3230  0.3150  0.3620  1
141:   0.3420  0.3390  0.3190  1
142:   0.3536  0.3327  0.3137  1
143:   0.3390  0.3340  0.3270  1
144:   0.3350  0.3470  0.3180  1
145:   0.3506  0.3147  0.3347  1
146:   0.3340  0.3410  0.3250  1
147:   0.3440  0.3150  0.3410  1
148:   0.3500  0.3170  0.3330  1
149:   0.3193  0.3373  0.3433  1
150:   0.3270  0.3430  0.3300  1
151:   0.3430  0.3090  0.3480  1
152:   0.3240  0.3100  0.3660  1
153:   0.3383  0.3283  0.3333  1
154:   0.3310  0.3170  0.3520  1
155:   0.3480  0.3570  0.2950  1
156:   0.3390  0.3250  0.3360  1
157:   0.3440  0.3390  0.3170  1
158:   0.3207  0.3297  0.3497  1
159:   0.3030  0.3430  0.3540  1
160:   0.2953  0.3033  0.4014  1
161:   0.3450  0.3440  0.3110  1
162:   0.3530  0.3400  0.3070  1
163:   0.3280  0.3500  0.3220  1
164:   0.3320  0.3550  0.3130  1
165:   0.3450  0.2960  0.3590  1
166:   0.3247  0.3536  0.3217  1
167:   0.3400  0.3520  0.3080  1
168:   0.3387  0.3497  0.3117  1
169:   0.3493  0.3524  0.2983  1
170:   0.3350  0.3100  0.3550  1
171:   0.3300  0.3220  0.3480  1
172:   0.3123  0.3213  0.3664  1
173:   0.3390  0.3440  0.3170  1
174:   0.3357  0.3237  0.3407  1
175:   0.3360  0.3410  0.3230  1
176:   0.3177  0.3157  0.3666  1
177:   0.3506  0.3676  0.2817  1
178:   0.3510  0.3180  0.3310  1
179:   0.3280  0.3320  0.3400  1
180:   0.3260  0.3370  0.3370  1
181:   0.3534  0.3604  0.2863  1
182:   0.3407  0.3387  0.3207  1
183:   0.3460  0.3180  0.3360  1
184:   0.3490  0.3310  0.3200  1
185:   0.3100  0.3060  0.3840  1
186:   0.3550  0.3530  0.2920  1
187:   0.3340  0.3280  0.3380  1
188:   0.3180  0.3370  0.3450  1
189:   0.3273  0.3213  0.3514  1
190:   0.3190  0.3030  0.3780  1
191:   0.3200  0.3030  0.3770  1
192:   0.3290  0.3550  0.3160  1
193:   0.3550  0.3340  0.3110  1
194:   0.3070  0.3330  0.3600  1
195:   0.3313  0.3483  0.3203  1
196:   0.3183  0.3023  0.3794  1
197:   0.3123  0.3413  0.3463  1
198:   0.3450  0.3160  0.3390  1
199:   0.3260  0.3390  0.3350  1
200:   0.3437  0.3187  0.3377  1
201:   0.3524  0.3814  0.2663  1
202:   0.3320  0.3640  0.3040  1
203:   0.3060  0.3260  0.3680  1
204:   0.3350  0.3140  0.3510  1
205:   0.3220  0.3260  0.3520  1
206:   0.3317  0.3327  0.3357  1
207:   0.3100  0.3530  0.3370  1
208:   0.2580  0.2390  0.5030  1
209:   0.3430  0.3420  0.3150  1
210:   0.3350  0.3780  0.2870  1
211:   0.3170  0.3440  0.3390  1
212:   0.3370  0.3670  0.2960  1
213:   0.3290  0.3180  0.3530  1
214:   0.3380  0.3290  0.3330  1
215:   0.3440  0.3250  0.3310  1
216:   0.3360  0.3360  0.3280  1
217:   0.3510  0.3360  0.3130  1
218:   0.3710  0.3410  0.2880  1
219:   0.3477  0.3616  0.2907  1
220:   0.3470  0.3210  0.3320  1
221:   0.3470  0.3170  0.3360  1
222:   0.3370  0.3290  0.3340  1
223:   0.3180  0.2960  0.3860  1
224:   0.3160  0.3080  0.3760  1
225:   0.3230  0.3560  0.3210  1
226:   0.3203  0.3233  0.3564  1
227:   0.3460  0.3210  0.3330  1
228:   0.3440  0.3390  0.3170  1
229:   0.3580  0.3350  0.3070  1
230:   0.3480  0.3730  0.2790  1
231:   0.3430  0.3370  0.3200  1
232:   0.3510  0.3380  0.3110  1
233:   0.3500  0.3690  0.2810  1
234:   0.3120  0.3020  0.3860  1
235:   0.3397  0.3387  0.3217  1
236:   0.3230  0.3280  0.3490  1
237:   0.3420  0.3320  0.3260  1
238:   0.3297  0.3686  0.3017  1
239:   0.3353  0.3203  0.3443  1
240:   0.3310  0.3250  0.3440  1
241:   0.3490  0.3460  0.3050  1
242:   0.3410  0.3400  0.3190  1
243:   0.3556  0.3686  0.2757  1
244:   0.3353  0.3333  0.3313  1
245:   0.3200  0.3470  0.3330  1
246:   0.3720  0.3190  0.3090  1
247:   0.3370  0.3200  0.3430  1
248:   0.3150  0.3070  0.3780  1
249:   0.3270  0.3360  0.3370  1
250:   0.3690  0.3480  0.2830  1
251:   0.3410  0.3270  0.3320  1
252:   0.3420  0.3520  0.3060  1
253:   0.3550  0.3600  0.2850  1
254:   0.3180  0.2970  0.3850  1
255:   0.3300  0.3350  0.3350  1
256:   0.3170  0.3080  0.3750  1
257:   0.3260  0.3250  0.3490  1
258:   0.3190  0.3570  0.3240  1
259:   0.3460  0.3250  0.3290  1
260:   0.3330  0.3600  0.3070  1
261:   0.3440  0.3420  0.3140  1
262:   0.3140  0.2890  0.3970  1
263:   0.3610  0.3570  0.2820  1
264:   0.3280  0.3500  0.3220  1
265:   0.3320  0.3390  0.3290  1
266:   0.3280  0.2980  0.3740  1
267:   0.3350  0.3680  0.2970  1
268:   0.3460  0.3350  0.3190  1
269:   0.3240  0.3040  0.3720  1
270:   0.3650  0.3400  0.2950  1
271:   0.3350  0.3270  0.3380  1
272:   0.3370  0.3240  0.3390  1
273:   0.3440  0.3160  0.3400  1
274:   0.3463  0.3373  0.3163  1
275:   0.3380  0.3330  0.3290  1
276:   0.3586  0.3237  0.3177  1
277:   0.3360  0.3370  0.3270  1
278:   0.3330  0.3420  0.3250  1
279:   0.3340  0.3860  0.2800  1
280:   0.3210  0.3610  0.3180  1
281:   0.3110  0.3080  0.3810  1
282:   0.3020  0.3240  0.3740  1
283:   0.3263  0.3133  0.3604  1
284:   0.3250  0.3340  0.3410  1
285:   0.3600  0.3390  0.3010  1
286:   0.2830  0.2830  0.4340  1
287:   0.3140  0.3200  0.3660  1
288:   0.3330  0.3290  0.3380  1
289:   0.3163  0.3524  0.3313  1
290:   0.3270  0.3410  0.3320  1
291:   0.3397  0.3646  0.2957  1
292:   0.3120  0.3210  0.3670  1
293:   0.3280  0.3510  0.3210  1
294:   0.3420  0.3540  0.3040  1
295:   0.3183  0.3003  0.3814  1
296:   0.3360  0.3790  0.2850  1
297:   0.3450  0.3720  0.2830  1
298:   0.3260  0.3330  0.3410  1
299:   0.3240  0.3410  0.3350  1
300:   0.3300  0.3590  0.3110  1
301:   0.3160  0.3200  0.3640  1
302:   0.3520  0.3440  0.3040  1
303:   0.3410  0.3720  0.2870  1

  1:   0.3430  0.3460  0.3110  1
  2:   0.3070  0.3180  0.3750  1
  3:   0.3410  0.3330  0.3260  1
  4:   0.3283  0.3253  0.3463  1
  5:   0.3090  0.2960  0.3950  1
  6:   0.3403  0.3273  0.3323  1
  7:   0.3540  0.3570  0.2890  1
  8:   0.3453  0.3363  0.3183  1
  9:   0.3370  0.3340  0.3290  1
 10:   0.3280  0.3240  0.3480  1
 11:   0.2860  0.2920  0.4220  1
 12:   0.3300  0.3300  0.3400  1
 13:   0.3100  0.3130  0.3770  1
 14:   0.3310  0.3380  0.3310  1
 15:   0.3410  0.3400  0.3190  1
 16:   0.3250  0.3280  0.3470  1
 17:   0.3556  0.3407  0.3037  1
 18:   0.3340  0.3290  0.3370  1
 19:   0.2980  0.3000  0.4020  1
 20:   0.3660  0.3750  0.2590  1
 21:   0.3460  0.3430  0.3110  1
 22:   0.3270  0.3270  0.3460  1
 23:   0.3183  0.3113  0.3704  1
 24:   0.3290  0.3490  0.3220  1
 25:   0.3440  0.3340  0.3220  1
 26:   0.3280  0.3300  0.3420  1
 27:   0.3190  0.3390  0.3420  1
 28:   0.2980  0.3070  0.3950  1
 29:   0.3050  0.3070  0.3880  1
 30:   0.3500  0.3430  0.3070  1
 31:   0.3440  0.3440  0.3120  1
 32:   0.2970  0.2830  0.4200  1
 33:   0.3400  0.3280  0.3320  1
 34:   0.3223  0.3313  0.3463  1
 35:   0.3560  0.3510  0.2930  1
 36:   0.3350  0.3380  0.3270  1
 37:   0.3230  0.3380  0.3390  1
 38:   0.3010  0.3070  0.3920  1
 39:   0.3540  0.3500  0.2960  1
 40:   0.3430  0.3370  0.3200  1
 41:   0.3313  0.3393  0.3293  1
 42:   0.3650  0.3540  0.2810  1
 43:   0.3190  0.3240  0.3570  1
 44:   0.3387  0.3457  0.3157  1
 45:   0.3480  0.3420  0.3100  1
 46:   0.3367  0.3526  0.3107  1
 47:   0.3370  0.3340  0.3290  1
 48:   0.3300  0.3330  0.3370  1
 49:   0.3260  0.3220  0.3520  1
 50:   0.3190  0.3190  0.3620  1
 51:   0.3290  0.3360  0.3350  1
 52:   0.3370  0.3240  0.3390  1
 53:   0.3080  0.3170  0.3750  1
 54:   0.3460  0.3350  0.3190  1
 55:   0.3433  0.3493  0.3073  1
 56:   0.3110  0.3070  0.3820  1
 57:   0.3300  0.3280  0.3420  1
 58:   0.3310  0.3310  0.3380  1
 59:   0.3560  0.3480  0.2960  1
 60:   0.3380  0.3390  0.3230  1
 61:   0.3403  0.3333  0.3263  1
 62:   0.3307  0.3237  0.3457  1
 63:   0.3457  0.3317  0.3227  1
 64:   0.3490  0.3500  0.3010  1
 65:   0.3250  0.3140  0.3610  1
 66:   0.3240  0.3300  0.3460  1
 67:   0.3390  0.3400  0.3210  1
 68:   0.3704  0.3483  0.2813  1
 69:   0.3370  0.3400  0.3230  1
 70:   0.3420  0.3540  0.3040  1
 71:   0.3290  0.3400  0.3310  1
 72:   0.3430  0.3600  0.2970  1
 73:   0.3293  0.3243  0.3463  1
 74:   0.3470  0.3320  0.3210  1
 75:   0.3480  0.3560  0.2960  1
 76:   0.3367  0.3317  0.3317  1
 77:   0.3450  0.3270  0.3280  1
 78:   0.3173  0.3203  0.3624  1
 79:   0.3300  0.3430  0.3270  1
 80:   0.3497  0.3536  0.2967  1
 81:   0.3230  0.3190  0.3580  1
 82:   0.3230  0.3200  0.3570  1
 83:   0.3570  0.3560  0.2870  1
 84:   0.3390  0.3320  0.3290  1
 85:   0.3560  0.3490  0.2950  1
 86:   0.3546  0.3506  0.2947  1
 87:   0.3260  0.3460  0.3280  1
 88:   0.3450  0.3270  0.3280  1
 89:   0.3290  0.3190  0.3520  1
 90:   0.3303  0.3363  0.3333  1
 91:   0.3140  0.3210  0.3650  1
 92:   0.3250  0.3170  0.3580  1
 93:   0.3180  0.3130  0.3690  1
 94:   0.3550  0.3510  0.2940  1
 95:   0.3460  0.3460  0.3080  1
 96:   0.3390  0.3430  0.3180  1
 97:   0.3393  0.3313  0.3293  1
 98:   0.3290  0.3400  0.3310  1
 99:   0.3333  0.3393  0.3273  1
100:   0.3220  0.3150  0.3630  1
101:   0.3606  0.3596  0.2797  1
102:   0.3057  0.3187  0.3756  1
103:   0.3200  0.3300  0.3500  1
104:   0.3210  0.3370  0.3420  1
105:   0.3460  0.3500  0.3040  1
106:   0.3380  0.3480  0.3140  1
107:   0.3500  0.3540  0.2960  1
108:   0.3010  0.3090  0.3900  1
109:   0.3100  0.3070  0.3830  1
110:   0.3030  0.3110  0.3860  1
111:   0.3217  0.3287  0.3497  1
112:   0.3250  0.3320  0.3430  1
113:   0.3450  0.3530  0.3020  1
114:   0.3227  0.3287  0.3487  1
115:   0.3420  0.3410  0.3170  1
116:   0.3297  0.3337  0.3367  1
117:   0.3450  0.3390  0.3160  1
118:   0.3270  0.3350  0.3380  1
119:   0.3450  0.3390  0.3160  1
120:   0.3347  0.3347  0.3307  1
121:   0.3526  0.3457  0.3017  1
122:   0.3430  0.3410  0.3160  1
123:   0.3220  0.3140  0.3640  1
124:   0.3297  0.3347  0.3357  1
125:   0.3290  0.3190  0.3520  1
126:   0.3330  0.3370  0.3300  1
127:   0.3333  0.3483  0.3183  1
128:   0.3546  0.3526  0.2927  1
129:   0.3260  0.3250  0.3490  1
130:   0.3200  0.3310  0.3490  1
131:   0.3430  0.3460  0.3110  1
132:   0.3370  0.3610  0.3020  1
133:   0.3230  0.3270  0.3500  1
134:   0.3200  0.3250  0.3550  1
135:   0.3610  0.3600  0.2790  1
136:   0.3270  0.3340  0.3390  1
137:   0.3540  0.3320  0.3140  1
138:   0.3473  0.3483  0.3043  1
139:   0.3277  0.3417  0.3307  1
140:   0.3190  0.3190  0.3620  1
141:   0.3420  0.3440  0.3140  1
142:   0.3483  0.3403  0.3113  1
143:   0.3350  0.3370  0.3280  1
144:   0.3457  0.3397  0.3147  1
145:   0.3370  0.3290  0.3340  1
146:   0.3380  0.3360  0.3260  1
147:   0.3257  0.3337  0.3407  1
148:   0.3340  0.3340  0.3320  1
149:   0.3240  0.3370  0.3390  1
150:   0.3330  0.3350  0.3320  1
151:   0.3253  0.3233  0.3514  1
152:   0.3140  0.3160  0.3700  1
153:   0.3377  0.3307  0.3317  1
154:   0.3240  0.3190  0.3570  1
155:   0.3500  0.3560  0.2940  1
156:   0.3340  0.3310  0.3350  1
157:   0.3440  0.3390  0.3170  1
158:   0.3190  0.3320  0.3490  1
159:   0.3170  0.3280  0.3550  1
160:   0.2967  0.2987  0.4046  1
161:   0.3480  0.3460  0.3060  1
162:   0.3530  0.3410  0.3060  1
163:   0.3370  0.3410  0.3220  1
164:   0.3430  0.3450  0.3120  1
165:   0.3243  0.3163  0.3594  1
166:   0.3330  0.3460  0.3210  1
167:   0.3427  0.3516  0.3057  1
168:   0.3433  0.3483  0.3083  1
169:   0.3570  0.3470  0.2960  1
170:   0.3160  0.3250  0.3590  1
171:   0.3280  0.3280  0.3440  1
172:   0.3110  0.3140  0.3750  1
173:   0.3470  0.3380  0.3150  1
174:   0.3350  0.3220  0.3430  1
175:   0.3350  0.3410  0.3240  1
176:   0.3180  0.3150  0.3670  1
177:   0.3520  0.3700  0.2780  1
178:   0.3420  0.3300  0.3280  1
179:   0.3340  0.3240  0.3420  1
180:   0.3263  0.3353  0.3383  1
181:   0.3570  0.3620  0.2810  1
182:   0.3400  0.3430  0.3170  1
183:   0.3290  0.3330  0.3380  1
184:   0.3430  0.3350  0.3220  1
185:   0.3043  0.3093  0.3864  1
186:   0.3516  0.3566  0.2917  1
187:   0.3290  0.3330  0.3380  1
188:   0.3260  0.3260  0.3480  1
189:   0.3170  0.3270  0.3560  1
190:   0.3147  0.3087  0.3766  1
191:   0.3130  0.3110  0.3760  1
192:   0.3410  0.3430  0.3160  1
193:   0.3460  0.3460  0.3080  1
194:   0.3140  0.3260  0.3600  1
195:   0.3377  0.3377  0.3247  1
196:   0.3110  0.3090  0.3800  1
197:   0.3230  0.3270  0.3500  1
198:   0.3277  0.3287  0.3437  1
199:   0.3257  0.3367  0.3377  1
200:   0.3337  0.3327  0.3337  1
201:   0.3600  0.3710  0.2690  1
202:   0.3420  0.3550  0.3030  1
203:   0.3100  0.3170  0.3730  1
204:   0.3223  0.3223  0.3554  1
205:   0.3233  0.3223  0.3544  1
206:   0.3333  0.3303  0.3363  1
207:   0.3223  0.3383  0.3393  1
208:   0.2420  0.2440  0.5140  1
209:   0.3407  0.3457  0.3137  1
210:   0.3600  0.3590  0.2810  1
211:   0.3287  0.3307  0.3407  1
212:   0.3480  0.3600  0.2920  1
213:   0.3190  0.3270  0.3540  1
214:   0.3330  0.3340  0.3330  1
215:   0.3360  0.3350  0.3290  1
216:   0.3287  0.3447  0.3267  1
217:   0.3460  0.3440  0.3100  1
218:   0.3630  0.3530  0.2840  1
219:   0.3570  0.3540  0.2890  1
220:   0.3430  0.3280  0.3290  1
221:   0.3430  0.3260  0.3310  1
222:   0.3393  0.3263  0.3343  1
223:   0.3060  0.3030  0.3910  1
224:   0.3130  0.3070  0.3800  1
225:   0.3350  0.3460  0.3190  1
226:   0.3250  0.3190  0.3560  1
227:   0.3343  0.3333  0.3323  1
228:   0.3383  0.3443  0.3173  1
229:   0.3460  0.3510  0.3030  1
230:   0.3626  0.3596  0.2777  1
231:   0.3430  0.3380  0.3190  1
232:   0.3480  0.3420  0.3100  1
233:   0.3630  0.3590  0.2780  1
234:   0.3107  0.3017  0.3876  1
235:   0.3433  0.3363  0.3203  1
236:   0.3297  0.3237  0.3467  1
237:   0.3330  0.3440  0.3230  1
238:   0.3460  0.3550  0.2990  1
239:   0.3280  0.3250  0.3470  1
240:   0.3287  0.3267  0.3447  1
241:   0.3490  0.3500  0.3010  1
242:   0.3387  0.3497  0.3117  1
243:   0.3670  0.3580  0.2750  1
244:   0.3360  0.3320  0.3320  1
245:   0.3267  0.3397  0.3337  1
246:   0.3564  0.3373  0.3063  1
247:   0.3280  0.3310  0.3410  1
248:   0.3117  0.3087  0.3796  1
249:   0.3317  0.3347  0.3337  1
250:   0.3646  0.3526  0.2827  1
251:   0.3293  0.3393  0.3313  1
252:   0.3420  0.3530  0.3050  1
253:   0.3600  0.3550  0.2850  1
254:   0.3060  0.3100  0.3840  1
255:   0.3260  0.3380  0.3360  1
256:   0.3130  0.3090  0.3780  1
257:   0.3210  0.3290  0.3500  1
258:   0.3390  0.3360  0.3250  1
259:   0.3400  0.3340  0.3260  1
260:   0.3410  0.3530  0.3060  1
261:   0.3400  0.3440  0.3160  1
262:   0.3023  0.2993  0.3984  1
263:   0.3636  0.3566  0.2797  1
264:   0.3420  0.3350  0.3230  1
265:   0.3333  0.3433  0.3233  1
266:   0.3137  0.3107  0.3756  1
267:   0.3516  0.3516  0.2967  1
268:   0.3450  0.3380  0.3170  1
269:   0.3170  0.3100  0.3730  1
270:   0.3634  0.3433  0.2933  1
271:   0.3323  0.3323  0.3353  1
272:   0.3370  0.3240  0.3390  1
273:   0.3360  0.3250  0.3390  1
274:   0.3423  0.3433  0.3143  1
275:   0.3387  0.3377  0.3237  1
276:   0.3470  0.3380  0.3150  1
277:   0.3283  0.3443  0.3273  1
278:   0.3313  0.3443  0.3243  1
279:   0.3620  0.3580  0.2800  1
280:   0.3350  0.3440  0.3210  1
281:   0.3070  0.3070  0.3860  1
282:   0.3077  0.3127  0.3796  1
283:   0.3237  0.3147  0.3616  1
284:   0.3327  0.3267  0.3407  1
285:   0.3560  0.3420  0.3020  1
286:   0.2830  0.2820  0.4350  1
287:   0.3200  0.3100  0.3700  1
288:   0.3340  0.3290  0.3370  1
289:   0.3363  0.3343  0.3293  1
290:   0.3330  0.3350  0.3320  1
291:   0.3536  0.3487  0.2977  1
292:   0.3130  0.3170  0.3700  1
293:   0.3410  0.3360  0.3230  1
294:   0.3526  0.3377  0.3097  1
295:   0.3070  0.3030  0.3900  1
296:   0.3590  0.3580  0.2830  1
297:   0.3630  0.3540  0.2830  1
298:   0.3320  0.3290  0.3390  1
299:   0.3330  0.3280  0.3390  1
300:   0.3450  0.3470  0.3080  1
301:   0.3200  0.3130  0.3670  1
302:   0.3497  0.3536  0.2967  1
303:   0.3610  0.3520  0.2870  1

  1:   0.3430  0.3500  0.3070  1
  2:   0.3110  0.3110  0.3780  1
  3:   0.3330  0.3420  0.3250  1
  4:   0.3270  0.3290  0.3440  1
  5:   0.3030  0.2890  0.4080  1
  6:   0.3333  0.3383  0.3283  1
  7:   0.3610  0.3530  0.2860  1
  8:   0.3440  0.3450  0.3110  1
  9:   0.3380  0.3340  0.3280  1
 10:   0.3290  0.3230  0.3480  1
 11:   0.2840  0.2780  0.4380  1
 12:   0.3310  0.3290  0.3400  1
 13:   0.3110  0.3070  0.3820  1
 14:   0.3290  0.3390  0.3320  1
 15:   0.3390  0.3360  0.3250  1
 16:   0.3310  0.3220  0.3470  1
 17:   0.3520  0.3480  0.3000  1
 18:   0.3330  0.3340  0.3330  1
 19:   0.2937  0.2927  0.4136  1
 20:   0.3800  0.3700  0.2500  1
 21:   0.3457  0.3447  0.3097  1
 22:   0.3320  0.3240  0.3440  1
 23:   0.3180  0.3120  0.3700  1
 24:   0.3340  0.3470  0.3190  1
 25:   0.3400  0.3460  0.3140  1
 26:   0.3320  0.3260  0.3420  1
 27:   0.3220  0.3280  0.3500  1
 28:   0.2943  0.2993  0.4064  1
 29:   0.3003  0.3023  0.3974  1
 30:   0.3510  0.3460  0.3030  1
 31:   0.3450  0.3450  0.3100  1
 32:   0.2880  0.2820  0.4300  1
 33:   0.3340  0.3330  0.3330  1
 34:   0.3240  0.3260  0.3500  1
 35:   0.3570  0.3520  0.2910  1
 36:   0.3360  0.3390  0.3250  1
 37:   0.3290  0.3300  0.3410  1
 38:   0.2957  0.3047  0.3996  1
 39:   0.3550  0.3540  0.2910  1
 40:   0.3340  0.3500  0.3160  1
 41:   0.3350  0.3380  0.3270  1
 42:   0.3660  0.3570  0.2770  1
 43:   0.3240  0.3180  0.3580  1
 44:   0.3480  0.3400  0.3120  1
 45:   0.3450  0.3480  0.3070  1
 46:   0.3427  0.3516  0.3057  1
 47:   0.3400  0.3350  0.3250  1
 48:   0.3340  0.3310  0.3350  1
 49:   0.3240  0.3220  0.3540  1
 50:   0.3190  0.3160  0.3650  1
 51:   0.3290  0.3370  0.3340  1
 52:   0.3393  0.3273  0.3333  1
 53:   0.3077  0.3107  0.3816  1
 54:   0.3500  0.3380  0.3120  1
 55:   0.3470  0.3530  0.3000  1
 56:   0.3070  0.3020  0.3910  1
 57:   0.3320  0.3220  0.3460  1
 58:   0.3330  0.3310  0.3360  1
 59:   0.3576  0.3556  0.2867  1
 60:   0.3440  0.3390  0.3170  1
 61:   0.3410  0.3370  0.3220  1
 62:   0.3333  0.3203  0.3463  1
 63:   0.3430  0.3350  0.3220  1
 64:   0.3450  0.3580  0.2970  1
 65:   0.3163  0.3183  0.3654  1
 66:   0.3250  0.3250  0.3500  1
 67:   0.3337  0.3427  0.3237  1
 68:   0.3690  0.3520  0.2790  1
 69:   0.3317  0.3397  0.3287  1
 70:   0.3443  0.3554  0.3003  1
 71:   0.3280  0.3410  0.3310  1
 72:   0.3510  0.3600  0.2890  1
 73:   0.3230  0.3250  0.3520  1
 74:   0.3477  0.3337  0.3187  1
 75:   0.3510  0.3560  0.2930  1
 76:   0.3380  0.3350  0.3270  1
 77:   0.3403  0.3313  0.3283  1
 78:   0.3140  0.3180  0.3680  1
 79:   0.3330  0.3370  0.3300  1
 80:   0.3524  0.3473  0.3003  1
 81:   0.3140  0.3170  0.3690  1
 82:   0.3270  0.3180  0.3550  1
 83:   0.3710  0.3520  0.2770  1
 84:   0.3370  0.3360  0.3270  1
 85:   0.3640  0.3480  0.2880  1
 86:   0.3487  0.3636  0.2877  1
 87:   0.3280  0.3450  0.3270  1
 88:   0.3360  0.3330  0.3310  1
 89:   0.3233  0.3243  0.3524  1
 90:   0.3330  0.3400  0.3270  1
 91:   0.3130  0.3200  0.3670  1
 92:   0.3207  0.3167  0.3626  1
 93:   0.3117  0.3137  0.3746  1
 94:   0.3600  0.3490  0.2910  1
 95:   0.3470  0.3470  0.3060  1
 96:   0.3440  0.3420  0.3140  1
 97:   0.3280  0.3400  0.3320  1
 98:   0.3313  0.3383  0.3303  1
 99:   0.3387  0.3377  0.3237  1
100:   0.3170  0.3150  0.3680  1
101:   0.3690  0.3570  0.2740  1
102:   0.3090  0.3130  0.3780  1
103:   0.3227  0.3257  0.3516  1
104:   0.3270  0.3290  0.3440  1
105:   0.3440  0.3550  0.3010  1
106:   0.3403  0.3473  0.3123  1
107:   0.3560  0.3550  0.2890  1
108:   0.2990  0.3020  0.3990  1
109:   0.3100  0.3050  0.3850  1
110:   0.2980  0.3100  0.3920  1
111:   0.3190  0.3190  0.3620  1
112:   0.3250  0.3290  0.3460  1
113:   0.3540  0.3450  0.3010  1
114:   0.3240  0.3220  0.3540  1
115:   0.3467  0.3417  0.3117  1
116:   0.3400  0.3270  0.3330  1
117:   0.3440  0.3450  0.3110  1
118:   0.3330  0.3340  0.3330  1
119:   0.3420  0.3440  0.3140  1
120:   0.3370  0.3340  0.3290  1
121:   0.3520  0.3510  0.2970  1
122:   0.3480  0.3400  0.3120  1
123:   0.3170  0.3130  0.3700  1
124:   0.3310  0.3350  0.3340  1
125:   0.3203  0.3253  0.3544  1
126:   0.3340  0.3390  0.3270  1
127:   0.3420  0.3430  0.3150  1
128:   0.3520  0.3570  0.2910  1
129:   0.3193  0.3243  0.3564  1
130:   0.3180  0.3260  0.3560  1
131:   0.3460  0.3480  0.3060  1
132:   0.3516  0.3526  0.2957  1
133:   0.3250  0.3210  0.3540  1
134:   0.3160  0.3230  0.3610  1
135:   0.3610  0.3600  0.2790  1
136:   0.3290  0.3330  0.3380  1
137:   0.3530  0.3380  0.3090  1
138:   0.3480  0.3530  0.2990  1
139:   0.3320  0.3380  0.3300  1
140:   0.3180  0.3140  0.3680  1
141:   0.3460  0.3390  0.3150  1
142:   0.3540  0.3400  0.3060  1
143:   0.3410  0.3360  0.3230  1
144:   0.3460  0.3430  0.3110  1
145:   0.3340  0.3310  0.3350  1
146:   0.3417  0.3347  0.3237  1
147:   0.3250  0.3340  0.3410  1
148:   0.3320  0.3360  0.3320  1
149:   0.3220  0.3340  0.3440  1
150:   0.3340  0.3370  0.3290  1
151:   0.3280  0.3220  0.3500  1
152:   0.3097  0.3107  0.3796  1
153:   0.3360  0.3330  0.3310  1
154:   0.3180  0.3280  0.3540  1
155:   0.3574  0.3534  0.2893  1
156:   0.3320  0.3320  0.3360  1
157:   0.3400  0.3460  0.3140  1
158:   0.3200  0.3270  0.3530  1
159:   0.3240  0.3190  0.3570  1
160:   0.2920  0.2920  0.4160  1
161:   0.3460  0.3480  0.3060  1
162:   0.3520  0.3470  0.3010  1
163:   0.3420  0.3380  0.3200  1
164:   0.3433  0.3504  0.3063  1
165:   0.3170  0.3210  0.3620  1
166:   0.3440  0.3380  0.3180  1
167:   0.3490  0.3490  0.3020  1
168:   0.3410  0.3480  0.3110  1
169:   0.3614  0.3483  0.2903  1
170:   0.3150  0.3220  0.3630  1
171:   0.3190  0.3290  0.3520  1
172:   0.3113  0.3073  0.3814  1
173:   0.3497  0.3357  0.3147  1
174:   0.3290  0.3290  0.3420  1
175:   0.3460  0.3360  0.3180  1
176:   0.3170  0.3090  0.3740  1
177:   0.3600  0.3660  0.2740  1
178:   0.3407  0.3327  0.3267  1
179:   0.3300  0.3350  0.3350  1
180:   0.3263  0.3363  0.3373  1
181:   0.3620  0.3610  0.2770  1
182:   0.3403  0.3433  0.3163  1
183:   0.3330  0.3340  0.3330  1
184:   0.3410  0.3450  0.3140  1
185:   0.3037  0.3027  0.3936  1
186:   0.3560  0.3570  0.2870  1
187:   0.3270  0.3330  0.3400  1
188:   0.3230  0.3250  0.3520  1
189:   0.3200  0.3210  0.3590  1
190:   0.3113  0.3063  0.3824  1
191:   0.3083  0.3053  0.3864  1
192:   0.3373  0.3453  0.3173  1
193:   0.3500  0.3480  0.3020  1
194:   0.3200  0.3180  0.3620  1
195:   0.3377  0.3407  0.3217  1
196:   0.3080  0.3050  0.3870  1
197:   0.3210  0.3270  0.3520  1
198:   0.3220  0.3320  0.3460  1
199:   0.3327  0.3327  0.3347  1
200:   0.3297  0.3327  0.3377  1
201:   0.3674  0.3764  0.2563  1
202:   0.3467  0.3556  0.2977  1
203:   0.3120  0.3100  0.3780  1
204:   0.3190  0.3240  0.3570  1
205:   0.3250  0.3180  0.3570  1
206:   0.3313  0.3283  0.3403  1
207:   0.3283  0.3323  0.3393  1
208:   0.2300  0.2330  0.5370  1
209:   0.3433  0.3463  0.3103  1
210:   0.3656  0.3586  0.2757  1
211:   0.3263  0.3323  0.3413  1
212:   0.3590  0.3550  0.2860  1
213:   0.3190  0.3220  0.3590  1
214:   0.3280  0.3310  0.3410  1
215:   0.3320  0.3370  0.3310  1
216:   0.3403  0.3373  0.3223  1
217:   0.3453  0.3453  0.3093  1
218:   0.3550  0.3670  0.2780  1
219:   0.3610  0.3540  0.2850  1
220:   0.3397  0.3347  0.3257  1
221:   0.3347  0.3307  0.3347  1
222:   0.3340  0.3320  0.3340  1
223:   0.3030  0.2970  0.4000  1
224:   0.3083  0.3033  0.3884  1
225:   0.3400  0.3440  0.3160  1
226:   0.3220  0.3190  0.3590  1
227:   0.3280  0.3370  0.3350  1
228:   0.3410  0.3430  0.3160  1
229:   0.3423  0.3614  0.2963  1
230:   0.3700  0.3580  0.2720  1
231:   0.3453  0.3363  0.3183  1
232:   0.3490  0.3440  0.3070  1
233:   0.3704  0.3594  0.2703  1
234:   0.3010  0.3010  0.3980  1
235:   0.3380  0.3460  0.3160  1
236:   0.3223  0.3213  0.3564  1
237:   0.3303  0.3433  0.3263  1
238:   0.3497  0.3556  0.2947  1
239:   0.3290  0.3220  0.3490  1
240:   0.3250  0.3250  0.3500  1
241:   0.3510  0.3530  0.2960  1
242:   0.3370  0.3530  0.3100  1
243:   0.3666  0.3666  0.2667  1
244:   0.3360  0.3330  0.3310  1
245:   0.3370  0.3410  0.3220  1
246:   0.3530  0.3480  0.2990  1
247:   0.3283  0.3323  0.3393  1
248:   0.3060  0.3060  0.3880  1
249:   0.3350  0.3270  0.3380  1
250:   0.3670  0.3620  0.2710  1
251:   0.3283  0.3393  0.3323  1
252:   0.3450  0.3510  0.3040  1
253:   0.3660  0.3570  0.2770  1
254:   0.3020  0.3050  0.3930  1
255:   0.3310  0.3330  0.3360  1
256:   0.3040  0.3110  0.3850  1
257:   0.3190  0.3310  0.3500  1
258:   0.3350  0.3380  0.3270  1
259:   0.3400  0.3370  0.3230  1
260:   0.3470  0.3530  0.3000  1
261:   0.3470  0.3470  0.3060  1
262:   0.2930  0.2960  0.4110  1
263:   0.3690  0.3640  0.2670  1
264:   0.3400  0.3390  0.3210  1
265:   0.3360  0.3390  0.3250  1
266:   0.3080  0.3110  0.3810  1
267:   0.3540  0.3550  0.2910  1
268:   0.3510  0.3360  0.3130  1
269:   0.3150  0.3040  0.3810  1
270:   0.3570  0.3570  0.2860  1
271:   0.3297  0.3317  0.3387  1
272:   0.3327  0.3317  0.3357  1
273:   0.3340  0.3290  0.3370  1
274:   0.3420  0.3450  0.3130  1
275:   0.3360  0.3400  0.3240  1
276:   0.3400  0.3460  0.3140  1
277:   0.3360  0.3370  0.3270  1
278:   0.3340  0.3460  0.3200  1
279:   0.3670  0.3610  0.2720  1
280:   0.3420  0.3390  0.3190  1
281:   0.3020  0.3050  0.3930  1
282:   0.3003  0.3063  0.3934  1
283:   0.3177  0.3157  0.3666  1
284:   0.3300  0.3260  0.3440  1
285:   0.3530  0.3490  0.2980  1
286:   0.2720  0.2680  0.4600  1
287:   0.3110  0.3080  0.3810  1
288:   0.3300  0.3300  0.3400  1
289:   0.3400  0.3330  0.3270  1
290:   0.3260  0.3430  0.3310  1
291:   0.3546  0.3566  0.2887  1
292:   0.3077  0.3107  0.3816  1
293:   0.3420  0.3410  0.3170  1
294:   0.3560  0.3470  0.2970  1
295:   0.2980  0.3020  0.4000  1
296:   0.3640  0.3610  0.2750  1
297:   0.3580  0.3680  0.2740  1
298:   0.3330  0.3270  0.3400  1
299:   0.3300  0.3270  0.3430  1
300:   0.3480  0.3460  0.3060  1
301:   0.3157  0.3147  0.3696  1
302:   0.3544  0.3504  0.2953  1
303:   0.3600  0.3620  0.2780  1

