  1:   0.1990  0.1930  0.2030  0.1930  0.2120  1
  2:   0.1970  0.2170  0.1910  0.2170  0.1780  1
  3:   0.2000  0.1990  0.2010  0.1990  0.2010  1
  4:   0.1920  0.2060  0.1950  0.2050  0.2020  1
  5:   0.1780  0.2290  0.1830  0.2290  0.1810  1
  6:   0.1978  0.1978  0.1978  0.1978  0.2088  1
  7:   0.2090  0.1830  0.2120  0.1830  0.2130  1
  8:   0.2030  0.1920  0.2060  0.1930  0.2060  1
  9:   0.2030  0.1980  0.1990  0.1980  0.2020  1
 10:   0.1980  0.2070  0.1980  0.2060  0.1910  1
 11:   0.1820  0.2360  0.1790  0.2370  0.1660  1
 12:   0.1998  0.1998  0.1998  0.1998  0.2008  1
 13:   0.1858  0.2208  0.1858  0.2198  0.1878  1
 14:   0.2010  0.2010  0.2010  0.2000  0.1970  1
 15:   0.2042  0.1882  0.2072  0.1882  0.2122  1
 16:   0.1900  0.2050  0.1950  0.2040  0.2060  1
 17:   0.2010  0.1870  0.2070  0.1870  0.2180  1
 18:   0.1950  0.2020  0.1990  0.2020  0.2020  1
 19:   0.1760  0.2310  0.1780  0.2300  0.1850  1
 20:   0.2332  0.1612  0.2242  0.1622  0.2192  1
 21:   0.2130  0.1910  0.2050  0.1910  0.2000  1
 22:   0.1978  0.2028  0.2008  0.2028  0.1958  1
 23:   0.1970  0.2130  0.1910  0.2110  0.1880  1
 24:   0.2088  0.1948  0.2048  0.1948  0.1968  1
 25:   0.2048  0.1938  0.2008  0.1938  0.2068  1
 26:   0.1982  0.2042  0.1992  0.2032  0.1952  1
 27:   0.1960  0.2050  0.2020  0.2040  0.1930  1
 28:   0.1798  0.2288  0.1838  0.2288  0.1788  1
 29:   0.1830  0.2250  0.1890  0.2250  0.1780  1
 30:   0.1980  0.1880  0.2050  0.1870  0.2220  1
 31:   0.2100  0.1900  0.2080  0.1890  0.2030  1
 32:   0.1702  0.2382  0.1732  0.2392  0.1792  1
 33:   0.1930  0.1970  0.1990  0.1980  0.2130  1
 34:   0.2000  0.2080  0.1960  0.2090  0.1870  1
 35:   0.2100  0.1830  0.2090  0.1840  0.2140  1
 36:   0.2022  0.2012  0.2002  0.2012  0.1952  1
 37:   0.1988  0.2028  0.2008  0.2038  0.1938  1
 38:   0.1810  0.2260  0.1830  0.2250  0.1850  1
 39:   0.2142  0.1832  0.2102  0.1832  0.2092  1
 40:   0.1970  0.1940  0.2000  0.1940  0.2150  1
 41:   0.2090  0.1970  0.2030  0.1980  0.1930  1
 42:   0.2120  0.1770  0.2120  0.1780  0.2210  1
 43:   0.1932  0.2102  0.1992  0.2092  0.1882  1
 44:   0.2102  0.1902  0.2072  0.1892  0.2032  1
 45:   0.2070  0.1900  0.2080  0.1900  0.2050  1
 46:   0.2112  0.1912  0.2112  0.1902  0.1962  1
 47:   0.2060  0.2010  0.2030  0.2000  0.1900  1
 48:   0.1910  0.2010  0.2030  0.2010  0.2040  1
 49:   0.1852  0.2092  0.1952  0.2092  0.2012  1
 50:   0.1908  0.2128  0.1908  0.2108  0.1948  1
 51:   0.1980  0.2030  0.2020  0.2040  0.1930  1
 52:   0.2000  0.2010  0.2050  0.2010  0.1930  1
 53:   0.1830  0.2210  0.1900  0.2210  0.1850  1
 54:   0.2120  0.1930  0.2070  0.1930  0.1950  1
 55:   0.2118  0.1878  0.2078  0.1878  0.2048  1
 56:   0.1828  0.2218  0.1888  0.2228  0.1838  1
 57:   0.2050  0.2030  0.1990  0.2020  0.1910  1
 58:   0.1980  0.2010  0.1940  0.2010  0.2060  1
 59:   0.2100  0.1800  0.2080  0.1810  0.2210  1
 60:   0.2128  0.1918  0.2048  0.1918  0.1988  1
 61:   0.2042  0.1982  0.1982  0.1992  0.2002  1
 62:   0.1900  0.2070  0.2000  0.2070  0.1960  1
 63:   0.2000  0.1930  0.1980  0.1930  0.2160  1
 64:   0.1988  0.1878  0.2038  0.1878  0.2218  1
 65:   0.1910  0.2120  0.1920  0.2120  0.1930  1
 66:   0.1890  0.2090  0.1980  0.2080  0.1960  1
 67:   0.2110  0.1960  0.2060  0.1950  0.1920  1
 68:   0.2160  0.1720  0.2140  0.1720  0.2260  1
 69:   0.1958  0.1968  0.2078  0.1968  0.2028  1
 70:   0.2138  0.1868  0.2128  0.1868  0.1998  1
 71:   0.2010  0.1960  0.2040  0.1960  0.2030  1
 72:   0.2180  0.1820  0.2130  0.1810  0.2060  1
 73:   0.1890  0.2050  0.1960  0.2050  0.2050  1
 74:   0.2000  0.1950  0.2050  0.1950  0.2050  1
 75:   0.2242  0.1812  0.2072  0.1812  0.2062  1
 76:   0.1978  0.1978  0.2028  0.1978  0.2038  1
 77:   0.2052  0.1972  0.2002  0.1962  0.2012  1
 78:   0.1948  0.2128  0.1948  0.2128  0.1848  1
 79:   0.2058  0.2018  0.1978  0.2028  0.1918  1
 80:   0.2210  0.1850  0.2130  0.1850  0.1960  1
 81:   0.1880  0.2150  0.1900  0.2150  0.1920  1
 82:   0.2050  0.2060  0.1970  0.2060  0.1860  1
 83:   0.2232  0.1772  0.2152  0.1772  0.2072  1
 84:   0.1920  0.1950  0.1950  0.1950  0.2230  1
 85:   0.2140  0.1820  0.2080  0.1810  0.2150  1
 86:   0.2072  0.1792  0.2062  0.1792  0.2282  1
 87:   0.2088  0.1938  0.2078  0.1938  0.1958  1
 88:   0.2040  0.1970  0.1990  0.1970  0.2030  1
 89:   0.1868  0.2108  0.1898  0.2098  0.2028  1
 90:   0.1958  0.1968  0.2028  0.1978  0.2068  1
 91:   0.1878  0.2168  0.1928  0.2158  0.1868  1
 92:   0.1958  0.2128  0.1938  0.2108  0.1868  1
 93:   0.1812  0.2132  0.1902  0.2142  0.2012  1
 94:   0.2210  0.1780  0.2120  0.1790  0.2100  1
 95:   0.2020  0.1890  0.2100  0.1890  0.2100  1
 96:   0.2130  0.1920  0.2070  0.1930  0.1950  1
 97:   0.1970  0.1990  0.2010  0.1990  0.2040  1
 98:   0.2048  0.1988  0.2028  0.1968  0.1968  1
 99:   0.1960  0.1940  0.2040  0.1940  0.2120  1
100:   0.1900  0.2100  0.1910  0.2100  0.1990  1
101:   0.2258  0.1728  0.2208  0.1728  0.2078  1
102:   0.1910  0.2220  0.1900  0.2210  0.1760  1
103:   0.2052  0.2062  0.1982  0.2052  0.1852  1
104:   0.2030  0.2050  0.2000  0.2040  0.1880  1
105:   0.2012  0.1912  0.2052  0.1912  0.2112  1
106:   0.1958  0.1928  0.2068  0.1928  0.2118  1
107:   0.2080  0.1850  0.2110  0.1840  0.2120  1
108:   0.1800  0.2260  0.1860  0.2270  0.1810  1
109:   0.1820  0.2240  0.1920  0.2250  0.1770  1
110:   0.1800  0.2260  0.1840  0.2260  0.1840  1
111:   0.2018  0.2088  0.1938  0.2088  0.1868  1
112:   0.2060  0.2030  0.2010  0.2030  0.1870  1
113:   0.2190  0.1890  0.2080  0.1880  0.1960  1
114:   0.1900  0.2090  0.1970  0.2090  0.1950  1
115:   0.2050  0.1870  0.2130  0.1880  0.2070  1
116:   0.1950  0.2020  0.2050  0.2020  0.1960  1
117:   0.1960  0.1910  0.1980  0.1910  0.2240  1
118:   0.1940  0.2010  0.2060  0.2010  0.1980  1
119:   0.2130  0.1920  0.2070  0.1910  0.1970  1
120:   0.1912  0.2022  0.2052  0.2022  0.1992  1
121:   0.2240  0.1800  0.2130  0.1800  0.2030  1
122:   0.2034  0.1944  0.2034  0.1954  0.2034  1
123:   0.1922  0.2132  0.1892  0.2122  0.1932  1
124:   0.2030  0.2000  0.2010  0.2000  0.1960  1
125:   0.1930  0.2090  0.1930  0.2090  0.1960  1
126:   0.2120  0.1970  0.2010  0.1960  0.1940  1
127:   0.2080  0.1900  0.2060  0.1900  0.2060  1
128:   0.2068  0.1818  0.2048  0.1828  0.2238  1
129:   0.2032  0.2072  0.1942  0.2062  0.1892  1
130:   0.1912  0.2062  0.1942  0.2062  0.2022  1
131:   0.2040  0.1900  0.2050  0.1900  0.2110  1
132:   0.2072  0.1862  0.2192  0.1862  0.2012  1
133:   0.1918  0.2098  0.1978  0.2098  0.1908  1
134:   0.2020  0.2110  0.1950  0.2100  0.1820  1
135:   0.2160  0.1750  0.2170  0.1750  0.2170  1
136:   0.1952  0.2012  0.2032  0.2022  0.1982  1
137:   0.2012  0.1922  0.2062  0.1922  0.2082  1
138:   0.2022  0.1862  0.2062  0.1872  0.2182  1
139:   0.1992  0.1992  0.2012  0.1992  0.2012  1
140:   0.1900  0.2150  0.1950  0.2160  0.1840  1
141:   0.2060  0.1940  0.2050  0.1940  0.2010  1
142:   0.2012  0.1902  0.2082  0.1902  0.2102  1
143:   0.1980  0.1980  0.2040  0.1980  0.2020  1
144:   0.2100  0.1920  0.2060  0.1920  0.2000  1
145:   0.1902  0.2012  0.2002  0.2002  0.2082  1
146:   0.2100  0.1950  0.2040  0.1960  0.1950  1
147:   0.1900  0.2040  0.1980  0.2040  0.2040  1
148:   0.1870  0.2020  0.1990  0.2030  0.2090  1
149:   0.1970  0.2060  0.1970  0.2060  0.1940  1
150:   0.2012  0.1992  0.1972  0.1982  0.2042  1
151:   0.1850  0.2060  0.2000  0.2060  0.2030  1
152:   0.1898  0.2138  0.1938  0.2128  0.1898  1
153:   0.2000  0.1990  0.1970  0.1990  0.2050  1
154:   0.1930  0.2090  0.1900  0.2080  0.2000  1
155:   0.2120  0.1840  0.2100  0.1840  0.2100  1
156:   0.1910  0.2020  0.1920  0.2020  0.2130  1
157:   0.1958  0.1898  0.1988  0.1898  0.2258  1
158:   0.1970  0.2100  0.1970  0.2080  0.1880  1
159:   0.2080  0.2050  0.2020  0.2040  0.1810  1
160:   0.1828  0.2328  0.1798  0.2328  0.1718  1
161:   0.2120  0.1890  0.2050  0.1900  0.2040  1
162:   0.2090  0.1860  0.2050  0.1870  0.2130  1
163:   0.2130  0.1940  0.2050  0.1930  0.1950  1
164:   0.2120  0.1940  0.2080  0.1940  0.1920  1
165:   0.1798  0.2078  0.1888  0.2078  0.2158  1
166:   0.2100  0.1930  0.2100  0.1930  0.1940  1
167:   0.2130  0.1890  0.2060  0.1890  0.2030  1
168:   0.2050  0.1910  0.2100  0.1900  0.2040  1
169:   0.2112  0.1842  0.2102  0.1842  0.2102  1
170:   0.1840  0.2130  0.1910  0.2140  0.1980  1
171:   0.1862  0.2092  0.1912  0.2092  0.2042  1
172:   0.1900  0.2190  0.1910  0.2180  0.1820  1
173:   0.2070  0.1930  0.2040  0.1930  0.2030  1
174:   0.1930  0.2030  0.1910  0.2030  0.2100  1
175:   0.2080  0.1920  0.2080  0.1930  0.1990  1
176:   0.1870  0.2190  0.1900  0.2210  0.1830  1
177:   0.2130  0.1750  0.2180  0.1750  0.2190  1
178:   0.1930  0.2010  0.1970  0.2010  0.2080  1
179:   0.2022  0.2032  0.1942  0.2032  0.1972  1
180:   0.1990  0.2020  0.2000  0.2010  0.1980  1
181:   0.2080  0.1740  0.2130  0.1750  0.2300  1
182:   0.2052  0.1922  0.2032  0.1922  0.2072  1
183:   0.1910  0.2030  0.1980  0.2010  0.2070  1
184:   0.2032  0.1912  0.1972  0.1912  0.2172  1
185:   0.1820  0.2250  0.1880  0.2230  0.1820  1
186:   0.2110  0.1790  0.2120  0.1790  0.2190  1
187:   0.1920  0.2040  0.1990  0.2030  0.2020  1
188:   0.2012  0.2092  0.1952  0.2082  0.1862  1
189:   0.1920  0.2100  0.1990  0.2100  0.1890  1
190:   0.1850  0.2200  0.1860  0.2200  0.1890  1
191:   0.1820  0.2230  0.1900  0.2230  0.1820  1
192:   0.2158  0.1908  0.2038  0.1908  0.1988  1
193:   0.1990  0.1870  0.2070  0.1860  0.2210  1
194:   0.1980  0.2110  0.1940  0.2110  0.1860  1
195:   0.2088  0.1938  0.2038  0.1928  0.2008  1
196:   0.1830  0.2200  0.1920  0.2210  0.1840  1
197:   0.2112  0.2032  0.1972  0.2022  0.1862  1
198:   0.1850  0.2060  0.1940  0.2060  0.2090  1
199:   0.1990  0.2020  0.2030  0.2020  0.1940  1
200:   0.1950  0.2000  0.1990  0.2020  0.2040  1
201:   0.2230  0.1640  0.2180  0.1650  0.2300  1
202:   0.2180  0.1840  0.2110  0.1840  0.2030  1
203:   0.1970  0.2150  0.1940  0.2140  0.1800  1
204:   0.1920  0.2080  0.1950  0.2090  0.1960  1
205:   0.1980  0.2080  0.2000  0.2080  0.1860  1
206:   0.2010  0.2010  0.1970  0.2010  0.2000  1
207:   0.2090  0.1980  0.2040  0.1980  0.1910  1
208:   0.1480  0.2800  0.1520  0.2760  0.1440  1
209:   0.2070  0.1880  0.2120  0.1870  0.2060  1
210:   0.2288  0.1748  0.2158  0.1738  0.2068  1
211:   0.2042  0.2022  0.1962  0.2022  0.1952  1
212:   0.2162  0.1812  0.2132  0.1812  0.2082  1
213:   0.1902  0.2092  0.1932  0.2072  0.2002  1
214:   0.2000  0.2030  0.2030  0.2020  0.1920  1
215:   0.1932  0.1982  0.1972  0.1982  0.2132  1
216:   0.1960  0.1990  0.2080  0.1980  0.1990  1
217:   0.2030  0.1900  0.2080  0.1900  0.2090  1
218:   0.2060  0.1770  0.2040  0.1770  0.2360  1
219:   0.2118  0.1778  0.2108  0.1788  0.2208  1
220:   0.1940  0.1990  0.1990  0.1990  0.2090  1
221:   0.1958  0.1998  0.1958  0.2018  0.2068  1
222:   0.2070  0.1980  0.2010  0.1970  0.1970  1
223:   0.1820  0.2250  0.1860  0.2260  0.1810  1
224:   0.1840  0.2220  0.1870  0.2210  0.1860  1
225:   0.2112  0.1922  0.2042  0.1932  0.1992  1
226:   0.1960  0.2110  0.1920  0.2110  0.1900  1
227:   0.1928  0.1998  0.1968  0.1988  0.2118  1
228:   0.2068  0.1908  0.2068  0.1908  0.2048  1
229:   0.2030  0.1890  0.2070  0.1880  0.2130  1
230:   0.2258  0.1748  0.2118  0.1748  0.2128  1
231:   0.2020  0.1970  0.2010  0.1970  0.2030  1
232:   0.2010  0.1910  0.2060  0.1910  0.2110  1
233:   0.2172  0.1702  0.2172  0.1712  0.2242  1
234:   0.1858  0.2228  0.1808  0.2218  0.1888  1
235:   0.2050  0.1920  0.1970  0.1920  0.2140  1
236:   0.2000  0.2060  0.1960  0.2060  0.1920  1
237:   0.1998  0.1988  0.2018  0.1988  0.2008  1
238:   0.2200  0.1820  0.2130  0.1830  0.2020  1
239:   0.1920  0.2060  0.1970  0.2060  0.1990  1
240:   0.1952  0.2062  0.1992  0.2052  0.1942  1
241:   0.2028  0.1858  0.2098  0.1858  0.2158  1
242:   0.1938  0.1968  0.1998  0.1978  0.2118  1
243:   0.2172  0.1712  0.2102  0.1732  0.2282  1
244:   0.1980  0.2020  0.2030  0.2010  0.1960  1
245:   0.2020  0.2030  0.2000  0.2030  0.1920  1
246:   0.1980  0.1840  0.2040  0.1850  0.2290  1
247:   0.1970  0.2040  0.1970  0.2040  0.1980  1
248:   0.1800  0.2220  0.1840  0.2230  0.1910  1
249:   0.1990  0.2010  0.2030  0.2000  0.1970  1
250:   0.2102  0.1722  0.2172  0.1732  0.2272  1
251:   0.1948  0.2008  0.1988  0.2008  0.2048  1
252:   0.2070  0.1880  0.2080  0.1880  0.2090  1
253:   0.2150  0.1760  0.2090  0.1770  0.2230  1
254:   0.1732  0.2282  0.1832  0.2272  0.1882  1
255:   0.2022  0.1982  0.2102  0.1992  0.1902  1
256:   0.1900  0.2180  0.1870  0.2180  0.1870  1
257:   0.1918  0.2088  0.1928  0.2088  0.1978  1
258:   0.2150  0.1940  0.2040  0.1950  0.1920  1
259:   0.1992  0.1992  0.2012  0.1992  0.2012  1
260:   0.2200  0.1860  0.2110  0.1860  0.1970  1
261:   0.2050  0.1920  0.2080  0.1940  0.2010  1
262:   0.1768  0.2308  0.1838  0.2298  0.1788  1
263:   0.2190  0.1730  0.2150  0.1740  0.2190  1
264:   0.2070  0.1930  0.2020  0.1930  0.2050  1
265:   0.2028  0.1978  0.2068  0.1978  0.1948  1
266:   0.1778  0.2188  0.1828  0.2188  0.2018  1
267:   0.2198  0.1788  0.2118  0.1798  0.2098  1
268:   0.2010  0.1930  0.2040  0.1930  0.2090  1
269:   0.1852  0.2192  0.1902  0.2192  0.1862  1
270:   0.2058  0.1788  0.2028  0.1788  0.2338  1
271:   0.1880  0.2040  0.1970  0.2030  0.2080  1
272:   0.1940  0.2020  0.1940  0.2020  0.2080  1
273:   0.1930  0.2050  0.1990  0.2050  0.1980  1
274:   0.2120  0.1900  0.2010  0.1910  0.2060  1
275:   0.1910  0.1980  0.1960  0.1980  0.2170  1
276:   0.1982  0.1912  0.2002  0.1912  0.2192  1
277:   0.2020  0.1960  0.2100  0.1960  0.1960  1
278:   0.2048  0.1968  0.2048  0.1948  0.1988  1
279:   0.2300  0.1690  0.2160  0.1690  0.2160  1
280:   0.2112  0.1922  0.2082  0.1932  0.1952  1
281:   0.1852  0.2242  0.1872  0.2232  0.1802  1
282:   0.1942  0.2202  0.1912  0.2192  0.1752  1
283:   0.1898  0.2128  0.1928  0.2108  0.1938  1
284:   0.1992  0.2012  0.2002  0.2022  0.1972  1
285:   0.2050  0.1830  0.2010  0.1830  0.2280  1
286:   0.1700  0.2480  0.1720  0.2470  0.1630  1
287:   0.1912  0.2182  0.1872  0.2192  0.1842  1
288:   0.1968  0.2018  0.1998  0.2018  0.1998  1
289:   0.2118  0.1988  0.2018  0.1978  0.1898  1
290:   0.2020  0.2020  0.2000  0.2020  0.1940  1
291:   0.2182  0.1812  0.2092  0.1812  0.2102  1
292:   0.1950  0.2160  0.1910  0.2160  0.1820  1
293:   0.2130  0.1900  0.2040  0.1900  0.2030  1
294:   0.2138  0.1858  0.2068  0.1848  0.2088  1
295:   0.1872  0.2232  0.1862  0.2212  0.1822  1
296:   0.2268  0.1738  0.2188  0.1738  0.2068  1
297:   0.2230  0.1730  0.2140  0.1740  0.2160  1
298:   0.2042  0.2022  0.1972  0.2012  0.1952  1
299:   0.2082  0.2012  0.1972  0.2012  0.1922  1
300:   0.2162  0.1922  0.2082  0.1912  0.1922  1
301:   0.1910  0.2140  0.1880  0.2130  0.1940  1
302:   0.2078  0.1858  0.2088  0.1858  0.2118  1
303:   0.2270  0.1750  0.2130  0.1750  0.2100  1

  1:   0.2050  0.1920  0.2110  0.1920  0.2000  1
  2:   0.1870  0.2210  0.1860  0.2210  0.1850  1
  3:   0.1990  0.1990  0.2020  0.1990  0.2010  1
  4:   0.1960  0.2060  0.1950  0.2050  0.1980  1
  5:   0.1780  0.2300  0.1840  0.2310  0.1770  1
  6:   0.1980  0.2020  0.1960  0.2010  0.2030  1
  7:   0.2160  0.1770  0.2120  0.1770  0.2180  1
  8:   0.2050  0.1970  0.2030  0.1950  0.2000  1
  9:   0.2050  0.2000  0.1960  0.1980  0.2010  1
 10:   0.1972  0.2072  0.1952  0.2072  0.1932  1
 11:   0.1690  0.2420  0.1700  0.2400  0.1790  1
 12:   0.1918  0.2058  0.1928  0.2048  0.2048  1
 13:   0.1922  0.2182  0.1842  0.2182  0.1872  1
 14:   0.1980  0.1990  0.1990  0.2000  0.2040  1
 15:   0.1968  0.1868  0.2108  0.1868  0.2188  1
 16:   0.2010  0.2060  0.1940  0.2070  0.1920  1
 17:   0.2072  0.1862  0.2092  0.1852  0.2122  1
 18:   0.1972  0.2022  0.1992  0.2012  0.2002  1
 19:   0.1750  0.2370  0.1740  0.2390  0.1750  1
 20:   0.2350  0.1550  0.2290  0.1550  0.2260  1
 21:   0.2090  0.1880  0.2090  0.1880  0.2060  1
 22:   0.1950  0.2030  0.2020  0.2030  0.1970  1
 23:   0.1860  0.2150  0.1860  0.2150  0.1980  1
 24:   0.2090  0.1930  0.2030  0.1930  0.2020  1
 25:   0.2070  0.1890  0.2070  0.1880  0.2090  1
 26:   0.1948  0.2078  0.1948  0.2088  0.1938  1
 27:   0.1960  0.2060  0.1940  0.2070  0.1970  1
 28:   0.1718  0.2358  0.1758  0.2358  0.1808  1
 29:   0.1770  0.2310  0.1810  0.2320  0.1790  1
 30:   0.2032  0.1852  0.2142  0.1862  0.2112  1
 31:   0.2050  0.1890  0.2110  0.1890  0.2060  1
 32:   0.1722  0.2442  0.1702  0.2412  0.1722  1
 33:   0.1998  0.1998  0.2028  0.1998  0.1978  1
 34:   0.1980  0.2050  0.1970  0.2040  0.1960  1
 35:   0.2150  0.1790  0.2110  0.1800  0.2150  1
 36:   0.2080  0.2000  0.2000  0.1990  0.1930  1
 37:   0.1970  0.2060  0.1920  0.2070  0.1980  1
 38:   0.1810  0.2310  0.1760  0.2300  0.1820  1
 39:   0.2152  0.1792  0.2162  0.1792  0.2102  1
 40:   0.2050  0.1940  0.2050  0.1950  0.2010  1
 41:   0.1990  0.1990  0.1990  0.2000  0.2030  1
 42:   0.2202  0.1732  0.2242  0.1722  0.2102  1
 43:   0.1908  0.2138  0.1878  0.2128  0.1948  1
 44:   0.2080  0.1890  0.2090  0.1880  0.2060  1
 45:   0.2122  0.1912  0.2012  0.1902  0.2052  1
 46:   0.2040  0.1880  0.2140  0.1880  0.2060  1
 47:   0.2042  0.1982  0.2002  0.1982  0.1992  1
 48:   0.1948  0.2018  0.2018  0.2018  0.1998  1
 49:   0.1920  0.2110  0.1970  0.2100  0.1900  1
 50:   0.1888  0.2158  0.1888  0.2168  0.1898  1
 51:   0.2058  0.2008  0.1918  0.2008  0.2008  1
 52:   0.1980  0.2000  0.2060  0.2000  0.1960  1
 53:   0.1782  0.2292  0.1822  0.2292  0.1812  1
 54:   0.2050  0.1920  0.2140  0.1910  0.1980  1
 55:   0.2200  0.1820  0.2120  0.1830  0.2030  1
 56:   0.1780  0.2280  0.1850  0.2280  0.1810  1
 57:   0.1988  0.1998  0.2068  0.1988  0.1958  1
 58:   0.2062  0.2002  0.1992  0.2002  0.1942  1
 59:   0.2202  0.1782  0.2082  0.1792  0.2142  1
 60:   0.2082  0.1922  0.2062  0.1912  0.2022  1
 61:   0.2060  0.1950  0.2010  0.1960  0.2020  1
 62:   0.1932  0.2082  0.1952  0.2082  0.1952  1
 63:   0.2050  0.1940  0.2040  0.1930  0.2040  1
 64:   0.2100  0.1860  0.2060  0.1850  0.2130  1
 65:   0.1878  0.2138  0.1938  0.2138  0.1908  1
 66:   0.1952  0.2102  0.1932  0.2112  0.1902  1
 67:   0.2060  0.1950  0.1990  0.1940  0.2060  1
 68:   0.2190  0.1700  0.2260  0.1690  0.2160  1
 69:   0.1980  0.1970  0.2080  0.1970  0.2000  1
 70:   0.2092  0.1862  0.2052  0.1872  0.2122  1
 71:   0.2030  0.1970  0.2010  0.1960  0.2030  1
 72:   0.2182  0.1782  0.2122  0.1782  0.2132  1
 73:   0.1880  0.2090  0.1930  0.2090  0.2010  1
 74:   0.1990  0.1950  0.2080  0.1960  0.2020  1
 75:   0.2150  0.1790  0.2160  0.1780  0.2120  1
 76:   0.1972  0.1982  0.2062  0.1972  0.2012  1
 77:   0.2018  0.1968  0.2038  0.1978  0.1998  1
 78:   0.1878  0.2158  0.1908  0.2158  0.1898  1
 79:   0.2072  0.1962  0.2042  0.1962  0.1962  1
 80:   0.2162  0.1812  0.2102  0.1822  0.2102  1
 81:   0.1900  0.2190  0.1860  0.2190  0.1860  1
 82:   0.1960  0.2090  0.1940  0.2080  0.1930  1
 83:   0.2270  0.1700  0.2250  0.1710  0.2070  1
 84:   0.2038  0.1958  0.2028  0.1938  0.2038  1
 85:   0.2190  0.1780  0.2180  0.1780  0.2070  1
 86:   0.2160  0.1760  0.2130  0.1770  0.2180  1
 87:   0.2010  0.1940  0.1970  0.1940  0.2140  1
 88:   0.1988  0.1958  0.2028  0.1948  0.2078  1
 89:   0.1950  0.2110  0.1950  0.2100  0.1890  1
 90:   0.1992  0.1962  0.2032  0.1972  0.2042  1
 91:   0.1870  0.2200  0.1880  0.2190  0.1860  1
 92:   0.1910  0.2100  0.1930  0.2110  0.1950  1
 93:   0.1850  0.2180  0.1910  0.2180  0.1880  1
 94:   0.2190  0.1740  0.2190  0.1750  0.2130  1
 95:   0.2050  0.1930  0.2020  0.1920  0.2080  1
 96:   0.2110  0.1890  0.2090  0.1890  0.2020  1
 97:   0.1970  0.1980  0.2050  0.1980  0.2020  1
 98:   0.1992  0.1952  0.2012  0.1952  0.2092  1
 99:   0.2000  0.1930  0.2110  0.1940  0.2020  1
100:   0.1872  0.2132  0.1952  0.2132  0.1912  1
101:   0.2200  0.1710  0.2210  0.1710  0.2170  1
102:   0.1860  0.2210  0.1890  0.2210  0.1830  1
103:   0.1950  0.2090  0.1940  0.2080  0.1940  1
104:   0.1950  0.2060  0.1950  0.2060  0.1980  1
105:   0.2130  0.1870  0.2040  0.1850  0.2110  1
106:   0.2048  0.1938  0.2038  0.1928  0.2048  1
107:   0.2148  0.1808  0.2158  0.1798  0.2088  1
108:   0.1742  0.2302  0.1792  0.2312  0.1852  1
109:   0.1752  0.2292  0.1872  0.2282  0.1802  1
110:   0.1760  0.2320  0.1800  0.2310  0.1810  1
111:   0.2030  0.2080  0.1910  0.2070  0.1910  1
112:   0.2000  0.2050  0.1940  0.2040  0.1970  1
113:   0.2180  0.1830  0.2120  0.1830  0.2040  1
114:   0.1920  0.2110  0.1960  0.2110  0.1900  1
115:   0.2020  0.1840  0.2130  0.1850  0.2160  1
116:   0.2012  0.1972  0.2022  0.1982  0.2012  1
117:   0.2050  0.1930  0.2010  0.1930  0.2080  1
118:   0.1960  0.2010  0.1990  0.2020  0.2020  1
119:   0.2102  0.1912  0.2092  0.1912  0.1982  1
120:   0.1950  0.2010  0.2020  0.2000  0.2020  1
121:   0.2138  0.1788  0.2118  0.1788  0.2168  1
122:   0.2042  0.1942  0.2052  0.1942  0.2022  1
123:   0.1870  0.2170  0.1880  0.2160  0.1920  1
124:   0.2030  0.2000  0.1980  0.2010  0.1980  1
125:   0.1888  0.2128  0.1888  0.2138  0.1958  1
126:   0.2030  0.1980  0.2010  0.1970  0.2010  1
127:   0.2070  0.1880  0.2080  0.1890  0.2080  1
128:   0.2152  0.1792  0.2102  0.1802  0.2152  1
129:   0.2010  0.2080  0.1890  0.2070  0.1950  1
130:   0.1960  0.2090  0.1910  0.2090  0.1950  1
131:   0.2040  0.1870  0.2150  0.1870  0.2070  1
132:   0.2058  0.1828  0.2148  0.1818  0.2148  1
133:   0.1948  0.2098  0.1938  0.2108  0.1908  1
134:   0.1970  0.2110  0.1870  0.2110  0.1940  1
135:   0.2120  0.1730  0.2220  0.1730  0.2200  1
136:   0.1910  0.2050  0.1950  0.2050  0.2040  1
137:   0.2022  0.1882  0.2132  0.1882  0.2082  1
138:   0.2140  0.1850  0.2080  0.1850  0.2080  1
139:   0.2020  0.1980  0.1990  0.1960  0.2050  1
140:   0.1812  0.2182  0.1912  0.2202  0.1892  1
141:   0.2110  0.1920  0.2040  0.1910  0.2020  1
142:   0.2012  0.1912  0.2112  0.1922  0.2042  1
143:   0.1980  0.2010  0.2020  0.2010  0.1980  1
144:   0.2110  0.1870  0.2090  0.1870  0.2060  1
145:   0.1970  0.2010  0.2060  0.2000  0.1960  1
146:   0.2060  0.1970  0.1970  0.1950  0.2050  1
147:   0.1900  0.2070  0.1960  0.2060  0.2010  1
148:   0.1970  0.2040  0.2010  0.2040  0.1940  1
149:   0.2020  0.2040  0.1960  0.2050  0.1930  1
150:   0.2020  0.1990  0.2010  0.1990  0.1990  1
151:   0.1918  0.2068  0.1998  0.2068  0.1948  1
152:   0.1810  0.2160  0.1930  0.2170  0.1930  1
153:   0.1970  0.1980  0.2070  0.1980  0.2000  1
154:   0.1918  0.2128  0.1888  0.2138  0.1928  1
155:   0.2182  0.1792  0.2092  0.1772  0.2162  1
156:   0.1980  0.1990  0.2030  0.1990  0.2010  1
157:   0.2082  0.1872  0.2082  0.1862  0.2102  1
158:   0.1950  0.2120  0.1920  0.2100  0.1910  1
159:   0.1930  0.2060  0.1960  0.2050  0.2000  1
160:   0.1780  0.2370  0.1740  0.2390  0.1720  1
161:   0.2122  0.1872  0.2112  0.1872  0.2022  1
162:   0.2070  0.1830  0.2160  0.1840  0.2100  1
163:   0.2012  0.1932  0.2062  0.1942  0.2052  1
164:   0.2070  0.1890  0.2120  0.1890  0.2030  1
165:   0.1932  0.2132  0.1932  0.2102  0.1902  1
166:   0.2030  0.1950  0.2070  0.1950  0.2000  1
167:   0.2152  0.1872  0.2112  0.1862  0.2002  1
168:   0.2020  0.1910  0.2070  0.1910  0.2090  1
169:   0.2120  0.1810  0.2130  0.1810  0.2130  1
170:   0.1860  0.2160  0.1880  0.2170  0.1930  1
171:   0.1962  0.2092  0.1892  0.2102  0.1952  1
172:   0.1858  0.2168  0.1868  0.2158  0.1948  1
173:   0.2060  0.1920  0.2030  0.1920  0.2070  1
174:   0.1980  0.2010  0.1960  0.2010  0.2040  1
175:   0.2022  0.1922  0.2072  0.1922  0.2062  1
176:   0.1860  0.2180  0.1900  0.2190  0.1870  1
177:   0.2170  0.1700  0.2230  0.1690  0.2210  1
178:   0.1970  0.1990  0.2040  0.1990  0.2010  1
179:   0.1970  0.2070  0.1920  0.2070  0.1970  1
180:   0.1978  0.2028  0.1968  0.2038  0.1988  1
181:   0.2170  0.1690  0.2250  0.1690  0.2200  1
182:   0.2012  0.1912  0.2142  0.1912  0.2022  1
183:   0.1930  0.2030  0.1990  0.2040  0.2010  1
184:   0.2070  0.1890  0.2060  0.1890  0.2090  1
185:   0.1778  0.2288  0.1818  0.2288  0.1828  1
186:   0.2160  0.1750  0.2160  0.1750  0.2180  1
187:   0.1928  0.2018  0.2028  0.2018  0.2008  1
188:   0.1980  0.2100  0.1890  0.2100  0.1930  1
189:   0.1880  0.2100  0.1920  0.2090  0.2010  1
190:   0.1858  0.2228  0.1848  0.2238  0.1828  1
191:   0.1812  0.2242  0.1832  0.2242  0.1872  1
192:   0.2102  0.1902  0.2002  0.1892  0.2102  1
193:   0.2100  0.1870  0.2110  0.1870  0.2050  1
194:   0.1952  0.2112  0.1932  0.2112  0.1892  1
195:   0.2090  0.1920  0.2020  0.1920  0.2050  1
196:   0.1830  0.2250  0.1910  0.2230  0.1780  1
197:   0.2000  0.2030  0.1930  0.2030  0.2010  1
198:   0.1920  0.2030  0.1980  0.2030  0.2040  1
199:   0.1962  0.2032  0.1972  0.2032  0.2002  1
200:   0.1920  0.2040  0.1970  0.2050  0.2020  1
201:   0.2338  0.1598  0.2178  0.1598  0.2288  1
202:   0.2112  0.1812  0.2092  0.1812  0.2172  1
203:   0.1860  0.2190  0.1850  0.2170  0.1930  1
204:   0.1920  0.2130  0.1880  0.2120  0.1950  1
205:   0.1968  0.2088  0.1898  0.2108  0.1938  1
206:   0.1992  0.2012  0.1972  0.2012  0.2012  1
207:   0.1998  0.1998  0.1958  0.1988  0.2058  1
208:   0.1370  0.2910  0.1390  0.2890  0.1440  1
209:   0.2020  0.1880  0.2050  0.1880  0.2170  1
210:   0.2250  0.1690  0.2290  0.1680  0.2090  1
211:   0.2008  0.2028  0.1948  0.2028  0.1988  1
212:   0.2180  0.1760  0.2190  0.1760  0.2110  1
213:   0.1942  0.2122  0.1912  0.2112  0.1912  1
214:   0.1970  0.2040  0.1950  0.2030  0.2010  1
215:   0.1970  0.2010  0.2020  0.2000  0.2000  1
216:   0.1970  0.1960  0.2090  0.1960  0.2020  1
217:   0.2030  0.1890  0.2080  0.1890  0.2110  1
218:   0.2210  0.1730  0.2130  0.1720  0.2210  1
219:   0.2190  0.1740  0.2200  0.1740  0.2130  1
220:   0.1982  0.2022  0.1992  0.2002  0.2002  1
221:   0.1980  0.2010  0.2000  0.2020  0.1990  1
222:   0.2000  0.1980  0.2020  0.1980  0.2020  1
223:   0.1730  0.2360  0.1790  0.2360  0.1760  1
224:   0.1832  0.2222  0.1852  0.2232  0.1862  1
225:   0.2138  0.1918  0.2038  0.1928  0.1978  1
226:   0.1910  0.2120  0.1920  0.2110  0.1940  1
227:   0.1968  0.1998  0.2048  0.1998  0.1988  1
228:   0.2028  0.1908  0.2028  0.1908  0.2128  1
229:   0.2090  0.1890  0.2030  0.1890  0.2100  1
230:   0.2278  0.1698  0.2188  0.1698  0.2138  1
231:   0.2070  0.1940  0.2010  0.1940  0.2040  1
232:   0.2110  0.1880  0.2100  0.1880  0.2030  1
233:   0.2220  0.1670  0.2280  0.1670  0.2160  1
234:   0.1830  0.2270  0.1790  0.2270  0.1840  1
235:   0.2112  0.1912  0.2032  0.1902  0.2042  1
236:   0.1940  0.2090  0.1970  0.2100  0.1900  1
237:   0.2012  0.1992  0.1972  0.2002  0.2022  1
238:   0.2090  0.1840  0.2120  0.1830  0.2120  1
239:   0.1920  0.2090  0.1940  0.2080  0.1970  1
240:   0.1950  0.2050  0.1980  0.2060  0.1960  1
241:   0.2090  0.1840  0.2100  0.1850  0.2120  1
242:   0.2118  0.1908  0.2018  0.1908  0.2048  1
243:   0.2238  0.1668  0.2178  0.1668  0.2248  1
244:   0.1982  0.1972  0.2072  0.1962  0.2012  1
245:   0.2020  0.1970  0.2070  0.1980  0.1960  1
246:   0.2088  0.1808  0.2158  0.1818  0.2128  1
247:   0.1938  0.2068  0.1948  0.2058  0.1988  1
248:   0.1842  0.2232  0.1862  0.2242  0.1822  1
249:   0.1998  0.2028  0.2008  0.2018  0.1948  1
250:   0.2210  0.1710  0.2190  0.1710  0.2180  1
251:   0.1998  0.2018  0.1958  0.2018  0.2008  1
252:   0.2050  0.1840  0.2120  0.1840  0.2150  1
253:   0.2240  0.1710  0.2180  0.1710  0.2160  1
254:   0.1810  0.2260  0.1860  0.2270  0.1800  1
255:   0.1970  0.1960  0.2060  0.1960  0.2050  1
256:   0.1870  0.2200  0.1830  0.2200  0.1900  1
257:   0.1948  0.2088  0.1908  0.2078  0.1978  1
258:   0.2110  0.1970  0.1930  0.1950  0.2040  1
259:   0.2000  0.2000  0.2040  0.2010  0.1950  1
260:   0.2102  0.1832  0.2152  0.1832  0.2082  1
261:   0.2100  0.1910  0.2050  0.1910  0.2030  1
262:   0.1680  0.2410  0.1740  0.2390  0.1780  1
263:   0.2202  0.1702  0.2282  0.1702  0.2112  1
264:   0.2018  0.1908  0.2098  0.1908  0.2068  1
265:   0.2030  0.1990  0.2040  0.1970  0.1970  1
266:   0.1840  0.2210  0.1860  0.2210  0.1880  1
267:   0.2102  0.1772  0.2142  0.1762  0.2222  1
268:   0.2060  0.1920  0.2050  0.1930  0.2040  1
269:   0.1820  0.2230  0.1880  0.2240  0.1830  1
270:   0.2228  0.1748  0.2098  0.1748  0.2178  1
271:   0.1950  0.1980  0.2080  0.1990  0.2000  1
272:   0.1968  0.2028  0.1998  0.2018  0.1988  1
273:   0.1950  0.2030  0.2010  0.2030  0.1980  1
274:   0.2060  0.1910  0.2100  0.1900  0.2030  1
275:   0.2078  0.1938  0.2028  0.1948  0.2008  1
276:   0.2040  0.1930  0.2030  0.1930  0.2070  1
277:   0.1970  0.1980  0.2030  0.1980  0.2040  1
278:   0.2080  0.1950  0.2030  0.1950  0.1990  1
279:   0.2268  0.1648  0.2218  0.1668  0.2198  1
280:   0.2070  0.1920  0.2000  0.1910  0.2100  1
281:   0.1780  0.2260  0.1850  0.2250  0.1860  1
282:   0.1848  0.2258  0.1778  0.2278  0.1838  1
283:   0.1878  0.2168  0.1868  0.2168  0.1918  1
284:   0.1990  0.2040  0.1970  0.2030  0.1970  1
285:   0.2138  0.1798  0.2148  0.1798  0.2118  1
286:   0.1648  0.2557  0.1608  0.2527  0.1658  1
287:   0.1902  0.2202  0.1832  0.2202  0.1862  1
288:   0.1970  0.2020  0.1970  0.2030  0.2010  1
289:   0.2042  0.1972  0.2052  0.1962  0.1972  1
290:   0.2020  0.2030  0.1970  0.2040  0.1940  1
291:   0.2178  0.1788  0.2138  0.1788  0.2108  1
292:   0.1850  0.2220  0.1840  0.2210  0.1880  1
293:   0.2108  0.1908  0.2018  0.1918  0.2048  1
294:   0.2190  0.1830  0.2050  0.1830  0.2100  1
295:   0.1802  0.2282  0.1762  0.2282  0.1872  1
296:   0.2240  0.1680  0.2170  0.1690  0.2220  1
297:   0.2270  0.1690  0.2100  0.1690  0.2250  1
298:   0.2000  0.2040  0.1960  0.2030  0.1970  1
299:   0.2082  0.1992  0.1942  0.2002  0.1982  1
300:   0.2212  0.1842  0.2072  0.1832  0.2042  1
301:   0.1880  0.2160  0.1880  0.2160  0.1920  1
302:   0.2130  0.1870  0.2090  0.1860  0.2050  1
303:   0.2270  0.1710  0.2080  0.1720  0.2220  1

  1:   0.2000  0.1930  0.2040  0.1940  0.2090  1
  2:   0.1932  0.2172  0.1912  0.2182  0.1802  1
  3:   0.2010  0.1970  0.1980  0.1970  0.2070  1
  4:   0.1960  0.2030  0.1950  0.2030  0.2030  1
  5:   0.1878  0.2248  0.1808  0.2238  0.1828  1
  6:   0.1990  0.2000  0.1950  0.2000  0.2060  1
  7:   0.2130  0.1820  0.2110  0.1830  0.2110  1
  8:   0.2042  0.1952  0.1992  0.1952  0.2062  1
  9:   0.1988  0.1988  0.2018  0.1988  0.2018  1
 10:   0.1930  0.2070  0.1970  0.2070  0.1960  1
 11:   0.1782  0.2332  0.1862  0.2332  0.1692  1
 12:   0.1970  0.2030  0.1960  0.2030  0.2010  1
 13:   0.1930  0.2170  0.1870  0.2170  0.1860  1
 14:   0.1978  0.1998  0.2048  0.1998  0.1978  1
 15:   0.2010  0.1920  0.2050  0.1920  0.2100  1
 16:   0.1960  0.2090  0.1900  0.2070  0.1980  1
 17:   0.2050  0.1890  0.2020  0.1900  0.2140  1
 18:   0.1998  0.1998  0.1928  0.1998  0.2078  1
 19:   0.1770  0.2300  0.1800  0.2280  0.1850  1
 20:   0.2248  0.1698  0.2258  0.1698  0.2098  1
 21:   0.2052  0.1932  0.2072  0.1922  0.2022  1
 22:   0.1960  0.2040  0.1980  0.2050  0.1970  1
 23:   0.1962  0.2112  0.1942  0.2112  0.1872  1
 24:   0.2048  0.1958  0.2068  0.1948  0.1978  1
 25:   0.2080  0.1930  0.2020  0.1930  0.2040  1
 26:   0.1968  0.2038  0.1958  0.2038  0.1998  1
 27:   0.1930  0.2040  0.2040  0.2030  0.1960  1
 28:   0.1772  0.2262  0.1852  0.2272  0.1842  1
 29:   0.1850  0.2220  0.1880  0.2220  0.1830  1
 30:   0.2008  0.1908  0.2018  0.1898  0.2168  1
 31:   0.2052  0.1912  0.2082  0.1912  0.2042  1
 32:   0.1792  0.2332  0.1722  0.2322  0.1832  1
 33:   0.1980  0.1980  0.1930  0.2000  0.2110  1
 34:   0.2010  0.2050  0.2010  0.2050  0.1880  1
 35:   0.2062  0.1832  0.2132  0.1832  0.2142  1
 36:   0.2000  0.2010  0.2030  0.2010  0.1950  1
 37:   0.1970  0.2060  0.1970  0.2060  0.1940  1
 38:   0.1838  0.2228  0.1818  0.2238  0.1878  1
 39:   0.2080  0.1840  0.2170  0.1840  0.2070  1
 40:   0.2018  0.1948  0.1978  0.1948  0.2108  1
 41:   0.1990  0.2010  0.2050  0.2000  0.1950  1
 42:   0.2130  0.1770  0.2160  0.1770  0.2170  1
 43:   0.1902  0.2112  0.1942  0.2112  0.1932  1
 44:   0.2042  0.1922  0.2082  0.1922  0.2032  1
 45:   0.2018  0.1918  0.2058  0.1928  0.2078  1
 46:   0.2008  0.1918  0.2118  0.1918  0.2038  1
 47:   0.1998  0.2028  0.2018  0.2028  0.1928  1
 48:   0.1938  0.2018  0.1968  0.2018  0.2058  1
 49:   0.1930  0.2060  0.1880  0.2060  0.2070  1
 50:   0.1920  0.2120  0.1900  0.2110  0.1950  1
 51:   0.1940  0.2020  0.2010  0.2030  0.2000  1
 52:   0.1970  0.2030  0.1950  0.2020  0.2030  1
 53:   0.1830  0.2220  0.1850  0.2220  0.1880  1
 54:   0.2030  0.1980  0.2050  0.1980  0.1960  1
 55:   0.2058  0.1888  0.2108  0.1888  0.2058  1
 56:   0.1852  0.2192  0.1862  0.2182  0.1912  1
 57:   0.2052  0.2022  0.2062  0.2022  0.1842  1
 58:   0.2010  0.2010  0.1960  0.2020  0.2000  1
 59:   0.2110  0.1840  0.2070  0.1840  0.2140  1
 60:   0.2080  0.1970  0.2050  0.1960  0.1940  1
 61:   0.2022  0.1952  0.2062  0.1952  0.2012  1
 62:   0.1940  0.2040  0.1950  0.2040  0.2030  1
 63:   0.2040  0.1930  0.1980  0.1920  0.2130  1
 64:   0.2068  0.1848  0.2038  0.1858  0.2188  1
 65:   0.1998  0.2088  0.1918  0.2078  0.1918  1
 66:   0.1920  0.2060  0.1940  0.2060  0.2020  1
 67:   0.2100  0.1940  0.2090  0.1930  0.1940  1
 68:   0.2212  0.1762  0.2122  0.1762  0.2142  1
 69:   0.1980  0.1970  0.1990  0.1970  0.2090  1
 70:   0.2092  0.1882  0.2092  0.1882  0.2052  1
 71:   0.2042  0.1952  0.2022  0.1962  0.2022  1
 72:   0.2130  0.1860  0.2120  0.1860  0.2030  1
 73:   0.1922  0.2052  0.1962  0.2052  0.2012  1
 74:   0.2060  0.1940  0.2000  0.1930  0.2070  1
 75:   0.2168  0.1818  0.2188  0.1828  0.1998  1
 76:   0.2000  0.1990  0.2010  0.1980  0.2020  1
 77:   0.2038  0.1988  0.2008  0.1988  0.1978  1
 78:   0.1932  0.2152  0.1912  0.2142  0.1862  1
 79:   0.2020  0.1980  0.2090  0.1970  0.1940  1
 80:   0.2118  0.1838  0.2218  0.1848  0.1978  1
 81:   0.1910  0.2110  0.1920  0.2120  0.1940  1
 82:   0.2050  0.2080  0.1980  0.2060  0.1830  1
 83:   0.2190  0.1800  0.2200  0.1810  0.2000  1
 84:   0.2030  0.1960  0.1930  0.1970  0.2110  1
 85:   0.2130  0.1850  0.2130  0.1830  0.2060  1
 86:   0.2130  0.1820  0.2070  0.1820  0.2160  1
 87:   0.2070  0.1930  0.2090  0.1940  0.1970  1
 88:   0.2070  0.1960  0.1990  0.1970  0.2010  1
 89:   0.1900  0.2090  0.1920  0.2090  0.2000  1
 90:   0.1962  0.1992  0.1962  0.2002  0.2082  1
 91:   0.1940  0.2120  0.1870  0.2120  0.1950  1
 92:   0.1930  0.2110  0.1960  0.2100  0.1900  1
 93:   0.1878  0.2138  0.1838  0.2128  0.2018  1
 94:   0.2190  0.1820  0.2160  0.1820  0.2010  1
 95:   0.2030  0.1900  0.2040  0.1900  0.2130  1
 96:   0.2102  0.1912  0.2102  0.1912  0.1972  1
 97:   0.2010  0.1990  0.1980  0.1980  0.2040  1
 98:   0.2018  0.1958  0.2078  0.1968  0.1978  1
 99:   0.1988  0.1978  0.1988  0.1968  0.2078  1
100:   0.1940  0.2100  0.1890  0.2080  0.1990  1
101:   0.2152  0.1772  0.2212  0.1772  0.2092  1
102:   0.1858  0.2198  0.1928  0.2188  0.1828  1
103:   0.2028  0.2048  0.2048  0.2038  0.1838  1
104:   0.1960  0.2060  0.2020  0.2050  0.1910  1
105:   0.2020  0.1890  0.2050  0.1900  0.2140  1
106:   0.1988  0.1948  0.1988  0.1948  0.2128  1
107:   0.2060  0.1860  0.2070  0.1870  0.2140  1
108:   0.1810  0.2240  0.1820  0.2250  0.1880  1
109:   0.1820  0.2220  0.1860  0.2230  0.1870  1
110:   0.1830  0.2220  0.1850  0.2220  0.1880  1
111:   0.1990  0.2080  0.2010  0.2070  0.1850  1
112:   0.2032  0.2012  0.2042  0.2012  0.1902  1
113:   0.2072  0.1892  0.2222  0.1892  0.1922  1
114:   0.1910  0.2090  0.1950  0.2080  0.1970  1
115:   0.2030  0.1900  0.2040  0.1910  0.2120  1
116:   0.1990  0.2010  0.2010  0.2020  0.1970  1
117:   0.2028  0.1918  0.1958  0.1928  0.2168  1
118:   0.1930  0.2030  0.1950  0.2020  0.2070  1
119:   0.2080  0.1930  0.2080  0.1930  0.1980  1
120:   0.1920  0.2010  0.1990  0.2020  0.2060  1
121:   0.2130  0.1880  0.2120  0.1880  0.1990  1
122:   0.2030  0.1940  0.2050  0.1940  0.2040  1
123:   0.1920  0.2130  0.1920  0.2130  0.1900  1
124:   0.2010  0.2010  0.1980  0.2010  0.1990  1
125:   0.2012  0.2052  0.1932  0.2052  0.1952  1
126:   0.2052  0.1982  0.2042  0.1982  0.1942  1
127:   0.2032  0.1932  0.2072  0.1942  0.2022  1
128:   0.2070  0.1840  0.2090  0.1830  0.2170  1
129:   0.2000  0.2020  0.2080  0.2010  0.1890  1
130:   0.1930  0.2050  0.1950  0.2050  0.2020  1
131:   0.1988  0.1948  0.2018  0.1958  0.2088  1
132:   0.2010  0.1880  0.2150  0.1870  0.2090  1
133:   0.1910  0.2080  0.1950  0.2080  0.1980  1
134:   0.1968  0.2098  0.1998  0.2098  0.1838  1
135:   0.2120  0.1790  0.2150  0.1790  0.2150  1
136:   0.1930  0.2020  0.1980  0.2020  0.2050  1
137:   0.2070  0.1920  0.1980  0.1920  0.2110  1
138:   0.2050  0.1880  0.2000  0.1870  0.2200  1
139:   0.1990  0.1990  0.2010  0.1980  0.2030  1
140:   0.1878  0.2148  0.1918  0.2138  0.1918  1
141:   0.2040  0.1930  0.2070  0.1930  0.2030  1
142:   0.2010  0.1940  0.2000  0.1940  0.2110  1
143:   0.1980  0.1970  0.2000  0.1970  0.2080  1
144:   0.2070  0.1930  0.2060  0.1940  0.2000  1
145:   0.1958  0.1998  0.1948  0.1998  0.2098  1
146:   0.1990  0.1990  0.2080  0.1990  0.1950  1
147:   0.1920  0.2050  0.1950  0.2050  0.2030  1
148:   0.1950  0.2000  0.1940  0.1990  0.2120  1
149:   0.1950  0.2030  0.2020  0.2020  0.1980  1
150:   0.2030  0.1980  0.1980  0.1980  0.2030  1
151:   0.1910  0.2060  0.1890  0.2060  0.2080  1
152:   0.1920  0.2140  0.1900  0.2140  0.1900  1
153:   0.2000  0.1980  0.2010  0.1970  0.2040  1
154:   0.1958  0.2078  0.1918  0.2078  0.1968  1
155:   0.2088  0.1828  0.2128  0.1828  0.2128  1
156:   0.1980  0.2010  0.1940  0.2010  0.2060  1
157:   0.2062  0.1892  0.1972  0.1902  0.2172  1
158:   0.1948  0.2098  0.1998  0.2108  0.1848  1
159:   0.2012  0.2082  0.2022  0.2072  0.1812  1
160:   0.1840  0.2260  0.1900  0.2270  0.1730  1
161:   0.2050  0.1930  0.2080  0.1920  0.2020  1
162:   0.2070  0.1870  0.2070  0.1880  0.2110  1
163:   0.2060  0.1980  0.2060  0.1970  0.1930  1
164:   0.2040  0.1930  0.2100  0.1940  0.1990  1
165:   0.1900  0.2080  0.1790  0.2090  0.2140  1
166:   0.2010  0.1980  0.2060  0.1980  0.1970  1
167:   0.2050  0.1920  0.2110  0.1910  0.2010  1
168:   0.2030  0.1890  0.2080  0.1890  0.2110  1
169:   0.2130  0.1830  0.2090  0.1820  0.2130  1
170:   0.1868  0.2098  0.1908  0.2098  0.2028  1
171:   0.1938  0.2058  0.1928  0.2048  0.2028  1
172:   0.1920  0.2160  0.1930  0.2150  0.1840  1
173:   0.2070  0.1920  0.2080  0.1930  0.2000  1
174:   0.2002  0.1982  0.1962  0.1982  0.2072  1
175:   0.2052  0.1952  0.2072  0.1942  0.1982  1
176:   0.1940  0.2110  0.1940  0.2120  0.1890  1
177:   0.2128  0.1748  0.2198  0.1758  0.2168  1
178:   0.1948  0.1998  0.1968  0.1998  0.2088  1
179:   0.2018  0.2018  0.1958  0.2028  0.1978  1
180:   0.2000  0.2010  0.2000  0.2020  0.1970  1
181:   0.2180  0.1760  0.2070  0.1760  0.2230  1
182:   0.2040  0.1940  0.2050  0.1930  0.2040  1
183:   0.1920  0.2030  0.1910  0.2020  0.2120  1
184:   0.2050  0.1930  0.2000  0.1930  0.2090  1
185:   0.1862  0.2222  0.1852  0.2212  0.1852  1
186:   0.2058  0.1828  0.2108  0.1828  0.2178  1
187:   0.1968  0.2018  0.1928  0.2018  0.2068  1
188:   0.2000  0.2060  0.1990  0.2050  0.1900  1
189:   0.1940  0.2060  0.1960  0.2060  0.1980  1
190:   0.1882  0.2192  0.1842  0.2182  0.1902  1
191:   0.1852  0.2182  0.1902  0.2182  0.1882  1
192:   0.2090  0.1900  0.2140  0.1910  0.1960  1
193:   0.2030  0.1880  0.2040  0.1890  0.2160  1
194:   0.1990  0.2090  0.1980  0.2090  0.1850  1
195:   0.2102  0.1932  0.2042  0.1952  0.1972  1
196:   0.1838  0.2178  0.1868  0.2178  0.1938  1
197:   0.2034  0.2044  0.2034  0.2044  0.1844  1
198:   0.1930  0.2000  0.1950  0.2010  0.2110  1
199:   0.1970  0.2030  0.2030  0.2010  0.1960  1
200:   0.1962  0.2022  0.1962  0.2022  0.2032  1
201:   0.2198  0.1708  0.2178  0.1708  0.2208  1
202:   0.2130  0.1880  0.2100  0.1890  0.2000  1
203:   0.1962  0.2132  0.1972  0.2112  0.1822  1
204:   0.1880  0.2130  0.1910  0.2130  0.1950  1
205:   0.1970  0.2090  0.1960  0.2100  0.1880  1
206:   0.2018  0.2008  0.1988  0.2008  0.1978  1
207:   0.2020  0.2000  0.2060  0.2010  0.1910  1
208:   0.1520  0.2740  0.1520  0.2690  0.1530  1
209:   0.2040  0.1900  0.2060  0.1900  0.2100  1
210:   0.2220  0.1780  0.2210  0.1780  0.2010  1
