  1:   0.3451  0.3441  0.3109  1
  2:   0.3082  0.3164  0.3754  1
  3:   0.3392  0.3348  0.3260  1
  4:   0.3293  0.3275  0.3431  1
  5:   0.3057  0.2967  0.3977  1
  6:   0.3421  0.3289  0.3289  1
  7:   0.3563  0.3533  0.2903  1
  8:   0.3443  0.3401  0.3157  1
  9:   0.3364  0.3334  0.3302  1
 10:   0.3285  0.3245  0.3471  1
 11:   0.2883  0.2895  0.4221  1
 12:   0.3328  0.3288  0.3384  1
 13:   0.3099  0.3137  0.3765  1
 14:   0.3330  0.3364  0.3306  1
 15:   0.3452  0.3350  0.3198  1
 16:   0.3286  0.3242  0.3472  1
 17:   0.3529  0.3429  0.3041  1
 18:   0.3344  0.3300  0.3356  1
 19:   0.2987  0.2959  0.4054  1
 20:   0.3641  0.3765  0.2595  1
 21:   0.3447  0.3449  0.3103  1
 22:   0.3301  0.3265  0.3435  1
 23:   0.3182  0.3158  0.3660  1
 24:   0.3302  0.3474  0.3224  1
 25:   0.3425  0.3393  0.3183  1
 26:   0.3287  0.3305  0.3407  1
 27:   0.3215  0.3339  0.3447  1
 28:   0.3031  0.3011  0.3957  1
 29:   0.3054  0.3060  0.3886  1
 30:   0.3501  0.3417  0.3083  1
 31:   0.3452  0.3426  0.3122  1
 32:   0.2955  0.2849  0.4195  1
 33:   0.3400  0.3288  0.3312  1
 34:   0.3226  0.3304  0.3470  1
 35:   0.3567  0.3505  0.2927  1
 36:   0.3342  0.3372  0.3286  1
 37:   0.3256  0.3348  0.3396  1
 38:   0.3024  0.3054  0.3922  1
 39:   0.3550  0.3502  0.2948  1
 40:   0.3419  0.3379  0.3201  1
 41:   0.3323  0.3397  0.3281  1
 42:   0.3625  0.3555  0.2819  1
 43:   0.3209  0.3225  0.3567  1
 44:   0.3373  0.3469  0.3159  1
 45:   0.3452  0.3444  0.3104  1
 46:   0.3391  0.3507  0.3103  1
 47:   0.3354  0.3354  0.3292  1
 48:   0.3318  0.3324  0.3358  1
 49:   0.3284  0.3196  0.3520  1
 50:   0.3211  0.3163  0.3625  1
 51:   0.3315  0.3341  0.3343  1
 52:   0.3355  0.3287  0.3357  1
 53:   0.3119  0.3125  0.3755  1
 54:   0.3431  0.3399  0.3171  1
 55:   0.3443  0.3479  0.3079  1
 56:   0.3118  0.3050  0.3832  1
 57:   0.3263  0.3309  0.3429  1
 58:   0.3332  0.3298  0.3370  1
 59:   0.3521  0.3523  0.2957  1
 60:   0.3363  0.3413  0.3225  1
 61:   0.3382  0.3374  0.3244  1
 62:   0.3314  0.3232  0.3454  1
 63:   0.3421  0.3359  0.3221  1
 64:   0.3508  0.3480  0.3012  1
 65:   0.3209  0.3193  0.3599  1
 66:   0.3291  0.3243  0.3465  1
 67:   0.3355  0.3419  0.3225  1
 68:   0.3657  0.3521  0.2823  1
 69:   0.3353  0.3385  0.3261  1
 70:   0.3422  0.3540  0.3038  1
 71:   0.3293  0.3397  0.3309  1
 72:   0.3455  0.3593  0.2951  1
 73:   0.3315  0.3223  0.3463  1
 74:   0.3421  0.3367  0.3211  1
 75:   0.3460  0.3570  0.2970  1
 76:   0.3383  0.3325  0.3293  1
 77:   0.3395  0.3321  0.3283  1
 78:   0.3145  0.3217  0.3639  1
 79:   0.3317  0.3379  0.3303  1
 80:   0.3456  0.3558  0.2986  1
 81:   0.3218  0.3172  0.3610  1
 82:   0.3182  0.3270  0.3548  1
 83:   0.3539  0.3609  0.2851  1
 84:   0.3388  0.3316  0.3296  1
 85:   0.3547  0.3505  0.2947  1
 86:   0.3521  0.3543  0.2937  1
 87:   0.3274  0.3468  0.3258  1
 88:   0.3386  0.3316  0.3298  1
 89:   0.3264  0.3206  0.3530  1
 90:   0.3361  0.3331  0.3307  1
 91:   0.3156  0.3196  0.3648  1
 92:   0.3243  0.3193  0.3565  1
 93:   0.3217  0.3099  0.3683  1
 94:   0.3521  0.3547  0.2933  1
 95:   0.3479  0.3429  0.3091  1
 96:   0.3377  0.3441  0.3183  1
 97:   0.3338  0.3356  0.3306  1
 98:   0.3315  0.3399  0.3287  1
 99:   0.3373  0.3369  0.3259  1
100:   0.3219  0.3157  0.3625  1
101:   0.3584  0.3620  0.2796  1
102:   0.3079  0.3155  0.3766  1
103:   0.3200  0.3300  0.3500  1
104:   0.3226  0.3328  0.3446  1
105:   0.3452  0.3488  0.3060  1
106:   0.3406  0.3442  0.3152  1
107:   0.3515  0.3515  0.2971  1
108:   0.3073  0.3027  0.3899  1
109:   0.3130  0.3062  0.3808  1
110:   0.3056  0.3080  0.3864  1
111:   0.3171  0.3277  0.3551  1
112:   0.3234  0.3346  0.3420  1
113:   0.3447  0.3509  0.3043  1
114:   0.3283  0.3215  0.3501  1
115:   0.3439  0.3427  0.3133  1
116:   0.3311  0.3343  0.3345  1
117:   0.3482  0.3372  0.3146  1
118:   0.3316  0.3330  0.3354  1
119:   0.3405  0.3423  0.3171  1
120:   0.3361  0.3325  0.3313  1
121:   0.3492  0.3508  0.3000  1
122:   0.3476  0.3390  0.3134  1
123:   0.3206  0.3146  0.3648  1
124:   0.3280  0.3352  0.3368  1
125:   0.3261  0.3213  0.3527  1
126:   0.3308  0.3416  0.3276  1
127:   0.3365  0.3463  0.3173  1
128:   0.3529  0.3521  0.2951  1
129:   0.3248  0.3262  0.3490  1
130:   0.3221  0.3289  0.3491  1
131:   0.3464  0.3416  0.3120  1
132:   0.3441  0.3549  0.3009  1
133:   0.3241  0.3249  0.3509  1
134:   0.3174  0.3258  0.3568  1
135:   0.3618  0.3574  0.2808  1
136:   0.3308  0.3328  0.3364  1
137:   0.3500  0.3376  0.3124  1
138:   0.3461  0.3501  0.3039  1
139:   0.3315  0.3389  0.3297  1
140:   0.3196  0.3170  0.3634  1
141:   0.3438  0.3400  0.3162  1
142:   0.3482  0.3406  0.3112  1
143:   0.3388  0.3362  0.3250  1
144:   0.3420  0.3436  0.3144  1
145:   0.3389  0.3275  0.3337  1
146:   0.3375  0.3371  0.3255  1
147:   0.3323  0.3285  0.3393  1
148:   0.3388  0.3294  0.3318  1
149:   0.3239  0.3329  0.3433  1
150:   0.3310  0.3372  0.3318  1
151:   0.3301  0.3207  0.3491  1
152:   0.3153  0.3133  0.3713  1
153:   0.3368  0.3320  0.3312  1
154:   0.3243  0.3219  0.3539  1
155:   0.3521  0.3537  0.2943  1
156:   0.3336  0.3298  0.3366  1
157:   0.3423  0.3397  0.3181  1
158:   0.3219  0.3277  0.3503  1
159:   0.3157  0.3291  0.3551  1
160:   0.2960  0.2978  0.4062  1
161:   0.3469  0.3451  0.3079  1
162:   0.3513  0.3433  0.3053  1
163:   0.3355  0.3419  0.3225  1
164:   0.3409  0.3477  0.3115  1
165:   0.3280  0.3124  0.3596  1
166:   0.3337  0.3445  0.3217  1
167:   0.3449  0.3487  0.3063  1
168:   0.3416  0.3480  0.3104  1
169:   0.3535  0.3505  0.2959  1
170:   0.3224  0.3192  0.3584  1
171:   0.3260  0.3250  0.3490  1
172:   0.3124  0.3146  0.3730  1
173:   0.3449  0.3399  0.3151  1
174:   0.3345  0.3251  0.3403  1
175:   0.3382  0.3398  0.3220  1
176:   0.3179  0.3145  0.3675  1
177:   0.3561  0.3647  0.2791  1
178:   0.3421  0.3295  0.3283  1
179:   0.3301  0.3317  0.3383  1
180:   0.3277  0.3351  0.3373  1
181:   0.3567  0.3597  0.2835  1
182:   0.3403  0.3411  0.3185  1
183:   0.3348  0.3298  0.3354  1
184:   0.3454  0.3358  0.3188  1
185:   0.3073  0.3065  0.3863  1
186:   0.3539  0.3557  0.2903  1
187:   0.3296  0.3316  0.3388  1
188:   0.3240  0.3274  0.3486  1
189:   0.3227  0.3235  0.3539  1
190:   0.3135  0.3075  0.3789  1
191:   0.3143  0.3065  0.3793  1
192:   0.3391  0.3443  0.3167  1
193:   0.3488  0.3438  0.3074  1
194:   0.3149  0.3243  0.3609  1
195:   0.3369  0.3411  0.3221  1
196:   0.3119  0.3069  0.3813  1
197:   0.3211  0.3297  0.3493  1
198:   0.3319  0.3247  0.3435  1
199:   0.3287  0.3355  0.3359  1
200:   0.3353  0.3303  0.3343  1
201:   0.3605  0.3730  0.2665  1
202:   0.3411  0.3553  0.3035  1
203:   0.3100  0.3172  0.3728  1
204:   0.3249  0.3203  0.3547  1
205:   0.3219  0.3241  0.3541  1
206:   0.3323  0.3303  0.3375  1
207:   0.3202  0.3398  0.3400  1
208:   0.2440  0.2416  0.5144  1
209:   0.3434  0.3446  0.3120  1
210:   0.3539  0.3631  0.2829  1
211:   0.3252  0.3348  0.3400  1
212:   0.3486  0.3578  0.2936  1
213:   0.3218  0.3234  0.3548  1
214:   0.3317  0.3337  0.3345  1
215:   0.3368  0.3322  0.3310  1
216:   0.3350  0.3390  0.3260  1
217:   0.3469  0.3423  0.3109  1
218:   0.3640  0.3524  0.2836  1
219:   0.3561  0.3551  0.2887  1
220:   0.3405  0.3307  0.3289  1
221:   0.3401  0.3265  0.3333  1
222:   0.3357  0.3315  0.3327  1
223:   0.3083  0.3013  0.3905  1
224:   0.3135  0.3065  0.3800  1
225:   0.3354  0.3442  0.3204  1
226:   0.3221  0.3219  0.3561  1
227:   0.3369  0.3297  0.3335  1
228:   0.3415  0.3423  0.3163  1
229:   0.3491  0.3491  0.3019  1
230:   0.3587  0.3631  0.2781  1
231:   0.3427  0.3381  0.3193  1
232:   0.3485  0.3411  0.3103  1
233:   0.3591  0.3629  0.2779  1
234:   0.3083  0.3025  0.3891  1
235:   0.3418  0.3392  0.3190  1
236:   0.3261  0.3245  0.3493  1
237:   0.3359  0.3381  0.3261  1
238:   0.3441  0.3573  0.2987  1
239:   0.3287  0.3243  0.3471  1
240:   0.3287  0.3263  0.3451  1
241:   0.3490  0.3490  0.3020  1
242:   0.3393  0.3451  0.3157  1
243:   0.3637  0.3623  0.2741  1
244:   0.3363  0.3337  0.3301  1
245:   0.3285  0.3403  0.3311  1
246:   0.3571  0.3379  0.3049  1
247:   0.3313  0.3277  0.3409  1
248:   0.3109  0.3071  0.3820  1
249:   0.3301  0.3331  0.3367  1
250:   0.3646  0.3546  0.2808  1
251:   0.3331  0.3355  0.3313  1
252:   0.3442  0.3508  0.3050  1
253:   0.3598  0.3566  0.2836  1
254:   0.3081  0.3041  0.3877  1
255:   0.3303  0.3361  0.3335  1
256:   0.3127  0.3093  0.3779  1
257:   0.3216  0.3276  0.3508  1
258:   0.3320  0.3430  0.3250  1
259:   0.3393  0.3337  0.3271  1
260:   0.3421  0.3523  0.3057  1
261:   0.3446  0.3426  0.3128  1
262:   0.3041  0.2963  0.3997  1
263:   0.3645  0.3579  0.2775  1
264:   0.3360  0.3416  0.3224  1
265:   0.3343  0.3395  0.3263  1
266:   0.3153  0.3077  0.3769  1
267:   0.3480  0.3564  0.2956  1
268:   0.3461  0.3375  0.3165  1
269:   0.3163  0.3095  0.3741  1
270:   0.3609  0.3473  0.2917  1
271:   0.3322  0.3304  0.3374  1
272:   0.3343  0.3281  0.3375  1
273:   0.3350  0.3254  0.3396  1
274:   0.3429  0.3423  0.3149  1
275:   0.3367  0.3363  0.3269  1
276:   0.3479  0.3365  0.3155  1
277:   0.3347  0.3401  0.3253  1
278:   0.3338  0.3424  0.3238  1
279:   0.3548  0.3660  0.2792  1
280:   0.3334  0.3464  0.3202  1
281:   0.3064  0.3092  0.3844  1
282:   0.3050  0.3132  0.3818  1
283:   0.3223  0.3157  0.3619  1
284:   0.3285  0.3295  0.3421  1
285:   0.3556  0.3440  0.3004  1
286:   0.2790  0.2800  0.4410  1
287:   0.3146  0.3142  0.3712  1
288:   0.3318  0.3308  0.3374  1
289:   0.3305  0.3387  0.3309  1
290:   0.3315  0.3363  0.3321  1
291:   0.3507  0.3547  0.2946  1
292:   0.3119  0.3171  0.3710  1
293:   0.3376  0.3420  0.3204  1
294:   0.3487  0.3465  0.3049  1
295:   0.3085  0.3033  0.3882  1
296:   0.3550  0.3630  0.2820  1
297:   0.3564  0.3628  0.2808  1
298:   0.3300  0.3294  0.3406  1
299:   0.3292  0.3312  0.3396  1
300:   0.3411  0.3491  0.3099  1
301:   0.3165  0.3169  0.3665  1
302:   0.3526  0.3480  0.2994  1
303:   0.3552  0.3600  0.2848  1
