1:    0.162 0.167 0.158 0.168 0.172 0.173 1    
2:    0.052 0.174 0.185 0.179 0.201 0.210 1    
3:    0.033 0.204 0.180 0.187 0.194 0.201 1    
4:    0.115 0.167 0.158 0.181 0.195 0.184 1    
5:    0.018 0.190 0.201 0.188 0.210 0.193 1    
6:    0.062 0.165 0.197 0.162 0.221 0.193 1    
7:    0.016 0.210 0.177 0.207 0.164 0.227 1    
8:    0.521 0.100 0.091 0.102 0.098 0.088 1    
9:    0.013 0.194 0.183 0.199 0.232 0.180 1    
10:   0.028 0.198 0.176 0.186 0.192 0.219 1    
11:   0.018 0.193 0.188 0.180 0.221 0.200 1    
12:   0.027 0.186 0.197 0.174 0.215 0.200 1    
13:   0.026 0.180 0.185 0.202 0.217 0.190 1    
14:   0.029 0.210 0.166 0.190 0.211 0.195 1    
15:   0.062 0.181 0.179 0.169 0.200 0.209 1    
16:   0.024 0.198 0.149 0.197 0.191 0.241 1    
17:   0.024 0.194 0.181 0.203 0.235 0.162 1    
18:   0.259 0.143 0.151 0.134 0.164 0.148 1    
19:   0.064 0.211 0.173 0.189 0.172 0.191 1    
20:   0.017 0.225 0.167 0.199 0.166 0.227 1    
21:   0.024 0.189 0.184 0.199 0.190 0.212 1    
22:   0.015 0.178 0.222 0.198 0.204 0.183 1    
23:   0.079 0.187 0.175 0.181 0.197 0.181 1    
24:   0.049 0.174 0.185 0.180 0.214 0.198 1    
25:   0.025 0.197 0.203 0.198 0.193 0.183 1    
26:   0.024 0.204 0.189 0.173 0.213 0.197 1    
27:   0.034 0.197 0.191 0.186 0.197 0.194 1    
28:   0.029 0.185 0.189 0.182 0.208 0.207 1    
29:   0.014 0.167 0.210 0.188 0.222 0.198 1    
30:   0.028 0.191 0.172 0.199 0.203 0.207 1    
31:   0.064 0.188 0.209 0.176 0.181 0.181 1    
32:   0.020 0.190 0.203 0.168 0.231 0.187 1    
33:   0.058 0.179 0.192 0.156 0.228 0.187 1    
34:   0.039 0.192 0.204 0.198 0.183 0.185 1    
35:   0.030 0.204 0.187 0.200 0.205 0.174 1    
36:   0.015 0.177 0.199 0.170 0.226 0.213 1    
37:   0.017 0.205 0.197 0.192 0.214 0.175 1    
38:   0.016 0.189 0.195 0.199 0.194 0.207 1    
39:   0.037 0.199 0.167 0.190 0.209 0.198 1    
40:   0.252 0.148 0.152 0.165 0.146 0.137 1    
41:   0.026 0.206 0.171 0.201 0.172 0.225 1    
42:   0.016 0.181 0.193 0.205 0.195 0.210 1    
43:   0.045 0.203 0.179 0.186 0.187 0.198 1    
44:   0.025 0.203 0.168 0.188 0.208 0.208 1    
45:   0.015 0.194 0.174 0.190 0.229 0.198 1    
46:   0.034 0.169 0.192 0.174 0.245 0.185 1    
47:   0.036 0.194 0.205 0.179 0.195 0.191 1    
48:   0.115 0.161 0.194 0.177 0.174 0.180 1    
49:   0.028 0.180 0.190 0.185 0.212 0.206 1    
50:   0.012 0.171 0.204 0.170 0.247 0.196 1    
51:   0.047 0.179 0.183 0.187 0.204 0.200 1    
52:   0.018 0.207 0.168 0.183 0.179 0.245 1    
53:   0.023 0.179 0.193 0.181 0.218 0.206 1    
54:   0.083 0.181 0.194 0.155 0.196 0.192 1    
55:   0.361 0.129 0.122 0.121 0.132 0.135 1    
56:   0.027 0.205 0.180 0.183 0.163 0.241 1    
57:   0.009 0.169 0.207 0.156 0.249 0.208 1    
58:   0.024 0.168 0.199 0.163 0.275 0.171 1    
59:   0.012 0.170 0.211 0.168 0.249 0.191 1    
60:   0.015 0.188 0.207 0.180 0.209 0.200 1    
61:   0.185 0.154 0.157 0.149 0.183 0.171 1    
62:   0.011 0.188 0.204 0.179 0.214 0.204 1    
63:   0.035 0.162 0.233 0.166 0.218 0.186 1    
64:   0.020 0.211 0.169 0.209 0.171 0.220 1    
65:   0.034 0.203 0.196 0.190 0.209 0.169 1    
66:   0.027 0.187 0.186 0.188 0.218 0.194 1    
67:   0.016 0.189 0.199 0.193 0.205 0.199 1    
68:   0.016 0.200 0.194 0.183 0.201 0.206 1    
69:   0.047 0.168 0.205 0.163 0.246 0.170 1    
70:   0.052 0.175 0.222 0.230 0.166 0.155 1    
71:   0.225 0.160 0.138 0.153 0.145 0.180 1    
72:   0.015 0.179 0.195 0.180 0.225 0.206 1    
73:   0.073 0.197 0.180 0.175 0.183 0.192 1    
74:   0.061 0.191 0.194 0.178 0.186 0.190 1    
75:   0.027 0.200 0.192 0.195 0.184 0.203 1    
76:   0.102 0.186 0.161 0.197 0.165 0.190 1    
77:   0.085 0.181 0.199 0.187 0.171 0.178 1    
78:   0.039 0.208 0.176 0.188 0.206 0.184 1    
79:   0.013 0.215 0.175 0.189 0.182 0.226 1    
80:   0.129 0.164 0.179 0.160 0.190 0.178 1    
81:   0.133 0.192 0.163 0.171 0.173 0.168 1    
82:   0.033 0.199 0.180 0.201 0.205 0.181 1    
83:   0.060 0.186 0.180 0.208 0.175 0.192 1    
84:   0.058 0.180 0.202 0.197 0.180 0.183 1    
85:   0.033 0.159 0.215 0.154 0.251 0.187 1    
86:   0.201 0.160 0.173 0.154 0.145 0.166 1    
87:   0.021 0.185 0.231 0.163 0.185 0.215 1    
88:   0.048 0.171 0.201 0.159 0.214 0.206 1    
89:   0.047 0.208 0.180 0.206 0.162 0.197 1    
90:   0.216 0.164 0.142 0.167 0.143 0.169 1    
91:   0.058 0.181 0.179 0.197 0.188 0.198 1    
92:   0.044 0.168 0.189 0.178 0.207 0.214 1    
93:   0.039 0.190 0.188 0.179 0.231 0.173 1    
94:   0.244 0.173 0.114 0.160 0.129 0.180 1    
95:   0.037 0.176 0.182 0.195 0.196 0.215 1    
96:   0.050 0.201 0.139 0.218 0.154 0.239 1    
97:   0.018 0.196 0.203 0.179 0.203 0.201 1    
98:   0.020 0.164 0.240 0.200 0.198 0.177 1    
99:   0.018 0.190 0.187 0.218 0.185 0.202 1    
100:  0.035 0.190 0.202 0.167 0.240 0.167 1    
101:  0.062 0.196 0.166 0.193 0.219 0.165 1    
102:  0.020 0.165 0.219 0.154 0.253 0.189 1    
103:  0.247 0.164 0.148 0.139 0.165 0.138 1    
104:  0.029 0.183 0.199 0.211 0.205 0.172 1    
105:  0.038 0.203 0.158 0.202 0.197 0.201 1    
106:  0.043 0.184 0.196 0.217 0.196 0.163 1    
107:  0.038 0.191 0.191 0.174 0.233 0.173 1    
108:  0.038 0.168 0.196 0.157 0.228 0.213 1    
109:  0.042 0.193 0.204 0.180 0.192 0.189 1    
110:  0.029 0.199 0.178 0.191 0.200 0.203 1    
111:  0.048 0.185 0.207 0.185 0.195 0.181 1    
112:  0.040 0.195 0.185 0.179 0.233 0.169 1    
113:  0.020 0.199 0.178 0.184 0.209 0.211 1    
114:  0.072 0.178 0.158 0.181 0.197 0.214 1    
115:  0.048 0.193 0.177 0.185 0.215 0.180 1    
116:  0.020 0.193 0.203 0.181 0.211 0.192 1    
117:  0.040 0.219 0.170 0.187 0.178 0.207 1    
118:  0.054 0.186 0.175 0.192 0.191 0.202 1    
119:  0.038 0.181 0.234 0.227 0.157 0.164 1    
120:  0.236 0.156 0.150 0.163 0.139 0.155 1    
121:  0.043 0.196 0.190 0.194 0.182 0.195 1    
122:  0.036 0.160 0.232 0.214 0.193 0.165 1    
123:  0.020 0.198 0.209 0.177 0.217 0.178 1    
124:  0.021 0.179 0.204 0.183 0.224 0.189 1    
125:  0.084 0.191 0.193 0.219 0.154 0.159 1    
126:  0.020 0.164 0.219 0.165 0.227 0.207 1    
127:  0.036 0.186 0.179 0.187 0.240 0.172 1    
128:  0.021 0.184 0.190 0.208 0.212 0.184 1    
129:  0.246 0.156 0.151 0.152 0.126 0.169 1    
130:  0.089 0.182 0.202 0.188 0.153 0.187 1    
131:  0.037 0.194 0.180 0.181 0.221 0.188 1    
132:  0.022 0.202 0.198 0.191 0.185 0.202 1    
133:  0.018 0.201 0.220 0.210 0.150 0.200 1    
134:  0.040 0.193 0.169 0.177 0.210 0.210 1    
135:  0.555 0.094 0.086 0.097 0.078 0.091 1    
136:  0.041 0.176 0.198 0.197 0.196 0.192 1    
137:  0.174 0.177 0.158 0.171 0.152 0.169 1    
138:  0.025 0.189 0.196 0.176 0.207 0.207 1    
139:  0.036 0.211 0.176 0.200 0.186 0.191 1    
140:  0.049 0.193 0.172 0.178 0.190 0.217 1    
141:  0.090 0.181 0.217 0.154 0.147 0.211 1    
142:  0.072 0.189 0.182 0.200 0.189 0.168 1    
143:  0.052 0.196 0.200 0.183 0.188 0.181 1    
144:  0.023 0.179 0.201 0.176 0.222 0.199 1    
145:  0.016 0.159 0.221 0.152 0.267 0.184 1    
146:  0.062 0.191 0.185 0.189 0.192 0.181 1    
147:  0.021 0.177 0.205 0.167 0.226 0.204 1    
148:  0.021 0.201 0.189 0.181 0.215 0.193 1    
149:  0.045 0.203 0.175 0.215 0.169 0.193 1    
150:  0.139 0.173 0.168 0.173 0.179 0.169 1    
151:  0.051 0.203 0.179 0.214 0.163 0.190 1    
152:  0.048 0.203 0.184 0.192 0.197 0.176 1    
153:  0.034 0.201 0.174 0.198 0.171 0.222 1    
154:  0.018 0.181 0.195 0.273 0.180 0.153 1    
155:  0.054 0.188 0.178 0.205 0.195 0.179 1    
156:  0.042 0.209 0.173 0.184 0.175 0.216 1    
157:  0.037 0.196 0.188 0.185 0.198 0.197 1    
158:  0.130 0.189 0.161 0.178 0.144 0.198 1    
159:  0.037 0.185 0.188 0.182 0.218 0.190 1    
160:  0.028 0.184 0.193 0.209 0.200 0.185 1    
161:  0.191 0.166 0.143 0.188 0.159 0.154 1    
162:  0.029 0.192 0.191 0.202 0.182 0.204 1    
163:  0.079 0.190 0.170 0.188 0.179 0.194 1    
164:  0.041 0.172 0.234 0.183 0.182 0.189 1    
165:  0.027 0.187 0.196 0.192 0.192 0.207 1    
166:  0.048 0.214 0.172 0.181 0.182 0.203 1    
167:  0.031 0.178 0.216 0.193 0.210 0.172 1    
168:  0.182 0.164 0.171 0.145 0.181 0.158 1    
169:  0.038 0.176 0.209 0.261 0.163 0.152 1    
170:  0.018 0.193 0.197 0.229 0.181 0.182 1    
171:  0.024 0.183 0.197 0.194 0.198 0.204 1    
172:  0.026 0.161 0.217 0.189 0.214 0.193 1    
173:  0.051 0.195 0.181 0.180 0.212 0.181 1    
174:  0.039 0.185 0.189 0.190 0.205 0.192 1    
175:  0.038 0.171 0.223 0.216 0.189 0.164 1    
176:  0.067 0.202 0.178 0.198 0.155 0.201 1    
177:  0.110 0.161 0.185 0.169 0.183 0.191 1    
178:  0.034 0.203 0.175 0.203 0.194 0.192 1    
179:  0.032 0.206 0.166 0.188 0.198 0.210 1    
180:  0.008 0.217 0.216 0.195 0.158 0.206 1    
181:  0.066 0.179 0.209 0.164 0.184 0.199 1    
182:  0.262 0.151 0.150 0.146 0.144 0.146 1    
183:  0.153 0.169 0.173 0.198 0.157 0.150 1    
184:  0.062 0.203 0.202 0.206 0.163 0.164 1    
185:  0.062 0.189 0.175 0.206 0.165 0.204 1    
186:  0.032 0.204 0.194 0.235 0.166 0.169 1    
187:  0.021 0.196 0.197 0.250 0.175 0.161 1    
188:  0.025 0.193 0.216 0.230 0.180 0.156 1    
189:  0.035 0.192 0.194 0.175 0.192 0.212 1    
190:  0.041 0.178 0.212 0.236 0.172 0.161 1    
191:  0.022 0.178 0.204 0.182 0.204 0.210 1    
192:  0.648 0.073 0.068 0.071 0.068 0.072 1    
193:  0.565 0.090 0.080 0.089 0.089 0.088 1    
194:  0.165 0.160 0.180 0.201 0.159 0.135 1    
195:  0.068 0.200 0.207 0.201 0.148 0.176 1    
196:  0.020 0.180 0.217 0.171 0.199 0.212 1    
197:  0.101 0.178 0.168 0.184 0.188 0.182 1    
198:  0.027 0.184 0.201 0.183 0.200 0.205 1    
199:  0.092 0.168 0.211 0.167 0.171 0.191 1    
200:  0.076 0.193 0.185 0.196 0.169 0.181 1    
201:  0.166 0.158 0.170 0.166 0.170 0.169 1    
202:  0.011 0.176 0.200 0.203 0.188 0.222 1    
203:  0.070 0.198 0.176 0.187 0.205 0.164 1    
204:  0.016 0.213 0.205 0.203 0.155 0.207 1    
205:  0.015 0.185 0.207 0.184 0.196 0.213 1    
206:  0.029 0.192 0.190 0.189 0.193 0.207 1    
207:  0.025 0.206 0.219 0.182 0.146 0.222 1    
208:  0.014 0.192 0.220 0.198 0.175 0.202 1    
209:  0.273 0.148 0.148 0.143 0.143 0.145 1    
210:  0.026 0.198 0.208 0.180 0.189 0.199 1    
211:  0.033 0.188 0.220 0.188 0.180 0.190 1    
212:  0.112 0.173 0.201 0.180 0.171 0.164 1    
213:  0.044 0.215 0.173 0.195 0.203 0.171 1    
214:  0.054 0.194 0.178 0.191 0.181 0.202 1    
215:  0.057 0.206 0.180 0.201 0.154 0.203 1    
216:  0.041 0.167 0.234 0.195 0.196 0.167 1    
217:  0.038 0.206 0.201 0.185 0.201 0.169 1    
218:  0.022 0.196 0.228 0.204 0.153 0.198 1    
219:  0.016 0.194 0.216 0.182 0.192 0.199 1    
220:  0.095 0.183 0.177 0.193 0.174 0.178 1    
221:  0.064 0.191 0.163 0.190 0.198 0.195 1    
222:  0.089 0.175 0.206 0.170 0.170 0.189 1    
223:  0.352 0.136 0.119 0.136 0.129 0.129 1    
224:  0.044 0.196 0.191 0.165 0.204 0.199 1    
225:  0.022 0.163 0.218 0.172 0.224 0.202 1    
226:  0.024 0.173 0.204 0.168 0.254 0.176 1    
227:  0.107 0.176 0.187 0.201 0.177 0.153 1    
228:  0.052 0.203 0.196 0.204 0.165 0.180 1    
229:  0.018 0.207 0.227 0.184 0.168 0.197 1    
230:  0.040 0.185 0.216 0.184 0.233 0.142 1    
231:  0.016 0.180 0.200 0.184 0.222 0.197 1    
232:  0.023 0.200 0.187 0.210 0.188 0.192 1    
233:  0.045 0.185 0.200 0.159 0.209 0.202 1    
234:  0.023 0.204 0.201 0.211 0.161 0.200 1    
235:  0.017 0.178 0.213 0.162 0.237 0.193 1    
236:  0.017 0.219 0.191 0.186 0.177 0.211 1    
237:  0.031 0.155 0.224 0.148 0.260 0.183 1    
238:  0.064 0.182 0.181 0.190 0.183 0.200 1    
239:  0.008 0.182 0.203 0.164 0.244 0.199 1    
240:  0.228 0.153 0.157 0.157 0.138 0.167 1    
241:  0.021 0.206 0.190 0.194 0.178 0.212 1    
242:  0.059 0.196 0.176 0.176 0.207 0.184 1    
243:  0.022 0.175 0.211 0.163 0.230 0.198 1    
244:  0.046 0.184 0.209 0.173 0.194 0.194 1    
245:  0.020 0.170 0.233 0.180 0.208 0.189 1    
246:  0.011 0.200 0.187 0.179 0.217 0.206 1    
247:  0.071 0.174 0.226 0.167 0.187 0.175 1    
248:  0.072 0.193 0.177 0.171 0.197 0.189 1    
249:  0.187 0.166 0.162 0.188 0.151 0.146 1    
250:  0.027 0.182 0.209 0.204 0.221 0.157 1    
251:  0.029 0.199 0.193 0.206 0.219 0.155 1    
252:  0.013 0.179 0.205 0.173 0.251 0.179 1    
253:  0.264 0.154 0.140 0.142 0.138 0.162 1    
254:  0.783 0.043 0.046 0.048 0.040 0.040 1    
255:  0.070 0.188 0.172 0.187 0.183 0.199 1    
256:  0.029 0.196 0.214 0.231 0.181 0.149 1    
257:  0.095 0.188 0.173 0.199 0.179 0.167 1    
258:  0.037 0.180 0.188 0.188 0.205 0.202 1    
259:  0.038 0.189 0.193 0.181 0.202 0.198 1    
260:  0.010 0.178 0.224 0.173 0.227 0.188 1    
261:  0.019 0.198 0.235 0.196 0.165 0.187 1    
262:  0.023 0.210 0.186 0.212 0.185 0.183 1    
263:  0.063 0.169 0.213 0.176 0.203 0.177 1    
264:  0.020 0.194 0.214 0.160 0.213 0.198 1    
265:  0.180 0.161 0.156 0.164 0.167 0.172 1    
266:  0.026 0.174 0.219 0.154 0.233 0.194 1    
267:  0.031 0.186 0.188 0.192 0.222 0.181 1    
268:  0.031 0.209 0.186 0.193 0.204 0.177 1    
269:  0.055 0.191 0.214 0.166 0.188 0.186 1    
270:  0.327 0.134 0.130 0.186 0.092 0.131 1    
271:  0.028 0.197 0.192 0.195 0.214 0.175 1    
272:  0.026 0.181 0.215 0.201 0.201 0.175 1    
273:  0.015 0.205 0.202 0.184 0.209 0.185 1    
274:  0.014 0.171 0.203 0.175 0.256 0.180 1    
275:  0.037 0.200 0.190 0.184 0.214 0.175 1    
276:  0.026 0.202 0.186 0.204 0.198 0.185 1    
277:  0.080 0.166 0.211 0.220 0.173 0.150 1    
278:  0.067 0.197 0.180 0.181 0.189 0.186 1    
279:  0.010 0.200 0.176 0.201 0.172 0.240 1    
280:  0.021 0.179 0.186 0.180 0.239 0.194 1    
281:  0.145 0.183 0.158 0.184 0.173 0.157 1    
282:  0.025 0.180 0.206 0.170 0.225 0.195 1    
283:  0.013 0.204 0.206 0.213 0.182 0.181 1    
284:  0.018 0.193 0.233 0.223 0.153 0.179 1    
285:  0.036 0.179 0.209 0.163 0.216 0.196 1    
286:  0.239 0.148 0.147 0.155 0.164 0.147 1    
287:  0.029 0.186 0.179 0.202 0.194 0.210 1    
288:  0.019 0.204 0.184 0.202 0.186 0.205 1    
289:  0.035 0.192 0.207 0.194 0.184 0.189 1    
290:  0.021 0.183 0.227 0.172 0.187 0.211 1    
291:  0.044 0.218 0.205 0.180 0.150 0.202 1    
292:  0.040 0.181 0.222 0.238 0.175 0.144 1    
293:  0.025 0.206 0.200 0.188 0.172 0.209 1    
294:  0.022 0.199 0.192 0.210 0.171 0.206 1    
295:  0.038 0.217 0.179 0.194 0.151 0.222 1    
296:  0.145 0.170 0.181 0.165 0.185 0.153 1    
297:  0.042 0.182 0.192 0.191 0.198 0.196 1    
298:  0.013 0.197 0.190 0.187 0.225 0.189 1    
299:  0.046 0.205 0.193 0.193 0.189 0.174 1    
300:  0.127 0.170 0.191 0.173 0.158 0.182 1    
301:  0.222 0.159 0.162 0.154 0.135 0.168 1    
302:  0.041 0.197 0.179 0.203 0.184 0.196 1    
303:  0.042 0.174 0.209 0.170 0.213 0.191 1    
304:  0.035 0.165 0.220 0.152 0.245 0.183 1    
305:  0.027 0.183 0.200 0.199 0.204 0.187 1    
306:  0.068 0.201 0.175 0.179 0.202 0.175 1    
307:  0.019 0.182 0.221 0.203 0.172 0.204 1    
308:  0.043 0.201 0.167 0.184 0.203 0.203 1    
309:  0.038 0.197 0.171 0.197 0.193 0.204 1    
310:  0.043 0.181 0.198 0.274 0.141 0.163 1    
311:  0.028 0.193 0.183 0.200 0.200 0.196 1    
312:  0.042 0.184 0.186 0.182 0.220 0.186 1    
313:  0.023 0.192 0.183 0.212 0.185 0.205 1    
314:  0.028 0.171 0.206 0.175 0.221 0.199 1    
315:  0.018 0.208 0.218 0.189 0.159 0.208 1    
316:  0.354 0.135 0.123 0.129 0.132 0.127 1    
317:  0.034 0.183 0.225 0.198 0.174 0.186 1    
318:  0.022 0.206 0.178 0.197 0.194 0.203 1    
319:  0.030 0.206 0.160 0.198 0.163 0.244 1    
320:  0.032 0.188 0.202 0.173 0.210 0.194 1    
321:  0.409 0.121 0.118 0.120 0.111 0.120 1    
322:  0.049 0.197 0.170 0.215 0.181 0.189 1    
323:  0.041 0.199 0.166 0.180 0.210 0.204 1    
324:  0.039 0.182 0.237 0.189 0.179 0.174 1    
325:  0.016 0.198 0.192 0.206 0.197 0.190 1    
326:  0.017 0.199 0.216 0.196 0.224 0.148 1    
327:  0.126 0.202 0.160 0.187 0.159 0.166 1    
328:  0.011 0.182 0.218 0.204 0.198 0.187 1    
329:  0.030 0.203 0.175 0.190 0.178 0.224 1    
330:  0.099 0.178 0.178 0.186 0.175 0.185 1    
331:  0.045 0.176 0.200 0.188 0.197 0.196 1    
332:  0.016 0.199 0.191 0.219 0.193 0.181 1    
333:  0.021 0.199 0.186 0.198 0.191 0.205 1    
334:  0.028 0.182 0.216 0.208 0.175 0.191 1    
335:  0.195 0.175 0.157 0.168 0.149 0.156 1    
336:  0.075 0.182 0.183 0.180 0.205 0.174 1    
337:  0.012 0.184 0.224 0.277 0.147 0.156 1    
338:  0.016 0.186 0.223 0.172 0.184 0.220 1    
339:  0.042 0.170 0.208 0.280 0.149 0.151 1    
340:  0.317 0.129 0.144 0.149 0.131 0.130 1    
341:  0.100 0.180 0.191 0.180 0.181 0.167 1    
342:  0.027 0.177 0.202 0.205 0.204 0.185 1    
343:  0.023 0.217 0.195 0.190 0.217 0.159 1    
344:  0.041 0.208 0.198 0.195 0.184 0.174 1    
345:  0.019 0.207 0.194 0.189 0.207 0.184 1    
346:  0.029 0.188 0.181 0.198 0.180 0.223 1    
347:  0.025 0.208 0.191 0.183 0.226 0.166 1    
348:  0.046 0.188 0.200 0.172 0.184 0.210 1    
349:  0.049 0.185 0.197 0.186 0.188 0.194 1    
350:  0.154 0.177 0.164 0.166 0.150 0.189 1    
351:  0.063 0.192 0.158 0.196 0.174 0.218 1    
352:  0.015 0.195 0.197 0.198 0.178 0.217 1    
353:  0.649 0.080 0.065 0.067 0.076 0.062 1    
354:  0.022 0.183 0.207 0.175 0.213 0.200 1    
355:  0.018 0.222 0.200 0.193 0.153 0.214 1    
356:  0.057 0.190 0.185 0.196 0.191 0.181 1    
357:  0.039 0.223 0.180 0.192 0.186 0.180 1    
358:  0.026 0.205 0.196 0.193 0.207 0.174 1    
359:  0.082 0.181 0.184 0.165 0.187 0.201 1    
360:  0.054 0.207 0.173 0.201 0.192 0.173 1    
361:  0.030 0.218 0.184 0.187 0.181 0.200 1    
362:  0.221 0.161 0.150 0.171 0.145 0.151 1    
363:  0.127 0.176 0.186 0.175 0.175 0.162 1    
364:  0.055 0.193 0.183 0.205 0.172 0.192 1    
365:  0.200 0.161 0.164 0.172 0.147 0.156 1    
366:  0.062 0.192 0.160 0.189 0.188 0.210 1    
367:  0.709 0.058 0.062 0.060 0.060 0.052 1    
368:  0.025 0.192 0.185 0.204 0.199 0.196 1    
369:  0.023 0.192 0.208 0.200 0.181 0.195 1    
370:  0.054 0.205 0.177 0.184 0.219 0.161 1    
371:  0.111 0.167 0.168 0.175 0.193 0.187 1    
372:  0.031 0.181 0.193 0.171 0.226 0.199 1    
373:  0.128 0.182 0.171 0.165 0.174 0.179 1    
374:  0.047 0.204 0.196 0.180 0.178 0.196 1    
375:  0.075 0.200 0.147 0.206 0.148 0.225 1    
376:  0.084 0.201 0.194 0.169 0.162 0.189 1    
377:  0.030 0.194 0.212 0.194 0.197 0.173 1    
378:  0.023 0.192 0.212 0.194 0.207 0.172 1    
379:  0.061 0.201 0.150 0.197 0.179 0.212 1    
380:  0.064 0.202 0.183 0.203 0.163 0.184 1    
381:  0.032 0.199 0.177 0.188 0.197 0.207 1    
382:  0.024 0.204 0.168 0.184 0.221 0.199 1    
383:  0.043 0.214 0.163 0.195 0.179 0.206 1    
384:  0.012 0.187 0.206 0.176 0.219 0.200 1    
385:  0.098 0.169 0.182 0.192 0.175 0.184 1    
386:  0.020 0.189 0.202 0.206 0.182 0.202 1    
387:  0.133 0.182 0.168 0.201 0.136 0.180 1    
388:  0.443 0.126 0.108 0.112 0.114 0.098 1    
389:  0.382 0.143 0.118 0.118 0.118 0.120 1    
390:  0.030 0.184 0.180 0.217 0.207 0.182 1    
391:  0.033 0.208 0.184 0.193 0.202 0.181 1    
392:  0.095 0.193 0.218 0.167 0.159 0.167 1    
393:  0.029 0.196 0.180 0.193 0.166 0.236 1    
394:  0.045 0.208 0.190 0.186 0.208 0.163 1    
395:  0.077 0.175 0.219 0.182 0.175 0.172 1    
396:  0.025 0.196 0.214 0.262 0.163 0.139 1    
397:  0.192 0.187 0.155 0.163 0.140 0.164 1    
398:  0.016 0.203 0.178 0.201 0.175 0.227 1    
399:  0.012 0.193 0.204 0.186 0.232 0.173 1    
400:  0.073 0.178 0.199 0.188 0.175 0.187 1    
401:  0.156 0.179 0.161 0.186 0.164 0.154 1    
402:  0.041 0.176 0.233 0.203 0.187 0.161 1    
403:  0.231 0.154 0.172 0.171 0.145 0.127 1    
404:  0.035 0.164 0.230 0.149 0.234 0.187 1    
405:  0.021 0.210 0.198 0.190 0.177 0.204 1    
406:  0.561 0.093 0.094 0.089 0.084 0.080 1    
407:  0.224 0.161 0.154 0.152 0.155 0.153 1    
408:  0.016 0.209 0.164 0.188 0.211 0.212 1    
409:  0.048 0.195 0.165 0.218 0.180 0.195 1    
410:  0.231 0.155 0.155 0.166 0.134 0.159 1    
411:  0.024 0.212 0.179 0.176 0.187 0.222 1    
412:  0.029 0.208 0.218 0.208 0.153 0.184 1    
413:  0.014 0.199 0.204 0.181 0.200 0.203 1    
414:  0.150 0.166 0.171 0.185 0.174 0.153 1    
415:  0.031 0.199 0.188 0.195 0.211 0.175 1    
416:  0.017 0.195 0.174 0.208 0.201 0.205 1    
417:  0.071 0.194 0.183 0.186 0.218 0.148 1    
418:  0.019 0.198 0.197 0.184 0.199 0.203 1    
419:  0.051 0.193 0.174 0.190 0.217 0.175 1    
420:  0.436 0.120 0.100 0.121 0.113 0.110 1    
421:  0.032 0.169 0.243 0.206 0.177 0.173 1    
422:  0.015 0.194 0.186 0.191 0.200 0.214 1    
423:  0.020 0.208 0.189 0.176 0.219 0.188 1    
424:  0.123 0.179 0.176 0.157 0.175 0.191 1    
425:  0.095 0.164 0.213 0.184 0.171 0.172 1    
426:  0.044 0.198 0.175 0.194 0.194 0.195 1    
427:  0.016 0.222 0.174 0.194 0.201 0.192 1    
428:  0.033 0.188 0.242 0.226 0.186 0.124 1    
429:  0.368 0.116 0.125 0.133 0.114 0.144 1    
430:  0.032 0.201 0.190 0.207 0.197 0.173 1    
431:  0.020 0.203 0.190 0.182 0.212 0.192 1    
432:  0.014 0.196 0.202 0.185 0.202 0.201 1    
433:  0.013 0.201 0.200 0.188 0.195 0.202 1    
434:  0.028 0.212 0.211 0.184 0.167 0.197 1    
435:  0.053 0.188 0.201 0.206 0.164 0.188 1    
436:  0.032 0.185 0.219 0.202 0.186 0.175 1    
437:  0.022 0.213 0.167 0.194 0.184 0.219 1    
438:  0.032 0.199 0.181 0.187 0.199 0.203 1    
439:  0.064 0.181 0.220 0.228 0.154 0.152 1    
440:  0.016 0.182 0.196 0.184 0.219 0.202 1    
441:  0.097 0.188 0.178 0.182 0.199 0.157 1    
442:  0.179 0.177 0.150 0.166 0.181 0.147 1    
443:  0.019 0.201 0.150 0.200 0.185 0.246 1    
444:  0.012 0.218 0.178 0.188 0.196 0.208 1    
445:  0.034 0.190 0.188 0.232 0.154 0.203 1    
446:  0.036 0.180 0.191 0.183 0.205 0.205 1    
447:  0.268 0.143 0.149 0.142 0.166 0.131 1    
448:  0.031 0.188 0.192 0.232 0.167 0.190 1    
449:  0.020 0.201 0.171 0.199 0.187 0.221 1    
450:  0.293 0.119 0.143 0.135 0.168 0.143 1    
451:  0.354 0.126 0.135 0.144 0.116 0.124 1    
452:  0.019 0.182 0.199 0.165 0.226 0.209 1    
453:  0.048 0.195 0.208 0.229 0.176 0.145 1    
454:  0.039 0.202 0.184 0.185 0.215 0.174 1    
455:  0.036 0.175 0.219 0.154 0.222 0.194 1    
456:  0.044 0.202 0.182 0.187 0.188 0.197 1    
457:  0.016 0.186 0.220 0.178 0.221 0.178 1    
458:  0.024 0.187 0.198 0.184 0.195 0.212 1    
459:  0.181 0.167 0.141 0.170 0.176 0.166 1    
460:  0.456 0.115 0.101 0.114 0.095 0.119 1    
461:  0.062 0.190 0.177 0.187 0.188 0.198 1    
462:  0.019 0.209 0.192 0.205 0.184 0.191 1    
463:  0.019 0.175 0.196 0.176 0.225 0.209 1    
464:  0.024 0.213 0.196 0.182 0.176 0.209 1    
465:  0.066 0.193 0.187 0.184 0.201 0.169 1    
466:  0.230 0.170 0.146 0.149 0.164 0.142 1    
467:  0.021 0.205 0.187 0.189 0.188 0.210 1    
468:  0.033 0.180 0.192 0.193 0.183 0.218 1    
469:  0.014 0.185 0.217 0.198 0.221 0.166 1    
470:  0.143 0.156 0.175 0.157 0.189 0.179 1    
471:  0.121 0.176 0.183 0.179 0.162 0.178 1    
472:  0.059 0.202 0.159 0.195 0.177 0.207 1    
473:  0.021 0.212 0.199 0.188 0.187 0.192 1    
474:  0.043 0.181 0.206 0.190 0.191 0.190 1    
475:  0.011 0.196 0.229 0.157 0.205 0.203 1    
476:  0.328 0.136 0.132 0.140 0.124 0.139 1    
477:  0.086 0.173 0.194 0.172 0.189 0.185 1    
478:  0.060 0.186 0.172 0.192 0.197 0.192 1    
479:  0.046 0.182 0.219 0.157 0.202 0.194 1    
480:  0.077 0.200 0.190 0.173 0.181 0.178 1    
481:  0.111 0.168 0.192 0.179 0.186 0.163 1    
482:  0.190 0.147 0.189 0.145 0.173 0.157 1    
483:  0.018 0.196 0.181 0.242 0.175 0.187 1    
484:  0.101 0.183 0.167 0.209 0.163 0.177 1    
485:  0.170 0.156 0.174 0.171 0.172 0.157 1    
486:  0.104 0.186 0.196 0.161 0.163 0.190 1    
487:  0.037 0.197 0.187 0.201 0.202 0.177 1    
488:  0.152 0.183 0.145 0.187 0.152 0.181 1    
489:  0.023 0.179 0.181 0.189 0.214 0.214 1    
490:  0.057 0.215 0.175 0.194 0.170 0.188 1    
491:  0.051 0.188 0.194 0.185 0.173 0.208 1    
492:  0.083 0.196 0.167 0.204 0.156 0.194 1    
493:  0.014 0.166 0.205 0.202 0.213 0.199 1    
494:  0.020 0.214 0.188 0.189 0.162 0.228 1    
495:  0.057 0.197 0.178 0.192 0.191 0.185 1    
496:  0.098 0.189 0.172 0.230 0.146 0.166 1    
497:  0.030 0.190 0.198 0.189 0.204 0.189 1    
498:  0.018 0.184 0.196 0.179 0.208 0.215 1    
499:  0.313 0.131 0.129 0.141 0.135 0.151 1    
500:  0.019 0.191 0.198 0.170 0.216 0.206 1    
501:  0.148 0.139 0.191 0.153 0.189 0.180 1    
502:  0.026 0.193 0.204 0.184 0.185 0.207 1    
503:  0.020 0.175 0.217 0.205 0.202 0.182 1    
504:  0.009 0.165 0.213 0.175 0.238 0.200 1    
505:  0.557 0.091 0.091 0.094 0.079 0.087 1    
506:  0.443 0.120 0.119 0.115 0.103 0.100 1    
507:  0.113 0.198 0.149 0.196 0.163 0.181 1    
508:  0.030 0.192 0.178 0.192 0.208 0.200 1    
509:  0.441 0.096 0.128 0.105 0.121 0.108 1    
510:  0.059 0.186 0.214 0.172 0.184 0.186 1    
511:  0.025 0.191 0.195 0.209 0.191 0.189 1    
512:  0.222 0.148 0.166 0.167 0.147 0.151 1    
513:  0.041 0.185 0.207 0.171 0.196 0.200 1    
514:  0.278 0.145 0.148 0.141 0.152 0.136 1    
515:  0.095 0.184 0.169 0.196 0.191 0.166 1    
516:  0.176 0.161 0.160 0.162 0.183 0.157 1    
517:  0.026 0.211 0.144 0.204 0.177 0.238 1    
518:  0.045 0.196 0.138 0.232 0.155 0.235 1    
519:  0.011 0.208 0.195 0.171 0.183 0.231 1    
520:  0.058 0.183 0.166 0.204 0.166 0.222 1    
521:  0.046 0.206 0.164 0.186 0.196 0.202 1    
522:  0.320 0.144 0.125 0.141 0.138 0.132 1    
523:  0.018 0.177 0.229 0.153 0.215 0.208 1    
524:  0.067 0.201 0.171 0.172 0.157 0.232 1    
525:  0.192 0.169 0.163 0.148 0.169 0.160 1    
526:  0.015 0.207 0.188 0.182 0.217 0.192 1    
527:  0.297 0.141 0.136 0.134 0.141 0.150 1    
528:  0.174 0.165 0.162 0.178 0.172 0.149 1    
529:  0.039 0.179 0.217 0.189 0.221 0.156 1    
530:  0.131 0.170 0.167 0.177 0.171 0.184 1    
531:  0.060 0.173 0.199 0.175 0.197 0.196 1    
532:  0.040 0.183 0.196 0.169 0.207 0.205 1    
533:  0.032 0.202 0.188 0.204 0.185 0.188 1    
534:  0.040 0.184 0.187 0.182 0.192 0.215 1    
535:  0.063 0.180 0.182 0.179 0.195 0.201 1    
536:  0.086 0.172 0.208 0.161 0.190 0.183 1    
537:  0.061 0.203 0.162 0.215 0.148 0.211 1    
538:  0.543 0.096 0.091 0.092 0.092 0.087 1    
539:  0.172 0.161 0.160 0.151 0.192 0.162 1    
540:  0.028 0.181 0.218 0.150 0.220 0.203 1    
541:  0.018 0.159 0.247 0.150 0.234 0.192 1    
542:  0.019 0.185 0.187 0.222 0.182 0.205 1    
543:  0.015 0.180 0.195 0.180 0.235 0.195 1    
544:  0.029 0.195 0.185 0.200 0.190 0.201 1    
545:  0.034 0.173 0.213 0.192 0.194 0.194 1    
546:  0.013 0.156 0.221 0.170 0.241 0.200 1    
547:  0.045 0.187 0.218 0.152 0.178 0.220 1    
548:  0.019 0.177 0.198 0.165 0.245 0.197 1    
549:  0.023 0.213 0.191 0.195 0.198 0.180 1    
550:  0.013 0.186 0.234 0.176 0.200 0.191 1    
551:  0.022 0.168 0.220 0.153 0.250 0.186 1    
552:  0.045 0.193 0.192 0.173 0.199 0.199 1    
553:  0.044 0.190 0.191 0.179 0.209 0.187 1    
554:  0.019 0.199 0.196 0.187 0.207 0.192 1    
555:  0.059 0.215 0.151 0.209 0.144 0.223 1    
556:  0.074 0.173 0.186 0.208 0.173 0.186 1    
557:  0.104 0.170 0.196 0.179 0.187 0.163 1    
558:  0.151 0.179 0.160 0.188 0.160 0.161 1    
559:  0.817 0.036 0.041 0.039 0.033 0.035 1    
560:  0.076 0.182 0.200 0.179 0.183 0.179 1    
561:  0.634 0.078 0.055 0.081 0.054 0.098 1    
562:  0.206 0.162 0.165 0.156 0.154 0.158 1    
563:  0.816 0.040 0.036 0.035 0.041 0.032 1    
564:  0.409 0.125 0.108 0.134 0.100 0.123 1    
565:  0.831 0.035 0.033 0.033 0.034 0.034 1    
566:  0.213 0.157 0.153 0.158 0.159 0.160 1    
567:  0.457 0.112 0.113 0.102 0.104 0.112 1    
568:  0.058 0.185 0.194 0.172 0.208 0.184 1    
569:  0.285 0.150 0.124 0.170 0.114 0.157 1    
570:  0.157 0.164 0.161 0.206 0.137 0.176 1    
571:  0.355 0.139 0.123 0.126 0.134 0.124 1    
572:  0.562 0.086 0.076 0.093 0.073 0.110 1    
573:  0.846 0.034 0.029 0.029 0.032 0.030 1    
574:  0.192 0.177 0.149 0.167 0.166 0.148 1    
575:  0.447 0.108 0.102 0.112 0.118 0.113 1    
576:  0.469 0.105 0.106 0.104 0.098 0.119 1    
577:  0.776 0.046 0.045 0.043 0.046 0.045 1    
578:  0.412 0.122 0.116 0.125 0.115 0.110 1    
579:  0.609 0.077 0.079 0.082 0.082 0.072 1    
580:  0.762 0.057 0.045 0.047 0.045 0.044 1    
581:  0.433 0.107 0.107 0.109 0.115 0.130 1    
582:  0.694 0.066 0.053 0.063 0.056 0.068 1    
583:  0.853 0.031 0.029 0.030 0.032 0.026 1    
584:  0.828 0.036 0.036 0.035 0.033 0.033 1    
585:  0.788 0.046 0.041 0.037 0.041 0.047 1    
586:  0.309 0.148 0.137 0.137 0.148 0.122 1    
587:  0.141 0.191 0.163 0.174 0.158 0.174 1    
588:  0.195 0.147 0.162 0.161 0.150 0.185 1    
589:  0.120 0.205 0.141 0.187 0.136 0.212 1    
590:  0.885 0.022 0.024 0.023 0.021 0.024 1    
591:  0.517 0.100 0.082 0.113 0.090 0.099 1    
592:  0.683 0.067 0.058 0.066 0.059 0.066 1    
593:  0.529 0.089 0.089 0.107 0.097 0.089 1    
594:  0.905 0.019 0.019 0.018 0.020 0.019 1    
595:  0.823 0.037 0.036 0.037 0.033 0.034 1    
596:  0.617 0.081 0.068 0.081 0.074 0.080 1    
597:  0.722 0.056 0.062 0.049 0.052 0.058 1    
598:  0.931 0.014 0.014 0.014 0.013 0.015 1    
599:  0.757 0.051 0.044 0.054 0.045 0.049 1    
600:  0.047 0.183 0.214 0.234 0.164 0.158 1    
601:  0.653 0.067 0.074 0.071 0.072 0.063 1    
602:  0.929 0.014 0.014 0.015 0.014 0.014 1    
603:  0.462 0.121 0.092 0.118 0.089 0.118 1    
604:  0.616 0.082 0.081 0.085 0.070 0.066 1    
605:  0.737 0.054 0.047 0.054 0.056 0.052 1    
606:  0.206 0.171 0.149 0.144 0.173 0.158 1    
607:  0.135 0.181 0.191 0.170 0.168 0.155 1    
608:  0.713 0.059 0.056 0.062 0.050 0.060 1    
609:  0.189 0.180 0.140 0.177 0.135 0.179 1    
610:  0.857 0.027 0.027 0.032 0.029 0.028 1    
611:  0.197 0.174 0.148 0.174 0.145 0.163 1    
612:  0.907 0.019 0.018 0.018 0.017 0.020 1    
613:  0.199 0.172 0.157 0.182 0.134 0.155 1    
614:  0.675 0.064 0.065 0.069 0.065 0.062 1    
615:  0.517 0.108 0.080 0.127 0.077 0.091 1    
616:  0.501 0.102 0.113 0.119 0.085 0.080 1    
617:  0.520 0.086 0.106 0.090 0.099 0.100 1    
618:  0.857 0.030 0.028 0.029 0.026 0.030 1    
619:  0.918 0.017 0.016 0.016 0.016 0.017 1    
620:  0.930 0.014 0.014 0.015 0.013 0.013 1    
621:  0.785 0.042 0.045 0.046 0.041 0.040 1    
622:  0.843 0.030 0.031 0.034 0.032 0.031 1    
623:  0.887 0.023 0.022 0.021 0.024 0.023 1    
624:  0.773 0.047 0.047 0.043 0.045 0.045 1    
625:  0.868 0.027 0.026 0.027 0.025 0.027 1    
626:  0.940 0.013 0.012 0.012 0.011 0.013 1    
627:  0.891 0.022 0.021 0.023 0.021 0.022 1    
628:  0.920 0.016 0.016 0.016 0.017 0.016 1    
629:  0.902 0.021 0.019 0.019 0.021 0.019 1    
630:  0.834 0.034 0.033 0.033 0.033 0.034 1    
631:  0.912 0.017 0.018 0.018 0.017 0.018 1    
632:  0.292 0.161 0.108 0.148 0.116 0.174 1    
633:  0.922 0.016 0.015 0.015 0.016 0.017 1    
634:  0.298 0.137 0.150 0.138 0.152 0.124 1    
635:  0.469 0.111 0.099 0.110 0.106 0.105 1    
636:  0.667 0.069 0.066 0.085 0.059 0.054 1    
637:  0.931 0.014 0.013 0.013 0.014 0.014 1    
638:  0.446 0.109 0.102 0.109 0.110 0.123 1    
639:  0.878 0.027 0.021 0.026 0.021 0.026 1    
640:  0.845 0.030 0.031 0.034 0.030 0.029 1    
641:  0.852 0.029 0.030 0.029 0.031 0.029 1    
642:  0.683 0.067 0.053 0.066 0.066 0.066 1    
643:  0.887 0.024 0.020 0.025 0.021 0.023 1    
644:  0.748 0.056 0.045 0.055 0.042 0.055 1    
645:  0.634 0.085 0.064 0.075 0.055 0.087 1    
646:  0.853 0.028 0.027 0.030 0.033 0.028 1    
647:  0.147 0.182 0.158 0.171 0.159 0.183 1    
648:  0.296 0.152 0.122 0.153 0.120 0.157 1    
649:  0.874 0.025 0.027 0.025 0.026 0.023 1    
650:  0.354 0.126 0.148 0.172 0.114 0.085 1    
651:  0.805 0.040 0.033 0.040 0.038 0.044 1    
652:  0.747 0.050 0.049 0.053 0.046 0.054 1    
653:  0.700 0.063 0.060 0.056 0.059 0.063 1    
654:  0.890 0.021 0.021 0.022 0.022 0.023 1    
655:  0.861 0.028 0.027 0.026 0.029 0.028 1    
656:  0.946 0.011 0.011 0.011 0.011 0.010 1    
657:  0.914 0.017 0.017 0.017 0.017 0.018 1    
658:  0.780 0.046 0.043 0.045 0.043 0.042 1    
659:  0.326 0.137 0.120 0.156 0.128 0.132 1    
660:  0.917 0.018 0.016 0.017 0.015 0.017 1    
661:  0.301 0.147 0.131 0.146 0.130 0.146 1    
662:  0.923 0.015 0.015 0.017 0.016 0.015 1    
663:  0.676 0.065 0.069 0.064 0.064 0.062 1    
664:  0.681 0.065 0.062 0.068 0.058 0.066 1    
665:  0.878 0.024 0.021 0.025 0.024 0.028 1    
666:  0.883 0.025 0.024 0.022 0.024 0.021 1    
667:  0.724 0.061 0.054 0.056 0.050 0.055 1    
668:  0.718 0.052 0.055 0.071 0.047 0.058 1    
                       
                       
1:    0.149 0.170 0.181 0.188 0.167 0.145 1    
2:    0.150 0.232 0.208 0.175 0.057 0.178 1    
3:    0.172 0.197 0.216 0.212 0.038 0.165 1    
4:    0.178 0.177 0.185 0.181 0.112 0.167 1    
5:    0.189 0.206 0.208 0.229 0.020 0.148 1    
6:    0.157 0.230 0.199 0.163 0.069 0.182 1    
7:    0.183 0.186 0.205 0.220 0.017 0.189 1    
8:    0.117 0.086 0.088 0.100 0.512 0.097 1    
9:    0.199 0.216 0.201 0.182 0.014 0.188 1    
10:   0.168 0.218 0.182 0.219 0.033 0.181 1    
11:   0.165 0.206 0.231 0.206 0.020 0.171 1    
12:   0.149 0.220 0.224 0.219 0.032 0.156 1    
13:   0.192 0.207 0.196 0.174 0.031 0.200 1    
14:   0.194 0.199 0.203 0.225 0.029 0.151 1    
15:   0.166 0.226 0.187 0.176 0.063 0.181 1    
16:   0.147 0.239 0.209 0.211 0.027 0.167 1    
17:   0.233 0.216 0.170 0.176 0.026 0.180 1    
18:   0.117 0.166 0.161 0.141 0.269 0.145 1    
19:   0.158 0.187 0.205 0.226 0.074 0.149 1    
20:   0.165 0.193 0.203 0.222 0.020 0.198 1    
21:   0.190 0.240 0.178 0.182 0.027 0.183 1    
22:   0.210 0.197 0.185 0.171 0.017 0.220 1    
23:   0.178 0.202 0.185 0.183 0.085 0.167 1    
24:   0.174 0.210 0.201 0.183 0.049 0.184 1    
25:   0.220 0.168 0.195 0.192 0.026 0.199 1    
26:   0.175 0.201 0.219 0.216 0.026 0.163 1    
27:   0.165 0.201 0.208 0.240 0.038 0.149 1    
28:   0.155 0.237 0.206 0.173 0.034 0.195 1    
29:   0.164 0.270 0.202 0.157 0.015 0.192 1    
30:   0.180 0.237 0.184 0.186 0.031 0.182 1    
31:   0.213 0.163 0.168 0.163 0.079 0.214 1    
32:   0.180 0.224 0.208 0.190 0.022 0.176 1    
33:   0.152 0.240 0.196 0.161 0.061 0.190 1    
34:   0.215 0.175 0.176 0.181 0.043 0.210 1    
35:   0.252 0.179 0.172 0.172 0.032 0.192 1    
36:   0.146 0.254 0.200 0.182 0.017 0.202 1    
37:   0.165 0.211 0.227 0.235 0.019 0.143 1    
38:   0.161 0.233 0.201 0.204 0.018 0.183 1    
39:   0.198 0.197 0.184 0.200 0.042 0.179 1    
40:   0.191 0.128 0.130 0.134 0.251 0.166 1    
41:   0.155 0.202 0.197 0.199 0.029 0.218 1    
42:   0.177 0.222 0.218 0.178 0.017 0.189 1    
43:   0.143 0.221 0.214 0.214 0.050 0.158 1    
44:   0.159 0.226 0.198 0.224 0.028 0.166 1    
45:   0.167 0.265 0.188 0.170 0.017 0.193 1    
46:   0.154 0.248 0.217 0.168 0.034 0.178 1    
47:   0.176 0.191 0.227 0.197 0.037 0.172 1    
48:   0.185 0.155 0.186 0.161 0.124 0.189 1    
49:   0.163 0.213 0.209 0.202 0.029 0.184 1    
50:   0.171 0.270 0.196 0.145 0.013 0.205 1    
51:   0.183 0.216 0.186 0.170 0.047 0.197 1    
52:   0.128 0.240 0.218 0.206 0.022 0.186 1    
53:   0.193 0.224 0.197 0.178 0.026 0.182 1    
54:   0.144 0.213 0.209 0.203 0.089 0.144 1    
55:   0.113 0.153 0.132 0.129 0.360 0.114 1    
56:   0.155 0.208 0.200 0.247 0.034 0.155 1    
57:   0.130 0.271 0.230 0.181 0.011 0.177 1    
58:   0.170 0.238 0.221 0.168 0.026 0.177 1    
59:   0.157 0.275 0.215 0.179 0.013 0.162 1    
60:   0.173 0.220 0.211 0.200 0.017 0.179 1    
61:   0.140 0.185 0.182 0.169 0.183 0.142 1    
62:   0.146 0.273 0.202 0.183 0.012 0.185 1    
63:   0.195 0.195 0.207 0.163 0.040 0.201 1    
64:   0.161 0.255 0.189 0.190 0.024 0.181 1    
65:   0.180 0.203 0.202 0.219 0.038 0.158 1    
66:   0.193 0.202 0.201 0.186 0.034 0.183 1    
67:   0.182 0.223 0.206 0.173 0.018 0.198 1    
68:   0.152 0.237 0.217 0.186 0.019 0.189 1    
69:   0.177 0.212 0.203 0.179 0.050 0.179 1    
70:   0.288 0.143 0.127 0.149 0.051 0.241 1    
71:   0.137 0.165 0.152 0.160 0.245 0.141 1    
72:   0.163 0.260 0.204 0.167 0.017 0.188 1    
73:   0.175 0.170 0.196 0.205 0.071 0.183 1    
74:   0.178 0.181 0.199 0.175 0.066 0.201 1    
75:   0.171 0.221 0.204 0.206 0.028 0.171 1    
76:   0.187 0.189 0.159 0.161 0.103 0.201 1    
77:   0.194 0.171 0.179 0.175 0.093 0.187 1    
78:   0.148 0.196 0.230 0.224 0.042 0.161 1    
79:   0.145 0.225 0.220 0.247 0.015 0.147 1    
80:   0.145 0.205 0.183 0.171 0.138 0.157 1    
81:   0.173 0.155 0.178 0.180 0.137 0.176 1    
82:   0.196 0.183 0.202 0.195 0.036 0.188 1    
83:   0.210 0.168 0.192 0.161 0.069 0.199 1    
84:   0.220 0.181 0.160 0.164 0.058 0.216 1    
85:   0.156 0.227 0.208 0.180 0.036 0.193 1    
86:   0.160 0.149 0.153 0.151 0.214 0.172 1    
87:   0.146 0.207 0.205 0.198 0.024 0.220 1    
88:   0.152 0.238 0.199 0.164 0.052 0.196 1    
89:   0.198 0.172 0.176 0.211 0.052 0.192 1    
90:   0.144 0.161 0.152 0.162 0.214 0.167 1    
91:   0.200 0.183 0.179 0.177 0.070 0.191 1    
92:   0.166 0.234 0.204 0.162 0.048 0.186 1    
93:   0.204 0.202 0.183 0.182 0.045 0.183 1    
94:   0.130 0.147 0.151 0.181 0.254 0.137 1    
95:   0.158 0.243 0.192 0.182 0.040 0.186 1    
96:   0.148 0.213 0.178 0.222 0.059 0.180 1    
97:   0.181 0.206 0.211 0.202 0.021 0.179 1    
98:   0.257 0.166 0.162 0.149 0.021 0.244 1    
99:   0.222 0.191 0.171 0.180 0.021 0.215 1    
100:  0.164 0.220 0.217 0.223 0.037 0.139 1    
101:  0.200 0.177 0.202 0.180 0.076 0.164 1    
102:  0.161 0.255 0.217 0.154 0.023 0.190 1    
103:  0.150 0.151 0.168 0.170 0.233 0.128 1    
104:  0.246 0.169 0.163 0.175 0.033 0.215 1    
105:  0.187 0.192 0.191 0.206 0.045 0.180 1    
106:  0.264 0.140 0.165 0.173 0.050 0.208 1    
107:  0.156 0.221 0.220 0.208 0.040 0.156 1    
108:  0.159 0.225 0.202 0.173 0.045 0.197 1    
109:  0.190 0.171 0.198 0.202 0.046 0.194 1    
110:  0.169 0.211 0.205 0.208 0.034 0.173 1    
111:  0.222 0.177 0.164 0.175 0.051 0.210 1    
112:  0.180 0.210 0.208 0.203 0.043 0.156 1    
113:  0.151 0.240 0.200 0.211 0.021 0.176 1    
114:  0.172 0.182 0.190 0.192 0.078 0.185 1    
115:  0.175 0.201 0.213 0.194 0.054 0.162 1    
116:  0.222 0.188 0.184 0.184 0.023 0.200 1    
117:  0.156 0.197 0.192 0.237 0.049 0.168 1    
118:  0.145 0.196 0.217 0.208 0.060 0.175 1    
119:  0.272 0.123 0.136 0.159 0.040 0.271 1    
120:  0.155 0.145 0.153 0.148 0.251 0.148 1    
121:  0.161 0.193 0.200 0.219 0.050 0.176 1    
122:  0.249 0.156 0.160 0.153 0.041 0.241 1    
123:  0.211 0.194 0.181 0.182 0.021 0.210 1    
124:  0.179 0.220 0.208 0.179 0.024 0.190 1    
125:  0.268 0.132 0.138 0.150 0.081 0.231 1    
126:  0.173 0.242 0.201 0.164 0.021 0.199 1    
127:  0.199 0.194 0.211 0.199 0.038 0.158 1    
128:  0.217 0.186 0.198 0.191 0.024 0.184 1    
129:  0.149 0.127 0.148 0.165 0.256 0.155 1    
130:  0.218 0.129 0.167 0.169 0.087 0.230 1    
131:  0.175 0.206 0.207 0.194 0.039 0.179 1    
132:  0.195 0.193 0.198 0.191 0.025 0.198 1    
133:  0.199 0.167 0.177 0.205 0.021 0.232 1    
134:  0.161 0.215 0.205 0.196 0.046 0.177 1    
135:  0.079 0.088 0.093 0.095 0.560 0.085 1    
136:  0.211 0.178 0.183 0.167 0.051 0.210 1    
137:  0.134 0.172 0.186 0.182 0.188 0.138 1    
138:  0.148 0.236 0.197 0.197 0.029 0.193 1    
139:  0.192 0.182 0.199 0.203 0.043 0.181 1    
140:  0.172 0.183 0.196 0.238 0.055 0.155 1    
141:  0.157 0.171 0.204 0.193 0.099 0.176 1    
142:  0.233 0.158 0.167 0.174 0.078 0.190 1    
143:  0.162 0.209 0.200 0.212 0.057 0.160 1    
144:  0.179 0.234 0.197 0.164 0.023 0.202 1    
145:  0.161 0.246 0.203 0.175 0.018 0.197 1    
146:  0.179 0.168 0.211 0.205 0.061 0.176 1    
147:  0.162 0.244 0.204 0.186 0.023 0.181 1    
148:  0.185 0.181 0.226 0.197 0.026 0.186 1    
149:  0.173 0.183 0.200 0.212 0.054 0.179 1    
150:  0.188 0.142 0.182 0.177 0.146 0.165 1    
151:  0.214 0.165 0.168 0.197 0.061 0.195 1    
152:  0.209 0.176 0.194 0.194 0.048 0.179 1    
153:  0.175 0.175 0.201 0.222 0.040 0.188 1    
154:  0.308 0.156 0.120 0.160 0.017 0.241 1    
155:  0.199 0.176 0.188 0.189 0.062 0.186 1    
156:  0.188 0.189 0.185 0.223 0.048 0.166 1    
157:  0.185 0.197 0.194 0.200 0.039 0.186 1    
158:  0.153 0.154 0.158 0.177 0.150 0.208 1    
159:  0.191 0.221 0.188 0.175 0.039 0.186 1    
160:  0.231 0.176 0.182 0.185 0.031 0.195 1    
161:  0.182 0.153 0.145 0.157 0.197 0.165 1    
162:  0.191 0.179 0.192 0.211 0.033 0.195 1    
163:  0.165 0.185 0.186 0.185 0.086 0.193 1    
164:  0.224 0.161 0.162 0.161 0.047 0.245 1    
