  1:   0.1698  0.1624  0.1674  0.1646  0.1796  0.1562  1
  2:   0.2178  0.0536  0.1786  0.2078  0.1848  0.1576  1
  3:   0.1977  0.0350  0.1827  0.1959  0.2093  0.1795  1
  4:   0.1905  0.1130  0.1679  0.1805  0.1747  0.1733  1
  5:   0.1885  0.0184  0.1923  0.1901  0.2256  0.1851  1
  6:   0.2070  0.0656  0.1850  0.2078  0.1736  0.1612  1
  7:   0.2118  0.0162  0.1934  0.1788  0.2070  0.1930  1
  8:   0.0934  0.5234  0.0924  0.0920  0.0936  0.1050  1
  9:   0.2077  0.0132  0.1817  0.2089  0.2003  0.1881  1
 10:   0.2253  0.0308  0.1935  0.1837  0.1869  0.1799  1
 11:   0.2042  0.0182  0.1924  0.2030  0.2078  0.1742  1
 12:   0.2068  0.0290  0.1824  0.2022  0.2096  0.1698  1
 13:   0.2087  0.0292  0.1845  0.2027  0.1841  0.1907  1
 14:   0.2007  0.0274  0.1685  0.2081  0.2169  0.1783  1
 15:   0.2028  0.0622  0.1782  0.2014  0.1880  0.1672  1
 16:   0.2435  0.0258  0.1680  0.1936  0.2060  0.1630  1
 17:   0.2010  0.0242  0.1734  0.2086  0.1844  0.2085  1
 18:   0.1606  0.2635  0.1428  0.1630  0.1474  0.1226  1
 19:   0.1741  0.0694  0.1817  0.1781  0.2229  0.1739  1
 20:   0.2201  0.0182  0.1913  0.1821  0.2033  0.1849  1
 21:   0.2186  0.0260  0.1797  0.1962  0.1914  0.1881  1
 22:   0.1971  0.0150  0.2095  0.1953  0.1791  0.2039  1
 23:   0.1948  0.0804  0.1730  0.1916  0.1866  0.1734  1
 24:   0.2102  0.0466  0.1778  0.2036  0.1850  0.1766  1
 25:   0.1874  0.0250  0.2018  0.1960  0.1914  0.1984  1
 26:   0.1900  0.0244  0.1848  0.2028  0.2200  0.1778  1
 27:   0.1860  0.0348  0.1880  0.1896  0.2258  0.1757  1
 28:   0.2175  0.0312  0.1837  0.2095  0.1905  0.1677  1
 29:   0.2331  0.0140  0.1731  0.2225  0.1905  0.1669  1
 30:   0.2176  0.0290  0.1812  0.1986  0.1926  0.1810  1
 31:   0.1762  0.0690  0.2026  0.1798  0.1706  0.2016  1
 32:   0.2144  0.0206  0.1870  0.2102  0.1948  0.1728  1
 33:   0.2128  0.0586  0.1798  0.2142  0.1792  0.1554  1
 34:   0.1816  0.0394  0.2020  0.1878  0.1816  0.2078  1
 35:   0.1870  0.0302  0.1870  0.1900  0.1864  0.2194  1
 36:   0.2241  0.0156  0.1856  0.2192  0.1970  0.1586  1
 37:   0.1696  0.0178  0.1910  0.1994  0.2419  0.1804  1
 38:   0.2126  0.0168  0.1874  0.1976  0.2046  0.1810  1
 39:   0.2027  0.0392  0.1769  0.1965  0.1981  0.1865  1
 40:   0.1414  0.2472  0.1550  0.1404  0.1342  0.1816  1
 41:   0.2239  0.0268  0.1911  0.1807  0.2013  0.1763  1
 42:   0.2210  0.0160  0.1834  0.2086  0.1844  0.1868  1
 43:   0.1875  0.0490  0.1863  0.1777  0.2245  0.1749  1
 44:   0.2114  0.0264  0.1818  0.2008  0.2086  0.1710  1
 45:   0.2287  0.0158  0.1718  0.2182  0.1970  0.1686  1
 46:   0.2232  0.0332  0.1716  0.2264  0.1838  0.1618  1
 47:   0.1870  0.0356  0.1920  0.2066  0.2074  0.1714  1
 48:   0.1720  0.1216  0.1838  0.1844  0.1664  0.1718  1
 49:   0.2038  0.0274  0.1914  0.2060  0.1970  0.1744  1
 50:   0.2285  0.0120  0.1775  0.2283  0.1863  0.1675  1
 51:   0.2068  0.0462  0.1752  0.2080  0.1864  0.1774  1
 52:   0.2354  0.0200  0.1872  0.1886  0.2072  0.1618  1
 53:   0.2102  0.0244  0.1868  0.2042  0.1906  0.1840  1
 54:   0.1914  0.0844  0.1768  0.1873  0.2004  0.1598  1
 55:   0.1413  0.3664  0.1209  0.1311  0.1277  0.1125  1
 56:   0.2145  0.0296  0.1893  0.1727  0.2185  0.1754  1
 57:   0.2324  0.0102  0.1846  0.2393  0.1886  0.1448  1
 58:   0.2020  0.0254  0.1826  0.2318  0.1918  0.1666  1
 59:   0.2285  0.0120  0.1753  0.2331  0.1919  0.1591  1
 60:   0.2034  0.0164  0.1898  0.2038  0.2090  0.1774  1
 61:   0.1822  0.1816  0.1532  0.1748  0.1654  0.1430  1
 62:   0.2307  0.0116  0.1781  0.2221  0.2003  0.1571  1
 63:   0.1968  0.0372  0.2038  0.2074  0.1750  0.1800  1
 64:   0.2470  0.0216  0.1670  0.1946  0.1980  0.1720  1
 65:   0.1740  0.0348  0.1866  0.1898  0.2260  0.1886  1
 66:   0.2053  0.0314  0.1853  0.1977  0.1905  0.1899  1
 67:   0.2186  0.0168  0.1876  0.2098  0.1896  0.1778  1
 68:   0.2140  0.0174  0.1928  0.2112  0.1982  0.1662  1
 69:   0.1897  0.0478  0.1879  0.2183  0.1835  0.1727  1
 70:   0.1628  0.0490  0.2170  0.1622  0.1500  0.2588  1
 71:   0.1773  0.2381  0.1381  0.1557  0.1547  0.1361  1
 72:   0.2334  0.0160  0.1722  0.2216  0.1936  0.1632  1
 73:   0.1736  0.0702  0.1880  0.1890  0.1966  0.1826  1
 74:   0.1917  0.0632  0.1901  0.1929  0.1797  0.1823  1
 75:   0.2052  0.0278  0.1892  0.1898  0.2058  0.1824  1
 76:   0.1951  0.1047  0.1747  0.1663  0.1655  0.1937  1
 77:   0.1782  0.0874  0.1878  0.1854  0.1718  0.1892  1
 78:   0.1685  0.0392  0.1814  0.2064  0.2376  0.1669  1
 79:   0.2113  0.0140  0.1833  0.1837  0.2339  0.1739  1
 80:   0.1890  0.1338  0.1688  0.1794  0.1716  0.1574  1
 81:   0.1590  0.1370  0.1684  0.1768  0.1818  0.1768  1
 82:   0.1811  0.0342  0.1823  0.2073  0.2049  0.1903  1
 83:   0.1918  0.0640  0.1850  0.1800  0.1706  0.2086  1
 84:   0.1902  0.0580  0.1978  0.1780  0.1672  0.2088  1
 85:   0.2064  0.0340  0.1936  0.2237  0.1834  0.1588  1
 86:   0.1577  0.2111  0.1689  0.1529  0.1539  0.1555  1
 87:   0.2084  0.0214  0.2142  0.1980  0.1912  0.1666  1
 88:   0.2126  0.0494  0.1832  0.2122  0.1852  0.1574  1
 89:   0.1932  0.0486  0.1910  0.1766  0.1878  0.2030  1
 90:   0.1647  0.2189  0.1497  0.1537  0.1583  0.1545  1
 91:   0.1928  0.0652  0.1874  0.1818  0.1798  0.1932  1
 92:   0.2208  0.0444  0.1804  0.2070  0.1814  0.1660  1
 93:   0.2000  0.0420  0.1786  0.2028  0.1898  0.1868  1
 94:   0.1676  0.2577  0.1338  0.1422  0.1602  0.1384  1
 95:   0.2332  0.0372  0.1798  0.2026  0.1886  0.1586  1
 96:   0.2474  0.0568  0.1698  0.1700  0.1929  0.1632  1
 97:   0.2063  0.0196  0.1993  0.1969  0.1997  0.1781  1
 98:   0.1743  0.0200  0.2200  0.1920  0.1625  0.2312  1
 99:   0.2104  0.0202  0.1992  0.1742  0.1788  0.2173  1
100:   0.1669  0.0336  0.1843  0.2181  0.2291  0.1679  1
101:   0.1670  0.0680  0.1648  0.2084  0.2034  0.1884  1
102:   0.2233  0.0208  0.1862  0.2338  0.1806  0.1554  1
103:   0.1315  0.2225  0.1473  0.1763  0.1821  0.1401  1
104:   0.1828  0.0302  0.1956  0.1906  0.1838  0.2172  1
105:   0.2091  0.0408  0.1797  0.1863  0.1989  0.1851  1
106:   0.1693  0.0472  0.1937  0.1771  0.1677  0.2449  1
107:   0.1736  0.0382  0.1790  0.2222  0.2236  0.1636  1
108:   0.2214  0.0406  0.1882  0.2166  0.1828  0.1506  1
109:   0.1778  0.0434  0.2022  0.1902  0.1992  0.1872  1
110:   0.2032  0.0312  0.1888  0.1856  0.2058  0.1856  1
111:   0.1836  0.0494  0.1990  0.1798  0.1802  0.2080  1
112:   0.1722  0.0396  0.1778  0.2168  0.2202  0.1734  1
113:   0.2242  0.0198  0.1832  0.2016  0.2024  0.1690  1
114:   0.1995  0.0724  0.1813  0.1849  0.1937  0.1683  1
115:   0.1855  0.0510  0.1811  0.2004  0.2018  0.1801  1
116:   0.1906  0.0204  0.1968  0.2006  0.1916  0.2002  1
117:   0.1965  0.0450  0.1847  0.1799  0.2193  0.1747  1
118:   0.1938  0.0566  0.1798  0.1956  0.2010  0.1734  1
119:   0.1488  0.0366  0.2328  0.1648  0.1474  0.2696  1
120:   0.1513  0.2423  0.1547  0.1435  0.1479  0.1605  1
121:   0.1818  0.0470  0.1982  0.1778  0.2044  0.1910  1
122:   0.1676  0.0374  0.2166  0.1856  0.1538  0.2388  1
123:   0.1839  0.0206  0.1995  0.2027  0.1925  0.2009  1
124:   0.2058  0.0222  0.1988  0.2100  0.1860  0.1770  1
125:   0.1466  0.0796  0.2040  0.1608  0.1590  0.2500  1
126:   0.2124  0.0202  0.1967  0.2208  0.1824  0.1676  1
127:   0.1882  0.0360  0.1742  0.2114  0.2034  0.1866  1
128:   0.1815  0.0222  0.1881  0.1973  0.2001  0.2109  1
129:   0.1468  0.2576  0.1584  0.1360  0.1454  0.1558  1
130:   0.1604  0.0824  0.2080  0.1682  0.1624  0.2185  1
131:   0.2028  0.0388  0.1820  0.2050  0.1946  0.1770  1
132:   0.1990  0.0228  0.1952  0.1906  0.1982  0.1944  1
133:   0.1794  0.0194  0.2250  0.1744  0.1784  0.2234  1
134:   0.2204  0.0420  0.1820  0.1906  0.1940  0.1710  1
135:   0.0828  0.5727  0.0854  0.0816  0.0902  0.0872  1
136:   0.1860  0.0454  0.1954  0.1938  0.1770  0.2022  1
137:   0.1547  0.1869  0.1607  0.1581  0.1895  0.1499  1
138:   0.2144  0.0266  0.1908  0.2014  0.1960  0.1710  1
139:   0.1774  0.0394  0.1898  0.1938  0.2054  0.1944  1
140:   0.1951  0.0516  0.1823  0.1843  0.2109  0.1757  1
141:   0.1796  0.0924  0.2080  0.1710  0.1846  0.1642  1
142:   0.1694  0.0740  0.1816  0.1900  0.1854  0.1996  1
143:   0.1774  0.0522  0.1934  0.1844  0.2176  0.1750  1
144:   0.2178  0.0220  0.1831  0.2178  0.1857  0.1735  1
145:   0.2158  0.0170  0.1944  0.2302  0.1840  0.1586  1
146:   0.1666  0.0592  0.1784  0.2094  0.2120  0.1746  1
147:   0.2155  0.0218  0.1867  0.2209  0.1891  0.1659  1
148:   0.1864  0.0224  0.1870  0.2100  0.2094  0.1850  1
149:   0.1829  0.0502  0.1901  0.1805  0.2021  0.1941  1
150:   0.1561  0.1397  0.1639  0.1795  0.1889  0.1719  1
151:   0.1884  0.0568  0.1876  0.1820  0.1918  0.1934  1
152:   0.1702  0.0464  0.1812  0.2020  0.1996  0.2006  1
153:   0.1986  0.0378  0.1940  0.1786  0.2116  0.1792  1
154:   0.1688  0.0168  0.2051  0.1670  0.1637  0.2787  1
155:   0.1864  0.0576  0.1820  0.1888  0.1874  0.1976  1
156:   0.1996  0.0452  0.1880  0.1806  0.2029  0.1836  1
157:   0.1951  0.0364  0.1887  0.1903  0.1987  0.1907  1
158:   0.1726  0.1422  0.1792  0.1556  0.1738  0.1766  1
159:   0.2092  0.0382  0.1806  0.2076  0.1874  0.1770  1
160:   0.1884  0.0288  0.1922  0.1912  0.1882  0.2114  1
161:   0.1558  0.1968  0.1540  0.1548  0.1548  0.1840  1
162:   0.1897  0.0316  0.1995  0.1825  0.1979  0.1989  1
163:   0.1895  0.0837  0.1807  0.1821  0.1831  0.1809  1
164:   0.1806  0.0434  0.2216  0.1796  0.1694  0.2056  1
165:   0.2067  0.0290  0.1917  0.1913  0.1857  0.1955  1
166:   0.1858  0.0520  0.1854  0.1962  0.2032  0.1772  1
167:   0.1906  0.0320  0.2046  0.1930  0.1686  0.2114  1
168:   0.1679  0.1841  0.1619  0.1753  0.1639  0.1467  1
169:   0.1567  0.0362  0.2125  0.1637  0.1553  0.2757  1
170:   0.1966  0.0186  0.1956  0.1824  0.1812  0.2256  1
171:   0.2184  0.0266  0.1914  0.2048  0.1826  0.1762  1
172:   0.2095  0.0274  0.1971  0.2137  0.1741  0.1781  1
173:   0.1796  0.0536  0.1822  0.2026  0.2000  0.1818  1
174:   0.2054  0.0414  0.1782  0.2024  0.1880  0.1846  1
175:   0.1642  0.0376  0.2142  0.1799  0.1600  0.2442  1
176:   0.2018  0.0671  0.1787  0.1801  0.1964  0.1759  1
177:   0.1844  0.1110  0.1854  0.1840  0.1722  0.1628  1
178:   0.1946  0.0360  0.1872  0.1876  0.2022  0.1924  1
179:   0.2080  0.0346  0.1836  0.1916  0.2094  0.1726  1
180:   0.1825  0.0084  0.2139  0.1771  0.1977  0.2205  1
181:   0.1920  0.0692  0.1964  0.1870  0.1848  0.1704  1
182:   0.1406  0.2707  0.1474  0.1474  0.1524  0.1414  1
183:   0.1485  0.1421  0.1853  0.1507  0.1507  0.2225  1
184:   0.1548  0.0608  0.2088  0.1638  0.1592  0.2527  1
185:   0.1966  0.0661  0.1829  0.1797  0.1856  0.1890  1
186:   0.1735  0.0330  0.2041  0.1653  0.1609  0.2633  1
187:   0.1614  0.0218  0.2144  0.1662  0.1560  0.2803  1
188:   0.1558  0.0250  0.2148  0.1660  0.1592  0.2794  1
189:   0.2048  0.0358  0.1904  0.1936  0.2042  0.1712  1
190:   0.1554  0.0402  0.2146  0.1662  0.1472  0.2762  1
191:   0.2193  0.0246  0.1917  0.2073  0.1847  0.1725  1
192:   0.0690  0.6498  0.0702  0.0702  0.0700  0.0708  1
193:   0.0860  0.5689  0.0848  0.0834  0.0866  0.0904  1
194:   0.1404  0.1538  0.1806  0.1530  0.1374  0.2346  1
195:   0.1664  0.0684  0.2054  0.1552  0.1744  0.2302  1
196:   0.1950  0.0210  0.2080  0.1946  0.1982  0.1832  1
197:   0.1970  0.1018  0.1618  0.1934  0.1844  0.1614  1
198:   0.2053  0.0284  0.1901  0.2059  0.1951  0.1753  1
199:   0.1889  0.0958  0.1911  0.1819  0.1813  0.1609  1
200:   0.1766  0.0766  0.1868  0.1788  0.1886  0.1926  1
201:   0.1688  0.1658  0.1686  0.1698  0.1654  0.1618  1
202:   0.2325  0.0110  0.1857  0.2101  0.1843  0.1763  1
203:   0.1578  0.0678  0.1746  0.1982  0.2215  0.1800  1
204:   0.1876  0.0172  0.2144  0.1716  0.1886  0.2204  1
205:   0.2115  0.0162  0.1983  0.2041  0.1935  0.1763  1
206:   0.2069  0.0322  0.1909  0.1967  0.1915  0.1817  1
207:   0.1882  0.0254  0.2200  0.1746  0.1976  0.1940  1
208:   0.1855  0.0150  0.2231  0.1875  0.1827  0.2061  1
209:   0.1428  0.2731  0.1486  0.1436  0.1420  0.1498  1
210:   0.1926  0.0270  0.2040  0.1852  0.2112  0.1800  1
211:   0.1811  0.0344  0.2125  0.1893  0.1839  0.1987  1
212:   0.1548  0.1058  0.2032  0.1678  0.1558  0.2128  1
213:   0.1662  0.0436  0.1810  0.2078  0.2146  0.1869  1
214:   0.1816  0.0546  0.1792  0.1802  0.2244  0.1799  1
215:   0.1828  0.0618  0.2022  0.1594  0.1892  0.2046  1
216:   0.1660  0.0412  0.2155  0.1815  0.1705  0.2253  1
217:   0.1751  0.0348  0.1941  0.1839  0.2359  0.1763  1
218:   0.1837  0.0226  0.2257  0.1685  0.1867  0.2127  1
219:   0.2002  0.0168  0.2094  0.1970  0.1904  0.1862  1
220:   0.1748  0.0940  0.1778  0.1822  0.1806  0.1904  1
221:   0.2057  0.0638  0.1709  0.1925  0.1971  0.1701  1
222:   0.1754  0.0924  0.1946  0.1836  0.1766  0.1774  1
223:   0.1260  0.3467  0.1318  0.1280  0.1326  0.1350  1
224:   0.2037  0.0432  0.1853  0.2081  0.1947  0.1649  1
225:   0.2020  0.0242  0.1974  0.2130  0.1894  0.1740  1
226:   0.2059  0.0242  0.1863  0.2239  0.1921  0.1677  1
227:   0.1661  0.1103  0.1825  0.1693  0.1537  0.2181  1
228:   0.1690  0.0540  0.2036  0.1762  0.1790  0.2184  1
229:   0.1964  0.0190  0.2084  0.1934  0.1990  0.1838  1
230:   0.1530  0.0402  0.1992  0.2010  0.1714  0.2352  1
231:   0.2176  0.0172  0.1814  0.2151  0.1908  0.1778  1
232:   0.1909  0.0248  0.1965  0.1885  0.1947  0.2047  1
233:   0.2016  0.0478  0.1966  0.1960  0.1938  0.1644  1
234:   0.1837  0.0242  0.2093  0.1709  0.1811  0.2309  1
235:   0.2200  0.0180  0.1970  0.2188  0.1860  0.1600  1
236:   0.1938  0.0188  0.2000  0.1856  0.2230  0.1790  1
237:   0.2099  0.0308  0.1961  0.2261  0.1835  0.1537  1
238:   0.1961  0.0682  0.1815  0.1871  0.1825  0.1847  1
239:   0.2284  0.0084  0.1794  0.2234  0.1986  0.1618  1
240:   0.1532  0.2320  0.1642  0.1470  0.1584  0.1450  1
241:   0.2010  0.0222  0.2024  0.1806  0.2006  0.1932  1
242:   0.1905  0.0614  0.1761  0.2035  0.1937  0.1749  1
243:   0.2098  0.0234  0.1894  0.2196  0.1922  0.1656  1
244:   0.1930  0.0476  0.2016  0.1868  0.1948  0.1760  1
245:   0.1933  0.0208  0.2143  0.2001  0.1691  0.2025  1
246:   0.2321  0.0110  0.1793  0.2097  0.1977  0.1701  1
247:   0.1805  0.0748  0.1987  0.1891  0.1881  0.1689  1
248:   0.1932  0.0724  0.1756  0.1974  0.1966  0.1646  1
249:   0.1582  0.1860  0.1608  0.1506  0.1430  0.2014  1
250:   0.1641  0.0282  0.1909  0.2072  0.1928  0.2168  1
251:   0.1606  0.0288  0.1864  0.2004  0.1880  0.2358  1
252:   0.1908  0.0140  0.1956  0.2164  0.2044  0.1788  1
253:   0.1475  0.2677  0.1471  0.1407  0.1533  0.1435  1
254:   0.0418  0.7631  0.0514  0.0426  0.0424  0.0588  1
255:   0.2024  0.0736  0.1794  0.1838  0.1798  0.1808  1
256:   0.1519  0.0286  0.2135  0.1705  0.1523  0.2832  1
257:   0.1714  0.0936  0.1738  0.1790  0.1862  0.1958  1
258:   0.2168  0.0402  0.1808  0.2060  0.1798  0.1766  1
259:   0.1993  0.0408  0.1849  0.1955  0.2155  0.1639  1
260:   0.1932  0.0100  0.2074  0.2100  0.2068  0.1724  1
261:   0.1786  0.0202  0.2218  0.1848  0.1834  0.2112  1
262:   0.1830  0.0234  0.2018  0.1814  0.1970  0.2133  1
263:   0.1817  0.0658  0.2041  0.1947  0.1785  0.1751  1
264:   0.2072  0.0214  0.1912  0.2148  0.2012  0.1640  1
265:   0.1611  0.1815  0.1565  0.1667  0.1737  0.1603  1
266:   0.2072  0.0274  0.1940  0.2110  0.1904  0.1702  1
267:   0.1858  0.0318  0.1904  0.2030  0.1994  0.1898  1
268:   0.1709  0.0312  0.1905  0.2035  0.2209  0.1831  1
269:   0.1807  0.0574  0.1981  0.1957  0.1901  0.1779  1
270:   0.1196  0.3361  0.1453  0.1020  0.1120  0.1849  1
271:   0.1686  0.0296  0.1834  0.2044  0.2150  0.1990  1
272:   0.1849  0.0260  0.1945  0.1859  0.1779  0.2309  1
273:   0.1812  0.0156  0.1992  0.2050  0.2194  0.1798  1
274:   0.2280  0.0154  0.1726  0.2286  0.1854  0.1700  1
275:   0.1700  0.0386  0.1818  0.2128  0.2066  0.1904  1
276:   0.1837  0.0270  0.1855  0.2097  0.2081  0.1859  1
277:   0.1512  0.0770  0.2094  0.1676  0.1530  0.2417  1
278:   0.1732  0.0676  0.1770  0.1882  0.2188  0.1750  1
279:   0.2256  0.0110  0.2034  0.1764  0.1968  0.1867  1
280:   0.2160  0.0224  0.1784  0.2222  0.1908  0.1702  1
281:   0.1607  0.1389  0.1679  0.1773  0.1765  0.1785  1
282:   0.2083  0.0262  0.1968  0.2066  0.1936  0.1684  1
283:   0.1702  0.0138  0.2196  0.1748  0.1774  0.2442  1
284:   0.1572  0.0180  0.2290  0.1696  0.1604  0.2656  1
285:   0.1987  0.0372  0.1957  0.2057  0.1899  0.1727  1
286:   0.1466  0.2362  0.1534  0.1594  0.1488  0.1554  1
287:   0.2209  0.0306  0.1747  0.2019  0.1947  0.1773  1
288:   0.1974  0.0204  0.1914  0.1880  0.2116  0.1912  1
289:   0.1825  0.0368  0.2004  0.1903  0.1954  0.1946  1
290:   0.1991  0.0224  0.2099  0.1921  0.2051  0.1713  1
291:   0.1802  0.0448  0.2150  0.1662  0.1918  0.2018  1
292:   0.1416  0.0364  0.2182  0.1668  0.1482  0.2886  1
293:   0.1903  0.0254  0.1981  0.1755  0.2293  0.1813  1
294:   0.2035  0.0238  0.1963  0.1803  0.1809  0.2153  1
295:   0.2004  0.0390  0.2006  0.1628  0.2026  0.1948  1
296:   0.1508  0.1434  0.1706  0.1830  0.1754  0.1766  1
297:   0.2081  0.0414  0.1825  0.2061  0.1931  0.1689  1
298:   0.2032  0.0136  0.1832  0.2144  0.1996  0.1862  1
299:   0.1722  0.0468  0.1996  0.1912  0.1984  0.1920  1
300:   0.1743  0.1363  0.1893  0.1627  0.1583  0.1789  1
301:   0.1564  0.2316  0.1600  0.1450  0.1586  0.1484  1
302:   0.1916  0.0440  0.1944  0.1840  0.1782  0.2078  1
303:   0.2080  0.0442  0.1874  0.2072  0.1874  0.1658  1
304:   0.2195  0.0372  0.1904  0.2202  0.1790  0.1536  1
305:   0.1941  0.0272  0.1933  0.1945  0.1843  0.2065  1
306:   0.1646  0.0660  0.1744  0.2132  0.2111  0.1706  1
307:   0.1960  0.0196  0.2108  0.1874  0.1728  0.2136  1
308:   0.2141  0.0432  0.1731  0.2011  0.1943  0.1743  1
309:   0.2200  0.0420  0.1818  0.1960  0.1906  0.1696  1
310:   0.1572  0.0414  0.2102  0.1482  0.1388  0.3043  1
311:   0.2034  0.0294  0.1840  0.1968  0.1920  0.1944  1
312:   0.2006  0.0424  0.1890  0.1982  0.1946  0.1752  1
313:   0.2219  0.0240  0.1823  0.1963  0.1895  0.1859  1
314:   0.2214  0.0290  0.1790  0.2228  0.1850  0.1626  1
315:   0.1824  0.0180  0.2146  0.1838  0.1882  0.2132  1
316:   0.1294  0.3552  0.1250  0.1316  0.1256  0.1332  1
317:   0.1822  0.0358  0.2088  0.1832  0.1680  0.2220  1
318:   0.1934  0.0238  0.1882  0.1946  0.2090  0.1908  1
319:   0.2271  0.0310  0.1797  0.1893  0.2025  0.1703  1
320:   0.1912  0.0324  0.1910  0.2028  0.1992  0.1832  1
321:   0.1176  0.4301  0.1188  0.1120  0.1124  0.1090  1
322:   0.1913  0.0508  0.1843  0.1793  0.1841  0.2101  1
323:   0.2196  0.0426  0.1672  0.2022  0.1946  0.1738  1
324:   0.1644  0.0386  0.2296  0.1796  0.1694  0.2184  1
325:   0.1981  0.0172  0.1875  0.2097  0.2049  0.1827  1
326:   0.1582  0.0176  0.1948  0.2126  0.1870  0.2297  1
327:   0.1537  0.1359  0.1731  0.1643  0.1899  0.1833  1
328:   0.1876  0.0114  0.2086  0.1932  0.1890  0.2100  1
329:   0.2090  0.0322  0.1910  0.1700  0.2138  0.1840  1
330:   0.1789  0.1096  0.1833  0.1725  0.1751  0.1805  1
331:   0.1974  0.0450  0.1868  0.1980  0.1944  0.1784  1
332:   0.1880  0.0172  0.1966  0.1906  0.1948  0.2128  1
333:   0.2030  0.0210  0.1894  0.1860  0.2028  0.1980  1
334:   0.1794  0.0280  0.2198  0.1718  0.1678  0.2332  1
335:   0.1504  0.2050  0.1610  0.1524  0.1688  0.1624  1
336:   0.1749  0.0756  0.1751  0.2033  0.1905  0.1805  1
337:   0.1564  0.0118  0.2228  0.1564  0.1444  0.3081  1
338:   0.2011  0.0170  0.2084  0.1884  0.2080  0.1772  1
339:   0.1519  0.0366  0.2141  0.1529  0.1334  0.3111  1
340:   0.1256  0.3182  0.1466  0.1274  0.1246  0.1576  1
341:   0.1730  0.1046  0.1842  0.1772  0.1768  0.1844  1
342:   0.1868  0.0282  0.1990  0.1886  0.1782  0.2194  1
343:   0.1652  0.0226  0.1832  0.2138  0.2060  0.2092  1
344:   0.1712  0.0428  0.1908  0.1906  0.1904  0.2142  1
345:   0.1757  0.0198  0.1877  0.2123  0.2191  0.1853  1
346:   0.2167  0.0314  0.1917  0.1927  0.1919  0.1757  1
347:   0.1507  0.0242  0.1777  0.2275  0.2225  0.1975  1
348:   0.1932  0.0480  0.2054  0.1886  0.1828  0.1818  1
349:   0.1902  0.0522  0.1930  0.1938  0.1966  0.1740  1
350:   0.1673  0.1711  0.1703  0.1565  0.1703  0.1647  1
351:   0.2049  0.0640  0.1835  0.1761  0.1925  0.1791  1
352:   0.2120  0.0160  0.1970  0.1948  0.2036  0.1766  1
353:   0.0652  0.6197  0.0704  0.0840  0.0878  0.0728  1
354:   0.2099  0.0232  0.1861  0.2105  0.1999  0.1705  1
355:   0.1906  0.0190  0.2106  0.1778  0.2072  0.1946  1
356:   0.1798  0.0584  0.1918  0.1846  0.1918  0.1938  1
357:   0.1677  0.0374  0.1925  0.1859  0.2253  0.1911  1
358:   0.1725  0.0258  0.1903  0.1999  0.2169  0.1945  1
359:   0.1844  0.0836  0.1840  0.1856  0.1964  0.1660  1
360:   0.1666  0.0528  0.1780  0.1936  0.2312  0.1778  1
361:   0.1982  0.0318  0.1956  0.1892  0.2052  0.1802  1
362:   0.1468  0.2264  0.1522  0.1478  0.1552  0.1716  1
363:   0.1582  0.1302  0.1750  0.1724  0.1720  0.1922  1
364:   0.1754  0.0576  0.1938  0.1746  0.1944  0.2044  1
365:   0.1536  0.1950  0.1626  0.1600  0.1598  0.1688  1
366:   0.2008  0.0665  0.1733  0.1855  0.2032  0.1707  1
367:   0.0574  0.6747  0.0672  0.0644  0.0578  0.0786  1
368:   0.1816  0.0256  0.1932  0.1894  0.1870  0.2231  1
369:   0.2042  0.0254  0.1948  0.1936  0.1796  0.2024  1
370:   0.1586  0.0544  0.1700  0.2062  0.2270  0.1838  1
371:   0.1804  0.1068  0.1712  0.1976  0.1772  0.1668  1
372:   0.2088  0.0326  0.1849  0.2114  0.1833  0.1791  1
373:   0.1692  0.1308  0.1742  0.1678  0.1952  0.1626  1
374:   0.1844  0.0486  0.1976  0.1838  0.2062  0.1796  1
375:   0.2216  0.0827  0.1781  0.1603  0.1919  0.1654  1
376:   0.1649  0.0832  0.1931  0.1765  0.1969  0.1855  1
377:   0.1722  0.0292  0.1944  0.1950  0.2265  0.1828  1
378:   0.1842  0.0230  0.2006  0.1864  0.1772  0.2286  1
379:   0.2068  0.0656  0.1806  0.1766  0.1914  0.1790  1
380:   0.1719  0.0658  0.1957  0.1661  0.2023  0.1983  1
381:   0.2177  0.0340  0.1863  0.1889  0.1997  0.1735  1
382:   0.2126  0.0246  0.1784  0.2056  0.2096  0.1692  1
383:   0.2116  0.0456  0.1806  0.1814  0.2000  0.1808  1
384:   0.2040  0.0126  0.1964  0.2074  0.2002  0.1794  1
385:   0.1850  0.1010  0.1796  0.1762  0.1670  0.1912  1
386:   0.1956  0.0214  0.2024  0.1962  0.1892  0.1952  1
387:   0.1728  0.1350  0.1800  0.1492  0.1598  0.2030  1
388:   0.0950  0.4174  0.1102  0.1230  0.1406  0.1138  1
389:   0.1136  0.3862  0.1190  0.1186  0.1451  0.1174  1
390:   0.1962  0.0326  0.1908  0.1942  0.1790  0.2072  1
391:   0.1779  0.0356  0.1785  0.2084  0.2220  0.1777  1
392:   0.1654  0.0934  0.2056  0.1652  0.1634  0.2068  1
393:   0.2245  0.0322  0.1990  0.1748  0.1954  0.1742  1
394:   0.1512  0.0428  0.1776  0.2144  0.2228  0.1910  1
395:   0.1619  0.0794  0.2055  0.1769  0.1591  0.2171  1
396:   0.1458  0.0232  0.2201  0.1596  0.1476  0.3037  1
397:   0.1482  0.1926  0.1598  0.1562  0.1760  0.1670  1
398:   0.2252  0.0162  0.1974  0.1838  0.1912  0.1862  1
399:   0.1832  0.0130  0.1920  0.2234  0.2076  0.1810  1
400:   0.1748  0.0706  0.2016  0.1740  0.1658  0.2130  1
401:   0.1430  0.1598  0.1662  0.1702  0.1730  0.1880  1
402:   0.1544  0.0390  0.2170  0.1772  0.1514  0.2612  1
403:   0.1354  0.2256  0.1654  0.1434  0.1344  0.1956  1
404:   0.2022  0.0378  0.1982  0.2152  0.1908  0.1558  1
405:   0.1810  0.0222  0.2050  0.1852  0.2050  0.2015  1
406:   0.0812  0.5520  0.0938  0.0892  0.0908  0.0932  1
407:   0.1498  0.2314  0.1500  0.1568  0.1616  0.1502  1
408:   0.2236  0.0176  0.1798  0.1998  0.1968  0.1822  1
409:   0.1928  0.0510  0.1830  0.1802  0.1842  0.2090  1
410:   0.1512  0.2282  0.1632  0.1426  0.1460  0.1690  1
411:   0.2120  0.0258  0.1904  0.1890  0.2052  0.1774  1
412:   0.1806  0.0304  0.2168  0.1688  0.1850  0.2183  1
413:   0.2180  0.0148  0.1958  0.2036  0.1968  0.1712  1
414:   0.1480  0.1402  0.1714  0.1734  0.1804  0.1866  1
415:   0.1689  0.0300  0.1803  0.2117  0.2077  0.2013  1
416:   0.2011  0.0192  0.1881  0.1925  0.2115  0.1877  1
417:   0.1419  0.0598  0.1731  0.2257  0.2253  0.1741  1
418:   0.2106  0.0192  0.2002  0.1934  0.1936  0.1828  1
419:   0.1687  0.0492  0.1741  0.2119  0.2215  0.1747  1
420:   0.1064  0.4354  0.1082  0.1136  0.1218  0.1146  1
421:   0.1799  0.0328  0.2137  0.1819  0.1579  0.2337  1
422:   0.2283  0.0156  0.1779  0.2149  0.1949  0.1683  1
423:   0.1734  0.0206  0.1934  0.2102  0.2275  0.1748  1
424:   0.1696  0.1206  0.1792  0.1830  0.1894  0.1584  1
425:   0.1638  0.0992  0.1978  0.1762  0.1662  0.1966  1
426:   0.2114  0.0474  0.1836  0.1810  0.1924  0.1842  1
427:   0.1964  0.0168  0.1816  0.2006  0.2070  0.1974  1
428:   0.1345  0.0280  0.2237  0.1691  0.1365  0.3083  1
429:   0.1320  0.3842  0.1292  0.1180  0.1144  0.1222  1
430:   0.1866  0.0316  0.1972  0.1910  0.1804  0.2131  1
431:   0.1944  0.0216  0.1896  0.1992  0.2030  0.1922  1
432:   0.1866  0.0156  0.1942  0.1916  0.2330  0.1792  1
433:   0.2022  0.0142  0.2018  0.1888  0.2144  0.1786  1
434:   0.1864  0.0304  0.2164  0.1688  0.1958  0.2020  1
435:   0.1772  0.0566  0.2062  0.1750  0.1746  0.2104  1
436:   0.1689  0.0330  0.2127  0.1779  0.1723  0.2351  1
437:   0.2067  0.0238  0.1914  0.1840  0.2048  0.1892  1
438:   0.2037  0.0340  0.1827  0.1985  0.2051  0.1759  1
439:   0.1458  0.0588  0.2140  0.1568  0.1442  0.2802  1
440:   0.2362  0.0164  0.1706  0.2192  0.1912  0.1664  1
441:   0.1523  0.1035  0.1735  0.1945  0.1839  0.1923  1
442:   0.1406  0.1718  0.1524  0.1804  0.1940  0.1610  1
443:   0.2156  0.0194  0.1818  0.1888  0.2112  0.1830  1
444:   0.2048  0.0126  0.1820  0.2008  0.2184  0.1816  1
445:   0.2017  0.0374  0.1997  0.1721  0.1757  0.2133  1
446:   0.2102  0.0384  0.1826  0.2084  0.1920  0.1686  1
447:   0.1364  0.2577  0.1450  0.1608  0.1596  0.1404  1
448:   0.1934  0.0334  0.2020  0.1734  0.1724  0.2252  1
449:   0.2496  0.0206  0.1645  0.2100  0.1986  0.1567  1
450:   0.1505  0.2985  0.1365  0.1545  0.1329  0.1269  1
451:   0.1199  0.3607  0.1359  0.1187  0.1139  0.1509  1
452:   0.2222  0.0188  0.1970  0.2098  0.1894  0.1628  1
453:   0.1588  0.0474  0.2030  0.1734  0.1620  0.2555  1
454:   0.1734  0.0378  0.1864  0.2002  0.1984  0.2040  1
455:   0.2094  0.0376  0.1934  0.2174  0.1888  0.1533  1
456:   0.1861  0.0456  0.1897  0.1949  0.2037  0.1801  1
457:   0.2009  0.0164  0.2029  0.2019  0.1761  0.2017  1
458:   0.2114  0.0244  0.1866  0.2048  0.1986  0.1744  1
459:   0.1810  0.1850  0.1501  0.1655  0.1685  0.1499  1
460:   0.1073  0.4701  0.1083  0.0997  0.1085  0.1063  1
461:   0.2032  0.0618  0.1804  0.1874  0.1888  0.1786  1
462:   0.1904  0.0208  0.1882  0.1904  0.2014  0.2088  1
463:   0.2212  0.0196  0.1824  0.2132  0.1924  0.1712  1
464:   0.2108  0.0262  0.2036  0.1930  0.1958  0.1706  1
465:   0.1760  0.0672  0.1810  0.1942  0.1884  0.1930  1
466:   0.1465  0.2235  0.1471  0.1663  0.1675  0.1491  1
467:   0.1978  0.0218  0.1980  0.1872  0.2086  0.1866  1
468:   0.2109  0.0350  0.1969  0.1891  0.1805  0.1877  1
469:   0.1783  0.0134  0.2025  0.2045  0.1825  0.2187  1
470:   0.1787  0.1453  0.1687  0.1835  0.1677  0.1563  1
471:   0.1723  0.1276  0.1769  0.1745  0.1797  0.1691  1
472:   0.2278  0.0646  0.1680  0.1858  0.1830  0.1706  1
473:   0.1942  0.0214  0.2000  0.1896  0.2126  0.1822  1
474:   0.1882  0.0458  0.2060  0.1878  0.1894  0.1830  1
475:   0.2043  0.0110  0.2131  0.1981  0.2119  0.1615  1
476:   0.1304  0.3347  0.1336  0.1300  0.1380  0.1332  1
477:   0.1847  0.0884  0.1885  0.1857  0.1739  0.1789  1
478:   0.2012  0.0584  0.1708  0.2012  0.1992  0.1690  1
479:   0.1848  0.0486  0.2066  0.1914  0.1958  0.1728  1
480:   0.1715  0.0770  0.1885  0.1903  0.1967  0.1761  1
481:   0.1642  0.1110  0.1868  0.1792  0.1638  0.1950  1
482:   0.1518  0.1854  0.1766  0.1620  0.1450  0.1792  1
483:   0.1996  0.0184  0.1928  0.1739  0.1763  0.2390  1
484:   0.1747  0.1030  0.1839  0.1621  0.1711  0.2051  1
485:   0.1678  0.1744  0.1620  0.1698  0.1574  0.1684  1
486:   0.1832  0.1060  0.1940  0.1680  0.1810  0.1680  1
487:   0.1811  0.0376  0.1811  0.2059  0.2045  0.1899  1
488:   0.1822  0.1580  0.1620  0.1518  0.1684  0.1774  1
489:   0.2147  0.0254  0.1811  0.2029  0.1849  0.1911  1
490:   0.1724  0.0560  0.1908  0.1758  0.2170  0.1878  1
491:   0.1962  0.0544  0.1882  0.1942  0.1922  0.1746  1
492:   0.1805  0.0934  0.1743  0.1747  0.1865  0.1905  1
493:   0.2096  0.0150  0.1994  0.2058  0.1741  0.1962  1
494:   0.2033  0.0232  0.2055  0.1791  0.2097  0.1793  1
495:   0.1864  0.0590  0.1852  0.1808  0.2104  0.1782  1
496:   0.1592  0.0994  0.1904  0.1500  0.1572  0.2440  1
497:   0.1979  0.0306  0.1929  0.2081  0.1905  0.1799  1
498:   0.2364  0.0184  0.1714  0.2154  0.1920  0.1662  1
499:   0.1438  0.3255  0.1324  0.1344  0.1346  0.1294  1
500:   0.2017  0.0192  0.1937  0.2101  0.2069  0.1685  1
501:   0.1798  0.1526  0.1750  0.1784  0.1644  0.1496  1
502:   0.1983  0.0278  0.1929  0.1835  0.1975  0.2001  1
503:   0.1923  0.0200  0.1997  0.1941  0.1739  0.2199  1
504:   0.2353  0.0096  0.1784  0.2342  0.1828  0.1596  1
505:   0.0868  0.5533  0.0916  0.0858  0.0840  0.0984  1
506:   0.1011  0.4375  0.1185  0.1011  0.0999  0.1421  1
507:   0.1802  0.1236  0.1634  0.1680  0.1934  0.1714  1
508:   0.2114  0.0300  0.1784  0.2074  0.1972  0.1756  1
509:   0.1172  0.4375  0.1194  0.1174  0.1040  0.1044  1
510:   0.1861  0.0610  0.2087  0.1813  0.1833  0.1795  1
511:   0.1823  0.0288  0.2023  0.1807  0.2037  0.2023  1
512:   0.1476  0.2228  0.1666  0.1436  0.1540  0.1654  1
513:   0.2150  0.0450  0.1944  0.1978  0.1836  0.1642  1
514:   0.1475  0.2711  0.1513  0.1443  0.1361  0.1499  1
515:   0.1668  0.0974  0.1772  0.1798  0.1726  0.2062  1
516:   0.1516  0.1778  0.1580  0.1758  0.1654  0.1712  1
517:   0.2435  0.0276  0.1782  0.1844  0.2006  0.1656  1
518:   0.2220  0.0506  0.1826  0.1606  0.1932  0.1911  1
519:   0.2213  0.0120  0.2157  0.1871  0.1963  0.1677  1
520:   0.2221  0.0634  0.1767  0.1843  0.1809  0.1727  1
521:   0.1938  0.0460  0.1822  0.1830  0.2136  0.1814  1
522:   0.1354  0.3336  0.1274  0.1290  0.1358  0.1388  1
523:   0.2171  0.0188  0.2008  0.2152  0.1970  0.1512  1
524:   0.1996  0.0722  0.1956  0.1664  0.1916  0.1746  1
525:   0.1440  0.1882  0.1596  0.1654  0.1940  0.1488  1
526:   0.2000  0.0160  0.1902  0.2122  0.2058  0.1760  1
527:   0.1504  0.2979  0.1322  0.1544  0.1398  0.1252  1
528:   0.1620  0.1660  0.1664  0.1600  0.1608  0.1848  1
529:   0.1629  0.0416  0.1909  0.1985  0.1787  0.2273  1
530:   0.1806  0.1294  0.1662  0.1826  0.1738  0.1676  1
531:   0.1960  0.0630  0.1940  0.1936  0.1824  0.1710  1
532:   0.2018  0.0420  0.1902  0.2028  0.1970  0.1664  1
533:   0.1884  0.0346  0.1980  0.1798  0.1836  0.2156  1
534:   0.2246  0.0386  0.1724  0.2114  0.1938  0.1590  1
535:   0.1947  0.0670  0.1803  0.1901  0.1907  0.1771  1
536:   0.1795  0.0874  0.1947  0.1913  0.1803  0.1667  1
537:   0.1982  0.0696  0.1900  0.1474  0.1788  0.2160  1
538:   0.0854  0.5446  0.0866  0.0972  0.0978  0.0886  1
539:   0.1781  0.1709  0.1549  0.1791  0.1583  0.1589  1
540:   0.2064  0.0290  0.2046  0.2124  0.1892  0.1586  1
541:   0.2026  0.0192  0.2158  0.2148  0.1826  0.1650  1
542:   0.2074  0.0202  0.1966  0.1802  0.1944  0.2010  1
543:   0.2221  0.0166  0.1787  0.2305  0.1897  0.1623  1
544:   0.1814  0.0290  0.1878  0.2020  0.2190  0.1808  1
545:   0.1988  0.0360  0.2024  0.1936  0.1736  0.1956  1
546:   0.2224  0.0126  0.1966  0.2280  0.1842  0.1562  1
547:   0.1973  0.0474  0.2073  0.1815  0.2017  0.1649  1
548:   0.2252  0.0188  0.1798  0.2282  0.1892  0.1588  1
549:   0.1837  0.0246  0.1885  0.1971  0.2195  0.1867  1
550:   0.2000  0.0134  0.2190  0.2014  0.1886  0.1774  1
551:   0.2082  0.0228  0.1944  0.2300  0.1788  0.1656  1
552:   0.1972  0.0466  0.1944  0.1854  0.2048  0.1716  1
553:   0.1974  0.0440  0.1870  0.2016  0.1874  0.1826  1
554:   0.1988  0.0198  0.1938  0.1998  0.2156  0.1720  1
555:   0.2096  0.0612  0.1822  0.1602  0.2016  0.1854  1
556:   0.1954  0.0732  0.1864  0.1778  0.1646  0.2026  1
557:   0.1586  0.1092  0.1896  0.1752  0.1606  0.2066  1
558:   0.1559  0.1477  0.1715  0.1553  0.1597  0.2099  1
559:   0.0344  0.8112  0.0416  0.0346  0.0342  0.0440  1
560:   0.1822  0.0786  0.1916  0.1910  0.1904  0.1662  1
561:   0.0788  0.6745  0.0616  0.0524  0.0696  0.0630  1
562:   0.1535  0.2097  0.1663  0.1537  0.1541  0.1625  1
563:   0.0358  0.8038  0.0370  0.0432  0.0410  0.0392  1
564:   0.1258  0.4052  0.1206  0.1098  0.1132  0.1252  1
565:   0.0326  0.8311  0.0324  0.0356  0.0354  0.0328  1
566:   0.1544  0.2122  0.1566  0.1654  0.1574  0.1542  1
567:   0.1142  0.4497  0.1076  0.1158  0.1150  0.0978  1
568:   0.1931  0.0596  0.1897  0.1933  0.1905  0.1737  1
569:   0.1548  0.3183  0.1362  0.1200  0.1358  0.1350  1
570:   0.1617  0.1653  0.1747  0.1475  0.1483  0.2025  1
571:   0.1228  0.3465  0.1260  0.1352  0.1434  0.1262  1
572:   0.0936  0.5808  0.0828  0.0768  0.0832  0.0828  1
573:   0.0332  0.8406  0.0302  0.0322  0.0326  0.0312  1
574:   0.1409  0.1925  0.1555  0.1715  0.1705  0.1693  1
575:   0.1072  0.4623  0.1010  0.1128  0.1146  0.1020  1
576:   0.1086  0.4909  0.1034  0.0972  0.1038  0.0962  1
577:   0.0480  0.7673  0.0454  0.0478  0.0474  0.0442  1
578:   0.1126  0.4063  0.1132  0.1234  0.1254  0.1190  1
579:   0.0738  0.5997  0.0810  0.0796  0.0776  0.0884  1
580:   0.0458  0.7535  0.0464  0.0502  0.0564  0.0478  1
581:   0.1296  0.4371  0.1060  0.1204  0.1076  0.0994  1
582:   0.0610  0.7081  0.0576  0.0540  0.0608  0.0586  1
583:   0.0280  0.8464  0.0302  0.0314  0.0306  0.0334  1
584:   0.0352  0.8126  0.0400  0.0358  0.0354  0.0410  1
585:   0.0450  0.7768  0.0434  0.0460  0.0470  0.0418  1
586:   0.1210  0.2925  0.1335  0.1495  0.1593  0.1442  1
587:   0.1590  0.1470  0.1652  0.1678  0.1900  0.1710  1
588:   0.1772  0.2074  0.1572  0.1630  0.1474  0.1476  1
589:   0.1827  0.1447  0.1675  0.1509  0.2011  0.1529  1
590:   0.0232  0.8846  0.0236  0.0216  0.0224  0.0246  1
591:   0.1002  0.5234  0.0906  0.0920  0.0920  0.1018  1
592:   0.0670  0.6743  0.0622  0.0632  0.0700  0.0632  1
593:   0.0910  0.5087  0.0992  0.0940  0.0876  0.1196  1
594:   0.0204  0.8984  0.0204  0.0210  0.0206  0.0192  1
595:   0.0348  0.8169  0.0368  0.0356  0.0380  0.0378  1
596:   0.0784  0.6176  0.0712  0.0780  0.0798  0.0750  1
597:   0.0576  0.7096  0.0612  0.0570  0.0568  0.0576  1
598:   0.0144  0.9296  0.0140  0.0140  0.0142  0.0138  1
599:   0.0490  0.7548  0.0506  0.0450  0.0464  0.0542  1
600:   0.1552  0.0490  0.2102  0.1648  0.1544  0.2664  1
601:   0.0620  0.6412  0.0722  0.0728  0.0746  0.0772  1
602:   0.0142  0.9270  0.0144  0.0144  0.0144  0.0156  1
603:   0.1164  0.4527  0.1034  0.0998  0.1232  0.1046  1
604:   0.0672  0.5872  0.0934  0.0748  0.0706  0.1068  1
605:   0.0546  0.7230  0.0518  0.0582  0.0550  0.0574  1
606:   0.1455  0.2053  0.1503  0.1675  0.1849  0.1465  1
607:   0.1484  0.1238  0.1902  0.1744  0.1672  0.1958  1
608:   0.0592  0.7109  0.0582  0.0540  0.0592  0.0584  1
609:   0.1658  0.1958  0.1564  0.1430  0.1778  0.1612  1
610:   0.0272  0.8523  0.0308  0.0290  0.0272  0.0334  1
611:   0.1497  0.1921  0.1641  0.1559  0.1663  0.1719  1
612:   0.0194  0.9048  0.0190  0.0186  0.0198  0.0184  1
613:   0.1540  0.2030  0.1648  0.1426  0.1466  0.1892  1
614:   0.0636  0.6671  0.0638  0.0680  0.0672  0.0702  1
615:   0.0942  0.4830  0.1072  0.0820  0.0958  0.1377  1
616:   0.0850  0.4497  0.1238  0.0920  0.0888  0.1606  1
617:   0.1004  0.5144  0.1030  0.1006  0.0920  0.0898  1
618:   0.0318  0.8434  0.0308  0.0302  0.0318  0.0320  1
619:   0.0166  0.9162  0.0168  0.0168  0.0168  0.0168  1
620:   0.0146  0.9236  0.0164  0.0146  0.0144  0.0164  1
621:   0.0424  0.7705  0.0476  0.0454  0.0438  0.0502  1
622:   0.0338  0.8310  0.0330  0.0340  0.0340  0.0342  1
623:   0.0252  0.8795  0.0234  0.0246  0.0240  0.0232  1
624:   0.0446  0.7786  0.0454  0.0456  0.0428  0.0430  1
625:   0.0278  0.8611  0.0282  0.0272  0.0280  0.0276  1
626:   0.0128  0.9372  0.0126  0.0122  0.0126  0.0126  1
627:   0.0220  0.8842  0.0234  0.0218  0.0236  0.0250  1
628:   0.0174  0.9156  0.0164  0.0174  0.0172  0.0160  1
629:   0.0202  0.8962  0.0220  0.0204  0.0198  0.0214  1
630:   0.0328  0.8356  0.0338  0.0320  0.0334  0.0324  1
631:   0.0186  0.9062  0.0194  0.0186  0.0182  0.0190  1
632:   0.1531  0.3109  0.1357  0.1116  0.1665  0.1222  1
633:   0.0158  0.9204  0.0160  0.0160  0.0158  0.0160  1
634:   0.1245  0.2860  0.1443  0.1541  0.1463  0.1449  1
635:   0.1026  0.4697  0.1066  0.1072  0.1090  0.1048  1
636:   0.0598  0.6585  0.0712  0.0614  0.0616  0.0874  1
637:   0.0146  0.9276  0.0142  0.0146  0.0150  0.0140  1
638:   0.1118  0.4418  0.1104  0.1122  0.1182  0.1056  1
639:   0.0232  0.8797  0.0246  0.0222  0.0246  0.0256  1
640:   0.0298  0.8369  0.0328  0.0322  0.0328  0.0354  1
641:   0.0306  0.8446  0.0304  0.0318  0.0316  0.0310  1
642:   0.0638  0.6923  0.0570  0.0644  0.0634  0.0592  1
643:   0.0238  0.8816  0.0228  0.0238  0.0238  0.0242  1
644:   0.0532  0.7334  0.0554  0.0486  0.0506  0.0590  1
645:   0.0740  0.6365  0.0754  0.0608  0.0728  0.0806  1
646:   0.0288  0.8474  0.0310  0.0298  0.0278  0.0352  1
647:   0.1730  0.1448  0.1638  0.1724  0.1852  0.1610  1
648:   0.1422  0.3180  0.1372  0.1200  0.1478  0.1348  1
649:   0.0248  0.8689  0.0272  0.0250  0.0252  0.0288  1
650:   0.0994  0.2910  0.1626  0.1186  0.1016  0.2267  1
651:   0.0378  0.8199  0.0352  0.0340  0.0366  0.0364  1
652:   0.0540  0.7382  0.0514  0.0486  0.0566  0.0512  1
653:   0.0610  0.7008  0.0600  0.0590  0.0624  0.0568  1
654:   0.0230  0.8869  0.0218  0.0224  0.0228  0.0230  1
655:   0.0292  0.8563  0.0282  0.0294  0.0300  0.0268  1
656:   0.0110  0.9430  0.0116  0.0114  0.0114  0.0116  1
657:   0.0176  0.9096  0.0176  0.0180  0.0180  0.0192  1
658:   0.0416  0.7754  0.0450  0.0442  0.0446  0.0490  1
659:   0.1312  0.3217  0.1370  0.1238  0.1238  0.1626  1
660:   0.0174  0.9116  0.0174  0.0176  0.0176  0.0184  1
661:   0.1425  0.3090  0.1355  0.1269  0.1433  0.1429  1
662:   0.0162  0.9182  0.0166  0.0164  0.0160  0.0166  1
663:   0.0632  0.6739  0.0666  0.0640  0.0670  0.0654  1
664:   0.0644  0.6879  0.0622  0.0608  0.0614  0.0634  1
665:   0.0226  0.8910  0.0210  0.0214  0.0222  0.0218  1
666:   0.0224  0.8774  0.0244  0.0252  0.0264  0.0242  1
667:   0.0532  0.7233  0.0568  0.0542  0.0568  0.0556  1
668:   0.0540  0.7210  0.0596  0.0476  0.0506  0.0672  1
