  1:   0.1730  0.1620  0.1580  0.1720  0.1670  0.1680  1
  2:   0.2098  0.0519  0.1848  0.2008  0.1738  0.1788  1
  3:   0.2012  0.0330  0.1802  0.1942  0.2042  0.1872  1
  4:   0.1840  0.1150  0.1580  0.1950  0.1670  0.1810  1
  5:   0.1930  0.0180  0.2010  0.2100  0.1900  0.1880  1
  6:   0.1930  0.0620  0.1970  0.2210  0.1650  0.1620  1
  7:   0.2268  0.0160  0.1768  0.1638  0.2098  0.2068  1
  8:   0.0880  0.5210  0.0910  0.0980  0.1000  0.1020  1
  9:   0.1798  0.0130  0.1828  0.2318  0.1938  0.1988  1
 10:   0.2192  0.0280  0.1762  0.1922  0.1982  0.1862  1
 11:   0.2000  0.0180  0.1880  0.2210  0.1930  0.1800  1
 12:   0.2002  0.0270  0.1972  0.2152  0.1862  0.1742  1
 13:   0.1900  0.0260  0.1850  0.2170  0.1800  0.2020  1
 14:   0.1948  0.0290  0.1658  0.2108  0.2098  0.1898  1
 15:   0.2090  0.0620  0.1790  0.2000  0.1810  0.1690  1
 16:   0.2410  0.0240  0.1490  0.1910  0.1980  0.1970  1
 17:   0.1622  0.0240  0.1812  0.2352  0.1942  0.2032  1
 18:   0.1481  0.2593  0.1512  0.1642  0.1431  0.1341  1
 19:   0.1910  0.0640  0.1730  0.1720  0.2110  0.1890  1
 20:   0.2268  0.0170  0.1668  0.1658  0.2248  0.1988  1
 21:   0.2124  0.0240  0.1844  0.1904  0.1894  0.1994  1
 22:   0.1830  0.0150  0.2220  0.2040  0.1780  0.1980  1
 23:   0.1810  0.0790  0.1750  0.1970  0.1870  0.1810  1
 24:   0.1980  0.0490  0.1850  0.2140  0.1740  0.1800  1
 25:   0.1832  0.0250  0.2032  0.1932  0.1972  0.1982  1
 26:   0.1970  0.0240  0.1890  0.2130  0.2040  0.1730  1
 27:   0.1942  0.0340  0.1912  0.1972  0.1972  0.1862  1
 28:   0.2070  0.0290  0.1890  0.2080  0.1850  0.1820  1
 29:   0.1982  0.0140  0.2102  0.2222  0.1672  0.1882  1
 30:   0.2070  0.0280  0.1720  0.2030  0.1910  0.1990  1
 31:   0.1812  0.0641  0.2092  0.1812  0.1882  0.1762  1
 32:   0.1872  0.0200  0.2032  0.2312  0.1902  0.1682  1
 33:   0.1870  0.0580  0.1920  0.2280  0.1790  0.1560  1
 34:   0.1848  0.0390  0.2038  0.1828  0.1918  0.1978  1
 35:   0.1740  0.0300  0.1870  0.2050  0.2040  0.2000  1
 36:   0.2130  0.0150  0.1990  0.2260  0.1770  0.1700  1
 37:   0.1750  0.0170  0.1970  0.2140  0.2050  0.1920  1
 38:   0.2070  0.0160  0.1950  0.1940  0.1890  0.1990  1
 39:   0.1980  0.0370  0.1670  0.2090  0.1990  0.1900  1
 40:   0.1370  0.2520  0.1520  0.1460  0.1480  0.1650  1
 41:   0.2248  0.0260  0.1708  0.1718  0.2058  0.2008  1
 42:   0.2100  0.0160  0.1930  0.1950  0.1810  0.2050  1
 43:   0.1984  0.0451  0.1794  0.1874  0.2034  0.1864  1
 44:   0.2080  0.0250  0.1680  0.2080  0.2030  0.1880  1
 45:   0.1980  0.0150  0.1740  0.2290  0.1940  0.1900  1
 46:   0.1852  0.0340  0.1922  0.2452  0.1692  0.1742  1
 47:   0.1910  0.0360  0.2050  0.1950  0.1940  0.1790  1
 48:   0.1798  0.1149  0.1938  0.1738  0.1608  0.1768  1
 49:   0.2058  0.0280  0.1898  0.2118  0.1798  0.1848  1
 50:   0.1960  0.0120  0.2040  0.2470  0.1710  0.1700  1
 51:   0.2000  0.0470  0.1830  0.2040  0.1790  0.1870  1
 52:   0.2450  0.0180  0.1680  0.1790  0.2070  0.1830  1
 53:   0.2060  0.0230  0.1930  0.2180  0.1790  0.1810  1
 54:   0.1918  0.0829  0.1938  0.1958  0.1808  0.1548  1
 55:   0.1350  0.3610  0.1220  0.1320  0.1290  0.1210  1
 56:   0.2412  0.0270  0.1802  0.1632  0.2052  0.1832  1
 57:   0.2084  0.0090  0.2074  0.2495  0.1693  0.1563  1
 58:   0.1710  0.0240  0.1990  0.2750  0.1680  0.1630  1
 59:   0.1908  0.0120  0.2108  0.2488  0.1698  0.1678  1
 60:   0.2002  0.0150  0.2072  0.2092  0.1882  0.1802  1
 61:   0.1712  0.1852  0.1572  0.1832  0.1542  0.1491  1
 62:   0.2040  0.0110  0.2040  0.2140  0.1880  0.1790  1
 63:   0.1860  0.0350  0.2330  0.2180  0.1620  0.1660  1
 64:   0.2200  0.0200  0.1690  0.1710  0.2110  0.2090  1
 65:   0.1688  0.0340  0.1958  0.2088  0.2028  0.1898  1
 66:   0.1940  0.0270  0.1860  0.2180  0.1870  0.1880  1
 67:   0.1988  0.0160  0.1988  0.2048  0.1888  0.1928  1
 68:   0.2060  0.0160  0.1940  0.2010  0.2000  0.1830  1
 69:   0.1702  0.0470  0.2052  0.2462  0.1682  0.1632  1
 70:   0.1550  0.0520  0.2220  0.1660  0.1750  0.2300  1
 71:   0.1798  0.2248  0.1379  0.1449  0.1598  0.1528  1
 72:   0.2060  0.0150  0.1950  0.2250  0.1790  0.1800  1
 73:   0.1920  0.0730  0.1800  0.1830  0.1970  0.1750  1
 74:   0.1900  0.0610  0.1940  0.1860  0.1910  0.1780  1
 75:   0.2028  0.0270  0.1918  0.1838  0.1998  0.1948  1
 76:   0.1898  0.1019  0.1608  0.1648  0.1858  0.1968  1
 77:   0.1778  0.0849  0.1988  0.1708  0.1808  0.1868  1
 78:   0.1838  0.0390  0.1758  0.2058  0.2078  0.1878  1
 79:   0.2260  0.0130  0.1750  0.1820  0.2150  0.1890  1
 80:   0.1780  0.1290  0.1790  0.1900  0.1640  0.1600  1
 81:   0.1680  0.1330  0.1630  0.1730  0.1920  0.1710  1
 82:   0.1812  0.0330  0.1802  0.2052  0.1992  0.2012  1
 83:   0.1918  0.0599  0.1798  0.1748  0.1858  0.2078  1
 84:   0.1830  0.0580  0.2020  0.1800  0.1800  0.1970  1
 85:   0.1872  0.0330  0.2152  0.2513  0.1592  0.1542  1
 86:   0.1662  0.2012  0.1732  0.1451  0.1602  0.1542  1
 87:   0.2150  0.0210  0.2310  0.1850  0.1850  0.1630  1
 88:   0.2062  0.0480  0.2012  0.2142  0.1712  0.1592  1
 89:   0.1970  0.0470  0.1800  0.1620  0.2080  0.2060  1
 90:   0.1688  0.2158  0.1419  0.1429  0.1638  0.1668  1
 91:   0.1978  0.0579  0.1788  0.1878  0.1808  0.1968  1
 92:   0.2140  0.0440  0.1890  0.2070  0.1680  0.1780  1
 93:   0.1730  0.0390  0.1880  0.2310  0.1900  0.1790  1
 94:   0.1800  0.2440  0.1140  0.1290  0.1730  0.1600  1
 95:   0.2148  0.0370  0.1818  0.1958  0.1758  0.1948  1
 96:   0.2388  0.0500  0.1389  0.1538  0.2008  0.2178  1
 97:   0.2010  0.0180  0.2030  0.2030  0.1960  0.1790  1
 98:   0.1772  0.0200  0.2402  0.1982  0.1642  0.2002  1
 99:   0.2020  0.0180  0.1870  0.1850  0.1900  0.2180  1
100:   0.1668  0.0350  0.2018  0.2398  0.1898  0.1668  1
101:   0.1648  0.0619  0.1658  0.2188  0.1958  0.1928  1
102:   0.1890  0.0200  0.2190  0.2530  0.1650  0.1540  1
103:   0.1379  0.2468  0.1479  0.1648  0.1638  0.1389  1
104:   0.1722  0.0290  0.1992  0.2052  0.1832  0.2112  1
105:   0.2012  0.0380  0.1582  0.1972  0.2032  0.2022  1
106:   0.1632  0.0430  0.1962  0.1962  0.1842  0.2172  1
107:   0.1730  0.0380  0.1910  0.2330  0.1910  0.1740  1
108:   0.2130  0.0380  0.1960  0.2280  0.1680  0.1570  1
109:   0.1890  0.0420  0.2040  0.1920  0.1930  0.1800  1
110:   0.2030  0.0290  0.1780  0.2000  0.1990  0.1910  1
111:   0.1808  0.0480  0.2068  0.1948  0.1848  0.1848  1
112:   0.1688  0.0400  0.1848  0.2328  0.1948  0.1788  1
113:   0.2108  0.0200  0.1778  0.2088  0.1988  0.1838  1
114:   0.2140  0.0720  0.1580  0.1970  0.1780  0.1810  1
115:   0.1804  0.0481  0.1774  0.2154  0.1934  0.1854  1
116:   0.1920  0.0200  0.2030  0.2110  0.1930  0.1810  1
117:   0.2068  0.0400  0.1698  0.1778  0.2188  0.1868  1
118:   0.2020  0.0540  0.1750  0.1910  0.1860  0.1920  1
119:   0.1638  0.0380  0.2338  0.1568  0.1808  0.2268  1
120:   0.1552  0.2362  0.1502  0.1391  0.1562  0.1632  1
121:   0.1950  0.0430  0.1900  0.1820  0.1960  0.1940  1
122:   0.1650  0.0360  0.2320  0.1930  0.1600  0.2140  1
123:   0.1782  0.0200  0.2092  0.2172  0.1982  0.1772  1
124:   0.1890  0.0210  0.2040  0.2240  0.1790  0.1830  1
125:   0.1590  0.0840  0.1930  0.1540  0.1910  0.2190  1
126:   0.2066  0.0200  0.2186  0.2265  0.1637  0.1647  1
127:   0.1720  0.0360  0.1790  0.2400  0.1860  0.1870  1
128:   0.1842  0.0210  0.1902  0.2122  0.1842  0.2082  1
129:   0.1690  0.2460  0.1510  0.1260  0.1560  0.1520  1
130:   0.1868  0.0889  0.2018  0.1528  0.1818  0.1878  1
131:   0.1878  0.0370  0.1798  0.2208  0.1938  0.1808  1
132:   0.2020  0.0220  0.1980  0.1850  0.2020  0.1910  1
133:   0.2002  0.0180  0.2202  0.1502  0.2012  0.2102  1
134:   0.2102  0.0400  0.1692  0.2102  0.1932  0.1772  1
135:   0.0909  0.5544  0.0859  0.0779  0.0939  0.0969  1
136:   0.1920  0.0410  0.1980  0.1960  0.1760  0.1970  1
137:   0.1688  0.1738  0.1578  0.1518  0.1768  0.1708  1
138:   0.2070  0.0250  0.1960  0.2070  0.1890  0.1760  1
139:   0.1910  0.0360  0.1760  0.1860  0.2110  0.2000  1
140:   0.2172  0.0490  0.1722  0.1902  0.1932  0.1782  1
141:   0.2110  0.0900  0.2170  0.1470  0.1810  0.1540  1
142:   0.1680  0.0720  0.1820  0.1890  0.1890  0.2000  1
143:   0.1810  0.0520  0.2000  0.1880  0.1960  0.1830  1
144:   0.1990  0.0230  0.2010  0.2220  0.1790  0.1760  1
145:   0.1842  0.0160  0.2212  0.2673  0.1592  0.1522  1
146:   0.1810  0.0620  0.1850  0.1920  0.1910  0.1890  1
147:   0.2040  0.0210  0.2050  0.2260  0.1770  0.1670  1
148:   0.1930  0.0210  0.1890  0.2150  0.2010  0.1810  1
149:   0.1930  0.0450  0.1750  0.1690  0.2030  0.2150  1
150:   0.1688  0.1389  0.1678  0.1788  0.1728  0.1728  1
151:   0.1900  0.0510  0.1790  0.1630  0.2030  0.2140  1
152:   0.1760  0.0480  0.1840  0.1970  0.2030  0.1920  1
153:   0.2220  0.0340  0.1740  0.1710  0.2010  0.1980  1
154:   0.1530  0.0180  0.1950  0.1800  0.1810  0.2730  1
155:   0.1792  0.0541  0.1782  0.1952  0.1882  0.2052  1
156:   0.2162  0.0420  0.1732  0.1752  0.2092  0.1842  1
157:   0.1968  0.0370  0.1878  0.1978  0.1958  0.1848  1
158:   0.1980  0.1300  0.1610  0.1440  0.1890  0.1780  1
159:   0.1900  0.0370  0.1880  0.2180  0.1850  0.1820  1
160:   0.1852  0.0280  0.1932  0.2002  0.1842  0.2092  1
161:   0.1538  0.1908  0.1429  0.1588  0.1658  0.1878  1
162:   0.2040  0.0290  0.1910  0.1820  0.1920  0.2020  1
163:   0.1940  0.0790  0.1700  0.1790  0.1900  0.1880  1
164:   0.1888  0.0410  0.2338  0.1818  0.1718  0.1828  1
165:   0.2068  0.0270  0.1958  0.1918  0.1868  0.1918  1
166:   0.2030  0.0480  0.1720  0.1820  0.2140  0.1810  1
167:   0.1720  0.0310  0.2160  0.2100  0.1780  0.1930  1
168:   0.1578  0.1818  0.1708  0.1808  0.1638  0.1449  1
169:   0.1522  0.0380  0.2092  0.1632  0.1762  0.2613  1
170:   0.1820  0.0180  0.1970  0.1810  0.1930  0.2290  1
171:   0.2040  0.0240  0.1970  0.1980  0.1830  0.1940  1
172:   0.1930  0.0260  0.2170  0.2140  0.1610  0.1890  1
173:   0.1810  0.0510  0.1810  0.2120  0.1950  0.1800  1
174:   0.1920  0.0390  0.1890  0.2050  0.1850  0.1900  1
175:   0.1638  0.0380  0.2228  0.1888  0.1708  0.2158  1
176:   0.2008  0.0669  0.1778  0.1548  0.2018  0.1978  1
177:   0.1912  0.1101  0.1852  0.1832  0.1612  0.1692  1
178:   0.1918  0.0340  0.1748  0.1938  0.2028  0.2028  1
179:   0.2100  0.0320  0.1660  0.1980  0.2060  0.1880  1
180:   0.2060  0.0080  0.2160  0.1580  0.2170  0.1950  1
181:   0.1988  0.0659  0.2088  0.1838  0.1788  0.1638  1
182:   0.1461  0.2623  0.1502  0.1441  0.1512  0.1461  1
183:   0.1500  0.1530  0.1730  0.1570  0.1690  0.1980  1
184:   0.1640  0.0620  0.2020  0.1630  0.2030  0.2060  1
185:   0.2038  0.0619  0.1748  0.1648  0.1888  0.2058  1
186:   0.1690  0.0320  0.1940  0.1660  0.2040  0.2350  1
187:   0.1610  0.0210  0.1970  0.1750  0.1960  0.2500  1
188:   0.1560  0.0250  0.2160  0.1800  0.1930  0.2300  1
189:   0.2120  0.0350  0.1940  0.1920  0.1920  0.1750  1
190:   0.1610  0.0410  0.2120  0.1720  0.1780  0.2360  1
191:   0.2100  0.0220  0.2040  0.2040  0.1780  0.1820  1
192:   0.0720  0.6480  0.0680  0.0680  0.0730  0.0710  1
193:   0.0879  0.5644  0.0799  0.0889  0.0899  0.0889  1
194:   0.1350  0.1650  0.1800  0.1590  0.1600  0.2010  1
195:   0.1760  0.0680  0.2070  0.1480  0.2000  0.2010  1
196:   0.2122  0.0200  0.2172  0.1992  0.1802  0.1712  1
197:   0.1818  0.1009  0.1678  0.1878  0.1778  0.1838  1
198:   0.2050  0.0270  0.2010  0.2000  0.1840  0.1830  1
199:   0.1910  0.0920  0.2110  0.1710  0.1680  0.1670  1
200:   0.1810  0.0760  0.1850  0.1690  0.1930  0.1960  1
201:   0.1692  0.1662  0.1702  0.1702  0.1582  0.1662  1
202:   0.2220  0.0110  0.2000  0.1880  0.1760  0.2030  1
203:   0.1640  0.0700  0.1760  0.2050  0.1980  0.1870  1
204:   0.2072  0.0160  0.2052  0.1552  0.2132  0.2032  1
205:   0.2130  0.0150  0.2070  0.1960  0.1850  0.1840  1
206:   0.2070  0.0290  0.1900  0.1930  0.1920  0.1890  1
207:   0.2220  0.0250  0.2190  0.1460  0.2060  0.1820  1
208:   0.2018  0.0140  0.2198  0.1748  0.1918  0.1978  1
209:   0.1450  0.2730  0.1480  0.1430  0.1480  0.1430  1
210:   0.1990  0.0260  0.2080  0.1890  0.1980  0.1800  1
211:   0.1902  0.0330  0.2202  0.1802  0.1882  0.1882  1
212:   0.1638  0.1119  0.2008  0.1708  0.1728  0.1798  1
213:   0.1708  0.0440  0.1728  0.2028  0.2148  0.1948  1
214:   0.2020  0.0540  0.1780  0.1810  0.1940  0.1910  1
215:   0.2028  0.0569  0.1798  0.1538  0.2058  0.2008  1
216:   0.1670  0.0410  0.2340  0.1960  0.1670  0.1950  1
217:   0.1690  0.0380  0.2010  0.2010  0.2060  0.1850  1
218:   0.1978  0.0220  0.2278  0.1528  0.1958  0.2038  1
219:   0.1992  0.0160  0.2162  0.1922  0.1942  0.1822  1
220:   0.1780  0.0950  0.1770  0.1740  0.1830  0.1930  1
221:   0.1948  0.0639  0.1628  0.1978  0.1908  0.1898  1
222:   0.1892  0.0891  0.2062  0.1702  0.1752  0.1702  1
223:   0.1289  0.3516  0.1189  0.1289  0.1359  0.1359  1
224:   0.1992  0.0440  0.1912  0.2042  0.1962  0.1652  1
225:   0.2018  0.0220  0.2178  0.2238  0.1628  0.1718  1
226:   0.1762  0.0240  0.2042  0.2543  0.1732  0.1682  1
227:   0.1528  0.1069  0.1868  0.1768  0.1758  0.2008  1
228:   0.1800  0.0520  0.1960  0.1650  0.2030  0.2040  1
229:   0.1968  0.0180  0.2268  0.1678  0.2068  0.1838  1
230:   0.1420  0.0400  0.2160  0.2330  0.1850  0.1840  1
231:   0.1972  0.0160  0.2002  0.2222  0.1802  0.1842  1
232:   0.1920  0.0230  0.1870  0.1880  0.2000  0.2100  1
233:   0.2020  0.0450  0.2000  0.2090  0.1850  0.1590  1
234:   0.2000  0.0230  0.2010  0.1610  0.2040  0.2110  1
235:   0.1930  0.0170  0.2130  0.2370  0.1780  0.1620  1
236:   0.2108  0.0170  0.1908  0.1768  0.2188  0.1858  1
237:   0.1828  0.0310  0.2238  0.2597  0.1548  0.1479  1
238:   0.2000  0.0640  0.1810  0.1830  0.1820  0.1900  1
239:   0.1990  0.0080  0.2030  0.2440  0.1820  0.1640  1
240:   0.1670  0.2280  0.1570  0.1380  0.1530  0.1570  1
241:   0.2118  0.0210  0.1898  0.1778  0.2058  0.1938  1
242:   0.1844  0.0591  0.1764  0.2074  0.1964  0.1764  1
243:   0.1982  0.0220  0.2112  0.2302  0.1752  0.1632  1
244:   0.1940  0.0460  0.2090  0.1940  0.1840  0.1730  1
245:   0.1890  0.0200  0.2330  0.2080  0.1700  0.1800  1
246:   0.2060  0.0110  0.1870  0.2170  0.2000  0.1790  1
247:   0.1750  0.0710  0.2260  0.1870  0.1740  0.1670  1
248:   0.1892  0.0721  0.1772  0.1972  0.1932  0.1712  1
249:   0.1460  0.1870  0.1620  0.1510  0.1660  0.1880  1
250:   0.1570  0.0270  0.2090  0.2210  0.1820  0.2040  1
251:   0.1548  0.0290  0.1928  0.2188  0.1988  0.2058  1
252:   0.1790  0.0130  0.2050  0.2510  0.1790  0.1730  1
253:   0.1620  0.2640  0.1400  0.1380  0.1540  0.1420  1
254:   0.0400  0.7830  0.0460  0.0400  0.0430  0.0480  1
255:   0.1992  0.0701  0.1722  0.1832  0.1882  0.1872  1
256:   0.1490  0.0290  0.2140  0.1810  0.1960  0.2310  1
257:   0.1668  0.0949  0.1728  0.1788  0.1878  0.1988  1
258:   0.2020  0.0370  0.1880  0.2050  0.1800  0.1880  1
259:   0.1978  0.0380  0.1928  0.2018  0.1888  0.1808  1
260:   0.1880  0.0100  0.2240  0.2270  0.1780  0.1730  1
261:   0.1870  0.0190  0.2350  0.1650  0.1980  0.1960  1
262:   0.1832  0.0230  0.1862  0.1852  0.2102  0.2122  1
263:   0.1768  0.0629  0.2128  0.2028  0.1688  0.1758  1
264:   0.1982  0.0200  0.2142  0.2132  0.1942  0.1602  1
265:   0.1720  0.1800  0.1560  0.1670  0.1610  0.1640  1
266:   0.1940  0.0260  0.2190  0.2330  0.1740  0.1540  1
267:   0.1810  0.0310  0.1880  0.2220  0.1860  0.1920  1
268:   0.1770  0.0310  0.1860  0.2040  0.2090  0.1930  1
269:   0.1860  0.0550  0.2140  0.1880  0.1910  0.1660  1
270:   0.1310  0.3270  0.1300  0.0920  0.1340  0.1860  1
271:   0.1748  0.0280  0.1918  0.2138  0.1968  0.1948  1
272:   0.1752  0.0260  0.2152  0.2012  0.1812  0.2012  1
273:   0.1850  0.0150  0.2020  0.2090  0.2050  0.1840  1
274:   0.1802  0.0140  0.2032  0.2563  0.1712  0.1752  1
275:   0.1750  0.0370  0.1900  0.2140  0.2000  0.1840  1
276:   0.1848  0.0260  0.1858  0.1978  0.2018  0.2038  1
277:   0.1500  0.0800  0.2110  0.1730  0.1660  0.2200  1
278:   0.1860  0.0670  0.1800  0.1890  0.1970  0.1810  1
279:   0.2402  0.0100  0.1762  0.1722  0.2002  0.2012  1
280:   0.1942  0.0210  0.1862  0.2392  0.1792  0.1802  1
281:   0.1570  0.1450  0.1580  0.1730  0.1830  0.1840  1
282:   0.1948  0.0250  0.2058  0.2248  0.1798  0.1698  1
283:   0.1812  0.0130  0.2062  0.1822  0.2042  0.2132  1
284:   0.1792  0.0180  0.2332  0.1532  0.1932  0.2232  1
285:   0.1962  0.0360  0.2092  0.2162  0.1792  0.1632  1
286:   0.1470  0.2390  0.1470  0.1640  0.1480  0.1550  1
287:   0.2100  0.0290  0.1790  0.1940  0.1860  0.2020  1
288:   0.2050  0.0190  0.1840  0.1860  0.2040  0.2020  1
289:   0.1888  0.0350  0.2068  0.1838  0.1918  0.1938  1
290:   0.2108  0.0210  0.2268  0.1868  0.1828  0.1718  1
291:   0.2022  0.0440  0.2052  0.1502  0.2182  0.1802  1
292:   0.1440  0.0400  0.2220  0.1750  0.1810  0.2380  1
293:   0.2090  0.0250  0.2000  0.1720  0.2060  0.1880  1
294:   0.2060  0.0220  0.1920  0.1710  0.1990  0.2100  1
295:   0.2218  0.0380  0.1788  0.1508  0.2168  0.1938  1
296:   0.1532  0.1451  0.1812  0.1852  0.1702  0.1652  1
297:   0.1958  0.0420  0.1918  0.1978  0.1818  0.1908  1
298:   0.1888  0.0130  0.1898  0.2248  0.1968  0.1868  1
299:   0.1740  0.0460  0.1930  0.1890  0.2050  0.1930  1
300:   0.1818  0.1269  0.1908  0.1578  0.1698  0.1728  1
301:   0.1680  0.2220  0.1620  0.1350  0.1590  0.1540  1
302:   0.1960  0.0410  0.1790  0.1840  0.1970  0.2030  1
303:   0.1912  0.0420  0.2092  0.2132  0.1742  0.1702  1
304:   0.1830  0.0350  0.2200  0.2450  0.1650  0.1520  1
305:   0.1870  0.0270  0.2000  0.2040  0.1830  0.1990  1
306:   0.1750  0.0680  0.1750  0.2020  0.2010  0.1790  1
307:   0.2038  0.0190  0.2208  0.1718  0.1818  0.2028  1
308:   0.2028  0.0430  0.1668  0.2028  0.2008  0.1838  1
309:   0.2040  0.0380  0.1710  0.1930  0.1970  0.1970  1
310:   0.1630  0.0430  0.1980  0.1410  0.1810  0.2740  1
311:   0.1960  0.0280  0.1830  0.2000  0.1930  0.2000  1
312:   0.1860  0.0420  0.1860  0.2200  0.1840  0.1820  1
313:   0.2050  0.0230  0.1830  0.1850  0.1920  0.2120  1
314:   0.1990  0.0280  0.2060  0.2210  0.1710  0.1750  1
315:   0.2080  0.0180  0.2180  0.1590  0.2080  0.1890  1
316:   0.1270  0.3540  0.1230  0.1320  0.1350  0.1290  1
317:   0.1860  0.0340  0.2250  0.1740  0.1830  0.1980  1
318:   0.2030  0.0220  0.1780  0.1940  0.2060  0.1970  1
319:   0.2438  0.0300  0.1598  0.1628  0.2058  0.1978  1
320:   0.1942  0.0320  0.2022  0.2102  0.1882  0.1732  1
321:   0.1201  0.4094  0.1181  0.1111  0.1211  0.1201  1
322:   0.1888  0.0490  0.1698  0.1808  0.1968  0.2148  1
323:   0.2040  0.0410  0.1660  0.2100  0.1990  0.1800  1
324:   0.1740  0.0390  0.2370  0.1790  0.1820  0.1890  1
325:   0.1902  0.0160  0.1922  0.1972  0.1982  0.2062  1
326:   0.1480  0.0170  0.2160  0.2240  0.1990  0.1960  1
327:   0.1660  0.1260  0.1600  0.1590  0.2020  0.1870  1
328:   0.1870  0.0110  0.2180  0.1980  0.1820  0.2040  1
329:   0.2240  0.0300  0.1750  0.1780  0.2030  0.1900  1
330:   0.1848  0.0989  0.1778  0.1748  0.1778  0.1858  1
331:   0.1956  0.0449  0.1996  0.1966  0.1756  0.1876  1
332:   0.1812  0.0160  0.1912  0.1932  0.1992  0.2192  1
333:   0.2050  0.0210  0.1860  0.1910  0.1990  0.1980  1
334:   0.1910  0.0280  0.2160  0.1750  0.1820  0.2080  1
335:   0.1560  0.1950  0.1570  0.1490  0.1750  0.1680  1
336:   0.1742  0.0751  0.1832  0.2052  0.1822  0.1802  1
337:   0.1560  0.0120  0.2240  0.1470  0.1840  0.2770  1
338:   0.2198  0.0160  0.2228  0.1838  0.1858  0.1718  1
339:   0.1510  0.0420  0.2080  0.1490  0.1700  0.2800  1
340:   0.1300  0.3170  0.1440  0.1310  0.1290  0.1490  1
341:   0.1672  0.1001  0.1912  0.1812  0.1802  0.1802  1
342:   0.1850  0.0270  0.2020  0.2040  0.1770  0.2050  1
343:   0.1588  0.0230  0.1948  0.2168  0.2168  0.1898  1
344:   0.1740  0.0410  0.1980  0.1840  0.2080  0.1950  1
345:   0.1840  0.0190  0.1940  0.2070  0.2070  0.1890  1
346:   0.2232  0.0290  0.1812  0.1802  0.1882  0.1982  1
347:   0.1662  0.0250  0.1912  0.2262  0.2082  0.1832  1
348:   0.2100  0.0460  0.2000  0.1840  0.1880  0.1720  1
349:   0.1942  0.0490  0.1972  0.1882  0.1852  0.1862  1
350:   0.1890  0.1540  0.1640  0.1500  0.1770  0.1660  1
351:   0.2178  0.0629  0.1578  0.1738  0.1918  0.1958  1
352:   0.2170  0.0150  0.1970  0.1780  0.1950  0.1980  1
353:   0.0621  0.6496  0.0651  0.0761  0.0801  0.0671  1
354:   0.2000  0.0220  0.2070  0.2130  0.1830  0.1750  1
355:   0.2140  0.0180  0.2000  0.1530  0.2220  0.1930  1
356:   0.1810  0.0570  0.1850  0.1910  0.1900  0.1960  1
357:   0.1800  0.0390  0.1800  0.1860  0.2230  0.1920  1
358:   0.1738  0.0260  0.1958  0.2068  0.2048  0.1928  1
359:   0.2010  0.0820  0.1840  0.1870  0.1810  0.1650  1
360:   0.1730  0.0540  0.1730  0.1920  0.2070  0.2010  1
361:   0.2000  0.0300  0.1840  0.1810  0.2180  0.1870  1
362:   0.1512  0.2212  0.1502  0.1451  0.1612  0.1712  1
363:   0.1618  0.1269  0.1858  0.1748  0.1758  0.1748  1
364:   0.1920  0.0550  0.1830  0.1720  0.1930  0.2050  1
365:   0.1560  0.2000  0.1640  0.1470  0.1610  0.1720  1
366:   0.2098  0.0619  0.1598  0.1878  0.1918  0.1888  1
367:   0.0519  0.7083  0.0619  0.0599  0.0579  0.0599  1
368:   0.1958  0.0250  0.1848  0.1988  0.1918  0.2038  1
369:   0.1952  0.0230  0.2082  0.1812  0.1922  0.2002  1
370:   0.1610  0.0540  0.1770  0.2190  0.2050  0.1840  1
371:   0.1868  0.1109  0.1678  0.1928  0.1668  0.1748  1
372:   0.1988  0.0310  0.1928  0.2258  0.1808  0.1708  1
373:   0.1792  0.1281  0.1712  0.1742  0.1822  0.1652  1
374:   0.1958  0.0470  0.1958  0.1778  0.2038  0.1798  1
375:   0.2248  0.0749  0.1469  0.1479  0.1998  0.2058  1
376:   0.1892  0.0841  0.1942  0.1622  0.2012  0.1692  1
377:   0.1730  0.0300  0.2120  0.1970  0.1940  0.1940  1
378:   0.1720  0.0230  0.2120  0.2070  0.1920  0.1940  1
379:   0.2120  0.0610  0.1500  0.1790  0.2010  0.1970  1
380:   0.1842  0.0641  0.1832  0.1632  0.2022  0.2032  1
381:   0.2070  0.0320  0.1770  0.1970  0.1990  0.1880  1
382:   0.1990  0.0240  0.1680  0.2210  0.2040  0.1840  1
383:   0.2060  0.0430  0.1630  0.1790  0.2140  0.1950  1
384:   0.2000  0.0120  0.2060  0.2190  0.1870  0.1760  1
385:   0.1840  0.0980  0.1820  0.1750  0.1690  0.1920  1
386:   0.2018  0.0200  0.2018  0.1818  0.1888  0.2058  1
387:   0.1800  0.1330  0.1680  0.1360  0.1820  0.2010  1
388:   0.0979  0.4426  0.1079  0.1139  0.1259  0.1119  1
389:   0.1201  0.3824  0.1181  0.1181  0.1431  0.1181  1
390:   0.1820  0.0300  0.1800  0.2070  0.1840  0.2170  1
391:   0.1808  0.0330  0.1838  0.2018  0.2078  0.1928  1
392:   0.1672  0.0951  0.2182  0.1592  0.1932  0.1672  1
393:   0.2360  0.0290  0.1800  0.1660  0.1960  0.1930  1
394:   0.1630  0.0450  0.1900  0.2080  0.2080  0.1860  1
395:   0.1720  0.0770  0.2190  0.1750  0.1750  0.1820  1
396:   0.1391  0.0250  0.2142  0.1632  0.1962  0.2623  1
397:   0.1638  0.1918  0.1548  0.1399  0.1868  0.1628  1
398:   0.2270  0.0160  0.1780  0.1750  0.2030  0.2010  1
399:   0.1730  0.0120  0.2040  0.2320  0.1930  0.1860  1
400:   0.1870  0.0730  0.1990  0.1750  0.1780  0.1880  1
401:   0.1540  0.1560  0.1610  0.1640  0.1790  0.1860  1
402:   0.1608  0.0410  0.2328  0.1868  0.1758  0.2028  1
403:   0.1270  0.2310  0.1720  0.1450  0.1540  0.1710  1
404:   0.1872  0.0350  0.2302  0.2342  0.1642  0.1491  1
405:   0.2040  0.0210  0.1980  0.1770  0.2100  0.1900  1
406:   0.0799  0.5604  0.0939  0.0839  0.0929  0.0889  1
407:   0.1532  0.2242  0.1542  0.1552  0.1612  0.1522  1
408:   0.2120  0.0160  0.1640  0.2110  0.2090  0.1880  1
409:   0.1948  0.0480  0.1648  0.1798  0.1948  0.2178  1
410:   0.1590  0.2310  0.1550  0.1340  0.1550  0.1660  1
411:   0.2220  0.0240  0.1790  0.1870  0.2120  0.1760  1
412:   0.1840  0.0290  0.2180  0.1530  0.2080  0.2080  1
413:   0.2028  0.0140  0.2038  0.1998  0.1988  0.1808  1
414:   0.1532  0.1502  0.1712  0.1742  0.1662  0.1852  1
415:   0.1752  0.0310  0.1882  0.2112  0.1992  0.1952  1
416:   0.2050  0.0170  0.1740  0.2010  0.1950  0.2080  1
417:   0.1480  0.0710  0.1830  0.2180  0.1940  0.1860  1
418:   0.2030  0.0190  0.1970  0.1990  0.1980  0.1840  1
419:   0.1750  0.0510  0.1740  0.2170  0.1930  0.1900  1
420:   0.1100  0.4360  0.1000  0.1130  0.1200  0.1210  1
421:   0.1730  0.0320  0.2430  0.1770  0.1690  0.2060  1
422:   0.2140  0.0150  0.1860  0.2000  0.1940  0.1910  1
423:   0.1880  0.0200  0.1890  0.2190  0.2080  0.1760  1
424:   0.1908  0.1229  0.1758  0.1748  0.1788  0.1568  1
425:   0.1722  0.0951  0.2132  0.1712  0.1642  0.1842  1
426:   0.1950  0.0440  0.1750  0.1940  0.1980  0.1940  1
427:   0.1922  0.0160  0.1742  0.2012  0.2222  0.1942  1
428:   0.1241  0.0330  0.2422  0.1862  0.1882  0.2262  1
429:   0.1440  0.3680  0.1250  0.1140  0.1160  0.1330  1
430:   0.1730  0.0320  0.1900  0.1970  0.2010  0.2070  1
431:   0.1922  0.0200  0.1902  0.2122  0.2032  0.1822  1
432:   0.2010  0.0140  0.2020  0.2020  0.1960  0.1850  1
433:   0.2022  0.0130  0.2002  0.1952  0.2012  0.1882  1
434:   0.1972  0.0280  0.2112  0.1672  0.2122  0.1842  1
435:   0.1880  0.0530  0.2010  0.1640  0.1880  0.2060  1
436:   0.1752  0.0320  0.2192  0.1862  0.1852  0.2022  1
437:   0.2192  0.0220  0.1672  0.1842  0.2132  0.1942  1
438:   0.2028  0.0320  0.1808  0.1988  0.1988  0.1868  1
439:   0.1522  0.0641  0.2202  0.1542  0.1812  0.2282  1
440:   0.2022  0.0160  0.1962  0.2192  0.1822  0.1842  1
441:   0.1568  0.0969  0.1778  0.1988  0.1878  0.1818  1
442:   0.1470  0.1790  0.1500  0.1810  0.1770  0.1660  1
443:   0.2458  0.0190  0.1499  0.1848  0.2008  0.1998  1
444:   0.2080  0.0120  0.1780  0.1960  0.2180  0.1880  1
445:   0.2028  0.0340  0.1878  0.1538  0.1898  0.2318  1
446:   0.2050  0.0360  0.1910  0.2050  0.1800  0.1830  1
447:   0.1311  0.2683  0.1491  0.1662  0.1431  0.1421  1
448:   0.1900  0.0310  0.1920  0.1670  0.1880  0.2320  1
449:   0.2212  0.0200  0.1712  0.1872  0.2012  0.1992  1
450:   0.1429  0.2927  0.1429  0.1678  0.1189  0.1349  1
451:   0.1241  0.3544  0.1351  0.1161  0.1261  0.1441  1
452:   0.2090  0.0190  0.1990  0.2260  0.1820  0.1650  1
453:   0.1449  0.0480  0.2078  0.1758  0.1948  0.2288  1
454:   0.1742  0.0390  0.1842  0.2152  0.2022  0.1852  1
455:   0.1940  0.0360  0.2190  0.2220  0.1750  0.1540  1
456:   0.1970  0.0440  0.1820  0.1880  0.2020  0.1870  1
457:   0.1782  0.0160  0.2202  0.2212  0.1862  0.1782  1
458:   0.2120  0.0240  0.1980  0.1950  0.1870  0.1840  1
459:   0.1658  0.1808  0.1409  0.1758  0.1668  0.1698  1
460:   0.1190  0.4560  0.1010  0.0950  0.1150  0.1140  1
461:   0.1976  0.0619  0.1766  0.1876  0.1896  0.1866  1
462:   0.1910  0.0190  0.1920  0.1840  0.2090  0.2050  1
463:   0.2090  0.0190  0.1960  0.2250  0.1750  0.1760  1
464:   0.2090  0.0240  0.1960  0.1760  0.2130  0.1820  1
465:   0.1690  0.0660  0.1870  0.2010  0.1930  0.1840  1
466:   0.1419  0.2298  0.1459  0.1638  0.1698  0.1489  1
467:   0.2100  0.0210  0.1870  0.1880  0.2050  0.1890  1
468:   0.2182  0.0330  0.1922  0.1832  0.1802  0.1932  1
469:   0.1658  0.0140  0.2168  0.2208  0.1848  0.1978  1
470:   0.1792  0.1431  0.1752  0.1892  0.1562  0.1572  1
471:   0.1782  0.1211  0.1832  0.1622  0.1762  0.1792  1
472:   0.2072  0.0591  0.1592  0.1772  0.2022  0.1952  1
473:   0.1922  0.0210  0.1992  0.1872  0.2122  0.1882  1
474:   0.1898  0.0430  0.2058  0.1908  0.1808  0.1898  1
475:   0.2028  0.0110  0.2288  0.2048  0.1958  0.1568  1
476:   0.1391  0.3283  0.1321  0.1241  0.1361  0.1401  1
477:   0.1852  0.0861  0.1942  0.1892  0.1732  0.1722  1
478:   0.1922  0.0601  0.1722  0.1972  0.1862  0.1922  1
479:   0.1940  0.0460  0.2190  0.2020  0.1820  0.1570  1
480:   0.1782  0.0771  0.1902  0.1812  0.2002  0.1732  1
481:   0.1632  0.1111  0.1922  0.1862  0.1682  0.1792  1
482:   0.1568  0.1898  0.1888  0.1728  0.1469  0.1449  1
483:   0.1872  0.0180  0.1812  0.1752  0.1962  0.2422  1
484:   0.1770  0.1010  0.1670  0.1630  0.1830  0.2090  1
485:   0.1570  0.1700  0.1740  0.1720  0.1560  0.1710  1
486:   0.1900  0.1040  0.1960  0.1630  0.1860  0.1610  1
487:   0.1768  0.0370  0.1868  0.2018  0.1968  0.2008  1
488:   0.1810  0.1520  0.1450  0.1520  0.1830  0.1870  1
489:   0.2140  0.0230  0.1810  0.2140  0.1790  0.1890  1
490:   0.1882  0.0571  0.1752  0.1702  0.2152  0.1942  1
491:   0.2082  0.0511  0.1942  0.1732  0.1882  0.1852  1
492:   0.1940  0.0830  0.1670  0.1560  0.1960  0.2040  1
493:   0.1992  0.0140  0.2052  0.2132  0.1662  0.2022  1
494:   0.2278  0.0200  0.1878  0.1618  0.2138  0.1888  1
495:   0.1850  0.0570  0.1780  0.1910  0.1970  0.1920  1
496:   0.1658  0.0979  0.1718  0.1459  0.1888  0.2298  1
497:   0.1890  0.0300  0.1980  0.2040  0.1900  0.1890  1
498:   0.2150  0.0180  0.1960  0.2080  0.1840  0.1790  1
499:   0.1510  0.3130  0.1290  0.1350  0.1310  0.1410  1
500:   0.2060  0.0190  0.1980  0.2160  0.1910  0.1700  1
501:   0.1800  0.1480  0.1910  0.1890  0.1390  0.1530  1
502:   0.2072  0.0260  0.2042  0.1852  0.1932  0.1842  1
503:   0.1818  0.0200  0.2168  0.2018  0.1748  0.2048  1
504:   0.2000  0.0090  0.2130  0.2380  0.1650  0.1750  1
505:   0.0871  0.5576  0.0911  0.0791  0.0911  0.0941  1
506:   0.1000  0.4430  0.1190  0.1030  0.1200  0.1150  1
507:   0.1810  0.1130  0.1490  0.1630  0.1980  0.1960  1
508:   0.2000  0.0300  0.1780  0.2080  0.1920  0.1920  1
509:   0.1081  0.4414  0.1281  0.1211  0.0961  0.1051  1
510:   0.1858  0.0589  0.2138  0.1838  0.1858  0.1718  1
511:   0.1890  0.0250  0.1950  0.1910  0.1910  0.2090  1
512:   0.1508  0.2218  0.1658  0.1469  0.1479  0.1668  1
513:   0.2000  0.0410  0.2070  0.1960  0.1850  0.1710  1
514:   0.1360  0.2780  0.1480  0.1520  0.1450  0.1410  1
515:   0.1658  0.0949  0.1688  0.1908  0.1838  0.1958  1
516:   0.1572  0.1762  0.1602  0.1832  0.1612  0.1622  1
517:   0.2380  0.0260  0.1440  0.1770  0.2110  0.2040  1
518:   0.2348  0.0450  0.1379  0.1548  0.1958  0.2318  1
519:   0.2312  0.0110  0.1952  0.1832  0.2082  0.1712  1
520:   0.2222  0.0581  0.1662  0.1662  0.1832  0.2042  1
521:   0.2020  0.0460  0.1640  0.1960  0.2060  0.1860  1
522:   0.1320  0.3200  0.1250  0.1380  0.1440  0.1410  1
523:   0.2080  0.0180  0.2290  0.2150  0.1770  0.1530  1
524:   0.2320  0.0670  0.1710  0.1570  0.2010  0.1720  1
525:   0.1598  0.1918  0.1628  0.1688  0.1688  0.1479  1
526:   0.1918  0.0150  0.1878  0.2168  0.2068  0.1818  1
527:   0.1502  0.2973  0.1361  0.1411  0.1411  0.1341  1
528:   0.1490  0.1740  0.1620  0.1720  0.1650  0.1780  1
529:   0.1558  0.0390  0.2168  0.2208  0.1788  0.1888  1
530:   0.1840  0.1310  0.1670  0.1710  0.1700  0.1770  1
531:   0.1960  0.0600  0.1990  0.1970  0.1730  0.1750  1
532:   0.2050  0.0400  0.1960  0.2070  0.1830  0.1690  1
533:   0.1882  0.0320  0.1882  0.1852  0.2022  0.2042  1
534:   0.2150  0.0400  0.1870  0.1920  0.1840  0.1820  1
535:   0.2010  0.0630  0.1820  0.1950  0.1800  0.1790  1
536:   0.1830  0.0860  0.2080  0.1900  0.1720  0.1610  1
537:   0.2110  0.0610  0.1620  0.1480  0.2030  0.2150  1
538:   0.0869  0.5425  0.0909  0.0919  0.0959  0.0919  1
539:   0.1623  0.1723  0.1603  0.1924  0.1613  0.1513  1
540:   0.2030  0.0280  0.2180  0.2200  0.1810  0.1500  1
541:   0.1920  0.0180  0.2470  0.2340  0.1590  0.1500  1
542:   0.2050  0.0190  0.1870  0.1820  0.1850  0.2220  1
543:   0.1950  0.0150  0.1950  0.2350  0.1800  0.1800  1
544:   0.2010  0.0290  0.1850  0.1900  0.1950  0.2000  1
545:   0.1940  0.0340  0.2130  0.1940  0.1730  0.1920  1
546:   0.1998  0.0130  0.2208  0.2408  0.1558  0.1698  1
547:   0.2200  0.0450  0.2180  0.1780  0.1870  0.1520  1
548:   0.1968  0.0190  0.1978  0.2448  0.1768  0.1648  1
549:   0.1800  0.0230  0.1910  0.1980  0.2130  0.1950  1
550:   0.1910  0.0130  0.2340  0.2000  0.1860  0.1760  1
551:   0.1862  0.0220  0.2202  0.2503  0.1682  0.1532  1
552:   0.1988  0.0450  0.1918  0.1988  0.1928  0.1728  1
553:   0.1870  0.0440  0.1910  0.2090  0.1900  0.1790  1
554:   0.1920  0.0190  0.1960  0.2070  0.1990  0.1870  1
555:   0.2228  0.0589  0.1508  0.1439  0.2148  0.2088  1
556:   0.1860  0.0740  0.1860  0.1730  0.1730  0.2080  1
557:   0.1632  0.1041  0.1962  0.1872  0.1702  0.1792  1
558:   0.1612  0.1512  0.1602  0.1602  0.1792  0.1882  1
559:   0.0350  0.8162  0.0410  0.0330  0.0360  0.0390  1
560:   0.1792  0.0761  0.2002  0.1832  0.1822  0.1792  1
561:   0.0980  0.6340  0.0550  0.0540  0.0780  0.0810  1
562:   0.1578  0.2058  0.1648  0.1538  0.1618  0.1558  1
563:   0.0320  0.8160  0.0360  0.0410  0.0400  0.0350  1
564:   0.1231  0.4094  0.1081  0.1001  0.1251  0.1341  1
565:   0.0340  0.8310  0.0330  0.0340  0.0350  0.0330  1
566:   0.1600  0.2130  0.1530  0.1590  0.1570  0.1580  1
567:   0.1120  0.4570  0.1130  0.1040  0.1120  0.1020  1
568:   0.1838  0.0579  0.1938  0.2078  0.1848  0.1718  1
569:   0.1570  0.2850  0.1240  0.1140  0.1500  0.1700  1
570:   0.1758  0.1568  0.1608  0.1369  0.1638  0.2058  1
571:   0.1239  0.3546  0.1229  0.1339  0.1389  0.1259  1
572:   0.1100  0.5620  0.0760  0.0730  0.0860  0.0930  1
573:   0.0300  0.8460  0.0290  0.0320  0.0340  0.0290  1
574:   0.1481  0.1922  0.1491  0.1662  0.1772  0.1672  1
575:   0.1130  0.4470  0.1020  0.1180  0.1080  0.1120  1
576:   0.1189  0.4685  0.1059  0.0979  0.1049  0.1039  1
577:   0.0450  0.7752  0.0450  0.0460  0.0460  0.0430  1
578:   0.1100  0.4120  0.1160  0.1150  0.1220  0.1250  1
579:   0.0719  0.6084  0.0789  0.0819  0.0769  0.0819  1
580:   0.0440  0.7620  0.0450  0.0450  0.0570  0.0470  1
581:   0.1299  0.4326  0.1069  0.1149  0.1069  0.1089  1
582:   0.0680  0.6940  0.0530  0.0560  0.0660  0.0630  1
583:   0.0260  0.8521  0.0290  0.0320  0.0310  0.0300  1
584:   0.0330  0.8272  0.0360  0.0330  0.0360  0.0350  1
585:   0.0470  0.7880  0.0410  0.0410  0.0460  0.0370  1
586:   0.1219  0.3087  0.1369  0.1479  0.1479  0.1369  1
587:   0.1738  0.1409  0.1628  0.1578  0.1908  0.1738  1
588:   0.1850  0.1950  0.1620  0.1500  0.1470  0.1610  1
589:   0.2118  0.1199  0.1409  0.1359  0.2048  0.1868  1
590:   0.0240  0.8859  0.0240  0.0210  0.0220  0.0230  1
591:   0.0989  0.5165  0.0819  0.0899  0.0999  0.1129  1
592:   0.0661  0.6837  0.0581  0.0591  0.0671  0.0661  1
593:   0.0890  0.5290  0.0890  0.0970  0.0890  0.1070  1
594:   0.0190  0.9050  0.0190  0.0200  0.0190  0.0180  1
595:   0.0340  0.8230  0.0360  0.0330  0.0370  0.0370  1
596:   0.0799  0.6164  0.0679  0.0739  0.0809  0.0809  1
597:   0.0581  0.7227  0.0621  0.0521  0.0561  0.0490  1
598:   0.0150  0.9301  0.0140  0.0130  0.0140  0.0140  1
599:   0.0490  0.7570  0.0440  0.0450  0.0510  0.0540  1
600:   0.1580  0.0470  0.2140  0.1640  0.1830  0.2340  1
601:   0.0630  0.6530  0.0740  0.0720  0.0670  0.0710  1
602:   0.0140  0.9290  0.0140  0.0140  0.0140  0.0150  1
603:   0.1180  0.4620  0.0920  0.0890  0.1210  0.1180  1
604:   0.0660  0.6160  0.0810  0.0700  0.0820  0.0850  1
605:   0.0520  0.7370  0.0470  0.0560  0.0540  0.0540  1
606:   0.1578  0.2058  0.1489  0.1728  0.1708  0.1439  1
607:   0.1550  0.1350  0.1910  0.1680  0.1810  0.1700  1
608:   0.0600  0.7130  0.0560  0.0500  0.0590  0.0620  1
609:   0.1790  0.1890  0.1400  0.1350  0.1800  0.1770  1
610:   0.0280  0.8570  0.0270  0.0290  0.0270  0.0320  1
611:   0.1628  0.1968  0.1479  0.1449  0.1738  0.1738  1
612:   0.0200  0.9079  0.0180  0.0170  0.0190  0.0180  1
613:   0.1552  0.1992  0.1572  0.1341  0.1722  0.1822  1
614:   0.0620  0.6750  0.0650  0.0650  0.0640  0.0690  1
615:   0.0910  0.5170  0.0800  0.0770  0.1080  0.1270  1
616:   0.0800  0.5010  0.1130  0.0850  0.1020  0.1190  1
617:   0.0999  0.5195  0.1059  0.0989  0.0859  0.0899  1
618:   0.0300  0.8570  0.0280  0.0260  0.0300  0.0290  1
619:   0.0170  0.9180  0.0160  0.0160  0.0170  0.0160  1
620:   0.0130  0.9309  0.0140  0.0130  0.0140  0.0150  1
621:   0.0400  0.7858  0.0450  0.0410  0.0420  0.0460  1
622:   0.0310  0.8422  0.0310  0.0320  0.0300  0.0340  1
623:   0.0230  0.8870  0.0220  0.0240  0.0230  0.0210  1
624:   0.0450  0.7730  0.0470  0.0450  0.0470  0.0430  1
625:   0.0270  0.8680  0.0260  0.0250  0.0270  0.0270  1
626:   0.0130  0.9391  0.0120  0.0110  0.0130  0.0120  1
627:   0.0220  0.8910  0.0210  0.0210  0.0220  0.0230  1
628:   0.0160  0.9191  0.0160  0.0170  0.0160  0.0160  1
629:   0.0190  0.9011  0.0190  0.0210  0.0210  0.0190  1
630:   0.0340  0.8332  0.0330  0.0330  0.0340  0.0330  1
631:   0.0180  0.9120  0.0180  0.0170  0.0170  0.0180  1
632:   0.1742  0.2923  0.1081  0.1161  0.1612  0.1481  1
633:   0.0170  0.9211  0.0150  0.0160  0.0160  0.0150  1
634:   0.1241  0.2983  0.1502  0.1522  0.1371  0.1381  1
635:   0.1050  0.4690  0.0990  0.1060  0.1110  0.1100  1
636:   0.0540  0.6670  0.0660  0.0590  0.0690  0.0850  1
637:   0.0140  0.9319  0.0130  0.0140  0.0140  0.0130  1
638:   0.1231  0.4464  0.1021  0.1101  0.1091  0.1091  1
639:   0.0260  0.8789  0.0210  0.0210  0.0270  0.0260  1
640:   0.0290  0.8458  0.0310  0.0300  0.0300  0.0340  1
641:   0.0290  0.8520  0.0300  0.0310  0.0290  0.0290  1
642:   0.0659  0.6823  0.0529  0.0659  0.0669  0.0659  1
643:   0.0230  0.8870  0.0200  0.0210  0.0240  0.0250  1
644:   0.0549  0.7473  0.0450  0.0420  0.0559  0.0549  1
645:   0.0870  0.6340  0.0640  0.0550  0.0850  0.0750  1
646:   0.0280  0.8539  0.0270  0.0330  0.0280  0.0300  1
647:   0.1830  0.1470  0.1580  0.1590  0.1820  0.1710  1
648:   0.1570  0.2960  0.1220  0.1200  0.1520  0.1530  1
649:   0.0230  0.8740  0.0270  0.0260  0.0250  0.0250  1
650:   0.0851  0.3544  0.1481  0.1141  0.1261  0.1722  1
651:   0.0440  0.8050  0.0330  0.0380  0.0400  0.0400  1
652:   0.0541  0.7477  0.0490  0.0460  0.0501  0.0531  1
653:   0.0629  0.6993  0.0599  0.0589  0.0629  0.0559  1
654:   0.0230  0.8909  0.0210  0.0220  0.0210  0.0220  1
655:   0.0280  0.8619  0.0270  0.0290  0.0280  0.0260  1
656:   0.0100  0.9460  0.0110  0.0110  0.0110  0.0110  1
657:   0.0180  0.9140  0.0170  0.0170  0.0170  0.0170  1
658:   0.0420  0.7808  0.0430  0.0430  0.0460  0.0450  1
659:   0.1321  0.3263  0.1201  0.1281  0.1371  0.1562  1
660:   0.0170  0.9170  0.0160  0.0150  0.0180  0.0170  1
661:   0.1459  0.3007  0.1309  0.1299  0.1469  0.1459  1
662:   0.0150  0.9221  0.0150  0.0160  0.0150  0.0170  1
663:   0.0620  0.6760  0.0690  0.0640  0.0650  0.0640  1
664:   0.0660  0.6810  0.0620  0.0580  0.0650  0.0680  1
665:   0.0280  0.8780  0.0210  0.0240  0.0240  0.0250  1
666:   0.0210  0.8839  0.0240  0.0240  0.0250  0.0220  1
667:   0.0550  0.7240  0.0540  0.0500  0.0610  0.0560  1
668:   0.0579  0.7173  0.0549  0.0470  0.0519  0.0709  1

  1:   0.1700  0.1670  0.1450  0.1810  0.1880  0.1490  1
  2:   0.2320  0.0570  0.1780  0.2080  0.1750  0.1500  1
  3:   0.1970  0.0380  0.1650  0.2160  0.2120  0.1720  1
  4:   0.1770  0.1120  0.1670  0.1850  0.1810  0.1780  1
  5:   0.2060  0.0200  0.1480  0.2080  0.2290  0.1890  1
  6:   0.2300  0.0690  0.1820  0.1990  0.1630  0.1570  1
  7:   0.1860  0.0170  0.1890  0.2050  0.2200  0.1830  1
  8:   0.0860  0.5120  0.0970  0.0880  0.1000  0.1170  1
  9:   0.2160  0.0140  0.1880  0.2010  0.1820  0.1990  1
 10:   0.2178  0.0330  0.1808  0.1818  0.2188  0.1678  1
 11:   0.2062  0.0200  0.1712  0.2312  0.2062  0.1652  1
 12:   0.2200  0.0320  0.1560  0.2240  0.2190  0.1490  1
 13:   0.2070  0.0310  0.2000  0.1960  0.1740  0.1920  1
 14:   0.1988  0.0290  0.1508  0.2028  0.2248  0.1938  1
 15:   0.2262  0.0631  0.1812  0.1872  0.1762  0.1662  1
 16:   0.2390  0.0270  0.1670  0.2090  0.2110  0.1470  1
 17:   0.2158  0.0260  0.1798  0.1698  0.1758  0.2328  1
 18:   0.1662  0.2693  0.1451  0.1612  0.1411  0.1171  1
 19:   0.1872  0.0741  0.1491  0.2052  0.2262  0.1582  1
 20:   0.1928  0.0200  0.1978  0.2028  0.2218  0.1648  1
 21:   0.2400  0.0270  0.1830  0.1780  0.1820  0.1900  1
 22:   0.1970  0.0170  0.2200  0.1850  0.1710  0.2100  1
 23:   0.2020  0.0850  0.1670  0.1850  0.1830  0.1780  1
 24:   0.2098  0.0490  0.1838  0.2008  0.1828  0.1738  1
 25:   0.1680  0.0260  0.1990  0.1950  0.1920  0.2200  1
 26:   0.2010  0.0260  0.1630  0.2190  0.2160  0.1750  1
 27:   0.2008  0.0380  0.1489  0.2078  0.2398  0.1648  1
 28:   0.2370  0.0340  0.1950  0.2060  0.1730  0.1550  1
 29:   0.2700  0.0150  0.1920  0.2020  0.1570  0.1640  1
 30:   0.2370  0.0310  0.1820  0.1840  0.1860  0.1800  1
 31:   0.1630  0.0790  0.2140  0.1680  0.1630  0.2130  1
 32:   0.2240  0.0220  0.1760  0.2080  0.1900  0.1800  1
 33:   0.2400  0.0610  0.1900  0.1960  0.1610  0.1520  1
