  1:   0.0611  0.3343  0.2953  0.3093  1
  2:   0.0180  0.3393  0.3013  0.3413  1
  3:   0.0270  0.3050  0.3080  0.3600  1
  4:   0.0130  0.2937  0.3776  0.3157  1
  5:   0.0250  0.2920  0.2830  0.4000  1
  6:   0.3483  0.1892  0.2392  0.2232  1
  7:   0.0410  0.3100  0.3000  0.3490  1
  8:   0.0140  0.3020  0.2550  0.4290  1
  9:   0.2697  0.2468  0.2138  0.2697  1
 10:   0.0280  0.2887  0.2887  0.3946  1
 11:   0.2970  0.2370  0.2110  0.2550  1
 12:   0.0380  0.3170  0.2660  0.3790  1
 13:   0.4510  0.1780  0.2060  0.1650  1
 14:   0.0920  0.3170  0.3230  0.2680  1
 15:   0.0340  0.3530  0.2690  0.3440  1
 16:   0.0380  0.3463  0.2773  0.3383  1
 17:   0.0170  0.3620  0.3130  0.3080  1
 18:   0.3210  0.2090  0.2400  0.2300  1
 19:   0.0290  0.3200  0.3120  0.3390  1
 20:   0.0360  0.3650  0.2620  0.3370  1
 21:   0.0700  0.3150  0.3520  0.2630  1
 22:   0.0240  0.3410  0.2840  0.3510  1
 23:   0.0190  0.3340  0.2700  0.3770  1
 24:   0.0660  0.2930  0.3790  0.2620  1
 25:   0.0220  0.3123  0.3113  0.3544  1
 26:   0.1330  0.2810  0.2720  0.3140  1
 27:   0.0300  0.3526  0.2767  0.3407  1
 28:   0.0450  0.2767  0.2897  0.3886  1
 29:   0.0460  0.3060  0.3190  0.3290  1
 30:   0.1792  0.2693  0.2583  0.2933  1
 31:   0.0661  0.3083  0.3804  0.2452  1
 32:   0.0300  0.3077  0.3137  0.3487  1
 33:   0.0410  0.2980  0.3090  0.3520  1
 34:   0.0410  0.3180  0.3180  0.3230  1
 35:   0.0250  0.3480  0.3990  0.2280  1
 36:   0.3800  0.2030  0.2260  0.1910  1
 37:   0.0150  0.3560  0.2680  0.3610  1
 38:   0.0790  0.3050  0.2860  0.3300  1
 39:   0.0689  0.3177  0.2957  0.3177  1
 40:   0.0270  0.3390  0.4060  0.2280  1
 41:   0.5140  0.1640  0.1700  0.1520  1
 42:   0.1051  0.2953  0.2713  0.3283  1
 43:   0.0260  0.3490  0.3160  0.3090  1
 44:   0.0330  0.3250  0.3100  0.3320  1
 45:   0.0320  0.3310  0.2860  0.3510  1
 46:   0.0340  0.3400  0.3740  0.2520  1
 47:   0.0651  0.3073  0.2923  0.3353  1
 48:   0.0310  0.3097  0.3157  0.3437  1
 49:   0.0580  0.3130  0.3180  0.3110  1
 50:   0.0440  0.3190  0.3100  0.3270  1
 51:   0.0679  0.3287  0.2687  0.3347  1
 52:   0.0210  0.3470  0.2830  0.3490  1
 53:   0.0470  0.3420  0.2920  0.3190  1
 54:   0.3093  0.2332  0.1982  0.2593  1
 55:   0.0330  0.3187  0.3516  0.2967  1
 56:   0.0420  0.3310  0.2870  0.3400  1
 57:   0.0490  0.3150  0.3850  0.2510  1
 58:   0.0240  0.3083  0.2993  0.3684  1
 59:   0.0920  0.2780  0.2640  0.3660  1
 60:   0.0150  0.3400  0.4110  0.2340  1
 61:   0.1532  0.2813  0.3153  0.2503  1
 62:   0.0280  0.3526  0.2787  0.3407  1
 63:   0.0170  0.3010  0.3670  0.3150  1
 64:   0.0280  0.3410  0.2870  0.3440  1
 65:   0.1210  0.2930  0.3320  0.2540  1
 66:   0.0300  0.3093  0.3804  0.2803  1
 67:   0.7620  0.0860  0.0660  0.0860  1
 68:   0.0450  0.3030  0.3470  0.3050  1
 69:   0.0190  0.2950  0.3890  0.2970  1
 70:   0.0310  0.3200  0.3600  0.2890  1
 71:   0.0400  0.3600  0.2500  0.3500  1
 72:   0.1950  0.2980  0.2170  0.2900  1
 73:   0.0410  0.3433  0.2783  0.3373  1
 74:   0.0200  0.3480  0.3160  0.3160  1
 75:   0.1100  0.3210  0.2350  0.3340  1
 76:   0.0290  0.3067  0.3367  0.3277  1
 77:   0.0140  0.3450  0.3430  0.2980  1
 78:   0.0230  0.3113  0.2773  0.3884  1
 79:   0.0160  0.3506  0.2707  0.3626  1
 80:   0.0200  0.3710  0.2720  0.3370  1
 81:   0.0720  0.3480  0.2740  0.3060  1
 82:   0.0370  0.3413  0.2673  0.3544  1
 83:   0.0629  0.3117  0.2997  0.3257  1
 84:   0.0330  0.3127  0.3377  0.3167  1
 85:   0.0250  0.2970  0.2810  0.3970  1
 86:   0.0390  0.3070  0.2840  0.3700  1
 87:   0.0820  0.3170  0.2640  0.3370  1
 88:   0.0270  0.3320  0.3060  0.3350  1
 89:   0.0280  0.3427  0.2827  0.3467  1
 90:   0.0350  0.2980  0.3740  0.2930  1
 91:   0.0230  0.3500  0.2750  0.3520  1
 92:   0.0320  0.3073  0.3644  0.2963  1
 93:   0.0690  0.3130  0.2490  0.3690  1
 94:   0.0200  0.3463  0.2783  0.3554  1
 95:   0.0270  0.3037  0.3097  0.3596  1
 96:   0.3870  0.1940  0.1960  0.2230  1
 97:   0.0170  0.3347  0.3636  0.2847  1
 98:   0.0400  0.2970  0.3650  0.2980  1
 99:   0.0310  0.3120  0.3700  0.2870  1
100:   0.0370  0.3103  0.3373  0.3153  1
101:   0.0180  0.3190  0.2420  0.4210  1
102:   0.0140  0.3470  0.2820  0.3570  1
103:   0.0160  0.3370  0.3000  0.3470  1
104:   0.0200  0.3646  0.2827  0.3327  1
105:   0.1950  0.2570  0.3190  0.2290  1
106:   0.0150  0.3277  0.3037  0.3536  1
107:   0.1740  0.2780  0.2970  0.2510  1
108:   0.0290  0.2997  0.2847  0.3866  1
109:   0.0160  0.3560  0.2800  0.3480  1
110:   0.0130  0.3510  0.2790  0.3570  1
111:   0.0360  0.2967  0.3097  0.3576  1
112:   0.0270  0.3140  0.3140  0.3450  1
113:   0.0180  0.3190  0.2650  0.3980  1
114:   0.1310  0.3230  0.2210  0.3250  1
115:   0.0420  0.3310  0.3290  0.2980  1
116:   0.0410  0.3030  0.2750  0.3810  1
117:   0.0390  0.3353  0.3954  0.2302  1
118:   0.0160  0.3634  0.3373  0.2833  1
119:   0.1578  0.2927  0.2667  0.2827  1
120:   0.0440  0.3350  0.2820  0.3390  1
121:   0.0220  0.3480  0.2950  0.3350  1
122:   0.0690  0.3190  0.2760  0.3360  1
123:   0.2008  0.2727  0.2388  0.2877  1
124:   0.0380  0.3267  0.2977  0.3377  1
125:   0.0180  0.3163  0.3233  0.3423  1
126:   0.1250  0.2980  0.2560  0.3210  1
127:   0.0440  0.3370  0.3160  0.3030  1
128:   0.0320  0.3273  0.4144  0.2262  1
129:   0.0810  0.3170  0.2710  0.3310  1
130:   0.7822  0.0719  0.0759  0.0699  1
131:   0.0260  0.3510  0.2860  0.3370  1
132:   0.0280  0.3283  0.3524  0.2913  1
133:   0.0910  0.3060  0.3450  0.2580  1
134:   0.0270  0.3163  0.2923  0.3644  1
135:   0.0200  0.3460  0.2710  0.3630  1
136:   0.0410  0.3270  0.3840  0.2480  1
137:   0.0541  0.3203  0.4034  0.2222  1
138:   0.0940  0.2950  0.3220  0.2890  1
139:   0.0260  0.3310  0.4160  0.2270  1
140:   0.2540  0.2510  0.2940  0.2010  1
141:   0.8420  0.0510  0.0490  0.0580  1
142:   0.0380  0.2843  0.2773  0.4004  1
143:   0.5980  0.1350  0.1290  0.1380  1
144:   0.0210  0.2883  0.3083  0.3824  1
145:   0.0400  0.3010  0.2890  0.3700  1
146:   0.0500  0.2750  0.3200  0.3550  1
147:   0.1229  0.2797  0.3277  0.2697  1
148:   0.0240  0.3107  0.2927  0.3726  1
149:   0.0710  0.3100  0.2740  0.3450  1
150:   0.0130  0.2760  0.2760  0.4350  1
151:   0.0290  0.3257  0.4216  0.2238  1
152:   0.0380  0.3130  0.4020  0.2470  1
153:   0.1491  0.2633  0.3233  0.2643  1
154:   0.0180  0.3410  0.4130  0.2280  1
155:   0.0340  0.3360  0.3470  0.2830  1
156:   0.0740  0.3180  0.2950  0.3130  1
157:   0.0310  0.3000  0.3230  0.3460  1
158:   0.0390  0.2920  0.3330  0.3360  1
159:   0.0180  0.3300  0.3750  0.2770  1
160:   0.0390  0.3277  0.3766  0.2567  1
161:   0.0210  0.3267  0.4256  0.2268  1
162:   0.0551  0.3043  0.3143  0.3263  1
163:   0.0350  0.3240  0.4150  0.2260  1
164:   0.0180  0.3260  0.4130  0.2430  1
165:   0.0250  0.3400  0.2840  0.3510  1
166:   0.1180  0.3040  0.2870  0.2910  1
167:   0.0230  0.3260  0.4130  0.2380  1
168:   0.0330  0.3177  0.3746  0.2747  1
169:   0.0750  0.3040  0.3650  0.2560  1
170:   0.1980  0.2710  0.2490  0.2820  1
171:   0.0330  0.3300  0.3950  0.2420  1
172:   0.1431  0.2853  0.3624  0.2092  1
173:   0.0250  0.3283  0.3944  0.2523  1
174:   0.0180  0.3370  0.4110  0.2340  1
175:   0.0740  0.2870  0.3490  0.2900  1
176:   0.0759  0.3287  0.3826  0.2128  1
177:   0.9040  0.0320  0.0300  0.0340  1
178:   0.7700  0.0790  0.0720  0.0790  1
179:   0.7920  0.0670  0.0780  0.0630  1
180:   0.0260  0.3310  0.2900  0.3530  1
181:   0.8720  0.0430  0.0440  0.0410  1
182:   0.8430  0.0560  0.0460  0.0550  1
183:   0.5700  0.1410  0.1590  0.1300  1
184:   0.6160  0.1300  0.1130  0.1410  1
185:   0.8422  0.0490  0.0569  0.0519  1
186:   0.6456  0.1181  0.1171  0.1191  1
187:   0.2820  0.2380  0.2760  0.2040  1
188:   0.3944  0.1932  0.1902  0.2222  1
189:   0.8700  0.0420  0.0440  0.0440  1
190:   0.0809  0.2967  0.3477  0.2747  1
191:   0.4575  0.2082  0.1361  0.1982  1
192:   0.9469  0.0170  0.0180  0.0180  1
193:   0.9440  0.0190  0.0180  0.0190  1
194:   0.9209  0.0260  0.0260  0.0270  1
195:   0.9181  0.0270  0.0290  0.0260  1
196:   0.9190  0.0270  0.0270  0.0270  1
197:   0.9230  0.0250  0.0280  0.0240  1
198:   0.4960  0.1610  0.1930  0.1500  1
199:   0.8382  0.0549  0.0500  0.0569  1
200:   0.6830  0.1010  0.0940  0.1220  1
201:   0.3970  0.2040  0.1900  0.2090  1
202:   0.7928  0.0681  0.0731  0.0661  1
203:   0.7080  0.0930  0.1090  0.0900  1
204:   0.9470  0.0180  0.0180  0.0170  1
205:   0.8322  0.0539  0.0599  0.0539  1
206:   0.8150  0.0570  0.0630  0.0650  1
207:   0.7340  0.0930  0.0760  0.0970  1
208:   0.8980  0.0310  0.0340  0.0370  1
209:   0.6130  0.1250  0.1220  0.1400  1
210:   0.9510  0.0160  0.0170  0.0160  1
211:   0.6620  0.1090  0.1070  0.1220  1
212:   0.8320  0.0560  0.0480  0.0640  1
213:   0.8180  0.0580  0.0560  0.0680  1
214:   0.9050  0.0310  0.0320  0.0320  1
215:   0.9600  0.0130  0.0130  0.0140  1
216:   0.8950  0.0350  0.0370  0.0330  1
217:   0.9410  0.0190  0.0220  0.0180  1
218:   0.8811  0.0430  0.0400  0.0360  1
219:   0.8931  0.0330  0.0350  0.0390  1
220:   0.7728  0.0681  0.0671  0.0921  1
221:   0.2980  0.2240  0.2590  0.2190  1
222:   0.9260  0.0230  0.0260  0.0250  1
223:   0.9371  0.0220  0.0200  0.0210  1
224:   0.1300  0.2740  0.2620  0.3340  1
225:   0.5395  0.1568  0.1399  0.1638  1
226:   0.9240  0.0240  0.0290  0.0230  1
227:   0.6456  0.1261  0.1081  0.1201  1
228:   0.7992  0.0739  0.0569  0.0699  1
229:   0.8819  0.0360  0.0420  0.0400  1
230:   0.8060  0.0650  0.0620  0.0670  1
231:   0.9450  0.0180  0.0190  0.0180  1
232:   0.8950  0.0360  0.0350  0.0340  1
233:   0.8180  0.0570  0.0570  0.0680  1
234:   0.0460  0.3130  0.4120  0.2290  1
235:   0.6220  0.1210  0.1200  0.1370  1
236:   0.7800  0.0750  0.0620  0.0830  1
237:   0.8400  0.0540  0.0500  0.0560  1
238:   0.8770  0.0400  0.0430  0.0400  1
239:   0.6246  0.1191  0.1251  0.1311  1
240:   0.7173  0.0849  0.0739  0.1239  1
241:   0.0861  0.2953  0.3493  0.2693  1
242:   0.6833  0.1059  0.1029  0.1079  1
243:   0.7662  0.0829  0.0729  0.0779  1
244:   0.3610  0.2080  0.2490  0.1820  1
245:   0.9380  0.0210  0.0200  0.0210  1
246:   0.7720  0.0780  0.0730  0.0770  1
247:   0.7480  0.0750  0.0860  0.0910  1
248:   0.7932  0.0699  0.0619  0.0749  1
249:   0.4745  0.1708  0.1528  0.2018  1
250:   0.2930  0.2260  0.2690  0.2120  1
251:   0.9360  0.0210  0.0230  0.0200  1
252:   0.8360  0.0480  0.0530  0.0630  1
253:   0.8770  0.0390  0.0420  0.0420  1
254:   0.6410  0.1220  0.1070  0.1300  1
255:   0.9449  0.0180  0.0180  0.0190  1
256:   0.9469  0.0160  0.0180  0.0190  1
257:   0.9319  0.0220  0.0220  0.0240  1
258:   0.8170  0.0570  0.0530  0.0730  1
259:   0.8258  0.0521  0.0681  0.0541  1

  1:   0.0659  0.3337  0.2767  0.3237  1
  2:   0.0190  0.3810  0.2860  0.3140  1
  3:   0.0240  0.2390  0.3170  0.4200  1
  4:   0.0120  0.2823  0.3123  0.3934  1
  5:   0.0270  0.2510  0.3290  0.3930  1
  6:   0.3450  0.1930  0.1990  0.2630  1
  7:   0.0400  0.3250  0.2930  0.3420  1
  8:   0.0150  0.1898  0.2797  0.5155  1
  9:   0.2740  0.2270  0.2220  0.2770  1
 10:   0.0310  0.2482  0.3233  0.3974  1
 11:   0.3093  0.2322  0.2072  0.2513  1
 12:   0.0390  0.2637  0.2887  0.4086  1
 13:   0.4370  0.1870  0.1870  0.1890  1
 14:   0.0970  0.3300  0.3120  0.2610  1
 15:   0.0350  0.3420  0.2790  0.3440  1
 16:   0.0410  0.3480  0.2930  0.3180  1
 17:   0.0170  0.4164  0.3083  0.2583  1
 18:   0.3180  0.2020  0.2450  0.2350  1
 19:   0.0320  0.3500  0.2690  0.3490  1
 20:   0.0390  0.3684  0.2803  0.3123  1
 21:   0.0691  0.3514  0.3193  0.2603  1
 22:   0.0250  0.3820  0.2810  0.3120  1
 23:   0.0200  0.2650  0.3100  0.4050  1
 24:   0.0629  0.3477  0.3307  0.2587  1
 25:   0.0240  0.2717  0.3267  0.3776  1
 26:   0.1451  0.3033  0.2462  0.3053  1
 27:   0.0290  0.3820  0.2910  0.2980  1
 28:   0.0420  0.2202  0.2953  0.4424  1
 29:   0.0440  0.3203  0.3433  0.2923  1
 30:   0.1660  0.2500  0.2780  0.3060  1
 31:   0.0660  0.3180  0.3880  0.2280  1
 32:   0.0310  0.3320  0.3340  0.3030  1
 33:   0.0400  0.3013  0.3524  0.3063  1
 34:   0.0410  0.2967  0.3257  0.3367  1
 35:   0.0230  0.3640  0.4050  0.2080  1
 36:   0.3780  0.2110  0.2230  0.1880  1
 37:   0.0160  0.4310  0.2860  0.2670  1
 38:   0.0800  0.3040  0.3170  0.2990  1
 39:   0.0780  0.3120  0.3010  0.3090  1
 40:   0.0300  0.3410  0.4250  0.2040  1
 41:   0.5175  0.1648  0.1638  0.1538  1
 42:   0.0969  0.2947  0.3217  0.2867  1
 43:   0.0250  0.3984  0.3113  0.2653  1
 44:   0.0310  0.2820  0.3600  0.3270  1
 45:   0.0280  0.3916  0.3117  0.2687  1
 46:   0.0320  0.3674  0.3614  0.2392  1
 47:   0.0639  0.2707  0.3067  0.3586  1
 48:   0.0330  0.3744  0.2933  0.2993  1
 49:   0.0620  0.3120  0.3130  0.3130  1
 50:   0.0430  0.3696  0.3007  0.2867  1
 51:   0.0730  0.3290  0.3050  0.2930  1
 52:   0.0230  0.3120  0.2950  0.3700  1
 53:   0.0420  0.3756  0.3227  0.2597  1
 54:   0.3030  0.2470  0.2220  0.2280  1
 55:   0.0370  0.2730  0.3710  0.3190  1
 56:   0.0450  0.3230  0.2740  0.3580  1
 57:   0.0430  0.3550  0.3630  0.2390  1
 58:   0.0250  0.2850  0.3570  0.3330  1
 59:   0.0880  0.1980  0.2920  0.4220  1
 60:   0.0150  0.3310  0.3970  0.2570  1
 61:   0.1560  0.3010  0.3140  0.2290  1
 62:   0.0310  0.3566  0.3187  0.2937  1
 63:   0.0160  0.3367  0.3117  0.3357  1
 64:   0.0310  0.3834  0.2953  0.2903  1
 65:   0.1170  0.2710  0.3650  0.2470  1
 66:   0.0320  0.3536  0.3676  0.2468  1
 67:   0.7652  0.0739  0.0799  0.0809  1
 68:   0.0470  0.3437  0.3387  0.2707  1
 69:   0.0200  0.2930  0.3900  0.2970  1
 70:   0.0290  0.3440  0.3790  0.2480  1
 71:   0.0390  0.3520  0.2820  0.3270  1
 72:   0.2138  0.2857  0.2288  0.2717  1
 73:   0.0430  0.3570  0.2790  0.3210  1
 74:   0.0180  0.3814  0.2993  0.3013  1
 75:   0.1110  0.3620  0.2710  0.2560  1
 76:   0.0310  0.3420  0.3140  0.3130  1
 77:   0.0130  0.3790  0.3490  0.2590  1
 78:   0.0260  0.2570  0.2580  0.4590  1
 79:   0.0150  0.3804  0.2723  0.3323  1
 80:   0.0190  0.4150  0.2830  0.2830  1
 81:   0.0720  0.3700  0.2750  0.2830  1
 82:   0.0410  0.3506  0.2887  0.3197  1
 83:   0.0649  0.3177  0.3037  0.3137  1
 84:   0.0360  0.3123  0.2903  0.3614  1
 85:   0.0250  0.2870  0.2840  0.4040  1
 86:   0.0350  0.2170  0.2830  0.4650  1
 87:   0.0820  0.3390  0.2700  0.3090  1
 88:   0.0260  0.3646  0.2867  0.3227  1
 89:   0.0290  0.3190  0.2840  0.3680  1
 90:   0.0380  0.3073  0.3944  0.2603  1
 91:   0.0220  0.3450  0.3240  0.3090  1
 92:   0.0320  0.3210  0.3870  0.2600  1
 93:   0.0700  0.2920  0.2470  0.3910  1
 94:   0.0210  0.2890  0.2870  0.4030  1
 95:   0.0290  0.3630  0.2770  0.3310  1
 96:   0.3263  0.1431  0.1962  0.3343  1
 97:   0.0180  0.3560  0.3640  0.2620  1
 98:   0.0440  0.3050  0.3470  0.3040  1
 99:   0.0310  0.2820  0.3800  0.3070  1
100:   0.0340  0.3260  0.3570  0.2830  1
101:   0.0170  0.2410  0.2720  0.4700  1
102:   0.0150  0.3447  0.3077  0.3327  1
103:   0.0170  0.3220  0.3100  0.3510  1
104:   0.0200  0.4160  0.2900  0.2740  1
105:   0.1930  0.2700  0.2790  0.2580  1
106:   0.0150  0.3367  0.3407  0.3077  1
107:   0.1862  0.2743  0.3083  0.2312  1
108:   0.0290  0.2583  0.3143  0.3984  1
109:   0.0170  0.3600  0.3220  0.3010  1
110:   0.0130  0.4250  0.2840  0.2780  1
111:   0.0320  0.2893  0.2713  0.4074  1
112:   0.0290  0.3320  0.3350  0.3040  1
113:   0.0180  0.3010  0.2560  0.4250  1
114:   0.1411  0.3313  0.2613  0.2663  1
115:   0.0440  0.3393  0.3313  0.2853  1
116:   0.0430  0.2490  0.3470  0.3610  1
117:   0.0390  0.3660  0.3510  0.2440  1
118:   0.0170  0.3870  0.3330  0.2630  1
119:   0.1700  0.2830  0.2880  0.2590  1
120:   0.0480  0.3620  0.2820  0.3080  1
121:   0.0230  0.3864  0.3133  0.2773  1
122:   0.0710  0.3060  0.3120  0.3110  1
123:   0.1948  0.2807  0.2577  0.2667  1
124:   0.0380  0.3700  0.3120  0.2800  1
125:   0.0190  0.3630  0.2910  0.3270  1
126:   0.1260  0.3170  0.2700  0.2870  1
127:   0.0430  0.3726  0.3387  0.2458  1
128:   0.0330  0.3584  0.3914  0.2172  1
129:   0.0830  0.3350  0.2890  0.2930  1
130:   0.7788  0.0741  0.0691  0.0781  1
131:   0.0240  0.4040  0.3110  0.2610  1
132:   0.0290  0.3824  0.3413  0.2472  1
133:   0.0810  0.3200  0.3400  0.2590  1
134:   0.0280  0.2730  0.3160  0.3830  1
135:   0.0210  0.3810  0.2900  0.3080  1
136:   0.0410  0.3370  0.4000  0.2220  1
137:   0.0530  0.3630  0.3710  0.2130  1
138:   0.0950  0.2760  0.3280  0.3010  1
139:   0.0280  0.3604  0.3874  0.2242  1
140:   0.2450  0.2530  0.2810  0.2210  1
141:   0.8292  0.0509  0.0529  0.0669  1
142:   0.0420  0.2348  0.3097  0.4136  1
143:   0.5840  0.1220  0.1370  0.1570  1
144:   0.0240  0.2018  0.2717  0.5025  1
145:   0.0410  0.2713  0.3033  0.3844  1
146:   0.0540  0.2160  0.3190  0.4110  1
147:   0.1290  0.3000  0.3170  0.2540  1
148:   0.0250  0.2180  0.2850  0.4720  1
149:   0.0679  0.2897  0.2857  0.3566  1
150:   0.0130  0.1788  0.2667  0.5415  1
151:   0.0320  0.3387  0.4086  0.2208  1
152:   0.0430  0.3510  0.3500  0.2560  1
153:   0.1540  0.2550  0.2940  0.2970  1
154:   0.0160  0.3624  0.4314  0.1902  1
155:   0.0350  0.3684  0.3433  0.2533  1
156:   0.0740  0.2620  0.3170  0.3470  1
157:   0.0320  0.2270  0.3050  0.4360  1
158:   0.0380  0.3100  0.3450  0.3070  1
159:   0.0190  0.3170  0.3680  0.2960  1
160:   0.0380  0.3100  0.3380  0.3140  1
161:   0.0220  0.3576  0.4206  0.1998  1
162:   0.0539  0.3606  0.2867  0.2987  1
163:   0.0350  0.3546  0.3626  0.2478  1
164:   0.0180  0.3716  0.3516  0.2587  1
165:   0.0250  0.3540  0.2990  0.3220  1
166:   0.1249  0.3127  0.2887  0.2737  1
167:   0.0230  0.3536  0.3696  0.2537  1
168:   0.0320  0.2890  0.3260  0.3530  1
169:   0.0780  0.3070  0.3530  0.2620  1
170:   0.1850  0.2210  0.2870  0.3070  1
171:   0.0370  0.3380  0.3740  0.2510  1
172:   0.1380  0.3180  0.3370  0.2070  1
173:   0.0240  0.3680  0.3600  0.2480  1
174:   0.0180  0.3736  0.3716  0.2368  1
175:   0.0750  0.3000  0.3440  0.2810  1
176:   0.0771  0.3253  0.3554  0.2422  1
177:   0.8880  0.0290  0.0340  0.0490  1
178:   0.7778  0.0781  0.0721  0.0721  1
179:   0.7800  0.0720  0.0760  0.0720  1
180:   0.0300  0.3220  0.2920  0.3560  1
181:   0.8659  0.0460  0.0480  0.0400  1
182:   0.8420  0.0470  0.0470  0.0640  1
183:   0.5846  0.1461  0.1491  0.1201  1
184:   0.6190  0.1190  0.1220  0.1400  1
185:   0.8380  0.0510  0.0560  0.0550  1
186:   0.6456  0.1131  0.1131  0.1281  1
187:   0.3000  0.2560  0.2440  0.2000  1
188:   0.4110  0.1600  0.1790  0.2500  1
189:   0.8730  0.0420  0.0440  0.0410  1
190:   0.0810  0.2480  0.3060  0.3650  1
191:   0.4855  0.1952  0.1522  0.1672  1
192:   0.9470  0.0170  0.0190  0.0170  1
193:   0.9401  0.0190  0.0210  0.0200  1
194:   0.9200  0.0260  0.0260  0.0280  1
195:   0.9141  0.0260  0.0280  0.0320  1
196:   0.9180  0.0290  0.0260  0.0270  1
197:   0.9210  0.0260  0.0270  0.0260  1
198:   0.4690  0.1740  0.2160  0.1410  1
199:   0.8338  0.0581  0.0460  0.0621  1
200:   0.6284  0.0719  0.1109  0.1888  1
201:   0.4000  0.2130  0.1970  0.1900  1
202:   0.7998  0.0611  0.0701  0.0691  1
203:   0.7167  0.0921  0.1111  0.0801  1
204:   0.9490  0.0170  0.0170  0.0170  1
205:   0.8350  0.0540  0.0570  0.0540  1
206:   0.8090  0.0550  0.0700  0.0660  1
207:   0.7420  0.0930  0.0800  0.0850  1
208:   0.8971  0.0290  0.0360  0.0380  1
209:   0.6070  0.1130  0.1310  0.1490  1
210:   0.9450  0.0170  0.0190  0.0190  1
211:   0.6600  0.0990  0.1110  0.1300  1
212:   0.8410  0.0500  0.0520  0.0570  1
213:   0.8200  0.0600  0.0590  0.0610  1
214:   0.9080  0.0310  0.0290  0.0320  1
215:   0.9600  0.0130  0.0130  0.0140  1
216:   0.8981  0.0360  0.0330  0.0330  1
217:   0.9399  0.0200  0.0210  0.0190  1
218:   0.8780  0.0400  0.0440  0.0380  1
219:   0.8990  0.0370  0.0320  0.0320  1
220:   0.7670  0.0600  0.0660  0.1070  1
221:   0.2950  0.2430  0.2520  0.2100  1
222:   0.9200  0.0260  0.0260  0.0280  1
223:   0.9389  0.0200  0.0200  0.0210  1
224:   0.1269  0.2677  0.2707  0.3347  1
225:   0.5330  0.1280  0.1530  0.1860  1
226:   0.9149  0.0280  0.0300  0.0270  1
227:   0.6440  0.1350  0.1140  0.1070  1
228:   0.8070  0.0660  0.0560  0.0710  1
229:   0.8800  0.0360  0.0380  0.0460  1
230:   0.8092  0.0589  0.0589  0.0729  1
231:   0.9469  0.0180  0.0190  0.0160  1
232:   0.8860  0.0300  0.0370  0.0470  1
233:   0.8280  0.0560  0.0570  0.0590  1
234:   0.0460  0.3790  0.3640  0.2110  1
235:   0.6100  0.1390  0.1300  0.1210  1
236:   0.7760  0.0840  0.0680  0.0720  1
237:   0.8610  0.0430  0.0480  0.0480  1
238:   0.8700  0.0440  0.0460  0.0400  1
239:   0.5806  0.1031  0.1251  0.1912  1
240:   0.6394  0.0669  0.0959  0.1978  1
241:   0.0940  0.2700  0.3670  0.2690  1
242:   0.6870  0.1030  0.1090  0.1010  1
243:   0.7842  0.0779  0.0659  0.0719  1
244:   0.3590  0.2310  0.2380  0.1720  1
245:   0.9350  0.0190  0.0210  0.0250  1
246:   0.7770  0.0840  0.0710  0.0680  1
247:   0.7310  0.0710  0.0950  0.1030  1
248:   0.8000  0.0650  0.0670  0.0680  1
249:   0.4494  0.1562  0.1461  0.2482  1
250:   0.2913  0.2623  0.2583  0.1882  1
251:   0.9321  0.0230  0.0250  0.0200  1
252:   0.8540  0.0440  0.0450  0.0570  1
253:   0.8710  0.0420  0.0430  0.0440  1
254:   0.6537  0.1191  0.1061  0.1211  1
255:   0.9459  0.0180  0.0180  0.0180  1
256:   0.9440  0.0190  0.0190  0.0180  1
257:   0.9300  0.0230  0.0250  0.0220  1
258:   0.8188  0.0541  0.0601  0.0671  1
259:   0.8088  0.0631  0.0641  0.0641  1

  1:   0.0590  0.3230  0.3380  0.2800  1
  2:   0.0190  0.3407  0.3237  0.3167  1
  3:   0.0250  0.2513  0.2533  0.4705  1
  4:   0.0120  0.2920  0.2700  0.4260  1
  5:   0.0260  0.2420  0.2620  0.4700  1
  6:   0.3350  0.1820  0.1900  0.2930  1
  7:   0.0410  0.2960  0.2900  0.3730  1
  8:   0.0140  0.2060  0.2430  0.5370  1
  9:   0.2780  0.2440  0.2320  0.2460  1
 10:   0.0290  0.2398  0.2677  0.4635  1
 11:   0.3040  0.2410  0.2250  0.2300  1
 12:   0.0410  0.2890  0.2790  0.3910  1
 13:   0.4430  0.1830  0.1840  0.1900  1
 14:   0.0920  0.3350  0.3090  0.2640  1
 15:   0.0340  0.3283  0.3243  0.3133  1
 16:   0.0390  0.3470  0.3200  0.2940  1
 17:   0.0170  0.3720  0.3790  0.2320  1
 18:   0.3150  0.2040  0.2330  0.2480  1
 19:   0.0290  0.3120  0.3310  0.3280  1
 20:   0.0380  0.3253  0.3624  0.2743  1
 21:   0.0720  0.3250  0.3320  0.2710  1
 22:   0.0270  0.3730  0.3350  0.2650  1
 23:   0.0190  0.2790  0.2990  0.4030  1
 24:   0.0640  0.3380  0.3370  0.2610  1
 25:   0.0240  0.2680  0.2910  0.4170  1
 26:   0.1360  0.2680  0.2690  0.3270  1
 27:   0.0300  0.3616  0.3417  0.2667  1
 28:   0.0430  0.2420  0.2440  0.4710  1
 29:   0.0420  0.3200  0.3300  0.3080  1
 30:   0.1690  0.2460  0.2670  0.3180  1
 31:   0.0661  0.3473  0.3674  0.2192  1
 32:   0.0310  0.2790  0.3390  0.3510  1
 33:   0.0400  0.2963  0.3213  0.3423  1
 34:   0.0400  0.3170  0.2970  0.3460  1
 35:   0.0260  0.3804  0.3954  0.1982  1
 36:   0.3800  0.2070  0.2070  0.2060  1
 37:   0.0160  0.3850  0.3750  0.2240  1
 38:   0.0780  0.3030  0.3140  0.3050  1
 39:   0.0739  0.3407  0.2987  0.2867  1
 40:   0.0320  0.3686  0.3986  0.2008  1
 41:   0.5015  0.1788  0.1758  0.1439  1
 42:   0.1000  0.2660  0.3110  0.3230  1
 43:   0.0250  0.3700  0.3560  0.2490  1
 44:   0.0310  0.3180  0.3280  0.3230  1
 45:   0.0310  0.3570  0.3580  0.2540  1
 46:   0.0320  0.3700  0.3710  0.2270  1
 47:   0.0680  0.2780  0.2820  0.3720  1
 48:   0.0320  0.3490  0.3340  0.2850  1
 49:   0.0579  0.2827  0.3117  0.3477  1
 50:   0.0420  0.3420  0.3320  0.2840  1
 51:   0.0669  0.3417  0.3147  0.2767  1
 52:   0.0230  0.3140  0.3250  0.3380  1
 53:   0.0410  0.3544  0.3554  0.2492  1
 54:   0.2970  0.2500  0.2440  0.2090  1
 55:   0.0330  0.3160  0.3120  0.3390  1
 56:   0.0420  0.3380  0.2810  0.3390  1
 57:   0.0440  0.3710  0.3630  0.2220  1
 58:   0.0240  0.2900  0.3060  0.3800  1
 59:   0.0899  0.2188  0.2158  0.4755  1
 60:   0.0150  0.3650  0.3670  0.2530  1
 61:   0.1548  0.2887  0.3097  0.2468  1
 62:   0.0310  0.3534  0.3594  0.2563  1
 63:   0.0170  0.3253  0.3033  0.3544  1
 64:   0.0280  0.3674  0.3283  0.2763  1
 65:   0.1169  0.3217  0.3167  0.2448  1
 66:   0.0300  0.3650  0.3440  0.2610  1
 67:   0.7712  0.0709  0.0809  0.0769  1
 68:   0.0450  0.3203  0.3413  0.2933  1
 69:   0.0200  0.3470  0.3270  0.3060  1
 70:   0.0260  0.3640  0.3670  0.2430  1
 71:   0.0430  0.3260  0.3300  0.3010  1
 72:   0.2040  0.2810  0.2780  0.2370  1
 73:   0.0440  0.3463  0.3153  0.2943  1
 74:   0.0200  0.3516  0.3437  0.2847  1
 75:   0.1030  0.3410  0.3470  0.2090  1
 76:   0.0300  0.3220  0.3170  0.3310  1
 77:   0.0130  0.3740  0.3570  0.2560  1
 78:   0.0240  0.2600  0.2460  0.4700  1
 79:   0.0150  0.3400  0.3460  0.2990  1
 80:   0.0200  0.3470  0.3620  0.2710  1
 81:   0.0740  0.3510  0.3260  0.2490  1
 82:   0.0420  0.3560  0.3360  0.2660  1
 83:   0.0610  0.2980  0.3330  0.3080  1
 84:   0.0320  0.2980  0.2930  0.3770  1
 85:   0.0220  0.2760  0.2570  0.4450  1
 86:   0.0330  0.2670  0.2200  0.4800  1
 87:   0.0780  0.3420  0.2990  0.2810  1
 88:   0.0250  0.3520  0.3390  0.2840  1
 89:   0.0290  0.3330  0.3210  0.3170  1
 90:   0.0330  0.3520  0.3600  0.2550  1
 91:   0.0230  0.3190  0.3460  0.3120  1
 92:   0.0300  0.3544  0.3584  0.2573  1
 93:   0.0710  0.2560  0.2780  0.3950  1
 94:   0.0210  0.3193  0.2633  0.3964  1
 95:   0.0250  0.3120  0.3380  0.3250  1
 96:   0.3510  0.1590  0.1540  0.3360  1
 97:   0.0180  0.3666  0.3297  0.2857  1
 98:   0.0410  0.3320  0.3110  0.3160  1
 99:   0.0330  0.3380  0.3280  0.3010  1
100:   0.0350  0.3090  0.3640  0.2920  1
101:   0.0170  0.2488  0.2398  0.4945  1
102:   0.0150  0.3217  0.3347  0.3287  1
103:   0.0180  0.3790  0.2810  0.3220  1
104:   0.0190  0.3433  0.3774  0.2603  1
105:   0.1970  0.2760  0.2630  0.2640  1
106:   0.0150  0.3347  0.3407  0.3097  1
107:   0.1710  0.2900  0.2970  0.2420  1
108:   0.0310  0.2488  0.2667  0.4535  1
109:   0.0160  0.3370  0.3350  0.3120  1
110:   0.0130  0.3884  0.3654  0.2332  1
111:   0.0310  0.2760  0.2900  0.4030  1
112:   0.0300  0.3073  0.3594  0.3033  1
113:   0.0180  0.2713  0.2943  0.4164  1
114:   0.1420  0.3030  0.3300  0.2250  1
115:   0.0410  0.3247  0.3676  0.2667  1
116:   0.0430  0.2710  0.2930  0.3930  1
117:   0.0380  0.3630  0.3710  0.2280  1
118:   0.0170  0.3560  0.3850  0.2420  1
119:   0.1632  0.2763  0.2883  0.2723  1
120:   0.0470  0.3580  0.3280  0.2670  1
121:   0.0230  0.3670  0.3580  0.2520  1
122:   0.0689  0.3027  0.3297  0.2987  1
123:   0.2012  0.2452  0.2813  0.2723  1
124:   0.0340  0.3413  0.3343  0.2903  1
125:   0.0180  0.3077  0.3307  0.3437  1
126:   0.1260  0.3210  0.3000  0.2530  1
127:   0.0460  0.3710  0.3590  0.2240  1
128:   0.0320  0.3646  0.3946  0.2088  1
129:   0.0810  0.2960  0.3180  0.3050  1
130:   0.7938  0.0731  0.0661  0.0671  1
131:   0.0230  0.3620  0.3820  0.2330  1
132:   0.0310  0.3540  0.3690  0.2460  1
133:   0.0840  0.3150  0.3290  0.2720  1
134:   0.0260  0.2690  0.2800  0.4250  1
135:   0.0220  0.3440  0.3390  0.2950  1
136:   0.0410  0.3666  0.3876  0.2048  1
137:   0.0480  0.3497  0.3367  0.2657  1
138:   0.0899  0.3007  0.2967  0.3127  1
139:   0.0280  0.3680  0.3460  0.2580  1
140:   0.2450  0.2590  0.2620  0.2340  1
141:   0.8208  0.0470  0.0541  0.0781  1
142:   0.0400  0.2420  0.2590  0.4590  1
143:   0.6110  0.1200  0.1260  0.1430  1
144:   0.0250  0.2650  0.2190  0.4910  1
145:   0.0410  0.3000  0.2760  0.3830  1
146:   0.0531  0.2503  0.2513  0.4454  1
147:   0.1280  0.2900  0.2830  0.2990  1
148:   0.0240  0.2790  0.2220  0.4750  1
149:   0.0639  0.2458  0.3067  0.3836  1
150:   0.0120  0.2440  0.1980  0.5460  1
151:   0.0320  0.3720  0.3750  0.2210  1
152:   0.0390  0.3403  0.3253  0.2953  1
153:   0.1602  0.2623  0.2663  0.3113  1
154:   0.0160  0.3880  0.4070  0.1890  1
155:   0.0340  0.3490  0.3630  0.2540  1
156:   0.0740  0.2860  0.2960  0.3440  1
157:   0.0310  0.2927  0.2507  0.4256  1
158:   0.0420  0.3280  0.3100  0.3200  1
159:   0.0190  0.3350  0.3730  0.2730  1
160:   0.0370  0.3163  0.3073  0.3393  1
161:   0.0220  0.3860  0.4110  0.1810  1
162:   0.0540  0.3080  0.3290  0.3090  1
163:   0.0330  0.3640  0.3340  0.2690  1
164:   0.0180  0.3650  0.3310  0.2860  1
165:   0.0280  0.3540  0.3190  0.2990  1
166:   0.1250  0.3170  0.2910  0.2670  1
167:   0.0230  0.3590  0.3450  0.2730  1
168:   0.0320  0.3300  0.3080  0.3300  1
169:   0.0789  0.3187  0.3217  0.2807  1
170:   0.1920  0.2290  0.2600  0.3190  1
171:   0.0360  0.3564  0.3373  0.2703  1
172:   0.1351  0.3283  0.3183  0.2182  1
173:   0.0260  0.3524  0.3614  0.2603  1
174:   0.0170  0.3700  0.3680  0.2450  1
175:   0.0700  0.3170  0.3190  0.2940  1
176:   0.0749  0.3576  0.3497  0.2178  1
177:   0.8940  0.0280  0.0330  0.0450  1
178:   0.7800  0.0680  0.0800  0.0720  1
179:   0.7840  0.0710  0.0760  0.0690  1
180:   0.0280  0.3520  0.2920  0.3280  1
181:   0.8660  0.0450  0.0470  0.0420  1
182:   0.8530  0.0440  0.0450  0.0580  1
183:   0.5720  0.1470  0.1530  0.1280  1
184:   0.6110  0.1260  0.1240  0.1390  1
185:   0.8350  0.0530  0.0560  0.0560  1
186:   0.6660  0.1190  0.1090  0.1060  1
187:   0.2840  0.2530  0.2580  0.2050  1
188:   0.4200  0.1940  0.1670  0.2190  1
189:   0.8770  0.0390  0.0410  0.0430  1
190:   0.0850  0.2960  0.2780  0.3410  1
191:   0.5010  0.1920  0.1810  0.1260  1
192:   0.9460  0.0180  0.0170  0.0190  1
193:   0.9430  0.0180  0.0190  0.0200  1
194:   0.9230  0.0260  0.0260  0.0250  1
195:   0.9141  0.0280  0.0290  0.0290  1
196:   0.9189  0.0260  0.0280  0.0270  1
197:   0.9210  0.0270  0.0280  0.0240  1
198:   0.4715  0.1968  0.1938  0.1379  1
199:   0.8452  0.0529  0.0509  0.0509  1
200:   0.6480  0.0900  0.0830  0.1790  1
201:   0.4020  0.1960  0.2030  0.1990  1
202:   0.8040  0.0630  0.0640  0.0690  1
203:   0.7057  0.1011  0.1051  0.0881  1
204:   0.9470  0.0180  0.0180  0.0170  1
205:   0.8340  0.0580  0.0550  0.0530  1
206:   0.8110  0.0600  0.0560  0.0730  1
207:   0.7483  0.0929  0.0879  0.0709  1
208:   0.8860  0.0300  0.0400  0.0440  1
209:   0.6090  0.1110  0.1120  0.1680  1
210:   0.9500  0.0170  0.0160  0.0170  1
211:   0.6550  0.0870  0.1100  0.1480  1
212:   0.8302  0.0559  0.0579  0.0559  1
213:   0.8058  0.0581  0.0611  0.0751  1
214:   0.9140  0.0300  0.0290  0.0270  1
215:   0.9610  0.0130  0.0130  0.0130  1
216:   0.9010  0.0320  0.0350  0.0320  1
217:   0.9410  0.0190  0.0200  0.0200  1
218:   0.8830  0.0400  0.0420  0.0350  1
219:   0.9139  0.0300  0.0280  0.0280  1
220:   0.7710  0.0670  0.0600  0.1020  1
221:   0.2887  0.2328  0.2607  0.2178  1
222:   0.9250  0.0240  0.0260  0.0250  1
223:   0.9390  0.0210  0.0210  0.0190  1
224:   0.1371  0.2673  0.2683  0.3273  1
225:   0.5514  0.1379  0.1309  0.1798  1
226:   0.9210  0.0270  0.0250  0.0270  1
227:   0.6490  0.1250  0.1250  0.1010  1
228:   0.8090  0.0620  0.0620  0.0670  1
229:   0.8679  0.0340  0.0480  0.0501  1
230:   0.7942  0.0599  0.0639  0.0819  1
231:   0.9480  0.0170  0.0180  0.0170  1
232:   0.8819  0.0320  0.0310  0.0551  1
233:   0.8320  0.0550  0.0520  0.0610  1
234:   0.0480  0.3786  0.3546  0.2188  1
235:   0.6250  0.1240  0.1260  0.1250  1
236:   0.7820  0.0810  0.0800  0.0570  1
237:   0.8610  0.0510  0.0430  0.0450  1
238:   0.8840  0.0420  0.0410  0.0330  1
239:   0.5850  0.1110  0.1020  0.2020  1
240:   0.6550  0.0740  0.0720  0.1990  1
241:   0.0871  0.3133  0.3003  0.2993  1
242:   0.6780  0.1110  0.1100  0.1010  1
243:   0.7972  0.0749  0.0679  0.0599  1
244:   0.3510  0.2430  0.2220  0.1840  1
245:   0.9370  0.0180  0.0190  0.0260  1
246:   0.7828  0.0741  0.0811  0.0621  1
247:   0.7497  0.0771  0.0771  0.0961  1
248:   0.7940  0.0630  0.0690  0.0740  1
249:   0.4755  0.1518  0.1459  0.2268  1
250:   0.2977  0.2597  0.2378  0.2048  1
251:   0.9310  0.0210  0.0250  0.0230  1
252:   0.8620  0.0490  0.0390  0.0500  1
253:   0.8700  0.0460  0.0400  0.0440  1
254:   0.6660  0.1170  0.1120  0.1050  1
255:   0.9460  0.0180  0.0170  0.0190  1
256:   0.9430  0.0190  0.0190  0.0190  1
257:   0.9340  0.0220  0.0230  0.0210  1
258:   0.8110  0.0550  0.0610  0.0730  1
259:   0.8230  0.0570  0.0580  0.0620  1

  1:   0.0630  0.3490  0.3150  0.2730  1
  2:   0.0200  0.3646  0.3177  0.2977  1
  3:   0.0270  0.2990  0.3010  0.3730  1
  4:   0.0120  0.3363  0.2853  0.3664  1
  5:   0.0280  0.2920  0.3090  0.3710  1
  6:   0.3460  0.2140  0.2010  0.2390  1
  7:   0.0410  0.3550  0.2930  0.3110  1
  8:   0.0140  0.3160  0.2630  0.4070  1
  9:   0.2727  0.2338  0.2308  0.2627  1
 10:   0.0300  0.2930  0.3180  0.3590  1
 11:   0.2870  0.2530  0.2250  0.2350  1
 12:   0.0400  0.3170  0.2710  0.3720  1
 13:   0.4434  0.1702  0.1862  0.2002  1
 14:   0.0980  0.3230  0.2920  0.2870  1
 15:   0.0370  0.3440  0.2860  0.3330  1
 16:   0.0410  0.3280  0.3060  0.3250  1
 17:   0.0190  0.3916  0.3377  0.2517  1
 18:   0.3300  0.2070  0.2290  0.2340  1
 19:   0.0290  0.3616  0.3047  0.3047  1
 20:   0.0370  0.3500  0.2870  0.3260  1
 21:   0.0721  0.3173  0.3253  0.2853  1
 22:   0.0270  0.3493  0.3223  0.3013  1
 23:   0.0200  0.3280  0.2980  0.3540  1
 24:   0.0670  0.3030  0.3270  0.3030  1
 25:   0.0230  0.3197  0.3017  0.3556  1
 26:   0.1410  0.3080  0.2710  0.2800  1
 27:   0.0320  0.3734  0.3143  0.2803  1
 28:   0.0440  0.2927  0.2847  0.3786  1
 29:   0.0440  0.3123  0.3413  0.3023  1
 30:   0.1770  0.2750  0.2560  0.2920  1
 31:   0.0660  0.3080  0.3440  0.2820  1
 32:   0.0320  0.3307  0.3197  0.3177  1
 33:   0.0400  0.2787  0.3526  0.3287  1
 34:   0.0410  0.3040  0.3030  0.3520  1
 35:   0.0270  0.3357  0.3636  0.2737  1
 36:   0.3830  0.1980  0.2070  0.2120  1
 37:   0.0170  0.3790  0.3370  0.2670  1
 38:   0.0770  0.3040  0.3040  0.3150  1
 39:   0.0711  0.2913  0.3193  0.3183  1
 40:   0.0340  0.3187  0.3756  0.2717  1
 41:   0.5030  0.1690  0.1710  0.1570  1
 42:   0.1081  0.2913  0.3103  0.2903  1
 43:   0.0280  0.3910  0.3260  0.2550  1
 44:   0.0320  0.3037  0.3367  0.3277  1
 45:   0.0320  0.3970  0.3150  0.2560  1
 46:   0.0320  0.3360  0.3500  0.2820  1
 47:   0.0659  0.2927  0.2987  0.3427  1
 48:   0.0310  0.3350  0.3330  0.3010  1
 49:   0.0620  0.3110  0.3190  0.3080  1
 50:   0.0440  0.3237  0.3247  0.3077  1
 51:   0.0711  0.3163  0.3133  0.2993  1
 52:   0.0220  0.3230  0.2750  0.3800  1
 53:   0.0450  0.3724  0.3303  0.2523  1
 54:   0.3110  0.2460  0.2250  0.2180  1
 55:   0.0350  0.3200  0.3190  0.3260  1
 56:   0.0440  0.3310  0.2880  0.3370  1
 57:   0.0480  0.3283  0.3493  0.2743  1
 58:   0.0270  0.3087  0.3307  0.3337  1
 59:   0.0890  0.2370  0.2740  0.4000  1
 60:   0.0150  0.3250  0.3630  0.2970  1
 61:   0.1580  0.2830  0.3050  0.2540  1
 62:   0.0310  0.3574  0.3223  0.2893  1
 63:   0.0180  0.3590  0.3130  0.3100  1
 64:   0.0310  0.3433  0.3293  0.2963  1
 65:   0.1280  0.2850  0.3110  0.2760  1
 66:   0.0320  0.3260  0.3340  0.3080  1
 67:   0.7508  0.0801  0.0851  0.0841  1
 68:   0.0480  0.2890  0.3430  0.3200  1
 69:   0.0190  0.2953  0.3443  0.3413  1
 70:   0.0320  0.3303  0.3644  0.2733  1
 71:   0.0440  0.3380  0.3240  0.2940  1
 72:   0.2030  0.2810  0.2520  0.2640  1
 73:   0.0430  0.3340  0.3200  0.3030  1
 74:   0.0210  0.3570  0.3360  0.2860  1
 75:   0.1129  0.3666  0.2777  0.2428  1
 76:   0.0320  0.3030  0.3230  0.3420  1
 77:   0.0140  0.3756  0.3307  0.2797  1
 78:   0.0260  0.2910  0.2870  0.3960  1
 79:   0.0160  0.3590  0.3050  0.3200  1
 80:   0.0200  0.3876  0.3187  0.2737  1
 81:   0.0730  0.3520  0.3050  0.2700  1
 82:   0.0450  0.3340  0.3220  0.2990  1
 83:   0.0659  0.3277  0.3097  0.2967  1
 84:   0.0340  0.3410  0.2860  0.3390  1
 85:   0.0250  0.3200  0.2830  0.3720  1
 86:   0.0380  0.2680  0.2740  0.4200  1
 87:   0.0791  0.3183  0.3223  0.2803  1
 88:   0.0270  0.3676  0.3037  0.3017  1
 89:   0.0310  0.3230  0.3190  0.3270  1
 90:   0.0390  0.3180  0.3410  0.3020  1
 91:   0.0250  0.3480  0.3320  0.2950  1
 92:   0.0330  0.3130  0.3560  0.2980  1
 93:   0.0690  0.3300  0.2570  0.3440  1
 94:   0.0200  0.2830  0.2960  0.4010  1
 95:   0.0280  0.3510  0.3070  0.3140  1
 96:   0.3604  0.1912  0.1812  0.2673  1
 97:   0.0190  0.3057  0.3546  0.3207  1
 98:   0.0400  0.2970  0.3260  0.3370  1
 99:   0.0340  0.3380  0.3190  0.3090  1
100:   0.0380  0.3310  0.3230  0.3080  1
101:   0.0180  0.3070  0.2890  0.3860  1
102:   0.0150  0.3666  0.3217  0.2967  1
103:   0.0180  0.3230  0.2980  0.3610  1
104:   0.0190  0.3830  0.3410  0.2570  1
105:   0.1878  0.2537  0.2847  0.2737  1
106:   0.0150  0.3350  0.3350  0.3150  1
107:   0.1830  0.2800  0.2820  0.2550  1
108:   0.0290  0.2723  0.3093  0.3894  1
109:   0.0180  0.3240  0.3430  0.3150  1
110:   0.0140  0.3846  0.3237  0.2777  1
111:   0.0350  0.3043  0.2963  0.3644  1
112:   0.0300  0.3420  0.3270  0.3010  1
113:   0.0190  0.3330  0.2800  0.3680  1
114:   0.1480  0.3170  0.2840  0.2510  1
115:   0.0430  0.3380  0.3200  0.2990  1
116:   0.0490  0.2710  0.3270  0.3530  1
117:   0.0380  0.3634  0.3263  0.2723  1
118:   0.0190  0.3854  0.3223  0.2733  1
119:   0.1640  0.2900  0.2840  0.2620  1
120:   0.0500  0.3340  0.3060  0.3100  1
121:   0.0230  0.3660  0.3330  0.2780  1
122:   0.0709  0.3097  0.2947  0.3247  1
123:   0.1930  0.2860  0.2620  0.2590  1
124:   0.0380  0.3430  0.3280  0.2910  1
125:   0.0200  0.3694  0.3023  0.3083  1
126:   0.1169  0.3087  0.2967  0.2777  1
127:   0.0440  0.3700  0.3280  0.2580  1
128:   0.0340  0.3183  0.3654  0.2823  1
129:   0.0790  0.2980  0.3260  0.2970  1
130:   0.7850  0.0720  0.0700  0.0730  1
131:   0.0240  0.3760  0.3390  0.2610  1
132:   0.0300  0.3620  0.3410  0.2670  1
133:   0.0850  0.2870  0.3280  0.3000  1
134:   0.0290  0.2900  0.3020  0.3790  1
135:   0.0220  0.3840  0.3150  0.2790  1
136:   0.0430  0.3360  0.3470  0.2740  1
137:   0.0529  0.2817  0.3407  0.3247  1
138:   0.0900  0.2740  0.3040  0.3320  1
139:   0.0290  0.2860  0.3540  0.3310  1
140:   0.2410  0.2320  0.2650  0.2620  1
141:   0.8310  0.0520  0.0550  0.0620  1
142:   0.0390  0.2790  0.3110  0.3710  1
143:   0.5810  0.1310  0.1320  0.1560  1
144:   0.0240  0.3090  0.2560  0.4110  1
145:   0.0400  0.3080  0.3130  0.3390  1
146:   0.0580  0.2710  0.2890  0.3820  1
147:   0.1290  0.2550  0.3130  0.3030  1
148:   0.0270  0.2970  0.2630  0.4130  1
149:   0.0720  0.3240  0.2910  0.3130  1
150:   0.0140  0.2857  0.2647  0.4356  1
151:   0.0360  0.3207  0.3706  0.2727  1
152:   0.0430  0.2897  0.3307  0.3367  1
153:   0.1610  0.2500  0.2910  0.2980  1
154:   0.0170  0.3367  0.3736  0.2727  1
155:   0.0370  0.3420  0.3270  0.2940  1
156:   0.0740  0.2980  0.2870  0.3410  1
157:   0.0330  0.3010  0.2840  0.3820  1
158:   0.0410  0.3000  0.3370  0.3220  1
159:   0.0190  0.3263  0.3524  0.3023  1
160:   0.0430  0.3110  0.3240  0.3220  1
161:   0.0220  0.3307  0.3696  0.2777  1
162:   0.0530  0.3250  0.3190  0.3030  1
163:   0.0350  0.3070  0.3480  0.3100  1
164:   0.0190  0.3200  0.3450  0.3160  1
165:   0.0270  0.3400  0.3100  0.3230  1
166:   0.1200  0.3000  0.3070  0.2730  1
167:   0.0250  0.2830  0.3510  0.3410  1
168:   0.0340  0.3500  0.2870  0.3290  1
169:   0.0810  0.2970  0.3140  0.3080  1
170:   0.1968  0.2458  0.2637  0.2937  1
171:   0.0340  0.3020  0.3320  0.3320  1
172:   0.1400  0.2760  0.3260  0.2580  1
173:   0.0270  0.3280  0.3440  0.3010  1
174:   0.0190  0.3477  0.3487  0.2847  1
175:   0.0770  0.3040  0.3190  0.3000  1
176:   0.0800  0.3050  0.3360  0.2790  1
177:   0.8969  0.0320  0.0320  0.0390  1
178:   0.7770  0.0770  0.0780  0.0680  1
179:   0.7690  0.0790  0.0770  0.0750  1
180:   0.0280  0.3297  0.3017  0.3407  1
181:   0.8530  0.0480  0.0510  0.0480  1
182:   0.8310  0.0550  0.0540  0.0600  1
183:   0.5680  0.1360  0.1530  0.1430  1
184:   0.5970  0.1310  0.1310  0.1410  1
185:   0.8310  0.0540  0.0580  0.0570  1
186:   0.6470  0.1180  0.1140  0.1210  1
187:   0.2830  0.2540  0.2420  0.2210  1
188:   0.4030  0.1910  0.1760  0.2300  1
189:   0.8690  0.0430  0.0460  0.0420  1
190:   0.0850  0.2750  0.3150  0.3250  1
191:   0.4705  0.1842  0.1842  0.1612  1
192:   0.9400  0.0190  0.0200  0.0210  1
193:   0.9390  0.0200  0.0200  0.0210  1
194:   0.9149  0.0280  0.0280  0.0290  1
195:   0.9109  0.0310  0.0270  0.0310  1
196:   0.9169  0.0270  0.0270  0.0290  1
197:   0.9150  0.0270  0.0290  0.0290  1
198:   0.4505  0.1772  0.2062  0.1662  1
