 1:   0.1992  0.2004  0.2000  0.1998  0.2006  1
 2:   0.2029  0.2007  0.1983  0.1981  0.2001  1
 3:   0.1961  0.1997  0.2013  0.2053  0.1977  1
 4:   0.2034  0.2036  0.1952  0.2038  0.1940  1
 5:   0.1957  0.1991  0.2029  0.1997  0.2027  1
 6:   0.1949  0.1987  0.2049  0.1969  0.2045  1
 7:   0.1987  0.1995  0.2007  0.1987  0.2025  1
 8:   0.2014  0.2018  0.1984  0.2004  0.1982  1
 9:   0.2022  0.2022  0.1984  0.1964  0.2008  1
10:   0.2012  0.1988  0.2010  0.1976  0.2012  1
11:   0.2016  0.2018  0.2000  0.1954  0.2010  1
12:   0.1993  0.2015  0.2001  0.1985  0.2005  1
13:   0.1972  0.2050  0.1972  0.1992  0.2014  1
14:   0.1991  0.1995  0.1997  0.2023  0.1993  1
15:   0.1982  0.2004  0.2006  0.1968  0.2038  1
16:   0.1970  0.1970  0.2042  0.1970  0.2050  1
17:   0.2044  0.1992  0.1986  0.2030  0.1946  1
18:   0.1956  0.1992  0.2030  0.1972  0.2050  1
19:   0.1998  0.2008  0.2012  0.1976  0.2006  1
20:   0.1998  0.1978  0.2016  0.2000  0.2008  1
21:   0.1983  0.1985  0.2019  0.2027  0.1987  1
22:   0.1968  0.1976  0.2038  0.1980  0.2040  1
23:   0.2002  0.1990  0.2016  0.1982  0.2012  1
24:   0.1998  0.2010  0.1998  0.1984  0.2012  1
25:   0.2018  0.2034  0.1976  0.2002  0.1970  1
26:   0.1998  0.1986  0.2016  0.1984  0.2018  1
27:   0.2018  0.1998  0.1990  0.1994  0.2000  1
28:   0.1948  0.1990  0.2052  0.1952  0.2056  1
29:   0.1968  0.1990  0.2022  0.2008  0.2010  1
30:   0.1998  0.2000  0.1992  0.2042  0.1970  1
31:   0.2060  0.1984  0.1970  0.2024  0.1964  1
32:   0.1988  0.1992  0.1966  0.2142  0.1914  1
33:   0.2013  0.1999  0.1947  0.2151  0.1891  1
34:   0.2026  0.2008  0.1994  0.1980  0.1990  1
35:   0.2050  0.1992  0.1986  0.2008  0.1964  1
36:   0.2030  0.2000  0.1956  0.2090  0.1922  1
37:   0.1966  0.1978  0.2044  0.1944  0.2066  1
38:   0.2008  0.2000  0.1972  0.2066  0.1952  1
39:   0.2014  0.1970  0.2020  0.1970  0.2028  1
40:   0.1964  0.1982  0.1992  0.2078  0.1986  1
41:   0.2023  0.2013  0.1965  0.2037  0.1961  1
42:   0.2052  0.1988  0.1972  0.2018  0.1970  1
43:   0.2000  0.1992  0.2002  0.2004  0.2002  1
44:   0.1986  0.1990  0.2006  0.1986  0.2032  1
45:   0.2020  0.1984  0.2008  0.1982  0.2004  1
46:   0.1970  0.2018  0.2012  0.1998  0.2000  1
47:   0.2005  0.1981  0.1983  0.2075  0.1957  1
48:   0.2018  0.2004  0.1964  0.2094  0.1918  1
49:   0.2032  0.1986  0.1976  0.2054  0.1954  1
50:   0.2019  0.1985  0.1987  0.2055  0.1955  1
51:   0.2018  0.2034  0.1972  0.1986  0.1988  1
52:   0.1928  0.1992  0.2040  0.1966  0.2076  1
53:   0.2060  0.1998  0.1970  0.2024  0.1946  1
54:   0.2031  0.1987  0.1977  0.2041  0.1965  1
55:   0.2032  0.2008  0.1992  0.1986  0.1982  1
56:   0.2066  0.1988  0.1972  0.2004  0.1970  1
57:   0.2035  0.1989  0.1995  0.1967  0.2013  1
58:   0.2022  0.2064  0.1952  0.1978  0.1986  1
59:   0.2021  0.2063  0.1953  0.1973  0.1989  1
60:   0.1989  0.1977  0.2027  0.1957  0.2049  1
61:   0.1966  0.2026  0.1994  0.2026  0.1990  1
62:   0.1962  0.1984  0.2050  0.1950  0.2054  1
63:   0.2002  0.1988  0.1988  0.2088  0.1936  1
64:   0.2010  0.1982  0.2016  0.1986  0.2008  1
65:   0.2006  0.1990  0.1986  0.2038  0.1980  1
66:   0.2030  0.1984  0.1998  0.1978  0.2012  1
67:   0.1970  0.1996  0.2020  0.1988  0.2026  1
68:   0.2007  0.2019  0.1991  0.1971  0.2011  1
69:   0.2007  0.2019  0.1993  0.1951  0.2031  1
70:   0.1967  0.2009  0.2019  0.1943  0.2061  1
71:   0.1930  0.1988  0.2048  0.1968  0.2066  1
72:   0.1952  0.1974  0.2042  0.1948  0.2084  1
73:   0.2016  0.2016  0.1994  0.2002  0.1974  1
74:   0.1940  0.1988  0.2040  0.1978  0.2054  1
75:   0.1927  0.1979  0.2069  0.1929  0.2095  1
76:   0.2038  0.2024  0.1962  0.2012  0.1966  1
77:   0.1971  0.2039  0.1997  0.1987  0.2007  1
78:   0.1990  0.2008  0.2010  0.1966  0.2024  1
79:   0.1994  0.1994  0.2022  0.1976  0.2016  1
80:   0.2002  0.1996  0.2010  0.1980  0.2014  1
81:   0.1998  0.1968  0.2010  0.2050  0.1976  1
82:   0.1954  0.2026  0.2012  0.1946  0.2064  1
83:   0.1926  0.2002  0.2038  0.1944  0.2090  1
84:   0.1977  0.2005  0.2007  0.1993  0.2019  1
85:   0.2002  0.2000  0.2006  0.1986  0.2008  1
86:   0.1996  0.2010  0.1996  0.2002  0.1994  1
87:   0.2008  0.1984  0.1996  0.2042  0.1972  1
88:   0.1996  0.1988  0.1956  0.2162  0.1900  1
89:   0.1959  0.1997  0.2031  0.2007  0.2007  1
90:   0.1994  0.1996  0.2016  0.1968  0.2026  1
