 1:   0.2000  0.2000  0.2000  0.2010  0.1990  1
 2:   0.2000  0.1990  0.2000  0.2000  0.2010  1
 3:   0.1992  0.2002  0.2002  0.2002  0.2002  1
 4:   0.2010  0.2000  0.1990  0.2020  0.1980  1
 5:   0.1980  0.2010  0.2010  0.1990  0.2010  1
 6:   0.1990  0.2000  0.2010  0.1990  0.2010  1
 7:   0.1988  0.1998  0.2008  0.1998  0.2008  1
 8:   0.2000  0.2000  0.1990  0.2010  0.2000  1
 9:   0.2008  0.1998  0.1998  0.1988  0.2008  1
10:   0.2002  0.2002  0.2002  0.1992  0.2002  1
11:   0.2008  0.1998  0.1998  0.1998  0.1998  1
12:   0.2002  0.2012  0.2002  0.1992  0.1992  1
13:   0.1990  0.2000  0.2000  0.2010  0.2000  1
14:   0.2000  0.2000  0.2000  0.2010  0.1990  1
15:   0.2002  0.2002  0.2002  0.2002  0.1992  1
16:   0.1990  0.1990  0.2010  0.1990  0.2020  1
17:   0.2020  0.1990  0.1990  0.2010  0.1990  1
18:   0.1998  0.1998  0.2008  0.1988  0.2008  1
19:   0.2000  0.2010  0.1990  0.2010  0.1990  1
20:   0.2008  0.1998  0.1998  0.1998  0.1998  1
21:   0.1998  0.1998  0.1998  0.2008  0.1998  1
22:   0.1990  0.2000  0.2000  0.1990  0.2020  1
23:   0.2008  0.1988  0.1998  0.1998  0.2008  1
24:   0.1990  0.1990  0.2000  0.2030  0.1990  1
25:   0.2010  0.2000  0.2000  0.2010  0.1980  1
26:   0.1998  0.1998  0.2018  0.1988  0.1998  1
27:   0.2010  0.2000  0.1990  0.2010  0.1990  1
28:   0.1992  0.1992  0.2012  0.1992  0.2012  1
29:   0.2010  0.2000  0.2000  0.1990  0.2000  1
30:   0.2000  0.2010  0.2000  0.2000  0.1990  1
31:   0.2010  0.2000  0.2000  0.2000  0.1990  1
32:   0.1992  0.2002  0.2002  0.2012  0.1992  1
33:   0.2010  0.2010  0.1990  0.2010  0.1980  1
34:   0.2010  0.2000  0.2000  0.2000  0.1990  1
35:   0.2002  0.1992  0.2002  0.2002  0.2002  1
36:   0.2020  0.1990  0.1990  0.2020  0.1980  1
37:   0.1990  0.2000  0.2010  0.1980  0.2020  1
38:   0.2002  0.2002  0.2002  0.2012  0.1982  1
39:   0.2000  0.2000  0.2010  0.1990  0.2000  1
40:   0.1990  0.1990  0.2010  0.2000  0.2010  1
41:   0.2010  0.2000  0.2000  0.2000  0.1990  1
42:   0.2010  0.1990  0.1990  0.2010  0.2000  1
43:   0.1990  0.2010  0.2000  0.2000  0.2000  1
44:   0.2000  0.2000  0.2000  0.2000  0.2000  1
45:   0.2000  0.2000  0.2000  0.2000  0.2000  1
46:   0.1990  0.1990  0.2010  0.2000  0.2010  1
47:   0.2008  0.1998  0.1998  0.2008  0.1988  1
48:   0.2010  0.2010  0.1980  0.2020  0.1980  1
49:   0.2000  0.2000  0.2000  0.2010  0.1990  1
50:   0.2010  0.2000  0.2000  0.2010  0.1980  1
51:   0.1992  0.2002  0.2002  0.1982  0.2022  1
52:   0.1980  0.2000  0.2010  0.1990  0.2020  1
53:   0.2008  0.1998  0.1998  0.2008  0.1988  1
54:   0.2002  0.2002  0.1992  0.2002  0.2002  1
55:   0.2022  0.2012  0.1992  0.1992  0.1982  1
56:   0.2010  0.2000  0.2000  0.2000  0.1990  1
57:   0.2000  0.1990  0.2000  0.2000  0.2010  1
58:   0.2008  0.1998  0.1998  0.1998  0.1998  1
59:   0.2008  0.1998  0.1998  0.2008  0.1988  1
60:   0.1990  0.2010  0.2010  0.1980  0.2010  1
61:   0.1990  0.2000  0.2000  0.2010  0.2000  1
62:   0.1990  0.2010  0.2020  0.1970  0.2010  1
63:   0.1998  0.1998  0.1998  0.2028  0.1978  1
64:   0.2000  0.2000  0.2000  0.2000  0.2000  1
65:   0.2012  0.1992  0.1992  0.2022  0.1982  1
66:   0.2010  0.2000  0.1990  0.1990  0.2010  1
67:   0.1990  0.2000  0.2010  0.1990  0.2010  1
68:   0.2000  0.2010  0.1990  0.2010  0.1990  1
69:   0.2002  0.2012  0.2002  0.1982  0.2002  1
70:   0.2000  0.2000  0.2010  0.1970  0.2020  1
71:   0.1978  0.1998  0.2018  0.1978  0.2028  1
72:   0.1980  0.2000  0.2010  0.1980  0.2030  1
73:   0.2020  0.1990  0.1990  0.2010  0.1990  1
74:   0.1978  0.1998  0.2018  0.1988  0.2018  1
75:   0.1978  0.1998  0.2018  0.1968  0.2038  1
76:   0.2012  0.1992  0.1992  0.2012  0.1992  1
77:   0.2000  0.2010  0.2000  0.1990  0.2000  1
78:   0.2000  0.2000  0.2000  0.1990  0.2010  1
79:   0.1980  0.2000  0.2020  0.1980  0.2020  1
80:   0.1988  0.2008  0.1998  0.2008  0.1998  1
81:   0.2000  0.2000  0.2000  0.2010  0.1990  1
82:   0.1978  0.1998  0.2018  0.1968  0.2038  1
83:   0.1978  0.1998  0.2018  0.1968  0.2038  1
84:   0.2002  0.1992  0.2002  0.2012  0.1992  1
85:   0.1988  0.1998  0.2008  0.1988  0.2018  1
86:   0.2002  0.2002  0.1992  0.2002  0.2002  1
87:   0.2008  0.1988  0.1998  0.2018  0.1988  1
88:   0.2004  0.2004  0.1984  0.2024  0.1984  1
89:   0.1990  0.1990  0.2010  0.2000  0.2010  1
90:   0.2010  0.2000  0.2000  0.1990  0.2000  1

 1:   0.2002  0.1982  0.1962  0.2042  0.2012  1
 2:   0.2060  0.2000  0.1960  0.1930  0.2050  1
 3:   0.1910  0.2000  0.2070  0.2070  0.1950  1
 4:   0.2050  0.2000  0.1950  0.2030  0.1970  1
 5:   0.1930  0.2010  0.2040  0.2030  0.1990  1
 6:   0.1940  0.1990  0.2030  0.2010  0.2030  1
 7:   0.1980  0.2000  0.1980  0.2020  0.2020  1
 8:   0.2070  0.1980  0.1960  0.1980  0.2010  1
 9:   0.2008  0.1998  0.1948  0.1988  0.2058  1
10:   0.1950  0.2030  0.2010  0.2020  0.1990  1
11:   0.2040  0.2010  0.1960  0.1970  0.2020  1
12:   0.2000  0.1990  0.1980  0.2010  0.2020  1
13:   0.1980  0.2030  0.1990  0.2010  0.1990  1
14:   0.2000  0.1980  0.1970  0.2020  0.2030  1
15:   0.1930  0.2020  0.1990  0.2030  0.2030  1
16:   0.1918  0.1998  0.2028  0.2038  0.2018  1
17:   0.2082  0.1992  0.2002  0.1992  0.1932  1
18:   0.1932  0.1992  0.2032  0.2032  0.2012  1
19:   0.1978  0.2038  0.1988  0.1978  0.2018  1
20:   0.1972  0.2022  0.2022  0.2022  0.1962  1
21:   0.1952  0.2002  0.2032  0.2042  0.1972  1
22:   0.1930  0.2000  0.2030  0.2030  0.2010  1
23:   0.2020  0.2000  0.1990  0.2000  0.1990  1
24:   0.1990  0.2000  0.1970  0.1990  0.2050  1
25:   0.2050  0.2000  0.1970  0.2000  0.1980  1
26:   0.1960  0.1980  0.2010  0.2010  0.2040  1
27:   0.1968  0.1998  0.2008  0.1998  0.2028  1
28:   0.1900  0.2020  0.2060  0.1990  0.2030  1
29:   0.1942  0.1962  0.2052  0.2072  0.1972  1
30:   0.2022  0.2002  0.1992  0.2042  0.1942  1
31:   0.2120  0.1960  0.1980  0.1950  0.1990  1
32:   0.2048  0.1928  0.2038  0.2088  0.1898  1
33:   0.2080  0.1930  0.2010  0.2100  0.1880  1
34:   0.2008  0.2008  0.1978  0.1948  0.2058  1
35:   0.2050  0.1970  0.2000  0.2020  0.1960  1
36:   0.2138  0.1948  0.1958  0.1988  0.1968  1
37:   0.1920  0.2000  0.2030  0.2020  0.2030  1
38:   0.2080  0.1980  0.1990  0.1990  0.1960  1
39:   0.1960  0.2000  0.2010  0.2000  0.2030  1
40:   0.1990  0.1980  0.2020  0.2030  0.1980  1
41:   0.2038  0.1988  0.1958  0.2058  0.1958  1
42:   0.2090  0.2000  0.1980  0.1940  0.1990  1
43:   0.2022  0.1982  0.2002  0.2012  0.1982  1
44:   0.1952  0.1982  0.2012  0.2022  0.2032  1
45:   0.2002  0.1972  0.2002  0.1982  0.2042  1
46:   0.1980  0.2020  0.2030  0.2010  0.1960  1
47:   0.2040  0.1950  0.2040  0.2000  0.1970  1
48:   0.2072  0.1992  0.2002  0.2022  0.1912  1
49:   0.2088  0.1938  0.1978  0.2058  0.1938  1
50:   0.2040  0.1970  0.2010  0.2020  0.1960  1
51:   0.2100  0.1970  0.1970  0.1980  0.1980  1
52:   0.1918  0.1998  0.2038  0.2038  0.2008  1
53:   0.2152  0.1962  0.1992  0.1932  0.1962  1
54:   0.2070  0.1950  0.1990  0.1990  0.2000  1
55:   0.2040  0.2010  0.1980  0.1980  0.1990  1
56:   0.2102  0.1962  0.1972  0.1982  0.1982  1
57:   0.2038  0.1988  0.1998  0.1938  0.2038  1
58:   0.2050  0.2030  0.1920  0.1970  0.2030  1
59:   0.2058  0.2058  0.1898  0.1958  0.2028  1
60:   0.1958  0.1978  0.2028  0.2008  0.2028  1
61:   0.1990  0.2010  0.1970  0.2050  0.1980  1
62:   0.1900  0.2010  0.2040  0.2000  0.2050  1
63:   0.2008  0.1958  0.2028  0.2078  0.1928  1
64:   0.1988  0.2008  0.2008  0.1958  0.2038  1
65:   0.2020  0.1990  0.1960  0.2020  0.2010  1
66:   0.2020  0.1960  0.1960  0.2010  0.2050  1
67:   0.1942  0.2062  0.1992  0.2032  0.1972  1
68:   0.1990  0.2040  0.2010  0.1970  0.1990  1
69:   0.2000  0.2000  0.1990  0.1970  0.2040  1
70:   0.1918  0.2058  0.2008  0.2008  0.2008  1
71:   0.1902  0.2022  0.2042  0.2072  0.1962  1
72:   0.1930  0.1980  0.2050  0.1990  0.2050  1
73:   0.2000  0.2000  0.1990  0.2000  0.2010  1
74:   0.1870  0.1990  0.2070  0.2020  0.2050  1
75:   0.1870  0.2050  0.2070  0.1980  0.2030  1
76:   0.2090  0.2020  0.1910  0.1970  0.2010  1
77:   0.2000  0.2070  0.1990  0.1970  0.1970  1
78:   0.1970  0.2010  0.2020  0.1990  0.2010  1
79:   0.1970  0.2050  0.2020  0.1950  0.2010  1
80:   0.1960  0.2000  0.2020  0.2010  0.2010  1
81:   0.1988  0.1968  0.2048  0.1998  0.1998  1
82:   0.1950  0.2020  0.2010  0.1980  0.2040  1
83:   0.1882  0.2012  0.2042  0.2022  0.2042  1
84:   0.1950  0.2040  0.1980  0.2020  0.2010  1
85:   0.1978  0.2028  0.2008  0.1998  0.1988  1
86:   0.1968  0.2008  0.2018  0.2008  0.1998  1
87:   0.1990  0.1990  0.2020  0.2050  0.1950  1
88:   0.2048  0.1908  0.2038  0.2108  0.1898  1
89:   0.1950  0.1990  0.2050  0.2040  0.1970  1
90:   0.1980  0.2000  0.2000  0.2000  0.2020  1

 1:   0.1990  0.2020  0.2010  0.2000  0.1980  1
 2:   0.2030  0.2020  0.1990  0.2000  0.1960  1
 3:   0.1980  0.1980  0.1980  0.2040  0.2020  1
 4:   0.2002  0.2032  0.1952  0.2102  0.1912  1
 5:   0.1972  0.1992  0.2012  0.1982  0.2042  1
 6:   0.1970  0.2010  0.2060  0.1930  0.2030  1
 7:   0.2008  0.1978  0.1988  0.2008  0.2018  1
 8:   0.1980  0.2020  0.2000  0.2030  0.1970  1
 9:   0.2032  0.2022  0.1962  0.1982  0.2002  1
10:   0.2040  0.2000  0.1980  0.1960  0.2020  1
11:   0.2044  0.2024  0.1994  0.1954  0.1984  1
12:   0.2010  0.2000  0.2010  0.1970  0.2010  1
13:   0.1970  0.2060  0.1940  0.2010  0.2020  1
14:   0.1998  0.1978  0.2038  0.2028  0.1958  1
15:   0.2020  0.2020  0.1960  0.1960  0.2040  1
16:   0.1998  0.1998  0.2018  0.1958  0.2028  1
17:   0.2050  0.1980  0.2010  0.2010  0.1950  1
18:   0.1950  0.2020  0.2010  0.1980  0.2040  1
19:   0.2020  0.2020  0.2000  0.1960  0.2000  1
20:   0.2020  0.1980  0.2010  0.1970  0.2020  1
21:   0.2006  0.1956  0.2016  0.2026  0.1996  1
22:   0.1960  0.1980  0.2040  0.1930  0.2090  1
23:   0.1990  0.1970  0.2020  0.2000  0.2020  1
24:   0.1988  0.2028  0.1998  0.1998  0.1988  1
25:   0.2000  0.2030  0.1980  0.2020  0.1970  1
26:   0.2040  0.1970  0.2030  0.1940  0.2020  1
27:   0.2012  0.2012  0.1972  0.2012  0.1992  1
28:   0.1970  0.2000  0.2020  0.1950  0.2060  1
29:   0.1970  0.2000  0.2010  0.1980  0.2040  1
30:   0.1998  0.1988  0.1998  0.2038  0.1978  1
31:   0.2080  0.1970  0.1990  0.2010  0.1950  1
32:   0.1972  0.1972  0.1972  0.2162  0.1922  1
33:   0.1982  0.1972  0.1982  0.2162  0.1902  1
34:   0.2050  0.2000  0.2010  0.1990  0.1950  1
35:   0.2068  0.1968  0.1998  0.2008  0.1958  1
36:   0.1990  0.1960  0.2000  0.2130  0.1920  1
37:   0.1972  0.2022  0.1982  0.1942  0.2082  1
38:   0.2010  0.1980  0.1980  0.2070  0.1960  1
39:   0.2048  0.1968  0.2028  0.1948  0.2008  1
40:   0.1968  0.1978  0.1988  0.2098  0.1968  1
41:   0.2020  0.1980  0.1970  0.2060  0.1970  1
42:   0.2030  0.2000  0.1980  0.2040  0.1950  1
43:   0.2018  0.1988  0.2008  0.1978  0.2008  1
44:   0.1990  0.2010  0.1990  0.1960  0.2050  1
45:   0.2040  0.1990  0.2030  0.1970  0.1970  1
46:   0.1970  0.2020  0.1990  0.2000  0.2020  1
47:   0.2008  0.1978  0.1968  0.2098  0.1948  1
48:   0.1990  0.1970  0.2000  0.2120  0.1920  1
49:   0.2030  0.1940  0.2030  0.2020  0.1980  1
50:   0.1992  0.1982  0.2012  0.2062  0.1952  1
51:   0.2030  0.1990  0.2000  0.2000  0.1980  1
52:   0.1910  0.2020  0.2030  0.1970  0.2070  1
53:   0.2070  0.1940  0.2010  0.2040  0.1940  1
54:   0.2040  0.1980  0.2000  0.2060  0.1920  1
55:   0.2052  0.1982  0.2012  0.1982  0.1972  1
56:   0.2070  0.1980  0.2010  0.1980  0.1960  1
57:   0.2028  0.1998  0.2008  0.1978  0.1988  1
58:   0.2000  0.2080  0.1920  0.2020  0.1980  1
59:   0.2000  0.2060  0.1960  0.1990  0.1990  1
60:   0.1998  0.2008  0.2018  0.1918  0.2058  1
61:   0.1932  0.2042  0.2012  0.2012  0.2002  1
62:   0.1988  0.1998  0.2018  0.1928  0.2068  1
63:   0.2000  0.1960  0.1980  0.2110  0.1950  1
64:   0.2030  0.1970  0.2020  0.1990  0.1990  1
65:   0.2030  0.1980  0.1990  0.2020  0.1980  1
66:   0.2060  0.2000  0.2010  0.1940  0.1990  1
67:   0.1950  0.2000  0.2000  0.2000  0.2050  1
68:   0.2028  0.2018  0.1978  0.1978  0.1998  1
69:   0.2022  0.2032  0.1972  0.1952  0.2022  1
70:   0.1990  0.2010  0.1990  0.1930  0.2080  1
71:   0.1910  0.2020  0.2010  0.1940  0.2120  1
72:   0.1970  0.2020  0.2030  0.1930  0.2050  1
73:   0.1990  0.2020  0.2010  0.2010  0.1970  1
74:   0.1942  0.1992  0.2022  0.1962  0.2082  1
75:   0.1950  0.2000  0.2020  0.1910  0.2120  1
76:   0.1998  0.1998  0.2008  0.2068  0.1928  1
77:   0.1962  0.2042  0.2002  0.2002  0.1992  1
78:   0.1980  0.2030  0.1990  0.1970  0.2030  1
79:   0.2020  0.1980  0.2020  0.1980  0.2000  1
80:   0.2028  0.1998  0.2018  0.1958  0.1998  1
81:   0.2008  0.1968  0.1968  0.2078  0.1978  1
82:   0.1910  0.2060  0.1960  0.1990  0.2080  1
83:   0.1918  0.2038  0.1998  0.1948  0.2098  1
84:   0.1982  0.2022  0.1972  0.1982  0.2042  1
85:   0.2020  0.1960  0.2030  0.1980  0.2010  1
86:   0.1992  0.2012  0.2012  0.2012  0.1972  1
87:   0.1990  0.1960  0.1990  0.2050  0.2010  1
88:   0.1958  0.1938  0.2028  0.2178  0.1898  1
89:   0.1968  0.1998  0.2008  0.1988  0.2038  1
90:   0.2008  0.1978  0.2018  0.1968  0.2028  1

 1:   0.1998  0.2028  0.2008  0.1978  0.1988  1
 2:   0.2012  0.1992  0.1982  0.2002  0.2012  1
 3:   0.1950  0.2010  0.2000  0.2050  0.1990  1
 4:   0.2048  0.2008  0.1988  0.2008  0.1948  1
 5:   0.1950  0.2010  0.2000  0.2000  0.2040  1
 6:   0.1968  0.2008  0.2008  0.1978  0.2038  1
 7:   0.1998  0.1988  0.2008  0.1978  0.2028  1
 8:   0.1998  0.2018  0.2008  0.1978  0.1998  1
 9:   0.2012  0.2022  0.2002  0.1972  0.1992  1
10:   0.2000  0.2010  0.2000  0.1990  0.2000  1
11:   0.2000  0.2010  0.2010  0.1970  0.2010  1
12:   0.2002  0.2002  0.1992  0.1992  0.2012  1
13:   0.1980  0.2030  0.1980  0.1990  0.2020  1
14:   0.1998  0.1998  0.1988  0.2028  0.1988  1
15:   0.2000  0.2000  0.2000  0.1980  0.2020  1
16:   0.1990  0.1980  0.2020  0.1980  0.2030  1
17:   0.2020  0.1990  0.1990  0.2030  0.1970  1
18:   0.1940  0.2010  0.2020  0.1990  0.2040  1
19:   0.2010  0.1990  0.2010  0.1980  0.2010  1
20:   0.2020  0.2000  0.1980  0.1990  0.2010  1
21:   0.1998  0.1978  0.2008  0.2038  0.1978  1
22:   0.1970  0.2010  0.2010  0.2000  0.2010  1
23:   0.1990  0.2010  0.2020  0.1970  0.2010  1
24:   0.2000  0.2020  0.1980  0.1990  0.2010  1
25:   0.2010  0.2000  0.1990  0.2000  0.2000  1
26:   0.2000  0.2010  0.1980  0.1990  0.2020  1
27:   0.2050  0.1980  0.1980  0.2000  0.1990  1
28:   0.1950  0.2010  0.2030  0.1980  0.2030  1
29:   0.1980  0.2010  0.2010  0.1980  0.2020  1
30:   0.2000  0.1990  0.2000  0.2050  0.1960  1
31:   0.2008  0.2008  0.1968  0.2028  0.1988  1
32:   0.1958  0.1988  0.1998  0.2108  0.1948  1
33:   0.2022  0.1972  0.1962  0.2112  0.1932  1
34:   0.2004  0.2014  0.2014  0.1984  0.1984  1
35:   0.2010  0.1990  0.2000  0.2020  0.1980  1
36:   0.2012  0.1992  0.2002  0.2052  0.1942  1
37:   0.1972  0.2002  0.2012  0.1972  0.2042  1
38:   0.1990  0.2000  0.1990  0.2050  0.1970  1
39:   0.1980  0.1990  0.2010  0.1990  0.2030  1
40:   0.1950  0.1980  0.2000  0.2050  0.2020  1
41:   0.2018  0.1988  0.1998  0.2008  0.1988  1
42:   0.2020  0.1980  0.1990  0.2010  0.2000  1
43:   0.1992  0.2012  0.2002  0.1992  0.2002  1
44:   0.2008  0.1998  0.1988  0.1998  0.2008  1
45:   0.2000  0.2000  0.2020  0.1980  0.2000  1
46:   0.1990  0.2000  0.1990  0.2020  0.2000  1
47:   0.2008  0.1968  0.1998  0.2058  0.1968  1
48:   0.2000  0.2000  0.1980  0.2070  0.1950  1
49:   0.1990  0.2000  0.1980  0.2050  0.1980  1
50:   0.2012  0.1992  0.1982  0.2042  0.1972  1
51:   0.1978  0.2008  0.2008  0.1998  0.2008  1
52:   0.1940  0.2000  0.2030  0.1970  0.2060  1
53:   0.2002  0.2002  0.1992  0.2012  0.1992  1
54:   0.2022  0.1972  0.1992  0.2032  0.1982  1
55:   0.2008  0.2008  0.1998  0.1988  0.1998  1
56:   0.2018  0.1978  0.1978  0.2018  0.2008  1
57:   0.2000  0.1980  0.2000  0.2000  0.2020  1
58:   0.2030  0.2020  0.1990  0.1980  0.1980  1
59:   0.2050  0.1990  0.1990  0.1980  0.1990  1
60:   0.1992  0.1992  0.2012  0.1982  0.2022  1
61:   0.1988  0.2018  0.1998  0.2008  0.1988  1
62:   0.1982  0.2002  0.2012  0.1962  0.2042  1
63:   0.2000  0.1990  0.2000  0.2040  0.1970  1
64:   0.2022  0.1982  0.2002  0.1982  0.2012  1
65:   0.2008  0.1988  0.2008  0.2018  0.1978  1
66:   0.2000  0.2000  0.2010  0.1980  0.2010  1
67:   0.1990  0.1990  0.2010  0.2000  0.2010  1
68:   0.2020  0.2010  0.1980  0.1970  0.2020  1
69:   0.2000  0.2020  0.2010  0.1950  0.2020  1
70:   0.1990  0.2010  0.2010  0.1960  0.2030  1
71:   0.1958  0.2028  0.2008  0.1968  0.2038  1
72:   0.1970  0.2000  0.2010  0.1950  0.2070  1
73:   0.2038  0.2008  0.1998  0.1978  0.1978  1
74:   0.1970  0.2010  0.2000  0.1990  0.2030  1
75:   0.1948  0.2018  0.2028  0.1958  0.2048  1
76:   0.2020  0.2010  0.1990  0.2000  0.1980  1
77:   0.1992  0.2012  0.2002  0.1982  0.2012  1
78:   0.2010  0.2000  0.2000  0.1990  0.2000  1
79:   0.2020  0.2000  0.1990  0.1970  0.2020  1
80:   0.2002  0.2012  0.2002  0.1972  0.2012  1
81:   0.2022  0.1962  0.1982  0.2042  0.1992  1
82:   0.1970  0.2030  0.2010  0.1960  0.2030  1
83:   0.1942  0.2022  0.2012  0.1962  0.2062  1
84:   0.1992  0.1992  0.2012  0.2002  0.2002  1
85:   0.2012  0.1992  0.1982  0.2002  0.2012  1
86:   0.2010  0.1990  0.2000  0.2010  0.1990  1
87:   0.2010  0.2000  0.1990  0.2030  0.1970  1
88:   0.1978  0.1978  0.1958  0.2138  0.1948  1
89:   0.1978  0.1998  0.1998  0.2028  0.1998  1
90:   0.2000  0.2020  0.1990  0.1970  0.2020  1

 1:   0.1970  0.1990  0.2020  0.1960  0.2060  1
 2:   0.2042  0.2032  0.1982  0.1972  0.1972  1
 3:   0.1972  0.1992  0.2012  0.2102  0.1922  1
 4:   0.2060  0.2140  0.1880  0.2030  0.1890  1
 5:   0.1952  0.1932  0.2082  0.1982  0.2052  1
 6:   0.1878  0.1928  0.2138  0.1938  0.2118  1
 7:   0.1960  0.2010  0.2050  0.1930  0.2050  1
 8:   0.2020  0.2070  0.1960  0.2020  0.1930  1
 9:   0.2050  0.2070  0.2010  0.1890  0.1980  1
10:   0.2070  0.1900  0.2060  0.1920  0.2050  1
11:   0.1990  0.2050  0.2040  0.1880  0.2040  1
12:   0.1952  0.2072  0.2022  0.1962  0.1992  1
13:   0.1940  0.2130  0.1950  0.1940  0.2040  1
14:   0.1960  0.2020  0.1990  0.2030  0.2000  1
15:   0.1960  0.1980  0.2080  0.1870  0.2110  1
16:   0.1952  0.1882  0.2132  0.1882  0.2152  1
17:   0.2050  0.2010  0.1940  0.2110  0.1890  1
18:   0.1960  0.1940  0.2080  0.1870  0.2150  1
19:   0.1982  0.1982  0.2072  0.1952  0.2012  1
20:   0.1970  0.1890  0.2070  0.2020  0.2050  1
21:   0.1960  0.1990  0.2040  0.2020  0.1990  1
22:   0.1988  0.1888  0.2108  0.1948  0.2068  1
23:   0.2000  0.1980  0.2050  0.1940  0.2030  1
24:   0.2020  0.2010  0.2040  0.1910  0.2020  1
25:   0.2020  0.2140  0.1940  0.1980  0.1920  1
26:   0.1990  0.1970  0.2040  0.1990  0.2010  1
27:   0.2050  0.2000  0.2000  0.1950  0.2000  1
28:   0.1930  0.1930  0.2140  0.1850  0.2150  1
29:   0.1940  0.1980  0.2040  0.2020  0.2020  1
30:   0.1968  0.2008  0.1968  0.2078  0.1978  1
31:   0.2080  0.1980  0.1910  0.2130  0.1900  1
32:   0.1968  0.2068  0.1818  0.2338  0.1808  1
33:   0.1970  0.2110  0.1790  0.2370  0.1760  1
34:   0.2060  0.2020  0.1970  0.1980  0.1970  1
35:   0.2120  0.2040  0.1930  0.1990  0.1920  1
36:   0.1992  0.2112  0.1832  0.2262  0.1802  1
37:   0.1978  0.1868  0.2188  0.1808  0.2158  1
38:   0.1960  0.2040  0.1900  0.2210  0.1890  1
39:   0.2080  0.1890  0.2040  0.1920  0.2070  1
40:   0.1920  0.1980  0.1940  0.2210  0.1950  1
41:   0.2030  0.2110  0.1900  0.2060  0.1900  1
42:   0.2110  0.1970  0.1920  0.2090  0.1910  1
43:   0.1978  0.1968  0.1998  0.2038  0.2018  1
44:   0.1980  0.1960  0.2040  0.1950  0.2070  1
45:   0.2060  0.1960  0.1990  0.1980  0.2010  1
46:   0.1922  0.2062  0.2042  0.1962  0.2012  1
47:   0.1960  0.2010  0.1910  0.2210  0.1910  1
48:   0.2020  0.2050  0.1860  0.2240  0.1830  1
49:   0.2050  0.2050  0.1890  0.2130  0.1880  1
50:   0.2040  0.1980  0.1930  0.2140  0.1910  1
51:   0.1992  0.2202  0.1882  0.1972  0.1952  1
52:   0.1890  0.1940  0.2090  0.1860  0.2220  1
53:   0.2070  0.2090  0.1860  0.2130  0.1850  1
54:   0.2020  0.2030  0.1910  0.2120  0.1920  1
55:   0.2038  0.2028  0.1978  0.1988  0.1968  1
56:   0.2130  0.2020  0.1900  0.2040  0.1910  1
57:   0.2110  0.1990  0.1970  0.1920  0.2010  1
58:   0.2020  0.2190  0.1930  0.1920  0.1940  1
59:   0.1990  0.2210  0.1920  0.1930  0.1950  1
60:   0.2008  0.1898  0.2068  0.1898  0.2128  1
61:   0.1928  0.2058  0.1988  0.2048  0.1978  1
62:   0.1950  0.1900  0.2160  0.1890  0.2100  1
63:   0.2002  0.2032  0.1932  0.2182  0.1852  1
64:   0.2008  0.1948  0.2048  0.1998  0.1998  1
65:   0.1960  0.2000  0.1980  0.2110  0.1950  1
66:   0.2058  0.1958  0.2018  0.1968  0.1998  1
67:   0.1978  0.1928  0.2088  0.1918  0.2088  1
68:   0.1998  0.2018  0.1998  0.1928  0.2058  1
69:   0.2010  0.2030  0.1990  0.1900  0.2070  1
70:   0.1938  0.1968  0.2078  0.1848  0.2168  1
71:   0.1902  0.1872  0.2162  0.1882  0.2182  1
72:   0.1910  0.1870  0.2110  0.1890  0.2220  1
73:   0.2030  0.2060  0.1980  0.2010  0.1920  1
74:   0.1940  0.1950  0.2090  0.1930  0.2090  1
75:   0.1890  0.1830  0.2210  0.1830  0.2240  1
76:   0.2068  0.2098  0.1908  0.2008  0.1918  1
77:   0.1900  0.2060  0.1990  0.1990  0.2060  1
78:   0.1992  0.2002  0.2042  0.1892  0.2072  1
79:   0.1978  0.1938  0.2058  0.1998  0.2028  1
80:   0.2030  0.1960  0.2010  0.1950  0.2050  1
81:   0.1970  0.1940  0.2050  0.2120  0.1920  1
82:   0.1960  0.2020  0.2060  0.1830  0.2130  1
83:   0.1910  0.1940  0.2120  0.1820  0.2210  1
84:   0.1958  0.1978  0.2068  0.1948  0.2048  1
85:   0.2010  0.2020  0.2000  0.1960  0.2010  1
86:   0.2010  0.2040  0.1960  0.1980  0.2010  1
87:   0.2040  0.1980  0.1980  0.2060  0.1940  1
88:   0.1990  0.2110  0.1770  0.2360  0.1770  1
89:   0.1908  0.2008  0.2088  0.1978  0.2018  1
90:   0.1972  0.1982  0.2072  0.1912  0.2062  1

