  1:   0.1793  0.2119  0.2101  0.2051  0.1935  1
  2:   0.1706  0.2084  0.2112  0.2176  0.1924  1
  3:   0.1995  0.2061  0.2021  0.1983  0.1941  1
  4:   0.2404  0.1804  0.1826  0.1864  0.2104  1
  5:   0.1906  0.2054  0.2056  0.1998  0.1986  1
  6:   0.1910  0.2016  0.2020  0.2030  0.2026  1
  7:   0.1931  0.1975  0.1991  0.2083  0.2021  1
  8:   0.1869  0.1991  0.2025  0.2133  0.1983  1
  9:   0.2340  0.1874  0.1874  0.1840  0.2074  1
 10:   0.2120  0.1982  0.1966  0.1896  0.2036  1
 11:   0.1725  0.2201  0.2131  0.2051  0.1893  1
 12:   0.2330  0.1842  0.1860  0.1920  0.2050  1
 13:   0.2542  0.1816  0.1804  0.1768  0.2070  1
 14:   0.2286  0.1852  0.1860  0.1882  0.2122  1
 15:   0.1976  0.2026  0.2034  0.2030  0.1934  1
 16:   0.2006  0.1988  0.1988  0.2022  0.1994  1
 17:   0.2148  0.1918  0.1954  0.1916  0.2064  1
 18:   0.1982  0.2038  0.2016  0.1954  0.2008  1
 19:   0.1992  0.2004  0.2008  0.1968  0.2028  1
 20:   0.2081  0.1955  0.1975  0.1933  0.2057  1
 21:   0.1805  0.2107  0.2119  0.2029  0.1941  1
 22:   0.2159  0.1925  0.1941  0.1935  0.2041  1
 23:   0.1822  0.2062  0.2056  0.2082  0.1980  1
 24:   0.2032  0.1952  0.1974  0.2006  0.2038  1
 25:   0.1993  0.1999  0.1981  0.2007  0.2021  1
 26:   0.2006  0.1966  0.2002  0.1996  0.2030  1
 27:   0.2092  0.1958  0.1938  0.1952  0.2060  1
 28:   0.1980  0.1960  0.2012  0.2054  0.1996  1
 29:   0.1976  0.2026  0.2052  0.1954  0.1992  1
 30:   0.2056  0.1990  0.1976  0.1988  0.1992  1
 31:   0.1690  0.2046  0.2088  0.2274  0.1900  1
 32:   0.2014  0.2016  0.2010  0.1908  0.2050  1
 33:   0.2028  0.1960  0.1936  0.2086  0.1990  1
 34:   0.1988  0.2000  0.1982  0.2014  0.2018  1
 35:   0.2265  0.1865  0.1863  0.1911  0.2095  1
 36:   0.1804  0.2104  0.2082  0.2080  0.1930  1
 37:   0.1648  0.2060  0.2112  0.2288  0.1892  1
 38:   0.2015  0.1967  0.1967  0.2025  0.2027  1
 39:   0.2080  0.1958  0.1982  0.1978  0.2002  1
 40:   0.1885  0.2067  0.2069  0.1989  0.1991  1
 41:   0.1950  0.1988  0.2024  0.2000  0.2038  1
 42:   0.2292  0.1922  0.1874  0.1864  0.2048  1
 43:   0.2152  0.1962  0.1942  0.1914  0.2030  1
 44:   0.1867  0.2117  0.2063  0.1993  0.1961  1
 45:   0.1890  0.2130  0.2024  0.1984  0.1974  1
 46:   0.2109  0.1931  0.1963  0.1957  0.2041  1
 47:   0.1728  0.2078  0.2164  0.2102  0.1928  1
 48:   0.1905  0.2037  0.2055  0.2069  0.1935  1
 49:   0.2177  0.1919  0.1917  0.1915  0.2073  1
 50:   0.1760  0.2170  0.2124  0.2008  0.1938  1
 51:   0.2519  0.1768  0.1798  0.1836  0.2078  1
 52:   0.1976  0.2052  0.2032  0.2002  0.1936  1
 53:   0.1984  0.1988  0.1984  0.2010  0.2036  1
 54:   0.1839  0.2057  0.2087  0.2037  0.1979  1
 55:   0.2014  0.1964  0.1980  0.2032  0.2012  1
 56:   0.1944  0.1998  0.1996  0.2040  0.2024  1
 57:   0.1806  0.2058  0.2140  0.2042  0.1956  1
 58:   0.1982  0.1988  0.1972  0.2006  0.2052  1
 59:   0.1852  0.2048  0.2082  0.2032  0.1986  1
 60:   0.1798  0.2136  0.2096  0.2018  0.1950  1
 61:   0.2123  0.1933  0.1955  0.1977  0.2011  1
 62:   0.2034  0.1970  0.1970  0.2022  0.2004  1
 63:   0.1983  0.1973  0.1997  0.2045  0.2003  1
 64:   0.1663  0.2277  0.2143  0.2037  0.1881  1
 65:   0.2000  0.1996  0.2030  0.2002  0.1972  1
 66:   0.1973  0.1969  0.1985  0.2065  0.2007  1
 67:   0.2123  0.1947  0.1959  0.1907  0.2063  1
 68:   0.1934  0.2058  0.2056  0.1988  0.1962  1
 69:   0.2031  0.1931  0.1955  0.2069  0.2013  1
 70:   0.1916  0.2050  0.2056  0.2028  0.1952  1
 71:   0.1824  0.2074  0.2082  0.2068  0.1952  1
 72:   0.2111  0.1975  0.1959  0.1967  0.1987  1
 73:   0.1840  0.2064  0.2104  0.2036  0.1954  1
 74:   0.1911  0.2037  0.2041  0.2091  0.1921  1
 75:   0.1993  0.2073  0.1987  0.1949  0.1997  1
 76:   0.1802  0.2116  0.2076  0.2036  0.1970  1
 77:   0.1906  0.1996  0.2012  0.2098  0.1988  1
 78:   0.1758  0.2104  0.2126  0.2076  0.1936  1
 79:   0.2028  0.2026  0.2010  0.1916  0.2022  1
 80:   0.2446  0.1812  0.1810  0.1832  0.2100  1
 81:   0.1874  0.2128  0.2036  0.1992  0.1970  1
 82:   0.1724  0.2088  0.2100  0.2162  0.1924  1
 83:   0.1849  0.2119  0.2059  0.2003  0.1969  1
 84:   0.2074  0.1968  0.1950  0.1938  0.2072  1
 85:   0.1780  0.2070  0.2094  0.2110  0.1944  1
 86:   0.1918  0.2060  0.2056  0.1958  0.2008  1
 87:   0.1901  0.2103  0.2069  0.1957  0.1971  1
 88:   0.2115  0.1915  0.1961  0.1925  0.2085  1
 89:   0.2135  0.1985  0.1943  0.1941  0.1995  1
 90:   0.2078  0.1964  0.1958  0.1976  0.2024  1
 91:   0.1819  0.2135  0.2081  0.2039  0.1927  1
 92:   0.1926  0.2030  0.2044  0.2054  0.1944  1
 93:   0.1951  0.2065  0.2019  0.1989  0.1977  1
 94:   0.1817  0.2109  0.2055  0.2071  0.1947  1
 95:   0.1864  0.2036  0.2064  0.2086  0.1952  1
 96:   0.2184  0.1950  0.1930  0.1888  0.2046  1
 97:   0.2112  0.1982  0.1980  0.1880  0.2046  1
 98:   0.2117  0.1937  0.1983  0.1949  0.2015  1
 99:   0.2022  0.1980  0.1982  0.1982  0.2034  1
100:   0.1913  0.2043  0.2069  0.1979  0.1995  1
101:   0.1934  0.2020  0.2028  0.2016  0.2000  1
102:   0.1810  0.2048  0.2054  0.2108  0.1980  1
103:   0.2306  0.1844  0.1904  0.1918  0.2028  1
104:   0.1914  0.2010  0.2046  0.2048  0.1982  1
105:   0.1694  0.2152  0.2162  0.2104  0.1890  1
106:   0.2041  0.1969  0.1975  0.2019  0.1997  1
107:   0.2196  0.1946  0.1952  0.1906  0.2000  1
108:   0.1960  0.2008  0.2004  0.2010  0.2018  1
109:   0.2218  0.1910  0.1928  0.1882  0.2064  1
110:   0.1948  0.2042  0.2012  0.2004  0.1992  1
111:   0.2004  0.2030  0.2054  0.1974  0.1936  1
112:   0.2036  0.1962  0.1998  0.1970  0.2032  1
113:   0.2520  0.1802  0.1840  0.1824  0.2014  1
114:   0.2025  0.1963  0.2009  0.2043  0.1961  1
115:   0.2212  0.1946  0.1928  0.1882  0.2034  1
116:   0.2046  0.1954  0.1998  0.1966  0.2034  1
117:   0.1884  0.2016  0.2038  0.2086  0.1976  1
118:   0.1820  0.2110  0.2120  0.2046  0.1904  1
119:   0.1812  0.2114  0.2062  0.2046  0.1966  1
120:   0.2045  0.2005  0.1971  0.1937  0.2041  1
121:   0.2216  0.1864  0.1904  0.1940  0.2076  1
122:   0.1966  0.1932  0.1976  0.2124  0.2000  1
123:   0.1899  0.2103  0.2041  0.1985  0.1973  1
124:   0.2042  0.1976  0.1956  0.2062  0.1964  1
125:   0.1822  0.2050  0.2072  0.2092  0.1964  1
126:   0.1940  0.2016  0.2002  0.2030  0.2010  1
127:   0.1962  0.1994  0.2040  0.2004  0.2002  1
128:   0.2246  0.1846  0.1894  0.1914  0.2098  1
129:   0.2185  0.1871  0.1923  0.1979  0.2043  1
130:   0.1981  0.2035  0.1973  0.1997  0.2013  1
131:   0.1800  0.2088  0.2070  0.2104  0.1940  1
132:   0.1878  0.2040  0.2058  0.2056  0.1966  1
133:   0.1787  0.2107  0.2065  0.2097  0.1943  1
134:   0.1903  0.1999  0.2025  0.2097  0.1975  1
135:   0.1994  0.1992  0.2032  0.2024  0.1958  1
136:   0.1992  0.1976  0.1974  0.2042  0.2016  1
137:   0.1984  0.2048  0.2000  0.1978  0.1988  1
138:   0.2321  0.1851  0.1855  0.1905  0.2069  1
139:   0.1880  0.2028  0.2034  0.2110  0.1948  1
140:   0.1861  0.2019  0.2067  0.2075  0.1977  1
141:   0.1977  0.2037  0.1975  0.1985  0.2025  1
142:   0.1824  0.2056  0.2050  0.2108  0.1964  1
143:   0.2195  0.1915  0.1893  0.1921  0.2075  1
144:   0.1876  0.2006  0.2060  0.2128  0.1930  1
145:   0.2180  0.1924  0.1920  0.1950  0.2026  1
146:   0.1917  0.1979  0.2003  0.2045  0.2057  1
147:   0.1965  0.2003  0.2037  0.1973  0.2023  1
148:   0.2265  0.1869  0.1935  0.1905  0.2027  1
149:   0.2012  0.1940  0.1972  0.2040  0.2038  1
150:   0.1969  0.2009  0.2019  0.2013  0.1991  1
151:   0.1946  0.2068  0.2016  0.1986  0.1984  1
152:   0.1851  0.2093  0.2091  0.2005  0.1961  1
153:   0.1906  0.2036  0.2046  0.2026  0.1988  1
154:   0.2103  0.1985  0.1987  0.1917  0.2009  1
155:   0.2136  0.1934  0.1952  0.1946  0.2032  1
156:   0.1736  0.2066  0.2098  0.2184  0.1918  1
157:   0.1770  0.2146  0.2090  0.2054  0.1938  1
158:   0.1930  0.2082  0.2056  0.1968  0.1966  1
159:   0.1916  0.2040  0.2008  0.2040  0.1998  1
160:   0.1905  0.1999  0.1995  0.2091  0.2011  1
161:   0.2200  0.1910  0.1910  0.1888  0.2094  1
162:   0.3950  0.1301  0.1315  0.1339  0.2097  1
163:   0.1671  0.2107  0.2129  0.2205  0.1889  1
164:   0.1992  0.2002  0.2036  0.1946  0.2024  1
165:   0.1790  0.2108  0.2090  0.2066  0.1944  1
166:   0.1975  0.2025  0.2019  0.1989  0.1993  1
167:   0.2420  0.1834  0.1830  0.1858  0.2056  1
168:   0.2056  0.1930  0.1992  0.1964  0.2058  1
169:   0.1831  0.2057  0.2029  0.2109  0.1975  1
170:   0.2143  0.1929  0.1927  0.1949  0.2053  1
171:   0.1873  0.1999  0.2019  0.2161  0.1947  1
172:   0.1957  0.2021  0.2001  0.2057  0.1963  1
173:   0.1855  0.2021  0.2029  0.2121  0.1973  1
174:   0.2172  0.1934  0.1894  0.1914  0.2088  1
175:   0.2266  0.1868  0.1884  0.1922  0.2058  1
176:   0.1804  0.2194  0.2076  0.2018  0.1910  1
177:   0.1694  0.2152  0.2120  0.2136  0.1896  1
178:   0.1747  0.2065  0.2111  0.2147  0.1929  1
179:   0.2052  0.1994  0.1980  0.1962  0.2012  1
180:   0.2106  0.1990  0.1970  0.1892  0.2044  1
181:   0.1868  0.2074  0.2034  0.2040  0.1986  1
182:   0.2095  0.1949  0.1945  0.1941  0.2069  1
183:   0.1926  0.2078  0.2030  0.1976  0.1992  1
184:   0.1961  0.1945  0.2031  0.2061  0.2001  1
185:   0.1905  0.2029  0.2003  0.2085  0.1979  1
186:   0.1922  0.1998  0.2044  0.2046  0.1992  1
187:   0.1840  0.2088  0.2040  0.2086  0.1946  1
188:   0.1817  0.2005  0.2057  0.2195  0.1927  1
189:   0.1984  0.2006  0.2010  0.1966  0.2034  1
190:   0.2032  0.1968  0.2000  0.1964  0.2038  1
191:   0.2042  0.1920  0.1996  0.1968  0.2074  1
192:   0.2012  0.2000  0.1988  0.2008  0.1992  1
193:   0.1994  0.2092  0.1998  0.1922  0.1994  1
194:   0.2148  0.1954  0.1954  0.1930  0.2014  1
195:   0.2019  0.1947  0.1931  0.1991  0.2113  1
196:   0.2347  0.1837  0.1851  0.1883  0.2083  1
197:   0.1919  0.2101  0.2047  0.1927  0.2007  1
198:   0.2030  0.2066  0.1992  0.1912  0.2000  1
199:   0.1844  0.2106  0.2080  0.1984  0.1984  1
200:   0.1806  0.2064  0.2060  0.2112  0.1956  1
201:   0.2236  0.1888  0.1922  0.1896  0.2056  1
202:   0.1860  0.2040  0.2044  0.2130  0.1926  1
203:   0.1962  0.1992  0.1988  0.2022  0.2038  1
204:   0.1945  0.2083  0.2021  0.1959  0.1991  1
205:   0.2044  0.2058  0.1986  0.1884  0.2026  1
206:   0.1936  0.2000  0.2034  0.2032  0.1996  1
207:   0.2006  0.2036  0.2018  0.1932  0.2008  1
208:   0.1904  0.2038  0.2052  0.2028  0.1978  1
209:   0.2165  0.1891  0.1945  0.1965  0.2033  1
210:   0.1861  0.2084  0.2056  0.2042  0.1958  1
211:   0.1848  0.2030  0.2054  0.2114  0.1956  1
212:   0.2256  0.1868  0.1888  0.1908  0.2080  1
213:   0.1896  0.2082  0.2052  0.2008  0.1964  1
214:   0.1984  0.1938  0.2000  0.2092  0.1988  1
215:   0.1948  0.2006  0.1954  0.2100  0.1994  1
216:   0.2319  0.1858  0.1880  0.1858  0.2084  1
217:   0.1772  0.2132  0.2068  0.2094  0.1932  1
218:   0.1922  0.2016  0.2028  0.2044  0.1992  1
219:   0.2553  0.1792  0.1846  0.1796  0.2012  1
220:   0.2060  0.1968  0.1944  0.1992  0.2038  1
221:   0.2087  0.1943  0.1959  0.1985  0.2027  1
222:   0.1976  0.2068  0.2026  0.1934  0.1996  1
223:   0.1806  0.2082  0.2076  0.2076  0.1958  1
224:   0.1916  0.2052  0.2020  0.2028  0.1986  1
225:   0.2120  0.1946  0.1976  0.1904  0.2054  1
226:   0.2381  0.1869  0.1853  0.1819  0.2079  1
227:   0.1987  0.2005  0.2003  0.1989  0.2015  1
228:   0.1839  0.2131  0.2023  0.2051  0.1955  1
229:   0.1814  0.2112  0.2120  0.2020  0.1934  1
230:   0.2103  0.1951  0.1941  0.1977  0.2029  1
231:   0.2170  0.1928  0.1930  0.1950  0.2020  1
232:   0.1802  0.2056  0.2036  0.2152  0.1952  1
233:   0.2084  0.1978  0.1958  0.1898  0.2082  1
234:   0.1796  0.2082  0.2104  0.2062  0.1954  1
235:   0.1768  0.2218  0.2128  0.1976  0.1908  1
236:   0.2294  0.1904  0.1894  0.1814  0.2094  1
237:   0.1694  0.2204  0.2126  0.2070  0.1906  1
238:   0.1794  0.2120  0.2088  0.2092  0.1906  1
239:   0.1772  0.2168  0.2098  0.2048  0.1912  1
240:   0.2336  0.1842  0.1878  0.1870  0.2072  1
241:   0.2192  0.1900  0.1938  0.1908  0.2060  1
242:   0.1730  0.2192  0.2130  0.2028  0.1920  1
243:   0.1736  0.2166  0.2128  0.2048  0.1920  1
244:   0.1922  0.2024  0.2002  0.2044  0.2006  1
245:   0.2056  0.1956  0.1962  0.2012  0.2012  1
246:   0.2144  0.1964  0.1918  0.1940  0.2034  1
247:   0.2242  0.1920  0.1924  0.1912  0.2000  1
248:   0.1985  0.2037  0.2015  0.1973  0.1989  1
249:   0.2094  0.1922  0.1974  0.1990  0.2020  1
250:   0.2190  0.1888  0.1914  0.1978  0.2028  1
251:   0.2086  0.1982  0.1956  0.1964  0.2010  1
252:   0.1998  0.1974  0.1984  0.2046  0.1996  1
253:   0.1868  0.1988  0.2082  0.2074  0.1986  1
254:   0.1924  0.1990  0.2022  0.2066  0.1998  1
255:   0.2119  0.1889  0.1917  0.2027  0.2047  1
256:   0.2264  0.1880  0.1902  0.1912  0.2040  1
257:   0.1912  0.1976  0.2026  0.2080  0.2006  1
258:   0.2240  0.1862  0.1892  0.1978  0.2030  1
259:   0.1925  0.2063  0.2017  0.2021  0.1975  1
260:   0.2109  0.1995  0.1973  0.1905  0.2017  1
261:   0.1980  0.2086  0.2008  0.1924  0.2004  1
262:   0.1876  0.1972  0.2004  0.2236  0.1914  1
263:   0.1855  0.2077  0.2053  0.2067  0.1947  1
264:   0.1862  0.2106  0.2106  0.2016  0.1908  1
265:   0.1980  0.2030  0.1986  0.1982  0.2022  1
266:   0.2036  0.2012  0.1972  0.1968  0.2010  1
267:   0.1940  0.2024  0.2060  0.1984  0.1992  1
268:   0.2270  0.1872  0.1874  0.1928  0.2058  1
269:   0.2377  0.1843  0.1853  0.1811  0.2115  1
270:   0.2062  0.1994  0.2012  0.1936  0.1996  1
271:   0.2056  0.1948  0.1960  0.2002  0.2034  1
272:   0.2463  0.1821  0.1827  0.1757  0.2133  1
273:   0.1678  0.2084  0.2098  0.2258  0.1884  1
274:   0.1716  0.2184  0.2144  0.2044  0.1910  1
275:   0.1832  0.2078  0.2056  0.2078  0.1956  1
276:   0.1792  0.2044  0.2114  0.2090  0.1962  1
277:   0.1758  0.2072  0.2102  0.2150  0.1920  1
278:   0.1727  0.2117  0.2119  0.2105  0.1933  1
279:   0.1885  0.2083  0.2033  0.2035  0.1963  1
280:   0.2216  0.1926  0.1880  0.1980  0.2000  1
281:   0.1828  0.2100  0.2088  0.2046  0.1940  1
282:   0.2077  0.1967  0.1977  0.1987  0.1991  1
283:   0.1759  0.2087  0.2081  0.2149  0.1925  1
284:   0.1973  0.1941  0.1977  0.2085  0.2025  1
285:   0.2452  0.1798  0.1816  0.1844  0.2088  1
286:   0.1916  0.2084  0.2048  0.1972  0.1982  1
287:   0.2195  0.1973  0.1923  0.1847  0.2063  1
288:   0.2220  0.1950  0.1916  0.1846  0.2066  1
289:   0.2024  0.1952  0.1986  0.2032  0.2006  1
290:   0.1811  0.2013  0.2053  0.2157  0.1965  1
291:   0.1754  0.2054  0.2084  0.2170  0.1936  1
292:   0.1897  0.2081  0.2063  0.1993  0.1967  1
293:   0.2258  0.1932  0.1892  0.1832  0.2088  1
294:   0.1784  0.2092  0.2086  0.2100  0.1940  1
295:   0.2054  0.1946  0.1986  0.1982  0.2030  1
296:   0.2196  0.1890  0.1926  0.1940  0.2046  1
297:   0.2284  0.1874  0.1886  0.1888  0.2070  1
298:   0.2455  0.1819  0.1839  0.1803  0.2083  1
299:   0.1756  0.2054  0.2102  0.2164  0.1924  1
300:   0.1778  0.2068  0.2094  0.2122  0.1936  1
