1:    0.247 0.248 0.257 0.249 1    
2:    0.240 0.255 0.254 0.251 1    
3:    0.244 0.247 0.259 0.249 1    
4:    0.236 0.267 0.225 0.272 1    
5:    0.247 0.269 0.216 0.268 1    
6:    0.251 0.255 0.241 0.253 1    
7:    0.245 0.259 0.236 0.261 1    
8:    0.240 0.270 0.216 0.274 1    
9:    0.265 0.241 0.251 0.243 1    
10:   0.256 0.235 0.276 0.233 1    
11:   0.247 0.271 0.211 0.271 1    
12:   0.258 0.234 0.276 0.232 1    
13:   0.252 0.235 0.274 0.239 1    
14:   0.253 0.230 0.288 0.229 1    
15:   0.244 0.232 0.290 0.233 1    
16:   0.271 0.234 0.263 0.232 1    
17:   0.254 0.245 0.257 0.244 1    
18:   0.239 0.260 0.241 0.260 1    
19:   0.273 0.243 0.241 0.243 1    
20:   0.246 0.262 0.229 0.263 1    
21:   0.239 0.250 0.259 0.252 1    
22:   0.244 0.261 0.231 0.264 1    
23:   0.270 0.238 0.253 0.238 1    
24:   0.256 0.251 0.242 0.252 1    
25:   0.240 0.251 0.256 0.254 1    
26:   0.254 0.246 0.253 0.246 1    
27:   0.244 0.271 0.212 0.274 1    
28:   0.249 0.252 0.247 0.252 1    
29:   0.250 0.250 0.250 0.250 1    
30:   0.246 0.248 0.255 0.251 1    
31:   0.259 0.235 0.272 0.234 1    
32:   0.250 0.258 0.238 0.253 1    
33:   0.238 0.259 0.245 0.259 1    
34:   0.253 0.253 0.240 0.254 1    
35:   0.243 0.259 0.243 0.256 1    
36:   0.248 0.250 0.251 0.250 1    
37:   0.247 0.245 0.262 0.246 1    
38:   0.242 0.236 0.283 0.239 1    
39:   0.279 0.222 0.279 0.220 1    
40:   0.237 0.268 0.227 0.267 1    
41:   0.277 0.233 0.256 0.233 1    
42:   0.251 0.257 0.236 0.256 1    
43:   0.242 0.270 0.219 0.269 1    
44:   0.239 0.244 0.278 0.239 1    
45:   0.240 0.256 0.249 0.256 1    
46:   0.240 0.256 0.250 0.253 1    
47:   0.276 0.239 0.250 0.235 1    
48:   0.242 0.246 0.263 0.248 1    
49:   0.239 0.268 0.228 0.264 1    
50:   0.244 0.266 0.220 0.270 1    
51:   0.245 0.263 0.228 0.264 1    
52:   0.241 0.257 0.245 0.257 1    
53:   0.243 0.230 0.293 0.233 1    
54:   0.257 0.253 0.236 0.253 1    
                 
                 
1:    0.246 0.237 0.237 0.280 1    
2:    0.273 0.261 0.274 0.193 1    
3:    0.257 0.251 0.263 0.229 1    
4:    0.286 0.259 0.257 0.198 1    
5:    0.273 0.259 0.258 0.210 1    
6:    0.256 0.249 0.249 0.246 1    
7:    0.265 0.254 0.263 0.218 1    
8:    0.275 0.256 0.268 0.201 1    
9:    0.218 0.223 0.216 0.342 1    
10:   0.227 0.232 0.224 0.317 1    
11:   0.277 0.261 0.261 0.201 1    
12:   0.207 0.225 0.214 0.354 1    
13:   0.210 0.223 0.219 0.348 1    
14:   0.217 0.234 0.220 0.329 1    
15:   0.237 0.250 0.248 0.265 1    
16:   0.209 0.227 0.209 0.355 1    
17:   0.223 0.229 0.222 0.325 1    
18:   0.261 0.253 0.263 0.224 1    
19:   0.229 0.239 0.234 0.298 1    
20:   0.271 0.257 0.263 0.210 1    
21:   0.266 0.258 0.272 0.205 1    
22:   0.272 0.264 0.273 0.192 1    
23:   0.218 0.234 0.225 0.323 1    
24:   0.250 0.255 0.252 0.244 1    
25:   0.267 0.262 0.269 0.201 1    
26:   0.249 0.249 0.250 0.251 1    
27:   0.278 0.258 0.261 0.203 1    
28:   0.259 0.252 0.262 0.227 1    
29:   0.263 0.266 0.266 0.205 1    
30:   0.264 0.261 0.269 0.206 1    
31:   0.228 0.238 0.229 0.304 1    
32:   0.258 0.262 0.257 0.224 1    
33:   0.276 0.258 0.275 0.191 1    
34:   0.265 0.257 0.264 0.214 1    
35:   0.269 0.269 0.272 0.190 1    
36:   0.250 0.257 0.250 0.243 1    
37:   0.256 0.261 0.269 0.214 1    
38:   0.220 0.226 0.224 0.329 1    
39:   0.185 0.211 0.183 0.421 1    
40:   0.281 0.262 0.269 0.188 1    
41:   0.206 0.221 0.216 0.357 1    
42:   0.250 0.245 0.244 0.260 1    
43:   0.278 0.261 0.263 0.198 1    
44:   0.241 0.250 0.245 0.264 1    
45:   0.262 0.265 0.275 0.198 1    
46:   0.270 0.263 0.260 0.207 1    
47:   0.208 0.222 0.212 0.358 1    
48:   0.264 0.258 0.266 0.212 1    
49:   0.274 0.261 0.266 0.199 1    
50:   0.276 0.260 0.262 0.201 1    
51:   0.279 0.264 0.262 0.195 1    
52:   0.272 0.264 0.269 0.195 1    
53:   0.228 0.245 0.238 0.289 1    
54:   0.257 0.257 0.249 0.237 1    
                 
                 
1:    0.229 0.275 0.248 0.247 1    
2:    0.259 0.274 0.260 0.207 1    
3:    0.277 0.243 0.230 0.250 1    
4:    0.291 0.174 0.243 0.292 1    
5:    0.298 0.180 0.243 0.279 1    
6:    0.257 0.268 0.236 0.240 1    
7:    0.277 0.228 0.244 0.251 1    
8:    0.297 0.182 0.237 0.283 1    
9:    0.188 0.307 0.272 0.233 1    
10:   0.213 0.268 0.258 0.262 1    
11:   0.298 0.179 0.244 0.279 1    
12:   0.196 0.275 0.257 0.272 1    
13:   0.205 0.285 0.248 0.262 1    
14:   0.202 0.280 0.264 0.254 1    
15:   0.239 0.257 0.252 0.252 1    
16:   0.190 0.287 0.258 0.265 1    
17:   0.213 0.274 0.249 0.264 1    
18:   0.253 0.216 0.255 0.277 1    
19:   0.214 0.273 0.261 0.252 1    
20:   0.284 0.215 0.248 0.253 1    
21:   0.263 0.266 0.240 0.231 1    
22:   0.272 0.231 0.255 0.242 1    
23:   0.193 0.303 0.263 0.241 1    
24:   0.248 0.221 0.260 0.270 1    
25:   0.262 0.261 0.248 0.229 1    
26:   0.244 0.237 0.246 0.272 1    
27:   0.301 0.179 0.237 0.283 1    
28:   0.268 0.239 0.240 0.253 1    
29:   0.278 0.262 0.232 0.228 1    
30:   0.264 0.262 0.242 0.232 1    
31:   0.218 0.286 0.253 0.243 1    
32:   0.266 0.221 0.244 0.269 1    
33:   0.279 0.245 0.251 0.226 1    
34:   0.280 0.225 0.234 0.261 1    
35:   0.263 0.256 0.268 0.214 1    
36:   0.256 0.237 0.242 0.265 1    
37:   0.259 0.280 0.246 0.214 1    
38:   0.206 0.284 0.251 0.259 1    
39:   0.152 0.350 0.259 0.240 1    
40:   0.296 0.236 0.230 0.238 1    
41:   0.193 0.316 0.254 0.237 1    
42:   0.248 0.246 0.244 0.262 1    
43:   0.296 0.184 0.228 0.292 1    
44:   0.241 0.254 0.253 0.253 1    
45:   0.277 0.235 0.258 0.230 1    
46:   0.261 0.214 0.254 0.271 1    
47:   0.190 0.303 0.263 0.244 1    
48:   0.277 0.269 0.229 0.226 1    
49:   0.306 0.206 0.228 0.260 1    
50:   0.283 0.199 0.251 0.267 1    
51:   0.274 0.231 0.250 0.244 1    
52:   0.269 0.219 0.264 0.247 1    
53:   0.230 0.274 0.250 0.246 1    
54:   0.271 0.205 0.244 0.281 1    
                 
                 
1:    0.253 0.201 0.262 0.284 1    
2:    0.231 0.343 0.217 0.210 1    
3:    0.255 0.255 0.244 0.245 1    
4:    0.220 0.273 0.233 0.273 1    
5:    0.235 0.259 0.245 0.260 1    
6:    0.254 0.245 0.241 0.260 1    
7:    0.238 0.286 0.227 0.249 1    
8:    0.242 0.264 0.232 0.262 1    
9:    0.264 0.173 0.286 0.276 1    
10:   0.260 0.199 0.292 0.249 1    
11:   0.221 0.269 0.236 0.274 1    
12:   0.271 0.173 0.283 0.274 1    
13:   0.256 0.198 0.293 0.252 1    
14:   0.260 0.190 0.295 0.255 1    
15:   0.269 0.234 0.252 0.245 1    
16:   0.265 0.164 0.297 0.274 1    
17:   0.252 0.195 0.289 0.264 1    
18:   0.254 0.261 0.247 0.239 1    
19:   0.270 0.194 0.263 0.273 1    
20:   0.237 0.277 0.222 0.264 1    
21:   0.248 0.325 0.211 0.216 1    
22:   0.235 0.303 0.212 0.250 1    
23:   0.267 0.168 0.277 0.288 1    
24:   0.257 0.231 0.255 0.257 1    
25:   0.233 0.330 0.212 0.224 1    
26:   0.260 0.227 0.269 0.244 1    
27:   0.215 0.277 0.233 0.274 1    
28:   0.245 0.259 0.242 0.254 1    
29:   0.238 0.315 0.221 0.226 1    
30:   0.241 0.300 0.225 0.234 1    
31:   0.267 0.190 0.280 0.264 1    
32:   0.243 0.274 0.242 0.241 1    
33:   0.232 0.325 0.225 0.217 1    
34:   0.244 0.255 0.253 0.248 1    
35:   0.230 0.338 0.214 0.218 1    
36:   0.256 0.242 0.248 0.254 1    
37:   0.249 0.315 0.212 0.224 1    
38:   0.259 0.213 0.287 0.241 1    
39:   0.278 0.127 0.310 0.285 1    
40:   0.236 0.334 0.208 0.221 1    
41:   0.264 0.169 0.283 0.283 1    
42:   0.251 0.221 0.255 0.274 1    
43:   0.216 0.282 0.221 0.281 1    
44:   0.264 0.252 0.252 0.232 1    
45:   0.240 0.298 0.216 0.247 1    
46:   0.257 0.262 0.244 0.237 1    
47:   0.254 0.164 0.298 0.284 1    
48:   0.238 0.310 0.227 0.226 1    
49:   0.236 0.289 0.220 0.256 1    
50:   0.229 0.284 0.225 0.261 1    
51:   0.228 0.290 0.231 0.251 1    
52:   0.232 0.314 0.221 0.233 1    
53:   0.255 0.255 0.254 0.236 1    
54:   0.237 0.230 0.265 0.268 1    
                 
                 
1:    0.218 0.225 0.227 0.331 1    
2:    0.302 0.267 0.255 0.177 1    
3:    0.272 0.260 0.261 0.207 1    
4:    0.258 0.263 0.326 0.153 1    
5:    0.256 0.263 0.299 0.182 1    
6:    0.246 0.246 0.243 0.264 1    
7:    0.285 0.261 0.277 0.177 1    
8:    0.275 0.265 0.296 0.165 1    
9:    0.182 0.216 0.189 0.412 1    
10:   0.211 0.236 0.219 0.334 1    
11:   0.263 0.259 0.311 0.166 1    
12:   0.189 0.223 0.205 0.383 1    
13:   0.213 0.235 0.207 0.345 1    
14:   0.198 0.235 0.199 0.368 1    
15:   0.232 0.242 0.226 0.300 1    
16:   0.178 0.227 0.184 0.411 1    
17:   0.212 0.238 0.224 0.326 1    
18:   0.280 0.258 0.277 0.184 1    
19:   0.203 0.229 0.205 0.362 1    
20:   0.281 0.264 0.284 0.172 1    
21:   0.289 0.265 0.256 0.190 1    
22:   0.293 0.272 0.285 0.150 1    
23:   0.183 0.215 0.179 0.423 1    
24:   0.238 0.254 0.251 0.256 1    
25:   0.281 0.268 0.270 0.181 1    
26:   0.229 0.252 0.253 0.266 1    
27:   0.269 0.258 0.311 0.163 1    
28:   0.272 0.252 0.265 0.212 1    
29:   0.284 0.265 0.262 0.189 1    
30:   0.277 0.270 0.254 0.198 1    
31:   0.207 0.229 0.200 0.363 1    
32:   0.279 0.257 0.278 0.187 1    
33:   0.309 0.254 0.280 0.157 1    
34:   0.263 0.257 0.281 0.199 1    
35:   0.314 0.269 0.260 0.158 1    
36:   0.245 0.258 0.260 0.236 1    
37:   0.297 0.259 0.246 0.198 1    
38:   0.236 0.245 0.225 0.294 1    
39:   0.137 0.202 0.133 0.528 1    
40:   0.301 0.262 0.297 0.140 1    
41:   0.180 0.212 0.169 0.439 1    
42:   0.242 0.236 0.256 0.266 1    
43:   0.259 0.264 0.315 0.162 1    
44:   0.247 0.257 0.251 0.246 1    
45:   0.280 0.273 0.281 0.166 1    
46:   0.254 0.266 0.282 0.198 1    
47:   0.166 0.218 0.185 0.431 1    
48:   0.302 0.253 0.265 0.180 1    
49:   0.281 0.257 0.316 0.146 1    
50:   0.276 0.255 0.302 0.167 1    
51:   0.291 0.259 0.286 0.164 1    
52:   0.279 0.272 0.274 0.175 1    
53:   0.236 0.249 0.227 0.287 1    
54:   0.251 0.251 0.267 0.231 1    
