1:    0.881 0.042 0.037 0.041 1    
2:    0.916 0.021 0.033 0.029 1    
3:    0.941 0.020 0.020 0.020 1    
4:    0.926 0.019 0.030 0.025 1    
5:    0.954 0.015 0.015 0.016 1    
6:    0.953 0.016 0.015 0.016 1    
7:    0.905 0.024 0.038 0.033 1    
8:    0.945 0.017 0.020 0.018 1    
9:    0.946 0.019 0.017 0.018 1    
10:   0.958 0.013 0.015 0.014 1    
11:   0.939 0.019 0.021 0.021 1    
12:   0.338 0.188 0.230 0.244 1    
13:   0.862 0.045 0.047 0.046 1    
14:   0.537 0.142 0.158 0.164 1    
15:   0.688 0.136 0.084 0.093 1    
16:   0.011 0.376 0.302 0.311 1    
17:   0.009 0.303 0.369 0.319 1    
18:   0.012 0.262 0.407 0.319 1    
19:   0.039 0.236 0.392 0.334 1    
20:   0.011 0.316 0.326 0.347 1    
21:   0.013 0.194 0.413 0.380 1    
22:   0.216 0.227 0.272 0.286 1    
23:   0.060 0.327 0.299 0.314 1    
24:   0.028 0.282 0.320 0.370 1    
25:   0.024 0.310 0.354 0.311 1    
26:   0.062 0.260 0.358 0.321 1    
27:   0.016 0.321 0.318 0.345 1    
28:   0.009 0.301 0.370 0.320 1    
29:   0.012 0.374 0.309 0.305 1    
30:   0.020 0.236 0.387 0.357 1    
31:   0.575 0.150 0.137 0.139 1    
32:   0.013 0.240 0.377 0.371 1    
33:   0.014 0.262 0.369 0.355 1    
34:   0.575 0.134 0.149 0.143 1    
35:   0.053 0.364 0.268 0.315 1    
36:   0.043 0.341 0.322 0.295 1    
37:   0.078 0.275 0.316 0.331 1    
38:   0.016 0.336 0.314 0.334 1    
39:   0.013 0.286 0.370 0.331 1    
40:   0.011 0.247 0.407 0.334 1    
41:   0.018 0.314 0.341 0.326 1    
42:   0.024 0.240 0.406 0.330 1    
43:   0.031 0.294 0.324 0.351 1    
44:   0.009 0.326 0.364 0.301 1    
45:   0.018 0.293 0.353 0.336 1    
46:   0.027 0.303 0.368 0.302 1    
47:   0.029 0.397 0.270 0.303 1    
48:   0.041 0.215 0.412 0.332 1    
49:   0.050 0.284 0.334 0.332 1    
50:   0.069 0.350 0.295 0.286 1    
51:   0.042 0.314 0.319 0.325 1    
52:   0.058 0.288 0.329 0.324 1    
53:   0.024 0.195 0.399 0.382 1    
54:   0.011 0.326 0.331 0.332 1    
55:   0.009 0.250 0.383 0.357 1    
56:   0.022 0.438 0.243 0.296 1    
57:   0.087 0.248 0.347 0.318 1    
58:   0.023 0.256 0.394 0.327 1    
59:   0.013 0.373 0.289 0.325 1    
60:   0.035 0.237 0.371 0.357 1    
61:   0.007 0.339 0.303 0.351 1    
62:   0.018 0.332 0.336 0.313 1    
63:   0.033 0.343 0.319 0.304 1    
64:   0.024 0.287 0.359 0.330 1    
65:   0.011 0.512 0.204 0.273 1    
66:   0.012 0.453 0.244 0.291 1    
67:   0.015 0.253 0.404 0.328 1    
68:   0.051 0.347 0.290 0.313 1    
69:   0.010 0.374 0.281 0.335 1    
70:   0.017 0.315 0.322 0.346 1    
71:   0.015 0.381 0.298 0.306 1    
72:   0.006 0.378 0.326 0.290 1    
73:   0.053 0.324 0.316 0.307 1    
74:   0.008 0.357 0.324 0.310 1    
75:   0.020 0.262 0.372 0.345 1    
76:   0.097 0.374 0.256 0.273 1    
77:   0.132 0.249 0.340 0.279 1    
78:   0.018 0.434 0.251 0.297 1    
79:   0.009 0.304 0.310 0.377 1    
80:   0.019 0.340 0.306 0.335 1    
81:   0.019 0.313 0.301 0.367 1    
82:   0.008 0.318 0.320 0.355 1    
83:   0.019 0.319 0.306 0.356 1    
84:   0.020 0.284 0.331 0.366 1    
85:   0.017 0.355 0.315 0.312 1    
86:   0.025 0.258 0.397 0.321 1    
87:   0.009 0.458 0.246 0.287 1    
88:   0.027 0.323 0.331 0.318 1    
89:   0.011 0.313 0.325 0.352 1    
90:   0.012 0.315 0.312 0.361 1    
91:   0.011 0.385 0.304 0.300 1    
92:   0.009 0.386 0.276 0.328 1    
93:   0.023 0.258 0.399 0.319 1    
94:   0.007 0.302 0.324 0.367 1    
95:   0.017 0.334 0.315 0.335 1    
96:   0.246 0.216 0.275 0.262 1    
97:   0.012 0.415 0.249 0.324 1    
98:   0.021 0.311 0.323 0.345 1    
99:   0.021 0.337 0.324 0.318 1    
100:  0.026 0.265 0.363 0.346 1    
101:  0.028 0.344 0.300 0.328 1    
102:  0.012 0.264 0.377 0.346 1    
103:  0.052 0.371 0.252 0.325 1    
104:  0.010 0.462 0.227 0.301 1    
105:  0.022 0.485 0.245 0.248 1    
106:  0.022 0.488 0.244 0.245 1    
107:  0.116 0.259 0.311 0.313 1    
108:  0.007 0.308 0.305 0.380 1    
109:  0.035 0.251 0.359 0.355 1    
110:  0.010 0.406 0.249 0.336 1    
111:  0.021 0.265 0.393 0.320 1    
112:  0.015 0.277 0.360 0.347 1    
113:  0.006 0.422 0.280 0.292 1    
114:  0.090 0.251 0.333 0.327 1    
115:  0.010 0.474 0.240 0.276 1    
116:  0.031 0.311 0.320 0.338 1    
117:  0.014 0.372 0.288 0.326 1    
118:  0.019 0.271 0.356 0.354 1    
119:  0.018 0.243 0.397 0.341 1    
120:  0.284 0.226 0.250 0.239 1    
121:  0.087 0.252 0.338 0.322 1    
122:  0.006 0.399 0.291 0.304 1    
123:  0.013 0.331 0.309 0.347 1    
124:  0.021 0.292 0.326 0.361 1    
125:  0.007 0.490 0.250 0.253 1    
126:  0.007 0.390 0.278 0.324 1    
127:  0.035 0.279 0.374 0.312 1    
128:  0.025 0.367 0.298 0.310 1    
129:  0.020 0.419 0.272 0.289 1    
130:  0.016 0.261 0.353 0.370 1    
131:  0.012 0.296 0.385 0.307 1    
132:  0.118 0.283 0.289 0.310 1    
133:  0.007 0.389 0.277 0.327 1    
134:  0.008 0.316 0.352 0.324 1    
135:  0.007 0.226 0.385 0.382 1    
136:  0.006 0.493 0.227 0.274 1    
137:  0.032 0.253 0.387 0.327 1    
138:  0.040 0.251 0.375 0.334 1    
139:  0.017 0.455 0.244 0.283 1    
140:  0.092 0.216 0.362 0.331 1    
141:  0.008 0.332 0.339 0.321 1    
142:  0.016 0.271 0.380 0.334 1    
143:  0.638 0.097 0.136 0.129 1    
144:  0.013 0.442 0.293 0.252 1    
145:  0.062 0.303 0.322 0.313 1    
146:  0.006 0.204 0.390 0.400 1    
147:  0.362 0.196 0.223 0.219 1    
148:  0.021 0.261 0.372 0.347 1    
149:  0.031 0.337 0.311 0.321 1    
150:  0.028 0.344 0.319 0.309 1    
151:  0.022 0.225 0.397 0.357 1    
152:  0.013 0.304 0.328 0.355 1    
153:  0.019 0.349 0.341 0.291 1    
154:  0.007 0.225 0.387 0.382 1    
155:  0.031 0.288 0.346 0.335 1    
156:  0.015 0.298 0.370 0.317 1    
157:  0.040 0.308 0.344 0.307 1    
158:  0.011 0.419 0.273 0.297 1    
159:  0.015 0.275 0.348 0.361 1    
160:  0.009 0.457 0.235 0.299 1    
161:  0.057 0.290 0.347 0.306 1    
162:  0.021 0.309 0.363 0.307 1    
163:  0.015 0.312 0.346 0.327 1    
164:  0.007 0.469 0.251 0.273 1    
165:  0.052 0.386 0.263 0.298 1    
166:  0.026 0.218 0.386 0.369 1    
167:  0.010 0.348 0.312 0.330 1    
168:  0.023 0.314 0.312 0.352 1    
169:  0.067 0.369 0.254 0.310 1    
170:  0.026 0.346 0.325 0.303 1    
171:  0.010 0.279 0.391 0.320 1    
172:  0.017 0.320 0.339 0.324 1    
173:  0.103 0.327 0.276 0.295 1    
174:  0.033 0.303 0.319 0.346 1    
175:  0.023 0.337 0.298 0.343 1    
176:  0.026 0.414 0.253 0.307 1    
177:  0.023 0.305 0.340 0.332 1    
178:  0.054 0.354 0.303 0.289 1    
179:  0.010 0.221 0.425 0.344 1    
180:  0.019 0.305 0.361 0.315 1    
181:  0.235 0.332 0.196 0.236 1    
182:  0.034 0.292 0.352 0.322 1    
183:  0.022 0.402 0.270 0.306 1    
184:  0.045 0.223 0.374 0.358 1    
185:  0.031 0.434 0.265 0.271 1    
186:  0.019 0.390 0.267 0.324 1    
187:  0.021 0.345 0.324 0.310 1    
188:  0.032 0.289 0.339 0.340 1    
189:  0.026 0.252 0.372 0.350 1    
190:  0.018 0.285 0.377 0.320 1    
191:  0.041 0.299 0.354 0.306 1    
192:  0.017 0.266 0.367 0.350 1    
193:  0.104 0.280 0.299 0.318 1    
194:  0.032 0.252 0.374 0.342 1    
195:  0.050 0.335 0.287 0.328 1    
196:  0.172 0.279 0.271 0.279 1    
197:  0.007 0.285 0.325 0.382 1    
198:  0.011 0.237 0.391 0.360 1    
199:  0.012 0.305 0.350 0.333 1    
200:  0.017 0.271 0.374 0.338 1    
201:  0.015 0.395 0.284 0.306 1    
202:  0.095 0.252 0.320 0.333 1    
203:  0.027 0.331 0.326 0.316 1    
204:  0.025 0.328 0.338 0.308 1    
205:  0.009 0.443 0.233 0.316 1    
206:  0.015 0.354 0.310 0.321 1    
207:  0.023 0.289 0.353 0.335 1    
208:  0.071 0.268 0.346 0.315 1    
209:  0.012 0.319 0.319 0.351 1    
210:  0.009 0.406 0.286 0.299 1    
211:  0.009 0.247 0.368 0.376 1    
212:  0.020 0.395 0.283 0.301 1    
213:  0.071 0.304 0.306 0.319 1    
214:  0.012 0.309 0.320 0.359 1    
215:  0.022 0.404 0.277 0.297 1    
216:  0.037 0.265 0.330 0.368 1    
217:  0.038 0.266 0.369 0.327 1    
218:  0.026 0.369 0.314 0.291 1    
219:  0.010 0.278 0.385 0.327 1    
220:  0.030 0.331 0.316 0.323 1    
221:  0.008 0.392 0.262 0.338 1    
222:  0.007 0.475 0.222 0.296 1    
223:  0.030 0.280 0.357 0.333 1    
224:  0.009 0.243 0.386 0.362 1    
225:  0.007 0.311 0.341 0.341 1    
226:  0.013 0.415 0.262 0.310 1    
227:  0.011 0.419 0.268 0.302 1    
228:  0.041 0.437 0.244 0.278 1    
229:  0.010 0.232 0.372 0.387 1    
230:  0.019 0.331 0.325 0.325 1    
231:  0.028 0.318 0.324 0.329 1    
232:  0.009 0.504 0.209 0.277 1    
233:  0.025 0.261 0.359 0.356 1    
234:  0.011 0.273 0.360 0.356 1    
235:  0.022 0.439 0.241 0.299 1    
236:  0.076 0.299 0.319 0.306 1    
237:  0.008 0.403 0.269 0.320 1    
238:  0.025 0.247 0.377 0.352 1    
239:  0.129 0.284 0.289 0.298 1    
240:  0.007 0.374 0.274 0.345 1    
241:  0.008 0.361 0.277 0.355 1    
242:  0.026 0.278 0.345 0.351 1    
243:  0.015 0.334 0.301 0.350 1    
244:  0.047 0.254 0.363 0.336 1    
245:  0.009 0.336 0.321 0.335 1    
246:  0.167 0.246 0.286 0.300 1    
247:  0.019 0.345 0.300 0.335 1    
248:  0.046 0.277 0.359 0.319 1    
249:  0.032 0.321 0.309 0.338 1    
250:  0.015 0.330 0.319 0.336 1    
251:  0.011 0.311 0.330 0.348 1    
252:  0.632 0.128 0.120 0.120 1    
253:  0.080 0.219 0.353 0.348 1    
254:  0.008 0.337 0.327 0.327 1    
255:  0.018 0.299 0.349 0.334 1    
256:  0.011 0.388 0.290 0.312 1    
257:  0.009 0.506 0.211 0.274 1    
258:  0.018 0.261 0.374 0.347 1    
259:  0.050 0.226 0.379 0.345 1    
260:  0.011 0.346 0.324 0.319 1    
261:  0.027 0.435 0.259 0.279 1    
262:  0.049 0.408 0.240 0.303 1    
263:  0.037 0.383 0.257 0.323 1    
264:  0.020 0.362 0.306 0.312 1    
265:  0.017 0.311 0.329 0.344 1    
266:  0.013 0.267 0.403 0.316 1    
267:  0.090 0.260 0.343 0.307 1    
268:  0.014 0.321 0.321 0.344 1    
269:  0.011 0.238 0.387 0.363 1    
270:  0.007 0.388 0.294 0.312 1    
271:  0.014 0.263 0.407 0.315 1    
272:  0.029 0.203 0.393 0.375 1    
273:  0.025 0.310 0.303 0.362 1    
274:  0.043 0.356 0.292 0.309 1    
275:  0.012 0.356 0.311 0.322 1    
276:  0.016 0.451 0.241 0.292 1    
277:  0.008 0.229 0.412 0.351 1    
278:  0.010 0.187 0.405 0.398 1    
279:  0.024 0.235 0.434 0.307 1    
280:  0.011 0.410 0.297 0.282 1    
281:  0.025 0.243 0.424 0.308 1    
282:  0.020 0.317 0.335 0.327 1    
283:  0.015 0.268 0.373 0.344 1    
284:  0.010 0.287 0.365 0.338 1    
285:  0.021 0.319 0.344 0.316 1    
286:  0.023 0.308 0.332 0.337 1    
287:  0.011 0.380 0.272 0.337 1    
288:  0.021 0.275 0.370 0.334 1    
289:  0.020 0.311 0.326 0.344 1    
290:  0.027 0.173 0.453 0.348 1    
291:  0.033 0.275 0.374 0.317 1    
292:  0.009 0.309 0.321 0.362 1    
293:  0.010 0.296 0.308 0.386 1    
294:  0.027 0.257 0.340 0.376 1    
295:  0.022 0.314 0.343 0.321 1    
296:  0.032 0.408 0.262 0.299 1    
297:  0.134 0.317 0.270 0.279 1    
298:  0.020 0.423 0.260 0.298 1    
299:  0.007 0.516 0.204 0.273 1    
300:  0.037 0.286 0.369 0.308 1    
301:  0.028 0.268 0.350 0.353 1    
302:  0.016 0.509 0.202 0.274 1    
303:  0.066 0.284 0.321 0.329 1    
304:  0.016 0.229 0.367 0.387 1    
305:  0.011 0.216 0.392 0.380 1    
306:  0.014 0.440 0.250 0.296 1    
307:  0.026 0.320 0.305 0.349 1    
308:  0.019 0.229 0.396 0.356 1    
309:  0.014 0.207 0.414 0.364 1    
310:  0.015 0.321 0.327 0.336 1    
311:  0.025 0.358 0.295 0.322 1    
312:  0.021 0.292 0.335 0.351 1    
313:  0.018 0.247 0.396 0.340 1    
314:  0.010 0.434 0.277 0.279 1    
315:  0.071 0.302 0.291 0.336 1    
316:  0.064 0.309 0.326 0.301 1    
317:  0.067 0.315 0.316 0.301 1    
318:  0.013 0.405 0.303 0.279 1    
319:  0.010 0.254 0.359 0.377 1    
320:  0.008 0.395 0.285 0.311 1    
321:  0.016 0.402 0.281 0.302 1    
322:  0.031 0.284 0.346 0.339 1    
323:  0.016 0.249 0.356 0.379 1    
324:  0.015 0.272 0.379 0.333 1    
325:  0.007 0.474 0.213 0.306 1    
326:  0.009 0.283 0.322 0.386 1    
327:  0.033 0.272 0.355 0.339 1    
328:  0.094 0.249 0.345 0.311 1    
329:  0.010 0.249 0.360 0.381 1    
330:  0.036 0.313 0.349 0.302 1    
331:  0.018 0.359 0.298 0.325 1    
332:  0.025 0.284 0.382 0.310 1    
333:  0.025 0.298 0.348 0.330 1    
334:  0.170 0.225 0.337 0.269 1    
335:  0.008 0.332 0.356 0.304 1    
336:  0.013 0.327 0.323 0.338 1    
337:  0.041 0.358 0.285 0.316 1    
338:  0.040 0.332 0.288 0.340 1    
339:  0.121 0.308 0.290 0.281 1    
340:  0.019 0.400 0.291 0.290 1    
341:  0.016 0.358 0.334 0.292 1    
342:  0.512 0.170 0.148 0.169 1    
343:  0.029 0.381 0.286 0.303 1    
344:  0.023 0.390 0.308 0.279 1    
345:  0.039 0.416 0.227 0.318 1    
346:  0.022 0.294 0.362 0.322 1    
347:  0.069 0.295 0.315 0.321 1    
348:  0.006 0.473 0.245 0.277 1    
349:  0.181 0.300 0.258 0.261 1    
350:  0.020 0.390 0.286 0.304 1    
351:  0.011 0.415 0.290 0.284 1    
352:  0.007 0.349 0.300 0.343 1    
353:  0.009 0.278 0.384 0.329 1    
354:  0.014 0.369 0.305 0.312 1    
355:  0.018 0.330 0.303 0.348 1    
356:  0.054 0.287 0.321 0.337 1    
357:  0.014 0.320 0.324 0.342 1    
358:  0.009 0.473 0.230 0.289 1    
359:  0.245 0.225 0.279 0.251 1    
360:  0.019 0.366 0.313 0.302 1    
361:  0.183 0.286 0.244 0.288 1    
362:  0.034 0.298 0.344 0.323 1    
363:  0.009 0.442 0.258 0.291 1    
364:  0.057 0.337 0.312 0.294 1    
365:  0.164 0.307 0.262 0.267 1    
366:  0.027 0.361 0.292 0.319 1    
367:  0.019 0.309 0.321 0.351 1    
368:  0.014 0.280 0.362 0.344 1    
369:  0.009 0.298 0.353 0.340 1    
370:  0.011 0.289 0.372 0.329 1    
371:  0.012 0.324 0.360 0.304 1    
372:  0.111 0.253 0.314 0.322 1    
373:  0.098 0.256 0.331 0.315 1    
374:  0.079 0.261 0.355 0.305 1    
375:  0.020 0.302 0.339 0.339 1    
376:  0.010 0.427 0.256 0.307 1    
377:  0.028 0.465 0.229 0.279 1    
378:  0.022 0.353 0.293 0.332 1    
379:  0.027 0.361 0.303 0.309 1    
380:  0.011 0.249 0.411 0.329 1    
381:  0.018 0.366 0.303 0.313 1    
382:  0.013 0.295 0.372 0.320 1    
383:  0.013 0.324 0.325 0.337 1    
384:  0.015 0.423 0.251 0.310 1    
385:  0.019 0.268 0.359 0.354 1    
386:  0.022 0.417 0.265 0.295 1    
387:  0.023 0.373 0.288 0.316 1    
388:  0.070 0.338 0.304 0.288 1    
389:  0.009 0.318 0.336 0.337 1    
390:  0.011 0.431 0.281 0.278 1    
391:  0.019 0.209 0.443 0.329 1    
392:  0.026 0.350 0.284 0.340 1    
393:  0.013 0.407 0.261 0.318 1    
394:  0.029 0.428 0.259 0.283 1    
395:  0.184 0.283 0.268 0.265 1    
396:  0.007 0.304 0.328 0.360 1    
397:  0.026 0.297 0.359 0.318 1    
398:  0.024 0.286 0.346 0.344 1    
399:  0.016 0.485 0.208 0.292 1    
400:  0.034 0.437 0.230 0.299 1    
401:  0.016 0.366 0.284 0.334 1    
402:  0.234 0.200 0.316 0.250 1    
403:  0.030 0.282 0.366 0.322 1    
404:  0.816 0.067 0.054 0.063 1    
405:  0.060 0.407 0.266 0.267 1    
406:  0.099 0.259 0.339 0.302 1    
407:  0.680 0.126 0.091 0.103 1    
408:  0.017 0.301 0.355 0.327 1    
409:  0.233 0.144 0.353 0.270 1    
410:  0.014 0.498 0.209 0.279 1    
411:  0.014 0.371 0.298 0.317 1    
412:  0.037 0.269 0.339 0.355 1    
413:  0.133 0.252 0.302 0.313 1    
414:  0.033 0.273 0.379 0.315 1    
415:  0.011 0.203 0.427 0.360 1    
416:  0.009 0.457 0.242 0.291 1    
417:  0.016 0.365 0.288 0.332 1    
418:  0.013 0.362 0.290 0.335 1    
419:  0.057 0.195 0.421 0.327 1    
420:  0.060 0.378 0.289 0.273 1    
421:  0.010 0.291 0.329 0.369 1    
422:  0.011 0.474 0.212 0.303 1    
423:  0.025 0.259 0.375 0.342 1    
424:  0.008 0.454 0.243 0.294 1    
425:  0.013 0.479 0.242 0.267 1    
426:  0.042 0.290 0.348 0.320 1    
427:  0.025 0.442 0.251 0.281 1    
428:  0.040 0.273 0.356 0.331 1    
429:  0.017 0.481 0.222 0.280 1    
430:  0.012 0.266 0.387 0.335 1    
431:  0.014 0.311 0.320 0.356 1    
432:  0.689 0.120 0.092 0.099 1    
433:  0.057 0.335 0.316 0.292 1    
434:  0.025 0.357 0.292 0.326 1    
435:  0.021 0.392 0.272 0.315 1    
436:  0.023 0.453 0.238 0.287 1    
437:  0.010 0.372 0.292 0.326 1    
438:  0.014 0.436 0.237 0.314 1    
439:  0.633 0.114 0.129 0.124 1    
440:  0.068 0.380 0.248 0.303 1    
441:  0.030 0.236 0.382 0.351 1    
442:  0.018 0.197 0.412 0.373 1    
443:  0.068 0.232 0.389 0.312 1    
444:  0.041 0.323 0.335 0.301 1    
445:  0.150 0.367 0.257 0.226 1    
446:  0.149 0.294 0.282 0.275 1    
447:  0.030 0.332 0.331 0.307 1    
448:  0.152 0.328 0.227 0.293 1    
449:  0.154 0.226 0.320 0.301 1    
450:  0.095 0.257 0.358 0.289 1    
451:  0.023 0.185 0.434 0.357 1    
452:  0.066 0.407 0.232 0.295 1    
453:  0.125 0.386 0.218 0.270 1    
454:  0.239 0.180 0.324 0.257 1    
455:  0.134 0.251 0.293 0.322 1    
456:  0.196 0.219 0.280 0.305 1    
457:  0.138 0.320 0.270 0.272 1    
458:  0.103 0.232 0.375 0.290 1    
459:  0.016 0.283 0.342 0.359 1    
460:  0.015 0.187 0.440 0.358 1    
461:  0.149 0.276 0.289 0.286 1    
462:  0.969 0.010 0.010 0.010 1    
463:  0.966 0.011 0.011 0.011 1    
464:  0.938 0.021 0.022 0.019 1    
465:  0.245 0.224 0.264 0.267 1    
466:  0.909 0.033 0.028 0.030 1    
467:  0.545 0.142 0.160 0.153 1    
468:  0.455 0.160 0.213 0.173 1    
469:  0.336 0.214 0.213 0.238 1    
470:  0.809 0.062 0.064 0.065 1    
471:  0.479 0.150 0.189 0.182 1    
472:  0.355 0.239 0.195 0.211 1    
473:  0.370 0.229 0.190 0.210 1    
474:  0.948 0.018 0.017 0.018 1    
475:  0.659 0.114 0.115 0.112 1    
476:  0.923 0.025 0.026 0.026 1    
477:  0.934 0.021 0.023 0.022 1    
478:  0.384 0.243 0.176 0.197 1    
479:  0.948 0.017 0.018 0.017 1    
480:  0.954 0.014 0.015 0.016 1    
481:  0.943 0.018 0.021 0.018 1    
482:  0.972 0.009 0.010 0.009 1    
483:  0.936 0.021 0.024 0.020 1    
484:  0.134 0.289 0.294 0.284 1    
485:  0.842 0.049 0.055 0.055 1    
486:  0.889 0.033 0.040 0.038 1    
487:  0.970 0.010 0.010 0.010 1    
488:  0.923 0.027 0.027 0.023 1    
489:  0.643 0.112 0.125 0.119 1    
490:  0.374 0.219 0.210 0.196 1    
491:  0.945 0.017 0.020 0.018 1    
492:  0.860 0.047 0.045 0.048 1    
493:  0.960 0.013 0.014 0.013 1    
494:  0.974 0.008 0.009 0.009 1    
495:  0.976 0.008 0.008 0.008 1    
496:  0.928 0.022 0.026 0.024 1    
497:  0.065 0.199 0.426 0.310 1    
498:  0.610 0.122 0.141 0.127 1    
499:  0.953 0.015 0.017 0.015 1    
500:  0.648 0.085 0.140 0.128 1    
501:  0.968 0.011 0.010 0.010 1    
502:  0.959 0.013 0.014 0.014 1    
503:  0.971 0.010 0.009 0.009 1    
504:  0.954 0.016 0.015 0.015 1    
505:  0.794 0.069 0.067 0.069 1    
506:  0.839 0.050 0.052 0.058 1    
507:  0.945 0.018 0.019 0.019 1    
508:  0.658 0.124 0.108 0.109 1    
509:  0.977 0.008 0.008 0.008 1    
510:  0.955 0.014 0.015 0.016 1    
511:  0.967 0.010 0.012 0.011 1    
512:  0.939 0.018 0.021 0.022 1    
513:  0.074 0.248 0.373 0.305 1    
514:  0.967 0.010 0.011 0.011 1    
515:  0.831 0.062 0.051 0.056 1    
516:  0.528 0.145 0.174 0.153 1    
517:  0.956 0.014 0.015 0.016 1    
518:  0.972 0.009 0.010 0.009 1    
519:  0.952 0.015 0.015 0.018 1    
520:  0.921 0.026 0.026 0.027 1    
521:  0.968 0.010 0.011 0.011 1    
522:  0.974 0.009 0.009 0.009 1    
523:  0.726 0.102 0.080 0.092 1    
524:  0.930 0.022 0.026 0.022 1    
525:  0.937 0.022 0.021 0.020 1    
526:  0.935 0.021 0.022 0.021 1    
527:  0.924 0.029 0.021 0.025 1    
528:  0.932 0.024 0.022 0.022 1    
529:  0.750 0.093 0.076 0.081 1    
530:  0.971 0.009 0.010 0.010 1    
531:  0.929 0.023 0.023 0.025 1    
532:  0.952 0.016 0.017 0.015 1    
533:  0.960 0.013 0.013 0.013 1    
534:  0.933 0.021 0.024 0.022 1    
535:  0.959 0.012 0.014 0.014 1    
536:  0.979 0.007 0.007 0.007 1    
537:  0.971 0.009 0.010 0.009 1    
538:  0.976 0.008 0.008 0.008 1    
539:  0.980 0.007 0.007 0.006 1    
540:  0.930 0.021 0.027 0.022 1    
541:  0.241 0.229 0.270 0.260 1    
542:  0.968 0.011 0.011 0.010 1    
543:  0.908 0.029 0.034 0.030 1    
544:  0.949 0.017 0.017 0.017 1    
545:  0.978 0.007 0.008 0.007 1    
546:  0.681 0.092 0.121 0.106 1    
547:  0.884 0.033 0.046 0.037 1    
548:  0.956 0.015 0.014 0.014 1    
549:  0.956 0.014 0.015 0.015 1    
550:  0.973 0.009 0.009 0.009 1    
551:  0.166 0.258 0.294 0.282 1    
552:  0.954 0.013 0.017 0.016 1    
553:  0.534 0.131 0.179 0.156 1    
554:  0.833 0.054 0.058 0.056 1    
555:  0.971 0.009 0.010 0.009 1    
556:  0.925 0.026 0.024 0.025 1    
557:  0.976 0.008 0.008 0.008 1    
558:  0.884 0.039 0.037 0.040 1    
559:  0.599 0.126 0.148 0.126 1    
560:  0.909 0.032 0.029 0.030 1    
561:  0.878 0.044 0.036 0.041 1    
562:  0.979 0.007 0.007 0.007 1    
563:  0.964 0.012 0.013 0.012 1    
564:  0.964 0.012 0.012 0.013 1    
565:  0.903 0.029 0.033 0.035 1    
566:  0.486 0.173 0.165 0.175 1    
567:  0.956 0.014 0.015 0.015 1    
568:  0.879 0.040 0.041 0.040 1    
569:  0.958 0.013 0.014 0.014 1    
570:  0.418 0.120 0.254 0.208 1    
571:  0.461 0.206 0.148 0.185 1    
572:  0.930 0.024 0.023 0.024 1    
573:  0.012 0.323 0.312 0.353 1    
574:  0.152 0.283 0.263 0.302 1    
575:  0.080 0.284 0.317 0.319 1    
576:  0.030 0.394 0.290 0.286 1    
577:  0.020 0.468 0.199 0.313 1    
578:  0.305 0.200 0.255 0.241 1    
579:  0.922 0.030 0.023 0.025 1    
580:  0.662 0.107 0.122 0.109 1    
581:  0.965 0.011 0.012 0.011 1    
582:  0.034 0.198 0.437 0.331 1    
583:  0.956 0.014 0.014 0.015 1    
584:  0.671 0.102 0.119 0.108 1    
585:  0.591 0.130 0.140 0.139 1    
586:  0.961 0.013 0.013 0.013 1    
587:  0.949 0.017 0.016 0.018 1    
588:  0.966 0.010 0.013 0.011 1    
589:  0.838 0.050 0.058 0.054 1    
590:  0.960 0.012 0.014 0.014 1    
591:  0.960 0.014 0.013 0.014 1    
592:  0.885 0.037 0.036 0.041 1    
593:  0.964 0.012 0.012 0.011 1    
594:  0.499 0.206 0.131 0.165 1    
595:  0.873 0.042 0.041 0.044 1    
596:  0.978 0.007 0.007 0.007 1    
597:  0.963 0.013 0.012 0.013 1    
598:  0.699 0.104 0.098 0.099 1    
599:  0.974 0.009 0.009 0.009 1    
600:  0.962 0.012 0.013 0.013 1    
601:  0.973 0.008 0.010 0.009 1    
602:  0.864 0.048 0.041 0.047 1    
603:  0.915 0.028 0.025 0.032 1    
604:  0.681 0.104 0.100 0.115 1    
605:  0.932 0.022 0.023 0.023 1    
606:  0.909 0.029 0.030 0.032 1    
607:  0.979 0.007 0.007 0.007 1    
608:  0.707 0.100 0.090 0.104 1    
609:  0.930 0.023 0.024 0.023 1    
610:  0.945 0.019 0.018 0.018 1    
611:  0.796 0.071 0.066 0.067 1    
612:  0.077 0.292 0.301 0.330 1    
613:  0.971 0.009 0.010 0.010 1    
614:  0.973 0.009 0.009 0.009 1    
615:  0.969 0.010 0.010 0.011 1    
616:  0.894 0.032 0.039 0.034 1    
617:  0.953 0.014 0.018 0.015 1    
618:  0.870 0.044 0.042 0.045 1    
619:  0.962 0.012 0.013 0.013 1    
620:  0.943 0.018 0.019 0.019 1    
621:  0.091 0.301 0.280 0.329 1    
622:  0.961 0.012 0.013 0.014 1    
623:  0.932 0.021 0.023 0.024 1    
                 
                 
1:    0.035 0.039 0.879 0.047 1    
2:    0.035 0.029 0.913 0.023 1    
3:    0.019 0.020 0.938 0.023 1    
4:    0.027 0.022 0.924 0.027 1    
5:    0.016 0.016 0.952 0.016 1    
6:    0.015 0.018 0.951 0.017 1    
7:    0.037 0.028 0.903 0.033 1    
8:    0.018 0.018 0.947 0.017 1    
9:    0.016 0.018 0.948 0.019 1    
10:   0.015 0.013 0.960 0.012 1    
11:   0.020 0.020 0.938 0.022 1    
12:   0.153 0.206 0.312 0.329 1    
13:   0.042 0.042 0.863 0.054 1    
14:   0.137 0.135 0.546 0.182 1    
15:   0.092 0.118 0.687 0.103 1    
16:   0.285 0.340 0.010 0.364 1    
17:   0.496 0.333 0.009 0.162 1    
18:   0.490 0.327 0.011 0.172 1    
19:   0.463 0.314 0.037 0.186 1    
20:   0.176 0.251 0.012 0.562 1    
21:   0.565 0.302 0.013 0.120 1    
22:   0.339 0.250 0.219 0.193 1    
23:   0.316 0.343 0.057 0.285 1    
24:   0.397 0.309 0.027 0.267 1    
25:   0.331 0.333 0.024 0.312 1    
26:   0.234 0.249 0.060 0.456 1    
27:   0.325 0.304 0.017 0.355 1    
28:   0.425 0.328 0.010 0.237 1    
29:   0.309 0.362 0.012 0.317 1    
30:   0.544 0.315 0.021 0.120 1    
31:   0.115 0.150 0.567 0.169 1    
32:   0.517 0.316 0.012 0.155 1    
33:   0.451 0.311 0.014 0.224 1    
34:   0.149 0.138 0.564 0.150 1    
35:   0.228 0.330 0.057 0.385 1    
36:   0.330 0.354 0.040 0.277 1    
37:   0.219 0.272 0.073 0.436 1    
38:   0.405 0.353 0.016 0.227 1    
39:   0.367 0.318 0.012 0.303 1    
40:   0.417 0.281 0.010 0.292 1    
41:   0.285 0.307 0.019 0.389 1    
42:   0.329 0.275 0.022 0.374 1    
43:   0.175 0.279 0.031 0.515 1    
44:   0.363 0.346 0.009 0.282 1    
45:   0.225 0.278 0.018 0.479 1    
46:   0.361 0.319 0.027 0.293 1    
47:   0.218 0.348 0.028 0.406 1    
48:   0.386 0.282 0.045 0.286 1    
49:   0.438 0.310 0.051 0.201 1    
50:   0.183 0.300 0.072 0.445 1    
51:   0.225 0.292 0.044 0.440 1    
52:   0.380 0.328 0.060 0.233 1    
53:   0.548 0.296 0.025 0.131 1    
54:   0.224 0.296 0.012 0.468 1    
55:   0.567 0.323 0.009 0.101 1    
56:   0.266 0.374 0.023 0.337 1    
57:   0.119 0.250 0.085 0.545 1    
58:   0.468 0.291 0.023 0.219 1    
59:   0.400 0.374 0.013 0.213 1    
60:   0.432 0.282 0.036 0.250 1    
61:   0.217 0.291 0.007 0.485 1    
62:   0.377 0.344 0.018 0.261 1    
63:   0.268 0.308 0.035 0.389 1    
64:   0.346 0.303 0.022 0.329 1    
65:   0.242 0.426 0.010 0.322 1    
66:   0.250 0.373 0.013 0.364 1    
67:   0.497 0.311 0.016 0.176 1    
68:   0.153 0.279 0.053 0.515 1    
69:   0.291 0.352 0.009 0.348 1    
70:   0.514 0.335 0.017 0.135 1    
71:   0.181 0.314 0.015 0.490 1    
72:   0.396 0.350 0.006 0.248 1    
73:   0.308 0.345 0.050 0.296 1    
74:   0.402 0.366 0.008 0.225 1    
75:   0.261 0.299 0.022 0.419 1    
76:   0.138 0.285 0.098 0.478 1    
77:   0.329 0.291 0.144 0.237 1    
78:   0.258 0.392 0.018 0.332 1    
79:   0.422 0.358 0.009 0.211 1    
80:   0.177 0.264 0.018 0.541 1    
81:   0.428 0.326 0.018 0.229 1    
82:   0.106 0.221 0.008 0.665 1    
83:   0.246 0.277 0.019 0.458 1    
84:   0.315 0.288 0.020 0.376 1    
85:   0.276 0.335 0.017 0.373 1    
86:   0.497 0.318 0.025 0.160 1    
87:   0.264 0.391 0.009 0.336 1    
88:   0.244 0.314 0.026 0.416 1    
89:   0.101 0.224 0.012 0.663 1    
90:   0.232 0.294 0.012 0.462 1    
91:   0.355 0.366 0.012 0.267 1    
92:   0.367 0.362 0.009 0.262 1    
93:   0.501 0.311 0.024 0.163 1    
94:   0.493 0.341 0.006 0.160 1    
95:   0.427 0.337 0.015 0.221 1    
96:   0.271 0.256 0.241 0.231 1    
97:   0.393 0.412 0.013 0.182 1    
98:   0.419 0.338 0.020 0.223 1    
99:   0.292 0.340 0.023 0.345 1    
100:  0.359 0.298 0.027 0.317 1    
101:  0.272 0.325 0.027 0.376 1    
102:  0.333 0.306 0.012 0.349 1    
103:  0.383 0.364 0.053 0.200 1    
104:  0.208 0.363 0.010 0.419 1    
105:  0.188 0.372 0.023 0.418 1    
106:  0.191 0.377 0.021 0.411 1    
107:  0.231 0.264 0.113 0.393 1    
108:  0.487 0.360 0.007 0.146 1    
109:  0.485 0.312 0.033 0.170 1    
110:  0.227 0.355 0.010 0.408 1    
111:  0.412 0.315 0.021 0.252 1    
112:  0.509 0.331 0.014 0.146 1    
113:  0.295 0.372 0.006 0.327 1    
114:  0.231 0.261 0.094 0.414 1    
115:  0.292 0.404 0.010 0.294 1    
116:  0.134 0.289 0.030 0.546 1    
117:  0.320 0.358 0.014 0.308 1    
118:  0.464 0.341 0.021 0.174 1    
119:  0.515 0.320 0.017 0.148 1    
120:  0.268 0.251 0.291 0.190 1    
121:  0.350 0.309 0.091 0.251 1    
122:  0.320 0.367 0.006 0.307 1    
123:  0.363 0.323 0.012 0.301 1    
124:  0.392 0.321 0.022 0.264 1    
125:  0.261 0.393 0.007 0.339 1    
126:  0.456 0.378 0.007 0.159 1    
127:  0.310 0.306 0.035 0.349 1    
128:  0.217 0.331 0.022 0.429 1    
129:  0.279 0.371 0.020 0.330 1    
130:  0.512 0.323 0.016 0.149 1    
131:  0.403 0.325 0.012 0.260 1    
132:  0.258 0.280 0.113 0.349 1    
133:  0.429 0.390 0.007 0.174 1    
134:  0.377 0.335 0.009 0.279 1    
135:  0.525 0.345 0.007 0.123 1    
136:  0.277 0.404 0.006 0.314 1    
137:  0.504 0.295 0.028 0.173 1    
138:  0.261 0.247 0.039 0.453 1    
139:  0.322 0.407 0.018 0.253 1    
140:  0.416 0.289 0.083 0.212 1    
141:  0.295 0.312 0.008 0.384 1    
142:  0.466 0.318 0.017 0.200 1    
143:  0.093 0.113 0.627 0.168 1    
144:  0.256 0.368 0.013 0.363 1    
145:  0.339 0.324 0.060 0.276 1    
146:  0.587 0.303 0.006 0.103 1    
147:  0.131 0.190 0.350 0.329 1    
148:  0.493 0.311 0.020 0.177 1    
149:  0.261 0.333 0.030 0.375 1    
150:  0.315 0.340 0.029 0.316 1    
151:  0.507 0.310 0.021 0.163 1    
152:  0.441 0.358 0.013 0.188 1    
153:  0.206 0.280 0.019 0.495 1    
154:  0.581 0.327 0.007 0.084 1    
155:  0.295 0.306 0.029 0.369 1    
156:  0.335 0.335 0.014 0.316 1    
157:  0.326 0.323 0.040 0.311 1    
158:  0.279 0.374 0.011 0.337 1    
159:  0.080 0.216 0.019 0.686 1    
160:  0.304 0.395 0.008 0.293 1    
161:  0.322 0.309 0.057 0.312 1    
162:  0.367 0.334 0.024 0.275 1    
163:  0.477 0.352 0.015 0.157 1    
164:  0.274 0.362 0.007 0.357 1    
165:  0.272 0.356 0.054 0.318 1    
166:  0.441 0.302 0.025 0.231 1    
167:  0.253 0.338 0.010 0.399 1    
168:  0.416 0.337 0.024 0.223 1    
169:  0.190 0.340 0.062 0.408 1    
170:  0.401 0.352 0.025 0.222 1    
171:  0.463 0.313 0.010 0.215 1    
172:  0.369 0.364 0.017 0.250 1    
173:  0.252 0.323 0.096 0.329 1    
174:  0.182 0.275 0.036 0.507 1    
175:  0.232 0.314 0.023 0.431 1    
176:  0.327 0.389 0.028 0.256 1    
177:  0.417 0.332 0.022 0.229 1    
178:  0.319 0.320 0.054 0.307 1    
179:  0.559 0.322 0.010 0.109 1    
180:  0.285 0.329 0.020 0.366 1    
181:  0.235 0.301 0.240 0.224 1    
182:  0.396 0.330 0.034 0.241 1    
183:  0.234 0.345 0.020 0.400 1    
184:  0.463 0.290 0.043 0.203 1    
185:  0.305 0.380 0.032 0.284 1    
186:  0.259 0.368 0.020 0.353 1    
187:  0.226 0.304 0.023 0.447 1    
188:  0.256 0.294 0.031 0.419 1    
189:  0.514 0.334 0.025 0.127 1    
190:  0.401 0.319 0.019 0.262 1    
191:  0.356 0.326 0.046 0.272 1    
192:  0.424 0.305 0.016 0.256 1    
193:  0.184 0.243 0.106 0.467 1    
194:  0.433 0.322 0.031 0.214 1    
195:  0.410 0.360 0.045 0.185 1    
196:  0.206 0.284 0.174 0.336 1    
197:  0.538 0.338 0.008 0.116 1    
198:  0.508 0.316 0.012 0.164 1    
199:  0.500 0.322 0.012 0.165 1    
200:  0.350 0.290 0.015 0.345 1    
201:  0.307 0.355 0.016 0.322 1    
202:  0.181 0.259 0.102 0.459 1    
203:  0.253 0.293 0.026 0.428 1    
204:  0.322 0.334 0.027 0.317 1    
205:  0.334 0.412 0.009 0.245 1    
206:  0.309 0.340 0.014 0.337 1    
207:  0.358 0.320 0.023 0.298 1    
208:  0.242 0.273 0.064 0.420 1    
209:  0.185 0.261 0.012 0.542 1    
210:  0.320 0.366 0.009 0.305 1    
211:  0.499 0.307 0.009 0.186 1    
212:  0.319 0.362 0.019 0.301 1    
213:  0.225 0.285 0.076 0.415 1    
214:  0.317 0.324 0.011 0.347 1    
215:  0.246 0.343 0.023 0.388 1    
216:  0.411 0.310 0.037 0.242 1    
217:  0.223 0.283 0.037 0.457 1    
218:  0.310 0.350 0.027 0.313 1    
219:  0.332 0.309 0.010 0.349 1    
220:  0.144 0.269 0.028 0.560 1    
221:  0.389 0.370 0.008 0.233 1    
222:  0.279 0.442 0.007 0.272 1    
223:  0.420 0.329 0.031 0.220 1    
224:  0.464 0.333 0.009 0.194 1    
225:  0.451 0.357 0.007 0.185 1    
226:  0.239 0.374 0.013 0.374 1    
227:  0.220 0.338 0.012 0.430 1    
228:  0.249 0.364 0.043 0.344 1    
229:  0.557 0.299 0.010 0.134 1    
230:  0.179 0.295 0.021 0.505 1    
231:  0.172 0.280 0.027 0.521 1    
232:  0.275 0.456 0.009 0.260 1    
233:  0.316 0.273 0.025 0.386 1    
234:  0.407 0.291 0.010 0.292 1    
235:  0.249 0.381 0.022 0.347 1    
236:  0.256 0.298 0.073 0.373 1    
237:  0.287 0.344 0.008 0.361 1    
238:  0.342 0.261 0.028 0.369 1    
239:  0.183 0.258 0.123 0.436 1    
240:  0.473 0.375 0.007 0.144 1    
241:  0.474 0.375 0.008 0.143 1    
242:  0.284 0.273 0.026 0.416 1    
243:  0.451 0.364 0.016 0.169 1    
244:  0.380 0.304 0.047 0.269 1    
245:  0.348 0.311 0.009 0.332 1    
246:  0.188 0.258 0.174 0.380 1    
247:  0.257 0.322 0.019 0.402 1    
248:  0.404 0.315 0.048 0.233 1    
249:  0.144 0.254 0.032 0.570 1    
250:  0.256 0.327 0.016 0.402 1    
251:  0.512 0.339 0.011 0.138 1    
252:  0.110 0.120 0.639 0.130 1    
253:  0.469 0.286 0.074 0.171 1    
254:  0.333 0.323 0.009 0.335 1    
255:  0.453 0.324 0.018 0.204 1    
256:  0.399 0.377 0.011 0.213 1    
257:  0.314 0.419 0.008 0.259 1    
258:  0.404 0.305 0.019 0.272 1    
259:  0.446 0.292 0.043 0.219 1    
260:  0.394 0.355 0.011 0.240 1    
261:  0.253 0.377 0.027 0.344 1    
262:  0.242 0.369 0.048 0.340 1    
263:  0.309 0.361 0.038 0.291 1    
264:  0.421 0.363 0.020 0.196 1    
265:  0.400 0.333 0.018 0.249 1    
266:  0.479 0.327 0.014 0.179 1    
267:  0.279 0.277 0.091 0.353 1    
268:  0.282 0.327 0.014 0.377 1    
269:  0.412 0.284 0.012 0.292 1    
270:  0.379 0.372 0.006 0.242 1    
271:  0.500 0.318 0.013 0.169 1    
272:  0.533 0.290 0.027 0.149 1    
273:  0.323 0.309 0.029 0.339 1    
274:  0.181 0.308 0.044 0.466 1    
275:  0.213 0.292 0.012 0.484 1    
276:  0.258 0.387 0.015 0.339 1    
277:  0.601 0.307 0.008 0.084 1    
278:  0.568 0.310 0.010 0.113 1    
279:  0.471 0.312 0.025 0.192 1    
280:  0.342 0.376 0.012 0.270 1    
281:  0.469 0.311 0.024 0.196 1    
282:  0.459 0.358 0.021 0.161 1    
283:  0.530 0.326 0.014 0.131 1    
284:  0.439 0.337 0.010 0.214 1    
285:  0.197 0.289 0.020 0.493 1    
286:  0.171 0.268 0.023 0.538 1    
287:  0.409 0.400 0.011 0.179 1    
288:  0.376 0.339 0.021 0.265 1    
289:  0.401 0.364 0.019 0.216 1    
290:  0.559 0.293 0.024 0.123 1    
291:  0.380 0.316 0.033 0.271 1    
292:  0.382 0.341 0.009 0.268 1    
293:  0.253 0.310 0.010 0.426 1    
294:  0.521 0.337 0.027 0.116 1    
295:  0.413 0.352 0.019 0.215 1    
296:  0.262 0.376 0.030 0.331 1    
297:  0.208 0.302 0.135 0.355 1    
298:  0.247 0.354 0.019 0.381 1    
299:  0.266 0.418 0.006 0.309 1    
300:  0.304 0.298 0.035 0.363 1    
301:  0.274 0.275 0.028 0.423 1    
302:  0.304 0.436 0.015 0.245 1    
303:  0.214 0.294 0.067 0.425 1    
304:  0.446 0.303 0.016 0.235 1    
305:  0.503 0.306 0.011 0.181 1    
306:  0.295 0.408 0.013 0.284 1    
307:  0.214 0.303 0.025 0.458 1    
308:  0.304 0.252 0.019 0.424 1    
309:  0.506 0.306 0.014 0.175 1    
310:  0.385 0.332 0.016 0.267 1    
311:  0.203 0.310 0.026 0.461 1    
312:  0.105 0.243 0.023 0.628 1    
313:  0.464 0.309 0.019 0.208 1    
314:  0.254 0.353 0.009 0.384 1    
315:  0.282 0.310 0.073 0.334 1    
316:  0.163 0.254 0.060 0.523 1    
317:  0.269 0.298 0.066 0.367 1    
318:  0.324 0.369 0.013 0.294 1    
319:  0.559 0.322 0.010 0.109 1    
320:  0.356 0.380 0.008 0.257 1    
321:  0.340 0.374 0.016 0.271 1    
322:  0.505 0.340 0.031 0.125 1    
323:  0.503 0.325 0.015 0.157 1    
324:  0.185 0.301 0.015 0.498 1    
325:  0.345 0.433 0.007 0.215 1    
326:  0.392 0.318 0.009 0.281 1    
327:  0.242 0.290 0.034 0.434 1    
328:  0.266 0.279 0.089 0.367 1    
329:  0.417 0.309 0.011 0.264 1    
330:  0.415 0.329 0.035 0.221 1    
331:  0.397 0.371 0.018 0.214 1    
332:  0.439 0.345 0.026 0.189 1    
333:  0.294 0.284 0.023 0.399 1    
334:  0.306 0.277 0.171 0.246 1    
335:  0.438 0.344 0.008 0.210 1    
336:  0.457 0.357 0.014 0.172 1    
337:  0.403 0.374 0.041 0.182 1    
338:  0.416 0.347 0.042 0.194 1    
339:  0.318 0.332 0.119 0.231 1    
340:  0.250 0.344 0.022 0.384 1    
341:  0.365 0.351 0.017 0.267 1    
342:  0.071 0.145 0.519 0.265 1    
343:  0.336 0.359 0.029 0.277 1    
344:  0.321 0.348 0.024 0.307 1    
345:  0.363 0.413 0.039 0.185 1    
346:  0.386 0.331 0.022 0.261 1    
347:  0.171 0.274 0.067 0.488 1    
348:  0.257 0.369 0.006 0.368 1    
349:  0.235 0.276 0.186 0.303 1    
350:  0.260 0.350 0.019 0.372 1    
351:  0.340 0.402 0.011 0.247 1    
352:  0.403 0.374 0.007 0.216 1    
353:  0.468 0.319 0.009 0.204 1    
354:  0.295 0.332 0.014 0.359 1    
355:  0.146 0.251 0.018 0.585 1    
356:  0.174 0.281 0.055 0.490 1    
357:  0.269 0.332 0.013 0.386 1    
358:  0.256 0.387 0.008 0.349 1    
359:  0.248 0.249 0.243 0.260 1    
360:  0.274 0.341 0.021 0.364 1    
361:  0.189 0.259 0.162 0.390 1    
362:  0.163 0.260 0.033 0.545 1    
363:  0.240 0.363 0.008 0.389 1    
364:  0.378 0.356 0.054 0.213 1    
365:  0.270 0.299 0.169 0.262 1    
366:  0.265 0.342 0.027 0.366 1    
367:  0.468 0.321 0.020 0.191 1    
368:  0.547 0.332 0.014 0.107 1    
369:  0.263 0.276 0.009 0.452 1    
370:  0.400 0.328 0.011 0.262 1    
371:  0.295 0.317 0.013 0.376 1    
372:  0.112 0.217 0.103 0.568 1    
373:  0.143 0.218 0.100 0.539 1    
374:  0.444 0.297 0.079 0.180 1    
375:  0.369 0.311 0.020 0.300 1    
376:  0.346 0.427 0.010 0.217 1    
377:  0.265 0.421 0.026 0.287 1    
378:  0.348 0.344 0.021 0.287 1    
379:  0.157 0.312 0.026 0.504 1    
380:  0.511 0.329 0.011 0.149 1    
381:  0.372 0.346 0.019 0.263 1    
382:  0.385 0.322 0.013 0.281 1    
383:  0.264 0.301 0.012 0.423 1    
384:  0.307 0.390 0.015 0.288 1    
385:  0.317 0.312 0.018 0.353 1    
386:  0.261 0.371 0.020 0.348 1    
387:  0.391 0.360 0.024 0.225 1    
388:  0.244 0.301 0.077 0.377 1    
389:  0.250 0.288 0.009 0.453 1    
390:  0.380 0.406 0.011 0.203 1    
391:  0.467 0.308 0.019 0.207 1    
392:  0.264 0.344 0.027 0.365 1    
393:  0.330 0.385 0.014 0.270 1    
394:  0.264 0.354 0.027 0.355 1    
395:  0.289 0.283 0.187 0.241 1    
396:  0.296 0.308 0.007 0.389 1    
397:  0.297 0.307 0.027 0.368 1    
398:  0.476 0.337 0.022 0.165 1    
399:  0.290 0.436 0.015 0.259 1    
400:  0.254 0.385 0.033 0.328 1    
401:  0.330 0.345 0.016 0.309 1    
402:  0.278 0.246 0.218 0.259 1    
403:  0.328 0.306 0.032 0.334 1    
404:  0.055 0.060 0.819 0.066 1    
405:  0.273 0.364 0.057 0.306 1    
406:  0.141 0.255 0.098 0.506 1    
407:  0.063 0.112 0.674 0.151 1    
408:  0.416 0.344 0.017 0.223 1    
409:  0.389 0.225 0.217 0.170 1    
410:  0.293 0.441 0.014 0.252 1    
411:  0.222 0.330 0.014 0.433 1    
412:  0.462 0.316 0.036 0.185 1    
413:  0.200 0.258 0.132 0.410 1    
414:  0.360 0.313 0.033 0.294 1    
415:  0.467 0.306 0.010 0.216 1    
416:  0.271 0.414 0.010 0.306 1    
417:  0.147 0.276 0.016 0.561 1    
418:  0.132 0.308 0.013 0.546 1    
419:  0.431 0.275 0.057 0.237 1    
420:  0.292 0.346 0.062 0.301 1    
421:  0.103 0.243 0.011 0.644 1    
422:  0.246 0.408 0.012 0.334 1    
423:  0.403 0.306 0.025 0.266 1    
424:  0.295 0.403 0.008 0.294 1    
425:  0.261 0.400 0.013 0.327 1    
426:  0.328 0.322 0.044 0.306 1    
427:  0.237 0.359 0.025 0.379 1    
428:  0.339 0.307 0.038 0.316 1    
429:  0.255 0.401 0.017 0.327 1    
430:  0.363 0.314 0.013 0.310 1    
431:  0.074 0.216 0.015 0.695 1    
432:  0.080 0.116 0.670 0.134 1    
433:  0.333 0.333 0.056 0.278 1    
434:  0.286 0.347 0.023 0.344 1    
435:  0.236 0.354 0.019 0.390 1    
436:  0.253 0.396 0.024 0.328 1    
437:  0.233 0.318 0.011 0.438 1    
438:  0.226 0.372 0.014 0.388 1    
439:  0.113 0.120 0.636 0.131 1    
440:  0.153 0.282 0.067 0.497 1    
441:  0.280 0.290 0.030 0.400 1    
442:  0.537 0.315 0.016 0.131 1    
443:  0.303 0.260 0.062 0.375 1    
444:  0.271 0.324 0.046 0.359 1    
445:  0.190 0.266 0.143 0.400 1    
446:  0.255 0.274 0.138 0.332 1    
447:  0.240 0.311 0.032 0.417 1    
448:  0.207 0.321 0.157 0.315 1    
449:  0.280 0.229 0.152 0.339 1    
450:  0.180 0.232 0.093 0.495 1    
451:  0.522 0.293 0.021 0.164 1    
452:  0.202 0.351 0.065 0.382 1    
453:  0.173 0.324 0.130 0.373 1    
454:  0.253 0.205 0.216 0.326 1    
455:  0.215 0.260 0.129 0.396 1    
456:  0.222 0.233 0.185 0.360 1    
457:  0.189 0.285 0.131 0.394 1    
458:  0.228 0.246 0.102 0.424 1    
459:  0.419 0.330 0.016 0.236 1    
460:  0.541 0.293 0.015 0.152 1    
461:  0.106 0.227 0.158 0.508 1    
462:  0.009 0.009 0.971 0.010 1    
463:  0.009 0.012 0.966 0.013 1    
464:  0.017 0.018 0.940 0.024 1    
465:  0.054 0.168 0.270 0.508 1    
466:  0.024 0.028 0.909 0.038 1    
467:  0.138 0.152 0.545 0.165 1    
468:  0.180 0.172 0.450 0.198 1    
469:  0.096 0.181 0.332 0.391 1    
470:  0.044 0.057 0.814 0.086 1    
471:  0.120 0.157 0.458 0.265 1    
472:  0.150 0.219 0.354 0.277 1    
473:  0.142 0.218 0.374 0.266 1    
474:  0.018 0.018 0.948 0.017 1    
475:  0.050 0.086 0.661 0.202 1    
476:  0.025 0.022 0.924 0.029 1    
477:  0.023 0.021 0.933 0.023 1    
478:  0.179 0.233 0.388 0.200 1    
479:  0.017 0.017 0.948 0.018 1    
480:  0.014 0.014 0.954 0.018 1    
481:  0.018 0.017 0.942 0.023 1    
482:  0.009 0.009 0.973 0.009 1    
483:  0.021 0.019 0.936 0.024 1    
484:  0.210 0.276 0.133 0.382 1    
485:  0.034 0.045 0.845 0.076 1    
486:  0.030 0.034 0.894 0.043 1    
487:  0.010 0.010 0.970 0.010 1    
