   1:   0.2573  0.2489  0.2523  0.2415  1
   2:   0.2569  0.2476  0.2516  0.2438  1
   3:   0.2529  0.2492  0.2493  0.2486  1
   4:   0.2635  0.2420  0.2543  0.2402  1
   5:   0.2479  0.2537  0.2495  0.2489  1
   6:   0.2509  0.2579  0.2495  0.2417  1
   7:   0.2597  0.2445  0.2523  0.2435  1
   8:   0.2570  0.2508  0.2520  0.2402  1
   9:   0.2422  0.2499  0.2476  0.2603  1
  10:   0.2572  0.2442  0.2552  0.2434  1
  11:   0.2398  0.2533  0.2473  0.2597  1
  12:   0.2392  0.2535  0.2452  0.2621  1
  13:   0.2458  0.2595  0.2491  0.2456  1
  14:   0.2585  0.2541  0.2525  0.2349  1
  15:   0.2566  0.2493  0.2540  0.2401  1
  16:   0.2500  0.2522  0.2514  0.2464  1
  17:   0.2427  0.2520  0.2479  0.2574  1
  18:   0.2370  0.2535  0.2436  0.2659  1
  19:   0.2499  0.2507  0.2513  0.2481  1
  20:   0.2410  0.2555  0.2475  0.2559  1
  21:   0.2492  0.2506  0.2495  0.2506  1
  22:   0.2388  0.2564  0.2460  0.2588  1
  23:   0.2515  0.2537  0.2511  0.2437  1
  24:   0.2706  0.2376  0.2576  0.2342  1
  25:   0.2588  0.2414  0.2520  0.2478  1
  26:   0.2430  0.2512  0.2493  0.2565  1
  27:   0.2538  0.2506  0.2523  0.2433  1
  28:   0.2502  0.2474  0.2520  0.2504  1
  29:   0.2519  0.2482  0.2517  0.2482  1
  30:   0.2548  0.2476  0.2522  0.2454  1
  31:   0.2422  0.2565  0.2458  0.2555  1
  32:   0.2481  0.2469  0.2489  0.2561  1
  33:   0.2411  0.2513  0.2459  0.2616  1
  34:   0.2465  0.2517  0.2499  0.2519  1
  35:   0.2481  0.2508  0.2506  0.2505  1
  36:   0.2484  0.2486  0.2480  0.2550  1
  37:   0.2450  0.2478  0.2497  0.2575  1
  38:   0.2484  0.2498  0.2494  0.2524  1
  39:   0.2518  0.2487  0.2499  0.2496  1
  40:   0.2473  0.2567  0.2491  0.2469  1
  41:   0.2426  0.2560  0.2478  0.2536  1
  42:   0.2453  0.2486  0.2495  0.2566  1
  43:   0.2553  0.2462  0.2524  0.2460  1
  44:   0.2456  0.2553  0.2480  0.2511  1
  45:   0.2434  0.2567  0.2465  0.2533  1
  46:   0.2551  0.2474  0.2501  0.2475  1
  47:   0.2512  0.2528  0.2506  0.2454  1
  48:   0.2516  0.2498  0.2500  0.2486  1
  49:   0.2405  0.2517  0.2484  0.2593  1
  50:   0.2499  0.2554  0.2508  0.2439  1
  51:   0.2486  0.2452  0.2502  0.2560  1
  52:   0.2484  0.2488  0.2529  0.2499  1
  53:   0.2491  0.2473  0.2543  0.2493  1
  54:   0.2477  0.2490  0.2515  0.2518  1
  55:   0.2382  0.2512  0.2428  0.2677  1
  56:   0.2536  0.2537  0.2503  0.2424  1
  57:   0.2358  0.2497  0.2440  0.2705  1
  58:   0.2489  0.2435  0.2543  0.2533  1
  59:   0.2545  0.2485  0.2540  0.2430  1
  60:   0.2513  0.2483  0.2515  0.2489  1
  61:   0.2599  0.2488  0.2519  0.2394  1
  62:   0.2439  0.2533  0.2473  0.2556  1
  63:   0.2478  0.2561  0.2490  0.2472  1
  64:   0.2428  0.2462  0.2518  0.2592  1
  65:   0.2453  0.2495  0.2467  0.2585  1
  66:   0.2668  0.2396  0.2558  0.2378  1
  67:   0.2549  0.2403  0.2531  0.2517  1
  68:   0.2432  0.2536  0.2474  0.2558  1
  69:   0.2442  0.2521  0.2484  0.2553  1
  70:   0.2495  0.2447  0.2535  0.2523  1
  71:   0.2426  0.2583  0.2467  0.2524  1
  72:   0.2482  0.2472  0.2525  0.2521  1
  73:   0.2534  0.2448  0.2495  0.2523  1
  74:   0.2523  0.2504  0.2529  0.2444  1
  75:   0.2565  0.2471  0.2507  0.2457  1
  76:   0.2485  0.2517  0.2492  0.2506  1
  77:   0.2438  0.2520  0.2494  0.2548  1
  78:   0.2558  0.2466  0.2536  0.2440  1
  79:   0.2527  0.2531  0.2513  0.2428  1
  80:   0.2571  0.2468  0.2510  0.2450  1
  81:   0.2348  0.2542  0.2436  0.2674  1
  82:   0.2489  0.2525  0.2485  0.2501  1
  83:   0.2418  0.2512  0.2481  0.2589  1
  84:   0.2573  0.2493  0.2529  0.2405  1
  85:   0.2644  0.2428  0.2550  0.2378  1
  86:   0.2541  0.2470  0.2540  0.2450  1
  87:   0.2504  0.2486  0.2494  0.2516  1
  88:   0.2460  0.2544  0.2486  0.2510  1
  89:   0.2504  0.2496  0.2491  0.2509  1
  90:   0.2536  0.2422  0.2533  0.2509  1
  91:   0.2392  0.2488  0.2454  0.2666  1
  92:   0.2540  0.2470  0.2510  0.2480  1
  93:   0.2434  0.2526  0.2464  0.2576  1
  94:   0.2475  0.2514  0.2522  0.2489  1
  95:   0.2561  0.2494  0.2540  0.2405  1
  96:   0.2490  0.2523  0.2488  0.2499  1
  97:   0.2417  0.2475  0.2467  0.2641  1
  98:   0.2364  0.2498  0.2468  0.2669  1
  99:   0.2526  0.2442  0.2494  0.2538  1
 100:   0.2478  0.2462  0.2480  0.2580  1
 101:   0.2418  0.2519  0.2484  0.2579  1
 102:   0.2467  0.2521  0.2497  0.2515  1
 103:   0.2408  0.2504  0.2468  0.2620  1
 104:   0.2468  0.2448  0.2514  0.2570  1
 105:   0.2456  0.2525  0.2481  0.2537  1
 106:   0.2533  0.2475  0.2518  0.2475  1
 107:   0.2518  0.2490  0.2522  0.2470  1
 108:   0.2541  0.2475  0.2531  0.2453  1
 109:   0.2773  0.2363  0.2585  0.2279  1
 110:   0.2573  0.2509  0.2528  0.2390  1
 111:   0.2572  0.2480  0.2522  0.2426  1
 112:   0.2531  0.2448  0.2510  0.2511  1
 113:   0.2504  0.2526  0.2514  0.2456  1
 114:   0.2458  0.2553  0.2476  0.2514  1
 115:   0.2460  0.2548  0.2486  0.2506  1
 116:   0.2445  0.2529  0.2476  0.2549  1
 117:   0.2402  0.2483  0.2472  0.2643  1
 118:   0.2470  0.2482  0.2492  0.2556  1
 119:   0.2414  0.2522  0.2460  0.2605  1
 120:   0.2550  0.2522  0.2510  0.2418  1
 121:   0.2523  0.2503  0.2502  0.2472  1
 122:   0.2517  0.2482  0.2509  0.2492  1
 123:   0.2578  0.2431  0.2503  0.2487  1
 124:   0.2468  0.2567  0.2498  0.2467  1
 125:   0.2596  0.2491  0.2520  0.2394  1
 126:   0.2561  0.2519  0.2516  0.2404  1
 127:   0.2520  0.2531  0.2510  0.2438  1
 128:   0.2441  0.2535  0.2477  0.2547  1
 129:   0.2513  0.2479  0.2533  0.2475  1
 130:   0.2543  0.2470  0.2545  0.2442  1
 131:   0.2509  0.2452  0.2503  0.2537  1
 132:   0.2520  0.2546  0.2502  0.2432  1
 133:   0.2559  0.2469  0.2515  0.2456  1
 134:   0.2687  0.2443  0.2547  0.2323  1
 135:   0.2506  0.2446  0.2533  0.2515  1
 136:   0.2442  0.2509  0.2488  0.2561  1
 137:   0.2554  0.2464  0.2532  0.2450  1
 138:   0.2527  0.2482  0.2527  0.2464  1
 139:   0.2474  0.2540  0.2496  0.2490  1
 140:   0.2402  0.2560  0.2462  0.2576  1
 141:   0.2617  0.2466  0.2567  0.2350  1
 142:   0.2497  0.2465  0.2499  0.2539  1
 143:   0.2516  0.2534  0.2495  0.2455  1
 144:   0.2558  0.2424  0.2523  0.2496  1
 145:   0.2393  0.2486  0.2446  0.2675  1
 146:   0.2470  0.2494  0.2484  0.2552  1
 147:   0.2481  0.2539  0.2493  0.2487  1
 148:   0.2521  0.2500  0.2521  0.2458  1
 149:   0.2599  0.2483  0.2531  0.2387  1
 150:   0.2544  0.2496  0.2520  0.2440  1
 151:   0.2392  0.2515  0.2456  0.2637  1
 152:   0.2613  0.2473  0.2544  0.2370  1
 153:   0.2468  0.2487  0.2494  0.2551  1
 154:   0.2558  0.2464  0.2533  0.2446  1
 155:   0.2407  0.2539  0.2475  0.2579  1
 156:   0.2390  0.2506  0.2477  0.2627  1
 157:   0.2651  0.2435  0.2569  0.2345  1
 158:   0.2559  0.2474  0.2517  0.2450  1
 159:   0.2596  0.2490  0.2530  0.2384  1
 160:   0.2468  0.2546  0.2486  0.2500  1
 161:   0.2510  0.2488  0.2491  0.2512  1
 162:   0.2464  0.2537  0.2466  0.2533  1
 163:   0.2527  0.2485  0.2529  0.2459  1
 164:   0.2521  0.2531  0.2511  0.2438  1
 165:   0.2468  0.2550  0.2466  0.2516  1
 166:   0.2402  0.2530  0.2456  0.2612  1
 167:   0.2493  0.2529  0.2487  0.2491  1
 168:   0.2492  0.2474  0.2474  0.2560  1
 169:   0.2424  0.2560  0.2468  0.2548  1
 170:   0.2402  0.2567  0.2469  0.2561  1
 171:   0.2520  0.2536  0.2506  0.2438  1
 172:   0.2521  0.2537  0.2517  0.2426  1
 173:   0.2555  0.2513  0.2505  0.2427  1
 174:   0.2545  0.2524  0.2517  0.2414  1
 175:   0.2442  0.2541  0.2481  0.2537  1
 176:   0.2497  0.2504  0.2509  0.2490  1
 177:   0.2515  0.2504  0.2494  0.2486  1
 178:   0.2445  0.2505  0.2471  0.2579  1
 179:   0.2563  0.2468  0.2523  0.2446  1
 180:   0.2428  0.2592  0.2480  0.2500  1
 181:   0.2376  0.2510  0.2448  0.2667  1
 182:   0.2394  0.2543  0.2444  0.2619  1
 183:   0.2516  0.2502  0.2512  0.2470  1
 184:   0.2447  0.2541  0.2471  0.2541  1
 185:   0.2456  0.2478  0.2486  0.2580  1
 186:   0.2461  0.2500  0.2507  0.2532  1
 187:   0.2470  0.2531  0.2509  0.2490  1
 188:   0.2407  0.2520  0.2483  0.2590  1
 189:   0.2482  0.2521  0.2495  0.2502  1
 190:   0.2443  0.2540  0.2483  0.2534  1
 191:   0.2491  0.2553  0.2504  0.2452  1
 192:   0.2578  0.2480  0.2522  0.2420  1
 193:   0.2489  0.2470  0.2464  0.2576  1
 194:   0.2498  0.2518  0.2500  0.2484  1
 195:   0.2539  0.2479  0.2500  0.2483  1
 196:   0.2395  0.2557  0.2461  0.2587  1
 197:   0.2486  0.2482  0.2504  0.2528  1
 198:   0.2430  0.2543  0.2470  0.2556  1
 199:   0.2557  0.2466  0.2523  0.2454  1
 200:   0.2568  0.2480  0.2526  0.2426  1
 201:   0.2425  0.2471  0.2471  0.2633  1
 202:   0.2474  0.2523  0.2482  0.2521  1
 203:   0.2468  0.2546  0.2498  0.2488  1
 204:   0.2549  0.2487  0.2528  0.2436  1
 205:   0.2465  0.2535  0.2477  0.2523  1
 206:   0.2479  0.2513  0.2500  0.2508  1
 207:   0.2486  0.2547  0.2494  0.2474  1
 208:   0.2564  0.2444  0.2521  0.2471  1
 209:   0.2491  0.2499  0.2495  0.2515  1
 210:   0.2569  0.2519  0.2547  0.2365  1
 211:   0.2799  0.2369  0.2541  0.2291  1
 212:   0.2362  0.2518  0.2460  0.2659  1
 213:   0.2544  0.2494  0.2530  0.2432  1
 214:   0.2633  0.2413  0.2531  0.2423  1
 215:   0.2564  0.2504  0.2520  0.2412  1
 216:   0.2374  0.2534  0.2470  0.2622  1
 217:   0.2592  0.2484  0.2524  0.2400  1
 218:   0.2510  0.2587  0.2503  0.2400  1
 219:   0.2590  0.2452  0.2518  0.2440  1
 220:   0.2621  0.2446  0.2553  0.2380  1
 221:   0.2535  0.2438  0.2528  0.2499  1
 222:   0.2493  0.2521  0.2497  0.2489  1
 223:   0.2506  0.2428  0.2540  0.2526  1
 224:   0.2492  0.2534  0.2516  0.2458  1
 225:   0.2460  0.2564  0.2486  0.2490  1
 226:   0.2479  0.2535  0.2503  0.2483  1
 227:   0.2577  0.2426  0.2561  0.2436  1
 228:   0.2509  0.2492  0.2479  0.2521  1
 229:   0.2422  0.2526  0.2462  0.2590  1
 230:   0.2488  0.2472  0.2479  0.2561  1
 231:   0.2400  0.2485  0.2474  0.2641  1
 232:   0.2434  0.2498  0.2509  0.2559  1
 233:   0.2476  0.2496  0.2486  0.2542  1
 234:   0.2414  0.2542  0.2468  0.2576  1
 235:   0.2378  0.2512  0.2450  0.2660  1
 236:   0.2582  0.2480  0.2526  0.2412  1
 237:   0.2392  0.2501  0.2438  0.2669  1
 238:   0.2521  0.2484  0.2498  0.2498  1
 239:   0.2464  0.2543  0.2494  0.2499  1
 240:   0.2486  0.2560  0.2494  0.2461  1
 241:   0.2416  0.2510  0.2480  0.2594  1
 242:   0.2475  0.2483  0.2517  0.2525  1
 243:   0.2508  0.2505  0.2508  0.2479  1
 244:   0.2524  0.2474  0.2515  0.2488  1
 245:   0.2472  0.2537  0.2497  0.2494  1
 246:   0.2493  0.2529  0.2499  0.2479  1
 247:   0.2522  0.2526  0.2486  0.2466  1
 248:   0.2422  0.2498  0.2469  0.2611  1
 249:   0.2552  0.2464  0.2534  0.2450  1
 250:   0.2390  0.2579  0.2463  0.2568  1
 251:   0.2412  0.2530  0.2456  0.2602  1
 252:   0.2512  0.2532  0.2500  0.2456  1
 253:   0.2563  0.2452  0.2532  0.2454  1
 254:   0.2452  0.2539  0.2482  0.2527  1
 255:   0.2581  0.2479  0.2527  0.2413  1
 256:   0.2494  0.2494  0.2507  0.2505  1
 257:   0.2609  0.2483  0.2504  0.2404  1
 258:   0.2581  0.2484  0.2527  0.2408  1
 259:   0.2573  0.2457  0.2537  0.2433  1
 260:   0.2561  0.2482  0.2505  0.2452  1
 261:   0.2452  0.2532  0.2500  0.2516  1
 262:   0.2583  0.2503  0.2508  0.2406  1
 263:   0.2396  0.2505  0.2460  0.2639  1
 264:   0.2508  0.2504  0.2492  0.2496  1
 265:   0.2506  0.2484  0.2496  0.2514  1
 266:   0.2432  0.2561  0.2482  0.2525  1
 267:   0.2557  0.2441  0.2509  0.2493  1
 268:   0.2566  0.2460  0.2538  0.2436  1
 269:   0.2695  0.2404  0.2555  0.2346  1
 270:   0.2499  0.2535  0.2488  0.2478  1
 271:   0.2384  0.2569  0.2463  0.2585  1
 272:   0.2490  0.2507  0.2498  0.2504  1
 273:   0.2394  0.2506  0.2451  0.2649  1
 274:   0.2472  0.2498  0.2502  0.2527  1
 275:   0.2653  0.2467  0.2523  0.2357  1
 276:   0.2504  0.2561  0.2502  0.2433  1
 277:   0.2460  0.2522  0.2490  0.2528  1
 278:   0.2622  0.2434  0.2553  0.2392  1
 279:   0.2489  0.2522  0.2497  0.2492  1
 280:   0.2532  0.2466  0.2523  0.2480  1
 281:   0.2342  0.2528  0.2440  0.2689  1
 282:   0.2417  0.2525  0.2485  0.2573  1
 283:   0.2481  0.2539  0.2487  0.2493  1
 284:   0.2410  0.2527  0.2490  0.2573  1
 285:   0.2429  0.2471  0.2475  0.2625  1
 286:   0.2565  0.2497  0.2512  0.2426  1
 287:   0.2387  0.2549  0.2461  0.2603  1
 288:   0.2426  0.2563  0.2458  0.2553  1
 289:   0.2406  0.2477  0.2482  0.2635  1
 290:   0.2404  0.2500  0.2480  0.2616  1
 291:   0.2545  0.2469  0.2519  0.2467  1
 292:   0.2416  0.2553  0.2476  0.2555  1
 293:   0.2428  0.2497  0.2488  0.2587  1
 294:   0.2418  0.2520  0.2472  0.2590  1
 295:   0.2561  0.2450  0.2499  0.2490  1
 296:   0.2528  0.2434  0.2554  0.2484  1
 297:   0.2469  0.2497  0.2527  0.2507  1
 298:   0.2513  0.2439  0.2529  0.2519  1
 299:   0.2495  0.2460  0.2535  0.2509  1
 300:   0.2645  0.2469  0.2536  0.2350  1
 301:   0.2466  0.2539  0.2475  0.2520  1
 302:   0.2484  0.2547  0.2494  0.2476  1
 303:   0.2531  0.2539  0.2507  0.2423  1
 304:   0.2489  0.2567  0.2489  0.2455  1
 305:   0.2459  0.2569  0.2467  0.2505  1
 306:   0.2514  0.2522  0.2492  0.2472  1
 307:   0.2498  0.2442  0.2524  0.2536  1
 308:   0.2480  0.2462  0.2502  0.2556  1
 309:   0.2399  0.2523  0.2441  0.2637  1
 310:   0.2512  0.2492  0.2508  0.2488  1
 311:   0.2520  0.2539  0.2490  0.2452  1
 312:   0.2430  0.2576  0.2470  0.2524  1
 313:   0.2510  0.2510  0.2487  0.2493  1
 314:   0.2546  0.2454  0.2529  0.2471  1
 315:   0.2553  0.2503  0.2514  0.2430  1
 316:   0.2551  0.2455  0.2524  0.2470  1
 317:   0.2474  0.2488  0.2508  0.2530  1
 318:   0.2414  0.2470  0.2448  0.2667  1
 319:   0.2679  0.2432  0.2549  0.2340  1
 320:   0.2501  0.2521  0.2485  0.2493  1
 321:   0.2524  0.2474  0.2506  0.2496  1
 322:   0.2332  0.2542  0.2454  0.2672  1
 323:   0.2531  0.2476  0.2532  0.2461  1
 324:   0.2638  0.2406  0.2566  0.2390  1
 325:   0.2446  0.2480  0.2484  0.2590  1
 326:   0.2558  0.2450  0.2502  0.2490  1
 327:   0.2462  0.2545  0.2501  0.2493  1
 328:   0.2493  0.2489  0.2485  0.2533  1
 329:   0.2474  0.2492  0.2476  0.2558  1
 330:   0.2444  0.2575  0.2466  0.2515  1
 331:   0.2504  0.2471  0.2513  0.2511  1
 332:   0.2519  0.2488  0.2505  0.2489  1
 333:   0.2517  0.2549  0.2507  0.2428  1
 334:   0.2528  0.2486  0.2502  0.2484  1
 335:   0.2360  0.2492  0.2479  0.2669  1
 336:   0.2502  0.2510  0.2521  0.2467  1
 337:   0.2515  0.2482  0.2482  0.2521  1
 338:   0.2509  0.2481  0.2495  0.2515  1
 339:   0.2458  0.2558  0.2482  0.2502  1
 340:   0.2541  0.2494  0.2505  0.2460  1
 341:   0.2541  0.2493  0.2515  0.2452  1
 342:   0.2469  0.2505  0.2515  0.2511  1
 343:   0.2392  0.2539  0.2452  0.2617  1
 344:   0.2532  0.2460  0.2486  0.2522  1
 345:   0.2528  0.2460  0.2494  0.2518  1
 346:   0.2510  0.2545  0.2500  0.2445  1
 347:   0.2516  0.2519  0.2528  0.2437  1
 348:   0.2476  0.2484  0.2490  0.2550  1
 349:   0.2480  0.2561  0.2491  0.2468  1
 350:   0.2518  0.2464  0.2541  0.2476  1
 351:   0.2524  0.2498  0.2502  0.2476  1
 352:   0.2406  0.2473  0.2470  0.2651  1
 353:   0.2431  0.2516  0.2481  0.2572  1
 354:   0.2447  0.2525  0.2499  0.2529  1
 355:   0.2408  0.2555  0.2462  0.2575  1
 356:   0.2472  0.2531  0.2487  0.2511  1
 357:   0.2638  0.2482  0.2544  0.2336  1
 358:   0.2487  0.2543  0.2482  0.2488  1
 359:   0.2686  0.2438  0.2563  0.2313  1
 360:   0.2396  0.2511  0.2454  0.2639  1
 361:   0.2739  0.2338  0.2529  0.2394  1
 362:   0.2549  0.2510  0.2541  0.2400  1
 363:   0.2418  0.2589  0.2457  0.2536  1
 364:   0.2429  0.2557  0.2477  0.2537  1
 365:   0.2576  0.2450  0.2510  0.2464  1
 366:   0.2471  0.2513  0.2520  0.2497  1
 367:   0.2450  0.2508  0.2499  0.2543  1
 368:   0.2386  0.2502  0.2476  0.2636  1
 369:   0.2503  0.2462  0.2529  0.2506  1
 370:   0.2456  0.2547  0.2480  0.2517  1
 371:   0.2500  0.2513  0.2498  0.2488  1
 372:   0.2476  0.2548  0.2488  0.2488  1
 373:   0.2463  0.2513  0.2517  0.2507  1
 374:   0.2607  0.2430  0.2523  0.2440  1
 375:   0.2561  0.2441  0.2509  0.2489  1
 376:   0.2426  0.2547  0.2476  0.2551  1
 377:   0.2523  0.2501  0.2501  0.2475  1
 378:   0.2438  0.2594  0.2474  0.2494  1
 379:   0.2409  0.2540  0.2454  0.2597  1
 380:   0.2360  0.2517  0.2456  0.2667  1
 381:   0.2528  0.2498  0.2504  0.2470  1
 382:   0.2559  0.2496  0.2524  0.2422  1
 383:   0.2519  0.2532  0.2503  0.2445  1
 384:   0.2494  0.2504  0.2482  0.2520  1
 385:   0.2627  0.2456  0.2537  0.2380  1
 386:   0.2543  0.2499  0.2537  0.2421  1
 387:   0.2559  0.2533  0.2503  0.2406  1
 388:   0.2378  0.2576  0.2448  0.2598  1
 389:   0.2470  0.2536  0.2500  0.2494  1
 390:   0.2698  0.2402  0.2582  0.2318  1
 391:   0.2531  0.2472  0.2514  0.2483  1
 392:   0.2506  0.2470  0.2508  0.2516  1
 393:   0.2452  0.2526  0.2487  0.2535  1
 394:   0.2533  0.2496  0.2497  0.2474  1
 395:   0.2488  0.2472  0.2474  0.2566  1
 396:   0.2499  0.2477  0.2505  0.2519  1
 397:   0.2537  0.2489  0.2500  0.2474  1
 398:   0.2520  0.2460  0.2510  0.2510  1
 399:   0.2401  0.2502  0.2498  0.2599  1
 400:   0.2465  0.2521  0.2475  0.2539  1
 401:   0.2588  0.2404  0.2540  0.2468  1
 402:   0.2442  0.2460  0.2482  0.2616  1
 403:   0.2396  0.2547  0.2466  0.2591  1
 404:   0.2467  0.2557  0.2493  0.2483  1
 405:   0.2502  0.2500  0.2513  0.2485  1
 406:   0.2545  0.2515  0.2521  0.2419  1
 407:   0.2536  0.2518  0.2498  0.2448  1
 408:   0.2470  0.2528  0.2482  0.2520  1
 409:   0.2532  0.2508  0.2514  0.2446  1
 410:   0.2519  0.2501  0.2499  0.2481  1
 411:   0.2665  0.2387  0.2565  0.2383  1
 412:   0.2503  0.2499  0.2533  0.2466  1
 413:   0.2462  0.2506  0.2501  0.2531  1
 414:   0.2360  0.2490  0.2428  0.2722  1
 415:   0.2454  0.2546  0.2490  0.2510  1
 416:   0.2429  0.2549  0.2491  0.2531  1
 417:   0.2485  0.2527  0.2497  0.2491  1
 418:   0.2463  0.2513  0.2507  0.2517  1
 419:   0.2440  0.2519  0.2466  0.2575  1
 420:   0.2468  0.2522  0.2504  0.2506  1
 421:   0.2614  0.2488  0.2546  0.2352  1
 422:   0.2503  0.2515  0.2495  0.2487  1
 423:   0.2552  0.2470  0.2518  0.2460  1
 424:   0.2477  0.2483  0.2519  0.2521  1
 425:   0.2398  0.2532  0.2455  0.2614  1
 426:   0.2515  0.2498  0.2500  0.2487  1
 427:   0.2433  0.2552  0.2484  0.2531  1
 428:   0.2478  0.2464  0.2487  0.2571  1
 429:   0.2433  0.2588  0.2469  0.2510  1
 430:   0.2394  0.2515  0.2454  0.2637  1
 431:   0.2483  0.2497  0.2477  0.2544  1
 432:   0.2420  0.2522  0.2466  0.2592  1
 433:   0.2384  0.2523  0.2450  0.2643  1
 434:   0.2561  0.2486  0.2540  0.2413  1
 435:   0.2464  0.2491  0.2482  0.2563  1
 436:   0.2487  0.2582  0.2488  0.2443  1
 437:   0.2510  0.2530  0.2510  0.2450  1
 438:   0.2527  0.2467  0.2535  0.2471  1
 439:   0.2494  0.2504  0.2486  0.2516  1
 440:   0.2406  0.2530  0.2470  0.2594  1
 441:   0.2505  0.2491  0.2504  0.2501  1
 442:   0.2543  0.2472  0.2524  0.2461  1
 443:   0.2477  0.2559  0.2495  0.2469  1
 444:   0.2529  0.2459  0.2493  0.2519  1
 445:   0.2476  0.2518  0.2492  0.2513  1
 446:   0.2460  0.2476  0.2479  0.2584  1
 447:   0.2432  0.2515  0.2468  0.2585  1
 448:   0.2441  0.2543  0.2483  0.2533  1
 449:   0.2502  0.2512  0.2492  0.2494  1
 450:   0.2449  0.2494  0.2499  0.2558  1
 451:   0.2437  0.2535  0.2479  0.2549  1
 452:   0.2517  0.2545  0.2499  0.2440  1
 453:   0.2543  0.2464  0.2537  0.2456  1
 454:   0.2424  0.2551  0.2469  0.2556  1
 455:   0.2422  0.2551  0.2492  0.2535  1
 456:   0.2386  0.2589  0.2451  0.2575  1
 457:   0.2541  0.2478  0.2528  0.2453  1
 458:   0.2468  0.2546  0.2482  0.2504  1
 459:   0.2359  0.2481  0.2449  0.2711  1
 460:   0.2473  0.2492  0.2492  0.2544  1
 461:   0.2441  0.2468  0.2495  0.2597  1
 462:   0.2530  0.2536  0.2514  0.2420  1
 463:   0.2495  0.2491  0.2531  0.2483  1
 464:   0.2551  0.2499  0.2521  0.2429  1
 465:   0.2655  0.2416  0.2561  0.2368  1
 466:   0.2511  0.2500  0.2507  0.2483  1
 467:   0.2483  0.2474  0.2479  0.2565  1
 468:   0.2422  0.2565  0.2468  0.2545  1
 469:   0.2608  0.2404  0.2578  0.2410  1
 470:   0.2433  0.2543  0.2447  0.2577  1
 471:   0.2392  0.2596  0.2478  0.2534  1
 472:   0.2448  0.2504  0.2490  0.2558  1
 473:   0.2617  0.2462  0.2539  0.2382  1
 474:   0.2461  0.2561  0.2504  0.2474  1
 475:   0.2511  0.2535  0.2511  0.2444  1
 476:   0.2582  0.2447  0.2556  0.2415  1
 477:   0.2471  0.2551  0.2520  0.2457  1
 478:   0.2416  0.2533  0.2470  0.2581  1
 479:   0.2433  0.2513  0.2458  0.2596  1
 480:   0.2517  0.2521  0.2509  0.2453  1
 481:   0.2528  0.2471  0.2522  0.2479  1
 482:   0.2431  0.2558  0.2484  0.2527  1
 483:   0.2591  0.2445  0.2543  0.2421  1
 484:   0.2526  0.2508  0.2522  0.2444  1
 485:   0.2467  0.2521  0.2481  0.2531  1
 486:   0.2480  0.2516  0.2504  0.2500  1
 487:   0.2660  0.2468  0.2562  0.2310  1
 488:   0.2531  0.2545  0.2491  0.2433  1
 489:   0.2671  0.2372  0.2535  0.2422  1
 490:   0.2478  0.2518  0.2500  0.2504  1
 491:   0.2447  0.2559  0.2485  0.2509  1
 492:   0.2418  0.2510  0.2468  0.2604  1
 493:   0.2455  0.2577  0.2474  0.2494  1
 494:   0.2467  0.2471  0.2506  0.2556  1
 495:   0.2631  0.2472  0.2533  0.2364  1
 496:   0.2545  0.2492  0.2521  0.2442  1
 497:   0.2508  0.2488  0.2496  0.2508  1
 498:   0.2484  0.2524  0.2482  0.2510  1
 499:   0.2556  0.2492  0.2520  0.2432  1
 500:   0.2406  0.2526  0.2482  0.2586  1
 501:   0.2776  0.2382  0.2522  0.2320  1
 502:   0.2534  0.2448  0.2497  0.2521  1
 503:   0.2679  0.2400  0.2557  0.2364  1
 504:   0.2468  0.2541  0.2497  0.2494  1
 505:   0.2573  0.2505  0.2519  0.2403  1
 506:   0.2559  0.2457  0.2515  0.2469  1
 507:   0.2539  0.2494  0.2531  0.2436  1
 508:   0.2481  0.2531  0.2499  0.2489  1
 509:   0.2562  0.2466  0.2516  0.2456  1
 510:   0.2412  0.2516  0.2462  0.2610  1
 511:   0.2510  0.2503  0.2509  0.2478  1
 512:   0.2565  0.2535  0.2514  0.2386  1
 513:   0.2492  0.2519  0.2499  0.2490  1
 514:   0.2406  0.2564  0.2444  0.2586  1
 515:   0.2522  0.2492  0.2495  0.2492  1
 516:   0.2494  0.2525  0.2519  0.2463  1
 517:   0.2450  0.2560  0.2478  0.2512  1
 518:   0.2531  0.2509  0.2501  0.2458  1
 519:   0.2536  0.2468  0.2525  0.2470  1
 520:   0.2551  0.2501  0.2503  0.2445  1
 521:   0.2653  0.2438  0.2549  0.2360  1
 522:   0.2523  0.2454  0.2505  0.2518  1
 523:   0.2498  0.2494  0.2514  0.2494  1
 524:   0.2582  0.2513  0.2521  0.2383  1
 525:   0.2562  0.2400  0.2542  0.2496  1
 526:   0.2557  0.2511  0.2515  0.2417  1
 527:   0.2558  0.2463  0.2549  0.2430  1
 528:   0.2503  0.2493  0.2516  0.2488  1
 529:   0.2474  0.2521  0.2475  0.2530  1
 530:   0.2455  0.2489  0.2479  0.2577  1
 531:   0.2414  0.2555  0.2464  0.2567  1
 532:   0.2490  0.2478  0.2498  0.2534  1
 533:   0.2551  0.2450  0.2516  0.2483  1
 534:   0.2457  0.2491  0.2486  0.2566  1
 535:   0.2527  0.2468  0.2494  0.2511  1
 536:   0.2404  0.2481  0.2454  0.2661  1
 537:   0.2569  0.2480  0.2511  0.2440  1
 538:   0.2440  0.2573  0.2475  0.2512  1
 539:   0.2466  0.2506  0.2474  0.2554  1
 540:   0.2568  0.2485  0.2536  0.2411  1
 541:   0.2446  0.2494  0.2460  0.2600  1
 542:   0.2500  0.2480  0.2482  0.2538  1
 543:   0.2605  0.2378  0.2531  0.2485  1
 544:   0.2521  0.2544  0.2523  0.2412  1
 545:   0.2521  0.2519  0.2487  0.2473  1
 546:   0.2530  0.2521  0.2504  0.2445  1
 547:   0.2548  0.2474  0.2508  0.2470  1
 548:   0.2450  0.2541  0.2476  0.2533  1
 549:   0.2488  0.2518  0.2480  0.2514  1
 550:   0.2442  0.2537  0.2469  0.2553  1
 551:   0.2667  0.2397  0.2533  0.2403  1
 552:   0.2535  0.2505  0.2490  0.2469  1
 553:   0.2619  0.2469  0.2533  0.2378  1
 554:   0.2402  0.2522  0.2477  0.2599  1
 555:   0.2501  0.2480  0.2492  0.2527  1
 556:   0.2507  0.2501  0.2505  0.2486  1
 557:   0.2498  0.2553  0.2504  0.2445  1
 558:   0.2530  0.2498  0.2536  0.2436  1
 559:   0.2526  0.2452  0.2519  0.2504  1
 560:   0.2513  0.2529  0.2505  0.2453  1
 561:   0.2431  0.2501  0.2477  0.2592  1
 562:   0.2426  0.2631  0.2463  0.2480  1
 563:   0.2457  0.2584  0.2486  0.2473  1
 564:   0.2432  0.2552  0.2492  0.2524  1
 565:   0.2481  0.2480  0.2499  0.2541  1
 566:   0.2363  0.2477  0.2469  0.2690  1
 567:   0.2400  0.2515  0.2480  0.2605  1
 568:   0.2632  0.2414  0.2546  0.2408  1
 569:   0.2425  0.2527  0.2465  0.2583  1
 570:   0.2696  0.2421  0.2550  0.2333  1
 571:   0.2358  0.2524  0.2452  0.2665  1
 572:   0.2440  0.2525  0.2466  0.2569  1
 573:   0.2574  0.2482  0.2532  0.2412  1
 574:   0.2504  0.2479  0.2512  0.2505  1
 575:   0.2504  0.2514  0.2492  0.2490  1
 576:   0.2527  0.2495  0.2514  0.2465  1
 577:   0.2510  0.2535  0.2522  0.2433  1
 578:   0.2516  0.2482  0.2482  0.2520  1
 579:   0.2573  0.2430  0.2501  0.2497  1
 580:   0.2376  0.2504  0.2432  0.2688  1
 581:   0.2528  0.2506  0.2488  0.2478  1
 582:   0.2424  0.2558  0.2472  0.2546  1
 583:   0.2390  0.2528  0.2476  0.2607  1
 584:   0.2574  0.2444  0.2530  0.2452  1
 585:   0.2332  0.2520  0.2436  0.2711  1
 586:   0.2505  0.2561  0.2509  0.2425  1
 587:   0.2381  0.2511  0.2449  0.2659  1
 588:   0.2500  0.2488  0.2498  0.2514  1
 589:   0.2437  0.2487  0.2463  0.2613  1
 590:   0.2426  0.2560  0.2480  0.2534  1
 591:   0.2434  0.2507  0.2446  0.2613  1
 592:   0.2398  0.2540  0.2445  0.2617  1
 593:   0.2483  0.2544  0.2493  0.2480  1
 594:   0.2491  0.2549  0.2483  0.2477  1
 595:   0.2464  0.2519  0.2502  0.2515  1
 596:   0.2622  0.2460  0.2518  0.2400  1
 597:   0.2535  0.2509  0.2511  0.2445  1
 598:   0.2306  0.2509  0.2414  0.2771  1
 599:   0.2578  0.2426  0.2530  0.2466  1
 600:   0.2452  0.2515  0.2509  0.2523  1
 601:   0.2526  0.2493  0.2549  0.2432  1
 602:   0.2534  0.2450  0.2506  0.2510  1
 603:   0.2444  0.2533  0.2486  0.2537  1
 604:   0.2562  0.2466  0.2538  0.2434  1
 605:   0.2591  0.2460  0.2555  0.2394  1
 606:   0.2470  0.2525  0.2472  0.2533  1
 607:   0.2610  0.2510  0.2530  0.2350  1
 608:   0.2563  0.2482  0.2521  0.2433  1
 609:   0.2505  0.2466  0.2511  0.2518  1
 610:   0.2521  0.2497  0.2493  0.2489  1
 611:   0.2577  0.2497  0.2522  0.2404  1
 612:   0.2463  0.2513  0.2498  0.2526  1
 613:   0.2426  0.2530  0.2460  0.2584  1
 614:   0.2493  0.2520  0.2502  0.2486  1
 615:   0.2408  0.2551  0.2467  0.2574  1
 616:   0.2440  0.2564  0.2470  0.2526  1
 617:   0.2503  0.2499  0.2501  0.2497  1
 618:   0.2543  0.2454  0.2532  0.2471  1
 619:   0.2605  0.2440  0.2518  0.2438  1
 620:   0.2546  0.2481  0.2512  0.2462  1
 621:   0.2525  0.2499  0.2519  0.2457  1
 622:   0.2618  0.2437  0.2523  0.2422  1
 623:   0.2465  0.2501  0.2490  0.2544  1
 624:   0.2567  0.2499  0.2525  0.2409  1
 625:   0.2411  0.2459  0.2463  0.2667  1
 626:   0.2403  0.2440  0.2491  0.2666  1
 627:   0.2555  0.2464  0.2517  0.2464  1
 628:   0.2537  0.2482  0.2539  0.2442  1
 629:   0.2525  0.2462  0.2526  0.2487  1
 630:   0.2519  0.2541  0.2486  0.2454  1
 631:   0.2588  0.2446  0.2526  0.2440  1
 632:   0.2362  0.2540  0.2448  0.2650  1
 633:   0.2424  0.2604  0.2474  0.2498  1
 634:   0.2490  0.2487  0.2507  0.2516  1
 635:   0.2651  0.2450  0.2544  0.2355  1
 636:   0.2523  0.2501  0.2515  0.2460  1
 637:   0.2404  0.2520  0.2475  0.2601  1
 638:   0.2458  0.2539  0.2496  0.2507  1
 639:   0.2492  0.2508  0.2512  0.2488  1
 640:   0.2483  0.2467  0.2487  0.2563  1
 641:   0.2543  0.2473  0.2511  0.2473  1
 642:   0.2522  0.2454  0.2515  0.2509  1
 643:   0.2412  0.2522  0.2452  0.2614  1
 644:   0.2502  0.2491  0.2504  0.2503  1
 645:   0.2569  0.2501  0.2519  0.2411  1
 646:   0.2558  0.2498  0.2504  0.2440  1
 647:   0.2528  0.2434  0.2529  0.2508  1
 648:   0.2489  0.2483  0.2499  0.2529  1
 649:   0.2536  0.2480  0.2524  0.2460  1
 650:   0.2496  0.2532  0.2496  0.2476  1
 651:   0.2450  0.2518  0.2480  0.2553  1
 652:   0.2486  0.2528  0.2500  0.2486  1
 653:   0.2524  0.2500  0.2492  0.2484  1
 654:   0.2457  0.2523  0.2471  0.2549  1
 655:   0.2452  0.2508  0.2478  0.2562  1
 656:   0.2537  0.2497  0.2535  0.2431  1
 657:   0.2533  0.2472  0.2513  0.2482  1
 658:   0.2492  0.2507  0.2488  0.2513  1
 659:   0.2471  0.2494  0.2481  0.2554  1
 660:   0.2486  0.2535  0.2490  0.2489  1
 661:   0.2504  0.2515  0.2474  0.2508  1
 662:   0.2559  0.2485  0.2511  0.2445  1
 663:   0.2507  0.2484  0.2496  0.2513  1
 664:   0.2368  0.2542  0.2452  0.2638  1
 665:   0.2432  0.2504  0.2472  0.2593  1
 666:   0.2535  0.2499  0.2515  0.2451  1
 667:   0.2495  0.2510  0.2492  0.2503  1
 668:   0.2552  0.2470  0.2502  0.2476  1
 669:   0.2456  0.2571  0.2507  0.2466  1
 670:   0.2517  0.2513  0.2490  0.2480  1
 671:   0.2634  0.2409  0.2570  0.2387  1
 672:   0.2450  0.2497  0.2494  0.2559  1
 673:   0.2538  0.2470  0.2514  0.2478  1
 674:   0.2404  0.2534  0.2474  0.2589  1
 675:   0.2647  0.2419  0.2515  0.2419  1
 676:   0.2488  0.2503  0.2503  0.2506  1
 677:   0.2449  0.2480  0.2472  0.2599  1
 678:   0.2406  0.2547  0.2469  0.2578  1
 679:   0.2557  0.2462  0.2511  0.2470  1
 680:   0.2516  0.2510  0.2527  0.2447  1
 681:   0.2462  0.2492  0.2504  0.2542  1
 682:   0.2444  0.2604  0.2480  0.2472  1
 683:   0.2416  0.2540  0.2478  0.2566  1
 684:   0.2464  0.2526  0.2514  0.2496  1
 685:   0.2386  0.2510  0.2462  0.2643  1
 686:   0.2446  0.2519  0.2478  0.2557  1
 687:   0.2443  0.2501  0.2487  0.2569  1
 688:   0.2407  0.2485  0.2447  0.2661  1
 689:   0.2420  0.2557  0.2489  0.2534  1
 690:   0.2522  0.2484  0.2514  0.2480  1
 691:   0.2432  0.2547  0.2484  0.2537  1
 692:   0.2501  0.2546  0.2488  0.2465  1
 693:   0.2462  0.2569  0.2490  0.2478  1
 694:   0.2511  0.2529  0.2495  0.2466  1
 695:   0.2657  0.2436  0.2567  0.2340  1
 696:   0.2529  0.2478  0.2534  0.2459  1
 697:   0.2675  0.2413  0.2573  0.2339  1
 698:   0.2486  0.2538  0.2510  0.2466  1
 699:   0.2593  0.2436  0.2523  0.2448  1
 700:   0.2501  0.2506  0.2520  0.2473  1
 701:   0.2548  0.2456  0.2514  0.2482  1
 702:   0.2576  0.2522  0.2512  0.2390  1
 703:   0.2538  0.2499  0.2526  0.2437  1
 704:   0.2450  0.2446  0.2468  0.2637  1
 705:   0.2457  0.2507  0.2467  0.2569  1
 706:   0.2463  0.2505  0.2487  0.2545  1
 707:   0.2404  0.2597  0.2452  0.2547  1
 708:   0.2545  0.2460  0.2528  0.2467  1
 709:   0.2595  0.2446  0.2521  0.2438  1
 710:   0.2470  0.2525  0.2477  0.2527  1
 711:   0.2482  0.2533  0.2478  0.2507  1
 712:   0.2452  0.2544  0.2482  0.2522  1
 713:   0.2467  0.2539  0.2491  0.2503  1
 714:   0.2573  0.2511  0.2527  0.2389  1
 715:   0.2444  0.2487  0.2508  0.2561  1
 716:   0.2428  0.2567  0.2478  0.2527  1
 717:   0.2550  0.2452  0.2520  0.2478  1
 718:   0.2641  0.2434  0.2537  0.2388  1
 719:   0.2440  0.2506  0.2506  0.2548  1
 720:   0.2422  0.2516  0.2479  0.2583  1
 721:   0.2674  0.2448  0.2556  0.2322  1
 722:   0.2455  0.2576  0.2479  0.2490  1
 723:   0.2617  0.2410  0.2574  0.2400  1
 724:   0.2557  0.2474  0.2517  0.2452  1
 725:   0.2592  0.2468  0.2550  0.2390  1
 726:   0.2452  0.2512  0.2486  0.2550  1
 727:   0.2512  0.2491  0.2506  0.2491  1
 728:   0.2468  0.2592  0.2482  0.2458  1
 729:   0.2447  0.2507  0.2477  0.2569  1
 730:   0.2447  0.2446  0.2505  0.2602  1
 731:   0.2596  0.2436  0.2546  0.2422  1
 732:   0.2420  0.2547  0.2475  0.2557  1
 733:   0.2426  0.2557  0.2470  0.2547  1
 734:   0.2416  0.2545  0.2490  0.2549  1
 735:   0.2473  0.2556  0.2511  0.2460  1
 736:   0.2462  0.2519  0.2484  0.2535  1
 737:   0.2462  0.2516  0.2506  0.2516  1
 738:   0.2646  0.2401  0.2552  0.2401  1
 739:   0.2478  0.2531  0.2486  0.2506  1
 740:   0.2559  0.2471  0.2541  0.2429  1
 741:   0.2563  0.2480  0.2531  0.2426  1
 742:   0.2530  0.2530  0.2514  0.2426  1
 743:   0.2469  0.2536  0.2489  0.2507  1
 744:   0.2489  0.2495  0.2519  0.2497  1
 745:   0.2486  0.2528  0.2498  0.2488  1
 746:   0.2444  0.2560  0.2476  0.2520  1
 747:   0.2408  0.2534  0.2466  0.2592  1
 748:   0.2520  0.2529  0.2497  0.2454  1
 749:   0.2595  0.2411  0.2531  0.2463  1
 750:   0.2474  0.2482  0.2490  0.2554  1
 751:   0.2603  0.2456  0.2558  0.2384  1
 752:   0.2489  0.2539  0.2503  0.2469  1
 753:   0.2523  0.2465  0.2499  0.2513  1
 754:   0.2629  0.2421  0.2563  0.2387  1
 755:   0.2499  0.2492  0.2515  0.2495  1
 756:   0.2456  0.2529  0.2489  0.2527  1
 757:   0.2490  0.2511  0.2511  0.2488  1
 758:   0.2431  0.2509  0.2461  0.2599  1
 759:   0.2478  0.2536  0.2470  0.2516  1
 760:   0.2453  0.2511  0.2483  0.2553  1
 761:   0.2421  0.2528  0.2459  0.2592  1
 762:   0.2562  0.2424  0.2522  0.2492  1
 763:   0.2461  0.2461  0.2489  0.2589  1
 764:   0.2458  0.2546  0.2482  0.2514  1
 765:   0.2582  0.2465  0.2528  0.2425  1
 766:   0.2480  0.2496  0.2510  0.2514  1
 767:   0.2504  0.2538  0.2498  0.2460  1
 768:   0.2508  0.2472  0.2504  0.2516  1
 769:   0.2552  0.2554  0.2508  0.2386  1
 770:   0.2416  0.2564  0.2462  0.2558  1
 771:   0.2456  0.2553  0.2503  0.2488  1
 772:   0.2380  0.2493  0.2450  0.2676  1
 773:   0.2543  0.2455  0.2511  0.2491  1
 774:   0.2492  0.2444  0.2493  0.2571  1
 775:   0.2433  0.2559  0.2494  0.2514  1
 776:   0.2609  0.2427  0.2577  0.2387  1
 777:   0.2430  0.2502  0.2481  0.2587  1
 778:   0.2408  0.2468  0.2482  0.2642  1
 779:   0.2408  0.2543  0.2471  0.2579  1
 780:   0.2598  0.2415  0.2517  0.2470  1
 781:   0.2378  0.2492  0.2444  0.2687  1
 782:   0.2452  0.2535  0.2486  0.2527  1
 783:   0.2531  0.2478  0.2515  0.2477  1
 784:   0.2541  0.2468  0.2513  0.2478  1
 785:   0.2414  0.2513  0.2483  0.2589  1
 786:   0.2491  0.2528  0.2501  0.2480  1
 787:   0.2452  0.2537  0.2468  0.2544  1
 788:   0.2718  0.2404  0.2536  0.2342  1
 789:   0.2544  0.2464  0.2521  0.2470  1
 790:   0.2548  0.2537  0.2504  0.2412  1
 791:   0.2485  0.2561  0.2489  0.2465  1
 792:   0.2504  0.2540  0.2496  0.2460  1
 793:   0.2520  0.2506  0.2520  0.2454  1
 794:   0.2429  0.2472  0.2481  0.2618  1
 795:   0.2495  0.2518  0.2500  0.2486  1
 796:   0.2384  0.2517  0.2456  0.2643  1
 797:   0.2603  0.2428  0.2532  0.2436  1
 798:   0.2597  0.2463  0.2519  0.2420  1
 799:   0.2608  0.2466  0.2528  0.2398  1
 800:   0.2452  0.2520  0.2488  0.2540  1
 801:   0.2424  0.2532  0.2474  0.2570  1
 802:   0.2549  0.2502  0.2529  0.2420  1
 803:   0.2416  0.2528  0.2479  0.2576  1
 804:   0.2436  0.2473  0.2504  0.2587  1
 805:   0.2627  0.2451  0.2555  0.2367  1
 806:   0.2559  0.2483  0.2507  0.2450  1
 807:   0.2450  0.2464  0.2498  0.2588  1
 808:   0.2484  0.2524  0.2508  0.2484  1
 809:   0.2504  0.2474  0.2516  0.2505  1
 810:   0.2399  0.2557  0.2471  0.2573  1
 811:   0.2438  0.2551  0.2490  0.2521  1
 812:   0.2449  0.2495  0.2493  0.2563  1
 813:   0.2368  0.2580  0.2456  0.2596  1
 814:   0.2397  0.2519  0.2465  0.2619  1
 815:   0.2536  0.2430  0.2514  0.2520  1
 816:   0.2487  0.2492  0.2491  0.2531  1
 817:   0.2543  0.2478  0.2517  0.2462  1
 818:   0.2559  0.2477  0.2527  0.2437  1
 819:   0.2577  0.2469  0.2523  0.2431  1
 820:   0.2407  0.2467  0.2465  0.2661  1
 821:   0.2496  0.2584  0.2488  0.2432  1
 822:   0.2486  0.2522  0.2498  0.2494  1
 823:   0.2424  0.2551  0.2470  0.2555  1
 824:   0.2524  0.2500  0.2498  0.2478  1
 825:   0.2469  0.2513  0.2511  0.2507  1
 826:   0.2617  0.2466  0.2520  0.2398  1
 827:   0.2438  0.2540  0.2492  0.2530  1
 828:   0.2604  0.2404  0.2508  0.2484  1
 829:   0.2415  0.2507  0.2495  0.2583  1
 830:   0.2591  0.2457  0.2521  0.2431  1
 831:   0.2472  0.2482  0.2522  0.2524  1
 832:   0.2484  0.2535  0.2502  0.2479  1
 833:   0.2515  0.2480  0.2536  0.2468  1
 834:   0.2382  0.2532  0.2450  0.2636  1
 835:   0.2506  0.2532  0.2508  0.2454  1
 836:   0.2414  0.2548  0.2478  0.2560  1
 837:   0.2457  0.2541  0.2491  0.2511  1
 838:   0.2400  0.2508  0.2474  0.2617  1
 839:   0.2507  0.2517  0.2513  0.2463  1
 840:   0.2476  0.2534  0.2496  0.2494  1
 841:   0.2430  0.2551  0.2488  0.2531  1
 842:   0.2595  0.2466  0.2514  0.2425  1
 843:   0.2389  0.2526  0.2471  0.2614  1
 844:   0.2497  0.2468  0.2500  0.2535  1
 845:   0.2413  0.2521  0.2459  0.2607  1
 846:   0.2497  0.2508  0.2497  0.2497  1
 847:   0.2525  0.2571  0.2511  0.2393  1
 848:   0.2593  0.2426  0.2521  0.2460  1
 849:   0.2591  0.2487  0.2531  0.2391  1
 850:   0.2428  0.2490  0.2486  0.2596  1
 851:   0.2504  0.2496  0.2500  0.2500  1
 852:   0.2613  0.2482  0.2549  0.2356  1
 853:   0.2536  0.2540  0.2514  0.2410  1
 854:   0.2537  0.2522  0.2517  0.2424  1
 855:   0.2535  0.2516  0.2495  0.2454  1
 856:   0.2484  0.2522  0.2486  0.2508  1
 857:   0.2489  0.2503  0.2511  0.2497  1
 858:   0.2568  0.2458  0.2530  0.2444  1
 859:   0.2514  0.2536  0.2508  0.2442  1
 860:   0.2542  0.2470  0.2513  0.2476  1
 861:   0.2476  0.2576  0.2486  0.2462  1
 862:   0.2773  0.2338  0.2559  0.2330  1
 863:   0.2441  0.2523  0.2481  0.2555  1
 864:   0.2505  0.2537  0.2490  0.2468  1
 865:   0.2366  0.2526  0.2452  0.2656  1
 866:   0.2646  0.2418  0.2552  0.2384  1
 867:   0.2507  0.2473  0.2517  0.2503  1
 868:   0.2460  0.2482  0.2492  0.2565  1
 869:   0.2483  0.2547  0.2488  0.2483  1
 870:   0.2501  0.2470  0.2498  0.2531  1
 871:   0.2488  0.2534  0.2494  0.2484  1
 872:   0.2542  0.2530  0.2498  0.2430  1
 873:   0.2447  0.2537  0.2473  0.2543  1
 874:   0.2544  0.2462  0.2520  0.2474  1
 875:   0.2604  0.2416  0.2540  0.2440  1
 876:   0.2511  0.2509  0.2499  0.2481  1
 877:   0.2495  0.2489  0.2523  0.2493  1
 878:   0.2468  0.2502  0.2504  0.2526  1
 879:   0.2555  0.2450  0.2522  0.2474  1
 880:   0.2438  0.2531  0.2481  0.2550  1
 881:   0.2471  0.2529  0.2487  0.2513  1
 882:   0.2605  0.2497  0.2539  0.2359  1
 883:   0.2497  0.2446  0.2481  0.2576  1
 884:   0.2528  0.2540  0.2514  0.2418  1
 885:   0.2430  0.2597  0.2468  0.2505  1
 886:   0.2680  0.2376  0.2570  0.2374  1
 887:   0.2586  0.2490  0.2524  0.2400  1
 888:   0.2438  0.2588  0.2478  0.2496  1
 889:   0.2536  0.2510  0.2518  0.2436  1
 890:   0.2454  0.2510  0.2465  0.2571  1
 891:   0.2390  0.2507  0.2456  0.2647  1
 892:   0.2458  0.2533  0.2474  0.2535  1
 893:   0.2432  0.2504  0.2489  0.2575  1
 894:   0.2649  0.2432  0.2543  0.2376  1
 895:   0.2449  0.2511  0.2479  0.2561  1
 896:   0.2397  0.2563  0.2461  0.2579  1
 897:   0.2481  0.2559  0.2492  0.2468  1
 898:   0.2499  0.2536  0.2502  0.2463  1
 899:   0.2436  0.2530  0.2492  0.2542  1
 900:   0.2431  0.2529  0.2473  0.2567  1
 901:   0.2400  0.2528  0.2472  0.2600  1
 902:   0.2536  0.2535  0.2512  0.2418  1
 903:   0.2556  0.2522  0.2500  0.2422  1
 904:   0.2443  0.2527  0.2479  0.2551  1
 905:   0.2525  0.2498  0.2521  0.2456  1
 906:   0.2568  0.2470  0.2518  0.2444  1
 907:   0.2548  0.2492  0.2512  0.2448  1
 908:   0.2442  0.2494  0.2520  0.2544  1
 909:   0.2474  0.2466  0.2490  0.2570  1
 910:   0.2492  0.2553  0.2488  0.2467  1
 911:   0.2536  0.2453  0.2512  0.2498  1
 912:   0.2508  0.2526  0.2494  0.2472  1
 913:   0.2656  0.2441  0.2513  0.2389  1
 914:   0.2499  0.2543  0.2487  0.2472  1
 915:   0.2486  0.2529  0.2490  0.2495  1
 916:   0.2376  0.2522  0.2438  0.2663  1
 917:   0.2444  0.2529  0.2479  0.2549  1
 918:   0.2535  0.2512  0.2510  0.2442  1
 919:   0.2658  0.2450  0.2574  0.2318  1
 920:   0.2462  0.2490  0.2490  0.2558  1
 921:   0.2531  0.2486  0.2527  0.2456  1
 922:   0.2501  0.2546  0.2501  0.2452  1
 923:   0.2482  0.2520  0.2478  0.2520  1
 924:   0.2417  0.2542  0.2473  0.2568  1
 925:   0.2591  0.2502  0.2520  0.2388  1
 926:   0.2530  0.2516  0.2520  0.2434  1
 927:   0.2470  0.2519  0.2470  0.2541  1
 928:   0.2442  0.2506  0.2506  0.2546  1
 929:   0.2507  0.2509  0.2511  0.2474  1
 930:   0.2368  0.2567  0.2436  0.2629  1
 931:   0.2432  0.2535  0.2476  0.2557  1
 932:   0.2424  0.2561  0.2484  0.2531  1
 933:   0.2516  0.2502  0.2489  0.2493  1
 934:   0.2440  0.2506  0.2480  0.2573  1
 935:   0.2458  0.2492  0.2480  0.2570  1
 936:   0.2519  0.2518  0.2509  0.2454  1
 937:   0.2615  0.2442  0.2534  0.2408  1
 938:   0.2529  0.2455  0.2527  0.2489  1
 939:   0.2382  0.2531  0.2473  0.2615  1
 940:   0.2592  0.2484  0.2526  0.2398  1
 941:   0.2436  0.2603  0.2475  0.2486  1
 942:   0.2450  0.2559  0.2475  0.2516  1
 943:   0.2503  0.2558  0.2497  0.2442  1
 944:   0.2612  0.2439  0.2499  0.2450  1
 945:   0.2354  0.2579  0.2440  0.2627  1
 946:   0.2656  0.2404  0.2560  0.2380  1
 947:   0.2544  0.2495  0.2524  0.2437  1
 948:   0.2462  0.2582  0.2478  0.2478  1
 949:   0.2434  0.2512  0.2470  0.2584  1
 950:   0.2573  0.2504  0.2536  0.2388  1
 951:   0.2535  0.2472  0.2528  0.2465  1
 952:   0.2509  0.2499  0.2485  0.2507  1
