           1  1 0.0877 0.4543 0.4580 
           2  1 0.0234 0.5560 0.4207 
           3  1 0.0305 0.5058 0.4637 
           4  1 0.0160 0.5437 0.4403 
           5  1 0.0310 0.4945 0.4745 
           6  1 0.5079 0.2480 0.2441 
           7  1 0.0544 0.5160 0.4296 
           8  1 0.0176 0.5516 0.4308 
           9  1 0.4872 0.2773 0.2356 
          10  1 0.0346 0.4757 0.4897 
          11  1 0.4334 0.3033 0.2633 
          12  1 0.0566 0.5305 0.4129 
          13  1 0.5566 0.2262 0.2172 
          14  1 0.1338 0.4298 0.4364 
          15  1 0.0500 0.5176 0.4324 
          16  1 0.0648 0.5324 0.4028 
          17  1 0.0219 0.4797 0.4984 
          18  1 0.4043 0.2893 0.3064 
          19  1 0.0388 0.4974 0.4637 
          20  1 0.0528 0.5192 0.4280 
          21  1 0.1158 0.4355 0.4487 
          22  1 0.0357 0.5461 0.4182 
          23  1 0.0254 0.4999 0.4746 
          24  1 0.1009 0.4497 0.4495 
          25  1 0.0272 0.5009 0.4719 
          26  1 0.2187 0.3895 0.3918 
          27  1 0.0426 0.5197 0.4377 
          28  1 0.0583 0.4562 0.4854 
          29  1 0.0569 0.4435 0.4996 
          30  1 0.2387 0.3835 0.3778 
          31  1 0.0916 0.3916 0.5167 
          32  1 0.0423 0.4790 0.4788 
          33  1 0.0476 0.4602 0.4921 
          34  1 0.0535 0.4745 0.4719 
          35  1 0.0324 0.4110 0.5566 
          36  1 0.4973 0.2471 0.2557 
          37  1 0.0214 0.5217 0.4569 
          38  1 0.1105 0.4399 0.4496 
          39  1 0.0995 0.4906 0.4099 
          40  1 0.0392 0.4060 0.5548 
          41  1 0.6404 0.1706 0.1890 
          42  1 0.1261 0.4185 0.4554 
          43  1 0.0318 0.4836 0.4846 
          44  1 0.0417 0.4470 0.5113 
          45  1 0.0455 0.4773 0.4772 
          46  1 0.0430 0.4567 0.5002 
          47  1 0.0923 0.4570 0.4507 
          48  1 0.0497 0.5206 0.4297 
          49  1 0.0778 0.4727 0.4494 
          50  1 0.0585 0.4985 0.4430 
          51  1 0.1209 0.4521 0.4270 
          52  1 0.0265 0.5441 0.4294 
          53  1 0.0675 0.4612 0.4713 
          54  1 0.4291 0.2999 0.2711 
          55  1 0.0434 0.4550 0.5016 
          56  1 0.0779 0.5187 0.4034 
          57  1 0.0686 0.4306 0.5008 
          58  1 0.0299 0.4682 0.5019 
          59  1 0.1220 0.4473 0.4307 
          60  1 0.0192 0.4180 0.5628 
          61  1 0.2260 0.3612 0.4128 
          62  1 0.0448 0.4743 0.4809 
          63  1 0.0242 0.4960 0.4797 
          64  1 0.0381 0.5346 0.4273 
          65  1 0.1587 0.3673 0.4740 
          66  1 0.0415 0.4525 0.5060 
          67  1 0.8394 0.0857 0.0749 
          68  1 0.0582 0.4500 0.4919 
          69  1 0.0244 0.4483 0.5273 
          70  1 0.0360 0.4255 0.5385 
          71  1 0.0679 0.4963 0.4358 
          72  1 0.3078 0.3837 0.3085 
          73  1 0.0625 0.4874 0.4501 
          74  1 0.0231 0.4971 0.4798 
          75  1 0.1958 0.4061 0.3981 
          76  1 0.0391 0.5131 0.4479 
          77  1 0.0168 0.4526 0.5306 
          78  1 0.0330 0.5425 0.4245 
          79  1 0.0192 0.5544 0.4264 
          80  1 0.0244 0.5038 0.4718 
          81  1 0.1216 0.4563 0.4222 
          82  1 0.0660 0.4973 0.4367 
          83  1 0.0864 0.4512 0.4624 
          84  1 0.0490 0.5113 0.4396 
          85  1 0.0271 0.5176 0.4552 
          86  1 0.0521 0.5150 0.4329 
          87  1 0.1353 0.4778 0.3869 
          88  1 0.0328 0.4936 0.4736 
          89  1 0.0412 0.5317 0.4272 
          90  1 0.0492 0.4126 0.5383 
          91  1 0.0300 0.4680 0.5019 
          92  1 0.0398 0.4308 0.5294 
          93  1 0.0868 0.5049 0.4083 
          94  1 0.0258 0.5228 0.4514 
          95  1 0.0315 0.4981 0.4705 
          96  1 0.4991 0.2444 0.2565 
          97  1 0.0236 0.5057 0.4707 
          98  1 0.0541 0.4480 0.4979 
          99  1 0.0454 0.4276 0.5271 
         100  1 0.0474 0.4423 0.5103 
         101  1 0.0220 0.5560 0.4219 
         102  1 0.0177 0.5093 0.4730 
         103  1 0.0209 0.5439 0.4352 
         104  1 0.0255 0.5095 0.4650 
         105  1 0.2915 0.3491 0.3593 
         106  1 0.0176 0.4801 0.5023 
         107  1 0.2715 0.3350 0.3935 
         108  1 0.0380 0.4843 0.4776 
         109  1 0.0188 0.4970 0.4842 
         110  1 0.0168 0.5215 0.4616 
         111  1 0.0455 0.5140 0.4405 
         112  1 0.0398 0.4659 0.4943 
         113  1 0.0214 0.5270 0.4517 
         114  1 0.2339 0.4091 0.3569 
         115  1 0.0561 0.4397 0.5042 
         116  1 0.0470 0.4494 0.5036 
         117  1 0.0530 0.4496 0.4974 
         118  1 0.0215 0.4732 0.5053 
         119  1 0.2412 0.3622 0.3966 
         120  1 0.0697 0.5033 0.4270 
         121  1 0.0300 0.4707 0.4993 
         122  1 0.1093 0.4526 0.4381 
         123  1 0.3004 0.3619 0.3377 
         124  1 0.0468 0.4916 0.4616 
         125  1 0.0221 0.5243 0.4536 
         126  1 0.2070 0.4213 0.3716 
         127  1 0.0666 0.4401 0.4933 
         128  1 0.0516 0.4262 0.5222 
         129  1 0.1083 0.4660 0.4257 
         130  1 0.8750 0.0639 0.0611 
         131  1 0.0313 0.4779 0.4907 
         132  1 0.0377 0.4513 0.5110 
         133  1 0.1161 0.4196 0.4643 
         134  1 0.0370 0.5035 0.4594 
         135  1 0.0292 0.5038 0.4671 
         136  1 0.0593 0.3882 0.5525 
         137  1 0.0861 0.4409 0.4730 
         138  1 0.1375 0.4072 0.4553 
         139  1 0.0417 0.4440 0.5144 
         140  1 0.3294 0.3125 0.3581 
         141  1 0.9001 0.0489 0.0510 
         142  1 0.0523 0.4654 0.4823 
         143  1 0.7500 0.1334 0.1167 
         144  1 0.0312 0.4793 0.4895 
         145  1 0.0564 0.4831 0.4604 
         146  1 0.0665 0.4602 0.4734 
         147  1 0.2041 0.3918 0.4041 
         148  1 0.0360 0.4970 0.4669 
         149  1 0.1086 0.4623 0.4291 
         150  1 0.0169 0.4749 0.5081 
         151  1 0.0441 0.4189 0.5370 
         152  1 0.0640 0.4550 0.4811 
         153  1 0.2319 0.3559 0.4122 
         154  1 0.0213 0.4047 0.5740 
         155  1 0.0401 0.4643 0.4956 
         156  1 0.1049 0.4616 0.4334 
         157  1 0.0438 0.5001 0.4561 
         158  1 0.0534 0.4825 0.4641 
         159  1 0.0231 0.4126 0.5644 
         160  1 0.0643 0.4360 0.4997 
         161  1 0.0296 0.4025 0.5679 
         162  1 0.0689 0.4611 0.4701 
         163  1 0.0465 0.4625 0.4910 
         164  1 0.0232 0.5012 0.4756 
         165  1 0.0329 0.5204 0.4467 
         166  1 0.1885 0.4164 0.3952 
         167  1 0.0306 0.4666 0.5028 
         168  1 0.0437 0.4651 0.4912 
         169  1 0.1101 0.4136 0.4763 
         170  1 0.2571 0.3628 0.3801 
         171  1 0.0482 0.4596 0.4921 
         172  1 0.2137 0.3718 0.4145 
         173  1 0.0329 0.4837 0.4834 
         174  1 0.0228 0.4637 0.5135 
         175  1 0.1026 0.4169 0.4805 
         176  1 0.1064 0.3992 0.4944 
         177  1 0.9344 0.0338 0.0317 
         178  1 0.8485 0.0807 0.0708 
         179  1 0.8485 0.0706 0.0809 
         180  1 0.0414 0.5330 0.4256 
         181  1 0.9056 0.0441 0.0503 
         182  1 0.9018 0.0507 0.0475 
         183  1 0.7100 0.1337 0.1564 
         184  1 0.7434 0.1244 0.1322 
         185  1 0.8915 0.0532 0.0553 
         186  1 0.7971 0.1077 0.0952 
         187  1 0.4351 0.2682 0.2967 
         188  1 0.5840 0.2205 0.1955 
         189  1 0.9135 0.0435 0.0431 
         190  1 0.1165 0.4093 0.4742 
         191  1 0.6976 0.1670 0.1353 
         192  1 0.9588 0.0201 0.0211 
         193  1 0.9589 0.0196 0.0216 
         194  1 0.9424 0.0290 0.0285 
         195  1 0.9364 0.0296 0.0340 
         196  1 0.9434 0.0270 0.0295 
         197  1 0.9379 0.0285 0.0336 
         198  1 0.6004 0.1794 0.2202 
         199  1 0.8938 0.0563 0.0498 
         200  1 0.7718 0.1236 0.1046 
         201  1 0.5328 0.2392 0.2280 
         202  1 0.8541 0.0677 0.0782 
         203  1 0.7971 0.0970 0.1059 
         204  1 0.9587 0.0195 0.0217 
         205  1 0.8832 0.0585 0.0583 
         206  1 0.8801 0.0594 0.0605 
         207  1 0.8625 0.0718 0.0657 
         208  1 0.9399 0.0299 0.0302 
         209  1 0.7451 0.1295 0.1254 
         210  1 0.9669 0.0156 0.0175 
         211  1 0.7781 0.1121 0.1098 
         212  1 0.8968 0.0550 0.0482 
         213  1 0.8912 0.0550 0.0538 
         214  1 0.9436 0.0296 0.0269 
         215  1 0.9702 0.0147 0.0151 
         216  1 0.9227 0.0381 0.0392 
         217  1 0.9561 0.0217 0.0222 
         218  1 0.9074 0.0444 0.0482 
         219  1 0.9413 0.0314 0.0273 
         220  1 0.8935 0.0544 0.0521 
         221  1 0.3995 0.2839 0.3166 
         222  1 0.9442 0.0287 0.0272 
         223  1 0.9539 0.0233 0.0228 
         224  1 0.1880 0.4240 0.3880 
         225  1 0.6842 0.1638 0.1520 
         226  1 0.9443 0.0273 0.0284 
         227  1 0.7775 0.1104 0.1121 
         228  1 0.8688 0.0658 0.0653 
         229  1 0.9288 0.0380 0.0332 
         230  1 0.8875 0.0558 0.0567 
         231  1 0.9576 0.0211 0.0213 
         232  1 0.9343 0.0337 0.0320 
         233  1 0.8994 0.0513 0.0492 
         234  1 0.0731 0.4400 0.4869 
         235  1 0.7467 0.1221 0.1313 
         236  1 0.8737 0.0630 0.0633 
         237  1 0.9189 0.0408 0.0404 
         238  1 0.9157 0.0388 0.0455 
         239  1 0.7173 0.1442 0.1385 
         240  1 0.8222 0.0989 0.0790 
         241  1 0.1164 0.4121 0.4715 
         242  1 0.7927 0.1034 0.1039 
         243  1 0.8780 0.0599 0.0621 
         244  1 0.5012 0.2344 0.2644 
         245  1 0.9626 0.0188 0.0186 
         246  1 0.8558 0.0701 0.0741 
         247  1 0.8235 0.0846 0.0919 
         248  1 0.8850 0.0547 0.0603 
         249  1 0.6688 0.1834 0.1478 
         250  1 0.4446 0.2770 0.2784 
         251  1 0.9526 0.0234 0.0240 
         252  1 0.9194 0.0419 0.0386 
         253  1 0.9109 0.0431 0.0460 
         254  1 0.7949 0.1090 0.0961 
         255  1 0.9621 0.0180 0.0199 
         256  1 0.9595 0.0203 0.0202 
         257  1 0.9555 0.0224 0.0221 
         258  1 0.8929 0.0518 0.0553 
         259  1 0.8971 0.0508 0.0521 
