           1  1 0.0611 0.3344 0.2953 0.3092 
           2  1 0.0181 0.3390 0.3015 0.3415 
           3  1 0.0269 0.3046 0.3083 0.3601 
           4  1 0.0131 0.2937 0.3775 0.3157 
           5  1 0.0248 0.2923 0.2833 0.3997 
           6  1 0.3482 0.1894 0.2393 0.2231 
           7  1 0.0410 0.3099 0.3002 0.3489 
           8  1 0.0136 0.3019 0.2555 0.4290 
           9  1 0.2696 0.2469 0.2139 0.2697 
          10  1 0.0279 0.2886 0.2889 0.3946 
          11  1 0.2974 0.2369 0.2105 0.2552 
          12  1 0.0383 0.3166 0.2657 0.3793 
          13  1 0.4507 0.1782 0.2057 0.1654 
          14  1 0.0916 0.3169 0.3233 0.2681 
          15  1 0.0341 0.3528 0.2689 0.3442 
          16  1 0.0385 0.3457 0.2773 0.3384 
          17  1 0.0166 0.3622 0.3131 0.3081 
          18  1 0.3212 0.2092 0.2398 0.2298 
          19  1 0.0289 0.3199 0.3120 0.3393 
          20  1 0.0364 0.3645 0.2617 0.3374 
          21  1 0.0701 0.3149 0.3522 0.2628 
          22  1 0.0239 0.3409 0.2844 0.3508 
          23  1 0.0190 0.3339 0.2702 0.3769 
          24  1 0.0663 0.2928 0.3787 0.2622 
          25  1 0.0220 0.3123 0.3112 0.3545 
          26  1 0.1328 0.2806 0.2722 0.3144 
          27  1 0.0296 0.3532 0.2767 0.3405 
          28  1 0.0448 0.2768 0.2898 0.3885 
          29  1 0.0455 0.3061 0.3189 0.3295 
          30  1 0.1793 0.2694 0.2583 0.2929 
          31  1 0.0664 0.3080 0.3802 0.2454 
          32  1 0.0298 0.3077 0.3137 0.3488 
          33  1 0.0409 0.2981 0.3095 0.3516 
          34  1 0.0409 0.3183 0.3175 0.3233 
          35  1 0.0250 0.3478 0.3990 0.2283 
          36  1 0.3800 0.2032 0.2261 0.1907 
          37  1 0.0150 0.3560 0.2684 0.3606 
          38  1 0.0786 0.3053 0.2865 0.3296 
          39  1 0.0686 0.3183 0.2956 0.3176 
          40  1 0.0272 0.3392 0.4057 0.2279 
          41  1 0.5141 0.1640 0.1701 0.1518 
          42  1 0.1052 0.2950 0.2714 0.3285 
          43  1 0.0257 0.3492 0.3164 0.3087 
          44  1 0.0329 0.3250 0.3102 0.3318 
          45  1 0.0321 0.3308 0.2864 0.3507 
          46  1 0.0344 0.3396 0.3738 0.2523 
          47  1 0.0648 0.3075 0.2925 0.3352 
          48  1 0.0305 0.3098 0.3157 0.3440 
          49  1 0.0582 0.3133 0.3177 0.3107 
          50  1 0.0443 0.3191 0.3100 0.3266 
          51  1 0.0677 0.3285 0.2685 0.3353 
          52  1 0.0212 0.3472 0.2830 0.3486 
          53  1 0.0472 0.3416 0.2920 0.3192 
          54  1 0.3094 0.2335 0.1981 0.2589 
          55  1 0.0326 0.3188 0.3520 0.2966 
          56  1 0.0423 0.3306 0.2875 0.3397 
          57  1 0.0489 0.3151 0.3849 0.2511 
          58  1 0.0245 0.3082 0.2992 0.3681 
          59  1 0.0919 0.2781 0.2637 0.3663 
          60  1 0.0152 0.3400 0.4110 0.2338 
          61  1 0.1534 0.2812 0.3152 0.2501 
          62  1 0.0281 0.3527 0.2785 0.3407 
          63  1 0.0168 0.3013 0.3665 0.3154 
          64  1 0.0281 0.3413 0.2870 0.3436 
          65  1 0.1213 0.2934 0.3316 0.2537 
          66  1 0.0305 0.3092 0.3801 0.2802 
          67  1 0.7620 0.0864 0.0657 0.0859 
          68  1 0.0450 0.3033 0.3470 0.3047 
          69  1 0.0193 0.2946 0.3889 0.2972 
          70  1 0.0305 0.3199 0.3601 0.2895 
          71  1 0.0403 0.3600 0.2496 0.3501 
          72  1 0.1951 0.2977 0.2168 0.2903 
          73  1 0.0415 0.3429 0.2784 0.3372 
          74  1 0.0199 0.3484 0.3162 0.3155 
          75  1 0.1102 0.3211 0.2347 0.3340 
          76  1 0.0291 0.3065 0.3368 0.3275 
          77  1 0.0137 0.3453 0.3426 0.2985 
          78  1 0.0235 0.3114 0.2767 0.3884 
          79  1 0.0156 0.3506 0.2712 0.3626 
          80  1 0.0200 0.3706 0.2723 0.3370 
          81  1 0.0720 0.3480 0.2738 0.3062 
          82  1 0.0375 0.3415 0.2673 0.3537 
          83  1 0.0628 0.3118 0.2996 0.3258 
          84  1 0.0330 0.3126 0.3377 0.3167 
          85  1 0.0249 0.2968 0.2809 0.3974 
          86  1 0.0386 0.3072 0.2840 0.3702 
          87  1 0.0819 0.3174 0.2636 0.3371 
          88  1 0.0272 0.3324 0.3058 0.3345 
          89  1 0.0279 0.3426 0.2828 0.3467 
          90  1 0.0345 0.2980 0.3742 0.2932 
          91  1 0.0230 0.3499 0.2752 0.3519 
          92  1 0.0323 0.3071 0.3642 0.2963 
          93  1 0.0692 0.3129 0.2486 0.3693 
          94  1 0.0204 0.3465 0.2779 0.3552 
          95  1 0.0271 0.3035 0.3095 0.3598 
          96  1 0.3873 0.1938 0.1957 0.2233 
          97  1 0.0168 0.3347 0.3640 0.2845 
          98  1 0.0400 0.2969 0.3649 0.2981 
          99  1 0.0314 0.3118 0.3702 0.2866 
         100  1 0.0373 0.3102 0.3372 0.3153 
         101  1 0.0176 0.3192 0.2420 0.4212 
         102  1 0.0144 0.3466 0.2817 0.3572 
         103  1 0.0159 0.3368 0.3001 0.3473 
         104  1 0.0196 0.3647 0.2830 0.3327 
         105  1 0.1951 0.2566 0.3188 0.2294 
         106  1 0.0150 0.3277 0.3038 0.3535 
         107  1 0.1744 0.2781 0.2967 0.2508 
         108  1 0.0285 0.2996 0.2848 0.3871 
         109  1 0.0159 0.3558 0.2802 0.3481 
         110  1 0.0135 0.3506 0.2788 0.3571 
         111  1 0.0355 0.2970 0.3098 0.3577 
         112  1 0.0268 0.3144 0.3143 0.3445 
         113  1 0.0178 0.3189 0.2650 0.3983 
         114  1 0.1310 0.3226 0.2213 0.3252 
         115  1 0.0420 0.3312 0.3288 0.2980 
         116  1 0.0410 0.3032 0.2746 0.3811 
         117  1 0.0394 0.3352 0.3950 0.2304 
         118  1 0.0164 0.3632 0.3371 0.2832 
         119  1 0.1580 0.2928 0.2667 0.2825 
         120  1 0.0441 0.3353 0.2820 0.3386 
         121  1 0.0216 0.3479 0.2951 0.3354 
         122  1 0.0690 0.3193 0.2761 0.3356 
         123  1 0.2007 0.2728 0.2387 0.2878 
         124  1 0.0376 0.3271 0.2977 0.3375 
         125  1 0.0184 0.3164 0.3229 0.3423 
         126  1 0.1254 0.2976 0.2556 0.3213 
         127  1 0.0437 0.3373 0.3160 0.3030 
         128  1 0.0324 0.3274 0.4143 0.2259 
         129  1 0.0810 0.3174 0.2708 0.3308 
         130  1 0.7825 0.0717 0.0759 0.0698 
         131  1 0.0260 0.3512 0.2862 0.3366 
         132  1 0.0284 0.3282 0.3520 0.2914 
         133  1 0.0905 0.3063 0.3453 0.2578 
         134  1 0.0271 0.3161 0.2925 0.3644 
         135  1 0.0205 0.3458 0.2708 0.3629 
         136  1 0.0414 0.3266 0.3838 0.2482 
         137  1 0.0539 0.3205 0.4034 0.2222 
         138  1 0.0942 0.2948 0.3225 0.2885 
         139  1 0.0258 0.3314 0.4159 0.2270 
         140  1 0.2539 0.2513 0.2938 0.2010 
         141  1 0.8423 0.0505 0.0491 0.0581 
         142  1 0.0379 0.2844 0.2774 0.4003 
         143  1 0.5980 0.1354 0.1290 0.1376 
         144  1 0.0214 0.2883 0.3081 0.3822 
         145  1 0.0397 0.3012 0.2891 0.3700 
         146  1 0.0500 0.2749 0.3198 0.3553 
         147  1 0.1227 0.2798 0.3278 0.2697 
         148  1 0.0241 0.3105 0.2928 0.3726 
         149  1 0.0711 0.3102 0.2739 0.3448 
         150  1 0.0130 0.2756 0.2762 0.4352 
         151  1 0.0292 0.3256 0.4215 0.2236 
         152  1 0.0383 0.3132 0.4020 0.2466 
         153  1 0.1493 0.2634 0.3234 0.2640 
         154  1 0.0181 0.3407 0.4133 0.2279 
         155  1 0.0341 0.3364 0.3469 0.2826 
         156  1 0.0745 0.3180 0.2948 0.3127 
         157  1 0.0311 0.3003 0.3230 0.3456 
         158  1 0.0388 0.2922 0.3327 0.3362 
         159  1 0.0180 0.3303 0.3751 0.2766 
         160  1 0.0387 0.3277 0.3766 0.2570 
         161  1 0.0211 0.3266 0.4255 0.2268 
         162  1 0.0554 0.3042 0.3140 0.3264 
         163  1 0.0347 0.3244 0.4149 0.2261 
         164  1 0.0183 0.3258 0.4126 0.2432 
         165  1 0.0249 0.3402 0.2842 0.3507 
         166  1 0.1180 0.3040 0.2867 0.2913 
         167  1 0.0228 0.3257 0.4133 0.2382 
         168  1 0.0326 0.3179 0.3749 0.2746 
         169  1 0.0754 0.3038 0.3647 0.2561 
         170  1 0.1976 0.2705 0.2494 0.2825 
         171  1 0.0329 0.3299 0.3948 0.2424 
         172  1 0.1435 0.2849 0.3625 0.2092 
         173  1 0.0251 0.3284 0.3943 0.2522 
         174  1 0.0177 0.3374 0.4112 0.2338 
         175  1 0.0736 0.2868 0.3493 0.2902 
         176  1 0.0756 0.3287 0.3831 0.2126 
         177  1 0.9037 0.0319 0.0301 0.0343 
         178  1 0.7703 0.0785 0.0719 0.0792 
         179  1 0.7922 0.0669 0.0781 0.0629 
         180  1 0.0263 0.3306 0.2898 0.3533 
         181  1 0.8720 0.0426 0.0443 0.0411 
         182  1 0.8430 0.0557 0.0462 0.0551 
         183  1 0.5704 0.1414 0.1586 0.1296 
         184  1 0.6157 0.1297 0.1134 0.1412 
         185  1 0.8426 0.0488 0.0566 0.0520 
         186  1 0.6454 0.1181 0.1175 0.1190 
         187  1 0.2821 0.2379 0.2757 0.2042 
         188  1 0.3944 0.1933 0.1898 0.2225 
         189  1 0.8700 0.0421 0.0442 0.0437 
         190  1 0.0806 0.2965 0.3483 0.2747 
         191  1 0.4572 0.2084 0.1359 0.1985 
         192  1 0.9463 0.0174 0.0184 0.0178 
         193  1 0.9441 0.0194 0.0179 0.0186 
         194  1 0.9204 0.0265 0.0263 0.0268 
         195  1 0.9186 0.0268 0.0289 0.0257 
         196  1 0.9185 0.0269 0.0275 0.0271 
         197  1 0.9226 0.0251 0.0281 0.0243 
         198  1 0.4958 0.1610 0.1932 0.1500 
         199  1 0.8386 0.0546 0.0499 0.0569 
         200  1 0.6830 0.1014 0.0937 0.1219 
         201  1 0.3970 0.2037 0.1903 0.2091 
         202  1 0.7925 0.0685 0.0733 0.0657 
         203  1 0.7076 0.0934 0.1093 0.0898 
         204  1 0.9470 0.0178 0.0183 0.0168 
         205  1 0.8326 0.0539 0.0596 0.0539 
         206  1 0.8147 0.0571 0.0629 0.0653 
         207  1 0.7337 0.0934 0.0756 0.0972 
         208  1 0.8984 0.0311 0.0339 0.0366 
         209  1 0.6129 0.1253 0.1222 0.1396 
         210  1 0.9505 0.0161 0.0174 0.0161 
         211  1 0.6618 0.1094 0.1066 0.1222 
         212  1 0.8317 0.0560 0.0483 0.0640 
         213  1 0.8177 0.0582 0.0563 0.0678 
         214  1 0.9052 0.0310 0.0318 0.0321 
         215  1 0.9613 0.0127 0.0125 0.0135 
         216  1 0.8946 0.0354 0.0371 0.0329 
         217  1 0.9411 0.0192 0.0217 0.0180 
         218  1 0.8817 0.0426 0.0401 0.0356 
         219  1 0.8941 0.0328 0.0346 0.0385 
         220  1 0.7723 0.0684 0.0674 0.0919 
         221  1 0.2982 0.2235 0.2591 0.2191 
         222  1 0.9256 0.0229 0.0260 0.0255 
         223  1 0.9380 0.0215 0.0195 0.0209 
         224  1 0.1302 0.2739 0.2619 0.3340 
         225  1 0.5402 0.1566 0.1396 0.1636 
         226  1 0.9236 0.0239 0.0291 0.0234 
         227  1 0.6451 0.1263 0.1082 0.1205 
         228  1 0.7998 0.0737 0.0567 0.0698 
         229  1 0.8814 0.0364 0.0418 0.0404 
         230  1 0.8064 0.0646 0.0620 0.0670 
         231  1 0.9452 0.0178 0.0186 0.0184 
         232  1 0.8948 0.0358 0.0353 0.0341 
         233  1 0.8182 0.0569 0.0573 0.0676 
         234  1 0.0458 0.3133 0.4122 0.2287 
         235  1 0.6219 0.1214 0.1200 0.1367 
         236  1 0.7802 0.0746 0.0618 0.0834 
         237  1 0.8395 0.0541 0.0504 0.0559 
         238  1 0.8767 0.0401 0.0428 0.0404 
         239  1 0.6244 0.1193 0.1253 0.1310 
         240  1 0.7180 0.0848 0.0736 0.1235 
         241  1 0.0862 0.2952 0.3493 0.2692 
         242  1 0.6836 0.1056 0.1027 0.1080 
         243  1 0.7666 0.0829 0.0728 0.0776 
         244  1 0.3609 0.2078 0.2490 0.1823 
         245  1 0.9385 0.0207 0.0196 0.0213 
         246  1 0.7725 0.0779 0.0728 0.0768 
         247  1 0.7477 0.0753 0.0859 0.0911 
         248  1 0.7939 0.0698 0.0617 0.0747 
         249  1 0.4746 0.1706 0.1530 0.2017 
         250  1 0.2926 0.2259 0.2693 0.2122 
         251  1 0.9359 0.0207 0.0233 0.0201 
         252  1 0.8359 0.0479 0.0530 0.0632 
         253  1 0.8771 0.0390 0.0423 0.0416 
         254  1 0.6412 0.1225 0.1067 0.1297 
         255  1 0.9439 0.0182 0.0183 0.0195 
         256  1 0.9457 0.0164 0.0185 0.0194 
         257  1 0.9309 0.0224 0.0223 0.0243 
         258  1 0.8172 0.0569 0.0529 0.0731 
         259  1 0.8254 0.0525 0.0677 0.0545 
