           1  1 0.2735 0.3486 0.3152 0.0627 
           2  1 0.2976 0.3646 0.3177 0.0201 
           3  1 0.3733 0.2992 0.3006 0.0268 
           4  1 0.3664 0.3357 0.2855 0.0124 
           5  1 0.3709 0.2922 0.3090 0.0279 
           6  1 0.2389 0.2141 0.2012 0.3458 
           7  1 0.3108 0.3555 0.2928 0.0410 
           8  1 0.4069 0.3156 0.2634 0.0140 
           9  1 0.2628 0.2341 0.2306 0.2726 
          10  1 0.3591 0.2933 0.3177 0.0299 
          11  1 0.2350 0.2525 0.2251 0.2874 
          12  1 0.3723 0.3169 0.2711 0.0397 
          13  1 0.1998 0.1704 0.1863 0.4435 
          14  1 0.2866 0.3233 0.2922 0.0979 
          15  1 0.3325 0.3443 0.2859 0.0373 
          16  1 0.3251 0.3277 0.3059 0.0414 
          17  1 0.2515 0.3917 0.3382 0.0186 
          18  1 0.2337 0.2070 0.2293 0.3301 
          19  1 0.3047 0.3618 0.3048 0.0287 
          20  1 0.3265 0.3498 0.2866 0.0371 
          21  1 0.2853 0.3172 0.3250 0.0725 
          22  1 0.3012 0.3492 0.3221 0.0275 
          23  1 0.3539 0.3283 0.2976 0.0202 
          24  1 0.3028 0.3031 0.3267 0.0674 
          25  1 0.3556 0.3199 0.3017 0.0228 
          26  1 0.2796 0.3080 0.2713 0.1411 
          27  1 0.2802 0.3730 0.3143 0.0325 
          28  1 0.3786 0.2927 0.2847 0.0440 
          29  1 0.3024 0.3120 0.3413 0.0443 
          30  1 0.2920 0.2751 0.2557 0.1773 
          31  1 0.2816 0.3078 0.3441 0.0665 
          32  1 0.3175 0.3307 0.3201 0.0317 
          33  1 0.3286 0.2788 0.3526 0.0400 
          34  1 0.3519 0.3039 0.3029 0.0414 
          35  1 0.2735 0.3357 0.3638 0.0270 
          36  1 0.2116 0.1983 0.2066 0.3835 
          37  1 0.2674 0.3785 0.3370 0.0171 
          38  1 0.3147 0.3041 0.3044 0.0768 
          39  1 0.3182 0.2914 0.3192 0.0711 
          40  1 0.2718 0.3188 0.3756 0.0338 
          41  1 0.1570 0.1689 0.1711 0.5029 
          42  1 0.2901 0.2912 0.3102 0.1085 
          43  1 0.2548 0.3915 0.3261 0.0276 
          44  1 0.3280 0.3037 0.3367 0.0316 
          45  1 0.2556 0.3973 0.3147 0.0324 
          46  1 0.2825 0.3358 0.3500 0.0317 
          47  1 0.3426 0.2926 0.2986 0.0662 
          48  1 0.3011 0.3353 0.3328 0.0308 
          49  1 0.3081 0.3112 0.3188 0.0619 
          50  1 0.3081 0.3237 0.3245 0.0437 
          51  1 0.2992 0.3165 0.3134 0.0709 
          52  1 0.3798 0.3231 0.2747 0.0225 
          53  1 0.2523 0.3724 0.3299 0.0454 
          54  1 0.2180 0.2457 0.2252 0.3111 
          55  1 0.3257 0.3197 0.3194 0.0351 
          56  1 0.3372 0.3313 0.2877 0.0437 
          57  1 0.2739 0.3284 0.3492 0.0485 
          58  1 0.3335 0.3087 0.3310 0.0268 
          59  1 0.4003 0.2368 0.2740 0.0888 
          60  1 0.2966 0.3249 0.3634 0.0151 
          61  1 0.2541 0.2829 0.3051 0.1579 
          62  1 0.2891 0.3573 0.3222 0.0314 
          63  1 0.3099 0.3593 0.3133 0.0175 
          64  1 0.2962 0.3435 0.3291 0.0312 
          65  1 0.2760 0.2852 0.3112 0.1276 
          66  1 0.3083 0.3258 0.3343 0.0316 
          67  1 0.0845 0.0799 0.0852 0.7504 
          68  1 0.3199 0.2891 0.3427 0.0483 
          69  1 0.3412 0.2951 0.3443 0.0194 
          70  1 0.2733 0.3299 0.3643 0.0324 
          71  1 0.2940 0.3382 0.3236 0.0441 
          72  1 0.2640 0.2812 0.2521 0.2027 
          73  1 0.3027 0.3338 0.3203 0.0431 
          74  1 0.2864 0.3573 0.3357 0.0206 
          75  1 0.2427 0.3667 0.2779 0.1127 
          76  1 0.3424 0.3029 0.3226 0.0320 
          77  1 0.2799 0.3758 0.3307 0.0136 
          78  1 0.3964 0.2912 0.2866 0.0257 
          79  1 0.3199 0.3594 0.3049 0.0158 
          80  1 0.2736 0.3879 0.3186 0.0198 
          81  1 0.2702 0.3517 0.3054 0.0726 
          82  1 0.2992 0.3340 0.3217 0.0452 
          83  1 0.2968 0.3275 0.3096 0.0661 
          84  1 0.3392 0.3415 0.2855 0.0338 
          85  1 0.3721 0.3200 0.2833 0.0246 
          86  1 0.4205 0.2677 0.2738 0.0380 
          87  1 0.2804 0.3184 0.3222 0.0790 
          88  1 0.3017 0.3678 0.3037 0.0268 
          89  1 0.3275 0.3229 0.3187 0.0309 
          90  1 0.3023 0.3183 0.3407 0.0386 
          91  1 0.2951 0.3478 0.3324 0.0247 
          92  1 0.2979 0.3133 0.3560 0.0328 
          93  1 0.3443 0.3305 0.2566 0.0687 
          94  1 0.4008 0.2826 0.2963 0.0202 
          95  1 0.3139 0.3512 0.3068 0.0281 
          96  1 0.2672 0.1914 0.1814 0.3600 
          97  1 0.3205 0.3062 0.3546 0.0187 
          98  1 0.3372 0.2969 0.3260 0.0399 
          99  1 0.3093 0.3382 0.3188 0.0337 
         100  1 0.3082 0.3309 0.3227 0.0381 
         101  1 0.3859 0.3067 0.2892 0.0183 
         102  1 0.2968 0.3669 0.3217 0.0146 
         103  1 0.3612 0.3229 0.2975 0.0184 
         104  1 0.2567 0.3831 0.3410 0.0192 
         105  1 0.2736 0.2535 0.2847 0.1882 
         106  1 0.3152 0.3353 0.3346 0.0150 
         107  1 0.2549 0.2801 0.2819 0.1832 
         108  1 0.3890 0.2725 0.3092 0.0293 
         109  1 0.3150 0.3239 0.3429 0.0182 
         110  1 0.2775 0.3847 0.3238 0.0140 
         111  1 0.3644 0.3045 0.2956 0.0354 
         112  1 0.3007 0.3421 0.3273 0.0299 
         113  1 0.3678 0.3334 0.2796 0.0193 
         114  1 0.2510 0.3171 0.2844 0.1475 
         115  1 0.2988 0.3384 0.3196 0.0433 
         116  1 0.3531 0.2706 0.3275 0.0488 
         117  1 0.2722 0.3634 0.3259 0.0384 
         118  1 0.2732 0.3852 0.3225 0.0191 
         119  1 0.2620 0.2904 0.2835 0.1640 
         120  1 0.3103 0.3335 0.3059 0.0502 
         121  1 0.2779 0.3662 0.3330 0.0228 
         122  1 0.3247 0.3098 0.2948 0.0707 
         123  1 0.2586 0.2864 0.2616 0.1934 
         124  1 0.2913 0.3428 0.3277 0.0383 
         125  1 0.3083 0.3694 0.3019 0.0204 
         126  1 0.2777 0.3089 0.2968 0.1166 
         127  1 0.2578 0.3699 0.3280 0.0443 
         128  1 0.2825 0.3179 0.3653 0.0343 
         129  1 0.2972 0.2980 0.3256 0.0792 
         130  1 0.0733 0.0723 0.0698 0.7846 
         131  1 0.2613 0.3758 0.3385 0.0243 
         132  1 0.2666 0.3624 0.3410 0.0300 
         133  1 0.2998 0.2867 0.3282 0.0853 
         134  1 0.3793 0.2897 0.3017 0.0293 
         135  1 0.2794 0.3839 0.3148 0.0219 
         136  1 0.2739 0.3355 0.3473 0.0432 
         137  1 0.3247 0.2816 0.3408 0.0529 
         138  1 0.3316 0.2742 0.3041 0.0900 
         139  1 0.3310 0.2862 0.3537 0.0290 
         140  1 0.2619 0.2324 0.2646 0.2411 
         141  1 0.0620 0.0522 0.0545 0.8312 
         142  1 0.3705 0.2789 0.3115 0.0391 
         143  1 0.1561 0.1308 0.1324 0.5808 
         144  1 0.4111 0.3089 0.2565 0.0236 
         145  1 0.3391 0.3078 0.3133 0.0398 
         146  1 0.3817 0.2713 0.2891 0.0579 
         147  1 0.3029 0.2549 0.3135 0.1287 
         148  1 0.4127 0.2971 0.2632 0.0271 
         149  1 0.3128 0.3239 0.2915 0.0718 
         150  1 0.4359 0.2860 0.2645 0.0136 
         151  1 0.2732 0.3206 0.3705 0.0357 
         152  1 0.3367 0.2899 0.3306 0.0428 
         153  1 0.2979 0.2502 0.2906 0.1614 
         154  1 0.2730 0.3367 0.3735 0.0168 
         155  1 0.2943 0.3424 0.3266 0.0368 
         156  1 0.3406 0.2977 0.2873 0.0744 
         157  1 0.3820 0.3005 0.2841 0.0334 
         158  1 0.3224 0.3001 0.3368 0.0408 
         159  1 0.3022 0.3264 0.3525 0.0189 
         160  1 0.3219 0.3110 0.3244 0.0427 
         161  1 0.2780 0.3306 0.3697 0.0217 
         162  1 0.3030 0.3253 0.3191 0.0527 
         163  1 0.3102 0.3068 0.3480 0.0350 
         164  1 0.3163 0.3196 0.3453 0.0188 
         165  1 0.3227 0.3402 0.3103 0.0268 
         166  1 0.2727 0.3004 0.3070 0.1200 
         167  1 0.3413 0.2829 0.3508 0.0251 
         168  1 0.3294 0.3498 0.2868 0.0340 
         169  1 0.3085 0.2970 0.3138 0.0807 
         170  1 0.2940 0.2456 0.2636 0.1969 
         171  1 0.3318 0.3024 0.3319 0.0339 
         172  1 0.2585 0.2755 0.3256 0.1404 
         173  1 0.3009 0.3277 0.3442 0.0272 
         174  1 0.2850 0.3477 0.3487 0.0186 
         175  1 0.2999 0.3037 0.3194 0.0770 
         176  1 0.2790 0.3051 0.3356 0.0803 
         177  1 0.0394 0.0318 0.0324 0.8963 
         178  1 0.0676 0.0774 0.0780 0.7770 
         179  1 0.0748 0.0795 0.0767 0.7690 
         180  1 0.3405 0.3299 0.3018 0.0278 
         181  1 0.0483 0.0483 0.0505 0.8529 
         182  1 0.0599 0.0550 0.0544 0.8307 
         183  1 0.1429 0.1356 0.1533 0.5682 
         184  1 0.1414 0.1306 0.1311 0.5970 
         185  1 0.0574 0.0535 0.0580 0.8311 
         186  1 0.1206 0.1181 0.1142 0.6472 
         187  1 0.2208 0.2544 0.2420 0.2828 
         188  1 0.2304 0.1909 0.1758 0.4028 
         189  1 0.0419 0.0433 0.0458 0.8691 
         190  1 0.3251 0.2750 0.3152 0.0847 
         191  1 0.1611 0.1845 0.1841 0.4704 
         192  1 0.0206 0.0194 0.0204 0.9396 
         193  1 0.0212 0.0196 0.0202 0.9391 
         194  1 0.0291 0.0285 0.0281 0.9144 
         195  1 0.0313 0.0312 0.0272 0.9103 
         196  1 0.0287 0.0275 0.0273 0.9165 
         197  1 0.0292 0.0266 0.0294 0.9149 
         198  1 0.1663 0.1774 0.2063 0.4500 
         199  1 0.0641 0.0562 0.0531 0.8266 
         200  1 0.1433 0.1048 0.1155 0.6364 
         201  1 0.1946 0.2115 0.1985 0.3954 
         202  1 0.0731 0.0643 0.0697 0.7929 
         203  1 0.0923 0.0938 0.1075 0.7064 
         204  1 0.0188 0.0193 0.0194 0.9425 
         205  1 0.0608 0.0537 0.0563 0.8292 
         206  1 0.0716 0.0538 0.0618 0.8128 
         207  1 0.0777 0.0851 0.0906 0.7467 
         208  1 0.0350 0.0346 0.0358 0.8947 
         209  1 0.1448 0.1297 0.1219 0.6037 
         210  1 0.0182 0.0161 0.0159 0.9498 
         211  1 0.1207 0.1045 0.1197 0.6551 
         212  1 0.0568 0.0579 0.0578 0.8275 
         213  1 0.0607 0.0637 0.0679 0.8077 
         214  1 0.0323 0.0310 0.0335 0.9032 
         215  1 0.0143 0.0134 0.0136 0.9586 
         216  1 0.0348 0.0380 0.0345 0.8927 
         217  1 0.0206 0.0187 0.0206 0.9401 
         218  1 0.0417 0.0395 0.0432 0.8756 
         219  1 0.0294 0.0285 0.0362 0.9059 
         220  1 0.1027 0.0715 0.0737 0.7522 
         221  1 0.2151 0.2306 0.2453 0.3089 
         222  1 0.0280 0.0236 0.0254 0.9230 
         223  1 0.0223 0.0220 0.0221 0.9337 
         224  1 0.3129 0.2914 0.2648 0.1309 
         225  1 0.1788 0.1522 0.1480 0.5210 
         226  1 0.0285 0.0271 0.0264 0.9180 
         227  1 0.1051 0.1216 0.1277 0.6455 
         228  1 0.0627 0.0685 0.0665 0.8024 
         229  1 0.0407 0.0388 0.0413 0.8792 
         230  1 0.0662 0.0663 0.0661 0.8014 
         231  1 0.0208 0.0184 0.0187 0.9421 
         232  1 0.0429 0.0356 0.0379 0.8836 
         233  1 0.0652 0.0601 0.0618 0.8128 
         234  1 0.2767 0.3276 0.3461 0.0496 
         235  1 0.1229 0.1364 0.1309 0.6098 
         236  1 0.0582 0.0753 0.0814 0.7850 
         237  1 0.0573 0.0550 0.0508 0.8369 
         238  1 0.0413 0.0412 0.0488 0.8687 
         239  1 0.1680 0.1225 0.1091 0.6004 
         240  1 0.1397 0.0951 0.0859 0.6793 
         241  1 0.2932 0.3048 0.3120 0.0899 
         242  1 0.0999 0.1254 0.1074 0.6674 
         243  1 0.0655 0.0739 0.0738 0.7869 
         244  1 0.2041 0.1985 0.2378 0.3597 
         245  1 0.0234 0.0213 0.0191 0.9362 
         246  1 0.0656 0.0776 0.0750 0.7818 
         247  1 0.0958 0.0826 0.0875 0.7341 
         248  1 0.0696 0.0711 0.0696 0.7897 
         249  1 0.2110 0.1604 0.1663 0.4624 
         250  1 0.2291 0.2244 0.2491 0.2974 
         251  1 0.0232 0.0207 0.0227 0.9334 
         252  1 0.0599 0.0472 0.0508 0.8421 
         253  1 0.0429 0.0422 0.0468 0.8681 
         254  1 0.1116 0.1172 0.1165 0.6547 
         255  1 0.0190 0.0197 0.0197 0.9415 
         256  1 0.0201 0.0193 0.0197 0.9408 
         257  1 0.0223 0.0232 0.0251 0.9294 
         258  1 0.0648 0.0677 0.0589 0.8086 
         259  1 0.0697 0.0594 0.0647 0.8063 
