           1  1 0.0933 0.1256 0.0302 0.1204 0.0981 0.1363 0.1136 0.0449 0.1225 0.1152 
           2  1 0.0900 0.1052 0.0097 0.1302 0.1048 0.1223 0.1272 0.0407 0.1350 0.1349 
           3  1 0.0746 0.1037 0.0392 0.1108 0.0869 0.1761 0.1113 0.0253 0.1280 0.1441 
           4  1 0.0917 0.1287 0.0094 0.1078 0.1614 0.1300 0.1223 0.0217 0.0976 0.1294 
           5  1 0.0870 0.1101 0.0268 0.1203 0.1014 0.1762 0.1121 0.0216 0.1133 0.1313 
           6  1 0.1372 0.0788 0.0306 0.0812 0.0833 0.1152 0.0767 0.2569 0.0648 0.0752 
           7  1 0.0924 0.0899 0.0105 0.1239 0.0826 0.1462 0.1165 0.0634 0.1487 0.1259 
           8  1 0.0886 0.0955 0.0117 0.1018 0.0586 0.1884 0.1190 0.0331 0.1356 0.1677 
           9  1 0.1051 0.1130 0.1033 0.1156 0.0847 0.0960 0.0906 0.0502 0.1346 0.1070 
          10  1 0.0879 0.0998 0.0135 0.1171 0.0937 0.1695 0.1148 0.0462 0.1151 0.1424 
          11  1 0.1038 0.0769 0.0614 0.1108 0.0681 0.1024 0.1078 0.0984 0.1731 0.0973 
          12  1 0.0844 0.0871 0.0150 0.1253 0.0629 0.1475 0.1367 0.0521 0.1389 0.1501 
          13  1 0.1308 0.0830 0.0752 0.0825 0.0808 0.0847 0.0739 0.2362 0.0760 0.0770 
          14  1 0.1041 0.1215 0.0258 0.1072 0.1285 0.1123 0.1147 0.0832 0.0961 0.1065 
          15  1 0.0836 0.1096 0.0174 0.1417 0.0812 0.1431 0.1206 0.0463 0.1223 0.1344 
          16  1 0.0968 0.1235 0.0156 0.1414 0.0937 0.1032 0.1212 0.0343 0.1360 0.1344 
          17  1 0.1055 0.1268 0.0125 0.1412 0.1233 0.0849 0.1441 0.0298 0.1097 0.1223 
          18  1 0.0862 0.0963 0.1626 0.1093 0.0956 0.1235 0.0889 0.0473 0.0882 0.1020 
          19  1 0.0985 0.1111 0.0117 0.1455 0.1196 0.1287 0.1150 0.0389 0.1094 0.1216 
          20  1 0.0894 0.1301 0.0338 0.1448 0.0973 0.1076 0.1052 0.0343 0.1234 0.1342 
          21  1 0.1017 0.1267 0.0208 0.1178 0.1484 0.1026 0.1112 0.0806 0.0912 0.0991 
          22  1 0.0828 0.0946 0.0095 0.1384 0.0751 0.0887 0.1291 0.0626 0.1946 0.1246 
          23  1 0.0951 0.1159 0.0213 0.1242 0.0919 0.1631 0.1180 0.0231 0.1096 0.1377 
          24  1 0.1089 0.1647 0.0252 0.0933 0.2126 0.0729 0.1219 0.0384 0.0767 0.0853 
          25  1 0.0998 0.0960 0.0225 0.1142 0.0993 0.1543 0.1283 0.0264 0.1151 0.1441 
          26  1 0.1080 0.0950 0.0156 0.1169 0.0820 0.1253 0.0924 0.1272 0.1147 0.1229 
          27  1 0.0846 0.0912 0.0138 0.1471 0.0711 0.0893 0.1482 0.0475 0.1664 0.1409 
          28  1 0.0876 0.0850 0.0179 0.1057 0.0856 0.2285 0.1098 0.0316 0.1229 0.1253 
          29  1 0.0984 0.1230 0.0204 0.1159 0.1125 0.1081 0.1323 0.0570 0.1083 0.1241 
          30  1 0.1012 0.1019 0.0715 0.1195 0.0913 0.1167 0.1077 0.0496 0.1022 0.1386 
          31  1 0.1044 0.1167 0.0942 0.0843 0.1582 0.0818 0.1346 0.0254 0.0956 0.1047 
          32  1 0.0932 0.1083 0.0151 0.1277 0.1052 0.1403 0.1239 0.0335 0.1050 0.1478 
          33  1 0.1047 0.1420 0.0197 0.1086 0.1438 0.0888 0.1357 0.0545 0.1044 0.0980 
          34  1 0.0896 0.1140 0.0443 0.1269 0.1064 0.1177 0.1156 0.0327 0.1255 0.1274 
          35  1 0.1210 0.1231 0.0179 0.0934 0.1739 0.0848 0.1474 0.0250 0.0938 0.1197 
          36  1 0.1055 0.0881 0.1051 0.0875 0.0960 0.1103 0.0900 0.1325 0.0909 0.0940 
          37  1 0.0769 0.0890 0.0130 0.1677 0.0758 0.0710 0.1536 0.0448 0.1757 0.1324 
          38  1 0.1001 0.1116 0.0271 0.1326 0.0963 0.1219 0.1189 0.0563 0.1070 0.1282 
          39  1 0.1261 0.1086 0.0245 0.1256 0.0941 0.0785 0.1202 0.0767 0.1353 0.1103 
          40  1 0.1186 0.1285 0.0479 0.0672 0.1943 0.0522 0.1684 0.0145 0.0969 0.1115 
          41  1 0.0840 0.0765 0.2815 0.0727 0.0904 0.0818 0.0804 0.0743 0.0822 0.0764 
          42  1 0.1005 0.0952 0.0399 0.1028 0.1009 0.1308 0.1223 0.0676 0.1136 0.1265 
          43  1 0.0937 0.1378 0.0094 0.1363 0.1417 0.0910 0.1246 0.0507 0.1108 0.1040 
          44  1 0.0862 0.0998 0.0216 0.1065 0.1142 0.1346 0.1396 0.0303 0.1262 0.1410 
          45  1 0.0966 0.1142 0.0149 0.1507 0.1034 0.1015 0.1341 0.0369 0.1223 0.1255 
          46  1 0.0917 0.1490 0.0250 0.1099 0.1798 0.0862 0.1337 0.0299 0.0910 0.1037 
          47  1 0.0789 0.1112 0.0669 0.1186 0.1006 0.1328 0.1128 0.0332 0.1109 0.1341 
          48  1 0.1153 0.1321 0.0117 0.1221 0.1279 0.0849 0.1174 0.0561 0.1317 0.1009 
          49  1 0.0948 0.1081 0.0237 0.1255 0.1084 0.1381 0.1252 0.0453 0.1120 0.1190 
          50  1 0.0982 0.1059 0.0212 0.1326 0.1096 0.1154 0.1180 0.0492 0.1229 0.1270 
          51  1 0.1100 0.1101 0.0237 0.1304 0.0838 0.1023 0.1053 0.0631 0.1506 0.1208 
          52  1 0.0979 0.1258 0.0177 0.1444 0.0823 0.1068 0.1165 0.0309 0.1226 0.1551 
          53  1 0.0919 0.1217 0.0235 0.1300 0.1309 0.0997 0.1243 0.0361 0.1257 0.1163 
          54  1 0.1029 0.0837 0.0500 0.1172 0.0731 0.1146 0.1111 0.1169 0.1136 0.1170 
          55  1 0.1125 0.1041 0.0197 0.0944 0.1300 0.1210 0.1377 0.0302 0.1161 0.1344 
          56  1 0.0821 0.1092 0.0275 0.1331 0.0752 0.1041 0.1006 0.0557 0.1704 0.1422 
          57  1 0.0995 0.1373 0.0359 0.1186 0.1542 0.0831 0.1280 0.0265 0.1064 0.1104 
          58  1 0.0854 0.0983 0.0244 0.1300 0.1160 0.1585 0.1193 0.0296 0.1161 0.1223 
          59  1 0.0990 0.0805 0.0192 0.1058 0.0832 0.1533 0.1181 0.0928 0.1248 0.1234 
          60  1 0.1015 0.1389 0.0136 0.0888 0.1654 0.1032 0.1373 0.0150 0.1219 0.1145 
          61  1 0.1064 0.1234 0.0543 0.1052 0.1291 0.1092 0.1073 0.0727 0.0883 0.1040 
          62  1 0.0923 0.1148 0.0210 0.1227 0.1032 0.1259 0.1279 0.0366 0.1337 0.1219 
          63  1 0.0891 0.1462 0.0094 0.1304 0.1478 0.1320 0.1055 0.0280 0.0893 0.1223 
          64  1 0.0961 0.0966 0.0188 0.1389 0.0890 0.0859 0.1371 0.0561 0.1527 0.1287 
          65  1 0.0922 0.1035 0.0696 0.0831 0.1471 0.1059 0.1346 0.0534 0.1071 0.1037 
          66  1 0.0999 0.1481 0.0139 0.1131 0.1620 0.0922 0.1264 0.0393 0.0923 0.1126 
          67  1 0.0964 0.0569 0.2710 0.0666 0.0421 0.0615 0.0589 0.2108 0.0807 0.0550 
          68  1 0.1076 0.1565 0.0239 0.1050 0.1750 0.0713 0.1282 0.0455 0.0892 0.0979 
          69  1 0.0951 0.1288 0.0177 0.1063 0.1696 0.0955 0.1382 0.0299 0.1042 0.1145 
          70  1 0.1001 0.1101 0.0134 0.1086 0.1362 0.1004 0.1518 0.0402 0.1212 0.1180 
          71  1 0.0912 0.1237 0.0117 0.1379 0.1011 0.1123 0.1062 0.0693 0.1372 0.1095 
          72  1 0.1042 0.1081 0.0420 0.1184 0.0894 0.0965 0.0902 0.1166 0.1461 0.0885 
          73  1 0.1075 0.1207 0.0122 0.1221 0.0963 0.1148 0.1087 0.0666 0.1305 0.1205 
          74  1 0.0993 0.1377 0.0101 0.1245 0.1319 0.1238 0.1167 0.0374 0.0967 0.1218 
          75  1 0.0994 0.1133 0.0341 0.1329 0.0881 0.0910 0.1158 0.0655 0.1512 0.1086 
          76  1 0.0929 0.1526 0.0183 0.1211 0.1573 0.1072 0.1169 0.0290 0.0983 0.1064 
          77  1 0.1020 0.1370 0.0082 0.1250 0.1225 0.1065 0.1307 0.0357 0.1141 0.1184 
          78  1 0.0867 0.1056 0.0083 0.1282 0.0933 0.1942 0.0887 0.0513 0.1124 0.1312 
          79  1 0.0893 0.1197 0.0107 0.1531 0.1048 0.1149 0.1111 0.0296 0.1402 0.1267 
          80  1 0.0818 0.1045 0.0101 0.1580 0.0910 0.1084 0.1341 0.0459 0.1420 0.1241 
          81  1 0.0906 0.1121 0.0219 0.1343 0.1062 0.1080 0.1091 0.0628 0.1409 0.1141 
          82  1 0.0915 0.1288 0.0164 0.1348 0.0892 0.1158 0.1165 0.0524 0.1295 0.1251 
          83  1 0.1210 0.1336 0.0161 0.1171 0.1126 0.1092 0.1074 0.0714 0.1000 0.1116 
          84  1 0.0939 0.1022 0.0257 0.1093 0.0942 0.1686 0.1216 0.0294 0.1143 0.1409 
          85  1 0.0894 0.0955 0.0237 0.1316 0.0929 0.1728 0.1033 0.0307 0.1186 0.1416 
          86  1 0.0858 0.0997 0.0315 0.1267 0.0629 0.1602 0.1125 0.0401 0.1368 0.1438 
          87  1 0.1313 0.0866 0.0170 0.1181 0.0654 0.0811 0.1081 0.1040 0.1876 0.1008 
          88  1 0.0994 0.1132 0.0112 0.1477 0.1034 0.1195 0.1276 0.0348 0.1188 0.1244 
          89  1 0.0853 0.1095 0.0148 0.1317 0.0883 0.1315 0.1067 0.0502 0.1488 0.1331 
          90  1 0.0950 0.1021 0.0227 0.1018 0.1579 0.1112 0.1557 0.0290 0.1126 0.1119 
          91  1 0.0916 0.1021 0.0177 0.1265 0.1043 0.1443 0.1275 0.0310 0.1243 0.1306 
          92  1 0.0936 0.1137 0.0332 0.0872 0.1540 0.1020 0.1610 0.0236 0.1201 0.1116 
          93  1 0.0928 0.0924 0.0177 0.1155 0.0785 0.1754 0.1005 0.0713 0.1186 0.1372 
          94  1 0.0815 0.1058 0.0121 0.1290 0.0896 0.1600 0.1149 0.0392 0.1398 0.1282 
          95  1 0.0921 0.0944 0.0091 0.1424 0.1065 0.1399 0.1171 0.0461 0.1173 0.1351 
          96  1 0.0943 0.0795 0.0924 0.0989 0.0720 0.1996 0.0837 0.0634 0.1002 0.1160 
          97  1 0.1123 0.1850 0.0142 0.1017 0.2171 0.0568 0.1275 0.0230 0.0774 0.0852 
          98  1 0.0853 0.1178 0.0195 0.1117 0.1541 0.1371 0.1150 0.0371 0.1052 0.1170 
          99  1 0.0999 0.1009 0.0163 0.1002 0.1430 0.1168 0.1461 0.0278 0.1159 0.1330 
         100  1 0.1038 0.1090 0.0363 0.1049 0.1201 0.1267 0.1302 0.0281 0.1039 0.1370 
         101  1 0.0807 0.0825 0.0117 0.1226 0.0735 0.2012 0.1172 0.0405 0.1350 0.1353 
         102  1 0.0851 0.1168 0.0069 0.1312 0.0924 0.1513 0.1310 0.0358 0.1262 0.1233 
         103  1 0.0822 0.1132 0.0095 0.1426 0.0800 0.0852 0.1175 0.0684 0.1618 0.1396 
         104  1 0.0788 0.1086 0.0122 0.1505 0.1129 0.1028 0.1176 0.0446 0.1510 0.1211 
         105  1 0.1059 0.1463 0.0901 0.0929 0.1514 0.0884 0.1054 0.0511 0.0879 0.0806 
         106  1 0.0937 0.1183 0.0100 0.1364 0.1045 0.1156 0.1282 0.0320 0.1254 0.1358 
         107  1 0.1061 0.1024 0.0538 0.1092 0.1242 0.0892 0.1284 0.0672 0.1111 0.1085 
         108  1 0.0953 0.0865 0.0135 0.1140 0.0987 0.1682 0.1321 0.0412 0.1259 0.1246 
         109  1 0.0788 0.0917 0.0125 0.1395 0.1047 0.1202 0.1517 0.0349 0.1291 0.1369 
         110  1 0.0689 0.1045 0.0089 0.1618 0.0887 0.0945 0.1374 0.0413 0.1550 0.1391 
         111  1 0.0830 0.0996 0.0078 0.1249 0.0986 0.1733 0.1155 0.0678 0.1055 0.1240 
         112  1 0.0939 0.1032 0.0171 0.1167 0.1156 0.1287 0.1431 0.0277 0.1242 0.1299 
         113  1 0.0845 0.1015 0.0146 0.1253 0.0844 0.2068 0.0928 0.0332 0.1192 0.1378 
         114  1 0.1059 0.1067 0.0228 0.1376 0.0786 0.0960 0.1073 0.1216 0.1139 0.1096 
         115  1 0.1040 0.1316 0.0313 0.1267 0.1166 0.1145 0.1151 0.0330 0.0998 0.1274 
         116  1 0.0930 0.0911 0.0327 0.1218 0.0944 0.1412 0.1364 0.0324 0.1271 0.1299 
         117  1 0.1045 0.1354 0.0197 0.1169 0.1679 0.0999 0.1204 0.0311 0.0899 0.1142 
         118  1 0.1055 0.1367 0.0134 0.1432 0.1373 0.1131 0.1231 0.0222 0.0914 0.1141 
         119  1 0.1056 0.1143 0.0365 0.1138 0.1023 0.1262 0.1145 0.0629 0.1076 0.1163 
         120  1 0.0848 0.1158 0.0215 0.1381 0.0849 0.1101 0.1156 0.0604 0.1410 0.1278 
         121  1 0.0959 0.1284 0.0175 0.1422 0.1226 0.0879 0.1285 0.0312 0.1206 0.1253 
         122  1 0.1018 0.1151 0.0467 0.1417 0.0971 0.1112 0.1089 0.0298 0.1098 0.1380 
         123  1 0.0952 0.1003 0.0441 0.1218 0.0905 0.1274 0.0985 0.0896 0.1264 0.1063 
         124  1 0.0882 0.0954 0.0292 0.1376 0.0961 0.1156 0.1377 0.0467 0.1240 0.1296 
         125  1 0.0857 0.1302 0.0155 0.1273 0.1271 0.1330 0.1245 0.0301 0.1057 0.1209 
         126  1 0.1023 0.1064 0.0336 0.1315 0.0828 0.1054 0.1032 0.0739 0.1390 0.1220 
         127  1 0.0994 0.1193 0.0396 0.1311 0.1274 0.0863 0.1256 0.0310 0.1224 0.1179 
         128  1 0.1187 0.1395 0.0182 0.1001 0.1675 0.0908 0.1185 0.0349 0.1056 0.1062 
         129  1 0.1228 0.0896 0.0129 0.1174 0.0889 0.1142 0.1081 0.1481 0.0986 0.0993 
         130  1 0.1435 0.0548 0.1075 0.0647 0.0492 0.0682 0.0560 0.3254 0.0673 0.0634 
         131  1 0.0866 0.1181 0.0120 0.1490 0.1196 0.0903 0.1448 0.0376 0.1180 0.1240 
         132  1 0.1088 0.1342 0.0150 0.1333 0.1439 0.0890 0.1320 0.0328 0.0965 0.1144 
         133  1 0.0879 0.1223 0.0647 0.1092 0.1391 0.1217 0.1160 0.0426 0.0960 0.1005 
         134  1 0.0838 0.1039 0.0148 0.1155 0.0941 0.1911 0.1216 0.0265 0.1209 0.1278 
         135  1 0.0831 0.1049 0.0094 0.1421 0.0891 0.1214 0.1261 0.0430 0.1507 0.1303 
         136  1 0.1176 0.1092 0.0234 0.0774 0.1814 0.0741 0.1658 0.0271 0.1114 0.1126 
         137  1 0.1150 0.2449 0.0183 0.0676 0.2996 0.0234 0.1176 0.0224 0.0386 0.0526 
         138  1 0.1094 0.1793 0.0607 0.1074 0.1848 0.0678 0.1148 0.0269 0.0670 0.0819 
         139  1 0.1090 0.2252 0.0215 0.0812 0.2684 0.0551 0.1094 0.0170 0.0500 0.0632 
         140  1 0.0920 0.1120 0.1782 0.0820 0.1342 0.0908 0.0883 0.0644 0.0807 0.0773 
         141  1 0.1947 0.0353 0.0407 0.0442 0.0356 0.0566 0.0378 0.4723 0.0426 0.0401 
         142  1 0.0813 0.0947 0.0230 0.1102 0.0946 0.1773 0.1197 0.0425 0.1074 0.1493 
         143  1 0.1237 0.0923 0.1430 0.0910 0.0832 0.0849 0.0758 0.1253 0.0940 0.0867 
         144  1 0.0780 0.1101 0.0097 0.1245 0.0863 0.1605 0.1050 0.0576 0.1228 0.1455 
         145  1 0.0822 0.1178 0.0184 0.1392 0.1062 0.1139 0.0972 0.0588 0.1345 0.1317 
         146  1 0.0885 0.1166 0.0206 0.0994 0.1268 0.1575 0.1125 0.0452 0.1143 0.1186 
         147  1 0.1110 0.1624 0.0331 0.0926 0.1588 0.0891 0.1154 0.0638 0.0804 0.0934 
         148  1 0.0736 0.1221 0.0116 0.1406 0.0827 0.1205 0.1031 0.0567 0.1375 0.1516 
         149  1 0.0981 0.0892 0.0209 0.1329 0.0729 0.1586 0.1227 0.0372 0.1198 0.1477 
         150  1 0.0688 0.1077 0.0080 0.1418 0.0799 0.1423 0.1173 0.0457 0.1239 0.1647 
         151  1 0.0996 0.1387 0.0239 0.0889 0.1897 0.1020 0.1304 0.0261 0.0985 0.1022 
         152  1 0.0971 0.2019 0.0195 0.0804 0.2351 0.0807 0.1181 0.0271 0.0661 0.0742 
         153  1 0.0763 0.1091 0.1386 0.0919 0.1213 0.1403 0.0983 0.0315 0.0870 0.1056 
         154  1 0.1228 0.1194 0.0138 0.0743 0.1982 0.0600 0.1756 0.0165 0.1076 0.1118 
         155  1 0.0901 0.1314 0.0222 0.1168 0.1347 0.1280 0.1214 0.0303 0.1044 0.1208 
         156  1 0.0954 0.1192 0.0444 0.1245 0.1088 0.1246 0.1052 0.0455 0.1112 0.1214 
         157  1 0.0855 0.1003 0.0161 0.1213 0.1015 0.1585 0.1145 0.0444 0.1268 0.1313 
         158  1 0.1008 0.1504 0.0159 0.1135 0.1392 0.0911 0.1218 0.0566 0.1064 0.1043 
         159  1 0.1071 0.1145 0.0228 0.1070 0.1437 0.1185 0.1344 0.0188 0.1013 0.1318 
         160  1 0.0919 0.1199 0.0233 0.1088 0.1359 0.1565 0.1148 0.0260 0.1025 0.1204 
         161  1 0.1132 0.1252 0.0191 0.0779 0.1973 0.0619 0.1634 0.0187 0.1033 0.1201 
         162  1 0.0889 0.1185 0.0245 0.1442 0.1165 0.1311 0.1031 0.0476 0.1125 0.1131 
         163  1 0.0872 0.2156 0.0206 0.0860 0.2405 0.0730 0.1131 0.0266 0.0657 0.0716 
         164  1 0.0813 0.2323 0.0114 0.0976 0.2467 0.0653 0.1102 0.0195 0.0630 0.0727 
         165  1 0.0833 0.1175 0.0242 0.1443 0.0856 0.1051 0.1213 0.0372 0.1337 0.1478 
         166  1 0.0954 0.1118 0.0464 0.1182 0.1062 0.1116 0.1091 0.0534 0.1299 0.1181 
         167  1 0.0999 0.2259 0.0175 0.0790 0.2666 0.0533 0.1180 0.0170 0.0580 0.0650 
         168  1 0.0864 0.1132 0.0142 0.1239 0.1312 0.1513 0.1165 0.0376 0.1081 0.1177 
         169  1 0.0863 0.1324 0.0592 0.0955 0.1468 0.1207 0.1175 0.0349 0.0962 0.1104 
         170  1 0.0882 0.0798 0.1588 0.0937 0.0893 0.1376 0.0954 0.0390 0.1066 0.1114 
         171  1 0.1179 0.2288 0.0291 0.0801 0.2653 0.0368 0.1190 0.0136 0.0482 0.0610 
         172  1 0.1139 0.1292 0.0412 0.0984 0.1569 0.0888 0.1116 0.0798 0.0895 0.0906 
         173  1 0.0877 0.1813 0.0115 0.1084 0.2239 0.0752 0.1146 0.0383 0.0743 0.0848 
         174  1 0.0887 0.2048 0.0126 0.1017 0.2350 0.0723 0.1148 0.0192 0.0708 0.0801 
         175  1 0.1078 0.1230 0.0281 0.1173 0.1444 0.0907 0.1285 0.0552 0.0881 0.1169 
         176  1 0.1018 0.1173 0.0509 0.0993 0.1636 0.0993 0.1256 0.0392 0.1030 0.1000 
         177  1 0.0830 0.0407 0.4000 0.0572 0.0391 0.0855 0.0491 0.1244 0.0571 0.0639 
         178  1 0.0868 0.0629 0.4079 0.0648 0.0518 0.0574 0.0588 0.0742 0.0800 0.0553 
         179  1 0.0264 0.0299 0.7664 0.0265 0.0288 0.0262 0.0269 0.0152 0.0259 0.0280 
         180  1 0.0804 0.1227 0.0200 0.1505 0.0899 0.0829 0.1069 0.0591 0.1516 0.1359 
         181  1 0.0277 0.0292 0.7515 0.0260 0.0287 0.0282 0.0281 0.0212 0.0299 0.0295 
         182  1 0.0659 0.0499 0.4603 0.0568 0.0439 0.0672 0.0532 0.0769 0.0683 0.0575 
         183  1 0.0709 0.0620 0.3925 0.0662 0.0743 0.0775 0.0674 0.0525 0.0708 0.0659 
         184  1 0.0970 0.0791 0.2198 0.0887 0.0689 0.0919 0.0867 0.0827 0.0934 0.0919 
         185  1 0.0686 0.0496 0.4552 0.0495 0.0539 0.0575 0.0504 0.1134 0.0495 0.0524 
         186  1 0.0859 0.0744 0.2538 0.0952 0.0499 0.0695 0.0768 0.0935 0.1141 0.0869 
         187  1 0.1129 0.0971 0.0395 0.0941 0.1081 0.1134 0.1069 0.1274 0.1037 0.0968 
         188  1 0.0943 0.1140 0.0572 0.1313 0.0756 0.0852 0.0914 0.1003 0.1265 0.1243 
         189  1 0.0229 0.0231 0.8054 0.0214 0.0224 0.0211 0.0205 0.0204 0.0202 0.0227 
         190  1 0.0691 0.0950 0.2150 0.0944 0.0980 0.1051 0.0872 0.0243 0.1021 0.1097 
         191  1 0.1321 0.0975 0.0428 0.1078 0.0605 0.0691 0.0868 0.1687 0.1508 0.0840 
         192  1 0.0132 0.0105 0.8878 0.0119 0.0122 0.0108 0.0124 0.0180 0.0115 0.0116 
         193  1 0.0122 0.0109 0.8964 0.0116 0.0112 0.0107 0.0111 0.0134 0.0122 0.0102 
         194  1 0.0246 0.0241 0.7746 0.0259 0.0208 0.0228 0.0206 0.0220 0.0424 0.0223 
         195  1 0.0136 0.0136 0.8723 0.0137 0.0145 0.0149 0.0144 0.0134 0.0150 0.0147 
         196  1 0.0439 0.0259 0.6792 0.0265 0.0297 0.0274 0.0297 0.0770 0.0339 0.0269 
         197  1 0.0108 0.0120 0.8950 0.0109 0.0129 0.0121 0.0120 0.0111 0.0124 0.0108 
         198  1 0.0354 0.0414 0.6476 0.0308 0.0615 0.0301 0.0521 0.0174 0.0419 0.0417 
         199  1 0.0341 0.0330 0.7074 0.0365 0.0239 0.0297 0.0304 0.0171 0.0536 0.0343 
         200  1 0.0735 0.0510 0.3211 0.0673 0.0495 0.1295 0.0716 0.0744 0.0734 0.0887 
         201  1 0.1304 0.0853 0.0342 0.0924 0.0734 0.0990 0.0957 0.1954 0.0996 0.0947 
         202  1 0.0159 0.0190 0.8417 0.0167 0.0225 0.0190 0.0193 0.0106 0.0176 0.0176 
         203  1 0.0448 0.0404 0.6531 0.0345 0.0513 0.0331 0.0387 0.0366 0.0327 0.0348 
         204  1 0.0163 0.0116 0.8707 0.0126 0.0118 0.0125 0.0139 0.0246 0.0127 0.0132 
         205  1 0.0235 0.0244 0.7767 0.0250 0.0255 0.0243 0.0271 0.0193 0.0289 0.0254 
         206  1 0.0503 0.0388 0.5687 0.0413 0.0432 0.0445 0.0409 0.0880 0.0489 0.0355 
         207  1 0.1432 0.0596 0.0807 0.0908 0.0481 0.0614 0.0732 0.2480 0.1308 0.0641 
         208  1 0.2021 0.0107 0.0086 0.0110 0.0120 0.0125 0.0119 0.7073 0.0122 0.0116 
         209  1 0.1152 0.0757 0.0694 0.0878 0.0712 0.1183 0.0833 0.1876 0.0961 0.0952 
         210  1 0.2056 0.0162 0.0580 0.0177 0.0180 0.0210 0.0168 0.6111 0.0186 0.0171 
         211  1 0.1807 0.0318 0.0153 0.0306 0.0350 0.0417 0.0306 0.5658 0.0343 0.0342 
         212  1 0.0486 0.0437 0.5241 0.0600 0.0385 0.0607 0.0489 0.0445 0.0749 0.0562 
         213  1 0.1812 0.0288 0.0183 0.0342 0.0238 0.0338 0.0295 0.5783 0.0412 0.0309 
         214  1 0.1556 0.0348 0.1132 0.0415 0.0317 0.0355 0.0357 0.4501 0.0665 0.0354 
         215  1 0.0363 0.0140 0.7699 0.0147 0.0139 0.0168 0.0148 0.0865 0.0177 0.0153 
         216  1 0.1210 0.0400 0.3314 0.0390 0.0393 0.0428 0.0384 0.2539 0.0513 0.0430 
         217  1 0.0623 0.0205 0.6263 0.0194 0.0256 0.0247 0.0242 0.1491 0.0254 0.0224 
         218  1 0.0198 0.0221 0.8137 0.0200 0.0248 0.0202 0.0233 0.0145 0.0199 0.0216 
         219  1 0.1827 0.0370 0.0933 0.0501 0.0278 0.0324 0.0320 0.4459 0.0651 0.0337 
         220  1 0.1187 0.0628 0.1190 0.0749 0.0395 0.0886 0.0657 0.2614 0.0984 0.0710 
         221  1 0.1527 0.0856 0.0340 0.0793 0.0889 0.0775 0.0745 0.2530 0.0731 0.0814 
         222  1 0.1912 0.0225 0.0395 0.0195 0.0252 0.0188 0.0214 0.6223 0.0206 0.0189 
         223  1 0.0187 0.0183 0.8348 0.0163 0.0201 0.0160 0.0178 0.0247 0.0161 0.0172 
         224  1 0.0960 0.1004 0.0584 0.1225 0.0820 0.1370 0.1000 0.0463 0.1277 0.1296 
         225  1 0.0801 0.0853 0.2529 0.0943 0.0558 0.0835 0.0756 0.0665 0.1177 0.0882 
         226  1 0.0288 0.0225 0.7840 0.0203 0.0226 0.0197 0.0227 0.0323 0.0241 0.0229 
         227  1 0.0803 0.0717 0.2776 0.0820 0.0562 0.0731 0.0767 0.0905 0.1125 0.0795 
         228  1 0.0531 0.0459 0.5359 0.0613 0.0384 0.0558 0.0474 0.0326 0.0721 0.0574 
         229  1 0.1960 0.0190 0.0167 0.0194 0.0214 0.0211 0.0203 0.6483 0.0184 0.0195 
         230  1 0.1829 0.0284 0.0156 0.0295 0.0280 0.0308 0.0331 0.5846 0.0353 0.0315 
         231  1 0.0303 0.0178 0.8001 0.0185 0.0178 0.0178 0.0174 0.0456 0.0172 0.0175 
         232  1 0.1933 0.0152 0.0226 0.0171 0.0170 0.0194 0.0174 0.6651 0.0162 0.0167 
         233  1 0.1729 0.0286 0.0320 0.0365 0.0273 0.0327 0.0348 0.5638 0.0402 0.0313 
         234  1 0.1070 0.1519 0.0239 0.0973 0.1876 0.0832 0.1182 0.0382 0.0940 0.0987 
         235  1 0.1724 0.0473 0.0303 0.0500 0.0456 0.0555 0.0540 0.4384 0.0499 0.0567 
         236  1 0.2136 0.0318 0.0121 0.0462 0.0271 0.0218 0.0268 0.5531 0.0396 0.0278 
         237  1 0.1643 0.0412 0.0481 0.0523 0.0290 0.0408 0.0457 0.4618 0.0649 0.0518 
         238  1 0.1424 0.0460 0.2464 0.0370 0.0489 0.0326 0.0374 0.3397 0.0336 0.0359 
         239  1 0.1593 0.0331 0.0266 0.0436 0.0386 0.0846 0.0493 0.4598 0.0488 0.0563 
         240  1 0.1551 0.0429 0.0283 0.0670 0.0327 0.1152 0.0524 0.3633 0.0705 0.0725 
         241  1 0.0950 0.0999 0.0559 0.0868 0.1422 0.1161 0.1400 0.0387 0.1074 0.1180 
         242  1 0.1289 0.0664 0.0772 0.0752 0.0697 0.0806 0.0839 0.2524 0.0868 0.0790 
         243  1 0.1927 0.0312 0.0207 0.0344 0.0244 0.0274 0.0308 0.5742 0.0353 0.0290 
         244  1 0.1158 0.1085 0.0742 0.0842 0.1167 0.0800 0.0929 0.1545 0.0953 0.0777 
         245  1 0.1931 0.0142 0.0215 0.0158 0.0148 0.0172 0.0147 0.6703 0.0245 0.0140 
         246  1 0.1680 0.0533 0.1103 0.0649 0.0513 0.0506 0.0517 0.3094 0.0834 0.0570 
         247  1 0.1640 0.0511 0.0718 0.0547 0.0516 0.0621 0.0581 0.3767 0.0518 0.0581 
         248  1 0.1694 0.0399 0.0674 0.0516 0.0355 0.0534 0.0457 0.4452 0.0472 0.0446 
         249  1 0.1437 0.0689 0.0264 0.0942 0.0418 0.1035 0.0695 0.2517 0.1215 0.0788 
         250  1 0.1209 0.1351 0.0571 0.0860 0.1357 0.0726 0.0961 0.1348 0.0830 0.0788 
         251  1 0.1931 0.0179 0.0448 0.0138 0.0192 0.0145 0.0150 0.6530 0.0143 0.0145 
         252  1 0.1912 0.0231 0.0140 0.0306 0.0177 0.0215 0.0249 0.6124 0.0369 0.0276 
         253  1 0.1607 0.0392 0.1532 0.0373 0.0372 0.0389 0.0369 0.4246 0.0366 0.0355 
         254  1 0.1390 0.0606 0.0499 0.0868 0.0474 0.0710 0.0738 0.3051 0.0974 0.0690 
         255  1 0.2078 0.0163 0.0661 0.0175 0.0170 0.0194 0.0174 0.6012 0.0190 0.0183 
         256  1 0.1988 0.0117 0.0190 0.0109 0.0123 0.0118 0.0118 0.7009 0.0111 0.0115 
         257  1 0.2060 0.0161 0.0405 0.0191 0.0144 0.0165 0.0155 0.6316 0.0244 0.0159 
         258  1 0.1581 0.0471 0.0485 0.0563 0.0407 0.0675 0.0536 0.4137 0.0559 0.0587 
         259  1 0.1575 0.0465 0.0587 0.0423 0.0474 0.0417 0.0434 0.4668 0.0583 0.0375 
