           1  1 0.2005 0.2102 0.0349 0.1606 0.1600 0.0380 0.1959 
           2  1 0.1845 0.1816 0.0209 0.2021 0.1909 0.0115 0.2086 
           3  1 0.1592 0.1309 0.0122 0.1642 0.2595 0.0457 0.2284 
           4  1 0.1978 0.2004 0.0094 0.1799 0.2115 0.0118 0.1892 
           5  1 0.1610 0.1265 0.0138 0.1764 0.2550 0.0365 0.2308 
           6  1 0.0876 0.1075 0.4076 0.1001 0.1537 0.0361 0.1073 
           7  1 0.1630 0.1596 0.0614 0.1620 0.2144 0.0130 0.2266 
           8  1 0.1513 0.1113 0.0101 0.1699 0.2722 0.0122 0.2731 
           9  1 0.1317 0.1086 0.0496 0.1612 0.1508 0.2539 0.1443 
          10  1 0.1377 0.1383 0.0385 0.1432 0.2804 0.0169 0.2451 
          11  1 0.1444 0.1312 0.1365 0.1503 0.1649 0.1083 0.1645 
          12  1 0.1592 0.1260 0.0328 0.2011 0.2163 0.0216 0.2428 
          13  1 0.0984 0.1063 0.4006 0.1101 0.1085 0.0812 0.0949 
          14  1 0.1763 0.2012 0.1049 0.1857 0.1521 0.0362 0.1436 
          15  1 0.1673 0.1583 0.0286 0.2090 0.2115 0.0230 0.2024 
          16  1 0.1753 0.1624 0.0263 0.2428 0.1774 0.0245 0.1912 
          17  1 0.2248 0.2247 0.0156 0.2127 0.1276 0.0149 0.1798 
          18  1 0.1443 0.1470 0.0446 0.1499 0.1578 0.2115 0.1449 
          19  1 0.1894 0.1744 0.0342 0.1700 0.1966 0.0131 0.2222 
          20  1 0.1735 0.1681 0.0190 0.2320 0.1606 0.0409 0.2060 
          21  1 0.1741 0.2196 0.1226 0.1737 0.1513 0.0231 0.1356 
          22  1 0.2026 0.1824 0.0280 0.2221 0.1582 0.0113 0.1955 
          23  1 0.1623 0.1415 0.0092 0.2078 0.2374 0.0275 0.2143 
          24  1 0.2241 0.2577 0.0432 0.1922 0.1328 0.0289 0.1211 
          25  1 0.1713 0.1584 0.0132 0.2011 0.1889 0.0296 0.2374 
          26  1 0.1291 0.1149 0.2393 0.1356 0.1929 0.0209 0.1674 
          27  1 0.2071 0.1922 0.0233 0.2145 0.1476 0.0181 0.1973 
          28  1 0.1133 0.1274 0.0382 0.1322 0.3340 0.0257 0.2293 
          29  1 0.1883 0.1912 0.0418 0.1985 0.1771 0.0242 0.1789 
          30  1 0.1406 0.1404 0.0544 0.1709 0.1921 0.1202 0.1814 
          31  1 0.2003 0.2223 0.0236 0.1734 0.1085 0.1253 0.1468 
          32  1 0.1670 0.1643 0.0253 0.1996 0.2216 0.0199 0.2023 
          33  1 0.1971 0.2301 0.0421 0.1968 0.1622 0.0230 0.1487 
          34  1 0.1606 0.1647 0.0127 0.2065 0.1741 0.0825 0.1990 
          35  1 0.2367 0.2596 0.0228 0.2051 0.1016 0.0214 0.1529 
          36  1 0.1150 0.1299 0.1935 0.1307 0.1386 0.1673 0.1251 
          37  1 0.2092 0.2008 0.0118 0.2247 0.1503 0.0148 0.1884 
          38  1 0.1801 0.1654 0.0479 0.1834 0.1884 0.0439 0.1909 
          39  1 0.2340 0.1857 0.0516 0.1780 0.1690 0.0299 0.1518 
          40  1 0.2406 0.2748 0.0141 0.2001 0.0806 0.0567 0.1330 
          41  1 0.0998 0.1078 0.1243 0.0958 0.0880 0.3881 0.0961 
          42  1 0.1625 0.1561 0.0847 0.1628 0.1971 0.0544 0.1825 
          43  1 0.2124 0.2374 0.0369 0.2059 0.1347 0.0105 0.1622 
          44  1 0.1762 0.1981 0.0207 0.1920 0.1838 0.0258 0.2034 
          45  1 0.1918 0.2072 0.0246 0.2117 0.1433 0.0199 0.2014 
          46  1 0.2305 0.2414 0.0214 0.2097 0.1227 0.0297 0.1445 
          47  1 0.1488 0.1418 0.0221 0.1919 0.2043 0.0944 0.1966 
          48  1 0.2205 0.2124 0.0432 0.2071 0.1557 0.0154 0.1456 
          49  1 0.1637 0.1662 0.0411 0.1692 0.2160 0.0338 0.2100 
          50  1 0.1934 0.1970 0.0381 0.2021 0.1711 0.0256 0.1727 
          51  1 0.1829 0.1729 0.0378 0.1962 0.1764 0.0415 0.1922 
          52  1 0.1657 0.1544 0.0119 0.2312 0.1840 0.0262 0.2265 
          53  1 0.2113 0.2125 0.0244 0.1894 0.1333 0.0329 0.1963 
          54  1 0.1380 0.1337 0.1712 0.1554 0.1598 0.0729 0.1690 
          55  1 0.1740 0.2070 0.0318 0.1841 0.1914 0.0233 0.1884 
          56  1 0.1883 0.1424 0.0164 0.1903 0.1944 0.0467 0.2214 
          57  1 0.2065 0.2416 0.0199 0.2065 0.1097 0.0482 0.1675 
          58  1 0.1596 0.1735 0.0176 0.1743 0.2251 0.0302 0.2197 
          59  1 0.1156 0.1031 0.1304 0.1426 0.2883 0.0245 0.1955 
          60  1 0.2284 0.2656 0.0123 0.1884 0.1206 0.0179 0.1669 
          61  1 0.1859 0.2018 0.0903 0.1686 0.1544 0.0614 0.1376 
          62  1 0.1901 0.1948 0.0152 0.2004 0.1742 0.0314 0.1939 
          63  1 0.1828 0.2165 0.0163 0.1916 0.1815 0.0121 0.1992 
          64  1 0.2168 0.1841 0.0250 0.2037 0.1697 0.0222 0.1786 
          65  1 0.1657 0.2059 0.0604 0.1718 0.1502 0.0945 0.1515 
          66  1 0.2274 0.2284 0.0289 0.2015 0.1422 0.0163 0.1553 
          67  1 0.0652 0.0563 0.2582 0.0687 0.0763 0.4052 0.0702 
          68  1 0.2112 0.2265 0.0398 0.2215 0.1382 0.0293 0.1335 
          69  1 0.1837 0.2273 0.0149 0.1785 0.1808 0.0209 0.1938 
          70  1 0.2139 0.2336 0.0283 0.2091 0.1292 0.0167 0.1690 
          71  1 0.1820 0.1717 0.0478 0.1928 0.1885 0.0172 0.2000 
          72  1 0.1587 0.1464 0.1292 0.1640 0.1610 0.0846 0.1562 
          73  1 0.1871 0.1886 0.0389 0.2027 0.1804 0.0197 0.1827 
          74  1 0.1927 0.2195 0.0266 0.2145 0.1717 0.0108 0.1641 
          75  1 0.1900 0.2017 0.0777 0.1716 0.1311 0.0550 0.1730 
          76  1 0.1845 0.2179 0.0182 0.1978 0.1966 0.0257 0.1595 
          77  1 0.2035 0.2336 0.0112 0.2092 0.1465 0.0120 0.1840 
          78  1 0.1243 0.1181 0.0414 0.1551 0.3193 0.0099 0.2318 
          79  1 0.1893 0.1622 0.0108 0.2329 0.1772 0.0158 0.2119 
          80  1 0.1909 0.1958 0.0196 0.2093 0.1662 0.0127 0.2055 
          81  1 0.1681 0.1824 0.0631 0.2005 0.1587 0.0353 0.1919 
          82  1 0.1842 0.1780 0.0267 0.2163 0.1764 0.0246 0.1939 
          83  1 0.1681 0.1878 0.0792 0.1948 0.1768 0.0201 0.1732 
          84  1 0.1599 0.1756 0.0196 0.1609 0.2336 0.0347 0.2157 
          85  1 0.1458 0.1281 0.0129 0.1671 0.2856 0.0292 0.2312 
          86  1 0.1487 0.1034 0.0149 0.1686 0.2834 0.0383 0.2427 
          87  1 0.1839 0.1625 0.0881 0.1889 0.1861 0.0259 0.1646 
          88  1 0.1775 0.1903 0.0269 0.2101 0.1823 0.0140 0.1989 
          89  1 0.1821 0.1407 0.0228 0.2074 0.2363 0.0170 0.1936 
          90  1 0.1991 0.2339 0.0253 0.1939 0.1277 0.0285 0.1917 
          91  1 0.1913 0.1769 0.0140 0.1888 0.1941 0.0229 0.2120 
          92  1 0.1985 0.2385 0.0147 0.1923 0.1325 0.0407 0.1828 
          93  1 0.1397 0.1194 0.0885 0.1495 0.2435 0.0244 0.2350 
          94  1 0.1729 0.1489 0.0157 0.1924 0.2473 0.0167 0.2061 
          95  1 0.1713 0.1600 0.0336 0.1784 0.2151 0.0113 0.2302 
          96  1 0.0971 0.0870 0.0885 0.1067 0.2710 0.1673 0.1823 
          97  1 0.2513 0.2579 0.0120 0.2054 0.1291 0.0153 0.1291 
          98  1 0.1605 0.2018 0.0349 0.1707 0.2139 0.0268 0.1915 
          99  1 0.1984 0.2119 0.0246 0.1950 0.1616 0.0218 0.1867 
         100  1 0.1948 0.1951 0.0221 0.1956 0.1445 0.0412 0.2067 
         101  1 0.1584 0.1088 0.0123 0.1553 0.2974 0.0153 0.2525 
         102  1 0.1698 0.1739 0.0161 0.1776 0.2319 0.0092 0.2216 
         103  1 0.2108 0.1477 0.0150 0.2032 0.2000 0.0109 0.2124 
         104  1 0.1974 0.2026 0.0174 0.2011 0.1640 0.0165 0.2010 
         105  1 0.1887 0.1889 0.0473 0.1614 0.1355 0.1510 0.1272 
         106  1 0.1914 0.1972 0.0111 0.2037 0.1695 0.0126 0.2146 
         107  1 0.1722 0.1812 0.1068 0.1649 0.1355 0.0917 0.1477 
         108  1 0.1387 0.1347 0.0341 0.1796 0.2975 0.0178 0.1977 
         109  1 0.1857 0.1992 0.0118 0.2076 0.1703 0.0144 0.2109 
         110  1 0.1988 0.1910 0.0109 0.2405 0.1435 0.0109 0.2045 
         111  1 0.1560 0.1323 0.0676 0.1841 0.2418 0.0088 0.2095 
         112  1 0.1920 0.2113 0.0134 0.1952 0.1578 0.0254 0.2049 
         113  1 0.1569 0.1198 0.0125 0.1492 0.2875 0.0158 0.2583 
         114  1 0.1598 0.1572 0.1443 0.1733 0.1484 0.0373 0.1797 
         115  1 0.2042 0.2010 0.0295 0.1914 0.1636 0.0357 0.1747 
         116  1 0.1615 0.1610 0.0229 0.1781 0.2393 0.0421 0.1952 
         117  1 0.2156 0.2518 0.0265 0.2107 0.1199 0.0222 0.1533 
         118  1 0.2102 0.2416 0.0110 0.2113 0.1257 0.0168 0.1834 
         119  1 0.1604 0.1637 0.0775 0.1717 0.1936 0.0587 0.1744 
         120  1 0.1853 0.1681 0.0425 0.2192 0.1613 0.0289 0.1946 
         121  1 0.2111 0.2199 0.0118 0.2147 0.1259 0.0222 0.1944 
         122  1 0.1692 0.1592 0.0243 0.2057 0.1721 0.0803 0.1891 
         123  1 0.1497 0.1293 0.1243 0.1608 0.1883 0.0751 0.1725 
         124  1 0.1946 0.1800 0.0259 0.2004 0.1643 0.0353 0.1995 
         125  1 0.1880 0.1867 0.0134 0.1783 0.1915 0.0184 0.2237 
         126  1 0.1787 0.1564 0.0757 0.1798 0.1696 0.0591 0.1807 
         127  1 0.2077 0.2162 0.0165 0.1967 0.1090 0.0637 0.1903 
         128  1 0.2269 0.2549 0.0340 0.1877 0.1224 0.0229 0.1513 
         129  1 0.1408 0.1649 0.2034 0.1470 0.1714 0.0162 0.1563 
         130  1 0.0493 0.0594 0.5486 0.0553 0.0587 0.1719 0.0567 
         131  1 0.2228 0.1981 0.0236 0.2108 0.1374 0.0143 0.1931 
         132  1 0.2250 0.2281 0.0186 0.2054 0.1164 0.0193 0.1873 
         133  1 0.1705 0.2014 0.0412 0.1860 0.1632 0.0843 0.1534 
         134  1 0.1432 0.1446 0.0174 0.1833 0.2678 0.0207 0.2230 
         135  1 0.1796 0.1730 0.0196 0.1895 0.1919 0.0123 0.2341 
         136  1 0.2266 0.2841 0.0295 0.1926 0.0844 0.0297 0.1531 
         137  1 0.2501 0.2992 0.0300 0.1962 0.1011 0.0295 0.0939 
         138  1 0.2280 0.1942 0.0200 0.1807 0.1426 0.1129 0.1216 
         139  1 0.2493 0.2891 0.0162 0.1891 0.1153 0.0286 0.1122 
         140  1 0.1332 0.1626 0.0913 0.1270 0.1339 0.2334 0.1185 
         141  1 0.0343 0.0345 0.7253 0.0348 0.0575 0.0676 0.0459 
         142  1 0.1366 0.1193 0.0289 0.1748 0.2859 0.0306 0.2239 
         143  1 0.1108 0.0930 0.1512 0.1087 0.1275 0.3064 0.1025 
         144  1 0.1528 0.1095 0.0287 0.1731 0.2984 0.0125 0.2252 
         145  1 0.1717 0.1396 0.0269 0.1888 0.2201 0.0256 0.2273 
         146  1 0.1263 0.1444 0.0521 0.1494 0.3033 0.0239 0.2007 
         147  1 0.1763 0.2109 0.0952 0.1748 0.1497 0.0555 0.1377 
         148  1 0.1611 0.1134 0.0222 0.1873 0.2624 0.0155 0.2382 
         149  1 0.1465 0.1380 0.0356 0.1754 0.2340 0.0315 0.2390 
         150  1 0.1424 0.0857 0.0115 0.1769 0.3134 0.0098 0.2603 
         151  1 0.2160 0.2576 0.0226 0.1850 0.1249 0.0398 0.1541 
         152  1 0.2290 0.2734 0.0285 0.1921 0.1299 0.0292 0.1179 
         153  1 0.1254 0.1485 0.0325 0.1346 0.1897 0.2351 0.1343 
         154  1 0.2504 0.3023 0.0123 0.1967 0.0750 0.0142 0.1491 
         155  1 0.1925 0.2334 0.0238 0.1837 0.1598 0.0322 0.1745 
         156  1 0.1542 0.1464 0.0426 0.1947 0.2122 0.0617 0.1881 
         157  1 0.1803 0.1421 0.0242 0.1753 0.2488 0.0191 0.2102 
         158  1 0.2034 0.2082 0.0517 0.1894 0.1628 0.0220 0.1626 
         159  1 0.2059 0.2263 0.0099 0.1876 0.1526 0.0312 0.1866 
         160  1 0.1689 0.2063 0.0239 0.1697 0.2210 0.0326 0.1776 
         161  1 0.2456 0.2788 0.0150 0.2060 0.0885 0.0229 0.1432 
         162  1 0.1920 0.1839 0.0361 0.1867 0.1881 0.0273 0.1860 
         163  1 0.2178 0.2752 0.0241 0.1935 0.1328 0.0271 0.1295 
         164  1 0.2275 0.2844 0.0135 0.2011 0.1246 0.0136 0.1354 
         165  1 0.1866 0.1556 0.0107 0.2210 0.1787 0.0399 0.2074 
         166  1 0.1830 0.1631 0.0513 0.1696 0.1634 0.0974 0.1722 
         167  1 0.2400 0.2837 0.0150 0.2117 0.1170 0.0239 0.1087 
         168  1 0.1873 0.1935 0.0277 0.1770 0.2082 0.0174 0.1889 
         169  1 0.1798 0.1958 0.0341 0.1662 0.1806 0.0921 0.1515 
         170  1 0.1264 0.1084 0.0342 0.1482 0.1818 0.2508 0.1503 
         171  1 0.2516 0.2699 0.0137 0.1864 0.1220 0.0510 0.1053 
         172  1 0.1892 0.2137 0.1264 0.1651 0.1297 0.0565 0.1195 
         173  1 0.2150 0.2781 0.0330 0.1950 0.1278 0.0145 0.1365 
         174  1 0.2299 0.2758 0.0154 0.2126 0.1175 0.0138 0.1350 
         175  1 0.2083 0.2003 0.0558 0.1900 0.1559 0.0355 0.1542 
         176  1 0.1923 0.2354 0.0397 0.1742 0.1318 0.0765 0.1501 
         177  1 0.0396 0.0292 0.1816 0.0441 0.0642 0.5843 0.0570 
         178  1 0.0833 0.0705 0.0725 0.0728 0.0709 0.5587 0.0713 
         179  1 0.0309 0.0278 0.0145 0.0237 0.0264 0.8516 0.0251 
         180  1 0.1904 0.1470 0.0103 0.2249 0.1845 0.0331 0.2098 
         181  1 0.0278 0.0295 0.0250 0.0294 0.0241 0.8380 0.0262 
         182  1 0.0383 0.0354 0.0745 0.0499 0.0576 0.6963 0.0480 
         183  1 0.0793 0.0803 0.0817 0.0680 0.0660 0.5555 0.0691 
         184  1 0.0712 0.0725 0.1332 0.0883 0.0995 0.4408 0.0946 
         185  1 0.0620 0.0665 0.1868 0.0593 0.0663 0.5090 0.0500 
         186  1 0.0769 0.0645 0.1101 0.0830 0.0801 0.5007 0.0848 
         187  1 0.1428 0.1607 0.2291 0.1350 0.1343 0.0640 0.1340 
         188  1 0.1447 0.1021 0.1423 0.1507 0.1840 0.0977 0.1785 
         189  1 0.0231 0.0209 0.0204 0.0218 0.0221 0.8698 0.0218 
         190  1 0.1183 0.1105 0.0122 0.1203 0.1453 0.3532 0.1401 
         191  1 0.1357 0.1300 0.2361 0.1429 0.1163 0.1144 0.1246 
         192  1 0.0117 0.0111 0.0219 0.0124 0.0127 0.9180 0.0121 
         193  1 0.0114 0.0110 0.0147 0.0110 0.0119 0.9289 0.0111 
         194  1 0.0188 0.0188 0.0199 0.0178 0.0166 0.8912 0.0169 
         195  1 0.0147 0.0153 0.0147 0.0145 0.0153 0.9113 0.0142 
         196  1 0.0264 0.0237 0.0849 0.0294 0.0276 0.7819 0.0262 
         197  1 0.0122 0.0144 0.0126 0.0121 0.0118 0.9243 0.0126 
         198  1 0.0458 0.0538 0.0170 0.0464 0.0365 0.7571 0.0435 
         199  1 0.0264 0.0238 0.0124 0.0279 0.0282 0.8506 0.0307 
         200  1 0.0519 0.0489 0.0820 0.0568 0.1311 0.5269 0.1024 
         201  1 0.1161 0.1141 0.3151 0.1205 0.1374 0.0632 0.1336 
         202  1 0.0182 0.0184 0.0110 0.0179 0.0170 0.8987 0.0186 
         203  1 0.0386 0.0418 0.0438 0.0396 0.0338 0.7708 0.0317 
         204  1 0.0129 0.0130 0.0277 0.0133 0.0125 0.9079 0.0127 
         205  1 0.0271 0.0270 0.0222 0.0273 0.0288 0.8399 0.0277 
         206  1 0.0310 0.0356 0.1110 0.0363 0.0380 0.7108 0.0374 
         207  1 0.0914 0.0805 0.4126 0.0879 0.0813 0.1615 0.0848 
         208  1 0.0122 0.0127 0.9267 0.0134 0.0119 0.0107 0.0124 
         209  1 0.0812 0.0775 0.4108 0.0841 0.1348 0.1015 0.1101 
         210  1 0.0162 0.0171 0.8187 0.0147 0.0170 0.1001 0.0162 
         211  1 0.0362 0.0354 0.7981 0.0350 0.0425 0.0181 0.0347 
         212  1 0.0448 0.0410 0.0449 0.0452 0.0497 0.7222 0.0522 
         213  1 0.0265 0.0273 0.8460 0.0263 0.0289 0.0199 0.0251 
         214  1 0.0311 0.0294 0.6940 0.0331 0.0332 0.1477 0.0313 
         215  1 0.0147 0.0144 0.0884 0.0144 0.0181 0.8353 0.0146 
         216  1 0.0441 0.0454 0.3638 0.0373 0.0437 0.4274 0.0383 
         217  1 0.0253 0.0275 0.1979 0.0275 0.0276 0.6678 0.0264 
         218  1 0.0269 0.0285 0.0181 0.0234 0.0234 0.8560 0.0238 
         219  1 0.0331 0.0309 0.7072 0.0280 0.0291 0.1443 0.0274 
         220  1 0.0553 0.0404 0.5463 0.0512 0.0889 0.1438 0.0740 
         221  1 0.1153 0.1207 0.4242 0.1000 0.1050 0.0390 0.0957 
         222  1 0.0208 0.0239 0.8561 0.0190 0.0200 0.0428 0.0175 
         223  1 0.0195 0.0211 0.0311 0.0198 0.0187 0.8708 0.0189 
         224  1 0.1393 0.1257 0.0543 0.1596 0.2019 0.1025 0.2167 
         225  1 0.0821 0.0698 0.0721 0.0965 0.1087 0.4606 0.1103 
         226  1 0.0231 0.0203 0.0353 0.0213 0.0216 0.8572 0.0213 
         227  1 0.0887 0.0867 0.1131 0.0952 0.0818 0.4470 0.0876 
         228  1 0.0421 0.0419 0.0329 0.0492 0.0485 0.7340 0.0513 
         229  1 0.0192 0.0206 0.8772 0.0191 0.0235 0.0195 0.0210 
         230  1 0.0257 0.0289 0.8404 0.0258 0.0306 0.0175 0.0311 
         231  1 0.0215 0.0207 0.0647 0.0206 0.0204 0.8320 0.0201 
         232  1 0.0164 0.0170 0.8915 0.0151 0.0200 0.0234 0.0165 
         233  1 0.0229 0.0243 0.8424 0.0263 0.0255 0.0285 0.0300 
         234  1 0.2211 0.2508 0.0312 0.1932 0.1209 0.0348 0.1480 
         235  1 0.0464 0.0500 0.7074 0.0466 0.0580 0.0364 0.0552 
         236  1 0.0312 0.0311 0.8413 0.0299 0.0233 0.0163 0.0268 
         237  1 0.0386 0.0322 0.7464 0.0375 0.0446 0.0605 0.0401 
         238  1 0.0383 0.0481 0.4824 0.0368 0.0327 0.3299 0.0318 
         239  1 0.0428 0.0355 0.7038 0.0470 0.0850 0.0301 0.0559 
         240  1 0.0388 0.0288 0.6697 0.0414 0.1119 0.0344 0.0750 
         241  1 0.1839 0.2093 0.0453 0.1620 0.1553 0.0655 0.1786 
         242  1 0.0855 0.0803 0.4440 0.0907 0.0802 0.1285 0.0908 
         243  1 0.0252 0.0247 0.8485 0.0288 0.0256 0.0196 0.0276 
         244  1 0.1352 0.1370 0.2328 0.1343 0.1105 0.1443 0.1058 
         245  1 0.0107 0.0124 0.9171 0.0121 0.0147 0.0202 0.0127 
         246  1 0.0625 0.0668 0.5574 0.0591 0.0576 0.1397 0.0570 
         247  1 0.0502 0.0501 0.6562 0.0469 0.0617 0.0754 0.0594 
         248  1 0.0325 0.0393 0.7371 0.0375 0.0440 0.0702 0.0394 
         249  1 0.0841 0.0731 0.4890 0.0786 0.1371 0.0371 0.1009 
         250  1 0.1639 0.1700 0.2189 0.1382 0.1176 0.0825 0.1089 
         251  1 0.0179 0.0192 0.8621 0.0189 0.0150 0.0526 0.0143 
         252  1 0.0207 0.0158 0.8925 0.0188 0.0202 0.0148 0.0173 
         253  1 0.0415 0.0434 0.6450 0.0367 0.0389 0.1580 0.0364 
         254  1 0.0723 0.0581 0.5732 0.0722 0.0779 0.0685 0.0778 
         255  1 0.0185 0.0177 0.8136 0.0161 0.0192 0.0961 0.0189 
         256  1 0.0124 0.0127 0.9162 0.0127 0.0112 0.0235 0.0112 
         257  1 0.0160 0.0150 0.8562 0.0149 0.0161 0.0676 0.0143 
         258  1 0.0482 0.0434 0.6449 0.0478 0.0792 0.0718 0.0646 
         259  1 0.0408 0.0418 0.7035 0.0432 0.0483 0.0845 0.0378 
