           1  1 0.1798 0.0384 0.0265 0.1134 0.1170 0.1893 0.1596 0.1759 
           2  1 0.1444 0.0105 0.0200 0.1350 0.1733 0.1744 0.1633 0.1792 
           3  1 0.1362 0.0410 0.0107 0.1843 0.1541 0.1643 0.1806 0.1289 
           4  1 0.1446 0.0106 0.0087 0.1942 0.2002 0.1376 0.1852 0.1189 
           5  1 0.1269 0.0316 0.0123 0.2021 0.1655 0.1615 0.1778 0.1223 
           6  1 0.0734 0.0363 0.3693 0.1364 0.1218 0.0778 0.1097 0.0755 
           7  1 0.1401 0.0120 0.0589 0.1402 0.1556 0.1649 0.1652 0.1632 
           8  1 0.1415 0.0130 0.0091 0.1646 0.1472 0.1863 0.1878 0.1505 
           9  1 0.1130 0.1796 0.0435 0.1153 0.1251 0.1397 0.1479 0.1359 
          10  1 0.1516 0.0155 0.0334 0.1838 0.1495 0.1688 0.1594 0.1380 
          11  1 0.1372 0.0886 0.1065 0.1178 0.1413 0.1265 0.1353 0.1468 
          12  1 0.1360 0.0196 0.0297 0.1518 0.1632 0.1734 0.1543 0.1720 
          13  1 0.0879 0.0804 0.3434 0.1064 0.1033 0.0918 0.0994 0.0874 
          14  1 0.1325 0.0324 0.0995 0.1586 0.1495 0.1424 0.1416 0.1435 
          15  1 0.1329 0.0210 0.0267 0.1528 0.1581 0.1599 0.1637 0.1848 
          16  1 0.1419 0.0216 0.0236 0.1417 0.1632 0.1741 0.1575 0.1765 
          17  1 0.1999 0.0142 0.0128 0.1277 0.1303 0.1847 0.1402 0.1902 
          18  1 0.1277 0.1971 0.0447 0.1332 0.1265 0.1281 0.1309 0.1118 
          19  1 0.1850 0.0131 0.0278 0.1526 0.1250 0.1635 0.1478 0.1852 
          20  1 0.1467 0.0387 0.0171 0.1270 0.1549 0.1818 0.1472 0.1866 
          21  1 0.1465 0.0216 0.0974 0.1636 0.1706 0.1348 0.1337 0.1319 
          22  1 0.1581 0.0104 0.0245 0.1197 0.1970 0.1589 0.1640 0.1674 
          23  1 0.1530 0.0238 0.0089 0.1553 0.1570 0.1737 0.1896 0.1386 
          24  1 0.1368 0.0248 0.0411 0.1888 0.2077 0.1333 0.1475 0.1199 
          25  1 0.1613 0.0249 0.0124 0.1639 0.1379 0.1857 0.1658 0.1482 
          26  1 0.1325 0.0172 0.1919 0.1311 0.1197 0.1430 0.1286 0.1360 
          27  1 0.1599 0.0171 0.0227 0.1175 0.1460 0.1744 0.1612 0.2011 
          28  1 0.1346 0.0214 0.0333 0.2016 0.1773 0.1309 0.1905 0.1104 
          29  1 0.1675 0.0227 0.0345 0.1525 0.1503 0.1542 0.1491 0.1693 
          30  1 0.1369 0.1025 0.0507 0.1372 0.1387 0.1538 0.1500 0.1304 
          31  1 0.2009 0.1145 0.0221 0.1231 0.0977 0.1621 0.1287 0.1510 
          32  1 0.1689 0.0174 0.0215 0.1549 0.1429 0.1766 0.1646 0.1532 
          33  1 0.1514 0.0213 0.0440 0.1674 0.1683 0.1328 0.1487 0.1662 
          34  1 0.1697 0.0623 0.0115 0.1581 0.1397 0.1621 0.1569 0.1398 
          35  1 0.2354 0.0192 0.0218 0.1277 0.1023 0.1833 0.1367 0.1735 
          36  1 0.1067 0.1444 0.1851 0.1277 0.1204 0.1082 0.1052 0.1022 
          37  1 0.1578 0.0134 0.0095 0.0969 0.1540 0.1785 0.1689 0.2211 
          38  1 0.1551 0.0365 0.0404 0.1612 0.1418 0.1625 0.1473 0.1552 
          39  1 0.1465 0.0285 0.0420 0.1438 0.2100 0.1389 0.1489 0.1416 
          40  1 0.2569 0.0515 0.0129 0.1083 0.0826 0.1813 0.1447 0.1618 
          41  1 0.0995 0.3442 0.1020 0.0813 0.0770 0.1021 0.0906 0.1032 
          42  1 0.1514 0.0470 0.0737 0.1441 0.1356 0.1505 0.1453 0.1524 
          43  1 0.1639 0.0105 0.0312 0.1607 0.1616 0.1603 0.1474 0.1645 
          44  1 0.1944 0.0245 0.0192 0.1462 0.1249 0.1533 0.1598 0.1778 
          45  1 0.1617 0.0175 0.0184 0.1202 0.1398 0.1920 0.1587 0.1916 
          46  1 0.1647 0.0264 0.0187 0.1780 0.1761 0.1377 0.1582 0.1402 
          47  1 0.1449 0.0760 0.0188 0.1579 0.1379 0.1569 0.1590 0.1487 
          48  1 0.1481 0.0132 0.0369 0.1555 0.1990 0.1571 0.1394 0.1509 
          49  1 0.1571 0.0286 0.0407 0.1504 0.1526 0.1481 0.1593 0.1631 
          50  1 0.1447 0.0249 0.0335 0.1593 0.1782 0.1600 0.1480 0.1515 
          51  1 0.1576 0.0330 0.0301 0.1467 0.1634 0.1583 0.1423 0.1686 
          52  1 0.1368 0.0219 0.0111 0.1501 0.1624 0.1785 0.1660 0.1733 
          53  1 0.1944 0.0287 0.0225 0.1214 0.1263 0.1775 0.1400 0.1893 
          54  1 0.1188 0.0639 0.1463 0.1230 0.1317 0.1366 0.1340 0.1457 
          55  1 0.1911 0.0230 0.0252 0.1508 0.1145 0.1683 0.1718 0.1553 
          56  1 0.1414 0.0351 0.0151 0.1499 0.1838 0.1551 0.1563 0.1633 
          57  1 0.2072 0.0425 0.0174 0.1362 0.1134 0.1737 0.1361 0.1735 
          58  1 0.1605 0.0286 0.0153 0.1706 0.1486 0.1545 0.1611 0.1607 
          59  1 0.1042 0.0215 0.1170 0.1790 0.1538 0.1271 0.1822 0.1152 
          60  1 0.2271 0.0168 0.0110 0.1408 0.1021 0.1697 0.1631 0.1694 
          61  1 0.1355 0.0559 0.0840 0.1644 0.1713 0.1336 0.1326 0.1227 
          62  1 0.1831 0.0275 0.0156 0.1376 0.1478 0.1684 0.1600 0.1600 
          63  1 0.1646 0.0102 0.0138 0.1782 0.1648 0.1504 0.1615 0.1565 
          64  1 0.1579 0.0212 0.0238 0.1446 0.1694 0.1610 0.1509 0.1711 
          65  1 0.1930 0.0799 0.0526 0.1273 0.1043 0.1371 0.1486 0.1572 
          66  1 0.1751 0.0150 0.0258 0.1607 0.1629 0.1589 0.1413 0.1603 
          67  1 0.0580 0.3672 0.2477 0.0642 0.0687 0.0696 0.0601 0.0645 
          68  1 0.1404 0.0268 0.0366 0.1799 0.2000 0.1268 0.1424 0.1471 
          69  1 0.1906 0.0192 0.0136 0.1719 0.1265 0.1688 0.1577 0.1517 
          70  1 0.2335 0.0162 0.0275 0.1278 0.1183 0.1592 0.1449 0.1725 
          71  1 0.1602 0.0143 0.0399 0.1197 0.1757 0.1684 0.1519 0.1699 
          72  1 0.1193 0.0672 0.1105 0.0999 0.1717 0.1425 0.1379 0.1510 
          73  1 0.1616 0.0176 0.0324 0.1496 0.1876 0.1643 0.1429 0.1440 
          74  1 0.1501 0.0109 0.0257 0.1641 0.1642 0.1531 0.1584 0.1734 
          75  1 0.1428 0.0424 0.0568 0.0913 0.1383 0.1830 0.1454 0.2001 
          76  1 0.1337 0.0228 0.0163 0.1671 0.2119 0.1423 0.1602 0.1457 
          77  1 0.1995 0.0092 0.0102 0.1346 0.1274 0.1947 0.1432 0.1812 
          78  1 0.1226 0.0092 0.0384 0.1816 0.1814 0.1479 0.1909 0.1281 
          79  1 0.1423 0.0116 0.0097 0.1272 0.1525 0.2002 0.1670 0.1896 
          80  1 0.1589 0.0109 0.0185 0.1264 0.1499 0.1686 0.1696 0.1972 
          81  1 0.1380 0.0271 0.0495 0.1263 0.1490 0.1814 0.1556 0.1732 
          82  1 0.1508 0.0192 0.0279 0.1372 0.1831 0.1595 0.1605 0.1617 
          83  1 0.1464 0.0203 0.0789 0.1449 0.1625 0.1602 0.1421 0.1447 
          84  1 0.1390 0.0278 0.0170 0.1676 0.1511 0.1676 0.1747 0.1553 
          85  1 0.1543 0.0265 0.0115 0.1850 0.1447 0.1580 0.1824 0.1377 
          86  1 0.1454 0.0354 0.0124 0.1921 0.1630 0.1338 0.1716 0.1464 
          87  1 0.1465 0.0229 0.0737 0.1095 0.1940 0.1608 0.1361 0.1565 
          88  1 0.1643 0.0136 0.0222 0.1425 0.1423 0.1748 0.1557 0.1846 
          89  1 0.1390 0.0160 0.0220 0.1438 0.2038 0.1521 0.1604 0.1630 
          90  1 0.2155 0.0261 0.0234 0.1302 0.1101 0.1642 0.1479 0.1827 
          91  1 0.1680 0.0221 0.0127 0.1446 0.1262 0.1816 0.1745 0.1704 
          92  1 0.2149 0.0327 0.0147 0.1280 0.1045 0.1789 0.1494 0.1769 
          93  1 0.1359 0.0232 0.0787 0.1551 0.1464 0.1533 0.1609 0.1466 
          94  1 0.1412 0.0144 0.0133 0.1857 0.1766 0.1527 0.1717 0.1444 
          95  1 0.1632 0.0110 0.0327 0.1468 0.1565 0.1506 0.1511 0.1881 
          96  1 0.1031 0.1314 0.0791 0.1517 0.1463 0.1214 0.1721 0.0949 
          97  1 0.1432 0.0157 0.0104 0.1946 0.2141 0.1421 0.1533 0.1265 
          98  1 0.1492 0.0252 0.0339 0.1783 0.1624 0.1319 0.1646 0.1546 
          99  1 0.2071 0.0199 0.0244 0.1359 0.1069 0.1720 0.1700 0.1639 
         100  1 0.1906 0.0384 0.0190 0.1504 0.1212 0.1797 0.1439 0.1569 
         101  1 0.1463 0.0136 0.0114 0.1774 0.1647 0.1511 0.1740 0.1615 
         102  1 0.1718 0.0085 0.0164 0.1471 0.1537 0.1690 0.1577 0.1758 
         103  1 0.1564 0.0101 0.0146 0.1680 0.1686 0.1540 0.1622 0.1660 
         104  1 0.1768 0.0153 0.0150 0.1046 0.1357 0.1885 0.1515 0.2126 
         105  1 0.1274 0.1160 0.0462 0.1602 0.1936 0.1221 0.1278 0.1066 
         106  1 0.1911 0.0122 0.0100 0.1470 0.1187 0.1937 0.1504 0.1769 
         107  1 0.1647 0.0697 0.0860 0.1331 0.1155 0.1449 0.1271 0.1590 
         108  1 0.1398 0.0154 0.0338 0.1735 0.1597 0.1458 0.1738 0.1583 
         109  1 0.1831 0.0142 0.0100 0.1431 0.1278 0.1651 0.1604 0.1964 
         110  1 0.1537 0.0100 0.0099 0.1147 0.1446 0.1860 0.1583 0.2227 
         111  1 0.1413 0.0086 0.0578 0.1807 0.1613 0.1313 0.1789 0.1402 
         112  1 0.1945 0.0222 0.0134 0.1250 0.1231 0.1809 0.1545 0.1864 
         113  1 0.1504 0.0152 0.0119 0.1790 0.1600 0.1332 0.2082 0.1422 
         114  1 0.1401 0.0305 0.1302 0.0902 0.1229 0.1629 0.1421 0.1810 
         115  1 0.1731 0.0326 0.0255 0.1483 0.1345 0.1679 0.1587 0.1595 
         116  1 0.1631 0.0372 0.0238 0.1492 0.1592 0.1457 0.1602 0.1615 
         117  1 0.1901 0.0220 0.0249 0.1643 0.1391 0.1494 0.1421 0.1681 
         118  1 0.1845 0.0158 0.0109 0.1413 0.1290 0.1799 0.1572 0.1813 
         119  1 0.1487 0.0469 0.0689 0.1567 0.1545 0.1502 0.1347 0.1393 
         120  1 0.1523 0.0235 0.0373 0.1403 0.1572 0.1537 0.1602 0.1755 
         121  1 0.1884 0.0208 0.0112 0.1314 0.1284 0.1903 0.1363 0.1932 
         122  1 0.1404 0.0645 0.0220 0.1503 0.1413 0.1687 0.1627 0.1501 
         123  1 0.1412 0.0604 0.1116 0.1323 0.1309 0.1427 0.1399 0.1410 
         124  1 0.1655 0.0313 0.0204 0.1532 0.1456 0.1656 0.1425 0.1759 
         125  1 0.1697 0.0161 0.0130 0.1541 0.1684 0.1430 0.1570 0.1786 
         126  1 0.1412 0.0485 0.0601 0.1405 0.1598 0.1569 0.1362 0.1569 
         127  1 0.1971 0.0545 0.0131 0.1215 0.1175 0.1800 0.1332 0.1830 
         128  1 0.2058 0.0197 0.0282 0.1393 0.1349 0.1763 0.1360 0.1599 
         129  1 0.1317 0.0143 0.1801 0.1313 0.1606 0.1160 0.1292 0.1368 
         130  1 0.0584 0.1687 0.4849 0.0541 0.0550 0.0606 0.0583 0.0600 
         131  1 0.2115 0.0126 0.0196 0.1206 0.1155 0.1800 0.1372 0.2029 
         132  1 0.2111 0.0180 0.0179 0.1247 0.1130 0.1899 0.1290 0.1964 
         133  1 0.1378 0.0777 0.0357 0.1784 0.1529 0.1317 0.1541 0.1316 
         134  1 0.1267 0.0178 0.0161 0.1720 0.1781 0.1602 0.1900 0.1392 
         135  1 0.1666 0.0103 0.0173 0.1212 0.1468 0.1731 0.1596 0.2051 
         136  1 0.2532 0.0259 0.0274 0.1065 0.0752 0.1988 0.1363 0.1766 
         137  1 0.1189 0.0199 0.0276 0.2155 0.2379 0.1165 0.1543 0.1095 
         138  1 0.1269 0.0901 0.0191 0.1930 0.1858 0.1291 0.1405 0.1155 
         139  1 0.1281 0.0239 0.0151 0.2194 0.2216 0.1209 0.1659 0.1049 
         140  1 0.1051 0.2089 0.0819 0.1501 0.1268 0.1062 0.1198 0.1013 
         141  1 0.0399 0.0538 0.6793 0.0471 0.0531 0.0414 0.0481 0.0373 
         142  1 0.1630 0.0293 0.0252 0.1764 0.1476 0.1402 0.1634 0.1549 
         143  1 0.0860 0.2354 0.1460 0.0997 0.1428 0.1016 0.1018 0.0868 
         144  1 0.1487 0.0113 0.0226 0.2200 0.1376 0.1569 0.1624 0.1406 
         145  1 0.1530 0.0212 0.0239 0.1746 0.1512 0.1619 0.1511 0.1632 
         146  1 0.1292 0.0219 0.0485 0.2156 0.1481 0.1475 0.1705 0.1189 
         147  1 0.1176 0.0465 0.0853 0.1700 0.1786 0.1269 0.1427 0.1323 
         148  1 0.1410 0.0137 0.0205 0.1931 0.1454 0.1702 0.1644 0.1516 
         149  1 0.1539 0.0252 0.0292 0.1427 0.1473 0.1721 0.1736 0.1561 
         150  1 0.1364 0.0103 0.0110 0.2103 0.1572 0.1575 0.1557 0.1616 
         151  1 0.1937 0.0337 0.0202 0.1581 0.1318 0.1659 0.1460 0.1507 
         152  1 0.1161 0.0227 0.0274 0.2255 0.2231 0.1088 0.1624 0.1139 
         153  1 0.1201 0.1849 0.0263 0.1754 0.1312 0.1102 0.1433 0.1087 
         154  1 0.2681 0.0136 0.0124 0.0983 0.0759 0.1994 0.1461 0.1862 
         155  1 0.1637 0.0247 0.0257 0.1596 0.1506 0.1624 0.1492 0.1641 
         156  1 0.1422 0.0593 0.0350 0.1614 0.1496 0.1573 0.1586 0.1366 
         157  1 0.1328 0.0163 0.0236 0.1968 0.1803 0.1397 0.1782 0.1322 
         158  1 0.1534 0.0185 0.0399 0.1767 0.1691 0.1463 0.1434 0.1528 
         159  1 0.2251 0.0274 0.0095 0.1310 0.1117 0.1818 0.1550 0.1585 
         160  1 0.1444 0.0264 0.0223 0.1832 0.1647 0.1465 0.1837 0.1289 
         161  1 0.2669 0.0215 0.0134 0.1118 0.0920 0.1853 0.1408 0.1684 
         162  1 0.1644 0.0253 0.0318 0.1602 0.1576 0.1528 0.1558 0.1520 
         163  1 0.1383 0.0223 0.0223 0.2011 0.2021 0.1190 0.1625 0.1324 
         164  1 0.1394 0.0124 0.0124 0.1907 0.2182 0.1171 0.1661 0.1436 
         165  1 0.1626 0.0318 0.0108 0.1504 0.1549 0.1800 0.1462 0.1632 
         166  1 0.1471 0.0732 0.0420 0.1516 0.1618 0.1460 0.1318 0.1465 
         167  1 0.1260 0.0199 0.0134 0.2169 0.2167 0.1170 0.1705 0.1197 
         168  1 0.1556 0.0164 0.0238 0.1849 0.1599 0.1499 0.1726 0.1370 
         169  1 0.1368 0.0746 0.0303 0.1800 0.1511 0.1402 0.1528 0.1341 
         170  1 0.1247 0.2272 0.0329 0.1224 0.1342 0.1167 0.1312 0.1106 
         171  1 0.1259 0.0374 0.0132 0.2046 0.2156 0.1335 0.1592 0.1107 
         172  1 0.1450 0.0464 0.0955 0.1679 0.1599 0.1378 0.1229 0.1246 
         173  1 0.1424 0.0130 0.0302 0.1818 0.1977 0.1279 0.1547 0.1522 
         174  1 0.1551 0.0129 0.0149 0.1725 0.1959 0.1383 0.1554 0.1549 
         175  1 0.1589 0.0310 0.0447 0.1751 0.1574 0.1531 0.1419 0.1378 
         176  1 0.1885 0.0612 0.0374 0.1489 0.1226 0.1561 0.1309 0.1544 
         177  1 0.0431 0.5345 0.1665 0.0567 0.0551 0.0435 0.0568 0.0437 
         178  1 0.0636 0.5065 0.0669 0.0579 0.0842 0.0765 0.0736 0.0708 
         179  1 0.0302 0.8174 0.0139 0.0282 0.0264 0.0267 0.0287 0.0284 
         180  1 0.1477 0.0254 0.0086 0.1593 0.1573 0.1678 0.1521 0.1818 
         181  1 0.0307 0.8112 0.0237 0.0289 0.0244 0.0287 0.0256 0.0267 
         182  1 0.0374 0.6595 0.0701 0.0469 0.0459 0.0448 0.0516 0.0437 
         183  1 0.0794 0.4693 0.0752 0.0731 0.0684 0.0778 0.0767 0.0800 
         184  1 0.0814 0.3606 0.1129 0.0933 0.0775 0.0890 0.0918 0.0935 
         185  1 0.0512 0.4943 0.1507 0.0659 0.0656 0.0523 0.0655 0.0544 
         186  1 0.0661 0.4086 0.1014 0.0793 0.0929 0.0809 0.0872 0.0835 
         187  1 0.1345 0.0511 0.1881 0.1202 0.1249 0.1347 0.1120 0.1345 
         188  1 0.1155 0.0817 0.1159 0.1384 0.1292 0.1383 0.1431 0.1379 
         189  1 0.0210 0.8472 0.0218 0.0216 0.0243 0.0214 0.0219 0.0209 
         190  1 0.1203 0.2691 0.0114 0.1465 0.1036 0.1124 0.1337 0.1030 
         191  1 0.1077 0.0824 0.1946 0.0785 0.1545 0.1304 0.1258 0.1262 
         192  1 0.0109 0.9066 0.0208 0.0115 0.0131 0.0128 0.0119 0.0124 
         193  1 0.0102 0.9154 0.0166 0.0128 0.0117 0.0109 0.0115 0.0108 
         194  1 0.0182 0.8608 0.0207 0.0196 0.0216 0.0193 0.0191 0.0207 
         195  1 0.0158 0.8965 0.0142 0.0147 0.0147 0.0146 0.0153 0.0143 
         196  1 0.0238 0.7545 0.0899 0.0261 0.0274 0.0263 0.0256 0.0264 
         197  1 0.0120 0.9161 0.0117 0.0119 0.0115 0.0118 0.0118 0.0131 
         198  1 0.0561 0.7063 0.0158 0.0405 0.0368 0.0519 0.0408 0.0517 
         199  1 0.0262 0.8112 0.0113 0.0277 0.0310 0.0289 0.0296 0.0341 
         200  1 0.0601 0.4469 0.0834 0.0956 0.0805 0.0707 0.1038 0.0591 
         201  1 0.1077 0.0527 0.2873 0.0999 0.1155 0.1176 0.1023 0.1169 
         202  1 0.0194 0.8800 0.0095 0.0201 0.0160 0.0188 0.0183 0.0179 
         203  1 0.0385 0.7018 0.0501 0.0446 0.0382 0.0460 0.0421 0.0386 
         204  1 0.0123 0.9010 0.0241 0.0131 0.0107 0.0138 0.0120 0.0129 
         205  1 0.0293 0.8212 0.0189 0.0272 0.0246 0.0244 0.0269 0.0274 
         206  1 0.0379 0.6646 0.1027 0.0379 0.0382 0.0374 0.0436 0.0376 
         207  1 0.0762 0.1304 0.3685 0.0634 0.0936 0.0859 0.0837 0.0983 
         208  1 0.0121 0.0095 0.9194 0.0117 0.0118 0.0108 0.0121 0.0126 
         209  1 0.0845 0.0817 0.3369 0.1020 0.0957 0.0959 0.1128 0.0904 
         210  1 0.0164 0.0910 0.8035 0.0180 0.0219 0.0169 0.0169 0.0155 
         211  1 0.0342 0.0172 0.7743 0.0326 0.0350 0.0307 0.0392 0.0368 
         212  1 0.0447 0.6648 0.0444 0.0471 0.0474 0.0511 0.0510 0.0496 
         213  1 0.0299 0.0184 0.8031 0.0266 0.0286 0.0301 0.0287 0.0345 
         214  1 0.0329 0.1313 0.6631 0.0332 0.0378 0.0328 0.0347 0.0342 
         215  1 0.0151 0.8195 0.0912 0.0145 0.0150 0.0147 0.0152 0.0147 
         216  1 0.0400 0.4074 0.3416 0.0432 0.0478 0.0395 0.0392 0.0413 
         217  1 0.0278 0.6644 0.1838 0.0239 0.0234 0.0248 0.0251 0.0268 
         218  1 0.0264 0.8402 0.0163 0.0266 0.0207 0.0247 0.0212 0.0239 
         219  1 0.0298 0.1074 0.6790 0.0291 0.0556 0.0302 0.0311 0.0378 
         220  1 0.0531 0.1347 0.4820 0.0716 0.0673 0.0593 0.0731 0.0590 
         221  1 0.0936 0.0352 0.3957 0.1053 0.0992 0.0916 0.0885 0.0908 
         222  1 0.0170 0.0459 0.8336 0.0225 0.0219 0.0178 0.0206 0.0208 
         223  1 0.0184 0.8579 0.0292 0.0186 0.0195 0.0177 0.0182 0.0205 
         224  1 0.1251 0.0844 0.0408 0.1536 0.1408 0.1464 0.1623 0.1464 
         225  1 0.0747 0.3868 0.0692 0.0890 0.0924 0.0958 0.1037 0.0883 
         226  1 0.0197 0.8373 0.0362 0.0203 0.0228 0.0217 0.0210 0.0209 
         227  1 0.0852 0.3733 0.1015 0.0674 0.0921 0.0971 0.0877 0.0957 
         228  1 0.0469 0.6788 0.0327 0.0442 0.0454 0.0486 0.0513 0.0521 
         229  1 0.0187 0.0173 0.8617 0.0229 0.0229 0.0171 0.0190 0.0203 
         230  1 0.0273 0.0166 0.8059 0.0296 0.0322 0.0294 0.0294 0.0295 
         231  1 0.0192 0.8295 0.0545 0.0209 0.0197 0.0181 0.0188 0.0192 
         232  1 0.0151 0.0231 0.8765 0.0196 0.0165 0.0160 0.0177 0.0154 
         233  1 0.0261 0.0264 0.8122 0.0263 0.0259 0.0272 0.0282 0.0277 
         234  1 0.1856 0.0297 0.0281 0.1546 0.1608 0.1565 0.1275 0.1572 
         235  1 0.0485 0.0327 0.6698 0.0501 0.0466 0.0517 0.0539 0.0468 
         236  1 0.0308 0.0152 0.7968 0.0227 0.0393 0.0351 0.0284 0.0316 
         237  1 0.0365 0.0516 0.7047 0.0386 0.0496 0.0356 0.0408 0.0426 
         238  1 0.0415 0.2869 0.4834 0.0393 0.0400 0.0403 0.0340 0.0345 
         239  1 0.0422 0.0280 0.6490 0.0664 0.0570 0.0464 0.0652 0.0458 
         240  1 0.0419 0.0288 0.6100 0.0723 0.0661 0.0558 0.0801 0.0450 
         241  1 0.1813 0.0563 0.0403 0.1443 0.1108 0.1563 0.1584 0.1524 
         242  1 0.0862 0.1064 0.3959 0.0733 0.0708 0.0935 0.0824 0.0914 
         243  1 0.0289 0.0196 0.8115 0.0257 0.0331 0.0267 0.0246 0.0300 
         244  1 0.1119 0.1072 0.2267 0.1149 0.1176 0.1053 0.1073 0.1092 
         245  1 0.0115 0.0183 0.9001 0.0152 0.0146 0.0114 0.0139 0.0151 
         246  1 0.0615 0.1283 0.4900 0.0576 0.0748 0.0639 0.0591 0.0648 
         247  1 0.0501 0.0627 0.6148 0.0576 0.0502 0.0506 0.0609 0.0531 
         248  1 0.0400 0.0675 0.6814 0.0434 0.0428 0.0424 0.0425 0.0401 
         249  1 0.0796 0.0318 0.4245 0.0869 0.1095 0.0787 0.0937 0.0953 
         250  1 0.1147 0.0732 0.1793 0.1411 0.1610 0.1130 0.1189 0.0988 
         251  1 0.0166 0.0490 0.8580 0.0166 0.0162 0.0153 0.0136 0.0148 
         252  1 0.0190 0.0140 0.8667 0.0209 0.0246 0.0165 0.0191 0.0192 
         253  1 0.0365 0.1521 0.6202 0.0391 0.0385 0.0389 0.0363 0.0385 
         254  1 0.0729 0.0612 0.5002 0.0711 0.0784 0.0721 0.0703 0.0738 
         255  1 0.0182 0.0778 0.8095 0.0187 0.0201 0.0194 0.0181 0.0181 
         256  1 0.0118 0.0207 0.9048 0.0124 0.0125 0.0132 0.0112 0.0133 
         257  1 0.0156 0.0557 0.8460 0.0151 0.0211 0.0147 0.0150 0.0169 
         258  1 0.0468 0.0573 0.6133 0.0561 0.0603 0.0517 0.0628 0.0517 
         259  1 0.0407 0.0763 0.6568 0.0511 0.0471 0.0377 0.0459 0.0444 
