           1  1 0.0488 0.0431 0.2257 0.2225 0.2412 0.2186 
           2  1 0.0118 0.0214 0.2501 0.2347 0.2636 0.2183 
           3  1 0.0487 0.0124 0.2669 0.3085 0.2036 0.1599 
           4  1 0.0113 0.0101 0.2572 0.2669 0.2267 0.2278 
           5  1 0.0384 0.0139 0.2876 0.2877 0.2059 0.1666 
           6  1 0.0432 0.4689 0.1314 0.1363 0.0923 0.1279 
           7  1 0.0149 0.0729 0.2563 0.2587 0.2028 0.1946 
           8  1 0.0132 0.0099 0.3164 0.3137 0.2132 0.1337 
           9  1 0.3163 0.0587 0.1634 0.1568 0.1709 0.1340 
          10  1 0.0168 0.0396 0.2632 0.2960 0.2098 0.1746 
          11  1 0.1201 0.1624 0.1974 0.1872 0.1866 0.1463 
          12  1 0.0247 0.0392 0.2704 0.2619 0.2465 0.1573 
          13  1 0.0915 0.4274 0.1139 0.1213 0.1174 0.1285 
          14  1 0.0362 0.1212 0.1846 0.1906 0.2144 0.2530 
          15  1 0.0258 0.0341 0.2293 0.2550 0.2605 0.1953 
          16  1 0.0326 0.0302 0.2264 0.2252 0.2712 0.2145 
          17  1 0.0155 0.0162 0.1749 0.1922 0.3015 0.2997 
          18  1 0.2341 0.0474 0.1741 0.1991 0.1766 0.1688 
          19  1 0.0150 0.0389 0.2434 0.2668 0.2241 0.2118 
          20  1 0.0495 0.0231 0.2104 0.2237 0.2802 0.2131 
          21  1 0.0238 0.1291 0.1711 0.1843 0.2203 0.2714 
          22  1 0.0115 0.0321 0.2388 0.2190 0.2671 0.2315 
          23  1 0.0338 0.0095 0.2347 0.2913 0.2433 0.1874 
          24  1 0.0319 0.0529 0.1943 0.1711 0.2398 0.3099 
          25  1 0.0302 0.0138 0.2568 0.2694 0.2354 0.1945 
          26  1 0.0203 0.3041 0.1717 0.1830 0.1661 0.1549 
          27  1 0.0181 0.0262 0.2200 0.2086 0.2922 0.2349 
          28  1 0.0266 0.0362 0.2976 0.3155 0.1683 0.1558 
          29  1 0.0264 0.0441 0.2118 0.2248 0.2621 0.2309 
          30  1 0.1557 0.0594 0.2053 0.2284 0.1957 0.1556 
          31  1 0.1432 0.0276 0.1445 0.1831 0.2274 0.2741 
          32  1 0.0226 0.0246 0.2316 0.2595 0.2576 0.2041 
          33  1 0.0220 0.0550 0.2182 0.2278 0.2476 0.2294 
          34  1 0.1066 0.0141 0.2208 0.2288 0.2199 0.2097 
          35  1 0.0222 0.0212 0.1492 0.1932 0.2700 0.3441 
          36  1 0.2071 0.2258 0.1449 0.1465 0.1290 0.1467 
          37  1 0.0159 0.0113 0.2248 0.2150 0.2945 0.2385 
          38  1 0.0490 0.0495 0.2186 0.2261 0.2519 0.2050 
          39  1 0.0471 0.0657 0.2342 0.2154 0.2368 0.2008 
          40  1 0.0744 0.0147 0.1305 0.1805 0.2714 0.3285 
          41  1 0.4511 0.1335 0.1048 0.1045 0.1027 0.1033 
          42  1 0.0603 0.0929 0.2184 0.2323 0.2117 0.1844 
          43  1 0.0119 0.0360 0.2019 0.1885 0.2464 0.3154 
          44  1 0.0282 0.0247 0.2453 0.2601 0.2425 0.1992 
          45  1 0.0226 0.0247 0.2072 0.1963 0.2898 0.2594 
          46  1 0.0333 0.0225 0.1724 0.1763 0.2647 0.3308 
          47  1 0.1103 0.0238 0.2206 0.2587 0.2028 0.1837 
          48  1 0.0178 0.0535 0.2170 0.1942 0.2577 0.2598 
          49  1 0.0379 0.0499 0.2385 0.2495 0.2176 0.2066 
          50  1 0.0279 0.0447 0.2217 0.1980 0.2681 0.2396 
          51  1 0.0558 0.0497 0.2339 0.2265 0.2255 0.2086 
          52  1 0.0285 0.0126 0.2447 0.2519 0.2689 0.1934 
          53  1 0.0417 0.0271 0.2209 0.1941 0.2671 0.2491 
          54  1 0.0824 0.2017 0.1822 0.1906 0.1898 0.1532 
          55  1 0.0264 0.0324 0.2291 0.2700 0.2193 0.2228 
          56  1 0.0565 0.0217 0.2543 0.2381 0.2249 0.2045 
          57  1 0.0573 0.0229 0.1785 0.2034 0.2484 0.2895 
          58  1 0.0297 0.0178 0.2606 0.2657 0.2283 0.1979 
          59  1 0.0249 0.1477 0.2737 0.2612 0.1542 0.1383 
          60  1 0.0177 0.0123 0.1989 0.2244 0.2421 0.3045 
          61  1 0.0686 0.1224 0.1838 0.1823 0.2086 0.2344 
          62  1 0.0367 0.0169 0.2354 0.2326 0.2399 0.2386 
          63  1 0.0114 0.0188 0.2511 0.2247 0.2085 0.2856 
          64  1 0.0236 0.0260 0.2231 0.1964 0.2879 0.2430 
          65  1 0.0984 0.0674 0.1799 0.2008 0.2257 0.2277 
          66  1 0.0196 0.0339 0.1873 0.1981 0.2597 0.3013 
          67  1 0.4756 0.2600 0.0757 0.0669 0.0674 0.0543 
          68  1 0.0296 0.0434 0.1861 0.2063 0.2617 0.2729 
          69  1 0.0241 0.0152 0.2160 0.2402 0.2258 0.2786 
          70  1 0.0173 0.0294 0.2015 0.2153 0.2775 0.2591 
          71  1 0.0183 0.0507 0.2743 0.2137 0.2293 0.2137 
          72  1 0.1045 0.1501 0.2111 0.1751 0.1909 0.1683 
          73  1 0.0228 0.0448 0.2610 0.2358 0.2073 0.2283 
          74  1 0.0118 0.0297 0.2027 0.2093 0.2701 0.2764 
          75  1 0.0580 0.0904 0.2104 0.1848 0.2467 0.2097 
          76  1 0.0307 0.0197 0.2635 0.2302 0.2282 0.2276 
          77  1 0.0110 0.0123 0.2060 0.2083 0.2657 0.2968 
          78  1 0.0118 0.0425 0.3115 0.3053 0.1830 0.1459 
          79  1 0.0174 0.0114 0.2316 0.2349 0.2793 0.2253 
          80  1 0.0130 0.0208 0.2324 0.2225 0.2819 0.2295 
          81  1 0.0435 0.0720 0.2219 0.1958 0.2317 0.2351 
          82  1 0.0302 0.0350 0.2360 0.2382 0.2412 0.2194 
          83  1 0.0230 0.0944 0.2067 0.2088 0.2469 0.2202 
          84  1 0.0374 0.0215 0.2577 0.2714 0.2200 0.1920 
          85  1 0.0309 0.0127 0.2995 0.3051 0.1896 0.1623 
          86  1 0.0480 0.0158 0.3175 0.3182 0.1703 0.1302 
          87  1 0.0318 0.1192 0.2313 0.2097 0.2113 0.1966 
          88  1 0.0146 0.0272 0.2043 0.2224 0.2872 0.2444 
          89  1 0.0194 0.0268 0.2594 0.2713 0.2205 0.2026 
          90  1 0.0321 0.0289 0.1918 0.2304 0.2628 0.2539 
          91  1 0.0274 0.0155 0.2575 0.2379 0.2424 0.2192 
          92  1 0.0443 0.0174 0.1985 0.2332 0.2605 0.2461 
          93  1 0.0279 0.0980 0.2762 0.2687 0.1869 0.1424 
          94  1 0.0188 0.0166 0.2917 0.2997 0.1974 0.1759 
          95  1 0.0115 0.0388 0.2463 0.2720 0.2271 0.2043 
          96  1 0.1987 0.0986 0.2358 0.2432 0.1282 0.0956 
          97  1 0.0179 0.0129 0.2151 0.1825 0.2547 0.3168 
          98  1 0.0259 0.0416 0.2554 0.2465 0.1969 0.2337 
          99  1 0.0237 0.0260 0.2084 0.2512 0.2456 0.2452 
         100  1 0.0498 0.0209 0.1986 0.2288 0.2564 0.2455 
         101  1 0.0159 0.0117 0.3215 0.3023 0.1938 0.1548 
         102  1 0.0094 0.0197 0.2695 0.2495 0.2296 0.2223 
         103  1 0.0115 0.0173 0.2554 0.2688 0.2255 0.2215 
         104  1 0.0179 0.0173 0.2409 0.1939 0.2768 0.2532 
         105  1 0.1899 0.0548 0.1892 0.1751 0.1728 0.2181 
         106  1 0.0150 0.0115 0.2252 0.2313 0.2728 0.2442 
         107  1 0.1166 0.1428 0.1627 0.1827 0.2054 0.1898 
         108  1 0.0187 0.0376 0.2909 0.2906 0.2070 0.1552 
         109  1 0.0151 0.0113 0.2461 0.2556 0.2626 0.2094 
         110  1 0.0116 0.0119 0.2134 0.1985 0.3221 0.2426 
         111  1 0.0095 0.0714 0.2509 0.2532 0.2138 0.2013 
         112  1 0.0319 0.0161 0.2451 0.2308 0.2603 0.2158 
         113  1 0.0166 0.0136 0.2818 0.3498 0.1945 0.1436 
         114  1 0.0404 0.1681 0.1861 0.1726 0.2407 0.1921 
         115  1 0.0367 0.0309 0.1985 0.2096 0.2625 0.2617 
         116  1 0.0449 0.0255 0.2477 0.2700 0.2333 0.1787 
         117  1 0.0247 0.0282 0.1713 0.1895 0.2553 0.3310 
         118  1 0.0181 0.0120 0.1831 0.1947 0.2765 0.3157 
         119  1 0.0741 0.0887 0.2160 0.2231 0.1966 0.2015 
         120  1 0.0296 0.0510 0.2146 0.2098 0.2705 0.2245 
         121  1 0.0252 0.0134 0.2026 0.2161 0.2716 0.2710 
         122  1 0.0940 0.0294 0.2057 0.2214 0.2493 0.2002 
         123  1 0.0925 0.1608 0.2011 0.1967 0.1825 0.1664 
         124  1 0.0390 0.0253 0.2178 0.2098 0.2746 0.2334 
         125  1 0.0176 0.0134 0.2497 0.2622 0.2380 0.2192 
         126  1 0.0729 0.0949 0.2139 0.1967 0.2207 0.2009 
         127  1 0.0735 0.0191 0.1929 0.1802 0.2595 0.2748 
         128  1 0.0222 0.0339 0.1644 0.2016 0.2427 0.3352 
         129  1 0.0175 0.2389 0.2044 0.1909 0.1826 0.1657 
         130  1 0.1980 0.5923 0.0527 0.0531 0.0510 0.0530 
         131  1 0.0145 0.0256 0.2050 0.2008 0.2886 0.2654 
         132  1 0.0211 0.0210 0.2015 0.2088 0.2579 0.2896 
         133  1 0.0947 0.0455 0.1923 0.1996 0.2325 0.2354 
         134  1 0.0249 0.0184 0.2861 0.2884 0.2078 0.1744 
         135  1 0.0128 0.0239 0.2472 0.2481 0.2477 0.2202 
         136  1 0.0360 0.0329 0.1693 0.1999 0.2817 0.2803 
         137  1 0.0431 0.0393 0.1859 0.1619 0.2231 0.3467 
         138  1 0.1716 0.0219 0.1856 0.1809 0.1975 0.2424 
         139  1 0.0326 0.0183 0.1968 0.1802 0.2275 0.3445 
         140  1 0.2580 0.0969 0.1611 0.1576 0.1413 0.1851 
         141  1 0.0706 0.7647 0.0505 0.0464 0.0318 0.0360 
         142  1 0.0334 0.0326 0.2791 0.2955 0.1926 0.1668 
         143  1 0.3944 0.1562 0.1315 0.1161 0.1078 0.0940 
         144  1 0.0132 0.0282 0.3025 0.3113 0.1685 0.1763 
         145  1 0.0274 0.0299 0.2739 0.2593 0.2034 0.2061 
         146  1 0.0279 0.0542 0.2835 0.2848 0.1682 0.1814 
         147  1 0.0668 0.1151 0.1871 0.1852 0.2085 0.2371 
         148  1 0.0149 0.0269 0.2895 0.3150 0.1678 0.1858 
         149  1 0.0373 0.0381 0.2611 0.2502 0.2239 0.1894 
         150  1 0.0116 0.0118 0.3216 0.3254 0.1709 0.1587 
         151  1 0.0454 0.0219 0.1676 0.1920 0.2310 0.3422 
         152  1 0.0336 0.0331 0.2187 0.1956 0.2131 0.3059 
         153  1 0.2842 0.0364 0.1784 0.1840 0.1494 0.1675 
         154  1 0.0168 0.0146 0.1468 0.1871 0.2839 0.3508 
         155  1 0.0298 0.0279 0.2114 0.2083 0.2401 0.2825 
         156  1 0.0806 0.0428 0.2475 0.2377 0.2008 0.1906 
         157  1 0.0201 0.0253 0.2881 0.2784 0.2083 0.1798 
         158  1 0.0224 0.0539 0.2061 0.2203 0.2525 0.2449 
         159  1 0.0338 0.0100 0.2043 0.2371 0.2494 0.2654 
         160  1 0.0342 0.0273 0.2432 0.2601 0.1932 0.2420 
         161  1 0.0241 0.0168 0.1441 0.1831 0.2728 0.3592 
         162  1 0.0264 0.0403 0.2183 0.2281 0.2472 0.2397 
         163  1 0.0287 0.0248 0.1906 0.1838 0.2263 0.3459 
         164  1 0.0147 0.0158 0.1860 0.1835 0.2375 0.3626 
         165  1 0.0452 0.0107 0.2300 0.2510 0.2490 0.2141 
         166  1 0.1172 0.0621 0.2126 0.2007 0.2059 0.2015 
         167  1 0.0267 0.0150 0.1923 0.1840 0.2347 0.3472 
         168  1 0.0177 0.0325 0.2475 0.2511 0.2025 0.2487 
         169  1 0.1113 0.0395 0.1972 0.2086 0.1972 0.2462 
         170  1 0.3156 0.0369 0.1825 0.1728 0.1555 0.1367 
         171  1 0.0757 0.0146 0.1951 0.1598 0.2327 0.3219 
         172  1 0.0565 0.1478 0.1678 0.1654 0.1919 0.2707 
         173  1 0.0159 0.0364 0.1924 0.1835 0.2361 0.3357 
         174  1 0.0143 0.0158 0.1803 0.1868 0.2429 0.3599 
         175  1 0.0348 0.0615 0.1919 0.1985 0.2559 0.2574 
         176  1 0.0956 0.0438 0.1773 0.1876 0.2123 0.2834 
         177  1 0.6218 0.1915 0.0616 0.0558 0.0387 0.0305 
         178  1 0.6245 0.0789 0.0808 0.0738 0.0743 0.0677 
         179  1 0.8779 0.0143 0.0231 0.0269 0.0273 0.0305 
         180  1 0.0414 0.0123 0.2369 0.2580 0.2302 0.2212 
         181  1 0.8708 0.0261 0.0240 0.0250 0.0271 0.0270 
         182  1 0.7573 0.0841 0.0454 0.0429 0.0358 0.0345 
         183  1 0.5872 0.0946 0.0792 0.0838 0.0770 0.0782 
         184  1 0.4984 0.1537 0.0901 0.0904 0.0842 0.0832 
         185  1 0.5212 0.2179 0.0640 0.0616 0.0664 0.0690 
         186  1 0.5917 0.1299 0.0778 0.0712 0.0660 0.0633 
         187  1 0.0801 0.3026 0.1512 0.1442 0.1457 0.1762 
         188  1 0.1215 0.1984 0.1879 0.1950 0.1511 0.1462 
         189  1 0.8938 0.0209 0.0202 0.0215 0.0211 0.0224 
         190  1 0.4354 0.0120 0.1377 0.1618 0.1251 0.1279 
         191  1 0.1482 0.2888 0.1513 0.1353 0.1473 0.1290 
         192  1 0.9316 0.0213 0.0115 0.0125 0.0117 0.0113 
         193  1 0.9397 0.0160 0.0116 0.0110 0.0109 0.0108 
         194  1 0.9088 0.0228 0.0178 0.0168 0.0171 0.0168 
         195  1 0.9263 0.0149 0.0143 0.0153 0.0146 0.0145 
         196  1 0.8133 0.0864 0.0257 0.0246 0.0249 0.0251 
         197  1 0.9353 0.0136 0.0115 0.0128 0.0136 0.0132 
         198  1 0.8062 0.0175 0.0359 0.0435 0.0488 0.0482 
         199  1 0.8796 0.0135 0.0276 0.0241 0.0292 0.0261 
         200  1 0.5902 0.0935 0.0995 0.1094 0.0584 0.0490 
         201  1 0.0823 0.3585 0.1425 0.1483 0.1418 0.1265 
         202  1 0.9173 0.0122 0.0156 0.0183 0.0170 0.0196 
         203  1 0.8031 0.0504 0.0304 0.0356 0.0413 0.0392 
         204  1 0.9169 0.0314 0.0128 0.0133 0.0130 0.0126 
         205  1 0.8724 0.0210 0.0258 0.0254 0.0267 0.0287 
         206  1 0.7274 0.1234 0.0416 0.0409 0.0315 0.0353 
         207  1 0.1810 0.4751 0.0945 0.0773 0.0932 0.0790 
         208  1 0.0104 0.9424 0.0114 0.0116 0.0116 0.0126 
         209  1 0.1050 0.4757 0.1261 0.1223 0.0853 0.0856 
         210  1 0.1025 0.8312 0.0164 0.0178 0.0156 0.0165 
         211  1 0.0191 0.8246 0.0431 0.0441 0.0339 0.0353 
         212  1 0.7723 0.0485 0.0493 0.0429 0.0458 0.0412 
         213  1 0.0213 0.8719 0.0281 0.0273 0.0260 0.0253 
         214  1 0.1422 0.7449 0.0301 0.0255 0.0304 0.0269 
         215  1 0.8646 0.0800 0.0150 0.0146 0.0131 0.0127 
         216  1 0.4642 0.3753 0.0396 0.0414 0.0361 0.0433 
         217  1 0.6764 0.2140 0.0275 0.0297 0.0266 0.0258 
         218  1 0.8797 0.0184 0.0226 0.0246 0.0273 0.0274 
         219  1 0.1667 0.7277 0.0267 0.0251 0.0276 0.0260 
         220  1 0.1450 0.6272 0.0747 0.0674 0.0448 0.0408 
         221  1 0.0422 0.4647 0.1165 0.1125 0.1217 0.1424 
         222  1 0.0373 0.8868 0.0187 0.0188 0.0181 0.0204 
         223  1 0.8935 0.0321 0.0189 0.0176 0.0181 0.0199 
         224  1 0.1224 0.0630 0.2316 0.2251 0.1829 0.1751 
         225  1 0.5454 0.0778 0.1117 0.1005 0.0891 0.0754 
         226  1 0.8937 0.0302 0.0189 0.0178 0.0210 0.0184 
         227  1 0.5193 0.1260 0.0930 0.0786 0.0970 0.0860 
         228  1 0.7865 0.0349 0.0434 0.0422 0.0467 0.0462 
         229  1 0.0188 0.9076 0.0206 0.0175 0.0177 0.0178 
         230  1 0.0180 0.8798 0.0290 0.0249 0.0262 0.0220 
         231  1 0.8532 0.0662 0.0200 0.0199 0.0194 0.0213 
         232  1 0.0259 0.9095 0.0178 0.0175 0.0137 0.0156 
         233  1 0.0277 0.8727 0.0254 0.0246 0.0269 0.0226 
         234  1 0.0338 0.0321 0.1712 0.1779 0.2477 0.3373 
         235  1 0.0348 0.7777 0.0448 0.0458 0.0502 0.0466 
         236  1 0.0142 0.8733 0.0281 0.0230 0.0298 0.0315 
         237  1 0.0645 0.7933 0.0347 0.0386 0.0360 0.0329 
         238  1 0.3459 0.5148 0.0325 0.0302 0.0361 0.0406 
         239  1 0.0292 0.7348 0.0724 0.0764 0.0440 0.0433 
         240  1 0.0349 0.7316 0.0844 0.0790 0.0375 0.0325 
         241  1 0.0693 0.0510 0.1997 0.2319 0.2080 0.2401 
         242  1 0.1327 0.5365 0.0808 0.0787 0.0904 0.0810 
         243  1 0.0210 0.8738 0.0246 0.0266 0.0262 0.0278 
         244  1 0.1674 0.2859 0.1278 0.1169 0.1383 0.1636 
         245  1 0.0212 0.9276 0.0141 0.0130 0.0121 0.0120 
         246  1 0.1572 0.6026 0.0587 0.0586 0.0622 0.0608 
         247  1 0.0793 0.6996 0.0544 0.0617 0.0523 0.0528 
         248  1 0.0641 0.7937 0.0375 0.0371 0.0331 0.0345 
         249  1 0.0399 0.5803 0.1215 0.1163 0.0732 0.0688 
         250  1 0.1023 0.2613 0.1525 0.1391 0.1522 0.1926 
         251  1 0.0561 0.8774 0.0158 0.0154 0.0167 0.0186 
         252  1 0.0122 0.9231 0.0165 0.0185 0.0143 0.0154 
         253  1 0.1811 0.6599 0.0373 0.0386 0.0403 0.0427 
         254  1 0.0691 0.6494 0.0730 0.0633 0.0759 0.0693 
         255  1 0.1054 0.8278 0.0168 0.0168 0.0170 0.0162 
         256  1 0.0210 0.9290 0.0118 0.0123 0.0125 0.0134 
         257  1 0.0650 0.8730 0.0160 0.0156 0.0139 0.0164 
         258  1 0.0770 0.7049 0.0663 0.0587 0.0505 0.0426 
         259  1 0.0878 0.7465 0.0437 0.0447 0.0367 0.0406 
