           1  1 0.3027 0.0560 0.2462 0.0652 0.3299 
           2  1 0.3773 0.0262 0.2890 0.0137 0.2938 
           3  1 0.2213 0.0140 0.4356 0.0520 0.2771 
           4  1 0.2937 0.0115 0.3719 0.0134 0.3096 
           5  1 0.2348 0.0157 0.4392 0.0454 0.2649 
           6  1 0.0989 0.5279 0.1937 0.0524 0.1270 
           7  1 0.3219 0.1072 0.3016 0.0169 0.2524 
           8  1 0.2307 0.0119 0.5089 0.0153 0.2333 
           9  1 0.1653 0.0675 0.1847 0.4519 0.1306 
          10  1 0.2161 0.0472 0.4410 0.0187 0.2770 
          11  1 0.2192 0.2043 0.2305 0.1492 0.1968 
          12  1 0.2870 0.0470 0.3996 0.0304 0.2360 
          13  1 0.1257 0.5167 0.1385 0.1008 0.1183 
          14  1 0.2904 0.1531 0.2232 0.0466 0.2867 
          15  1 0.3453 0.0388 0.3256 0.0328 0.2575 
          16  1 0.3542 0.0381 0.2921 0.0468 0.2687 
          17  1 0.4467 0.0176 0.1802 0.0164 0.3391 
          18  1 0.1969 0.0618 0.2386 0.2637 0.2390 
          19  1 0.3335 0.0481 0.3028 0.0168 0.2988 
          20  1 0.3946 0.0291 0.2761 0.0587 0.2415 
          21  1 0.2881 0.1933 0.2208 0.0299 0.2679 
          22  1 0.4032 0.0371 0.2868 0.0153 0.2575 
          23  1 0.2892 0.0122 0.4153 0.0377 0.2456 
          24  1 0.3144 0.0800 0.2332 0.0416 0.3308 
          25  1 0.2929 0.0151 0.3332 0.0391 0.3197 
          26  1 0.1981 0.3919 0.2089 0.0256 0.1756 
          27  1 0.3916 0.0324 0.2501 0.0221 0.3038 
          28  1 0.1747 0.0449 0.5236 0.0320 0.2247 
          29  1 0.2887 0.0549 0.2677 0.0339 0.3549 
          30  1 0.2371 0.0784 0.2743 0.2094 0.2007 
          31  1 0.2773 0.0318 0.1695 0.1816 0.3397 
          32  1 0.2941 0.0323 0.3271 0.0271 0.3195 
          33  1 0.2359 0.0688 0.3029 0.0306 0.3618 
          34  1 0.2612 0.0176 0.2833 0.1752 0.2627 
          35  1 0.3519 0.0269 0.1701 0.0250 0.4261 
          36  1 0.1530 0.2340 0.1645 0.2666 0.1818 
          37  1 0.4491 0.0139 0.2231 0.0180 0.2958 
          38  1 0.3035 0.0669 0.2972 0.0653 0.2671 
          39  1 0.3050 0.0839 0.3146 0.0633 0.2332 
          40  1 0.3077 0.0173 0.1683 0.0872 0.4195 
          41  1 0.1085 0.1562 0.1017 0.5185 0.1151 
          42  1 0.2389 0.1236 0.2759 0.0802 0.2814 
          43  1 0.3826 0.0489 0.2233 0.0146 0.3306 
          44  1 0.2542 0.0305 0.3155 0.0363 0.3636 
          45  1 0.4134 0.0318 0.2180 0.0264 0.3104 
          46  1 0.3521 0.0275 0.1922 0.0444 0.3838 
          47  1 0.2416 0.0332 0.3296 0.1418 0.2539 
          48  1 0.3526 0.0807 0.2900 0.0216 0.2551 
          49  1 0.3192 0.0591 0.2605 0.0426 0.3186 
          50  1 0.3704 0.0649 0.2673 0.0329 0.2645 
          51  1 0.3189 0.0696 0.2727 0.0905 0.2484 
          52  1 0.3507 0.0156 0.3383 0.0335 0.2620 
          53  1 0.3767 0.0367 0.2005 0.0520 0.3341 
          54  1 0.2640 0.2539 0.2077 0.1001 0.1743 
          55  1 0.2666 0.0384 0.3226 0.0310 0.3414 
          56  1 0.2982 0.0282 0.3579 0.0733 0.2424 
          57  1 0.3367 0.0277 0.1914 0.0758 0.3684 
          58  1 0.2634 0.0222 0.3350 0.0341 0.3452 
          59  1 0.1392 0.1756 0.4429 0.0290 0.2133 
          60  1 0.3020 0.0152 0.2227 0.0202 0.4399 
          61  1 0.2607 0.1623 0.2060 0.0936 0.2774 
          62  1 0.3795 0.0207 0.2505 0.0480 0.3013 
          63  1 0.3069 0.0273 0.3224 0.0145 0.3290 
          64  1 0.3722 0.0368 0.2728 0.0265 0.2918 
          65  1 0.2418 0.0850 0.2040 0.1236 0.3456 
          66  1 0.3232 0.0430 0.2332 0.0233 0.3774 
          67  1 0.0618 0.2347 0.0680 0.5767 0.0587 
          68  1 0.2934 0.0626 0.2617 0.0397 0.3425 
          69  1 0.2755 0.0181 0.2979 0.0265 0.3820 
          70  1 0.3345 0.0342 0.2020 0.0210 0.4082 
          71  1 0.3227 0.0690 0.3285 0.0378 0.2420 
          72  1 0.2457 0.1769 0.2509 0.1528 0.1737 
          73  1 0.3282 0.0569 0.3274 0.0381 0.2494 
          74  1 0.3775 0.0359 0.2789 0.0136 0.2942 
          75  1 0.3460 0.1280 0.1967 0.0792 0.2501 
          76  1 0.3002 0.0254 0.3366 0.0379 0.3000 
          77  1 0.3622 0.0140 0.2188 0.0132 0.3917 
          78  1 0.2218 0.0474 0.5233 0.0135 0.1940 
          79  1 0.3804 0.0136 0.3015 0.0217 0.2828 
          80  1 0.4087 0.0222 0.2556 0.0170 0.2965 
          81  1 0.3304 0.1012 0.2408 0.0652 0.2624 
          82  1 0.3702 0.0383 0.3024 0.0408 0.2484 
          83  1 0.3069 0.1208 0.2810 0.0310 0.2602 
          84  1 0.3103 0.0275 0.3497 0.0442 0.2683 
          85  1 0.2674 0.0159 0.4723 0.0406 0.2039 
          86  1 0.1744 0.0190 0.5405 0.0673 0.1989 
          87  1 0.2874 0.1685 0.2880 0.0398 0.2163 
          88  1 0.3932 0.0362 0.2550 0.0165 0.2990 
          89  1 0.3457 0.0299 0.3864 0.0212 0.2168 
          90  1 0.2974 0.0359 0.2189 0.0376 0.4102 
          91  1 0.3422 0.0174 0.2999 0.0388 0.3017 
          92  1 0.2859 0.0196 0.2122 0.0512 0.4312 
          93  1 0.2488 0.1232 0.3788 0.0376 0.2116 
          94  1 0.2639 0.0189 0.4556 0.0258 0.2358 
          95  1 0.3551 0.0514 0.2810 0.0136 0.2990 
          96  1 0.1150 0.0947 0.3557 0.2906 0.1440 
          97  1 0.3310 0.0162 0.2776 0.0230 0.3523 
          98  1 0.2619 0.0512 0.3021 0.0356 0.3492 
          99  1 0.2895 0.0334 0.2472 0.0292 0.4007 
         100  1 0.3160 0.0257 0.2469 0.0569 0.3546 
         101  1 0.2230 0.0155 0.4922 0.0189 0.2503 
         102  1 0.3608 0.0222 0.2926 0.0111 0.3133 
         103  1 0.3462 0.0224 0.3563 0.0147 0.2604 
         104  1 0.3896 0.0210 0.2527 0.0202 0.3165 
         105  1 0.1883 0.0663 0.2078 0.3363 0.2013 
         106  1 0.3536 0.0133 0.2655 0.0171 0.3505 
         107  1 0.2293 0.1925 0.1703 0.1445 0.2634 
         108  1 0.2146 0.0462 0.4383 0.0227 0.2782 
         109  1 0.3419 0.0140 0.2526 0.0188 0.3728 
         110  1 0.4318 0.0137 0.2309 0.0130 0.3106 
         111  1 0.2449 0.0802 0.4304 0.0115 0.2330 
         112  1 0.3320 0.0185 0.2522 0.0417 0.3556 
         113  1 0.2592 0.0167 0.4936 0.0200 0.2105 
         114  1 0.3177 0.2178 0.2088 0.0499 0.2058 
         115  1 0.3420 0.0403 0.2563 0.0500 0.3114 
         116  1 0.2224 0.0309 0.3588 0.0577 0.3303 
         117  1 0.3502 0.0342 0.1731 0.0285 0.4141 
         118  1 0.4066 0.0161 0.1951 0.0206 0.3617 
         119  1 0.2589 0.1226 0.2590 0.1110 0.2485 
         120  1 0.3563 0.0654 0.2919 0.0360 0.2505 
         121  1 0.3938 0.0145 0.2224 0.0333 0.3360 
         122  1 0.3242 0.0390 0.2731 0.1302 0.2335 
         123  1 0.2340 0.1873 0.2204 0.1521 0.2062 
         124  1 0.3618 0.0346 0.2447 0.0422 0.3166 
         125  1 0.3386 0.0149 0.3014 0.0212 0.3239 
         126  1 0.2773 0.1353 0.2573 0.1105 0.2195 
         127  1 0.3456 0.0233 0.1750 0.0973 0.3588 
         128  1 0.3350 0.0417 0.1806 0.0284 0.4143 
         129  1 0.2184 0.3186 0.2262 0.0211 0.2157 
         130  1 0.0530 0.5942 0.0547 0.2403 0.0579 
         131  1 0.3935 0.0307 0.1935 0.0182 0.3641 
         132  1 0.3517 0.0240 0.2048 0.0266 0.3930 
         133  1 0.2527 0.0657 0.2367 0.1076 0.3372 
         134  1 0.2524 0.0242 0.4271 0.0275 0.2688 
         135  1 0.3808 0.0294 0.2574 0.0151 0.3173 
         136  1 0.3205 0.0419 0.1596 0.0440 0.4341 
         137  1 0.2804 0.0561 0.2216 0.1009 0.3410 
         138  1 0.2023 0.0292 0.2573 0.2779 0.2333 
         139  1 0.3070 0.0238 0.2449 0.0593 0.3649 
         140  1 0.1610 0.1183 0.1782 0.3236 0.2189 
         141  1 0.0359 0.7510 0.0550 0.1234 0.0347 
         142  1 0.2165 0.0409 0.4148 0.0405 0.2873 
         143  1 0.0937 0.1366 0.1333 0.5525 0.0839 
         144  1 0.1875 0.0377 0.5308 0.0151 0.2289 
         145  1 0.2619 0.0410 0.4082 0.0373 0.2517 
         146  1 0.1886 0.0693 0.4780 0.0318 0.2323 
         147  1 0.2227 0.1664 0.2225 0.1103 0.2780 
         148  1 0.2006 0.0336 0.5099 0.0199 0.2360 
         149  1 0.3046 0.0500 0.3241 0.0453 0.2760 
         150  1 0.1627 0.0138 0.5929 0.0127 0.2180 
         151  1 0.3080 0.0270 0.1992 0.0627 0.4032 
         152  1 0.2683 0.0523 0.2980 0.0463 0.3351 
         153  1 0.1649 0.0438 0.2612 0.3173 0.2128 
         154  1 0.3558 0.0163 0.1327 0.0204 0.4747 
         155  1 0.3504 0.0351 0.2319 0.0373 0.3454 
         156  1 0.2362 0.0553 0.3557 0.1245 0.2283 
         157  1 0.2416 0.0306 0.4423 0.0264 0.2590 
         158  1 0.2757 0.0710 0.2936 0.0271 0.3326 
         159  1 0.3127 0.0120 0.2621 0.0404 0.3728 
         160  1 0.2553 0.0344 0.3323 0.0494 0.3286 
         161  1 0.3402 0.0199 0.1558 0.0295 0.4546 
         162  1 0.3348 0.0544 0.2865 0.0333 0.2910 
         163  1 0.3119 0.0334 0.2283 0.0363 0.3901 
         164  1 0.3458 0.0196 0.2174 0.0181 0.3990 
         165  1 0.3601 0.0140 0.2793 0.0675 0.2791 
         166  1 0.2748 0.0827 0.2404 0.1585 0.2435 
         167  1 0.3061 0.0207 0.2670 0.0384 0.3677 
         168  1 0.2832 0.0436 0.2968 0.0209 0.3555 
         169  1 0.2525 0.0543 0.2419 0.1470 0.3043 
         170  1 0.1461 0.0369 0.2321 0.4218 0.1631 
         171  1 0.2764 0.0185 0.2313 0.1516 0.3222 
         172  1 0.2423 0.2266 0.1735 0.0731 0.2845 
         173  1 0.3395 0.0434 0.1900 0.0176 0.4094 
         174  1 0.3489 0.0190 0.1935 0.0182 0.4205 
         175  1 0.2838 0.0948 0.2612 0.0415 0.3186 
         176  1 0.2851 0.0532 0.1935 0.1306 0.3376 
         177  1 0.0313 0.1675 0.0558 0.7127 0.0327 
         178  1 0.0743 0.0769 0.0684 0.7220 0.0584 
         179  1 0.0305 0.0183 0.0290 0.8913 0.0309 
         180  1 0.3207 0.0153 0.3692 0.0561 0.2386 
         181  1 0.0297 0.0292 0.0261 0.8833 0.0316 
         182  1 0.0321 0.0767 0.0448 0.8123 0.0341 
         183  1 0.0926 0.1147 0.0779 0.6199 0.0948 
         184  1 0.0767 0.1845 0.0951 0.5634 0.0802 
         185  1 0.0683 0.2734 0.0751 0.5138 0.0693 
         186  1 0.0682 0.1286 0.0718 0.6774 0.0539 
         187  1 0.1855 0.3544 0.1511 0.0959 0.2131 
         188  1 0.1714 0.2436 0.2806 0.1586 0.1458 
         189  1 0.0234 0.0228 0.0235 0.9070 0.0233 
         190  1 0.1355 0.0143 0.2037 0.4870 0.1595 
         191  1 0.1661 0.3418 0.1452 0.2476 0.0992 
         192  1 0.0117 0.0234 0.0125 0.9394 0.0131 
         193  1 0.0117 0.0184 0.0126 0.9444 0.0129 
         194  1 0.0185 0.0246 0.0179 0.9198 0.0192 
         195  1 0.0163 0.0177 0.0177 0.9321 0.0163 
         196  1 0.0257 0.0931 0.0268 0.8274 0.0270 
         197  1 0.0143 0.0150 0.0136 0.9420 0.0151 
         198  1 0.0457 0.0196 0.0362 0.8404 0.0580 
         199  1 0.0273 0.0142 0.0318 0.8993 0.0275 
         200  1 0.0521 0.0910 0.1440 0.6507 0.0622 
         201  1 0.1681 0.4071 0.1619 0.1098 0.1531 
         202  1 0.0186 0.0141 0.0201 0.9256 0.0217 
         203  1 0.0344 0.0649 0.0372 0.8154 0.0481 
         204  1 0.0147 0.0376 0.0135 0.9196 0.0146 
         205  1 0.0291 0.0257 0.0293 0.8875 0.0285 
         206  1 0.0350 0.1420 0.0445 0.7383 0.0402 
         207  1 0.0953 0.5330 0.0859 0.2107 0.0752 
         208  1 0.0136 0.9471 0.0130 0.0126 0.0137 
         209  1 0.0886 0.5614 0.1321 0.1281 0.0898 
         210  1 0.0163 0.7679 0.0191 0.1796 0.0171 
         211  1 0.0347 0.8616 0.0475 0.0208 0.0354 
         212  1 0.0457 0.0467 0.0452 0.8184 0.0440 
         213  1 0.0262 0.8969 0.0299 0.0232 0.0238 
         214  1 0.0305 0.7354 0.0313 0.1759 0.0269 
         215  1 0.0131 0.0691 0.0162 0.8881 0.0134 
         216  1 0.0397 0.3590 0.0403 0.5188 0.0422 
         217  1 0.0306 0.2211 0.0301 0.6848 0.0333 
         218  1 0.0288 0.0217 0.0284 0.8919 0.0292 
         219  1 0.0237 0.7123 0.0286 0.2113 0.0241 
         220  1 0.0411 0.6970 0.0836 0.1399 0.0385 
         221  1 0.1481 0.5252 0.1257 0.0488 0.1521 
         222  1 0.0199 0.8925 0.0201 0.0475 0.0199 
         223  1 0.0207 0.0366 0.0204 0.9018 0.0205 
         224  1 0.2306 0.0857 0.3070 0.1547 0.2220 
         225  1 0.0812 0.0749 0.1087 0.6615 0.0737 
         226  1 0.0202 0.0359 0.0199 0.9047 0.0194 
         227  1 0.1058 0.1474 0.0842 0.5789 0.0837 
         228  1 0.0529 0.0389 0.0474 0.8156 0.0451 
         229  1 0.0176 0.9222 0.0223 0.0195 0.0185 
         230  1 0.0256 0.9013 0.0285 0.0216 0.0230 
         231  1 0.0237 0.0692 0.0226 0.8618 0.0227 
         232  1 0.0148 0.9238 0.0208 0.0246 0.0160 
         233  1 0.0249 0.8943 0.0265 0.0282 0.0260 
         234  1 0.3228 0.0460 0.1900 0.0482 0.3930 
         235  1 0.0502 0.8066 0.0483 0.0452 0.0496 
         236  1 0.0304 0.8969 0.0245 0.0207 0.0275 
         237  1 0.0328 0.8231 0.0423 0.0688 0.0330 
         238  1 0.0393 0.4885 0.0345 0.3943 0.0435 
         239  1 0.0439 0.7798 0.0925 0.0292 0.0546 
         240  1 0.0363 0.7833 0.1092 0.0343 0.0369 
         241  1 0.2797 0.0683 0.2264 0.0799 0.3457 
         242  1 0.0982 0.5819 0.0764 0.1478 0.0957 
         243  1 0.0271 0.8922 0.0293 0.0250 0.0264 
         244  1 0.1460 0.3445 0.1263 0.2116 0.1716 
         245  1 0.0125 0.9331 0.0139 0.0283 0.0122 
         246  1 0.0607 0.6567 0.0538 0.1720 0.0568 
         247  1 0.0446 0.7510 0.0608 0.0902 0.0534 
         248  1 0.0349 0.8181 0.0366 0.0756 0.0348 
         249  1 0.0718 0.6724 0.1442 0.0444 0.0673 
         250  1 0.1775 0.3339 0.1632 0.1521 0.1734 
         251  1 0.0177 0.8791 0.0176 0.0674 0.0183 
         252  1 0.0169 0.9315 0.0198 0.0164 0.0154 
         253  1 0.0377 0.6786 0.0383 0.2035 0.0419 
         254  1 0.0746 0.7119 0.0781 0.0746 0.0608 
         255  1 0.0187 0.8024 0.0183 0.1433 0.0173 
         256  1 0.0139 0.9315 0.0135 0.0270 0.0141 
         257  1 0.0161 0.8650 0.0175 0.0847 0.0167 
         258  1 0.0505 0.7419 0.0677 0.0891 0.0509 
         259  1 0.0392 0.7744 0.0423 0.1027 0.0413 
