           1  1 0.2080 0.2030 0.0433 0.2471 0.2487 0.0499 
           2  1 0.1927 0.2727 0.0240 0.2605 0.2371 0.0129 
           3  1 0.3771 0.1887 0.0120 0.2017 0.1674 0.0531 
           4  1 0.2715 0.2677 0.0102 0.2296 0.2090 0.0119 
           5  1 0.3995 0.2048 0.0148 0.1770 0.1662 0.0378 
           6  1 0.1924 0.1166 0.4520 0.0966 0.1010 0.0414 
           7  1 0.2653 0.1982 0.0790 0.2248 0.2172 0.0155 
           8  1 0.4414 0.2060 0.0103 0.1811 0.1476 0.0137 
           9  1 0.1682 0.1535 0.0591 0.1525 0.1587 0.3080 
          10  1 0.3858 0.1911 0.0453 0.1807 0.1805 0.0166 
          11  1 0.1842 0.1535 0.1625 0.1815 0.1901 0.1283 
          12  1 0.3010 0.2192 0.0396 0.2121 0.2028 0.0253 
          13  1 0.1212 0.1355 0.4459 0.1033 0.1075 0.0867 
          14  1 0.1729 0.2295 0.1267 0.2095 0.2245 0.0370 
          15  1 0.2409 0.2550 0.0325 0.2384 0.2081 0.0251 
          16  1 0.1863 0.2606 0.0316 0.2460 0.2423 0.0331 
          17  1 0.1137 0.2720 0.0162 0.2863 0.2961 0.0157 
          18  1 0.2283 0.1644 0.0495 0.1832 0.1491 0.2255 
          19  1 0.2641 0.2028 0.0369 0.2436 0.2385 0.0142 
          20  1 0.1902 0.2661 0.0229 0.2433 0.2272 0.0502 
          21  1 0.1653 0.2314 0.1441 0.2185 0.2152 0.0254 
          22  1 0.1485 0.2369 0.0319 0.2866 0.2843 0.0118 
          23  1 0.3429 0.2100 0.0104 0.2082 0.1941 0.0344 
          24  1 0.1460 0.2959 0.0501 0.2340 0.2427 0.0312 
          25  1 0.2787 0.2403 0.0135 0.2349 0.2022 0.0304 
          26  1 0.2258 0.1415 0.2825 0.1651 0.1628 0.0224 
          27  1 0.1453 0.2672 0.0245 0.2836 0.2599 0.0195 
          28  1 0.5250 0.1434 0.0387 0.1316 0.1368 0.0244 
          29  1 0.1867 0.2640 0.0422 0.2471 0.2329 0.0271 
          30  1 0.2289 0.1841 0.0623 0.1814 0.1764 0.1668 
          31  1 0.1413 0.2085 0.0263 0.2419 0.2310 0.1510 
          32  1 0.2613 0.2323 0.0259 0.2522 0.2066 0.0217 
          33  1 0.1797 0.2730 0.0498 0.2508 0.2218 0.0249 
          34  1 0.2275 0.2136 0.0142 0.2056 0.2241 0.1149 
          35  1 0.1162 0.2564 0.0225 0.3024 0.2813 0.0212 
          36  1 0.1556 0.1401 0.2246 0.1426 0.1373 0.1999 
          37  1 0.1098 0.2611 0.0114 0.3086 0.2943 0.0148 
          38  1 0.2061 0.2451 0.0491 0.2310 0.2197 0.0490 
          39  1 0.1800 0.2244 0.0647 0.2183 0.2715 0.0412 
          40  1 0.1083 0.2453 0.0148 0.3066 0.2575 0.0675 
          41  1 0.1054 0.0967 0.1340 0.1095 0.1102 0.4442 
          42  1 0.2138 0.2029 0.1005 0.2174 0.2055 0.0598 
          43  1 0.1287 0.2913 0.0393 0.2588 0.2704 0.0115 
          44  1 0.2743 0.2035 0.0244 0.2564 0.2112 0.0302 
          45  1 0.1599 0.2659 0.0259 0.2603 0.2652 0.0228 
          46  1 0.1223 0.2864 0.0230 0.2696 0.2641 0.0345 
          47  1 0.2790 0.2102 0.0256 0.1825 0.1976 0.1051 
          48  1 0.1570 0.2687 0.0591 0.2423 0.2554 0.0175 
          49  1 0.2408 0.2218 0.0525 0.2357 0.2142 0.0349 
          50  1 0.1710 0.2647 0.0471 0.2364 0.2534 0.0275 
          51  1 0.1863 0.2018 0.0465 0.2323 0.2755 0.0577 
          52  1 0.2463 0.2642 0.0125 0.2277 0.2225 0.0268 
          53  1 0.1483 0.2395 0.0272 0.2754 0.2720 0.0377 
          54  1 0.1802 0.1823 0.2056 0.1797 0.1737 0.0786 
          55  1 0.2714 0.2057 0.0340 0.2471 0.2152 0.0267 
          56  1 0.2465 0.2041 0.0207 0.2238 0.2515 0.0533 
          57  1 0.1307 0.2321 0.0234 0.2807 0.2752 0.0579 
          58  1 0.3064 0.2104 0.0180 0.2239 0.2106 0.0307 
          59  1 0.4080 0.1585 0.1385 0.1407 0.1296 0.0247 
          60  1 0.1854 0.2312 0.0123 0.2940 0.2604 0.0166 
          61  1 0.1612 0.2476 0.1126 0.2090 0.2021 0.0674 
          62  1 0.1767 0.2204 0.0184 0.2573 0.2903 0.0369 
          63  1 0.2511 0.2480 0.0173 0.2244 0.2468 0.0123 
          64  1 0.1389 0.2764 0.0283 0.2612 0.2727 0.0226 
          65  1 0.1864 0.1972 0.0655 0.2388 0.2034 0.1087 
          66  1 0.1527 0.2836 0.0345 0.2598 0.2504 0.0190 
          67  1 0.0783 0.0584 0.2661 0.0666 0.0696 0.4611 
          68  1 0.1511 0.3002 0.0432 0.2565 0.2194 0.0296 
          69  1 0.2197 0.2595 0.0156 0.2572 0.2250 0.0230 
          70  1 0.1487 0.2472 0.0304 0.2865 0.2688 0.0184 
          71  1 0.2131 0.2061 0.0557 0.2414 0.2628 0.0208 
          72  1 0.1617 0.1783 0.1558 0.1934 0.2017 0.1091 
          73  1 0.2168 0.2063 0.0472 0.2297 0.2751 0.0249 
          74  1 0.1794 0.2644 0.0289 0.2472 0.2679 0.0124 
          75  1 0.1461 0.2077 0.0905 0.2474 0.2424 0.0659 
          76  1 0.2317 0.2615 0.0220 0.2376 0.2149 0.0325 
          77  1 0.1653 0.2483 0.0122 0.2667 0.2960 0.0115 
          78  1 0.4495 0.1674 0.0436 0.1638 0.1640 0.0117 
          79  1 0.2146 0.2704 0.0109 0.2526 0.2344 0.0172 
          80  1 0.1590 0.2437 0.0197 0.2778 0.2859 0.0139 
          81  1 0.1679 0.2210 0.0705 0.2362 0.2582 0.0461 
          82  1 0.2022 0.2200 0.0332 0.2335 0.2797 0.0313 
          83  1 0.2251 0.2356 0.0946 0.2117 0.2093 0.0236 
          84  1 0.3155 0.2131 0.0227 0.2200 0.1918 0.0369 
          85  1 0.4058 0.1678 0.0140 0.1810 0.1985 0.0328 
          86  1 0.4342 0.1500 0.0162 0.1557 0.1918 0.0521 
          87  1 0.1726 0.1956 0.1141 0.2346 0.2516 0.0316 
          88  1 0.2037 0.2637 0.0271 0.2541 0.2358 0.0155 
          89  1 0.2660 0.2128 0.0262 0.2174 0.2588 0.0188 
          90  1 0.1805 0.2321 0.0276 0.2730 0.2545 0.0323 
          91  1 0.2409 0.2062 0.0149 0.2571 0.2502 0.0307 
          92  1 0.1759 0.2311 0.0173 0.2931 0.2364 0.0461 
          93  1 0.3564 0.1659 0.1082 0.1744 0.1671 0.0280 
          94  1 0.3288 0.2042 0.0159 0.1893 0.2418 0.0201 
          95  1 0.2611 0.2093 0.0409 0.2528 0.2238 0.0122 
          96  1 0.4212 0.0892 0.0913 0.1035 0.1177 0.1770 
          97  1 0.1292 0.3221 0.0129 0.2589 0.2584 0.0185 
          98  1 0.2734 0.2184 0.0419 0.2297 0.2074 0.0292 
          99  1 0.2214 0.2254 0.0290 0.2633 0.2370 0.0239 
         100  1 0.2137 0.2304 0.0243 0.2420 0.2388 0.0508 
         101  1 0.4031 0.1790 0.0131 0.2025 0.1844 0.0180 
         102  1 0.2662 0.2212 0.0205 0.2352 0.2475 0.0094 
         103  1 0.2062 0.2458 0.0185 0.2420 0.2755 0.0121 
         104  1 0.1363 0.2443 0.0181 0.2968 0.2872 0.0173 
         105  1 0.1670 0.2086 0.0570 0.1795 0.1811 0.2068 
         106  1 0.2131 0.2565 0.0117 0.2549 0.2488 0.0150 
         107  1 0.1474 0.1973 0.1386 0.2115 0.1870 0.1182 
         108  1 0.3811 0.2068 0.0360 0.1956 0.1629 0.0176 
         109  1 0.1954 0.2496 0.0126 0.2811 0.2457 0.0155 
         110  1 0.1177 0.2847 0.0110 0.2953 0.2799 0.0115 
         111  1 0.3488 0.1910 0.0714 0.1948 0.1846 0.0094 
         112  1 0.1992 0.2317 0.0147 0.2812 0.2437 0.0295 
         113  1 0.4763 0.1517 0.0137 0.1693 0.1710 0.0181 
         114  1 0.1406 0.2026 0.1727 0.2290 0.2143 0.0407 
         115  1 0.2015 0.2526 0.0322 0.2382 0.2352 0.0402 
         116  1 0.3107 0.2081 0.0241 0.2246 0.1883 0.0441 
         117  1 0.1377 0.2711 0.0279 0.2590 0.2782 0.0262 
         118  1 0.1450 0.2674 0.0127 0.2812 0.2754 0.0183 
         119  1 0.2285 0.1927 0.0941 0.1955 0.2172 0.0719 
         120  1 0.1802 0.2283 0.0489 0.2517 0.2620 0.0288 
         121  1 0.1490 0.2417 0.0139 0.2816 0.2890 0.0248 
         122  1 0.2116 0.2248 0.0280 0.2207 0.2245 0.0905 
         123  1 0.2083 0.1658 0.1485 0.1865 0.1937 0.0972 
         124  1 0.1687 0.2442 0.0258 0.2713 0.2514 0.0385 
         125  1 0.2239 0.2589 0.0135 0.2412 0.2431 0.0193 
         126  1 0.1848 0.1919 0.0954 0.2101 0.2408 0.0770 
         127  1 0.1226 0.2324 0.0194 0.2635 0.2828 0.0792 
         128  1 0.1297 0.2568 0.0354 0.2825 0.2708 0.0247 
         129  1 0.1917 0.1854 0.2411 0.1770 0.1871 0.0178 
         130  1 0.0572 0.0479 0.5936 0.0540 0.0523 0.1950 
         131  1 0.1418 0.2444 0.0261 0.2929 0.2793 0.0155 
         132  1 0.1397 0.2391 0.0225 0.2950 0.2805 0.0231 
         133  1 0.1887 0.2477 0.0444 0.2147 0.2139 0.0906 
         134  1 0.3666 0.2073 0.0201 0.1969 0.1854 0.0236 
         135  1 0.2036 0.2298 0.0225 0.2574 0.2749 0.0118 
         136  1 0.1406 0.2193 0.0351 0.3013 0.2654 0.0383 
         137  1 0.0940 0.3337 0.0394 0.2453 0.2475 0.0400 
         138  1 0.1629 0.2609 0.0219 0.1819 0.2071 0.1652 
         139  1 0.1223 0.3183 0.0187 0.2551 0.2524 0.0333 
         140  1 0.1483 0.1639 0.1008 0.1675 0.1576 0.2619 
         141  1 0.0644 0.0335 0.7607 0.0351 0.0406 0.0656 
         142  1 0.3762 0.1797 0.0343 0.2025 0.1702 0.0371 
         143  1 0.1361 0.1113 0.1673 0.1019 0.1149 0.3686 
         144  1 0.4129 0.1862 0.0326 0.1686 0.1864 0.0134 
         145  1 0.3053 0.2094 0.0329 0.1968 0.2277 0.0279 
         146  1 0.3986 0.1787 0.0546 0.1638 0.1763 0.0280 
         147  1 0.1685 0.2546 0.1074 0.1988 0.2018 0.0688 
         148  1 0.3602 0.2027 0.0284 0.1739 0.2179 0.0169 
         149  1 0.3205 0.2130 0.0372 0.2141 0.1803 0.0350 
         150  1 0.4551 0.1769 0.0120 0.1722 0.1728 0.0109 
         151  1 0.1533 0.2543 0.0228 0.2595 0.2649 0.0453 
         152  1 0.1679 0.2986 0.0356 0.2279 0.2363 0.0337 
         153  1 0.2572 0.1596 0.0349 0.1430 0.1292 0.2760 
         154  1 0.1018 0.2448 0.0128 0.3271 0.2975 0.0161 
         155  1 0.1919 0.2497 0.0288 0.2375 0.2594 0.0327 
         156  1 0.2771 0.2090 0.0485 0.1873 0.2009 0.0771 
         157  1 0.3334 0.2197 0.0279 0.1917 0.2065 0.0207 
         158  1 0.1721 0.2809 0.0532 0.2399 0.2311 0.0227 
         159  1 0.2433 0.2239 0.0105 0.2456 0.2403 0.0364 
         160  1 0.3091 0.2064 0.0259 0.2093 0.2140 0.0352 
         161  1 0.1104 0.2605 0.0162 0.3081 0.2795 0.0253 
         162  1 0.2210 0.2166 0.0440 0.2383 0.2531 0.0270 
         163  1 0.1386 0.3046 0.0259 0.2455 0.2540 0.0314 
         164  1 0.1334 0.3207 0.0161 0.2415 0.2733 0.0150 
         165  1 0.1921 0.2444 0.0121 0.2457 0.2597 0.0460 
         166  1 0.1845 0.2062 0.0616 0.1965 0.2285 0.1227 
         167  1 0.1287 0.3306 0.0164 0.2448 0.2501 0.0294 
         168  1 0.2668 0.2404 0.0368 0.2056 0.2319 0.0186 
         169  1 0.1952 0.2405 0.0410 0.2034 0.2136 0.1064 
         170  1 0.2388 0.1350 0.0362 0.1527 0.1462 0.2913 
         171  1 0.1170 0.3148 0.0151 0.2362 0.2448 0.0721 
         172  1 0.1273 0.2308 0.1485 0.2109 0.2280 0.0544 
         173  1 0.1264 0.2965 0.0356 0.2661 0.2596 0.0158 
         174  1 0.1044 0.3227 0.0167 0.2772 0.2657 0.0132 
         175  1 0.1687 0.2891 0.0610 0.2302 0.2165 0.0345 
         176  1 0.1543 0.2120 0.0464 0.2426 0.2517 0.0931 
         177  1 0.0844 0.0349 0.1734 0.0402 0.0337 0.6335 
         178  1 0.0650 0.0646 0.0835 0.0839 0.0821 0.6209 
         179  1 0.0246 0.0275 0.0155 0.0280 0.0286 0.8758 
         180  1 0.2270 0.2160 0.0129 0.2290 0.2700 0.0449 
         181  1 0.0240 0.0285 0.0256 0.0267 0.0250 0.8703 
         182  1 0.0506 0.0335 0.0748 0.0347 0.0383 0.7681 
         183  1 0.0791 0.0748 0.0924 0.0847 0.0820 0.5869 
         184  1 0.1032 0.0810 0.1405 0.0744 0.0755 0.5253 
         185  1 0.0723 0.0747 0.2207 0.0631 0.0570 0.5122 
         186  1 0.0798 0.0679 0.1169 0.0653 0.0790 0.5912 
         187  1 0.1392 0.1446 0.3035 0.1629 0.1665 0.0832 
         188  1 0.2397 0.1385 0.1775 0.1444 0.1748 0.1250 
         189  1 0.0208 0.0210 0.0196 0.0218 0.0239 0.8929 
         190  1 0.1919 0.1264 0.0132 0.1128 0.1330 0.4228 
         191  1 0.0958 0.1209 0.2972 0.1534 0.1787 0.1540 
         192  1 0.0125 0.0116 0.0211 0.0111 0.0116 0.9322 
         193  1 0.0117 0.0118 0.0166 0.0110 0.0117 0.9372 
         194  1 0.0166 0.0169 0.0226 0.0187 0.0199 0.9052 
         195  1 0.0154 0.0149 0.0152 0.0143 0.0145 0.9257 
         196  1 0.0266 0.0266 0.0886 0.0268 0.0248 0.8065 
         197  1 0.0122 0.0123 0.0135 0.0118 0.0127 0.9375 
         198  1 0.0346 0.0414 0.0174 0.0429 0.0475 0.8161 
         199  1 0.0288 0.0241 0.0128 0.0261 0.0258 0.8823 
         200  1 0.1748 0.0494 0.0835 0.0527 0.0565 0.5832 
         201  1 0.1402 0.1328 0.3700 0.1391 0.1407 0.0772 
         202  1 0.0187 0.0183 0.0121 0.0176 0.0167 0.9167 
         203  1 0.0328 0.0415 0.0561 0.0374 0.0391 0.7930 
         204  1 0.0134 0.0136 0.0293 0.0134 0.0133 0.9170 
         205  1 0.0259 0.0267 0.0206 0.0288 0.0277 0.8702 
         206  1 0.0418 0.0359 0.1212 0.0355 0.0327 0.7329 
         207  1 0.0706 0.0724 0.4716 0.0892 0.1069 0.1892 
         208  1 0.0145 0.0122 0.9382 0.0119 0.0123 0.0109 
         209  1 0.1440 0.0877 0.4791 0.0881 0.0906 0.1105 
         210  1 0.0217 0.0159 0.8290 0.0165 0.0161 0.1007 
         211  1 0.0453 0.0367 0.8321 0.0340 0.0325 0.0193 
         212  1 0.0472 0.0426 0.0506 0.0447 0.0456 0.7693 
         213  1 0.0283 0.0245 0.8740 0.0260 0.0270 0.0202 
         214  1 0.0322 0.0272 0.7384 0.0310 0.0284 0.1428 
         215  1 0.0162 0.0139 0.0834 0.0141 0.0149 0.8576 
         216  1 0.0459 0.0403 0.3995 0.0443 0.0409 0.4291 
         217  1 0.0292 0.0293 0.2106 0.0271 0.0276 0.6762 
         218  1 0.0242 0.0265 0.0192 0.0262 0.0283 0.8756 
         219  1 0.0255 0.0237 0.7404 0.0283 0.0287 0.1535 
         220  1 0.0794 0.0429 0.6388 0.0432 0.0524 0.1433 
         221  1 0.1203 0.1299 0.4594 0.1249 0.1236 0.0419 
         222  1 0.0187 0.0223 0.8767 0.0195 0.0197 0.0431 
         223  1 0.0193 0.0191 0.0326 0.0202 0.0197 0.8891 
         224  1 0.3068 0.1698 0.0571 0.1672 0.1750 0.1242 
         225  1 0.1158 0.0899 0.0784 0.0788 0.0908 0.5465 
         226  1 0.0199 0.0202 0.0352 0.0191 0.0183 0.8872 
         227  1 0.0738 0.0886 0.1294 0.1071 0.1053 0.4957 
         228  1 0.0454 0.0447 0.0345 0.0458 0.0455 0.7841 
         229  1 0.0229 0.0196 0.9016 0.0171 0.0192 0.0196 
         230  1 0.0276 0.0260 0.8808 0.0234 0.0237 0.0185 
         231  1 0.0208 0.0210 0.0666 0.0208 0.0222 0.8486 
         232  1 0.0198 0.0142 0.9155 0.0144 0.0137 0.0225 
         233  1 0.0255 0.0248 0.8683 0.0274 0.0250 0.0289 
         234  1 0.1165 0.2686 0.0351 0.2657 0.2796 0.0345 
         235  1 0.0558 0.0482 0.7606 0.0544 0.0459 0.0352 
         236  1 0.0220 0.0248 0.8774 0.0296 0.0305 0.0157 
         237  1 0.0412 0.0319 0.7927 0.0319 0.0431 0.0592 
         238  1 0.0319 0.0386 0.4954 0.0384 0.0383 0.3574 
         239  1 0.0848 0.0463 0.7526 0.0453 0.0457 0.0252 
         240  1 0.1474 0.0334 0.7149 0.0369 0.0344 0.0329 
         241  1 0.1963 0.2267 0.0508 0.2294 0.2252 0.0717 
         242  1 0.0844 0.0845 0.5259 0.0923 0.0831 0.1297 
         243  1 0.0242 0.0255 0.8766 0.0286 0.0253 0.0198 
         244  1 0.1042 0.1447 0.2939 0.1521 0.1425 0.1626 
         245  1 0.0146 0.0134 0.9268 0.0116 0.0127 0.0208 
         246  1 0.0547 0.0595 0.6125 0.0574 0.0623 0.1536 
         247  1 0.0740 0.0575 0.6867 0.0538 0.0504 0.0775 
         248  1 0.0444 0.0374 0.7848 0.0328 0.0353 0.0653 
         249  1 0.1363 0.0649 0.5848 0.0801 0.0905 0.0434 
         250  1 0.1180 0.1790 0.2713 0.1615 0.1626 0.1076 
         251  1 0.0164 0.0186 0.8784 0.0169 0.0162 0.0535 
         252  1 0.0179 0.0176 0.9182 0.0152 0.0171 0.0141 
         253  1 0.0445 0.0381 0.6865 0.0409 0.0365 0.1535 
         254  1 0.0770 0.0657 0.6368 0.0746 0.0719 0.0740 
         255  1 0.0178 0.0163 0.8348 0.0166 0.0171 0.0973 
         256  1 0.0120 0.0132 0.9266 0.0130 0.0132 0.0220 
         257  1 0.0156 0.0157 0.8774 0.0150 0.0157 0.0607 
         258  1 0.0802 0.0454 0.6977 0.0494 0.0491 0.0783 
         259  1 0.0425 0.0369 0.7530 0.0391 0.0346 0.0938 
