           1  1 0.0296 0.1848 0.1691 0.1491 0.1433 0.0351 0.1440 0.1450 
           2  1 0.0218 0.1480 0.1756 0.1402 0.1658 0.0112 0.1507 0.1867 
           3  1 0.0111 0.1354 0.1570 0.1465 0.1951 0.0461 0.1677 0.1411 
           4  1 0.0091 0.1349 0.1276 0.2030 0.1632 0.0105 0.1984 0.1534 
           5  1 0.0118 0.1173 0.1590 0.1552 0.2039 0.0316 0.1943 0.1269 
           6  1 0.3739 0.0667 0.0800 0.1033 0.1371 0.0383 0.1133 0.0874 
           7  1 0.0537 0.1309 0.1784 0.1295 0.1751 0.0122 0.1621 0.1581 
           8  1 0.0099 0.1318 0.2035 0.1352 0.1877 0.0133 0.1768 0.1419 
           9  1 0.0389 0.0957 0.1572 0.1296 0.1459 0.1783 0.1157 0.1387 
          10  1 0.0357 0.1318 0.1641 0.1544 0.1957 0.0154 0.1876 0.1154 
          11  1 0.1075 0.1188 0.1584 0.1191 0.1489 0.0858 0.1204 0.1412 
          12  1 0.0297 0.1270 0.1981 0.1301 0.1785 0.0200 0.1555 0.1611 
          13  1 0.3456 0.0792 0.0811 0.1147 0.1057 0.0879 0.0932 0.0925 
          14  1 0.0986 0.1409 0.1373 0.1448 0.1474 0.0320 0.1598 0.1393 
          15  1 0.0271 0.1257 0.1814 0.1456 0.1747 0.0213 0.1481 0.1761 
          16  1 0.0224 0.1312 0.1906 0.1624 0.1602 0.0218 0.1479 0.1636 
          17  1 0.0133 0.2042 0.1793 0.1524 0.1405 0.0143 0.1100 0.1859 
          18  1 0.0435 0.1175 0.1227 0.1278 0.1516 0.1957 0.1276 0.1135 
          19  1 0.0302 0.1668 0.1647 0.1550 0.1592 0.0136 0.1547 0.1558 
          20  1 0.0169 0.1257 0.1873 0.1434 0.1590 0.0396 0.1261 0.2021 
          21  1 0.1004 0.1397 0.1312 0.1622 0.1565 0.0239 0.1454 0.1407 
          22  1 0.0259 0.1343 0.2023 0.1339 0.1661 0.0107 0.1222 0.2046 
          23  1 0.0094 0.1432 0.1870 0.1615 0.1729 0.0255 0.1374 0.1631 
          24  1 0.0375 0.1408 0.1056 0.1907 0.1361 0.0275 0.1975 0.1642 
          25  1 0.0119 0.1806 0.1613 0.1548 0.1529 0.0273 0.1579 0.1533 
          26  1 0.2020 0.1034 0.1409 0.1261 0.1494 0.0180 0.1401 0.1200 
          27  1 0.0206 0.1680 0.2091 0.1268 0.1528 0.0170 0.1171 0.1886 
          28  1 0.0368 0.1223 0.1408 0.1463 0.2501 0.0213 0.1658 0.1166 
          29  1 0.0366 0.1717 0.1473 0.1751 0.1399 0.0228 0.1569 0.1497 
          30  1 0.0507 0.1340 0.1620 0.1398 0.1443 0.1029 0.1354 0.1308 
          31  1 0.0218 0.2487 0.1047 0.1517 0.0844 0.1082 0.1141 0.1665 
          32  1 0.0246 0.1713 0.1497 0.1611 0.1719 0.0195 0.1426 0.1592 
          33  1 0.0458 0.1499 0.1406 0.1856 0.1299 0.0218 0.1743 0.1521 
          34  1 0.0117 0.1644 0.1693 0.1640 0.1373 0.0669 0.1488 0.1375 
          35  1 0.0204 0.2856 0.1102 0.1678 0.0946 0.0193 0.1248 0.1772 
          36  1 0.1835 0.1054 0.1021 0.1185 0.1200 0.1387 0.1317 0.1003 
          37  1 0.0109 0.1650 0.2365 0.1245 0.1479 0.0141 0.1020 0.1991 
          38  1 0.0437 0.1570 0.1664 0.1505 0.1542 0.0386 0.1433 0.1464 
          39  1 0.0460 0.1291 0.1739 0.1541 0.1576 0.0310 0.1378 0.1706 
          40  1 0.0127 0.3275 0.0937 0.1631 0.0601 0.0542 0.1051 0.1836 
          41  1 0.1020 0.1108 0.0857 0.0896 0.0846 0.3570 0.0818 0.0885 
          42  1 0.0794 0.1517 0.1367 0.1454 0.1479 0.0452 0.1470 0.1466 
          43  1 0.0310 0.1679 0.1500 0.1480 0.1588 0.0113 0.1619 0.1711 
          44  1 0.0201 0.2173 0.1336 0.1491 0.1545 0.0255 0.1535 0.1464 
          45  1 0.0214 0.1689 0.1959 0.1501 0.1496 0.0190 0.1278 0.1673 
          46  1 0.0199 0.1773 0.1165 0.1740 0.1330 0.0291 0.1819 0.1683 
          47  1 0.0205 0.1202 0.1672 0.1465 0.1648 0.0814 0.1590 0.1405 
          48  1 0.0377 0.1224 0.1560 0.1775 0.1546 0.0140 0.1582 0.1798 
          49  1 0.0438 0.1467 0.1449 0.1431 0.1661 0.0304 0.1771 0.1480 
          50  1 0.0324 0.1361 0.1702 0.1628 0.1623 0.0255 0.1425 0.1682 
          51  1 0.0319 0.1490 0.2043 0.1384 0.1483 0.0352 0.1407 0.1523 
          52  1 0.0116 0.1390 0.1964 0.1538 0.1575 0.0224 0.1437 0.1757 
          53  1 0.0227 0.2028 0.1655 0.1509 0.1276 0.0296 0.1327 0.1682 
          54  1 0.1528 0.1182 0.1612 0.1208 0.1402 0.0644 0.1098 0.1326 
          55  1 0.0284 0.2544 0.1174 0.1550 0.1372 0.0221 0.1286 0.1568 
          56  1 0.0151 0.1235 0.2049 0.1453 0.1618 0.0366 0.1561 0.1568 
          57  1 0.0187 0.2370 0.1235 0.1650 0.1075 0.0449 0.1324 0.1711 
          58  1 0.0160 0.1511 0.1534 0.1651 0.1667 0.0257 0.1833 0.1387 
          59  1 0.1180 0.1015 0.1210 0.1500 0.2138 0.0220 0.1549 0.1189 
          60  1 0.0113 0.2651 0.1187 0.1686 0.1087 0.0162 0.1504 0.1610 
          61  1 0.0831 0.1419 0.1301 0.1746 0.1327 0.0556 0.1439 0.1380 
          62  1 0.0154 0.1862 0.1832 0.1406 0.1523 0.0254 0.1330 0.1638 
          63  1 0.0153 0.1419 0.1385 0.1630 0.1832 0.0111 0.2003 0.1467 
          64  1 0.0219 0.1409 0.1815 0.1597 0.1557 0.0227 0.1358 0.1817 
          65  1 0.0556 0.2257 0.1077 0.1482 0.0953 0.0827 0.1337 0.1512 
          66  1 0.0276 0.1777 0.1301 0.1752 0.1333 0.0161 0.1723 0.1677 
          67  1 0.2522 0.0551 0.0704 0.0623 0.0754 0.3539 0.0586 0.0720 
          68  1 0.0368 0.1401 0.1246 0.2084 0.1338 0.0276 0.1646 0.1641 
          69  1 0.0139 0.2031 0.1212 0.1744 0.1131 0.0176 0.1723 0.1844 
          70  1 0.0293 0.2479 0.1323 0.1567 0.1194 0.0164 0.1319 0.1662 
          71  1 0.0396 0.1419 0.1886 0.1230 0.1820 0.0138 0.1366 0.1745 
          72  1 0.1051 0.1184 0.1604 0.1060 0.1634 0.0685 0.1274 0.1509 
          73  1 0.0351 0.1518 0.1879 0.1422 0.1701 0.0168 0.1405 0.1555 
          74  1 0.0251 0.1489 0.1539 0.1557 0.1702 0.0115 0.1684 0.1663 
          75  1 0.0569 0.1576 0.1948 0.1220 0.1379 0.0424 0.1212 0.1672 
          76  1 0.0172 0.1258 0.1359 0.1800 0.1758 0.0220 0.1736 0.1697 
          77  1 0.0105 0.2150 0.1490 0.1536 0.1374 0.0103 0.1443 0.1800 
          78  1 0.0403 0.0959 0.1490 0.1382 0.2512 0.0104 0.1849 0.1301 
          79  1 0.0098 0.1377 0.1766 0.1397 0.1668 0.0130 0.1409 0.2155 
          80  1 0.0179 0.1582 0.2140 0.1167 0.1712 0.0116 0.1389 0.1715 
          81  1 0.0510 0.1468 0.1796 0.1260 0.1631 0.0285 0.1350 0.1701 
          82  1 0.0255 0.1453 0.1994 0.1331 0.1594 0.0211 0.1441 0.1722 
          83  1 0.0781 0.1358 0.1599 0.1479 0.1657 0.0189 0.1361 0.1576 
          84  1 0.0189 0.1705 0.1487 0.1383 0.1763 0.0310 0.1634 0.1530 
          85  1 0.0108 0.1342 0.1795 0.1477 0.2100 0.0261 0.1585 0.1334 
          86  1 0.0144 0.1334 0.1703 0.1416 0.1962 0.0387 0.1768 0.1287 
          87  1 0.0668 0.1302 0.2063 0.1336 0.1656 0.0205 0.1177 0.1594 
          88  1 0.0244 0.1410 0.1883 0.1496 0.1572 0.0136 0.1416 0.1842 
          89  1 0.0240 0.1277 0.2002 0.1444 0.1786 0.0151 0.1576 0.1523 
          90  1 0.0223 0.2556 0.1163 0.1506 0.1031 0.0257 0.1418 0.1846 
          91  1 0.0128 0.1841 0.1729 0.1325 0.1623 0.0228 0.1412 0.1714 
          92  1 0.0143 0.2555 0.1133 0.1572 0.1076 0.0411 0.1301 0.1809 
          93  1 0.0843 0.1099 0.1646 0.1189 0.2060 0.0226 0.1642 0.1296 
          94  1 0.0136 0.1329 0.1811 0.1481 0.1956 0.0155 0.1718 0.1414 
          95  1 0.0342 0.1435 0.1762 0.1404 0.1872 0.0112 0.1550 0.1523 
          96  1 0.0786 0.0921 0.1134 0.1190 0.2130 0.1367 0.1463 0.1009 
          97  1 0.0114 0.1452 0.1108 0.2043 0.1405 0.0164 0.1824 0.1891 
          98  1 0.0339 0.1439 0.1204 0.1522 0.1816 0.0260 0.1864 0.1556 
          99  1 0.0248 0.2529 0.1158 0.1602 0.1209 0.0203 0.1497 0.1553 
         100  1 0.0189 0.2229 0.1506 0.1591 0.1056 0.0414 0.1406 0.1609 
         101  1 0.0112 0.1126 0.1784 0.1488 0.2214 0.0132 0.1647 0.1496 
         102  1 0.0178 0.1499 0.1916 0.1444 0.1819 0.0078 0.1662 0.1405 
         103  1 0.0148 0.1349 0.2129 0.1433 0.1525 0.0107 0.1721 0.1588 
         104  1 0.0141 0.1695 0.1878 0.1365 0.1683 0.0147 0.1234 0.1858 
         105  1 0.0466 0.1293 0.1196 0.1593 0.1330 0.1205 0.1509 0.1408 
         106  1 0.0109 0.1874 0.1670 0.1588 0.1332 0.0118 0.1668 0.1641 
         107  1 0.0924 0.1966 0.1334 0.1299 0.1085 0.0813 0.1188 0.1391 
         108  1 0.0328 0.1265 0.1416 0.1682 0.2216 0.0153 0.1608 0.1331 
         109  1 0.0105 0.1947 0.1768 0.1301 0.1489 0.0139 0.1593 0.1659 
         110  1 0.0105 0.1606 0.2113 0.1294 0.1498 0.0106 0.1194 0.2085 
         111  1 0.0612 0.1144 0.1611 0.1479 0.1964 0.0088 0.1766 0.1335 
         112  1 0.0139 0.2322 0.1471 0.1432 0.1259 0.0226 0.1401 0.1749 
         113  1 0.0123 0.0997 0.1619 0.1454 0.2473 0.0160 0.1832 0.1341 
         114  1 0.1261 0.1293 0.1801 0.1288 0.1460 0.0274 0.1041 0.1583 
         115  1 0.0277 0.1599 0.1568 0.1768 0.1365 0.0329 0.1377 0.1718 
         116  1 0.0221 0.1615 0.1438 0.1767 0.1642 0.0391 0.1583 0.1342 
         117  1 0.0265 0.2045 0.1193 0.1652 0.1259 0.0213 0.1781 0.1592 
         118  1 0.0112 0.2014 0.1599 0.1720 0.1281 0.0160 0.1377 0.1738 
         119  1 0.0703 0.1505 0.1498 0.1426 0.1570 0.0485 0.1468 0.1345 
         120  1 0.0373 0.1293 0.1888 0.1359 0.1651 0.0243 0.1416 0.1777 
         121  1 0.0116 0.2004 0.1734 0.1530 0.1323 0.0217 0.1318 0.1758 
         122  1 0.0223 0.1309 0.1776 0.1520 0.1501 0.0657 0.1406 0.1608 
         123  1 0.1066 0.1256 0.1646 0.1220 0.1438 0.0669 0.1321 0.1385 
         124  1 0.0225 0.1618 0.1815 0.1543 0.1460 0.0325 0.1422 0.1593 
         125  1 0.0123 0.1568 0.1492 0.1602 0.1825 0.0162 0.1729 0.1497 
         126  1 0.0556 0.1305 0.2067 0.1257 0.1489 0.0453 0.1386 0.1488 
         127  1 0.0153 0.2183 0.1500 0.1513 0.1141 0.0517 0.1310 0.1683 
         128  1 0.0278 0.2398 0.1291 0.1656 0.1151 0.0184 0.1343 0.1699 
         129  1 0.1708 0.1112 0.1517 0.1351 0.1618 0.0150 0.1292 0.1252 
         130  1 0.4822 0.0668 0.0578 0.0617 0.0561 0.1560 0.0558 0.0636 
         131  1 0.0199 0.1890 0.1815 0.1509 0.1334 0.0137 0.1362 0.1754 
         132  1 0.0185 0.2167 0.1424 0.1620 0.1266 0.0171 0.1421 0.1748 
         133  1 0.0387 0.1599 0.1195 0.1675 0.1399 0.0827 0.1526 0.1393 
         134  1 0.0182 0.1211 0.1292 0.1764 0.2306 0.0187 0.1735 0.1323 
         135  1 0.0175 0.1527 0.2150 0.1322 0.1680 0.0113 0.1431 0.1602 
         136  1 0.0289 0.3331 0.0999 0.1666 0.0614 0.0272 0.0994 0.1835 
         137  1 0.0279 0.1368 0.0886 0.2184 0.1111 0.0214 0.2112 0.1847 
         138  1 0.0192 0.1382 0.1110 0.1948 0.1217 0.0951 0.1674 0.1526 
         139  1 0.0160 0.1485 0.1011 0.2020 0.1214 0.0251 0.2086 0.1772 
         140  1 0.0810 0.1170 0.0990 0.1339 0.1067 0.2052 0.1381 0.1191 
         141  1 0.6913 0.0329 0.0406 0.0406 0.0536 0.0589 0.0460 0.0362 
         142  1 0.0300 0.1562 0.1516 0.1513 0.1817 0.0276 0.1750 0.1264 
         143  1 0.1409 0.0805 0.1110 0.1058 0.1209 0.2407 0.1072 0.0931 
         144  1 0.0273 0.1171 0.1910 0.1580 0.1688 0.0107 0.2130 0.1139 
         145  1 0.0240 0.1325 0.1923 0.1524 0.1498 0.0216 0.1957 0.1318 
         146  1 0.0478 0.1428 0.1298 0.1595 0.1705 0.0231 0.1861 0.1404 
         147  1 0.0777 0.1315 0.1210 0.1620 0.1359 0.0437 0.1701 0.1582 
         148  1 0.0198 0.1175 0.2095 0.1532 0.1438 0.0133 0.2074 0.1356 
         149  1 0.0303 0.1516 0.1746 0.1429 0.1913 0.0271 0.1324 0.1498 
         150  1 0.0112 0.1222 0.1957 0.1474 0.2004 0.0094 0.2045 0.1092 
         151  1 0.0191 0.2412 0.1047 0.1649 0.1068 0.0340 0.1594 0.1699 
         152  1 0.0268 0.1394 0.0972 0.2025 0.1303 0.0241 0.2158 0.1639 
         153  1 0.0263 0.1225 0.1076 0.1426 0.1530 0.1984 0.1486 0.1010 
         154  1 0.0121 0.3489 0.1020 0.1804 0.0533 0.0130 0.0999 0.1903 
         155  1 0.0251 0.1762 0.1571 0.1499 0.1534 0.0256 0.1540 0.1588 
         156  1 0.0367 0.1280 0.1548 0.1514 0.1743 0.0532 0.1503 0.1514 
         157  1 0.0241 0.1220 0.1638 0.1563 0.1876 0.0179 0.1940 0.1343 
         158  1 0.0396 0.1435 0.1431 0.1799 0.1422 0.0181 0.1712 0.1624 
         159  1 0.0094 0.2482 0.1244 0.1705 0.1443 0.0284 0.1144 0.1603 
         160  1 0.0228 0.1606 0.1259 0.1709 0.1643 0.0273 0.1895 0.1388 
         161  1 0.0153 0.3237 0.1018 0.1716 0.0734 0.0208 0.1059 0.1874 
         162  1 0.0348 0.1515 0.1578 0.1620 0.1546 0.0261 0.1599 0.1533 
         163  1 0.0209 0.1547 0.0946 0.1840 0.1327 0.0237 0.2284 0.1611 
         164  1 0.0121 0.1599 0.1022 0.1801 0.1383 0.0127 0.2446 0.1503 
         165  1 0.0106 0.1557 0.1925 0.1437 0.1512 0.0322 0.1474 0.1667 
         166  1 0.0438 0.1350 0.1543 0.1420 0.1507 0.0712 0.1525 0.1504 
         167  1 0.0138 0.1488 0.0955 0.2106 0.1346 0.0205 0.2114 0.1648 
         168  1 0.0275 0.1509 0.1451 0.1658 0.1800 0.0174 0.1847 0.1285 
         169  1 0.0334 0.1609 0.1166 0.1530 0.1329 0.0841 0.1800 0.1393 
         170  1 0.0345 0.1252 0.1156 0.1206 0.1506 0.2171 0.1269 0.1096 
         171  1 0.0127 0.1437 0.0989 0.2128 0.1239 0.0395 0.1908 0.1777 
         172  1 0.0951 0.1560 0.1157 0.1607 0.1235 0.0484 0.1462 0.1543 
         173  1 0.0330 0.1794 0.0996 0.1644 0.1341 0.0129 0.2150 0.1615 
         174  1 0.0152 0.1759 0.1049 0.1876 0.1269 0.0124 0.2249 0.1522 
         175  1 0.0480 0.1537 0.1355 0.1840 0.1360 0.0335 0.1535 0.1557 
         176  1 0.0364 0.2172 0.1242 0.1434 0.1198 0.0663 0.1446 0.1481 
         177  1 0.1715 0.0435 0.0538 0.0509 0.0578 0.5231 0.0552 0.0442 
         178  1 0.0665 0.0659 0.0880 0.0593 0.0807 0.4953 0.0641 0.0801 
         179  1 0.0138 0.0318 0.0274 0.0304 0.0264 0.8152 0.0282 0.0268 
         180  1 0.0096 0.1172 0.2219 0.1427 0.1475 0.0286 0.1752 0.1572 
         181  1 0.0255 0.0287 0.0258 0.0270 0.0256 0.8145 0.0267 0.0261 
         182  1 0.0803 0.0377 0.0542 0.0467 0.0547 0.6352 0.0487 0.0425 
         183  1 0.0734 0.0786 0.0715 0.0768 0.0706 0.4848 0.0725 0.0720 
         184  1 0.1290 0.0761 0.0987 0.0810 0.0876 0.3584 0.0879 0.0813 
         185  1 0.1551 0.0501 0.0470 0.0631 0.0651 0.5098 0.0576 0.0521 
         186  1 0.0945 0.0640 0.1108 0.0718 0.0816 0.4215 0.0770 0.0789 
         187  1 0.1958 0.1465 0.1173 0.1220 0.1231 0.0540 0.1214 0.1199 
         188  1 0.1193 0.0885 0.1807 0.1344 0.1176 0.0832 0.1511 0.1253 
         189  1 0.0193 0.0217 0.0228 0.0227 0.0214 0.8448 0.0246 0.0228 
         190  1 0.0109 0.1183 0.1125 0.1076 0.1180 0.2993 0.1251 0.1082 
         191  1 0.1879 0.1040 0.1771 0.0830 0.1301 0.0784 0.0953 0.1443 
         192  1 0.0208 0.0116 0.0132 0.0117 0.0128 0.9054 0.0122 0.0122 
         193  1 0.0160 0.0103 0.0114 0.0116 0.0115 0.9160 0.0119 0.0113 
         194  1 0.0219 0.0189 0.0204 0.0214 0.0223 0.8570 0.0191 0.0190 
         195  1 0.0149 0.0153 0.0152 0.0152 0.0149 0.8960 0.0145 0.0140 
         196  1 0.0981 0.0287 0.0290 0.0268 0.0273 0.7317 0.0315 0.0269 
         197  1 0.0124 0.0138 0.0118 0.0133 0.0119 0.9129 0.0119 0.0121 
         198  1 0.0172 0.0647 0.0419 0.0476 0.0320 0.6957 0.0436 0.0574 
         199  1 0.0118 0.0276 0.0363 0.0287 0.0343 0.8011 0.0288 0.0315 
         200  1 0.0905 0.0605 0.0841 0.0725 0.1167 0.4354 0.0797 0.0604 
         201  1 0.2790 0.1018 0.1246 0.1092 0.1176 0.0551 0.1110 0.1016 
         202  1 0.0098 0.0203 0.0165 0.0192 0.0178 0.8802 0.0177 0.0184 
         203  1 0.0478 0.0499 0.0392 0.0442 0.0328 0.7009 0.0396 0.0456 
         204  1 0.0284 0.0127 0.0128 0.0132 0.0129 0.8925 0.0134 0.0141 
         205  1 0.0184 0.0247 0.0261 0.0248 0.0268 0.8255 0.0265 0.0273 
         206  1 0.1076 0.0405 0.0362 0.0402 0.0430 0.6582 0.0415 0.0328 
         207  1 0.3664 0.0723 0.1138 0.0669 0.0909 0.1301 0.0662 0.0935 
         208  1 0.9167 0.0117 0.0116 0.0123 0.0134 0.0099 0.0119 0.0124 
         209  1 0.3390 0.0799 0.0913 0.0997 0.1156 0.0853 0.0984 0.0908 
         210  1 0.7903 0.0181 0.0183 0.0176 0.0198 0.0998 0.0179 0.0182 
         211  1 0.7665 0.0368 0.0376 0.0324 0.0408 0.0175 0.0361 0.0323 
         212  1 0.0476 0.0526 0.0549 0.0445 0.0532 0.6528 0.0458 0.0484 
         213  1 0.8056 0.0236 0.0310 0.0299 0.0315 0.0193 0.0285 0.0306 
         214  1 0.6567 0.0286 0.0375 0.0332 0.0400 0.1285 0.0326 0.0428 
         215  1 0.0942 0.0140 0.0169 0.0148 0.0165 0.8129 0.0145 0.0161 
         216  1 0.3561 0.0423 0.0459 0.0383 0.0457 0.3892 0.0402 0.0422 
         217  1 0.1848 0.0280 0.0263 0.0270 0.0238 0.6606 0.0240 0.0257 
         218  1 0.0170 0.0287 0.0235 0.0251 0.0208 0.8350 0.0243 0.0255 
         219  1 0.6465 0.0272 0.0437 0.0332 0.0427 0.1326 0.0293 0.0447 
         220  1 0.4634 0.0485 0.0754 0.0659 0.0795 0.1337 0.0690 0.0647 
         221  1 0.3847 0.0934 0.0910 0.1065 0.0943 0.0352 0.0965 0.0984 
         222  1 0.8343 0.0196 0.0189 0.0214 0.0232 0.0411 0.0227 0.0189 
         223  1 0.0299 0.0189 0.0178 0.0195 0.0198 0.8553 0.0207 0.0180 
         224  1 0.0432 0.1119 0.1657 0.1271 0.1759 0.0890 0.1615 0.1257 
         225  1 0.0670 0.0739 0.1068 0.0885 0.0946 0.3943 0.0902 0.0847 
         226  1 0.0330 0.0213 0.0220 0.0226 0.0219 0.8347 0.0225 0.0219 
         227  1 0.1004 0.0814 0.0998 0.0725 0.0888 0.3902 0.0735 0.0934 
         228  1 0.0317 0.0497 0.0507 0.0472 0.0565 0.6679 0.0467 0.0496 
         229  1 0.8606 0.0186 0.0183 0.0211 0.0211 0.0186 0.0214 0.0202 
         230  1 0.8066 0.0236 0.0325 0.0317 0.0293 0.0181 0.0284 0.0299 
         231  1 0.0576 0.0204 0.0207 0.0197 0.0199 0.8225 0.0207 0.0185 
         232  1 0.8714 0.0154 0.0174 0.0171 0.0180 0.0273 0.0193 0.0141 
         233  1 0.8002 0.0253 0.0299 0.0266 0.0288 0.0305 0.0284 0.0303 
         234  1 0.0263 0.1961 0.1210 0.1727 0.1115 0.0292 0.1739 0.1692 
         235  1 0.6629 0.0523 0.0533 0.0532 0.0512 0.0329 0.0517 0.0425 
         236  1 0.7815 0.0263 0.0478 0.0271 0.0368 0.0128 0.0252 0.0426 
         237  1 0.6842 0.0355 0.0580 0.0381 0.0389 0.0568 0.0390 0.0495 
         238  1 0.4703 0.0439 0.0368 0.0396 0.0343 0.2967 0.0406 0.0378 
         239  1 0.6616 0.0425 0.0429 0.0528 0.0708 0.0281 0.0578 0.0435 
         240  1 0.6054 0.0376 0.0568 0.0556 0.1037 0.0321 0.0652 0.0437 
         241  1 0.0425 0.2135 0.1241 0.1596 0.1125 0.0584 0.1396 0.1497 
         242  1 0.4028 0.0954 0.0815 0.0790 0.0785 0.1122 0.0726 0.0778 
         243  1 0.8021 0.0219 0.0359 0.0268 0.0306 0.0192 0.0260 0.0374 
         244  1 0.2094 0.1208 0.0906 0.1252 0.1024 0.1057 0.1335 0.1123 
         245  1 0.8895 0.0118 0.0151 0.0140 0.0160 0.0225 0.0147 0.0164 
         246  1 0.4813 0.0556 0.0731 0.0554 0.0707 0.1438 0.0506 0.0694 
         247  1 0.6164 0.0524 0.0496 0.0511 0.0545 0.0684 0.0550 0.0525 
         248  1 0.6836 0.0370 0.0473 0.0409 0.0449 0.0665 0.0424 0.0374 
         249  1 0.3963 0.0658 0.1123 0.0849 0.1257 0.0327 0.0860 0.0964 
         250  1 0.1763 0.1142 0.1098 0.1470 0.1144 0.0728 0.1308 0.1347 
         251  1 0.8492 0.0162 0.0154 0.0171 0.0173 0.0497 0.0181 0.0171 
         252  1 0.8508 0.0167 0.0250 0.0210 0.0213 0.0147 0.0214 0.0292 
         253  1 0.5989 0.0382 0.0428 0.0405 0.0416 0.1613 0.0378 0.0389 
         254  1 0.4973 0.0590 0.0906 0.0663 0.0758 0.0644 0.0706 0.0761 
         255  1 0.8010 0.0193 0.0176 0.0181 0.0194 0.0879 0.0180 0.0186 
         256  1 0.9019 0.0133 0.0126 0.0120 0.0125 0.0230 0.0125 0.0121 
         257  1 0.8445 0.0144 0.0153 0.0168 0.0175 0.0555 0.0160 0.0200 
         258  1 0.6232 0.0397 0.0585 0.0505 0.0636 0.0605 0.0573 0.0466 
         259  1 0.6448 0.0399 0.0434 0.0432 0.0533 0.0886 0.0450 0.0419 
