           1  1 0.4933 0.0836 0.4232 
           2  1 0.5478 0.0208 0.4314 
           3  1 0.4441 0.0299 0.5260 
           4  1 0.4682 0.0141 0.5176 
           5  1 0.4653 0.0313 0.5034 
           6  1 0.2162 0.5021 0.2816 
           7  1 0.5118 0.0516 0.4366 
           8  1 0.5218 0.0169 0.4613 
           9  1 0.2911 0.4749 0.2339 
          10  1 0.4663 0.0344 0.4994 
          11  1 0.3259 0.4115 0.2626 
          12  1 0.5487 0.0531 0.3982 
          13  1 0.2027 0.5609 0.2364 
          14  1 0.4384 0.1298 0.4318 
          15  1 0.5511 0.0440 0.4049 
          16  1 0.5379 0.0627 0.3994 
          17  1 0.5427 0.0200 0.4372 
          18  1 0.2726 0.3947 0.3327 
          19  1 0.5583 0.0354 0.4063 
          20  1 0.5578 0.0508 0.3913 
          21  1 0.4300 0.1094 0.4606 
          22  1 0.5873 0.0317 0.3810 
          23  1 0.4772 0.0237 0.4992 
          24  1 0.4227 0.0981 0.4792 
          25  1 0.4690 0.0279 0.5031 
          26  1 0.4247 0.2229 0.3524 
          27  1 0.5599 0.0388 0.4013 
          28  1 0.4295 0.0585 0.5120 
          29  1 0.4397 0.0542 0.5061 
          30  1 0.3693 0.2531 0.3776 
          31  1 0.3767 0.0784 0.5449 
          32  1 0.4537 0.0398 0.5065 
          33  1 0.4133 0.0428 0.5440 
          34  1 0.4558 0.0555 0.4887 
          35  1 0.4158 0.0314 0.5528 
          36  1 0.2166 0.5055 0.2779 
          37  1 0.5869 0.0203 0.3927 
          38  1 0.4631 0.1027 0.4342 
          39  1 0.5157 0.1010 0.3833 
          40  1 0.3718 0.0363 0.5919 
          41  1 0.1707 0.6393 0.1900 
          42  1 0.3976 0.1311 0.4713 
          43  1 0.5414 0.0302 0.4284 
          44  1 0.4209 0.0392 0.5399 
          45  1 0.5462 0.0400 0.4138 
          46  1 0.4410 0.0427 0.5163 
          47  1 0.4308 0.0915 0.4778 
          48  1 0.5202 0.0470 0.4328 
          49  1 0.4653 0.0762 0.4586 
          50  1 0.5196 0.0563 0.4242 
          51  1 0.5090 0.1124 0.3786 
          52  1 0.5611 0.0264 0.4125 
          53  1 0.4938 0.0659 0.4403 
          54  1 0.3337 0.4171 0.2492 
          55  1 0.4192 0.0424 0.5384 
          56  1 0.5602 0.0611 0.3787 
          57  1 0.4217 0.0653 0.5129 
          58  1 0.4625 0.0287 0.5088 
          59  1 0.4123 0.1253 0.4624 
          60  1 0.3947 0.0182 0.5871 
          61  1 0.3501 0.2296 0.4203 
          62  1 0.5213 0.0411 0.4375 
          63  1 0.4941 0.0243 0.4816 
          64  1 0.5468 0.0341 0.4191 
          65  1 0.3528 0.1450 0.5022 
          66  1 0.4267 0.0383 0.5349 
          67  1 0.0803 0.8390 0.0807 
          68  1 0.4079 0.0560 0.5361 
          69  1 0.4061 0.0219 0.5719 
          70  1 0.4188 0.0340 0.5472 
          71  1 0.5596 0.0609 0.3795 
          72  1 0.4164 0.2872 0.2965 
          73  1 0.5433 0.0584 0.3983 
          74  1 0.5293 0.0238 0.4469 
          75  1 0.4814 0.1773 0.3412 
          76  1 0.4871 0.0351 0.4778 
          77  1 0.4821 0.0162 0.5017 
          78  1 0.5579 0.0298 0.4123 
          79  1 0.5696 0.0179 0.4125 
          80  1 0.5530 0.0248 0.4221 
          81  1 0.5013 0.1113 0.3875 
          82  1 0.5498 0.0568 0.3934 
          83  1 0.4733 0.0862 0.4405 
          84  1 0.5023 0.0456 0.4521 
          85  1 0.5494 0.0276 0.4231 
          86  1 0.5371 0.0491 0.4138 
          87  1 0.5025 0.1160 0.3816 
          88  1 0.5558 0.0300 0.4142 
          89  1 0.5716 0.0371 0.3913 
          90  1 0.4061 0.0456 0.5482 
          91  1 0.4979 0.0316 0.4706 
          92  1 0.3992 0.0346 0.5662 
          93  1 0.5394 0.0848 0.3758 
          94  1 0.5580 0.0246 0.4175 
          95  1 0.5689 0.0318 0.3992 
          96  1 0.2322 0.5206 0.2472 
          97  1 0.4632 0.0211 0.5157 
          98  1 0.4179 0.0495 0.5325 
          99  1 0.4043 0.0428 0.5529 
         100  1 0.4520 0.0459 0.5021 
         101  1 0.5600 0.0187 0.4213 
         102  1 0.5567 0.0162 0.4271 
         103  1 0.5815 0.0192 0.3993 
         104  1 0.5556 0.0250 0.4194 
         105  1 0.3195 0.3066 0.3740 
         106  1 0.4942 0.0166 0.4892 
         107  1 0.3411 0.2654 0.3935 
         108  1 0.4447 0.0346 0.5207 
         109  1 0.4952 0.0179 0.4869 
         110  1 0.5678 0.0162 0.4159 
         111  1 0.5446 0.0472 0.4082 
         112  1 0.4771 0.0388 0.4841 
         113  1 0.5906 0.0215 0.3879 
         114  1 0.4575 0.2224 0.3200 
         115  1 0.4528 0.0534 0.4938 
         116  1 0.4159 0.0477 0.5364 
         117  1 0.4531 0.0501 0.4968 
         118  1 0.4979 0.0203 0.4818 
         119  1 0.3875 0.2502 0.3623 
         120  1 0.5501 0.0666 0.3834 
         121  1 0.5314 0.0297 0.4389 
         122  1 0.4807 0.1059 0.4134 
         123  1 0.3742 0.2939 0.3320 
         124  1 0.5164 0.0493 0.4343 
         125  1 0.5537 0.0222 0.4241 
         126  1 0.4642 0.1944 0.3414 
         127  1 0.4886 0.0612 0.4502 
         128  1 0.4012 0.0477 0.5511 
         129  1 0.4637 0.1174 0.4189 
         130  1 0.0633 0.8703 0.0664 
         131  1 0.5419 0.0302 0.4279 
         132  1 0.4879 0.0392 0.4728 
         133  1 0.3824 0.1060 0.5116 
         134  1 0.4784 0.0347 0.4869 
         135  1 0.5727 0.0262 0.4012 
         136  1 0.3759 0.0539 0.5702 
         137  1 0.3743 0.0731 0.5526 
         138  1 0.3726 0.1386 0.4888 
         139  1 0.3835 0.0373 0.5793 
         140  1 0.2856 0.3199 0.3946 
         141  1 0.0455 0.9114 0.0431 
         142  1 0.4487 0.0506 0.5007 
         143  1 0.1182 0.7730 0.1089 
         144  1 0.4798 0.0320 0.4882 
         145  1 0.5154 0.0540 0.4306 
         146  1 0.4074 0.0680 0.5246 
         147  1 0.3329 0.1997 0.4673 
         148  1 0.5105 0.0359 0.4536 
         149  1 0.4909 0.1054 0.4037 
         150  1 0.5182 0.0178 0.4640 
         151  1 0.3795 0.0386 0.5819 
         152  1 0.3947 0.0605 0.5448 
         153  1 0.3320 0.2202 0.4478 
         154  1 0.3851 0.0194 0.5955 
         155  1 0.4708 0.0391 0.4901 
         156  1 0.4321 0.1028 0.4651 
         157  1 0.4921 0.0412 0.4668 
         158  1 0.4213 0.0479 0.5308 
         159  1 0.4220 0.0220 0.5560 
         160  1 0.3888 0.0615 0.5496 
         161  1 0.3932 0.0252 0.5816 
         162  1 0.5089 0.0700 0.4211 
         163  1 0.4066 0.0421 0.5513 
         164  1 0.4552 0.0214 0.5234 
         165  1 0.5619 0.0318 0.4063 
         166  1 0.4426 0.1821 0.3753 
         167  1 0.3995 0.0282 0.5723 
         168  1 0.4664 0.0417 0.4919 
         169  1 0.3922 0.1084 0.4994 
         170  1 0.3289 0.2540 0.4172 
         171  1 0.3979 0.0478 0.5543 
         172  1 0.3408 0.2075 0.4516 
         173  1 0.4338 0.0331 0.5331 
         174  1 0.4551 0.0204 0.5244 
         175  1 0.4201 0.0999 0.4800 
         176  1 0.3712 0.1044 0.5245 
         177  1 0.0289 0.9420 0.0291 
         178  1 0.0812 0.8514 0.0674 
         179  1 0.0723 0.8464 0.0813 
         180  1 0.5704 0.0378 0.3918 
         181  1 0.0430 0.9123 0.0448 
         182  1 0.0471 0.9091 0.0438 
         183  1 0.1350 0.7091 0.1559 
         184  1 0.1307 0.7418 0.1275 
         185  1 0.0506 0.8947 0.0547 
         186  1 0.1138 0.8009 0.0853 
         187  1 0.2503 0.4399 0.3098 
         188  1 0.2321 0.5865 0.1813 
         189  1 0.0404 0.9125 0.0471 
         190  1 0.4120 0.1218 0.4662 
         191  1 0.2015 0.6689 0.1296 
         192  1 0.0193 0.9609 0.0197 
         193  1 0.0187 0.9606 0.0207 
         194  1 0.0280 0.9461 0.0259 
         195  1 0.0265 0.9434 0.0300 
         196  1 0.0269 0.9456 0.0276 
         197  1 0.0262 0.9449 0.0289 
         198  1 0.1788 0.5834 0.2378 
         199  1 0.0552 0.8998 0.0449 
         200  1 0.1074 0.7800 0.1126 
         201  1 0.2393 0.5351 0.2256 
         202  1 0.0582 0.8646 0.0772 
         203  1 0.0892 0.7977 0.1131 
         204  1 0.0182 0.9643 0.0176 
         205  1 0.0530 0.8895 0.0575 
         206  1 0.0557 0.8763 0.0680 
         207  1 0.0820 0.8521 0.0659 
         208  1 0.0270 0.9426 0.0304 
         209  1 0.1318 0.7440 0.1242 
         210  1 0.0169 0.9663 0.0168 
         211  1 0.1061 0.7926 0.1013 
         212  1 0.0522 0.8987 0.0492 
         213  1 0.0524 0.9004 0.0472 
         214  1 0.0284 0.9444 0.0272 
         215  1 0.0141 0.9712 0.0147 
         216  1 0.0373 0.9264 0.0363 
         217  1 0.0208 0.9575 0.0218 
         218  1 0.0389 0.9153 0.0458 
         219  1 0.0272 0.9487 0.0241 
         220  1 0.0540 0.8983 0.0476 
         221  1 0.2816 0.3863 0.3321 
         222  1 0.0241 0.9454 0.0305 
         223  1 0.0212 0.9563 0.0225 
         224  1 0.4528 0.1799 0.3673 
         225  1 0.1625 0.6945 0.1430 
         226  1 0.0255 0.9465 0.0280 
         227  1 0.1183 0.7809 0.1008 
         228  1 0.0656 0.8756 0.0588 
         229  1 0.0328 0.9360 0.0312 
         230  1 0.0551 0.8898 0.0551 
         231  1 0.0190 0.9637 0.0173 
         232  1 0.0283 0.9361 0.0357 
         233  1 0.0552 0.8993 0.0455 
         234  1 0.4123 0.0686 0.5191 
         235  1 0.1287 0.7514 0.1199 
         236  1 0.0752 0.8711 0.0537 
         237  1 0.0381 0.9266 0.0353 
         238  1 0.0388 0.9178 0.0434 
         239  1 0.1189 0.7359 0.1452 
         240  1 0.0836 0.8487 0.0677 
         241  1 0.3752 0.1119 0.5129 
         242  1 0.0998 0.8020 0.0982 
         243  1 0.0670 0.8822 0.0508 
         244  1 0.2154 0.4971 0.2874 
         245  1 0.0179 0.9620 0.0201 
         246  1 0.0689 0.8671 0.0641 
         247  1 0.0792 0.8313 0.0894 
         248  1 0.0616 0.8788 0.0596 
         249  1 0.1856 0.6716 0.1427 
         250  1 0.2538 0.4385 0.3077 
         251  1 0.0204 0.9547 0.0249 
         252  1 0.0383 0.9258 0.0359 
         253  1 0.0378 0.9177 0.0445 
         254  1 0.1167 0.7977 0.0856 
         255  1 0.0186 0.9624 0.0190 
         256  1 0.0178 0.9623 0.0198 
         257  1 0.0229 0.9559 0.0211 
         258  1 0.0524 0.8974 0.0502 
         259  1 0.0498 0.8892 0.0610 
