           1  1 0.1929 0.1869 0.0310 0.2161 0.0398 0.1631 0.1703 
           2  1 0.1941 0.2182 0.0222 0.2005 0.0119 0.1675 0.1856 
           3  1 0.1599 0.2018 0.0104 0.1905 0.0438 0.1958 0.1979 
           4  1 0.2111 0.2083 0.0083 0.1831 0.0104 0.1687 0.2101 
           5  1 0.1404 0.2230 0.0115 0.1841 0.0314 0.1956 0.2142 
           6  1 0.0979 0.1228 0.3977 0.1004 0.0400 0.1214 0.1198 
           7  1 0.1894 0.2127 0.0606 0.1885 0.0129 0.1587 0.1773 
           8  1 0.1515 0.2430 0.0094 0.2018 0.0126 0.1789 0.2027 
           9  1 0.1376 0.1513 0.0449 0.1520 0.2333 0.1435 0.1374 
          10  1 0.1323 0.2145 0.0373 0.1925 0.0150 0.1951 0.2133 
          11  1 0.1551 0.1625 0.1244 0.1729 0.1037 0.1397 0.1417 
          12  1 0.1741 0.2199 0.0344 0.1980 0.0205 0.1868 0.1663 
          13  1 0.1074 0.0991 0.3940 0.0914 0.0809 0.1175 0.1096 
          14  1 0.2088 0.1644 0.1037 0.1675 0.0319 0.1659 0.1578 
          15  1 0.1821 0.1920 0.0270 0.2031 0.0235 0.1980 0.1743 
          16  1 0.2017 0.1847 0.0258 0.1863 0.0269 0.1896 0.1850 
          17  1 0.2085 0.1948 0.0147 0.1910 0.0134 0.1928 0.1849 
          18  1 0.1200 0.1596 0.0439 0.1349 0.2098 0.1704 0.1614 
          19  1 0.1874 0.2075 0.0316 0.1864 0.0129 0.1902 0.1840 
          20  1 0.2025 0.1770 0.0179 0.1964 0.0415 0.1843 0.1805 
          21  1 0.1911 0.1667 0.1109 0.1569 0.0224 0.1811 0.1709 
          22  1 0.2305 0.1848 0.0265 0.2156 0.0104 0.1604 0.1718 
          23  1 0.1620 0.2046 0.0092 0.1682 0.0263 0.2272 0.2024 
          24  1 0.2362 0.1689 0.0437 0.1615 0.0264 0.1684 0.1949 
          25  1 0.1740 0.2039 0.0122 0.2039 0.0278 0.1916 0.1865 
          26  1 0.1266 0.1672 0.2351 0.1437 0.0188 0.1519 0.1567 
          27  1 0.2061 0.2078 0.0220 0.2026 0.0173 0.1737 0.1705 
          28  1 0.1219 0.2108 0.0320 0.1747 0.0231 0.2280 0.2095 
          29  1 0.1676 0.1890 0.0359 0.1711 0.0220 0.2095 0.2048 
          30  1 0.1553 0.1680 0.0490 0.1592 0.1242 0.1804 0.1639 
          31  1 0.1649 0.1510 0.0235 0.1801 0.1176 0.1741 0.1888 
          32  1 0.1623 0.1996 0.0238 0.1933 0.0190 0.2051 0.1969 
          33  1 0.1930 0.1776 0.0467 0.1711 0.0215 0.2139 0.1762 
          34  1 0.1639 0.1874 0.0116 0.1789 0.0879 0.1944 0.1758 
          35  1 0.1908 0.1790 0.0192 0.1920 0.0183 0.2073 0.1933 
          36  1 0.1267 0.1260 0.1952 0.1235 0.1682 0.1328 0.1277 
          37  1 0.2314 0.2037 0.0105 0.2148 0.0152 0.1532 0.1713 
          38  1 0.1656 0.1840 0.0445 0.1831 0.0398 0.2058 0.1772 
          39  1 0.2080 0.1873 0.0482 0.2006 0.0379 0.1549 0.1632 
          40  1 0.1750 0.1546 0.0130 0.1957 0.0554 0.2092 0.1970 
          41  1 0.0998 0.0884 0.1110 0.1062 0.4098 0.0922 0.0926 
          42  1 0.1554 0.1836 0.0809 0.1624 0.0481 0.1940 0.1756 
          43  1 0.2525 0.1905 0.0357 0.1823 0.0105 0.1605 0.1680 
          44  1 0.1729 0.1879 0.0196 0.1979 0.0255 0.2149 0.1812 
          45  1 0.1816 0.1978 0.0227 0.1948 0.0205 0.1951 0.1876 
          46  1 0.2357 0.1738 0.0183 0.1761 0.0312 0.1728 0.1922 
          47  1 0.1555 0.1818 0.0195 0.1608 0.0847 0.2015 0.1962 
          48  1 0.2141 0.1732 0.0412 0.1778 0.0147 0.1778 0.2012 
          49  1 0.1653 0.2003 0.0428 0.1886 0.0305 0.1923 0.1802 
          50  1 0.2069 0.1857 0.0382 0.1877 0.0252 0.1748 0.1815 
          51  1 0.1900 0.1756 0.0377 0.2089 0.0459 0.1702 0.1717 
          52  1 0.1778 0.1991 0.0109 0.1831 0.0219 0.2112 0.1960 
          53  1 0.1924 0.1747 0.0218 0.2062 0.0314 0.1887 0.1846 
          54  1 0.1505 0.1507 0.1708 0.1541 0.0712 0.1555 0.1472 
          55  1 0.1684 0.1984 0.0285 0.1890 0.0226 0.2020 0.1912 
          56  1 0.1963 0.1902 0.0163 0.2103 0.0393 0.1767 0.1708 
          57  1 0.1805 0.1771 0.0194 0.2030 0.0491 0.1964 0.1744 
          58  1 0.1657 0.2078 0.0153 0.1849 0.0263 0.2039 0.1960 
          59  1 0.1300 0.1866 0.1284 0.1543 0.0238 0.1967 0.1802 
          60  1 0.2015 0.1759 0.0111 0.2040 0.0164 0.1923 0.1988 
          61  1 0.1925 0.1753 0.0944 0.1466 0.0564 0.1644 0.1704 
          62  1 0.1885 0.1821 0.0150 0.2153 0.0293 0.1882 0.1816 
          63  1 0.2109 0.1957 0.0162 0.1887 0.0106 0.1907 0.1873 
          64  1 0.2165 0.1900 0.0243 0.1969 0.0221 0.1819 0.1684 
          65  1 0.1593 0.1679 0.0590 0.1763 0.0823 0.1857 0.1695 
          66  1 0.2026 0.1770 0.0296 0.1793 0.0167 0.1858 0.2090 
          67  1 0.0701 0.0661 0.2531 0.0678 0.4180 0.0637 0.0612 
          68  1 0.2119 0.1621 0.0383 0.1647 0.0262 0.2017 0.1951 
          69  1 0.1906 0.1766 0.0135 0.1843 0.0194 0.1806 0.2351 
          70  1 0.1781 0.1852 0.0260 0.1978 0.0162 0.1985 0.1981 
          71  1 0.2154 0.1807 0.0406 0.1987 0.0154 0.1792 0.1700 
          72  1 0.1939 0.1564 0.1213 0.1734 0.0871 0.1357 0.1322 
          73  1 0.2163 0.1871 0.0367 0.2105 0.0190 0.1675 0.1629 
          74  1 0.2169 0.1752 0.0271 0.1810 0.0108 0.2077 0.1814 
          75  1 0.1933 0.1855 0.0696 0.1972 0.0495 0.1457 0.1592 
          76  1 0.1841 0.1878 0.0175 0.1992 0.0218 0.1931 0.1965 
          77  1 0.1760 0.2097 0.0108 0.2032 0.0101 0.1844 0.2056 
          78  1 0.1550 0.2123 0.0400 0.1976 0.0105 0.2139 0.1705 
          79  1 0.2079 0.2128 0.0098 0.1954 0.0141 0.1745 0.1854 
          80  1 0.1996 0.2118 0.0171 0.2067 0.0125 0.1787 0.1735 
          81  1 0.2121 0.1980 0.0582 0.1897 0.0365 0.1525 0.1529 
          82  1 0.1963 0.1870 0.0270 0.2112 0.0229 0.1809 0.1747 
          83  1 0.1777 0.1822 0.0822 0.1669 0.0198 0.2009 0.1702 
          84  1 0.1712 0.2033 0.0190 0.2043 0.0325 0.1797 0.1901 
          85  1 0.1542 0.2062 0.0118 0.2009 0.0290 0.2050 0.1928 
          86  1 0.1557 0.2294 0.0139 0.2053 0.0432 0.1856 0.1669 
          87  1 0.1976 0.1837 0.0807 0.1985 0.0244 0.1510 0.1641 
          88  1 0.1869 0.2018 0.0249 0.1888 0.0132 0.1910 0.1934 
          89  1 0.1984 0.1846 0.0223 0.2112 0.0163 0.1885 0.1786 
          90  1 0.1754 0.1838 0.0242 0.2004 0.0255 0.1861 0.2045 
          91  1 0.1695 0.2155 0.0127 0.1981 0.0231 0.1925 0.1886 
          92  1 0.1764 0.1743 0.0151 0.1874 0.0404 0.2067 0.1997 
          93  1 0.1566 0.2121 0.0850 0.1787 0.0240 0.1728 0.1707 
          94  1 0.1764 0.2025 0.0136 0.2235 0.0154 0.1921 0.1765 
          95  1 0.1868 0.2064 0.0360 0.1745 0.0105 0.1885 0.1974 
          96  1 0.1037 0.1762 0.0876 0.1343 0.1678 0.1735 0.1569 
          97  1 0.2478 0.1587 0.0118 0.1672 0.0153 0.1798 0.2194 
          98  1 0.1777 0.1859 0.0326 0.1751 0.0235 0.2050 0.2002 
          99  1 0.1752 0.1855 0.0245 0.2008 0.0198 0.2003 0.1939 
         100  1 0.1675 0.1858 0.0203 0.2014 0.0418 0.1912 0.1920 
         101  1 0.1669 0.2294 0.0120 0.1996 0.0146 0.2019 0.1757 
         102  1 0.1827 0.2136 0.0160 0.2041 0.0083 0.1933 0.1820 
         103  1 0.2087 0.1733 0.0150 0.2276 0.0104 0.1733 0.1916 
         104  1 0.2116 0.1956 0.0147 0.2096 0.0152 0.1806 0.1728 
         105  1 0.1778 0.1598 0.0451 0.1431 0.1488 0.1515 0.1739 
         106  1 0.1624 0.2086 0.0103 0.1888 0.0121 0.2132 0.2046 
         107  1 0.1564 0.1505 0.1114 0.1640 0.0830 0.1692 0.1655 
         108  1 0.1558 0.2053 0.0313 0.1726 0.0153 0.2314 0.1883 
         109  1 0.1882 0.2061 0.0100 0.2102 0.0138 0.1864 0.1853 
         110  1 0.2170 0.2013 0.0108 0.2081 0.0107 0.1722 0.1799 
         111  1 0.1534 0.1974 0.0644 0.1652 0.0083 0.2106 0.2006 
         112  1 0.1580 0.1960 0.0135 0.2114 0.0227 0.2017 0.1967 
         113  1 0.1601 0.2088 0.0119 0.1896 0.0163 0.2112 0.2020 
         114  1 0.1843 0.1564 0.1355 0.1854 0.0307 0.1648 0.1428 
         115  1 0.1805 0.1858 0.0264 0.1733 0.0328 0.2137 0.1876 
         116  1 0.1459 0.1948 0.0220 0.1764 0.0402 0.2439 0.1768 
         117  1 0.2299 0.1696 0.0255 0.1913 0.0212 0.1850 0.1774 
         118  1 0.2081 0.1926 0.0115 0.2015 0.0156 0.2019 0.1687 
         119  1 0.1752 0.1832 0.0775 0.1762 0.0551 0.1702 0.1625 
         120  1 0.2174 0.1853 0.0356 0.1809 0.0257 0.1711 0.1840 
         121  1 0.1928 0.1881 0.0119 0.2067 0.0214 0.1926 0.1865 
         122  1 0.1795 0.1725 0.0234 0.1712 0.0761 0.2066 0.1706 
         123  1 0.1559 0.1600 0.1248 0.1517 0.0749 0.1806 0.1521 
         124  1 0.1816 0.1895 0.0224 0.1944 0.0324 0.1997 0.1800 
         125  1 0.2114 0.2007 0.0110 0.1827 0.0183 0.2017 0.1743 
         126  1 0.1773 0.1731 0.0722 0.2005 0.0567 0.1610 0.1592 
         127  1 0.1870 0.1753 0.0165 0.1939 0.0657 0.1825 0.1789 
         128  1 0.1923 0.1682 0.0290 0.2129 0.0210 0.1833 0.1933 
         129  1 0.1649 0.1645 0.2033 0.1565 0.0164 0.1558 0.1385 
         130  1 0.0522 0.0574 0.5322 0.0607 0.1845 0.0544 0.0585 
         131  1 0.1890 0.1867 0.0200 0.2042 0.0139 0.2020 0.1841 
         132  1 0.1883 0.1917 0.0186 0.1952 0.0189 0.1983 0.1890 
         133  1 0.1786 0.1771 0.0400 0.1586 0.0833 0.1961 0.1663 
         134  1 0.1730 0.2038 0.0180 0.1662 0.0215 0.2201 0.1974 
         135  1 0.1974 0.1983 0.0183 0.1919 0.0112 0.1840 0.1990 
         136  1 0.1700 0.1686 0.0309 0.2076 0.0275 0.1979 0.1976 
         137  1 0.2632 0.1499 0.0269 0.1544 0.0259 0.1598 0.2198 
         138  1 0.2005 0.1528 0.0190 0.1486 0.1147 0.1752 0.1891 
         139  1 0.2480 0.1551 0.0161 0.1549 0.0247 0.1752 0.2259 
         140  1 0.1409 0.1255 0.0825 0.1300 0.2242 0.1453 0.1517 
         141  1 0.0352 0.0412 0.7356 0.0382 0.0657 0.0406 0.0436 
         142  1 0.1422 0.2056 0.0302 0.1846 0.0291 0.2259 0.1823 
         143  1 0.1084 0.1085 0.1461 0.0975 0.3085 0.1113 0.1198 
         144  1 0.1391 0.2079 0.0285 0.1921 0.0116 0.2178 0.2029 
         145  1 0.1668 0.1942 0.0271 0.1812 0.0255 0.1997 0.2054 
         146  1 0.1367 0.1890 0.0489 0.1712 0.0257 0.2157 0.2128 
         147  1 0.1723 0.1549 0.0905 0.1515 0.0528 0.1841 0.1939 
         148  1 0.1381 0.1847 0.0232 0.2009 0.0145 0.2222 0.2164 
         149  1 0.1441 0.2147 0.0331 0.1880 0.0300 0.1996 0.1904 
         150  1 0.1407 0.2036 0.0113 0.2238 0.0096 0.2189 0.1921 
         151  1 0.1837 0.1694 0.0203 0.1910 0.0398 0.1949 0.2009 
         152  1 0.2303 0.1670 0.0276 0.1600 0.0258 0.1779 0.2114 
         153  1 0.1347 0.1604 0.0303 0.1363 0.2222 0.1520 0.1642 
         154  1 0.1880 0.1687 0.0125 0.2044 0.0143 0.1996 0.2124 
         155  1 0.2030 0.1925 0.0261 0.1904 0.0276 0.1809 0.1795 
         156  1 0.1701 0.1755 0.0386 0.1679 0.0621 0.1954 0.1904 
         157  1 0.1814 0.2036 0.0230 0.1907 0.0163 0.2009 0.1841 
         158  1 0.1990 0.1768 0.0432 0.1750 0.0195 0.1935 0.1930 
         159  1 0.1610 0.1972 0.0091 0.1983 0.0276 0.2116 0.1952 
         160  1 0.1715 0.2053 0.0250 0.1778 0.0318 0.2001 0.1884 
         161  1 0.1900 0.1712 0.0142 0.2032 0.0210 0.1949 0.2054 
         162  1 0.1910 0.1709 0.0338 0.1890 0.0265 0.1989 0.1898 
         163  1 0.2479 0.1679 0.0221 0.1680 0.0257 0.1617 0.2067 
         164  1 0.2386 0.1886 0.0136 0.1919 0.0138 0.1587 0.1948 
         165  1 0.1919 0.1921 0.0110 0.2067 0.0392 0.1799 0.1793 
         166  1 0.1770 0.1645 0.0514 0.1870 0.0912 0.1631 0.1658 
         167  1 0.2548 0.1599 0.0133 0.1490 0.0216 0.1776 0.2237 
         168  1 0.1943 0.2063 0.0301 0.1767 0.0164 0.1860 0.1904 
         169  1 0.1997 0.1663 0.0341 0.1558 0.0858 0.1671 0.1912 
         170  1 0.1343 0.1401 0.0328 0.1359 0.2514 0.1621 0.1434 
         171  1 0.2561 0.1576 0.0123 0.1411 0.0471 0.1640 0.2218 
         172  1 0.1981 0.1527 0.1129 0.1643 0.0502 0.1511 0.1708 
         173  1 0.2308 0.1657 0.0315 0.1884 0.0133 0.1738 0.1964 
         174  1 0.2638 0.1825 0.0148 0.1716 0.0136 0.1661 0.1875 
         175  1 0.2195 0.1778 0.0519 0.1578 0.0316 0.1816 0.1798 
         176  1 0.1864 0.1641 0.0382 0.1841 0.0741 0.1791 0.1740 
         177  1 0.0325 0.0513 0.1757 0.0464 0.5975 0.0482 0.0485 
         178  1 0.0799 0.0753 0.0657 0.0784 0.5764 0.0654 0.0589 
         179  1 0.0262 0.0236 0.0138 0.0280 0.8558 0.0258 0.0268 
         180  1 0.1855 0.1626 0.0103 0.2214 0.0336 0.1876 0.1989 
         181  1 0.0253 0.0238 0.0232 0.0262 0.8544 0.0240 0.0231 
         182  1 0.0387 0.0437 0.0725 0.0393 0.7192 0.0428 0.0438 
         183  1 0.0738 0.0705 0.0772 0.0749 0.5503 0.0753 0.0780 
         184  1 0.0675 0.0782 0.1400 0.0825 0.4512 0.0871 0.0935 
         185  1 0.0684 0.0624 0.1822 0.0579 0.5051 0.0645 0.0595 
         186  1 0.0837 0.0669 0.0994 0.0878 0.5214 0.0696 0.0712 
         187  1 0.1245 0.1429 0.2408 0.1417 0.0685 0.1397 0.1419 
         188  1 0.1302 0.1306 0.1391 0.1665 0.0981 0.1653 0.1702 
         189  1 0.0222 0.0203 0.0205 0.0199 0.8768 0.0192 0.0211 
         190  1 0.1079 0.1319 0.0106 0.1255 0.3594 0.1375 0.1272 
         191  1 0.1609 0.1331 0.2165 0.1556 0.1219 0.0992 0.1128 
         192  1 0.0112 0.0112 0.0184 0.0112 0.9244 0.0121 0.0115 
         193  1 0.0098 0.0113 0.0149 0.0106 0.9315 0.0109 0.0111 
         194  1 0.0180 0.0158 0.0208 0.0180 0.8943 0.0162 0.0169 
         195  1 0.0129 0.0146 0.0135 0.0148 0.9141 0.0143 0.0157 
         196  1 0.0242 0.0236 0.0814 0.0257 0.7960 0.0253 0.0238 
         197  1 0.0117 0.0124 0.0113 0.0121 0.9277 0.0123 0.0125 
         198  1 0.0431 0.0427 0.0160 0.0497 0.7585 0.0434 0.0466 
         199  1 0.0261 0.0269 0.0108 0.0263 0.8622 0.0221 0.0256 
         200  1 0.0559 0.0908 0.0801 0.0708 0.5450 0.0806 0.0768 
         201  1 0.1123 0.1302 0.3191 0.1314 0.0626 0.1268 0.1176 
         202  1 0.0184 0.0166 0.0100 0.0177 0.8994 0.0187 0.0192 
         203  1 0.0380 0.0427 0.0541 0.0326 0.7519 0.0374 0.0432 
         204  1 0.0119 0.0124 0.0278 0.0124 0.9102 0.0123 0.0131 
         205  1 0.0256 0.0247 0.0182 0.0262 0.8560 0.0239 0.0254 
         206  1 0.0358 0.0345 0.1132 0.0340 0.6957 0.0411 0.0458 
         207  1 0.0937 0.0873 0.4205 0.0956 0.1614 0.0670 0.0745 
         208  1 0.0124 0.0115 0.9298 0.0120 0.0100 0.0119 0.0123 
         209  1 0.0782 0.1139 0.4003 0.1042 0.0972 0.0967 0.1094 
         210  1 0.0166 0.0160 0.8074 0.0160 0.1094 0.0173 0.0172 
         211  1 0.0352 0.0364 0.8121 0.0303 0.0174 0.0344 0.0343 
         212  1 0.0448 0.0486 0.0390 0.0503 0.7284 0.0452 0.0437 
         213  1 0.0259 0.0284 0.8510 0.0265 0.0186 0.0232 0.0263 
         214  1 0.0312 0.0298 0.6992 0.0327 0.1487 0.0294 0.0289 
         215  1 0.0140 0.0140 0.0883 0.0142 0.8420 0.0131 0.0144 
         216  1 0.0379 0.0434 0.3645 0.0404 0.4359 0.0382 0.0396 
         217  1 0.0274 0.0266 0.1906 0.0308 0.6701 0.0273 0.0272 
         218  1 0.0219 0.0233 0.0177 0.0256 0.8599 0.0270 0.0246 
         219  1 0.0375 0.0298 0.6914 0.0317 0.1527 0.0295 0.0274 
         220  1 0.0523 0.0636 0.5537 0.0659 0.1381 0.0620 0.0646 
         221  1 0.1079 0.1014 0.4313 0.1063 0.0352 0.1110 0.1069 
         222  1 0.0183 0.0184 0.8669 0.0176 0.0404 0.0187 0.0198 
         223  1 0.0200 0.0195 0.0320 0.0168 0.8741 0.0180 0.0197 
         224  1 0.1450 0.1806 0.0485 0.1699 0.1026 0.1746 0.1788 
         225  1 0.0868 0.0910 0.0664 0.0938 0.4675 0.0993 0.0951 
         226  1 0.0191 0.0199 0.0339 0.0210 0.8703 0.0182 0.0176 
         227  1 0.1003 0.0913 0.1102 0.0989 0.4385 0.0771 0.0837 
         228  1 0.0450 0.0437 0.0302 0.0454 0.7512 0.0425 0.0420 
         229  1 0.0205 0.0193 0.8902 0.0178 0.0165 0.0170 0.0187 
         230  1 0.0233 0.0275 0.8524 0.0274 0.0188 0.0259 0.0247 
         231  1 0.0183 0.0200 0.0642 0.0180 0.8410 0.0189 0.0197 
         232  1 0.0138 0.0150 0.9027 0.0149 0.0232 0.0158 0.0144 
         233  1 0.0216 0.0217 0.8531 0.0265 0.0263 0.0239 0.0269 
         234  1 0.2087 0.1676 0.0291 0.1910 0.0330 0.1818 0.1888 
         235  1 0.0425 0.0473 0.7309 0.0500 0.0320 0.0531 0.0442 
         236  1 0.0354 0.0316 0.8368 0.0339 0.0147 0.0224 0.0252 
         237  1 0.0388 0.0391 0.7450 0.0469 0.0558 0.0381 0.0363 
         238  1 0.0326 0.0346 0.5013 0.0354 0.3193 0.0408 0.0359 
         239  1 0.0409 0.0497 0.7219 0.0510 0.0280 0.0582 0.0503 
         240  1 0.0377 0.0665 0.6897 0.0572 0.0300 0.0597 0.0592 
         241  1 0.1738 0.1843 0.0413 0.1767 0.0681 0.1618 0.1940 
         242  1 0.0792 0.0836 0.4475 0.0921 0.1300 0.0885 0.0792 
         243  1 0.0254 0.0246 0.8502 0.0270 0.0191 0.0248 0.0290 
         244  1 0.1363 0.1163 0.2503 0.1218 0.1251 0.1278 0.1223 
         245  1 0.0110 0.0131 0.9162 0.0125 0.0233 0.0117 0.0122 
         246  1 0.0677 0.0656 0.5374 0.0643 0.1538 0.0567 0.0545 
         247  1 0.0439 0.0573 0.6540 0.0510 0.0698 0.0646 0.0595 
         248  1 0.0348 0.0402 0.7421 0.0380 0.0703 0.0384 0.0362 
         249  1 0.0998 0.0987 0.5003 0.0988 0.0345 0.0908 0.0771 
         250  1 0.1618 0.1235 0.2238 0.1304 0.0805 0.1272 0.1527 
         251  1 0.0162 0.0173 0.8790 0.0153 0.0424 0.0145 0.0154 
         252  1 0.0161 0.0168 0.9022 0.0206 0.0124 0.0140 0.0179 
         253  1 0.0342 0.0370 0.6578 0.0348 0.1609 0.0362 0.0392 
         254  1 0.0746 0.0711 0.5654 0.0835 0.0672 0.0632 0.0750 
         255  1 0.0162 0.0174 0.8060 0.0170 0.1055 0.0207 0.0173 
         256  1 0.0124 0.0110 0.9202 0.0117 0.0205 0.0118 0.0124 
         257  1 0.0172 0.0144 0.8674 0.0129 0.0596 0.0142 0.0143 
         258  1 0.0447 0.0578 0.6724 0.0480 0.0662 0.0599 0.0510 
         259  1 0.0367 0.0403 0.7338 0.0402 0.0725 0.0374 0.0392 
