           1  1 0.2929 0.0637 0.0585 0.2886 0.2963 
           2  1 0.3137 0.0150 0.0279 0.3646 0.2789 
           3  1 0.3137 0.0625 0.0154 0.3104 0.2979 
           4  1 0.3178 0.0154 0.0124 0.2881 0.3664 
           5  1 0.3186 0.0496 0.0171 0.3120 0.3027 
           6  1 0.1322 0.0570 0.5458 0.1173 0.1478 
           7  1 0.2871 0.0177 0.1024 0.3177 0.2752 
           8  1 0.3363 0.0156 0.0130 0.3448 0.2903 
           9  1 0.1653 0.4258 0.0779 0.1999 0.1311 
          10  1 0.3490 0.0197 0.0494 0.3051 0.2767 
          11  1 0.2046 0.1580 0.2131 0.2537 0.1706 
          12  1 0.3106 0.0320 0.0497 0.3651 0.2426 
          13  1 0.1263 0.1013 0.5062 0.1276 0.1386 
          14  1 0.2559 0.0459 0.1515 0.2368 0.3099 
          15  1 0.3138 0.0340 0.0434 0.3832 0.2257 
          16  1 0.3038 0.0498 0.0399 0.3627 0.2438 
          17  1 0.3067 0.0186 0.0205 0.3435 0.3107 
          18  1 0.2137 0.2742 0.0680 0.2111 0.2329 
          19  1 0.3072 0.0187 0.0512 0.2984 0.3245 
          20  1 0.3107 0.0603 0.0302 0.3714 0.2275 
          21  1 0.2453 0.0299 0.1876 0.2220 0.3152 
          22  1 0.2910 0.0138 0.0362 0.4157 0.2432 
          23  1 0.3292 0.0408 0.0125 0.3495 0.2680 
          24  1 0.2659 0.0435 0.0746 0.2459 0.3701 
          25  1 0.3333 0.0399 0.0169 0.3025 0.3074 
          26  1 0.2200 0.0255 0.3702 0.2097 0.1746 
          27  1 0.3248 0.0229 0.0339 0.3860 0.2324 
          28  1 0.3055 0.0375 0.0544 0.3100 0.2926 
          29  1 0.3115 0.0340 0.0539 0.3110 0.2897 
          30  1 0.2543 0.2109 0.0769 0.2527 0.2052 
          31  1 0.2426 0.1800 0.0339 0.2047 0.3389 
          32  1 0.3115 0.0293 0.0344 0.3273 0.2974 
          33  1 0.3150 0.0281 0.0664 0.2952 0.2954 
          34  1 0.2885 0.1627 0.0172 0.2622 0.2695 
          35  1 0.3064 0.0244 0.0265 0.2330 0.4097 
          36  1 0.1628 0.2591 0.2469 0.1497 0.1814 
          37  1 0.2949 0.0173 0.0158 0.4253 0.2466 
          38  1 0.2911 0.0699 0.0674 0.3191 0.2525 
          39  1 0.2723 0.0578 0.0845 0.3411 0.2444 
          40  1 0.2748 0.0848 0.0174 0.2182 0.4048 
          41  1 0.1106 0.5085 0.1515 0.1035 0.1259 
          42  1 0.2717 0.0799 0.1223 0.2717 0.2544 
          43  1 0.2904 0.0145 0.0455 0.3075 0.3421 
          44  1 0.3259 0.0403 0.0309 0.2939 0.3089 
          45  1 0.3093 0.0252 0.0348 0.3614 0.2692 
          46  1 0.2862 0.0442 0.0314 0.2655 0.3727 
          47  1 0.2923 0.1437 0.0338 0.2740 0.2562 
          48  1 0.2897 0.0207 0.0821 0.3299 0.2775 
          49  1 0.3158 0.0466 0.0660 0.2839 0.2878 
          50  1 0.2818 0.0332 0.0678 0.3426 0.2746 
          51  1 0.2866 0.0885 0.0767 0.3220 0.2261 
          52  1 0.3179 0.0340 0.0165 0.3844 0.2472 
          53  1 0.3201 0.0501 0.0396 0.2908 0.2994 
          54  1 0.2072 0.1027 0.2597 0.2512 0.1792 
          55  1 0.3023 0.0342 0.0399 0.2564 0.3672 
          56  1 0.3140 0.0634 0.0272 0.3616 0.2338 
          57  1 0.2802 0.0720 0.0289 0.2481 0.3708 
          58  1 0.3495 0.0351 0.0222 0.3052 0.2879 
          59  1 0.2591 0.0318 0.2021 0.2740 0.2330 
          60  1 0.2842 0.0204 0.0140 0.2315 0.4498 
          61  1 0.2371 0.0845 0.1547 0.2328 0.2910 
          62  1 0.3175 0.0523 0.0221 0.3318 0.2764 
          63  1 0.3238 0.0147 0.0248 0.2673 0.3694 
          64  1 0.2856 0.0295 0.0390 0.3668 0.2790 
          65  1 0.2429 0.1276 0.0872 0.2164 0.3259 
          66  1 0.3008 0.0260 0.0454 0.2779 0.3499 
          67  1 0.0640 0.5533 0.2554 0.0734 0.0539 
          68  1 0.2905 0.0385 0.0592 0.2967 0.3151 
          69  1 0.3114 0.0263 0.0194 0.2700 0.3729 
          70  1 0.2995 0.0224 0.0377 0.2888 0.3516 
          71  1 0.2924 0.0328 0.0626 0.3686 0.2436 
          72  1 0.2141 0.1506 0.1828 0.2635 0.1890 
          73  1 0.2960 0.0347 0.0576 0.3336 0.2782 
          74  1 0.3128 0.0155 0.0363 0.3247 0.3107 
          75  1 0.2494 0.0797 0.1263 0.3285 0.2161 
          76  1 0.2945 0.0384 0.0264 0.3250 0.3156 
          77  1 0.3170 0.0147 0.0157 0.2966 0.3560 
          78  1 0.3446 0.0149 0.0562 0.3358 0.2485 
          79  1 0.3318 0.0203 0.0134 0.3805 0.2540 
          80  1 0.3070 0.0159 0.0257 0.4008 0.2507 
          81  1 0.2704 0.0690 0.0992 0.3074 0.2541 
          82  1 0.2924 0.0377 0.0407 0.3722 0.2570 
          83  1 0.2817 0.0331 0.1283 0.2942 0.2626 
          84  1 0.3148 0.0460 0.0286 0.3041 0.3065 
          85  1 0.3362 0.0414 0.0163 0.3579 0.2482 
          86  1 0.3070 0.0806 0.0219 0.3440 0.2466 
          87  1 0.2554 0.0416 0.1677 0.3194 0.2159 
          88  1 0.3133 0.0170 0.0364 0.3564 0.2769 
          89  1 0.3075 0.0236 0.0328 0.3886 0.2474 
          90  1 0.3138 0.0405 0.0339 0.2646 0.3471 
          91  1 0.3155 0.0404 0.0186 0.3416 0.2840 
          92  1 0.3036 0.0556 0.0219 0.2741 0.3449 
          93  1 0.2767 0.0376 0.1291 0.3074 0.2492 
          94  1 0.3249 0.0289 0.0189 0.3635 0.2638 
          95  1 0.3080 0.0138 0.0503 0.3219 0.3061 
          96  1 0.1861 0.3527 0.1213 0.1623 0.1776 
          97  1 0.2944 0.0258 0.0167 0.2973 0.3658 
          98  1 0.2893 0.0347 0.0536 0.2544 0.3680 
          99  1 0.2890 0.0304 0.0361 0.2580 0.3864 
         100  1 0.3097 0.0630 0.0291 0.2738 0.3244 
         101  1 0.3212 0.0190 0.0153 0.3958 0.2487 
         102  1 0.3408 0.0114 0.0232 0.3597 0.2649 
         103  1 0.3304 0.0142 0.0206 0.3827 0.2522 
         104  1 0.3245 0.0203 0.0228 0.3662 0.2663 
         105  1 0.2039 0.3204 0.0685 0.1704 0.2369 
         106  1 0.3418 0.0181 0.0132 0.3257 0.3011 
         107  1 0.2235 0.1427 0.1973 0.2085 0.2279 
         108  1 0.3333 0.0221 0.0497 0.3208 0.2741 
         109  1 0.3315 0.0202 0.0147 0.3585 0.2751 
         110  1 0.3052 0.0140 0.0149 0.4196 0.2463 
         111  1 0.3176 0.0113 0.0921 0.3236 0.2554 
         112  1 0.3379 0.0431 0.0197 0.3234 0.2759 
         113  1 0.3289 0.0224 0.0173 0.3383 0.2931 
         114  1 0.2432 0.0525 0.2215 0.3031 0.1797 
         115  1 0.3104 0.0478 0.0414 0.3103 0.2901 
         116  1 0.3317 0.0584 0.0308 0.3097 0.2695 
         117  1 0.2924 0.0293 0.0350 0.2392 0.4041 
         118  1 0.3129 0.0223 0.0157 0.2932 0.3558 
         119  1 0.2542 0.1073 0.1183 0.2606 0.2595 
         120  1 0.3020 0.0349 0.0648 0.3611 0.2372 
         121  1 0.3106 0.0360 0.0162 0.3233 0.3139 
         122  1 0.2771 0.1190 0.0378 0.3305 0.2356 
         123  1 0.2291 0.1455 0.1915 0.2496 0.1842 
         124  1 0.3082 0.0459 0.0362 0.3379 0.2719 
         125  1 0.3323 0.0222 0.0157 0.3175 0.3123 
         126  1 0.2506 0.1066 0.1399 0.3001 0.2027 
         127  1 0.2827 0.1065 0.0223 0.2837 0.3049 
         128  1 0.2900 0.0303 0.0437 0.2292 0.4068 
         129  1 0.2363 0.0211 0.3032 0.2364 0.2030 
         130  1 0.0552 0.2356 0.5998 0.0524 0.0570 
         131  1 0.3175 0.0196 0.0336 0.3506 0.2787 
         132  1 0.3192 0.0290 0.0243 0.2608 0.3668 
         133  1 0.2711 0.1218 0.0577 0.2330 0.3163 
         134  1 0.3203 0.0293 0.0255 0.3459 0.2788 
         135  1 0.3306 0.0151 0.0309 0.3873 0.2361 
         136  1 0.2796 0.0445 0.0456 0.2419 0.3885 
         137  1 0.2501 0.0767 0.0550 0.2138 0.4044 
         138  1 0.2316 0.2722 0.0284 0.2110 0.2567 
         139  1 0.2784 0.0521 0.0244 0.2202 0.4248 
         140  1 0.1733 0.3076 0.1199 0.1539 0.2452 
         141  1 0.0423 0.1386 0.7381 0.0424 0.0387 
         142  1 0.3479 0.0424 0.0423 0.3250 0.2425 
         143  1 0.1096 0.5264 0.1620 0.1050 0.0970 
         144  1 0.3637 0.0161 0.0481 0.2961 0.2759 
         145  1 0.3312 0.0386 0.0423 0.3135 0.2744 
         146  1 0.2995 0.0331 0.0794 0.2452 0.3428 
         147  1 0.2282 0.1055 0.1678 0.2192 0.2793 
         148  1 0.3602 0.0199 0.0369 0.3128 0.2702 
         149  1 0.3156 0.0481 0.0531 0.3377 0.2455 
         150  1 0.3863 0.0134 0.0149 0.3203 0.2651 
         151  1 0.2811 0.0586 0.0256 0.2150 0.4197 
         152  1 0.2768 0.0421 0.0482 0.2226 0.4103 
         153  1 0.2031 0.3414 0.0449 0.1746 0.2360 
         154  1 0.2905 0.0206 0.0166 0.2382 0.4342 
         155  1 0.3016 0.0392 0.0379 0.2657 0.3556 
         156  1 0.2764 0.1174 0.0616 0.2859 0.2587 
         157  1 0.3223 0.0273 0.0352 0.3222 0.2929 
         158  1 0.3004 0.0288 0.0761 0.2925 0.3022 
         159  1 0.3199 0.0447 0.0119 0.2815 0.3420 
         160  1 0.2803 0.0557 0.0388 0.2355 0.3898 
         161  1 0.2777 0.0314 0.0203 0.2464 0.4241 
         162  1 0.3083 0.0349 0.0522 0.2920 0.3125 
         163  1 0.2934 0.0399 0.0310 0.2125 0.4233 
         164  1 0.2960 0.0176 0.0197 0.2385 0.4282 
         165  1 0.2966 0.0700 0.0149 0.3527 0.2658 
         166  1 0.2580 0.1664 0.0816 0.2618 0.2321 
         167  1 0.2872 0.0395 0.0200 0.2311 0.4222 
         168  1 0.2947 0.0219 0.0427 0.2652 0.3755 
         169  1 0.2599 0.1428 0.0502 0.2120 0.3351 
         170  1 0.1859 0.4082 0.0401 0.1735 0.1923 
         171  1 0.2606 0.1248 0.0187 0.2207 0.3753 
         172  1 0.2132 0.0742 0.2131 0.1846 0.3148 
         173  1 0.3034 0.0170 0.0443 0.2372 0.3980 
         174  1 0.2997 0.0172 0.0184 0.2392 0.4255 
         175  1 0.2761 0.0440 0.0864 0.2672 0.3264 
         176  1 0.2620 0.1303 0.0524 0.2012 0.3541 
         177  1 0.0373 0.7306 0.1615 0.0388 0.0318 
         178  1 0.0675 0.7017 0.0882 0.0757 0.0669 
         179  1 0.0301 0.8947 0.0171 0.0275 0.0306 
         180  1 0.3174 0.0500 0.0160 0.3693 0.2472 
         181  1 0.0289 0.8770 0.0298 0.0285 0.0357 
         182  1 0.0375 0.8071 0.0817 0.0371 0.0365 
         183  1 0.0867 0.6077 0.1225 0.0780 0.1051 
         184  1 0.0890 0.5567 0.1902 0.0836 0.0805 
         185  1 0.0681 0.5170 0.2647 0.0679 0.0824 
         186  1 0.0725 0.6393 0.1383 0.0845 0.0654 
         187  1 0.1670 0.0986 0.3787 0.1530 0.2027 
         188  1 0.2180 0.1534 0.2429 0.2196 0.1661 
         189  1 0.0232 0.9029 0.0230 0.0230 0.0279 
         190  1 0.1614 0.5145 0.0150 0.1354 0.1736 
         191  1 0.1290 0.2476 0.3306 0.1879 0.1049 
         192  1 0.0135 0.9354 0.0246 0.0131 0.0134 
         193  1 0.0130 0.9411 0.0187 0.0133 0.0139 
         194  1 0.0206 0.9166 0.0264 0.0185 0.0179 
         195  1 0.0169 0.9314 0.0167 0.0164 0.0186 
         196  1 0.0275 0.8222 0.0943 0.0264 0.0297 
         197  1 0.0145 0.9393 0.0161 0.0145 0.0155 
         198  1 0.0428 0.8472 0.0198 0.0402 0.0500 
         199  1 0.0304 0.8964 0.0152 0.0318 0.0262 
         200  1 0.0629 0.7149 0.0878 0.0729 0.0616 
         201  1 0.1609 0.1076 0.4242 0.1593 0.1479 
         202  1 0.0205 0.9212 0.0140 0.0205 0.0238 
         203  1 0.0418 0.8165 0.0637 0.0339 0.0441 
         204  1 0.0149 0.9141 0.0399 0.0155 0.0156 
         205  1 0.0318 0.8762 0.0277 0.0308 0.0334 
         206  1 0.0367 0.7241 0.1599 0.0377 0.0416 
         207  1 0.0798 0.2005 0.5416 0.1062 0.0719 
         208  1 0.0135 0.0136 0.9432 0.0153 0.0144 
         209  1 0.1063 0.1205 0.5626 0.1049 0.1058 
         210  1 0.0182 0.1980 0.7479 0.0166 0.0192 
         211  1 0.0393 0.0239 0.8577 0.0363 0.0428 
         212  1 0.0505 0.8065 0.0522 0.0487 0.0421 
         213  1 0.0266 0.0222 0.9016 0.0260 0.0235 
         214  1 0.0303 0.1620 0.7507 0.0292 0.0278 
         215  1 0.0146 0.8798 0.0758 0.0147 0.0152 
         216  1 0.0426 0.4888 0.3803 0.0448 0.0434 
         217  1 0.0295 0.6808 0.2286 0.0289 0.0322 
         218  1 0.0295 0.8855 0.0239 0.0277 0.0335 
         219  1 0.0248 0.1969 0.7229 0.0307 0.0246 
         220  1 0.0506 0.1412 0.7181 0.0503 0.0397 
         221  1 0.1394 0.0504 0.5350 0.1220 0.1532 
         222  1 0.0203 0.0492 0.8885 0.0190 0.0230 
         223  1 0.0207 0.8947 0.0400 0.0212 0.0234 
         224  1 0.2848 0.1544 0.0821 0.2681 0.2106 
         225  1 0.0919 0.6303 0.0900 0.1085 0.0793 
         226  1 0.0198 0.9031 0.0350 0.0210 0.0211 
         227  1 0.0924 0.5567 0.1550 0.1090 0.0868 
         228  1 0.0505 0.8100 0.0431 0.0496 0.0469 
         229  1 0.0217 0.0220 0.9141 0.0197 0.0225 
         230  1 0.0252 0.0194 0.9057 0.0246 0.0251 
         231  1 0.0228 0.8561 0.0742 0.0234 0.0235 
         232  1 0.0184 0.0277 0.9209 0.0159 0.0171 
         233  1 0.0280 0.0287 0.8930 0.0250 0.0252 
         234  1 0.2674 0.0494 0.0486 0.2300 0.4046 
         235  1 0.0536 0.0420 0.8016 0.0549 0.0479 
         236  1 0.0307 0.0208 0.8881 0.0335 0.0270 
         237  1 0.0342 0.0693 0.8247 0.0409 0.0308 
         238  1 0.0403 0.3859 0.4948 0.0327 0.0462 
         239  1 0.0573 0.0312 0.7962 0.0556 0.0597 
         240  1 0.0520 0.0355 0.8256 0.0457 0.0413 
         241  1 0.2557 0.0842 0.0626 0.2362 0.3613 
         242  1 0.0869 0.1618 0.5727 0.0899 0.0887 
         243  1 0.0284 0.0237 0.8869 0.0335 0.0275 
         244  1 0.1467 0.2084 0.3621 0.1216 0.1612 
         245  1 0.0133 0.0250 0.9345 0.0144 0.0128 
         246  1 0.0547 0.1977 0.6294 0.0608 0.0574 
         247  1 0.0543 0.0902 0.7457 0.0489 0.0609 
         248  1 0.0358 0.0669 0.8225 0.0379 0.0369 
         249  1 0.0877 0.0419 0.6970 0.1012 0.0722 
         250  1 0.1651 0.1387 0.3390 0.1477 0.2095 
         251  1 0.0181 0.0601 0.8847 0.0167 0.0204 
         252  1 0.0175 0.0164 0.9280 0.0207 0.0175 
         253  1 0.0397 0.1731 0.7041 0.0406 0.0424 
         254  1 0.0721 0.0706 0.7105 0.0837 0.0631 
         255  1 0.0193 0.1484 0.7941 0.0191 0.0191 
         256  1 0.0142 0.0292 0.9276 0.0145 0.0145 
         257  1 0.0165 0.0813 0.8691 0.0162 0.0169 
         258  1 0.0602 0.0925 0.7378 0.0585 0.0511 
         259  1 0.0393 0.0956 0.7874 0.0371 0.0405 
