           1  1 0.0637 0.3460 0.0526 0.2483 0.2894 
           2  1 0.0137 0.3442 0.0267 0.2964 0.3190 
           3  1 0.0578 0.3163 0.0133 0.2852 0.3274 
           4  1 0.0130 0.3333 0.0108 0.3010 0.3418 
           5  1 0.0450 0.2696 0.0159 0.3402 0.3293 
           6  1 0.0510 0.1328 0.5391 0.1207 0.1563 
           7  1 0.0158 0.3245 0.0953 0.2819 0.2826 
           8  1 0.0144 0.3253 0.0115 0.3335 0.3153 
           9  1 0.4460 0.1403 0.0719 0.1692 0.1727 
          10  1 0.0181 0.2945 0.0461 0.3409 0.3004 
          11  1 0.1614 0.1987 0.2195 0.2297 0.1907 
          12  1 0.0277 0.3050 0.0436 0.3085 0.3152 
          13  1 0.0987 0.1258 0.5037 0.1194 0.1523 
          14  1 0.0434 0.3014 0.1421 0.2270 0.2861 
          15  1 0.0314 0.3106 0.0423 0.3029 0.3128 
          16  1 0.0405 0.2932 0.0346 0.3132 0.3184 
          17  1 0.0173 0.3764 0.0188 0.2764 0.3110 
          18  1 0.2687 0.2153 0.0629 0.2046 0.2485 
          19  1 0.0165 0.3121 0.0442 0.3572 0.2701 
          20  1 0.0557 0.3146 0.0267 0.2747 0.3283 
          21  1 0.0298 0.2659 0.1982 0.2211 0.2850 
          22  1 0.0136 0.3060 0.0368 0.3433 0.3003 
          23  1 0.0393 0.2860 0.0113 0.3252 0.3381 
          24  1 0.0404 0.3330 0.0719 0.2331 0.3216 
          25  1 0.0380 0.3562 0.0144 0.3041 0.2874 
          26  1 0.0258 0.1753 0.4035 0.2106 0.1849 
          27  1 0.0209 0.3753 0.0303 0.2744 0.2990 
          28  1 0.0317 0.2582 0.0488 0.3519 0.3094 
          29  1 0.0316 0.3220 0.0543 0.2892 0.3028 
          30  1 0.2143 0.2055 0.0733 0.2634 0.2434 
          31  1 0.1722 0.3084 0.0303 0.2161 0.2730 
          32  1 0.0275 0.3239 0.0305 0.2835 0.3346 
          33  1 0.0267 0.3014 0.0648 0.2870 0.3201 
          34  1 0.1599 0.2322 0.0152 0.3108 0.2819 
          35  1 0.0246 0.3962 0.0246 0.2214 0.3332 
          36  1 0.2484 0.1774 0.2515 0.1496 0.1731 
          37  1 0.0169 0.3833 0.0127 0.2856 0.3016 
          38  1 0.0664 0.2641 0.0661 0.3063 0.2970 
          39  1 0.0571 0.2419 0.0842 0.3596 0.2572 
          40  1 0.0872 0.3797 0.0149 0.1938 0.3244 
          41  1 0.5086 0.1195 0.1562 0.1024 0.1134 
          42  1 0.0764 0.2780 0.1156 0.2515 0.2784 
          43  1 0.0127 0.3732 0.0487 0.2692 0.2963 
          44  1 0.0381 0.3238 0.0278 0.2896 0.3207 
          45  1 0.0243 0.3682 0.0323 0.2813 0.2939 
          46  1 0.0398 0.3690 0.0266 0.2446 0.3199 
          47  1 0.1340 0.2284 0.0311 0.3173 0.2891 
          48  1 0.0229 0.2826 0.0817 0.3077 0.3051 
          49  1 0.0429 0.3396 0.0581 0.2765 0.2830 
          50  1 0.0305 0.3055 0.0647 0.3068 0.2925 
          51  1 0.0865 0.2363 0.0725 0.3506 0.2541 
          52  1 0.0328 0.2863 0.0156 0.3111 0.3542 
          53  1 0.0530 0.3624 0.0369 0.2848 0.2629 
          54  1 0.1035 0.2112 0.2573 0.2183 0.2096 
          55  1 0.0327 0.3383 0.0376 0.2487 0.3427 
          56  1 0.0599 0.2540 0.0260 0.3965 0.2637 
          57  1 0.0729 0.3673 0.0259 0.2417 0.2923 
          58  1 0.0333 0.3063 0.0181 0.3505 0.2919 
          59  1 0.0293 0.1751 0.1882 0.3137 0.2937 
          60  1 0.0191 0.4047 0.0124 0.2157 0.3481 
          61  1 0.0834 0.2641 0.1665 0.2141 0.2719 
          62  1 0.0524 0.2928 0.0192 0.3469 0.2887 
          63  1 0.0129 0.3351 0.0236 0.3066 0.3217 
          64  1 0.0270 0.3172 0.0378 0.3229 0.2951 
          65  1 0.1269 0.3057 0.0862 0.2082 0.2730 
          66  1 0.0239 0.3492 0.0419 0.2772 0.3079 
          67  1 0.5715 0.0558 0.2452 0.0650 0.0624 
          68  1 0.0329 0.3221 0.0576 0.2510 0.3365 
          69  1 0.0247 0.3264 0.0185 0.3114 0.3191 
          70  1 0.0230 0.3610 0.0334 0.2698 0.3128 
          71  1 0.0281 0.2812 0.0636 0.3596 0.2674 
          72  1 0.1395 0.2061 0.1797 0.2691 0.2055 
          73  1 0.0353 0.2486 0.0561 0.3738 0.2862 
          74  1 0.0134 0.3111 0.0325 0.3129 0.3301 
          75  1 0.0779 0.3131 0.1264 0.2388 0.2437 
          76  1 0.0388 0.3054 0.0240 0.3204 0.3114 
          77  1 0.0131 0.3706 0.0142 0.2943 0.3079 
          78  1 0.0139 0.2332 0.0515 0.3978 0.3036 
          79  1 0.0206 0.3289 0.0126 0.3132 0.3247 
          80  1 0.0157 0.3506 0.0241 0.3135 0.2961 
          81  1 0.0587 0.3027 0.1055 0.2700 0.2630 
          82  1 0.0374 0.2559 0.0400 0.3676 0.2992 
          83  1 0.0288 0.2784 0.1236 0.2582 0.3111 
          84  1 0.0417 0.3415 0.0259 0.2865 0.3044 
          85  1 0.0367 0.2418 0.0157 0.4081 0.2977 
          86  1 0.0707 0.1838 0.0192 0.4475 0.2788 
          87  1 0.0379 0.2352 0.1730 0.3327 0.2211 
          88  1 0.0152 0.3437 0.0322 0.2839 0.3250 
          89  1 0.0216 0.2438 0.0289 0.4143 0.2914 
          90  1 0.0349 0.3699 0.0313 0.2551 0.3087 
          91  1 0.0411 0.3421 0.0161 0.3056 0.2951 
          92  1 0.0505 0.3710 0.0202 0.2517 0.3065 
          93  1 0.0365 0.2728 0.1201 0.3074 0.2632 
          94  1 0.0235 0.2128 0.0177 0.4457 0.3004 
          95  1 0.0134 0.3434 0.0467 0.3258 0.2707 
          96  1 0.3185 0.1365 0.1122 0.2261 0.2067 
          97  1 0.0220 0.3209 0.0153 0.2844 0.3574 
          98  1 0.0324 0.3224 0.0542 0.2773 0.3136 
          99  1 0.0301 0.3653 0.0320 0.2482 0.3244 
         100  1 0.0560 0.3638 0.0287 0.2634 0.2881 
         101  1 0.0189 0.2823 0.0145 0.3669 0.3173 
         102  1 0.0109 0.3066 0.0223 0.3796 0.2805 
         103  1 0.0132 0.2307 0.0191 0.4550 0.2819 
         104  1 0.0183 0.3679 0.0210 0.2882 0.3045 
         105  1 0.3065 0.1899 0.0709 0.2177 0.2149 
         106  1 0.0168 0.3005 0.0135 0.3456 0.3235 
         107  1 0.1426 0.2508 0.1918 0.1940 0.2209 
         108  1 0.0218 0.2737 0.0486 0.3342 0.3217 
         109  1 0.0183 0.3610 0.0124 0.3092 0.2990 
         110  1 0.0125 0.3650 0.0123 0.3033 0.3071 
         111  1 0.0104 0.2691 0.0870 0.3244 0.3091 
         112  1 0.0374 0.3797 0.0185 0.2831 0.2813 
         113  1 0.0198 0.2786 0.0165 0.3908 0.2943 
         114  1 0.0490 0.2558 0.2166 0.2427 0.2358 
         115  1 0.0452 0.2953 0.0377 0.2814 0.3404 
         116  1 0.0534 0.2778 0.0303 0.3249 0.3136 
         117  1 0.0292 0.4010 0.0326 0.2339 0.3034 
         118  1 0.0213 0.3651 0.0150 0.2757 0.3230 
         119  1 0.1085 0.2551 0.1335 0.2648 0.2381 
         120  1 0.0335 0.2771 0.0662 0.3303 0.2929 
         121  1 0.0366 0.3292 0.0154 0.3253 0.2936 
         122  1 0.1202 0.2586 0.0340 0.2948 0.2925 
         123  1 0.1450 0.2077 0.1925 0.2292 0.2256 
         124  1 0.0457 0.3368 0.0355 0.2736 0.3085 
         125  1 0.0206 0.3332 0.0137 0.3503 0.2822 
         126  1 0.1029 0.2159 0.1386 0.3031 0.2395 
         127  1 0.1119 0.3395 0.0231 0.2577 0.2677 
         128  1 0.0296 0.3628 0.0403 0.2262 0.3411 
         129  1 0.0202 0.2250 0.3133 0.2248 0.2167 
         130  1 0.2312 0.0536 0.6108 0.0499 0.0544 
         131  1 0.0169 0.3653 0.0317 0.2905 0.2955 
         132  1 0.0282 0.3510 0.0263 0.2947 0.2998 
         133  1 0.1122 0.2954 0.0568 0.2423 0.2933 
         134  1 0.0289 0.2705 0.0245 0.3326 0.3435 
         135  1 0.0137 0.3428 0.0274 0.3289 0.2872 
         136  1 0.0477 0.3868 0.0415 0.2180 0.3060 
         137  1 0.0762 0.3078 0.0494 0.2350 0.3317 
         138  1 0.2820 0.2003 0.0260 0.2440 0.2478 
         139  1 0.0480 0.3478 0.0201 0.2349 0.3492 
         140  1 0.3075 0.1963 0.1163 0.1666 0.2133 
         141  1 0.1149 0.0334 0.7729 0.0401 0.0387 
         142  1 0.0421 0.2477 0.0387 0.3704 0.3010 
         143  1 0.5453 0.0807 0.1542 0.1193 0.1006 
         144  1 0.0143 0.1775 0.0418 0.4525 0.3140 
         145  1 0.0327 0.2233 0.0360 0.4197 0.2882 
         146  1 0.0306 0.2203 0.0703 0.3520 0.3268 
         147  1 0.1056 0.2428 0.1494 0.2302 0.2719 
         148  1 0.0176 0.1679 0.0328 0.4858 0.2959 
         149  1 0.0468 0.3150 0.0510 0.2829 0.3043 
         150  1 0.0124 0.1764 0.0127 0.4994 0.2991 
         151  1 0.0560 0.3685 0.0232 0.2235 0.3288 
         152  1 0.0480 0.3175 0.0434 0.2495 0.3416 
         153  1 0.3283 0.1981 0.0419 0.2030 0.2288 
         154  1 0.0194 0.4180 0.0148 0.2140 0.3338 
         155  1 0.0360 0.3526 0.0330 0.2681 0.3104 
         156  1 0.1139 0.2074 0.0558 0.3387 0.2842 
         157  1 0.0257 0.2278 0.0312 0.3949 0.3205 
         158  1 0.0256 0.2925 0.0713 0.2983 0.3123 
         159  1 0.0423 0.3506 0.0117 0.2662 0.3292 
         160  1 0.0528 0.3181 0.0319 0.2621 0.3351 
         161  1 0.0263 0.4060 0.0183 0.2057 0.3437 
         162  1 0.0329 0.2907 0.0545 0.3210 0.3009 
         163  1 0.0373 0.3725 0.0312 0.2350 0.3240 
         164  1 0.0170 0.3878 0.0165 0.2625 0.3161 
         165  1 0.0640 0.2839 0.0126 0.3555 0.2842 
         166  1 0.1652 0.2360 0.0795 0.2761 0.2432 
         167  1 0.0352 0.3353 0.0178 0.2506 0.3610 
         168  1 0.0222 0.3498 0.0427 0.2772 0.3080 
         169  1 0.1320 0.3072 0.0508 0.2375 0.2725 
         170  1 0.4155 0.1681 0.0363 0.1864 0.1937 
         171  1 0.1141 0.2843 0.0169 0.2644 0.3202 
         172  1 0.0690 0.2737 0.2027 0.1993 0.2554 
         173  1 0.0178 0.3799 0.0406 0.2405 0.3211 
         174  1 0.0172 0.4053 0.0192 0.2463 0.3120 
         175  1 0.0423 0.3096 0.0947 0.2609 0.2926 
         176  1 0.1189 0.3180 0.0522 0.2094 0.3016 
         177  1 0.7164 0.0337 0.1669 0.0417 0.0414 
         178  1 0.7202 0.0646 0.0807 0.0743 0.0602 
         179  1 0.9023 0.0288 0.0159 0.0265 0.0266 
         180  1 0.0525 0.2262 0.0176 0.4226 0.2812 
         181  1 0.8908 0.0315 0.0263 0.0238 0.0276 
         182  1 0.8223 0.0329 0.0755 0.0352 0.0341 
         183  1 0.6120 0.0949 0.1262 0.0768 0.0902 
         184  1 0.5815 0.0789 0.1676 0.0835 0.0884 
         185  1 0.5254 0.0672 0.2707 0.0620 0.0746 
         186  1 0.6773 0.0513 0.1326 0.0754 0.0635 
         187  1 0.1002 0.1901 0.3798 0.1613 0.1686 
         188  1 0.1453 0.1364 0.2521 0.2866 0.1797 
         189  1 0.9071 0.0209 0.0236 0.0235 0.0250 
         190  1 0.5155 0.1372 0.0140 0.1751 0.1583 
         191  1 0.2523 0.1162 0.3424 0.1669 0.1222 
         192  1 0.9413 0.0121 0.0225 0.0122 0.0119 
         193  1 0.9500 0.0106 0.0165 0.0122 0.0107 
         194  1 0.9238 0.0163 0.0241 0.0184 0.0174 
         195  1 0.9367 0.0158 0.0161 0.0163 0.0152 
         196  1 0.8333 0.0260 0.0896 0.0258 0.0252 
         197  1 0.9442 0.0139 0.0155 0.0130 0.0134 
         198  1 0.8461 0.0484 0.0169 0.0429 0.0458 
         199  1 0.9081 0.0246 0.0143 0.0276 0.0254 
         200  1 0.7236 0.0463 0.0740 0.0809 0.0752 
         201  1 0.1108 0.1628 0.4094 0.1631 0.1540 
         202  1 0.9275 0.0198 0.0122 0.0211 0.0193 
         203  1 0.8257 0.0393 0.0586 0.0358 0.0406 
         204  1 0.9242 0.0138 0.0346 0.0129 0.0146 
         205  1 0.8887 0.0302 0.0260 0.0258 0.0293 
         206  1 0.7456 0.0343 0.1424 0.0366 0.0411 
         207  1 0.2208 0.0789 0.5347 0.0915 0.0741 
         208  1 0.0122 0.0141 0.9494 0.0118 0.0125 
         209  1 0.1250 0.0810 0.5787 0.1063 0.1090 
         210  1 0.1599 0.0151 0.7928 0.0159 0.0163 
         211  1 0.0211 0.0363 0.8631 0.0371 0.0423 
         212  1 0.8312 0.0425 0.0448 0.0412 0.0404 
         213  1 0.0204 0.0228 0.9084 0.0240 0.0244 
         214  1 0.1682 0.0251 0.7496 0.0290 0.0281 
         215  1 0.8891 0.0120 0.0712 0.0145 0.0132 
         216  1 0.5142 0.0382 0.3684 0.0400 0.0392 
         217  1 0.6842 0.0333 0.2276 0.0269 0.0281 
         218  1 0.8945 0.0292 0.0211 0.0268 0.0283 
         219  1 0.1948 0.0224 0.7276 0.0316 0.0235 
         220  1 0.1348 0.0380 0.7341 0.0522 0.0408 
         221  1 0.0474 0.1445 0.5341 0.1279 0.1462 
         222  1 0.0416 0.0190 0.9023 0.0182 0.0188 
         223  1 0.9074 0.0199 0.0343 0.0186 0.0198 
         224  1 0.1442 0.2342 0.0801 0.3029 0.2386 
         225  1 0.6472 0.0732 0.0783 0.1121 0.0893 
         226  1 0.9107 0.0173 0.0329 0.0191 0.0200 
         227  1 0.5969 0.0926 0.1438 0.0835 0.0832 
         228  1 0.8332 0.0435 0.0358 0.0448 0.0426 
         229  1 0.0203 0.0192 0.9227 0.0190 0.0188 
         230  1 0.0198 0.0255 0.9028 0.0259 0.0260 
         231  1 0.8678 0.0207 0.0707 0.0202 0.0206 
         232  1 0.0234 0.0159 0.9262 0.0156 0.0188 
         233  1 0.0253 0.0240 0.9025 0.0244 0.0238 
         234  1 0.0493 0.3587 0.0449 0.2543 0.2928 
         235  1 0.0399 0.0532 0.8072 0.0488 0.0510 
         236  1 0.0194 0.0261 0.9050 0.0242 0.0252 
         237  1 0.0646 0.0262 0.8389 0.0371 0.0331 
         238  1 0.4039 0.0364 0.4832 0.0369 0.0396 
         239  1 0.0276 0.0484 0.8109 0.0569 0.0561 
         240  1 0.0337 0.0362 0.8198 0.0589 0.0514 
         241  1 0.0731 0.3468 0.0584 0.2233 0.2984 
         242  1 0.1489 0.0928 0.6042 0.0733 0.0807 
         243  1 0.0204 0.0255 0.9055 0.0273 0.0214 
         244  1 0.2133 0.1430 0.3584 0.1307 0.1545 
         245  1 0.0249 0.0113 0.9395 0.0123 0.0120 
         246  1 0.1652 0.0546 0.6732 0.0559 0.0511 
         247  1 0.0914 0.0461 0.7542 0.0523 0.0561 
         248  1 0.0685 0.0342 0.8278 0.0352 0.0342 
         249  1 0.0412 0.0689 0.7139 0.0967 0.0793 
         250  1 0.1442 0.1686 0.3246 0.1708 0.1918 
         251  1 0.0658 0.0179 0.8779 0.0186 0.0198 
         252  1 0.0151 0.0146 0.9353 0.0201 0.0149 
         253  1 0.1936 0.0389 0.6869 0.0387 0.0420 
         254  1 0.0723 0.0615 0.7237 0.0754 0.0670 
         255  1 0.1465 0.0173 0.8006 0.0165 0.0191 
         256  1 0.0275 0.0125 0.9340 0.0127 0.0133 
         257  1 0.0925 0.0155 0.8629 0.0144 0.0147 
         258  1 0.0831 0.0448 0.7638 0.0585 0.0498 
         259  1 0.0973 0.0360 0.7898 0.0387 0.0381 
