           1  1 0.0625 0.3053 0.3087 0.3235 
           2  1 0.0194 0.3013 0.3585 0.3207 
           3  1 0.0239 0.3054 0.3178 0.3529 
           4  1 0.0124 0.2757 0.3416 0.3703 
           5  1 0.0246 0.3086 0.3369 0.3299 
           6  1 0.3635 0.1978 0.2181 0.2206 
           7  1 0.0410 0.3041 0.3410 0.3139 
           8  1 0.0149 0.3060 0.3520 0.3271 
           9  1 0.2744 0.2449 0.2606 0.2202 
          10  1 0.0286 0.3325 0.3191 0.3198 
          11  1 0.3018 0.2351 0.2404 0.2227 
          12  1 0.0390 0.3315 0.3409 0.2886 
          13  1 0.4396 0.1839 0.1842 0.1923 
          14  1 0.0927 0.2968 0.2975 0.3130 
          15  1 0.0337 0.3241 0.3536 0.2886 
          16  1 0.0374 0.3263 0.3598 0.2765 
          17  1 0.0176 0.3474 0.3187 0.3162 
          18  1 0.3220 0.2374 0.2163 0.2243 
          19  1 0.0292 0.3214 0.3244 0.3250 
          20  1 0.0358 0.3251 0.3637 0.2755 
          21  1 0.0771 0.3064 0.2911 0.3254 
          22  1 0.0264 0.2977 0.3878 0.2881 
          23  1 0.0187 0.3242 0.3452 0.3119 
          24  1 0.0665 0.2901 0.3083 0.3350 
          25  1 0.0233 0.2960 0.3421 0.3387 
          26  1 0.1342 0.2976 0.2867 0.2815 
          27  1 0.0309 0.3355 0.3479 0.2857 
          28  1 0.0433 0.3195 0.3097 0.3276 
          29  1 0.0431 0.3382 0.3042 0.3144 
          30  1 0.1589 0.2867 0.2978 0.2566 
          31  1 0.0705 0.3226 0.2740 0.3329 
          32  1 0.0285 0.3459 0.3282 0.2974 
          33  1 0.0408 0.3351 0.2975 0.3265 
          34  1 0.0396 0.3083 0.3235 0.3287 
          35  1 0.0263 0.3359 0.2912 0.3466 
          36  1 0.3823 0.2144 0.1978 0.2055 
          37  1 0.0166 0.3382 0.3553 0.2900 
          38  1 0.0742 0.3200 0.3265 0.2793 
          39  1 0.0728 0.2863 0.3406 0.3003 
          40  1 0.0323 0.3308 0.2860 0.3509 
          41  1 0.5047 0.1645 0.1645 0.1663 
          42  1 0.1017 0.3089 0.2818 0.3076 
          43  1 0.0253 0.3232 0.3300 0.3214 
          44  1 0.0320 0.3271 0.3135 0.3275 
          45  1 0.0308 0.3318 0.3389 0.2984 
          46  1 0.0318 0.3236 0.2997 0.3449 
          47  1 0.0642 0.3112 0.3291 0.2955 
          48  1 0.0341 0.2987 0.3493 0.3179 
          49  1 0.0615 0.3123 0.3044 0.3219 
          50  1 0.0377 0.3170 0.3417 0.3036 
          51  1 0.0703 0.3016 0.3260 0.3021 
          52  1 0.0220 0.3176 0.3677 0.2926 
          53  1 0.0442 0.3318 0.3170 0.3069 
          54  1 0.3204 0.2353 0.2387 0.2056 
          55  1 0.0339 0.2984 0.2989 0.3687 
          56  1 0.0441 0.2955 0.3617 0.2987 
          57  1 0.0444 0.3306 0.2733 0.3517 
          58  1 0.0253 0.3341 0.3158 0.3248 
          59  1 0.0868 0.3083 0.2818 0.3230 
          60  1 0.0142 0.3159 0.2959 0.3740 
          61  1 0.1520 0.2879 0.2628 0.2973 
          62  1 0.0300 0.3288 0.3242 0.3171 
          63  1 0.0165 0.3227 0.3395 0.3213 
          64  1 0.0286 0.3171 0.3426 0.3117 
          65  1 0.1245 0.2966 0.2587 0.3203 
          66  1 0.0309 0.3316 0.2977 0.3398 
          67  1 0.7656 0.0797 0.0858 0.0690 
          68  1 0.0442 0.3324 0.2949 0.3285 
          69  1 0.0205 0.3266 0.2962 0.3567 
          70  1 0.0299 0.3435 0.2951 0.3315 
          71  1 0.0408 0.3098 0.3402 0.3093 
          72  1 0.2053 0.2642 0.2891 0.2415 
          73  1 0.0450 0.3036 0.3214 0.3300 
          74  1 0.0194 0.3277 0.3335 0.3194 
          75  1 0.1160 0.3118 0.3014 0.2709 
          76  1 0.0285 0.3096 0.3343 0.3276 
          77  1 0.0140 0.3451 0.3005 0.3404 
          78  1 0.0231 0.2982 0.3411 0.3376 
          79  1 0.0153 0.3448 0.3542 0.2857 
          80  1 0.0204 0.3383 0.3391 0.3022 
          81  1 0.0773 0.3129 0.3234 0.2864 
          82  1 0.0418 0.3060 0.3580 0.2942 
          83  1 0.0620 0.3124 0.3176 0.3080 
          84  1 0.0334 0.2968 0.3300 0.3398 
          85  1 0.0245 0.3102 0.3246 0.3407 
          86  1 0.0373 0.3073 0.3401 0.3153 
          87  1 0.0783 0.2961 0.3219 0.3037 
          88  1 0.0246 0.3416 0.3356 0.2982 
          89  1 0.0275 0.3017 0.3649 0.3059 
          90  1 0.0361 0.3408 0.2988 0.3243 
          91  1 0.0239 0.3452 0.3175 0.3134 
          92  1 0.0309 0.3413 0.2882 0.3395 
          93  1 0.0687 0.3139 0.3202 0.2972 
          94  1 0.0196 0.3112 0.3420 0.3272 
          95  1 0.0284 0.3447 0.3187 0.3082 
          96  1 0.3599 0.1990 0.2149 0.2262 
          97  1 0.0182 0.3140 0.3185 0.3492 
          98  1 0.0393 0.3275 0.2847 0.3486 
          99  1 0.0319 0.3119 0.3061 0.3501 
         100  1 0.0340 0.3056 0.3108 0.3496 
         101  1 0.0161 0.3409 0.3377 0.3053 
         102  1 0.0137 0.3338 0.3305 0.3220 
         103  1 0.0170 0.3028 0.3660 0.3142 
         104  1 0.0194 0.3353 0.3432 0.3021 
         105  1 0.1933 0.2536 0.2624 0.2907 
         106  1 0.0142 0.3395 0.3255 0.3209 
         107  1 0.1710 0.2907 0.2578 0.2805 
         108  1 0.0305 0.3386 0.3204 0.3105 
         109  1 0.0151 0.3496 0.3220 0.3134 
         110  1 0.0141 0.3402 0.3607 0.2850 
         111  1 0.0338 0.3396 0.3243 0.3024 
         112  1 0.0270 0.3383 0.3289 0.3058 
         113  1 0.0182 0.3175 0.3373 0.3270 
         114  1 0.1343 0.3055 0.3065 0.2537 
         115  1 0.0431 0.3279 0.3082 0.3208 
         116  1 0.0421 0.3608 0.2924 0.3047 
         117  1 0.0384 0.3164 0.2939 0.3513 
         118  1 0.0150 0.3491 0.3119 0.3239 
         119  1 0.1660 0.2748 0.2737 0.2856 
         120  1 0.0469 0.3124 0.3540 0.2867 
         121  1 0.0226 0.3292 0.3205 0.3277 
         122  1 0.0691 0.3130 0.3483 0.2696 
         123  1 0.1947 0.2736 0.2813 0.2503 
         124  1 0.0354 0.3286 0.3380 0.2980 
         125  1 0.0185 0.3258 0.3328 0.3228 
         126  1 0.1223 0.2860 0.3123 0.2793 
         127  1 0.0435 0.3347 0.3088 0.3130 
         128  1 0.0328 0.3332 0.2866 0.3474 
         129  1 0.0775 0.3104 0.3027 0.3093 
         130  1 0.7869 0.0719 0.0710 0.0702 
         131  1 0.0222 0.3576 0.3198 0.3004 
         132  1 0.0307 0.3349 0.3004 0.3340 
         133  1 0.0795 0.3240 0.2760 0.3205 
         134  1 0.0267 0.3407 0.3143 0.3183 
         135  1 0.0215 0.3334 0.3379 0.3072 
         136  1 0.0418 0.3324 0.2785 0.3473 
         137  1 0.0570 0.2962 0.2814 0.3654 
         138  1 0.0924 0.2965 0.2998 0.3113 
         139  1 0.0289 0.3102 0.2793 0.3816 
         140  1 0.2552 0.2390 0.2279 0.2779 
         141  1 0.8412 0.0531 0.0515 0.0542 
         142  1 0.0410 0.3386 0.3113 0.3091 
         143  1 0.5973 0.1247 0.1461 0.1319 
         144  1 0.0219 0.3038 0.3461 0.3282 
         145  1 0.0400 0.2991 0.3515 0.3094 
         146  1 0.0538 0.2984 0.2989 0.3488 
         147  1 0.1240 0.3095 0.2684 0.2981 
         148  1 0.0252 0.3151 0.3392 0.3205 
         149  1 0.0716 0.3394 0.3226 0.2663 
         150  1 0.0129 0.3143 0.3477 0.3250 
         151  1 0.0315 0.3340 0.2881 0.3463 
         152  1 0.0435 0.3257 0.2746 0.3563 
         153  1 0.1607 0.2979 0.2619 0.2795 
         154  1 0.0154 0.3390 0.2774 0.3682 
         155  1 0.0324 0.3214 0.3017 0.3445 
         156  1 0.0750 0.2982 0.3253 0.3015 
         157  1 0.0321 0.2853 0.3561 0.3265 
         158  1 0.0388 0.3280 0.3057 0.3275 
         159  1 0.0183 0.3495 0.3052 0.3270 
         160  1 0.0361 0.3196 0.2814 0.3628 
         161  1 0.0222 0.3413 0.2790 0.3575 
         162  1 0.0520 0.3104 0.3247 0.3129 
         163  1 0.0351 0.3244 0.2916 0.3489 
         164  1 0.0174 0.3172 0.3141 0.3512 
         165  1 0.0272 0.3224 0.3545 0.2959 
         166  1 0.1240 0.2838 0.3017 0.2904 
         167  1 0.0239 0.3230 0.2942 0.3589 
         168  1 0.0324 0.3080 0.3210 0.3386 
         169  1 0.0779 0.3128 0.2708 0.3386 
         170  1 0.1982 0.2617 0.2742 0.2660 
         171  1 0.0367 0.2979 0.2955 0.3699 
         172  1 0.1349 0.2923 0.2553 0.3175 
         173  1 0.0260 0.3313 0.2934 0.3492 
         174  1 0.0174 0.3277 0.3023 0.3526 
         175  1 0.0753 0.3219 0.2805 0.3224 
         176  1 0.0791 0.3004 0.2858 0.3347 
         177  1 0.8918 0.0355 0.0365 0.0362 
         178  1 0.7735 0.0771 0.0804 0.0690 
         179  1 0.7897 0.0716 0.0731 0.0657 
         180  1 0.0273 0.3007 0.3617 0.3103 
         181  1 0.8653 0.0436 0.0441 0.0469 
         182  1 0.8491 0.0480 0.0547 0.0482 
         183  1 0.5973 0.1346 0.1207 0.1474 
         184  1 0.6129 0.1335 0.1316 0.1219 
         185  1 0.8451 0.0538 0.0468 0.0543 
         186  1 0.6608 0.1129 0.1250 0.1014 
         187  1 0.2903 0.2370 0.2291 0.2437 
         188  1 0.4009 0.1936 0.2275 0.1780 
         189  1 0.8804 0.0415 0.0405 0.0377 
         190  1 0.0795 0.3146 0.2969 0.3090 
         191  1 0.4878 0.1725 0.1866 0.1532 
         192  1 0.9473 0.0180 0.0171 0.0176 
         193  1 0.9405 0.0193 0.0208 0.0195 
         194  1 0.9212 0.0254 0.0271 0.0262 
         195  1 0.9142 0.0297 0.0273 0.0288 
         196  1 0.9159 0.0285 0.0281 0.0275 
         197  1 0.9208 0.0272 0.0254 0.0266 
         198  1 0.4801 0.1780 0.1594 0.1825 
         199  1 0.8395 0.0522 0.0572 0.0512 
         200  1 0.6535 0.1179 0.1101 0.1185 
         201  1 0.3933 0.2079 0.2031 0.1957 
         202  1 0.7978 0.0683 0.0632 0.0707 
         203  1 0.7068 0.1021 0.0890 0.1021 
         204  1 0.9481 0.0171 0.0187 0.0162 
         205  1 0.8354 0.0550 0.0528 0.0568 
         206  1 0.8213 0.0573 0.0582 0.0632 
         207  1 0.7444 0.0880 0.0939 0.0737 
         208  1 0.8889 0.0387 0.0356 0.0368 
         209  1 0.6077 0.1278 0.1340 0.1306 
         210  1 0.9499 0.0165 0.0156 0.0181 
         211  1 0.6446 0.1217 0.1156 0.1182 
         212  1 0.8352 0.0570 0.0569 0.0509 
         213  1 0.8202 0.0602 0.0597 0.0599 
         214  1 0.9089 0.0280 0.0334 0.0297 
         215  1 0.9603 0.0129 0.0130 0.0138 
         216  1 0.8949 0.0365 0.0351 0.0334 
         217  1 0.9416 0.0189 0.0184 0.0210 
         218  1 0.8819 0.0431 0.0361 0.0388 
         219  1 0.9085 0.0318 0.0305 0.0293 
         220  1 0.7702 0.0697 0.0841 0.0760 
         221  1 0.2993 0.2372 0.2171 0.2464 
         222  1 0.9270 0.0249 0.0240 0.0240 
         223  1 0.9392 0.0210 0.0198 0.0200 
         224  1 0.1362 0.2891 0.3078 0.2669 
         225  1 0.5400 0.1499 0.1662 0.1440 
         226  1 0.9217 0.0248 0.0263 0.0272 
         227  1 0.6392 0.1210 0.1283 0.1116 
         228  1 0.8067 0.0672 0.0686 0.0575 
         229  1 0.8725 0.0423 0.0441 0.0412 
         230  1 0.8041 0.0666 0.0668 0.0625 
         231  1 0.9451 0.0192 0.0178 0.0179 
         232  1 0.8866 0.0366 0.0365 0.0404 
         233  1 0.8281 0.0630 0.0565 0.0524 
         234  1 0.0485 0.3334 0.2721 0.3459 
         235  1 0.6291 0.1335 0.1219 0.1155 
         236  1 0.7841 0.0762 0.0782 0.0615 
         237  1 0.8481 0.0487 0.0591 0.0440 
         238  1 0.8766 0.0399 0.0387 0.0448 
         239  1 0.5927 0.1391 0.1263 0.1418 
         240  1 0.6892 0.0984 0.1068 0.1056 
         241  1 0.0876 0.2784 0.2865 0.3474 
         242  1 0.6996 0.1021 0.1038 0.0946 
         243  1 0.7808 0.0721 0.0851 0.0620 
         244  1 0.3584 0.2164 0.1915 0.2338 
         245  1 0.9374 0.0200 0.0228 0.0198 
         246  1 0.7708 0.0766 0.0764 0.0761 
         247  1 0.7557 0.0800 0.0782 0.0861 
         248  1 0.7987 0.0683 0.0647 0.0682 
         249  1 0.4628 0.1726 0.1849 0.1796 
         250  1 0.2931 0.2245 0.2281 0.2543 
         251  1 0.9354 0.0204 0.0221 0.0222 
         252  1 0.8526 0.0469 0.0533 0.0472 
         253  1 0.8777 0.0411 0.0384 0.0428 
         254  1 0.6619 0.1064 0.1272 0.1045 
         255  1 0.9424 0.0196 0.0186 0.0195 
         256  1 0.9413 0.0211 0.0174 0.0202 
         257  1 0.9322 0.0225 0.0220 0.0234 
         258  1 0.8093 0.0656 0.0666 0.0585 
         259  1 0.8226 0.0611 0.0535 0.0629 
