           1  1 0.1195 0.0852 0.0298 0.0356 0.1225 0.1068 0.1224 0.1031 0.1449 0.1302 
           2  1 0.1098 0.1285 0.0102 0.0321 0.1307 0.1329 0.1204 0.0951 0.1036 0.1366 
           3  1 0.1568 0.0887 0.0401 0.0269 0.1118 0.1506 0.1195 0.1077 0.0855 0.1123 
           4  1 0.1222 0.1684 0.0107 0.0250 0.1025 0.1369 0.1150 0.1088 0.0912 0.1192 
           5  1 0.1211 0.1109 0.0286 0.0315 0.1193 0.1552 0.1242 0.1063 0.0983 0.1045 
           6  1 0.0966 0.0886 0.0324 0.2832 0.1075 0.1032 0.0859 0.0700 0.0607 0.0720 
           7  1 0.1118 0.1033 0.0110 0.0531 0.1315 0.1286 0.1203 0.1055 0.1141 0.1209 
           8  1 0.1208 0.0729 0.0121 0.0280 0.1383 0.1553 0.1273 0.1081 0.1080 0.1292 
           9  1 0.1163 0.1178 0.1161 0.0370 0.0949 0.1288 0.0919 0.0996 0.0950 0.1025 
          10  1 0.1442 0.0974 0.0156 0.0393 0.1202 0.1369 0.1296 0.1037 0.1093 0.1039 
          11  1 0.1111 0.0784 0.0643 0.0803 0.1157 0.0980 0.1068 0.0970 0.1351 0.1133 
          12  1 0.1276 0.0984 0.0175 0.0400 0.1149 0.1297 0.1162 0.1113 0.1193 0.1252 
          13  1 0.0827 0.0876 0.0698 0.2596 0.0979 0.0956 0.0846 0.0781 0.0734 0.0707 
          14  1 0.1022 0.1348 0.0266 0.0826 0.0974 0.1266 0.1054 0.1129 0.0958 0.1159 
          15  1 0.1376 0.1109 0.0187 0.0387 0.1157 0.1394 0.1196 0.1053 0.0948 0.1192 
          16  1 0.1126 0.1516 0.0160 0.0281 0.1123 0.1251 0.1211 0.1211 0.1022 0.1099 
          17  1 0.0906 0.1406 0.0130 0.0226 0.1204 0.1017 0.1209 0.1141 0.1390 0.1370 
          18  1 0.1100 0.0926 0.1748 0.0499 0.0943 0.1157 0.0938 0.0981 0.0863 0.0845 
          19  1 0.1363 0.1076 0.0112 0.0363 0.1163 0.1241 0.1243 0.1141 0.1127 0.1172 
          20  1 0.1108 0.1474 0.0360 0.0261 0.1168 0.1255 0.1151 0.1029 0.1077 0.1116 
          21  1 0.0906 0.1401 0.0217 0.0874 0.1089 0.1206 0.1157 0.1062 0.1004 0.1083 
          22  1 0.1032 0.1140 0.0099 0.0316 0.1335 0.0993 0.1154 0.1077 0.1522 0.1333 
          23  1 0.1439 0.1056 0.0209 0.0257 0.1059 0.1406 0.1212 0.1199 0.0988 0.1174 
          24  1 0.0805 0.2201 0.0270 0.0429 0.0969 0.1057 0.0974 0.1196 0.0905 0.1193 
          25  1 0.1364 0.0847 0.0228 0.0274 0.1112 0.1367 0.1125 0.1231 0.1201 0.1251 
          26  1 0.1217 0.0913 0.0157 0.1289 0.1121 0.1161 0.1090 0.0965 0.0987 0.1100 
          27  1 0.0928 0.1183 0.0162 0.0283 0.1251 0.1070 0.1144 0.1110 0.1370 0.1498 
          28  1 0.1602 0.0853 0.0187 0.0383 0.1124 0.1674 0.1273 0.1007 0.0809 0.1089 
          29  1 0.1179 0.0995 0.0204 0.0440 0.1103 0.1041 0.1221 0.1231 0.1390 0.1196 
          30  1 0.1202 0.1116 0.0732 0.0530 0.1035 0.1238 0.1132 0.1200 0.0824 0.0992 
          31  1 0.1170 0.0715 0.0926 0.0244 0.0698 0.0825 0.1139 0.1644 0.1365 0.1274 
          32  1 0.1324 0.1113 0.0164 0.0346 0.1135 0.1253 0.1178 0.1301 0.1102 0.1085 
          33  1 0.1001 0.1345 0.0214 0.0562 0.1133 0.0921 0.1163 0.1310 0.1207 0.1145 
          34  1 0.1216 0.1252 0.0471 0.0245 0.0943 0.1321 0.1131 0.1202 0.1075 0.1143 
          35  1 0.1172 0.1011 0.0184 0.0240 0.0902 0.0833 0.1246 0.1648 0.1389 0.1375 
          36  1 0.0987 0.0987 0.1041 0.1381 0.1023 0.0934 0.0953 0.0932 0.0858 0.0904 
          37  1 0.0830 0.1298 0.0123 0.0163 0.1447 0.0781 0.1163 0.1024 0.1584 0.1586 
          38  1 0.1159 0.1071 0.0301 0.0515 0.1102 0.1133 0.1303 0.1173 0.1135 0.1109 
          39  1 0.0961 0.1084 0.0240 0.0457 0.1407 0.0969 0.1116 0.1463 0.1381 0.0921 
          40  1 0.1157 0.0834 0.0437 0.0138 0.0581 0.0638 0.1146 0.1965 0.1724 0.1381 
          41  1 0.0901 0.0599 0.2774 0.0693 0.0748 0.0808 0.0877 0.0807 0.0971 0.0821 
          42  1 0.1220 0.0880 0.0417 0.0732 0.1158 0.1149 0.1144 0.1138 0.1165 0.0999 
          43  1 0.0898 0.1811 0.0104 0.0353 0.1164 0.1103 0.1076 0.1006 0.1156 0.1329 
          44  1 0.1435 0.0751 0.0215 0.0284 0.0992 0.1191 0.1307 0.1314 0.1135 0.1377 
          45  1 0.0996 0.1338 0.0172 0.0294 0.1308 0.1064 0.1212 0.1058 0.1196 0.1361 
          46  1 0.0891 0.1899 0.0259 0.0263 0.0979 0.1154 0.1102 0.1185 0.1059 0.1207 
          47  1 0.1328 0.1101 0.0626 0.0308 0.1024 0.1294 0.1123 0.1173 0.0980 0.1041 
          48  1 0.0806 0.1555 0.0122 0.0365 0.1260 0.1075 0.0993 0.1270 0.1347 0.1205 
          49  1 0.1223 0.1172 0.0250 0.0477 0.1157 0.1209 0.1115 0.1041 0.1173 0.1181 
          50  1 0.1110 0.1425 0.0220 0.0408 0.1194 0.1136 0.1186 0.1164 0.1050 0.1107 
          51  1 0.1137 0.0962 0.0237 0.0330 0.1301 0.1065 0.1203 0.1173 0.1403 0.1189 
          52  1 0.1206 0.1471 0.0174 0.0261 0.1107 0.1420 0.1202 0.1107 0.0889 0.1164 
          53  1 0.1062 0.1140 0.0228 0.0246 0.1108 0.0946 0.1182 0.1046 0.1518 0.1525 
          54  1 0.1085 0.0937 0.0528 0.1106 0.1084 0.1059 0.1088 0.0991 0.1053 0.1070 
          55  1 0.1457 0.0755 0.0199 0.0340 0.0895 0.1169 0.1148 0.1482 0.1315 0.1241 
          56  1 0.1206 0.0967 0.0255 0.0265 0.1156 0.1186 0.1141 0.1264 0.1218 0.1341 
          57  1 0.1055 0.0936 0.0384 0.0243 0.1076 0.0879 0.1239 0.1342 0.1586 0.1261 
          58  1 0.1433 0.1127 0.0241 0.0251 0.1119 0.1257 0.1227 0.1063 0.1182 0.1100 
          59  1 0.1426 0.0828 0.0185 0.0990 0.1192 0.1378 0.1160 0.0990 0.0815 0.1037 
          60  1 0.1384 0.0714 0.0146 0.0174 0.0825 0.1084 0.1214 0.1625 0.1446 0.1387 
          61  1 0.0950 0.1451 0.0477 0.0758 0.1053 0.1070 0.1071 0.1157 0.0990 0.1024 
          62  1 0.1253 0.0932 0.0237 0.0261 0.1311 0.1103 0.1117 0.1279 0.1297 0.1210 
          63  1 0.1257 0.1490 0.0102 0.0203 0.1104 0.1372 0.1148 0.1016 0.1106 0.1202 
          64  1 0.0923 0.1082 0.0204 0.0293 0.1297 0.1004 0.1125 0.1302 0.1483 0.1288 
          65  1 0.1226 0.0753 0.0687 0.0524 0.0831 0.0897 0.1105 0.1443 0.1285 0.1249 
          66  1 0.1004 0.1442 0.0161 0.0365 0.0882 0.1014 0.1222 0.1282 0.1419 0.1209 
          67  1 0.0605 0.0539 0.2581 0.2093 0.0945 0.0634 0.0642 0.0591 0.0824 0.0545 
          68  1 0.0831 0.1602 0.0265 0.0463 0.1039 0.0894 0.1111 0.1278 0.1356 0.1162 
          69  1 0.1169 0.1210 0.0175 0.0238 0.0821 0.0894 0.1248 0.1479 0.1337 0.1428 
          70  1 0.1152 0.0793 0.0149 0.0341 0.1009 0.0944 0.1331 0.1369 0.1594 0.1319 
          71  1 0.1171 0.1107 0.0114 0.0476 0.1410 0.1059 0.1206 0.1015 0.1415 0.1027 
          72  1 0.0939 0.1075 0.0444 0.0829 0.1280 0.1045 0.0893 0.0973 0.1459 0.1062 
          73  1 0.1124 0.1000 0.0125 0.0383 0.1356 0.1202 0.1191 0.1120 0.1313 0.1186 
          74  1 0.1152 0.1575 0.0102 0.0347 0.1108 0.1254 0.1129 0.1107 0.1125 0.1100 
          75  1 0.0830 0.1127 0.0367 0.0491 0.1273 0.0968 0.1154 0.0950 0.1512 0.1329 
          76  1 0.1065 0.1583 0.0210 0.0320 0.1059 0.1188 0.1072 0.1101 0.1203 0.1200 
          77  1 0.1101 0.1181 0.0085 0.0202 0.1144 0.1090 0.1308 0.1221 0.1401 0.1267 
          78  1 0.1532 0.1046 0.0090 0.0512 0.1195 0.1540 0.1280 0.1019 0.0711 0.1074 
          79  1 0.1127 0.1570 0.0115 0.0187 0.1235 0.1379 0.1176 0.1022 0.1029 0.1160 
          80  1 0.1073 0.1160 0.0107 0.0303 0.1447 0.1031 0.1205 0.0989 0.1375 0.1310 
          81  1 0.1015 0.1236 0.0205 0.0445 0.1239 0.1177 0.1115 0.0977 0.1351 0.1241 
          82  1 0.1171 0.1160 0.0176 0.0370 0.1425 0.1144 0.1091 0.1134 0.1206 0.1124 
          83  1 0.1163 0.1311 0.0171 0.0849 0.1169 0.1190 0.1029 0.1118 0.0986 0.1014 
          84  1 0.1388 0.0994 0.0263 0.0285 0.1138 0.1445 0.1248 0.1008 0.1043 0.1187 
          85  1 0.1501 0.0921 0.0238 0.0261 0.1209 0.1514 0.1300 0.1036 0.0880 0.1140 
          86  1 0.1433 0.0878 0.0274 0.0325 0.1230 0.1376 0.1241 0.1224 0.1004 0.1014 
          87  1 0.0870 0.0825 0.0170 0.0513 0.1415 0.0836 0.1203 0.1111 0.1813 0.1244 
          88  1 0.1208 0.1407 0.0121 0.0342 0.1235 0.1225 0.1203 0.0972 0.1085 0.1202 
          89  1 0.1314 0.1060 0.0151 0.0361 0.1323 0.1362 0.1141 0.1118 0.1012 0.1158 
          90  1 0.1216 0.0855 0.0237 0.0260 0.0895 0.0835 0.1335 0.1352 0.1604 0.1410 
          91  1 0.1356 0.0916 0.0200 0.0231 0.1290 0.1235 0.1220 0.1212 0.1193 0.1148 
          92  1 0.1261 0.0715 0.0335 0.0187 0.0864 0.0871 0.1308 0.1441 0.1577 0.1441 
          93  1 0.1347 0.0811 0.0186 0.0721 0.1242 0.1460 0.1186 0.0910 0.0903 0.1234 
          94  1 0.1337 0.1091 0.0136 0.0298 0.1182 0.1397 0.1346 0.1094 0.0997 0.1122 
          95  1 0.1282 0.1182 0.0099 0.0382 0.1250 0.1349 0.1253 0.0889 0.1048 0.1267 
          96  1 0.1571 0.0619 0.0807 0.0743 0.1168 0.1398 0.1249 0.0877 0.0698 0.0869 
          97  1 0.0717 0.2266 0.0160 0.0211 0.0960 0.1031 0.0893 0.1367 0.1139 0.1256 
          98  1 0.1210 0.1308 0.0209 0.0430 0.0892 0.1225 0.1152 0.1249 0.0967 0.1359 
          99  1 0.1362 0.0844 0.0180 0.0262 0.0912 0.0986 0.1226 0.1541 0.1317 0.1371 
         100  1 0.1223 0.0820 0.0362 0.0285 0.0952 0.1234 0.1190 0.1415 0.1318 0.1201 
         101  1 0.1608 0.0853 0.0130 0.0243 0.1453 0.1443 0.1284 0.1010 0.0926 0.1051 
         102  1 0.1213 0.1153 0.0074 0.0302 0.1331 0.1216 0.1370 0.0964 0.1180 0.1196 
         103  1 0.1331 0.1156 0.0096 0.0287 0.1116 0.1022 0.1068 0.1457 0.1306 0.1161 
         104  1 0.0972 0.1284 0.0135 0.0226 0.1460 0.0971 0.1267 0.0986 0.1480 0.1219 
         105  1 0.0940 0.1537 0.0883 0.0500 0.0929 0.1047 0.1037 0.1153 0.0998 0.0976 
         106  1 0.1352 0.1057 0.0107 0.0227 0.1081 0.1233 0.1238 0.1146 0.1298 0.1262 
         107  1 0.1149 0.0876 0.0518 0.0729 0.0975 0.0895 0.1104 0.1344 0.1257 0.1153 
         108  1 0.1488 0.0869 0.0145 0.0458 0.1204 0.1416 0.1352 0.1182 0.0889 0.0998 
         109  1 0.1356 0.0940 0.0126 0.0206 0.1204 0.1161 0.1342 0.1182 0.1125 0.1359 
         110  1 0.0996 0.1188 0.0099 0.0178 0.1230 0.1030 0.1242 0.1136 0.1376 0.1524 
         111  1 0.1451 0.1006 0.0080 0.0627 0.1134 0.1451 0.1191 0.1135 0.0923 0.1002 
         112  1 0.1220 0.0941 0.0191 0.0213 0.1159 0.1043 0.1269 0.1247 0.1366 0.1351 
         113  1 0.1677 0.0887 0.0154 0.0291 0.1304 0.1627 0.1208 0.0910 0.0905 0.1037 
         114  1 0.0928 0.1218 0.0235 0.1039 0.1187 0.0954 0.1010 0.0945 0.1297 0.1187 
         115  1 0.1158 0.1311 0.0327 0.0367 0.1013 0.1206 0.1226 0.1145 0.1111 0.1137 
         116  1 0.1333 0.0812 0.0341 0.0342 0.1135 0.1283 0.1341 0.1272 0.1082 0.1059 
         117  1 0.1010 0.1495 0.0203 0.0280 0.1087 0.1065 0.1246 0.1153 0.1249 0.1211 
         118  1 0.1152 0.1154 0.0144 0.0220 0.1241 0.1077 0.1216 0.1040 0.1441 0.1316 
         119  1 0.1141 0.1080 0.0345 0.0615 0.1277 0.1130 0.1171 0.1073 0.1099 0.1068 
         120  1 0.1269 0.1101 0.0203 0.0344 0.1095 0.1156 0.1082 0.1267 0.1176 0.1307 
         121  1 0.0999 0.1108 0.0181 0.0248 0.1247 0.1070 0.1183 0.1123 0.1489 0.1352 
         122  1 0.1187 0.1296 0.0517 0.0322 0.1022 0.1270 0.1208 0.1148 0.0945 0.1085 
         123  1 0.1139 0.0984 0.0469 0.0781 0.1216 0.1206 0.1138 0.0978 0.1082 0.1007 
         124  1 0.1105 0.1086 0.0295 0.0274 0.1205 0.1065 0.1172 0.1199 0.1242 0.1357 
         125  1 0.1186 0.1353 0.0172 0.0238 0.1139 0.1302 0.1285 0.1024 0.1127 0.1174 
         126  1 0.1125 0.1100 0.0330 0.0482 0.1122 0.1154 0.1033 0.1163 0.1327 0.1165 
         127  1 0.1055 0.1020 0.0398 0.0222 0.1185 0.0937 0.1231 0.1160 0.1540 0.1251 
         128  1 0.0963 0.1028 0.0167 0.0308 0.1007 0.0981 0.1309 0.1359 0.1560 0.1319 
         129  1 0.0922 0.1110 0.0133 0.1381 0.1172 0.0881 0.1259 0.1039 0.1184 0.0918 
         130  1 0.0716 0.0516 0.1244 0.3260 0.0980 0.0678 0.0628 0.0622 0.0688 0.0667 
         131  1 0.0973 0.1351 0.0120 0.0260 0.1209 0.0872 0.1256 0.1028 0.1475 0.1457 
         132  1 0.1016 0.1209 0.0159 0.0215 0.1123 0.0821 0.1240 0.1189 0.1668 0.1362 
         133  1 0.1120 0.1190 0.0750 0.0492 0.1022 0.1154 0.1202 0.1061 0.0958 0.1051 
         134  1 0.1450 0.1104 0.0167 0.0290 0.1238 0.1518 0.1315 0.1007 0.0871 0.1040 
         135  1 0.1076 0.1172 0.0106 0.0231 0.1268 0.1042 0.1249 0.1029 0.1415 0.1413 
         136  1 0.1190 0.0593 0.0244 0.0268 0.0753 0.0711 0.1349 0.1754 0.1733 0.1406 
         137  1 0.0389 0.2852 0.0197 0.0375 0.0689 0.1022 0.0838 0.1407 0.0966 0.1265 
         138  1 0.0802 0.1864 0.0724 0.0307 0.0874 0.1104 0.1000 0.1348 0.0969 0.1008 
         139  1 0.0692 0.2493 0.0225 0.0267 0.0724 0.1167 0.0926 0.1341 0.0856 0.1307 
         140  1 0.0938 0.1017 0.1731 0.0731 0.0808 0.1005 0.0856 0.1030 0.0864 0.1020 
         141  1 0.0481 0.0343 0.0360 0.5632 0.0876 0.0453 0.0638 0.0406 0.0433 0.0379 
         142  1 0.1555 0.0867 0.0233 0.0370 0.1059 0.1442 0.1315 0.1121 0.0955 0.1083 
         143  1 0.0868 0.0954 0.1550 0.1295 0.1027 0.0878 0.0861 0.0963 0.0927 0.0676 
         144  1 0.1498 0.1095 0.0109 0.0399 0.0880 0.1424 0.1143 0.1209 0.1063 0.1179 
         145  1 0.1482 0.1242 0.0204 0.0352 0.0982 0.1159 0.1132 0.1158 0.1086 0.1203 
         146  1 0.1580 0.0964 0.0231 0.0506 0.0901 0.1502 0.1198 0.1136 0.0815 0.1167 
         147  1 0.0934 0.1582 0.0359 0.0709 0.0977 0.1106 0.0970 0.1199 0.1068 0.1096 
         148  1 0.1572 0.1193 0.0134 0.0320 0.0835 0.1197 0.1162 0.1273 0.0984 0.1330 
         149  1 0.1233 0.1150 0.0222 0.0400 0.1279 0.1356 0.1306 0.0957 0.0859 0.1237 
         150  1 0.1667 0.1016 0.0089 0.0305 0.0857 0.1510 0.1347 0.1146 0.0909 0.1154 
         151  1 0.1114 0.1082 0.0263 0.0252 0.0772 0.1062 0.1305 0.1475 0.1377 0.1298 
         152  1 0.0750 0.2287 0.0229 0.0375 0.0811 0.1298 0.0939 0.1220 0.0875 0.1215 
         153  1 0.1162 0.1185 0.1458 0.0397 0.0873 0.1240 0.0958 0.0987 0.0812 0.0930 
         154  1 0.1267 0.0659 0.0137 0.0133 0.0618 0.0658 0.1306 0.1884 0.1830 0.1509 
         155  1 0.1238 0.1329 0.0242 0.0272 0.1163 0.1261 0.1152 0.1090 0.1028 0.1224 
         156  1 0.1352 0.1137 0.0441 0.0426 0.0990 0.1324 0.1204 0.1167 0.0935 0.1023 
         157  1 0.1376 0.1128 0.0167 0.0322 0.1092 0.1459 0.1281 0.1197 0.0863 0.1114 
         158  1 0.0917 0.1318 0.0171 0.0472 0.1094 0.1071 0.1137 0.1370 0.1273 0.1177 
         159  1 0.1265 0.0875 0.0242 0.0207 0.1006 0.1026 0.1375 0.1402 0.1289 0.1312 
         160  1 0.1287 0.1166 0.0254 0.0316 0.1044 0.1435 0.1319 0.1169 0.0894 0.1116 
         161  1 0.1220 0.0736 0.0188 0.0165 0.0697 0.0755 0.1267 0.1854 0.1709 0.1409 
         162  1 0.1248 0.1163 0.0266 0.0362 0.1095 0.1241 0.1182 0.1083 0.1182 0.1178 
         163  1 0.0737 0.2460 0.0213 0.0315 0.0749 0.1112 0.1046 0.1070 0.1030 0.1268 
         164  1 0.0708 0.2658 0.0125 0.0223 0.0729 0.1066 0.1025 0.1097 0.1072 0.1297 
         165  1 0.1213 0.1124 0.0256 0.0259 0.1344 0.1067 0.1223 0.1164 0.1172 0.1178 
         166  1 0.1170 0.1088 0.0467 0.0449 0.1179 0.1130 0.1203 0.1126 0.1146 0.1043 
         167  1 0.0597 0.2528 0.0189 0.0241 0.0801 0.1241 0.0997 0.1214 0.0930 0.1260 
         168  1 0.1340 0.1242 0.0148 0.0347 0.1094 0.1423 0.1257 0.1048 0.0905 0.1196 
         169  1 0.1114 0.1264 0.0639 0.0354 0.0951 0.1243 0.1114 0.1230 0.0890 0.1202 
         170  1 0.1228 0.0798 0.1503 0.0373 0.1017 0.1180 0.1093 0.0980 0.0896 0.0933 
         171  1 0.0611 0.2514 0.0329 0.0237 0.0722 0.0963 0.0991 0.1392 0.1017 0.1225 
         172  1 0.0937 0.1340 0.0445 0.0837 0.0969 0.1029 0.1097 0.1130 0.1097 0.1118 
         173  1 0.0857 0.2166 0.0114 0.0409 0.0801 0.1039 0.1040 0.1099 0.1202 0.1273 
         174  1 0.0791 0.2385 0.0132 0.0254 0.0860 0.1039 0.1059 0.1124 0.1152 0.1205 
         175  1 0.1055 0.1524 0.0276 0.0511 0.0981 0.1109 0.1163 0.1281 0.1023 0.1077 
         176  1 0.1129 0.0902 0.0543 0.0352 0.0941 0.1084 0.1214 0.1296 0.1320 0.1220 
         177  1 0.0737 0.0412 0.4041 0.1446 0.0671 0.0691 0.0543 0.0554 0.0467 0.0437 
         178  1 0.0624 0.0551 0.3881 0.0601 0.0854 0.0616 0.0710 0.0691 0.0877 0.0593 
         179  1 0.0303 0.0312 0.7355 0.0162 0.0262 0.0248 0.0308 0.0387 0.0326 0.0339 
         180  1 0.1241 0.1287 0.0201 0.0259 0.0943 0.1190 0.1045 0.1347 0.1152 0.1336 
         181  1 0.0308 0.0259 0.7416 0.0245 0.0294 0.0288 0.0288 0.0273 0.0335 0.0294 
         182  1 0.0640 0.0436 0.4724 0.0714 0.0585 0.0747 0.0547 0.0555 0.0544 0.0510 
         183  1 0.0732 0.0542 0.3832 0.0617 0.0674 0.0745 0.0726 0.0766 0.0669 0.0697 
         184  1 0.0890 0.0877 0.2250 0.0837 0.0842 0.1000 0.0838 0.0887 0.0707 0.0871 
         185  1 0.0528 0.0556 0.4604 0.1201 0.0613 0.0532 0.0496 0.0527 0.0440 0.0502 
         186  1 0.0818 0.0801 0.2440 0.0764 0.0835 0.0920 0.0839 0.0868 0.0911 0.0805 
         187  1 0.0986 0.0893 0.0403 0.1265 0.1057 0.1035 0.1096 0.1031 0.1202 0.1033 
         188  1 0.1296 0.1066 0.0606 0.0759 0.0825 0.1138 0.0969 0.1187 0.0984 0.1169 
         189  1 0.0230 0.0263 0.7882 0.0222 0.0226 0.0232 0.0231 0.0259 0.0228 0.0227 
         190  1 0.1215 0.0905 0.1969 0.0226 0.0755 0.1033 0.1059 0.1008 0.0862 0.0967 
         191  1 0.0779 0.0871 0.0424 0.1238 0.1332 0.0804 0.0956 0.0952 0.1579 0.1066 
         192  1 0.0138 0.0134 0.8727 0.0203 0.0132 0.0120 0.0138 0.0135 0.0144 0.0129 
         193  1 0.0117 0.0124 0.8876 0.0140 0.0130 0.0124 0.0121 0.0111 0.0134 0.0122 
         194  1 0.0237 0.0267 0.7687 0.0239 0.0236 0.0333 0.0230 0.0234 0.0278 0.0259 
         195  1 0.0176 0.0157 0.8571 0.0159 0.0150 0.0167 0.0164 0.0165 0.0148 0.0142 
         196  1 0.0305 0.0294 0.6750 0.0757 0.0362 0.0304 0.0289 0.0308 0.0325 0.0304 
         197  1 0.0138 0.0119 0.8838 0.0121 0.0125 0.0126 0.0140 0.0140 0.0130 0.0124 
         198  1 0.0511 0.0312 0.6126 0.0189 0.0303 0.0378 0.0392 0.0699 0.0613 0.0479 
         199  1 0.0332 0.0415 0.6913 0.0140 0.0301 0.0457 0.0347 0.0356 0.0351 0.0389 
         200  1 0.1082 0.0455 0.3181 0.0741 0.0798 0.1006 0.0834 0.0678 0.0576 0.0648 
         201  1 0.0973 0.0821 0.0360 0.2123 0.1186 0.0925 0.0975 0.0821 0.0955 0.0862 
         202  1 0.0227 0.0182 0.8207 0.0122 0.0193 0.0195 0.0204 0.0234 0.0205 0.0230 
         203  1 0.0447 0.0441 0.6214 0.0391 0.0323 0.0400 0.0391 0.0555 0.0395 0.0443 
         204  1 0.0133 0.0148 0.8595 0.0254 0.0153 0.0149 0.0142 0.0141 0.0138 0.0147 
         205  1 0.0279 0.0265 0.7656 0.0191 0.0271 0.0290 0.0245 0.0250 0.0299 0.0254 
         206  1 0.0486 0.0394 0.5524 0.0842 0.0527 0.0455 0.0419 0.0474 0.0453 0.0425 
         207  1 0.0665 0.0606 0.0897 0.2380 0.1067 0.0646 0.0805 0.0776 0.1327 0.0831 
         208  1 0.0132 0.0119 0.0094 0.7855 0.0936 0.0146 0.0210 0.0126 0.0234 0.0146 
         209  1 0.1071 0.0687 0.0707 0.2051 0.1082 0.1052 0.0949 0.0800 0.0790 0.0811 
         210  1 0.0205 0.0159 0.0557 0.7027 0.0807 0.0191 0.0416 0.0187 0.0274 0.0176 
         211  1 0.0386 0.0341 0.0150 0.6179 0.0970 0.0367 0.0468 0.0390 0.0404 0.0345 
         212  1 0.0588 0.0529 0.5308 0.0409 0.0538 0.0613 0.0488 0.0489 0.0520 0.0518 
         213  1 0.0333 0.0294 0.0169 0.6409 0.1059 0.0340 0.0325 0.0329 0.0394 0.0348 
         214  1 0.0405 0.0370 0.1262 0.4696 0.0890 0.0455 0.0398 0.0412 0.0742 0.0371 
         215  1 0.0166 0.0148 0.7519 0.0973 0.0281 0.0166 0.0200 0.0184 0.0217 0.0146 
         216  1 0.0410 0.0386 0.3251 0.2818 0.0662 0.0451 0.0573 0.0427 0.0566 0.0457 
         217  1 0.0257 0.0232 0.6281 0.1569 0.0398 0.0247 0.0260 0.0247 0.0265 0.0244 
         218  1 0.0249 0.0233 0.7859 0.0168 0.0224 0.0241 0.0263 0.0274 0.0244 0.0245 
         219  1 0.0335 0.0364 0.0853 0.4744 0.0916 0.0368 0.0550 0.0484 0.0999 0.0386 
         220  1 0.0835 0.0623 0.1393 0.2330 0.0905 0.0864 0.0732 0.0737 0.0845 0.0737 
         221  1 0.0827 0.0838 0.0312 0.3031 0.1046 0.0820 0.0820 0.0786 0.0768 0.0754 
         222  1 0.0207 0.0296 0.0425 0.6928 0.0994 0.0245 0.0242 0.0227 0.0223 0.0212 
         223  1 0.0161 0.0217 0.8245 0.0257 0.0195 0.0191 0.0195 0.0189 0.0181 0.0170 
         224  1 0.1316 0.0988 0.0624 0.0474 0.1113 0.1396 0.1072 0.1009 0.0946 0.1063 
         225  1 0.0918 0.0922 0.2657 0.0608 0.0666 0.0929 0.0816 0.0855 0.0823 0.0807 
         226  1 0.0258 0.0224 0.7588 0.0353 0.0259 0.0243 0.0274 0.0273 0.0278 0.0250 
         227  1 0.0706 0.0675 0.2561 0.0793 0.0958 0.0794 0.0769 0.0749 0.1106 0.0889 
         228  1 0.0545 0.0577 0.5383 0.0305 0.0573 0.0586 0.0500 0.0481 0.0546 0.0504 
         229  1 0.0224 0.0241 0.0175 0.7154 0.0936 0.0260 0.0292 0.0208 0.0300 0.0211 
         230  1 0.0312 0.0314 0.0166 0.6472 0.1078 0.0347 0.0322 0.0306 0.0347 0.0335 
         231  1 0.0202 0.0217 0.7801 0.0548 0.0254 0.0201 0.0206 0.0196 0.0190 0.0186 
         232  1 0.0208 0.0181 0.0243 0.7408 0.1068 0.0203 0.0180 0.0177 0.0167 0.0165 
         233  1 0.0336 0.0339 0.0322 0.6101 0.1072 0.0321 0.0301 0.0348 0.0433 0.0427 
         234  1 0.0885 0.1510 0.0246 0.0330 0.0954 0.0928 0.1163 0.1240 0.1485 0.1260 
         235  1 0.0481 0.0445 0.0310 0.5197 0.0996 0.0519 0.0567 0.0460 0.0478 0.0549 
         236  1 0.0244 0.0303 0.0134 0.6101 0.0846 0.0253 0.0573 0.0391 0.0766 0.0390 
         237  1 0.0550 0.0441 0.0518 0.4705 0.0864 0.0519 0.0524 0.0566 0.0835 0.0478 
         238  1 0.0388 0.0422 0.2549 0.3810 0.0762 0.0362 0.0441 0.0407 0.0483 0.0377 
         239  1 0.0623 0.0405 0.0255 0.5185 0.1142 0.0551 0.0504 0.0449 0.0405 0.0480 
         240  1 0.0941 0.0364 0.0321 0.4187 0.1130 0.0844 0.0659 0.0510 0.0513 0.0531 
         241  1 0.1298 0.0819 0.0530 0.0400 0.0864 0.1080 0.1124 0.1463 0.1236 0.1186 
         242  1 0.0813 0.0681 0.0769 0.2582 0.1107 0.0765 0.0783 0.0806 0.0925 0.0772 
         243  1 0.0308 0.0347 0.0224 0.6189 0.0974 0.0348 0.0354 0.0381 0.0532 0.0343 
         244  1 0.0812 0.1041 0.0756 0.1618 0.0976 0.0848 0.0898 0.0980 0.1098 0.0975 
         245  1 0.0201 0.0158 0.0188 0.7485 0.0969 0.0171 0.0168 0.0147 0.0332 0.0181 
         246  1 0.0541 0.0506 0.1144 0.3242 0.1011 0.0478 0.0804 0.0647 0.1031 0.0597 
         247  1 0.0661 0.0496 0.0673 0.4361 0.1022 0.0584 0.0524 0.0568 0.0540 0.0571 
         248  1 0.0473 0.0464 0.0695 0.4886 0.0997 0.0490 0.0485 0.0473 0.0501 0.0535 
         249  1 0.0969 0.0588 0.0257 0.2210 0.1276 0.0997 0.0844 0.0848 0.1186 0.0826 
         250  1 0.0748 0.1403 0.0547 0.1362 0.0944 0.0913 0.0887 0.1146 0.1099 0.0951 
         251  1 0.0161 0.0194 0.0507 0.7256 0.1005 0.0162 0.0167 0.0180 0.0198 0.0170 
         252  1 0.0333 0.0296 0.0133 0.6497 0.0973 0.0282 0.0244 0.0389 0.0558 0.0296 
         253  1 0.0415 0.0370 0.1357 0.4947 0.0878 0.0420 0.0418 0.0394 0.0392 0.0407 
         254  1 0.0788 0.0689 0.0539 0.2952 0.1026 0.0814 0.0713 0.0783 0.0883 0.0812 
         255  1 0.0201 0.0166 0.0678 0.6821 0.0865 0.0202 0.0379 0.0200 0.0291 0.0197 
         256  1 0.0123 0.0122 0.0199 0.7843 0.1065 0.0127 0.0130 0.0125 0.0146 0.0121 
         257  1 0.0188 0.0189 0.0459 0.6934 0.0864 0.0193 0.0331 0.0191 0.0471 0.0180 
         258  1 0.0625 0.0482 0.0493 0.4667 0.1007 0.0608 0.0535 0.0557 0.0469 0.0557 
         259  1 0.0488 0.0497 0.0606 0.4806 0.0982 0.0538 0.0455 0.0533 0.0663 0.0434 
