           1  1 0.3020 0.2864 0.2807 0.0733 0.0577 
           2  1 0.2454 0.3291 0.3838 0.0143 0.0273 
           3  1 0.3199 0.3457 0.2629 0.0571 0.0143 
           4  1 0.3487 0.3260 0.2990 0.0146 0.0117 
           5  1 0.3222 0.3452 0.2674 0.0499 0.0153 
           6  1 0.1589 0.1386 0.1143 0.0516 0.5367 
           7  1 0.2600 0.3101 0.3110 0.0158 0.1031 
           8  1 0.3070 0.3870 0.2784 0.0155 0.0121 
           9  1 0.1211 0.1926 0.1853 0.4279 0.0729 
          10  1 0.3269 0.3304 0.2731 0.0196 0.0500 
          11  1 0.1591 0.2290 0.2393 0.1595 0.2131 
          12  1 0.2317 0.3578 0.3382 0.0289 0.0434 
          13  1 0.1424 0.1316 0.1161 0.0978 0.5121 
          14  1 0.2973 0.2439 0.2571 0.0457 0.1559 
          15  1 0.2204 0.3327 0.3729 0.0319 0.0421 
          16  1 0.1982 0.3401 0.3794 0.0444 0.0379 
          17  1 0.2951 0.2853 0.3815 0.0173 0.0209 
          18  1 0.2486 0.2119 0.2032 0.2674 0.0688 
          19  1 0.3118 0.3102 0.3130 0.0167 0.0483 
          20  1 0.1931 0.3350 0.3844 0.0570 0.0306 
          21  1 0.3017 0.2315 0.2491 0.0325 0.1852 
          22  1 0.1635 0.3420 0.4432 0.0147 0.0366 
          23  1 0.2921 0.3503 0.3089 0.0366 0.0121 
          24  1 0.3451 0.2471 0.2896 0.0403 0.0780 
          25  1 0.3512 0.3228 0.2701 0.0400 0.0159 
          26  1 0.1858 0.1916 0.1977 0.0264 0.3985 
          27  1 0.1988 0.3286 0.4165 0.0213 0.0349 
          28  1 0.3217 0.3442 0.2391 0.0344 0.0606 
          29  1 0.3362 0.2736 0.3032 0.0316 0.0554 
          30  1 0.2109 0.2572 0.2483 0.2041 0.0795 
          31  1 0.3427 0.2290 0.2185 0.1767 0.0332 
          32  1 0.3164 0.3083 0.3159 0.0288 0.0305 
          33  1 0.3597 0.2622 0.2834 0.0261 0.0685 
          34  1 0.2804 0.2866 0.2471 0.1688 0.0171 
          35  1 0.4259 0.2534 0.2691 0.0250 0.0267 
          36  1 0.1843 0.1498 0.1450 0.2751 0.2459 
          37  1 0.1806 0.3236 0.4634 0.0180 0.0144 
          38  1 0.2567 0.2958 0.3182 0.0649 0.0645 
          39  1 0.2037 0.3192 0.3284 0.0620 0.0867 
          40  1 0.4214 0.2301 0.2402 0.0927 0.0156 
          41  1 0.1177 0.1105 0.0996 0.5219 0.1503 
          42  1 0.2889 0.2460 0.2599 0.0743 0.1309 
          43  1 0.3097 0.2708 0.3596 0.0125 0.0473 
          44  1 0.3615 0.2994 0.2689 0.0409 0.0292 
          45  1 0.2477 0.3043 0.3868 0.0251 0.0360 
          46  1 0.3668 0.2535 0.3061 0.0440 0.0296 
          47  1 0.2729 0.2895 0.2626 0.1407 0.0344 
          48  1 0.2397 0.3050 0.3481 0.0233 0.0838 
          49  1 0.3138 0.2821 0.2969 0.0412 0.0660 
          50  1 0.2319 0.2963 0.3738 0.0332 0.0647 
          51  1 0.1971 0.3121 0.3268 0.0956 0.0684 
          52  1 0.2298 0.3596 0.3599 0.0344 0.0163 
          53  1 0.3003 0.2812 0.3278 0.0506 0.0401 
          54  1 0.1627 0.2262 0.2502 0.1004 0.2605 
          55  1 0.3772 0.3026 0.2471 0.0327 0.0405 
          56  1 0.1852 0.3561 0.3674 0.0652 0.0261 
          57  1 0.3656 0.2636 0.2641 0.0807 0.0259 
          58  1 0.3320 0.3095 0.3026 0.0341 0.0219 
          59  1 0.2776 0.2804 0.2032 0.0293 0.2095 
          60  1 0.4326 0.2734 0.2593 0.0208 0.0139 
          61  1 0.2987 0.2085 0.2428 0.0873 0.1628 
          62  1 0.2569 0.3116 0.3613 0.0506 0.0196 
          63  1 0.3482 0.3112 0.3017 0.0146 0.0243 
          64  1 0.2149 0.3252 0.3962 0.0291 0.0347 
          65  1 0.3336 0.2413 0.2166 0.1227 0.0858 
          66  1 0.3496 0.2569 0.3270 0.0234 0.0430 
          67  1 0.0499 0.0671 0.0649 0.5656 0.2525 
          68  1 0.3522 0.2508 0.2988 0.0357 0.0624 
          69  1 0.3804 0.2897 0.2842 0.0266 0.0190 
          70  1 0.3856 0.2669 0.2871 0.0240 0.0364 
          71  1 0.1943 0.3519 0.3596 0.0309 0.0632 
          72  1 0.1556 0.2475 0.2638 0.1462 0.1869 
          73  1 0.2223 0.3413 0.3353 0.0392 0.0618 
          74  1 0.2810 0.2989 0.3691 0.0139 0.0370 
          75  1 0.1988 0.2637 0.3247 0.0810 0.1318 
          76  1 0.2956 0.3171 0.3232 0.0388 0.0252 
          77  1 0.3497 0.2926 0.3289 0.0142 0.0145 
          78  1 0.2417 0.3889 0.3002 0.0148 0.0545 
          79  1 0.2187 0.3404 0.4034 0.0230 0.0144 
          80  1 0.2251 0.3225 0.4096 0.0173 0.0255 
          81  1 0.2218 0.2861 0.3274 0.0659 0.0987 
          82  1 0.1881 0.3481 0.3869 0.0413 0.0357 
          83  1 0.2605 0.2854 0.2954 0.0310 0.1278 
          84  1 0.3020 0.3426 0.2824 0.0440 0.0291 
          85  1 0.2468 0.3815 0.3129 0.0419 0.0169 
          86  1 0.2220 0.3888 0.2929 0.0767 0.0195 
          87  1 0.1753 0.2951 0.3249 0.0437 0.1610 
          88  1 0.2564 0.3033 0.3859 0.0172 0.0372 
          89  1 0.2102 0.3549 0.3813 0.0219 0.0316 
          90  1 0.3978 0.2522 0.2735 0.0413 0.0352 
          91  1 0.2891 0.3167 0.3387 0.0384 0.0171 
          92  1 0.3835 0.2657 0.2782 0.0535 0.0190 
          93  1 0.2410 0.3056 0.2955 0.0383 0.1195 
          94  1 0.2364 0.3849 0.3343 0.0253 0.0190 
          95  1 0.3005 0.3102 0.3272 0.0137 0.0484 
          96  1 0.1910 0.2184 0.1231 0.3470 0.1205 
          97  1 0.3443 0.2842 0.3324 0.0233 0.0158 
          98  1 0.3520 0.2799 0.2780 0.0342 0.0559 
          99  1 0.4117 0.2745 0.2525 0.0279 0.0334 
         100  1 0.3439 0.3057 0.2626 0.0599 0.0278 
         101  1 0.2495 0.3841 0.3311 0.0192 0.0161 
         102  1 0.2554 0.3280 0.3836 0.0116 0.0214 
         103  1 0.2337 0.3544 0.3777 0.0140 0.0202 
         104  1 0.2422 0.3249 0.3890 0.0215 0.0224 
         105  1 0.2125 0.1934 0.1894 0.3404 0.0644 
         106  1 0.3196 0.3080 0.3433 0.0161 0.0129 
         107  1 0.2550 0.2074 0.2048 0.1461 0.1867 
         108  1 0.3232 0.3349 0.2689 0.0226 0.0503 
         109  1 0.3024 0.3096 0.3550 0.0196 0.0134 
         110  1 0.1973 0.3283 0.4480 0.0130 0.0134 
         111  1 0.2700 0.3053 0.3210 0.0108 0.0929 
         112  1 0.3196 0.3210 0.2979 0.0430 0.0184 
         113  1 0.2693 0.3688 0.3227 0.0223 0.0170 
         114  1 0.1548 0.2739 0.3033 0.0529 0.2151 
         115  1 0.3247 0.2802 0.3057 0.0501 0.0393 
         116  1 0.3627 0.2957 0.2569 0.0523 0.0324 
         117  1 0.4090 0.2600 0.2693 0.0290 0.0327 
         118  1 0.3484 0.3004 0.3146 0.0218 0.0149 
         119  1 0.2457 0.2523 0.2571 0.1159 0.1290 
         120  1 0.2000 0.3194 0.3787 0.0354 0.0665 
         121  1 0.2920 0.3044 0.3544 0.0340 0.0153 
         122  1 0.2061 0.3143 0.3196 0.1244 0.0355 
         123  1 0.2014 0.2316 0.2243 0.1460 0.1967 
         124  1 0.2446 0.3055 0.3649 0.0461 0.0389 
         125  1 0.3216 0.2975 0.3430 0.0224 0.0155 
         126  1 0.1897 0.2635 0.2980 0.1081 0.1407 
         127  1 0.3048 0.2702 0.2974 0.1048 0.0229 
         128  1 0.4060 0.2474 0.2786 0.0266 0.0414 
         129  1 0.2093 0.2227 0.2420 0.0212 0.3048 
         130  1 0.0552 0.0515 0.0485 0.2411 0.6038 
         131  1 0.2718 0.3041 0.3763 0.0169 0.0309 
         132  1 0.3507 0.2790 0.3187 0.0266 0.0250 
         133  1 0.3607 0.2297 0.2400 0.1075 0.0621 
         134  1 0.3090 0.3542 0.2830 0.0297 0.0241 
         135  1 0.2286 0.3302 0.3961 0.0156 0.0296 
         136  1 0.4134 0.2507 0.2444 0.0473 0.0441 
         137  1 0.3739 0.2214 0.2585 0.0865 0.0597 
         138  1 0.2589 0.2285 0.2229 0.2618 0.0279 
         139  1 0.4056 0.2436 0.2757 0.0532 0.0220 
         140  1 0.2289 0.1680 0.1638 0.3255 0.1138 
         141  1 0.0389 0.0455 0.0382 0.1427 0.7348 
         142  1 0.3358 0.3243 0.2588 0.0433 0.0378 
         143  1 0.0854 0.1167 0.1032 0.5489 0.1458 
         144  1 0.3316 0.3670 0.2433 0.0145 0.0435 
         145  1 0.2786 0.3366 0.3126 0.0354 0.0368 
         146  1 0.3536 0.3160 0.2133 0.0330 0.0841 
         147  1 0.2744 0.2252 0.2344 0.1002 0.1658 
         148  1 0.2924 0.3825 0.2704 0.0204 0.0343 
         149  1 0.2685 0.3243 0.3161 0.0430 0.0481 
         150  1 0.3114 0.4028 0.2553 0.0139 0.0166 
         151  1 0.4225 0.2399 0.2529 0.0607 0.0239 
         152  1 0.3792 0.2636 0.2602 0.0489 0.0481 
         153  1 0.2660 0.1958 0.1729 0.3185 0.0468 
         154  1 0.4559 0.2422 0.2679 0.0188 0.0154 
         155  1 0.3473 0.2753 0.3050 0.0384 0.0341 
         156  1 0.2744 0.2878 0.2609 0.1225 0.0544 
         157  1 0.3089 0.3502 0.2832 0.0242 0.0335 
         158  1 0.3287 0.2643 0.3090 0.0264 0.0717 
         159  1 0.3892 0.2909 0.2631 0.0442 0.0126 
         160  1 0.3823 0.2804 0.2402 0.0602 0.0369 
         161  1 0.4439 0.2447 0.2649 0.0278 0.0186 
         162  1 0.2986 0.3015 0.3144 0.0314 0.0541 
         163  1 0.4058 0.2448 0.2788 0.0383 0.0322 
         164  1 0.3962 0.2690 0.2973 0.0182 0.0194 
         165  1 0.2106 0.3288 0.3784 0.0678 0.0144 
         166  1 0.2145 0.2675 0.2727 0.1650 0.0802 
         167  1 0.4019 0.2606 0.2787 0.0385 0.0203 
         168  1 0.3779 0.2878 0.2657 0.0239 0.0447 
         169  1 0.3306 0.2400 0.2403 0.1393 0.0498 
         170  1 0.1945 0.1923 0.1568 0.4191 0.0373 
         171  1 0.3547 0.2337 0.2563 0.1369 0.0185 
         172  1 0.3028 0.1972 0.2200 0.0738 0.2061 
         173  1 0.3971 0.2426 0.2988 0.0177 0.0438 
         174  1 0.4211 0.2547 0.2866 0.0178 0.0199 
         175  1 0.3224 0.2546 0.2919 0.0416 0.0895 
         176  1 0.3417 0.2284 0.2315 0.1459 0.0525 
         177  1 0.0343 0.0448 0.0318 0.7158 0.1733 
         178  1 0.0571 0.0725 0.0747 0.7171 0.0785 
         179  1 0.0307 0.0289 0.0274 0.8963 0.0167 
         180  1 0.2090 0.3562 0.3676 0.0508 0.0164 
         181  1 0.0306 0.0258 0.0268 0.8872 0.0296 
         182  1 0.0319 0.0420 0.0356 0.8048 0.0856 
         183  1 0.0905 0.0800 0.0815 0.6294 0.1186 
         184  1 0.0785 0.0933 0.0787 0.5539 0.1956 
         185  1 0.0745 0.0721 0.0663 0.5121 0.2751 
         186  1 0.0519 0.0715 0.0723 0.6709 0.1334 
         187  1 0.2093 0.1620 0.1655 0.1011 0.3621 
         188  1 0.1711 0.2203 0.1997 0.1518 0.2571 
         189  1 0.0244 0.0219 0.0245 0.9043 0.0248 
         190  1 0.1788 0.1697 0.1374 0.4998 0.0144 
         191  1 0.0827 0.1544 0.1813 0.2493 0.3323 
         192  1 0.0119 0.0125 0.0130 0.9375 0.0251 
         193  1 0.0115 0.0125 0.0116 0.9449 0.0195 
         194  1 0.0179 0.0192 0.0175 0.9190 0.0264 
         195  1 0.0181 0.0170 0.0156 0.9321 0.0172 
         196  1 0.0272 0.0272 0.0252 0.8290 0.0913 
         197  1 0.0151 0.0148 0.0135 0.9402 0.0164 
         198  1 0.0568 0.0447 0.0380 0.8414 0.0191 
         199  1 0.0255 0.0312 0.0310 0.8969 0.0154 
         200  1 0.0644 0.0771 0.0562 0.7192 0.0831 
         201  1 0.1626 0.1415 0.1650 0.1067 0.4241 
         202  1 0.0228 0.0196 0.0180 0.9255 0.0141 
         203  1 0.0406 0.0358 0.0333 0.8361 0.0542 
         204  1 0.0147 0.0146 0.0135 0.9209 0.0363 
         205  1 0.0309 0.0288 0.0305 0.8830 0.0269 
         206  1 0.0381 0.0370 0.0321 0.7541 0.1387 
         207  1 0.0608 0.0956 0.1021 0.2052 0.5363 
         208  1 0.0140 0.0143 0.0147 0.0132 0.9439 
         209  1 0.1049 0.1041 0.0942 0.1205 0.5763 
         210  1 0.0177 0.0165 0.0151 0.2037 0.7469 
         211  1 0.0392 0.0400 0.0365 0.0224 0.8619 
         212  1 0.0412 0.0499 0.0428 0.8112 0.0548 
         213  1 0.0237 0.0270 0.0246 0.0210 0.9037 
         214  1 0.0267 0.0293 0.0300 0.1747 0.7394 
         215  1 0.0135 0.0144 0.0138 0.8878 0.0705 
         216  1 0.0424 0.0415 0.0424 0.5013 0.3724 
         217  1 0.0336 0.0298 0.0328 0.6791 0.2247 
         218  1 0.0309 0.0273 0.0296 0.8913 0.0210 
         219  1 0.0205 0.0299 0.0277 0.2168 0.7051 
         220  1 0.0416 0.0542 0.0447 0.1381 0.7214 
         221  1 0.1654 0.1281 0.1269 0.0478 0.5318 
         222  1 0.0228 0.0209 0.0198 0.0454 0.8911 
         223  1 0.0214 0.0213 0.0218 0.8943 0.0412 
         224  1 0.2314 0.2691 0.2528 0.1586 0.0881 
         225  1 0.0787 0.0985 0.0951 0.6401 0.0876 
         226  1 0.0194 0.0200 0.0204 0.9042 0.0361 
         227  1 0.0753 0.0963 0.0987 0.5799 0.1498 
         228  1 0.0416 0.0476 0.0482 0.8257 0.0369 
         229  1 0.0218 0.0186 0.0201 0.0220 0.9174 
         230  1 0.0254 0.0260 0.0252 0.0200 0.9033 
         231  1 0.0243 0.0223 0.0234 0.8590 0.0710 
         232  1 0.0190 0.0165 0.0145 0.0269 0.9231 
         233  1 0.0231 0.0235 0.0224 0.0278 0.9032 
         234  1 0.3930 0.2345 0.2746 0.0502 0.0478 
         235  1 0.0532 0.0457 0.0506 0.0402 0.8103 
         236  1 0.0215 0.0310 0.0325 0.0207 0.8943 
         237  1 0.0316 0.0375 0.0420 0.0677 0.8213 
         238  1 0.0428 0.0354 0.0350 0.4039 0.4830 
         239  1 0.0592 0.0552 0.0442 0.0300 0.8114 
         240  1 0.0449 0.0646 0.0390 0.0364 0.8151 
         241  1 0.3564 0.2591 0.2369 0.0849 0.0627 
         242  1 0.0866 0.0808 0.0964 0.1457 0.5905 
         243  1 0.0279 0.0272 0.0285 0.0222 0.8942 
         244  1 0.1771 0.1246 0.1313 0.2008 0.3662 
         245  1 0.0129 0.0142 0.0119 0.0253 0.9357 
         246  1 0.0549 0.0574 0.0575 0.1880 0.6421 
         247  1 0.0640 0.0522 0.0433 0.0892 0.7513 
         248  1 0.0358 0.0328 0.0345 0.0614 0.8356 
         249  1 0.0627 0.1015 0.0865 0.0388 0.7105 
         250  1 0.1798 0.1578 0.1736 0.1460 0.3428 
         251  1 0.0191 0.0174 0.0157 0.0623 0.8854 
         252  1 0.0170 0.0173 0.0169 0.0151 0.9337 
         253  1 0.0437 0.0375 0.0377 0.1830 0.6981 
         254  1 0.0558 0.0779 0.0828 0.0737 0.7098 
         255  1 0.0194 0.0188 0.0181 0.1533 0.7905 
         256  1 0.0151 0.0149 0.0146 0.0307 0.9248 
         257  1 0.0155 0.0171 0.0167 0.0958 0.8549 
         258  1 0.0537 0.0550 0.0490 0.0851 0.7572 
         259  1 0.0427 0.0413 0.0327 0.0914 0.7920 
