           1  1 0.1487 0.1228 0.1309 0.1421 0.0297 0.0262 0.1159 0.1344 0.1494 
           2  1 0.1632 0.1329 0.1363 0.1362 0.0097 0.0188 0.1224 0.1439 0.1366 
           3  1 0.1533 0.1370 0.1348 0.1832 0.0440 0.0100 0.1208 0.0931 0.1239 
           4  1 0.1496 0.1114 0.1581 0.1409 0.0106 0.0083 0.1677 0.1214 0.1319 
           5  1 0.1512 0.1440 0.1447 0.1808 0.0285 0.0112 0.1203 0.1007 0.1187 
           6  1 0.0922 0.0858 0.0997 0.1171 0.0332 0.3306 0.0832 0.0764 0.0819 
           7  1 0.1434 0.1295 0.1296 0.1490 0.0113 0.0484 0.1105 0.1498 0.1286 
           8  1 0.1928 0.1487 0.1240 0.1759 0.0129 0.0085 0.1156 0.0916 0.1300 
           9  1 0.1249 0.1552 0.1131 0.1042 0.1359 0.0354 0.0911 0.1235 0.1168 
          10  1 0.1557 0.1513 0.1204 0.1940 0.0141 0.0285 0.1167 0.0893 0.1301 
          11  1 0.1249 0.1265 0.1089 0.1152 0.0736 0.0985 0.0886 0.1419 0.1218 
          12  1 0.1774 0.1541 0.1181 0.1517 0.0172 0.0263 0.1036 0.1112 0.1405 
          13  1 0.0822 0.0898 0.0906 0.0868 0.0735 0.3304 0.0846 0.0810 0.0810 
          14  1 0.1164 0.1135 0.1497 0.1187 0.0279 0.0828 0.1376 0.1320 0.1214 
          15  1 0.1631 0.1591 0.1267 0.1418 0.0191 0.0234 0.1065 0.1211 0.1392 
          16  1 0.1606 0.1828 0.1199 0.1102 0.0198 0.0205 0.1103 0.1450 0.1309 
          17  1 0.1459 0.1408 0.1305 0.1190 0.0125 0.0127 0.1509 0.1532 0.1344 
          18  1 0.1124 0.1198 0.1072 0.1466 0.1781 0.0388 0.1035 0.0904 0.1031 
          19  1 0.1574 0.1214 0.1214 0.1489 0.0120 0.0265 0.1258 0.1251 0.1615 
          20  1 0.1665 0.1812 0.1234 0.1120 0.0362 0.0147 0.1109 0.1267 0.1285 
          21  1 0.1082 0.1037 0.1498 0.1111 0.0210 0.0884 0.1537 0.1303 0.1339 
          22  1 0.1363 0.1463 0.1191 0.0966 0.0092 0.0236 0.1047 0.2194 0.1447 
          23  1 0.1555 0.1716 0.1320 0.1637 0.0234 0.0083 0.1338 0.1041 0.1075 
          24  1 0.1038 0.0900 0.1850 0.0934 0.0254 0.0364 0.1835 0.1543 0.1282 
          25  1 0.1682 0.1367 0.1396 0.1661 0.0229 0.0115 0.1283 0.0961 0.1306 
          26  1 0.1335 0.1280 0.1158 0.1403 0.0166 0.1601 0.0923 0.0986 0.1147 
          27  1 0.1805 0.1542 0.1175 0.0976 0.0155 0.0187 0.1273 0.1643 0.1245 
          28  1 0.1468 0.1718 0.1172 0.2184 0.0175 0.0303 0.1024 0.0881 0.1075 
          29  1 0.1414 0.1377 0.1204 0.1377 0.0208 0.0336 0.1556 0.1197 0.1329 
          30  1 0.1273 0.1590 0.1009 0.1457 0.0805 0.0451 0.1327 0.1059 0.1029 
          31  1 0.1090 0.1211 0.1341 0.1311 0.0912 0.0201 0.1703 0.1098 0.1133 
          32  1 0.1501 0.1626 0.1315 0.1467 0.0162 0.0218 0.1321 0.1096 0.1296 
          33  1 0.1193 0.1335 0.1302 0.1029 0.0206 0.0410 0.1679 0.1404 0.1442 
          34  1 0.1360 0.1479 0.1296 0.1396 0.0516 0.0107 0.1279 0.1293 0.1273 
          35  1 0.1171 0.1235 0.1412 0.1285 0.0191 0.0190 0.1952 0.1299 0.1266 
          36  1 0.0979 0.0959 0.1139 0.1141 0.1203 0.1629 0.1054 0.0894 0.1001 
          37  1 0.1897 0.1322 0.1176 0.0801 0.0137 0.0096 0.1115 0.2069 0.1386 
          38  1 0.1371 0.1507 0.1183 0.1323 0.0323 0.0381 0.1345 0.1324 0.1243 
          39  1 0.1345 0.1194 0.1156 0.0947 0.0248 0.0474 0.1214 0.1915 0.1506 
          40  1 0.1086 0.1143 0.1346 0.1273 0.0505 0.0135 0.2152 0.1165 0.1194 
          41  1 0.0894 0.0940 0.0888 0.0879 0.3083 0.0844 0.0804 0.0823 0.0844 
          42  1 0.1322 0.1364 0.1144 0.1489 0.0409 0.0697 0.1341 0.1046 0.1189 
          43  1 0.1421 0.1001 0.1497 0.1056 0.0093 0.0283 0.1504 0.1652 0.1492 
          44  1 0.1287 0.1391 0.1322 0.1600 0.0215 0.0178 0.1404 0.1158 0.1446 
          45  1 0.1787 0.1390 0.1200 0.1197 0.0166 0.0193 0.1275 0.1417 0.1375 
          46  1 0.1159 0.1015 0.1701 0.1022 0.0256 0.0184 0.1818 0.1537 0.1308 
          47  1 0.1311 0.1540 0.1275 0.1481 0.0667 0.0183 0.1196 0.1057 0.1291 
          48  1 0.1317 0.1201 0.1464 0.0882 0.0131 0.0315 0.1451 0.1752 0.1488 
          49  1 0.1534 0.1297 0.1388 0.1569 0.0271 0.0371 0.1167 0.1063 0.1340 
          50  1 0.1422 0.1319 0.1421 0.1230 0.0221 0.0315 0.1304 0.1404 0.1365 
          51  1 0.1440 0.1301 0.1213 0.1219 0.0283 0.0279 0.1039 0.1759 0.1468 
          52  1 0.1560 0.1779 0.1291 0.1323 0.0188 0.0107 0.1254 0.1251 0.1247 
          53  1 0.1608 0.1197 0.1186 0.1222 0.0253 0.0201 0.1393 0.1466 0.1473 
          54  1 0.1302 0.1314 0.1028 0.1223 0.0539 0.1346 0.1044 0.1189 0.1015 
          55  1 0.1336 0.1372 0.1440 0.1790 0.0189 0.0243 0.1499 0.0967 0.1163 
          56  1 0.1488 0.1506 0.1247 0.1229 0.0329 0.0122 0.1105 0.1508 0.1465 
          57  1 0.1299 0.1117 0.1401 0.1139 0.0407 0.0179 0.1734 0.1323 0.1402 
          58  1 0.1409 0.1494 0.1342 0.1546 0.0270 0.0150 0.1354 0.1126 0.1308 
          59  1 0.1269 0.1465 0.0985 0.1680 0.0180 0.1052 0.1136 0.1102 0.1131 
          60  1 0.1084 0.1184 0.1708 0.1541 0.0154 0.0106 0.1894 0.1112 0.1216 
          61  1 0.1046 0.1138 0.1523 0.1118 0.0504 0.0740 0.1397 0.1288 0.1245 
          62  1 0.1440 0.1357 0.1267 0.1255 0.0236 0.0143 0.1348 0.1604 0.1351 
          63  1 0.1429 0.1156 0.1404 0.1495 0.0103 0.0130 0.1499 0.1266 0.1519 
          64  1 0.1582 0.1366 0.1242 0.0962 0.0191 0.0205 0.1242 0.1812 0.1396 
          65  1 0.1115 0.1235 0.1306 0.1431 0.0701 0.0502 0.1580 0.0969 0.1161 
          66  1 0.1220 0.1182 0.1456 0.1117 0.0149 0.0242 0.1682 0.1602 0.1352 
          67  1 0.0715 0.0751 0.0577 0.0628 0.2937 0.2519 0.0541 0.0604 0.0729 
          68  1 0.1250 0.1123 0.1496 0.0919 0.0263 0.0342 0.1813 0.1409 0.1383 
          69  1 0.1174 0.1208 0.1300 0.1355 0.0183 0.0127 0.1711 0.1597 0.1347 
          70  1 0.1287 0.1340 0.1296 0.1416 0.0143 0.0259 0.1602 0.1300 0.1355 
          71  1 0.1465 0.1168 0.1164 0.1149 0.0124 0.0370 0.1080 0.1751 0.1727 
          72  1 0.1309 0.1107 0.1089 0.0995 0.0489 0.0982 0.0839 0.1614 0.1577 
          73  1 0.1518 0.1347 0.1191 0.1150 0.0144 0.0320 0.1046 0.1781 0.1502 
          74  1 0.1322 0.1298 0.1536 0.1222 0.0100 0.0228 0.1405 0.1406 0.1482 
          75  1 0.1641 0.1193 0.1158 0.1077 0.0371 0.0472 0.0916 0.1706 0.1467 
          76  1 0.1190 0.1237 0.1484 0.1164 0.0207 0.0163 0.1562 0.1622 0.1371 
          77  1 0.1448 0.1273 0.1402 0.1264 0.0086 0.0097 0.1482 0.1573 0.1375 
          78  1 0.1433 0.1416 0.1391 0.1749 0.0089 0.0370 0.1113 0.1086 0.1353 
          79  1 0.1693 0.1784 0.1348 0.1156 0.0119 0.0087 0.1105 0.1309 0.1399 
          80  1 0.1539 0.1438 0.1279 0.1110 0.0107 0.0159 0.1077 0.1901 0.1390 
          81  1 0.1508 0.1327 0.1195 0.1183 0.0243 0.0464 0.1087 0.1489 0.1505 
          82  1 0.1494 0.1490 0.1226 0.1179 0.0189 0.0244 0.1025 0.1656 0.1496 
          83  1 0.1337 0.1611 0.1236 0.1300 0.0173 0.0680 0.1240 0.1143 0.1280 
          84  1 0.1665 0.1423 0.1382 0.1815 0.0270 0.0163 0.1061 0.1019 0.1201 
          85  1 0.1451 0.1564 0.1338 0.1894 0.0238 0.0103 0.1103 0.1056 0.1252 
          86  1 0.1615 0.1615 0.1007 0.1653 0.0311 0.0130 0.0949 0.1476 0.1243 
          87  1 0.1466 0.1129 0.1063 0.0853 0.0191 0.0688 0.1002 0.2111 0.1496 
          88  1 0.1487 0.1735 0.1338 0.1285 0.0118 0.0207 0.1226 0.1340 0.1264 
          89  1 0.1430 0.1496 0.1303 0.1532 0.0144 0.0199 0.1061 0.1426 0.1409 
          90  1 0.1379 0.1265 0.1334 0.1391 0.0243 0.0219 0.1512 0.1269 0.1387 
          91  1 0.1552 0.1517 0.1261 0.1628 0.0198 0.0117 0.1250 0.1160 0.1317 
          92  1 0.1337 0.1267 0.1280 0.1406 0.0339 0.0135 0.1693 0.1232 0.1311 
          93  1 0.1578 0.1347 0.1109 0.1842 0.0210 0.0724 0.0986 0.0870 0.1336 
          94  1 0.1401 0.1529 0.1243 0.1479 0.0136 0.0123 0.1115 0.1580 0.1392 
          95  1 0.1760 0.1218 0.1247 0.1637 0.0092 0.0287 0.1074 0.1201 0.1484 
          96  1 0.1314 0.1482 0.1098 0.2029 0.0893 0.0633 0.0882 0.0665 0.1003 
          97  1 0.0898 0.1060 0.1825 0.0652 0.0141 0.0105 0.2058 0.1912 0.1348 
          98  1 0.1418 0.1279 0.1358 0.1564 0.0208 0.0317 0.1313 0.1217 0.1325 
          99  1 0.1295 0.1382 0.1348 0.1693 0.0183 0.0220 0.1604 0.1041 0.1236 
         100  1 0.1456 0.1294 0.1416 0.1663 0.0340 0.0176 0.1529 0.0943 0.1182 
         101  1 0.1648 0.1512 0.1460 0.1917 0.0122 0.0111 0.1048 0.0999 0.1183 
         102  1 0.1589 0.1287 0.1322 0.1500 0.0075 0.0158 0.1181 0.1394 0.1494 
         103  1 0.1340 0.1561 0.1189 0.1081 0.0095 0.0133 0.1144 0.2035 0.1422 
         104  1 0.1673 0.1213 0.1261 0.1128 0.0130 0.0137 0.1191 0.1642 0.1625 
         105  1 0.0953 0.0931 0.1415 0.0980 0.0972 0.0405 0.1586 0.1523 0.1236 
         106  1 0.1364 0.1530 0.1311 0.1477 0.0116 0.0095 0.1456 0.1362 0.1289 
         107  1 0.1274 0.1178 0.1222 0.1363 0.0603 0.0758 0.1387 0.1025 0.1191 
         108  1 0.1407 0.1555 0.1329 0.1831 0.0148 0.0288 0.1223 0.0972 0.1246 
         109  1 0.1511 0.1479 0.1337 0.1413 0.0111 0.0088 0.1300 0.1256 0.1505 
         110  1 0.1849 0.1554 0.1176 0.1058 0.0099 0.0092 0.1127 0.1703 0.1343 
         111  1 0.1378 0.1575 0.1356 0.1687 0.0077 0.0576 0.1151 0.1060 0.1142 
         112  1 0.1496 0.1372 0.1310 0.1432 0.0211 0.0129 0.1422 0.1293 0.1335 
         113  1 0.1681 0.1455 0.1253 0.2027 0.0128 0.0119 0.0984 0.0972 0.1380 
         114  1 0.1440 0.1462 0.1003 0.0949 0.0236 0.1116 0.0945 0.1513 0.1334 
         115  1 0.1337 0.1542 0.1374 0.1319 0.0312 0.0244 0.1436 0.1280 0.1156 
         116  1 0.1376 0.1533 0.1309 0.1561 0.0357 0.0214 0.1327 0.1024 0.1300 
         117  1 0.1257 0.0978 0.1670 0.1235 0.0197 0.0238 0.1717 0.1312 0.1395 
         118  1 0.1429 0.1265 0.1389 0.1288 0.0141 0.0106 0.1564 0.1436 0.1382 
         119  1 0.1315 0.1223 0.1259 0.1366 0.0384 0.0580 0.1211 0.1286 0.1374 
         120  1 0.1434 0.1571 0.1281 0.1140 0.0217 0.0332 0.1064 0.1535 0.1425 
         121  1 0.1574 0.1331 0.1235 0.1231 0.0196 0.0108 0.1356 0.1501 0.1468 
         122  1 0.1479 0.1705 0.1165 0.1270 0.0566 0.0199 0.1286 0.1188 0.1141 
         123  1 0.1338 0.1301 0.1137 0.1359 0.0515 0.0885 0.1056 0.1046 0.1364 
         124  1 0.1630 0.1422 0.1254 0.1212 0.0283 0.0203 0.1294 0.1363 0.1339 
         125  1 0.1646 0.1196 0.1349 0.1562 0.0162 0.0111 0.1279 0.1227 0.1467 
         126  1 0.1427 0.1370 0.1148 0.1124 0.0366 0.0469 0.1033 0.1556 0.1507 
         127  1 0.1395 0.1155 0.1322 0.1145 0.0483 0.0143 0.1432 0.1491 0.1434 
         128  1 0.1104 0.1125 0.1504 0.1194 0.0175 0.0292 0.1767 0.1445 0.1395 
         129  1 0.1151 0.1148 0.1191 0.1139 0.0138 0.1658 0.1132 0.1201 0.1243 
         130  1 0.0593 0.0667 0.0556 0.0666 0.1344 0.4458 0.0556 0.0520 0.0641 
         131  1 0.1611 0.1366 0.1204 0.1168 0.0128 0.0194 0.1343 0.1477 0.1510 
         132  1 0.1490 0.1179 0.1304 0.1210 0.0173 0.0160 0.1487 0.1492 0.1503 
         133  1 0.1160 0.1100 0.1382 0.1303 0.0728 0.0336 0.1616 0.1204 0.1171 
         134  1 0.1533 0.1678 0.1273 0.1863 0.0159 0.0164 0.1153 0.1043 0.1135 
         135  1 0.1611 0.1333 0.1288 0.1296 0.0106 0.0159 0.1130 0.1647 0.1430 
         136  1 0.1193 0.1137 0.1360 0.1358 0.0263 0.0254 0.1845 0.1193 0.1397 
         137  1 0.0480 0.0596 0.2120 0.0314 0.0197 0.0240 0.2597 0.2092 0.1363 
         138  1 0.0916 0.0997 0.1550 0.0775 0.0810 0.0168 0.1915 0.1621 0.1247 
         139  1 0.0600 0.0800 0.1961 0.0703 0.0244 0.0151 0.2413 0.1852 0.1277 
         140  1 0.0857 0.0954 0.1272 0.1012 0.1928 0.0753 0.1261 0.1043 0.0922 
         141  1 0.0441 0.0455 0.0409 0.0562 0.0376 0.6534 0.0371 0.0326 0.0526 
         142  1 0.1452 0.1593 0.1310 0.1815 0.0248 0.0234 0.1126 0.0940 0.1282 
         143  1 0.0874 0.0986 0.0879 0.0891 0.1860 0.1386 0.1022 0.1009 0.1093 
         144  1 0.1398 0.1571 0.1275 0.1815 0.0107 0.0215 0.1042 0.1267 0.1310 
         145  1 0.1232 0.1580 0.1344 0.1557 0.0219 0.0206 0.1180 0.1296 0.1385 
         146  1 0.1110 0.1579 0.1357 0.1646 0.0207 0.0399 0.1284 0.1235 0.1182 
         147  1 0.1009 0.1096 0.1291 0.1014 0.0403 0.0729 0.1705 0.1506 0.1246 
         148  1 0.1242 0.1837 0.1177 0.1361 0.0119 0.0182 0.1069 0.1534 0.1480 
         149  1 0.1629 0.1536 0.1248 0.1740 0.0215 0.0267 0.1109 0.1127 0.1129 
         150  1 0.1365 0.1783 0.1205 0.1839 0.0090 0.0100 0.1021 0.1196 0.1401 
         151  1 0.1056 0.1140 0.1452 0.1466 0.0322 0.0177 0.1878 0.1178 0.1331 
         152  1 0.0866 0.0889 0.1969 0.0808 0.0223 0.0253 0.2107 0.1648 0.1237 
         153  1 0.0998 0.1133 0.1257 0.1485 0.1691 0.0267 0.1187 0.0903 0.1080 
         154  1 0.1151 0.1241 0.1534 0.1338 0.0127 0.0114 0.2051 0.1207 0.1238 
         155  1 0.1358 0.1275 0.1453 0.1451 0.0249 0.0234 0.1419 0.1284 0.1278 
         156  1 0.1332 0.1552 0.1269 0.1417 0.0444 0.0346 0.1308 0.1198 0.1134 
         157  1 0.1509 0.1412 0.1406 0.1629 0.0157 0.0211 0.1199 0.1209 0.1268 
         158  1 0.1319 0.1219 0.1317 0.1025 0.0174 0.0416 0.1660 0.1459 0.1410 
         159  1 0.1225 0.1492 0.1236 0.1645 0.0256 0.0085 0.1606 0.1180 0.1276 
         160  1 0.1260 0.1345 0.1573 0.1713 0.0249 0.0200 0.1389 0.1002 0.1270 
         161  1 0.1091 0.1228 0.1458 0.1304 0.0213 0.0139 0.2103 0.1206 0.1259 
         162  1 0.1347 0.1196 0.1300 0.1446 0.0241 0.0302 0.1463 0.1266 0.1439 
         163  1 0.1008 0.0763 0.1923 0.0902 0.0227 0.0215 0.1970 0.1641 0.1352 
         164  1 0.1047 0.0664 0.2020 0.0783 0.0119 0.0117 0.2071 0.1713 0.1467 
         165  1 0.1441 0.1595 0.1263 0.1217 0.0286 0.0102 0.1221 0.1491 0.1386 
         166  1 0.1305 0.1227 0.1287 0.1269 0.0605 0.0387 0.1270 0.1324 0.1325 
         167  1 0.0722 0.0730 0.2103 0.0616 0.0179 0.0118 0.2339 0.1929 0.1264 
         168  1 0.1542 0.1172 0.1547 0.1573 0.0160 0.0240 0.1281 0.1167 0.1318 
         169  1 0.1154 0.1097 0.1522 0.1334 0.0705 0.0295 0.1493 0.1201 0.1199 
         170  1 0.1066 0.1301 0.1102 0.1487 0.1749 0.0301 0.1056 0.0861 0.1077 
         171  1 0.0644 0.0766 0.1973 0.0564 0.0331 0.0113 0.2434 0.1924 0.1250 
         172  1 0.0989 0.1033 0.1476 0.1102 0.0425 0.0970 0.1546 0.1292 0.1168 
         173  1 0.1183 0.0856 0.1713 0.0973 0.0120 0.0311 0.1785 0.1625 0.1434 
         174  1 0.1085 0.0788 0.1890 0.0895 0.0117 0.0160 0.1999 0.1669 0.1398 
         175  1 0.1278 0.1237 0.1463 0.1106 0.0288 0.0418 0.1529 0.1351 0.1331 
         176  1 0.1157 0.1185 0.1410 0.1385 0.0571 0.0340 0.1483 0.1150 0.1317 
         177  1 0.0575 0.0678 0.0498 0.0757 0.4583 0.1501 0.0447 0.0397 0.0565 
         178  1 0.0701 0.0690 0.0583 0.0565 0.4491 0.0688 0.0537 0.0889 0.0856 
         179  1 0.0249 0.0295 0.0289 0.0291 0.7929 0.0124 0.0277 0.0258 0.0288 
         180  1 0.1236 0.1597 0.1339 0.1088 0.0235 0.0084 0.1099 0.1800 0.1522 
         181  1 0.0247 0.0275 0.0272 0.0301 0.7906 0.0216 0.0290 0.0241 0.0252 
         182  1 0.0523 0.0594 0.0499 0.0561 0.5633 0.0723 0.0466 0.0456 0.0545 
         183  1 0.0713 0.0715 0.0796 0.0843 0.4231 0.0639 0.0739 0.0616 0.0709 
         184  1 0.0849 0.1155 0.0821 0.0946 0.2888 0.0976 0.0762 0.0804 0.0800 
         185  1 0.0547 0.0521 0.0602 0.0531 0.4822 0.1421 0.0539 0.0485 0.0534 
         186  1 0.0818 0.0946 0.0789 0.0684 0.3349 0.0888 0.0663 0.0946 0.0916 
         187  1 0.1173 0.1060 0.1199 0.1193 0.0458 0.1616 0.1145 0.1072 0.1085 
         188  1 0.1004 0.1501 0.1141 0.1089 0.0727 0.0899 0.1021 0.1253 0.1367 
         189  1 0.0193 0.0202 0.0217 0.0197 0.8314 0.0203 0.0224 0.0232 0.0218 
         190  1 0.0995 0.1080 0.0964 0.1287 0.2398 0.0099 0.1131 0.0919 0.1126 
         191  1 0.1145 0.1125 0.0863 0.0722 0.0596 0.1568 0.0726 0.1849 0.1407 
         192  1 0.0120 0.0118 0.0100 0.0122 0.8960 0.0207 0.0126 0.0119 0.0127 
         193  1 0.0108 0.0116 0.0111 0.0102 0.9093 0.0143 0.0107 0.0109 0.0112 
         194  1 0.0201 0.0225 0.0225 0.0181 0.8310 0.0205 0.0176 0.0211 0.0265 
         195  1 0.0133 0.0147 0.0132 0.0153 0.8867 0.0128 0.0159 0.0141 0.0140 
         196  1 0.0279 0.0289 0.0280 0.0268 0.7138 0.0908 0.0283 0.0269 0.0287 
         197  1 0.0112 0.0109 0.0103 0.0122 0.9071 0.0115 0.0135 0.0112 0.0122 
         198  1 0.0354 0.0415 0.0449 0.0399 0.6956 0.0151 0.0488 0.0352 0.0436 
         199  1 0.0309 0.0347 0.0318 0.0290 0.7679 0.0108 0.0250 0.0307 0.0392 
         200  1 0.0842 0.0891 0.0807 0.1276 0.3670 0.0775 0.0552 0.0478 0.0710 
         201  1 0.1063 0.1055 0.0976 0.1075 0.0437 0.2519 0.0863 0.0915 0.1097 
         202  1 0.0177 0.0164 0.0176 0.0219 0.8628 0.0098 0.0176 0.0179 0.0185 
         203  1 0.0324 0.0372 0.0415 0.0322 0.6907 0.0458 0.0428 0.0407 0.0366 
         204  1 0.0132 0.0134 0.0138 0.0136 0.8859 0.0236 0.0120 0.0114 0.0131 
         205  1 0.0250 0.0252 0.0258 0.0268 0.7982 0.0174 0.0273 0.0280 0.0261 
         206  1 0.0384 0.0433 0.0398 0.0410 0.6234 0.0998 0.0397 0.0348 0.0397 
         207  1 0.0834 0.0793 0.0694 0.0646 0.1033 0.3197 0.0564 0.1271 0.0966 
         208  1 0.0113 0.0121 0.0114 0.0130 0.0090 0.9020 0.0116 0.0114 0.0183 
         209  1 0.0976 0.1055 0.0864 0.1247 0.0720 0.2717 0.0760 0.0740 0.0920 
         210  1 0.0163 0.0209 0.0184 0.0199 0.0656 0.8001 0.0170 0.0175 0.0242 
         211  1 0.0315 0.0310 0.0357 0.0408 0.0138 0.7452 0.0335 0.0306 0.0380 
         212  1 0.0529 0.0536 0.0461 0.0562 0.6076 0.0403 0.0412 0.0458 0.0564 
         213  1 0.0303 0.0328 0.0285 0.0285 0.0185 0.7769 0.0224 0.0281 0.0339 
         214  1 0.0347 0.0393 0.0361 0.0379 0.1237 0.6095 0.0303 0.0414 0.0472 
         215  1 0.0148 0.0173 0.0133 0.0161 0.7938 0.0973 0.0141 0.0153 0.0180 
         216  1 0.0417 0.0416 0.0398 0.0450 0.3640 0.3323 0.0413 0.0422 0.0521 
         217  1 0.0236 0.0250 0.0250 0.0285 0.6443 0.1806 0.0240 0.0225 0.0263 
         218  1 0.0233 0.0218 0.0230 0.0256 0.8210 0.0139 0.0252 0.0238 0.0223 
         219  1 0.0336 0.0380 0.0302 0.0283 0.1081 0.6212 0.0286 0.0575 0.0545 
         220  1 0.0683 0.0773 0.0607 0.0936 0.1397 0.3708 0.0569 0.0579 0.0748 
         221  1 0.0816 0.0844 0.0959 0.0884 0.0332 0.3438 0.0870 0.0827 0.1031 
         222  1 0.0189 0.0176 0.0219 0.0209 0.0423 0.8114 0.0227 0.0203 0.0239 
         223  1 0.0179 0.0169 0.0181 0.0169 0.8522 0.0255 0.0169 0.0176 0.0180 
         224  1 0.1387 0.1495 0.1278 0.1469 0.0695 0.0356 0.1000 0.1020 0.1300 
         225  1 0.0980 0.1066 0.0734 0.0915 0.3281 0.0550 0.0770 0.0863 0.0842 
         226  1 0.0224 0.0218 0.0208 0.0230 0.8115 0.0351 0.0213 0.0194 0.0247 
         227  1 0.0909 0.0796 0.0733 0.0705 0.3238 0.0888 0.0658 0.1097 0.0977 
         228  1 0.0560 0.0579 0.0483 0.0484 0.6186 0.0291 0.0416 0.0448 0.0553 
         229  1 0.0177 0.0189 0.0203 0.0222 0.0173 0.8400 0.0194 0.0194 0.0248 
         230  1 0.0295 0.0316 0.0310 0.0304 0.0153 0.7751 0.0276 0.0290 0.0305 
         231  1 0.0182 0.0192 0.0182 0.0172 0.8162 0.0537 0.0185 0.0191 0.0197 
         232  1 0.0183 0.0182 0.0184 0.0200 0.0202 0.8582 0.0165 0.0132 0.0170 
         233  1 0.0302 0.0315 0.0298 0.0288 0.0267 0.7664 0.0268 0.0287 0.0310 
         234  1 0.1148 0.1062 0.1536 0.1111 0.0285 0.0249 0.1790 0.1420 0.1399 
         235  1 0.0548 0.0548 0.0481 0.0569 0.0294 0.6163 0.0443 0.0432 0.0523 
         236  1 0.0311 0.0340 0.0250 0.0238 0.0128 0.7404 0.0216 0.0593 0.0519 
         237  1 0.0409 0.0480 0.0403 0.0407 0.0509 0.6308 0.0382 0.0588 0.0514 
         238  1 0.0330 0.0370 0.0403 0.0357 0.2739 0.4548 0.0437 0.0386 0.0430 
         239  1 0.0588 0.0548 0.0507 0.0756 0.0249 0.6057 0.0458 0.0327 0.0509 
         240  1 0.0654 0.0715 0.0622 0.1013 0.0312 0.5237 0.0448 0.0416 0.0583 
         241  1 0.1306 0.1257 0.1426 0.1556 0.0527 0.0341 0.1520 0.0909 0.1158 
         242  1 0.0898 0.0875 0.0770 0.0873 0.0929 0.3440 0.0705 0.0721 0.0788 
         243  1 0.0277 0.0304 0.0246 0.0276 0.0193 0.7749 0.0294 0.0327 0.0334 
         244  1 0.0879 0.0874 0.1100 0.0874 0.0920 0.2009 0.1182 0.1089 0.1073 
         245  1 0.0144 0.0140 0.0154 0.0143 0.0174 0.8775 0.0132 0.0191 0.0147 
         246  1 0.0602 0.0563 0.0532 0.0501 0.1140 0.4460 0.0524 0.0900 0.0779 
         247  1 0.0543 0.0582 0.0531 0.0680 0.0672 0.5412 0.0555 0.0488 0.0537 
         248  1 0.0449 0.0484 0.0437 0.0449 0.0738 0.6176 0.0415 0.0394 0.0457 
         249  1 0.0970 0.0906 0.0839 0.1020 0.0267 0.3374 0.0612 0.0989 0.1023 
         250  1 0.0893 0.0869 0.1316 0.0825 0.0628 0.1635 0.1354 0.1286 0.1193 
         251  1 0.0123 0.0152 0.0170 0.0137 0.0472 0.8429 0.0180 0.0160 0.0178 
         252  1 0.0186 0.0226 0.0196 0.0192 0.0123 0.8306 0.0239 0.0264 0.0269 
         253  1 0.0411 0.0403 0.0407 0.0368 0.1582 0.5747 0.0370 0.0318 0.0394 
         254  1 0.0727 0.0856 0.0644 0.0725 0.0558 0.4313 0.0586 0.0794 0.0797 
         255  1 0.0169 0.0197 0.0158 0.0187 0.0680 0.7989 0.0162 0.0204 0.0254 
         256  1 0.0128 0.0121 0.0123 0.0120 0.0209 0.8949 0.0129 0.0111 0.0110 
         257  1 0.0152 0.0184 0.0175 0.0158 0.0435 0.8268 0.0152 0.0231 0.0244 
         258  1 0.0578 0.0640 0.0541 0.0696 0.0563 0.5474 0.0511 0.0410 0.0587 
         259  1 0.0476 0.0429 0.0468 0.0443 0.0677 0.6093 0.0441 0.0491 0.0481 
