           1  1 0.0362 0.1650 0.1173 0.1626 0.0290 0.1863 0.1580 0.1455 
           2  1 0.0113 0.1598 0.1779 0.1658 0.0214 0.1549 0.1590 0.1499 
           3  1 0.0447 0.1736 0.1192 0.1588 0.0110 0.1939 0.1751 0.1237 
           4  1 0.0102 0.1457 0.2133 0.1578 0.0092 0.1554 0.1360 0.1726 
           5  1 0.0313 0.1640 0.1370 0.1655 0.0125 0.2078 0.1688 0.1132 
           6  1 0.0362 0.0847 0.1067 0.0901 0.3826 0.1089 0.0874 0.1033 
           7  1 0.0119 0.1670 0.1493 0.1591 0.0572 0.1728 0.1605 0.1223 
           8  1 0.0132 0.2035 0.1311 0.1571 0.0090 0.1956 0.1829 0.1076 
           9  1 0.1676 0.1195 0.1327 0.1374 0.0430 0.1259 0.1540 0.1199 
          10  1 0.0151 0.1862 0.1186 0.1711 0.0336 0.2000 0.1689 0.1064 
          11  1 0.0887 0.1436 0.1232 0.1384 0.1139 0.1211 0.1477 0.1234 
          12  1 0.0187 0.1679 0.1419 0.1630 0.0297 0.1726 0.1969 0.1093 
          13  1 0.0846 0.0957 0.1041 0.0854 0.3549 0.0901 0.0876 0.0975 
          14  1 0.0333 0.1291 0.1770 0.1417 0.0977 0.1341 0.1203 0.1668 
          15  1 0.0201 0.1666 0.1483 0.1761 0.0268 0.1618 0.1772 0.1231 
          16  1 0.0196 0.1559 0.1547 0.1715 0.0232 0.1352 0.2011 0.1387 
          17  1 0.0144 0.1508 0.1585 0.1655 0.0139 0.1611 0.1586 0.1771 
          18  1 0.1978 0.1231 0.1210 0.1288 0.0429 0.1433 0.1266 0.1166 
          19  1 0.0113 0.1749 0.1149 0.1822 0.0279 0.1851 0.1782 0.1255 
          20  1 0.0390 0.1605 0.1511 0.1727 0.0182 0.1448 0.1798 0.1340 
          21  1 0.0225 0.1210 0.1920 0.1354 0.0968 0.1231 0.1224 0.1868 
          22  1 0.0101 0.1352 0.1811 0.1804 0.0246 0.1303 0.1681 0.1704 
          23  1 0.0259 0.1717 0.1267 0.1640 0.0092 0.1867 0.1953 0.1204 
          24  1 0.0268 0.0958 0.2615 0.1328 0.0392 0.1028 0.0906 0.2505 
          25  1 0.0263 0.2043 0.1153 0.1618 0.0118 0.1772 0.1780 0.1253 
          26  1 0.0175 0.1447 0.1105 0.1477 0.1957 0.1337 0.1516 0.0984 
          27  1 0.0173 0.1528 0.1782 0.1616 0.0219 0.1409 0.1722 0.1550 
          28  1 0.0195 0.1549 0.1159 0.1714 0.0367 0.2312 0.1699 0.1006 
          29  1 0.0212 0.1639 0.1524 0.1550 0.0353 0.1580 0.1539 0.1603 
          30  1 0.1039 0.1496 0.1339 0.1422 0.0496 0.1512 0.1570 0.1125 
          31  1 0.1057 0.1990 0.1034 0.1274 0.0215 0.1484 0.1457 0.1489 
          32  1 0.0183 0.1708 0.1353 0.1661 0.0227 0.1795 0.1706 0.1368 
          33  1 0.0220 0.1300 0.2055 0.1469 0.0403 0.1348 0.1199 0.2006 
          34  1 0.0687 0.1566 0.1301 0.1615 0.0122 0.1609 0.1794 0.1306 
          35  1 0.0181 0.1966 0.1187 0.1425 0.0187 0.1747 0.1445 0.1861 
          36  1 0.1466 0.1176 0.1101 0.1128 0.1811 0.1137 0.1093 0.1089 
          37  1 0.0132 0.1459 0.1928 0.1705 0.0103 0.1302 0.1509 0.1862 
          38  1 0.0374 0.1365 0.1602 0.1555 0.0453 0.1520 0.1660 0.1472 
          39  1 0.0294 0.1231 0.1881 0.1546 0.0421 0.1177 0.1633 0.1817 
          40  1 0.0507 0.2196 0.0927 0.1385 0.0123 0.1601 0.1501 0.1759 
          41  1 0.3559 0.1095 0.0705 0.0821 0.0989 0.0956 0.1002 0.0872 
          42  1 0.0503 0.1558 0.1315 0.1490 0.0768 0.1526 0.1612 0.1227 
          43  1 0.0104 0.1311 0.2161 0.1506 0.0316 0.1448 0.1244 0.1909 
          44  1 0.0228 0.1972 0.1093 0.1688 0.0189 0.1841 0.1512 0.1477 
          45  1 0.0160 0.1664 0.1587 0.1630 0.0193 0.1618 0.1588 0.1560 
          46  1 0.0282 0.1234 0.2234 0.1377 0.0197 0.1260 0.1154 0.2261 
          47  1 0.0816 0.1574 0.1353 0.1554 0.0192 0.1660 0.1705 0.1147 
          48  1 0.0135 0.1156 0.2105 0.1587 0.0411 0.1184 0.1286 0.2136 
          49  1 0.0306 0.1742 0.1379 0.1578 0.0397 0.1692 0.1596 0.1312 
          50  1 0.0238 0.1415 0.1839 0.1516 0.0330 0.1435 0.1499 0.1729 
          51  1 0.0316 0.1494 0.1592 0.1588 0.0326 0.1456 0.1716 0.1513 
          52  1 0.0224 0.1572 0.1405 0.1674 0.0105 0.1589 0.2114 0.1316 
          53  1 0.0281 0.1937 0.1265 0.1681 0.0222 0.1622 0.1510 0.1482 
          54  1 0.0649 0.1250 0.1333 0.1290 0.1463 0.1419 0.1396 0.1201 
          55  1 0.0229 0.2070 0.0921 0.1568 0.0273 0.1847 0.1637 0.1454 
          56  1 0.0343 0.1607 0.1505 0.1778 0.0158 0.1442 0.1900 0.1266 
          57  1 0.0412 0.1889 0.1114 0.1477 0.0188 0.1612 0.1560 0.1749 
          58  1 0.0275 0.1666 0.1402 0.1727 0.0157 0.1777 0.1706 0.1290 
          59  1 0.0217 0.1358 0.1312 0.1552 0.1209 0.1549 0.1567 0.1236 
          60  1 0.0167 0.2073 0.1108 0.1321 0.0115 0.1764 0.1632 0.1819 
          61  1 0.0552 0.1147 0.1902 0.1304 0.0845 0.1266 0.1122 0.1862 
          62  1 0.0248 0.1640 0.1459 0.1578 0.0153 0.1701 0.1728 0.1492 
          63  1 0.0106 0.1589 0.1728 0.1608 0.0145 0.1778 0.1450 0.1598 
          64  1 0.0206 0.1379 0.1915 0.1658 0.0222 0.1324 0.1544 0.1752 
          65  1 0.0821 0.2096 0.0961 0.1259 0.0552 0.1477 0.1479 0.1355 
          66  1 0.0146 0.1557 0.1919 0.1449 0.0254 0.1339 0.1335 0.2001 
          67  1 0.3587 0.0707 0.0632 0.0618 0.2455 0.0670 0.0682 0.0650 
          68  1 0.0255 0.1159 0.2319 0.1363 0.0327 0.1202 0.1101 0.2274 
          69  1 0.0189 0.1845 0.1610 0.1583 0.0133 0.1440 0.1489 0.1711 
          70  1 0.0144 0.2052 0.1116 0.1623 0.0271 0.1886 0.1440 0.1467 
          71  1 0.0125 0.1667 0.1483 0.1535 0.0384 0.1664 0.1693 0.1448 
          72  1 0.0624 0.1440 0.1438 0.1332 0.1095 0.1261 0.1435 0.1376 
          73  1 0.0158 0.1426 0.1569 0.1532 0.0345 0.1477 0.1886 0.1606 
          74  1 0.0104 0.1452 0.1799 0.1560 0.0250 0.1508 0.1561 0.1767 
          75  1 0.0416 0.1504 0.1472 0.1434 0.0542 0.1560 0.1484 0.1588 
          76  1 0.0211 0.1285 0.2079 0.1606 0.0168 0.1316 0.1356 0.1979 
          77  1 0.0097 0.1746 0.1487 0.1600 0.0104 0.1768 0.1672 0.1528 
          78  1 0.0097 0.1604 0.1411 0.1646 0.0380 0.1968 0.1706 0.1189 
          79  1 0.0133 0.1621 0.1529 0.1770 0.0099 0.1558 0.1859 0.1432 
          80  1 0.0116 0.1621 0.1699 0.1551 0.0175 0.1585 0.1624 0.1630 
          81  1 0.0263 0.1524 0.1480 0.1666 0.0491 0.1512 0.1570 0.1494 
          82  1 0.0190 0.1480 0.1648 0.1523 0.0238 0.1489 0.1916 0.1517 
          83  1 0.0189 0.1395 0.1567 0.1418 0.0740 0.1621 0.1532 0.1539 
          84  1 0.0303 0.1787 0.1338 0.1587 0.0179 0.1919 0.1690 0.1197 
          85  1 0.0235 0.1747 0.1282 0.1675 0.0116 0.1935 0.1851 0.1160 
          86  1 0.0382 0.1584 0.1264 0.1642 0.0138 0.1815 0.2053 0.1121 
          87  1 0.0211 0.1482 0.1519 0.1608 0.0736 0.1183 0.1657 0.1604 
          88  1 0.0126 0.1631 0.1691 0.1606 0.0249 0.1487 0.1712 0.1498 
          89  1 0.0145 0.1513 0.1625 0.1618 0.0225 0.1490 0.1936 0.1449 
          90  1 0.0251 0.2205 0.1075 0.1406 0.0236 0.1809 0.1527 0.1492 
          91  1 0.0235 0.1706 0.1440 0.1597 0.0127 0.1885 0.1733 0.1277 
          92  1 0.0337 0.2337 0.0970 0.1448 0.0139 0.1756 0.1461 0.1553 
          93  1 0.0217 0.1650 0.1171 0.1547 0.0787 0.1840 0.1812 0.0974 
          94  1 0.0143 0.1492 0.1579 0.1692 0.0136 0.1668 0.1952 0.1338 
          95  1 0.0110 0.1724 0.1455 0.1752 0.0343 0.1728 0.1678 0.1209 
          96  1 0.1394 0.1244 0.0888 0.1463 0.0753 0.1934 0.1422 0.0904 
          97  1 0.0153 0.0846 0.2770 0.1410 0.0107 0.0950 0.0964 0.2799 
          98  1 0.0225 0.1699 0.1666 0.1555 0.0344 0.1564 0.1427 0.1521 
          99  1 0.0189 0.2129 0.1066 0.1522 0.0236 0.1884 0.1631 0.1343 
         100  1 0.0393 0.1893 0.1205 0.1579 0.0199 0.1769 0.1691 0.1271 
         101  1 0.0129 0.1584 0.1425 0.1766 0.0118 0.1972 0.1839 0.1166 
         102  1 0.0083 0.1793 0.1453 0.1677 0.0170 0.1788 0.1743 0.1293 
         103  1 0.0103 0.1406 0.1852 0.1913 0.0139 0.1272 0.1879 0.1436 
         104  1 0.0152 0.1586 0.1670 0.1679 0.0149 0.1485 0.1593 0.1686 
         105  1 0.1108 0.1070 0.1931 0.1197 0.0420 0.1101 0.1160 0.2012 
         106  1 0.0117 0.1878 0.1352 0.1716 0.0104 0.1739 0.1750 0.1344 
         107  1 0.0740 0.1759 0.1169 0.1301 0.0953 0.1343 0.1493 0.1242 
         108  1 0.0162 0.1578 0.1436 0.1675 0.0301 0.1836 0.1603 0.1410 
         109  1 0.0139 0.1763 0.1280 0.1772 0.0100 0.1793 0.1636 0.1517 
         110  1 0.0104 0.1623 0.1768 0.1738 0.0095 0.1414 0.1666 0.1592 
         111  1 0.0086 0.1477 0.1365 0.1762 0.0651 0.1827 0.1524 0.1307 
         112  1 0.0213 0.2148 0.1101 0.1558 0.0138 0.1821 0.1702 0.1320 
         113  1 0.0152 0.1544 0.1177 0.1880 0.0123 0.2077 0.1971 0.1078 
         114  1 0.0268 0.1388 0.1401 0.1348 0.1265 0.1479 0.1507 0.1345 
         115  1 0.0329 0.1561 0.1521 0.1558 0.0277 0.1599 0.1527 0.1629 
         116  1 0.0386 0.1600 0.1208 0.1725 0.0225 0.1752 0.1538 0.1566 
         117  1 0.0205 0.1573 0.1737 0.1398 0.0242 0.1566 0.1356 0.1922 
         118  1 0.0162 0.1791 0.1504 0.1549 0.0107 0.1678 0.1540 0.1669 
         119  1 0.0455 0.1481 0.1463 0.1388 0.0708 0.1534 0.1498 0.1473 
         120  1 0.0245 0.1508 0.1387 0.1737 0.0377 0.1534 0.1842 0.1370 
         121  1 0.0205 0.1796 0.1272 0.1696 0.0112 0.1631 0.1776 0.1512 
         122  1 0.0643 0.1428 0.1562 0.1563 0.0215 0.1542 0.1761 0.1287 
         123  1 0.0592 0.1521 0.1262 0.1405 0.1070 0.1561 0.1453 0.1135 
         124  1 0.0310 0.1787 0.1578 0.1528 0.0207 0.1538 0.1589 0.1465 
         125  1 0.0176 0.1586 0.1584 0.1761 0.0116 0.1731 0.1591 0.1456 
         126  1 0.0419 0.1543 0.1459 0.1544 0.0586 0.1431 0.1803 0.1214 
         127  1 0.0489 0.1924 0.1301 0.1462 0.0143 0.1544 0.1586 0.1551 
         128  1 0.0180 0.1825 0.1441 0.1343 0.0299 0.1568 0.1402 0.1941 
         129  1 0.0151 0.1171 0.1361 0.1288 0.1773 0.1354 0.1513 0.1389 
         130  1 0.1524 0.0648 0.0471 0.0617 0.4951 0.0640 0.0599 0.0550 
         131  1 0.0133 0.1877 0.1408 0.1709 0.0210 0.1687 0.1512 0.1463 
         132  1 0.0182 0.1932 0.1104 0.1702 0.0169 0.1683 0.1525 0.1702 
         133  1 0.0763 0.1391 0.1650 0.1461 0.0361 0.1471 0.1207 0.1696 
         134  1 0.0173 0.1397 0.1398 0.1890 0.0157 0.1897 0.1684 0.1403 
         135  1 0.0107 0.1907 0.1579 0.1746 0.0171 0.1731 0.1520 0.1239 
         136  1 0.0281 0.2319 0.0738 0.1309 0.0273 0.1758 0.1568 0.1755 
         137  1 0.0204 0.0631 0.3333 0.1149 0.0253 0.0692 0.0422 0.3316 
         138  1 0.0881 0.0916 0.2336 0.1246 0.0169 0.1115 0.0992 0.2345 
         139  1 0.0265 0.0788 0.2978 0.1204 0.0157 0.0866 0.0752 0.2991 
         140  1 0.2081 0.1105 0.1277 0.1048 0.0777 0.1130 0.1075 0.1508 
         141  1 0.0628 0.0346 0.0372 0.0416 0.6903 0.0509 0.0475 0.0350 
         142  1 0.0300 0.1750 0.1239 0.1771 0.0283 0.1768 0.1741 0.1147 
         143  1 0.2287 0.0882 0.1228 0.1002 0.1404 0.0943 0.1076 0.1178 
         144  1 0.0113 0.1582 0.1343 0.1918 0.0246 0.1845 0.1881 0.1072 
         145  1 0.0232 0.1649 0.1428 0.1775 0.0247 0.1617 0.1977 0.1075 
         146  1 0.0256 0.1416 0.1395 0.1726 0.0461 0.1724 0.1628 0.1394 
         147  1 0.0485 0.1062 0.2091 0.1268 0.0769 0.1123 0.1067 0.2135 
         148  1 0.0125 0.1525 0.1567 0.1944 0.0192 0.1550 0.1903 0.1193 
         149  1 0.0270 0.1663 0.1314 0.1785 0.0321 0.1801 0.1711 0.1136 
         150  1 0.0096 0.1719 0.1421 0.2020 0.0112 0.1776 0.1866 0.0992 
         151  1 0.0317 0.1852 0.1322 0.1429 0.0191 0.1690 0.1469 0.1731 
         152  1 0.0233 0.0880 0.2836 0.1279 0.0252 0.1014 0.0657 0.2849 
         153  1 0.1858 0.1185 0.1451 0.1328 0.0268 0.1497 0.1066 0.1348 
         154  1 0.0133 0.2399 0.0930 0.1362 0.0122 0.1692 0.1522 0.1840 
         155  1 0.0261 0.1565 0.1648 0.1490 0.0235 0.1759 0.1517 0.1524 
         156  1 0.0533 0.1426 0.1518 0.1561 0.0377 0.1618 0.1632 0.1335 
         157  1 0.0170 0.1479 0.1779 0.1689 0.0232 0.1688 0.1539 0.1424 
         158  1 0.0173 0.1314 0.2062 0.1592 0.0382 0.1312 0.1310 0.1855 
         159  1 0.0237 0.1918 0.0993 0.1616 0.0089 0.1988 0.1716 0.1442 
         160  1 0.0301 0.1474 0.1542 0.1490 0.0242 0.1816 0.1440 0.1694 
         161  1 0.0194 0.2226 0.0987 0.1398 0.0142 0.1692 0.1500 0.1861 
         162  1 0.0259 0.1565 0.1425 0.1676 0.0337 0.1615 0.1617 0.1506 
         163  1 0.0245 0.0896 0.2935 0.1341 0.0214 0.0994 0.0774 0.2602 
         164  1 0.0126 0.1046 0.2934 0.1432 0.0124 0.0918 0.0798 0.2624 
         165  1 0.0300 0.1479 0.1610 0.1690 0.0098 0.1465 0.1942 0.1416 
         166  1 0.0716 0.1392 0.1530 0.1532 0.0426 0.1323 0.1643 0.1438 
         167  1 0.0201 0.0768 0.3035 0.1256 0.0133 0.0873 0.0706 0.3028 
         168  1 0.0167 0.1652 0.1695 0.1568 0.0273 0.1661 0.1478 0.1506 
         169  1 0.0755 0.1404 0.1865 0.1360 0.0319 0.1335 0.1277 0.1685 
         170  1 0.2075 0.1360 0.0951 0.1316 0.0334 0.1522 0.1439 0.1004 
         171  1 0.0371 0.0644 0.3011 0.1323 0.0121 0.0794 0.0737 0.2999 
         172  1 0.0487 0.1263 0.1798 0.1232 0.1074 0.1096 0.1197 0.1854 
         173  1 0.0140 0.1199 0.2518 0.1395 0.0317 0.1121 0.1063 0.2246 
         174  1 0.0128 0.1028 0.2703 0.1360 0.0147 0.1077 0.0992 0.2565 
         175  1 0.0310 0.1269 0.2067 0.1417 0.0462 0.1267 0.1180 0.2027 
         176  1 0.0603 0.1716 0.1187 0.1381 0.0356 0.1680 0.1438 0.1640 
         177  1 0.5369 0.0546 0.0332 0.0544 0.1599 0.0668 0.0605 0.0336 
         178  1 0.4937 0.0653 0.0751 0.0651 0.0660 0.0741 0.0840 0.0766 
         179  1 0.8227 0.0290 0.0234 0.0289 0.0139 0.0266 0.0270 0.0285 
         180  1 0.0257 0.1454 0.1623 0.1859 0.0096 0.1377 0.1972 0.1362 
         181  1 0.8201 0.0286 0.0241 0.0260 0.0216 0.0260 0.0274 0.0261 
         182  1 0.6412 0.0476 0.0442 0.0490 0.0832 0.0457 0.0478 0.0414 
         183  1 0.4935 0.0791 0.0619 0.0676 0.0724 0.0802 0.0731 0.0722 
         184  1 0.3584 0.0837 0.0836 0.0912 0.1291 0.0880 0.0958 0.0703 
         185  1 0.4890 0.0497 0.0667 0.0508 0.1741 0.0565 0.0497 0.0635 
         186  1 0.3893 0.0748 0.0847 0.0961 0.1088 0.0699 0.0992 0.0773 
         187  1 0.0536 0.1349 0.0996 0.1209 0.2053 0.1339 0.1255 0.1262 
         188  1 0.0808 0.1277 0.1308 0.1738 0.1018 0.1249 0.1538 0.1064 
         189  1 0.8518 0.0194 0.0229 0.0213 0.0189 0.0218 0.0198 0.0240 
         190  1 0.2721 0.1192 0.1023 0.1271 0.0100 0.1254 0.1318 0.1121 
         191  1 0.0766 0.1173 0.1286 0.1270 0.1899 0.1012 0.1354 0.1239 
         192  1 0.9063 0.0128 0.0123 0.0122 0.0207 0.0113 0.0125 0.0119 
         193  1 0.9172 0.0114 0.0118 0.0107 0.0157 0.0110 0.0103 0.0119 
         194  1 0.8620 0.0191 0.0214 0.0193 0.0228 0.0163 0.0194 0.0197 
         195  1 0.8952 0.0162 0.0135 0.0156 0.0142 0.0165 0.0143 0.0144 
         196  1 0.7602 0.0262 0.0257 0.0250 0.0831 0.0269 0.0277 0.0253 
         197  1 0.9151 0.0124 0.0120 0.0125 0.0123 0.0113 0.0117 0.0127 
         198  1 0.7314 0.0538 0.0321 0.0385 0.0167 0.0412 0.0427 0.0435 
         199  1 0.8045 0.0319 0.0275 0.0331 0.0116 0.0289 0.0358 0.0267 
         200  1 0.4556 0.0805 0.0522 0.0792 0.0774 0.1029 0.0980 0.0542 
         201  1 0.0540 0.1220 0.0917 0.1119 0.2891 0.1174 0.1187 0.0953 
         202  1 0.8765 0.0216 0.0162 0.0183 0.0113 0.0190 0.0183 0.0190 
         203  1 0.7286 0.0396 0.0370 0.0356 0.0485 0.0345 0.0356 0.0406 
         204  1 0.8999 0.0128 0.0117 0.0119 0.0260 0.0119 0.0123 0.0133 
         205  1 0.8220 0.0254 0.0278 0.0276 0.0191 0.0256 0.0281 0.0243 
         206  1 0.6593 0.0434 0.0369 0.0418 0.1063 0.0369 0.0374 0.0379 
         207  1 0.1187 0.0933 0.0783 0.0901 0.3765 0.0689 0.0895 0.0846 
         208  1 0.0098 0.0118 0.0117 0.0118 0.9184 0.0133 0.0117 0.0114 
         209  1 0.0873 0.0963 0.0818 0.1022 0.3374 0.1109 0.1086 0.0754 
         210  1 0.0950 0.0167 0.0156 0.0176 0.7986 0.0207 0.0188 0.0170 
         211  1 0.0158 0.0352 0.0381 0.0360 0.7693 0.0380 0.0359 0.0317 
         212  1 0.6648 0.0487 0.0444 0.0564 0.0456 0.0469 0.0510 0.0422 
         213  1 0.0187 0.0297 0.0258 0.0269 0.8170 0.0275 0.0269 0.0276 
         214  1 0.1335 0.0408 0.0341 0.0354 0.6565 0.0296 0.0348 0.0353 
         215  1 0.8199 0.0160 0.0137 0.0135 0.0913 0.0161 0.0150 0.0146 
         216  1 0.4093 0.0373 0.0404 0.0429 0.3375 0.0442 0.0468 0.0416 
         217  1 0.6605 0.0290 0.0222 0.0252 0.1847 0.0282 0.0273 0.0230 
         218  1 0.8396 0.0246 0.0229 0.0242 0.0153 0.0238 0.0237 0.0258 
         219  1 0.1197 0.0360 0.0356 0.0341 0.6713 0.0257 0.0425 0.0351 
         220  1 0.1477 0.0805 0.0539 0.0760 0.4523 0.0697 0.0737 0.0462 
         221  1 0.0362 0.0873 0.1024 0.0914 0.3975 0.0925 0.0853 0.1075 
         222  1 0.0479 0.0179 0.0263 0.0177 0.8305 0.0195 0.0168 0.0234 
         223  1 0.8621 0.0180 0.0196 0.0179 0.0276 0.0189 0.0156 0.0203 
         224  1 0.0843 0.1564 0.1240 0.1609 0.0426 0.1735 0.1611 0.0973 
         225  1 0.3742 0.0918 0.0934 0.0994 0.0677 0.0889 0.1098 0.0748 
         226  1 0.8394 0.0200 0.0226 0.0207 0.0327 0.0202 0.0224 0.0219 
         227  1 0.3804 0.0868 0.0896 0.0864 0.1034 0.0837 0.0853 0.0845 
         228  1 0.6718 0.0499 0.0455 0.0521 0.0324 0.0500 0.0535 0.0448 
         229  1 0.0183 0.0190 0.0221 0.0188 0.8592 0.0230 0.0195 0.0201 
         230  1 0.0177 0.0289 0.0272 0.0260 0.8176 0.0274 0.0283 0.0268 
         231  1 0.8211 0.0198 0.0202 0.0197 0.0627 0.0187 0.0179 0.0199 
         232  1 0.0219 0.0177 0.0151 0.0160 0.8805 0.0177 0.0168 0.0144 
         233  1 0.0272 0.0276 0.0245 0.0299 0.8092 0.0271 0.0277 0.0269 
         234  1 0.0296 0.1537 0.1751 0.1451 0.0282 0.1363 0.1235 0.2084 
         235  1 0.0322 0.0558 0.0532 0.0564 0.6547 0.0497 0.0549 0.0429 
         236  1 0.0146 0.0300 0.0372 0.0346 0.7854 0.0302 0.0354 0.0325 
         237  1 0.0518 0.0464 0.0396 0.0465 0.6953 0.0431 0.0430 0.0342 
         238  1 0.3069 0.0414 0.0391 0.0351 0.4653 0.0353 0.0343 0.0427 
         239  1 0.0282 0.0517 0.0386 0.0571 0.6761 0.0587 0.0527 0.0368 
         240  1 0.0306 0.0652 0.0408 0.0661 0.6223 0.0788 0.0656 0.0307 
         241  1 0.0590 0.2127 0.1200 0.1309 0.0401 0.1479 0.1508 0.1386 
         242  1 0.1143 0.1000 0.0680 0.0794 0.3939 0.0889 0.0886 0.0670 
         243  1 0.0215 0.0282 0.0264 0.0339 0.8060 0.0246 0.0310 0.0284 
         244  1 0.1057 0.1084 0.1275 0.1067 0.2266 0.0911 0.0955 0.1386 
         245  1 0.0190 0.0144 0.0158 0.0129 0.8987 0.0123 0.0143 0.0125 
         246  1 0.1292 0.0600 0.0597 0.0546 0.5014 0.0616 0.0645 0.0691 
         247  1 0.0740 0.0568 0.0515 0.0538 0.5974 0.0549 0.0599 0.0516 
         248  1 0.0704 0.0455 0.0399 0.0393 0.6830 0.0448 0.0390 0.0381 
         249  1 0.0344 0.0949 0.0820 0.0932 0.4241 0.0929 0.1073 0.0713 
         250  1 0.0719 0.0896 0.1722 0.1128 0.1873 0.0898 0.0966 0.1799 
         251  1 0.0545 0.0152 0.0179 0.0150 0.8474 0.0155 0.0145 0.0200 
         252  1 0.0118 0.0211 0.0209 0.0227 0.8685 0.0174 0.0192 0.0185 
         253  1 0.1552 0.0356 0.0354 0.0342 0.6318 0.0351 0.0349 0.0379 
         254  1 0.0612 0.0806 0.0682 0.0765 0.5117 0.0689 0.0730 0.0599 
         255  1 0.0903 0.0190 0.0170 0.0188 0.8003 0.0196 0.0171 0.0178 
         256  1 0.0217 0.0130 0.0128 0.0111 0.9068 0.0119 0.0110 0.0116 
         257  1 0.0611 0.0155 0.0167 0.0164 0.8420 0.0145 0.0166 0.0172 
         258  1 0.0585 0.0551 0.0557 0.0591 0.6136 0.0593 0.0571 0.0415 
         259  1 0.0731 0.0486 0.0512 0.0442 0.6580 0.0387 0.0394 0.0468 
