           1  1 0.0929 0.4757 0.4314 
           2  1 0.0242 0.5713 0.4045 
           3  1 0.0303 0.4144 0.5553 
           4  1 0.0154 0.4748 0.5098 
           5  1 0.0320 0.4140 0.5540 
           6  1 0.5180 0.2053 0.2768 
           7  1 0.0521 0.5064 0.4415 
           8  1 0.0184 0.4688 0.5128 
           9  1 0.4746 0.3093 0.2161 
          10  1 0.0360 0.4073 0.5567 
          11  1 0.4177 0.3419 0.2404 
          12  1 0.0581 0.5490 0.3929 
          13  1 0.5604 0.2086 0.2310 
          14  1 0.1315 0.4360 0.4325 
          15  1 0.0469 0.5820 0.3712 
          16  1 0.0625 0.5871 0.3503 
          17  1 0.0211 0.5809 0.3980 
          18  1 0.3950 0.2658 0.3392 
          19  1 0.0365 0.5507 0.4129 
          20  1 0.0516 0.6170 0.3314 
          21  1 0.1045 0.4374 0.4581 
          22  1 0.0352 0.6543 0.3105 
          23  1 0.0257 0.4950 0.4793 
          24  1 0.0923 0.4261 0.4816 
          25  1 0.0283 0.4057 0.5660 
          26  1 0.2237 0.4170 0.3593 
          27  1 0.0399 0.5983 0.3618 
          28  1 0.0647 0.3849 0.5504 
          29  1 0.0566 0.4196 0.5238 
          30  1 0.2461 0.3961 0.3579 
          31  1 0.0935 0.3204 0.5861 
          32  1 0.0394 0.4684 0.4923 
          33  1 0.0466 0.3908 0.5626 
          34  1 0.0562 0.4515 0.4923 
          35  1 0.0333 0.3789 0.5878 
          36  1 0.5119 0.2105 0.2776 
          37  1 0.0210 0.6449 0.3341 
          38  1 0.1075 0.4779 0.4145 
          39  1 0.1027 0.5439 0.3534 
          40  1 0.0372 0.3297 0.6331 
          41  1 0.6396 0.1759 0.1846 
          42  1 0.1305 0.3692 0.5003 
          43  1 0.0312 0.5494 0.4194 
          44  1 0.0417 0.3849 0.5734 
          45  1 0.0429 0.5785 0.3787 
          46  1 0.0421 0.4326 0.5253 
          47  1 0.0897 0.4355 0.4748 
          48  1 0.0499 0.5607 0.3895 
          49  1 0.0835 0.4307 0.4858 
          50  1 0.0610 0.5766 0.3624 
          51  1 0.1118 0.5385 0.3498 
          52  1 0.0290 0.6187 0.3523 
          53  1 0.0667 0.5126 0.4207 
          54  1 0.4231 0.3477 0.2293 
          55  1 0.0447 0.3477 0.6076 
          56  1 0.0693 0.5917 0.3391 
          57  1 0.0724 0.3910 0.5366 
          58  1 0.0281 0.4298 0.5421 
          59  1 0.1367 0.3708 0.4925 
          60  1 0.0186 0.3247 0.6567 
          61  1 0.2206 0.3456 0.4338 
          62  1 0.0411 0.5364 0.4225 
          63  1 0.0229 0.4825 0.4946 
          64  1 0.0371 0.5759 0.3870 
          65  1 0.1487 0.3052 0.5460 
          66  1 0.0402 0.4136 0.5462 
          67  1 0.8421 0.0839 0.0740 
          68  1 0.0647 0.4098 0.5255 
          69  1 0.0263 0.3571 0.6166 
          70  1 0.0355 0.3882 0.5762 
          71  1 0.0638 0.5808 0.3554 
          72  1 0.3068 0.4256 0.2676 
          73  1 0.0648 0.5718 0.3635 
          74  1 0.0256 0.5865 0.3879 
          75  1 0.1918 0.4996 0.3086 
          76  1 0.0420 0.4761 0.4819 
          77  1 0.0165 0.4775 0.5060 
          78  1 0.0332 0.5535 0.4134 
          79  1 0.0186 0.6141 0.3673 
          80  1 0.0251 0.6080 0.3669 
          81  1 0.1189 0.5184 0.3627 
          82  1 0.0637 0.5977 0.3385 
          83  1 0.0855 0.5020 0.4125 
          84  1 0.0469 0.4656 0.4875 
          85  1 0.0291 0.5525 0.4184 
          86  1 0.0527 0.5359 0.4113 
          87  1 0.1296 0.5407 0.3297 
          88  1 0.0336 0.5890 0.3774 
          89  1 0.0409 0.6250 0.3341 
          90  1 0.0479 0.3492 0.6028 
          91  1 0.0336 0.4924 0.4740 
          92  1 0.0378 0.3465 0.6157 
          93  1 0.0906 0.5145 0.3949 
          94  1 0.0264 0.5869 0.3867 
          95  1 0.0329 0.5650 0.4021 
          96  1 0.5328 0.1962 0.2710 
          97  1 0.0220 0.4862 0.4918 
          98  1 0.0521 0.3660 0.5819 
          99  1 0.0449 0.3572 0.5978 
         100  1 0.0457 0.3756 0.5787 
         101  1 0.0220 0.5470 0.4310 
         102  1 0.0179 0.5743 0.4078 
         103  1 0.0216 0.6189 0.3595 
         104  1 0.0254 0.5874 0.3872 
         105  1 0.2881 0.3195 0.3924 
         106  1 0.0185 0.4910 0.4905 
         107  1 0.2586 0.3212 0.4202 
         108  1 0.0387 0.4286 0.5327 
         109  1 0.0187 0.5166 0.4646 
         110  1 0.0174 0.6353 0.3473 
         111  1 0.0474 0.5503 0.4023 
         112  1 0.0396 0.4514 0.5091 
         113  1 0.0234 0.5778 0.3988 
         114  1 0.2352 0.4857 0.2791 
         115  1 0.0541 0.4688 0.4771 
         116  1 0.0505 0.3909 0.5586 
         117  1 0.0522 0.4209 0.5269 
         118  1 0.0215 0.5264 0.4521 
         119  1 0.2472 0.3882 0.3646 
         120  1 0.0713 0.6093 0.3194 
         121  1 0.0311 0.5458 0.4231 
         122  1 0.1118 0.5260 0.3622 
         123  1 0.3013 0.3828 0.3159 
         124  1 0.0477 0.5398 0.4125 
         125  1 0.0212 0.5354 0.4434 
         126  1 0.2053 0.4934 0.3013 
         127  1 0.0680 0.4862 0.4458 
         128  1 0.0486 0.3916 0.5598 
         129  1 0.1125 0.4847 0.4029 
         130  1 0.8780 0.0585 0.0634 
         131  1 0.0312 0.5615 0.4073 
         132  1 0.0376 0.4880 0.4745 
         133  1 0.1090 0.3497 0.5413 
         134  1 0.0361 0.4655 0.4984 
         135  1 0.0268 0.5963 0.3769 
         136  1 0.0590 0.3262 0.6148 
         137  1 0.0780 0.3513 0.5707 
         138  1 0.1525 0.3592 0.4883 
         139  1 0.0364 0.3515 0.6121 
         140  1 0.3408 0.2570 0.4022 
         141  1 0.8975 0.0489 0.0537 
         142  1 0.0514 0.4139 0.5347 
         143  1 0.7393 0.1376 0.1231 
         144  1 0.0334 0.4637 0.5030 
         145  1 0.0559 0.5245 0.4196 
         146  1 0.0760 0.3415 0.5825 
         147  1 0.2128 0.3201 0.4671 
         148  1 0.0341 0.5115 0.4544 
         149  1 0.1015 0.5138 0.3847 
         150  1 0.0179 0.4906 0.4914 
         151  1 0.0444 0.3264 0.6293 
         152  1 0.0592 0.3561 0.5847 
         153  1 0.2173 0.2818 0.5009 
         154  1 0.0209 0.3378 0.6413 
         155  1 0.0428 0.4672 0.4900 
         156  1 0.1095 0.4513 0.4391 
         157  1 0.0430 0.4914 0.4656 
         158  1 0.0489 0.4255 0.5256 
         159  1 0.0233 0.3957 0.5810 
         160  1 0.0638 0.3319 0.6043 
         161  1 0.0297 0.3490 0.6213 
         162  1 0.0716 0.5240 0.4044 
         163  1 0.0456 0.3660 0.5885 
         164  1 0.0229 0.4355 0.5416 
         165  1 0.0348 0.5992 0.3660 
         166  1 0.1900 0.4592 0.3508 
         167  1 0.0309 0.3838 0.5853 
         168  1 0.0432 0.4269 0.5299 
         169  1 0.1179 0.3521 0.5300 
         170  1 0.2629 0.3198 0.4173 
         171  1 0.0505 0.3805 0.5689 
         172  1 0.2060 0.3349 0.4591 
         173  1 0.0329 0.4132 0.5539 
         174  1 0.0219 0.4274 0.5507 
         175  1 0.1029 0.3851 0.5120 
         176  1 0.1104 0.3438 0.5458 
         177  1 0.9384 0.0278 0.0338 
         178  1 0.8482 0.0891 0.0627 
         179  1 0.8420 0.0726 0.0854 
         180  1 0.0402 0.6046 0.3552 
         181  1 0.9048 0.0433 0.0519 
         182  1 0.9052 0.0491 0.0457 
         183  1 0.6996 0.1318 0.1686 
         184  1 0.7478 0.1192 0.1330 
         185  1 0.8886 0.0548 0.0566 
         186  1 0.7811 0.1312 0.0877 
         187  1 0.4270 0.2524 0.3206 
         188  1 0.5826 0.2455 0.1720 
         189  1 0.9136 0.0431 0.0432 
         190  1 0.1268 0.3557 0.5175 
         191  1 0.6851 0.2081 0.1068 
         192  1 0.9584 0.0203 0.0213 
         193  1 0.9595 0.0201 0.0204 
         194  1 0.9452 0.0259 0.0289 
         195  1 0.9377 0.0276 0.0347 
         196  1 0.9417 0.0279 0.0304 
         197  1 0.9374 0.0282 0.0344 
         198  1 0.6149 0.1528 0.2322 
         199  1 0.8895 0.0610 0.0495 
         200  1 0.7905 0.1005 0.1091 
         201  1 0.5294 0.2464 0.2242 
         202  1 0.8575 0.0509 0.0916 
         203  1 0.8063 0.0757 0.1179 
         204  1 0.9602 0.0197 0.0201 
         205  1 0.8860 0.0551 0.0589 
         206  1 0.8824 0.0509 0.0668 
         207  1 0.8623 0.0807 0.0570 
         208  1 0.9356 0.0324 0.0320 
         209  1 0.7446 0.1209 0.1345 
         210  1 0.9650 0.0164 0.0186 
         211  1 0.7667 0.1066 0.1267 
         212  1 0.8917 0.0588 0.0495 
         213  1 0.8851 0.0635 0.0514 
         214  1 0.9418 0.0325 0.0257 
         215  1 0.9708 0.0141 0.0151 
         216  1 0.9254 0.0364 0.0381 
         217  1 0.9521 0.0222 0.0256 
         218  1 0.9089 0.0392 0.0519 
         219  1 0.9461 0.0292 0.0248 
         220  1 0.8794 0.0658 0.0548 
         221  1 0.3912 0.2869 0.3219 
         222  1 0.9469 0.0251 0.0280 
         223  1 0.9519 0.0240 0.0241 
         224  1 0.1890 0.4428 0.3682 
         225  1 0.6844 0.1712 0.1444 
         226  1 0.9420 0.0284 0.0296 
         227  1 0.7902 0.1212 0.0886 
         228  1 0.8730 0.0694 0.0577 
         229  1 0.9289 0.0343 0.0368 
         230  1 0.8858 0.0580 0.0562 
         231  1 0.9608 0.0194 0.0198 
         232  1 0.9382 0.0266 0.0352 
         233  1 0.8974 0.0551 0.0475 
         234  1 0.0731 0.3949 0.5320 
         235  1 0.7377 0.1341 0.1282 
         236  1 0.8659 0.0829 0.0511 
         237  1 0.9188 0.0480 0.0332 
         238  1 0.9182 0.0360 0.0458 
         239  1 0.7311 0.1169 0.1520 
         240  1 0.8454 0.0721 0.0825 
         241  1 0.1141 0.3162 0.5697 
         242  1 0.8025 0.1036 0.0938 
         243  1 0.8737 0.0746 0.0516 
         244  1 0.5052 0.2160 0.2788 
         245  1 0.9625 0.0181 0.0195 
         246  1 0.8577 0.0752 0.0671 
         247  1 0.8351 0.0714 0.0934 
         248  1 0.8743 0.0663 0.0594 
         249  1 0.6396 0.2123 0.1481 
         250  1 0.4503 0.2667 0.2830 
         251  1 0.9527 0.0217 0.0256 
         252  1 0.9192 0.0456 0.0352 
         253  1 0.9139 0.0402 0.0459 
         254  1 0.7991 0.1250 0.0759 
         255  1 0.9606 0.0193 0.0201 
         256  1 0.9587 0.0187 0.0226 
         257  1 0.9538 0.0236 0.0225 
         258  1 0.8911 0.0549 0.0541 
         259  1 0.8864 0.0503 0.0633 
