           1  1 0.3340 0.2766 0.3237 0.0656 
           2  1 0.3808 0.2864 0.3142 0.0185 
           3  1 0.2387 0.3167 0.4204 0.0242 
           4  1 0.2823 0.3118 0.3934 0.0125 
           5  1 0.2511 0.3285 0.3932 0.0272 
           6  1 0.1928 0.1994 0.2631 0.3447 
           7  1 0.3255 0.2934 0.3416 0.0395 
           8  1 0.1900 0.2796 0.5158 0.0146 
           9  1 0.2274 0.2221 0.2767 0.2738 
          10  1 0.2484 0.3232 0.3972 0.0311 
          11  1 0.2322 0.2075 0.2515 0.3089 
          12  1 0.2636 0.2885 0.4086 0.0393 
          13  1 0.1869 0.1872 0.1888 0.4371 
          14  1 0.3301 0.3119 0.2615 0.0965 
          15  1 0.3417 0.2793 0.3439 0.0351 
          16  1 0.3484 0.2930 0.3176 0.0410 
          17  1 0.4163 0.3080 0.2584 0.0172 
          18  1 0.2017 0.2452 0.2348 0.3183 
          19  1 0.3503 0.2692 0.3488 0.0316 
          20  1 0.3680 0.2803 0.3122 0.0395 
          21  1 0.3514 0.3194 0.2603 0.0689 
          22  1 0.3821 0.2808 0.3119 0.0252 
          23  1 0.2651 0.3102 0.4049 0.0198 
          24  1 0.3476 0.3305 0.2590 0.0629 
          25  1 0.2719 0.3267 0.3777 0.0238 
          26  1 0.3031 0.2463 0.3053 0.1452 
          27  1 0.3816 0.2912 0.2980 0.0292 
          28  1 0.2202 0.2955 0.4425 0.0418 
          29  1 0.3200 0.3434 0.2922 0.0445 
          30  1 0.2503 0.2781 0.3060 0.1656 
          31  1 0.3179 0.3883 0.2282 0.0655 
          32  1 0.3320 0.3337 0.3031 0.0313 
          33  1 0.3011 0.3524 0.3063 0.0401 
          34  1 0.2970 0.3256 0.3365 0.0409 
          35  1 0.3643 0.4045 0.2077 0.0235 
          36  1 0.2105 0.2229 0.1884 0.3782 
          37  1 0.4308 0.2863 0.2670 0.0159 
          38  1 0.3040 0.3175 0.2986 0.0800 
          39  1 0.3121 0.3007 0.3092 0.0780 
          40  1 0.3412 0.4248 0.2039 0.0301 
          41  1 0.1645 0.1640 0.1536 0.5179 
          42  1 0.2946 0.3219 0.2865 0.0969 
          43  1 0.3983 0.3110 0.2653 0.0253 
          44  1 0.2818 0.3596 0.3274 0.0312 
          45  1 0.3917 0.3117 0.2690 0.0276 
          46  1 0.3674 0.3613 0.2388 0.0325 
          47  1 0.2706 0.3070 0.3589 0.0635 
          48  1 0.3742 0.2934 0.2994 0.0330 
          49  1 0.3122 0.3132 0.3130 0.0616 
          50  1 0.3695 0.3013 0.2867 0.0425 
          51  1 0.3287 0.3053 0.2934 0.0726 
          52  1 0.3124 0.2948 0.3696 0.0233 
          53  1 0.3760 0.3227 0.2595 0.0418 
          54  1 0.2468 0.2215 0.2285 0.3032 
          55  1 0.2729 0.3712 0.3186 0.0374 
          56  1 0.3226 0.2740 0.3579 0.0455 
          57  1 0.3551 0.3630 0.2387 0.0432 
          58  1 0.2846 0.3567 0.3333 0.0253 
          59  1 0.1978 0.2919 0.4220 0.0883 
          60  1 0.3307 0.3970 0.2570 0.0152 
          61  1 0.3012 0.3141 0.2288 0.1559 
          62  1 0.3566 0.3188 0.2939 0.0307 
          63  1 0.3367 0.3117 0.3359 0.0158 
          64  1 0.3835 0.2948 0.2905 0.0312 
          65  1 0.2708 0.3650 0.2469 0.1173 
          66  1 0.3540 0.3676 0.2466 0.0318 
          67  1 0.0735 0.0801 0.0805 0.7659 
          68  1 0.3437 0.3386 0.2708 0.0470 
          69  1 0.2934 0.3897 0.2967 0.0202 
          70  1 0.3437 0.3794 0.2478 0.0291 
          71  1 0.3523 0.2816 0.3271 0.0389 
          72  1 0.2857 0.2288 0.2719 0.2137 
          73  1 0.3573 0.2788 0.3205 0.0434 
          74  1 0.3811 0.2994 0.3012 0.0183 
          75  1 0.3624 0.2710 0.2558 0.1107 
          76  1 0.3424 0.3138 0.3132 0.0306 
          77  1 0.3787 0.3491 0.2594 0.0129 
          78  1 0.2571 0.2576 0.4592 0.0261 
          79  1 0.3802 0.2724 0.3322 0.0152 
          80  1 0.4153 0.2828 0.2827 0.0191 
          81  1 0.3703 0.2747 0.2827 0.0724 
          82  1 0.3506 0.2887 0.3198 0.0408 
          83  1 0.3175 0.3035 0.3140 0.0650 
          84  1 0.3122 0.2905 0.3611 0.0362 
          85  1 0.2869 0.2843 0.4040 0.0248 
          86  1 0.2169 0.2832 0.4645 0.0354 
          87  1 0.3391 0.2700 0.3092 0.0817 
          88  1 0.3645 0.2869 0.3227 0.0259 
          89  1 0.3188 0.2841 0.3682 0.0289 
          90  1 0.3073 0.3942 0.2604 0.0380 
          91  1 0.3453 0.3238 0.3091 0.0217 
          92  1 0.3209 0.3870 0.2603 0.0319 
          93  1 0.2920 0.2465 0.3911 0.0704 
          94  1 0.2887 0.2874 0.4028 0.0211 
          95  1 0.3629 0.2769 0.3315 0.0288 
          96  1 0.1432 0.1965 0.3344 0.3259 
          97  1 0.3559 0.3638 0.2625 0.0178 
          98  1 0.3046 0.3467 0.3043 0.0444 
          99  1 0.2822 0.3798 0.3068 0.0312 
         100  1 0.3264 0.3566 0.2833 0.0336 
         101  1 0.2408 0.2722 0.4696 0.0174 
         102  1 0.3447 0.3078 0.3330 0.0145 
         103  1 0.3215 0.3104 0.3507 0.0174 
         104  1 0.4155 0.2905 0.2741 0.0199 
         105  1 0.2700 0.2792 0.2579 0.1929 
         106  1 0.3368 0.3408 0.3075 0.0149 
         107  1 0.2742 0.3083 0.2312 0.1863 
         108  1 0.2584 0.3141 0.3985 0.0290 
         109  1 0.3598 0.3222 0.3011 0.0169 
         110  1 0.4247 0.2844 0.2777 0.0133 
         111  1 0.2893 0.2714 0.4073 0.0320 
         112  1 0.3322 0.3351 0.3037 0.0290 
         113  1 0.3009 0.2556 0.4252 0.0183 
         114  1 0.3314 0.2613 0.2663 0.1410 
         115  1 0.3390 0.3312 0.2855 0.0443 
         116  1 0.2486 0.3467 0.3614 0.0433 
         117  1 0.3659 0.3511 0.2443 0.0388 
         118  1 0.3874 0.3334 0.2626 0.0166 
         119  1 0.2831 0.2883 0.2587 0.1698 
         120  1 0.3622 0.2818 0.3084 0.0476 
         121  1 0.3861 0.3133 0.2773 0.0233 
         122  1 0.3059 0.3123 0.3108 0.0710 
         123  1 0.2810 0.2578 0.2666 0.1946 
         124  1 0.3704 0.3118 0.2798 0.0380 
         125  1 0.3627 0.2913 0.3273 0.0186 
         126  1 0.3165 0.2704 0.2870 0.1260 
         127  1 0.3725 0.3386 0.2459 0.0429 
         128  1 0.3584 0.3914 0.2174 0.0327 
         129  1 0.3345 0.2891 0.2932 0.0832 
         130  1 0.0743 0.0694 0.0781 0.7782 
         131  1 0.4043 0.3110 0.2608 0.0239 
         132  1 0.3818 0.3415 0.2475 0.0293 
         133  1 0.3199 0.3404 0.2585 0.0811 
         134  1 0.2732 0.3159 0.3827 0.0282 
         135  1 0.3813 0.2895 0.3079 0.0212 
         136  1 0.3367 0.4002 0.2217 0.0414 
         137  1 0.3626 0.3709 0.2134 0.0530 
         138  1 0.2759 0.3281 0.3005 0.0954 
         139  1 0.3604 0.3871 0.2242 0.0282 
         140  1 0.2529 0.2814 0.2209 0.2448 
         141  1 0.0506 0.0528 0.0669 0.8297 
         142  1 0.2345 0.3097 0.4135 0.0422 
         143  1 0.1220 0.1375 0.1566 0.5840 
         144  1 0.2017 0.2715 0.5029 0.0239 
         145  1 0.2712 0.3034 0.3843 0.0411 
         146  1 0.2157 0.3189 0.4110 0.0543 
         147  1 0.3000 0.3167 0.2542 0.1292 
         148  1 0.2181 0.2848 0.4724 0.0248 
         149  1 0.2899 0.2859 0.3566 0.0677 
         150  1 0.1788 0.2666 0.5416 0.0130 
         151  1 0.3392 0.4087 0.2205 0.0316 
         152  1 0.3512 0.3499 0.2564 0.0425 
         153  1 0.2549 0.2936 0.2972 0.1543 
         154  1 0.3618 0.4314 0.1905 0.0163 
         155  1 0.3684 0.3435 0.2534 0.0347 
         156  1 0.2624 0.3165 0.3475 0.0735 
         157  1 0.2269 0.3051 0.4362 0.0318 
         158  1 0.3098 0.3449 0.3074 0.0379 
         159  1 0.3169 0.3682 0.2963 0.0186 
         160  1 0.3098 0.3381 0.3143 0.0378 
         161  1 0.3577 0.4206 0.1995 0.0221 
         162  1 0.3608 0.2866 0.2988 0.0538 
         163  1 0.3546 0.3628 0.2481 0.0345 
         164  1 0.3721 0.3518 0.2586 0.0175 
         165  1 0.3540 0.2990 0.3223 0.0247 
         166  1 0.3132 0.2887 0.2735 0.1245 
         167  1 0.3540 0.3698 0.2537 0.0225 
         168  1 0.2893 0.3264 0.3526 0.0317 
         169  1 0.3072 0.3534 0.2616 0.0777 
         170  1 0.2209 0.2867 0.3070 0.1854 
         171  1 0.3385 0.3740 0.2506 0.0370 
         172  1 0.3178 0.3375 0.2069 0.1378 
         173  1 0.3683 0.3597 0.2477 0.0243 
         174  1 0.3741 0.3716 0.2367 0.0177 
         175  1 0.2999 0.3439 0.2811 0.0751 
         176  1 0.3255 0.3550 0.2421 0.0774 
         177  1 0.0291 0.0339 0.0491 0.8880 
         178  1 0.0784 0.0724 0.0721 0.7771 
         179  1 0.0715 0.0764 0.0719 0.7801 
         180  1 0.3224 0.2919 0.3556 0.0301 
         181  1 0.0465 0.0482 0.0399 0.8654 
         182  1 0.0473 0.0468 0.0644 0.8415 
         183  1 0.1464 0.1494 0.1203 0.5840 
         184  1 0.1194 0.1215 0.1397 0.6193 
         185  1 0.0509 0.0563 0.0552 0.8376 
         186  1 0.1127 0.1135 0.1284 0.6454 
         187  1 0.2559 0.2442 0.2001 0.2998 
         188  1 0.1599 0.1792 0.2503 0.4106 
         189  1 0.0418 0.0443 0.0410 0.8729 
         190  1 0.2477 0.3062 0.3653 0.0808 
         191  1 0.1954 0.1519 0.1672 0.4854 
         192  1 0.0167 0.0189 0.0173 0.9470 
         193  1 0.0187 0.0207 0.0197 0.9408 
         194  1 0.0262 0.0259 0.0278 0.9201 
         195  1 0.0255 0.0277 0.0319 0.9149 
         196  1 0.0288 0.0261 0.0275 0.9176 
         197  1 0.0258 0.0273 0.0263 0.9207 
         198  1 0.1741 0.2159 0.1412 0.4688 
         199  1 0.0583 0.0463 0.0620 0.8334 
         200  1 0.0718 0.1107 0.1885 0.6289 
         201  1 0.2129 0.1974 0.1899 0.3998 
         202  1 0.0615 0.0705 0.0686 0.7994 
         203  1 0.0920 0.1115 0.0801 0.7163 
         204  1 0.0174 0.0174 0.0166 0.9486 
         205  1 0.0537 0.0572 0.0544 0.8347 
         206  1 0.0547 0.0702 0.0662 0.8089 
         207  1 0.0933 0.0797 0.0846 0.7424 
         208  1 0.0291 0.0357 0.0375 0.8976 
         209  1 0.1130 0.1313 0.1488 0.6069 
         210  1 0.0169 0.0186 0.0190 0.9454 
         211  1 0.0992 0.1114 0.1299 0.6595 
         212  1 0.0504 0.0521 0.0566 0.8409 
         213  1 0.0597 0.0588 0.0611 0.8203 
         214  1 0.0314 0.0294 0.0316 0.9076 
         215  1 0.0130 0.0128 0.0138 0.9604 
         216  1 0.0356 0.0330 0.0328 0.8985 
         217  1 0.0201 0.0213 0.0194 0.9393 
         218  1 0.0401 0.0442 0.0376 0.8781 
         219  1 0.0368 0.0321 0.0325 0.8986 
         220  1 0.0603 0.0658 0.1070 0.7670 
         221  1 0.2429 0.2522 0.2098 0.2951 
         222  1 0.0262 0.0262 0.0276 0.9200 
         223  1 0.0202 0.0202 0.0211 0.9385 
         224  1 0.2679 0.2705 0.3347 0.1269 
         225  1 0.1277 0.1532 0.1857 0.5334 
         226  1 0.0283 0.0300 0.0274 0.9143 
         227  1 0.1346 0.1141 0.1074 0.6439 
         228  1 0.0658 0.0560 0.0710 0.8071 
         229  1 0.0361 0.0377 0.0462 0.8800 
         230  1 0.0586 0.0586 0.0727 0.8101 
         231  1 0.0182 0.0193 0.0163 0.9462 
         232  1 0.0297 0.0375 0.0472 0.8857 
         233  1 0.0556 0.0571 0.0589 0.8283 
         234  1 0.3791 0.3643 0.2110 0.0456 
         235  1 0.1387 0.1297 0.1214 0.6102 
         236  1 0.0837 0.0682 0.0725 0.7756 
         237  1 0.0429 0.0478 0.0479 0.8614 
         238  1 0.0436 0.0463 0.0397 0.8704 
         239  1 0.1033 0.1250 0.1913 0.5804 
         240  1 0.0667 0.0956 0.1977 0.6401 
         241  1 0.2702 0.3668 0.2694 0.0936 
         242  1 0.1030 0.1088 0.1011 0.6871 
         243  1 0.0776 0.0658 0.0715 0.7851 
         244  1 0.2314 0.2379 0.1720 0.3587 
         245  1 0.0194 0.0208 0.0250 0.9349 
         246  1 0.0835 0.0712 0.0683 0.7770 
         247  1 0.0711 0.0952 0.1026 0.7311 
         248  1 0.0647 0.0669 0.0685 0.7999 
         249  1 0.1564 0.1460 0.2484 0.4492 
         250  1 0.2622 0.2583 0.1883 0.2912 
         251  1 0.0227 0.0247 0.0196 0.9330 
         252  1 0.0441 0.0449 0.0573 0.8537 
         253  1 0.0417 0.0430 0.0444 0.8709 
         254  1 0.1187 0.1064 0.1215 0.6534 
         255  1 0.0180 0.0184 0.0183 0.9454 
         256  1 0.0187 0.0192 0.0178 0.9443 
         257  1 0.0235 0.0246 0.0217 0.9302 
         258  1 0.0537 0.0603 0.0675 0.8185 
         259  1 0.0631 0.0642 0.0645 0.8083 
