           1  1 0.0890 0.4301 0.4809 
           2  1 0.0212 0.4999 0.4789 
           3  1 0.0304 0.4517 0.5179 
           4  1 0.0141 0.5058 0.4801 
           5  1 0.0324 0.4550 0.5126 
           6  1 0.5153 0.2437 0.2410 
           7  1 0.0470 0.4766 0.4764 
           8  1 0.0161 0.4641 0.5198 
           9  1 0.4807 0.2656 0.2537 
          10  1 0.0334 0.4640 0.5026 
          11  1 0.4093 0.3045 0.2862 
          12  1 0.0547 0.4772 0.4681 
          13  1 0.5516 0.2252 0.2232 
          14  1 0.1315 0.4329 0.4357 
          15  1 0.0466 0.4940 0.4595 
          16  1 0.0614 0.4926 0.4461 
          17  1 0.0200 0.4895 0.4904 
          18  1 0.3947 0.2836 0.3217 
          19  1 0.0359 0.4935 0.4706 
          20  1 0.0498 0.5007 0.4495 
          21  1 0.1114 0.4449 0.4437 
          22  1 0.0320 0.5134 0.4546 
          23  1 0.0238 0.4808 0.4954 
          24  1 0.0985 0.4618 0.4397 
          25  1 0.0281 0.4454 0.5265 
          26  1 0.2232 0.3828 0.3940 
          27  1 0.0390 0.4798 0.4812 
          28  1 0.0584 0.4588 0.4829 
          29  1 0.0605 0.4404 0.4991 
          30  1 0.2468 0.3644 0.3889 
          31  1 0.0884 0.4365 0.4751 
          32  1 0.0418 0.4574 0.5008 
          33  1 0.0433 0.4447 0.5120 
          34  1 0.0544 0.4815 0.4641 
          35  1 0.0317 0.4608 0.5075 
          36  1 0.5063 0.2412 0.2525 
          37  1 0.0193 0.5087 0.4720 
          38  1 0.1078 0.4401 0.4521 
          39  1 0.0986 0.4816 0.4198 
          40  1 0.0355 0.4515 0.5130 
          41  1 0.6409 0.1827 0.1765 
          42  1 0.1328 0.4117 0.4555 
          43  1 0.0310 0.4923 0.4767 
          44  1 0.0396 0.4604 0.4999 
          45  1 0.0390 0.4888 0.4722 
          46  1 0.0440 0.4714 0.4846 
          47  1 0.0889 0.4502 0.4610 
          48  1 0.0478 0.5096 0.4425 
          49  1 0.0777 0.4581 0.4641 
          50  1 0.0540 0.4852 0.4608 
          51  1 0.1133 0.4688 0.4179 
          52  1 0.0271 0.4987 0.4742 
          53  1 0.0673 0.4541 0.4786 
          54  1 0.4262 0.2891 0.2847 
          55  1 0.0427 0.4624 0.4949 
          56  1 0.0661 0.4982 0.4357 
          57  1 0.0645 0.4648 0.4707 
          58  1 0.0296 0.4651 0.5052 
          59  1 0.1218 0.4359 0.4423 
          60  1 0.0172 0.4674 0.5154 
          61  1 0.2181 0.3786 0.4033 
          62  1 0.0397 0.4739 0.4864 
          63  1 0.0243 0.4930 0.4827 
          64  1 0.0345 0.4926 0.4729 
          65  1 0.1599 0.4077 0.4324 
          66  1 0.0366 0.4730 0.4904 
          67  1 0.8455 0.0800 0.0745 
          68  1 0.0554 0.4598 0.4848 
          69  1 0.0227 0.4767 0.5006 
          70  1 0.0348 0.4537 0.5115 
          71  1 0.0594 0.5105 0.4301 
          72  1 0.2886 0.3817 0.3297 
          73  1 0.0604 0.5047 0.4350 
          74  1 0.0223 0.5049 0.4728 
          75  1 0.1864 0.4104 0.4032 
          76  1 0.0390 0.5130 0.4480 
          77  1 0.0166 0.4894 0.4940 
          78  1 0.0314 0.5349 0.4337 
          79  1 0.0188 0.5145 0.4667 
          80  1 0.0247 0.4818 0.4934 
          81  1 0.1161 0.4587 0.4252 
          82  1 0.0577 0.5112 0.4312 
          83  1 0.0857 0.4615 0.4528 
          84  1 0.0432 0.5014 0.4555 
          85  1 0.0295 0.5122 0.4583 
          86  1 0.0472 0.5150 0.4378 
          87  1 0.1285 0.4533 0.4182 
          88  1 0.0311 0.4975 0.4713 
          89  1 0.0368 0.5150 0.4482 
          90  1 0.0429 0.4544 0.5027 
          91  1 0.0307 0.4611 0.5082 
          92  1 0.0353 0.4599 0.5048 
          93  1 0.0844 0.4738 0.4418 
          94  1 0.0251 0.5273 0.4475 
          95  1 0.0316 0.4847 0.4836 
          96  1 0.5436 0.2223 0.2341 
          97  1 0.0201 0.5040 0.4759 
          98  1 0.0456 0.4721 0.4823 
          99  1 0.0426 0.4727 0.4847 
         100  1 0.0474 0.4332 0.5194 
         101  1 0.0197 0.4792 0.5011 
         102  1 0.0165 0.5067 0.4768 
         103  1 0.0206 0.5165 0.4630 
         104  1 0.0237 0.4951 0.4812 
         105  1 0.3057 0.3685 0.3259 
         106  1 0.0171 0.4690 0.5139 
         107  1 0.2654 0.3621 0.3725 
         108  1 0.0354 0.4500 0.5146 
         109  1 0.0183 0.4733 0.5084 
         110  1 0.0156 0.5076 0.4768 
         111  1 0.0475 0.4813 0.4711 
         112  1 0.0447 0.4590 0.4963 
         113  1 0.0210 0.5125 0.4665 
         114  1 0.2234 0.4072 0.3694 
         115  1 0.0566 0.4613 0.4821 
         116  1 0.0492 0.4280 0.5229 
         117  1 0.0500 0.4688 0.4812 
         118  1 0.0211 0.4862 0.4927 
         119  1 0.2426 0.3850 0.3723 
         120  1 0.0690 0.4983 0.4328 
         121  1 0.0284 0.4918 0.4798 
         122  1 0.1081 0.4596 0.4323 
         123  1 0.3013 0.3426 0.3560 
         124  1 0.0466 0.4647 0.4888 
         125  1 0.0203 0.4918 0.4880 
         126  1 0.2019 0.4227 0.3754 
         127  1 0.0666 0.4614 0.4719 
         128  1 0.0504 0.4820 0.4676 
         129  1 0.1183 0.4461 0.4355 
         130  1 0.8816 0.0559 0.0624 
         131  1 0.0298 0.4748 0.4954 
         132  1 0.0395 0.4685 0.4919 
         133  1 0.1148 0.4134 0.4717 
         134  1 0.0355 0.4727 0.4918 
         135  1 0.0259 0.4851 0.4890 
         136  1 0.0545 0.4430 0.5025 
         137  1 0.0727 0.4645 0.4628 
         138  1 0.1391 0.4274 0.4336 
         139  1 0.0355 0.4842 0.4803 
         140  1 0.3174 0.3419 0.3406 
         141  1 0.9051 0.0459 0.0489 
         142  1 0.0523 0.4385 0.5092 
         143  1 0.7588 0.1244 0.1168 
         144  1 0.0319 0.5058 0.4622 
         145  1 0.0590 0.4720 0.4691 
         146  1 0.0695 0.4791 0.4514 
         147  1 0.1875 0.4083 0.4042 
         148  1 0.0353 0.5010 0.4637 
         149  1 0.1076 0.4386 0.4538 
         150  1 0.0160 0.4866 0.4974 
         151  1 0.0398 0.4595 0.5008 
         152  1 0.0624 0.4714 0.4662 
         153  1 0.2217 0.3739 0.4045 
         154  1 0.0201 0.4613 0.5186 
         155  1 0.0402 0.4721 0.4877 
         156  1 0.1095 0.4460 0.4445 
         157  1 0.0390 0.4964 0.4645 
         158  1 0.0482 0.4605 0.4913 
         159  1 0.0212 0.4688 0.5101 
         160  1 0.0675 0.4558 0.4767 
         161  1 0.0263 0.4646 0.5091 
         162  1 0.0713 0.4725 0.4562 
         163  1 0.0405 0.4832 0.4763 
         164  1 0.0213 0.5074 0.4713 
         165  1 0.0327 0.5015 0.4658 
         166  1 0.1854 0.4150 0.3996 
         167  1 0.0284 0.4786 0.4930 
         168  1 0.0436 0.4773 0.4791 
         169  1 0.1097 0.4362 0.4540 
         170  1 0.2651 0.3556 0.3793 
         171  1 0.0429 0.4789 0.4782 
         172  1 0.2054 0.3964 0.3983 
         173  1 0.0310 0.4980 0.4711 
         174  1 0.0214 0.4907 0.4879 
         175  1 0.1022 0.4306 0.4672 
         176  1 0.1064 0.4442 0.4494 
         177  1 0.9412 0.0289 0.0299 
         178  1 0.8544 0.0742 0.0714 
         179  1 0.8599 0.0704 0.0697 
         180  1 0.0395 0.5176 0.4429 
         181  1 0.9101 0.0445 0.0455 
         182  1 0.9115 0.0438 0.0448 
         183  1 0.7103 0.1381 0.1516 
         184  1 0.7514 0.1180 0.1306 
         185  1 0.8959 0.0523 0.0518 
         186  1 0.7937 0.1072 0.0991 
         187  1 0.4330 0.2699 0.2971 
         188  1 0.6066 0.2093 0.1841 
         189  1 0.9139 0.0431 0.0430 
         190  1 0.1274 0.4266 0.4460 
         191  1 0.6739 0.1743 0.1518 
         192  1 0.9623 0.0193 0.0184 
         193  1 0.9610 0.0193 0.0197 
         194  1 0.9482 0.0263 0.0255 
         195  1 0.9424 0.0285 0.0291 
         196  1 0.9442 0.0275 0.0282 
         197  1 0.9444 0.0278 0.0278 
         198  1 0.5984 0.1865 0.2151 
         199  1 0.8965 0.0516 0.0520 
         200  1 0.8218 0.0921 0.0862 
         201  1 0.5407 0.2286 0.2307 
         202  1 0.8590 0.0697 0.0714 
         203  1 0.7906 0.1030 0.1064 
         204  1 0.9623 0.0185 0.0192 
         205  1 0.8853 0.0579 0.0568 
         206  1 0.8759 0.0597 0.0644 
         207  1 0.8505 0.0804 0.0691 
         208  1 0.9373 0.0333 0.0294 
         209  1 0.7466 0.1372 0.1163 
         210  1 0.9669 0.0162 0.0168 
         211  1 0.7763 0.1104 0.1133 
         212  1 0.9010 0.0473 0.0517 
         213  1 0.8926 0.0559 0.0515 
         214  1 0.9427 0.0298 0.0274 
         215  1 0.9718 0.0143 0.0139 
         216  1 0.9253 0.0366 0.0381 
         217  1 0.9570 0.0213 0.0218 
         218  1 0.9097 0.0463 0.0440 
         219  1 0.9478 0.0286 0.0236 
         220  1 0.9031 0.0521 0.0448 
         221  1 0.3880 0.2943 0.3177 
         222  1 0.9497 0.0257 0.0246 
         223  1 0.9541 0.0224 0.0235 
         224  1 0.1874 0.3993 0.4133 
         225  1 0.6922 0.1553 0.1524 
         226  1 0.9474 0.0266 0.0260 
         227  1 0.7917 0.1071 0.1013 
         228  1 0.8737 0.0614 0.0650 
         229  1 0.9335 0.0349 0.0316 
         230  1 0.8785 0.0596 0.0619 
         231  1 0.9597 0.0207 0.0197 
         232  1 0.9384 0.0288 0.0328 
         233  1 0.9039 0.0484 0.0477 
         234  1 0.0669 0.4673 0.4659 
         235  1 0.7468 0.1215 0.1317 
         236  1 0.8721 0.0675 0.0604 
         237  1 0.9161 0.0406 0.0433 
         238  1 0.9179 0.0421 0.0401 
         239  1 0.7439 0.1259 0.1302 
         240  1 0.8629 0.0708 0.0663 
         241  1 0.1089 0.4256 0.4654 
         242  1 0.7978 0.1020 0.1002 
         243  1 0.8754 0.0614 0.0632 
         244  1 0.4910 0.2580 0.2511 
         245  1 0.9631 0.0192 0.0177 
         246  1 0.8688 0.0677 0.0636 
         247  1 0.8268 0.0886 0.0846 
         248  1 0.8800 0.0564 0.0636 
         249  1 0.6624 0.1743 0.1633 
         250  1 0.4384 0.2854 0.2762 
         251  1 0.9532 0.0225 0.0242 
         252  1 0.9289 0.0368 0.0343 
         253  1 0.9154 0.0390 0.0456 
         254  1 0.8056 0.1061 0.0883 
         255  1 0.9608 0.0202 0.0191 
         256  1 0.9609 0.0206 0.0185 
         257  1 0.9566 0.0219 0.0214 
         258  1 0.8961 0.0537 0.0502 
         259  1 0.8910 0.0527 0.0563 
