  1:   0.4277  0.0898  0.1348  0.1928  0.1550  1
  2:   0.3373  0.1080  0.1462  0.2146  0.1940  1
  3:   0.0072  0.1230  0.0716  0.2264  0.5718  1
  4:   0.0214  0.1288  0.0292  0.2091  0.6115  1
  5:   0.0452  0.1250  0.0200  0.2156  0.5942  1
  6:   0.0346  0.1523  0.0092  0.2022  0.6016  1
  7:   0.0132  0.1362  0.0228  0.2152  0.6126  1
  8:   0.0080  0.1294  0.0154  0.5749  0.2723  1
  9:   0.1504  0.1042  0.0978  0.2428  0.4048  1
 10:   0.0180  0.1677  0.0362  0.2643  0.5138  1
 11:   0.0556  0.1309  0.0544  0.4862  0.2729  1
 12:   0.0374  0.1013  0.2486  0.4167  0.1960  1
 13:   0.1908  0.1078  0.0706  0.3534  0.2773  1
 14:   0.0102  0.1856  0.0794  0.2841  0.4406  1
 15:   0.0224  0.1174  0.2022  0.2919  0.3661  1
 16:   0.9690  0.0072  0.0082  0.0072  0.0084  1
 17:   0.0070  0.0106  0.9576  0.0136  0.0112  1
 18:   0.9798  0.0050  0.0040  0.0058  0.0054  1
 19:   0.0088  0.0188  0.9168  0.0362  0.0194  1
 20:   0.9724  0.0074  0.0050  0.0074  0.0078  1
 21:   0.9438  0.0174  0.0160  0.0106  0.0122  1
 22:   0.0174  0.3501  0.0264  0.3708  0.2353  1
 23:   0.0126  0.0376  0.8960  0.0216  0.0322  1
 24:   0.0344  0.0900  0.7167  0.0524  0.1066  1
 25:   0.1866  0.1284  0.1804  0.2882  0.2164  1
 26:   0.0206  0.1109  0.6640  0.0770  0.1275  1
 27:   0.0084  0.1689  0.6120  0.1258  0.0850  1
 28:   0.9594  0.0100  0.0094  0.0104  0.0108  1
 29:   0.0080  0.0562  0.8884  0.0230  0.0244  1
 30:   0.9570  0.0090  0.0122  0.0090  0.0128  1
 31:   0.0332  0.2657  0.2035  0.1575  0.3401  1
 32:   0.9342  0.0178  0.0086  0.0196  0.0198  1
 33:   0.0082  0.1370  0.2374  0.3861  0.2314  1
 34:   0.0050  0.0380  0.9172  0.0180  0.0218  1
 35:   0.0180  0.1574  0.0128  0.1736  0.6382  1
 36:   0.0080  0.2291  0.6056  0.0506  0.1067  1
 37:   0.9524  0.0104  0.0098  0.0132  0.0142  1
 38:   0.0082  0.4674  0.0180  0.1874  0.3190  1
 39:   0.0040  0.0128  0.9516  0.0154  0.0162  1
 40:   0.0114  0.1006  0.6488  0.1304  0.1088  1
 41:   0.0116  0.2026  0.0964  0.3589  0.3305  1
 42:   0.9780  0.0060  0.0050  0.0050  0.0060  1
 43:   0.1162  0.2182  0.3598  0.1278  0.1780  1
 44:   0.0080  0.0946  0.6665  0.1030  0.1279  1
 45:   0.0052  0.1418  0.0920  0.4490  0.3120  1
 46:   0.0080  0.0134  0.9470  0.0134  0.0182  1
 47:   0.0120  0.4024  0.0684  0.2456  0.2716  1
 48:   0.9470  0.0156  0.0090  0.0148  0.0136  1
 49:   0.0050  0.0112  0.9626  0.0096  0.0116  1
 50:   0.0060  0.0288  0.8706  0.0278  0.0668  1
 51:   0.0060  0.0230  0.8672  0.0410  0.0628  1
 52:   0.0104  0.0178  0.9476  0.0110  0.0132  1
 53:   0.5304  0.0992  0.0748  0.1926  0.1030  1
 54:   0.0142  0.0236  0.8655  0.0334  0.0633  1
 55:   0.0100  0.1712  0.0308  0.3227  0.4653  1
 56:   0.0060  0.1895  0.0202  0.3279  0.4565  1
 57:   0.0102  0.3260  0.0556  0.2644  0.3438  1
 58:   0.9758  0.0062  0.0058  0.0058  0.0064  1
 59:   0.9044  0.0490  0.0108  0.0126  0.0232  1
 60:   0.0092  0.0222  0.8945  0.0426  0.0316  1
 61:   0.0050  0.0140  0.9418  0.0162  0.0230  1
 62:   0.0080  0.1793  0.1807  0.1791  0.4528  1
 63:   0.0048  0.3489  0.0706  0.3141  0.2617  1
 64:   0.0256  0.0700  0.5196  0.2777  0.1070  1
 65:   0.9616  0.0102  0.0058  0.0104  0.0120  1
 66:   0.9364  0.0190  0.0114  0.0162  0.0170  1
 67:   0.8814  0.0172  0.0568  0.0172  0.0274  1
 68:   0.0218  0.0840  0.5160  0.1863  0.1919  1
 69:   0.0068  0.3171  0.0642  0.2339  0.3780  1
 70:   0.0056  0.2714  0.3880  0.2090  0.1260  1
 71:   0.0092  0.1832  0.0252  0.1748  0.6076  1
 72:   0.0244  0.3473  0.0734  0.1946  0.3603  1
 73:   0.9620  0.0084  0.0098  0.0084  0.0114  1
 74:   0.0336  0.2603  0.0434  0.4790  0.1837  1
 75:   0.0050  0.0408  0.9102  0.0192  0.0248  1
 76:   0.9742  0.0068  0.0070  0.0058  0.0062  1
 77:   0.9670  0.0090  0.0070  0.0082  0.0088  1
 78:   0.0136  0.0142  0.9362  0.0142  0.0218  1
 79:   0.9522  0.0108  0.0188  0.0084  0.0098  1
 80:   0.0416  0.0344  0.7370  0.1222  0.0648  1
 81:   0.0050  0.4302  0.0310  0.2131  0.3208  1
 82:   0.0044  0.0262  0.9072  0.0344  0.0278  1
 83:   0.0138  0.0346  0.7830  0.0524  0.1162  1
 84:   0.9692  0.0082  0.0060  0.0080  0.0086  1
 85:   0.2589  0.2787  0.0778  0.1482  0.2364  1
 86:   0.0162  0.3863  0.2585  0.0950  0.2439  1
 87:   0.0064  0.6244  0.0208  0.0986  0.2498  1
 88:   0.0242  0.2599  0.4124  0.1251  0.1783  1
 89:   0.0152  0.2722  0.0808  0.1934  0.4384  1
 90:   0.0090  0.1494  0.0746  0.5399  0.2270  1
 91:   0.0140  0.4681  0.0522  0.2610  0.2047  1
 92:   0.0100  0.2971  0.5416  0.0376  0.1138  1
 93:   0.0066  0.2852  0.0170  0.2130  0.4783  1
 94:   0.0070  0.1252  0.0136  0.6470  0.2072  1
 95:   0.0190  0.4746  0.1060  0.1826  0.2178  1
 96:   0.0356  0.0228  0.9098  0.0130  0.0188  1
 97:   0.0132  0.0516  0.8293  0.0378  0.0680  1
 98:   0.9270  0.0204  0.0180  0.0178  0.0168  1
 99:   0.0402  0.1487  0.0526  0.5500  0.2085  1
100:   0.0420  0.1651  0.0300  0.2313  0.5316  1
101:   0.0140  0.2312  0.0092  0.2567  0.4889  1
102:   0.0050  0.0440  0.8644  0.0384  0.0482  1
103:   0.0338  0.1365  0.1331  0.2249  0.4716  1
104:   0.0340  0.1471  0.0134  0.1714  0.6341  1
105:   0.0112  0.2531  0.0222  0.3103  0.4032  1
106:   0.9298  0.0132  0.0150  0.0196  0.0224  1
107:   0.0776  0.0562  0.6661  0.0886  0.1116  1
108:   0.0076  0.1408  0.0186  0.6332  0.1998  1
109:   0.0170  0.0542  0.8416  0.0380  0.0492  1
110:   0.0082  0.5224  0.1446  0.0818  0.2430  1
111:   0.4880  0.2000  0.1008  0.0760  0.1352  1
112:   0.0068  0.3057  0.0764  0.2653  0.3459  1
113:   0.0164  0.5009  0.0396  0.1655  0.2776  1
114:   0.0710  0.1144  0.5626  0.0926  0.1593  1
115:   0.0076  0.2718  0.0328  0.4017  0.2860  1
116:   0.0070  0.4229  0.0272  0.3395  0.2034  1
117:   0.0040  0.1518  0.0166  0.7083  0.1194  1
118:   0.0140  0.1637  0.0162  0.3619  0.4442  1
119:   0.0068  0.3796  0.0158  0.3134  0.2844  1
120:   0.0270  0.3538  0.0122  0.3808  0.2262  1
121:   0.0106  0.2663  0.0170  0.4430  0.2631  1
122:   0.0096  0.4385  0.0620  0.2332  0.2567  1
123:   0.0090  0.5374  0.0720  0.1379  0.2437  1
124:   0.0296  0.4567  0.0156  0.2360  0.2621  1
125:   0.0070  0.2146  0.0154  0.5897  0.1734  1
126:   0.0070  0.1714  0.0088  0.5183  0.2945  1
127:   0.0040  0.1390  0.0106  0.7334  0.1130  1
128:   0.0144  0.3243  0.1088  0.3213  0.2312  1
129:   0.0096  0.4911  0.0996  0.1036  0.2961  1
130:   0.0104  0.1852  0.0768  0.5567  0.1709  1
131:   0.0072  0.1852  0.1236  0.5424  0.1416  1
132:   0.0162  0.1292  0.0282  0.5696  0.2568  1
133:   0.0096  0.3315  0.0136  0.3963  0.2490  1
134:   0.0194  0.3113  0.0248  0.3416  0.3029  1
135:   0.0060  0.5185  0.0708  0.1614  0.2432  1
136:   0.0074  0.2775  0.0584  0.4763  0.1804  1
137:   0.0112  0.6784  0.0122  0.0792  0.2190  1
138:   0.0082  0.1705  0.4959  0.2029  0.1225  1
139:   0.0060  0.1649  0.0106  0.7007  0.1178  1
140:   0.0058  0.4279  0.0600  0.3027  0.2036  1
141:   0.0080  0.2843  0.0306  0.4947  0.1824  1
142:   0.0082  0.2654  0.0234  0.3794  0.3236  1
143:   0.0256  0.2291  0.0464  0.3013  0.3976  1
144:   0.0042  0.1975  0.0510  0.5937  0.1536  1
145:   0.0060  0.2109  0.0198  0.5405  0.2227  1
146:   0.0068  0.2750  0.4867  0.0930  0.1385  1
147:   0.0076  0.4068  0.0222  0.3086  0.2548  1
148:   0.0108  0.4117  0.0442  0.3275  0.2057  1
149:   0.0040  0.1504  0.0110  0.7314  0.1032  1
150:   0.0152  0.2302  0.1704  0.3646  0.2196  1
151:   0.0120  0.4215  0.0940  0.2631  0.2094  1
152:   0.0046  0.4741  0.0490  0.2360  0.2362  1
153:   0.0138  0.5941  0.0712  0.0740  0.2469  1
154:   0.0120  0.6401  0.0188  0.0842  0.2450  1
155:   0.1204  0.3416  0.0268  0.2718  0.2394  1
156:   0.0088  0.4436  0.0202  0.3328  0.1946  1
157:   0.0112  0.2574  0.0112  0.5491  0.1712  1
158:   0.1022  0.2166  0.0670  0.2708  0.3435  1
159:   0.1303  0.4209  0.2153  0.0758  0.1577  1
160:   0.0444  0.4136  0.2518  0.1176  0.1726  1
161:   0.0076  0.6981  0.0238  0.0512  0.2193  1
162:   0.0060  0.7007  0.0152  0.0556  0.2225  1
163:   0.0074  0.7136  0.0092  0.0500  0.2198  1
164:   0.0262  0.2172  0.3367  0.1942  0.2256  1
165:   0.0332  0.3865  0.2855  0.1288  0.1660  1
166:   0.0050  0.2294  0.1838  0.2265  0.3553  1
167:   0.0124  0.4387  0.0278  0.2339  0.2872  1
168:   0.0050  0.6807  0.0144  0.0808  0.2191  1
169:   0.0516  0.4287  0.3333  0.0400  0.1465  1
170:   0.0060  0.3183  0.2889  0.1840  0.2028  1
171:   0.0052  0.7044  0.0102  0.0562  0.2240  1
172:   0.0106  0.4135  0.0446  0.2799  0.2514  1
