  1:   0.1151  0.2422  0.1251  0.4234  0.0941  1
  2:   0.1300  0.2720  0.1520  0.3330  0.1130  1
  3:   0.2190  0.5420  0.0740  0.0080  0.1570  1
  4:   0.2382  0.5405  0.0310  0.0230  0.1672  1
  5:   0.2310  0.5420  0.0200  0.0480  0.1590  1
  6:   0.2750  0.4830  0.0100  0.0350  0.1970  1
  7:   0.2460  0.5420  0.0260  0.0140  0.1720  1
  8:   0.2490  0.5940  0.0130  0.0080  0.1360  1
  9:   0.1540  0.4770  0.1020  0.1560  0.1110  1
 10:   0.2560  0.4640  0.0390  0.0200  0.2210  1
 11:   0.1838  0.5814  0.0529  0.0549  0.1269  1
 12:   0.1330  0.4980  0.2400  0.0380  0.0910  1
 13:   0.1592  0.4805  0.0711  0.1912  0.0981  1
 14:   0.3030  0.3280  0.0750  0.0100  0.2840  1
 15:   0.1970  0.4210  0.2120  0.0220  0.1480  1
 16:   0.0080  0.0080  0.0080  0.9690  0.0070  1
 17:   0.0110  0.0130  0.9570  0.0070  0.0120  1
 18:   0.0050  0.0060  0.0040  0.9800  0.0050  1
 19:   0.0170  0.0330  0.9211  0.0090  0.0200  1
 20:   0.0080  0.0070  0.0050  0.9730  0.0070  1
 21:   0.0140  0.0100  0.0150  0.9450  0.0160  1
 22:   0.2817  0.3457  0.0250  0.0170  0.3307  1
 23:   0.0350  0.0230  0.8970  0.0120  0.0330  1
 24:   0.0940  0.0710  0.7130  0.0340  0.0880  1
 25:   0.1740  0.3140  0.1820  0.1940  0.1360  1
 26:   0.1011  0.0891  0.6597  0.0220  0.1281  1
 27:   0.1359  0.0919  0.6154  0.0080  0.1489  1
 28:   0.0110  0.0100  0.0100  0.9590  0.0100  1
 29:   0.0360  0.0160  0.8841  0.0080  0.0559  1
 30:   0.0090  0.0120  0.0120  0.9580  0.0090  1
 31:   0.2392  0.2402  0.2082  0.0330  0.2793  1
 32:   0.0190  0.0210  0.0090  0.9330  0.0180  1
 33:   0.1930  0.4200  0.2320  0.0080  0.1470  1
 34:   0.0290  0.0150  0.9130  0.0050  0.0380  1
 35:   0.2750  0.4420  0.0130  0.0190  0.2510  1
 36:   0.1542  0.0360  0.5876  0.0080  0.2142  1
 37:   0.0120  0.0150  0.0090  0.9540  0.0100  1
 38:   0.3554  0.1522  0.0190  0.0070  0.4665  1
 39:   0.0150  0.0160  0.9510  0.0040  0.0140  1
 40:   0.0909  0.1339  0.6503  0.0110  0.1139  1
 41:   0.3090  0.3220  0.0940  0.0120  0.2630  1
 42:   0.0060  0.0050  0.0050  0.9780  0.0060  1
 43:   0.2078  0.1179  0.3546  0.1219  0.1978  1
 44:   0.0980  0.1100  0.6770  0.0080  0.1070  1
 45:   0.2880  0.4180  0.0910  0.0050  0.1980  1
 46:   0.0150  0.0140  0.9491  0.0080  0.0140  1
 47:   0.2930  0.2080  0.0650  0.0110  0.4230  1
 48:   0.0140  0.0160  0.0090  0.9451  0.0160  1
 49:   0.0120  0.0090  0.9630  0.0050  0.0110  1
 50:   0.0420  0.0470  0.8710  0.0060  0.0340  1
 51:   0.0340  0.0640  0.8650  0.0060  0.0310  1
 52:   0.0150  0.0110  0.9460  0.0110  0.0170  1
 53:   0.1289  0.1778  0.0739  0.5305  0.0889  1
 54:   0.0320  0.0620  0.8640  0.0150  0.0270  1
 55:   0.3100  0.3920  0.0300  0.0100  0.2580  1
 56:   0.3133  0.4024  0.0180  0.0060  0.2603  1
 57:   0.3670  0.2100  0.0530  0.0100  0.3600  1
 58:   0.0060  0.0060  0.0060  0.9760  0.0060  1
 59:   0.0350  0.0110  0.0110  0.9000  0.0430  1
 60:   0.0280  0.0450  0.8961  0.0090  0.0220  1
 61:   0.0180  0.0180  0.9430  0.0050  0.0160  1
 62:   0.2523  0.3053  0.1822  0.0080  0.2523  1
 63:   0.3990  0.1800  0.0720  0.0050  0.3440  1
 64:   0.0720  0.3000  0.5380  0.0260  0.0640  1
 65:   0.0120  0.0120  0.0060  0.9600  0.0100  1
 66:   0.0180  0.0160  0.0120  0.9350  0.0190  1
 67:   0.0190  0.0230  0.0619  0.8771  0.0190  1
 68:   0.1200  0.2520  0.5080  0.0210  0.0990  1
 69:   0.3120  0.2330  0.0650  0.0070  0.3830  1
 70:   0.2018  0.1459  0.3856  0.0060  0.2607  1
 71:   0.2920  0.4100  0.0260  0.0090  0.2630  1
 72:   0.2880  0.2310  0.0730  0.0240  0.3840  1
 73:   0.0090  0.0100  0.0100  0.9620  0.0090  1
 74:   0.2420  0.4040  0.0450  0.0340  0.2750  1
 75:   0.0300  0.0180  0.9060  0.0050  0.0410  1
 76:   0.0070  0.0060  0.0070  0.9740  0.0060  1
 77:   0.0080  0.0080  0.0070  0.9680  0.0090  1
 78:   0.0170  0.0180  0.9349  0.0140  0.0160  1
 79:   0.0110  0.0090  0.0190  0.9510  0.0100  1
 80:   0.0330  0.1480  0.7490  0.0400  0.0300  1
 81:   0.3447  0.1718  0.0290  0.0050  0.4496  1
 82:   0.0260  0.0320  0.9109  0.0040  0.0270  1
 83:   0.0480  0.1030  0.7870  0.0130  0.0490  1
 84:   0.0080  0.0090  0.0060  0.9690  0.0080  1
 85:   0.2620  0.1470  0.0760  0.2490  0.2660  1
 86:   0.2430  0.0900  0.2630  0.0180  0.3860  1
 87:   0.3850  0.0470  0.0220  0.0060  0.5400  1
 88:   0.2212  0.1241  0.4104  0.0240  0.2202  1
 89:   0.3187  0.2767  0.0759  0.0150  0.3137  1
 90:   0.2537  0.4895  0.0719  0.0090  0.1758  1
 91:   0.3714  0.1441  0.0591  0.0140  0.4114  1
 92:   0.1578  0.0210  0.5485  0.0100  0.2627  1
 93:   0.3243  0.2913  0.0170  0.0060  0.3614  1
 94:   0.2220  0.6240  0.0140  0.0070  0.1330  1
 95:   0.3796  0.1039  0.0949  0.0180  0.4036  1
 96:   0.0180  0.0140  0.9141  0.0330  0.0210  1
 97:   0.0561  0.0531  0.8238  0.0140  0.0531  1
 98:   0.0180  0.0160  0.0180  0.9270  0.0210  1
 99:   0.1872  0.5616  0.0501  0.0410  0.1602  1
100:   0.2830  0.4070  0.0310  0.0400  0.2390  1
101:   0.3163  0.3624  0.0090  0.0140  0.2983  1
102:   0.0430  0.0390  0.8650  0.0050  0.0480  1
103:   0.2382  0.4034  0.1301  0.0340  0.1942  1
104:   0.2620  0.4520  0.0150  0.0350  0.2360  1
105:   0.3080  0.3480  0.0240  0.0110  0.3090  1
106:   0.0170  0.0230  0.0140  0.9310  0.0150  1
107:   0.0610  0.1310  0.6730  0.0770  0.0580  1
108:   0.2220  0.5840  0.0210  0.0080  0.1650  1
109:   0.0490  0.0360  0.8509  0.0160  0.0480  1
110:   0.3183  0.0501  0.1642  0.0080  0.4595  1
111:   0.1351  0.0901  0.1081  0.4885  0.1782  1
112:   0.2727  0.2977  0.0689  0.0070  0.3536  1
113:   0.3854  0.1381  0.0380  0.0170  0.4214  1
114:   0.1270  0.1220  0.5510  0.0730  0.1270  1
115:   0.3594  0.3043  0.0330  0.0070  0.2963  1
116:   0.4590  0.1440  0.0280  0.0070  0.3620  1
117:   0.2740  0.5010  0.0160  0.0040  0.2050  1
118:   0.2610  0.5120  0.0150  0.0140  0.1980  1
119:   0.4260  0.1920  0.0170  0.0070  0.3580  1
120:   0.4240  0.2000  0.0120  0.0280  0.3360  1
121:   0.3227  0.3447  0.0170  0.0110  0.3047  1
122:   0.3856  0.1449  0.0599  0.0100  0.3996  1
123:   0.3740  0.0770  0.0740  0.0090  0.4660  1
124:   0.3944  0.1802  0.0160  0.0300  0.3794  1
125:   0.3067  0.4346  0.0160  0.0070  0.2358  1
126:   0.3280  0.4300  0.0090  0.0070  0.2260  1
127:   0.2770  0.5290  0.0100  0.0040  0.1800  1
128:   0.3190  0.2280  0.1170  0.0150  0.3210  1
129:   0.3080  0.0950  0.0960  0.0100  0.4910  1
130:   0.2910  0.3850  0.0780  0.0110  0.2350  1
131:   0.2980  0.3480  0.1190  0.0070  0.2280  1
132:   0.1810  0.6470  0.0280  0.0170  0.1270  1
133:   0.3966  0.2517  0.0140  0.0100  0.3277  1
134:   0.3954  0.2212  0.0240  0.0190  0.3403  1
135:   0.3770  0.0940  0.0720  0.0060  0.4510  1
136:   0.3760  0.2710  0.0620  0.0070  0.2840  1
137:   0.4144  0.0260  0.0120  0.0110  0.5365  1
138:   0.1860  0.1500  0.4930  0.0080  0.1630  1
139:   0.3020  0.4740  0.0110  0.0060  0.2070  1
140:   0.4220  0.1550  0.0530  0.0050  0.3650  1
141:   0.3790  0.2990  0.0300  0.0080  0.2840  1
142:   0.3437  0.3247  0.0220  0.0080  0.3017  1
143:   0.2890  0.3970  0.0460  0.0250  0.2430  1
144:   0.3260  0.4030  0.0510  0.0050  0.2150  1
145:   0.3856  0.3337  0.0210  0.0060  0.2537  1
146:   0.1788  0.0669  0.4835  0.0070  0.2637  1
147:   0.4364  0.1532  0.0180  0.0070  0.3854  1
148:   0.3940  0.1750  0.0450  0.0110  0.3750  1
149:   0.3000  0.4840  0.0110  0.0040  0.2010  1
150:   0.2890  0.2800  0.1700  0.0160  0.2450  1
151:   0.4130  0.1250  0.0930  0.0110  0.3580  1
152:   0.3423  0.1602  0.0440  0.0040  0.4494  1
153:   0.3560  0.0470  0.0770  0.0130  0.5070  1
154:   0.3970  0.0440  0.0170  0.0120  0.5300  1
155:   0.3576  0.1738  0.0280  0.1199  0.3207  1
156:   0.4434  0.1351  0.0220  0.0090  0.3904  1
157:   0.3960  0.3190  0.0120  0.0110  0.2620  1
158:   0.2620  0.3540  0.0590  0.0980  0.2270  1
159:   0.2380  0.0480  0.2220  0.1290  0.3630  1
160:   0.2550  0.0750  0.2590  0.0470  0.3640  1
161:   0.3914  0.0170  0.0230  0.0080  0.5606  1
162:   0.3950  0.0170  0.0160  0.0060  0.5660  1
163:   0.4020  0.0120  0.0100  0.0070  0.5690  1
164:   0.2498  0.1798  0.3277  0.0270  0.2158  1
165:   0.2960  0.0650  0.2830  0.0320  0.3240  1
166:   0.2620  0.2960  0.1830  0.0050  0.2540  1
167:   0.4016  0.1538  0.0280  0.0130  0.4036  1
168:   0.4030  0.0350  0.0150  0.0050  0.5420  1
169:   0.2458  0.0220  0.3267  0.0519  0.3536  1
170:   0.2800  0.1300  0.2880  0.0060  0.2960  1
171:   0.4040  0.0160  0.0120  0.0050  0.5630  1
172:   0.4140  0.1460  0.0430  0.0100  0.3870  1

  1:   0.1530  0.1740  0.1430  0.4300  0.1000  1
  2:   0.1648  0.1878  0.1648  0.3516  0.1309  1
  3:   0.6036  0.2623  0.0811  0.0070  0.0460  1
  4:   0.6434  0.2637  0.0320  0.0220  0.0390  1
  5:   0.6330  0.2590  0.0200  0.0470  0.0410  1
  6:   0.6356  0.2703  0.0090  0.0330  0.0521  1
  7:   0.6460  0.2750  0.0220  0.0130  0.0440  1
  8:   0.2480  0.5230  0.0170  0.0080  0.2040  1
  9:   0.4390  0.2270  0.0980  0.1500  0.0860  1
 10:   0.5385  0.2893  0.0390  0.0180  0.1151  1
 11:   0.2580  0.4210  0.0620  0.0580  0.2010  1
 12:   0.1612  0.3544  0.2643  0.0400  0.1802  1
 13:   0.2583  0.3193  0.0781  0.2002  0.1441  1
 14:   0.4655  0.3323  0.0781  0.0100  0.1141  1
 15:   0.3770  0.3030  0.2070  0.0220  0.0910  1
 16:   0.0080  0.0070  0.0090  0.9690  0.0070  1
 17:   0.0100  0.0140  0.9580  0.0070  0.0110  1
 18:   0.0060  0.0060  0.0040  0.9790  0.0050  1
 19:   0.0180  0.0270  0.9221  0.0090  0.0240  1
 20:   0.0080  0.0070  0.0050  0.9730  0.0070  1
 21:   0.0120  0.0100  0.0170  0.9439  0.0170  1
 22:   0.1960  0.3100  0.0260  0.0180  0.4500  1
 23:   0.0310  0.0220  0.8951  0.0130  0.0390  1
 24:   0.1050  0.0550  0.7150  0.0360  0.0890  1
 25:   0.2270  0.2840  0.1700  0.1800  0.1390  1
 26:   0.1060  0.0730  0.6980  0.0200  0.1030  1
 27:   0.0749  0.1119  0.6244  0.0080  0.1808  1
 28:   0.0110  0.0100  0.0100  0.9590  0.0100  1
 29:   0.0250  0.0200  0.8960  0.0080  0.0510  1
 30:   0.0140  0.0100  0.0120  0.9550  0.0090  1
 31:   0.3260  0.1690  0.2160  0.0330  0.2560  1
 32:   0.0190  0.0200  0.0090  0.9321  0.0200  1
 33:   0.2050  0.3440  0.2500  0.0090  0.1920  1
 34:   0.0220  0.0170  0.9189  0.0050  0.0370  1
 35:   0.6740  0.2500  0.0130  0.0170  0.0460  1
 36:   0.1030  0.0450  0.6140  0.0080  0.2300  1
 37:   0.0150  0.0130  0.0100  0.9520  0.0100  1
 38:   0.2920  0.1860  0.0170  0.0080  0.4970  1
 39:   0.0140  0.0150  0.9550  0.0040  0.0120  1
 40:   0.0980  0.0980  0.6810  0.0110  0.1120  1
 41:   0.3350  0.3820  0.1000  0.0120  0.1710  1
 42:   0.0060  0.0050  0.0050  0.9780  0.0060  1
 43:   0.1840  0.1310  0.3670  0.1180  0.2000  1
 44:   0.1469  0.1069  0.6484  0.0080  0.0899  1
 45:   0.3070  0.4540  0.0950  0.0050  0.1390  1
 46:   0.0190  0.0170  0.9419  0.0080  0.0140  1
 47:   0.2410  0.2180  0.0760  0.0120  0.4530  1
 48:   0.0140  0.0140  0.0090  0.9470  0.0160  1
 49:   0.0120  0.0100  0.9620  0.0050  0.0110  1
 50:   0.0701  0.0290  0.8719  0.0060  0.0230  1
 51:   0.0701  0.0460  0.8589  0.0060  0.0190  1
 52:   0.0140  0.0110  0.9470  0.0100  0.0180  1
 53:   0.0871  0.1982  0.0711  0.5305  0.1131  1
 54:   0.0620  0.0310  0.8700  0.0140  0.0230  1
 55:   0.4970  0.3530  0.0330  0.0100  0.1070  1
 56:   0.4750  0.3560  0.0200  0.0060  0.1430  1
 57:   0.3477  0.2887  0.0549  0.0100  0.2987  1
 58:   0.0070  0.0060  0.0060  0.9750  0.0060  1
 59:   0.0260  0.0100  0.0110  0.9039  0.0490  1
 60:   0.0250  0.0340  0.9070  0.0090  0.0250  1
 61:   0.0290  0.0180  0.9360  0.0050  0.0120  1
 62:   0.4810  0.2200  0.1800  0.0080  0.1110  1
 63:   0.2630  0.3460  0.0660  0.0050  0.3200  1
 64:   0.0851  0.2132  0.5335  0.0260  0.1421  1
 65:   0.0140  0.0110  0.0060  0.9600  0.0090  1
 66:   0.0180  0.0160  0.0110  0.9360  0.0190  1
 67:   0.0310  0.0190  0.0540  0.8800  0.0160  1
 68:   0.1890  0.1610  0.5300  0.0230  0.0970  1
 69:   0.3570  0.2550  0.0680  0.0060  0.3140  1
 70:   0.1060  0.1750  0.3920  0.0060  0.3210  1
 71:   0.6400  0.2450  0.0270  0.0090  0.0790  1
 72:   0.3360  0.1970  0.0780  0.0250  0.3640  1
 73:   0.0120  0.0090  0.0090  0.9620  0.0080  1
 74:   0.1390  0.4240  0.0460  0.0350  0.3560  1
 75:   0.0250  0.0180  0.9110  0.0050  0.0410  1
 76:   0.0060  0.0060  0.0070  0.9740  0.0070  1
 77:   0.0090  0.0090  0.0070  0.9660  0.0090  1
 78:   0.0250  0.0140  0.9330  0.0140  0.0140  1
 79:   0.0100  0.0080  0.0200  0.9510  0.0110  1
 80:   0.0511  0.0941  0.7508  0.0420  0.0621  1
 81:   0.2890  0.2070  0.0340  0.0050  0.4650  1
 82:   0.0340  0.0370  0.8971  0.0050  0.0270  1
 83:   0.1430  0.0610  0.7620  0.0140  0.0200  1
 84:   0.0090  0.0080  0.0060  0.9690  0.0080  1
 85:   0.2710  0.1510  0.0720  0.2540  0.2520  1
 86:   0.2330  0.0920  0.2520  0.0160  0.4070  1
 87:   0.2590  0.0650  0.0190  0.0060  0.6510  1
 88:   0.1960  0.1250  0.4160  0.0240  0.2390  1
 89:   0.4660  0.2420  0.0840  0.0150  0.1930  1
 90:   0.2140  0.4940  0.0750  0.0090  0.2080  1
 91:   0.1990  0.2350  0.0500  0.0130  0.5030  1
 92:   0.0980  0.0230  0.5310  0.0110  0.3370  1
 93:   0.4690  0.2660  0.0160  0.0070  0.2420  1
 94:   0.1578  0.5974  0.0140  0.0070  0.2238  1
 95:   0.2222  0.1852  0.1131  0.0190  0.4605  1
 96:   0.0210  0.0130  0.9060  0.0370  0.0230  1
 97:   0.0660  0.0380  0.8350  0.0130  0.0480  1
 98:   0.0180  0.0190  0.0180  0.9250  0.0200  1
 99:   0.1700  0.4910  0.0550  0.0400  0.2440  1
100:   0.5696  0.2943  0.0290  0.0380  0.0691  1
101:   0.4910  0.2970  0.0100  0.0120  0.1900  1
102:   0.0430  0.0380  0.8700  0.0050  0.0440  1
103:   0.5090  0.2540  0.1280  0.0340  0.0750  1
104:   0.6740  0.2420  0.0140  0.0310  0.0390  1
105:   0.3906  0.3536  0.0220  0.0110  0.2228  1
106:   0.0220  0.0210  0.0150  0.9289  0.0130  1
107:   0.0970  0.0710  0.6890  0.0840  0.0590  1
108:   0.1630  0.5800  0.0190  0.0070  0.2310  1
109:   0.0590  0.0420  0.8320  0.0170  0.0500  1
110:   0.2410  0.0640  0.1280  0.0080  0.5590  1
111:   0.1319  0.0699  0.0889  0.4855  0.2238  1
112:   0.3130  0.2580  0.0900  0.0070  0.3320  1
113:   0.3017  0.1508  0.0370  0.0160  0.4945  1
114:   0.1512  0.0901  0.5836  0.0721  0.1031  1
115:   0.2523  0.4284  0.0350  0.0080  0.2763  1
116:   0.2300  0.3760  0.0270  0.0070  0.3600  1
117:   0.0600  0.6590  0.0190  0.0040  0.2580  1
118:   0.4635  0.3756  0.0180  0.0140  0.1289  1
119:   0.3030  0.3370  0.0150  0.0070  0.3380  1
120:   0.2482  0.4284  0.0120  0.0260  0.2853  1
121:   0.2328  0.4515  0.0190  0.0100  0.2867  1
122:   0.2600  0.2450  0.0680  0.0100  0.4170  1
123:   0.2600  0.1220  0.0720  0.0090  0.5370  1
124:   0.3030  0.2370  0.0160  0.0280  0.4160  1
125:   0.1139  0.5804  0.0160  0.0070  0.2827  1
126:   0.2480  0.5450  0.0090  0.0070  0.1910  1
127:   0.0360  0.7107  0.0110  0.0040  0.2382  1
128:   0.2310  0.3180  0.1090  0.0140  0.3280  1
129:   0.2756  0.1072  0.0992  0.0090  0.5090  1
130:   0.1370  0.5510  0.0780  0.0100  0.2240  1
131:   0.1040  0.5400  0.1360  0.0070  0.2130  1
132:   0.2220  0.5200  0.0300  0.0160  0.2120  1
133:   0.2730  0.4280  0.0150  0.0100  0.2740  1
134:   0.3570  0.3770  0.0260  0.0200  0.2200  1
135:   0.2570  0.1530  0.0780  0.0060  0.5060  1
136:   0.1760  0.5070  0.0600  0.0070  0.2500  1
137:   0.2470  0.0520  0.0130  0.0120  0.6760  1
138:   0.1210  0.2060  0.4970  0.0090  0.1670  1
139:   0.0511  0.6817  0.0110  0.0060  0.2503  1
140:   0.2240  0.3410  0.0660  0.0060  0.3630  1
141:   0.1590  0.5150  0.0300  0.0080  0.2880  1
142:   0.2973  0.3964  0.0260  0.0080  0.2723  1
143:   0.3946  0.3037  0.0460  0.0250  0.2308  1
144:   0.0970  0.6070  0.0560  0.0040  0.2360  1
145:   0.1960  0.5840  0.0180  0.0060  0.1960  1
146:   0.1190  0.0820  0.4990  0.0070  0.2930  1
147:   0.2627  0.3337  0.0230  0.0080  0.3726  1
148:   0.2130  0.3290  0.0450  0.0110  0.4020  1
149:   0.0370  0.7060  0.0110  0.0040  0.2420  1
150:   0.2070  0.3920  0.1800  0.0150  0.2060  1
151:   0.2380  0.2670  0.0960  0.0120  0.3870  1
152:   0.2180  0.2060  0.0530  0.0050  0.5180  1
153:   0.2590  0.0470  0.0670  0.0140  0.6130  1
154:   0.2720  0.0490  0.0180  0.0120  0.6490  1
155:   0.2913  0.2943  0.0280  0.1191  0.2673  1
156:   0.2238  0.3636  0.0230  0.0090  0.3806  1
157:   0.1440  0.5790  0.0110  0.0110  0.2550  1
158:   0.3500  0.2890  0.0670  0.1010  0.1930  1
159:   0.1351  0.0551  0.2242  0.1361  0.4494  1
160:   0.1618  0.0999  0.2567  0.0440  0.4376  1
161:   0.2492  0.0160  0.0220  0.0070  0.7057  1
162:   0.2490  0.0190  0.0160  0.0060  0.7100  1
163:   0.2460  0.0150  0.0090  0.0080  0.7220  1
164:   0.2392  0.2242  0.3353  0.0270  0.1742  1
165:   0.1920  0.1250  0.2960  0.0360  0.3510  1
166:   0.3654  0.2573  0.1762  0.0050  0.1962  1
167:   0.3200  0.2470  0.0280  0.0120  0.3930  1
168:   0.2470  0.0500  0.0130  0.0050  0.6850  1
169:   0.1740  0.0210  0.3280  0.0550  0.4220  1
170:   0.2068  0.1908  0.3007  0.0060  0.2957  1
171:   0.2507  0.0220  0.0100  0.0060  0.7113  1
172:   0.2800  0.3020  0.0450  0.0110  0.3620  1

  1:   0.1820  0.1880  0.1340  0.4250  0.0710  1
  2:   0.2270  0.2230  0.1340  0.3300  0.0860  1
  3:   0.7473  0.0939  0.0709  0.0070  0.0809  1
  4:   0.8050  0.0610  0.0300  0.0200  0.0840  1
  5:   0.7770  0.0810  0.0200  0.0420  0.0800  1
  6:   0.7810  0.0670  0.0090  0.0360  0.1070  1
  7:   0.8010  0.0680  0.0240  0.0140  0.0930  1
  8:   0.2893  0.6426  0.0150  0.0080  0.0450  1
  9:   0.5075  0.1698  0.0959  0.1538  0.0729  1
 10:   0.6500  0.1910  0.0320  0.0170  0.1100  1
 11:   0.3040  0.5180  0.0510  0.0570  0.0700  1
 12:   0.2370  0.4500  0.2240  0.0380  0.0510  1
 13:   0.3407  0.3407  0.0649  0.1838  0.0699  1
 14:   0.5185  0.2643  0.0811  0.0100  0.1261  1
 15:   0.4635  0.2567  0.1878  0.0220  0.0699  1
 16:   0.0090  0.0070  0.0080  0.9690  0.0070  1
 17:   0.0110  0.0140  0.9580  0.0070  0.0100  1
 18:   0.0050  0.0060  0.0040  0.9800  0.0050  1
 19:   0.0210  0.0370  0.9179  0.0090  0.0150  1
 20:   0.0080  0.0080  0.0050  0.9710  0.0080  1
 21:   0.0110  0.0110  0.0160  0.9430  0.0190  1
 22:   0.2118  0.4076  0.0260  0.0170  0.3377  1
 23:   0.0300  0.0170  0.9020  0.0120  0.0390  1
 24:   0.1120  0.0400  0.7300  0.0320  0.0860  1
 25:   0.2470  0.2780  0.1820  0.1840  0.1090  1
 26:   0.1371  0.0661  0.6637  0.0190  0.1141  1
 27:   0.0560  0.1380  0.6130  0.0080  0.1850  1
 28:   0.0100  0.0110  0.0090  0.9600  0.0100  1
 29:   0.0160  0.0180  0.8949  0.0080  0.0631  1
 30:   0.0140  0.0080  0.0120  0.9570  0.0090  1
 31:   0.3960  0.1040  0.1900  0.0340  0.2760  1
 32:   0.0200  0.0190  0.0090  0.9350  0.0170  1
 33:   0.2660  0.4200  0.2270  0.0080  0.0790  1
 34:   0.0180  0.0170  0.9199  0.0050  0.0400  1
 35:   0.8320  0.0340  0.0110  0.0180  0.1050  1
 36:   0.0750  0.0350  0.6120  0.0080  0.2700  1
 37:   0.0150  0.0130  0.0100  0.9520  0.0100  1
 38:   0.3130  0.1770  0.0170  0.0090  0.4840  1
 39:   0.0180  0.0150  0.9500  0.0040  0.0130  1
 40:   0.1171  0.1481  0.6366  0.0120  0.0861  1
 41:   0.3574  0.3804  0.0961  0.0110  0.1552  1
 42:   0.0060  0.0050  0.0050  0.9780  0.0060  1
 43:   0.1580  0.1200  0.3560  0.1170  0.2490  1
 44:   0.1430  0.0960  0.6600  0.0080  0.0930  1
 45:   0.3520  0.4890  0.0880  0.0050  0.0660  1
 46:   0.0220  0.0120  0.9440  0.0080  0.0140  1
 47:   0.2438  0.2597  0.0719  0.0130  0.4116  1
 48:   0.0120  0.0140  0.0090  0.9490  0.0160  1
 49:   0.0110  0.0090  0.9630  0.0050  0.0120  1
 50:   0.0790  0.0210  0.8700  0.0060  0.0240  1
 51:   0.0790  0.0330  0.8630  0.0060  0.0190  1
 52:   0.0120  0.0110  0.9451  0.0110  0.0210  1
 53:   0.1059  0.2008  0.0769  0.5255  0.0909  1
 54:   0.0871  0.0220  0.8549  0.0140  0.0220  1
 55:   0.5560  0.3030  0.0310  0.0100  0.1000  1
 56:   0.5450  0.3070  0.0200  0.0060  0.1220  1
 57:   0.3440  0.2830  0.0580  0.0100  0.3050  1
 58:   0.0070  0.0050  0.0050  0.9770  0.0060  1
 59:   0.0150  0.0110  0.0100  0.9039  0.0601  1
 60:   0.0340  0.0430  0.8931  0.0100  0.0200  1
 61:   0.0250  0.0170  0.9390  0.0050  0.0140  1
 62:   0.5395  0.1221  0.1892  0.0080  0.1411  1
 63:   0.1980  0.3610  0.0740  0.0040  0.3630  1
 64:   0.1151  0.3163  0.5215  0.0250  0.0220  1
 65:   0.0110  0.0100  0.0050  0.9630  0.0110  1
 66:   0.0160  0.0150  0.0120  0.9379  0.0190  1
 67:   0.0320  0.0140  0.0570  0.8810  0.0160  1
 68:   0.2322  0.1732  0.5115  0.0220  0.0611  1
 69:   0.4440  0.2140  0.0570  0.0070  0.2780  1
 70:   0.0820  0.2350  0.4060  0.0060  0.2710  1
 71:   0.7860  0.0450  0.0260  0.0090  0.1340  1
 72:   0.3950  0.1590  0.0700  0.0240  0.3520  1
 73:   0.0120  0.0080  0.0100  0.9620  0.0080  1
 74:   0.1642  0.5435  0.0440  0.0340  0.2142  1
 75:   0.0210  0.0170  0.9160  0.0050  0.0410  1
 76:   0.0060  0.0050  0.0070  0.9750  0.0070  1
 77:   0.0090  0.0080  0.0070  0.9670  0.0090  1
 78:   0.0180  0.0120  0.9450  0.0130  0.0120  1
 79:   0.0090  0.0080  0.0200  0.9530  0.0100  1
 80:   0.0800  0.1290  0.7310  0.0420  0.0180  1
 81:   0.3227  0.2078  0.0280  0.0050  0.4366  1
 82:   0.0250  0.0370  0.9080  0.0050  0.0250  1
 83:   0.1339  0.0310  0.7952  0.0130  0.0270  1
 84:   0.0090  0.0080  0.0060  0.9690  0.0080  1
 85:   0.2128  0.1299  0.0809  0.2677  0.3087  1
 86:   0.2240  0.0570  0.2780  0.0160  0.4250  1
 87:   0.1390  0.0780  0.0200  0.0070  0.7560  1
 88:   0.1399  0.0999  0.4246  0.0230  0.3127  1
 89:   0.5115  0.1381  0.0761  0.0160  0.2583  1
 90:   0.2260  0.6170  0.0730  0.0090  0.0750  1
 91:   0.1040  0.3060  0.0520  0.0150  0.5230  1
 92:   0.0790  0.0220  0.5390  0.0100  0.3500  1
 93:   0.5840  0.1540  0.0180  0.0070  0.2370  1
 94:   0.2210  0.7120  0.0140  0.0070  0.0460  1
 95:   0.1320  0.1690  0.1090  0.0210  0.5690  1
 96:   0.0180  0.0110  0.9119  0.0340  0.0250  1
 97:   0.0790  0.0290  0.8230  0.0130  0.0560  1
 98:   0.0150  0.0180  0.0180  0.9279  0.0210  1
 99:   0.2200  0.6100  0.0550  0.0410  0.0740  1
100:   0.6653  0.1449  0.0280  0.0440  0.1179  1
101:   0.6080  0.2020  0.0090  0.0150  0.1660  1
102:   0.0490  0.0400  0.8590  0.0050  0.0470  1
103:   0.5766  0.1652  0.1401  0.0350  0.0831  1
104:   0.8320  0.0260  0.0120  0.0360  0.0940  1
105:   0.4780  0.2860  0.0200  0.0110  0.2050  1
106:   0.0270  0.0170  0.0140  0.9300  0.0120  1
107:   0.1290  0.0720  0.6750  0.0770  0.0470  1
108:   0.2040  0.7170  0.0180  0.0080  0.0530  1
109:   0.0460  0.0350  0.8460  0.0160  0.0570  1
110:   0.1790  0.0530  0.1400  0.0080  0.6200  1
111:   0.1259  0.0569  0.1039  0.4865  0.2268  1
112:   0.3990  0.2570  0.0720  0.0070  0.2650  1
113:   0.1950  0.1490  0.0420  0.0160  0.5980  1
114:   0.1760  0.0820  0.5580  0.0710  0.1130  1
115:   0.2730  0.4430  0.0320  0.0080  0.2440  1
116:   0.0670  0.4170  0.0270  0.0070  0.4820  1
117:   0.0710  0.8680  0.0160  0.0040  0.0410  1
118:   0.5260  0.3370  0.0150  0.0130  0.1090  1
119:   0.2170  0.3570  0.0150  0.0070  0.4040  1
120:   0.1390  0.4440  0.0130  0.0270  0.3770  1
121:   0.2500  0.4840  0.0160  0.0110  0.2390  1
122:   0.1722  0.2312  0.0561  0.0090  0.5315  1
123:   0.1440  0.1240  0.0720  0.0090  0.6510  1
124:   0.1902  0.2202  0.0150  0.0300  0.5445  1
125:   0.1341  0.6947  0.0150  0.0070  0.1491  1
126:   0.3120  0.5880  0.0090  0.0070  0.0840  1
127:   0.0701  0.8809  0.0100  0.0040  0.0350  1
128:   0.1970  0.3530  0.1190  0.0140  0.3170  1
129:   0.2587  0.0699  0.0979  0.0090  0.5644  1
130:   0.1331  0.6677  0.0721  0.0100  0.1171  1
131:   0.0980  0.6690  0.1070  0.0070  0.1190  1
132:   0.2900  0.6080  0.0250  0.0160  0.0610  1
133:   0.1632  0.4745  0.0130  0.0090  0.3403  1
134:   0.2490  0.4050  0.0250  0.0200  0.3010  1
135:   0.1420  0.1600  0.0630  0.0060  0.6290  1
136:   0.0919  0.5724  0.0599  0.0070  0.2687  1
137:   0.0861  0.0531  0.0120  0.0110  0.8378  1
138:   0.0912  0.2295  0.4980  0.0080  0.1733  1
139:   0.0560  0.8560  0.0100  0.0060  0.0720  1
140:   0.0900  0.3210  0.0610  0.0060  0.5220  1
141:   0.1070  0.5820  0.0320  0.0080  0.2710  1
142:   0.3400  0.4070  0.0230  0.0090  0.2210  1
143:   0.4585  0.2827  0.0470  0.0250  0.1868  1
144:   0.0971  0.7117  0.0501  0.0040  0.1371  1
145:   0.1740  0.6430  0.0200  0.0060  0.1570  1
146:   0.1120  0.0820  0.4900  0.0070  0.3090  1
147:   0.1580  0.3640  0.0230  0.0080  0.4470  1
148:   0.1010  0.3730  0.0440  0.0100  0.4720  1
149:   0.0410  0.8990  0.0110  0.0040  0.0450  1
150:   0.2070  0.4050  0.1580  0.0150  0.2150  1
151:   0.0971  0.3063  0.0871  0.0110  0.4985  1
152:   0.1720  0.2490  0.0470  0.0050  0.5270  1
153:   0.1470  0.0420  0.0670  0.0140  0.7300  1
154:   0.1251  0.0531  0.0190  0.0120  0.7908  1
155:   0.1858  0.2867  0.0260  0.1189  0.3826  1
156:   0.0570  0.3890  0.0200  0.0090  0.5250  1
157:   0.0910  0.6580  0.0110  0.0110  0.2290  1
158:   0.3816  0.2368  0.0679  0.1049  0.2088  1
159:   0.0950  0.0480  0.2090  0.1290  0.5190  1
160:   0.1010  0.0930  0.2590  0.0410  0.5060  1
161:   0.0949  0.0150  0.0250  0.0080  0.8571  1
162:   0.0950  0.0220  0.0140  0.0060  0.8630  1
163:   0.0870  0.0150  0.0090  0.0070  0.8820  1
164:   0.2150  0.1860  0.3380  0.0260  0.2350  1
165:   0.0750  0.1230  0.2910  0.0320  0.4790  1
166:   0.3960  0.1940  0.1820  0.0050  0.2230  1
167:   0.2190  0.2430  0.0270  0.0130  0.4980  1
168:   0.0890  0.0550  0.0150  0.0050  0.8360  1
169:   0.0681  0.0140  0.3413  0.0480  0.5285  1
170:   0.1528  0.1858  0.2937  0.0060  0.3616  1
171:   0.0990  0.0200  0.0090  0.0050  0.8670  1
172:   0.1672  0.3123  0.0460  0.0110  0.4635  1

  1:   0.1249  0.1888  0.1279  0.4346  0.1239  1
  2:   0.1750  0.2190  0.1380  0.3410  0.1270  1
  3:   0.4370  0.1710  0.0700  0.0070  0.3150  1
  4:   0.4670  0.1450  0.0290  0.0230  0.3360  1
  5:   0.4450  0.1550  0.0220  0.0490  0.3290  1
  6:   0.4645  0.1329  0.0090  0.0380  0.3556  1
  7:   0.4680  0.1500  0.0230  0.0130  0.3460  1
  8:   0.2148  0.5435  0.0160  0.0080  0.2178  1
  9:   0.2920  0.2220  0.1010  0.1570  0.2280  1
 10:   0.4294  0.1982  0.0350  0.0180  0.3193  1
 11:   0.2188  0.4785  0.0500  0.0509  0.2018  1
 12:   0.1612  0.4244  0.2302  0.0340  0.1502  1
 13:   0.2060  0.3380  0.0740  0.1990  0.1830  1
 14:   0.3790  0.2350  0.0820  0.0100  0.2940  1
 15:   0.2860  0.2550  0.2000  0.0240  0.2350  1
 16:   0.0080  0.0070  0.0080  0.9690  0.0080  1
 17:   0.0120  0.0140  0.9570  0.0070  0.0100  1
 18:   0.0050  0.0060  0.0040  0.9800  0.0050  1
 19:   0.0230  0.0490  0.8980  0.0090  0.0210  1
 20:   0.0070  0.0080  0.0050  0.9720  0.0080  1
 21:   0.0140  0.0120  0.0170  0.9410  0.0160  1
 22:   0.2940  0.4080  0.0270  0.0180  0.2530  1
 23:   0.0390  0.0250  0.8909  0.0120  0.0330  1
 24:   0.1110  0.0510  0.7090  0.0370  0.0920  1
 25:   0.1660  0.2850  0.1830  0.1890  0.1770  1
 26:   0.1491  0.0821  0.6496  0.0220  0.0971  1
 27:   0.1190  0.1430  0.5930  0.0090  0.1360  1
 28:   0.0110  0.0110  0.0100  0.9580  0.0100  1
 29:   0.0330  0.0360  0.8779  0.0080  0.0450  1
 30:   0.0120  0.0080  0.0130  0.9570  0.0100  1
 31:   0.3350  0.1630  0.2040  0.0350  0.2630  1
 32:   0.0190  0.0190  0.0080  0.9360  0.0180  1
 33:   0.1988  0.3906  0.2258  0.0080  0.1768  1
 34:   0.0260  0.0220  0.9150  0.0050  0.0320  1
 35:   0.5090  0.1060  0.0140  0.0190  0.3520  1
 36:   0.1532  0.0771  0.6166  0.0080  0.1451  1
 37:   0.0140  0.0120  0.0100  0.9520  0.0120  1
 38:   0.4316  0.2008  0.0190  0.0090  0.3397  1
 39:   0.0150  0.0150  0.9530  0.0040  0.0130  1
 40:   0.1210  0.1570  0.6170  0.0120  0.0930  1
 41:   0.3120  0.3070  0.0970  0.0120  0.2720  1
 42:   0.0060  0.0050  0.0050  0.9780  0.0060  1
 43:   0.1890  0.1390  0.3490  0.1110  0.2120  1
 44:   0.1179  0.0979  0.6833  0.0080  0.0929  1
 45:   0.2530  0.4020  0.0990  0.0060  0.2400  1
 46:   0.0140  0.0130  0.9520  0.0080  0.0130  1
 47:   0.3410  0.2960  0.0680  0.0130  0.2820  1
 48:   0.0150  0.0150  0.0090  0.9459  0.0150  1
 49:   0.0110  0.0110  0.9620  0.0050  0.0110  1
 50:   0.0520  0.0220  0.8760  0.0060  0.0440  1
 51:   0.0450  0.0330  0.8831  0.0060  0.0330  1
 52:   0.0140  0.0110  0.9510  0.0100  0.0140  1
 53:   0.0900  0.1910  0.0710  0.5330  0.1150  1
 54:   0.0471  0.0281  0.8778  0.0140  0.0331  1
 55:   0.3700  0.2830  0.0300  0.0100  0.3070  1
 56:   0.4020  0.2490  0.0210  0.0060  0.3220  1
 57:   0.3786  0.2517  0.0539  0.0110  0.3047  1
 58:   0.0060  0.0060  0.0060  0.9750  0.0070  1
 59:   0.0280  0.0180  0.0110  0.9061  0.0370  1
 60:   0.0330  0.0460  0.8880  0.0090  0.0240  1
 61:   0.0180  0.0140  0.9480  0.0050  0.0150  1
 62:   0.3874  0.1331  0.1872  0.0080  0.2843  1
 63:   0.2917  0.3017  0.0679  0.0050  0.3337  1
 64:   0.1090  0.3070  0.4640  0.0240  0.0960  1
 65:   0.0110  0.0090  0.0060  0.9640  0.0100  1
 66:   0.0170  0.0170  0.0110  0.9379  0.0170  1
 67:   0.0220  0.0170  0.0539  0.8861  0.0210  1
 68:   0.1670  0.1840  0.5110  0.0230  0.1150  1
 69:   0.4136  0.2128  0.0679  0.0070  0.2987  1
 70:   0.1932  0.2442  0.3584  0.0050  0.1992  1
 71:   0.4860  0.1170  0.0230  0.0100  0.3640  1
 72:   0.4164  0.2022  0.0761  0.0250  0.2803  1
 73:   0.0110  0.0080  0.0100  0.9610  0.0100  1
 74:   0.2062  0.5125  0.0390  0.0330  0.2092  1
 75:   0.0300  0.0210  0.9101  0.0050  0.0340  1
 76:   0.0060  0.0060  0.0070  0.9740  0.0070  1
 77:   0.0090  0.0080  0.0070  0.9660  0.0100  1
 78:   0.0190  0.0150  0.9359  0.0140  0.0160  1
 79:   0.0100  0.0090  0.0180  0.9520  0.0110  1
 80:   0.0650  0.1440  0.7020  0.0430  0.0460  1
 81:   0.4306  0.2268  0.0340  0.0050  0.3037  1
 82:   0.0240  0.0330  0.9089  0.0040  0.0300  1
 83:   0.0880  0.0400  0.7950  0.0140  0.0630  1
 84:   0.0080  0.0080  0.0060  0.9690  0.0090  1
 85:   0.2330  0.1570  0.0800  0.2650  0.2650  1
 86:   0.3443  0.1371  0.2553  0.0160  0.2472  1
 87:   0.4020  0.1790  0.0220  0.0070  0.3900  1
 88:   0.1898  0.1409  0.3976  0.0250  0.2468  1
 89:   0.3890  0.1620  0.0800  0.0150  0.3540  1
 90:   0.1982  0.5085  0.0771  0.0090  0.2072  1
 91:   0.2910  0.3050  0.0540  0.0140  0.3360  1
 92:   0.2030  0.0680  0.5620  0.0100  0.1570  1
 93:   0.4745  0.1588  0.0170  0.0060  0.3437  1
 94:   0.1652  0.6336  0.0130  0.0070  0.1812  1
 95:   0.2810  0.2200  0.1130  0.0200  0.3660  1
 96:   0.0220  0.0140  0.9111  0.0340  0.0190  1
 97:   0.0621  0.0400  0.8288  0.0120  0.0571  1
 98:   0.0170  0.0180  0.0180  0.9259  0.0210  1
 99:   0.1842  0.5475  0.0440  0.0370  0.1872  1
100:   0.4084  0.1842  0.0330  0.0480  0.3263  1
101:   0.4535  0.1858  0.0090  0.0150  0.3367  1
102:   0.0501  0.0370  0.8719  0.0050  0.0360  1
103:   0.3754  0.1642  0.1471  0.0360  0.2773  1
104:   0.4975  0.1059  0.0130  0.0360  0.3477  1
105:   0.3816  0.2697  0.0220  0.0110  0.3157  1
106:   0.0200  0.0190  0.0170  0.9280  0.0160  1
107:   0.1069  0.0999  0.6354  0.0779  0.0799  1
108:   0.1720  0.6190  0.0160  0.0070  0.1860  1
109:   0.0510  0.0370  0.8360  0.0180  0.0580  1
110:   0.3846  0.1359  0.1638  0.0090  0.3067  1
111:   0.1672  0.0891  0.1061  0.4945  0.1431  1
112:   0.3876  0.2517  0.0739  0.0060  0.2807  1
113:   0.3400  0.2050  0.0410  0.0170  0.3970  1
114:   0.1580  0.0930  0.5520  0.0740  0.1230  1
115:   0.2873  0.3864  0.0340  0.0080  0.2843  1
116:   0.2190  0.3270  0.0270  0.0070  0.4200  1
117:   0.1179  0.6953  0.0150  0.0040  0.1678  1
118:   0.3696  0.2807  0.0160  0.0150  0.3187  1
119:   0.3040  0.2960  0.0160  0.0070  0.3770  1
120:   0.2110  0.3540  0.0120  0.0280  0.3950  1
121:   0.2830  0.4340  0.0160  0.0100  0.2570  1
122:   0.3110  0.2640  0.0620  0.0090  0.3540  1
123:   0.3447  0.2018  0.0699  0.0090  0.3746  1
124:   0.2767  0.2647  0.0160  0.0290  0.4136  1
125:   0.1780  0.5790  0.0150  0.0070  0.2210  1
126:   0.2580  0.4690  0.0090  0.0070  0.2570  1
127:   0.1079  0.7093  0.0100  0.0040  0.1688  1
128:   0.2268  0.3716  0.0979  0.0140  0.2897  1
129:   0.4156  0.1499  0.1099  0.0100  0.3147  1
130:   0.1630  0.5230  0.0790  0.0110  0.2240  1
131:   0.1300  0.4970  0.1460  0.0080  0.2190  1
132:   0.2028  0.5524  0.0270  0.0160  0.2018  1
133:   0.2650  0.3300  0.0130  0.0100  0.3820  1
134:   0.2700  0.2970  0.0250  0.0200  0.3880  1
135:   0.3320  0.2030  0.0710  0.0060  0.3880  1
136:   0.1830  0.4470  0.0530  0.0080  0.3090  1
137:   0.3307  0.1638  0.0120  0.0110  0.4825  1
138:   0.1250  0.2040  0.4930  0.0080  0.1700  1
139:   0.1241  0.6757  0.0110  0.0060  0.1832  1
140:   0.2290  0.3120  0.0580  0.0060  0.3950  1
141:   0.1818  0.4865  0.0310  0.0080  0.2927  1
142:   0.3260  0.3610  0.0230  0.0080  0.2820  1
143:   0.3760  0.2610  0.0440  0.0260  0.2930  1
144:   0.1510  0.5640  0.0470  0.0040  0.2340  1
145:   0.2050  0.4890  0.0210  0.0060  0.2790  1
146:   0.2138  0.1219  0.4825  0.0070  0.1748  1
147:   0.2960  0.3210  0.0250  0.0080  0.3500  1
148:   0.2507  0.3566  0.0420  0.0110  0.3397  1
149:   0.1040  0.7030  0.0110  0.0040  0.1780  1
150:   0.1970  0.3420  0.1710  0.0150  0.2750  1
151:   0.2330  0.2790  0.1040  0.0140  0.3700  1
152:   0.3477  0.2857  0.0509  0.0050  0.3107  1
153:   0.3784  0.1471  0.0761  0.0150  0.3834  1
154:   0.3716  0.1678  0.0200  0.0130  0.4276  1
155:   0.2190  0.2640  0.0260  0.1190  0.3720  1
156:   0.2200  0.3400  0.0170  0.0080  0.4150  1
157:   0.1650  0.5140  0.0110  0.0120  0.2980  1
158:   0.2900  0.2390  0.0740  0.1070  0.2900  1
159:   0.2733  0.1321  0.2152  0.1321  0.2472  1
160:   0.2773  0.1772  0.2362  0.0440  0.2653  1
161:   0.3420  0.1400  0.0270  0.0080  0.4830  1
162:   0.3514  0.1461  0.0150  0.0060  0.4815  1
163:   0.3520  0.1390  0.0090  0.0080  0.4920  1
164:   0.2072  0.1822  0.3383  0.0260  0.2462  1
165:   0.2168  0.1668  0.2597  0.0310  0.3257  1
166:   0.3350  0.1840  0.1970  0.0050  0.2790  1
167:   0.3163  0.2513  0.0280  0.0120  0.3924  1
168:   0.3373  0.1612  0.0140  0.0050  0.4825  1
169:   0.2138  0.0909  0.3307  0.0509  0.3137  1
170:   0.2282  0.2052  0.2783  0.0060  0.2823  1
171:   0.3483  0.1451  0.0110  0.0050  0.4905  1
172:   0.2670  0.2940  0.0480  0.0110  0.3800  1

  1:   0.1998  0.1708  0.1439  0.4256  0.0599  1
  2:   0.2730  0.1710  0.1420  0.3310  0.0830  1
  3:   0.8520  0.0630  0.0620  0.0070  0.0160  1
  4:   0.9040  0.0350  0.0240  0.0190  0.0180  1
  5:   0.8850  0.0410  0.0180  0.0400  0.0160  1
  6:   0.8520  0.0580  0.0090  0.0310  0.0500  1
  7:   0.9021  0.0410  0.0190  0.0120  0.0260  1
  8:   0.3604  0.5716  0.0160  0.0080  0.0440  1
  9:   0.6316  0.1181  0.0921  0.1351  0.0230  1
 10:   0.6950  0.1790  0.0360  0.0170  0.0730  1
 11:   0.4000  0.4320  0.0560  0.0570  0.0550  1
 12:   0.2877  0.3566  0.2847  0.0370  0.0340  1
 13:   0.4226  0.2887  0.0649  0.1798  0.0440  1
 14:   0.5370  0.2610  0.0810  0.0110  0.1100  1
 15:   0.5070  0.2240  0.2040  0.0220  0.0430  1
 16:   0.0090  0.0070  0.0080  0.9690  0.0070  1
 17:   0.0120  0.0130  0.9580  0.0070  0.0100  1
 18:   0.0060  0.0050  0.0040  0.9800  0.0050  1
 19:   0.0180  0.0350  0.9249  0.0080  0.0140  1
 20:   0.0080  0.0070  0.0050  0.9730  0.0070  1
 21:   0.0100  0.0100  0.0150  0.9459  0.0190  1
 22:   0.1930  0.3830  0.0280  0.0170  0.3790  1
 23:   0.0260  0.0210  0.8950  0.0140  0.0440  1
 24:   0.1109  0.0450  0.7163  0.0330  0.0949  1
 25:   0.2680  0.2800  0.1850  0.1860  0.0810  1
 26:   0.1440  0.0750  0.6490  0.0200  0.1120  1
 27:   0.0390  0.1440  0.6140  0.0090  0.1940  1
 28:   0.0110  0.0100  0.0080  0.9610  0.0100  1
 29:   0.0120  0.0250  0.8890  0.0080  0.0660  1
 30:   0.0150  0.0070  0.0120  0.9580  0.0080  1
 31:   0.4044  0.1111  0.1992  0.0310  0.2543  1
 32:   0.0220  0.0190  0.0080  0.9349  0.0160  1
 33:   0.2940  0.3560  0.2520  0.0080  0.0900  1
 34:   0.0140  0.0190  0.9191  0.0050  0.0430  1
 35:   0.9010  0.0360  0.0130  0.0170  0.0330  1
 36:   0.0480  0.0601  0.5976  0.0080  0.2863  1
 37:   0.0150  0.0130  0.0100  0.9520  0.0100  1
 38:   0.2030  0.2210  0.0180  0.0080  0.5500  1
 39:   0.0190  0.0160  0.9491  0.0040  0.0120  1
 40:   0.1170  0.1150  0.6590  0.0110  0.0980  1
 41:   0.3390  0.4030  0.0950  0.0110  0.1520  1
 42:   0.0060  0.0050  0.0050  0.9780  0.0060  1
 43:   0.1512  0.1311  0.3724  0.1131  0.2322  1
 44:   0.1340  0.1040  0.6640  0.0080  0.0900  1
 45:   0.3600  0.4820  0.0870  0.0050  0.0660  1
 46:   0.0210  0.0110  0.9480  0.0080  0.0120  1
 47:   0.2392  0.2462  0.0611  0.0110  0.4424  1
 48:   0.0130  0.0150  0.0090  0.9480  0.0150  1
 49:   0.0120  0.0090  0.9630  0.0050  0.0110  1
 50:   0.0910  0.0200  0.8640  0.0060  0.0190  1
 51:   0.0860  0.0290  0.8660  0.0060  0.0130  1
 52:   0.0110  0.0110  0.9491  0.0100  0.0190  1
 53:   0.1031  0.1952  0.0811  0.5325  0.0881  1
 54:   0.0881  0.0240  0.8609  0.0140  0.0130  1
 55:   0.5934  0.2827  0.0300  0.0100  0.0839  1
 56:   0.5470  0.3250  0.0220  0.0060  0.1000  1
 57:   0.2817  0.2887  0.0579  0.0100  0.3616  1
 58:   0.0060  0.0060  0.0060  0.9760  0.0060  1
 59:   0.0120  0.0130  0.0110  0.9080  0.0560  1
 60:   0.0380  0.0450  0.8881  0.0090  0.0200  1
 61:   0.0250  0.0140  0.9430  0.0050  0.0130  1
 62:   0.6040  0.1150  0.1650  0.0080  0.1080  1
 63:   0.1568  0.3816  0.0729  0.0050  0.3836  1
 64:   0.1540  0.2520  0.5410  0.0270  0.0260  1
 65:   0.0120  0.0100  0.0060  0.9610  0.0110  1
 66:   0.0160  0.0170  0.0110  0.9350  0.0210  1
 67:   0.0330  0.0130  0.0570  0.8830  0.0140  1
 68:   0.2513  0.1612  0.5195  0.0200  0.0480  1
 69:   0.3636  0.2547  0.0629  0.0070  0.3117  1
 70:   0.0470  0.2450  0.3980  0.0050  0.3050  1
 71:   0.8340  0.0570  0.0240  0.0090  0.0760  1
 72:   0.3660  0.1840  0.0700  0.0240  0.3560  1
 73:   0.0130  0.0070  0.0100  0.9630  0.0070  1
 74:   0.1670  0.5110  0.0430  0.0320  0.2470  1
 75:   0.0180  0.0220  0.9080  0.0050  0.0470  1
 76:   0.0060  0.0060  0.0070  0.9740  0.0070  1
 77:   0.0090  0.0080  0.0070  0.9680  0.0080  1
 78:   0.0300  0.0120  0.9319  0.0130  0.0130  1
 79:   0.0090  0.0080  0.0170  0.9540  0.0120  1
 80:   0.0949  0.0959  0.7522  0.0410  0.0160  1
 81:   0.2170  0.2520  0.0300  0.0050  0.4960  1
 82:   0.0300  0.0330  0.9110  0.0040  0.0220  1
 83:   0.1682  0.0270  0.7758  0.0150  0.0140  1
 84:   0.0090  0.0070  0.0060  0.9700  0.0080  1
 85:   0.2030  0.1560  0.0800  0.2590  0.3020  1
 86:   0.1752  0.0991  0.2442  0.0150  0.4665  1
 87:   0.0640  0.1240  0.0210  0.0060  0.7850  1
 88:   0.1449  0.1359  0.4136  0.0250  0.2807  1
 89:   0.5070  0.1480  0.0880  0.0150  0.2420  1
 90:   0.2432  0.5906  0.0761  0.0090  0.0811  1
 91:   0.0580  0.3150  0.0460  0.0140  0.5670  1
 92:   0.0310  0.0539  0.5275  0.0090  0.3786  1
 93:   0.5395  0.1948  0.0170  0.0070  0.2418  1
 94:   0.2700  0.6680  0.0130  0.0070  0.0420  1
 95:   0.0740  0.2350  0.1000  0.0170  0.5740  1
 96:   0.0150  0.0130  0.9061  0.0400  0.0260  1
 97:   0.0771  0.0290  0.8358  0.0140  0.0440  1
 98:   0.0160  0.0180  0.0180  0.9289  0.0190  1
 99:   0.2810  0.5400  0.0590  0.0420  0.0780  1
100:   0.7317  0.1261  0.0290  0.0400  0.0731  1
101:   0.5756  0.2362  0.0090  0.0140  0.1652  1
102:   0.0560  0.0380  0.8560  0.0050  0.0450  1
103:   0.6590  0.1380  0.1200  0.0300  0.0530  1
104:   0.9050  0.0310  0.0130  0.0320  0.0190  1
105:   0.4580  0.2940  0.0230  0.0120  0.2130  1
106:   0.0260  0.0180  0.0150  0.9309  0.0100  1
107:   0.1640  0.0690  0.6580  0.0720  0.0370  1
108:   0.2380  0.6660  0.0190  0.0080  0.0690  1
109:   0.0410  0.0400  0.8430  0.0180  0.0580  1
110:   0.0920  0.1060  0.1270  0.0080  0.6670  1
111:   0.1160  0.0740  0.0970  0.4850  0.2280  1
112:   0.3570  0.2620  0.0770  0.0070  0.2970  1
113:   0.1657  0.1846  0.0399  0.0160  0.5938  1
114:   0.1842  0.0761  0.5686  0.0651  0.1061  1
115:   0.2583  0.4464  0.0300  0.0070  0.2583  1
116:   0.0420  0.4336  0.0270  0.0070  0.4905  1
117:   0.0740  0.8180  0.0170  0.0040  0.0870  1
118:   0.6010  0.3040  0.0170  0.0140  0.0640  1
119:   0.1720  0.3850  0.0160  0.0060  0.4210  1
120:   0.1089  0.4775  0.0120  0.0260  0.3756  1
121:   0.2270  0.5010  0.0170  0.0110  0.2440  1
122:   0.1548  0.2807  0.0639  0.0100  0.4905  1
123:   0.0959  0.1648  0.0719  0.0090  0.6583  1
124:   0.1460  0.2780  0.0150  0.0310  0.5300  1
125:   0.1341  0.6597  0.0150  0.0070  0.1842  1
126:   0.3263  0.5596  0.0080  0.0070  0.0991  1
127:   0.0739  0.8372  0.0120  0.0040  0.0729  1
128:   0.1820  0.3360  0.1010  0.0150  0.3660  1
