1:    0.423 0.125 0.115 0.242 0.094 1    
2:    0.333 0.152 0.130 0.272 0.113 1    
3:    0.008 0.074 0.219 0.542 0.157 1    
4:    0.023 0.031 0.238 0.540 0.167 1    
5:    0.048 0.020 0.231 0.542 0.159 1    
6:    0.035 0.010 0.275 0.483 0.197 1    
7:    0.014 0.026 0.246 0.542 0.172 1    
8:    0.008 0.013 0.249 0.594 0.136 1    
9:    0.156 0.102 0.154 0.477 0.111 1    
10:   0.020 0.039 0.256 0.464 0.221 1    
11:   0.055 0.053 0.184 0.582 0.127 1    
12:   0.038 0.240 0.133 0.498 0.091 1    
13:   0.191 0.071 0.159 0.480 0.098 1    
14:   0.010 0.075 0.303 0.328 0.284 1    
15:   0.022 0.212 0.197 0.421 0.148 1    
16:   0.969 0.008 0.008 0.008 0.007 1    
17:   0.007 0.958 0.011 0.013 0.012 1    
18:   0.979 0.004 0.005 0.006 0.005 1    
19:   0.009 0.922 0.017 0.033 0.020 1    
20:   0.973 0.005 0.008 0.007 0.007 1    
21:   0.945 0.015 0.014 0.010 0.016 1    
22:   0.017 0.025 0.282 0.346 0.331 1    
23:   0.012 0.897 0.035 0.023 0.033 1    
24:   0.034 0.713 0.094 0.071 0.088 1    
25:   0.194 0.182 0.174 0.314 0.136 1    
26:   0.022 0.659 0.101 0.089 0.128 1    
27:   0.008 0.616 0.136 0.092 0.149 1    
28:   0.959 0.010 0.011 0.010 0.010 1    
29:   0.008 0.885 0.036 0.016 0.056 1    
30:   0.957 0.012 0.009 0.012 0.009 1    
31:   0.033 0.208 0.239 0.240 0.279 1    
32:   0.933 0.009 0.019 0.021 0.018 1    
33:   0.008 0.232 0.193 0.420 0.147 1    
34:   0.005 0.913 0.029 0.015 0.038 1    
35:   0.019 0.013 0.275 0.442 0.251 1    
36:   0.008 0.587 0.154 0.036 0.214 1    
37:   0.953 0.009 0.012 0.015 0.010 1    
38:   0.007 0.019 0.355 0.152 0.466 1    
39:   0.004 0.951 0.015 0.016 0.014 1    
40:   0.011 0.651 0.091 0.134 0.114 1    
41:   0.012 0.094 0.309 0.322 0.263 1    
42:   0.978 0.005 0.006 0.005 0.006 1    
43:   0.122 0.355 0.208 0.118 0.198 1    
44:   0.008 0.677 0.098 0.110 0.107 1    
45:   0.005 0.091 0.288 0.418 0.198 1    
46:   0.008 0.950 0.015 0.014 0.014 1    
47:   0.011 0.065 0.293 0.208 0.423 1    
48:   0.946 0.009 0.014 0.016 0.016 1    
49:   0.005 0.963 0.012 0.009 0.011 1    
50:   0.006 0.871 0.042 0.047 0.034 1    
51:   0.006 0.865 0.034 0.064 0.031 1    
52:   0.011 0.946 0.015 0.011 0.017 1    
53:   0.531 0.074 0.129 0.178 0.089 1    
54:   0.015 0.864 0.032 0.062 0.027 1    
55:   0.010 0.030 0.310 0.392 0.258 1    
56:   0.006 0.018 0.313 0.402 0.260 1    
57:   0.010 0.053 0.367 0.210 0.360 1    
58:   0.976 0.006 0.006 0.006 0.006 1    
59:   0.900 0.011 0.035 0.011 0.043 1    
60:   0.009 0.897 0.028 0.045 0.022 1    
61:   0.005 0.943 0.018 0.018 0.016 1    
62:   0.008 0.182 0.252 0.305 0.252 1    
63:   0.005 0.072 0.399 0.180 0.344 1    
64:   0.026 0.538 0.072 0.300 0.064 1    
65:   0.960 0.006 0.012 0.012 0.010 1    
66:   0.935 0.012 0.018 0.016 0.019 1    
67:   0.878 0.062 0.019 0.023 0.019 1    
68:   0.021 0.508 0.120 0.252 0.099 1    
69:   0.007 0.065 0.312 0.233 0.383 1    
70:   0.006 0.386 0.202 0.146 0.261 1    
71:   0.009 0.026 0.292 0.410 0.263 1    
72:   0.024 0.073 0.288 0.231 0.384 1    
73:   0.962 0.010 0.009 0.010 0.009 1    
74:   0.034 0.045 0.242 0.404 0.275 1    
75:   0.005 0.906 0.030 0.018 0.041 1    
76:   0.974 0.007 0.007 0.006 0.006 1    
77:   0.968 0.007 0.008 0.008 0.009 1    
78:   0.014 0.934 0.017 0.018 0.016 1    
79:   0.952 0.019 0.011 0.009 0.010 1    
80:   0.040 0.749 0.033 0.148 0.030 1    
81:   0.005 0.029 0.345 0.172 0.450 1    
82:   0.004 0.910 0.026 0.032 0.027 1    
83:   0.013 0.787 0.048 0.103 0.049 1    
84:   0.969 0.006 0.008 0.009 0.008 1    
85:   0.249 0.076 0.262 0.147 0.266 1    
86:   0.018 0.263 0.243 0.090 0.386 1    
87:   0.006 0.022 0.385 0.047 0.540 1    
88:   0.024 0.410 0.221 0.124 0.220 1    
89:   0.015 0.076 0.319 0.277 0.314 1    
90:   0.009 0.072 0.254 0.490 0.176 1    
91:   0.014 0.059 0.371 0.144 0.411 1    
92:   0.010 0.549 0.158 0.021 0.263 1    
93:   0.006 0.017 0.324 0.291 0.361 1    
94:   0.007 0.014 0.222 0.624 0.133 1    
95:   0.018 0.095 0.380 0.104 0.404 1    
96:   0.033 0.915 0.018 0.014 0.021 1    
97:   0.014 0.823 0.056 0.053 0.053 1    
98:   0.927 0.018 0.018 0.016 0.021 1    
99:   0.041 0.050 0.187 0.561 0.160 1    
100:  0.040 0.031 0.283 0.407 0.239 1    
101:  0.014 0.009 0.316 0.362 0.298 1    
102:  0.005 0.865 0.043 0.039 0.048 1    
103:  0.034 0.130 0.238 0.403 0.194 1    
104:  0.035 0.015 0.262 0.452 0.236 1    
105:  0.011 0.024 0.308 0.348 0.309 1    
106:  0.931 0.014 0.017 0.023 0.015 1    
107:  0.077 0.673 0.061 0.131 0.058 1    
108:  0.008 0.021 0.222 0.584 0.165 1    
109:  0.016 0.850 0.049 0.036 0.048 1    
110:  0.008 0.164 0.318 0.050 0.459 1    
111:  0.488 0.108 0.135 0.090 0.178 1    
112:  0.007 0.069 0.273 0.298 0.354 1    
113:  0.017 0.038 0.385 0.138 0.421 1    
114:  0.073 0.551 0.127 0.122 0.127 1    
115:  0.007 0.033 0.359 0.304 0.296 1    
116:  0.007 0.028 0.459 0.144 0.362 1    
117:  0.004 0.016 0.274 0.501 0.205 1    
118:  0.014 0.015 0.261 0.512 0.198 1    
119:  0.007 0.017 0.426 0.192 0.358 1    
120:  0.028 0.012 0.424 0.200 0.336 1    
121:  0.011 0.017 0.323 0.345 0.305 1    
122:  0.010 0.060 0.386 0.145 0.400 1    
123:  0.009 0.074 0.374 0.077 0.466 1    
124:  0.030 0.016 0.394 0.180 0.379 1    
125:  0.007 0.016 0.307 0.435 0.236 1    
126:  0.007 0.009 0.328 0.430 0.226 1    
127:  0.004 0.010 0.277 0.529 0.180 1    
128:  0.015 0.117 0.319 0.228 0.321 1    
129:  0.010 0.096 0.308 0.095 0.491 1    
130:  0.011 0.078 0.291 0.385 0.235 1    
131:  0.007 0.119 0.298 0.348 0.228 1    
132:  0.017 0.028 0.181 0.647 0.127 1    
133:  0.010 0.014 0.397 0.252 0.328 1    
134:  0.019 0.024 0.395 0.221 0.340 1    
135:  0.006 0.072 0.377 0.094 0.451 1    
136:  0.007 0.062 0.376 0.271 0.284 1    
137:  0.011 0.012 0.414 0.026 0.536 1    
138:  0.008 0.493 0.186 0.150 0.163 1    
139:  0.006 0.011 0.302 0.474 0.207 1    
140:  0.005 0.053 0.422 0.155 0.365 1    
141:  0.008 0.030 0.379 0.299 0.284 1    
142:  0.008 0.022 0.344 0.325 0.302 1    
143:  0.025 0.046 0.289 0.397 0.243 1    
144:  0.005 0.051 0.326 0.403 0.215 1    
145:  0.006 0.021 0.386 0.334 0.254 1    
146:  0.007 0.484 0.179 0.067 0.264 1    
147:  0.007 0.018 0.436 0.153 0.385 1    
148:  0.011 0.045 0.394 0.175 0.375 1    
149:  0.004 0.011 0.300 0.484 0.201 1    
150:  0.016 0.170 0.289 0.280 0.245 1    
151:  0.011 0.093 0.413 0.125 0.358 1    
152:  0.004 0.044 0.342 0.160 0.449 1    
153:  0.013 0.077 0.356 0.047 0.507 1    
154:  0.012 0.017 0.397 0.044 0.530 1    
155:  0.120 0.028 0.358 0.174 0.321 1    
156:  0.009 0.022 0.443 0.135 0.390 1    
157:  0.011 0.012 0.396 0.319 0.262 1    
158:  0.098 0.059 0.262 0.354 0.227 1    
159:  0.129 0.222 0.238 0.048 0.363 1    
160:  0.047 0.259 0.255 0.075 0.364 1    
161:  0.008 0.023 0.391 0.017 0.560 1    
162:  0.006 0.016 0.395 0.017 0.566 1    
163:  0.007 0.010 0.402 0.012 0.569 1    
164:  0.027 0.328 0.250 0.180 0.216 1    
165:  0.032 0.283 0.296 0.065 0.324 1    
166:  0.005 0.183 0.262 0.296 0.254 1    
167:  0.013 0.028 0.402 0.154 0.404 1    
168:  0.005 0.015 0.403 0.035 0.542 1    
169:  0.052 0.327 0.246 0.022 0.354 1    
170:  0.006 0.288 0.280 0.130 0.296 1    
171:  0.005 0.012 0.404 0.016 0.563 1    
172:  0.010 0.043 0.414 0.146 0.387 1    
                    
                    
1:    0.174 0.153 0.100 0.143 0.430 1    
2:    0.188 0.165 0.131 0.165 0.352 1    
3:    0.262 0.603 0.046 0.081 0.007 1    
4:    0.264 0.644 0.039 0.032 0.022 1    
5:    0.259 0.633 0.041 0.020 0.047 1    
6:    0.270 0.635 0.052 0.009 0.033 1    
7:    0.275 0.646 0.044 0.022 0.013 1    
8:    0.523 0.248 0.204 0.017 0.008 1    
9:    0.227 0.439 0.086 0.098 0.150 1    
10:   0.289 0.538 0.115 0.039 0.018 1    
11:   0.421 0.258 0.201 0.062 0.058 1    
12:   0.354 0.161 0.180 0.264 0.040 1    
13:   0.319 0.258 0.144 0.078 0.200 1    
14:   0.332 0.465 0.114 0.078 0.010 1    
15:   0.303 0.377 0.091 0.207 0.022 1    
16:   0.007 0.008 0.007 0.009 0.968 1    
17:   0.014 0.010 0.011 0.958 0.007 1    
18:   0.006 0.006 0.005 0.004 0.979 1    
19:   0.027 0.018 0.024 0.923 0.009 1    
20:   0.007 0.008 0.007 0.005 0.972 1    
21:   0.010 0.012 0.017 0.017 0.943 1    
22:   0.310 0.196 0.450 0.026 0.018 1    
23:   0.022 0.031 0.039 0.896 0.013 1    
24:   0.055 0.105 0.089 0.715 0.036 1    
25:   0.284 0.227 0.139 0.170 0.180 1    
26:   0.073 0.106 0.103 0.698 0.020 1    
27:   0.112 0.075 0.181 0.625 0.008 1    
28:   0.010 0.011 0.010 0.010 0.959 1    
29:   0.020 0.025 0.051 0.896 0.008 1    
30:   0.010 0.014 0.009 0.012 0.956 1    
31:   0.169 0.326 0.256 0.216 0.033 1    
32:   0.020 0.019 0.020 0.009 0.933 1    
33:   0.344 0.205 0.192 0.250 0.009 1    
34:   0.017 0.022 0.037 0.918 0.005 1    
35:   0.250 0.674 0.046 0.013 0.017 1    
36:   0.045 0.103 0.230 0.614 0.008 1    
37:   0.013 0.015 0.010 0.010 0.952 1    
38:   0.186 0.292 0.497 0.017 0.008 1    
39:   0.015 0.014 0.012 0.955 0.004 1    
40:   0.098 0.098 0.112 0.681 0.011 1    
41:   0.382 0.335 0.171 0.100 0.012 1    
42:   0.005 0.006 0.006 0.005 0.978 1    
43:   0.131 0.184 0.200 0.367 0.118 1    
44:   0.107 0.147 0.090 0.649 0.008 1    
45:   0.454 0.307 0.139 0.095 0.005 1    
46:   0.017 0.019 0.014 0.941 0.008 1    
47:   0.218 0.241 0.453 0.076 0.012 1    
48:   0.014 0.014 0.016 0.009 0.947 1    
49:   0.010 0.012 0.011 0.962 0.005 1    
50:   0.029 0.070 0.023 0.871 0.006 1    
51:   0.046 0.070 0.019 0.858 0.006 1    
52:   0.011 0.014 0.018 0.947 0.010 1    
53:   0.198 0.087 0.113 0.071 0.530 1    
54:   0.031 0.062 0.023 0.870 0.014 1    
55:   0.353 0.497 0.107 0.033 0.010 1    
56:   0.356 0.475 0.143 0.020 0.006 1    
57:   0.289 0.348 0.299 0.055 0.010 1    
58:   0.006 0.007 0.006 0.006 0.976 1    
59:   0.010 0.026 0.049 0.011 0.903 1    
60:   0.034 0.025 0.025 0.907 0.009 1    
61:   0.018 0.029 0.012 0.936 0.005 1    
62:   0.220 0.481 0.111 0.180 0.008 1    
63:   0.346 0.263 0.320 0.066 0.005 1    
64:   0.213 0.085 0.142 0.533 0.026 1    
65:   0.011 0.014 0.009 0.006 0.960 1    
66:   0.016 0.018 0.019 0.011 0.936 1    
67:   0.019 0.031 0.016 0.054 0.880 1    
68:   0.161 0.189 0.097 0.530 0.023 1    
69:   0.255 0.357 0.314 0.068 0.006 1    
70:   0.175 0.106 0.321 0.392 0.006 1    
71:   0.245 0.640 0.079 0.027 0.009 1    
72:   0.197 0.336 0.364 0.078 0.025 1    
73:   0.009 0.012 0.008 0.009 0.962 1    
74:   0.424 0.139 0.356 0.046 0.035 1    
75:   0.018 0.025 0.041 0.911 0.005 1    
76:   0.006 0.006 0.007 0.007 0.974 1    
77:   0.009 0.009 0.009 0.007 0.966 1    
78:   0.014 0.025 0.014 0.933 0.014 1    
79:   0.008 0.010 0.011 0.020 0.952 1    
80:   0.094 0.051 0.062 0.750 0.042 1    
81:   0.207 0.289 0.465 0.034 0.005 1    
82:   0.037 0.034 0.027 0.898 0.005 1    
83:   0.061 0.143 0.020 0.762 0.014 1    
84:   0.008 0.009 0.008 0.006 0.969 1    
85:   0.151 0.271 0.252 0.072 0.254 1    
86:   0.092 0.233 0.407 0.252 0.016 1    
87:   0.065 0.259 0.651 0.019 0.006 1    
88:   0.125 0.196 0.239 0.416 0.024 1    
89:   0.242 0.466 0.193 0.084 0.015 1    
90:   0.494 0.214 0.208 0.075 0.009 1    
91:   0.235 0.199 0.503 0.050 0.013 1    
92:   0.023 0.098 0.337 0.531 0.011 1    
93:   0.266 0.469 0.242 0.016 0.007 1    
94:   0.598 0.158 0.224 0.014 0.007 1    
95:   0.185 0.222 0.460 0.113 0.019 1    
96:   0.013 0.021 0.023 0.906 0.037 1    
97:   0.038 0.066 0.048 0.835 0.013 1    
98:   0.019 0.018 0.020 0.018 0.925 1    
99:   0.491 0.170 0.244 0.055 0.040 1    
100:  0.294 0.569 0.069 0.029 0.038 1    
101:  0.297 0.491 0.190 0.010 0.012 1    
102:  0.038 0.043 0.044 0.870 0.005 1    
103:  0.254 0.509 0.075 0.128 0.034 1    
104:  0.242 0.674 0.039 0.014 0.031 1    
105:  0.354 0.391 0.223 0.022 0.011 1    
106:  0.021 0.022 0.013 0.015 0.928 1    
107:  0.071 0.097 0.059 0.689 0.084 1    
108:  0.580 0.163 0.231 0.019 0.007 1    
109:  0.042 0.059 0.050 0.832 0.017 1    
110:  0.064 0.241 0.559 0.128 0.008 1    
111:  0.070 0.132 0.224 0.089 0.486 1    
112:  0.258 0.313 0.332 0.090 0.007 1    
113:  0.151 0.302 0.495 0.037 0.016 1    
114:  0.090 0.151 0.103 0.583 0.072 1    
115:  0.428 0.252 0.276 0.035 0.008 1    
116:  0.376 0.230 0.360 0.027 0.007 1    
117:  0.659 0.060 0.258 0.019 0.004 1    
118:  0.376 0.464 0.129 0.018 0.014 1    
119:  0.337 0.303 0.338 0.015 0.007 1    
120:  0.428 0.248 0.285 0.012 0.026 1    
121:  0.452 0.233 0.287 0.019 0.010 1    
122:  0.245 0.260 0.417 0.068 0.010 1    
123:  0.122 0.260 0.537 0.072 0.009 1    
124:  0.237 0.303 0.416 0.016 0.028 1    
125:  0.581 0.114 0.283 0.016 0.007 1    
126:  0.545 0.248 0.191 0.009 0.007 1    
127:  0.710 0.036 0.238 0.011 0.004 1    
128:  0.318 0.231 0.328 0.109 0.014 1    
129:  0.107 0.275 0.508 0.099 0.009 1    
130:  0.551 0.137 0.224 0.078 0.010 1    
131:  0.540 0.104 0.213 0.136 0.007 1    
132:  0.520 0.222 0.212 0.030 0.016 1    
133:  0.428 0.273 0.274 0.015 0.010 1    
134:  0.377 0.357 0.220 0.026 0.020 1    
135:  0.153 0.257 0.506 0.078 0.006 1    
136:  0.507 0.176 0.250 0.060 0.007 1    
137:  0.052 0.247 0.676 0.013 0.012 1    
138:  0.206 0.121 0.167 0.497 0.009 1    
139:  0.681 0.051 0.250 0.011 0.006 1    
140:  0.341 0.224 0.363 0.066 0.006 1    
141:  0.515 0.159 0.288 0.030 0.008 1    
142:  0.396 0.297 0.272 0.026 0.008 1    
143:  0.304 0.395 0.231 0.046 0.025 1    
144:  0.607 0.097 0.236 0.056 0.004 1    
145:  0.584 0.196 0.196 0.018 0.006 1    
146:  0.082 0.119 0.293 0.499 0.007 1    
147:  0.334 0.263 0.373 0.023 0.008 1    
148:  0.329 0.213 0.402 0.045 0.011 1    
149:  0.706 0.037 0.242 0.011 0.004 1    
150:  0.392 0.207 0.206 0.180 0.015 1    
151:  0.267 0.238 0.387 0.096 0.012 1    
152:  0.206 0.218 0.518 0.053 0.005 1    
153:  0.047 0.259 0.613 0.067 0.014 1    
154:  0.049 0.272 0.649 0.018 0.012 1    
155:  0.294 0.291 0.267 0.028 0.119 1    
156:  0.364 0.224 0.381 0.023 0.009 1    
157:  0.579 0.144 0.255 0.011 0.011 1    
158:  0.289 0.350 0.193 0.067 0.101 1    
159:  0.055 0.135 0.449 0.224 0.136 1    
160:  0.100 0.162 0.438 0.257 0.044 1    
161:  0.016 0.249 0.705 0.022 0.007 1    
162:  0.019 0.249 0.710 0.016 0.006 1    
163:  0.015 0.246 0.722 0.009 0.008 1    
164:  0.224 0.239 0.174 0.335 0.027 1    
165:  0.125 0.192 0.351 0.296 0.036 1    
166:  0.257 0.365 0.196 0.176 0.005 1    
167:  0.247 0.320 0.393 0.028 0.012 1    
168:  0.050 0.247 0.685 0.013 0.005 1    
169:  0.021 0.174 0.422 0.328 0.055 1    
170:  0.191 0.207 0.296 0.301 0.006 1    
171:  0.022 0.251 0.712 0.010 0.006 1    
172:  0.302 0.280 0.362 0.045 0.011 1    
                    
                    
1:    0.425 0.071 0.134 0.188 0.182 1    
2:    0.330 0.086 0.134 0.223 0.227 1    
3:    0.007 0.081 0.071 0.094 0.748 1    
4:    0.020 0.084 0.030 0.061 0.805 1    
5:    0.042 0.080 0.020 0.081 0.777 1    
6:    0.036 0.107 0.009 0.067 0.781 1    
7:    0.014 0.093 0.024 0.068 0.801 1    
8:    0.008 0.045 0.015 0.642 0.289 1    
9:    0.154 0.073 0.096 0.170 0.508 1    
10:   0.017 0.110 0.032 0.191 0.650 1    
11:   0.057 0.070 0.051 0.518 0.304 1    
12:   0.038 0.051 0.224 0.450 0.237 1    
13:   0.184 0.070 0.065 0.341 0.341 1    
14:   0.010 0.126 0.081 0.264 0.518 1    
15:   0.022 0.070 0.188 0.257 0.464 1    
16:   0.969 0.007 0.008 0.007 0.009 1    
17:   0.007 0.010 0.959 0.014 0.011 1    
18:   0.980 0.005 0.004 0.006 0.005 1    
19:   0.009 0.015 0.917 0.037 0.021 1    
20:   0.971 0.008 0.005 0.008 0.008 1    
21:   0.943 0.019 0.016 0.011 0.011 1    
22:   0.017 0.338 0.026 0.408 0.212 1    
23:   0.012 0.039 0.902 0.017 0.030 1    
24:   0.032 0.086 0.730 0.040 0.112 1    
25:   0.184 0.109 0.182 0.278 0.247 1    
26:   0.019 0.114 0.663 0.066 0.137 1    
27:   0.008 0.185 0.613 0.138 0.056 1    
28:   0.959 0.010 0.009 0.011 0.010 1    
29:   0.008 0.063 0.894 0.018 0.016 1    
30:   0.957 0.009 0.012 0.008 0.014 1    
31:   0.034 0.276 0.190 0.104 0.396 1    
32:   0.935 0.017 0.009 0.019 0.020 1    
33:   0.008 0.079 0.227 0.420 0.266 1    
34:   0.005 0.040 0.919 0.017 0.018 1    
35:   0.018 0.105 0.011 0.034 0.832 1    
36:   0.008 0.270 0.612 0.035 0.075 1    
37:   0.952 0.010 0.010 0.013 0.015 1    
38:   0.009 0.484 0.017 0.177 0.313 1    
39:   0.004 0.013 0.950 0.015 0.018 1    
40:   0.012 0.086 0.636 0.148 0.117 1    
41:   0.011 0.155 0.096 0.380 0.357 1    
42:   0.978 0.006 0.005 0.005 0.006 1    
43:   0.117 0.249 0.356 0.120 0.158 1    
44:   0.008 0.093 0.660 0.096 0.143 1    
45:   0.005 0.066 0.088 0.489 0.352 1    
46:   0.008 0.014 0.944 0.012 0.022 1    
47:   0.013 0.412 0.072 0.260 0.244 1    
48:   0.949 0.016 0.009 0.014 0.012 1    
49:   0.005 0.012 0.963 0.009 0.011 1    
50:   0.006 0.024 0.870 0.021 0.079 1    
51:   0.006 0.019 0.863 0.033 0.079 1    
52:   0.011 0.021 0.946 0.011 0.012 1    
53:   0.526 0.091 0.077 0.201 0.106 1    
54:   0.014 0.022 0.854 0.022 0.087 1    
55:   0.010 0.100 0.031 0.303 0.556 1    
56:   0.006 0.122 0.020 0.307 0.545 1    
57:   0.010 0.305 0.058 0.283 0.344 1    
58:   0.976 0.006 0.005 0.005 0.007 1    
59:   0.903 0.060 0.010 0.011 0.015 1    
60:   0.010 0.020 0.894 0.043 0.034 1    
61:   0.005 0.014 0.939 0.017 0.025 1    
62:   0.008 0.141 0.189 0.122 0.539 1    
63:   0.004 0.363 0.074 0.361 0.198 1    
64:   0.025 0.022 0.521 0.316 0.115 1    
65:   0.962 0.011 0.005 0.010 0.011 1    
66:   0.937 0.019 0.012 0.015 0.016 1    
67:   0.881 0.016 0.057 0.014 0.032 1    
68:   0.022 0.061 0.511 0.173 0.232 1    
69:   0.007 0.278 0.057 0.214 0.444 1    
70:   0.006 0.271 0.406 0.235 0.082 1    
71:   0.009 0.134 0.026 0.045 0.786 1    
72:   0.024 0.352 0.070 0.159 0.395 1    
73:   0.962 0.008 0.010 0.008 0.012 1    
74:   0.034 0.214 0.044 0.543 0.164 1    
75:   0.005 0.041 0.916 0.017 0.021 1    
76:   0.975 0.007 0.007 0.005 0.006 1    
77:   0.967 0.009 0.007 0.008 0.009 1    
78:   0.013 0.012 0.945 0.012 0.018 1    
79:   0.953 0.010 0.020 0.008 0.009 1    
80:   0.042 0.018 0.731 0.129 0.080 1    
81:   0.005 0.437 0.028 0.208 0.323 1    
82:   0.005 0.025 0.908 0.037 0.025 1    
83:   0.013 0.027 0.796 0.031 0.134 1    
84:   0.969 0.008 0.006 0.008 0.009 1    
85:   0.268 0.309 0.081 0.130 0.213 1    
86:   0.016 0.425 0.278 0.057 0.224 1    
87:   0.007 0.756 0.020 0.078 0.139 1    
88:   0.023 0.313 0.425 0.100 0.140 1    
89:   0.016 0.258 0.076 0.138 0.511 1    
90:   0.009 0.075 0.073 0.617 0.226 1    
91:   0.015 0.523 0.052 0.306 0.104 1    
92:   0.010 0.350 0.539 0.022 0.079 1    
93:   0.007 0.237 0.018 0.154 0.584 1    
94:   0.007 0.046 0.014 0.712 0.221 1    
95:   0.021 0.569 0.109 0.169 0.132 1    
96:   0.034 0.025 0.911 0.011 0.018 1    
97:   0.013 0.056 0.823 0.029 0.079 1    
98:   0.927 0.021 0.018 0.018 0.015 1    
99:   0.041 0.074 0.055 0.610 0.220 1    
100:  0.044 0.118 0.028 0.145 0.666 1    
101:  0.015 0.166 0.009 0.202 0.608 1    
102:  0.005 0.047 0.859 0.040 0.049 1    
103:  0.035 0.083 0.140 0.165 0.576 1    
104:  0.036 0.094 0.012 0.026 0.832 1    
105:  0.011 0.205 0.020 0.286 0.478 1    
106:  0.930 0.012 0.014 0.017 0.027 1    
107:  0.077 0.047 0.675 0.072 0.129 1    
108:  0.008 0.053 0.018 0.717 0.204 1    
109:  0.016 0.057 0.846 0.035 0.046 1    
110:  0.008 0.620 0.140 0.053 0.179 1    
111:  0.487 0.227 0.104 0.057 0.126 1    
112:  0.007 0.265 0.072 0.257 0.399 1    
113:  0.016 0.598 0.042 0.149 0.195 1    
114:  0.071 0.113 0.558 0.082 0.176 1    
115:  0.008 0.244 0.032 0.443 0.273 1    
116:  0.007 0.482 0.027 0.417 0.067 1    
117:  0.004 0.041 0.016 0.868 0.071 1    
118:  0.013 0.109 0.015 0.337 0.526 1    
119:  0.007 0.404 0.015 0.357 0.217 1    
120:  0.027 0.377 0.013 0.444 0.139 1    
121:  0.011 0.239 0.016 0.484 0.250 1    
122:  0.009 0.531 0.056 0.231 0.172 1    
123:  0.009 0.651 0.072 0.124 0.144 1    
124:  0.030 0.544 0.015 0.220 0.190 1    
125:  0.007 0.149 0.015 0.694 0.134 1    
126:  0.007 0.084 0.009 0.588 0.312 1    
127:  0.004 0.035 0.010 0.880 0.070 1    
128:  0.014 0.317 0.119 0.353 0.197 1    
129:  0.009 0.565 0.098 0.070 0.259 1    
130:  0.010 0.117 0.072 0.667 0.133 1    
131:  0.007 0.119 0.107 0.669 0.098 1    
132:  0.016 0.061 0.025 0.608 0.290 1    
133:  0.009 0.340 0.013 0.474 0.163 1    
134:  0.020 0.301 0.025 0.405 0.249 1    
135:  0.006 0.629 0.063 0.160 0.142 1    
136:  0.007 0.269 0.060 0.573 0.092 1    
137:  0.011 0.837 0.012 0.053 0.086 1    
138:  0.008 0.173 0.497 0.229 0.091 1    
139:  0.006 0.072 0.010 0.856 0.056 1    
140:  0.006 0.522 0.061 0.321 0.090 1    
141:  0.008 0.271 0.032 0.582 0.107 1    
142:  0.009 0.221 0.023 0.407 0.340 1    
143:  0.025 0.187 0.047 0.283 0.459 1    
144:  0.004 0.137 0.050 0.711 0.097 1    
145:  0.006 0.157 0.020 0.643 0.174 1    
146:  0.007 0.309 0.490 0.082 0.112 1    
147:  0.008 0.447 0.023 0.364 0.158 1    
148:  0.010 0.472 0.044 0.373 0.101 1    
149:  0.004 0.045 0.011 0.899 0.041 1    
150:  0.015 0.215 0.158 0.405 0.207 1    
151:  0.011 0.498 0.087 0.306 0.097 1    
152:  0.005 0.527 0.047 0.249 0.172 1    
153:  0.014 0.730 0.067 0.042 0.147 1    
154:  0.012 0.790 0.019 0.053 0.125 1    
155:  0.119 0.383 0.026 0.287 0.186 1    
156:  0.009 0.525 0.020 0.389 0.057 1    
157:  0.011 0.229 0.011 0.658 0.091 1    
158:  0.105 0.209 0.068 0.237 0.382 1    
159:  0.129 0.519 0.209 0.048 0.095 1    
160:  0.041 0.506 0.259 0.093 0.101 1    
161:  0.008 0.858 0.025 0.015 0.095 1    
162:  0.006 0.863 0.014 0.022 0.095 1    
163:  0.007 0.882 0.009 0.015 0.087 1    
164:  0.026 0.235 0.338 0.186 0.215 1    
165:  0.032 0.479 0.291 0.123 0.075 1    
166:  0.005 0.223 0.182 0.194 0.396 1    
167:  0.013 0.498 0.027 0.243 0.219 1    
168:  0.005 0.836 0.015 0.055 0.089 1    
169:  0.048 0.528 0.341 0.014 0.068 1    
170:  0.006 0.362 0.294 0.186 0.153 1    
171:  0.005 0.867 0.009 0.020 0.099 1    
172:  0.011 0.463 0.046 0.312 0.167 1    
                    
                    
1:    0.125 0.189 0.128 0.435 0.124 1    
2:    0.175 0.219 0.138 0.341 0.127 1    
3:    0.437 0.171 0.070 0.007 0.315 1    
4:    0.467 0.145 0.029 0.023 0.336 1    
5:    0.445 0.155 0.022 0.049 0.329 1    
6:    0.465 0.133 0.009 0.038 0.356 1    
7:    0.468 0.150 0.023 0.013 0.346 1    
8:    0.215 0.544 0.016 0.008 0.218 1    
9:    0.292 0.222 0.101 0.157 0.228 1    
10:   0.429 0.198 0.035 0.018 0.319 1    
11:   0.219 0.479 0.050 0.051 0.202 1    
12:   0.161 0.424 0.230 0.034 0.150 1    
13:   0.206 0.338 0.074 0.199 0.183 1    
14:   0.379 0.235 0.082 0.010 0.294 1    
15:   0.286 0.255 0.200 0.024 0.235 1    
16:   0.008 0.007 0.008 0.970 0.008 1    
17:   0.012 0.014 0.958 0.007 0.010 1    
18:   0.005 0.006 0.004 0.979 0.005 1    
19:   0.023 0.049 0.898 0.009 0.021 1    
20:   0.007 0.008 0.005 0.971 0.008 1    
21:   0.014 0.012 0.017 0.941 0.016 1    
22:   0.294 0.408 0.027 0.018 0.253 1    
23:   0.039 0.025 0.890 0.012 0.033 1    
24:   0.111 0.051 0.709 0.037 0.092 1    
25:   0.166 0.285 0.183 0.189 0.177 1    
26:   0.149 0.082 0.649 0.022 0.097 1    
27:   0.119 0.143 0.593 0.009 0.136 1    
28:   0.011 0.011 0.010 0.959 0.010 1    
29:   0.033 0.036 0.877 0.008 0.045 1    
30:   0.012 0.008 0.013 0.957 0.010 1    
31:   0.335 0.163 0.204 0.035 0.263 1    
32:   0.019 0.019 0.008 0.936 0.018 1    
33:   0.199 0.391 0.226 0.008 0.177 1    
34:   0.026 0.022 0.915 0.005 0.032 1    
35:   0.509 0.106 0.014 0.019 0.352 1    
36:   0.153 0.077 0.616 0.008 0.145 1    
37:   0.014 0.012 0.010 0.952 0.012 1    
38:   0.432 0.201 0.019 0.009 0.340 1    
39:   0.015 0.015 0.954 0.004 0.013 1    
40:   0.121 0.157 0.617 0.012 0.093 1    
41:   0.312 0.307 0.097 0.012 0.272 1    
42:   0.006 0.005 0.005 0.978 0.006 1    
43:   0.189 0.139 0.349 0.111 0.212 1    
44:   0.118 0.098 0.684 0.008 0.093 1    
45:   0.253 0.402 0.099 0.006 0.240 1    
46:   0.014 0.013 0.951 0.008 0.013 1    
47:   0.341 0.296 0.068 0.013 0.282 1    
48:   0.015 0.015 0.009 0.945 0.015 1    
49:   0.011 0.011 0.962 0.005 0.011 1    
50:   0.052 0.022 0.876 0.006 0.044 1    
51:   0.045 0.033 0.884 0.006 0.033 1    
52:   0.014 0.011 0.951 0.010 0.014 1    
53:   0.090 0.191 0.071 0.533 0.115 1    
54:   0.047 0.028 0.876 0.014 0.033 1    
55:   0.370 0.283 0.030 0.010 0.307 1    
56:   0.402 0.249 0.021 0.006 0.322 1    
57:   0.379 0.252 0.054 0.011 0.305 1    
58:   0.006 0.006 0.006 0.976 0.007 1    
59:   0.028 0.018 0.011 0.907 0.037 1    
60:   0.033 0.046 0.888 0.009 0.024 1    
61:   0.018 0.014 0.948 0.005 0.015 1    
62:   0.387 0.133 0.187 0.008 0.284 1    
63:   0.292 0.302 0.068 0.005 0.334 1    
64:   0.109 0.307 0.464 0.024 0.096 1    
65:   0.011 0.009 0.006 0.964 0.010 1    
66:   0.017 0.017 0.011 0.937 0.017 1    
67:   0.022 0.017 0.054 0.887 0.021 1    
68:   0.167 0.184 0.511 0.023 0.115 1    
69:   0.414 0.213 0.068 0.007 0.299 1    
70:   0.193 0.244 0.358 0.005 0.199 1    
71:   0.486 0.117 0.023 0.010 0.364 1    
72:   0.416 0.202 0.076 0.025 0.280 1    
73:   0.011 0.008 0.010 0.961 0.010 1    
74:   0.206 0.512 0.039 0.033 0.209 1    
75:   0.030 0.021 0.911 0.005 0.034 1    
76:   0.006 0.006 0.007 0.975 0.007 1    
77:   0.009 0.008 0.007 0.967 0.010 1    
78:   0.019 0.015 0.935 0.014 0.016 1    
79:   0.010 0.009 0.018 0.953 0.011 1    
80:   0.065 0.144 0.702 0.043 0.046 1    
81:   0.431 0.227 0.034 0.005 0.304 1    
82:   0.024 0.033 0.908 0.004 0.030 1    
83:   0.088 0.040 0.795 0.014 0.063 1    
84:   0.008 0.008 0.006 0.969 0.009 1    
85:   0.233 0.157 0.080 0.265 0.265 1    
86:   0.344 0.137 0.255 0.016 0.247 1    
87:   0.402 0.179 0.022 0.007 0.390 1    
88:   0.190 0.141 0.398 0.025 0.247 1    
89:   0.389 0.162 0.080 0.015 0.354 1    
90:   0.198 0.508 0.077 0.009 0.207 1    
91:   0.291 0.305 0.054 0.014 0.336 1    
92:   0.203 0.068 0.562 0.010 0.157 1    
93:   0.475 0.159 0.017 0.006 0.344 1    
94:   0.165 0.633 0.013 0.007 0.181 1    
95:   0.281 0.220 0.113 0.020 0.366 1    
96:   0.022 0.014 0.912 0.034 0.019 1    
97:   0.062 0.040 0.828 0.012 0.057 1    
98:   0.017 0.018 0.018 0.925 0.021 1    
99:   0.184 0.547 0.044 0.037 0.187 1    
100:  0.408 0.184 0.033 0.048 0.326 1    
101:  0.454 0.186 0.009 0.015 0.337 1    
102:  0.050 0.037 0.871 0.005 0.036 1    
103:  0.375 0.164 0.147 0.036 0.277 1    
104:  0.498 0.106 0.013 0.036 0.348 1    
105:  0.382 0.270 0.022 0.011 0.316 1    
106:  0.020 0.019 0.017 0.928 0.016 1    
107:  0.107 0.100 0.636 0.078 0.080 1    
108:  0.172 0.619 0.016 0.007 0.186 1    
109:  0.051 0.037 0.836 0.018 0.058 1    
110:  0.385 0.136 0.164 0.009 0.307 1    
111:  0.167 0.089 0.106 0.494 0.143 1    
112:  0.388 0.252 0.074 0.006 0.281 1    
113:  0.340 0.205 0.041 0.017 0.397 1    
114:  0.158 0.093 0.552 0.074 0.123 1    
115:  0.287 0.386 0.034 0.008 0.284 1    
116:  0.219 0.327 0.027 0.007 0.420 1    
117:  0.118 0.696 0.015 0.004 0.168 1    
118:  0.370 0.281 0.016 0.015 0.319 1    
119:  0.304 0.296 0.016 0.007 0.377 1    
120:  0.211 0.354 0.012 0.028 0.395 1    
121:  0.283 0.434 0.016 0.010 0.257 1    
122:  0.311 0.264 0.062 0.009 0.354 1    
123:  0.345 0.202 0.070 0.009 0.375 1    
124:  0.277 0.265 0.016 0.029 0.414 1    
125:  0.178 0.579 0.015 0.007 0.221 1    
126:  0.258 0.469 0.009 0.007 0.257 1    
127:  0.108 0.710 0.010 0.004 0.169 1    
128:  0.227 0.372 0.098 0.014 0.290 1    
129:  0.416 0.150 0.110 0.010 0.315 1    
130:  0.163 0.523 0.079 0.011 0.224 1    
131:  0.130 0.497 0.146 0.008 0.219 1    
132:  0.203 0.553 0.027 0.016 0.202 1    
133:  0.265 0.330 0.013 0.010 0.382 1    
134:  0.270 0.297 0.025 0.020 0.388 1    
135:  0.332 0.203 0.071 0.006 0.388 1    
136:  0.183 0.447 0.053 0.008 0.309 1    
137:  0.331 0.164 0.012 0.011 0.483 1    
138:  0.125 0.204 0.493 0.008 0.170 1    
139:  0.124 0.675 0.011 0.006 0.183 1    
140:  0.229 0.312 0.058 0.006 0.395 1    
141:  0.182 0.487 0.031 0.008 0.293 1    
142:  0.326 0.361 0.023 0.008 0.282 1    
143:  0.376 0.261 0.044 0.026 0.293 1    
144:  0.151 0.564 0.047 0.004 0.234 1    
145:  0.205 0.489 0.021 0.006 0.279 1    
146:  0.214 0.122 0.483 0.007 0.175 1    
147:  0.296 0.321 0.025 0.008 0.350 1    
148:  0.251 0.357 0.042 0.011 0.340 1    
149:  0.104 0.703 0.011 0.004 0.178 1    
150:  0.197 0.342 0.171 0.015 0.275 1    
151:  0.233 0.279 0.104 0.014 0.370 1    
152:  0.348 0.286 0.051 0.005 0.311 1    
153:  0.378 0.147 0.076 0.015 0.383 1    
154:  0.372 0.168 0.020 0.013 0.428 1    
155:  0.219 0.264 0.026 0.119 0.372 1    
156:  0.220 0.340 0.017 0.008 0.415 1    
157:  0.165 0.514 0.011 0.012 0.298 1    
158:  0.290 0.239 0.074 0.107 0.290 1    
159:  0.273 0.132 0.215 0.132 0.247 1    
160:  0.277 0.177 0.236 0.044 0.265 1    
161:  0.342 0.140 0.027 0.008 0.483 1    
162:  0.351 0.146 0.015 0.006 0.481 1    
163:  0.352 0.139 0.009 0.008 0.492 1    
164:  0.207 0.182 0.338 0.026 0.246 1    
165:  0.217 0.167 0.260 0.031 0.326 1    
166:  0.335 0.184 0.197 0.005 0.279 1    
167:  0.316 0.251 0.028 0.012 0.392 1    
168:  0.337 0.161 0.014 0.005 0.482 1    
169:  0.214 0.091 0.331 0.051 0.314 1    
170:  0.228 0.205 0.278 0.006 0.282 1    
171:  0.348 0.145 0.011 0.005 0.490 1    
172:  0.267 0.294 0.048 0.011 0.380 1    
                    
                    
1:    0.171 0.200 0.144 0.060 0.426 1    
2:    0.171 0.273 0.142 0.083 0.331 1    
3:    0.063 0.852 0.062 0.016 0.007 1    
4:    0.035 0.904 0.024 0.018 0.019 1    
5:    0.041 0.885 0.018 0.016 0.040 1    
6:    0.058 0.852 0.009 0.050 0.031 1    
7:    0.041 0.903 0.019 0.026 0.012 1    
8:    0.571 0.360 0.016 0.044 0.008 1    
9:    0.118 0.631 0.092 0.023 0.135 1    
10:   0.179 0.695 0.036 0.073 0.017 1    
11:   0.432 0.400 0.056 0.055 0.057 1    
12:   0.357 0.288 0.285 0.034 0.037 1    
13:   0.289 0.423 0.065 0.044 0.180 1    
14:   0.261 0.537 0.081 0.110 0.011 1    
15:   0.224 0.507 0.204 0.043 0.022 1    
16:   0.007 0.009 0.008 0.007 0.969 1    
17:   0.013 0.012 0.958 0.010 0.007 1    
18:   0.005 0.006 0.004 0.005 0.979 1    
19:   0.035 0.018 0.924 0.014 0.008 1    
20:   0.007 0.008 0.005 0.007 0.973 1    
21:   0.010 0.010 0.015 0.019 0.945 1    
22:   0.383 0.193 0.028 0.379 0.017 1    
23:   0.021 0.026 0.895 0.044 0.014 1    
24:   0.045 0.111 0.717 0.095 0.033 1    
25:   0.280 0.268 0.185 0.081 0.186 1    
26:   0.075 0.144 0.649 0.112 0.020 1    
27:   0.144 0.039 0.614 0.194 0.009 1    
28:   0.010 0.011 0.008 0.010 0.961 1    
29:   0.025 0.012 0.889 0.066 0.008 1    
30:   0.007 0.015 0.012 0.008 0.958 1    
31:   0.111 0.404 0.199 0.254 0.031 1    
32:   0.019 0.022 0.008 0.016 0.934 1    
33:   0.356 0.294 0.252 0.090 0.008 1    
34:   0.019 0.014 0.920 0.043 0.005 1    
35:   0.036 0.901 0.013 0.033 0.017 1    
36:   0.060 0.048 0.597 0.286 0.008 1    
37:   0.013 0.015 0.010 0.010 0.952 1    
38:   0.221 0.203 0.018 0.550 0.008 1    
39:   0.016 0.019 0.950 0.012 0.004 1    
40:   0.115 0.117 0.659 0.098 0.011 1    
41:   0.403 0.339 0.095 0.152 0.011 1    
42:   0.005 0.006 0.005 0.006 0.978 1    
43:   0.131 0.151 0.372 0.232 0.113 1    
44:   0.104 0.134 0.664 0.090 0.008 1    
45:   0.482 0.360 0.087 0.066 0.005 1    
46:   0.011 0.021 0.948 0.012 0.008 1    
47:   0.246 0.239 0.061 0.442 0.011 1    
48:   0.015 0.013 0.009 0.015 0.948 1    
49:   0.009 0.012 0.964 0.011 0.005 1    
50:   0.020 0.091 0.864 0.019 0.006 1    
51:   0.029 0.086 0.866 0.013 0.006 1    
52:   0.011 0.011 0.950 0.019 0.010 1    
53:   0.195 0.103 0.081 0.088 0.532 1    
54:   0.024 0.088 0.860 0.013 0.014 1    
55:   0.283 0.594 0.030 0.084 0.010 1    
56:   0.325 0.547 0.022 0.100 0.006 1    
57:   0.289 0.282 0.058 0.362 0.010 1    
58:   0.006 0.006 0.006 0.006 0.977 1    
59:   0.013 0.012 0.011 0.056 0.908 1    
60:   0.045 0.038 0.889 0.020 0.009 1    
61:   0.014 0.025 0.943 0.013 0.005 1    
62:   0.115 0.604 0.165 0.108 0.008 1    
63:   0.382 0.157 0.073 0.384 0.005 1    
64:   0.252 0.154 0.541 0.026 0.027 1    
65:   0.010 0.012 0.006 0.011 0.961 1    
66:   0.017 0.016 0.011 0.021 0.935 1    
67:   0.013 0.033 0.057 0.014 0.883 1    
68:   0.161 0.251 0.519 0.048 0.020 1    
69:   0.255 0.364 0.063 0.312 0.007 1    
70:   0.245 0.047 0.398 0.305 0.005 1    
71:   0.057 0.834 0.024 0.076 0.009 1    
72:   0.184 0.366 0.070 0.356 0.024 1    
73:   0.007 0.013 0.010 0.007 0.962 1    
74:   0.511 0.167 0.043 0.247 0.032 1    
75:   0.022 0.018 0.908 0.047 0.005 1    
76:   0.006 0.006 0.007 0.007 0.974 1    
77:   0.008 0.009 0.007 0.008 0.967 1    
78:   0.012 0.030 0.931 0.013 0.013 1    
79:   0.008 0.009 0.017 0.012 0.954 1    
80:   0.096 0.095 0.753 0.016 0.041 1    
81:   0.252 0.217 0.030 0.496 0.005 1    
82:   0.033 0.030 0.911 0.022 0.004 1    
83:   0.027 0.168 0.775 0.014 0.015 1    
84:   0.007 0.009 0.006 0.008 0.971 1    
85:   0.156 0.203 0.080 0.302 0.259 1    
86:   0.099 0.175 0.244 0.466 0.015 1    
87:   0.124 0.064 0.021 0.785 0.006 1    
88:   0.136 0.145 0.414 0.281 0.025 1    
89:   0.148 0.507 0.088 0.242 0.015 1    
90:   0.590 0.243 0.076 0.081 0.009 1    
91:   0.315 0.058 0.046 0.567 0.014 1    
92:   0.054 0.031 0.528 0.379 0.009 1    
93:   0.195 0.540 0.017 0.242 0.007 1    
94:   0.668 0.270 0.013 0.042 0.007 1    
95:   0.235 0.074 0.100 0.574 0.017 1    
96:   0.013 0.015 0.907 0.026 0.040 1    
97:   0.029 0.077 0.835 0.044 0.014 1    
98:   0.018 0.016 0.018 0.019 0.928 1    
99:   0.540 0.281 0.059 0.078 0.042 1    
100:  0.126 0.731 0.029 0.073 0.040 1    
101:  0.236 0.575 0.009 0.165 0.014 1    
102:  0.038 0.056 0.856 0.045 0.005 1    
103:  0.138 0.659 0.120 0.053 0.030 1    
104:  0.031 0.905 0.013 0.019 0.032 1    
105:  0.294 0.458 0.023 0.213 0.012 1    
106:  0.018 0.026 0.015 0.010 0.930 1    
107:  0.069 0.164 0.658 0.037 0.072 1    
108:  0.666 0.238 0.019 0.069 0.008 1    
109:  0.040 0.041 0.843 0.058 0.018 1    
110:  0.106 0.092 0.127 0.667 0.008 1    
111:  0.074 0.116 0.097 0.228 0.485 1    
112:  0.262 0.357 0.077 0.297 0.007 1    
113:  0.185 0.166 0.040 0.595 0.016 1    
114:  0.076 0.184 0.568 0.106 0.065 1    
115:  0.446 0.258 0.030 0.258 0.007 1    
116:  0.434 0.042 0.027 0.491 0.007 1    
117:  0.818 0.074 0.017 0.087 0.004 1    
118:  0.304 0.601 0.017 0.064 0.014 1    
119:  0.385 0.172 0.016 0.421 0.006 1    
120:  0.478 0.109 0.012 0.376 0.026 1    
121:  0.501 0.227 0.017 0.244 0.011 1    
122:  0.281 0.155 0.064 0.491 0.010 1    
123:  0.165 0.096 0.072 0.659 0.009 1    
124:  0.278 0.146 0.015 0.530 0.031 1    
125:  0.659 0.134 0.015 0.184 0.007 1    
126:  0.559 0.326 0.008 0.099 0.007 1    
127:  0.838 0.074 0.012 0.073 0.004 1    
128:  0.336 0.182 0.101 0.366 0.015 1    
129:  0.096 0.223 0.095 0.577 0.010 1    
130:  0.656 0.130 0.077 0.126 0.010 1    
131:  0.658 0.078 0.110 0.147 0.007 1    
132:  0.520 0.388 0.031 0.044 0.016 1    
133:  0.497 0.147 0.013 0.333 0.009 1    
134:  0.408 0.243 0.024 0.307 0.018 1    
135:  0.197 0.108 0.070 0.618 0.006 1    
136:  0.584 0.075 0.057 0.276 0.008 1    
137:  0.101 0.017 0.012 0.859 0.011 1    
138:  0.225 0.089 0.498 0.179 0.008 1    
139:  0.817 0.056 0.010 0.112 0.006 1    
140:  0.385 0.053 0.062 0.495 0.006 1    
141:  0.591 0.085 0.030 0.286 0.008 1    
142:  0.408 0.311 0.023 0.250 0.008 1    
143:  0.262 0.470 0.049 0.192 0.027 1    
144:  0.682 0.097 0.051 0.165 0.004 1    
145:  0.653 0.153 0.019 0.169 0.006 1    
146:  0.112 0.069 0.478 0.334 0.006 1    
147:  0.371 0.121 0.022 0.479 0.007 1    
148:  0.404 0.070 0.045 0.470 0.011 1    
149:  0.866 0.034 0.011 0.086 0.004 1    
150:  0.404 0.198 0.173 0.210 0.015 1    
151:  0.338 0.066 0.090 0.494 0.012 1    
152:  0.279 0.101 0.050 0.565 0.004 1    
153:  0.087 0.094 0.069 0.737 0.013 1    
154:  0.107 0.059 0.020 0.803 0.011 1    
155:  0.340 0.143 0.026 0.365 0.125 1    
156:  0.436 0.029 0.019 0.507 0.009 1    
157:  0.676 0.060 0.011 0.243 0.011 1    
158:  0.235 0.434 0.067 0.164 0.100 1    
159:  0.096 0.047 0.206 0.526 0.125 1    
160:  0.143 0.068 0.248 0.495 0.046 1    
161:  0.068 0.019 0.022 0.884 0.007 1    
162:  0.074 0.022 0.015 0.883 0.006 1    
163:  0.069 0.012 0.009 0.903 0.007 1    
164:  0.199 0.217 0.344 0.215 0.025 1    
165:  0.164 0.050 0.298 0.453 0.035 1    
166:  0.201 0.418 0.181 0.195 0.005 1    
167:  0.274 0.179 0.028 0.506 0.012 1    
168:  0.103 0.019 0.015 0.858 0.005 1    
169:  0.052 0.031 0.340 0.526 0.052 1    
170:  0.208 0.146 0.284 0.356 0.006 1    
171:  0.078 0.018 0.009 0.890 0.005 1    
172:  0.345 0.129 0.041 0.475 0.010 1    
