  1:   0.1550  0.1928  0.1348  0.4277  0.0898  1
  2:   0.1940  0.2146  0.1462  0.3373  0.1080  1
  3:   0.5718  0.2264  0.0716  0.0072  0.1230  1
  4:   0.6115  0.2091  0.0292  0.0214  0.1288  1
  5:   0.5942  0.2156  0.0200  0.0452  0.1250  1
  6:   0.6016  0.2022  0.0092  0.0346  0.1523  1
  7:   0.6126  0.2152  0.0228  0.0132  0.1362  1
  8:   0.2723  0.5749  0.0154  0.0080  0.1294  1
  9:   0.4048  0.2428  0.0978  0.1504  0.1042  1
 10:   0.5138  0.2643  0.0362  0.0180  0.1677  1
 11:   0.2729  0.4862  0.0544  0.0556  0.1309  1
 12:   0.1960  0.4167  0.2486  0.0374  0.1013  1
 13:   0.2773  0.3534  0.0706  0.1908  0.1078  1
 14:   0.4406  0.2841  0.0794  0.0102  0.1856  1
 15:   0.3661  0.2919  0.2022  0.0224  0.1174  1
 16:   0.0084  0.0072  0.0082  0.9690  0.0072  1
 17:   0.0112  0.0136  0.9576  0.0070  0.0106  1
 18:   0.0054  0.0058  0.0040  0.9798  0.0050  1
 19:   0.0194  0.0362  0.9168  0.0088  0.0188  1
 20:   0.0078  0.0074  0.0050  0.9724  0.0074  1
 21:   0.0122  0.0106  0.0160  0.9438  0.0174  1
 22:   0.2353  0.3708  0.0264  0.0174  0.3501  1
 23:   0.0322  0.0216  0.8960  0.0126  0.0376  1
 24:   0.1066  0.0524  0.7167  0.0344  0.0900  1
 25:   0.2164  0.2882  0.1804  0.1866  0.1284  1
 26:   0.1275  0.0770  0.6640  0.0206  0.1109  1
 27:   0.0850  0.1258  0.6120  0.0084  0.1689  1
 28:   0.0108  0.0104  0.0094  0.9594  0.0100  1
 29:   0.0244  0.0230  0.8884  0.0080  0.0562  1
 30:   0.0128  0.0090  0.0122  0.9570  0.0090  1
 31:   0.3401  0.1575  0.2035  0.0332  0.2657  1
 32:   0.0198  0.0196  0.0086  0.9342  0.0178  1
 33:   0.2314  0.3861  0.2374  0.0082  0.1370  1
 34:   0.0218  0.0180  0.9172  0.0050  0.0380  1
 35:   0.6382  0.1736  0.0128  0.0180  0.1574  1
 36:   0.1067  0.0506  0.6056  0.0080  0.2291  1
 37:   0.0142  0.0132  0.0098  0.9524  0.0104  1
 38:   0.3190  0.1874  0.0180  0.0082  0.4674  1
 39:   0.0162  0.0154  0.9516  0.0040  0.0128  1
 40:   0.1088  0.1304  0.6488  0.0114  0.1006  1
 41:   0.3305  0.3589  0.0964  0.0116  0.2026  1
 42:   0.0060  0.0050  0.0050  0.9780  0.0060  1
 43:   0.1780  0.1278  0.3598  0.1162  0.2182  1
 44:   0.1279  0.1030  0.6665  0.0080  0.0946  1
 45:   0.3120  0.4490  0.0920  0.0052  0.1418  1
 46:   0.0182  0.0134  0.9470  0.0080  0.0134  1
 47:   0.2716  0.2456  0.0684  0.0120  0.4024  1
 48:   0.0136  0.0148  0.0090  0.9470  0.0156  1
 49:   0.0116  0.0096  0.9626  0.0050  0.0112  1
 50:   0.0668  0.0278  0.8706  0.0060  0.0288  1
 51:   0.0628  0.0410  0.8672  0.0060  0.0230  1
 52:   0.0132  0.0110  0.9476  0.0104  0.0178  1
 53:   0.1030  0.1926  0.0748  0.5304  0.0992  1
 54:   0.0633  0.0334  0.8655  0.0142  0.0236  1
 55:   0.4653  0.3227  0.0308  0.0100  0.1712  1
 56:   0.4565  0.3279  0.0202  0.0060  0.1895  1
 57:   0.3438  0.2644  0.0556  0.0102  0.3260  1
 58:   0.0064  0.0058  0.0058  0.9758  0.0062  1
 59:   0.0232  0.0126  0.0108  0.9044  0.0490  1
 60:   0.0316  0.0426  0.8945  0.0092  0.0222  1
 61:   0.0230  0.0162  0.9418  0.0050  0.0140  1
 62:   0.4528  0.1791  0.1807  0.0080  0.1793  1
 63:   0.2617  0.3141  0.0706  0.0048  0.3489  1
 64:   0.1070  0.2777  0.5196  0.0256  0.0700  1
 65:   0.0120  0.0104  0.0058  0.9616  0.0102  1
 66:   0.0170  0.0162  0.0114  0.9364  0.0190  1
 67:   0.0274  0.0172  0.0568  0.8814  0.0172  1
 68:   0.1919  0.1863  0.5160  0.0218  0.0840  1
 69:   0.3780  0.2339  0.0642  0.0068  0.3171  1
 70:   0.1260  0.2090  0.3880  0.0056  0.2714  1
 71:   0.6076  0.1748  0.0252  0.0092  0.1832  1
 72:   0.3603  0.1946  0.0734  0.0244  0.3473  1
 73:   0.0114  0.0084  0.0098  0.9620  0.0084  1
 74:   0.1837  0.4790  0.0434  0.0336  0.2603  1
 75:   0.0248  0.0192  0.9102  0.0050  0.0408  1
 76:   0.0062  0.0058  0.0070  0.9742  0.0068  1
 77:   0.0088  0.0082  0.0070  0.9670  0.0090  1
 78:   0.0218  0.0142  0.9362  0.0136  0.0142  1
 79:   0.0098  0.0084  0.0188  0.9522  0.0108  1
 80:   0.0648  0.1222  0.7370  0.0416  0.0344  1
 81:   0.3208  0.2131  0.0310  0.0050  0.4302  1
 82:   0.0278  0.0344  0.9072  0.0044  0.0262  1
 83:   0.1162  0.0524  0.7830  0.0138  0.0346  1
 84:   0.0086  0.0080  0.0060  0.9692  0.0082  1
 85:   0.2364  0.1482  0.0778  0.2589  0.2787  1
 86:   0.2439  0.0950  0.2585  0.0162  0.3863  1
 87:   0.2498  0.0986  0.0208  0.0064  0.6244  1
 88:   0.1783  0.1251  0.4124  0.0242  0.2599  1
 89:   0.4384  0.1934  0.0808  0.0152  0.2722  1
 90:   0.2270  0.5399  0.0746  0.0090  0.1494  1
 91:   0.2047  0.2610  0.0522  0.0140  0.4681  1
 92:   0.1138  0.0376  0.5416  0.0100  0.2971  1
 93:   0.4783  0.2130  0.0170  0.0066  0.2852  1
 94:   0.2072  0.6470  0.0136  0.0070  0.1252  1
 95:   0.2178  0.1826  0.1060  0.0190  0.4746  1
 96:   0.0188  0.0130  0.9098  0.0356  0.0228  1
 97:   0.0680  0.0378  0.8293  0.0132  0.0516  1
 98:   0.0168  0.0178  0.0180  0.9270  0.0204  1
 99:   0.2085  0.5500  0.0526  0.0402  0.1487  1
100:   0.5316  0.2313  0.0300  0.0420  0.1651  1
101:   0.4889  0.2567  0.0092  0.0140  0.2312  1
102:   0.0482  0.0384  0.8644  0.0050  0.0440  1
103:   0.4716  0.2249  0.1331  0.0338  0.1365  1
104:   0.6341  0.1714  0.0134  0.0340  0.1471  1
105:   0.4032  0.3103  0.0222  0.0112  0.2531  1
106:   0.0224  0.0196  0.0150  0.9298  0.0132  1
107:   0.1116  0.0886  0.6661  0.0776  0.0562  1
108:   0.1998  0.6332  0.0186  0.0076  0.1408  1
109:   0.0492  0.0380  0.8416  0.0170  0.0542  1
110:   0.2430  0.0818  0.1446  0.0082  0.5224  1
111:   0.1352  0.0760  0.1008  0.4880  0.2000  1
112:   0.3459  0.2653  0.0764  0.0068  0.3057  1
113:   0.2776  0.1655  0.0396  0.0164  0.5009  1
114:   0.1593  0.0926  0.5626  0.0710  0.1144  1
115:   0.2860  0.4017  0.0328  0.0076  0.2718  1
116:   0.2034  0.3395  0.0272  0.0070  0.4229  1
117:   0.1194  0.7083  0.0166  0.0040  0.1518  1
118:   0.4442  0.3619  0.0162  0.0140  0.1637  1
119:   0.2844  0.3134  0.0158  0.0068  0.3796  1
120:   0.2262  0.3808  0.0122  0.0270  0.3538  1
121:   0.2631  0.4430  0.0170  0.0106  0.2663  1
122:   0.2567  0.2332  0.0620  0.0096  0.4385  1
123:   0.2437  0.1379  0.0720  0.0090  0.5374  1
124:   0.2621  0.2360  0.0156  0.0296  0.4567  1
125:   0.1734  0.5897  0.0154  0.0070  0.2146  1
126:   0.2945  0.5183  0.0088  0.0070  0.1714  1
127:   0.1130  0.7334  0.0106  0.0040  0.1390  1
128:   0.2312  0.3213  0.1088  0.0144  0.3243  1
129:   0.2961  0.1036  0.0996  0.0096  0.4911  1
130:   0.1709  0.5567  0.0768  0.0104  0.1852  1
131:   0.1416  0.5424  0.1236  0.0072  0.1852  1
132:   0.2568  0.5696  0.0282  0.0162  0.1292  1
133:   0.2490  0.3963  0.0136  0.0096  0.3315  1
134:   0.3029  0.3416  0.0248  0.0194  0.3113  1
135:   0.2432  0.1614  0.0708  0.0060  0.5185  1
136:   0.1804  0.4763  0.0584  0.0074  0.2775  1
137:   0.2190  0.0792  0.0122  0.0112  0.6784  1
138:   0.1225  0.2029  0.4959  0.0082  0.1705  1
139:   0.1178  0.7007  0.0106  0.0060  0.1649  1
140:   0.2036  0.3027  0.0600  0.0058  0.4279  1
141:   0.1824  0.4947  0.0306  0.0080  0.2843  1
142:   0.3236  0.3794  0.0234  0.0082  0.2654  1
143:   0.3976  0.3013  0.0464  0.0256  0.2291  1
144:   0.1536  0.5937  0.0510  0.0042  0.1975  1
145:   0.2227  0.5405  0.0198  0.0060  0.2109  1
146:   0.1385  0.0930  0.4867  0.0068  0.2750  1
147:   0.2548  0.3086  0.0222  0.0076  0.4068  1
148:   0.2057  0.3275  0.0442  0.0108  0.4117  1
149:   0.1032  0.7314  0.0110  0.0040  0.1504  1
150:   0.2196  0.3646  0.1704  0.0152  0.2302  1
151:   0.2094  0.2631  0.0940  0.0120  0.4215  1
152:   0.2362  0.2360  0.0490  0.0046  0.4741  1
153:   0.2469  0.0740  0.0712  0.0138  0.5941  1
154:   0.2450  0.0842  0.0188  0.0120  0.6401  1
155:   0.2394  0.2718  0.0268  0.1204  0.3416  1
156:   0.1946  0.3328  0.0202  0.0088  0.4436  1
157:   0.1712  0.5491  0.0112  0.0112  0.2574  1
158:   0.3435  0.2708  0.0670  0.1022  0.2166  1
159:   0.1577  0.0758  0.2153  0.1303  0.4209  1
160:   0.1726  0.1176  0.2518  0.0444  0.4136  1
161:   0.2193  0.0512  0.0238  0.0076  0.6981  1
162:   0.2225  0.0556  0.0152  0.0060  0.7007  1
163:   0.2198  0.0500  0.0092  0.0074  0.7136  1
164:   0.2256  0.1942  0.3367  0.0262  0.2172  1
165:   0.1660  0.1288  0.2855  0.0332  0.3865  1
166:   0.3553  0.2265  0.1838  0.0050  0.2294  1
167:   0.2872  0.2339  0.0278  0.0124  0.4387  1
168:   0.2191  0.0808  0.0144  0.0050  0.6807  1
169:   0.1465  0.0400  0.3333  0.0516  0.4287  1
170:   0.2028  0.1840  0.2889  0.0060  0.3183  1
171:   0.2240  0.0562  0.0102  0.0052  0.7044  1
172:   0.2514  0.2799  0.0446  0.0106  0.4135  1
