  1:   0.1292  0.2581  0.1036  0.1643  0.1172  0.2276  1
  2:   0.2084  0.3727  0.1168  0.1096  0.0378  0.1546  1
  3:   0.2089  0.3729  0.1154  0.1090  0.0386  0.1552  1
  4:   0.0908  0.1464  0.2075  0.0626  0.3269  0.1658  1
  5:   0.4270  0.0612  0.0792  0.0416  0.1671  0.2239  1
  6:   0.1663  0.1436  0.0468  0.4655  0.0370  0.1408  1
  7:   0.0718  0.1751  0.5319  0.0540  0.0828  0.0846  1
  8:   0.1496  0.1556  0.0622  0.4120  0.0660  0.1546  1
  9:   0.1476  0.1080  0.0592  0.0800  0.4325  0.1728  1
 10:   0.2794  0.2475  0.0642  0.1390  0.0894  0.1806  1
 11:   0.4291  0.0686  0.0814  0.0422  0.1741  0.2045  1
 12:   0.0596  0.1465  0.0462  0.5759  0.0450  0.1267  1
 13:   0.0532  0.1021  0.0630  0.5685  0.0962  0.1170  1
 14:   0.2154  0.1484  0.0580  0.3231  0.0698  0.1853  1
 15:   0.1120  0.0506  0.0510  0.0476  0.6182  0.1207  1
 16:   0.1764  0.1658  0.1298  0.1566  0.1692  0.2022  1
 17:   0.0460  0.1946  0.5914  0.0698  0.0278  0.0704  1
 18:   0.0746  0.1522  0.0640  0.4346  0.1140  0.1606  1
 19:   0.1049  0.1481  0.0732  0.3574  0.1533  0.1631  1
 20:   0.0720  0.1548  0.5175  0.0462  0.1008  0.1086  1
 21:   0.0724  0.1656  0.3432  0.1604  0.1160  0.1422  1
 22:   0.1257  0.3409  0.1649  0.1279  0.0736  0.1669  1
 23:   0.1072  0.0796  0.0624  0.1080  0.4940  0.1487  1
 24:   0.0846  0.2400  0.1780  0.2184  0.0866  0.1924  1
 25:   0.4474  0.1777  0.0524  0.0468  0.0770  0.1987  1
 26:   0.3183  0.0852  0.0700  0.0602  0.2089  0.2574  1
 27:   0.3498  0.1114  0.1130  0.1462  0.0862  0.1934  1
 28:   0.2238  0.1012  0.1012  0.1440  0.2132  0.2165  1
 29:   0.2504  0.2218  0.0794  0.1150  0.0846  0.2488  1
 30:   0.2613  0.2884  0.0858  0.1165  0.0760  0.1721  1
 31:   0.0970  0.1930  0.3018  0.1798  0.0754  0.1530  1
 32:   0.1050  0.2774  0.0958  0.2256  0.0752  0.2210  1
 33:   0.1777  0.1457  0.3941  0.0698  0.1162  0.0966  1
 34:   0.2954  0.1402  0.0964  0.1314  0.1228  0.2138  1
 35:   0.0958  0.3565  0.1451  0.1584  0.0462  0.1980  1
 36:   0.1528  0.1150  0.0868  0.1450  0.3336  0.1668  1
 37:   0.0960  0.3401  0.1313  0.1827  0.0516  0.1983  1
 38:   0.4273  0.1226  0.0896  0.0834  0.0690  0.2082  1
 39:   0.1252  0.0748  0.0708  0.1303  0.4494  0.1495  1
 40:   0.3090  0.1646  0.0682  0.1830  0.0932  0.1820  1
 41:   0.0446  0.1172  0.0394  0.6186  0.0484  0.1318  1
 42:   0.1156  0.1956  0.0940  0.2514  0.0972  0.2462  1
 43:   0.2481  0.2332  0.2109  0.0536  0.1023  0.1519  1
 44:   0.1157  0.3238  0.1850  0.1367  0.0707  0.1680  1
 45:   0.1156  0.2861  0.3501  0.0992  0.0384  0.1106  1
 46:   0.3697  0.0840  0.1094  0.1286  0.1136  0.1948  1
 47:   0.0626  0.2454  0.1274  0.3962  0.0534  0.1150  1
 48:   0.2370  0.2785  0.0870  0.1342  0.0598  0.2035  1
 49:   0.3402  0.0940  0.0672  0.0932  0.1370  0.2684  1
 50:   0.4042  0.0700  0.0638  0.0404  0.1256  0.2960  1
 51:   0.0384  0.1650  0.4934  0.1914  0.0428  0.0690  1
 52:   0.1086  0.0686  0.0622  0.0650  0.5476  0.1481  1
 53:   0.0778  0.2280  0.1556  0.3432  0.0506  0.1448  1
 54:   0.1851  0.3105  0.0986  0.1150  0.0982  0.1925  1
 55:   0.3208  0.0938  0.0970  0.0554  0.2428  0.1902  1
 56:   0.3414  0.1215  0.0884  0.0692  0.1310  0.2485  1
 57:   0.3090  0.2938  0.1148  0.0906  0.0280  0.1638  1
 58:   0.1608  0.2457  0.2925  0.0986  0.0626  0.1398  1
 59:   0.1241  0.0963  0.0780  0.1007  0.4320  0.1689  1
 60:   0.2570  0.2037  0.0895  0.1599  0.0782  0.2117  1
 61:   0.1000  0.1829  0.1058  0.3141  0.0964  0.2008  1
 62:   0.4195  0.0720  0.0744  0.0308  0.2060  0.1972  1
 63:   0.0888  0.3492  0.1068  0.1568  0.0588  0.2395  1
 64:   0.1777  0.1102  0.0864  0.1240  0.2913  0.2105  1
 65:   0.2015  0.1243  0.1109  0.3292  0.0797  0.1543  1
 66:   0.0696  0.0778  0.0644  0.2048  0.4738  0.1098  1
 67:   0.0818  0.0870  0.1006  0.1892  0.3587  0.1826  1
 68:   0.1316  0.0954  0.1828  0.1400  0.3033  0.1470  1
 69:   0.0672  0.1455  0.4664  0.1319  0.0996  0.0894  1
 70:   0.1644  0.0642  0.0684  0.0886  0.4543  0.1602  1
 71:   0.2342  0.2527  0.0742  0.0868  0.0871  0.2650  1
 72:   0.2519  0.0738  0.0710  0.0772  0.3541  0.1720  1
 73:   0.4440  0.0910  0.1140  0.0384  0.0814  0.2312  1
 74:   0.1182  0.2321  0.2353  0.1419  0.0716  0.2009  1
 75:   0.4795  0.0780  0.0490  0.0448  0.1546  0.1942  1
 76:   0.0748  0.1408  0.5584  0.0392  0.1078  0.0790  1
 77:   0.0716  0.1305  0.4362  0.0564  0.1168  0.1884  1
 78:   0.5277  0.0708  0.0480  0.0670  0.0908  0.1958  1
 79:   0.5760  0.0840  0.0374  0.0384  0.0738  0.1903  1
 80:   0.1852  0.0480  0.0716  0.0604  0.4825  0.1524  1
 81:   0.0891  0.1901  0.0698  0.3768  0.0826  0.1916  1
 82:   0.3303  0.1106  0.0950  0.0576  0.2215  0.1849  1
 83:   0.3834  0.0550  0.0516  0.0356  0.3058  0.1686  1
 84:   0.1929  0.2628  0.0730  0.2048  0.0832  0.1832  1
 85:   0.0580  0.1442  0.0472  0.5482  0.0650  0.1374  1
 86:   0.0996  0.1624  0.2464  0.3211  0.0346  0.1358  1
 87:   0.2135  0.0512  0.0796  0.0638  0.4415  0.1504  1
 88:   0.2454  0.2800  0.0878  0.1024  0.0896  0.1948  1
 89:   0.0504  0.1367  0.1669  0.4588  0.0422  0.1450  1
 90:   0.3302  0.2297  0.0500  0.1670  0.0566  0.1664  1
 91:   0.0674  0.1862  0.0554  0.4845  0.0526  0.1539  1
 92:   0.2038  0.2822  0.2102  0.0756  0.0740  0.1542  1
 93:   0.1198  0.2576  0.2579  0.1480  0.0578  0.1588  1
 94:   0.0876  0.3552  0.1386  0.1776  0.0406  0.2004  1
 95:   0.2136  0.1306  0.0918  0.0864  0.2640  0.2135  1
 96:   0.0800  0.1176  0.0814  0.2663  0.3065  0.1482  1
 97:   0.0732  0.0526  0.0454  0.0598  0.6662  0.1028  1
 98:   0.2014  0.1802  0.0846  0.1038  0.2180  0.2118  1
 99:   0.0834  0.1734  0.3895  0.0888  0.1492  0.1158  1
100:   0.2301  0.0946  0.2357  0.0706  0.2291  0.1399  1
101:   0.1206  0.1084  0.0782  0.1272  0.3901  0.1754  1
102:   0.1072  0.1370  0.0792  0.2752  0.2268  0.1746  1
103:   0.1078  0.1202  0.0636  0.1386  0.4239  0.1460  1
104:   0.0870  0.1440  0.2180  0.1070  0.3109  0.1330  1
105:   0.3565  0.0790  0.0610  0.1802  0.1234  0.2000  1
106:   0.3821  0.0552  0.0534  0.0356  0.3063  0.1674  1
107:   0.0928  0.0370  0.0504  0.0578  0.6517  0.1103  1
108:   0.1020  0.1160  0.0974  0.3470  0.1972  0.1404  1
109:   0.2470  0.1790  0.2971  0.0448  0.0980  0.1341  1
110:   0.0624  0.1748  0.3271  0.2288  0.0962  0.1106  1
111:   0.0628  0.1723  0.0480  0.5513  0.0322  0.1335  1
112:   0.1246  0.1364  0.0422  0.5018  0.0570  0.1380  1
113:   0.0824  0.1620  0.2271  0.2792  0.0982  0.1512  1
114:   0.2072  0.2997  0.0760  0.1768  0.0648  0.1754  1
115:   0.0778  0.1102  0.0814  0.4261  0.1712  0.1334  1
116:   0.1738  0.2425  0.1214  0.1736  0.0676  0.2210  1
117:   0.0906  0.3301  0.1932  0.1650  0.0394  0.1818  1
118:   0.3531  0.1030  0.0646  0.0690  0.2397  0.1708  1
119:   0.0747  0.2284  0.2927  0.1039  0.1538  0.1465  1
120:   0.1244  0.2097  0.2561  0.0738  0.1241  0.2119  1
121:   0.1646  0.2224  0.2728  0.0782  0.0554  0.2066  1
122:   0.1018  0.1976  0.2260  0.0994  0.2212  0.1542  1
123:   0.2451  0.0704  0.0698  0.0778  0.4007  0.1362  1
124:   0.0738  0.1728  0.2142  0.2479  0.1418  0.1496  1
125:   0.1024  0.0742  0.0582  0.0716  0.5362  0.1574  1
126:   0.0754  0.1611  0.4083  0.1761  0.0604  0.1187  1
127:   0.0818  0.1694  0.5764  0.0354  0.0642  0.0727  1
128:   0.1286  0.0908  0.0580  0.0642  0.5227  0.1358  1
129:   0.2856  0.1394  0.3720  0.0316  0.0396  0.1318  1
130:   0.1474  0.0946  0.0684  0.4201  0.1284  0.1412  1
131:   0.1020  0.1642  0.5725  0.0352  0.0514  0.0748  1
132:   0.1218  0.2478  0.1034  0.1430  0.1212  0.2627  1
133:   0.0770  0.2127  0.2692  0.1088  0.1026  0.2297  1
134:   0.0968  0.1184  0.0654  0.2379  0.3419  0.1396  1
135:   0.0722  0.1965  0.1276  0.4345  0.0522  0.1170  1
136:   0.1706  0.1213  0.0628  0.4406  0.0526  0.1521  1
137:   0.0924  0.0758  0.0848  0.1026  0.4718  0.1726  1
138:   0.0872  0.2432  0.1922  0.1134  0.2160  0.1480  1
139:   0.0712  0.0562  0.0566  0.0983  0.6157  0.1019  1
140:   0.0938  0.0664  0.0568  0.0930  0.5701  0.1200  1
141:   0.0754  0.2408  0.2034  0.1418  0.1664  0.1720  1
142:   0.0602  0.1474  0.0538  0.4378  0.1606  0.1402  1
143:   0.1298  0.1170  0.0972  0.0496  0.3369  0.2694  1
144:   0.3178  0.1823  0.2087  0.0550  0.0626  0.1737  1
145:   0.1206  0.1170  0.1486  0.0800  0.3681  0.1658  1
146:   0.4078  0.0588  0.0782  0.0512  0.1986  0.2054  1
147:   0.1122  0.1020  0.0700  0.0532  0.5126  0.1500  1
148:   0.0902  0.1985  0.0588  0.4324  0.0834  0.1367  1
149:   0.1124  0.1989  0.2627  0.1116  0.1561  0.1583  1
150:   0.0814  0.3602  0.1392  0.1540  0.0572  0.2080  1
151:   0.1094  0.0714  0.0628  0.0566  0.5283  0.1715  1
152:   0.1324  0.1530  0.0980  0.0984  0.3377  0.1804  1
153:   0.5849  0.0748  0.0310  0.0300  0.0774  0.2018  1
154:   0.0522  0.1857  0.0954  0.4504  0.0432  0.1732  1
155:   0.4806  0.1414  0.0644  0.0422  0.0934  0.1780  1
156:   0.1468  0.1250  0.0782  0.1026  0.3357  0.2118  1
157:   0.0797  0.1559  0.3041  0.0796  0.2651  0.1156  1
158:   0.2699  0.2003  0.0712  0.0924  0.1759  0.1903  1
159:   0.0744  0.1058  0.0968  0.5073  0.0762  0.1396  1
160:   0.2185  0.1985  0.0680  0.2609  0.0848  0.1693  1
161:   0.2489  0.1403  0.3201  0.0580  0.0608  0.1719  1
162:   0.2211  0.1906  0.0932  0.1914  0.0944  0.2092  1
163:   0.2458  0.1208  0.1034  0.1218  0.1876  0.2208  1
164:   0.0854  0.3235  0.1609  0.2112  0.0464  0.1726  1
165:   0.1368  0.2807  0.1864  0.1398  0.0862  0.1702  1
166:   0.2349  0.2125  0.0674  0.2185  0.0726  0.1941  1
167:   0.2640  0.2592  0.0802  0.0858  0.0876  0.2232  1
168:   0.0704  0.2147  0.0638  0.4342  0.0446  0.1723  1
169:   0.0462  0.1128  0.0486  0.6229  0.0400  0.1295  1
170:   0.0802  0.3071  0.1945  0.1576  0.0790  0.1816  1
171:   0.0942  0.1379  0.0498  0.5582  0.0342  0.1258  1
172:   0.0795  0.1831  0.4774  0.1307  0.0270  0.1023  1
173:   0.0684  0.1048  0.1618  0.4392  0.0946  0.1313  1
174:   0.1292  0.0528  0.0510  0.0302  0.6083  0.1284  1
175:   0.1264  0.3216  0.1698  0.1076  0.0846  0.1900  1
176:   0.1216  0.0604  0.0818  0.0774  0.5391  0.1198  1
177:   0.1212  0.2798  0.2650  0.1058  0.0560  0.1720  1
178:   0.2020  0.2242  0.0996  0.1798  0.0672  0.2271  1
179:   0.0806  0.2497  0.0700  0.3575  0.1010  0.1412  1
180:   0.3909  0.0738  0.0826  0.0482  0.1931  0.2115  1
181:   0.1440  0.1030  0.0974  0.1615  0.2965  0.1977  1
182:   0.0988  0.1824  0.3761  0.1242  0.0880  0.1304  1
183:   0.0374  0.1599  0.5977  0.0588  0.0788  0.0674  1
184:   0.1113  0.1803  0.1391  0.1810  0.1045  0.2838  1
185:   0.1815  0.2703  0.1060  0.1391  0.0938  0.2092  1
186:   0.1248  0.2231  0.0944  0.2727  0.0740  0.2109  1
187:   0.4269  0.1062  0.1174  0.0990  0.0540  0.1966  1
188:   0.0630  0.1956  0.3340  0.2380  0.0504  0.1190  1
189:   0.0514  0.1080  0.0378  0.6038  0.0564  0.1426  1
190:   0.1094  0.1146  0.3888  0.0722  0.2070  0.1080  1
191:   0.1522  0.1080  0.1942  0.1414  0.2197  0.1844  1
192:   0.1316  0.1874  0.1974  0.2942  0.0446  0.1446  1
193:   0.2411  0.0650  0.0726  0.0508  0.4076  0.1629  1
194:   0.1499  0.0598  0.1547  0.0306  0.4637  0.1413  1
195:   0.4000  0.1316  0.0850  0.0636  0.1555  0.1643  1
196:   0.0884  0.2619  0.3061  0.1057  0.0822  0.1557  1
197:   0.1354  0.1398  0.5063  0.0400  0.0872  0.0914  1
198:   0.0751  0.3236  0.1873  0.1694  0.0472  0.1974  1
199:   0.1031  0.3436  0.1019  0.1619  0.0803  0.2093  1
200:   0.0404  0.1188  0.0422  0.6565  0.0286  0.1136  1
201:   0.3823  0.1400  0.0884  0.0810  0.0896  0.2186  1
202:   0.0774  0.2038  0.2026  0.2911  0.0446  0.1805  1
203:   0.1739  0.1409  0.1475  0.1389  0.1701  0.2287  1
204:   0.1436  0.1662  0.0780  0.3899  0.0632  0.1591  1
205:   0.0960  0.1950  0.0938  0.2634  0.1814  0.1704  1
206:   0.1039  0.0402  0.0797  0.0442  0.6239  0.1081  1
207:   0.0809  0.0642  0.0560  0.0486  0.6444  0.1058  1
208:   0.1840  0.0918  0.1136  0.0648  0.3760  0.1698  1
209:   0.0712  0.1354  0.4342  0.0432  0.2153  0.1006  1
210:   0.1760  0.0897  0.2590  0.0344  0.3162  0.1247  1
211:   0.4000  0.0562  0.0762  0.0594  0.2036  0.2046  1
212:   0.1953  0.0750  0.1057  0.2750  0.2023  0.1467  1
213:   0.0510  0.1520  0.6522  0.0282  0.0596  0.0570  1
214:   0.0959  0.0624  0.0574  0.0470  0.6113  0.1260  1
215:   0.0846  0.1688  0.1398  0.0834  0.3802  0.1432  1
216:   0.1440  0.3933  0.1436  0.1112  0.0436  0.1642  1
217:   0.1632  0.1246  0.1128  0.3776  0.0562  0.1656  1
218:   0.2123  0.2543  0.0823  0.1324  0.0722  0.2465  1
219:   0.1401  0.1781  0.3837  0.0581  0.0871  0.1529  1
220:   0.0998  0.1116  0.0684  0.0846  0.4862  0.1494  1
221:   0.1135  0.1925  0.4104  0.0887  0.0534  0.1415  1
222:   0.2399  0.0406  0.0572  0.0338  0.4685  0.1600  1
223:   0.1090  0.2198  0.2607  0.1132  0.1236  0.1737  1
224:   0.2436  0.1509  0.2782  0.0791  0.0932  0.1551  1
225:   0.4448  0.0584  0.0646  0.0492  0.1909  0.1921  1
226:   0.0956  0.2461  0.2853  0.1298  0.0782  0.1651  1
227:   0.0858  0.2692  0.1667  0.1900  0.0924  0.1959  1
228:   0.0742  0.1530  0.5393  0.0674  0.0770  0.0890  1
229:   0.2886  0.1210  0.0902  0.2401  0.0662  0.1939  1
230:   0.2052  0.1670  0.0850  0.2376  0.0984  0.2068  1
231:   0.0890  0.2466  0.1824  0.1787  0.1028  0.2004  1
232:   0.1917  0.1755  0.0828  0.1577  0.1055  0.2869  1
233:   0.3463  0.2454  0.1496  0.0678  0.0470  0.1440  1
234:   0.0534  0.1950  0.5066  0.0920  0.0674  0.0854  1
235:   0.0744  0.1734  0.4254  0.0844  0.1300  0.1124  1
236:   0.0842  0.1862  0.4576  0.0520  0.0982  0.1218  1
237:   0.0744  0.0906  0.2507  0.0348  0.4583  0.0912  1
238:   0.0846  0.3092  0.1438  0.1794  0.0926  0.1903  1
239:   0.0836  0.2196  0.0686  0.3827  0.0700  0.1756  1
240:   0.2423  0.2487  0.0800  0.1629  0.0612  0.2049  1
241:   0.0960  0.3896  0.1298  0.1584  0.0454  0.1807  1
242:   0.1302  0.2892  0.1736  0.1826  0.0558  0.1686  1
243:   0.0891  0.1101  0.2633  0.0408  0.3911  0.1056  1
244:   0.0914  0.3602  0.1504  0.2151  0.0454  0.1375  1
245:   0.2658  0.1512  0.3626  0.0536  0.0412  0.1256  1
246:   0.4034  0.0988  0.0782  0.1894  0.0556  0.1746  1
247:   0.0584  0.1424  0.0570  0.5580  0.0476  0.1366  1
248:   0.0450  0.2127  0.4836  0.0978  0.0676  0.0934  1
249:   0.3661  0.0788  0.1186  0.0574  0.1864  0.1926  1
250:   0.1148  0.0996  0.0514  0.1791  0.4248  0.1304  1
251:   0.1227  0.3714  0.1542  0.1267  0.0560  0.1689  1
252:   0.2113  0.0922  0.0710  0.0336  0.4358  0.1561  1
253:   0.0832  0.2288  0.1922  0.2541  0.1066  0.1352  1
254:   0.1029  0.0556  0.0798  0.0770  0.5590  0.1258  1
255:   0.4023  0.0726  0.1108  0.0590  0.1800  0.1752  1
256:   0.0352  0.1550  0.6402  0.0412  0.0628  0.0656  1
257:   0.2207  0.0662  0.1184  0.0946  0.2889  0.2112  1
258:   0.0704  0.1304  0.3776  0.0682  0.2510  0.1024  1
259:   0.0838  0.1340  0.0696  0.0924  0.4871  0.1330  1
260:   0.1350  0.0472  0.0628  0.0720  0.5636  0.1194  1
