   1:   0.2014  0.2038  0.2024  0.1934  0.1988  1
   2:   0.2091  0.1981  0.1949  0.1937  0.2043  1
   3:   0.2032  0.1984  0.1948  0.1998  0.2040  1
   4:   0.2082  0.1966  0.1982  0.1974  0.1994  1
   5:   0.1966  0.1996  0.2038  0.1962  0.2040  1
   6:   0.2015  0.2065  0.1995  0.1911  0.2013  1
   7:   0.2055  0.1993  0.2031  0.1937  0.1985  1
   8:   0.1998  0.2052  0.1962  0.1942  0.2046  1
   9:   0.1964  0.1984  0.1988  0.2038  0.2028  1
  10:   0.2024  0.1992  0.1986  0.2012  0.1984  1
  11:   0.1928  0.1986  0.2060  0.2074  0.1950  1
  12:   0.1940  0.2020  0.1988  0.2052  0.2002  1
  13:   0.1980  0.2056  0.2006  0.1946  0.2014  1
  14:   0.2041  0.2065  0.1927  0.1895  0.2073  1
  15:   0.2056  0.1992  0.2000  0.1944  0.2006  1
  16:   0.1953  0.2025  0.2037  0.2007  0.1977  1
  17:   0.1952  0.2010  0.1992  0.2086  0.1962  1
  18:   0.1945  0.1995  0.2013  0.2033  0.2013  1
  19:   0.2026  0.1988  0.1998  0.1978  0.2010  1
  20:   0.1950  0.2000  0.2090  0.1938  0.2024  1
  21:   0.2003  0.2001  0.1989  0.1965  0.2041  1
  22:   0.1960  0.2008  0.2016  0.1998  0.2020  1
  23:   0.2028  0.2014  0.2006  0.1918  0.2032  1
  24:   0.2110  0.1980  0.2000  0.1894  0.2016  1
  25:   0.2018  0.1980  0.1930  0.2048  0.2022  1
  26:   0.1967  0.2009  0.2067  0.2025  0.1931  1
  27:   0.2064  0.2002  0.1964  0.1958  0.2012  1
  28:   0.1970  0.1956  0.2004  0.2080  0.1988  1
  29:   0.2002  0.2000  0.2000  0.2012  0.1984  1
  30:   0.2027  0.1995  0.1955  0.2021  0.2001  1
  31:   0.1947  0.2007  0.2021  0.2003  0.2023  1
  32:   0.1996  0.1966  0.2002  0.2054  0.1984  1
  33:   0.1953  0.1953  0.2039  0.2041  0.2013  1
  34:   0.1966  0.1966  0.2090  0.2016  0.1960  1
  35:   0.1988  0.1992  0.2026  0.2010  0.1982  1
  36:   0.2010  0.1968  0.2012  0.1976  0.2034  1
  37:   0.1955  0.1981  0.2027  0.2063  0.1975  1
  38:   0.2002  0.1962  0.1984  0.2070  0.1984  1
  39:   0.1986  0.2002  0.1984  0.2028  0.1998  1
  40:   0.2001  0.2011  0.2013  0.1991  0.1983  1
  41:   0.1951  0.2009  0.1995  0.2053  0.1991  1
  42:   0.1968  0.1966  0.1992  0.2066  0.2006  1
  43:   0.2031  0.1975  0.2013  0.1981  0.2001  1
  44:   0.1977  0.2013  0.2053  0.1949  0.2007  1
  45:   0.1973  0.2023  0.2045  0.1927  0.2031  1
  46:   0.2034  0.1966  0.1982  0.1956  0.2062  1
  47:   0.2031  0.2001  0.1977  0.1995  0.1995  1
  48:   0.2009  0.1991  0.1947  0.2029  0.2023  1
  49:   0.1938  0.1994  0.2018  0.2096  0.1952  1
  50:   0.1986  0.2064  0.1936  0.1962  0.2054  1
  51:   0.1963  0.1987  0.2033  0.2011  0.2005  1
  52:   0.1958  0.2006  0.2026  0.2042  0.1966  1
  53:   0.1966  0.2006  0.2034  0.2042  0.1954  1
  54:   0.1973  0.1983  0.1995  0.2089  0.1959  1
  55:   0.1934  0.1990  0.2020  0.2070  0.1986  1
  56:   0.1958  0.2084  0.1956  0.1990  0.2010  1
  57:   0.1923  0.1945  0.2081  0.2077  0.1975  1
  58:   0.1959  0.1977  0.2079  0.2017  0.1967  1
  59:   0.2042  0.2030  0.2020  0.1966  0.1944  1
  60:   0.2014  0.2000  0.2008  0.1944  0.2034  1
  61:   0.2054  0.2010  0.1998  0.1942  0.1996  1
  62:   0.1947  0.2027  0.2005  0.2031  0.1989  1
  63:   0.2002  0.2036  0.1966  0.1968  0.2026  1
  64:   0.1931  0.1997  0.2015  0.2121  0.1937  1
  65:   0.1990  0.1976  0.1990  0.1992  0.2050  1
  66:   0.2140  0.1922  0.1944  0.1912  0.2080  1
  67:   0.2046  0.1938  0.1982  0.2044  0.1988  1
  68:   0.1974  0.1980  0.2032  0.2020  0.1996  1
  69:   0.2006  0.1994  0.1970  0.1996  0.2034  1
  70:   0.1968  0.1986  0.2000  0.2074  0.1970  1
  71:   0.1990  0.2058  0.1998  0.1952  0.2002  1
  72:   0.1968  0.1984  0.1982  0.2116  0.1950  1
  73:   0.1986  0.1992  0.1950  0.2072  0.1998  1
  74:   0.2014  0.2030  0.2024  0.1956  0.1976  1
  75:   0.2020  0.2018  0.1946  0.1968  0.2050  1
  76:   0.2002  0.2010  0.1984  0.1988  0.2018  1
  77:   0.1971  0.2007  0.2001  0.1989  0.2033  1
  78:   0.2035  0.1955  0.1993  0.2025  0.1991  1
  79:   0.2034  0.2010  0.1966  0.1942  0.2048  1
  80:   0.2059  0.1961  0.1961  0.1935  0.2083  1
  81:   0.1935  0.1985  0.1995  0.2047  0.2037  1
  82:   0.2004  0.2070  0.1992  0.1960  0.1976  1
  83:   0.1968  0.2004  0.2016  0.2026  0.1984  1
  84:   0.2022  0.2034  0.1960  0.1990  0.1992  1
  85:   0.2088  0.2004  0.1980  0.1896  0.2030  1
  86:   0.2002  0.1990  0.1960  0.2048  0.2000  1
  87:   0.1990  0.1972  0.2010  0.2030  0.1998  1
  88:   0.1979  0.2013  0.2021  0.2005  0.1983  1
  89:   0.1980  0.2006  0.1984  0.2030  0.2002  1
  90:   0.2047  0.1963  0.2015  0.1985  0.1991  1
  91:   0.1956  0.1944  0.2012  0.2082  0.2004  1
  92:   0.2009  0.2011  0.1937  0.2011  0.2031  1
  93:   0.1954  0.2024  0.1970  0.2058  0.1994  1
  94:   0.1933  0.2015  0.2095  0.2051  0.1905  1
  95:   0.1996  0.1994  0.2054  0.2044  0.1912  1
  96:   0.2024  0.1978  0.1972  0.1992  0.2034  1
  97:   0.1948  0.1944  0.2004  0.2116  0.1988  1
  98:   0.1936  0.1954  0.2040  0.2072  0.1996  1
  99:   0.2032  0.1950  0.1970  0.2040  0.2006  1
 100:   0.2022  0.1934  0.2008  0.2008  0.2030  1
 101:   0.1932  0.1986  0.1992  0.2108  0.1982  1
 102:   0.1986  0.2008  0.1992  0.2032  0.1982  1
 103:   0.1938  0.1972  0.2004  0.2106  0.1978  1
 104:   0.1994  0.1940  0.2018  0.2058  0.1990  1
 105:   0.1959  0.1981  0.2039  0.2011  0.2009  1
 106:   0.1974  0.2012  0.2052  0.2010  0.1952  1
 107:   0.2024  0.2038  0.2082  0.1892  0.1964  1
 108:   0.2026  0.1996  0.2014  0.2038  0.1928  1
 109:   0.2202  0.1962  0.1862  0.1854  0.2120  1
 110:   0.2098  0.1996  0.1922  0.1932  0.2054  1
 111:   0.2030  0.2024  0.2024  0.1906  0.2016  1
 112:   0.2020  0.1982  0.2018  0.1958  0.2020  1
 113:   0.2002  0.2008  0.1998  0.1962  0.2028  1
 114:   0.1982  0.2014  0.1994  0.2026  0.1986  1
 115:   0.2012  0.1994  0.1998  0.1972  0.2024  1
 116:   0.1964  0.1972  0.2004  0.2058  0.2002  1
 117:   0.1962  0.1986  0.2030  0.2000  0.2024  1
 118:   0.1982  0.1970  0.2000  0.2064  0.1984  1
 119:   0.1952  0.2000  0.2014  0.2000  0.2036  1
 120:   0.2035  0.2029  0.2001  0.1907  0.2029  1
 121:   0.2014  0.1994  0.1996  0.1952  0.2044  1
 122:   0.2006  0.2008  0.2026  0.2008  0.1950  1
 123:   0.2020  0.1960  0.1980  0.2060  0.1978  1
 124:   0.1963  0.2037  0.2121  0.1927  0.1953  1
 125:   0.2064  0.2044  0.1986  0.1884  0.2020  1
 126:   0.2003  0.2039  0.2015  0.1957  0.1985  1
 127:   0.2000  0.2010  0.2002  0.1950  0.2040  1
 128:   0.1960  0.2004  0.1996  0.2086  0.1952  1
 129:   0.1987  0.2011  0.2013  0.2021  0.1969  1
 130:   0.2014  0.2000  0.1984  0.2022  0.1980  1
 131:   0.2040  0.2006  0.1986  0.1958  0.2012  1
 132:   0.2005  0.2089  0.1997  0.1895  0.2015  1
 133:   0.2048  0.1980  0.1974  0.1988  0.2010  1
 134:   0.2156  0.1982  0.1934  0.1898  0.2032  1
 135:   0.1998  0.1960  0.2030  0.2052  0.1962  1
 136:   0.1963  0.1989  0.2045  0.2033  0.1969  1
 137:   0.2006  0.1974  0.1990  0.2076  0.1956  1
 138:   0.2030  0.1994  0.1990  0.1996  0.1988  1
 139:   0.1993  0.2015  0.2019  0.2003  0.1971  1
 140:   0.1936  0.2022  0.1976  0.2058  0.2008  1
 141:   0.2048  0.2016  0.1946  0.1954  0.2038  1
 142:   0.2004  0.1936  0.2026  0.2052  0.1982  1
 143:   0.1960  0.2032  0.1968  0.1996  0.2042  1
 144:   0.2008  0.1980  0.1980  0.2050  0.1982  1
 145:   0.1938  0.1964  0.1996  0.2086  0.2014  1
 146:   0.2002  0.1974  0.1982  0.2016  0.2026  1
 147:   0.1968  0.2020  0.2020  0.1974  0.2018  1
 148:   0.2022  0.2012  0.1996  0.1998  0.1974  1
 149:   0.2053  0.2011  0.1965  0.1915  0.2057  1
 150:   0.2061  0.1981  0.1993  0.1947  0.2019  1
 151:   0.1936  0.1974  0.1996  0.2096  0.1998  1
 152:   0.2094  0.2028  0.1978  0.1936  0.1964  1
 153:   0.2006  0.1980  0.2030  0.1984  0.2000  1
 154:   0.2034  0.1978  0.1986  0.1980  0.2022  1
 155:   0.1940  0.1984  0.1974  0.2138  0.1966  1
 156:   0.1938  0.1984  0.2052  0.2054  0.1974  1
 157:   0.2050  0.2026  0.1982  0.1898  0.2046  1
 158:   0.2055  0.1945  0.1985  0.2001  0.2015  1
 159:   0.2038  0.2056  0.1960  0.1894  0.2050  1
 160:   0.1989  0.2015  0.1987  0.1993  0.2015  1
 161:   0.2020  0.1982  0.1980  0.1996  0.2024  1
 162:   0.1988  0.1996  0.2038  0.2026  0.1954  1
 163:   0.1991  0.2023  0.2037  0.2015  0.1933  1
 164:   0.2023  0.2025  0.1989  0.1945  0.2019  1
 165:   0.1998  0.2000  0.1990  0.1958  0.2052  1
 166:   0.1960  0.2000  0.2048  0.2032  0.1962  1
 167:   0.2021  0.2005  0.1963  0.1943  0.2067  1
 168:   0.1985  0.1977  0.2023  0.2005  0.2009  1
 169:   0.1940  0.2020  0.2018  0.2084  0.1940  1
 170:   0.1950  0.1994  0.2014  0.2032  0.2008  1
 171:   0.1986  0.2074  0.1964  0.1986  0.1992  1
 172:   0.1966  0.2044  0.2020  0.2020  0.1948  1
 173:   0.2041  0.1997  0.1953  0.2007  0.2001  1
 174:   0.2066  0.2024  0.1970  0.1924  0.2018  1
 175:   0.1970  0.2002  0.2002  0.2054  0.1972  1
 176:   0.1984  0.2012  0.2046  0.1994  0.1964  1
 177:   0.2010  0.1994  0.1978  0.1990  0.2028  1
 178:   0.1986  0.1996  0.2008  0.2028  0.1984  1
 179:   0.2040  0.1984  0.1960  0.1970  0.2046  1
 180:   0.1973  0.2033  0.2011  0.1939  0.2043  1
 181:   0.1936  0.1990  0.1998  0.2064  0.2012  1
 182:   0.1938  0.2016  0.1982  0.2068  0.1994  1
 183:   0.1988  0.2014  0.1988  0.2016  0.1992  1
 184:   0.1970  0.2012  0.1988  0.2008  0.2024  1
 185:   0.1968  0.1970  0.2008  0.2052  0.2000  1
 186:   0.1993  0.1993  0.2075  0.1937  0.2003  1
 187:   0.1960  0.2020  0.2078  0.1976  0.1966  1
 188:   0.1943  0.2005  0.1975  0.2097  0.1981  1
 189:   0.2020  0.1996  0.1972  0.2016  0.1998  1
 190:   0.1968  0.2010  0.1988  0.2050  0.1986  1
 191:   0.2010  0.2042  0.1946  0.1946  0.2056  1
 192:   0.2022  0.1982  0.1986  0.1988  0.2022  1
 193:   0.2005  0.1979  0.1981  0.2025  0.2011  1
 194:   0.1988  0.2010  0.1980  0.1990  0.2034  1
 195:   0.2054  0.1974  0.1952  0.1990  0.2032  1
 196:   0.1971  0.2003  0.1991  0.2001  0.2033  1
 197:   0.1968  0.1990  0.1992  0.2056  0.1994  1
 198:   0.1991  0.2009  0.2037  0.1929  0.2035  1
 199:   0.2050  0.1970  0.1970  0.1954  0.2054  1
 200:   0.2021  0.1981  0.1959  0.2057  0.1981  1
 201:   0.1948  0.1950  0.2034  0.2074  0.1996  1
 202:   0.1982  0.2018  0.2020  0.1998  0.1984  1
 203:   0.1983  0.1999  0.1963  0.2069  0.1987  1
 204:   0.2024  0.2008  0.2026  0.1946  0.1994  1
 205:   0.1990  0.2014  0.1998  0.1986  0.2012  1
 206:   0.2002  0.2022  0.2022  0.1930  0.2024  1
 207:   0.1968  0.2022  0.2092  0.1928  0.1988  1
 208:   0.2091  0.1935  0.1963  0.1993  0.2019  1
 209:   0.1964  0.2012  0.1998  0.2054  0.1972  1
 210:   0.2029  0.2043  0.1979  0.1961  0.1989  1
 211:   0.2285  0.1927  0.1915  0.1833  0.2041  1
 212:   0.1929  0.1957  0.2005  0.2105  0.2005  1
 213:   0.2064  0.2008  0.1984  0.1928  0.2014  1
 214:   0.2022  0.1996  0.1902  0.2066  0.2012  1
 215:   0.1999  0.2027  0.1981  0.2023  0.1971  1
 216:   0.1938  0.1974  0.2042  0.2020  0.2026  1
 217:   0.2040  0.1992  0.1920  0.2032  0.2014  1
 218:   0.2032  0.2074  0.1936  0.1916  0.2042  1
 219:   0.2100  0.1954  0.1968  0.1956  0.2022  1
 220:   0.2097  0.2037  0.1919  0.1899  0.2049  1
 221:   0.2052  0.1948  0.1996  0.2010  0.1996  1
 222:   0.1985  0.1995  0.2101  0.1941  0.1977  1
 223:   0.1979  0.1977  0.2093  0.1947  0.2005  1
 224:   0.1976  0.2004  0.2094  0.1994  0.1932  1
 225:   0.1976  0.2028  0.2050  0.1936  0.2008  1
 226:   0.1996  0.2016  0.1982  0.1996  0.2008  1
 227:   0.2032  0.1972  0.1978  0.2030  0.1988  1
 228:   0.2016  0.2002  0.1988  0.1970  0.2022  1
 229:   0.1955  0.1991  0.2011  0.2051  0.1991  1
 230:   0.1968  0.1992  0.2034  0.2020  0.1984  1
 231:   0.1927  0.1977  0.1987  0.2159  0.1949  1
 232:   0.1948  0.1998  0.2000  0.2066  0.1990  1
 233:   0.2016  0.1970  0.2034  0.1962  0.2018  1
 234:   0.1965  0.1993  0.2001  0.2027  0.2013  1
 235:   0.1904  0.1980  0.2032  0.2114  0.1968  1
 236:   0.2040  0.2024  0.1928  0.2026  0.1984  1
 237:   0.1924  0.1956  0.2004  0.2076  0.2040  1
 238:   0.1986  0.1998  0.1968  0.2080  0.1966  1
 239:   0.1982  0.2020  0.1984  0.2064  0.1948  1
 240:   0.2008  0.2072  0.1974  0.1952  0.1994  1
 241:   0.1946  0.1974  0.2018  0.2122  0.1940  1
 242:   0.1949  0.2019  0.2023  0.2067  0.1941  1
 243:   0.2011  0.2013  0.1991  0.1929  0.2055  1
 244:   0.2027  0.2007  0.1969  0.1997  0.2001  1
 245:   0.1986  0.2028  0.1994  0.1988  0.2004  1
 246:   0.1986  0.2034  0.1950  0.2042  0.1988  1
 247:   0.2008  0.2034  0.1934  0.2008  0.2014  1
 248:   0.1956  0.1958  0.2012  0.2088  0.1988  1
 249:   0.2038  0.2000  0.1994  0.1972  0.1994  1
 250:   0.1948  0.2026  0.2024  0.2016  0.1986  1
 251:   0.1948  0.1980  0.2002  0.2098  0.1972  1
 252:   0.1992  0.2068  0.1942  0.1948  0.2048  1
 253:   0.2062  0.1950  0.2010  0.1942  0.2038  1
 254:   0.1998  0.2028  0.1984  0.1962  0.2030  1
 255:   0.2047  0.2011  0.1957  0.1901  0.2085  1
 256:   0.2010  0.1990  0.1998  0.2000  0.2004  1
 257:   0.2123  0.1981  0.1923  0.1965  0.2009  1
 258:   0.2046  0.1988  0.2008  0.1914  0.2044  1
 259:   0.2076  0.1952  0.1956  0.1978  0.2036  1
 260:   0.2062  0.1998  0.1952  0.1944  0.2046  1
 261:   0.1979  0.2043  0.2091  0.1979  0.1907  1
 262:   0.2034  0.2048  0.1928  0.1934  0.2056  1
 263:   0.1928  0.2004  0.1990  0.2082  0.1996  1
 264:   0.2013  0.1979  0.1967  0.2005  0.2037  1
 265:   0.2004  0.1984  0.1970  0.2042  0.2000  1
 266:   0.1971  0.2015  0.1983  0.2019  0.2011  1
 267:   0.2020  0.1976  0.1946  0.2004  0.2052  1
 268:   0.2020  0.2028  0.2030  0.1980  0.1942  1
 269:   0.2138  0.1970  0.2004  0.1900  0.1990  1
 270:   0.2010  0.2016  0.1938  0.2028  0.2006  1
 271:   0.1921  0.1995  0.2011  0.2093  0.1979  1
 272:   0.1996  0.1978  0.1960  0.2022  0.2042  1
 273:   0.1945  0.1975  0.2035  0.2055  0.1989  1
 274:   0.2000  0.1998  0.1968  0.2000  0.2034  1
 275:   0.2146  0.1952  0.1946  0.1912  0.2046  1
 276:   0.2019  0.2101  0.1987  0.1913  0.1979  1
 277:   0.1992  0.1976  0.2044  0.1964  0.2026  1
 278:   0.2033  0.2027  0.2029  0.1971  0.1941  1
 279:   0.1981  0.2001  0.2035  0.1927  0.2055  1
 280:   0.2007  0.2021  0.2055  0.1935  0.1983  1
 281:   0.1912  0.1984  0.2010  0.2102  0.1992  1
 282:   0.1928  0.2022  0.2030  0.2050  0.1970  1
 283:   0.1982  0.2032  0.2024  0.1922  0.2040  1
 284:   0.1958  0.2014  0.2014  0.2018  0.1996  1
 285:   0.1931  0.1983  0.2013  0.2073  0.1999  1
 286:   0.2058  0.2040  0.1980  0.1880  0.2044  1
 287:   0.1943  0.2001  0.2017  0.2075  0.1965  1
 288:   0.1950  0.2018  0.1994  0.2052  0.1988  1
 289:   0.1917  0.1993  0.1983  0.2141  0.1965  1
 290:   0.1959  0.2001  0.2057  0.2017  0.1967  1
 291:   0.2014  0.2030  0.2004  0.1928  0.2022  1
 292:   0.1952  0.2008  0.1946  0.2116  0.1980  1
 293:   0.1970  0.1960  0.2016  0.2046  0.2008  1
 294:   0.1958  0.1994  0.2012  0.2094  0.1942  1
 295:   0.2043  0.1963  0.1937  0.2051  0.2007  1
 296:   0.2016  0.2000  0.2050  0.1976  0.1960  1
 297:   0.1978  0.1992  0.1984  0.2066  0.1978  1
 298:   0.1980  0.1948  0.2030  0.2074  0.1970  1
 299:   0.1969  0.1971  0.1979  0.2115  0.1967  1
 300:   0.2092  0.2012  0.1988  0.1862  0.2046  1
 301:   0.1978  0.2002  0.1998  0.2024  0.2000  1
 302:   0.2010  0.2030  0.1970  0.2012  0.1978  1
 303:   0.2038  0.2034  0.1954  0.1934  0.2040  1
 304:   0.2024  0.2060  0.1944  0.1896  0.2074  1
 305:   0.2008  0.2036  0.1978  0.1920  0.2056  1
 306:   0.1983  0.2019  0.1963  0.1977  0.2059  1
 307:   0.1985  0.1971  0.2045  0.1995  0.2003  1
 308:   0.1998  0.1964  0.2028  0.2004  0.2004  1
 309:   0.1973  0.1977  0.2025  0.2029  0.1997  1
 310:   0.1988  0.2006  0.1990  0.2004  0.2014  1
 311:   0.2010  0.2042  0.1980  0.1944  0.2026  1
 312:   0.1954  0.2072  0.1978  0.1922  0.2072  1
 313:   0.2030  0.1994  0.1974  0.1940  0.2060  1
 314:   0.1958  0.1958  0.2008  0.2148  0.1930  1
 315:   0.2012  0.1992  0.1958  0.2014  0.2026  1
 316:   0.2036  0.1964  0.2006  0.1994  0.1998  1
 317:   0.1946  0.1992  0.2044  0.2080  0.1940  1
 318:   0.1954  0.1960  0.1984  0.2080  0.2020  1
 319:   0.2068  0.2030  0.1914  0.1904  0.2086  1
 320:   0.1964  0.1994  0.1984  0.2080  0.1978  1
 321:   0.2019  0.2001  0.1985  0.1973  0.2021  1
 322:   0.1908  0.1994  0.2004  0.2138  0.1958  1
 323:   0.1975  0.1999  0.2061  0.2049  0.1915  1
 324:   0.2108  0.1980  0.1972  0.1936  0.2006  1
 325:   0.1952  0.1954  0.1994  0.2112  0.1990  1
 326:   0.2088  0.1990  0.1910  0.1948  0.2062  1
 327:   0.1974  0.2012  0.2062  0.1974  0.1980  1
 328:   0.1999  0.1955  0.1971  0.2063  0.2013  1
 329:   0.1998  0.1962  0.1956  0.2034  0.2052  1
 330:   0.1990  0.2022  0.1992  0.1994  0.2004  1
 331:   0.2032  0.2012  0.2040  0.1950  0.1964  1
 332:   0.2046  0.2008  0.2002  0.1940  0.2006  1
 333:   0.1989  0.2041  0.2037  0.1955  0.1979  1
 334:   0.1962  0.2022  0.1978  0.2096  0.1940  1
 335:   0.1933  0.1967  0.2051  0.2093  0.1957  1
 336:   0.1945  0.2043  0.2077  0.2033  0.1903  1
 337:   0.2029  0.1975  0.2013  0.1987  0.1995  1
 338:   0.2011  0.2007  0.1949  0.2013  0.2021  1
 339:   0.1982  0.2010  0.1956  0.2028  0.2022  1
 340:   0.2025  0.1997  0.1961  0.1939  0.2079  1
 341:   0.2040  0.2044  0.1984  0.1928  0.2002  1
 342:   0.2006  0.1984  0.1988  0.2014  0.2006  1
 343:   0.1946  0.1988  0.2032  0.2004  0.2030  1
 344:   0.2014  0.1924  0.2002  0.2042  0.2020  1
 345:   0.2013  0.1955  0.2001  0.2005  0.2027  1
 346:   0.2028  0.2012  0.2066  0.1900  0.1992  1
 347:   0.2032  0.2014  0.2012  0.1938  0.2002  1
 348:   0.2005  0.1997  0.1967  0.1955  0.2077  1
 349:   0.2004  0.2018  0.1966  0.1998  0.2012  1
 350:   0.1981  0.2031  0.2083  0.1953  0.1951  1
 351:   0.2009  0.1999  0.2023  0.1951  0.2017  1
 352:   0.1926  0.1964  0.2090  0.2076  0.1944  1
 353:   0.1966  0.2016  0.2042  0.1940  0.2034  1
 354:   0.1968  0.2018  0.1972  0.2004  0.2038  1
 355:   0.1966  0.1996  0.2020  0.2044  0.1976  1
 356:   0.2000  0.2026  0.2026  0.1970  0.1978  1
 357:   0.2052  0.2068  0.1880  0.1896  0.2104  1
 358:   0.1984  0.2068  0.1964  0.1944  0.2042  1
 359:   0.2110  0.2042  0.1936  0.1838  0.2072  1
 360:   0.1933  0.1979  0.2005  0.2059  0.2025  1
 361:   0.2247  0.1903  0.1895  0.1915  0.2041  1
 362:   0.2042  0.2008  0.1948  0.2000  0.2000  1
 363:   0.1968  0.2010  0.2016  0.2018  0.1986  1
 364:   0.1966  0.2036  0.1980  0.2012  0.2004  1
 365:   0.2036  0.1978  0.1934  0.2042  0.2008  1
 366:   0.1972  0.2010  0.2052  0.1996  0.1968  1
 367:   0.1986  0.2002  0.2068  0.1960  0.1986  1
 368:   0.1902  0.1980  0.2042  0.2124  0.1952  1
 369:   0.1984  0.2004  0.2044  0.2028  0.1942  1
 370:   0.1974  0.1980  0.2026  0.2002  0.2016  1
 371:   0.1988  0.2040  0.1970  0.1988  0.2014  1
 372:   0.1972  0.2014  0.2008  0.2048  0.1958  1
 373:   0.1954  0.2006  0.2034  0.2032  0.1974  1
 374:   0.2046  0.1990  0.1974  0.1972  0.2016  1
 375:   0.1982  0.1984  0.1968  0.2046  0.2022  1
 376:   0.1952  0.2006  0.1988  0.2092  0.1964  1
 377:   0.2033  0.1987  0.1963  0.1985  0.2033  1
 378:   0.1964  0.2044  0.1998  0.1968  0.2026  1
 379:   0.1970  0.1988  0.1956  0.2082  0.2002  1
 380:   0.1914  0.1962  0.2010  0.2154  0.1960  1
 381:   0.2030  0.1982  0.1996  0.1972  0.2022  1
 382:   0.2020  0.2010  0.1998  0.2010  0.1960  1
 383:   0.2008  0.2048  0.2002  0.1914  0.2030  1
 384:   0.2010  0.1996  0.2016  0.1968  0.2008  1
 385:   0.2076  0.2024  0.1954  0.1928  0.2018  1
 386:   0.1996  0.1996  0.2004  0.2018  0.1984  1
 387:   0.2002  0.2052  0.1978  0.1970  0.1996  1
 388:   0.1946  0.1996  0.2012  0.2082  0.1962  1
 389:   0.1988  0.1990  0.2002  0.2030  0.1992  1
 390:   0.2072  0.1998  0.1980  0.1998  0.1952  1
 391:   0.2016  0.1986  0.2004  0.2008  0.1984  1
 392:   0.1976  0.1992  0.2038  0.1994  0.2000  1
 393:   0.1957  0.2023  0.2017  0.2041  0.1961  1
 394:   0.2032  0.2030  0.1982  0.1912  0.2042  1
 395:   0.2016  0.1956  0.1998  0.1970  0.2060  1
 396:   0.1984  0.1996  0.2046  0.2024  0.1950  1
 397:   0.2020  0.2002  0.2002  0.1962  0.2016  1
 398:   0.2013  0.2003  0.2003  0.1993  0.1989  1
 399:   0.1930  0.1994  0.2036  0.2112  0.1930  1
 400:   0.1992  0.2000  0.1998  0.1974  0.2034  1
 401:   0.2048  0.1996  0.1990  0.1928  0.2036  1
 402:   0.1980  0.1986  0.1998  0.2056  0.1978  1
 403:   0.1966  0.2010  0.2012  0.1984  0.2030  1
 404:   0.1970  0.2038  0.2072  0.1930  0.1988  1
 405:   0.2006  0.2008  0.2058  0.1958  0.1970  1
 406:   0.2003  0.2091  0.2051  0.1929  0.1927  1
 407:   0.2045  0.2029  0.1951  0.1911  0.2065  1
 408:   0.1976  0.2012  0.1960  0.2058  0.1994  1
 409:   0.2034  0.2004  0.2002  0.1976  0.1984  1
 410:   0.2042  0.2016  0.2008  0.1948  0.1986  1
 411:   0.2133  0.1953  0.1939  0.1971  0.2003  1
 412:   0.1984  0.2004  0.2086  0.1972  0.1952  1
 413:   0.1990  0.1980  0.1988  0.2014  0.2026  1
 414:   0.1916  0.1948  0.2030  0.2104  0.2000  1
 415:   0.1991  0.2025  0.2027  0.1923  0.2035  1
 416:   0.1953  0.2017  0.2055  0.1985  0.1991  1
 417:   0.1982  0.2022  0.2006  0.1934  0.2054  1
 418:   0.1964  0.2014  0.2010  0.1970  0.2040  1
 419:   0.1956  0.2004  0.1994  0.2012  0.2036  1
 420:   0.1994  0.2030  0.2024  0.1948  0.2006  1
 421:   0.2040  0.2032  0.1936  0.1938  0.2056  1
 422:   0.2030  0.2018  0.1950  0.1968  0.2032  1
 423:   0.2038  0.1968  0.1966  0.2016  0.2012  1
 424:   0.1952  0.2018  0.2040  0.2056  0.1932  1
 425:   0.1941  0.1999  0.2031  0.2041  0.1987  1
 426:   0.2018  0.2016  0.1970  0.1942  0.2054  1
 427:   0.1965  0.1995  0.2057  0.1949  0.2033  1
 428:   0.1992  0.1990  0.2018  0.2000  0.1998  1
 429:   0.1981  0.2047  0.1993  0.1991  0.1989  1
 430:   0.1956  0.1998  0.2000  0.2014  0.2034  1
 431:   0.2008  0.1958  0.1996  0.1980  0.2058  1
 432:   0.1963  0.1989  0.2021  0.2035  0.1991  1
 433:   0.1932  0.1972  0.2008  0.2098  0.1990  1
 434:   0.2008  0.2004  0.1976  0.2034  0.1976  1
 435:   0.2000  0.2006  0.2046  0.1992  0.1954  1
 436:   0.2028  0.2068  0.1942  0.1946  0.2014  1
 437:   0.2029  0.2029  0.1933  0.1955  0.2053  1
 438:   0.2034  0.1970  0.1974  0.2028  0.1996  1
 439:   0.2002  0.2026  0.1978  0.1952  0.2042  1
 440:   0.1972  0.1994  0.2002  0.2024  0.2008  1
 441:   0.1990  0.2010  0.1994  0.2036  0.1972  1
 442:   0.2020  0.1980  0.1978  0.2012  0.2010  1
 443:   0.1984  0.2034  0.2000  0.1960  0.2024  1
 444:   0.2052  0.1944  0.1966  0.2006  0.2034  1
 445:   0.1994  0.2030  0.1988  0.2018  0.1970  1
 446:   0.1998  0.1962  0.2018  0.2012  0.2010  1
 447:   0.1972  0.2018  0.2002  0.2006  0.2004  1
 448:   0.1976  0.2006  0.2004  0.1996  0.2016  1
 449:   0.2024  0.2002  0.1980  0.1954  0.2042  1
 450:   0.1972  0.1974  0.2030  0.2018  0.2008  1
 451:   0.1960  0.1996  0.1990  0.2070  0.1982  1
 452:   0.1976  0.2018  0.2000  0.2036  0.1972  1
 453:   0.2020  0.2056  0.2064  0.1916  0.1942  1
 454:   0.1958  0.2000  0.2000  0.2026  0.2016  1
 455:   0.1989  0.1995  0.1991  0.2051  0.1975  1
 456:   0.1943  0.2025  0.2031  0.2011  0.1991  1
 457:   0.1976  0.2038  0.2096  0.1970  0.1922  1
 458:   0.1975  0.2045  0.2003  0.1999  0.1979  1
 459:   0.1934  0.1962  0.2010  0.2082  0.2010  1
 460:   0.1993  0.2023  0.2023  0.1979  0.1981  1
 461:   0.1939  0.1971  0.1977  0.2113  0.1999  1
 462:   0.1980  0.2040  0.1994  0.2056  0.1930  1
 463:   0.1998  0.2034  0.1998  0.2020  0.1952  1
 464:   0.2004  0.2040  0.2032  0.1956  0.1966  1
 465:   0.2083  0.1987  0.1971  0.1977  0.1981  1
 466:   0.1991  0.2005  0.2073  0.1943  0.1987  1
 467:   0.2002  0.1976  0.2004  0.1994  0.2026  1
 468:   0.1933  0.2029  0.2045  0.2011  0.1981  1
 469:   0.2014  0.1954  0.2014  0.2058  0.1960  1
 470:   0.1978  0.1990  0.1986  0.2058  0.1990  1
 471:   0.1974  0.2048  0.1996  0.1956  0.2024  1
 472:   0.1982  0.2000  0.2020  0.2024  0.1974  1
 473:   0.2080  0.2014  0.1920  0.1918  0.2066  1
 474:   0.1998  0.2042  0.1962  0.1998  0.1998  1
 475:   0.2034  0.2010  0.1966  0.1964  0.2028  1
 476:   0.2053  0.1979  0.1959  0.2013  0.1995  1
 477:   0.1955  0.2031  0.2115  0.1999  0.1901  1
 478:   0.1960  0.1994  0.1996  0.2030  0.2020  1
 479:   0.1970  0.1966  0.1984  0.2078  0.2000  1
 480:   0.2006  0.2024  0.2020  0.1932  0.2018  1
 481:   0.2058  0.1948  0.1990  0.2026  0.1978  1
 482:   0.1954  0.2012  0.2060  0.2040  0.1934  1
 483:   0.2067  0.1975  0.2009  0.1955  0.1995  1
 484:   0.2004  0.2030  0.2024  0.1970  0.1972  1
 485:   0.1975  0.1999  0.1991  0.2075  0.1961  1
 486:   0.1976  0.1992  0.2132  0.1936  0.1964  1
 487:   0.2086  0.2068  0.1984  0.1880  0.1982  1
 488:   0.2060  0.2044  0.1932  0.1936  0.2028  1
 489:   0.2077  0.2001  0.1897  0.1949  0.2075  1
 490:   0.2000  0.1988  0.1976  0.2028  0.2010  1
 491:   0.1958  0.2034  0.1998  0.2042  0.1970  1
 492:   0.1950  0.1980  0.1988  0.2074  0.2006  1
 493:   0.1988  0.2056  0.1976  0.1970  0.2008  1
 494:   0.1998  0.1954  0.1980  0.2056  0.2014  1
 495:   0.2071  0.1997  0.1919  0.1959  0.2055  1
 496:   0.1980  0.2012  0.1966  0.2112  0.1932  1
 497:   0.2027  0.1989  0.1939  0.2017  0.2029  1
 498:   0.1975  0.2033  0.1989  0.2017  0.1987  1
 499:   0.2018  0.2020  0.2012  0.1958  0.1992  1
 500:   0.1966  0.1982  0.2022  0.2036  0.1994  1
 501:   0.2262  0.1952  0.1926  0.1786  0.2072  1
 502:   0.2024  0.1976  0.1974  0.1986  0.2040  1
 503:   0.2151  0.1951  0.1935  0.1943  0.2021  1
 504:   0.1956  0.2022  0.2040  0.2016  0.1966  1
 505:   0.2014  0.2060  0.1934  0.1950  0.2042  1
 506:   0.2006  0.2020  0.1932  0.2056  0.1986  1
 507:   0.2040  0.2028  0.1930  0.2000  0.2000  1
 508:   0.2008  0.2004  0.1992  0.2020  0.1976  1
 509:   0.2044  0.1968  0.2034  0.1954  0.1998  1
 510:   0.1953  0.1979  0.2007  0.2077  0.1983  1
 511:   0.1999  0.2015  0.1967  0.2085  0.1935  1
 512:   0.2040  0.2042  0.1980  0.1942  0.1996  1
 513:   0.2005  0.1983  0.2019  0.1991  0.2001  1
 514:   0.1936  0.2030  0.2002  0.2054  0.1978  1
 515:   0.2038  0.1976  0.1992  0.1976  0.2020  1
 516:   0.1986  0.1996  0.2012  0.2034  0.1974  1
 517:   0.1992  0.2028  0.1978  0.2018  0.1982  1
 518:   0.2028  0.1998  0.1950  0.1978  0.2048  1
 519:   0.2022  0.1958  0.2002  0.2012  0.2004  1
 520:   0.2000  0.2034  0.1966  0.1994  0.2008  1
 521:   0.2076  0.2030  0.1928  0.1902  0.2064  1
 522:   0.1993  0.2017  0.2015  0.1977  0.1997  1
 523:   0.2008  0.1988  0.1970  0.2048  0.1988  1
 524:   0.2076  0.2014  0.1928  0.1960  0.2020  1
 525:   0.2022  0.1938  0.1978  0.2080  0.1984  1
 526:   0.2056  0.2008  0.1950  0.1958  0.2028  1
 527:   0.2030  0.1990  0.1994  0.2028  0.1958  1
 528:   0.1988  0.2032  0.2008  0.1996  0.1976  1
 529:   0.1999  0.2001  0.2009  0.1989  0.2003  1
 530:   0.1946  0.1972  0.2012  0.2114  0.1954  1
 531:   0.1928  0.2032  0.1994  0.2100  0.1946  1
 532:   0.2004  0.1956  0.2018  0.2006  0.2018  1
 533:   0.1999  0.1961  0.1979  0.2087  0.1973  1
 534:   0.1990  0.1970  0.2020  0.1994  0.2026  1
 535:   0.2034  0.1978  0.2012  0.1922  0.2052  1
 536:   0.1918  0.1950  0.2046  0.2090  0.1994  1
 537:   0.2060  0.1978  0.1988  0.1968  0.2006  1
 538:   0.1983  0.2039  0.2013  0.1945  0.2021  1
 539:   0.1975  0.2017  0.1987  0.1999  0.2023  1
 540:   0.2036  0.1996  0.1952  0.2010  0.2006  1
 541:   0.1934  0.1974  0.2014  0.2098  0.1982  1
 542:   0.1994  0.1982  0.1968  0.2038  0.2018  1
 543:   0.2050  0.1974  0.1984  0.1982  0.2010  1
 544:   0.1998  0.2054  0.2038  0.1940  0.1970  1
 545:   0.1995  0.2037  0.1939  0.2009  0.2021  1
 546:   0.2015  0.1995  0.2021  0.1975  0.1995  1
 547:   0.2041  0.2025  0.1969  0.1925  0.2039  1
 548:   0.1966  0.2022  0.2082  0.1958  0.1970  1
 549:   0.2029  0.1979  0.2011  0.1965  0.2015  1
 550:   0.1988  0.2000  0.2000  0.2020  0.1992  1
 551:   0.2158  0.1924  0.1960  0.1892  0.2064  1
 552:   0.2038  0.1986  0.1958  0.1972  0.2046  1
 553:   0.2070  0.1998  0.1946  0.1956  0.2030  1
 554:   0.1956  0.1994  0.2002  0.2028  0.2020  1
 555:   0.2008  0.2002  0.1998  0.1964  0.2026  1
 556:   0.2002  0.2002  0.2028  0.1968  0.1998  1
 557:   0.2021  0.2027  0.1997  0.1949  0.2007  1
 558:   0.2014  0.2014  0.2044  0.1966  0.1962  1
 559:   0.2006  0.1982  0.2010  0.2018  0.1984  1
 560:   0.2012  0.2020  0.1982  0.1976  0.2008  1
 561:   0.1980  0.1974  0.2004  0.2052  0.1992  1
 562:   0.1970  0.2062  0.1986  0.1976  0.2004  1
 563:   0.1946  0.2064  0.2010  0.2018  0.1964  1
 564:   0.1978  0.2032  0.2062  0.1978  0.1950  1
 565:   0.2000  0.1980  0.2014  0.1984  0.2024  1
 566:   0.1890  0.1962  0.2058  0.2110  0.1980  1
 567:   0.1944  0.1978  0.2060  0.2022  0.1994  1
 568:   0.2108  0.1956  0.1938  0.1910  0.2086  1
 569:   0.1972  0.1982  0.2012  0.2044  0.1988  1
 570:   0.2135  0.1989  0.1919  0.1913  0.2043  1
 571:   0.1908  0.1976  0.2024  0.2120  0.1972  1
 572:   0.1975  0.2021  0.1979  0.1965  0.2059  1
 573:   0.2044  0.1966  0.2022  0.2004  0.1962  1
 574:   0.2014  0.1970  0.2050  0.1954  0.2012  1
 575:   0.2006  0.1986  0.1954  0.2044  0.2010  1
 576:   0.2014  0.1976  0.1988  0.2036  0.1984  1
 577:   0.2032  0.2032  0.2012  0.1940  0.1982  1
 578:   0.2036  0.1998  0.1988  0.1962  0.2018  1
 579:   0.2050  0.1930  0.2038  0.1940  0.2042  1
 580:   0.1940  0.1946  0.2012  0.2104  0.1996  1
 581:   0.2032  0.2050  0.1942  0.1916  0.2058  1
 582:   0.1994  0.2008  0.1976  0.1996  0.2026  1
 583:   0.1920  0.1992  0.2016  0.2106  0.1966  1
 584:   0.2032  0.1996  0.2058  0.1968  0.1948  1
 585:   0.1920  0.1990  0.2034  0.2096  0.1960  1
 586:   0.2010  0.2032  0.1958  0.1974  0.2028  1
 587:   0.1904  0.1978  0.2012  0.2146  0.1960  1
 588:   0.2000  0.2026  0.2022  0.1942  0.2008  1
 589:   0.1942  0.1998  0.1974  0.2056  0.2028  1
 590:   0.1948  0.2056  0.1988  0.1956  0.2052  1
 591:   0.1994  0.1982  0.2004  0.1972  0.2048  1
 592:   0.1944  0.1996  0.1996  0.2070  0.1992  1
 593:   0.1996  0.2012  0.1974  0.2040  0.1980  1
 594:   0.1977  0.2033  0.1997  0.2005  0.1989  1
 595:   0.2003  0.2015  0.1983  0.2021  0.1979  1
 596:   0.2031  0.2041  0.1903  0.1973  0.2051  1
 597:   0.2033  0.1991  0.1979  0.1995  0.2001  1
 598:   0.1850  0.1962  0.2020  0.2184  0.1984  1
 599:   0.2040  0.1956  0.1988  0.2032  0.1986  1
 600:   0.1976  0.2006  0.2038  0.1990  0.1988  1
 601:   0.2006  0.2044  0.2074  0.1942  0.1936  1
 602:   0.1995  0.1969  0.1971  0.2055  0.2009  1
 603:   0.1952  0.2022  0.2004  0.2058  0.1962  1
 604:   0.2052  0.2010  0.2022  0.1950  0.1968  1
 605:   0.2085  0.1981  0.2011  0.1917  0.2005  1
 606:   0.1986  0.2006  0.1994  0.2032  0.1984  1
 607:   0.2064  0.2042  0.1924  0.1878  0.2092  1
 608:   0.2056  0.1954  0.2068  0.1922  0.1998  1
 609:   0.2020  0.2000  0.2000  0.1984  0.1996  1
 610:   0.2018  0.1954  0.2046  0.1928  0.2052  1
 611:   0.2075  0.1983  0.1923  0.1973  0.2047  1
 612:   0.1978  0.1992  0.2050  0.2010  0.1968  1
 613:   0.1980  0.2002  0.2016  0.1996  0.2006  1
 614:   0.1983  0.1995  0.2053  0.2021  0.1947  1
 615:   0.1958  0.2000  0.2022  0.2022  0.1996  1
 616:   0.1963  0.2035  0.1965  0.2019  0.2019  1
 617:   0.1992  0.2010  0.2040  0.1994  0.1966  1
 618:   0.2000  0.2000  0.2040  0.2008  0.1954  1
 619:   0.2092  0.1964  0.1990  0.1902  0.2054  1
 620:   0.2036  0.2006  0.1994  0.1932  0.2032  1
 621:   0.2006  0.2014  0.1988  0.1984  0.2008  1
 622:   0.2084  0.1964  0.1962  0.1980  0.2012  1
 623:   0.1985  0.1991  0.1991  0.2065  0.1969  1
 624:   0.2002  0.2014  0.1988  0.2000  0.1996  1
 625:   0.1960  0.1952  0.1990  0.2096  0.2000  1
 626:   0.1942  0.1932  0.2018  0.2108  0.2000  1
 627:   0.2050  0.2000  0.1978  0.1906  0.2068  1
 628:   0.2029  0.2037  0.2055  0.1911  0.1967  1
 629:   0.2010  0.1990  0.1992  0.2032  0.1974  1
 630:   0.1996  0.2066  0.1926  0.1950  0.2064  1
 631:   0.2057  0.1979  0.2009  0.1937  0.2019  1
 632:   0.1945  0.1971  0.2029  0.2057  0.1999  1
 633:   0.1920  0.2024  0.2128  0.1952  0.1976  1
 634:   0.1976  0.2012  0.1992  0.2068  0.1952  1
 635:   0.2100  0.1986  0.1994  0.1912  0.2008  1
 636:   0.1979  0.1991  0.2023  0.2011  0.1995  1
 637:   0.1954  0.1982  0.2010  0.2052  0.2002  1
 638:   0.1982  0.2004  0.2016  0.2012  0.1986  1
 639:   0.1974  0.2022  0.2014  0.2002  0.1986  1
 640:   0.2000  0.1942  0.2016  0.2026  0.2014  1
 641:   0.2030  0.1972  0.1962  0.2020  0.2018  1
 642:   0.2004  0.1986  0.1994  0.2036  0.1982  1
 643:   0.1946  0.1992  0.1998  0.2030  0.2032  1
 644:   0.1992  0.2022  0.1974  0.1938  0.2072  1
 645:   0.2053  0.2001  0.1997  0.1939  0.2011  1
 646:   0.1988  0.2052  0.1936  0.1990  0.2036  1
 647:   0.2027  0.1961  0.2011  0.2005  0.1995  1
 648:   0.1995  0.2015  0.1999  0.1977  0.2013  1
 649:   0.1984  0.1990  0.1998  0.2056  0.1972  1
 650:   0.2016  0.2016  0.2034  0.1938  0.1996  1
 651:   0.1969  0.1987  0.2001  0.2075  0.1969  1
 652:   0.1962  0.2010  0.2136  0.1948  0.1944  1
 653:   0.2020  0.1992  0.2008  0.1924  0.2054  1
 654:   0.1979  0.1987  0.1981  0.2007  0.2047  1
 655:   0.1994  0.1972  0.1982  0.2080  0.1972  1
 656:   0.2042  0.1968  0.2054  0.1974  0.1964  1
 657:   0.2012  0.1974  0.1972  0.2004  0.2040  1
 658:   0.2031  0.1985  0.1963  0.2009  0.2013  1
 659:   0.1972  0.2000  0.1986  0.2034  0.2008  1
 660:   0.1979  0.2005  0.2053  0.1993  0.1971  1
 661:   0.2000  0.1988  0.2032  0.2006  0.1972  1
 662:   0.2042  0.1988  0.2010  0.1966  0.1992  1
 663:   0.1986  0.1958  0.2016  0.2050  0.1990  1
 664:   0.1962  0.2000  0.2006  0.2020  0.2012  1
 665:   0.1982  0.1968  0.2006  0.2014  0.2030  1
 666:   0.2004  0.2004  0.2032  0.1978  0.1984  1
 667:   0.1982  0.2008  0.1998  0.2030  0.1984  1
 668:   0.2048  0.1988  0.1942  0.1980  0.2040  1
 669:   0.1964  0.2060  0.1986  0.1978  0.2010  1
 670:   0.2038  0.2000  0.1972  0.1976  0.2016  1
 671:   0.2054  0.2000  0.2034  0.1962  0.1952  1
 672:   0.1972  0.1966  0.2088  0.1958  0.2016  1
 673:   0.2022  0.2000  0.2008  0.1962  0.2010  1
 674:   0.1940  0.2010  0.2010  0.2060  0.1980  1
 675:   0.2104  0.1930  0.2000  0.1948  0.2018  1
 676:   0.1998  0.2002  0.2012  0.1984  0.2006  1
 677:   0.1958  0.1954  0.1978  0.2066  0.2044  1
 678:   0.1939  0.2025  0.2015  0.2011  0.2009  1
 679:   0.2042  0.1966  0.1960  0.2010  0.2022  1
 680:   0.1983  0.2021  0.2119  0.1923  0.1955  1
 681:   0.1973  0.1995  0.2053  0.2021  0.1957  1
 682:   0.1992  0.2064  0.1976  0.1972  0.1994  1
 683:   0.1956  0.2012  0.2054  0.2010  0.1966  1
 684:   0.1983  0.2021  0.2007  0.2013  0.1977  1
 685:   0.1969  0.1979  0.1999  0.2037  0.2017  1
 686:   0.1975  0.2001  0.2005  0.2017  0.2001  1
 687:   0.1970  0.1982  0.1992  0.2050  0.2006  1
 688:   0.1928  0.1924  0.2040  0.2088  0.2018  1
 689:   0.1965  0.2037  0.2017  0.1999  0.1983  1
 690:   0.2000  0.1978  0.2008  0.2004  0.2010  1
 691:   0.1974  0.2010  0.2008  0.2012  0.1998  1
 692:   0.1984  0.2046  0.1976  0.1962  0.2032  1
 693:   0.1995  0.2033  0.2091  0.1939  0.1943  1
 694:   0.2022  0.1978  0.2008  0.1972  0.2018  1
 695:   0.2110  0.1976  0.1922  0.1948  0.2044  1
 696:   0.2017  0.1989  0.1975  0.2047  0.1973  1
 697:   0.2127  0.1973  0.1997  0.1889  0.2013  1
 698:   0.1987  0.2019  0.2019  0.1993  0.1981  1
 699:   0.2048  0.1966  0.1988  0.1954  0.2042  1
 700:   0.2006  0.1976  0.2014  0.2020  0.1984  1
 701:   0.2022  0.1966  0.1972  0.1982  0.2058  1
 702:   0.2054  0.2010  0.1952  0.1976  0.2006  1
 703:   0.2022  0.2030  0.2022  0.1904  0.2020  1
 704:   0.1953  0.1965  0.2043  0.2063  0.1975  1
 705:   0.1983  0.1997  0.1979  0.2041  0.2001  1
 706:   0.1980  0.1978  0.2032  0.2066  0.1944  1
 707:   0.1966  0.2048  0.1966  0.2006  0.2012  1
 708:   0.2022  0.1972  0.1982  0.2036  0.1988  1
 709:   0.2118  0.1994  0.1904  0.1896  0.2088  1
 710:   0.2022  0.1992  0.1984  0.1980  0.2024  1
 711:   0.2001  0.1993  0.1997  0.2005  0.2005  1
 712:   0.1985  0.2005  0.2005  0.1933  0.2071  1
 713:   0.1996  0.2014  0.2002  0.1976  0.2010  1
 714:   0.2035  0.2007  0.1973  0.1983  0.2003  1
 715:   0.1936  0.2026  0.2024  0.2024  0.1988  1
 716:   0.1972  0.2022  0.2012  0.1976  0.2020  1
 717:   0.2064  0.1980  0.1946  0.1960  0.2050  1
 718:   0.2132  0.1938  0.1908  0.1932  0.2090  1
 719:   0.1950  0.1998  0.2106  0.2004  0.1940  1
 720:   0.1948  0.1996  0.2042  0.2048  0.1968  1
 721:   0.2060  0.2068  0.1930  0.1896  0.2048  1
 722:   0.1984  0.2036  0.1992  0.1964  0.2024  1
 723:   0.2057  0.1985  0.2075  0.1945  0.1939  1
 724:   0.2047  0.1995  0.1975  0.1895  0.2089  1
 725:   0.2071  0.2015  0.1927  0.1945  0.2041  1
 726:   0.1960  0.1990  0.2006  0.2050  0.1996  1
 727:   0.2003  0.1989  0.2031  0.1957  0.2021  1
 728:   0.1978  0.2042  0.2004  0.1994  0.1982  1
 729:   0.1966  0.1992  0.2022  0.2026  0.1994  1
 730:   0.1974  0.1958  0.2008  0.2066  0.1996  1
 731:   0.2058  0.1984  0.2044  0.1936  0.1976  1
 732:   0.1973  0.2029  0.2011  0.2007  0.1981  1
 733:   0.1966  0.2010  0.1978  0.2028  0.2018  1
 734:   0.1976  0.1996  0.1998  0.2048  0.1982  1
 735:   0.1988  0.2044  0.1972  0.2006  0.1988  1
 736:   0.1966  0.1978  0.2002  0.2084  0.1970  1
 737:   0.1940  0.2018  0.2040  0.2076  0.1926  1
 738:   0.2083  0.2019  0.1943  0.1889  0.2067  1
 739:   0.2004  0.2022  0.2034  0.1960  0.1982  1
 740:   0.2038  0.2060  0.2066  0.1868  0.1966  1
 741:   0.2058  0.1998  0.1948  0.1954  0.2040  1
 742:   0.2044  0.2006  0.1972  0.1970  0.2008  1
 743:   0.1964  0.1994  0.1962  0.2048  0.2032  1
 744:   0.1934  0.1996  0.2030  0.2026  0.2014  1
 745:   0.2004  0.2000  0.1988  0.1994  0.2016  1
 746:   0.1938  0.2050  0.1988  0.2092  0.1932  1
 747:   0.1942  0.1996  0.1980  0.2106  0.1978  1
 748:   0.2011  0.2041  0.1967  0.1969  0.2011  1
 749:   0.2060  0.1976  0.1986  0.1990  0.1988  1
 750:   0.2001  0.1979  0.1995  0.2003  0.2021  1
 751:   0.2056  0.1964  0.2004  0.2024  0.1954  1
 752:   0.1958  0.2036  0.2102  0.1976  0.1928  1
 753:   0.2039  0.1987  0.1955  0.1913  0.2105  1
 754:   0.2088  0.1974  0.1948  0.2008  0.1984  1
 755:   0.1976  0.1988  0.2040  0.2028  0.1966  1
 756:   0.1960  0.2004  0.2026  0.2072  0.1938  1
 757:   0.1994  0.1974  0.2004  0.2018  0.2012  1
 758:   0.1970  0.2012  0.2008  0.2002  0.2010  1
 759:   0.1976  0.2028  0.1982  0.1988  0.2028  1
 760:   0.1968  0.1998  0.2014  0.2032  0.1986  1
 761:   0.1962  0.1966  0.2030  0.2048  0.1992  1
 762:   0.2037  0.1965  0.1973  0.1989  0.2035  1
 763:   0.1988  0.1988  0.2012  0.2000  0.2014  1
 764:   0.1977  0.2029  0.1971  0.2013  0.2009  1
 765:   0.2060  0.1996  0.1992  0.1970  0.1982  1
 766:   0.2007  0.1993  0.1991  0.2021  0.1987  1
 767:   0.2018  0.2010  0.1960  0.1944  0.2066  1
 768:   0.2004  0.1976  0.1986  0.2022  0.2012  1
 769:   0.2033  0.2051  0.1963  0.1911  0.2043  1
 770:   0.1984  0.2036  0.1974  0.1984  0.2024  1
 771:   0.1954  0.1994  0.2160  0.1956  0.1934  1
 772:   0.1937  0.1943  0.2011  0.2135  0.1975  1
 773:   0.2024  0.1954  0.1976  0.2080  0.1966  1
 774:   0.1977  0.1947  0.1977  0.2107  0.1991  1
 775:   0.1946  0.2022  0.2094  0.1980  0.1956  1
 776:   0.2064  0.1970  0.2076  0.1944  0.1946  1
 777:   0.1970  0.1984  0.2032  0.2064  0.1950  1
 778:   0.1935  0.1989  0.1997  0.2099  0.1981  1
 779:   0.1944  0.2000  0.2052  0.2010  0.1992  1
 780:   0.2056  0.1970  0.1968  0.1996  0.2010  1
 781:   0.1947  0.1961  0.2001  0.2051  0.2041  1
 782:   0.1996  0.1998  0.1984  0.1982  0.2040  1
 783:   0.2045  0.1991  0.1965  0.1975  0.2025  1
 784:   0.2024  0.1962  0.1970  0.2014  0.2032  1
 785:   0.1945  0.1985  0.2043  0.2027  0.2001  1
 786:   0.1990  0.2030  0.1958  0.2016  0.2008  1
 787:   0.1994  0.2004  0.2016  0.1980  0.2008  1
 788:   0.2154  0.1950  0.1958  0.1916  0.2024  1
 789:   0.2027  0.1971  0.1951  0.2029  0.2021  1
 790:   0.1999  0.2045  0.1957  0.1975  0.2025  1
 791:   0.1988  0.2010  0.1996  0.1940  0.2068  1
 792:   0.1995  0.2021  0.1985  0.2027  0.1973  1
 793:   0.2004  0.2032  0.2020  0.1956  0.1988  1
 794:   0.1942  0.1968  0.2014  0.2064  0.2012  1
 795:   0.2018  0.2020  0.2038  0.1928  0.1996  1
 796:   0.1944  0.1968  0.2042  0.2016  0.2032  1
 797:   0.2038  0.2014  0.2052  0.1908  0.1988  1
 798:   0.2002  0.1988  0.1940  0.2070  0.2002  1
 799:   0.2066  0.1980  0.1932  0.1950  0.2072  1
 800:   0.1950  0.2006  0.2008  0.2068  0.1968  1
