  1:   0.1632  0.0370  0.2102  0.2022  0.2382  0.1491  1
  2:   0.2220  0.0470  0.1550  0.1810  0.1650  0.2300  1
  3:   0.2490  0.0280  0.1440  0.1960  0.1710  0.2120  1
  4:   0.1828  0.1029  0.1948  0.1528  0.1628  0.2038  1
  5:   0.1740  0.1590  0.1670  0.1860  0.1630  0.1510  1
  6:   0.0620  0.7050  0.0620  0.0550  0.0530  0.0630  1
  7:   0.1892  0.0641  0.1602  0.1862  0.1932  0.2072  1
  8:   0.1870  0.1150  0.1850  0.1510  0.1370  0.2250  1
  9:   0.1110  0.0390  0.3180  0.2050  0.2160  0.1110  1
 10:   0.2390  0.1340  0.1350  0.1480  0.1430  0.2010  1
 11:   0.2270  0.1620  0.1220  0.1480  0.1270  0.2140  1
 12:   0.1271  0.0671  0.1852  0.2142  0.2503  0.1562  1
 13:   0.1900  0.0350  0.1630  0.1760  0.2100  0.2260  1
 14:   0.1590  0.0510  0.1990  0.1990  0.2120  0.1800  1
 15:   0.1540  0.0310  0.1780  0.2340  0.2270  0.1760  1
 16:   0.1489  0.4166  0.1089  0.1059  0.0869  0.1329  1
 17:   0.1510  0.0620  0.2450  0.1940  0.1870  0.1610  1
 18:   0.1648  0.0470  0.2507  0.1928  0.1648  0.1798  1
 19:   0.2420  0.1000  0.1230  0.1590  0.1530  0.2230  1
 20:   0.1548  0.0420  0.2018  0.1818  0.2048  0.2148  1
 21:   0.1150  0.0930  0.1690  0.2180  0.2350  0.1700  1
 22:   0.0699  0.7413  0.0470  0.0500  0.0330  0.0589  1
 23:   0.0620  0.7300  0.0490  0.0520  0.0370  0.0700  1
 24:   0.1640  0.2270  0.1480  0.1420  0.1560  0.1630  1
 25:   0.2488  0.0749  0.1668  0.1688  0.1618  0.1788  1
 26:   0.1600  0.2110  0.1590  0.1530  0.1630  0.1540  1
 27:   0.0730  0.7050  0.0460  0.0590  0.0430  0.0740  1
 28:   0.2040  0.1440  0.1270  0.1700  0.1520  0.2030  1
 29:   0.0830  0.6620  0.0680  0.0660  0.0540  0.0670  1
 30:   0.1080  0.5550  0.0880  0.0850  0.0870  0.0770  1
 31:   0.0430  0.8218  0.0370  0.0370  0.0280  0.0330  1
 32:   0.0701  0.5165  0.1321  0.0831  0.1221  0.0761  1
 33:   0.2000  0.1600  0.1570  0.1700  0.1510  0.1620  1
 34:   0.0610  0.7300  0.0550  0.0540  0.0480  0.0520  1
 35:   0.2278  0.2547  0.1039  0.1399  0.1029  0.1708  1
 36:   0.0829  0.4815  0.1109  0.1109  0.1209  0.0929  1
 37:   0.0780  0.7330  0.0420  0.0620  0.0290  0.0560  1
 38:   0.1460  0.4700  0.0870  0.0890  0.0820  0.1260  1
 39:   0.1389  0.5185  0.0839  0.0849  0.0799  0.0939  1
 40:   0.2390  0.1150  0.1290  0.1480  0.1380  0.2310  1
 41:   0.0950  0.5820  0.0720  0.0850  0.0820  0.0840  1
 42:   0.1420  0.3420  0.1090  0.1410  0.1320  0.1340  1
 43:   0.0620  0.6820  0.0620  0.0630  0.0720  0.0590  1
 44:   0.1480  0.3780  0.0950  0.1200  0.1120  0.1470  1
 45:   0.0710  0.7020  0.0560  0.0540  0.0550  0.0620  1
 46:   0.0720  0.6850  0.0600  0.0640  0.0490  0.0700  1
 47:   0.1309  0.4456  0.1059  0.1029  0.1099  0.1049  1
 48:   0.0660  0.6840  0.0750  0.0580  0.0590  0.0580  1
 49:   0.0940  0.6340  0.0640  0.0750  0.0560  0.0770  1
 50:   0.2352  0.1652  0.1221  0.1612  0.1151  0.2012  1
 51:   0.1170  0.5700  0.0720  0.0850  0.0630  0.0930  1
 52:   0.1390  0.5440  0.0730  0.0840  0.0560  0.1040  1
 53:   0.1341  0.4815  0.0921  0.0971  0.0861  0.1091  1
 54:   0.0611  0.7585  0.0421  0.0471  0.0421  0.0491  1
 55:   0.1239  0.0729  0.2298  0.1968  0.2248  0.1518  1
 56:   0.2032  0.1221  0.1522  0.1852  0.1642  0.1732  1
 57:   0.2162  0.0681  0.1752  0.1652  0.1512  0.2242  1
 58:   0.2258  0.0559  0.1608  0.1479  0.1558  0.2537  1
 59:   0.2700  0.0840  0.1390  0.1700  0.1490  0.1880  1
 60:   0.1250  0.0420  0.2800  0.1910  0.2090  0.1530  1
 61:   0.1160  0.0350  0.3220  0.1980  0.2240  0.1050  1
 62:   0.1990  0.0480  0.1790  0.2140  0.1990  0.1610  1
 63:   0.2710  0.0490  0.1430  0.1900  0.1510  0.1960  1
 64:   0.1662  0.0661  0.2012  0.1912  0.1952  0.1802  1
 65:   0.2783  0.0891  0.1201  0.1451  0.1441  0.2232  1
 66:   0.1650  0.1110  0.1840  0.1760  0.1720  0.1920  1
 67:   0.2298  0.0370  0.1578  0.1778  0.1788  0.2188  1
 68:   0.1798  0.0460  0.1798  0.2248  0.1968  0.1728  1
 69:   0.1479  0.0330  0.2078  0.1878  0.2308  0.1928  1
 70:   0.1300  0.0390  0.2600  0.2000  0.2140  0.1570  1
 71:   0.1850  0.0800  0.1690  0.1920  0.1920  0.1820  1
 72:   0.0931  0.0320  0.3353  0.2042  0.2322  0.1031  1
 73:   0.0780  0.6270  0.0730  0.0730  0.0680  0.0810  1
 74:   0.1628  0.0450  0.1648  0.2318  0.2338  0.1618  1
 75:   0.0881  0.0260  0.3423  0.2092  0.2382  0.0961  1
 76:   0.1678  0.3796  0.1039  0.1109  0.1059  0.1319  1
 77:   0.1600  0.0370  0.1760  0.2220  0.2360  0.1690  1
 78:   0.1670  0.0530  0.2350  0.1900  0.1900  0.1650  1
 79:   0.1680  0.0910  0.2310  0.1780  0.1720  0.1600  1
 80:   0.0841  0.4975  0.1381  0.0871  0.1191  0.0741  1
 81:   0.1630  0.1230  0.1950  0.1720  0.1570  0.1900  1
 82:   0.1810  0.1470  0.1600  0.1700  0.1530  0.1890  1
 83:   0.1080  0.0320  0.2560  0.2150  0.2600  0.1290  1
 84:   0.1131  0.0751  0.3063  0.1882  0.2152  0.1021  1
 85:   0.2160  0.1240  0.1420  0.1630  0.1410  0.2140  1
 86:   0.2020  0.2930  0.1090  0.1380  0.1040  0.1540  1
 87:   0.2470  0.0400  0.1590  0.1880  0.1430  0.2230  1
 88:   0.2090  0.0340  0.1990  0.1890  0.1910  0.1780  1
 89:   0.2240  0.0600  0.1560  0.1740  0.1570  0.2290  1
 90:   0.1918  0.0519  0.1628  0.1808  0.1738  0.2388  1
 91:   0.2370  0.1420  0.1320  0.1480  0.1250  0.2160  1
 92:   0.0890  0.0330  0.1880  0.2490  0.2770  0.1640  1
 93:   0.0900  0.4710  0.1390  0.0930  0.1180  0.0890  1
 94:   0.2390  0.0600  0.1610  0.1660  0.1320  0.2420  1
 95:   0.2100  0.1840  0.1250  0.1430  0.1320  0.2060  1
 96:   0.0959  0.0470  0.2088  0.2368  0.2897  0.1219  1
 97:   0.1152  0.4128  0.1463  0.1182  0.1052  0.1022  1
 98:   0.1920  0.0750  0.1720  0.1930  0.1810  0.1870  1
 99:   0.0729  0.0250  0.1818  0.2687  0.3117  0.1399  1
100:   0.2244  0.0681  0.1503  0.1713  0.1323  0.2535  1
101:   0.1309  0.0569  0.2977  0.1948  0.2058  0.1139  1
102:   0.2032  0.0521  0.2052  0.1822  0.1562  0.2012  1
103:   0.2148  0.0909  0.1598  0.1648  0.1658  0.2038  1
104:   0.0969  0.0260  0.2557  0.2118  0.2857  0.1239  1
105:   0.1872  0.2472  0.1471  0.1431  0.1261  0.1491  1
106:   0.2158  0.1069  0.1588  0.1888  0.1718  0.1578  1
107:   0.1800  0.1930  0.1700  0.1460  0.1550  0.1560  1
108:   0.1780  0.0410  0.1750  0.2100  0.2190  0.1770  1
109:   0.1250  0.0900  0.1580  0.2120  0.2740  0.1410  1
110:   0.1001  0.6146  0.0651  0.0751  0.0591  0.0861  1
111:   0.1722  0.0681  0.2062  0.1852  0.1792  0.1892  1
112:   0.1802  0.0490  0.2172  0.1662  0.1832  0.2042  1
113:   0.1180  0.0400  0.2180  0.2190  0.2560  0.1490  1
114:   0.1882  0.0370  0.2302  0.1792  0.1572  0.2082  1
115:   0.0939  0.6623  0.0569  0.0769  0.0450  0.0649  1
116:   0.1470  0.0540  0.2470  0.1850  0.2100  0.1570  1
117:   0.0760  0.0200  0.1830  0.2550  0.3310  0.1350  1
118:   0.1970  0.0410  0.2180  0.1850  0.1640  0.1950  1
119:   0.0990  0.5330  0.1020  0.0860  0.0950  0.0850  1
120:   0.1220  0.0620  0.2450  0.1950  0.2490  0.1270  1
121:   0.1528  0.0350  0.2458  0.2088  0.2108  0.1469  1
122:   0.0860  0.5930  0.0840  0.0710  0.0820  0.0840  1
123:   0.2282  0.0661  0.1411  0.1862  0.1612  0.2172  1
124:   0.2140  0.1860  0.1350  0.1410  0.1400  0.1840  1
125:   0.2620  0.0620  0.1320  0.1860  0.1310  0.2270  1
126:   0.1590  0.0510  0.2080  0.1880  0.2120  0.1820  1
127:   0.1950  0.0620  0.1930  0.1810  0.1620  0.2070  1
128:   0.1660  0.0470  0.2410  0.1750  0.1770  0.1940  1
129:   0.1180  0.0300  0.1900  0.2290  0.2540  0.1790  1
130:   0.2320  0.0690  0.1610  0.1800  0.1280  0.2300  1
131:   0.1110  0.4670  0.1210  0.1020  0.1010  0.0980  1
132:   0.1119  0.0330  0.1918  0.2547  0.2607  0.1479  1
133:   0.1598  0.4735  0.0729  0.0809  0.0719  0.1409  1
134:   0.1390  0.0420  0.2220  0.2100  0.2410  0.1460  1
135:   0.2228  0.0360  0.1648  0.1798  0.2048  0.1918  1
136:   0.1231  0.0460  0.2943  0.1902  0.2262  0.1201  1
137:   0.1441  0.0611  0.1832  0.2132  0.2192  0.1792  1
138:   0.1848  0.2468  0.1149  0.1439  0.1119  0.1978  1
139:   0.1391  0.3844  0.1271  0.1221  0.1001  0.1271  1
140:   0.1430  0.0330  0.2430  0.2020  0.2060  0.1730  1
141:   0.1570  0.2530  0.1370  0.1520  0.1600  0.1410  1
142:   0.1380  0.3840  0.1440  0.1160  0.1110  0.1070  1
143:   0.1642  0.0480  0.2452  0.1962  0.1481  0.1982  1
144:   0.0980  0.2940  0.2310  0.1290  0.1570  0.0910  1
145:   0.1980  0.0480  0.1460  0.1900  0.1830  0.2350  1
146:   0.1000  0.0290  0.1890  0.2510  0.2810  0.1500  1
147:   0.2370  0.1120  0.1250  0.1450  0.1240  0.2570  1
148:   0.1658  0.0669  0.1748  0.2168  0.1998  0.1758  1
149:   0.2240  0.0530  0.1720  0.1740  0.1720  0.2050  1
150:   0.2452  0.0330  0.1662  0.2042  0.1481  0.2032  1
151:   0.1210  0.0390  0.3020  0.2030  0.1990  0.1360  1
152:   0.1800  0.0350  0.1740  0.2010  0.1900  0.2200  1
153:   0.2100  0.0500  0.1670  0.1810  0.1920  0.2000  1
154:   0.1119  0.0480  0.2597  0.2028  0.2458  0.1319  1
155:   0.1370  0.0450  0.2660  0.1970  0.1940  0.1610  1
156:   0.1560  0.0550  0.1970  0.1940  0.2030  0.1950  1
157:   0.1303  0.0421  0.2134  0.2224  0.2285  0.1633  1
158:   0.2272  0.0651  0.1792  0.1962  0.1351  0.1972  1
159:   0.2148  0.1978  0.1229  0.1379  0.1299  0.1968  1
160:   0.1740  0.0600  0.2260  0.1670  0.1920  0.1810  1
161:   0.2440  0.1530  0.1210  0.1530  0.1170  0.2120  1
162:   0.1200  0.0360  0.3060  0.1960  0.2290  0.1130  1
163:   0.2290  0.0460  0.1660  0.1850  0.1720  0.2020  1
164:   0.1588  0.0689  0.2727  0.1868  0.1808  0.1319  1
165:   0.1500  0.3450  0.1300  0.1150  0.1320  0.1280  1
166:   0.2180  0.0600  0.1640  0.1870  0.1820  0.1890  1
167:   0.1828  0.0629  0.1738  0.1908  0.1818  0.2078  1
168:   0.2380  0.0300  0.1680  0.1660  0.1610  0.2370  1
169:   0.2400  0.1000  0.1300  0.1530  0.1270  0.2500  1
170:   0.1011  0.4905  0.1271  0.0901  0.1031  0.0881  1
171:   0.1320  0.1300  0.2020  0.1890  0.1990  0.1480  1
172:   0.1838  0.0549  0.2208  0.2028  0.1568  0.1808  1
173:   0.1698  0.0709  0.1858  0.1918  0.1818  0.1998  1
174:   0.2000  0.0770  0.1670  0.1540  0.1790  0.2230  1
175:   0.2142  0.0410  0.1822  0.1782  0.1972  0.1872  1
176:   0.1860  0.0290  0.1540  0.1950  0.2230  0.2130  1
177:   0.2252  0.0881  0.1502  0.1592  0.1431  0.2342  1
178:   0.1722  0.0490  0.2202  0.1872  0.1622  0.2092  1
179:   0.2180  0.0430  0.1780  0.2080  0.1770  0.1760  1
180:   0.2400  0.1430  0.1220  0.1470  0.1350  0.2130  1
181:   0.2370  0.0440  0.1300  0.1930  0.1660  0.2300  1
182:   0.2270  0.0400  0.1630  0.1770  0.1460  0.2470  1
183:   0.1160  0.0440  0.1730  0.2430  0.2670  0.1570  1
184:   0.1542  0.0400  0.1912  0.2112  0.2372  0.1662  1
185:   0.2002  0.0320  0.1532  0.1912  0.2412  0.1822  1
186:   0.1061  0.0370  0.3213  0.2042  0.2212  0.1101  1
187:   0.1890  0.0760  0.1980  0.1680  0.1740  0.1950  1
188:   0.2192  0.0781  0.1331  0.1702  0.1632  0.2362  1
189:   0.2300  0.0570  0.1520  0.1750  0.1330  0.2530  1
190:   0.0970  0.0540  0.3330  0.1910  0.2230  0.1020  1
191:   0.1940  0.0680  0.1350  0.1920  0.1840  0.2270  1
192:   0.1950  0.0560  0.1820  0.1770  0.1500  0.2400  1
193:   0.1230  0.0410  0.2950  0.1970  0.2100  0.1340  1
194:   0.0919  0.0370  0.2947  0.1978  0.2657  0.1129  1
195:   0.1880  0.3260  0.1100  0.1240  0.1170  0.1350  1
196:   0.2190  0.0680  0.1910  0.2090  0.1300  0.1830  1
197:   0.1938  0.0879  0.1908  0.1648  0.1439  0.2188  1
198:   0.1470  0.0670  0.1480  0.2250  0.2390  0.1740  1
199:   0.1420  0.0320  0.2210  0.2020  0.2470  0.1560  1
200:   0.2460  0.0580  0.1530  0.1720  0.1810  0.1900  1
201:   0.0890  0.0230  0.2530  0.2180  0.2900  0.1270  1
202:   0.1040  0.0430  0.2790  0.2100  0.2580  0.1060  1
203:   0.1810  0.0440  0.1570  0.2100  0.2440  0.1640  1
204:   0.1140  0.0320  0.1750  0.2450  0.2860  0.1480  1
205:   0.0460  0.8080  0.0360  0.0380  0.0290  0.0430  1

  1:   0.1548  0.0539  0.1908  0.2388  0.2008  0.1608  1
  2:   0.1718  0.0500  0.1948  0.2018  0.1548  0.2268  1
  3:   0.2230  0.0340  0.1970  0.1610  0.1770  0.2080  1
  4:   0.2080  0.1150  0.1960  0.1080  0.1660  0.2070  1
  5:   0.1481  0.1371  0.1622  0.2462  0.1491  0.1572  1
  6:   0.0599  0.6144  0.0549  0.1708  0.0480  0.0519  1
  7:   0.1788  0.0659  0.1718  0.1918  0.2178  0.1738  1
  8:   0.2168  0.1239  0.1838  0.1009  0.1688  0.2058  1
  9:   0.2068  0.1369  0.2288  0.0559  0.2108  0.1608  1
 10:   0.2330  0.1260  0.2140  0.1400  0.1080  0.1790  1
 11:   0.1922  0.1301  0.1952  0.1802  0.1201  0.1822  1
 12:   0.1010  0.0650  0.1030  0.2670  0.2740  0.1900  1
 13:   0.1652  0.0470  0.1572  0.2142  0.2202  0.1962  1
 14:   0.1812  0.0881  0.1892  0.1562  0.1842  0.2012  1
 15:   0.1360  0.0280  0.1610  0.2900  0.1890  0.1960  1
 16:   0.1389  0.3666  0.1279  0.1638  0.0879  0.1149  1
 17:   0.1940  0.1190  0.2240  0.0870  0.2010  0.1750  1
 18:   0.2212  0.0921  0.2192  0.0931  0.1932  0.1812  1
 19:   0.2150  0.0900  0.1770  0.1520  0.1600  0.2060  1
 20:   0.1870  0.0670  0.1850  0.1600  0.2020  0.1990  1
 21:   0.1100  0.0810  0.0990  0.2990  0.2470  0.1640  1
 22:   0.0521  0.6426  0.0531  0.1772  0.0310  0.0440  1
 23:   0.0480  0.6300  0.0500  0.1860  0.0390  0.0470  1
 24:   0.1510  0.2080  0.1510  0.1710  0.1620  0.1570  1
 25:   0.2030  0.0740  0.2230  0.1950  0.1220  0.1830  1
 26:   0.1320  0.2120  0.1270  0.2010  0.1780  0.1500  1
 27:   0.0571  0.6086  0.0551  0.1692  0.0460  0.0641  1
 28:   0.1772  0.1461  0.1572  0.1882  0.1522  0.1792  1
 29:   0.0760  0.6050  0.0670  0.1450  0.0460  0.0610  1
 30:   0.0821  0.5305  0.0841  0.1612  0.0621  0.0801  1
 31:   0.0280  0.7140  0.0290  0.1820  0.0220  0.0250  1
 32:   0.1020  0.5000  0.0720  0.1390  0.1020  0.0850  1
 33:   0.1768  0.1169  0.1808  0.2068  0.1409  0.1778  1
 34:   0.0450  0.6480  0.0480  0.1790  0.0400  0.0400  1
 35:   0.1898  0.1998  0.2028  0.1239  0.1059  0.1778  1
 36:   0.1041  0.4815  0.0641  0.1692  0.1091  0.0721  1
 37:   0.0520  0.6410  0.0570  0.1780  0.0280  0.0440  1
 38:   0.1061  0.4284  0.1161  0.1702  0.0701  0.1091  1
 39:   0.1129  0.4645  0.1089  0.1748  0.0509  0.0879  1
 40:   0.1860  0.1150  0.1980  0.1720  0.1300  0.1990  1
 41:   0.0800  0.5300  0.0670  0.1810  0.0740  0.0680  1
 42:   0.1219  0.3417  0.1119  0.1978  0.1089  0.1179  1
 43:   0.0500  0.6190  0.0530  0.1770  0.0520  0.0490  1
 44:   0.1260  0.3600  0.1080  0.1880  0.0970  0.1210  1
 45:   0.0551  0.6086  0.0581  0.1832  0.0470  0.0480  1
 46:   0.0729  0.6214  0.0519  0.1489  0.0480  0.0569  1
 47:   0.1150  0.3930  0.1260  0.1750  0.0800  0.1110  1
 48:   0.0600  0.6210  0.0680  0.1540  0.0390  0.0580  1
 49:   0.0729  0.5604  0.0799  0.1638  0.0589  0.0639  1
 50:   0.1992  0.1592  0.2112  0.1171  0.1201  0.1932  1
 51:   0.1011  0.5225  0.0921  0.1642  0.0521  0.0681  1
 52:   0.1009  0.5015  0.1099  0.1439  0.0519  0.0919  1
 53:   0.1209  0.4316  0.1259  0.1449  0.0689  0.1079  1
 54:   0.0430  0.6587  0.0450  0.1812  0.0340  0.0380  1
 55:   0.1822  0.1241  0.1882  0.1251  0.1972  0.1832  1
 56:   0.1870  0.1090  0.1790  0.2140  0.1330  0.1780  1
 57:   0.2170  0.0860  0.2060  0.1250  0.1470  0.2190  1
 58:   0.2270  0.0630  0.1780  0.1240  0.1690  0.2390  1
 59:   0.2130  0.0830  0.2470  0.1510  0.1000  0.2060  1
 60:   0.2000  0.1280  0.2130  0.0760  0.1970  0.1860  1
 61:   0.1880  0.1350  0.2380  0.0620  0.2140  0.1630  1
 62:   0.1680  0.0420  0.1880  0.2510  0.1580  0.1930  1
 63:   0.2310  0.0480  0.2410  0.1520  0.1250  0.2030  1
 64:   0.1892  0.0721  0.1732  0.1752  0.2142  0.1762  1
 65:   0.2270  0.0710  0.2170  0.1400  0.1320  0.2130  1
 66:   0.1938  0.1199  0.1708  0.1558  0.1848  0.1748  1
 67:   0.2180  0.0530  0.2090  0.1500  0.1530  0.2170  1
 68:   0.1439  0.0430  0.1678  0.2627  0.1778  0.2048  1
 69:   0.1640  0.0810  0.1780  0.1570  0.2220  0.1980  1
 70:   0.1982  0.0971  0.2042  0.1141  0.2162  0.1702  1
 71:   0.1570  0.0810  0.1530  0.2260  0.2160  0.1670  1
 72:   0.1870  0.1510  0.2440  0.0460  0.2020  0.1700  1
 73:   0.0770  0.5550  0.0670  0.1640  0.0620  0.0750  1
 74:   0.1100  0.0410  0.1160  0.2800  0.2610  0.1920  1
 75:   0.2020  0.1480  0.2380  0.0430  0.2080  0.1610  1
 76:   0.1381  0.3003  0.1321  0.2142  0.0931  0.1221  1
 77:   0.1350  0.0370  0.1400  0.2610  0.2420  0.1850  1
 78:   0.2390  0.0730  0.2040  0.1250  0.2010  0.1580  1
 79:   0.2222  0.1301  0.2072  0.0981  0.1802  0.1622  1
 80:   0.1011  0.4835  0.1021  0.1271  0.0901  0.0961  1
 81:   0.1950  0.1170  0.1990  0.1230  0.1950  0.1710  1
 82:   0.2000  0.1320  0.1710  0.1500  0.1830  0.1640  1
 83:   0.1858  0.0749  0.1618  0.1718  0.2627  0.1429  1
 84:   0.2000  0.1650  0.2140  0.0600  0.2010  0.1600  1
 85:   0.1960  0.0950  0.1950  0.1540  0.1600  0.2000  1
 86:   0.1670  0.2530  0.1830  0.1550  0.0880  0.1540  1
 87:   0.2310  0.0450  0.2060  0.1310  0.1900  0.1970  1
 88:   0.1838  0.0599  0.1968  0.1608  0.2088  0.1898  1
 89:   0.1980  0.0650  0.1880  0.1620  0.1860  0.2010  1
 90:   0.1880  0.0420  0.1890  0.1930  0.1820  0.2060  1
 91:   0.1932  0.1321  0.1962  0.1391  0.1321  0.2072  1
 92:   0.1030  0.0370  0.1020  0.3160  0.2710  0.1710  1
 93:   0.1001  0.4545  0.1031  0.1461  0.1021  0.0941  1
 94:   0.2460  0.0580  0.2000  0.1320  0.1620  0.2020  1
 95:   0.1732  0.1522  0.1802  0.1722  0.1381  0.1842  1
 96:   0.1100  0.0570  0.1050  0.2820  0.2750  0.1710  1
 97:   0.1301  0.4124  0.1141  0.1371  0.1041  0.1021  1
 98:   0.1918  0.0799  0.1728  0.1798  0.1838  0.1918  1
 99:   0.0571  0.0240  0.0711  0.3637  0.3046  0.1794  1
100:   0.2490  0.0610  0.1960  0.1100  0.1680  0.2160  1
101:   0.2070  0.1420  0.2170  0.0710  0.2020  0.1610  1
102:   0.2020  0.0730  0.2290  0.1190  0.1860  0.1910  1
103:   0.2138  0.0889  0.2078  0.1389  0.1479  0.2028  1
104:   0.1760  0.0730  0.1580  0.1710  0.2780  0.1440  1
105:   0.1918  0.2168  0.1668  0.1578  0.1309  0.1359  1
106:   0.1962  0.0801  0.1942  0.2182  0.1411  0.1702  1
107:   0.1738  0.2088  0.1988  0.1319  0.1269  0.1598  1
108:   0.1798  0.0490  0.1588  0.2278  0.1978  0.1868  1
109:   0.1080  0.0820  0.1050  0.2930  0.2490  0.1630  1
110:   0.0851  0.5536  0.0761  0.1401  0.0591  0.0861  1
111:   0.1970  0.1020  0.2180  0.1110  0.1990  0.1730  1
112:   0.2010  0.0860  0.1860  0.1310  0.1930  0.2030  1
113:   0.1429  0.0599  0.1449  0.2338  0.2458  0.1728  1
114:   0.2450  0.0780  0.1910  0.0960  0.1920  0.1980  1
115:   0.0681  0.5906  0.0811  0.1642  0.0430  0.0531  1
116:   0.1928  0.1059  0.1998  0.1179  0.2058  0.1778  1
117:   0.0560  0.0220  0.0720  0.3820  0.2950  0.1730  1
118:   0.2030  0.0820  0.2210  0.1130  0.1990  0.1820  1
119:   0.0880  0.5070  0.0900  0.1520  0.0810  0.0820  1
120:   0.1818  0.1159  0.1858  0.1449  0.1938  0.1778  1
121:   0.2130  0.0770  0.2070  0.1260  0.2260  0.1510  1
122:   0.0780  0.5400  0.0790  0.1590  0.0640  0.0800  1
123:   0.2162  0.0611  0.1902  0.1602  0.1662  0.2062  1
124:   0.1808  0.1728  0.1778  0.1688  0.1239  0.1758  1
125:   0.2402  0.0581  0.2442  0.1331  0.1311  0.1932  1
126:   0.1750  0.0790  0.1790  0.1630  0.2090  0.1950  1
127:   0.2170  0.0700  0.1970  0.1340  0.1880  0.1940  1
128:   0.2040  0.1100  0.2040  0.0910  0.1820  0.2090  1
129:   0.1320  0.0380  0.1350  0.2660  0.2480  0.1810  1
130:   0.2040  0.0740  0.2250  0.1370  0.1730  0.1870  1
131:   0.1231  0.4394  0.0911  0.1522  0.1041  0.0901  1
132:   0.1041  0.0300  0.1071  0.3123  0.2613  0.1852  1
133:   0.1341  0.3824  0.1131  0.1762  0.0791  0.1151  1
134:   0.1800  0.0710  0.1600  0.1710  0.2570  0.1610  1
135:   0.2090  0.0490  0.2020  0.1670  0.1870  0.1860  1
136:   0.1900  0.1300  0.2200  0.0730  0.2110  0.1760  1
137:   0.1588  0.0739  0.1439  0.2198  0.2288  0.1748  1
138:   0.1792  0.1972  0.1512  0.1692  0.1311  0.1722  1
139:   0.1471  0.3894  0.1401  0.1231  0.0821  0.1181  1
140:   0.2020  0.0830  0.1840  0.1210  0.2210  0.1890  1
141:   0.1522  0.2242  0.1592  0.1912  0.1311  0.1421  1
142:   0.1381  0.3774  0.1351  0.1251  0.1021  0.1221  1
143:   0.2118  0.0869  0.2258  0.0779  0.2248  0.1728  1
144:   0.1370  0.3510  0.1610  0.0900  0.1390  0.1220  1
145:   0.1840  0.0460  0.1600  0.1860  0.2110  0.2130  1
146:   0.1060  0.0330  0.1100  0.3030  0.2690  0.1790  1
147:   0.2130  0.0830  0.1720  0.1310  0.1710  0.2300  1
148:   0.1630  0.0600  0.1390  0.2300  0.2130  0.1950  1
149:   0.1858  0.0689  0.1998  0.1578  0.1798  0.2078  1
150:   0.2470  0.0380  0.2400  0.1480  0.1460  0.1810  1
151:   0.2020  0.0980  0.2060  0.0900  0.2420  0.1620  1
152:   0.1870  0.0510  0.1810  0.1800  0.2250  0.1760  1
153:   0.1800  0.0590  0.1960  0.1850  0.1850  0.1950  1
154:   0.1782  0.1191  0.1982  0.1181  0.2282  0.1582  1
155:   0.1860  0.1240  0.2280  0.0790  0.2080  0.1750  1
156:   0.1882  0.0771  0.1862  0.1532  0.2142  0.1812  1
157:   0.1440  0.0540  0.1450  0.2160  0.2510  0.1900  1
158:   0.2208  0.0779  0.2038  0.1349  0.1848  0.1778  1
159:   0.1870  0.1580  0.1770  0.1590  0.1290  0.1900  1
160:   0.2120  0.1090  0.1980  0.1080  0.1840  0.1890  1
161:   0.2160  0.1160  0.2180  0.1550  0.1140  0.1810  1
162:   0.1860  0.1340  0.2380  0.0670  0.2090  0.1660  1
163:   0.2280  0.0620  0.2500  0.1240  0.1560  0.1800  1
164:   0.2080  0.1370  0.2480  0.0710  0.1690  0.1670  1
165:   0.1220  0.3250  0.1460  0.1550  0.1140  0.1380  1
166:   0.1590  0.0580  0.1670  0.2230  0.2000  0.1930  1
167:   0.2040  0.0610  0.1740  0.1780  0.2010  0.1820  1
168:   0.2342  0.0601  0.2012  0.1141  0.1722  0.2182  1
169:   0.2052  0.0911  0.1972  0.1371  0.1471  0.2222  1
170:   0.1070  0.4480  0.1120  0.1390  0.0940  0.1000  1
171:   0.1490  0.1400  0.1710  0.1630  0.2040  0.1730  1
172:   0.2032  0.1041  0.2362  0.0971  0.1802  0.1792  1
173:   0.1828  0.0709  0.1838  0.1788  0.2098  0.1738  1
174:   0.1868  0.0869  0.1888  0.1528  0.1878  0.1968  1
175:   0.1770  0.0590  0.2110  0.1660  0.1940  0.1930  1
176:   0.1420  0.0410  0.1390  0.2340  0.2550  0.1890  1
177:   0.2262  0.0901  0.2102  0.1111  0.1632  0.1992  1
178:   0.2040  0.0780  0.2220  0.0910  0.2150  0.1900  1
179:   0.1930  0.0380  0.2170  0.2260  0.1430  0.1830  1
180:   0.2060  0.1100  0.1830  0.1430  0.1500  0.2080  1
181:   0.2060  0.0410  0.1810  0.1840  0.1860  0.2020  1
182:   0.2170  0.0440  0.2020  0.1580  0.1920  0.1870  1
183:   0.0900  0.0390  0.1050  0.3130  0.2670  0.1860  1
184:   0.1310  0.0520  0.1330  0.2390  0.2450  0.2000  1
185:   0.1420  0.0440  0.1520  0.2300  0.2520  0.1800  1
186:   0.2020  0.1320  0.2300  0.0570  0.2170  0.1620  1
187:   0.1872  0.1111  0.2132  0.1171  0.1762  0.1952  1
188:   0.1970  0.0680  0.1660  0.1710  0.1820  0.2160  1
189:   0.2300  0.0520  0.2180  0.0940  0.1870  0.2190  1
190:   0.1938  0.1548  0.2278  0.0539  0.2088  0.1608  1
191:   0.1762  0.0551  0.1502  0.2112  0.2072  0.2002  1
192:   0.2188  0.0659  0.2068  0.1069  0.2028  0.1988  1
193:   0.2020  0.1350  0.2210  0.0600  0.2080  0.1740  1
194:   0.1812  0.1371  0.1982  0.0981  0.2152  0.1702  1
195:   0.1441  0.2893  0.1491  0.1882  0.0931  0.1361  1
196:   0.2288  0.0779  0.2448  0.1059  0.1758  0.1668  1
197:   0.2292  0.0941  0.1922  0.1041  0.1772  0.2032  1
198:   0.1089  0.0529  0.1139  0.2947  0.2507  0.1788  1
199:   0.1622  0.0791  0.1772  0.1812  0.2272  0.1732  1
200:   0.1902  0.0561  0.2062  0.1922  0.1732  0.1822  1
201:   0.1660  0.0840  0.1510  0.1910  0.2680  0.1400  1
202:   0.1788  0.1359  0.2098  0.0999  0.2078  0.1678  1
203:   0.1161  0.0470  0.1341  0.2573  0.2492  0.1962  1
204:   0.0790  0.0350  0.0930  0.3200  0.2820  0.1910  1
205:   0.0340  0.7050  0.0330  0.1760  0.0230  0.0290  1

  1:   0.2110  0.0320  0.1720  0.1620  0.2230  0.2000  1
  2:   0.2370  0.0350  0.1450  0.1820  0.1520  0.2490  1
  3:   0.2820  0.0190  0.1480  0.1860  0.1300  0.2350  1
  4:   0.1618  0.0759  0.2128  0.2088  0.1738  0.1668  1
  5:   0.1810  0.1470  0.1380  0.1810  0.1640  0.1890  1
  6:   0.0549  0.7542  0.0470  0.0509  0.0440  0.0490  1
  7:   0.1880  0.0520  0.1390  0.1970  0.2110  0.2130  1
  8:   0.1439  0.0939  0.1768  0.2418  0.1818  0.1618  1
  9:   0.0841  0.0280  0.4084  0.1542  0.2462  0.0791  1
 10:   0.2890  0.1120  0.1550  0.1440  0.0900  0.2100  1
 11:   0.2450  0.1200  0.1350  0.2010  0.0950  0.2040  1
 12:   0.1110  0.0480  0.1220  0.2040  0.2880  0.2270  1
 13:   0.1580  0.0220  0.1480  0.2550  0.2100  0.2070  1
 14:   0.1708  0.0380  0.2478  0.1878  0.1748  0.1808  1
 15:   0.1698  0.0210  0.1548  0.2148  0.2368  0.2028  1
 16:   0.1690  0.4240  0.0980  0.1030  0.0820  0.1240  1
 17:   0.1460  0.0510  0.3060  0.1860  0.1860  0.1250  1
 18:   0.1550  0.0350  0.2480  0.1790  0.2220  0.1610  1
 19:   0.2410  0.0870  0.1440  0.1960  0.1210  0.2110  1
 20:   0.1480  0.0270  0.2270  0.2130  0.2190  0.1660  1
 21:   0.1159  0.0799  0.1039  0.2168  0.2587  0.2248  1
 22:   0.0650  0.7800  0.0360  0.0420  0.0300  0.0470  1
 23:   0.0579  0.7522  0.0400  0.0669  0.0380  0.0450  1
 24:   0.1588  0.2517  0.1249  0.1479  0.1439  0.1728  1
 25:   0.3127  0.0639  0.1479  0.1439  0.1159  0.2158  1
 26:   0.1550  0.2000  0.1340  0.1580  0.1780  0.1750  1
 27:   0.0670  0.7450  0.0450  0.0520  0.0370  0.0540  1
 28:   0.2252  0.1281  0.1281  0.1742  0.1431  0.2012  1
 29:   0.0590  0.7660  0.0510  0.0380  0.0360  0.0500  1
 30:   0.0859  0.6503  0.0809  0.0609  0.0529  0.0689  1
 31:   0.0250  0.8911  0.0230  0.0220  0.0180  0.0210  1
 32:   0.0400  0.6434  0.0759  0.0549  0.1139  0.0719  1
 33:   0.1970  0.1240  0.1280  0.1760  0.1530  0.2220  1
 34:   0.0529  0.7902  0.0410  0.0390  0.0360  0.0410  1
 35:   0.2673  0.2032  0.1181  0.1261  0.0841  0.2012  1
 36:   0.0729  0.6034  0.0539  0.0609  0.1129  0.0959  1
 37:   0.0710  0.7730  0.0390  0.0420  0.0240  0.0510  1
 38:   0.1319  0.5025  0.0879  0.0869  0.0639  0.1269  1
 39:   0.1762  0.5415  0.0741  0.0601  0.0410  0.1071  1
 40:   0.2660  0.1090  0.1320  0.1550  0.1110  0.2270  1
 41:   0.0830  0.6610  0.0600  0.0580  0.0600  0.0780  1
 42:   0.1522  0.3734  0.0931  0.0911  0.1241  0.1662  1
 43:   0.0450  0.7698  0.0470  0.0400  0.0480  0.0501  1
 44:   0.1610  0.4030  0.0890  0.1040  0.1020  0.1410  1
 45:   0.0590  0.7650  0.0490  0.0450  0.0350  0.0470  1
 46:   0.0570  0.7710  0.0410  0.0440  0.0370  0.0500  1
 47:   0.1419  0.4665  0.0929  0.0929  0.0799  0.1259  1
 48:   0.0560  0.7620  0.0520  0.0430  0.0390  0.0480  1
 49:   0.0729  0.7083  0.0500  0.0559  0.0450  0.0679  1
 50:   0.2853  0.1431  0.1552  0.1231  0.0861  0.2072  1
 51:   0.1100  0.6120  0.0650  0.0660  0.0480  0.0990  1
 52:   0.1201  0.6086  0.0641  0.0741  0.0420  0.0911  1
 53:   0.1480  0.5060  0.0840  0.0750  0.0680  0.1190  1
 54:   0.0480  0.8000  0.0390  0.0350  0.0340  0.0440  1
 55:   0.1170  0.0720  0.2810  0.1730  0.2240  0.1330  1
 56:   0.2350  0.1070  0.1480  0.1370  0.1440  0.2290  1
 57:   0.2190  0.0520  0.2060  0.2010  0.1450  0.1770  1
 58:   0.1860  0.0410  0.1550  0.2640  0.1570  0.1970  1
 59:   0.3343  0.0651  0.1532  0.1301  0.0821  0.2352  1
 60:   0.1099  0.0330  0.3576  0.1708  0.2208  0.1079  1
 61:   0.0898  0.0250  0.3922  0.1657  0.2395  0.0878  1
 62:   0.2452  0.0350  0.1431  0.1522  0.1682  0.2563  1
 63:   0.3220  0.0360  0.1460  0.1550  0.1020  0.2390  1
 64:   0.1820  0.0530  0.1910  0.1620  0.2130  0.1990  1
 65:   0.2590  0.0570  0.1290  0.2220  0.1190  0.2140  1
 66:   0.1570  0.0870  0.1950  0.2160  0.1810  0.1640  1
 67:   0.2178  0.0230  0.1768  0.2408  0.1469  0.1948  1
 68:   0.2032  0.0320  0.1421  0.1852  0.1822  0.2553  1
 69:   0.1200  0.0250  0.2460  0.2050  0.2440  0.1600  1
 70:   0.1159  0.0320  0.2797  0.1888  0.2398  0.1439  1
 71:   0.1710  0.0660  0.1520  0.1910  0.2090  0.2110  1
 72:   0.0770  0.0240  0.4510  0.1500  0.2330  0.0650  1
 73:   0.0730  0.6710  0.0630  0.0630  0.0630  0.0670  1
 74:   0.1597  0.0309  0.0978  0.1926  0.2545  0.2645  1
 75:   0.0661  0.0190  0.4505  0.1481  0.2543  0.0621  1
 76:   0.2050  0.3540  0.0890  0.1160  0.0830  0.1530  1
 77:   0.1558  0.0270  0.1179  0.1988  0.2488  0.2517  1
 78:   0.1702  0.0390  0.2102  0.1762  0.2232  0.1812  1
 79:   0.1351  0.0751  0.2723  0.1652  0.2042  0.1481  1
 80:   0.0570  0.6040  0.1220  0.0680  0.0870  0.0620  1
 81:   0.1630  0.1040  0.1940  0.2050  0.1820  0.1520  1
 82:   0.2040  0.1350  0.1420  0.1660  0.1670  0.1860  1
 83:   0.0900  0.0280  0.2470  0.1530  0.3170  0.1650  1
 84:   0.0841  0.0651  0.3924  0.1502  0.2312  0.0771  1
 85:   0.1980  0.0830  0.1520  0.2460  0.1380  0.1830  1
 86:   0.2810  0.2370  0.1200  0.1090  0.0660  0.1870  1
 87:   0.2150  0.0280  0.1610  0.2180  0.1780  0.2000  1
 88:   0.2000  0.0220  0.2090  0.1790  0.2010  0.1890  1
 89:   0.1950  0.0440  0.1580  0.2290  0.1760  0.1980  1
 90:   0.1950  0.0330  0.1530  0.2430  0.1800  0.1960  1
 91:   0.2480  0.1140  0.1250  0.2060  0.1080  0.1990  1
 92:   0.0820  0.0270  0.1230  0.2360  0.3020  0.2300  1
 93:   0.0780  0.5640  0.1050  0.0730  0.0970  0.0830  1
 94:   0.2432  0.0410  0.1461  0.2132  0.1552  0.2012  1
 95:   0.1980  0.1590  0.1340  0.1900  0.1310  0.1880  1
 96:   0.0780  0.0390  0.1520  0.1890  0.3320  0.2100  1
 97:   0.1040  0.4890  0.1090  0.0890  0.1040  0.1050  1
 98:   0.2332  0.0631  0.1512  0.1652  0.1872  0.2002  1
 99:   0.0741  0.0150  0.0971  0.2242  0.3393  0.2503  1
100:   0.2320  0.0500  0.1370  0.2260  0.1430  0.2120  1
101:   0.1010  0.0470  0.3800  0.1520  0.2280  0.0920  1
102:   0.1980  0.0340  0.2160  0.1850  0.1760  0.1910  1
103:   0.2170  0.0680  0.1730  0.2170  0.1310  0.1940  1
104:   0.0760  0.0220  0.2440  0.1550  0.3520  0.1510  1
105:   0.1932  0.2513  0.1241  0.1522  0.1171  0.1622  1
106:   0.2650  0.0750  0.1510  0.1630  0.1390  0.2070  1
107:   0.2032  0.2052  0.1802  0.1351  0.1301  0.1461  1
108:   0.2080  0.0300  0.1710  0.2130  0.1880  0.1900  1
109:   0.1211  0.0811  0.1141  0.1822  0.2893  0.2122  1
110:   0.0799  0.6813  0.0509  0.0629  0.0490  0.0759  1
111:   0.1489  0.0579  0.2498  0.2128  0.1988  0.1319  1
112:   0.1558  0.0420  0.2338  0.1988  0.1928  0.1768  1
113:   0.1120  0.0330  0.1940  0.1770  0.2880  0.1960  1
114:   0.1652  0.0250  0.2482  0.2012  0.2052  0.1552  1
115:   0.0729  0.7393  0.0490  0.0480  0.0340  0.0569  1
116:   0.1440  0.0450  0.2780  0.1690  0.2070  0.1570  1
117:   0.0630  0.0150  0.1090  0.2160  0.3650  0.2320  1
118:   0.1870  0.0280  0.2460  0.1860  0.1760  0.1770  1
119:   0.0810  0.6040  0.1020  0.0680  0.0730  0.0720  1
120:   0.1099  0.0529  0.2937  0.1778  0.2268  0.1389  1
121:   0.1401  0.0300  0.2503  0.1672  0.2553  0.1572  1
122:   0.0741  0.6577  0.0671  0.0681  0.0611  0.0721  1
123:   0.2430  0.0490  0.1520  0.1990  0.1330  0.2240  1
124:   0.2312  0.1782  0.1321  0.1491  0.1181  0.1912  1
125:   0.3233  0.0400  0.1491  0.1652  0.0891  0.2332  1
126:   0.1680  0.0390  0.2030  0.1830  0.2290  0.1780  1
127:   0.1982  0.0460  0.1852  0.2092  0.1762  0.1852  1
128:   0.1429  0.0330  0.2997  0.1818  0.2028  0.1399  1
129:   0.1209  0.0230  0.1429  0.2398  0.2717  0.2018  1
130:   0.2420  0.0570  0.1620  0.2130  0.1440  0.1820  1
131:   0.0970  0.5600  0.0750  0.0750  0.0950  0.0980  1
132:   0.1030  0.0250  0.1210  0.2310  0.2920  0.2280  1
133:   0.1550  0.4370  0.0690  0.1360  0.0720  0.1310  1
134:   0.1151  0.0340  0.2112  0.1642  0.3133  0.1622  1
135:   0.2580  0.0270  0.1710  0.1790  0.1490  0.2160  1
136:   0.0990  0.0340  0.3780  0.1790  0.2230  0.0870  1
137:   0.1329  0.0529  0.1648  0.1998  0.2527  0.1968  1
138:   0.1992  0.1932  0.1301  0.2142  0.1041  0.1592  1
139:   0.1702  0.4084  0.1051  0.0991  0.0871  0.1301  1
140:   0.1370  0.0280  0.2500  0.1730  0.2450  0.1670  1
141:   0.1810  0.2440  0.1440  0.1520  0.1310  0.1480  1
142:   0.1350  0.4550  0.1270  0.0940  0.0880  0.1010  1
143:   0.1440  0.0380  0.2540  0.2470  0.1950  0.1220  1
144:   0.0750  0.3710  0.2200  0.0920  0.1610  0.0810  1
145:   0.1718  0.0340  0.1319  0.2607  0.2058  0.1958  1
146:   0.1120  0.0230  0.1360  0.2210  0.2940  0.2140  1
147:   0.1790  0.0690  0.1150  0.2710  0.1650  0.2010  1
148:   0.1441  0.0480  0.1421  0.2282  0.2302  0.2072  1
149:   0.2148  0.0360  0.1748  0.1998  0.1668  0.2078  1
150:   0.3170  0.0240  0.1630  0.1430  0.1230  0.2300  1
151:   0.0960  0.0280  0.3380  0.1650  0.2560  0.1170  1
152:   0.1920  0.0270  0.1750  0.2120  0.2020  0.1920  1
153:   0.1900  0.0360  0.1610  0.2090  0.1830  0.2210  1
154:   0.0950  0.0370  0.3430  0.1570  0.2600  0.1080  1
155:   0.1220  0.0350  0.3470  0.1800  0.2000  0.1160  1
156:   0.1490  0.0480  0.1980  0.1990  0.2310  0.1750  1
157:   0.1210  0.0360  0.1510  0.1920  0.2830  0.2170  1
158:   0.2120  0.0550  0.1880  0.2010  0.1650  0.1790  1
159:   0.1970  0.1760  0.1170  0.1940  0.1300  0.1860  1
160:   0.1512  0.0511  0.2643  0.2062  0.1712  0.1562  1
161:   0.2540  0.1260  0.1150  0.1760  0.1140  0.2150  1
162:   0.1100  0.0270  0.3720  0.1610  0.2320  0.0980  1
163:   0.2727  0.0300  0.2048  0.1648  0.1269  0.2008  1
164:   0.1500  0.0590  0.3180  0.1410  0.2040  0.1280  1
165:   0.1291  0.3844  0.1351  0.1101  0.1121  0.1291  1
166:   0.2462  0.0470  0.1221  0.1642  0.1702  0.2503  1
167:   0.1960  0.0490  0.1350  0.2020  0.2120  0.2060  1
168:   0.2390  0.0240  0.2200  0.1850  0.1360  0.1960  1
169:   0.2318  0.0839  0.1469  0.2378  0.1159  0.1838  1
170:   0.0970  0.5480  0.1150  0.0750  0.0870  0.0780  1
171:   0.1240  0.1310  0.1920  0.1590  0.2320  0.1620  1
172:   0.1822  0.0430  0.2533  0.1762  0.1862  0.1592  1
173:   0.1702  0.0631  0.1592  0.2222  0.2052  0.1802  1
174:   0.1770  0.0610  0.1720  0.2220  0.1850  0.1830  1
175:   0.2100  0.0300  0.1730  0.1810  0.1980  0.2080  1
176:   0.1630  0.0190  0.1410  0.2290  0.2390  0.2090  1
177:   0.2248  0.0709  0.1788  0.2068  0.1209  0.1978  1
178:   0.1530  0.0410  0.2480  0.2120  0.1980  0.1480  1
179:   0.2580  0.0260  0.1650  0.1650  0.1610  0.2250  1
180:   0.2280  0.1140  0.1190  0.2150  0.1290  0.1950  1
181:   0.2482  0.0280  0.1481  0.2162  0.1401  0.2192  1
182:   0.2032  0.0270  0.1622  0.2452  0.1862  0.1762  1
183:   0.1080  0.0290  0.1210  0.2220  0.2910  0.2290  1
184:   0.1219  0.0270  0.1469  0.2068  0.2787  0.2188  1
185:   0.1680  0.0220  0.1500  0.2100  0.2480  0.2020  1
186:   0.0870  0.0290  0.4030  0.1680  0.2340  0.0790  1
187:   0.1878  0.0699  0.2188  0.1888  0.1598  0.1748  1
188:   0.2160  0.0580  0.1270  0.2390  0.1500  0.2100  1
189:   0.2020  0.0390  0.1700  0.2660  0.1410  0.1820  1
190:   0.0730  0.0470  0.4100  0.1490  0.2470  0.0740  1
191:   0.1794  0.0521  0.1002  0.2415  0.2084  0.2184  1
192:   0.1730  0.0390  0.1930  0.2370  0.1810  0.1770  1
193:   0.0980  0.0310  0.3630  0.1750  0.2350  0.0980  1
194:   0.0710  0.0330  0.4010  0.1400  0.2670  0.0880  1
195:   0.2142  0.3413  0.1001  0.1011  0.0911  0.1522  1
196:   0.2570  0.0530  0.2120  0.1810  0.1310  0.1660  1
197:   0.1888  0.0659  0.2018  0.1858  0.1838  0.1738  1
198:   0.1291  0.0521  0.0971  0.2272  0.2573  0.2372  1
199:   0.1380  0.0240  0.2580  0.1940  0.2240  0.1620  1
200:   0.2450  0.0430  0.1430  0.1830  0.1640  0.2220  1
201:   0.0601  0.0210  0.2733  0.1481  0.3493  0.1481  1
202:   0.0880  0.0340  0.3790  0.1520  0.2550  0.0920  1
203:   0.1542  0.0310  0.1141  0.1932  0.2683  0.2392  1
204:   0.1049  0.0230  0.0949  0.2058  0.3217  0.2498  1
205:   0.0330  0.8660  0.0280  0.0260  0.0210  0.0260  1

  1:   0.1810  0.0970  0.1840  0.1060  0.1910  0.2410  1
  2:   0.2232  0.1201  0.1381  0.1151  0.1882  0.2152  1
  3:   0.2262  0.1341  0.1271  0.1071  0.1922  0.2132  1
  4:   0.1740  0.1270  0.2170  0.1620  0.1910  0.1290  1
  5:   0.1752  0.1672  0.1331  0.1562  0.1622  0.2062  1
  6:   0.0640  0.3970  0.0600  0.3570  0.0610  0.0610  1
  7:   0.2018  0.1289  0.1628  0.1389  0.1828  0.1848  1
  8:   0.1750  0.1540  0.1800  0.1730  0.1930  0.1250  1
  9:   0.1169  0.0889  0.3467  0.1548  0.1828  0.1099  1
 10:   0.1942  0.1722  0.1001  0.1371  0.1732  0.2232  1
 11:   0.1800  0.2040  0.0940  0.1480  0.1730  0.2010  1
 12:   0.1640  0.1010  0.2060  0.1420  0.1880  0.1990  1
 13:   0.1908  0.1029  0.1828  0.1279  0.2068  0.1888  1
 14:   0.1680  0.0950  0.2220  0.1350  0.1860  0.1940  1
 15:   0.1862  0.0821  0.1772  0.1161  0.1952  0.2432  1
 16:   0.1449  0.2887  0.0799  0.2398  0.1199  0.1269  1
 17:   0.1670  0.1200  0.2410  0.1300  0.1990  0.1430  1
 18:   0.1756  0.1078  0.2295  0.1357  0.2006  0.1507  1
 19:   0.2108  0.1558  0.1309  0.1329  0.1788  0.1908  1
 20:   0.1800  0.1040  0.2280  0.1430  0.1940  0.1510  1
 21:   0.1570  0.1060  0.1780  0.1560  0.2020  0.2010  1
 22:   0.0631  0.4254  0.0310  0.3493  0.0611  0.0701  1
 23:   0.0600  0.4210  0.0410  0.3510  0.0670  0.0600  1
 24:   0.1750  0.2110  0.1330  0.1780  0.1450  0.1580  1
 25:   0.2100  0.1530  0.1190  0.1050  0.1650  0.2480  1
 26:   0.1390  0.1870  0.1570  0.1870  0.1680  0.1620  1
 27:   0.0720  0.4040  0.0460  0.3410  0.0670  0.0700  1
 28:   0.2002  0.1792  0.1221  0.1441  0.1652  0.1892  1
 29:   0.0921  0.3754  0.0551  0.3453  0.0651  0.0671  1
 30:   0.0971  0.3383  0.0871  0.2963  0.0841  0.0971  1
 31:   0.0350  0.4635  0.0270  0.3924  0.0390  0.0430  1
 32:   0.0910  0.3000  0.1480  0.3060  0.0830  0.0720  1
 33:   0.1980  0.1690  0.1100  0.1530  0.1770  0.1930  1
 34:   0.0591  0.4144  0.0470  0.3614  0.0591  0.0591  1
 35:   0.1950  0.2140  0.0750  0.1480  0.1700  0.1980  1
 36:   0.1090  0.2890  0.1190  0.2960  0.0920  0.0950  1
 37:   0.0681  0.4214  0.0330  0.3393  0.0651  0.0731  1
 38:   0.1150  0.3300  0.0690  0.2580  0.1020  0.1260  1
 39:   0.1240  0.3420  0.0490  0.2370  0.1020  0.1460  1
 40:   0.2260  0.1620  0.1050  0.1370  0.1770  0.1930  1
 41:   0.0800  0.3510  0.0790  0.3040  0.0910  0.0950  1
 42:   0.1290  0.2420  0.1150  0.2110  0.1320  0.1710  1
 43:   0.0651  0.3978  0.0681  0.3387  0.0631  0.0671  1
 44:   0.1460  0.2700  0.0890  0.2350  0.1180  0.1420  1
 45:   0.0561  0.4154  0.0521  0.3473  0.0641  0.0651  1
 46:   0.0879  0.3826  0.0500  0.3556  0.0599  0.0639  1
 47:   0.1359  0.2977  0.0799  0.2418  0.1149  0.1299  1
 48:   0.0720  0.3960  0.0600  0.3460  0.0610  0.0650  1
 49:   0.0841  0.3884  0.0551  0.3113  0.0801  0.0811  1
 50:   0.1968  0.1908  0.0979  0.1309  0.1718  0.2118  1
 51:   0.1049  0.3516  0.0559  0.2927  0.0899  0.1049  1
 52:   0.1161  0.3443  0.0511  0.2683  0.1001  0.1201  1
 53:   0.1269  0.3077  0.0809  0.2448  0.1039  0.1359  1
 54:   0.0571  0.4264  0.0380  0.3604  0.0571  0.0611  1
 55:   0.1370  0.1050  0.2880  0.1530  0.1720  0.1450  1
 56:   0.1872  0.1562  0.1281  0.1291  0.1722  0.2272  1
 57:   0.1908  0.1409  0.1958  0.1339  0.1628  0.1758  1
 58:   0.2018  0.1369  0.1668  0.1339  0.2058  0.1548  1
 59:   0.2088  0.1588  0.0959  0.1029  0.1718  0.2617  1
 60:   0.1180  0.0820  0.3310  0.1550  0.1740  0.1400  1
 61:   0.1139  0.0799  0.3526  0.1469  0.1858  0.1209  1
 62:   0.2078  0.1089  0.1299  0.1109  0.1858  0.2567  1
 63:   0.2248  0.1359  0.1169  0.1019  0.1828  0.2378  1
 64:   0.1850  0.1180  0.2060  0.1350  0.1630  0.1930  1
 65:   0.2190  0.1570  0.0920  0.1270  0.2040  0.2010  1
 66:   0.1702  0.1441  0.1832  0.1552  0.1822  0.1652  1
 67:   0.2192  0.1241  0.1471  0.1211  0.2032  0.1852  1
 68:   0.2032  0.1011  0.1391  0.1201  0.1892  0.2472  1
 69:   0.1688  0.0889  0.2647  0.1399  0.1778  0.1598  1
 70:   0.1582  0.0941  0.2983  0.1451  0.1692  0.1351  1
 71:   0.1852  0.1281  0.1752  0.1331  0.1872  0.1912  1
 72:   0.1030  0.0750  0.3860  0.1490  0.1680  0.1190  1
 73:   0.0811  0.3714  0.0701  0.3073  0.0861  0.0841  1
 74:   0.1938  0.0999  0.1598  0.1099  0.1788  0.2577  1
 75:   0.1010  0.0690  0.3890  0.1540  0.1740  0.1130  1
 76:   0.1449  0.2847  0.0699  0.1998  0.1379  0.1628  1
 77:   0.1858  0.0939  0.1748  0.1119  0.1928  0.2408  1
 78:   0.1872  0.1121  0.2462  0.1311  0.1622  0.1612  1
 79:   0.1558  0.1349  0.2537  0.1469  0.1678  0.1409  1
 80:   0.0850  0.3170  0.1500  0.2860  0.0850  0.0770  1
 81:   0.1800  0.1540  0.1790  0.1620  0.1830  0.1420  1
 82:   0.2002  0.1682  0.1592  0.1502  0.1572  0.1652  1
 83:   0.1320  0.0690  0.3330  0.1510  0.1540  0.1610  1
 84:   0.1091  0.0961  0.3493  0.1582  0.1662  0.1211  1
 85:   0.1968  0.1638  0.1279  0.1508  0.1878  0.1728  1
 86:   0.1730  0.2430  0.0820  0.1530  0.1520  0.1970  1
