  1:   0.2573  0.1662  0.2362  0.0360  0.3043  1
  2:   0.2657  0.1389  0.2857  0.0410  0.2687  1
  3:   0.2593  0.1111  0.2933  0.0210  0.3153  1
  4:   0.1788  0.3596  0.2088  0.0889  0.1638  1
  5:   0.2200  0.0850  0.2430  0.2390  0.2130  1
  6:   0.0490  0.0530  0.0500  0.7950  0.0530  1
  7:   0.2760  0.1610  0.2660  0.0610  0.2360  1
  8:   0.1940  0.3520  0.1810  0.1050  0.1680  1
  9:   0.1648  0.6064  0.0669  0.0320  0.1299  1
 10:   0.1920  0.1220  0.2250  0.1370  0.3240  1
 11:   0.2160  0.0840  0.2530  0.1800  0.2670  1
 12:   0.2843  0.1642  0.3083  0.0561  0.1872  1
 13:   0.2693  0.1752  0.3303  0.0260  0.1992  1
 14:   0.2032  0.3383  0.2052  0.0460  0.2072  1
 15:   0.2970  0.0970  0.3400  0.0220  0.2440  1
 16:   0.1120  0.0850  0.1140  0.5340  0.1550  1
 17:   0.1970  0.4360  0.1330  0.0560  0.1780  1
 18:   0.2020  0.4000  0.1670  0.0380  0.1930  1
 19:   0.2400  0.1190  0.2480  0.1410  0.2520  1
 20:   0.2010  0.3570  0.2280  0.0340  0.1800  1
 21:   0.2750  0.1000  0.3500  0.0950  0.1800  1
 22:   0.0400  0.0250  0.0370  0.8488  0.0490  1
 23:   0.0540  0.0250  0.0600  0.8040  0.0570  1
 24:   0.1688  0.1349  0.1718  0.3397  0.1848  1
 25:   0.2380  0.0930  0.2140  0.1090  0.3460  1
 26:   0.2042  0.1722  0.2072  0.2232  0.1932  1
 27:   0.0500  0.0320  0.0579  0.8022  0.0579  1
 28:   0.2342  0.1121  0.2352  0.1612  0.2573  1
 29:   0.0370  0.0440  0.0390  0.8188  0.0611  1
 30:   0.0700  0.0860  0.0690  0.6670  0.1080  1
 31:   0.0240  0.0240  0.0220  0.9061  0.0240  1
 32:   0.0559  0.1039  0.0559  0.7223  0.0619  1
 33:   0.2370  0.1190  0.2480  0.1490  0.2470  1
 34:   0.0390  0.0340  0.0380  0.8370  0.0520  1
 35:   0.1572  0.0761  0.1762  0.3333  0.2573  1
 36:   0.0799  0.0500  0.0849  0.6963  0.0889  1
 37:   0.0370  0.0240  0.0490  0.8280  0.0620  1
 38:   0.1040  0.0590  0.1000  0.6080  0.1290  1
 39:   0.0900  0.0400  0.0780  0.6130  0.1790  1
 40:   0.2300  0.1100  0.2380  0.1180  0.3040  1
 41:   0.0701  0.0561  0.0721  0.7047  0.0971  1
 42:   0.1300  0.0640  0.1440  0.5010  0.1610  1
 43:   0.0480  0.0500  0.0500  0.7950  0.0570  1
 44:   0.1320  0.0680  0.1300  0.5110  0.1590  1
 45:   0.0510  0.0370  0.0470  0.8020  0.0630  1
 46:   0.0370  0.0380  0.0440  0.8290  0.0520  1
 47:   0.1240  0.0730  0.1050  0.5390  0.1590  1
 48:   0.0440  0.0589  0.0410  0.8022  0.0539  1
 49:   0.0620  0.0460  0.0590  0.7590  0.0740  1
 50:   0.1590  0.1020  0.1800  0.2690  0.2900  1
 51:   0.0639  0.0370  0.0689  0.7363  0.0939  1
 52:   0.0749  0.0460  0.0949  0.6384  0.1459  1
 53:   0.0989  0.0879  0.0889  0.5734  0.1508  1
 54:   0.0430  0.0320  0.0410  0.8342  0.0500  1
 55:   0.2000  0.3900  0.1780  0.0710  0.1610  1
 56:   0.2232  0.1231  0.2492  0.1371  0.2673  1
 57:   0.2248  0.2717  0.2158  0.0649  0.2228  1
 58:   0.2298  0.2378  0.2747  0.0500  0.2078  1
 59:   0.1990  0.1000  0.1890  0.1050  0.4070  1
 60:   0.1630  0.5680  0.1070  0.0340  0.1280  1
 61:   0.1842  0.5536  0.0881  0.0290  0.1451  1
 62:   0.2650  0.1060  0.2710  0.0430  0.3150  1
 63:   0.2418  0.1089  0.2478  0.0460  0.3556  1
 64:   0.2060  0.2950  0.2130  0.0740  0.2120  1
 65:   0.2368  0.1259  0.2707  0.0699  0.2967  1
 66:   0.2328  0.2438  0.2218  0.1059  0.1958  1
 67:   0.2350  0.1850  0.2750  0.0320  0.2730  1
 68:   0.2880  0.1080  0.3030  0.0400  0.2610  1
 69:   0.1990  0.3800  0.2250  0.0260  0.1700  1
 70:   0.1740  0.4830  0.1510  0.0350  0.1570  1
 71:   0.2700  0.1560  0.2730  0.0830  0.2180  1
 72:   0.1510  0.6440  0.0610  0.0260  0.1180  1
 73:   0.0700  0.0540  0.0640  0.7360  0.0760  1
 74:   0.2870  0.1150  0.3330  0.0350  0.2300  1
 75:   0.1460  0.6540  0.0580  0.0210  0.1210  1
 76:   0.1770  0.0600  0.1430  0.4170  0.2030  1
 77:   0.2750  0.1280  0.3440  0.0300  0.2230  1
 78:   0.1850  0.3940  0.1640  0.0490  0.2080  1
 79:   0.1852  0.4084  0.1291  0.0991  0.1782  1
 80:   0.0750  0.1550  0.0520  0.6420  0.0760  1
 81:   0.2100  0.2680  0.2070  0.1300  0.1850  1
 82:   0.2030  0.1560  0.2020  0.1810  0.2580  1
 83:   0.1890  0.4140  0.1850  0.0310  0.1810  1
 84:   0.1469  0.5894  0.0639  0.0669  0.1329  1
 85:   0.2600  0.1190  0.2930  0.0950  0.2330  1
 86:   0.1602  0.0631  0.1662  0.3273  0.2833  1
 87:   0.2660  0.1960  0.2430  0.0310  0.2640  1
 88:   0.2438  0.2587  0.2218  0.0270  0.2488  1
 89:   0.2660  0.1990  0.2730  0.0480  0.2140  1
 90:   0.2713  0.1522  0.3113  0.0410  0.2242  1
 91:   0.2160  0.1360  0.2440  0.1330  0.2710  1
 92:   0.2997  0.1369  0.3706  0.0300  0.1628  1
 93:   0.0810  0.1350  0.0700  0.6210  0.0930  1
 94:   0.2360  0.1660  0.2390  0.0580  0.3010  1
 95:   0.2310  0.1130  0.2570  0.1750  0.2240  1
 96:   0.2600  0.1970  0.3160  0.0420  0.1850  1
 97:   0.0880  0.1290  0.0760  0.6110  0.0960  1
 98:   0.2210  0.1730  0.2420  0.0800  0.2840  1
 99:   0.3080  0.1090  0.3920  0.0180  0.1730  1
100:   0.2290  0.1550  0.2600  0.0670  0.2890  1
101:   0.1692  0.5485  0.0811  0.0531  0.1481  1
102:   0.2418  0.2737  0.2068  0.0440  0.2338  1
103:   0.2250  0.1720  0.2670  0.0910  0.2450  1
104:   0.1808  0.4206  0.2018  0.0250  0.1718  1
105:   0.1720  0.1100  0.1570  0.3750  0.1860  1
106:   0.2580  0.1010  0.2140  0.1130  0.3140  1
107:   0.1550  0.1900  0.1290  0.3130  0.2130  1
108:   0.2767  0.1339  0.2897  0.0350  0.2647  1
109:   0.2677  0.1239  0.3037  0.0949  0.2098  1
110:   0.0521  0.0511  0.0611  0.7608  0.0751  1
111:   0.2010  0.3700  0.1870  0.0570  0.1850  1
112:   0.1940  0.4030  0.1950  0.0470  0.1610  1
113:   0.2570  0.2360  0.2650  0.0390  0.2030  1
114:   0.1868  0.4296  0.1608  0.0330  0.1898  1
115:   0.0560  0.0360  0.0590  0.7510  0.0980  1
116:   0.1698  0.4466  0.1479  0.0529  0.1828  1
117:   0.3060  0.1180  0.3790  0.0160  0.1810  1
118:   0.2420  0.3410  0.1720  0.0340  0.2110  1
119:   0.0800  0.1060  0.0690  0.6590  0.0860  1
120:   0.2180  0.3550  0.1780  0.0700  0.1790  1
121:   0.2062  0.3914  0.1682  0.0300  0.2042  1
122:   0.0670  0.0650  0.0670  0.7190  0.0820  1
123:   0.2402  0.1061  0.3073  0.0701  0.2763  1
124:   0.2150  0.1130  0.2060  0.2020  0.2640  1
125:   0.2300  0.0920  0.2470  0.0550  0.3760  1
126:   0.1940  0.3550  0.2100  0.0460  0.1950  1
127:   0.2148  0.2917  0.2238  0.0659  0.2038  1
128:   0.1768  0.5045  0.1299  0.0400  0.1489  1
129:   0.2840  0.1750  0.3430  0.0250  0.1730  1
130:   0.2610  0.1800  0.2000  0.0710  0.2880  1
131:   0.0831  0.0631  0.0811  0.6757  0.0971  1
132:   0.3030  0.1280  0.3600  0.0270  0.1820  1
133:   0.1340  0.0600  0.1380  0.4990  0.1690  1
134:   0.1980  0.3380  0.2110  0.0430  0.2100  1
135:   0.2360  0.1640  0.2620  0.0330  0.3050  1
136:   0.1770  0.5310  0.1070  0.0420  0.1430  1
137:   0.2410  0.2200  0.2880  0.0630  0.1880  1
138:   0.1870  0.0690  0.2230  0.3280  0.1930  1
139:   0.1020  0.1140  0.0830  0.5290  0.1720  1
140:   0.1888  0.4106  0.1818  0.0350  0.1838  1
141:   0.1962  0.1091  0.1792  0.3123  0.2032  1
142:   0.1070  0.1580  0.0880  0.5240  0.1230  1
143:   0.1928  0.4565  0.1538  0.0410  0.1558  1
144:   0.1010  0.3400  0.0550  0.4050  0.0990  1
145:   0.2850  0.1360  0.3300  0.0420  0.2070  1
146:   0.3080  0.1400  0.3400  0.0250  0.1870  1
147:   0.2470  0.1320  0.3050  0.0860  0.2300  1
148:   0.2940  0.1630  0.2930  0.0530  0.1970  1
149:   0.2597  0.2058  0.2368  0.0460  0.2517  1
150:   0.2340  0.1180  0.2350  0.0300  0.3830  1
151:   0.1660  0.5440  0.1070  0.0310  0.1520  1
152:   0.2430  0.2080  0.2710  0.0350  0.2430  1
153:   0.2503  0.1832  0.2843  0.0450  0.2372  1
154:   0.1720  0.4950  0.1350  0.0430  0.1550  1
155:   0.1728  0.5315  0.1159  0.0380  0.1419  1
156:   0.2390  0.2730  0.2580  0.0500  0.1800  1
157:   0.2402  0.2252  0.2843  0.0420  0.2082  1
158:   0.2410  0.2520  0.2010  0.0610  0.2450  1
159:   0.2160  0.1330  0.2460  0.1770  0.2280  1
160:   0.1802  0.4144  0.1752  0.0601  0.1702  1
161:   0.2178  0.1129  0.2318  0.1269  0.3107  1
162:   0.1648  0.5674  0.0859  0.0300  0.1518  1
163:   0.2240  0.2220  0.2170  0.0370  0.3000  1
164:   0.1662  0.4815  0.0911  0.0791  0.1822  1
165:   0.1500  0.1440  0.1450  0.3850  0.1760  1
166:   0.2392  0.1391  0.2813  0.0591  0.2813  1
167:   0.2610  0.1540  0.2760  0.0670  0.2420  1
168:   0.2100  0.2840  0.2190  0.0290  0.2580  1
169:   0.2220  0.1240  0.2870  0.1200  0.2470  1
170:   0.0870  0.1250  0.0690  0.6220  0.0970  1
171:   0.2100  0.2440  0.2040  0.1430  0.1990  1
172:   0.2098  0.3846  0.1439  0.0490  0.2128  1
173:   0.2790  0.1750  0.2550  0.0710  0.2200  1
174:   0.2378  0.2138  0.2418  0.0829  0.2238  1
175:   0.2400  0.2210  0.2220  0.0370  0.2800  1
176:   0.2810  0.1590  0.3190  0.0240  0.2170  1
177:   0.2250  0.1690  0.2680  0.0880  0.2500  1
178:   0.1978  0.3986  0.1948  0.0430  0.1658  1
179:   0.2823  0.0931  0.2623  0.0320  0.3303  1
180:   0.2190  0.1370  0.2690  0.1330  0.2420  1
181:   0.2577  0.1029  0.3077  0.0380  0.2937  1
182:   0.3113  0.1491  0.2803  0.0340  0.2252  1
183:   0.3047  0.1159  0.3467  0.0380  0.1948  1
184:   0.2627  0.2158  0.2937  0.0330  0.1948  1
185:   0.2710  0.1810  0.2900  0.0270  0.2310  1
186:   0.1780  0.5680  0.0850  0.0330  0.1360  1
187:   0.2260  0.2550  0.2030  0.0800  0.2360  1
188:   0.2670  0.1130  0.3250  0.0690  0.2260  1
189:   0.2580  0.1630  0.3160  0.0390  0.2240  1
190:   0.1540  0.6100  0.0600  0.0520  0.1240  1
191:   0.2770  0.1070  0.3280  0.0630  0.2250  1
192:   0.2590  0.2270  0.2630  0.0450  0.2060  1
193:   0.1640  0.5680  0.0950  0.0350  0.1380  1
194:   0.1638  0.5445  0.1189  0.0390  0.1339  1
195:   0.1440  0.0620  0.1400  0.4640  0.1900  1
196:   0.2208  0.2587  0.1668  0.0569  0.2967  1
197:   0.1980  0.2810  0.1970  0.1010  0.2230  1
198:   0.2880  0.1170  0.3590  0.0530  0.1830  1
199:   0.2340  0.2960  0.2330  0.0280  0.2090  1
200:   0.2390  0.1350  0.2510  0.0540  0.3210  1
201:   0.1818  0.4166  0.2008  0.0230  0.1778  1
202:   0.1862  0.4695  0.1381  0.0400  0.1662  1
203:   0.2800  0.1350  0.3000  0.0390  0.2460  1
204:   0.2960  0.1360  0.3400  0.0260  0.2020  1
205:   0.0250  0.0260  0.0250  0.8970  0.0270  1

  1:   0.2940  0.1810  0.2500  0.0340  0.2410  1
  2:   0.2460  0.1620  0.2590  0.0350  0.2980  1
  3:   0.2360  0.1480  0.2800  0.0200  0.3160  1
  4:   0.1930  0.3140  0.2160  0.0830  0.1940  1
  5:   0.2060  0.1230  0.2060  0.2230  0.2420  1
  6:   0.0490  0.0500  0.0490  0.8022  0.0500  1
  7:   0.2300  0.1760  0.2440  0.0610  0.2890  1
  8:   0.1830  0.3170  0.2090  0.1000  0.1910  1
  9:   0.2242  0.5235  0.1542  0.0320  0.0661  1
 10:   0.2270  0.1610  0.2300  0.1260  0.2560  1
 11:   0.2000  0.1420  0.2420  0.1630  0.2530  1
 12:   0.2720  0.1360  0.2770  0.0530  0.2620  1
 13:   0.2320  0.1850  0.2490  0.0260  0.3080  1
 14:   0.2480  0.2690  0.2390  0.0440  0.2000  1
 15:   0.2737  0.1409  0.2757  0.0200  0.2897  1
 16:   0.1100  0.1100  0.1290  0.5190  0.1320  1
 17:   0.2140  0.4200  0.1780  0.0530  0.1350  1
 18:   0.2178  0.4136  0.1798  0.0340  0.1548  1
 19:   0.1982  0.1582  0.2302  0.1331  0.2803  1
 20:   0.2360  0.2910  0.2220  0.0310  0.2200  1
 21:   0.2585  0.1078  0.2605  0.0988  0.2745  1
 22:   0.0340  0.0310  0.0370  0.8531  0.0450  1
 23:   0.0430  0.0340  0.0510  0.8030  0.0690  1
 24:   0.1702  0.1351  0.1772  0.3373  0.1802  1
 25:   0.2430  0.1440  0.2300  0.0970  0.2860  1
 26:   0.2170  0.1460  0.1890  0.2310  0.2170  1
 27:   0.0460  0.0480  0.0540  0.7880  0.0640  1
 28:   0.2040  0.1150  0.2250  0.1640  0.2920  1
 29:   0.0370  0.0460  0.0430  0.8332  0.0410  1
 30:   0.0779  0.0939  0.0809  0.6623  0.0849  1
 31:   0.0180  0.0210  0.0200  0.9210  0.0200  1
 32:   0.0740  0.0860  0.0690  0.7260  0.0450  1
 33:   0.2330  0.1400  0.2360  0.1490  0.2420  1
 34:   0.0350  0.0290  0.0350  0.8599  0.0410  1
 35:   0.1690  0.1220  0.1860  0.3070  0.2160  1
 36:   0.0900  0.0550  0.0840  0.6910  0.0800  1
 37:   0.0440  0.0320  0.0400  0.8350  0.0490  1
 38:   0.0950  0.0660  0.1060  0.6180  0.1150  1
 39:   0.0981  0.0661  0.0921  0.6276  0.1161  1
 40:   0.2260  0.1230  0.2470  0.1140  0.2900  1
 41:   0.0690  0.0580  0.0740  0.7260  0.0730  1
 42:   0.1420  0.0730  0.1320  0.5100  0.1430  1
 43:   0.0470  0.0480  0.0460  0.8148  0.0440  1
 44:   0.1221  0.0621  0.1311  0.5175  0.1672  1
 45:   0.0420  0.0420  0.0480  0.8150  0.0530  1
 46:   0.0380  0.0340  0.0440  0.8318  0.0521  1
 47:   0.1150  0.0870  0.1320  0.5400  0.1260  1
 48:   0.0480  0.0570  0.0390  0.8180  0.0380  1
 49:   0.0530  0.0500  0.0550  0.7830  0.0590  1
 50:   0.1760  0.1320  0.1950  0.2470  0.2500  1
 51:   0.0710  0.0480  0.0690  0.7380  0.0740  1
 52:   0.0880  0.0570  0.0980  0.6550  0.1020  1
 53:   0.1031  0.0861  0.0991  0.6006  0.1111  1
 54:   0.0420  0.0320  0.0400  0.8428  0.0430  1
 55:   0.2282  0.3383  0.2072  0.0791  0.1471  1
 56:   0.2372  0.1481  0.2392  0.1301  0.2452  1
 57:   0.2230  0.2650  0.2160  0.0600  0.2360  1
 58:   0.2040  0.2300  0.2570  0.0490  0.2600  1
 59:   0.2320  0.1430  0.2330  0.1040  0.2880  1
 60:   0.2268  0.4705  0.1698  0.0360  0.0969  1
 61:   0.2330  0.4860  0.1620  0.0290  0.0900  1
 62:   0.2843  0.1331  0.2823  0.0360  0.2643  1
 63:   0.2520  0.1520  0.2510  0.0390  0.3060  1
 64:   0.2458  0.2368  0.2258  0.0659  0.2258  1
 65:   0.2138  0.1469  0.2677  0.0669  0.3047  1
 66:   0.2080  0.2770  0.2240  0.0990  0.1920  1
 67:   0.2408  0.2088  0.2627  0.0270  0.2607  1
 68:   0.2690  0.1260  0.2840  0.0330  0.2880  1
 69:   0.2232  0.3163  0.2272  0.0250  0.2082  1
 70:   0.2450  0.4030  0.1870  0.0330  0.1320  1
 71:   0.2580  0.1550  0.2500  0.0720  0.2650  1
 72:   0.2418  0.5315  0.1439  0.0250  0.0579  1
 73:   0.0610  0.0650  0.0640  0.7450  0.0650  1
 74:   0.2940  0.0910  0.2850  0.0320  0.2980  1
 75:   0.2368  0.5534  0.1459  0.0190  0.0450  1
 76:   0.1578  0.0809  0.1479  0.4206  0.1928  1
 77:   0.2800  0.1190  0.2830  0.0270  0.2910  1
 78:   0.2370  0.3520  0.1980  0.0470  0.1660  1
 79:   0.2160  0.3850  0.1620  0.0900  0.1470  1
 80:   0.0800  0.1360  0.0670  0.6680  0.0490  1
 81:   0.2140  0.2600  0.1990  0.1240  0.2030  1
 82:   0.2112  0.1982  0.2102  0.1862  0.1942  1
 83:   0.2737  0.3107  0.2268  0.0330  0.1558  1
 84:   0.2240  0.4990  0.1560  0.0650  0.0560  1
 85:   0.2028  0.1698  0.2498  0.0849  0.2927  1
 86:   0.1840  0.1140  0.1900  0.3200  0.1920  1
 87:   0.2110  0.2460  0.2300  0.0330  0.2800  1
 88:   0.2577  0.2498  0.2338  0.0250  0.2338  1
 89:   0.2130  0.2230  0.2380  0.0470  0.2790  1
 90:   0.2220  0.1800  0.2580  0.0360  0.3040  1
 91:   0.1950  0.1780  0.2220  0.1290  0.2760  1
 92:   0.2700  0.1330  0.3040  0.0280  0.2650  1
 93:   0.0970  0.1240  0.0840  0.6270  0.0680  1
 94:   0.2150  0.2280  0.2390  0.0570  0.2610  1
 95:   0.1848  0.1379  0.2228  0.1708  0.2837  1
 96:   0.2957  0.1548  0.2747  0.0380  0.2368  1
 97:   0.1060  0.1170  0.0840  0.6050  0.0880  1
 98:   0.2490  0.1850  0.2380  0.0800  0.2480  1
 99:   0.3120  0.0920  0.3050  0.0160  0.2750  1
100:   0.1980  0.1980  0.2630  0.0600  0.2810  1
101:   0.2250  0.4690  0.1720  0.0510  0.0830  1
102:   0.2268  0.2937  0.2118  0.0430  0.2248  1
103:   0.2020  0.2070  0.2460  0.0890  0.2560  1
104:   0.2767  0.3137  0.2198  0.0260  0.1638  1
105:   0.1580  0.1530  0.1700  0.3440  0.1750  1
106:   0.2300  0.1410  0.2560  0.1080  0.2650  1
107:   0.1672  0.2062  0.1642  0.2973  0.1652  1
108:   0.2680  0.1610  0.2930  0.0300  0.2480  1
109:   0.2700  0.1080  0.2700  0.1000  0.2520  1
110:   0.0540  0.0480  0.0600  0.7740  0.0640  1
111:   0.2010  0.3570  0.2100  0.0570  0.1750  1
112:   0.2128  0.3367  0.2088  0.0460  0.1958  1
113:   0.2853  0.2082  0.2623  0.0390  0.2052  1
114:   0.2170  0.3750  0.1980  0.0310  0.1790  1
115:   0.0529  0.0450  0.0519  0.7852  0.0649  1
116:   0.2560  0.3530  0.1980  0.0510  0.1420  1
117:   0.3183  0.0991  0.3093  0.0150  0.2583  1
118:   0.2262  0.3253  0.2072  0.0330  0.2082  1
119:   0.0780  0.0960  0.0790  0.6760  0.0710  1
120:   0.2470  0.3170  0.2300  0.0610  0.1450  1
121:   0.2490  0.3520  0.2070  0.0330  0.1590  1
122:   0.0670  0.0620  0.0630  0.7380  0.0700  1
123:   0.2140  0.1600  0.2830  0.0620  0.2810  1
124:   0.1920  0.1350  0.2040  0.2230  0.2460  1
125:   0.2112  0.1682  0.2593  0.0531  0.3083  1
126:   0.2540  0.2850  0.2230  0.0410  0.1970  1
127:   0.2290  0.2810  0.2220  0.0580  0.2100  1
128:   0.2232  0.4104  0.1812  0.0340  0.1512  1
129:   0.2660  0.1660  0.2990  0.0230  0.2460  1
130:   0.2290  0.2390  0.2000  0.0670  0.2650  1
131:   0.0860  0.0730  0.0900  0.6610  0.0900  1
132:   0.3037  0.1279  0.2977  0.0240  0.2468  1
133:   0.1210  0.0900  0.1370  0.4930  0.1590  1
134:   0.2680  0.2630  0.2290  0.0400  0.2000  1
135:   0.2480  0.1880  0.2690  0.0300  0.2650  1
136:   0.2332  0.4635  0.1692  0.0390  0.0951  1
137:   0.2560  0.2110  0.2440  0.0590  0.2300  1
138:   0.1510  0.1460  0.1930  0.2750  0.2350  1
139:   0.1119  0.1229  0.1039  0.5425  0.1189  1
140:   0.2300  0.3650  0.1980  0.0330  0.1740  1
141:   0.1850  0.1520  0.1970  0.2890  0.1770  1
142:   0.1099  0.1429  0.1059  0.5325  0.1089  1
143:   0.2110  0.4380  0.1710  0.0380  0.1420  1
144:   0.1340  0.2760  0.0990  0.4350  0.0560  1
145:   0.2200  0.1830  0.2650  0.0380  0.2940  1
146:   0.2980  0.1390  0.2980  0.0250  0.2400  1
147:   0.2020  0.1820  0.2570  0.0810  0.2780  1
148:   0.2560  0.1860  0.2590  0.0510  0.2480  1
149:   0.2252  0.2322  0.2342  0.0380  0.2703  1
150:   0.2482  0.1682  0.2623  0.0270  0.2943  1
151:   0.2368  0.4625  0.1738  0.0320  0.0949  1
152:   0.2400  0.2010  0.2670  0.0290  0.2630  1
153:   0.2450  0.1820  0.2610  0.0420  0.2700  1
154:   0.2513  0.4094  0.1842  0.0420  0.1131  1
155:   0.2320  0.4350  0.1740  0.0350  0.1240  1
156:   0.2270  0.2870  0.2350  0.0490  0.2020  1
157:   0.2730  0.2140  0.2370  0.0400  0.2360  1
158:   0.2230  0.2580  0.2170  0.0600  0.2420  1
159:   0.2012  0.1692  0.2042  0.1852  0.2402  1
160:   0.2220  0.3440  0.1960  0.0610  0.1770  1
161:   0.2200  0.1550  0.2250  0.1250  0.2750  1
162:   0.2348  0.4815  0.1698  0.0270  0.0869  1
163:   0.2392  0.2262  0.2422  0.0360  0.2563  1
164:   0.2168  0.4206  0.1708  0.0749  0.1169  1
165:   0.1570  0.1460  0.1460  0.4100  0.1410  1
166:   0.2650  0.1260  0.2390  0.0600  0.3100  1
167:   0.2398  0.1818  0.2418  0.0609  0.2757  1
168:   0.2362  0.2543  0.2182  0.0250  0.2663  1
169:   0.1710  0.1800  0.2520  0.1070  0.2900  1
170:   0.0931  0.1311  0.0851  0.6186  0.0721  1
171:   0.2200  0.2620  0.2000  0.1400  0.1780  1
172:   0.2330  0.3710  0.1800  0.0490  0.1670  1
173:   0.2198  0.2138  0.2428  0.0719  0.2517  1
174:   0.2210  0.2270  0.2170  0.0730  0.2620  1
175:   0.2478  0.1868  0.2667  0.0350  0.2637  1
176:   0.2410  0.1550  0.2670  0.0230  0.3140  1
177:   0.1730  0.2200  0.2390  0.0940  0.2740  1
178:   0.1992  0.3774  0.1942  0.0410  0.1882  1
179:   0.2740  0.1590  0.2550  0.0280  0.2840  1
180:   0.1968  0.1558  0.2348  0.1289  0.2837  1
181:   0.2270  0.1430  0.2750  0.0340  0.3210  1
182:   0.2160  0.2000  0.2430  0.0300  0.3110  1
183:   0.2920  0.1080  0.2980  0.0320  0.2700  1
184:   0.2667  0.1868  0.2517  0.0280  0.2667  1
185:   0.2547  0.1558  0.2757  0.0240  0.2897  1
186:   0.2298  0.5085  0.1638  0.0280  0.0699  1
187:   0.2038  0.2677  0.2268  0.0789  0.2228  1
188:   0.2140  0.1420  0.2700  0.0630  0.3110  1
189:   0.1812  0.2262  0.2573  0.0400  0.2953  1
190:   0.2300  0.5260  0.1450  0.0470  0.0520  1
191:   0.2540  0.1350  0.2790  0.0600  0.2720  1
192:   0.1950  0.2770  0.2420  0.0410  0.2450  1
193:   0.2248  0.4935  0.1638  0.0320  0.0859  1
194:   0.2480  0.4560  0.1810  0.0370  0.0780  1
195:   0.1369  0.0909  0.1479  0.4456  0.1788  1
196:   0.2320  0.2960  0.2100  0.0590  0.2030  1
197:   0.2008  0.2747  0.2168  0.0899  0.2178  1
198:   0.2635  0.1042  0.2826  0.0521  0.2976  1
199:   0.2563  0.2963  0.2412  0.0270  0.1792  1
200:   0.2610  0.1350  0.2720  0.0510  0.2810  1
201:   0.2970  0.3080  0.2310  0.0220  0.1420  1
202:   0.2500  0.4000  0.2170  0.0380  0.0950  1
203:   0.2690  0.1050  0.2920  0.0350  0.2990  1
204:   0.2900  0.1000  0.2980  0.0250  0.2870  1
205:   0.0220  0.0240  0.0280  0.8971  0.0290  1

  1:   0.2218  0.2268  0.2647  0.0360  0.2507  1
  2:   0.2000  0.1730  0.2850  0.0420  0.3000  1
  3:   0.2310  0.1550  0.2740  0.0220  0.3180  1
  4:   0.2630  0.2710  0.1770  0.0960  0.1930  1
  5:   0.1750  0.1470  0.2270  0.1980  0.2530  1
  6:   0.0529  0.0500  0.0529  0.7922  0.0519  1
  7:   0.2150  0.2190  0.2570  0.0630  0.2460  1
  8:   0.2442  0.2513  0.1802  0.1301  0.1942  1
  9:   0.3183  0.4515  0.1311  0.0350  0.0641  1
 10:   0.2300  0.1040  0.2480  0.1460  0.2720  1
 11:   0.1892  0.1011  0.2472  0.1592  0.3033  1
 12:   0.1982  0.2773  0.2503  0.0601  0.2142  1
 13:   0.2170  0.2180  0.2790  0.0280  0.2580  1
 14:   0.2710  0.2860  0.2030  0.0440  0.1960  1
 15:   0.1938  0.1828  0.2997  0.0220  0.3017  1
 16:   0.1200  0.0800  0.1230  0.5210  0.1560  1
 17:   0.2797  0.3516  0.1678  0.0579  0.1429  1
 18:   0.2763  0.3333  0.1782  0.0390  0.1732  1
 19:   0.2018  0.1309  0.2517  0.1299  0.2857  1
 20:   0.2517  0.3017  0.2248  0.0340  0.1878  1
 21:   0.1872  0.2172  0.2633  0.0971  0.2352  1
 22:   0.0430  0.0270  0.0440  0.8330  0.0530  1
 23:   0.0430  0.0300  0.0480  0.8158  0.0631  1
 24:   0.1642  0.1602  0.1792  0.3103  0.1862  1
 25:   0.2272  0.1231  0.2853  0.0821  0.2823  1
 26:   0.1710  0.1910  0.2100  0.2430  0.1850  1
 27:   0.0510  0.0330  0.0540  0.7960  0.0660  1
 28:   0.1918  0.1419  0.2428  0.1678  0.2557  1
 29:   0.0511  0.0380  0.0521  0.8078  0.0511  1
 30:   0.0820  0.0880  0.0850  0.6630  0.0820  1
 31:   0.0240  0.0210  0.0250  0.9060  0.0240  1
 32:   0.0771  0.0991  0.0631  0.7067  0.0541  1
 33:   0.1772  0.1612  0.2202  0.1572  0.2843  1
 34:   0.0400  0.0390  0.0430  0.8370  0.0410  1
 35:   0.1740  0.0830  0.1960  0.3170  0.2300  1
 36:   0.0770  0.0810  0.0890  0.6660  0.0870  1
 37:   0.0410  0.0240  0.0551  0.8198  0.0601  1
 38:   0.0970  0.0750  0.1270  0.5790  0.1220  1
 39:   0.1060  0.0490  0.1270  0.5910  0.1270  1
 40:   0.2090  0.1350  0.2430  0.1260  0.2870  1
 41:   0.0710  0.0620  0.0800  0.7090  0.0780  1
 42:   0.1140  0.0880  0.1610  0.4890  0.1480  1
 43:   0.0510  0.0520  0.0560  0.7890  0.0520  1
 44:   0.1181  0.0831  0.1522  0.4875  0.1592  1
 45:   0.0510  0.0400  0.0560  0.8020  0.0510  1
 46:   0.0450  0.0390  0.0440  0.8182  0.0539  1
 47:   0.1190  0.0890  0.1330  0.5140  0.1450  1
 48:   0.0530  0.0540  0.0520  0.7910  0.0500  1
 49:   0.0600  0.0460  0.0670  0.7580  0.0690  1
 50:   0.2088  0.1029  0.2138  0.2428  0.2318  1
 51:   0.0710  0.0470  0.0860  0.7030  0.0930  1
 52:   0.0941  0.0450  0.1011  0.6416  0.1181  1
 53:   0.1111  0.0811  0.1221  0.5506  0.1351  1
 54:   0.0450  0.0350  0.0501  0.8198  0.0501  1
 55:   0.2640  0.3590  0.1680  0.0790  0.1300  1
 56:   0.1980  0.1620  0.2500  0.1310  0.2590  1
 57:   0.2330  0.2210  0.2200  0.0640  0.2620  1
 58:   0.2480  0.1950  0.2360  0.0560  0.2650  1
 59:   0.2458  0.1109  0.2557  0.0959  0.2917  1
 60:   0.3033  0.4254  0.1381  0.0370  0.0961  1
 61:   0.2970  0.4390  0.1520  0.0290  0.0830  1
 62:   0.2008  0.1588  0.2987  0.0420  0.2997  1
 63:   0.2360  0.1310  0.2760  0.0470  0.3100  1
 64:   0.2402  0.2683  0.2122  0.0671  0.2122  1
 65:   0.2228  0.1259  0.2617  0.0739  0.3157  1
 66:   0.2180  0.2400  0.2100  0.1120  0.2200  1
 67:   0.2210  0.1970  0.2710  0.0290  0.2820  1
 68:   0.1928  0.1778  0.2937  0.0400  0.2957  1
 69:   0.2583  0.3463  0.2112  0.0260  0.1582  1
 70:   0.2827  0.3916  0.1648  0.0350  0.1259  1
 71:   0.1932  0.2162  0.2543  0.0821  0.2543  1
 72:   0.3273  0.4805  0.1201  0.0250  0.0470  1
 73:   0.0680  0.0590  0.0730  0.7250  0.0750  1
 74:   0.1830  0.2150  0.2890  0.0390  0.2740  1
 75:   0.3247  0.4905  0.1209  0.0190  0.0450  1
 76:   0.1351  0.0781  0.1792  0.3944  0.2132  1
 77:   0.1898  0.2258  0.2747  0.0310  0.2787  1
 78:   0.2667  0.3047  0.1858  0.0490  0.1938  1
 79:   0.2723  0.3283  0.1632  0.0921  0.1441  1
 80:   0.1100  0.1160  0.0720  0.6470  0.0550  1
 81:   0.2328  0.2248  0.1948  0.1369  0.2108  1
 82:   0.2102  0.1792  0.2152  0.1632  0.2322  1
 83:   0.2740  0.3850  0.1810  0.0310  0.1290  1
 84:   0.2900  0.4480  0.1290  0.0660  0.0670  1
 85:   0.2230  0.1340  0.2390  0.1050  0.2990  1
 86:   0.1952  0.0811  0.2142  0.2903  0.2192  1
 87:   0.2328  0.1888  0.2478  0.0340  0.2967  1
 88:   0.2372  0.2733  0.2362  0.0280  0.2252  1
 89:   0.2280  0.2150  0.2340  0.0560  0.2670  1
 90:   0.2248  0.1868  0.2577  0.0390  0.2917  1
 91:   0.2062  0.1201  0.2472  0.1391  0.2873  1
 92:   0.1970  0.2820  0.2760  0.0320  0.2130  1
 93:   0.1009  0.1169  0.0889  0.6164  0.0769  1
 94:   0.2262  0.1612  0.2623  0.0581  0.2923  1
 95:   0.1770  0.1310  0.2220  0.1940  0.2760  1
 96:   0.2040  0.3190  0.2480  0.0450  0.1840  1
 97:   0.1130  0.1160  0.0970  0.5750  0.0990  1
 98:   0.2220  0.2000  0.2490  0.0810  0.2480  1
 99:   0.1900  0.2710  0.2880  0.0190  0.2320  1
100:   0.2160  0.1560  0.2500  0.0650  0.3130  1
101:   0.2920  0.4290  0.1390  0.0550  0.0850  1
102:   0.2432  0.2523  0.2272  0.0440  0.2332  1
103:   0.2240  0.1700  0.2390  0.0970  0.2700  1
104:   0.2653  0.4204  0.1732  0.0240  0.1171  1
105:   0.1528  0.1229  0.1848  0.3207  0.2188  1
106:   0.2112  0.1251  0.2623  0.1061  0.2953  1
107:   0.1850  0.1830  0.1750  0.2790  0.1780  1
108:   0.2232  0.2032  0.2723  0.0330  0.2683  1
109:   0.1810  0.2360  0.2640  0.1030  0.2160  1
110:   0.0620  0.0490  0.0660  0.7500  0.0730  1
111:   0.2640  0.2970  0.1930  0.0640  0.1820  1
112:   0.2597  0.2967  0.2048  0.0490  0.1898  1
113:   0.2112  0.3003  0.2402  0.0380  0.2102  1
114:   0.2770  0.3140  0.1890  0.0350  0.1850  1
115:   0.0580  0.0410  0.0680  0.7620  0.0710  1
116:   0.2743  0.3634  0.1812  0.0531  0.1281  1
117:   0.1910  0.2770  0.2950  0.0160  0.2210  1
118:   0.2730  0.2720  0.2020  0.0350  0.2180  1
119:   0.0890  0.0960  0.0830  0.6670  0.0650  1
120:   0.2513  0.3483  0.1812  0.0631  0.1562  1
121:   0.2690  0.3430  0.1870  0.0300  0.1710  1
122:   0.0699  0.0709  0.0729  0.7133  0.0729  1
123:   0.2370  0.1400  0.2520  0.0760  0.2950  1
124:   0.2020  0.1280  0.2050  0.2200  0.2450  1
125:   0.2230  0.0970  0.2890  0.0600  0.3310  1
126:   0.2560  0.3190  0.2040  0.0450  0.1760  1
127:   0.2620  0.2360  0.2130  0.0630  0.2260  1
128:   0.2870  0.3620  0.1670  0.0390  0.1450  1
129:   0.2072  0.2793  0.2583  0.0260  0.2292  1
130:   0.2370  0.1750  0.2440  0.0630  0.2810  1
131:   0.0901  0.0811  0.1031  0.6256  0.1001  1
132:   0.1980  0.2640  0.2700  0.0270  0.2410  1
133:   0.1170  0.0670  0.1480  0.4950  0.1730  1
134:   0.2673  0.3493  0.1912  0.0400  0.1522  1
135:   0.2282  0.1832  0.2893  0.0330  0.2663  1
136:   0.2890  0.4230  0.1540  0.0400  0.0940  1
137:   0.2198  0.2657  0.2428  0.0659  0.2058  1
138:   0.1610  0.0920  0.2020  0.2880  0.2570  1
139:   0.1360  0.0930  0.1420  0.4980  0.1310  1
140:   0.2727  0.3506  0.1858  0.0360  0.1548  1
141:   0.1610  0.1400  0.1920  0.2980  0.2090  1
142:   0.1339  0.1339  0.1119  0.5095  0.1109  1
143:   0.2820  0.3220  0.1790  0.0440  0.1730  1
144:   0.1808  0.2617  0.0859  0.4086  0.0629  1
145:   0.2170  0.2190  0.2520  0.0410  0.2710  1
146:   0.1952  0.2793  0.2653  0.0250  0.2352  1
147:   0.2000  0.1490  0.2460  0.0990  0.3060  1
148:   0.2120  0.2260  0.2490  0.0590  0.2540  1
149:   0.2332  0.2242  0.2492  0.0440  0.2492  1
150:   0.2633  0.1371  0.2773  0.0300  0.2923  1
151:   0.2940  0.4200  0.1550  0.0310  0.1000  1
152:   0.2338  0.2378  0.2577  0.0310  0.2398  1
153:   0.2230  0.2220  0.2360  0.0440  0.2750  1
154:   0.2903  0.4104  0.1572  0.0450  0.0971  1
155:   0.3030  0.3920  0.1560  0.0390  0.1100  1
156:   0.2515  0.2896  0.2024  0.0521  0.2044  1
157:   0.2308  0.2907  0.2328  0.0430  0.2028  1
158:   0.2400  0.2170  0.2380  0.0610  0.2440  1
159:   0.1900  0.1510  0.2080  0.2010  0.2500  1
160:   0.2827  0.3017  0.1888  0.0639  0.1628  1
161:   0.1950  0.1180  0.2490  0.1440  0.2940  1
162:   0.2967  0.4336  0.1518  0.0320  0.0859  1
163:   0.2625  0.1966  0.2315  0.0389  0.2705  1
164:   0.2817  0.3626  0.1678  0.0669  0.1209  1
165:   0.1430  0.1700  0.1460  0.3950  0.1460  1
166:   0.1940  0.1700  0.2810  0.0580  0.2970  1
167:   0.2170  0.2040  0.2400  0.0670  0.2720  1
168:   0.2557  0.2078  0.2478  0.0280  0.2607  1
169:   0.2150  0.1230  0.2380  0.1140  0.3100  1
170:   0.1180  0.1100  0.0930  0.5930  0.0860  1
171:   0.2192  0.2693  0.1772  0.1522  0.1822  1
172:   0.2640  0.3060  0.1930  0.0490  0.1880  1
173:   0.2178  0.2168  0.2388  0.0749  0.2517  1
174:   0.2410  0.2040  0.2290  0.0830  0.2430  1
175:   0.2190  0.2510  0.2500  0.0370  0.2430  1
176:   0.2210  0.2290  0.2770  0.0250  0.2480  1
177:   0.2352  0.1532  0.2282  0.1021  0.2813  1
178:   0.2700  0.3140  0.1780  0.0460  0.1920  1
179:   0.2250  0.1510  0.2980  0.0310  0.2950  1
180:   0.2002  0.1351  0.2342  0.1451  0.2853  1
181:   0.2030  0.1430  0.3060  0.0380  0.3100  1
182:   0.2130  0.1850  0.2670  0.0330  0.3020  1
183:   0.1802  0.2462  0.2813  0.0370  0.2553  1
184:   0.2210  0.2790  0.2590  0.0330  0.2080  1
185:   0.2090  0.2480  0.2820  0.0260  0.2350  1
186:   0.2977  0.4436  0.1479  0.0320  0.0789  1
187:   0.2360  0.2460  0.2170  0.0890  0.2120  1
188:   0.2148  0.1499  0.2737  0.0709  0.2907  1
189:   0.2350  0.1560  0.2380  0.0490  0.3220  1
190:   0.3080  0.4640  0.1260  0.0480  0.0540  1
191:   0.1992  0.2002  0.2563  0.0651  0.2793  1
192:   0.2570  0.2240  0.2120  0.0530  0.2540  1
193:   0.2997  0.4326  0.1409  0.0360  0.0909  1
194:   0.2943  0.4685  0.1361  0.0350  0.0661  1
195:   0.1319  0.0789  0.1678  0.4256  0.1958  1
196:   0.2310  0.2130  0.2310  0.0580  0.2670  1
197:   0.2547  0.2368  0.1998  0.1049  0.2038  1
198:   0.1940  0.2140  0.2840  0.0580  0.2500  1
199:   0.2480  0.3220  0.2160  0.0290  0.1850  1
200:   0.1930  0.1820  0.2750  0.0540  0.2960  1
201:   0.2580  0.4250  0.1770  0.0230  0.1170  1
202:   0.2757  0.4226  0.1678  0.0410  0.0929  1
203:   0.1970  0.2160  0.3010  0.0380  0.2480  1
204:   0.2030  0.2440  0.2910  0.0300  0.2320  1
205:   0.0290  0.0240  0.0270  0.8901  0.0300  1

  1:   0.2472  0.1902  0.2102  0.0981  0.2543  1
  2:   0.2232  0.1972  0.2272  0.0741  0.2783  1
  3:   0.2128  0.2018  0.1828  0.0589  0.3437  1
  4:   0.2412  0.2683  0.1662  0.1471  0.1772  1
  5:   0.1830  0.1850  0.2260  0.1670  0.2390  1
  6:   0.0640  0.0990  0.1900  0.5580  0.0890  1
  7:   0.2470  0.2210  0.2270  0.1120  0.1930  1
  8:   0.2342  0.2703  0.1672  0.1552  0.1732  1
  9:   0.2408  0.3037  0.1808  0.1838  0.0909  1
 10:   0.1560  0.1750  0.1550  0.1280  0.3860  1
 11:   0.1750  0.1910  0.1800  0.1260  0.3280  1
 12:   0.2560  0.2110  0.2910  0.1230  0.1190  1
 13:   0.2630  0.2600  0.2290  0.0830  0.1650  1
 14:   0.2520  0.2320  0.1870  0.1190  0.2100  1
 15:   0.2677  0.2258  0.2318  0.0569  0.2178  1
 16:   0.1030  0.1310  0.1830  0.3710  0.2120  1
 17:   0.2398  0.2657  0.1768  0.1588  0.1588  1
 18:   0.2318  0.2717  0.1768  0.1309  0.1888  1
 19:   0.2050  0.1960  0.1640  0.1410  0.2940  1
 20:   0.2717  0.2677  0.1988  0.1219  0.1399  1
 21:   0.2813  0.2162  0.2543  0.1101  0.1381  1
 22:   0.0440  0.0790  0.2070  0.5620  0.1080  1
 23:   0.0649  0.1039  0.1918  0.5365  0.1029  1
 24:   0.1642  0.1552  0.2012  0.2873  0.1922  1
 25:   0.1760  0.1620  0.1630  0.0960  0.4030  1
 26:   0.1842  0.1712  0.2322  0.2202  0.1922  1
 27:   0.0729  0.0939  0.1808  0.5415  0.1109  1
 28:   0.1850  0.1950  0.2130  0.1400  0.2670  1
 29:   0.0520  0.0740  0.1900  0.5880  0.0960  1
 30:   0.0959  0.0989  0.1798  0.4885  0.1369  1
 31:   0.0340  0.0670  0.2070  0.6190  0.0730  1
 32:   0.1139  0.0929  0.1808  0.5465  0.0659  1
 33:   0.2000  0.1690  0.2310  0.1360  0.2640  1
 34:   0.0600  0.0750  0.1950  0.5840  0.0860  1
 35:   0.1290  0.1490  0.1670  0.2190  0.3360  1
 36:   0.1259  0.0889  0.1928  0.4905  0.1019  1
 37:   0.0480  0.0811  0.1982  0.5495  0.1231  1
 38:   0.0921  0.1111  0.1982  0.4154  0.1832  1
 39:   0.0681  0.0831  0.1822  0.4274  0.2392  1
 40:   0.1688  0.1658  0.2218  0.1089  0.3347  1
 41:   0.0999  0.0899  0.1908  0.5035  0.1159  1
 42:   0.1520  0.1130  0.2040  0.3370  0.1940  1
 43:   0.0810  0.0750  0.1940  0.5700  0.0800  1
 44:   0.1230  0.1250  0.2050  0.3540  0.1930  1
 45:   0.0640  0.0840  0.1980  0.5570  0.0970  1
 46:   0.0501  0.0881  0.1942  0.5726  0.0951  1
 47:   0.1090  0.1130  0.1840  0.3910  0.2030  1
 48:   0.0540  0.0820  0.2020  0.5750  0.0870  1
 49:   0.0740  0.0850  0.1940  0.5340  0.1130  1
 50:   0.1370  0.1660  0.1610  0.1900  0.3460  1
 51:   0.0821  0.0921  0.1982  0.4785  0.1491  1
 52:   0.0771  0.1001  0.1952  0.4394  0.1882  1
 53:   0.0960  0.1070  0.1920  0.4130  0.1920  1
 54:   0.0530  0.0800  0.2050  0.5580  0.1040  1
 55:   0.2640  0.2600  0.1930  0.1680  0.1150  1
 56:   0.2000  0.1690  0.2070  0.1390  0.2850  1
 57:   0.2140  0.2420  0.1740  0.1330  0.2370  1
 58:   0.2627  0.2398  0.1558  0.1089  0.2328  1
 59:   0.1330  0.1490  0.1720  0.0930  0.4530  1
 60:   0.2577  0.2967  0.1748  0.1718  0.0989  1
 61:   0.2398  0.2837  0.1888  0.1948  0.0929  1
 62:   0.2160  0.1790  0.2250  0.0700  0.3100  1
 63:   0.1788  0.1778  0.1788  0.0709  0.3936  1
 64:   0.2650  0.2210  0.2010  0.1270  0.1860  1
 65:   0.2080  0.1950  0.1870  0.0810  0.3290  1
 66:   0.2480  0.2470  0.1860  0.1450  0.1740  1
 67:   0.2420  0.2240  0.1720  0.0940  0.2680  1
 68:   0.2240  0.1980  0.2430  0.0730  0.2620  1
 69:   0.2870  0.2760  0.2030  0.1220  0.1120  1
 70:   0.2847  0.2847  0.1798  0.1469  0.1039  1
 71:   0.2432  0.2022  0.2412  0.1131  0.2002  1
 72:   0.2510  0.2940  0.1880  0.2020  0.0650  1
 73:   0.0840  0.1000  0.1960  0.5080  0.1120  1
 74:   0.2620  0.1870  0.2840  0.0710  0.1960  1
 75:   0.2587  0.3017  0.1778  0.1998  0.0619  1
 76:   0.1370  0.1280  0.1940  0.2700  0.2710  1
 77:   0.2690  0.2100  0.2630  0.0750  0.1830  1
 78:   0.2680  0.2440  0.1900  0.1190  0.1790  1
 79:   0.2340  0.2560  0.1720  0.1820  0.1560  1
 80:   0.1009  0.1189  0.1818  0.5125  0.0859  1
 81:   0.2142  0.2402  0.1902  0.1672  0.1882  1
 82:   0.1992  0.1912  0.1802  0.1772  0.2523  1
 83:   0.3047  0.2537  0.2198  0.1279  0.0939  1
 84:   0.2398  0.2827  0.1858  0.2068  0.0849  1
 85:   0.2138  0.2408  0.1848  0.1069  0.2537  1
 86:   0.1230  0.1260  0.1810  0.2030  0.3670  1
 87:   0.2260  0.2480  0.1680  0.0820  0.2760  1
 88:   0.2252  0.2192  0.2092  0.1101  0.2362  1
 89:   0.2520  0.2500  0.2000  0.0950  0.2030  1
 90:   0.2288  0.2637  0.2108  0.0799  0.2168  1
 91:   0.1760  0.2090  0.1860  0.1290  0.3000  1
 92:   0.3190  0.2480  0.2600  0.0830  0.0900  1
 93:   0.1100  0.1150  0.1800  0.4950  0.1000  1
 94:   0.2180  0.2100  0.1660  0.0890  0.3170  1
 95:   0.1828  0.2028  0.2098  0.1459  0.2587  1
 96:   0.2850  0.2230  0.2750  0.1260  0.0910  1
 97:   0.1160  0.1210  0.1880  0.4450  0.1300  1
 98:   0.2082  0.2102  0.1862  0.1171  0.2783  1
 99:   0.3313  0.2322  0.2963  0.0641  0.0761  1
100:   0.2255  0.2136  0.1647  0.0938  0.3024  1
101:   0.2478  0.2737  0.1828  0.1868  0.1089  1
102:   0.2240  0.2370  0.1700  0.1140  0.2550  1
103:   0.2192  0.2152  0.1712  0.1311  0.2633  1
104:   0.3250  0.2540  0.2190  0.1340  0.0680  1
105:   0.1480  0.1580  0.1830  0.2860  0.2250  1
106:   0.1928  0.1598  0.1858  0.1059  0.3556  1
107:   0.1470  0.1610  0.1770  0.2730  0.2420  1
108:   0.2498  0.2068  0.2048  0.0859  0.2527  1
109:   0.2617  0.2058  0.2557  0.1279  0.1489  1
110:   0.0631  0.0911  0.1932  0.5365  0.1161  1
111:   0.2388  0.2687  0.1748  0.1548  0.1628  1
112:   0.2530  0.2630  0.1840  0.1350  0.1650  1
113:   0.2897  0.2248  0.2388  0.1089  0.1379  1
114:   0.2480  0.2900  0.1680  0.1150  0.1790  1
115:   0.0550  0.0880  0.1990  0.5230  0.1350  1
116:   0.2523  0.2573  0.2052  0.1481  0.1371  1
117:   0.3287  0.2278  0.2987  0.0729  0.0719  1
118:   0.2200  0.2380  0.1960  0.1280  0.2180  1
119:   0.0930  0.1020  0.1820  0.5160  0.1070  1
120:   0.2670  0.2490  0.1970  0.1670  0.1200  1
121:   0.2793  0.2402  0.1942  0.1381  0.1481  1
122:   0.0890  0.0950  0.1940  0.5230  0.0990  1
123:   0.2190  0.2140  0.1610  0.0820  0.3240  1
124:   0.1530  0.1700  0.2020  0.1800  0.2950  1
125:   0.1610  0.1790  0.1550  0.0720  0.4330  1
126:   0.2767  0.2308  0.2148  0.1299  0.1479  1
127:   0.2420  0.2640  0.1730  0.1100  0.2110  1
128:   0.2438  0.2727  0.1808  0.1489  0.1538  1
129:   0.3130  0.2480  0.2300  0.0890  0.1200  1
130:   0.1962  0.2172  0.1772  0.1091  0.3003  1
131:   0.1119  0.1019  0.1818  0.4805  0.1239  1
132:   0.3030  0.2270  0.2710  0.0790  0.1200  1
133:   0.1120  0.1410  0.2000  0.3070  0.2400  1
134:   0.2770  0.2310  0.2220  0.1400  0.1300  1
135:   0.2170  0.2160  0.1700  0.0860  0.3110  1
136:   0.2462  0.2773  0.1972  0.1892  0.0901  1
137:   0.2820  0.2300  0.2320  0.1230  0.1330  1
138:   0.1672  0.1992  0.1682  0.2172  0.2482  1
139:   0.0919  0.1259  0.1768  0.3936  0.2118  1
140:   0.2760  0.2610  0.1850  0.1260  0.1520  1
141:   0.1640  0.1660  0.1920  0.2550  0.2230  1
142:   0.1091  0.1361  0.1752  0.4224  0.1572  1
143:   0.2520  0.3060  0.1500  0.1470  0.1450  1
144:   0.1542  0.1862  0.1772  0.4014  0.0811  1
145:   0.2880  0.2390  0.2050  0.0790  0.1890  1
146:   0.3333  0.2342  0.2312  0.0851  0.1161  1
147:   0.2350  0.2360  0.1790  0.0920  0.2580  1
148:   0.2540  0.2400  0.2240  0.1010  0.1810  1
149:   0.2170  0.2170  0.2050  0.0980  0.2630  1
150:   0.1890  0.1670  0.1580  0.0630  0.4230  1
151:   0.2730  0.2810  0.1920  0.1630  0.0910  1
152:   0.2557  0.2248  0.1998  0.1039  0.2158  1
153:   0.2430  0.2060  0.2130  0.0900  0.2480  1
154:   0.2680  0.2740  0.2120  0.1610  0.0850  1
155:   0.2570  0.2770  0.1840  0.1630  0.1190  1
156:   0.2930  0.2450  0.2000  0.1170  0.1450  1
157:   0.2670  0.2300  0.2520  0.1100  0.1410  1
158:   0.2112  0.2342  0.1912  0.1141  0.2492  1
159:   0.1830  0.1990  0.1850  0.1630  0.2700  1
160:   0.2510  0.2590  0.1730  0.1630  0.1540  1
161:   0.1678  0.1768  0.1818  0.1199  0.3536  1
162:   0.2380  0.2840  0.1840  0.1830  0.1110  1
163:   0.1970  0.2000  0.1740  0.1040  0.3250  1
164:   0.2160  0.2490  0.1800  0.1760  0.1790  1
165:   0.1522  0.1481  0.2042  0.3233  0.1722  1
166:   0.2020  0.1750  0.2330  0.0860  0.3040  1
167:   0.2412  0.2272  0.1932  0.1021  0.2362  1
168:   0.2190  0.2220  0.1660  0.1000  0.2930  1
169:   0.1990  0.2190  0.1780  0.1190  0.2850  1
170:   0.1050  0.1300  0.1810  0.4580  0.1260  1
171:   0.2320  0.2060  0.2170  0.1930  0.1520  1
172:   0.2168  0.2647  0.1768  0.1359  0.2058  1
173:   0.2330  0.2460  0.2070  0.1250  0.1890  1
174:   0.2192  0.2452  0.2002  0.1271  0.2082  1
175:   0.2090  0.2040  0.2110  0.1060  0.2700  1
176:   0.2450  0.2540  0.2380  0.0820  0.1810  1
177:   0.1980  0.2210  0.1600  0.1250  0.2960  1
178:   0.2472  0.2783  0.1732  0.1291  0.1722  1
179:   0.1962  0.1862  0.1972  0.0681  0.3524  1
180:   0.1950  0.1900  0.1940  0.1360  0.2850  1
181:   0.2342  0.2222  0.1872  0.0661  0.2903  1
182:   0.2342  0.2643  0.1862  0.0721  0.2432  1
183:   0.2803  0.2202  0.2773  0.0771  0.1451  1
184:   0.2500  0.2320  0.2680  0.1050  0.1450  1
185:   0.2400  0.2210  0.2400  0.1090  0.1900  1
186:   0.2527  0.2827  0.1838  0.1998  0.0809  1
187:   0.2002  0.2232  0.2032  0.1481  0.2252  1
188:   0.2490  0.2360  0.1850  0.0780  0.2520  1
189:   0.2440  0.2590  0.1680  0.0790  0.2500  1
190:   0.2442  0.2883  0.1842  0.2062  0.0771  1
191:   0.2720  0.2090  0.2250  0.0830  0.2110  1
192:   0.2418  0.2717  0.1718  0.0999  0.2148  1
193:   0.2580  0.2990  0.1740  0.1750  0.0940  1
194:   0.2840  0.2700  0.1960  0.1900  0.0600  1
195:   0.1249  0.1189  0.1898  0.2967  0.2697  1
196:   0.1798  0.2118  0.1628  0.1169  0.3287  1
197:   0.2080  0.2530  0.1650  0.1390  0.2350  1
198:   0.2703  0.2272  0.2673  0.0851  0.1502  1
199:   0.2790  0.2440  0.2130  0.1230  0.1410  1
200:   0.1750  0.1640  0.2110  0.0900  0.3600  1
201:   0.3410  0.2520  0.2170  0.1330  0.0570  1
