  1:   0.0460  0.3473  0.4294  0.1772  1
  2:   0.0510  0.3760  0.4030  0.1700  1
  3:   0.0240  0.3720  0.4840  0.1200  1
  4:   0.0979  0.2607  0.1858  0.4555  1
  5:   0.3100  0.2800  0.3250  0.0850  1
  6:   0.8529  0.0480  0.0480  0.0511  1
  7:   0.0690  0.3400  0.3320  0.2590  1
  8:   0.1230  0.2270  0.1630  0.4870  1
  9:   0.0320  0.1870  0.0630  0.7180  1
 10:   0.1760  0.2890  0.3760  0.1590  1
 11:   0.2158  0.3027  0.4106  0.0709  1
 12:   0.0631  0.3744  0.3483  0.2142  1
 13:   0.0310  0.3610  0.3340  0.2740  1
 14:   0.0490  0.2730  0.2700  0.4080  1
 15:   0.0270  0.4046  0.4466  0.1219  1
 16:   0.6456  0.1201  0.1461  0.0881  1
 17:   0.0571  0.2222  0.1371  0.5836  1
 18:   0.0400  0.2342  0.1491  0.5766  1
 19:   0.2630  0.2730  0.3460  0.1180  1
 20:   0.0370  0.2890  0.2150  0.4590  1
 21:   0.0981  0.3834  0.3714  0.1471  1
 22:   0.9030  0.0370  0.0380  0.0220  1
 23:   0.8520  0.0690  0.0610  0.0180  1
 24:   0.4350  0.1990  0.2150  0.1510  1
 25:   0.1810  0.2960  0.4520  0.0710  1
 26:   0.2530  0.2660  0.2850  0.1960  1
 27:   0.8760  0.0480  0.0510  0.0250  1
 28:   0.1880  0.3320  0.3610  0.1190  1
 29:   0.8899  0.0350  0.0400  0.0350  1
 30:   0.7520  0.0740  0.0910  0.0830  1
 31:   0.9350  0.0190  0.0230  0.0230  1
 32:   0.8000  0.0510  0.0550  0.0940  1
 33:   0.2062  0.3023  0.3514  0.1401  1
 34:   0.8960  0.0360  0.0380  0.0300  1
 35:   0.5430  0.1690  0.2300  0.0580  1
 36:   0.7748  0.0781  0.0931  0.0541  1
 37:   0.8890  0.0440  0.0500  0.0170  1
 38:   0.7013  0.1049  0.1439  0.0500  1
 39:   0.7780  0.0750  0.1160  0.0310  1
 40:   0.1450  0.3240  0.4150  0.1160  1
 41:   0.8020  0.0640  0.0730  0.0610  1
 42:   0.6340  0.1400  0.1660  0.0600  1
 43:   0.8600  0.0460  0.0490  0.0450  1
 44:   0.6166  0.1572  0.1802  0.0460  1
 45:   0.8530  0.0500  0.0630  0.0340  1
 46:   0.8820  0.0430  0.0400  0.0350  1
 47:   0.6610  0.1280  0.1550  0.0560  1
 48:   0.8551  0.0470  0.0480  0.0500  1
 49:   0.8488  0.0511  0.0601  0.0400  1
 50:   0.4645  0.1922  0.2472  0.0961  1
 51:   0.8358  0.0641  0.0701  0.0300  1
 52:   0.7140  0.1040  0.1500  0.0320  1
 53:   0.7027  0.0921  0.1221  0.0831  1
 54:   0.8911  0.0410  0.0430  0.0250  1
 55:   0.0780  0.2470  0.1670  0.5080  1
 56:   0.1770  0.3010  0.3680  0.1540  1
 57:   0.0740  0.2670  0.2830  0.3760  1
 58:   0.0650  0.3160  0.3070  0.3120  1
 59:   0.1770  0.2950  0.4390  0.0890  1
 60:   0.0360  0.1900  0.0890  0.6850  1
 61:   0.0340  0.2232  0.1011  0.6416  1
 62:   0.0520  0.3580  0.4650  0.1250  1
 63:   0.0600  0.3500  0.4770  0.1130  1
 64:   0.0819  0.2787  0.2697  0.3696  1
 65:   0.0959  0.3566  0.4096  0.1379  1
 66:   0.1220  0.2620  0.2450  0.3710  1
 67:   0.0350  0.3510  0.3750  0.2390  1
 68:   0.0440  0.3870  0.4440  0.1250  1
 69:   0.0260  0.2897  0.2138  0.4705  1
 70:   0.0340  0.2400  0.1280  0.5980  1
 71:   0.0861  0.3564  0.3473  0.2102  1
 72:   0.0310  0.1770  0.0600  0.7320  1
 73:   0.8122  0.0629  0.0619  0.0629  1
 74:   0.0370  0.4170  0.4240  0.1220  1
 75:   0.0210  0.1738  0.0460  0.7592  1
 76:   0.5460  0.1750  0.2380  0.0410  1
 77:   0.0320  0.4060  0.4000  0.1620  1
 78:   0.0540  0.2430  0.1940  0.5090  1
 79:   0.1081  0.1882  0.1101  0.5936  1
 80:   0.7370  0.0650  0.0630  0.1350  1
 81:   0.1411  0.2543  0.2142  0.3904  1
 82:   0.2208  0.2378  0.2567  0.2847  1
 83:   0.0320  0.2767  0.2008  0.4905  1
 84:   0.0750  0.1770  0.0730  0.6750  1
 85:   0.1001  0.3674  0.3714  0.1612  1
 86:   0.4790  0.1860  0.2850  0.0500  1
 87:   0.0350  0.2880  0.3070  0.3700  1
 88:   0.0310  0.3440  0.2870  0.3380  1
 89:   0.0590  0.3220  0.2960  0.3230  1
 90:   0.0440  0.3646  0.3636  0.2278  1
 91:   0.1792  0.2873  0.3594  0.1742  1
 92:   0.0320  0.3904  0.3463  0.2312  1
 93:   0.7290  0.0750  0.0760  0.1200  1
 94:   0.0799  0.2667  0.3197  0.3337  1
 95:   0.2028  0.3147  0.3367  0.1459  1
 96:   0.0430  0.3820  0.3160  0.2590  1
 97:   0.7000  0.0860  0.0920  0.1220  1
 98:   0.0970  0.3240  0.3210  0.2580  1
 99:   0.0170  0.4250  0.3950  0.1630  1
100:   0.0870  0.3150  0.3530  0.2450  1
101:   0.0590  0.1980  0.1000  0.6430  1
102:   0.0520  0.2730  0.2610  0.4140  1
103:   0.1190  0.3280  0.3380  0.2150  1
104:   0.0260  0.2923  0.1982  0.4835  1
105:   0.5190  0.1530  0.2160  0.1120  1
106:   0.1750  0.3040  0.4340  0.0870  1
107:   0.4685  0.1479  0.1668  0.2168  1
108:   0.0370  0.3924  0.4124  0.1582  1
109:   0.1390  0.3630  0.3470  0.1510  1
110:   0.8531  0.0519  0.0529  0.0420  1
111:   0.0581  0.2663  0.1732  0.5025  1
112:   0.0509  0.2498  0.1878  0.5115  1
113:   0.0420  0.3327  0.3027  0.3227  1
114:   0.0370  0.2090  0.1420  0.6120  1
115:   0.8398  0.0591  0.0671  0.0340  1
116:   0.0610  0.2260  0.1840  0.5290  1
117:   0.0160  0.4200  0.3930  0.1710  1
118:   0.0400  0.2683  0.2002  0.4915  1
119:   0.7660  0.0680  0.0720  0.0940  1
120:   0.0801  0.2693  0.2232  0.4274  1
121:   0.0370  0.2533  0.2262  0.4835  1
122:   0.8070  0.0630  0.0690  0.0610  1
123:   0.0950  0.3470  0.4110  0.1470  1
124:   0.2388  0.2917  0.3367  0.1329  1
125:   0.0800  0.3410  0.4670  0.1120  1
126:   0.0460  0.2997  0.2308  0.4236  1
127:   0.0670  0.2800  0.2470  0.4060  1
128:   0.0410  0.2140  0.1220  0.6230  1
129:   0.0260  0.3900  0.3380  0.2460  1
130:   0.0960  0.2590  0.3300  0.3150  1
131:   0.7590  0.0800  0.0900  0.0710  1
132:   0.0270  0.4000  0.3780  0.1950  1
133:   0.6260  0.1410  0.1800  0.0530  1
134:   0.0400  0.3030  0.2260  0.4310  1
135:   0.0400  0.3600  0.3830  0.2170  1
136:   0.0410  0.2100  0.1100  0.6390  1
137:   0.0610  0.3040  0.2850  0.3500  1
138:   0.4056  0.2368  0.2987  0.0589  1
139:   0.6650  0.0890  0.1070  0.1390  1
140:   0.0380  0.2360  0.1720  0.5540  1
141:   0.4170  0.2150  0.2610  0.1070  1
142:   0.6310  0.1010  0.1120  0.1560  1
143:   0.0410  0.2080  0.1220  0.6290  1
144:   0.5160  0.0900  0.0590  0.3350  1
145:   0.0410  0.3720  0.3860  0.2010  1
146:   0.0250  0.3880  0.3840  0.2030  1
147:   0.1219  0.3297  0.3556  0.1928  1
148:   0.0580  0.3490  0.3320  0.2610  1
149:   0.0500  0.3110  0.3260  0.3130  1
150:   0.0390  0.3514  0.4575  0.1522  1
151:   0.0320  0.1960  0.0990  0.6730  1
152:   0.0310  0.3470  0.3310  0.2910  1
153:   0.0530  0.3530  0.3570  0.2370  1
154:   0.0500  0.2268  0.1379  0.5854  1
155:   0.0390  0.2122  0.1181  0.6306  1
156:   0.0581  0.3033  0.2462  0.3924  1
157:   0.0470  0.3373  0.2903  0.3253  1
158:   0.0700  0.2630  0.2770  0.3900  1
159:   0.2278  0.2857  0.2907  0.1958  1
160:   0.0660  0.2470  0.1860  0.5010  1
161:   0.1720  0.3080  0.3800  0.1400  1
162:   0.0340  0.2050  0.1010  0.6600  1
163:   0.0440  0.3110  0.3510  0.2940  1
164:   0.1040  0.1870  0.1370  0.5720  1
165:   0.4520  0.1770  0.1930  0.1780  1
166:   0.0720  0.3470  0.4480  0.1330  1
167:   0.0770  0.3390  0.3250  0.2590  1
168:   0.0340  0.2600  0.2940  0.4120  1
169:   0.1560  0.3150  0.3860  0.1430  1
170:   0.7280  0.0730  0.0810  0.1180  1
171:   0.1612  0.2553  0.2432  0.3403  1
172:   0.0541  0.2102  0.1552  0.5806  1
173:   0.0800  0.3220  0.3380  0.2600  1
174:   0.0990  0.3080  0.2810  0.3120  1
175:   0.0410  0.3480  0.3440  0.2670  1
176:   0.0240  0.3890  0.3740  0.2130  1
177:   0.1081  0.3123  0.3323  0.2472  1
178:   0.0440  0.2517  0.1568  0.5475  1
179:   0.0380  0.3810  0.4730  0.1080  1
180:   0.1832  0.3133  0.3644  0.1391  1
181:   0.0440  0.3824  0.4535  0.1201  1
182:   0.0360  0.3510  0.3760  0.2370  1
183:   0.0390  0.4070  0.4090  0.1450  1
184:   0.0330  0.3696  0.3007  0.2967  1
185:   0.0270  0.3980  0.3450  0.2300  1
186:   0.0340  0.1970  0.0880  0.6810  1
187:   0.0960  0.2900  0.2740  0.3400  1
188:   0.0810  0.3800  0.4040  0.1350  1
189:   0.0470  0.3433  0.3443  0.2653  1
190:   0.0530  0.1710  0.0590  0.7170  1
191:   0.0740  0.3770  0.4060  0.1430  1
192:   0.0500  0.3130  0.2570  0.3800  1
193:   0.0350  0.1910  0.0850  0.6890  1
194:   0.0450  0.2178  0.1149  0.6224  1
195:   0.6376  0.1421  0.1842  0.0360  1
196:   0.0739  0.2438  0.2947  0.3876  1
197:   0.1239  0.2448  0.2038  0.4276  1
198:   0.0589  0.4136  0.3776  0.1499  1
199:   0.0310  0.3180  0.2780  0.3730  1
200:   0.0690  0.3700  0.4230  0.1380  1
201:   0.0230  0.3090  0.2210  0.4470  1
202:   0.0490  0.2627  0.1998  0.4885  1
203:   0.0420  0.4290  0.3840  0.1450  1
204:   0.0270  0.4290  0.3890  0.1550  1
205:   0.9260  0.0270  0.0250  0.0220  1

  1:   0.0430  0.3656  0.3257  0.2657  1
  2:   0.0420  0.3380  0.2900  0.3300  1
  3:   0.0250  0.3690  0.3240  0.2820  1
  4:   0.0990  0.2680  0.2760  0.3570  1
  5:   0.3173  0.2753  0.2042  0.2032  1
  6:   0.8438  0.0511  0.0521  0.0531  1
  7:   0.0670  0.3140  0.3330  0.2860  1
  8:   0.1240  0.2380  0.2770  0.3610  1
  9:   0.0370  0.2080  0.3520  0.4030  1
 10:   0.1522  0.3043  0.2923  0.2513  1
 11:   0.2162  0.2933  0.2613  0.2292  1
 12:   0.0660  0.3430  0.3110  0.2800  1
 13:   0.0320  0.3560  0.2940  0.3180  1
 14:   0.0510  0.2890  0.3090  0.3510  1
 15:   0.0270  0.3974  0.2993  0.2763  1
 16:   0.6370  0.1270  0.1240  0.1120  1
 17:   0.0581  0.2402  0.3353  0.3664  1
 18:   0.0410  0.2428  0.3337  0.3826  1
 19:   0.2472  0.2733  0.2412  0.2382  1
 20:   0.0380  0.2950  0.3280  0.3390  1
 21:   0.1041  0.3624  0.2853  0.2482  1
 22:   0.8981  0.0350  0.0330  0.0340  1
 23:   0.8540  0.0580  0.0410  0.0470  1
 24:   0.4394  0.2002  0.1812  0.1792  1
 25:   0.1618  0.3217  0.2787  0.2378  1
 26:   0.2767  0.2647  0.2358  0.2228  1
 27:   0.8531  0.0549  0.0410  0.0509  1
 28:   0.1982  0.2993  0.2733  0.2292  1
 29:   0.8769  0.0370  0.0420  0.0440  1
 30:   0.7177  0.0941  0.0951  0.0931  1
 31:   0.9340  0.0200  0.0230  0.0230  1
 32:   0.7980  0.0640  0.0730  0.0650  1
 33:   0.1888  0.2887  0.2507  0.2717  1
 34:   0.8890  0.0400  0.0370  0.0340  1
 35:   0.4810  0.1850  0.1740  0.1600  1
 36:   0.7780  0.0830  0.0750  0.0640  1
 37:   0.8740  0.0470  0.0390  0.0400  1
 38:   0.6967  0.1041  0.0981  0.1011  1
 39:   0.7480  0.0900  0.0950  0.0670  1
 40:   0.1260  0.2960  0.2840  0.2940  1
 41:   0.7910  0.0690  0.0730  0.0670  1
 42:   0.6320  0.1440  0.1180  0.1060  1
 43:   0.8510  0.0540  0.0500  0.0450  1
 44:   0.6400  0.1400  0.1130  0.1070  1
 45:   0.8510  0.0530  0.0450  0.0510  1
 46:   0.8820  0.0370  0.0370  0.0440  1
 47:   0.6320  0.1310  0.1300  0.1070  1
 48:   0.8640  0.0450  0.0460  0.0450  1
 49:   0.8410  0.0510  0.0570  0.0510  1
 50:   0.4260  0.1940  0.2060  0.1740  1
 51:   0.8160  0.0670  0.0630  0.0540  1
 52:   0.7190  0.1030  0.0990  0.0790  1
 53:   0.6670  0.1090  0.1180  0.1060  1
 54:   0.8831  0.0410  0.0380  0.0380  1
 55:   0.0779  0.2617  0.3127  0.3477  1
 56:   0.1650  0.3050  0.2710  0.2590  1
 57:   0.0790  0.2900  0.2860  0.3450  1
 58:   0.0710  0.2950  0.2770  0.3570  1
 59:   0.1560  0.2960  0.3050  0.2430  1
 60:   0.0380  0.2252  0.3393  0.3974  1
 61:   0.0320  0.2390  0.3420  0.3870  1
 62:   0.0490  0.3530  0.3140  0.2840  1
 63:   0.0561  0.3413  0.3333  0.2693  1
 64:   0.0760  0.2880  0.3230  0.3130  1
 65:   0.0890  0.3420  0.2700  0.2990  1
 66:   0.1220  0.2790  0.3010  0.2980  1
 67:   0.0360  0.3277  0.3037  0.3327  1
 68:   0.0410  0.3630  0.3050  0.2910  1
 69:   0.0300  0.2940  0.3220  0.3540  1
 70:   0.0350  0.2492  0.3453  0.3704  1
 71:   0.0919  0.3347  0.2967  0.2767  1
 72:   0.0320  0.2128  0.3576  0.3976  1
 73:   0.8022  0.0649  0.0679  0.0649  1
 74:   0.0360  0.3710  0.2970  0.2960  1
 75:   0.0220  0.2090  0.3630  0.4060  1
 76:   0.5460  0.1720  0.1360  0.1460  1
 77:   0.0320  0.3726  0.3017  0.2937  1
 78:   0.0590  0.2610  0.3410  0.3390  1
 79:   0.1001  0.2132  0.3213  0.3654  1
 80:   0.7420  0.0790  0.0870  0.0920  1
 81:   0.1512  0.2422  0.3073  0.2993  1
 82:   0.2310  0.2370  0.2940  0.2380  1
 83:   0.0320  0.2840  0.3670  0.3170  1
 84:   0.0761  0.2092  0.3413  0.3734  1
 85:   0.1099  0.3506  0.2867  0.2527  1
 86:   0.4380  0.2070  0.2070  0.1480  1
 87:   0.0350  0.2890  0.3300  0.3460  1
 88:   0.0290  0.3200  0.3470  0.3040  1
 89:   0.0561  0.3193  0.2943  0.3303  1
 90:   0.0510  0.3650  0.2950  0.2890  1
 91:   0.1648  0.2927  0.2617  0.2807  1
 92:   0.0360  0.3790  0.2920  0.2930  1
 93:   0.7220  0.0900  0.1000  0.0880  1
 94:   0.0760  0.2940  0.3050  0.3250  1
 95:   0.2150  0.2890  0.2370  0.2590  1
 96:   0.0430  0.3780  0.2920  0.2870  1
 97:   0.7017  0.0881  0.1081  0.1021  1
 98:   0.0950  0.3100  0.3080  0.2870  1
 99:   0.0200  0.4100  0.2810  0.2890  1
100:   0.0820  0.3090  0.2950  0.3140  1
101:   0.0620  0.2230  0.3420  0.3730  1
102:   0.0519  0.2767  0.3207  0.3506  1
103:   0.1169  0.3147  0.2757  0.2927  1
104:   0.0270  0.2860  0.3670  0.3200  1
105:   0.5010  0.1720  0.1750  0.1520  1
106:   0.1748  0.3197  0.2757  0.2298  1
107:   0.4310  0.1640  0.2230  0.1820  1
108:   0.0390  0.3620  0.3150  0.2840  1
109:   0.1470  0.3380  0.2630  0.2520  1
110:   0.8452  0.0509  0.0509  0.0529  1
111:   0.0590  0.2640  0.3150  0.3620  1
112:   0.0550  0.2760  0.2910  0.3780  1
113:   0.0430  0.3403  0.3073  0.3093  1
114:   0.0370  0.2358  0.3347  0.3926  1
115:   0.8320  0.0570  0.0580  0.0530  1
116:   0.0590  0.2660  0.3120  0.3630  1
117:   0.0180  0.4120  0.2890  0.2810  1
118:   0.0400  0.2710  0.3230  0.3660  1
119:   0.7520  0.0750  0.0900  0.0830  1
120:   0.0850  0.2860  0.2910  0.3380  1
121:   0.0370  0.2630  0.3670  0.3330  1
122:   0.8100  0.0630  0.0630  0.0640  1
123:   0.0920  0.3430  0.3090  0.2560  1
124:   0.2590  0.2640  0.2550  0.2220  1
125:   0.0760  0.3540  0.3170  0.2530  1
126:   0.0470  0.3013  0.3053  0.3463  1
127:   0.0739  0.2657  0.3297  0.3307  1
128:   0.0430  0.2342  0.3213  0.4014  1
129:   0.0270  0.3764  0.2943  0.3023  1
130:   0.0880  0.2730  0.3450  0.2940  1
131:   0.7592  0.0859  0.0829  0.0719  1
132:   0.0290  0.3770  0.2950  0.2990  1
133:   0.5920  0.1510  0.1320  0.1250  1
134:   0.0430  0.2867  0.3576  0.3127  1
135:   0.0390  0.3380  0.3260  0.2970  1
136:   0.0460  0.2322  0.3403  0.3814  1
137:   0.0670  0.3250  0.3120  0.2960  1
138:   0.4310  0.2360  0.1820  0.1510  1
139:   0.6580  0.0980  0.1340  0.1100  1
140:   0.0400  0.2710  0.3370  0.3520  1
141:   0.4050  0.2230  0.1880  0.1840  1
142:   0.6414  0.1049  0.1319  0.1219  1
143:   0.0430  0.2240  0.3430  0.3900  1
144:   0.5160  0.1060  0.1950  0.1830  1
145:   0.0490  0.3600  0.3010  0.2900  1
146:   0.0280  0.3896  0.2947  0.2877  1
147:   0.1160  0.3360  0.2470  0.3010  1
148:   0.0620  0.3490  0.2830  0.3060  1
149:   0.0490  0.3157  0.2957  0.3397  1
150:   0.0390  0.3300  0.3690  0.2620  1
151:   0.0340  0.2260  0.3670  0.3730  1
152:   0.0350  0.3190  0.3540  0.2920  1
153:   0.0529  0.3277  0.3077  0.3117  1
154:   0.0509  0.2537  0.3447  0.3506  1
155:   0.0390  0.2300  0.3470  0.3840  1
156:   0.0519  0.2977  0.3317  0.3187  1
157:   0.0450  0.3340  0.3190  0.3020  1
158:   0.0661  0.2883  0.3303  0.3153  1
159:   0.2072  0.2853  0.2252  0.2823  1
160:   0.0710  0.2670  0.2950  0.3670  1
161:   0.1512  0.2993  0.2753  0.2743  1
162:   0.0340  0.2390  0.3460  0.3810  1
163:   0.0460  0.3090  0.3420  0.3030  1
164:   0.0940  0.2170  0.3370  0.3520  1
165:   0.4180  0.1930  0.1840  0.2050  1
166:   0.0680  0.3560  0.3030  0.2730  1
167:   0.0779  0.3457  0.2997  0.2767  1
168:   0.0340  0.2927  0.3107  0.3626  1
169:   0.1622  0.3163  0.2603  0.2613  1
170:   0.7173  0.0849  0.0939  0.1039  1
171:   0.1630  0.2730  0.2920  0.2720  1
172:   0.0490  0.2330  0.3510  0.3670  1
173:   0.0790  0.3400  0.3150  0.2660  1
174:   0.0939  0.3097  0.2727  0.3237  1
175:   0.0440  0.3180  0.3240  0.3140  1
176:   0.0280  0.3774  0.3173  0.2773  1
177:   0.1131  0.3113  0.2643  0.3113  1
178:   0.0460  0.2368  0.3487  0.3686  1
179:   0.0360  0.3840  0.3080  0.2720  1
180:   0.1792  0.3093  0.2513  0.2603  1
181:   0.0430  0.3580  0.3300  0.2690  1
182:   0.0400  0.3303  0.3293  0.3003  1
183:   0.0460  0.3906  0.2727  0.2907  1
184:   0.0320  0.3626  0.2877  0.3177  1
185:   0.0280  0.3524  0.3263  0.2933  1
186:   0.0390  0.2330  0.3450  0.3830  1
187:   0.1030  0.2870  0.2940  0.3160  1
188:   0.0820  0.3640  0.2690  0.2850  1
189:   0.0501  0.3163  0.3023  0.3313  1
190:   0.0500  0.2050  0.3440  0.4010  1
191:   0.0760  0.3580  0.2790  0.2870  1
192:   0.0560  0.3000  0.3120  0.3320  1
193:   0.0370  0.2240  0.3310  0.4080  1
194:   0.0430  0.2523  0.3383  0.3664  1
195:   0.6140  0.1380  0.1150  0.1330  1
196:   0.0611  0.2583  0.3744  0.3063  1
197:   0.1290  0.2450  0.3090  0.3170  1
198:   0.0580  0.3930  0.2670  0.2820  1
199:   0.0310  0.3130  0.3240  0.3320  1
200:   0.0691  0.3363  0.3093  0.2853  1
201:   0.0230  0.3087  0.3576  0.3107  1
202:   0.0500  0.2780  0.3200  0.3520  1
203:   0.0420  0.3820  0.3010  0.2750  1
204:   0.0280  0.4046  0.2887  0.2787  1
205:   0.9169  0.0260  0.0270  0.0300  1

  1:   0.0420  0.3470  0.3450  0.2660  1
  2:   0.0490  0.3560  0.4340  0.1610  1
  3:   0.0230  0.4116  0.4496  0.1159  1
  4:   0.1060  0.2110  0.2710  0.4120  1
  5:   0.3207  0.2677  0.2917  0.1199  1
  6:   0.8482  0.0450  0.0559  0.0509  1
  7:   0.0740  0.3700  0.2720  0.2840  1
  8:   0.1350  0.2050  0.2240  0.4360  1
  9:   0.0350  0.1460  0.1370  0.6820  1
 10:   0.1542  0.2382  0.4885  0.1191  1
 11:   0.2250  0.2370  0.4730  0.0650  1
 12:   0.0640  0.4610  0.1800  0.2950  1
 13:   0.0310  0.4220  0.2790  0.2680  1
 14:   0.0521  0.2653  0.3093  0.3734  1
 15:   0.0240  0.4480  0.3540  0.1740  1
 16:   0.6184  0.1009  0.2068  0.0739  1
 17:   0.0589  0.1748  0.2218  0.5445  1
 18:   0.0400  0.1968  0.2158  0.5475  1
 19:   0.2340  0.2830  0.3710  0.1120  1
 20:   0.0370  0.3043  0.2282  0.4304  1
 21:   0.1140  0.4680  0.2390  0.1790  1
 22:   0.9050  0.0270  0.0450  0.0230  1
 23:   0.8570  0.0570  0.0660  0.0200  1
 24:   0.4270  0.2100  0.1930  0.1700  1
 25:   0.1698  0.2517  0.4705  0.1079  1
 26:   0.2757  0.2847  0.2178  0.2218  1
 27:   0.8620  0.0420  0.0700  0.0260  1
 28:   0.2070  0.3180  0.3480  0.1270  1
 29:   0.8709  0.0330  0.0601  0.0360  1
 30:   0.7423  0.0689  0.1089  0.0799  1
 31:   0.9380  0.0170  0.0240  0.0210  1
 32:   0.7870  0.0690  0.0490  0.0950  1
 33:   0.2102  0.3003  0.3433  0.1461  1
 34:   0.8880  0.0330  0.0480  0.0310  1
 35:   0.4935  0.1269  0.3257  0.0539  1
 36:   0.7780  0.0960  0.0670  0.0590  1
 37:   0.8810  0.0350  0.0670  0.0170  1
 38:   0.7277  0.0841  0.1431  0.0450  1
 39:   0.7340  0.0600  0.1740  0.0320  1
 40:   0.1582  0.2703  0.4595  0.1121  1
 41:   0.7880  0.0740  0.0780  0.0600  1
 42:   0.6246  0.1381  0.1612  0.0761  1
 43:   0.8462  0.0549  0.0490  0.0500  1
 44:   0.6264  0.1449  0.1638  0.0649  1
 45:   0.8510  0.0500  0.0640  0.0350  1
 46:   0.8780  0.0340  0.0570  0.0310  1
 47:   0.6470  0.1170  0.1600  0.0760  1
 48:   0.8680  0.0340  0.0540  0.0440  1
 49:   0.8360  0.0530  0.0690  0.0420  1
 50:   0.4290  0.1360  0.3510  0.0840  1
 51:   0.8120  0.0530  0.1020  0.0330  1
 52:   0.7210  0.0780  0.1660  0.0350  1
 53:   0.6847  0.0801  0.1562  0.0791  1
 54:   0.8870  0.0370  0.0470  0.0290  1
 55:   0.0861  0.2272  0.1852  0.5015  1
 56:   0.1688  0.3097  0.3417  0.1798  1
 57:   0.0791  0.2432  0.3514  0.3263  1
 58:   0.0690  0.2640  0.3680  0.2990  1
 59:   0.1860  0.2020  0.5300  0.0820  1
 60:   0.0380  0.1620  0.1620  0.6380  1
 61:   0.0340  0.1810  0.1690  0.6160  1
 62:   0.0440  0.4000  0.3880  0.1680  1
 63:   0.0590  0.3230  0.5000  0.1180  1
 64:   0.0750  0.2920  0.2310  0.4020  1
 65:   0.0940  0.3050  0.4700  0.1310  1
 66:   0.1150  0.2920  0.2380  0.3550  1
 67:   0.0350  0.3080  0.3900  0.2670  1
 68:   0.0440  0.4200  0.3760  0.1600  1
 69:   0.0290  0.3057  0.2068  0.4585  1
 70:   0.0370  0.2280  0.1710  0.5640  1
 71:   0.0910  0.4040  0.2630  0.2420  1
 72:   0.0290  0.1330  0.1330  0.7050  1
 73:   0.8110  0.0580  0.0700  0.0610  1
 74:   0.0370  0.5180  0.2570  0.1880  1
 75:   0.0230  0.1390  0.1240  0.7140  1
 76:   0.5480  0.1670  0.2360  0.0490  1
 77:   0.0320  0.5150  0.2480  0.2050  1
 78:   0.0550  0.2310  0.2140  0.5000  1
 79:   0.1070  0.1640  0.1700  0.5590  1
 80:   0.7330  0.0640  0.0720  0.1310  1
 81:   0.1500  0.2470  0.2290  0.3740  1
 82:   0.2252  0.2312  0.2563  0.2873  1
 83:   0.0320  0.2850  0.1330  0.5500  1
 84:   0.0700  0.1450  0.1360  0.6490  1
 85:   0.1090  0.3450  0.4210  0.1250  1
 86:   0.4340  0.1390  0.3730  0.0540  1
 87:   0.0360  0.2923  0.3333  0.3383  1
 88:   0.0300  0.3293  0.2863  0.3544  1
 89:   0.0590  0.3340  0.3100  0.2970  1
 90:   0.0470  0.4040  0.3390  0.2100  1
 91:   0.1810  0.2440  0.4310  0.1440  1
 92:   0.0340  0.5180  0.1890  0.2590  1
 93:   0.7080  0.0830  0.0850  0.1240  1
 94:   0.0759  0.2557  0.3696  0.2987  1
 95:   0.2380  0.2920  0.3540  0.1160  1
 96:   0.0450  0.4460  0.1400  0.3690  1
 97:   0.7080  0.0790  0.0980  0.1150  1
 98:   0.0929  0.3257  0.3257  0.2557  1
 99:   0.0190  0.5810  0.1720  0.2280  1
100:   0.0861  0.2683  0.4144  0.2312  1
101:   0.0609  0.1618  0.1608  0.6164  1
102:   0.0539  0.2468  0.3077  0.3916  1
103:   0.1190  0.2820  0.3960  0.2030  1
104:   0.0240  0.3013  0.1151  0.5596  1
105:   0.4855  0.1578  0.2478  0.1089  1
106:   0.1670  0.3130  0.4090  0.1110  1
107:   0.4290  0.1380  0.2420  0.1910  1
108:   0.0400  0.4300  0.3240  0.2060  1
109:   0.1340  0.4520  0.1840  0.2300  1
110:   0.8430  0.0430  0.0750  0.0390  1
111:   0.0591  0.2262  0.2192  0.4955  1
112:   0.0539  0.2627  0.2268  0.4565  1
113:   0.0440  0.3760  0.1790  0.4010  1
114:   0.0350  0.1990  0.2300  0.5360  1
115:   0.8352  0.0450  0.0859  0.0340  1
116:   0.0551  0.2152  0.1972  0.5325  1
117:   0.0180  0.5530  0.1650  0.2640  1
118:   0.0360  0.2230  0.2910  0.4500  1
119:   0.7532  0.0659  0.0949  0.0859  1
120:   0.0820  0.2650  0.1740  0.4790  1
121:   0.0360  0.2460  0.1950  0.5230  1
122:   0.7982  0.0659  0.0729  0.0629  1
123:   0.0900  0.3090  0.4670  0.1340  1
124:   0.2590  0.2530  0.3540  0.1340  1
125:   0.0710  0.2430  0.6010  0.0850  1
126:   0.0480  0.2830  0.2170  0.4520  1
127:   0.0740  0.2550  0.2910  0.3800  1
128:   0.0410  0.1888  0.2038  0.5664  1
129:   0.0260  0.4700  0.2190  0.2850  1
130:   0.0930  0.2450  0.3840  0.2780  1
131:   0.7440  0.0840  0.0960  0.0760  1
132:   0.0300  0.5385  0.1878  0.2438  1
133:   0.6000  0.1300  0.2230  0.0470  1
134:   0.0420  0.3037  0.1578  0.4965  1
135:   0.0400  0.3287  0.4236  0.2078  1
136:   0.0470  0.1890  0.1580  0.6060  1
137:   0.0650  0.3770  0.2050  0.3530  1
138:   0.4154  0.1852  0.3433  0.0561  1
139:   0.6440  0.0750  0.1730  0.1080  1
140:   0.0350  0.2422  0.2062  0.5165  1
141:   0.4130  0.2130  0.2520  0.1220  1
142:   0.6276  0.0761  0.1582  0.1381  1
143:   0.0440  0.1898  0.1978  0.5684  1
144:   0.5230  0.0840  0.0940  0.2990  1
145:   0.0520  0.4250  0.3180  0.2050  1
146:   0.0260  0.5115  0.1922  0.2703  1
147:   0.1291  0.3003  0.3934  0.1772  1
148:   0.0630  0.4000  0.2490  0.2880  1
149:   0.0520  0.3210  0.3040  0.3230  1
150:   0.0380  0.2863  0.5125  0.1632  1
151:   0.0310  0.1960  0.1410  0.6320  1
152:   0.0350  0.3574  0.2653  0.3423  1
153:   0.0550  0.3780  0.3180  0.2490  1
154:   0.0490  0.2190  0.1410  0.5910  1
155:   0.0410  0.1750  0.1840  0.6000  1
156:   0.0590  0.3120  0.2290  0.4000  1
157:   0.0460  0.3856  0.1758  0.3926  1
158:   0.0670  0.2680  0.2980  0.3670  1
159:   0.2360  0.2640  0.3410  0.1590  1
160:   0.0680  0.2390  0.2500  0.4430  1
161:   0.1708  0.2727  0.4466  0.1099  1
162:   0.0320  0.1692  0.1572  0.6416  1
163:   0.0460  0.2657  0.4256  0.2627  1
164:   0.1110  0.1490  0.2140  0.5260  1
165:   0.4710  0.1560  0.1950  0.1780  1
166:   0.0680  0.3960  0.3640  0.1720  1
167:   0.0840  0.3520  0.2940  0.2700  1
168:   0.0320  0.2613  0.3894  0.3173  1
169:   0.1690  0.2850  0.4260  0.1200  1
170:   0.7227  0.0641  0.0971  0.1161  1
171:   0.1690  0.2710  0.1960  0.3640  1
172:   0.0549  0.1928  0.2278  0.5245  1
173:   0.0759  0.3886  0.2607  0.2747  1
174:   0.0981  0.2973  0.3013  0.3033  1
175:   0.0420  0.3283  0.3063  0.3233  1
176:   0.0260  0.4670  0.2550  0.2520  1
177:   0.1201  0.2553  0.4014  0.2232  1
178:   0.0490  0.2102  0.2342  0.5065  1
179:   0.0340  0.3654  0.4304  0.1702  1
180:   0.1840  0.2900  0.3920  0.1340  1
181:   0.0410  0.4020  0.4140  0.1430  1
182:   0.0390  0.3920  0.3470  0.2220  1
183:   0.0420  0.5375  0.2092  0.2112  1
184:   0.0320  0.4260  0.1920  0.3500  1
185:   0.0260  0.4424  0.2282  0.3033  1
186:   0.0360  0.1622  0.1401  0.6617  1
187:   0.1060  0.2600  0.3100  0.3240  1
188:   0.0860  0.3970  0.4030  0.1140  1
189:   0.0480  0.2990  0.4000  0.2530  1
190:   0.0541  0.1321  0.1181  0.6957  1
191:   0.0740  0.4380  0.3070  0.1810  1
192:   0.0549  0.2667  0.3287  0.3497  1
193:   0.0360  0.1580  0.1620  0.6440  1
194:   0.0420  0.1900  0.1200  0.6480  1
195:   0.6120  0.1180  0.2210  0.0490  1
196:   0.0689  0.2188  0.3626  0.3497  1
197:   0.1300  0.1780  0.3060  0.3860  1
198:   0.0601  0.5365  0.2332  0.1702  1
199:   0.0310  0.3137  0.2188  0.4366  1
200:   0.0630  0.3610  0.3770  0.1990  1
201:   0.0240  0.3200  0.1100  0.5460  1
202:   0.0470  0.2320  0.1620  0.5590  1
203:   0.0400  0.4660  0.2600  0.2340  1
204:   0.0280  0.5180  0.1970  0.2570  1
205:   0.9240  0.0210  0.0330  0.0220  1

  1:   0.0420  0.2783  0.4344  0.2452  1
  2:   0.0450  0.3010  0.4580  0.1960  1
  3:   0.0240  0.2720  0.4870  0.2170  1
  4:   0.0940  0.2970  0.1990  0.4100  1
  5:   0.3020  0.2040  0.3710  0.1230  1
  6:   0.8470  0.0460  0.0570  0.0500  1
  7:   0.0660  0.3650  0.2810  0.2880  1
  8:   0.1279  0.3097  0.1538  0.4086  1
  9:   0.0330  0.3654  0.0601  0.5415  1
 10:   0.1538  0.1189  0.5385  0.1888  1
 11:   0.2012  0.1281  0.5145  0.1562  1
 12:   0.0610  0.4250  0.2140  0.3000  1
 13:   0.0290  0.4120  0.2580  0.3010  1
 14:   0.0550  0.3180  0.2720  0.3550  1
 15:   0.0230  0.3367  0.4605  0.1798  1
 16:   0.6330  0.0640  0.2120  0.0910  1
 17:   0.0570  0.3280  0.1650  0.4500  1
 18:   0.0380  0.3383  0.1481  0.4755  1
 19:   0.2490  0.1980  0.3860  0.1670  1
 20:   0.0370  0.3614  0.1722  0.4294  1
 21:   0.1029  0.4246  0.2547  0.2178  1
 22:   0.8950  0.0220  0.0570  0.0260  1
 23:   0.8470  0.0370  0.0830  0.0330  1
 24:   0.4420  0.1810  0.2010  0.1760  1
 25:   0.1470  0.1300  0.5860  0.1370  1
 26:   0.2472  0.2482  0.2633  0.2412  1
 27:   0.8820  0.0290  0.0580  0.0310  1
 28:   0.1860  0.2600  0.3730  0.1810  1
 29:   0.8890  0.0270  0.0490  0.0350  1
 30:   0.7538  0.0621  0.1061  0.0781  1
 31:   0.9340  0.0170  0.0280  0.0210  1
 32:   0.7990  0.0710  0.0410  0.0890  1
 33:   0.2160  0.2290  0.3990  0.1560  1
 34:   0.8900  0.0280  0.0470  0.0350  1
 35:   0.4730  0.0590  0.3750  0.0930  1
 36:   0.7740  0.0810  0.0730  0.0720  1
 37:   0.8780  0.0220  0.0740  0.0260  1
 38:   0.7120  0.0590  0.1700  0.0590  1
 39:   0.7247  0.0400  0.1872  0.0480  1
 40:   0.1321  0.2132  0.4935  0.1612  1
 41:   0.7970  0.0610  0.0780  0.0640  1
 42:   0.6190  0.1100  0.1830  0.0880  1
 43:   0.8621  0.0450  0.0470  0.0460  1
 44:   0.6116  0.1251  0.1762  0.0871  1
 45:   0.8432  0.0390  0.0789  0.0390  1
 46:   0.8870  0.0300  0.0490  0.0340  1
 47:   0.6490  0.0820  0.2010  0.0680  1
 48:   0.8690  0.0390  0.0500  0.0420  1
 49:   0.8520  0.0380  0.0660  0.0440  1
 50:   0.4150  0.0820  0.3610  0.1420  1
 51:   0.8260  0.0390  0.0920  0.0430  1
 52:   0.6947  0.0470  0.2032  0.0551  1
 53:   0.6830  0.0800  0.1570  0.0800  1
 54:   0.8831  0.0330  0.0539  0.0300  1
 55:   0.0800  0.3520  0.1300  0.4380  1
 56:   0.1700  0.2350  0.4020  0.1930  1
 57:   0.0751  0.2923  0.3143  0.3183  1
 58:   0.0681  0.2903  0.3213  0.3203  1
 59:   0.1500  0.1000  0.6130  0.1370  1
 60:   0.0350  0.3710  0.0890  0.5050  1
 61:   0.0330  0.3610  0.1030  0.5030  1
 62:   0.0500  0.3240  0.4470  0.1790  1
 63:   0.0540  0.1840  0.5740  0.1880  1
 64:   0.0801  0.3143  0.2092  0.3964  1
 65:   0.0860  0.2130  0.5200  0.1810  1
 66:   0.1130  0.3360  0.2300  0.3210  1
 67:   0.0360  0.2890  0.3900  0.2850  1
 68:   0.0410  0.3510  0.4380  0.1700  1
 69:   0.0260  0.4130  0.1370  0.4240  1
 70:   0.0350  0.3550  0.1070  0.5030  1
 71:   0.0861  0.3594  0.2883  0.2663  1
 72:   0.0250  0.3654  0.0501  0.5596  1
 73:   0.8128  0.0591  0.0671  0.0611  1
 74:   0.0330  0.4314  0.3163  0.2192  1
 75:   0.0210  0.3740  0.0400  0.5650  1
 76:   0.5080  0.0990  0.3150  0.0780  1
 77:   0.0300  0.4555  0.2937  0.2208  1
 78:   0.0480  0.3383  0.1512  0.4625  1
 79:   0.1050  0.3170  0.1180  0.4600  1
 80:   0.7530  0.0800  0.0570  0.1100  1
 81:   0.1380  0.2900  0.1840  0.3880  1
 82:   0.2130  0.2490  0.2480  0.2900  1
 83:   0.0340  0.3750  0.1070  0.4840  1
 84:   0.0791  0.3504  0.0691  0.5015  1
 85:   0.1060  0.2400  0.4390  0.2150  1
 86:   0.3930  0.0730  0.4370  0.0970  1
 87:   0.0350  0.3160  0.3350  0.3140  1
 88:   0.0270  0.3153  0.3043  0.3534  1
 89:   0.0560  0.3540  0.2890  0.3010  1
 90:   0.0460  0.3320  0.3560  0.2660  1
 91:   0.1820  0.1830  0.4470  0.1880  1
 92:   0.0320  0.5055  0.1878  0.2747  1
 93:   0.7337  0.0831  0.0741  0.1091  1
 94:   0.0710  0.2660  0.3680  0.2950  1
 95:   0.2288  0.2178  0.3866  0.1668  1
 96:   0.0420  0.4420  0.1860  0.3300  1
 97:   0.7040  0.0940  0.0900  0.1120  1
 98:   0.0920  0.2980  0.3250  0.2850  1
 99:   0.0180  0.5285  0.2138  0.2398  1
100:   0.0870  0.2360  0.3880  0.2890  1
101:   0.0540  0.3460  0.1090  0.4910  1
102:   0.0500  0.2767  0.3047  0.3686  1
103:   0.1290  0.2200  0.3950  0.2560  1
104:   0.0260  0.3600  0.0970  0.5170  1
105:   0.5075  0.1211  0.2533  0.1181  1
106:   0.1618  0.1888  0.5145  0.1349  1
107:   0.4630  0.1400  0.2210  0.1760  1
108:   0.0370  0.3410  0.3960  0.2260  1
109:   0.1502  0.3644  0.2492  0.2362  1
110:   0.8519  0.0360  0.0681  0.0440  1
111:   0.0590  0.3310  0.1690  0.4410  1
112:   0.0540  0.3410  0.1820  0.4230  1
113:   0.0450  0.4010  0.2090  0.3450  1
114:   0.0350  0.3540  0.1400  0.4710  1
115:   0.8370  0.0340  0.0920  0.0370  1
116:   0.0550  0.3480  0.1570  0.4400  1
117:   0.0180  0.5095  0.2178  0.2547  1
118:   0.0360  0.3080  0.2520  0.4040  1
119:   0.7648  0.0671  0.0751  0.0931  1
120:   0.0840  0.3770  0.1730  0.3660  1
121:   0.0340  0.3343  0.1722  0.4595  1
122:   0.8168  0.0561  0.0681  0.0591  1
123:   0.0829  0.2218  0.4615  0.2338  1
124:   0.2250  0.1840  0.3970  0.1940  1
125:   0.0670  0.1330  0.6040  0.1960  1
126:   0.0460  0.3710  0.1850  0.3980  1
127:   0.0699  0.2847  0.2448  0.4006  1
128:   0.0380  0.3510  0.1350  0.4760  1
129:   0.0250  0.4640  0.2190  0.2920  1
130:   0.0940  0.2320  0.4030  0.2710  1
131:   0.7530  0.0740  0.0960  0.0770  1
132:   0.0270  0.4965  0.2372  0.2392  1
133:   0.5726  0.0801  0.2513  0.0961  1
134:   0.0380  0.3450  0.1430  0.4740  1
135:   0.0400  0.2790  0.4190  0.2620  1
136:   0.0440  0.3720  0.1030  0.4810  1
137:   0.0610  0.4170  0.1790  0.3430  1
138:   0.4210  0.1130  0.3530  0.1130  1
139:   0.6633  0.0739  0.1568  0.1059  1
140:   0.0390  0.3460  0.1270  0.4880  1
141:   0.3970  0.1580  0.3150  0.1300  1
142:   0.6460  0.0920  0.1360  0.1260  1
143:   0.0400  0.3427  0.1089  0.5085  1
144:   0.5270  0.1620  0.0570  0.2540  1
145:   0.0450  0.3920  0.3020  0.2610  1
146:   0.0260  0.4775  0.2292  0.2673  1
147:   0.1260  0.2820  0.3730  0.2190  1
148:   0.0571  0.4144  0.2613  0.2673  1
149:   0.0480  0.3230  0.3300  0.2990  1
150:   0.0330  0.1612  0.5616  0.2442  1
151:   0.0320  0.3550  0.0740  0.5390  1
152:   0.0320  0.3470  0.2660  0.3550  1
153:   0.0560  0.3280  0.3410  0.2750  1
154:   0.0440  0.3680  0.0960  0.4920  1
155:   0.0400  0.3510  0.1060  0.5030  1
156:   0.0500  0.3766  0.1828  0.3906  1
157:   0.0460  0.3820  0.1950  0.3770  1
158:   0.0670  0.3210  0.2880  0.3240  1
159:   0.2230  0.2210  0.3500  0.2060  1
160:   0.0699  0.3117  0.1778  0.4406  1
161:   0.1608  0.1658  0.4965  0.1768  1
162:   0.0330  0.3470  0.0980  0.5220  1
163:   0.0430  0.2272  0.4505  0.2793  1
164:   0.0940  0.3140  0.1520  0.4400  1
165:   0.4740  0.1770  0.1940  0.1550  1
166:   0.0640  0.2920  0.4300  0.2140  1
167:   0.0740  0.3280  0.2900  0.3080  1
168:   0.0340  0.2670  0.3430  0.3560  1
169:   0.1678  0.1798  0.4446  0.2078  1
170:   0.7280  0.0800  0.0920  0.1000  1
171:   0.1680  0.3090  0.1820  0.3410  1
172:   0.0480  0.3217  0.1888  0.4416  1
173:   0.0810  0.3510  0.2740  0.2940  1
174:   0.0980  0.2910  0.2620  0.3490  1
175:   0.0410  0.3070  0.3460  0.3060  1
176:   0.0250  0.4060  0.2670  0.3020  1
177:   0.1151  0.2032  0.3904  0.2913  1
178:   0.0470  0.3343  0.1421  0.4765  1
179:   0.0310  0.2170  0.5740  0.1780  1
180:   0.1810  0.2240  0.3940  0.2010  1
181:   0.0390  0.3177  0.4186  0.2248  1
182:   0.0360  0.3170  0.3620  0.2850  1
183:   0.0410  0.4670  0.2680  0.2240  1
184:   0.0310  0.4210  0.2090  0.3390  1
185:   0.0270  0.4034  0.2603  0.3093  1
186:   0.0340  0.3584  0.0851  0.5225  1
187:   0.0980  0.2760  0.2920  0.3340  1
188:   0.0800  0.3160  0.4000  0.2040  1
189:   0.0500  0.2490  0.3950  0.3060  1
190:   0.0540  0.3570  0.0550  0.5340  1
191:   0.0689  0.3686  0.3307  0.2318  1
192:   0.0549  0.2917  0.2687  0.3846  1
193:   0.0340  0.3660  0.0780  0.5220  1
194:   0.0420  0.3620  0.0610  0.5350  1
195:   0.5960  0.0880  0.2490  0.0670  1
196:   0.0630  0.2430  0.3830  0.3110  1
197:   0.1180  0.2490  0.2260  0.4070  1
198:   0.0580  0.4660  0.2570  0.2190  1
199:   0.0290  0.3760  0.2100  0.3850  1
200:   0.0650  0.2630  0.4550  0.2170  1
201:   0.0240  0.3826  0.1039  0.4895  1
202:   0.0510  0.3600  0.1330  0.4560  1
203:   0.0400  0.4010  0.3190  0.2400  1
204:   0.0250  0.4680  0.2460  0.2610  1
205:   0.9250  0.0190  0.0330  0.0230  1

  1:   0.0450  0.3670  0.3310  0.2570  1
  2:   0.0370  0.3770  0.3210  0.2650  1
  3:   0.0190  0.3730  0.3270  0.2810  1
  4:   0.0920  0.2140  0.3440  0.3500  1
  5:   0.2800  0.2820  0.2390  0.1990  1
  6:   0.8750  0.0370  0.0450  0.0430  1
  7:   0.0649  0.3716  0.2837  0.2797  1
  8:   0.1150  0.2110  0.3060  0.3680  1
  9:   0.0290  0.1830  0.3240  0.4640  1
 10:   0.1652  0.2022  0.3784  0.2543  1
 11:   0.1810  0.2120  0.3460  0.2610  1
 12:   0.0540  0.4750  0.2490  0.2220  1
 13:   0.0250  0.4090  0.3100  0.2560  1
 14:   0.0430  0.2850  0.3260  0.3460  1
 15:   0.0240  0.4320  0.3100  0.2340  1
 16:   0.6480  0.0910  0.1350  0.1260  1
 17:   0.0531  0.1912  0.3453  0.4104  1
 18:   0.0370  0.2190  0.3220  0.4220  1
 19:   0.2492  0.2653  0.2503  0.2352  1
 20:   0.0320  0.3037  0.3207  0.3437  1
 21:   0.0880  0.4880  0.2390  0.1850  1
 22:   0.9130  0.0260  0.0320  0.0290  1
 23:   0.8609  0.0460  0.0541  0.0390  1
 24:   0.4386  0.2138  0.1688  0.1788  1
 25:   0.1720  0.2560  0.3090  0.2630  1
 26:   0.2330  0.2910  0.2580  0.2180  1
 27:   0.8949  0.0370  0.0350  0.0330  1
 28:   0.1820  0.3110  0.2820  0.2250  1
 29:   0.9089  0.0260  0.0310  0.0340  1
 30:   0.7610  0.0650  0.0850  0.0890  1
 31:   0.9460  0.0180  0.0180  0.0180  1
 32:   0.8220  0.0530  0.0500  0.0750  1
 33:   0.1650  0.3420  0.2350  0.2580  1
 34:   0.9060  0.0330  0.0320  0.0290  1
 35:   0.5170  0.1250  0.1860  0.1720  1
 36:   0.8070  0.0750  0.0620  0.0560  1
 37:   0.9029  0.0280  0.0380  0.0310  1
 38:   0.6920  0.0950  0.1120  0.1010  1
 39:   0.7790  0.0590  0.0800  0.0820  1
 40:   0.1210  0.2900  0.3150  0.2740  1
 41:   0.8310  0.0610  0.0540  0.0540  1
 42:   0.6770  0.1250  0.1080  0.0900  1
 43:   0.8800  0.0400  0.0390  0.0410  1
 44:   0.6360  0.1400  0.1230  0.1010  1
 45:   0.8561  0.0420  0.0529  0.0490  1
 46:   0.8931  0.0310  0.0390  0.0370  1
 47:   0.6600  0.1190  0.0980  0.1230  1
 48:   0.8830  0.0290  0.0370  0.0510  1
 49:   0.8679  0.0430  0.0440  0.0450  1
 50:   0.4770  0.1460  0.2070  0.1700  1
 51:   0.8330  0.0470  0.0640  0.0560  1
 52:   0.7480  0.0750  0.0950  0.0820  1
 53:   0.7010  0.0800  0.1100  0.1090  1
 54:   0.9011  0.0320  0.0330  0.0340  1
 55:   0.0710  0.2490  0.3060  0.3740  1
 56:   0.1590  0.3270  0.2760  0.2380  1
 57:   0.0631  0.2513  0.3293  0.3564  1
 58:   0.0620  0.2540  0.3500  0.3340  1
 59:   0.1920  0.2080  0.3310  0.2690  1
 60:   0.0310  0.2040  0.3200  0.4450  1
 61:   0.0270  0.2112  0.3273  0.4344  1
 62:   0.0400  0.4550  0.2780  0.2270  1
 63:   0.0530  0.3030  0.3510  0.2930  1
 64:   0.0711  0.3363  0.2893  0.3033  1
 65:   0.0780  0.2700  0.3480  0.3040  1
 66:   0.1040  0.2900  0.2850  0.3210  1
 67:   0.0330  0.3093  0.3383  0.3193  1
 68:   0.0350  0.4660  0.2770  0.2220  1
 69:   0.0250  0.3190  0.3210  0.3350  1
 70:   0.0280  0.2420  0.3270  0.4030  1
 71:   0.0770  0.4020  0.2750  0.2460  1
 72:   0.0240  0.1748  0.3287  0.4725  1
 73:   0.8420  0.0520  0.0520  0.0540  1
 74:   0.0310  0.5160  0.2660  0.1870  1
 75:   0.0200  0.1750  0.3240  0.4810  1
 76:   0.5120  0.1710  0.1530  0.1640  1
 77:   0.0280  0.4950  0.2690  0.2080  1
 78:   0.0490  0.2440  0.3250  0.3820  1
 79:   0.0950  0.1870  0.3100  0.4080  1
 80:   0.7582  0.0559  0.0779  0.1079  1
 81:   0.1279  0.2468  0.2977  0.3277  1
 82:   0.2250  0.2470  0.2530  0.2750  1
 83:   0.0310  0.3180  0.3000  0.3510  1
 84:   0.0650  0.1720  0.3090  0.4540  1
 85:   0.0869  0.3137  0.3387  0.2607  1
 86:   0.4350  0.1370  0.2340  0.1940  1
 87:   0.0320  0.2740  0.3180  0.3760  1
 88:   0.0260  0.3200  0.3300  0.3240  1
 89:   0.0460  0.3180  0.3100  0.3260  1
 90:   0.0370  0.3534  0.3433  0.2663  1
 91:   0.1692  0.2142  0.3323  0.2843  1
 92:   0.0310  0.5130  0.2410  0.2150  1
 93:   0.7640  0.0660  0.0720  0.0980  1
 94:   0.0670  0.2610  0.3260  0.3460  1
 95:   0.1780  0.2730  0.2990  0.2500  1
 96:   0.0400  0.4840  0.2550  0.2210  1
 97:   0.7227  0.0811  0.0881  0.1081  1
 98:   0.0900  0.3210  0.2940  0.2950  1
 99:   0.0160  0.5970  0.2110  0.1760  1
100:   0.0730  0.2340  0.3580  0.3350  1
101:   0.0510  0.1870  0.3210  0.4410  1
102:   0.0440  0.2460  0.3300  0.3800  1
103:   0.1180  0.2640  0.3320  0.2860  1
104:   0.0210  0.3270  0.2990  0.3530  1
105:   0.5180  0.1510  0.1560  0.1750  1
106:   0.1650  0.3070  0.2810  0.2470  1
107:   0.4825  0.1269  0.1898  0.2008  1
108:   0.0320  0.4420  0.2700  0.2560  1
109:   0.1430  0.4540  0.2160  0.1870  1
110:   0.8511  0.0440  0.0559  0.0490  1
111:   0.0510  0.2320  0.3400  0.3770  1
112:   0.0480  0.2717  0.3147  0.3656  1
113:   0.0400  0.4070  0.2790  0.2740  1
114:   0.0290  0.2170  0.3250  0.4290  1
115:   0.8690  0.0380  0.0510  0.0420  1
116:   0.0540  0.2500  0.3190  0.3770  1
117:   0.0160  0.5614  0.2478  0.1748  1
118:   0.0310  0.2270  0.3470  0.3950  1
119:   0.7950  0.0590  0.0690  0.0770  1
120:   0.0790  0.2870  0.2740  0.3600  1
121:   0.0340  0.2440  0.3320  0.3900  1
122:   0.8340  0.0540  0.0520  0.0600  1
123:   0.0849  0.2837  0.3497  0.2817  1
124:   0.2192  0.2523  0.2863  0.2422  1
125:   0.0630  0.2260  0.4170  0.2940  1
126:   0.0430  0.3170  0.3070  0.3330  1
127:   0.0640  0.2450  0.3440  0.3470  1
128:   0.0340  0.2150  0.3100  0.4410  1
129:   0.0240  0.4670  0.2820  0.2270  1
130:   0.0750  0.2280  0.3410  0.3560  1
131:   0.7812  0.0739  0.0749  0.0699  1
132:   0.0250  0.5435  0.2212  0.2102  1
133:   0.5530  0.1180  0.1860  0.1430  1
134:   0.0360  0.3420  0.2930  0.3290  1
135:   0.0350  0.3390  0.3380  0.2880  1
136:   0.0390  0.1970  0.3300  0.4340  1
137:   0.0581  0.3984  0.2553  0.2883  1
138:   0.4306  0.1808  0.2228  0.1658  1
139:   0.6993  0.0689  0.1019  0.1299  1
140:   0.0330  0.2620  0.3050  0.4000  1
141:   0.4144  0.1942  0.1922  0.1992  1
142:   0.6770  0.0790  0.1130  0.1310  1
143:   0.0340  0.2008  0.3307  0.4346  1
144:   0.5445  0.0839  0.1439  0.2278  1
145:   0.0400  0.4020  0.2960  0.2620  1
146:   0.0240  0.5025  0.2567  0.2168  1
147:   0.1040  0.2860  0.3140  0.2960  1
148:   0.0550  0.4020  0.2480  0.2950  1
149:   0.0430  0.3200  0.3040  0.3330  1
150:   0.0330  0.2820  0.3700  0.3150  1
151:   0.0260  0.2140  0.3260  0.4340  1
152:   0.0300  0.3830  0.3020  0.2850  1
153:   0.0470  0.3570  0.3180  0.2780  1
154:   0.0450  0.2340  0.3100  0.4110  1
155:   0.0360  0.2098  0.3297  0.4246  1
