  1:   0.0710  0.4150  0.5140  1
  2:   0.0710  0.4270  0.5020  1
  3:   0.0320  0.4420  0.5260  1
  4:   0.1110  0.4930  0.3960  1
  5:   0.5790  0.1880  0.2330  1
  6:   0.9110  0.0460  0.0430  1
  7:   0.0729  0.4525  0.4745  1
  8:   0.1190  0.4940  0.3870  1
  9:   0.0400  0.5430  0.4170  1
 10:   0.2700  0.3910  0.3390  1
 11:   0.4860  0.2570  0.2570  1
 12:   0.0730  0.4120  0.5150  1
 13:   0.0350  0.4900  0.4750  1
 14:   0.0640  0.4810  0.4550  1
 15:   0.0470  0.4170  0.5360  1
 16:   0.8288  0.0911  0.0801  1
 17:   0.0590  0.5350  0.4060  1
 18:   0.0410  0.5360  0.4230  1
 19:   0.5030  0.2420  0.2550  1
 20:   0.0390  0.4930  0.4680  1
 21:   0.1390  0.3710  0.4900  1
 22:   0.9590  0.0210  0.0200  1
 23:   0.9420  0.0290  0.0290  1
 24:   0.5660  0.2080  0.2260  1
 25:   0.5200  0.2250  0.2550  1
 26:   0.3060  0.3310  0.3630  1
 27:   0.9440  0.0280  0.0280  1
 28:   0.2807  0.3267  0.3926  1
 29:   0.9380  0.0310  0.0310  1
 30:   0.8360  0.0790  0.0850  1
 31:   0.9640  0.0180  0.0180  1
 32:   0.8710  0.0570  0.0720  1
 33:   0.3530  0.2910  0.3560  1
 34:   0.9350  0.0320  0.0330  1
 35:   0.8570  0.0720  0.0710  1
 36:   0.8440  0.0690  0.0870  1
 37:   0.9560  0.0230  0.0210  1
 38:   0.8710  0.0660  0.0630  1
 39:   0.9330  0.0340  0.0330  1
 40:   0.2220  0.3660  0.4120  1
 41:   0.8750  0.0630  0.0620  1
 42:   0.8040  0.0920  0.1040  1
 43:   0.9090  0.0400  0.0510  1
 44:   0.8010  0.0920  0.1070  1
 45:   0.9249  0.0380  0.0370  1
 46:   0.9340  0.0340  0.0320  1
 47:   0.8300  0.0820  0.0880  1
 48:   0.9290  0.0370  0.0340  1
 49:   0.9080  0.0460  0.0460  1
 50:   0.7618  0.1241  0.1141  1
 51:   0.9240  0.0380  0.0380  1
 52:   0.8721  0.0669  0.0609  1
 53:   0.8550  0.0790  0.0660  1
 54:   0.9450  0.0270  0.0280  1
 55:   0.0709  0.4975  0.4316  1
 56:   0.2470  0.3380  0.4150  1
 57:   0.0860  0.5030  0.4110  1
 58:   0.0950  0.4870  0.4180  1
 59:   0.5810  0.2090  0.2100  1
 60:   0.0440  0.5340  0.4220  1
 61:   0.0410  0.5255  0.4336  1
 62:   0.0680  0.3930  0.5390  1
 63:   0.1109  0.4016  0.4875  1
 64:   0.0840  0.4320  0.4840  1
 65:   0.1560  0.4540  0.3900  1
 66:   0.1490  0.4510  0.4000  1
 67:   0.0500  0.4820  0.4680  1
 68:   0.0621  0.3934  0.5445  1
 69:   0.0290  0.4890  0.4820  1
 70:   0.0380  0.5160  0.4460  1
 71:   0.1040  0.4060  0.4900  1
 72:   0.0390  0.5514  0.4096  1
 73:   0.8851  0.0619  0.0529  1
 74:   0.0390  0.4100  0.5510  1
 75:   0.0270  0.5560  0.4170  1
 76:   0.8140  0.0810  0.1050  1
 77:   0.0330  0.4154  0.5516  1
 78:   0.0690  0.4830  0.4480  1
 79:   0.1129  0.5065  0.3806  1
 80:   0.8330  0.0920  0.0750  1
 81:   0.1500  0.4350  0.4150  1
 82:   0.2630  0.3630  0.3740  1
 83:   0.0350  0.4615  0.5035  1
 84:   0.1030  0.5040  0.3930  1
 85:   0.1490  0.4340  0.4170  1
 86:   0.7998  0.1051  0.0951  1
 87:   0.0400  0.5290  0.4310  1
 88:   0.0330  0.4775  0.4895  1
 89:   0.0601  0.4975  0.4424  1
 90:   0.0590  0.4440  0.4970  1
 91:   0.2733  0.3814  0.3453  1
 92:   0.0350  0.4190  0.5460  1
 93:   0.8148  0.0931  0.0921  1
 94:   0.1000  0.4900  0.4100  1
 95:   0.3140  0.3490  0.3370  1
 96:   0.0370  0.4250  0.5380  1
 97:   0.8230  0.0890  0.0880  1
 98:   0.1150  0.4200  0.4650  1
 99:   0.0180  0.4150  0.5670  1
100:   0.1190  0.4630  0.4180  1
101:   0.0810  0.5040  0.4150  1
102:   0.0710  0.4980  0.4310  1
103:   0.1702  0.4364  0.3934  1
104:   0.0270  0.4575  0.5155  1
105:   0.7640  0.1170  0.1190  1
106:   0.4745  0.2368  0.2887  1
107:   0.7077  0.1612  0.1311  1
108:   0.0540  0.4340  0.5120  1
109:   0.1840  0.3650  0.4510  1
110:   0.9190  0.0430  0.0380  1
111:   0.0460  0.5220  0.4320  1
112:   0.0550  0.5260  0.4190  1
113:   0.0500  0.4450  0.5050  1
114:   0.0440  0.5380  0.4180  1
115:   0.9200  0.0410  0.0390  1
116:   0.0730  0.4650  0.4620  1
117:   0.0200  0.4140  0.5660  1
118:   0.0400  0.5350  0.4250  1
119:   0.8551  0.0719  0.0729  1
120:   0.1140  0.4590  0.4270  1
121:   0.0420  0.4680  0.4900  1
122:   0.8720  0.0640  0.0640  1
123:   0.1690  0.4040  0.4270  1
124:   0.3203  0.3333  0.3463  1
125:   0.1830  0.4210  0.3960  1
126:   0.0500  0.4820  0.4680  1
127:   0.0890  0.4890  0.4220  1
128:   0.0450  0.5370  0.4180  1
129:   0.0300  0.4390  0.5310  1
130:   0.1330  0.4720  0.3950  1
131:   0.8590  0.0610  0.0800  1
132:   0.0350  0.4130  0.5520  1
133:   0.7990  0.1020  0.0990  1
134:   0.0420  0.4480  0.5100  1
135:   0.0610  0.4550  0.4840  1
136:   0.0561  0.5205  0.4234  1
137:   0.0650  0.4490  0.4860  1
138:   0.7410  0.1280  0.1310  1
139:   0.8200  0.0960  0.0840  1
140:   0.0450  0.5050  0.4500  1
141:   0.6420  0.1760  0.1820  1
142:   0.7988  0.1081  0.0931  1
143:   0.0370  0.5506  0.4124  1
144:   0.6530  0.1870  0.1600  1
145:   0.0590  0.4440  0.4970  1
146:   0.0290  0.4160  0.5550  1
147:   0.1720  0.4360  0.3920  1
148:   0.0800  0.4540  0.4660  1
149:   0.0600  0.4750  0.4650  1
150:   0.0630  0.4510  0.4860  1
151:   0.0330  0.5265  0.4406  1
152:   0.0370  0.4580  0.5050  1
153:   0.0611  0.4555  0.4835  1
154:   0.0709  0.4735  0.4555  1
155:   0.0410  0.5390  0.4200  1
156:   0.0539  0.4835  0.4625  1
157:   0.0470  0.4580  0.4950  1
158:   0.0649  0.4905  0.4446  1
159:   0.2720  0.3870  0.3410  1
160:   0.0740  0.5090  0.4170  1
161:   0.2358  0.3796  0.3846  1
162:   0.0430  0.5285  0.4284  1
163:   0.0601  0.4985  0.4414  1
164:   0.1680  0.4550  0.3770  1
165:   0.5390  0.2520  0.2090  1
166:   0.0909  0.4056  0.5035  1
167:   0.0810  0.4450  0.4740  1
168:   0.0400  0.5315  0.4286  1
169:   0.3560  0.3310  0.3130  1
170:   0.8490  0.0800  0.0710  1
171:   0.1780  0.4210  0.4010  1
172:   0.0530  0.5370  0.4100  1
173:   0.0980  0.4210  0.4810  1
174:   0.1240  0.4600  0.4160  1
175:   0.0540  0.4740  0.4720  1
176:   0.0290  0.4496  0.5215  1
177:   0.1560  0.4580  0.3860  1
178:   0.0470  0.5220  0.4310  1
179:   0.0620  0.4100  0.5280  1
180:   0.2787  0.3506  0.3706  1
181:   0.0530  0.4160  0.5310  1
182:   0.0490  0.4730  0.4780  1
183:   0.0520  0.4080  0.5400  1
184:   0.0350  0.4605  0.5045  1
185:   0.0280  0.4376  0.5345  1
186:   0.0450  0.5360  0.4190  1
187:   0.1151  0.4414  0.4434  1
188:   0.1300  0.4130  0.4570  1
189:   0.0530  0.5140  0.4330  1
190:   0.0661  0.5305  0.4034  1
191:   0.1030  0.4020  0.4950  1
192:   0.0490  0.5140  0.4370  1
193:   0.0380  0.5450  0.4170  1
194:   0.0500  0.4890  0.4610  1
195:   0.8590  0.0650  0.0760  1
196:   0.0969  0.4935  0.4096  1
197:   0.1602  0.4585  0.3814  1
198:   0.0630  0.3950  0.5420  1
199:   0.0350  0.4830  0.4820  1
200:   0.0980  0.4160  0.4860  1
201:   0.0260  0.4560  0.5180  1
202:   0.0541  0.4715  0.4745  1
203:   0.0440  0.4260  0.5300  1
204:   0.0300  0.4290  0.5410  1
205:   0.9570  0.0230  0.0200  1

  1:   0.0860  0.2700  0.6440  1
  2:   0.0630  0.2230  0.7140  1
  3:   0.0340  0.2683  0.6977  1
  4:   0.1290  0.6430  0.2280  1
  5:   0.5240  0.0910  0.3850  1
  6:   0.9110  0.0490  0.0400  1
  7:   0.0699  0.4456  0.4845  1
  8:   0.1260  0.6770  0.1970  1
  9:   0.0430  0.8070  0.1500  1
 10:   0.3100  0.3630  0.3270  1
 11:   0.4500  0.1740  0.3760  1
 12:   0.0690  0.3170  0.6140  1
 13:   0.0370  0.4590  0.5040  1
 14:   0.0710  0.4900  0.4390  1
 15:   0.0490  0.1720  0.7790  1
 16:   0.8100  0.1120  0.0780  1
 17:   0.0661  0.7487  0.1852  1
 18:   0.0430  0.7570  0.2000  1
 19:   0.4940  0.1840  0.3220  1
 20:   0.0400  0.5460  0.4140  1
 21:   0.1320  0.1760  0.6920  1
 22:   0.9540  0.0240  0.0220  1
 23:   0.9340  0.0210  0.0450  1
 24:   0.5445  0.2038  0.2517  1
 25:   0.4785  0.1159  0.4056  1
 26:   0.3037  0.2498  0.4466  1
 27:   0.9400  0.0280  0.0320  1
 28:   0.2650  0.1830  0.5520  1
 29:   0.9300  0.0400  0.0300  1
 30:   0.8290  0.0950  0.0760  1
 31:   0.9650  0.0190  0.0160  1
 32:   0.8539  0.0761  0.0701  1
 33:   0.3413  0.1972  0.4615  1
 34:   0.9330  0.0340  0.0330  1
 35:   0.8160  0.0810  0.1030  1
 36:   0.8320  0.0620  0.1060  1
 37:   0.9520  0.0210  0.0270  1
 38:   0.8570  0.0480  0.0950  1
 39:   0.9240  0.0290  0.0470  1
 40:   0.2200  0.2070  0.5730  1
 41:   0.8751  0.0579  0.0669  1
 42:   0.7860  0.0630  0.1510  1
 43:   0.9040  0.0410  0.0550  1
 44:   0.7500  0.0560  0.1940  1
 45:   0.9210  0.0320  0.0470  1
 46:   0.9301  0.0400  0.0300  1
 47:   0.8170  0.0610  0.1220  1
 48:   0.9300  0.0390  0.0310  1
 49:   0.9079  0.0501  0.0420  1
 50:   0.7150  0.1540  0.1310  1
 51:   0.9179  0.0340  0.0480  1
 52:   0.8740  0.0560  0.0700  1
 53:   0.8450  0.0800  0.0750  1
 54:   0.9419  0.0240  0.0340  1
 55:   0.0751  0.6527  0.2723  1
 56:   0.2580  0.2200  0.5220  1
 57:   0.0930  0.5640  0.3430  1
 58:   0.0970  0.5710  0.3320  1
 59:   0.5190  0.1660  0.3150  1
 60:   0.0490  0.7473  0.2038  1
 61:   0.0410  0.7180  0.2410  1
 62:   0.0670  0.1790  0.7540  1
 63:   0.1141  0.2723  0.6136  1
 64:   0.0880  0.4480  0.4640  1
 65:   0.1570  0.3950  0.4480  1
 66:   0.1479  0.5335  0.3187  1
 67:   0.0520  0.4720  0.4760  1
 68:   0.0571  0.1522  0.7908  1
 69:   0.0310  0.5780  0.3910  1
 70:   0.0380  0.7160  0.2460  1
 71:   0.1099  0.2917  0.5984  1
 72:   0.0470  0.7940  0.1590  1
 73:   0.8900  0.0580  0.0520  1
 74:   0.0410  0.1648  0.7942  1
 75:   0.0300  0.8160  0.1540  1
 76:   0.7970  0.0450  0.1580  1
 77:   0.0330  0.2068  0.7602  1
 78:   0.0700  0.6270  0.3030  1
 79:   0.1230  0.7160  0.1610  1
 80:   0.8310  0.1060  0.0630  1
 81:   0.1620  0.5780  0.2600  1
 82:   0.2623  0.4364  0.3013  1
 83:   0.0360  0.5375  0.4264  1
 84:   0.1069  0.7293  0.1638  1
 85:   0.1592  0.3654  0.4755  1
 86:   0.7740  0.0740  0.1520  1
 87:   0.0390  0.6730  0.2880  1
 88:   0.0390  0.4670  0.4940  1
 89:   0.0590  0.5260  0.4150  1
 90:   0.0570  0.3500  0.5930  1
 91:   0.2697  0.3736  0.3566  1
 92:   0.0390  0.3240  0.6370  1
 93:   0.8090  0.1050  0.0860  1
 94:   0.1020  0.6360  0.2620  1
 95:   0.2950  0.2510  0.4540  1
 96:   0.0350  0.3440  0.6210  1
 97:   0.8138  0.1051  0.0811  1
 98:   0.1080  0.4130  0.4790  1
 99:   0.0180  0.1930  0.7890  1
100:   0.1140  0.6030  0.2830  1
101:   0.0750  0.7300  0.1950  1
102:   0.0660  0.6440  0.2900  1
103:   0.1782  0.4825  0.3393  1
104:   0.0270  0.5220  0.4510  1
105:   0.7370  0.1340  0.1290  1
106:   0.4660  0.1170  0.4170  1
107:   0.6660  0.1960  0.1380  1
108:   0.0620  0.2930  0.6450  1
109:   0.1832  0.1882  0.6286  1
110:   0.9100  0.0510  0.0390  1
111:   0.0521  0.7337  0.2142  1
112:   0.0590  0.6600  0.2810  1
113:   0.0480  0.4200  0.5320  1
114:   0.0450  0.7538  0.2012  1
115:   0.9150  0.0430  0.0420  1
116:   0.0760  0.5550  0.3690  1
117:   0.0190  0.2330  0.7480  1
118:   0.0440  0.7040  0.2520  1
119:   0.8580  0.0780  0.0640  1
120:   0.1140  0.5430  0.3430  1
121:   0.0430  0.5724  0.3846  1
122:   0.8750  0.0630  0.0620  1
123:   0.1870  0.3790  0.4340  1
124:   0.3220  0.2750  0.4030  1
125:   0.1870  0.4540  0.3590  1
126:   0.0539  0.4985  0.4476  1
127:   0.1000  0.6130  0.2870  1
128:   0.0530  0.7130  0.2340  1
129:   0.0300  0.3710  0.5990  1
130:   0.1460  0.5380  0.3160  1
131:   0.8509  0.0711  0.0781  1
132:   0.0330  0.2438  0.7233  1
133:   0.7830  0.0820  0.1350  1
134:   0.0420  0.4950  0.4630  1
135:   0.0630  0.3610  0.5760  1
136:   0.0620  0.7120  0.2260  1
137:   0.0650  0.4860  0.4490  1
138:   0.7080  0.1020  0.1900  1
139:   0.8120  0.1290  0.0590  1
140:   0.0460  0.6980  0.2560  1
141:   0.6444  0.1329  0.2228  1
142:   0.7860  0.1470  0.0670  1
143:   0.0420  0.7920  0.1660  1
144:   0.6490  0.2650  0.0860  1
145:   0.0580  0.3700  0.5720  1
146:   0.0300  0.3010  0.6690  1
147:   0.1780  0.4580  0.3640  1
148:   0.0771  0.4875  0.4354  1
149:   0.0660  0.4880  0.4460  1
150:   0.0660  0.3840  0.5500  1
151:   0.0340  0.7150  0.2510  1
152:   0.0340  0.4730  0.4930  1
153:   0.0650  0.3590  0.5760  1
154:   0.0700  0.6030  0.3270  1
155:   0.0430  0.7310  0.2260  1
156:   0.0551  0.5816  0.3634  1
157:   0.0520  0.4140  0.5340  1
158:   0.0810  0.5930  0.3260  1
159:   0.2807  0.3417  0.3776  1
160:   0.0801  0.6486  0.2713  1
161:   0.2527  0.2987  0.4486  1
162:   0.0450  0.7410  0.2140  1
163:   0.0610  0.5200  0.4190  1
164:   0.1680  0.6490  0.1830  1
165:   0.5300  0.2230  0.2470  1
166:   0.0951  0.2142  0.6907  1
167:   0.0840  0.4670  0.4490  1
168:   0.0430  0.6010  0.3560  1
169:   0.3450  0.3230  0.3320  1
170:   0.8570  0.0910  0.0520  1
171:   0.1878  0.4675  0.3447  1
172:   0.0559  0.7592  0.1848  1
173:   0.0980  0.4290  0.4730  1
174:   0.1360  0.5170  0.3470  1
175:   0.0470  0.3860  0.5670  1
176:   0.0290  0.3360  0.6350  1
177:   0.1568  0.5495  0.2937  1
178:   0.0490  0.7330  0.2180  1
179:   0.0661  0.1982  0.7357  1
180:   0.2870  0.2780  0.4350  1
181:   0.0570  0.2380  0.7050  1
182:   0.0520  0.4400  0.5080  1
183:   0.0539  0.1878  0.7582  1
184:   0.0350  0.3976  0.5674  1
185:   0.0290  0.3390  0.6320  1
186:   0.0500  0.7370  0.2130  1
187:   0.1290  0.4960  0.3750  1
188:   0.1210  0.2360  0.6430  1
189:   0.0570  0.6350  0.3080  1
190:   0.0760  0.7610  0.1630  1
191:   0.0990  0.3120  0.5890  1
192:   0.0520  0.6820  0.2660  1
193:   0.0390  0.7850  0.1760  1
194:   0.0600  0.6490  0.2910  1
195:   0.8420  0.0400  0.1180  1
196:   0.1100  0.6460  0.2440  1
197:   0.1680  0.6380  0.1940  1
198:   0.0600  0.1680  0.7720  1
199:   0.0340  0.5220  0.4440  1
200:   0.0940  0.2540  0.6520  1
201:   0.0240  0.4850  0.4910  1
202:   0.0549  0.5734  0.3716  1
203:   0.0450  0.2150  0.7400  1
204:   0.0270  0.2160  0.7570  1
205:   0.9590  0.0210  0.0200  1

  1:   0.1370  0.2240  0.6390  1
  2:   0.1470  0.2760  0.5770  1
  3:   0.1001  0.3063  0.5936  1
  4:   0.1570  0.6070  0.2360  1
  5:   0.5090  0.1410  0.3500  1
  6:   0.8210  0.1070  0.0720  1
  7:   0.1230  0.3780  0.4990  1
  8:   0.1710  0.6240  0.2050  1
  9:   0.0730  0.7080  0.2190  1
 10:   0.3300  0.4330  0.2370  1
 11:   0.5085  0.2298  0.2617  1
 12:   0.1060  0.2820  0.6120  1
 13:   0.0730  0.4720  0.4550  1
 14:   0.1200  0.4560  0.4240  1
 15:   0.1080  0.2060  0.6860  1
 16:   0.7702  0.1439  0.0859  1
 17:   0.1040  0.6800  0.2160  1
 18:   0.0890  0.6670  0.2440  1
 19:   0.4840  0.2270  0.2890  1
 20:   0.0790  0.5000  0.4210  1
 21:   0.1678  0.2118  0.6204  1
 22:   0.8921  0.0649  0.0430  1
 23:   0.8710  0.0680  0.0610  1
 24:   0.4990  0.2090  0.2920  1
 25:   0.4785  0.1592  0.3624  1
 26:   0.3030  0.2540  0.4430  1
 27:   0.8630  0.0690  0.0680  1
 28:   0.2830  0.2460  0.4710  1
 29:   0.8430  0.0920  0.0650  1
 30:   0.7540  0.1270  0.1190  1
 31:   0.8941  0.0639  0.0420  1
 32:   0.7190  0.1230  0.1580  1
 33:   0.3750  0.2370  0.3880  1
 34:   0.8370  0.0820  0.0810  1
 35:   0.7870  0.1140  0.0990  1
 36:   0.7130  0.0960  0.1910  1
 37:   0.9050  0.0510  0.0440  1
 38:   0.7990  0.0950  0.1060  1
 39:   0.8620  0.0720  0.0660  1
 40:   0.2950  0.2560  0.4490  1
 41:   0.7740  0.0990  0.1270  1
 42:   0.6963  0.0929  0.2108  1
 43:   0.8000  0.0840  0.1160  1
 44:   0.6950  0.0910  0.2140  1
 45:   0.8380  0.0800  0.0820  1
 46:   0.8440  0.0970  0.0590  1
 47:   0.7640  0.1050  0.1310  1
 48:   0.8372  0.1009  0.0619  1
 49:   0.8150  0.0950  0.0900  1
 50:   0.6783  0.1928  0.1289  1
 51:   0.8390  0.0730  0.0880  1
 52:   0.8082  0.1039  0.0879  1
 53:   0.7680  0.1260  0.1060  1
 54:   0.8750  0.0600  0.0650  1
 55:   0.1080  0.5390  0.3530  1
 56:   0.3017  0.2338  0.4645  1
 57:   0.1450  0.5640  0.2910  1
 58:   0.1480  0.5400  0.3120  1
 59:   0.5370  0.1960  0.2670  1
 60:   0.0860  0.6560  0.2580  1
 61:   0.0729  0.6464  0.2807  1
 62:   0.1580  0.2040  0.6380  1
 63:   0.1980  0.3150  0.4870  1
 64:   0.1290  0.3730  0.4980  1
 65:   0.2438  0.4176  0.3387  1
 66:   0.1760  0.5040  0.3200  1
 67:   0.1190  0.4720  0.4090  1
 68:   0.1380  0.2020  0.6600  1
 69:   0.0610  0.5180  0.4210  1
 70:   0.0680  0.6030  0.3290  1
 71:   0.1380  0.3020  0.5600  1
 72:   0.0740  0.6940  0.2320  1
 73:   0.7882  0.1119  0.0999  1
 74:   0.1051  0.1902  0.7047  1
 75:   0.0580  0.6960  0.2460  1
 76:   0.7670  0.0800  0.1530  1
 77:   0.0890  0.2260  0.6850  1
 78:   0.1080  0.5120  0.3800  1
 79:   0.1440  0.6400  0.2160  1
 80:   0.6980  0.1600  0.1420  1
 81:   0.1860  0.5230  0.2910  1
 82:   0.2890  0.3620  0.3490  1
 83:   0.0650  0.4230  0.5120  1
 84:   0.1340  0.6240  0.2420  1
 85:   0.2180  0.4320  0.3500  1
 86:   0.7460  0.1130  0.1410  1
 87:   0.1040  0.6230  0.2730  1
 88:   0.0811  0.4344  0.4845  1
 89:   0.1080  0.5160  0.3760  1
 90:   0.1100  0.4010  0.4890  1
 91:   0.3170  0.4090  0.2740  1
 92:   0.0641  0.2913  0.6446  1
 93:   0.6890  0.1680  0.1430  1
 94:   0.1582  0.5786  0.2633  1
 95:   0.3430  0.3190  0.3380  1
 96:   0.0720  0.2660  0.6620  1
 97:   0.6860  0.1650  0.1490  1
 98:   0.1610  0.3590  0.4800  1
 99:   0.0511  0.1882  0.7608  1
100:   0.1900  0.5170  0.2930  1
101:   0.1101  0.6286  0.2613  1
102:   0.1239  0.5854  0.2907  1
103:   0.2270  0.4620  0.3110  1
104:   0.0510  0.3990  0.5500  1
105:   0.6810  0.1610  0.1580  1
106:   0.4640  0.1490  0.3870  1
107:   0.5970  0.2330  0.1700  1
108:   0.1200  0.2730  0.6070  1
109:   0.2110  0.1790  0.6100  1
110:   0.8230  0.1050  0.0720  1
111:   0.0890  0.6670  0.2440  1
112:   0.0901  0.6076  0.3023  1
113:   0.0850  0.3180  0.5970  1
114:   0.0909  0.6843  0.2248  1
115:   0.8510  0.0900  0.0590  1
116:   0.1150  0.4820  0.4030  1
117:   0.0470  0.1908  0.7622  1
118:   0.0890  0.6490  0.2620  1
119:   0.7400  0.1410  0.1190  1
120:   0.1439  0.4545  0.4016  1
121:   0.0810  0.4640  0.4550  1
122:   0.7610  0.1180  0.1210  1
123:   0.2210  0.3760  0.4030  1
124:   0.3520  0.3010  0.3470  1
125:   0.2837  0.4166  0.2997  1
126:   0.0940  0.4320  0.4740  1
127:   0.1260  0.5730  0.3010  1
128:   0.0961  0.6456  0.2583  1
129:   0.0571  0.3303  0.6126  1
130:   0.1870  0.5240  0.2890  1
131:   0.7420  0.1090  0.1490  1
132:   0.0751  0.2302  0.6947  1
133:   0.7650  0.1370  0.0980  1
134:   0.0770  0.3930  0.5300  1
135:   0.1190  0.3580  0.5230  1
136:   0.0889  0.6384  0.2727  1
137:   0.0911  0.4054  0.5035  1
138:   0.6660  0.1560  0.1780  1
139:   0.7250  0.1860  0.0890  1
140:   0.0800  0.5710  0.3490  1
141:   0.5850  0.1760  0.2390  1
142:   0.6880  0.2100  0.1020  1
143:   0.0759  0.7373  0.1868  1
144:   0.5330  0.3080  0.1590  1
145:   0.1070  0.3720  0.5210  1
146:   0.0620  0.2590  0.6790  1
147:   0.2460  0.4420  0.3120  1
148:   0.1299  0.4176  0.4525  1
149:   0.1180  0.4500  0.4320  1
150:   0.1420  0.3450  0.5130  1
151:   0.0620  0.6080  0.3300  1
152:   0.0820  0.4340  0.4840  1
153:   0.1140  0.3520  0.5340  1
154:   0.1000  0.5130  0.3870  1
155:   0.0790  0.6560  0.2650  1
156:   0.0840  0.4750  0.4410  1
157:   0.0850  0.3490  0.5660  1
158:   0.1270  0.5520  0.3210  1
159:   0.3140  0.3740  0.3120  1
160:   0.1141  0.6076  0.2783  1
161:   0.3140  0.3300  0.3560  1
162:   0.0760  0.6510  0.2730  1
163:   0.1280  0.5250  0.3470  1
164:   0.2010  0.5850  0.2140  1
165:   0.5145  0.2152  0.2703  1
166:   0.1568  0.2438  0.5994  1
167:   0.1259  0.4166  0.4575  1
168:   0.1030  0.6020  0.2950  1
169:   0.3670  0.3800  0.2530  1
170:   0.7450  0.1510  0.1040  1
171:   0.2100  0.4050  0.3850  1
172:   0.1040  0.6700  0.2260  1
173:   0.1270  0.4070  0.4660  1
174:   0.1650  0.5210  0.3140  1
175:   0.1190  0.3880  0.4930  1
176:   0.0670  0.3590  0.5740  1
177:   0.2070  0.5580  0.2350  1
178:   0.0870  0.6790  0.2340  1
179:   0.1530  0.2160  0.6310  1
180:   0.3330  0.3170  0.3500  1
181:   0.1320  0.2950  0.5730  1
182:   0.0910  0.4620  0.4470  1
183:   0.1030  0.1870  0.7100  1
184:   0.0740  0.3700  0.5560  1
185:   0.0820  0.3290  0.5890  1
186:   0.0811  0.6396  0.2793  1
187:   0.1542  0.4975  0.3483  1
188:   0.1732  0.2943  0.5325  1
189:   0.1101  0.6376  0.2523  1
190:   0.0990  0.6750  0.2260  1
191:   0.1590  0.2680  0.5730  1
192:   0.0970  0.6360  0.2670  1
193:   0.0740  0.6820  0.2440  1
194:   0.0780  0.5320  0.3900  1
195:   0.7878  0.0751  0.1371  1
196:   0.1580  0.6090  0.2330  1
197:   0.2000  0.5940  0.2060  1
198:   0.1101  0.2172  0.6727  1
199:   0.0770  0.4260  0.4970  1
200:   0.1940  0.2580  0.5480  1
201:   0.0480  0.3630  0.5890  1
202:   0.0930  0.4570  0.4500  1
203:   0.1110  0.2280  0.6610  1
204:   0.0731  0.2092  0.7177  1
205:   0.8880  0.0730  0.0390  1

  1:   0.3430  0.3920  0.2650  1
  2:   0.3754  0.3143  0.3103  1
  3:   0.3660  0.2850  0.3490  1
  4:   0.2880  0.3480  0.3640  1
  5:   0.4100  0.2600  0.3300  1
  6:   0.4040  0.2420  0.3540  1
  7:   0.2990  0.3840  0.3170  1
  8:   0.3077  0.2967  0.3956  1
  9:   0.2280  0.4240  0.3480  1
 10:   0.4166  0.1918  0.3916  1
 11:   0.4500  0.1710  0.3790  1
 12:   0.2640  0.4470  0.2890  1
 13:   0.2670  0.3870  0.3460  1
 14:   0.3293  0.3293  0.3413  1
 15:   0.3750  0.3100  0.3150  1
 16:   0.4234  0.2182  0.3584  1
 17:   0.2877  0.3087  0.4036  1
 18:   0.2740  0.3770  0.3490  1
 19:   0.3680  0.2890  0.3430  1
 20:   0.2430  0.4740  0.2830  1
 21:   0.2930  0.4010  0.3060  1
 22:   0.5175  0.1508  0.3317  1
 23:   0.4800  0.1500  0.3700  1
 24:   0.3090  0.3600  0.3310  1
 25:   0.4230  0.2740  0.3030  1
 26:   0.3450  0.3560  0.2990  1
 27:   0.4420  0.2260  0.3320  1
 28:   0.3564  0.3093  0.3343  1
 29:   0.4100  0.2600  0.3300  1
 30:   0.3644  0.3333  0.3023  1
 31:   0.4875  0.1778  0.3347  1
 32:   0.2420  0.4940  0.2640  1
 33:   0.4500  0.2040  0.3460  1
 34:   0.3900  0.2860  0.3240  1
 35:   0.4730  0.2040  0.3230  1
 36:   0.3230  0.3760  0.3010  1
 37:   0.5540  0.1310  0.3150  1
 38:   0.4396  0.2328  0.3277  1
 39:   0.4860  0.2030  0.3110  1
 40:   0.4450  0.2080  0.3470  1
 41:   0.3910  0.3030  0.3060  1
 42:   0.3770  0.3370  0.2860  1
 43:   0.3556  0.3377  0.3067  1
 44:   0.4074  0.2743  0.3183  1
 45:   0.4240  0.2390  0.3370  1
 46:   0.4300  0.2000  0.3700  1
 47:   0.4420  0.2200  0.3380  1
 48:   0.4216  0.2238  0.3546  1
 49:   0.4016  0.2557  0.3427  1
 50:   0.4356  0.2268  0.3377  1
 51:   0.4615  0.2248  0.3137  1
 52:   0.4770  0.1730  0.3500  1
 53:   0.4290  0.2380  0.3330  1
 54:   0.5050  0.1700  0.3250  1
 55:   0.2110  0.4930  0.2960  1
 56:   0.4004  0.2803  0.3193  1
 57:   0.3190  0.3350  0.3460  1
 58:   0.3180  0.3000  0.3820  1
 59:   0.4820  0.1820  0.3360  1
 60:   0.2430  0.4480  0.3090  1
 61:   0.2298  0.4276  0.3427  1
 62:   0.4164  0.2963  0.2873  1
 63:   0.4080  0.2740  0.3180  1
 64:   0.2810  0.4290  0.2900  1
 65:   0.4180  0.1880  0.3940  1
 66:   0.2997  0.3646  0.3357  1
 67:   0.3650  0.2580  0.3770  1
 68:   0.3970  0.2890  0.3140  1
 69:   0.2070  0.5070  0.2860  1
 70:   0.2070  0.4970  0.2960  1
 71:   0.3000  0.3880  0.3120  1
 72:   0.2348  0.4346  0.3307  1
 73:   0.3756  0.2787  0.3457  1
 74:   0.3774  0.3153  0.3073  1
 75:   0.1910  0.5070  0.3020  1
 76:   0.5010  0.1730  0.3260  1
 77:   0.3150  0.3740  0.3110  1
 78:   0.2600  0.4450  0.2950  1
 79:   0.2690  0.3940  0.3370  1
 80:   0.2890  0.4170  0.2940  1
 81:   0.2827  0.3556  0.3616  1
 82:   0.3390  0.3610  0.3000  1
 83:   0.1858  0.5914  0.2228  1
 84:   0.2420  0.4450  0.3130  1
 85:   0.3640  0.2180  0.4180  1
 86:   0.4890  0.1840  0.3270  1
 87:   0.3450  0.2960  0.3590  1
 88:   0.2947  0.3856  0.3197  1
 89:   0.2930  0.3270  0.3800  1
 90:   0.3230  0.3100  0.3670  1
 91:   0.4230  0.1850  0.3920  1
 92:   0.2040  0.5260  0.2700  1
 93:   0.3047  0.3876  0.3077  1
 94:   0.3490  0.2990  0.3520  1
 95:   0.3730  0.2190  0.4080  1
 96:   0.2230  0.5230  0.2540  1
 97:   0.3130  0.3660  0.3210  1
 98:   0.3250  0.3710  0.3040  1
 99:   0.2667  0.4436  0.2897  1
100:   0.3566  0.2897  0.3536  1
101:   0.2550  0.4050  0.3400  1
102:   0.3220  0.3110  0.3670  1
103:   0.3506  0.2587  0.3906  1
104:   0.1542  0.6366  0.2092  1
105:   0.4090  0.2610  0.3300  1
106:   0.4340  0.2490  0.3170  1
107:   0.3440  0.3250  0.3310  1
108:   0.3640  0.3250  0.3110  1
109:   0.2820  0.4430  0.2750  1
110:   0.4060  0.2420  0.3520  1
111:   0.2560  0.3760  0.3680  1
112:   0.2440  0.4270  0.3290  1
113:   0.2320  0.4860  0.2820  1
114:   0.2800  0.4010  0.3190  1
115:   0.4980  0.1630  0.3390  1
116:   0.2700  0.4260  0.3040  1
117:   0.2380  0.5050  0.2570  1
118:   0.3150  0.3040  0.3810  1
119:   0.3330  0.3480  0.3190  1
120:   0.2513  0.4154  0.3333  1
121:   0.2410  0.4750  0.2840  1
122:   0.3340  0.3250  0.3410  1
123:   0.3550  0.3100  0.3350  1
124:   0.3920  0.2570  0.3510  1
125:   0.4390  0.2180  0.3430  1
126:   0.2570  0.4500  0.2930  1
127:   0.2840  0.3720  0.3440  1
128:   0.3003  0.3473  0.3524  1
129:   0.2170  0.4910  0.2920  1
130:   0.3526  0.2897  0.3576  1
131:   0.3450  0.3570  0.2980  1
132:   0.2760  0.4290  0.2950  1
133:   0.4950  0.1340  0.3710  1
134:   0.2292  0.5225  0.2482  1
135:   0.3150  0.3710  0.3140  1
136:   0.2350  0.4070  0.3580  1
137:   0.2360  0.4630  0.3010  1
138:   0.4360  0.1820  0.3820  1
139:   0.3960  0.2610  0.3430  1
140:   0.2158  0.5235  0.2607  1
141:   0.3620  0.3000  0.3380  1
142:   0.3470  0.3060  0.3470  1
143:   0.2690  0.3420  0.3890  1
144:   0.2310  0.4680  0.3010  1
145:   0.2907  0.3616  0.3477  1
146:   0.2418  0.4835  0.2747  1
147:   0.3740  0.2330  0.3930  1
148:   0.3290  0.3370  0.3340  1
149:   0.3180  0.3270  0.3550  1
150:   0.3814  0.2983  0.3203  1
151:   0.2000  0.5080  0.2920  1
152:   0.2787  0.4256  0.2957  1
153:   0.3090  0.3320  0.3590  1
154:   0.2160  0.5130  0.2710  1
155:   0.2500  0.4020  0.3480  1
156:   0.2300  0.4530  0.3170  1
157:   0.2292  0.5065  0.2643  1
158:   0.3270  0.3390  0.3340  1
159:   0.3760  0.2530  0.3710  1
160:   0.2590  0.4110  0.3300  1
161:   0.4210  0.2320  0.3470  1
162:   0.2410  0.4190  0.3400  1
163:   0.3487  0.2997  0.3516  1
164:   0.2927  0.4006  0.3067  1
165:   0.3457  0.3317  0.3227  1
166:   0.3866  0.3017  0.3117  1
167:   0.2910  0.3810  0.3280  1
168:   0.3340  0.3180  0.3480  1
169:   0.3700  0.2320  0.3980  1
170:   0.3380  0.3240  0.3380  1
171:   0.2640  0.4330  0.3030  1
172:   0.3180  0.3300  0.3520  1
173:   0.2890  0.3600  0.3510  1
174:   0.2937  0.3576  0.3487  1
175:   0.3526  0.3087  0.3387  1
176:   0.2740  0.4080  0.3180  1
177:   0.3640  0.2500  0.3860  1
178:   0.2587  0.3706  0.3706  1
179:   0.4460  0.2390  0.3150  1
180:   0.3936  0.2348  0.3716  1
181:   0.3820  0.2960  0.3220  1
182:   0.3237  0.2997  0.3766  1
183:   0.3220  0.3560  0.3220  1
184:   0.2560  0.4480  0.2960  1
185:   0.3180  0.3720  0.3100  1
186:   0.2260  0.4470  0.3270  1
187:   0.2990  0.3290  0.3720  1
188:   0.3370  0.3060  0.3570  1
189:   0.3273  0.2472  0.4254  1
190:   0.2130  0.4560  0.3310  1
191:   0.3460  0.3330  0.3210  1
192:   0.2830  0.3260  0.3910  1
193:   0.2330  0.4170  0.3500  1
194:   0.1710  0.5730  0.2560  1
195:   0.4740  0.2020  0.3240  1
196:   0.3850  0.2510  0.3640  1
197:   0.3230  0.3140  0.3630  1
198:   0.3040  0.3630  0.3330  1
199:   0.2680  0.4400  0.2920  1
200:   0.4460  0.2090  0.3450  1
201:   0.1460  0.6510  0.2030  1
202:   0.2390  0.4730  0.2880  1
203:   0.3500  0.3320  0.3180  1
204:   0.2710  0.4610  0.2680  1
205:   0.4670  0.1540  0.3790  1

  1:   0.1000  0.2750  0.6250  1
  2:   0.1140  0.2040  0.6820  1
  3:   0.0710  0.2050  0.7240  1
  4:   0.1580  0.5940  0.2480  1
  5:   0.4865  0.0949  0.4186  1
  6:   0.8248  0.0821  0.0931  1
  7:   0.1100  0.4770  0.4130  1
  8:   0.1860  0.6210  0.1930  1
  9:   0.0840  0.8000  0.1160  1
 10:   0.2820  0.2680  0.4500  1
 11:   0.4066  0.1289  0.4645  1
 12:   0.1121  0.3864  0.5015  1
 13:   0.0751  0.5125  0.4124  1
 14:   0.1080  0.4970  0.3950  1
 15:   0.0821  0.1632  0.7548  1
 16:   0.7250  0.1080  0.1670  1
 17:   0.1120  0.7030  0.1850  1
 18:   0.0880  0.7220  0.1900  1
 19:   0.4304  0.1732  0.3964  1
 20:   0.0710  0.6180  0.3110  1
 21:   0.1760  0.1810  0.6430  1
 22:   0.8810  0.0370  0.0820  1
 23:   0.8570  0.0350  0.1080  1
 24:   0.5220  0.2120  0.2660  1
 25:   0.3770  0.1050  0.5180  1
 26:   0.3143  0.2773  0.4084  1
 27:   0.8540  0.0550  0.0910  1
 28:   0.2780  0.1680  0.5540  1
 29:   0.8529  0.0631  0.0841  1
 30:   0.7620  0.1160  0.1220  1
 31:   0.8900  0.0400  0.0700  1
 32:   0.7670  0.1400  0.0930  1
 33:   0.3584  0.1461  0.4955  1
 34:   0.8530  0.0640  0.0830  1
 35:   0.6920  0.0790  0.2290  1
 36:   0.7600  0.0930  0.1470  1
 37:   0.8770  0.0310  0.0920  1
 38:   0.7908  0.0671  0.1421  1
 39:   0.8050  0.0510  0.1440  1
 40:   0.2458  0.1518  0.6024  1
 41:   0.7812  0.1029  0.1159  1
 42:   0.7020  0.0990  0.1990  1
 43:   0.8180  0.0790  0.1030  1
 44:   0.6920  0.0700  0.2380  1
 45:   0.8430  0.0590  0.0980  1
 46:   0.8580  0.0580  0.0840  1
 47:   0.7423  0.0729  0.1848  1
 48:   0.8520  0.0650  0.0830  1
 49:   0.8290  0.0730  0.0980  1
 50:   0.5884  0.1369  0.2747  1
 51:   0.8290  0.0560  0.1150  1
 52:   0.7720  0.0600  0.1680  1
 53:   0.7450  0.1050  0.1500  1
 54:   0.8620  0.0420  0.0960  1
 55:   0.1080  0.6870  0.2050  1
 56:   0.2890  0.2130  0.4980  1
 57:   0.1310  0.5500  0.3190  1
 58:   0.1391  0.5235  0.3373  1
 59:   0.4030  0.1190  0.4780  1
 60:   0.0760  0.7790  0.1450  1
 61:   0.0770  0.7320  0.1910  1
 62:   0.1080  0.1440  0.7480  1
 63:   0.1460  0.1920  0.6620  1
 64:   0.1160  0.5030  0.3810  1
 65:   0.1950  0.2780  0.5270  1
 66:   0.1820  0.5330  0.2850  1
 67:   0.0950  0.4430  0.4620  1
 68:   0.1040  0.1280  0.7680  1
 69:   0.0600  0.6760  0.2640  1
 70:   0.0710  0.7540  0.1750  1
 71:   0.1370  0.3210  0.5420  1
 72:   0.0769  0.8142  0.1089  1
 73:   0.8030  0.0970  0.1000  1
 74:   0.0830  0.1530  0.7640  1
 75:   0.0570  0.8560  0.0870  1
 76:   0.7010  0.0530  0.2460  1
 77:   0.0700  0.2280  0.7020  1
 78:   0.1010  0.6420  0.2570  1
 79:   0.1380  0.7400  0.1220  1
 80:   0.7540  0.1550  0.0910  1
 81:   0.1970  0.5580  0.2450  1
 82:   0.2723  0.4264  0.3013  1
 83:   0.0589  0.6324  0.3087  1
 84:   0.1310  0.7430  0.1260  1
 85:   0.1978  0.2867  0.5155  1
 86:   0.6300  0.0720  0.2980  1
 87:   0.0850  0.5810  0.3340  1
 88:   0.0710  0.4730  0.4560  1
 89:   0.1040  0.5360  0.3600  1
 90:   0.1060  0.3490  0.5450  1
 91:   0.2900  0.2680  0.4420  1
 92:   0.0660  0.4310  0.5030  1
 93:   0.7180  0.1610  0.1210  1
 94:   0.1400  0.5710  0.2890  1
 95:   0.3350  0.1910  0.4740  1
 96:   0.0730  0.4560  0.4710  1
 97:   0.7350  0.1470  0.1180  1
 98:   0.1419  0.3836  0.4745  1
 99:   0.0521  0.2643  0.6837  1
100:   0.1500  0.4730  0.3770  1
101:   0.1170  0.7180  0.1650  1
102:   0.1129  0.5734  0.3137  1
103:   0.2108  0.4126  0.3766  1
104:   0.0440  0.6500  0.3060  1
105:   0.6570  0.1370  0.2060  1
106:   0.3876  0.0899  0.5225  1
107:   0.5730  0.2340  0.1930  1
108:   0.0939  0.2777  0.6284  1
109:   0.2228  0.2388  0.5385  1
110:   0.8310  0.0710  0.0980  1
111:   0.0940  0.7190  0.1870  1
112:   0.0910  0.6830  0.2260  1
113:   0.0780  0.5080  0.4140  1
114:   0.0830  0.7350  0.1820  1
115:   0.8238  0.0521  0.1241  1
116:   0.1090  0.6260  0.2650  1
117:   0.0490  0.3460  0.6050  1
118:   0.0859  0.6723  0.2418  1
119:   0.7690  0.1220  0.1090  1
120:   0.1400  0.5760  0.2840  1
121:   0.0710  0.6110  0.3180  1
122:   0.7932  0.1039  0.1029  1
123:   0.1840  0.2820  0.5340  1
124:   0.3260  0.2310  0.4430  1
125:   0.1940  0.3030  0.5030  1
126:   0.0900  0.5840  0.3260  1
127:   0.1230  0.6050  0.2720  1
128:   0.0880  0.7410  0.1710  1
129:   0.0600  0.4530  0.4870  1
130:   0.1680  0.4810  0.3510  1
131:   0.7620  0.1110  0.1270  1
132:   0.0709  0.3067  0.6224  1
133:   0.7160  0.0750  0.2090  1
134:   0.0679  0.6004  0.3317  1
135:   0.0869  0.3566  0.5564  1
136:   0.0920  0.7370  0.1710  1
137:   0.0921  0.5636  0.3443  1
138:   0.6260  0.0910  0.2830  1
139:   0.7200  0.1460  0.1340  1
140:   0.0730  0.7110  0.2160  1
141:   0.5834  0.1499  0.2667  1
142:   0.7033  0.1678  0.1289  1
143:   0.0930  0.7550  0.1520  1
144:   0.5730  0.3350  0.0920  1
145:   0.1011  0.3794  0.5195  1
146:   0.0570  0.3780  0.5650  1
147:   0.2270  0.3600  0.4130  1
148:   0.1181  0.4655  0.4164  1
149:   0.1030  0.5050  0.3920  1
150:   0.0970  0.2980  0.6050  1
151:   0.0620  0.7710  0.1670  1
152:   0.0700  0.5130  0.4170  1
153:   0.1060  0.3620  0.5320  1
154:   0.0930  0.6900  0.2170  1
155:   0.0800  0.7590  0.1610  1
156:   0.0891  0.6116  0.2993  1
157:   0.0760  0.5120  0.4120  1
158:   0.1179  0.5674  0.3147  1
159:   0.3050  0.2840  0.4110  1
160:   0.1090  0.6580  0.2330  1
161:   0.2680  0.2110  0.5210  1
162:   0.0780  0.7540  0.1680  1
163:   0.1010  0.4330  0.4660  1
164:   0.1810  0.6080  0.2110  1
165:   0.5270  0.2290  0.2440  1
166:   0.1231  0.2032  0.6737  1
167:   0.1160  0.4750  0.4090  1
168:   0.0790  0.5510  0.3700  1
169:   0.3430  0.2480  0.4090  1
170:   0.7628  0.1381  0.0991  1
171:   0.2270  0.4610  0.3120  1
172:   0.0940  0.7200  0.1860  1
173:   0.1260  0.4480  0.4260  1
174:   0.1652  0.5405  0.2943  1
175:   0.0989  0.4136  0.4875  1
176:   0.0629  0.4036  0.5335  1
177:   0.2010  0.4330  0.3660  1
178:   0.0950  0.7030  0.2020  1
179:   0.0990  0.1580  0.7430  1
180:   0.2910  0.2300  0.4790  1
181:   0.0960  0.1980  0.7060  1
182:   0.0910  0.4070  0.5020  1
183:   0.1030  0.2070  0.6900  1
184:   0.0719  0.4975  0.4306  1
185:   0.0660  0.3930  0.5410  1
186:   0.0790  0.7780  0.1430  1
187:   0.1698  0.4456  0.3846  1
188:   0.1600  0.1950  0.6450  1
189:   0.1050  0.5050  0.3900  1
190:   0.1020  0.7960  0.1020  1
191:   0.1390  0.3040  0.5570  1
192:   0.1020  0.5820  0.3160  1
193:   0.0780  0.7910  0.1310  1
194:   0.0720  0.7580  0.1700  1
195:   0.7447  0.0561  0.1992  1
196:   0.1400  0.5230  0.3370  1
197:   0.1848  0.5654  0.2498  1
198:   0.1120  0.1940  0.6940  1
199:   0.0690  0.5640  0.3670  1
200:   0.1330  0.2240  0.6430  1
201:   0.0430  0.6114  0.3457  1
202:   0.0879  0.6394  0.2727  1
203:   0.0830  0.2180  0.6990  1
204:   0.0620  0.2670  0.6710  1
205:   0.8869  0.0400  0.0731  1

