1:    0.024 0.018 0.023 0.935 1    
2:    0.050 0.712 0.043 0.195 1    
3:    0.155 0.496 0.161 0.188 1    
4:    0.039 0.875 0.037 0.050 1    
5:    0.036 0.762 0.034 0.168 1    
6:    0.041 0.856 0.037 0.065 1    
7:    0.041 0.840 0.040 0.079 1    
8:    0.050 0.818 0.046 0.086 1    
9:    0.032 0.903 0.030 0.035 1    
10:   0.261 0.208 0.248 0.283 1    
11:   0.031 0.908 0.026 0.036 1    
12:   0.064 0.710 0.064 0.162 1    
13:   0.029 0.905 0.028 0.038 1    
14:   0.223 0.338 0.226 0.213 1    
15:   0.054 0.809 0.066 0.072 1    
16:   0.203 0.306 0.245 0.246 1    
17:   0.058 0.785 0.060 0.097 1    
18:   0.116 0.629 0.142 0.113 1    
19:   0.118 0.652 0.111 0.119 1    
20:   0.055 0.794 0.049 0.102 1    
21:   0.051 0.728 0.051 0.170 1    
22:   0.247 0.249 0.252 0.251 1    
23:   0.043 0.675 0.038 0.244 1    
24:   0.045 0.758 0.045 0.152 1    
25:   0.119 0.333 0.111 0.437 1    
26:   0.092 0.715 0.088 0.105 1    
27:   0.092 0.638 0.081 0.189 1    
28:   0.251 0.217 0.243 0.290 1    
29:   0.059 0.764 0.060 0.117 1    
30:   0.038 0.782 0.035 0.145 1    
31:   0.026 0.911 0.025 0.038 1    
32:   0.076 0.658 0.067 0.199 1    
33:   0.080 0.690 0.079 0.151 1    
34:   0.058 0.764 0.061 0.117 1    
35:   0.145 0.507 0.151 0.196 1    
36:   0.151 0.398 0.175 0.275 1    
37:   0.251 0.263 0.232 0.253 1    
38:   0.350 0.097 0.350 0.203 1    
39:   0.033 0.880 0.031 0.056 1    
40:   0.043 0.832 0.041 0.084 1    
41:   0.137 0.540 0.135 0.188 1    
42:   0.050 0.833 0.044 0.073 1    
43:   0.076 0.201 0.079 0.645 1    
44:   0.084 0.749 0.072 0.095 1    
45:   0.047 0.654 0.047 0.253 1    
46:   0.181 0.408 0.160 0.252 1    
47:   0.250 0.312 0.194 0.244 1    
48:   0.057 0.548 0.058 0.338 1    
49:   0.286 0.148 0.265 0.301 1    
50:   0.310 0.178 0.277 0.235 1    
51:   0.370 0.070 0.311 0.249 1    
52:   0.294 0.048 0.284 0.374 1    
53:   0.351 0.080 0.400 0.169 1    
54:   0.396 0.049 0.422 0.133 1    
55:   0.303 0.181 0.278 0.238 1    
56:   0.346 0.018 0.416 0.220 1    
57:   0.393 0.054 0.318 0.235 1    
58:   0.292 0.121 0.226 0.361 1    
59:   0.317 0.119 0.411 0.152 1    
60:   0.334 0.046 0.360 0.261 1    
61:   0.346 0.066 0.297 0.291 1    
62:   0.260 0.203 0.216 0.322 1    
63:   0.177 0.162 0.153 0.508 1    
64:   0.363 0.056 0.354 0.227 1    
65:   0.324 0.050 0.293 0.332 1    
66:   0.268 0.208 0.284 0.240 1    
67:   0.351 0.064 0.284 0.301 1    
68:   0.370 0.028 0.369 0.233 1    
69:   0.430 0.037 0.388 0.145 1    
70:   0.434 0.024 0.349 0.193 1    
71:   0.277 0.225 0.314 0.184 1    
72:   0.420 0.028 0.428 0.124 1    
73:   0.431 0.034 0.342 0.193 1    
74:   0.351 0.052 0.405 0.191 1    
75:   0.369 0.056 0.356 0.219 1    
76:   0.433 0.026 0.380 0.161 1    
77:   0.321 0.054 0.352 0.274 1    
78:   0.246 0.033 0.311 0.410 1    
79:   0.452 0.037 0.377 0.134 1    
80:   0.253 0.064 0.309 0.374 1    
81:   0.379 0.050 0.328 0.244 1    
82:   0.241 0.139 0.289 0.330 1    
83:   0.344 0.034 0.347 0.276 1    
84:   0.323 0.049 0.317 0.312 1    
85:   0.159 0.506 0.159 0.177 1    
86:   0.162 0.468 0.176 0.194 1    
87:   0.248 0.261 0.339 0.152 1    
88:   0.368 0.045 0.454 0.133 1    
89:   0.359 0.053 0.357 0.231 1    
90:   0.404 0.059 0.349 0.189 1    
91:   0.278 0.108 0.312 0.301 1    
92:   0.224 0.260 0.230 0.286 1    
93:   0.397 0.045 0.331 0.228 1    
94:   0.207 0.423 0.186 0.184 1    
95:   0.416 0.046 0.366 0.171 1    
96:   0.372 0.062 0.471 0.096 1    
97:   0.254 0.230 0.253 0.262 1    
98:   0.268 0.239 0.315 0.179 1    
99:   0.243 0.123 0.240 0.394 1    
100:  0.101 0.645 0.105 0.148 1    
101:  0.292 0.137 0.269 0.302 1    
102:  0.337 0.044 0.420 0.199 1    
103:  0.334 0.079 0.339 0.247 1    
104:  0.324 0.040 0.288 0.348 1    
105:  0.281 0.203 0.253 0.262 1    
106:  0.186 0.256 0.184 0.373 1    
107:  0.091 0.703 0.095 0.111 1    
108:  0.356 0.043 0.455 0.146 1    
109:  0.184 0.321 0.190 0.305 1    
110:  0.257 0.035 0.264 0.444 1    
111:  0.380 0.066 0.310 0.243 1    
112:  0.338 0.059 0.344 0.259 1    
113:  0.373 0.062 0.453 0.111 1    
114:  0.134 0.439 0.153 0.273 1    
115:  0.339 0.067 0.257 0.337 1    
116:  0.407 0.044 0.361 0.188 1    
117:  0.368 0.084 0.344 0.204 1    
118:  0.247 0.144 0.249 0.360 1    
119:  0.294 0.097 0.292 0.317 1    
120:  0.402 0.021 0.507 0.070 1    
121:  0.259 0.096 0.268 0.377 1    
122:  0.239 0.038 0.207 0.516 1    
123:  0.385 0.085 0.315 0.215 1    
124:  0.196 0.213 0.166 0.424 1    
125:  0.328 0.072 0.423 0.177 1    
126:  0.246 0.294 0.224 0.236 1    
127:  0.288 0.205 0.360 0.147 1    
128:  0.343 0.039 0.423 0.195 1    
129:  0.351 0.042 0.349 0.258 1    
130:  0.364 0.045 0.451 0.140 1    
131:  0.271 0.044 0.219 0.467 1    
132:  0.187 0.136 0.205 0.472 1    
133:  0.315 0.188 0.253 0.243 1    
134:  0.288 0.078 0.285 0.350 1    
135:  0.392 0.063 0.414 0.131 1    
136:  0.381 0.081 0.323 0.216 1    
137:  0.274 0.099 0.284 0.343 1    
138:  0.333 0.120 0.272 0.276 1    
139:  0.381 0.073 0.298 0.249 1    
140:  0.320 0.164 0.255 0.260 1    
141:  0.265 0.245 0.274 0.216 1    
142:  0.184 0.071 0.173 0.572 1    
143:  0.330 0.025 0.304 0.340 1    
144:  0.347 0.038 0.295 0.320 1    
145:  0.216 0.381 0.231 0.172 1    
146:  0.290 0.131 0.326 0.253 1    
147:  0.312 0.112 0.317 0.259 1    
148:  0.382 0.044 0.344 0.230 1    
149:  0.315 0.123 0.350 0.211 1    
150:  0.362 0.059 0.439 0.140 1    
151:  0.225 0.302 0.306 0.167 1    
152:  0.345 0.076 0.430 0.149 1    
153:  0.102 0.574 0.111 0.213 1    
154:  0.273 0.072 0.260 0.396 1    
155:  0.333 0.156 0.302 0.209 1    
156:  0.417 0.043 0.347 0.193 1    
157:  0.352 0.026 0.367 0.254 1    
158:  0.279 0.139 0.337 0.246 1    
159:  0.291 0.075 0.356 0.278 1    
160:  0.417 0.036 0.346 0.201 1    
161:  0.420 0.032 0.438 0.111 1    
162:  0.329 0.136 0.331 0.204 1    
163:  0.421 0.035 0.316 0.229 1    
164:  0.307 0.072 0.287 0.334 1    
165:  0.381 0.041 0.308 0.270 1    
166:  0.443 0.033 0.357 0.166 1    
167:  0.346 0.037 0.373 0.244 1    
168:  0.368 0.040 0.323 0.269 1    
169:  0.398 0.034 0.469 0.099 1    
170:  0.369 0.069 0.407 0.155 1    
171:  0.396 0.034 0.351 0.219 1    
172:  0.333 0.048 0.373 0.246 1    
173:  0.391 0.044 0.320 0.245 1    
174:  0.356 0.047 0.376 0.220 1    
175:  0.368 0.034 0.388 0.210 1    
176:  0.335 0.044 0.384 0.237 1    
177:  0.334 0.088 0.353 0.225 1    
178:  0.239 0.060 0.304 0.398 1    
179:  0.357 0.086 0.281 0.276 1    
180:  0.390 0.049 0.335 0.226 1    
181:  0.270 0.160 0.261 0.310 1    
182:  0.215 0.353 0.212 0.219 1    
183:  0.316 0.055 0.388 0.240 1    
184:  0.335 0.098 0.385 0.182 1    
185:  0.362 0.047 0.415 0.175 1    
186:  0.264 0.143 0.287 0.307 1    
187:  0.455 0.027 0.351 0.167 1    
188:  0.305 0.075 0.388 0.232 1    
189:  0.270 0.160 0.312 0.257 1    
190:  0.294 0.151 0.311 0.244 1    
191:  0.390 0.046 0.332 0.232 1    
192:  0.327 0.091 0.319 0.262 1    
193:  0.315 0.140 0.294 0.250 1    
194:  0.141 0.553 0.139 0.167 1    
195:  0.196 0.061 0.183 0.561 1    
196:  0.333 0.106 0.352 0.209 1    
197:  0.262 0.286 0.266 0.186 1    
198:  0.347 0.112 0.336 0.205 1    
199:  0.281 0.208 0.322 0.188 1    
200:  0.219 0.285 0.274 0.223 1    
201:  0.287 0.046 0.302 0.365 1    
202:  0.276 0.156 0.285 0.284 1    
203:  0.352 0.062 0.341 0.245 1    
204:  0.139 0.151 0.148 0.562 1    
205:  0.300 0.176 0.261 0.263 1    
206:  0.382 0.056 0.340 0.222 1    
207:  0.312 0.104 0.378 0.206 1    
208:  0.418 0.029 0.326 0.226 1    
209:  0.215 0.371 0.275 0.138 1    
210:  0.228 0.137 0.254 0.381 1    
211:  0.368 0.052 0.301 0.278 1    
212:  0.384 0.054 0.326 0.236 1    
213:  0.100 0.623 0.103 0.174 1    
214:  0.372 0.053 0.466 0.109 1    
215:  0.311 0.160 0.283 0.246 1    
216:  0.268 0.147 0.284 0.301 1    
217:  0.204 0.210 0.189 0.397 1    
218:  0.248 0.295 0.237 0.220 1    
219:  0.204 0.430 0.188 0.178 1    
220:  0.378 0.047 0.409 0.166 1    
221:  0.295 0.159 0.308 0.238 1    
222:  0.373 0.054 0.389 0.184 1    
223:  0.314 0.150 0.262 0.273 1    
224:  0.386 0.060 0.367 0.186 1    
225:  0.206 0.434 0.198 0.162 1    
226:  0.186 0.044 0.156 0.615 1    
                 
                 
1:    0.014 0.419 0.113 0.454 1    
2:    0.753 0.095 0.053 0.099 1    
3:    0.499 0.159 0.167 0.175 1    
4:    0.892 0.037 0.035 0.036 1    
5:    0.785 0.093 0.035 0.088 1    
6:    0.877 0.042 0.037 0.044 1    
7:    0.863 0.047 0.039 0.050 1    
8:    0.835 0.061 0.045 0.059 1    
9:    0.918 0.028 0.026 0.028 1    
10:   0.193 0.250 0.281 0.276 1    
11:   0.922 0.027 0.024 0.027 1    
12:   0.741 0.095 0.066 0.098 1    
13:   0.920 0.028 0.025 0.027 1    
14:   0.320 0.217 0.233 0.230 1    
15:   0.830 0.055 0.056 0.059 1    
16:   0.307 0.248 0.212 0.233 1    
17:   0.816 0.065 0.052 0.067 1    
18:   0.635 0.134 0.112 0.119 1    
19:   0.680 0.118 0.103 0.099 1    
20:   0.819 0.062 0.053 0.066 1    
21:   0.752 0.098 0.052 0.098 1    
22:   0.250 0.249 0.250 0.250 1    
23:   0.714 0.122 0.047 0.117 1    
24:   0.804 0.075 0.045 0.076 1    
25:   0.364 0.252 0.132 0.252 1    
26:   0.726 0.085 0.092 0.096 1    
27:   0.666 0.123 0.094 0.118 1    
28:   0.212 0.260 0.263 0.266 1    
29:   0.785 0.080 0.057 0.078 1    
30:   0.823 0.068 0.035 0.074 1    
31:   0.928 0.024 0.023 0.025 1    
32:   0.685 0.119 0.077 0.119 1    
33:   0.699 0.109 0.082 0.110 1    
34:   0.786 0.084 0.053 0.076 1    
35:   0.516 0.169 0.149 0.166 1    
36:   0.399 0.218 0.167 0.216 1    
37:   0.264 0.240 0.256 0.240 1    
38:   0.093 0.294 0.319 0.294 1    
39:   0.905 0.033 0.029 0.034 1    
40:   0.856 0.049 0.040 0.054 1    
41:   0.537 0.162 0.149 0.152 1    
42:   0.847 0.052 0.049 0.052 1    
43:   0.246 0.318 0.113 0.323 1    
44:   0.755 0.081 0.083 0.081 1    
45:   0.681 0.133 0.053 0.133 1    
46:   0.417 0.184 0.204 0.195 1    
47:   0.311 0.214 0.248 0.227 1    
48:   0.592 0.170 0.067 0.171 1    
49:   0.140 0.257 0.317 0.286 1    
50:   0.169 0.262 0.310 0.260 1    
51:   0.053 0.269 0.389 0.288 1    
52:   0.041 0.355 0.272 0.332 1    
53:   0.073 0.315 0.324 0.288 1    
54:   0.042 0.285 0.359 0.314 1    
55:   0.175 0.245 0.295 0.285 1    
56:   0.015 0.354 0.328 0.303 1    
57:   0.046 0.268 0.386 0.300 1    
58:   0.112 0.295 0.300 0.293 1    
59:   0.116 0.280 0.312 0.293 1    
60:   0.039 0.275 0.335 0.351 1    
61:   0.055 0.298 0.349 0.298 1    
62:   0.194 0.252 0.271 0.283 1    
63:   0.168 0.302 0.207 0.324 1    
64:   0.048 0.297 0.356 0.300 1    
65:   0.042 0.334 0.311 0.314 1    
66:   0.192 0.273 0.279 0.257 1    
67:   0.057 0.282 0.353 0.307 1    
68:   0.022 0.285 0.357 0.336 1    
69:   0.031 0.286 0.403 0.279 1    
70:   0.019 0.274 0.400 0.307 1    
71:   0.205 0.260 0.273 0.263 1    
72:   0.024 0.285 0.394 0.298 1    
73:   0.027 0.300 0.395 0.278 1    
74:   0.045 0.300 0.350 0.306 1    
75:   0.050 0.300 0.341 0.309 1    
76:   0.021 0.280 0.416 0.284 1    
77:   0.046 0.331 0.314 0.309 1    
78:   0.029 0.365 0.272 0.334 1    
79:   0.033 0.289 0.407 0.271 1    
80:   0.059 0.353 0.270 0.319 1    
81:   0.043 0.298 0.361 0.298 1    
82:   0.134 0.283 0.270 0.312 1    
83:   0.028 0.312 0.326 0.333 1    
84:   0.041 0.331 0.318 0.309 1    
85:   0.509 0.173 0.160 0.157 1    
86:   0.478 0.183 0.163 0.176 1    
87:   0.286 0.247 0.245 0.222 1    
88:   0.040 0.322 0.347 0.291 1    
89:   0.047 0.291 0.345 0.317 1    
90:   0.051 0.290 0.383 0.276 1    
91:   0.104 0.279 0.287 0.330 1    
92:   0.234 0.276 0.229 0.261 1    
93:   0.040 0.291 0.363 0.305 1    
94:   0.443 0.184 0.196 0.177 1    
95:   0.042 0.282 0.381 0.295 1    
96:   0.064 0.298 0.351 0.287 1    
97:   0.218 0.236 0.276 0.270 1    
98:   0.246 0.253 0.247 0.254 1    
99:   0.122 0.285 0.252 0.341 1    
100:  0.638 0.125 0.113 0.124 1    
101:  0.129 0.270 0.294 0.307 1    
102:  0.038 0.357 0.318 0.287 1    
103:  0.072 0.295 0.335 0.298 1    
104:  0.035 0.315 0.324 0.326 1    
105:  0.195 0.278 0.272 0.254 1    
106:  0.246 0.280 0.206 0.268 1    
107:  0.710 0.092 0.100 0.098 1    
108:  0.038 0.328 0.327 0.308 1    
109:  0.322 0.253 0.189 0.237 1    
110:  0.030 0.317 0.298 0.355 1    
111:  0.062 0.274 0.362 0.303 1    
112:  0.055 0.311 0.352 0.282 1    
113:  0.061 0.292 0.334 0.313 1    
114:  0.442 0.199 0.148 0.212 1    
115:  0.062 0.302 0.318 0.318 1    
116:  0.037 0.288 0.385 0.290 1    
117:  0.077 0.283 0.352 0.288 1    
118:  0.127 0.293 0.254 0.326 1    
119:  0.087 0.315 0.278 0.320 1    
120:  0.019 0.309 0.367 0.305 1    
121:  0.090 0.343 0.269 0.299 1    
122:  0.031 0.341 0.271 0.357 1    
123:  0.079 0.291 0.356 0.273 1    
124:  0.204 0.274 0.228 0.293 1    
125:  0.068 0.302 0.330 0.300 1    
126:  0.274 0.227 0.263 0.237 1    
127:  0.217 0.264 0.272 0.247 1    
128:  0.035 0.339 0.320 0.306 1    
129:  0.038 0.331 0.348 0.283 1    
130:  0.040 0.310 0.355 0.295 1    
131:  0.039 0.337 0.267 0.357 1    
132:  0.130 0.326 0.226 0.318 1    
133:  0.178 0.275 0.294 0.254 1    
134:  0.074 0.337 0.273 0.317 1    
135:  0.057 0.296 0.352 0.295 1    
136:  0.071 0.289 0.351 0.288 1    
137:  0.088 0.317 0.296 0.300 1    
138:  0.111 0.280 0.333 0.276 1    
139:  0.065 0.281 0.377 0.277 1    
140:  0.166 0.265 0.312 0.257 1    
141:  0.225 0.247 0.276 0.253 1    
142:  0.070 0.339 0.230 0.360 1    
143:  0.019 0.316 0.303 0.363 1    
144:  0.033 0.333 0.316 0.318 1    
145:  0.395 0.202 0.202 0.201 1    
146:  0.127 0.293 0.292 0.288 1    
147:  0.103 0.296 0.283 0.317 1    
148:  0.036 0.310 0.355 0.300 1    
149:  0.105 0.277 0.313 0.305 1    
150:  0.053 0.303 0.354 0.290 1    
151:  0.325 0.234 0.231 0.210 1    
152:  0.072 0.295 0.336 0.296 1    
153:  0.569 0.155 0.116 0.159 1    
154:  0.065 0.319 0.292 0.324 1    
155:  0.148 0.273 0.319 0.260 1    
156:  0.038 0.291 0.387 0.284 1    
157:  0.022 0.325 0.343 0.310 1    
158:  0.129 0.303 0.293 0.275 1    
159:  0.068 0.333 0.292 0.307 1    
160:  0.030 0.307 0.369 0.294 1    
161:  0.025 0.290 0.373 0.311 1    
162:  0.120 0.277 0.328 0.275 1    
163:  0.028 0.308 0.382 0.282 1    
164:  0.064 0.307 0.298 0.332 1    
165:  0.036 0.291 0.374 0.300 1    
166:  0.029 0.293 0.397 0.281 1    
167:  0.033 0.300 0.319 0.348 1    
168:  0.034 0.293 0.359 0.314 1    
169:  0.031 0.299 0.370 0.300 1    
170:  0.066 0.295 0.344 0.295 1    
171:  0.030 0.302 0.374 0.294 1    
172:  0.041 0.332 0.320 0.307 1    
173:  0.037 0.289 0.369 0.304 1    
174:  0.041 0.332 0.332 0.295 1    
175:  0.029 0.338 0.346 0.287 1    
176:  0.037 0.317 0.319 0.327 1    
177:  0.079 0.285 0.329 0.307 1    
178:  0.051 0.370 0.250 0.330 1    
179:  0.077 0.272 0.362 0.290 1    
180:  0.041 0.275 0.397 0.287 1    
181:  0.149 0.264 0.297 0.290 1    
182:  0.330 0.228 0.220 0.223 1    
183:  0.049 0.327 0.317 0.306 1    
184:  0.090 0.291 0.333 0.285 1    
185:  0.041 0.335 0.342 0.282 1    
186:  0.139 0.293 0.264 0.305 1    
187:  0.022 0.287 0.417 0.274 1    
188:  0.066 0.339 0.305 0.290 1    
189:  0.145 0.284 0.299 0.273 1    
190:  0.138 0.269 0.300 0.293 1    
191:  0.038 0.282 0.391 0.289 1    
192:  0.083 0.280 0.338 0.299 1    
193:  0.135 0.287 0.305 0.273 1    
194:  0.552 0.131 0.155 0.161 1    
195:  0.052 0.354 0.226 0.368 1    
196:  0.097 0.268 0.329 0.306 1    
197:  0.281 0.224 0.262 0.232 1    
198:  0.099 0.293 0.323 0.285 1    
199:  0.188 0.247 0.294 0.271 1    
200:  0.272 0.258 0.227 0.243 1    
201:  0.039 0.325 0.296 0.341 1    
202:  0.140 0.295 0.289 0.276 1    
203:  0.060 0.300 0.351 0.289 1    
204:  0.152 0.340 0.172 0.335 1    
205:  0.163 0.259 0.309 0.269 1    
206:  0.049 0.297 0.353 0.301 1    
207:  0.104 0.298 0.313 0.286 1    
208:  0.026 0.304 0.359 0.311 1    
209:  0.370 0.216 0.215 0.199 1    
210:  0.124 0.323 0.253 0.300 1    
211:  0.047 0.314 0.330 0.309 1    
212:  0.047 0.278 0.370 0.305 1    
213:  0.639 0.135 0.100 0.127 1    
214:  0.052 0.297 0.351 0.299 1    
215:  0.154 0.265 0.309 0.272 1    
216:  0.134 0.300 0.269 0.297 1    
217:  0.193 0.306 0.206 0.295 1    
218:  0.290 0.233 0.242 0.236 1    
219:  0.442 0.174 0.202 0.183 1    
220:  0.045 0.301 0.353 0.302 1    
221:  0.148 0.299 0.287 0.266 1    
222:  0.044 0.298 0.362 0.295 1    
223:  0.148 0.271 0.298 0.283 1    
224:  0.055 0.305 0.353 0.286 1    
225:  0.448 0.188 0.191 0.174 1    
226:  0.039 0.374 0.229 0.358 1    
                 
                 
1:    0.207 0.442 0.331 0.019 1    
2:    0.051 0.085 0.065 0.798 1    
3:    0.156 0.169 0.174 0.501 1    
4:    0.031 0.033 0.033 0.903 1    
5:    0.043 0.070 0.049 0.838 1    
6:    0.035 0.039 0.035 0.892 1    
7:    0.039 0.042 0.041 0.879 1    
8:    0.046 0.060 0.047 0.847 1    
9:    0.025 0.024 0.024 0.927 1    
10:   0.258 0.284 0.274 0.184 1    
11:   0.022 0.023 0.023 0.932 1    
12:   0.070 0.091 0.079 0.760 1    
13:   0.021 0.022 0.022 0.934 1    
14:   0.230 0.217 0.242 0.311 1    
15:   0.055 0.057 0.051 0.837 1    
16:   0.254 0.208 0.248 0.290 1    
17:   0.064 0.059 0.058 0.820 1    
18:   0.143 0.107 0.134 0.617 1    
19:   0.097 0.103 0.104 0.696 1    
20:   0.057 0.063 0.059 0.821 1    
21:   0.058 0.085 0.069 0.788 1    
22:   0.249 0.252 0.250 0.249 1    
23:   0.051 0.099 0.077 0.774 1    
24:   0.049 0.065 0.055 0.832 1    
25:   0.151 0.234 0.196 0.419 1    
26:   0.091 0.089 0.093 0.727 1    
27:   0.087 0.110 0.111 0.691 1    
28:   0.247 0.284 0.261 0.208 1    
29:   0.054 0.065 0.063 0.818 1    
30:   0.036 0.055 0.046 0.862 1    
31:   0.021 0.023 0.021 0.935 1    
32:   0.069 0.111 0.088 0.731 1    
33:   0.078 0.093 0.094 0.735 1    
34:   0.060 0.070 0.066 0.803 1    
35:   0.156 0.166 0.162 0.516 1    
36:   0.187 0.200 0.195 0.418 1    
37:   0.240 0.250 0.242 0.267 1    
38:   0.317 0.294 0.299 0.090 1    
39:   0.028 0.031 0.029 0.912 1    
40:   0.039 0.047 0.042 0.872 1    
41:   0.155 0.165 0.161 0.519 1    
42:   0.043 0.051 0.049 0.857 1    
43:   0.163 0.279 0.229 0.329 1    
44:   0.078 0.081 0.083 0.757 1    
45:   0.061 0.097 0.084 0.758 1    
46:   0.180 0.214 0.203 0.403 1    
47:   0.209 0.245 0.232 0.314 1    
48:   0.080 0.139 0.105 0.676 1    
49:   0.291 0.304 0.292 0.113 1    
50:   0.275 0.290 0.280 0.155 1    
51:   0.305 0.320 0.327 0.048 1    
52:   0.296 0.339 0.327 0.038 1    
53:   0.331 0.292 0.313 0.064 1    
54:   0.360 0.285 0.318 0.038 1    
55:   0.276 0.292 0.275 0.157 1    
56:   0.386 0.263 0.338 0.013 1    
57:   0.306 0.326 0.328 0.040 1    
58:   0.268 0.323 0.284 0.124 1    
59:   0.344 0.259 0.293 0.104 1    
60:   0.326 0.333 0.310 0.030 1    
61:   0.306 0.331 0.311 0.051 1    
62:   0.248 0.292 0.286 0.173 1    
63:   0.228 0.329 0.272 0.171 1    
64:   0.340 0.296 0.321 0.043 1    
65:   0.292 0.347 0.318 0.042 1    
66:   0.293 0.244 0.280 0.183 1    
67:   0.303 0.321 0.331 0.045 1    
68:   0.337 0.336 0.308 0.019 1    
69:   0.347 0.297 0.329 0.027 1    
70:   0.318 0.347 0.319 0.016 1    
71:   0.287 0.256 0.267 0.190 1    
72:   0.365 0.285 0.330 0.020 1    
73:   0.338 0.342 0.296 0.025 1    
74:   0.344 0.303 0.313 0.040 1    
75:   0.321 0.323 0.307 0.049 1    
76:   0.322 0.315 0.346 0.018 1    
77:   0.345 0.300 0.315 0.040 1    
78:   0.356 0.288 0.331 0.025 1    
79:   0.351 0.314 0.307 0.029 1    
80:   0.324 0.296 0.323 0.056 1    
81:   0.302 0.342 0.318 0.039 1    
82:   0.279 0.313 0.291 0.117 1    
83:   0.324 0.326 0.325 0.025 1    
84:   0.323 0.325 0.316 0.036 1    
85:   0.158 0.165 0.165 0.511 1    
86:   0.175 0.176 0.177 0.472 1    
87:   0.289 0.198 0.251 0.261 1    
88:   0.365 0.265 0.333 0.037 1    
89:   0.331 0.320 0.305 0.044 1    
90:   0.351 0.293 0.310 0.045 1    
91:   0.305 0.308 0.291 0.097 1    
92:   0.247 0.250 0.268 0.235 1    
93:   0.332 0.307 0.329 0.033 1    
94:   0.195 0.176 0.193 0.435 1    
95:   0.341 0.314 0.309 0.036 1    
96:   0.400 0.235 0.319 0.047 1    
97:   0.254 0.269 0.270 0.207 1    
98:   0.281 0.231 0.266 0.221 1    
99:   0.275 0.333 0.281 0.111 1    
100:  0.126 0.123 0.133 0.619 1    
101:  0.275 0.319 0.288 0.118 1    
102:  0.350 0.280 0.336 0.035 1    
103:  0.310 0.314 0.309 0.067 1    
104:  0.275 0.367 0.325 0.032 1    
105:  0.249 0.295 0.271 0.185 1    
106:  0.211 0.282 0.248 0.259 1    
107:  0.103 0.105 0.103 0.690 1    
108:  0.392 0.248 0.329 0.032 1    
109:  0.241 0.209 0.231 0.319 1    
110:  0.312 0.319 0.343 0.026 1    
111:  0.311 0.328 0.308 0.052 1    
112:  0.319 0.322 0.309 0.050 1    
113:  0.373 0.270 0.307 0.050 1    
114:  0.163 0.198 0.195 0.443 1    
115:  0.301 0.321 0.324 0.054 1    
116:  0.341 0.307 0.317 0.035 1    
117:  0.329 0.290 0.307 0.073 1    
118:  0.279 0.305 0.293 0.123 1    
119:  0.299 0.320 0.296 0.085 1    
120:  0.417 0.239 0.327 0.017 1    
121:  0.282 0.334 0.300 0.084 1    
122:  0.274 0.385 0.312 0.030 1    
123:  0.323 0.302 0.300 0.075 1    
124:  0.209 0.297 0.281 0.213 1    
125:  0.371 0.257 0.313 0.059 1    
126:  0.237 0.264 0.254 0.246 1    
127:  0.324 0.220 0.265 0.191 1    
128:  0.375 0.272 0.323 0.031 1    
129:  0.322 0.317 0.330 0.031 1    
130:  0.390 0.256 0.323 0.032 1    
131:  0.275 0.383 0.307 0.035 1    
132:  0.253 0.327 0.285 0.134 1    
133:  0.269 0.291 0.261 0.179 1    
134:  0.298 0.321 0.316 0.065 1    
135:  0.368 0.253 0.329 0.050 1    
136:  0.323 0.292 0.317 0.068 1    
137:  0.293 0.297 0.325 0.085 1    
138:  0.290 0.304 0.299 0.108 1    
139:  0.321 0.300 0.317 0.062 1    
140:  0.275 0.274 0.279 0.172 1    
141:  0.263 0.251 0.273 0.213 1    
142:  0.261 0.389 0.277 0.073 1    
143:  0.313 0.340 0.330 0.017 1    
144:  0.310 0.336 0.324 0.029 1    
145:  0.216 0.206 0.221 0.356 1    
146:  0.304 0.300 0.287 0.109 1    
147:  0.289 0.314 0.307 0.090 1    
148:  0.316 0.343 0.308 0.033 1    
149:  0.329 0.279 0.294 0.099 1    
150:  0.380 0.255 0.320 0.045 1    
151:  0.262 0.198 0.247 0.293 1    
152:  0.350 0.271 0.316 0.063 1    
153:  0.119 0.141 0.129 0.611 1    
154:  0.274 0.329 0.332 0.064 1    
155:  0.287 0.284 0.290 0.140 1    
156:  0.325 0.314 0.329 0.032 1    
157:  0.337 0.311 0.333 0.019 1    
158:  0.320 0.257 0.293 0.130 1    
159:  0.319 0.298 0.320 0.062 1    
160:  0.350 0.305 0.318 0.027 1    
161:  0.385 0.271 0.321 0.023 1    
162:  0.314 0.270 0.308 0.108 1    
163:  0.329 0.328 0.318 0.025 1    
164:  0.308 0.321 0.315 0.056 1    
165:  0.310 0.348 0.310 0.031 1    
166:  0.339 0.327 0.308 0.027 1    
167:  0.322 0.328 0.320 0.029 1    
168:  0.312 0.332 0.322 0.033 1    
169:  0.387 0.262 0.325 0.026 1    
170:  0.348 0.278 0.318 0.055 1    
171:  0.351 0.300 0.324 0.026 1    
172:  0.355 0.296 0.312 0.037 1    
173:  0.318 0.320 0.327 0.034 1    
174:  0.328 0.303 0.334 0.035 1    
175:  0.349 0.290 0.336 0.025 1    
176:  0.358 0.285 0.323 0.034 1    
177:  0.315 0.309 0.305 0.071 1    
178:  0.342 0.289 0.319 0.050 1    
179:  0.286 0.328 0.313 0.073 1    
180:  0.309 0.329 0.327 0.035 1    
181:  0.266 0.313 0.285 0.136 1    
182:  0.227 0.221 0.225 0.328 1    
183:  0.345 0.288 0.323 0.044 1    
184:  0.334 0.269 0.315 0.082 1    
185:  0.369 0.266 0.326 0.039 1    
186:  0.273 0.296 0.298 0.132 1    
187:  0.345 0.324 0.311 0.019 1    
188:  0.363 0.256 0.322 0.059 1    
189:  0.295 0.288 0.282 0.135 1    
190:  0.303 0.282 0.291 0.124 1    
191:  0.308 0.332 0.325 0.035 1    
192:  0.315 0.304 0.306 0.075 1    
193:  0.296 0.283 0.302 0.120 1    
194:  0.140 0.160 0.169 0.531 1    
195:  0.278 0.366 0.308 0.049 1    
196:  0.325 0.292 0.296 0.087 1    
197:  0.262 0.224 0.253 0.261 1    
198:  0.333 0.278 0.295 0.094 1    
199:  0.299 0.250 0.283 0.168 1    
200:  0.263 0.233 0.251 0.253 1    
201:  0.315 0.326 0.324 0.035 1    
202:  0.290 0.287 0.287 0.136 1    
203:  0.322 0.306 0.319 0.053 1    
204:  0.228 0.337 0.277 0.158 1    
205:  0.279 0.286 0.279 0.156 1    
206:  0.310 0.329 0.315 0.046 1    
207:  0.335 0.266 0.311 0.087 1    
208:  0.322 0.352 0.304 0.022 1    
209:  0.253 0.192 0.215 0.340 1    
210:  0.286 0.293 0.295 0.127 1    
211:  0.290 0.362 0.302 0.046 1    
212:  0.304 0.325 0.325 0.047 1    
213:  0.113 0.116 0.111 0.659 1    
214:  0.399 0.243 0.314 0.044 1    
215:  0.277 0.282 0.280 0.161 1    
216:  0.294 0.285 0.295 0.127 1    
217:  0.245 0.278 0.274 0.203 1    
218:  0.237 0.239 0.236 0.289 1    
219:  0.184 0.178 0.187 0.451 1    
220:  0.367 0.273 0.321 0.039 1    
221:  0.301 0.260 0.293 0.146 1    
222:  0.359 0.278 0.324 0.039 1    
223:  0.278 0.305 0.274 0.143 1    
224:  0.328 0.302 0.321 0.050 1    
225:  0.191 0.178 0.182 0.449 1    
226:  0.275 0.368 0.319 0.038 1    
                 
                 
1:    0.015 0.035 0.333 0.617 1    
2:    0.755 0.050 0.080 0.115 1    
3:    0.505 0.157 0.168 0.170 1    
4:    0.887 0.034 0.037 0.041 1    
5:    0.790 0.030 0.073 0.107 1    
6:    0.880 0.035 0.041 0.044 1    
7:    0.861 0.038 0.045 0.056 1    
8:    0.830 0.042 0.061 0.066 1    
9:    0.917 0.026 0.028 0.030 1    
10:   0.194 0.286 0.261 0.259 1    
11:   0.921 0.026 0.026 0.027 1    
12:   0.738 0.062 0.094 0.106 1    
13:   0.920 0.023 0.027 0.030 1    
14:   0.325 0.233 0.231 0.212 1    
15:   0.829 0.051 0.063 0.057 1    
16:   0.299 0.203 0.259 0.239 1    
17:   0.806 0.050 0.071 0.073 1    
18:   0.629 0.107 0.143 0.121 1    
19:   0.666 0.115 0.111 0.108 1    
20:   0.816 0.053 0.061 0.070 1    
21:   0.751 0.050 0.091 0.109 1    
22:   0.253 0.249 0.249 0.249 1    
23:   0.721 0.038 0.092 0.150 1    
24:   0.796 0.039 0.071 0.093 1    
25:   0.362 0.120 0.210 0.308 1    
26:   0.726 0.089 0.092 0.093 1    
27:   0.661 0.093 0.108 0.137 1    
28:   0.216 0.255 0.264 0.265 1    
29:   0.778 0.055 0.074 0.093 1    
30:   0.824 0.030 0.058 0.088 1    
31:   0.928 0.021 0.027 0.025 1    
32:   0.701 0.065 0.101 0.134 1    
33:   0.702 0.078 0.100 0.119 1    
34:   0.791 0.046 0.077 0.087 1    
35:   0.514 0.142 0.167 0.176 1    
36:   0.396 0.148 0.216 0.240 1    
37:   0.263 0.264 0.231 0.242 1    
38:   0.090 0.341 0.310 0.260 1    
39:   0.899 0.028 0.034 0.039 1    
40:   0.847 0.039 0.051 0.063 1    
41:   0.530 0.138 0.169 0.163 1    
42:   0.841 0.043 0.054 0.063 1    
43:   0.258 0.087 0.242 0.413 1    
44:   0.758 0.082 0.077 0.083 1    
45:   0.683 0.042 0.103 0.172 1    
46:   0.423 0.192 0.192 0.194 1    
47:   0.307 0.260 0.209 0.224 1    
48:   0.592 0.051 0.144 0.213 1    
49:   0.129 0.347 0.271 0.254 1    
50:   0.169 0.319 0.263 0.249 1    
51:   0.053 0.411 0.297 0.239 1    
52:   0.041 0.273 0.311 0.374 1    
53:   0.072 0.342 0.333 0.254 1    
54:   0.044 0.377 0.333 0.246 1    
55:   0.176 0.322 0.270 0.232 1    
56:   0.014 0.326 0.341 0.319 1    
57:   0.044 0.400 0.296 0.259 1    
58:   0.125 0.290 0.265 0.320 1    
59:   0.116 0.282 0.352 0.250 1    
60:   0.039 0.332 0.343 0.287 1    
61:   0.054 0.348 0.293 0.305 1    
62:   0.194 0.268 0.250 0.288 1    
63:   0.169 0.200 0.264 0.367 1    
64:   0.050 0.372 0.294 0.284 1    
65:   0.045 0.314 0.301 0.340 1    
66:   0.193 0.271 0.276 0.259 1    
67:   0.054 0.385 0.266 0.296 1    
68:   0.022 0.363 0.340 0.275 1    
69:   0.030 0.455 0.287 0.227 1    
70:   0.018 0.435 0.306 0.241 1    
71:   0.202 0.264 0.294 0.240 1    
72:   0.023 0.399 0.333 0.245 1    
73:   0.028 0.437 0.274 0.262 1    
74:   0.046 0.340 0.345 0.269 1    
75:   0.049 0.356 0.324 0.271 1    
76:   0.021 0.429 0.317 0.234 1    
77:   0.045 0.302 0.314 0.338 1    
78:   0.031 0.259 0.324 0.386 1    
79:   0.032 0.481 0.262 0.225 1    
80:   0.064 0.242 0.328 0.366 1    
81:   0.042 0.377 0.313 0.267 1    
82:   0.133 0.256 0.308 0.302 1    
83:   0.029 0.343 0.315 0.312 1    
84:   0.044 0.316 0.307 0.333 1    
85:   0.506 0.161 0.167 0.166 1    
86:   0.475 0.164 0.188 0.173 1    
87:   0.264 0.235 0.282 0.220 1    
88:   0.042 0.368 0.335 0.255 1    
89:   0.049 0.361 0.320 0.271 1    
90:   0.053 0.426 0.274 0.248 1    
91:   0.108 0.267 0.325 0.299 1    
92:   0.241 0.210 0.275 0.275 1    
93:   0.039 0.396 0.288 0.277 1    
94:   0.437 0.212 0.173 0.178 1    
95:   0.040 0.431 0.278 0.250 1    
96:   0.056 0.346 0.360 0.239 1    
97:   0.213 0.262 0.273 0.251 1    
98:   0.235 0.243 0.285 0.237 1    
99:   0.118 0.250 0.310 0.322 1    
100:  0.625 0.106 0.127 0.142 1    
101:  0.130 0.296 0.286 0.288 1    
102:  0.038 0.316 0.338 0.307 1    
103:  0.069 0.361 0.302 0.268 1    
104:  0.036 0.341 0.301 0.321 1    
105:  0.204 0.277 0.254 0.265 1    
106:  0.268 0.178 0.258 0.296 1    
107:  0.707 0.088 0.107 0.098 1    
108:  0.036 0.331 0.363 0.269 1    
109:  0.320 0.185 0.241 0.253 1    
110:  0.032 0.297 0.310 0.362 1    
111:  0.063 0.400 0.274 0.264 1    
112:  0.056 0.360 0.312 0.272 1    
113:  0.056 0.360 0.356 0.228 1    
114:  0.438 0.128 0.196 0.238 1    
115:  0.059 0.329 0.294 0.318 1    
116:  0.040 0.412 0.287 0.261 1    
117:  0.075 0.362 0.292 0.270 1    
118:  0.127 0.251 0.293 0.329 1    
119:  0.088 0.282 0.293 0.337 1    
120:  0.019 0.379 0.355 0.247 1    
121:  0.087 0.261 0.305 0.347 1    
122:  0.033 0.252 0.299 0.415 1    
123:  0.081 0.380 0.271 0.267 1    
124:  0.207 0.220 0.252 0.320 1    
125:  0.071 0.306 0.342 0.281 1    
126:  0.270 0.260 0.227 0.242 1    
127:  0.204 0.260 0.304 0.233 1    
128:  0.033 0.303 0.347 0.317 1    
129:  0.037 0.361 0.309 0.293 1    
130:  0.038 0.346 0.348 0.268 1    
131:  0.039 0.238 0.322 0.402 1    
132:  0.135 0.191 0.312 0.361 1    
133:  0.186 0.309 0.255 0.250 1    
134:  0.072 0.299 0.309 0.319 1    
135:  0.058 0.372 0.325 0.244 1    
136:  0.071 0.382 0.278 0.269 1    
137:  0.090 0.291 0.300 0.319 1    
138:  0.121 0.336 0.268 0.276 1    
139:  0.066 0.408 0.261 0.266 1    
140:  0.169 0.323 0.240 0.268 1    
141:  0.229 0.279 0.257 0.235 1    
142:  0.070 0.214 0.310 0.406 1    
143:  0.019 0.320 0.323 0.338 1    
144:  0.033 0.344 0.298 0.325 1    
145:  0.364 0.217 0.230 0.190 1    
146:  0.122 0.280 0.304 0.294 1    
147:  0.100 0.308 0.315 0.278 1    
148:  0.039 0.364 0.301 0.297 1    
149:  0.110 0.300 0.312 0.279 1    
150:  0.051 0.355 0.347 0.247 1    
151:  0.304 0.223 0.259 0.214 1    
152:  0.073 0.342 0.337 0.248 1    
153:  0.589 0.099 0.143 0.169 1    
154:  0.065 0.280 0.315 0.340 1    
155:  0.144 0.335 0.275 0.246 1    
156:  0.036 0.432 0.286 0.246 1    
157:  0.022 0.347 0.305 0.326 1    
158:  0.132 0.275 0.298 0.296 1    
159:  0.071 0.286 0.327 0.316 1    
160:  0.030 0.411 0.281 0.278 1    
161:  0.026 0.419 0.321 0.234 1    
162:  0.126 0.340 0.293 0.240 1    
163:  0.027 0.424 0.265 0.284 1    
164:  0.060 0.305 0.298 0.336 1    
165:  0.037 0.379 0.304 0.280 1    
166:  0.031 0.456 0.268 0.245 1    
167:  0.032 0.352 0.329 0.286 1    
168:  0.036 0.392 0.285 0.287 1    
169:  0.030 0.385 0.354 0.231 1    
170:  0.062 0.362 0.339 0.237 1    
171:  0.030 0.420 0.282 0.268 1    
172:  0.041 0.310 0.319 0.330 1    
173:  0.037 0.408 0.276 0.279 1    
174:  0.042 0.341 0.333 0.283 1    
175:  0.029 0.342 0.324 0.306 1    
176:  0.037 0.303 0.331 0.329 1    
177:  0.076 0.327 0.319 0.278 1    
178:  0.055 0.225 0.329 0.391 1    
179:  0.074 0.387 0.264 0.275 1    
180:  0.039 0.416 0.298 0.246 1    
181:  0.150 0.298 0.284 0.267 1    
182:  0.341 0.218 0.228 0.213 1    
183:  0.052 0.307 0.332 0.309 1    
184:  0.086 0.332 0.332 0.251 1    
185:  0.042 0.353 0.328 0.278 1    
186:  0.130 0.262 0.294 0.313 1    
187:  0.021 0.468 0.269 0.242 1    
188:  0.064 0.291 0.343 0.301 1    
189:  0.145 0.285 0.295 0.276 1    
190:  0.138 0.296 0.297 0.269 1    
191:  0.037 0.406 0.296 0.261 1    
192:  0.082 0.331 0.304 0.283 1    
193:  0.129 0.325 0.293 0.253 1    
194:  0.553 0.147 0.149 0.152 1    
195:  0.054 0.205 0.311 0.430 1    
196:  0.093 0.350 0.309 0.248 1    
197:  0.276 0.280 0.243 0.201 1    
198:  0.097 0.351 0.297 0.256 1    
199:  0.184 0.298 0.283 0.234 1    
200:  0.266 0.216 0.277 0.241 1    
201:  0.041 0.292 0.317 0.350 1    
202:  0.141 0.290 0.294 0.275 1    
203:  0.060 0.361 0.297 0.281 1    
204:  0.153 0.130 0.297 0.420 1    
205:  0.159 0.325 0.263 0.253 1    
206:  0.050 0.394 0.294 0.262 1    
207:  0.101 0.293 0.329 0.277 1    
208:  0.025 0.404 0.295 0.276 1    
209:  0.355 0.196 0.255 0.195 1    
210:  0.143 0.236 0.302 0.319 1    
211:  0.048 0.359 0.290 0.304 1    
212:  0.048 0.397 0.294 0.261 1    
213:  0.643 0.085 0.124 0.149 1    
214:  0.050 0.345 0.360 0.245 1    
215:  0.157 0.313 0.268 0.262 1    
216:  0.133 0.269 0.291 0.307 1    
217:  0.205 0.192 0.260 0.343 1    
218:  0.281 0.245 0.236 0.237 1    
219:  0.432 0.206 0.188 0.174 1    
220:  0.041 0.364 0.325 0.269 1    
221:  0.145 0.279 0.296 0.280 1    
222:  0.046 0.396 0.311 0.247 1    
223:  0.148 0.310 0.265 0.277 1    
224:  0.052 0.381 0.308 0.260 1    
225:  0.438 0.203 0.185 0.175 1    
226:  0.041 0.205 0.298 0.455 1    
                 
                 
1:    0.189 0.140 0.014 0.657 1    
2:    0.056 0.057 0.749 0.139 1    
3:    0.158 0.162 0.509 0.171 1    
4:    0.035 0.037 0.887 0.041 1    
5:    0.055 0.040 0.787 0.117 1    
6:    0.039 0.039 0.874 0.048 1    
7:    0.039 0.040 0.865 0.055 1    
8:    0.054 0.047 0.831 0.069 1    
9:    0.026 0.027 0.918 0.028 1    
10:   0.224 0.296 0.200 0.280 1    
11:   0.025 0.026 0.920 0.029 1    
12:   0.067 0.071 0.742 0.119 1    
13:   0.027 0.024 0.918 0.031 1    
14:   0.234 0.225 0.328 0.212 1    
15:   0.061 0.053 0.830 0.056 1    
16:   0.278 0.186 0.312 0.224 1    
17:   0.071 0.051 0.804 0.074 1    
18:   0.161 0.104 0.626 0.109 1    
19:   0.114 0.103 0.668 0.114 1    
20:   0.052 0.055 0.813 0.080 1    
21:   0.064 0.054 0.764 0.118 1    
22:   0.251 0.249 0.251 0.249 1    
23:   0.063 0.053 0.714 0.169 1    
24:   0.056 0.049 0.783 0.112 1    
25:   0.148 0.156 0.364 0.332 1    
26:   0.090 0.088 0.728 0.095 1    
27:   0.091 0.096 0.684 0.129 1    
28:   0.231 0.282 0.215 0.271 1    
29:   0.061 0.060 0.781 0.097 1    
30:   0.044 0.036 0.821 0.099 1    
31:   0.022 0.023 0.928 0.026 1    
32:   0.080 0.084 0.697 0.138 1    
33:   0.089 0.086 0.703 0.122 1    
34:   0.074 0.055 0.782 0.089 1    
35:   0.160 0.146 0.514 0.180 1    
36:   0.204 0.156 0.389 0.251 1    
37:   0.215 0.267 0.265 0.253 1    
38:   0.346 0.308 0.093 0.253 1    
39:   0.032 0.028 0.901 0.039 1    
40:   0.045 0.042 0.852 0.062 1    
41:   0.155 0.147 0.530 0.168 1    
42:   0.050 0.050 0.839 0.062 1    
43:   0.175 0.127 0.252 0.445 1    
44:   0.066 0.082 0.764 0.087 1    
45:   0.074 0.059 0.678 0.189 1    
46:   0.159 0.204 0.416 0.220 1    
47:   0.170 0.271 0.306 0.253 1    
48:   0.093 0.078 0.585 0.244 1    
49:   0.242 0.356 0.135 0.267 1    
50:   0.225 0.333 0.165 0.277 1    
51:   0.226 0.442 0.056 0.275 1    
52:   0.306 0.284 0.043 0.368 1    
53:   0.401 0.303 0.073 0.223 1    
54:   0.364 0.375 0.044 0.216 1    
55:   0.270 0.300 0.175 0.255 1    
56:   0.429 0.292 0.014 0.264 1    
57:   0.239 0.441 0.048 0.272 1    
58:   0.231 0.293 0.127 0.349 1    
59:   0.376 0.295 0.113 0.216 1    
60:   0.340 0.358 0.041 0.261 1    
61:   0.251 0.372 0.054 0.323 1    
62:   0.233 0.264 0.188 0.314 1    
63:   0.198 0.213 0.168 0.421 1    
64:   0.310 0.349 0.052 0.289 1    
65:   0.274 0.334 0.043 0.349 1    
66:   0.298 0.255 0.193 0.254 1    
67:   0.248 0.363 0.056 0.333 1    
68:   0.338 0.374 0.023 0.265 1    
69:   0.307 0.436 0.030 0.226 1    
70:   0.271 0.448 0.020 0.262 1    
71:   0.315 0.260 0.212 0.213 1    
72:   0.358 0.401 0.024 0.217 1    
73:   0.285 0.411 0.027 0.277 1    
74:   0.371 0.331 0.048 0.251 1    
75:   0.351 0.331 0.051 0.267 1    
76:   0.303 0.431 0.021 0.245 1    
77:   0.350 0.300 0.046 0.305 1    
78:   0.374 0.250 0.029 0.346 1    
79:   0.325 0.390 0.034 0.251 1    
80:   0.328 0.267 0.059 0.346 1    
81:   0.298 0.374 0.045 0.283 1    
82:   0.300 0.264 0.136 0.300 1    
83:   0.348 0.325 0.029 0.298 1    
84:   0.306 0.325 0.040 0.329 1    
85:   0.181 0.151 0.489 0.179 1    
86:   0.194 0.149 0.484 0.174 1    
87:   0.344 0.212 0.255 0.189 1    
88:   0.416 0.318 0.041 0.225 1    
89:   0.338 0.347 0.047 0.268 1    
90:   0.290 0.405 0.053 0.253 1    
91:   0.317 0.297 0.106 0.280 1    
92:   0.239 0.245 0.236 0.280 1    
93:   0.290 0.389 0.040 0.281 1    
94:   0.191 0.196 0.438 0.175 1    
95:   0.339 0.379 0.043 0.238 1    
96:   0.480 0.286 0.056 0.178 1    
97:   0.243 0.296 0.218 0.244 1    
98:   0.350 0.228 0.223 0.200 1    
99:   0.285 0.263 0.118 0.334 1    
100:  0.116 0.107 0.642 0.136 1    
101:  0.255 0.314 0.124 0.307 1    
102:  0.413 0.287 0.039 0.261 1    
103:  0.283 0.376 0.072 0.268 1    
104:  0.287 0.336 0.035 0.342 1    
105:  0.246 0.272 0.201 0.281 1    
106:  0.208 0.206 0.247 0.339 1    
107:  0.094 0.099 0.705 0.103 1    
108:  0.464 0.290 0.037 0.208 1    
109:  0.241 0.187 0.312 0.259 1    
110:  0.304 0.303 0.032 0.360 1    
111:  0.244 0.400 0.062 0.293 1    
112:  0.324 0.357 0.055 0.265 1    
113:  0.449 0.298 0.059 0.195 1    
114:  0.177 0.154 0.441 0.229 1    
115:  0.253 0.329 0.060 0.358 1    
116:  0.309 0.390 0.041 0.260 1    
117:  0.307 0.351 0.078 0.263 1    
118:  0.317 0.242 0.125 0.316 1    
119:  0.288 0.286 0.087 0.339 1    
120:  0.496 0.308 0.019 0.177 1    
121:  0.280 0.278 0.091 0.351 1    
122:  0.240 0.287 0.031 0.442 1    
123:  0.273 0.374 0.080 0.274 1    
124:  0.198 0.235 0.204 0.364 1    
125:  0.397 0.294 0.066 0.243 1    
126:  0.205 0.271 0.285 0.239 1    
127:  0.367 0.239 0.203 0.191 1    
128:  0.413 0.284 0.034 0.269 1    
129:  0.339 0.327 0.038 0.296 1    
130:  0.453 0.287 0.040 0.220 1    
131:  0.234 0.292 0.039 0.435 1    
132:  0.248 0.230 0.132 0.390 1    
133:  0.249 0.306 0.177 0.268 1    
134:  0.324 0.298 0.076 0.302 1    
135:  0.403 0.335 0.060 0.203 1    
136:  0.286 0.368 0.068 0.278 1    
137:  0.272 0.312 0.091 0.325 1    
138:  0.236 0.344 0.118 0.301 1    
139:  0.230 0.401 0.067 0.302 1    
140:  0.215 0.321 0.164 0.299 1    
141:  0.270 0.279 0.236 0.215 1    
142:  0.245 0.243 0.069 0.443 1    
143:  0.319 0.312 0.020 0.349 1    
144:  0.298 0.339 0.032 0.332 1    
145:  0.252 0.196 0.379 0.172 1    
146:  0.338 0.267 0.123 0.273 1    
147:  0.368 0.283 0.100 0.248 1    
148:  0.311 0.345 0.038 0.306 1    
149:  0.329 0.296 0.115 0.260 1    
150:  0.439 0.313 0.050 0.198 1    
151:  0.309 0.196 0.313 0.183 1    
152:  0.399 0.327 0.072 0.202 1    
153:  0.130 0.120 0.573 0.178 1    
154:  0.264 0.299 0.064 0.373 1    
155:  0.297 0.306 0.147 0.250 1    
156:  0.309 0.395 0.039 0.257 1    
157:  0.322 0.354 0.021 0.303 1    
158:  0.335 0.255 0.132 0.278 1    
159:  0.353 0.273 0.070 0.304 1    
160:  0.314 0.371 0.031 0.285 1    
161:  0.399 0.370 0.026 0.204 1    
162:  0.306 0.326 0.123 0.245 1    
163:  0.272 0.385 0.028 0.315 1    
164:  0.289 0.297 0.062 0.353 1    
165:  0.274 0.378 0.036 0.312 1    
166:  0.321 0.400 0.030 0.249 1    
167:  0.404 0.313 0.032 0.251 1    
168:  0.274 0.382 0.035 0.309 1    
169:  0.466 0.321 0.031 0.182 1    
170:  0.385 0.347 0.061 0.207 1    
171:  0.306 0.383 0.030 0.282 1    
172:  0.358 0.299 0.042 0.301 1    
173:  0.269 0.371 0.039 0.321 1    
174:  0.352 0.341 0.043 0.264 1    
175:  0.396 0.298 0.029 0.276 1    
176:  0.381 0.290 0.039 0.290 1    
177:  0.317 0.343 0.076 0.264 1    
178:  0.351 0.236 0.053 0.359 1    
179:  0.218 0.394 0.079 0.309 1    
180:  0.247 0.436 0.041 0.276 1    
181:  0.237 0.325 0.153 0.284 1    
182:  0.204 0.228 0.336 0.231 1    
183:  0.370 0.294 0.049 0.287 1    
184:  0.358 0.323 0.094 0.226 1    
185:  0.405 0.305 0.042 0.248 1    
186:  0.326 0.253 0.134 0.288 1    
187:  0.273 0.430 0.022 0.275 1    
188:  0.394 0.280 0.063 0.263 1    
189:  0.280 0.305 0.148 0.268 1    
190:  0.308 0.291 0.140 0.260 1    
191:  0.247 0.430 0.040 0.283 1    
192:  0.278 0.359 0.081 0.282 1    
193:  0.315 0.308 0.139 0.238 1    
194:  0.114 0.167 0.567 0.152 1    
195:  0.269 0.237 0.052 0.442 1    
196:  0.308 0.355 0.099 0.238 1    
197:  0.266 0.259 0.288 0.187 1    
198:  0.319 0.329 0.104 0.248 1    
199:  0.293 0.306 0.188 0.213 1    
200:  0.276 0.221 0.268 0.235 1    
201:  0.295 0.323 0.041 0.341 1    
202:  0.269 0.306 0.145 0.280 1    
203:  0.319 0.362 0.057 0.262 1    
