  1:   0.2418  0.2448  0.2807  0.2328  1
  2:   0.2440  0.2470  0.2590  0.2500  1
  3:   0.2673  0.2452  0.2482  0.2392  1
  4:   0.2510  0.2400  0.2630  0.2460  1
  5:   0.2470  0.2510  0.2460  0.2560  1
  6:   0.2490  0.2510  0.2370  0.2630  1
  7:   0.2693  0.2352  0.2653  0.2302  1
  8:   0.2520  0.2430  0.2550  0.2500  1
  9:   0.2410  0.2560  0.2480  0.2550  1
 10:   0.2567  0.2507  0.2488  0.2438  1
 11:   0.2440  0.2370  0.2430  0.2760  1
 12:   0.2570  0.2450  0.2510  0.2470  1
 13:   0.2480  0.2630  0.2430  0.2460  1
 14:   0.2440  0.2520  0.2450  0.2590  1
 15:   0.2700  0.2430  0.2380  0.2490  1
 16:   0.2370  0.2390  0.2620  0.2620  1
 17:   0.2647  0.2488  0.2587  0.2278  1
 18:   0.2440  0.2430  0.2770  0.2360  1
 19:   0.2262  0.2533  0.2813  0.2392  1
 20:   0.2440  0.2450  0.2440  0.2670  1
 21:   0.2318  0.2617  0.2557  0.2507  1
 22:   0.2623  0.2432  0.2703  0.2242  1
 23:   0.2650  0.2450  0.2450  0.2450  1
 24:   0.2543  0.2432  0.2472  0.2553  1
 25:   0.2270  0.2520  0.2800  0.2410  1
 26:   0.2610  0.2560  0.2310  0.2520  1
 27:   0.2300  0.2650  0.2500  0.2550  1
 28:   0.2503  0.2432  0.2593  0.2472  1
 29:   0.2787  0.2488  0.2288  0.2438  1
 30:   0.2460  0.2480  0.2700  0.2360  1
 31:   0.2520  0.2380  0.2550  0.2550  1
 32:   0.2510  0.2460  0.2660  0.2370  1
 33:   0.2458  0.2438  0.2657  0.2448  1
 34:   0.2550  0.2450  0.2440  0.2560  1
 35:   0.2623  0.2412  0.2543  0.2422  1
 36:   0.2690  0.2480  0.2310  0.2520  1
 37:   0.2310  0.2530  0.2600  0.2560  1
 38:   0.2640  0.2540  0.2370  0.2450  1
 39:   0.2380  0.2540  0.2530  0.2550  1
 40:   0.2503  0.2513  0.2503  0.2482  1
 41:   0.2530  0.2420  0.2560  0.2490  1
 42:   0.2340  0.2630  0.2510  0.2520  1
 43:   0.2270  0.2500  0.2560  0.2670  1
 44:   0.2228  0.2428  0.2607  0.2737  1
 45:   0.2240  0.2510  0.2760  0.2490  1
 46:   0.2302  0.2422  0.2803  0.2472  1
 47:   0.2530  0.2400  0.2730  0.2340  1
 48:   0.2460  0.2510  0.2580  0.2450  1
 49:   0.2470  0.2530  0.2510  0.2490  1
 50:   0.2540  0.2470  0.2420  0.2570  1
 51:   0.2478  0.2458  0.2507  0.2557  1
 52:   0.2458  0.2468  0.2547  0.2527  1
 53:   0.2430  0.2400  0.2570  0.2600  1
 54:   0.2412  0.2472  0.2603  0.2513  1
 55:   0.2340  0.2500  0.2630  0.2530  1
 56:   0.2620  0.2490  0.2390  0.2500  1
 57:   0.2242  0.2482  0.2883  0.2392  1
 58:   0.2328  0.2527  0.2627  0.2517  1
 59:   0.2400  0.2510  0.2530  0.2560  1
 60:   0.2520  0.2480  0.2420  0.2580  1
 61:   0.2793  0.2623  0.2192  0.2392  1
 62:   0.2720  0.2580  0.2260  0.2440  1
 63:   0.2490  0.2470  0.2540  0.2500  1
 64:   0.2520  0.2530  0.2470  0.2480  1
 65:   0.2543  0.2513  0.2402  0.2543  1
 66:   0.2380  0.2440  0.2540  0.2640  1
 67:   0.2440  0.2500  0.2560  0.2500  1
 68:   0.2640  0.2450  0.2500  0.2410  1
 69:   0.2670  0.2400  0.2420  0.2510  1
 70:   0.2510  0.2480  0.2520  0.2490  1
 71:   0.2600  0.2570  0.2320  0.2510  1
 72:   0.2378  0.2537  0.2547  0.2537  1
 73:   0.2600  0.2510  0.2430  0.2460  1
 74:   0.2460  0.2470  0.2480  0.2590  1
 75:   0.2503  0.2352  0.2703  0.2442  1
 76:   0.2422  0.2513  0.2743  0.2322  1
 77:   0.2482  0.2422  0.2693  0.2402  1
 78:   0.2470  0.2490  0.2530  0.2510  1
 79:   0.2730  0.2650  0.2180  0.2440  1
 80:   0.2290  0.2600  0.2420  0.2690  1
 81:   0.2530  0.2530  0.2460  0.2480  1
 82:   0.2418  0.2428  0.2507  0.2647  1
 83:   0.2360  0.2460  0.2530  0.2650  1
 84:   0.2318  0.2517  0.2877  0.2288  1
 85:   0.2210  0.2550  0.2740  0.2500  1
 86:   0.2280  0.2550  0.2720  0.2450  1
 87:   0.2720  0.2560  0.2390  0.2330  1
 88:   0.2840  0.2550  0.2150  0.2460  1
 89:   0.2833  0.2492  0.2292  0.2382  1
 90:   0.3030  0.2560  0.2090  0.2320  1
 91:   0.2680  0.2580  0.2400  0.2340  1
 92:   0.2847  0.2567  0.2238  0.2348  1
 93:   0.2302  0.2513  0.2492  0.2693  1
 94:   0.2440  0.2430  0.2480  0.2650  1
 95:   0.2460  0.2400  0.2490  0.2650  1
 96:   0.2280  0.2600  0.2530  0.2590  1
 97:   0.2228  0.2617  0.2557  0.2597  1
 98:   0.2630  0.2520  0.2340  0.2510  1
 99:   0.2410  0.2500  0.2410  0.2680  1
100:   0.2623  0.2593  0.2252  0.2533  1
101:   0.2350  0.2530  0.2580  0.2540  1
102:   0.2360  0.2580  0.2630  0.2430  1
103:   0.2650  0.2480  0.2460  0.2410  1
104:   0.2430  0.2580  0.2370  0.2620  1
105:   0.2757  0.2478  0.2318  0.2448  1
106:   0.2310  0.2550  0.2620  0.2520  1
107:   0.2650  0.2550  0.2280  0.2520  1
108:   0.2650  0.2510  0.2410  0.2430  1
109:   0.2590  0.2500  0.2460  0.2450  1

  1:   0.2280  0.2250  0.2970  0.2500  1
  2:   0.2450  0.2490  0.2510  0.2550  1
  3:   0.2690  0.2420  0.2500  0.2390  1
  4:   0.2370  0.2410  0.2710  0.2510  1
  5:   0.2390  0.2430  0.2670  0.2510  1
  6:   0.2400  0.2720  0.2210  0.2670  1
  7:   0.2410  0.2350  0.2580  0.2660  1
  8:   0.2412  0.2492  0.2422  0.2673  1
  9:   0.2530  0.2510  0.2470  0.2490  1
 10:   0.2480  0.2470  0.2490  0.2560  1
 11:   0.2370  0.2710  0.2220  0.2700  1
 12:   0.2468  0.2567  0.2438  0.2527  1
 13:   0.2710  0.2540  0.2370  0.2380  1
 14:   0.2490  0.2560  0.2400  0.2550  1
 15:   0.2777  0.2468  0.2358  0.2398  1
 16:   0.2440  0.2580  0.2420  0.2560  1
 17:   0.2370  0.2380  0.2560  0.2690  1
 18:   0.2330  0.2320  0.2750  0.2600  1
 19:   0.2250  0.2460  0.2720  0.2570  1
 20:   0.2460  0.2640  0.2300  0.2600  1
 21:   0.2490  0.2470  0.2570  0.2470  1
 22:   0.2350  0.2290  0.2680  0.2680  1
 23:   0.2468  0.2388  0.2448  0.2697  1
 24:   0.2560  0.2510  0.2440  0.2490  1
 25:   0.2412  0.2322  0.2813  0.2452  1
 26:   0.2623  0.2472  0.2402  0.2503  1
 27:   0.2587  0.2577  0.2408  0.2428  1
 28:   0.2410  0.2610  0.2340  0.2640  1
 29:   0.2670  0.2530  0.2360  0.2440  1
 30:   0.2290  0.2420  0.2690  0.2600  1
 31:   0.2352  0.2593  0.2362  0.2693  1
 32:   0.2458  0.2348  0.2717  0.2478  1
 33:   0.2442  0.2402  0.2523  0.2633  1
 34:   0.2450  0.2510  0.2430  0.2610  1
 35:   0.2520  0.2310  0.2630  0.2540  1
 36:   0.2573  0.2653  0.2362  0.2412  1
 37:   0.2398  0.2507  0.2478  0.2617  1
 38:   0.2680  0.2530  0.2400  0.2390  1
 39:   0.2430  0.2600  0.2460  0.2510  1
 40:   0.2560  0.2490  0.2530  0.2420  1
 41:   0.2560  0.2520  0.2470  0.2450  1
 42:   0.2470  0.2630  0.2390  0.2510  1
 43:   0.2292  0.2773  0.2352  0.2583  1
 44:   0.2210  0.2750  0.2370  0.2670  1
 45:   0.2418  0.2308  0.2867  0.2408  1
 46:   0.2360  0.2410  0.2730  0.2500  1
 47:   0.2360  0.2250  0.2880  0.2510  1
 48:   0.2400  0.2410  0.2610  0.2580  1
 49:   0.2460  0.2570  0.2480  0.2490  1
 50:   0.2470  0.2570  0.2360  0.2600  1
 51:   0.2470  0.2480  0.2520  0.2530  1
 52:   0.2452  0.2482  0.2533  0.2533  1
 53:   0.2410  0.2550  0.2420  0.2620  1
 54:   0.2408  0.2527  0.2547  0.2517  1
 55:   0.2490  0.2530  0.2500  0.2480  1
 56:   0.2438  0.2527  0.2338  0.2697  1
 57:   0.2280  0.2310  0.2920  0.2490  1
 58:   0.2410  0.2540  0.2490  0.2560  1
 59:   0.2480  0.2450  0.2560  0.2510  1
 60:   0.2680  0.2480  0.2380  0.2460  1
 61:   0.2857  0.2488  0.2368  0.2288  1
 62:   0.2773  0.2482  0.2312  0.2432  1
 63:   0.2470  0.2470  0.2570  0.2490  1
 64:   0.2573  0.2593  0.2563  0.2272  1
 65:   0.2600  0.2550  0.2560  0.2290  1
 66:   0.2450  0.2580  0.2390  0.2580  1
 67:   0.2510  0.2460  0.2520  0.2510  1
 68:   0.2488  0.2408  0.2597  0.2507  1
 69:   0.2460  0.2410  0.2440  0.2690  1
 70:   0.2440  0.2520  0.2510  0.2530  1
 71:   0.2660  0.2600  0.2530  0.2210  1
 72:   0.2480  0.2500  0.2550  0.2470  1
 73:   0.2530  0.2460  0.2520  0.2490  1
 74:   0.2480  0.2570  0.2310  0.2640  1
 75:   0.2340  0.2200  0.2940  0.2520  1
 76:   0.2242  0.2372  0.2703  0.2683  1
 77:   0.2260  0.2390  0.2740  0.2610  1
 78:   0.2490  0.2540  0.2470  0.2500  1
 79:   0.2770  0.2500  0.2440  0.2290  1
 80:   0.2392  0.2633  0.2392  0.2583  1
 81:   0.2537  0.2537  0.2428  0.2498  1
 82:   0.2390  0.2610  0.2350  0.2650  1
 83:   0.2418  0.2627  0.2418  0.2537  1
 84:   0.2240  0.2300  0.2910  0.2550  1
 85:   0.2360  0.2530  0.2570  0.2540  1
 86:   0.2382  0.2262  0.2843  0.2513  1
 87:   0.2860  0.2390  0.2440  0.2310  1
 88:   0.2770  0.2510  0.2350  0.2370  1
 89:   0.2697  0.2418  0.2498  0.2388  1
 90:   0.2960  0.2380  0.2470  0.2190  1
 91:   0.2760  0.2390  0.2500  0.2350  1
 92:   0.2860  0.2390  0.2480  0.2270  1
 93:   0.2322  0.2673  0.2432  0.2573  1
 94:   0.2430  0.2620  0.2390  0.2560  1
 95:   0.2350  0.2560  0.2330  0.2760  1
 96:   0.2432  0.2593  0.2472  0.2503  1
 97:   0.2503  0.2523  0.2523  0.2452  1
 98:   0.2567  0.2647  0.2328  0.2458  1
 99:   0.2600  0.2570  0.2360  0.2470  1
100:   0.2730  0.2520  0.2410  0.2340  1
101:   0.2480  0.2530  0.2500  0.2490  1
102:   0.2523  0.2442  0.2553  0.2482  1
103:   0.2637  0.2328  0.2517  0.2517  1
104:   0.2537  0.2597  0.2328  0.2537  1
105:   0.2763  0.2422  0.2452  0.2362  1
106:   0.2440  0.2520  0.2570  0.2470  1
107:   0.2650  0.2600  0.2550  0.2200  1
108:   0.2482  0.2472  0.2513  0.2533  1
109:   0.2513  0.2513  0.2432  0.2543  1

  1:   0.2280  0.2460  0.2800  0.2460  1
  2:   0.2468  0.2498  0.2527  0.2507  1
  3:   0.2690  0.2390  0.2510  0.2410  1
  4:   0.2410  0.2510  0.2560  0.2520  1
  5:   0.2480  0.2510  0.2470  0.2540  1
  6:   0.2478  0.2458  0.2478  0.2587  1
  7:   0.2472  0.2553  0.2533  0.2442  1
  8:   0.2490  0.2480  0.2470  0.2560  1
  9:   0.2550  0.2550  0.2390  0.2510  1
 10:   0.2478  0.2507  0.2527  0.2488  1
 11:   0.2432  0.2482  0.2422  0.2663  1
 12:   0.2382  0.2492  0.2613  0.2513  1
 13:   0.2680  0.2470  0.2350  0.2500  1
 14:   0.2420  0.2430  0.2530  0.2620  1
 15:   0.2670  0.2480  0.2450  0.2400  1
 16:   0.2368  0.2478  0.2577  0.2577  1
 17:   0.2478  0.2517  0.2547  0.2458  1
 18:   0.2282  0.2482  0.2733  0.2503  1
 19:   0.2240  0.2470  0.2800  0.2490  1
 20:   0.2440  0.2490  0.2490  0.2580  1
 21:   0.2480  0.2600  0.2420  0.2500  1
 22:   0.2388  0.2557  0.2587  0.2468  1
 23:   0.2613  0.2553  0.2362  0.2472  1
 24:   0.2540  0.2510  0.2470  0.2480  1
 25:   0.2250  0.2450  0.2850  0.2450  1
 26:   0.2583  0.2543  0.2382  0.2492  1
 27:   0.2432  0.2523  0.2583  0.2462  1
 28:   0.2420  0.2460  0.2530  0.2590  1
 29:   0.2747  0.2488  0.2328  0.2438  1
 30:   0.2300  0.2490  0.2700  0.2510  1
 31:   0.2430  0.2500  0.2470  0.2600  1
 32:   0.2382  0.2462  0.2693  0.2462  1
 33:   0.2400  0.2520  0.2590  0.2490  1
 34:   0.2492  0.2503  0.2452  0.2553  1
 35:   0.2468  0.2557  0.2537  0.2438  1
 36:   0.2597  0.2537  0.2338  0.2527  1
 37:   0.2510  0.2580  0.2420  0.2490  1
 38:   0.2690  0.2540  0.2350  0.2420  1
 39:   0.2480  0.2540  0.2470  0.2510  1
 40:   0.2513  0.2492  0.2482  0.2513  1
 41:   0.2472  0.2543  0.2543  0.2442  1
 42:   0.2482  0.2452  0.2452  0.2613  1
 43:   0.2360  0.2430  0.2480  0.2730  1
 44:   0.2330  0.2440  0.2520  0.2710  1
 45:   0.2210  0.2420  0.2840  0.2530  1
 46:   0.2280  0.2480  0.2680  0.2560  1
 47:   0.2320  0.2530  0.2690  0.2460  1
 48:   0.2420  0.2530  0.2540  0.2510  1
 49:   0.2470  0.2470  0.2520  0.2540  1
 50:   0.2597  0.2567  0.2358  0.2478  1
 51:   0.2460  0.2490  0.2530  0.2520  1
 52:   0.2460  0.2490  0.2530  0.2520  1
 53:   0.2412  0.2472  0.2543  0.2573  1
 54:   0.2388  0.2468  0.2627  0.2517  1
 55:   0.2378  0.2478  0.2617  0.2527  1
 56:   0.2503  0.2553  0.2402  0.2543  1
 57:   0.2160  0.2420  0.2950  0.2470  1
 58:   0.2380  0.2470  0.2580  0.2570  1
 59:   0.2420  0.2470  0.2590  0.2520  1
 60:   0.2620  0.2520  0.2410  0.2450  1
 61:   0.2870  0.2480  0.2270  0.2380  1
 62:   0.2847  0.2507  0.2218  0.2428  1
 63:   0.2460  0.2510  0.2510  0.2520  1
 64:   0.2587  0.2488  0.2458  0.2468  1
 65:   0.2613  0.2503  0.2452  0.2432  1
 66:   0.2432  0.2482  0.2472  0.2613  1
 67:   0.2460  0.2520  0.2510  0.2510  1
 68:   0.2480  0.2530  0.2510  0.2480  1
 69:   0.2630  0.2510  0.2370  0.2490  1
 70:   0.2480  0.2500  0.2510  0.2510  1
 71:   0.2720  0.2520  0.2330  0.2430  1
 72:   0.2400  0.2490  0.2590  0.2520  1
 73:   0.2540  0.2520  0.2460  0.2480  1
 74:   0.2510  0.2480  0.2490  0.2520  1
 75:   0.2380  0.2540  0.2590  0.2490  1
 76:   0.2250  0.2480  0.2750  0.2520  1
 77:   0.2350  0.2520  0.2670  0.2460  1
 78:   0.2440  0.2480  0.2540  0.2540  1
 79:   0.2800  0.2520  0.2270  0.2410  1
 80:   0.2442  0.2603  0.2402  0.2553  1
 81:   0.2540  0.2460  0.2480  0.2520  1
 82:   0.2400  0.2520  0.2510  0.2570  1
 83:   0.2460  0.2540  0.2450  0.2550  1
 84:   0.2180  0.2450  0.2900  0.2470  1
 85:   0.2340  0.2450  0.2640  0.2570  1
 86:   0.2280  0.2400  0.2800  0.2520  1
 87:   0.2700  0.2460  0.2510  0.2330  1
 88:   0.2773  0.2543  0.2312  0.2372  1
 89:   0.2750  0.2540  0.2350  0.2360  1
 90:   0.3020  0.2450  0.2260  0.2270  1
 91:   0.2720  0.2460  0.2430  0.2390  1
 92:   0.2837  0.2438  0.2388  0.2338  1
 93:   0.2430  0.2520  0.2430  0.2620  1
 94:   0.2440  0.2450  0.2470  0.2640  1
 95:   0.2420  0.2540  0.2470  0.2570  1
 96:   0.2390  0.2510  0.2560  0.2540  1
 97:   0.2370  0.2510  0.2560  0.2560  1
 98:   0.2720  0.2400  0.2340  0.2540  1
 99:   0.2580  0.2540  0.2370  0.2510  1
100:   0.2713  0.2603  0.2292  0.2392  1
101:   0.2430  0.2490  0.2510  0.2570  1
102:   0.2430  0.2480  0.2600  0.2490  1
103:   0.2620  0.2470  0.2470  0.2440  1
104:   0.2570  0.2540  0.2370  0.2520  1
105:   0.2697  0.2567  0.2348  0.2388  1
106:   0.2360  0.2450  0.2650  0.2540  1
107:   0.2700  0.2500  0.2370  0.2430  1
108:   0.2590  0.2540  0.2400  0.2470  1
109:   0.2500  0.2500  0.2470  0.2530  1

  1:   0.2370  0.2330  0.2880  0.2420  1
  2:   0.2490  0.2480  0.2540  0.2490  1
  3:   0.2560  0.2550  0.2390  0.2500  1
  4:   0.2490  0.2400  0.2680  0.2430  1
  5:   0.2260  0.2630  0.2780  0.2330  1
  6:   0.2580  0.2470  0.2460  0.2490  1
  7:   0.2700  0.2390  0.2470  0.2440  1
  8:   0.2673  0.2513  0.2322  0.2492  1
  9:   0.2540  0.2460  0.2480  0.2520  1
 10:   0.2680  0.2440  0.2360  0.2520  1
 11:   0.2510  0.2500  0.2520  0.2470  1
 12:   0.2570  0.2420  0.2500  0.2510  1
 13:   0.2390  0.2600  0.2390  0.2620  1
 14:   0.2300  0.2650  0.2640  0.2410  1
 15:   0.2560  0.2540  0.2340  0.2560  1
 16:   0.2500  0.2450  0.2510  0.2540  1
 17:   0.2900  0.2310  0.2390  0.2400  1
 18:   0.2503  0.2392  0.2743  0.2362  1
 19:   0.2352  0.2362  0.2803  0.2482  1
 20:   0.2422  0.2573  0.2643  0.2362  1
 21:   0.2432  0.2402  0.2593  0.2573  1
 22:   0.2710  0.2280  0.2590  0.2420  1
 23:   0.2850  0.2430  0.2120  0.2600  1
 24:   0.2557  0.2557  0.2308  0.2577  1
 25:   0.2290  0.2510  0.2720  0.2480  1
 26:   0.2620  0.2540  0.2370  0.2470  1
 27:   0.2370  0.2550  0.2580  0.2500  1
 28:   0.2637  0.2438  0.2438  0.2488  1
 29:   0.2750  0.2510  0.2160  0.2580  1
 30:   0.2500  0.2330  0.2800  0.2370  1
 31:   0.2490  0.2450  0.2490  0.2570  1
 32:   0.2560  0.2420  0.2580  0.2440  1
 33:   0.2500  0.2430  0.2530  0.2540  1
 34:   0.2640  0.2460  0.2280  0.2620  1
 35:   0.2520  0.2480  0.2570  0.2430  1
 36:   0.2720  0.2480  0.2230  0.2570  1
 37:   0.2480  0.2320  0.2590  0.2610  1
 38:   0.2613  0.2603  0.2222  0.2563  1
 39:   0.2350  0.2510  0.2580  0.2560  1
 40:   0.2400  0.2590  0.2620  0.2390  1
 41:   0.2640  0.2570  0.2350  0.2440  1
 42:   0.2350  0.2500  0.2590  0.2560  1
 43:   0.2322  0.2513  0.2633  0.2533  1
 44:   0.2240  0.2460  0.2730  0.2570  1
 45:   0.2258  0.2458  0.2857  0.2428  1
 46:   0.2292  0.2442  0.2823  0.2442  1
 47:   0.2530  0.2360  0.2760  0.2350  1
 48:   0.2422  0.2422  0.2663  0.2492  1
 49:   0.2418  0.2547  0.2527  0.2507  1
 50:   0.2560  0.2420  0.2460  0.2560  1
 51:   0.2492  0.2452  0.2553  0.2503  1
 52:   0.2450  0.2480  0.2560  0.2510  1
 53:   0.2430  0.2500  0.2670  0.2400  1
 54:   0.2362  0.2503  0.2653  0.2482  1
 55:   0.2390  0.2500  0.2620  0.2490  1
 56:   0.2780  0.2320  0.2360  0.2540  1
 57:   0.2210  0.2450  0.2950  0.2390  1
 58:   0.2460  0.2480  0.2550  0.2510  1
 59:   0.2470  0.2560  0.2460  0.2510  1
 60:   0.2537  0.2537  0.2438  0.2488  1
 61:   0.2660  0.2670  0.2150  0.2520  1
 62:   0.2630  0.2520  0.2210  0.2640  1
 63:   0.2438  0.2468  0.2567  0.2527  1
 64:   0.2430  0.2620  0.2440  0.2510  1
 65:   0.2410  0.2620  0.2480  0.2490  1
 66:   0.2510  0.2530  0.2480  0.2480  1
 67:   0.2452  0.2472  0.2533  0.2543  1
 68:   0.2590  0.2380  0.2530  0.2500  1
 69:   0.2803  0.2382  0.2232  0.2583  1
 70:   0.2510  0.2480  0.2530  0.2480  1
 71:   0.2530  0.2670  0.2320  0.2480  1
 72:   0.2382  0.2472  0.2653  0.2492  1
 73:   0.2570  0.2540  0.2430  0.2460  1
 74:   0.2380  0.2510  0.2640  0.2470  1
 75:   0.2200  0.2480  0.2970  0.2350  1
 76:   0.2448  0.2408  0.2767  0.2378  1
 77:   0.2580  0.2340  0.2560  0.2520  1
 78:   0.2537  0.2478  0.2498  0.2488  1
 79:   0.2660  0.2600  0.2240  0.2500  1
 80:   0.2478  0.2408  0.2488  0.2627  1
 81:   0.2577  0.2488  0.2408  0.2527  1
 82:   0.2490  0.2470  0.2570  0.2470  1
 83:   0.2340  0.2590  0.2530  0.2540  1
 84:   0.2490  0.2310  0.2840  0.2360  1
 85:   0.2240  0.2480  0.2740  0.2540  1
 86:   0.2198  0.2507  0.2927  0.2368  1
 87:   0.2540  0.2630  0.2320  0.2510  1
 88:   0.2600  0.2670  0.2190  0.2540  1
 89:   0.2667  0.2587  0.2288  0.2458  1
 90:   0.2730  0.2730  0.2020  0.2520  1
 91:   0.2640  0.2590  0.2280  0.2490  1
 92:   0.2680  0.2700  0.2160  0.2460  1
 93:   0.2350  0.2440  0.2570  0.2640  1
 94:   0.2412  0.2503  0.2593  0.2492  1
 95:   0.2590  0.2460  0.2390  0.2560  1
 96:   0.2302  0.2523  0.2683  0.2492  1
 97:   0.2242  0.2452  0.2763  0.2543  1
 98:   0.2492  0.2573  0.2472  0.2462  1
 99:   0.2510  0.2500  0.2490  0.2500  1
100:   0.2570  0.2660  0.2230  0.2540  1
101:   0.2408  0.2537  0.2577  0.2478  1
102:   0.2370  0.2560  0.2610  0.2460  1
103:   0.2573  0.2492  0.2492  0.2442  1
104:   0.2540  0.2440  0.2410  0.2610  1
105:   0.2660  0.2620  0.2200  0.2520  1
106:   0.2380  0.2510  0.2640  0.2470  1
107:   0.2450  0.2640  0.2370  0.2540  1
108:   0.2720  0.2470  0.2330  0.2480  1
109:   0.2660  0.2400  0.2470  0.2470  1

  1:   0.2420  0.2440  0.2690  0.2450  1
  2:   0.2470  0.2510  0.2510  0.2510  1
  3:   0.2720  0.2390  0.2380  0.2510  1
  4:   0.2420  0.2440  0.2700  0.2440  1
  5:   0.2210  0.2610  0.2640  0.2540  1
  6:   0.2460  0.2550  0.2560  0.2430  1
  7:   0.2533  0.2412  0.2603  0.2452  1
  8:   0.2503  0.2382  0.2643  0.2472  1
  9:   0.2400  0.2500  0.2420  0.2680  1
 10:   0.2620  0.2420  0.2490  0.2470  1
 11:   0.2280  0.2460  0.2700  0.2560  1
 12:   0.2510  0.2490  0.2570  0.2430  1
 13:   0.2510  0.2480  0.2390  0.2620  1
 14:   0.2278  0.2577  0.2607  0.2537  1
 15:   0.2773  0.2442  0.2302  0.2482  1
 16:   0.2408  0.2488  0.2667  0.2438  1
 17:   0.2583  0.2422  0.2543  0.2452  1
 18:   0.2370  0.2450  0.2780  0.2400  1
 19:   0.2380  0.2410  0.2800  0.2410  1
 20:   0.2268  0.2488  0.2687  0.2557  1
 21:   0.2332  0.2442  0.2553  0.2673  1
 22:   0.2507  0.2398  0.2697  0.2398  1
 23:   0.2810  0.2400  0.2410  0.2380  1
 24:   0.2690  0.2440  0.2340  0.2530  1
 25:   0.2510  0.2470  0.2560  0.2460  1
 26:   0.2570  0.2540  0.2310  0.2580  1
 27:   0.2410  0.2470  0.2510  0.2610  1
 28:   0.2420  0.2470  0.2630  0.2480  1
 29:   0.2837  0.2398  0.2278  0.2488  1
 30:   0.2422  0.2442  0.2723  0.2412  1
 31:   0.2302  0.2533  0.2743  0.2422  1
 32:   0.2540  0.2430  0.2590  0.2440  1
 33:   0.2460  0.2410  0.2660  0.2470  1
 34:   0.2630  0.2480  0.2460  0.2430  1
 35:   0.2570  0.2490  0.2500  0.2440  1
 36:   0.2620  0.2530  0.2400  0.2450  1
 37:   0.2368  0.2428  0.2597  0.2607  1
 38:   0.2680  0.2440  0.2280  0.2600  1
 39:   0.2380  0.2530  0.2530  0.2560  1
 40:   0.2402  0.2503  0.2533  0.2563  1
 41:   0.2700  0.2440  0.2430  0.2430  1
 42:   0.2320  0.2560  0.2520  0.2600  1
 43:   0.2120  0.2550  0.2790  0.2540  1
 44:   0.2000  0.2570  0.2810  0.2620  1
 45:   0.2330  0.2440  0.2700  0.2530  1
 46:   0.2240  0.2600  0.2700  0.2460  1
 47:   0.2440  0.2430  0.2660  0.2470  1
 48:   0.2352  0.2462  0.2673  0.2513  1
 49:   0.2510  0.2570  0.2440  0.2480  1
 50:   0.2418  0.2438  0.2647  0.2498  1
 51:   0.2450  0.2470  0.2530  0.2550  1
 52:   0.2488  0.2478  0.2547  0.2488  1
 53:   0.2320  0.2490  0.2710  0.2480  1
 54:   0.2410  0.2530  0.2550  0.2510  1
 55:   0.2380  0.2540  0.2600  0.2480  1
 56:   0.2492  0.2442  0.2593  0.2472  1
 57:   0.2412  0.2553  0.2673  0.2362  1
 58:   0.2402  0.2553  0.2603  0.2442  1
 59:   0.2530  0.2500  0.2460  0.2510  1
 60:   0.2492  0.2472  0.2452  0.2583  1
 61:   0.2870  0.2450  0.2160  0.2520  1
 62:   0.2797  0.2527  0.2218  0.2458  1
 63:   0.2450  0.2520  0.2530  0.2500  1
 64:   0.2590  0.2550  0.2330  0.2530  1
 65:   0.2530  0.2550  0.2360  0.2560  1
 66:   0.2420  0.2470  0.2620  0.2490  1
 67:   0.2450  0.2490  0.2560  0.2500  1
 68:   0.2563  0.2442  0.2543  0.2452  1
 69:   0.2670  0.2420  0.2460  0.2450  1
 70:   0.2490  0.2500  0.2500  0.2510  1
 71:   0.2630  0.2540  0.2250  0.2580  1
 72:   0.2410  0.2540  0.2530  0.2520  1
 73:   0.2580  0.2490  0.2440  0.2490  1
 74:   0.2322  0.2503  0.2653  0.2523  1
 75:   0.2300  0.2520  0.2730  0.2450  1
 76:   0.2320  0.2430  0.2860  0.2390  1
 77:   0.2452  0.2482  0.2643  0.2422  1
 78:   0.2478  0.2478  0.2567  0.2478  1
 79:   0.2780  0.2480  0.2150  0.2590  1
 80:   0.2340  0.2510  0.2550  0.2600  1
 81:   0.2570  0.2470  0.2430  0.2530  1
 82:   0.2302  0.2422  0.2723  0.2553  1
 83:   0.2310  0.2570  0.2570  0.2550  1
 84:   0.2440  0.2450  0.2730  0.2380  1
 85:   0.2190  0.2590  0.2630  0.2590  1
 86:   0.2248  0.2478  0.2777  0.2498  1
 87:   0.2840  0.2540  0.2280  0.2340  1
 88:   0.2787  0.2547  0.2178  0.2488  1
 89:   0.2810  0.2510  0.2210  0.2470  1
 90:   0.3030  0.2570  0.2040  0.2360  1
 91:   0.2730  0.2590  0.2170  0.2510  1
 92:   0.2990  0.2590  0.2000  0.2420  1
 93:   0.2300  0.2490  0.2590  0.2620  1
 94:   0.2320  0.2550  0.2650  0.2480  1
 95:   0.2480  0.2480  0.2610  0.2430  1
 96:   0.2300  0.2560  0.2510  0.2630  1
 97:   0.2260  0.2500  0.2600  0.2640  1
 98:   0.2448  0.2557  0.2488  0.2507  1
 99:   0.2340  0.2520  0.2570  0.2570  1
100:   0.2720  0.2540  0.2230  0.2510  1
101:   0.2350  0.2610  0.2520  0.2520  1
102:   0.2458  0.2478  0.2507  0.2557  1
103:   0.2640  0.2430  0.2390  0.2540  1
104:   0.2440  0.2480  0.2470  0.2610  1
105:   0.2810  0.2500  0.2220  0.2470  1
106:   0.2410  0.2600  0.2480  0.2510  1
107:   0.2593  0.2573  0.2252  0.2583  1
108:   0.2623  0.2492  0.2432  0.2452  1
109:   0.2540  0.2500  0.2530  0.2430  1

