  1:   0.2354  0.2386  0.2829  0.2432  1
  2:   0.2464  0.2490  0.2535  0.2511  1
  3:   0.2667  0.2440  0.2452  0.2440  1
  4:   0.2440  0.2432  0.2656  0.2472  1
  5:   0.2362  0.2538  0.2604  0.2496  1
  6:   0.2482  0.2542  0.2416  0.2561  1
  7:   0.2562  0.2411  0.2568  0.2459  1
  8:   0.2520  0.2459  0.2481  0.2540  1
  9:   0.2486  0.2516  0.2448  0.2550  1
 10:   0.2565  0.2469  0.2471  0.2495  1
 11:   0.2406  0.2504  0.2458  0.2631  1
 12:   0.2500  0.2484  0.2526  0.2490  1
 13:   0.2554  0.2544  0.2386  0.2516  1
 14:   0.2386  0.2547  0.2525  0.2541  1
 15:   0.2696  0.2472  0.2366  0.2466  1
 16:   0.2417  0.2477  0.2559  0.2547  1
 17:   0.2595  0.2423  0.2525  0.2456  1
 18:   0.2385  0.2415  0.2755  0.2445  1
 19:   0.2297  0.2447  0.2787  0.2469  1
 20:   0.2406  0.2528  0.2512  0.2554  1
 21:   0.2410  0.2506  0.2539  0.2545  1
 22:   0.2516  0.2391  0.2651  0.2441  1
 23:   0.2678  0.2444  0.2358  0.2520  1
 24:   0.2578  0.2490  0.2406  0.2526  1
 25:   0.2346  0.2454  0.2749  0.2450  1
 26:   0.2601  0.2531  0.2355  0.2513  1
 27:   0.2420  0.2554  0.2516  0.2510  1
 28:   0.2478  0.2482  0.2506  0.2534  1
 29:   0.2758  0.2483  0.2283  0.2477  1
 30:   0.2394  0.2432  0.2723  0.2450  1
 31:   0.2419  0.2491  0.2523  0.2567  1
 32:   0.2490  0.2424  0.2648  0.2438  1
 33:   0.2452  0.2440  0.2592  0.2516  1
 34:   0.2552  0.2481  0.2412  0.2555  1
 35:   0.2540  0.2450  0.2556  0.2454  1
 36:   0.2640  0.2536  0.2328  0.2496  1
 37:   0.2413  0.2473  0.2537  0.2577  1
 38:   0.2661  0.2531  0.2324  0.2485  1
 39:   0.2404  0.2544  0.2514  0.2538  1
 40:   0.2475  0.2518  0.2534  0.2474  1
 41:   0.2580  0.2499  0.2471  0.2450  1
 42:   0.2392  0.2554  0.2492  0.2561  1
 43:   0.2273  0.2553  0.2563  0.2611  1
 44:   0.2202  0.2530  0.2607  0.2661  1
 45:   0.2291  0.2427  0.2805  0.2477  1
 46:   0.2295  0.2471  0.2747  0.2487  1
 47:   0.2436  0.2394  0.2744  0.2426  1
 48:   0.2411  0.2467  0.2613  0.2509  1
 49:   0.2466  0.2537  0.2495  0.2501  1
 50:   0.2517  0.2493  0.2449  0.2541  1
 51:   0.2470  0.2470  0.2528  0.2532  1
 52:   0.2462  0.2480  0.2543  0.2516  1
 53:   0.2400  0.2482  0.2583  0.2535  1
 54:   0.2396  0.2500  0.2596  0.2508  1
 55:   0.2396  0.2510  0.2593  0.2501  1
 56:   0.2567  0.2466  0.2417  0.2550  1
 57:   0.2261  0.2443  0.2875  0.2421  1
 58:   0.2396  0.2514  0.2570  0.2520  1
 59:   0.2460  0.2498  0.2520  0.2522  1
 60:   0.2570  0.2498  0.2420  0.2512  1
 61:   0.2810  0.2542  0.2228  0.2420  1
 62:   0.2753  0.2523  0.2244  0.2480  1
 63:   0.2462  0.2488  0.2543  0.2507  1
 64:   0.2540  0.2556  0.2452  0.2452  1
 65:   0.2539  0.2547  0.2451  0.2463  1
 66:   0.2438  0.2500  0.2500  0.2561  1
 67:   0.2462  0.2488  0.2537  0.2513  1
 68:   0.2552  0.2442  0.2536  0.2470  1
 69:   0.2647  0.2424  0.2384  0.2545  1
 70:   0.2486  0.2496  0.2514  0.2504  1
 71:   0.2628  0.2580  0.2350  0.2442  1
 72:   0.2410  0.2508  0.2574  0.2508  1
 73:   0.2564  0.2504  0.2456  0.2476  1
 74:   0.2430  0.2507  0.2515  0.2549  1
 75:   0.2345  0.2418  0.2787  0.2450  1
 76:   0.2336  0.2440  0.2765  0.2459  1
 77:   0.2425  0.2431  0.2661  0.2483  1
 78:   0.2483  0.2493  0.2521  0.2503  1
 79:   0.2748  0.2550  0.2256  0.2446  1
 80:   0.2388  0.2551  0.2450  0.2611  1
 81:   0.2551  0.2497  0.2441  0.2511  1
 82:   0.2400  0.2490  0.2532  0.2578  1
 83:   0.2378  0.2557  0.2500  0.2565  1
 84:   0.2334  0.2405  0.2851  0.2410  1
 85:   0.2268  0.2520  0.2664  0.2548  1
 86:   0.2278  0.2439  0.2813  0.2470  1
 87:   0.2732  0.2516  0.2388  0.2364  1
 88:   0.2754  0.2564  0.2236  0.2446  1
 89:   0.2751  0.2509  0.2328  0.2412  1
 90:   0.2954  0.2538  0.2176  0.2332  1
 91:   0.2706  0.2522  0.2356  0.2416  1
 92:   0.2843  0.2537  0.2253  0.2367  1
 93:   0.2341  0.2527  0.2503  0.2629  1
 94:   0.2408  0.2511  0.2517  0.2564  1
 95:   0.2460  0.2488  0.2458  0.2594  1
 96:   0.2341  0.2557  0.2551  0.2551  1
 97:   0.2321  0.2520  0.2601  0.2558  1
 98:   0.2571  0.2539  0.2394  0.2495  1
 99:   0.2488  0.2526  0.2440  0.2546  1
100:   0.2671  0.2583  0.2283  0.2463  1
101:   0.2404  0.2539  0.2537  0.2520  1
102:   0.2428  0.2508  0.2580  0.2484  1
103:   0.2624  0.2440  0.2466  0.2470  1
104:   0.2503  0.2527  0.2390  0.2579  1
105:   0.2737  0.2517  0.2308  0.2438  1
106:   0.2380  0.2526  0.2592  0.2502  1
107:   0.2609  0.2573  0.2364  0.2455  1
108:   0.2613  0.2497  0.2417  0.2473  1
109:   0.2561  0.2483  0.2472  0.2485  1
