           1  1 0.0731 0.1369 0.0682 0.0497 0.0096 0.0761 0.1935 0.1193 0.1964 0.0771 
           2  1 0.0387 0.0449 0.0345 0.0334 0.6321 0.0312 0.0540 0.0406 0.0539 0.0366 
           3  1 0.0879 0.0840 0.0828 0.0855 0.2345 0.0870 0.0818 0.0868 0.0823 0.0874 
           4  1 0.0288 0.0292 0.0263 0.0262 0.7491 0.0259 0.0301 0.0281 0.0286 0.0276 
           5  1 0.0643 0.0884 0.0547 0.0532 0.3131 0.0687 0.1097 0.0737 0.1039 0.0702 
           6  1 0.0315 0.0311 0.0289 0.0295 0.7213 0.0287 0.0330 0.0310 0.0327 0.0324 
           7  1 0.0515 0.0561 0.0466 0.0485 0.5161 0.0471 0.0626 0.0555 0.0622 0.0538 
           8  1 0.0678 0.0697 0.0593 0.0621 0.4179 0.0617 0.0677 0.0631 0.0665 0.0642 
           9  1 0.0278 0.0282 0.0298 0.0291 0.7449 0.0276 0.0286 0.0282 0.0281 0.0277 
          10  1 0.0991 0.1074 0.0941 0.0964 0.1052 0.0876 0.1111 0.0928 0.1043 0.1020 
          11  1 0.0265 0.0264 0.0253 0.0260 0.7654 0.0260 0.0258 0.0259 0.0258 0.0269 
          12  1 0.0894 0.0926 0.0791 0.0813 0.2047 0.0759 0.1016 0.0855 0.0975 0.0923 
          13  1 0.0237 0.0253 0.0236 0.0227 0.7839 0.0231 0.0249 0.0231 0.0247 0.0250 
          14  1 0.1064 0.0924 0.1063 0.1121 0.0805 0.1070 0.0916 0.1044 0.0900 0.1094 
          15  1 0.0418 0.0408 0.0449 0.0457 0.6133 0.0477 0.0392 0.0445 0.0412 0.0408 
          16  1 0.0985 0.1051 0.0986 0.0976 0.0756 0.1038 0.1012 0.1108 0.1095 0.0993 
          17  1 0.0715 0.0713 0.0944 0.0801 0.2768 0.0800 0.0718 0.0954 0.0781 0.0806 
          18  1 0.0854 0.0834 0.1231 0.1036 0.1385 0.0998 0.0778 0.1141 0.0811 0.0931 
          19  1 0.0635 0.0650 0.0656 0.0655 0.4110 0.0639 0.0680 0.0661 0.0653 0.0661 
          20  1 0.0712 0.0754 0.0716 0.0692 0.3352 0.0667 0.0829 0.0727 0.0803 0.0748 
          21  1 0.0743 0.0923 0.0677 0.0657 0.2685 0.0653 0.1032 0.0776 0.1067 0.0789 
          22  1 0.1006 0.1007 0.0997 0.1001 0.1003 0.0997 0.0999 0.0991 0.0992 0.1006 
          23  1 0.0587 0.0820 0.0553 0.0504 0.3724 0.0533 0.0941 0.0672 0.1005 0.0662 
          24  1 0.0397 0.0503 0.0425 0.0384 0.5840 0.0425 0.0572 0.0457 0.0589 0.0407 
          25  1 0.0943 0.1112 0.0840 0.0818 0.1000 0.0812 0.1311 0.0975 0.1263 0.0926 
          26  1 0.0706 0.0670 0.0829 0.0798 0.3257 0.0754 0.0727 0.0768 0.0722 0.0770 
          27  1 0.0577 0.0647 0.0579 0.0624 0.4480 0.0544 0.0667 0.0607 0.0655 0.0620 
          28  1 0.1107 0.1065 0.1002 0.0981 0.0501 0.0992 0.1163 0.1010 0.1120 0.1059 
          29  1 0.0452 0.0484 0.0434 0.0449 0.5755 0.0470 0.0503 0.0467 0.0525 0.0462 
          30  1 0.0561 0.0606 0.0465 0.0465 0.4765 0.0540 0.0668 0.0648 0.0664 0.0620 
          31  1 0.0201 0.0214 0.0194 0.0198 0.8155 0.0188 0.0216 0.0204 0.0223 0.0206 
          32  1 0.0770 0.0843 0.0666 0.0611 0.3166 0.0627 0.0953 0.0731 0.0912 0.0720 
          33  1 0.0631 0.0666 0.0598 0.0600 0.4261 0.0592 0.0700 0.0619 0.0700 0.0633 
          34  1 0.0721 0.0831 0.0702 0.0707 0.2734 0.0790 0.0909 0.0885 0.0906 0.0814 
          35  1 0.0900 0.0927 0.0855 0.0843 0.1907 0.0850 0.0952 0.0893 0.0952 0.0921 
          36  1 0.0978 0.0938 0.1084 0.1051 0.0814 0.1001 0.0986 0.1093 0.0994 0.1061 
          37  1 0.1031 0.0999 0.0968 0.1019 0.0915 0.0977 0.1045 0.1006 0.1006 0.1035 
          38  1 0.1092 0.0995 0.1165 0.1070 0.0443 0.1204 0.0951 0.1070 0.1014 0.0995 
          39  1 0.0396 0.0418 0.0458 0.0447 0.6066 0.0386 0.0437 0.0501 0.0428 0.0463 
          40  1 0.0426 0.0437 0.0404 0.0392 0.6082 0.0387 0.0521 0.0442 0.0485 0.0425 
          41  1 0.1063 0.1037 0.0923 0.0937 0.1061 0.0920 0.1036 0.0944 0.0991 0.1088 
          42  1 0.0647 0.0650 0.0616 0.0593 0.4146 0.0621 0.0734 0.0651 0.0679 0.0662 
          43  1 0.0828 0.1212 0.0810 0.0734 0.0711 0.0785 0.1507 0.1001 0.1519 0.0893 
          44  1 0.0514 0.0487 0.0426 0.0520 0.5692 0.0479 0.0457 0.0430 0.0462 0.0532 
          45  1 0.0612 0.0797 0.0578 0.0578 0.3631 0.0612 0.0900 0.0706 0.0895 0.0691 
          46  1 0.0994 0.0989 0.0834 0.0965 0.1444 0.0887 0.1018 0.0853 0.0990 0.1026 
          47  1 0.1040 0.1018 0.0912 0.0988 0.0993 0.0867 0.1128 0.0967 0.1052 0.1035 
          48  1 0.0788 0.0932 0.0746 0.0679 0.2272 0.0716 0.1099 0.0865 0.1096 0.0808 
          49  1 0.1292 0.0978 0.0995 0.1210 0.0380 0.1131 0.0981 0.0982 0.0910 0.1142 
          50  1 0.1307 0.1013 0.1012 0.1080 0.0422 0.1050 0.1047 0.1037 0.0968 0.1064 
          51  1 0.1306 0.0893 0.1047 0.1565 0.0227 0.1172 0.0888 0.0964 0.0718 0.1219 
          52  1 0.1096 0.1195 0.0994 0.1007 0.0191 0.0981 0.1201 0.1115 0.1093 0.1127 
          53  1 0.1017 0.0967 0.1148 0.1072 0.0421 0.1310 0.0922 0.1170 0.0965 0.1008 
          54  1 0.1061 0.1021 0.1255 0.1133 0.0239 0.1130 0.0959 0.1138 0.0969 0.1095 
          55  1 0.1029 0.1074 0.0939 0.1010 0.0857 0.0962 0.1090 0.0987 0.1024 0.1029 
          56  1 0.1080 0.0971 0.1193 0.1059 0.0106 0.1284 0.0985 0.1097 0.1188 0.1039 
          57  1 0.1203 0.0976 0.1068 0.1363 0.0241 0.1097 0.1045 0.0988 0.0896 0.1123 
          58  1 0.1049 0.1115 0.0943 0.0995 0.0489 0.0931 0.1267 0.0984 0.1206 0.1020 
          59  1 0.0957 0.0970 0.1269 0.1097 0.0506 0.1176 0.0814 0.1172 0.1007 0.1032 
          60  1 0.1019 0.1160 0.1053 0.1216 0.0254 0.1022 0.1126 0.1044 0.1094 0.1013 
          61  1 0.1090 0.1141 0.0992 0.1037 0.0221 0.0971 0.1222 0.1005 0.1198 0.1124 
          62  1 0.1019 0.1106 0.1028 0.1018 0.0449 0.0970 0.1208 0.1029 0.1100 0.1072 
          63  1 0.0961 0.1181 0.0760 0.0830 0.1101 0.0775 0.1343 0.0913 0.1227 0.0909 
          64  1 0.1064 0.1054 0.1105 0.1234 0.0194 0.0941 0.1041 0.1156 0.1055 0.1156 
          65  1 0.1124 0.1114 0.0939 0.0984 0.0284 0.1050 0.1183 0.1021 0.1184 0.1118 
          66  1 0.1027 0.1070 0.1172 0.1046 0.0454 0.1051 0.0927 0.1141 0.1035 0.1077 
          67  1 0.1081 0.1023 0.1103 0.1202 0.0269 0.0958 0.1162 0.1012 0.0992 0.1197 
          68  1 0.1170 0.1120 0.1097 0.1140 0.0113 0.1096 0.1100 0.1036 0.1038 0.1090 
          69  1 0.1329 0.0856 0.1217 0.1340 0.0152 0.1199 0.0773 0.1167 0.0713 0.1254 
          70  1 0.1262 0.1105 0.1022 0.1323 0.0138 0.1044 0.1035 0.0931 0.0964 0.1176 
          71  1 0.1041 0.1044 0.1110 0.0976 0.0760 0.1111 0.1017 0.0946 0.0952 0.1042 
          72  1 0.1176 0.1026 0.1192 0.1223 0.0166 0.1332 0.0879 0.1052 0.0901 0.1054 
          73  1 0.1273 0.1085 0.1031 0.1164 0.0154 0.1045 0.1096 0.0990 0.1074 0.1088 
          74  1 0.1082 0.1078 0.1112 0.1207 0.0279 0.1129 0.1000 0.1037 0.1018 0.1057 
          75  1 0.1029 0.1168 0.0987 0.1141 0.0236 0.1031 0.1170 0.1021 0.1133 0.1084 
          76  1 0.1280 0.1030 0.1123 0.1310 0.0144 0.1175 0.1018 0.0971 0.0884 0.1065 
          77  1 0.1087 0.1145 0.1031 0.1060 0.0168 0.1044 0.1126 0.1129 0.1125 0.1086 
          78  1 0.0990 0.1100 0.1058 0.0936 0.0165 0.1093 0.1183 0.1056 0.1323 0.1095 
          79  1 0.1206 0.0952 0.1158 0.1302 0.0222 0.1119 0.0908 0.1131 0.0833 0.1169 
          80  1 0.1104 0.1111 0.1009 0.1035 0.0200 0.1048 0.1179 0.1081 0.1127 0.1106 
          81  1 0.1215 0.1079 0.1035 0.1082 0.0256 0.1091 0.1117 0.1028 0.1038 0.1059 
          82  1 0.1067 0.1097 0.1016 0.0982 0.0691 0.0992 0.1061 0.0961 0.1070 0.1062 
          83  1 0.1085 0.1123 0.1041 0.0957 0.0196 0.1119 0.1141 0.1138 0.1136 0.1064 
          84  1 0.1207 0.1060 0.0999 0.1027 0.0184 0.1081 0.1153 0.1101 0.1104 0.1083 
          85  1 0.0921 0.0967 0.0980 0.0915 0.1403 0.0978 0.0958 0.1010 0.0911 0.0958 
          86  1 0.0834 0.0837 0.0898 0.0869 0.2221 0.0869 0.0818 0.0894 0.0899 0.0861 
          87  1 0.0930 0.0849 0.1404 0.1086 0.0666 0.1350 0.0639 0.1259 0.0878 0.0939 
          88  1 0.1112 0.0865 0.1340 0.1078 0.0328 0.1412 0.0742 0.1118 0.0961 0.1044 
          89  1 0.1089 0.1139 0.1064 0.1181 0.0224 0.1029 0.1050 0.1013 0.1094 0.1117 
          90  1 0.1120 0.0950 0.1189 0.1221 0.0237 0.1076 0.0937 0.1135 0.0884 0.1250 
          91  1 0.0972 0.1154 0.0932 0.0981 0.0462 0.0992 0.1187 0.1093 0.1195 0.1033 
          92  1 0.1090 0.1100 0.1014 0.1017 0.0399 0.1035 0.1134 0.1060 0.1106 0.1046 
          93  1 0.1036 0.1195 0.1054 0.1181 0.0252 0.0951 0.1122 0.1003 0.1008 0.1199 
          94  1 0.1039 0.0933 0.0979 0.1037 0.1064 0.1001 0.0946 0.1031 0.0948 0.1022 
          95  1 0.1086 0.1018 0.1152 0.1228 0.0209 0.1145 0.0917 0.1261 0.0885 0.1098 
          96  1 0.0851 0.0809 0.1655 0.1198 0.0239 0.1791 0.0407 0.1344 0.0837 0.0869 
          97  1 0.1072 0.0865 0.1028 0.1251 0.1436 0.1043 0.0752 0.0881 0.0666 0.1006 
          98  1 0.0984 0.0979 0.1125 0.1018 0.0677 0.1215 0.0908 0.1174 0.0934 0.0986 
          99  1 0.1102 0.1207 0.0998 0.0945 0.0440 0.0946 0.1162 0.1025 0.1137 0.1037 
         100  1 0.1052 0.0991 0.0968 0.1011 0.1113 0.0990 0.0936 0.0985 0.0872 0.1082 
         101  1 0.1079 0.1055 0.1024 0.0970 0.0560 0.0971 0.1236 0.0922 0.1116 0.1067 
         102  1 0.1092 0.1011 0.1191 0.1079 0.0145 0.1162 0.1037 0.1150 0.1056 0.1078 
         103  1 0.1116 0.1038 0.1132 0.1150 0.0455 0.1134 0.1026 0.0963 0.0987 0.0999 
         104  1 0.1127 0.1195 0.0972 0.1046 0.0208 0.0960 0.1227 0.1011 0.1175 0.1081 
         105  1 0.1174 0.0971 0.0891 0.0952 0.0873 0.1022 0.1051 0.0971 0.1037 0.1057 
         106  1 0.1042 0.1146 0.0968 0.0915 0.0496 0.0886 0.1260 0.0993 0.1205 0.1088 
         107  1 0.0801 0.0883 0.0845 0.0846 0.2369 0.0769 0.0886 0.0845 0.0844 0.0912 
         108  1 0.0903 0.0851 0.1562 0.1090 0.0138 0.1720 0.0577 0.1362 0.0891 0.0905 
         109  1 0.0991 0.1024 0.1165 0.1062 0.0481 0.0977 0.0990 0.1220 0.1025 0.1066 
         110  1 0.1090 0.1105 0.1035 0.1057 0.0153 0.0989 0.1221 0.1062 0.1150 0.1139 
         111  1 0.1163 0.1079 0.1010 0.1111 0.0436 0.1048 0.1098 0.0950 0.0977 0.1128 
         112  1 0.1081 0.1075 0.1018 0.1041 0.0269 0.1076 0.1124 0.1033 0.1207 0.1075 
         113  1 0.0998 0.0917 0.1325 0.1186 0.0340 0.1589 0.0637 0.1226 0.0933 0.0850 
         114  1 0.0980 0.1032 0.0994 0.0916 0.0888 0.0878 0.1159 0.1003 0.1032 0.1117 
         115  1 0.1203 0.1149 0.1176 0.1097 0.0180 0.0907 0.1085 0.1040 0.1016 0.1148 
         116  1 0.1061 0.1042 0.1113 0.1135 0.0214 0.1051 0.1019 0.1138 0.1034 0.1194 
         117  1 0.1127 0.1046 0.1107 0.1052 0.0355 0.1141 0.1063 0.1053 0.0991 0.1065 
         118  1 0.0997 0.1159 0.0994 0.1003 0.0421 0.0975 0.1174 0.1069 0.1133 0.1076 
         119  1 0.1138 0.1166 0.0957 0.1003 0.0294 0.0954 0.1237 0.1012 0.1134 0.1105 
         120  1 0.0884 0.0807 0.1710 0.1150 0.0108 0.1877 0.0409 0.1339 0.0817 0.0899 
         121  1 0.1161 0.1160 0.0911 0.0969 0.0283 0.1011 0.1203 0.1077 0.1187 0.1038 
         122  1 0.1028 0.1118 0.0939 0.0941 0.0158 0.0908 0.1427 0.1030 0.1310 0.1142 
         123  1 0.1215 0.1037 0.1081 0.1023 0.0399 0.1092 0.1050 0.0965 0.1014 0.1122 
         124  1 0.1045 0.1148 0.0883 0.0844 0.0721 0.0885 0.1264 0.0961 0.1290 0.0959 
         125  1 0.0998 0.1005 0.1259 0.1037 0.0273 0.1284 0.0911 0.1188 0.1031 0.1015 
         126  1 0.1122 0.1004 0.1019 0.1069 0.0616 0.1010 0.1062 0.1004 0.0975 0.1118 
         127  1 0.0923 0.0832 0.1384 0.1134 0.0511 0.1524 0.0638 0.1263 0.0864 0.0927 
         128  1 0.1091 0.0988 0.1258 0.1077 0.0197 0.1189 0.0946 0.1127 0.1090 0.1037 
         129  1 0.1094 0.1095 0.1091 0.1082 0.0162 0.1055 0.1073 0.1118 0.1095 0.1136 
         130  1 0.0994 0.0924 0.1340 0.1104 0.0156 0.1436 0.0765 0.1270 0.0941 0.1069 
         131  1 0.1117 0.1184 0.0935 0.0969 0.0219 0.0907 0.1340 0.1093 0.1230 0.1005 
         132  1 0.0892 0.1202 0.0980 0.0978 0.0278 0.1026 0.1214 0.1102 0.1309 0.1019 
         133  1 0.1127 0.1036 0.0998 0.1010 0.0628 0.1022 0.1118 0.1037 0.1015 0.1010 
         134  1 0.1041 0.1146 0.0983 0.1038 0.0239 0.1060 0.1195 0.1079 0.1166 0.1054 
         135  1 0.1045 0.0948 0.1362 0.1227 0.0278 0.1361 0.0784 0.1131 0.0764 0.1099 
         136  1 0.1230 0.1050 0.1154 0.1128 0.0343 0.1051 0.0966 0.1013 0.0865 0.1200 
         137  1 0.1161 0.1083 0.0984 0.1117 0.0343 0.0963 0.1153 0.0995 0.1107 0.1095 
         138  1 0.1063 0.1064 0.1088 0.1118 0.0394 0.1020 0.1032 0.1098 0.0992 0.1132 
         139  1 0.1073 0.1038 0.1072 0.1150 0.0382 0.0966 0.1077 0.1056 0.1035 0.1151 
         140  1 0.1003 0.1028 0.0982 0.1044 0.0815 0.0902 0.1092 0.0999 0.1039 0.1095 
         141  1 0.1112 0.1023 0.1067 0.1078 0.0596 0.1021 0.0957 0.1064 0.0928 0.1153 
         142  1 0.1113 0.1232 0.0953 0.0866 0.0199 0.0883 0.1394 0.1003 0.1299 0.1058 
         143  1 0.1113 0.1230 0.0926 0.1034 0.0106 0.1010 0.1146 0.1087 0.1242 0.1105 
         144  1 0.1162 0.1191 0.1038 0.1021 0.0185 0.0962 0.1189 0.1013 0.1120 0.1119 
         145  1 0.1071 0.1013 0.1046 0.1052 0.0700 0.1077 0.0930 0.1133 0.0920 0.1059 
         146  1 0.1115 0.1069 0.1087 0.1003 0.0407 0.1183 0.0984 0.1118 0.1028 0.1006 
         147  1 0.1057 0.1081 0.1079 0.1035 0.0359 0.1139 0.1037 0.1131 0.1041 0.1040 
         148  1 0.1227 0.1141 0.1013 0.1049 0.0198 0.1046 0.1116 0.1017 0.1098 0.1096 
         149  1 0.1126 0.1058 0.1045 0.1081 0.0434 0.1027 0.1052 0.1068 0.0988 0.1121 
         150  1 0.0959 0.1004 0.1338 0.1099 0.0283 0.1361 0.0790 0.1148 0.0995 0.1022 
         151  1 0.0859 0.0865 0.1070 0.0969 0.1331 0.1159 0.0810 0.1063 0.0946 0.0929 
         152  1 0.1057 0.0970 0.1306 0.1076 0.0349 0.1214 0.0857 0.1154 0.0952 0.1065 
         153  1 0.0965 0.1009 0.0906 0.0858 0.1386 0.0898 0.1012 0.0930 0.1025 0.1012 
         154  1 0.0990 0.1145 0.0974 0.1122 0.0251 0.0964 0.1231 0.1029 0.1207 0.1086 
         155  1 0.1110 0.1018 0.1063 0.1096 0.0465 0.1070 0.1003 0.1126 0.0968 0.1082 
         156  1 0.1107 0.1032 0.1085 0.1239 0.0163 0.1146 0.1022 0.1100 0.0956 0.1151 
         157  1 0.1156 0.1090 0.1051 0.1121 0.0130 0.1005 0.1100 0.1065 0.1119 0.1162 
         158  1 0.0974 0.1089 0.1134 0.1128 0.0280 0.1084 0.0966 0.1171 0.1089 0.1086 
         159  1 0.1067 0.1093 0.1033 0.1038 0.0202 0.1139 0.1098 0.1108 0.1156 0.1065 
         160  1 0.1058 0.1067 0.1165 0.1188 0.0155 0.0990 0.1083 0.1118 0.0971 0.1204 
         161  1 0.1050 0.0982 0.1278 0.1321 0.0160 0.1246 0.0817 0.1134 0.0917 0.1095 
         162  1 0.1139 0.0951 0.1163 0.1215 0.0349 0.1205 0.0866 0.1154 0.0861 0.1099 
         163  1 0.1140 0.1064 0.1176 0.1231 0.0189 0.0955 0.1012 0.1069 0.0931 0.1233 
         164  1 0.1092 0.1199 0.1034 0.0990 0.0290 0.0960 0.1128 0.1052 0.1096 0.1160 
         165  1 0.1226 0.1107 0.0967 0.1150 0.0184 0.1064 0.1155 0.1001 0.1078 0.1067 
         166  1 0.1086 0.1029 0.1095 0.1201 0.0186 0.1037 0.1063 0.1092 0.0996 0.1214 
         167  1 0.1065 0.1135 0.1075 0.1065 0.0173 0.1079 0.1124 0.1125 0.1087 0.1074 
         168  1 0.1103 0.1122 0.1043 0.1146 0.0185 0.0950 0.1166 0.1029 0.1090 0.1166 
         169  1 0.1020 0.0845 0.1478 0.1229 0.0158 0.1689 0.0524 0.1263 0.0882 0.0911 
         170  1 0.1097 0.0926 0.1233 0.1195 0.0258 0.1504 0.0748 0.1173 0.0901 0.0965 
         171  1 0.1061 0.1082 0.1219 0.1119 0.0181 0.1087 0.1025 0.1062 0.1004 0.1159 
         172  1 0.1123 0.1060 0.1074 0.1000 0.0227 0.1153 0.1090 0.1093 0.1097 0.1082 
         173  1 0.1166 0.1115 0.1088 0.1106 0.0232 0.0872 0.1176 0.1031 0.1069 0.1145 
         174  1 0.1278 0.1015 0.1013 0.1073 0.0206 0.1185 0.0992 0.1106 0.1020 0.1111 
         175  1 0.1105 0.0979 0.1183 0.1115 0.0162 0.1232 0.0947 0.1174 0.1056 0.1047 
         176  1 0.1017 0.1111 0.1087 0.1081 0.0182 0.1063 0.1095 0.1187 0.1042 0.1134 
         177  1 0.1039 0.1098 0.1064 0.1144 0.0346 0.1186 0.1002 0.1071 0.0982 0.1068 
         178  1 0.1011 0.1137 0.1007 0.0931 0.0212 0.1065 0.1172 0.1107 0.1290 0.1066 
         179  1 0.1205 0.1017 0.1006 0.1223 0.0323 0.1015 0.1081 0.0961 0.1062 0.1106 
         180  1 0.1274 0.0986 0.1085 0.1492 0.0198 0.1031 0.0895 0.1013 0.0840 0.1187 
         181  1 0.1166 0.1026 0.0965 0.1233 0.0455 0.1039 0.0997 0.0988 0.0989 0.1143 
         182  1 0.1042 0.1089 0.0957 0.0930 0.0872 0.0999 0.1057 0.0985 0.1023 0.1045 
         183  1 0.1210 0.1022 0.1173 0.1090 0.0189 0.1131 0.1038 0.1012 0.1001 0.1132 
         184  1 0.1046 0.1008 0.1235 0.1168 0.0316 0.1255 0.0895 0.1099 0.0933 0.1046 
         185  1 0.1081 0.0925 0.1210 0.1053 0.0237 0.1257 0.0886 0.1191 0.1037 0.1123 
         186  1 0.1060 0.1125 0.1023 0.0969 0.0391 0.1043 0.1138 0.1079 0.1151 0.1021 
         187  1 0.1183 0.1009 0.1181 0.1239 0.0147 0.0965 0.1069 0.1066 0.0984 0.1157 
         188  1 0.1091 0.1053 0.1086 0.1047 0.0260 0.1153 0.1042 0.1096 0.1039 0.1133 
         189  1 0.1124 0.1043 0.1061 0.1120 0.0246 0.1082 0.1019 0.1119 0.0973 0.1213 
         190  1 0.1096 0.1071 0.1015 0.1101 0.0472 0.1105 0.0992 0.1014 0.1040 0.1094 
         191  1 0.1311 0.1015 0.1045 0.1340 0.0225 0.1004 0.1054 0.0955 0.0982 0.1070 
         192  1 0.1069 0.1044 0.1010 0.1349 0.0517 0.0990 0.1044 0.0938 0.0951 0.1089 
         193  1 0.1045 0.0979 0.1129 0.1201 0.0319 0.1087 0.0906 0.1232 0.0930 0.1173 
         194  1 0.0825 0.0822 0.0748 0.0823 0.2795 0.0731 0.0859 0.0719 0.0770 0.0908 
         195  1 0.1044 0.1179 0.0933 0.0875 0.0168 0.0967 0.1413 0.1088 0.1326 0.1008 
         196  1 0.1024 0.1023 0.1110 0.1257 0.0480 0.1010 0.1012 0.1023 0.1043 0.1018 
         197  1 0.0989 0.0896 0.1145 0.1110 0.0926 0.1091 0.0831 0.1163 0.0789 0.1060 
         198  1 0.1088 0.1072 0.1119 0.1075 0.0361 0.1108 0.0991 0.1037 0.1025 0.1125 
         199  1 0.0985 0.0983 0.1140 0.1115 0.0729 0.1026 0.0983 0.1027 0.0953 0.1057 
         200  1 0.0989 0.1034 0.1169 0.1085 0.0497 0.0979 0.1012 0.1094 0.0979 0.1162 
         201  1 0.1157 0.1129 0.0965 0.1078 0.0220 0.0997 0.1233 0.0969 0.1156 0.1096 
         202  1 0.1141 0.1078 0.1045 0.1073 0.0249 0.1061 0.1102 0.1055 0.1051 0.1145 
         203  1 0.1055 0.1101 0.1110 0.1097 0.0263 0.1020 0.1039 0.1125 0.1064 0.1126 
         204  1 0.0978 0.1250 0.0989 0.0887 0.0224 0.0884 0.1408 0.0968 0.1277 0.1134 
         205  1 0.1115 0.1032 0.1071 0.1139 0.0380 0.0990 0.1088 0.0999 0.1070 0.1116 
         206  1 0.1130 0.1076 0.1049 0.1269 0.0212 0.1027 0.0984 0.1182 0.0929 0.1143 
         207  1 0.0955 0.0959 0.1230 0.1057 0.0350 0.1306 0.0831 0.1264 0.1016 0.1032 
         208  1 0.1225 0.1106 0.1049 0.1175 0.0156 0.1078 0.1076 0.1033 0.1049 0.1053 
         209  1 0.0910 0.0886 0.1270 0.1106 0.0874 0.1104 0.0782 0.1172 0.0881 0.1016 
         210  1 0.1015 0.1124 0.0971 0.0982 0.0455 0.0950 0.1177 0.1056 0.1142 0.1127 
         211  1 0.1235 0.1154 0.0953 0.1104 0.0232 0.0990 0.1138 0.1041 0.1052 0.1099 
         212  1 0.1112 0.1043 0.1088 0.1216 0.0229 0.1075 0.1056 0.1050 0.0992 0.1138 
         213  1 0.0986 0.1037 0.1032 0.0969 0.0939 0.0932 0.0959 0.1074 0.0980 0.1092 
         214  1 0.0858 0.0801 0.1655 0.1161 0.0219 0.1811 0.0443 0.1319 0.0863 0.0871 
         215  1 0.1131 0.0962 0.1071 0.1031 0.0710 0.1129 0.0991 0.0962 0.0956 0.1057 
         216  1 0.1061 0.1119 0.1116 0.1080 0.0237 0.1016 0.1043 0.1119 0.1064 0.1146 
         217  1 0.0934 0.1147 0.0877 0.0869 0.0948 0.0921 0.1193 0.0954 0.1177 0.0980 
         218  1 0.0999 0.0914 0.1081 0.0998 0.1035 0.1198 0.0895 0.0993 0.0934 0.0952 
         219  1 0.0887 0.0860 0.0985 0.0985 0.1635 0.0933 0.0934 0.0938 0.0886 0.0956 
         220  1 0.1107 0.0948 0.1258 0.1239 0.0202 0.1221 0.0850 0.1114 0.0914 0.1148 
         221  1 0.1088 0.1068 0.0979 0.0978 0.0449 0.1144 0.1088 0.1036 0.1058 0.1110 
         222  1 0.1013 0.0958 0.1300 0.1139 0.0217 0.1273 0.0822 0.1223 0.0983 0.1073 
         223  1 0.1151 0.1155 0.0979 0.1058 0.0601 0.0959 0.1069 0.0983 0.1005 0.1040 
         224  1 0.1084 0.1041 0.1110 0.1145 0.0311 0.1097 0.1044 0.1021 0.1017 0.1131 
         225  1 0.0927 0.0873 0.0902 0.0926 0.1849 0.0886 0.0901 0.0935 0.0874 0.0928 
         226  1 0.1019 0.1273 0.0992 0.0823 0.0152 0.0837 0.1349 0.1086 0.1324 0.1146 
