           1  1 0.0149 0.0347 0.3332 0.6172 
           2  1 0.7553 0.0496 0.0800 0.1151 
           3  1 0.5049 0.1570 0.1679 0.1702 
           4  1 0.8872 0.0343 0.0375 0.0410 
           5  1 0.7896 0.0305 0.0728 0.1071 
           6  1 0.8797 0.0353 0.0412 0.0438 
           7  1 0.8612 0.0384 0.0445 0.0559 
           8  1 0.8301 0.0424 0.0613 0.0662 
           9  1 0.9171 0.0257 0.0276 0.0297 
          10  1 0.1944 0.2858 0.2607 0.2591 
          11  1 0.9209 0.0256 0.0261 0.0274 
          12  1 0.7381 0.0619 0.0943 0.1057 
          13  1 0.9204 0.0226 0.0270 0.0300 
          14  1 0.3248 0.2327 0.2306 0.2118 
          15  1 0.8289 0.0515 0.0625 0.0571 
          16  1 0.2993 0.2032 0.2588 0.2387 
          17  1 0.8062 0.0500 0.0706 0.0732 
          18  1 0.6294 0.1071 0.1429 0.1206 
          19  1 0.6657 0.1153 0.1109 0.1081 
          20  1 0.8156 0.0534 0.0609 0.0700 
          21  1 0.7506 0.0497 0.0911 0.1085 
          22  1 0.2532 0.2491 0.2491 0.2486 
          23  1 0.7208 0.0376 0.0919 0.1497 
          24  1 0.7964 0.0393 0.0711 0.0933 
          25  1 0.3618 0.1202 0.2098 0.3082 
          26  1 0.7259 0.0889 0.0919 0.0933 
          27  1 0.6610 0.0931 0.1084 0.1375 
          28  1 0.2161 0.2546 0.2640 0.2653 
          29  1 0.7784 0.0549 0.0736 0.0931 
          30  1 0.8238 0.0300 0.0584 0.0877 
          31  1 0.9275 0.0209 0.0266 0.0250 
          32  1 0.7006 0.0651 0.1006 0.1338 
          33  1 0.7020 0.0781 0.1004 0.1195 
          34  1 0.7905 0.0458 0.0771 0.0866 
          35  1 0.5143 0.1421 0.1672 0.1764 
          36  1 0.3957 0.1480 0.2158 0.2405 
          37  1 0.2631 0.2642 0.2306 0.2420 
          38  1 0.0895 0.3405 0.3098 0.2601 
          39  1 0.8993 0.0279 0.0337 0.0390 
          40  1 0.8466 0.0388 0.0511 0.0634 
          41  1 0.5298 0.1377 0.1694 0.1630 
          42  1 0.8412 0.0426 0.0535 0.0626 
          43  1 0.2581 0.0868 0.2422 0.4129 
          44  1 0.7577 0.0818 0.0771 0.0834 
          45  1 0.6833 0.0418 0.1026 0.1723 
          46  1 0.4231 0.1918 0.1915 0.1937 
          47  1 0.3065 0.2601 0.2094 0.2240 
          48  1 0.5921 0.0511 0.1436 0.2133 
          49  1 0.1286 0.3471 0.2706 0.2537 
          50  1 0.1694 0.3186 0.2629 0.2490 
          51  1 0.0532 0.4112 0.2966 0.2390 
          52  1 0.0412 0.2732 0.3111 0.3745 
          53  1 0.0715 0.3416 0.3326 0.2543 
          54  1 0.0435 0.3769 0.3335 0.2461 
          55  1 0.1764 0.3220 0.2695 0.2321 
          56  1 0.0136 0.3259 0.3415 0.3190 
          57  1 0.0443 0.4003 0.2965 0.2589 
          58  1 0.1247 0.2905 0.2646 0.3202 
          59  1 0.1159 0.2821 0.3521 0.2499 
          60  1 0.0388 0.3319 0.3427 0.2866 
          61  1 0.0544 0.3478 0.2931 0.3048 
          62  1 0.1943 0.2684 0.2495 0.2878 
          63  1 0.1688 0.2002 0.2639 0.3671 
          64  1 0.0503 0.3724 0.2938 0.2836 
          65  1 0.0446 0.3136 0.3015 0.3403 
          66  1 0.1935 0.2713 0.2761 0.2592 
          67  1 0.0538 0.3849 0.2655 0.2957 
          68  1 0.0220 0.3628 0.3398 0.2754 
          69  1 0.0304 0.4550 0.2872 0.2273 
          70  1 0.0183 0.4351 0.3055 0.2411 
          71  1 0.2019 0.2641 0.2943 0.2396 
          72  1 0.0231 0.3995 0.3326 0.2448 
          73  1 0.0276 0.4370 0.2739 0.2616 
          74  1 0.0456 0.3404 0.3447 0.2693 
          75  1 0.0486 0.3565 0.3240 0.2709 
          76  1 0.0208 0.4288 0.3168 0.2336 
          77  1 0.0452 0.3023 0.3143 0.3382 
          78  1 0.0309 0.2588 0.3241 0.3862 
          79  1 0.0322 0.4807 0.2625 0.2246 
          80  1 0.0642 0.2419 0.3275 0.3664 
          81  1 0.0424 0.3774 0.3129 0.2673 
          82  1 0.1331 0.2564 0.3080 0.3025 
          83  1 0.0294 0.3433 0.3151 0.3122 
          84  1 0.0441 0.3158 0.3072 0.3329 
          85  1 0.5063 0.1608 0.1672 0.1657 
          86  1 0.4754 0.1642 0.1877 0.1727 
          87  1 0.2639 0.2349 0.2816 0.2196 
          88  1 0.0415 0.3682 0.3352 0.2551 
          89  1 0.0485 0.3608 0.3201 0.2706 
          90  1 0.0527 0.4256 0.2741 0.2476 
          91  1 0.1084 0.2668 0.3254 0.2994 
          92  1 0.2411 0.2095 0.2748 0.2746 
          93  1 0.0393 0.3964 0.2877 0.2766 
          94  1 0.4365 0.2124 0.1732 0.1778 
          95  1 0.0405 0.4314 0.2782 0.2499 
          96  1 0.0558 0.3456 0.3601 0.2385 
          97  1 0.2134 0.2622 0.2729 0.2515 
          98  1 0.2350 0.2428 0.2851 0.2370 
          99  1 0.1179 0.2500 0.3097 0.3224 
         100  1 0.6251 0.1057 0.1268 0.1423 
         101  1 0.1300 0.2958 0.2859 0.2883 
         102  1 0.0385 0.3161 0.3384 0.3070 
         103  1 0.0695 0.3611 0.3017 0.2677 
         104  1 0.0359 0.3415 0.3014 0.3212 
         105  1 0.2036 0.2771 0.2540 0.2653 
         106  1 0.2679 0.1780 0.2584 0.2957 
         107  1 0.7072 0.0878 0.1067 0.0982 
         108  1 0.0363 0.3313 0.3630 0.2694 
         109  1 0.3201 0.1853 0.2412 0.2534 
         110  1 0.0316 0.2969 0.3099 0.3617 
         111  1 0.0627 0.3996 0.2740 0.2638 
         112  1 0.0564 0.3598 0.3117 0.2721 
         113  1 0.0556 0.3604 0.3556 0.2284 
         114  1 0.4378 0.1281 0.1960 0.2381 
         115  1 0.0590 0.3294 0.2940 0.3176 
         116  1 0.0398 0.4122 0.2873 0.2606 
         117  1 0.0753 0.3624 0.2919 0.2703 
         118  1 0.1271 0.2509 0.2931 0.3289 
         119  1 0.0883 0.2815 0.2932 0.3370 
         120  1 0.0190 0.3794 0.3550 0.2466 
         121  1 0.0866 0.2612 0.3048 0.3474 
         122  1 0.0328 0.2525 0.2994 0.4153 
         123  1 0.0814 0.3801 0.2712 0.2674 
         124  1 0.2073 0.2204 0.2520 0.3203 
         125  1 0.0710 0.3065 0.3419 0.2806 
         126  1 0.2705 0.2603 0.2271 0.2422 
         127  1 0.2035 0.2601 0.3037 0.2327 
         128  1 0.0333 0.3026 0.3471 0.3170 
         129  1 0.0371 0.3610 0.3093 0.2925 
         130  1 0.0385 0.3456 0.3483 0.2676 
         131  1 0.0386 0.2376 0.3219 0.4018 
         132  1 0.1351 0.1914 0.3124 0.3611 
         133  1 0.1858 0.3093 0.2546 0.2504 
         134  1 0.0723 0.2991 0.3094 0.3192 
         135  1 0.0580 0.3724 0.3251 0.2445 
         136  1 0.0713 0.3817 0.2782 0.2687 
         137  1 0.0900 0.2908 0.2998 0.3195 
         138  1 0.1207 0.3360 0.2677 0.2756 
         139  1 0.0658 0.4078 0.2606 0.2659 
         140  1 0.1688 0.3230 0.2401 0.2681 
         141  1 0.2290 0.2792 0.2568 0.2350 
         142  1 0.0695 0.2139 0.3103 0.4062 
         143  1 0.0190 0.3200 0.3229 0.3381 
         144  1 0.0330 0.3439 0.2984 0.3247 
         145  1 0.3636 0.2166 0.2298 0.1900 
         146  1 0.1217 0.2799 0.3041 0.2942 
         147  1 0.1000 0.3078 0.3146 0.2775 
         148  1 0.0387 0.3641 0.3006 0.2966 
         149  1 0.1100 0.2998 0.3115 0.2787 
         150  1 0.0508 0.3552 0.3473 0.2467 
         151  1 0.3044 0.2229 0.2590 0.2137 
         152  1 0.0725 0.3421 0.3373 0.2480 
         153  1 0.5895 0.0986 0.1433 0.1686 
         154  1 0.0651 0.2802 0.3147 0.3400 
         155  1 0.1437 0.3352 0.2746 0.2464 
         156  1 0.0362 0.4321 0.2858 0.2459 
         157  1 0.0219 0.3472 0.3054 0.3255 
         158  1 0.1317 0.2749 0.2977 0.2957 
         159  1 0.0710 0.2859 0.3271 0.3160 
         160  1 0.0304 0.4106 0.2811 0.2779 
         161  1 0.0261 0.4189 0.3206 0.2344 
         162  1 0.1259 0.3403 0.2933 0.2404 
         163  1 0.0274 0.4237 0.2647 0.2841 
         164  1 0.0601 0.3055 0.2983 0.3362 
         165  1 0.0367 0.3786 0.3042 0.2805 
         166  1 0.0308 0.4559 0.2678 0.2454 
         167  1 0.0324 0.3519 0.3295 0.2863 
         168  1 0.0359 0.3922 0.2851 0.2868 
         169  1 0.0303 0.3851 0.3538 0.2308 
         170  1 0.0625 0.3617 0.3392 0.2366 
         171  1 0.0301 0.4198 0.2825 0.2676 
         172  1 0.0411 0.3102 0.3189 0.3299 
         173  1 0.0366 0.4081 0.2764 0.2789 
         174  1 0.0422 0.3415 0.3333 0.2830 
         175  1 0.0285 0.3419 0.3237 0.3060 
         176  1 0.0373 0.3028 0.3308 0.3291 
         177  1 0.0763 0.3273 0.3188 0.2776 
         178  1 0.0550 0.2249 0.3288 0.3913 
         179  1 0.0738 0.3869 0.2641 0.2752 
         180  1 0.0394 0.4163 0.2983 0.2460 
         181  1 0.1498 0.2984 0.2845 0.2673 
         182  1 0.3415 0.2178 0.2280 0.2127 
         183  1 0.0524 0.3068 0.3318 0.3090 
         184  1 0.0857 0.3317 0.3317 0.2509 
         185  1 0.0417 0.3526 0.3275 0.2782 
         186  1 0.1303 0.2620 0.2944 0.3133 
         187  1 0.0214 0.4678 0.2686 0.2423 
         188  1 0.0644 0.2910 0.3434 0.3012 
         189  1 0.1446 0.2851 0.2946 0.2756 
         190  1 0.1378 0.2962 0.2971 0.2689 
         191  1 0.0367 0.4060 0.2964 0.2608 
         192  1 0.0819 0.3311 0.3044 0.2826 
         193  1 0.1288 0.3251 0.2933 0.2528 
         194  1 0.5530 0.1465 0.1485 0.1520 
         195  1 0.0539 0.2054 0.3110 0.4297 
         196  1 0.0926 0.3502 0.3090 0.2482 
         197  1 0.2762 0.2799 0.2425 0.2013 
         198  1 0.0966 0.3508 0.2968 0.2557 
         199  1 0.1842 0.2983 0.2830 0.2345 
         200  1 0.2657 0.2164 0.2767 0.2412 
         201  1 0.0408 0.2923 0.3171 0.3498 
         202  1 0.1406 0.2905 0.2941 0.2748 
         203  1 0.0605 0.3612 0.2975 0.2809 
         204  1 0.1535 0.1297 0.2967 0.4201 
         205  1 0.1591 0.3246 0.2633 0.2531 
         206  1 0.0503 0.3939 0.2938 0.2620 
         207  1 0.1010 0.2925 0.3294 0.2771 
         208  1 0.0252 0.4037 0.2950 0.2761 
         209  1 0.3546 0.1959 0.2548 0.1946 
         210  1 0.1432 0.2362 0.3018 0.3188 
         211  1 0.0481 0.3587 0.2896 0.3035 
         212  1 0.0482 0.3965 0.2942 0.2611 
         213  1 0.6428 0.0849 0.1235 0.1488 
         214  1 0.0495 0.3450 0.3601 0.2454 
         215  1 0.1572 0.3134 0.2676 0.2618 
         216  1 0.1330 0.2691 0.2909 0.3070 
         217  1 0.2047 0.1923 0.2598 0.3432 
         218  1 0.2812 0.2453 0.2363 0.2372 
         219  1 0.4321 0.2056 0.1881 0.1742 
         220  1 0.0408 0.3645 0.3253 0.2694 
         221  1 0.1448 0.2787 0.2961 0.2804 
         222  1 0.0465 0.3959 0.3108 0.2468 
         223  1 0.1479 0.3096 0.2652 0.2772 
         224  1 0.0517 0.3806 0.3076 0.2601 
         225  1 0.4383 0.2026 0.1846 0.1745 
         226  1 0.0415 0.2055 0.2978 0.4553 
