           1  1 0.1593 0.0259 0.4012 0.4020 0.0116 
           2  1 0.0581 0.0419 0.0817 0.0784 0.7400 
           3  1 0.1463 0.1512 0.1533 0.1503 0.3988 
           4  1 0.0336 0.0320 0.0326 0.0320 0.8697 
           5  1 0.0573 0.0366 0.0902 0.0809 0.7350 
           6  1 0.0366 0.0293 0.0380 0.0375 0.8586 
           7  1 0.0434 0.0360 0.0495 0.0464 0.8248 
           8  1 0.0499 0.0484 0.0616 0.0599 0.7802 
           9  1 0.0264 0.0263 0.0259 0.0263 0.8950 
          10  1 0.2323 0.2015 0.2074 0.2030 0.1558 
          11  1 0.0242 0.0235 0.0264 0.0239 0.9019 
          12  1 0.0916 0.0700 0.0916 0.0921 0.6547 
          13  1 0.0226 0.0228 0.0232 0.0245 0.9069 
          14  1 0.1972 0.2179 0.1837 0.1898 0.2114 
          15  1 0.0507 0.0561 0.0581 0.0623 0.7728 
          16  1 0.1740 0.2089 0.1947 0.2104 0.2120 
          17  1 0.0615 0.0714 0.0743 0.0848 0.7080 
          18  1 0.1165 0.1576 0.1143 0.1558 0.4557 
          19  1 0.0997 0.0841 0.1071 0.1024 0.6067 
          20  1 0.0650 0.0534 0.0689 0.0614 0.7512 
          21  1 0.0682 0.0509 0.0910 0.0889 0.7009 
          22  1 0.1994 0.2020 0.1988 0.2000 0.1998 
          23  1 0.0669 0.0423 0.1040 0.1015 0.6852 
          24  1 0.0497 0.0426 0.0731 0.0769 0.7577 
          25  1 0.1557 0.1049 0.2145 0.2036 0.3213 
          26  1 0.0926 0.0856 0.1037 0.0967 0.6214 
          27  1 0.0964 0.0800 0.1067 0.0996 0.6174 
          28  1 0.2207 0.1866 0.2188 0.2090 0.1648 
          29  1 0.0579 0.0491 0.0686 0.0635 0.7609 
          30  1 0.0472 0.0345 0.0654 0.0679 0.7851 
          31  1 0.0213 0.0208 0.0220 0.0228 0.9132 
          32  1 0.0861 0.0681 0.1090 0.0924 0.6445 
          33  1 0.0831 0.0748 0.0985 0.0951 0.6485 
          34  1 0.0628 0.0649 0.0765 0.0843 0.7115 
          35  1 0.1396 0.1338 0.1508 0.1471 0.4287 
          36  1 0.1684 0.1654 0.1753 0.2024 0.2885 
          37  1 0.2096 0.1907 0.2020 0.1934 0.2043 
          38  1 0.2341 0.2603 0.2114 0.2206 0.0735 
          39  1 0.0323 0.0280 0.0338 0.0323 0.8736 
          40  1 0.0439 0.0358 0.0512 0.0480 0.8211 
          41  1 0.1506 0.1463 0.1581 0.1500 0.3950 
          42  1 0.0587 0.0454 0.0558 0.0572 0.7829 
          43  1 0.1543 0.0821 0.2937 0.2837 0.1862 
          44  1 0.0825 0.0789 0.0786 0.0710 0.6889 
          45  1 0.0747 0.0491 0.1307 0.1152 0.6304 
          46  1 0.1790 0.1549 0.1899 0.1527 0.3234 
          47  1 0.2280 0.1765 0.1825 0.1666 0.2464 
          48  1 0.0945 0.0610 0.1380 0.1428 0.5637 
          49  1 0.2564 0.2511 0.2176 0.1909 0.0840 
          50  1 0.2574 0.2289 0.1979 0.2006 0.1153 
          51  1 0.2946 0.2950 0.2003 0.1751 0.0350 
          52  1 0.2428 0.2040 0.2781 0.2426 0.0325 
          53  1 0.2063 0.2788 0.2164 0.2383 0.0602 
          54  1 0.2309 0.2910 0.2015 0.2420 0.0346 
          55  1 0.2250 0.2123 0.2190 0.2050 0.1387 
          56  1 0.1968 0.2867 0.2379 0.2661 0.0125 
          57  1 0.2882 0.2796 0.2092 0.1889 0.0340 
          58  1 0.2336 0.1826 0.2563 0.2216 0.1058 
          59  1 0.2037 0.2873 0.1847 0.2437 0.0806 
          60  1 0.2498 0.2578 0.2291 0.2314 0.0318 
          61  1 0.2672 0.2133 0.2465 0.2288 0.0442 
          62  1 0.2148 0.1862 0.2434 0.2247 0.1309 
          63  1 0.2014 0.1355 0.2767 0.2397 0.1467 
          64  1 0.2536 0.2381 0.2345 0.2365 0.0374 
          65  1 0.2663 0.2034 0.2613 0.2299 0.0391 
          66  1 0.2180 0.2261 0.2045 0.2202 0.1312 
          67  1 0.2560 0.2424 0.2451 0.2144 0.0419 
          68  1 0.2693 0.2757 0.2311 0.2058 0.0182 
          69  1 0.2811 0.2802 0.2126 0.2034 0.0228 
          70  1 0.2972 0.2648 0.2179 0.2042 0.0160 
          71  1 0.2146 0.2322 0.1841 0.2154 0.1537 
          72  1 0.2592 0.3055 0.2051 0.2103 0.0199 
          73  1 0.3023 0.2366 0.2320 0.2071 0.0220 
          74  1 0.2323 0.2951 0.2026 0.2311 0.0389 
          75  1 0.2440 0.2669 0.2285 0.2194 0.0411 
          76  1 0.2823 0.2802 0.2183 0.2017 0.0175 
          77  1 0.2606 0.2482 0.2330 0.2245 0.0337 
          78  1 0.1829 0.2527 0.2425 0.2980 0.0240 
          79  1 0.2848 0.2409 0.2372 0.2106 0.0265 
          80  1 0.2175 0.2302 0.2320 0.2762 0.0440 
          81  1 0.2538 0.2366 0.2453 0.2291 0.0352 
          82  1 0.2059 0.2244 0.2174 0.2575 0.0948 
          83  1 0.2415 0.2475 0.2446 0.2422 0.0241 
          84  1 0.2504 0.2249 0.2503 0.2419 0.0325 
          85  1 0.1452 0.1351 0.1628 0.1553 0.4016 
          86  1 0.1414 0.1487 0.1593 0.1565 0.3940 
          87  1 0.1683 0.2815 0.1492 0.2362 0.1649 
          88  1 0.1999 0.3145 0.2060 0.2450 0.0347 
          89  1 0.2529 0.2807 0.2245 0.2035 0.0384 
          90  1 0.2590 0.2579 0.2211 0.2237 0.0383 
          91  1 0.2209 0.2227 0.2406 0.2412 0.0746 
          92  1 0.2096 0.1877 0.2415 0.2090 0.1523 
          93  1 0.2646 0.2505 0.2361 0.2163 0.0325 
          94  1 0.1806 0.1590 0.1813 0.1620 0.3171 
          95  1 0.2696 0.2558 0.2254 0.2179 0.0313 
          96  1 0.1817 0.3547 0.1701 0.2556 0.0380 
          97  1 0.2213 0.2320 0.1995 0.1803 0.1669 
          98  1 0.1862 0.2557 0.1838 0.2061 0.1681 
          99  1 0.2332 0.1912 0.2552 0.2343 0.0861 
         100  1 0.1429 0.1213 0.1477 0.1297 0.4584 
         101  1 0.2470 0.2057 0.2304 0.2156 0.1013 
         102  1 0.2104 0.3009 0.1998 0.2613 0.0275 
         103  1 0.2563 0.2645 0.2159 0.2023 0.0610 
         104  1 0.2348 0.2324 0.2471 0.2582 0.0276 
         105  1 0.2054 0.1819 0.2430 0.2078 0.1618 
         106  1 0.2073 0.1513 0.2491 0.2053 0.1870 
         107  1 0.1105 0.1025 0.1069 0.1121 0.5681 
         108  1 0.1910 0.3326 0.1809 0.2688 0.0268 
         109  1 0.1896 0.1874 0.1973 0.2232 0.2025 
         110  1 0.2301 0.2194 0.2714 0.2564 0.0227 
         111  1 0.2946 0.2475 0.2159 0.1920 0.0501 
         112  1 0.2425 0.2336 0.2405 0.2394 0.0440 
         113  1 0.2086 0.3235 0.1756 0.2469 0.0454 
         114  1 0.1623 0.1420 0.1978 0.1819 0.3160 
         115  1 0.2952 0.2060 0.2488 0.2066 0.0433 
         116  1 0.2594 0.2681 0.2249 0.2164 0.0312 
         117  1 0.2610 0.2493 0.2227 0.2104 0.0566 
         118  1 0.2172 0.2032 0.2474 0.2423 0.0899 
         119  1 0.2496 0.2075 0.2560 0.2222 0.0647 
         120  1 0.1976 0.3618 0.1685 0.2571 0.0150 
         121  1 0.2260 0.1891 0.2773 0.2416 0.0659 
         122  1 0.2709 0.1726 0.2626 0.2689 0.0250 
         123  1 0.2632 0.2320 0.2273 0.2141 0.0634 
         124  1 0.2210 0.1617 0.2381 0.2204 0.1588 
         125  1 0.2139 0.2941 0.2064 0.2376 0.0480 
         126  1 0.2232 0.2188 0.2035 0.1857 0.1688 
         127  1 0.1776 0.2934 0.1646 0.2347 0.1297 
         128  1 0.2046 0.2949 0.2081 0.2653 0.0270 
         129  1 0.2441 0.2384 0.2481 0.2414 0.0280 
         130  1 0.2056 0.3296 0.1832 0.2536 0.0280 
         131  1 0.2480 0.1699 0.2858 0.2636 0.0328 
         132  1 0.2135 0.1855 0.2597 0.2555 0.0859 
         133  1 0.2489 0.1951 0.2160 0.1956 0.1443 
         134  1 0.2137 0.2085 0.2602 0.2629 0.0547 
         135  1 0.2246 0.2913 0.2003 0.2405 0.0433 
         136  1 0.2783 0.2420 0.2236 0.2045 0.0517 
         137  1 0.2372 0.2296 0.2389 0.2291 0.0651 
         138  1 0.2565 0.2354 0.2204 0.2086 0.0792 
         139  1 0.2675 0.2475 0.2246 0.2054 0.0551 
         140  1 0.2504 0.2019 0.2106 0.1920 0.1451 
         141  1 0.2231 0.2312 0.2021 0.2010 0.1426 
         142  1 0.2304 0.1614 0.2993 0.2588 0.0501 
         143  1 0.2585 0.2157 0.2668 0.2428 0.0162 
         144  1 0.2764 0.2091 0.2665 0.2209 0.0272 
         145  1 0.1765 0.1927 0.1907 0.1829 0.2572 
         146  1 0.2095 0.2425 0.2185 0.2351 0.0944 
         147  1 0.2256 0.2417 0.2380 0.2286 0.0660 
         148  1 0.2517 0.2302 0.2643 0.2235 0.0303 
         149  1 0.2341 0.2441 0.2235 0.2147 0.0837 
         150  1 0.2114 0.3002 0.2017 0.2459 0.0408 
         151  1 0.1484 0.2482 0.1549 0.2202 0.2284 
         152  1 0.2015 0.3045 0.1917 0.2464 0.0559 
         153  1 0.1378 0.1106 0.1505 0.1380 0.4631 
         154  1 0.2583 0.2059 0.2501 0.2338 0.0519 
         155  1 0.2380 0.2130 0.2361 0.2092 0.1036 
         156  1 0.2689 0.2628 0.2225 0.2182 0.0277 
         157  1 0.2624 0.2548 0.2331 0.2311 0.0186 
         158  1 0.2076 0.2564 0.2012 0.2487 0.0861 
         159  1 0.2129 0.2702 0.2148 0.2558 0.0464 
         160  1 0.2701 0.2581 0.2361 0.2112 0.0245 
         161  1 0.2281 0.3230 0.1989 0.2288 0.0213 
         162  1 0.2535 0.2657 0.2106 0.1965 0.0737 
         163  1 0.2978 0.2580 0.2205 0.2005 0.0233 
         164  1 0.2735 0.2181 0.2418 0.2168 0.0499 
         165  1 0.2749 0.2332 0.2574 0.2065 0.0279 
         166  1 0.2648 0.2478 0.2418 0.2204 0.0253 
         167  1 0.2475 0.2590 0.2377 0.2302 0.0256 
         168  1 0.2680 0.2532 0.2351 0.2139 0.0298 
         169  1 0.2188 0.3418 0.1768 0.2399 0.0226 
         170  1 0.2327 0.3234 0.1830 0.2187 0.0423 
         171  1 0.2690 0.2695 0.2295 0.2078 0.0243 
         172  1 0.2417 0.2483 0.2460 0.2292 0.0347 
         173  1 0.2901 0.2255 0.2484 0.2030 0.0330 
         174  1 0.2305 0.2571 0.2387 0.2412 0.0324 
         175  1 0.2372 0.2728 0.2251 0.2416 0.0233 
         176  1 0.2436 0.2610 0.2340 0.2328 0.0285 
         177  1 0.2564 0.2738 0.2004 0.2119 0.0575 
         178  1 0.1905 0.2338 0.2490 0.2865 0.0402 
         179  1 0.2752 0.2525 0.2141 0.1973 0.0609 
         180  1 0.2877 0.2875 0.2075 0.1868 0.0305 
         181  1 0.2595 0.2357 0.2159 0.1907 0.0982 
         182  1 0.1941 0.1912 0.1918 0.1798 0.2431 
         183  1 0.2332 0.2755 0.2072 0.2493 0.0348 
         184  1 0.2240 0.3023 0.1976 0.2156 0.0605 
         185  1 0.2095 0.2797 0.2208 0.2553 0.0347 
         186  1 0.2183 0.2120 0.2420 0.2363 0.0914 
         187  1 0.2833 0.2533 0.2408 0.2043 0.0183 
         188  1 0.2111 0.2688 0.2145 0.2593 0.0463 
         189  1 0.2452 0.2475 0.2035 0.2135 0.0904 
         190  1 0.2427 0.2349 0.2250 0.2003 0.0971 
         191  1 0.2804 0.2679 0.2162 0.2050 0.0305 
         192  1 0.2546 0.2555 0.2128 0.2148 0.0624 
         193  1 0.2419 0.2393 0.2235 0.2174 0.0778 
         194  1 0.1503 0.1296 0.1379 0.1235 0.4587 
         195  1 0.2330 0.1689 0.2969 0.2638 0.0374 
         196  1 0.2327 0.2583 0.2058 0.2242 0.0790 
         197  1 0.1958 0.2240 0.1936 0.1931 0.1936 
         198  1 0.2380 0.2407 0.2292 0.2210 0.0713 
         199  1 0.2019 0.2570 0.1870 0.2165 0.1375 
         200  1 0.1901 0.2356 0.1769 0.2373 0.1601 
         201  1 0.2581 0.2269 0.2521 0.2323 0.0306 
         202  1 0.2390 0.2378 0.2110 0.2176 0.0946 
         203  1 0.2437 0.2708 0.2205 0.2211 0.0439 
         204  1 0.2182 0.1544 0.2749 0.2649 0.0875 
         205  1 0.2404 0.2095 0.2254 0.2101 0.1145 
         206  1 0.2588 0.2414 0.2299 0.2306 0.0393 
         207  1 0.2009 0.2912 0.1908 0.2488 0.0683 
         208  1 0.2732 0.2227 0.2567 0.2261 0.0212 
         209  1 0.1650 0.2441 0.1491 0.2109 0.2309 
         210  1 0.2151 0.2076 0.2321 0.2434 0.1017 
         211  1 0.2494 0.2141 0.2667 0.2314 0.0383 
         212  1 0.2641 0.2531 0.2340 0.2113 0.0375 
         213  1 0.1232 0.1127 0.1415 0.1317 0.4908 
         214  1 0.1966 0.3415 0.1701 0.2576 0.0342 
         215  1 0.2382 0.2415 0.1996 0.1959 0.1248 
         216  1 0.2418 0.2272 0.2283 0.2242 0.0784 
         217  1 0.1887 0.1551 0.2530 0.2393 0.1639 
         218  1 0.2012 0.2137 0.1889 0.1811 0.2150 
         219  1 0.1672 0.1611 0.1570 0.1470 0.3677 
         220  1 0.2240 0.3049 0.2084 0.2323 0.0303 
         221  1 0.2179 0.2204 0.2368 0.2191 0.1059 
         222  1 0.2299 0.3040 0.2097 0.2224 0.0340 
         223  1 0.2482 0.1924 0.2373 0.2066 0.1156 
         224  1 0.2414 0.2850 0.2101 0.2188 0.0447 
         225  1 0.1617 0.1589 0.1630 0.1610 0.3554 
         226  1 0.2394 0.1455 0.3140 0.2711 0.0301 
