           1  1 0.0103 0.3256 0.1654 0.3190 0.0518 0.0731 0.0549 
           2  1 0.7049 0.0673 0.0517 0.0646 0.0345 0.0366 0.0404 
           3  1 0.3075 0.1147 0.1241 0.1151 0.1153 0.1082 0.1151 
           4  1 0.8301 0.0287 0.0287 0.0288 0.0278 0.0285 0.0274 
           5  1 0.5883 0.0923 0.0751 0.0938 0.0510 0.0507 0.0488 
           6  1 0.8089 0.0351 0.0320 0.0329 0.0297 0.0311 0.0304 
           7  1 0.7252 0.0498 0.0462 0.0535 0.0410 0.0399 0.0444 
           8  1 0.6377 0.0679 0.0654 0.0615 0.0592 0.0528 0.0555 
           9  1 0.8429 0.0264 0.0266 0.0256 0.0257 0.0265 0.0264 
          10  1 0.1242 0.1504 0.1572 0.1556 0.1374 0.1343 0.1409 
          11  1 0.8594 0.0226 0.0239 0.0234 0.0242 0.0226 0.0239 
          12  1 0.4270 0.1126 0.1117 0.1000 0.0891 0.0757 0.0839 
          13  1 0.8648 0.0239 0.0234 0.0219 0.0216 0.0220 0.0224 
          14  1 0.1253 0.1388 0.1444 0.1311 0.1649 0.1489 0.1466 
          15  1 0.7104 0.0424 0.0476 0.0454 0.0517 0.0489 0.0537 
          16  1 0.1255 0.1414 0.1382 0.1394 0.1576 0.1507 0.1471 
          17  1 0.5209 0.0795 0.0689 0.0766 0.0946 0.0748 0.0847 
          18  1 0.2480 0.1045 0.1092 0.1017 0.1586 0.1383 0.1398 
          19  1 0.5119 0.0834 0.0827 0.0810 0.0843 0.0881 0.0686 
          20  1 0.5808 0.0816 0.0704 0.0752 0.0655 0.0586 0.0679 
          21  1 0.5168 0.1096 0.0880 0.0980 0.0606 0.0634 0.0637 
          22  1 0.1423 0.1420 0.1434 0.1432 0.1420 0.1442 0.1429 
          23  1 0.5689 0.1087 0.0795 0.0984 0.0466 0.0509 0.0470 
          24  1 0.6835 0.0679 0.0521 0.0635 0.0459 0.0447 0.0425 
          25  1 0.2170 0.1830 0.1423 0.1670 0.0968 0.0934 0.1006 
          26  1 0.4485 0.0941 0.0896 0.0886 0.0929 0.0977 0.0885 
          27  1 0.5273 0.0902 0.0781 0.0957 0.0730 0.0713 0.0645 
          28  1 0.0958 0.1579 0.1601 0.1610 0.1447 0.1297 0.1507 
          29  1 0.6956 0.0565 0.0523 0.0551 0.0462 0.0472 0.0472 
          30  1 0.6788 0.0630 0.0566 0.0656 0.0456 0.0457 0.0447 
          31  1 0.8802 0.0208 0.0205 0.0198 0.0199 0.0189 0.0198 
          32  1 0.5111 0.1063 0.0888 0.0935 0.0633 0.0709 0.0662 
          33  1 0.5561 0.0877 0.0766 0.0796 0.0658 0.0677 0.0665 
          34  1 0.5442 0.0837 0.0745 0.0795 0.0802 0.0671 0.0707 
          35  1 0.3102 0.1185 0.1168 0.1194 0.1142 0.1083 0.1126 
          36  1 0.1606 0.1478 0.1451 0.1337 0.1428 0.1338 0.1362 
          37  1 0.1460 0.1415 0.1434 0.1515 0.1359 0.1399 0.1418 
          38  1 0.0589 0.1456 0.1568 0.1396 0.1635 0.1706 0.1650 
          39  1 0.7926 0.0364 0.0337 0.0377 0.0357 0.0307 0.0332 
          40  1 0.7461 0.0477 0.0433 0.0505 0.0378 0.0379 0.0367 
          41  1 0.2234 0.1294 0.1303 0.1287 0.1366 0.1228 0.1287 
          42  1 0.6383 0.0690 0.0603 0.0671 0.0569 0.0538 0.0546 
          43  1 0.1166 0.2139 0.1578 0.2300 0.0889 0.0960 0.0969 
          44  1 0.6462 0.0605 0.0647 0.0605 0.0535 0.0549 0.0597 
          45  1 0.5309 0.1089 0.0805 0.1036 0.0593 0.0581 0.0587 
          46  1 0.2146 0.1408 0.1435 0.1348 0.1213 0.1165 0.1285 
          47  1 0.1670 0.1500 0.1383 0.1482 0.1284 0.1338 0.1344 
          48  1 0.3798 0.1512 0.1142 0.1310 0.0797 0.0715 0.0727 
          49  1 0.0483 0.1382 0.1750 0.1464 0.1606 0.1466 0.1849 
          50  1 0.0693 0.1645 0.1607 0.1549 0.1480 0.1457 0.1569 
          51  1 0.0260 0.1244 0.1666 0.1441 0.1675 0.1673 0.2041 
          52  1 0.0218 0.1844 0.1621 0.1922 0.1618 0.1355 0.1423 
          53  1 0.0471 0.1389 0.1438 0.1379 0.1900 0.1866 0.1557 
          54  1 0.0277 0.1147 0.1466 0.1350 0.1804 0.1995 0.1961 
          55  1 0.1050 0.1537 0.1624 0.1519 0.1433 0.1424 0.1414 
          56  1 0.0107 0.1530 0.1579 0.1592 0.1580 0.1855 0.1758 
          57  1 0.0283 0.1366 0.1716 0.1526 0.1576 0.1673 0.1860 
          58  1 0.0829 0.1894 0.1626 0.1641 0.1251 0.1429 0.1331 
          59  1 0.0595 0.1153 0.1381 0.1286 0.1943 0.1753 0.1889 
          60  1 0.0259 0.1519 0.1729 0.1555 0.1692 0.1497 0.1749 
          61  1 0.0286 0.1804 0.1663 0.1749 0.1463 0.1412 0.1624 
          62  1 0.0802 0.1649 0.1659 0.1696 0.1408 0.1373 0.1413 
          63  1 0.1286 0.2064 0.1571 0.1836 0.1035 0.1141 0.1068 
          64  1 0.0264 0.1581 0.1574 0.1601 0.1753 0.1728 0.1500 
          65  1 0.0322 0.1831 0.1596 0.1810 0.1410 0.1512 0.1519 
          66  1 0.0737 0.1431 0.1566 0.1482 0.1550 0.1648 0.1586 
          67  1 0.0320 0.1620 0.1569 0.1802 0.1474 0.1507 0.1708 
          68  1 0.0131 0.1371 0.1762 0.1495 0.1802 0.1630 0.1810 
          69  1 0.0173 0.1212 0.1547 0.1308 0.1873 0.2088 0.1799 
          70  1 0.0143 0.1358 0.1735 0.1510 0.1626 0.1691 0.1936 
          71  1 0.0979 0.1366 0.1575 0.1415 0.1627 0.1512 0.1527 
          72  1 0.0163 0.1321 0.1608 0.1353 0.1808 0.1855 0.1894 
          73  1 0.0176 0.1503 0.1644 0.1586 0.1487 0.1857 0.1747 
          74  1 0.0322 0.1349 0.1589 0.1432 0.1828 0.1727 0.1753 
          75  1 0.0299 0.1595 0.1622 0.1622 0.1673 0.1574 0.1615 
          76  1 0.0146 0.1416 0.1675 0.1431 0.1706 0.1715 0.1911 
          77  1 0.0224 0.1635 0.1710 0.1680 0.1773 0.1431 0.1547 
          78  1 0.0173 0.1752 0.1665 0.1788 0.1476 0.1643 0.1504 
          79  1 0.0229 0.1259 0.1570 0.1449 0.1662 0.2121 0.1710 
          80  1 0.0272 0.1899 0.1812 0.1668 0.1455 0.1495 0.1399 
          81  1 0.0285 0.1644 0.1779 0.1588 0.1501 0.1607 0.1597 
          82  1 0.0755 0.1547 0.1642 0.1501 0.1519 0.1581 0.1456 
          83  1 0.0198 0.1675 0.1696 0.1687 0.1514 0.1595 0.1635 
          84  1 0.0230 0.1719 0.1626 0.1665 0.1590 0.1591 0.1579 
          85  1 0.2533 0.1233 0.1237 0.1289 0.1417 0.1220 0.1071 
          86  1 0.2883 0.1121 0.1150 0.1110 0.1383 0.1252 0.1101 
          87  1 0.1045 0.1074 0.1212 0.1142 0.1883 0.1833 0.1811 
          88  1 0.0323 0.1255 0.1365 0.1335 0.1800 0.1934 0.1989 
          89  1 0.0299 0.1498 0.1654 0.1433 0.1667 0.1704 0.1744 
          90  1 0.0274 0.1410 0.1436 0.1571 0.1686 0.1964 0.1659 
          91  1 0.0542 0.1673 0.1616 0.1638 0.1529 0.1470 0.1533 
          92  1 0.0717 0.1662 0.1726 0.1513 0.1503 0.1368 0.1513 
          93  1 0.0264 0.1533 0.1597 0.1646 0.1602 0.1643 0.1714 
          94  1 0.1795 0.1278 0.1398 0.1246 0.1543 0.1472 0.1268 
          95  1 0.0244 0.1364 0.1522 0.1318 0.1857 0.2142 0.1553 
          96  1 0.0286 0.0921 0.1086 0.1053 0.2285 0.2322 0.2047 
          97  1 0.1472 0.0995 0.1422 0.1340 0.1524 0.1520 0.1729 
          98  1 0.1014 0.1274 0.1354 0.1222 0.2060 0.1632 0.1444 
          99  1 0.0563 0.1695 0.1746 0.1656 0.1579 0.1331 0.1429 
         100  1 0.2255 0.1300 0.1445 0.1217 0.1371 0.1146 0.1265 
         101  1 0.0725 0.1652 0.1672 0.1626 0.1381 0.1422 0.1522 
         102  1 0.0188 0.1490 0.1610 0.1474 0.1701 0.1859 0.1677 
         103  1 0.0532 0.1481 0.1588 0.1504 0.1571 0.1655 0.1670 
         104  1 0.0229 0.1779 0.1729 0.1681 0.1466 0.1701 0.1416 
         105  1 0.1201 0.1591 0.1612 0.1586 0.1171 0.1348 0.1490 
         106  1 0.1002 0.1830 0.1662 0.1695 0.1277 0.1255 0.1280 
         107  1 0.3877 0.1031 0.1029 0.1064 0.1009 0.0949 0.1041 
         108  1 0.0195 0.1091 0.1281 0.1227 0.2142 0.2084 0.1978 
         109  1 0.0937 0.1619 0.1483 0.1569 0.1573 0.1349 0.1469 
         110  1 0.0169 0.1753 0.1587 0.1912 0.1508 0.1526 0.1544 
         111  1 0.0445 0.1569 0.1564 0.1682 0.1441 0.1596 0.1703 
         112  1 0.0336 0.1698 0.1626 0.1674 0.1602 0.1553 0.1511 
         113  1 0.0390 0.1069 0.1227 0.1157 0.2088 0.2061 0.2009 
         114  1 0.1608 0.1622 0.1480 0.1533 0.1331 0.1122 0.1303 
         115  1 0.0277 0.1607 0.1575 0.1794 0.1601 0.1448 0.1698 
         116  1 0.0237 0.1495 0.1493 0.1521 0.1582 0.1960 0.1712 
         117  1 0.0429 0.1446 0.1656 0.1560 0.1593 0.1627 0.1689 
         118  1 0.0549 0.1729 0.1678 0.1603 0.1698 0.1450 0.1293 
         119  1 0.0384 0.1645 0.1843 0.1716 0.1552 0.1434 0.1425 
         120  1 0.0118 0.0919 0.1171 0.1094 0.2166 0.2409 0.2124 
         121  1 0.0411 0.1843 0.1754 0.1775 0.1464 0.1335 0.1418 
         122  1 0.0199 0.1967 0.1605 0.2204 0.1244 0.1364 0.1417 
         123  1 0.0485 0.1554 0.1685 0.1536 0.1478 0.1633 0.1629 
         124  1 0.0990 0.1887 0.1617 0.1701 0.1169 0.1244 0.1392 
         125  1 0.0328 0.1272 0.1369 0.1398 0.1940 0.1864 0.1831 
         126  1 0.0968 0.1473 0.1500 0.1516 0.1504 0.1556 0.1482 
         127  1 0.0723 0.1079 0.1154 0.1175 0.2085 0.1910 0.1874 
         128  1 0.0216 0.1558 0.1556 0.1415 0.1725 0.1842 0.1689 
         129  1 0.0194 0.1623 0.1579 0.1598 0.1666 0.1750 0.1590 
         130  1 0.0187 0.1183 0.1329 0.1333 0.2090 0.2020 0.1859 
         131  1 0.0260 0.1951 0.1685 0.2010 0.1276 0.1362 0.1457 
         132  1 0.0455 0.1987 0.1602 0.1860 0.1433 0.1180 0.1483 
         133  1 0.0996 0.1593 0.1511 0.1560 0.1373 0.1506 0.1460 
         134  1 0.0348 0.1882 0.1655 0.1740 0.1488 0.1538 0.1351 
         135  1 0.0311 0.1216 0.1523 0.1310 0.1938 0.1946 0.1758 
         136  1 0.0377 0.1428 0.1657 0.1575 0.1601 0.1663 0.1699 
         137  1 0.0442 0.1788 0.1712 0.1575 0.1444 0.1525 0.1514 
         138  1 0.0536 0.1493 0.1461 0.1590 0.1504 0.1711 0.1706 
         139  1 0.0465 0.1513 0.1420 0.1716 0.1458 0.1727 0.1701 
         140  1 0.1092 0.1474 0.1439 0.1636 0.1341 0.1462 0.1556 
         141  1 0.0821 0.1482 0.1596 0.1447 0.1640 0.1526 0.1488 
         142  1 0.0295 0.1992 0.2002 0.1859 0.1332 0.1213 0.1307 
         143  1 0.0123 0.1796 0.1699 0.1756 0.1555 0.1474 0.1596 
         144  1 0.0215 0.1708 0.1656 0.1765 0.1529 0.1406 0.1722 
         145  1 0.1450 0.1311 0.1386 0.1201 0.1753 0.1586 0.1312 
         146  1 0.0607 0.1431 0.1416 0.1412 0.1754 0.1659 0.1722 
         147  1 0.0417 0.1530 0.1710 0.1376 0.1819 0.1727 0.1421 
         148  1 0.0247 0.1600 0.1584 0.1661 0.1496 0.1791 0.1622 
         149  1 0.0512 0.1411 0.1664 0.1544 0.1702 0.1565 0.1602 
         150  1 0.0324 0.1185 0.1303 0.1338 0.1971 0.2059 0.1821 
         151  1 0.1661 0.1101 0.1160 0.1131 0.1691 0.1617 0.1640 
         152  1 0.0408 0.1175 0.1391 0.1351 0.1923 0.1893 0.1859 
         153  1 0.2698 0.1454 0.1357 0.1217 0.1150 0.1020 0.1105 
         154  1 0.0369 0.1923 0.1653 0.1839 0.1300 0.1344 0.1572 
         155  1 0.0679 0.1476 0.1519 0.1456 0.1648 0.1873 0.1350 
         156  1 0.0195 0.1441 0.1572 0.1493 0.1776 0.1774 0.1749 
         157  1 0.0141 0.1671 0.1604 0.1763 0.1559 0.1740 0.1522 
         158  1 0.0466 0.1547 0.1569 0.1465 0.1642 0.1709 0.1602 
         159  1 0.0284 0.1578 0.1559 0.1571 0.1570 0.1627 0.1810 
         160  1 0.0185 0.1554 0.1557 0.1676 0.1694 0.1733 0.1600 
         161  1 0.0169 0.1191 0.1351 0.1362 0.1881 0.2053 0.1991 
         162  1 0.0443 0.1273 0.1560 0.1293 0.1880 0.1807 0.1744 
         163  1 0.0205 0.1553 0.1420 0.1779 0.1529 0.1701 0.1814 
         164  1 0.0373 0.1652 0.1631 0.1823 0.1620 0.1400 0.1500 
         165  1 0.0207 0.1647 0.1760 0.1520 0.1622 0.1529 0.1716 
         166  1 0.0200 0.1533 0.1679 0.1454 0.1590 0.1996 0.1548 
         167  1 0.0198 0.1626 0.1628 0.1432 0.1766 0.1803 0.1547 
         168  1 0.0221 0.1572 0.1700 0.1757 0.1529 0.1562 0.1659 
         169  1 0.0184 0.0943 0.1293 0.1090 0.2145 0.2278 0.2067 
         170  1 0.0314 0.1160 0.1376 0.1213 0.1889 0.1888 0.2161 
         171  1 0.0195 0.1446 0.1451 0.1688 0.1631 0.1711 0.1878 
         172  1 0.0267 0.1597 0.1559 0.1682 0.1761 0.1547 0.1587 
         173  1 0.0256 0.1614 0.1600 0.1702 0.1530 0.1587 0.1711 
         174  1 0.0236 0.1518 0.1662 0.1435 0.1609 0.1802 0.1738 
         175  1 0.0185 0.1517 0.1510 0.1574 0.1730 0.1868 0.1616 
         176  1 0.0209 0.1578 0.1599 0.1633 0.1868 0.1529 0.1584 
         177  1 0.0411 0.1352 0.1589 0.1613 0.1651 0.1660 0.1723 
         178  1 0.0263 0.1833 0.1686 0.1725 0.1393 0.1634 0.1465 
         179  1 0.0449 0.1691 0.1715 0.1607 0.1410 0.1457 0.1672 
         180  1 0.0227 0.1398 0.1716 0.1498 0.1609 0.1588 0.1964 
         181  1 0.0632 0.1452 0.1685 0.1467 0.1520 0.1385 0.1859 
         182  1 0.1484 0.1503 0.1520 0.1462 0.1312 0.1292 0.1427 
         183  1 0.0225 0.1623 0.1752 0.1595 0.1667 0.1581 0.1558 
         184  1 0.0391 0.1260 0.1440 0.1476 0.1905 0.1762 0.1766 
         185  1 0.0265 0.1382 0.1389 0.1465 0.1805 0.1931 0.1763 
         186  1 0.0578 0.1642 0.1600 0.1452 0.1751 0.1574 0.1404 
         187  1 0.0162 0.1526 0.1594 0.1589 0.1441 0.1869 0.1819 
         188  1 0.0313 0.1572 0.1659 0.1524 0.1630 0.1687 0.1616 
         189  1 0.0448 0.1505 0.1584 0.1526 0.1590 0.1557 0.1791 
         190  1 0.0621 0.1534 0.1634 0.1441 0.1647 0.1487 0.1636 
         191  1 0.0253 0.1515 0.1752 0.1534 0.1516 0.1597 0.1832 
         192  1 0.0554 0.1309 0.1593 0.1625 0.1592 0.1611 0.1716 
         193  1 0.0459 0.1372 0.1516 0.1309 0.1920 0.1875 0.1548 
         194  1 0.3591 0.1099 0.1219 0.1089 0.0960 0.0996 0.1045 
         195  1 0.0234 0.2109 0.1805 0.1969 0.1240 0.1238 0.1405 
         196  1 0.0568 0.1367 0.1516 0.1469 0.1665 0.1717 0.1696 
         197  1 0.1241 0.1212 0.1327 0.1198 0.1800 0.1815 0.1405 
         198  1 0.0463 0.1557 0.1617 0.1534 0.1672 0.1589 0.1568 
         199  1 0.0925 0.1241 0.1388 0.1429 0.1663 0.1676 0.1677 
         200  1 0.0777 0.1443 0.1597 0.1363 0.1604 0.1550 0.1666 
         201  1 0.0256 0.1739 0.1716 0.1730 0.1466 0.1497 0.1595 
         202  1 0.0472 0.1651 0.1592 0.1603 0.1553 0.1506 0.1623 
         203  1 0.0307 0.1522 0.1514 0.1554 0.1695 0.1684 0.1725 
         204  1 0.0434 0.2094 0.1738 0.1953 0.1322 0.1207 0.1252 
         205  1 0.0609 0.1586 0.1571 0.1602 0.1498 0.1520 0.1613 
         206  1 0.0273 0.1429 0.1661 0.1555 0.1619 0.1908 0.1555 
         207  1 0.0454 0.1334 0.1362 0.1265 0.1950 0.1794 0.1840 
         208  1 0.0179 0.1531 0.1538 0.1536 0.1636 0.1840 0.1741 
         209  1 0.1353 0.1098 0.1246 0.1098 0.1806 0.1687 0.1712 
         210  1 0.0639 0.1850 0.1639 0.1676 0.1369 0.1435 0.1393 
         211  1 0.0278 0.1673 0.1708 0.1642 0.1515 0.1630 0.1554 
         212  1 0.0263 0.1480 0.1672 0.1673 0.1634 0.1669 0.1609 
         213  1 0.2524 0.1323 0.1242 0.1248 0.1395 0.1090 0.1178 
         214  1 0.0249 0.0905 0.1126 0.1091 0.2221 0.2354 0.2054 
         215  1 0.0949 0.1483 0.1453 0.1535 0.1513 0.1494 0.1573 
         216  1 0.0360 0.1664 0.1735 0.1638 0.1674 0.1340 0.1588 
         217  1 0.1149 0.1871 0.1683 0.1633 0.1226 0.1306 0.1133 
         218  1 0.1447 0.1335 0.1409 0.1468 0.1423 0.1421 0.1496 
         219  1 0.2441 0.1229 0.1186 0.1245 0.1305 0.1327 0.1268 
         220  1 0.0228 0.1260 0.1469 0.1331 0.1967 0.1938 0.1808 
         221  1 0.0653 0.1512 0.1578 0.1487 0.1656 0.1692 0.1422 
         222  1 0.0264 0.1250 0.1384 0.1391 0.1807 0.2003 0.1900 
         223  1 0.0826 0.1567 0.1647 0.1487 0.1449 0.1539 0.1485 
         224  1 0.0348 0.1512 0.1550 0.1505 0.1714 0.1722 0.1649 
         225  1 0.2620 0.1230 0.1220 0.1136 0.1270 0.1374 0.1149 
         226  1 0.0198 0.2079 0.1507 0.2338 0.1211 0.1210 0.1456 
