           1  1 0.5362 0.3648 0.0990 
           2  1 0.0677 0.0550 0.8773 
           3  1 0.1985 0.2003 0.6012 
           4  1 0.0347 0.0353 0.9300 
           5  1 0.0539 0.0328 0.9133 
           6  1 0.0439 0.0370 0.9190 
           7  1 0.0441 0.0390 0.9169 
           8  1 0.0545 0.0486 0.8969 
           9  1 0.0285 0.0286 0.9429 
          10  1 0.3645 0.3858 0.2497 
          11  1 0.0276 0.0249 0.9476 
          12  1 0.0726 0.0688 0.8586 
          13  1 0.0263 0.0256 0.9481 
          14  1 0.2728 0.2960 0.4312 
          15  1 0.0526 0.0611 0.8863 
          16  1 0.2696 0.2912 0.4393 
          17  1 0.0511 0.0541 0.8947 
          18  1 0.0961 0.1130 0.7908 
          19  1 0.1259 0.1112 0.7629 
          20  1 0.0588 0.0550 0.8863 
          21  1 0.0649 0.0495 0.8856 
          22  1 0.3320 0.3338 0.3342 
          23  1 0.0661 0.0441 0.8898 
          24  1 0.0548 0.0461 0.8991 
          25  1 0.2265 0.1634 0.6101 
          26  1 0.0899 0.0834 0.8268 
          27  1 0.1167 0.0954 0.7879 
          28  1 0.3474 0.3405 0.3121 
          29  1 0.0738 0.0599 0.8663 
          30  1 0.0422 0.0313 0.9265 
          31  1 0.0241 0.0240 0.9519 
          32  1 0.0920 0.0767 0.8313 
          33  1 0.1022 0.0936 0.8043 
          34  1 0.0617 0.0551 0.8833 
          35  1 0.1935 0.1783 0.6282 
          36  1 0.2168 0.1957 0.5875 
          37  1 0.3295 0.3135 0.3569 
          38  1 0.4342 0.4413 0.1245 
          39  1 0.0322 0.0324 0.9354 
          40  1 0.0490 0.0390 0.9120 
          41  1 0.1535 0.1659 0.6806 
          42  1 0.0534 0.0452 0.9015 
          43  1 0.2373 0.1619 0.6008 
          44  1 0.1014 0.0948 0.8037 
          45  1 0.0772 0.0501 0.8726 
          46  1 0.2262 0.2085 0.5653 
          47  1 0.3055 0.2555 0.4390 
          48  1 0.1128 0.0744 0.8128 
          49  1 0.3936 0.3949 0.2114 
          50  1 0.4089 0.3375 0.2536 
          51  1 0.4368 0.4639 0.0993 
          52  1 0.4789 0.4578 0.0633 
          53  1 0.4411 0.4592 0.0997 
          54  1 0.4084 0.5408 0.0508 
          55  1 0.4002 0.3976 0.2023 
          56  1 0.4659 0.5169 0.0172 
          57  1 0.4517 0.4814 0.0669 
          58  1 0.4381 0.3639 0.1979 
          59  1 0.3584 0.4666 0.1751 
          60  1 0.4248 0.5294 0.0458 
          61  1 0.4778 0.4467 0.0755 
          62  1 0.3653 0.3716 0.2631 
          63  1 0.4214 0.3295 0.2492 
          64  1 0.4471 0.4852 0.0678 
          65  1 0.5280 0.4190 0.0529 
          66  1 0.3244 0.3454 0.3302 
          67  1 0.4588 0.4688 0.0725 
          68  1 0.4414 0.5318 0.0267 
          69  1 0.4709 0.4830 0.0460 
          70  1 0.4765 0.5009 0.0226 
          71  1 0.3339 0.3774 0.2887 
          72  1 0.4397 0.5312 0.0292 
          73  1 0.5377 0.4287 0.0335 
          74  1 0.4091 0.5341 0.0568 
          75  1 0.4386 0.4946 0.0668 
          76  1 0.4810 0.4929 0.0261 
          77  1 0.4532 0.4856 0.0612 
          78  1 0.4750 0.4797 0.0453 
          79  1 0.4894 0.4700 0.0405 
          80  1 0.4464 0.4345 0.1191 
          81  1 0.4923 0.4498 0.0579 
          82  1 0.3942 0.3842 0.2216 
          83  1 0.4782 0.4876 0.0343 
          84  1 0.5171 0.4231 0.0598 
          85  1 0.2018 0.1821 0.6162 
          86  1 0.2004 0.1944 0.6052 
          87  1 0.2761 0.2937 0.4302 
          88  1 0.4523 0.4986 0.0491 
          89  1 0.4205 0.5169 0.0626 
          90  1 0.4669 0.4496 0.0835 
          91  1 0.3994 0.4611 0.1396 
          92  1 0.3212 0.2569 0.4219 
          93  1 0.4443 0.5089 0.0468 
          94  1 0.2015 0.1991 0.5994 
          95  1 0.4747 0.4683 0.0570 
          96  1 0.3947 0.5147 0.0906 
          97  1 0.3180 0.3900 0.2920 
          98  1 0.2935 0.3539 0.3526 
          99  1 0.3917 0.4234 0.1849 
         100  1 0.1111 0.1107 0.7783 
         101  1 0.4244 0.4089 0.1667 
         102  1 0.4590 0.4783 0.0627 
         103  1 0.4323 0.4815 0.0861 
         104  1 0.5056 0.4419 0.0526 
         105  1 0.4287 0.3213 0.2500 
         106  1 0.3374 0.2878 0.3748 
         107  1 0.0943 0.1011 0.8046 
         108  1 0.4368 0.5054 0.0578 
         109  1 0.2228 0.2455 0.5317 
         110  1 0.4352 0.5191 0.0456 
         111  1 0.4872 0.4467 0.0661 
         112  1 0.4765 0.4511 0.0724 
         113  1 0.4142 0.5069 0.0788 
         114  1 0.1989 0.2019 0.5992 
         115  1 0.4893 0.4248 0.0858 
         116  1 0.4678 0.4814 0.0508 
         117  1 0.4327 0.4636 0.1037 
         118  1 0.3878 0.3972 0.2150 
         119  1 0.4201 0.4453 0.1346 
         120  1 0.4279 0.5483 0.0238 
         121  1 0.4712 0.3789 0.1499 
         122  1 0.5222 0.4196 0.0582 
         123  1 0.4887 0.4060 0.1053 
         124  1 0.3156 0.2700 0.4144 
         125  1 0.3927 0.5078 0.0995 
         126  1 0.3095 0.2808 0.4098 
         127  1 0.2934 0.3661 0.3405 
         128  1 0.4414 0.5146 0.0440 
         129  1 0.5027 0.4463 0.0510 
         130  1 0.4343 0.5115 0.0542 
         131  1 0.5340 0.4128 0.0532 
         132  1 0.3312 0.3324 0.3364 
         133  1 0.4025 0.3487 0.2488 
         134  1 0.4613 0.4270 0.1117 
         135  1 0.4203 0.4990 0.0807 
         136  1 0.4425 0.4468 0.1108 
         137  1 0.4205 0.4301 0.1494 
         138  1 0.4258 0.3781 0.1961 
         139  1 0.4740 0.4281 0.0979 
         140  1 0.4003 0.3556 0.2441 
         141  1 0.3131 0.3253 0.3616 
         142  1 0.4432 0.4002 0.1566 
         143  1 0.5066 0.4695 0.0239 
         144  1 0.5041 0.4558 0.0401 
         145  1 0.2446 0.2440 0.5114 
         146  1 0.4369 0.3989 0.1642 
         147  1 0.4095 0.4237 0.1668 
         148  1 0.4972 0.4568 0.0460 
         149  1 0.3929 0.4577 0.1494 
         150  1 0.4128 0.5207 0.0666 
         151  1 0.2750 0.2929 0.4321 
         152  1 0.4061 0.4976 0.0963 
         153  1 0.1288 0.1226 0.7486 
         154  1 0.4521 0.4417 0.1061 
         155  1 0.4076 0.3904 0.2020 
         156  1 0.4648 0.4801 0.0551 
         157  1 0.4625 0.5114 0.0262 
         158  1 0.3732 0.3704 0.2564 
         159  1 0.4536 0.4298 0.1166 
         160  1 0.4556 0.5047 0.0398 
         161  1 0.4214 0.5484 0.0302 
         162  1 0.3832 0.4218 0.1950 
         163  1 0.5034 0.4600 0.0366 
         164  1 0.4543 0.4626 0.0831 
         165  1 0.4913 0.4619 0.0469 
         166  1 0.4912 0.4718 0.0370 
         167  1 0.4521 0.5006 0.0473 
         168  1 0.4618 0.4915 0.0468 
         169  1 0.4354 0.5220 0.0426 
         170  1 0.4003 0.5055 0.0942 
         171  1 0.4487 0.5127 0.0386 
         172  1 0.4466 0.5019 0.0515 
         173  1 0.4805 0.4717 0.0478 
         174  1 0.5041 0.4325 0.0634 
         175  1 0.4840 0.4794 0.0366 
         176  1 0.4381 0.5145 0.0474 
         177  1 0.3969 0.4851 0.1181 
         178  1 0.4473 0.4491 0.1036 
         179  1 0.4545 0.4110 0.1345 
         180  1 0.4550 0.4903 0.0547 
         181  1 0.3788 0.4125 0.2087 
         182  1 0.2735 0.2579 0.4686 
         183  1 0.4371 0.4877 0.0752 
         184  1 0.4073 0.4579 0.1348 
         185  1 0.4663 0.4824 0.0513 
         186  1 0.3904 0.3805 0.2291 
         187  1 0.5120 0.4624 0.0256 
         188  1 0.4235 0.4728 0.1037 
         189  1 0.3666 0.3917 0.2417 
         190  1 0.3720 0.4209 0.2071 
         191  1 0.4651 0.4824 0.0525 
         192  1 0.4059 0.4922 0.1019 
         193  1 0.3817 0.3955 0.2227 
         194  1 0.1767 0.1905 0.6328 
         195  1 0.4963 0.3995 0.1042 
         196  1 0.4034 0.4823 0.1143 
         197  1 0.2843 0.3424 0.3734 
         198  1 0.4163 0.4517 0.1320 
         199  1 0.3251 0.4309 0.2440 
         200  1 0.2610 0.2994 0.4396 
         201  1 0.4471 0.5010 0.0520 
         202  1 0.3752 0.3893 0.2356 
         203  1 0.4545 0.4590 0.0865 
         204  1 0.3579 0.3002 0.3419 
         205  1 0.3756 0.3944 0.2299 
         206  1 0.4569 0.4664 0.0767 
         207  1 0.3907 0.4583 0.1510 
         208  1 0.5182 0.4523 0.0295 
         209  1 0.2146 0.2741 0.5113 
         210  1 0.3753 0.3939 0.2307 
         211  1 0.5037 0.4290 0.0673 
         212  1 0.4570 0.4670 0.0760 
         213  1 0.1216 0.1142 0.7642 
         214  1 0.4145 0.5074 0.0781 
         215  1 0.3886 0.3927 0.2186 
         216  1 0.3842 0.3912 0.2247 
         217  1 0.3498 0.3218 0.3284 
         218  1 0.2840 0.3061 0.4100 
         219  1 0.2275 0.2547 0.5178 
         220  1 0.4280 0.5108 0.0613 
         221  1 0.3900 0.3764 0.2336 
         222  1 0.4345 0.5000 0.0655 
         223  1 0.4373 0.3696 0.1931 
         224  1 0.4467 0.4780 0.0753 
         225  1 0.2345 0.2399 0.5256 
         226  1 0.5015 0.3985 0.0999 
