           1  1 0.1674 0.1154 0.0102 0.2247 0.1576 0.1431 0.0880 0.0935 
           2  1 0.0479 0.0433 0.6794 0.0544 0.0486 0.0469 0.0424 0.0371 
           3  1 0.1060 0.1021 0.2692 0.1033 0.1030 0.1099 0.1067 0.0997 
           4  1 0.0260 0.0285 0.8043 0.0300 0.0270 0.0276 0.0285 0.0281 
           5  1 0.0799 0.0614 0.4953 0.0878 0.0756 0.0799 0.0605 0.0595 
           6  1 0.0326 0.0316 0.7809 0.0338 0.0300 0.0323 0.0297 0.0290 
           7  1 0.0487 0.0462 0.6588 0.0559 0.0484 0.0494 0.0463 0.0463 
           8  1 0.0702 0.0614 0.5537 0.0671 0.0618 0.0660 0.0608 0.0590 
           9  1 0.0269 0.0264 0.8136 0.0276 0.0257 0.0276 0.0257 0.0265 
          10  1 0.1235 0.1264 0.1197 0.1354 0.1223 0.1257 0.1327 0.1143 
          11  1 0.0233 0.0229 0.8329 0.0249 0.0233 0.0241 0.0242 0.0245 
          12  1 0.0955 0.0943 0.3498 0.1052 0.0858 0.0930 0.0918 0.0847 
          13  1 0.0231 0.0222 0.8429 0.0230 0.0231 0.0225 0.0213 0.0218 
          14  1 0.1283 0.1243 0.1057 0.1266 0.1244 0.1294 0.1319 0.1294 
          15  1 0.0429 0.0449 0.6782 0.0423 0.0454 0.0466 0.0493 0.0504 
          16  1 0.1170 0.1307 0.1033 0.1292 0.1202 0.1328 0.1264 0.1403 
          17  1 0.0797 0.0796 0.4067 0.0830 0.0871 0.0901 0.0831 0.0906 
          18  1 0.1071 0.0997 0.1981 0.1068 0.1186 0.1172 0.1227 0.1298 
          19  1 0.0811 0.0678 0.4821 0.0729 0.0786 0.0732 0.0690 0.0753 
          20  1 0.0798 0.0737 0.4760 0.0810 0.0728 0.0764 0.0727 0.0676 
          21  1 0.0801 0.0754 0.4538 0.0992 0.0770 0.0853 0.0646 0.0647 
          22  1 0.1236 0.1256 0.1259 0.1246 0.1247 0.1258 0.1257 0.1241 
          23  1 0.0840 0.0636 0.4976 0.0906 0.0733 0.0716 0.0619 0.0573 
          24  1 0.0535 0.0496 0.6489 0.0570 0.0524 0.0508 0.0437 0.0440 
          25  1 0.1336 0.1119 0.1633 0.1502 0.1158 0.1261 0.1031 0.0961 
          26  1 0.0940 0.0829 0.4027 0.0852 0.0887 0.0809 0.0846 0.0810 
          27  1 0.0790 0.0688 0.5057 0.0777 0.0704 0.0693 0.0642 0.0649 
          28  1 0.1361 0.1375 0.0757 0.1329 0.1293 0.1365 0.1352 0.1168 
          29  1 0.0506 0.0502 0.6516 0.0526 0.0496 0.0504 0.0478 0.0472 
          30  1 0.0653 0.0614 0.5907 0.0645 0.0531 0.0674 0.0484 0.0491 
          31  1 0.0200 0.0200 0.8613 0.0209 0.0199 0.0201 0.0191 0.0188 
          32  1 0.0811 0.0876 0.4340 0.0887 0.0737 0.0835 0.0782 0.0732 
          33  1 0.0741 0.0700 0.5036 0.0759 0.0692 0.0747 0.0683 0.0643 
          34  1 0.0797 0.0755 0.4426 0.0855 0.0836 0.0855 0.0688 0.0789 
          35  1 0.1067 0.1010 0.2672 0.1100 0.1045 0.1065 0.1019 0.1022 
          36  1 0.1251 0.1187 0.1232 0.1196 0.1241 0.1342 0.1278 0.1272 
          37  1 0.1277 0.1270 0.1206 0.1288 0.1212 0.1275 0.1270 0.1201 
          38  1 0.1314 0.1379 0.0521 0.1244 0.1329 0.1375 0.1381 0.1458 
          39  1 0.0400 0.0366 0.7302 0.0422 0.0411 0.0355 0.0361 0.0384 
          40  1 0.0472 0.0400 0.6991 0.0486 0.0434 0.0422 0.0412 0.0383 
          41  1 0.1226 0.1121 0.1712 0.1260 0.1127 0.1180 0.1178 0.1196 
          42  1 0.0618 0.0614 0.5618 0.0707 0.0606 0.0678 0.0531 0.0629 
          43  1 0.1428 0.1195 0.0978 0.1709 0.1261 0.1292 0.1111 0.1026 
          44  1 0.0564 0.0527 0.6096 0.0590 0.0548 0.0557 0.0605 0.0512 
          45  1 0.0836 0.0705 0.4572 0.0928 0.0804 0.0821 0.0691 0.0643 
          46  1 0.1209 0.1189 0.1865 0.1227 0.1142 0.1168 0.1118 0.1083 
          47  1 0.1251 0.1304 0.1414 0.1308 0.1188 0.1237 0.1225 0.1073 
          48  1 0.1049 0.0920 0.3338 0.1169 0.0918 0.0976 0.0856 0.0773 
          49  1 0.1175 0.1378 0.0432 0.1442 0.1367 0.1351 0.1582 0.1274 
          50  1 0.1357 0.1494 0.0510 0.1374 0.1313 0.1384 0.1273 0.1295 
          51  1 0.1302 0.1572 0.0237 0.1189 0.1430 0.1262 0.1728 0.1279 
          52  1 0.1484 0.1251 0.0200 0.1456 0.1391 0.1473 0.1376 0.1370 
          53  1 0.1248 0.1390 0.0465 0.1170 0.1438 0.1230 0.1323 0.1736 
          54  1 0.1284 0.1359 0.0260 0.1152 0.1422 0.1375 0.1529 0.1620 
          55  1 0.1355 0.1281 0.0968 0.1313 0.1227 0.1343 0.1284 0.1230 
          56  1 0.1270 0.1506 0.0102 0.1352 0.1310 0.1328 0.1449 0.1685 
          57  1 0.1359 0.1539 0.0267 0.1265 0.1401 0.1272 0.1610 0.1287 
          58  1 0.1500 0.1336 0.0688 0.1502 0.1271 0.1323 0.1212 0.1168 
          59  1 0.1175 0.1302 0.0531 0.1225 0.1515 0.1311 0.1392 0.1550 
          60  1 0.1346 0.1348 0.0242 0.1436 0.1386 0.1352 0.1459 0.1431 
          61  1 0.1444 0.1404 0.0255 0.1450 0.1415 0.1422 0.1374 0.1237 
          62  1 0.1509 0.1328 0.0581 0.1429 0.1302 0.1371 0.1300 0.1182 
          63  1 0.1374 0.1241 0.1195 0.1541 0.1149 0.1286 0.1137 0.1077 
          64  1 0.1520 0.1363 0.0225 0.1449 0.1361 0.1412 0.1295 0.1376 
          65  1 0.1501 0.1423 0.0297 0.1390 0.1380 0.1461 0.1299 0.1249 
          66  1 0.1309 0.1303 0.0583 0.1411 0.1338 0.1416 0.1312 0.1328 
          67  1 0.1349 0.1419 0.0281 0.1389 0.1443 0.1376 0.1534 0.1210 
          68  1 0.1448 0.1340 0.0125 0.1314 0.1397 0.1374 0.1538 0.1463 
          69  1 0.1309 0.1512 0.0159 0.1178 0.1507 0.1281 0.1524 0.1529 
          70  1 0.1401 0.1480 0.0140 0.1152 0.1410 0.1458 0.1498 0.1461 
          71  1 0.1238 0.1301 0.0878 0.1291 0.1348 0.1371 0.1274 0.1298 
          72  1 0.1298 0.1521 0.0163 0.1315 0.1470 0.1283 0.1466 0.1484 
          73  1 0.1463 0.1443 0.0165 0.1263 0.1345 0.1559 0.1372 0.1389 
          74  1 0.1292 0.1402 0.0311 0.1295 0.1362 0.1355 0.1434 0.1550 
          75  1 0.1444 0.1419 0.0270 0.1339 0.1413 0.1446 0.1283 0.1386 
          76  1 0.1374 0.1607 0.0145 0.1295 0.1443 0.1252 0.1435 0.1449 
          77  1 0.1462 0.1398 0.0197 0.1408 0.1365 0.1484 0.1388 0.1298 
          78  1 0.1346 0.1428 0.0169 0.1520 0.1382 0.1377 0.1241 0.1538 
          79  1 0.1545 0.1415 0.0222 0.1125 0.1376 0.1344 0.1334 0.1638 
          80  1 0.1444 0.1344 0.0241 0.1464 0.1333 0.1534 0.1341 0.1299 
          81  1 0.1471 0.1440 0.0267 0.1437 0.1373 0.1331 0.1318 0.1363 
          82  1 0.1255 0.1333 0.0724 0.1416 0.1505 0.1361 0.1152 0.1254 
          83  1 0.1414 0.1467 0.0195 0.1449 0.1349 0.1378 0.1346 0.1402 
          84  1 0.1418 0.1438 0.0211 0.1428 0.1444 0.1510 0.1237 0.1315 
          85  1 0.1155 0.1081 0.2062 0.1157 0.1198 0.1169 0.1026 0.1151 
          86  1 0.1090 0.1038 0.2613 0.1036 0.1054 0.1003 0.0957 0.1208 
          87  1 0.1100 0.1181 0.0816 0.1075 0.1372 0.1330 0.1458 0.1669 
          88  1 0.1158 0.1495 0.0320 0.1093 0.1413 0.1333 0.1422 0.1767 
          89  1 0.1301 0.1487 0.0257 0.1302 0.1299 0.1380 0.1547 0.1428 
          90  1 0.1451 0.1482 0.0254 0.1255 0.1475 0.1332 0.1335 0.1416 
          91  1 0.1310 0.1472 0.0490 0.1435 0.1309 0.1351 0.1330 0.1303 
          92  1 0.1470 0.1362 0.0546 0.1376 0.1304 0.1355 0.1234 0.1352 
          93  1 0.1387 0.1438 0.0252 0.1389 0.1430 0.1341 0.1480 0.1283 
          94  1 0.1298 0.1172 0.1517 0.1155 0.1213 0.1134 0.1186 0.1324 
          95  1 0.1539 0.1354 0.0233 0.1272 0.1370 0.1294 0.1321 0.1619 
          96  1 0.0995 0.1350 0.0244 0.0932 0.1440 0.1310 0.1613 0.2117 
          97  1 0.1116 0.1278 0.1447 0.1111 0.1233 0.1117 0.1470 0.1228 
          98  1 0.1211 0.1246 0.0852 0.1181 0.1401 0.1281 0.1295 0.1532 
          99  1 0.1313 0.1339 0.0504 0.1482 0.1286 0.1359 0.1438 0.1280 
         100  1 0.1252 0.1105 0.1813 0.1206 0.1147 0.1203 0.1102 0.1173 
         101  1 0.1342 0.1336 0.0637 0.1389 0.1306 0.1394 0.1367 0.1230 
         102  1 0.1345 0.1436 0.0177 0.1263 0.1494 0.1415 0.1365 0.1505 
         103  1 0.1271 0.1517 0.0511 0.1374 0.1279 0.1200 0.1502 0.1345 
         104  1 0.1467 0.1368 0.0217 0.1565 0.1487 0.1445 0.1224 0.1227 
         105  1 0.1353 0.1337 0.1078 0.1274 0.1248 0.1354 0.1098 0.1259 
         106  1 0.1428 0.1350 0.0761 0.1457 0.1208 0.1459 0.1242 0.1094 
         107  1 0.0985 0.0938 0.3277 0.1020 0.0941 0.0963 0.0980 0.0896 
         108  1 0.1086 0.1392 0.0164 0.1042 0.1533 0.1312 0.1555 0.1917 
         109  1 0.1330 0.1134 0.0709 0.1362 0.1371 0.1437 0.1376 0.1280 
         110  1 0.1393 0.1316 0.0163 0.1556 0.1436 0.1350 0.1492 0.1292 
         111  1 0.1341 0.1499 0.0440 0.1287 0.1360 0.1471 0.1412 0.1191 
         112  1 0.1426 0.1478 0.0301 0.1405 0.1399 0.1355 0.1273 0.1363 
         113  1 0.1135 0.1249 0.0340 0.1080 0.1393 0.1315 0.1683 0.1804 
         114  1 0.1357 0.1247 0.1303 0.1323 0.1182 0.1336 0.1197 0.1054 
         115  1 0.1451 0.1396 0.0227 0.1329 0.1327 0.1499 0.1532 0.1238 
         116  1 0.1470 0.1413 0.0236 0.1289 0.1410 0.1306 0.1428 0.1448 
         117  1 0.1295 0.1467 0.0383 0.1329 0.1361 0.1311 0.1428 0.1427 
         118  1 0.1493 0.1243 0.0498 0.1503 0.1305 0.1348 0.1304 0.1306 
         119  1 0.1392 0.1412 0.0366 0.1376 0.1315 0.1434 0.1391 0.1315 
         120  1 0.1091 0.1445 0.0114 0.0999 0.1488 0.1343 0.1569 0.1951 
         121  1 0.1470 0.1461 0.0344 0.1453 0.1394 0.1397 0.1172 0.1309 
         122  1 0.1508 0.1357 0.0177 0.1651 0.1381 0.1537 0.1230 0.1159 
         123  1 0.1345 0.1504 0.0435 0.1352 0.1378 0.1396 0.1323 0.1266 
         124  1 0.1361 0.1277 0.0953 0.1530 0.1204 0.1381 0.1164 0.1130 
         125  1 0.1222 0.1424 0.0305 0.1227 0.1366 0.1376 0.1499 0.1580 
         126  1 0.1343 0.1386 0.0763 0.1351 0.1278 0.1322 0.1311 0.1246 
         127  1 0.1136 0.1262 0.0609 0.1006 0.1411 0.1292 0.1467 0.1817 
         128  1 0.1285 0.1464 0.0207 0.1203 0.1405 0.1444 0.1364 0.1627 
         129  1 0.1530 0.1399 0.0183 0.1371 0.1422 0.1421 0.1267 0.1407 
         130  1 0.1230 0.1323 0.0174 0.1119 0.1443 0.1404 0.1607 0.1700 
         131  1 0.1476 0.1479 0.0254 0.1495 0.1320 0.1519 0.1240 0.1217 
         132  1 0.1363 0.1248 0.0378 0.1573 0.1429 0.1497 0.1344 0.1169 
         133  1 0.1336 0.1358 0.0809 0.1324 0.1288 0.1356 0.1236 0.1294 
         134  1 0.1472 0.1327 0.0317 0.1416 0.1455 0.1391 0.1194 0.1429 
         135  1 0.1311 0.1397 0.0297 0.1193 0.1483 0.1281 0.1444 0.1594 
         136  1 0.1340 0.1380 0.0353 0.1324 0.1379 0.1403 0.1440 0.1381 
         137  1 0.1427 0.1347 0.0408 0.1486 0.1322 0.1381 0.1406 0.1224 
         138  1 0.1414 0.1421 0.0465 0.1306 0.1425 0.1314 0.1405 0.1249 
         139  1 0.1348 0.1427 0.0415 0.1302 0.1492 0.1335 0.1408 0.1273 
         140  1 0.1360 0.1267 0.0965 0.1304 0.1289 0.1322 0.1298 0.1195 
         141  1 0.1354 0.1337 0.0742 0.1351 0.1314 0.1278 0.1288 0.1337 
         142  1 0.1455 0.1438 0.0266 0.1593 0.1207 0.1463 0.1397 0.1181 
         143  1 0.1484 0.1399 0.0112 0.1522 0.1326 0.1485 0.1325 0.1348 
         144  1 0.1398 0.1457 0.0194 0.1419 0.1294 0.1498 0.1453 0.1288 
         145  1 0.1298 0.1215 0.1126 0.1130 0.1374 0.1260 0.1177 0.1420 
         146  1 0.1321 0.1322 0.0511 0.1203 0.1386 0.1430 0.1288 0.1538 
         147  1 0.1342 0.1329 0.0397 0.1418 0.1346 0.1268 0.1401 0.1499 
         148  1 0.1485 0.1418 0.0218 0.1265 0.1407 0.1498 0.1321 0.1388 
         149  1 0.1257 0.1387 0.0465 0.1372 0.1313 0.1401 0.1424 0.1381 
         150  1 0.1216 0.1378 0.0293 0.1194 0.1364 0.1328 0.1496 0.1732 
         151  1 0.1040 0.1118 0.1560 0.1033 0.1242 0.1260 0.1229 0.1519 
         152  1 0.1179 0.1367 0.0399 0.1150 0.1412 0.1358 0.1441 0.1695 
         153  1 0.1146 0.1111 0.2147 0.1199 0.1050 0.1201 0.1111 0.1036 
         154  1 0.1404 0.1437 0.0313 0.1502 0.1362 0.1386 0.1361 0.1236 
         155  1 0.1479 0.1367 0.0577 0.1299 0.1333 0.1300 0.1161 0.1483 
         156  1 0.1417 0.1397 0.0182 0.1318 0.1443 0.1267 0.1490 0.1485 
         157  1 0.1381 0.1470 0.0137 0.1393 0.1357 0.1459 0.1513 0.1290 
         158  1 0.1394 0.1318 0.0364 0.1336 0.1366 0.1465 0.1366 0.1391 
         159  1 0.1358 0.1343 0.0258 0.1327 0.1394 0.1468 0.1380 0.1472 
         160  1 0.1453 0.1410 0.0173 0.1367 0.1434 0.1345 0.1442 0.1377 
         161  1 0.1272 0.1347 0.0163 0.1149 0.1515 0.1267 0.1577 0.1710 
         162  1 0.1315 0.1347 0.0387 0.1290 0.1385 0.1243 0.1464 0.1569 
         163  1 0.1518 0.1356 0.0204 0.1232 0.1472 0.1429 0.1455 0.1334 
         164  1 0.1422 0.1387 0.0332 0.1365 0.1439 0.1452 0.1339 0.1264 
         165  1 0.1452 0.1456 0.0196 0.1493 0.1377 0.1321 0.1418 0.1288 
         166  1 0.1525 0.1434 0.0194 0.1255 0.1455 0.1373 0.1282 0.1481 
         167  1 0.1434 0.1313 0.0183 0.1407 0.1339 0.1356 0.1425 0.1544 
         168  1 0.1463 0.1403 0.0201 0.1330 0.1478 0.1396 0.1483 0.1245 
         169  1 0.1180 0.1345 0.0162 0.1055 0.1425 0.1152 0.1611 0.2070 
         170  1 0.1218 0.1435 0.0293 0.1122 0.1421 0.1134 0.1663 0.1714 
         171  1 0.1335 0.1359 0.0183 0.1302 0.1530 0.1347 0.1591 0.1352 
         172  1 0.1373 0.1431 0.0251 0.1365 0.1379 0.1516 0.1330 0.1356 
         173  1 0.1430 0.1399 0.0232 0.1359 0.1420 0.1451 0.1449 0.1260 
         174  1 0.1381 0.1568 0.0215 0.1285 0.1390 0.1421 0.1272 0.1469 
         175  1 0.1302 0.1434 0.0173 0.1308 0.1444 0.1406 0.1381 0.1552 
         176  1 0.1391 0.1373 0.0195 0.1375 0.1485 0.1468 0.1349 0.1363 
         177  1 0.1262 0.1430 0.0394 0.1316 0.1401 0.1277 0.1538 0.1382 
         178  1 0.1421 0.1391 0.0248 0.1539 0.1323 0.1420 0.1273 0.1385 
         179  1 0.1346 0.1559 0.0371 0.1354 0.1357 0.1324 0.1406 0.1282 
         180  1 0.1292 0.1500 0.0208 0.1295 0.1384 0.1360 0.1723 0.1238 
         181  1 0.1302 0.1396 0.0551 0.1305 0.1328 0.1350 0.1517 0.1251 
         182  1 0.1253 0.1250 0.1199 0.1393 0.1226 0.1229 0.1238 0.1211 
         183  1 0.1369 0.1417 0.0204 0.1352 0.1387 0.1449 0.1442 0.1381 
         184  1 0.1357 0.1410 0.0369 0.1295 0.1364 0.1254 0.1437 0.1514 
         185  1 0.1232 0.1414 0.0251 0.1209 0.1382 0.1395 0.1391 0.1726 
         186  1 0.1408 0.1314 0.0489 0.1440 0.1341 0.1326 0.1293 0.1389 
         187  1 0.1386 0.1426 0.0149 0.1332 0.1459 0.1444 0.1453 0.1352 
         188  1 0.1334 0.1345 0.0289 0.1328 0.1428 0.1498 0.1411 0.1368 
         189  1 0.1331 0.1364 0.0346 0.1330 0.1377 0.1472 0.1429 0.1351 
         190  1 0.1345 0.1319 0.0573 0.1408 0.1350 0.1315 0.1405 0.1285 
         191  1 0.1424 0.1574 0.0238 0.1233 0.1329 0.1336 0.1605 0.1260 
         192  1 0.1319 0.1444 0.0534 0.1296 0.1290 0.1351 0.1465 0.1300 
         193  1 0.1499 0.1321 0.0382 0.1362 0.1393 0.1252 0.1334 0.1459 
         194  1 0.0928 0.0972 0.3226 0.1050 0.0894 0.0963 0.1059 0.0908 
         195  1 0.1454 0.1364 0.0196 0.1638 0.1341 0.1591 0.1302 0.1114 
         196  1 0.1372 0.1405 0.0533 0.1274 0.1298 0.1292 0.1383 0.1442 
         197  1 0.1315 0.1216 0.1100 0.1120 0.1378 0.1116 0.1247 0.1509 
         198  1 0.1449 0.1378 0.0419 0.1326 0.1350 0.1402 0.1350 0.1327 
         199  1 0.1230 0.1356 0.0902 0.1221 0.1311 0.1264 0.1364 0.1353 
         200  1 0.1290 0.1294 0.0678 0.1304 0.1323 0.1325 0.1446 0.1340 
         201  1 0.1285 0.1532 0.0224 0.1431 0.1286 0.1478 0.1505 0.1260 
         202  1 0.1357 0.1320 0.0375 0.1398 0.1439 0.1394 0.1424 0.1293 
         203  1 0.1407 0.1404 0.0302 0.1381 0.1432 0.1323 0.1418 0.1335 
         204  1 0.1489 0.1311 0.0321 0.1619 0.1356 0.1547 0.1181 0.1176 
         205  1 0.1346 0.1404 0.0507 0.1332 0.1372 0.1360 0.1392 0.1288 
         206  1 0.1417 0.1301 0.0253 0.1299 0.1477 0.1367 0.1435 0.1452 
         207  1 0.1216 0.1301 0.0387 0.1179 0.1479 0.1393 0.1417 0.1628 
         208  1 0.1443 0.1394 0.0164 0.1359 0.1401 0.1544 0.1340 0.1356 
         209  1 0.1119 0.1150 0.1139 0.1164 0.1316 0.1281 0.1337 0.1494 
         210  1 0.1384 0.1324 0.0615 0.1438 0.1297 0.1340 0.1389 0.1211 
         211  1 0.1479 0.1393 0.0269 0.1366 0.1395 0.1425 0.1341 0.1332 
         212  1 0.1433 0.1439 0.0247 0.1343 0.1415 0.1330 0.1372 0.1422 
         213  1 0.1190 0.1106 0.1805 0.1293 0.1156 0.1262 0.1072 0.1117 
         214  1 0.1051 0.1335 0.0223 0.0962 0.1482 0.1263 0.1619 0.2065 
         215  1 0.1255 0.1394 0.0890 0.1259 0.1281 0.1243 0.1393 0.1285 
         216  1 0.1415 0.1426 0.0292 0.1454 0.1370 0.1410 0.1353 0.1280 
         217  1 0.1378 0.1169 0.1130 0.1397 0.1314 0.1417 0.1057 0.1137 
         218  1 0.1192 0.1296 0.1287 0.1169 0.1159 0.1245 0.1331 0.1322 
         219  1 0.1154 0.1114 0.2245 0.1066 0.1113 0.1085 0.1119 0.1104 
         220  1 0.1308 0.1463 0.0228 0.1208 0.1422 0.1280 0.1523 0.1568 
         221  1 0.1345 0.1331 0.0562 0.1392 0.1361 0.1357 0.1278 0.1373 
         222  1 0.1317 0.1404 0.0235 0.1176 0.1454 0.1270 0.1525 0.1619 
         223  1 0.1376 0.1268 0.0722 0.1363 0.1212 0.1406 0.1353 0.1299 
         224  1 0.1431 0.1393 0.0329 0.1263 0.1424 0.1342 0.1429 0.1391 
         225  1 0.1150 0.1089 0.2318 0.1103 0.1103 0.1050 0.1052 0.1135 
         226  1 0.1538 0.1290 0.0180 0.1620 0.1371 0.1474 0.1338 0.1188 
