           1  1 0.0527 0.0394 0.8608 0.0135 0.0336 
           2  1 0.0470 0.0485 0.1395 0.7189 0.0461 
           3  1 0.1488 0.1543 0.1517 0.4006 0.1446 
           4  1 0.0350 0.0354 0.0394 0.8534 0.0368 
           5  1 0.0469 0.0410 0.1514 0.7213 0.0394 
           6  1 0.0377 0.0349 0.0482 0.8429 0.0363 
           7  1 0.0422 0.0425 0.0666 0.8056 0.0430 
           8  1 0.0552 0.0555 0.0815 0.7546 0.0533 
           9  1 0.0283 0.0302 0.0313 0.8813 0.0289 
          10  1 0.1974 0.2078 0.2196 0.1665 0.2085 
          11  1 0.0270 0.0264 0.0306 0.8898 0.0263 
          12  1 0.0826 0.0722 0.1374 0.6271 0.0808 
          13  1 0.0268 0.0262 0.0290 0.8925 0.0254 
          14  1 0.2068 0.2084 0.1687 0.2176 0.1985 
          15  1 0.0599 0.0668 0.0512 0.7650 0.0571 
          16  1 0.1956 0.2128 0.1928 0.2250 0.1739 
          17  1 0.0776 0.0786 0.0865 0.6918 0.0655 
          18  1 0.1669 0.1802 0.1034 0.4268 0.1226 
          19  1 0.1074 0.0979 0.1043 0.5889 0.1015 
          20  1 0.0644 0.0574 0.0942 0.7262 0.0577 
          21  1 0.0567 0.0570 0.1512 0.6757 0.0593 
          22  1 0.2012 0.2000 0.2003 0.1988 0.1998 
          23  1 0.0532 0.0459 0.1912 0.6641 0.0457 
          24  1 0.0499 0.0445 0.1222 0.7410 0.0425 
          25  1 0.1255 0.1033 0.3533 0.3001 0.1178 
          26  1 0.1014 0.0992 0.0961 0.6017 0.1017 
          27  1 0.0863 0.0816 0.1405 0.5973 0.0943 
          28  1 0.1990 0.1994 0.2224 0.1588 0.2204 
          29  1 0.0546 0.0527 0.0878 0.7511 0.0537 
          30  1 0.0412 0.0359 0.1221 0.7606 0.0403 
          31  1 0.0239 0.0232 0.0282 0.9018 0.0229 
          32  1 0.0852 0.0717 0.1443 0.6237 0.0751 
          33  1 0.0792 0.0782 0.1210 0.6427 0.0789 
          34  1 0.0676 0.0688 0.1056 0.6957 0.0624 
          35  1 0.1430 0.1376 0.1575 0.4271 0.1347 
          36  1 0.1754 0.1670 0.2154 0.2896 0.1525 
          37  1 0.2032 0.1816 0.2027 0.2042 0.2084 
          38  1 0.2416 0.2521 0.1757 0.0791 0.2515 
          39  1 0.0328 0.0335 0.0477 0.8538 0.0322 
          40  1 0.0428 0.0409 0.0708 0.8028 0.0427 
          41  1 0.1555 0.1447 0.1744 0.3779 0.1474 
          42  1 0.0561 0.0534 0.0721 0.7634 0.0551 
          43  1 0.1050 0.0903 0.5290 0.1801 0.0956 
          44  1 0.0692 0.0751 0.0816 0.6921 0.0821 
          45  1 0.0607 0.0531 0.2030 0.6324 0.0508 
          46  1 0.1547 0.1556 0.1968 0.3286 0.1643 
          47  1 0.1804 0.1772 0.1929 0.2451 0.2044 
          48  1 0.0732 0.0585 0.2774 0.5234 0.0675 
          49  1 0.2341 0.2436 0.1866 0.0880 0.2477 
          50  1 0.2216 0.2043 0.1993 0.1092 0.2656 
          51  1 0.2303 0.2765 0.1558 0.0436 0.2937 
          52  1 0.2366 0.1984 0.3071 0.0334 0.2245 
          53  1 0.2584 0.2771 0.1402 0.0649 0.2594 
          54  1 0.2417 0.3241 0.1179 0.0371 0.2792 
          55  1 0.2158 0.2246 0.1863 0.1478 0.2255 
          56  1 0.2634 0.2933 0.2049 0.0143 0.2241 
          57  1 0.2336 0.2659 0.1615 0.0409 0.2981 
          58  1 0.1964 0.1666 0.3142 0.1073 0.2155 
          59  1 0.2443 0.3151 0.1168 0.0845 0.2393 
          60  1 0.2405 0.2776 0.2053 0.0334 0.2432 
          61  1 0.2225 0.2115 0.2576 0.0462 0.2622 
          62  1 0.1980 0.1934 0.2621 0.1400 0.2065 
          63  1 0.1432 0.1386 0.4058 0.1497 0.1627 
          64  1 0.2612 0.2509 0.1964 0.0407 0.2508 
          65  1 0.2375 0.1896 0.2755 0.0410 0.2564 
          66  1 0.2387 0.2320 0.1838 0.1359 0.2096 
          67  1 0.2402 0.2357 0.2296 0.0456 0.2488 
          68  1 0.2470 0.2822 0.1739 0.0199 0.2770 
          69  1 0.2908 0.2720 0.1082 0.0255 0.3036 
          70  1 0.2520 0.2733 0.1547 0.0189 0.3011 
          71  1 0.2246 0.2540 0.1594 0.1541 0.2079 
          72  1 0.2837 0.2933 0.1123 0.0226 0.2881 
          73  1 0.2828 0.2258 0.1589 0.0246 0.3079 
          74  1 0.2517 0.2927 0.1651 0.0421 0.2485 
          75  1 0.2575 0.2465 0.2001 0.0465 0.2495 
          76  1 0.2584 0.2789 0.1392 0.0202 0.3033 
          77  1 0.2510 0.2379 0.2210 0.0374 0.2528 
          78  1 0.2360 0.2460 0.3088 0.0248 0.1844 
          79  1 0.2982 0.2435 0.1229 0.0305 0.3048 
          80  1 0.2380 0.2383 0.2673 0.0475 0.2089 
          81  1 0.2571 0.2225 0.2052 0.0397 0.2756 
          82  1 0.2093 0.2378 0.2500 0.1066 0.1962 
          83  1 0.2491 0.2378 0.2372 0.0272 0.2487 
          84  1 0.2386 0.2127 0.2463 0.0353 0.2672 
          85  1 0.1553 0.1495 0.1567 0.3975 0.1411 
          86  1 0.1561 0.1564 0.1593 0.3870 0.1411 
          87  1 0.2416 0.2793 0.1167 0.1719 0.1905 
          88  1 0.2700 0.3082 0.1177 0.0388 0.2653 
          89  1 0.2415 0.2687 0.1861 0.0430 0.2606 
          90  1 0.2738 0.2502 0.1439 0.0405 0.2916 
          91  1 0.2085 0.2349 0.2483 0.0836 0.2247 
          92  1 0.2129 0.1804 0.2444 0.1564 0.2059 
          93  1 0.2406 0.2586 0.1896 0.0355 0.2756 
          94  1 0.1837 0.1708 0.1538 0.3110 0.1808 
          95  1 0.2862 0.2500 0.1457 0.0344 0.2836 
          96  1 0.2903 0.3557 0.0734 0.0423 0.2383 
          97  1 0.1904 0.2496 0.1634 0.1763 0.2204 
          98  1 0.2245 0.2545 0.1538 0.1684 0.1988 
          99  1 0.2224 0.2052 0.2737 0.0901 0.2087 
         100  1 0.1452 0.1316 0.1515 0.4333 0.1384 
         101  1 0.2220 0.2025 0.2348 0.1026 0.2381 
         102  1 0.2652 0.2921 0.1659 0.0323 0.2445 
         103  1 0.2450 0.2576 0.1818 0.0685 0.2472 
         104  1 0.2288 0.2149 0.2764 0.0321 0.2478 
         105  1 0.2010 0.1806 0.2252 0.1722 0.2210 
         106  1 0.1792 0.1517 0.2972 0.1858 0.1861 
         107  1 0.1025 0.1146 0.1139 0.5577 0.1113 
         108  1 0.2902 0.3438 0.1083 0.0302 0.2276 
         109  1 0.1908 0.1965 0.2356 0.2073 0.1698 
         110  1 0.2051 0.2380 0.3055 0.0250 0.2263 
         111  1 0.2354 0.2344 0.2007 0.0570 0.2725 
         112  1 0.2437 0.2287 0.2180 0.0507 0.2588 
         113  1 0.2778 0.3412 0.0985 0.0494 0.2331 
         114  1 0.1580 0.1513 0.2312 0.3054 0.1541 
         115  1 0.2459 0.2127 0.2273 0.0498 0.2644 
         116  1 0.2681 0.2545 0.1719 0.0341 0.2715 
         117  1 0.2395 0.2477 0.1805 0.0629 0.2694 
         118  1 0.2355 0.1983 0.2816 0.0968 0.1878 
         119  1 0.2292 0.1972 0.2685 0.0673 0.2378 
         120  1 0.2996 0.3530 0.0646 0.0168 0.2660 
         121  1 0.2131 0.1877 0.3020 0.0694 0.2278 
         122  1 0.2076 0.1637 0.3723 0.0284 0.2279 
         123  1 0.2640 0.2104 0.1785 0.0685 0.2786 
         124  1 0.1825 0.1618 0.3366 0.1485 0.1705 
         125  1 0.2546 0.3052 0.1448 0.0516 0.2438 
         126  1 0.2132 0.1979 0.1877 0.1718 0.2294 
         127  1 0.2529 0.2927 0.1165 0.1276 0.2103 
         128  1 0.2607 0.2973 0.1700 0.0304 0.2415 
         129  1 0.2633 0.2289 0.2054 0.0306 0.2718 
         130  1 0.2826 0.3335 0.1120 0.0310 0.2410 
         131  1 0.1976 0.1702 0.3921 0.0369 0.2032 
         132  1 0.1788 0.1980 0.3710 0.0822 0.1700 
         133  1 0.2289 0.1857 0.2057 0.1490 0.2307 
         134  1 0.2170 0.2121 0.2866 0.0600 0.2243 
         135  1 0.2906 0.2945 0.1115 0.0460 0.2575 
         136  1 0.2719 0.2278 0.1827 0.0551 0.2625 
         137  1 0.2191 0.2287 0.2560 0.0692 0.2270 
         138  1 0.2443 0.2137 0.1991 0.0877 0.2553 
         139  1 0.2372 0.2349 0.2035 0.0607 0.2637 
         140  1 0.2228 0.1966 0.2060 0.1470 0.2277 
         141  1 0.2400 0.2250 0.1610 0.1463 0.2277 
         142  1 0.1874 0.1545 0.4184 0.0567 0.1830 
         143  1 0.2331 0.2166 0.2842 0.0175 0.2486 
         144  1 0.2437 0.2114 0.2540 0.0289 0.2620 
         145  1 0.2065 0.1979 0.1427 0.2642 0.1887 
         146  1 0.2297 0.2439 0.1953 0.0995 0.2316 
         147  1 0.2593 0.2446 0.2055 0.0725 0.2182 
         148  1 0.2515 0.2265 0.2119 0.0346 0.2756 
         149  1 0.2295 0.2552 0.1776 0.0848 0.2530 
         150  1 0.2729 0.3184 0.1166 0.0442 0.2478 
         151  1 0.2080 0.2602 0.1253 0.2233 0.1832 
         152  1 0.2585 0.3126 0.1229 0.0571 0.2489 
         153  1 0.1293 0.1108 0.1823 0.4563 0.1214 
         154  1 0.2098 0.1974 0.3170 0.0556 0.2202 
         155  1 0.2526 0.2180 0.1698 0.1155 0.2442 
         156  1 0.2690 0.2574 0.1582 0.0295 0.2858 
         157  1 0.2442 0.2511 0.2096 0.0204 0.2746 
         158  1 0.2457 0.2553 0.1922 0.0881 0.2187 
         159  1 0.2532 0.2643 0.2176 0.0519 0.2130 
         160  1 0.2651 0.2569 0.1828 0.0275 0.2678 
         161  1 0.2730 0.3341 0.1109 0.0239 0.2582 
         162  1 0.2573 0.2589 0.1514 0.0769 0.2554 
         163  1 0.2726 0.2382 0.1846 0.0260 0.2786 
         164  1 0.2321 0.2136 0.2479 0.0550 0.2514 
         165  1 0.2465 0.2209 0.2184 0.0324 0.2817 
         166  1 0.2855 0.2331 0.1480 0.0275 0.3059 
         167  1 0.2777 0.2534 0.1965 0.0281 0.2443 
         168  1 0.2451 0.2404 0.2045 0.0323 0.2777 
         169  1 0.2944 0.3353 0.0851 0.0260 0.2592 
         170  1 0.2636 0.3177 0.1177 0.0457 0.2552 
         171  1 0.2685 0.2628 0.1784 0.0271 0.2633 
         172  1 0.2315 0.2445 0.2254 0.0365 0.2620 
         173  1 0.2544 0.2287 0.2078 0.0353 0.2737 
         174  1 0.2577 0.2497 0.1805 0.0353 0.2768 
         175  1 0.2561 0.2706 0.1916 0.0250 0.2567 
         176  1 0.2442 0.2524 0.2139 0.0317 0.2578 
         177  1 0.2332 0.2804 0.1721 0.0601 0.2542 
         178  1 0.2239 0.2438 0.3078 0.0416 0.1829 
         179  1 0.2348 0.2261 0.2080 0.0630 0.2680 
         180  1 0.2338 0.2761 0.1551 0.0336 0.3013 
         181  1 0.2151 0.2232 0.2028 0.1055 0.2535 
         182  1 0.2022 0.1845 0.1815 0.2377 0.1941 
         183  1 0.2568 0.2743 0.1852 0.0379 0.2459 
         184  1 0.2578 0.2803 0.1476 0.0625 0.2518 
         185  1 0.2589 0.2906 0.1537 0.0383 0.2585 
         186  1 0.2339 0.2177 0.2428 0.0955 0.2100 
         187  1 0.2840 0.2410 0.1562 0.0209 0.2979 
         188  1 0.2636 0.2723 0.1857 0.0493 0.2291 
         189  1 0.2375 0.2525 0.1785 0.0929 0.2385 
         190  1 0.2424 0.2309 0.1954 0.1011 0.2303 
         191  1 0.2384 0.2476 0.1794 0.0347 0.3000 
         192  1 0.2161 0.2753 0.1881 0.0694 0.2511 
         193  1 0.2537 0.2411 0.1817 0.0808 0.2427 
         194  1 0.1247 0.1329 0.1416 0.4484 0.1524 
         195  1 0.1885 0.1672 0.4020 0.0428 0.1996 
         196  1 0.2231 0.2834 0.1674 0.0828 0.2433 
         197  1 0.2218 0.2253 0.1444 0.1992 0.2093 
         198  1 0.2549 0.2385 0.1782 0.0773 0.2510 
         199  1 0.2152 0.2692 0.1460 0.1348 0.2349 
         200  1 0.2263 0.2407 0.1703 0.1585 0.2042 
         201  1 0.2029 0.2208 0.2864 0.0339 0.2559 
         202  1 0.2292 0.2306 0.2181 0.0892 0.2329 
         203  1 0.2601 0.2418 0.1862 0.0463 0.2656 
         204  1 0.1742 0.1480 0.4138 0.0940 0.1699 
         205  1 0.2122 0.2238 0.2081 0.1159 0.2400 
         206  1 0.2577 0.2456 0.1892 0.0396 0.2678 
         207  1 0.2470 0.3009 0.1576 0.0693 0.2253 
         208  1 0.2681 0.2363 0.1908 0.0240 0.2808 
         209  1 0.2164 0.2603 0.1157 0.2168 0.1908 
         210  1 0.2067 0.2037 0.2890 0.0986 0.2020 
         211  1 0.2398 0.2119 0.2371 0.0403 0.2710 
         212  1 0.2395 0.2622 0.1813 0.0407 0.2763 
         213  1 0.1248 0.1213 0.1605 0.4738 0.1196 
         214  1 0.2948 0.3392 0.0824 0.0374 0.2463 
         215  1 0.2264 0.2244 0.1856 0.1317 0.2320 
         216  1 0.2367 0.2225 0.2218 0.0802 0.2389 
         217  1 0.1846 0.1521 0.3321 0.1750 0.1562 
         218  1 0.1940 0.2004 0.1797 0.2217 0.2042 
         219  1 0.1566 0.1721 0.1479 0.3593 0.1641 
         220  1 0.2697 0.2991 0.1343 0.0344 0.2626 
         221  1 0.2401 0.2176 0.2031 0.1076 0.2316 
         222  1 0.2796 0.2868 0.1360 0.0370 0.2605 
         223  1 0.2285 0.1845 0.2222 0.1262 0.2386 
         224  1 0.2635 0.2636 0.1568 0.0468 0.2693 
         225  1 0.1709 0.1624 0.1433 0.3557 0.1677 
         226  1 0.1917 0.1493 0.4580 0.0320 0.1691 
