           1  1 0.0319 0.0530 0.0096 0.2820 0.5087 0.1148 
           2  1 0.0318 0.0422 0.7135 0.0703 0.0972 0.0450 
           3  1 0.1337 0.1350 0.3470 0.1269 0.1331 0.1242 
           4  1 0.0277 0.0275 0.8596 0.0280 0.0295 0.0277 
           5  1 0.0387 0.0389 0.6784 0.0820 0.1120 0.0500 
           6  1 0.0285 0.0293 0.8435 0.0322 0.0375 0.0290 
           7  1 0.0341 0.0375 0.7962 0.0433 0.0499 0.0390 
           8  1 0.0468 0.0476 0.7339 0.0586 0.0632 0.0500 
           9  1 0.0241 0.0232 0.8840 0.0230 0.0231 0.0228 
          10  1 0.1613 0.1703 0.1309 0.1827 0.1800 0.1748 
          11  1 0.0207 0.0204 0.8983 0.0211 0.0192 0.0202 
          12  1 0.0730 0.0828 0.5411 0.1010 0.1149 0.0872 
          13  1 0.0191 0.0193 0.8995 0.0216 0.0214 0.0191 
          14  1 0.1915 0.1736 0.1650 0.1596 0.1452 0.1651 
          15  1 0.0516 0.0535 0.7630 0.0481 0.0386 0.0452 
          16  1 0.1581 0.1670 0.1593 0.1800 0.1679 0.1676 
          17  1 0.0719 0.0671 0.6534 0.0745 0.0704 0.0628 
          18  1 0.1412 0.1397 0.3566 0.1225 0.0992 0.1408 
          19  1 0.0865 0.0760 0.5677 0.0876 0.0951 0.0871 
          20  1 0.0544 0.0552 0.6800 0.0696 0.0816 0.0592 
          21  1 0.0539 0.0567 0.5972 0.0987 0.1307 0.0629 
          22  1 0.1662 0.1667 0.1661 0.1693 0.1663 0.1654 
          23  1 0.0367 0.0461 0.6019 0.1014 0.1513 0.0626 
          24  1 0.0378 0.0386 0.7209 0.0714 0.0830 0.0484 
          25  1 0.0844 0.1067 0.2237 0.1985 0.2505 0.1361 
          26  1 0.1038 0.0819 0.5466 0.0848 0.0882 0.0947 
          27  1 0.0734 0.0724 0.5716 0.0945 0.1127 0.0753 
          28  1 0.1544 0.1665 0.1196 0.1870 0.1949 0.1777 
          29  1 0.0406 0.0433 0.7569 0.0532 0.0605 0.0455 
          30  1 0.0336 0.0348 0.7388 0.0645 0.0772 0.0511 
          31  1 0.0177 0.0181 0.9073 0.0194 0.0192 0.0183 
          32  1 0.0582 0.0719 0.5659 0.1043 0.1233 0.0764 
          33  1 0.0611 0.0654 0.6215 0.0847 0.0977 0.0695 
          34  1 0.0565 0.0595 0.6465 0.0863 0.0861 0.0652 
          35  1 0.1148 0.1179 0.3830 0.1249 0.1349 0.1245 
          36  1 0.1371 0.1571 0.2199 0.1637 0.1688 0.1534 
          37  1 0.1662 0.1614 0.1664 0.1667 0.1698 0.1695 
          38  1 0.2067 0.2083 0.0650 0.1745 0.1545 0.1909 
          39  1 0.0268 0.0277 0.8471 0.0315 0.0372 0.0296 
          40  1 0.0339 0.0335 0.7988 0.0426 0.0523 0.0388 
          41  1 0.1503 0.1318 0.2856 0.1418 0.1487 0.1417 
          42  1 0.0459 0.0498 0.7161 0.0613 0.0721 0.0549 
          43  1 0.0731 0.0970 0.1336 0.2309 0.3364 0.1290 
          44  1 0.0661 0.0634 0.6774 0.0663 0.0659 0.0609 
          45  1 0.0449 0.0525 0.5984 0.0980 0.1399 0.0664 
          46  1 0.1502 0.1431 0.2529 0.1511 0.1570 0.1458 
          47  1 0.1544 0.1577 0.1900 0.1620 0.1662 0.1698 
          48  1 0.0619 0.0677 0.4572 0.1385 0.1823 0.0924 
          49  1 0.2186 0.1974 0.0569 0.1722 0.1608 0.1942 
          50  1 0.1852 0.1943 0.0790 0.1688 0.1580 0.2148 
          51  1 0.2697 0.2218 0.0273 0.1599 0.1199 0.2015 
          52  1 0.1644 0.1750 0.0217 0.2183 0.2335 0.1871 
          53  1 0.2282 0.2151 0.0476 0.1665 0.1384 0.2042 
          54  1 0.2358 0.2363 0.0275 0.1841 0.1213 0.1950 
          55  1 0.1697 0.1884 0.1075 0.1652 0.1736 0.1956 
          56  1 0.1997 0.2164 0.0100 0.1950 0.1672 0.2117 
          57  1 0.2356 0.2149 0.0272 0.1743 0.1462 0.2019 
          58  1 0.1490 0.1593 0.0805 0.1915 0.2511 0.1686 
          59  1 0.2186 0.2249 0.0630 0.1790 0.1234 0.1911 
          60  1 0.2098 0.2076 0.0246 0.1961 0.1712 0.1907 
          61  1 0.1639 0.1829 0.0327 0.1974 0.2178 0.2053 
          62  1 0.1535 0.1659 0.0958 0.2003 0.2201 0.1644 
          63  1 0.0949 0.1263 0.1147 0.2268 0.2970 0.1404 
          64  1 0.2187 0.1988 0.0260 0.1762 0.1789 0.2014 
          65  1 0.1657 0.1825 0.0300 0.2100 0.2092 0.2026 
          66  1 0.2068 0.1747 0.0891 0.1638 0.1665 0.1992 
          67  1 0.1711 0.1916 0.0303 0.2160 0.2216 0.1695 
          68  1 0.2226 0.2114 0.0132 0.1899 0.1688 0.1942 
          69  1 0.3104 0.2080 0.0170 0.1379 0.0926 0.2342 
          70  1 0.2192 0.2368 0.0125 0.1658 0.1371 0.2286 
          71  1 0.1887 0.1900 0.1129 0.1649 0.1475 0.1960 
          72  1 0.2608 0.2306 0.0150 0.1523 0.1166 0.2247 
          73  1 0.2115 0.2348 0.0175 0.1571 0.1544 0.2247 
          74  1 0.2066 0.2239 0.0317 0.1930 0.1525 0.1923 
          75  1 0.1813 0.2133 0.0315 0.1831 0.1848 0.2061 
          76  1 0.2401 0.2220 0.0143 0.1641 0.1342 0.2253 
          77  1 0.1829 0.1922 0.0225 0.2023 0.1951 0.2049 
          78  1 0.1436 0.1900 0.0182 0.2230 0.2406 0.1845 
          79  1 0.2586 0.2231 0.0222 0.1569 0.1219 0.2173 
          80  1 0.1601 0.1773 0.0295 0.2099 0.2239 0.1992 
          81  1 0.1939 0.1999 0.0266 0.1750 0.1821 0.2224 
          82  1 0.1604 0.1868 0.0783 0.1933 0.1843 0.1969 
          83  1 0.2094 0.1940 0.0189 0.1854 0.2023 0.1900 
          84  1 0.1683 0.2033 0.0228 0.1912 0.2085 0.2059 
          85  1 0.1352 0.1214 0.3261 0.1442 0.1466 0.1265 
          86  1 0.1424 0.1295 0.3159 0.1377 0.1359 0.1385 
          87  1 0.2011 0.2111 0.1351 0.1681 0.1072 0.1774 
          88  1 0.2097 0.2541 0.0292 0.1747 0.1151 0.2172 
          89  1 0.1936 0.2178 0.0286 0.1933 0.1645 0.2022 
          90  1 0.2520 0.2156 0.0294 0.1606 0.1365 0.2061 
          91  1 0.1781 0.1771 0.0571 0.1959 0.1982 0.1936 
          92  1 0.1746 0.1709 0.1025 0.1784 0.1765 0.1971 
          93  1 0.1966 0.2206 0.0255 0.1950 0.1843 0.1779 
          94  1 0.1925 0.1370 0.2451 0.1317 0.1314 0.1623 
          95  1 0.2800 0.1996 0.0247 0.1576 0.1409 0.1972 
          96  1 0.2783 0.2540 0.0298 0.1700 0.0781 0.1898 
          97  1 0.2188 0.1893 0.1584 0.1615 0.1238 0.1482 
          98  1 0.2081 0.1781 0.1280 0.1717 0.1361 0.1780 
          99  1 0.1547 0.1833 0.0620 0.1949 0.2234 0.1817 
         100  1 0.1382 0.1216 0.3465 0.1233 0.1228 0.1477 
         101  1 0.1571 0.1970 0.0761 0.1843 0.1991 0.1864 
         102  1 0.2026 0.2256 0.0206 0.1841 0.1525 0.2146 
         103  1 0.2011 0.2143 0.0509 0.1641 0.1697 0.1998 
         104  1 0.1725 0.1863 0.0221 0.1941 0.2244 0.2006 
         105  1 0.1422 0.1695 0.1293 0.1658 0.1977 0.1955 
         106  1 0.1181 0.1609 0.1134 0.1913 0.2487 0.1676 
         107  1 0.1058 0.0986 0.4704 0.1090 0.1140 0.1023 
         108  1 0.2570 0.2317 0.0206 0.1869 0.1087 0.1951 
         109  1 0.1604 0.1664 0.1394 0.1769 0.1872 0.1696 
         110  1 0.1739 0.1786 0.0162 0.2276 0.2484 0.1552 
         111  1 0.1736 0.2066 0.0389 0.1835 0.2034 0.1940 
         112  1 0.2089 0.1915 0.0322 0.1800 0.1846 0.2028 
         113  1 0.2601 0.2362 0.0375 0.1661 0.0981 0.2020 
         114  1 0.1182 0.1422 0.2269 0.1719 0.1945 0.1463 
         115  1 0.1640 0.2136 0.0284 0.1880 0.2084 0.1977 
         116  1 0.2473 0.1980 0.0239 0.1783 0.1564 0.1961 
         117  1 0.2016 0.2077 0.0454 0.1763 0.1598 0.2091 
         118  1 0.1669 0.1701 0.0620 0.1955 0.2185 0.1870 
         119  1 0.1710 0.1880 0.0438 0.1992 0.2106 0.1874 
         120  1 0.2915 0.2597 0.0115 0.1653 0.0649 0.2071 
         121  1 0.1606 0.1750 0.0445 0.1912 0.2320 0.1967 
         122  1 0.1321 0.1692 0.0188 0.2297 0.2829 0.1674 
         123  1 0.1963 0.1982 0.0504 0.1645 0.1729 0.2178 
         124  1 0.1238 0.1500 0.1000 0.2178 0.2545 0.1539 
         125  1 0.2280 0.2231 0.0349 0.1920 0.1390 0.1830 
         126  1 0.1816 0.1759 0.1268 0.1718 0.1676 0.1763 
         127  1 0.2306 0.2170 0.0977 0.1747 0.1071 0.1730 
         128  1 0.2139 0.2129 0.0214 0.1980 0.1504 0.2034 
         129  1 0.2078 0.1990 0.0204 0.1859 0.1925 0.1943 
         130  1 0.2454 0.2322 0.0204 0.1823 0.1185 0.2012 
         131  1 0.1258 0.1537 0.0243 0.2280 0.2803 0.1879 
         132  1 0.1358 0.1608 0.0514 0.2325 0.2538 0.1658 
         133  1 0.1665 0.1854 0.1163 0.1688 0.1785 0.1846 
         134  1 0.1897 0.1659 0.0407 0.1955 0.2189 0.1892 
         135  1 0.2726 0.2276 0.0327 0.1620 0.0967 0.2085 
         136  1 0.2176 0.2052 0.0400 0.1689 0.1633 0.2050 
         137  1 0.1887 0.1774 0.0481 0.1932 0.1953 0.1974 
         138  1 0.2162 0.1805 0.0596 0.1803 0.1720 0.1913 
         139  1 0.2030 0.1985 0.0461 0.1848 0.1857 0.1820 
         140  1 0.1752 0.1757 0.1095 0.1746 0.1832 0.1818 
         141  1 0.2047 0.1881 0.0993 0.1653 0.1523 0.1903 
         142  1 0.1202 0.1698 0.0335 0.2214 0.2782 0.1769 
         143  1 0.1689 0.1961 0.0116 0.2136 0.2292 0.1805 
         144  1 0.1598 0.2029 0.0197 0.1923 0.2353 0.1901 
         145  1 0.1981 0.1556 0.2099 0.1420 0.1263 0.1681 
         146  1 0.1722 0.2140 0.0728 0.1807 0.1663 0.1941 
         147  1 0.2224 0.1845 0.0505 0.1726 0.1651 0.2049 
         148  1 0.1873 0.2108 0.0236 0.1765 0.1946 0.2071 
         149  1 0.1962 0.2131 0.0573 0.1790 0.1619 0.1925 
         150  1 0.2537 0.2361 0.0336 0.1720 0.1158 0.1889 
         151  1 0.1691 0.1943 0.1979 0.1616 0.1208 0.1564 
         152  1 0.2290 0.2378 0.0391 0.1813 0.1217 0.1910 
         153  1 0.0967 0.1152 0.3530 0.1398 0.1584 0.1368 
         154  1 0.1448 0.1641 0.0377 0.2198 0.2513 0.1824 
         155  1 0.2321 0.1724 0.0780 0.1623 0.1585 0.1966 
         156  1 0.2630 0.2004 0.0201 0.1794 0.1467 0.1904 
         157  1 0.1935 0.2077 0.0138 0.1864 0.1887 0.2099 
         158  1 0.1942 0.2009 0.0560 0.1752 0.1696 0.2041 
         159  1 0.1644 0.2143 0.0314 0.1912 0.1921 0.2066 
         160  1 0.2250 0.2064 0.0187 0.1873 0.1728 0.1898 
         161  1 0.2693 0.2310 0.0167 0.1734 0.1134 0.1962 
         162  1 0.2797 0.1840 0.0552 0.1545 0.1254 0.2013 
         163  1 0.1910 0.2290 0.0190 0.1923 0.1850 0.1837 
         164  1 0.1446 0.1929 0.0384 0.2088 0.2390 0.1764 
         165  1 0.2028 0.2073 0.0202 0.1842 0.1763 0.2091 
         166  1 0.2519 0.2100 0.0206 0.1628 0.1430 0.2117 
         167  1 0.2125 0.1962 0.0197 0.1860 0.1856 0.2000 
         168  1 0.1676 0.2177 0.0215 0.2042 0.2033 0.1857 
         169  1 0.3052 0.2362 0.0181 0.1602 0.0796 0.2008 
         170  1 0.2840 0.2204 0.0334 0.1593 0.1057 0.1972 
         171  1 0.2262 0.2236 0.0185 0.1824 0.1633 0.1860 
         172  1 0.1789 0.2092 0.0255 0.2020 0.1935 0.1910 
         173  1 0.1718 0.2110 0.0236 0.2000 0.1967 0.1968 
         174  1 0.2054 0.2049 0.0257 0.1613 0.1649 0.2377 
         175  1 0.2017 0.2277 0.0183 0.1800 0.1650 0.2073 
         176  1 0.1826 0.2044 0.0220 0.1973 0.1937 0.1999 
         177  1 0.2199 0.2147 0.0435 0.1863 0.1617 0.1738 
         178  1 0.1593 0.1739 0.0283 0.2186 0.2252 0.1948 
         179  1 0.1881 0.1975 0.0450 0.1881 0.1929 0.1884 
         180  1 0.2418 0.2274 0.0203 0.1581 0.1363 0.2161 
         181  1 0.1985 0.1965 0.0686 0.1833 0.1595 0.1936 
         182  1 0.1627 0.1661 0.1816 0.1562 0.1592 0.1743 
         183  1 0.2039 0.2141 0.0250 0.1932 0.1574 0.2064 
         184  1 0.2543 0.2094 0.0416 0.1719 0.1420 0.1807 
         185  1 0.2064 0.2366 0.0278 0.1800 0.1343 0.2149 
         186  1 0.1833 0.1750 0.0672 0.1939 0.1998 0.1809 
         187  1 0.2038 0.2336 0.0146 0.1693 0.1643 0.2143 
         188  1 0.2191 0.1959 0.0339 0.1787 0.1497 0.2227 
         189  1 0.1825 0.2031 0.0582 0.1845 0.1802 0.1915 
         190  1 0.2043 0.1922 0.0676 0.1758 0.1702 0.1899 
         191  1 0.2119 0.2198 0.0238 0.1766 0.1508 0.2172 
         192  1 0.2138 0.1985 0.0534 0.1849 0.1680 0.1813 
         193  1 0.2515 0.1839 0.0593 0.1645 0.1533 0.1875 
         194  1 0.1191 0.1231 0.3885 0.1229 0.1296 0.1169 
         195  1 0.1336 0.1450 0.0266 0.2171 0.2937 0.1841 
         196  1 0.2183 0.2084 0.0598 0.1673 0.1490 0.1972 
         197  1 0.2447 0.1659 0.1533 0.1473 0.1239 0.1649 
         198  1 0.2087 0.1911 0.0552 0.1805 0.1592 0.2053 
         199  1 0.2169 0.2005 0.1043 0.1697 0.1340 0.1746 
         200  1 0.1830 0.1901 0.1154 0.1744 0.1477 0.1895 
         201  1 0.1836 0.1915 0.0234 0.2020 0.1979 0.2017 
         202  1 0.1768 0.1834 0.0603 0.1899 0.1970 0.1927 
         203  1 0.2269 0.2040 0.0325 0.1765 0.1610 0.1991 
         204  1 0.1097 0.1354 0.0548 0.2315 0.2939 0.1747 
         205  1 0.1840 0.1870 0.0855 0.1798 0.1751 0.1886 
         206  1 0.2326 0.2056 0.0295 0.1703 0.1659 0.1961 
         207  1 0.2086 0.2184 0.0507 0.1913 0.1459 0.1851 
         208  1 0.2022 0.2181 0.0170 0.1754 0.1781 0.2092 
         209  1 0.1873 0.2003 0.1794 0.1556 0.1154 0.1619 
         210  1 0.1701 0.1755 0.0729 0.1931 0.2080 0.1804 
         211  1 0.1837 0.1998 0.0292 0.1893 0.2042 0.1937 
         212  1 0.2471 0.2087 0.0279 0.1720 0.1574 0.1870 
         213  1 0.1113 0.1122 0.3678 0.1342 0.1494 0.1251 
         214  1 0.2779 0.2483 0.0270 0.1696 0.0826 0.1946 
         215  1 0.1848 0.1931 0.1017 0.1757 0.1740 0.1707 
         216  1 0.1686 0.1929 0.0478 0.2001 0.2006 0.1900 
         217  1 0.1342 0.1423 0.1253 0.2068 0.2159 0.1755 
         218  1 0.1802 0.1698 0.1759 0.1603 0.1521 0.1618 
         219  1 0.1591 0.1415 0.3050 0.1359 0.1232 0.1352 
         220  1 0.2501 0.2238 0.0240 0.1737 0.1241 0.2043 
         221  1 0.1909 0.1833 0.0789 0.1783 0.1658 0.2028 
         222  1 0.2624 0.2128 0.0279 0.1774 0.1280 0.1914 
         223  1 0.1742 0.1799 0.0928 0.1746 0.1853 0.1931 
         224  1 0.2226 0.2162 0.0347 0.1733 0.1548 0.1984 
         225  1 0.1578 0.1342 0.3096 0.1280 0.1211 0.1494 
         226  1 0.1046 0.1516 0.0202 0.2366 0.3344 0.1526 
