           1  1 0.3003 0.5815 0.1183 
           2  1 0.0509 0.0668 0.8823 
           3  1 0.2097 0.1959 0.5944 
           4  1 0.0341 0.0354 0.9304 
           5  1 0.0321 0.0458 0.9221 
           6  1 0.0379 0.0411 0.9210 
           7  1 0.0426 0.0448 0.9126 
           8  1 0.0517 0.0557 0.8926 
           9  1 0.0267 0.0282 0.9451 
          10  1 0.3929 0.3492 0.2579 
          11  1 0.0263 0.0263 0.9474 
          12  1 0.0743 0.0737 0.8520 
          13  1 0.0253 0.0257 0.9490 
          14  1 0.3060 0.2622 0.4319 
          15  1 0.0659 0.0562 0.8779 
          16  1 0.2935 0.2836 0.4229 
          17  1 0.0572 0.0516 0.8912 
          18  1 0.1126 0.0935 0.7939 
          19  1 0.1109 0.1291 0.7601 
          20  1 0.0523 0.0574 0.8903 
          21  1 0.0517 0.0642 0.8841 
          22  1 0.3329 0.3343 0.3328 
          23  1 0.0406 0.0611 0.8982 
          24  1 0.0478 0.0536 0.8986 
          25  1 0.1611 0.2156 0.6232 
          26  1 0.0836 0.0857 0.8307 
          27  1 0.1026 0.1212 0.7762 
          28  1 0.3376 0.3527 0.3097 
          29  1 0.0594 0.0690 0.8716 
          30  1 0.0330 0.0394 0.9276 
          31  1 0.0241 0.0234 0.9525 
          32  1 0.0720 0.0969 0.8311 
          33  1 0.0926 0.0962 0.8112 
          34  1 0.0570 0.0623 0.8806 
          35  1 0.1801 0.1975 0.6224 
          36  1 0.1908 0.2180 0.5912 
          37  1 0.2858 0.3490 0.3651 
          38  1 0.4420 0.4397 0.1182 
          39  1 0.0302 0.0310 0.9388 
          40  1 0.0404 0.0487 0.9109 
          41  1 0.1753 0.1523 0.6724 
          42  1 0.0453 0.0521 0.9026 
          43  1 0.1529 0.2099 0.6371 
          44  1 0.0921 0.0986 0.8093 
          45  1 0.0472 0.0673 0.8855 
          46  1 0.2252 0.2098 0.5650 
          47  1 0.2536 0.3144 0.4320 
          48  1 0.0740 0.0970 0.8290 
          49  1 0.4348 0.3629 0.2023 
          50  1 0.3364 0.4220 0.2415 
          51  1 0.5212 0.3815 0.0973 
          52  1 0.4004 0.5310 0.0686 
          53  1 0.4597 0.4428 0.0976 
          54  1 0.5598 0.3881 0.0521 
          55  1 0.4118 0.3784 0.2098 
          56  1 0.4853 0.4958 0.0189 
          57  1 0.5212 0.4138 0.0649 
          58  1 0.3392 0.4554 0.2054 
          59  1 0.5076 0.3217 0.1707 
          60  1 0.5704 0.3792 0.0504 
          61  1 0.4302 0.4935 0.0763 
          62  1 0.3602 0.3763 0.2635 
          63  1 0.3168 0.4181 0.2651 
          64  1 0.4698 0.4592 0.0709 
          65  1 0.3887 0.5547 0.0565 
          66  1 0.3509 0.3264 0.3226 
          67  1 0.4347 0.4880 0.0773 
          68  1 0.5719 0.4009 0.0272 
          69  1 0.4905 0.4615 0.0480 
          70  1 0.5275 0.4498 0.0227 
          71  1 0.4030 0.3061 0.2910 
          72  1 0.5537 0.4169 0.0295 
          73  1 0.3854 0.5799 0.0348 
          74  1 0.5756 0.3708 0.0536 
          75  1 0.4982 0.4389 0.0629 
          76  1 0.5326 0.4416 0.0258 
          77  1 0.4588 0.4825 0.0587 
          78  1 0.4622 0.4848 0.0530 
          79  1 0.4191 0.5413 0.0396 
          80  1 0.4437 0.4371 0.1192 
          81  1 0.4533 0.4879 0.0587 
          82  1 0.4228 0.3643 0.2129 
          83  1 0.5086 0.4551 0.0363 
          84  1 0.4024 0.5385 0.0591 
          85  1 0.1793 0.1969 0.6238 
          86  1 0.2046 0.1895 0.6059 
          87  1 0.3167 0.2588 0.4245 
          88  1 0.4598 0.4913 0.0489 
          89  1 0.5298 0.4087 0.0615 
          90  1 0.4271 0.4924 0.0805 
          91  1 0.5101 0.3426 0.1473 
          92  1 0.2617 0.3262 0.4122 
          93  1 0.4983 0.4537 0.0481 
          94  1 0.2050 0.2175 0.5774 
          95  1 0.4548 0.4912 0.0541 
          96  1 0.5403 0.3741 0.0855 
          97  1 0.4473 0.2819 0.2708 
          98  1 0.3886 0.2732 0.3383 
          99  1 0.4330 0.3884 0.1786 
         100  1 0.1185 0.1130 0.7685 
         101  1 0.3952 0.4384 0.1664 
         102  1 0.4650 0.4743 0.0607 
         103  1 0.4981 0.4169 0.0850 
         104  1 0.4668 0.4767 0.0565 
         105  1 0.2992 0.4550 0.2457 
         106  1 0.2574 0.3675 0.3752 
         107  1 0.1085 0.0970 0.7945 
         108  1 0.5182 0.4279 0.0539 
         109  1 0.2283 0.2306 0.5411 
         110  1 0.5143 0.4347 0.0511 
         111  1 0.4443 0.4853 0.0704 
         112  1 0.4638 0.4622 0.0741 
         113  1 0.5376 0.3882 0.0742 
         114  1 0.1958 0.2029 0.6012 
         115  1 0.3730 0.5411 0.0859 
         116  1 0.4589 0.4886 0.0524 
         117  1 0.4619 0.4378 0.1003 
         118  1 0.3914 0.3890 0.2196 
         119  1 0.4156 0.4508 0.1336 
         120  1 0.5671 0.4089 0.0240 
         121  1 0.3571 0.4951 0.1478 
         122  1 0.3616 0.5770 0.0615 
         123  1 0.3831 0.5137 0.1032 
         124  1 0.2642 0.3194 0.4164 
         125  1 0.5379 0.3678 0.0943 
         126  1 0.3014 0.3016 0.3971 
         127  1 0.3915 0.2836 0.3249 
         128  1 0.5112 0.4424 0.0463 
         129  1 0.4038 0.5427 0.0535 
         130  1 0.5312 0.4166 0.0523 
         131  1 0.3639 0.5763 0.0598 
         132  1 0.3677 0.2957 0.3365 
         133  1 0.3287 0.4295 0.2418 
         134  1 0.4158 0.4694 0.1148 
         135  1 0.5107 0.4089 0.0804 
         136  1 0.3970 0.4882 0.1148 
         137  1 0.4320 0.4174 0.1506 
         138  1 0.3628 0.4379 0.1992 
         139  1 0.3913 0.5073 0.1014 
         140  1 0.3102 0.4353 0.2545 
         141  1 0.3341 0.3249 0.3411 
         142  1 0.3817 0.4459 0.1724 
         143  1 0.4667 0.5085 0.0249 
         144  1 0.4006 0.5609 0.0385 
         145  1 0.2584 0.2505 0.4911 
         146  1 0.3914 0.4385 0.1701 
         147  1 0.4597 0.3770 0.1633 
         148  1 0.4102 0.5412 0.0486 
         149  1 0.4678 0.3793 0.1530 
         150  1 0.5349 0.4004 0.0647 
         151  1 0.3129 0.2626 0.4246 
         152  1 0.5297 0.3746 0.0957 
         153  1 0.1228 0.1346 0.7427 
         154  1 0.4402 0.4589 0.1009 
         155  1 0.3837 0.4175 0.1988 
         156  1 0.4982 0.4488 0.0531 
         157  1 0.4939 0.4790 0.0272 
         158  1 0.3921 0.3662 0.2417 
         159  1 0.4211 0.4639 0.1150 
         160  1 0.4580 0.5009 0.0411 
         161  1 0.5663 0.4007 0.0329 
         162  1 0.4609 0.3533 0.1857 
         163  1 0.3968 0.5655 0.0376 
         164  1 0.4132 0.5058 0.0809 
         165  1 0.4604 0.4910 0.0486 
         166  1 0.4401 0.5208 0.0391 
         167  1 0.5038 0.4489 0.0474 
         168  1 0.4590 0.4946 0.0464 
         169  1 0.5600 0.4020 0.0380 
         170  1 0.5396 0.3712 0.0893 
         171  1 0.4803 0.4794 0.0403 
         172  1 0.4776 0.4685 0.0539 
         173  1 0.4208 0.5330 0.0462 
         174  1 0.4318 0.5056 0.0626 
         175  1 0.4518 0.5096 0.0386 
         176  1 0.5084 0.4435 0.0482 
         177  1 0.5331 0.3601 0.1068 
         178  1 0.4492 0.4429 0.1079 
         179  1 0.4204 0.4401 0.1394 
         180  1 0.5150 0.4273 0.0577 
         181  1 0.4365 0.3582 0.2053 
         182  1 0.2650 0.2676 0.4673 
         183  1 0.4796 0.4421 0.0783 
         184  1 0.5053 0.3658 0.1290 
         185  1 0.4454 0.5018 0.0527 
         186  1 0.4138 0.3689 0.2173 
         187  1 0.4166 0.5569 0.0266 
         188  1 0.4724 0.4248 0.1028 
         189  1 0.3918 0.3737 0.2345 
         190  1 0.4485 0.3508 0.2007 
         191  1 0.4786 0.4696 0.0519 
         192  1 0.5101 0.3878 0.1021 
         193  1 0.4206 0.3772 0.2022 
         194  1 0.1817 0.1759 0.6424 
         195  1 0.3930 0.4911 0.1159 
         196  1 0.4947 0.3862 0.1191 
         197  1 0.3543 0.2800 0.3657 
         198  1 0.4344 0.4256 0.1401 
         199  1 0.4584 0.2998 0.2418 
         200  1 0.3043 0.2497 0.4460 
         201  1 0.4899 0.4555 0.0546 
         202  1 0.4093 0.3624 0.2283 
         203  1 0.4787 0.4415 0.0798 
         204  1 0.2709 0.3762 0.3528 
         205  1 0.3849 0.3778 0.2373 
         206  1 0.4593 0.4646 0.0761 
         207  1 0.4810 0.3711 0.1479 
         208  1 0.4279 0.5416 0.0305 
         209  1 0.3111 0.2075 0.4814 
         210  1 0.3742 0.3932 0.2326 
         211  1 0.4054 0.5263 0.0683 
         212  1 0.5111 0.4114 0.0775 
         213  1 0.1190 0.1224 0.7586 
         214  1 0.5373 0.3884 0.0743 
         215  1 0.4076 0.3747 0.2177 
         216  1 0.3874 0.3830 0.2296 
         217  1 0.3038 0.3578 0.3384 
         218  1 0.3196 0.2816 0.3988 
         219  1 0.2574 0.2173 0.5254 
         220  1 0.5319 0.4090 0.0590 
         221  1 0.3821 0.3855 0.2323 
         222  1 0.4961 0.4367 0.0672 
         223  1 0.3548 0.4454 0.1997 
         224  1 0.4764 0.4509 0.0727 
         225  1 0.2368 0.2303 0.5329 
         226  1 0.3491 0.5555 0.0955 
