           1  1 0.1890 0.1404 0.0136 0.6570 
           2  1 0.0557 0.0568 0.7489 0.1387 
           3  1 0.1576 0.1623 0.5090 0.1711 
           4  1 0.0351 0.0369 0.8872 0.0407 
           5  1 0.0551 0.0404 0.7870 0.1175 
           6  1 0.0385 0.0391 0.8741 0.0483 
           7  1 0.0395 0.0402 0.8649 0.0554 
           8  1 0.0536 0.0469 0.8309 0.0686 
           9  1 0.0264 0.0273 0.9184 0.0279 
          10  1 0.2237 0.2963 0.2005 0.2795 
          11  1 0.0250 0.0259 0.9196 0.0295 
          12  1 0.0667 0.0714 0.7425 0.1195 
          13  1 0.0265 0.0243 0.9183 0.0309 
          14  1 0.2344 0.2248 0.3285 0.2123 
          15  1 0.0610 0.0529 0.8303 0.0558 
          16  1 0.2776 0.1860 0.3124 0.2240 
          17  1 0.0713 0.0510 0.8036 0.0741 
          18  1 0.1605 0.1041 0.6259 0.1095 
          19  1 0.1142 0.1033 0.6680 0.1144 
          20  1 0.0516 0.0552 0.8130 0.0802 
          21  1 0.0643 0.0540 0.7642 0.1175 
          22  1 0.2507 0.2491 0.2510 0.2492 
          23  1 0.0635 0.0526 0.7145 0.1694 
          24  1 0.0559 0.0494 0.7825 0.1122 
          25  1 0.1482 0.1560 0.3639 0.3319 
          26  1 0.0897 0.0879 0.7277 0.0947 
          27  1 0.0914 0.0961 0.6839 0.1286 
          28  1 0.2311 0.2824 0.2150 0.2714 
          29  1 0.0614 0.0605 0.7812 0.0969 
          30  1 0.0436 0.0362 0.8215 0.0988 
          31  1 0.0220 0.0233 0.9284 0.0264 
          32  1 0.0804 0.0843 0.6968 0.1385 
          33  1 0.0886 0.0860 0.7033 0.1221 
          34  1 0.0743 0.0546 0.7822 0.0889 
          35  1 0.1596 0.1460 0.5144 0.1800 
          36  1 0.2043 0.1558 0.3885 0.2514 
          37  1 0.2152 0.2674 0.2648 0.2526 
          38  1 0.3455 0.3085 0.0929 0.2531 
          39  1 0.0318 0.0284 0.9010 0.0388 
          40  1 0.0445 0.0420 0.8516 0.0618 
          41  1 0.1548 0.1468 0.5301 0.1682 
          42  1 0.0497 0.0495 0.8387 0.0620 
          43  1 0.1752 0.1273 0.2523 0.4452 
          44  1 0.0660 0.0824 0.7643 0.0873 
          45  1 0.0745 0.0587 0.6782 0.1886 
          46  1 0.1591 0.2042 0.4165 0.2203 
          47  1 0.1704 0.2705 0.3056 0.2534 
          48  1 0.0927 0.0782 0.5848 0.2443 
          49  1 0.2415 0.3557 0.1354 0.2673 
          50  1 0.2245 0.3332 0.1654 0.2768 
          51  1 0.2264 0.4419 0.0564 0.2754 
          52  1 0.3055 0.2840 0.0427 0.3678 
          53  1 0.4012 0.3031 0.0730 0.2227 
          54  1 0.3643 0.3755 0.0438 0.2164 
          55  1 0.2705 0.2998 0.1750 0.2547 
          56  1 0.4293 0.2920 0.0145 0.2642 
          57  1 0.2389 0.4412 0.0483 0.2716 
          58  1 0.2310 0.2930 0.1268 0.3491 
          59  1 0.3756 0.2953 0.1134 0.2158 
          60  1 0.3401 0.3577 0.0411 0.2611 
          61  1 0.2505 0.3724 0.0539 0.3232 
          62  1 0.2332 0.2645 0.1884 0.3140 
          63  1 0.1979 0.2132 0.1677 0.4211 
          64  1 0.3101 0.3491 0.0518 0.2891 
          65  1 0.2735 0.3341 0.0429 0.3494 
          66  1 0.2979 0.2552 0.1926 0.2542 
          67  1 0.2478 0.3629 0.0564 0.3328 
          68  1 0.3385 0.3741 0.0228 0.2646 
          69  1 0.3073 0.4361 0.0302 0.2264 
          70  1 0.2707 0.4478 0.0197 0.2617 
          71  1 0.3150 0.2601 0.2119 0.2131 
          72  1 0.3584 0.4009 0.0237 0.2170 
          73  1 0.2847 0.4113 0.0267 0.2773 
          74  1 0.3708 0.3307 0.0476 0.2509 
          75  1 0.3510 0.3314 0.0508 0.2669 
          76  1 0.3028 0.4307 0.0215 0.2450 
          77  1 0.3496 0.2995 0.0456 0.3053 
          78  1 0.3745 0.2499 0.0291 0.3465 
          79  1 0.3254 0.3904 0.0336 0.2505 
          80  1 0.3279 0.2669 0.0592 0.3460 
          81  1 0.2980 0.3741 0.0449 0.2830 
          82  1 0.2997 0.2644 0.1356 0.3002 
          83  1 0.3480 0.3245 0.0292 0.2982 
          84  1 0.3063 0.3249 0.0402 0.3286 
          85  1 0.1811 0.1509 0.4885 0.1795 
          86  1 0.1939 0.1489 0.4836 0.1735 
          87  1 0.3443 0.2120 0.2546 0.1891 
          88  1 0.4161 0.3177 0.0414 0.2248 
          89  1 0.3384 0.3466 0.0466 0.2683 
          90  1 0.2897 0.4050 0.0528 0.2526 
          91  1 0.3167 0.2973 0.1059 0.2800 
          92  1 0.2393 0.2448 0.2357 0.2802 
          93  1 0.2903 0.3888 0.0402 0.2808 
          94  1 0.1914 0.1958 0.4381 0.1747 
          95  1 0.3395 0.3788 0.0433 0.2385 
          96  1 0.4799 0.2859 0.0559 0.1783 
          97  1 0.2426 0.2955 0.2175 0.2443 
          98  1 0.3497 0.2276 0.2228 0.1999 
          99  1 0.2850 0.2634 0.1177 0.3338 
         100  1 0.1156 0.1067 0.6417 0.1359 
         101  1 0.2550 0.3139 0.1240 0.3071 
         102  1 0.4131 0.2874 0.0390 0.2605 
         103  1 0.2826 0.3765 0.0725 0.2685 
         104  1 0.2870 0.3360 0.0347 0.3423 
         105  1 0.2460 0.2723 0.2006 0.2811 
         106  1 0.2083 0.2058 0.2472 0.3387 
         107  1 0.0936 0.0986 0.7046 0.1032 
         108  1 0.4639 0.2904 0.0373 0.2084 
         109  1 0.2410 0.1873 0.3124 0.2593 
         110  1 0.3045 0.3034 0.0317 0.3604 
         111  1 0.2440 0.4001 0.0624 0.2935 
         112  1 0.3239 0.3565 0.0546 0.2649 
         113  1 0.4487 0.2980 0.0586 0.1947 
         114  1 0.1768 0.1536 0.4406 0.2289 
         115  1 0.2527 0.3287 0.0603 0.3583 
         116  1 0.3091 0.3899 0.0413 0.2596 
         117  1 0.3073 0.3515 0.0779 0.2633 
         118  1 0.3168 0.2422 0.1254 0.3156 
         119  1 0.2881 0.2862 0.0865 0.3392 
         120  1 0.4956 0.3084 0.0189 0.1771 
         121  1 0.2799 0.2778 0.0912 0.3511 
         122  1 0.2400 0.2871 0.0308 0.4422 
         123  1 0.2726 0.3736 0.0803 0.2735 
         124  1 0.1977 0.2350 0.2038 0.3635 
         125  1 0.3969 0.2939 0.0658 0.2434 
         126  1 0.2050 0.2713 0.2849 0.2389 
         127  1 0.3672 0.2386 0.2032 0.1909 
         128  1 0.4133 0.2844 0.0338 0.2685 
         129  1 0.3386 0.3274 0.0383 0.2957 
         130  1 0.4525 0.2869 0.0405 0.2201 
         131  1 0.2344 0.2920 0.0389 0.4346 
         132  1 0.2481 0.2300 0.1318 0.3901 
         133  1 0.2491 0.3059 0.1773 0.2677 
         134  1 0.3240 0.2978 0.0758 0.3025 
         135  1 0.4033 0.3345 0.0595 0.2027 
         136  1 0.2857 0.3684 0.0676 0.2783 
         137  1 0.2725 0.3116 0.0911 0.3249 
         138  1 0.2358 0.3445 0.1183 0.3014 
         139  1 0.2300 0.4015 0.0670 0.3016 
         140  1 0.2153 0.3211 0.1644 0.2992 
         141  1 0.2696 0.2789 0.2365 0.2150 
         142  1 0.2448 0.2433 0.0690 0.4429 
         143  1 0.3191 0.3123 0.0197 0.3489 
         144  1 0.2977 0.3385 0.0322 0.3315 
         145  1 0.2523 0.1960 0.3794 0.1723 
         146  1 0.3376 0.2665 0.1233 0.2726 
         147  1 0.3682 0.2833 0.1002 0.2483 
         148  1 0.3111 0.3446 0.0380 0.3062 
         149  1 0.3295 0.2958 0.1145 0.2602 
         150  1 0.4391 0.3128 0.0500 0.1981 
         151  1 0.3086 0.1958 0.3127 0.1829 
         152  1 0.3988 0.3275 0.0716 0.2021 
         153  1 0.1298 0.1197 0.5727 0.1777 
         154  1 0.2636 0.2988 0.0644 0.3731 
         155  1 0.2968 0.3064 0.1469 0.2498 
         156  1 0.3095 0.3948 0.0390 0.2568 
         157  1 0.3222 0.3536 0.0214 0.3029 
         158  1 0.3349 0.2555 0.1321 0.2776 
         159  1 0.3526 0.2734 0.0701 0.3039 
         160  1 0.3139 0.3708 0.0306 0.2848 
         161  1 0.3995 0.3703 0.0263 0.2039 
         162  1 0.3059 0.3262 0.1231 0.2448 
         163  1 0.2716 0.3850 0.0282 0.3152 
         164  1 0.2887 0.2966 0.0619 0.3528 
         165  1 0.2739 0.3777 0.0360 0.3124 
         166  1 0.3210 0.3996 0.0299 0.2495 
         167  1 0.4037 0.3127 0.0322 0.2514 
         168  1 0.2737 0.3823 0.0354 0.3087 
         169  1 0.4661 0.3208 0.0312 0.1818 
         170  1 0.3852 0.3468 0.0614 0.2065 
         171  1 0.3056 0.3829 0.0297 0.2818 
         172  1 0.3582 0.2990 0.0420 0.3008 
         173  1 0.2686 0.3712 0.0394 0.3209 
         174  1 0.3523 0.3411 0.0427 0.2639 
         175  1 0.3963 0.2983 0.0289 0.2765 
         176  1 0.3809 0.2901 0.0385 0.2905 
         177  1 0.3167 0.3433 0.0761 0.2639 
         178  1 0.3509 0.2362 0.0534 0.3595 
         179  1 0.2182 0.3938 0.0787 0.3093 
         180  1 0.2475 0.4360 0.0405 0.2760 
         181  1 0.2374 0.3254 0.1533 0.2839 
         182  1 0.2043 0.2283 0.3361 0.2312 
         183  1 0.3696 0.2942 0.0494 0.2868 
         184  1 0.3576 0.3228 0.0939 0.2256 
         185  1 0.4052 0.3051 0.0419 0.2478 
         186  1 0.3260 0.2525 0.1336 0.2879 
         187  1 0.2731 0.4298 0.0220 0.2751 
         188  1 0.3936 0.2800 0.0634 0.2630 
         189  1 0.2797 0.3048 0.1477 0.2679 
         190  1 0.3081 0.2914 0.1403 0.2602 
         191  1 0.2473 0.4297 0.0399 0.2831 
         192  1 0.2782 0.3590 0.0807 0.2820 
         193  1 0.3150 0.3078 0.1393 0.2379 
         194  1 0.1140 0.1672 0.5672 0.1515 
         195  1 0.2689 0.2367 0.0520 0.4425 
         196  1 0.3085 0.3548 0.0987 0.2380 
         197  1 0.2662 0.2592 0.2878 0.1868 
         198  1 0.3187 0.3293 0.1038 0.2483 
         199  1 0.2929 0.3063 0.1882 0.2127 
         200  1 0.2763 0.2213 0.2678 0.2346 
         201  1 0.2946 0.3233 0.0410 0.3411 
         202  1 0.2689 0.3059 0.1450 0.2801 
         203  1 0.3187 0.3624 0.0573 0.2615 
         204  1 0.2252 0.1901 0.1465 0.4381 
         205  1 0.2383 0.3385 0.1576 0.2656 
         206  1 0.3147 0.3522 0.0511 0.2820 
         207  1 0.3949 0.2654 0.0972 0.2426 
         208  1 0.3172 0.3658 0.0253 0.2917 
         209  1 0.2751 0.2072 0.3530 0.1647 
         210  1 0.2656 0.2634 0.1341 0.3370 
         211  1 0.2875 0.3454 0.0449 0.3222 
         212  1 0.2818 0.3914 0.0489 0.2778 
         213  1 0.1238 0.1018 0.6228 0.1517 
         214  1 0.4830 0.2861 0.0479 0.1831 
         215  1 0.2632 0.3180 0.1612 0.2577 
         216  1 0.3003 0.2729 0.1325 0.2943 
         217  1 0.2552 0.2003 0.2050 0.3394 
         218  1 0.2380 0.2427 0.2937 0.2255 
         219  1 0.1908 0.2025 0.4340 0.1727 
         220  1 0.3801 0.3424 0.0422 0.2353 
         221  1 0.3354 0.2686 0.1479 0.2482 
         222  1 0.3524 0.3737 0.0487 0.2252 
         223  1 0.2520 0.3000 0.1471 0.3009 
         224  1 0.3381 0.3589 0.0560 0.2470 
         225  1 0.2065 0.1826 0.4422 0.1687 
         226  1 0.2285 0.2332 0.0406 0.4977 
