           1  1 0.0113 0.1714 0.3080 0.0934 0.1036 0.0442 0.2682 
           2  1 0.6921 0.0552 0.0606 0.0456 0.0466 0.0346 0.0653 
           3  1 0.3049 0.1217 0.1157 0.1203 0.1126 0.1134 0.1114 
           4  1 0.8153 0.0308 0.0308 0.0306 0.0325 0.0290 0.0310 
           5  1 0.5671 0.0814 0.0799 0.0616 0.0624 0.0505 0.0972 
           6  1 0.7944 0.0339 0.0344 0.0349 0.0344 0.0320 0.0359 
           7  1 0.7079 0.0477 0.0561 0.0448 0.0466 0.0435 0.0535 
           8  1 0.6254 0.0606 0.0683 0.0579 0.0570 0.0622 0.0685 
           9  1 0.8311 0.0287 0.0300 0.0280 0.0273 0.0275 0.0274 
          10  1 0.1275 0.1441 0.1499 0.1465 0.1527 0.1359 0.1434 
          11  1 0.8491 0.0253 0.0243 0.0254 0.0258 0.0245 0.0255 
          12  1 0.4178 0.0906 0.1144 0.0931 0.0937 0.0843 0.1060 
          13  1 0.8553 0.0245 0.0241 0.0238 0.0236 0.0240 0.0246 
          14  1 0.1249 0.1478 0.1430 0.1512 0.1435 0.1554 0.1344 
          15  1 0.6957 0.0554 0.0480 0.0488 0.0505 0.0545 0.0470 
          16  1 0.1248 0.1532 0.1381 0.1416 0.1316 0.1576 0.1532 
          17  1 0.4888 0.0893 0.0923 0.0813 0.0749 0.0837 0.0895 
          18  1 0.2414 0.1326 0.1112 0.1288 0.1095 0.1539 0.1226 
          19  1 0.5026 0.0826 0.0859 0.0847 0.0759 0.0835 0.0848 
          20  1 0.5614 0.0753 0.0811 0.0709 0.0722 0.0613 0.0776 
          21  1 0.5189 0.0832 0.0956 0.0745 0.0753 0.0582 0.0943 
          22  1 0.1421 0.1440 0.1437 0.1433 0.1429 0.1422 0.1419 
          23  1 0.5351 0.0802 0.0982 0.0630 0.0662 0.0506 0.1068 
          24  1 0.6579 0.0561 0.0703 0.0492 0.0498 0.0458 0.0708 
          25  1 0.2038 0.1325 0.1686 0.1135 0.1241 0.0920 0.1656 
          26  1 0.4428 0.0934 0.0910 0.0987 0.0926 0.0960 0.0854 
          27  1 0.5195 0.0737 0.0906 0.0816 0.0797 0.0670 0.0879 
          28  1 0.0905 0.1471 0.1574 0.1539 0.1625 0.1322 0.1563 
          29  1 0.6770 0.0539 0.0585 0.0510 0.0526 0.0489 0.0581 
          30  1 0.6384 0.0657 0.0703 0.0533 0.0508 0.0478 0.0739 
          31  1 0.8730 0.0213 0.0219 0.0209 0.0209 0.0199 0.0221 
          32  1 0.4869 0.0818 0.0982 0.0783 0.0871 0.0679 0.0998 
          33  1 0.5426 0.0740 0.0863 0.0735 0.0729 0.0659 0.0848 
          34  1 0.5189 0.0823 0.0856 0.0771 0.0682 0.0758 0.0922 
          35  1 0.3120 0.1187 0.1174 0.1148 0.1085 0.1117 0.1168 
          36  1 0.1602 0.1408 0.1528 0.1275 0.1311 0.1412 0.1464 
          37  1 0.1407 0.1385 0.1478 0.1508 0.1497 0.1324 0.1400 
          38  1 0.0605 0.1487 0.1463 0.1640 0.1501 0.1786 0.1517 
          39  1 0.7650 0.0408 0.0404 0.0385 0.0380 0.0353 0.0421 
          40  1 0.7315 0.0438 0.0475 0.0410 0.0424 0.0421 0.0517 
          41  1 0.2189 0.1335 0.1382 0.1320 0.1286 0.1162 0.1326 
          42  1 0.6194 0.0597 0.0718 0.0587 0.0660 0.0539 0.0705 
          43  1 0.1178 0.1366 0.2079 0.1208 0.1276 0.0909 0.1983 
          44  1 0.6339 0.0660 0.0598 0.0612 0.0653 0.0569 0.0568 
          45  1 0.5057 0.0859 0.1009 0.0699 0.0729 0.0617 0.1030 
          46  1 0.2200 0.1289 0.1368 0.1342 0.1350 0.1164 0.1287 
          47  1 0.1592 0.1383 0.1429 0.1477 0.1615 0.1146 0.1358 
          48  1 0.3863 0.1044 0.1285 0.0857 0.0976 0.0737 0.1239 
          49  1 0.0548 0.1595 0.1452 0.1662 0.1727 0.1598 0.1417 
          50  1 0.0700 0.1522 0.1540 0.1789 0.1592 0.1398 0.1459 
          51  1 0.0301 0.1803 0.1376 0.1753 0.1951 0.1668 0.1148 
          52  1 0.0245 0.1500 0.1808 0.1551 0.1663 0.1446 0.1788 
          53  1 0.0484 0.1608 0.1452 0.1665 0.1296 0.1938 0.1558 
          54  1 0.0300 0.1632 0.1333 0.1671 0.1750 0.1890 0.1425 
          55  1 0.1117 0.1495 0.1472 0.1610 0.1432 0.1438 0.1436 
          56  1 0.0118 0.1718 0.1470 0.1392 0.1435 0.2053 0.1814 
          57  1 0.0307 0.1740 0.1533 0.1657 0.1873 0.1619 0.1271 
          58  1 0.0787 0.1364 0.1785 0.1513 0.1531 0.1289 0.1730 
          59  1 0.0629 0.1725 0.1265 0.1535 0.1476 0.1907 0.1463 
          60  1 0.0288 0.1693 0.1465 0.1733 0.1627 0.1691 0.1503 
          61  1 0.0317 0.1503 0.1698 0.1718 0.1679 0.1428 0.1657 
          62  1 0.0803 0.1540 0.1689 0.1486 0.1655 0.1252 0.1576 
          63  1 0.1288 0.1306 0.1883 0.1307 0.1429 0.1042 0.1744 
          64  1 0.0273 0.1602 0.1512 0.1684 0.1773 0.1522 0.1635 
          65  1 0.0363 0.1577 0.1653 0.1639 0.1612 0.1368 0.1788 
          66  1 0.0727 0.1540 0.1532 0.1552 0.1539 0.1629 0.1481 
          67  1 0.0339 0.1707 0.1661 0.1622 0.1636 0.1578 0.1456 
          68  1 0.0148 0.1675 0.1512 0.1704 0.1789 0.1758 0.1414 
          69  1 0.0181 0.1616 0.1202 0.2022 0.1920 0.1834 0.1225 
          70  1 0.0154 0.1622 0.1568 0.1778 0.1812 0.1698 0.1368 
          71  1 0.1017 0.1472 0.1413 0.1511 0.1488 0.1747 0.1352 
          72  1 0.0184 0.1742 0.1313 0.1778 0.1659 0.2022 0.1302 
          73  1 0.0190 0.1475 0.1560 0.2003 0.1792 0.1558 0.1422 
          74  1 0.0345 0.1668 0.1465 0.1594 0.1659 0.1691 0.1578 
          75  1 0.0320 0.1633 0.1701 0.1692 0.1555 0.1541 0.1559 
          76  1 0.0160 0.1706 0.1479 0.1742 0.1741 0.1777 0.1395 
          77  1 0.0232 0.1534 0.1688 0.1671 0.1706 0.1474 0.1695 
          78  1 0.0189 0.1682 0.1685 0.1396 0.1473 0.1702 0.1874 
          79  1 0.0267 0.1546 0.1290 0.1909 0.1807 0.1804 0.1376 
          80  1 0.0294 0.1577 0.1708 0.1486 0.1558 0.1562 0.1816 
          81  1 0.0295 0.1527 0.1657 0.1729 0.1619 0.1589 0.1583 
          82  1 0.0840 0.1592 0.1416 0.1584 0.1418 0.1723 0.1427 
          83  1 0.0221 0.1581 0.1722 0.1594 0.1604 0.1602 0.1677 
          84  1 0.0250 0.1575 0.1605 0.1746 0.1650 0.1538 0.1636 
          85  1 0.2488 0.1241 0.1411 0.1221 0.1172 0.1217 0.1251 
          86  1 0.2871 0.1207 0.1237 0.1186 0.1093 0.1221 0.1186 
          87  1 0.0997 0.1651 0.1204 0.1413 0.1240 0.2040 0.1456 
          88  1 0.0356 0.1600 0.1246 0.1587 0.1450 0.2197 0.1565 
          89  1 0.0309 0.1514 0.1608 0.1610 0.1788 0.1643 0.1528 
          90  1 0.0300 0.1574 0.1314 0.1934 0.1830 0.1663 0.1385 
          91  1 0.0601 0.1583 0.1602 0.1609 0.1440 0.1486 0.1679 
          92  1 0.0739 0.1480 0.1603 0.1574 0.1486 0.1563 0.1556 
          93  1 0.0294 0.1482 0.1609 0.1690 0.1835 0.1616 0.1474 
          94  1 0.1828 0.1343 0.1368 0.1489 0.1317 0.1405 0.1250 
          95  1 0.0266 0.1561 0.1359 0.1899 0.1693 0.1685 0.1537 
          96  1 0.0300 0.1780 0.1127 0.1488 0.1286 0.2633 0.1386 
          97  1 0.1607 0.1591 0.1215 0.1370 0.1477 0.1551 0.1188 
          98  1 0.1025 0.1656 0.1406 0.1468 0.1299 0.1780 0.1367 
          99  1 0.0611 0.1594 0.1680 0.1544 0.1666 0.1313 0.1592 
         100  1 0.2288 0.1258 0.1323 0.1363 0.1323 0.1255 0.1189 
         101  1 0.0756 0.1449 0.1565 0.1553 0.1703 0.1363 0.1611 
         102  1 0.0210 0.1643 0.1489 0.1509 0.1596 0.1879 0.1675 
         103  1 0.0546 0.1679 0.1537 0.1451 0.1677 0.1665 0.1445 
         104  1 0.0254 0.1629 0.1690 0.1722 0.1634 0.1495 0.1576 
         105  1 0.1204 0.1406 0.1535 0.1504 0.1413 0.1448 0.1489 
         106  1 0.1017 0.1312 0.1766 0.1392 0.1610 0.1220 0.1684 
         107  1 0.3804 0.0997 0.1040 0.1061 0.1032 0.1042 0.1024 
         108  1 0.0203 0.1742 0.1248 0.1510 0.1266 0.2512 0.1519 
         109  1 0.0958 0.1486 0.1578 0.1429 0.1372 0.1571 0.1606 
         110  1 0.0189 0.1710 0.1712 0.1555 0.1568 0.1556 0.1710 
         111  1 0.0502 0.1613 0.1621 0.1538 0.1802 0.1486 0.1438 
         112  1 0.0341 0.1523 0.1629 0.1654 0.1616 0.1601 0.1635 
         113  1 0.0419 0.1766 0.1184 0.1505 0.1290 0.2407 0.1429 
         114  1 0.1580 0.1362 0.1640 0.1377 0.1436 0.1153 0.1452 
         115  1 0.0296 0.1462 0.1748 0.1651 0.1939 0.1409 0.1495 
         116  1 0.0278 0.1595 0.1507 0.1801 0.1667 0.1613 0.1540 
         117  1 0.0460 0.1563 0.1554 0.1615 0.1731 0.1586 0.1492 
         118  1 0.0605 0.1549 0.1647 0.1579 0.1566 0.1392 0.1663 
         119  1 0.0429 0.1397 0.1655 0.1628 0.1804 0.1473 0.1615 
         120  1 0.0130 0.1714 0.1113 0.1575 0.1389 0.2651 0.1429 
         121  1 0.0405 0.1553 0.1875 0.1512 0.1493 0.1375 0.1787 
         122  1 0.0204 0.1630 0.1842 0.1614 0.1664 0.1174 0.1872 
         123  1 0.0511 0.1500 0.1489 0.1744 0.1730 0.1607 0.1419 
         124  1 0.1015 0.1598 0.1683 0.1406 0.1445 0.1157 0.1697 
         125  1 0.0340 0.1701 0.1285 0.1565 0.1613 0.1977 0.1518 
         126  1 0.1019 0.1560 0.1497 0.1574 0.1624 0.1401 0.1324 
         127  1 0.0744 0.1736 0.1232 0.1473 0.1220 0.2228 0.1367 
         128  1 0.0242 0.1642 0.1392 0.1539 0.1583 0.1873 0.1729 
         129  1 0.0221 0.1482 0.1670 0.1703 0.1674 0.1577 0.1673 
         130  1 0.0209 0.1731 0.1306 0.1637 0.1453 0.2146 0.1517 
         131  1 0.0271 0.1600 0.1930 0.1421 0.1588 0.1328 0.1862 
         132  1 0.0465 0.1765 0.1745 0.1445 0.1406 0.1344 0.1830 
         133  1 0.1014 0.1426 0.1558 0.1563 0.1615 0.1361 0.1464 
         134  1 0.0368 0.1590 0.1793 0.1598 0.1382 0.1525 0.1744 
         135  1 0.0343 0.1535 0.1271 0.1759 0.1626 0.2094 0.1372 
         136  1 0.0399 0.1528 0.1532 0.1769 0.1746 0.1671 0.1354 
         137  1 0.0466 0.1586 0.1610 0.1581 0.1691 0.1405 0.1662 
         138  1 0.0542 0.1578 0.1457 0.1819 0.1722 0.1405 0.1477 
         139  1 0.0511 0.1469 0.1526 0.1811 0.1776 0.1458 0.1448 
         140  1 0.1073 0.1399 0.1483 0.1611 0.1630 0.1327 0.1479 
         141  1 0.0869 0.1558 0.1397 0.1661 0.1549 0.1594 0.1372 
         142  1 0.0318 0.1595 0.1940 0.1433 0.1700 0.1197 0.1817 
         143  1 0.0132 0.1550 0.1777 0.1682 0.1685 0.1353 0.1821 
         144  1 0.0221 0.1499 0.1704 0.1614 0.1740 0.1485 0.1738 
         145  1 0.1469 0.1439 0.1371 0.1511 0.1212 0.1607 0.1390 
         146  1 0.0611 0.1580 0.1462 0.1585 0.1420 0.1750 0.1592 
         147  1 0.0464 0.1649 0.1419 0.1747 0.1527 0.1756 0.1437 
         148  1 0.0261 0.1480 0.1680 0.1731 0.1693 0.1548 0.1607 
         149  1 0.0532 0.1476 0.1536 0.1719 0.1753 0.1616 0.1369 
         150  1 0.0350 0.1604 0.1219 0.1623 0.1504 0.2139 0.1561 
         151  1 0.1641 0.1520 0.1175 0.1304 0.1122 0.1818 0.1419 
         152  1 0.0448 0.1678 0.1310 0.1510 0.1567 0.2030 0.1458 
         153  1 0.2682 0.1212 0.1320 0.1157 0.1261 0.1066 0.1302 
         154  1 0.0384 0.1644 0.1862 0.1497 0.1529 0.1360 0.1722 
         155  1 0.0715 0.1520 0.1440 0.1667 0.1479 0.1638 0.1542 
         156  1 0.0209 0.1613 0.1541 0.1789 0.1663 0.1733 0.1453 
         157  1 0.0161 0.1547 0.1665 0.1613 0.1849 0.1562 0.1604 
         158  1 0.0448 0.1594 0.1490 0.1545 0.1513 0.1771 0.1639 
         159  1 0.0316 0.1609 0.1581 0.1513 0.1497 0.1805 0.1679 
         160  1 0.0197 0.1535 0.1581 0.1673 0.1871 0.1644 0.1500 
         161  1 0.0178 0.1634 0.1333 0.1712 0.1635 0.2117 0.1392 
         162  1 0.0493 0.1635 0.1374 0.1771 0.1587 0.1783 0.1358 
         163  1 0.0212 0.1556 0.1602 0.1707 0.1803 0.1601 0.1518 
         164  1 0.0396 0.1481 0.1654 0.1601 0.1793 0.1381 0.1694 
         165  1 0.0221 0.1626 0.1689 0.1730 0.1752 0.1429 0.1553 
         166  1 0.0218 0.1517 0.1488 0.1814 0.1765 0.1736 0.1461 
         167  1 0.0206 0.1628 0.1539 0.1612 0.1624 0.1758 0.1633 
         168  1 0.0230 0.1551 0.1617 0.1704 0.1817 0.1442 0.1638 
         169  1 0.0194 0.1748 0.1184 0.1632 0.1340 0.2490 0.1411 
         170  1 0.0336 0.1774 0.1307 0.1574 0.1541 0.2157 0.1311 
         171  1 0.0218 0.1623 0.1486 0.1691 0.1755 0.1688 0.1539 
         172  1 0.0293 0.1527 0.1568 0.1630 0.1838 0.1536 0.1608 
         173  1 0.0275 0.1605 0.1725 0.1664 0.1744 0.1490 0.1498 
         174  1 0.0264 0.1674 0.1502 0.1685 0.1466 0.1871 0.1537 
         175  1 0.0199 0.1613 0.1463 0.1582 0.1551 0.2001 0.1591 
         176  1 0.0228 0.1522 0.1538 0.1700 0.1864 0.1600 0.1549 
         177  1 0.0443 0.1626 0.1455 0.1581 0.1767 0.1762 0.1366 
         178  1 0.0305 0.1581 0.1610 0.1437 0.1540 0.1579 0.1947 
         179  1 0.0486 0.1614 0.1533 0.1635 0.1747 0.1525 0.1461 
         180  1 0.0244 0.1664 0.1470 0.1809 0.1962 0.1568 0.1282 
         181  1 0.0692 0.1661 0.1491 0.1581 0.1764 0.1408 0.1403 
         182  1 0.1523 0.1425 0.1398 0.1465 0.1415 0.1346 0.1427 
         183  1 0.0250 0.1685 0.1496 0.1612 0.1616 0.1667 0.1674 
         184  1 0.0437 0.1631 0.1468 0.1659 0.1584 0.1844 0.1377 
         185  1 0.0297 0.1576 0.1349 0.1592 0.1482 0.2040 0.1665 
         186  1 0.0599 0.1630 0.1612 0.1595 0.1477 0.1546 0.1540 
         187  1 0.0168 0.1677 0.1568 0.1808 0.1811 0.1615 0.1352 
         188  1 0.0335 0.1654 0.1451 0.1526 0.1541 0.1826 0.1667 
         189  1 0.0469 0.1523 0.1542 0.1667 0.1637 0.1669 0.1492 
         190  1 0.0654 0.1615 0.1477 0.1627 0.1667 0.1506 0.1453 
         191  1 0.0273 0.1682 0.1520 0.1693 0.1898 0.1575 0.1360 
         192  1 0.0612 0.1685 0.1474 0.1532 0.1734 0.1562 0.1401 
         193  1 0.0480 0.1454 0.1465 0.1785 0.1576 0.1797 0.1443 
         194  1 0.3495 0.1082 0.1157 0.1102 0.1143 0.1036 0.0985 
         195  1 0.0243 0.1487 0.1950 0.1508 0.1639 0.1235 0.1939 
         196  1 0.0624 0.1537 0.1393 0.1536 0.1734 0.1708 0.1468 
         197  1 0.1314 0.1390 0.1265 0.1625 0.1446 0.1669 0.1293 
         198  1 0.0511 0.1580 0.1531 0.1626 0.1661 0.1591 0.1500 
         199  1 0.1029 0.1522 0.1381 0.1498 0.1582 0.1648 0.1341 
         200  1 0.0865 0.1618 0.1425 0.1565 0.1558 0.1563 0.1406 
         201  1 0.0274 0.1619 0.1701 0.1548 0.1681 0.1405 0.1772 
         202  1 0.0473 0.1617 0.1644 0.1548 0.1589 0.1549 0.1581 
         203  1 0.0329 0.1578 0.1491 0.1888 0.1598 0.1603 0.1513 
         204  1 0.0406 0.1427 0.2015 0.1529 0.1548 0.1101 0.1974 
         205  1 0.0652 0.1521 0.1654 0.1578 0.1580 0.1494 0.1522 
         206  1 0.0280 0.1540 0.1568 0.1736 0.1778 0.1610 0.1489 
         207  1 0.0482 0.1674 0.1374 0.1523 0.1471 0.1903 0.1573 
         208  1 0.0185 0.1532 0.1629 0.1773 0.1753 0.1554 0.1575 
         209  1 0.1404 0.1658 0.1212 0.1419 0.1300 0.1738 0.1269 
         210  1 0.0705 0.1551 0.1682 0.1536 0.1470 0.1314 0.1741 
         211  1 0.0299 0.1506 0.1653 0.1661 0.1722 0.1452 0.1705 
         212  1 0.0302 0.1573 0.1557 0.1726 0.1737 0.1655 0.1449 
         213  1 0.2425 0.1255 0.1335 0.1281 0.1190 0.1143 0.1371 
         214  1 0.0269 0.1808 0.1119 0.1549 0.1220 0.2593 0.1441 
         215  1 0.0977 0.1552 0.1482 0.1451 0.1559 0.1538 0.1440 
         216  1 0.0396 0.1567 0.1672 0.1629 0.1658 0.1447 0.1632 
         217  1 0.1204 0.1350 0.1646 0.1502 0.1362 0.1274 0.1662 
         218  1 0.1575 0.1470 0.1316 0.1344 0.1410 0.1562 0.1324 
         219  1 0.2500 0.1245 0.1168 0.1320 0.1228 0.1360 0.1180 
         220  1 0.0251 0.1639 0.1377 0.1704 0.1708 0.1943 0.1378 
         221  1 0.0693 0.1520 0.1572 0.1633 0.1441 0.1559 0.1582 
         222  1 0.0273 0.1650 0.1314 0.1763 0.1562 0.1907 0.1532 
         223  1 0.0875 0.1484 0.1629 0.1593 0.1585 0.1351 0.1483 
         224  1 0.0356 0.1611 0.1507 0.1670 0.1693 0.1662 0.1500 
         225  1 0.2602 0.1189 0.1169 0.1256 0.1199 0.1317 0.1269 
         226  1 0.0215 0.1506 0.2001 0.1497 0.1510 0.1136 0.2135 
