           1  1 0.1254 0.1200 0.1167 0.1279 0.0100 0.1579 0.0738 0.1704 0.0978 
           2  1 0.0452 0.0425 0.0411 0.0488 0.6499 0.0461 0.0350 0.0496 0.0418 
           3  1 0.0947 0.0931 0.0940 0.0920 0.2506 0.0933 0.0968 0.0918 0.0937 
           4  1 0.0277 0.0281 0.0293 0.0277 0.7735 0.0265 0.0279 0.0290 0.0301 
           5  1 0.0744 0.0762 0.0799 0.0782 0.3895 0.0827 0.0622 0.0875 0.0695 
           6  1 0.0303 0.0302 0.0309 0.0299 0.7557 0.0304 0.0287 0.0325 0.0313 
           7  1 0.0539 0.0453 0.0518 0.0524 0.5931 0.0523 0.0478 0.0545 0.0490 
           8  1 0.0625 0.0627 0.0648 0.0630 0.4894 0.0644 0.0625 0.0674 0.0633 
           9  1 0.0264 0.0263 0.0272 0.0276 0.7849 0.0264 0.0274 0.0267 0.0271 
          10  1 0.1224 0.1059 0.1024 0.1186 0.1125 0.1032 0.1043 0.1125 0.1181 
          11  1 0.0252 0.0240 0.0259 0.0244 0.7976 0.0251 0.0261 0.0259 0.0258 
          12  1 0.0946 0.0871 0.0853 0.0913 0.2752 0.0920 0.0898 0.0935 0.0912 
          13  1 0.0242 0.0227 0.0232 0.0225 0.8119 0.0247 0.0236 0.0240 0.0231 
          14  1 0.1103 0.1123 0.1212 0.1107 0.0934 0.1123 0.1219 0.1054 0.1126 
          15  1 0.0415 0.0473 0.0432 0.0457 0.6497 0.0472 0.0459 0.0390 0.0405 
          16  1 0.1119 0.1229 0.1142 0.1100 0.0881 0.1205 0.1110 0.1138 0.1077 
          17  1 0.0800 0.0828 0.0842 0.0767 0.3501 0.0877 0.0891 0.0769 0.0724 
          18  1 0.1010 0.1108 0.1068 0.0984 0.1757 0.1025 0.1222 0.0936 0.0889 
          19  1 0.0678 0.0671 0.0737 0.0670 0.4457 0.0703 0.0614 0.0741 0.0728 
          20  1 0.0725 0.0662 0.0724 0.0767 0.4150 0.0775 0.0732 0.0769 0.0695 
          21  1 0.0879 0.0772 0.0851 0.0867 0.3239 0.0929 0.0716 0.0942 0.0806 
          22  1 0.1108 0.1108 0.1107 0.1111 0.1113 0.1118 0.1120 0.1108 0.1107 
          23  1 0.0743 0.0738 0.0744 0.0755 0.4141 0.0779 0.0592 0.0864 0.0645 
          24  1 0.0484 0.0459 0.0519 0.0501 0.5971 0.0586 0.0430 0.0581 0.0469 
          25  1 0.1138 0.1051 0.1122 0.1130 0.1208 0.1165 0.0908 0.1296 0.0981 
          26  1 0.0754 0.0761 0.0871 0.0773 0.3758 0.0729 0.0824 0.0752 0.0779 
          27  1 0.0653 0.0624 0.0676 0.0680 0.4774 0.0621 0.0611 0.0696 0.0666 
          28  1 0.1175 0.1134 0.1185 0.1172 0.0652 0.1153 0.1110 0.1183 0.1236 
          29  1 0.0472 0.0470 0.0469 0.0489 0.6199 0.0484 0.0451 0.0497 0.0469 
          30  1 0.0613 0.0564 0.0556 0.0585 0.5349 0.0625 0.0518 0.0644 0.0547 
          31  1 0.0202 0.0200 0.0189 0.0199 0.8400 0.0200 0.0195 0.0207 0.0207 
          32  1 0.0821 0.0781 0.0825 0.0779 0.3563 0.0817 0.0766 0.0892 0.0758 
          33  1 0.0686 0.0649 0.0676 0.0680 0.4591 0.0697 0.0636 0.0719 0.0667 
          34  1 0.0776 0.0811 0.0828 0.0775 0.3475 0.0925 0.0802 0.0863 0.0744 
          35  1 0.0991 0.0948 0.0969 0.0938 0.2272 0.0991 0.0924 0.1013 0.0955 
          36  1 0.1121 0.1121 0.1149 0.1065 0.1003 0.1174 0.1177 0.1113 0.1078 
          37  1 0.1107 0.1054 0.1129 0.1148 0.1066 0.1086 0.1120 0.1129 0.1160 
          38  1 0.1173 0.1300 0.1150 0.1126 0.0466 0.1219 0.1265 0.1108 0.1194 
          39  1 0.0398 0.0352 0.0446 0.0398 0.6876 0.0387 0.0362 0.0385 0.0396 
          40  1 0.0441 0.0426 0.0416 0.0418 0.6615 0.0421 0.0412 0.0460 0.0392 
          41  1 0.1063 0.1034 0.1088 0.1062 0.1367 0.1105 0.1094 0.1096 0.1091 
          42  1 0.0685 0.0570 0.0699 0.0582 0.4831 0.0646 0.0590 0.0716 0.0680 
          43  1 0.1149 0.1086 0.1096 0.1259 0.0824 0.1281 0.0894 0.1372 0.1038 
          44  1 0.0507 0.0479 0.0554 0.0536 0.5846 0.0513 0.0522 0.0502 0.0542 
          45  1 0.0768 0.0709 0.0734 0.0775 0.4042 0.0806 0.0638 0.0838 0.0690 
          46  1 0.1038 0.0997 0.1093 0.1034 0.1631 0.1001 0.1064 0.1074 0.1068 
          47  1 0.1142 0.1004 0.1062 0.1140 0.1168 0.1118 0.1107 0.1106 0.1154 
          48  1 0.0998 0.0864 0.0890 0.0913 0.2686 0.1051 0.0777 0.0999 0.0823 
          49  1 0.1247 0.1171 0.1144 0.1251 0.0411 0.1085 0.1312 0.1149 0.1231 
          50  1 0.1268 0.1046 0.1166 0.1223 0.0479 0.1108 0.1253 0.1208 0.1248 
          51  1 0.1144 0.1392 0.1099 0.1377 0.0245 0.0997 0.1475 0.0966 0.1305 
          52  1 0.1213 0.1201 0.1171 0.1280 0.0185 0.1166 0.1116 0.1477 0.1192 
          53  1 0.1122 0.1359 0.1176 0.1045 0.0426 0.1325 0.1282 0.1138 0.1127 
          54  1 0.1164 0.1309 0.1167 0.1256 0.0247 0.1219 0.1365 0.1089 0.1185 
          55  1 0.1181 0.1096 0.1147 0.1087 0.0931 0.1090 0.1130 0.1120 0.1217 
          56  1 0.1255 0.1393 0.1203 0.1166 0.0104 0.1341 0.1187 0.1213 0.1138 
          57  1 0.1186 0.1377 0.1106 0.1293 0.0245 0.1071 0.1292 0.1064 0.1367 
          58  1 0.1193 0.1174 0.1195 0.1172 0.0553 0.1193 0.1084 0.1226 0.1211 
          59  1 0.1212 0.1270 0.1150 0.1147 0.0530 0.1169 0.1320 0.1045 0.1156 
          60  1 0.1230 0.1277 0.1194 0.1253 0.0257 0.1070 0.1169 0.1151 0.1399 
          61  1 0.1344 0.1066 0.1177 0.1230 0.0237 0.1222 0.1154 0.1282 0.1288 
          62  1 0.1226 0.1121 0.1159 0.1210 0.0531 0.1263 0.1064 0.1245 0.1181 
          63  1 0.1094 0.1004 0.1107 0.1150 0.1135 0.1194 0.0912 0.1313 0.1091 
          64  1 0.1209 0.1072 0.1344 0.1310 0.0213 0.1145 0.1211 0.1236 0.1260 
          65  1 0.1214 0.1238 0.1201 0.1224 0.0294 0.1274 0.1095 0.1248 0.1211 
          66  1 0.1143 0.1107 0.1241 0.1174 0.0543 0.1231 0.1250 0.1160 0.1151 
          67  1 0.1238 0.1102 0.1215 0.1353 0.0278 0.1168 0.1121 0.1190 0.1335 
          68  1 0.1261 0.1294 0.1130 0.1346 0.0122 0.1134 0.1270 0.1156 0.1287 
          69  1 0.1179 0.1183 0.1354 0.1245 0.0156 0.1040 0.1582 0.1032 0.1230 
          70  1 0.1164 0.1420 0.1134 0.1188 0.0136 0.1114 0.1225 0.1129 0.1490 
          71  1 0.1299 0.1110 0.1144 0.1084 0.0826 0.1118 0.1128 0.1118 0.1174 
          72  1 0.1214 0.1298 0.1257 0.1219 0.0162 0.1138 0.1371 0.0997 0.1344 
          73  1 0.1159 0.1168 0.1330 0.1145 0.0152 0.1159 0.1299 0.1185 0.1403 
          74  1 0.1259 0.1288 0.1174 0.1245 0.0274 0.1149 0.1168 0.1111 0.1333 
          75  1 0.1245 0.1184 0.1227 0.1176 0.0251 0.1227 0.1146 0.1284 0.1261 
          76  1 0.1241 0.1351 0.1182 0.1253 0.0142 0.1060 0.1257 0.1060 0.1454 
          77  1 0.1311 0.1197 0.1173 0.1206 0.0183 0.1244 0.1189 0.1304 0.1193 
          78  1 0.1096 0.1284 0.1181 0.1297 0.0165 0.1452 0.1056 0.1326 0.1142 
          79  1 0.1194 0.1170 0.1463 0.1159 0.0230 0.1064 0.1225 0.1062 0.1433 
          80  1 0.1286 0.1166 0.1192 0.1204 0.0207 0.1283 0.1155 0.1293 0.1214 
          81  1 0.1201 0.1231 0.1241 0.1151 0.0255 0.1123 0.1154 0.1276 0.1369 
          82  1 0.1213 0.1110 0.1111 0.1123 0.0699 0.1165 0.1078 0.1215 0.1287 
          83  1 0.1269 0.1190 0.1300 0.1229 0.0196 0.1234 0.1183 0.1239 0.1159 
          84  1 0.1179 0.1270 0.1167 0.1173 0.0193 0.1245 0.1130 0.1350 0.1293 
          85  1 0.1021 0.0956 0.1070 0.0959 0.1899 0.1012 0.1027 0.1046 0.1009 
          86  1 0.0921 0.0953 0.0977 0.0924 0.2372 0.0977 0.1031 0.0958 0.0887 
          87  1 0.1100 0.1510 0.1097 0.0954 0.0757 0.1355 0.1451 0.0905 0.0869 
          88  1 0.1122 0.1565 0.1154 0.1062 0.0311 0.1373 0.1342 0.1001 0.1070 
          89  1 0.1229 0.1251 0.1250 0.1206 0.0235 0.1164 0.1265 0.1125 0.1275 
          90  1 0.1173 0.1106 0.1376 0.1347 0.0252 0.1105 0.1276 0.1058 0.1307 
          91  1 0.1272 0.1132 0.1123 0.1243 0.0475 0.1251 0.1119 0.1233 0.1150 
          92  1 0.1159 0.1152 0.1258 0.1098 0.0480 0.1181 0.1173 0.1290 0.1209 
          93  1 0.1217 0.1093 0.1180 0.1369 0.0261 0.1095 0.1242 0.1192 0.1351 
          94  1 0.1050 0.1019 0.1210 0.1068 0.1316 0.1054 0.1118 0.1106 0.1060 
          95  1 0.1191 0.1196 0.1390 0.1285 0.0221 0.1051 0.1240 0.1191 0.1235 
          96  1 0.1045 0.1700 0.1161 0.1095 0.0266 0.1535 0.1589 0.0778 0.0830 
          97  1 0.1047 0.1113 0.0979 0.1239 0.1457 0.0972 0.1151 0.0897 0.1144 
          98  1 0.1086 0.1200 0.1164 0.1087 0.0797 0.1192 0.1202 0.1131 0.1141 
          99  1 0.1208 0.1163 0.1137 0.1176 0.0434 0.1205 0.1215 0.1209 0.1253 
         100  1 0.1145 0.0884 0.1125 0.0977 0.1567 0.1018 0.1093 0.1105 0.1085 
         101  1 0.1158 0.1164 0.1142 0.1170 0.0584 0.1187 0.1161 0.1256 0.1178 
         102  1 0.1205 0.1266 0.1206 0.1198 0.0162 0.1336 0.1291 0.1184 0.1153 
         103  1 0.1231 0.1245 0.1234 0.1223 0.0450 0.1165 0.1130 0.1097 0.1224 
         104  1 0.1256 0.1193 0.1178 0.1226 0.0209 0.1152 0.1110 0.1286 0.1390 
         105  1 0.1095 0.1064 0.1194 0.0993 0.0949 0.1191 0.1083 0.1215 0.1216 
         106  1 0.1214 0.1114 0.1170 0.1099 0.0578 0.1266 0.1115 0.1291 0.1152 
         107  1 0.0919 0.0820 0.0951 0.0854 0.2884 0.0893 0.0850 0.0903 0.0927 
         108  1 0.1107 0.1582 0.1175 0.1144 0.0148 0.1518 0.1465 0.0954 0.0908 
         109  1 0.1154 0.1084 0.1187 0.1205 0.0645 0.1209 0.1229 0.1174 0.1111 
         110  1 0.1247 0.1094 0.1204 0.1398 0.0156 0.1297 0.1201 0.1287 0.1117 
         111  1 0.1230 0.1197 0.1142 0.1178 0.0431 0.1177 0.1199 0.1165 0.1281 
         112  1 0.1132 0.1259 0.1200 0.1183 0.0273 0.1186 0.1269 0.1225 0.1273 
         113  1 0.1128 0.1577 0.1144 0.1088 0.0345 0.1428 0.1411 0.0899 0.0979 
         114  1 0.1199 0.1019 0.1109 0.1077 0.1105 0.1108 0.1019 0.1187 0.1176 
         115  1 0.1309 0.1034 0.1284 0.1271 0.0207 0.1006 0.1138 0.1272 0.1478 
         116  1 0.1236 0.1176 0.1313 0.1305 0.0223 0.1090 0.1303 0.1135 0.1219 
         117  1 0.1198 0.1133 0.1172 0.1224 0.0378 0.1214 0.1256 0.1174 0.1252 
         118  1 0.1170 0.1121 0.1238 0.1152 0.0461 0.1205 0.1165 0.1289 0.1199 
         119  1 0.1234 0.1157 0.1211 0.1223 0.0308 0.1230 0.1108 0.1309 0.1220 
         120  1 0.1057 0.1709 0.1180 0.1160 0.0111 0.1441 0.1653 0.0757 0.0932 
         121  1 0.1204 0.1207 0.1213 0.1207 0.0299 0.1270 0.1080 0.1372 0.1149 
         122  1 0.1266 0.1122 0.1280 0.1309 0.0160 0.1267 0.1026 0.1375 0.1195 
         123  1 0.1219 0.1139 0.1233 0.1140 0.0435 0.1178 0.1224 0.1173 0.1259 
         124  1 0.1207 0.1095 0.1080 0.1199 0.0836 0.1202 0.1012 0.1223 0.1147 
         125  1 0.1153 0.1392 0.1128 0.1159 0.0289 0.1360 0.1413 0.1012 0.1095 
         126  1 0.1161 0.1128 0.1189 0.1213 0.0695 0.1115 0.1231 0.1100 0.1168 
         127  1 0.1054 0.1514 0.1098 0.1130 0.0562 0.1389 0.1421 0.0900 0.0931 
         128  1 0.1280 0.1347 0.1155 0.1169 0.0200 0.1249 0.1340 0.1158 0.1103 
         129  1 0.1218 0.1201 0.1283 0.1287 0.0174 0.1209 0.1179 0.1308 0.1141 
         130  1 0.1098 0.1460 0.1204 0.1189 0.0170 0.1360 0.1497 0.1010 0.1012 
         131  1 0.1262 0.1178 0.1208 0.1178 0.0220 0.1299 0.1049 0.1347 0.1260 
         132  1 0.1207 0.1233 0.1121 0.1276 0.0316 0.1291 0.1132 0.1282 0.1143 
         133  1 0.1155 0.1096 0.1159 0.1124 0.0706 0.1197 0.1157 0.1226 0.1181 
         134  1 0.1233 0.1246 0.1205 0.1137 0.0273 0.1251 0.1119 0.1314 0.1222 
         135  1 0.1224 0.1261 0.1296 0.1174 0.0284 0.1148 0.1369 0.1072 0.1173 
         136  1 0.1165 0.1107 0.1244 0.1234 0.0352 0.1127 0.1247 0.1168 0.1356 
         137  1 0.1267 0.1140 0.1161 0.1220 0.0377 0.1163 0.1226 0.1209 0.1237 
         138  1 0.1206 0.1086 0.1266 0.1302 0.0429 0.1160 0.1242 0.1123 0.1186 
         139  1 0.1159 0.1114 0.1293 0.1363 0.0411 0.1079 0.1155 0.1090 0.1336 
         140  1 0.1103 0.0994 0.1222 0.1198 0.0859 0.1119 0.1104 0.1152 0.1249 
         141  1 0.1185 0.1082 0.1189 0.1151 0.0693 0.1077 0.1249 0.1129 0.1245 
         142  1 0.1248 0.1187 0.1084 0.1289 0.0220 0.1273 0.1136 0.1350 0.1214 
         143  1 0.1311 0.1210 0.1258 0.1255 0.0110 0.1245 0.1080 0.1335 0.1197 
         144  1 0.1201 0.1203 0.1197 0.1219 0.0181 0.1177 0.1119 0.1325 0.1379 
         145  1 0.1108 0.1163 0.1254 0.1022 0.0964 0.1076 0.1139 0.1204 0.1071 
         146  1 0.1202 0.1371 0.1198 0.1033 0.0433 0.1256 0.1164 0.1175 0.1168 
         147  1 0.1159 0.1149 0.1294 0.1209 0.0377 0.1098 0.1292 0.1234 0.1186 
         148  1 0.1243 0.1162 0.1239 0.1155 0.0208 0.1179 0.1160 0.1350 0.1304 
         149  1 0.1213 0.1133 0.1180 0.1193 0.0444 0.1163 0.1280 0.1203 0.1192 
         150  1 0.1155 0.1474 0.1200 0.1133 0.0294 0.1320 0.1407 0.1009 0.1008 
         151  1 0.1056 0.1340 0.1029 0.0930 0.1408 0.1223 0.1161 0.0980 0.0873 
         152  1 0.1134 0.1354 0.1147 0.1184 0.0364 0.1273 0.1351 0.1043 0.1150 
         153  1 0.1047 0.0935 0.1005 0.1030 0.1723 0.1099 0.1018 0.1075 0.1068 
         154  1 0.1264 0.1240 0.1152 0.1255 0.0280 0.1228 0.1090 0.1291 0.1200 
         155  1 0.1167 0.1158 0.1299 0.1133 0.0557 0.1088 0.1235 0.1166 0.1198 
         156  1 0.1239 0.1261 0.1233 0.1231 0.0174 0.1117 0.1373 0.1142 0.1230 
         157  1 0.1290 0.1212 0.1263 0.1238 0.0137 0.1158 0.1187 0.1248 0.1268 
         158  1 0.1133 0.1208 0.1198 0.1200 0.0311 0.1324 0.1328 0.1164 0.1134 
         159  1 0.1167 0.1404 0.1179 0.1138 0.0219 0.1275 0.1165 0.1243 0.1211 
         160  1 0.1245 0.1187 0.1261 0.1361 0.0163 0.1059 0.1184 0.1190 0.1351 
         161  1 0.1151 0.1390 0.1281 0.1293 0.0161 0.1154 0.1340 0.1006 0.1224 
         162  1 0.1136 0.1135 0.1279 0.1199 0.0371 0.1076 0.1541 0.1114 0.1148 
         163  1 0.1228 0.1079 0.1277 0.1310 0.0189 0.1068 0.1128 0.1179 0.1544 
         164  1 0.1270 0.1044 0.1147 0.1247 0.0296 0.1219 0.1170 0.1342 0.1265 
         165  1 0.1226 0.1195 0.1233 0.1179 0.0179 0.1145 0.1243 0.1185 0.1416 
         166  1 0.1233 0.1184 0.1331 0.1145 0.0185 0.1165 0.1227 0.1134 0.1394 
         167  1 0.1230 0.1284 0.1223 0.1184 0.0175 0.1198 0.1324 0.1198 0.1183 
         168  1 0.1287 0.1107 0.1232 0.1279 0.0186 0.1158 0.1117 0.1226 0.1406 
         169  1 0.1072 0.1577 0.1197 0.1131 0.0168 0.1443 0.1564 0.0904 0.0944 
         170  1 0.1185 0.1331 0.1201 0.1276 0.0290 0.1227 0.1513 0.0948 0.1028 
         171  1 0.1208 0.1159 0.1247 0.1370 0.0184 0.1169 0.1217 0.1121 0.1325 
         172  1 0.1294 0.1192 0.1192 0.1248 0.0252 0.1216 0.1175 0.1265 0.1166 
         173  1 0.1271 0.1046 0.1267 0.1257 0.0232 0.1123 0.1107 0.1215 0.1483 
         174  1 0.1150 0.1404 0.1213 0.1115 0.0212 0.1207 0.1152 0.1267 0.1280 
         175  1 0.1137 0.1393 0.1197 0.1158 0.0168 0.1322 0.1268 0.1190 0.1167 
         176  1 0.1321 0.1151 0.1160 0.1274 0.0186 0.1192 0.1291 0.1231 0.1195 
         177  1 0.1188 0.1249 0.1123 0.1323 0.0376 0.1201 0.1213 0.1090 0.1238 
         178  1 0.1271 0.1229 0.1174 0.1149 0.0221 0.1354 0.1142 0.1376 0.1084 
         179  1 0.1092 0.1244 0.1159 0.1326 0.0363 0.1208 0.1149 0.1164 0.1295 
         180  1 0.1204 0.1354 0.1139 0.1328 0.0207 0.1027 0.1321 0.1041 0.1380 
         181  1 0.1220 0.1236 0.1180 0.1266 0.0501 0.1047 0.1210 0.1102 0.1239 
         182  1 0.1161 0.1056 0.1117 0.1116 0.1055 0.1059 0.1172 0.1099 0.1165 
         183  1 0.1245 0.1214 0.1267 0.1199 0.0200 0.1184 0.1289 0.1213 0.1190 
         184  1 0.1163 0.1263 0.1239 0.1206 0.0345 0.1264 0.1329 0.1086 0.1105 
         185  1 0.1142 0.1550 0.1146 0.1089 0.0245 0.1326 0.1264 0.1129 0.1110 
         186  1 0.1230 0.1227 0.1168 0.1126 0.0441 0.1190 0.1196 0.1237 0.1186 
         187  1 0.1168 0.1170 0.1290 0.1203 0.0151 0.1085 0.1121 0.1215 0.1597 
         188  1 0.1253 0.1182 0.1198 0.1218 0.0261 0.1219 0.1242 0.1181 0.1244 
         189  1 0.1304 0.1217 0.1192 0.1211 0.0293 0.1149 0.1209 0.1164 0.1261 
         190  1 0.1202 0.1155 0.1162 0.1211 0.0511 0.1137 0.1229 0.1235 0.1157 
         191  1 0.1248 0.1321 0.1172 0.1274 0.0229 0.1022 0.1232 0.1117 0.1384 
         192  1 0.1206 0.1221 0.1198 0.1312 0.0541 0.1089 0.1088 0.1108 0.1238 
         193  1 0.1164 0.1140 0.1351 0.1257 0.0358 0.1053 0.1330 0.1182 0.1166 
         194  1 0.0878 0.0809 0.0875 0.0904 0.3048 0.0807 0.0889 0.0869 0.0922 
         195  1 0.1224 0.1177 0.1222 0.1223 0.0185 0.1319 0.1092 0.1377 0.1181 
         196  1 0.1158 0.1281 0.1166 0.1200 0.0531 0.1134 0.1217 0.1120 0.1193 
         197  1 0.1139 0.1065 0.1264 0.1161 0.1108 0.1007 0.1199 0.1011 0.1045 
         198  1 0.1207 0.1091 0.1251 0.1233 0.0383 0.1142 0.1203 0.1198 0.1294 
         199  1 0.1150 0.1171 0.1162 0.1187 0.0847 0.1066 0.1229 0.1033 0.1154 
         200  1 0.1166 0.1209 0.1214 0.1155 0.0573 0.1171 0.1257 0.1120 0.1135 
         201  1 0.1313 0.1196 0.1200 0.1284 0.0230 0.1158 0.1177 0.1161 0.1282 
         202  1 0.1180 0.1183 0.1255 0.1187 0.0300 0.1163 0.1244 0.1263 0.1224 
         203  1 0.1188 0.1198 0.1227 0.1311 0.0281 0.1166 0.1246 0.1229 0.1154 
         204  1 0.1283 0.1104 0.1220 0.1265 0.0256 0.1305 0.1062 0.1428 0.1078 
         205  1 0.1187 0.1134 0.1210 0.1208 0.0432 0.1131 0.1192 0.1245 0.1260 
         206  1 0.1193 0.1210 0.1255 0.1238 0.0224 0.1076 0.1359 0.1120 0.1326 
         207  1 0.1150 0.1408 0.1150 0.1146 0.0381 0.1298 0.1378 0.1041 0.1048 
         208  1 0.1179 0.1263 0.1318 0.1158 0.0160 0.1156 0.1226 0.1170 0.1369 
         209  1 0.1094 0.1270 0.1070 0.1061 0.1019 0.1164 0.1313 0.0987 0.1023 
         210  1 0.1243 0.1073 0.1161 0.1297 0.0514 0.1151 0.1147 0.1261 0.1153 
         211  1 0.1211 0.1211 0.1211 0.1139 0.0240 0.1105 0.1197 0.1301 0.1386 
         212  1 0.1169 0.1216 0.1211 0.1287 0.0241 0.1106 0.1342 0.1127 0.1301 
         213  1 0.1063 0.0984 0.1166 0.1000 0.1438 0.1073 0.1047 0.1129 0.1099 
         214  1 0.1067 0.1696 0.1183 0.1090 0.0238 0.1493 0.1538 0.0775 0.0921 
         215  1 0.1148 0.1117 0.1127 0.1189 0.0789 0.1144 0.1179 0.1102 0.1206 
         216  1 0.1234 0.1155 0.1259 0.1256 0.0261 0.1174 0.1187 0.1275 0.1198 
         217  1 0.1174 0.1038 0.1101 0.1166 0.1024 0.1071 0.1035 0.1289 0.1102 
         218  1 0.1062 0.1116 0.0991 0.1160 0.1147 0.1213 0.1205 0.1050 0.1054 
         219  1 0.0992 0.0964 0.1069 0.1033 0.1984 0.0951 0.1043 0.0957 0.1007 
         220  1 0.1171 0.1286 0.1187 0.1288 0.0212 0.1175 0.1400 0.1042 0.1238 
         221  1 0.1149 0.1115 0.1196 0.1183 0.0501 0.1174 0.1124 0.1298 0.1260 
         222  1 0.1200 0.1322 0.1323 0.1262 0.0223 0.1190 0.1327 0.1017 0.1136 
         223  1 0.1209 0.1072 0.1248 0.1085 0.0681 0.1111 0.1144 0.1182 0.1268 
         224  1 0.1243 0.1205 0.1259 0.1191 0.0315 0.1167 0.1204 0.1150 0.1266 
         225  1 0.0965 0.0937 0.1064 0.0976 0.2105 0.1007 0.0948 0.1008 0.0991 
         226  1 0.1210 0.1100 0.1262 0.1320 0.0165 0.1213 0.1046 0.1413 0.1270 
