           1  1 0.1033 0.1380 0.1275 0.0097 0.1052 0.1114 0.0972 0.1114 0.1127 0.0835 
           2  1 0.0394 0.0439 0.0441 0.6250 0.0436 0.0430 0.0412 0.0418 0.0431 0.0349 
           3  1 0.0868 0.0862 0.0855 0.2346 0.0857 0.0821 0.0823 0.0854 0.0864 0.0849 
           4  1 0.0272 0.0277 0.0293 0.7484 0.0284 0.0272 0.0273 0.0279 0.0290 0.0275 
           5  1 0.0743 0.0781 0.0781 0.3302 0.0686 0.0794 0.0737 0.0766 0.0762 0.0646 
           6  1 0.0319 0.0330 0.0326 0.7120 0.0332 0.0311 0.0304 0.0331 0.0324 0.0303 
           7  1 0.0534 0.0538 0.0595 0.5199 0.0552 0.0535 0.0487 0.0535 0.0557 0.0468 
           8  1 0.0631 0.0622 0.0657 0.4261 0.0602 0.0669 0.0617 0.0671 0.0657 0.0614 
           9  1 0.0271 0.0279 0.0288 0.7516 0.0288 0.0273 0.0264 0.0271 0.0275 0.0273 
          10  1 0.0929 0.0991 0.1041 0.1029 0.1025 0.1045 0.0909 0.1007 0.1036 0.0988 
          11  1 0.0247 0.0240 0.0273 0.7658 0.0262 0.0255 0.0276 0.0261 0.0273 0.0255 
          12  1 0.0834 0.0833 0.0861 0.2264 0.0873 0.0901 0.0783 0.0880 0.0942 0.0828 
          13  1 0.0246 0.0224 0.0245 0.7858 0.0230 0.0237 0.0236 0.0240 0.0249 0.0235 
          14  1 0.1018 0.1048 0.1015 0.0824 0.1000 0.1025 0.1004 0.1004 0.1033 0.1029 
          15  1 0.0460 0.0410 0.0376 0.6196 0.0424 0.0415 0.0461 0.0378 0.0391 0.0488 
          16  1 0.1165 0.1032 0.1013 0.0698 0.0970 0.0999 0.1105 0.0996 0.0982 0.1040 
          17  1 0.0913 0.0740 0.0723 0.2882 0.0732 0.0780 0.0868 0.0829 0.0761 0.0772 
          18  1 0.1115 0.0957 0.0815 0.1396 0.0814 0.1005 0.1071 0.0916 0.1001 0.0910 
          19  1 0.0631 0.0714 0.0670 0.3945 0.0672 0.0653 0.0622 0.0717 0.0719 0.0657 
          20  1 0.0747 0.0728 0.0755 0.3511 0.0748 0.0699 0.0681 0.0715 0.0780 0.0636 
          21  1 0.0787 0.0871 0.0869 0.2665 0.0823 0.0841 0.0773 0.0811 0.0884 0.0675 
          22  1 0.1000 0.0993 0.0995 0.1004 0.0999 0.1016 0.1004 0.0999 0.0999 0.0991 
          23  1 0.0745 0.0783 0.0761 0.3566 0.0687 0.0784 0.0608 0.0706 0.0736 0.0623 
          24  1 0.0514 0.0496 0.0508 0.5526 0.0475 0.0517 0.0532 0.0491 0.0497 0.0444 
          25  1 0.0968 0.1059 0.1107 0.0891 0.1036 0.1062 0.0943 0.1039 0.1047 0.0848 
          26  1 0.0731 0.0828 0.0763 0.3186 0.0761 0.0754 0.0695 0.0769 0.0806 0.0707 
          27  1 0.0560 0.0667 0.0654 0.4373 0.0667 0.0571 0.0592 0.0650 0.0664 0.0603 
          28  1 0.0958 0.1058 0.1137 0.0523 0.1112 0.1092 0.0967 0.1104 0.1045 0.1005 
          29  1 0.0448 0.0445 0.0471 0.5875 0.0457 0.0455 0.0469 0.0463 0.0453 0.0465 
          30  1 0.0590 0.0555 0.0637 0.4649 0.0585 0.0650 0.0532 0.0644 0.0591 0.0567 
          31  1 0.0197 0.0197 0.0212 0.8199 0.0200 0.0205 0.0185 0.0203 0.0199 0.0202 
          32  1 0.0702 0.0763 0.0768 0.3227 0.0673 0.0807 0.0753 0.0777 0.0799 0.0732 
          33  1 0.0616 0.0630 0.0671 0.4241 0.0637 0.0650 0.0624 0.0651 0.0665 0.0615 
          34  1 0.0811 0.0777 0.0824 0.2775 0.0732 0.0816 0.0865 0.0829 0.0798 0.0772 
          35  1 0.0889 0.0886 0.0888 0.1928 0.0899 0.0905 0.0890 0.0912 0.0922 0.0882 
          36  1 0.1117 0.0975 0.0962 0.0880 0.0946 0.0990 0.1080 0.1036 0.1030 0.0983 
          37  1 0.1016 0.1072 0.1028 0.0908 0.1029 0.0983 0.0956 0.1009 0.1033 0.0965 
          38  1 0.1122 0.0947 0.0988 0.0421 0.0966 0.1056 0.1202 0.1049 0.1022 0.1226 
          39  1 0.0405 0.0436 0.0423 0.6277 0.0422 0.0418 0.0372 0.0421 0.0436 0.0389 
          40  1 0.0445 0.0435 0.0463 0.6089 0.0432 0.0427 0.0411 0.0467 0.0434 0.0398 
          41  1 0.0971 0.0991 0.0982 0.1039 0.1020 0.1041 0.0922 0.1025 0.1074 0.0936 
          42  1 0.0655 0.0669 0.0715 0.3972 0.0693 0.0675 0.0650 0.0681 0.0697 0.0591 
          43  1 0.1079 0.1140 0.1098 0.0683 0.1016 0.1107 0.0964 0.1038 0.1058 0.0817 
          44  1 0.0428 0.0491 0.0513 0.5748 0.0479 0.0502 0.0430 0.0461 0.0465 0.0482 
          45  1 0.0708 0.0689 0.0743 0.3718 0.0673 0.0761 0.0696 0.0695 0.0708 0.0611 
          46  1 0.0892 0.0962 0.1031 0.1379 0.0969 0.0919 0.0834 0.0978 0.1073 0.0964 
          47  1 0.0958 0.0998 0.1090 0.1009 0.0996 0.0981 0.0969 0.1006 0.1044 0.0950 
          48  1 0.0850 0.0875 0.0884 0.2419 0.0803 0.0907 0.0856 0.0842 0.0837 0.0727 
          49  1 0.1055 0.1022 0.1176 0.0369 0.1108 0.1004 0.1019 0.0976 0.1143 0.1128 
          50  1 0.0971 0.1022 0.1105 0.0423 0.1129 0.1051 0.1042 0.1092 0.1152 0.1012 
          51  1 0.1018 0.1105 0.1167 0.0245 0.1258 0.0917 0.0973 0.0895 0.1120 0.1301 
          52  1 0.1078 0.1127 0.1153 0.0172 0.1170 0.1048 0.1026 0.1151 0.1116 0.0959 
          53  1 0.1230 0.0993 0.0950 0.0413 0.0989 0.1062 0.1230 0.1023 0.0912 0.1198 
          54  1 0.1099 0.1017 0.1020 0.0237 0.1091 0.1102 0.1117 0.1015 0.1005 0.1297 
          55  1 0.0927 0.1064 0.1050 0.0900 0.1062 0.0998 0.0944 0.1050 0.1013 0.0989 
          56  1 0.1330 0.1042 0.0969 0.0101 0.0904 0.1037 0.1364 0.1106 0.0855 0.1292 
          57  1 0.0962 0.1037 0.1205 0.0252 0.1162 0.1001 0.1035 0.0992 0.1110 0.1244 
          58  1 0.0984 0.1124 0.1085 0.0484 0.1101 0.1068 0.0991 0.1088 0.1100 0.0974 
          59  1 0.1180 0.0990 0.0926 0.0495 0.0998 0.1044 0.1210 0.1002 0.0955 0.1201 
          60  1 0.1025 0.1067 0.1132 0.0241 0.1152 0.1010 0.1007 0.1132 0.1085 0.1151 
          61  1 0.0948 0.1133 0.1207 0.0213 0.1196 0.1103 0.0965 0.1038 0.1132 0.1065 
          62  1 0.1059 0.1076 0.1075 0.0438 0.1090 0.1095 0.0992 0.1102 0.1082 0.0992 
          63  1 0.0956 0.1061 0.1050 0.1149 0.1016 0.1003 0.0861 0.0962 0.1028 0.0914 
          64  1 0.1059 0.1187 0.1080 0.0190 0.1138 0.1106 0.1021 0.1066 0.1138 0.1015 
          65  1 0.1032 0.1111 0.1081 0.0295 0.1080 0.1081 0.1045 0.1136 0.1146 0.0993 
          66  1 0.1074 0.1007 0.1004 0.0437 0.1033 0.1113 0.1063 0.1051 0.1157 0.1062 
          67  1 0.0947 0.1197 0.1058 0.0261 0.1277 0.1052 0.0979 0.1111 0.1103 0.1015 
          68  1 0.1043 0.1112 0.1119 0.0109 0.1124 0.1074 0.1063 0.1110 0.1095 0.1150 
          69  1 0.1097 0.1193 0.1061 0.0152 0.1200 0.0956 0.1066 0.1011 0.1256 0.1010 
          70  1 0.0928 0.1137 0.1188 0.0130 0.1331 0.1015 0.0980 0.1052 0.1172 0.1066 
          71  1 0.0936 0.1013 0.1062 0.0742 0.0998 0.1029 0.1048 0.1070 0.0990 0.1112 
          72  1 0.1089 0.1085 0.1043 0.0155 0.1097 0.1046 0.1204 0.1049 0.1055 0.1178 
          73  1 0.1022 0.1156 0.1172 0.0147 0.1229 0.1008 0.0922 0.1160 0.1149 0.1035 
          74  1 0.1062 0.1072 0.1149 0.0261 0.1090 0.1065 0.1052 0.1026 0.1009 0.1213 
          75  1 0.0978 0.1124 0.1151 0.0233 0.1166 0.1104 0.0969 0.1183 0.1048 0.1046 
          76  1 0.0987 0.1044 0.1136 0.0133 0.1309 0.1085 0.1070 0.0978 0.1084 0.1175 
          77  1 0.0973 0.1065 0.1156 0.0154 0.1034 0.1132 0.0986 0.1167 0.1229 0.1104 
          78  1 0.1253 0.1027 0.0988 0.0162 0.1054 0.1090 0.1153 0.1159 0.1033 0.1081 
          79  1 0.1041 0.1190 0.1057 0.0215 0.1158 0.1038 0.1004 0.1101 0.1146 0.1050 
          80  1 0.0940 0.1092 0.1142 0.0194 0.1074 0.1105 0.1120 0.1130 0.1135 0.1068 
          81  1 0.0994 0.1137 0.1161 0.0255 0.1145 0.1095 0.1013 0.1093 0.1073 0.1036 
          82  1 0.1011 0.1033 0.1035 0.0720 0.1081 0.1017 0.1045 0.1005 0.1037 0.1015 
          83  1 0.1075 0.1089 0.1114 0.0188 0.1073 0.1086 0.1141 0.1034 0.1127 0.1073 
          84  1 0.1096 0.1104 0.1157 0.0177 0.1075 0.1084 0.1043 0.1113 0.1107 0.1045 
          85  1 0.0951 0.0947 0.0879 0.1403 0.0952 0.0966 0.0871 0.1039 0.1059 0.0933 
          86  1 0.0996 0.0840 0.0811 0.2125 0.0803 0.0859 0.0894 0.0912 0.0859 0.0902 
          87  1 0.1455 0.0867 0.0744 0.0658 0.0822 0.1055 0.1403 0.0954 0.0800 0.1242 
          88  1 0.1360 0.0887 0.0893 0.0321 0.0846 0.1010 0.1484 0.1049 0.0820 0.1330 
          89  1 0.1074 0.1024 0.1070 0.0230 0.1194 0.1043 0.1095 0.1008 0.1027 0.1235 
          90  1 0.1058 0.1188 0.1052 0.0235 0.1215 0.0964 0.1076 0.1026 0.1183 0.1003 
          91  1 0.1040 0.1124 0.1127 0.0422 0.1075 0.1070 0.1031 0.1010 0.1126 0.0973 
          92  1 0.1078 0.1022 0.1051 0.0404 0.1033 0.1131 0.1050 0.1090 0.1103 0.1039 
          93  1 0.0941 0.1192 0.1023 0.0246 0.1261 0.1039 0.1042 0.1100 0.1098 0.1057 
          94  1 0.0970 0.1023 0.1022 0.0996 0.1025 0.0946 0.1000 0.0996 0.1102 0.0919 
          95  1 0.1056 0.1081 0.1095 0.0208 0.1090 0.1059 0.1043 0.1112 0.1216 0.1041 
          96  1 0.1662 0.0753 0.0745 0.0237 0.0606 0.1166 0.1662 0.0903 0.0721 0.1544 
          97  1 0.0925 0.0863 0.0918 0.1504 0.0983 0.0889 0.0972 0.0781 0.0946 0.1219 
          98  1 0.1045 0.1018 0.0999 0.0609 0.0988 0.1021 0.1185 0.1039 0.1010 0.1087 
          99  1 0.0991 0.1015 0.1133 0.0418 0.1095 0.1046 0.0968 0.1181 0.1131 0.1022 
         100  1 0.0915 0.1044 0.0976 0.1144 0.0974 0.1017 0.0887 0.1016 0.1102 0.0924 
         101  1 0.0984 0.1096 0.1047 0.0562 0.1073 0.1070 0.1041 0.1084 0.1067 0.0976 
         102  1 0.1114 0.1036 0.0947 0.0153 0.1091 0.1076 0.1250 0.1091 0.1045 0.1197 
         103  1 0.1020 0.1026 0.1078 0.0469 0.1045 0.0985 0.1135 0.1044 0.1028 0.1169 
         104  1 0.0965 0.1163 0.1195 0.0211 0.1185 0.1022 0.1045 0.1122 0.1109 0.0983 
         105  1 0.0922 0.1013 0.1023 0.0883 0.1045 0.1043 0.0966 0.1058 0.1057 0.0991 
         106  1 0.1016 0.1024 0.1109 0.0529 0.1100 0.1051 0.1026 0.1127 0.1049 0.0970 
         107  1 0.0814 0.0864 0.0866 0.2423 0.0864 0.0847 0.0812 0.0817 0.0863 0.0832 
         108  1 0.1464 0.0863 0.0796 0.0129 0.0722 0.1192 0.1621 0.1013 0.0727 0.1473 
         109  1 0.1079 0.1070 0.0963 0.0490 0.1060 0.1025 0.1145 0.1035 0.1157 0.0976 
         110  1 0.1050 0.1129 0.1184 0.0149 0.1166 0.1135 0.1089 0.1034 0.0992 0.1073 
         111  1 0.0994 0.1116 0.1141 0.0420 0.1139 0.1058 0.0929 0.1080 0.1081 0.1042 
         112  1 0.1108 0.1092 0.1064 0.0251 0.1180 0.0999 0.1062 0.1117 0.1090 0.1037 
         113  1 0.1504 0.0861 0.0805 0.0337 0.0728 0.1154 0.1497 0.0965 0.0758 0.1391 
         114  1 0.1009 0.1055 0.1086 0.0790 0.0994 0.1000 0.0965 0.1061 0.1107 0.0932 
         115  1 0.0940 0.1146 0.1167 0.0183 0.1269 0.1091 0.0891 0.1093 0.1148 0.1072 
         116  1 0.1037 0.1183 0.1066 0.0219 0.1148 0.1073 0.1043 0.1007 0.1139 0.1084 
         117  1 0.1005 0.1090 0.1043 0.0365 0.1080 0.1107 0.1097 0.1055 0.1117 0.1041 
         118  1 0.1028 0.1150 0.1084 0.0383 0.1070 0.1013 0.0979 0.1203 0.1134 0.0957 
         119  1 0.1029 0.1114 0.1145 0.0288 0.1102 0.1142 0.0976 0.1091 0.1079 0.1034 
         120  1 0.1564 0.0797 0.0757 0.0104 0.0641 0.1216 0.1728 0.0942 0.0694 0.1556 
         121  1 0.1025 0.1059 0.1153 0.0254 0.1165 0.1106 0.0997 0.1131 0.1099 0.1011 
         122  1 0.1068 0.1198 0.1156 0.0152 0.1147 0.1086 0.1008 0.1081 0.1155 0.0950 
         123  1 0.0970 0.1081 0.1092 0.0394 0.1075 0.1073 0.1048 0.1124 0.1111 0.1032 
         124  1 0.1001 0.1171 0.1107 0.0777 0.0982 0.1086 0.0940 0.1048 0.1040 0.0847 
         125  1 0.1284 0.1010 0.0974 0.0266 0.0910 0.1210 0.1221 0.1020 0.0934 0.1170 
         126  1 0.1013 0.1081 0.1062 0.0615 0.1047 0.1002 0.1021 0.1074 0.1086 0.0999 
         127  1 0.1392 0.0877 0.0851 0.0485 0.0779 0.1111 0.1412 0.0925 0.0802 0.1364 
         128  1 0.1190 0.0979 0.1030 0.0185 0.1009 0.1049 0.1189 0.1091 0.1016 0.1260 
         129  1 0.1098 0.1113 0.1089 0.0162 0.1128 0.1064 0.1036 0.1153 0.1133 0.1024 
         130  1 0.1293 0.1003 0.0892 0.0157 0.0894 0.1190 0.1264 0.1052 0.0939 0.1317 
         131  1 0.1031 0.1100 0.1164 0.0221 0.1118 0.1072 0.1043 0.1131 0.1111 0.1009 
         132  1 0.1094 0.1096 0.1093 0.0278 0.1059 0.1104 0.1035 0.1129 0.1123 0.0989 
         133  1 0.0964 0.1018 0.1063 0.0623 0.1088 0.1055 0.0990 0.1123 0.1101 0.0975 
         134  1 0.1090 0.1104 0.1079 0.0225 0.1093 0.1052 0.1072 0.1139 0.1068 0.1078 
         135  1 0.1097 0.1026 0.0923 0.0277 0.0952 0.1157 0.1242 0.1042 0.1042 0.1242 
         136  1 0.0916 0.1083 0.1052 0.0328 0.1263 0.1094 0.1039 0.1052 0.1144 0.1031 
         137  1 0.0986 0.1086 0.1114 0.0334 0.1119 0.1079 0.1044 0.1067 0.1120 0.1049 
         138  1 0.1031 0.1177 0.1114 0.0393 0.1096 0.1010 0.1016 0.1064 0.1143 0.0954 
         139  1 0.0955 0.1120 0.1092 0.0390 0.1307 0.1023 0.0992 0.1038 0.1086 0.0998 
         140  1 0.0901 0.1079 0.1079 0.0773 0.1126 0.0984 0.0915 0.1071 0.1105 0.0968 
         141  1 0.0985 0.1017 0.1040 0.0594 0.1064 0.1057 0.1026 0.1074 0.1094 0.1048 
         142  1 0.1116 0.1047 0.1140 0.0209 0.1160 0.1071 0.1010 0.1152 0.1175 0.0920 
         143  1 0.1069 0.1134 0.1186 0.0106 0.1192 0.1050 0.1027 0.1073 0.1146 0.1018 
         144  1 0.0990 0.1201 0.1135 0.0178 0.1210 0.1060 0.1021 0.1132 0.1107 0.0966 
         145  1 0.1002 0.1051 0.1071 0.0728 0.0956 0.1026 0.1044 0.1091 0.1000 0.1030 
         146  1 0.1194 0.0998 0.1046 0.0390 0.1015 0.1057 0.1086 0.1124 0.1006 0.1083 
         147  1 0.0991 0.1108 0.1074 0.0352 0.1049 0.1043 0.1090 0.1166 0.1093 0.1035 
         148  1 0.0947 0.1182 0.1132 0.0194 0.1193 0.1145 0.1042 0.1102 0.1047 0.1013 
         149  1 0.0993 0.1048 0.1074 0.0429 0.1103 0.1082 0.1028 0.1045 0.1135 0.1062 
         150  1 0.1310 0.0981 0.0964 0.0271 0.0916 0.1087 0.1299 0.1050 0.0938 0.1184 
         151  1 0.1162 0.0865 0.0896 0.1366 0.0793 0.0958 0.1198 0.0870 0.0789 0.1104 
         152  1 0.1164 0.0972 0.1005 0.0342 0.0999 0.1101 0.1239 0.1020 0.0903 0.1255 
         153  1 0.0879 0.0994 0.0936 0.1416 0.0982 0.0962 0.0908 0.1008 0.0988 0.0929 
         154  1 0.0945 0.1104 0.1136 0.0230 0.1149 0.1108 0.1025 0.1065 0.1122 0.1116 
         155  1 0.0994 0.1059 0.1057 0.0446 0.1064 0.1084 0.1041 0.1096 0.1159 0.1000 
         156  1 0.1091 0.1142 0.1144 0.0156 0.1144 0.1042 0.1000 0.1029 0.1189 0.1062 
         157  1 0.1006 0.1106 0.1146 0.0125 0.1184 0.1058 0.1012 0.1130 0.1098 0.1135 
         158  1 0.1152 0.1064 0.1008 0.0269 0.1028 0.1052 0.1190 0.1062 0.1071 0.1104 
         159  1 0.1205 0.1044 0.1074 0.0204 0.1039 0.1043 0.1256 0.1012 0.1068 0.1055 
         160  1 0.1009 0.1178 0.1055 0.0156 0.1273 0.1046 0.1001 0.1082 0.1187 0.1014 
         161  1 0.1296 0.1046 0.0977 0.0151 0.1043 0.1146 0.1178 0.1010 0.0948 0.1206 
         162  1 0.1108 0.1049 0.1071 0.0324 0.1049 0.1011 0.1042 0.1118 0.1152 0.1077 
         163  1 0.0897 0.1201 0.1059 0.0196 0.1425 0.0993 0.0953 0.1083 0.1145 0.1048 
         164  1 0.1028 0.1150 0.1110 0.0274 0.1146 0.1121 0.0999 0.1097 0.1062 0.1013 
         165  1 0.1032 0.1067 0.1190 0.0169 0.1179 0.1103 0.0957 0.1102 0.1123 0.1078 
         166  1 0.1010 0.1185 0.1112 0.0173 0.1198 0.1063 0.1023 0.1076 0.1120 0.1042 
         167  1 0.1117 0.1090 0.1030 0.0169 0.1050 0.1063 0.1169 0.1224 0.1041 0.1048 
         168  1 0.0970 0.1122 0.1174 0.0181 0.1259 0.1076 0.1004 0.1061 0.1112 0.1040 
         169  1 0.1503 0.0872 0.0834 0.0152 0.0719 0.1187 0.1508 0.0975 0.0792 0.1458 
         170  1 0.1269 0.0933 0.0940 0.0270 0.0849 0.1024 0.1390 0.0986 0.0977 0.1361 
         171  1 0.1072 0.1207 0.1043 0.0174 0.1225 0.1038 0.1031 0.1056 0.1136 0.1018 
         172  1 0.1054 0.1061 0.1130 0.0222 0.1093 0.1109 0.1046 0.1128 0.1102 0.1053 
         173  1 0.0917 0.1188 0.1118 0.0221 0.1297 0.1106 0.0919 0.1077 0.1142 0.1015 
         174  1 0.1130 0.1057 0.1078 0.0205 0.0997 0.1077 0.1158 0.1052 0.1041 0.1205 
         175  1 0.1218 0.1061 0.0992 0.0157 0.1003 0.1066 0.1215 0.1104 0.1035 0.1150 
         176  1 0.1042 0.1174 0.1096 0.0172 0.1069 0.1131 0.1008 0.1116 0.1106 0.1086 
         177  1 0.1074 0.1039 0.1059 0.0356 0.1061 0.1038 0.1066 0.1023 0.1103 0.1183 
         178  1 0.1109 0.1031 0.1016 0.0210 0.1039 0.1093 0.1200 0.1165 0.1034 0.1103 
         179  1 0.1007 0.1068 0.1182 0.0336 0.1134 0.1064 0.1001 0.0997 0.1127 0.1085 
         180  1 0.1005 0.1056 0.1136 0.0197 0.1266 0.1019 0.0990 0.0905 0.1205 0.1221 
         181  1 0.1046 0.1033 0.1140 0.0474 0.1085 0.1001 0.0942 0.0984 0.1111 0.1184 
         182  1 0.0941 0.1016 0.1016 0.0879 0.1049 0.0993 0.1009 0.0965 0.1098 0.1032 
         183  1 0.1103 0.1070 0.1046 0.0197 0.1086 0.1067 0.1092 0.1112 0.1073 0.1153 
         184  1 0.1122 0.1043 0.1075 0.0308 0.0984 0.1050 0.1164 0.0979 0.1075 0.1199 
         185  1 0.1215 0.1004 0.1031 0.0237 0.0964 0.1110 0.1223 0.1074 0.0945 0.1198 
         186  1 0.1116 0.1055 0.0981 0.0399 0.1052 0.1017 0.1121 0.1104 0.1059 0.1096 
         187  1 0.0865 0.1184 0.1168 0.0138 0.1384 0.1075 0.0869 0.1111 0.1166 0.1041 
         188  1 0.1071 0.1041 0.1078 0.0242 0.1063 0.1092 0.1079 0.1112 0.1134 0.1086 
         189  1 0.1009 0.1013 0.1147 0.0251 0.1104 0.1083 0.1063 0.1045 0.1077 0.1208 
         190  1 0.1038 0.1032 0.1069 0.0498 0.1057 0.1045 0.1012 0.1093 0.1086 0.1070 
         191  1 0.0915 0.1078 0.1236 0.0216 0.1301 0.1011 0.0999 0.0953 0.1092 0.1198 
         192  1 0.0951 0.1120 0.1054 0.0553 0.1141 0.1015 0.1042 0.0941 0.1026 0.1155 
         193  1 0.0989 0.1194 0.1063 0.0306 0.1090 0.1025 0.1062 0.1130 0.1114 0.1027 
         194  1 0.0760 0.0782 0.0816 0.2924 0.0833 0.0790 0.0718 0.0716 0.0819 0.0841 
         195  1 0.1063 0.1088 0.1130 0.0170 0.1112 0.1135 0.0985 0.1151 0.1179 0.0986 
         196  1 0.1002 0.1008 0.1065 0.0465 0.1159 0.1039 0.1025 0.0998 0.1085 0.1155 
         197  1 0.0982 0.1094 0.0999 0.0875 0.1001 0.0982 0.1022 0.0992 0.1061 0.0990 
         198  1 0.1008 0.1146 0.1071 0.0338 0.1107 0.1098 0.1015 0.1070 0.1072 0.1075 
         199  1 0.1083 0.0999 0.0977 0.0780 0.1088 0.0979 0.1033 0.0937 0.1006 0.1119 
         200  1 0.1056 0.1002 0.0978 0.0503 0.1049 0.1097 0.1076 0.1042 0.1128 0.1069 
         201  1 0.0944 0.1045 0.1163 0.0219 0.1180 0.1143 0.0987 0.1070 0.1132 0.1117 
         202  1 0.1069 0.1081 0.1120 0.0242 0.1111 0.1043 0.1088 0.1080 0.1076 0.1089 
         203  1 0.1026 0.1116 0.1101 0.0260 0.1128 0.1037 0.1069 0.1105 0.1109 0.1049 
         204  1 0.1158 0.1092 0.1186 0.0217 0.1023 0.1195 0.0963 0.1130 0.1063 0.0975 
         205  1 0.1024 0.1062 0.1132 0.0352 0.1131 0.1071 0.0966 0.1053 0.1158 0.1051 
         206  1 0.1098 0.1150 0.1049 0.0221 0.1112 0.0990 0.1023 0.1080 0.1176 0.1100 
         207  1 0.1283 0.0964 0.0964 0.0348 0.0906 0.1107 0.1218 0.1015 0.0987 0.1206 
         208  1 0.1045 0.1094 0.1169 0.0155 0.1152 0.1062 0.0988 0.1127 0.1133 0.1076 
         209  1 0.1187 0.0931 0.0870 0.0902 0.0851 0.1025 0.1174 0.0938 0.0957 0.1164 
         210  1 0.1046 0.1060 0.1034 0.0467 0.1054 0.1062 0.1008 0.1095 0.1169 0.1004 
         211  1 0.1044 0.1151 0.1142 0.0221 0.1193 0.1023 0.0943 0.1135 0.1132 0.1016 
         212  1 0.1072 0.1115 0.1147 0.0219 0.1143 0.1020 0.1061 0.1057 0.1121 0.1047 
         213  1 0.0968 0.0975 0.1067 0.0950 0.1013 0.1009 0.0919 0.1091 0.1093 0.0915 
         214  1 0.1587 0.0816 0.0726 0.0221 0.0600 0.1242 0.1675 0.0898 0.0691 0.1544 
         215  1 0.1025 0.1014 0.1088 0.0761 0.1010 0.1005 0.1007 0.1019 0.1024 0.1048 
         216  1 0.1027 0.1068 0.1103 0.0222 0.1112 0.1064 0.1088 0.1136 0.1154 0.1027 
         217  1 0.0959 0.1101 0.1002 0.0952 0.1007 0.0994 0.0918 0.1096 0.1051 0.0922 
         218  1 0.1063 0.0897 0.0956 0.1082 0.0943 0.0963 0.1118 0.0941 0.0935 0.1103 
         219  1 0.0933 0.0913 0.0940 0.1723 0.0945 0.0953 0.0908 0.0909 0.0920 0.0856 
         220  1 0.1108 0.1028 0.1004 0.0205 0.1060 0.1083 0.1175 0.1051 0.1024 0.1262 
         221  1 0.1006 0.1060 0.1059 0.0431 0.1087 0.1118 0.1046 0.1126 0.1076 0.0992 
         222  1 0.1223 0.1040 0.1027 0.0211 0.1034 0.1092 0.1212 0.0990 0.0997 0.1174 
         223  1 0.0965 0.1040 0.1096 0.0598 0.1115 0.1052 0.0916 0.1091 0.1087 0.1042 
         224  1 0.0981 0.1119 0.1033 0.0299 0.1162 0.1025 0.1108 0.1101 0.1102 0.1069 
         225  1 0.0890 0.0910 0.0918 0.1854 0.0897 0.0913 0.0886 0.0949 0.0935 0.0847 
         226  1 0.0991 0.1258 0.1162 0.0147 0.1238 0.1096 0.0962 0.1061 0.1134 0.0951 
