           1  1 0.5134 0.4361 0.0505 
           2  1 0.0773 0.0802 0.8425 
           3  1 0.1895 0.1975 0.6130 
           4  1 0.0382 0.0386 0.9233 
           5  1 0.0590 0.0546 0.8865 
           6  1 0.0452 0.0446 0.9102 
           7  1 0.0449 0.0435 0.9116 
           8  1 0.0579 0.0578 0.8843 
           9  1 0.0287 0.0289 0.9424 
          10  1 0.3516 0.3943 0.2542 
          11  1 0.0284 0.0268 0.9448 
          12  1 0.0789 0.0844 0.8367 
          13  1 0.0278 0.0288 0.9435 
          14  1 0.2698 0.2768 0.4535 
          15  1 0.0584 0.0633 0.8783 
          16  1 0.2815 0.2711 0.4474 
          17  1 0.0538 0.0536 0.8926 
          18  1 0.0953 0.0945 0.8102 
          19  1 0.1224 0.1155 0.7620 
          20  1 0.0549 0.0558 0.8893 
          21  1 0.0708 0.0690 0.8602 
          22  1 0.3326 0.3339 0.3334 
          23  1 0.0814 0.0773 0.8413 
          24  1 0.0602 0.0595 0.8804 
          25  1 0.2325 0.2243 0.5432 
          26  1 0.0839 0.0781 0.8380 
          27  1 0.1207 0.1160 0.7633 
          28  1 0.3416 0.3578 0.3006 
          29  1 0.0771 0.0764 0.8465 
          30  1 0.0497 0.0466 0.9037 
          31  1 0.0239 0.0258 0.9503 
          32  1 0.1003 0.0963 0.8034 
          33  1 0.1074 0.1069 0.7857 
          34  1 0.0688 0.0636 0.8676 
          35  1 0.1896 0.1840 0.6264 
          36  1 0.2004 0.2155 0.5841 
          37  1 0.3250 0.3142 0.3608 
          38  1 0.4536 0.4263 0.1201 
          39  1 0.0349 0.0334 0.9317 
          40  1 0.0466 0.0491 0.9042 
          41  1 0.1527 0.1670 0.6803 
          42  1 0.0505 0.0509 0.8986 
          43  1 0.2552 0.2381 0.5067 
          44  1 0.0869 0.0943 0.8189 
          45  1 0.0903 0.0821 0.8276 
          46  1 0.2164 0.2396 0.5440 
          47  1 0.2786 0.2940 0.4274 
          48  1 0.1234 0.1169 0.7597 
          49  1 0.3718 0.4020 0.2262 
          50  1 0.3716 0.3722 0.2561 
          51  1 0.4210 0.4825 0.0965 
          52  1 0.5003 0.4331 0.0667 
          53  1 0.4641 0.4259 0.1100 
          54  1 0.4512 0.4942 0.0546 
          55  1 0.3995 0.3690 0.2315 
          56  1 0.5049 0.4772 0.0179 
          57  1 0.4365 0.4949 0.0687 
          58  1 0.4040 0.4061 0.1899 
          59  1 0.3890 0.4127 0.1983 
          60  1 0.4605 0.4863 0.0532 
          61  1 0.4511 0.4712 0.0777 
          62  1 0.3624 0.3638 0.2738 
          63  1 0.3762 0.3747 0.2491 
          64  1 0.4565 0.4686 0.0749 
          65  1 0.5023 0.4451 0.0525 
          66  1 0.3321 0.3334 0.3345 
          67  1 0.4501 0.4679 0.0820 
          68  1 0.4696 0.5004 0.0300 
          69  1 0.4632 0.4829 0.0539 
          70  1 0.4691 0.5075 0.0234 
          71  1 0.3289 0.3483 0.3228 
          72  1 0.4729 0.4965 0.0306 
          73  1 0.4953 0.4697 0.0351 
          74  1 0.4605 0.4786 0.0609 
          75  1 0.4672 0.4665 0.0664 
          76  1 0.4801 0.4934 0.0266 
          77  1 0.4657 0.4704 0.0639 
          78  1 0.4957 0.4562 0.0482 
          79  1 0.4942 0.4627 0.0430 
          80  1 0.4286 0.4592 0.1122 
          81  1 0.4775 0.4646 0.0579 
          82  1 0.3867 0.3967 0.2166 
          83  1 0.4993 0.4647 0.0360 
          84  1 0.4822 0.4560 0.0618 
          85  1 0.1900 0.1844 0.6256 
          86  1 0.2025 0.1871 0.6104 
          87  1 0.2700 0.2643 0.4656 
          88  1 0.5050 0.4425 0.0525 
          89  1 0.4512 0.4837 0.0651 
          90  1 0.4708 0.4460 0.0832 
          91  1 0.4067 0.4331 0.1602 
          92  1 0.2860 0.2904 0.4236 
          93  1 0.4558 0.4939 0.0503 
          94  1 0.2033 0.1976 0.5991 
          95  1 0.4756 0.4645 0.0598 
          96  1 0.4472 0.4474 0.1054 
          97  1 0.3248 0.3720 0.3031 
          98  1 0.3193 0.3112 0.3695 
          99  1 0.4126 0.4094 0.1780 
         100  1 0.1032 0.1090 0.7878 
         101  1 0.4194 0.4093 0.1713 
         102  1 0.4565 0.4760 0.0675 
         103  1 0.4422 0.4716 0.0862 
         104  1 0.4706 0.4772 0.0522 
         105  1 0.3830 0.3644 0.2526 
         106  1 0.3188 0.3156 0.3656 
         107  1 0.0917 0.0958 0.8125 
         108  1 0.4866 0.4516 0.0619 
         109  1 0.2285 0.2436 0.5279 
         110  1 0.4678 0.4832 0.0489 
         111  1 0.4605 0.4660 0.0735 
         112  1 0.4702 0.4579 0.0718 
         113  1 0.4553 0.4548 0.0899 
         114  1 0.1984 0.1963 0.6052 
         115  1 0.4557 0.4585 0.0858 
         116  1 0.4592 0.4856 0.0552 
         117  1 0.4438 0.4480 0.1082 
         118  1 0.3972 0.3891 0.2137 
         119  1 0.4275 0.4464 0.1262 
         120  1 0.4815 0.4925 0.0259 
         121  1 0.4513 0.4034 0.1453 
         122  1 0.4798 0.4647 0.0555 
         123  1 0.4526 0.4373 0.1101 
         124  1 0.3066 0.3202 0.3732 
         125  1 0.4460 0.4449 0.1091 
         126  1 0.2903 0.2843 0.4254 
         127  1 0.3109 0.3175 0.3716 
         128  1 0.4688 0.4858 0.0454 
         129  1 0.4938 0.4540 0.0522 
         130  1 0.4731 0.4653 0.0616 
         131  1 0.4897 0.4614 0.0489 
         132  1 0.3316 0.3693 0.2990 
         133  1 0.3900 0.3617 0.2483 
         134  1 0.4584 0.4350 0.1067 
         135  1 0.4482 0.4605 0.0913 
         136  1 0.4519 0.4327 0.1154 
         137  1 0.4157 0.4409 0.1434 
         138  1 0.4118 0.3967 0.1915 
         139  1 0.4520 0.4535 0.0944 
         140  1 0.3752 0.3768 0.2479 
         141  1 0.3057 0.3181 0.3762 
         142  1 0.4161 0.4338 0.1501 
         143  1 0.4907 0.4838 0.0255 
         144  1 0.4830 0.4777 0.0393 
         145  1 0.2454 0.2377 0.5169 
         146  1 0.4418 0.3833 0.1749 
         147  1 0.4200 0.4040 0.1760 
         148  1 0.5008 0.4488 0.0503 
         149  1 0.4023 0.4306 0.1671 
         150  1 0.4553 0.4671 0.0776 
         151  1 0.2743 0.2599 0.4658 
         152  1 0.4325 0.4530 0.1145 
         153  1 0.1368 0.1369 0.7263 
         154  1 0.4384 0.4662 0.0954 
         155  1 0.3996 0.3876 0.2128 
         156  1 0.4641 0.4769 0.0591 
         157  1 0.4650 0.5082 0.0268 
         158  1 0.3687 0.3768 0.2545 
         159  1 0.4377 0.4418 0.1206 
         160  1 0.4836 0.4745 0.0420 
         161  1 0.4715 0.4942 0.0343 
         162  1 0.3837 0.4115 0.2048 
         163  1 0.4876 0.4754 0.0370 
         164  1 0.4765 0.4456 0.0779 
         165  1 0.4639 0.4859 0.0502 
         166  1 0.4933 0.4665 0.0403 
         167  1 0.4879 0.4629 0.0492 
         168  1 0.4691 0.4832 0.0477 
         169  1 0.4821 0.4723 0.0456 
         170  1 0.4298 0.4599 0.1103 
         171  1 0.4822 0.4778 0.0400 
         172  1 0.4777 0.4668 0.0555 
         173  1 0.4746 0.4750 0.0504 
         174  1 0.4925 0.4411 0.0664 
         175  1 0.5027 0.4595 0.0377 
         176  1 0.4809 0.4653 0.0538 
         177  1 0.4221 0.4525 0.1254 
         178  1 0.4524 0.4468 0.1008 
         179  1 0.4247 0.4485 0.1268 
         180  1 0.4336 0.5061 0.0603 
         181  1 0.3697 0.4102 0.2201 
         182  1 0.2541 0.2665 0.4794 
         183  1 0.4469 0.4729 0.0802 
         184  1 0.4219 0.4239 0.1543 
         185  1 0.4820 0.4597 0.0584 
         186  1 0.4164 0.3694 0.2142 
         187  1 0.4853 0.4888 0.0259 
         188  1 0.4254 0.4608 0.1138 
         189  1 0.3584 0.3894 0.2522 
         190  1 0.3830 0.3996 0.2174 
         191  1 0.4555 0.4913 0.0532 
         192  1 0.4228 0.4656 0.1116 
         193  1 0.4082 0.3745 0.2173 
         194  1 0.1681 0.1839 0.6480 
         195  1 0.4454 0.4497 0.1049 
         196  1 0.4121 0.4607 0.1272 
         197  1 0.2988 0.3083 0.3928 
         198  1 0.4184 0.4343 0.1473 
         199  1 0.3402 0.3895 0.2703 
         200  1 0.2450 0.2838 0.4712 
         201  1 0.4444 0.5042 0.0513 
         202  1 0.3710 0.3969 0.2321 
         203  1 0.4534 0.4530 0.0936 
         204  1 0.3458 0.3404 0.3138 
         205  1 0.3656 0.3944 0.2400 
         206  1 0.4588 0.4664 0.0748 
         207  1 0.4258 0.4088 0.1653 
         208  1 0.5072 0.4629 0.0299 
         209  1 0.2181 0.2336 0.5483 
         210  1 0.3708 0.4193 0.2099 
         211  1 0.4849 0.4494 0.0657 
         212  1 0.4443 0.4813 0.0744 
         213  1 0.1183 0.1190 0.7627 
         214  1 0.4563 0.4516 0.0921 
         215  1 0.3886 0.3877 0.2237 
         216  1 0.3745 0.3873 0.2382 
         217  1 0.3600 0.3417 0.2982 
         218  1 0.2996 0.3017 0.3987 
         219  1 0.2323 0.2439 0.5238 
         220  1 0.4696 0.4638 0.0666 
         221  1 0.3964 0.3671 0.2365 
         222  1 0.4749 0.4547 0.0705 
         223  1 0.4025 0.4032 0.1943 
         224  1 0.4640 0.4536 0.0823 
         225  1 0.2333 0.2258 0.5409 
         226  1 0.4765 0.4519 0.0716 
