           1  1 0.1546 0.0935 0.1846 0.1350 0.0994 0.0882 0.0100 0.0456 0.1890 
           2  1 0.0444 0.0398 0.0512 0.0434 0.0381 0.0435 0.6581 0.0284 0.0531 
           3  1 0.0953 0.0988 0.0912 0.0909 0.0962 0.0944 0.2511 0.0910 0.0911 
           4  1 0.0284 0.0277 0.0270 0.0289 0.0265 0.0281 0.7794 0.0256 0.0286 
           5  1 0.0772 0.0728 0.0928 0.0836 0.0669 0.0654 0.3989 0.0494 0.0931 
           6  1 0.0328 0.0314 0.0324 0.0341 0.0307 0.0314 0.7440 0.0303 0.0329 
           7  1 0.0511 0.0472 0.0548 0.0515 0.0502 0.0483 0.6033 0.0417 0.0519 
           8  1 0.0620 0.0637 0.0657 0.0637 0.0626 0.0619 0.4945 0.0568 0.0691 
           9  1 0.0266 0.0262 0.0272 0.0271 0.0275 0.0275 0.7836 0.0276 0.0267 
          10  1 0.1194 0.1083 0.1156 0.1112 0.1086 0.1177 0.1114 0.0964 0.1113 
          11  1 0.0247 0.0240 0.0263 0.0254 0.0246 0.0266 0.8020 0.0229 0.0236 
          12  1 0.0977 0.0867 0.1048 0.1004 0.0896 0.0898 0.2667 0.0723 0.0919 
          13  1 0.0234 0.0226 0.0243 0.0234 0.0227 0.0234 0.8140 0.0232 0.0230 
          14  1 0.1144 0.1118 0.1114 0.1150 0.1172 0.1159 0.0882 0.1200 0.1060 
          15  1 0.0443 0.0461 0.0424 0.0405 0.0426 0.0444 0.6429 0.0508 0.0459 
          16  1 0.1058 0.1123 0.1110 0.1134 0.1202 0.1058 0.0851 0.1256 0.1208 
          17  1 0.0925 0.0858 0.0752 0.0720 0.0872 0.0660 0.3470 0.0923 0.0820 
          18  1 0.1077 0.1140 0.0892 0.0941 0.1123 0.0911 0.1661 0.1346 0.0911 
          19  1 0.0679 0.0716 0.0683 0.0788 0.0707 0.0719 0.4344 0.0647 0.0717 
          20  1 0.0733 0.0716 0.0842 0.0769 0.0649 0.0710 0.4216 0.0615 0.0749 
          21  1 0.0862 0.0741 0.1014 0.0918 0.0763 0.0810 0.3321 0.0614 0.0957 
          22  1 0.1114 0.1115 0.1110 0.1106 0.1112 0.1113 0.1110 0.1118 0.1103 
          23  1 0.0820 0.0641 0.0871 0.0781 0.0647 0.0724 0.4193 0.0442 0.0881 
          24  1 0.0501 0.0472 0.0552 0.0507 0.0466 0.0445 0.6045 0.0422 0.0589 
          25  1 0.1164 0.1001 0.1305 0.1159 0.1088 0.1086 0.1184 0.0744 0.1268 
          26  1 0.0775 0.0795 0.0758 0.0841 0.0849 0.0797 0.3539 0.0821 0.0825 
          27  1 0.0672 0.0612 0.0704 0.0737 0.0657 0.0728 0.4624 0.0518 0.0747 
          28  1 0.1192 0.1140 0.1206 0.1222 0.1118 0.1252 0.0598 0.1048 0.1225 
          29  1 0.0492 0.0470 0.0493 0.0508 0.0453 0.0442 0.6245 0.0413 0.0483 
          30  1 0.0641 0.0564 0.0665 0.0581 0.0522 0.0518 0.5469 0.0441 0.0597 
          31  1 0.0203 0.0206 0.0209 0.0204 0.0191 0.0199 0.8421 0.0177 0.0189 
          32  1 0.0841 0.0732 0.0884 0.0895 0.0747 0.0865 0.3489 0.0658 0.0889 
          33  1 0.0692 0.0646 0.0717 0.0679 0.0638 0.0673 0.4675 0.0580 0.0699 
          34  1 0.0748 0.0822 0.0873 0.0833 0.0790 0.0753 0.3573 0.0774 0.0833 
          35  1 0.0966 0.0952 0.1016 0.0962 0.1003 0.0945 0.2241 0.0926 0.0989 
          36  1 0.1129 0.1187 0.1078 0.1100 0.1107 0.1044 0.1047 0.1207 0.1101 
          37  1 0.1089 0.1114 0.1176 0.1183 0.1092 0.1157 0.1053 0.1006 0.1131 
          38  1 0.1142 0.1259 0.1123 0.1110 0.1204 0.1122 0.0466 0.1462 0.1112 
          39  1 0.0431 0.0457 0.0416 0.0416 0.0404 0.0375 0.6739 0.0363 0.0400 
          40  1 0.0452 0.0424 0.0468 0.0444 0.0446 0.0407 0.6566 0.0375 0.0417 
          41  1 0.1080 0.1046 0.1188 0.1096 0.1117 0.1085 0.1279 0.1024 0.1084 
          42  1 0.0682 0.0655 0.0711 0.0710 0.0638 0.0687 0.4661 0.0588 0.0668 
          43  1 0.1232 0.0982 0.1412 0.1244 0.1044 0.1038 0.0878 0.0728 0.1442 
          44  1 0.0552 0.0521 0.0488 0.0504 0.0522 0.0529 0.5897 0.0493 0.0493 
          45  1 0.0762 0.0687 0.0856 0.0772 0.0645 0.0651 0.4288 0.0491 0.0847 
          46  1 0.1150 0.1022 0.1176 0.1051 0.0981 0.1042 0.1630 0.0888 0.1059 
          47  1 0.1109 0.1088 0.1191 0.1205 0.1102 0.1166 0.1132 0.0918 0.1090 
          48  1 0.1013 0.0860 0.1134 0.0969 0.0829 0.0772 0.2671 0.0672 0.1080 
          49  1 0.1311 0.1297 0.1198 0.1146 0.1142 0.1280 0.0393 0.1112 0.1120 
          50  1 0.1184 0.1208 0.1206 0.1296 0.1220 0.1299 0.0441 0.1003 0.1142 
          51  1 0.1560 0.1216 0.1105 0.1076 0.1152 0.1405 0.0235 0.1319 0.0931 
          52  1 0.1222 0.1197 0.1280 0.1354 0.1227 0.1229 0.0185 0.1028 0.1277 
          53  1 0.1075 0.1220 0.1082 0.1207 0.1219 0.1105 0.0424 0.1564 0.1103 
          54  1 0.1388 0.1214 0.1040 0.1173 0.1196 0.1224 0.0245 0.1505 0.1015 
          55  1 0.1123 0.1106 0.1147 0.1149 0.1154 0.1227 0.0897 0.1062 0.1135 
          56  1 0.1107 0.1197 0.1132 0.1175 0.1355 0.1120 0.0101 0.1627 0.1187 
          57  1 0.1476 0.1230 0.1130 0.1063 0.1185 0.1348 0.0249 0.1234 0.1085 
          58  1 0.1257 0.1138 0.1284 0.1215 0.1138 0.1211 0.0578 0.0964 0.1216 
          59  1 0.1297 0.1225 0.1009 0.1013 0.1197 0.1210 0.0539 0.1495 0.1016 
          60  1 0.1330 0.1152 0.1180 0.1230 0.1196 0.1200 0.0253 0.1186 0.1274 
          61  1 0.1280 0.1224 0.1293 0.1262 0.1141 0.1315 0.0238 0.0916 0.1330 
          62  1 0.1216 0.1118 0.1277 0.1172 0.1129 0.1232 0.0519 0.1069 0.1267 
          63  1 0.1134 0.0963 0.1288 0.1184 0.1027 0.1106 0.1143 0.0717 0.1438 
          64  1 0.1260 0.1290 0.1176 0.1315 0.1219 0.1281 0.0191 0.1135 0.1133 
          65  1 0.1154 0.1164 0.1325 0.1256 0.1209 0.1223 0.0290 0.1036 0.1343 
          66  1 0.1185 0.1187 0.1145 0.1223 0.1180 0.1274 0.0502 0.1150 0.1153 
          67  1 0.1216 0.1281 0.1209 0.1211 0.1236 0.1242 0.0278 0.1103 0.1225 
          68  1 0.1367 0.1223 0.1114 0.1217 0.1183 0.1342 0.0119 0.1285 0.1150 
          69  1 0.1171 0.1278 0.1113 0.1289 0.1365 0.1331 0.0142 0.1322 0.0989 
          70  1 0.1387 0.1239 0.1162 0.1186 0.1158 0.1408 0.0135 0.1254 0.1069 
          71  1 0.1110 0.1191 0.1160 0.1164 0.1142 0.1255 0.0763 0.1103 0.1112 
          72  1 0.1169 0.1279 0.1085 0.1158 0.1295 0.1220 0.0157 0.1498 0.1140 
          73  1 0.1191 0.1306 0.1231 0.1292 0.1341 0.1312 0.0146 0.1031 0.1150 
          74  1 0.1386 0.1123 0.1125 0.1145 0.1189 0.1222 0.0276 0.1379 0.1155 
          75  1 0.1213 0.1253 0.1218 0.1263 0.1147 0.1254 0.0250 0.1156 0.1247 
          76  1 0.1307 0.1291 0.1145 0.1140 0.1234 0.1360 0.0135 0.1249 0.1140 
          77  1 0.1263 0.1276 0.1251 0.1215 0.1186 0.1291 0.0174 0.1099 0.1245 
          78  1 0.1191 0.1156 0.1233 0.1277 0.1211 0.1176 0.0161 0.1251 0.1344 
          79  1 0.1038 0.1254 0.1150 0.1303 0.1437 0.1247 0.0217 0.1256 0.1098 
          80  1 0.1304 0.1202 0.1217 0.1225 0.1206 0.1289 0.0217 0.1119 0.1220 
          81  1 0.1245 0.1310 0.1210 0.1207 0.1223 0.1240 0.0256 0.1079 0.1230 
          82  1 0.1170 0.1233 0.1133 0.1179 0.1207 0.1217 0.0673 0.1107 0.1082 
          83  1 0.1175 0.1227 0.1231 0.1230 0.1198 0.1228 0.0186 0.1186 0.1339 
          84  1 0.1161 0.1241 0.1290 0.1274 0.1287 0.1213 0.0192 0.1034 0.1309 
          85  1 0.0989 0.1055 0.1065 0.1063 0.0982 0.1064 0.1710 0.0997 0.1074 
          86  1 0.0902 0.1026 0.0967 0.0887 0.1028 0.0937 0.2262 0.1018 0.0973 
          87  1 0.1054 0.1173 0.0923 0.0922 0.1300 0.0978 0.0700 0.1987 0.0964 
          88  1 0.0995 0.1258 0.1015 0.1117 0.1358 0.1080 0.0328 0.1864 0.0985 
          89  1 0.1226 0.1202 0.1194 0.1140 0.1255 0.1205 0.0229 0.1308 0.1241 
          90  1 0.1126 0.1229 0.1198 0.1293 0.1294 0.1388 0.0242 0.1153 0.1077 
          91  1 0.1198 0.1125 0.1282 0.1241 0.1203 0.1187 0.0444 0.1070 0.1250 
          92  1 0.1131 0.1236 0.1201 0.1208 0.1240 0.1164 0.0477 0.1094 0.1249 
          93  1 0.1278 0.1206 0.1178 0.1253 0.1184 0.1359 0.0245 0.1127 0.1170 
          94  1 0.1122 0.1074 0.1181 0.1178 0.1086 0.1038 0.1181 0.1015 0.1125 
          95  1 0.1105 0.1316 0.1124 0.1331 0.1351 0.1160 0.0211 0.1261 0.1142 
          96  1 0.1042 0.1176 0.0804 0.0873 0.1381 0.0868 0.0235 0.2618 0.1004 
          97  1 0.1336 0.1059 0.0984 0.0963 0.1083 0.1105 0.1409 0.1135 0.0925 
          98  1 0.1108 0.1209 0.1063 0.1141 0.1145 0.1030 0.0742 0.1436 0.1127 
          99  1 0.1264 0.1229 0.1213 0.1267 0.1069 0.1192 0.0462 0.1059 0.1245 
         100  1 0.1065 0.1127 0.1059 0.1087 0.1092 0.1120 0.1340 0.0946 0.1163 
         101  1 0.1243 0.1122 0.1209 0.1192 0.1118 0.1259 0.0577 0.0988 0.1293 
         102  1 0.1119 0.1242 0.1088 0.1243 0.1277 0.1213 0.0160 0.1437 0.1219 
         103  1 0.1270 0.1133 0.1086 0.1154 0.1228 0.1199 0.0456 0.1240 0.1234 
         104  1 0.1259 0.1265 0.1297 0.1259 0.1192 0.1294 0.0214 0.0994 0.1225 
         105  1 0.1117 0.1219 0.1170 0.1108 0.1155 0.1105 0.0924 0.1019 0.1184 
         106  1 0.1176 0.1118 0.1244 0.1212 0.1149 0.1180 0.0635 0.0972 0.1316 
         107  1 0.0979 0.0908 0.0883 0.0957 0.0900 0.0944 0.2686 0.0784 0.0957 
         108  1 0.0922 0.1283 0.0898 0.1045 0.1358 0.1013 0.0150 0.2276 0.1054 
         109  1 0.1212 0.1233 0.1160 0.1144 0.1181 0.1082 0.0595 0.1194 0.1199 
         110  1 0.1332 0.1182 0.1267 0.1206 0.1182 0.1259 0.0152 0.1105 0.1316 
         111  1 0.1283 0.1146 0.1203 0.1164 0.1188 0.1278 0.0426 0.1085 0.1227 
         112  1 0.1199 0.1216 0.1292 0.1270 0.1229 0.1208 0.0272 0.1102 0.1212 
         113  1 0.0962 0.1283 0.0885 0.0962 0.1383 0.0965 0.0333 0.2244 0.0983 
         114  1 0.1166 0.1053 0.1165 0.1218 0.1079 0.1130 0.0986 0.0954 0.1249 
         115  1 0.1286 0.1298 0.1203 0.1269 0.1141 0.1390 0.0198 0.0970 0.1244 
         116  1 0.1126 0.1306 0.1204 0.1225 0.1299 0.1238 0.0225 0.1161 0.1216 
         117  1 0.1144 0.1129 0.1208 0.1250 0.1268 0.1225 0.0352 0.1245 0.1180 
         118  1 0.1186 0.1176 0.1276 0.1344 0.1126 0.1125 0.0445 0.1099 0.1224 
         119  1 0.1180 0.1153 0.1282 0.1236 0.1077 0.1291 0.0290 0.1177 0.1312 
         120  1 0.0919 0.1293 0.0818 0.0963 0.1378 0.0987 0.0105 0.2541 0.0996 
         121  1 0.1099 0.1202 0.1309 0.1261 0.1228 0.1238 0.0300 0.1003 0.1360 
         122  1 0.1171 0.1268 0.1461 0.1306 0.1209 0.1263 0.0163 0.0822 0.1336 
         123  1 0.1125 0.1234 0.1222 0.1272 0.1260 0.1253 0.0407 0.1064 0.1163 
         124  1 0.1196 0.1131 0.1349 0.1222 0.1020 0.1129 0.0802 0.0885 0.1267 
         125  1 0.1216 0.1123 0.1089 0.1067 0.1256 0.1153 0.0287 0.1670 0.1139 
         126  1 0.1245 0.1132 0.1178 0.1169 0.1170 0.1237 0.0683 0.1084 0.1103 
         127  1 0.0988 0.1188 0.0969 0.0965 0.1344 0.1003 0.0527 0.2016 0.1000 
         128  1 0.1206 0.1197 0.1145 0.1113 0.1250 0.1251 0.0183 0.1507 0.1147 
         129  1 0.1097 0.1251 0.1254 0.1337 0.1342 0.1228 0.0170 0.1075 0.1245 
         130  1 0.1074 0.1278 0.1020 0.1045 0.1337 0.1119 0.0166 0.1910 0.1051 
         131  1 0.1334 0.1231 0.1321 0.1316 0.1171 0.1150 0.0230 0.0906 0.1341 
         132  1 0.1254 0.1170 0.1304 0.1223 0.1178 0.1144 0.0336 0.1026 0.1365 
         133  1 0.1184 0.1097 0.1226 0.1241 0.1178 0.1177 0.0680 0.1037 0.1180 
         134  1 0.1196 0.1270 0.1189 0.1310 0.1158 0.1120 0.0277 0.1164 0.1317 
         135  1 0.1103 0.1310 0.1027 0.1142 0.1280 0.1278 0.0264 0.1561 0.1036 
         136  1 0.1107 0.1316 0.1257 0.1237 0.1274 0.1252 0.0329 0.1070 0.1159 
         137  1 0.1334 0.1169 0.1193 0.1194 0.1212 0.1310 0.0353 0.1052 0.1183 
         138  1 0.1149 0.1257 0.1187 0.1176 0.1255 0.1367 0.0411 0.1075 0.1123 
         139  1 0.1159 0.1244 0.1287 0.1233 0.1197 0.1310 0.0388 0.1007 0.1175 
         140  1 0.1135 0.1165 0.1202 0.1221 0.1079 0.1229 0.0845 0.0941 0.1183 
         141  1 0.1081 0.1191 0.1114 0.1156 0.1217 0.1255 0.0634 0.1189 0.1162 
         142  1 0.1237 0.1184 0.1268 0.1275 0.1138 0.1285 0.0230 0.0975 0.1408 
         143  1 0.1218 0.1259 0.1408 0.1217 0.1163 0.1200 0.0106 0.1115 0.1314 
         144  1 0.1165 0.1255 0.1360 0.1222 0.1174 0.1256 0.0181 0.1046 0.1341 
         145  1 0.1136 0.1196 0.1015 0.1131 0.1123 0.1102 0.0908 0.1224 0.1164 
         146  1 0.1150 0.1178 0.1195 0.1112 0.1225 0.1160 0.0456 0.1393 0.1132 
         147  1 0.1164 0.1236 0.1177 0.1222 0.1215 0.1130 0.0372 0.1309 0.1175 
         148  1 0.1157 0.1260 0.1238 0.1259 0.1240 0.1290 0.0196 0.1155 0.1205 
         149  1 0.1263 0.1196 0.1158 0.1210 0.1113 0.1266 0.0432 0.1263 0.1099 
         150  1 0.1090 0.1224 0.1063 0.1049 0.1307 0.1033 0.0286 0.1823 0.1125 
         151  1 0.0968 0.1125 0.0923 0.0955 0.1180 0.0943 0.1358 0.1609 0.0938 
         152  1 0.1200 0.1197 0.1045 0.1064 0.1171 0.1223 0.0371 0.1643 0.1086 
         153  1 0.1097 0.1014 0.1117 0.1097 0.0982 0.1098 0.1634 0.0873 0.1087 
         154  1 0.1375 0.1158 0.1275 0.1250 0.1147 0.1193 0.0272 0.0963 0.1367 
         155  1 0.1190 0.1164 0.1217 0.1209 0.1196 0.1190 0.0531 0.1122 0.1183 
         156  1 0.1260 0.1288 0.1189 0.1232 0.1217 0.1275 0.0165 0.1267 0.1107 
         157  1 0.1315 0.1190 0.1279 0.1232 0.1139 0.1394 0.0132 0.1149 0.1171 
         158  1 0.1219 0.1280 0.1149 0.1165 0.1196 0.1110 0.0297 0.1456 0.1127 
         159  1 0.1170 0.1248 0.1145 0.1185 0.1291 0.1172 0.0217 0.1336 0.1235 
         160  1 0.1159 0.1290 0.1152 0.1236 0.1308 0.1270 0.0160 0.1187 0.1237 
         161  1 0.1205 0.1323 0.1038 0.1075 0.1351 0.1147 0.0152 0.1679 0.1029 
         162  1 0.1211 0.1205 0.1170 0.1194 0.1226 0.1196 0.0346 0.1360 0.1093 
         163  1 0.1150 0.1312 0.1124 0.1280 0.1273 0.1395 0.0178 0.1035 0.1252 
         164  1 0.1208 0.1152 0.1240 0.1304 0.1160 0.1348 0.0302 0.1013 0.1272 
         165  1 0.1265 0.1239 0.1296 0.1179 0.1158 0.1269 0.0181 0.1128 0.1285 
         166  1 0.1203 0.1278 0.1257 0.1330 0.1176 0.1341 0.0182 0.1136 0.1097 
         167  1 0.1165 0.1189 0.1202 0.1254 0.1211 0.1184 0.0173 0.1372 0.1250 
         168  1 0.1267 0.1170 0.1279 0.1259 0.1164 0.1402 0.0183 0.1055 0.1221 
         169  1 0.0990 0.1218 0.0911 0.0953 0.1432 0.0902 0.0155 0.2377 0.1063 
         170  1 0.1184 0.1202 0.0992 0.1055 0.1280 0.1078 0.0271 0.1847 0.1089 
         171  1 0.1143 0.1314 0.1113 0.1265 0.1246 0.1276 0.0174 0.1238 0.1230 
         172  1 0.1203 0.1087 0.1278 0.1296 0.1165 0.1271 0.0226 0.1250 0.1224 
         173  1 0.1195 0.1255 0.1247 0.1222 0.1222 0.1315 0.0224 0.1045 0.1274 
         174  1 0.1114 0.1305 0.1141 0.1243 0.1336 0.1093 0.0208 0.1412 0.1148 
         175  1 0.1062 0.1192 0.1176 0.1283 0.1248 0.1232 0.0162 0.1470 0.1175 
         176  1 0.1272 0.1139 0.1256 0.1317 0.1228 0.1293 0.0182 0.1159 0.1155 
         177  1 0.1362 0.1150 0.1116 0.1137 0.1180 0.1216 0.0356 0.1325 0.1158 
         178  1 0.1202 0.1186 0.1254 0.1294 0.1178 0.1234 0.0225 0.1120 0.1307 
         179  1 0.1470 0.1164 0.1220 0.1200 0.1093 0.1262 0.0337 0.1096 0.1158 
         180  1 0.1425 0.1228 0.1129 0.1153 0.1236 0.1377 0.0201 0.1240 0.1011 
         181  1 0.1321 0.1174 0.1203 0.1125 0.1183 0.1265 0.0512 0.1131 0.1085 
         182  1 0.1113 0.1146 0.1153 0.1144 0.1099 0.1197 0.1021 0.1028 0.1100 
         183  1 0.1130 0.1238 0.1140 0.1213 0.1284 0.1404 0.0196 0.1246 0.1149 
         184  1 0.1241 0.1169 0.1147 0.1077 0.1214 0.1189 0.0329 0.1465 0.1169 
         185  1 0.1051 0.1277 0.1120 0.1244 0.1275 0.1078 0.0244 0.1597 0.1114 
         186  1 0.1203 0.1210 0.1146 0.1256 0.1128 0.1130 0.0436 0.1184 0.1306 
         187  1 0.1140 0.1349 0.1207 0.1209 0.1305 0.1336 0.0142 0.1065 0.1247 
         188  1 0.1167 0.1243 0.1117 0.1233 0.1239 0.1247 0.0253 0.1307 0.1195 
         189  1 0.1334 0.1120 0.1157 0.1228 0.1226 0.1236 0.0296 0.1266 0.1138 
         190  1 0.1208 0.1152 0.1234 0.1243 0.1104 0.1161 0.0509 0.1260 0.1129 
         191  1 0.1437 0.1180 0.1119 0.1108 0.1201 0.1434 0.0221 0.1152 0.1147 
         192  1 0.1373 0.1189 0.1135 0.1100 0.1152 0.1312 0.0543 0.1048 0.1147 
         193  1 0.1075 0.1228 0.1146 0.1269 0.1293 0.1199 0.0350 0.1293 0.1147 
         194  1 0.0909 0.0885 0.0920 0.0955 0.0871 0.0928 0.2895 0.0793 0.0844 
         195  1 0.1229 0.1093 0.1480 0.1343 0.1156 0.1212 0.0175 0.0855 0.1457 
         196  1 0.1225 0.1210 0.1129 0.1190 0.1166 0.1275 0.0492 0.1170 0.1143 
         197  1 0.1103 0.1173 0.1038 0.1095 0.1256 0.1094 0.1026 0.1201 0.1014 
         198  1 0.1150 0.1230 0.1194 0.1216 0.1171 0.1294 0.0374 0.1193 0.1176 
         199  1 0.1339 0.1204 0.1052 0.1077 0.1092 0.1127 0.0863 0.1205 0.1041 
         200  1 0.1239 0.1237 0.1142 0.1104 0.1155 0.1272 0.0542 0.1256 0.1054 
         201  1 0.1275 0.1124 0.1303 0.1233 0.1145 0.1358 0.0210 0.1132 0.1219 
         202  1 0.1254 0.1234 0.1145 0.1271 0.1200 0.1221 0.0283 0.1185 0.1208 
         203  1 0.1144 0.1197 0.1262 0.1247 0.1307 0.1281 0.0259 0.1113 0.1189 
         204  1 0.1232 0.1162 0.1401 0.1350 0.1127 0.1227 0.0249 0.0914 0.1337 
         205  1 0.1363 0.1207 0.1156 0.1194 0.1123 0.1205 0.0413 0.1110 0.1229 
         206  1 0.1205 0.1292 0.1109 0.1200 0.1314 0.1255 0.0227 0.1291 0.1107 
         207  1 0.1250 0.1187 0.1087 0.1039 0.1236 0.1056 0.0371 0.1674 0.1100 
         208  1 0.1232 0.1365 0.1264 0.1179 0.1240 0.1262 0.0159 0.1131 0.1169 
         209  1 0.1159 0.1176 0.0956 0.0974 0.1159 0.1048 0.1035 0.1534 0.0960 
         210  1 0.1181 0.1141 0.1297 0.1226 0.1188 0.1267 0.0498 0.0985 0.1217 
         211  1 0.1190 0.1271 0.1193 0.1242 0.1230 0.1241 0.0239 0.1167 0.1226 
         212  1 0.1296 0.1307 0.1221 0.1197 0.1236 0.1266 0.0227 0.1114 0.1137 
         213  1 0.1148 0.1115 0.1141 0.1151 0.1047 0.1063 0.1314 0.0919 0.1103 
         214  1 0.0989 0.1242 0.0849 0.0891 0.1383 0.0923 0.0211 0.2483 0.1028 
         215  1 0.1171 0.1123 0.1130 0.1133 0.1160 0.1164 0.0771 0.1210 0.1138 
         216  1 0.1220 0.1165 0.1258 0.1290 0.1182 0.1257 0.0253 0.1146 0.1229 
         217  1 0.1095 0.1048 0.1252 0.1278 0.1065 0.1152 0.0974 0.0847 0.1290 
         218  1 0.1056 0.1128 0.1066 0.1125 0.1108 0.1075 0.1118 0.1217 0.1105 
         219  1 0.1075 0.1022 0.0966 0.1059 0.1026 0.0993 0.1876 0.1008 0.0975 
         220  1 0.1213 0.1258 0.1102 0.1153 0.1247 0.1271 0.0215 0.1465 0.1075 
         221  1 0.1137 0.1128 0.1266 0.1280 0.1140 0.1200 0.0489 0.1143 0.1218 
         222  1 0.1132 0.1203 0.1099 0.1109 0.1398 0.1155 0.0231 0.1524 0.1149 
         223  1 0.1164 0.1244 0.1285 0.1219 0.1101 0.1200 0.0625 0.0998 0.1163 
         224  1 0.1175 0.1236 0.1145 0.1277 0.1170 0.1311 0.0299 0.1222 0.1165 
         225  1 0.0985 0.1006 0.1009 0.1046 0.0994 0.0942 0.2060 0.0922 0.1037 
         226  1 0.1235 0.1250 0.1446 0.1308 0.1181 0.1260 0.0158 0.0742 0.1420 
