           1  1 0.0240 0.0180 0.0227 0.9352 
           2  1 0.0498 0.7121 0.0433 0.1949 
           3  1 0.1551 0.4958 0.1607 0.1884 
           4  1 0.0388 0.8746 0.0370 0.0496 
           5  1 0.0363 0.7617 0.0345 0.1675 
           6  1 0.0412 0.8565 0.0372 0.0652 
           7  1 0.0410 0.8401 0.0397 0.0792 
           8  1 0.0501 0.8177 0.0460 0.0862 
           9  1 0.0316 0.9032 0.0303 0.0349 
          10  1 0.2611 0.2075 0.2483 0.2831 
          11  1 0.0308 0.9075 0.0261 0.0356 
          12  1 0.0641 0.7099 0.0640 0.1620 
          13  1 0.0290 0.9055 0.0276 0.0378 
          14  1 0.2233 0.3377 0.2256 0.2135 
          15  1 0.0538 0.8091 0.0655 0.0716 
          16  1 0.2032 0.3059 0.2452 0.2456 
          17  1 0.0577 0.7851 0.0600 0.0973 
          18  1 0.1159 0.6288 0.1425 0.1129 
          19  1 0.1181 0.6517 0.1114 0.1188 
          20  1 0.0549 0.7936 0.0494 0.1021 
          21  1 0.0511 0.7282 0.0510 0.1697 
          22  1 0.2475 0.2492 0.2522 0.2511 
          23  1 0.0426 0.6746 0.0383 0.2445 
          24  1 0.0449 0.7581 0.0448 0.1523 
          25  1 0.1191 0.3333 0.1107 0.4369 
          26  1 0.0918 0.7153 0.0880 0.1049 
          27  1 0.0922 0.6379 0.0810 0.1889 
          28  1 0.2509 0.2166 0.2426 0.2900 
          29  1 0.0588 0.7641 0.0597 0.1174 
          30  1 0.0379 0.7824 0.0350 0.1447 
          31  1 0.0264 0.9108 0.0246 0.0382 
          32  1 0.0761 0.6583 0.0668 0.1987 
          33  1 0.0804 0.6896 0.0790 0.1510 
          34  1 0.0585 0.7635 0.0608 0.1171 
          35  1 0.1454 0.5072 0.1511 0.1964 
          36  1 0.1509 0.3983 0.1753 0.2755 
          37  1 0.2513 0.2631 0.2322 0.2534 
          38  1 0.3497 0.0973 0.3497 0.2033 
          39  1 0.0328 0.8800 0.0312 0.0561 
          40  1 0.0428 0.8323 0.0408 0.0841 
          41  1 0.1369 0.5400 0.1354 0.1877 
          42  1 0.0498 0.8328 0.0445 0.0729 
          43  1 0.0761 0.2005 0.0787 0.6446 
          44  1 0.0836 0.7488 0.0721 0.0955 
          45  1 0.0468 0.6536 0.0468 0.2528 
          46  1 0.1808 0.4075 0.1596 0.2521 
          47  1 0.2501 0.3124 0.1936 0.2440 
          48  1 0.0567 0.5477 0.0580 0.3375 
          49  1 0.2865 0.1476 0.2646 0.3013 
          50  1 0.3100 0.1776 0.2772 0.2351 
          51  1 0.3700 0.0700 0.3107 0.2494 
          52  1 0.2940 0.0484 0.2835 0.3741 
          53  1 0.3508 0.0802 0.3997 0.1693 
          54  1 0.3964 0.0486 0.4215 0.1335 
          55  1 0.3034 0.1810 0.2781 0.2376 
          56  1 0.3460 0.0182 0.4162 0.2196 
          57  1 0.3928 0.0542 0.3184 0.2346 
          58  1 0.2917 0.1213 0.2264 0.3606 
          59  1 0.3174 0.1194 0.4112 0.1520 
          60  1 0.3341 0.0458 0.3596 0.2605 
          61  1 0.3456 0.0655 0.2975 0.2914 
          62  1 0.2595 0.2032 0.2155 0.3218 
          63  1 0.1774 0.1622 0.1526 0.5078 
          64  1 0.3633 0.0558 0.3542 0.2268 
          65  1 0.3242 0.0503 0.2931 0.3324 
          66  1 0.2685 0.2075 0.2837 0.2403 
          67  1 0.3508 0.0643 0.2838 0.3011 
          68  1 0.3705 0.0277 0.3688 0.2330 
          69  1 0.4301 0.0373 0.3878 0.1448 
          70  1 0.4345 0.0239 0.3486 0.1931 
          71  1 0.2769 0.2252 0.3137 0.1842 
          72  1 0.4203 0.0282 0.4278 0.1238 
          73  1 0.4310 0.0340 0.3423 0.1927 
          74  1 0.3511 0.0522 0.4053 0.1914 
          75  1 0.3685 0.0562 0.3558 0.2195 
          76  1 0.4332 0.0256 0.3800 0.1612 
          77  1 0.3208 0.0539 0.3516 0.2737 
          78  1 0.2463 0.0331 0.3109 0.4097 
          79  1 0.4518 0.0367 0.3772 0.1343 
          80  1 0.2533 0.0640 0.3085 0.3742 
          81  1 0.3791 0.0495 0.3275 0.2439 
          82  1 0.2413 0.1394 0.2888 0.3305 
          83  1 0.3440 0.0335 0.3467 0.2757 
          84  1 0.3227 0.0486 0.3168 0.3119 
          85  1 0.1585 0.5055 0.1590 0.1769 
          86  1 0.1618 0.4681 0.1760 0.1940 
          87  1 0.2484 0.2611 0.3386 0.1520 
          88  1 0.3683 0.0447 0.4543 0.1326 
          89  1 0.3587 0.0533 0.3569 0.2311 
          90  1 0.4036 0.0586 0.3493 0.1886 
          91  1 0.2783 0.1083 0.3123 0.3011 
          92  1 0.2238 0.2600 0.2305 0.2857 
          93  1 0.3970 0.0447 0.3308 0.2275 
          94  1 0.2069 0.4229 0.1859 0.1842 
          95  1 0.4164 0.0463 0.3661 0.1712 
          96  1 0.3716 0.0621 0.4706 0.0957 
          97  1 0.2544 0.2303 0.2532 0.2621 
          98  1 0.2677 0.2388 0.3150 0.1785 
          99  1 0.2427 0.1230 0.2403 0.3940 
         100  1 0.1012 0.6449 0.1055 0.1485 
         101  1 0.2924 0.1372 0.2686 0.3019 
         102  1 0.3374 0.0441 0.4195 0.1990 
         103  1 0.3343 0.0792 0.3393 0.2473 
         104  1 0.3237 0.0404 0.2881 0.3477 
         105  1 0.2813 0.2034 0.2534 0.2619 
         106  1 0.1863 0.2564 0.1841 0.3732 
         107  1 0.0905 0.7035 0.0947 0.1112 
         108  1 0.3564 0.0426 0.4553 0.1457 
         109  1 0.1838 0.3214 0.1895 0.3053 
         110  1 0.2567 0.0353 0.2636 0.4445 
         111  1 0.3804 0.0665 0.3101 0.2430 
         112  1 0.3379 0.0586 0.3445 0.2591 
         113  1 0.3734 0.0624 0.4534 0.1109 
         114  1 0.1340 0.4391 0.1535 0.2734 
         115  1 0.3391 0.0673 0.2567 0.3369 
         116  1 0.4069 0.0440 0.3612 0.1879 
         117  1 0.3684 0.0837 0.3437 0.2041 
         118  1 0.2470 0.1441 0.2485 0.3603 
         119  1 0.2941 0.0967 0.2918 0.3174 
         120  1 0.4021 0.0212 0.5069 0.0697 
         121  1 0.2591 0.0959 0.2682 0.3767 
         122  1 0.2387 0.0385 0.2073 0.5156 
         123  1 0.3845 0.0854 0.3152 0.2149 
         124  1 0.1961 0.2130 0.1664 0.4245 
         125  1 0.3281 0.0722 0.4229 0.1768 
         126  1 0.2457 0.2940 0.2241 0.2363 
         127  1 0.2876 0.2050 0.3600 0.1475 
         128  1 0.3432 0.0390 0.4227 0.1951 
         129  1 0.3507 0.0422 0.3486 0.2585 
         130  1 0.3638 0.0447 0.4510 0.1405 
         131  1 0.2707 0.0436 0.2186 0.4671 
         132  1 0.1866 0.1360 0.2051 0.4723 
         133  1 0.3153 0.1884 0.2533 0.2431 
         134  1 0.2875 0.0778 0.2848 0.3498 
         135  1 0.3923 0.0633 0.4138 0.1306 
         136  1 0.3806 0.0809 0.3228 0.2157 
         137  1 0.2744 0.0985 0.2836 0.3435 
         138  1 0.3326 0.1197 0.2716 0.2761 
         139  1 0.3806 0.0726 0.2981 0.2487 
         140  1 0.3205 0.1645 0.2548 0.2602 
         141  1 0.2648 0.2454 0.2741 0.2157 
         142  1 0.1841 0.0714 0.1728 0.5716 
         143  1 0.3300 0.0254 0.3043 0.3403 
         144  1 0.3466 0.0382 0.2950 0.3202 
         145  1 0.2158 0.3809 0.2313 0.1719 
         146  1 0.2898 0.1308 0.3261 0.2533 
         147  1 0.3117 0.1122 0.3169 0.2591 
         148  1 0.3818 0.0441 0.3443 0.2298 
         149  1 0.3151 0.1232 0.3503 0.2114 
         150  1 0.3619 0.0585 0.4392 0.1403 
         151  1 0.2250 0.3025 0.3058 0.1668 
         152  1 0.3455 0.0756 0.4300 0.1490 
         153  1 0.1022 0.5739 0.1107 0.2132 
         154  1 0.2726 0.0715 0.2601 0.3958 
         155  1 0.3330 0.1562 0.3022 0.2086 
         156  1 0.4171 0.0427 0.3468 0.1934 
         157  1 0.3524 0.0259 0.3673 0.2544 
         158  1 0.2785 0.1386 0.3372 0.2456 
         159  1 0.2910 0.0746 0.3561 0.2782 
         160  1 0.4174 0.0364 0.3457 0.2005 
         161  1 0.4200 0.0315 0.4375 0.1109 
         162  1 0.3285 0.1363 0.3311 0.2041 
         163  1 0.4210 0.0346 0.3159 0.2285 
         164  1 0.3071 0.0718 0.2867 0.3344 
         165  1 0.3812 0.0415 0.3076 0.2698 
         166  1 0.4427 0.0335 0.3574 0.1664 
         167  1 0.3461 0.0372 0.3728 0.2439 
         168  1 0.3676 0.0404 0.3234 0.2686 
         169  1 0.3981 0.0342 0.4685 0.0992 
         170  1 0.3690 0.0690 0.4068 0.1553 
         171  1 0.3964 0.0336 0.3514 0.2186 
         172  1 0.3330 0.0480 0.3732 0.2458 
         173  1 0.3913 0.0438 0.3202 0.2447 
         174  1 0.3561 0.0473 0.3761 0.2204 
         175  1 0.3675 0.0343 0.3880 0.2102 
         176  1 0.3355 0.0443 0.3837 0.2366 
         177  1 0.3341 0.0876 0.3529 0.2254 
         178  1 0.2388 0.0596 0.3041 0.3976 
         179  1 0.3568 0.0857 0.2813 0.2762 
         180  1 0.3904 0.0492 0.3348 0.2256 
         181  1 0.2701 0.1598 0.2606 0.3095 
         182  1 0.2154 0.3528 0.2124 0.2195 
         183  1 0.3165 0.0555 0.3877 0.2403 
         184  1 0.3350 0.0983 0.3851 0.1816 
         185  1 0.3623 0.0475 0.4155 0.1747 
         186  1 0.2636 0.1430 0.2866 0.3067 
         187  1 0.4546 0.0270 0.3514 0.1671 
         188  1 0.3048 0.0751 0.3878 0.2323 
         189  1 0.2704 0.1599 0.3123 0.2574 
         190  1 0.2944 0.1510 0.3107 0.2439 
         191  1 0.3905 0.0462 0.3315 0.2318 
         192  1 0.3273 0.0914 0.3191 0.2622 
         193  1 0.3154 0.1401 0.2945 0.2500 
         194  1 0.1408 0.5535 0.1386 0.1671 
         195  1 0.1958 0.0605 0.1827 0.5610 
         196  1 0.3328 0.1060 0.3522 0.2089 
         197  1 0.2615 0.2861 0.2661 0.1863 
         198  1 0.3471 0.1117 0.3361 0.2051 
         199  1 0.2814 0.2078 0.3225 0.1883 
         200  1 0.2191 0.2846 0.2736 0.2227 
         201  1 0.2868 0.0459 0.3020 0.3653 
         202  1 0.2761 0.1556 0.2847 0.2836 
         203  1 0.3522 0.0621 0.3412 0.2445 
         204  1 0.1390 0.1510 0.1479 0.5621 
         205  1 0.3003 0.1757 0.2611 0.2629 
         206  1 0.3821 0.0560 0.3396 0.2223 
         207  1 0.3122 0.1041 0.3777 0.2061 
         208  1 0.4184 0.0292 0.3265 0.2259 
         209  1 0.2151 0.3714 0.2754 0.1381 
         210  1 0.2280 0.1374 0.2540 0.3807 
         211  1 0.3681 0.0524 0.3012 0.2783 
         212  1 0.3840 0.0537 0.3262 0.2362 
         213  1 0.1000 0.6234 0.1026 0.1740 
         214  1 0.3716 0.0534 0.4660 0.1089 
         215  1 0.3107 0.1596 0.2832 0.2465 
         216  1 0.2684 0.1468 0.2838 0.3010 
         217  1 0.2045 0.2095 0.1895 0.3965 
         218  1 0.2484 0.2948 0.2372 0.2196 
         219  1 0.2039 0.4298 0.1881 0.1782 
         220  1 0.3782 0.0465 0.4090 0.1663 
         221  1 0.2951 0.1591 0.3080 0.2378 
         222  1 0.3726 0.0543 0.3888 0.1843 
         223  1 0.3143 0.1501 0.2621 0.2735 
         224  1 0.3861 0.0603 0.3672 0.1863 
         225  1 0.2064 0.4337 0.1983 0.1616 
         226  1 0.1856 0.0438 0.1557 0.6149 
