           1  1 0.0970 0.1396 0.1542 0.1536 0.0094 0.0657 0.1011 0.0818 0.1053 0.0923 
           2  1 0.0405 0.0434 0.0473 0.0484 0.6432 0.0326 0.0381 0.0342 0.0384 0.0338 
           3  1 0.0840 0.0877 0.0805 0.0845 0.2260 0.0864 0.0882 0.0887 0.0865 0.0875 
           4  1 0.0282 0.0281 0.0278 0.0290 0.7537 0.0271 0.0271 0.0252 0.0268 0.0270 
           5  1 0.0736 0.0898 0.0868 0.0948 0.3367 0.0576 0.0688 0.0569 0.0705 0.0645 
           6  1 0.0311 0.0319 0.0316 0.0333 0.7210 0.0297 0.0314 0.0289 0.0314 0.0298 
           7  1 0.0507 0.0549 0.0563 0.0550 0.5384 0.0462 0.0535 0.0476 0.0494 0.0480 
           8  1 0.0665 0.0662 0.0666 0.0681 0.4148 0.0611 0.0667 0.0627 0.0602 0.0672 
           9  1 0.0280 0.0273 0.0272 0.0256 0.7517 0.0297 0.0277 0.0278 0.0282 0.0268 
          10  1 0.0950 0.1028 0.1040 0.1031 0.1071 0.0980 0.0983 0.0959 0.1021 0.0937 
          11  1 0.0256 0.0258 0.0252 0.0247 0.7665 0.0264 0.0262 0.0267 0.0263 0.0266 
          12  1 0.0844 0.0935 0.0885 0.0913 0.2203 0.0800 0.0850 0.0841 0.0895 0.0834 
          13  1 0.0234 0.0245 0.0230 0.0240 0.7849 0.0226 0.0256 0.0232 0.0250 0.0237 
          14  1 0.0979 0.1035 0.0937 0.0936 0.0795 0.1107 0.1015 0.1050 0.1039 0.1108 
          15  1 0.0436 0.0442 0.0383 0.0393 0.6162 0.0438 0.0424 0.0445 0.0438 0.0440 
          16  1 0.1066 0.1039 0.1032 0.0970 0.0724 0.0986 0.0960 0.1124 0.1075 0.1025 
          17  1 0.0864 0.0755 0.0744 0.0716 0.2761 0.0794 0.0829 0.0893 0.0778 0.0866 
          18  1 0.1029 0.0823 0.0808 0.0753 0.1312 0.1068 0.1036 0.1147 0.0954 0.1071 
          19  1 0.0683 0.0647 0.0675 0.0688 0.4057 0.0658 0.0713 0.0612 0.0612 0.0655 
          20  1 0.0741 0.0769 0.0754 0.0720 0.3524 0.0683 0.0696 0.0689 0.0707 0.0718 
          21  1 0.0786 0.0901 0.0881 0.0945 0.2963 0.0670 0.0726 0.0661 0.0754 0.0712 
          22  1 0.0997 0.0992 0.1011 0.1013 0.1005 0.0999 0.1003 0.0991 0.0998 0.0991 
          23  1 0.0690 0.0810 0.0817 0.0839 0.3808 0.0551 0.0681 0.0560 0.0670 0.0573 
          24  1 0.0472 0.0487 0.0527 0.0528 0.5868 0.0399 0.0426 0.0424 0.0449 0.0419 
          25  1 0.0974 0.1086 0.1154 0.1177 0.1035 0.0865 0.0986 0.0859 0.0956 0.0908 
          26  1 0.0746 0.0677 0.0675 0.0696 0.3217 0.0930 0.0803 0.0751 0.0738 0.0766 
          27  1 0.0568 0.0644 0.0662 0.0690 0.4512 0.0629 0.0628 0.0533 0.0598 0.0535 
          28  1 0.1039 0.1055 0.1085 0.1072 0.0552 0.1040 0.1056 0.0996 0.1095 0.1011 
          29  1 0.0457 0.0473 0.0478 0.0473 0.5860 0.0429 0.0460 0.0456 0.0465 0.0449 
          30  1 0.0588 0.0594 0.0606 0.0565 0.4926 0.0475 0.0576 0.0537 0.0583 0.0550 
          31  1 0.0196 0.0197 0.0201 0.0198 0.8237 0.0184 0.0196 0.0202 0.0195 0.0193 
          32  1 0.0760 0.0767 0.0888 0.0853 0.3228 0.0689 0.0749 0.0646 0.0731 0.0689 
          33  1 0.0642 0.0657 0.0687 0.0663 0.4270 0.0599 0.0631 0.0609 0.0617 0.0624 
          34  1 0.0869 0.0864 0.0870 0.0848 0.2691 0.0695 0.0810 0.0799 0.0787 0.0768 
          35  1 0.0876 0.0918 0.0897 0.0925 0.1932 0.0850 0.0905 0.0904 0.0902 0.0890 
          36  1 0.1035 0.0955 0.1004 0.0967 0.0792 0.0993 0.1009 0.1115 0.1037 0.1093 
          37  1 0.0991 0.1019 0.1020 0.0996 0.0935 0.1047 0.1045 0.1005 0.0982 0.0961 
          38  1 0.1051 0.0979 0.1028 0.1050 0.0429 0.1117 0.1019 0.1161 0.1056 0.1112 
          39  1 0.0448 0.0427 0.0404 0.0420 0.6112 0.0488 0.0421 0.0461 0.0410 0.0408 
          40  1 0.0416 0.0445 0.0445 0.0449 0.6247 0.0394 0.0403 0.0387 0.0420 0.0393 
          41  1 0.0984 0.0979 0.0947 0.0952 0.1094 0.0935 0.1013 0.1027 0.1017 0.1051 
          42  1 0.0657 0.0664 0.0682 0.0658 0.4188 0.0634 0.0618 0.0629 0.0672 0.0597 
          43  1 0.1109 0.1231 0.1267 0.1278 0.0714 0.0753 0.0958 0.0852 0.0966 0.0872 
          44  1 0.0463 0.0499 0.0496 0.0488 0.5599 0.0514 0.0503 0.0488 0.0476 0.0473 
          45  1 0.0702 0.0783 0.0793 0.0775 0.3714 0.0561 0.0682 0.0634 0.0694 0.0662 
          46  1 0.0931 0.1006 0.0991 0.0978 0.1449 0.0937 0.0965 0.0913 0.0930 0.0900 
          47  1 0.0952 0.1031 0.1026 0.1034 0.1038 0.1037 0.1037 0.0949 0.0932 0.0965 
          48  1 0.0901 0.0950 0.0971 0.0968 0.2323 0.0688 0.0867 0.0741 0.0842 0.0750 
          49  1 0.0993 0.1164 0.0985 0.0958 0.0368 0.1130 0.1056 0.1123 0.1091 0.1132 
          50  1 0.0944 0.1045 0.1040 0.1042 0.0411 0.1151 0.1054 0.1128 0.1097 0.1089 
          51  1 0.0995 0.1208 0.0980 0.0893 0.0234 0.1313 0.0975 0.1225 0.1025 0.1152 
          52  1 0.1100 0.1125 0.1118 0.1278 0.0178 0.1007 0.1144 0.0964 0.1059 0.1027 
          53  1 0.1076 0.1077 0.1020 0.1049 0.0410 0.0987 0.1075 0.1087 0.1112 0.1108 
          54  1 0.1047 0.1039 0.0962 0.0976 0.0239 0.1167 0.1100 0.1148 0.1132 0.1189 
          55  1 0.0982 0.1032 0.1022 0.1134 0.0847 0.1013 0.1033 0.0981 0.0996 0.0960 
          56  1 0.1218 0.0964 0.1226 0.0987 0.0101 0.1116 0.0979 0.1125 0.1083 0.1200 
          57  1 0.1028 0.1148 0.1046 0.0980 0.0243 0.1248 0.0999 0.1175 0.1046 0.1085 
          58  1 0.1103 0.1089 0.1163 0.1186 0.0533 0.0990 0.1047 0.0931 0.1004 0.0956 
          59  1 0.1051 0.0894 0.1014 0.0924 0.0469 0.1015 0.1073 0.1170 0.1185 0.1207 
          60  1 0.1068 0.1119 0.1125 0.1000 0.0236 0.1020 0.1124 0.1069 0.1091 0.1149 
          61  1 0.1027 0.1175 0.1144 0.1135 0.0216 0.1006 0.1135 0.1049 0.1084 0.1030 
          62  1 0.1080 0.1104 0.1097 0.1111 0.0453 0.1051 0.1043 0.0971 0.1072 0.1017 
          63  1 0.1027 0.1047 0.1179 0.1197 0.1166 0.0811 0.0888 0.0856 0.0972 0.0857 
          64  1 0.1072 0.1119 0.1065 0.1014 0.0187 0.1247 0.1111 0.1067 0.1067 0.1050 
          65  1 0.0996 0.1096 0.1175 0.1201 0.0303 0.1074 0.1052 0.0994 0.1064 0.1045 
          66  1 0.1126 0.0979 0.1005 0.0994 0.0446 0.1139 0.1055 0.1155 0.1037 0.1064 
          67  1 0.1093 0.1105 0.1099 0.1096 0.0264 0.1077 0.1116 0.1083 0.1071 0.0996 
          68  1 0.1071 0.1134 0.1057 0.1124 0.0110 0.1015 0.1125 0.1092 0.1116 0.1155 
          69  1 0.1021 0.1032 0.0919 0.0983 0.0147 0.1475 0.1139 0.1143 0.1024 0.1118 
          70  1 0.1002 0.1078 0.1086 0.1174 0.0137 0.1129 0.1132 0.1181 0.1026 0.1055 
          71  1 0.1015 0.0995 0.1017 0.0971 0.0771 0.0984 0.1035 0.1065 0.1056 0.1091 
          72  1 0.1061 0.1044 0.1016 0.1030 0.0157 0.1195 0.1099 0.1155 0.1117 0.1126 
          73  1 0.1005 0.1022 0.1036 0.1200 0.0149 0.1216 0.1135 0.1064 0.1060 0.1112 
          74  1 0.1070 0.1118 0.1028 0.1060 0.0276 0.0971 0.1128 0.1105 0.1076 0.1169 
          75  1 0.1106 0.1090 0.1146 0.1179 0.0234 0.1001 0.1146 0.0990 0.1080 0.1028 
          76  1 0.1047 0.1110 0.1042 0.1009 0.0141 0.1233 0.1137 0.1155 0.0989 0.1136 
          77  1 0.1044 0.1149 0.1114 0.1207 0.0163 0.1017 0.1072 0.1032 0.1106 0.1097 
          78  1 0.1117 0.1175 0.1241 0.1033 0.0160 0.1025 0.0993 0.0981 0.1157 0.1117 
          79  1 0.1050 0.0893 0.1034 0.1025 0.0218 0.1419 0.1196 0.1121 0.0967 0.1078 
          80  1 0.1082 0.1113 0.1187 0.1255 0.0197 0.1009 0.1097 0.0968 0.1076 0.1017 
          81  1 0.0955 0.1216 0.1128 0.1144 0.0241 0.1033 0.1155 0.1048 0.1028 0.1051 
          82  1 0.1037 0.1002 0.1037 0.1049 0.0662 0.0955 0.1030 0.1044 0.1037 0.1147 
          83  1 0.1077 0.1097 0.1106 0.1105 0.0183 0.1105 0.1118 0.1092 0.1035 0.1083 
          84  1 0.1046 0.1081 0.1127 0.1111 0.0180 0.1050 0.1099 0.1063 0.1100 0.1142 
          85  1 0.0986 0.0967 0.0907 0.0933 0.1404 0.0906 0.0995 0.0962 0.0986 0.0954 
          86  1 0.0909 0.0858 0.0865 0.0816 0.2192 0.0797 0.0913 0.0880 0.0884 0.0886 
          87  1 0.1156 0.0848 0.0847 0.0767 0.0636 0.1067 0.0952 0.1340 0.1229 0.1157 
          88  1 0.1111 0.0870 0.0954 0.0895 0.0319 0.1218 0.0970 0.1307 0.1154 0.1201 
          89  1 0.1084 0.1155 0.1079 0.1023 0.0229 0.1127 0.1100 0.1082 0.1046 0.1075 
          90  1 0.1001 0.0986 0.0999 0.1024 0.0236 0.1328 0.1122 0.1138 0.1090 0.1077 
          91  1 0.1022 0.1125 0.1140 0.1145 0.0450 0.0941 0.1078 0.0974 0.1071 0.1052 
          92  1 0.1030 0.1099 0.1072 0.1112 0.0387 0.1059 0.1061 0.1015 0.1039 0.1127 
          93  1 0.1045 0.1020 0.1031 0.1093 0.0263 0.1094 0.1145 0.1063 0.1189 0.1058 
          94  1 0.1020 0.0981 0.1089 0.0949 0.1020 0.1031 0.1037 0.0951 0.0947 0.0974 
          95  1 0.1075 0.0979 0.1084 0.1081 0.0197 0.1335 0.1114 0.1027 0.1063 0.1045 
          96  1 0.1237 0.0853 0.0820 0.0655 0.0236 0.1244 0.0922 0.1431 0.1276 0.1326 
          97  1 0.0948 0.1001 0.0827 0.0803 0.1436 0.1015 0.0899 0.1115 0.0935 0.1021 
          98  1 0.1093 0.1049 0.1025 0.0987 0.0624 0.0973 0.1028 0.1074 0.1098 0.1050 
          99  1 0.0989 0.1181 0.1102 0.1169 0.0412 0.0952 0.1075 0.1006 0.1080 0.1035 
         100  1 0.1058 0.0932 0.0890 0.0960 0.1158 0.0923 0.1046 0.1004 0.0975 0.1054 
         101  1 0.1020 0.1120 0.1019 0.1139 0.0536 0.1009 0.1036 0.1000 0.1096 0.1026 
         102  1 0.1080 0.1071 0.1068 0.1094 0.0147 0.1190 0.1018 0.1078 0.1110 0.1144 
         103  1 0.1000 0.1060 0.1088 0.0990 0.0453 0.1114 0.1028 0.1096 0.1060 0.1111 
         104  1 0.1015 0.1207 0.1200 0.1256 0.0207 0.1008 0.1066 0.0978 0.0990 0.1074 
         105  1 0.1002 0.1070 0.0994 0.1138 0.0901 0.0976 0.1010 0.0889 0.0973 0.1048 
         106  1 0.0998 0.1099 0.1172 0.1236 0.0508 0.0933 0.1038 0.0924 0.1088 0.1003 
         107  1 0.0818 0.0876 0.0849 0.0837 0.2357 0.0843 0.0816 0.0832 0.0834 0.0937 
         108  1 0.1270 0.0790 0.0919 0.0857 0.0130 0.1243 0.0920 0.1334 0.1291 0.1247 
         109  1 0.1125 0.0998 0.1081 0.1018 0.0454 0.1075 0.1046 0.1121 0.1010 0.1070 
         110  1 0.1105 0.1145 0.1139 0.1144 0.0146 0.1001 0.1018 0.1114 0.1096 0.1093 
         111  1 0.1036 0.1022 0.1062 0.1054 0.0422 0.1143 0.1079 0.1008 0.1072 0.1102 
         112  1 0.1059 0.1144 0.1128 0.1100 0.0256 0.1026 0.1068 0.1050 0.1111 0.1058 
         113  1 0.1124 0.0862 0.0975 0.0828 0.0326 0.1201 0.0988 0.1336 0.1145 0.1215 
         114  1 0.1053 0.1088 0.1052 0.1032 0.0852 0.0910 0.1006 0.0998 0.1014 0.0995 
         115  1 0.1051 0.1034 0.1064 0.1201 0.0188 0.1076 0.1124 0.1105 0.1144 0.1012 
         116  1 0.1109 0.1070 0.1027 0.1054 0.0215 0.1201 0.1111 0.1071 0.1033 0.1109 
         117  1 0.1068 0.0999 0.1070 0.1043 0.0362 0.1109 0.1082 0.1120 0.1058 0.1088 
         118  1 0.1122 0.1125 0.1070 0.1112 0.0404 0.0967 0.1095 0.0940 0.1110 0.1054 
         119  1 0.1055 0.1181 0.1056 0.1194 0.0298 0.0990 0.1086 0.0995 0.1137 0.1009 
         120  1 0.1343 0.0772 0.0863 0.0731 0.0104 0.1306 0.0879 0.1438 0.1304 0.1259 
         121  1 0.1076 0.1195 0.1155 0.1212 0.0266 0.0934 0.1150 0.0944 0.1062 0.1006 
         122  1 0.1091 0.1172 0.1171 0.1187 0.0161 0.1054 0.1038 0.0998 0.1170 0.0959 
         123  1 0.0937 0.1057 0.1076 0.1099 0.0397 0.1123 0.1056 0.1067 0.1074 0.1115 
         124  1 0.0953 0.1095 0.1148 0.1143 0.0783 0.1042 0.0952 0.0965 0.0958 0.0961 
         125  1 0.1148 0.1007 0.0997 0.0897 0.0263 0.1093 0.1027 0.1133 0.1213 0.1221 
         126  1 0.1000 0.1081 0.1010 0.1050 0.0613 0.1039 0.1074 0.1021 0.1055 0.1058 
         127  1 0.1180 0.0894 0.0860 0.0749 0.0479 0.1120 0.0984 0.1291 0.1217 0.1225 
         128  1 0.1109 0.1055 0.1046 0.1039 0.0188 0.1117 0.1002 0.1153 0.1151 0.1139 
         129  1 0.1037 0.1090 0.1055 0.1194 0.0163 0.1149 0.1097 0.1033 0.1116 0.1066 
         130  1 0.1187 0.0896 0.0953 0.0883 0.0161 0.1170 0.0970 0.1289 0.1198 0.1293 
         131  1 0.1007 0.1189 0.1248 0.1174 0.0220 0.1010 0.1011 0.0972 0.1092 0.1078 
         132  1 0.1056 0.1136 0.1182 0.1142 0.0292 0.0967 0.1084 0.0993 0.1057 0.1091 
         133  1 0.1018 0.1030 0.1075 0.1110 0.0601 0.1078 0.1058 0.0987 0.1008 0.1033 
         134  1 0.1100 0.1169 0.1137 0.1198 0.0236 0.0997 0.1107 0.0975 0.1075 0.1005 
         135  1 0.1133 0.0890 0.0968 0.0954 0.0280 0.1194 0.1089 0.1225 0.1108 0.1160 
         136  1 0.1065 0.1027 0.1048 0.1038 0.0313 0.1195 0.1110 0.1139 0.1066 0.0999 
         137  1 0.1050 0.1117 0.1084 0.1064 0.0344 0.1079 0.1024 0.1112 0.1048 0.1079 
         138  1 0.1061 0.1060 0.1009 0.1071 0.0403 0.1234 0.1054 0.1024 0.1072 0.1012 
         139  1 0.1062 0.1023 0.1022 0.1115 0.0394 0.1253 0.1031 0.1049 0.1056 0.0997 
         140  1 0.1029 0.0976 0.1061 0.1073 0.0765 0.1130 0.1030 0.1015 0.0965 0.0955 
         141  1 0.0990 0.0993 0.1014 0.0973 0.0582 0.1142 0.1100 0.1081 0.1042 0.1084 
         142  1 0.1061 0.1158 0.1167 0.1250 0.0201 0.0945 0.1108 0.0978 0.1088 0.1046 
         143  1 0.1113 0.1099 0.1140 0.1238 0.0106 0.1090 0.1130 0.1029 0.1061 0.0993 
         144  1 0.1095 0.1073 0.1104 0.1220 0.0182 0.1056 0.1126 0.1033 0.1100 0.1012 
         145  1 0.1098 0.0986 0.0996 0.1047 0.0705 0.1019 0.1054 0.0974 0.1018 0.1103 
         146  1 0.0996 0.0986 0.1000 0.1096 0.0398 0.1063 0.0986 0.1147 0.1121 0.1207 
         147  1 0.1069 0.1146 0.1069 0.1046 0.0349 0.1022 0.1130 0.1013 0.1072 0.1082 
         148  1 0.1137 0.1092 0.0987 0.1154 0.0193 0.1114 0.1174 0.1032 0.1074 0.1043 
         149  1 0.1062 0.0977 0.1072 0.1013 0.0409 0.1004 0.1124 0.1090 0.1121 0.1127 
         150  1 0.1192 0.0947 0.0966 0.0900 0.0282 0.1130 0.1069 0.1216 0.1155 0.1142 
         151  1 0.0999 0.0853 0.0858 0.0822 0.1315 0.0954 0.0881 0.1181 0.1065 0.1073 
         152  1 0.1151 0.1012 0.0967 0.0934 0.0358 0.1051 0.0990 0.1198 0.1152 0.1187 
         153  1 0.0984 0.0970 0.0904 0.1007 0.1412 0.0941 0.0908 0.1006 0.0959 0.0909 
         154  1 0.1060 0.1135 0.1154 0.1169 0.0242 0.0970 0.1041 0.1087 0.1106 0.1038 
         155  1 0.1055 0.1063 0.1092 0.1098 0.0481 0.1107 0.1159 0.0953 0.0996 0.0998 
         156  1 0.1040 0.1078 0.1031 0.1130 0.0165 0.1257 0.1125 0.1060 0.1042 0.1071 
         157  1 0.1147 0.1084 0.1071 0.1080 0.0132 0.1117 0.1077 0.1080 0.1085 0.1127 
         158  1 0.1142 0.0998 0.1015 0.1018 0.0270 0.1109 0.1054 0.1159 0.1101 0.1135 
         159  1 0.1114 0.1017 0.1092 0.1124 0.0200 0.1074 0.1101 0.1068 0.1100 0.1111 
         160  1 0.1070 0.1063 0.1096 0.1106 0.0159 0.1169 0.1163 0.1105 0.1102 0.0967 
         161  1 0.1135 0.0975 0.0990 0.0905 0.0152 0.1254 0.1085 0.1194 0.1118 0.1192 
         162  1 0.1128 0.1047 0.1002 0.0952 0.0326 0.1225 0.1117 0.1124 0.1033 0.1047 
         163  1 0.1031 0.0993 0.0967 0.1189 0.0191 0.1277 0.1130 0.1094 0.1068 0.1059 
         164  1 0.1112 0.1110 0.1135 0.1123 0.0296 0.1042 0.1100 0.0978 0.1100 0.1003 
         165  1 0.1037 0.1132 0.1059 0.1171 0.0174 0.1093 0.1139 0.1083 0.1088 0.1025 
         166  1 0.1020 0.1079 0.1127 0.1166 0.0174 0.1243 0.1099 0.1008 0.1038 0.1046 
         167  1 0.1121 0.1149 0.1085 0.1123 0.0170 0.1050 0.1086 0.1016 0.1090 0.1110 
         168  1 0.1128 0.1127 0.1082 0.1120 0.0189 0.1023 0.1135 0.1003 0.1154 0.1037 
         169  1 0.1257 0.0926 0.0968 0.0737 0.0153 0.1280 0.0980 0.1351 0.1148 0.1200 
         170  1 0.1080 0.0963 0.0964 0.0871 0.0253 0.1268 0.1079 0.1278 0.1071 0.1171 
         171  1 0.1098 0.1048 0.1068 0.1074 0.0173 0.1180 0.1079 0.1108 0.1143 0.1028 
         172  1 0.1157 0.1079 0.1082 0.1114 0.0230 0.0994 0.1076 0.1015 0.1129 0.1123 
         173  1 0.1084 0.1024 0.1127 0.1136 0.0224 0.1068 0.1153 0.1053 0.1060 0.1070 
         174  1 0.1047 0.1056 0.1021 0.1134 0.0204 0.1130 0.1146 0.1088 0.1027 0.1147 
         175  1 0.1176 0.1052 0.1036 0.1017 0.0162 0.1062 0.1057 0.1139 0.1146 0.1153 
         176  1 0.1118 0.1119 0.1063 0.1089 0.0171 0.1058 0.1076 0.1047 0.1198 0.1061 
         177  1 0.1001 0.1059 0.1010 0.1002 0.0349 0.1143 0.1096 0.1104 0.1116 0.1118 
         178  1 0.1101 0.1097 0.1205 0.1059 0.0216 0.1003 0.1049 0.1049 0.1080 0.1140 
         179  1 0.1040 0.1099 0.1112 0.1115 0.0350 0.1102 0.1044 0.1136 0.0960 0.1042 
         180  1 0.0984 0.1221 0.0956 0.0965 0.0201 0.1217 0.1043 0.1213 0.1069 0.1131 
         181  1 0.1009 0.1107 0.1021 0.1014 0.0437 0.1102 0.0969 0.1135 0.1063 0.1141 
         182  1 0.0984 0.1041 0.1039 0.1005 0.0893 0.1011 0.1038 0.0988 0.0974 0.1027 
         183  1 0.1113 0.1059 0.1064 0.1055 0.0192 0.1091 0.1134 0.1098 0.1142 0.1051 
         184  1 0.1106 0.1060 0.1023 0.0989 0.0318 0.1147 0.1093 0.1162 0.1035 0.1067 
         185  1 0.1113 0.0940 0.1042 0.0969 0.0236 0.1120 0.1002 0.1208 0.1177 0.1193 
         186  1 0.1085 0.1089 0.1096 0.1120 0.0388 0.0985 0.1114 0.0957 0.1086 0.1080 
         187  1 0.1021 0.1030 0.1113 0.1176 0.0144 0.1276 0.1141 0.1046 0.0990 0.1063 
         188  1 0.1070 0.1027 0.1084 0.1014 0.0241 0.1104 0.1077 0.1131 0.1089 0.1163 
         189  1 0.1045 0.1099 0.1005 0.1017 0.0249 0.1043 0.1089 0.1165 0.1094 0.1193 
         190  1 0.1047 0.1078 0.1056 0.1028 0.0473 0.1005 0.1059 0.1085 0.1088 0.1080 
         191  1 0.1014 0.1173 0.1020 0.1027 0.0227 0.1218 0.1020 0.1096 0.1059 0.1145 
         192  1 0.1018 0.1054 0.1008 0.1005 0.0547 0.1091 0.1015 0.1087 0.1032 0.1143 
         193  1 0.1060 0.1072 0.1028 0.1030 0.0301 0.1207 0.1185 0.1012 0.1045 0.1060 
         194  1 0.0732 0.0822 0.0773 0.0770 0.2820 0.0779 0.0820 0.0861 0.0841 0.0783 
         195  1 0.1095 0.1192 0.1218 0.1244 0.0166 0.0907 0.1107 0.0968 0.1036 0.1065 
         196  1 0.0984 0.1050 0.1006 0.1048 0.0501 0.1100 0.1121 0.1109 0.1063 0.1019 
         197  1 0.1037 0.0962 0.0903 0.0913 0.0901 0.1209 0.1062 0.1065 0.0976 0.0973 
         198  1 0.1115 0.1008 0.1053 0.1068 0.0347 0.1066 0.1069 0.1055 0.1140 0.1079 
         199  1 0.0985 0.0980 0.0973 0.0928 0.0757 0.1075 0.1120 0.1083 0.1026 0.1075 
         200  1 0.1021 0.0951 0.1016 0.0936 0.0483 0.1088 0.1103 0.1213 0.1045 0.1143 
         201  1 0.1096 0.1110 0.1117 0.1034 0.0228 0.0990 0.1073 0.1087 0.1158 0.1107 
         202  1 0.1077 0.1117 0.1096 0.1034 0.0243 0.1023 0.1127 0.1054 0.1077 0.1153 
         203  1 0.1069 0.1126 0.1054 0.1053 0.0256 0.1106 0.1079 0.1004 0.1146 0.1108 
         204  1 0.1115 0.1193 0.1195 0.1265 0.0222 0.0878 0.1098 0.0968 0.1105 0.0962 
         205  1 0.1037 0.1126 0.1097 0.1103 0.0374 0.1095 0.1045 0.1051 0.1015 0.1056 
         206  1 0.1033 0.1105 0.0984 0.1129 0.0205 0.1220 0.1177 0.1029 0.1047 0.1071 
         207  1 0.1156 0.0955 0.0976 0.0890 0.0334 0.1092 0.0952 0.1217 0.1202 0.1226 
         208  1 0.1051 0.1112 0.1086 0.1102 0.0155 0.1101 0.1137 0.1081 0.1020 0.1154 
         209  1 0.0996 0.0864 0.0943 0.0814 0.0844 0.0993 0.1039 0.1239 0.1084 0.1184 
         210  1 0.1075 0.1084 0.1095 0.1102 0.0464 0.1000 0.1112 0.1008 0.1044 0.1016 
         211  1 0.1022 0.1112 0.1055 0.1237 0.0230 0.1071 0.1147 0.1000 0.1047 0.1078 
         212  1 0.1029 0.1112 0.1057 0.1090 0.0211 0.1222 0.1039 0.1061 0.1089 0.1090 
         213  1 0.1054 0.1044 0.0981 0.0997 0.0935 0.0952 0.1054 0.1017 0.0981 0.0984 
         214  1 0.1320 0.0786 0.0807 0.0686 0.0217 0.1249 0.0937 0.1441 0.1305 0.1252 
         215  1 0.1004 0.1015 0.1006 0.0993 0.0699 0.1135 0.1006 0.1073 0.1002 0.1067 
         216  1 0.1129 0.1081 0.1058 0.1080 0.0220 0.1052 0.1070 0.1097 0.1116 0.1097 
         217  1 0.0950 0.1108 0.1143 0.1106 0.0945 0.0876 0.1022 0.0908 0.1006 0.0936 
         218  1 0.1074 0.0923 0.0978 0.0909 0.1073 0.1048 0.0943 0.1071 0.0964 0.1017 
         219  1 0.0922 0.0918 0.0945 0.0886 0.1611 0.1015 0.0934 0.0938 0.0919 0.0912 
         220  1 0.1109 0.0980 0.0996 0.0971 0.0198 0.1233 0.1101 0.1186 0.1091 0.1135 
         221  1 0.1008 0.1101 0.1151 0.1177 0.0441 0.0969 0.1092 0.0988 0.1038 0.1036 
         222  1 0.1139 0.0988 0.1004 0.0894 0.0211 0.1237 0.1078 0.1211 0.1139 0.1100 
         223  1 0.0953 0.1032 0.1074 0.1123 0.0588 0.1086 0.1071 0.1035 0.1006 0.1032 
         224  1 0.1026 0.1036 0.1088 0.1101 0.0300 0.1128 0.1135 0.1023 0.1090 0.1072 
         225  1 0.0936 0.0874 0.0946 0.0915 0.1846 0.0893 0.0938 0.0865 0.0899 0.0889 
         226  1 0.1109 0.1127 0.1236 0.1344 0.0146 0.0922 0.1100 0.1020 0.1132 0.0863 
