           1  1 0.0097 0.0590 0.3238 0.0855 0.1048 0.1096 0.0914 0.1553 0.0610 
           2  1 0.6545 0.0361 0.0661 0.0406 0.0419 0.0408 0.0395 0.0464 0.0341 
           3  1 0.2436 0.0933 0.0930 0.0960 0.0950 0.0963 0.0976 0.0948 0.0905 
           4  1 0.7775 0.0280 0.0285 0.0274 0.0273 0.0288 0.0277 0.0292 0.0255 
           5  1 0.3987 0.0617 0.1213 0.0633 0.0693 0.0738 0.0654 0.0875 0.0590 
           6  1 0.7443 0.0303 0.0351 0.0299 0.0315 0.0328 0.0325 0.0337 0.0299 
           7  1 0.5902 0.0444 0.0641 0.0479 0.0505 0.0495 0.0495 0.0560 0.0478 
           8  1 0.4876 0.0593 0.0695 0.0619 0.0666 0.0647 0.0645 0.0657 0.0603 
           9  1 0.7832 0.0262 0.0274 0.0270 0.0273 0.0276 0.0292 0.0260 0.0260 
          10  1 0.1117 0.1089 0.1131 0.1124 0.1144 0.1167 0.1086 0.1084 0.1058 
          11  1 0.7970 0.0244 0.0236 0.0253 0.0269 0.0250 0.0263 0.0253 0.0262 
          12  1 0.2649 0.0803 0.1068 0.0922 0.0956 0.0876 0.0963 0.0955 0.0807 
          13  1 0.8152 0.0219 0.0240 0.0243 0.0225 0.0225 0.0232 0.0250 0.0213 
          14  1 0.0889 0.1185 0.0995 0.1117 0.1180 0.1150 0.1217 0.1111 0.1155 
          15  1 0.6434 0.0480 0.0405 0.0469 0.0434 0.0448 0.0472 0.0425 0.0433 
          16  1 0.0822 0.1119 0.1174 0.1188 0.1099 0.1113 0.1276 0.1092 0.1116 
          17  1 0.3560 0.0824 0.0715 0.0775 0.0765 0.0781 0.0949 0.0719 0.0912 
          18  1 0.1558 0.1214 0.0711 0.1021 0.1026 0.0986 0.1261 0.0900 0.1324 
          19  1 0.4330 0.0774 0.0772 0.0626 0.0706 0.0702 0.0669 0.0729 0.0693 
          20  1 0.4073 0.0645 0.0841 0.0693 0.0787 0.0750 0.0741 0.0794 0.0677 
          21  1 0.3377 0.0692 0.1209 0.0776 0.0793 0.0795 0.0754 0.0916 0.0688 
          22  1 0.1113 0.1106 0.1109 0.1121 0.1107 0.1113 0.1098 0.1117 0.1115 
          23  1 0.4251 0.0548 0.1217 0.0653 0.0648 0.0696 0.0614 0.0852 0.0521 
          24  1 0.5970 0.0460 0.0752 0.0468 0.0465 0.0461 0.0483 0.0539 0.0401 
          25  1 0.1309 0.0903 0.1650 0.1017 0.1067 0.1045 0.0937 0.1208 0.0864 
          26  1 0.3438 0.0935 0.0748 0.0710 0.0883 0.0738 0.0836 0.0865 0.0847 
          27  1 0.4545 0.0716 0.0835 0.0634 0.0676 0.0675 0.0661 0.0701 0.0557 
          28  1 0.0649 0.1130 0.1232 0.1126 0.1166 0.1213 0.1142 0.1228 0.1115 
          29  1 0.6243 0.0444 0.0518 0.0468 0.0465 0.0463 0.0464 0.0491 0.0444 
          30  1 0.5496 0.0448 0.0694 0.0591 0.0557 0.0585 0.0553 0.0559 0.0517 
          31  1 0.8413 0.0196 0.0219 0.0192 0.0198 0.0201 0.0198 0.0195 0.0186 
          32  1 0.3662 0.0667 0.0984 0.0767 0.0779 0.0810 0.0788 0.0892 0.0652 
          33  1 0.4616 0.0622 0.0823 0.0654 0.0651 0.0667 0.0648 0.0700 0.0619 
          34  1 0.3420 0.0765 0.0962 0.0770 0.0819 0.0763 0.0900 0.0847 0.0754 
          35  1 0.2222 0.0958 0.1027 0.0940 0.0965 0.0931 0.1007 0.0992 0.0957 
          36  1 0.0984 0.1164 0.1032 0.1138 0.1070 0.1079 0.1225 0.1115 0.1194 
          37  1 0.1036 0.1117 0.1119 0.1096 0.1148 0.1100 0.1054 0.1172 0.1159 
          38  1 0.0460 0.1242 0.1015 0.1244 0.1204 0.1185 0.1261 0.1143 0.1247 
          39  1 0.6747 0.0380 0.0408 0.0357 0.0438 0.0414 0.0422 0.0421 0.0413 
          40  1 0.6631 0.0383 0.0527 0.0393 0.0434 0.0428 0.0404 0.0443 0.0357 
          41  1 0.1352 0.1021 0.1153 0.1082 0.1108 0.1056 0.1144 0.1068 0.1016 
          42  1 0.4592 0.0645 0.0794 0.0665 0.0686 0.0680 0.0653 0.0725 0.0560 
          43  1 0.0850 0.0898 0.2048 0.1006 0.1055 0.1034 0.0985 0.1287 0.0837 
          44  1 0.5704 0.0522 0.0524 0.0559 0.0562 0.0564 0.0553 0.0512 0.0500 
          45  1 0.4233 0.0632 0.1033 0.0687 0.0669 0.0684 0.0657 0.0809 0.0596 
          46  1 0.1596 0.1001 0.1159 0.1059 0.1021 0.1117 0.1010 0.1088 0.0951 
          47  1 0.1117 0.1048 0.1172 0.1107 0.1126 0.1149 0.0996 0.1209 0.1076 
          48  1 0.2845 0.0740 0.1334 0.0788 0.0847 0.0859 0.0843 0.1004 0.0739 
          49  1 0.0388 0.1160 0.1035 0.1316 0.1266 0.1260 0.1225 0.1064 0.1286 
          50  1 0.0460 0.1101 0.1051 0.1219 0.1302 0.1175 0.1210 0.1200 0.1283 
          51  1 0.0238 0.1304 0.0825 0.1488 0.1232 0.1540 0.1092 0.0983 0.1300 
          52  1 0.0185 0.1129 0.1429 0.1188 0.1202 0.1247 0.1184 0.1324 0.1112 
          53  1 0.0438 0.1299 0.1009 0.1348 0.1170 0.1133 0.1280 0.1035 0.1288 
          54  1 0.0250 0.1368 0.0930 0.1362 0.1201 0.1280 0.1307 0.1042 0.1262 
          55  1 0.0894 0.1109 0.1160 0.1058 0.1245 0.1176 0.1168 0.1185 0.1005 
          56  1 0.0103 0.1190 0.1152 0.1347 0.1216 0.1234 0.1361 0.1088 0.1308 
          57  1 0.0248 0.1269 0.1051 0.1388 0.1198 0.1411 0.1096 0.1156 0.1183 
          58  1 0.0569 0.1024 0.1470 0.1097 0.1161 0.1234 0.1032 0.1304 0.1110 
          59  1 0.0546 0.1293 0.0930 0.1286 0.1134 0.1139 0.1367 0.1014 0.1292 
          60  1 0.0265 0.1300 0.1282 0.1244 0.1194 0.1297 0.1241 0.1138 0.1038 
          61  1 0.0240 0.1125 0.1373 0.1175 0.1165 0.1266 0.1149 0.1287 0.1220 
          62  1 0.0548 0.1148 0.1351 0.1061 0.1210 0.1214 0.1165 0.1231 0.1071 
          63  1 0.1119 0.0950 0.1685 0.0966 0.1036 0.1122 0.0938 0.1252 0.0932 
          64  1 0.0212 0.1294 0.1134 0.1074 0.1235 0.1189 0.1151 0.1361 0.1349 
          65  1 0.0296 0.1099 0.1380 0.1129 0.1185 0.1257 0.1206 0.1324 0.1124 
          66  1 0.0510 0.1253 0.1065 0.1131 0.1227 0.1114 0.1263 0.1225 0.1212 
          67  1 0.0268 0.1258 0.1216 0.1153 0.1332 0.1218 0.1083 0.1231 0.1241 
          68  1 0.0118 0.1324 0.1094 0.1264 0.1208 0.1286 0.1276 0.1181 0.1250 
          69  1 0.0152 0.1488 0.0758 0.1181 0.1313 0.1164 0.1160 0.1191 0.1593 
          70  1 0.0139 0.1348 0.1021 0.1215 0.1232 0.1466 0.1118 0.1247 0.1215 
          71  1 0.0790 0.1266 0.1000 0.1169 0.1162 0.1140 0.1241 0.1074 0.1158 
          72  1 0.0152 0.1349 0.0888 0.1299 0.1211 0.1277 0.1262 0.1126 0.1436 
          73  1 0.0150 0.1274 0.0908 0.1122 0.1258 0.1266 0.1122 0.1441 0.1458 
          74  1 0.0288 0.1251 0.1072 0.1294 0.1148 0.1372 0.1288 0.1131 0.1158 
          75  1 0.0255 0.1148 0.1248 0.1264 0.1221 0.1264 0.1191 0.1262 0.1146 
          76  1 0.0144 0.1225 0.0998 0.1297 0.1293 0.1455 0.1117 0.1196 0.1276 
          77  1 0.0179 0.1252 0.1265 0.1188 0.1239 0.1212 0.1191 0.1302 0.1172 
          78  1 0.0164 0.1102 0.1546 0.1307 0.1148 0.1131 0.1309 0.1166 0.1129 
          79  1 0.0220 0.1472 0.0852 0.0996 0.1283 0.1206 0.1043 0.1300 0.1629 
          80  1 0.0216 0.1177 0.1397 0.1161 0.1194 0.1145 0.1181 0.1276 0.1252 
          81  1 0.0262 0.1151 0.1206 0.1172 0.1324 0.1326 0.1135 0.1242 0.1181 
          82  1 0.0715 0.1161 0.1226 0.1126 0.1198 0.1166 0.1154 0.1109 0.1146 
          83  1 0.0196 0.1158 0.1297 0.1246 0.1188 0.1159 0.1266 0.1283 0.1209 
          84  1 0.0194 0.1178 0.1276 0.1209 0.1194 0.1228 0.1143 0.1282 0.1297 
          85  1 0.1694 0.1072 0.1075 0.0961 0.1079 0.0994 0.1020 0.1066 0.1039 
          86  1 0.2361 0.0978 0.0947 0.0942 0.0919 0.0962 0.0984 0.0914 0.0994 
          87  1 0.0704 0.1292 0.0708 0.1452 0.1054 0.1013 0.1404 0.0869 0.1504 
          88  1 0.0319 0.1362 0.0774 0.1456 0.1237 0.1181 0.1345 0.0993 0.1334 
          89  1 0.0233 0.1193 0.1165 0.1331 0.1218 0.1290 0.1253 0.1114 0.1202 
          90  1 0.0247 0.1389 0.0944 0.1061 0.1310 0.1163 0.1107 0.1372 0.1409 
          91  1 0.0474 0.1176 0.1361 0.1057 0.1219 0.1218 0.1259 0.1180 0.1057 
          92  1 0.0481 0.1259 0.1209 0.1159 0.1193 0.1158 0.1125 0.1259 0.1158 
          93  1 0.0258 0.1320 0.1110 0.1161 0.1258 0.1275 0.1149 0.1159 0.1309 
          94  1 0.1261 0.1178 0.1026 0.1028 0.1199 0.1055 0.1087 0.1093 0.1073 
          95  1 0.0214 0.1413 0.0997 0.1068 0.1332 0.1150 0.1121 0.1296 0.1409 
          96  1 0.0236 0.1438 0.0482 0.1576 0.1083 0.1076 0.1602 0.0754 0.1754 
          97  1 0.1448 0.1135 0.0813 0.1240 0.1078 0.1184 0.1019 0.0934 0.1149 
          98  1 0.0742 0.1281 0.1020 0.1196 0.1131 0.1197 0.1301 0.1003 0.1129 
          99  1 0.0448 0.1219 0.1305 0.1194 0.1155 0.1170 0.1266 0.1206 0.1036 
         100  1 0.1327 0.1190 0.0968 0.1135 0.1177 0.1047 0.1108 0.1060 0.0988 
         101  1 0.0595 0.1165 0.1260 0.1171 0.1184 0.1180 0.1190 0.1188 0.1067 
         102  1 0.0163 0.1294 0.1117 0.1421 0.1228 0.1184 0.1280 0.1111 0.1201 
         103  1 0.0467 0.1137 0.1155 0.1292 0.1199 0.1256 0.1252 0.1116 0.1126 
         104  1 0.0210 0.1142 0.1438 0.1087 0.1274 0.1271 0.1085 0.1305 0.1186 
         105  1 0.0996 0.1049 0.1164 0.1137 0.1166 0.1157 0.1068 0.1185 0.1078 
         106  1 0.0621 0.1030 0.1426 0.1154 0.1200 0.1153 0.1125 0.1279 0.1012 
         107  1 0.2793 0.0892 0.0888 0.0861 0.0948 0.0939 0.0906 0.0904 0.0870 
         108  1 0.0146 0.1449 0.0655 0.1464 0.1171 0.1096 0.1548 0.0876 0.1595 
         109  1 0.0610 0.1189 0.1095 0.1070 0.1178 0.1150 0.1297 0.1159 0.1253 
         110  1 0.0154 0.1183 0.1510 0.1263 0.1274 0.1161 0.1207 0.1135 0.1113 
         111  1 0.0437 0.1135 0.1201 0.1247 0.1269 0.1211 0.1058 0.1248 0.1195 
         112  1 0.0269 0.1238 0.1276 0.1162 0.1272 0.1248 0.1063 0.1246 0.1226 
         113  1 0.0356 0.1319 0.0697 0.1473 0.1125 0.1132 0.1494 0.0838 0.1565 
         114  1 0.0945 0.1136 0.1188 0.1113 0.1203 0.1007 0.1181 0.1220 0.1006 
         115  1 0.0208 0.1249 0.1158 0.1134 0.1321 0.1197 0.1147 0.1308 0.1278 
         116  1 0.0223 0.1314 0.1074 0.1183 0.1261 0.1157 0.1195 0.1316 0.1276 
         117  1 0.0357 0.1221 0.1167 0.1212 0.1147 0.1183 0.1235 0.1219 0.1260 
         118  1 0.0431 0.1187 0.1297 0.1124 0.1271 0.1149 0.1175 0.1303 0.1062 
         119  1 0.0321 0.1149 0.1329 0.1175 0.1180 0.1237 0.1215 0.1267 0.1127 
         120  1 0.0106 0.1518 0.0434 0.1588 0.1126 0.1086 0.1619 0.0817 0.1708 
         121  1 0.0305 0.1123 0.1382 0.1153 0.1244 0.1211 0.1107 0.1318 0.1156 
         122  1 0.0168 0.1108 0.1580 0.1136 0.1270 0.1152 0.1053 0.1418 0.1115 
         123  1 0.0396 0.1245 0.1098 0.1155 0.1315 0.1145 0.1158 0.1197 0.1291 
         124  1 0.0783 0.1020 0.1493 0.1175 0.1124 0.1039 0.1059 0.1240 0.1067 
         125  1 0.0283 0.1233 0.0973 0.1385 0.1173 0.1120 0.1418 0.1004 0.1411 
         126  1 0.0683 0.1181 0.1121 0.1184 0.1155 0.1265 0.1106 0.1152 0.1152 
         127  1 0.0553 0.1354 0.0684 0.1367 0.1118 0.1057 0.1522 0.0874 0.1473 
         128  1 0.0198 0.1235 0.1130 0.1397 0.1169 0.1198 0.1347 0.1133 0.1193 
         129  1 0.0173 0.1281 0.1224 0.1157 0.1386 0.1142 0.1123 0.1317 0.1196 
         130  1 0.0164 0.1333 0.0799 0.1398 0.1157 0.1200 0.1492 0.0979 0.1479 
         131  1 0.0231 0.1085 0.1559 0.1203 0.1129 0.1265 0.1117 0.1365 0.1045 
         132  1 0.0334 0.1096 0.1587 0.1193 0.1140 0.1176 0.1224 0.1236 0.1015 
         133  1 0.0732 0.1117 0.1145 0.1141 0.1232 0.1121 0.1082 0.1204 0.1227 
         134  1 0.0268 0.1169 0.1368 0.1161 0.1201 0.1252 0.1146 0.1289 0.1146 
         135  1 0.0276 0.1489 0.0764 0.1206 0.1208 0.1175 0.1378 0.1047 0.1456 
         136  1 0.0348 0.1311 0.1015 0.1168 0.1309 0.1124 0.1158 0.1242 0.1326 
         137  1 0.0363 0.1141 0.1280 0.1190 0.1197 0.1247 0.1179 0.1273 0.1129 
         138  1 0.0411 0.1245 0.1139 0.1108 0.1248 0.1217 0.1079 0.1325 0.1228 
         139  1 0.0402 0.1291 0.1127 0.1099 0.1262 0.1183 0.1053 0.1302 0.1280 
         140  1 0.0846 0.1153 0.1136 0.1040 0.1197 0.1178 0.0982 0.1248 0.1220 
         141  1 0.0610 0.1269 0.1027 0.1231 0.1195 0.1091 0.1220 0.1127 0.1230 
         142  1 0.0227 0.1103 0.1555 0.1146 0.1202 0.1221 0.1078 0.1375 0.1093 
         143  1 0.0107 0.1148 0.1432 0.1115 0.1248 0.1220 0.1270 0.1306 0.1155 
         144  1 0.0187 0.1163 0.1362 0.1167 0.1204 0.1253 0.1152 0.1242 0.1271 
         145  1 0.0911 0.1198 0.0977 0.1036 0.1189 0.1140 0.1215 0.1106 0.1229 
         146  1 0.0462 0.1173 0.1020 0.1255 0.1227 0.1211 0.1216 0.1204 0.1230 
         147  1 0.0379 0.1350 0.1116 0.1202 0.1259 0.1096 0.1365 0.1112 0.1121 
         148  1 0.0204 0.1196 0.1104 0.1182 0.1229 0.1290 0.1122 0.1384 0.1289 
         149  1 0.0441 0.1274 0.1019 0.1232 0.1256 0.1108 0.1273 0.1172 0.1226 
         150  1 0.0301 0.1348 0.0808 0.1324 0.1172 0.1117 0.1470 0.1007 0.1453 
         151  1 0.1473 0.1094 0.0860 0.1227 0.1037 0.1027 0.1184 0.0889 0.1208 
         152  1 0.0353 0.1277 0.0904 0.1416 0.1172 0.1230 0.1304 0.0990 0.1353 
         153  1 0.1654 0.0960 0.1154 0.0985 0.1027 0.1025 0.1056 0.1151 0.0989 
         154  1 0.0274 0.1073 0.1486 0.1224 0.1189 0.1271 0.1179 0.1282 0.1024 
         155  1 0.0551 0.1236 0.1093 0.1096 0.1184 0.1118 0.1128 0.1289 0.1306 
         156  1 0.0177 0.1395 0.1011 0.1139 0.1251 0.1259 0.1141 0.1225 0.1401 
         157  1 0.0131 0.1165 0.1262 0.1199 0.1188 0.1314 0.1242 0.1272 0.1228 
         158  1 0.0293 0.1239 0.1020 0.1212 0.1187 0.1215 0.1338 0.1179 0.1318 
         159  1 0.0230 0.1196 0.1200 0.1351 0.1202 0.1151 0.1254 0.1135 0.1282 
         160  1 0.0158 0.1376 0.1110 0.1099 0.1269 0.1195 0.1190 0.1236 0.1367 
         161  1 0.0157 0.1359 0.0847 0.1217 0.1175 0.1204 0.1408 0.1102 0.1532 
         162  1 0.0369 0.1351 0.0898 0.1261 0.1265 0.1223 0.1204 0.1121 0.1307 
         163  1 0.0186 0.1285 0.1054 0.1155 0.1351 0.1189 0.1096 0.1323 0.1362 
         164  1 0.0306 0.1087 0.1254 0.1256 0.1221 0.1143 0.1170 0.1366 0.1198 
         165  1 0.0177 0.1189 0.1263 0.1207 0.1272 0.1312 0.1125 0.1245 0.1211 
         166  1 0.0188 0.1372 0.0989 0.1034 0.1339 0.1262 0.1101 0.1315 0.1399 
         167  1 0.0178 0.1333 0.1145 0.1154 0.1270 0.1213 0.1250 0.1252 0.1204 
         168  1 0.0194 0.1247 0.1182 0.1260 0.1189 0.1305 0.1133 0.1304 0.1186 
         169  1 0.0160 0.1424 0.0594 0.1424 0.1186 0.1122 0.1522 0.0956 0.1612 
         170  1 0.0284 0.1302 0.0797 0.1424 0.1127 0.1149 0.1393 0.0960 0.1564 
         171  1 0.0180 0.1280 0.1090 0.1217 0.1345 0.1157 0.1136 0.1229 0.1366 
         172  1 0.0244 0.1150 0.1237 0.1299 0.1136 0.1241 0.1251 0.1296 0.1146 
         173  1 0.0226 0.1300 0.1162 0.1144 0.1261 0.1198 0.1069 0.1330 0.1310 
         174  1 0.0209 0.1245 0.0995 0.1344 0.1282 0.1164 0.1224 0.1214 0.1322 
         175  1 0.0168 0.1239 0.1107 0.1355 0.1165 0.1186 0.1300 0.1169 0.1311 
         176  1 0.0184 0.1183 0.1222 0.1209 0.1227 0.1316 0.1262 0.1196 0.1200 
         177  1 0.0386 0.1243 0.1057 0.1304 0.1194 0.1235 0.1248 0.1109 0.1224 
         178  1 0.0227 0.1112 0.1467 0.1259 0.1196 0.1091 0.1264 0.1228 0.1155 
         179  1 0.0352 0.1122 0.1168 0.1267 0.1239 0.1345 0.1107 0.1252 0.1148 
         180  1 0.0203 0.1257 0.0971 0.1246 0.1260 0.1488 0.1170 0.1117 0.1287 
         181  1 0.0487 0.1188 0.1070 0.1304 0.1239 0.1327 0.1206 0.1038 0.1141 
         182  1 0.1027 0.1092 0.1106 0.1184 0.1111 0.1062 0.1175 0.1125 0.1119 
         183  1 0.0200 0.1264 0.1108 0.1206 0.1257 0.1158 0.1277 0.1237 0.1293 
         184  1 0.0322 0.1269 0.1027 0.1297 0.1240 0.1243 0.1191 0.1070 0.1340 
         185  1 0.0248 0.1349 0.0988 0.1356 0.1098 0.1203 0.1340 0.1089 0.1329 
         186  1 0.0428 0.1239 0.1253 0.1181 0.1226 0.1125 0.1218 0.1248 0.1082 
         187  1 0.0145 0.1285 0.1059 0.1100 0.1290 0.1262 0.1071 0.1316 0.1471 
         188  1 0.0265 0.1274 0.1136 0.1202 0.1235 0.1100 0.1288 0.1205 0.1293 
         189  1 0.0278 0.1248 0.1040 0.1275 0.1268 0.1200 0.1210 0.1197 0.1284 
         190  1 0.0521 0.1202 0.1139 0.1195 0.1245 0.1212 0.1234 0.1102 0.1149 
         191  1 0.0230 0.1215 0.1062 0.1288 0.1230 0.1484 0.1034 0.1186 0.1272 
         192  1 0.0516 0.1205 0.1107 0.1171 0.1235 0.1380 0.1143 0.1128 0.1115 
         193  1 0.0328 0.1398 0.1000 0.1058 0.1288 0.1233 0.1217 0.1222 0.1258 
         194  1 0.2945 0.0898 0.0859 0.0951 0.0931 0.0892 0.0842 0.0874 0.0809 
         195  1 0.0184 0.1027 0.1575 0.1164 0.1156 0.1190 0.1262 0.1389 0.1052 
         196  1 0.0504 0.1252 0.1039 0.1172 0.1190 0.1307 0.1193 0.1170 0.1172 
         197  1 0.0978 0.1364 0.0852 0.1015 0.1193 0.1115 0.1151 0.1084 0.1247 
         198  1 0.0386 0.1294 0.1143 0.1131 0.1213 0.1239 0.1147 0.1255 0.1192 
         199  1 0.0818 0.1202 0.1029 0.1200 0.1101 0.1224 0.1134 0.1060 0.1232 
         200  1 0.0573 0.1204 0.0975 0.1190 0.1175 0.1191 0.1305 0.1099 0.1288 
         201  1 0.0226 0.1111 0.1330 0.1247 0.1247 0.1294 0.1240 0.1236 0.1070 
         202  1 0.0297 0.1148 0.1117 0.1283 0.1326 0.1210 0.1168 0.1216 0.1234 
         203  1 0.0275 0.1260 0.1252 0.1162 0.1219 0.1245 0.1203 0.1293 0.1092 
         204  1 0.0264 0.1092 0.1659 0.1175 0.1154 0.1117 0.1072 0.1402 0.1065 
         205  1 0.0424 0.1251 0.1178 0.1102 0.1200 0.1307 0.1123 0.1239 0.1176 
         206  1 0.0237 0.1328 0.1000 0.1046 0.1289 0.1304 0.1253 0.1192 0.1352 
         207  1 0.0360 0.1221 0.0908 0.1377 0.1138 0.1197 0.1426 0.1025 0.1348 
         208  1 0.0159 0.1239 0.1126 0.1146 0.1181 0.1312 0.1145 0.1385 0.1306 
         209  1 0.1001 0.1211 0.0812 0.1245 0.1077 0.1108 0.1372 0.0859 0.1315 
         210  1 0.0516 0.1078 0.1359 0.1109 0.1214 0.1190 0.1187 0.1275 0.1072 
         211  1 0.0240 0.1134 0.1228 0.1162 0.1252 0.1299 0.1106 0.1288 0.1291 
         212  1 0.0226 0.1280 0.1135 0.1145 0.1292 0.1267 0.1141 0.1264 0.1248 
         213  1 0.1259 0.1119 0.1049 0.1017 0.1166 0.1029 0.1195 0.1142 0.1024 
         214  1 0.0227 0.1457 0.0510 0.1577 0.1084 0.1063 0.1588 0.0776 0.1718 
         215  1 0.0784 0.1112 0.1089 0.1224 0.1092 0.1218 0.1189 0.1104 0.1188 
         216  1 0.0247 0.1236 0.1164 0.1221 0.1234 0.1139 0.1259 0.1247 0.1253 
         217  1 0.0998 0.0989 0.1394 0.1065 0.1182 0.1095 0.1069 0.1233 0.0975 
         218  1 0.1145 0.1102 0.1008 0.1199 0.1085 0.1074 0.1212 0.1053 0.1122 
         219  1 0.1994 0.1036 0.0952 0.0944 0.1009 0.0973 0.1088 0.0984 0.1020 
         220  1 0.0205 0.1400 0.0884 0.1335 0.1136 0.1221 0.1296 0.1139 0.1384 
         221  1 0.0478 0.1142 0.1199 0.1171 0.1190 0.1224 0.1232 0.1218 0.1145 
         222  1 0.0221 0.1360 0.0945 0.1181 0.1237 0.1172 0.1280 0.1163 0.1443 
         223  1 0.0634 0.1124 0.1165 0.1084 0.1218 0.1191 0.1146 0.1266 0.1172 
         224  1 0.0308 0.1322 0.1048 0.1230 0.1205 0.1264 0.1147 0.1218 0.1259 
         225  1 0.2066 0.1034 0.0997 0.0883 0.1030 0.0964 0.1019 0.1017 0.0990 
         226  1 0.0156 0.1085 0.1768 0.1055 0.1262 0.1110 0.1080 0.1384 0.1101 
