           1  1 0.0684 0.0100 0.2608 0.2248 0.0426 0.1733 0.1121 0.1081 
           2  1 0.0377 0.6588 0.0668 0.0624 0.0337 0.0525 0.0476 0.0405 
           3  1 0.0988 0.2893 0.1014 0.1024 0.1008 0.1072 0.1001 0.1000 
           4  1 0.0265 0.7991 0.0303 0.0315 0.0253 0.0300 0.0302 0.0272 
           5  1 0.0562 0.4610 0.1046 0.0991 0.0457 0.0867 0.0782 0.0684 
           6  1 0.0307 0.7740 0.0363 0.0334 0.0279 0.0327 0.0327 0.0322 
           7  1 0.0435 0.6677 0.0540 0.0513 0.0399 0.0520 0.0451 0.0465 
           8  1 0.0545 0.5755 0.0658 0.0633 0.0539 0.0665 0.0578 0.0627 
           9  1 0.0263 0.8182 0.0265 0.0258 0.0254 0.0263 0.0258 0.0256 
          10  1 0.1188 0.1169 0.1336 0.1366 0.1015 0.1319 0.1330 0.1277 
          11  1 0.0234 0.8394 0.0232 0.0235 0.0205 0.0227 0.0236 0.0236 
          12  1 0.0901 0.3297 0.1143 0.1065 0.0687 0.1030 0.0927 0.0948 
          13  1 0.0205 0.8422 0.0243 0.0235 0.0214 0.0224 0.0222 0.0235 
          14  1 0.1278 0.1174 0.1166 0.1195 0.1306 0.1303 0.1277 0.1302 
          15  1 0.0454 0.6912 0.0415 0.0398 0.0544 0.0428 0.0411 0.0439 
          16  1 0.1380 0.1005 0.1264 0.1286 0.1402 0.1197 0.1193 0.1272 
          17  1 0.0795 0.4653 0.0740 0.0690 0.0932 0.0746 0.0633 0.0811 
          18  1 0.1381 0.2259 0.0879 0.0833 0.1448 0.1044 0.0943 0.1213 
          19  1 0.0728 0.4642 0.0776 0.0823 0.0697 0.0738 0.0776 0.0820 
          20  1 0.0617 0.5068 0.0792 0.0782 0.0581 0.0772 0.0688 0.0700 
          21  1 0.0696 0.3908 0.1176 0.1030 0.0585 0.0967 0.0877 0.0760 
          22  1 0.1258 0.1251 0.1231 0.1262 0.1247 0.1261 0.1249 0.1242 
          23  1 0.0575 0.4554 0.1168 0.0981 0.0416 0.0908 0.0753 0.0646 
          24  1 0.0468 0.6174 0.0700 0.0626 0.0439 0.0590 0.0493 0.0509 
          25  1 0.0973 0.1493 0.1615 0.1505 0.0734 0.1394 0.1182 0.1104 
          26  1 0.0878 0.4111 0.0864 0.0838 0.0844 0.0798 0.0841 0.0824 
          27  1 0.0687 0.4716 0.0917 0.0856 0.0582 0.0834 0.0743 0.0666 
          28  1 0.1231 0.0749 0.1376 0.1372 0.1164 0.1406 0.1343 0.1361 
          29  1 0.0445 0.6634 0.0538 0.0513 0.0421 0.0494 0.0482 0.0473 
          30  1 0.0471 0.6094 0.0692 0.0656 0.0415 0.0566 0.0576 0.0529 
          31  1 0.0186 0.8632 0.0196 0.0205 0.0187 0.0202 0.0193 0.0198 
          32  1 0.0679 0.4059 0.1056 0.1027 0.0610 0.0931 0.0828 0.0811 
          33  1 0.0618 0.5146 0.0788 0.0759 0.0581 0.0746 0.0693 0.0669 
          34  1 0.0757 0.4321 0.0894 0.0836 0.0735 0.0848 0.0758 0.0851 
          35  1 0.1014 0.2664 0.1077 0.1072 0.0981 0.1110 0.1034 0.1049 
          36  1 0.1261 0.1380 0.1232 0.1185 0.1284 0.1266 0.1130 0.1262 
          37  1 0.1242 0.1174 0.1314 0.1316 0.1088 0.1272 0.1327 0.1266 
          38  1 0.1542 0.0516 0.1166 0.1224 0.1603 0.1244 0.1275 0.1430 
          39  1 0.0339 0.7460 0.0395 0.0368 0.0365 0.0359 0.0356 0.0358 
          40  1 0.0387 0.7030 0.0479 0.0467 0.0353 0.0466 0.0421 0.0398 
          41  1 0.1170 0.1683 0.1181 0.1180 0.1058 0.1302 0.1184 0.1242 
          42  1 0.0653 0.5351 0.0716 0.0684 0.0537 0.0718 0.0686 0.0655 
          43  1 0.0916 0.0881 0.1995 0.1705 0.0776 0.1501 0.1148 0.1078 
          44  1 0.0486 0.6311 0.0537 0.0539 0.0451 0.0591 0.0554 0.0532 
          45  1 0.0599 0.4637 0.1090 0.0916 0.0513 0.0835 0.0725 0.0686 
          46  1 0.1016 0.1821 0.1268 0.1249 0.1000 0.1298 0.1181 0.1167 
          47  1 0.1131 0.1269 0.1331 0.1346 0.0955 0.1346 0.1414 0.1208 
          48  1 0.0715 0.3388 0.1340 0.1087 0.0602 0.1111 0.0850 0.0909 
          49  1 0.1327 0.0479 0.1286 0.1271 0.1318 0.1359 0.1549 0.1412 
          50  1 0.1373 0.0563 0.1264 0.1350 0.1227 0.1435 0.1406 0.1382 
          51  1 0.1231 0.0279 0.1123 0.1389 0.1422 0.1520 0.1625 0.1412 
          52  1 0.1301 0.0194 0.1532 0.1534 0.1165 0.1485 0.1435 0.1352 
          53  1 0.1702 0.0439 0.1085 0.1205 0.1725 0.1191 0.1183 0.1470 
          54  1 0.1412 0.0278 0.1123 0.1179 0.1952 0.1243 0.1267 0.1546 
          55  1 0.1270 0.0996 0.1232 0.1325 0.1243 0.1285 0.1389 0.1259 
          56  1 0.1637 0.0102 0.1282 0.1281 0.1889 0.1168 0.1286 0.1355 
          57  1 0.1148 0.0271 0.1283 0.1420 0.1260 0.1531 0.1687 0.1401 
          58  1 0.1179 0.0574 0.1636 0.1596 0.1059 0.1390 0.1415 0.1151 
          59  1 0.1596 0.0577 0.1045 0.1135 0.1892 0.1244 0.1104 0.1407 
          60  1 0.1250 0.0248 0.1415 0.1462 0.1437 0.1409 0.1326 0.1454 
          61  1 0.1194 0.0263 0.1540 0.1495 0.1183 0.1445 0.1511 0.1368 
          62  1 0.1141 0.0653 0.1467 0.1393 0.1143 0.1409 0.1413 0.1381 
          63  1 0.1006 0.1044 0.1710 0.1526 0.0866 0.1440 0.1320 0.1089 
          64  1 0.1394 0.0230 0.1332 0.1367 0.1339 0.1412 0.1529 0.1396 
          65  1 0.1285 0.0290 0.1640 0.1545 0.1126 0.1368 0.1500 0.1245 
          66  1 0.1411 0.0603 0.1229 0.1277 0.1326 0.1390 0.1377 0.1388 
          67  1 0.1266 0.0292 0.1470 0.1422 0.1240 0.1335 0.1571 0.1404 
          68  1 0.1416 0.0124 0.1349 0.1377 0.1425 0.1414 0.1458 0.1437 
          69  1 0.1659 0.0159 0.0943 0.1180 0.1612 0.1295 0.1660 0.1491 
          70  1 0.1348 0.0134 0.1312 0.1373 0.1415 0.1425 0.1550 0.1443 
          71  1 0.1256 0.0921 0.1190 0.1297 0.1419 0.1317 0.1267 0.1333 
          72  1 0.1581 0.0162 0.1025 0.1176 0.1784 0.1249 0.1487 0.1536 
          73  1 0.1509 0.0161 0.1285 0.1428 0.1319 0.1352 0.1629 0.1317 
          74  1 0.1459 0.0306 0.1201 0.1328 0.1627 0.1263 0.1401 0.1415 
          75  1 0.1420 0.0268 0.1341 0.1383 0.1274 0.1399 0.1409 0.1506 
          76  1 0.1372 0.0142 0.1237 0.1415 0.1492 0.1378 0.1487 0.1477 
          77  1 0.1269 0.0201 0.1416 0.1500 0.1262 0.1424 0.1445 0.1483 
          78  1 0.1457 0.0160 0.1612 0.1538 0.1388 0.1292 0.1263 0.1289 
          79  1 0.1663 0.0221 0.1044 0.1191 0.1478 0.1231 0.1796 0.1377 
          80  1 0.1185 0.0234 0.1600 0.1519 0.1306 0.1413 0.1338 0.1405 
          81  1 0.1376 0.0253 0.1393 0.1423 0.1276 0.1446 0.1476 0.1357 
          82  1 0.1335 0.0747 0.1306 0.1401 0.1320 0.1369 0.1157 0.1366 
          83  1 0.1377 0.0193 0.1440 0.1419 0.1296 0.1447 0.1432 0.1397 
          84  1 0.1320 0.0202 0.1582 0.1501 0.1139 0.1478 0.1457 0.1322 
          85  1 0.1092 0.2203 0.1096 0.1098 0.1091 0.1146 0.1084 0.1189 
          86  1 0.1090 0.2568 0.1054 0.1022 0.1135 0.1077 0.0972 0.1082 
          87  1 0.1843 0.0895 0.0779 0.0829 0.2278 0.0973 0.0897 0.1506 
          88  1 0.1777 0.0316 0.0905 0.1053 0.2201 0.1006 0.1218 0.1523 
          89  1 0.1393 0.0243 0.1316 0.1365 0.1490 0.1327 0.1403 0.1462 
          90  1 0.1525 0.0270 0.1227 0.1307 0.1432 0.1333 0.1559 0.1349 
          91  1 0.1186 0.0524 0.1486 0.1473 0.1218 0.1430 0.1269 0.1414 
          92  1 0.1326 0.0572 0.1405 0.1360 0.1175 0.1450 0.1357 0.1355 
          93  1 0.1241 0.0258 0.1319 0.1440 0.1394 0.1421 0.1532 0.1395 
          94  1 0.1346 0.1585 0.1113 0.1176 0.1194 0.1152 0.1267 0.1166 
          95  1 0.1750 0.0223 0.1115 0.1226 0.1529 0.1212 0.1653 0.1291 
          96  1 0.2268 0.0267 0.0591 0.0713 0.2860 0.0811 0.0985 0.1505 
          97  1 0.1088 0.1566 0.0969 0.1128 0.1477 0.1178 0.1285 0.1309 
          98  1 0.1512 0.0904 0.1116 0.1099 0.1632 0.1226 0.1192 0.1319 
          99  1 0.1274 0.0481 0.1474 0.1480 0.1111 0.1507 0.1340 0.1334 
         100  1 0.1134 0.1934 0.1127 0.1134 0.1030 0.1248 0.1242 0.1152 
         101  1 0.1207 0.0592 0.1418 0.1518 0.1162 0.1409 0.1352 0.1342 
         102  1 0.1398 0.0176 0.1284 0.1215 0.1765 0.1323 0.1278 0.1561 
         103  1 0.1369 0.0453 0.1395 0.1321 0.1457 0.1358 0.1368 0.1279 
         104  1 0.1253 0.0212 0.1593 0.1587 0.1177 0.1477 0.1309 0.1391 
         105  1 0.1209 0.1035 0.1330 0.1408 0.1122 0.1317 0.1316 0.1263 
         106  1 0.1170 0.0723 0.1532 0.1482 0.1093 0.1469 0.1269 0.1262 
         107  1 0.0822 0.3382 0.1024 0.0942 0.0907 0.1025 0.0935 0.0963 
         108  1 0.2068 0.0174 0.0818 0.0896 0.2467 0.0952 0.1122 0.1502 
         109  1 0.1411 0.0804 0.1333 0.1203 0.1393 0.1314 0.1213 0.1330 
         110  1 0.1232 0.0161 0.1505 0.1513 0.1368 0.1514 0.1316 0.1390 
         111  1 0.1254 0.0422 0.1352 0.1406 0.1219 0.1444 0.1574 0.1330 
         112  1 0.1337 0.0280 0.1421 0.1480 0.1288 0.1449 0.1340 0.1404 
         113  1 0.2089 0.0360 0.0763 0.0868 0.2472 0.0916 0.1024 0.1509 
         114  1 0.1097 0.1238 0.1371 0.1345 0.1037 0.1327 0.1303 0.1283 
         115  1 0.1360 0.0218 0.1306 0.1399 0.1144 0.1484 0.1647 0.1444 
         116  1 0.1442 0.0229 0.1354 0.1395 0.1397 0.1343 0.1523 0.1316 
         117  1 0.1427 0.0364 0.1288 0.1341 0.1441 0.1337 0.1375 0.1426 
         118  1 0.1404 0.0478 0.1494 0.1469 0.1052 0.1344 0.1455 0.1305 
         119  1 0.1179 0.0349 0.1474 0.1545 0.1125 0.1443 0.1507 0.1378 
         120  1 0.2253 0.0111 0.0596 0.0766 0.2784 0.0797 0.1114 0.1579 
         121  1 0.1240 0.0322 0.1575 0.1545 0.1097 0.1472 0.1381 0.1367 
         122  1 0.1134 0.0175 0.1838 0.1742 0.0888 0.1467 0.1478 0.1278 
         123  1 0.1376 0.0444 0.1346 0.1375 0.1234 0.1349 0.1500 0.1375 
         124  1 0.1106 0.0844 0.1629 0.1555 0.0925 0.1410 0.1389 0.1141 
         125  1 0.1557 0.0296 0.1084 0.1210 0.2029 0.1118 0.1245 0.1461 
         126  1 0.1171 0.0842 0.1358 0.1311 0.1135 0.1378 0.1428 0.1377 
         127  1 0.1921 0.0676 0.0851 0.0855 0.2201 0.1013 0.1061 0.1421 
         128  1 0.1460 0.0205 0.1243 0.1286 0.1851 0.1236 0.1172 0.1547 
         129  1 0.1475 0.0182 0.1454 0.1468 0.1298 0.1298 0.1483 0.1342 
         130  1 0.1811 0.0180 0.0943 0.1041 0.2172 0.1170 0.1184 0.1500 
         131  1 0.1158 0.0221 0.1670 0.1582 0.1047 0.1530 0.1500 0.1291 
         132  1 0.1174 0.0338 0.1698 0.1635 0.1114 0.1506 0.1298 0.1237 
         133  1 0.1289 0.0824 0.1361 0.1374 0.1148 0.1290 0.1405 0.1308 
         134  1 0.1298 0.0296 0.1611 0.1449 0.1255 0.1382 0.1341 0.1367 
         135  1 0.1741 0.0304 0.0976 0.1030 0.1952 0.1160 0.1311 0.1527 
         136  1 0.1411 0.0364 0.1243 0.1303 0.1327 0.1328 0.1559 0.1464 
         137  1 0.1194 0.0389 0.1428 0.1516 0.1249 0.1391 0.1436 0.1397 
         138  1 0.1359 0.0466 0.1357 0.1441 0.1176 0.1398 0.1563 0.1240 
         139  1 0.1260 0.0431 0.1394 0.1414 0.1245 0.1342 0.1662 0.1252 
         140  1 0.1290 0.0863 0.1346 0.1379 0.1044 0.1315 0.1514 0.1249 
         141  1 0.1288 0.0750 0.1299 0.1303 0.1290 0.1351 0.1314 0.1407 
         142  1 0.1119 0.0252 0.1750 0.1705 0.0915 0.1559 0.1320 0.1382 
         143  1 0.1351 0.0115 0.1464 0.1486 0.1135 0.1518 0.1450 0.1480 
         144  1 0.1278 0.0194 0.1463 0.1548 0.1194 0.1465 0.1532 0.1325 
         145  1 0.1399 0.1233 0.1141 0.1081 0.1366 0.1183 0.1259 0.1337 
         146  1 0.1450 0.0517 0.1260 0.1317 0.1515 0.1252 0.1207 0.1484 
         147  1 0.1626 0.0404 0.1257 0.1273 0.1264 0.1306 0.1477 0.1393 
         148  1 0.1389 0.0210 0.1369 0.1341 0.1411 0.1373 0.1533 0.1375 
         149  1 0.1367 0.0477 0.1292 0.1305 0.1432 0.1344 0.1371 0.1412 
         150  1 0.1804 0.0305 0.0955 0.1025 0.2054 0.1179 0.1173 0.1505 
         151  1 0.1519 0.1599 0.0928 0.0938 0.1784 0.0994 0.0954 0.1284 
         152  1 0.1639 0.0374 0.1018 0.1136 0.1999 0.1184 0.1224 0.1427 
         153  1 0.1054 0.2157 0.1223 0.1127 0.0935 0.1214 0.1105 0.1184 
         154  1 0.1118 0.0307 0.1695 0.1614 0.1059 0.1439 0.1465 0.1301 
         155  1 0.1449 0.0610 0.1241 0.1247 0.1334 0.1331 0.1454 0.1334 
         156  1 0.1449 0.0184 0.1285 0.1266 0.1550 0.1321 0.1525 0.1419 
         157  1 0.1232 0.0134 0.1429 0.1529 0.1367 0.1378 0.1581 0.1350 
         158  1 0.1544 0.0362 0.1279 0.1282 0.1552 0.1324 0.1294 0.1363 
         159  1 0.1448 0.0256 0.1324 0.1302 0.1648 0.1365 0.1296 0.1362 
         160  1 0.1502 0.0167 0.1312 0.1391 0.1326 0.1361 0.1587 0.1353 
         161  1 0.1731 0.0168 0.0991 0.1094 0.2098 0.1167 0.1336 0.1414 
         162  1 0.1668 0.0417 0.1040 0.1171 0.1495 0.1313 0.1515 0.1381 
         163  1 0.1461 0.0193 0.1261 0.1365 0.1318 0.1407 0.1683 0.1313 
         164  1 0.1321 0.0324 0.1420 0.1465 0.1175 0.1435 0.1494 0.1365 
         165  1 0.1302 0.0188 0.1359 0.1436 0.1196 0.1484 0.1578 0.1457 
         166  1 0.1480 0.0186 0.1270 0.1339 0.1441 0.1322 0.1562 0.1400 
         167  1 0.1691 0.0181 0.1283 0.1356 0.1378 0.1248 0.1439 0.1424 
         168  1 0.1233 0.0186 0.1445 0.1450 0.1245 0.1459 0.1585 0.1397 
         169  1 0.2218 0.0176 0.0675 0.0799 0.2542 0.0852 0.1175 0.1563 
         170  1 0.1778 0.0292 0.0898 0.1072 0.2095 0.1093 0.1330 0.1442 
         171  1 0.1497 0.0181 0.1296 0.1388 0.1356 0.1309 0.1625 0.1348 
         172  1 0.1385 0.0246 0.1377 0.1436 0.1404 0.1331 0.1416 0.1406 
         173  1 0.1318 0.0236 0.1436 0.1445 0.1177 0.1405 0.1626 0.1359 
         174  1 0.1459 0.0219 0.1238 0.1358 0.1525 0.1299 0.1426 0.1476 
         175  1 0.1622 0.0176 0.1226 0.1264 0.1724 0.1291 0.1312 0.1385 
         176  1 0.1378 0.0200 0.1372 0.1375 0.1371 0.1388 0.1478 0.1438 
         177  1 0.1311 0.0387 0.1285 0.1341 0.1541 0.1348 0.1390 0.1397 
         178  1 0.1302 0.0241 0.1554 0.1534 0.1356 0.1368 0.1260 0.1385 
         179  1 0.1174 0.0370 0.1360 0.1413 0.1191 0.1495 0.1625 0.1371 
         180  1 0.1317 0.0213 0.1198 0.1352 0.1313 0.1528 0.1661 0.1417 
         181  1 0.1190 0.0575 0.1255 0.1347 0.1250 0.1432 0.1524 0.1427 
         182  1 0.1196 0.1219 0.1321 0.1269 0.1139 0.1327 0.1309 0.1221 
         183  1 0.1441 0.0211 0.1291 0.1392 0.1570 0.1381 0.1293 0.1421 
         184  1 0.1419 0.0369 0.1167 0.1218 0.1798 0.1262 0.1352 0.1415 
         185  1 0.1727 0.0270 0.1148 0.1179 0.1792 0.1168 0.1274 0.1443 
         186  1 0.1363 0.0478 0.1434 0.1368 0.1226 0.1408 0.1362 0.1361 
         187  1 0.1409 0.0151 0.1246 0.1418 0.1340 0.1316 0.1732 0.1389 
         188  1 0.1406 0.0289 0.1294 0.1384 0.1489 0.1367 0.1351 0.1419 
         189  1 0.1297 0.0354 0.1310 0.1338 0.1433 0.1428 0.1422 0.1418 
         190  1 0.1359 0.0558 0.1223 0.1421 0.1266 0.1379 0.1400 0.1395 
         191  1 0.1204 0.0241 0.1334 0.1435 0.1296 0.1416 0.1627 0.1447 
         192  1 0.1175 0.0517 0.1288 0.1355 0.1477 0.1411 0.1379 0.1397 
         193  1 0.1578 0.0395 0.1208 0.1241 0.1401 0.1311 0.1556 0.1310 
         194  1 0.0869 0.3267 0.1014 0.1008 0.0849 0.1057 0.1018 0.0919 
         195  1 0.1096 0.0199 0.1739 0.1716 0.0980 0.1588 0.1365 0.1317 
         196  1 0.1232 0.0559 0.1247 0.1327 0.1608 0.1341 0.1234 0.1453 
         197  1 0.1402 0.1164 0.1045 0.1081 0.1603 0.1184 0.1289 0.1232 
         198  1 0.1415 0.0414 0.1258 0.1329 0.1393 0.1334 0.1452 0.1404 
         199  1 0.1163 0.1010 0.1195 0.1224 0.1591 0.1313 0.1178 0.1326 
         200  1 0.1370 0.0731 0.1245 0.1221 0.1412 0.1374 0.1293 0.1356 
         201  1 0.1128 0.0230 0.1484 0.1607 0.1296 0.1395 0.1454 0.1406 
         202  1 0.1294 0.0348 0.1349 0.1475 0.1317 0.1398 0.1460 0.1359 
         203  1 0.1482 0.0276 0.1370 0.1415 0.1328 0.1355 0.1401 0.1373 
         204  1 0.1155 0.0314 0.1777 0.1600 0.0991 0.1584 0.1296 0.1283 
         205  1 0.1235 0.0559 0.1313 0.1361 0.1338 0.1402 0.1405 0.1386 
         206  1 0.1475 0.0240 0.1312 0.1365 0.1432 0.1330 0.1429 0.1416 
         207  1 0.1716 0.0412 0.1014 0.1151 0.2013 0.1163 0.1100 0.1429 
         208  1 0.1393 0.0168 0.1385 0.1395 0.1339 0.1398 0.1534 0.1389 
         209  1 0.1440 0.1280 0.0901 0.1011 0.1865 0.1151 0.1022 0.1329 
         210  1 0.1244 0.0529 0.1497 0.1550 0.1199 0.1410 0.1320 0.1251 
         211  1 0.1301 0.0253 0.1481 0.1425 0.1188 0.1446 0.1462 0.1444 
         212  1 0.1343 0.0238 0.1340 0.1378 0.1445 0.1387 0.1513 0.1357 
         213  1 0.1107 0.1957 0.1180 0.1115 0.1023 0.1245 0.1131 0.1241 
         214  1 0.2136 0.0245 0.0616 0.0755 0.2858 0.0856 0.1018 0.1516 
         215  1 0.1298 0.0829 0.1266 0.1278 0.1412 0.1247 0.1390 0.1279 
         216  1 0.1392 0.0315 0.1381 0.1356 0.1319 0.1434 0.1376 0.1426 
         217  1 0.1185 0.1000 0.1546 0.1433 0.0971 0.1334 0.1294 0.1237 
         218  1 0.1310 0.1295 0.1164 0.1154 0.1364 0.1220 0.1260 0.1232 
         219  1 0.1147 0.2329 0.1032 0.1051 0.1176 0.1117 0.1055 0.1094 
         220  1 0.1519 0.0230 0.1082 0.1158 0.1941 0.1245 0.1367 0.1458 
         221  1 0.1442 0.0557 0.1316 0.1357 0.1236 0.1342 0.1354 0.1395 
         222  1 0.1702 0.0237 0.1097 0.1188 0.1797 0.1243 0.1351 0.1385 
         223  1 0.1338 0.0707 0.1365 0.1353 0.1092 0.1340 0.1465 0.1340 
         224  1 0.1408 0.0325 0.1308 0.1412 0.1410 0.1336 0.1392 0.1410 
         225  1 0.1139 0.2363 0.1039 0.1038 0.1083 0.1068 0.1132 0.1138 
         226  1 0.1236 0.0166 0.1869 0.1695 0.0876 0.1529 0.1457 0.1173 
