           1  1 0.1351 0.0542 0.0106 0.3199 0.1289 0.0950 0.1098 0.1464 
           2  1 0.0474 0.0380 0.6748 0.0663 0.0459 0.0382 0.0430 0.0464 
           3  1 0.1053 0.1128 0.2629 0.1006 0.1035 0.1023 0.1035 0.1090 
           4  1 0.0283 0.0289 0.8005 0.0290 0.0279 0.0281 0.0288 0.0284 
           5  1 0.0831 0.0525 0.4786 0.1163 0.0761 0.0653 0.0571 0.0710 
           6  1 0.0315 0.0291 0.7804 0.0348 0.0307 0.0314 0.0299 0.0322 
           7  1 0.0480 0.0450 0.6652 0.0596 0.0454 0.0434 0.0457 0.0476 
           8  1 0.0710 0.0609 0.5549 0.0680 0.0619 0.0623 0.0583 0.0627 
           9  1 0.0279 0.0282 0.8107 0.0264 0.0262 0.0271 0.0267 0.0268 
          10  1 0.1268 0.1178 0.1201 0.1337 0.1229 0.1245 0.1217 0.1325 
          11  1 0.0262 0.0243 0.8247 0.0251 0.0244 0.0248 0.0243 0.0263 
          12  1 0.0977 0.0779 0.3475 0.1031 0.0886 0.0912 0.0947 0.0993 
          13  1 0.0241 0.0223 0.8369 0.0239 0.0244 0.0233 0.0226 0.0224 
          14  1 0.1322 0.1383 0.1022 0.1120 0.1240 0.1294 0.1341 0.1279 
          15  1 0.0495 0.0503 0.6774 0.0426 0.0447 0.0456 0.0474 0.0424 
          16  1 0.1379 0.1189 0.0993 0.1274 0.1332 0.1357 0.1271 0.1205 
          17  1 0.0940 0.0808 0.4244 0.0811 0.0726 0.0928 0.0775 0.0769 
          18  1 0.1399 0.1182 0.1986 0.0937 0.1072 0.1353 0.1056 0.1015 
          19  1 0.0764 0.0752 0.4819 0.0760 0.0746 0.0759 0.0691 0.0710 
          20  1 0.0734 0.0639 0.4955 0.0816 0.0725 0.0691 0.0678 0.0762 
          21  1 0.0851 0.0625 0.4243 0.1171 0.0818 0.0693 0.0741 0.0859 
          22  1 0.1250 0.1251 0.1243 0.1256 0.1242 0.1254 0.1248 0.1256 
          23  1 0.0854 0.0489 0.4864 0.1120 0.0698 0.0591 0.0644 0.0739 
          24  1 0.0537 0.0395 0.6435 0.0712 0.0495 0.0446 0.0494 0.0485 
          25  1 0.1291 0.0967 0.1490 0.1646 0.1177 0.1023 0.1112 0.1294 
          26  1 0.0835 0.0872 0.4063 0.0858 0.0835 0.0868 0.0783 0.0886 
          27  1 0.0697 0.0724 0.4977 0.0828 0.0686 0.0677 0.0687 0.0724 
          28  1 0.1318 0.1230 0.0744 0.1444 0.1300 0.1306 0.1369 0.1290 
          29  1 0.0515 0.0468 0.6531 0.0544 0.0497 0.0476 0.0490 0.0480 
          30  1 0.0621 0.0487 0.5844 0.0748 0.0622 0.0544 0.0554 0.0579 
          31  1 0.0205 0.0187 0.8579 0.0216 0.0202 0.0212 0.0192 0.0206 
          32  1 0.0835 0.0676 0.4318 0.0932 0.0840 0.0775 0.0828 0.0795 
          33  1 0.0732 0.0632 0.5029 0.0831 0.0697 0.0677 0.0690 0.0712 
          34  1 0.0927 0.0699 0.4269 0.0922 0.0796 0.0835 0.0788 0.0763 
          35  1 0.1061 0.0974 0.2693 0.1063 0.1048 0.1075 0.1028 0.1057 
          36  1 0.1352 0.1190 0.1343 0.1201 0.1220 0.1283 0.1176 0.1236 
          37  1 0.1167 0.1258 0.1188 0.1317 0.1271 0.1203 0.1255 0.1342 
          38  1 0.1293 0.1379 0.0532 0.1215 0.1457 0.1441 0.1404 0.1279 
          39  1 0.0392 0.0389 0.7299 0.0423 0.0390 0.0371 0.0365 0.0371 
          40  1 0.0432 0.0391 0.7013 0.0498 0.0457 0.0394 0.0376 0.0439 
          41  1 0.1301 0.1130 0.1641 0.1201 0.1158 0.1164 0.1193 0.1212 
          42  1 0.0702 0.0551 0.5528 0.0696 0.0635 0.0596 0.0656 0.0636 
          43  1 0.1358 0.0870 0.0938 0.2134 0.1228 0.1075 0.1143 0.1255 
          44  1 0.0532 0.0587 0.6106 0.0519 0.0560 0.0504 0.0584 0.0608 
          45  1 0.0873 0.0565 0.4554 0.1128 0.0768 0.0675 0.0715 0.0723 
          46  1 0.1100 0.1188 0.1791 0.1204 0.1179 0.1077 0.1183 0.1278 
          47  1 0.1161 0.1281 0.1408 0.1271 0.1239 0.1125 0.1191 0.1325 
          48  1 0.0975 0.0686 0.3330 0.1363 0.0985 0.0833 0.0867 0.0961 
          49  1 0.1376 0.1531 0.0460 0.1182 0.1325 0.1344 0.1364 0.1419 
          50  1 0.1240 0.1431 0.0574 0.1275 0.1315 0.1345 0.1361 0.1459 
          51  1 0.1256 0.1886 0.0274 0.1023 0.1404 0.1172 0.1501 0.1483 
          52  1 0.1313 0.1356 0.0206 0.1541 0.1507 0.1271 0.1327 0.1479 
          53  1 0.1434 0.1369 0.0438 0.1114 0.1452 0.1697 0.1394 0.1103 
          54  1 0.1392 0.1483 0.0262 0.1101 0.1369 0.1514 0.1515 0.1364 
          55  1 0.1198 0.1252 0.0945 0.1249 0.1251 0.1469 0.1273 0.1363 
          56  1 0.1515 0.1425 0.0108 0.1314 0.1412 0.1601 0.1391 0.1234 
          57  1 0.1260 0.1753 0.0259 0.1150 0.1535 0.1157 0.1469 0.1417 
          58  1 0.1295 0.1228 0.0644 0.1583 0.1329 0.1222 0.1272 0.1427 
          59  1 0.1512 0.1394 0.0546 0.1067 0.1271 0.1656 0.1344 0.1210 
          60  1 0.1383 0.1374 0.0259 0.1352 0.1375 0.1557 0.1372 0.1329 
          61  1 0.1314 0.1293 0.0282 0.1462 0.1417 0.1271 0.1425 0.1536 
          62  1 0.1306 0.1340 0.0636 0.1529 0.1302 0.1189 0.1268 0.1429 
          63  1 0.1291 0.1027 0.1196 0.1795 0.1219 0.0998 0.1200 0.1273 
          64  1 0.1365 0.1395 0.0228 0.1394 0.1403 0.1369 0.1349 0.1498 
          65  1 0.1296 0.1274 0.0314 0.1531 0.1426 0.1313 0.1299 0.1548 
          66  1 0.1445 0.1343 0.0589 0.1276 0.1278 0.1392 0.1312 0.1364 
          67  1 0.1315 0.1709 0.0309 0.1376 0.1320 0.1144 0.1453 0.1374 
          68  1 0.1343 0.1418 0.0127 0.1363 0.1405 0.1462 0.1453 0.1429 
          69  1 0.1272 0.1782 0.0166 0.1058 0.1338 0.1450 0.1318 0.1615 
          70  1 0.1208 0.1601 0.0143 0.1223 0.1534 0.1366 0.1468 0.1459 
          71  1 0.1347 0.1344 0.0866 0.1114 0.1301 0.1467 0.1315 0.1246 
          72  1 0.1323 0.1575 0.0160 0.1055 0.1405 0.1563 0.1507 0.1411 
          73  1 0.1276 0.1374 0.0160 0.1289 0.1315 0.1388 0.1491 0.1707 
          74  1 0.1335 0.1460 0.0304 0.1225 0.1477 0.1495 0.1399 0.1305 
          75  1 0.1286 0.1361 0.0286 0.1338 0.1439 0.1472 0.1411 0.1407 
          76  1 0.1300 0.1552 0.0154 0.1172 0.1563 0.1334 0.1486 0.1440 
          77  1 0.1399 0.1282 0.0197 0.1436 0.1392 0.1460 0.1390 0.1443 
          78  1 0.1534 0.1311 0.0173 0.1594 0.1419 0.1403 0.1313 0.1252 
          79  1 0.1240 0.1623 0.0234 0.1104 0.1340 0.1565 0.1463 0.1431 
          80  1 0.1423 0.1224 0.0242 0.1587 0.1431 0.1366 0.1307 0.1419 
          81  1 0.1378 0.1294 0.0269 0.1414 0.1476 0.1389 0.1408 0.1372 
          82  1 0.1374 0.1266 0.0717 0.1344 0.1230 0.1494 0.1316 0.1259 
          83  1 0.1370 0.1329 0.0193 0.1497 0.1369 0.1375 0.1405 0.1463 
          84  1 0.1344 0.1261 0.0214 0.1437 0.1380 0.1424 0.1430 0.1509 
          85  1 0.1204 0.1166 0.2056 0.1152 0.1096 0.1170 0.1066 0.1091 
          86  1 0.1173 0.1086 0.2461 0.1004 0.1107 0.1119 0.1093 0.0958 
          87  1 0.1529 0.1357 0.0843 0.0895 0.1289 0.1774 0.1290 0.1022 
          88  1 0.1355 0.1467 0.0323 0.1041 0.1390 0.1720 0.1491 0.1214 
          89  1 0.1375 0.1438 0.0264 0.1264 0.1440 0.1414 0.1495 0.1311 
          90  1 0.1220 0.1624 0.0268 0.1189 0.1374 0.1427 0.1370 0.1528 
          91  1 0.1426 0.1162 0.0525 0.1507 0.1309 0.1393 0.1341 0.1337 
          92  1 0.1401 0.1293 0.0587 0.1375 0.1362 0.1268 0.1310 0.1406 
          93  1 0.1269 0.1609 0.0274 0.1283 0.1374 0.1239 0.1554 0.1398 
          94  1 0.1129 0.1276 0.1539 0.1169 0.1229 0.1214 0.1153 0.1291 
          95  1 0.1259 0.1611 0.0223 0.1233 0.1362 0.1471 0.1345 0.1497 
          96  1 0.1598 0.1669 0.0266 0.0693 0.1404 0.1901 0.1517 0.0952 
          97  1 0.1208 0.1598 0.1418 0.1012 0.1211 0.1010 0.1270 0.1273 
          98  1 0.1387 0.1417 0.0834 0.1084 0.1340 0.1475 0.1311 0.1151 
          99  1 0.1425 0.1205 0.0501 0.1465 0.1251 0.1464 0.1326 0.1362 
         100  1 0.1244 0.1149 0.1739 0.1151 0.1167 0.1204 0.1107 0.1240 
         101  1 0.1319 0.1213 0.0672 0.1493 0.1288 0.1316 0.1335 0.1364 
         102  1 0.1387 0.1358 0.0188 0.1252 0.1394 0.1571 0.1488 0.1361 
         103  1 0.1280 0.1471 0.0520 0.1181 0.1386 0.1249 0.1505 0.1408 
         104  1 0.1306 0.1237 0.0221 0.1578 0.1372 0.1451 0.1387 0.1447 
         105  1 0.1212 0.1173 0.1067 0.1381 0.1267 0.1294 0.1281 0.1325 
         106  1 0.1272 0.1099 0.0776 0.1591 0.1384 0.1185 0.1333 0.1361 
         107  1 0.1041 0.0948 0.3329 0.0929 0.0913 0.0914 0.0976 0.0951 
         108  1 0.1660 0.1596 0.0159 0.0881 0.1296 0.1832 0.1565 0.1012 
         109  1 0.1500 0.1278 0.0751 0.1365 0.1208 0.1334 0.1288 0.1276 
         110  1 0.1477 0.1365 0.0166 0.1597 0.1283 0.1272 0.1386 0.1454 
         111  1 0.1265 0.1515 0.0452 0.1326 0.1323 0.1183 0.1435 0.1502 
         112  1 0.1339 0.1320 0.0315 0.1358 0.1463 0.1327 0.1443 0.1434 
         113  1 0.1520 0.1493 0.0371 0.0847 0.1400 0.1825 0.1485 0.1058 
         114  1 0.1419 0.1012 0.1302 0.1414 0.1231 0.1119 0.1229 0.1275 
         115  1 0.1412 0.1274 0.0234 0.1403 0.1432 0.1299 0.1422 0.1524 
         116  1 0.1341 0.1530 0.0236 0.1363 0.1364 0.1381 0.1394 0.1392 
         117  1 0.1245 0.1405 0.0416 0.1322 0.1330 0.1379 0.1446 0.1457 
         118  1 0.1341 0.1331 0.0471 0.1472 0.1358 0.1396 0.1263 0.1368 
         119  1 0.1330 0.1250 0.0363 0.1508 0.1384 0.1358 0.1380 0.1426 
         120  1 0.1557 0.1628 0.0115 0.0758 0.1430 0.1903 0.1564 0.1046 
         121  1 0.1333 0.1183 0.0345 0.1595 0.1408 0.1338 0.1357 0.1441 
         122  1 0.1415 0.1218 0.0181 0.1810 0.1369 0.1198 0.1198 0.1611 
         123  1 0.1284 0.1350 0.0473 0.1344 0.1351 0.1357 0.1393 0.1448 
         124  1 0.1340 0.1093 0.0920 0.1633 0.1314 0.1161 0.1220 0.1319 
         125  1 0.1555 0.1363 0.0316 0.1166 0.1402 0.1519 0.1443 0.1237 
         126  1 0.1316 0.1381 0.0798 0.1232 0.1348 0.1240 0.1363 0.1323 
         127  1 0.1539 0.1471 0.0635 0.0908 0.1300 0.1694 0.1394 0.1058 
         128  1 0.1427 0.1391 0.0209 0.1331 0.1331 0.1593 0.1439 0.1279 
         129  1 0.1312 0.1470 0.0190 0.1427 0.1395 0.1357 0.1417 0.1431 
         130  1 0.1519 0.1524 0.0182 0.1002 0.1378 0.1709 0.1490 0.1197 
         131  1 0.1358 0.1114 0.0243 0.1689 0.1372 0.1270 0.1464 0.1490 
         132  1 0.1478 0.1090 0.0369 0.1684 0.1425 0.1273 0.1324 0.1358 
         133  1 0.1291 0.1319 0.0812 0.1362 0.1306 0.1206 0.1346 0.1357 
         134  1 0.1404 0.1272 0.0299 0.1513 0.1378 0.1394 0.1375 0.1366 
         135  1 0.1369 0.1552 0.0297 0.0994 0.1349 0.1696 0.1479 0.1263 
         136  1 0.1325 0.1564 0.0359 0.1235 0.1369 0.1323 0.1430 0.1395 
         137  1 0.1436 0.1403 0.0404 0.1413 0.1353 0.1285 0.1359 0.1348 
         138  1 0.1207 0.1574 0.0468 0.1343 0.1332 0.1241 0.1324 0.1511 
         139  1 0.1214 0.1665 0.0456 0.1379 0.1299 0.1170 0.1385 0.1432 
         140  1 0.1240 0.1424 0.0989 0.1309 0.1189 0.1129 0.1316 0.1404 
         141  1 0.1310 0.1420 0.0712 0.1182 0.1318 0.1379 0.1366 0.1312 
         142  1 0.1351 0.1063 0.0260 0.1815 0.1363 0.1334 0.1340 0.1472 
         143  1 0.1323 0.1234 0.0120 0.1582 0.1389 0.1338 0.1381 0.1634 
         144  1 0.1374 0.1324 0.0196 0.1500 0.1350 0.1289 0.1412 0.1555 
         145  1 0.1243 0.1362 0.1175 0.1140 0.1332 0.1260 0.1270 0.1218 
         146  1 0.1372 0.1261 0.0502 0.1195 0.1389 0.1540 0.1392 0.1349 
         147  1 0.1396 0.1539 0.0402 0.1296 0.1373 0.1412 0.1258 0.1324 
         148  1 0.1208 0.1355 0.0221 0.1397 0.1491 0.1418 0.1456 0.1453 
         149  1 0.1373 0.1361 0.0481 0.1285 0.1290 0.1517 0.1379 0.1315 
         150  1 0.1459 0.1412 0.0313 0.1127 0.1346 0.1689 0.1436 0.1220 
         151  1 0.1296 0.1250 0.1493 0.0933 0.1226 0.1475 0.1275 0.1052 
         152  1 0.1439 0.1495 0.0403 0.1090 0.1401 0.1544 0.1452 0.1176 
         153  1 0.1176 0.0948 0.2214 0.1251 0.1114 0.1098 0.1070 0.1129 
         154  1 0.1431 0.1200 0.0309 0.1663 0.1425 0.1160 0.1400 0.1413 
         155  1 0.1266 0.1387 0.0594 0.1326 0.1361 0.1380 0.1280 0.1406 
         156  1 0.1245 0.1692 0.0190 0.1265 0.1398 0.1349 0.1417 0.1443 
         157  1 0.1352 0.1396 0.0143 0.1372 0.1470 0.1336 0.1474 0.1458 
         158  1 0.1478 0.1365 0.0351 0.1221 0.1404 0.1492 0.1359 0.1330 
         159  1 0.1523 0.1300 0.0254 0.1297 0.1361 0.1549 0.1341 0.1375 
         160  1 0.1285 0.1640 0.0174 0.1353 0.1359 0.1345 0.1418 0.1425 
         161  1 0.1338 0.1557 0.0165 0.1048 0.1378 0.1682 0.1537 0.1296 
         162  1 0.1291 0.1676 0.0416 0.1148 0.1418 0.1340 0.1312 0.1397 
         163  1 0.1205 0.1746 0.0196 0.1223 0.1427 0.1236 0.1509 0.1457 
         164  1 0.1342 0.1293 0.0338 0.1423 0.1468 0.1257 0.1378 0.1501 
         165  1 0.1327 0.1384 0.0199 0.1476 0.1400 0.1285 0.1428 0.1501 
         166  1 0.1252 0.1518 0.0194 0.1224 0.1483 0.1391 0.1428 0.1509 
         167  1 0.1348 0.1512 0.0179 0.1314 0.1363 0.1456 0.1387 0.1441 
         168  1 0.1346 0.1513 0.0209 0.1388 0.1484 0.1265 0.1439 0.1355 
         169  1 0.1477 0.1756 0.0175 0.0818 0.1458 0.1752 0.1493 0.1070 
         170  1 0.1378 0.1707 0.0291 0.0983 0.1457 0.1519 0.1416 0.1248 
         171  1 0.1314 0.1667 0.0196 0.1273 0.1424 0.1283 0.1450 0.1394 
         172  1 0.1347 0.1324 0.0255 0.1430 0.1328 0.1457 0.1409 0.1451 
         173  1 0.1317 0.1536 0.0234 0.1430 0.1384 0.1258 0.1500 0.1342 
         174  1 0.1382 0.1380 0.0230 0.1285 0.1393 0.1535 0.1475 0.1320 
         175  1 0.1352 0.1403 0.0179 0.1288 0.1485 0.1598 0.1359 0.1338 
         176  1 0.1503 0.1294 0.0197 0.1317 0.1511 0.1372 0.1405 0.1400 
         177  1 0.1354 0.1537 0.0410 0.1248 0.1395 0.1240 0.1419 0.1398 
         178  1 0.1527 0.1321 0.0258 0.1542 0.1304 0.1378 0.1368 0.1303 
         179  1 0.1261 0.1578 0.0383 0.1335 0.1402 0.1138 0.1431 0.1470 
         180  1 0.1295 0.1632 0.0212 0.1161 0.1393 0.1317 0.1502 0.1487 
         181  1 0.1348 0.1381 0.0566 0.1216 0.1359 0.1255 0.1389 0.1485 
         182  1 0.1278 0.1149 0.1281 0.1237 0.1267 0.1266 0.1233 0.1289 
         183  1 0.1413 0.1430 0.0223 0.1200 0.1310 0.1589 0.1379 0.1455 
         184  1 0.1346 0.1494 0.0370 0.1175 0.1492 0.1427 0.1372 0.1323 
         185  1 0.1435 0.1376 0.0268 0.1140 0.1361 0.1664 0.1444 0.1310 
         186  1 0.1352 0.1392 0.0475 0.1368 0.1382 0.1374 0.1342 0.1315 
         187  1 0.1209 0.1624 0.0152 0.1227 0.1392 0.1321 0.1538 0.1538 
         188  1 0.1430 0.1399 0.0284 0.1277 0.1339 0.1588 0.1362 0.1320 
         189  1 0.1446 0.1367 0.0349 0.1217 0.1358 0.1403 0.1423 0.1438 
         190  1 0.1305 0.1386 0.0569 0.1257 0.1320 0.1400 0.1361 0.1402 
         191  1 0.1242 0.1514 0.0240 0.1236 0.1519 0.1270 0.1488 0.1492 
         192  1 0.1290 0.1571 0.0526 0.1187 0.1332 0.1179 0.1422 0.1493 
         193  1 0.1207 0.1649 0.0405 0.1196 0.1410 0.1367 0.1349 0.1417 
         194  1 0.0935 0.0974 0.3187 0.0944 0.0988 0.0939 0.1014 0.1019 
         195  1 0.1407 0.1071 0.0207 0.1788 0.1356 0.1300 0.1356 0.1517 
         196  1 0.1316 0.1500 0.0555 0.1199 0.1326 0.1338 0.1428 0.1338 
         197  1 0.1129 0.1553 0.1166 0.1091 0.1288 0.1292 0.1237 0.1244 
         198  1 0.1354 0.1416 0.0432 0.1255 0.1331 0.1499 0.1364 0.1350 
         199  1 0.1314 0.1371 0.0965 0.1102 0.1287 0.1312 0.1371 0.1279 
         200  1 0.1480 0.1266 0.0682 0.1173 0.1313 0.1534 0.1234 0.1319 
         201  1 0.1432 0.1279 0.0249 0.1485 0.1353 0.1240 0.1463 0.1498 
         202  1 0.1358 0.1338 0.0367 0.1367 0.1355 0.1321 0.1441 0.1453 
         203  1 0.1315 0.1473 0.0292 0.1423 0.1332 0.1387 0.1349 0.1429 
         204  1 0.1436 0.1043 0.0344 0.1692 0.1336 0.1334 0.1290 0.1525 
         205  1 0.1251 0.1372 0.0556 0.1362 0.1324 0.1291 0.1399 0.1445 
         206  1 0.1271 0.1598 0.0244 0.1253 0.1390 0.1401 0.1418 0.1425 
         207  1 0.1461 0.1419 0.0427 0.1114 0.1387 0.1599 0.1411 0.1181 
         208  1 0.1269 0.1368 0.0172 0.1324 0.1397 0.1387 0.1546 0.1538 
         209  1 0.1486 0.1285 0.1148 0.0984 0.1200 0.1508 0.1302 0.1085 
         210  1 0.1363 0.1293 0.0590 0.1481 0.1322 0.1362 0.1257 0.1331 
         211  1 0.1277 0.1330 0.0262 0.1363 0.1466 0.1347 0.1443 0.1512 
         212  1 0.1222 0.1638 0.0253 0.1373 0.1415 0.1259 0.1378 0.1461 
         213  1 0.1311 0.1050 0.1818 0.1253 0.1166 0.1160 0.1113 0.1129 
         214  1 0.1546 0.1647 0.0245 0.0721 0.1455 0.1840 0.1542 0.1004 
         215  1 0.1236 0.1393 0.0865 0.1212 0.1368 0.1235 0.1364 0.1327 
         216  1 0.1454 0.1273 0.0321 0.1392 0.1352 0.1362 0.1376 0.1471 
         217  1 0.1305 0.1089 0.1141 0.1475 0.1358 0.1187 0.1145 0.1299 
         218  1 0.1215 0.1299 0.1317 0.1129 0.1264 0.1263 0.1287 0.1225 
         219  1 0.1056 0.1161 0.2282 0.1064 0.1134 0.1118 0.1089 0.1096 
         220  1 0.1347 0.1648 0.0228 0.1113 0.1356 0.1513 0.1452 0.1343 
         221  1 0.1311 0.1322 0.0596 0.1350 0.1360 0.1397 0.1333 0.1331 
         222  1 0.1404 0.1557 0.0248 0.1140 0.1370 0.1485 0.1467 0.1329 
         223  1 0.1270 0.1230 0.0725 0.1378 0.1314 0.1284 0.1358 0.1441 
         224  1 0.1265 0.1513 0.0319 0.1209 0.1449 0.1402 0.1471 0.1372 
         225  1 0.1072 0.1109 0.2353 0.1071 0.1097 0.1161 0.1050 0.1088 
         226  1 0.1350 0.1262 0.0181 0.2058 0.1362 0.1060 0.1266 0.1461 
