           1  1 0.0100 0.1826 0.0900 0.1463 0.1380 0.0937 0.1326 0.0535 0.0764 0.0769 
           2  1 0.6210 0.0551 0.0408 0.0478 0.0451 0.0408 0.0469 0.0289 0.0374 0.0363 
           3  1 0.2262 0.0817 0.0886 0.0838 0.0856 0.0860 0.0885 0.0819 0.0889 0.0888 
           4  1 0.7408 0.0310 0.0281 0.0292 0.0281 0.0288 0.0305 0.0267 0.0289 0.0279 
           5  1 0.3319 0.1013 0.0604 0.0918 0.0750 0.0700 0.0884 0.0534 0.0680 0.0598 
           6  1 0.7134 0.0332 0.0310 0.0337 0.0318 0.0333 0.0328 0.0307 0.0316 0.0285 
           7  1 0.5133 0.0630 0.0541 0.0576 0.0557 0.0546 0.0578 0.0452 0.0512 0.0475 
           8  1 0.4062 0.0678 0.0659 0.0676 0.0646 0.0686 0.0693 0.0648 0.0661 0.0591 
           9  1 0.7439 0.0286 0.0274 0.0299 0.0288 0.0278 0.0289 0.0274 0.0290 0.0283 
          10  1 0.1032 0.1050 0.0966 0.1091 0.1012 0.0981 0.1047 0.0877 0.1026 0.0917 
          11  1 0.7550 0.0276 0.0267 0.0269 0.0274 0.0285 0.0285 0.0275 0.0264 0.0256 
          12  1 0.2089 0.1027 0.0886 0.0951 0.0848 0.0916 0.0909 0.0723 0.0920 0.0731 
          13  1 0.7765 0.0267 0.0254 0.0257 0.0240 0.0249 0.0242 0.0235 0.0251 0.0239 
          14  1 0.0789 0.0942 0.1051 0.0964 0.1010 0.1041 0.1017 0.1031 0.1091 0.1064 
          15  1 0.6144 0.0390 0.0425 0.0413 0.0403 0.0433 0.0419 0.0471 0.0409 0.0492 
          16  1 0.0728 0.1027 0.1037 0.1006 0.0958 0.1050 0.1008 0.1091 0.1010 0.1085 
          17  1 0.2899 0.0719 0.0773 0.0722 0.0780 0.0803 0.0753 0.0877 0.0862 0.0811 
          18  1 0.1395 0.0770 0.0994 0.0810 0.0932 0.1007 0.0861 0.1182 0.0993 0.1056 
          19  1 0.4023 0.0690 0.0678 0.0650 0.0703 0.0660 0.0712 0.0593 0.0686 0.0605 
          20  1 0.3428 0.0798 0.0703 0.0779 0.0728 0.0729 0.0772 0.0629 0.0769 0.0665 
          21  1 0.2719 0.1027 0.0733 0.0959 0.0831 0.0787 0.0895 0.0622 0.0759 0.0669 
          22  1 0.0999 0.1008 0.0992 0.1005 0.0998 0.0984 0.1007 0.1001 0.1000 0.1005 
          23  1 0.3538 0.0970 0.0638 0.0907 0.0755 0.0686 0.0863 0.0472 0.0595 0.0575 
          24  1 0.5649 0.0593 0.0435 0.0565 0.0526 0.0445 0.0521 0.0400 0.0426 0.0440 
          25  1 0.0974 0.1258 0.0910 0.1190 0.1090 0.0955 0.1062 0.0788 0.0913 0.0861 
          26  1 0.3223 0.0736 0.0804 0.0700 0.0780 0.0762 0.0699 0.0753 0.0825 0.0718 
          27  1 0.4319 0.0707 0.0625 0.0674 0.0649 0.0642 0.0674 0.0482 0.0613 0.0616 
          28  1 0.0509 0.1071 0.1043 0.1155 0.1079 0.1077 0.1048 0.0943 0.1119 0.0955 
          29  1 0.5728 0.0515 0.0455 0.0494 0.0467 0.0485 0.0495 0.0452 0.0464 0.0445 
          30  1 0.4784 0.0685 0.0536 0.0643 0.0654 0.0606 0.0612 0.0480 0.0506 0.0495 
          31  1 0.8131 0.0221 0.0208 0.0217 0.0199 0.0210 0.0210 0.0195 0.0212 0.0197 
          32  1 0.3060 0.0943 0.0720 0.0908 0.0796 0.0820 0.0806 0.0611 0.0673 0.0662 
          33  1 0.4103 0.0735 0.0632 0.0688 0.0674 0.0644 0.0692 0.0593 0.0633 0.0606 
          34  1 0.2679 0.0861 0.0769 0.0824 0.0836 0.0770 0.0812 0.0833 0.0819 0.0797 
          35  1 0.1917 0.0943 0.0899 0.0915 0.0901 0.0895 0.0928 0.0872 0.0899 0.0832 
          36  1 0.0832 0.0986 0.1011 0.0993 0.0966 0.1035 0.0995 0.1061 0.1097 0.1024 
          37  1 0.0862 0.1067 0.1042 0.1014 0.1043 0.1034 0.1030 0.0932 0.1032 0.0945 
          38  1 0.0432 0.0943 0.1064 0.0986 0.1026 0.1089 0.0967 0.1284 0.1024 0.1183 
          39  1 0.6192 0.0456 0.0432 0.0426 0.0434 0.0422 0.0429 0.0376 0.0453 0.0379 
          40  1 0.6051 0.0496 0.0403 0.0454 0.0484 0.0447 0.0470 0.0376 0.0423 0.0397 
          41  1 0.1061 0.0992 0.0959 0.1021 0.1030 0.1049 0.1025 0.0917 0.1034 0.0911 
          42  1 0.4060 0.0713 0.0641 0.0674 0.0708 0.0688 0.0668 0.0586 0.0671 0.0590 
          43  1 0.0722 0.1374 0.0905 0.1274 0.1147 0.0960 0.1153 0.0733 0.0840 0.0891 
          44  1 0.5449 0.0529 0.0503 0.0507 0.0495 0.0504 0.0536 0.0465 0.0536 0.0478 
          45  1 0.3738 0.0875 0.0629 0.0769 0.0738 0.0678 0.0795 0.0543 0.0624 0.0610 
          46  1 0.1456 0.1001 0.0968 0.1003 0.0969 0.0924 0.1043 0.0813 0.0950 0.0874 
          47  1 0.0984 0.1074 0.1008 0.1084 0.1020 0.1027 0.1071 0.0846 0.0976 0.0909 
          48  1 0.2309 0.1069 0.0798 0.1020 0.0905 0.0819 0.0938 0.0662 0.0760 0.0720 
          49  1 0.0372 0.1023 0.1165 0.1019 0.1015 0.1032 0.1181 0.1008 0.1167 0.1019 
          50  1 0.0424 0.1091 0.1137 0.1087 0.1041 0.1109 0.1073 0.0984 0.1080 0.0976 
          51  1 0.0235 0.0879 0.1242 0.1021 0.1009 0.1040 0.1253 0.0942 0.1179 0.1199 
          52  1 0.0184 0.1163 0.1055 0.1109 0.1246 0.1136 0.1114 0.0956 0.1074 0.0962 
          53  1 0.0410 0.0862 0.1005 0.0993 0.1114 0.1104 0.0939 0.1369 0.0991 0.1213 
          54  1 0.0236 0.0949 0.1066 0.0993 0.1045 0.1110 0.1074 0.1252 0.1125 0.1148 
          55  1 0.0884 0.1021 0.1066 0.1029 0.1030 0.0958 0.1043 0.0992 0.1022 0.0956 
          56  1 0.0106 0.0946 0.1161 0.1058 0.1053 0.1103 0.1022 0.1394 0.0929 0.1227 
          57  1 0.0242 0.0965 0.1125 0.1125 0.0984 0.1065 0.1254 0.0983 0.1167 0.1090 
          58  1 0.0492 0.1298 0.1023 0.1200 0.1056 0.1062 0.1151 0.0828 0.0952 0.0938 
          59  1 0.0491 0.0886 0.1067 0.0909 0.1000 0.1077 0.0972 0.1266 0.1145 0.1186 
          60  1 0.0255 0.1109 0.1115 0.1158 0.0986 0.1021 0.1082 0.1134 0.1098 0.1041 
          61  1 0.0221 0.1227 0.1025 0.1154 0.1109 0.1056 0.1183 0.0888 0.1157 0.0979 
          62  1 0.0469 0.1170 0.1039 0.1100 0.1084 0.1018 0.1083 0.0922 0.1105 0.1011 
          63  1 0.1133 0.1270 0.0890 0.1111 0.1038 0.0917 0.1111 0.0717 0.0946 0.0867 
          64  1 0.0198 0.1044 0.1184 0.1095 0.1102 0.1126 0.1041 0.0973 0.1122 0.1115 
          65  1 0.0283 0.1198 0.0997 0.1149 0.1092 0.1065 0.1132 0.0978 0.1085 0.1021 
          66  1 0.0438 0.1054 0.1140 0.1004 0.1060 0.1068 0.1071 0.1077 0.1087 0.1002 
          67  1 0.0273 0.1066 0.1130 0.1050 0.1181 0.0956 0.1131 0.0911 0.1193 0.1109 
          68  1 0.0120 0.1018 0.1095 0.1088 0.1047 0.1096 0.1132 0.1145 0.1150 0.1107 
          69  1 0.0152 0.0870 0.1216 0.0901 0.1092 0.1147 0.1062 0.1145 0.1161 0.1254 
          70  1 0.0136 0.0998 0.1059 0.1155 0.0998 0.1101 0.1145 0.1099 0.1153 0.1156 
          71  1 0.0745 0.0990 0.1077 0.1017 0.0929 0.0995 0.1052 0.1101 0.1127 0.0967 
          72  1 0.0161 0.0882 0.1176 0.0974 0.1071 0.1055 0.1056 0.1346 0.1103 0.1175 
          73  1 0.0151 0.1009 0.1141 0.1100 0.1064 0.1147 0.1047 0.1130 0.1112 0.1100 
          74  1 0.0276 0.1004 0.1095 0.1123 0.1027 0.1113 0.1088 0.1118 0.1026 0.1129 
          75  1 0.0240 0.1111 0.1069 0.1086 0.1097 0.1139 0.1082 0.1001 0.1133 0.1041 
          76  1 0.0143 0.1019 0.1153 0.1108 0.1027 0.1062 0.1216 0.1067 0.1093 0.1113 
          77  1 0.0163 0.1143 0.1082 0.1155 0.1058 0.1140 0.1099 0.1002 0.1191 0.0967 
          78  1 0.0166 0.1231 0.1033 0.1186 0.1139 0.1058 0.1132 0.1093 0.0920 0.1042 
          79  1 0.0231 0.0877 0.1212 0.0930 0.1124 0.1104 0.0961 0.1187 0.1148 0.1226 
          80  1 0.0202 0.1158 0.1089 0.1231 0.1051 0.1057 0.1178 0.0978 0.1101 0.0955 
          81  1 0.0256 0.1097 0.1058 0.1182 0.1081 0.1022 0.1168 0.0983 0.1068 0.1084 
          82  1 0.0698 0.1058 0.1082 0.1084 0.0982 0.1020 0.1091 0.1045 0.0982 0.0959 
          83  1 0.0200 0.1096 0.1114 0.1073 0.1140 0.1042 0.1059 0.1085 0.1115 0.1077 
          84  1 0.0185 0.1159 0.0971 0.1136 0.1121 0.1137 0.1127 0.1026 0.1067 0.1072 
          85  1 0.1426 0.0991 0.0935 0.0885 0.1015 0.1017 0.0908 0.0950 0.1042 0.0831 
          86  1 0.2061 0.0842 0.0901 0.0819 0.0886 0.0903 0.0845 0.0931 0.0907 0.0905 
          87  1 0.0703 0.0723 0.0987 0.0772 0.0972 0.1131 0.0801 0.1596 0.0925 0.1389 
          88  1 0.0334 0.0762 0.1105 0.0853 0.1019 0.1107 0.0857 0.1644 0.0994 0.1325 
          89  1 0.0230 0.1021 0.1143 0.1125 0.1078 0.1102 0.1119 0.1097 0.1022 0.1062 
          90  1 0.0242 0.0935 0.1131 0.0990 0.1117 0.1206 0.1045 0.1039 0.1140 0.1154 
          91  1 0.0449 0.1205 0.1096 0.1198 0.1059 0.1001 0.1063 0.0928 0.1041 0.0960 
          92  1 0.0408 0.1090 0.1023 0.1058 0.1044 0.1040 0.1117 0.1074 0.1155 0.0990 
          93  1 0.0258 0.1110 0.1115 0.1094 0.1082 0.1075 0.1056 0.1028 0.1175 0.1007 
          94  1 0.1087 0.1018 0.1004 0.0937 0.1017 0.1072 0.0975 0.0917 0.1034 0.0940 
          95  1 0.0213 0.0916 0.1179 0.0968 0.1175 0.1175 0.1007 0.1077 0.1088 0.1201 
          96  1 0.0255 0.0482 0.1183 0.0655 0.0956 0.1042 0.0705 0.2112 0.0844 0.1766 
          97  1 0.1513 0.0745 0.1104 0.0855 0.0815 0.0888 0.0970 0.1060 0.0963 0.1086 
          98  1 0.0646 0.0872 0.1081 0.0957 0.1017 0.1003 0.0943 0.1259 0.1096 0.1124 
          99  1 0.0423 0.1223 0.1013 0.1108 0.1003 0.1107 0.1065 0.0996 0.1091 0.0972 
         100  1 0.1175 0.0968 0.1039 0.0964 0.0952 0.0943 0.0948 0.0963 0.1133 0.0915 
         101  1 0.0531 0.1170 0.1021 0.1113 0.1011 0.1070 0.1096 0.0966 0.1047 0.0975 
         102  1 0.0152 0.0997 0.1081 0.1031 0.1057 0.1132 0.1086 0.1213 0.1128 0.1122 
         103  1 0.0432 0.1036 0.1116 0.1166 0.1030 0.1033 0.1045 0.1066 0.1027 0.1049 
         104  1 0.0212 0.1207 0.1068 0.1136 0.1137 0.1051 0.1192 0.0974 0.1079 0.0945 
         105  1 0.0869 0.1104 0.0974 0.1105 0.1003 0.0972 0.1062 0.0938 0.1059 0.0914 
         106  1 0.0524 0.1251 0.0998 0.1168 0.1088 0.1095 0.1084 0.0880 0.0993 0.0919 
         107  1 0.2318 0.0869 0.0842 0.0862 0.0864 0.0865 0.0908 0.0780 0.0909 0.0783 
         108  1 0.0140 0.0605 0.1205 0.0759 0.0986 0.0976 0.0847 0.1943 0.0887 0.1653 
         109  1 0.0492 0.1092 0.1103 0.1053 0.1039 0.1051 0.0986 0.1058 0.1104 0.1022 
         110  1 0.0150 0.1223 0.1174 0.1134 0.1111 0.1010 0.1131 0.0992 0.0997 0.1078 
         111  1 0.0424 0.1118 0.1079 0.1120 0.1058 0.1078 0.1093 0.0960 0.1072 0.0998 
         112  1 0.0252 0.1184 0.1014 0.1095 0.1057 0.1144 0.1101 0.1060 0.1079 0.1014 
         113  1 0.0342 0.0690 0.1228 0.0731 0.0959 0.1075 0.0808 0.1773 0.0877 0.1516 
         114  1 0.0837 0.1114 0.1000 0.1115 0.0957 0.1028 0.1020 0.0887 0.1091 0.0950 
         115  1 0.0190 0.1080 0.1202 0.1095 0.1042 0.1129 0.1065 0.0929 0.1281 0.0987 
         116  1 0.0223 0.1002 0.1114 0.1081 0.1116 0.1073 0.1124 0.1014 0.1100 0.1152 
         117  1 0.0355 0.1050 0.1140 0.1025 0.1056 0.1094 0.1018 0.1095 0.1115 0.1051 
         118  1 0.0420 0.1131 0.1038 0.1174 0.1030 0.1095 0.1095 0.0944 0.1057 0.1017 
         119  1 0.0291 0.1114 0.1037 0.1180 0.1068 0.1099 0.1107 0.0989 0.1192 0.0924 
         120  1 0.0111 0.0469 0.1179 0.0666 0.1006 0.1091 0.0720 0.2136 0.0871 0.1751 
         121  1 0.0268 0.1183 0.0994 0.1208 0.1186 0.1083 0.1069 0.1003 0.1060 0.0945 
         122  1 0.0161 0.1343 0.0963 0.1228 0.1111 0.1175 0.1129 0.0905 0.1069 0.0916 
         123  1 0.0393 0.1031 0.1050 0.1025 0.1095 0.1102 0.1093 0.1098 0.1056 0.1056 
         124  1 0.0738 0.1245 0.0967 0.1117 0.1112 0.0987 0.1128 0.0840 0.0935 0.0931 
         125  1 0.0271 0.0873 0.1124 0.0950 0.1041 0.1149 0.0937 0.1361 0.1052 0.1243 
         126  1 0.0638 0.1090 0.1035 0.1029 0.1032 0.0987 0.1085 0.0973 0.1123 0.1008 
         127  1 0.0505 0.0705 0.1064 0.0798 0.0982 0.1032 0.0828 0.1675 0.0891 0.1521 
         128  1 0.0193 0.1074 0.1046 0.1032 0.1054 0.1123 0.1074 0.1262 0.1025 0.1117 
         129  1 0.0172 0.1157 0.1027 0.1110 0.1140 0.1161 0.1110 0.1057 0.1011 0.1055 
         130  1 0.0171 0.0814 0.1150 0.0857 0.1000 0.1052 0.0934 0.1584 0.0982 0.1456 
         131  1 0.0219 0.1290 0.1062 0.1222 0.1009 0.1126 0.1178 0.0923 0.1065 0.0908 
         132  1 0.0296 0.1257 0.1010 0.1169 0.1117 0.1048 0.1174 0.0872 0.1021 0.1037 
         133  1 0.0628 0.1116 0.1100 0.1034 0.1053 0.1037 0.1013 0.0984 0.1080 0.0954 
         134  1 0.0237 0.1215 0.1019 0.1141 0.1099 0.1035 0.1147 0.1010 0.1068 0.1030 
         135  1 0.0289 0.0781 0.1158 0.0891 0.1088 0.1036 0.0944 0.1473 0.1094 0.1245 
         136  1 0.0332 0.0998 0.1133 0.1013 0.1076 0.1051 0.1053 0.1062 0.1221 0.1062 
         137  1 0.0350 0.1184 0.1064 0.1120 0.1081 0.1088 0.1169 0.0925 0.1022 0.0997 
         138  1 0.0384 0.1066 0.1065 0.1033 0.1088 0.1156 0.1080 0.0948 0.1086 0.1093 
         139  1 0.0381 0.1094 0.1151 0.1063 0.1086 0.1117 0.1086 0.0868 0.1114 0.1040 
         140  1 0.0774 0.1056 0.1111 0.1064 0.1061 0.1050 0.1037 0.0837 0.1071 0.0938 
         141  1 0.0611 0.0967 0.1112 0.0957 0.1013 0.1058 0.1038 0.1051 0.1151 0.1042 
         142  1 0.0209 0.1358 0.0996 0.1230 0.1109 0.1074 0.1196 0.0932 0.0967 0.0930 
         143  1 0.0112 0.1167 0.1108 0.1126 0.1172 0.1134 0.1082 0.0932 0.1123 0.1044 
         144  1 0.0184 0.1200 0.1058 0.1140 0.1111 0.1175 0.1088 0.0939 0.1136 0.0970 
         145  1 0.0729 0.0988 0.1016 0.0945 0.1018 0.1099 0.0972 0.1105 0.1069 0.1057 
         146  1 0.0423 0.0923 0.1036 0.0959 0.1045 0.1150 0.0969 0.1230 0.1101 0.1162 
         147  1 0.0378 0.1068 0.1069 0.1066 0.1081 0.1054 0.1004 0.1180 0.1052 0.1049 
         148  1 0.0202 0.1064 0.1135 0.1172 0.1092 0.1130 0.1049 0.1049 0.1093 0.1014 
         149  1 0.0440 0.1011 0.1104 0.1032 0.0975 0.1054 0.0991 0.1151 0.1233 0.1010 
         150  1 0.0275 0.0827 0.1135 0.0936 0.1055 0.1117 0.0886 0.1524 0.0978 0.1267 
         151  1 0.1311 0.0772 0.0954 0.0856 0.0898 0.0967 0.0917 0.1287 0.0864 0.1174 
         152  1 0.0360 0.0835 0.1033 0.0993 0.1069 0.1091 0.1019 0.1292 0.1016 0.1292 
         153  1 0.1363 0.1038 0.1013 0.0995 0.0961 0.1011 0.0961 0.0845 0.0970 0.0844 
         154  1 0.0251 0.1290 0.1078 0.1174 0.1061 0.1044 0.1251 0.0868 0.1044 0.0939 
         155  1 0.0493 0.1013 0.1025 0.1025 0.1192 0.1056 0.1062 0.1008 0.1111 0.1014 
         156  1 0.0174 0.1021 0.1151 0.0966 0.1172 0.1101 0.1122 0.1027 0.1110 0.1157 
         157  1 0.0135 0.1084 0.1119 0.1160 0.1076 0.1130 0.1156 0.1004 0.1117 0.1019 
         158  1 0.0279 0.0995 0.1077 0.1047 0.1005 0.1129 0.1025 0.1222 0.1074 0.1147 
         159  1 0.0211 0.1106 0.1129 0.1071 0.1034 0.1099 0.1125 0.1117 0.1038 0.1070 
         160  1 0.0158 0.1037 0.1125 0.1030 0.1206 0.1099 0.1088 0.0990 0.1142 0.1126 
         161  1 0.0158 0.0851 0.1202 0.0892 0.1062 0.1051 0.0945 0.1397 0.1019 0.1422 
         162  1 0.0357 0.0879 0.1116 0.0928 0.1137 0.1087 0.0975 0.1212 0.1103 0.1205 
         163  1 0.0199 0.0975 0.1203 0.1044 0.1183 0.1105 0.1064 0.0965 0.1237 0.1024 
         164  1 0.0285 0.1115 0.1099 0.1122 0.1146 0.1097 0.1047 0.0926 0.1219 0.0944 
         165  1 0.0176 0.1131 0.1083 0.1112 0.1083 0.1111 0.1142 0.0993 0.1083 0.1086 
         166  1 0.0185 0.1048 0.1038 0.1124 0.1116 0.1149 0.1075 0.1021 0.1139 0.1104 
         167  1 0.0178 0.1047 0.1117 0.1055 0.1062 0.1095 0.0992 0.1171 0.1095 0.1187 
         168  1 0.0193 0.1135 0.1118 0.1088 0.1156 0.1161 0.1118 0.0910 0.1151 0.0970 
         169  1 0.0157 0.0538 0.1228 0.0756 0.1029 0.1034 0.0756 0.1927 0.0847 0.1729 
         170  1 0.0274 0.0781 0.1138 0.0878 0.1029 0.1046 0.0971 0.1485 0.1004 0.1394 
         171  1 0.0184 0.0999 0.1244 0.0975 0.1162 0.1095 0.1044 0.1053 0.1119 0.1126 
         172  1 0.0243 0.1050 0.1066 0.1113 0.1095 0.1110 0.1034 0.1087 0.1143 0.1058 
         173  1 0.0223 0.1093 0.1158 0.1166 0.1121 0.1037 0.1082 0.0896 0.1198 0.1025 
         174  1 0.0212 0.1005 0.1105 0.1054 0.1024 0.1082 0.1045 0.1260 0.1107 0.1105 
         175  1 0.0167 0.0959 0.1065 0.1004 0.1094 0.1067 0.1036 0.1324 0.1047 0.1237 
         176  1 0.0176 0.1079 0.1039 0.1081 0.1032 0.1191 0.1073 0.1121 0.1158 0.1051 
         177  1 0.0376 0.0958 0.1073 0.1006 0.0975 0.1103 0.1100 0.1118 0.1107 0.1185 
         178  1 0.0218 0.1264 0.1054 0.1235 0.1113 0.1019 0.1136 0.0999 0.0979 0.0981 
         179  1 0.0327 0.1117 0.1114 0.1140 0.1100 0.1014 0.1200 0.0887 0.1080 0.1019 
         180  1 0.0206 0.0939 0.1183 0.1086 0.1044 0.1100 0.1216 0.0944 0.1139 0.1142 
         181  1 0.0448 0.1037 0.1066 0.1129 0.1030 0.1150 0.1099 0.0917 0.1117 0.1008 
         182  1 0.0885 0.1047 0.1025 0.1037 0.1012 0.0998 0.1045 0.0928 0.1074 0.0949 
         183  1 0.0194 0.1010 0.1054 0.1053 0.1079 0.1168 0.1057 0.1189 0.1094 0.1102 
         184  1 0.0323 0.0944 0.1082 0.0964 0.1084 0.1038 0.1035 0.1201 0.1129 0.1200 
         185  1 0.0243 0.0901 0.1084 0.0956 0.1036 0.1063 0.0941 0.1400 0.1068 0.1307 
         186  1 0.0414 0.1096 0.1044 0.1083 0.1103 0.1091 0.0976 0.1107 0.1049 0.1037 
         187  1 0.0145 0.1074 0.1202 0.1123 0.1133 0.1075 0.1052 0.0939 0.1163 0.1093 
         188  1 0.0257 0.1088 0.1053 0.1087 0.1019 0.1081 0.1108 0.1182 0.1056 0.1068 
         189  1 0.0247 0.1018 0.1128 0.1091 0.1008 0.1094 0.1092 0.1068 0.1229 0.1023 
         190  1 0.0482 0.1014 0.1101 0.1038 0.1043 0.1049 0.1018 0.1093 0.1098 0.1064 
         191  1 0.0229 0.1023 0.1101 0.1142 0.1019 0.1123 0.1209 0.0947 0.1098 0.1110 
         192  1 0.0559 0.1028 0.1166 0.1065 0.0976 0.1031 0.1066 0.0974 0.1059 0.1076 
         193  1 0.0324 0.1014 0.1086 0.0996 0.1125 0.1170 0.1010 0.1059 0.1127 0.1087 
         194  1 0.2692 0.0840 0.0816 0.0846 0.0780 0.0787 0.0843 0.0775 0.0854 0.0768 
         195  1 0.0175 0.1305 0.0963 0.1184 0.1168 0.1137 0.1128 0.0902 0.1109 0.0929 
         196  1 0.0472 0.1035 0.1080 0.1104 0.0987 0.1046 0.1026 0.1091 0.1123 0.1037 
         197  1 0.0962 0.0823 0.1058 0.0829 0.1049 0.1035 0.0872 0.1094 0.1129 0.1149 
         198  1 0.0351 0.1021 0.1033 0.1026 0.1020 0.1102 0.1088 0.1111 0.1196 0.1051 
         199  1 0.0753 0.0970 0.1070 0.1029 0.0977 0.1030 0.1051 0.1007 0.1076 0.1038 
         200  1 0.0499 0.0986 0.1089 0.1020 0.1000 0.1091 0.1030 0.1090 0.1130 0.1065 
         201  1 0.0222 0.1146 0.1066 0.1170 0.1039 0.1161 0.1159 0.0968 0.1120 0.0949 
         202  1 0.0256 0.1075 0.1085 0.1074 0.1100 0.1110 0.1151 0.1009 0.1092 0.1049 
         203  1 0.0259 0.1083 0.1062 0.1120 0.1078 0.1108 0.1108 0.1003 0.1067 0.1113 
         204  1 0.0220 0.1305 0.1028 0.1266 0.1080 0.1047 0.1185 0.0893 0.1072 0.0904 
         205  1 0.0388 0.1079 0.1097 0.1127 0.1039 0.1044 0.1131 0.1007 0.1100 0.0989 
         206  1 0.0224 0.1033 0.1057 0.1035 0.1134 0.1150 0.1077 0.1046 0.1124 0.1120 
         207  1 0.0358 0.0842 0.1070 0.0908 0.0946 0.1098 0.0947 0.1445 0.0995 0.1390 
         208  1 0.0160 0.1055 0.1104 0.1135 0.1120 0.1125 0.1035 0.1079 0.1098 0.1089 
         209  1 0.0884 0.0827 0.1079 0.0890 0.0875 0.1001 0.0922 0.1249 0.1098 0.1174 
         210  1 0.0454 0.1133 0.1038 0.1146 0.1086 0.1081 0.1124 0.0890 0.1053 0.0994 
         211  1 0.0225 0.1143 0.1035 0.1171 0.1066 0.1150 0.1039 0.1053 0.1099 0.1020 
         212  1 0.0232 0.1063 0.1132 0.1103 0.1098 0.1092 0.1124 0.0992 0.1096 0.1068 
         213  1 0.0981 0.1008 0.1011 0.0981 0.0979 0.1051 0.0975 0.0935 0.1151 0.0929 
         214  1 0.0221 0.0492 0.1165 0.0639 0.0998 0.1060 0.0706 0.2085 0.0887 0.1747 
         215  1 0.0747 0.0975 0.1019 0.1054 0.0979 0.1011 0.1049 0.1045 0.1025 0.1095 
         216  1 0.0227 0.1044 0.1096 0.1119 0.1067 0.1134 0.1063 0.1035 0.1221 0.0993 
         217  1 0.0971 0.1272 0.0916 0.1084 0.1061 0.0999 0.1081 0.0820 0.0987 0.0810 
         218  1 0.1059 0.0899 0.1026 0.0911 0.0990 0.0949 0.0970 0.1067 0.1003 0.1127 
         219  1 0.1683 0.0901 0.0983 0.0895 0.0944 0.0905 0.0914 0.0932 0.0946 0.0898 
         220  1 0.0214 0.0856 0.1153 0.0951 0.1054 0.1027 0.1014 0.1340 0.1115 0.1276 
         221  1 0.0445 0.1064 0.1044 0.1056 0.1045 0.1081 0.1099 0.1048 0.1086 0.1032 
         222  1 0.0229 0.0862 0.1158 0.0943 0.1082 0.1062 0.0997 0.1299 0.1063 0.1304 
         223  1 0.0591 0.1081 0.1093 0.1109 0.1061 0.1019 0.1005 0.0926 0.1074 0.1041 
         224  1 0.0317 0.1057 0.1077 0.1090 0.1062 0.1056 0.1068 0.1059 0.1129 0.1084 
         225  1 0.1832 0.0914 0.0915 0.0887 0.0938 0.0864 0.0911 0.0944 0.0931 0.0864 
         226  1 0.0154 0.1391 0.1087 0.1144 0.1204 0.1105 0.1143 0.0776 0.1046 0.0950 
