           1  1 0.4420 0.1956 0.3624 
           2  1 0.0658 0.8748 0.0594 
           3  1 0.2074 0.5901 0.2025 
           4  1 0.0365 0.9264 0.0370 
           5  1 0.0452 0.9139 0.0409 
           6  1 0.0413 0.9179 0.0409 
           7  1 0.0470 0.9076 0.0454 
           8  1 0.0583 0.8898 0.0519 
           9  1 0.0300 0.9388 0.0312 
          10  1 0.3697 0.2508 0.3795 
          11  1 0.0292 0.9415 0.0293 
          12  1 0.0792 0.8468 0.0740 
          13  1 0.0290 0.9440 0.0270 
          14  1 0.2855 0.4223 0.2921 
          15  1 0.0713 0.8647 0.0640 
          16  1 0.2805 0.4332 0.2864 
          17  1 0.0644 0.8732 0.0625 
          18  1 0.1178 0.7697 0.1124 
          19  1 0.1235 0.7543 0.1223 
          20  1 0.0626 0.8749 0.0625 
          21  1 0.0609 0.8835 0.0556 
          22  1 0.3304 0.3345 0.3351 
          23  1 0.0589 0.8886 0.0525 
          24  1 0.0528 0.8953 0.0519 
          25  1 0.2027 0.6155 0.1818 
          26  1 0.0891 0.8106 0.1003 
          27  1 0.1067 0.7842 0.1091 
          28  1 0.3503 0.3025 0.3472 
          29  1 0.0692 0.8584 0.0724 
          30  1 0.0403 0.9218 0.0379 
          31  1 0.0260 0.9491 0.0249 
          32  1 0.0938 0.8268 0.0794 
          33  1 0.1057 0.7962 0.0981 
          34  1 0.0684 0.8744 0.0572 
          35  1 0.1960 0.6204 0.1836 
          36  1 0.2022 0.5946 0.2032 
          37  1 0.3225 0.3600 0.3174 
          38  1 0.4331 0.1262 0.4408 
          39  1 0.0378 0.9284 0.0337 
          40  1 0.0467 0.9077 0.0456 
          41  1 0.1650 0.6614 0.1736 
          42  1 0.0527 0.8960 0.0512 
          43  1 0.2033 0.6226 0.1741 
          44  1 0.1052 0.7990 0.0958 
          45  1 0.0619 0.8769 0.0612 
          46  1 0.2229 0.5545 0.2226 
          47  1 0.2900 0.4287 0.2813 
          48  1 0.0904 0.8313 0.0783 
          49  1 0.3890 0.2073 0.4037 
          50  1 0.3780 0.2412 0.3808 
          51  1 0.4390 0.0945 0.4665 
          52  1 0.4775 0.0760 0.4465 
          53  1 0.4342 0.1084 0.4574 
          54  1 0.4458 0.0518 0.5024 
          55  1 0.3974 0.2083 0.3942 
          56  1 0.5035 0.0191 0.4774 
          57  1 0.4604 0.0686 0.4711 
          58  1 0.4234 0.2028 0.3739 
          59  1 0.3974 0.1678 0.4348 
          60  1 0.4532 0.0558 0.4911 
          61  1 0.4611 0.0827 0.4562 
          62  1 0.3753 0.2585 0.3661 
          63  1 0.3927 0.2769 0.3303 
          64  1 0.4564 0.0725 0.4711 
          65  1 0.4921 0.0678 0.4402 
          66  1 0.3322 0.3155 0.3523 
          67  1 0.4765 0.0773 0.4461 
          68  1 0.4653 0.0300 0.5047 
          69  1 0.4492 0.0489 0.5019 
          70  1 0.4767 0.0248 0.4985 
          71  1 0.3532 0.2820 0.3648 
          72  1 0.4630 0.0312 0.5058 
          73  1 0.4986 0.0372 0.4641 
          74  1 0.4571 0.0607 0.4822 
          75  1 0.4699 0.0711 0.4590 
          76  1 0.4739 0.0282 0.4979 
          77  1 0.4637 0.0633 0.4730 
          78  1 0.4871 0.0592 0.4536 
          79  1 0.4823 0.0445 0.4732 
          80  1 0.4361 0.1276 0.4363 
          81  1 0.4833 0.0626 0.4541 
          82  1 0.3828 0.2145 0.4027 
          83  1 0.4834 0.0369 0.4798 
          84  1 0.4726 0.0649 0.4625 
          85  1 0.1943 0.6149 0.1908 
          86  1 0.1967 0.6068 0.1965 
          87  1 0.2941 0.4025 0.3035 
          88  1 0.4648 0.0508 0.4844 
          89  1 0.4676 0.0632 0.4692 
          90  1 0.4454 0.0813 0.4733 
          91  1 0.4102 0.1600 0.4298 
          92  1 0.2979 0.4129 0.2892 
          93  1 0.4759 0.0499 0.4742 
          94  1 0.2097 0.5816 0.2086 
          95  1 0.4609 0.0586 0.4805 
          96  1 0.4314 0.0880 0.4806 
          97  1 0.3591 0.2820 0.3588 
          98  1 0.3251 0.3339 0.3411 
          99  1 0.4200 0.1977 0.3823 
         100  1 0.1222 0.7607 0.1171 
         101  1 0.4254 0.1756 0.3990 
         102  1 0.4564 0.0636 0.4799 
         103  1 0.4595 0.0887 0.4518 
         104  1 0.4776 0.0607 0.4617 
         105  1 0.3846 0.2710 0.3444 
         106  1 0.3197 0.3977 0.2826 
         107  1 0.1063 0.7891 0.1046 
         108  1 0.4521 0.0590 0.4889 
         109  1 0.2351 0.5299 0.2350 
         110  1 0.4869 0.0531 0.4600 
         111  1 0.4912 0.0746 0.4342 
         112  1 0.4536 0.0776 0.4688 
         113  1 0.4493 0.0793 0.4714 
         114  1 0.2124 0.5956 0.1920 
         115  1 0.4882 0.0951 0.4167 
         116  1 0.4567 0.0577 0.4856 
         117  1 0.4412 0.1062 0.4526 
         118  1 0.4055 0.2307 0.3638 
         119  1 0.4486 0.1429 0.4086 
         120  1 0.4547 0.0264 0.5189 
         121  1 0.4395 0.1696 0.3909 
         122  1 0.4779 0.0796 0.4424 
         123  1 0.4541 0.1079 0.4380 
         124  1 0.3027 0.4187 0.2786 
         125  1 0.4398 0.0975 0.4627 
         126  1 0.3066 0.3913 0.3021 
         127  1 0.3285 0.3183 0.3532 
         128  1 0.4759 0.0484 0.4757 
         129  1 0.4810 0.0548 0.4642 
         130  1 0.4551 0.0530 0.4919 
         131  1 0.4830 0.0817 0.4353 
         132  1 0.3269 0.3397 0.3334 
         133  1 0.3852 0.2486 0.3662 
         134  1 0.4414 0.1293 0.4293 
         135  1 0.4373 0.0853 0.4775 
         136  1 0.4484 0.1098 0.4418 
         137  1 0.4227 0.1542 0.4231 
         138  1 0.3957 0.1973 0.4070 
         139  1 0.4522 0.1005 0.4474 
         140  1 0.3848 0.2547 0.3605 
         141  1 0.3223 0.3458 0.3319 
         142  1 0.4133 0.1908 0.3959 
         143  1 0.5023 0.0288 0.4690 
         144  1 0.4953 0.0474 0.4573 
         145  1 0.2597 0.4818 0.2585 
         146  1 0.4207 0.1668 0.4125 
         147  1 0.4164 0.1719 0.4117 
         148  1 0.4821 0.0543 0.4636 
         149  1 0.4198 0.1507 0.4295 
         150  1 0.4299 0.0714 0.4987 
         151  1 0.2897 0.4032 0.3071 
         152  1 0.4321 0.1017 0.4663 
         153  1 0.1347 0.7405 0.1249 
         154  1 0.4522 0.1165 0.4313 
         155  1 0.3982 0.2057 0.3962 
         156  1 0.4489 0.0556 0.4956 
         157  1 0.4839 0.0282 0.4879 
         158  1 0.3684 0.2405 0.3910 
         159  1 0.4455 0.1139 0.4406 
         160  1 0.4730 0.0433 0.4838 
         161  1 0.4490 0.0327 0.5183 
         162  1 0.3911 0.1975 0.4114 
         163  1 0.5035 0.0422 0.4543 
         164  1 0.4746 0.0881 0.4373 
         165  1 0.4821 0.0529 0.4649 
         166  1 0.4792 0.0423 0.4785 
         167  1 0.4825 0.0499 0.4676 
         168  1 0.4947 0.0485 0.4568 
         169  1 0.4566 0.0404 0.5030 
         170  1 0.4266 0.0930 0.4803 
         171  1 0.4696 0.0417 0.4887 
         172  1 0.4801 0.0562 0.4637 
         173  1 0.5073 0.0498 0.4429 
         174  1 0.4528 0.0624 0.4848 
         175  1 0.4805 0.0417 0.4778 
         176  1 0.4636 0.0514 0.4850 
         177  1 0.4345 0.1127 0.4528 
         178  1 0.4565 0.1166 0.4268 
         179  1 0.4424 0.1277 0.4299 
         180  1 0.4550 0.0555 0.4895 
         181  1 0.3983 0.2182 0.3835 
         182  1 0.2625 0.4622 0.2753 
         183  1 0.4445 0.0773 0.4782 
         184  1 0.4128 0.1297 0.4575 
         185  1 0.4584 0.0574 0.4842 
         186  1 0.4008 0.2239 0.3753 
         187  1 0.5115 0.0276 0.4608 
         188  1 0.4220 0.1085 0.4695 
         189  1 0.3895 0.2215 0.3891 
         190  1 0.3862 0.2047 0.4091 
         191  1 0.4718 0.0567 0.4714 
         192  1 0.4421 0.1042 0.4537 
         193  1 0.3839 0.2167 0.3995 
         194  1 0.1928 0.6320 0.1752 
         195  1 0.4504 0.1289 0.4207 
         196  1 0.4159 0.1252 0.4590 
         197  1 0.2958 0.3765 0.3277 
         198  1 0.4265 0.1381 0.4354 
         199  1 0.3587 0.2424 0.3989 
         200  1 0.2693 0.4350 0.2957 
         201  1 0.4657 0.0624 0.4719 
         202  1 0.3811 0.2160 0.4029 
         203  1 0.4385 0.0864 0.4751 
         204  1 0.3310 0.3759 0.2931 
         205  1 0.3743 0.2346 0.3910 
         206  1 0.4553 0.0798 0.4648 
         207  1 0.4121 0.1442 0.4436 
         208  1 0.4924 0.0339 0.4737 
         209  1 0.2580 0.4655 0.2766 
         210  1 0.3608 0.2460 0.3932 
         211  1 0.4780 0.0809 0.4412 
         212  1 0.4423 0.0763 0.4815 
         213  1 0.1201 0.7625 0.1174 
         214  1 0.4416 0.0732 0.4851 
         215  1 0.3949 0.2156 0.3895 
         216  1 0.3873 0.2333 0.3794 
         217  1 0.3344 0.3514 0.3142 
         218  1 0.3033 0.3921 0.3046 
         219  1 0.2348 0.5092 0.2560 
         220  1 0.4431 0.0616 0.4953 
         221  1 0.3796 0.2338 0.3866 
         222  1 0.4369 0.0709 0.4922 
         223  1 0.4143 0.2165 0.3692 
         224  1 0.4539 0.0746 0.4715 
         225  1 0.2362 0.5281 0.2357 
         226  1 0.4687 0.1161 0.4152 
