           1  1 0.0729 0.1095 0.0999 0.1848 0.1073 0.1615 0.2538 0.0103 
           2  1 0.0387 0.0436 0.0363 0.0522 0.0428 0.0507 0.0610 0.6747 
           3  1 0.1051 0.1057 0.1062 0.0994 0.1114 0.1011 0.1027 0.2683 
           4  1 0.0272 0.0281 0.0291 0.0287 0.0291 0.0297 0.0303 0.7977 
           5  1 0.0556 0.0711 0.0571 0.0807 0.0643 0.0759 0.1093 0.4862 
           6  1 0.0329 0.0306 0.0309 0.0325 0.0295 0.0337 0.0354 0.7746 
           7  1 0.0440 0.0477 0.0418 0.0490 0.0445 0.0505 0.0538 0.6687 
           8  1 0.0659 0.0652 0.0572 0.0628 0.0639 0.0666 0.0670 0.5514 
           9  1 0.0259 0.0273 0.0266 0.0276 0.0268 0.0281 0.0264 0.8113 
          10  1 0.1286 0.1188 0.1189 0.1240 0.1320 0.1298 0.1230 0.1248 
          11  1 0.0256 0.0238 0.0227 0.0235 0.0253 0.0248 0.0231 0.8311 
          12  1 0.0980 0.0941 0.0800 0.0969 0.0963 0.0947 0.0998 0.3402 
          13  1 0.0226 0.0235 0.0230 0.0236 0.0218 0.0238 0.0238 0.8378 
          14  1 0.1364 0.1368 0.1382 0.1217 0.1335 0.1202 0.1093 0.1038 
          15  1 0.0496 0.0482 0.0511 0.0451 0.0452 0.0448 0.0413 0.6749 
          16  1 0.1211 0.1310 0.1491 0.1300 0.1195 0.1247 0.1244 0.1003 
          17  1 0.0798 0.0963 0.0931 0.0895 0.0739 0.0748 0.0793 0.4133 
          18  1 0.1223 0.1411 0.1325 0.1243 0.1073 0.0920 0.0899 0.1906 
          19  1 0.0813 0.0792 0.0648 0.0751 0.0734 0.0803 0.0809 0.4650 
          20  1 0.0722 0.0684 0.0612 0.0737 0.0732 0.0775 0.0784 0.4953 
          21  1 0.0684 0.0734 0.0689 0.0904 0.0764 0.0910 0.1074 0.4242 
          22  1 0.1248 0.1252 0.1267 0.1241 0.1249 0.1256 0.1229 0.1256 
          23  1 0.0623 0.0652 0.0567 0.0786 0.0654 0.0830 0.1108 0.4781 
          24  1 0.0464 0.0480 0.0485 0.0553 0.0444 0.0511 0.0640 0.6422 
          25  1 0.1089 0.1120 0.0909 0.1344 0.1079 0.1278 0.1550 0.1631 
          26  1 0.0888 0.0898 0.0808 0.0935 0.0833 0.0876 0.0798 0.3966 
          27  1 0.0701 0.0734 0.0626 0.0796 0.0728 0.0825 0.0817 0.4773 
          28  1 0.1318 0.1258 0.1272 0.1313 0.1325 0.1368 0.1373 0.0773 
          29  1 0.0479 0.0497 0.0461 0.0504 0.0484 0.0494 0.0560 0.6522 
          30  1 0.0530 0.0543 0.0476 0.0622 0.0504 0.0633 0.0630 0.6062 
          31  1 0.0184 0.0187 0.0206 0.0202 0.0194 0.0196 0.0199 0.8632 
          32  1 0.0745 0.0783 0.0712 0.0849 0.0743 0.0953 0.0990 0.4225 
          33  1 0.0667 0.0681 0.0646 0.0707 0.0679 0.0716 0.0773 0.5132 
          34  1 0.0757 0.0841 0.0807 0.0888 0.0752 0.0848 0.0922 0.4185 
          35  1 0.1064 0.1061 0.1050 0.1042 0.1023 0.1049 0.1092 0.2620 
          36  1 0.1242 0.1277 0.1266 0.1293 0.1192 0.1215 0.1277 0.1237 
          37  1 0.1292 0.1227 0.1162 0.1222 0.1262 0.1326 0.1300 0.1209 
          38  1 0.1411 0.1389 0.1439 0.1345 0.1298 0.1283 0.1300 0.0535 
          39  1 0.0368 0.0410 0.0374 0.0405 0.0362 0.0398 0.0393 0.7289 
          40  1 0.0413 0.0412 0.0361 0.0433 0.0388 0.0465 0.0455 0.7073 
          41  1 0.1155 0.1199 0.1175 0.1139 0.1253 0.1136 0.1219 0.1723 
          42  1 0.0636 0.0657 0.0560 0.0678 0.0623 0.0667 0.0734 0.5444 
          43  1 0.0975 0.1161 0.0933 0.1592 0.1047 0.1490 0.1803 0.1000 
          44  1 0.0596 0.0513 0.0602 0.0551 0.0682 0.0562 0.0559 0.5935 
          45  1 0.0663 0.0741 0.0601 0.0840 0.0644 0.0841 0.1018 0.4652 
          46  1 0.1132 0.1107 0.1142 0.1172 0.1219 0.1202 0.1209 0.1817 
          47  1 0.1279 0.1137 0.1210 0.1183 0.1297 0.1291 0.1290 0.1313 
          48  1 0.0771 0.0915 0.0791 0.1106 0.0804 0.0978 0.1260 0.3375 
          49  1 0.1487 0.1383 0.1543 0.1198 0.1542 0.1263 0.1116 0.0468 
          50  1 0.1627 0.1298 0.1221 0.1168 0.1464 0.1397 0.1259 0.0566 
          51  1 0.1534 0.1326 0.1800 0.1225 0.1734 0.1161 0.0967 0.0253 
          52  1 0.1299 0.1413 0.1254 0.1419 0.1389 0.1497 0.1519 0.0210 
          53  1 0.1459 0.1447 0.1480 0.1372 0.1270 0.1292 0.1257 0.0423 
          54  1 0.1308 0.1499 0.1756 0.1361 0.1415 0.1242 0.1158 0.0262 
          55  1 0.1307 0.1281 0.1175 0.1234 0.1289 0.1423 0.1334 0.0957 
          56  1 0.1331 0.1375 0.1738 0.1385 0.1383 0.1325 0.1353 0.0110 
          57  1 0.1438 0.1243 0.1707 0.1233 0.1627 0.1306 0.1192 0.0255 
          58  1 0.1303 0.1181 0.1118 0.1308 0.1295 0.1456 0.1685 0.0655 
          59  1 0.1299 0.1406 0.1731 0.1357 0.1381 0.1157 0.1096 0.0573 
          60  1 0.1344 0.1335 0.1512 0.1458 0.1490 0.1294 0.1305 0.0262 
          61  1 0.1416 0.1311 0.1171 0.1374 0.1416 0.1503 0.1528 0.0280 
          62  1 0.1225 0.1236 0.1330 0.1359 0.1291 0.1438 0.1456 0.0665 
          63  1 0.1089 0.1164 0.1055 0.1326 0.1140 0.1416 0.1598 0.1213 
          64  1 0.1374 0.1338 0.1276 0.1522 0.1503 0.1452 0.1304 0.0231 
          65  1 0.1484 0.1273 0.1155 0.1345 0.1340 0.1455 0.1631 0.0317 
          66  1 0.1363 0.1417 0.1364 0.1380 0.1390 0.1254 0.1224 0.0609 
          67  1 0.1383 0.1319 0.1279 0.1323 0.1528 0.1422 0.1454 0.0294 
          68  1 0.1389 0.1394 0.1613 0.1421 0.1540 0.1244 0.1268 0.0131 
          69  1 0.1597 0.1414 0.1467 0.1422 0.1638 0.1266 0.1031 0.0165 
          70  1 0.1553 0.1387 0.1441 0.1306 0.1575 0.1358 0.1236 0.0143 
          71  1 0.1343 0.1392 0.1405 0.1210 0.1280 0.1262 0.1204 0.0904 
          72  1 0.1611 0.1420 0.1560 0.1336 0.1437 0.1287 0.1184 0.0166 
          73  1 0.1773 0.1252 0.1104 0.1181 0.1504 0.1546 0.1477 0.0163 
          74  1 0.1333 0.1443 0.1446 0.1514 0.1437 0.1232 0.1275 0.0321 
          75  1 0.1341 0.1363 0.1384 0.1340 0.1370 0.1509 0.1411 0.0282 
          76  1 0.1505 0.1415 0.1362 0.1373 0.1532 0.1420 0.1244 0.0149 
          77  1 0.1332 0.1483 0.1374 0.1401 0.1381 0.1413 0.1406 0.0209 
          78  1 0.1285 0.1302 0.1495 0.1465 0.1313 0.1415 0.1553 0.0174 
          79  1 0.1633 0.1336 0.1148 0.1282 0.1647 0.1376 0.1351 0.0227 
          80  1 0.1308 0.1416 0.1340 0.1465 0.1300 0.1432 0.1496 0.0244 
          81  1 0.1479 0.1358 0.1252 0.1303 0.1387 0.1522 0.1430 0.0270 
          82  1 0.1340 0.1286 0.1459 0.1362 0.1336 0.1244 0.1272 0.0702 
          83  1 0.1404 0.1312 0.1360 0.1429 0.1372 0.1423 0.1495 0.0205 
          84  1 0.1530 0.1308 0.1217 0.1314 0.1305 0.1563 0.1548 0.0214 
          85  1 0.1123 0.1155 0.1100 0.1103 0.1142 0.1088 0.1267 0.2024 
          86  1 0.1048 0.1104 0.1115 0.1070 0.1025 0.1056 0.1045 0.2537 
          87  1 0.1362 0.1505 0.1871 0.1308 0.1153 0.1051 0.0943 0.0807 
          88  1 0.1527 0.1439 0.1741 0.1242 0.1300 0.1199 0.1220 0.0332 
          89  1 0.1314 0.1481 0.1546 0.1349 0.1440 0.1361 0.1245 0.0264 
          90  1 0.1499 0.1351 0.1249 0.1381 0.1537 0.1386 0.1334 0.0264 
          91  1 0.1246 0.1288 0.1344 0.1438 0.1286 0.1379 0.1498 0.0522 
          92  1 0.1435 0.1383 0.1191 0.1334 0.1309 0.1414 0.1350 0.0584 
          93  1 0.1360 0.1388 0.1395 0.1323 0.1516 0.1364 0.1392 0.0264 
          94  1 0.1302 0.1316 0.1050 0.1265 0.1260 0.1240 0.1082 0.1485 
          95  1 0.1480 0.1450 0.1140 0.1416 0.1580 0.1427 0.1284 0.0222 
          96  1 0.1470 0.1588 0.2133 0.1496 0.1268 0.1031 0.0754 0.0260 
          97  1 0.1231 0.1194 0.1537 0.1170 0.1470 0.1004 0.0929 0.1464 
          98  1 0.1346 0.1490 0.1492 0.1326 0.1147 0.1200 0.1117 0.0881 
          99  1 0.1285 0.1331 0.1366 0.1301 0.1371 0.1395 0.1409 0.0543 
         100  1 0.1244 0.1238 0.1112 0.1091 0.1249 0.1151 0.1118 0.1797 
         101  1 0.1347 0.1263 0.1245 0.1319 0.1304 0.1445 0.1442 0.0635 
         102  1 0.1414 0.1536 0.1553 0.1339 0.1306 0.1326 0.1344 0.0182 
         103  1 0.1335 0.1382 0.1423 0.1375 0.1316 0.1407 0.1259 0.0503 
         104  1 0.1429 0.1245 0.1303 0.1425 0.1384 0.1455 0.1540 0.0219 
         105  1 0.1397 0.1212 0.1012 0.1233 0.1237 0.1339 0.1454 0.1114 
         106  1 0.1223 0.1168 0.1264 0.1308 0.1243 0.1444 0.1581 0.0768 
         107  1 0.1038 0.0902 0.0985 0.0942 0.0985 0.0982 0.0884 0.3283 
         108  1 0.1508 0.1684 0.1919 0.1506 0.1254 0.1061 0.0910 0.0159 
         109  1 0.1292 0.1429 0.1330 0.1412 0.1257 0.1276 0.1249 0.0755 
         110  1 0.1279 0.1321 0.1470 0.1458 0.1402 0.1429 0.1476 0.0164 
         111  1 0.1452 0.1258 0.1394 0.1210 0.1406 0.1421 0.1431 0.0428 
         112  1 0.1508 0.1319 0.1241 0.1374 0.1254 0.1443 0.1553 0.0307 
         113  1 0.1433 0.1596 0.1902 0.1435 0.1309 0.1044 0.0916 0.0366 
         114  1 0.1157 0.1224 0.1279 0.1244 0.1223 0.1254 0.1333 0.1285 
         115  1 0.1495 0.1349 0.1237 0.1337 0.1457 0.1531 0.1361 0.0232 
         116  1 0.1434 0.1344 0.1303 0.1372 0.1511 0.1434 0.1362 0.0241 
         117  1 0.1451 0.1316 0.1368 0.1291 0.1417 0.1372 0.1379 0.0407 
         118  1 0.1268 0.1439 0.1180 0.1414 0.1326 0.1419 0.1440 0.0514 
         119  1 0.1278 0.1305 0.1329 0.1379 0.1389 0.1473 0.1471 0.0377 
         120  1 0.1546 0.1569 0.2188 0.1434 0.1357 0.0977 0.0813 0.0116 
         121  1 0.1460 0.1353 0.1086 0.1322 0.1296 0.1546 0.1590 0.0348 
         122  1 0.1305 0.1396 0.1098 0.1440 0.1275 0.1624 0.1686 0.0175 
         123  1 0.1697 0.1305 0.1105 0.1272 0.1425 0.1392 0.1347 0.0457 
         124  1 0.1204 0.1155 0.1094 0.1382 0.1238 0.1394 0.1581 0.0953 
         125  1 0.1449 0.1360 0.1814 0.1381 0.1359 0.1209 0.1120 0.0308 
         126  1 0.1354 0.1275 0.1342 0.1233 0.1407 0.1322 0.1230 0.0837 
         127  1 0.1398 0.1503 0.1865 0.1372 0.1234 0.1094 0.0902 0.0632 
         128  1 0.1357 0.1490 0.1696 0.1218 0.1389 0.1360 0.1283 0.0207 
         129  1 0.1384 0.1433 0.1247 0.1358 0.1422 0.1467 0.1501 0.0188 
         130  1 0.1451 0.1589 0.1885 0.1356 0.1348 0.1190 0.0995 0.0185 
         131  1 0.1386 0.1197 0.1219 0.1443 0.1243 0.1548 0.1721 0.0244 
         132  1 0.1238 0.1251 0.1331 0.1438 0.1303 0.1478 0.1566 0.0395 
         133  1 0.1498 0.1235 0.1092 0.1236 0.1318 0.1417 0.1370 0.0835 
         134  1 0.1419 0.1407 0.1179 0.1419 0.1202 0.1459 0.1622 0.0292 
         135  1 0.1519 0.1501 0.1622 0.1378 0.1447 0.1161 0.1073 0.0299 
         136  1 0.1511 0.1405 0.1227 0.1247 0.1568 0.1388 0.1288 0.0367 
         137  1 0.1321 0.1256 0.1386 0.1370 0.1474 0.1360 0.1428 0.0405 
         138  1 0.1361 0.1305 0.1235 0.1358 0.1472 0.1399 0.1393 0.0478 
         139  1 0.1348 0.1231 0.1224 0.1372 0.1573 0.1450 0.1347 0.0454 
         140  1 0.1355 0.1227 0.1056 0.1237 0.1410 0.1386 0.1357 0.0971 
         141  1 0.1463 0.1376 0.1345 0.1230 0.1374 0.1259 0.1212 0.0740 
         142  1 0.1266 0.1238 0.1180 0.1401 0.1326 0.1623 0.1707 0.0259 
         143  1 0.1343 0.1382 0.1238 0.1393 0.1382 0.1589 0.1554 0.0119 
         144  1 0.1397 0.1353 0.1122 0.1439 0.1432 0.1549 0.1510 0.0198 
         145  1 0.1439 0.1410 0.1213 0.1297 0.1139 0.1208 0.1148 0.1147 
         146  1 0.1440 0.1421 0.1435 0.1285 0.1207 0.1310 0.1382 0.0520 
         147  1 0.1420 0.1521 0.1356 0.1394 0.1357 0.1303 0.1222 0.0428 
         148  1 0.1510 0.1308 0.1213 0.1223 0.1494 0.1487 0.1545 0.0220 
         149  1 0.1394 0.1340 0.1520 0.1339 0.1396 0.1251 0.1284 0.0476 
         150  1 0.1469 0.1382 0.1737 0.1454 0.1373 0.1197 0.1077 0.0311 
         151  1 0.1226 0.1318 0.1538 0.1221 0.1107 0.1109 0.0981 0.1500 
         152  1 0.1363 0.1496 0.1727 0.1283 0.1392 0.1237 0.1116 0.0384 
         153  1 0.1074 0.1095 0.1010 0.1166 0.1049 0.1125 0.1322 0.2159 
         154  1 0.1245 0.1342 0.1284 0.1398 0.1367 0.1476 0.1579 0.0308 
         155  1 0.1443 0.1396 0.1140 0.1266 0.1408 0.1389 0.1366 0.0591 
         156  1 0.1432 0.1358 0.1349 0.1495 0.1495 0.1420 0.1262 0.0189 
         157  1 0.1373 0.1265 0.1487 0.1369 0.1505 0.1462 0.1398 0.0140 
         158  1 0.1419 0.1368 0.1498 0.1470 0.1355 0.1248 0.1274 0.0368 
         159  1 0.1407 0.1432 0.1516 0.1380 0.1209 0.1406 0.1393 0.0256 
         160  1 0.1365 0.1361 0.1260 0.1404 0.1599 0.1452 0.1391 0.0169 
         161  1 0.1454 0.1421 0.1660 0.1495 0.1519 0.1217 0.1068 0.0165 
         162  1 0.1459 0.1434 0.1421 0.1378 0.1520 0.1249 0.1107 0.0430 
         163  1 0.1418 0.1427 0.1132 0.1305 0.1655 0.1500 0.1362 0.0200 
         164  1 0.1348 0.1303 0.1336 0.1353 0.1347 0.1537 0.1438 0.0338 
         165  1 0.1451 0.1406 0.1309 0.1330 0.1416 0.1478 0.1418 0.0191 
         166  1 0.1634 0.1353 0.1102 0.1319 0.1499 0.1443 0.1448 0.0202 
         167  1 0.1382 0.1417 0.1395 0.1459 0.1419 0.1411 0.1324 0.0193 
         168  1 0.1366 0.1394 0.1403 0.1376 0.1478 0.1375 0.1404 0.0204 
         169  1 0.1508 0.1556 0.1917 0.1528 0.1445 0.1003 0.0873 0.0170 
         170  1 0.1477 0.1455 0.1741 0.1491 0.1419 0.1138 0.0976 0.0303 
         171  1 0.1400 0.1360 0.1356 0.1459 0.1591 0.1401 0.1240 0.0194 
         172  1 0.1365 0.1382 0.1430 0.1307 0.1404 0.1520 0.1333 0.0259 
         173  1 0.1437 0.1335 0.1222 0.1312 0.1555 0.1431 0.1466 0.0241 
         174  1 0.1646 0.1483 0.1242 0.1313 0.1291 0.1376 0.1426 0.0224 
         175  1 0.1369 0.1437 0.1511 0.1340 0.1392 0.1395 0.1378 0.0177 
         176  1 0.1403 0.1461 0.1486 0.1347 0.1390 0.1382 0.1337 0.0195 
         177  1 0.1376 0.1285 0.1697 0.1341 0.1450 0.1251 0.1198 0.0402 
         178  1 0.1228 0.1315 0.1494 0.1414 0.1336 0.1433 0.1522 0.0259 
         179  1 0.1459 0.1167 0.1378 0.1273 0.1563 0.1432 0.1348 0.0380 
         180  1 0.1436 0.1294 0.1670 0.1280 0.1758 0.1267 0.1078 0.0217 
         181  1 0.1268 0.1325 0.1511 0.1238 0.1562 0.1289 0.1204 0.0603 
         182  1 0.1335 0.1205 0.1137 0.1174 0.1304 0.1288 0.1289 0.1267 
         183  1 0.1332 0.1426 0.1597 0.1294 0.1488 0.1338 0.1298 0.0227 
         184  1 0.1411 0.1371 0.1629 0.1373 0.1449 0.1285 0.1114 0.0369 
         185  1 0.1487 0.1461 0.1624 0.1334 0.1271 0.1319 0.1241 0.0262 
         186  1 0.1315 0.1446 0.1329 0.1391 0.1234 0.1394 0.1375 0.0515 
         187  1 0.1712 0.1323 0.1090 0.1268 0.1539 0.1491 0.1419 0.0159 
         188  1 0.1470 0.1453 0.1442 0.1334 0.1372 0.1304 0.1317 0.0308 
         189  1 0.1458 0.1413 0.1515 0.1322 0.1400 0.1322 0.1221 0.0349 
         190  1 0.1366 0.1311 0.1432 0.1315 0.1443 0.1294 0.1273 0.0565 
         191  1 0.1457 0.1389 0.1495 0.1293 0.1572 0.1345 0.1203 0.0246 
         192  1 0.1319 0.1280 0.1491 0.1329 0.1628 0.1222 0.1162 0.0569 
         193  1 0.1452 0.1528 0.1273 0.1444 0.1395 0.1318 0.1183 0.0408 
         194  1 0.0980 0.0900 0.1056 0.0871 0.1073 0.0974 0.0948 0.3199 
         195  1 0.1220 0.1363 0.1230 0.1451 0.1321 0.1542 0.1667 0.0207 
         196  1 0.1367 0.1321 0.1438 0.1407 0.1347 0.1309 0.1245 0.0566 
         197  1 0.1319 0.1377 0.1249 0.1395 0.1304 0.1232 0.0989 0.1136 
         198  1 0.1396 0.1331 0.1371 0.1396 0.1419 0.1354 0.1329 0.0405 
         199  1 0.1270 0.1321 0.1493 0.1383 0.1327 0.1175 0.1153 0.0877 
         200  1 0.1264 0.1460 0.1511 0.1308 0.1351 0.1162 0.1245 0.0698 
         201  1 0.1255 0.1302 0.1489 0.1307 0.1436 0.1514 0.1450 0.0247 
         202  1 0.1389 0.1345 0.1419 0.1327 0.1417 0.1374 0.1371 0.0359 
         203  1 0.1431 0.1485 0.1295 0.1348 0.1489 0.1383 0.1271 0.0297 
         204  1 0.1149 0.1328 0.1276 0.1465 0.1200 0.1517 0.1742 0.0323 
         205  1 0.1401 0.1350 0.1212 0.1348 0.1425 0.1350 0.1410 0.0504 
         206  1 0.1511 0.1359 0.1223 0.1447 0.1482 0.1371 0.1334 0.0272 
         207  1 0.1355 0.1468 0.1775 0.1373 0.1304 0.1229 0.1074 0.0421 
         208  1 0.1536 0.1281 0.1279 0.1353 0.1410 0.1466 0.1506 0.0170 
         209  1 0.1248 0.1384 0.1676 0.1218 0.1223 0.1066 0.0984 0.1200 
         210  1 0.1256 0.1252 0.1306 0.1390 0.1345 0.1413 0.1475 0.0564 
         211  1 0.1544 0.1299 0.1193 0.1258 0.1333 0.1611 0.1495 0.0267 
         212  1 0.1362 0.1353 0.1394 0.1520 0.1488 0.1324 0.1312 0.0248 
         213  1 0.1122 0.1294 0.1145 0.1173 0.1107 0.1123 0.1253 0.1783 
         214  1 0.1511 0.1611 0.2076 0.1496 0.1272 0.1022 0.0769 0.0244 
         215  1 0.1302 0.1237 0.1354 0.1286 0.1328 0.1375 0.1274 0.0845 
         216  1 0.1351 0.1424 0.1465 0.1344 0.1425 0.1336 0.1354 0.0300 
         217  1 0.1195 0.1241 0.1010 0.1341 0.1160 0.1420 0.1523 0.1110 
         218  1 0.1238 0.1197 0.1334 0.1246 0.1261 0.1240 0.1183 0.1301 
         219  1 0.1068 0.1118 0.1104 0.1176 0.1130 0.1094 0.1107 0.2204 
         220  1 0.1457 0.1455 0.1694 0.1408 0.1484 0.1219 0.1057 0.0227 
         221  1 0.1461 0.1356 0.1190 0.1375 0.1279 0.1357 0.1385 0.0596 
         222  1 0.1474 0.1468 0.1525 0.1499 0.1405 0.1261 0.1133 0.0234 
         223  1 0.1479 0.1266 0.1083 0.1277 0.1406 0.1409 0.1372 0.0708 
         224  1 0.1430 0.1398 0.1324 0.1401 0.1425 0.1404 0.1291 0.0328 
         225  1 0.1163 0.1135 0.1015 0.1122 0.1096 0.1125 0.1037 0.2307 
         226  1 0.1225 0.1348 0.1019 0.1507 0.1338 0.1634 0.1754 0.0175 
