           1  1 0.0093 0.0721 0.1179 0.1687 0.1315 0.0934 0.0926 0.0892 0.1072 0.1181 
           2  1 0.6523 0.0381 0.0395 0.0438 0.0417 0.0327 0.0370 0.0378 0.0396 0.0376 
           3  1 0.2153 0.0860 0.0879 0.0861 0.0895 0.0850 0.0909 0.0892 0.0881 0.0820 
           4  1 0.7656 0.0275 0.0271 0.0271 0.0255 0.0247 0.0250 0.0253 0.0265 0.0257 
           5  1 0.3675 0.0573 0.0719 0.0870 0.0746 0.0666 0.0620 0.0678 0.0732 0.0720 
           6  1 0.7292 0.0303 0.0296 0.0318 0.0298 0.0286 0.0281 0.0296 0.0325 0.0304 
           7  1 0.5460 0.0483 0.0487 0.0536 0.0555 0.0480 0.0482 0.0504 0.0515 0.0498 
           8  1 0.4166 0.0590 0.0658 0.0644 0.0708 0.0640 0.0619 0.0628 0.0697 0.0650 
           9  1 0.7577 0.0283 0.0275 0.0260 0.0273 0.0268 0.0261 0.0248 0.0284 0.0271 
          10  1 0.1020 0.1045 0.1028 0.1027 0.0963 0.0965 0.0999 0.0964 0.1014 0.0975 
          11  1 0.7745 0.0242 0.0266 0.0254 0.0264 0.0239 0.0229 0.0258 0.0258 0.0247 
          12  1 0.2215 0.0798 0.0934 0.0946 0.0923 0.0839 0.0799 0.0870 0.0881 0.0795 
          13  1 0.7922 0.0230 0.0236 0.0241 0.0230 0.0227 0.0224 0.0236 0.0235 0.0220 
          14  1 0.0741 0.1072 0.1011 0.0963 0.1055 0.1056 0.1055 0.1044 0.1027 0.0974 
          15  1 0.6207 0.0406 0.0405 0.0408 0.0447 0.0432 0.0473 0.0444 0.0380 0.0398 
          16  1 0.0722 0.0933 0.1050 0.1036 0.1030 0.1007 0.1121 0.1055 0.1012 0.1034 
          17  1 0.2850 0.0753 0.0773 0.0729 0.0816 0.0767 0.0928 0.0818 0.0720 0.0846 
          18  1 0.1323 0.0926 0.0912 0.0843 0.1015 0.0981 0.1096 0.0950 0.0939 0.1014 
          19  1 0.4144 0.0601 0.0676 0.0677 0.0642 0.0615 0.0597 0.0599 0.0710 0.0739 
          20  1 0.3544 0.0671 0.0756 0.0760 0.0746 0.0700 0.0670 0.0703 0.0756 0.0695 
          21  1 0.2986 0.0654 0.0777 0.0926 0.0808 0.0742 0.0717 0.0799 0.0783 0.0809 
          22  1 0.0997 0.0999 0.1006 0.0990 0.0996 0.0994 0.1012 0.0997 0.0999 0.1011 
          23  1 0.3964 0.0610 0.0701 0.0800 0.0771 0.0596 0.0565 0.0581 0.0708 0.0705 
          24  1 0.5827 0.0399 0.0482 0.0508 0.0491 0.0479 0.0431 0.0440 0.0460 0.0483 
          25  1 0.1117 0.0883 0.0962 0.1163 0.1074 0.0909 0.0904 0.0927 0.1046 0.1016 
          26  1 0.3137 0.0732 0.0723 0.0714 0.0851 0.0745 0.0720 0.0762 0.0841 0.0775 
          27  1 0.4481 0.0604 0.0611 0.0626 0.0633 0.0610 0.0570 0.0591 0.0662 0.0612 
          28  1 0.0524 0.1061 0.1072 0.1087 0.1014 0.1027 0.1022 0.1079 0.1029 0.1084 
          29  1 0.6041 0.0444 0.0447 0.0448 0.0430 0.0438 0.0424 0.0436 0.0440 0.0452 
          30  1 0.5077 0.0546 0.0526 0.0542 0.0584 0.0513 0.0498 0.0550 0.0604 0.0561 
          31  1 0.8257 0.0211 0.0191 0.0197 0.0187 0.0196 0.0179 0.0195 0.0201 0.0186 
          32  1 0.3238 0.0690 0.0784 0.0771 0.0771 0.0727 0.0716 0.0787 0.0746 0.0770 
          33  1 0.4452 0.0602 0.0611 0.0639 0.0630 0.0609 0.0595 0.0605 0.0640 0.0617 
          34  1 0.2783 0.0734 0.0790 0.0836 0.0853 0.0766 0.0820 0.0789 0.0791 0.0837 
          35  1 0.1993 0.0864 0.0897 0.0900 0.0918 0.0889 0.0892 0.0877 0.0902 0.0869 
          36  1 0.0832 0.1035 0.1010 0.0966 0.1037 0.1016 0.1090 0.1010 0.0979 0.1026 
          37  1 0.0929 0.1018 0.1007 0.1031 0.1051 0.0980 0.0968 0.1002 0.1039 0.0974 
          38  1 0.0432 0.1059 0.1068 0.1024 0.0979 0.1086 0.1175 0.1038 0.1043 0.1096 
          39  1 0.6253 0.0425 0.0403 0.0406 0.0423 0.0399 0.0409 0.0425 0.0441 0.0417 
          40  1 0.6250 0.0390 0.0420 0.0469 0.0455 0.0412 0.0360 0.0414 0.0420 0.0411 
          41  1 0.1085 0.1067 0.1016 0.0981 0.1020 0.0962 0.1011 0.0922 0.0946 0.0991 
          42  1 0.4193 0.0625 0.0634 0.0685 0.0656 0.0633 0.0608 0.0593 0.0737 0.0635 
          43  1 0.0796 0.0835 0.1061 0.1289 0.1120 0.0933 0.0943 0.0925 0.1055 0.1044 
          44  1 0.5481 0.0537 0.0499 0.0507 0.0478 0.0512 0.0489 0.0531 0.0490 0.0475 
          45  1 0.4014 0.0612 0.0680 0.0755 0.0709 0.0642 0.0629 0.0619 0.0670 0.0670 
          46  1 0.1400 0.0961 0.0975 0.0976 0.1004 0.0923 0.0894 0.0940 0.1000 0.0926 
          47  1 0.0984 0.1035 0.1025 0.1003 0.0987 0.0944 0.0942 0.1007 0.1111 0.0963 
          48  1 0.2259 0.0742 0.0871 0.0997 0.0832 0.0835 0.0795 0.0874 0.0904 0.0890 
          49  1 0.0351 0.1138 0.1042 0.1034 0.1124 0.1067 0.1054 0.1280 0.0948 0.0962 
          50  1 0.0417 0.1053 0.1112 0.1001 0.1116 0.1018 0.1019 0.1163 0.1082 0.1018 
          51  1 0.0208 0.1435 0.1008 0.0984 0.0879 0.1165 0.1067 0.1282 0.1007 0.0963 
          52  1 0.0170 0.1023 0.1072 0.1152 0.1185 0.1039 0.0985 0.1016 0.1194 0.1163 
          53  1 0.0393 0.1021 0.1128 0.1014 0.1009 0.1161 0.1130 0.1013 0.1014 0.1117 
          54  1 0.0227 0.1329 0.1027 0.1009 0.0950 0.1156 0.1114 0.1088 0.1024 0.1076 
          55  1 0.0792 0.1020 0.1034 0.1067 0.1046 0.1025 0.0965 0.0998 0.1049 0.1004 
          56  1 0.0099 0.1091 0.1132 0.1051 0.0946 0.1115 0.1262 0.1186 0.0939 0.1180 
          57  1 0.0236 0.1347 0.0997 0.1025 0.0901 0.1114 0.1069 0.1223 0.1046 0.1040 
          58  1 0.0507 0.0910 0.1077 0.1110 0.1092 0.1041 0.0979 0.1062 0.1104 0.1116 
          59  1 0.0491 0.1196 0.0980 0.0949 0.0970 0.1067 0.1252 0.1095 0.1003 0.0996 
          60  1 0.0232 0.1209 0.0936 0.1047 0.1064 0.1198 0.1059 0.1160 0.1105 0.0989 
          61  1 0.0212 0.1083 0.1059 0.1101 0.1159 0.1025 0.1047 0.1042 0.1201 0.1070 
          62  1 0.0432 0.1047 0.1028 0.1092 0.1029 0.1010 0.1063 0.1100 0.1101 0.1099 
          63  1 0.1082 0.0916 0.1055 0.1120 0.1049 0.0963 0.0845 0.0878 0.1089 0.1002 
          64  1 0.0189 0.1038 0.1037 0.1180 0.1116 0.1078 0.0966 0.1092 0.1177 0.1127 
          65  1 0.0267 0.0975 0.1067 0.1131 0.1132 0.1065 0.1081 0.1048 0.1108 0.1125 
          66  1 0.0456 0.1013 0.0957 0.1039 0.1137 0.1098 0.1054 0.1016 0.1103 0.1126 
          67  1 0.0241 0.1071 0.1158 0.1012 0.0968 0.0977 0.1247 0.1107 0.1185 0.1034 
          68  1 0.0112 0.1153 0.1024 0.1076 0.1074 0.1193 0.1100 0.1154 0.1080 0.1034 
          69  1 0.0141 0.1206 0.1119 0.0938 0.1215 0.1069 0.0967 0.1090 0.1156 0.1099 
          70  1 0.0130 0.1335 0.1094 0.1052 0.0896 0.1119 0.1161 0.1107 0.1110 0.0995 
          71  1 0.0784 0.1050 0.1013 0.0950 0.1050 0.1103 0.0980 0.1057 0.1012 0.1001 
          72  1 0.0149 0.1109 0.1118 0.1014 0.1015 0.1233 0.1208 0.1124 0.0966 0.1065 
          73  1 0.0141 0.1189 0.1154 0.1072 0.1007 0.1062 0.1021 0.1120 0.1229 0.1004 
          74  1 0.0250 0.1140 0.1048 0.0969 0.1009 0.1189 0.1157 0.1091 0.1050 0.1097 
          75  1 0.0228 0.1101 0.1158 0.1013 0.1089 0.1103 0.0953 0.1165 0.1106 0.1084 
          76  1 0.0131 0.1226 0.1089 0.1015 0.0947 0.1184 0.1114 0.1228 0.1021 0.1047 
          77  1 0.0164 0.1057 0.1027 0.1167 0.1129 0.1002 0.1070 0.1061 0.1221 0.1102 
          78  1 0.0150 0.1025 0.1227 0.1198 0.1051 0.1087 0.1061 0.1078 0.0988 0.1135 
          79  1 0.0204 0.1038 0.1162 0.1044 0.1110 0.1088 0.0956 0.1043 0.1252 0.1105 
          80  1 0.0184 0.1058 0.1078 0.1143 0.1092 0.1090 0.1035 0.1125 0.1051 0.1146 
          81  1 0.0239 0.1103 0.1147 0.1081 0.1061 0.1137 0.0984 0.1099 0.1094 0.1055 
          82  1 0.0658 0.1035 0.1077 0.0994 0.1078 0.1104 0.0958 0.1041 0.1084 0.0971 
          83  1 0.0185 0.1073 0.1031 0.1117 0.1080 0.1127 0.1147 0.1069 0.1103 0.1069 
          84  1 0.0173 0.1058 0.1068 0.1132 0.1159 0.1064 0.1030 0.1088 0.1124 0.1105 
          85  1 0.1390 0.0917 0.0987 0.1038 0.0984 0.0905 0.0968 0.0902 0.0960 0.0950 
          86  1 0.2079 0.0828 0.0921 0.0844 0.0927 0.0912 0.0905 0.0866 0.0831 0.0887 
          87  1 0.0646 0.1067 0.0965 0.0890 0.0937 0.1095 0.1379 0.1046 0.0864 0.1111 
          88  1 0.0325 0.1124 0.1117 0.0949 0.0931 0.1128 0.1344 0.1049 0.0925 0.1109 
          89  1 0.0219 0.1186 0.1107 0.1065 0.1028 0.1149 0.1020 0.1113 0.1064 0.1050 
          90  1 0.0225 0.1084 0.1167 0.1026 0.1171 0.1117 0.0876 0.1124 0.1179 0.1032 
          91  1 0.0419 0.1100 0.1017 0.1136 0.1109 0.1065 0.0995 0.1085 0.1054 0.1020 
          92  1 0.0377 0.0962 0.1118 0.1102 0.1102 0.1101 0.0983 0.1023 0.1126 0.1106 
          93  1 0.0248 0.1248 0.1053 0.1021 0.1047 0.0952 0.1194 0.1048 0.1137 0.1052 
          94  1 0.1034 0.0911 0.1056 0.0954 0.1183 0.0999 0.0848 0.0969 0.0993 0.1051 
          95  1 0.0197 0.1013 0.1272 0.1054 0.1200 0.1082 0.0881 0.1038 0.1182 0.1079 
          96  1 0.0240 0.1083 0.0960 0.0794 0.0947 0.1250 0.1668 0.1153 0.0747 0.1159 
          97  1 0.1405 0.1145 0.0789 0.0877 0.0789 0.1121 0.1044 0.1080 0.0882 0.0869 
          98  1 0.0640 0.0987 0.1001 0.0950 0.1091 0.1152 0.1052 0.1023 0.1009 0.1096 
          99  1 0.0416 0.1129 0.1075 0.1068 0.1129 0.0997 0.1013 0.1066 0.1088 0.1018 
         100  1 0.1137 0.1026 0.0991 0.0936 0.1114 0.0958 0.0866 0.0962 0.1007 0.1004 
         101  1 0.0536 0.1080 0.1082 0.1042 0.1018 0.1058 0.0997 0.1045 0.1087 0.1056 
         102  1 0.0151 0.1188 0.1076 0.1061 0.0997 0.1123 0.1108 0.1119 0.1022 0.1157 
         103  1 0.0440 0.1106 0.1054 0.1016 0.0916 0.1098 0.1147 0.1112 0.1014 0.1097 
         104  1 0.0193 0.1074 0.1148 0.1059 0.1056 0.1131 0.1019 0.1063 0.1162 0.1094 
         105  1 0.0869 0.0956 0.1090 0.1035 0.0965 0.0972 0.1044 0.1012 0.1104 0.0951 
         106  1 0.0531 0.0955 0.1083 0.1154 0.1070 0.1070 0.1031 0.1080 0.1002 0.1023 
         107  1 0.2300 0.0897 0.0789 0.0818 0.0930 0.0831 0.0876 0.0844 0.0875 0.0841 
         108  1 0.0140 0.1080 0.0945 0.0844 0.0980 0.1265 0.1560 0.1152 0.0830 0.1202 
         109  1 0.0456 0.1046 0.1018 0.0977 0.1142 0.1020 0.1091 0.0982 0.1092 0.1176 
         110  1 0.0140 0.1072 0.1058 0.1132 0.1062 0.1078 0.1222 0.1047 0.1104 0.1085 
         111  1 0.0393 0.1141 0.1119 0.1114 0.0946 0.1034 0.1126 0.1089 0.1070 0.0967 
         112  1 0.0254 0.1108 0.1123 0.1163 0.1121 0.1103 0.1010 0.1043 0.1056 0.1019 
         113  1 0.0312 0.1082 0.0968 0.0900 0.1006 0.1150 0.1414 0.1163 0.0883 0.1124 
         114  1 0.0848 0.0996 0.1061 0.1068 0.1079 0.0923 0.0932 0.1060 0.1067 0.0966 
         115  1 0.0173 0.1146 0.1094 0.1169 0.1104 0.0957 0.1157 0.0906 0.1241 0.1052 
         116  1 0.0207 0.1090 0.1169 0.1080 0.1079 0.1075 0.0998 0.1103 0.1088 0.1111 
         117  1 0.0342 0.1136 0.1074 0.1042 0.1072 0.1073 0.1051 0.1102 0.1011 0.1097 
         118  1 0.0401 0.1032 0.1131 0.1125 0.1123 0.1057 0.0893 0.0991 0.1143 0.1103 
         119  1 0.0285 0.1163 0.1091 0.1146 0.1105 0.1059 0.1052 0.1014 0.1059 0.1027 
         120  1 0.0100 0.1140 0.0971 0.0744 0.0931 0.1322 0.1661 0.1212 0.0752 0.1166 
         121  1 0.0255 0.0977 0.1127 0.1152 0.1122 0.1074 0.1062 0.1031 0.1116 0.1085 
         122  1 0.0156 0.1023 0.1080 0.1240 0.1262 0.1030 0.0946 0.1101 0.1169 0.0993 
         123  1 0.0384 0.1032 0.1113 0.0945 0.1077 0.1075 0.1068 0.1139 0.1149 0.1019 
         124  1 0.0710 0.0922 0.1042 0.1153 0.1058 0.1025 0.1015 0.1048 0.1060 0.0967 
         125  1 0.0258 0.1207 0.0963 0.1061 0.1018 0.1084 0.1270 0.1095 0.0972 0.1071 
         126  1 0.0603 0.1066 0.1042 0.1061 0.1123 0.1079 0.1005 0.1027 0.1028 0.0964 
         127  1 0.0474 0.1073 0.0942 0.0854 0.0949 0.1201 0.1436 0.1158 0.0826 0.1088 
         128  1 0.0180 0.1132 0.1075 0.1059 0.0991 0.1086 0.1202 0.1085 0.1004 0.1185 
         129  1 0.0160 0.1010 0.1156 0.1085 0.1134 0.1160 0.0971 0.1014 0.1146 0.1163 
         130  1 0.0154 0.1087 0.0995 0.0922 0.1002 0.1172 0.1405 0.1122 0.0979 0.1161 
         131  1 0.0218 0.0968 0.1150 0.1224 0.1060 0.1031 0.1071 0.1054 0.1143 0.1082 
         132  1 0.0288 0.1097 0.1085 0.1185 0.1086 0.1025 0.1035 0.1091 0.1055 0.1054 
         133  1 0.0637 0.0992 0.1039 0.1045 0.1057 0.1036 0.0998 0.1045 0.1127 0.1023 
         134  1 0.0236 0.1057 0.1063 0.1192 0.1098 0.1047 0.1019 0.1082 0.1090 0.1116 
         135  1 0.0261 0.1135 0.1008 0.0865 0.1063 0.1174 0.1225 0.1072 0.1052 0.1144 
         136  1 0.0323 0.1093 0.1041 0.1008 0.1130 0.0998 0.1102 0.1008 0.1231 0.1066 
         137  1 0.0336 0.1127 0.1109 0.1135 0.1072 0.1027 0.1011 0.1113 0.1046 0.1024 
         138  1 0.0376 0.1081 0.1073 0.1053 0.1155 0.1014 0.0951 0.1103 0.1137 0.1058 
         139  1 0.0388 0.1132 0.1050 0.1026 0.1122 0.0947 0.1084 0.1013 0.1200 0.1038 
         140  1 0.0757 0.1041 0.1046 0.1057 0.1058 0.0931 0.0948 0.0947 0.1196 0.1020 
         141  1 0.0549 0.1055 0.1029 0.1049 0.1105 0.1078 0.1075 0.1007 0.1039 0.1013 
         142  1 0.0201 0.1022 0.1147 0.1208 0.1102 0.1046 0.1000 0.1021 0.1066 0.1186 
         143  1 0.0103 0.1014 0.1052 0.1242 0.1016 0.1048 0.1112 0.1095 0.1185 0.1133 
         144  1 0.0171 0.1121 0.1067 0.1172 0.1111 0.0971 0.1147 0.1015 0.1112 0.1114 
         145  1 0.0731 0.1019 0.1070 0.0977 0.1189 0.0965 0.0947 0.0947 0.1070 0.1085 
         146  1 0.0394 0.1056 0.1101 0.1008 0.1031 0.1042 0.1165 0.1067 0.1073 0.1062 
         147  1 0.0356 0.1022 0.1083 0.1013 0.1172 0.1135 0.0964 0.1089 0.1047 0.1120 
         148  1 0.0189 0.1111 0.1059 0.1154 0.0996 0.1060 0.1085 0.1097 0.1127 0.1122 
         149  1 0.0404 0.1282 0.1057 0.1053 0.1017 0.1012 0.1089 0.0967 0.1068 0.1051 
         150  1 0.0265 0.1071 0.1028 0.0957 0.0993 0.1110 0.1306 0.1121 0.0976 0.1173 
         151  1 0.1317 0.0983 0.0899 0.0961 0.0836 0.0987 0.1202 0.0973 0.0865 0.0977 
         152  1 0.0342 0.1190 0.1022 0.0961 0.0974 0.1207 0.1258 0.1079 0.0906 0.1060 
         153  1 0.1414 0.0916 0.0977 0.0993 0.0948 0.0946 0.0940 0.0946 0.0972 0.0949 
         154  1 0.0237 0.1094 0.1067 0.1137 0.1052 0.1099 0.0989 0.1057 0.1129 0.1141 
         155  1 0.0465 0.0979 0.1230 0.1013 0.1154 0.1026 0.0906 0.0965 0.1167 0.1097 
         156  1 0.0157 0.1174 0.1129 0.1098 0.1091 0.1089 0.0990 0.1061 0.1136 0.1077 
         157  1 0.0124 0.1159 0.1096 0.1046 0.1022 0.1062 0.1086 0.1132 0.1179 0.1095 
         158  1 0.0264 0.1077 0.1076 0.0985 0.1000 0.1093 0.1151 0.1084 0.1124 0.1147 
         159  1 0.0209 0.1094 0.1059 0.1081 0.0984 0.1090 0.1176 0.1103 0.1086 0.1118 
         160  1 0.0152 0.1119 0.1168 0.1006 0.1133 0.0999 0.1056 0.1042 0.1229 0.1097 
         161  1 0.0145 0.1140 0.1058 0.0948 0.1041 0.1151 0.1205 0.1158 0.0987 0.1167 
         162  1 0.0327 0.1097 0.1142 0.0969 0.1115 0.1151 0.0938 0.1115 0.1018 0.1128 
         163  1 0.0181 0.1106 0.1212 0.1011 0.1071 0.0972 0.1079 0.0987 0.1297 0.1084 
         164  1 0.0273 0.1151 0.1109 0.1143 0.1020 0.1003 0.1017 0.1016 0.1174 0.1094 
         165  1 0.0170 0.1197 0.1061 0.1170 0.1115 0.1119 0.0985 0.1101 0.1085 0.0995 
         166  1 0.0173 0.1067 0.1123 0.1109 0.1104 0.1074 0.1044 0.1055 0.1171 0.1081 
         167  1 0.0164 0.1032 0.1168 0.1089 0.1133 0.1134 0.1002 0.1062 0.1093 0.1122 
         168  1 0.0177 0.1218 0.1149 0.1013 0.1134 0.1025 0.1044 0.1044 0.1141 0.1055 
         169  1 0.0151 0.1068 0.1010 0.0800 0.1008 0.1335 0.1384 0.1212 0.0835 0.1198 
         170  1 0.0252 0.1071 0.1020 0.0928 0.1011 0.1172 0.1372 0.1193 0.0926 0.1054 
         171  1 0.0174 0.1122 0.1148 0.0933 0.1108 0.1033 0.1163 0.1063 0.1140 0.1117 
         172  1 0.0223 0.1205 0.1055 0.1065 0.1042 0.1083 0.1088 0.1034 0.1104 0.1101 
         173  1 0.0213 0.1157 0.1149 0.1126 0.1048 0.0934 0.1119 0.0975 0.1220 0.1058 
         174  1 0.0202 0.1046 0.1132 0.1056 0.1035 0.1108 0.1151 0.1142 0.1047 0.1082 
         175  1 0.0157 0.1048 0.1078 0.1078 0.1008 0.1160 0.1232 0.1101 0.1016 0.1122 
         176  1 0.0174 0.1191 0.1039 0.1096 0.1061 0.1067 0.1116 0.1041 0.1128 0.1086 
         177  1 0.0337 0.1165 0.1022 0.1050 0.0966 0.1128 0.1145 0.1191 0.0988 0.1007 
         178  1 0.0205 0.1007 0.1093 0.1115 0.1100 0.1074 0.1087 0.1102 0.0995 0.1222 
         179  1 0.0323 0.1147 0.1086 0.0974 0.1066 0.1039 0.1055 0.1141 0.1118 0.1051 
         180  1 0.0189 0.1379 0.1090 0.1002 0.0953 0.1079 0.1024 0.1258 0.1030 0.0995 
         181  1 0.0439 0.1231 0.1062 0.0959 0.0998 0.1034 0.1000 0.1185 0.1026 0.1065 
         182  1 0.0914 0.0990 0.1081 0.1047 0.1045 0.1006 0.0953 0.1018 0.0960 0.0987 
         183  1 0.0180 0.1122 0.1083 0.1100 0.1069 0.1048 0.1101 0.1112 0.1129 0.1055 
         184  1 0.0309 0.1113 0.1060 0.1026 0.1044 0.1184 0.1146 0.1108 0.0978 0.1032 
         185  1 0.0226 0.1090 0.1066 0.0987 0.0983 0.1089 0.1280 0.1113 0.0989 0.1176 
         186  1 0.0394 0.1014 0.1123 0.0995 0.1130 0.1096 0.0953 0.1087 0.1058 0.1150 
         187  1 0.0139 0.1183 0.1146 0.1048 0.0974 0.1035 0.1143 0.1016 0.1265 0.1051 
         188  1 0.0229 0.1020 0.1076 0.1051 0.1108 0.1074 0.1094 0.1123 0.1049 0.1176 
         189  1 0.0247 0.1188 0.1109 0.1022 0.1038 0.1112 0.1168 0.1054 0.1052 0.1009 
         190  1 0.0469 0.1126 0.1071 0.1041 0.1096 0.1007 0.1021 0.1075 0.1037 0.1057 
         191  1 0.0208 0.1356 0.1040 0.1052 0.0872 0.1094 0.1129 0.1187 0.1056 0.1006 
         192  1 0.0527 0.1264 0.0936 0.1007 0.0923 0.1060 0.1053 0.1131 0.1056 0.1042 
         193  1 0.0297 0.1026 0.1108 0.1001 0.1258 0.1101 0.0860 0.1031 0.1182 0.1137 
         194  1 0.2747 0.0914 0.0803 0.0807 0.0806 0.0794 0.0825 0.0777 0.0785 0.0743 
         195  1 0.0165 0.0962 0.1080 0.1227 0.1155 0.1063 0.0922 0.1083 0.1104 0.1238 
         196  1 0.0468 0.1228 0.0950 0.0999 0.0988 0.1131 0.1102 0.1018 0.1074 0.1042 
         197  1 0.0832 0.1004 0.1049 0.0919 0.1183 0.1037 0.0906 0.0926 0.1043 0.1100 
         198  1 0.0335 0.1096 0.1040 0.1099 0.1107 0.1036 0.1041 0.1037 0.1118 0.1090 
         199  1 0.0738 0.1194 0.0974 0.0962 0.0944 0.1033 0.1105 0.1047 0.0991 0.1012 
         200  1 0.0488 0.1206 0.1014 0.1011 0.1085 0.1037 0.1116 0.1023 0.1008 0.1013 
         201  1 0.0217 0.1234 0.1027 0.1151 0.1058 0.1003 0.1093 0.1149 0.1003 0.1064 
         202  1 0.0249 0.1162 0.1100 0.1101 0.1053 0.1126 0.1071 0.1072 0.1038 0.1028 
         203  1 0.0252 0.1070 0.1187 0.1072 0.1157 0.1085 0.0964 0.1036 0.1051 0.1125 
         204  1 0.0222 0.0965 0.1119 0.1245 0.1179 0.1045 0.0999 0.1074 0.1090 0.1062 
         205  1 0.0350 0.1159 0.1079 0.1071 0.1023 0.1025 0.1099 0.1042 0.1137 0.1013 
         206  1 0.0214 0.1202 0.1111 0.0970 0.1041 0.1137 0.1034 0.1086 0.1133 0.1074 
         207  1 0.0341 0.1069 0.1004 0.0965 0.0979 0.1112 0.1331 0.1117 0.0965 0.1116 
         208  1 0.0148 0.1173 0.1124 0.1085 0.0977 0.1093 0.1096 0.1086 0.1207 0.1011 
         209  1 0.0863 0.1146 0.0921 0.0884 0.0942 0.1014 0.1235 0.1026 0.0957 0.1013 
         210  1 0.0457 0.0985 0.1106 0.1082 0.1069 0.1004 0.0970 0.1066 0.1106 0.1157 
         211  1 0.0221 0.1137 0.1185 0.1125 0.1003 0.1122 0.1003 0.1049 0.1074 0.1082 
         212  1 0.0206 0.1217 0.1080 0.1029 0.1074 0.1161 0.0978 0.1110 0.1069 0.1075 
         213  1 0.0935 0.0960 0.1045 0.0998 0.1078 0.0957 0.0964 0.0928 0.1063 0.1073 
         214  1 0.0203 0.1110 0.0911 0.0749 0.0931 0.1334 0.1648 0.1157 0.0735 0.1223 
         215  1 0.0690 0.1064 0.1073 0.0993 0.0993 0.1084 0.1035 0.1086 0.0981 0.1003 
         216  1 0.0227 0.1079 0.1099 0.1133 0.1119 0.1093 0.1018 0.1113 0.1077 0.1041 
         217  1 0.0962 0.0943 0.1029 0.1132 0.1067 0.1015 0.0870 0.0982 0.1017 0.0985 
         218  1 0.1000 0.1011 0.1023 0.0926 0.0983 0.1039 0.1060 0.1031 0.0918 0.1009 
         219  1 0.1582 0.0960 0.0918 0.0895 0.0981 0.0932 0.0885 0.0961 0.0934 0.0951 
         220  1 0.0196 0.1159 0.1035 0.0966 0.1034 0.1228 0.1184 0.1122 0.0986 0.1089 
         221  1 0.0445 0.1029 0.1105 0.1036 0.1153 0.1047 0.0962 0.1014 0.1076 0.1133 
         222  1 0.0206 0.1071 0.1085 0.0959 0.1105 0.1092 0.1178 0.1087 0.1066 0.1151 
         223  1 0.0593 0.1035 0.1160 0.1090 0.1018 0.1040 0.0964 0.0951 0.1112 0.1037 
         224  1 0.0299 0.1092 0.1112 0.1035 0.1100 0.1171 0.0950 0.1056 0.1067 0.1118 
         225  1 0.1841 0.0855 0.0928 0.0926 0.0973 0.0904 0.0833 0.0885 0.0922 0.0933 
         226  1 0.0145 0.1033 0.1123 0.1234 0.1203 0.0908 0.0990 0.0916 0.1299 0.1149 
