           1  1 0.3723 0.3266 0.0117 0.0858 0.0454 0.1583 
           2  1 0.0795 0.0723 0.7071 0.0522 0.0415 0.0474 
           3  1 0.1246 0.1360 0.3402 0.1338 0.1296 0.1358 
           4  1 0.0339 0.0349 0.8339 0.0331 0.0333 0.0308 
           5  1 0.1061 0.0995 0.6361 0.0526 0.0414 0.0643 
           6  1 0.0399 0.0377 0.8203 0.0339 0.0347 0.0334 
           7  1 0.0537 0.0507 0.7688 0.0439 0.0412 0.0416 
           8  1 0.0635 0.0649 0.7028 0.0586 0.0529 0.0573 
           9  1 0.0285 0.0281 0.8561 0.0299 0.0295 0.0279 
          10  1 0.1755 0.1696 0.1468 0.1896 0.1690 0.1494 
          11  1 0.0265 0.0273 0.8688 0.0255 0.0271 0.0249 
          12  1 0.1078 0.1077 0.5242 0.0902 0.0811 0.0890 
          13  1 0.0251 0.0255 0.8754 0.0254 0.0241 0.0245 
          14  1 0.1537 0.1651 0.1626 0.1719 0.1720 0.1748 
          15  1 0.0501 0.0520 0.7268 0.0596 0.0536 0.0579 
          16  1 0.1598 0.1711 0.1644 0.1637 0.1588 0.1823 
          17  1 0.0743 0.0794 0.6067 0.0728 0.0690 0.0979 
          18  1 0.1020 0.1293 0.3344 0.1297 0.1309 0.1737 
          19  1 0.0870 0.0927 0.5489 0.0864 0.0959 0.0891 
          20  1 0.0767 0.0768 0.6586 0.0682 0.0546 0.0652 
          21  1 0.1132 0.1136 0.5741 0.0731 0.0569 0.0691 
          22  1 0.1680 0.1673 0.1667 0.1662 0.1659 0.1659 
          23  1 0.1217 0.1081 0.5973 0.0597 0.0455 0.0676 
          24  1 0.0743 0.0710 0.7101 0.0503 0.0415 0.0528 
          25  1 0.2084 0.1874 0.2397 0.1228 0.1086 0.1332 
          26  1 0.0921 0.1069 0.5054 0.0987 0.0991 0.0978 
          27  1 0.1022 0.1033 0.5429 0.0851 0.0836 0.0830 
          28  1 0.1871 0.1822 0.1214 0.1809 0.1725 0.1560 
          29  1 0.0646 0.0630 0.7103 0.0519 0.0542 0.0559 
          30  1 0.0778 0.0674 0.7099 0.0517 0.0405 0.0527 
          31  1 0.0225 0.0217 0.8894 0.0233 0.0220 0.0210 
          32  1 0.1064 0.1135 0.5560 0.0796 0.0692 0.0754 
          33  1 0.0935 0.0923 0.5855 0.0771 0.0711 0.0806 
          34  1 0.0819 0.0867 0.6097 0.0743 0.0622 0.0852 
          35  1 0.1279 0.1341 0.3581 0.1237 0.1223 0.1338 
          36  1 0.1694 0.1707 0.2115 0.1436 0.1362 0.1687 
          37  1 0.1689 0.1670 0.1656 0.1676 0.1735 0.1574 
          38  1 0.1716 0.1653 0.0695 0.1890 0.2067 0.1979 
          39  1 0.0390 0.0395 0.8194 0.0338 0.0318 0.0365 
          40  1 0.0512 0.0509 0.7731 0.0417 0.0389 0.0444 
          41  1 0.1444 0.1523 0.2865 0.1393 0.1348 0.1426 
          42  1 0.0676 0.0711 0.6847 0.0605 0.0573 0.0589 
          43  1 0.2541 0.2456 0.1422 0.1225 0.0899 0.1458 
          44  1 0.0664 0.0698 0.6536 0.0766 0.0698 0.0638 
          45  1 0.1238 0.1166 0.5588 0.0658 0.0530 0.0821 
          46  1 0.1639 0.1515 0.2694 0.1509 0.1354 0.1290 
          47  1 0.1755 0.1560 0.1971 0.1616 0.1675 0.1424 
          48  1 0.1471 0.1493 0.4594 0.0793 0.0640 0.1009 
          49  1 0.1814 0.1699 0.0666 0.2109 0.1998 0.1715 
          50  1 0.1835 0.1652 0.0881 0.1885 0.2085 0.1663 
          51  1 0.1798 0.1629 0.0325 0.2321 0.2273 0.1655 
          52  1 0.2198 0.2224 0.0277 0.1728 0.1772 0.1801 
          53  1 0.1443 0.1606 0.0556 0.1982 0.2243 0.2169 
          54  1 0.1466 0.1571 0.0336 0.2197 0.2219 0.2211 
          55  1 0.1797 0.1743 0.1261 0.1718 0.1748 0.1733 
          56  1 0.1867 0.1950 0.0129 0.1981 0.1989 0.2084 
          57  1 0.1877 0.1727 0.0330 0.2275 0.2116 0.1674 
          58  1 0.2169 0.2045 0.0909 0.1578 0.1635 0.1664 
          59  1 0.1348 0.1425 0.0740 0.2201 0.2007 0.2279 
          60  1 0.1733 0.1882 0.0300 0.2165 0.1936 0.1983 
          61  1 0.2061 0.1957 0.0383 0.2013 0.1864 0.1723 
          62  1 0.1993 0.2038 0.0973 0.1793 0.1623 0.1580 
          63  1 0.2343 0.2139 0.1429 0.1388 0.1258 0.1443 
          64  1 0.1804 0.1905 0.0328 0.1927 0.2121 0.1916 
          65  1 0.2147 0.1934 0.0391 0.1876 0.1901 0.1751 
          66  1 0.1765 0.1786 0.0981 0.1789 0.1804 0.1875 
          67  1 0.1973 0.1898 0.0393 0.2099 0.2058 0.1579 
          68  1 0.1874 0.1743 0.0166 0.2121 0.2087 0.2008 
          69  1 0.1584 0.1549 0.0206 0.2013 0.2621 0.2027 
          70  1 0.1853 0.1620 0.0165 0.2207 0.2355 0.1799 
          71  1 0.1503 0.1595 0.1247 0.2017 0.1734 0.1903 
          72  1 0.1633 0.1548 0.0201 0.2152 0.2452 0.2014 
          73  1 0.1950 0.1564 0.0207 0.2077 0.2477 0.1726 
          74  1 0.1712 0.1695 0.0377 0.2203 0.1871 0.2142 
          75  1 0.1947 0.1832 0.0385 0.1954 0.1880 0.2002 
          76  1 0.1868 0.1543 0.0175 0.2159 0.2315 0.1940 
          77  1 0.1952 0.2005 0.0296 0.1914 0.1887 0.1946 
          78  1 0.2171 0.2185 0.0212 0.1790 0.1668 0.1974 
          79  1 0.1672 0.1504 0.0283 0.2014 0.2614 0.1913 
          80  1 0.2144 0.2120 0.0336 0.1815 0.1623 0.1961 
          81  1 0.2044 0.1847 0.0325 0.1896 0.2133 0.1755 
          82  1 0.1815 0.1843 0.0945 0.1872 0.1690 0.1835 
          83  1 0.2085 0.1993 0.0238 0.1972 0.1888 0.1825 
          84  1 0.2086 0.1886 0.0291 0.1882 0.2040 0.1814 
          85  1 0.1273 0.1386 0.3358 0.1303 0.1315 0.1364 
          86  1 0.1279 0.1288 0.3452 0.1288 0.1297 0.1395 
          87  1 0.1237 0.1436 0.1272 0.1852 0.1890 0.2313 
          88  1 0.1504 0.1515 0.0367 0.2086 0.2275 0.2253 
          89  1 0.1755 0.1844 0.0348 0.2127 0.1963 0.1963 
          90  1 0.1687 0.1608 0.0355 0.1939 0.2472 0.1940 
          91  1 0.1853 0.1926 0.0683 0.2015 0.1665 0.1858 
          92  1 0.1999 0.1874 0.1014 0.1711 0.1613 0.1790 
          93  1 0.1881 0.1707 0.0309 0.2132 0.2261 0.1709 
          94  1 0.1449 0.1500 0.2310 0.1423 0.1710 0.1607 
          95  1 0.1725 0.1692 0.0292 0.1782 0.2409 0.2100 
          96  1 0.1114 0.1462 0.0340 0.2105 0.2337 0.2642 
          97  1 0.1397 0.1406 0.1681 0.2126 0.1751 0.1639 
          98  1 0.1406 0.1588 0.1381 0.1673 0.1814 0.2137 
          99  1 0.2081 0.1965 0.0740 0.1864 0.1646 0.1704 
         100  1 0.1410 0.1342 0.3176 0.1432 0.1337 0.1302 
         101  1 0.2002 0.1850 0.0870 0.1828 0.1826 0.1624 
         102  1 0.1747 0.1763 0.0250 0.1953 0.2061 0.2227 
         103  1 0.1731 0.1765 0.0605 0.2167 0.1894 0.1837 
         104  1 0.2233 0.1990 0.0275 0.1835 0.1849 0.1817 
         105  1 0.1850 0.1726 0.1446 0.1655 0.1689 0.1634 
         106  1 0.2086 0.2035 0.1329 0.1621 0.1374 0.1555 
         107  1 0.1015 0.1120 0.4598 0.1144 0.1044 0.1079 
         108  1 0.1249 0.1519 0.0238 0.2051 0.2201 0.2740 
         109  1 0.1702 0.1867 0.1420 0.1592 0.1529 0.1890 
         110  1 0.2011 0.2158 0.0205 0.2160 0.1706 0.1759 
         111  1 0.1915 0.1774 0.0536 0.2125 0.2096 0.1554 
         112  1 0.2011 0.1824 0.0411 0.1878 0.2051 0.1826 
         113  1 0.1303 0.1499 0.0449 0.1973 0.2335 0.2441 
         114  1 0.1642 0.1822 0.2279 0.1466 0.1375 0.1415 
         115  1 0.2133 0.1953 0.0364 0.1898 0.2029 0.1622 
         116  1 0.1899 0.1722 0.0283 0.1938 0.2225 0.1934 
         117  1 0.1699 0.1725 0.0500 0.2073 0.2166 0.1837 
         118  1 0.2025 0.2015 0.0749 0.1705 0.1640 0.1866 
         119  1 0.2144 0.1865 0.0539 0.1901 0.1805 0.1746 
         120  1 0.1156 0.1433 0.0141 0.2134 0.2447 0.2690 
         121  1 0.2156 0.2030 0.0536 0.1710 0.1757 0.1811 
         122  1 0.2350 0.2098 0.0239 0.1814 0.1874 0.1625 
         123  1 0.1821 0.1675 0.0579 0.1959 0.2216 0.1750 
         124  1 0.2209 0.2100 0.1222 0.1563 0.1389 0.1518 
         125  1 0.1494 0.1613 0.0403 0.2150 0.2128 0.2212 
         126  1 0.1713 0.1767 0.1264 0.1884 0.1726 0.1646 
         127  1 0.1246 0.1509 0.0974 0.1924 0.1940 0.2407 
         128  1 0.1775 0.1746 0.0249 0.2026 0.2016 0.2187 
         129  1 0.1862 0.1942 0.0242 0.1846 0.2062 0.2046 
         130  1 0.1446 0.1582 0.0241 0.2097 0.2238 0.2396 
         131  1 0.2313 0.2255 0.0314 0.1664 0.1645 0.1808 
         132  1 0.2193 0.2164 0.0630 0.1757 0.1417 0.1839 
         133  1 0.1816 0.1702 0.1201 0.1759 0.1913 0.1608 
         134  1 0.1999 0.2080 0.0452 0.1626 0.1808 0.2035 
         135  1 0.1420 0.1542 0.0399 0.2031 0.2364 0.2244 
         136  1 0.1755 0.1707 0.0456 0.2067 0.2238 0.1777 
         137  1 0.2031 0.1976 0.0567 0.1922 0.1816 0.1688 
         138  1 0.1807 0.1813 0.0665 0.1853 0.2067 0.1795 
         139  1 0.1885 0.1776 0.0553 0.1983 0.2152 0.1650 
         140  1 0.1891 0.1707 0.1190 0.1758 0.1956 0.1499 
         141  1 0.1711 0.1719 0.1068 0.1852 0.1855 0.1796 
         142  1 0.2625 0.2305 0.0405 0.1648 0.1441 0.1575 
         143  1 0.2264 0.2115 0.0151 0.1881 0.1795 0.1794 
         144  1 0.2157 0.1978 0.0248 0.1871 0.2009 0.1737 
         145  1 0.1357 0.1541 0.2020 0.1497 0.1760 0.1826 
         146  1 0.1711 0.1681 0.0790 0.1863 0.1889 0.2066 
         147  1 0.1729 0.1982 0.0566 0.1741 0.1934 0.2048 
         148  1 0.2032 0.1802 0.0288 0.1935 0.2117 0.1827 
         149  1 0.1630 0.1667 0.0687 0.2194 0.1963 0.1858 
         150  1 0.1342 0.1587 0.0377 0.2068 0.2270 0.2356 
         151  1 0.1224 0.1450 0.1926 0.1693 0.1723 0.1984 
         152  1 0.1415 0.1559 0.0479 0.2249 0.2056 0.2241 
         153  1 0.1504 0.1421 0.3443 0.1232 0.1097 0.1303 
         154  1 0.2176 0.2167 0.0449 0.1830 0.1684 0.1694 
         155  1 0.1696 0.1751 0.0929 0.1775 0.2044 0.1805 
         156  1 0.1749 0.1869 0.0249 0.1951 0.2286 0.1895 
         157  1 0.1950 0.1959 0.0178 0.2069 0.2022 0.1822 
         158  1 0.1805 0.1881 0.0601 0.1762 0.1889 0.2063 
         159  1 0.1877 0.1936 0.0391 0.1859 0.1833 0.2105 
         160  1 0.1842 0.1824 0.0230 0.2073 0.2156 0.1874 
         161  1 0.1479 0.1647 0.0202 0.2162 0.2291 0.2220 
         162  1 0.1607 0.1698 0.0593 0.1887 0.2160 0.2056 
         163  1 0.1882 0.1760 0.0239 0.2023 0.2339 0.1757 
         164  1 0.2063 0.1984 0.0448 0.1806 0.1909 0.1789 
         165  1 0.2099 0.1864 0.0250 0.1963 0.2037 0.1787 
         166  1 0.1829 0.1683 0.0251 0.1871 0.2509 0.1857 
         167  1 0.1856 0.2070 0.0243 0.1869 0.2020 0.1941 
         168  1 0.1949 0.1972 0.0272 0.2011 0.1995 0.1801 
         169  1 0.1173 0.1602 0.0213 0.1991 0.2389 0.2633 
         170  1 0.1368 0.1732 0.0373 0.2071 0.2185 0.2271 
         171  1 0.1823 0.1796 0.0234 0.2193 0.2154 0.1800 
         172  1 0.1879 0.1854 0.0316 0.2045 0.1977 0.1930 
         173  1 0.2130 0.1801 0.0301 0.1995 0.2120 0.1654 
         174  1 0.1776 0.1705 0.0292 0.1892 0.2264 0.2072 
         175  1 0.1738 0.1807 0.0223 0.1981 0.2168 0.2084 
         176  1 0.1877 0.1892 0.0268 0.1966 0.2046 0.1950 
         177  1 0.1680 0.1782 0.0513 0.2233 0.1896 0.1896 
         178  1 0.2130 0.2166 0.0348 0.1688 0.1592 0.2076 
         179  1 0.2021 0.1882 0.0533 0.2012 0.1958 0.1593 
         180  1 0.1815 0.1690 0.0273 0.2325 0.2210 0.1686 
         181  1 0.1828 0.1861 0.0809 0.2017 0.1818 0.1666 
         182  1 0.1623 0.1599 0.1944 0.1693 0.1612 0.1529 
         183  1 0.1871 0.1882 0.0301 0.2012 0.1938 0.1997 
         184  1 0.1556 0.1707 0.0509 0.2149 0.2013 0.2066 
         185  1 0.1597 0.1690 0.0330 0.2051 0.2169 0.2163 
         186  1 0.1820 0.2111 0.0723 0.1738 0.1677 0.1931 
         187  1 0.1997 0.1636 0.0182 0.1938 0.2524 0.1723 
         188  1 0.1831 0.1763 0.0403 0.1925 0.2051 0.2026 
         189  1 0.1738 0.1838 0.0640 0.2119 0.1829 0.1837 
         190  1 0.1757 0.1723 0.0779 0.1938 0.1969 0.1834 
         191  1 0.1918 0.1726 0.0291 0.2204 0.2076 0.1786 
         192  1 0.1698 0.1739 0.0644 0.2281 0.1947 0.1690 
         193  1 0.1649 0.1819 0.0613 0.1712 0.2124 0.2083 
         194  1 0.1215 0.1201 0.3876 0.1414 0.1208 0.1085 
         195  1 0.2532 0.2324 0.0298 0.1599 0.1452 0.1793 
         196  1 0.1550 0.1603 0.0688 0.2130 0.2013 0.2016 
         197  1 0.1414 0.1581 0.1554 0.1615 0.1901 0.1936 
         198  1 0.1761 0.1746 0.0583 0.2033 0.2048 0.1829 
         199  1 0.1434 0.1564 0.1136 0.2067 0.1882 0.1918 
         200  1 0.1684 0.1771 0.1158 0.1830 0.1706 0.1851 
         201  1 0.2132 0.2009 0.0292 0.1952 0.1897 0.1717 
         202  1 0.1870 0.1970 0.0623 0.2025 0.1828 0.1685 
         203  1 0.1843 0.1859 0.0373 0.1898 0.2003 0.2023 
         204  1 0.2294 0.2461 0.0569 0.1648 0.1303 0.1726 
         205  1 0.1820 0.1818 0.0877 0.1891 0.1941 0.1653 
         206  1 0.1883 0.1799 0.0337 0.1835 0.2261 0.1885 
         207  1 0.1466 0.1674 0.0602 0.2019 0.2014 0.2225 
         208  1 0.1960 0.1820 0.0208 0.1876 0.2310 0.1826 
         209  1 0.1175 0.1406 0.1798 0.1867 0.1752 0.2002 
         210  1 0.2123 0.2047 0.0787 0.1715 0.1642 0.1686 
         211  1 0.2117 0.1927 0.0336 0.1884 0.2065 0.1671 
         212  1 0.1912 0.1879 0.0328 0.1932 0.2126 0.1822 
         213  1 0.1338 0.1368 0.3604 0.1217 0.1147 0.1325 
         214  1 0.1155 0.1513 0.0297 0.2072 0.2304 0.2660 
         215  1 0.1712 0.1647 0.1093 0.2019 0.1788 0.1741 
         216  1 0.1921 0.1954 0.0532 0.1824 0.1854 0.1915 
         217  1 0.2077 0.1990 0.1353 0.1459 0.1474 0.1647 
         218  1 0.1581 0.1665 0.1774 0.1765 0.1542 0.1672 
         219  1 0.1247 0.1388 0.3067 0.1379 0.1495 0.1425 
         220  1 0.1553 0.1644 0.0281 0.2182 0.2159 0.2182 
         221  1 0.1814 0.1828 0.0820 0.1760 0.1953 0.1825 
         222  1 0.1491 0.1703 0.0316 0.2007 0.2291 0.2192 
         223  1 0.2073 0.1759 0.1028 0.1728 0.1850 0.1562 
         224  1 0.1784 0.1732 0.0373 0.1994 0.2128 0.1990 
         225  1 0.1334 0.1434 0.3061 0.1286 0.1414 0.1473 
         226  1 0.2496 0.2525 0.0263 0.1566 0.1559 0.1590 
