           1  1 0.0105 0.0817 0.0819 0.1843 0.0807 0.0983 0.0965 0.1476 0.2184 
           2  1 0.6440 0.0365 0.0410 0.0523 0.0434 0.0379 0.0398 0.0448 0.0602 
           3  1 0.2534 0.0936 0.0986 0.0884 0.0989 0.0953 0.0924 0.0916 0.0879 
           4  1 0.7658 0.0278 0.0290 0.0305 0.0305 0.0272 0.0297 0.0300 0.0294 
           5  1 0.3876 0.0718 0.0607 0.0936 0.0642 0.0627 0.0698 0.0865 0.1031 
           6  1 0.7445 0.0310 0.0309 0.0338 0.0318 0.0315 0.0301 0.0313 0.0351 
           7  1 0.5823 0.0478 0.0535 0.0563 0.0520 0.0517 0.0481 0.0514 0.0569 
           8  1 0.4829 0.0623 0.0598 0.0679 0.0622 0.0623 0.0637 0.0669 0.0721 
           9  1 0.7731 0.0270 0.0290 0.0285 0.0289 0.0288 0.0281 0.0273 0.0293 
          10  1 0.1113 0.1031 0.1146 0.1164 0.1177 0.1048 0.1049 0.1134 0.1138 
          11  1 0.7888 0.0254 0.0271 0.0276 0.0269 0.0265 0.0261 0.0259 0.0256 
          12  1 0.2578 0.0934 0.0878 0.0955 0.0953 0.0889 0.0892 0.0943 0.0979 
          13  1 0.8071 0.0235 0.0233 0.0253 0.0236 0.0238 0.0241 0.0240 0.0252 
          14  1 0.0885 0.1160 0.1153 0.1068 0.1230 0.1176 0.1179 0.1094 0.1056 
          15  1 0.6419 0.0482 0.0447 0.0400 0.0437 0.0491 0.0485 0.0449 0.0390 
          16  1 0.0893 0.1233 0.1111 0.1075 0.1075 0.1209 0.1175 0.1130 0.1099 
          17  1 0.3426 0.0915 0.0744 0.0728 0.0793 0.0828 0.0935 0.0824 0.0807 
          18  1 0.1645 0.1285 0.0940 0.0867 0.1039 0.1086 0.1248 0.1041 0.0849 
          19  1 0.4434 0.0635 0.0672 0.0738 0.0717 0.0662 0.0699 0.0696 0.0748 
          20  1 0.3938 0.0782 0.0730 0.0823 0.0809 0.0675 0.0722 0.0714 0.0808 
          21  1 0.3327 0.0721 0.0747 0.1033 0.0775 0.0732 0.0739 0.0897 0.1031 
          22  1 0.1110 0.1109 0.1111 0.1109 0.1111 0.1114 0.1116 0.1109 0.1111 
          23  1 0.4226 0.0628 0.0634 0.0900 0.0642 0.0597 0.0601 0.0766 0.1006 
          24  1 0.6085 0.0467 0.0415 0.0590 0.0410 0.0457 0.0459 0.0512 0.0603 
          25  1 0.1220 0.0979 0.0930 0.1275 0.1067 0.0960 0.0969 0.1168 0.1433 
          26  1 0.3587 0.0758 0.0825 0.0778 0.0874 0.0770 0.0804 0.0803 0.0801 
          27  1 0.4690 0.0575 0.0656 0.0721 0.0702 0.0611 0.0636 0.0685 0.0724 
          28  1 0.0626 0.1111 0.1211 0.1269 0.1280 0.1029 0.1091 0.1190 0.1192 
          29  1 0.6165 0.0464 0.0463 0.0497 0.0478 0.0470 0.0461 0.0495 0.0507 
          30  1 0.5344 0.0572 0.0579 0.0655 0.0547 0.0549 0.0481 0.0599 0.0674 
          31  1 0.8285 0.0194 0.0235 0.0217 0.0221 0.0221 0.0204 0.0202 0.0221 
          32  1 0.3581 0.0769 0.0767 0.0866 0.0796 0.0723 0.0718 0.0821 0.0959 
          33  1 0.4580 0.0688 0.0642 0.0711 0.0676 0.0613 0.0646 0.0708 0.0736 
          34  1 0.3496 0.0938 0.0720 0.0811 0.0719 0.0800 0.0833 0.0815 0.0868 
          35  1 0.2254 0.1005 0.0936 0.0991 0.0959 0.0965 0.0922 0.0967 0.1001 
          36  1 0.0993 0.1263 0.1057 0.1078 0.1102 0.1077 0.1182 0.1170 0.1077 
          37  1 0.1010 0.1045 0.1140 0.1199 0.1174 0.1051 0.1116 0.1119 0.1146 
          38  1 0.0490 0.1238 0.1199 0.1115 0.1092 0.1279 0.1265 0.1239 0.1084 
          39  1 0.6546 0.0448 0.0395 0.0435 0.0474 0.0400 0.0448 0.0431 0.0424 
          40  1 0.6456 0.0390 0.0460 0.0480 0.0456 0.0407 0.0410 0.0452 0.0489 
          41  1 0.1268 0.1154 0.1110 0.1092 0.1132 0.1052 0.1095 0.1053 0.1045 
          42  1 0.4686 0.0675 0.0630 0.0682 0.0654 0.0607 0.0642 0.0689 0.0736 
          43  1 0.0811 0.0933 0.0956 0.1449 0.1033 0.1034 0.0951 0.1209 0.1624 
          44  1 0.5794 0.0547 0.0546 0.0509 0.0555 0.0525 0.0502 0.0521 0.0501 
          45  1 0.4065 0.0688 0.0647 0.0835 0.0718 0.0647 0.0688 0.0775 0.0937 
          46  1 0.1635 0.1005 0.1096 0.1127 0.1095 0.1032 0.0987 0.0948 0.1075 
          47  1 0.1142 0.1103 0.1181 0.1206 0.1167 0.0989 0.1021 0.1027 0.1165 
          48  1 0.2734 0.0815 0.0782 0.1045 0.0862 0.0819 0.0817 0.0978 0.1148 
          49  1 0.0419 0.1213 0.1372 0.1108 0.1378 0.1310 0.1110 0.1052 0.1039 
          50  1 0.0493 0.1276 0.1267 0.1189 0.1261 0.1138 0.1164 0.1079 0.1133 
          51  1 0.0247 0.1275 0.1617 0.0984 0.1539 0.1338 0.1134 0.0991 0.0874 
          52  1 0.0198 0.1103 0.1100 0.1306 0.1239 0.1152 0.1194 0.1269 0.1440 
          53  1 0.0457 0.1237 0.1169 0.1089 0.1044 0.1399 0.1312 0.1165 0.1128 
          54  1 0.0258 0.1338 0.1344 0.1066 0.1213 0.1373 0.1237 0.1202 0.0969 
          55  1 0.0971 0.1042 0.1106 0.1181 0.1221 0.1080 0.1124 0.1079 0.1196 
          56  1 0.0108 0.1176 0.1187 0.1139 0.1084 0.1488 0.1371 0.1234 0.1212 
          57  1 0.0254 0.1226 0.1557 0.1087 0.1363 0.1259 0.1149 0.1094 0.1012 
          58  1 0.0568 0.1053 0.1133 0.1423 0.1199 0.1031 0.1105 0.1160 0.1328 
          59  1 0.0542 0.1373 0.1177 0.1027 0.1152 0.1418 0.1254 0.1121 0.0936 
          60  1 0.0253 0.1194 0.1236 0.1213 0.1307 0.1186 0.1181 0.1232 0.1197 
          61  1 0.0232 0.1160 0.1216 0.1328 0.1244 0.1112 0.1108 0.1262 0.1337 
          62  1 0.0515 0.1126 0.1132 0.1365 0.1258 0.1112 0.1102 0.1162 0.1227 
          63  1 0.1179 0.1028 0.1080 0.1357 0.1064 0.0916 0.0973 0.1099 0.1304 
          64  1 0.0218 0.1239 0.1157 0.1282 0.1330 0.1077 0.1196 0.1255 0.1245 
          65  1 0.0306 0.1182 0.1104 0.1303 0.1273 0.1133 0.1173 0.1141 0.1386 
          66  1 0.0543 0.1252 0.1183 0.1191 0.1173 0.1136 0.1242 0.1148 0.1133 
          67  1 0.0294 0.1230 0.1258 0.1211 0.1359 0.1141 0.1084 0.1229 0.1195 
          68  1 0.0128 0.1226 0.1277 0.1146 0.1357 0.1343 0.1198 0.1179 0.1146 
          69  1 0.0160 0.1117 0.1444 0.1265 0.1348 0.1228 0.1250 0.1159 0.1028 
          70  1 0.0143 0.1135 0.1380 0.1277 0.1377 0.1245 0.1159 0.1132 0.1151 
          71  1 0.0846 0.1113 0.1217 0.1049 0.1223 0.1118 0.1200 0.1159 0.1075 
          72  1 0.0163 0.1184 0.1341 0.1081 0.1309 0.1315 0.1375 0.1174 0.1058 
          73  1 0.0163 0.1138 0.1256 0.1447 0.1224 0.1164 0.1254 0.1149 0.1205 
          74  1 0.0297 0.1290 0.1253 0.1084 0.1198 0.1316 0.1263 0.1170 0.1129 
          75  1 0.0271 0.1209 0.1248 0.1228 0.1219 0.1148 0.1194 0.1250 0.1234 
          76  1 0.0144 0.1131 0.1374 0.1175 0.1362 0.1319 0.1222 0.1163 0.1109 
          77  1 0.0189 0.1277 0.1201 0.1265 0.1286 0.1103 0.1145 0.1210 0.1325 
          78  1 0.0169 0.1124 0.1181 0.1293 0.1115 0.1222 0.1204 0.1312 0.1380 
          79  1 0.0231 0.1177 0.1363 0.1302 0.1241 0.1150 0.1308 0.1121 0.1107 
          80  1 0.0223 0.1164 0.1182 0.1297 0.1222 0.1129 0.1106 0.1308 0.1369 
          81  1 0.0275 0.1106 0.1227 0.1318 0.1262 0.1169 0.1152 0.1216 0.1275 
          82  1 0.0730 0.1116 0.1144 0.1174 0.1164 0.1137 0.1174 0.1193 0.1168 
          83  1 0.0200 0.1140 0.1257 0.1226 0.1216 0.1273 0.1211 0.1177 0.1299 
          84  1 0.0200 0.1135 0.1133 0.1335 0.1225 0.1198 0.1222 0.1256 0.1295 
          85  1 0.1809 0.1075 0.0997 0.1016 0.1010 0.0969 0.1051 0.1017 0.1056 
          86  1 0.2367 0.0975 0.0960 0.0906 0.0907 0.0977 0.0986 0.0977 0.0945 
          87  1 0.0746 0.1529 0.1099 0.0757 0.0874 0.1571 0.1480 0.1172 0.0772 
          88  1 0.0340 0.1352 0.1192 0.0914 0.1047 0.1523 0.1449 0.1208 0.0974 
          89  1 0.0247 0.1276 0.1325 0.1142 0.1239 0.1209 0.1235 0.1138 0.1189 
          90  1 0.0250 0.1102 0.1279 0.1382 0.1364 0.1122 0.1221 0.1134 0.1146 
          91  1 0.0493 0.1152 0.1161 0.1257 0.1207 0.1142 0.1091 0.1143 0.1354 
          92  1 0.0486 0.1139 0.1153 0.1155 0.1213 0.1123 0.1210 0.1235 0.1287 
          93  1 0.0257 0.1284 0.1220 0.1205 0.1351 0.1162 0.1185 0.1164 0.1171 
          94  1 0.1273 0.1024 0.1117 0.1153 0.1171 0.0978 0.1081 0.1140 0.1063 
          95  1 0.0220 0.1081 0.1291 0.1381 0.1277 0.1139 0.1260 0.1220 0.1130 
          96  1 0.0253 0.1602 0.1202 0.0674 0.0756 0.1926 0.1722 0.1218 0.0647 
          97  1 0.1504 0.1165 0.1289 0.0868 0.1200 0.1233 0.1079 0.0930 0.0733 
          98  1 0.0777 0.1273 0.1073 0.1067 0.1080 0.1224 0.1266 0.1270 0.0972 
          99  1 0.0472 0.1218 0.1209 0.1187 0.1263 0.1187 0.1080 0.1152 0.1232 
         100  1 0.1398 0.1019 0.1114 0.1092 0.1188 0.1123 0.1031 0.0976 0.1059 
         101  1 0.0605 0.1203 0.1200 0.1181 0.1222 0.1083 0.1093 0.1176 0.1236 
         102  1 0.0169 0.1334 0.1234 0.1123 0.1149 0.1181 0.1361 0.1276 0.1172 
         103  1 0.0480 0.1206 0.1271 0.1112 0.1195 0.1219 0.1211 0.1175 0.1131 
         104  1 0.0227 0.1033 0.1211 0.1480 0.1177 0.1161 0.1142 0.1302 0.1266 
         105  1 0.1000 0.0991 0.1030 0.1240 0.1109 0.1092 0.1067 0.1178 0.1294 
         106  1 0.0606 0.1155 0.1126 0.1237 0.1125 0.1091 0.1077 0.1188 0.1395 
         107  1 0.2682 0.0924 0.0951 0.0891 0.0994 0.0915 0.0864 0.0888 0.0891 
         108  1 0.0157 0.1643 0.1113 0.0803 0.0938 0.1722 0.1603 0.1241 0.0780 
         109  1 0.0604 0.1307 0.1068 0.1205 0.1215 0.1080 0.1228 0.1187 0.1105 
         110  1 0.0159 0.1247 0.1234 0.1217 0.1203 0.1342 0.1128 0.1189 0.1281 
         111  1 0.0442 0.1241 0.1278 0.1210 0.1232 0.1105 0.1132 0.1127 0.1234 
         112  1 0.0296 0.1172 0.1167 0.1268 0.1181 0.1176 0.1182 0.1298 0.1260 
         113  1 0.0355 0.1409 0.1209 0.0842 0.0984 0.1617 0.1525 0.1270 0.0788 
         114  1 0.1053 0.1215 0.1072 0.1149 0.1197 0.1070 0.1054 0.1046 0.1145 
         115  1 0.0206 0.1374 0.1184 0.1302 0.1287 0.1163 0.1104 0.1179 0.1201 
         116  1 0.0232 0.1142 0.1309 0.1279 0.1225 0.1119 0.1261 0.1222 0.1211 
         117  1 0.0394 0.1237 0.1197 0.1119 0.1263 0.1197 0.1194 0.1199 0.1200 
         118  1 0.0468 0.1137 0.1123 0.1311 0.1179 0.1051 0.1186 0.1248 0.1297 
         119  1 0.0320 0.1228 0.1209 0.1268 0.1239 0.1165 0.1075 0.1236 0.1260 
         120  1 0.0110 0.1511 0.1187 0.0660 0.0851 0.2008 0.1710 0.1261 0.0701 
         121  1 0.0308 0.1077 0.1077 0.1317 0.1143 0.1134 0.1182 0.1339 0.1422 
         122  1 0.0179 0.1077 0.1162 0.1458 0.1136 0.1044 0.1059 0.1296 0.1588 
         123  1 0.0430 0.1168 0.1194 0.1268 0.1199 0.1149 0.1221 0.1161 0.1210 
         124  1 0.0805 0.1043 0.1122 0.1316 0.1122 0.1002 0.1097 0.1140 0.1352 
         125  1 0.0286 0.1412 0.1137 0.1030 0.1089 0.1529 0.1380 0.1162 0.0975 
         126  1 0.0681 0.1159 0.1195 0.1135 0.1244 0.1130 0.1101 0.1161 0.1194 
         127  1 0.0564 0.1501 0.1120 0.0782 0.0933 0.1631 0.1496 0.1179 0.0793 
         128  1 0.0209 0.1285 0.1242 0.1071 0.1102 0.1337 0.1262 0.1322 0.1169 
         129  1 0.0181 0.1133 0.1253 0.1270 0.1247 0.1139 0.1264 0.1215 0.1298 
         130  1 0.0178 0.1457 0.1107 0.0936 0.1057 0.1592 0.1518 0.1212 0.0944 
         131  1 0.0239 0.1129 0.1085 0.1473 0.1075 0.1143 0.1094 0.1294 0.1469 
         132  1 0.0332 0.1179 0.1169 0.1296 0.1129 0.1097 0.1146 0.1284 0.1366 
         133  1 0.0725 0.1141 0.1169 0.1267 0.1165 0.1114 0.1089 0.1134 0.1195 
         134  1 0.0265 0.1152 0.1103 0.1327 0.1128 0.1131 0.1198 0.1332 0.1364 
         135  1 0.0298 0.1305 0.1276 0.1046 0.1152 0.1340 0.1386 0.1209 0.0989 
         136  1 0.0341 0.1265 0.1304 0.1242 0.1290 0.1088 0.1192 0.1128 0.1150 
         137  1 0.0375 0.1115 0.1249 0.1256 0.1309 0.1145 0.1114 0.1169 0.1268 
         138  1 0.0434 0.1143 0.1270 0.1240 0.1308 0.1110 0.1122 0.1191 0.1182 
         139  1 0.0404 0.1176 0.1315 0.1260 0.1359 0.1032 0.1114 0.1146 0.1194 
         140  1 0.0849 0.1074 0.1201 0.1277 0.1196 0.1017 0.1083 0.1101 0.1203 
         141  1 0.0658 0.1171 0.1212 0.1105 0.1268 0.1139 0.1252 0.1100 0.1096 
         142  1 0.0231 0.1145 0.1106 0.1303 0.1259 0.1120 0.1130 0.1248 0.1458 
         143  1 0.0113 0.1155 0.1212 0.1294 0.1236 0.1182 0.1183 0.1182 0.1443 
         144  1 0.0198 0.1251 0.1081 0.1344 0.1289 0.1132 0.1141 0.1228 0.1336 
         145  1 0.0916 0.1103 0.1079 0.1163 0.1065 0.1123 0.1222 0.1222 0.1107 
         146  1 0.0462 0.1318 0.1126 0.1109 0.1104 0.1356 0.1189 0.1232 0.1104 
         147  1 0.0391 0.1099 0.1165 0.1232 0.1193 0.1172 0.1295 0.1288 0.1166 
         148  1 0.0210 0.1036 0.1154 0.1351 0.1222 0.1156 0.1297 0.1269 0.1306 
         149  1 0.0431 0.1271 0.1249 0.1108 0.1263 0.1236 0.1134 0.1163 0.1145 
         150  1 0.0300 0.1315 0.1155 0.0959 0.1051 0.1562 0.1405 0.1214 0.1039 
         151  1 0.1446 0.1277 0.1032 0.0860 0.0914 0.1267 0.1168 0.1178 0.0858 
         152  1 0.0377 0.1364 0.1250 0.1004 0.1091 0.1455 0.1301 0.1159 0.1000 
         153  1 0.1698 0.1117 0.1019 0.1067 0.1035 0.0967 0.0965 0.1022 0.1107 
         154  1 0.0282 0.1220 0.1180 0.1310 0.1242 0.1131 0.1152 0.1222 0.1261 
         155  1 0.0558 0.1090 0.1217 0.1255 0.1205 0.1107 0.1159 0.1176 0.1233 
         156  1 0.0174 0.1130 0.1328 0.1278 0.1311 0.1244 0.1180 0.1218 0.1137 
         157  1 0.0135 0.1231 0.1302 0.1273 0.1269 0.1162 0.1149 0.1215 0.1264 
         158  1 0.0316 0.1346 0.1211 0.1107 0.1138 0.1223 0.1289 0.1278 0.1093 
         159  1 0.0231 0.1341 0.1158 0.1166 0.1161 0.1230 0.1265 0.1250 0.1198 
         160  1 0.0166 0.1219 0.1283 0.1263 0.1364 0.1147 0.1153 0.1231 0.1174 
         161  1 0.0162 0.1316 0.1283 0.1127 0.1136 0.1458 0.1391 0.1187 0.0939 
         162  1 0.0384 0.1169 0.1369 0.1099 0.1263 0.1307 0.1246 0.1133 0.1029 
         163  1 0.0205 0.1219 0.1321 0.1278 0.1439 0.1081 0.1159 0.1169 0.1130 
         164  1 0.0319 0.1242 0.1207 0.1287 0.1224 0.1088 0.1107 0.1229 0.1297 
         165  1 0.0187 0.1192 0.1312 0.1238 0.1302 0.1166 0.1152 0.1191 0.1261 
         166  1 0.0194 0.1082 0.1262 0.1363 0.1306 0.1151 0.1197 0.1170 0.1275 
         167  1 0.0193 0.1176 0.1197 0.1190 0.1253 0.1208 0.1314 0.1275 0.1193 
         168  1 0.0187 0.1213 0.1321 0.1176 0.1335 0.1207 0.1147 0.1186 0.1227 
         169  1 0.0167 0.1364 0.1231 0.0816 0.0902 0.1787 0.1691 0.1221 0.0821 
         170  1 0.0287 0.1325 0.1316 0.0957 0.1053 0.1533 0.1405 0.1194 0.0930 
         171  1 0.0186 0.1287 0.1314 0.1230 0.1334 0.1221 0.1141 0.1171 0.1116 
         172  1 0.0246 0.1243 0.1179 0.1193 0.1171 0.1308 0.1196 0.1204 0.1260 
         173  1 0.0246 0.1225 0.1273 0.1287 0.1273 0.1101 0.1162 0.1177 0.1258 
         174  1 0.0228 0.1205 0.1185 0.1142 0.1145 0.1245 0.1261 0.1317 0.1273 
         175  1 0.0177 0.1232 0.1185 0.1107 0.1127 0.1465 0.1298 0.1246 0.1163 
         176  1 0.0198 0.1322 0.1200 0.1174 0.1202 0.1227 0.1183 0.1242 0.1250 
         177  1 0.0380 0.1238 0.1275 0.1089 0.1212 0.1302 0.1228 0.1156 0.1120 
         178  1 0.0240 0.1158 0.1138 0.1282 0.1134 0.1183 0.1170 0.1347 0.1348 
         179  1 0.0365 0.1181 0.1387 0.1302 0.1258 0.1139 0.1074 0.1097 0.1197 
         180  1 0.0205 0.1242 0.1485 0.1040 0.1564 0.1227 0.1151 0.1098 0.0989 
         181  1 0.0506 0.1230 0.1390 0.1069 0.1357 0.1242 0.1132 0.1070 0.1005 
         182  1 0.1006 0.1137 0.1116 0.1123 0.1193 0.1097 0.1131 0.1079 0.1119 
         183  1 0.0211 0.1278 0.1270 0.1127 0.1372 0.1303 0.1137 0.1174 0.1128 
         184  1 0.0349 0.1257 0.1286 0.1062 0.1153 0.1379 0.1294 0.1187 0.1033 
         185  1 0.0252 0.1216 0.1138 0.1046 0.1093 0.1418 0.1387 0.1311 0.1140 
         186  1 0.0441 0.1118 0.1108 0.1165 0.1190 0.1165 0.1274 0.1266 0.1274 
         187  1 0.0153 0.1148 0.1233 0.1365 0.1370 0.1075 0.1228 0.1218 0.1209 
         188  1 0.0275 0.1270 0.1208 0.1226 0.1225 0.1129 0.1190 0.1259 0.1217 
         189  1 0.0298 0.1304 0.1266 0.1146 0.1290 0.1198 0.1172 0.1220 0.1106 
         190  1 0.0508 0.1199 0.1270 0.1118 0.1256 0.1206 0.1165 0.1171 0.1108 
         191  1 0.0239 0.1230 0.1339 0.1157 0.1476 0.1212 0.1158 0.1077 0.1112 
         192  1 0.0556 0.1235 0.1302 0.1132 0.1242 0.1194 0.1127 0.1098 0.1114 
         193  1 0.0353 0.1094 0.1282 0.1224 0.1362 0.1115 0.1217 0.1158 0.1195 
         194  1 0.2890 0.0931 0.0984 0.0865 0.0899 0.0896 0.0829 0.0831 0.0876 
         195  1 0.0188 0.1118 0.1171 0.1368 0.1158 0.1157 0.1066 0.1334 0.1439 
         196  1 0.0547 0.1199 0.1268 0.1142 0.1266 0.1097 0.1222 0.1112 0.1148 
         197  1 0.1056 0.1062 0.1217 0.1076 0.1251 0.1142 0.1168 0.1086 0.0942 
         198  1 0.0399 0.1182 0.1221 0.1266 0.1281 0.1119 0.1130 0.1168 0.1236 
         199  1 0.0847 0.1179 0.1248 0.1090 0.1217 0.1157 0.1139 0.1117 0.1007 
         200  1 0.0554 0.1367 0.1195 0.1041 0.1272 0.1171 0.1169 0.1137 0.1094 
         201  1 0.0234 0.1257 0.1334 0.1265 0.1304 0.1118 0.1059 0.1161 0.1267 
         202  1 0.0288 0.1276 0.1307 0.1152 0.1273 0.1162 0.1146 0.1173 0.1222 
         203  1 0.0284 0.1156 0.1358 0.1220 0.1280 0.1111 0.1200 0.1188 0.1204 
         204  1 0.0268 0.1217 0.1128 0.1358 0.1152 0.1094 0.1031 0.1293 0.1459 
         205  1 0.0431 0.1152 0.1282 0.1269 0.1334 0.1063 0.1126 0.1169 0.1173 
         206  1 0.0233 0.1146 0.1259 0.1320 0.1280 0.1169 0.1189 0.1274 0.1130 
         207  1 0.0379 0.1455 0.1133 0.0939 0.1045 0.1548 0.1332 0.1188 0.0981 
         208  1 0.0171 0.1140 0.1151 0.1356 0.1273 0.1235 0.1215 0.1209 0.1249 
         209  1 0.1000 0.1391 0.1117 0.0921 0.1077 0.1327 0.1232 0.1087 0.0847 
         210  1 0.0505 0.1133 0.1190 0.1270 0.1281 0.1067 0.1085 0.1198 0.1272 
         211  1 0.0250 0.1154 0.1220 0.1230 0.1224 0.1158 0.1218 0.1221 0.1326 
         212  1 0.0234 0.1168 0.1372 0.1227 0.1345 0.1167 0.1139 0.1221 0.1127 
         213  1 0.1313 0.1192 0.1045 0.1079 0.1165 0.0948 0.1116 0.1064 0.1079 
         214  1 0.0223 0.1574 0.1138 0.0676 0.0815 0.1925 0.1744 0.1261 0.0644 
         215  1 0.0800 0.1140 0.1274 0.1073 0.1149 0.1243 0.1114 0.1092 0.1115 
         216  1 0.0273 0.1286 0.1175 0.1177 0.1254 0.1202 0.1248 0.1195 0.1190 
         217  1 0.1032 0.0995 0.1055 0.1285 0.1103 0.0954 0.1010 0.1175 0.1392 
         218  1 0.1187 0.1179 0.1141 0.0987 0.1033 0.1189 0.1153 0.1064 0.1067 
         219  1 0.1896 0.1018 0.1053 0.1019 0.1064 0.0973 0.1003 0.1006 0.0968 
         220  1 0.0215 0.1314 0.1329 0.1016 0.1265 0.1337 0.1309 0.1185 0.1030 
         221  1 0.0514 0.1156 0.1117 0.1239 0.1186 0.1139 0.1132 0.1267 0.1250 
         222  1 0.0232 0.1243 0.1319 0.1121 0.1144 0.1374 0.1323 0.1235 0.1009 
         223  1 0.0627 0.1181 0.1177 0.1330 0.1174 0.1100 0.1089 0.1119 0.1204 
         224  1 0.0330 0.1159 0.1279 0.1138 0.1296 0.1126 0.1284 0.1200 0.1188 
         225  1 0.2067 0.0933 0.0995 0.1023 0.1034 0.0945 0.1009 0.1016 0.0978 
         226  1 0.0158 0.1211 0.1097 0.1459 0.1264 0.0984 0.1085 0.1283 0.1459 
