1:    0.369 0.352 0.278 1    
2:    0.266 0.228 0.506 1    
3:    0.443 0.295 0.262 1    
4:    0.244 0.491 0.265 1    
5:    0.394 0.358 0.249 1    
6:    0.389 0.324 0.287 1    
7:    0.329 0.313 0.358 1    
8:    0.356 0.327 0.317 1    
9:    0.345 0.367 0.289 1    
10:   0.212 0.390 0.398 1    
11:   0.367 0.362 0.271 1    
12:   0.262 0.450 0.288 1    
13:   0.407 0.338 0.255 1    
14:   0.480 0.286 0.234 1    
15:   0.436 0.391 0.173 1    
16:   0.392 0.303 0.305 1    
17:   0.378 0.271 0.351 1    
18:   0.365 0.367 0.269 1    
19:   0.256 0.334 0.409 1    
20:   0.361 0.284 0.354 1    
21:   0.388 0.328 0.284 1    
22:   0.348 0.315 0.337 1    
23:   0.311 0.370 0.319 1    
24:   0.304 0.279 0.416 1    
25:   0.378 0.309 0.313 1    
26:   0.348 0.413 0.239 1    
27:   0.185 0.221 0.594 1    
28:   0.490 0.249 0.261 1    
29:   0.193 0.439 0.368 1    
30:   0.471 0.348 0.180 1    
31:   0.310 0.309 0.381 1    
32:   0.331 0.427 0.242 1    
33:   0.519 0.213 0.268 1    
34:   0.372 0.305 0.323 1    
35:   0.382 0.385 0.233 1    
36:   0.333 0.456 0.212 1    
37:   0.228 0.365 0.407 1    
38:   0.192 0.414 0.394 1    
39:   0.436 0.357 0.207 1    
40:   0.373 0.302 0.325 1    
41:   0.258 0.510 0.232 1    
42:   0.315 0.285 0.400 1    
43:   0.264 0.320 0.415 1    
44:   0.361 0.333 0.306 1    
45:   0.465 0.261 0.274 1    
46:   0.276 0.177 0.547 1    
47:   0.365 0.414 0.221 1    
48:   0.213 0.419 0.369 1    
49:   0.388 0.336 0.276 1    
50:   0.366 0.322 0.312 1    
51:   0.421 0.299 0.281 1    
52:   0.482 0.228 0.289 1    
53:   0.468 0.307 0.225 1    
54:   0.267 0.364 0.369 1    
55:   0.258 0.203 0.540 1    
56:   0.238 0.304 0.458 1    
57:   0.320 0.148 0.532 1    
58:   0.347 0.278 0.376 1    
59:   0.586 0.172 0.242 1    
60:   0.337 0.363 0.300 1    
61:   0.305 0.381 0.314 1    
62:   0.334 0.428 0.238 1    
63:   0.263 0.445 0.292 1    
64:   0.348 0.353 0.298 1    
65:   0.316 0.229 0.455 1    
66:   0.236 0.276 0.488 1    
67:   0.372 0.419 0.209 1    
68:   0.278 0.424 0.298 1    
69:   0.213 0.372 0.414 1    
70:   0.292 0.394 0.314 1    
71:   0.289 0.155 0.555 1    
72:   0.437 0.164 0.399 1    
73:   0.217 0.402 0.380 1    
74:   0.366 0.302 0.332 1    
75:   0.417 0.281 0.302 1    
76:   0.283 0.443 0.274 1    
77:   0.312 0.291 0.397 1    
78:   0.276 0.481 0.243 1    
79:   0.238 0.470 0.292 1    
80:   0.453 0.387 0.160 1    
81:   0.449 0.301 0.250 1    
82:   0.483 0.251 0.267 1    
83:   0.398 0.410 0.192 1    
84:   0.342 0.463 0.196 1    
85:   0.231 0.247 0.521 1    
86:   0.406 0.279 0.314 1    
87:   0.332 0.294 0.374 1    
88:   0.227 0.308 0.465 1    
89:   0.434 0.212 0.354 1    
90:   0.289 0.255 0.456 1    
91:   0.327 0.371 0.302 1    
92:   0.270 0.389 0.340 1    
93:   0.421 0.221 0.359 1    
94:   0.409 0.251 0.340 1    
95:   0.259 0.551 0.190 1    
96:   0.198 0.543 0.259 1    
97:   0.359 0.336 0.305 1    
98:   0.312 0.498 0.190 1    
99:   0.414 0.247 0.339 1    
100:  0.294 0.380 0.327 1    
101:  0.360 0.245 0.395 1    
102:  0.453 0.315 0.232 1    
103:  0.389 0.288 0.323 1    
104:  0.278 0.409 0.312 1    
105:  0.377 0.339 0.284 1    
106:  0.349 0.205 0.446 1    
107:  0.234 0.391 0.376 1    
108:  0.398 0.306 0.296 1    
109:  0.439 0.321 0.239 1    
110:  0.248 0.404 0.348 1    
111:  0.352 0.469 0.179 1    
112:  0.429 0.272 0.300 1    
113:  0.436 0.264 0.300 1    
114:  0.331 0.307 0.362 1    
115:  0.284 0.196 0.519 1    
116:  0.309 0.217 0.473 1    
117:  0.221 0.279 0.500 1    
118:  0.304 0.262 0.434 1    
119:  0.367 0.215 0.418 1    
120:  0.457 0.233 0.310 1    
121:  0.327 0.289 0.384 1    
122:  0.185 0.556 0.259 1    
123:  0.249 0.439 0.312 1    
124:  0.196 0.248 0.556 1    
125:  0.260 0.193 0.547 1    
126:  0.162 0.181 0.657 1    
127:  0.233 0.244 0.523 1    
128:  0.300 0.375 0.326 1    
129:  0.237 0.346 0.418 1    
130:  0.390 0.412 0.198 1    
131:  0.364 0.406 0.231 1    
132:  0.389 0.336 0.276 1    
133:  0.307 0.387 0.306 1    
134:  0.333 0.467 0.201 1    
135:  0.516 0.197 0.287 1    
136:  0.281 0.496 0.223 1    
137:  0.374 0.473 0.153 1    
138:  0.272 0.546 0.181 1    
139:  0.413 0.303 0.284 1    
140:  0.433 0.305 0.262 1    
141:  0.566 0.220 0.214 1    
142:  0.361 0.347 0.292 1    
143:  0.447 0.259 0.294 1    
144:  0.243 0.284 0.473 1    
145:  0.267 0.393 0.340 1    
146:  0.526 0.168 0.306 1    
147:  0.232 0.559 0.208 1    
148:  0.358 0.299 0.342 1    
149:  0.257 0.417 0.326 1    
150:  0.244 0.557 0.199 1    
151:  0.377 0.290 0.333 1    
152:  0.424 0.253 0.323 1    
153:  0.313 0.283 0.404 1    
154:  0.356 0.406 0.238 1    
155:  0.278 0.440 0.281 1    
156:  0.189 0.437 0.373 1    
157:  0.342 0.384 0.274 1    
158:  0.403 0.382 0.214 1    
159:  0.371 0.343 0.286 1    
160:  0.325 0.514 0.161 1    
161:  0.464 0.286 0.250 1    
162:  0.307 0.325 0.368 1    
163:  0.263 0.350 0.387 1    
164:  0.413 0.362 0.225 1    
165:  0.294 0.336 0.370 1    
166:  0.358 0.442 0.200 1    
167:  0.223 0.405 0.372 1    
168:  0.356 0.474 0.170 1    
169:  0.365 0.257 0.378 1    
170:  0.612 0.158 0.230 1    
171:  0.349 0.429 0.223 1    
172:  0.327 0.288 0.385 1    
173:  0.495 0.208 0.297 1    
174:  0.339 0.242 0.420 1    
175:  0.409 0.249 0.342 1    
176:  0.459 0.315 0.226 1    
177:  0.311 0.230 0.459 1    
178:  0.387 0.303 0.310 1    
179:  0.255 0.334 0.412 1    
180:  0.313 0.470 0.217 1    
181:  0.435 0.327 0.239 1    
182:  0.210 0.610 0.179 1    
183:  0.300 0.406 0.294 1    
184:  0.397 0.321 0.282 1    
185:  0.263 0.245 0.492 1    
186:  0.257 0.255 0.489 1    
187:  0.232 0.514 0.254 1    
188:  0.271 0.268 0.462 1    
189:  0.297 0.263 0.440 1    
190:  0.375 0.188 0.437 1    
191:  0.357 0.202 0.441 1    
192:  0.361 0.397 0.242 1    
193:  0.410 0.233 0.358 1    
194:  0.316 0.528 0.156 1    
195:  0.543 0.245 0.212 1    
196:  0.311 0.195 0.495 1    
197:  0.359 0.254 0.388 1    
198:  0.407 0.203 0.391 1    
199:  0.154 0.302 0.544 1    
200:  0.191 0.360 0.449 1    
201:  0.241 0.314 0.445 1    
202:  0.222 0.566 0.213 1    
203:  0.292 0.304 0.404 1    
204:  0.224 0.204 0.572 1    
205:  0.218 0.357 0.425 1    
206:  0.188 0.396 0.416 1    
207:  0.413 0.307 0.280 1    
208:  0.400 0.386 0.214 1    
209:  0.287 0.219 0.494 1    
210:  0.365 0.244 0.391 1    
211:  0.299 0.181 0.520 1    
212:  0.185 0.628 0.187 1    
213:  0.441 0.230 0.328 1    
214:  0.319 0.153 0.528 1    
215:  0.385 0.236 0.378 1    
216:  0.445 0.317 0.238 1    
217:  0.301 0.242 0.457 1    
218:  0.430 0.307 0.263 1    
219:  0.188 0.128 0.684 1    
220:  0.197 0.470 0.333 1    
221:  0.224 0.354 0.422 1    
222:  0.413 0.353 0.233 1    
223:  0.248 0.202 0.549 1    
224:  0.196 0.270 0.534 1    
225:  0.373 0.189 0.438 1    
226:  0.331 0.215 0.454 1    
227:  0.333 0.307 0.360 1    
228:  0.198 0.611 0.191 1    
229:  0.277 0.382 0.341 1    
230:  0.209 0.168 0.623 1    
231:  0.183 0.174 0.643 1    
232:  0.353 0.318 0.329 1    
233:  0.282 0.540 0.178 1    
234:  0.348 0.302 0.351 1    
235:  0.265 0.318 0.417 1    
236:  0.358 0.452 0.189 1    
237:  0.349 0.261 0.390 1    
238:  0.360 0.337 0.303 1    
239:  0.384 0.448 0.168 1    
240:  0.530 0.186 0.284 1    
241:  0.416 0.201 0.383 1    
242:  0.269 0.397 0.334 1    
243:  0.316 0.334 0.351 1    
244:  0.588 0.226 0.186 1    
245:  0.592 0.223 0.185 1    
246:  0.260 0.394 0.346 1    
247:  0.409 0.268 0.323 1    
248:  0.500 0.207 0.293 1    
249:  0.247 0.362 0.392 1    
250:  0.354 0.150 0.496 1    
251:  0.342 0.355 0.302 1    
252:  0.382 0.361 0.256 1    
253:  0.422 0.335 0.243 1    
254:  0.311 0.402 0.287 1    
255:  0.387 0.280 0.333 1    
256:  0.412 0.250 0.338 1    
257:  0.221 0.276 0.503 1    
258:  0.288 0.505 0.206 1    
259:  0.387 0.188 0.425 1    
260:  0.427 0.286 0.287 1    
261:  0.352 0.352 0.296 1    
262:  0.292 0.436 0.271 1    
263:  0.333 0.465 0.201 1    
264:  0.363 0.416 0.221 1    
265:  0.335 0.288 0.377 1    
266:  0.376 0.200 0.424 1    
267:  0.268 0.391 0.341 1    
268:  0.494 0.300 0.206 1    
269:  0.234 0.352 0.413 1    
270:  0.250 0.183 0.567 1    
271:  0.238 0.352 0.410 1    
272:  0.415 0.295 0.290 1    
273:  0.286 0.322 0.392 1    
274:  0.164 0.584 0.251 1    
275:  0.381 0.257 0.362 1    
276:  0.554 0.263 0.183 1    
277:  0.261 0.185 0.554 1    
278:  0.459 0.240 0.301 1    
279:  0.363 0.306 0.331 1    
280:  0.310 0.188 0.502 1    
281:  0.303 0.245 0.452 1    
282:  0.456 0.290 0.254 1    
283:  0.251 0.553 0.196 1    
284:  0.415 0.273 0.312 1    
285:  0.201 0.522 0.277 1    
286:  0.447 0.324 0.228 1    
287:  0.501 0.294 0.205 1    
288:  0.234 0.300 0.466 1    
289:  0.241 0.549 0.210 1    
290:  0.379 0.295 0.326 1    
291:  0.294 0.400 0.307 1    
292:  0.346 0.333 0.320 1    
293:  0.231 0.496 0.273 1    
294:  0.364 0.273 0.363 1    
295:  0.292 0.441 0.268 1    
296:  0.295 0.311 0.395 1    
297:  0.270 0.492 0.238 1    
298:  0.499 0.275 0.226 1    
299:  0.203 0.534 0.263 1    
300:  0.382 0.249 0.369 1    
301:  0.469 0.237 0.295 1    
302:  0.473 0.217 0.310 1    
303:  0.273 0.443 0.284 1    
304:  0.400 0.183 0.416 1    
305:  0.349 0.228 0.423 1    
306:  0.438 0.172 0.390 1    
307:  0.377 0.318 0.305 1    
308:  0.318 0.456 0.226 1    
309:  0.203 0.491 0.306 1    
310:  0.313 0.497 0.190 1    
311:  0.337 0.444 0.219 1    
312:  0.440 0.205 0.356 1    
313:  0.187 0.578 0.236 1    
314:  0.234 0.307 0.459 1    
315:  0.343 0.419 0.238 1    
316:  0.560 0.280 0.160 1    
317:  0.403 0.346 0.252 1    
318:  0.363 0.416 0.222 1    
319:  0.438 0.191 0.371 1    
320:  0.374 0.338 0.288 1    
321:  0.245 0.401 0.354 1    
322:  0.377 0.237 0.385 1    
323:  0.286 0.232 0.483 1    
324:  0.334 0.261 0.406 1    
325:  0.404 0.365 0.231 1    
326:  0.319 0.273 0.408 1    
327:  0.323 0.289 0.388 1    
328:  0.279 0.382 0.339 1    
329:  0.319 0.409 0.272 1    
330:  0.362 0.450 0.188 1    
331:  0.542 0.233 0.225 1    
332:  0.410 0.342 0.248 1    
333:  0.292 0.344 0.364 1    
334:  0.284 0.387 0.329 1    
335:  0.273 0.419 0.307 1    
336:  0.334 0.392 0.274 1    
337:  0.441 0.246 0.312 1    
338:  0.402 0.222 0.376 1    
339:  0.335 0.254 0.410 1    
340:  0.331 0.280 0.389 1    
341:  0.318 0.362 0.320 1    
342:  0.361 0.383 0.256 1    
343:  0.237 0.500 0.262 1    
344:  0.327 0.515 0.158 1    
345:  0.301 0.361 0.338 1    
346:  0.298 0.367 0.336 1    
347:  0.276 0.452 0.272 1    
348:  0.415 0.371 0.214 1    
349:  0.270 0.417 0.313 1    
350:  0.382 0.307 0.311 1    
351:  0.308 0.306 0.386 1    
352:  0.378 0.368 0.254 1    
353:  0.286 0.355 0.359 1    
354:  0.326 0.229 0.445 1    
355:  0.403 0.380 0.217 1    
356:  0.247 0.262 0.491 1    
357:  0.282 0.264 0.454 1    
358:  0.207 0.536 0.257 1    
359:  0.241 0.286 0.473 1    
360:  0.376 0.325 0.299 1    
361:  0.465 0.360 0.175 1    
362:  0.310 0.228 0.462 1    
363:  0.325 0.218 0.457 1    
364:  0.260 0.331 0.409 1    
365:  0.181 0.445 0.375 1    
366:  0.255 0.436 0.310 1    
367:  0.306 0.350 0.344 1    
368:  0.311 0.346 0.343 1    
369:  0.224 0.256 0.519 1    
370:  0.374 0.331 0.296 1    
371:  0.292 0.373 0.335 1    
372:  0.472 0.289 0.239 1    
373:  0.273 0.441 0.285 1    
374:  0.257 0.475 0.268 1    
375:  0.162 0.434 0.404 1    
376:  0.281 0.462 0.257 1    
377:  0.213 0.393 0.394 1    
378:  0.314 0.343 0.343 1    
379:  0.268 0.293 0.439 1    
380:  0.244 0.586 0.170 1    
381:  0.368 0.276 0.356 1    
382:  0.359 0.357 0.285 1    
383:  0.475 0.277 0.248 1    
384:  0.304 0.390 0.306 1    
385:  0.357 0.215 0.428 1    
386:  0.412 0.269 0.319 1    
387:  0.419 0.310 0.270 1    
388:  0.307 0.343 0.350 1    
389:  0.377 0.340 0.283 1    
390:  0.394 0.314 0.293 1    
391:  0.265 0.237 0.497 1    
392:  0.387 0.357 0.256 1    
393:  0.230 0.505 0.265 1    
394:  0.322 0.325 0.352 1    
395:  0.409 0.253 0.338 1    
396:  0.351 0.325 0.325 1    
397:  0.278 0.328 0.394 1    
398:  0.347 0.301 0.352 1    
399:  0.379 0.382 0.239 1    
400:  0.238 0.511 0.251 1    
401:  0.463 0.281 0.256 1    
402:  0.343 0.362 0.295 1    
403:  0.342 0.247 0.412 1    
404:  0.245 0.393 0.362 1    
405:  0.338 0.235 0.427 1    
406:  0.280 0.504 0.216 1    
407:  0.338 0.323 0.340 1    
408:  0.521 0.281 0.198 1    
409:  0.510 0.337 0.153 1    
410:  0.353 0.306 0.340 1    
411:  0.273 0.505 0.222 1    
412:  0.344 0.232 0.425 1    
413:  0.414 0.381 0.205 1    
414:  0.205 0.340 0.455 1    
415:  0.370 0.260 0.370 1    
416:  0.289 0.243 0.468 1    
417:  0.397 0.354 0.249 1    
418:  0.338 0.411 0.252 1    
419:  0.342 0.313 0.346 1    
420:  0.304 0.364 0.332 1    
421:  0.422 0.167 0.411 1    
422:  0.241 0.386 0.373 1    
423:  0.313 0.311 0.376 1    
424:  0.423 0.296 0.281 1    
425:  0.214 0.507 0.279 1    
426:  0.336 0.202 0.462 1    
427:  0.305 0.406 0.290 1    
428:  0.282 0.341 0.377 1    
429:  0.412 0.306 0.282 1    
430:  0.268 0.305 0.427 1    
431:  0.386 0.410 0.204 1    
432:  0.219 0.238 0.544 1    
433:  0.296 0.312 0.392 1    
434:  0.291 0.318 0.391 1    
435:  0.285 0.464 0.252 1    
436:  0.366 0.236 0.397 1    
437:  0.212 0.434 0.354 1    
438:  0.388 0.367 0.246 1    
439:  0.446 0.303 0.251 1    
440:  0.438 0.276 0.286 1    
441:  0.457 0.311 0.232 1    
442:  0.400 0.402 0.199 1    
443:  0.277 0.361 0.361 1    
444:  0.268 0.258 0.474 1    
445:  0.328 0.369 0.303 1    
446:  0.297 0.356 0.346 1    
447:  0.309 0.382 0.309 1    
448:  0.371 0.354 0.275 1    
449:  0.395 0.401 0.204 1    
450:  0.383 0.272 0.345 1    
451:  0.448 0.306 0.246 1    
452:  0.244 0.264 0.492 1    
453:  0.350 0.248 0.402 1    
454:  0.363 0.242 0.395 1    
455:  0.292 0.327 0.381 1    
456:  0.276 0.253 0.471 1    
457:  0.370 0.135 0.495 1    
458:  0.237 0.448 0.315 1    
459:  0.412 0.298 0.290 1    
460:  0.352 0.310 0.338 1    
461:  0.299 0.396 0.306 1    
462:  0.449 0.322 0.229 1    
463:  0.271 0.375 0.354 1    
464:  0.385 0.296 0.319 1    
465:  0.342 0.406 0.252 1    
466:  0.318 0.255 0.427 1    
467:  0.265 0.214 0.521 1    
468:  0.295 0.415 0.290 1    
469:  0.224 0.243 0.533 1    
470:  0.347 0.219 0.434 1    
471:  0.286 0.363 0.351 1    
472:  0.439 0.174 0.386 1    
473:  0.320 0.277 0.403 1    
474:  0.440 0.265 0.295 1    
475:  0.337 0.321 0.342 1    
476:  0.286 0.358 0.356 1    
477:  0.279 0.400 0.321 1    
478:  0.292 0.415 0.293 1    
479:  0.266 0.446 0.288 1    
480:  0.459 0.244 0.297 1    
481:  0.300 0.465 0.236 1    
482:  0.283 0.522 0.195 1    
483:  0.331 0.267 0.402 1    
484:  0.322 0.311 0.367 1    
485:  0.376 0.407 0.217 1    
486:  0.491 0.320 0.189 1    
487:  0.519 0.276 0.205 1    
488:  0.390 0.315 0.295 1    
489:  0.469 0.270 0.261 1    
490:  0.345 0.434 0.221 1    
491:  0.562 0.231 0.207 1    
492:  0.364 0.363 0.273 1    
493:  0.285 0.528 0.187 1    
494:  0.404 0.324 0.273 1    
495:  0.440 0.312 0.249 1    
496:  0.315 0.447 0.238 1    
497:  0.392 0.402 0.206 1    
498:  0.307 0.386 0.308 1    
499:  0.341 0.260 0.399 1    
500:  0.226 0.304 0.469 1    
501:  0.208 0.449 0.343 1    
502:  0.265 0.423 0.312 1    
503:  0.193 0.589 0.218 1    
504:  0.245 0.547 0.208 1    
505:  0.184 0.528 0.288 1    
506:  0.243 0.240 0.517 1    
507:  0.255 0.500 0.245 1    
508:  0.282 0.423 0.295 1    
509:  0.291 0.285 0.425 1    
510:  0.274 0.430 0.297 1    
511:  0.449 0.246 0.305 1    
512:  0.245 0.207 0.548 1    
513:  0.428 0.279 0.293 1    
514:  0.366 0.453 0.181 1    
515:  0.350 0.333 0.318 1    
516:  0.368 0.180 0.452 1    
517:  0.321 0.295 0.384 1    
518:  0.269 0.537 0.194 1    
519:  0.332 0.192 0.476 1    
520:  0.220 0.223 0.557 1    
521:  0.230 0.198 0.572 1    
522:  0.380 0.301 0.319 1    
523:  0.217 0.517 0.266 1    
524:  0.353 0.351 0.296 1    
525:  0.430 0.343 0.227 1    
526:  0.433 0.241 0.326 1    
527:  0.414 0.390 0.196 1    
528:  0.390 0.389 0.221 1    
529:  0.407 0.312 0.282 1    
530:  0.309 0.359 0.332 1    
531:  0.276 0.537 0.187 1    
532:  0.264 0.531 0.204 1    
533:  0.280 0.373 0.347 1    
534:  0.419 0.280 0.301 1    
535:  0.245 0.575 0.180 1    
536:  0.473 0.290 0.238 1    
537:  0.541 0.248 0.211 1    
538:  0.412 0.219 0.369 1    
539:  0.303 0.305 0.391 1    
540:  0.502 0.330 0.168 1    
541:  0.458 0.278 0.264 1    
542:  0.349 0.381 0.270 1    
543:  0.244 0.488 0.268 1    
544:  0.252 0.243 0.505 1    
545:  0.456 0.160 0.383 1    
546:  0.246 0.439 0.315 1    
547:  0.305 0.246 0.448 1    
548:  0.232 0.430 0.338 1    
549:  0.324 0.260 0.416 1    
550:  0.469 0.226 0.305 1    
551:  0.462 0.306 0.233 1    
552:  0.389 0.372 0.239 1    
553:  0.323 0.227 0.449 1    
554:  0.367 0.206 0.427 1    
555:  0.431 0.345 0.224 1    
556:  0.433 0.221 0.347 1    
557:  0.400 0.267 0.333 1    
558:  0.232 0.381 0.386 1    
559:  0.342 0.206 0.452 1    
560:  0.295 0.332 0.373 1    
561:  0.295 0.181 0.524 1    
562:  0.272 0.505 0.223 1    
563:  0.444 0.223 0.332 1    
564:  0.333 0.329 0.337 1    
565:  0.265 0.486 0.249 1    
566:  0.337 0.277 0.386 1    
567:  0.541 0.254 0.205 1    
568:  0.405 0.461 0.134 1    
569:  0.523 0.264 0.213 1    
570:  0.263 0.503 0.234 1    
571:  0.370 0.165 0.465 1    
572:  0.376 0.267 0.356 1    
573:  0.291 0.375 0.333 1    
574:  0.320 0.459 0.221 1    
575:  0.458 0.206 0.336 1    
576:  0.378 0.337 0.285 1    
577:  0.304 0.484 0.211 1    
578:  0.233 0.285 0.481 1    
579:  0.380 0.332 0.288 1    
580:  0.468 0.261 0.270 1    
581:  0.350 0.214 0.436 1    
582:  0.264 0.224 0.511 1    
583:  0.154 0.552 0.294 1    
584:  0.414 0.198 0.388 1    
585:  0.442 0.389 0.169 1    
586:  0.323 0.223 0.454 1    
587:  0.357 0.448 0.195 1    
588:  0.338 0.485 0.177 1    
589:  0.320 0.336 0.345 1    
590:  0.354 0.480 0.165 1    
591:  0.410 0.198 0.393 1    
592:  0.278 0.563 0.159 1    
593:  0.339 0.276 0.385 1    
594:  0.296 0.426 0.279 1    
595:  0.261 0.441 0.298 1    
596:  0.270 0.156 0.574 1    
597:  0.294 0.549 0.157 1    
598:  0.393 0.330 0.277 1    
599:  0.393 0.350 0.257 1    
600:  0.335 0.471 0.194 1    
601:  0.283 0.482 0.235 1    
602:  0.610 0.220 0.170 1    
603:  0.485 0.318 0.197 1    
604:  0.357 0.236 0.407 1    
605:  0.443 0.282 0.275 1    
606:  0.261 0.516 0.223 1    
607:  0.313 0.409 0.278 1    
608:  0.355 0.375 0.271 1    
609:  0.434 0.165 0.401 1    
610:  0.189 0.471 0.340 1    
611:  0.256 0.177 0.568 1    
612:  0.340 0.295 0.365 1    
613:  0.320 0.491 0.189 1    
614:  0.334 0.465 0.202 1    
615:  0.445 0.312 0.243 1    
616:  0.317 0.296 0.388 1    
617:  0.306 0.480 0.215 1    
618:  0.424 0.294 0.281 1    
619:  0.332 0.428 0.240 1    
620:  0.329 0.356 0.315 1    
621:  0.410 0.331 0.259 1    
622:  0.333 0.177 0.490 1    
623:  0.382 0.314 0.304 1    
624:  0.309 0.272 0.419 1    
625:  0.496 0.321 0.183 1    
626:  0.334 0.220 0.446 1    
627:  0.349 0.414 0.237 1    
628:  0.300 0.455 0.245 1    
629:  0.500 0.229 0.270 1    
630:  0.336 0.272 0.391 1    
631:  0.282 0.445 0.273 1    
632:  0.187 0.636 0.177 1    
633:  0.377 0.440 0.183 1    
634:  0.297 0.392 0.312 1    
635:  0.295 0.360 0.344 1    
636:  0.337 0.362 0.301 1    
637:  0.445 0.168 0.387 1    
638:  0.340 0.415 0.245 1    
639:  0.352 0.476 0.172 1    
640:  0.349 0.440 0.211 1    
641:  0.313 0.450 0.237 1    
642:  0.437 0.369 0.194 1    
643:  0.303 0.267 0.430 1    
644:  0.471 0.256 0.273 1    
645:  0.433 0.205 0.362 1    
646:  0.245 0.297 0.458 1    
647:  0.292 0.331 0.377 1    
648:  0.287 0.478 0.235 1    
649:  0.330 0.483 0.188 1    
650:  0.314 0.202 0.485 1    
651:  0.279 0.446 0.275 1    
652:  0.285 0.306 0.409 1    
653:  0.245 0.470 0.286 1    
654:  0.379 0.309 0.312 1    
655:  0.317 0.230 0.453 1    
656:  0.197 0.522 0.281 1    
657:  0.233 0.553 0.214 1    
658:  0.383 0.419 0.198 1    
659:  0.323 0.310 0.367 1    
660:  0.307 0.470 0.223 1    
661:  0.270 0.310 0.419 1    
662:  0.296 0.428 0.276 1    
663:  0.319 0.265 0.416 1    
664:  0.269 0.412 0.319 1    
665:  0.240 0.265 0.495 1    
666:  0.410 0.372 0.217 1    
667:  0.368 0.342 0.290 1    
668:  0.205 0.499 0.296 1    
669:  0.427 0.190 0.383 1    
670:  0.282 0.288 0.429 1    
671:  0.302 0.395 0.303 1    
672:  0.324 0.311 0.365 1    
673:  0.337 0.267 0.395 1    
674:  0.330 0.232 0.438 1    
675:  0.320 0.363 0.317 1    
676:  0.160 0.593 0.247 1    
677:  0.216 0.482 0.302 1    
678:  0.537 0.242 0.222 1    
679:  0.409 0.434 0.157 1    
680:  0.417 0.374 0.209 1    
681:  0.234 0.425 0.341 1    
682:  0.318 0.311 0.371 1    
683:  0.303 0.345 0.353 1    
684:  0.236 0.213 0.551 1    
685:  0.229 0.374 0.397 1    
686:  0.268 0.426 0.306 1    
687:  0.446 0.285 0.269 1    
688:  0.301 0.446 0.253 1    
689:  0.215 0.266 0.519 1    
690:  0.482 0.245 0.274 1    
691:  0.163 0.363 0.475 1    
692:  0.344 0.328 0.328 1    
693:  0.423 0.361 0.216 1    
694:  0.331 0.331 0.338 1    
695:  0.492 0.302 0.206 1    
696:  0.464 0.278 0.258 1    
697:  0.320 0.477 0.203 1    
698:  0.291 0.210 0.499 1    
699:  0.411 0.261 0.328 1    
700:  0.263 0.255 0.482 1    
701:  0.492 0.189 0.319 1    
702:  0.201 0.404 0.395 1    
703:  0.307 0.350 0.343 1    
704:  0.366 0.263 0.371 1    
705:  0.294 0.468 0.238 1    
706:  0.237 0.237 0.526 1    
707:  0.251 0.277 0.472 1    
708:  0.314 0.392 0.294 1    
709:  0.439 0.342 0.219 1    
710:  0.295 0.245 0.460 1    
711:  0.426 0.308 0.265 1    
712:  0.342 0.243 0.416 1    
713:  0.392 0.407 0.201 1    
714:  0.259 0.215 0.526 1    
715:  0.300 0.312 0.387 1    
716:  0.280 0.249 0.471 1    
717:  0.364 0.216 0.420 1    
718:  0.316 0.304 0.380 1    
719:  0.300 0.217 0.483 1    
720:  0.263 0.496 0.241 1    
721:  0.350 0.287 0.363 1    
722:  0.380 0.375 0.245 1    
723:  0.437 0.250 0.313 1    
724:  0.432 0.272 0.296 1    
725:  0.414 0.277 0.310 1    
726:  0.220 0.462 0.318 1    
727:  0.242 0.599 0.159 1    
728:  0.391 0.322 0.286 1    
729:  0.388 0.359 0.253 1    
730:  0.211 0.522 0.267 1    
731:  0.319 0.300 0.382 1    
732:  0.393 0.382 0.225 1    
733:  0.332 0.302 0.366 1    
734:  0.310 0.426 0.263 1    
735:  0.421 0.318 0.261 1    
736:  0.478 0.334 0.188 1    
737:  0.344 0.348 0.307 1    
738:  0.250 0.276 0.474 1    
739:  0.265 0.349 0.385 1    
740:  0.226 0.577 0.197 1    
741:  0.364 0.191 0.445 1    
742:  0.309 0.361 0.330 1    
743:  0.322 0.270 0.408 1    
744:  0.555 0.262 0.183 1    
745:  0.278 0.370 0.352 1    
746:  0.228 0.462 0.310 1    
747:  0.245 0.210 0.545 1    
748:  0.284 0.332 0.384 1    
749:  0.300 0.223 0.477 1    
750:  0.235 0.567 0.197 1    
751:  0.383 0.303 0.315 1    
752:  0.390 0.371 0.239 1    
753:  0.454 0.259 0.287 1    
754:  0.319 0.370 0.310 1    
755:  0.224 0.286 0.490 1    
756:  0.271 0.408 0.321 1    
757:  0.326 0.483 0.190 1    
758:  0.341 0.311 0.348 1    
759:  0.558 0.221 0.221 1    
760:  0.356 0.206 0.438 1    
761:  0.379 0.201 0.420 1    
762:  0.281 0.315 0.404 1    
763:  0.375 0.376 0.249 1    
764:  0.458 0.332 0.209 1    
765:  0.204 0.368 0.427 1    
766:  0.269 0.438 0.294 1    
767:  0.431 0.232 0.337 1    
768:  0.361 0.409 0.230 1    
769:  0.333 0.402 0.265 1    
770:  0.279 0.252 0.469 1    
771:  0.423 0.277 0.300 1    
772:  0.304 0.301 0.395 1    
773:  0.399 0.264 0.337 1    
774:  0.199 0.412 0.389 1    
775:  0.395 0.225 0.381 1    
776:  0.383 0.351 0.266 1    
777:  0.341 0.432 0.227 1    
778:  0.422 0.195 0.383 1    
779:  0.294 0.298 0.408 1    
780:  0.458 0.297 0.244 1    
781:  0.507 0.300 0.193 1    
782:  0.294 0.390 0.316 1    
783:  0.467 0.320 0.213 1    
784:  0.265 0.296 0.439 1    
785:  0.232 0.451 0.317 1    
786:  0.254 0.356 0.390 1    
787:  0.354 0.183 0.463 1    
788:  0.203 0.484 0.313 1    
789:  0.184 0.170 0.646 1    
790:  0.359 0.410 0.231 1    
791:  0.192 0.342 0.466 1    
792:  0.238 0.447 0.315 1    
793:  0.518 0.243 0.239 1    
794:  0.312 0.394 0.293 1    
795:  0.260 0.478 0.262 1    
796:  0.403 0.196 0.401 1    
797:  0.315 0.306 0.379 1    
798:  0.344 0.227 0.430 1    
799:  0.271 0.316 0.413 1    
800:  0.243 0.359 0.398 1    
801:  0.544 0.157 0.299 1    
802:  0.239 0.314 0.446 1    
803:  0.218 0.281 0.500 1    
804:  0.342 0.451 0.207 1    
805:  0.260 0.261 0.480 1    
806:  0.433 0.219 0.348 1    
807:  0.382 0.429 0.189 1    
808:  0.404 0.322 0.274 1    
809:  0.228 0.573 0.198 1    
810:  0.305 0.241 0.454 1    
811:  0.421 0.273 0.306 1    
812:  0.234 0.538 0.227 1    
813:  0.308 0.355 0.336 1    
814:  0.345 0.422 0.233 1    
815:  0.335 0.398 0.267 1    
816:  0.285 0.497 0.218 1    
817:  0.470 0.304 0.225 1    
818:  0.320 0.408 0.271 1    
819:  0.409 0.197 0.393 1    
820:  0.243 0.400 0.357 1    
821:  0.471 0.303 0.226 1    
822:  0.302 0.520 0.178 1    
823:  0.307 0.481 0.212 1    
824:  0.322 0.466 0.212 1    
825:  0.280 0.466 0.255 1    
826:  0.404 0.272 0.324 1    
827:  0.216 0.427 0.357 1    
828:  0.265 0.546 0.188 1    
829:  0.270 0.293 0.437 1    
830:  0.355 0.473 0.172 1    
831:  0.255 0.423 0.322 1    
832:  0.391 0.199 0.411 1    
833:  0.242 0.524 0.234 1    
834:  0.329 0.488 0.183 1    
835:  0.346 0.175 0.480 1    
836:  0.329 0.361 0.310 1    
837:  0.377 0.364 0.259 1    
838:  0.266 0.526 0.208 1    
839:  0.353 0.370 0.277 1    
840:  0.356 0.251 0.394 1    
841:  0.221 0.309 0.470 1    
842:  0.288 0.437 0.276 1    
843:  0.271 0.367 0.362 1    
844:  0.316 0.432 0.253 1    
845:  0.333 0.325 0.343 1    
846:  0.320 0.165 0.515 1    
847:  0.547 0.197 0.256 1    
848:  0.597 0.165 0.239 1    
849:  0.413 0.324 0.262 1    
850:  0.342 0.375 0.284 1    
851:  0.457 0.304 0.240 1    
852:  0.288 0.329 0.383 1    
853:  0.269 0.269 0.462 1    
854:  0.619 0.175 0.206 1    
855:  0.358 0.289 0.353 1    
856:  0.413 0.370 0.216 1    
857:  0.231 0.393 0.375 1    
858:  0.193 0.447 0.360 1    
859:  0.205 0.448 0.348 1    
860:  0.313 0.289 0.398 1    
861:  0.389 0.220 0.391 1    
862:  0.277 0.358 0.365 1    
863:  0.427 0.225 0.348 1    
864:  0.445 0.192 0.362 1    
865:  0.400 0.370 0.231 1    
866:  0.316 0.306 0.378 1    
867:  0.387 0.313 0.300 1    
868:  0.423 0.361 0.216 1    
869:  0.398 0.186 0.416 1    
870:  0.413 0.397 0.190 1    
871:  0.442 0.241 0.317 1    
872:  0.183 0.504 0.313 1    
873:  0.301 0.245 0.454 1    
874:  0.267 0.463 0.270 1    
875:  0.401 0.291 0.308 1    
876:  0.309 0.514 0.177 1    
877:  0.469 0.296 0.235 1    
878:  0.396 0.219 0.384 1    
879:  0.517 0.185 0.298 1    
880:  0.305 0.225 0.470 1    
881:  0.434 0.290 0.277 1    
882:  0.282 0.330 0.388 1    
883:  0.400 0.287 0.313 1    
884:  0.214 0.609 0.177 1    
885:  0.351 0.407 0.242 1    
886:  0.358 0.251 0.390 1    
887:  0.230 0.312 0.459 1    
888:  0.424 0.386 0.190 1    
889:  0.393 0.218 0.390 1    
890:  0.298 0.335 0.367 1    
891:  0.317 0.293 0.390 1    
892:  0.418 0.351 0.232 1    
893:  0.258 0.474 0.269 1    
894:  0.389 0.319 0.291 1    
895:  0.357 0.361 0.281 1    
896:  0.310 0.441 0.249 1    
897:  0.370 0.195 0.436 1    
898:  0.252 0.183 0.565 1    
899:  0.332 0.285 0.383 1    
900:  0.481 0.332 0.187 1    
901:  0.426 0.296 0.277 1    
902:  0.367 0.308 0.325 1    
903:  0.437 0.231 0.331 1    
904:  0.263 0.467 0.270 1    
905:  0.242 0.405 0.353 1    
906:  0.348 0.313 0.339 1    
907:  0.395 0.243 0.362 1    
908:  0.326 0.347 0.327 1    
909:  0.371 0.306 0.323 1    
910:  0.355 0.234 0.410 1    
911:  0.209 0.495 0.295 1    
912:  0.220 0.629 0.150 1    
913:  0.373 0.365 0.262 1    
914:  0.232 0.412 0.356 1    
915:  0.352 0.214 0.434 1    
916:  0.385 0.302 0.312 1    
917:  0.328 0.363 0.309 1    
918:  0.365 0.377 0.258 1    
919:  0.337 0.433 0.229 1    
920:  0.374 0.208 0.418 1    
921:  0.214 0.309 0.477 1    
922:  0.315 0.326 0.359 1    
923:  0.252 0.572 0.175 1    
924:  0.214 0.388 0.398 1    
925:  0.379 0.348 0.273 1    
926:  0.443 0.299 0.258 1    
927:  0.264 0.498 0.238 1    
928:  0.300 0.317 0.383 1    
929:  0.309 0.329 0.363 1    
930:  0.242 0.293 0.465 1    
931:  0.262 0.445 0.293 1    
932:  0.308 0.449 0.242 1    
933:  0.382 0.250 0.368 1    
934:  0.219 0.335 0.446 1    
935:  0.438 0.164 0.398 1    
936:  0.191 0.232 0.577 1    
937:  0.295 0.337 0.368 1    
938:  0.260 0.357 0.383 1    
939:  0.298 0.419 0.283 1    
940:  0.379 0.436 0.185 1    
941:  0.342 0.172 0.485 1    
942:  0.445 0.327 0.229 1    
943:  0.331 0.334 0.335 1    
944:  0.511 0.249 0.241 1    
945:  0.306 0.342 0.353 1    
946:  0.337 0.320 0.343 1    
947:  0.313 0.331 0.356 1    
948:  0.352 0.224 0.424 1    
949:  0.356 0.400 0.244 1    
950:  0.314 0.265 0.420 1    
951:  0.217 0.375 0.408 1    
952:  0.491 0.217 0.292 1    
953:  0.231 0.263 0.506 1    
954:  0.390 0.387 0.223 1    
955:  0.386 0.284 0.329 1    
956:  0.258 0.475 0.267 1    
957:  0.245 0.533 0.221 1    
958:  0.316 0.301 0.383 1    
959:  0.388 0.413 0.199 1    
960:  0.361 0.339 0.300 1    
961:  0.404 0.283 0.313 1    
962:  0.417 0.352 0.230 1    
963:  0.369 0.357 0.274 1    
964:  0.343 0.283 0.375 1    
965:  0.333 0.396 0.271 1    
966:  0.270 0.298 0.432 1    
967:  0.327 0.359 0.314 1    
968:  0.278 0.406 0.316 1    
969:  0.246 0.248 0.506 1    
970:  0.279 0.451 0.270 1    
971:  0.353 0.305 0.342 1    
972:  0.445 0.350 0.205 1    
973:  0.316 0.392 0.292 1    
974:  0.314 0.221 0.465 1    
975:  0.363 0.183 0.454 1    
976:  0.277 0.382 0.341 1    
977:  0.294 0.433 0.273 1    
978:  0.294 0.275 0.431 1    
979:  0.511 0.307 0.183 1    
980:  0.477 0.297 0.226 1    
981:  0.304 0.242 0.454 1    
982:  0.478 0.245 0.277 1    
983:  0.333 0.477 0.190 1    
984:  0.289 0.292 0.419 1    
985:  0.333 0.355 0.312 1    
986:  0.324 0.226 0.450 1    
987:  0.227 0.244 0.529 1    
988:  0.290 0.182 0.528 1    
989:  0.244 0.338 0.418 1    
990:  0.194 0.222 0.584 1    
991:  0.144 0.193 0.663 1    
992:  0.448 0.272 0.280 1    
993:  0.311 0.242 0.447 1    
994:  0.355 0.393 0.252 1    
995:  0.247 0.435 0.318 1    
996:  0.247 0.321 0.432 1    
997:  0.241 0.184 0.575 1    
998:  0.306 0.311 0.383 1    
999:  0.208 0.286 0.506 1    
1000: 0.438 0.219 0.342 1    
1001: 0.315 0.241 0.444 1    
1002: 0.239 0.460 0.301 1    
1003: 0.238 0.235 0.527 1    
1004: 0.264 0.330 0.406 1    
1005: 0.351 0.294 0.355 1    
1006: 0.302 0.472 0.227 1    
1007: 0.198 0.229 0.573 1    
1008: 0.369 0.185 0.445 1    
1009: 0.335 0.242 0.423 1    
1010: 0.464 0.195 0.342 1    
1011: 0.430 0.297 0.273 1    
1012: 0.326 0.417 0.257 1    
1013: 0.364 0.154 0.483 1    
1014: 0.344 0.403 0.253 1    
1015: 0.447 0.217 0.337 1    
1016: 0.325 0.281 0.393 1    
1017: 0.293 0.489 0.218 1    
1018: 0.390 0.265 0.345 1    
1019: 0.230 0.433 0.336 1    
1020: 0.259 0.298 0.443 1    
1021: 0.405 0.351 0.244 1    
1022: 0.282 0.401 0.316 1    
1023: 0.197 0.404 0.399 1    
1024: 0.353 0.288 0.359 1    
1025: 0.449 0.264 0.287 1    
1026: 0.355 0.314 0.332 1    
1027: 0.259 0.378 0.363 1    
1028: 0.486 0.172 0.342 1    
1029: 0.344 0.269 0.387 1    
1030: 0.216 0.515 0.269 1    
1031: 0.383 0.282 0.335 1    
1032: 0.426 0.390 0.183 1    
1033: 0.327 0.388 0.285 1    
1034: 0.366 0.373 0.262 1    
1035: 0.489 0.277 0.234 1    
1036: 0.376 0.438 0.187 1    
1037: 0.308 0.192 0.500 1    
1038: 0.301 0.267 0.432 1    
1039: 0.371 0.260 0.369 1    
1040: 0.384 0.398 0.217 1    
1041: 0.236 0.521 0.242 1    
1042: 0.298 0.461 0.241 1    
1043: 0.273 0.420 0.308 1    
1044: 0.302 0.244 0.454 1    
1045: 0.184 0.402 0.414 1    
1046: 0.307 0.384 0.309 1    
1047: 0.328 0.324 0.348 1    
1048: 0.294 0.388 0.318 1    
1049: 0.259 0.494 0.247 1    
1050: 0.562 0.207 0.231 1    
1051: 0.340 0.225 0.435 1    
1052: 0.306 0.291 0.403 1    
1053: 0.306 0.155 0.539 1    
1054: 0.196 0.589 0.215 1    
1055: 0.319 0.339 0.342 1    
1056: 0.423 0.234 0.343 1    
1057: 0.287 0.524 0.189 1    
1058: 0.396 0.298 0.307 1    
1059: 0.533 0.182 0.284 1    
1060: 0.459 0.244 0.297 1    
1061: 0.260 0.524 0.216 1    
1062: 0.197 0.502 0.302 1    
1063: 0.219 0.218 0.563 1    
1064: 0.408 0.296 0.296 1    
1065: 0.262 0.491 0.247 1    
1066: 0.309 0.236 0.455 1    
1067: 0.255 0.253 0.492 1    
1068: 0.301 0.432 0.267 1    
1069: 0.248 0.237 0.516 1    
1070: 0.446 0.224 0.331 1    
1071: 0.264 0.195 0.541 1    
1072: 0.239 0.297 0.464 1    
1073: 0.221 0.621 0.158 1    
1074: 0.392 0.270 0.338 1    
1075: 0.233 0.493 0.274 1    
1076: 0.334 0.207 0.458 1    
1077: 0.247 0.409 0.345 1    
1078: 0.333 0.235 0.432 1    
1079: 0.256 0.437 0.307 1    
1080: 0.308 0.455 0.237 1    
1081: 0.229 0.492 0.279 1    
1082: 0.393 0.287 0.320 1    
1083: 0.289 0.492 0.219 1    
1084: 0.265 0.455 0.280 1    
1085: 0.302 0.273 0.425 1    
1086: 0.251 0.448 0.300 1    
1087: 0.301 0.433 0.266 1    
1088: 0.251 0.332 0.417 1    
1089: 0.368 0.342 0.290 1    
1090: 0.311 0.289 0.400 1    
1091: 0.283 0.493 0.224 1    
1092: 0.451 0.288 0.261 1    
1093: 0.324 0.448 0.229 1    
1094: 0.435 0.346 0.218 1    
1095: 0.203 0.602 0.195 1    
1096: 0.293 0.460 0.247 1    
1097: 0.357 0.322 0.321 1    
1098: 0.428 0.277 0.295 1    
1099: 0.540 0.205 0.255 1    
1100: 0.426 0.353 0.221 1    
1101: 0.266 0.446 0.288 1    
1102: 0.333 0.204 0.463 1    
1103: 0.395 0.349 0.256 1    
1104: 0.334 0.164 0.502 1    
1105: 0.181 0.261 0.559 1    
1106: 0.408 0.307 0.284 1    
1107: 0.248 0.420 0.332 1    
1108: 0.401 0.196 0.403 1    
1109: 0.423 0.294 0.282 1    
1110: 0.289 0.396 0.315 1    
1111: 0.413 0.287 0.300 1    
1112: 0.321 0.478 0.201 1    
1113: 0.458 0.396 0.146 1    
1114: 0.439 0.303 0.258 1    
1115: 0.570 0.186 0.244 1    
1116: 0.370 0.410 0.219 1    
1117: 0.554 0.156 0.290 1    
1118: 0.527 0.218 0.255 1    
1119: 0.292 0.459 0.249 1    
1120: 0.361 0.175 0.465 1    
1121: 0.368 0.174 0.458 1    
1122: 0.269 0.193 0.538 1    
1123: 0.423 0.268 0.310 1    
1124: 0.310 0.220 0.470 1    
1125: 0.238 0.605 0.157 1    
1126: 0.250 0.276 0.474 1    
1127: 0.192 0.280 0.527 1    
1128: 0.278 0.356 0.366 1    
1129: 0.370 0.312 0.318 1    
1130: 0.309 0.522 0.169 1    
1131: 0.230 0.538 0.232 1    
1132: 0.413 0.342 0.244 1    
1133: 0.422 0.221 0.357 1    
1134: 0.238 0.299 0.463 1    
1135: 0.320 0.383 0.297 1    
1136: 0.256 0.314 0.430 1    
1137: 0.269 0.534 0.198 1    
1138: 0.350 0.434 0.216 1    
1139: 0.424 0.316 0.260 1    
1140: 0.367 0.455 0.177 1    
1141: 0.291 0.356 0.353 1    
1142: 0.322 0.244 0.434 1    
1143: 0.254 0.391 0.354 1    
1144: 0.286 0.452 0.261 1    
1145: 0.300 0.302 0.398 1    
1146: 0.389 0.407 0.204 1    
1147: 0.352 0.372 0.276 1    
1148: 0.370 0.413 0.216 1    
1149: 0.283 0.434 0.282 1    
1150: 0.349 0.329 0.322 1    
1151: 0.221 0.279 0.500 1    
1152: 0.209 0.391 0.400 1    
1153: 0.370 0.224 0.406 1    
1154: 0.212 0.308 0.479 1    
1155: 0.242 0.373 0.385 1    
1156: 0.360 0.417 0.223 1    
1157: 0.321 0.320 0.358 1    
1158: 0.234 0.530 0.235 1    
1159: 0.307 0.330 0.363 1    
1160: 0.260 0.509 0.231 1    
1161: 0.409 0.282 0.309 1    
1162: 0.403 0.201 0.396 1    
1163: 0.321 0.340 0.340 1    
1164: 0.272 0.244 0.484 1    
1165: 0.436 0.330 0.233 1    
1166: 0.405 0.185 0.410 1    
1167: 0.399 0.378 0.222 1    
1168: 0.390 0.291 0.319 1    
1169: 0.201 0.373 0.427 1    
1170: 0.200 0.447 0.353 1    
1171: 0.233 0.488 0.280 1    
1172: 0.261 0.344 0.395 1    
1173: 0.259 0.486 0.255 1    
1174: 0.363 0.155 0.483 1    
1175: 0.246 0.448 0.306 1    
1176: 0.419 0.288 0.293 1    
1177: 0.464 0.342 0.194 1    
1178: 0.463 0.143 0.393 1    
1179: 0.384 0.349 0.268 1    
1180: 0.298 0.259 0.443 1    
1181: 0.325 0.331 0.343 1    
1182: 0.417 0.301 0.281 1    
1183: 0.261 0.356 0.383 1    
1184: 0.289 0.522 0.189 1    
1185: 0.447 0.260 0.293 1    
1186: 0.239 0.197 0.565 1    
1187: 0.253 0.510 0.237 1    
1188: 0.243 0.502 0.255 1    
1189: 0.270 0.306 0.424 1    
1190: 0.479 0.318 0.202 1    
1191: 0.487 0.202 0.312 1    
1192: 0.196 0.574 0.230 1    
1193: 0.413 0.179 0.408 1    
1194: 0.418 0.200 0.382 1    
1195: 0.183 0.419 0.397 1    
1196: 0.349 0.190 0.461 1    
1197: 0.428 0.343 0.229 1    
1198: 0.275 0.311 0.414 1    
1199: 0.323 0.311 0.365 1    
1200: 0.285 0.441 0.274 1    
1201: 0.291 0.492 0.218 1    
1202: 0.537 0.285 0.179 1    
1203: 0.357 0.326 0.317 1    
1204: 0.327 0.383 0.291 1    
1205: 0.451 0.272 0.278 1    
1206: 0.364 0.343 0.293 1    
1207: 0.350 0.192 0.458 1    
1208: 0.434 0.174 0.392 1    
1209: 0.247 0.257 0.495 1    
1210: 0.375 0.211 0.414 1    
1211: 0.193 0.201 0.606 1    
1212: 0.330 0.360 0.310 1    
1213: 0.148 0.333 0.519 1    
1214: 0.235 0.285 0.480 1    
1215: 0.239 0.255 0.506 1    
1216: 0.266 0.480 0.253 1    
1217: 0.228 0.430 0.342 1    
1218: 0.320 0.319 0.361 1    
1219: 0.243 0.180 0.577 1    
1220: 0.318 0.356 0.327 1    
1221: 0.358 0.164 0.478 1    
1222: 0.263 0.283 0.453 1    
1223: 0.230 0.242 0.528 1    
1224: 0.336 0.216 0.448 1    
1225: 0.287 0.404 0.310 1    
1226: 0.253 0.241 0.505 1    
1227: 0.240 0.311 0.449 1    
1228: 0.208 0.380 0.412 1    
1229: 0.384 0.340 0.276 1    
1230: 0.299 0.183 0.519 1    
1231: 0.332 0.255 0.414 1    
1232: 0.331 0.267 0.402 1    
1233: 0.171 0.235 0.594 1    
1234: 0.382 0.284 0.334 1    
1235: 0.281 0.320 0.400 1    
1236: 0.319 0.316 0.364 1    
1237: 0.200 0.212 0.588 1    
1238: 0.187 0.250 0.563 1    
1239: 0.263 0.386 0.351 1    
1240: 0.305 0.226 0.469 1    
1241: 0.330 0.232 0.438 1    
1242: 0.372 0.309 0.319 1    
1243: 0.315 0.391 0.293 1    
1244: 0.379 0.335 0.286 1    
1245: 0.281 0.360 0.359 1    
1246: 0.387 0.331 0.282 1    
1247: 0.384 0.243 0.373 1    
1248: 0.291 0.455 0.254 1    
1249: 0.351 0.438 0.210 1    
1250: 0.483 0.200 0.318 1    
1251: 0.373 0.316 0.311 1    
1252: 0.329 0.425 0.246 1    
1253: 0.420 0.241 0.338 1    
1254: 0.391 0.345 0.265 1    
1255: 0.347 0.215 0.438 1    
1256: 0.369 0.369 0.262 1    
1257: 0.487 0.369 0.143 1    
1258: 0.422 0.312 0.266 1    
1259: 0.348 0.351 0.301 1    
1260: 0.346 0.413 0.241 1    
1261: 0.397 0.240 0.362 1    
1262: 0.400 0.381 0.219 1    
1263: 0.389 0.401 0.210 1    
1264: 0.279 0.526 0.195 1    
1265: 0.330 0.428 0.241 1    
1266: 0.371 0.345 0.284 1    
1267: 0.422 0.248 0.330 1    
1268: 0.297 0.265 0.438 1    
1269: 0.337 0.436 0.227 1    
1270: 0.510 0.232 0.259 1    
1271: 0.332 0.389 0.278 1    
1272: 0.266 0.296 0.438 1    
1273: 0.309 0.304 0.387 1    
1274: 0.323 0.456 0.221 1    
1275: 0.461 0.278 0.261 1    
1276: 0.387 0.289 0.324 1    
1277: 0.486 0.297 0.217 1    
1278: 0.441 0.193 0.366 1    
1279: 0.469 0.326 0.205 1    
1280: 0.591 0.222 0.187 1    
1281: 0.569 0.225 0.206 1    
1282: 0.388 0.419 0.192 1    
1283: 0.242 0.570 0.188 1    
1284: 0.366 0.382 0.252 1    
1285: 0.426 0.349 0.225 1    
1286: 0.415 0.280 0.305 1    
1287: 0.354 0.300 0.346 1    
1288: 0.480 0.346 0.174 1    
1289: 0.428 0.245 0.326 1    
1290: 0.410 0.292 0.298 1    
1291: 0.433 0.322 0.245 1    
1292: 0.389 0.237 0.375 1    
1293: 0.352 0.333 0.314 1    
1294: 0.450 0.355 0.195 1    
1295: 0.281 0.304 0.415 1    
1296: 0.416 0.270 0.314 1    
1297: 0.314 0.475 0.211 1    
1298: 0.395 0.226 0.379 1    
1299: 0.187 0.355 0.458 1    
1300: 0.346 0.317 0.338 1    
1301: 0.201 0.531 0.268 1    
1302: 0.315 0.212 0.474 1    
1303: 0.258 0.550 0.192 1    
1304: 0.344 0.427 0.229 1    
1305: 0.433 0.242 0.325 1    
1306: 0.434 0.330 0.235 1    
1307: 0.289 0.576 0.135 1    
1308: 0.269 0.428 0.303 1    
1309: 0.283 0.508 0.209 1    
1310: 0.230 0.238 0.532 1    
1311: 0.207 0.425 0.368 1    
1312: 0.256 0.403 0.341 1    
1313: 0.180 0.199 0.621 1    
1314: 0.373 0.381 0.246 1    
1315: 0.188 0.552 0.259 1    
1316: 0.359 0.296 0.345 1    
1317: 0.235 0.550 0.215 1    
1318: 0.260 0.337 0.403 1    
1319: 0.298 0.353 0.348 1    
1320: 0.231 0.363 0.406 1    
1321: 0.259 0.556 0.185 1    
1322: 0.518 0.208 0.274 1    
1323: 0.133 0.463 0.404 1    
1324: 0.323 0.294 0.383 1    
1325: 0.224 0.479 0.296 1    
1326: 0.414 0.220 0.366 1    
1327: 0.426 0.176 0.398 1    
1328: 0.296 0.256 0.447 1    
1329: 0.514 0.267 0.219 1    
1330: 0.404 0.203 0.393 1    
1331: 0.280 0.506 0.215 1    
1332: 0.345 0.193 0.462 1    
1333: 0.407 0.210 0.382 1    
