  1:   0.2501  0.2539  0.2505  0.2455  1
  2:   0.2512  0.2436  0.2474  0.2578  1
  3:   0.2488  0.2544  0.2506  0.2462  1
  4:   0.2510  0.2408  0.2481  0.2601  1
  5:   0.2478  0.2575  0.2538  0.2408  1
  6:   0.2501  0.2577  0.2519  0.2403  1
  7:   0.2487  0.2559  0.2521  0.2433  1
  8:   0.2484  0.2546  0.2516  0.2454  1
  9:   0.2509  0.2462  0.2480  0.2549  1
 10:   0.2521  0.2446  0.2482  0.2551  1
 11:   0.2529  0.2424  0.2478  0.2569  1
 12:   0.2507  0.2406  0.2482  0.2605  1
 13:   0.2486  0.2567  0.2499  0.2448  1
 14:   0.2505  0.2547  0.2523  0.2424  1
 15:   0.2486  0.2568  0.2524  0.2422  1
 16:   0.2525  0.2428  0.2469  0.2577  1
 17:   0.2504  0.2464  0.2494  0.2538  1
 18:   0.2504  0.2496  0.2500  0.2500  1
 19:   0.2509  0.2469  0.2485  0.2537  1
 20:   0.2496  0.2538  0.2512  0.2453  1
 21:   0.2478  0.2589  0.2529  0.2404  1
 22:   0.2525  0.2404  0.2494  0.2577  1
 23:   0.2500  0.2496  0.2490  0.2514  1
 24:   0.2513  0.2477  0.2491  0.2519  1
 25:   0.2483  0.2565  0.2517  0.2435  1
 26:   0.2489  0.2579  0.2541  0.2391  1
 27:   0.2521  0.2453  0.2486  0.2539  1
 28:   0.2492  0.2537  0.2519  0.2452  1
 29:   0.2497  0.2436  0.2479  0.2587  1
 30:   0.2479  0.2501  0.2509  0.2511  1
 31:   0.2517  0.2506  0.2494  0.2484  1
 32:   0.2501  0.2507  0.2493  0.2499  1
 33:   0.2509  0.2449  0.2485  0.2557  1
 34:   0.2509  0.2458  0.2487  0.2545  1
 35:   0.2498  0.2500  0.2510  0.2492  1
 36:   0.2491  0.2561  0.2517  0.2431  1
 37:   0.2488  0.2554  0.2520  0.2438  1
 38:   0.2509  0.2537  0.2523  0.2430  1
 39:   0.2494  0.2508  0.2512  0.2486  1
 40:   0.2468  0.2544  0.2502  0.2486  1
 41:   0.2507  0.2472  0.2490  0.2531  1
 42:   0.2488  0.2542  0.2518  0.2452  1
 43:   0.2496  0.2560  0.2510  0.2434  1
 44:   0.2498  0.2418  0.2476  0.2608  1
 45:   0.2492  0.2462  0.2474  0.2572  1
 46:   0.2484  0.2532  0.2506  0.2478  1
 47:   0.2492  0.2472  0.2499  0.2537  1
 48:   0.2492  0.2432  0.2482  0.2594  1
 49:   0.2498  0.2498  0.2506  0.2498  1
 50:   0.2495  0.2459  0.2483  0.2563  1
 51:   0.2490  0.2474  0.2472  0.2564  1
 52:   0.2526  0.2450  0.2510  0.2514  1
 53:   0.2467  0.2577  0.2521  0.2435  1
 54:   0.2493  0.2541  0.2519  0.2446  1
 55:   0.2514  0.2472  0.2494  0.2520  1
 56:   0.2494  0.2492  0.2484  0.2530  1
 57:   0.2484  0.2529  0.2515  0.2472  1
 58:   0.2491  0.2539  0.2505  0.2465  1
 59:   0.2516  0.2450  0.2477  0.2557  1
 60:   0.2502  0.2458  0.2492  0.2549  1
 61:   0.2477  0.2549  0.2519  0.2454  1
 62:   0.2498  0.2448  0.2492  0.2563  1
 63:   0.2528  0.2438  0.2492  0.2542  1
 64:   0.2513  0.2459  0.2511  0.2517  1
 65:   0.2512  0.2496  0.2502  0.2489  1
 66:   0.2500  0.2557  0.2517  0.2426  1
 67:   0.2508  0.2490  0.2480  0.2523  1
 68:   0.2500  0.2495  0.2492  0.2513  1
 69:   0.2489  0.2563  0.2513  0.2436  1
 70:   0.2498  0.2553  0.2513  0.2436  1
 71:   0.2492  0.2519  0.2509  0.2480  1
 72:   0.2470  0.2572  0.2518  0.2440  1
 73:   0.2501  0.2551  0.2511  0.2436  1
 74:   0.2520  0.2444  0.2502  0.2534  1
 75:   0.2519  0.2442  0.2497  0.2543  1
 76:   0.2495  0.2409  0.2469  0.2627  1
 77:   0.2472  0.2607  0.2517  0.2404  1
 78:   0.2522  0.2436  0.2484  0.2557  1
 79:   0.2464  0.2590  0.2536  0.2410  1
 80:   0.2473  0.2549  0.2521  0.2458  1
 81:   0.2519  0.2465  0.2485  0.2531  1
 82:   0.2483  0.2565  0.2517  0.2435  1
 83:   0.2527  0.2466  0.2490  0.2517  1
 84:   0.2504  0.2530  0.2508  0.2458  1
 85:   0.2508  0.2501  0.2499  0.2492  1
 86:   0.2487  0.2565  0.2517  0.2431  1
 87:   0.2519  0.2440  0.2499  0.2543  1
 88:   0.2487  0.2539  0.2495  0.2479  1
 89:   0.2495  0.2504  0.2511  0.2490  1
 90:   0.2497  0.2514  0.2513  0.2476  1
 91:   0.2496  0.2454  0.2482  0.2569  1
 92:   0.2507  0.2535  0.2515  0.2443  1
 93:   0.2499  0.2509  0.2497  0.2495  1
 94:   0.2479  0.2555  0.2527  0.2438  1
 95:   0.2476  0.2572  0.2510  0.2442  1
 96:   0.2476  0.2587  0.2513  0.2424  1
 97:   0.2495  0.2529  0.2521  0.2456  1
 98:   0.2510  0.2470  0.2482  0.2538  1
 99:   0.2458  0.2621  0.2527  0.2394  1
100:   0.2519  0.2432  0.2482  0.2567  1
101:   0.2499  0.2502  0.2492  0.2507  1
102:   0.2482  0.2527  0.2500  0.2491  1
103:   0.2509  0.2462  0.2488  0.2541  1
104:   0.2520  0.2472  0.2492  0.2516  1
105:   0.2490  0.2541  0.2496  0.2474  1
106:   0.2487  0.2514  0.2510  0.2489  1
107:   0.2508  0.2529  0.2505  0.2458  1
108:   0.2504  0.2498  0.2515  0.2482  1
109:   0.2503  0.2493  0.2511  0.2493  1
110:   0.2488  0.2557  0.2525  0.2430  1
111:   0.2502  0.2508  0.2504  0.2486  1
112:   0.2489  0.2515  0.2515  0.2481  1
113:   0.2502  0.2520  0.2489  0.2490  1
114:   0.2510  0.2452  0.2504  0.2535  1
115:   0.2505  0.2533  0.2507  0.2455  1
116:   0.2481  0.2573  0.2499  0.2447  1
117:   0.2492  0.2532  0.2526  0.2450  1
118:   0.2493  0.2515  0.2489  0.2503  1
119:   0.2492  0.2400  0.2484  0.2624  1
120:   0.2513  0.2458  0.2500  0.2529  1
121:   0.2512  0.2492  0.2474  0.2522  1
122:   0.2514  0.2472  0.2498  0.2516  1
123:   0.2512  0.2416  0.2496  0.2576  1
124:   0.2503  0.2455  0.2501  0.2541  1
125:   0.2513  0.2440  0.2468  0.2579  1
126:   0.2493  0.2441  0.2491  0.2575  1
127:   0.2502  0.2498  0.2500  0.2500  1
128:   0.2510  0.2437  0.2471  0.2582  1
129:   0.2502  0.2501  0.2489  0.2508  1
130:   0.2484  0.2559  0.2533  0.2424  1
131:   0.2508  0.2498  0.2498  0.2496  1
132:   0.2499  0.2527  0.2511  0.2462  1
133:   0.2489  0.2541  0.2499  0.2471  1
134:   0.2495  0.2531  0.2501  0.2473  1
135:   0.2502  0.2522  0.2496  0.2480  1
136:   0.2493  0.2515  0.2502  0.2490  1
137:   0.2500  0.2477  0.2481  0.2542  1
138:   0.2500  0.2472  0.2504  0.2524  1
139:   0.2472  0.2520  0.2528  0.2480  1
140:   0.2505  0.2567  0.2525  0.2402  1
141:   0.2490  0.2540  0.2526  0.2444  1
142:   0.2476  0.2569  0.2517  0.2438  1
143:   0.2466  0.2599  0.2531  0.2404  1
144:   0.2501  0.2502  0.2523  0.2473  1
145:   0.2527  0.2405  0.2481  0.2587  1
146:   0.2500  0.2532  0.2512  0.2456  1
147:   0.2515  0.2441  0.2493  0.2551  1
148:   0.2512  0.2448  0.2490  0.2550  1
149:   0.2499  0.2573  0.2526  0.2402  1
150:   0.2509  0.2466  0.2484  0.2541  1
151:   0.2503  0.2521  0.2498  0.2478  1
152:   0.2523  0.2431  0.2485  0.2561  1
153:   0.2483  0.2587  0.2523  0.2406  1
154:   0.2523  0.2392  0.2480  0.2605  1
155:   0.2479  0.2536  0.2504  0.2481  1
156:   0.2468  0.2580  0.2532  0.2420  1
157:   0.2510  0.2470  0.2492  0.2528  1
158:   0.2502  0.2496  0.2496  0.2506  1
159:   0.2519  0.2471  0.2487  0.2523  1
160:   0.2482  0.2538  0.2512  0.2468  1
161:   0.2498  0.2539  0.2508  0.2456  1
162:   0.2499  0.2402  0.2461  0.2637  1
163:   0.2499  0.2535  0.2517  0.2449  1
164:   0.2489  0.2591  0.2527  0.2393  1
165:   0.2506  0.2465  0.2476  0.2553  1
166:   0.2520  0.2458  0.2486  0.2537  1
167:   0.2513  0.2430  0.2472  0.2585  1
168:   0.2516  0.2430  0.2495  0.2559  1
169:   0.2510  0.2440  0.2482  0.2569  1
170:   0.2513  0.2499  0.2502  0.2486  1
171:   0.2491  0.2555  0.2537  0.2418  1
172:   0.2489  0.2397  0.2481  0.2633  1
173:   0.2508  0.2456  0.2490  0.2547  1
174:   0.2514  0.2515  0.2511  0.2460  1
175:   0.2516  0.2466  0.2494  0.2524  1
176:   0.2508  0.2493  0.2475  0.2524  1
177:   0.2480  0.2554  0.2524  0.2442  1
178:   0.2503  0.2414  0.2486  0.2597  1
179:   0.2510  0.2440  0.2468  0.2582  1
180:   0.2491  0.2473  0.2497  0.2539  1
181:   0.2505  0.2450  0.2480  0.2565  1
182:   0.2489  0.2578  0.2528  0.2405  1
183:   0.2492  0.2550  0.2510  0.2448  1
