 1:   0.3754  0.2993  0.3253  1
 2:   0.2720  0.3540  0.3740  1
 3:   0.3280  0.3220  0.3500  1
 4:   0.2580  0.4020  0.3400  1
 5:   0.2820  0.3840  0.3340  1
 6:   0.3440  0.3210  0.3350  1
 7:   0.2910  0.3630  0.3460  1
 8:   0.2650  0.3970  0.3380  1
 9:   0.4124  0.2883  0.2993  1
10:   0.3860  0.3080  0.3060  1
11:   0.2760  0.3940  0.3300  1
12:   0.4094  0.2873  0.3033  1
13:   0.3950  0.2880  0.3170  1
14:   0.3950  0.2910  0.3140  1
15:   0.3540  0.3230  0.3230  1
16:   0.4414  0.2633  0.2953  1
17:   0.3870  0.2980  0.3150  1
18:   0.2930  0.3690  0.3380  1
19:   0.4114  0.2743  0.3143  1
20:   0.2800  0.3710  0.3490  1
21:   0.2890  0.3570  0.3540  1
22:   0.2717  0.3806  0.3477  1
23:   0.4300  0.2640  0.3060  1
24:   0.3490  0.3290  0.3220  1
25:   0.2790  0.3620  0.3590  1
26:   0.3353  0.3453  0.3193  1
27:   0.2660  0.4000  0.3340  1
28:   0.3070  0.3430  0.3500  1
29:   0.2950  0.3490  0.3560  1
30:   0.2910  0.3620  0.3470  1
31:   0.3940  0.2920  0.3140  1
32:   0.2940  0.3630  0.3430  1
33:   0.2640  0.3740  0.3620  1
34:   0.3030  0.3520  0.3450  1
35:   0.2680  0.3710  0.3610  1
36:   0.3183  0.3433  0.3383  1
37:   0.2990  0.3370  0.3640  1
38:   0.3796  0.2997  0.3207  1
39:   0.4790  0.2340  0.2870  1
40:   0.2480  0.3860  0.3660  1
41:   0.4370  0.2610  0.3020  1
42:   0.3550  0.3280  0.3170  1
43:   0.2600  0.4050  0.3350  1
44:   0.3353  0.3343  0.3303  1
45:   0.2790  0.3670  0.3540  1
46:   0.2977  0.3656  0.3367  1
47:   0.4260  0.2770  0.2970  1
48:   0.2973  0.3353  0.3674  1
49:   0.2580  0.3920  0.3500  1
50:   0.2690  0.3930  0.3380  1
51:   0.2700  0.3740  0.3560  1
52:   0.2830  0.3690  0.3480  1
53:   0.3654  0.3093  0.3253  1
54:   0.3180  0.3490  0.3330  1

 1:   0.3996  0.3047  0.2957  1
 2:   0.2370  0.3800  0.3830  1
 3:   0.2957  0.3546  0.3497  1
 4:   0.2360  0.3930  0.3710  1
 5:   0.2557  0.3816  0.3626  1
 6:   0.3170  0.3410  0.3420  1
 7:   0.2753  0.3644  0.3604  1
 8:   0.2470  0.3790  0.3740  1
 9:   0.4410  0.2820  0.2770  1
10:   0.4096  0.2987  0.2917  1
11:   0.2537  0.3816  0.3646  1
12:   0.4590  0.2700  0.2710  1
13:   0.4296  0.2847  0.2857  1
14:   0.4525  0.2763  0.2713  1
15:   0.3720  0.3050  0.3230  1
16:   0.4840  0.2560  0.2600  1
17:   0.4230  0.2860  0.2910  1
18:   0.2820  0.3630  0.3550  1
19:   0.4240  0.2800  0.2960  1
20:   0.2550  0.3790  0.3660  1
21:   0.2650  0.3670  0.3680  1
22:   0.2340  0.3850  0.3810  1
23:   0.4650  0.2650  0.2700  1
24:   0.3470  0.3290  0.3240  1
25:   0.2500  0.3650  0.3850  1
26:   0.3430  0.3270  0.3300  1
27:   0.2438  0.3836  0.3726  1
28:   0.2940  0.3520  0.3540  1
29:   0.2670  0.3640  0.3690  1
30:   0.2753  0.3644  0.3604  1
31:   0.4170  0.2910  0.2920  1
32:   0.2740  0.3680  0.3580  1
33:   0.2360  0.3830  0.3810  1
34:   0.2750  0.3570  0.3680  1
35:   0.2342  0.3864  0.3794  1
36:   0.3190  0.3420  0.3390  1
37:   0.2727  0.3606  0.3666  1
38:   0.4164  0.2923  0.2913  1
39:   0.5330  0.2320  0.2350  1
40:   0.2230  0.3950  0.3820  1
41:   0.4800  0.2590  0.2610  1
42:   0.3620  0.3160  0.3220  1
43:   0.2420  0.3820  0.3760  1
44:   0.3510  0.3200  0.3290  1
45:   0.2530  0.3700  0.3770  1
46:   0.2810  0.3640  0.3550  1
47:   0.4695  0.2663  0.2643  1
48:   0.2677  0.3656  0.3666  1
49:   0.2340  0.3950  0.3710  1
50:   0.2402  0.3824  0.3774  1
51:   0.2390  0.3790  0.3820  1
52:   0.2460  0.3810  0.3730  1
53:   0.3930  0.3010  0.3060  1
54:   0.3060  0.3550  0.3390  1

 1:   0.3530  0.3170  0.3300  1
 2:   0.3060  0.3500  0.3440  1
 3:   0.3250  0.3390  0.3360  1
 4:   0.3000  0.3580  0.3420  1
 5:   0.3070  0.3500  0.3430  1
 6:   0.3250  0.3340  0.3410  1
 7:   0.3140  0.3480  0.3380  1
 8:   0.3000  0.3570  0.3430  1
 9:   0.3564  0.3173  0.3263  1
10:   0.3580  0.3150  0.3270  1
11:   0.3060  0.3500  0.3440  1
12:   0.3660  0.3110  0.3230  1
13:   0.3534  0.3213  0.3253  1
14:   0.3660  0.3150  0.3190  1
15:   0.3530  0.3240  0.3230  1
16:   0.3824  0.2973  0.3203  1
17:   0.3540  0.3170  0.3290  1
18:   0.3150  0.3440  0.3410  1
19:   0.3650  0.3090  0.3260  1
20:   0.3110  0.3530  0.3360  1
21:   0.3170  0.3440  0.3390  1
22:   0.3067  0.3497  0.3437  1
23:   0.3770  0.3000  0.3230  1
24:   0.3397  0.3287  0.3317  1
25:   0.3140  0.3470  0.3390  1
26:   0.3460  0.3300  0.3240  1
27:   0.3010  0.3540  0.3450  1
28:   0.3223  0.3423  0.3353  1
29:   0.3210  0.3460  0.3330  1
30:   0.3160  0.3460  0.3380  1
31:   0.3600  0.3160  0.3240  1
32:   0.3200  0.3440  0.3360  1
33:   0.2970  0.3610  0.3420  1
34:   0.3250  0.3420  0.3330  1
35:   0.3027  0.3586  0.3387  1
36:   0.3250  0.3350  0.3400  1
37:   0.3230  0.3460  0.3310  1
38:   0.3460  0.3230  0.3310  1
39:   0.3924  0.2913  0.3163  1
40:   0.2970  0.3660  0.3370  1
41:   0.3780  0.3030  0.3190  1
42:   0.3300  0.3360  0.3340  1
43:   0.3020  0.3580  0.3400  1
44:   0.3367  0.3317  0.3317  1
45:   0.3150  0.3490  0.3360  1
46:   0.3303  0.3343  0.3353  1
47:   0.3680  0.3100  0.3220  1
48:   0.3183  0.3433  0.3383  1
49:   0.2960  0.3580  0.3460  1
50:   0.3020  0.3560  0.3420  1
51:   0.2980  0.3590  0.3430  1
52:   0.3107  0.3487  0.3407  1
53:   0.3510  0.3200  0.3290  1
54:   0.3350  0.3340  0.3310  1

 1:   0.3363  0.3293  0.3343  1
 2:   0.3330  0.3350  0.3320  1
 3:   0.3357  0.3327  0.3317  1
 4:   0.3227  0.3457  0.3317  1
 5:   0.3240  0.3450  0.3310  1
 6:   0.3370  0.3310  0.3320  1
 7:   0.3343  0.3313  0.3343  1
 8:   0.3260  0.3390  0.3350  1
 9:   0.3370  0.3250  0.3380  1
10:   0.3317  0.3347  0.3337  1
11:   0.3230  0.3430  0.3340  1
12:   0.3380  0.3280  0.3340  1
13:   0.3357  0.3297  0.3347  1
14:   0.3363  0.3273  0.3363  1
15:   0.3310  0.3330  0.3360  1
16:   0.3390  0.3280  0.3330  1
17:   0.3327  0.3327  0.3347  1
18:   0.3290  0.3360  0.3350  1
19:   0.3397  0.3287  0.3317  1
20:   0.3307  0.3407  0.3287  1
21:   0.3360  0.3330  0.3310  1
22:   0.3330  0.3360  0.3310  1
23:   0.3380  0.3280  0.3340  1
24:   0.3320  0.3340  0.3340  1
25:   0.3330  0.3350  0.3320  1
26:   0.3290  0.3340  0.3370  1
27:   0.3240  0.3390  0.3370  1
28:   0.3370  0.3310  0.3320  1
29:   0.3330  0.3340  0.3330  1
30:   0.3310  0.3370  0.3320  1
31:   0.3360  0.3300  0.3340  1
32:   0.3340  0.3340  0.3320  1
33:   0.3280  0.3370  0.3350  1
34:   0.3367  0.3347  0.3287  1
35:   0.3320  0.3360  0.3320  1
36:   0.3360  0.3330  0.3310  1
37:   0.3367  0.3327  0.3307  1
38:   0.3310  0.3330  0.3360  1
39:   0.3420  0.3220  0.3360  1
40:   0.3290  0.3340  0.3370  1
41:   0.3430  0.3220  0.3350  1
42:   0.3360  0.3280  0.3360  1
43:   0.3230  0.3420  0.3350  1
44:   0.3293  0.3363  0.3343  1
45:   0.3330  0.3350  0.3320  1
46:   0.3280  0.3360  0.3360  1
47:   0.3400  0.3260  0.3340  1
48:   0.3340  0.3320  0.3340  1
49:   0.3290  0.3380  0.3330  1
50:   0.3260  0.3390  0.3350  1
51:   0.3280  0.3360  0.3360  1
52:   0.3273  0.3383  0.3343  1
53:   0.3290  0.3350  0.3360  1
54:   0.3310  0.3350  0.3340  1

 1:   0.3360  0.3180  0.3460  1
 2:   0.3350  0.3580  0.3070  1
 3:   0.3260  0.3520  0.3220  1
 4:   0.2720  0.4010  0.3270  1
 5:   0.2753  0.3724  0.3524  1
 6:   0.3397  0.3397  0.3207  1
 7:   0.3220  0.3740  0.3040  1
 8:   0.2763  0.3854  0.3383  1
 9:   0.3500  0.2770  0.3730  1
10:   0.3337  0.2997  0.3666  1
11:   0.2773  0.3834  0.3393  1
12:   0.3650  0.2920  0.3430  1
13:   0.3776  0.3057  0.3167  1
14:   0.3530  0.2850  0.3620  1
15:   0.3343  0.3173  0.3483  1
16:   0.3530  0.2730  0.3740  1
17:   0.3684  0.3173  0.3143  1
18:   0.3300  0.3590  0.3110  1
19:   0.3500  0.2830  0.3670  1
20:   0.3050  0.3700  0.3250  1
21:   0.3360  0.3630  0.3010  1
22:   0.3223  0.3624  0.3153  1
23:   0.3670  0.2640  0.3690  1
24:   0.3120  0.3230  0.3650  1
25:   0.3377  0.3516  0.3107  1
26:   0.3143  0.3253  0.3604  1
27:   0.2710  0.3980  0.3310  1
28:   0.3500  0.3410  0.3090  1
29:   0.3337  0.3626  0.3037  1
30:   0.3450  0.3420  0.3130  1
31:   0.3460  0.2870  0.3670  1
32:   0.3210  0.3700  0.3090  1
33:   0.3140  0.3790  0.3070  1
34:   0.3133  0.3544  0.3323  1
35:   0.3220  0.3660  0.3120  1
36:   0.3360  0.3470  0.3170  1
37:   0.3586  0.3506  0.2907  1
38:   0.3774  0.3173  0.3053  1
39:   0.3814  0.2392  0.3794  1
40:   0.2950  0.3940  0.3110  1
41:   0.3670  0.2610  0.3720  1
42:   0.3230  0.3370  0.3400  1
43:   0.2730  0.3990  0.3280  1
44:   0.3560  0.3260  0.3180  1
45:   0.3200  0.3620  0.3180  1
46:   0.2990  0.3450  0.3560  1
47:   0.3510  0.2670  0.3820  1
48:   0.3323  0.3554  0.3123  1
49:   0.2940  0.3900  0.3160  1
50:   0.2970  0.3850  0.3180  1
51:   0.3050  0.3830  0.3120  1
52:   0.3090  0.3630  0.3280  1
53:   0.3686  0.3217  0.3097  1
54:   0.2970  0.3400  0.3630  1

