  1:   0.0090  0.6980  0.2930  1
  2:   0.0080  0.5010  0.4910  1
  3:   0.0110  0.4915  0.4975  1
  4:   0.0070  0.7990  0.1940  1
  5:   0.0750  0.8210  0.1040  1
  6:   0.0220  0.9409  0.0370  1
  7:   0.0080  0.8370  0.1550  1
  8:   0.0050  0.0810  0.9140  1
  9:   0.0100  0.6540  0.3360  1
 10:   0.0740  0.4620  0.4640  1
 11:   0.0090  0.9210  0.0700  1
 12:   0.0050  0.1840  0.8110  1
 13:   0.0080  0.3974  0.5946  1
 14:   0.0110  0.7640  0.2250  1
 15:   0.0140  0.6633  0.3227  1
 16:   0.0080  0.8870  0.1050  1
 17:   0.0290  0.7830  0.1880  1
 18:   0.0150  0.4466  0.5385  1
 19:   0.0120  0.6300  0.3580  1
 20:   0.3140  0.1930  0.4930  1
 21:   0.0530  0.4680  0.4790  1
 22:   0.0070  0.9140  0.0790  1
 23:   0.0150  0.8110  0.1740  1
 24:   0.0749  0.6533  0.2717  1
 25:   0.0370  0.2697  0.6933  1
 26:   0.0060  0.6620  0.3320  1
 27:   0.0090  0.7970  0.1940  1
 28:   0.1790  0.5400  0.2810  1
 29:   0.0530  0.2550  0.6920  1
 30:   0.0040  0.7087  0.2873  1
 31:   0.0090  0.9210  0.0700  1
 32:   0.0060  0.9400  0.0540  1
 33:   0.0060  0.9460  0.0480  1
 34:   0.0220  0.2823  0.6957  1
 35:   0.0100  0.7680  0.2220  1
 36:   0.0070  0.9160  0.0770  1
 37:   0.0920  0.2810  0.6270  1
 38:   0.0090  0.6260  0.3650  1
 39:   0.0110  0.9400  0.0490  1
 40:   0.0180  0.8740  0.1080  1
 41:   0.0150  0.8428  0.1421  1
 42:   0.0170  0.3060  0.6770  1
 43:   0.0130  0.4316  0.5554  1
 44:   0.0400  0.8880  0.0720  1
 45:   0.0050  0.1450  0.8500  1
 46:   0.0150  0.6540  0.3310  1
 47:   0.0490  0.7467  0.2042  1
 48:   0.0590  0.4710  0.4700  1
 49:   0.0210  0.2180  0.7610  1
 50:   0.0090  0.3130  0.6780  1
 51:   0.0060  0.2350  0.7590  1
 52:   0.0060  0.9230  0.0710  1
 53:   0.0060  0.0170  0.9770  1
 54:   0.1180  0.7140  0.1680  1
 55:   0.0140  0.0830  0.9030  1
 56:   0.0200  0.9170  0.0630  1
 57:   0.0080  0.6430  0.3490  1
 58:   0.0330  0.7010  0.2660  1
 59:   0.0070  0.8240  0.1690  1
 60:   0.0180  0.7668  0.2152  1
 61:   0.1970  0.5770  0.2260  1
 62:   0.0080  0.2930  0.6990  1
 63:   0.0170  0.6740  0.3090  1
 64:   0.0070  0.7642  0.2288  1
 65:   0.0120  0.7470  0.2410  1
 66:   0.0120  0.3570  0.6310  1
 67:   0.0731  0.5305  0.3964  1
 68:   0.0230  0.8498  0.1271  1
 69:   0.1180  0.8190  0.0630  1
 70:   0.0240  0.5590  0.4170  1
 71:   0.0340  0.8950  0.0710  1
 72:   0.0160  0.3860  0.5980  1
 73:   0.0110  0.5830  0.4060  1
 74:   0.0100  0.9150  0.0750  1
 75:   0.0080  0.4880  0.5040  1
 76:   0.0090  0.8770  0.1140  1
 77:   0.0250  0.0130  0.9620  1
 78:   0.0460  0.0320  0.9219  1
 79:   0.0160  0.0090  0.9750  1
 80:   0.0060  0.0120  0.9820  1
 81:   0.0070  0.0100  0.9830  1
 82:   0.0150  0.0120  0.9730  1
 83:   0.0410  0.0160  0.9430  1
 84:   0.0130  0.0330  0.9540  1
 85:   0.0130  0.0160  0.9710  1
 86:   0.0140  0.1600  0.8260  1
 87:   0.0100  0.0150  0.9750  1
 88:   0.0220  0.0200  0.9580  1
 89:   0.0619  0.0170  0.9211  1
 90:   0.0140  0.0730  0.9130  1
 91:   0.0240  0.0210  0.9550  1
 92:   0.0990  0.0150  0.8860  1
 93:   0.0110  0.0120  0.9770  1
 94:   0.0270  0.0110  0.9620  1
 95:   0.0330  0.0370  0.9300  1
 96:   0.0070  0.0150  0.9780  1
 97:   0.2550  0.0580  0.6870  1
 98:   0.0170  0.1120  0.8710  1
 99:   0.0070  0.0150  0.9780  1
100:   0.0110  0.0100  0.9790  1
101:   0.0070  0.0180  0.9750  1
102:   0.0470  0.0400  0.9130  1
103:   0.0090  0.8002  0.1908  1
104:   0.0060  0.6230  0.3710  1
105:   0.0260  0.3940  0.5800  1
106:   0.0160  0.4294  0.5546  1
107:   0.0090  0.8050  0.1860  1
108:   0.0210  0.2090  0.7700  1
109:   0.0430  0.5370  0.4200  1
110:   0.0200  0.8870  0.0930  1
111:   0.0090  0.5740  0.4170  1
112:   0.0060  0.4880  0.5060  1
113:   0.0100  0.3840  0.6060  1
114:   0.0100  0.2498  0.7403  1
115:   0.0460  0.8780  0.0760  1
116:   0.0050  0.5105  0.4845  1
117:   0.0100  0.4450  0.5450  1
118:   0.0090  0.8860  0.1050  1
119:   0.0060  0.7300  0.2640  1
120:   0.0060  0.2190  0.7750  1
121:   0.0140  0.4530  0.5330  1
122:   0.0230  0.6690  0.3080  1
123:   0.0150  0.6404  0.3447  1
124:   0.0120  0.4990  0.4890  1
125:   0.0110  0.4930  0.4960  1
126:   0.0180  0.2850  0.6970  1
127:   0.0160  0.3736  0.6104  1
128:   0.0070  0.0270  0.9660  1
129:   0.0160  0.2780  0.7060  1
130:   0.0140  0.7440  0.2420  1
131:   0.0070  0.3830  0.6100  1
132:   0.0040  0.2302  0.7658  1
133:   0.0060  0.1840  0.8100  1
134:   0.0080  0.2300  0.7620  1
135:   0.0519  0.1538  0.7942  1
136:   0.0120  0.1190  0.8690  1
137:   0.0140  0.8680  0.1180  1
138:   0.0090  0.1371  0.8539  1
139:   0.0070  0.6980  0.2950  1
140:   0.0720  0.5680  0.3600  1
141:   0.0090  0.7700  0.2210  1
142:   0.0110  0.8280  0.1610  1
143:   0.0070  0.3400  0.6530  1
144:   0.0070  0.5290  0.4640  1
145:   0.0580  0.8320  0.1100  1
146:   0.0250  0.2820  0.6930  1
147:   0.0220  0.8930  0.0850  1
148:   0.0090  0.1101  0.8809  1
149:   0.0420  0.7920  0.1660  1
150:   0.0790  0.0720  0.8490  1
151:   0.0110  0.2923  0.6967  1
152:   0.3130  0.4950  0.1920  1
153:   0.0520  0.8940  0.0540  1
154:   0.0810  0.7340  0.1850  1
155:   0.0120  0.4750  0.5130  1
156:   0.0310  0.1510  0.8180  1
157:   0.0100  0.2342  0.7558  1
158:   0.0060  0.5465  0.4474  1
159:   0.3140  0.2860  0.4000  1
160:   0.0110  0.7330  0.2560  1
161:   0.0340  0.6360  0.3300  1
162:   0.0160  0.7080  0.2760  1
163:   0.0070  0.7400  0.2530  1
164:   0.0090  0.7938  0.1972  1
165:   0.1421  0.4685  0.3894  1
166:   0.0050  0.0410  0.9540  1
167:   0.0090  0.8010  0.1900  1
168:   0.0170  0.3810  0.6020  1
169:   0.0060  0.6983  0.2957  1
170:   0.0160  0.6670  0.3170  1
171:   0.0330  0.4464  0.5205  1
172:   0.0130  0.8440  0.1430  1
173:   0.0220  0.8340  0.1440  1
174:   0.1300  0.7360  0.1340  1
175:   0.0160  0.9110  0.0730  1
176:   0.0160  0.6590  0.3250  1
177:   0.0070  0.8390  0.1540  1
178:   0.0170  0.8090  0.1740  1
179:   0.0250  0.7170  0.2580  1
180:   0.0060  0.7270  0.2670  1
181:   0.0160  0.3110  0.6730  1
182:   0.0120  0.1890  0.7990  1
183:   0.0230  0.4170  0.5600  1
184:   0.0090  0.6286  0.3624  1
185:   0.0100  0.4316  0.5584  1
186:   0.0040  0.4535  0.5425  1
187:   0.0340  0.7998  0.1662  1
188:   0.0230  0.6470  0.3300  1
189:   0.0130  0.8520  0.1350  1
190:   0.0290  0.8460  0.1250  1
191:   0.0649  0.3427  0.5924  1
192:   0.0790  0.8240  0.0970  1
193:   0.0110  0.5530  0.4360  1
194:   0.0240  0.7970  0.1790  1
195:   0.0340  0.6340  0.3320  1
196:   0.0080  0.0660  0.9260  1
197:   0.0060  0.4300  0.5640  1
198:   0.0120  0.4610  0.5270  1
199:   0.0110  0.6180  0.3710  1
200:   0.0070  0.4650  0.5280  1
201:   0.0860  0.6460  0.2680  1
202:   0.0070  0.1838  0.8092  1
203:   0.0090  0.2950  0.6960  1
204:   0.0150  0.0870  0.8980  1
205:   0.0300  0.1180  0.8520  1
206:   0.0270  0.7770  0.1960  1
207:   0.0070  0.5634  0.4296  1
208:   0.0060  0.0340  0.9600  1
209:   0.0500  0.6110  0.3390  1
210:   0.0120  0.5440  0.4440  1
211:   0.0060  0.2150  0.7790  1
212:   0.0270  0.3750  0.5980  1
213:   0.0160  0.4490  0.5350  1
214:   0.0400  0.5440  0.4160  1
215:   0.0110  0.5350  0.4540  1
216:   0.0130  0.8080  0.1790  1
217:   0.0430  0.6607  0.2963  1
218:   0.0180  0.3910  0.5910  1
219:   0.0040  0.9170  0.0790  1
220:   0.0150  0.0360  0.9490  1
221:   0.0190  0.1952  0.7858  1
222:   0.1259  0.7283  0.1459  1
223:   0.0270  0.8830  0.0900  1
224:   0.0170  0.8260  0.1570  1
225:   0.3077  0.5834  0.1089  1
226:   0.0350  0.1860  0.7790  1
227:   0.0070  0.8180  0.1750  1
228:   0.0080  0.8202  0.1718  1
229:   0.0190  0.5600  0.4210  1
230:   0.0290  0.7570  0.2140  1
231:   0.0090  0.7550  0.2360  1
232:   0.0050  0.8190  0.1760  1
233:   0.0140  0.7470  0.2390  1
234:   0.0320  0.7140  0.2540  1
235:   0.0120  0.6633  0.3247  1
236:   0.0160  0.4210  0.5630  1
237:   0.0280  0.2422  0.7297  1
238:   0.0400  0.3854  0.5746  1
239:   0.0130  0.1840  0.8030  1
240:   0.0180  0.5200  0.4620  1
241:   0.0080  0.5150  0.4770  1
242:   0.0120  0.2600  0.7280  1
243:   0.0150  0.3710  0.6140  1
244:   0.0050  0.6860  0.3090  1
245:   0.0190  0.4775  0.5035  1
246:   0.0070  0.1790  0.8140  1
247:   0.0300  0.9370  0.0330  1
248:   0.0120  0.2452  0.7427  1
249:   0.0110  0.4785  0.5105  1
250:   0.0370  0.3620  0.6010  1
251:   0.0070  0.7220  0.2710  1
252:   0.0370  0.3790  0.5840  1
253:   0.0080  0.0250  0.9670  1
254:   0.0090  0.3020  0.6890  1
255:   0.0060  0.0610  0.9330  1
256:   0.0130  0.8352  0.1518  1
257:   0.0220  0.4920  0.4860  1
258:   0.0060  0.9150  0.0790  1
259:   0.0070  0.7260  0.2670  1
260:   0.0220  0.7988  0.1792  1
261:   0.0080  0.8840  0.1080  1
262:   0.0090  0.6500  0.3410  1
263:   0.1652  0.3974  0.4374  1
264:   0.0360  0.3610  0.6030  1
265:   0.0270  0.9220  0.0510  1
266:   0.0110  0.8180  0.1710  1
267:   0.0140  0.5530  0.4330  1
268:   0.0990  0.4540  0.4470  1
269:   0.0170  0.8270  0.1560  1
270:   0.0080  0.4010  0.5910  1
271:   0.0460  0.3113  0.6426  1
272:   0.0360  0.9250  0.0390  1
273:   0.0300  0.7510  0.2190  1
274:   0.0280  0.6130  0.3590  1
275:   0.0120  0.3560  0.6320  1
276:   0.1240  0.7270  0.1490  1
277:   0.0140  0.9360  0.0500  1
278:   0.0900  0.1440  0.7660  1
279:   0.0340  0.5150  0.4510  1
280:   0.0060  0.3700  0.6240  1
281:   0.0050  0.1420  0.8530  1
282:   0.0670  0.1600  0.7730  1
283:   0.3127  0.3566  0.3307  1
284:   0.0460  0.8158  0.1381  1
285:   0.0250  0.4370  0.5380  1
286:   0.0110  0.2450  0.7440  1
287:   0.0130  0.3350  0.6520  1
288:   0.0170  0.4930  0.4900  1
289:   0.0120  0.7980  0.1900  1
290:   0.0090  0.2442  0.7467  1
291:   0.0210  0.4390  0.5400  1
292:   0.0440  0.7602  0.1958  1
293:   0.0100  0.5075  0.4825  1
294:   0.0980  0.1780  0.7240  1
295:   0.0110  0.5730  0.4160  1
296:   0.0700  0.6000  0.3300  1
297:   0.0960  0.4690  0.4350  1
298:   0.0090  0.2180  0.7730  1
299:   0.0380  0.2567  0.7053  1
300:   0.0240  0.4780  0.4980  1
301:   0.0060  0.1210  0.8730  1
302:   0.0120  0.4310  0.5570  1
303:   0.0820  0.2580  0.6600  1
304:   0.0110  0.8990  0.0900  1
305:   0.0090  0.2777  0.7133  1
306:   0.0110  0.5960  0.3930  1
307:   0.0410  0.4240  0.5350  1
308:   0.0080  0.0980  0.8940  1
309:   0.0619  0.7712  0.1668  1
310:   0.2390  0.3920  0.3690  1
311:   0.0290  0.5940  0.3770  1
312:   0.0360  0.4240  0.5400  1
313:   0.0070  0.8730  0.1200  1
314:   0.0599  0.1628  0.7772  1
315:   0.0100  0.8400  0.1500  1
316:   0.1109  0.6234  0.2657  1
317:   0.0330  0.3870  0.5800  1
318:   0.0200  0.9461  0.0340  1
319:   0.2170  0.5900  0.1930  1
320:   0.0570  0.2080  0.7350  1
321:   0.0060  0.3110  0.6830  1
322:   0.0180  0.4710  0.5110  1
323:   0.0140  0.4114  0.5746  1
324:   0.0080  0.5626  0.4294  1
325:   0.0330  0.7500  0.2170  1
326:   0.0090  0.3640  0.6270  1
327:   0.0070  0.5140  0.4790  1
328:   0.0190  0.2150  0.7660  1
329:   0.0200  0.1180  0.8620  1
330:   0.0050  0.5640  0.4310  1
331:   0.0060  0.8830  0.1110  1
332:   0.0110  0.6450  0.3440  1
333:   0.0130  0.3450  0.6420  1
334:   0.0070  0.6190  0.3740  1
335:   0.0100  0.4030  0.5870  1
336:   0.0090  0.9520  0.0390  1
337:   0.0410  0.8530  0.1060  1
338:   0.0110  0.7013  0.2877  1
339:   0.0120  0.9740  0.0140  1
340:   0.0621  0.9109  0.0270  1
341:   0.0090  0.8780  0.1130  1
342:   0.0090  0.9710  0.0200  1
343:   0.0100  0.8590  0.1310  1
344:   0.0220  0.8850  0.0930  1
345:   0.0170  0.9590  0.0240  1
346:   0.0220  0.9570  0.0210  1
347:   0.0120  0.9640  0.0240  1
348:   0.0370  0.7712  0.1918  1
349:   0.0100  0.9690  0.0210  1
350:   0.0120  0.4800  0.5080  1
351:   0.1320  0.8340  0.0340  1
352:   0.0070  0.3670  0.6260  1
353:   0.0400  0.9060  0.0540  1
354:   0.0320  0.9430  0.0250  1
355:   0.0420  0.8482  0.1099  1
356:   0.0130  0.3280  0.6590  1
357:   0.1720  0.6570  0.1710  1
358:   0.0150  0.4380  0.5470  1
359:   0.0280  0.8740  0.0980  1
360:   0.0669  0.2547  0.6783  1
361:   0.1270  0.4640  0.4090  1
362:   0.0060  0.2102  0.7838  1
363:   0.0070  0.9260  0.0670  1
364:   0.0080  0.5960  0.3960  1
365:   0.0090  0.8810  0.1100  1
366:   0.0060  0.9350  0.0590  1
367:   0.0180  0.2180  0.7640  1
368:   0.0150  0.4750  0.5100  1
369:   0.0060  0.7160  0.2780  1
370:   0.0589  0.8252  0.1159  1
371:   0.0670  0.5980  0.3350  1
372:   0.0470  0.8820  0.0710  1
373:   0.0210  0.6060  0.3730  1
374:   0.0450  0.2910  0.6640  1
375:   0.0290  0.8700  0.1010  1
376:   0.0160  0.7440  0.2400  1
377:   0.0130  0.4296  0.5574  1
378:   0.0110  0.6444  0.3447  1
379:   0.0150  0.7060  0.2790  1
380:   0.0210  0.7447  0.2342  1
381:   0.0130  0.8078  0.1792  1
382:   0.0330  0.7908  0.1762  1
383:   0.0180  0.2710  0.7110  1
384:   0.0150  0.4120  0.5730  1
385:   0.0050  0.9480  0.0470  1
386:   0.0110  0.2420  0.7470  1
387:   0.0090  0.8719  0.1191  1
388:   0.0160  0.5225  0.4615  1
389:   0.0090  0.5904  0.4006  1
390:   0.0050  0.3320  0.6630  1
391:   0.0090  0.6530  0.3380  1
392:   0.0250  0.7400  0.2350  1
393:   0.0090  0.3620  0.6290  1
394:   0.0090  0.2580  0.7330  1
395:   0.0080  0.5540  0.4380  1
396:   0.0080  0.6120  0.3800  1
397:   0.0090  0.6300  0.3610  1
398:   0.0300  0.0820  0.8880  1
399:   0.0140  0.6840  0.3020  1
400:   0.0490  0.3260  0.6250  1
401:   0.0090  0.4640  0.5270  1
402:   0.0230  0.4430  0.5340  1
403:   0.0080  0.5360  0.4560  1
404:   0.0220  0.7978  0.1802  1
405:   0.0130  0.4150  0.5720  1
406:   0.0651  0.5375  0.3974  1
407:   0.0170  0.5640  0.4190  1
408:   0.0110  0.4710  0.5180  1
409:   0.0220  0.7568  0.2212  1
410:   0.0120  0.3443  0.6436  1
411:   0.0370  0.7610  0.2020  1
412:   0.0190  0.6260  0.3550  1
413:   0.0070  0.3674  0.6256  1
414:   0.0210  0.6200  0.3590  1
415:   0.0090  0.1450  0.8460  1
416:   0.0120  0.5395  0.4486  1
417:   0.0150  0.2390  0.7460  1
418:   0.0070  0.5974  0.3956  1
419:   0.0130  0.2750  0.7120  1
420:   0.0090  0.0640  0.9270  1
421:   0.0100  0.0859  0.9041  1
422:   0.1421  0.2382  0.6196  1
423:   0.0210  0.8152  0.1638  1
424:   0.0210  0.6140  0.3650  1
425:   0.0090  0.7620  0.2290  1
426:   0.0510  0.8080  0.1410  1
427:   0.0060  0.4330  0.5610  1
428:   0.0070  0.5770  0.4160  1
429:   0.0210  0.6710  0.3080  1
430:   0.4186  0.4426  0.1389  1
431:   0.0080  0.3640  0.6280  1
432:   0.0110  0.8681  0.1209  1
433:   0.0310  0.7670  0.2020  1
434:   0.0100  0.3640  0.6260  1
435:   0.0120  0.0560  0.9320  1
436:   0.0100  0.0200  0.9700  1
437:   0.2150  0.2360  0.5490  1
438:   0.0740  0.5930  0.3330  1
439:   0.0180  0.8490  0.1330  1
440:   0.0060  0.5130  0.4810  1
441:   0.1120  0.1490  0.7390  1
442:   0.2190  0.1690  0.6120  1
443:   0.0240  0.8310  0.1450  1
444:   0.0180  0.6797  0.3023  1
445:   0.0120  0.7650  0.2230  1
446:   0.0160  0.7250  0.2590  1
447:   0.0090  0.4404  0.5506  1
448:   0.0739  0.4016  0.5245  1
449:   0.0100  0.3130  0.6770  1
450:   0.1301  0.7077  0.1622  1
451:   0.0060  0.2182  0.7758  1
452:   0.0230  0.4296  0.5475  1
453:   0.0110  0.0870  0.9020  1
454:   0.0571  0.4565  0.4865  1
455:   0.0130  0.7600  0.2270  1
456:   0.0150  0.8650  0.1200  1
457:   0.0060  0.1960  0.7980  1
458:   0.0190  0.8440  0.1370  1
459:   0.0490  0.6120  0.3390  1
460:   0.0790  0.0820  0.8390  1
461:   0.0390  0.1430  0.8180  1
462:   0.0100  0.2570  0.7330  1
463:   0.0390  0.5700  0.3910  1
464:   0.0130  0.0881  0.8989  1
465:   0.0850  0.4830  0.4320  1
466:   0.1812  0.4204  0.3984  1
467:   0.0200  0.4650  0.5150  1
468:   0.0090  0.4334  0.5576  1
469:   0.0090  0.4450  0.5460  1
470:   0.0550  0.5590  0.3860  1
471:   0.0070  0.1828  0.8102  1
472:   0.0400  0.2800  0.6800  1
473:   0.0210  0.6274  0.3516  1
474:   0.0090  0.6320  0.3590  1
475:   0.0060  0.7190  0.2750  1
476:   0.0070  0.3360  0.6570  1
477:   0.0720  0.6370  0.2910  1
478:   0.0990  0.7670  0.1340  1
479:   0.0070  0.0500  0.9430  1
480:   0.0100  0.6020  0.3880  1
481:   0.0120  0.3113  0.6767  1
482:   0.0070  0.7053  0.2877  1
483:   0.0230  0.6470  0.3300  1
484:   0.0070  0.3604  0.6326  1
485:   0.5620  0.1670  0.2710  1
486:   0.0100  0.5020  0.4880  1
487:   0.0100  0.7390  0.2510  1
488:   0.0220  0.2973  0.6807  1
489:   0.0100  0.1330  0.8570  1
490:   0.0150  0.8118  0.1732  1
491:   0.0080  0.6050  0.3870  1
492:   0.0180  0.7850  0.1970  1
493:   0.0050  0.7373  0.2577  1
494:   0.0090  0.6820  0.3090  1
495:   0.0280  0.3560  0.6160  1
496:   0.0970  0.2640  0.6390  1
497:   0.0120  0.5160  0.4720  1
498:   0.0140  0.4960  0.4900  1
499:   0.0070  0.5750  0.4180  1
500:   0.0110  0.8260  0.1630  1
501:   0.0150  0.4360  0.5490  1
502:   0.0530  0.1870  0.7600  1
503:   0.0090  0.5050  0.4860  1
504:   0.0090  0.5480  0.4430  1
505:   0.1160  0.6710  0.2130  1
506:   0.0300  0.4100  0.5600  1
507:   0.1100  0.2750  0.6150  1
508:   0.0120  0.7900  0.1980  1
509:   0.0050  0.7860  0.2090  1
510:   0.0080  0.4950  0.4970  1
511:   0.0120  0.5850  0.4030  1
512:   0.0130  0.6380  0.3490  1
513:   0.0160  0.7413  0.2428  1
514:   0.0240  0.6250  0.3510  1
515:   0.0070  0.6320  0.3610  1
516:   0.0270  0.8348  0.1381  1
517:   0.0280  0.9150  0.0570  1
518:   0.1918  0.4985  0.3097  1
519:   0.0400  0.3193  0.6406  1
520:   0.0170  0.5576  0.4254  1
521:   0.0090  0.3766  0.6144  1
522:   0.0150  0.0909  0.8941  1
523:   0.0260  0.6124  0.3616  1
524:   0.0060  0.6194  0.3746  1
525:   0.0130  0.8090  0.1780  1
526:   0.0240  0.5706  0.4054  1
527:   0.0090  0.1400  0.8510  1
528:   0.0130  0.5365  0.4505  1
529:   0.0160  0.0360  0.9480  1
530:   0.0670  0.5650  0.3680  1
531:   0.0090  0.4555  0.5355  1
532:   0.0180  0.2390  0.7430  1
533:   0.0150  0.3880  0.5970  1
534:   0.0540  0.8100  0.1360  1
535:   0.0190  0.7030  0.2780  1
536:   0.0120  0.0670  0.9210  1
537:   0.0470  0.6070  0.3460  1
538:   0.0050  0.9030  0.0920  1
539:   0.0150  0.8960  0.0890  1
540:   0.0110  0.4905  0.4985  1
541:   0.0120  0.2058  0.7822  1
542:   0.0100  0.6190  0.3710  1
543:   0.0050  0.5045  0.4905  1
544:   0.0470  0.4620  0.4910  1
545:   0.0400  0.7260  0.2340  1
546:   0.0210  0.5650  0.4140  1
547:   0.0090  0.3490  0.6420  1
548:   0.0070  0.5936  0.3994  1
549:   0.0270  0.6410  0.3320  1
550:   0.0060  0.8040  0.1900  1
551:   0.0060  0.3710  0.6230  1
552:   0.0040  0.6977  0.2983  1
553:   0.0270  0.4140  0.5590  1
554:   0.0520  0.2990  0.6490  1
555:   0.0300  0.7130  0.2570  1
556:   0.0250  0.6840  0.2910  1
557:   0.0110  0.4850  0.5040  1
558:   0.0090  0.6446  0.3463  1
559:   0.0590  0.6450  0.2960  1
560:   0.0240  0.6320  0.3440  1
561:   0.0150  0.7040  0.2810  1
562:   0.0130  0.1550  0.8320  1
563:   0.0090  0.5115  0.4795  1
564:   0.2910  0.3360  0.3730  1
565:   0.0100  0.2980  0.6920  1
566:   0.0250  0.2040  0.7710  1
567:   0.0110  0.0800  0.9090  1
568:   0.0440  0.1171  0.8388  1
569:   0.0050  0.7860  0.2090  1
570:   0.0070  0.2480  0.7450  1
571:   0.0090  0.2060  0.7850  1
572:   0.0110  0.4520  0.5370  1
573:   0.1950  0.7180  0.0870  1
574:   0.0340  0.4320  0.5340  1
575:   0.0200  0.7260  0.2540  1
576:   0.0610  0.4870  0.4520  1
577:   0.0570  0.5930  0.3500  1
578:   0.2190  0.1150  0.6660  1
579:   0.0330  0.6770  0.2900  1
580:   0.0090  0.1430  0.8480  1
581:   0.0080  0.7700  0.2220  1
582:   0.1259  0.3497  0.5245  1
583:   0.1040  0.3710  0.5250  1
584:   0.0210  0.7257  0.2533  1
585:   0.0270  0.4144  0.5586  1
586:   0.0120  0.7788  0.2092  1
587:   0.0130  0.8970  0.0900  1
588:   0.0310  0.4370  0.5320  1
589:   0.0639  0.3357  0.6004  1
590:   0.0210  0.8272  0.1518  1
591:   0.0070  0.0530  0.9400  1
592:   0.0190  0.9190  0.0620  1
593:   0.0240  0.6454  0.3307  1
594:   0.0270  0.8830  0.0900  1
595:   0.0130  0.0450  0.9420  1
596:   0.0160  0.2877  0.6963  1
597:   0.0180  0.3040  0.6780  1
598:   0.0060  0.8969  0.0971  1
599:   0.0500  0.4640  0.4860  1
600:   0.0460  0.2990  0.6550  1
601:   0.1370  0.7720  0.0910  1
602:   0.0700  0.3170  0.6130  1
603:   0.0130  0.2150  0.7720  1
604:   0.0130  0.0700  0.9170  1
605:   0.0090  0.6540  0.3370  1
606:   0.0220  0.3183  0.6597  1
607:   0.0300  0.5910  0.3790  1
608:   0.0100  0.8860  0.1040  1
609:   0.0120  0.7090  0.2790  1
610:   0.0410  0.4655  0.4935  1
611:   0.0070  0.4104  0.5826  1
612:   0.0320  0.8560  0.1120  1
613:   0.0260  0.2640  0.7100  1
614:   0.0070  0.6436  0.3493  1
615:   0.0240  0.6510  0.3250  1
616:   0.0170  0.5876  0.3954  1
617:   0.0140  0.3450  0.6410  1
618:   0.0150  0.3083  0.6767  1
619:   0.0350  0.1330  0.8320  1
620:   0.0090  0.7810  0.2100  1
621:   0.0821  0.8498  0.0681  1
622:   0.0200  0.7960  0.1840  1
623:   0.0030  0.7810  0.2160  1
624:   0.0230  0.6630  0.3140  1
625:   0.0090  0.3690  0.6220  1
626:   0.0060  0.0330  0.9610  1
627:   0.0490  0.6364  0.3147  1
628:   0.0090  0.5770  0.4140  1
629:   0.0230  0.0560  0.9210  1
630:   0.0070  0.7850  0.2080  1
631:   0.0080  0.9210  0.0710  1
632:   0.0170  0.7190  0.2640  1
633:   0.1250  0.3430  0.5320  1
634:   0.0220  0.8610  0.1170  1
635:   0.0120  0.6104  0.3776  1
636:   0.0220  0.2553  0.7227  1
637:   0.0110  0.2160  0.7730  1
638:   0.0450  0.6120  0.3430  1
639:   0.0120  0.0880  0.9000  1
640:   0.0120  0.8130  0.1750  1
641:   0.0150  0.2212  0.7638  1
642:   0.0100  0.7800  0.2100  1
643:   0.0340  0.6370  0.3290  1
644:   0.0780  0.6110  0.3110  1
645:   0.0501  0.8759  0.0741  1
646:   0.0250  0.7670  0.2080  1
647:   0.0070  0.1630  0.8300  1
648:   0.1572  0.5916  0.2513  1
649:   0.0480  0.5620  0.3900  1
650:   0.0070  0.3480  0.6450  1
651:   0.0170  0.5656  0.4174  1
652:   0.0330  0.9141  0.0529  1
653:   0.0110  0.2280  0.7610  1
654:   0.0080  0.4990  0.4930  1
655:   0.0500  0.6280  0.3220  1
656:   0.0190  0.8130  0.1680  1
657:   0.0200  0.9260  0.0540  1
658:   0.0350  0.0620  0.9030  1
659:   0.0160  0.3360  0.6480  1
660:   0.0200  0.7030  0.2770  1
661:   0.0120  0.1110  0.8770  1
662:   0.0380  0.0430  0.9190  1
663:   0.0090  0.9080  0.0830  1
664:   0.0180  0.7810  0.2010  1
665:   0.1040  0.5650  0.3310  1
666:   0.0050  0.6510  0.3440  1
667:   0.0130  0.4860  0.5010  1
668:   0.1220  0.2610  0.6170  1
669:   0.0110  0.7490  0.2400  1
670:   0.0090  0.1850  0.8060  1
671:   0.0621  0.9039  0.0340  1
672:   0.0180  0.7050  0.2770  1
673:   0.0050  0.6000  0.3950  1
674:   0.0410  0.5430  0.4160  1
675:   0.0210  0.8430  0.1360  1
676:   0.0440  0.6720  0.2840  1
677:   0.0070  0.8090  0.1840  1
678:   0.0060  0.8560  0.1380  1
679:   0.0080  0.8820  0.1100  1
680:   0.0380  0.4370  0.5250  1
681:   0.0120  0.6070  0.3810  1
682:   0.0160  0.2452  0.7387  1
683:   0.0720  0.2320  0.6960  1
684:   0.0080  0.1180  0.8740  1
685:   0.1240  0.7220  0.1540  1
686:   0.1740  0.5920  0.2340  1
687:   0.0100  0.9239  0.0661  1
688:   0.0090  0.8619  0.1291  1
689:   0.0390  0.3480  0.6130  1
690:   0.0150  0.7070  0.2780  1
691:   0.1678  0.3317  0.5005  1
692:   0.0430  0.3600  0.5970  1
693:   0.0060  0.5650  0.4290  1
694:   0.0120  0.8102  0.1778  1
695:   0.0080  0.4735  0.5185  1
696:   0.0330  0.5680  0.3990  1
697:   0.0190  0.3300  0.6510  1
698:   0.0250  0.4945  0.4805  1
699:   0.0160  0.5065  0.4775  1
700:   0.0270  0.5780  0.3950  1
701:   0.0120  0.7630  0.2250  1
702:   0.0530  0.6770  0.2700  1
703:   0.0100  0.1310  0.8590  1
704:   0.0270  0.2630  0.7100  1
705:   0.0120  0.4880  0.5000  1
706:   0.0060  0.8920  0.1020  1
707:   0.0210  0.3470  0.6320  1
708:   0.0140  0.5420  0.4440  1
709:   0.0440  0.4670  0.4890  1
710:   0.0800  0.6300  0.2900  1
711:   0.0130  0.5640  0.4230  1
712:   0.0120  0.3150  0.6730  1
713:   0.0090  0.5160  0.4750  1
714:   0.0641  0.4174  0.5185  1
715:   0.2430  0.1940  0.5630  1
716:   0.0160  0.5560  0.4280  1
717:   0.1271  0.7968  0.0761  1
718:   0.0200  0.8232  0.1568  1
719:   0.0170  0.7640  0.2190  1
720:   0.1640  0.5200  0.3160  1
721:   0.0260  0.2713  0.7027  1
722:   0.0180  0.1750  0.8070  1
723:   0.0170  0.3860  0.5970  1
724:   0.0240  0.6663  0.3097  1
725:   0.0070  0.3397  0.6533  1
726:   0.0920  0.4040  0.5040  1
727:   0.0080  0.5085  0.4835  1
728:   0.0170  0.7522  0.2308  1
729:   0.0160  0.2020  0.7820  1
730:   0.0100  0.7540  0.2360  1
731:   0.0110  0.5090  0.4800  1
732:   0.0330  0.5360  0.4310  1
733:   0.0070  0.4314  0.5616  1
734:   0.0150  0.6334  0.3516  1
735:   0.0110  0.9400  0.0490  1
736:   0.0080  0.6380  0.3540  1
737:   0.0340  0.1300  0.8360  1
738:   0.0150  0.4910  0.4940  1
739:   0.0260  0.3380  0.6360  1
740:   0.0470  0.3180  0.6350  1
741:   0.0090  0.3980  0.5930  1
742:   0.1450  0.0370  0.8180  1
743:   0.0180  0.0160  0.9660  1
744:   0.0550  0.0160  0.9290  1
745:   0.0090  0.0090  0.9820  1
746:   0.0370  0.0100  0.9530  1
747:   0.0070  0.0300  0.9630  1
748:   0.1010  0.0420  0.8570  1
749:   0.0120  0.0100  0.9780  1
750:   0.0130  0.0100  0.9770  1
751:   0.0410  0.0150  0.9440  1
752:   0.1818  0.0230  0.7952  1
753:   0.0750  0.0100  0.9150  1
754:   0.1200  0.0140  0.8660  1
755:   0.1179  0.6583  0.2238  1
756:   0.0530  0.5690  0.3780  1
757:   0.0220  0.1420  0.8360  1
758:   0.0220  0.1201  0.8579  1
759:   0.0929  0.7702  0.1369  1
760:   0.3280  0.4680  0.2040  1
761:   0.0760  0.3150  0.6090  1
762:   0.8310  0.0760  0.0930  1
763:   0.0180  0.2960  0.6860  1
764:   0.0170  0.7360  0.2470  1
765:   0.9860  0.0070  0.0070  1
766:   0.0120  0.2970  0.6910  1
767:   0.0230  0.5385  0.4386  1
768:   0.0230  0.2910  0.6860  1
769:   0.0610  0.4560  0.4830  1
770:   0.0260  0.4890  0.4850  1
771:   0.0140  0.8248  0.1612  1
772:   0.0210  0.5190  0.4600  1
773:   0.0210  0.4140  0.5650  1
774:   0.0140  0.4915  0.4945  1
775:   0.9840  0.0080  0.0080  1
776:   0.9570  0.0260  0.0170  1
777:   0.9890  0.0060  0.0050  1
778:   0.1000  0.4480  0.4520  1
779:   0.9790  0.0120  0.0090  1
780:   0.9520  0.0230  0.0250  1
781:   0.9850  0.0080  0.0070  1
782:   0.9880  0.0060  0.0060  1
783:   0.9500  0.0260  0.0240  1
784:   0.9830  0.0070  0.0100  1
785:   0.9770  0.0110  0.0120  1
786:   0.9480  0.0260  0.0260  1
787:   0.9830  0.0090  0.0080  1
788:   0.9840  0.0080  0.0080  1
789:   0.9860  0.0060  0.0080  1
790:   0.9780  0.0100  0.0120  1
791:   0.8830  0.0310  0.0860  1
792:   0.9880  0.0050  0.0070  1
793:   0.9489  0.0320  0.0190  1
794:   0.9460  0.0260  0.0280  1
795:   0.9850  0.0070  0.0080  1
796:   0.9481  0.0330  0.0190  1
797:   0.9810  0.0090  0.0100  1
798:   0.9740  0.0090  0.0170  1
799:   0.9890  0.0050  0.0060  1
800:   0.9780  0.0100  0.0120  1
801:   0.9790  0.0100  0.0110  1
802:   0.9900  0.0050  0.0050  1
803:   0.9800  0.0100  0.0100  1
804:   0.9251  0.0450  0.0300  1
805:   0.9240  0.0520  0.0240  1
806:   0.9700  0.0120  0.0180  1
807:   0.9790  0.0120  0.0090  1
808:   0.9770  0.0120  0.0110  1
809:   0.9441  0.0250  0.0310  1
810:   0.9740  0.0130  0.0130  1
811:   0.9890  0.0050  0.0060  1
812:   0.9900  0.0050  0.0050  1
813:   0.8760  0.0750  0.0490  1
814:   0.9830  0.0080  0.0090  1
815:   0.8809  0.0501  0.0691  1
816:   0.9880  0.0050  0.0070  1
817:   0.9630  0.0130  0.0240  1
818:   0.8749  0.0330  0.0921  1
819:   0.9840  0.0070  0.0090  1
820:   0.9870  0.0060  0.0070  1
821:   0.9860  0.0080  0.0060  1
822:   0.9840  0.0080  0.0080  1
823:   0.9790  0.0120  0.0090  1
824:   0.9760  0.0110  0.0130  1
825:   0.8500  0.0640  0.0860  1
826:   0.9710  0.0090  0.0200  1
827:   0.9870  0.0070  0.0060  1
828:   0.9900  0.0050  0.0050  1
829:   0.9910  0.0040  0.0050  1
830:   0.9890  0.0060  0.0050  1
831:   0.9770  0.0120  0.0110  1
832:   0.9590  0.0170  0.0240  1
833:   0.9810  0.0100  0.0090  1
834:   0.9240  0.0350  0.0410  1
835:   0.9870  0.0060  0.0070  1
836:   0.9690  0.0140  0.0170  1
837:   0.9790  0.0110  0.0100  1
838:   0.8700  0.0890  0.0410  1
839:   0.9700  0.0170  0.0130  1
840:   0.9880  0.0060  0.0060  1
841:   0.0370  0.7167  0.2462  1
842:   0.9620  0.0150  0.0230  1
843:   0.9890  0.0060  0.0050  1
844:   0.9880  0.0060  0.0060  1
845:   0.9810  0.0110  0.0080  1
846:   0.9750  0.0120  0.0130  1
847:   0.9850  0.0080  0.0070  1
848:   0.9800  0.0070  0.0130  1
849:   0.0170  0.5704  0.4126  1
850:   0.1778  0.1349  0.6873  1
851:   0.0300  0.6300  0.3400  1
852:   0.2380  0.4640  0.2980  1
853:   0.0190  0.8470  0.1340  1
854:   0.6180  0.2720  0.1100  1
855:   0.0290  0.3190  0.6520  1
856:   0.0200  0.6270  0.3530  1
857:   0.9650  0.0180  0.0170  1
858:   0.0870  0.3170  0.5960  1
859:   0.9710  0.0160  0.0130  1
860:   0.0160  0.5380  0.4460  1
861:   0.6760  0.1890  0.1350  1
862:   0.0250  0.7410  0.2340  1
863:   0.0190  0.0899  0.8911  1
864:   0.9870  0.0070  0.0060  1
865:   0.2470  0.4820  0.2710  1
866:   0.1000  0.1730  0.7270  1
867:   0.0170  0.4330  0.5500  1
868:   0.0090  0.8350  0.1560  1
869:   0.0100  0.4750  0.5150  1
870:   0.9800  0.0110  0.0090  1
871:   0.0400  0.6590  0.3010  1
872:   0.3450  0.4750  0.1800  1
873:   0.0330  0.4400  0.5270  1
874:   0.0871  0.3293  0.5836  1
875:   0.0731  0.4925  0.4344  1
876:   0.1220  0.6590  0.2190  1
877:   0.0760  0.7220  0.2020  1
878:   0.0260  0.6750  0.2990  1
879:   0.2590  0.4780  0.2630  1
880:   0.0210  0.1520  0.8270  1
881:   0.9880  0.0060  0.0060  1
882:   0.1790  0.6030  0.2180  1
883:   0.3303  0.1231  0.5465  1
884:   0.0370  0.7842  0.1788  1
885:   0.0290  0.3240  0.6470  1
886:   0.0090  0.6980  0.2930  1
887:   0.1940  0.5840  0.2220  1
888:   0.0300  0.7130  0.2570  1
889:   0.0800  0.6250  0.2950  1
890:   0.0140  0.5540  0.4320  1
891:   0.0050  0.7680  0.2270  1
892:   0.9900  0.0050  0.0050  1
893:   0.9370  0.0370  0.0260  1

  1:   0.0080  0.7417  0.2503  1
  2:   0.0070  0.4100  0.5830  1
  3:   0.0110  0.4870  0.5020  1
  4:   0.0070  0.8190  0.1740  1
  5:   0.0780  0.7130  0.2090  1
  6:   0.0220  0.9069  0.0711  1
  7:   0.0090  0.7323  0.2587  1
  8:   0.0050  0.0689  0.9261  1
  9:   0.0100  0.7230  0.2670  1
 10:   0.0750  0.4880  0.4370  1
 11:   0.0100  0.9140  0.0760  1
 12:   0.0050  0.1520  0.8430  1
 13:   0.0080  0.4010  0.5910  1
 14:   0.0110  0.7628  0.2262  1
 15:   0.0140  0.7200  0.2660  1
 16:   0.0080  0.8811  0.1109  1
 17:   0.0290  0.7502  0.2208  1
 18:   0.0140  0.4220  0.5640  1
 19:   0.0120  0.6660  0.3220  1
 20:   0.2810  0.1530  0.5660  1
 21:   0.0550  0.4400  0.5050  1
 22:   0.0060  0.9380  0.0560  1
 23:   0.0140  0.7040  0.2820  1
 24:   0.0720  0.6190  0.3090  1
 25:   0.0360  0.3704  0.5936  1
 26:   0.0060  0.7230  0.2710  1
 27:   0.0090  0.7360  0.2550  1
 28:   0.1720  0.5560  0.2720  1
 29:   0.0530  0.2440  0.7030  1
 30:   0.0040  0.7660  0.2300  1
 31:   0.0090  0.8890  0.1020  1
 32:   0.0060  0.8790  0.1150  1
 33:   0.0060  0.8370  0.1570  1
 34:   0.0220  0.3150  0.6630  1
 35:   0.0110  0.6360  0.3530  1
 36:   0.0070  0.8322  0.1608  1
 37:   0.1070  0.3170  0.5760  1
 38:   0.0090  0.4855  0.5055  1
 39:   0.0110  0.9450  0.0440  1
 40:   0.0180  0.7982  0.1838  1
 41:   0.0140  0.8068  0.1792  1
 42:   0.0180  0.2040  0.7780  1
 43:   0.0120  0.4110  0.5770  1
 44:   0.0390  0.8530  0.1080  1
 45:   0.0050  0.1900  0.8050  1
 46:   0.0140  0.6620  0.3240  1
 47:   0.0470  0.7390  0.2140  1
 48:   0.0550  0.4370  0.5080  1
 49:   0.0190  0.2402  0.7407  1
 50:   0.0080  0.3320  0.6600  1
 51:   0.0060  0.1940  0.8000  1
 52:   0.0060  0.8580  0.1360  1
 53:   0.0060  0.0190  0.9750  1
 54:   0.1209  0.6603  0.2188  1
 55:   0.0130  0.0640  0.9230  1
 56:   0.0190  0.9160  0.0650  1
 57:   0.0090  0.6030  0.3880  1
 58:   0.0330  0.7580  0.2090  1
 59:   0.0070  0.7610  0.2320  1
 60:   0.0170  0.7580  0.2250  1
 61:   0.1952  0.5756  0.2292  1
 62:   0.0080  0.2940  0.6980  1
 63:   0.0160  0.5225  0.4615  1
 64:   0.0070  0.8120  0.1810  1
 65:   0.0110  0.7070  0.2820  1
 66:   0.0110  0.2943  0.6947  1
 67:   0.0710  0.4300  0.4990  1
 68:   0.0220  0.8460  0.1320  1
 69:   0.1300  0.7620  0.1080  1
 70:   0.0230  0.6100  0.3670  1
 71:   0.0320  0.8192  0.1489  1
 72:   0.0140  0.3544  0.6316  1
 73:   0.0100  0.5830  0.4070  1
 74:   0.0090  0.9209  0.0701  1
 75:   0.0080  0.3460  0.6460  1
 76:   0.0090  0.7710  0.2200  1
 77:   0.0260  0.0160  0.9580  1
 78:   0.0470  0.0380  0.9149  1
 79:   0.0160  0.0100  0.9740  1
 80:   0.0060  0.0130  0.9810  1
 81:   0.0070  0.0100  0.9830  1
 82:   0.0140  0.0110  0.9750  1
 83:   0.0440  0.0180  0.9380  1
 84:   0.0140  0.0370  0.9490  1
 85:   0.0130  0.0190  0.9680  1
 86:   0.0130  0.1530  0.8340  1
 87:   0.0090  0.0150  0.9760  1
 88:   0.0230  0.0180  0.9590  1
 89:   0.0590  0.0180  0.9230  1
 90:   0.0130  0.0760  0.9110  1
 91:   0.0240  0.0250  0.9510  1
 92:   0.1139  0.0160  0.8701  1
 93:   0.0100  0.0110  0.9790  1
 94:   0.0240  0.0120  0.9640  1
 95:   0.0320  0.0350  0.9330  1
 96:   0.0070  0.0180  0.9750  1
 97:   0.2610  0.0650  0.6740  1
 98:   0.0180  0.1341  0.8478  1
 99:   0.0070  0.0180  0.9750  1
100:   0.0110  0.0130  0.9760  1
101:   0.0070  0.0200  0.9730  1
102:   0.0460  0.0330  0.9210  1
103:   0.0090  0.8020  0.1890  1
104:   0.0060  0.6394  0.3546  1
105:   0.0270  0.4250  0.5480  1
106:   0.0140  0.4174  0.5686  1
107:   0.0090  0.8550  0.1360  1
108:   0.0210  0.3110  0.6680  1
109:   0.0430  0.5465  0.4104  1
110:   0.0200  0.8170  0.1630  1
111:   0.0080  0.5105  0.4815  1
112:   0.0060  0.4610  0.5330  1
113:   0.0090  0.2883  0.7027  1
114:   0.0090  0.2060  0.7850  1
115:   0.0430  0.8830  0.0740  1
116:   0.0050  0.5710  0.4240  1
117:   0.0090  0.4990  0.4920  1
118:   0.0080  0.8529  0.1391  1
119:   0.0060  0.6230  0.3710  1
120:   0.0060  0.2810  0.7130  1
121:   0.0140  0.4860  0.5000  1
122:   0.0190  0.7070  0.2740  1
123:   0.0150  0.6490  0.3360  1
124:   0.0110  0.5085  0.4805  1
125:   0.0100  0.4700  0.5200  1
126:   0.0180  0.2920  0.6900  1
127:   0.0140  0.3696  0.6164  1
128:   0.0070  0.0330  0.9600  1
129:   0.0150  0.3300  0.6550  1
130:   0.0140  0.6570  0.3290  1
131:   0.0070  0.4330  0.5600  1
132:   0.0040  0.1730  0.8230  1
133:   0.0060  0.1950  0.7990  1
134:   0.0070  0.1351  0.8579  1
135:   0.0500  0.1530  0.7970  1
136:   0.0110  0.1300  0.8590  1
137:   0.0140  0.8860  0.1000  1
138:   0.0090  0.1300  0.8610  1
139:   0.0070  0.6523  0.3407  1
140:   0.0690  0.5880  0.3430  1
141:   0.0080  0.7320  0.2600  1
142:   0.0110  0.8340  0.1550  1
143:   0.0070  0.3730  0.6200  1
144:   0.0070  0.5830  0.4100  1
145:   0.0570  0.8380  0.1050  1
146:   0.0240  0.2740  0.7020  1
147:   0.0220  0.8740  0.1040  1
148:   0.0090  0.0850  0.9060  1
149:   0.0380  0.8200  0.1420  1
150:   0.0790  0.0860  0.8350  1
151:   0.0110  0.3063  0.6827  1
152:   0.2960  0.5090  0.1950  1
153:   0.0460  0.8338  0.1201  1
154:   0.0800  0.7310  0.1890  1
155:   0.0110  0.4040  0.5850  1
156:   0.0290  0.1800  0.7910  1
157:   0.0100  0.2018  0.7882  1
158:   0.0060  0.4530  0.5410  1
159:   0.3110  0.2920  0.3970  1
160:   0.0110  0.7640  0.2250  1
161:   0.0350  0.6126  0.3524  1
162:   0.0160  0.7020  0.2820  1
163:   0.0060  0.7768  0.2172  1
164:   0.0090  0.8010  0.1900  1
165:   0.1371  0.3303  0.5325  1
166:   0.0050  0.0520  0.9430  1
167:   0.0090  0.8360  0.1550  1
168:   0.0170  0.3780  0.6050  1
169:   0.0050  0.6026  0.3924  1
170:   0.0150  0.7200  0.2650  1
171:   0.0330  0.4710  0.4960  1
172:   0.0130  0.8410  0.1460  1
173:   0.0230  0.8270  0.1500  1
174:   0.1340  0.7200  0.1460  1
175:   0.0150  0.9180  0.0670  1
176:   0.0150  0.7040  0.2810  1
177:   0.0060  0.8440  0.1500  1
178:   0.0160  0.7130  0.2710  1
179:   0.0250  0.7417  0.2332  1
180:   0.0060  0.7860  0.2080  1
181:   0.0160  0.3590  0.6250  1
182:   0.0130  0.2400  0.7470  1
183:   0.0220  0.4070  0.5710  1
184:   0.0090  0.5220  0.4690  1
185:   0.0090  0.4394  0.5516  1
186:   0.0040  0.5950  0.4010  1
187:   0.0330  0.7912  0.1758  1
188:   0.0230  0.6360  0.3410  1
189:   0.0130  0.8630  0.1240  1
190:   0.0270  0.8330  0.1400  1
191:   0.0620  0.4210  0.5170  1
192:   0.0740  0.8440  0.0820  1
193:   0.0100  0.4200  0.5700  1
194:   0.0230  0.7550  0.2220  1
195:   0.0340  0.6106  0.3554  1
196:   0.0080  0.0460  0.9460  1
197:   0.0060  0.4370  0.5570  1
198:   0.0120  0.4040  0.5840  1
199:   0.0100  0.6507  0.3393  1
200:   0.0070  0.3620  0.6310  1
201:   0.0869  0.6414  0.2717  1
202:   0.0060  0.1160  0.8780  1
203:   0.0090  0.4010  0.5900  1
204:   0.0140  0.0649  0.9211  1
205:   0.0310  0.1290  0.8400  1
206:   0.0240  0.8078  0.1682  1
207:   0.0070  0.6210  0.3720  1
208:   0.0060  0.0470  0.9471  1
209:   0.0470  0.4790  0.4740  1
210:   0.0110  0.5440  0.4450  1
211:   0.0060  0.2300  0.7640  1
212:   0.0260  0.4344  0.5395  1
213:   0.0160  0.3980  0.5860  1
214:   0.0410  0.4850  0.4740  1
215:   0.0110  0.5770  0.4120  1
216:   0.0150  0.7500  0.2350  1
217:   0.0400  0.6683  0.2917  1
218:   0.0180  0.3710  0.6110  1
219:   0.0040  0.8949  0.1011  1
220:   0.0140  0.0360  0.9500  1
221:   0.0200  0.2440  0.7360  1
222:   0.1140  0.7350  0.1510  1
223:   0.0260  0.8730  0.1010  1
224:   0.0170  0.8420  0.1410  1
225:   0.3060  0.5870  0.1070  1
226:   0.0360  0.2470  0.7170  1
227:   0.0070  0.7620  0.2310  1
228:   0.0080  0.7920  0.2000  1
229:   0.0170  0.5370  0.4460  1
230:   0.0270  0.7832  0.1898  1
231:   0.0090  0.8130  0.1780  1
232:   0.0040  0.8418  0.1542  1
233:   0.0130  0.8098  0.1772  1
234:   0.0290  0.7277  0.2432  1
235:   0.0120  0.5556  0.4324  1
236:   0.0150  0.4940  0.4910  1
237:   0.0270  0.2760  0.6970  1
238:   0.0410  0.3970  0.5620  1
239:   0.0130  0.1880  0.7990  1
240:   0.0170  0.4775  0.5055  1
241:   0.0080  0.6010  0.3910  1
242:   0.0120  0.1940  0.7940  1
243:   0.0160  0.3650  0.6190  1
244:   0.0050  0.7920  0.2030  1
245:   0.0190  0.3040  0.6770  1
246:   0.0060  0.2342  0.7598  1
247:   0.0290  0.8930  0.0780  1
248:   0.0110  0.2070  0.7820  1
249:   0.0110  0.4330  0.5560  1
250:   0.0370  0.4700  0.4930  1
251:   0.0070  0.7420  0.2510  1
252:   0.0380  0.3856  0.5764  1
253:   0.0090  0.0280  0.9630  1
254:   0.0090  0.2580  0.7330  1
255:   0.0060  0.0630  0.9310  1
256:   0.0120  0.8520  0.1360  1
257:   0.0210  0.5125  0.4665  1
258:   0.0060  0.9080  0.0860  1
259:   0.0070  0.7080  0.2850  1
260:   0.0230  0.7690  0.2080  1
261:   0.0080  0.8218  0.1702  1
262:   0.0090  0.5890  0.4020  1
263:   0.1580  0.3330  0.5090  1
264:   0.0370  0.2530  0.7100  1
265:   0.0260  0.8250  0.1490  1
266:   0.0110  0.7043  0.2847  1
267:   0.0130  0.4840  0.5030  1
268:   0.1010  0.4240  0.4750  1
269:   0.0160  0.8150  0.1690  1
270:   0.0080  0.4236  0.5684  1
271:   0.0410  0.2660  0.6930  1
272:   0.0310  0.9379  0.0310  1
273:   0.0290  0.7140  0.2570  1
274:   0.0300  0.6184  0.3516  1
275:   0.0110  0.3770  0.6120  1
276:   0.1161  0.7528  0.1311  1
277:   0.0140  0.9380  0.0480  1
278:   0.0879  0.1399  0.7722  1
279:   0.0340  0.5085  0.4575  1
280:   0.0060  0.4480  0.5460  1
281:   0.0050  0.1230  0.8720  1
282:   0.0619  0.2018  0.7363  1
283:   0.3010  0.3360  0.3630  1
284:   0.0460  0.8190  0.1350  1
285:   0.0220  0.3410  0.6370  1
286:   0.0110  0.2727  0.7163  1
287:   0.0120  0.3530  0.6350  1
288:   0.0180  0.5440  0.4380  1
289:   0.0110  0.7030  0.2860  1
290:   0.0080  0.2410  0.7510  1
291:   0.0210  0.4945  0.4845  1
292:   0.0420  0.7420  0.2160  1
293:   0.0100  0.5890  0.4010  1
294:   0.0991  0.1992  0.7017  1
295:   0.0110  0.6380  0.3510  1
296:   0.0631  0.6186  0.3183  1
297:   0.0890  0.4880  0.4230  1
298:   0.0080  0.2420  0.7500  1
299:   0.0330  0.2070  0.7600  1
300:   0.0230  0.3734  0.6036  1
301:   0.0060  0.2118  0.7822  1
302:   0.0120  0.4555  0.5325  1
303:   0.0720  0.2870  0.6410  1
304:   0.0100  0.9110  0.0790  1
305:   0.0080  0.3410  0.6510  1
306:   0.0100  0.6100  0.3800  1
307:   0.0400  0.4370  0.5230  1
308:   0.0080  0.1240  0.8680  1
309:   0.0580  0.7500  0.1920  1
310:   0.2260  0.4110  0.3630  1
311:   0.0280  0.6330  0.3390  1
312:   0.0350  0.4440  0.5210  1
313:   0.0070  0.8700  0.1230  1
314:   0.0570  0.1570  0.7860  1
315:   0.0110  0.8230  0.1660  1
316:   0.1110  0.5570  0.3320  1
317:   0.0300  0.4080  0.5620  1
318:   0.0200  0.9400  0.0400  1
319:   0.2180  0.5970  0.1850  1
