  1:   0.0230  0.0620  0.8620  0.0060  0.0470  1
  2:   0.0090  0.3430  0.0270  0.0060  0.6150  1
  3:   0.0650  0.3720  0.2470  0.0090  0.3070  1
  4:   0.0120  0.1920  0.4270  0.0060  0.3630  1
  5:   0.0060  0.1050  0.1070  0.0530  0.7290  1
  6:   0.0080  0.0801  0.6146  0.0200  0.2773  1
  7:   0.0060  0.2914  0.0150  0.0080  0.6796  1
  8:   0.0890  0.2190  0.0240  0.0050  0.6630  1
  9:   0.0100  0.2533  0.5355  0.0080  0.1932  1
 10:   0.0590  0.3040  0.3470  0.0710  0.2190  1
 11:   0.0060  0.1510  0.6000  0.0080  0.2350  1
 12:   0.0090  0.3730  0.0550  0.0040  0.5590  1
 13:   0.0150  0.6380  0.0260  0.0070  0.3140  1
 14:   0.0060  0.4945  0.1622  0.0090  0.3283  1
 15:   0.0350  0.1620  0.7030  0.0100  0.0900  1
 16:   0.0060  0.1960  0.4420  0.0070  0.3490  1
 17:   0.0170  0.1290  0.4080  0.0220  0.4240  1
 18:   0.0170  0.2170  0.3150  0.0100  0.4410  1
 19:   0.0620  0.0850  0.7210  0.0100  0.1220  1
 20:   0.0300  0.1380  0.0230  0.2690  0.5400  1
 21:   0.0190  0.2230  0.2920  0.0450  0.4210  1
 22:   0.0050  0.1470  0.7570  0.0050  0.0860  1
 23:   0.0210  0.2160  0.0630  0.0150  0.6850  1
 24:   0.0270  0.0900  0.4300  0.0580  0.3950  1
 25:   0.0430  0.3473  0.2402  0.0330  0.3363  1
 26:   0.0100  0.5740  0.1200  0.0050  0.2910  1
 27:   0.0090  0.1502  0.3854  0.0080  0.4474  1
 28:   0.0420  0.0879  0.4955  0.1618  0.2128  1
 29:   0.0120  0.5846  0.0390  0.0420  0.3223  1
 30:   0.0040  0.7760  0.0780  0.0040  0.1380  1
 31:   0.0060  0.2510  0.3130  0.0080  0.4220  1
 32:   0.0060  0.1120  0.0900  0.0050  0.7870  1
 33:   0.0080  0.0220  0.3984  0.0050  0.5666  1
 34:   0.0380  0.2507  0.4076  0.0170  0.2867  1
 35:   0.0090  0.2810  0.0650  0.0100  0.6350  1
 36:   0.0060  0.0450  0.1660  0.0060  0.7770  1
 37:   0.0120  0.4250  0.1640  0.0940  0.3050  1
 38:   0.0140  0.0920  0.3120  0.0070  0.5750  1
 39:   0.0120  0.0240  0.9309  0.0080  0.0250  1
 40:   0.0050  0.2312  0.3333  0.0170  0.4134  1
 41:   0.0260  0.1299  0.4326  0.0140  0.3976  1
 42:   0.0150  0.2092  0.0691  0.0150  0.6917  1
 43:   0.0670  0.1320  0.3340  0.0100  0.4570  1
 44:   0.0070  0.1900  0.2860  0.0400  0.4770  1
 45:   0.0220  0.6290  0.0530  0.0040  0.2920  1
 46:   0.0100  0.4870  0.0770  0.0120  0.4140  1
 47:   0.0090  0.1451  0.6276  0.0350  0.1832  1
 48:   0.0110  0.2090  0.0850  0.0400  0.6550  1
 49:   0.0780  0.5240  0.1710  0.0190  0.2080  1
 50:   0.0170  0.3133  0.2192  0.0070  0.4434  1
 51:   0.0160  0.3360  0.0350  0.0050  0.6080  1
 52:   0.0040  0.1770  0.0640  0.0050  0.7500  1
 53:   0.0420  0.4200  0.0130  0.0070  0.5180  1
 54:   0.0080  0.1690  0.3790  0.1000  0.3440  1
 55:   0.1948  0.2947  0.0689  0.0140  0.4276  1
 56:   0.0070  0.1800  0.5830  0.0180  0.2120  1
 57:   0.0150  0.3760  0.1220  0.0070  0.4800  1
 58:   0.0080  0.4444  0.2232  0.0290  0.2953  1
 59:   0.0050  0.1190  0.2470  0.0060  0.6230  1
 60:   0.0180  0.4785  0.1361  0.0150  0.3524  1
 61:   0.0120  0.2330  0.3420  0.1940  0.2190  1
 62:   0.0180  0.4110  0.0320  0.0070  0.5320  1
 63:   0.0390  0.1850  0.1730  0.0130  0.5900  1
 64:   0.0110  0.1441  0.5966  0.0060  0.2422  1
 65:   0.0090  0.1289  0.4276  0.0090  0.4256  1
 66:   0.0120  0.3210  0.0340  0.0110  0.6220  1
 67:   0.0200  0.1030  0.1300  0.0560  0.6910  1
 68:   0.0220  0.0660  0.7300  0.0170  0.1650  1
 69:   0.0100  0.0400  0.5814  0.1169  0.2517  1
 70:   0.0080  0.6320  0.0850  0.0180  0.2570  1
 71:   0.0070  0.0790  0.2090  0.0270  0.6780  1
 72:   0.0150  0.2318  0.0599  0.0150  0.6783  1
 73:   0.0320  0.0290  0.8348  0.0080  0.0961  1
 74:   0.0100  0.0790  0.6190  0.0080  0.2840  1
 75:   0.0270  0.1530  0.0390  0.0070  0.7740  1
 76:   0.0080  0.0850  0.1270  0.0080  0.7720  1
 77:   0.9740  0.0060  0.0060  0.0080  0.0060  1
 78:   0.9330  0.0210  0.0170  0.0130  0.0160  1
 79:   0.9670  0.0070  0.0070  0.0120  0.0070  1
 80:   0.9820  0.0050  0.0050  0.0030  0.0050  1
 81:   0.9760  0.0070  0.0060  0.0040  0.0070  1
 82:   0.9680  0.0080  0.0070  0.0070  0.0100  1
 83:   0.9091  0.0230  0.0230  0.0270  0.0180  1
 84:   0.9650  0.0070  0.0140  0.0060  0.0080  1
 85:   0.9570  0.0110  0.0120  0.0090  0.0110  1
 86:   0.8910  0.0220  0.0470  0.0090  0.0310  1
 87:   0.9790  0.0060  0.0060  0.0040  0.0050  1
 88:   0.9730  0.0050  0.0070  0.0090  0.0060  1
 89:   0.9740  0.0060  0.0070  0.0070  0.0060  1
 90:   0.5860  0.1220  0.1160  0.0220  0.1540  1
 91:   0.9730  0.0060  0.0080  0.0070  0.0060  1
 92:   0.9730  0.0060  0.0060  0.0090  0.0060  1
 93:   0.9770  0.0060  0.0060  0.0050  0.0060  1
 94:   0.9790  0.0050  0.0050  0.0060  0.0050  1
 95:   0.9540  0.0110  0.0150  0.0100  0.0100  1
 96:   0.9770  0.0060  0.0060  0.0050  0.0060  1
 97:   0.7180  0.0530  0.0530  0.1310  0.0450  1
 98:   0.3800  0.1920  0.2200  0.0300  0.1780  1
 99:   0.9770  0.0060  0.0070  0.0040  0.0060  1
100:   0.8759  0.0470  0.0240  0.0100  0.0430  1
101:   0.9670  0.0090  0.0100  0.0050  0.0090  1
102:   0.7520  0.0470  0.0420  0.1060  0.0530  1
103:   0.0080  0.1149  0.7293  0.0070  0.1409  1
104:   0.0060  0.2780  0.3710  0.0050  0.3400  1
105:   0.0070  0.4905  0.1762  0.0230  0.3033  1
106:   0.0220  0.5230  0.0620  0.0120  0.3810  1
107:   0.0180  0.1567  0.6198  0.0080  0.1976  1
108:   0.0170  0.4925  0.3303  0.0170  0.1431  1
109:   0.0230  0.1550  0.4360  0.0380  0.3480  1
110:   0.0060  0.2500  0.1470  0.0180  0.5790  1
111:   0.0060  0.5080  0.0670  0.0070  0.4120  1
112:   0.0160  0.1818  0.3616  0.0050  0.4356  1
113:   0.0370  0.2480  0.0790  0.0090  0.6270  1
114:   0.0120  0.4260  0.0250  0.0090  0.5280  1
115:   0.0060  0.2050  0.5610  0.0450  0.1830  1
116:   0.0100  0.2310  0.3330  0.0040  0.4220  1
117:   0.0050  0.8010  0.0340  0.0070  0.1530  1
118:   0.0100  0.1880  0.5350  0.0070  0.2600  1
119:   0.0110  0.3133  0.1131  0.0050  0.5576  1
120:   0.0280  0.7750  0.0580  0.0050  0.1340  1
121:   0.0220  0.4870  0.2410  0.0120  0.2380  1
122:   0.0140  0.4850  0.1860  0.0160  0.2990  1
123:   0.0110  0.4164  0.3604  0.0130  0.1992  1
124:   0.0350  0.2320  0.3890  0.0090  0.3350  1
125:   0.0050  0.3060  0.0530  0.0100  0.6260  1
126:   0.0700  0.3810  0.2190  0.0180  0.3120  1
127:   0.0120  0.4930  0.2150  0.0110  0.2690  1
128:   0.5425  0.2673  0.0571  0.0060  0.1271  1
129:   0.0630  0.4010  0.2440  0.0140  0.2780  1
130:   0.0060  0.3110  0.2520  0.0120  0.4190  1
131:   0.0589  0.3996  0.3506  0.0060  0.1848  1
132:   0.0060  0.4190  0.0170  0.0040  0.5540  1
133:   0.0769  0.5794  0.0609  0.0060  0.2767  1
134:   0.0330  0.1120  0.0420  0.0070  0.8060  1
135:   0.1139  0.5524  0.0729  0.0579  0.2028  1
136:   0.0650  0.4890  0.1280  0.0100  0.3080  1
137:   0.0070  0.0869  0.7612  0.0110  0.1339  1
138:   0.0170  0.4600  0.0510  0.0080  0.4640  1
139:   0.0200  0.1120  0.5950  0.0060  0.2670  1
140:   0.0380  0.3040  0.3310  0.0650  0.2620  1
141:   0.0060  0.2577  0.1578  0.0070  0.5714  1
142:   0.0060  0.7450  0.0550  0.0090  0.1850  1
143:   0.0270  0.2320  0.5410  0.0060  0.1940  1
144:   0.0190  0.2960  0.3690  0.0060  0.3100  1
145:   0.0110  0.1780  0.6150  0.0490  0.1470  1
146:   0.0220  0.3804  0.1922  0.0190  0.3864  1
147:   0.0070  0.1812  0.6777  0.0210  0.1131  1
148:   0.0730  0.2310  0.0600  0.0090  0.6270  1
149:   0.0060  0.2350  0.4990  0.0340  0.2260  1
150:   0.0380  0.5700  0.0410  0.0950  0.2560  1
151:   0.0080  0.3433  0.1081  0.0090  0.5315  1
152:   0.0300  0.0330  0.7120  0.1670  0.0580  1
153:   0.0240  0.0669  0.2877  0.0450  0.5764  1
154:   0.0210  0.0280  0.8028  0.0531  0.0951  1
155:   0.0090  0.1441  0.2422  0.0080  0.5966  1
156:   0.2390  0.1050  0.5060  0.0350  0.1150  1
157:   0.0180  0.2440  0.1310  0.0080  0.5990  1
158:   0.0140  0.2510  0.1980  0.0050  0.5320  1
159:   0.0450  0.2088  0.1988  0.3117  0.2358  1
160:   0.0100  0.3670  0.4820  0.0100  0.1310  1
161:   0.0290  0.2750  0.3860  0.0340  0.2760  1
162:   0.0090  0.4354  0.1381  0.0130  0.4044  1
163:   0.0050  0.6723  0.1658  0.0060  0.1508  1
164:   0.0050  0.5195  0.1548  0.0090  0.3117  1
165:   0.0040  0.1061  0.0230  0.0911  0.7758  1
166:   0.1251  0.5566  0.1171  0.0040  0.1972  1
167:   0.0060  0.0830  0.8210  0.0070  0.0830  1
168:   0.0190  0.5485  0.0711  0.0130  0.3483  1
169:   0.0070  0.3000  0.0660  0.0050  0.6220  1
170:   0.0090  0.4700  0.3220  0.0140  0.1850  1
171:   0.0080  0.3696  0.4176  0.0270  0.1778  1
172:   0.0040  0.2108  0.5764  0.0110  0.1978  1
173:   0.0120  0.5015  0.1169  0.0220  0.3477  1
174:   0.0070  0.0990  0.4830  0.1110  0.3000  1
175:   0.0060  0.1090  0.7620  0.0120  0.1110  1
176:   0.0110  0.2330  0.6140  0.0110  0.1310  1
177:   0.0050  0.5390  0.1270  0.0060  0.3230  1
178:   0.0060  0.2830  0.1730  0.0160  0.5220  1
179:   0.0300  0.1159  0.7562  0.0180  0.0799  1
180:   0.0090  0.5750  0.2730  0.0050  0.1380  1
181:   0.0620  0.6010  0.1600  0.0140  0.1630  1
182:   0.0310  0.7127  0.0731  0.0110  0.1722  1
183:   0.0680  0.0800  0.6360  0.0180  0.1980  1
184:   0.0150  0.2380  0.2510  0.0080  0.4880  1
185:   0.0250  0.3267  0.3716  0.0090  0.2677  1
186:   0.0060  0.8340  0.0610  0.0040  0.0950  1
187:   0.0070  0.3830  0.1940  0.0300  0.3860  1
188:   0.0090  0.4156  0.2208  0.0200  0.3347  1
189:   0.0110  0.4050  0.3130  0.0120  0.2590  1
190:   0.0060  0.4100  0.2570  0.0290  0.2980  1
191:   0.0750  0.3040  0.3560  0.0660  0.1990  1
192:   0.0040  0.0880  0.7560  0.0450  0.1070  1
193:   0.0090  0.2148  0.1229  0.0100  0.6434  1
194:   0.0070  0.4420  0.1040  0.0210  0.4260  1
195:   0.0070  0.5820  0.0890  0.0260  0.2960  1
196:   0.4226  0.1479  0.1329  0.0070  0.2897  1
197:   0.0330  0.3610  0.2090  0.0050  0.3920  1
198:   0.0200  0.1610  0.2720  0.0120  0.5350  1
199:   0.0090  0.6910  0.1820  0.0090  0.1090  1
200:   0.0290  0.2787  0.0979  0.0060  0.5884  1
201:   0.0050  0.2530  0.4430  0.0720  0.2270  1
202:   0.0300  0.2110  0.0590  0.0050  0.6950  1
203:   0.0390  0.7000  0.1450  0.0080  0.1080  1
204:   0.0110  0.4214  0.0180  0.0120  0.5375  1
205:   0.0150  0.2790  0.1400  0.0270  0.5390  1
206:   0.0100  0.3760  0.4080  0.0230  0.1830  1
207:   0.0240  0.5330  0.2900  0.0060  0.1470  1
208:   0.0420  0.5910  0.0350  0.0050  0.3270  1
209:   0.0110  0.1411  0.0881  0.0360  0.7237  1
210:   0.0190  0.4250  0.0910  0.0100  0.4550  1
211:   0.0090  0.5355  0.0430  0.0060  0.4066  1
212:   0.0250  0.4980  0.1950  0.0280  0.2540  1
213:   0.0180  0.1648  0.1479  0.0120  0.6573  1
214:   0.0100  0.3050  0.0600  0.0310  0.5940  1
215:   0.0150  0.2820  0.4600  0.0090  0.2340  1
216:   0.0090  0.0861  0.5646  0.0110  0.3293  1
217:   0.0070  0.5686  0.1291  0.0330  0.2623  1
218:   0.0400  0.2693  0.1812  0.0150  0.4945  1
219:   0.0060  0.6480  0.0710  0.0040  0.2710  1
220:   0.3810  0.2950  0.0280  0.0110  0.2850  1
221:   0.0280  0.4980  0.2460  0.0210  0.2070  1
222:   0.0100  0.1409  0.4416  0.0899  0.3177  1
223:   0.0060  0.1121  0.7417  0.0200  0.1201  1
224:   0.0050  0.4334  0.2663  0.0160  0.2793  1
225:   0.0080  0.0880  0.6040  0.2150  0.0850  1
226:   0.0100  0.6094  0.0949  0.0290  0.2567  1
227:   0.0100  0.2438  0.1009  0.0070  0.6384  1
228:   0.0070  0.2677  0.3776  0.0070  0.3407  1
229:   0.0260  0.4360  0.1200  0.0180  0.4000  1
230:   0.0060  0.5135  0.1149  0.0250  0.3407  1
231:   0.0070  0.6673  0.1768  0.0090  0.1399  1
232:   0.0070  0.2983  0.4444  0.0040  0.2462  1
233:   0.0180  0.6290  0.2040  0.0120  0.1370  1
234:   0.0080  0.4770  0.1840  0.0260  0.3050  1
235:   0.0090  0.2767  0.0789  0.0100  0.6254  1
236:   0.0250  0.4260  0.3120  0.0150  0.2220  1
237:   0.0360  0.4490  0.1950  0.0250  0.2950  1
238:   0.0210  0.2613  0.1532  0.0330  0.5315  1
239:   0.0170  0.4026  0.0629  0.0100  0.5075  1
240:   0.1209  0.1289  0.3866  0.0170  0.3467  1
241:   0.0100  0.5315  0.2348  0.0070  0.2168  1
242:   0.0350  0.3460  0.1300  0.0110  0.4780  1
243:   0.0100  0.6390  0.0250  0.0120  0.3140  1
244:   0.0190  0.2773  0.5716  0.0040  0.1281  1
245:   0.0140  0.0531  0.0430  0.0140  0.8759  1
246:   0.0620  0.1970  0.5380  0.0060  0.1970  1
247:   0.0050  0.0810  0.3050  0.0300  0.5790  1
248:   0.0210  0.5220  0.0470  0.0100  0.4000  1
249:   0.0060  0.2747  0.2308  0.0100  0.4785  1
250:   0.0120  0.6983  0.1329  0.0340  0.1229  1
251:   0.0250  0.2130  0.5820  0.0060  0.1740  1
252:   0.0350  0.2580  0.1650  0.0330  0.5090  1
253:   0.0600  0.6060  0.0190  0.0090  0.3060  1
254:   0.0100  0.5604  0.0410  0.0080  0.3806  1
255:   0.0600  0.5250  0.0330  0.0060  0.3760  1
256:   0.0040  0.4094  0.4284  0.0100  0.1481  1
257:   0.0260  0.5710  0.1290  0.0170  0.2570  1
258:   0.0050  0.0850  0.6170  0.0060  0.2870  1
259:   0.0080  0.4444  0.1081  0.0060  0.4334  1
260:   0.0090  0.3920  0.1980  0.0210  0.3800  1
261:   0.0110  0.3460  0.0980  0.0070  0.5380  1
262:   0.0070  0.1430  0.0850  0.0070  0.7580  1
263:   0.0100  0.4430  0.0190  0.1410  0.3870  1
264:   0.0130  0.1570  0.0150  0.0270  0.7880  1
265:   0.0130  0.0440  0.1890  0.0240  0.7300  1
266:   0.0240  0.2040  0.1980  0.0090  0.5650  1
267:   0.1281  0.1281  0.2472  0.0110  0.4855  1
268:   0.3370  0.0850  0.2750  0.0640  0.2390  1
269:   0.0190  0.0410  0.8450  0.0120  0.0830  1
270:   0.0280  0.2710  0.3280  0.0070  0.3660  1
271:   0.0519  0.3067  0.0789  0.0330  0.5295  1
272:   0.0070  0.0380  0.8920  0.0210  0.0420  1
273:   0.0050  0.3303  0.2032  0.0250  0.4364  1
274:   0.0290  0.2810  0.3650  0.0260  0.2990  1
275:   0.0280  0.3890  0.1130  0.0100  0.4600  1
276:   0.0090  0.1263  0.6523  0.0952  0.1172  1
277:   0.0060  0.3920  0.3180  0.0140  0.2700  1
278:   0.0941  0.2783  0.1241  0.0921  0.4114  1
279:   0.0240  0.1380  0.4870  0.0260  0.3250  1
280:   0.0150  0.6014  0.2118  0.0060  0.1658  1
281:   0.0390  0.2833  0.0440  0.0040  0.6296  1
282:   0.0120  0.2970  0.3090  0.0580  0.3240  1
283:   0.0160  0.3686  0.1009  0.2707  0.2438  1
284:   0.0080  0.3153  0.3794  0.0470  0.2503  1
285:   0.0490  0.1868  0.0330  0.0180  0.7133  1
286:   0.0120  0.7782  0.0509  0.0100  0.1489  1
287:   0.0701  0.6026  0.1191  0.0120  0.1962  1
288:   0.0210  0.5015  0.2513  0.0160  0.2102  1
289:   0.0050  0.4560  0.0410  0.0100  0.4880  1
290:   0.0250  0.4380  0.1190  0.0080  0.4100  1
291:   0.0220  0.5110  0.1450  0.0190  0.3030  1
292:   0.0210  0.1230  0.5920  0.0340  0.2300  1
293:   0.0120  0.1210  0.7850  0.0080  0.0740  1
294:   0.1810  0.4640  0.0640  0.0980  0.1930  1
295:   0.0290  0.2080  0.6720  0.0090  0.0820  1
296:   0.0080  0.2320  0.4410  0.0480  0.2710  1
297:   0.0110  0.3370  0.2380  0.0720  0.3420  1
298:   0.0120  0.5970  0.0240  0.0080  0.3590  1
299:   0.0240  0.3670  0.0900  0.0310  0.4880  1
300:   0.0120  0.1081  0.3363  0.0180  0.5255  1
301:   0.1101  0.6557  0.0821  0.0050  0.1471  1
302:   0.0060  0.7998  0.0310  0.0110  0.1522  1
303:   0.0070  0.5380  0.0240  0.0790  0.3520  1
304:   0.0050  0.4260  0.2520  0.0110  0.3060  1
305:   0.0310  0.3260  0.3250  0.0080  0.3100  1
306:   0.0090  0.2260  0.2960  0.0100  0.4590  1
307:   0.0180  0.2610  0.2740  0.0310  0.4160  1
308:   0.0200  0.4136  0.1379  0.0080  0.4206  1
309:   0.0090  0.1440  0.6000  0.0450  0.2020  1
310:   0.0090  0.2680  0.1730  0.1520  0.3980  1
311:   0.0070  0.2010  0.5060  0.0220  0.2640  1
312:   0.0970  0.4000  0.2760  0.0370  0.1900  1
313:   0.0060  0.4026  0.2837  0.0060  0.3017  1
314:   0.1020  0.1600  0.4570  0.0530  0.2280  1
315:   0.0110  0.0390  0.7902  0.0080  0.1518  1
316:   0.0090  0.2430  0.2630  0.0890  0.3960  1
317:   0.0240  0.5445  0.1538  0.0320  0.2458  1
318:   0.0050  0.0511  0.8338  0.0150  0.0951  1
319:   0.0080  0.3080  0.2200  0.2170  0.2470  1
320:   0.2843  0.2973  0.1762  0.0781  0.1642  1
321:   0.0120  0.1748  0.1718  0.0060  0.6354  1
322:   0.0370  0.2910  0.5060  0.0160  0.1500  1
323:   0.0270  0.6827  0.0440  0.0130  0.2332  1
324:   0.0080  0.3010  0.1680  0.0070  0.5160  1
325:   0.0280  0.0699  0.7722  0.0220  0.1079  1
326:   0.0040  0.5840  0.0480  0.0080  0.3560  1
327:   0.0110  0.4194  0.3243  0.0060  0.2392  1
328:   0.0380  0.4580  0.1250  0.0180  0.3610  1
329:   0.0270  0.6166  0.1011  0.0180  0.2372  1
330:   0.0260  0.5766  0.2543  0.0040  0.1391  1
331:   0.0120  0.0430  0.8780  0.0050  0.0620  1
332:   0.0040  0.5475  0.1502  0.0100  0.2883  1
333:   0.0090  0.6503  0.0400  0.0120  0.2887  1
334:   0.0320  0.0760  0.3020  0.0060  0.5840  1
335:   0.0559  0.2677  0.1988  0.0090  0.4685  1
336:   0.0150  0.0130  0.9440  0.0070  0.0210  1
337:   0.0160  0.0530  0.7590  0.0330  0.1390  1
338:   0.1271  0.0210  0.8198  0.0080  0.0240  1
339:   0.0050  0.0080  0.9710  0.0070  0.0090  1
340:   0.0060  0.0130  0.9360  0.0320  0.0130  1
341:   0.0100  0.3210  0.1750  0.0070  0.4870  1
342:   0.0060  0.0080  0.9720  0.0060  0.0080  1
343:   0.0260  0.0140  0.9349  0.0070  0.0180  1
344:   0.0130  0.0150  0.9481  0.0120  0.0120  1
345:   0.0060  0.0080  0.9680  0.0100  0.0080  1
346:   0.0080  0.0120  0.9540  0.0140  0.0120  1
347:   0.0090  0.0150  0.9451  0.0100  0.0210  1
348:   0.0739  0.0400  0.8032  0.0250  0.0579  1
349:   0.0100  0.0070  0.9700  0.0060  0.0070  1
350:   0.1040  0.0170  0.8480  0.0080  0.0230  1
351:   0.0070  0.0140  0.9130  0.0540  0.0120  1
352:   0.0120  0.4990  0.2610  0.0060  0.2220  1
353:   0.0090  0.0170  0.9380  0.0200  0.0160  1
354:   0.0080  0.0150  0.9440  0.0180  0.0150  1
355:   0.0120  0.0200  0.9300  0.0190  0.0190  1
356:   0.0220  0.1940  0.1120  0.0090  0.6630  1
357:   0.0140  0.1978  0.5375  0.1558  0.0949  1
358:   0.0340  0.4740  0.2330  0.0130  0.2460  1
359:   0.0090  0.2880  0.0920  0.0240  0.5870  1
360:   0.0370  0.1240  0.6430  0.0490  0.1470  1
361:   0.0170  0.2120  0.4790  0.0980  0.1940  1
362:   0.0300  0.6420  0.0470  0.0050  0.2760  1
363:   0.0060  0.0730  0.8210  0.0060  0.0940  1
364:   0.0060  0.2680  0.1070  0.0070  0.6120  1
365:   0.0090  0.0340  0.8669  0.0070  0.0831  1
366:   0.0070  0.0801  0.7938  0.0050  0.1141  1
367:   0.0310  0.4540  0.1390  0.0150  0.3610  1
368:   0.0130  0.5760  0.1200  0.0110  0.2800  1
369:   0.0110  0.1190  0.7270  0.0050  0.1380  1
370:   0.0060  0.1320  0.7060  0.0410  0.1150  1
371:   0.0100  0.3060  0.4820  0.0560  0.1460  1
372:   0.0090  0.0430  0.7013  0.0470  0.1998  1
373:   0.0110  0.5870  0.1250  0.0180  0.2590  1
374:   0.1491  0.2753  0.3003  0.0561  0.2192  1
375:   0.0040  0.0950  0.4510  0.0240  0.4260  1
376:   0.0110  0.2080  0.4890  0.0150  0.2770  1
377:   0.0130  0.4126  0.0999  0.0120  0.4625  1
378:   0.0230  0.2152  0.6937  0.0090  0.0591  1
379:   0.0080  0.3277  0.2348  0.0130  0.4166  1
380:   0.0070  0.4196  0.0400  0.0160  0.5175  1
381:   0.0170  0.1091  0.6727  0.0110  0.1902  1
382:   0.0070  0.1520  0.0720  0.0250  0.7440  1
383:   0.0611  0.2933  0.1982  0.0160  0.4314  1
384:   0.0120  0.4116  0.2667  0.0130  0.2967  1
385:   0.0030  0.1880  0.1740  0.0050  0.6300  1
386:   0.0370  0.3716  0.3996  0.0100  0.1818  1
387:   0.0050  0.1830  0.6550  0.0080  0.1490  1
388:   0.0180  0.5080  0.2010  0.0130  0.2600  1
389:   0.0240  0.2673  0.1632  0.0070  0.5385  1
390:   0.0320  0.0990  0.7570  0.0040  0.1080  1
391:   0.0090  0.2810  0.3470  0.0070  0.3560  1
392:   0.0040  0.7980  0.0580  0.0160  0.1240  1
393:   0.0310  0.1491  0.3584  0.0070  0.4545  1
394:   0.0060  0.6957  0.0440  0.0070  0.2472  1
395:   0.0070  0.7600  0.0280  0.0060  0.1990  1
396:   0.0110  0.3160  0.1640  0.0060  0.5030  1
397:   0.0090  0.6570  0.0790  0.0080  0.2470  1
398:   0.4950  0.1910  0.1430  0.0260  0.1450  1
399:   0.0170  0.1890  0.1800  0.0120  0.6020  1
400:   0.0230  0.3323  0.0918  0.0339  0.5190  1
401:   0.0140  0.6424  0.1528  0.0090  0.1818  1
402:   0.0070  0.6080  0.0580  0.0170  0.3100  1
403:   0.0130  0.1592  0.5285  0.0060  0.2933  1
404:   0.0060  0.5135  0.1902  0.0240  0.2663  1
405:   0.0520  0.2690  0.5260  0.0110  0.1420  1
406:   0.0090  0.2448  0.3047  0.0500  0.3916  1
407:   0.0090  0.2190  0.1030  0.0140  0.6550  1
408:   0.0110  0.5866  0.1001  0.0080  0.2943  1
409:   0.0110  0.1980  0.3260  0.0190  0.4460  1
410:   0.0160  0.3880  0.0500  0.0100  0.5360  1
411:   0.0080  0.3070  0.2900  0.0340  0.3610  1
412:   0.0090  0.2242  0.1842  0.0160  0.5666  1
413:   0.0100  0.5730  0.0970  0.0060  0.3140  1
414:   0.0070  0.5816  0.2392  0.0190  0.1532  1
415:   0.0480  0.2960  0.1730  0.0070  0.4760  1
416:   0.0080  0.6476  0.0501  0.0100  0.2843  1
417:   0.0320  0.3904  0.2212  0.0150  0.3413  1
418:   0.0270  0.1810  0.4270  0.0060  0.3590  1
419:   0.0490  0.3840  0.3230  0.0120  0.2320  1
420:   0.2008  0.5415  0.0410  0.0080  0.2088  1
421:   0.0571  0.2683  0.1572  0.0100  0.5075  1
422:   0.0719  0.1688  0.5095  0.1199  0.1299  1
423:   0.0050  0.4336  0.2198  0.0180  0.3237  1
424:   0.0120  0.5140  0.1370  0.0170  0.3200  1
425:   0.0060  0.3430  0.4510  0.0080  0.1920  1
426:   0.0080  0.1808  0.6254  0.0400  0.1459  1
427:   0.0100  0.4750  0.0660  0.0050  0.4440  1
428:   0.0100  0.4990  0.2460  0.0060  0.2390  1
429:   0.0050  0.1190  0.0440  0.0150  0.8170  1
430:   0.0160  0.1240  0.2960  0.3610  0.2030  1
431:   0.0090  0.5185  0.0320  0.0070  0.4334  1
432:   0.0070  0.2450  0.5490  0.0090  0.1900  1
433:   0.0070  0.1050  0.5670  0.0240  0.2970  1
434:   0.0140  0.3676  0.0709  0.0090  0.5385  1
435:   0.0170  0.5360  0.0450  0.0110  0.3910  1
436:   0.0689  0.4845  0.0300  0.0100  0.4066  1
437:   0.0829  0.1888  0.1718  0.2288  0.3277  1
438:   0.0060  0.1598  0.1089  0.0450  0.6803  1
439:   0.0100  0.0880  0.7750  0.0140  0.1130  1
440:   0.0280  0.1220  0.7120  0.0050  0.1330  1
441:   0.0210  0.3103  0.0280  0.0571  0.5836  1
442:   0.0340  0.2480  0.0750  0.2260  0.4170  1
443:   0.0090  0.0300  0.7477  0.0180  0.1952  1
444:   0.0220  0.1039  0.4585  0.0150  0.4006  1
445:   0.0070  0.1150  0.6300  0.0090  0.2390  1
446:   0.0150  0.2000  0.6570  0.0130  0.1150  1
447:   0.0270  0.2910  0.4700  0.0100  0.2020  1
448:   0.0920  0.0830  0.7180  0.0550  0.0520  1
449:   0.0270  0.7110  0.1380  0.0100  0.1140  1
450:   0.0230  0.0521  0.8158  0.0711  0.0380  1
451:   0.0650  0.1990  0.6040  0.0050  0.1270  1
452:   0.0090  0.2420  0.0650  0.0170  0.6670  1
453:   0.0430  0.6364  0.0699  0.0120  0.2388  1
454:   0.0180  0.2380  0.1930  0.0580  0.4930  1
455:   0.0050  0.4795  0.1179  0.0110  0.3866  1
456:   0.0090  0.3477  0.1808  0.0150  0.4476  1
457:   0.0110  0.2110  0.0260  0.0060  0.7460  1
458:   0.0120  0.0830  0.7260  0.0140  0.1650  1
459:   0.0170  0.2298  0.4875  0.0410  0.2248  1
460:   0.0190  0.7070  0.0390  0.0630  0.1720  1
461:   0.0589  0.4505  0.1538  0.0440  0.2927  1
462:   0.0100  0.7250  0.1010  0.0080  0.1560  1
463:   0.0240  0.1040  0.7130  0.0310  0.1280  1
464:   0.0430  0.6720  0.0720  0.0130  0.2000  1
465:   0.0140  0.1420  0.6140  0.0570  0.1730  1
466:   0.0450  0.1299  0.6144  0.1249  0.0859  1
467:   0.0160  0.4590  0.1670  0.0160  0.3420  1
468:   0.0090  0.2472  0.6016  0.0070  0.1351  1
469:   0.0090  0.4340  0.2790  0.0080  0.2700  1
470:   0.0100  0.5516  0.1081  0.0541  0.2763  1
471:   0.0060  0.7110  0.0250  0.0060  0.2520  1
472:   0.0180  0.6270  0.0230  0.0370  0.2950  1
473:   0.0110  0.2180  0.0820  0.0170  0.6720  1
474:   0.0050  0.5350  0.0860  0.0070  0.3670  1
475:   0.0070  0.5850  0.0320  0.0050  0.3710  1
476:   0.0140  0.3626  0.1149  0.0060  0.5025  1
477:   0.0100  0.2867  0.3776  0.0569  0.2687  1
478:   0.0110  0.2180  0.4770  0.0790  0.2150  1
479:   0.1189  0.6953  0.0639  0.0070  0.1149  1
480:   0.0240  0.5460  0.1450  0.0090  0.2760  1
481:   0.0190  0.2977  0.1139  0.0120  0.5574  1
482:   0.0090  0.1540  0.7130  0.0050  0.1190  1
483:   0.0090  0.2072  0.0751  0.0170  0.6917  1
484:   0.1071  0.3984  0.2583  0.0060  0.2302  1
485:   0.0681  0.0501  0.3163  0.4935  0.0721  1
486:   0.0510  0.1090  0.4750  0.0080  0.3570  1
487:   0.0080  0.5225  0.2488  0.0090  0.2118  1
488:   0.0581  0.4595  0.2492  0.0240  0.2092  1
489:   0.0380  0.3490  0.2910  0.0080  0.3140  1
490:   0.0140  0.0600  0.8630  0.0110  0.0520  1
491:   0.0090  0.5654  0.2428  0.0070  0.1758  1
492:   0.0090  0.4300  0.1810  0.0160  0.3640  1
493:   0.0090  0.2310  0.4350  0.0040  0.3210  1
494:   0.0070  0.3330  0.0900  0.0090  0.5610  1
495:   0.0160  0.3646  0.1119  0.0220  0.4855  1
496:   0.0150  0.2620  0.1340  0.1010  0.4880  1
497:   0.0100  0.4030  0.4570  0.0090  0.1210  1
498:   0.0150  0.2967  0.1568  0.0120  0.5195  1
499:   0.0110  0.5110  0.0670  0.0060  0.4050  1
500:   0.0070  0.6743  0.0370  0.0090  0.2727  1
501:   0.0080  0.3120  0.3220  0.0130  0.3450  1
502:   0.0968  0.4681  0.0439  0.0499  0.3413  1
503:   0.0040  0.7107  0.0951  0.0070  0.1832  1
504:   0.0180  0.2880  0.5400  0.0080  0.1460  1
505:   0.0060  0.0859  0.5125  0.0899  0.3057  1
506:   0.0501  0.4114  0.2072  0.0230  0.3083  1
507:   0.0330  0.1280  0.4430  0.1040  0.2920  1
508:   0.0080  0.5750  0.0750  0.0100  0.3320  1
509:   0.0080  0.1121  0.0350  0.0040  0.8408  1
510:   0.0500  0.4880  0.1520  0.0060  0.3040  1
511:   0.0320  0.2350  0.4530  0.0100  0.2700  1
512:   0.0080  0.2482  0.5586  0.0090  0.1762  1
513:   0.0080  0.3440  0.2680  0.0130  0.3670  1
514:   0.0100  0.4685  0.3187  0.0210  0.1818  1
515:   0.0110  0.5960  0.1200  0.0050  0.2680  1
516:   0.0060  0.6677  0.1562  0.0310  0.1391  1
517:   0.0040  0.6050  0.2610  0.0300  0.1000  1
518:   0.0140  0.2402  0.2232  0.1842  0.3383  1
519:   0.1802  0.2813  0.3173  0.0470  0.1742  1
520:   0.0140  0.3180  0.1600  0.0140  0.4940  1
521:   0.0420  0.4410  0.3550  0.0070  0.1550  1
522:   0.5996  0.1171  0.1281  0.0110  0.1441  1
523:   0.0100  0.3706  0.1568  0.0210  0.4416  1
524:   0.0060  0.3516  0.2757  0.0050  0.3616  1
525:   0.0050  0.6550  0.0700  0.0110  0.2590  1
526:   0.0120  0.1450  0.7720  0.0140  0.0570  1
527:   0.0210  0.5740  0.0300  0.0080  0.3670  1
528:   0.0040  0.8128  0.0531  0.0080  0.1221  1
529:   0.2950  0.5370  0.0290  0.0150  0.1240  1
530:   0.0230  0.0771  0.7007  0.0450  0.1542  1
531:   0.0400  0.4480  0.2620  0.0080  0.2420  1
532:   0.1390  0.3030  0.2580  0.0150  0.2850  1
533:   0.0170  0.4875  0.2148  0.0130  0.2677  1
534:   0.0110  0.3160  0.4640  0.0490  0.1600  1
535:   0.0090  0.2450  0.3990  0.0160  0.3310  1
536:   0.0250  0.4010  0.0920  0.0130  0.4690  1
537:   0.0310  0.2110  0.4900  0.0400  0.2280  1
538:   0.0060  0.2750  0.1680  0.0040  0.5470  1
539:   0.0050  0.2600  0.5640  0.0140  0.1570  1
540:   0.0160  0.4136  0.1648  0.0100  0.3956  1
541:   0.0870  0.6460  0.0650  0.0110  0.1910  1
542:   0.0480  0.1080  0.7160  0.0090  0.1190  1
543:   0.0120  0.2352  0.0701  0.0040  0.6787  1
544:   0.0520  0.0700  0.7410  0.0380  0.0990  1
545:   0.0210  0.0670  0.8030  0.0310  0.0780  1
546:   0.0110  0.4114  0.1131  0.0180  0.4464  1
547:   0.0190  0.5950  0.1310  0.0080  0.2470  1
548:   0.0180  0.2490  0.5100  0.0060  0.2170  1
549:   0.0150  0.1580  0.7580  0.0190  0.0500  1
550:   0.0050  0.3866  0.1948  0.0060  0.4076  1
551:   0.0629  0.1608  0.2098  0.0070  0.5594  1
552:   0.0080  0.7900  0.0950  0.0040  0.1030  1
553:   0.0090  0.7280  0.0960  0.0260  0.1410  1
554:   0.0150  0.3570  0.1600  0.0390  0.4290  1
555:   0.0090  0.4060  0.2650  0.0270  0.2930  1
556:   0.0150  0.2797  0.5954  0.0190  0.0909  1
557:   0.0120  0.7170  0.0960  0.0100  0.1650  1
558:   0.0100  0.6530  0.1240  0.0070  0.2060  1
559:   0.0060  0.1139  0.0969  0.0370  0.7463  1
560:   0.0060  0.1520  0.6830  0.0170  0.1420  1
561:   0.0100  0.1201  0.6537  0.0120  0.2042  1
562:   0.0060  0.5504  0.0869  0.0110  0.3457  1
563:   0.0080  0.3350  0.4080  0.0070  0.2420  1
564:   0.0070  0.2980  0.0870  0.2630  0.3450  1
565:   0.0230  0.6066  0.1241  0.0090  0.2372  1
566:   0.0310  0.4230  0.0810  0.0220  0.4430  1
567:   0.0870  0.4350  0.0750  0.0090  0.3940  1
568:   0.0190  0.4550  0.0300  0.0360  0.4600  1
569:   0.0090  0.4900  0.1860  0.0050  0.3100  1
570:   0.0140  0.5570  0.0610  0.0070  0.3610  1
571:   0.0650  0.3070  0.0710  0.0080  0.5490  1
572:   0.0120  0.7207  0.0721  0.0090  0.1862  1
573:   0.0110  0.1341  0.4034  0.1872  0.2643  1
574:   0.0200  0.3470  0.1980  0.0280  0.4070  1
575:   0.0060  0.4350  0.3130  0.0180  0.2280  1
576:   0.0070  0.6857  0.1491  0.0450  0.1131  1
577:   0.0160  0.3323  0.3764  0.0601  0.2152  1
578:   0.0270  0.5070  0.0640  0.2500  0.1520  1
579:   0.0070  0.1918  0.4126  0.0250  0.3636  1
580:   0.0400  0.6893  0.0220  0.0080  0.2408  1
581:   0.0040  0.7982  0.0599  0.0070  0.1309  1
582:   0.0410  0.2210  0.3450  0.1070  0.2860  1
583:   0.0781  0.2312  0.4244  0.1201  0.1461  1
584:   0.0120  0.4650  0.3190  0.0170  0.1870  1
585:   0.1180  0.1900  0.5880  0.0170  0.0870  1
586:   0.0160  0.2458  0.4066  0.0120  0.3197  1
587:   0.0060  0.3560  0.4290  0.0110  0.1980  1
588:   0.0200  0.3430  0.1110  0.0270  0.4990  1
589:   0.0180  0.1570  0.0250  0.0410  0.7590  1
590:   0.0150  0.0640  0.6170  0.0160  0.2880  1
591:   0.0720  0.5220  0.0310  0.0060  0.3690  1
592:   0.0080  0.0599  0.1608  0.0170  0.7542  1
593:   0.0060  0.6937  0.0360  0.0160  0.2482  1
594:   0.0070  0.2030  0.4500  0.0270  0.3130  1
595:   0.7440  0.0930  0.0800  0.0150  0.0680  1
596:   0.0270  0.3213  0.1441  0.0150  0.4925  1
597:   0.0340  0.4610  0.3070  0.0200  0.1780  1
598:   0.0050  0.1770  0.7680  0.0060  0.0440  1
599:   0.0230  0.1400  0.4000  0.0480  0.3890  1
600:   0.0661  0.1802  0.5055  0.0440  0.2042  1
601:   0.0060  0.1010  0.6680  0.0970  0.1280  1
602:   0.0160  0.1690  0.3470  0.0580  0.4100  1
603:   0.0490  0.5580  0.1650  0.0120  0.2160  1
604:   0.0230  0.6450  0.0180  0.0110  0.3030  1
605:   0.0180  0.3950  0.1640  0.0080  0.4150  1
606:   0.0380  0.3680  0.2100  0.0190  0.3650  1
607:   0.0080  0.4790  0.0820  0.0240  0.4070  1
608:   0.0110  0.1071  0.3694  0.0080  0.5045  1
609:   0.0080  0.1762  0.4394  0.0090  0.3674  1
610:   0.0200  0.2120  0.2820  0.0370  0.4490  1
611:   0.0090  0.6080  0.0210  0.0060  0.3560  1
612:   0.0070  0.2880  0.4040  0.0330  0.2680  1
613:   0.0230  0.1582  0.2132  0.0270  0.5786  1
614:   0.0090  0.5220  0.2240  0.0060  0.2390  1
615:   0.0110  0.5210  0.2360  0.0230  0.2090  1
616:   0.0090  0.2840  0.3740  0.0130  0.3200  1
617:   0.0150  0.3310  0.0820  0.0110  0.5610  1
618:   0.0160  0.4800  0.3110  0.0140  0.1790  1
619:   0.1790  0.4320  0.1550  0.0320  0.2020  1
620:   0.0160  0.1530  0.7430  0.0080  0.0800  1
621:   0.0050  0.3170  0.4970  0.0770  0.1040  1
622:   0.0080  0.0870  0.8190  0.0140  0.0720  1
623:   0.0040  0.5345  0.0440  0.0020  0.4154  1
624:   0.0140  0.1588  0.6434  0.0200  0.1638  1
625:   0.0120  0.5500  0.1400  0.0070  0.2910  1
626:   0.5530  0.1890  0.0510  0.0050  0.2020  1
627:   0.0040  0.6300  0.1220  0.0430  0.2010  1
628:   0.0120  0.6420  0.1910  0.0080  0.1470  1
629:   0.1379  0.6044  0.0579  0.0240  0.1758  1
630:   0.0080  0.3310  0.2960  0.0060  0.3590  1
631:   0.0100  0.4680  0.2110  0.0080  0.3030  1
632:   0.0170  0.0820  0.7940  0.0110  0.0960  1
633:   0.0170  0.3680  0.0610  0.1020  0.4520  1
634:   0.0070  0.2963  0.4865  0.0200  0.1902  1
635:   0.0140  0.5280  0.1710  0.0100  0.2770  1
636:   0.2030  0.1540  0.5120  0.0200  0.1110  1
637:   0.0240  0.4530  0.2010  0.0100  0.3120  1
638:   0.0200  0.2302  0.5315  0.0390  0.1792  1
639:   0.0160  0.8122  0.0270  0.0110  0.1339  1
640:   0.0180  0.2507  0.5664  0.0110  0.1538  1
641:   0.0080  0.2420  0.0850  0.0110  0.6540  1
642:   0.0110  0.4204  0.3433  0.0090  0.2162  1
643:   0.0130  0.2787  0.2807  0.0290  0.3986  1
644:   0.0160  0.2060  0.4340  0.0700  0.2740  1
645:   0.0060  0.2010  0.4300  0.0560  0.3070  1
646:   0.0180  0.2198  0.6044  0.0180  0.1399  1
647:   0.0130  0.7900  0.0220  0.0060  0.1690  1
648:   0.0140  0.0690  0.6960  0.1000  0.1210  1
649:   0.0070  0.6710  0.0640  0.0370  0.2210  1
650:   0.0220  0.5290  0.2080  0.0060  0.2350  1
651:   0.0150  0.0530  0.8490  0.0110  0.0720  1
652:   0.0060  0.1140  0.5310  0.0310  0.3180  1
653:   0.0150  0.2820  0.3370  0.0100  0.3560  1
654:   0.0110  0.4540  0.2930  0.0070  0.2350  1
655:   0.0130  0.3530  0.4650  0.0410  0.1280  1
656:   0.0090  0.2130  0.6170  0.0160  0.1450  1
657:   0.0070  0.0670  0.7200  0.0180  0.1880  1
658:   0.0340  0.3130  0.1730  0.0340  0.4460  1
659:   0.0160  0.3744  0.1451  0.0120  0.4525  1
660:   0.0120  0.0900  0.8100  0.0160  0.0720  1
661:   0.0450  0.7090  0.0490  0.0110  0.1860  1
662:   0.4870  0.1710  0.0700  0.0630  0.2090  1
663:   0.0110  0.0650  0.8600  0.0060  0.0580  1
664:   0.0060  0.5420  0.1610  0.0160  0.2750  1
665:   0.0260  0.1960  0.4680  0.0760  0.2340  1
666:   0.0260  0.2192  0.6176  0.0040  0.1331  1
667:   0.0110  0.6907  0.1081  0.0100  0.1802  1
668:   0.0400  0.2880  0.3010  0.1220  0.2490  1
669:   0.0040  0.2870  0.4790  0.0080  0.2220  1
670:   0.0350  0.2182  0.1532  0.0080  0.5856  1
671:   0.0040  0.0480  0.6860  0.0530  0.2090  1
672:   0.0060  0.1330  0.6210  0.0120  0.2280  1
673:   0.0060  0.2460  0.2990  0.0040  0.4450  1
674:   0.0820  0.1290  0.6800  0.0270  0.0820  1
675:   0.0100  0.0640  0.7660  0.0170  0.1430  1
676:   0.0110  0.1480  0.5550  0.0350  0.2510  1
677:   0.0060  0.5180  0.3590  0.0060  0.1110  1
678:   0.0060  0.6260  0.1790  0.0060  0.1830  1
679:   0.0070  0.0509  0.8731  0.0060  0.0629  1
680:   0.0310  0.2597  0.2757  0.0330  0.4006  1
681:   0.0170  0.1980  0.4820  0.0100  0.2930  1
682:   0.1019  0.5804  0.0629  0.0140  0.2408  1
683:   0.0200  0.5425  0.1938  0.0679  0.1758  1
684:   0.0921  0.6206  0.0631  0.0070  0.2172  1
685:   0.0130  0.1250  0.6510  0.0770  0.1340  1
686:   0.0050  0.3050  0.0990  0.1510  0.4400  1
687:   0.0060  0.1110  0.6140  0.0090  0.2600  1
688:   0.0090  0.3200  0.1880  0.0080  0.4750  1
689:   0.0160  0.6076  0.0290  0.0340  0.3133  1
690:   0.0150  0.5580  0.1170  0.0130  0.2970  1
691:   0.0740  0.0700  0.6140  0.1200  0.1220  1
692:   0.0430  0.1390  0.1710  0.0390  0.6080  1
693:   0.0060  0.6957  0.0961  0.0050  0.1972  1
694:   0.0080  0.3270  0.3890  0.0100  0.2660  1
695:   0.0110  0.2050  0.3540  0.0070  0.4230  1
696:   0.0100  0.6070  0.2050  0.0260  0.1520  1
697:   0.0509  0.2058  0.4256  0.0190  0.2987  1
698:   0.0070  0.8262  0.0739  0.0260  0.0669  1
699:   0.0120  0.7200  0.0780  0.0150  0.1750  1
700:   0.0130  0.4880  0.3760  0.0230  0.1000  1
701:   0.0210  0.2723  0.3584  0.0110  0.3373  1
702:   0.0100  0.6004  0.1119  0.0440  0.2338  1
703:   0.0110  0.5976  0.0180  0.0100  0.3634  1
704:   0.0350  0.7210  0.0800  0.0210  0.1430  1
705:   0.0500  0.2727  0.3387  0.0110  0.3277  1
706:   0.0080  0.4050  0.3970  0.0060  0.1840  1
707:   0.0569  0.1818  0.5405  0.0160  0.2048  1
708:   0.0100  0.0620  0.8390  0.0100  0.0790  1
709:   0.0090  0.6080  0.0780  0.0300  0.2750  1
710:   0.0140  0.1340  0.5040  0.0530  0.2950  1
711:   0.0130  0.3370  0.4760  0.0100  0.1640  1
712:   0.0140  0.7530  0.0590  0.0100  0.1640  1
713:   0.0330  0.5310  0.2560  0.0090  0.1710  1
714:   0.0350  0.1960  0.1630  0.0550  0.5510  1
715:   0.0350  0.3270  0.1060  0.2590  0.2730  1
716:   0.0100  0.4860  0.2010  0.0130  0.2900  1
717:   0.0130  0.1610  0.3930  0.1370  0.2960  1
718:   0.0200  0.0900  0.7750  0.0140  0.1010  1
719:   0.0070  0.2610  0.0930  0.0130  0.6260  1
720:   0.0240  0.1130  0.4970  0.1470  0.2190  1
721:   0.0120  0.6510  0.0850  0.0190  0.2330  1
722:   0.0140  0.7193  0.1229  0.0170  0.1269  1
723:   0.0100  0.5950  0.1580  0.0140  0.2230  1
724:   0.0150  0.3660  0.1830  0.0220  0.4140  1
725:   0.0250  0.6803  0.0709  0.0060  0.2178  1
726:   0.0150  0.4735  0.1139  0.0849  0.3127  1
727:   0.0130  0.3420  0.4660  0.0070  0.1720  1
728:   0.0080  0.1782  0.6166  0.0120  0.1852  1
729:   0.0130  0.6310  0.0850  0.0150  0.2560  1
730:   0.0090  0.4046  0.2498  0.0090  0.3277  1
731:   0.0190  0.6094  0.0899  0.0100  0.2717  1
732:   0.0150  0.2390  0.0850  0.0240  0.6370  1
733:   0.0640  0.1230  0.7190  0.0060  0.0880  1
734:   0.0110  0.2687  0.4346  0.0130  0.2727  1
735:   0.0050  0.1079  0.7293  0.0100  0.1479  1
736:   0.0070  0.1800  0.4990  0.0060  0.3080  1
737:   0.0671  0.4985  0.0881  0.0310  0.3153  1
738:   0.0190  0.5070  0.1780  0.0130  0.2830  1
739:   0.0190  0.3630  0.1200  0.0240  0.4740  1
740:   0.0110  0.6260  0.0540  0.0420  0.2670  1
741:   0.0190  0.5400  0.1910  0.0080  0.2420  1
742:   0.9610  0.0100  0.0090  0.0120  0.0080  1
743:   0.9710  0.0070  0.0080  0.0060  0.0080  1
744:   0.9690  0.0070  0.0100  0.0070  0.0070  1
745:   0.9820  0.0050  0.0050  0.0040  0.0040  1
746:   0.9760  0.0050  0.0040  0.0100  0.0050  1
747:   0.8650  0.0440  0.0450  0.0070  0.0390  1
748:   0.9121  0.0310  0.0160  0.0190  0.0220  1
749:   0.9800  0.0050  0.0050  0.0050  0.0050  1
750:   0.9730  0.0080  0.0070  0.0050  0.0070  1
751:   0.9780  0.0040  0.0060  0.0080  0.0040  1
752:   0.9700  0.0060  0.0080  0.0100  0.0060  1
753:   0.9070  0.0140  0.0100  0.0470  0.0220  1
754:   0.9290  0.0110  0.0130  0.0360  0.0110  1
755:   0.0340  0.1712  0.6316  0.0821  0.0811  1
756:   0.0070  0.1010  0.0540  0.0430  0.7950  1
757:   0.1780  0.1710  0.0750  0.0200  0.5560  1
758:   0.1180  0.2140  0.0160  0.0230  0.6290  1
759:   0.0090  0.1020  0.4530  0.0930  0.3430  1
760:   0.0120  0.1940  0.1870  0.3250  0.2820  1
761:   0.0090  0.1389  0.0310  0.0450  0.7762  1
762:   0.0400  0.0510  0.0720  0.7770  0.0600  1
763:   0.0330  0.1350  0.2170  0.0150  0.6000  1
764:   0.0130  0.2690  0.1810  0.0140  0.5230  1
765:   0.0080  0.0070  0.0080  0.9700  0.0070  1
766:   0.0090  0.3370  0.0880  0.0090  0.5570  1
767:   0.0110  0.2310  0.2030  0.0190  0.5360  1
768:   0.1331  0.3614  0.2032  0.0200  0.2823  1
769:   0.0120  0.2650  0.0650  0.0450  0.6130  1
770:   0.0501  0.3584  0.0901  0.0220  0.4795  1
771:   0.0050  0.2380  0.2730  0.0150  0.4690  1
772:   0.0170  0.3450  0.2320  0.0200  0.3860  1
773:   0.0200  0.3437  0.2787  0.0180  0.3397  1
774:   0.0200  0.3293  0.4114  0.0110  0.2282  1
775:   0.0080  0.0080  0.0090  0.9680  0.0070  1
776:   0.0140  0.0110  0.0230  0.9341  0.0180  1
777:   0.0030  0.0040  0.0050  0.9830  0.0050  1
778:   0.0150  0.2408  0.1718  0.0849  0.4875  1
779:   0.0060  0.0090  0.0110  0.9640  0.0100  1
780:   0.0090  0.0420  0.0190  0.9130  0.0170  1
781:   0.0040  0.0070  0.0070  0.9760  0.0060  1
782:   0.0060  0.0050  0.0050  0.9790  0.0050  1
783:   0.0260  0.0240  0.0340  0.8971  0.0190  1
784:   0.0310  0.0070  0.0070  0.9480  0.0070  1
785:   0.0100  0.0110  0.0110  0.9590  0.0090  1
786:   0.0200  0.0320  0.0210  0.9000  0.0270  1
787:   0.0060  0.0070  0.0080  0.9720  0.0070  1
788:   0.0060  0.0070  0.0080  0.9720  0.0070  1
789:   0.0090  0.0070  0.0060  0.9710  0.0070  1
790:   0.0150  0.0090  0.0110  0.9560  0.0090  1
791:   0.2280  0.0220  0.0340  0.6790  0.0370  1
792:   0.0280  0.0050  0.0050  0.9560  0.0060  1
793:   0.0090  0.0300  0.0230  0.9180  0.0200  1
794:   0.0040  0.0210  0.0190  0.9300  0.0260  1
795:   0.0220  0.0060  0.0070  0.9590  0.0060  1
796:   0.0140  0.0220  0.0330  0.9110  0.0200  1
797:   0.0060  0.0100  0.0070  0.9680  0.0090  1
798:   0.0580  0.0110  0.0070  0.9120  0.0120  1
799:   0.0060  0.0050  0.0050  0.9790  0.0050  1
800:   0.0100  0.0110  0.0080  0.9610  0.0100  1
801:   0.0040  0.0100  0.0090  0.9690  0.0080  1
802:   0.0040  0.0040  0.0040  0.9840  0.0040  1
803:   0.0030  0.0100  0.0080  0.9680  0.0110  1
804:   0.0050  0.0230  0.0340  0.8920  0.0460  1
805:   0.0100  0.0190  0.0661  0.8769  0.0280  1
806:   0.0821  0.0110  0.0110  0.8859  0.0100  1
807:   0.0060  0.0090  0.0160  0.9610  0.0080  1
808:   0.0050  0.0100  0.0130  0.9610  0.0110  1
809:   0.0400  0.0260  0.0290  0.8821  0.0230  1
810:   0.0430  0.0090  0.0220  0.9149  0.0110  1
811:   0.0060  0.0050  0.0050  0.9790  0.0050  1
812:   0.0050  0.0050  0.0050  0.9810  0.0040  1
813:   0.0080  0.0540  0.0770  0.8030  0.0580  1
814:   0.0170  0.0060  0.0090  0.9610  0.0070  1
815:   0.0100  0.0811  0.0400  0.8208  0.0480  1
816:   0.0080  0.0050  0.0060  0.9750  0.0060  1
