  1:   0.8280  0.0080  0.0660  0.0980  1
  2:   0.0510  0.0060  0.8750  0.0680  1
  3:   0.2720  0.0110  0.3310  0.3860  1
  4:   0.6274  0.0070  0.3257  0.0400  1
  5:   0.1150  0.0550  0.8130  0.0170  1
  6:   0.5800  0.0230  0.3800  0.0170  1
  7:   0.0410  0.0080  0.9341  0.0170  1
  8:   0.0330  0.0050  0.5290  0.4330  1
  9:   0.6950  0.0100  0.2080  0.0870  1
 10:   0.3360  0.0690  0.1920  0.4030  1
 11:   0.6520  0.0090  0.3090  0.0300  1
 12:   0.1150  0.0050  0.6550  0.2250  1
 13:   0.1570  0.0080  0.6540  0.1810  1
 14:   0.4170  0.0110  0.5070  0.0650  1
 15:   0.7300  0.0120  0.0730  0.1850  1
 16:   0.5320  0.0080  0.4160  0.0440  1
 17:   0.3544  0.0260  0.5566  0.0631  1
 18:   0.3070  0.0140  0.3410  0.3380  1
 19:   0.5990  0.0120  0.1500  0.2390  1
 20:   0.0300  0.2913  0.5475  0.1311  1
 21:   0.2917  0.0599  0.3337  0.3147  1
 22:   0.8509  0.0060  0.1271  0.0160  1
 23:   0.0940  0.0140  0.8580  0.0340  1
 24:   0.4210  0.0690  0.4200  0.0900  1
 25:   0.3856  0.0360  0.3467  0.2318  1
 26:   0.3774  0.0050  0.5766  0.0410  1
 27:   0.4950  0.0090  0.4560  0.0400  1
 28:   0.4690  0.1690  0.2000  0.1620  1
 29:   0.1940  0.0510  0.5990  0.1560  1
 30:   0.5690  0.0040  0.3830  0.0440  1
 31:   0.3994  0.0090  0.5766  0.0150  1
 32:   0.1321  0.0060  0.8478  0.0140  1
 33:   0.3576  0.0060  0.6164  0.0200  1
 34:   0.2330  0.0220  0.2030  0.5420  1
 35:   0.0859  0.0110  0.8721  0.0310  1
 36:   0.1700  0.0060  0.8100  0.0140  1
 37:   0.3470  0.1100  0.4350  0.1080  1
 38:   0.2332  0.0080  0.6797  0.0791  1
 39:   0.9130  0.0110  0.0500  0.0260  1
 40:   0.3410  0.0170  0.6240  0.0180  1
 41:   0.4270  0.0150  0.5070  0.0510  1
 42:   0.0731  0.0180  0.6857  0.2232  1
 43:   0.2400  0.0120  0.4760  0.2720  1
 44:   0.3910  0.0450  0.5280  0.0360  1
 45:   0.1179  0.0050  0.3946  0.4825  1
 46:   0.2040  0.0120  0.7110  0.0730  1
 47:   0.7077  0.0420  0.2232  0.0270  1
 48:   0.1130  0.0440  0.7780  0.0650  1
 49:   0.1882  0.0230  0.1441  0.6446  1
 50:   0.2980  0.0090  0.4640  0.2290  1
 51:   0.0699  0.0060  0.7912  0.1329  1
 52:   0.1500  0.0060  0.8290  0.0150  1
 53:   0.0150  0.0060  0.2000  0.7790  1
 54:   0.2920  0.1160  0.5520  0.0400  1
 55:   0.0450  0.0130  0.1219  0.8202  1
 56:   0.7340  0.0200  0.2280  0.0180  1
 57:   0.2090  0.0080  0.6920  0.0910  1
 58:   0.4720  0.0320  0.4270  0.0690  1
 59:   0.2920  0.0070  0.6830  0.0180  1
 60:   0.3387  0.0180  0.5495  0.0939  1
 61:   0.4386  0.2098  0.2827  0.0689  1
 62:   0.0840  0.0080  0.8100  0.0980  1
 63:   0.1678  0.0160  0.7013  0.1149  1
 64:   0.6537  0.0060  0.2683  0.0721  1
 65:   0.3826  0.0110  0.5584  0.0480  1
 66:   0.0540  0.0120  0.8610  0.0730  1
 67:   0.1580  0.0660  0.7150  0.0610  1
 68:   0.7027  0.0220  0.2262  0.0490  1
 69:   0.4366  0.1439  0.3926  0.0270  1
 70:   0.3910  0.0220  0.4560  0.1310  1
 71:   0.2577  0.0300  0.6923  0.0200  1
 72:   0.0980  0.0170  0.7160  0.1690  1
 73:   0.6810  0.0110  0.1340  0.1740  1
 74:   0.6617  0.0090  0.2943  0.0350  1
 75:   0.0550  0.0080  0.8440  0.0930  1
 76:   0.1660  0.0090  0.7940  0.0310  1
 77:   0.0080  0.0140  0.0070  0.9710  1
 78:   0.0100  0.0220  0.0090  0.9590  1
 79:   0.0070  0.0110  0.0080  0.9740  1
 80:   0.0080  0.0050  0.0080  0.9790  1
 81:   0.0070  0.0060  0.0090  0.9780  1
 82:   0.0070  0.0100  0.0090  0.9740  1
 83:   0.0090  0.0190  0.0090  0.9630  1
 84:   0.0140  0.0090  0.0110  0.9660  1
 85:   0.0100  0.0090  0.0110  0.9700  1
 86:   0.0500  0.0100  0.0549  0.8851  1
 87:   0.0090  0.0070  0.0090  0.9750  1
 88:   0.0100  0.0130  0.0100  0.9670  1
 89:   0.0080  0.0250  0.0090  0.9580  1
 90:   0.0800  0.0140  0.0830  0.8230  1
 91:   0.0110  0.0130  0.0090  0.9670  1
 92:   0.0070  0.0350  0.0080  0.9499  1
 93:   0.0070  0.0070  0.0090  0.9770  1
 94:   0.0070  0.0140  0.0080  0.9710  1
 95:   0.0160  0.0180  0.0170  0.9490  1
 96:   0.0100  0.0060  0.0080  0.9760  1
 97:   0.0250  0.1230  0.0230  0.8290  1
 98:   0.0881  0.0180  0.0701  0.8238  1
 99:   0.0100  0.0050  0.0080  0.9770  1
100:   0.0090  0.0090  0.0110  0.9710  1
101:   0.0100  0.0050  0.0100  0.9750  1
102:   0.0160  0.0330  0.0190  0.9320  1
103:   0.7427  0.0080  0.2122  0.0370  1
104:   0.4970  0.0060  0.4490  0.0480  1
105:   0.3856  0.0270  0.3986  0.1888  1
106:   0.1720  0.0150  0.6060  0.2070  1
107:   0.7570  0.0090  0.1950  0.0390  1
108:   0.4144  0.0210  0.1311  0.4334  1
109:   0.4480  0.0440  0.3660  0.1420  1
110:   0.2230  0.0200  0.7400  0.0170  1
111:   0.1441  0.0080  0.7508  0.0971  1
112:   0.3420  0.0060  0.5130  0.1390  1
113:   0.0800  0.0100  0.7340  0.1760  1
114:   0.0470  0.0090  0.8650  0.0790  1
115:   0.7237  0.0490  0.1832  0.0440  1
116:   0.5750  0.0050  0.3860  0.0340  1
117:   0.3050  0.0090  0.5500  0.1360  1
118:   0.5736  0.0080  0.3894  0.0290  1
119:   0.2740  0.0060  0.6770  0.0430  1
120:   0.1960  0.0060  0.2360  0.5620  1
121:   0.4074  0.0140  0.2773  0.3013  1
122:   0.5100  0.0190  0.4140  0.0570  1
123:   0.5600  0.0150  0.2660  0.1590  1
124:   0.4380  0.0110  0.3520  0.1990  1
125:   0.1010  0.0100  0.8360  0.0530  1
126:   0.2630  0.0200  0.2510  0.4660  1
127:   0.3960  0.0120  0.5040  0.0880  1
128:   0.0240  0.0060  0.0400  0.9300  1
129:   0.2750  0.0150  0.2970  0.4130  1
130:   0.3820  0.0140  0.5500  0.0540  1
131:   0.3770  0.0070  0.1500  0.4660  1
132:   0.0280  0.0040  0.8969  0.0711  1
133:   0.0730  0.0060  0.2030  0.7180  1
134:   0.0560  0.0080  0.6040  0.3320  1
135:   0.1021  0.0470  0.1632  0.6877  1
136:   0.1370  0.0140  0.2060  0.6430  1
137:   0.7870  0.0120  0.1800  0.0210  1
138:   0.0800  0.0090  0.6660  0.2450  1
139:   0.5620  0.0070  0.2830  0.1480  1
140:   0.4150  0.0710  0.2780  0.2360  1
141:   0.1630  0.0080  0.7970  0.0320  1
142:   0.3400  0.0100  0.6130  0.0370  1
143:   0.4250  0.0070  0.1410  0.4270  1
144:   0.4950  0.0070  0.3840  0.1140  1
145:   0.6620  0.0600  0.2260  0.0520  1
146:   0.2130  0.0280  0.3290  0.4300  1
147:   0.8180  0.0230  0.1250  0.0340  1
148:   0.0570  0.0090  0.3710  0.5630  1
149:   0.7270  0.0400  0.2010  0.0320  1
150:   0.0529  0.0719  0.1508  0.7243  1
151:   0.1588  0.0110  0.7443  0.0859  1
152:   0.6150  0.2330  0.0920  0.0600  1
153:   0.2970  0.0510  0.6130  0.0390  1
154:   0.6790  0.0770  0.1530  0.0910  1
155:   0.2720  0.0110  0.5920  0.1250  1
156:   0.1620  0.0270  0.0490  0.7620  1
157:   0.1480  0.0090  0.5180  0.3250  1
158:   0.2418  0.0070  0.5714  0.1798  1
159:   0.2100  0.3160  0.2120  0.2620  1
160:   0.7522  0.0110  0.1538  0.0829  1
161:   0.4895  0.0340  0.3143  0.1622  1
162:   0.3190  0.0140  0.5740  0.0930  1
163:   0.6480  0.0060  0.2890  0.0570  1
164:   0.3333  0.0090  0.6246  0.0330  1
165:   0.0340  0.0990  0.8540  0.0130  1
166:   0.0690  0.0050  0.0770  0.8490  1
167:   0.8220  0.0080  0.1240  0.0460  1
168:   0.1400  0.0170  0.4900  0.3530  1
169:   0.1400  0.0050  0.8290  0.0260  1
170:   0.6190  0.0140  0.2690  0.0980  1
171:   0.4590  0.0330  0.2740  0.2340  1
172:   0.6770  0.0120  0.2850  0.0260  1
173:   0.3130  0.0230  0.6140  0.0500  1
174:   0.4530  0.1280  0.3940  0.0250  1
175:   0.8040  0.0130  0.1590  0.0240  1
176:   0.6833  0.0150  0.1728  0.1289  1
177:   0.2880  0.0060  0.6830  0.0230  1
178:   0.2490  0.0190  0.6880  0.0440  1
179:   0.6883  0.0230  0.0829  0.2058  1
180:   0.6980  0.0060  0.2000  0.0960  1
181:   0.1940  0.0150  0.1310  0.6600  1
182:   0.1880  0.0120  0.2400  0.5600  1
183:   0.4160  0.0220  0.2460  0.3160  1
184:   0.3447  0.0100  0.5085  0.1369  1
185:   0.3293  0.0090  0.2593  0.4024  1
186:   0.5626  0.0040  0.2593  0.1742  1
187:   0.4010  0.0320  0.5280  0.0390  1
188:   0.4016  0.0250  0.4695  0.1039  1
189:   0.6220  0.0130  0.2990  0.0660  1
190:   0.5310  0.0280  0.4090  0.0320  1
191:   0.3780  0.0640  0.1420  0.4160  1
192:   0.8052  0.0519  0.1259  0.0170  1
193:   0.1830  0.0110  0.6950  0.1110  1
194:   0.2930  0.0230  0.6490  0.0350  1
195:   0.2773  0.0310  0.6326  0.0591  1
196:   0.0320  0.0070  0.0810  0.8800  1
197:   0.2350  0.0060  0.4670  0.2920  1
198:   0.3057  0.0130  0.4635  0.2178  1
199:   0.5816  0.0110  0.1932  0.2142  1
200:   0.1169  0.0070  0.6533  0.2228  1
201:   0.5160  0.0780  0.3470  0.0590  1
202:   0.0770  0.0070  0.5320  0.3840  1
203:   0.5310  0.0090  0.1550  0.3050  1
204:   0.0340  0.0140  0.6583  0.2937  1
205:   0.1440  0.0310  0.5850  0.2400  1
206:   0.7340  0.0240  0.2060  0.0360  1
207:   0.5890  0.0060  0.1950  0.2100  1
208:   0.0380  0.0060  0.1179  0.8382  1
209:   0.1131  0.0370  0.7978  0.0521  1
210:   0.2630  0.0100  0.6570  0.0700  1
211:   0.1310  0.0060  0.4150  0.4480  1
212:   0.3680  0.0280  0.2980  0.3060  1
213:   0.2040  0.0150  0.5180  0.2630  1
214:   0.1080  0.0330  0.7630  0.0960  1
215:   0.5650  0.0100  0.1980  0.2270  1
216:   0.4380  0.0140  0.5080  0.0400  1
217:   0.3564  0.0380  0.5125  0.0931  1
218:   0.2292  0.0180  0.4354  0.3173  1
219:   0.4444  0.0040  0.5285  0.0230  1
220:   0.0310  0.0140  0.1180  0.8370  1
221:   0.3020  0.0210  0.2390  0.4380  1
222:   0.4960  0.1050  0.3560  0.0430  1
223:   0.8050  0.0250  0.1460  0.0240  1
224:   0.5090  0.0170  0.4470  0.0270  1
225:   0.5874  0.2547  0.1129  0.0450  1
226:   0.2162  0.0380  0.3143  0.4314  1
227:   0.1840  0.0070  0.7790  0.0300  1
228:   0.4755  0.0080  0.4755  0.0410  1
229:   0.2700  0.0190  0.5700  0.1410  1
230:   0.4740  0.0250  0.4790  0.0220  1
231:   0.6486  0.0090  0.2613  0.0811  1
232:   0.6210  0.0040  0.3310  0.0440  1
233:   0.6126  0.0130  0.2022  0.1722  1
234:   0.4496  0.0320  0.4306  0.0879  1
235:   0.1221  0.0120  0.8208  0.0450  1
236:   0.5530  0.0160  0.2150  0.2160  1
237:   0.1640  0.0270  0.1490  0.6600  1
238:   0.2480  0.0380  0.4950  0.2190  1
239:   0.1050  0.0130  0.6160  0.2660  1
240:   0.3030  0.0180  0.2800  0.3990  1
241:   0.5480  0.0080  0.3600  0.0840  1
242:   0.1812  0.0130  0.3514  0.4545  1
243:   0.1130  0.0140  0.7480  0.1250  1
244:   0.8122  0.0050  0.0919  0.0909  1
245:   0.0540  0.0170  0.8630  0.0660  1
246:   0.2212  0.0060  0.0991  0.6737  1
247:   0.3113  0.0320  0.6416  0.0150  1
248:   0.0941  0.0110  0.3493  0.5455  1
249:   0.5150  0.0100  0.4090  0.0660  1
250:   0.4685  0.0390  0.1491  0.3433  1
251:   0.7220  0.0070  0.1590  0.1120  1
252:   0.1520  0.0350  0.5330  0.2800  1
253:   0.0210  0.0080  0.0911  0.8799  1
254:   0.1290  0.0090  0.6800  0.1820  1
255:   0.0380  0.0060  0.1660  0.7900  1
256:   0.7730  0.0110  0.1910  0.0250  1
257:   0.2733  0.0210  0.4494  0.2563  1
258:   0.5335  0.0060  0.4414  0.0190  1
259:   0.2867  0.0070  0.6254  0.0809  1
260:   0.3630  0.0230  0.5670  0.0470  1
261:   0.2867  0.0080  0.6783  0.0270  1
262:   0.1031  0.0080  0.8539  0.0350  1
263:   0.0521  0.1401  0.7538  0.0541  1
264:   0.0250  0.0360  0.8771  0.0619  1
265:   0.2510  0.0310  0.6960  0.0220  1
266:   0.1970  0.0100  0.7430  0.0500  1
267:   0.2328  0.0130  0.4975  0.2567  1
268:   0.2058  0.0909  0.2677  0.4356  1
269:   0.8310  0.0150  0.1070  0.0470  1
270:   0.3790  0.0070  0.4150  0.1990  1
271:   0.1091  0.0410  0.5556  0.2943  1
272:   0.9040  0.0270  0.0550  0.0140  1
273:   0.4360  0.0270  0.4980  0.0390  1
274:   0.4414  0.0300  0.3223  0.2062  1
275:   0.2360  0.0120  0.4440  0.3080  1
276:   0.7310  0.1070  0.1190  0.0430  1
277:   0.6570  0.0150  0.3100  0.0180  1
278:   0.1160  0.1060  0.2820  0.4960  1
279:   0.3750  0.0330  0.4420  0.1500  1
280:   0.5350  0.0060  0.2370  0.2220  1
281:   0.0510  0.0050  0.3870  0.5570  1
282:   0.2300  0.0710  0.2490  0.4500  1
283:   0.1630  0.3030  0.3640  0.1700  1
284:   0.5980  0.0440  0.3290  0.0290  1
285:   0.0600  0.0200  0.7440  0.1760  1
286:   0.1730  0.0100  0.3160  0.5010  1
287:   0.1910  0.0120  0.2060  0.5910  1
288:   0.4374  0.0170  0.2973  0.2482  1
289:   0.0990  0.0100  0.8740  0.0170  1
290:   0.1710  0.0090  0.4350  0.3850  1
291:   0.3540  0.0220  0.4280  0.1960  1
292:   0.6310  0.0430  0.2140  0.1120  1
293:   0.7700  0.0090  0.0960  0.1250  1
294:   0.1648  0.1059  0.3027  0.4266  1
295:   0.6430  0.0120  0.0920  0.2530  1
296:   0.4990  0.0600  0.3960  0.0450  1
297:   0.3240  0.0850  0.4260  0.1650  1
298:   0.1301  0.0090  0.6426  0.2182  1
299:   0.1210  0.0370  0.5370  0.3050  1
300:   0.2630  0.0220  0.4720  0.2430  1
301:   0.1150  0.0060  0.0710  0.8080  1
302:   0.1918  0.0120  0.5954  0.2008  1
303:   0.0780  0.0700  0.7780  0.0740  1
304:   0.6150  0.0110  0.3490  0.0250  1
305:   0.3470  0.0090  0.2770  0.3670  1
306:   0.3654  0.0100  0.5766  0.0480  1
307:   0.3370  0.0340  0.4570  0.1720  1
308:   0.1920  0.0090  0.3130  0.4860  1
309:   0.6590  0.0550  0.2450  0.0410  1
310:   0.3343  0.1962  0.4034  0.0661  1
311:   0.6180  0.0250  0.2680  0.0890  1
312:   0.2783  0.0350  0.1471  0.5395  1
313:   0.4845  0.0070  0.4745  0.0340  1
314:   0.1090  0.0490  0.0720  0.7700  1
315:   0.6707  0.0100  0.2723  0.0470  1
316:   0.3540  0.1100  0.4600  0.0760  1
317:   0.3100  0.0320  0.3630  0.2950  1
318:   0.8460  0.0170  0.1260  0.0110  1
319:   0.4174  0.2232  0.2993  0.0601  1
320:   0.1290  0.0500  0.0950  0.7260  1
321:   0.1592  0.0060  0.7287  0.1061  1
322:   0.5906  0.0160  0.1041  0.2893  1
323:   0.2720  0.0160  0.5310  0.1810  1
324:   0.2950  0.0080  0.6090  0.0880  1
325:   0.7530  0.0280  0.1520  0.0670  1
326:   0.2480  0.0090  0.6200  0.1230  1
327:   0.4590  0.0060  0.3910  0.1440  1
328:   0.1572  0.0190  0.3263  0.4975  1
329:   0.1350  0.0230  0.1620  0.6800  1
330:   0.4870  0.0050  0.2150  0.2930  1
331:   0.8630  0.0060  0.0940  0.0370  1
332:   0.5380  0.0100  0.4010  0.0510  1
333:   0.1270  0.0130  0.7040  0.1560  1
334:   0.1740  0.0070  0.7080  0.1110  1
335:   0.2260  0.0090  0.4590  0.3060  1
336:   0.9311  0.0080  0.0380  0.0230  1
337:   0.6880  0.0440  0.2180  0.0500  1
338:   0.7522  0.0100  0.0430  0.1948  1
339:   0.9710  0.0100  0.0110  0.0080  1
340:   0.9099  0.0450  0.0310  0.0140  1
341:   0.3594  0.0080  0.5736  0.0591  1
342:   0.9720  0.0080  0.0120  0.0080  1
343:   0.8930  0.0090  0.0340  0.0640  1
344:   0.9391  0.0160  0.0180  0.0270  1
345:   0.9630  0.0130  0.0140  0.0100  1
346:   0.9490  0.0180  0.0210  0.0120  1
347:   0.9260  0.0140  0.0470  0.0130  1
348:   0.7407  0.0360  0.1011  0.1221  1
349:   0.9720  0.0070  0.0100  0.0110  1
350:   0.6006  0.0100  0.0330  0.3564  1
351:   0.8830  0.0860  0.0190  0.0120  1
352:   0.4730  0.0070  0.2430  0.2770  1
353:   0.9360  0.0270  0.0200  0.0170  1
354:   0.9480  0.0240  0.0170  0.0110  1
355:   0.9031  0.0340  0.0330  0.0300  1
356:   0.1060  0.0110  0.5780  0.3050  1
357:   0.6743  0.1698  0.0949  0.0609  1
358:   0.4020  0.0140  0.2600  0.3240  1
359:   0.1722  0.0250  0.7728  0.0300  1
360:   0.4660  0.0610  0.0790  0.3940  1
361:   0.4174  0.1291  0.2613  0.1922  1
362:   0.1201  0.0060  0.3604  0.5135  1
363:   0.8488  0.0070  0.1211  0.0230  1
364:   0.1648  0.0080  0.7812  0.0460  1
365:   0.8610  0.0090  0.1070  0.0230  1
366:   0.8540  0.0060  0.1220  0.0180  1
367:   0.1700  0.0190  0.3360  0.4750  1
368:   0.3470  0.0150  0.3730  0.2650  1
369:   0.7610  0.0050  0.1410  0.0930  1
370:   0.7237  0.0531  0.1812  0.0420  1
371:   0.5890  0.0660  0.2400  0.1050  1
372:   0.7150  0.0520  0.2160  0.0170  1
373:   0.4040  0.0220  0.4860  0.0880  1
374:   0.2242  0.0490  0.1461  0.5806  1
375:   0.4605  0.0310  0.4885  0.0200  1
376:   0.5540  0.0160  0.3330  0.0970  1
377:   0.1930  0.0120  0.5210  0.2740  1
378:   0.7980  0.0100  0.0430  0.1490  1
379:   0.4386  0.0140  0.4695  0.0779  1
380:   0.0999  0.0170  0.8501  0.0330  1
381:   0.7210  0.0140  0.1890  0.0760  1
382:   0.1280  0.0280  0.8200  0.0240  1
383:   0.2100  0.0200  0.3140  0.4560  1
384:   0.4090  0.0160  0.3500  0.2250  1
385:   0.2010  0.0050  0.7810  0.0130  1
386:   0.3994  0.0100  0.1341  0.4565  1
387:   0.7840  0.0090  0.1860  0.0210  1
388:   0.4160  0.0160  0.2870  0.2810  1
389:   0.1800  0.0080  0.6460  0.1660  1
390:   0.6610  0.0050  0.1160  0.2180  1
391:   0.5650  0.0080  0.3630  0.0640  1
392:   0.4855  0.0200  0.4515  0.0430  1
393:   0.3170  0.0090  0.4060  0.2680  1
394:   0.1660  0.0090  0.5310  0.2940  1
395:   0.2450  0.0080  0.5920  0.1550  1
396:   0.2320  0.0080  0.6270  0.1330  1
397:   0.3307  0.0090  0.5435  0.1169  1
398:   0.0561  0.0240  0.0621  0.8579  1
399:   0.2527  0.0140  0.6134  0.1199  1
400:   0.1210  0.0520  0.4930  0.3340  1
401:   0.4400  0.0090  0.3660  0.1850  1
402:   0.2667  0.0220  0.5934  0.1179  1
403:   0.4830  0.0080  0.3010  0.2080  1
404:   0.5250  0.0230  0.3940  0.0580  1
405:   0.6286  0.0130  0.1061  0.2523  1
406:   0.3536  0.0619  0.4675  0.1169  1
407:   0.1140  0.0150  0.8190  0.0520  1
408:   0.2893  0.0100  0.5115  0.1892  1
409:   0.4570  0.0240  0.4660  0.0530  1
410:   0.0919  0.0120  0.6054  0.2907  1
411:   0.4765  0.0360  0.4244  0.0631  1
412:   0.2288  0.0180  0.6763  0.0769  1
413:   0.3504  0.0070  0.4705  0.1722  1
414:   0.6080  0.0200  0.2190  0.1530  1
415:   0.0819  0.0090  0.1628  0.7463  1
416:   0.1720  0.0110  0.7190  0.0980  1
417:   0.2260  0.0140  0.2020  0.5580  1
418:   0.4050  0.0060  0.3470  0.2420  1
419:   0.2440  0.0140  0.2080  0.5340  1
420:   0.0370  0.0070  0.0890  0.8670  1
421:   0.0850  0.0100  0.2160  0.6890  1
422:   0.2520  0.1280  0.0860  0.5340  1
423:   0.3570  0.0170  0.6000  0.0260  1
424:   0.4950  0.0220  0.4020  0.0810  1
425:   0.7457  0.0080  0.2162  0.0300  1
426:   0.7040  0.0440  0.2060  0.0460  1
427:   0.2593  0.0060  0.6056  0.1291  1
428:   0.5630  0.0070  0.3360  0.0940  1
429:   0.0840  0.0190  0.8790  0.0180  1
430:   0.2730  0.4020  0.2800  0.0450  1
431:   0.0690  0.0080  0.8730  0.0500  1
432:   0.7510  0.0110  0.1830  0.0550  1
433:   0.5320  0.0310  0.3700  0.0670  1
434:   0.1209  0.0100  0.6753  0.1938  1
435:   0.0580  0.0150  0.1740  0.7530  1
436:   0.0190  0.0110  0.0769  0.8931  1
437:   0.1499  0.2248  0.2488  0.3766  1
438:   0.0909  0.0490  0.8262  0.0340  1
439:   0.8450  0.0170  0.1040  0.0340  1
440:   0.6260  0.0060  0.1750  0.1930  1
441:   0.0520  0.1170  0.4950  0.3360  1
442:   0.1180  0.2380  0.4270  0.2170  1
443:   0.6140  0.0240  0.3140  0.0480  1
444:   0.3676  0.0180  0.5235  0.0909  1
445:   0.6560  0.0110  0.2650  0.0680  1
446:   0.8002  0.0150  0.1269  0.0579  1
447:   0.5520  0.0100  0.1480  0.2900  1
448:   0.6000  0.0570  0.0370  0.3060  1
449:   0.4110  0.0090  0.1480  0.4320  1
450:   0.7860  0.0960  0.0360  0.0820  1
451:   0.4380  0.0060  0.1230  0.4330  1
452:   0.1000  0.0210  0.7660  0.1130  1
453:   0.0710  0.0120  0.1240  0.7930  1
454:   0.2410  0.0620  0.5870  0.1100  1
455:   0.2260  0.0110  0.7290  0.0340  1
456:   0.3600  0.0150  0.5880  0.0370  1
457:   0.0320  0.0060  0.7360  0.2260  1
458:   0.6330  0.0190  0.3050  0.0430  1
459:   0.5260  0.0490  0.2980  0.1270  1
460:   0.0961  0.0901  0.1692  0.6446  1
461:   0.0910  0.0370  0.1170  0.7550  1
462:   0.4860  0.0100  0.3220  0.1820  1
463:   0.5640  0.0390  0.1440  0.2530  1
464:   0.0709  0.0120  0.0749  0.8422  1
465:   0.5590  0.0810  0.2250  0.1350  1
466:   0.5200  0.1590  0.0830  0.2380  1
467:   0.2980  0.0190  0.4950  0.1880  1
468:   0.6420  0.0090  0.1510  0.1980  1
469:   0.4915  0.0090  0.3273  0.1722  1
470:   0.2650  0.0590  0.5660  0.1100  1
471:   0.1201  0.0070  0.5516  0.3213  1
472:   0.0951  0.0420  0.4965  0.3664  1
473:   0.1782  0.0200  0.7518  0.0501  1
474:   0.2923  0.0080  0.6527  0.0470  1
475:   0.1291  0.0050  0.8288  0.0370  1
476:   0.1160  0.0070  0.5680  0.3090  1
477:   0.4170  0.0800  0.3410  0.1620  1
478:   0.5360  0.0990  0.3050  0.0600  1
479:   0.0340  0.0070  0.0300  0.9289  1
480:   0.3784  0.0100  0.4124  0.1992  1
481:   0.1610  0.0130  0.6350  0.1910  1
482:   0.8160  0.0060  0.1460  0.0320  1
483:   0.1670  0.0210  0.7670  0.0450  1
484:   0.2402  0.0070  0.1892  0.5636  1
485:   0.1828  0.5405  0.0719  0.2048  1
486:   0.3770  0.0110  0.3730  0.2390  1
487:   0.5946  0.0090  0.3153  0.0811  1
488:   0.3130  0.0230  0.2150  0.4490  1
489:   0.1171  0.0090  0.1121  0.7618  1
490:   0.8360  0.0140  0.0850  0.0650  1
491:   0.5566  0.0070  0.2312  0.2052  1
492:   0.3924  0.0170  0.5255  0.0651  1
493:   0.6350  0.0040  0.3070  0.0540  1
494:   0.1770  0.0090  0.7350  0.0790  1
495:   0.1349  0.0280  0.6454  0.1918  1
496:   0.1620  0.1010  0.6140  0.1230  1
497:   0.6466  0.0100  0.1491  0.1942  1
498:   0.2690  0.0130  0.5150  0.2030  1
499:   0.2460  0.0070  0.6020  0.1450  1
500:   0.2700  0.0100  0.6730  0.0470  1
501:   0.3910  0.0140  0.4980  0.0970  1
502:   0.0670  0.0490  0.2250  0.6590  1
503:   0.4314  0.0080  0.4735  0.0871  1
504:   0.6500  0.0090  0.1350  0.2060  1
505:   0.4310  0.1040  0.4210  0.0440  1
506:   0.2840  0.0290  0.3630  0.3240  1
507:   0.2428  0.1129  0.2607  0.3836  1
508:   0.2412  0.0110  0.6817  0.0661  1
509:   0.0680  0.0050  0.9110  0.0160  1
510:   0.2520  0.0080  0.2970  0.4430  1
511:   0.5750  0.0120  0.2870  0.1260  1
512:   0.6650  0.0120  0.2380  0.0850  1
513:   0.5100  0.0150  0.4340  0.0410  1
514:   0.7510  0.0210  0.1720  0.0560  1
515:   0.4250  0.0070  0.4590  0.1090  1
516:   0.6370  0.0290  0.2890  0.0450  1
517:   0.7990  0.0270  0.1580  0.0160  1
518:   0.2650  0.2020  0.3950  0.1380  1
519:   0.2280  0.0380  0.0950  0.6390  1
520:   0.2350  0.0180  0.5700  0.1770  1
521:   0.4250  0.0080  0.1470  0.4200  1
522:   0.0480  0.0120  0.0550  0.8850  1
523:   0.3520  0.0240  0.5440  0.0800  1
524:   0.3594  0.0050  0.5235  0.1121  1
525:   0.3363  0.0120  0.6046  0.0470  1
526:   0.7740  0.0210  0.0770  0.1280  1
527:   0.0550  0.0090  0.3320  0.6040  1
528:   0.5055  0.0110  0.3966  0.0869  1
529:   0.0180  0.0140  0.0350  0.9330  1
530:   0.5770  0.0640  0.1780  0.1810  1
531:   0.3650  0.0090  0.2500  0.3760  1
532:   0.1710  0.0150  0.1260  0.6880  1
533:   0.4006  0.0150  0.2957  0.2887  1
534:   0.7030  0.0570  0.1720  0.0680  1
535:   0.6176  0.0170  0.3103  0.0551  1
536:   0.0510  0.0130  0.1740  0.7620  1
537:   0.4985  0.0490  0.2418  0.2108  1
538:   0.2440  0.0050  0.7370  0.0140  1
539:   0.7808  0.0140  0.1722  0.0330  1
540:   0.3170  0.0100  0.4440  0.2290  1
541:   0.1620  0.0110  0.2350  0.5920  1
542:   0.6560  0.0110  0.1120  0.2210  1
543:   0.1000  0.0040  0.8190  0.0770  1
544:   0.6216  0.0450  0.1451  0.1882  1
545:   0.7992  0.0350  0.0989  0.0669  1
546:   0.2020  0.0210  0.6960  0.0810  1
547:   0.3303  0.0090  0.3413  0.3193  1
548:   0.5860  0.0070  0.2980  0.1090  1
549:   0.8372  0.0220  0.0509  0.0899  1
550:   0.4470  0.0060  0.5210  0.0260  1
551:   0.1480  0.0070  0.4180  0.4270  1
552:   0.7060  0.0040  0.2350  0.0550  1
553:   0.4515  0.0290  0.3077  0.2118  1
554:   0.2750  0.0510  0.5000  0.1740  1
555:   0.5730  0.0290  0.3330  0.0650  1
556:   0.7668  0.0250  0.1211  0.0871  1
557:   0.4600  0.0120  0.3680  0.1600  1
558:   0.4795  0.0080  0.3914  0.1211  1
559:   0.1250  0.0430  0.8070  0.0250  1
560:   0.6933  0.0200  0.2068  0.0799  1
561:   0.5410  0.0160  0.3110  0.1320  1
562:   0.1790  0.0130  0.4190  0.3890  1
563:   0.6523  0.0090  0.2767  0.0619  1
564:   0.1930  0.2900  0.3920  0.1250  1
565:   0.2637  0.0100  0.3047  0.4216  1
566:   0.1640  0.0270  0.4720  0.3370  1
567:   0.0550  0.0100  0.1980  0.7370  1
568:   0.0710  0.0420  0.7350  0.1520  1
569:   0.4700  0.0050  0.4740  0.0510  1
570:   0.1189  0.0080  0.4496  0.4236  1
571:   0.0961  0.0090  0.4505  0.4444  1
572:   0.3720  0.0120  0.3850  0.2310  1
573:   0.3330  0.2170  0.4080  0.0420  1
574:   0.2637  0.0350  0.4006  0.3007  1
575:   0.6330  0.0180  0.2890  0.0600  1
576:   0.6216  0.0541  0.1902  0.1341  1
577:   0.4380  0.0600  0.2810  0.2210  1
578:   0.0970  0.2200  0.1330  0.5500  1
579:   0.4675  0.0310  0.4525  0.0490  1
580:   0.0540  0.0090  0.2160  0.7210  1
581:   0.5345  0.0070  0.4344  0.0240  1
582:   0.3300  0.1330  0.3140  0.2230  1
583:   0.4200  0.1030  0.1440  0.3330  1
584:   0.6200  0.0190  0.2680  0.0930  1
585:   0.4486  0.0240  0.0859  0.4416  1
586:   0.5455  0.0130  0.3936  0.0480  1
587:   0.7190  0.0120  0.2410  0.0280  1
588:   0.2150  0.0310  0.4910  0.2630  1
589:   0.0430  0.0470  0.8230  0.0870  1
590:   0.4535  0.0200  0.4715  0.0551  1
591:   0.0410  0.0070  0.2200  0.7320  1
592:   0.1430  0.0180  0.8210  0.0180  1
593:   0.2740  0.0190  0.6640  0.0430  1
594:   0.5610  0.0280  0.3810  0.0300  1
595:   0.0230  0.0110  0.0260  0.9400  1
596:   0.2560  0.0160  0.4880  0.2400  1
597:   0.3826  0.0200  0.1329  0.4645  1
598:   0.9210  0.0070  0.0520  0.0200  1
599:   0.2850  0.0550  0.4330  0.2270  1
600:   0.4470  0.0440  0.2360  0.2730  1
601:   0.6346  0.1291  0.2042  0.0320  1
602:   0.2660  0.0710  0.3320  0.3310  1
603:   0.2062  0.0120  0.1311  0.6507  1
604:   0.0500  0.0150  0.5260  0.4090  1
605:   0.2478  0.0090  0.6294  0.1139  1
606:   0.2080  0.0230  0.2730  0.4960  1
607:   0.2390  0.0290  0.6230  0.1090  1
608:   0.4320  0.0100  0.5190  0.0390  1
609:   0.5230  0.0110  0.3800  0.0860  1
610:   0.2813  0.0420  0.5065  0.1702  1
611:   0.0800  0.0070  0.8580  0.0550  1
612:   0.5960  0.0320  0.3470  0.0250  1
613:   0.2040  0.0290  0.4200  0.3470  1
614:   0.5370  0.0080  0.2930  0.1620  1
615:   0.6444  0.0230  0.2128  0.1199  1
616:   0.5616  0.0150  0.3283  0.0951  1
617:   0.1221  0.0120  0.5025  0.3634  1
618:   0.5060  0.0140  0.1890  0.2910  1
619:   0.0970  0.0250  0.0680  0.8100  1
620:   0.8110  0.0080  0.0880  0.0930  1
621:   0.7810  0.0770  0.1230  0.0190  1
622:   0.8190  0.0160  0.1290  0.0360  1
623:   0.1340  0.0030  0.8430  0.0200  1
624:   0.6980  0.0240  0.2030  0.0750  1
625:   0.2847  0.0090  0.3866  0.3197  1
626:   0.0150  0.0050  0.0420  0.9380  1
627:   0.4900  0.0520  0.3770  0.0810  1
628:   0.6120  0.0090  0.2710  0.1080  1
629:   0.0310  0.0180  0.0520  0.8990  1
630:   0.4116  0.0070  0.5205  0.0609  1
631:   0.6640  0.0080  0.2990  0.0290  1
632:   0.6780  0.0150  0.2190  0.0880  1
633:   0.1030  0.1110  0.6490  0.1370  1
634:   0.7137  0.0200  0.2252  0.0410  1
635:   0.3410  0.0110  0.4820  0.1660  1
636:   0.3480  0.0190  0.0470  0.5860  1
637:   0.2212  0.0100  0.3504  0.4184  1
638:   0.5840  0.0450  0.1890  0.1820  1
639:   0.0739  0.0110  0.1938  0.7213  1
640:   0.7810  0.0120  0.1450  0.0620  1
641:   0.1270  0.0140  0.6840  0.1750  1
642:   0.6780  0.0100  0.2300  0.0820  1
643:   0.3160  0.0340  0.5760  0.0740  1
644:   0.5035  0.0719  0.2298  0.1948  1
645:   0.5770  0.0530  0.3330  0.0370  1
646:   0.7143  0.0210  0.1688  0.0959  1
647:   0.1260  0.0070  0.4900  0.3770  1
648:   0.5940  0.1420  0.1870  0.0770  1
649:   0.4550  0.0480  0.4230  0.0740  1
650:   0.5450  0.0070  0.3110  0.1370  1
651:   0.7560  0.0140  0.0890  0.1410  1
652:   0.4150  0.0370  0.5260  0.0220  1
653:   0.2170  0.0120  0.2130  0.5580  1
654:   0.4520  0.0080  0.3400  0.2000  1
655:   0.6260  0.0450  0.1910  0.1380  1
656:   0.7640  0.0180  0.1510  0.0670  1
657:   0.8030  0.0200  0.1600  0.0170  1
658:   0.1251  0.0400  0.2963  0.5385  1
659:   0.1748  0.0150  0.5564  0.2537  1
660:   0.8670  0.0190  0.0720  0.0420  1
661:   0.0731  0.0100  0.1121  0.8048  1
662:   0.0190  0.0280  0.0420  0.9111  1
663:   0.8920  0.0070  0.0700  0.0310  1
664:   0.4685  0.0170  0.4845  0.0300  1
665:   0.4350  0.0970  0.3560  0.1120  1
666:   0.7740  0.0050  0.1220  0.0990  1
667:   0.3870  0.0130  0.4100  0.1900  1
668:   0.2700  0.1170  0.1660  0.4470  1
669:   0.6883  0.0100  0.2657  0.0360  1
670:   0.1451  0.0100  0.4595  0.3854  1
671:   0.5860  0.0720  0.3280  0.0140  1
672:   0.5490  0.0160  0.3770  0.0580  1
673:   0.4560  0.0050  0.5050  0.0340  1
674:   0.6350  0.0330  0.0860  0.2460  1
675:   0.7350  0.0200  0.2010  0.0440  1
676:   0.5180  0.0430  0.3360  0.1030  1
677:   0.8008  0.0060  0.1381  0.0551  1
678:   0.6623  0.0070  0.2807  0.0500  1
679:   0.9000  0.0070  0.0670  0.0260  1
680:   0.2130  0.0370  0.3450  0.4050  1
681:   0.4200  0.0120  0.3190  0.2490  1
682:   0.0730  0.0150  0.2450  0.6670  1
683:   0.2510  0.0760  0.1720  0.5010  1
684:   0.1320  0.0090  0.2350  0.6240  1
685:   0.6454  0.0969  0.1828  0.0749  1
686:   0.1640  0.1390  0.6750  0.0220  1
687:   0.5970  0.0100  0.3710  0.0220  1
688:   0.3340  0.0080  0.6030  0.0550  1
689:   0.1850  0.0370  0.6820  0.0960  1
690:   0.2650  0.0160  0.5050  0.2140  1
691:   0.3233  0.1612  0.0981  0.4174  1
692:   0.1812  0.0420  0.5556  0.2212  1
693:   0.3750  0.0070  0.5320  0.0860  1
694:   0.6240  0.0120  0.2960  0.0680  1
695:   0.3520  0.0080  0.4520  0.1880  1
696:   0.5490  0.0330  0.2890  0.1290  1
697:   0.2050  0.0210  0.2380  0.5360  1
698:   0.5740  0.0260  0.2320  0.1680  1
699:   0.3333  0.0170  0.4004  0.2492  1
700:   0.6680  0.0210  0.1180  0.1930  1
701:   0.5560  0.0110  0.3330  0.1000  1
702:   0.4214  0.0541  0.4344  0.0901  1
703:   0.0840  0.0110  0.3870  0.5180  1
704:   0.2462  0.0330  0.1652  0.5556  1
705:   0.3360  0.0130  0.2480  0.4030  1
706:   0.6266  0.0060  0.3353  0.0320  1
707:   0.3954  0.0210  0.1562  0.4274  1
708:   0.7243  0.0130  0.0959  0.1668  1
709:   0.3393  0.0430  0.4935  0.1241  1
710:   0.4090  0.0720  0.4180  0.1010  1
711:   0.5690  0.0130  0.2100  0.2080  1
712:   0.2793  0.0100  0.3734  0.3373  1
713:   0.4440  0.0090  0.1780  0.3690  1
714:   0.1502  0.0641  0.5275  0.2583  1
715:   0.1582  0.2603  0.2603  0.3213  1
716:   0.3700  0.0170  0.5380  0.0750  1
717:   0.4370  0.1350  0.3960  0.0320  1
718:   0.7940  0.0200  0.1400  0.0460  1
719:   0.1220  0.0140  0.8350  0.0290  1
720:   0.4130  0.1600  0.2370  0.1900  1
721:   0.2198  0.0270  0.2527  0.5005  1
722:   0.2550  0.0200  0.0950  0.6300  1
723:   0.3180  0.0190  0.2820  0.3810  1
724:   0.3050  0.0240  0.5870  0.0840  1
725:   0.2270  0.0060  0.3670  0.4000  1
726:   0.2610  0.0990  0.4940  0.1460  1
727:   0.5810  0.0080  0.2310  0.1800  1
728:   0.6980  0.0160  0.2340  0.0520  1
729:   0.1560  0.0160  0.3220  0.5060  1
730:   0.5190  0.0100  0.4050  0.0660  1
731:   0.3864  0.0110  0.4344  0.1682  1
732:   0.1630  0.0290  0.7370  0.0710  1
733:   0.5800  0.0070  0.0580  0.3550  1
734:   0.5015  0.0150  0.3173  0.1662  1
735:   0.7650  0.0110  0.2090  0.0150  1
736:   0.5370  0.0080  0.3760  0.0790  1
737:   0.0720  0.0290  0.1230  0.7760  1
738:   0.4510  0.0150  0.3830  0.1510  1
739:   0.1530  0.0250  0.4690  0.3530  1
740:   0.1780  0.0430  0.3020  0.4770  1
741:   0.3964  0.0090  0.3774  0.2172  1
742:   0.0150  0.0710  0.0150  0.8990  1
743:   0.0100  0.0120  0.0110  0.9670  1
744:   0.0090  0.0270  0.0080  0.9560  1
745:   0.0070  0.0060  0.0070  0.9800  1
746:   0.0060  0.0160  0.0070  0.9710  1
747:   0.0170  0.0050  0.0140  0.9640  1
748:   0.0160  0.0470  0.0200  0.9169  1
749:   0.0060  0.0080  0.0070  0.9790  1
750:   0.0060  0.0080  0.0060  0.9800  1
751:   0.0100  0.0230  0.0080  0.9590  1
752:   0.0120  0.0641  0.0090  0.9149  1
753:   0.0060  0.0360  0.0090  0.9489  1
754:   0.0090  0.0500  0.0090  0.9320  1
755:   0.7160  0.0920  0.1000  0.0920  1
756:   0.0531  0.0450  0.8699  0.0320  1
757:   0.0520  0.0180  0.2690  0.6610  1
758:   0.0180  0.0270  0.7040  0.2510  1
759:   0.4020  0.1040  0.4630  0.0310  1
760:   0.2567  0.3317  0.3307  0.0809  1
761:   0.0390  0.0660  0.7000  0.1950  1
762:   0.0600  0.7970  0.0610  0.0820  1
763:   0.1391  0.0170  0.5035  0.3403  1
764:   0.2102  0.0150  0.7017  0.0731  1
765:   0.0080  0.9770  0.0070  0.0080  1
766:   0.1170  0.0110  0.5510  0.3210  1
767:   0.2252  0.0200  0.5926  0.1622  1
768:   0.2350  0.0200  0.1980  0.5470  1
769:   0.0930  0.0550  0.6780  0.1740  1
770:   0.1540  0.0250  0.6020  0.2190  1
771:   0.3400  0.0140  0.6330  0.0130  1
772:   0.4294  0.0210  0.3744  0.1752  1
773:   0.3666  0.0200  0.3776  0.2358  1
774:   0.5710  0.0130  0.2460  0.1700  1
775:   0.0100  0.9720  0.0080  0.0100  1
776:   0.0200  0.9471  0.0190  0.0140  1
777:   0.0050  0.9850  0.0050  0.0050  1
778:   0.1890  0.1060  0.4960  0.2090  1
779:   0.0110  0.9700  0.0110  0.0080  1
780:   0.0310  0.9200  0.0180  0.0310  1
781:   0.0090  0.9780  0.0070  0.0060  1
782:   0.0050  0.9840  0.0050  0.0060  1
783:   0.0310  0.9220  0.0200  0.0270  1
784:   0.0070  0.9730  0.0070  0.0130  1
785:   0.0110  0.9660  0.0100  0.0130  1
786:   0.0240  0.9210  0.0320  0.0230  1
787:   0.0080  0.9770  0.0080  0.0070  1
788:   0.0080  0.9770  0.0070  0.0080  1
789:   0.0060  0.9780  0.0070  0.0090  1
790:   0.0120  0.9660  0.0090  0.0130  1
791:   0.0270  0.7550  0.0360  0.1820  1
792:   0.0050  0.9770  0.0070  0.0110  1
793:   0.0350  0.9200  0.0260  0.0190  1
794:   0.0200  0.9310  0.0270  0.0220  1
795:   0.0080  0.9770  0.0060  0.0090  1
796:   0.0330  0.9290  0.0200  0.0180  1
797:   0.0080  0.9720  0.0100  0.0100  1
798:   0.0080  0.9530  0.0110  0.0280  1
799:   0.0050  0.9830  0.0060  0.0060  1
800:   0.0100  0.9660  0.0110  0.0130  1
801:   0.0100  0.9710  0.0100  0.0090  1
802:   0.0050  0.9870  0.0040  0.0040  1
803:   0.0090  0.9710  0.0120  0.0080  1
804:   0.0330  0.9070  0.0460  0.0140  1
805:   0.0590  0.8960  0.0290  0.0160  1
806:   0.0130  0.9480  0.0120  0.0270  1
807:   0.0170  0.9660  0.0090  0.0080  1
808:   0.0140  0.9640  0.0130  0.0090  1
809:   0.0260  0.9139  0.0220  0.0380  1
810:   0.0190  0.9500  0.0130  0.0180  1
811:   0.0050  0.9840  0.0050  0.0060  1
812:   0.0050  0.9840  0.0050  0.0060  1
813:   0.0681  0.8338  0.0611  0.0370  1
814:   0.0070  0.9750  0.0070  0.0110  1
815:   0.0580  0.8260  0.0540  0.0620  1
816:   0.0060  0.9810  0.0060  0.0070  1
817:   0.0100  0.9390  0.0170  0.0340  1
818:   0.0240  0.8410  0.0700  0.0650  1
819:   0.0070  0.9760  0.0070  0.0100  1
820:   0.0060  0.9820  0.0050  0.0070  1
821:   0.0080  0.9800  0.0060  0.0060  1
822:   0.0080  0.9750  0.0090  0.0080  1
823:   0.0150  0.9660  0.0120  0.0070  1
824:   0.0110  0.9620  0.0120  0.0150  1
825:   0.0549  0.8162  0.0490  0.0799  1
826:   0.0080  0.9370  0.0090  0.0460  1
827:   0.0070  0.9810  0.0070  0.0050  1
828:   0.0050  0.9850  0.0050  0.0050  1
829:   0.0040  0.9880  0.0040  0.0040  1
830:   0.0050  0.9850  0.0050  0.0050  1
831:   0.0110  0.9630  0.0150  0.0110  1
832:   0.0180  0.9360  0.0180  0.0280  1
833:   0.0100  0.9710  0.0080  0.0110  1
834:   0.0430  0.8779  0.0290  0.0501  1
835:   0.0060  0.9810  0.0060  0.0070  1
836:   0.0160  0.9500  0.0130  0.0210  1
837:   0.0110  0.9700  0.0100  0.0090  1
838:   0.0740  0.8420  0.0620  0.0220  1
839:   0.0180  0.9530  0.0170  0.0120  1
840:   0.0060  0.9830  0.0050  0.0060  1
841:   0.2800  0.0320  0.6470  0.0410  1
842:   0.0150  0.9420  0.0190  0.0240  1
843:   0.0060  0.9830  0.0060  0.0050  1
844:   0.0060  0.9820  0.0060  0.0060  1
845:   0.0110  0.9720  0.0100  0.0070  1
846:   0.0130  0.9630  0.0100  0.0140  1
847:   0.0080  0.9790  0.0060  0.0070  1
848:   0.0080  0.9630  0.0080  0.0210  1
849:   0.0810  0.0150  0.8520  0.0520  1
850:   0.0870  0.1830  0.3210  0.4090  1
851:   0.1119  0.0310  0.8042  0.0529  1
852:   0.0760  0.1950  0.6960  0.0330  1
853:   0.4760  0.0190  0.4720  0.0330  1
854:   0.1920  0.5920  0.1790  0.0370  1
855:   0.1000  0.0250  0.5950  0.2800  1
856:   0.3660  0.0210  0.4440  0.1690  1
857:   0.0160  0.9479  0.0170  0.0190  1
858:   0.1150  0.0780  0.5740  0.2330  1
859:   0.0150  0.9580  0.0160  0.0110  1
860:   0.1510  0.0150  0.7490  0.0850  1
861:   0.1141  0.6547  0.1552  0.0761  1
862:   0.2753  0.0230  0.6707  0.0310  1
863:   0.0460  0.0180  0.6910  0.2450  1
864:   0.0060  0.9820  0.0070  0.0050  1
865:   0.2910  0.2620  0.3890  0.0580  1
866:   0.0310  0.0869  0.6374  0.2448  1
867:   0.1890  0.0170  0.5180  0.2760  1
868:   0.1602  0.0100  0.7948  0.0350  1
869:   0.1560  0.0110  0.7060  0.1270  1
870:   0.0110  0.9690  0.0110  0.0090  1
871:   0.2830  0.0430  0.5920  0.0820  1
872:   0.2887  0.3387  0.2687  0.1039  1
873:   0.0820  0.0330  0.7950  0.0900  1
874:   0.2750  0.0760  0.3030  0.3460  1
875:   0.1750  0.0660  0.6020  0.1570  1
876:   0.2468  0.1299  0.5584  0.0649  1
877:   0.3063  0.0671  0.5736  0.0531  1
878:   0.0400  0.0190  0.9220  0.0190  1
879:   0.3696  0.2517  0.2597  0.1189  1
880:   0.1802  0.0200  0.1812  0.6186  1
881:   0.0060  0.9820  0.0050  0.0070  1
882:   0.1449  0.1379  0.6733  0.0440  1
883:   0.0240  0.3400  0.3300  0.3060  1
884:   0.5200  0.0390  0.3140  0.1270  1
885:   0.3080  0.0290  0.2910  0.3720  1
886:   0.6750  0.0080  0.2470  0.0700  1
887:   0.4800  0.1910  0.2190  0.1100  1
888:   0.2610  0.0270  0.6880  0.0240  1
889:   0.0420  0.0539  0.8871  0.0170  1
890:   0.0770  0.0110  0.8780  0.0340  1
891:   0.7660  0.0040  0.1810  0.0490  1
892:   0.0050  0.9850  0.0050  0.0050  1
893:   0.0330  0.9130  0.0380  0.0160  1

  1:   0.2863  0.0080  0.1131  0.5926  1
  2:   0.2390  0.0070  0.7450  0.0090  1
  3:   0.3810  0.0110  0.4120  0.1960  1
  4:   0.4710  0.0070  0.4910  0.0310  1
  5:   0.0820  0.0530  0.8440  0.0210  1
  6:   0.1630  0.0280  0.7630  0.0460  1
  7:   0.1998  0.0080  0.7842  0.0080  1
  8:   0.1460  0.0050  0.7670  0.0820  1
  9:   0.4610  0.0100  0.3410  0.1880  1
 10:   0.4970  0.0830  0.3010  0.1190  1
 11:   0.4570  0.0110  0.5090  0.0230  1
 12:   0.4700  0.0050  0.5120  0.0130  1
 13:   0.5620  0.0080  0.4150  0.0150  1
 14:   0.5646  0.0100  0.4044  0.0210  1
 15:   0.2420  0.0120  0.0720  0.6740  1
 16:   0.4150  0.0090  0.5520  0.0240  1
 17:   0.2120  0.0290  0.6570  0.1020  1
 18:   0.2710  0.0140  0.5340  0.1810  1
 19:   0.2480  0.0120  0.1870  0.5530  1
 20:   0.0830  0.3010  0.5880  0.0280  1
 21:   0.3560  0.0500  0.5370  0.0570  1
 22:   0.6723  0.0070  0.2667  0.0539  1
 23:   0.1040  0.0150  0.8340  0.0470  1
 24:   0.1940  0.0710  0.6540  0.0810  1
 25:   0.4284  0.0360  0.2943  0.2412  1
 26:   0.5640  0.0050  0.3860  0.0450  1
 27:   0.2967  0.0100  0.6503  0.0430  1
 28:   0.1710  0.1800  0.2680  0.3810  1
 29:   0.6286  0.0521  0.3053  0.0140  1
 30:   0.8498  0.0040  0.1381  0.0080  1
 31:   0.2637  0.0100  0.7123  0.0140  1
 32:   0.1070  0.0060  0.8740  0.0130  1
 33:   0.0250  0.0060  0.9309  0.0380  1
 34:   0.4120  0.0220  0.3980  0.1680  1
 35:   0.2350  0.0110  0.7330  0.0210  1
 36:   0.0601  0.0070  0.9229  0.0100  1
 37:   0.4805  0.0959  0.3796  0.0440  1
 38:   0.0901  0.0080  0.7918  0.1101  1
 39:   0.0380  0.0110  0.0430  0.9080  1
 40:   0.2920  0.0200  0.6650  0.0230  1
 41:   0.2050  0.0140  0.7220  0.0590  1
 42:   0.1850  0.0180  0.7530  0.0440  1
 43:   0.1770  0.0120  0.5860  0.2250  1
 44:   0.3624  0.0470  0.5776  0.0130  1
 45:   0.6370  0.0050  0.3270  0.0310  1
 46:   0.4300  0.0130  0.5280  0.0290  1
 47:   0.4590  0.0530  0.4580  0.0300  1
 48:   0.1590  0.0440  0.7720  0.0250  1
 49:   0.4670  0.0260  0.2070  0.3000  1
 50:   0.4810  0.0080  0.4840  0.0270  1
 51:   0.2627  0.0060  0.7063  0.0250  1
 52:   0.1399  0.0060  0.8452  0.0090  1
 53:   0.2268  0.0080  0.7213  0.0440  1
 54:   0.2310  0.1240  0.6150  0.0300  1
 55:   0.3077  0.0180  0.4785  0.1958  1
 56:   0.5690  0.0240  0.3800  0.0270  1
 57:   0.3550  0.0090  0.5990  0.0370  1
 58:   0.6987  0.0330  0.2513  0.0170  1
 59:   0.2100  0.0070  0.7710  0.0120  1
 60:   0.5365  0.0170  0.4114  0.0350  1
 61:   0.4130  0.2370  0.3060  0.0440  1
 62:   0.3307  0.0080  0.6384  0.0230  1
 63:   0.1642  0.0150  0.6947  0.1261  1
 64:   0.5050  0.0070  0.4520  0.0360  1
 65:   0.2398  0.0110  0.7193  0.0300  1
 66:   0.2100  0.0120  0.7640  0.0140  1
 67:   0.0921  0.0641  0.8058  0.0380  1
 68:   0.1300  0.0200  0.3130  0.5370  1
 69:   0.0650  0.1700  0.6550  0.1100  1
 70:   0.6466  0.0220  0.3073  0.0240  1
 71:   0.0811  0.0270  0.8769  0.0150  1
 72:   0.2400  0.0160  0.7290  0.0150  1
 73:   0.1970  0.0110  0.3340  0.4580  1
 74:   0.3320  0.0090  0.6030  0.0560  1
 75:   0.1080  0.0090  0.8500  0.0330  1
 76:   0.0610  0.0090  0.9130  0.0170  1
 77:   0.0070  0.0100  0.0070  0.9760  1
 78:   0.0130  0.0140  0.0120  0.9610  1
 79:   0.0080  0.0120  0.0090  0.9710  1
 80:   0.0080  0.0050  0.0090  0.9780  1
 81:   0.0090  0.0060  0.0100  0.9750  1
 82:   0.0080  0.0080  0.0100  0.9740  1
