  1:   0.0060  0.0250  0.0579  0.0599  0.0529  0.7982  1
  2:   0.0060  0.0090  0.4246  0.3237  0.2228  0.0140  1
  3:   0.0090  0.0631  0.2222  0.2513  0.2422  0.2122  1
  4:   0.0060  0.0110  0.3480  0.2730  0.2610  0.1010  1
  5:   0.0480  0.0060  0.4066  0.3457  0.1159  0.0779  1
  6:   0.0210  0.0080  0.2402  0.2222  0.1191  0.3894  1
  7:   0.0070  0.0050  0.4080  0.3410  0.2300  0.0090  1
  8:   0.0040  0.0810  0.3700  0.3620  0.1640  0.0190  1
  9:   0.0080  0.0090  0.1620  0.1810  0.2320  0.4080  1
 10:   0.0701  0.0601  0.1942  0.2382  0.2743  0.1632  1
 11:   0.0090  0.0060  0.2565  0.2164  0.1824  0.3297  1
 12:   0.0040  0.0090  0.3520  0.3150  0.2820  0.0380  1
 13:   0.0070  0.0130  0.2583  0.2853  0.4184  0.0180  1
 14:   0.0090  0.0060  0.2907  0.2707  0.3127  0.1109  1
 15:   0.0100  0.0370  0.0620  0.0780  0.0930  0.7200  1
 16:   0.0070  0.0060  0.3300  0.2560  0.2030  0.1980  1
 17:   0.0220  0.0170  0.3427  0.2587  0.1618  0.1978  1
 18:   0.0110  0.0150  0.3437  0.2857  0.2228  0.1219  1
 19:   0.0100  0.0689  0.1638  0.1459  0.1159  0.4955  1
 20:   0.2613  0.0270  0.3373  0.2222  0.1391  0.0130  1
 21:   0.0450  0.0180  0.2727  0.2767  0.2148  0.1728  1
 22:   0.0060  0.0050  0.1069  0.1618  0.1838  0.5365  1
 23:   0.0130  0.0200  0.4410  0.3530  0.1390  0.0340  1
 24:   0.0581  0.0250  0.3403  0.2583  0.1431  0.1752  1
 25:   0.0290  0.0390  0.2730  0.2980  0.2410  0.1200  1
 26:   0.0050  0.0100  0.2272  0.2893  0.3924  0.0761  1
 27:   0.0070  0.0080  0.3166  0.3006  0.1914  0.1764  1
 28:   0.1630  0.0380  0.1690  0.1500  0.1240  0.3560  1
 29:   0.0440  0.0110  0.2793  0.3053  0.3423  0.0180  1
 30:   0.0040  0.0040  0.1640  0.2970  0.4870  0.0440  1
 31:   0.0080  0.0060  0.2432  0.2633  0.2312  0.2482  1
 32:   0.0050  0.0060  0.4600  0.3590  0.1350  0.0350  1
 33:   0.0050  0.0080  0.3710  0.3390  0.0840  0.1930  1
 34:   0.0180  0.0360  0.2573  0.2623  0.1902  0.2362  1
 35:   0.0100  0.0080  0.3820  0.3140  0.2120  0.0740  1
 36:   0.0060  0.0060  0.4490  0.3210  0.1270  0.0910  1
 37:   0.0909  0.0110  0.2308  0.3017  0.2847  0.0809  1
 38:   0.0070  0.0140  0.2725  0.2635  0.1018  0.3413  1
 39:   0.0070  0.0100  0.0130  0.0160  0.0170  0.9370  1
 40:   0.0170  0.0050  0.2130  0.2500  0.1820  0.3330  1
 41:   0.0130  0.0270  0.2760  0.2670  0.1820  0.2350  1
 42:   0.0140  0.0140  0.3824  0.3103  0.2002  0.0791  1
 43:   0.0100  0.0651  0.3303  0.2893  0.1652  0.1401  1
 44:   0.0450  0.0070  0.3670  0.2960  0.1920  0.0930  1
 45:   0.0040  0.0210  0.2753  0.2913  0.3834  0.0250  1
 46:   0.0120  0.0100  0.3357  0.2917  0.3147  0.0360  1
 47:   0.0360  0.0100  0.1810  0.2140  0.1710  0.3880  1
 48:   0.0360  0.0100  0.3746  0.3137  0.2298  0.0360  1
 49:   0.0170  0.0810  0.1580  0.2480  0.3200  0.1760  1
 50:   0.0070  0.0160  0.3430  0.3240  0.2330  0.0770  1
 51:   0.0050  0.0160  0.3574  0.3574  0.2442  0.0200  1
 52:   0.0050  0.0040  0.4250  0.3460  0.1850  0.0350  1
 53:   0.0060  0.0410  0.3470  0.3320  0.2640  0.0100  1
 54:   0.0991  0.0080  0.2503  0.2172  0.1502  0.2753  1
 55:   0.0120  0.1978  0.2448  0.2637  0.2418  0.0400  1
 56:   0.0180  0.0070  0.2050  0.1930  0.1980  0.3790  1
 57:   0.0070  0.0160  0.2990  0.2960  0.2840  0.0980  1
 58:   0.0270  0.0090  0.2288  0.3327  0.3127  0.0899  1
 59:   0.0060  0.0050  0.3974  0.3333  0.1802  0.0781  1
 60:   0.0150  0.0170  0.2338  0.3187  0.3447  0.0709  1
 61:   0.1940  0.0120  0.1930  0.1700  0.1540  0.2770  1
 62:   0.0070  0.0170  0.3720  0.3270  0.2590  0.0180  1
 63:   0.0130  0.0360  0.2967  0.2897  0.1928  0.1718  1
 64:   0.0060  0.0120  0.2857  0.2348  0.2208  0.2408  1
 65:   0.0090  0.0080  0.3017  0.2278  0.1439  0.3097  1
 66:   0.0100  0.0130  0.4014  0.3493  0.2092  0.0170  1
 67:   0.0550  0.0180  0.4160  0.3130  0.1470  0.0510  1
 68:   0.0200  0.0220  0.1199  0.1029  0.0759  0.6593  1
 69:   0.1251  0.0090  0.1662  0.1401  0.0561  0.5035  1
 70:   0.0170  0.0080  0.1602  0.3113  0.4645  0.0390  1
 71:   0.0260  0.0080  0.4096  0.3247  0.1219  0.1099  1
 72:   0.0150  0.0150  0.3980  0.3070  0.2170  0.0480  1
 73:   0.0090  0.0350  0.0839  0.0729  0.0420  0.7572  1
 74:   0.0090  0.0100  0.3287  0.2478  0.1648  0.2398  1
 75:   0.0060  0.0300  0.4930  0.2820  0.1560  0.0330  1
 76:   0.0080  0.0080  0.4570  0.3250  0.1350  0.0670  1
 77:   0.0080  0.9670  0.0060  0.0060  0.0060  0.0070  1
 78:   0.0120  0.9121  0.0180  0.0200  0.0210  0.0170  1
 79:   0.0120  0.9590  0.0070  0.0070  0.0080  0.0070  1
 80:   0.0030  0.9770  0.0050  0.0050  0.0050  0.0050  1
 81:   0.0040  0.9690  0.0070  0.0070  0.0070  0.0060  1
 82:   0.0060  0.9609  0.0090  0.0090  0.0080  0.0070  1
 83:   0.0280  0.8890  0.0180  0.0210  0.0220  0.0220  1
 84:   0.0060  0.9530  0.0090  0.0090  0.0080  0.0150  1
 85:   0.0090  0.9440  0.0110  0.0130  0.0120  0.0110  1
 86:   0.0100  0.8529  0.0320  0.0300  0.0250  0.0501  1
 87:   0.0040  0.9740  0.0060  0.0050  0.0060  0.0050  1
 88:   0.0080  0.9670  0.0060  0.0060  0.0060  0.0070  1
 89:   0.0070  0.9650  0.0060  0.0070  0.0070  0.0080  1
 90:   0.0190  0.5550  0.1300  0.1240  0.0880  0.0840  1
 91:   0.0070  0.9630  0.0070  0.0070  0.0070  0.0090  1
 92:   0.0090  0.9640  0.0070  0.0060  0.0070  0.0070  1
 93:   0.0050  0.9700  0.0070  0.0070  0.0060  0.0050  1
 94:   0.0060  0.9740  0.0050  0.0050  0.0050  0.0050  1
 95:   0.0100  0.9389  0.0110  0.0120  0.0120  0.0160  1
 96:   0.0050  0.9720  0.0060  0.0060  0.0050  0.0060  1
 97:   0.1109  0.7083  0.0480  0.0430  0.0500  0.0400  1
 98:   0.0230  0.3410  0.1630  0.1420  0.1580  0.1730  1
 99:   0.0040  0.9700  0.0060  0.0060  0.0060  0.0080  1
100:   0.0090  0.8408  0.0400  0.0440  0.0430  0.0230  1
101:   0.0050  0.9590  0.0090  0.0080  0.0090  0.0100  1
102:   0.0921  0.7347  0.0450  0.0450  0.0470  0.0360  1
103:   0.0070  0.0080  0.1502  0.1481  0.1411  0.5455  1
104:   0.0050  0.0060  0.3490  0.3040  0.2520  0.0840  1
105:   0.0220  0.0070  0.2328  0.2527  0.3477  0.1379  1
106:   0.0120  0.0200  0.2270  0.3190  0.3860  0.0360  1
107:   0.0080  0.0180  0.2290  0.2560  0.2960  0.1930  1
108:   0.0190  0.0160  0.1320  0.2640  0.3560  0.2130  1
109:   0.0400  0.0200  0.2873  0.2162  0.1842  0.2523  1
110:   0.0190  0.0050  0.3770  0.3370  0.2050  0.0570  1
111:   0.0070  0.0060  0.3804  0.2793  0.2963  0.0310  1
112:   0.0050  0.0150  0.3556  0.2537  0.1928  0.1778  1
113:   0.0090  0.0340  0.4020  0.2610  0.2240  0.0700  1
114:   0.0080  0.0120  0.3884  0.3153  0.2623  0.0140  1
115:   0.0510  0.0060  0.1710  0.1870  0.2220  0.3630  1
116:   0.0040  0.0090  0.3380  0.3230  0.2460  0.0800  1
117:   0.0070  0.0060  0.1150  0.3170  0.5350  0.0200  1
118:   0.0070  0.0090  0.1932  0.2472  0.2002  0.3433  1
119:   0.0050  0.0110  0.3050  0.3310  0.2700  0.0780  1
120:   0.0050  0.0300  0.1390  0.3040  0.4850  0.0370  1
121:   0.0120  0.0200  0.1369  0.2757  0.3896  0.1658  1
122:   0.0150  0.0130  0.2560  0.2720  0.3170  0.1270  1
123:   0.0130  0.0110  0.1648  0.1968  0.2737  0.3407  1
124:   0.0090  0.0330  0.2537  0.2557  0.1948  0.2537  1
125:   0.0100  0.0060  0.4510  0.2840  0.2290  0.0200  1
126:   0.0180  0.0630  0.2340  0.3010  0.2920  0.0920  1
127:   0.0120  0.0120  0.2890  0.2750  0.2730  0.1390  1
128:   0.0060  0.5080  0.1320  0.1400  0.1740  0.0400  1
129:   0.0140  0.0641  0.2222  0.2653  0.2883  0.1461  1
130:   0.0120  0.0060  0.2360  0.2390  0.1990  0.3080  1
131:   0.0060  0.0590  0.1900  0.2360  0.3290  0.1800  1
132:   0.0040  0.0060  0.3710  0.3320  0.2710  0.0160  1
133:   0.0050  0.0710  0.1930  0.3060  0.3910  0.0340  1
134:   0.0070  0.0280  0.4464  0.3704  0.1161  0.0320  1
135:   0.0539  0.1139  0.1888  0.2368  0.3616  0.0450  1
136:   0.0090  0.0629  0.2258  0.2937  0.3437  0.0649  1
137:   0.0120  0.0070  0.2030  0.1650  0.1710  0.4420  1
138:   0.0080  0.0150  0.3594  0.3433  0.2472  0.0270  1
139:   0.0060  0.0200  0.2348  0.1748  0.1339  0.4306  1
140:   0.0631  0.0360  0.2182  0.2372  0.2573  0.1882  1
141:   0.0070  0.0060  0.3854  0.2923  0.2192  0.0901  1
142:   0.0090  0.0060  0.1439  0.3007  0.5045  0.0360  1
143:   0.0060  0.0260  0.2310  0.1950  0.2160  0.3260  1
144:   0.0060  0.0190  0.2610  0.2840  0.2770  0.1530  1
145:   0.0490  0.0100  0.1009  0.1269  0.1469  0.5664  1
146:   0.0190  0.0190  0.3390  0.2950  0.2220  0.1060  1
147:   0.0190  0.0070  0.0830  0.1050  0.1330  0.6530  1
148:   0.0090  0.0670  0.3890  0.3270  0.1770  0.0310  1
149:   0.0350  0.0060  0.1892  0.2402  0.2232  0.3063  1
150:   0.0910  0.0400  0.2200  0.2850  0.3310  0.0330  1
151:   0.0090  0.0080  0.3490  0.3470  0.2390  0.0480  1
152:   0.1390  0.0230  0.0420  0.0340  0.0310  0.7310  1
153:   0.0430  0.0250  0.3610  0.2740  0.1190  0.1780  1
154:   0.0580  0.0220  0.1060  0.0890  0.0520  0.6730  1
155:   0.0090  0.0090  0.4140  0.2950  0.1980  0.0750  1
156:   0.0330  0.2050  0.1230  0.1110  0.1020  0.4260  1
157:   0.0070  0.0160  0.3884  0.3554  0.1552  0.0781  1
158:   0.0060  0.0140  0.3686  0.3337  0.1878  0.0899  1
159:   0.2880  0.0420  0.1710  0.2000  0.1860  0.1130  1
160:   0.0100  0.0100  0.1060  0.1760  0.2400  0.4580  1
161:   0.0330  0.0270  0.2048  0.2428  0.2398  0.2527  1
162:   0.0120  0.0080  0.3514  0.2653  0.3183  0.0450  1
163:   0.0060  0.0050  0.1528  0.3137  0.4555  0.0669  1
164:   0.0080  0.0040  0.2803  0.3033  0.3323  0.0721  1
165:   0.0941  0.0040  0.4074  0.3253  0.1502  0.0190  1
166:   0.0050  0.1010  0.1580  0.2770  0.3660  0.0930  1
167:   0.0070  0.0060  0.0941  0.0831  0.0861  0.7237  1
168:   0.0140  0.0200  0.3013  0.2723  0.3644  0.0280  1
169:   0.0050  0.0060  0.3710  0.3390  0.2500  0.0290  1
170:   0.0140  0.0090  0.2140  0.2440  0.3730  0.1460  1
171:   0.0210  0.0070  0.1330  0.1420  0.1820  0.5150  1
172:   0.0100  0.0040  0.1898  0.1479  0.1518  0.4965  1
173:   0.0210  0.0110  0.2950  0.2760  0.3260  0.0710  1
174:   0.1180  0.0060  0.2740  0.2190  0.1620  0.2210  1
175:   0.0130  0.0050  0.1121  0.1051  0.0981  0.6667  1
176:   0.0130  0.0120  0.1410  0.1900  0.2090  0.4350  1
177:   0.0060  0.0050  0.2460  0.3000  0.3770  0.0660  1
178:   0.0170  0.0060  0.3010  0.3410  0.2560  0.0790  1
179:   0.0150  0.0210  0.0390  0.0529  0.0649  0.8072  1
180:   0.0060  0.0090  0.1730  0.2290  0.4520  0.1310  1
181:   0.0150  0.0641  0.1381  0.2442  0.4124  0.1261  1
182:   0.0110  0.0290  0.1169  0.3057  0.4805  0.0569  1
183:   0.0180  0.0701  0.1582  0.1251  0.0871  0.5415  1
184:   0.0080  0.0160  0.3110  0.2720  0.1940  0.1990  1
185:   0.0090  0.0220  0.2180  0.2050  0.1920  0.3540  1
186:   0.0040  0.0060  0.0860  0.3240  0.5560  0.0240  1
187:   0.0290  0.0070  0.3050  0.2560  0.2780  0.1250  1
188:   0.0210  0.0090  0.2990  0.2490  0.2690  0.1530  1
189:   0.0110  0.0100  0.1870  0.2360  0.3320  0.2240  1
190:   0.0300  0.0060  0.2348  0.2667  0.3027  0.1598  1
191:   0.0670  0.0710  0.1750  0.2540  0.2640  0.1690  1
192:   0.0559  0.0040  0.1119  0.1139  0.0989  0.6154  1
193:   0.0090  0.0090  0.3640  0.3010  0.1790  0.1380  1
194:   0.0210  0.0080  0.3380  0.2790  0.2590  0.0950  1
195:   0.0270  0.0060  0.1752  0.3283  0.3974  0.0661  1
196:   0.0070  0.3740  0.2200  0.1870  0.1210  0.0910  1
197:   0.0050  0.0310  0.2893  0.2763  0.2432  0.1552  1
198:   0.0110  0.0200  0.3257  0.2727  0.1818  0.1888  1
199:   0.0090  0.0090  0.1100  0.2540  0.4330  0.1850  1
200:   0.0060  0.0270  0.3686  0.3157  0.1998  0.0829  1
201:   0.0660  0.0050  0.1930  0.1650  0.1680  0.4030  1
202:   0.0050  0.0310  0.4066  0.3497  0.1479  0.0599  1
203:   0.0080  0.0470  0.1459  0.2787  0.4406  0.0799  1
204:   0.0120  0.0110  0.3520  0.3300  0.2790  0.0160  1
205:   0.0230  0.0120  0.3650  0.3080  0.2580  0.0340  1
206:   0.0230  0.0090  0.2450  0.2360  0.2670  0.2200  1
207:   0.0060  0.0250  0.1429  0.2478  0.4126  0.1658  1
208:   0.0050  0.0360  0.3263  0.2563  0.3614  0.0150  1
209:   0.0360  0.0090  0.4476  0.3167  0.1548  0.0360  1
210:   0.0100  0.0160  0.2940  0.3200  0.3120  0.0480  1
211:   0.0060  0.0080  0.3423  0.2743  0.3534  0.0160  1
212:   0.0310  0.0250  0.2800  0.2450  0.3390  0.0800  1
213:   0.0110  0.0170  0.4170  0.3090  0.1930  0.0530  1
214:   0.0301  0.0100  0.3537  0.3126  0.2645  0.0291  1
215:   0.0090  0.0150  0.2420  0.2380  0.3130  0.1830  1
216:   0.0120  0.0090  0.3570  0.2360  0.1720  0.2140  1
217:   0.0310  0.0070  0.1870  0.2910  0.3980  0.0860  1
218:   0.0140  0.0360  0.3530  0.2770  0.2070  0.1130  1
219:   0.0040  0.0060  0.1992  0.3153  0.4384  0.0370  1
220:   0.0120  0.3610  0.1930  0.2320  0.1830  0.0190  1
221:   0.0220  0.0260  0.2248  0.2368  0.3217  0.1688  1
222:   0.0910  0.0090  0.2260  0.1920  0.1390  0.3430  1
223:   0.0200  0.0060  0.0979  0.1009  0.0899  0.6853  1
224:   0.0160  0.0050  0.2500  0.2900  0.2900  0.1490  1
225:   0.1890  0.0070  0.0690  0.0730  0.0770  0.5850  1
226:   0.0290  0.0110  0.2770  0.2660  0.3690  0.0480  1
227:   0.0060  0.0090  0.4314  0.2693  0.2222  0.0621  1
228:   0.0070  0.0070  0.2620  0.2460  0.2110  0.2670  1
229:   0.0160  0.0230  0.2663  0.2843  0.2492  0.1612  1
230:   0.0230  0.0060  0.3223  0.3003  0.3123  0.0360  1
231:   0.0090  0.0070  0.1009  0.3047  0.5215  0.0569  1
232:   0.0040  0.0070  0.2680  0.2480  0.2970  0.1760  1
233:   0.0100  0.0170  0.0969  0.2787  0.5025  0.0949  1
234:   0.0280  0.0070  0.2190  0.2460  0.3250  0.1750  1
235:   0.0110  0.0090  0.3800  0.3220  0.2060  0.0720  1
236:   0.0140  0.0230  0.1990  0.2840  0.3200  0.1600  1
237:   0.0250  0.0360  0.2420  0.2450  0.3320  0.1200  1
238:   0.0290  0.0180  0.3497  0.3187  0.2478  0.0370  1
239:   0.0100  0.0170  0.2650  0.3410  0.3190  0.0480  1
240:   0.0170  0.1189  0.2118  0.1838  0.1229  0.3457  1
241:   0.0060  0.0100  0.1950  0.2830  0.3660  0.1400  1
242:   0.0110  0.0300  0.3190  0.3020  0.2650  0.0730  1
243:   0.0120  0.0110  0.2836  0.3036  0.3717  0.0180  1
244:   0.0040  0.0210  0.1640  0.2180  0.3320  0.2610  1
245:   0.0130  0.0140  0.4535  0.3894  0.0821  0.0480  1
246:   0.0060  0.0659  0.2867  0.2228  0.2148  0.2038  1
247:   0.0300  0.0050  0.3594  0.2543  0.1341  0.2172  1
248:   0.0100  0.0200  0.2380  0.3330  0.3760  0.0230  1
249:   0.0090  0.0060  0.3183  0.3463  0.2052  0.1151  1
250:   0.0330  0.0110  0.1230  0.2770  0.4900  0.0660  1
251:   0.0060  0.0250  0.1582  0.2022  0.2052  0.4034  1
252:   0.0310  0.0360  0.3626  0.2797  0.2368  0.0539  1
253:   0.0100  0.0609  0.2458  0.2927  0.3746  0.0160  1
254:   0.0080  0.0100  0.3786  0.2607  0.3157  0.0270  1
255:   0.0060  0.0529  0.3207  0.2797  0.3187  0.0220  1
256:   0.0100  0.0040  0.1341  0.2142  0.2953  0.3423  1
257:   0.0170  0.0260  0.1970  0.3000  0.3630  0.0970  1
258:   0.0060  0.0050  0.2800  0.2280  0.1400  0.3410  1
259:   0.0060  0.0080  0.2773  0.2913  0.3514  0.0661  1
260:   0.0210  0.0090  0.2747  0.2967  0.2927  0.1059  1
261:   0.0070  0.0100  0.3530  0.3830  0.2000  0.0470  1
262:   0.0070  0.0080  0.4580  0.3140  0.1820  0.0310  1
263:   0.1421  0.0100  0.2923  0.2713  0.2693  0.0150  1
264:   0.0290  0.0150  0.4635  0.3207  0.1578  0.0140  1
265:   0.0240  0.0120  0.4120  0.3620  0.0880  0.1020  1
266:   0.0090  0.0240  0.3650  0.2970  0.1660  0.1390  1
267:   0.0120  0.1229  0.2617  0.2298  0.1399  0.2338  1
268:   0.0670  0.3050  0.1880  0.1320  0.1070  0.2010  1
269:   0.0110  0.0190  0.0681  0.0581  0.0450  0.7988  1
270:   0.0060  0.0230  0.3410  0.2810  0.2310  0.1180  1
271:   0.0340  0.0490  0.3190  0.3040  0.2460  0.0480  1
272:   0.0190  0.0070  0.0350  0.0440  0.0410  0.8540  1
273:   0.0270  0.0050  0.2940  0.2810  0.2890  0.1040  1
274:   0.0260  0.0270  0.2220  0.2410  0.2410  0.2430  1
275:   0.0090  0.0270  0.2770  0.3360  0.2910  0.0600  1
276:   0.0890  0.0100  0.1190  0.1210  0.1360  0.5250  1
277:   0.0120  0.0060  0.1828  0.3077  0.4016  0.0899  1
278:   0.0910  0.0860  0.3100  0.2680  0.1970  0.0480  1
279:   0.0280  0.0220  0.3250  0.2390  0.1900  0.1960  1
280:   0.0060  0.0140  0.1938  0.2787  0.3746  0.1329  1
281:   0.0040  0.0300  0.4420  0.2750  0.2330  0.0160  1
282:   0.0530  0.0130  0.2620  0.2790  0.2260  0.1670  1
283:   0.2660  0.0150  0.1810  0.2080  0.2380  0.0920  1
284:   0.0470  0.0080  0.1900  0.2040  0.2250  0.3260  1
285:   0.0190  0.0529  0.3896  0.3467  0.1598  0.0320  1
286:   0.0100  0.0120  0.1330  0.2870  0.5250  0.0330  1
287:   0.0120  0.0509  0.1359  0.2827  0.4515  0.0669  1
288:   0.0150  0.0200  0.1518  0.2677  0.4246  0.1209  1
289:   0.0100  0.0050  0.3600  0.2890  0.3000  0.0360  1
290:   0.0080  0.0230  0.3230  0.3000  0.2720  0.0740  1
291:   0.0200  0.0200  0.1768  0.3317  0.3916  0.0599  1
292:   0.0330  0.0210  0.1331  0.1321  0.1171  0.5636  1
293:   0.0080  0.0120  0.1520  0.1230  0.1420  0.5630  1
294:   0.0800  0.1780  0.1490  0.2370  0.3300  0.0260  1
295:   0.0090  0.0330  0.0969  0.1668  0.1878  0.5065  1
296:   0.0480  0.0080  0.2700  0.2300  0.1970  0.2470  1
297:   0.0671  0.0100  0.2763  0.2202  0.2392  0.1872  1
298:   0.0070  0.0110  0.3180  0.2720  0.3760  0.0160  1
299:   0.0320  0.0240  0.3530  0.2860  0.2490  0.0560  1
300:   0.0180  0.0120  0.2707  0.2258  0.1329  0.3407  1
301:   0.0050  0.1140  0.1820  0.2450  0.4230  0.0310  1
302:   0.0110  0.0060  0.1668  0.3147  0.4815  0.0200  1
303:   0.0700  0.0080  0.2880  0.2990  0.3190  0.0160  1
304:   0.0090  0.0050  0.2700  0.2580  0.3670  0.0910  1
305:   0.0080  0.0280  0.2727  0.2727  0.2687  0.1499  1
306:   0.0090  0.0090  0.3606  0.3137  0.2268  0.0809  1
307:   0.0310  0.0160  0.3017  0.2977  0.2018  0.1518  1
308:   0.0070  0.0180  0.3734  0.2693  0.2823  0.0501  1
309:   0.0440  0.0080  0.1638  0.1319  0.1279  0.5245  1
310:   0.1380  0.0080  0.2800  0.2720  0.2380  0.0640  1
311:   0.0210  0.0080  0.2857  0.2108  0.2278  0.2468  1
312:   0.0300  0.0870  0.1070  0.2210  0.3230  0.2320  1
313:   0.0060  0.0050  0.3500  0.2420  0.2930  0.1040  1
314:   0.0480  0.0921  0.1852  0.1742  0.1151  0.3854  1
315:   0.0080  0.0120  0.1270  0.0880  0.0640  0.7010  1
316:   0.0810  0.0090  0.2420  0.2240  0.1270  0.3170  1
317:   0.0300  0.0260  0.2050  0.2870  0.3550  0.0970  1
318:   0.0150  0.0060  0.1109  0.0889  0.0839  0.6953  1
319:   0.1912  0.0070  0.1622  0.2062  0.2442  0.1892  1
320:   0.0661  0.2683  0.1722  0.1852  0.2162  0.0921  1
321:   0.0050  0.0120  0.4154  0.3243  0.1832  0.0601  1
322:   0.0170  0.0390  0.1740  0.2290  0.2400  0.3010  1
323:   0.0130  0.0270  0.2570  0.3190  0.3570  0.0270  1
324:   0.0070  0.0080  0.3930  0.2730  0.2610  0.0580  1
325:   0.0190  0.0260  0.0950  0.0850  0.0680  0.7070  1
326:   0.0070  0.0040  0.3560  0.2730  0.3340  0.0260  1
327:   0.0050  0.0110  0.2890  0.2190  0.2550  0.2210  1
328:   0.0180  0.0400  0.3117  0.2807  0.2577  0.0919  1
329:   0.0190  0.0270  0.2680  0.2810  0.3540  0.0510  1
330:   0.0040  0.0250  0.1001  0.2012  0.3403  0.3293  1
331:   0.0050  0.0140  0.0790  0.0750  0.0670  0.7600  1
332:   0.0110  0.0040  0.3173  0.2412  0.3714  0.0551  1
333:   0.0110  0.0080  0.2312  0.2883  0.4434  0.0180  1
334:   0.0060  0.0280  0.2780  0.2330  0.0740  0.3810  1
335:   0.0080  0.0549  0.3377  0.3107  0.2238  0.0649  1
336:   0.0060  0.0110  0.0120  0.0150  0.0130  0.9430  1
337:   0.0290  0.0140  0.0620  0.0660  0.0400  0.7890  1
338:   0.0060  0.0629  0.0120  0.0110  0.0120  0.8961  1
339:   0.0060  0.0050  0.0060  0.0070  0.0060  0.9700  1
340:   0.0260  0.0060  0.0100  0.0110  0.0100  0.9370  1
341:   0.0070  0.0100  0.3143  0.2963  0.2903  0.0821  1
342:   0.0050  0.0050  0.0060  0.0060  0.0060  0.9720  1
343:   0.0070  0.0180  0.0120  0.0130  0.0120  0.9381  1
344:   0.0090  0.0100  0.0100  0.0090  0.0100  0.9520  1
345:   0.0080  0.0050  0.0070  0.0070  0.0070  0.9660  1
346:   0.0120  0.0070  0.0090  0.0090  0.0100  0.9530  1
347:   0.0090  0.0070  0.0120  0.0130  0.0120  0.9471  1
348:   0.0180  0.0549  0.0330  0.0280  0.0250  0.8412  1
349:   0.0050  0.0070  0.0060  0.0060  0.0060  0.9700  1
350:   0.0060  0.0831  0.0200  0.0200  0.0180  0.8529  1
351:   0.0350  0.0060  0.0090  0.0110  0.0100  0.9291  1
352:   0.0060  0.0120  0.2650  0.2560  0.3360  0.1250  1
353:   0.0140  0.0070  0.0090  0.0110  0.0100  0.9491  1
354:   0.0130  0.0060  0.0080  0.0110  0.0100  0.9520  1
355:   0.0160  0.0090  0.0110  0.0120  0.0120  0.9400  1
356:   0.0090  0.0210  0.4500  0.2810  0.2030  0.0360  1
357:   0.1490  0.0140  0.0940  0.1090  0.1550  0.4790  1
358:   0.0110  0.0320  0.2222  0.2813  0.3363  0.1171  1
359:   0.0250  0.0100  0.3400  0.3010  0.2560  0.0680  1
360:   0.0610  0.0370  0.1650  0.1620  0.1290  0.4460  1
361:   0.0939  0.0160  0.1289  0.1389  0.1289  0.4935  1
362:   0.0050  0.0330  0.2022  0.3213  0.4044  0.0340  1
363:   0.0070  0.0060  0.0969  0.1059  0.0929  0.6913  1
364:   0.0070  0.0060  0.3996  0.2907  0.2468  0.0500  1
365:   0.0070  0.0080  0.0500  0.0460  0.0360  0.8530  1
366:   0.0050  0.0080  0.1890  0.2060  0.1900  0.4020  1
367:   0.0150  0.0300  0.2817  0.3157  0.2747  0.0829  1
368:   0.0120  0.0120  0.2060  0.3100  0.3960  0.0640  1
369:   0.0050  0.0120  0.2090  0.1610  0.1470  0.4660  1
370:   0.0420  0.0060  0.1150  0.1110  0.1230  0.6030  1
371:   0.0530  0.0110  0.1390  0.1840  0.2400  0.3730  1
372:   0.0460  0.0080  0.0859  0.0719  0.0340  0.7542  1
373:   0.0170  0.0120  0.2513  0.3093  0.3534  0.0571  1
374:   0.0530  0.1430  0.1960  0.2150  0.2170  0.1760  1
375:   0.0230  0.0050  0.3397  0.2388  0.1988  0.1948  1
376:   0.0140  0.0120  0.2997  0.2458  0.2507  0.1778  1
377:   0.0110  0.0130  0.3730  0.2810  0.2840  0.0380  1
378:   0.0090  0.0250  0.0881  0.1231  0.1692  0.5856  1
379:   0.0120  0.0080  0.3063  0.2773  0.2913  0.1051  1
380:   0.0170  0.0070  0.3840  0.2820  0.2770  0.0330  1
381:   0.0120  0.0170  0.2252  0.1722  0.1792  0.3944  1
382:   0.0270  0.0070  0.4234  0.3323  0.1842  0.0260  1
383:   0.0160  0.0509  0.3487  0.2867  0.2507  0.0470  1
384:   0.0130  0.0110  0.2593  0.2713  0.2683  0.1772  1
385:   0.0050  0.0030  0.4106  0.3097  0.2058  0.0659  1
386:   0.0100  0.0380  0.1952  0.2372  0.2913  0.2282  1
387:   0.0080  0.0050  0.1512  0.1912  0.2302  0.4144  1
388:   0.0140  0.0160  0.2100  0.2720  0.3350  0.1530  1
389:   0.0070  0.0220  0.3470  0.2730  0.2000  0.1510  1
390:   0.0040  0.0300  0.1250  0.1470  0.1120  0.5820  1
391:   0.0070  0.0090  0.3177  0.3057  0.2547  0.1059  1
392:   0.0170  0.0040  0.1201  0.3153  0.5065  0.0370  1
393:   0.0070  0.0320  0.2980  0.2660  0.1780  0.2190  1
394:   0.0070  0.0060  0.2010  0.3160  0.4390  0.0310  1
395:   0.0060  0.0070  0.1290  0.3170  0.5230  0.0180  1
396:   0.0060  0.0100  0.3360  0.2830  0.2600  0.1050  1
397:   0.0080  0.0090  0.2070  0.3070  0.4180  0.0510  1
398:   0.0220  0.4380  0.1080  0.1370  0.1390  0.1560  1
399:   0.0120  0.0150  0.3840  0.2950  0.1910  0.1030  1
400:   0.0320  0.0200  0.3680  0.3080  0.2210  0.0510  1
401:   0.0080  0.0150  0.1550  0.2720  0.5000  0.0500  1
402:   0.0160  0.0070  0.2482  0.3303  0.3754  0.0230  1
403:   0.0070  0.0140  0.3840  0.2200  0.2230  0.1520  1
404:   0.0220  0.0060  0.2080  0.2520  0.4050  0.1070  1
405:   0.0100  0.0500  0.2120  0.2100  0.2680  0.2500  1
406:   0.0490  0.0080  0.3060  0.2440  0.2320  0.1610  1
407:   0.0140  0.0090  0.3666  0.3207  0.1858  0.1039  1
408:   0.0080  0.0110  0.1928  0.3157  0.4236  0.0490  1
409:   0.0210  0.0110  0.3170  0.3120  0.1910  0.1480  1
410:   0.0090  0.0140  0.4494  0.2513  0.2492  0.0270  1
411:   0.0350  0.0080  0.2280  0.2300  0.2290  0.2700  1
412:   0.0140  0.0090  0.3990  0.2940  0.2070  0.0770  1
413:   0.0060  0.0110  0.2513  0.3083  0.3884  0.0350  1
414:   0.0200  0.0080  0.2020  0.2260  0.4140  0.1300  1
415:   0.0070  0.0410  0.3854  0.2873  0.2042  0.0751  1
416:   0.0100  0.0080  0.2967  0.2877  0.3626  0.0350  1
417:   0.0130  0.0320  0.3010  0.2650  0.2700  0.1190  1
418:   0.0060  0.0240  0.3686  0.2248  0.1758  0.2008  1
419:   0.0120  0.0450  0.1980  0.2340  0.2930  0.2180  1
420:   0.0080  0.2032  0.1902  0.2412  0.3323  0.0250  1
421:   0.0100  0.0550  0.3570  0.3180  0.1910  0.0690  1
422:   0.1120  0.0690  0.1200  0.1250  0.1290  0.4450  1
423:   0.0160  0.0040  0.2500  0.2980  0.2760  0.1560  1
424:   0.0170  0.0120  0.2240  0.2900  0.3990  0.0580  1
425:   0.0080  0.0060  0.2048  0.2697  0.3696  0.1419  1
426:   0.0370  0.0080  0.1532  0.1822  0.1772  0.4424  1
427:   0.0050  0.0090  0.2950  0.3670  0.3010  0.0230  1
428:   0.0060  0.0120  0.2070  0.3150  0.3340  0.1260  1
429:   0.0150  0.0040  0.4496  0.3467  0.1548  0.0300  1
430:   0.3500  0.0140  0.1420  0.1530  0.1280  0.2130  1
431:   0.0070  0.0070  0.3073  0.3393  0.3183  0.0210  1
432:   0.0090  0.0070  0.1460  0.2090  0.2530  0.3760  1
433:   0.0260  0.0070  0.2857  0.1908  0.1329  0.3576  1
434:   0.0080  0.0140  0.3784  0.2963  0.2462  0.0571  1
435:   0.0100  0.0160  0.3600  0.2800  0.3180  0.0160  1
436:   0.0090  0.0651  0.3443  0.2893  0.2743  0.0180  1
437:   0.2132  0.0761  0.2513  0.2242  0.1612  0.0741  1
438:   0.0420  0.0050  0.4464  0.2713  0.1922  0.0430  1
439:   0.0120  0.0090  0.0611  0.0711  0.0671  0.7798  1
440:   0.0050  0.0290  0.1898  0.1459  0.1429  0.4875  1
441:   0.0591  0.0200  0.3704  0.3263  0.1992  0.0250  1
442:   0.2210  0.0320  0.2860  0.2420  0.1830  0.0360  1
443:   0.0190  0.0080  0.1960  0.1430  0.0820  0.5520  1
444:   0.0150  0.0190  0.2723  0.2432  0.0971  0.3534  1
445:   0.0100  0.0070  0.2470  0.1860  0.1370  0.4130  1
446:   0.0130  0.0150  0.1491  0.1572  0.1992  0.4665  1
447:   0.0100  0.0250  0.2300  0.2270  0.2720  0.2360  1
448:   0.0640  0.1130  0.0940  0.1150  0.1460  0.4680  1
449:   0.0090  0.0250  0.0920  0.3120  0.5000  0.0620  1
450:   0.0550  0.0210  0.0300  0.0320  0.0450  0.8170  1
451:   0.0050  0.0661  0.1401  0.1752  0.1702  0.4434  1
452:   0.0180  0.0090  0.3896  0.3107  0.2228  0.0500  1
453:   0.0110  0.0420  0.2710  0.2700  0.3550  0.0510  1
454:   0.0540  0.0170  0.3820  0.2860  0.2030  0.0580  1
455:   0.0110  0.0050  0.3397  0.2957  0.2977  0.0509  1
456:   0.0140  0.0090  0.3350  0.2810  0.2510  0.1100  1
457:   0.0060  0.0110  0.4196  0.3227  0.2208  0.0200  1
458:   0.0130  0.0120  0.0969  0.1029  0.0629  0.7123  1
459:   0.0400  0.0160  0.2490  0.2010  0.2080  0.2860  1
460:   0.0591  0.0180  0.1481  0.3103  0.4404  0.0240  1
461:   0.0390  0.0521  0.1962  0.2643  0.3433  0.1051  1
462:   0.0080  0.0090  0.1660  0.3350  0.4520  0.0300  1
463:   0.0340  0.0240  0.1390  0.1470  0.1350  0.5210  1
464:   0.0120  0.0390  0.1920  0.3170  0.3940  0.0460  1
465:   0.0599  0.0150  0.1778  0.1359  0.1349  0.4765  1
466:   0.1120  0.0420  0.0600  0.0930  0.0980  0.5950  1
467:   0.0160  0.0140  0.2060  0.3310  0.3730  0.0600  1
468:   0.0080  0.0090  0.2232  0.2042  0.2262  0.3293  1
469:   0.0080  0.0090  0.2870  0.2790  0.2920  0.1250  1
470:   0.0541  0.0100  0.1872  0.2693  0.4084  0.0711  1
471:   0.0060  0.0050  0.2653  0.2623  0.4494  0.0120  1
472:   0.0350  0.0190  0.2060  0.3110  0.4150  0.0140  1
473:   0.0160  0.0100  0.3830  0.3010  0.2230  0.0670  1
474:   0.0070  0.0050  0.2302  0.3013  0.3724  0.0841  1
475:   0.0050  0.0070  0.1840  0.3550  0.4210  0.0280  1
476:   0.0060  0.0120  0.3614  0.3063  0.2553  0.0591  1
477:   0.0581  0.0090  0.2843  0.2212  0.2112  0.2162  1
478:   0.0850  0.0100  0.1910  0.1880  0.2000  0.3260  1
479:   0.0070  0.1168  0.1198  0.2735  0.4371  0.0459  1
480:   0.0080  0.0200  0.3033  0.2713  0.3544  0.0430  1
481:   0.0110  0.0170  0.3590  0.3290  0.2160  0.0680  1
482:   0.0060  0.0090  0.1752  0.2002  0.2042  0.4054  1
483:   0.0180  0.0090  0.4230  0.3240  0.2030  0.0230  1
484:   0.0060  0.0981  0.1502  0.2102  0.2342  0.3013  1
485:   0.4120  0.0500  0.0520  0.0470  0.0390  0.4000  1
486:   0.0080  0.0410  0.2150  0.1840  0.1070  0.4450  1
487:   0.0090  0.0090  0.2310  0.2300  0.3150  0.2060  1
488:   0.0240  0.0590  0.2240  0.1980  0.2870  0.2080  1
489:   0.0100  0.0380  0.2757  0.2957  0.2557  0.1249  1
490:   0.0110  0.0160  0.0560  0.0440  0.0540  0.8190  1
491:   0.0070  0.0090  0.1390  0.2350  0.4420  0.1680  1
492:   0.0150  0.0090  0.3440  0.2590  0.2930  0.0800  1
493:   0.0040  0.0090  0.2540  0.2870  0.2340  0.2120  1
494:   0.0080  0.0070  0.3870  0.2890  0.2570  0.0520  1
495:   0.0210  0.0150  0.3193  0.3213  0.2472  0.0761  1
496:   0.0889  0.0140  0.3447  0.2807  0.2258  0.0460  1
497:   0.0080  0.0090  0.0871  0.1782  0.2362  0.4815  1
498:   0.0120  0.0140  0.3347  0.2607  0.2717  0.1069  1
499:   0.0060  0.0100  0.2488  0.3427  0.3646  0.0280  1
500:   0.0090  0.0060  0.2280  0.2580  0.4760  0.0230  1
501:   0.0140  0.0080  0.2470  0.2990  0.2320  0.2000  1
502:   0.0520  0.0900  0.2120  0.2810  0.3430  0.0220  1
503:   0.0080  0.0040  0.2048  0.3127  0.4236  0.0470  1
504:   0.0080  0.0180  0.1732  0.2162  0.2663  0.3183  1
505:   0.0841  0.0060  0.2052  0.1562  0.1061  0.4424  1
506:   0.0240  0.0470  0.2670  0.2730  0.2950  0.0940  1
507:   0.0950  0.0310  0.2300  0.1760  0.1270  0.3410  1
508:   0.0110  0.0070  0.2138  0.3127  0.4046  0.0509  1
509:   0.0040  0.0070  0.4650  0.3650  0.1360  0.0230  1
510:   0.0060  0.0520  0.2160  0.2650  0.3250  0.1360  1
511:   0.0100  0.0330  0.2670  0.2370  0.2480  0.2050  1
512:   0.0110  0.0080  0.2162  0.1902  0.2422  0.3323  1
513:   0.0140  0.0080  0.3210  0.2720  0.3170  0.0680  1
514:   0.0220  0.0100  0.2230  0.2530  0.3270  0.1650  1
515:   0.0060  0.0110  0.2312  0.2903  0.3914  0.0701  1
516:   0.0260  0.0060  0.1169  0.2757  0.4585  0.1169  1
517:   0.0310  0.0040  0.1260  0.2330  0.4360  0.1700  1
518:   0.1608  0.0130  0.2328  0.2068  0.1768  0.2098  1
519:   0.0440  0.1720  0.1500  0.1640  0.2290  0.2410  1
520:   0.0140  0.0140  0.3400  0.3130  0.2440  0.0750  1
521:   0.0070  0.0370  0.1460  0.2750  0.3080  0.2270  1
522:   0.0110  0.5390  0.1170  0.1250  0.1030  0.1050  1
523:   0.0200  0.0090  0.3007  0.3347  0.2458  0.0899  1
524:   0.0050  0.0060  0.3267  0.2627  0.2507  0.1489  1
525:   0.0110  0.0050  0.2763  0.2573  0.4084  0.0420  1
526:   0.0160  0.0130  0.0920  0.1150  0.1520  0.6120  1
527:   0.0070  0.0200  0.2440  0.3060  0.4030  0.0200  1
528:   0.0090  0.0040  0.1500  0.2790  0.5230  0.0350  1
529:   0.0140  0.3030  0.1050  0.2160  0.3440  0.0180  1
530:   0.0430  0.0240  0.1712  0.0961  0.1181  0.5475  1
531:   0.0070  0.0340  0.2132  0.2392  0.3013  0.2052  1
532:   0.0140  0.1330  0.2190  0.2010  0.2350  0.1980  1
533:   0.0120  0.0160  0.2617  0.2787  0.3277  0.1039  1
534:   0.0520  0.0110  0.1200  0.1930  0.2550  0.3690  1
535:   0.0180  0.0090  0.2400  0.2570  0.2410  0.2350  1
536:   0.0120  0.0250  0.3810  0.2910  0.2470  0.0440  1
537:   0.0390  0.0310  0.2262  0.1952  0.1872  0.3213  1
538:   0.0040  0.0060  0.3063  0.3133  0.1832  0.1872  1
539:   0.0140  0.0060  0.1978  0.1978  0.2537  0.3307  1
540:   0.0100  0.0150  0.3170  0.2370  0.3140  0.1070  1
541:   0.0110  0.0920  0.1710  0.2370  0.4570  0.0320  1
542:   0.0090  0.0591  0.1702  0.1932  0.1602  0.4084  1
543:   0.0040  0.0100  0.4520  0.2840  0.2120  0.0380  1
544:   0.0380  0.0480  0.1090  0.1030  0.0890  0.6130  1
545:   0.0330  0.0240  0.1229  0.1009  0.1009  0.6184  1
546:   0.0180  0.0110  0.3020  0.3040  0.2500  0.1150  1
547:   0.0080  0.0160  0.2630  0.2930  0.3770  0.0430  1
548:   0.0060  0.0160  0.2800  0.2040  0.2430  0.2510  1
549:   0.0200  0.0180  0.0680  0.1510  0.1850  0.5580  1
550:   0.0050  0.0050  0.3257  0.3066  0.2756  0.0822  1
551:   0.0060  0.0561  0.3814  0.2923  0.1842  0.0801  1
552:   0.0040  0.0070  0.0939  0.3137  0.5255  0.0559  1
553:   0.0240  0.0080  0.0900  0.2750  0.5580  0.0450  1
554:   0.0400  0.0140  0.3167  0.3157  0.2607  0.0529  1
555:   0.0260  0.0090  0.2132  0.2963  0.3183  0.1371  1
556:   0.0200  0.0160  0.0931  0.1522  0.2202  0.4985  1
557:   0.0100  0.0120  0.1550  0.2930  0.4570  0.0730  1
558:   0.0070  0.0090  0.1810  0.3020  0.4050  0.0960  1
559:   0.0320  0.0050  0.4450  0.2950  0.1570  0.0660  1
560:   0.0180  0.0070  0.2360  0.1720  0.1970  0.3700  1
561:   0.0110  0.0100  0.1481  0.1201  0.1081  0.6026  1
562:   0.0100  0.0070  0.3590  0.2760  0.3180  0.0300  1
563:   0.0080  0.0090  0.2295  0.2824  0.2954  0.1756  1
564:   0.2500  0.0060  0.2680  0.2210  0.2110  0.0440  1
565:   0.0090  0.0250  0.2458  0.2647  0.3487  0.1069  1
566:   0.0210  0.0260  0.3140  0.3290  0.2860  0.0240  1
567:   0.0100  0.0840  0.2990  0.3100  0.2560  0.0410  1
568:   0.0370  0.0180  0.3200  0.3390  0.2690  0.0170  1
569:   0.0050  0.0090  0.1998  0.3377  0.3836  0.0649  1
570:   0.0060  0.0120  0.2943  0.2883  0.3674  0.0320  1
571:   0.0080  0.0609  0.3746  0.3177  0.2098  0.0290  1
572:   0.0090  0.0110  0.1612  0.2903  0.4935  0.0350  1
573:   0.1860  0.0110  0.1570  0.1560  0.1260  0.3640  1
574:   0.0300  0.0190  0.2930  0.3320  0.2220  0.1040  1
575:   0.0160  0.0060  0.1622  0.2693  0.3343  0.2122  1
576:   0.0480  0.0070  0.0979  0.2707  0.5015  0.0749  1
577:   0.0561  0.0160  0.1932  0.2142  0.2412  0.2793  1
578:   0.2422  0.0280  0.1461  0.2042  0.3353  0.0440  1
579:   0.0230  0.0060  0.3360  0.2620  0.2050  0.1680  1
580:   0.0080  0.0390  0.1972  0.2943  0.4464  0.0150  1
581:   0.0060  0.0040  0.2010  0.3060  0.4650  0.0180  1
582:   0.1070  0.0420  0.2090  0.2030  0.1480  0.2910  1
583:   0.1160  0.0750  0.1590  0.1870  0.2340  0.2290  1
584:   0.0160  0.0120  0.1928  0.2318  0.2907  0.2567  1
585:   0.0170  0.1160  0.0850  0.1080  0.1540  0.5200  1
586:   0.0110  0.0160  0.3037  0.2747  0.1908  0.2038  1
587:   0.0110  0.0060  0.1660  0.1770  0.2470  0.3930  1
588:   0.0260  0.0190  0.3337  0.3137  0.2647  0.0430  1
589:   0.0450  0.0190  0.3906  0.3447  0.1818  0.0190  1
590:   0.0180  0.0140  0.2787  0.1738  0.1109  0.4046  1
591:   0.0060  0.0660  0.3280  0.2670  0.3180  0.0150  1
592:   0.0170  0.0080  0.4316  0.3357  0.1279  0.0799  1
593:   0.0170  0.0060  0.1500  0.3100  0.4980  0.0190  1
594:   0.0270  0.0060  0.2468  0.2937  0.2238  0.2028  1
595:   0.0140  0.7040  0.0610  0.0730  0.0740  0.0740  1
596:   0.0140  0.0250  0.3070  0.3120  0.2710  0.0710  1
597:   0.0200  0.0349  0.1737  0.2236  0.3024  0.2455  1
598:   0.0060  0.0050  0.0400  0.0600  0.1020  0.7870  1
599:   0.0450  0.0230  0.3093  0.2232  0.1762  0.2232  1
600:   0.0400  0.0651  0.2372  0.2032  0.2072  0.2472  1
601:   0.1031  0.0060  0.1211  0.1171  0.1071  0.5455  1
602:   0.0550  0.0140  0.3220  0.2590  0.1640  0.1860  1
603:   0.0110  0.0450  0.2553  0.2513  0.3704  0.0671  1
604:   0.0120  0.0260  0.2820  0.2960  0.3710  0.0130  1
605:   0.0080  0.0180  0.2160  0.2910  0.2750  0.1920  1
606:   0.0180  0.0330  0.3237  0.2557  0.2458  0.1239  1
607:   0.0250  0.0070  0.3690  0.2700  0.2960  0.0330  1
608:   0.0090  0.0110  0.3130  0.2940  0.1650  0.2080  1
609:   0.0090  0.0070  0.3600  0.2700  0.2470  0.1070  1
610:   0.0360  0.0180  0.3490  0.2860  0.2100  0.1010  1
611:   0.0060  0.0090  0.2418  0.3227  0.4056  0.0150  1
612:   0.0320  0.0060  0.2503  0.2382  0.2452  0.2282  1
613:   0.0230  0.0200  0.3180  0.3310  0.1200  0.1880  1
614:   0.0060  0.0080  0.1962  0.2693  0.4094  0.1111  1
615:   0.0240  0.0110  0.1730  0.2540  0.3740  0.1640  1
616:   0.0130  0.0090  0.2970  0.2580  0.2970  0.1260  1
617:   0.0100  0.0130  0.4060  0.2840  0.2520  0.0350  1
618:   0.0140  0.0160  0.1620  0.2790  0.3480  0.1810  1
619:   0.0330  0.1690  0.1740  0.2390  0.3100  0.0750  1
620:   0.0080  0.0150  0.0779  0.0879  0.1149  0.6963  1
621:   0.0760  0.0050  0.0880  0.1340  0.2070  0.4900  1
622:   0.0140  0.0080  0.0740  0.0830  0.0920  0.7290  1
623:   0.0030  0.0040  0.3307  0.3367  0.3057  0.0200  1
624:   0.0220  0.0170  0.2260  0.1990  0.1990  0.3370  1
625:   0.0070  0.0100  0.3243  0.2663  0.3183  0.0741  1
626:   0.0050  0.4875  0.1872  0.1471  0.1421  0.0310  1
627:   0.0380  0.0040  0.1370  0.2980  0.4480  0.0750  1
628:   0.0070  0.0120  0.1560  0.2830  0.4890  0.0530  1
629:   0.0210  0.1270  0.1210  0.2980  0.3990  0.0340  1
630:   0.0060  0.0080  0.3387  0.2737  0.2617  0.1119  1
631:   0.0090  0.0090  0.2018  0.2777  0.3816  0.1209  1
632:   0.0120  0.0170  0.1380  0.1210  0.1100  0.6020  1
633:   0.1010  0.0140  0.3130  0.2780  0.2560  0.0380  1
634:   0.0180  0.0070  0.1290  0.1560  0.1980  0.4920  1
635:   0.0110  0.0120  0.3010  0.2740  0.3350  0.0670  1
636:   0.0190  0.2210  0.1340  0.1600  0.1730  0.2930  1
637:   0.0100  0.0230  0.2590  0.3060  0.3070  0.0950  1
638:   0.0440  0.0210  0.2188  0.2068  0.2368  0.2727  1
639:   0.0110  0.0130  0.1251  0.3143  0.5205  0.0160  1
640:   0.0110  0.0200  0.1499  0.2008  0.2807  0.3377  1
641:   0.0100  0.0080  0.3810  0.3340  0.2320  0.0350  1
642:   0.0100  0.0100  0.1960  0.2230  0.3500  0.2110  1
643:   0.0300  0.0120  0.3163  0.2753  0.2382  0.1281  1
644:   0.0689  0.0150  0.1828  0.2378  0.2118  0.2837  1
645:   0.0490  0.0070  0.2120  0.2010  0.2200  0.3110  1
646:   0.0170  0.0190  0.0790  0.1110  0.1500  0.6240  1
647:   0.0060  0.0130  0.2012  0.2673  0.4965  0.0160  1
648:   0.0870  0.0130  0.0950  0.0850  0.0550  0.6650  1
649:   0.0380  0.0070  0.2637  0.2697  0.3876  0.0340  1
650:   0.0060  0.0210  0.2250  0.2900  0.3390  0.1190  1
651:   0.0110  0.0160  0.0720  0.0780  0.0570  0.7660  1
652:   0.0340  0.0060  0.2720  0.2100  0.1460  0.3320  1
653:   0.0100  0.0150  0.3580  0.2750  0.2260  0.1160  1
654:   0.0070  0.0120  0.2600  0.2430  0.3060  0.1720  1
655:   0.0380  0.0120  0.1161  0.1421  0.1992  0.4925  1
656:   0.0150  0.0080  0.0960  0.1310  0.1670  0.5830  1
657:   0.0190  0.0080  0.1966  0.2076  0.1168  0.4521  1
658:   0.0320  0.0330  0.2867  0.2937  0.2148  0.1399  1
659:   0.0120  0.0150  0.3520  0.2690  0.2790  0.0730  1
660:   0.0170  0.0140  0.1180  0.1280  0.1280  0.5950  1
661:   0.0110  0.0450  0.1870  0.2840  0.4250  0.0480  1
662:   0.0570  0.4660  0.1370  0.1690  0.1250  0.0460  1
663:   0.0060  0.0110  0.0671  0.0671  0.0641  0.7848  1
664:   0.0160  0.0060  0.2490  0.2920  0.3540  0.0830  1
665:   0.0809  0.0260  0.2408  0.1988  0.1878  0.2657  1
666:   0.0050  0.0260  0.1618  0.2008  0.2468  0.3596  1
667:   0.0110  0.0110  0.1310  0.3070  0.4980  0.0420  1
668:   0.1150  0.0360  0.1880  0.2020  0.1690  0.2900  1
669:   0.0080  0.0040  0.1170  0.1590  0.1750  0.5370  1
670:   0.0080  0.0330  0.3920  0.3110  0.2040  0.0520  1
671:   0.0500  0.0040  0.1290  0.1030  0.0700  0.6440  1
672:   0.0130  0.0060  0.2610  0.1900  0.1660  0.3640  1
673:   0.0040  0.0050  0.3403  0.3353  0.2142  0.1011  1
674:   0.0270  0.0960  0.1110  0.1200  0.1230  0.5230  1
675:   0.0190  0.0110  0.1209  0.1119  0.0859  0.6513  1
676:   0.0330  0.0100  0.2122  0.1742  0.1391  0.4314  1
677:   0.0060  0.0060  0.1170  0.2480  0.4520  0.1710  1
678:   0.0060  0.0060  0.1538  0.2617  0.4685  0.1039  1
679:   0.0060  0.0070  0.0811  0.0691  0.0641  0.7728  1
680:   0.0290  0.0290  0.2470  0.2040  0.1730  0.3180  1
681:   0.0100  0.0160  0.2208  0.1978  0.1838  0.3716  1
682:   0.0130  0.0970  0.1880  0.2960  0.3590  0.0470  1
683:   0.0620  0.0200  0.1450  0.2530  0.4140  0.1060  1
684:   0.0070  0.0880  0.2390  0.2790  0.3510  0.0360  1
685:   0.0790  0.0140  0.1340  0.1290  0.1090  0.5350  1
686:   0.1431  0.0050  0.3103  0.2432  0.2462  0.0521  1
687:   0.0080  0.0060  0.2575  0.2164  0.1764  0.3357  1
688:   0.0070  0.0080  0.2913  0.3013  0.2713  0.1211  1
689:   0.0330  0.0160  0.2312  0.3163  0.3864  0.0170  1
690:   0.0120  0.0140  0.2400  0.2970  0.3770  0.0600  1
691:   0.0971  0.0631  0.0971  0.0791  0.0591  0.6046  1
692:   0.0330  0.0410  0.3560  0.3040  0.1910  0.0750  1
693:   0.0060  0.0070  0.1880  0.2880  0.4150  0.0960  1
694:   0.0100  0.0070  0.1850  0.1920  0.1960  0.4100  1
695:   0.0070  0.0100  0.3330  0.2350  0.2190  0.1960  1
696:   0.0260  0.0090  0.1280  0.2780  0.4660  0.0930  1
697:   0.0170  0.0450  0.2160  0.1830  0.1320  0.4070  1
698:   0.0260  0.0070  0.0820  0.2820  0.5550  0.0480  1
699:   0.0140  0.0110  0.1440  0.2840  0.4910  0.0560  1
700:   0.0240  0.0130  0.0980  0.2660  0.3810  0.2180  1
701:   0.0100  0.0190  0.2863  0.2753  0.2553  0.1542  1
