  1:   0.3043  0.2573  0.0360  0.2362  0.1662  1
  2:   0.2687  0.2657  0.0410  0.2857  0.1389  1
  3:   0.3153  0.2593  0.0210  0.2933  0.1111  1
  4:   0.1638  0.1788  0.0889  0.2088  0.3596  1
  5:   0.2130  0.2200  0.2390  0.2430  0.0850  1
  6:   0.0530  0.0490  0.7950  0.0500  0.0530  1
  7:   0.2360  0.2760  0.0610  0.2660  0.1610  1
  8:   0.1680  0.1940  0.1050  0.1810  0.3520  1
  9:   0.1299  0.1648  0.0320  0.0669  0.6064  1
 10:   0.3240  0.1920  0.1370  0.2250  0.1220  1
 11:   0.2670  0.2160  0.1800  0.2530  0.0840  1
 12:   0.1872  0.2843  0.0561  0.3083  0.1642  1
 13:   0.1992  0.2693  0.0260  0.3303  0.1752  1
 14:   0.2072  0.2032  0.0460  0.2052  0.3383  1
 15:   0.2440  0.2970  0.0220  0.3400  0.0970  1
 16:   0.1550  0.1120  0.5340  0.1140  0.0850  1
 17:   0.1780  0.1970  0.0560  0.1330  0.4360  1
 18:   0.1930  0.2020  0.0380  0.1670  0.4000  1
 19:   0.2520  0.2400  0.1410  0.2480  0.1190  1
 20:   0.1800  0.2010  0.0340  0.2280  0.3570  1
 21:   0.1800  0.2750  0.0950  0.3500  0.1000  1
 22:   0.0490  0.0400  0.8488  0.0370  0.0250  1
 23:   0.0570  0.0540  0.8040  0.0600  0.0250  1
 24:   0.1848  0.1688  0.3397  0.1718  0.1349  1
 25:   0.3460  0.2380  0.1090  0.2140  0.0930  1
 26:   0.1932  0.2042  0.2232  0.2072  0.1722  1
 27:   0.0579  0.0500  0.8022  0.0579  0.0320  1
 28:   0.2573  0.2342  0.1612  0.2352  0.1121  1
 29:   0.0611  0.0370  0.8188  0.0390  0.0440  1
 30:   0.1080  0.0700  0.6670  0.0690  0.0860  1
 31:   0.0240  0.0240  0.9061  0.0220  0.0240  1
 32:   0.0619  0.0559  0.7223  0.0559  0.1039  1
 33:   0.2470  0.2370  0.1490  0.2480  0.1190  1
 34:   0.0520  0.0390  0.8370  0.0380  0.0340  1
 35:   0.2573  0.1572  0.3333  0.1762  0.0761  1
 36:   0.0889  0.0799  0.6963  0.0849  0.0500  1
 37:   0.0620  0.0370  0.8280  0.0490  0.0240  1
 38:   0.1290  0.1040  0.6080  0.1000  0.0590  1
 39:   0.1790  0.0900  0.6130  0.0780  0.0400  1
 40:   0.3040  0.2300  0.1180  0.2380  0.1100  1
 41:   0.0971  0.0701  0.7047  0.0721  0.0561  1
 42:   0.1610  0.1300  0.5010  0.1440  0.0640  1
 43:   0.0570  0.0480  0.7950  0.0500  0.0500  1
 44:   0.1590  0.1320  0.5110  0.1300  0.0680  1
 45:   0.0630  0.0510  0.8020  0.0470  0.0370  1
 46:   0.0520  0.0370  0.8290  0.0440  0.0380  1
 47:   0.1590  0.1240  0.5390  0.1050  0.0730  1
 48:   0.0539  0.0440  0.8022  0.0410  0.0589  1
 49:   0.0740  0.0620  0.7590  0.0590  0.0460  1
 50:   0.2900  0.1590  0.2690  0.1800  0.1020  1
 51:   0.0939  0.0639  0.7363  0.0689  0.0370  1
 52:   0.1459  0.0749  0.6384  0.0949  0.0460  1
 53:   0.1508  0.0989  0.5734  0.0889  0.0879  1
 54:   0.0500  0.0430  0.8342  0.0410  0.0320  1
 55:   0.1610  0.2000  0.0710  0.1780  0.3900  1
 56:   0.2673  0.2232  0.1371  0.2492  0.1231  1
 57:   0.2228  0.2248  0.0649  0.2158  0.2717  1
 58:   0.2078  0.2298  0.0500  0.2747  0.2378  1
 59:   0.4070  0.1990  0.1050  0.1890  0.1000  1
 60:   0.1280  0.1630  0.0340  0.1070  0.5680  1
 61:   0.1451  0.1842  0.0290  0.0881  0.5536  1
 62:   0.3150  0.2650  0.0430  0.2710  0.1060  1
 63:   0.3556  0.2418  0.0460  0.2478  0.1089  1
 64:   0.2120  0.2060  0.0740  0.2130  0.2950  1
 65:   0.2967  0.2368  0.0699  0.2707  0.1259  1
 66:   0.1958  0.2328  0.1059  0.2218  0.2438  1
 67:   0.2730  0.2350  0.0320  0.2750  0.1850  1
 68:   0.2610  0.2880  0.0400  0.3030  0.1080  1
 69:   0.1700  0.1990  0.0260  0.2250  0.3800  1
 70:   0.1570  0.1740  0.0350  0.1510  0.4830  1
 71:   0.2180  0.2700  0.0830  0.2730  0.1560  1
 72:   0.1180  0.1510  0.0260  0.0610  0.6440  1
 73:   0.0760  0.0700  0.7360  0.0640  0.0540  1
 74:   0.2300  0.2870  0.0350  0.3330  0.1150  1
 75:   0.1210  0.1460  0.0210  0.0580  0.6540  1
 76:   0.2030  0.1770  0.4170  0.1430  0.0600  1
 77:   0.2230  0.2750  0.0300  0.3440  0.1280  1
 78:   0.2080  0.1850  0.0490  0.1640  0.3940  1
 79:   0.1782  0.1852  0.0991  0.1291  0.4084  1
 80:   0.0760  0.0750  0.6420  0.0520  0.1550  1
 81:   0.1850  0.2100  0.1300  0.2070  0.2680  1
 82:   0.2580  0.2030  0.1810  0.2020  0.1560  1
 83:   0.1810  0.1890  0.0310  0.1850  0.4140  1
 84:   0.1329  0.1469  0.0669  0.0639  0.5894  1
 85:   0.2330  0.2600  0.0950  0.2930  0.1190  1
 86:   0.2833  0.1602  0.3273  0.1662  0.0631  1
 87:   0.2640  0.2660  0.0310  0.2430  0.1960  1
 88:   0.2488  0.2438  0.0270  0.2218  0.2587  1
 89:   0.2140  0.2660  0.0480  0.2730  0.1990  1
 90:   0.2242  0.2713  0.0410  0.3113  0.1522  1
 91:   0.2710  0.2160  0.1330  0.2440  0.1360  1
 92:   0.1628  0.2997  0.0300  0.3706  0.1369  1
 93:   0.0930  0.0810  0.6210  0.0700  0.1350  1
 94:   0.3010  0.2360  0.0580  0.2390  0.1660  1
 95:   0.2240  0.2310  0.1750  0.2570  0.1130  1
 96:   0.1850  0.2600  0.0420  0.3160  0.1970  1
 97:   0.0960  0.0880  0.6110  0.0760  0.1290  1
 98:   0.2840  0.2210  0.0800  0.2420  0.1730  1
 99:   0.1730  0.3080  0.0180  0.3920  0.1090  1
100:   0.2890  0.2290  0.0670  0.2600  0.1550  1
101:   0.1481  0.1692  0.0531  0.0811  0.5485  1
102:   0.2338  0.2418  0.0440  0.2068  0.2737  1
103:   0.2450  0.2250  0.0910  0.2670  0.1720  1
104:   0.1718  0.1808  0.0250  0.2018  0.4206  1
105:   0.1860  0.1720  0.3750  0.1570  0.1100  1
106:   0.3140  0.2580  0.1130  0.2140  0.1010  1
107:   0.2130  0.1550  0.3130  0.1290  0.1900  1
108:   0.2647  0.2767  0.0350  0.2897  0.1339  1
109:   0.2098  0.2677  0.0949  0.3037  0.1239  1
110:   0.0751  0.0521  0.7608  0.0611  0.0511  1
111:   0.1850  0.2010  0.0570  0.1870  0.3700  1
112:   0.1610  0.1940  0.0470  0.1950  0.4030  1
113:   0.2030  0.2570  0.0390  0.2650  0.2360  1
114:   0.1898  0.1868  0.0330  0.1608  0.4296  1
115:   0.0980  0.0560  0.7510  0.0590  0.0360  1
116:   0.1828  0.1698  0.0529  0.1479  0.4466  1
117:   0.1810  0.3060  0.0160  0.3790  0.1180  1
118:   0.2110  0.2420  0.0340  0.1720  0.3410  1
119:   0.0860  0.0800  0.6590  0.0690  0.1060  1
120:   0.1790  0.2180  0.0700  0.1780  0.3550  1
121:   0.2042  0.2062  0.0300  0.1682  0.3914  1
122:   0.0820  0.0670  0.7190  0.0670  0.0650  1
123:   0.2763  0.2402  0.0701  0.3073  0.1061  1
124:   0.2640  0.2150  0.2020  0.2060  0.1130  1
125:   0.3760  0.2300  0.0550  0.2470  0.0920  1
126:   0.1950  0.1940  0.0460  0.2100  0.3550  1
127:   0.2038  0.2148  0.0659  0.2238  0.2917  1
128:   0.1489  0.1768  0.0400  0.1299  0.5045  1
129:   0.1730  0.2840  0.0250  0.3430  0.1750  1
130:   0.2880  0.2610  0.0710  0.2000  0.1800  1
131:   0.0971  0.0831  0.6757  0.0811  0.0631  1
132:   0.1820  0.3030  0.0270  0.3600  0.1280  1
133:   0.1690  0.1340  0.4990  0.1380  0.0600  1
134:   0.2100  0.1980  0.0430  0.2110  0.3380  1
135:   0.3050  0.2360  0.0330  0.2620  0.1640  1
136:   0.1430  0.1770  0.0420  0.1070  0.5310  1
137:   0.1880  0.2410  0.0630  0.2880  0.2200  1
138:   0.1930  0.1870  0.3280  0.2230  0.0690  1
139:   0.1720  0.1020  0.5290  0.0830  0.1140  1
140:   0.1838  0.1888  0.0350  0.1818  0.4106  1
141:   0.2032  0.1962  0.3123  0.1792  0.1091  1
142:   0.1230  0.1070  0.5240  0.0880  0.1580  1
143:   0.1558  0.1928  0.0410  0.1538  0.4565  1
144:   0.0990  0.1010  0.4050  0.0550  0.3400  1
145:   0.2070  0.2850  0.0420  0.3300  0.1360  1
146:   0.1870  0.3080  0.0250  0.3400  0.1400  1
147:   0.2300  0.2470  0.0860  0.3050  0.1320  1
148:   0.1970  0.2940  0.0530  0.2930  0.1630  1
149:   0.2517  0.2597  0.0460  0.2368  0.2058  1
150:   0.3830  0.2340  0.0300  0.2350  0.1180  1
151:   0.1520  0.1660  0.0310  0.1070  0.5440  1
152:   0.2430  0.2430  0.0350  0.2710  0.2080  1
153:   0.2372  0.2503  0.0450  0.2843  0.1832  1
154:   0.1550  0.1720  0.0430  0.1350  0.4950  1
155:   0.1419  0.1728  0.0380  0.1159  0.5315  1
156:   0.1800  0.2390  0.0500  0.2580  0.2730  1
157:   0.2082  0.2402  0.0420  0.2843  0.2252  1
158:   0.2450  0.2410  0.0610  0.2010  0.2520  1
159:   0.2280  0.2160  0.1770  0.2460  0.1330  1
160:   0.1702  0.1802  0.0601  0.1752  0.4144  1
161:   0.3107  0.2178  0.1269  0.2318  0.1129  1
162:   0.1518  0.1648  0.0300  0.0859  0.5674  1
163:   0.3000  0.2240  0.0370  0.2170  0.2220  1
164:   0.1822  0.1662  0.0791  0.0911  0.4815  1
165:   0.1760  0.1500  0.3850  0.1450  0.1440  1
166:   0.2813  0.2392  0.0591  0.2813  0.1391  1
167:   0.2420  0.2610  0.0670  0.2760  0.1540  1
168:   0.2580  0.2100  0.0290  0.2190  0.2840  1
169:   0.2470  0.2220  0.1200  0.2870  0.1240  1
170:   0.0970  0.0870  0.6220  0.0690  0.1250  1
171:   0.1990  0.2100  0.1430  0.2040  0.2440  1
172:   0.2128  0.2098  0.0490  0.1439  0.3846  1
173:   0.2200  0.2790  0.0710  0.2550  0.1750  1
174:   0.2238  0.2378  0.0829  0.2418  0.2138  1
175:   0.2800  0.2400  0.0370  0.2220  0.2210  1
176:   0.2170  0.2810  0.0240  0.3190  0.1590  1
177:   0.2500  0.2250  0.0880  0.2680  0.1690  1
178:   0.1658  0.1978  0.0430  0.1948  0.3986  1
179:   0.3303  0.2823  0.0320  0.2623  0.0931  1
180:   0.2420  0.2190  0.1330  0.2690  0.1370  1
181:   0.2937  0.2577  0.0380  0.3077  0.1029  1
182:   0.2252  0.3113  0.0340  0.2803  0.1491  1
183:   0.1948  0.3047  0.0380  0.3467  0.1159  1
184:   0.1948  0.2627  0.0330  0.2937  0.2158  1
185:   0.2310  0.2710  0.0270  0.2900  0.1810  1
186:   0.1360  0.1780  0.0330  0.0850  0.5680  1
187:   0.2360  0.2260  0.0800  0.2030  0.2550  1
188:   0.2260  0.2670  0.0690  0.3250  0.1130  1
189:   0.2240  0.2580  0.0390  0.3160  0.1630  1
190:   0.1240  0.1540  0.0520  0.0600  0.6100  1
191:   0.2250  0.2770  0.0630  0.3280  0.1070  1
192:   0.2060  0.2590  0.0450  0.2630  0.2270  1
193:   0.1380  0.1640  0.0350  0.0950  0.5680  1
194:   0.1339  0.1638  0.0390  0.1189  0.5445  1
195:   0.1900  0.1440  0.4640  0.1400  0.0620  1
196:   0.2967  0.2208  0.0569  0.1668  0.2587  1
197:   0.2230  0.1980  0.1010  0.1970  0.2810  1
198:   0.1830  0.2880  0.0530  0.3590  0.1170  1
199:   0.2090  0.2340  0.0280  0.2330  0.2960  1
200:   0.3210  0.2390  0.0540  0.2510  0.1350  1
201:   0.1778  0.1818  0.0230  0.2008  0.4166  1
202:   0.1662  0.1862  0.0400  0.1381  0.4695  1
203:   0.2460  0.2800  0.0390  0.3000  0.1350  1
204:   0.2020  0.2960  0.0260  0.3400  0.1360  1
205:   0.0270  0.0250  0.8970  0.0250  0.0260  1

  1:   0.2410  0.2940  0.0340  0.2500  0.1810  1
  2:   0.2980  0.2460  0.0350  0.2590  0.1620  1
  3:   0.3160  0.2360  0.0200  0.2800  0.1480  1
  4:   0.1940  0.1930  0.0830  0.2160  0.3140  1
  5:   0.2420  0.2060  0.2230  0.2060  0.1230  1
  6:   0.0500  0.0490  0.8022  0.0490  0.0500  1
  7:   0.2890  0.2300  0.0610  0.2440  0.1760  1
  8:   0.1910  0.1830  0.1000  0.2090  0.3170  1
  9:   0.0661  0.2242  0.0320  0.1542  0.5235  1
 10:   0.2560  0.2270  0.1260  0.2300  0.1610  1
 11:   0.2530  0.2000  0.1630  0.2420  0.1420  1
 12:   0.2620  0.2720  0.0530  0.2770  0.1360  1
 13:   0.3080  0.2320  0.0260  0.2490  0.1850  1
 14:   0.2000  0.2480  0.0440  0.2390  0.2690  1
 15:   0.2897  0.2737  0.0200  0.2757  0.1409  1
 16:   0.1320  0.1100  0.5190  0.1290  0.1100  1
 17:   0.1350  0.2140  0.0530  0.1780  0.4200  1
 18:   0.1548  0.2178  0.0340  0.1798  0.4136  1
 19:   0.2803  0.1982  0.1331  0.2302  0.1582  1
 20:   0.2200  0.2360  0.0310  0.2220  0.2910  1
 21:   0.2745  0.2585  0.0988  0.2605  0.1078  1
 22:   0.0450  0.0340  0.8531  0.0370  0.0310  1
 23:   0.0690  0.0430  0.8030  0.0510  0.0340  1
 24:   0.1802  0.1702  0.3373  0.1772  0.1351  1
 25:   0.2860  0.2430  0.0970  0.2300  0.1440  1
 26:   0.2170  0.2170  0.2310  0.1890  0.1460  1
 27:   0.0640  0.0460  0.7880  0.0540  0.0480  1
 28:   0.2920  0.2040  0.1640  0.2250  0.1150  1
 29:   0.0410  0.0370  0.8332  0.0430  0.0460  1
 30:   0.0849  0.0779  0.6623  0.0809  0.0939  1
 31:   0.0200  0.0180  0.9210  0.0200  0.0210  1
 32:   0.0450  0.0740  0.7260  0.0690  0.0860  1
 33:   0.2420  0.2330  0.1490  0.2360  0.1400  1
 34:   0.0410  0.0350  0.8599  0.0350  0.0290  1
 35:   0.2160  0.1690  0.3070  0.1860  0.1220  1
 36:   0.0800  0.0900  0.6910  0.0840  0.0550  1
 37:   0.0490  0.0440  0.8350  0.0400  0.0320  1
 38:   0.1150  0.0950  0.6180  0.1060  0.0660  1
 39:   0.1161  0.0981  0.6276  0.0921  0.0661  1
 40:   0.2900  0.2260  0.1140  0.2470  0.1230  1
 41:   0.0730  0.0690  0.7260  0.0740  0.0580  1
 42:   0.1430  0.1420  0.5100  0.1320  0.0730  1
 43:   0.0440  0.0470  0.8148  0.0460  0.0480  1
 44:   0.1672  0.1221  0.5175  0.1311  0.0621  1
 45:   0.0530  0.0420  0.8150  0.0480  0.0420  1
 46:   0.0521  0.0380  0.8318  0.0440  0.0340  1
 47:   0.1260  0.1150  0.5400  0.1320  0.0870  1
 48:   0.0380  0.0480  0.8180  0.0390  0.0570  1
 49:   0.0590  0.0530  0.7830  0.0550  0.0500  1
 50:   0.2500  0.1760  0.2470  0.1950  0.1320  1
 51:   0.0740  0.0710  0.7380  0.0690  0.0480  1
 52:   0.1020  0.0880  0.6550  0.0980  0.0570  1
 53:   0.1111  0.1031  0.6006  0.0991  0.0861  1
 54:   0.0430  0.0420  0.8428  0.0400  0.0320  1
 55:   0.1471  0.2282  0.0791  0.2072  0.3383  1
 56:   0.2452  0.2372  0.1301  0.2392  0.1481  1
 57:   0.2360  0.2230  0.0600  0.2160  0.2650  1
 58:   0.2600  0.2040  0.0490  0.2570  0.2300  1
 59:   0.2880  0.2320  0.1040  0.2330  0.1430  1
 60:   0.0969  0.2268  0.0360  0.1698  0.4705  1
 61:   0.0900  0.2330  0.0290  0.1620  0.4860  1
 62:   0.2643  0.2843  0.0360  0.2823  0.1331  1
 63:   0.3060  0.2520  0.0390  0.2510  0.1520  1
 64:   0.2258  0.2458  0.0659  0.2258  0.2368  1
 65:   0.3047  0.2138  0.0669  0.2677  0.1469  1
 66:   0.1920  0.2080  0.0990  0.2240  0.2770  1
 67:   0.2607  0.2408  0.0270  0.2627  0.2088  1
 68:   0.2880  0.2690  0.0330  0.2840  0.1260  1
 69:   0.2082  0.2232  0.0250  0.2272  0.3163  1
 70:   0.1320  0.2450  0.0330  0.1870  0.4030  1
 71:   0.2650  0.2580  0.0720  0.2500  0.1550  1
 72:   0.0579  0.2418  0.0250  0.1439  0.5315  1
 73:   0.0650  0.0610  0.7450  0.0640  0.0650  1
 74:   0.2980  0.2940  0.0320  0.2850  0.0910  1
 75:   0.0450  0.2368  0.0190  0.1459  0.5534  1
 76:   0.1928  0.1578  0.4206  0.1479  0.0809  1
 77:   0.2910  0.2800  0.0270  0.2830  0.1190  1
 78:   0.1660  0.2370  0.0470  0.1980  0.3520  1
 79:   0.1470  0.2160  0.0900  0.1620  0.3850  1
 80:   0.0490  0.0800  0.6680  0.0670  0.1360  1
 81:   0.2030  0.2140  0.1240  0.1990  0.2600  1
 82:   0.1942  0.2112  0.1862  0.2102  0.1982  1
 83:   0.1558  0.2737  0.0330  0.2268  0.3107  1
 84:   0.0560  0.2240  0.0650  0.1560  0.4990  1
 85:   0.2927  0.2028  0.0849  0.2498  0.1698  1
 86:   0.1920  0.1840  0.3200  0.1900  0.1140  1
 87:   0.2800  0.2110  0.0330  0.2300  0.2460  1
 88:   0.2338  0.2577  0.0250  0.2338  0.2498  1
 89:   0.2790  0.2130  0.0470  0.2380  0.2230  1
 90:   0.3040  0.2220  0.0360  0.2580  0.1800  1
 91:   0.2760  0.1950  0.1290  0.2220  0.1780  1
 92:   0.2650  0.2700  0.0280  0.3040  0.1330  1
 93:   0.0680  0.0970  0.6270  0.0840  0.1240  1
 94:   0.2610  0.2150  0.0570  0.2390  0.2280  1
 95:   0.2837  0.1848  0.1708  0.2228  0.1379  1
 96:   0.2368  0.2957  0.0380  0.2747  0.1548  1
 97:   0.0880  0.1060  0.6050  0.0840  0.1170  1
 98:   0.2480  0.2490  0.0800  0.2380  0.1850  1
 99:   0.2750  0.3120  0.0160  0.3050  0.0920  1
100:   0.2810  0.1980  0.0600  0.2630  0.1980  1
101:   0.0830  0.2250  0.0510  0.1720  0.4690  1
102:   0.2248  0.2268  0.0430  0.2118  0.2937  1
103:   0.2560  0.2020  0.0890  0.2460  0.2070  1
104:   0.1638  0.2767  0.0260  0.2198  0.3137  1
105:   0.1750  0.1580  0.3440  0.1700  0.1530  1
106:   0.2650  0.2300  0.1080  0.2560  0.1410  1
107:   0.1652  0.1672  0.2973  0.1642  0.2062  1
108:   0.2480  0.2680  0.0300  0.2930  0.1610  1
109:   0.2520  0.2700  0.1000  0.2700  0.1080  1
110:   0.0640  0.0540  0.7740  0.0600  0.0480  1
111:   0.1750  0.2010  0.0570  0.2100  0.3570  1
112:   0.1958  0.2128  0.0460  0.2088  0.3367  1
113:   0.2052  0.2853  0.0390  0.2623  0.2082  1
114:   0.1790  0.2170  0.0310  0.1980  0.3750  1
115:   0.0649  0.0529  0.7852  0.0519  0.0450  1
116:   0.1420  0.2560  0.0510  0.1980  0.3530  1
117:   0.2583  0.3183  0.0150  0.3093  0.0991  1
118:   0.2082  0.2262  0.0330  0.2072  0.3253  1
119:   0.0710  0.0780  0.6760  0.0790  0.0960  1
120:   0.1450  0.2470  0.0610  0.2300  0.3170  1
121:   0.1590  0.2490  0.0330  0.2070  0.3520  1
122:   0.0700  0.0670  0.7380  0.0630  0.0620  1
123:   0.2810  0.2140  0.0620  0.2830  0.1600  1
124:   0.2460  0.1920  0.2230  0.2040  0.1350  1
125:   0.3083  0.2112  0.0531  0.2593  0.1682  1
126:   0.1970  0.2540  0.0410  0.2230  0.2850  1
127:   0.2100  0.2290  0.0580  0.2220  0.2810  1
128:   0.1512  0.2232  0.0340  0.1812  0.4104  1
129:   0.2460  0.2660  0.0230  0.2990  0.1660  1
130:   0.2650  0.2290  0.0670  0.2000  0.2390  1
131:   0.0900  0.0860  0.6610  0.0900  0.0730  1
132:   0.2468  0.3037  0.0240  0.2977  0.1279  1
133:   0.1590  0.1210  0.4930  0.1370  0.0900  1
134:   0.2000  0.2680  0.0400  0.2290  0.2630  1
135:   0.2650  0.2480  0.0300  0.2690  0.1880  1
136:   0.0951  0.2332  0.0390  0.1692  0.4635  1
137:   0.2300  0.2560  0.0590  0.2440  0.2110  1
138:   0.2350  0.1510  0.2750  0.1930  0.1460  1
139:   0.1189  0.1119  0.5425  0.1039  0.1229  1
140:   0.1740  0.2300  0.0330  0.1980  0.3650  1
141:   0.1770  0.1850  0.2890  0.1970  0.1520  1
142:   0.1089  0.1099  0.5325  0.1059  0.1429  1
143:   0.1420  0.2110  0.0380  0.1710  0.4380  1
144:   0.0560  0.1340  0.4350  0.0990  0.2760  1
145:   0.2940  0.2200  0.0380  0.2650  0.1830  1
146:   0.2400  0.2980  0.0250  0.2980  0.1390  1
147:   0.2780  0.2020  0.0810  0.2570  0.1820  1
148:   0.2480  0.2560  0.0510  0.2590  0.1860  1
149:   0.2703  0.2252  0.0380  0.2342  0.2322  1
150:   0.2943  0.2482  0.0270  0.2623  0.1682  1
151:   0.0949  0.2368  0.0320  0.1738  0.4625  1
152:   0.2630  0.2400  0.0290  0.2670  0.2010  1
153:   0.2700  0.2450  0.0420  0.2610  0.1820  1
154:   0.1131  0.2513  0.0420  0.1842  0.4094  1
155:   0.1240  0.2320  0.0350  0.1740  0.4350  1
156:   0.2020  0.2270  0.0490  0.2350  0.2870  1
157:   0.2360  0.2730  0.0400  0.2370  0.2140  1
158:   0.2420  0.2230  0.0600  0.2170  0.2580  1
159:   0.2402  0.2012  0.1852  0.2042  0.1692  1
160:   0.1770  0.2220  0.0610  0.1960  0.3440  1
161:   0.2750  0.2200  0.1250  0.2250  0.1550  1
162:   0.0869  0.2348  0.0270  0.1698  0.4815  1
163:   0.2563  0.2392  0.0360  0.2422  0.2262  1
164:   0.1169  0.2168  0.0749  0.1708  0.4206  1
165:   0.1410  0.1570  0.4100  0.1460  0.1460  1
166:   0.3100  0.2650  0.0600  0.2390  0.1260  1
167:   0.2757  0.2398  0.0609  0.2418  0.1818  1
168:   0.2663  0.2362  0.0250  0.2182  0.2543  1
169:   0.2900  0.1710  0.1070  0.2520  0.1800  1
170:   0.0721  0.0931  0.6186  0.0851  0.1311  1
171:   0.1780  0.2200  0.1400  0.2000  0.2620  1
172:   0.1670  0.2330  0.0490  0.1800  0.3710  1
173:   0.2517  0.2198  0.0719  0.2428  0.2138  1
174:   0.2620  0.2210  0.0730  0.2170  0.2270  1
175:   0.2637  0.2478  0.0350  0.2667  0.1868  1
176:   0.3140  0.2410  0.0230  0.2670  0.1550  1
177:   0.2740  0.1730  0.0940  0.2390  0.2200  1
178:   0.1882  0.1992  0.0410  0.1942  0.3774  1
179:   0.2840  0.2740  0.0280  0.2550  0.1590  1
180:   0.2837  0.1968  0.1289  0.2348  0.1558  1
181:   0.3210  0.2270  0.0340  0.2750  0.1430  1
182:   0.3110  0.2160  0.0300  0.2430  0.2000  1
183:   0.2700  0.2920  0.0320  0.2980  0.1080  1
184:   0.2667  0.2667  0.0280  0.2517  0.1868  1
185:   0.2897  0.2547  0.0240  0.2757  0.1558  1
186:   0.0699  0.2298  0.0280  0.1638  0.5085  1
187:   0.2228  0.2038  0.0789  0.2268  0.2677  1
188:   0.3110  0.2140  0.0630  0.2700  0.1420  1
189:   0.2953  0.1812  0.0400  0.2573  0.2262  1
190:   0.0520  0.2300  0.0470  0.1450  0.5260  1
191:   0.2720  0.2540  0.0600  0.2790  0.1350  1
192:   0.2450  0.1950  0.0410  0.2420  0.2770  1
193:   0.0859  0.2248  0.0320  0.1638  0.4935  1
194:   0.0780  0.2480  0.0370  0.1810  0.4560  1
195:   0.1788  0.1369  0.4456  0.1479  0.0909  1
196:   0.2030  0.2320  0.0590  0.2100  0.2960  1
197:   0.2178  0.2008  0.0899  0.2168  0.2747  1
198:   0.2976  0.2635  0.0521  0.2826  0.1042  1
199:   0.1792  0.2563  0.0270  0.2412  0.2963  1
200:   0.2810  0.2610  0.0510  0.2720  0.1350  1
201:   0.1420  0.2970  0.0220  0.2310  0.3080  1
202:   0.0950  0.2500  0.0380  0.2170  0.4000  1
203:   0.2990  0.2690  0.0350  0.2920  0.1050  1
204:   0.2870  0.2900  0.0250  0.2980  0.1000  1
205:   0.0290  0.0220  0.8971  0.0280  0.0240  1

  1:   0.2507  0.2218  0.0360  0.2647  0.2268  1
  2:   0.3000  0.2000  0.0420  0.2850  0.1730  1
  3:   0.3180  0.2310  0.0220  0.2740  0.1550  1
  4:   0.1930  0.2630  0.0960  0.1770  0.2710  1
  5:   0.2530  0.1750  0.1980  0.2270  0.1470  1
  6:   0.0519  0.0529  0.7922  0.0529  0.0500  1
  7:   0.2460  0.2150  0.0630  0.2570  0.2190  1
  8:   0.1942  0.2442  0.1301  0.1802  0.2513  1
  9:   0.0641  0.3183  0.0350  0.1311  0.4515  1
 10:   0.2720  0.2300  0.1460  0.2480  0.1040  1
 11:   0.3033  0.1892  0.1592  0.2472  0.1011  1
 12:   0.2142  0.1982  0.0601  0.2503  0.2773  1
 13:   0.2580  0.2170  0.0280  0.2790  0.2180  1
 14:   0.1960  0.2710  0.0440  0.2030  0.2860  1
 15:   0.3017  0.1938  0.0220  0.2997  0.1828  1
 16:   0.1560  0.1200  0.5210  0.1230  0.0800  1
 17:   0.1429  0.2797  0.0579  0.1678  0.3516  1
 18:   0.1732  0.2763  0.0390  0.1782  0.3333  1
 19:   0.2857  0.2018  0.1299  0.2517  0.1309  1
 20:   0.1878  0.2517  0.0340  0.2248  0.3017  1
 21:   0.2352  0.1872  0.0971  0.2633  0.2172  1
 22:   0.0530  0.0430  0.8330  0.0440  0.0270  1
 23:   0.0631  0.0430  0.8158  0.0480  0.0300  1
 24:   0.1862  0.1642  0.3103  0.1792  0.1602  1
 25:   0.2823  0.2272  0.0821  0.2853  0.1231  1
 26:   0.1850  0.1710  0.2430  0.2100  0.1910  1
 27:   0.0660  0.0510  0.7960  0.0540  0.0330  1
 28:   0.2557  0.1918  0.1678  0.2428  0.1419  1
 29:   0.0511  0.0511  0.8078  0.0521  0.0380  1
 30:   0.0820  0.0820  0.6630  0.0850  0.0880  1
 31:   0.0240  0.0240  0.9060  0.0250  0.0210  1
 32:   0.0541  0.0771  0.7067  0.0631  0.0991  1
 33:   0.2843  0.1772  0.1572  0.2202  0.1612  1
 34:   0.0410  0.0400  0.8370  0.0430  0.0390  1
 35:   0.2300  0.1740  0.3170  0.1960  0.0830  1
 36:   0.0870  0.0770  0.6660  0.0890  0.0810  1
 37:   0.0601  0.0410  0.8198  0.0551  0.0240  1
 38:   0.1220  0.0970  0.5790  0.1270  0.0750  1
 39:   0.1270  0.1060  0.5910  0.1270  0.0490  1
 40:   0.2870  0.2090  0.1260  0.2430  0.1350  1
 41:   0.0780  0.0710  0.7090  0.0800  0.0620  1
 42:   0.1480  0.1140  0.4890  0.1610  0.0880  1
 43:   0.0520  0.0510  0.7890  0.0560  0.0520  1
 44:   0.1592  0.1181  0.4875  0.1522  0.0831  1
 45:   0.0510  0.0510  0.8020  0.0560  0.0400  1
 46:   0.0539  0.0450  0.8182  0.0440  0.0390  1
 47:   0.1450  0.1190  0.5140  0.1330  0.0890  1
 48:   0.0500  0.0530  0.7910  0.0520  0.0540  1
 49:   0.0690  0.0600  0.7580  0.0670  0.0460  1
 50:   0.2318  0.2088  0.2428  0.2138  0.1029  1
 51:   0.0930  0.0710  0.7030  0.0860  0.0470  1
 52:   0.1181  0.0941  0.6416  0.1011  0.0450  1
 53:   0.1351  0.1111  0.5506  0.1221  0.0811  1
 54:   0.0501  0.0450  0.8198  0.0501  0.0350  1
 55:   0.1300  0.2640  0.0790  0.1680  0.3590  1
 56:   0.2590  0.1980  0.1310  0.2500  0.1620  1
 57:   0.2620  0.2330  0.0640  0.2200  0.2210  1
 58:   0.2650  0.2480  0.0560  0.2360  0.1950  1
 59:   0.2917  0.2458  0.0959  0.2557  0.1109  1
 60:   0.0961  0.3033  0.0370  0.1381  0.4254  1
 61:   0.0830  0.2970  0.0290  0.1520  0.4390  1
 62:   0.2997  0.2008  0.0420  0.2987  0.1588  1
 63:   0.3100  0.2360  0.0470  0.2760  0.1310  1
 64:   0.2122  0.2402  0.0671  0.2122  0.2683  1
 65:   0.3157  0.2228  0.0739  0.2617  0.1259  1
 66:   0.2200  0.2180  0.1120  0.2100  0.2400  1
 67:   0.2820  0.2210  0.0290  0.2710  0.1970  1
 68:   0.2957  0.1928  0.0400  0.2937  0.1778  1
 69:   0.1582  0.2583  0.0260  0.2112  0.3463  1
 70:   0.1259  0.2827  0.0350  0.1648  0.3916  1
 71:   0.2543  0.1932  0.0821  0.2543  0.2162  1
 72:   0.0470  0.3273  0.0250  0.1201  0.4805  1
 73:   0.0750  0.0680  0.7250  0.0730  0.0590  1
 74:   0.2740  0.1830  0.0390  0.2890  0.2150  1
 75:   0.0450  0.3247  0.0190  0.1209  0.4905  1
 76:   0.2132  0.1351  0.3944  0.1792  0.0781  1
 77:   0.2787  0.1898  0.0310  0.2747  0.2258  1
 78:   0.1938  0.2667  0.0490  0.1858  0.3047  1
 79:   0.1441  0.2723  0.0921  0.1632  0.3283  1
 80:   0.0550  0.1100  0.6470  0.0720  0.1160  1
 81:   0.2108  0.2328  0.1369  0.1948  0.2248  1
 82:   0.2322  0.2102  0.1632  0.2152  0.1792  1
 83:   0.1290  0.2740  0.0310  0.1810  0.3850  1
 84:   0.0670  0.2900  0.0660  0.1290  0.4480  1
 85:   0.2990  0.2230  0.1050  0.2390  0.1340  1
 86:   0.2192  0.1952  0.2903  0.2142  0.0811  1
 87:   0.2967  0.2328  0.0340  0.2478  0.1888  1
 88:   0.2252  0.2372  0.0280  0.2362  0.2733  1
 89:   0.2670  0.2280  0.0560  0.2340  0.2150  1
 90:   0.2917  0.2248  0.0390  0.2577  0.1868  1
 91:   0.2873  0.2062  0.1391  0.2472  0.1201  1
 92:   0.2130  0.1970  0.0320  0.2760  0.2820  1
 93:   0.0769  0.1009  0.6164  0.0889  0.1169  1
 94:   0.2923  0.2262  0.0581  0.2623  0.1612  1
 95:   0.2760  0.1770  0.1940  0.2220  0.1310  1
 96:   0.1840  0.2040  0.0450  0.2480  0.3190  1
 97:   0.0990  0.1130  0.5750  0.0970  0.1160  1
 98:   0.2480  0.2220  0.0810  0.2490  0.2000  1
 99:   0.2320  0.1900  0.0190  0.2880  0.2710  1
100:   0.3130  0.2160  0.0650  0.2500  0.1560  1
101:   0.0850  0.2920  0.0550  0.1390  0.4290  1
102:   0.2332  0.2432  0.0440  0.2272  0.2523  1
103:   0.2700  0.2240  0.0970  0.2390  0.1700  1
104:   0.1171  0.2653  0.0240  0.1732  0.4204  1
105:   0.2188  0.1528  0.3207  0.1848  0.1229  1
106:   0.2953  0.2112  0.1061  0.2623  0.1251  1
107:   0.1780  0.1850  0.2790  0.1750  0.1830  1
108:   0.2683  0.2232  0.0330  0.2723  0.2032  1
109:   0.2160  0.1810  0.1030  0.2640  0.2360  1
110:   0.0730  0.0620  0.7500  0.0660  0.0490  1
111:   0.1820  0.2640  0.0640  0.1930  0.2970  1
112:   0.1898  0.2597  0.0490  0.2048  0.2967  1
113:   0.2102  0.2112  0.0380  0.2402  0.3003  1
114:   0.1850  0.2770  0.0350  0.1890  0.3140  1
115:   0.0710  0.0580  0.7620  0.0680  0.0410  1
116:   0.1281  0.2743  0.0531  0.1812  0.3634  1
117:   0.2210  0.1910  0.0160  0.2950  0.2770  1
118:   0.2180  0.2730  0.0350  0.2020  0.2720  1
119:   0.0650  0.0890  0.6670  0.0830  0.0960  1
120:   0.1562  0.2513  0.0631  0.1812  0.3483  1
121:   0.1710  0.2690  0.0300  0.1870  0.3430  1
122:   0.0729  0.0699  0.7133  0.0729  0.0709  1
123:   0.2950  0.2370  0.0760  0.2520  0.1400  1
124:   0.2450  0.2020  0.2200  0.2050  0.1280  1
125:   0.3310  0.2230  0.0600  0.2890  0.0970  1
126:   0.1760  0.2560  0.0450  0.2040  0.3190  1
127:   0.2260  0.2620  0.0630  0.2130  0.2360  1
128:   0.1450  0.2870  0.0390  0.1670  0.3620  1
129:   0.2292  0.2072  0.0260  0.2583  0.2793  1
130:   0.2810  0.2370  0.0630  0.2440  0.1750  1
131:   0.1001  0.0901  0.6256  0.1031  0.0811  1
132:   0.2410  0.1980  0.0270  0.2700  0.2640  1
133:   0.1730  0.1170  0.4950  0.1480  0.0670  1
134:   0.1522  0.2673  0.0400  0.1912  0.3493  1
135:   0.2663  0.2282  0.0330  0.2893  0.1832  1
136:   0.0940  0.2890  0.0400  0.1540  0.4230  1
137:   0.2058  0.2198  0.0659  0.2428  0.2657  1
138:   0.2570  0.1610  0.2880  0.2020  0.0920  1
139:   0.1310  0.1360  0.4980  0.1420  0.0930  1
140:   0.1548  0.2727  0.0360  0.1858  0.3506  1
141:   0.2090  0.1610  0.2980  0.1920  0.1400  1
142:   0.1109  0.1339  0.5095  0.1119  0.1339  1
143:   0.1730  0.2820  0.0440  0.1790  0.3220  1
144:   0.0629  0.1808  0.4086  0.0859  0.2617  1
145:   0.2710  0.2170  0.0410  0.2520  0.2190  1
146:   0.2352  0.1952  0.0250  0.2653  0.2793  1
147:   0.3060  0.2000  0.0990  0.2460  0.1490  1
148:   0.2540  0.2120  0.0590  0.2490  0.2260  1
149:   0.2492  0.2332  0.0440  0.2492  0.2242  1
150:   0.2923  0.2633  0.0300  0.2773  0.1371  1
151:   0.1000  0.2940  0.0310  0.1550  0.4200  1
152:   0.2398  0.2338  0.0310  0.2577  0.2378  1
153:   0.2750  0.2230  0.0440  0.2360  0.2220  1
154:   0.0971  0.2903  0.0450  0.1572  0.4104  1
155:   0.1100  0.3030  0.0390  0.1560  0.3920  1
156:   0.2044  0.2515  0.0521  0.2024  0.2896  1
157:   0.2028  0.2308  0.0430  0.2328  0.2907  1
158:   0.2440  0.2400  0.0610  0.2380  0.2170  1
159:   0.2500  0.1900  0.2010  0.2080  0.1510  1
160:   0.1628  0.2827  0.0639  0.1888  0.3017  1
161:   0.2940  0.1950  0.1440  0.2490  0.1180  1
162:   0.0859  0.2967  0.0320  0.1518  0.4336  1
163:   0.2705  0.2625  0.0389  0.2315  0.1966  1
164:   0.1209  0.2817  0.0669  0.1678  0.3626  1
165:   0.1460  0.1430  0.3950  0.1460  0.1700  1
166:   0.2970  0.1940  0.0580  0.2810  0.1700  1
167:   0.2720  0.2170  0.0670  0.2400  0.2040  1
168:   0.2607  0.2557  0.0280  0.2478  0.2078  1
169:   0.3100  0.2150  0.1140  0.2380  0.1230  1
170:   0.0860  0.1180  0.5930  0.0930  0.1100  1
171:   0.1822  0.2192  0.1522  0.1772  0.2693  1
172:   0.1880  0.2640  0.0490  0.1930  0.3060  1
173:   0.2517  0.2178  0.0749  0.2388  0.2168  1
174:   0.2430  0.2410  0.0830  0.2290  0.2040  1
175:   0.2430  0.2190  0.0370  0.2500  0.2510  1
176:   0.2480  0.2210  0.0250  0.2770  0.2290  1
177:   0.2813  0.2352  0.1021  0.2282  0.1532  1
178:   0.1920  0.2700  0.0460  0.1780  0.3140  1
179:   0.2950  0.2250  0.0310  0.2980  0.1510  1
180:   0.2853  0.2002  0.1451  0.2342  0.1351  1
181:   0.3100  0.2030  0.0380  0.3060  0.1430  1
182:   0.3020  0.2130  0.0330  0.2670  0.1850  1
183:   0.2553  0.1802  0.0370  0.2813  0.2462  1
184:   0.2080  0.2210  0.0330  0.2590  0.2790  1
185:   0.2350  0.2090  0.0260  0.2820  0.2480  1
186:   0.0789  0.2977  0.0320  0.1479  0.4436  1
187:   0.2120  0.2360  0.0890  0.2170  0.2460  1
188:   0.2907  0.2148  0.0709  0.2737  0.1499  1
189:   0.3220  0.2350  0.0490  0.2380  0.1560  1
190:   0.0540  0.3080  0.0480  0.1260  0.4640  1
191:   0.2793  0.1992  0.0651  0.2563  0.2002  1
192:   0.2540  0.2570  0.0530  0.2120  0.2240  1
193:   0.0909  0.2997  0.0360  0.1409  0.4326  1
194:   0.0661  0.2943  0.0350  0.1361  0.4685  1
195:   0.1958  0.1319  0.4256  0.1678  0.0789  1
196:   0.2670  0.2310  0.0580  0.2310  0.2130  1
197:   0.2038  0.2547  0.1049  0.1998  0.2368  1
198:   0.2500  0.1940  0.0580  0.2840  0.2140  1
199:   0.1850  0.2480  0.0290  0.2160  0.3220  1
200:   0.2960  0.1930  0.0540  0.2750  0.1820  1
201:   0.1170  0.2580  0.0230  0.1770  0.4250  1
202:   0.0929  0.2757  0.0410  0.1678  0.4226  1
203:   0.2480  0.1970  0.0380  0.3010  0.2160  1
204:   0.2320  0.2030  0.0300  0.2910  0.2440  1
205:   0.0300  0.0290  0.8901  0.0270  0.0240  1

  1:   0.2543  0.2472  0.0981  0.2102  0.1902  1
  2:   0.2783  0.2232  0.0741  0.2272  0.1972  1
  3:   0.3437  0.2128  0.0589  0.1828  0.2018  1
  4:   0.1772  0.2412  0.1471  0.1662  0.2683  1
  5:   0.2390  0.1830  0.1670  0.2260  0.1850  1
  6:   0.0890  0.0640  0.5580  0.1900  0.0990  1
  7:   0.1930  0.2470  0.1120  0.2270  0.2210  1
  8:   0.1732  0.2342  0.1552  0.1672  0.2703  1
  9:   0.0909  0.2408  0.1838  0.1808  0.3037  1
 10:   0.3860  0.1560  0.1280  0.1550  0.1750  1
 11:   0.3280  0.1750  0.1260  0.1800  0.1910  1
 12:   0.1190  0.2560  0.1230  0.2910  0.2110  1
 13:   0.1650  0.2630  0.0830  0.2290  0.2600  1
 14:   0.2100  0.2520  0.1190  0.1870  0.2320  1
 15:   0.2178  0.2677  0.0569  0.2318  0.2258  1
 16:   0.2120  0.1030  0.3710  0.1830  0.1310  1
 17:   0.1588  0.2398  0.1588  0.1768  0.2657  1
 18:   0.1888  0.2318  0.1309  0.1768  0.2717  1
 19:   0.2940  0.2050  0.1410  0.1640  0.1960  1
 20:   0.1399  0.2717  0.1219  0.1988  0.2677  1
 21:   0.1381  0.2813  0.1101  0.2543  0.2162  1
 22:   0.1080  0.0440  0.5620  0.2070  0.0790  1
 23:   0.1029  0.0649  0.5365  0.1918  0.1039  1
 24:   0.1922  0.1642  0.2873  0.2012  0.1552  1
 25:   0.4030  0.1760  0.0960  0.1630  0.1620  1
 26:   0.1922  0.1842  0.2202  0.2322  0.1712  1
 27:   0.1109  0.0729  0.5415  0.1808  0.0939  1
 28:   0.2670  0.1850  0.1400  0.2130  0.1950  1
 29:   0.0960  0.0520  0.5880  0.1900  0.0740  1
 30:   0.1369  0.0959  0.4885  0.1798  0.0989  1
 31:   0.0730  0.0340  0.6190  0.2070  0.0670  1
 32:   0.0659  0.1139  0.5465  0.1808  0.0929  1
 33:   0.2640  0.2000  0.1360  0.2310  0.1690  1
 34:   0.0860  0.0600  0.5840  0.1950  0.0750  1
 35:   0.3360  0.1290  0.2190  0.1670  0.1490  1
 36:   0.1019  0.1259  0.4905  0.1928  0.0889  1
 37:   0.1231  0.0480  0.5495  0.1982  0.0811  1
 38:   0.1832  0.0921  0.4154  0.1982  0.1111  1
 39:   0.2392  0.0681  0.4274  0.1822  0.0831  1
 40:   0.3347  0.1688  0.1089  0.2218  0.1658  1
 41:   0.1159  0.0999  0.5035  0.1908  0.0899  1
 42:   0.1940  0.1520  0.3370  0.2040  0.1130  1
 43:   0.0800  0.0810  0.5700  0.1940  0.0750  1
 44:   0.1930  0.1230  0.3540  0.2050  0.1250  1
 45:   0.0970  0.0640  0.5570  0.1980  0.0840  1
 46:   0.0951  0.0501  0.5726  0.1942  0.0881  1
 47:   0.2030  0.1090  0.3910  0.1840  0.1130  1
 48:   0.0870  0.0540  0.5750  0.2020  0.0820  1
 49:   0.1130  0.0740  0.5340  0.1940  0.0850  1
 50:   0.3460  0.1370  0.1900  0.1610  0.1660  1
 51:   0.1491  0.0821  0.4785  0.1982  0.0921  1
 52:   0.1882  0.0771  0.4394  0.1952  0.1001  1
 53:   0.1920  0.0960  0.4130  0.1920  0.1070  1
 54:   0.1040  0.0530  0.5580  0.2050  0.0800  1
 55:   0.1150  0.2640  0.1680  0.1930  0.2600  1
 56:   0.2850  0.2000  0.1390  0.2070  0.1690  1
 57:   0.2370  0.2140  0.1330  0.1740  0.2420  1
 58:   0.2328  0.2627  0.1089  0.1558  0.2398  1
 59:   0.4530  0.1330  0.0930  0.1720  0.1490  1
 60:   0.0989  0.2577  0.1718  0.1748  0.2967  1
 61:   0.0929  0.2398  0.1948  0.1888  0.2837  1
 62:   0.3100  0.2160  0.0700  0.2250  0.1790  1
 63:   0.3936  0.1788  0.0709  0.1788  0.1778  1
 64:   0.1860  0.2650  0.1270  0.2010  0.2210  1
 65:   0.3290  0.2080  0.0810  0.1870  0.1950  1
 66:   0.1740  0.2480  0.1450  0.1860  0.2470  1
 67:   0.2680  0.2420  0.0940  0.1720  0.2240  1
 68:   0.2620  0.2240  0.0730  0.2430  0.1980  1
 69:   0.1120  0.2870  0.1220  0.2030  0.2760  1
 70:   0.1039  0.2847  0.1469  0.1798  0.2847  1
 71:   0.2002  0.2432  0.1131  0.2412  0.2022  1
 72:   0.0650  0.2510  0.2020  0.1880  0.2940  1
 73:   0.1120  0.0840  0.5080  0.1960  0.1000  1
 74:   0.1960  0.2620  0.0710  0.2840  0.1870  1
 75:   0.0619  0.2587  0.1998  0.1778  0.3017  1
 76:   0.2710  0.1370  0.2700  0.1940  0.1280  1
 77:   0.1830  0.2690  0.0750  0.2630  0.2100  1
 78:   0.1790  0.2680  0.1190  0.1900  0.2440  1
 79:   0.1560  0.2340  0.1820  0.1720  0.2560  1
 80:   0.0859  0.1009  0.5125  0.1818  0.1189  1
 81:   0.1882  0.2142  0.1672  0.1902  0.2402  1
 82:   0.2523  0.1992  0.1772  0.1802  0.1912  1
 83:   0.0939  0.3047  0.1279  0.2198  0.2537  1
 84:   0.0849  0.2398  0.2068  0.1858  0.2827  1
 85:   0.2537  0.2138  0.1069  0.1848  0.2408  1
 86:   0.3670  0.1230  0.2030  0.1810  0.1260  1
 87:   0.2760  0.2260  0.0820  0.1680  0.2480  1
 88:   0.2362  0.2252  0.1101  0.2092  0.2192  1
 89:   0.2030  0.2520  0.0950  0.2000  0.2500  1
 90:   0.2168  0.2288  0.0799  0.2108  0.2637  1
 91:   0.3000  0.1760  0.1290  0.1860  0.2090  1
 92:   0.0900  0.3190  0.0830  0.2600  0.2480  1
 93:   0.1000  0.1100  0.4950  0.1800  0.1150  1
 94:   0.3170  0.2180  0.0890  0.1660  0.2100  1
 95:   0.2587  0.1828  0.1459  0.2098  0.2028  1
 96:   0.0910  0.2850  0.1260  0.2750  0.2230  1
 97:   0.1300  0.1160  0.4450  0.1880  0.1210  1
 98:   0.2783  0.2082  0.1171  0.1862  0.2102  1
 99:   0.0761  0.3313  0.0641  0.2963  0.2322  1
100:   0.3024  0.2255  0.0938  0.1647  0.2136  1
101:   0.1089  0.2478  0.1868  0.1828  0.2737  1
102:   0.2550  0.2240  0.1140  0.1700  0.2370  1
103:   0.2633  0.2192  0.1311  0.1712  0.2152  1
104:   0.0680  0.3250  0.1340  0.2190  0.2540  1
105:   0.2250  0.1480  0.2860  0.1830  0.1580  1
106:   0.3556  0.1928  0.1059  0.1858  0.1598  1
107:   0.2420  0.1470  0.2730  0.1770  0.1610  1
108:   0.2527  0.2498  0.0859  0.2048  0.2068  1
109:   0.1489  0.2617  0.1279  0.2557  0.2058  1
110:   0.1161  0.0631  0.5365  0.1932  0.0911  1
111:   0.1628  0.2388  0.1548  0.1748  0.2687  1
112:   0.1650  0.2530  0.1350  0.1840  0.2630  1
113:   0.1379  0.2897  0.1089  0.2388  0.2248  1
114:   0.1790  0.2480  0.1150  0.1680  0.2900  1
115:   0.1350  0.0550  0.5230  0.1990  0.0880  1
116:   0.1371  0.2523  0.1481  0.2052  0.2573  1
117:   0.0719  0.3287  0.0729  0.2987  0.2278  1
118:   0.2180  0.2200  0.1280  0.1960  0.2380  1
119:   0.1070  0.0930  0.5160  0.1820  0.1020  1
120:   0.1200  0.2670  0.1670  0.1970  0.2490  1
121:   0.1481  0.2793  0.1381  0.1942  0.2402  1
122:   0.0990  0.0890  0.5230  0.1940  0.0950  1
123:   0.3240  0.2190  0.0820  0.1610  0.2140  1
124:   0.2950  0.1530  0.1800  0.2020  0.1700  1
125:   0.4330  0.1610  0.0720  0.1550  0.1790  1
126:   0.1479  0.2767  0.1299  0.2148  0.2308  1
127:   0.2110  0.2420  0.1100  0.1730  0.2640  1
128:   0.1538  0.2438  0.1489  0.1808  0.2727  1
129:   0.1200  0.3130  0.0890  0.2300  0.2480  1
130:   0.3003  0.1962  0.1091  0.1772  0.2172  1
131:   0.1239  0.1119  0.4805  0.1818  0.1019  1
132:   0.1200  0.3030  0.0790  0.2710  0.2270  1
133:   0.2400  0.1120  0.3070  0.2000  0.1410  1
134:   0.1300  0.2770  0.1400  0.2220  0.2310  1
135:   0.3110  0.2170  0.0860  0.1700  0.2160  1
136:   0.0901  0.2462  0.1892  0.1972  0.2773  1
137:   0.1330  0.2820  0.1230  0.2320  0.2300  1
138:   0.2482  0.1672  0.2172  0.1682  0.1992  1
139:   0.2118  0.0919  0.3936  0.1768  0.1259  1
140:   0.1520  0.2760  0.1260  0.1850  0.2610  1
141:   0.2230  0.1640  0.2550  0.1920  0.1660  1
142:   0.1572  0.1091  0.4224  0.1752  0.1361  1
143:   0.1450  0.2520  0.1470  0.1500  0.3060  1
144:   0.0811  0.1542  0.4014  0.1772  0.1862  1
145:   0.1890  0.2880  0.0790  0.2050  0.2390  1
146:   0.1161  0.3333  0.0851  0.2312  0.2342  1
147:   0.2580  0.2350  0.0920  0.1790  0.2360  1
148:   0.1810  0.2540  0.1010  0.2240  0.2400  1
149:   0.2630  0.2170  0.0980  0.2050  0.2170  1
150:   0.4230  0.1890  0.0630  0.1580  0.1670  1
151:   0.0910  0.2730  0.1630  0.1920  0.2810  1
152:   0.2158  0.2557  0.1039  0.1998  0.2248  1
153:   0.2480  0.2430  0.0900  0.2130  0.2060  1
154:   0.0850  0.2680  0.1610  0.2120  0.2740  1
155:   0.1190  0.2570  0.1630  0.1840  0.2770  1
156:   0.1450  0.2930  0.1170  0.2000  0.2450  1
157:   0.1410  0.2670  0.1100  0.2520  0.2300  1
158:   0.2492  0.2112  0.1141  0.1912  0.2342  1
159:   0.2700  0.1830  0.1630  0.1850  0.1990  1
160:   0.1540  0.2510  0.1630  0.1730  0.2590  1
161:   0.3536  0.1678  0.1199  0.1818  0.1768  1
162:   0.1110  0.2380  0.1830  0.1840  0.2840  1
163:   0.3250  0.1970  0.1040  0.1740  0.2000  1
164:   0.1790  0.2160  0.1760  0.1800  0.2490  1
165:   0.1722  0.1522  0.3233  0.2042  0.1481  1
166:   0.3040  0.2020  0.0860  0.2330  0.1750  1
167:   0.2362  0.2412  0.1021  0.1932  0.2272  1
168:   0.2930  0.2190  0.1000  0.1660  0.2220  1
169:   0.2850  0.1990  0.1190  0.1780  0.2190  1
170:   0.1260  0.1050  0.4580  0.1810  0.1300  1
171:   0.1520  0.2320  0.1930  0.2170  0.2060  1
172:   0.2058  0.2168  0.1359  0.1768  0.2647  1
173:   0.1890  0.2330  0.1250  0.2070  0.2460  1
174:   0.2082  0.2192  0.1271  0.2002  0.2452  1
175:   0.2700  0.2090  0.1060  0.2110  0.2040  1
176:   0.1810  0.2450  0.0820  0.2380  0.2540  1
177:   0.2960  0.1980  0.1250  0.1600  0.2210  1
178:   0.1722  0.2472  0.1291  0.1732  0.2783  1
179:   0.3524  0.1962  0.0681  0.1972  0.1862  1
180:   0.2850  0.1950  0.1360  0.1940  0.1900  1
181:   0.2903  0.2342  0.0661  0.1872  0.2222  1
182:   0.2432  0.2342  0.0721  0.1862  0.2643  1
183:   0.1451  0.2803  0.0771  0.2773  0.2202  1
184:   0.1450  0.2500  0.1050  0.2680  0.2320  1
185:   0.1900  0.2400  0.1090  0.2400  0.2210  1
186:   0.0809  0.2527  0.1998  0.1838  0.2827  1
187:   0.2252  0.2002  0.1481  0.2032  0.2232  1
188:   0.2520  0.2490  0.0780  0.1850  0.2360  1
189:   0.2500  0.2440  0.0790  0.1680  0.2590  1
190:   0.0771  0.2442  0.2062  0.1842  0.2883  1
191:   0.2110  0.2720  0.0830  0.2250  0.2090  1
192:   0.2148  0.2418  0.0999  0.1718  0.2717  1
193:   0.0940  0.2580  0.1750  0.1740  0.2990  1
194:   0.0600  0.2840  0.1900  0.1960  0.2700  1
195:   0.2697  0.1249  0.2967  0.1898  0.1189  1
196:   0.3287  0.1798  0.1169  0.1628  0.2118  1
197:   0.2350  0.2080  0.1390  0.1650  0.2530  1
198:   0.1502  0.2703  0.0851  0.2673  0.2272  1
199:   0.1410  0.2790  0.1230  0.2130  0.2440  1
200:   0.3600  0.1750  0.0900  0.2110  0.1640  1
201:   0.0570  0.3410  0.1330  0.2170  0.2520  1
