  1:   0.2643  0.2425  0.0526  0.2478  0.1928  1
  2:   0.2839  0.2325  0.0512  0.2579  0.1744  1
  3:   0.3138  0.2358  0.0338  0.2560  0.1606  1
  4:   0.1808  0.2287  0.1028  0.1870  0.3006  1
  5:   0.2442  0.1854  0.2074  0.2218  0.1412  1
  6:   0.0638  0.0576  0.7301  0.0816  0.0670  1
  7:   0.2448  0.2340  0.0754  0.2542  0.1916  1
  8:   0.1819  0.2221  0.1231  0.1819  0.2911  1
  9:   0.0896  0.2434  0.0672  0.1432  0.4566  1
 10:   0.2900  0.2148  0.1352  0.2102  0.1498  1
 11:   0.2779  0.2008  0.1616  0.2190  0.1406  1
 12:   0.2107  0.2377  0.0730  0.2872  0.1913  1
 13:   0.2404  0.2411  0.0422  0.2719  0.2044  1
 14:   0.2078  0.2388  0.0634  0.2092  0.2807  1
 15:   0.2770  0.2361  0.0340  0.2864  0.1665  1
 16:   0.1568  0.1148  0.4891  0.1330  0.1064  1
 17:   0.1523  0.2362  0.0797  0.1679  0.3638  1
 18:   0.1733  0.2413  0.0600  0.1801  0.3453  1
 19:   0.2710  0.2150  0.1396  0.2196  0.1546  1
 20:   0.1871  0.2421  0.0548  0.2219  0.2941  1
 21:   0.2238  0.2298  0.1026  0.2870  0.1568  1
 22:   0.0664  0.0420  0.7728  0.0742  0.0446  1
 23:   0.0730  0.0536  0.7381  0.0826  0.0528  1
 24:   0.1847  0.1669  0.3185  0.1819  0.1481  1
 25:   0.3185  0.2172  0.0998  0.2255  0.1390  1
 26:   0.1988  0.1920  0.2272  0.2122  0.1696  1
 27:   0.0754  0.0574  0.7305  0.0818  0.0550  1
 28:   0.2616  0.2022  0.1604  0.2306  0.1452  1
 29:   0.0638  0.0482  0.7580  0.0758  0.0542  1
 30:   0.1020  0.0876  0.6158  0.1013  0.0934  1
 31:   0.0392  0.0284  0.8336  0.0618  0.0370  1
 32:   0.0586  0.0838  0.6705  0.0928  0.0944  1
 33:   0.2591  0.2060  0.1508  0.2308  0.1532  1
 34:   0.0572  0.0480  0.7732  0.0738  0.0478  1
 35:   0.2471  0.1618  0.3001  0.1748  0.1162  1
 36:   0.0904  0.0914  0.6358  0.1121  0.0704  1
 37:   0.0766  0.0456  0.7547  0.0779  0.0452  1
 38:   0.1352  0.1022  0.5505  0.1272  0.0848  1
 39:   0.1579  0.0922  0.5680  0.1157  0.0662  1
 40:   0.2947  0.2094  0.1194  0.2328  0.1438  1
 41:   0.0914  0.0786  0.6594  0.1012  0.0694  1
 42:   0.1614  0.1314  0.4601  0.1582  0.0888  1
 43:   0.0612  0.0598  0.7374  0.0838  0.0578  1
 44:   0.1675  0.1220  0.4684  0.1537  0.0884  1
 45:   0.0676  0.0548  0.7393  0.0828  0.0554  1
 46:   0.0646  0.0456  0.7605  0.0754  0.0538  1
 47:   0.1534  0.1164  0.4996  0.1350  0.0956  1
 48:   0.0588  0.0544  0.7432  0.0776  0.0660  1
 49:   0.0792  0.0658  0.7048  0.0894  0.0608  1
 50:   0.2634  0.1768  0.2422  0.1848  0.1330  1
 51:   0.1036  0.0738  0.6615  0.1004  0.0606  1
 52:   0.1355  0.0866  0.5920  0.1175  0.0684  1
 53:   0.1422  0.1056  0.5363  0.1206  0.0952  1
 54:   0.0646  0.0466  0.7626  0.0780  0.0482  1
 55:   0.1420  0.2404  0.0964  0.1900  0.3311  1
 56:   0.2606  0.2101  0.1351  0.2359  0.1583  1
 57:   0.2328  0.2334  0.0796  0.2036  0.2507  1
 58:   0.2375  0.2467  0.0668  0.2215  0.2275  1
 59:   0.3363  0.2078  0.1036  0.2125  0.1398  1
 60:   0.1100  0.2427  0.0666  0.1527  0.4281  1
 61:   0.1056  0.2444  0.0660  0.1564  0.4275  1
 62:   0.2962  0.2306  0.0516  0.2720  0.1496  1
 63:   0.3255  0.2327  0.0540  0.2363  0.1515  1
 64:   0.2124  0.2336  0.0838  0.2193  0.2510  1
 65:   0.3000  0.2269  0.0768  0.2368  0.1595  1
 66:   0.1979  0.2271  0.1174  0.2131  0.2445  1
 67:   0.2656  0.2414  0.0476  0.2404  0.2050  1
 68:   0.2839  0.2270  0.0500  0.2809  0.1582  1
 69:   0.1669  0.2427  0.0488  0.2219  0.3196  1
 70:   0.1321  0.2490  0.0602  0.1781  0.3806  1
 71:   0.2405  0.2317  0.0887  0.2584  0.1807  1
 72:   0.0768  0.2478  0.0650  0.1352  0.4752  1
 73:   0.0830  0.0730  0.6772  0.0952  0.0716  1
 74:   0.2642  0.2336  0.0476  0.3006  0.1540  1
 75:   0.0714  0.2490  0.0595  0.1351  0.4850  1
 76:   0.2144  0.1468  0.3821  0.1640  0.0926  1
 77:   0.2605  0.2329  0.0434  0.2921  0.1711  1
 78:   0.1860  0.2400  0.0668  0.1902  0.3170  1
 79:   0.1546  0.2336  0.1136  0.1622  0.3359  1
 80:   0.0680  0.0974  0.6129  0.0928  0.1290  1
 81:   0.1962  0.2216  0.1386  0.1964  0.2471  1
 82:   0.2273  0.2067  0.1795  0.2049  0.1815  1
 83:   0.1425  0.2558  0.0542  0.2171  0.3304  1
 84:   0.0873  0.2309  0.0973  0.1431  0.4413  1
 85:   0.2657  0.2296  0.0996  0.2358  0.1694  1
 86:   0.2535  0.1669  0.2909  0.1815  0.1072  1
 87:   0.2683  0.2384  0.0476  0.2250  0.2208  1
 88:   0.2322  0.2406  0.0476  0.2310  0.2486  1
 89:   0.2412  0.2412  0.0622  0.2336  0.2218  1
 90:   0.2625  0.2368  0.0514  0.2508  0.1985  1
 91:   0.2721  0.2097  0.1353  0.2147  0.1683  1
 92:   0.2078  0.2484  0.0438  0.3086  0.1914  1
 93:   0.0854  0.1014  0.5872  0.1054  0.1208  1
 94:   0.2817  0.2300  0.0684  0.2263  0.1936  1
 95:   0.2550  0.1975  0.1729  0.2197  0.1549  1
 96:   0.1928  0.2435  0.0618  0.2877  0.2142  1
 97:   0.1020  0.1092  0.5579  0.1094  0.1214  1
 98:   0.2561  0.2285  0.0900  0.2335  0.1919  1
 99:   0.2182  0.2529  0.0310  0.3287  0.1692  1
100:   0.2875  0.2268  0.0750  0.2262  0.1846  1
101:   0.1074  0.2360  0.0836  0.1550  0.4181  1
102:   0.2314  0.2376  0.0620  0.2036  0.2655  1
103:   0.2533  0.2245  0.1042  0.2241  0.1939  1
104:   0.1356  0.2574  0.0500  0.2188  0.3382  1
105:   0.1958  0.1594  0.3383  0.1702  0.1364  1
106:   0.3018  0.2150  0.1134  0.2308  0.1390  1
107:   0.1912  0.1676  0.2939  0.1622  0.1850  1
108:   0.2626  0.2457  0.0480  0.2680  0.1758  1
109:   0.2196  0.2271  0.1092  0.2805  0.1636  1
110:   0.0826  0.0622  0.7015  0.0893  0.0644  1
111:   0.1736  0.2324  0.0812  0.1916  0.3213  1
112:   0.1775  0.2371  0.0692  0.2007  0.3155  1
113:   0.2033  0.2448  0.0558  0.2587  0.2375  1
114:   0.1806  0.2408  0.0538  0.1800  0.3449  1
115:   0.0922  0.0588  0.7038  0.0878  0.0574  1
116:   0.1518  0.2385  0.0750  0.1856  0.3490  1
117:   0.2118  0.2536  0.0314  0.3313  0.1719  1
118:   0.2090  0.2446  0.0576  0.1966  0.2921  1
119:   0.0838  0.0900  0.6254  0.1010  0.0998  1
120:   0.1574  0.2391  0.0882  0.2038  0.3115  1
121:   0.1697  0.2501  0.0566  0.1951  0.3285  1
122:   0.0804  0.0772  0.6717  0.0954  0.0754  1
123:   0.2877  0.2324  0.0750  0.2435  0.1614  1
124:   0.2538  0.1928  0.2062  0.2040  0.1434  1
125:   0.3436  0.2172  0.0644  0.2290  0.1458  1
126:   0.1833  0.2419  0.0648  0.2153  0.2947  1
127:   0.2086  0.2428  0.0750  0.2090  0.2647  1
128:   0.1508  0.2390  0.0646  0.1682  0.3775  1
129:   0.2111  0.2509  0.0410  0.2855  0.2115  1
130:   0.2743  0.2332  0.0800  0.2058  0.2066  1
131:   0.1012  0.0934  0.6121  0.1114  0.0818  1
132:   0.2196  0.2511  0.0408  0.3057  0.1828  1
133:   0.1810  0.1284  0.4466  0.1486  0.0954  1
134:   0.1754  0.2499  0.0640  0.2242  0.2865  1
135:   0.2796  0.2348  0.0472  0.2482  0.1902  1
136:   0.1094  0.2421  0.0732  0.1649  0.4103  1
137:   0.2006  0.2400  0.0774  0.2540  0.2281  1
138:   0.2286  0.1690  0.2830  0.1874  0.1318  1
139:   0.1509  0.1181  0.4913  0.1223  0.1173  1
140:   0.1682  0.2462  0.0562  0.1918  0.3377  1
141:   0.2016  0.1742  0.2885  0.1914  0.1442  1
142:   0.1228  0.1210  0.4945  0.1176  0.1442  1
143:   0.1529  0.2423  0.0664  0.1663  0.3720  1
144:   0.0758  0.1510  0.4076  0.1066  0.2590  1
145:   0.2483  0.2490  0.0518  0.2590  0.1918  1
146:   0.2158  0.2587  0.0406  0.2938  0.1911  1
147:   0.2656  0.2276  0.0924  0.2358  0.1786  1
148:   0.2302  0.2440  0.0684  0.2592  0.1982  1
149:   0.2565  0.2327  0.0576  0.2315  0.2217  1
150:   0.3283  0.2387  0.0406  0.2349  0.1575  1
151:   0.1122  0.2472  0.0612  0.1650  0.4145  1
152:   0.2379  0.2419  0.0506  0.2563  0.2135  1
153:   0.2583  0.2355  0.0572  0.2457  0.2033  1
154:   0.1185  0.2456  0.0700  0.1779  0.3880  1
155:   0.1259  0.2449  0.0662  0.1621  0.4008  1
156:   0.1881  0.2501  0.0668  0.2237  0.2713  1
157:   0.2044  0.2424  0.0588  0.2592  0.2352  1
158:   0.2404  0.2318  0.0752  0.2106  0.2418  1
159:   0.2396  0.2060  0.1820  0.2038  0.1684  1
160:   0.1660  0.2433  0.0856  0.1850  0.3202  1
161:   0.2917  0.2111  0.1312  0.2171  0.1489  1
162:   0.1087  0.2403  0.0644  0.1555  0.4311  1
163:   0.2773  0.2355  0.0550  0.2168  0.2154  1
164:   0.1458  0.2283  0.0980  0.1546  0.3733  1
165:   0.1594  0.1526  0.3730  0.1588  0.1562  1
166:   0.2957  0.2189  0.0684  0.2611  0.1559  1
167:   0.2550  0.2368  0.0772  0.2408  0.1900  1
168:   0.2570  0.2422  0.0468  0.2094  0.2446  1
169:   0.2730  0.2161  0.1160  0.2288  0.1660  1
170:   0.0956  0.1040  0.5705  0.1054  0.1244  1
171:   0.1812  0.2190  0.1540  0.2022  0.2435  1
172:   0.1869  0.2369  0.0713  0.1757  0.3292  1
173:   0.2303  0.2331  0.0874  0.2387  0.2105  1
174:   0.2320  0.2367  0.0908  0.2223  0.2182  1
175:   0.2583  0.2260  0.0554  0.2441  0.2162  1
176:   0.2459  0.2398  0.0398  0.2789  0.1956  1
177:   0.2623  0.2260  0.1024  0.2162  0.1930  1
178:   0.1777  0.2359  0.0644  0.1861  0.3359  1
179:   0.3125  0.2323  0.0434  0.2549  0.1569  1
180:   0.2664  0.2092  0.1376  0.2244  0.1624  1
181:   0.2960  0.2322  0.0474  0.2684  0.1560  1
182:   0.2700  0.2439  0.0446  0.2416  0.1998  1
183:   0.2362  0.2392  0.0480  0.3064  0.1701  1
184:   0.2169  0.2399  0.0502  0.2705  0.2225  1
185:   0.2415  0.2345  0.0470  0.2807  0.1962  1
186:   0.0954  0.2445  0.0684  0.1537  0.4380  1
187:   0.2186  0.2250  0.0982  0.2096  0.2486  1
188:   0.2659  0.2364  0.0736  0.2587  0.1654  1
189:   0.2669  0.2394  0.0534  0.2353  0.2050  1
190:   0.0806  0.2408  0.0836  0.1362  0.4587  1
191:   0.2535  0.2442  0.0704  0.2701  0.1618  1
192:   0.2260  0.2462  0.0602  0.2174  0.2503  1
193:   0.1051  0.2412  0.0660  0.1505  0.4371  1
194:   0.0896  0.2495  0.0708  0.1674  0.4227  1
195:   0.2017  0.1317  0.4146  0.1581  0.0939  1
196:   0.2609  0.2201  0.0752  0.1971  0.2467  1
197:   0.2123  0.2253  0.1105  0.1907  0.2612  1
198:   0.2388  0.2360  0.0647  0.2990  0.1615  1
199:   0.1879  0.2472  0.0516  0.2311  0.2822  1
200:   0.3064  0.2124  0.0656  0.2558  0.1598  1
201:   0.1288  0.2630  0.0474  0.2224  0.3385  1
202:   0.1166  0.2433  0.0726  0.1874  0.3802  1
203:   0.2628  0.2274  0.0518  0.2918  0.1662  1
204:   0.2334  0.2435  0.0416  0.3119  0.1696  1
205:   0.0448  0.0316  0.8172  0.0636  0.0428  1
