1:    0.257 0.166 0.236 0.036 0.304 1    
2:    0.266 0.139 0.286 0.041 0.269 1    
3:    0.259 0.111 0.293 0.021 0.315 1    
4:    0.179 0.360 0.209 0.089 0.164 1    
5:    0.220 0.085 0.243 0.239 0.213 1    
6:    0.049 0.053 0.050 0.795 0.053 1    
7:    0.276 0.161 0.266 0.061 0.236 1    
8:    0.194 0.352 0.181 0.105 0.168 1    
9:    0.165 0.607 0.067 0.032 0.130 1    
10:   0.192 0.122 0.225 0.137 0.324 1    
11:   0.216 0.084 0.253 0.180 0.267 1    
12:   0.284 0.164 0.308 0.056 0.187 1    
13:   0.269 0.175 0.330 0.026 0.199 1    
14:   0.203 0.338 0.205 0.046 0.207 1    
15:   0.297 0.097 0.340 0.022 0.244 1    
16:   0.112 0.085 0.114 0.534 0.155 1    
17:   0.197 0.436 0.133 0.056 0.178 1    
18:   0.202 0.400 0.167 0.038 0.193 1    
19:   0.240 0.119 0.248 0.141 0.252 1    
20:   0.201 0.357 0.228 0.034 0.180 1    
21:   0.275 0.100 0.350 0.095 0.180 1    
22:   0.040 0.025 0.037 0.848 0.049 1    
23:   0.054 0.025 0.060 0.804 0.057 1    
24:   0.169 0.135 0.172 0.340 0.185 1    
25:   0.238 0.093 0.214 0.109 0.346 1    
26:   0.204 0.172 0.207 0.223 0.193 1    
27:   0.050 0.032 0.058 0.803 0.058 1    
28:   0.234 0.112 0.235 0.161 0.257 1    
29:   0.037 0.044 0.039 0.818 0.061 1    
30:   0.070 0.086 0.069 0.667 0.108 1    
31:   0.024 0.024 0.022 0.907 0.024 1    
32:   0.056 0.104 0.056 0.723 0.062 1    
33:   0.237 0.119 0.248 0.149 0.247 1    
34:   0.039 0.034 0.038 0.837 0.052 1    
35:   0.157 0.076 0.176 0.333 0.257 1    
36:   0.080 0.050 0.085 0.697 0.089 1    
37:   0.037 0.024 0.049 0.828 0.062 1    
38:   0.104 0.059 0.100 0.608 0.129 1    
39:   0.090 0.040 0.078 0.613 0.179 1    
40:   0.230 0.110 0.238 0.118 0.304 1    
41:   0.070 0.056 0.072 0.704 0.097 1    
42:   0.130 0.064 0.144 0.501 0.161 1    
43:   0.048 0.050 0.050 0.795 0.057 1    
44:   0.132 0.068 0.130 0.511 0.159 1    
45:   0.051 0.037 0.047 0.802 0.063 1    
46:   0.037 0.038 0.044 0.829 0.052 1    
47:   0.124 0.073 0.105 0.539 0.159 1    
48:   0.044 0.059 0.041 0.803 0.054 1    
49:   0.062 0.046 0.059 0.759 0.074 1    
50:   0.159 0.102 0.180 0.269 0.290 1    
51:   0.064 0.037 0.069 0.737 0.094 1    
52:   0.075 0.046 0.095 0.639 0.146 1    
53:   0.099 0.088 0.089 0.574 0.151 1    
54:   0.043 0.032 0.041 0.835 0.050 1    
55:   0.200 0.390 0.178 0.071 0.161 1    
56:   0.223 0.123 0.249 0.137 0.267 1    
57:   0.225 0.272 0.216 0.065 0.223 1    
58:   0.230 0.238 0.275 0.050 0.208 1    
59:   0.199 0.100 0.189 0.105 0.407 1    
60:   0.163 0.568 0.107 0.034 0.128 1    
61:   0.184 0.553 0.088 0.029 0.145 1    
62:   0.265 0.106 0.271 0.043 0.315 1    
63:   0.242 0.109 0.248 0.046 0.356 1    
64:   0.206 0.295 0.213 0.074 0.212 1    
65:   0.237 0.126 0.271 0.070 0.297 1    
66:   0.233 0.244 0.222 0.106 0.196 1    
67:   0.235 0.185 0.275 0.032 0.273 1    
68:   0.288 0.108 0.303 0.040 0.261 1    
69:   0.199 0.380 0.225 0.026 0.170 1    
70:   0.174 0.483 0.151 0.035 0.157 1    
71:   0.270 0.156 0.273 0.083 0.218 1    
72:   0.151 0.644 0.061 0.026 0.118 1    
73:   0.070 0.054 0.064 0.736 0.076 1    
74:   0.287 0.115 0.333 0.035 0.230 1    
75:   0.146 0.654 0.058 0.021 0.121 1    
76:   0.177 0.060 0.143 0.417 0.203 1    
77:   0.275 0.128 0.344 0.030 0.223 1    
78:   0.185 0.394 0.164 0.049 0.208 1    
79:   0.185 0.408 0.129 0.099 0.178 1    
80:   0.075 0.155 0.052 0.642 0.076 1    
81:   0.210 0.268 0.207 0.130 0.185 1    
82:   0.203 0.156 0.202 0.181 0.258 1    
83:   0.189 0.414 0.185 0.031 0.181 1    
84:   0.147 0.590 0.064 0.067 0.133 1    
85:   0.260 0.119 0.293 0.095 0.233 1    
86:   0.160 0.063 0.166 0.327 0.283 1    
87:   0.266 0.196 0.243 0.031 0.264 1    
88:   0.244 0.259 0.222 0.027 0.249 1    
89:   0.266 0.199 0.273 0.048 0.214 1    
90:   0.271 0.152 0.311 0.041 0.224 1    
91:   0.216 0.136 0.244 0.133 0.271 1    
92:   0.300 0.137 0.371 0.030 0.163 1    
93:   0.081 0.135 0.070 0.621 0.093 1    
94:   0.236 0.166 0.239 0.058 0.301 1    
95:   0.231 0.113 0.257 0.175 0.224 1    
96:   0.260 0.197 0.316 0.042 0.185 1    
97:   0.088 0.129 0.076 0.611 0.096 1    
98:   0.221 0.173 0.242 0.080 0.284 1    
99:   0.308 0.109 0.392 0.018 0.173 1    
100:  0.229 0.155 0.260 0.067 0.289 1    
101:  0.169 0.548 0.081 0.053 0.148 1    
102:  0.242 0.274 0.207 0.044 0.234 1    
103:  0.225 0.172 0.267 0.091 0.245 1    
104:  0.181 0.421 0.202 0.025 0.172 1    
105:  0.172 0.110 0.157 0.375 0.186 1    
106:  0.258 0.101 0.214 0.113 0.314 1    
107:  0.155 0.190 0.129 0.313 0.213 1    
108:  0.277 0.134 0.290 0.035 0.265 1    
109:  0.268 0.124 0.304 0.095 0.210 1    
110:  0.052 0.051 0.061 0.760 0.075 1    
111:  0.201 0.370 0.187 0.057 0.185 1    
112:  0.194 0.403 0.195 0.047 0.161 1    
113:  0.257 0.236 0.265 0.039 0.203 1    
114:  0.187 0.430 0.161 0.033 0.190 1    
115:  0.056 0.036 0.059 0.751 0.098 1    
116:  0.170 0.447 0.148 0.053 0.183 1    
117:  0.306 0.118 0.379 0.016 0.181 1    
118:  0.242 0.341 0.172 0.034 0.211 1    
119:  0.080 0.106 0.069 0.659 0.086 1    
120:  0.218 0.355 0.178 0.070 0.179 1    
121:  0.206 0.391 0.168 0.030 0.204 1    
122:  0.067 0.065 0.067 0.719 0.082 1    
123:  0.240 0.106 0.307 0.070 0.276 1    
124:  0.215 0.113 0.206 0.202 0.264 1    
125:  0.230 0.092 0.247 0.055 0.376 1    
126:  0.194 0.355 0.210 0.046 0.195 1    
127:  0.215 0.292 0.224 0.066 0.204 1    
128:  0.177 0.505 0.130 0.040 0.149 1    
129:  0.284 0.175 0.343 0.025 0.173 1    
130:  0.261 0.180 0.200 0.071 0.288 1    
131:  0.083 0.063 0.081 0.675 0.097 1    
132:  0.303 0.128 0.360 0.027 0.182 1    
133:  0.134 0.060 0.138 0.499 0.169 1    
134:  0.198 0.338 0.211 0.043 0.210 1    
135:  0.236 0.164 0.262 0.033 0.305 1    
136:  0.177 0.531 0.107 0.042 0.143 1    
137:  0.241 0.220 0.288 0.063 0.188 1    
138:  0.187 0.069 0.223 0.328 0.193 1    
139:  0.102 0.114 0.083 0.529 0.172 1    
140:  0.189 0.411 0.182 0.035 0.184 1    
141:  0.196 0.109 0.179 0.312 0.203 1    
142:  0.107 0.158 0.088 0.524 0.123 1    
143:  0.193 0.457 0.154 0.041 0.156 1    
144:  0.101 0.340 0.055 0.405 0.099 1    
145:  0.285 0.136 0.330 0.042 0.207 1    
146:  0.308 0.140 0.340 0.025 0.187 1    
147:  0.247 0.132 0.305 0.086 0.230 1    
148:  0.294 0.163 0.293 0.053 0.197 1    
149:  0.260 0.206 0.237 0.046 0.252 1    
150:  0.234 0.118 0.235 0.030 0.383 1    
151:  0.166 0.544 0.107 0.031 0.152 1    
152:  0.243 0.208 0.271 0.035 0.243 1    
153:  0.250 0.183 0.284 0.045 0.237 1    
154:  0.172 0.495 0.135 0.043 0.155 1    
155:  0.173 0.532 0.116 0.038 0.142 1    
156:  0.239 0.273 0.258 0.050 0.180 1    
157:  0.240 0.225 0.284 0.042 0.208 1    
158:  0.241 0.252 0.201 0.061 0.245 1    
159:  0.216 0.133 0.246 0.177 0.228 1    
160:  0.180 0.414 0.175 0.060 0.170 1    
161:  0.218 0.113 0.232 0.127 0.311 1    
162:  0.165 0.568 0.086 0.030 0.152 1    
163:  0.224 0.222 0.217 0.037 0.300 1    
164:  0.166 0.481 0.091 0.079 0.182 1    
165:  0.150 0.144 0.145 0.385 0.176 1    
166:  0.239 0.139 0.281 0.059 0.281 1    
167:  0.261 0.154 0.276 0.067 0.242 1    
168:  0.210 0.284 0.219 0.029 0.258 1    
169:  0.222 0.124 0.287 0.120 0.247 1    
170:  0.087 0.125 0.069 0.622 0.097 1    
171:  0.210 0.244 0.204 0.143 0.199 1    
172:  0.210 0.385 0.144 0.049 0.213 1    
173:  0.279 0.175 0.255 0.071 0.220 1    
174:  0.238 0.214 0.242 0.083 0.224 1    
175:  0.240 0.221 0.222 0.037 0.280 1    
176:  0.281 0.159 0.319 0.024 0.217 1    
177:  0.225 0.169 0.268 0.088 0.250 1    
178:  0.198 0.399 0.195 0.043 0.166 1    
179:  0.282 0.093 0.262 0.032 0.330 1    
180:  0.219 0.137 0.269 0.133 0.242 1    
181:  0.258 0.103 0.308 0.038 0.294 1    
182:  0.311 0.149 0.280 0.034 0.225 1    
183:  0.305 0.116 0.347 0.038 0.195 1    
184:  0.263 0.216 0.294 0.033 0.195 1    
185:  0.271 0.181 0.290 0.027 0.231 1    
186:  0.178 0.568 0.085 0.033 0.136 1    
187:  0.226 0.255 0.203 0.080 0.236 1    
188:  0.267 0.113 0.325 0.069 0.226 1    
189:  0.258 0.163 0.316 0.039 0.224 1    
190:  0.154 0.610 0.060 0.052 0.124 1    
191:  0.277 0.107 0.328 0.063 0.225 1    
192:  0.259 0.227 0.263 0.045 0.206 1    
193:  0.164 0.568 0.095 0.035 0.138 1    
194:  0.164 0.545 0.119 0.039 0.134 1    
195:  0.144 0.062 0.140 0.464 0.190 1    
196:  0.221 0.259 0.167 0.057 0.297 1    
197:  0.198 0.281 0.197 0.101 0.223 1    
198:  0.288 0.117 0.359 0.053 0.183 1    
199:  0.234 0.296 0.233 0.028 0.209 1    
200:  0.239 0.135 0.251 0.054 0.321 1    
201:  0.182 0.417 0.201 0.023 0.178 1    
202:  0.186 0.469 0.138 0.040 0.166 1    
203:  0.280 0.135 0.300 0.039 0.246 1    
204:  0.296 0.136 0.340 0.026 0.202 1    
205:  0.025 0.026 0.025 0.897 0.027 1    
                    
                    
1:    0.241 0.294 0.034 0.250 0.181 1    
2:    0.298 0.246 0.035 0.259 0.162 1    
3:    0.316 0.236 0.020 0.280 0.148 1    
4:    0.194 0.193 0.083 0.216 0.314 1    
5:    0.242 0.206 0.223 0.206 0.123 1    
6:    0.050 0.049 0.803 0.049 0.050 1    
7:    0.289 0.230 0.061 0.244 0.176 1    
8:    0.191 0.183 0.100 0.209 0.317 1    
9:    0.066 0.224 0.032 0.154 0.523 1    
10:   0.256 0.227 0.126 0.230 0.161 1    
11:   0.253 0.200 0.163 0.242 0.142 1    
12:   0.262 0.272 0.053 0.277 0.136 1    
13:   0.308 0.232 0.026 0.249 0.185 1    
14:   0.200 0.248 0.044 0.239 0.269 1    
15:   0.290 0.274 0.020 0.276 0.141 1    
16:   0.132 0.110 0.519 0.129 0.110 1    
17:   0.135 0.214 0.053 0.178 0.420 1    
18:   0.155 0.218 0.034 0.180 0.414 1    
19:   0.280 0.198 0.133 0.230 0.158 1    
20:   0.220 0.236 0.031 0.222 0.291 1    
21:   0.275 0.259 0.099 0.261 0.108 1    
22:   0.045 0.034 0.854 0.037 0.031 1    
23:   0.069 0.043 0.803 0.051 0.034 1    
24:   0.180 0.170 0.337 0.177 0.135 1    
25:   0.286 0.243 0.097 0.230 0.144 1    
26:   0.217 0.217 0.231 0.189 0.146 1    
27:   0.064 0.046 0.788 0.054 0.048 1    
28:   0.292 0.204 0.164 0.225 0.115 1    
29:   0.041 0.037 0.834 0.043 0.046 1    
30:   0.085 0.078 0.663 0.081 0.094 1    
31:   0.020 0.018 0.921 0.020 0.021 1    
32:   0.045 0.074 0.726 0.069 0.086 1    
33:   0.242 0.233 0.149 0.236 0.140 1    
34:   0.041 0.035 0.859 0.035 0.029 1    
35:   0.216 0.169 0.307 0.186 0.122 1    
36:   0.080 0.090 0.691 0.084 0.055 1    
37:   0.049 0.044 0.835 0.040 0.032 1    
38:   0.115 0.095 0.618 0.106 0.066 1    
39:   0.116 0.098 0.627 0.092 0.066 1    
40:   0.290 0.226 0.114 0.247 0.123 1    
41:   0.073 0.069 0.726 0.074 0.058 1    
42:   0.143 0.142 0.510 0.132 0.073 1    
43:   0.044 0.047 0.814 0.046 0.048 1    
44:   0.167 0.122 0.517 0.131 0.062 1    
45:   0.053 0.042 0.815 0.048 0.042 1    
46:   0.052 0.038 0.831 0.044 0.034 1    
47:   0.126 0.115 0.540 0.132 0.087 1    
48:   0.038 0.048 0.818 0.039 0.057 1    
49:   0.059 0.053 0.783 0.055 0.050 1    
50:   0.250 0.176 0.247 0.195 0.132 1    
51:   0.074 0.071 0.738 0.069 0.048 1    
52:   0.102 0.088 0.655 0.098 0.057 1    
53:   0.111 0.103 0.600 0.099 0.086 1    
54:   0.043 0.042 0.842 0.040 0.032 1    
55:   0.147 0.228 0.079 0.207 0.338 1    
56:   0.245 0.237 0.130 0.239 0.148 1    
57:   0.236 0.223 0.060 0.216 0.265 1    
58:   0.260 0.204 0.049 0.257 0.230 1    
59:   0.288 0.232 0.104 0.233 0.143 1    
60:   0.097 0.227 0.036 0.170 0.471 1    
61:   0.090 0.233 0.029 0.162 0.486 1    
62:   0.264 0.284 0.036 0.282 0.133 1    
63:   0.306 0.252 0.039 0.251 0.152 1    
64:   0.226 0.246 0.066 0.226 0.237 1    
65:   0.305 0.214 0.067 0.268 0.147 1    
66:   0.192 0.208 0.099 0.224 0.277 1    
67:   0.261 0.241 0.027 0.263 0.209 1    
68:   0.288 0.269 0.033 0.284 0.126 1    
69:   0.208 0.223 0.025 0.227 0.316 1    
70:   0.132 0.245 0.033 0.187 0.403 1    
71:   0.265 0.258 0.072 0.250 0.155 1    
72:   0.058 0.242 0.025 0.144 0.532 1    
73:   0.065 0.061 0.745 0.064 0.065 1    
74:   0.298 0.294 0.032 0.285 0.091 1    
75:   0.045 0.237 0.019 0.146 0.554 1    
76:   0.193 0.158 0.421 0.148 0.081 1    
77:   0.291 0.280 0.027 0.283 0.119 1    
78:   0.166 0.237 0.047 0.198 0.352 1    
79:   0.147 0.216 0.090 0.162 0.385 1    
80:   0.049 0.080 0.668 0.067 0.136 1    
81:   0.203 0.214 0.124 0.199 0.260 1    
82:   0.194 0.211 0.186 0.210 0.198 1    
83:   0.156 0.274 0.033 0.227 0.311 1    
84:   0.056 0.224 0.065 0.156 0.499 1    
85:   0.293 0.203 0.085 0.250 0.170 1    
86:   0.192 0.184 0.320 0.190 0.114 1    
87:   0.280 0.211 0.033 0.230 0.246 1    
88:   0.234 0.258 0.025 0.234 0.250 1    
89:   0.279 0.213 0.047 0.238 0.223 1    
90:   0.304 0.222 0.036 0.258 0.180 1    
91:   0.276 0.195 0.129 0.222 0.178 1    
92:   0.265 0.270 0.028 0.304 0.133 1    
93:   0.068 0.097 0.627 0.084 0.124 1    
94:   0.261 0.215 0.057 0.239 0.228 1    
95:   0.284 0.185 0.171 0.223 0.138 1    
96:   0.237 0.296 0.038 0.275 0.155 1    
97:   0.088 0.106 0.605 0.084 0.117 1    
98:   0.248 0.249 0.080 0.238 0.185 1    
99:   0.275 0.312 0.016 0.305 0.092 1    
100:  0.281 0.198 0.060 0.263 0.198 1    
101:  0.083 0.225 0.051 0.172 0.469 1    
102:  0.225 0.227 0.043 0.212 0.294 1    
103:  0.256 0.202 0.089 0.246 0.207 1    
104:  0.164 0.277 0.026 0.220 0.314 1    
105:  0.175 0.158 0.344 0.170 0.153 1    
106:  0.265 0.230 0.108 0.256 0.141 1    
107:  0.165 0.167 0.297 0.164 0.206 1    
108:  0.248 0.268 0.030 0.293 0.161 1    
109:  0.252 0.270 0.100 0.270 0.108 1    
110:  0.064 0.054 0.774 0.060 0.048 1    
111:  0.175 0.201 0.057 0.210 0.357 1    
112:  0.196 0.213 0.046 0.209 0.337 1    
113:  0.205 0.285 0.039 0.262 0.208 1    
114:  0.179 0.217 0.031 0.198 0.375 1    
115:  0.065 0.053 0.786 0.052 0.045 1    
116:  0.142 0.256 0.051 0.198 0.353 1    
117:  0.258 0.318 0.015 0.309 0.099 1    
118:  0.208 0.226 0.033 0.207 0.325 1    
119:  0.071 0.078 0.676 0.079 0.096 1    
120:  0.145 0.247 0.061 0.230 0.317 1    
121:  0.159 0.249 0.033 0.207 0.352 1    
122:  0.070 0.067 0.738 0.063 0.062 1    
123:  0.281 0.214 0.062 0.283 0.160 1    
124:  0.246 0.192 0.223 0.204 0.135 1    
125:  0.308 0.211 0.053 0.259 0.168 1    
126:  0.197 0.254 0.041 0.223 0.285 1    
127:  0.210 0.229 0.058 0.222 0.281 1    
128:  0.151 0.223 0.034 0.181 0.410 1    
129:  0.246 0.266 0.023 0.299 0.166 1    
130:  0.265 0.229 0.067 0.200 0.239 1    
131:  0.090 0.086 0.661 0.090 0.073 1    
132:  0.247 0.304 0.024 0.298 0.128 1    
133:  0.159 0.121 0.493 0.137 0.090 1    
134:  0.200 0.268 0.040 0.229 0.263 1    
135:  0.265 0.248 0.030 0.269 0.188 1    
136:  0.095 0.233 0.039 0.169 0.463 1    
137:  0.230 0.256 0.059 0.244 0.211 1    
138:  0.235 0.151 0.275 0.193 0.146 1    
139:  0.119 0.112 0.543 0.104 0.123 1    
140:  0.174 0.230 0.033 0.198 0.365 1    
141:  0.177 0.185 0.289 0.197 0.152 1    
142:  0.109 0.110 0.533 0.106 0.143 1    
143:  0.142 0.211 0.038 0.171 0.438 1    
144:  0.056 0.134 0.435 0.099 0.276 1    
145:  0.294 0.220 0.038 0.265 0.183 1    
146:  0.240 0.298 0.025 0.298 0.139 1    
147:  0.278 0.202 0.081 0.257 0.182 1    
148:  0.248 0.256 0.051 0.259 0.186 1    
149:  0.270 0.225 0.038 0.234 0.232 1    
150:  0.294 0.248 0.027 0.262 0.168 1    
151:  0.095 0.237 0.032 0.174 0.463 1    
152:  0.263 0.240 0.029 0.267 0.201 1    
153:  0.270 0.245 0.042 0.261 0.182 1    
154:  0.113 0.251 0.042 0.184 0.409 1    
155:  0.124 0.232 0.035 0.174 0.435 1    
156:  0.202 0.227 0.049 0.235 0.287 1    
157:  0.236 0.273 0.040 0.237 0.214 1    
158:  0.242 0.223 0.060 0.217 0.258 1    
159:  0.240 0.201 0.185 0.204 0.169 1    
160:  0.177 0.222 0.061 0.196 0.344 1    
161:  0.275 0.220 0.125 0.225 0.155 1    
162:  0.087 0.235 0.027 0.170 0.482 1    
163:  0.256 0.239 0.036 0.242 0.226 1    
164:  0.117 0.217 0.075 0.171 0.421 1    
165:  0.141 0.157 0.410 0.146 0.146 1    
166:  0.310 0.265 0.060 0.239 0.126 1    
167:  0.276 0.240 0.061 0.242 0.182 1    
168:  0.266 0.236 0.025 0.218 0.254 1    
169:  0.290 0.171 0.107 0.252 0.180 1    
170:  0.072 0.093 0.618 0.085 0.131 1    
171:  0.178 0.220 0.140 0.200 0.262 1    
172:  0.167 0.233 0.049 0.180 0.371 1    
173:  0.252 0.220 0.072 0.243 0.214 1    
174:  0.262 0.221 0.073 0.217 0.227 1    
175:  0.264 0.248 0.035 0.267 0.187 1    
176:  0.314 0.241 0.023 0.267 0.155 1    
177:  0.274 0.173 0.094 0.239 0.220 1    
178:  0.188 0.199 0.041 0.194 0.377 1    
179:  0.284 0.274 0.028 0.255 0.159 1    
180:  0.284 0.197 0.129 0.235 0.156 1    
181:  0.321 0.227 0.034 0.275 0.143 1    
182:  0.311 0.216 0.030 0.243 0.200 1    
183:  0.270 0.292 0.032 0.298 0.108 1    
184:  0.267 0.267 0.028 0.252 0.187 1    
185:  0.290 0.255 0.024 0.276 0.156 1    
186:  0.070 0.230 0.028 0.164 0.509 1    
187:  0.223 0.204 0.079 0.227 0.268 1    
188:  0.311 0.214 0.063 0.270 0.142 1    
189:  0.295 0.181 0.040 0.257 0.226 1    
190:  0.052 0.230 0.047 0.145 0.526 1    
191:  0.272 0.254 0.060 0.279 0.135 1    
192:  0.245 0.195 0.041 0.242 0.277 1    
193:  0.086 0.225 0.032 0.164 0.494 1    
194:  0.078 0.248 0.037 0.181 0.456 1    
195:  0.179 0.137 0.446 0.148 0.091 1    
196:  0.203 0.232 0.059 0.210 0.296 1    
197:  0.218 0.201 0.090 0.217 0.275 1    
198:  0.297 0.263 0.052 0.282 0.104 1    
199:  0.179 0.256 0.027 0.241 0.296 1    
200:  0.281 0.261 0.051 0.272 0.135 1    
201:  0.142 0.297 0.022 0.231 0.308 1    
202:  0.095 0.250 0.038 0.217 0.400 1    
203:  0.299 0.269 0.035 0.292 0.105 1    
204:  0.287 0.290 0.025 0.298 0.100 1    
205:  0.029 0.022 0.898 0.028 0.024 1    
                    
                    
1:    0.036 0.265 0.222 0.227 0.251 1    
2:    0.042 0.285 0.200 0.173 0.300 1    
3:    0.022 0.274 0.231 0.155 0.318 1    
4:    0.096 0.177 0.263 0.271 0.193 1    
5:    0.198 0.227 0.175 0.147 0.253 1    
6:    0.793 0.053 0.053 0.050 0.052 1    
7:    0.063 0.257 0.215 0.219 0.246 1    
8:    0.130 0.180 0.244 0.251 0.194 1    
9:    0.035 0.131 0.318 0.451 0.064 1    
10:   0.146 0.248 0.230 0.104 0.272 1    
11:   0.159 0.247 0.189 0.101 0.303 1    
12:   0.060 0.250 0.198 0.277 0.214 1    
13:   0.028 0.279 0.217 0.218 0.258 1    
14:   0.044 0.203 0.271 0.286 0.196 1    
15:   0.022 0.300 0.194 0.183 0.302 1    
16:   0.521 0.123 0.120 0.080 0.156 1    
17:   0.058 0.168 0.280 0.352 0.143 1    
18:   0.039 0.178 0.276 0.333 0.173 1    
19:   0.130 0.252 0.202 0.131 0.286 1    
20:   0.034 0.225 0.252 0.302 0.188 1    
21:   0.097 0.263 0.187 0.217 0.235 1    
22:   0.833 0.044 0.043 0.027 0.053 1    
23:   0.815 0.048 0.043 0.030 0.063 1    
24:   0.310 0.179 0.164 0.160 0.186 1    
25:   0.082 0.285 0.227 0.123 0.282 1    
26:   0.243 0.210 0.171 0.191 0.185 1    
27:   0.796 0.054 0.051 0.033 0.066 1    
28:   0.168 0.243 0.192 0.142 0.256 1    
29:   0.807 0.052 0.051 0.038 0.051 1    
30:   0.663 0.085 0.082 0.088 0.082 1    
31:   0.906 0.025 0.024 0.021 0.024 1    
32:   0.706 0.063 0.077 0.099 0.054 1    
33:   0.157 0.220 0.177 0.161 0.284 1    
34:   0.837 0.043 0.040 0.039 0.041 1    
35:   0.317 0.196 0.174 0.083 0.230 1    
36:   0.666 0.089 0.077 0.081 0.087 1    
37:   0.819 0.055 0.041 0.024 0.060 1    
38:   0.579 0.127 0.097 0.075 0.122 1    
39:   0.591 0.127 0.106 0.049 0.127 1    
40:   0.126 0.243 0.209 0.135 0.287 1    
41:   0.709 0.080 0.071 0.062 0.078 1    
42:   0.489 0.161 0.114 0.088 0.148 1    
43:   0.789 0.056 0.051 0.052 0.052 1    
44:   0.487 0.152 0.118 0.083 0.159 1    
45:   0.802 0.056 0.051 0.040 0.051 1    
46:   0.819 0.044 0.045 0.039 0.054 1    
47:   0.514 0.133 0.119 0.089 0.145 1    
48:   0.791 0.052 0.053 0.054 0.050 1    
49:   0.758 0.067 0.060 0.046 0.069 1    
50:   0.243 0.214 0.209 0.103 0.232 1    
51:   0.703 0.086 0.071 0.047 0.093 1    
52:   0.641 0.101 0.094 0.045 0.118 1    
53:   0.550 0.122 0.111 0.081 0.135 1    
54:   0.819 0.050 0.045 0.035 0.050 1    
55:   0.079 0.168 0.264 0.359 0.130 1    
56:   0.131 0.250 0.198 0.162 0.259 1    
57:   0.064 0.220 0.233 0.221 0.262 1    
58:   0.056 0.236 0.248 0.195 0.265 1    
59:   0.096 0.256 0.246 0.111 0.292 1    
60:   0.037 0.138 0.303 0.425 0.096 1    
61:   0.029 0.152 0.297 0.439 0.083 1    
62:   0.042 0.299 0.201 0.159 0.300 1    
63:   0.047 0.276 0.236 0.131 0.310 1    
64:   0.067 0.212 0.240 0.268 0.212 1    
65:   0.074 0.262 0.223 0.126 0.316 1    
66:   0.112 0.210 0.218 0.240 0.220 1    
67:   0.029 0.271 0.221 0.197 0.282 1    
68:   0.040 0.294 0.193 0.178 0.296 1    
69:   0.026 0.211 0.258 0.346 0.158 1    
70:   0.035 0.165 0.283 0.392 0.126 1    
71:   0.082 0.254 0.193 0.216 0.254 1    
72:   0.025 0.120 0.327 0.480 0.047 1    
73:   0.725 0.073 0.068 0.059 0.075 1    
74:   0.039 0.289 0.183 0.215 0.274 1    
75:   0.019 0.121 0.325 0.491 0.045 1    
76:   0.394 0.179 0.135 0.078 0.213 1    
77:   0.031 0.275 0.190 0.226 0.279 1    
78:   0.049 0.186 0.267 0.305 0.194 1    
79:   0.092 0.163 0.272 0.328 0.144 1    
80:   0.647 0.072 0.110 0.116 0.055 1    
81:   0.137 0.195 0.233 0.225 0.211 1    
82:   0.163 0.215 0.210 0.179 0.232 1    
83:   0.031 0.181 0.274 0.385 0.129 1    
84:   0.066 0.129 0.290 0.448 0.067 1    
85:   0.105 0.239 0.223 0.134 0.299 1    
86:   0.290 0.214 0.195 0.081 0.219 1    
87:   0.034 0.248 0.233 0.189 0.297 1    
88:   0.028 0.236 0.237 0.273 0.225 1    
89:   0.056 0.234 0.228 0.215 0.267 1    
90:   0.039 0.258 0.225 0.187 0.292 1    
91:   0.139 0.247 0.206 0.120 0.287 1    
92:   0.032 0.276 0.197 0.282 0.213 1    
93:   0.617 0.089 0.101 0.117 0.077 1    
94:   0.058 0.262 0.226 0.161 0.292 1    
95:   0.194 0.222 0.177 0.131 0.276 1    
96:   0.045 0.248 0.204 0.319 0.184 1    
97:   0.575 0.097 0.113 0.116 0.099 1    
98:   0.081 0.249 0.222 0.200 0.248 1    
99:   0.019 0.288 0.190 0.271 0.232 1    
100:  0.065 0.250 0.216 0.156 0.313 1    
101:  0.055 0.139 0.292 0.429 0.085 1    
102:  0.044 0.227 0.243 0.252 0.233 1    
103:  0.097 0.239 0.224 0.170 0.270 1    
104:  0.024 0.173 0.265 0.420 0.117 1    
105:  0.321 0.185 0.153 0.123 0.219 1    
106:  0.106 0.262 0.211 0.125 0.295 1    
107:  0.279 0.175 0.185 0.183 0.178 1    
108:  0.033 0.272 0.223 0.203 0.268 1    
109:  0.103 0.264 0.181 0.236 0.216 1    
110:  0.750 0.066 0.062 0.049 0.073 1    
111:  0.064 0.193 0.264 0.297 0.182 1    
112:  0.049 0.205 0.260 0.297 0.190 1    
113:  0.038 0.240 0.211 0.300 0.210 1    
114:  0.035 0.189 0.277 0.314 0.185 1    
115:  0.762 0.068 0.058 0.041 0.071 1    
116:  0.053 0.181 0.274 0.363 0.128 1    
117:  0.016 0.295 0.191 0.277 0.221 1    
118:  0.035 0.202 0.273 0.272 0.218 1    
119:  0.667 0.083 0.089 0.096 0.065 1    
120:  0.063 0.181 0.251 0.348 0.156 1    
121:  0.030 0.187 0.269 0.343 0.171 1    
122:  0.714 0.073 0.070 0.071 0.073 1    
123:  0.076 0.252 0.237 0.140 0.295 1    
124:  0.220 0.205 0.202 0.128 0.245 1    
125:  0.060 0.289 0.223 0.097 0.331 1    
126:  0.045 0.204 0.256 0.319 0.176 1    
127:  0.063 0.213 0.262 0.236 0.226 1    
128:  0.039 0.167 0.287 0.362 0.145 1    
129:  0.026 0.258 0.207 0.279 0.229 1    
130:  0.063 0.244 0.237 0.175 0.281 1    
131:  0.625 0.103 0.090 0.081 0.100 1    
132:  0.027 0.270 0.198 0.264 0.241 1    
133:  0.495 0.148 0.117 0.067 0.173 1    
134:  0.040 0.191 0.267 0.349 0.152 1    
135:  0.033 0.289 0.228 0.183 0.266 1    
136:  0.040 0.154 0.289 0.423 0.094 1    
137:  0.066 0.243 0.220 0.266 0.206 1    
138:  0.288 0.202 0.161 0.092 0.257 1    
139:  0.498 0.142 0.136 0.093 0.131 1    
140:  0.036 0.186 0.273 0.351 0.155 1    
141:  0.298 0.192 0.161 0.140 0.209 1    
142:  0.510 0.112 0.134 0.134 0.111 1    
143:  0.044 0.179 0.282 0.322 0.173 1    
144:  0.409 0.086 0.181 0.262 0.063 1    
145:  0.041 0.252 0.217 0.219 0.271 1    
146:  0.025 0.265 0.195 0.279 0.235 1    
147:  0.099 0.246 0.200 0.149 0.306 1    
148:  0.059 0.249 0.212 0.226 0.254 1    
149:  0.044 0.249 0.233 0.224 0.249 1    
150:  0.030 0.277 0.263 0.137 0.292 1    
151:  0.031 0.155 0.294 0.420 0.100 1    
152:  0.031 0.258 0.234 0.238 0.240 1    
153:  0.044 0.236 0.223 0.222 0.275 1    
154:  0.045 0.157 0.290 0.410 0.097 1    
155:  0.039 0.156 0.303 0.392 0.110 1    
156:  0.052 0.202 0.251 0.289 0.204 1    
157:  0.043 0.233 0.231 0.291 0.203 1    
158:  0.061 0.238 0.240 0.217 0.244 1    
159:  0.201 0.208 0.190 0.151 0.250 1    
160:  0.064 0.189 0.283 0.302 0.163 1    
161:  0.144 0.249 0.195 0.118 0.294 1    
162:  0.032 0.152 0.297 0.434 0.086 1    
163:  0.039 0.232 0.263 0.197 0.271 1    
164:  0.067 0.168 0.282 0.363 0.121 1    
165:  0.395 0.146 0.143 0.170 0.146 1    
166:  0.058 0.281 0.194 0.170 0.297 1    
167:  0.067 0.240 0.217 0.204 0.272 1    
168:  0.028 0.248 0.256 0.208 0.261 1    
169:  0.114 0.238 0.215 0.123 0.310 1    
170:  0.593 0.093 0.118 0.110 0.086 1    
171:  0.152 0.177 0.219 0.269 0.182 1    
172:  0.049 0.193 0.264 0.306 0.188 1    
173:  0.075 0.239 0.218 0.217 0.252 1    
174:  0.083 0.229 0.241 0.204 0.243 1    
175:  0.037 0.250 0.219 0.251 0.243 1    
176:  0.025 0.277 0.221 0.229 0.248 1    
177:  0.102 0.228 0.235 0.153 0.281 1    
178:  0.046 0.178 0.270 0.314 0.192 1    
179:  0.031 0.298 0.225 0.151 0.295 1    
180:  0.145 0.234 0.200 0.135 0.285 1    
181:  0.038 0.306 0.203 0.143 0.310 1    
182:  0.033 0.267 0.213 0.185 0.302 1    
183:  0.037 0.281 0.180 0.246 0.255 1    
184:  0.033 0.259 0.221 0.279 0.208 1    
185:  0.026 0.282 0.209 0.248 0.235 1    
186:  0.032 0.148 0.298 0.444 0.079 1    
187:  0.089 0.217 0.236 0.246 0.212 1    
188:  0.071 0.274 0.215 0.150 0.291 1    
189:  0.049 0.238 0.235 0.156 0.322 1    
190:  0.048 0.126 0.308 0.464 0.054 1    
191:  0.065 0.256 0.199 0.200 0.279 1    
192:  0.053 0.212 0.257 0.224 0.254 1    
193:  0.036 0.141 0.300 0.433 0.091 1    
194:  0.035 0.136 0.294 0.468 0.066 1    
195:  0.426 0.168 0.132 0.079 0.196 1    
196:  0.058 0.231 0.231 0.213 0.267 1    
197:  0.105 0.200 0.255 0.237 0.204 1    
198:  0.058 0.284 0.194 0.214 0.250 1    
199:  0.029 0.216 0.248 0.322 0.185 1    
200:  0.054 0.275 0.193 0.182 0.296 1    
201:  0.023 0.177 0.258 0.425 0.117 1    
202:  0.041 0.168 0.276 0.423 0.093 1    
203:  0.038 0.301 0.197 0.216 0.248 1    
204:  0.030 0.291 0.203 0.244 0.232 1    
205:  0.891 0.027 0.029 0.024 0.030 1    
                    
                    
1:    0.247 0.190 0.210 0.254 0.098 1    
2:    0.223 0.197 0.227 0.278 0.074 1    
3:    0.213 0.202 0.183 0.344 0.059 1    
4:    0.241 0.268 0.166 0.177 0.147 1    
5:    0.183 0.185 0.226 0.239 0.167 1    
6:    0.064 0.099 0.190 0.089 0.558 1    
7:    0.247 0.221 0.227 0.193 0.112 1    
8:    0.234 0.270 0.167 0.173 0.155 1    
9:    0.241 0.304 0.181 0.091 0.184 1    
10:   0.156 0.175 0.155 0.386 0.128 1    
11:   0.175 0.191 0.180 0.328 0.126 1    
12:   0.256 0.211 0.291 0.119 0.123 1    
13:   0.263 0.260 0.229 0.165 0.083 1    
14:   0.252 0.232 0.187 0.210 0.119 1    
15:   0.268 0.226 0.232 0.218 0.057 1    
16:   0.103 0.131 0.183 0.212 0.371 1    
17:   0.240 0.266 0.177 0.159 0.159 1    
18:   0.232 0.272 0.177 0.189 0.131 1    
19:   0.205 0.196 0.164 0.294 0.141 1    
20:   0.272 0.268 0.199 0.140 0.122 1    
21:   0.281 0.216 0.254 0.138 0.110 1    
22:   0.044 0.079 0.207 0.108 0.562 1    
23:   0.065 0.104 0.192 0.103 0.537 1    
24:   0.164 0.155 0.201 0.192 0.287 1    
25:   0.176 0.162 0.163 0.403 0.096 1    
26:   0.184 0.171 0.232 0.192 0.220 1    
27:   0.073 0.094 0.181 0.111 0.542 1    
28:   0.185 0.195 0.213 0.267 0.140 1    
29:   0.052 0.074 0.190 0.096 0.588 1    
30:   0.096 0.099 0.180 0.137 0.489 1    
31:   0.034 0.067 0.207 0.073 0.619 1    
32:   0.114 0.093 0.181 0.066 0.547 1    
33:   0.200 0.169 0.231 0.264 0.136 1    
34:   0.060 0.075 0.195 0.086 0.584 1    
35:   0.129 0.149 0.167 0.336 0.219 1    
36:   0.126 0.089 0.193 0.102 0.491 1    
37:   0.048 0.081 0.198 0.123 0.549 1    
38:   0.092 0.111 0.198 0.183 0.415 1    
39:   0.068 0.083 0.182 0.239 0.427 1    
40:   0.169 0.166 0.222 0.335 0.109 1    
41:   0.100 0.090 0.191 0.116 0.504 1    
42:   0.152 0.113 0.204 0.194 0.337 1    
43:   0.081 0.075 0.194 0.080 0.570 1    
44:   0.123 0.125 0.205 0.193 0.354 1    
45:   0.064 0.084 0.198 0.097 0.557 1    
46:   0.050 0.088 0.194 0.095 0.572 1    
47:   0.109 0.113 0.184 0.203 0.391 1    
48:   0.054 0.082 0.202 0.087 0.575 1    
49:   0.074 0.085 0.194 0.113 0.534 1    
50:   0.137 0.166 0.161 0.346 0.190 1    
51:   0.082 0.092 0.198 0.149 0.478 1    
52:   0.077 0.100 0.195 0.188 0.439 1    
53:   0.096 0.107 0.192 0.192 0.413 1    
54:   0.053 0.080 0.205 0.104 0.558 1    
55:   0.264 0.260 0.193 0.115 0.168 1    
56:   0.200 0.169 0.207 0.285 0.139 1    
57:   0.214 0.242 0.174 0.237 0.133 1    
58:   0.263 0.240 0.156 0.233 0.109 1    
59:   0.133 0.149 0.172 0.453 0.093 1    
60:   0.258 0.297 0.175 0.099 0.172 1    
61:   0.240 0.284 0.189 0.093 0.195 1    
62:   0.216 0.179 0.225 0.310 0.070 1    
63:   0.179 0.178 0.179 0.394 0.071 1    
64:   0.265 0.221 0.201 0.186 0.127 1    
65:   0.208 0.195 0.187 0.329 0.081 1    
66:   0.248 0.247 0.186 0.174 0.145 1    
67:   0.242 0.224 0.172 0.268 0.094 1    
68:   0.224 0.198 0.243 0.262 0.073 1    
69:   0.287 0.276 0.203 0.112 0.122 1    
70:   0.285 0.285 0.180 0.104 0.147 1    
71:   0.243 0.202 0.241 0.200 0.113 1    
72:   0.251 0.294 0.188 0.065 0.202 1    
73:   0.084 0.100 0.196 0.112 0.508 1    
74:   0.262 0.187 0.284 0.196 0.071 1    
75:   0.259 0.302 0.178 0.062 0.200 1    
76:   0.137 0.128 0.194 0.271 0.270 1    
77:   0.269 0.210 0.263 0.183 0.075 1    
78:   0.268 0.244 0.190 0.179 0.119 1    
79:   0.234 0.256 0.172 0.156 0.182 1    
80:   0.101 0.119 0.182 0.086 0.513 1    
81:   0.214 0.240 0.190 0.188 0.167 1    
82:   0.199 0.191 0.180 0.252 0.177 1    
83:   0.305 0.254 0.220 0.094 0.128 1    
84:   0.240 0.283 0.186 0.085 0.207 1    
85:   0.214 0.241 0.185 0.254 0.107 1    
86:   0.123 0.126 0.181 0.367 0.203 1    
87:   0.226 0.248 0.168 0.276 0.082 1    
88:   0.225 0.219 0.209 0.236 0.110 1    
89:   0.252 0.250 0.200 0.203 0.095 1    
90:   0.229 0.264 0.211 0.217 0.080 1    
91:   0.176 0.209 0.186 0.300 0.129 1    
92:   0.319 0.248 0.260 0.090 0.083 1    
93:   0.110 0.115 0.180 0.100 0.495 1    
94:   0.218 0.210 0.166 0.317 0.089 1    
95:   0.183 0.203 0.210 0.259 0.146 1    
96:   0.285 0.223 0.275 0.091 0.126 1    
97:   0.116 0.121 0.188 0.130 0.445 1    
98:   0.208 0.210 0.186 0.278 0.117 1    
99:   0.331 0.232 0.296 0.076 0.064 1    
100:  0.226 0.214 0.165 0.303 0.094 1    
101:  0.248 0.274 0.183 0.109 0.187 1    
102:  0.224 0.237 0.170 0.255 0.114 1    
103:  0.219 0.215 0.171 0.263 0.131 1    
104:  0.325 0.254 0.219 0.068 0.134 1    
105:  0.148 0.158 0.183 0.225 0.286 1    
106:  0.193 0.160 0.186 0.356 0.106 1    
107:  0.147 0.161 0.177 0.242 0.273 1    
108:  0.250 0.207 0.205 0.253 0.086 1    
109:  0.262 0.206 0.256 0.149 0.128 1    
110:  0.063 0.091 0.193 0.116 0.536 1    
111:  0.239 0.269 0.175 0.163 0.155 1    
112:  0.253 0.263 0.184 0.165 0.135 1    
113:  0.290 0.225 0.239 0.138 0.109 1    
114:  0.248 0.290 0.168 0.179 0.115 1    
115:  0.055 0.088 0.199 0.135 0.523 1    
116:  0.252 0.257 0.205 0.137 0.148 1    
117:  0.329 0.228 0.299 0.072 0.073 1    
118:  0.220 0.238 0.196 0.218 0.128 1    
119:  0.093 0.102 0.182 0.107 0.516 1    
120:  0.267 0.249 0.197 0.120 0.167 1    
121:  0.279 0.240 0.194 0.148 0.138 1    
122:  0.089 0.095 0.194 0.099 0.523 1    
123:  0.219 0.214 0.161 0.324 0.082 1    
124:  0.153 0.170 0.202 0.295 0.180 1    
125:  0.161 0.179 0.155 0.433 0.072 1    
126:  0.277 0.231 0.215 0.148 0.130 1    
127:  0.242 0.264 0.173 0.211 0.110 1    
128:  0.244 0.273 0.181 0.154 0.149 1    
129:  0.313 0.248 0.230 0.120 0.089 1    
130:  0.196 0.217 0.177 0.300 0.109 1    
131:  0.112 0.102 0.182 0.124 0.481 1    
132:  0.303 0.227 0.271 0.120 0.079 1    
133:  0.112 0.141 0.200 0.240 0.307 1    
134:  0.277 0.231 0.222 0.130 0.140 1    
135:  0.217 0.216 0.170 0.311 0.086 1    
136:  0.246 0.277 0.197 0.090 0.189 1    
137:  0.282 0.230 0.232 0.133 0.123 1    
138:  0.167 0.199 0.168 0.248 0.217 1    
139:  0.092 0.126 0.177 0.212 0.394 1    
140:  0.276 0.261 0.185 0.152 0.126 1    
141:  0.164 0.166 0.192 0.223 0.255 1    
142:  0.109 0.136 0.175 0.157 0.422 1    
143:  0.252 0.306 0.150 0.145 0.147 1    
144:  0.154 0.186 0.177 0.081 0.401 1    
145:  0.288 0.239 0.205 0.189 0.079 1    
146:  0.333 0.234 0.231 0.116 0.085 1    
147:  0.235 0.236 0.179 0.258 0.092 1    
148:  0.254 0.240 0.224 0.181 0.101 1    
149:  0.217 0.217 0.205 0.263 0.098 1    
150:  0.189 0.167 0.158 0.423 0.063 1    
151:  0.273 0.281 0.192 0.091 0.163 1    
152:  0.256 0.225 0.200 0.216 0.104 1    
153:  0.243 0.206 0.213 0.248 0.090 1    
154:  0.268 0.274 0.212 0.085 0.161 1    
155:  0.257 0.277 0.184 0.119 0.163 1    
156:  0.293 0.245 0.200 0.145 0.117 1    
157:  0.267 0.230 0.252 0.141 0.110 1    
158:  0.211 0.234 0.191 0.249 0.114 1    
159:  0.183 0.199 0.185 0.270 0.163 1    
160:  0.251 0.259 0.173 0.154 0.163 1    
161:  0.168 0.177 0.182 0.354 0.120 1    
162:  0.238 0.284 0.184 0.111 0.183 1    
163:  0.197 0.200 0.174 0.325 0.104 1    
164:  0.216 0.249 0.180 0.179 0.176 1    
165:  0.152 0.148 0.204 0.172 0.323 1    
166:  0.202 0.175 0.233 0.304 0.086 1    
167:  0.241 0.227 0.193 0.236 0.102 1    
168:  0.219 0.222 0.166 0.293 0.100 1    
169:  0.199 0.219 0.178 0.285 0.119 1    
170:  0.105 0.130 0.181 0.126 0.458 1    
171:  0.232 0.206 0.217 0.152 0.193 1    
172:  0.217 0.265 0.177 0.206 0.136 1    
173:  0.233 0.246 0.207 0.189 0.125 1    
174:  0.219 0.245 0.200 0.208 0.127 1    
175:  0.209 0.204 0.211 0.270 0.106 1    
176:  0.245 0.254 0.238 0.181 0.082 1    
177:  0.198 0.221 0.160 0.296 0.125 1    
178:  0.247 0.278 0.173 0.172 0.129 1    
179:  0.196 0.186 0.197 0.352 0.068 1    
180:  0.195 0.190 0.194 0.285 0.136 1    
181:  0.234 0.222 0.187 0.290 0.066 1    
182:  0.234 0.264 0.186 0.243 0.072 1    
183:  0.280 0.220 0.277 0.145 0.077 1    
184:  0.250 0.232 0.268 0.145 0.105 1    
185:  0.240 0.221 0.240 0.190 0.109 1    
186:  0.253 0.283 0.184 0.081 0.200 1    
187:  0.200 0.223 0.203 0.225 0.148 1    
188:  0.249 0.236 0.185 0.252 0.078 1    
189:  0.244 0.259 0.168 0.250 0.079 1    
190:  0.244 0.288 0.184 0.077 0.206 1    
191:  0.272 0.209 0.225 0.211 0.083 1    
192:  0.242 0.272 0.172 0.215 0.100 1    
193:  0.258 0.299 0.174 0.094 0.175 1    
194:  0.284 0.270 0.196 0.060 0.190 1    
195:  0.125 0.119 0.190 0.270 0.297 1    
196:  0.180 0.212 0.163 0.329 0.117 1    
197:  0.208 0.253 0.165 0.235 0.139 1    
198:  0.270 0.227 0.267 0.150 0.085 1    
199:  0.279 0.244 0.213 0.141 0.123 1    
200:  0.175 0.164 0.211 0.360 0.090 1    
201:  0.341 0.252 0.217 0.057 0.133 1    
202:  0.264 0.259 0.200 0.090 0.188 1    
203:  0.220 0.208 0.265 0.221 0.086 1    
204:  0.281 0.221 0.287 0.128 0.082 1    
205:  0.034 0.081 0.201 0.080 0.604 1    
                    
                    
1:    0.200 0.192 0.271 0.059 0.278 1    
2:    0.201 0.228 0.275 0.064 0.233 1    
3:    0.187 0.240 0.276 0.047 0.250 1    
4:    0.290 0.267 0.176 0.099 0.167 1    
5:    0.166 0.143 0.274 0.210 0.207 1    
6:    0.083 0.073 0.075 0.704 0.066 1    
7:    0.181 0.202 0.260 0.080 0.277 1    
8:    0.265 0.255 0.183 0.125 0.172 1    
9:    0.398 0.269 0.097 0.053 0.183 1    
10:   0.187 0.269 0.212 0.139 0.193 1    
11:   0.185 0.224 0.238 0.180 0.173 1    
12:   0.168 0.178 0.271 0.073 0.309 1    
13:   0.184 0.224 0.272 0.048 0.272 1    
14:   0.278 0.220 0.226 0.064 0.212 1    
15:   0.186 0.148 0.332 0.049 0.285 1    
16:   0.126 0.129 0.129 0.501 0.116 1    
17:   0.346 0.251 0.147 0.073 0.184 1    
18:   0.308 0.279 0.157 0.058 0.199 1    
19:   0.169 0.230 0.243 0.153 0.204 1    
20:   0.253 0.250 0.208 0.053 0.236 1    
21:   0.143 0.147 0.291 0.112 0.307 1    
22:   0.061 0.049 0.077 0.766 0.046 1    
23:   0.071 0.063 0.073 0.731 0.062 1    
24:   0.155 0.167 0.180 0.318 0.180 1    
25:   0.173 0.202 0.275 0.115 0.235 1    
26:   0.168 0.184 0.207 0.219 0.223 1    
27:   0.068 0.067 0.078 0.725 0.062 1    
28:   0.162 0.196 0.236 0.169 0.237 1    
29:   0.069 0.064 0.070 0.742 0.055 1    
30:   0.100 0.112 0.098 0.598 0.092 1    
31:   0.052 0.042 0.055 0.816 0.035 1    
32:   0.090 0.098 0.066 0.651 0.095 1    
33:   0.177 0.183 0.258 0.163 0.219 1    
34:   0.062 0.066 0.066 0.748 0.058 1    
35:   0.151 0.180 0.196 0.324 0.149 1    
36:   0.077 0.084 0.094 0.635 0.110 1    
37:   0.065 0.058 0.089 0.741 0.047 1    
38:   0.113 0.123 0.127 0.532 0.105 1    
39:   0.093 0.099 0.128 0.581 0.099 1    
40:   0.185 0.213 0.258 0.130 0.214 1    
41:   0.081 0.083 0.093 0.654 0.089 1    
42:   0.106 0.119 0.161 0.463 0.150 1    
43:   0.064 0.072 0.073 0.718 0.073 1    
44:   0.104 0.115 0.159 0.472 0.150 1    
45:   0.074 0.066 0.074 0.720 0.065 1    
46:   0.070 0.058 0.070 0.751 0.051 1    
47:   0.116 0.115 0.134 0.514 0.121 1    
48:   0.078 0.073 0.065 0.729 0.054 1    
49:   0.077 0.080 0.081 0.690 0.072 1    
50:   0.162 0.203 0.199 0.262 0.174 1    
51:   0.079 0.081 0.108 0.652 0.080 1    
52:   0.094 0.099 0.123 0.585 0.098 1    
53:   0.114 0.119 0.122 0.544 0.101 1    
54:   0.062 0.050 0.076 0.758 0.054 1    
55:   0.308 0.246 0.157 0.085 0.204 1    
56:   0.189 0.192 0.246 0.138 0.234 1    
57:   0.254 0.272 0.206 0.076 0.192 1    
58:   0.235 0.289 0.222 0.070 0.184 1    
59:   0.196 0.229 0.242 0.120 0.213 1    
60:   0.380 0.263 0.130 0.054 0.174 1    
61:   0.375 0.268 0.117 0.048 0.191 1    
62:   0.171 0.187 0.292 0.067 0.283 1    
63:   0.188 0.255 0.262 0.067 0.228 1    
64:   0.234 0.211 0.226 0.085 0.245 1    
65:   0.204 0.253 0.254 0.092 0.197 1    
66:   0.215 0.229 0.208 0.125 0.224 1    
67:   0.210 0.268 0.244 0.056 0.221 1    
68:   0.181 0.161 0.313 0.064 0.281 1    
69:   0.279 0.246 0.186 0.045 0.243 1    
70:   0.341 0.259 0.142 0.051 0.208 1    
71:   0.174 0.194 0.265 0.093 0.273 1    
72:   0.426 0.268 0.096 0.047 0.163 1    
73:   0.080 0.082 0.087 0.672 0.079 1    
74:   0.162 0.142 0.323 0.061 0.312 1    
75:   0.426 0.279 0.084 0.039 0.173 1    
76:   0.116 0.127 0.192 0.408 0.156 1    
77:   0.173 0.151 0.327 0.054 0.296 1    
78:   0.290 0.243 0.183 0.070 0.213 1    
79:   0.302 0.261 0.148 0.105 0.185 1    
80:   0.119 0.121 0.074 0.595 0.091 1    
81:   0.242 0.237 0.194 0.135 0.191 1    
82:   0.183 0.210 0.200 0.190 0.217 1    
83:   0.289 0.238 0.153 0.048 0.273 1    
84:   0.388 0.254 0.096 0.082 0.181 1    
85:   0.183 0.248 0.250 0.106 0.212 1    
86:   0.152 0.172 0.206 0.314 0.156 1    
87:   0.225 0.256 0.225 0.058 0.236 1    
88:   0.242 0.239 0.217 0.048 0.254 1    
89:   0.222 0.247 0.243 0.065 0.223 1    
90:   0.210 0.237 0.276 0.061 0.216 1    
91:   0.198 0.255 0.226 0.146 0.174 1    
92:   0.157 0.156 0.308 0.046 0.332 1    
93:   0.113 0.118 0.089 0.577 0.104 1    
94:   0.203 0.255 0.237 0.080 0.225 1    
95:   0.190 0.212 0.233 0.179 0.187 1    
96:   0.177 0.173 0.267 0.058 0.325 1    
97:   0.124 0.123 0.097 0.553 0.102 1    
98:   0.191 0.242 0.222 0.092 0.252 1    
99:   0.142 0.123 0.335 0.038 0.362 1    
100:  0.200 0.265 0.252 0.089 0.193 1    
101:  0.370 0.246 0.112 0.072 0.200 1    
102:  0.271 0.252 0.210 0.065 0.202 1    
103:  0.205 0.252 0.232 0.113 0.197 1    
104:  0.282 0.239 0.157 0.041 0.280 1    
105:  0.138 0.166 0.174 0.366 0.156 1    
106:  0.168 0.183 0.279 0.134 0.236 1    
107:  0.185 0.184 0.158 0.307 0.166 1    
108:  0.174 0.211 0.279 0.056 0.280 1    
109:  0.144 0.155 0.271 0.120 0.309 1    
110:  0.083 0.080 0.085 0.686 0.066 1    
111:  0.314 0.257 0.163 0.073 0.193 1    
112:  0.278 0.266 0.176 0.069 0.211 1    
113:  0.218 0.181 0.260 0.054 0.287 1    
114:  0.316 0.275 0.170 0.055 0.184 1    
115:  0.077 0.072 0.092 0.698 0.061 1    
116:  0.325 0.240 0.169 0.070 0.196 1    
117:  0.138 0.124 0.327 0.037 0.375 1    
118:  0.284 0.262 0.190 0.058 0.206 1    
119:  0.099 0.110 0.090 0.609 0.092 1    
120:  0.288 0.212 0.187 0.080 0.233 1    
121:  0.316 0.247 0.166 0.052 0.219 1    
122:  0.084 0.093 0.078 0.665 0.080 1    
123:  0.187 0.252 0.262 0.085 0.214 1    
124:  0.171 0.202 0.219 0.206 0.203 1    
125:  0.193 0.261 0.270 0.082 0.195 1    
126:  0.284 0.229 0.201 0.062 0.225 1    
127:  0.251 0.266 0.192 0.078 0.213 1    
128:  0.338 0.264 0.155 0.061 0.182 1    
