1:    0.163 0.210 0.202 0.149 0.037 0.238 1    
2:    0.222 0.155 0.181 0.230 0.047 0.165 1    
3:    0.249 0.144 0.196 0.212 0.028 0.171 1    
4:    0.183 0.195 0.153 0.204 0.103 0.163 1    
5:    0.174 0.167 0.186 0.151 0.159 0.163 1    
6:    0.062 0.062 0.055 0.063 0.705 0.053 1    
7:    0.189 0.160 0.186 0.207 0.064 0.193 1    
8:    0.187 0.185 0.151 0.225 0.115 0.137 1    
9:    0.111 0.318 0.205 0.111 0.039 0.216 1    
10:   0.239 0.135 0.148 0.201 0.134 0.143 1    
11:   0.227 0.122 0.148 0.214 0.162 0.127 1    
12:   0.127 0.185 0.214 0.156 0.067 0.250 1    
13:   0.190 0.163 0.176 0.226 0.035 0.210 1    
14:   0.159 0.199 0.199 0.180 0.051 0.212 1    
15:   0.154 0.178 0.234 0.176 0.031 0.227 1    
16:   0.149 0.109 0.106 0.133 0.417 0.087 1    
17:   0.151 0.245 0.194 0.161 0.062 0.187 1    
18:   0.165 0.251 0.193 0.180 0.047 0.165 1    
19:   0.242 0.123 0.159 0.223 0.100 0.153 1    
20:   0.155 0.202 0.182 0.215 0.042 0.205 1    
21:   0.115 0.169 0.218 0.170 0.093 0.235 1    
22:   0.070 0.047 0.050 0.059 0.742 0.033 1    
23:   0.062 0.049 0.052 0.070 0.730 0.037 1    
24:   0.164 0.148 0.142 0.163 0.227 0.156 1    
25:   0.249 0.167 0.169 0.179 0.075 0.162 1    
26:   0.160 0.159 0.153 0.154 0.211 0.163 1    
27:   0.073 0.046 0.059 0.074 0.705 0.043 1    
28:   0.204 0.127 0.170 0.203 0.144 0.152 1    
29:   0.083 0.068 0.066 0.067 0.662 0.054 1    
30:   0.108 0.088 0.085 0.077 0.555 0.087 1    
31:   0.043 0.037 0.037 0.033 0.821 0.028 1    
32:   0.070 0.132 0.083 0.076 0.516 0.122 1    
33:   0.200 0.157 0.170 0.162 0.160 0.151 1    
34:   0.061 0.055 0.054 0.052 0.730 0.048 1    
35:   0.228 0.104 0.140 0.171 0.255 0.103 1    
36:   0.083 0.111 0.111 0.093 0.482 0.121 1    
37:   0.078 0.042 0.062 0.056 0.733 0.029 1    
38:   0.146 0.087 0.089 0.126 0.470 0.082 1    
39:   0.139 0.084 0.085 0.094 0.519 0.080 1    
40:   0.239 0.129 0.148 0.231 0.115 0.138 1    
41:   0.095 0.072 0.085 0.084 0.582 0.082 1    
42:   0.142 0.109 0.141 0.134 0.342 0.132 1    
43:   0.062 0.062 0.063 0.059 0.682 0.072 1    
44:   0.148 0.095 0.120 0.147 0.378 0.112 1    
45:   0.071 0.056 0.054 0.062 0.702 0.055 1    
46:   0.072 0.060 0.064 0.070 0.685 0.049 1    
47:   0.131 0.106 0.103 0.105 0.446 0.110 1    
48:   0.066 0.075 0.058 0.058 0.684 0.059 1    
49:   0.094 0.064 0.075 0.077 0.634 0.056 1    
50:   0.235 0.122 0.161 0.201 0.165 0.115 1    
51:   0.117 0.072 0.085 0.093 0.570 0.063 1    
52:   0.139 0.073 0.084 0.104 0.544 0.056 1    
53:   0.134 0.092 0.097 0.109 0.481 0.086 1    
54:   0.061 0.042 0.047 0.049 0.757 0.042 1    
55:   0.124 0.230 0.197 0.152 0.073 0.225 1    
56:   0.203 0.152 0.185 0.173 0.122 0.164 1    
57:   0.216 0.175 0.165 0.224 0.068 0.151 1    
58:   0.226 0.161 0.148 0.254 0.056 0.156 1    
59:   0.270 0.139 0.170 0.188 0.084 0.149 1    
60:   0.125 0.280 0.191 0.153 0.042 0.209 1    
61:   0.116 0.322 0.198 0.105 0.035 0.224 1    
62:   0.199 0.179 0.214 0.161 0.048 0.199 1    
63:   0.271 0.143 0.190 0.196 0.049 0.151 1    
64:   0.166 0.201 0.191 0.180 0.066 0.195 1    
65:   0.278 0.120 0.145 0.223 0.089 0.144 1    
66:   0.165 0.184 0.176 0.192 0.111 0.172 1    
67:   0.230 0.158 0.178 0.219 0.037 0.179 1    
68:   0.180 0.180 0.225 0.173 0.046 0.197 1    
69:   0.148 0.208 0.188 0.193 0.033 0.231 1    
70:   0.130 0.260 0.200 0.157 0.039 0.214 1    
71:   0.185 0.169 0.192 0.182 0.080 0.192 1    
72:   0.093 0.335 0.204 0.103 0.032 0.232 1    
73:   0.078 0.073 0.073 0.081 0.627 0.068 1    
74:   0.163 0.165 0.232 0.162 0.045 0.234 1    
75:   0.088 0.342 0.209 0.096 0.026 0.238 1    
76:   0.168 0.104 0.111 0.132 0.380 0.106 1    
77:   0.160 0.176 0.222 0.169 0.037 0.236 1    
78:   0.167 0.235 0.190 0.165 0.053 0.190 1    
79:   0.168 0.231 0.178 0.160 0.091 0.172 1    
80:   0.084 0.138 0.087 0.074 0.497 0.119 1    
81:   0.163 0.195 0.172 0.190 0.123 0.157 1    
82:   0.181 0.160 0.170 0.189 0.147 0.153 1    
83:   0.108 0.256 0.215 0.129 0.032 0.260 1    
84:   0.113 0.306 0.188 0.102 0.075 0.215 1    
85:   0.216 0.142 0.163 0.214 0.124 0.141 1    
86:   0.202 0.109 0.138 0.154 0.293 0.104 1    
87:   0.247 0.159 0.188 0.223 0.040 0.143 1    
88:   0.209 0.199 0.189 0.178 0.034 0.191 1    
89:   0.224 0.156 0.174 0.229 0.060 0.157 1    
90:   0.192 0.163 0.181 0.239 0.052 0.174 1    
91:   0.237 0.132 0.148 0.216 0.142 0.125 1    
92:   0.089 0.188 0.249 0.164 0.033 0.277 1    
93:   0.090 0.139 0.093 0.089 0.471 0.118 1    
94:   0.239 0.161 0.166 0.242 0.060 0.132 1    
95:   0.210 0.125 0.143 0.206 0.184 0.132 1    
96:   0.096 0.209 0.237 0.122 0.047 0.290 1    
97:   0.115 0.146 0.118 0.102 0.412 0.105 1    
98:   0.192 0.172 0.193 0.187 0.075 0.181 1    
99:   0.073 0.182 0.269 0.140 0.025 0.312 1    
100:  0.224 0.150 0.171 0.253 0.068 0.132 1    
101:  0.131 0.298 0.195 0.114 0.057 0.206 1    
102:  0.203 0.205 0.182 0.201 0.052 0.156 1    
103:  0.215 0.160 0.165 0.204 0.091 0.166 1    
104:  0.097 0.256 0.212 0.124 0.026 0.286 1    
105:  0.187 0.147 0.143 0.149 0.247 0.126 1    
106:  0.216 0.159 0.189 0.158 0.107 0.172 1    
107:  0.180 0.170 0.146 0.156 0.193 0.155 1    
108:  0.178 0.175 0.210 0.177 0.041 0.219 1    
109:  0.125 0.158 0.212 0.141 0.090 0.274 1    
110:  0.100 0.065 0.075 0.086 0.614 0.059 1    
111:  0.172 0.206 0.185 0.189 0.068 0.179 1    
112:  0.180 0.217 0.166 0.204 0.049 0.183 1    
113:  0.118 0.218 0.219 0.149 0.040 0.256 1    
114:  0.188 0.230 0.179 0.208 0.037 0.157 1    
115:  0.094 0.057 0.077 0.065 0.663 0.045 1    
116:  0.147 0.247 0.185 0.157 0.054 0.210 1    
117:  0.076 0.183 0.255 0.135 0.020 0.331 1    
118:  0.197 0.218 0.185 0.195 0.041 0.164 1    
119:  0.099 0.102 0.086 0.085 0.533 0.095 1    
120:  0.122 0.245 0.195 0.127 0.062 0.249 1    
121:  0.153 0.246 0.209 0.147 0.035 0.211 1    
122:  0.086 0.084 0.071 0.084 0.593 0.082 1    
123:  0.228 0.141 0.186 0.217 0.066 0.161 1    
124:  0.214 0.135 0.141 0.184 0.186 0.140 1    
125:  0.262 0.132 0.186 0.227 0.062 0.131 1    
126:  0.159 0.208 0.188 0.182 0.051 0.212 1    
127:  0.195 0.193 0.181 0.207 0.062 0.162 1    
128:  0.166 0.241 0.175 0.194 0.047 0.177 1    
129:  0.118 0.190 0.229 0.179 0.030 0.254 1    
130:  0.232 0.161 0.180 0.230 0.069 0.128 1    
131:  0.111 0.121 0.102 0.098 0.467 0.101 1    
132:  0.112 0.192 0.255 0.148 0.033 0.261 1    
133:  0.160 0.073 0.081 0.141 0.474 0.072 1    
134:  0.139 0.222 0.210 0.146 0.042 0.241 1    
135:  0.223 0.165 0.180 0.192 0.036 0.205 1    
136:  0.123 0.294 0.190 0.120 0.046 0.226 1    
137:  0.144 0.183 0.213 0.179 0.061 0.219 1    
138:  0.185 0.115 0.144 0.198 0.247 0.112 1    
139:  0.139 0.127 0.122 0.127 0.384 0.100 1    
140:  0.143 0.243 0.202 0.173 0.033 0.206 1    
141:  0.157 0.137 0.152 0.141 0.253 0.160 1    
142:  0.138 0.144 0.116 0.107 0.384 0.111 1    
143:  0.164 0.245 0.196 0.198 0.048 0.148 1    
144:  0.098 0.231 0.129 0.091 0.294 0.157 1    
145:  0.198 0.146 0.190 0.235 0.048 0.183 1    
146:  0.100 0.189 0.251 0.150 0.029 0.281 1    
147:  0.237 0.125 0.145 0.257 0.112 0.124 1    
148:  0.166 0.175 0.217 0.176 0.067 0.200 1    
149:  0.224 0.172 0.174 0.205 0.053 0.172 1    
150:  0.245 0.166 0.204 0.203 0.033 0.148 1    
151:  0.121 0.302 0.203 0.136 0.039 0.199 1    
152:  0.180 0.174 0.201 0.220 0.035 0.190 1    
153:  0.210 0.167 0.181 0.200 0.050 0.192 1    
154:  0.112 0.260 0.203 0.132 0.048 0.246 1    
155:  0.137 0.266 0.197 0.161 0.045 0.194 1    
156:  0.156 0.197 0.194 0.195 0.055 0.203 1    
157:  0.130 0.213 0.222 0.163 0.042 0.228 1    
158:  0.227 0.179 0.196 0.197 0.065 0.135 1    
159:  0.215 0.123 0.138 0.197 0.198 0.130 1    
160:  0.174 0.226 0.167 0.181 0.060 0.192 1    
161:  0.244 0.121 0.153 0.212 0.153 0.117 1    
162:  0.120 0.306 0.196 0.113 0.036 0.229 1    
163:  0.229 0.166 0.185 0.202 0.046 0.172 1    
164:  0.159 0.273 0.187 0.132 0.069 0.181 1    
165:  0.150 0.130 0.115 0.128 0.345 0.132 1    
166:  0.218 0.164 0.187 0.189 0.060 0.182 1    
167:  0.183 0.174 0.191 0.208 0.063 0.182 1    
168:  0.238 0.168 0.166 0.237 0.030 0.161 1    
169:  0.240 0.130 0.153 0.250 0.100 0.127 1    
170:  0.101 0.127 0.090 0.088 0.490 0.103 1    
171:  0.132 0.202 0.189 0.148 0.130 0.199 1    
172:  0.184 0.221 0.203 0.181 0.055 0.157 1    
173:  0.170 0.186 0.192 0.200 0.071 0.182 1    
174:  0.200 0.167 0.154 0.223 0.077 0.179 1    
175:  0.214 0.182 0.178 0.187 0.041 0.197 1    
176:  0.186 0.154 0.195 0.213 0.029 0.223 1    
177:  0.225 0.150 0.159 0.234 0.088 0.143 1    
178:  0.172 0.220 0.187 0.209 0.049 0.162 1    
179:  0.218 0.178 0.208 0.176 0.043 0.177 1    
180:  0.240 0.122 0.147 0.213 0.143 0.135 1    
181:  0.237 0.130 0.193 0.230 0.044 0.166 1    
182:  0.227 0.163 0.177 0.247 0.040 0.146 1    
183:  0.116 0.173 0.243 0.157 0.044 0.267 1    
184:  0.154 0.191 0.211 0.166 0.040 0.237 1    
185:  0.200 0.153 0.191 0.182 0.032 0.241 1    
186:  0.106 0.321 0.204 0.110 0.037 0.221 1    
187:  0.189 0.198 0.168 0.195 0.076 0.174 1    
188:  0.219 0.133 0.170 0.236 0.078 0.163 1    
189:  0.230 0.152 0.175 0.253 0.057 0.133 1    
190:  0.097 0.333 0.191 0.102 0.054 0.223 1    
191:  0.194 0.135 0.192 0.227 0.068 0.184 1    
192:  0.195 0.182 0.177 0.240 0.056 0.150 1    
193:  0.123 0.295 0.197 0.134 0.041 0.210 1    
194:  0.092 0.295 0.198 0.113 0.037 0.266 1    
195:  0.188 0.110 0.124 0.135 0.326 0.117 1    
196:  0.219 0.191 0.209 0.183 0.068 0.130 1    
197:  0.194 0.191 0.165 0.219 0.088 0.144 1    
198:  0.147 0.148 0.225 0.174 0.067 0.239 1    
199:  0.142 0.221 0.202 0.156 0.032 0.247 1    
200:  0.246 0.153 0.172 0.190 0.058 0.181 1    
201:  0.089 0.253 0.218 0.127 0.023 0.290 1    
202:  0.104 0.279 0.210 0.106 0.043 0.258 1    
203:  0.181 0.157 0.210 0.164 0.044 0.244 1    
204:  0.114 0.175 0.245 0.148 0.032 0.286 1    
205:  0.046 0.036 0.038 0.043 0.808 0.029 1    
                       
                       
1:    0.155 0.054 0.191 0.239 0.201 0.161 1    
2:    0.172 0.050 0.195 0.202 0.155 0.227 1    
3:    0.223 0.034 0.197 0.161 0.177 0.208 1    
4:    0.208 0.115 0.196 0.108 0.166 0.207 1    
5:    0.148 0.137 0.162 0.246 0.149 0.157 1    
6:    0.060 0.615 0.055 0.171 0.048 0.052 1    
7:    0.179 0.066 0.172 0.192 0.218 0.174 1    
8:    0.217 0.124 0.184 0.101 0.169 0.206 1    
9:    0.207 0.137 0.229 0.056 0.211 0.161 1    
10:   0.233 0.126 0.214 0.140 0.108 0.179 1    
11:   0.192 0.130 0.195 0.180 0.120 0.182 1    
12:   0.101 0.065 0.103 0.267 0.274 0.190 1    
13:   0.165 0.047 0.157 0.214 0.220 0.196 1    
14:   0.181 0.088 0.189 0.156 0.184 0.201 1    
15:   0.136 0.028 0.161 0.290 0.189 0.196 1    
16:   0.139 0.367 0.128 0.164 0.088 0.115 1    
17:   0.194 0.119 0.224 0.087 0.201 0.175 1    
18:   0.221 0.092 0.219 0.093 0.193 0.181 1    
19:   0.215 0.090 0.177 0.152 0.160 0.206 1    
20:   0.187 0.067 0.185 0.160 0.202 0.199 1    
21:   0.110 0.081 0.099 0.299 0.247 0.164 1    
22:   0.052 0.642 0.053 0.177 0.031 0.044 1    
23:   0.048 0.630 0.050 0.186 0.039 0.047 1    
24:   0.151 0.208 0.151 0.171 0.162 0.157 1    
25:   0.203 0.074 0.223 0.195 0.122 0.183 1    
26:   0.132 0.212 0.127 0.201 0.178 0.150 1    
27:   0.057 0.608 0.055 0.169 0.046 0.064 1    
28:   0.177 0.146 0.157 0.188 0.152 0.179 1    
29:   0.076 0.605 0.067 0.145 0.046 0.061 1    
30:   0.082 0.530 0.084 0.161 0.062 0.080 1    
31:   0.028 0.714 0.029 0.182 0.022 0.025 1    
32:   0.102 0.500 0.072 0.139 0.102 0.085 1    
33:   0.177 0.117 0.181 0.207 0.141 0.178 1    
34:   0.045 0.648 0.048 0.179 0.040 0.040 1    
35:   0.190 0.200 0.203 0.124 0.106 0.178 1    
36:   0.104 0.481 0.064 0.169 0.109 0.072 1    
37:   0.052 0.641 0.057 0.178 0.028 0.044 1    
38:   0.106 0.428 0.116 0.170 0.070 0.109 1    
39:   0.113 0.465 0.109 0.175 0.051 0.088 1    
40:   0.186 0.115 0.198 0.172 0.130 0.199 1    
41:   0.080 0.530 0.067 0.181 0.074 0.068 1    
42:   0.122 0.342 0.112 0.198 0.109 0.118 1    
43:   0.050 0.619 0.053 0.177 0.052 0.049 1    
44:   0.126 0.360 0.108 0.188 0.097 0.121 1    
45:   0.055 0.608 0.058 0.183 0.047 0.048 1    
46:   0.073 0.622 0.052 0.149 0.048 0.057 1    
47:   0.115 0.393 0.126 0.175 0.080 0.111 1    
48:   0.060 0.621 0.068 0.154 0.039 0.058 1    
49:   0.073 0.561 0.080 0.164 0.059 0.064 1    
50:   0.199 0.159 0.211 0.117 0.120 0.193 1    
51:   0.101 0.522 0.092 0.164 0.052 0.068 1    
52:   0.101 0.502 0.110 0.144 0.052 0.092 1    
53:   0.121 0.432 0.126 0.145 0.069 0.108 1    
54:   0.043 0.658 0.045 0.181 0.034 0.038 1    
55:   0.182 0.124 0.188 0.125 0.197 0.183 1    
56:   0.187 0.109 0.179 0.214 0.133 0.178 1    
57:   0.217 0.086 0.206 0.125 0.147 0.219 1    
58:   0.227 0.063 0.178 0.124 0.169 0.239 1    
59:   0.213 0.083 0.247 0.151 0.100 0.206 1    
60:   0.200 0.128 0.213 0.076 0.197 0.186 1    
61:   0.188 0.135 0.238 0.062 0.214 0.163 1    
62:   0.168 0.042 0.188 0.251 0.158 0.193 1    
63:   0.231 0.048 0.241 0.152 0.125 0.203 1    
64:   0.189 0.072 0.173 0.175 0.214 0.176 1    
65:   0.227 0.071 0.217 0.140 0.132 0.213 1    
66:   0.194 0.120 0.171 0.156 0.185 0.175 1    
67:   0.218 0.053 0.209 0.150 0.153 0.217 1    
68:   0.144 0.043 0.168 0.263 0.178 0.205 1    
69:   0.164 0.081 0.178 0.157 0.222 0.198 1    
70:   0.198 0.097 0.204 0.114 0.216 0.170 1    
71:   0.157 0.081 0.153 0.226 0.216 0.167 1    
72:   0.187 0.151 0.244 0.046 0.202 0.170 1    
73:   0.077 0.555 0.067 0.164 0.062 0.075 1    
74:   0.110 0.041 0.116 0.280 0.261 0.192 1    
75:   0.202 0.148 0.238 0.043 0.208 0.161 1    
76:   0.138 0.300 0.132 0.214 0.093 0.122 1    
77:   0.135 0.037 0.140 0.261 0.242 0.185 1    
78:   0.239 0.073 0.204 0.125 0.201 0.158 1    
79:   0.222 0.130 0.207 0.098 0.180 0.162 1    
80:   0.101 0.483 0.102 0.127 0.090 0.096 1    
81:   0.195 0.117 0.199 0.123 0.195 0.171 1    
82:   0.200 0.132 0.171 0.150 0.183 0.164 1    
83:   0.186 0.075 0.162 0.172 0.263 0.143 1    
84:   0.200 0.165 0.214 0.060 0.201 0.160 1    
85:   0.196 0.095 0.195 0.154 0.160 0.200 1    
86:   0.167 0.253 0.183 0.155 0.088 0.154 1    
87:   0.231 0.045 0.206 0.131 0.190 0.197 1    
88:   0.184 0.060 0.197 0.161 0.209 0.190 1    
89:   0.198 0.065 0.188 0.162 0.186 0.201 1    
90:   0.188 0.042 0.189 0.193 0.182 0.206 1    
91:   0.193 0.132 0.196 0.139 0.132 0.207 1    
92:   0.103 0.037 0.102 0.316 0.271 0.171 1    
93:   0.100 0.454 0.103 0.146 0.102 0.094 1    
94:   0.246 0.058 0.200 0.132 0.162 0.202 1    
95:   0.173 0.152 0.180 0.172 0.138 0.184 1    
96:   0.110 0.057 0.105 0.282 0.275 0.171 1    
97:   0.130 0.412 0.114 0.137 0.104 0.102 1    
98:   0.192 0.080 0.173 0.180 0.184 0.192 1    
99:   0.057 0.024 0.071 0.363 0.304 0.179 1    
100:  0.249 0.061 0.196 0.110 0.168 0.216 1    
101:  0.207 0.142 0.217 0.071 0.202 0.161 1    
102:  0.202 0.073 0.229 0.119 0.186 0.191 1    
103:  0.214 0.089 0.208 0.139 0.148 0.203 1    
104:  0.176 0.073 0.158 0.171 0.278 0.144 1    
105:  0.192 0.217 0.167 0.158 0.131 0.136 1    
106:  0.196 0.080 0.194 0.218 0.141 0.170 1    
107:  0.174 0.209 0.199 0.132 0.127 0.160 1    
108:  0.180 0.049 0.159 0.228 0.198 0.187 1    
109:  0.108 0.082 0.105 0.293 0.249 0.163 1    
110:  0.085 0.553 0.076 0.140 0.059 0.086 1    
111:  0.197 0.102 0.218 0.111 0.199 0.173 1    
112:  0.201 0.086 0.186 0.131 0.193 0.203 1    
113:  0.143 0.060 0.145 0.234 0.246 0.173 1    
114:  0.245 0.078 0.191 0.096 0.192 0.198 1    
115:  0.068 0.590 0.081 0.164 0.043 0.053 1    
116:  0.193 0.106 0.200 0.118 0.206 0.178 1    
117:  0.056 0.022 0.072 0.382 0.295 0.173 1    
118:  0.203 0.082 0.221 0.113 0.199 0.182 1    
119:  0.088 0.507 0.090 0.152 0.081 0.082 1    
120:  0.182 0.116 0.186 0.145 0.194 0.178 1    
121:  0.213 0.077 0.207 0.126 0.226 0.151 1    
122:  0.078 0.540 0.079 0.159 0.064 0.080 1    
123:  0.216 0.061 0.190 0.160 0.166 0.206 1    
124:  0.181 0.173 0.178 0.169 0.124 0.176 1    
125:  0.240 0.058 0.244 0.133 0.131 0.193 1    
126:  0.175 0.079 0.179 0.163 0.209 0.195 1    
127:  0.217 0.070 0.197 0.134 0.188 0.194 1    
128:  0.204 0.110 0.204 0.091 0.182 0.209 1    
129:  0.132 0.038 0.135 0.266 0.248 0.181 1    
130:  0.204 0.074 0.225 0.137 0.173 0.187 1    
131:  0.123 0.439 0.091 0.152 0.104 0.090 1    
132:  0.104 0.030 0.107 0.312 0.261 0.185 1    
133:  0.134 0.382 0.113 0.176 0.079 0.115 1    
134:  0.180 0.071 0.160 0.171 0.257 0.161 1    
135:  0.209 0.049 0.202 0.167 0.187 0.186 1    
136:  0.190 0.130 0.220 0.073 0.211 0.176 1    
137:  0.159 0.074 0.144 0.220 0.229 0.175 1    
138:  0.179 0.197 0.151 0.169 0.131 0.172 1    
139:  0.147 0.389 0.140 0.123 0.082 0.118 1    
140:  0.202 0.083 0.184 0.121 0.221 0.189 1    
141:  0.152 0.224 0.159 0.191 0.131 0.142 1    
142:  0.138 0.377 0.135 0.125 0.102 0.122 1    
143:  0.212 0.087 0.226 0.078 0.225 0.173 1    
144:  0.137 0.351 0.161 0.090 0.139 0.122 1    
145:  0.184 0.046 0.160 0.186 0.211 0.213 1    
146:  0.106 0.033 0.110 0.303 0.269 0.179 1    
147:  0.213 0.083 0.172 0.131 0.171 0.230 1    
148:  0.163 0.060 0.139 0.230 0.213 0.195 1    
149:  0.186 0.069 0.200 0.158 0.180 0.208 1    
150:  0.247 0.038 0.240 0.148 0.146 0.181 1    
151:  0.202 0.098 0.206 0.090 0.242 0.162 1    
152:  0.187 0.051 0.181 0.180 0.225 0.176 1    
153:  0.180 0.059 0.196 0.185 0.185 0.195 1    
154:  0.178 0.119 0.198 0.118 0.228 0.158 1    
155:  0.186 0.124 0.228 0.079 0.208 0.175 1    
156:  0.188 0.077 0.186 0.153 0.214 0.181 1    
157:  0.144 0.054 0.145 0.216 0.251 0.190 1    
158:  0.221 0.078 0.204 0.135 0.185 0.178 1    
159:  0.187 0.158 0.177 0.159 0.129 0.190 1    
160:  0.212 0.109 0.198 0.108 0.184 0.189 1    
161:  0.216 0.116 0.218 0.155 0.114 0.181 1    
162:  0.186 0.134 0.238 0.067 0.209 0.166 1    
163:  0.228 0.062 0.250 0.124 0.156 0.180 1    
164:  0.208 0.137 0.248 0.071 0.169 0.167 1    
165:  0.122 0.325 0.146 0.155 0.114 0.138 1    
166:  0.159 0.058 0.167 0.223 0.200 0.193 1    
167:  0.204 0.061 0.174 0.178 0.201 0.182 1    
168:  0.234 0.060 0.201 0.114 0.172 0.218 1    
169:  0.205 0.091 0.197 0.137 0.147 0.222 1    
170:  0.107 0.448 0.112 0.139 0.094 0.100 1    
171:  0.149 0.140 0.171 0.163 0.204 0.173 1    
172:  0.203 0.104 0.236 0.097 0.180 0.179 1    
173:  0.183 0.071 0.184 0.179 0.210 0.174 1    
174:  0.187 0.087 0.189 0.153 0.188 0.197 1    
175:  0.177 0.059 0.211 0.166 0.194 0.193 1    
176:  0.142 0.041 0.139 0.234 0.255 0.189 1    
177:  0.226 0.090 0.210 0.111 0.163 0.199 1    
178:  0.204 0.078 0.222 0.091 0.215 0.190 1    
179:  0.193 0.038 0.217 0.226 0.143 0.183 1    
180:  0.206 0.110 0.183 0.143 0.150 0.208 1    
181:  0.206 0.041 0.181 0.184 0.186 0.202 1    
182:  0.217 0.044 0.202 0.158 0.192 0.187 1    
183:  0.090 0.039 0.105 0.313 0.267 0.186 1    
184:  0.131 0.052 0.133 0.239 0.245 0.200 1    
185:  0.142 0.044 0.152 0.230 0.252 0.180 1    
186:  0.202 0.132 0.230 0.057 0.217 0.162 1    
187:  0.187 0.111 0.213 0.117 0.176 0.195 1    
188:  0.197 0.068 0.166 0.171 0.182 0.216 1    
189:  0.230 0.052 0.218 0.094 0.187 0.219 1    
190:  0.194 0.155 0.228 0.054 0.209 0.161 1    
191:  0.176 0.055 0.150 0.211 0.207 0.200 1    
192:  0.219 0.066 0.207 0.107 0.203 0.199 1    
193:  0.202 0.135 0.221 0.060 0.208 0.174 1    
194:  0.181 0.137 0.198 0.098 0.215 0.170 1    
195:  0.144 0.289 0.149 0.188 0.093 0.136 1    
196:  0.229 0.078 0.245 0.106 0.176 0.167 1    
197:  0.229 0.094 0.192 0.104 0.177 0.203 1    
198:  0.109 0.053 0.114 0.295 0.251 0.179 1    
199:  0.162 0.079 0.177 0.181 0.227 0.173 1    
200:  0.190 0.056 0.206 0.192 0.173 0.182 1    
201:  0.166 0.084 0.151 0.191 0.268 0.140 1    
202:  0.179 0.136 0.210 0.100 0.208 0.168 1    
203:  0.116 0.047 0.134 0.257 0.249 0.196 1    
204:  0.079 0.035 0.093 0.320 0.282 0.191 1    
205:  0.034 0.705 0.033 0.176 0.023 0.029 1    
                       
                       
1:    0.032 0.211 0.172 0.223 0.162 0.200 1    
2:    0.035 0.237 0.145 0.152 0.182 0.249 1    
3:    0.019 0.282 0.148 0.130 0.186 0.235 1    
4:    0.076 0.162 0.213 0.174 0.209 0.167 1    
5:    0.147 0.181 0.138 0.164 0.181 0.189 1    
6:    0.755 0.055 0.047 0.044 0.051 0.049 1    
7:    0.052 0.188 0.139 0.211 0.197 0.213 1    
8:    0.094 0.144 0.177 0.182 0.242 0.162 1    
9:    0.028 0.084 0.408 0.246 0.154 0.079 1    
10:   0.112 0.289 0.155 0.090 0.144 0.210 1    
11:   0.120 0.245 0.135 0.095 0.201 0.204 1    
12:   0.048 0.111 0.122 0.288 0.204 0.227 1    
13:   0.022 0.158 0.148 0.210 0.255 0.207 1    
14:   0.038 0.171 0.248 0.175 0.188 0.181 1    
15:   0.021 0.170 0.155 0.237 0.215 0.203 1    
16:   0.424 0.169 0.098 0.082 0.103 0.124 1    
17:   0.051 0.146 0.306 0.186 0.186 0.125 1    
18:   0.035 0.155 0.248 0.222 0.179 0.161 1    
19:   0.087 0.241 0.144 0.121 0.196 0.211 1    
20:   0.027 0.148 0.227 0.219 0.213 0.166 1    
21:   0.080 0.116 0.104 0.259 0.217 0.225 1    
22:   0.780 0.065 0.036 0.030 0.042 0.047 1    
23:   0.753 0.058 0.040 0.038 0.067 0.045 1    
24:   0.252 0.159 0.125 0.144 0.148 0.173 1    
25:   0.064 0.313 0.148 0.116 0.144 0.216 1    
26:   0.200 0.155 0.134 0.178 0.158 0.175 1    
27:   0.745 0.067 0.045 0.037 0.052 0.054 1    
28:   0.128 0.225 0.128 0.143 0.174 0.201 1    
29:   0.766 0.059 0.051 0.036 0.038 0.050 1    
30:   0.651 0.086 0.081 0.053 0.061 0.069 1    
31:   0.892 0.025 0.023 0.018 0.022 0.021 1    
32:   0.644 0.040 0.076 0.114 0.055 0.072 1    
33:   0.124 0.197 0.128 0.153 0.176 0.222 1    
34:   0.791 0.053 0.041 0.036 0.039 0.041 1    
35:   0.203 0.267 0.118 0.084 0.126 0.201 1    
36:   0.604 0.073 0.054 0.113 0.061 0.096 1    
37:   0.773 0.071 0.039 0.024 0.042 0.051 1    
38:   0.503 0.132 0.088 0.064 0.087 0.127 1    
39:   0.541 0.176 0.074 0.041 0.060 0.107 1    
40:   0.109 0.266 0.132 0.111 0.155 0.227 1    
41:   0.661 0.083 0.060 0.060 0.058 0.078 1    
42:   0.373 0.152 0.093 0.124 0.091 0.166 1    
43:   0.769 0.045 0.047 0.048 0.040 0.050 1    
44:   0.403 0.161 0.089 0.102 0.104 0.141 1    
45:   0.765 0.059 0.049 0.035 0.045 0.047 1    
46:   0.771 0.057 0.041 0.037 0.044 0.050 1    
47:   0.467 0.142 0.093 0.080 0.093 0.126 1    
48:   0.762 0.056 0.052 0.039 0.043 0.048 1    
49:   0.709 0.073 0.050 0.045 0.056 0.068 1    
50:   0.143 0.285 0.155 0.086 0.123 0.207 1    
51:   0.612 0.110 0.065 0.048 0.066 0.099 1    
52:   0.608 0.120 0.064 0.042 0.074 0.091 1    
53:   0.506 0.148 0.084 0.068 0.075 0.119 1    
54:   0.800 0.048 0.039 0.034 0.035 0.044 1    
55:   0.072 0.117 0.281 0.224 0.173 0.133 1    
56:   0.107 0.235 0.148 0.144 0.137 0.229 1    
57:   0.052 0.219 0.206 0.145 0.201 0.177 1    
58:   0.041 0.186 0.155 0.157 0.264 0.197 1    
59:   0.065 0.334 0.153 0.082 0.130 0.235 1    
60:   0.033 0.110 0.358 0.221 0.171 0.108 1    
61:   0.025 0.090 0.393 0.240 0.166 0.088 1    
62:   0.035 0.245 0.143 0.168 0.152 0.256 1    
63:   0.036 0.322 0.146 0.102 0.155 0.239 1    
64:   0.053 0.182 0.191 0.213 0.162 0.199 1    
65:   0.057 0.259 0.129 0.119 0.222 0.214 1    
66:   0.087 0.157 0.195 0.181 0.216 0.164 1    
67:   0.023 0.218 0.177 0.147 0.241 0.195 1    
68:   0.032 0.203 0.142 0.182 0.185 0.255 1    
69:   0.025 0.120 0.246 0.244 0.205 0.160 1    
70:   0.032 0.116 0.280 0.240 0.189 0.144 1    
71:   0.066 0.171 0.152 0.209 0.191 0.211 1    
72:   0.024 0.077 0.451 0.233 0.150 0.065 1    
73:   0.671 0.073 0.063 0.063 0.063 0.067 1    
74:   0.031 0.160 0.098 0.255 0.193 0.265 1    
75:   0.019 0.066 0.450 0.254 0.148 0.062 1    
76:   0.354 0.205 0.089 0.083 0.116 0.153 1    
77:   0.027 0.156 0.118 0.249 0.199 0.252 1    
78:   0.039 0.170 0.210 0.223 0.176 0.181 1    
79:   0.075 0.135 0.272 0.204 0.165 0.148 1    
80:   0.604 0.057 0.122 0.087 0.068 0.062 1    
81:   0.104 0.163 0.194 0.182 0.205 0.152 1    
82:   0.135 0.204 0.142 0.167 0.166 0.186 1    
83:   0.028 0.090 0.247 0.317 0.153 0.165 1    
84:   0.065 0.084 0.392 0.231 0.150 0.077 1    
85:   0.083 0.198 0.152 0.138 0.246 0.183 1    
86:   0.237 0.281 0.120 0.066 0.109 0.187 1    
87:   0.028 0.215 0.161 0.178 0.218 0.200 1    
88:   0.022 0.200 0.209 0.201 0.179 0.189 1    
89:   0.044 0.195 0.158 0.176 0.229 0.198 1    
90:   0.033 0.195 0.153 0.180 0.243 0.196 1    
91:   0.114 0.248 0.125 0.108 0.206 0.199 1    
92:   0.027 0.082 0.123 0.302 0.236 0.230 1    
93:   0.564 0.078 0.105 0.097 0.073 0.083 1    
94:   0.041 0.243 0.146 0.155 0.213 0.201 1    
95:   0.159 0.198 0.134 0.131 0.190 0.188 1    
96:   0.039 0.078 0.152 0.332 0.189 0.210 1    
97:   0.489 0.104 0.109 0.104 0.089 0.105 1    
98:   0.063 0.233 0.151 0.187 0.165 0.200 1    
99:   0.015 0.074 0.097 0.339 0.224 0.250 1    
100:  0.050 0.232 0.137 0.143 0.226 0.212 1    
101:  0.047 0.101 0.380 0.228 0.152 0.092 1    
102:  0.034 0.198 0.216 0.176 0.185 0.191 1    
103:  0.068 0.217 0.173 0.131 0.217 0.194 1    
104:  0.022 0.076 0.244 0.352 0.155 0.151 1    
105:  0.251 0.193 0.124 0.117 0.152 0.162 1    
106:  0.075 0.265 0.151 0.139 0.163 0.207 1    
107:  0.205 0.203 0.180 0.130 0.135 0.146 1    
108:  0.030 0.208 0.171 0.188 0.213 0.190 1    
109:  0.081 0.121 0.114 0.289 0.182 0.212 1    
110:  0.682 0.080 0.051 0.049 0.063 0.076 1    
111:  0.058 0.149 0.250 0.199 0.213 0.132 1    
112:  0.042 0.156 0.234 0.193 0.199 0.177 1    
113:  0.033 0.112 0.194 0.288 0.177 0.196 1    
114:  0.025 0.165 0.248 0.205 0.201 0.155 1    
115:  0.740 0.073 0.049 0.034 0.048 0.057 1    
116:  0.045 0.144 0.278 0.207 0.169 0.157 1    
117:  0.015 0.063 0.109 0.365 0.216 0.232 1    
118:  0.028 0.187 0.246 0.176 0.186 0.177 1    
119:  0.604 0.081 0.102 0.073 0.068 0.072 1    
120:  0.053 0.110 0.294 0.227 0.178 0.139 1    
121:  0.030 0.140 0.250 0.255 0.167 0.157 1    
122:  0.657 0.074 0.067 0.061 0.068 0.072 1    
123:  0.049 0.243 0.152 0.133 0.199 0.224 1    
124:  0.178 0.231 0.132 0.118 0.149 0.191 1    
125:  0.040 0.323 0.149 0.089 0.165 0.233 1    
126:  0.039 0.168 0.203 0.229 0.183 0.178 1    
127:  0.046 0.198 0.185 0.176 0.209 0.185 1    
128:  0.033 0.143 0.300 0.203 0.182 0.140 1    
129:  0.023 0.121 0.143 0.272 0.240 0.202 1    
130:  0.057 0.242 0.162 0.144 0.213 0.182 1    
131:  0.560 0.097 0.075 0.095 0.075 0.098 1    
132:  0.025 0.103 0.121 0.292 0.231 0.228 1    
133:  0.437 0.155 0.069 0.072 0.136 0.131 1    
134:  0.034 0.115 0.211 0.313 0.164 0.162 1    
135:  0.027 0.258 0.171 0.149 0.179 0.216 1    
136:  0.034 0.099 0.378 0.223 0.179 0.087 1    
137:  0.053 0.133 0.165 0.253 0.200 0.197 1    
138:  0.193 0.199 0.130 0.104 0.214 0.159 1    
139:  0.408 0.170 0.105 0.087 0.099 0.130 1    
140:  0.028 0.137 0.250 0.245 0.173 0.167 1    
141:  0.244 0.181 0.144 0.131 0.152 0.148 1    
142:  0.455 0.135 0.127 0.088 0.094 0.101 1    
143:  0.038 0.144 0.254 0.195 0.247 0.122 1    
144:  0.371 0.075 0.220 0.161 0.092 0.081 1    
145:  0.034 0.172 0.132 0.206 0.261 0.196 1    
146:  0.023 0.112 0.136 0.294 0.221 0.214 1    
147:  0.069 0.179 0.115 0.165 0.271 0.201 1    
148:  0.048 0.144 0.142 0.230 0.228 0.207 1    
149:  0.036 0.215 0.175 0.167 0.200 0.208 1    
150:  0.024 0.317 0.163 0.123 0.143 0.230 1    
151:  0.028 0.096 0.338 0.256 0.165 0.117 1    
152:  0.027 0.192 0.175 0.202 0.212 0.192 1    
153:  0.036 0.190 0.161 0.183 0.209 0.221 1    
154:  0.037 0.095 0.343 0.260 0.157 0.108 1    
155:  0.035 0.122 0.347 0.200 0.180 0.116 1    
156:  0.048 0.149 0.198 0.231 0.199 0.175 1    
157:  0.036 0.121 0.151 0.283 0.192 0.217 1    
158:  0.055 0.212 0.188 0.165 0.201 0.179 1    
159:  0.176 0.197 0.117 0.130 0.194 0.186 1    
160:  0.051 0.151 0.264 0.171 0.206 0.156 1    
161:  0.126 0.254 0.115 0.114 0.176 0.215 1    
162:  0.027 0.110 0.372 0.232 0.161 0.098 1    
163:  0.030 0.273 0.205 0.127 0.165 0.201 1    
164:  0.059 0.150 0.318 0.204 0.141 0.128 1    
165:  0.384 0.129 0.135 0.112 0.110 0.129 1    
166:  0.047 0.246 0.122 0.170 0.164 0.250 1    
167:  0.049 0.196 0.135 0.212 0.202 0.206 1    
168:  0.024 0.239 0.220 0.136 0.185 0.196 1    
169:  0.084 0.232 0.147 0.116 0.238 0.184 1    
170:  0.548 0.097 0.115 0.087 0.075 0.078 1    
171:  0.131 0.124 0.192 0.232 0.159 0.162 1    
172:  0.043 0.182 0.253 0.186 0.176 0.159 1    
173:  0.063 0.170 0.159 0.205 0.222 0.180 1    
174:  0.061 0.177 0.172 0.185 0.222 0.183 1    
175:  0.030 0.210 0.173 0.198 0.181 0.208 1    
176:  0.019 0.163 0.141 0.239 0.229 0.209 1    
177:  0.071 0.225 0.179 0.121 0.207 0.198 1    
178:  0.041 0.153 0.248 0.198 0.212 0.148 1    
179:  0.026 0.258 0.165 0.161 0.165 0.225 1    
180:  0.114 0.228 0.119 0.129 0.215 0.195 1    
181:  0.028 0.248 0.148 0.140 0.216 0.219 1    
182:  0.027 0.203 0.162 0.186 0.245 0.176 1    
183:  0.029 0.108 0.121 0.291 0.222 0.229 1    
184:  0.027 0.122 0.147 0.279 0.207 0.219 1    
185:  0.022 0.168 0.150 0.248 0.210 0.202 1    
186:  0.029 0.087 0.403 0.234 0.168 0.079 1    
187:  0.070 0.188 0.219 0.160 0.189 0.175 1    
188:  0.058 0.216 0.127 0.150 0.239 0.210 1    
189:  0.039 0.202 0.170 0.141 0.266 0.182 1    
190:  0.047 0.073 0.410 0.247 0.149 0.074 1    
191:  0.052 0.179 0.100 0.208 0.241 0.218 1    
192:  0.039 0.173 0.193 0.181 0.237 0.177 1    
193:  0.031 0.098 0.363 0.235 0.175 0.098 1    
194:  0.033 0.071 0.401 0.267 0.140 0.088 1    
195:  0.341 0.214 0.100 0.091 0.101 0.152 1    
196:  0.053 0.257 0.212 0.131 0.181 0.166 1    
197:  0.066 0.189 0.202 0.184 0.186 0.174 1    
198:  0.052 0.129 0.097 0.257 0.227 0.237 1    
199:  0.024 0.138 0.258 0.224 0.194 0.162 1    
200:  0.043 0.245 0.143 0.164 0.183 0.222 1    
201:  0.021 0.060 0.273 0.349 0.148 0.148 1    
202:  0.034 0.088 0.379 0.255 0.152 0.092 1    
203:  0.031 0.154 0.114 0.268 0.193 0.239 1    
204:  0.023 0.105 0.095 0.322 0.206 0.250 1    
205:  0.866 0.033 0.028 0.021 0.026 0.026 1    
                       
                       
1:    0.181 0.097 0.241 0.106 0.191 0.184 1    
2:    0.223 0.120 0.215 0.115 0.188 0.138 1    
3:    0.226 0.134 0.213 0.107 0.192 0.127 1    
4:    0.174 0.127 0.129 0.162 0.191 0.217 1    
5:    0.175 0.167 0.206 0.156 0.162 0.133 1    
6:    0.064 0.397 0.061 0.357 0.061 0.060 1    
7:    0.202 0.129 0.185 0.139 0.183 0.163 1    
8:    0.175 0.154 0.125 0.173 0.193 0.180 1    
9:    0.117 0.089 0.110 0.155 0.183 0.347 1    
10:   0.194 0.172 0.223 0.137 0.173 0.100 1    
11:   0.180 0.204 0.201 0.148 0.173 0.094 1    
12:   0.164 0.101 0.199 0.142 0.188 0.206 1    
13:   0.191 0.103 0.189 0.128 0.207 0.183 1    
14:   0.168 0.095 0.194 0.135 0.186 0.222 1    
15:   0.186 0.082 0.243 0.116 0.195 0.177 1    
16:   0.145 0.289 0.127 0.240 0.120 0.080 1    
17:   0.167 0.120 0.143 0.130 0.199 0.241 1    
18:   0.176 0.108 0.151 0.136 0.201 0.230 1    
19:   0.211 0.156 0.191 0.133 0.179 0.131 1    
20:   0.180 0.104 0.151 0.143 0.194 0.228 1    
21:   0.157 0.106 0.201 0.156 0.202 0.178 1    
22:   0.063 0.425 0.070 0.349 0.061 0.031 1    
23:   0.060 0.421 0.060 0.351 0.067 0.041 1    
24:   0.175 0.211 0.158 0.178 0.145 0.133 1    
25:   0.210 0.153 0.248 0.105 0.165 0.119 1    
26:   0.139 0.187 0.162 0.187 0.168 0.157 1    
27:   0.072 0.404 0.070 0.341 0.067 0.046 1    
28:   0.200 0.179 0.189 0.144 0.165 0.122 1    
29:   0.092 0.375 0.067 0.345 0.065 0.055 1    
30:   0.097 0.338 0.097 0.296 0.084 0.087 1    
31:   0.035 0.463 0.043 0.392 0.039 0.027 1    
32:   0.091 0.300 0.072 0.306 0.083 0.148 1    
33:   0.198 0.169 0.193 0.153 0.177 0.110 1    
34:   0.059 0.414 0.059 0.361 0.059 0.047 1    
35:   0.195 0.214 0.198 0.148 0.170 0.075 1    
36:   0.109 0.289 0.095 0.296 0.092 0.119 1    
37:   0.068 0.421 0.073 0.339 0.065 0.033 1    
38:   0.115 0.330 0.126 0.258 0.102 0.069 1    
39:   0.124 0.342 0.146 0.237 0.102 0.049 1    
40:   0.226 0.162 0.193 0.137 0.177 0.105 1    
41:   0.080 0.351 0.095 0.304 0.091 0.079 1    
42:   0.129 0.242 0.171 0.211 0.132 0.115 1    
43:   0.065 0.397 0.067 0.338 0.063 0.068 1    
44:   0.146 0.270 0.142 0.235 0.118 0.089 1    
45:   0.056 0.415 0.065 0.347 0.064 0.052 1    
46:   0.088 0.383 0.064 0.356 0.060 0.050 1    
47:   0.136 0.298 0.130 0.242 0.115 0.080 1    
48:   0.072 0.396 0.065 0.346 0.061 0.060 1    
49:   0.084 0.388 0.081 0.311 0.080 0.055 1    
50:   0.197 0.191 0.212 0.131 0.172 0.098 1    
51:   0.105 0.352 0.105 0.293 0.090 0.056 1    
52:   0.116 0.344 0.120 0.268 0.100 0.051 1    
53:   0.127 0.308 0.136 0.245 0.104 0.081 1    
54:   0.057 0.426 0.061 0.360 0.057 0.038 1    
55:   0.137 0.105 0.145 0.153 0.172 0.288 1    
56:   0.187 0.156 0.227 0.129 0.172 0.128 1    
57:   0.191 0.141 0.176 0.134 0.163 0.196 1    
58:   0.202 0.137 0.155 0.134 0.206 0.167 1    
59:   0.209 0.159 0.262 0.103 0.172 0.096 1    
60:   0.118 0.082 0.140 0.155 0.174 0.331 1    
61:   0.114 0.080 0.121 0.147 0.186 0.353 1    
62:   0.208 0.109 0.257 0.111 0.186 0.130 1    
63:   0.225 0.136 0.238 0.102 0.183 0.117 1    
64:   0.185 0.118 0.193 0.135 0.163 0.206 1    
65:   0.219 0.157 0.201 0.127 0.204 0.092 1    
66:   0.170 0.144 0.165 0.155 0.182 0.183 1    
67:   0.219 0.124 0.185 0.121 0.203 0.147 1    
68:   0.203 0.101 0.247 0.120 0.189 0.139 1    
69:   0.169 0.089 0.160 0.140 0.178 0.265 1    
70:   0.158 0.094 0.135 0.145 0.169 0.298 1    
71:   0.185 0.128 0.191 0.133 0.187 0.175 1    
72:   0.103 0.075 0.119 0.149 0.168 0.386 1    
73:   0.081 0.371 0.084 0.307 0.086 0.070 1    
74:   0.194 0.100 0.258 0.110 0.179 0.160 1    
75:   0.101 0.069 0.113 0.154 0.174 0.389 1    
76:   0.145 0.285 0.163 0.200 0.138 0.070 1    
77:   0.186 0.094 0.241 0.112 0.193 0.175 1    
78:   0.187 0.112 0.161 0.131 0.162 0.246 1    
79:   0.156 0.135 0.141 0.147 0.168 0.254 1    
80:   0.085 0.317 0.077 0.286 0.085 0.150 1    
81:   0.180 0.154 0.142 0.162 0.183 0.179 1    
82:   0.200 0.168 0.165 0.150 0.157 0.159 1    
83:   0.132 0.069 0.161 0.151 0.154 0.333 1    
84:   0.109 0.096 0.121 0.158 0.166 0.349 1    
85:   0.197 0.164 0.173 0.151 0.188 0.128 1    
86:   0.173 0.243 0.197 0.153 0.152 0.082 1    
87:   0.213 0.129 0.188 0.126 0.205 0.139 1    
88:   0.190 0.106 0.185 0.135 0.181 0.203 1    
89:   0.204 0.137 0.177 0.135 0.194 0.152 1    
90:   0.202 0.127 0.197 0.129 0.185 0.160 1    
91:   0.199 0.177 0.180 0.150 0.178 0.115 1    
92:   0.156 0.057 0.205 0.132 0.214 0.235 1    
93:   0.103 0.284 0.098 0.286 0.098 0.131 1    
94:   0.222 0.140 0.188 0.123 0.193 0.135 1    
95:   0.188 0.205 0.166 0.176 0.159 0.106 1    
96:   0.134 0.070 0.197 0.146 0.199 0.254 1    
97:   0.118 0.277 0.110 0.259 0.098 0.138 1    
98:   0.194 0.126 0.195 0.131 0.181 0.173 1    
99:   0.162 0.042 0.230 0.120 0.223 0.223 1    
100:  0.217 0.134 0.182 0.135 0.205 0.126 1    
101:  0.119 0.095 0.128 0.153 0.180 0.324 1    
102:  0.204 0.123 0.159 0.135 0.202 0.177 1    
103:  0.206 0.145 0.174 0.131 0.202 0.142 1    
104:  0.131 0.058 0.149 0.164 0.145 0.354 1    
105:  0.191 0.207 0.160 0.186 0.147 0.108 1    
106:  0.201 0.146 0.227 0.126 0.170 0.129 1    
107:  0.167 0.198 0.164 0.177 0.147 0.147 1    
108:  0.200 0.103 0.206 0.118 0.204 0.168 1    
109:  0.167 0.101 0.219 0.130 0.183 0.200 1    
110:  0.115 0.346 0.081 0.321 0.074 0.063 1    
111:  0.176 0.129 0.144 0.150 0.190 0.211 1    
112:  0.171 0.114 0.162 0.135 0.178 0.240 1    
113:  0.159 0.075 0.191 0.128 0.195 0.251 1    
114:  0.164 0.103 0.153 0.132 0.170 0.277 1    
115:  0.076 0.401 0.079 0.325 0.076 0.042 1    
116:  0.136 0.095 0.160 0.139 0.171 0.299 1    
117:  0.158 0.044 0.229 0.115 0.216 0.238 1    
118:  0.184 0.126 0.175 0.126 0.198 0.191 1    
119:  0.098 0.327 0.097 0.284 0.096 0.098 1    
120:  0.138 0.093 0.160 0.151 0.197 0.260 1    
121:  0.162 0.094 0.169 0.125 0.166 0.284 1    
122:  0.093 0.361 0.084 0.305 0.083 0.073 1    
123:  0.195 0.132 0.202 0.129 0.207 0.135 1    
124:  0.181 0.200 0.179 0.160 0.175 0.105 1    
125:  0.211 0.144 0.229 0.117 0.204 0.095 1    
126:  0.168 0.108 0.166 0.140 0.179 0.239 1    
127:  0.200 0.128 0.162 0.128 0.183 0.199 1    
128:  0.145 0.104 0.160 0.133 0.168 0.290 1    
129:  0.169 0.074 0.196 0.132 0.206 0.223 1    
130:  0.217 0.146 0.186 0.118 0.174 0.158 1    
131:  0.117 0.289 0.103 0.279 0.099 0.113 1    
132:  0.167 0.069 0.220 0.128 0.207 0.209 1    
133:  0.126 0.317 0.123 0.253 0.123 0.058 1    
134:  0.162 0.090 0.160 0.152 0.154 0.282 1    
135:  0.213 0.113 0.218 0.109 0.189 0.158 1    
136:  0.128 0.092 0.137 0.141 0.175 0.326 1    
137:  0.163 0.097 0.183 0.139 0.199 0.219 1    
138:  0.179 0.216 0.163 0.194 0.151 0.097 1    
139:  0.145 0.263 0.138 0.245 0.115 0.094 1    
140:  0.162 0.083 0.147 0.146 0.186 0.277 1    
141:  0.167 0.198 0.178 0.169 0.157 0.131 1    
142:  0.133 0.271 0.111 0.237 0.128 0.120 1    
143:  0.184 0.118 0.128 0.139 0.195 0.236 1    
144:  0.099 0.208 0.091 0.242 0.121 0.240 1    
145:  0.203 0.113 0.174 0.135 0.206 0.170 1    
146:  0.163 0.063 0.213 0.129 0.207 0.226 1    
147:  0.200 0.154 0.162 0.160 0.207 0.117 1    
148:  0.175 0.105 0.193 0.141 0.217 0.169 1    
149:  0.212 0.128 0.186 0.124 0.190 0.159 1    
150:  0.238 0.122 0.239 0.096 0.194 0.111 1    
151:  0.136 0.088 0.130 0.146 0.172 0.328 1    
152:  0.217 0.115 0.174 0.120 0.181 0.193 1    
153:  0.207 0.119 0.200 0.126 0.189 0.161 1    
154:  0.124 0.081 0.144 0.148 0.170 0.332 1    
155:  0.146 0.101 0.144 0.139 0.173 0.297 1    
156:  0.186 0.114 0.165 0.131 0.177 0.227 1    
157:  0.167 0.085 0.189 0.135 0.186 0.238 1    
158:  0.201 0.136 0.183 0.127 0.173 0.180 1    
159:  0.184 0.198 0.162 0.182 0.161 0.113 1    
160:  0.160 0.121 0.149 0.136 0.178 0.255 1    
161:  0.203 0.184 0.197 0.149 0.170 0.098 1    
162:  0.131 0.084 0.129 0.139 0.187 0.330 1    
163:  0.202 0.137 0.213 0.107 0.190 0.151 1    
164:  0.153 0.120 0.144 0.144 0.173 0.267 1    
165:  0.126 0.252 0.129 0.228 0.130 0.135 1    
166:  0.206 0.132 0.226 0.119 0.188 0.129 1    
167:  0.198 0.121 0.177 0.132 0.197 0.175 1    
168:  0.199 0.128 0.201 0.110 0.189 0.172 1    
169:  0.207 0.163 0.182 0.149 0.192 0.107 1    
170:  0.107 0.308 0.100 0.264 0.104 0.117 1    
171:  0.163 0.144 0.158 0.168 0.169 0.199 1    
172:  0.177 0.118 0.169 0.132 0.182 0.222 1    
173:  0.184 0.135 0.180 0.133 0.197 0.170 1    
174:  0.196 0.139 0.163 0.143 0.202 0.158 1    
175:  0.211 0.118 0.199 0.115 0.190 0.168 1    
176:  0.202 0.112 0.186 0.122 0.200 0.178 1    
177:  0.203 0.162 0.176 0.142 0.197 0.121 1    
178:  0.194 0.121 0.134 0.143 0.195 0.213 1    
179:  0.192 0.131 0.252 0.101 0.194 0.131 1    
180:  0.196 0.172 0.180 0.146 0.193 0.112 1    
181:  0.242 0.137 0.197 0.111 0.203 0.110 1    
182:  0.220 0.137 0.190 0.119 0.186 0.148 1    
183:  0.183 0.082 0.215 0.122 0.206 0.191 1    
184:  0.176 0.093 0.198 0.125 0.191 0.217 1    
185:  0.203 0.107 0.192 0.121 0.191 0.185 1    
186:  0.115 0.084 0.129 0.141 0.182 0.349 1    
187:  0.193 0.138 0.161 0.148 0.186 0.174 1    
188:  0.213 0.145 0.177 0.140 0.188 0.137 1    
189:  0.206 0.147 0.162 0.139 0.213 0.133 1    
190:  0.108 0.087 0.108 0.159 0.167 0.372 1    
191:  0.200 0.124 0.176 0.142 0.205 0.153 1    
192:  0.214 0.129 0.141 0.145 0.208 0.163 1    
193:  0.131 0.083 0.125 0.145 0.184 0.332 1    
194:  0.115 0.074 0.131 0.145 0.164 0.371 1    
195:  0.154 0.266 0.170 0.192 0.138 0.080 1    
196:  0.191 0.131 0.196 0.124 0.195 0.164 1    
197:  0.207 0.145 0.140 0.152 0.182 0.174 1    
198:  0.190 0.102 0.202 0.129 0.199 0.178 1    
199:  0.169 0.092 0.186 0.117 0.189 0.246 1    
200:  0.233 0.134 0.229 0.104 0.186 0.115 1    
201:  0.121 0.050 0.157 0.162 0.145 0.366 1    
202:  0.121 0.074 0.138 0.155 0.176 0.336 1    
203:  0.198 0.106 0.230 0.107 0.187 0.172 1    
204:  0.170 0.068 0.233 0.117 0.205 0.207 1    
205:  0.046 0.448 0.039 0.399 0.038 0.030 1    
                       
                       
1:    0.190 0.178 0.174 0.226 0.194 0.039 1    
2:    0.133 0.178 0.220 0.239 0.182 0.048 1    
3:    0.137 0.190 0.229 0.235 0.181 0.029 1    
4:    0.218 0.194 0.185 0.141 0.167 0.096 1    
5:    0.147 0.137 0.172 0.183 0.206 0.157 1    
6:    0.062 0.052 0.066 0.065 0.056 0.699 1    
7:    0.171 0.200 0.182 0.192 0.195 0.060 1    
8:    0.193 0.185 0.184 0.141 0.180 0.116 1    
9:    0.366 0.189 0.163 0.102 0.142 0.038 1    
