  1:   0.1768  0.0518  0.1894  0.1806  0.2062  0.1954  1
  2:   0.2148  0.0600  0.1532  0.1724  0.1676  0.2320  1
  3:   0.2418  0.0488  0.1506  0.1662  0.1720  0.2206  1
  4:   0.1823  0.1033  0.2077  0.1597  0.1775  0.1695  1
  5:   0.1700  0.1534  0.1494  0.1950  0.1550  0.1772  1
  6:   0.0614  0.6339  0.0572  0.1380  0.0516  0.0580  1
  7:   0.1880  0.0742  0.1610  0.1818  0.2010  0.1942  1
  8:   0.1814  0.1206  0.1838  0.1694  0.1732  0.1718  1
  9:   0.1364  0.0662  0.3336  0.1424  0.2090  0.1126  1
 10:   0.2354  0.1338  0.1480  0.1398  0.1312  0.2116  1
 11:   0.2125  0.1549  0.1325  0.1713  0.1276  0.2013  1
 12:   0.1226  0.0682  0.1582  0.2142  0.2477  0.1890  1
 13:   0.1746  0.0482  0.1658  0.2001  0.2144  0.1968  1
 14:   0.1714  0.0648  0.2166  0.1712  0.1894  0.1866  1
 15:   0.1616  0.0382  0.1656  0.2250  0.2062  0.2034  1
 16:   0.1471  0.3853  0.1018  0.1427  0.0942  0.1290  1
 17:   0.1696  0.0824  0.2609  0.1486  0.1898  0.1486  1
 18:   0.1803  0.0654  0.2365  0.1565  0.1915  0.1697  1
 19:   0.2264  0.1066  0.1412  0.1614  0.1578  0.2068  1
 20:   0.1703  0.0564  0.2103  0.1819  0.2049  0.1761  1
 21:   0.1212  0.0918  0.1374  0.2289  0.2363  0.1845  1
 22:   0.0638  0.6645  0.0404  0.1335  0.0400  0.0578  1
 23:   0.0594  0.6505  0.0444  0.1438  0.0460  0.0560  1
 24:   0.1630  0.2266  0.1392  0.1568  0.1504  0.1640  1
 25:   0.2425  0.0876  0.1561  0.1569  0.1405  0.2163  1
 26:   0.1448  0.2050  0.1464  0.1734  0.1706  0.1598  1
 27:   0.0686  0.6315  0.0478  0.1352  0.0496  0.0672  1
 28:   0.2011  0.1475  0.1313  0.1689  0.1567  0.1945  1
 29:   0.0768  0.6163  0.0596  0.1301  0.0516  0.0656  1
 30:   0.0934  0.5293  0.0840  0.1365  0.0722  0.0846  1
 31:   0.0350  0.7429  0.0294  0.1337  0.0270  0.0320  1
 32:   0.0752  0.5012  0.1114  0.1342  0.1038  0.0742  1
 33:   0.1889  0.1425  0.1419  0.1777  0.1569  0.1919  1
 34:   0.0556  0.6636  0.0472  0.1367  0.0454  0.0516  1
 35:   0.2180  0.2177  0.1192  0.1340  0.1166  0.1946  1
 36:   0.0910  0.4747  0.0864  0.1470  0.1082  0.0928  1
 37:   0.0682  0.6575  0.0402  0.1347  0.0390  0.0604  1
 38:   0.1250  0.4416  0.0868  0.1408  0.0808  0.1250  1
 39:   0.1374  0.4711  0.0754  0.1270  0.0692  0.1199  1
 40:   0.2238  0.1250  0.1366  0.1556  0.1426  0.2164  1
 41:   0.0850  0.5413  0.0704  0.1414  0.0778  0.0840  1
 42:   0.1340  0.3273  0.1066  0.1552  0.1260  0.1510  1
 43:   0.0564  0.6329  0.0584  0.1351  0.0596  0.0574  1
 44:   0.1442  0.3572  0.0940  0.1540  0.1100  0.1406  1
 45:   0.0612  0.6395  0.0538  0.1377  0.0502  0.0576  1
 46:   0.0730  0.6312  0.0514  0.1327  0.0498  0.0620  1
 47:   0.1325  0.4068  0.1009  0.1433  0.0953  0.1211  1
 48:   0.0660  0.6292  0.0638  0.1318  0.0504  0.0588  1
 49:   0.0810  0.5837  0.0616  0.1348  0.0608  0.0782  1
 50:   0.2287  0.1635  0.1407  0.1323  0.1252  0.2097  1
 51:   0.1058  0.5244  0.0680  0.1380  0.0662  0.0976  1
 52:   0.1202  0.5035  0.0722  0.1304  0.0650  0.1086  1
 53:   0.1326  0.4353  0.0926  0.1307  0.0836  0.1252  1
 54:   0.0545  0.6751  0.0406  0.1349  0.0426  0.0523  1
 55:   0.1434  0.0908  0.2492  0.1638  0.2036  0.1492  1
 56:   0.2007  0.1237  0.1481  0.1669  0.1525  0.2083  1
 57:   0.2128  0.0824  0.1960  0.1570  0.1576  0.1942  1
 58:   0.2133  0.0710  0.1663  0.1689  0.1785  0.2019  1
 59:   0.2528  0.0938  0.1516  0.1370  0.1276  0.2372  1
 60:   0.1436  0.0660  0.3016  0.1512  0.1986  0.1390  1
 61:   0.1346  0.0618  0.3304  0.1439  0.2131  0.1162  1
 62:   0.2000  0.0558  0.1546  0.1856  0.1776  0.2264  1
 63:   0.2574  0.0644  0.1548  0.1522  0.1434  0.2280  1
 64:   0.1781  0.0754  0.1927  0.1721  0.1969  0.1847  1
 65:   0.2447  0.0892  0.1342  0.1638  0.1526  0.2154  1
 66:   0.1724  0.1138  0.1854  0.1772  0.1808  0.1704  1
 67:   0.2214  0.0546  0.1738  0.1749  0.1714  0.2040  1
 68:   0.1820  0.0532  0.1538  0.2024  0.1862  0.2224  1
 69:   0.1537  0.0524  0.2233  0.1807  0.2195  0.1705  1
 70:   0.1526  0.0612  0.2664  0.1648  0.2088  0.1460  1
 71:   0.1748  0.0856  0.1610  0.1918  0.1980  0.1886  1
 72:   0.1236  0.0628  0.3599  0.1392  0.2054  0.1090  1
 73:   0.0792  0.5663  0.0684  0.1371  0.0694  0.0796  1
 74:   0.1530  0.0518  0.1379  0.2132  0.2304  0.2138  1
 75:   0.1224  0.0576  0.3644  0.1393  0.2139  0.1024  1
 76:   0.1632  0.3313  0.0956  0.1546  0.1076  0.1478  1
 77:   0.1569  0.0464  0.1521  0.2083  0.2291  0.2071  1
 78:   0.1857  0.0658  0.2269  0.1621  0.1943  0.1653  1
 79:   0.1712  0.1036  0.2452  0.1478  0.1796  0.1526  1
 80:   0.0854  0.4796  0.1314  0.1306  0.0960  0.0768  1
 81:   0.1756  0.1240  0.1908  0.1668  0.1784  0.1644  1
 82:   0.1924  0.1426  0.1586  0.1628  0.1650  0.1784  1
 83:   0.1278  0.0482  0.2528  0.1814  0.2441  0.1458  1
 84:   0.1327  0.0930  0.3230  0.1403  0.2001  0.1109  1
 85:   0.2036  0.1156  0.1528  0.1806  0.1610  0.1864  1
 86:   0.2046  0.2568  0.1174  0.1344  0.1034  0.1834  1
 87:   0.2266  0.0560  0.1662  0.1694  0.1778  0.2040  1
 88:   0.1968  0.0514  0.2014  0.1720  0.1934  0.1850  1
 89:   0.2068  0.0730  0.1650  0.1784  0.1804  0.1962  1
 90:   0.1962  0.0602  0.1634  0.1950  0.1818  0.2036  1
 91:   0.2209  0.1383  0.1397  0.1607  0.1389  0.2015  1
 92:   0.1034  0.0380  0.1634  0.2432  0.2676  0.1844  1
 93:   0.0934  0.4527  0.1206  0.1394  0.1030  0.0908  1
 94:   0.2318  0.0710  0.1594  0.1630  0.1624  0.2124  1
 95:   0.1924  0.1746  0.1326  0.1712  0.1430  0.1860  1
 96:   0.1024  0.0520  0.1853  0.2211  0.2673  0.1719  1
 97:   0.1173  0.4026  0.1275  0.1415  0.1037  0.1073  1
 98:   0.2006  0.0834  0.1638  0.1712  0.1830  0.1982  1
 99:   0.0876  0.0262  0.1484  0.2573  0.2877  0.1927  1
100:   0.2279  0.0749  0.1497  0.1645  0.1677  0.2153  1
101:   0.1444  0.0794  0.3119  0.1430  0.2004  0.1210  1
102:   0.2028  0.0664  0.2042  0.1586  0.1794  0.1886  1
103:   0.2133  0.0968  0.1699  0.1633  0.1647  0.1919  1
104:   0.1179  0.0416  0.2578  0.1871  0.2593  0.1363  1
105:   0.1879  0.2325  0.1349  0.1587  0.1307  0.1553  1
106:   0.2160  0.1006  0.1532  0.1786  0.1564  0.1952  1
107:   0.1818  0.2016  0.1754  0.1434  0.1384  0.1594  1
108:   0.1904  0.0520  0.1650  0.1967  0.2026  0.1934  1
109:   0.1288  0.0890  0.1478  0.2084  0.2435  0.1824  1
110:   0.0962  0.5589  0.0634  0.1334  0.0626  0.0854  1
111:   0.1764  0.0844  0.2224  0.1666  0.1910  0.1592  1
112:   0.1798  0.0686  0.2232  0.1634  0.1880  0.1770  1
113:   0.1310  0.0506  0.2063  0.2004  0.2386  0.1730  1
114:   0.1919  0.0560  0.2381  0.1599  0.1837  0.1705  1
115:   0.0808  0.6085  0.0554  0.1351  0.0494  0.0708  1
116:   0.1550  0.0712  0.2608  0.1588  0.1976  0.1568  1
117:   0.0840  0.0242  0.1560  0.2559  0.2925  0.1874  1
118:   0.1970  0.0634  0.2228  0.1512  0.1826  0.1830  1
119:   0.0932  0.5022  0.0984  0.1346  0.0856  0.0860  1
120:   0.1412  0.0768  0.2526  0.1688  0.2120  0.1488  1
121:   0.1682  0.0556  0.2493  0.1616  0.2088  0.1564  1
122:   0.0842  0.5491  0.0754  0.1361  0.0732  0.0820  1
123:   0.2201  0.0742  0.1513  0.1701  0.1741  0.2101  1
124:   0.1998  0.1868  0.1358  0.1512  0.1394  0.1872  1
125:   0.2541  0.0714  0.1471  0.1523  0.1448  0.2303  1
126:   0.1652  0.0656  0.2126  0.1730  0.2078  0.1758  1
127:   0.2002  0.0738  0.1974  0.1680  0.1784  0.1820  1
128:   0.1677  0.0678  0.2615  0.1499  0.1863  0.1667  1
129:   0.1330  0.0394  0.1734  0.2240  0.2464  0.1838  1
130:   0.2227  0.0832  0.1753  0.1641  0.1569  0.1979  1
131:   0.1104  0.4482  0.0978  0.1408  0.1022  0.1004  1
132:   0.1186  0.0376  0.1600  0.2406  0.2530  0.1902  1
133:   0.1444  0.4077  0.0768  0.1522  0.0908  0.1280  1
134:   0.1470  0.0560  0.2246  0.1810  0.2361  0.1552  1
135:   0.2232  0.0524  0.1706  0.1608  0.1826  0.2106  1
136:   0.1403  0.0692  0.3135  0.1475  0.2057  0.1239  1
137:   0.1479  0.0700  0.1791  0.1989  0.2257  0.1783  1
138:   0.1866  0.2194  0.1218  0.1760  0.1288  0.1672  1
139:   0.1489  0.3626  0.1153  0.1379  0.0983  0.1371  1
140:   0.1591  0.0532  0.2415  0.1677  0.2145  0.1639  1
141:   0.1654  0.2306  0.1424  0.1624  0.1428  0.1562  1
142:   0.1355  0.3790  0.1325  0.1332  0.1062  0.1136  1
143:   0.1772  0.0682  0.2448  0.1680  0.1909  0.1510  1
144:   0.1066  0.3052  0.2198  0.1332  0.1420  0.0934  1
145:   0.1897  0.0576  0.1507  0.1973  0.2045  0.2001  1
146:   0.1173  0.0358  0.1679  0.2369  0.2579  0.1841  1
147:   0.2116  0.1012  0.1280  0.1814  0.1718  0.2060  1
148:   0.1620  0.0682  0.1574  0.2058  0.2166  0.1900  1
149:   0.2094  0.0670  0.1766  0.1652  0.1794  0.2026  1
150:   0.2545  0.0502  0.1607  0.1523  0.1547  0.2277  1
151:   0.1432  0.0590  0.2986  0.1546  0.2124  0.1322  1
152:   0.1934  0.0528  0.1816  0.1822  0.1998  0.1904  1
153:   0.1975  0.0630  0.1691  0.1797  0.1865  0.2041  1
154:   0.1318  0.0660  0.2847  0.1626  0.2230  0.1318  1
155:   0.1546  0.0700  0.2840  0.1530  0.1938  0.1446  1
156:   0.1710  0.0698  0.2026  0.1736  0.2082  0.1746  1
157:   0.1390  0.0524  0.1880  0.2012  0.2322  0.1870  1
158:   0.2146  0.0792  0.1870  0.1654  0.1668  0.1872  1
159:   0.1956  0.1836  0.1288  0.1668  0.1422  0.1832  1
160:   0.1789  0.0812  0.2365  0.1563  0.1851  0.1621  1
161:   0.2296  0.1436  0.1320  0.1568  0.1328  0.2054  1
162:   0.1440  0.0632  0.3183  0.1428  0.2074  0.1242  1
163:   0.2308  0.0638  0.1912  0.1484  0.1610  0.2048  1
164:   0.1723  0.0904  0.2729  0.1365  0.1803  0.1475  1
165:   0.1346  0.3281  0.1364  0.1436  0.1226  0.1346  1
166:   0.2032  0.0714  0.1448  0.1768  0.1840  0.2197  1
167:   0.1904  0.0716  0.1658  0.1812  0.1988  0.1924  1
168:   0.2285  0.0554  0.1873  0.1493  0.1669  0.2125  1
169:   0.2234  0.1076  0.1418  0.1682  0.1542  0.2048  1
170:   0.1060  0.4558  0.1164  0.1316  0.0958  0.0944  1
171:   0.1458  0.1346  0.1922  0.1708  0.1946  0.1622  1
172:   0.1904  0.0746  0.2337  0.1542  0.1736  0.1734  1
173:   0.1766  0.0828  0.1760  0.1870  0.1974  0.1804  1
174:   0.1921  0.0869  0.1743  0.1695  0.1893  0.1879  1
175:   0.2016  0.0572  0.1874  0.1640  0.1926  0.1974  1
176:   0.1700  0.0464  0.1564  0.2032  0.2302  0.1936  1
177:   0.2230  0.1006  0.1602  0.1538  0.1592  0.2032  1
178:   0.1833  0.0682  0.2243  0.1615  0.1941  0.1687  1
179:   0.2137  0.0552  0.1659  0.1827  0.1647  0.2177  1
180:   0.2178  0.1330  0.1312  0.1640  0.1582  0.1956  1
181:   0.2312  0.0586  0.1402  0.1788  0.1766  0.2144  1
182:   0.2136  0.0580  0.1666  0.1870  0.1790  0.1958  1
183:   0.1232  0.0476  0.1508  0.2330  0.2526  0.1926  1
184:   0.1442  0.0502  0.1746  0.2048  0.2375  0.1888  1
185:   0.1787  0.0472  0.1625  0.1957  0.2291  0.1869  1
186:   0.1345  0.0638  0.3323  0.1427  0.2095  0.1172  1
187:   0.1938  0.0952  0.1996  0.1570  0.1732  0.1812  1
188:   0.2122  0.0850  0.1376  0.1854  0.1756  0.2040  1
189:   0.2204  0.0696  0.1678  0.1718  0.1740  0.1966  1
190:   0.1255  0.0798  0.3455  0.1376  0.2055  0.1061  1
191:   0.1843  0.0728  0.1341  0.2012  0.2044  0.2032  1
192:   0.2026  0.0688  0.1866  0.1670  0.1882  0.1870  1
193:   0.1450  0.0664  0.3069  0.1478  0.2062  0.1278  1
194:   0.1202  0.0642  0.3220  0.1516  0.2248  0.1172  1
195:   0.1747  0.3066  0.1043  0.1481  0.1111  0.1553  1
196:   0.2220  0.0784  0.2012  0.1540  0.1576  0.1870  1
197:   0.2044  0.0978  0.1882  0.1546  0.1726  0.1826  1
198:   0.1402  0.0676  0.1368  0.2240  0.2384  0.1930  1
199:   0.1549  0.0520  0.2251  0.1793  0.2201  0.1687  1
200:   0.2230  0.0684  0.1520  0.1651  0.1768  0.2146  1
201:   0.1088  0.0410  0.2652  0.1902  0.2576  0.1372  1
202:   0.1292  0.0654  0.3054  0.1558  0.2192  0.1250  1
203:   0.1588  0.0542  0.1492  0.1984  0.2329  0.2064  1
204:   0.1128  0.0378  0.1487  0.2323  0.2687  0.1997  1
205:   0.0410  0.7280  0.0322  0.1354  0.0276  0.0358  1
