 1:   0.7183  0.0702  0.2115  1
 2:   0.7354  0.2494  0.0152  1
 3:   0.0284  0.9490  0.0226  1
 4:   0.8538  0.0062  0.1400  1
 5:   0.7864  0.2052  0.0084  1
 6:   0.4074  0.5700  0.0226  1
 7:   0.9786  0.0154  0.0060  1
 8:   0.6558  0.0062  0.3380  1
 9:   0.9244  0.0106  0.0650  1
10:   0.9050  0.0706  0.0244  1
11:   0.4114  0.0142  0.5744  1
12:   0.0144  0.0106  0.9750  1
13:   0.9676  0.0108  0.0216  1
14:   0.9166  0.0142  0.0692  1
15:   0.9766  0.0144  0.0090  1
16:   0.8581  0.1363  0.0056  1
17:   0.9660  0.0290  0.0050  1
18:   0.9106  0.0776  0.0118  1
19:   0.9494  0.0430  0.0076  1
20:   0.9824  0.0104  0.0072  1
21:   0.2000  0.0500  0.7499  1
22:   0.0030  0.0030  0.9940  1
23:   0.1546  0.0308  0.8146  1
24:   0.1557  0.0070  0.8373  1
25:   0.0288  0.0146  0.9566  1
26:   0.9632  0.0308  0.0060  1
27:   0.2796  0.0060  0.7144  1
28:   0.1226  0.0180  0.8594  1
29:   0.0274  0.0066  0.9660  1
30:   0.1736  0.0126  0.8138  1
31:   0.3426  0.0204  0.6370  1
32:   0.9754  0.0166  0.0080  1
33:   0.0800  0.0514  0.8686  1
34:   0.9546  0.0338  0.0116  1
35:   0.0118  0.0136  0.9746  1
36:   0.0128  0.9812  0.0060  1
37:   0.9636  0.0226  0.0138  1
38:   0.9814  0.0136  0.0050  1
39:   0.0080  0.0066  0.9854  1
40:   0.3113  0.0266  0.6621  1
41:   0.9740  0.0114  0.0146  1
42:   0.1378  0.0070  0.8552  1
43:   0.3169  0.0088  0.6743  1
44:   0.1144  0.0172  0.8684  1
45:   0.2597  0.0126  0.7277  1
46:   0.9832  0.0098  0.0070  1
47:   0.9188  0.0526  0.0286  1
48:   0.0050  0.0058  0.9892  1
49:   0.1358  0.8552  0.0090  1
50:   0.2814  0.7078  0.0108  1
51:   0.0202  0.9736  0.0062  1
52:   0.9510  0.0180  0.0310  1
53:   0.1588  0.8342  0.0070  1
54:   0.0074  0.9828  0.0098  1
55:   0.0126  0.9734  0.0140  1
56:   0.0564  0.9240  0.0196  1
57:   0.9336  0.0144  0.0520  1
58:   0.0820  0.9092  0.0088  1
59:   0.0208  0.0200  0.9592  1
60:   0.1168  0.0282  0.8550  1
61:   0.2864  0.0274  0.6862  1
62:   0.8890  0.0396  0.0714  1
63:   0.9578  0.0266  0.0156  1
64:   0.0290  0.9662  0.0048  1
65:   0.2409  0.7017  0.0574  1
66:   0.0312  0.8930  0.0758  1
67:   0.9320  0.0304  0.0376  1
68:   0.0112  0.9756  0.0132  1
69:   0.9692  0.0210  0.0098  1
70:   0.9660  0.0190  0.0150  1
71:   0.1420  0.5401  0.3179  1
72:   0.8914  0.0050  0.1036  1
73:   0.7654  0.0826  0.1520  1
74:   0.9596  0.0078  0.0326  1
75:   0.3654  0.0168  0.6178  1
76:   0.9444  0.0486  0.0070  1
77:   0.9570  0.0092  0.0338  1
78:   0.9120  0.0082  0.0798  1
79:   0.5791  0.3721  0.0488  1
80:   0.7780  0.2166  0.0054  1
81:   0.8880  0.0806  0.0314  1
82:   0.9740  0.0132  0.0128  1
83:   0.9496  0.0112  0.0392  1
84:   0.9194  0.0132  0.0674  1
85:   0.7537  0.0162  0.2302  1
86:   0.7546  0.0178  0.2276  1
87:   0.9754  0.0160  0.0086  1
88:   0.8828  0.0692  0.0480  1
