1:    0.220 0.074 0.705 1    
2:    0.016 0.252 0.732 1    
3:    0.024 0.947 0.029 1    
4:    0.150 0.006 0.844 1    
5:    0.009 0.202 0.789 1    
6:    0.023 0.569 0.408 1    
7:    0.006 0.016 0.977 1    
8:    0.338 0.007 0.656 1    
9:    0.068 0.011 0.921 1    
10:   0.023 0.071 0.906 1    
11:   0.574 0.015 0.411 1    
12:   0.975 0.011 0.014 1    
13:   0.022 0.011 0.967 1    
14:   0.072 0.014 0.914 1    
15:   0.009 0.014 0.977 1    
16:   0.006 0.134 0.861 1    
17:   0.005 0.029 0.966 1    
18:   0.012 0.077 0.912 1    
19:   0.008 0.044 0.948 1    
20:   0.007 0.011 0.981 1    
21:   0.745 0.048 0.206 1    
22:   0.994 0.003 0.003 1    
23:   0.807 0.029 0.164 1    
24:   0.829 0.007 0.163 1    
25:   0.955 0.015 0.030 1    
26:   0.006 0.029 0.966 1    
27:   0.716 0.006 0.278 1    
28:   0.855 0.019 0.127 1    
29:   0.966 0.007 0.027 1    
30:   0.801 0.013 0.186 1    
31:   0.638 0.020 0.342 1    
32:   0.008 0.017 0.975 1    
33:   0.863 0.053 0.084 1    
34:   0.012 0.035 0.953 1    
35:   0.974 0.014 0.012 1    
36:   0.006 0.981 0.013 1    
37:   0.014 0.025 0.961 1    
38:   0.005 0.013 0.981 1    
39:   0.986 0.006 0.008 1    
40:   0.655 0.024 0.321 1    
41:   0.015 0.012 0.973 1    
42:   0.848 0.007 0.145 1    
43:   0.671 0.009 0.321 1    
44:   0.865 0.017 0.118 1    
45:   0.725 0.013 0.262 1    
46:   0.007 0.010 0.983 1    
47:   0.029 0.051 0.920 1    
48:   0.989 0.006 0.005 1    
49:   0.009 0.853 0.138 1    
50:   0.011 0.703 0.286 1    
51:   0.007 0.972 0.021 1    
52:   0.032 0.019 0.949 1    
53:   0.007 0.832 0.161 1    
54:   0.010 0.982 0.008 1    
55:   0.015 0.972 0.013 1    
56:   0.019 0.925 0.056 1    
57:   0.052 0.014 0.933 1    
58:   0.009 0.909 0.082 1    
59:   0.957 0.021 0.021 1    
60:   0.849 0.030 0.120 1    
61:   0.684 0.029 0.287 1    
62:   0.073 0.041 0.886 1    
63:   0.016 0.026 0.958 1    
64:   0.005 0.965 0.030 1    
65:   0.059 0.702 0.238 1    
66:   0.076 0.892 0.032 1    
67:   0.039 0.031 0.930 1    
68:   0.013 0.975 0.011 1    
69:   0.010 0.022 0.968 1    
70:   0.015 0.019 0.966 1    
71:   0.320 0.544 0.137 1    
72:   0.106 0.005 0.888 1    
73:   0.153 0.084 0.764 1    
74:   0.035 0.008 0.958 1    
75:   0.616 0.017 0.367 1    
76:   0.007 0.048 0.945 1    
77:   0.035 0.009 0.956 1    
78:   0.084 0.009 0.908 1    
79:   0.048 0.369 0.582 1    
80:   0.006 0.218 0.777 1    
81:   0.032 0.083 0.885 1    
82:   0.013 0.013 0.974 1    
83:   0.040 0.012 0.949 1    
84:   0.072 0.014 0.914 1    
85:   0.236 0.018 0.747 1    
86:   0.233 0.018 0.749 1    
87:   0.009 0.016 0.975 1    
88:   0.050 0.070 0.880 1    
              
              
1:    0.724 0.209 0.067 1    
2:    0.733 0.015 0.252 1    
3:    0.027 0.023 0.949 1    
4:    0.845 0.148 0.007 1    
5:    0.783 0.008 0.209 1    
6:    0.408 0.022 0.570 1    
7:    0.979 0.006 0.015 1    
8:    0.655 0.339 0.006 1    
9:    0.926 0.063 0.011 1    
10:   0.901 0.026 0.074 1    
11:   0.393 0.592 0.015 1    
12:   0.015 0.974 0.011 1    
13:   0.966 0.022 0.011 1    
14:   0.914 0.072 0.014 1    
15:   0.978 0.009 0.014 1    
16:   0.857 0.005 0.137 1    
17:   0.968 0.005 0.027 1    
18:   0.910 0.012 0.078 1    
19:   0.947 0.008 0.045 1    
20:   0.982 0.008 0.010 1    
21:   0.194 0.755 0.051 1    
22:   0.003 0.994 0.003 1    
23:   0.153 0.816 0.031 1    
24:   0.155 0.837 0.007 1    
25:   0.029 0.956 0.014 1    
26:   0.963 0.006 0.031 1    
27:   0.271 0.723 0.006 1    
28:   0.119 0.863 0.018 1    
29:   0.028 0.966 0.006 1    
30:   0.171 0.817 0.012 1    
31:   0.333 0.645 0.022 1    
32:   0.976 0.008 0.016 1    
33:   0.078 0.870 0.052 1    
34:   0.953 0.012 0.035 1    
35:   0.012 0.974 0.014 1    
36:   0.013 0.006 0.981 1    
37:   0.964 0.014 0.022 1    
38:   0.982 0.005 0.013 1    
39:   0.008 0.986 0.007 1    
40:   0.308 0.665 0.026 1    
41:   0.974 0.015 0.011 1    
42:   0.140 0.854 0.007 1    
43:   0.316 0.676 0.009 1    
44:   0.114 0.868 0.017 1    
45:   0.252 0.736 0.013 1    
46:   0.983 0.007 0.010 1    
47:   0.917 0.029 0.054 1    
48:   0.005 0.989 0.006 1    
49:   0.141 0.009 0.850 1    
50:   0.290 0.011 0.700 1    
51:   0.021 0.006 0.972 1    
52:   0.951 0.032 0.018 1    
53:   0.161 0.007 0.831 1    
54:   0.008 0.010 0.982 1    
55:   0.012 0.015 0.973 1    
56:   0.056 0.020 0.924 1    
57:   0.928 0.057 0.015 1    
58:   0.078 0.009 0.913 1    
59:   0.020 0.960 0.020 1    
60:   0.114 0.858 0.028 1    
61:   0.287 0.687 0.026 1    
62:   0.883 0.075 0.042 1    
63:   0.957 0.015 0.028 1    
64:   0.030 0.005 0.965 1    
65:   0.242 0.058 0.700 1    
66:   0.032 0.079 0.889 1    
67:   0.933 0.036 0.031 1    
68:   0.012 0.014 0.975 1    
69:   0.969 0.010 0.021 1    
70:   0.966 0.015 0.019 1    
71:   0.148 0.318 0.534 1    
72:   0.891 0.104 0.005 1    
73:   0.751 0.161 0.088 1    
74:   0.958 0.034 0.008 1    
75:   0.363 0.620 0.017 1    
76:   0.943 0.007 0.050 1    
77:   0.957 0.033 0.009 1    
78:   0.910 0.082 0.008 1    
79:   0.588 0.048 0.364 1    
80:   0.773 0.005 0.221 1    
81:   0.884 0.032 0.084 1    
82:   0.973 0.013 0.014 1    
83:   0.951 0.038 0.011 1    
84:   0.916 0.071 0.013 1    
85:   0.749 0.235 0.016 1    
86:   0.748 0.233 0.019 1    
87:   0.975 0.009 0.016 1    
88:   0.881 0.049 0.069 1    
              
              
1:    0.706 0.075 0.219 1    
2:    0.735 0.250 0.015 1    
3:    0.028 0.949 0.023 1    
4:    0.855 0.006 0.139 1    
5:    0.782 0.209 0.009 1    
6:    0.411 0.567 0.022 1    
7:    0.978 0.016 0.006 1    
8:    0.654 0.006 0.339 1    
9:    0.925 0.011 0.064 1    
10:   0.905 0.071 0.024 1    
11:   0.417 0.014 0.569 1    
12:   0.015 0.011 0.974 1    
13:   0.968 0.011 0.022 1    
14:   0.916 0.015 0.069 1    
15:   0.976 0.015 0.009 1    
16:   0.851 0.144 0.006 1    
17:   0.965 0.030 0.005 1    
18:   0.910 0.078 0.012 1    
19:   0.951 0.042 0.008 1    
20:   0.982 0.011 0.007 1    
21:   0.208 0.050 0.742 1    
22:   0.003 0.003 0.994 1    
23:   0.155 0.031 0.813 1    
24:   0.160 0.007 0.833 1    
25:   0.029 0.015 0.956 1    
26:   0.962 0.032 0.006 1    
27:   0.281 0.006 0.712 1    
28:   0.126 0.018 0.856 1    
29:   0.028 0.007 0.966 1    
30:   0.176 0.013 0.811 1    
31:   0.348 0.020 0.632 1    
32:   0.976 0.016 0.008 1    
33:   0.081 0.054 0.865 1    
34:   0.956 0.033 0.012 1    
35:   0.012 0.014 0.974 1    
36:   0.013 0.981 0.006 1    
37:   0.962 0.023 0.014 1    
38:   0.981 0.014 0.005 1    
39:   0.008 0.007 0.985 1    
40:   0.310 0.029 0.661 1    
41:   0.974 0.012 0.014 1    
42:   0.140 0.007 0.853 1    
43:   0.317 0.009 0.674 1    
44:   0.117 0.018 0.866 1    
45:   0.263 0.013 0.724 1    
46:   0.983 0.010 0.007 1    
47:   0.915 0.057 0.029 1    
48:   0.005 0.006 0.989 1    
49:   0.136 0.856 0.009 1    
50:   0.278 0.710 0.012 1    
51:   0.021 0.972 0.006 1    
52:   0.951 0.018 0.031 1    
53:   0.160 0.833 0.007 1    
54:   0.007 0.983 0.010 1    
55:   0.013 0.974 0.014 1    
56:   0.059 0.922 0.019 1    
57:   0.933 0.015 0.052 1    
58:   0.085 0.906 0.009 1    
59:   0.022 0.021 0.957 1    
60:   0.117 0.029 0.855 1    
61:   0.294 0.026 0.681 1    
62:   0.890 0.039 0.071 1    
63:   0.957 0.027 0.016 1    
64:   0.029 0.966 0.005 1    
65:   0.244 0.699 0.057 1    
66:   0.034 0.889 0.077 1    
67:   0.933 0.030 0.037 1    
68:   0.011 0.976 0.013 1    
69:   0.969 0.021 0.010 1    
70:   0.967 0.018 0.015 1    
71:   0.143 0.539 0.318 1    
72:   0.887 0.005 0.107 1    
73:   0.768 0.082 0.150 1    
74:   0.959 0.008 0.033 1    
75:   0.366 0.017 0.617 1    
76:   0.943 0.050 0.007 1    
77:   0.955 0.010 0.035 1    
78:   0.913 0.008 0.078 1    
79:   0.573 0.379 0.048 1    
80:   0.776 0.218 0.005 1    
81:   0.884 0.085 0.031 1    
82:   0.974 0.013 0.013 1    
83:   0.950 0.011 0.039 1    
84:   0.920 0.014 0.066 1    
85:   0.751 0.016 0.233 1    
86:   0.752 0.018 0.229 1    
87:   0.975 0.016 0.009 1    
88:   0.880 0.073 0.047 1    
              
              
1:    0.062 0.740 0.197 1    
2:    0.245 0.740 0.015 1    
3:    0.948 0.031 0.021 1    
4:    0.006 0.868 0.126 1    
5:    0.202 0.790 0.008 1    
6:    0.570 0.408 0.022 1    
7:    0.015 0.979 0.006 1    
8:    0.006 0.659 0.335 1    
9:    0.010 0.925 0.065 1    
10:   0.066 0.910 0.024 1    
11:   0.013 0.425 0.561 1    
12:   0.010 0.013 0.976 1    
13:   0.010 0.970 0.020 1    
14:   0.014 0.921 0.065 1    
15:   0.015 0.977 0.009 1    
16:   0.132 0.863 0.005 1    
17:   0.029 0.966 0.005 1    
18:   0.076 0.912 0.012 1    
19:   0.040 0.953 0.007 1    
20:   0.010 0.983 0.007 1    
21:   0.050 0.195 0.755 1    
22:   0.003 0.003 0.994 1    
23:   0.030 0.152 0.818 1    
24:   0.007 0.146 0.847 1    
25:   0.014 0.028 0.957 1    
26:   0.030 0.964 0.006 1    
27:   0.006 0.286 0.709 1    
28:   0.017 0.121 0.862 1    
29:   0.006 0.026 0.968 1    
30:   0.012 0.163 0.825 1    
31:   0.019 0.346 0.635 1    
32:   0.017 0.976 0.008 1    
33:   0.048 0.077 0.876 1    
34:   0.033 0.956 0.011 1    
35:   0.013 0.011 0.976 1    
36:   0.982 0.012 0.006 1    
37:   0.021 0.965 0.014 1    
38:   0.014 0.981 0.005 1    
39:   0.006 0.008 0.986 1    
40:   0.027 0.306 0.667 1    
41:   0.011 0.975 0.014 1    
42:   0.007 0.128 0.865 1    
43:   0.008 0.314 0.678 1    
44:   0.017 0.109 0.874 1    
45:   0.012 0.262 0.726 1    
46:   0.009 0.984 0.007 1    
47:   0.047 0.925 0.028 1    
48:   0.005 0.005 0.989 1    
49:   0.859 0.132 0.009 1    
50:   0.709 0.280 0.010 1    
51:   0.975 0.019 0.006 1    
52:   0.017 0.952 0.031 1    
53:   0.835 0.158 0.007 1    
54:   0.983 0.007 0.009 1    
55:   0.975 0.013 0.013 1    
56:   0.924 0.056 0.020 1    
57:   0.014 0.939 0.048 1    
58:   0.906 0.085 0.008 1    
59:   0.018 0.020 0.962 1    
60:   0.025 0.114 0.861 1    
61:   0.028 0.281 0.691 1    
62:   0.038 0.893 0.068 1    
63:   0.026 0.960 0.015 1    
64:   0.967 0.028 0.004 1    
65:   0.699 0.246 0.055 1    
66:   0.897 0.029 0.074 1    
67:   0.030 0.933 0.037 1    
68:   0.976 0.011 0.013 1    
69:   0.020 0.970 0.009 1    
70:   0.019 0.966 0.015 1    
71:   0.541 0.142 0.317 1    
72:   0.005 0.897 0.098 1    
73:   0.076 0.785 0.139 1    
74:   0.007 0.962 0.030 1    
75:   0.016 0.367 0.617 1    
76:   0.046 0.947 0.007 1    
77:   0.009 0.959 0.032 1    
78:   0.008 0.919 0.073 1    
79:   0.370 0.581 0.049 1    
80:   0.212 0.783 0.005 1    
81:   0.073 0.898 0.029 1    
82:   0.013 0.975 0.012 1    
83:   0.011 0.951 0.038 1    
84:   0.012 0.925 0.063 1    
85:   0.016 0.763 0.221 1    
86:   0.017 0.763 0.220 1    
87:   0.016 0.976 0.008 1    
88:   0.065 0.890 0.045 1    
              
              
1:    0.073 0.715 0.212 1    
2:    0.248 0.737 0.015 1    
3:    0.951 0.027 0.022 1    
4:    0.006 0.857 0.137 1    
5:    0.204 0.788 0.008 1    
6:    0.574 0.402 0.024 1    
7:    0.015 0.979 0.006 1    
8:    0.006 0.655 0.339 1    
9:    0.010 0.925 0.065 1    
10:   0.071 0.904 0.025 1    
11:   0.014 0.410 0.575 1    
12:   0.010 0.015 0.975 1    
13:   0.011 0.967 0.022 1    
14:   0.014 0.918 0.068 1    
15:   0.014 0.977 0.009 1    
16:   0.135 0.860 0.006 1    
17:   0.030 0.965 0.005 1    
18:   0.079 0.909 0.011 1    
19:   0.044 0.949 0.007 1    
20:   0.010 0.983 0.007 1    
21:   0.051 0.197 0.752 1    
22:   0.003 0.003 0.994 1    
23:   0.033 0.149 0.819 1    
24:   0.007 0.154 0.839 1    
25:   0.015 0.028 0.958 1    
26:   0.032 0.962 0.006 1    
27:   0.006 0.282 0.712 1    
28:   0.018 0.120 0.862 1    
29:   0.007 0.028 0.965 1    
30:   0.013 0.172 0.815 1    
31:   0.021 0.344 0.635 1    
32:   0.017 0.975 0.008 1    
33:   0.050 0.080 0.870 1    
34:   0.033 0.956 0.011 1    
35:   0.013 0.012 0.976 1    
36:   0.981 0.013 0.006 1    
37:   0.022 0.965 0.013 1    
38:   0.014 0.981 0.005 1    
39:   0.007 0.008 0.986 1    
40:   0.027 0.311 0.661 1    
41:   0.011 0.974 0.015 1    
42:   0.007 0.136 0.857 1    
43:   0.009 0.317 0.674 1    
44:   0.017 0.114 0.869 1    
45:   0.012 0.260 0.728 1    
46:   0.010 0.983 0.007 1    
47:   0.054 0.918 0.028 1    
48:   0.006 0.005 0.989 1    
49:   0.859 0.132 0.009 1    
50:   0.717 0.273 0.010 1    
51:   0.974 0.019 0.006 1    
52:   0.018 0.953 0.029 1    
53:   0.839 0.154 0.007 1    
54:   0.983 0.007 0.010 1    
55:   0.974 0.012 0.013 1    
56:   0.925 0.055 0.020 1    
57:   0.014 0.934 0.051 1    
58:   0.911 0.080 0.009 1    
59:   0.020 0.021 0.959 1    
60:   0.029 0.119 0.852 1    
61:   0.028 0.283 0.688 1    
62:   0.038 0.892 0.070 1    
63:   0.026 0.958 0.016 1    
64:   0.968 0.028 0.005 1    
65:   0.707 0.234 0.058 1    
66:   0.898 0.029 0.073 1    
67:   0.030 0.932 0.039 1    
68:   0.976 0.011 0.013 1    
69:   0.021 0.969 0.010 1    
70:   0.020 0.965 0.015 1    
71:   0.543 0.140 0.317 1    
72:   0.005 0.892 0.103 1    
73:   0.083 0.760 0.157 1    
74:   0.008 0.961 0.031 1    
75:   0.017 0.364 0.619 1    
76:   0.049 0.944 0.007 1    
77:   0.009 0.957 0.034 1    
78:   0.008 0.910 0.082 1    
79:   0.378 0.571 0.051 1    
80:   0.214 0.780 0.006 1    
81:   0.078 0.889 0.033 1    
82:   0.013 0.975 0.013 1    
83:   0.011 0.948 0.041 1    
84:   0.013 0.922 0.065 1    
85:   0.015 0.759 0.226 1    
86:   0.017 0.760 0.223 1    
87:   0.016 0.976 0.008 1    
88:   0.069 0.881 0.049 1    
