1:    0.197 0.197 0.209 0.196 0.201 1    
2:    0.198 0.212 0.183 0.213 0.193 1    
3:    0.201 0.203 0.200 0.198 0.199 1    
4:    0.199 0.204 0.184 0.207 0.206 1    
5:    0.198 0.203 0.190 0.198 0.211 1    
6:    0.197 0.197 0.200 0.202 0.203 1    
7:    0.199 0.202 0.193 0.202 0.205 1    
8:    0.198 0.200 0.190 0.199 0.212 1    
9:    0.208 0.186 0.222 0.189 0.195 1    
10:   0.207 0.194 0.210 0.193 0.197 1    
11:   0.196 0.201 0.192 0.202 0.209 1    
12:   0.213 0.190 0.210 0.196 0.190 1    
13:   0.214 0.192 0.217 0.188 0.189 1    
14:   0.210 0.192 0.213 0.197 0.189 1    
15:   0.199 0.200 0.209 0.190 0.202 1    
16:   0.205 0.185 0.220 0.195 0.195 1    
17:   0.209 0.196 0.214 0.190 0.191 1    
18:   0.202 0.208 0.195 0.200 0.195 1    
19:   0.194 0.192 0.218 0.194 0.202 1    
20:   0.196 0.205 0.188 0.205 0.207 1    
21:   0.203 0.209 0.190 0.204 0.194 1    
22:   0.197 0.217 0.182 0.205 0.199 1    
23:   0.200 0.189 0.228 0.189 0.193 1    
24:   0.199 0.197 0.194 0.200 0.210 1    
25:   0.198 0.216 0.186 0.208 0.192 1    
26:   0.199 0.200 0.204 0.192 0.205 1    
27:   0.198 0.195 0.191 0.205 0.211 1    
28:   0.201 0.207 0.196 0.204 0.193 1    
29:   0.194 0.205 0.191 0.215 0.196 1    
30:   0.198 0.207 0.190 0.208 0.197 1    
31:   0.207 0.194 0.208 0.192 0.199 1    
32:   0.199 0.201 0.195 0.201 0.204 1    
33:   0.198 0.215 0.187 0.202 0.198 1    
34:   0.196 0.203 0.191 0.203 0.207 1    
35:   0.196 0.217 0.183 0.211 0.193 1    
36:   0.205 0.199 0.192 0.201 0.203 1    
37:   0.199 0.216 0.189 0.202 0.194 1    
38:   0.216 0.198 0.211 0.188 0.186 1    
39:   0.213 0.175 0.248 0.178 0.186 1    
40:   0.194 0.216 0.180 0.208 0.202 1    
41:   0.203 0.186 0.231 0.186 0.194 1    
42:   0.197 0.195 0.208 0.200 0.200 1    
43:   0.195 0.203 0.188 0.204 0.210 1    
44:   0.207 0.200 0.203 0.192 0.197 1    
45:   0.199 0.210 0.189 0.202 0.200 1    
46:   0.195 0.207 0.189 0.201 0.208 1    
47:   0.206 0.182 0.232 0.188 0.192 1    
48:   0.203 0.206 0.191 0.204 0.197 1    
49:   0.194 0.204 0.180 0.216 0.205 1    
50:   0.194 0.200 0.186 0.205 0.216 1    
51:   0.195 0.208 0.184 0.215 0.197 1    
52:   0.194 0.210 0.187 0.205 0.204 1    
53:   0.215 0.200 0.203 0.190 0.192 1    
54:   0.196 0.194 0.198 0.200 0.212 1    
                    
                    
1:    0.187 0.266 0.191 0.186 0.170 1    
2:    0.207 0.111 0.221 0.214 0.246 1    
3:    0.205 0.154 0.220 0.210 0.212 1    
4:    0.264 0.101 0.200 0.256 0.179 1    
5:    0.247 0.130 0.200 0.233 0.191 1    
6:    0.186 0.214 0.205 0.197 0.199 1    
7:    0.219 0.137 0.213 0.220 0.211 1    
8:    0.256 0.107 0.202 0.250 0.185 1    
9:    0.152 0.382 0.165 0.150 0.152 1    
10:   0.185 0.254 0.193 0.181 0.187 1    
11:   0.236 0.137 0.200 0.235 0.192 1    
12:   0.161 0.335 0.181 0.156 0.167 1    
13:   0.157 0.323 0.192 0.163 0.166 1    
14:   0.171 0.284 0.192 0.165 0.187 1    
15:   0.190 0.207 0.201 0.189 0.213 1    
16:   0.150 0.346 0.187 0.150 0.167 1    
17:   0.161 0.316 0.190 0.160 0.173 1    
18:   0.223 0.142 0.212 0.226 0.197 1    
19:   0.146 0.337 0.189 0.151 0.177 1    
20:   0.232 0.122 0.206 0.232 0.208 1    
21:   0.216 0.133 0.214 0.213 0.224 1    
22:   0.227 0.103 0.214 0.236 0.220 1    
23:   0.141 0.387 0.174 0.143 0.156 1    
24:   0.197 0.197 0.200 0.201 0.204 1    
25:   0.221 0.120 0.204 0.221 0.234 1    
26:   0.197 0.212 0.197 0.198 0.197 1    
27:   0.247 0.120 0.196 0.254 0.183 1    
28:   0.216 0.156 0.206 0.211 0.211 1    
29:   0.205 0.140 0.214 0.211 0.229 1    
30:   0.221 0.138 0.205 0.218 0.219 1    
31:   0.173 0.291 0.185 0.172 0.179 1    
32:   0.212 0.140 0.217 0.216 0.216 1    
33:   0.231 0.108 0.204 0.235 0.221 1    
34:   0.216 0.138 0.220 0.213 0.213 1    
35:   0.210 0.108 0.211 0.222 0.249 1    
36:   0.209 0.178 0.199 0.210 0.204 1    
37:   0.203 0.143 0.214 0.212 0.228 1    
38:   0.175 0.265 0.190 0.179 0.191 1    
39:   0.090 0.540 0.158 0.087 0.125 1    
40:   0.240 0.104 0.210 0.231 0.215 1    
41:   0.138 0.405 0.165 0.142 0.150 1    
42:   0.206 0.206 0.199 0.208 0.180 1    
43:   0.259 0.117 0.191 0.251 0.183 1    
44:   0.204 0.182 0.200 0.203 0.211 1    
45:   0.217 0.113 0.219 0.225 0.226 1    
46:   0.222 0.127 0.207 0.226 0.220 1    
47:   0.131 0.414 0.171 0.132 0.152 1    
48:   0.209 0.136 0.212 0.216 0.227 1    
49:   0.238 0.107 0.208 0.242 0.205 1    
50:   0.239 0.117 0.204 0.238 0.201 1    
51:   0.226 0.115 0.214 0.223 0.222 1    
52:   0.221 0.114 0.204 0.223 0.239 1    
53:   0.183 0.224 0.193 0.188 0.212 1    
54:   0.213 0.184 0.213 0.201 0.188 1    
                    
                    
1:    0.197 0.182 0.184 0.225 0.211 1    
2:    0.207 0.243 0.227 0.151 0.172 1    
3:    0.216 0.214 0.203 0.181 0.186 1    
4:    0.227 0.199 0.215 0.156 0.202 1    
5:    0.221 0.195 0.218 0.171 0.196 1    
6:    0.202 0.201 0.197 0.208 0.191 1    
7:    0.207 0.211 0.210 0.175 0.197 1    
8:    0.228 0.201 0.204 0.167 0.200 1    
9:    0.174 0.159 0.170 0.275 0.221 1    
10:   0.195 0.185 0.189 0.226 0.205 1    
11:   0.227 0.194 0.201 0.177 0.200 1    
12:   0.177 0.177 0.174 0.253 0.219 1    
13:   0.189 0.185 0.177 0.225 0.224 1    
14:   0.180 0.187 0.178 0.243 0.212 1    
15:   0.194 0.193 0.195 0.217 0.201 1    
16:   0.178 0.170 0.174 0.261 0.216 1    
17:   0.190 0.183 0.179 0.219 0.229 1    
18:   0.209 0.208 0.203 0.169 0.211 1    
19:   0.185 0.171 0.179 0.261 0.205 1    
20:   0.219 0.209 0.217 0.165 0.189 1    
21:   0.198 0.222 0.222 0.172 0.186 1    
22:   0.226 0.223 0.214 0.156 0.181 1    
23:   0.177 0.158 0.172 0.276 0.216 1    
24:   0.201 0.188 0.198 0.210 0.204 1    
25:   0.209 0.227 0.213 0.164 0.187 1    
26:   0.203 0.181 0.201 0.218 0.197 1    
27:   0.225 0.198 0.212 0.168 0.197 1    
28:   0.201 0.213 0.202 0.190 0.193 1    
29:   0.208 0.231 0.226 0.166 0.170 1    
30:   0.212 0.214 0.204 0.182 0.187 1    
31:   0.184 0.179 0.188 0.239 0.210 1    
32:   0.203 0.204 0.220 0.182 0.191 1    
33:   0.218 0.230 0.214 0.148 0.190 1    
34:   0.212 0.205 0.209 0.190 0.184 1    
35:   0.221 0.237 0.221 0.149 0.172 1    
36:   0.203 0.200 0.200 0.194 0.203 1    
37:   0.210 0.229 0.219 0.167 0.174 1    
38:   0.196 0.193 0.186 0.204 0.221 1    
39:   0.144 0.139 0.150 0.344 0.223 1    
40:   0.215 0.231 0.215 0.144 0.195 1    
41:   0.167 0.157 0.168 0.296 0.212 1    
42:   0.208 0.182 0.199 0.206 0.205 1    
43:   0.217 0.195 0.219 0.164 0.204 1    
44:   0.209 0.194 0.197 0.192 0.208 1    
45:   0.217 0.211 0.215 0.169 0.188 1    
46:   0.206 0.213 0.209 0.181 0.192 1    
47:   0.158 0.157 0.160 0.308 0.218 1    
48:   0.206 0.223 0.224 0.161 0.186 1    
49:   0.211 0.209 0.223 0.155 0.201 1    
50:   0.222 0.203 0.212 0.169 0.194 1    
51:   0.206 0.225 0.219 0.164 0.185 1    
52:   0.215 0.227 0.208 0.162 0.188 1    
53:   0.199 0.191 0.193 0.208 0.209 1    
54:   0.198 0.198 0.199 0.209 0.196 1    
                    
                    
1:    0.227 0.200 0.198 0.187 0.188 1    
2:    0.175 0.216 0.190 0.222 0.196 1    
3:    0.186 0.195 0.204 0.202 0.212 1    
4:    0.185 0.156 0.228 0.197 0.235 1    
5:    0.190 0.166 0.213 0.193 0.238 1    
6:    0.215 0.198 0.197 0.195 0.196 1    
7:    0.182 0.195 0.207 0.211 0.205 1    
8:    0.186 0.170 0.213 0.199 0.232 1    
9:    0.259 0.207 0.188 0.181 0.164 1    
10:   0.211 0.203 0.200 0.188 0.198 1    
11:   0.188 0.166 0.213 0.199 0.235 1    
12:   0.210 0.223 0.199 0.187 0.180 1    
13:   0.202 0.210 0.203 0.203 0.181 1    
14:   0.217 0.228 0.194 0.185 0.176 1    
15:   0.207 0.221 0.191 0.190 0.192 1    
16:   0.227 0.212 0.193 0.189 0.180 1    
17:   0.207 0.208 0.206 0.197 0.181 1    
18:   0.184 0.197 0.201 0.209 0.209 1    
19:   0.232 0.213 0.199 0.179 0.176 1    
20:   0.178 0.184 0.214 0.195 0.228 1    
21:   0.177 0.214 0.191 0.209 0.208 1    
22:   0.188 0.190 0.193 0.212 0.217 1    
23:   0.253 0.213 0.189 0.181 0.164 1    
24:   0.198 0.201 0.199 0.195 0.207 1    
25:   0.182 0.217 0.189 0.215 0.197 1    
26:   0.209 0.199 0.198 0.195 0.199 1    
27:   0.184 0.164 0.219 0.190 0.243 1    
28:   0.188 0.198 0.207 0.201 0.206 1    
29:   0.186 0.211 0.194 0.208 0.201 1    
30:   0.179 0.224 0.195 0.204 0.198 1    
31:   0.234 0.211 0.188 0.187 0.181 1    
32:   0.178 0.205 0.207 0.200 0.211 1    
33:   0.176 0.198 0.200 0.219 0.206 1    
34:   0.186 0.190 0.212 0.195 0.217 1    
35:   0.182 0.210 0.189 0.219 0.200 1    
36:   0.188 0.204 0.213 0.191 0.204 1    
37:   0.183 0.219 0.197 0.216 0.184 1    
38:   0.202 0.213 0.198 0.206 0.180 1    
39:   0.282 0.220 0.188 0.167 0.143 1    
40:   0.180 0.175 0.201 0.226 0.218 1    
41:   0.269 0.213 0.186 0.175 0.157 1    
42:   0.217 0.189 0.201 0.188 0.205 1    
43:   0.186 0.161 0.219 0.199 0.235 1    
44:   0.193 0.207 0.204 0.200 0.196 1    
45:   0.182 0.209 0.196 0.197 0.216 1    
46:   0.188 0.202 0.199 0.201 0.210 1    
47:   0.263 0.210 0.193 0.172 0.162 1    
48:   0.182 0.201 0.196 0.218 0.203 1    
49:   0.180 0.170 0.209 0.206 0.235 1    
50:   0.184 0.179 0.204 0.204 0.229 1    
51:   0.179 0.188 0.198 0.219 0.217 1    
52:   0.179 0.209 0.195 0.209 0.208 1    
53:   0.195 0.229 0.192 0.205 0.179 1    
54:   0.200 0.187 0.204 0.195 0.213 1    
                    
                    
1:    0.205 0.202 0.235 0.175 0.184 1    
2:    0.193 0.208 0.147 0.237 0.214 1    
3:    0.203 0.213 0.164 0.208 0.212 1    
4:    0.215 0.195 0.123 0.247 0.219 1    
5:    0.224 0.196 0.144 0.224 0.211 1    
6:    0.212 0.197 0.204 0.191 0.196 1    
7:    0.211 0.192 0.164 0.214 0.218 1    
8:    0.219 0.201 0.137 0.237 0.207 1    
9:    0.201 0.182 0.312 0.145 0.160 1    
10:   0.194 0.208 0.230 0.179 0.189 1    
11:   0.223 0.200 0.142 0.218 0.218 1    
12:   0.184 0.210 0.278 0.156 0.171 1    
13:   0.191 0.202 0.270 0.160 0.178 1    
14:   0.184 0.210 0.255 0.166 0.185 1    
15:   0.193 0.203 0.216 0.192 0.197 1    
16:   0.185 0.202 0.291 0.152 0.170 1    
17:   0.195 0.202 0.255 0.168 0.180 1    
18:   0.200 0.202 0.161 0.219 0.219 1    
19:   0.194 0.200 0.292 0.146 0.168 1    
20:   0.203 0.201 0.148 0.232 0.217 1    
21:   0.201 0.203 0.157 0.223 0.216 1    
22:   0.200 0.198 0.140 0.235 0.228 1    
23:   0.189 0.189 0.325 0.143 0.154 1    
24:   0.205 0.199 0.199 0.191 0.206 1    
25:   0.200 0.199 0.164 0.226 0.210 1    
26:   0.204 0.200 0.215 0.183 0.198 1    
27:   0.232 0.201 0.133 0.215 0.219 1    
28:   0.196 0.199 0.174 0.214 0.217 1    
29:   0.194 0.208 0.164 0.226 0.208 1    
30:   0.200 0.203 0.171 0.221 0.206 1    
31:   0.201 0.198 0.250 0.169 0.182 1    
32:   0.193 0.205 0.176 0.215 0.211 1    
33:   0.201 0.198 0.137 0.242 0.222 1    
34:   0.210 0.203 0.157 0.218 0.212 1    
35:   0.192 0.200 0.142 0.240 0.225 1    
36:   0.191 0.204 0.191 0.199 0.215 1    
37:   0.190 0.202 0.161 0.236 0.211 1    
38:   0.192 0.205 0.234 0.181 0.189 1    
39:   0.189 0.185 0.405 0.096 0.126 1    
40:   0.204 0.208 0.126 0.232 0.230 1    
41:   0.196 0.185 0.333 0.133 0.153 1    
42:   0.213 0.193 0.198 0.195 0.201 1    
43:   0.223 0.199 0.136 0.222 0.221 1    
44:   0.192 0.212 0.208 0.188 0.201 1    
45:   0.199 0.200 0.152 0.224 0.225 1    
46:   0.192 0.212 0.179 0.205 0.211 1    
47:   0.199 0.184 0.330 0.136 0.151 1    
48:   0.197 0.202 0.145 0.230 0.225 1    
49:   0.208 0.212 0.134 0.220 0.226 1    
50:   0.205 0.201 0.142 0.236 0.216 1    
51:   0.206 0.199 0.142 0.236 0.217 1    
52:   0.191 0.211 0.155 0.225 0.218 1    
53:   0.197 0.198 0.220 0.188 0.198 1    
54:   0.218 0.193 0.185 0.200 0.204 1    
