 1:   0.1664  0.1672  0.1668  0.1666  0.1664  0.1666  1
 2:   0.1669  0.1677  0.1661  0.1655  0.1675  0.1665  1
 3:   0.1661  0.1637  0.1685  0.1699  0.1653  0.1665  1
 4:   0.1660  0.1676  0.1660  0.1662  0.1664  0.1676  1
 5:   0.1672  0.1654  0.1672  0.1682  0.1656  0.1664  1
 6:   0.1663  0.1675  0.1659  0.1665  0.1675  0.1665  1
 7:   0.1676  0.1650  0.1680  0.1686  0.1654  0.1656  1
 8:   0.1658  0.1682  0.1654  0.1664  0.1674  0.1666  1
 9:   0.1662  0.1684  0.1658  0.1652  0.1672  0.1670  1
10:   0.1659  0.1671  0.1665  0.1665  0.1679  0.1661  1
11:   0.1656  0.1676  0.1660  0.1662  0.1682  0.1662  1
12:   0.1665  0.1667  0.1665  0.1663  0.1663  0.1677  1
13:   0.1682  0.1630  0.1692  0.1708  0.1640  0.1650  1
14:   0.1676  0.1632  0.1682  0.1700  0.1648  0.1662  1
15:   0.1662  0.1664  0.1666  0.1676  0.1668  0.1664  1
16:   0.1677  0.1631  0.1685  0.1695  0.1653  0.1659  1
17:   0.1668  0.1664  0.1664  0.1662  0.1670  0.1674  1
18:   0.1673  0.1649  0.1669  0.1673  0.1663  0.1673  1
19:   0.1663  0.1675  0.1665  0.1665  0.1663  0.1667  1
20:   0.1669  0.1677  0.1657  0.1655  0.1665  0.1675  1
21:   0.1658  0.1678  0.1660  0.1670  0.1676  0.1658  1
22:   0.1652  0.1692  0.1642  0.1650  0.1684  0.1678  1
23:   0.1673  0.1657  0.1661  0.1671  0.1665  0.1673  1
24:   0.1670  0.1646  0.1670  0.1680  0.1662  0.1670  1
25:   0.1662  0.1676  0.1660  0.1664  0.1666  0.1670  1
26:   0.1666  0.1662  0.1670  0.1666  0.1668  0.1668  1
27:   0.1672  0.1660  0.1670  0.1676  0.1660  0.1660  1
28:   0.1677  0.1649  0.1673  0.1687  0.1659  0.1655  1
29:   0.1668  0.1664  0.1674  0.1666  0.1664  0.1666  1
30:   0.1669  0.1623  0.1693  0.1715  0.1641  0.1659  1
31:   0.1674  0.1650  0.1674  0.1690  0.1648  0.1664  1
32:   0.1676  0.1610  0.1696  0.1730  0.1642  0.1648  1
33:   0.1666  0.1644  0.1678  0.1690  0.1658  0.1664  1
34:   0.1662  0.1678  0.1666  0.1660  0.1662  0.1672  1
35:   0.1654  0.1668  0.1660  0.1660  0.1682  0.1676  1
36:   0.1661  0.1653  0.1679  0.1665  0.1667  0.1673  1
37:   0.1668  0.1650  0.1678  0.1688  0.1656  0.1662  1
38:   0.1663  0.1693  0.1657  0.1649  0.1663  0.1673  1
39:   0.1661  0.1677  0.1669  0.1667  0.1665  0.1663  1
40:   0.1669  0.1681  0.1661  0.1655  0.1669  0.1663  1
41:   0.1662  0.1660  0.1672  0.1680  0.1658  0.1666  1
42:   0.1669  0.1637  0.1685  0.1687  0.1655  0.1665  1
43:   0.1665  0.1679  0.1665  0.1655  0.1675  0.1661  1
44:   0.1664  0.1658  0.1670  0.1676  0.1662  0.1670  1
45:   0.1666  0.1668  0.1662  0.1668  0.1662  0.1672  1
46:   0.1666  0.1650  0.1670  0.1686  0.1668  0.1660  1
47:   0.1674  0.1656  0.1676  0.1680  0.1654  0.1662  1
48:   0.1668  0.1650  0.1686  0.1686  0.1648  0.1664  1
49:   0.1666  0.1668  0.1668  0.1664  0.1666  0.1666  1
50:   0.1657  0.1683  0.1661  0.1663  0.1673  0.1663  1
51:   0.1668  0.1670  0.1668  0.1666  0.1656  0.1670  1
52:   0.1662  0.1668  0.1668  0.1654  0.1668  0.1678  1
53:   0.1672  0.1658  0.1670  0.1664  0.1668  0.1666  1
54:   0.1666  0.1642  0.1682  0.1680  0.1662  0.1666  1
55:   0.1665  0.1705  0.1649  0.1641  0.1675  0.1667  1
56:   0.1670  0.1666  0.1664  0.1668  0.1670  0.1662  1
57:   0.1670  0.1660  0.1668  0.1682  0.1658  0.1662  1
58:   0.1670  0.1672  0.1672  0.1668  0.1658  0.1662  1
59:   0.1678  0.1654  0.1678  0.1670  0.1654  0.1666  1
60:   0.1664  0.1660  0.1666  0.1662  0.1676  0.1674  1
61:   0.1663  0.1679  0.1669  0.1653  0.1669  0.1665  1
62:   0.1677  0.1655  0.1667  0.1671  0.1669  0.1659  1
63:   0.1651  0.1681  0.1657  0.1653  0.1683  0.1677  1
64:   0.1660  0.1690  0.1658  0.1648  0.1670  0.1674  1
65:   0.1660  0.1696  0.1652  0.1644  0.1674  0.1672  1
66:   0.1660  0.1682  0.1650  0.1644  0.1688  0.1674  1
67:   0.1665  0.1651  0.1673  0.1683  0.1657  0.1671  1
68:   0.1676  0.1652  0.1670  0.1684  0.1654  0.1664  1
69:   0.1656  0.1688  0.1658  0.1656  0.1676  0.1666  1
70:   0.1670  0.1630  0.1688  0.1696  0.1648  0.1668  1
71:   0.1656  0.1682  0.1654  0.1642  0.1692  0.1672  1
72:   0.1676  0.1646  0.1678  0.1686  0.1650  0.1664  1
73:   0.1669  0.1641  0.1679  0.1689  0.1657  0.1663  1
74:   0.1664  0.1682  0.1650  0.1642  0.1690  0.1670  1
75:   0.1659  0.1711  0.1645  0.1635  0.1675  0.1673  1
76:   0.1664  0.1678  0.1658  0.1654  0.1676  0.1670  1
77:   0.1662  0.1680  0.1656  0.1652  0.1680  0.1668  1
78:   0.1668  0.1646  0.1678  0.1686  0.1662  0.1660  1
79:   0.1670  0.1660  0.1676  0.1674  0.1658  0.1660  1
80:   0.1663  0.1675  0.1663  0.1665  0.1665  0.1669  1
81:   0.1669  0.1655  0.1675  0.1675  0.1655  0.1669  1
82:   0.1668  0.1654  0.1676  0.1668  0.1672  0.1664  1
83:   0.1670  0.1636  0.1688  0.1700  0.1642  0.1662  1
84:   0.1666  0.1656  0.1668  0.1678  0.1666  0.1666  1
85:   0.1664  0.1654  0.1670  0.1666  0.1680  0.1668  1
86:   0.1662  0.1672  0.1664  0.1652  0.1674  0.1674  1
87:   0.1654  0.1702  0.1646  0.1632  0.1692  0.1674  1
88:   0.1664  0.1676  0.1656  0.1654  0.1682  0.1670  1
89:   0.1678  0.1652  0.1676  0.1674  0.1660  0.1658  1
90:   0.1675  0.1615  0.1703  0.1721  0.1635  0.1649  1
